Demand,Avail_Sol,Avail_Wind_On,Avail_Wind_Off,Hyd_In,HydRoR_In
0.8368357376779457,0.0003855327,0.3456537362,0.7812748356,0.0,1323.0
0.8773328211197171,0.007429078,0.2691648946,0.6628425372000001,0.0,1323.0
0.8235295253647974,0.0,0.2646882753571429,0.509457939642857,0.0,1323.0
0.868510058355149,0.0060996187,0.20054602249999998,0.3598915344000001,0.0,1323.0
0.8503678988068472,0.0,0.245972818375,0.5905266221250001,0.0,1323.0
0.8231361407719572,0.0022790437499999997,0.4061136943333332,0.5688235445833334,0.0,1323.0
0.8670403591645932,0.0048557749090909095,0.1861615419090909,0.4329124074545454,0.0,1323.0
0.8253374407747223,0.0011706766923076923,0.12221148800000001,0.47481331330769233,0.0,1323.0
0.8680039317876129,0.002964435727272727,0.2791100871818182,0.7807279606363636,0.0,1323.0
0.8164415768512298,0.00036033450000000003,0.4588509701666667,0.750540891,0.0,1323.0
0.8633240503431341,0.0031382235,0.4096685013333334,0.4110702218333333,0.0,1323.0
0.7799686491622051,0.000312792,0.2942592340833333,0.5677829165,0.0,1323.0
0.8497971016325717,0.004919456125,0.2736679205,0.809471837625,0.0,1323.0
0.8441967025772854,0.0,0.5092575392500001,0.9217232325,0.0,1323.0
0.798791468373845,0.00508521775,0.6954681030833334,0.9304741093333332,0.0,1323.0
0.8519918472054734,0.11203125250000001,0.6807736543333333,0.8671012821666668,0.0,1323.0
0.8196287572031531,0.0,0.5115644953846155,0.7610552526923077,0.0,1323.0
0.8868539193810031,0.013060964599999999,0.6514919667999999,0.9208107534,0.0,1323.0
0.890377251346116,0.13427281083333334,0.5764260725,0.8294994689999999,0.0,1323.0
0.8856704627991342,0.0,0.5335365495,0.7120050521666667,0.0,1323.0
0.8311964390269417,0.0030421832500000003,0.4187893300833334,0.5477562065833333,0.0,1323.0
0.8816255908314664,0.04642893383333333,0.15328131016666666,0.32347021025000006,0.0,1323.0
0.8374482779608351,0.004033559333333333,0.11879683791666669,0.09493949791666668,0.0,1323.0
0.8840694174564926,0.02476460092307692,0.07528064261538461,0.03459630323076923,0.0,1323.0
0.842887845264011,0.0,0.041578203200000004,0.08167933879999999,0.0,1323.0
0.8911916011307676,0.008415655076923077,0.08434874061538461,0.24254292261538463,0.0,1323.0
0.8363701863452278,0.0,0.2040440700909091,0.4336784607272728,0.0,1323.0
0.8923902942600894,0.013501465923076923,0.2760604492307693,0.4727096878461539,0.0,1323.0
0.7999585184051,0.0014682733333333333,0.1854850659166667,0.3669559036666666,0.0,1323.0
0.8567691225325498,0.015118763999999998,0.13839718083333333,0.415218659,0.0,1323.0
0.8027229086002508,0.007358356846153847,0.20518045938461535,0.5752052459230769,0.0,1323.0
0.8585051635986152,0.014655696545454544,0.37120549599999997,0.7713648542727273,0.0,1323.0
0.846086778968074,0.001010373,0.49975375783333337,0.853043111,0.0,1323.0
0.897805556493127,0.0103728915,0.5259042648333333,0.8952565150833335,0.0,1323.0
0.8495102476977263,0.00150371025,0.6338548345,0.9314582755833333,0.0,1323.0
0.898695395839353,0.031451932333333335,0.719454215,0.9269651928333333,0.0,1323.0
0.8489604003357218,0.0,0.7318517496923077,0.9224136250769229,0.0,1323.0
0.9027091124477439,0.018228046833333334,0.551283041,0.9129554398333332,0.0,1323.0
0.9023152331019244,0.0393705996,0.4312271032,0.8116254470000002,0.0,1323.0
0.8941722382613863,0.0,0.3870901595,0.6670373896666666,0.0,1323.0
0.843060049171131,0.0013373346666666669,0.3500834391666667,0.43638758000000005,0.0,1323.0
0.8982533069196827,0.014022860428571428,0.2584491497142857,0.32378495957142855,0.0,1323.0
0.8906788378541093,0.0,0.17180099359999998,0.25540743359999996,0.0,1323.0
0.8549922058575866,0.003942340833333333,0.09846263541666668,0.12121706075000001,0.0,1323.0
0.8972944805613411,0.046671316333333344,0.07911781216666666,0.06674557033333334,0.0,1323.0
0.8911599086263632,0.0,0.09073813683333333,0.11250755833333333,0.0,1323.0
0.7984989231937546,0.0003122480909090909,0.10267876927272726,0.16165638263636362,0.0,1323.0
0.8619749850267026,0.055200091888888886,0.08925968255555555,0.08360193555555556,0.0,1323.0
0.8173651700311064,0.0001847784,0.08049321146666667,0.062112863600000005,0.0,1323.0
0.8630377351606153,0.039964846571428576,0.05936028228571428,0.109065225,0.0,1323.0
0.8687183320848378,0.0,0.06692291199999999,0.2001373685,0.0,1323.0
0.8540407441869794,0.0044260905,0.09759475116666666,0.34230841725,0.0,1323.0
0.9067603064707594,0.036929434750000004,0.072473868375,0.28401691900000003,0.0,1323.0
0.8571284373811466,0.0,0.16645628463636364,0.21546045536363634,0.0,1323.0
0.9149851566348702,0.032545338,0.1914249717142857,0.29907355428571425,0.0,1323.0
0.9093958444519125,0.019484623500000003,0.22552403833333332,0.4675979126666667,0.0,1323.0
0.8294824114216756,0.0,0.45388851999999996,0.7944704412727273,0.0,1323.0
0.8912982696024939,0.0036750464999999997,0.7524180665000001,0.9344780033333332,0.0,1323.0
0.8907725704007158,0.007104102333333334,0.7466807013333333,0.9057225079999999,0.0,1323.0
0.8096351053188511,0.0,0.7867830749166665,0.9244932245833333,0.0,1323.0
0.86369859055321,0.020163050545454544,0.823071663909091,0.9288258921818183,0.0,1323.0
0.8443617692859198,0.0,0.7809361858571429,0.920839101142857,0.0,1323.0
0.8133604384359847,0.0006430508,0.5853806245000001,0.7770132627999999,0.0,1323.0
0.867936385514036,0.077832685,0.341552655,0.5975619297142858,0.0,1323.0
0.8603158283559272,0.0,0.254916336,0.4166269821666666,0.0,1323.0
0.77391663110736,0.0006308076363636364,0.12038767745454546,0.21830804572727275,0.0,1323.0
0.836014344876553,0.05392262650000001,0.06848941316666667,0.2391265568333333,0.0,1323.0
0.8491493355788758,0.0,0.09042356885714285,0.24609799928571433,0.0,1323.0
0.787547058755053,0.0006048361818181818,0.07379457745454544,0.3094621844545455,0.0,1323.0
0.8482632932307237,0.029656028428571426,0.13498757714285714,0.5115547348571429,0.0,1323.0
0.8188381987565129,0.0,0.17235731007692306,0.38020114946153843,0.0,1323.0
0.8855114948259776,0.02098580309090909,0.154086624,0.22137019300000002,0.0,1323.0
0.8803521296085721,0.0,0.1916249055,0.36762951383333337,0.0,1323.0
0.8362086870129554,0.003396001166666666,0.18763850441666666,0.4444918941666667,0.0,1323.0
0.8931423089817324,0.04464767116666666,0.100395468,0.4076712241666667,0.0,1323.0
0.8780799480427983,0.0,0.07899859814285715,0.20906012199999996,0.0,1323.0
0.8509324993962367,0.013067827363636365,0.04885256309090909,0.1607746531818182,0.0,1323.0
0.8958533023524445,0.12891145566666667,0.09281281549999999,0.5377948343333333,0.0,1323.0
0.8777417398951894,0.000504759294117647,0.34333317141176467,0.8386769115294118,0.0,1341.0
0.960276060582942,0.039449465571428574,0.5426233194285713,0.8562663377142857,0.0,1357.0
0.8762354192505805,0.0,0.475093946076923,0.6840905191538462,0.0,1357.0
0.942944815498525,0.018434435500000002,0.3535497906666667,0.5459299173333333,0.0,1357.0
0.9532865929279964,0.042467852333333334,0.30011679183333334,0.5338761245,0.0,1357.0
0.9307058479904609,0.0,0.3046784822,0.5543442430000001,0.0,1357.0
0.8252762895516522,0.0011457247272727274,0.3432002377272727,0.5835438421818181,0.0,1357.0
0.9073178988054135,0.07731901942857143,0.33779778985714287,0.6303431058571428,0.0,1357.0
0.8699450229211866,0.0017837005294117647,0.3120216114117648,0.6946701309999999,0.0,1357.0
0.9129693984556063,0.100161947875,0.31951342437499997,0.5384043728750001,0.0,1357.0
0.8797419074532582,0.0,0.3665612270769231,0.42142957407692305,0.0,1357.0
0.9799804111154646,0.074088085,0.332573944,0.36045828599999996,0.0,1357.0
0.9771236753853714,0.20975844214285716,0.3354429212857143,0.34203489014285715,0.0,1357.0
0.9071412872030954,0.0,0.4676365092142857,0.5441039130714286,0.0,1357.0
0.976592666979642,0.053483970222222225,0.3433966168888889,0.5316466908888889,0.0,1357.0
0.9165987027541775,0.002147668470588235,0.291828407,0.2941944789411764,0.0,1357.0
0.9713719913942506,0.0882441794285714,0.15774740057142855,0.30708901614285716,0.0,1357.0
0.9574894488050604,0.0,0.17754039383333334,0.2962219516666667,0.0,1357.0
0.884717084313684,0.0062933394545454545,0.20837318445454545,0.3807034550909091,0.0,1357.0
0.9534147311866593,0.11147042542857144,0.3245894241428572,0.5678042715714285,0.0,1357.0
0.9682450805575211,0.0,0.42315028600000004,0.66614758875,0.0,1357.0
0.8875490802971286,0.007447031714285715,0.33863374007142866,0.6514106945714285,0.0,1357.0
0.9691946822672259,0.069830369,0.256810401,0.6312023037142857,0.0,1357.0
0.9246105781106517,0.0,0.2936441918333333,0.6320151339999999,0.0,1357.0
0.8301831781815523,0.0044184296,0.242450191,0.5878359891,0.0,1357.0
0.9028453026345885,0.07567626699999999,0.16493849257142856,0.5885935237142857,0.0,1357.0
0.9077735234344074,0.0,0.15090699966666665,0.5348746358333333,0.0,1357.0
0.8294922910802186,0.0035835820909090907,0.12090245809090909,0.39706633690909093,0.0,1357.0
0.9004507080100967,0.09315497885714286,0.09542964371428571,0.31615407428571424,0.0,1357.0
0.8916641073229206,0.0,0.200737103,0.4715646345714286,0.0,1357.0
0.8782073766459997,0.0037111939999999997,0.24491518569999998,0.6065795403,0.0,1357.0
0.959105602023963,0.06101631428571429,0.29833252242857144,0.6743998461428572,0.0,1357.0
0.938193054158201,0.0,0.3933682746666667,0.7882905313333334,0.0,1357.0
0.8679239539715765,0.011589270083333334,0.42845216825,0.8132639686666666,0.0,1357.0
0.9461419136604599,0.07801198071428571,0.4489889121428572,0.8430821517142857,0.0,1357.0
0.9066323203325898,0.0,0.4311229818333333,0.7865652490000001,0.0,1357.0
0.829614112472251,0.0,0.39495088814285717,0.6612097582857143,0.0,1357.0
0.9460197845222826,0.037743599249999996,0.34819418300000005,0.5661400402500001,0.0,1357.0
0.9461046398894509,0.11750892457142857,0.3207061344285714,0.5992374934285715,0.0,1357.0
0.8857079344172213,0.005102162,0.3474030830625,0.6419081534375,0.0,1357.0
0.9570153547072149,0.14823560514285714,0.3100112488571429,0.698223765,0.0,1357.0
0.9504194313057533,0.0,0.24827404349999996,0.7084333106666665,0.0,1357.0
0.8881082083885355,0.011393032583333332,0.140513914,0.49866462225,0.0,1357.0
0.9663512050696238,0.07048899328571427,0.05096350142857142,0.21681066142857142,0.0,1357.0
0.9211793791708761,0.0,0.05208120599999999,0.11869134283333332,0.0,1357.0
0.8365095089473681,0.01575153881818182,0.022365224727272728,0.08720493472727273,0.0,1357.0
0.9085925824482556,0.11566522675,0.019859504875000003,0.08542801937500001,0.0,1357.0
0.8517016993576608,0.005010855666666666,0.031936175,0.06362989113333334,0.0,1357.0
0.9091483925905112,0.114616434875,0.025156648499999996,0.0406834665,0.0,1357.0
0.879661115453771,0.0,0.07920879766666666,0.0928286735,0.0,1357.0
0.9781282445337518,0.1624998591818182,0.11015447145454547,0.17662955481818185,0.0,1357.0
0.9639437745183619,0.0,0.1794617425,0.27462872516666664,0.0,1357.0
0.9131078179702513,0.019789542583333333,0.11617852399999999,0.1679939441666667,0.0,1357.0
0.9795768300505381,0.15651712614285712,0.04513468285714285,0.056312393,0.0,1357.0
0.9416746715623209,0.0,0.0629242075,0.061887063500000006,0.0,1357.0
0.912036849831314,0.0152469148,0.0986279222,0.0677763455,0.0,1357.0
0.9837232427761694,0.201885633,0.12922961033333333,0.07662226066666666,0.0,1357.0
0.9134455875430098,0.004769868571428572,0.18838554957142856,0.1708776145,0.0,1357.0
0.9790272045438262,0.30013335222222226,0.12651718888888888,0.08926212233333333,0.0,1357.0
0.974150383522119,0.0,0.0955163075,0.04755312525,0.0,1357.0
0.9060987499801619,0.020098321083333332,0.12589424141666664,0.17397856458333336,0.0,1357.0
0.977326917981148,0.3152720627142857,0.11816740442857142,0.30755606785714285,0.0,1357.0
0.9475234747635684,0.00027481,0.24579867200000002,0.4213050902857142,0.0,1357.0
0.855318721403912,0.082481841,0.19401381500000003,0.29625095463636364,0.0,1357.0
0.9146054702404846,0.4372921216666667,0.17605808616666666,0.3163047511666667,0.0,1357.0
0.9158087183319515,0.0005612685,0.3409177903333333,0.5657301668333333,0.0,1357.0
0.853875445125587,0.0522986815,0.40710218766666667,0.6429096633333332,0.0,1357.0
0.9130606938409143,0.19734285362500004,0.362297949625,0.77169766275,0.0,1357.0
0.8885257119955903,0.0069033075,0.357978516,0.7797939056428572,0.0,1357.0
0.9790524084961559,0.25575129922222223,0.44153038599999994,0.7866929684444445,0.0,1357.0
0.9741647016207013,0.0,0.518899314,0.8844289094999999,0.0,1357.0
0.8992384957465721,0.01951505081818182,0.39788236909090907,0.8434045645454545,0.0,1357.0
0.9830933542584821,0.5506046445,0.22487366875,0.6244634495,0.0,1357.0
0.9493870339777238,0.0012018387142857143,0.273860886,0.6088401732857143,0.0,1357.0
0.912036849831314,0.0628470542,0.16419804450000003,0.41734187580000004,0.0,1357.0
0.9854172204235583,0.494430733,0.116349137375,0.354636913125,0.0,1357.0
0.9131916357233644,0.014451444533333333,0.19329940033333337,0.36586827006666656,0.0,2184.733333333333
0.9785220513272124,0.4336541686666667,0.04750169277777778,0.1303828038888889,0.0,2909.0
0.9120538281575835,0.0094881946,0.030479193333333328,0.1800855996666667,0.0,2909.0
0.9719242790207586,0.34814070275,0.017419998875000002,0.17763750075,0.0,2909.0
0.942162864402144,0.002094640428571429,0.07684637428571428,0.21059204514285712,0.0,2909.0
0.8336137530856543,0.01352321211111111,0.07066062744444444,0.10508324922222222,0.0,2909.0
0.9025820184031872,0.33467444837499993,0.03603642325,0.062695798125,0.0,2909.0
0.8621516817869467,0.007383799999999999,0.109826973,0.1107989096875,0.0,2909.0
0.9041156663888875,0.23009733899999998,0.06605791833333333,0.12880909200000001,0.0,2909.0
0.8748054036235611,0.0,0.14290604150000003,0.15130524308333332,0.0,2909.0
0.9761891328586666,0.15247240099999998,0.1105109812,0.2080133578,0.0,2909.0
0.9682343873138091,0.26924685957142863,0.07657814285714286,0.27402406542857144,0.0,2909.0
0.8990002529595359,0.0,0.22308457525,0.49622493175,0.0,2909.0
0.8918562040426421,0.016095071857142856,0.2566573188571429,0.5494487014285714,0.0,2909.0
0.9602371370597135,0.29903879314285714,0.19029757628571425,0.5202533445714286,0.0,2909.0
0.9396897987818646,0.01784332975,0.308277299875,0.5718869110000001,0.0,2909.0
0.8900873381942395,0.034963777555555554,0.3059871183333333,0.5122288233333333,0.0,2909.0
0.9644536026445296,0.49851146375000005,0.16700257337500002,0.38353661425,0.0,2909.0
0.9351482012108575,0.0071254467142857145,0.3558835614285714,0.5166321658571428,0.0,2909.0
0.896904444803647,0.07312826518181818,0.2653317254545455,0.4427650705454545,0.0,2909.0
0.96165079772314,0.21605527837499997,0.22885343887499998,0.497732437375,0.0,2909.0
0.8693481583410768,0.002733268357142857,0.36925301299999996,0.5428727614285713,0.0,2909.0
0.9405437914999365,0.0983014802857143,0.269902478,0.5017719755714286,0.0,2909.0
0.9132875995955763,0.0055931256250000005,0.31017915500000004,0.530555635125,0.0,2909.0
0.803190474396352,0.010108127,0.24703683950000005,0.4884876409,0.0,2909.0
0.8762005997382146,0.12860764633333335,0.17804994066666668,0.4140034206666667,0.0,2909.0
0.8787258848432833,0.006707709,0.19915647975,0.354955785625,0.0,2909.0
0.7972264078189202,0.007417094333333334,0.15294046466666666,0.2433017316666667,0.0,2909.0
0.8770792376038059,0.15217980066666664,0.1679793928888889,0.23258289655555556,0.0,2909.0
0.8466448125999382,0.0,0.15499923915384617,0.30187947523076925,0.0,2909.0
0.9427723017837131,0.08200093136363638,0.19080840972727273,0.5258579584545455,0.0,2909.0
0.8437582097708628,0.0,0.2578458573636364,0.4415440401818182,0.0,2909.0
0.9116940712166149,0.021486545,0.15030105033333332,0.435732811,0.0,2909.0
0.9345890529329858,0.049255007571428575,0.1927474997142857,0.7008269185714286,0.0,2909.0
0.9116226030423645,0.0,0.3462097556,0.8318670438,0.0,2909.0
0.8047807419995594,0.0,0.4856125837142858,0.8757532824285714,0.0,2909.0
0.9419492995916616,0.0769206038,0.6259732288000001,0.9209203734000001,0.0,2909.0
0.955439573628566,0.2629284778333333,0.6453420438333334,0.9039293801666667,0.0,2909.0
0.9455250373190142,0.016077264,0.5564788405000001,0.8633928525,0.0,2909.0
0.8787634803405384,0.0417168685,0.46002990629999996,0.6936333578,0.0,2909.0
0.96643442635042,0.5269587488888888,0.4104790073333333,0.5928048011111111,0.0,2909.0
0.9316489237466383,0.00024508633333333337,0.4581795240000001,0.708379129,0.0,2909.0
0.9010772712910606,0.0978182444,0.37590314649999995,0.6174114941000001,0.0,2909.0
0.9660890407180758,0.5740446435000001,0.324489577125,0.619546553875,0.0,2909.0
0.9264464335606896,0.0003226911666666667,0.43498179299999995,0.6743132135,0.0,2909.0
0.836677835373375,0.09795529030000001,0.2625230381,0.42079293809999996,0.0,2909.0
0.8894628677673256,0.5992368586666666,0.17154616883333332,0.36627188516666664,0.0,2909.0
0.9024037836550349,0.04530703414285714,0.3915060585714286,0.6994554237142856,0.0,2909.0
0.8210980134703009,0.10758685233333333,0.4837181956666667,0.8750503794166665,0.0,2909.0
0.8784896790570862,0.4637550938571429,0.6222444488571428,0.9110924568571429,0.0,2909.0
0.8826710399400127,0.0005411768,0.6207975363999999,0.9026822054,0.0,2909.0
0.8391246254784785,0.046973841300000006,0.4252707110999999,0.882947276,0.0,2909.0
0.9284027841022312,0.48520145685714283,0.19446256885714286,0.6961493639999999,0.0,2909.0
0.9567086376633464,0.11451639366666666,0.20010392033333332,0.6665811243333333,0.0,2909.0
0.8533881336527127,0.0,0.32253845160000005,0.7909978043999999,0.0,2909.0
0.9357372349392508,0.20098089333333333,0.3319176996666667,0.7034075679999999,0.0,2909.0
0.9599776952570964,0.5029224658571428,0.2640707480000001,0.4919342187142857,0.0,2909.0
0.9288847738617987,0.0009776158333333334,0.2144853635,0.5576928876666666,0.0,2909.0
0.8931371816296421,0.02569000466666667,0.42411215477777775,0.7023341664444445,0.0,2909.0
0.9562674960734212,0.2387704091111111,0.5523083907777778,0.7574872035555555,0.0,2909.0
0.8600604507391915,0.0004854836666666667,0.37073505391666667,0.6834060316666668,0.0,2909.0
0.9299757683938438,0.1305159466,0.2847232214,0.7241281082000001,0.0,2909.0
0.9346385589869932,0.2918624802857143,0.38161475514285714,0.8768245501428572,0.0,2909.0
0.8591170633194825,0.0006430915,0.40177732141666667,0.5924265669166667,0.0,2909.0
0.9478191547894232,0.2908104144,0.1546254526,0.213155237,0.0,2909.0
0.9492076929599509,0.5567462164285714,0.06855628071428571,0.04815891571428571,0.0,2909.0
0.9190010953472548,0.0017994005,0.10872054800000001,0.1953027698333333,0.0,2909.0
0.8218046429401948,0.04156492909090909,0.3357326006363637,0.7261318538181819,0.0,2909.0
0.8825454981847151,0.09948529411111112,0.5194060278888889,0.7814604961111111,0.0,2909.0
0.8114205037157382,0.016855077692307693,0.3171599714615384,0.6034732416153845,0.0,2909.0
0.8602648221617721,0.3850291062857143,0.19795985900000002,0.7025990294285716,0.0,2909.0
0.8920970054092595,0.1399651045,0.332229624,0.72602445075,0.0,2909.0
0.8671486693738333,0.057313317999999995,0.282078885076923,0.6580398797692308,0.0,2909.0
0.9536491760921145,0.6635009647777779,0.20968440711111114,0.4308681265555555,0.0,2909.0
0.907336840247504,0.0056053114,0.3267319098,0.4639091306,0.0,2909.0
0.8914138655104891,0.0811206546,0.21270962279999997,0.30049437619999997,0.0,2909.0
0.9545645818761572,0.590362209,0.12443506944444443,0.25318266477777773,0.0,2909.0
0.9110757194530196,0.0046883594,0.2477621478,0.38288479400000003,0.0,2909.0
0.8905908922786251,0.0690483237,0.1643998861,0.3150343747,0.0,2909.0
0.9419699714559078,0.6050273148749999,0.07537261987499999,0.20779784775,0.0,2909.0
0.9598260448435333,0.1309385515,0.1359148025,0.2670029065,0.0,2909.0
0.8851710503192943,0.04758517442857143,0.2414145506428571,0.35063226064285713,0.0,2909.0
0.9413093110188048,0.66595745425,0.281819191625,0.3686880495,0.0,2909.0
0.8862293402865988,0.039192144,0.35319082762500004,0.371470923,0.0,2909.0
0.9025610811539216,0.101295583375,0.172632829625,0.15275564275,0.0,2909.0
0.931527842417723,0.7172416755000001,0.02569331875,0.108035783875,0.0,2909.0
0.907195402901802,0.05702217983333333,0.0768457285,0.18132164833333334,0.0,2909.0
0.8243913444913218,0.0910382973,0.10050135089999998,0.1840579624,0.0,2909.0
0.8717776646299243,0.750498574625,0.029259362,0.10197745374999999,0.0,2909.0
0.8592040436321183,0.05797100166666667,0.06448559400000001,0.18668891566666668,0.0,2909.0
0.7261566120488124,0.01414914075,0.06640674525,0.215826625875,0.0,4469.0
0.8057858388461603,0.5497719697500001,0.07079556325,0.24347769475,0.0,4989.0
0.8083737791273868,0.5527103695000001,0.094278824625,0.27511579237500006,0.0,4989.0
0.7604616776455125,0.0012758795833333334,0.3095326990833333,0.4959732820833334,0.0,4989.0
0.8376032257351422,0.07993089433333334,0.443816426,0.7028314863333334,0.0,4989.0
0.8416069769439425,0.11895997614285714,0.4601829824285714,0.8203340664285715,0.0,4989.0
0.8245986885658354,0.007418455799999999,0.4576362194,0.877058068,0.0,4989.0
0.7577826000008363,0.006289408999999999,0.41084278888888887,0.8387653282222223,0.0,4989.0
0.8369570749037953,0.30525311225,0.48772667824999993,0.641416184,0.0,4989.0
0.8291533999163044,0.4399008528571429,0.583031806857143,0.4638801944285715,0.0,4989.0
0.8037737869799575,0.01883554,0.5007539592,0.469254953,0.0,4989.0
0.7791238771983904,0.0766256645,0.33640461050000003,0.4580884704999999,0.0,4989.0
0.8215546809400962,0.64029772025,0.16311539775,0.57965885875,0.0,4989.0
0.8242217029507075,0.2078887558333333,0.37382854550000005,0.7811785356666667,0.0,4989.0
0.7758260270978443,0.0,0.591237775,0.8155230977500001,0.0,4989.0
0.7610261553539944,0.01352633,0.2497917021,0.29760182220000003,0.0,4989.0
0.8189743963867443,0.16321813366666668,0.06544744866666667,0.22753904983333337,0.0,4989.0
0.8187620042758758,0.09123268074999999,0.25473926275000003,0.43004280824999996,0.0,4989.0
0.7715120108804895,0.0,0.39675871674999996,0.60910647,0.0,4989.0
0.75241067172188,0.0037623925555555554,0.39976418533333324,0.4681806491111111,0.0,4989.0
0.8259044098716357,0.041161305499999995,0.28438724849999997,0.482465763,0.0,4989.0
0.8265890274776754,0.16562103599999997,0.21374724128571426,0.6600507168571428,0.0,4989.0
0.8311716209893989,0.0463201885,0.34020645699999996,0.835095396,0.0,4989.0
0.7651375053884586,0.0,0.542506724,0.9095900807999999,0.0,4989.0
0.7088689339848457,0.0010322316666666667,0.5860943598333332,0.8041081343333333,0.0,4989.0
0.7853892627104404,0.44675595325,0.40177790574999994,0.61118432575,0.0,4989.0
0.7873314472887795,0.6371539926666667,0.504228392,0.8304456981666667,0.0,4989.0
0.8101927855673449,0.138719073,0.5047178636666666,0.8865464563333334,0.0,4989.0
0.7316330190276645,0.00018545657142857142,0.4318815217142857,0.7707101745714287,0.0,4989.0
0.714425795255816,0.017570977800000002,0.2284426458,0.2676069054,0.0,4989.0
0.7845778518433774,0.395788677,0.06562710725,0.169163637,0.0,4989.0
0.7749859175091687,0.5221768076666667,0.034109991166666666,0.09701897616666666,0.0,4989.0
0.7514300914579523,0.012796426538461537,0.1668386704615385,0.27304855415384616,0.0,4989.0
0.8151576774947922,0.1289152774,0.11157281459999999,0.29548560479999997,0.0,4989.0
0.809551180523883,0.26630463866666665,0.2706202483333333,0.599040272,0.0,4989.0
0.7718825900791582,0.027062523625,0.55423538325,0.785453914,0.0,4989.0
0.7681488225442541,0.02455567783333333,0.5247412976666667,0.781722984,0.0,4989.0
0.8270274144513196,0.49981521925,0.2784583395,0.45880294175,0.0,4989.0
0.813188481198233,0.630056297375,0.132245463125,0.32492944562500004,0.0,4989.0
0.7738347170366969,0.047403392615384614,0.11558112538461537,0.347500804,0.0,4989.0
0.8129325495627844,0.6974120756,0.123301153,0.41929786159999993,0.0,4989.0
0.7776375115973596,0.046647925,0.14430689992857143,0.1946721814285714,0.0,4989.0
0.807666014521877,0.6321732989,0.0351445082,0.09507054679999999,0.0,4989.0
0.7878270959695387,0.029612606399999998,0.11263607540000001,0.1145732562,0.0,4989.0
0.7710119424402909,0.1242746401,0.0632315052,0.1599707918,0.0,4989.0
0.7998684912388984,0.8374707245714286,0.030922237714285712,0.19924330014285713,0.0,4989.0
0.8057610052296093,0.2700402225,0.1247219275,0.30578817975,0.0,4989.0
0.73394903764507,0.05749068433333334,0.3297711185833333,0.5525513024166666,0.0,4989.0
0.751057258715856,0.8120399723749999,0.14283958487499998,0.5090480574999999,0.0,4989.0
0.7669334393432015,0.24565983875000003,0.192701043,0.39049043225,0.0,4989.0
0.7204330331721953,0.0052424223,0.1212230267,0.12819007,0.0,4989.0
0.7644642097764456,0.45179165725000003,0.115950414,0.17827938525,0.0,4989.0
0.7613021535579817,0.6236181029999999,0.08131307911111112,0.2258235038888889,0.0,4989.0
0.7428332417570048,0.014282317916666667,0.16527535008333336,0.18073908083333334,0.0,4989.0
0.811290565023226,0.2528442736666667,0.028467126666666665,0.06521901466666667,0.0,4989.0
0.8033343308963115,0.3464657402222222,0.03524566544444444,0.04442327066666667,0.0,4989.0
0.7522461768090557,0.016458070153846153,0.07393574561538462,0.10512253099999999,0.0,4989.0
0.8104642612234372,0.232199371125,0.073546739125,0.258796167375,0.0,4989.0
0.8104346980231759,0.0845349725,0.18007833825,0.45650713625,0.0,4989.0
0.745451894395216,0.020397210363636363,0.17501804327272727,0.31165967290909086,0.0,4989.0
0.8069516800193179,0.51561176375,0.0423421645,0.13378705225,0.0,4989.0
0.7920795376103491,0.6160801166000001,0.0330838476,0.212163318,0.0,4989.0
0.8043320875960238,0.13509240825000002,0.1115875345,0.35468311175,0.0,4989.0
0.7313840117247296,0.0055995431,0.1967408059,0.5464942544,0.0,4989.0
0.812993646160766,0.34465575033333334,0.17649473633333335,0.65961126,0.0,4989.0
0.7837098905830476,0.7613024939999999,0.147549503,0.47422032362500005,0.0,4989.0
0.7815480352665423,0.268617315,0.2995191655,0.3577134005,0.0,4989.0
0.7475174992127562,0.0062711612,0.2562975196,0.2832164344,0.0,4989.0
0.7614162806833285,0.03322679322222222,0.19804568311111112,0.5781439073333333,0.0,4989.0
0.7792109857521425,0.44069788422222217,0.17966134366666664,0.3942787197777778,0.0,4989.0
0.7524402508294029,0.0154375772,0.1486031464,0.3609440514,0.0,4989.0
0.700129712156818,0.0364453083,0.1966989292,0.6268857051000001,0.0,4989.0
0.7656623923232239,0.42143923585714277,0.279544299,0.5590057285714286,0.0,4989.0
0.7799395786806456,0.12102580575,0.2228744015,0.5607015175000001,0.0,4989.0
0.7147609812414315,0.04006706576923077,0.15713802015384618,0.5448922666923076,0.0,4989.0
0.7866997985081513,0.328944154125,0.04147838775,0.23019931525,0.0,4989.0
0.7998312442640814,0.1400118115,0.030585638499999998,0.1071568015,0.0,4989.0
0.7476653025400729,0.008289001636363636,0.07272426536363637,0.15379203363636362,0.0,4989.0
0.8191501563614209,0.21784577833333332,0.069338968,0.463118742,0.0,4989.0
0.8099695396708235,0.3987158055999999,0.1504217851,0.5711389783,0.0,4989.0
0.760763168709936,0.023499544357142854,0.5086349880000001,0.8292609365714287,0.0,4989.0
0.8085810739326357,0.16816424149999998,0.49455401100000007,0.814004625625,0.0,4989.0
0.8036891368180272,0.04708399725,0.43746574375,0.78341188375,0.0,4989.0
0.7283462680274431,0.0028418973333333335,0.2710605533333333,0.48702375155555555,0.0,4989.0
0.8123294451152759,0.17376465400000002,0.14720439940000002,0.4312206828,0.0,4989.0
0.80939496108046,0.3050109935,0.13653705325,0.3908864025,0.0,4989.0
0.7607501818908318,0.07213298478571428,0.13055755728571425,0.2827166802142857,0.0,4989.0
0.806474302342159,0.5859286505,0.097407165875,0.20602791325,0.0,4989.0
0.7825181106216177,0.09118672316666666,0.16524746483333333,0.2930403985,0.0,4989.0
0.7473111057912116,0.0412202135,0.12587934975,0.16460082750000002,0.0,4989.0
0.8095783141022523,0.59435899325,0.028339158500000003,0.14153176225,0.0,4989.0
0.7994708425918469,0.6821668876,0.0404835872,0.21600166180000002,0.0,4989.0
0.8066997762088071,0.22663427200000003,0.056893368,0.30348716325,0.0,4989.0
0.725950017661668,0.08437870053846153,0.06332659869230768,0.20854981899999997,0.0,4989.0
0.7721212672022194,0.512048938,0.0433166133,0.26088438070000003,0.0,4989.0
0.7255458298759886,0.07553976192857144,0.09546113507142857,0.25898332635714283,0.0,4989.0
0.7827329220743169,0.33689533229999996,0.0285977123,0.0405476195,0.0,4989.0
0.7317623836736006,0.008911106700000001,0.08656473890000001,0.0489244966,0.0,4989.0
0.8190301226765246,0.231211917,0.052547741800000006,0.044311544800000005,0.0,4989.0
0.7967304128100335,0.4997898511250001,0.028031139625,0.08597263925000001,0.0,4989.0
0.6961068391348042,0.017557527166666666,0.2444797485,0.5168597106666667,0.0,3395.6666666666665
0.7750996559825468,0.1472053716,0.32280396620000007,0.7459424882000001,0.0,1165.0
0.7757438207352251,0.145111629,0.45926361771428575,0.6360365908571428,0.0,1165.0
0.6884234496107182,0.005070504833333334,0.5189329486666666,0.7427306023333333,0.0,1165.0
0.7745634449725838,0.062302196500000004,0.38627570475,0.6609090677499999,0.0,1165.0
0.7732808548230053,0.21555121042857142,0.27343006171428574,0.5177184742857143,0.0,1165.0
0.7654543263012398,0.034207057,0.209120747,0.43144071875,0.0,1165.0
0.6835201859910524,0.021056816363636363,0.13748249536363633,0.27797434727272724,0.0,1165.0
0.7655525340768918,0.26153983137500003,0.095891924125,0.33995726862500003,0.0,1165.0
0.7661022413640932,0.06526348666666668,0.2404784293333333,0.542917568,0.0,1165.0
0.6851209709896171,0.010310269230769229,0.5548251227692307,0.8130334063846154,0.0,1165.0
0.7745739566348783,0.126560536,0.5421134256666666,0.7373871993333333,0.0,1165.0
0.7725399041184857,0.198111499,0.359230974,0.5419256428571428,0.0,1165.0
0.7302254562753947,0.014526952400000001,0.17975417500000002,0.3009415016,0.0,1165.0
0.646772712405181,0.09197165027272729,0.13086419545454542,0.16807413572727273,0.0,1165.0
0.6974684364347549,0.514793122875,0.097033618125,0.42993315475,0.0,1165.0
0.672262088515377,0.04702539642857143,0.20359184257142857,0.5462899128571428,0.0,1165.0
0.6336335501212226,0.12691003214285715,0.2752976637142857,0.7210708968571428,0.0,1165.0
0.6865552964276357,0.6044954305000001,0.2324226855,0.8101110025,0.0,1165.0
0.6936161597919888,0.5973556525555557,0.35414265911111115,0.6752992016666668,0.0,1165.0
0.663095307307569,0.018829660166666668,0.370717864,0.4368869793333334,0.0,1165.0
0.6927822658604109,0.11943667242857144,0.13877181614285714,0.3095193664285714,0.0,1165.0
0.7577214418510095,0.4902781655,0.0927761315,0.5550934455000001,0.0,1165.0
0.7617741484619965,0.46192367333333334,0.30235478788888887,0.7203817341111112,0.0,1165.0
0.6630020259591678,0.033839374909090905,0.45253496063636356,0.6208072391818181,0.0,1165.0
0.7612479066244289,0.4686226454,0.0851964368,0.22704629440000001,0.0,1165.0
0.7591919054692555,0.7728874478333333,0.05774840683333334,0.16344119266666665,0.0,1165.0
0.7250147631736548,0.1386655195,0.11100359433333333,0.288748676,0.0,1165.0
0.6774534878715961,0.11405739566666667,0.31984678666666666,0.7694381180000001,0.0,1165.0
0.7587456399834521,0.81229009175,0.247237116375,0.804957730875,0.0,1165.0
0.7505500806206801,0.28554132120000003,0.33550584940000006,0.7931561994,0.0,1165.0
0.6575224621234645,0.03122428188888889,0.4171238402222222,0.8156571085555555,0.0,1165.0
0.7628055694012993,0.49564960166666666,0.17114626933333332,0.702092386,0.0,1165.0
0.7599532733685012,0.8761719801428571,0.19648161314285711,0.4774030297142858,0.0,1165.0
0.7520971434194734,0.295642025,0.262366235,0.44414952679999997,0.0,1165.0
0.6369334612553408,0.0003421268571428571,0.362382835,0.7309165915714286,0.0,1165.0
0.733189724096724,0.354894307,0.16110401119999998,0.6344570838,0.0,1165.0
0.7678162895279932,0.8685163225714285,0.09740692214285715,0.3905604405714285,0.0,1165.0
0.7574662613217544,0.2940642888,0.11570569420000001,0.3413761642,0.0,1165.0
0.6157117843113004,0.029914378999999998,0.11279797866666666,0.3394913718888889,0.0,1165.0
0.6618295604969543,0.48320778966666666,0.033648736000000005,0.273266873,0.0,1165.0
0.7126582955755332,0.8519739228333334,0.0231013655,0.1899798503333333,0.0,1165.0
0.717689014346389,0.40453564560000005,0.029303836000000007,0.1390124262,0.0,1165.0
0.6223391691362579,0.0334615016,0.0320617053,0.0769705179,0.0,1165.0
0.6738681089924702,0.5544366574999999,0.00949912875,0.05902569125,0.0,1165.0
0.7346352293934078,0.6880364457777778,0.021683753333333333,0.03844978,0.0,1165.0
0.6560210918817744,0.04415849772727273,0.0797045859090909,0.11918168990909091,0.0,1165.0
0.7736264812625544,0.55505848475,0.0145163025,0.0827468885,0.0,1165.0
0.8271663699828465,0.8672887473333333,0.04106400016666666,0.14613567183333334,0.0,1165.0
0.7893604604120779,0.2961480928,0.1194545884,0.251425905,0.0,1165.0
0.6676823206864582,0.09807910254545456,0.10804430345454548,0.13693692236363636,0.0,1165.0
0.822514058014768,0.7508838729999999,0.033275804222222226,0.14590108333333332,0.0,1165.0
0.7883765357771516,0.20710752850000003,0.11461070675000001,0.30217771475,0.0,1165.0
0.6465055820108062,0.036120035333333335,0.15816009777777776,0.23429534533333335,0.0,1165.0
0.7780168949149047,0.6073754396,0.0222236098,0.0333789498,0.0,1165.0
0.7985421798307326,0.597778335625,0.035332732375,0.060007074125000004,0.0,1165.0
0.7094382604017422,0.046360019,0.070586644,0.21742001725,0.0,1165.0
0.6539126402579601,0.077531399,0.159961195625,0.6410724298749999,0.0,1165.0
0.764743388157956,0.6619951035,0.12315790225,0.63865856725,0.0,1165.0
0.7705406217453382,0.6552438972857144,0.1844138462857143,0.7013876752857143,0.0,1165.0
0.752789335826655,0.12357048266666666,0.23766098333333333,0.6337032653333333,0.0,1165.0
0.6675348639548929,0.08234213572727273,0.29763475154545455,0.5527556451818182,0.0,1165.0
0.7586920489417789,0.693244929,0.3487202428888889,0.5915525515555555,0.0,1165.0
0.720464550120775,0.15044747233333336,0.303081812,0.49841898000000007,0.0,1165.0
0.6050885391651757,0.051138545714285714,0.21657558585714284,0.4139462681428571,0.0,1165.0
0.6681636928587609,0.5678663722499999,0.09391811575,0.1333837385,0.0,1165.0
0.6946739634778802,0.6531205683333332,0.1462794672222222,0.3363229371111111,0.0,1165.0
0.6354416636426666,0.06798781858333333,0.18686685575000006,0.3367513235,0.0,1165.0
0.6769388100974103,0.542887884,0.06554788300000002,0.15603961333333335,0.0,1165.0
0.7021542153083192,0.7183193948333333,0.2002781875,0.4265091476666667,0.0,1165.0
0.705245851390803,0.15586355820000003,0.2248842774,0.7066325978,0.0,1165.0
0.6434531670838024,0.03792376788888888,0.398491712,0.6984399037777778,0.0,1165.0
0.7653536187668962,0.62513041,0.23240703420000003,0.5413680731999999,0.0,1165.0
0.7854110112814087,0.7696744667142859,0.2974021357142857,0.5403424212857143,0.0,1165.0
0.7058696158958577,0.09379709933333334,0.20036052716666664,0.4724508391666667,0.0,1165.0
0.6408840319525347,0.06213683183333333,0.10427252450000002,0.3353945658333333,0.0,1165.0
0.7671508388807957,0.561119209,0.059484196749999996,0.3438391505,0.0,1165.0
0.7864085729160084,0.6734528932500001,0.11677922425000001,0.33899336750000003,0.0,1165.0
0.6734707245990433,0.04076665916666666,0.21455633100000002,0.4507297540000001,0.0,1165.0
0.7622681850054424,0.46223047824999997,0.20381103725,0.5646191175,0.0,1165.0
0.7811724174570793,0.8307737600000001,0.261996787,0.6482259458333334,0.0,1165.0
0.7651083341070681,0.306107965,0.24958977520000003,0.5413211812000001,0.0,1165.0
0.6367221568990411,0.020210994125,0.21636379925000004,0.397170414625,0.0,1165.0
0.7512580165900707,0.40498146375,0.042374303,0.25622964675000004,0.0,1165.0
0.7614320853353967,0.6557912244444445,0.06521638033333334,0.29587307166666665,0.0,1165.0
0.6736785748454358,0.07249309991666666,0.08313236141666666,0.3276951911666667,0.0,1165.0
0.7620835362426217,0.6302308431999999,0.07927730960000001,0.49570010160000005,0.0,1165.0
0.7723489746408869,0.7705622894285715,0.18173456985714287,0.5862113774285714,0.0,1165.0
0.7524811142659275,0.18313700099999997,0.27926645833333336,0.5803230243333334,0.0,1165.0
0.613671449889684,0.0667648569,0.2959209958,0.3762552805,0.0,1165.0
0.6766606799903736,0.498932464,0.1253269095,0.2387213295,0.0,1165.0
0.7196860395512371,0.774871322,0.2056039427142857,0.19042020500000004,0.0,1165.0
0.7215811482266857,0.26365500059999997,0.2432574572,0.1984957488,0.0,1165.0
0.6095219903601095,0.029099404222222222,0.30680779077777776,0.570231139888889,0.0,1165.0
0.6677057267561816,0.5154306405,0.14074134425,0.44713645300000004,0.0,1165.0
0.6992853869927083,0.8628355793333333,0.1489428595,0.3846325428333333,0.0,1165.0
0.7070852463706814,0.3314174832,0.11087005379999999,0.33029946839999996,0.0,1165.0
0.6555493327626319,0.0743303878,0.1028119175,0.37184878950000005,0.0,1165.0
0.7638765710950239,0.68324431975,0.08007128525,0.36048687775,0.0,1165.0
0.7751822860629293,0.805453052,0.16277097316666667,0.461309827,0.0,1165.0
0.759801619605414,0.258556252,0.25247001275000003,0.5409621295,0.0,1165.0
0.645718251069757,0.045248145999999996,0.35618963344444443,0.5771916112222223,0.0,1165.0
0.76431686679864,0.4895491966666667,0.27233552666666666,0.5224982186666667,0.0,1165.0
0.7969828633812108,0.7135839925000002,0.6114590181999999,0.6640997643000001,0.0,1165.0
0.6694046217786705,0.06446541281818181,0.6024385507272728,0.8148900154545454,0.0,1165.0
0.7625302404937386,0.4453862096666667,0.37450616733333336,0.5365314099999999,0.0,1165.0
0.7673303142368114,0.6856750309999999,0.4157132277142857,0.4783067791428572,0.0,1165.0
0.7587932862075607,0.283669293,0.4550534396,0.5184866523999999,0.0,1165.0
0.6366087215832644,0.025898426874999998,0.24570235262499998,0.5496199436250001,0.0,1165.0
0.750897377762605,0.40837254824999997,0.04905826775,0.21517632675,0.0,1165.0
0.7599924318050126,0.8306216878571429,0.03873362028571429,0.08649352471428572,0.0,1165.0
0.7538914719027039,0.325517011,0.0496000566,0.1498225628,0.0,1165.0
0.6476667052697471,0.04177243688888889,0.2660659914444445,0.6034490548888889,0.0,1232.7777777777778
0.7610095347300916,0.48879183024999995,0.3128924485,0.59646425775,0.0,1287.0
0.769991228810964,0.647777326625,0.35968577625000003,0.47345167275,0.0,1287.0
0.6488889320356209,0.0707204515,0.22262059774999998,0.414023655,0.0,1287.0
0.6776060115035843,0.533669026,0.0456779975,0.28420132125,0.0,1287.0
0.7272512560859915,0.6741533142499999,0.16349955712499997,0.40002466187499996,0.0,1287.0
0.6390277166117603,0.07421062974999999,0.2553247459166667,0.5094211941666666,0.0,1287.0
0.663837842639141,0.41985346166666665,0.12540993533333333,0.35029657566666667,0.0,1287.0
0.716764359543069,0.718000957,0.2614200956666667,0.398046202,0.0,1287.0
0.7242997467377833,0.25178478260000003,0.3456243206,0.5762574324,0.0,1287.0
0.6780824676220834,0.0970475716153846,0.5223854184615384,0.7573289680000002,0.0,1287.0
0.7577199730624063,0.6793107245714286,0.8084063427142857,0.9135655554285714,0.0,1287.0
0.7452851324502618,0.23699399840000002,0.8379267604,0.9255590262,0.0,1287.0
0.6492022417629782,0.027570943777777777,0.8051356739999999,0.9364796924444444,0.0,1287.0
0.7660730044320323,0.3479174104,0.7581001314,0.9250978258,0.0,1287.0
0.7636005967788492,0.430806096,0.591458287,0.76452284075,0.0,1287.0
0.6823932588548653,0.08371917391666667,0.3586094400833333,0.6727246175833334,0.0,1287.0
0.7639189409122314,0.5629500478,0.3745305684,0.5151144506,0.0,1287.0
0.7617308239520458,0.5053936356666666,0.3169537436666666,0.39090930816666664,0.0,1287.0
0.7039504508169857,0.07266610714285714,0.21086482785714286,0.49767365685714277,0.0,1287.0
0.6974693176721883,0.07478484971428571,0.28026946257142854,0.5784004448571428,0.0,1287.0
0.7574600224447637,0.30308657999999994,0.4287005562999999,0.6580611843999999,0.0,1287.0
0.7393347207120685,0.12617576233333333,0.308515677,0.38146652166666667,0.0,1287.0
0.6787128279982859,0.15004186741666667,0.1744513206666667,0.20475853000000002,0.0,1287.0
0.7546182592258837,0.5459223253333334,0.09856463366666668,0.16367434888888888,0.0,1287.0
0.6525529037004103,0.07943842407692309,0.06208865823076922,0.15253118699999998,0.0,1287.0
0.6914421245393422,0.3375251338333333,0.05242200366666666,0.27036657108333334,0.0,1287.0
0.6387316807019581,0.09553309535714284,0.03357555714285714,0.16378561778571427,0.0,1287.0
0.7080483560437416,0.4860714034444444,0.042163262888888886,0.2906491788888889,0.0,1287.0
0.691182222934912,0.0871847862,0.140879535,0.3578142218,0.0,1287.0
0.67809354576774,0.14661897750000003,0.1557594771,0.38227387739999996,0.0,1287.0
0.7805176994042979,0.550896579888889,0.21133408788888888,0.3057137112222222,0.0,1287.0
0.7228990095293992,0.096519568,0.2922989644,0.43340579800000006,0.0,1287.0
0.6770038813057713,0.1417257352,0.3040297182999999,0.5214136624,0.0,1287.0
0.7610767473862062,0.5436266238,0.3060871306,0.4398440302,0.0,1287.0
0.6590459645771855,0.0462590513,0.1130141795,0.2997408838,0.0,1287.0
0.7480616062789407,0.36573885975000003,0.016492749749999997,0.07250073700000001,0.0,1287.0
0.7587744850435352,0.4606959270999999,0.030342584799999996,0.10440168270000001,0.0,1287.0
0.6707153178933289,0.09041831316666667,0.03458480716666667,0.08883934508333335,0.0,1287.0
0.7612100131825483,0.5701849350000001,0.0528569218,0.2362140036,0.0,1287.0
0.7660649676489097,0.304759831625,0.160420224625,0.48907966237500006,0.0,1287.0
0.6910063315338458,0.012928715666666667,0.44196147666666663,0.782844483,0.0,1287.0
0.6781964948848246,0.09864824159999999,0.5070358909999999,0.8768912958999999,0.0,1287.0
0.7653507083163682,0.4916050237999999,0.5808510896000001,0.8279191228999998,0.0,1287.0
0.6711694816445509,0.054315146666666675,0.35835734466666674,0.7712370265000001,0.0,1287.0
0.6305973645996734,0.263967045,0.18249204844444444,0.4504214561111112,0.0,1287.0
0.7182668694567582,0.5540910947142857,0.23906360671428573,0.421457907,0.0,1287.0
0.7179630501233172,0.20209499275,0.11182165525,0.35309799425,0.0,1287.0
0.6144093176128206,0.058184635000000005,0.0778677896,0.12307489220000001,0.0,1287.0
0.6958348117265105,0.52364919425,0.0191382145,0.03804329625,0.0,1287.0
0.7284110733255795,0.6131917716,0.030816581,0.1105840728,0.0,1287.0
0.7297923187874105,0.23002269860000002,0.0857347226,0.4380347459999999,0.0,1287.0
0.6716423129981042,0.04850432836363636,0.2924231379090909,0.6816226302727272,0.0,1287.0
0.7649279907947861,0.4732974623636363,0.4620789524545455,0.8094597263636364,0.0,1287.0
0.6602367801031741,0.0253515844,0.30572778230000003,0.8718985713,0.0,1287.0
0.7507377784819921,0.1268002705,0.36927012774999995,0.8758241482499999,0.0,1287.0
0.7549156442750741,0.198914211375,0.5300874135,0.8998824369999999,0.0,1287.0
0.742587710907163,0.15633149275,0.46296431950000005,0.8156446375,0.0,1287.0
0.6681903957715746,0.1082261289090909,0.5781910674545455,0.8839513649090908,0.0,1287.0
0.760517581987553,0.6615541014444445,0.712122982,0.8133622874444444,0.0,1287.0
0.7498032560390331,0.2183207755,0.493285765,0.80516464,0.0,1287.0
0.6378069426049082,0.0337755465,0.29006571662499997,0.526241011,0.0,1287.0
0.7484953493162033,0.39132872524999995,0.0786388175,0.159644707,0.0,1287.0
0.7545418539614379,0.4093585476,0.11880594070000002,0.2961728514,0.0,1287.0
0.6761586017017954,0.019130617,0.18965704083333332,0.44525121933333334,0.0,1287.0
0.6657236707437887,0.02474570766666667,0.5402772346666667,0.7329923616666667,0.0,1287.0
0.7601145391489538,0.24967808874999997,0.655220265,0.82351879575,0.0,1287.0
0.760250414074878,0.30681408987500003,0.620946154,0.8196061715,0.0,1287.0
0.6353641544708828,0.03617722575,0.5527452551666667,0.6440747211666666,0.0,1287.0
0.6789940053228701,0.33712249575000003,0.527211387,0.5437979525,0.0,1287.0
0.6955301365785229,0.3876952805,0.413068106125,0.521651382625,0.0,1287.0
0.6333129688983243,0.023400162888888888,0.1762839161111111,0.32264000777777774,0.0,1287.0
0.6369286312506681,0.32552557140000005,0.0414705776,0.14677816040000002,0.0,1287.0
0.6937957338708822,0.37844044075000005,0.07247955875,0.270081577625,0.0,1287.0
0.7047270590355345,0.20353214033333333,0.13869360533333333,0.39023758366666667,0.0,1287.0
0.6703719467604885,0.07232320158333333,0.18796119825,0.3496227771666667,0.0,1287.0
0.7587102065403983,0.4205722394545454,0.05581353936363636,0.25582863699999997,0.0,1287.0
0.6727067783277779,0.07431364591666668,0.1523973125,0.4214744095,0.0,1287.0
0.7623753942695557,0.46076425825,0.10470289799999999,0.285641342,0.0,1287.0
0.7685317501650836,0.404788681375,0.14934926225,0.328179494125,0.0,1287.0
0.6737973051248485,0.08246487733333334,0.25875725899999996,0.5608986354166666,0.0,1287.0
0.7641259751781055,0.52885386,0.21530298399999998,0.47152554199999996,0.0,1287.0
0.7794961687608144,0.793557947857143,0.31014200571428574,0.4673242662857143,0.0,1287.0
0.7847097187177209,0.36886541525,0.19003320475,0.47872830574999997,0.0,1287.0
0.6835121893319012,0.12925206192307692,0.12615690946153846,0.4546643754615385,0.0,1287.0
0.804155764276071,0.5937780165,0.1864350336666667,0.4385037491666666,0.0,1287.0
0.7819439803992809,0.18582072749999998,0.22385668283333335,0.42921028766666675,0.0,1287.0
0.6508415877777801,0.008063231555555557,0.2701080298888889,0.754415618111111,0.0,1287.0
0.7587985503075662,0.13975015966666668,0.5528882890000001,0.9178512470000001,0.0,1287.0
0.7550842157358133,0.38637129625000005,0.670763798375,0.877010934375,0.0,1287.0
0.7145129285761967,0.1418451361666667,0.615004544,0.8088828656666666,0.0,1287.0
0.6165482885061876,0.1639326363,0.5621919588000001,0.8514812325000001,0.0,1287.0
0.6937544626551186,0.42737535959999995,0.45505880579999997,0.6990700713,0.0,1287.0
0.6306851407561347,0.045608271199999995,0.2798663849,0.4797794151,0.0,1310.6
0.6548186381724184,0.39344632075,0.31278359075,0.44589847225,0.0,1346.0
0.725435348774504,0.590889440888889,0.3971144756666667,0.6297516866666666,0.0,1346.0
0.6728554475429114,0.09044478516666665,0.38835369191666674,0.6344536407500001,0.0,1346.0
0.7658909914185776,0.42725232874999997,0.36038693025,0.6250725690000001,0.0,1346.0
0.766786344795869,0.439902200875,0.30616472612500006,0.582038406875,0.0,1346.0
0.7577513295792077,0.08771915899999999,0.20732661866666666,0.3622733596666667,0.0,1346.0
0.6595758074283568,0.0285976336,0.1705099799,0.27467753920000004,0.0,1346.0
0.7664575402910809,0.14961466099999998,0.098404682,0.261425909,0.0,1346.0
0.7662366824741663,0.15785419883333332,0.0656528555,0.3232252385,0.0,1346.0
0.7557802667298829,0.0528931855,0.03443586375,0.19431278775,0.0,1346.0
0.6583006655608064,0.023976544500000002,0.026090149099999998,0.177855343,0.0,1346.0
0.7744024962580729,0.2538855395,0.035500568499999996,0.30912645650000004,0.0,1346.0
0.7838895213420899,0.3497216781666667,0.049037728499999995,0.45423562216666663,0.0,1346.0
0.7440735799241414,0.10504684633333333,0.11718126583333333,0.5750186073333333,0.0,1346.0
0.6557257511947749,0.040283660875,0.192626960875,0.5904680166249999,0.0,1346.0
0.7776391144785734,0.28510777275000004,0.35095597424999997,0.6214153755,0.0,1346.0
0.7866392166947915,0.22029684762500004,0.510695517625,0.7152715757499999,0.0,1346.0
0.6791998098839537,0.027160855166666664,0.47030810650000004,0.7049936525000001,0.0,1346.0
0.7746342725109194,0.2706429225,0.30770442425,0.6783556285,0.0,1346.0
0.7896606417091551,0.350239546625,0.22047790500000003,0.635637501375,0.0,1346.0
0.7284936225722716,0.052758462,0.28260372425,0.62641584275,0.0,1346.0
0.6309870027447613,0.12869153679999998,0.3292144571,0.6930859081,0.0,1346.0
0.7495168304487599,0.50382224275,0.313204405625,0.703778670375,0.0,1346.0
0.7592228532994686,0.16358988925,0.30703668900000003,0.7940276824999999,0.0,1346.0
0.6229433167291513,0.022965211444444446,0.3054918888888889,0.8320322176666666,0.0,1346.0
0.6791815328675859,0.2711245583333333,0.23383043433333336,0.732701892,0.0,1346.0
0.7346146657068773,0.31248978290000007,0.1771882889,0.5360905367,0.0,1346.0
0.6647968548836588,0.025805612111111112,0.1043429921111111,0.21594744844444447,0.0,1346.0
0.739667997944924,0.24030694700000002,0.062605257,0.13872872519999999,0.0,1346.0
0.7928599978708158,0.5803310897142858,0.09690091542857142,0.1951341924285714,0.0,1346.0
0.792771216566764,0.2411009032,0.11202503459999999,0.2899162362,0.0,1346.0
0.6515473658026889,0.04453497855555556,0.12421659488888889,0.17799942611111114,0.0,1346.0
0.7791081110648556,0.46992479125,0.0776984265,0.10796590550000001,0.0,1346.0
0.7901770981736261,0.5533828532222222,0.09110510088888889,0.1826312148888889,0.0,1346.0
0.687462919706,0.0905056666153846,0.095408214,0.12834359146153848,0.0,1346.0
0.7905692919263267,0.5845225222499999,0.043744679375,0.09532564737499999,0.0,1346.0
0.7915577595876415,0.23512746019999997,0.055180501199999996,0.17241388559999998,0.0,1346.0
0.6523713708407817,0.03985320744444445,0.09275589222222222,0.13318273988888887,0.0,1346.0
0.780525515602905,0.43315682875000006,0.022072640999999997,0.058985249000000003,0.0,1346.0
0.825289923348572,0.5243858315555555,0.025115241555555553,0.04043483,0.0,1346.0
0.6872265819828541,0.06990600741666665,0.03860247766666667,0.07380496125,0.0,1346.0
0.8273619124010765,0.579496409,0.0181435116,0.09725929180000001,0.0,1346.0
0.8608764228689404,0.47816379749999993,0.021709476333333335,0.11438869,0.0,1346.0
0.813444938247459,0.14386549366666668,0.02987744566666667,0.11150012033333334,0.0,1346.0
0.6455728838193503,0.11349114066666666,0.03572669783333333,0.08110003683333333,0.0,1346.0
0.793205133171894,0.5899936047,0.021388799,0.1306177447,0.0,1346.0
0.6569101167191747,0.060228998545454555,0.06753304872727271,0.19641258154545457,0.0,1346.0
0.7233993431357817,0.5329685827499999,0.0273397605,0.25328240225,0.0,1346.0
0.7936058508493377,0.7031089094285715,0.04542069528571428,0.25069809185714287,0.0,1346.0
0.8024776185657251,0.19315394575,0.050206315249999994,0.194134109,0.0,1346.0
0.6634371514492368,0.039176428888888885,0.0810656808888889,0.19790518611111113,0.0,1346.0
0.8365278267490965,0.5198459805,0.012395129250000001,0.1076975015,0.0,1346.0
0.8931737578411887,0.6451210517499999,0.030864717875000003,0.12931509175,0.0,1346.0
0.8702041542084803,0.19400519566666666,0.08594755666666666,0.20753673233333333,0.0,1346.0
0.6677312513373541,0.04118785522222222,0.11574729677777779,0.17804257922222225,0.0,1346.0
0.846713686441658,0.53336742275,0.0370361815,0.16108984250000002,0.0,1346.0
0.8955760903474546,0.6284497887777778,0.09274434922222222,0.2193591481111111,0.0,1346.0
0.7090051382464577,0.05917628800000001,0.24971513754545452,0.4201006496363636,0.0,1346.0
0.844594439035458,0.5319447585,0.11385588699999999,0.34938175749999995,0.0,1346.0
0.8930580907386889,0.7993321940000001,0.1779880865,0.28079065216666665,0.0,1346.0
0.8729576761251316,0.33672437639999997,0.22919753099999998,0.3252604106,0.0,1346.0
0.665097325114894,0.039835775000000004,0.2802994765555556,0.5066593911111111,0.0,1346.0
0.8030436038845373,0.4442011066666667,0.09898035100000001,0.262871252,0.0,1346.0
0.8816651054801786,0.613360844,0.1645265484,0.18163115920000003,0.0,1346.0
0.7020938057024465,0.04715797854545454,0.24369964399999997,0.3280960147272728,0.0,1346.0
0.7842913149595868,0.304620964,0.09787938525,0.17392079175,0.0,1346.0
0.8114177375620167,0.40749631762500005,0.16255369312499998,0.12281162675,0.0,1346.0
0.7481044078274615,0.058949909999999994,0.1813270172,0.18697976440000003,0.0,1346.0
0.648412049943815,0.08758661845454543,0.1739892080909091,0.2106867481818182,0.0,1346.0
0.7526052434272138,0.30447740700000003,0.13186253549999996,0.145104795,0.0,1346.0
0.7687795005859345,0.12596648500000002,0.1483779992,0.17867803059999998,0.0,1346.0
0.6487545888284125,0.061965019583333336,0.16748078691666668,0.21492383175,0.0,1346.0
0.781894503990794,0.48764419620000005,0.1814387875,0.41080616589999996,0.0,1346.0
0.6725071159218374,0.027769783000000003,0.19639892633333333,0.5244814215555557,0.0,1346.0
0.7463642907916863,0.2697286016,0.10361079320000002,0.2752376612,0.0,1346.0
0.8584700937304895,0.5655349526666666,0.07530563755555555,0.3050630727777778,0.0,1346.0
0.8297764643172515,0.15412359566666667,0.047407304000000004,0.24228967199999998,0.0,1346.0
0.6569802957327789,0.025967189777777778,0.050528052444444436,0.17387099688888885,0.0,1346.0
0.8090018132133676,0.4510443685,0.0235798625,0.15169005975,0.0,1346.0
0.8754583718775628,0.5678740200000001,0.04628448633333334,0.09816366088888889,0.0,1346.0
0.6933086225581863,0.04762039490909091,0.1086307281818182,0.1709313969090909,0.0,1346.0
0.8122186720930985,0.4341361316666667,0.039200352333333334,0.27111189533333335,0.0,1346.0
0.8852598275681892,0.5644367269,0.10782296489999998,0.29083717259999997,0.0,1346.0
0.7024068154848693,0.05497555366666667,0.13800231683333333,0.28271342233333335,0.0,1346.0
0.8450835532548988,0.5023284615000001,0.05085482325,0.13784111,0.0,1346.0
0.8865835827848829,0.5069432064999999,0.0615949345,0.27501539325,0.0,1346.0
0.7053733860295134,0.06107202341666667,0.1215263705,0.3509350013333333,0.0,1346.0
0.8315402285577569,0.4782277735,0.09782777200000001,0.311726477,0.0,1346.0
0.8884732325765737,0.6648064861666667,0.12537986633333334,0.4163551429999999,0.0,1346.0
0.8906772185334316,0.38617006275,0.16371966075,0.4325724305,0.0,1346.0
0.7408665640598376,0.03622652866666667,0.2977181656666667,0.5527374665,0.0,1346.0
0.6314869278414106,0.050804309000000006,0.28171285300000004,0.6643425188000001,0.0,1346.0
0.7270983873277345,0.38702055674999997,0.23969542124999998,0.57645982575,0.0,1346.0
0.7933414195064528,0.6070499118571429,0.2767262421428571,0.6060484392857143,0.0,1346.0
0.8027859495963402,0.18089814625,0.3341273615,0.7282016790000001,0.0,1346.0
0.6753709289604307,0.07939144549999999,0.35610994616666675,0.7722740015,0.0,1346.0
0.7855227961739443,0.5434715463750001,0.31027891475,0.7170533965,0.0,1346.0
0.8012103070912208,0.1793982155,0.29876798475,0.56961439525,0.0,1346.0
0.7185708395485526,0.10639684999999999,0.2920555078333333,0.5384739125833333,0.0,1346.0
0.8849942558664613,0.677899175625,0.152602778875,0.32424528325,0.0,1346.0
0.8616865740246882,0.15858347625,0.17663846300000002,0.30646231125,0.0,1346.0
0.7003826474104108,0.07448860518181818,0.1974647558181818,0.2566336377272727,0.0,1346.0
0.8749831234791628,0.6773431131250001,0.07138170925000001,0.13649472712500002,0.0,1346.0
0.8561824441432826,0.21955751299999998,0.09442595680000002,0.22255000060000002,0.0,1346.0
0.6719310661642127,0.024291074444444442,0.14527438911111112,0.2854980391111111,0.0,1254.888888888889
0.8094319181093146,0.44397181374999994,0.032772338,0.19693349200000002,0.0,1182.0
0.8610493766421853,0.4832284284444445,0.0691493541111111,0.21371185344444446,0.0,1182.0
0.7066002469997889,0.044836880083333336,0.10351164625000002,0.3477215955,0.0,1182.0
0.8226565136475236,0.4266604675,0.0560098125,0.35298067499999997,0.0,1182.0
0.8551627080993308,0.426227062,0.09543399,0.42872246699999994,0.0,1182.0
0.7163754519388911,0.06354822742857143,0.08410608535714285,0.3212498910714286,0.0,1182.0
0.8468862658150349,0.4123414307777778,0.08049743100000001,0.34257828388888883,0.0,1182.0
0.6709394696937513,0.04278626984615384,0.10564834961538462,0.2979210773846154,0.0,1182.0
0.7161701840869243,0.342698179,0.063799088,0.15426172049999998,0.0,1182.0
0.7439940483053018,0.31595733724999997,0.08918760199999999,0.189321598,0.0,1182.0
0.6440791505767056,0.05561879746153846,0.09441819576923077,0.23660480476923076,0.0,1182.0
0.7292129754902282,0.54241786225,0.07861525875,0.165234822625,0.0,1182.0
0.743029653400531,0.19850245033333333,0.087571191,0.32154097600000003,0.0,1182.0
0.6713277665466397,0.029219562416666664,0.217583958,0.6068799699166665,0.0,1182.0
0.7630869309281176,0.39660796475,0.33866823925,0.6350564989999999,0.0,1182.0
0.7669699268916075,0.333634276375,0.368910169,0.76338172825,0.0,1182.0
0.6833081195994009,0.016421506166666665,0.29195977216666663,0.5309852573333333,0.0,1182.0
0.6897031252348869,0.153040088,0.154586683625,0.22556717525,0.0,1182.0
0.7832052884152352,0.5403524767777778,0.13551713322222222,0.1840244418888889,0.0,1182.0
0.7670485159543938,0.12170419733333332,0.05728387733333334,0.28543168,0.0,1182.0
0.668109817843992,0.07208205554545455,0.10000374036363636,0.3667020508181818,0.0,1182.0
0.7987621555318939,0.63424888925,0.174593725625,0.66614578875,0.0,1182.0
0.8054799021892797,0.26412656675,0.2145120955,0.70509967525,0.0,1182.0
0.6671992480594804,0.0085049686,0.5025356344,0.8442085772000001,0.0,1182.0
0.7956001085792062,0.29658604299999997,0.532237861,0.8903012275,0.0,1182.0
0.8490950320090899,0.5363407035,0.6291563623333333,0.8332235348333334,0.0,1182.0
0.8358327324572363,0.2565781885,0.54298286325,0.7390565752499999,0.0,1182.0
0.7106864221648762,0.08202831161538461,0.23100114600000005,0.5145767114615385,0.0,1182.0
0.8485455096528304,0.5475966287142857,0.2752104464285714,0.5569874248571428,0.0,1182.0
0.8220712573038802,0.14021917266666667,0.4621635673333333,0.7156461113333332,0.0,1182.0
0.7080997888630467,0.006827044333333333,0.5499782561666666,0.8912087611666667,0.0,1182.0
0.6386053028768137,0.1367418195,0.521163363375,0.9120894475,0.0,1182.0
0.7299139190223505,0.4752450852,0.6408055946,0.7854788037999999,0.0,1182.0
0.6360330146506614,0.029691503499999997,0.23708141308333333,0.4439065945000001,0.0,1182.0
0.6854415751653623,0.3299435825,0.111583454,0.22559069674999999,0.0,1182.0
0.7038948636351701,0.30924957775,0.094651007125,0.31048985087500003,0.0,1182.0
0.6769897269471066,0.06460664907142857,0.2120391389285714,0.6177976017857143,0.0,1182.0
0.761970949858616,0.3814411166666666,0.38069344799999993,0.597925889,0.0,1182.0
0.7168161204073111,0.0375963382,0.3034245462,0.358693434,0.0,1182.0
0.6829058328667404,0.12346595263636363,0.16307556163636364,0.1889799499090909,0.0,1182.0
0.7660003518809834,0.38973599128571423,0.09352588014285715,0.07173975857142856,0.0,1182.0
0.7283678780397685,0.060804094166666676,0.035186901,0.06260924066666666,0.0,1182.0
0.6757972078040864,0.076903718,0.0593280013,0.1557043204,0.0,1182.0
0.7642604918385535,0.33642603577777785,0.025163187222222223,0.09665326677777779,0.0,1182.0
0.7217847931047603,0.0402709506,0.051116146200000004,0.07579610640000001,0.0,1182.0
0.675429262225826,0.11740246120000002,0.06546352429999999,0.1848576778,0.0,1182.0
0.7747827202436169,0.4201215728,0.1623756261,0.5372623988,0.0,1182.0
0.6671352516666527,0.013070207454545455,0.4295474397272728,0.8119586848181818,0.0,1182.0
0.7692056713498293,0.31175090839999997,0.5310186146,0.8535252386,0.0,1182.0
0.8039993140392795,0.45637061633333337,0.60810517,0.8466670966666666,0.0,1182.0
0.743683729987212,0.06643938366666667,0.5612192444999999,0.8729427550000001,0.0,1182.0
0.6287858351878549,0.0820026671,0.4399376113999999,0.6762041631,0.0,1182.0
0.7297289480502079,0.5517865377777778,0.39760008966666666,0.7026729509999998,0.0,1182.0
0.6487934191425759,0.03060138228571428,0.5996322432142858,0.8998502650000001,0.0,1182.0
0.71418537918023,0.5327660644444444,0.5155817436666665,0.7706942273333333,0.0,1182.0
0.7028233376739493,0.10390365733333333,0.4760499396666667,0.6633067976666666,0.0,1182.0
0.6751863999256754,0.1035936894,0.30767964329999997,0.45758673400000005,0.0,1182.0
0.7624457522492872,0.433139322875,0.219476728125,0.38143059025,0.0,1182.0
0.7222812915344502,0.035910032833333334,0.11396807133333335,0.503860929,0.0,1182.0
0.6657476880341999,0.060357269,0.28732080222222217,0.7668523822222223,0.0,1182.0
0.7592133824087142,0.5473172831,0.5509300108,0.8103526078000002,0.0,1182.0
0.6868854766042596,0.033636522142857145,0.4682567971428571,0.7176548822857142,0.0,1182.0
0.6877718845060627,0.16291979675,0.284053054875,0.35831074775,0.0,1182.0
0.7634604807588323,0.45603549255555553,0.3156371247777777,0.6526283398888889,0.0,1182.0
0.6976771337526918,0.008642653,0.4108207147142857,0.87823134,0.0,1182.0
0.6951580549173697,0.019501966,0.513594068625,0.6640759912499999,0.0,1182.0
0.7698563820995864,0.29283989619999995,0.3812899672,0.5829028499,0.0,1182.0
0.6767108402235373,0.014415847416666667,0.22158245641666666,0.5868113579166666,0.0,1182.0
0.7712833796073751,0.35052355725,0.40814645125000004,0.79816814125,0.0,1182.0
0.7929170719038529,0.33534927344444443,0.5543513015555556,0.8012276680000001,0.0,1182.0
0.6359994970708475,0.008603831272727272,0.5441678381818181,0.7741282863636364,0.0,1182.0
0.6913501292449429,0.30003285150000003,0.50875882375,0.7793674375,0.0,1182.0
0.7094454964230946,0.31104652457142856,0.386195041,0.714766702,0.0,1182.0
0.6665153335587222,0.011984552142857142,0.2277882057142857,0.6101087304285714,0.0,1182.0
0.6227127680735004,0.0818967165,0.12156852875,0.293936486375,0.0,1182.0
0.7043560467421722,0.2420855398888889,0.1495770641111111,0.2290357957777778,0.0,1182.0
0.6700748675305307,0.010865532285714284,0.2187658662857143,0.36068035800000003,0.0,1182.0
0.6866060843567585,0.09913382525,0.21528993062500001,0.29986041262499996,0.0,1182.0
0.7617395973131117,0.4361184457777778,0.12696366988888888,0.22563989933333334,0.0,1182.0
0.6788359143976709,0.015860235625,0.09393786999999999,0.29233134712500003,0.0,1182.0
0.6957748318360111,0.10621805799999999,0.05606822914285715,0.3823528128571429,0.0,1182.0
0.7631227072609279,0.3391864472,0.03815341009999999,0.2421386032,0.0,1182.0
0.6705451287479685,0.01959797716666667,0.07612436933333333,0.24273135091666667,0.0,1182.0
0.7624517023258528,0.618606458,0.0722019672,0.3326636354,0.0,1182.0
0.7736313753637183,0.5062272126666667,0.11367247633333333,0.2909757018333333,0.0,1182.0
0.6908911836611581,0.019128198142857145,0.302009566,0.4327096975714286,0.0,1182.0
0.6765546929675669,0.06633890728571429,0.26205858228571427,0.40028816114285715,0.0,1182.0
0.7597687525351671,0.290498580625,0.179618623125,0.17210417012499998,0.0,1182.0
0.7610686023576331,0.057949334,0.11115403125000001,0.16798614225000003,0.0,1182.0
0.6714422795311962,0.013249239833333334,0.048588344083333325,0.1689748785,0.0,1182.0
0.7630003888858099,0.309521650125,0.04380684975,0.24266961274999999,0.0,1182.0
0.7307951347957423,0.06344715242857144,0.087948192,0.2914634151428572,0.0,1182.0
0.6136296224720625,0.0337397683,0.0597272655,0.22078409969999996,0.0,1538.8
0.6893093376276914,0.23490919671428573,0.028125231714285714,0.1044396202857143,0.0,1628.0
0.6990946795066733,0.10609195725000002,0.03638012575,0.12112823824999999,0.0,1628.0
0.625950955860248,0.028867021076923075,0.03384177276923077,0.11903422092307696,0.0,1628.0
0.692046271200919,0.3795621761428571,0.023270089,0.06547069800000001,0.0,1628.0
0.7009492069973309,0.1470283005,0.041750658499999996,0.163701364,0.0,1628.0
0.6485381225599065,0.0010022121,0.087637893,0.34140076830000005,0.0,1628.0
0.763753386803195,0.37438516340000005,0.107375913,0.41569921559999995,0.0,1628.0
0.7689233664437195,0.5118674263333333,0.12596760033333335,0.38227577366666665,0.0,1628.0
0.7282740518732219,0.047586144000000004,0.19250236883333335,0.3954877856666667,0.0,1628.0
0.6835091625500468,0.08508821263636364,0.1353040420909091,0.361205428,0.0,1628.0
0.7627578505342031,0.35194766275000006,0.05076332325,0.104771628125,0.0,1628.0
0.6952138192141989,0.03310865875,0.07174830112500001,0.24535218400000003,0.0,1628.0
0.7612900098686525,0.19204240087499996,0.053276843,0.2823577175,0.0,1628.0
0.6855254800492709,0.009882477071428572,0.0531380935,0.1695151787142857,0.0,1628.0
0.7624977165453466,0.20557278281818184,0.02722294663636364,0.10463798963636363,0.0,1628.0
0.6857097267754251,0.025018959714285714,0.06254602621428572,0.19367531064285712,0.0,1628.0
0.7663117660256227,0.26273381275,0.054327471749999995,0.2207907105,0.0,1628.0
0.7273259935646283,0.033749511,0.14883431866666666,0.41654574149999996,0.0,1628.0
0.613617999020876,0.0626119865,0.1946896361,0.3805902944,0.0,1628.0
0.7084200780590597,0.4187605948999999,0.1614830395,0.41646517560000007,0.0,1628.0
0.6361697810585011,0.0439682806,0.2272971770666667,0.3620661246,0.0,1628.0
0.6940856215179944,0.29479875412499995,0.157046167875,0.19236231924999997,0.0,1628.0
0.6788645922559172,0.030770010399999995,0.20784986486666668,0.35673053366666657,0.0,1628.0
0.7611890518435063,0.319143821,0.22423074028571427,0.5083634384285715,0.0,1628.0
0.7464143773971023,0.06758101566666667,0.3806243245,0.75985695,0.0,1628.0
0.6530846235522894,0.003390934888888889,0.4579392073333334,0.7112213593333334,0.0,1628.0
0.7615321081263015,0.0957832665,0.5003260525000001,0.6515294135,0.0,1628.0
0.7595991246978278,0.14797184500000002,0.4755816398333333,0.6673666143333333,0.0,1628.0
0.7250877227435621,0.005724648333333333,0.44562390316666667,0.7744166558333334,0.0,1628.0
0.6540525111369845,0.002642874625,0.36386155412499993,0.5697076133749999,0.0,1628.0
0.7617082673195783,0.18026259125,0.36082109675,0.54689199325,0.0,1628.0
0.7594910527786954,0.235492799625,0.517689986625,0.713146076,0.0,1628.0
0.6800603479921248,0.01713757923076923,0.6288021096153845,0.8542303384615384,0.0,1628.0
0.7601882478138513,0.371483902125,0.6061877313749999,0.7512321630000001,0.0,1628.0
0.7595728242056239,0.11719578150000001,0.42540040225000003,0.72849902025,0.0,1628.0
0.6764325105853563,0.022152596583333333,0.3026931626666666,0.6866573881666665,0.0,1628.0
0.7606771876942897,0.34885482900000003,0.2934180353333334,0.8293005235,0.0,1628.0
0.7593027552922964,0.14421877779999998,0.3499813174,0.8331030466,0.0,1628.0
0.6400057622834927,0.009771800928571429,0.33149715714285716,0.7663659488571428,0.0,1628.0
0.6877537639519156,0.1075905905,0.546427016625,0.84008581225,0.0,1628.0
0.6767297956137901,0.009034139857142857,0.3670295077142857,0.660088957,0.0,1628.0
0.6263929231442922,0.07529804355555555,0.29669147277777774,0.6588116827777778,0.0,1628.0
0.6895578615501492,0.4058277778888889,0.3746532557777778,0.7101436773333333,0.0,1628.0
0.6601544866815133,0.0006846790999999999,0.3333902634,0.6346125450000001,0.0,1628.0
0.742647651011272,0.04417628516666667,0.2774370678333334,0.5536081438333333,0.0,1628.0
0.7615338869468459,0.11705467255555559,0.21270903988888887,0.5343842744444445,0.0,1628.0
0.6736290171499562,0.003962091,0.3505773294166666,0.64806995175,0.0,1628.0
0.7653715867613904,0.31262908275,0.36033545874999995,0.6220742415,0.0,1628.0
0.7595692948345175,0.24157863414285713,0.29967198885714286,0.6810206719999999,0.0,1628.0
0.6715617101521607,0.00011481924999999999,0.22047580016666668,0.58800914575,0.0,1628.0
0.7628531009034667,0.1384799905,0.31629808150000005,0.76935929,0.0,1628.0
0.7629327653346544,0.158222108375,0.36410956262499994,0.6996886187499999,0.0,1628.0
0.6750876403189718,0.0002517936666666667,0.36702493044444445,0.6363035197777779,0.0,1628.0
0.7139760802649565,0.03739968333333333,0.5193388655000001,0.9038853504999999,0.0,1628.0
0.7621306696724703,0.3547814771428571,0.7886024878571428,0.9305904027142856,0.0,1628.0
0.731183901630592,0.047160198,0.8089327065714286,0.9325385507142856,0.0,1628.0
0.6849393926542134,0.061991759090909086,0.6472257499090909,0.8826274150909093,0.0,1628.0
0.7620963859545439,0.166994054625,0.6229511808749999,0.91079412375,0.0,1628.0
0.7059330847234984,0.00021672783333333333,0.7356373306666666,0.9339759768333332,0.0,1628.0
0.6236994400342328,0.0233319175,0.7901480535,0.9347396149,0.0,1628.0
0.6921653424581531,0.259362936125,0.8187623365000001,0.935820488375,0.0,1628.0
0.6422945068893441,0.028118476,0.6662989438666665,0.9044687193333334,0.0,1628.0
0.6986008069162242,0.4002937615555555,0.45608256177777773,0.767796413,0.0,1628.0
0.6934438335160885,0.017869191142857142,0.3622882841428572,0.7261474293571429,0.0,1628.0
0.7779005477965089,0.409796861,0.273532871,0.7883999575,0.0,1628.0
0.7749467285919887,0.45148494512500004,0.309435915125,0.8464755702499999,0.0,1628.0
0.7598001759159108,0.0,0.37585320225,0.9064854649999999,0.0,1628.0
0.6885036495116991,0.028837074300000005,0.4179865445,0.8872900535999999,0.0,1628.0
0.774836573644821,0.51624087375,0.42308063925000006,0.835433382375,0.0,1628.0
0.7339536752657381,0.034959946125,0.5354657393750001,0.92370450775,0.0,1628.0
0.6965425998068244,0.0085961322,0.5752578016000001,0.9185092823000002,0.0,1628.0
0.7734864945465695,0.04258235433333333,0.6869933793333334,0.9249124416666665,0.0,1628.0
0.6682896447895946,0.0,0.7035670760000001,0.9014123573636362,0.0,1628.0
0.7746775473486697,0.12657679266666666,0.808293794,0.9040313746666667,0.0,1628.0
0.7724074403589658,0.3446253215714286,0.7801509865714287,0.8743972654285714,0.0,1628.0
0.7758412213202538,0.075519532,0.4942951440000001,0.535596231,0.0,1628.0
0.7068503988008343,0.02839373742857143,0.21354619521428572,0.3613567555714286,0.0,1628.0
0.7773488623573495,0.3935025197777778,0.3120593781111111,0.4873685773333333,0.0,1628.0
0.7274171596285365,0.0,0.24437917383333332,0.3949348131666666,0.0,1628.0
0.661501450326161,0.05523431622222222,0.14717114422222222,0.29908325355555554,0.0,1628.0
0.7166425700466252,0.3971409698333333,0.2698218038333334,0.789681537,0.0,1628.0
0.7276312886685692,0.08803867225,0.537774207,0.92181975775,0.0,1628.0
0.6419457706314303,0.010720130357142857,0.573696113357143,0.9210060567857143,0.0,1628.0
0.7039329002937647,0.2833105245714286,0.4252335545714286,0.8459068432857144,0.0,1628.0
0.7148411562929522,0.07857619566666667,0.45660525366666666,0.8454844289999999,0.0,1628.0
0.6865666996648745,0.0,0.3455625891818182,0.6743734431818181,0.0,1713.909090909091
0.7950547434586042,0.148382456,0.26340864875000003,0.3927204975,0.0,1817.0
0.7808557148718159,0.3017349965,0.1474946675,0.22576876333333332,0.0,1817.0
0.7932783194762911,0.04231573425,0.11825147475,0.23812188974999998,0.0,1817.0
0.7135045134759419,0.00013003363636363637,0.07993395327272727,0.12892857409090908,0.0,1817.0
0.7990987000162502,0.24206061750000002,0.07022528325,0.1129540805,0.0,1817.0
0.7927867490360159,0.35989181499999995,0.0819704375,0.08322047066666667,0.0,1817.0
0.7715670023308537,0.0016283811666666667,0.08947210133333335,0.132810189,0.0,1817.0
0.7269437032502866,0.017685969200000002,0.1395544722,0.4767536239,0.0,1817.0
0.8000875607375071,0.21595726225,0.163425973125,0.6357026496250001,0.0,1817.0
0.7603288690711059,0.0010120894285714287,0.25111971314285714,0.6885468541428572,0.0,1817.0
0.7380792286160556,0.03861949644444444,0.221505137,0.41609651733333336,0.0,1817.0
0.8054714911400218,0.3535297615,0.18270065083333334,0.25832838383333334,0.0,1817.0
0.8094548269107353,0.08806712550000001,0.2246678945,0.3324698835,0.0,1817.0
0.7723302756775376,0.0,0.21096816950000002,0.503358678,0.0,1817.0
0.731281513146312,0.0022198108000000003,0.4972529624,0.8705856560999999,0.0,1817.0
0.7862269800355818,0.16383316312500001,0.6870937033750001,0.8682428125,0.0,1817.0
0.7191772370753693,0.0008767807000000001,0.6311288906000001,0.8776653652999998,0.0,1817.0
0.6880500458961648,0.0580339835,0.5492945841666667,0.9129829358333333,0.0,1817.0
0.741379678314679,0.34869175375,0.490664802875,0.734767206375,0.0,1817.0
0.7346758625732317,0.0006998475,0.33286137116666664,0.41189185,0.0,1817.0
0.678792210199326,0.0234007896,0.1227382128,0.18223416909999998,0.0,1817.0
0.7533310059868491,0.366930837375,0.060559968375,0.289833566625,0.0,1817.0
0.7517538201959911,0.0007777568333333333,0.14587090966666663,0.23081805683333334,0.0,1817.0
0.7132007684491534,0.0,0.2066317994285714,0.4430274512857143,0.0,1817.0
0.8131000611559753,0.1101203025,0.40487481275000003,0.8458600915000001,0.0,1817.0
0.7976004923205045,0.11340349766666667,0.646557611,0.9271092336666668,0.0,1817.0
0.7823329617674207,0.0010654991666666667,0.7153001021666666,0.8665129405000002,0.0,1817.0
0.703190871204919,0.004176696545454546,0.4712623115454546,0.853561443090909,0.0,1817.0
0.7815671262730669,0.042382636,0.5972044592222221,0.929490750111111,0.0,1817.0
0.697463849571781,0.0,0.5931143614444444,0.854411661,0.0,1817.0
0.7483195742463383,0.07842799414285714,0.5344263967142856,0.8659631085714287,0.0,1817.0
0.7705925455750876,0.42425384725,0.37078866,0.562367745875,0.0,1817.0
0.7611507131203716,0.0,0.29560163580000004,0.36989451319999994,0.0,1817.0
0.7339491200541871,0.032737060181818184,0.1947543010909091,0.40759173309090907,0.0,1817.0
0.7798277259341972,0.16848937716666668,0.12909490416666666,0.4154111775,0.0,1817.0
0.7571389285442186,0.0036133705714285714,0.2551243668571429,0.6707403191428571,0.0,1817.0
0.6972742568271815,0.0022952262222222224,0.2522042536666666,0.7657801593333333,0.0,1817.0
0.7793147642476929,0.281070026,0.20168527955555554,0.7345989209999998,0.0,1817.0
0.7516226807935998,0.0,0.35553994816666673,0.768754473,0.0,1817.0
0.6513818747829045,0.011603921,0.32937497870000004,0.8024449454000001,0.0,1817.0
0.7140303477968417,0.14334106733333332,0.4172897694444445,0.8983095985555555,0.0,1817.0
0.6923278640012042,0.0,0.5799179511666667,0.9270855488333334,0.0,1817.0
0.6498500694548628,0.03465560955555555,0.6242683699999999,0.9269930301111111,0.0,1817.0
0.70729903650141,0.5413972255714286,0.6272911208571428,0.9167809905714286,0.0,1817.0
0.6972665630549169,0.013764498333333333,0.7582984493333333,0.9271478442222221,0.0,1817.0
0.7199647896291139,0.038969346499999995,0.7567430465,0.9285508115000001,0.0,1817.0
0.7654581237012563,0.40660475757142855,0.43206601228571423,0.6836471235714285,0.0,1817.0
0.7520966351493039,0.010254804000000001,0.34104339928571425,0.49468727428571435,0.0,1817.0
0.7071275996189103,0.0092915954,0.3082695371,0.4375024210999999,0.0,1817.0
0.7798081277948524,0.24838738157142856,0.1905539897142857,0.26091196085714286,0.0,1817.0
0.7641696269340696,0.004134939428571428,0.12712719485714286,0.15414726400000003,0.0,1817.0
0.7093198758929474,0.0020247225,0.1434127927,0.3928777341,0.0,1817.0
0.7819588356870786,0.05026487122222222,0.33764808977777777,0.7597101075555556,0.0,1817.0
0.7018364407413955,0.0,0.3760299403333333,0.6847542494166666,0.0,1817.0
0.7823888664186097,0.0192200164,0.261117049,0.48716860139999996,0.0,1817.0
0.7828470883042397,0.10798816728571428,0.27632028399999997,0.6514136191428571,0.0,1817.0
0.7614463689760612,0.0,0.46691912020000004,0.7453356184000001,0.0,1817.0
0.7341694857089623,0.06457471563636363,0.5176627652727273,0.7491268017272728,0.0,1817.0
0.7924656961038711,0.48271104766666667,0.421295873,0.5416437815,0.0,1817.0
0.7781677556714862,0.005189327857142857,0.25720251971428576,0.30154150371428573,0.0,1817.0
0.685842074422579,0.0042881271,0.06793195199999999,0.1036993942,0.0,1817.0
0.755889086345889,0.07768212000000001,0.053581163999999994,0.1076394678888889,0.0,1817.0
0.705077956944786,0.0,0.17999639374999998,0.305587159375,0.0,1817.0
0.6926377507815091,0.009599832571428572,0.4256219887142857,0.7302585085714285,0.0,1817.0
0.744215860662122,0.08295070962500001,0.682424469625,0.9161490067500001,0.0,1817.0
0.7052453255133022,0.0,0.6006025091249999,0.848155130125,0.0,1817.0
0.7218888537627235,0.015085890125,0.555693301125,0.8444648185000001,0.0,1817.0
0.7939666521063871,0.39929937042857144,0.44537040499999997,0.8254242417142856,0.0,1817.0
0.7999819046327848,0.004780774333333334,0.5046256176666667,0.9186389633333333,0.0,1817.0
0.7106470217427191,0.0,0.40725834933333327,0.7844875581111111,0.0,1817.0
0.7957562539199932,0.08050232671428571,0.18483688257142858,0.3532606462857143,0.0,1817.0
0.8049767551613803,0.14639386757142855,0.10153679971428571,0.303409612,0.0,1817.0
0.7431184471618348,0.003383761,0.17672021006666663,0.4813710766000001,0.0,1817.0
0.8072040062606307,0.15843924525,0.109627786125,0.45727077225,0.0,1817.0
0.7854972584279016,0.0,0.09277925516666667,0.5115046236666666,0.0,1817.0
0.7401975028014345,0.006758887,0.1101567693,0.30045993649999997,0.0,1817.0
0.8131641840637756,0.15029673228571427,0.0736966042857143,0.3488898274285714,0.0,1817.0
0.789579662444652,0.0005098472857142857,0.11700754285714286,0.5638414044285714,0.0,1817.0
0.7479021243358751,0.0319430115,0.12869898308333333,0.42998237666666667,0.0,1817.0
0.8189476560201623,0.12284455271428572,0.1004626447142857,0.2551091067142857,0.0,1817.0
0.7246998725260517,0.005054917733333333,0.15579368246666667,0.4447646801333333,0.0,1817.0
0.7797129259763191,0.1645541398888889,0.3391327718888889,0.8304055880000001,0.0,1817.0
0.7058976964799364,0.006404199533333333,0.3756903537333333,0.7877026715333334,0.0,1817.0
0.7779340527724361,0.40450052957142857,0.1879054992857143,0.4561427014285714,0.0,1817.0
0.7836918932779856,0.00040426300000000003,0.11155387428571428,0.32057246300000003,0.0,1817.0
0.746623136401768,0.026500894454545454,0.0837793379090909,0.35427720318181816,0.0,1817.0
0.8259356400518351,0.251004330625,0.14396350962499999,0.595276743,0.0,1817.0
0.7487437402387016,0.0,0.3384159577692308,0.7698658645384615,0.0,1817.0
0.8155859169286779,0.0650840981111111,0.6142265522222222,0.9186421452222222,0.0,1817.0
0.803840659771037,0.0,0.8132078645714286,0.9064310335714286,0.0,1817.0
0.7218171027951321,0.0010120473636363635,0.687108657,0.8919516912727272,0.0,1817.0
0.7973652403782562,0.01997876642857143,0.6124873795714285,0.9095900504285713,0.0,1817.0
0.7505996881697307,0.0,0.6896317607857144,0.9296829275714285,0.0,1961.857142857143
0.8358384128033333,0.0738666735,0.6321283515,0.7594023815,0.0,2155.0
0.8287226620987689,0.1947261852,0.4029543156,0.43162360879999995,0.0,2155.0
0.8185819078399553,0.0,0.22756497062499997,0.4044408815,0.0,2155.0
0.7288114636756285,0.0,0.15723853466666668,0.5165846313333333,0.0,2155.0
0.8322869863462414,0.009056954363636365,0.33292255418181815,0.770586691090909,0.0,2155.0
0.7928163999305371,0.0,0.5009593894285714,0.8884581162857144,0.0,2155.0
0.7080171540724889,0.0019827578,0.46940144219999996,0.8407915499999999,0.0,2155.0
0.7957507622091634,0.0664073371111111,0.44301644144444446,0.650674644,0.0,2155.0
0.7514092379742701,0.0007462163571428571,0.29092313635714284,0.5779057505714286,0.0,2155.0
0.7969804974283115,0.05683426444444444,0.29380560388888893,0.8339306983333334,0.0,2155.0
0.761092567509602,0.0,0.4908026220000001,0.8427387969166665,0.0,2155.0
0.8389906410374998,0.03338126227272727,0.477990361,0.7631646275454546,0.0,2155.0
0.7720925408207528,0.0,0.23815854530769237,0.5852273817692308,0.0,2155.0
0.8388741114613968,0.011938423,0.1628305445,0.536484484,0.0,2155.0
0.8213850573827041,0.0,0.17388818399999997,0.6031323897142858,0.0,2155.0
0.7645641114957039,0.00245737825,0.113208452,0.2835840914166667,0.0,2155.0
0.8291335134350472,0.013881226166666665,0.023315111666666666,0.05109766883333333,0.0,2155.0
0.8131046618611671,0.0,0.0421998625,0.10941575316666667,0.0,2155.0
0.7683650954433999,0.002165283583333333,0.06530411191666666,0.13170381525,0.0,2155.0
0.8362604808067399,0.006496184699999999,0.08071683269999999,0.10038167769999999,0.0,2155.0
0.7802648601337625,0.00142132,0.08610683092857142,0.09388181657142858,0.0,2155.0
0.8389108781918836,0.008139282,0.08672800650000001,0.09222704683333334,0.0,2155.0
0.7797322394517766,0.0,0.19830060710000003,0.30506802590000004,0.0,2155.0
0.7546034519690196,0.002210156875,0.38531560600000003,0.581032686,0.0,2155.0
0.81219865795776,0.006986246285714285,0.43600218128571433,0.7075591752857143,0.0,2155.0
0.7543685966859411,0.0009112968823529411,0.45619881758823533,0.8029725475294116,0.0,2155.0
0.8055315362852035,0.0098042932,0.43637255799999997,0.840265184,0.0,2155.0
0.7700050228095264,0.0,0.4970362304285714,0.8904012497142857,0.0,2155.0
0.8418756829940136,0.0059985307272727275,0.5601958964545455,0.9063278175454547,0.0,2155.0
0.7944573286889666,0.0,0.6083536063749999,0.8503262844999999,0.0,2155.0
0.7785358258521385,0.0004823882222222223,0.4589079274444445,0.6957976977777779,0.0,2155.0
0.8360123016669144,0.01704717042857143,0.25368346571428574,0.5746431485714286,0.0,2155.0
0.7926430266145249,0.0,0.20341123099999997,0.40430194325,0.0,2155.0
0.7823368096261556,0.0048493841000000005,0.11565309169999997,0.1755200495,0.0,2155.0
0.8352519049807604,0.03703638866666666,0.0530878715,0.09256838533333334,0.0,2155.0
0.797834040906984,0.0,0.08355371425,0.36277940374999995,0.0,2155.0
0.7823999984658447,0.0008958964444444444,0.32547468599999996,0.7252877325555556,0.0,2155.0
0.8320552558783426,0.01812736,0.5208643865,0.9029258243333333,0.0,2155.0
0.8173597411047469,0.0,0.5347325078571429,0.8834897612857144,0.0,2155.0
0.7633634648381015,0.005970428,0.45533073558333337,0.8954750635000002,0.0,2155.0
0.8294122851471276,0.06957762916666667,0.5746493826666667,0.9258238663333334,0.0,2155.0
0.7986530198113834,0.0,0.6567995925714285,0.8863053348571429,0.0,2155.0
0.7174887307826365,0.0067794356,0.6369146788,0.8494111438,0.0,2155.0
0.7964410434384912,0.2298688843333333,0.6527738573333334,0.8193067971666667,0.0,2155.0
0.7887020625940664,0.0,0.7638426301111111,0.881883848111111,0.0,2155.0
0.7408293276040148,0.015029638000000001,0.6501875804000001,0.8899921476999999,0.0,2155.0
0.8111948549742211,0.058141897399999996,0.3404087812,0.6947351212,0.0,2155.0
0.8183471900686292,0.0,0.19404964142857145,0.4697549297142857,0.0,2155.0
0.7956853008110479,0.0026078198181818182,0.07893191672727273,0.18939478036363636,0.0,2155.0
0.8578874091456459,0.05988637292307692,0.1855121816923077,0.3740634863846154,0.0,2155.0
0.8091094100248509,0.016859876666666666,0.42499274591666664,0.46094834833333337,0.0,2155.0
0.8578304185249553,0.1610157982,0.3331604322,0.5187207994,0.0,2155.0
0.8350269315181108,0.0,0.33209508375,0.44422281237500005,0.0,2155.0
0.8038712247045083,0.0029838435,0.24611665349999998,0.27464623390000004,0.0,2155.0
0.8644988265725272,0.133133685,0.34706089716666666,0.39118823566666666,0.0,2155.0
0.8536659252910936,0.0,0.45031316128571436,0.3797954117142857,0.0,2155.0
0.8031532426923872,0.015610622083333333,0.4273213877500001,0.5147872283333333,0.0,2155.0
0.8548073075701152,0.06716802275,0.16095000225,0.12244282025000001,0.0,2155.0
0.8077451932631531,0.0035556845833333334,0.24005402641666665,0.3756393735833334,0.0,2155.0
0.8505256320713626,0.025296864000000002,0.5523255284166667,0.7048228859166666,0.0,2155.0
0.7574479819697195,0.0013530463636363638,0.5595492424545454,0.6144136791818182,0.0,2155.0
0.8310077448132441,0.1640733671428571,0.44069257785714283,0.6415063138571429,0.0,2155.0
0.7876598788352355,0.001115052470588235,0.32614587982352944,0.5414012085294118,0.0,2155.0
0.835528438786537,0.080899794,0.25349090816666664,0.45609650816666664,0.0,2155.0
0.8036458069587625,0.0010963826666666667,0.1887124566666667,0.5036561213333334,0.0,2155.0
0.8651909622738235,0.056979759545454534,0.3449501970909091,0.7825262986363637,0.0,2155.0
0.812707951205884,0.008490359500000001,0.3262428425,0.6825045649285714,0.0,2155.0
0.8686379631445459,0.07380064899999998,0.1174038237142857,0.4677598481428572,0.0,2155.0
0.8228751201972555,0.0,0.11886855128571427,0.2563874962857143,0.0,2155.0
0.8176597962480816,0.0008194041111111111,0.264292991,0.41628369744444443,0.0,2155.0
0.8697973259921746,0.074619103,0.40709343650000007,0.7177807378750001,0.0,2155.0
0.8159570635193439,0.000263601625,0.6592675204999999,0.9083778785625001,0.0,2155.0
0.8607785684010796,0.02539160757142857,0.8567760897142858,0.8741308588571428,0.0,2155.0
0.8028291753375123,0.0,0.8234089572142855,0.9302093042857145,0.0,2155.0
0.852855274467566,0.003940284272727273,0.8023053638181817,0.9368895268181817,0.0,2155.0
0.7988900056012339,0.000363127875,0.8070213298124997,0.93730332075,0.0,1797.8125
0.8541607660130721,0.02799567646153846,0.726200074846154,0.9206901059999999,0.0,1520.0
0.7961451370577594,0.0013091485000000002,0.4013002115833333,0.7915734039166668,0.0,1520.0
0.854082845545049,0.008420946142857143,0.2791856328571428,0.7351241701428571,0.0,1520.0
0.8184545810481412,0.0,0.34215245575,0.8349726933333331,0.0,1520.0
0.8855750092254145,0.006535706500000001,0.4536967238333333,0.9015395175833335,0.0,1520.0
0.8745685079835439,0.0,0.49745581659999993,0.8988034131999999,0.0,1520.0
0.8167707841176702,0.0,0.5093804253636365,0.8732650249090909,0.0,1520.0
0.8626398119627582,0.0036445291666666667,0.467681346,0.8082312931666666,0.0,1520.0
0.8537085643743023,0.0,0.3858975582857143,0.6393425204285714,0.0,1520.0
0.8078976869955081,0.00010503118181818183,0.33864504854545446,0.6349858303636364,0.0,1520.0
0.8685340437754597,0.017597290166666668,0.3679337585,0.7911085669999999,0.0,1520.0
0.8572159161675754,0.0,0.464589291,0.8520335648749999,0.0,1520.0
0.827639377268828,0.0002676362,0.5137988976,0.7861643410999999,0.0,1520.0
0.8854457789809898,0.07260017975,0.37262076537499994,0.4894207325,0.0,1520.0
0.8275478443010384,0.0,0.22918959475000003,0.5025840453333333,0.0,1520.0
0.8744213591337284,0.0034821565,0.2565547706666667,0.7453269716666666,0.0,1520.0
0.881825667970754,0.004255008,0.30472262,0.7441591638333334,0.0,1520.0
0.8093639577950458,0.0001957069411764706,0.360538672117647,0.6871023931764706,0.0,1520.0
0.8395909932933315,0.0025792176666666667,0.467415675,0.8157909726666666,0.0,1520.0
0.8178250758140038,0.0,0.5916426403749999,0.8873141192499999,0.0,1520.0
0.7734666004968768,0.00039828629999999997,0.6120238226,0.9090362893000001,0.0,1520.0
0.8344015582716638,0.004612603142857143,0.6228525992857142,0.9224680068571428,0.0,1520.0
0.797938562583754,0.0,0.4621107645,0.8417590271666667,0.0,1520.0
0.8676038246297353,0.0,0.2661405665,0.5545689245,0.0,1520.0
0.8693872630065632,0.005419603285714286,0.1768317237142857,0.3978385015714286,0.0,1520.0
0.8528769170453848,0.0,0.12310295571428571,0.3715569202857143,0.0,1520.0
0.8202637844935289,0.0,0.12248380169999999,0.5466954767000001,0.0,1520.0
0.8777415658979262,0.015368205125,0.113276380875,0.48903163675,0.0,1520.0
0.8527314956894966,0.0,0.11228699149999999,0.5063870663333333,0.0,1520.0
0.8289347322144146,0.001465548181818182,0.11064109627272728,0.4006581294545455,0.0,1520.0
0.8820944403562869,0.009940491833333334,0.09024907900000001,0.20091618216666665,0.0,1520.0
0.8763534038618236,0.0,0.08231360933333333,0.24100642166666666,0.0,1520.0
0.8273716365897376,0.0,0.07708594172727273,0.27561431536363634,0.0,1520.0
0.8840665357046864,0.005504850153846153,0.09371153300000001,0.36653856638461535,0.0,1520.0
0.8334060004877657,0.0,0.087363063,0.3187932724545455,0.0,1520.0
0.8929789000865055,0.010208982142857143,0.07928825485714286,0.2923094648571429,0.0,1520.0
0.88815519978368,0.0,0.0712790125,0.2535167188333333,0.0,1520.0
0.8038996276646406,0.0016613401666666667,0.07305040983333334,0.2906205020833333,0.0,1520.0
0.8617112734593079,0.028322558428571426,0.08178256285714285,0.31144529028571427,0.0,1520.0
0.8139048372933471,0.0,0.09135258616666668,0.37037588841666663,0.0,1520.0
0.8412789989944927,0.0099254077,0.10371479759999999,0.5091729067999999,0.0,1520.0
0.8592082105292922,0.0,0.184365616,0.6587754981428571,0.0,1520.0
0.8338471439802658,0.0004142705,0.3062600855,0.70939655575,0.0,1520.0
0.8871672208506671,0.009729130857142857,0.2458619621428571,0.6081154805714286,0.0,1520.0
0.84150169394642,0.0,0.10426595599999999,0.285054171375,0.0,1520.0
0.88367067752101,0.021603866666666666,0.06701274133333333,0.20968982233333333,0.0,1520.0
0.8801356712351175,0.0,0.08394996299999999,0.23544053471428575,0.0,1520.0
0.8311522486749623,0.0005625879166666666,0.09798388716666667,0.23187269975000002,0.0,1520.0
0.883276610466377,0.006739964333333333,0.10336018416666666,0.41257054183333336,0.0,1520.0
0.8317625232622728,0.0,0.10617879499999999,0.5172027251818183,0.0,1520.0
0.877255794459519,0.0073970805333333335,0.11183334293333333,0.5137725431333333,0.0,1520.0
0.8525345855906507,0.0005660967999999999,0.15462968040000002,0.532841655,0.0,1520.0
0.8988649120705529,0.004200768666666667,0.20112477333333334,0.47875344000000003,0.0,1520.0
0.8105341574340686,0.0005587336666666667,0.20993907308333334,0.4123629680833334,0.0,1520.0
0.8663542377643795,0.007311928285714286,0.17461438757142858,0.30932785185714284,0.0,1520.0
0.8238847203645937,0.0004050605882352941,0.08437115223529412,0.15224824135294118,0.0,1520.0
0.8669127958114624,0.014619744571428573,0.042539442571428575,0.115915866,0.0,1520.0
0.8467496419591156,0.0,0.08353360783333334,0.37398510183333333,0.0,1520.0
0.9140615722143709,0.0022251574,0.14332406599999997,0.4544641555999999,0.0,1520.0
0.9075620366775451,0.016967102571428572,0.220421181,0.5021249635714286,0.0,1520.0
0.8787384464477598,0.0,0.31123127316666666,0.5669723593333332,0.0,1520.0
0.8370567485509198,0.0006254095454545455,0.4339382035454545,0.8004471316363637,0.0,1520.0
0.8762432676422165,0.02030932657142857,0.5234752692857143,0.8543803362857142,0.0,1520.0
0.8102560978233471,0.0,0.43709039624999996,0.8688047895833332,0.0,1520.0
0.8710274530051446,0.0061288602,0.41017456459999996,0.8189969008,0.0,1520.0
0.8769052041028166,0.07968174833333333,0.2562698765,0.5873792503333333,0.0,1520.0
0.8487755649053601,0.0002493593888888889,0.08129833955555556,0.20169499116666667,0.0,1520.0
0.8718207008687701,0.0059463393076923075,0.09088295592307692,0.2638275253076924,0.0,1520.0
0.8276917157339204,0.0,0.0833192326,0.31783649939999997,0.0,1520.0
0.8841574964853343,0.012848170111111109,0.05867133055555556,0.2440698257777778,0.0,1520.0
0.852480895409518,0.0,0.07280800300000001,0.17469947940000002,0.0,1520.0
0.7958327958700999,0.0004997735454545455,0.3334591671818182,0.6286907155454545,0.0,1520.0
0.8442259411454024,0.023212822166666664,0.553051528,0.7588458063333334,0.0,1520.0
0.8387307054947453,0.0,0.5274296088571429,0.664537019,0.0,1520.0
0.7878077031366623,0.0,0.3032149981,0.41283363800000006,0.0,1520.0
0.8525218379029966,0.017010771874999997,0.114038237375,0.2029367275,0.0,1520.0
0.8208564570390972,0.0,0.19609776091666664,0.401890377,0.0,1520.0
0.8909153439563952,0.001253157,0.34625109919999997,0.5399745730000001,0.0,1520.0
0.8889975437653806,0.006377966285714285,0.655891199,0.8138932648571428,0.0,1520.0
0.8433248341865329,0.0,0.8525349707142856,0.9249557891428571,0.0,1520.0
