Demand,Avail_Sol,Avail_Wind_On,Avail_Wind_Off,Hyd_In,HydRoR_In
0.6708776322453996,0.0,0.48216583240000005,0.6652320778,7983.0,1543.0
0.8663357091258895,0.0508035582,0.422750995,0.6759740707999999,7983.0,1543.0
0.8859148650816289,0.5297698766,0.507843699,0.583952002,7983.0,1543.0
0.8775463207576204,0.11486824128571428,0.5770967762857142,0.7086060158571428,7983.0,1543.0
0.6906838608269054,0.0,0.47108939642857145,0.660560748,7983.0,1543.0
0.8576713433290332,0.0354202196,0.42605422119999997,0.6700220426,7983.0,1543.0
0.8765712748641812,0.40573360440000006,0.400822079,0.6484656938,7983.0,1543.0
0.8830648363477609,0.153133832,0.41580291799999997,0.6373633498,7983.0,1543.0
0.8219472624317236,0.0,0.44116667233333334,0.6648782353333333,7983.0,1543.0
0.6718886648581024,0.0,0.4251865350000001,0.7180353663333333,7983.0,1543.0
0.846400725636391,0.057049127,0.37376099716666666,0.7160386736666666,7983.0,1543.0
0.8594372295180246,0.35067178025,0.3859958125,0.63330520025,7983.0,1543.0
0.8584034217666244,0.09347620842857142,0.4083123647142857,0.6381054215714286,7983.0,1543.0
0.68698875182281,0.0,0.3999831132857143,0.6684982654285714,7983.0,1543.0
0.8418070553918401,0.07340905966666667,0.3987821201666666,0.5983303743333334,7983.0,1543.0
0.8591074769840669,0.41327723516666665,0.43959932250000006,0.5408936715,7983.0,1543.0
0.8650838043440077,0.0242498422,0.46874363399999996,0.6198475586000001,7983.0,1543.0
0.6876488077203555,0.0,0.4998185945714286,0.6322972929999999,7983.0,1543.0
0.8448963533677472,0.025487623199999997,0.49248400280000004,0.5801265378,7983.0,1543.0
0.8791531000389172,0.276360227,0.4674147716666666,0.6643259789999999,7983.0,1543.0
0.8912346216272279,0.03891400083333333,0.2770188713333333,0.6835056123333333,7983.0,1543.0
0.6756813368985928,0.0,0.21338642114285714,0.5117016082857143,7983.0,1543.0
0.7242583212048231,0.015284449,0.2708335704,0.46078456279999996,7983.0,1543.0
0.7882156819058915,0.23827441375,0.3213681555,0.43554632849999997,7983.0,1543.0
0.8086994325088896,0.20325409049999998,0.48977132425000003,0.5115763995,7983.0,1543.0
0.8103254544265144,0.0004803235,0.528378441,0.41867320775,7983.0,1543.0
0.6713653438477675,0.0,0.44161870728571423,0.5369008821428572,7983.0,1543.0
0.7225786386501177,0.023809343400000002,0.36634691680000003,0.6560333342,7983.0,1543.0
0.7924161213843367,0.3118245086666667,0.3183151608333333,0.46004603699999996,7983.0,1543.0
0.8257495233460931,0.051008519499999995,0.18346737616666667,0.30224606416666666,7983.0,1543.0
0.7077363743209247,0.0,0.11046022642857144,0.168664127,7983.0,1543.0
0.8835192009178658,0.044947507000000005,0.112383937,0.1645771754,7983.0,1543.0
0.9208022544511151,0.5478587531666667,0.06497721083333334,0.23236571333333333,7983.0,1543.0
0.9158072996039855,0.09071288099999998,0.07690444516666667,0.21134417466666666,7983.0,1543.0
0.7167695513238618,0.0,0.13362109742857142,0.34655480928571425,7983.0,1543.0
0.8812903251334809,0.028772457399999996,0.2607925382,0.44102986099999997,7983.0,1543.0
0.9202657974114258,0.257975089,0.36174966340000003,0.6042898054,7983.0,1543.0
0.9100637351201893,0.03494745485714286,0.3686478532857143,0.6838924041428571,7983.0,1543.0
0.701672415427755,0.0,0.23036033357142857,0.5896583281428571,7983.0,1543.0
0.867772083048085,0.0224949548,0.275870607,0.4898127964,7983.0,1543.0
0.8960251570379265,0.3185723658333333,0.5898736428333333,0.6133843951666667,7983.0,1543.0
0.8814358979530449,0.05412239357142857,0.656661705142857,0.812920456,7983.0,1543.0
0.68195761405609,0.0,0.6288828761666667,0.8062446295000001,7983.0,1543.0
0.84856094302321,0.00102475925,0.58418472775,0.7748827245000001,7983.0,1543.0
0.8989526011290696,0.4681923437142857,0.5846620455714285,0.7342251822857143,7983.0,1543.0
0.9010672483495935,0.089392998,0.4660199191666667,0.5735714476666667,7983.0,1543.0
0.7113508652205972,0.0,0.2925977355714286,0.370737172,7983.0,1543.0
0.8690104884485963,0.00118373025,0.17762419175000002,0.247044161,7983.0,1543.0
0.9134114744981587,0.5309098452857143,0.10726803085714286,0.14679667785714284,7983.0,1543.0
0.9024382180797316,0.08934700833333332,0.09477923033333334,0.2747886313333333,7983.0,1543.0
0.7056534478014713,0.007343819333333334,0.14787282000000002,0.263828122,7983.0,1543.0
0.796288491715007,0.228091145,0.2179701404285714,0.47121766857142855,7983.0,1543.0
0.8162301202280471,0.0207109302,0.27864293560000003,0.550314092,7983.0,1543.0
0.6759593756291329,0.0,0.261253986125,0.509602741125,7983.0,1543.0
0.7524744414554777,0.0769806242,0.1636643318,0.4185941436,7983.0,1543.0
0.788784091841223,0.33958127260000004,0.12319261320000001,0.34691709,7983.0,1543.0
0.8208988967257348,0.058743329000000004,0.12352495549999999,0.3080493351666667,7983.0,1543.0
0.7105270713036221,0.0,0.13650952385714285,0.3318240025714286,7983.0,1543.0
0.8845879008817864,0.052891029,0.14665194339999998,0.4653177512,7983.0,1543.0
0.9101849143127251,0.6040606298333334,0.13223125533333333,0.4803854705000001,7983.0,1543.0
0.9049014590841855,0.09253127616666666,0.25208758783333335,0.592777567,7983.0,1543.0
0.7047352487630398,0.0,0.3017604485714286,0.5817984882857143,7983.0,1543.0
0.8658560686994523,0.0433684156,0.3131224286,0.5530587285999999,7983.0,1543.0
0.8792086493464434,0.4706632368333334,0.254022311,0.5207443625,7983.0,1543.0
0.8746137772246376,0.09238137833333333,0.37690207099999995,0.6069256381666667,7983.0,1543.0
0.6896252763467904,0.0,0.4193767965714285,0.7069686131428572,7983.0,1543.0
0.8571312870520694,0.10409031283333332,0.3871295821666667,0.7284699469999999,7983.0,1543.0
0.8700542824836888,0.6352012314,0.29669494259999996,0.5739560616,7983.0,1543.0
0.8807902193214474,0.13448981299999999,0.2737252003333333,0.5795888306666667,7983.0,1543.0
0.6993873878188978,0.0,0.2147008197142857,0.5279890205714286,7983.0,1543.0
0.8717176420969002,0.06758559480000001,0.14579287059999999,0.5037488004,7983.0,1543.0
0.8862422287067834,0.7096806062857143,0.06675357442857142,0.47364412957142854,7983.0,1543.0
0.8808873736317843,0.060185496399999996,0.1020093862,0.5170397028,7983.0,1543.0
0.7055592433325845,0.0,0.14106973085714286,0.45144940885714285,7983.0,1543.0
0.872671800329357,0.044223743200000006,0.1702417394,0.37837850580000004,7983.0,1543.0
0.8798147903874279,0.5828475773333334,0.16575736316666667,0.41673013733333336,7983.0,1543.0
0.8768059522014453,0.12845273383333336,0.2551255188333333,0.4935715948333333,7983.0,1543.0
0.7059646150275127,0.0,0.2050813745,0.48512291175,7983.0,1543.0
0.6877320747774861,0.0010025762857142858,0.2350420888571429,0.48558745557142863,7983.0,1543.0
0.7817986758261913,0.50779705675,0.2442646135,0.48560016924999994,7983.0,1543.0
0.7603375397943537,0.5641746054000001,0.3792575704,0.5434903682,7983.0,1543.0
0.7958715076500056,0.00167326375,0.48771157775,0.6245585687499999,7983.0,1543.0
0.667892348265498,0.0,0.437427215,0.6930909911666667,7983.0,1543.0
0.6832305008453423,0.0013456065999999998,0.3832994052,0.6460342552,7983.0,1543.0
0.7636276299170417,0.35176569800000007,0.280696848,0.562198883,7983.0,1543.0
0.7348294652802856,0.58748509625,0.29715772025,0.5188512005,7983.0,1543.0
0.7688232426320657,0.11449457716666667,0.2847141005,0.5246031635,7983.0,1543.0
0.6863810522301448,0.0,0.2300291877142857,0.5178783217142857,7983.0,1543.0
0.8559585091688963,0.045418841,0.2139136788,0.47512739919999997,7983.0,1543.0
0.8705205147477063,0.5288913525000001,0.147641716125,0.436533522125,7983.0,1543.0
0.8680953067828336,0.002103274,0.21306038075,0.417241213,7983.0,1543.0
0.6972890889948442,0.0,0.173233018,0.303580554,7983.0,1543.0
0.8545016401112924,0.00216273725,0.1241009625,0.19711716025,7983.0,1543.0
0.9003642433926088,0.35357584566666667,0.07073074133333333,0.13744664166666667,7983.0,1543.0
0.8774501614151612,0.5879861315,0.0501619975,0.11454991916666667,7983.0,1543.0
0.8751469347126214,0.00238462075,0.0546015155,0.1215128365,7983.0,1543.0
0.7049771968008053,0.0,0.04785541471428572,0.13437999685714289,7983.0,1543.0
0.8843350635216644,0.11235012516666666,0.07861637916666668,0.24730534733333331,7983.0,1543.0
0.8899971636617242,0.6639807226666666,0.0909642555,0.3017004218333333,7983.0,1543.0
0.8891387018715632,0.0558484482,0.122661851,0.36607432160000003,7983.0,1543.0
0.6927179969832357,0.0,0.13166617785714285,0.2670665842857143,7983.0,1543.0
0.8608195869099443,0.021356117200000004,0.2050663314,0.27898445980000003,7983.0,1543.0
0.8966854113874455,0.29153314783333334,0.3131972635,0.5684627021666666,7983.0,1543.0
0.881543480217096,0.056079257428571436,0.4258733548571429,0.746872546142857,7983.0,1543.0
0.6792303852268889,0.0,0.5332727958333333,0.783098361,7983.0,1543.0
0.8475579422750562,0.0014635325,0.56695741225,0.8326192667499999,7983.0,1543.0
0.9138097355284991,0.4661166512857143,0.579971513,0.7337990032857142,7983.0,1543.0
0.9082071167971421,0.10745425799999998,0.6099473683333333,0.6850918435,7983.0,1543.0
0.6817885313676166,0.0,0.4998151045,0.551269611875,7983.0,1543.0
0.722154285281292,0.0036522773333333334,0.4625057346666666,0.487267313,7983.0,1543.0
0.7892746922187001,0.4159684903333334,0.40189943933333333,0.36523160866666665,7983.0,1543.0
0.7757935289197042,0.5876595206666667,0.4867917193333334,0.337665818,7983.0,1543.0
0.8026402307295487,0.3513364536666666,0.4561486476666667,0.40226136966666665,7983.0,1543.0
0.8086758681885765,0.00323364875,0.426587793,0.45654614875,7983.0,1543.0
0.6862960441448626,0.000804976,0.4579978367272727,0.41800537336363647,7983.0,1543.0
0.7626066163059441,0.5720004905714285,0.4884314671428571,0.5240739354285714,7983.0,1543.0
0.7865676993531198,0.13591589866666667,0.48353793083333335,0.6138610348333333,7983.0,1543.0
0.6929937923039972,0.0,0.400151091,0.4109898362857143,7983.0,1543.0
0.8690191837428924,0.0671010222,0.3429381962,0.33855656759999997,7983.0,1543.0
0.8767390402469944,0.7437897360000001,0.2467004545,0.3033839658333333,7983.0,1543.0
0.8732004783494758,0.1663427885,0.26094198916666667,0.38493369083333334,7983.0,1543.0
0.7017941854319233,0.0,0.2034380087142857,0.38613730514285705,7983.0,1543.0
0.8769481920070978,0.0678447026,0.1831040846,0.3992341016,7983.0,1543.0
0.882541605578098,0.7306435223333333,0.11206492850000001,0.379842501,7983.0,1543.0
0.8843297021393082,0.4516243795,0.116041606,0.38491121949999996,7983.0,1543.0
0.8575361240567464,0.003350285,0.14807747559999998,0.344516617,7983.0,1543.0
0.6922698312239088,0.0,0.12302275666666666,0.2573493883333334,7983.0,1543.0
0.878480022136914,0.068846329,0.0985569624,0.2162588848,7983.0,1543.0
0.8856393007329286,0.7541213336666667,0.057242965,0.261079227,7983.0,1543.0
0.8844278147135952,0.1621933925,0.10283151433333333,0.47342496999999995,7983.0,1543.0
0.7132395381957654,0.0,0.12719633471428574,0.5082940287142858,7565.142857142857,1462.2857142857142
0.8905146935508548,0.00339088225,0.22640462774999998,0.5847287815,7398.0,1430.0
0.9353357791695781,0.39125302828571434,0.3825866918571429,0.6213563862857143,7398.0,1430.0
0.9332867930832974,0.09320211483333335,0.5477518835,0.7588743838333333,7398.0,1430.0
0.7153118963576902,0.0,0.5126090797142857,0.721226583,7398.0,1430.0
0.89560812776209,0.00265162475,0.54179157075,0.671493472,7398.0,1430.0
0.9619881444293594,0.368068298,0.4873868905,0.600867677,7398.0,1430.0
0.9390083835349978,0.6392237276666667,0.5982977476666667,0.5779807951666666,7398.0,1430.0
0.9328837385117259,0.0785700496,0.48906897699999996,0.6209700192,7398.0,1430.0
0.713252018396587,0.0028054372727272727,0.34697062645454546,0.6078889628181817,7398.0,1430.0
0.7971395173438399,0.5564175445714287,0.33982018942857145,0.5479555631428571,7398.0,1430.0
0.7988696113760176,0.07834698562499999,0.41995180762499995,0.667805999875,7398.0,1430.0
0.6892434521273686,0.0009140406666666667,0.33821790977777777,0.588545886111111,7398.0,1430.0
0.810633507023994,0.3186085652,0.3084382932,0.4582304014,7398.0,1430.0
0.8307615847278247,0.365020892,0.3258722813333333,0.387585539,7398.0,1430.0
0.8415418017341036,0.0409049632,0.26165792520000003,0.47216299939999995,7398.0,1430.0
0.7184580444042207,0.0,0.25896434175,0.548230899875,7398.0,1430.0
0.9424165084513499,0.04537419325,0.298724544,0.62131411575,7398.0,1430.0
0.9646088323152879,0.42844368775,0.33285956275,0.5488304205,7398.0,1430.0
0.9654529736276358,0.4023340516666667,0.39468179733333336,0.6038823400000001,7398.0,1430.0
0.9377700078382756,0.0484255066,0.39221789999999995,0.643016852,7398.0,1430.0
0.7349539243873996,0.0,0.39104548125,0.49868361475,7398.0,1430.0
0.7455476705639537,0.0,0.4448384152,0.4695218914,7398.0,1430.0
0.9674102308592417,0.08236878933333333,0.42722398433333336,0.523230973,7398.0,1430.0
0.9493228482769034,0.47518767433333337,0.41734385016666664,0.4500755998333333,7398.0,1430.0
0.9273316538929077,0.08673333442857144,0.38824915271428573,0.47853631499999993,7398.0,1430.0
0.7088190889800079,0.0,0.31213477466666667,0.5115815401666667,7398.0,1430.0
0.9044222588732113,0.011544404,0.32949003825,0.46900010375,7398.0,1430.0
0.956673174286398,0.6158287488571429,0.3560955744285715,0.3628778844285714,7398.0,1430.0
0.9442782284342366,0.11724045316666666,0.3493438975,0.3952341986666666,7398.0,1430.0
0.7256390906220515,0.0,0.2808061392857143,0.4014222152857143,7398.0,1430.0
0.9043399885003454,0.0124896565,0.26898647275,0.355151636,7398.0,1430.0
0.9678979174978031,0.643935452,0.21389669285714283,0.2761730601428572,7398.0,1430.0
0.9881914877472106,0.22326325975,0.19639217375,0.20008729225,7398.0,1430.0
0.7606598358415737,0.0,0.13033928711111112,0.2833291414444445,7398.0,1430.0
0.9198491731786472,0.0654188294,0.1010719802,0.327269145,7398.0,1430.0
0.9534552453327836,0.4954505761428571,0.18767786385714286,0.43680579357142857,7398.0,1430.0
0.9128304892336837,0.04247973633333333,0.34357191299999995,0.4212846903333333,7398.0,1430.0
0.6891001865853323,0.0,0.34737643475,0.46568815525,7398.0,1430.0
0.7050186463533725,0.009021635833333333,0.3249781261666667,0.514229731,7398.0,1430.0
0.7996557234215137,0.5643195588571429,0.3426043658571429,0.47694322214285706,7398.0,1430.0
0.8253532958325863,0.12628488516666667,0.36260662016666667,0.5818891684999999,7398.0,1430.0
0.7049332238968478,0.0045844959999999995,0.26641426218181813,0.5573364838181818,7398.0,1430.0
0.7798861074435282,0.4347749534285715,0.325476025,0.48597302957142857,7398.0,1430.0
0.7900676713355902,0.08305951485714284,0.43148002528571433,0.6185372505714285,7398.0,1430.0
0.6881002411246823,0.0,0.3406622604285715,0.43649733114285716,7398.0,1430.0
0.9084546457934101,0.012936038666666665,0.28475357566666665,0.29075413899999997,7398.0,1430.0
0.9365830546311416,0.3469386546666667,0.2609053493333333,0.303542276,7398.0,1430.0
0.9358641449897376,0.624528399,0.34407808075,0.3538993465,7398.0,1430.0
0.9641874366203316,0.45131669649999995,0.346633929,0.277916779,7398.0,1430.0
0.925674326600898,0.027177807,0.2479379545,0.270512872,7398.0,1430.0
0.7238716793018162,0.0,0.22204932800000002,0.44604120557142857,7398.0,1430.0
0.9190400111941811,0.06686106779999999,0.29941261960000004,0.5416307666,7398.0,1430.0
0.9453014494305082,0.521081019,0.42860102825,0.60927378375,7398.0,1430.0
0.9351033119637853,0.3912208486666667,0.5511136616666666,0.6210915340000001,7398.0,1430.0
0.8983188315302925,0.03843896,0.45737004916666674,0.4825280731666666,7398.0,1430.0
0.6963943896530779,0.0,0.43106300700000005,0.44131268485714287,7398.0,1430.0
0.9228175972639413,0.05567855050000001,0.4201640805,0.52309948825,7398.0,1430.0
0.9133337728476224,0.3179489678,0.4604654282,0.5434810242,7398.0,1430.0
0.9200578411070146,0.238496297,0.4553905675,0.564955976,7398.0,1430.0
0.9054159649044934,0.0405877962,0.38486022340000003,0.5469052264,7398.0,1430.0
0.6960600571996639,0.0,0.32102602357142856,0.5013967795714286,7398.0,1430.0
0.8712115365932023,0.0199694285,0.2584987385,0.438906703,7398.0,1430.0
0.9034208869739789,0.45414564942857144,0.16464825314285716,0.29991094757142855,7398.0,1430.0
0.8919404048306264,0.09516372166666666,0.126883898,0.23307148083333332,7398.0,1430.0
0.7014105620291489,0.0,0.0755874475,0.13616854412499999,7398.0,1430.0
0.9130506026503855,0.066620158,0.046987389750000004,0.087455544,7398.0,1430.0
0.9042220192542703,0.5264265854000001,0.0385481352,0.06365800960000001,7398.0,1430.0
0.899182990237593,0.44512044500000003,0.0634196305,0.100304124,7398.0,1430.0
0.8724645012118076,0.06254048016666668,0.09506994299999999,0.23684537649999995,7398.0,1430.0
0.6590231846929381,0.0,0.09156620671428572,0.33240287885714287,7398.0,1430.0
0.7443906786231382,0.07408716975,0.144604799,0.28791369925,7398.0,1430.0
0.7724529340061596,0.5370407494,0.190620957,0.2266596072,7398.0,1430.0
0.7868261072403788,0.408069159,0.251744606,0.256718139,7398.0,1430.0
0.7932478932369535,0.0195760668,0.2714808608,0.2471613296,7398.0,1430.0
0.683851059074718,0.010317398699999999,0.24389256040000004,0.1989104422,7398.0,1430.0
0.777862856291707,0.549173411625,0.20021093575,0.231476948875,7398.0,1430.0
0.8004365713397729,0.0756050314,0.2292285402,0.3291654142,7398.0,1430.0
0.6931102377171412,0.0,0.19343571142857144,0.23980697014285715,7398.0,1430.0
0.8905851150031339,0.0536190202,0.1596605922,0.2540559856,7398.0,1430.0
0.8992292995062856,0.4450306933333333,0.16917478416666668,0.30510469833333337,7398.0,1430.0
0.8963051353123174,0.08667321183333333,0.23544562866666663,0.3921371693333333,7398.0,1430.0
0.6959848372457246,0.0,0.29719865157142855,0.3723978141428571,7398.0,1430.0
0.8811708294207212,0.08082208599999999,0.333176398,0.35508653840000004,7398.0,1430.0
0.8967251340060112,0.575898307,0.362181294,0.301544576,7398.0,1430.0
0.8891202530895391,0.4880537026666667,0.44311730066666666,0.3315619216666667,7398.0,1430.0
0.8719294160908428,0.070034501,0.4617872873333333,0.48392004083333334,7398.0,1430.0
0.6831859958788044,0.0,0.4593794534999999,0.5846041928333333,7398.0,1430.0
0.8801038057933425,0.03547337575,0.49520207675000005,0.51671447075,7398.0,1430.0
0.9151343246310809,0.6550776505,0.523189742,0.5211467383333334,7398.0,1430.0
0.9155700407497059,0.5186716843333333,0.5188428333333333,0.4920303803333333,7398.0,1430.0
0.8860947080327355,0.033892832,0.45924758260000004,0.46084447619999996,7398.0,1430.0
0.761474454411044,0.0,0.3295046443333333,0.4265898331111112,7398.0,1430.0
0.9767512488509065,0.31513225500000003,0.243854387,0.40537148749999996,7398.0,1430.0
0.9337218379753363,0.8157733894,0.2258707216,0.26214514499999997,7398.0,1430.0
0.9325805883633123,0.7548642845,0.27921802100000004,0.3246054145,7398.0,1430.0
0.9443831305930328,0.176056474,0.28777138150000003,0.38558473299999996,7398.0,1430.0
0.7448489900386693,0.0,0.2050111701111111,0.3415586755555555,7398.0,1430.0
0.9421853054801171,0.07072716566666666,0.16122440233333335,0.3552058536666666,7398.0,1430.0
0.9403675089391144,0.8095485192857143,0.08125324714285716,0.321427965,7398.0,1430.0
0.9418728779005314,0.592045794,0.0568760445,0.334421042,7398.0,1430.0
0.8976278229678483,0.0454345598,0.07904157059999999,0.3358604394,7398.0,1430.0
0.6985893866664802,0.0,0.05325631311111111,0.27634286722222223,7398.0,1430.0
0.8097099718659688,0.371018138,0.035860835,0.298634562,7398.0,1430.0
0.7880508367585861,0.8490238483333332,0.026907924666666666,0.23946655549999998,7398.0,1430.0
0.8087906696928342,0.5447616049999999,0.0522162765,0.3016285475,7398.0,1430.0
0.8176796612157329,0.05092371775,0.07063494675000001,0.3047297855,7398.0,1430.0
0.7008988680561099,0.0,0.0412627634,0.20342835990000002,7398.0,1430.0
0.801834821011558,0.34306564100000003,0.0553861635,0.190885563,7398.0,1430.0
0.7697893691254704,0.8342211931666667,0.06352354233333334,0.23951000983333334,7398.0,1430.0
0.779888207856154,0.5893663035,0.0982711225,0.320308356,7398.0,1430.0
0.7437987807240898,0.021162358090909092,0.17156250654545455,0.46397917927272725,7398.0,1430.0
0.8724910428415701,0.0,0.20423655799999998,0.670775695,7398.0,1430.0
0.9602040435584228,0.351547369,0.190514175,0.684256196,7398.0,1430.0
0.9116268197778643,0.804444782,0.15273295520000002,0.5746341588,7398.0,1430.0
0.9134422180360671,0.6385495059999999,0.201658638,0.5833340025,7398.0,1430.0
0.9285355744494721,0.1274546255,0.290443752,0.63787512075,7398.0,1430.0
0.7235497578288127,0.0,0.30237973925,0.6792163925000001,7398.0,1430.0
0.8681923346084148,0.0,0.295351374,0.727314189,7398.0,1430.0
0.9697171098662883,0.20357380733333333,0.2998288433333333,0.6753465506666666,7398.0,1430.0
0.9656137434107233,0.3961637468,0.3230789546,0.7195797043999999,7398.0,1430.0
0.9957435741579093,0.1887583945,0.291928939,0.69374989,7398.0,1430.0
0.9050546495929611,0.0091383218,0.280407694,0.675517366,7398.0,1430.0
0.6916449448773826,0.0,0.4498235871666667,0.7541467626666666,7398.0,1430.0
0.8736253545748391,0.0047604095,0.56510662425,0.7701801937499999,7398.0,1430.0
0.940296386780774,0.1335167554,0.550501388,0.7144425456,7398.0,1430.0
0.9379608450789987,0.130014819,0.5988876276666667,0.5876840896666667,7398.0,1430.0
0.8917473637160139,0.017455684833333332,0.6226165153333333,0.5057686763333332,7398.0,1430.0
0.7201983651533604,0.0,0.6369959788888888,0.6157281535555554,3934.8888888888887,760.6666666666666
0.8964587503048098,0.09047180433333334,0.6755485596666667,0.6091952529999999,3502.0,677.0
0.8869991106963799,0.2478720613333333,0.7549316173333334,0.5459172616666667,3502.0,677.0
0.88774558424679,0.26678477233333336,0.84893873,0.6315939306666667,3502.0,677.0
0.8645178728937184,0.04568388083333333,0.8098334886666666,0.7516808159999999,3502.0,677.0
0.6761112366645777,0.0,0.5908132678333333,0.748575192,3502.0,677.0
0.8177989227823907,0.0,0.39834664,0.7214262746666668,3502.0,677.0
0.9099822740986179,0.14924725,0.39527491800000003,0.395851486,3502.0,677.0
0.8896399252142185,0.29848209,0.5756778128333334,0.7142166261666666,3502.0,677.0
0.8709831274581931,0.06440092571428571,0.7864769465714285,0.7521922818571429,3502.0,677.0
0.6578843045865731,0.00012348944444444445,0.7467434726666667,0.7844489493333333,3502.0,677.0
0.7547205485780266,0.1996522435,0.6410640515,0.753848266,3502.0,677.0
0.7546731545741645,0.41251261683333335,0.6486295196666667,0.6835765105,3502.0,677.0
0.7913389509349664,0.055508144,0.5535601886666667,0.5402417174999999,3502.0,677.0
0.6675987440573004,0.0,0.40295975749999996,0.4871140121,3502.0,677.0
0.7603390006620117,0.125176821,0.2396886075,0.383083898,3502.0,677.0
0.7596124274862945,0.47277995325,0.27625086275,0.4494604525,3502.0,677.0
0.7605940060143221,0.5198469863333334,0.5054455566666667,0.4805269093333333,3502.0,677.0
0.7930765911377653,0.07759954520000001,0.5246598142,0.6537609339999999,3502.0,677.0
0.687308454993712,0.0,0.5971182814285714,0.6998070181428572,3502.0,677.0
0.8531549300684734,0.0440489192,0.5919831050000001,0.6052890972,3502.0,677.0
0.9028772664940767,0.339537043,0.49704725825,0.615373759,3502.0,677.0
0.895765937467283,0.36938684866666666,0.5582989669999999,0.8108502913333333,3502.0,677.0
0.9013097047443294,0.10153621475,0.58819684725,0.8093988485,3502.0,677.0
0.7495200856608769,0.0,0.5802339194999999,0.684869619,3502.0,677.0
0.7342610897392224,0.00032495985714285717,0.591275831,0.6556560317142858,3502.0,677.0
0.9070848779134547,0.26765012666666665,0.5563774709999999,0.6432793846666667,3502.0,677.0
0.8851590078816569,0.49363201425,0.5869731065,0.6852695904999999,3502.0,677.0
0.8930484715794765,0.3561100433333333,0.5886677876666666,0.755656886,3502.0,677.0
0.862858206188134,0.028967094199999998,0.4123925734,0.6669189122000001,3502.0,677.0
0.693341491961483,0.0,0.3611346258333333,0.6192364076666667,3502.0,677.0
0.8409528077658676,0.0010016823333333332,0.29861785766666665,0.5727352720000001,3502.0,677.0
0.9230709404277236,0.3581215385,0.230574309,0.543379858,3502.0,677.0
0.8898752331532909,0.6973175503333332,0.24070652183333333,0.4445797390000001,3502.0,677.0
0.9028057422358307,0.36217595599999997,0.2292664135,0.3280997685,3502.0,677.0
0.8605927136558382,0.018477618600000002,0.2561543836,0.5171998686,3502.0,677.0
0.6793422329611113,0.0,0.2897639473333333,0.4867943553333334,3502.0,677.0
0.8551197728984935,0.0271994644,0.2585242458,0.5091465684,3502.0,677.0
0.8875802475602487,0.241573766,0.28028862525,0.46859553049999997,3502.0,677.0
0.8811226564991474,0.27656424725,0.392740436,0.56634989925,3502.0,677.0
0.8861588323520793,0.039486333666666665,0.37931831433333335,0.6114532533333333,3502.0,677.0
0.718085453406233,0.0,0.4075968591666667,0.5364909703333333,3502.0,677.0
0.7532364137890554,0.0006878586,0.5051974334,0.6668312075999999,3502.0,677.0
0.8748721829151683,0.32480984742857144,0.5881535225714286,0.6952562047142858,3502.0,677.0
0.8735300436239455,0.250934321,0.689551042,0.7441466729999999,3502.0,677.0
0.8526957581355391,0.028352092500000006,0.7267173856666668,0.721573761,3502.0,677.0
0.6444202528576374,0.0,0.7252022515,0.7706016923333333,3502.0,677.0
0.6850060188020406,0.02042799375,0.6158165705,0.7402407017499999,3502.0,677.0
0.7477244542944073,0.39502540683333337,0.606336316,0.6266004418333333,3502.0,677.0
0.7534286183516169,0.40099248899999995,0.7120011095000001,0.669065832,3502.0,677.0
0.7838840327876967,0.07247282533333334,0.7311905451666667,0.7914564863333333,3502.0,677.0
0.656879610408392,0.00048615733333333335,0.791732672,0.8853390515555555,3502.0,677.0
0.7621158281112884,0.2725184733333333,0.8171388613333334,0.897844067,3502.0,677.0
0.7638643815707273,0.5349877011666667,0.8752529341666667,0.9183424885,3502.0,677.0
0.7790317639814143,0.06866899214285714,0.7973112489999999,0.9163048878571428,3502.0,677.0
0.6772373229632435,0.0,0.7093235289999998,0.8312965743333333,3502.0,677.0
0.8735506463232399,0.1330942845,0.5694695515,0.65234079225,3502.0,677.0
0.872027778430821,0.5331868834285715,0.6300339451428572,0.5933050564285715,3502.0,677.0
0.8826102188677039,0.2388756345,0.45222661799999997,0.5710185299999999,3502.0,677.0
0.8139809132773935,0.0007446502,0.26966030319999995,0.4709248824,3502.0,677.0
0.6631198441810904,0.0,0.24089698199999998,0.43260623875000004,3502.0,677.0
0.7809775760128129,0.00077679725,0.22152668925000002,0.3157965165,3502.0,677.0
0.9002577960520082,0.090961446,0.244128326,0.2284143995,3502.0,677.0
0.8718205472788088,0.4047159881428572,0.37475816042857135,0.2578513157142857,3502.0,677.0
0.8659981525033593,0.08691500980000001,0.2905046264000001,0.420801074,3502.0,677.0
0.6904209020494912,0.0,0.37344289314285717,0.5563955445714286,3502.0,677.0
0.8140167807166288,0.003082544333333333,0.48061985133333335,0.6592839243333333,3502.0,677.0
0.8927656681422784,0.1144548205,0.6013691925,0.701473692,3502.0,677.0
0.8753111945555849,0.22562414083333335,0.7726159335,0.7669533978333334,3502.0,677.0
0.889397359555453,0.1377939925,0.8042019655,0.797723988,3502.0,677.0
0.8696384262151466,0.016667347,0.77038378275,0.7628621787500001,3502.0,677.0
0.6899685789624539,0.0,0.6969949751666666,0.7281604196666667,3502.0,677.0
0.7776451699591181,0.0015102905,0.64564847075,0.72674457025,3502.0,677.0
0.8990745450653916,0.21022902249999997,0.581698182,0.775795718,3502.0,677.0
0.8804916283419157,0.5434590085000001,0.5723964275,0.71467417775,3502.0,677.0
0.8804278458435562,0.53621811,0.6620100796666667,0.7988945300000001,3502.0,677.0
0.8621230734318425,0.08667543766666667,0.4523407956666667,0.7008116365,3502.0,677.0
0.707025730567959,0.0,0.30899601525000003,0.4846033,3502.0,677.0
0.9012744460595108,0.10875586949999999,0.277730331,0.417157325,3502.0,677.0
0.8883327458063514,0.6359138665,0.36288171750000003,0.39584768033333334,3502.0,677.0
0.8849363113696211,0.599752718,0.526330824,0.5293955965,3502.0,677.0
0.8669331267660575,0.09760067683333334,0.4584084796666667,0.5664880605,3502.0,677.0
0.658953162213708,0.0,0.4437472974285715,0.5486778928571429,3502.0,677.0
0.7150881495600583,0.04411295233333334,0.4683664733333333,0.569735827,3502.0,677.0
0.7837922570669059,0.28143735233333333,0.49782615283333326,0.6862221026666667,3502.0,677.0
0.8035385712374816,0.272060707,0.4930550165,0.7270279825,3502.0,677.0
0.8142464727877817,0.0587713916,0.3509555666,0.6290462455999999,3502.0,677.0
0.6819859609608072,0.0,0.2685407416666667,0.6191303181111111,3502.0,677.0
0.7527572510164426,0.20218921599999998,0.2732877146666666,0.571023592,3502.0,677.0
0.7696883971851614,0.657927205,0.4371702496,0.5851708207999999,3502.0,677.0
0.772231375385865,0.573545791,0.562436775,0.5491240645,3502.0,677.0
0.8041253363765304,0.1202016776,0.4587636014,0.46627764339999994,3502.0,677.0
0.6972603923823207,0.0,0.4056674945714286,0.5921978005714285,3502.0,677.0
0.8272806323712141,0.008839085666666666,0.43688015733333335,0.5819375636666666,3502.0,677.0
0.9110414406730666,0.23157860600000002,0.5396519005,0.6880343314999999,3502.0,677.0
0.8940099686837216,0.3577144908,0.7514012816,0.8516618542,3502.0,677.0
0.9052499882734736,0.31093022866666664,0.7843890509999999,0.8648214463333334,3502.0,677.0
0.889544645491288,0.0442127445,0.7425500827500001,0.86614113775,3502.0,677.0
0.7070929644533342,0.0,0.6757164378333335,0.8707094021666668,3502.0,677.0
0.7999247860503226,0.006865892,0.63886075675,0.8133720172500001,3502.0,677.0
0.9309580783529553,0.366050488,0.623231334,0.8153877865000001,3502.0,677.0
0.9076558912781667,0.6974907306,0.7110034336,0.7987510004,3502.0,677.0
0.8993287075469631,0.612969925,0.7586052000000001,0.738125061,3502.0,677.0
0.9298671649197388,0.32641922700000003,0.713568672,0.7483004740000001,3502.0,677.0
0.8582936622063894,0.002557476,0.6585748087500001,0.6653442325,3502.0,677.0
0.6967316238995369,0.0,0.6229823050000001,0.6194894653999999,3502.0,677.0
0.8086828684095535,0.01133817425,0.57438998675,0.60064271475,3502.0,677.0
0.9198414814890835,0.5062326013333334,0.515363954,0.5265548676666666,3502.0,677.0
0.8912176088035872,0.914196174,0.52580447275,0.40258773249999996,3502.0,677.0
0.8932638790626388,0.7985406104999999,0.557197123,0.42572823449999997,3502.0,677.0
0.8933003926973594,0.17475646279999998,0.5183022956,0.4383911462,3502.0,677.0
0.7124424274737707,0.0,0.378404173,0.3330212655714285,3502.0,677.0
0.8446524766597427,0.017385905666666666,0.30446978333333335,0.278987276,3502.0,677.0
0.9228991886621127,0.4505139215,0.262523315,0.2041414525,3502.0,677.0
0.8928970104365737,0.8802032774999999,0.21143904249999998,0.090418839,3502.0,677.0
0.8774505984983524,0.8698378489999999,0.2603093756666667,0.175509456,3502.0,677.0
0.8806906364583224,0.178556476,0.37835674799999996,0.35580090119999996,3502.0,677.0
0.7062742643896909,0.0,0.39795249485714285,0.45816466871428574,3502.0,677.0
0.8277300211397037,0.017399284666666667,0.35396611566666664,0.549049631,3502.0,677.0
0.9058080718483615,0.226072586,0.3030698525,0.5040683545,3502.0,677.0
0.8789658339560207,0.37149340779999995,0.48241899220000006,0.4922059576000001,3502.0,677.0
0.8845133003889939,0.19520623650000002,0.673637763,0.6010787275,3502.0,677.0
0.8630959738890072,0.028348577,0.730812879,0.7730672516666667,3502.0,677.0
0.6548387144935541,0.0,0.7555052181428571,0.8154728104285714,3502.0,677.0
0.7297884860062593,0.1721825085,0.7955850624999999,0.69678975275,3502.0,677.0
0.7814514289028127,0.6147745612,0.8606602066000001,0.7441053494000001,3502.0,677.0
0.8130845549992625,0.38169312175000003,0.8496583369999999,0.852381991,3502.0,677.0
0.7857098306506028,0.00253920775,0.689775719,0.84277097525,3502.0,677.0
0.6736713479948635,0.003337257222222222,0.4460414357777778,0.7660478523333333,3502.0,677.0
0.7825006312149971,0.2175260155,0.365554355,0.8212370314999999,3502.0,677.0
0.7661094445449831,0.47974451979999994,0.388021879,0.7607962956,3502.0,677.0
0.8045858794701634,0.36326297274999997,0.5002595845000001,0.7529066932499999,3502.0,677.0
0.7135357303943657,0.0019326524444444446,0.3726947758888889,0.6203817756666666,3502.0,677.0
0.8563841891860523,0.017063986,0.32836980125,0.5598304595,3502.0,677.0
0.9053186171026121,0.415207082,0.285130227,0.43158077800000005,3502.0,677.0
0.8696148454483771,0.7235622978,0.294081515,0.40110645599999994,3502.0,677.0
0.8709802711931162,0.554131114,0.409673168,0.44997559,3502.0,677.0
0.844464614281128,0.12420648599999999,0.3484933644,0.4081189376,3502.0,677.0
0.6774321512323804,0.0,0.26303024216666665,0.5411636613333334,3502.0,677.0
0.8441854897497343,0.020131035,0.2676966675,0.56573637225,3502.0,677.0
0.8876794370593304,0.4833502656666666,0.1885477543333333,0.4965234969999999,3502.0,677.0
0.8553361903240269,0.8615658655,0.2584591625,0.48390441775000004,3502.0,677.0
0.8558611613345282,0.7285427145000001,0.31778322400000003,0.5673346994999999,3502.0,677.0
0.834100010019425,0.168287037,0.2695372986,0.5312182684,3502.0,677.0
0.6741897766411006,0.0,0.23678064750000002,0.46681730033333335,3502.0,677.0
0.8419482697561977,0.02888070875,0.21052139125,0.37797536125,3502.0,677.0
0.8844205881812561,0.48821976499999997,0.15294692799999998,0.343788239,3502.0,677.0
0.8540611713999219,0.8418730051666666,0.30342369399999997,0.39788955500000006,3502.0,677.0
0.8578100838810373,0.5113770384999999,0.3876910015,0.5851465069999999,3502.0,677.0
0.8294264355827948,0.06102021875,0.337442158,0.5224180875,3502.0,677.0
0.6726579497112368,0.0,0.28221487500000003,0.48983918283333333,3502.0,677.0
0.8371393870577389,0.020025521,0.24682289000000002,0.46055648450000003,3502.0,677.0
0.8859818519940197,0.3413826085,0.2256653435,0.36067579000000005,3502.0,677.0
0.8709020433457001,0.706443534,0.4252988583333333,0.4765954363333333,3502.0,677.0
0.882633069127549,0.4676330865,0.553319146,0.5395206705,3502.0,677.0
0.7917300200004992,0.03977616566666666,0.577384724,0.5932599216666666,3502.0,677.0
0.6802443818348559,0.0,0.5884858756,0.7475487798,3502.0,677.0
0.879210693986148,0.029179539333333334,0.4921256790000001,0.7180318246666667,3502.0,677.0
0.9047271788958643,0.33711214050000005,0.531955984,0.6509592184999999,3502.0,677.0
0.8818966003558918,0.6449904013333333,0.7063358698333332,0.7318949451666666,3502.0,677.0
0.8964064944306362,0.388723343,0.7980417235,0.82523662,3502.0,677.0
0.8414711532232658,0.046192627,0.76565077475,0.8803092895,3502.0,677.0
0.6585198916203051,0.0,0.704853010875,0.831576566,3502.0,677.0
0.7310758976804432,0.0394302755,0.5885341215,0.6998762005,3502.0,677.0
0.7762171642971558,0.430121159,0.5792836866666667,0.624596763,3502.0,677.0
0.7529936109114754,0.6653239392,0.5736322438,0.5720700691999999,3502.0,677.0
0.7728362755654014,0.46203901399999997,0.5097215135,0.545917988,3502.0,677.0
0.772412480149716,0.06867008399999999,0.2877451995,0.32315295825,3502.0,677.0
0.6416172779174525,0.0,0.15005576687500002,0.28165082625,3966.25,766.25
0.6944747190001908,0.0526166375,0.16653655950000001,0.3853382805,4121.0,796.0
0.7536745163467113,0.354893677,0.13653097250000001,0.3908585015,4121.0,796.0
0.7243309848058886,0.7117148348333333,0.20114137566666668,0.42929250533333335,4121.0,796.0
0.738722967371772,0.409627648,0.274451452,0.5432684335,4121.0,796.0
0.7191290351832239,0.0295992925,0.30384474733333333,0.5220774635,4121.0,796.0
0.6749936802697692,0.0,0.2899251636666667,0.492727713,4121.0,796.0
0.8426327712991437,0.08390619533333332,0.283532815,0.4048008616666667,4121.0,796.0
0.8366453970000415,0.5733836938571429,0.42284870999999996,0.3945892847142858,4121.0,796.0
0.8369241355925655,0.35151550750000005,0.5192890800000001,0.4205551825,4121.0,796.0
0.82092357315137,0.05813210533333334,0.46878368200000003,0.45203851333333334,4121.0,796.0
0.6793513949340987,0.0,0.4438797808,0.46459481919999995,4121.0,796.0
0.6895190302369474,0.0,0.46550809049999997,0.41116456425000003,4121.0,796.0
0.8375494277537114,0.15697382799999998,0.5055066859999999,0.414961097,4121.0,796.0
0.8368381286497764,0.607407912,0.7047124382,0.577785058,4121.0,796.0
0.8372099512896245,0.5612798295,0.799430332,0.7187838424999999,4121.0,796.0
0.8137829587250455,0.1361551178,0.719428191,0.788663903,4121.0,796.0
0.6555856641036136,0.0,0.6132387201666666,0.7148596609999999,4121.0,796.0
0.7830201705903779,0.0251290415,0.5904105245,0.66308524825,4121.0,796.0
0.8430100116020695,0.452881357,0.6098662635000001,0.64800846675,4121.0,796.0
0.8335414284783238,0.6636505247500001,0.6527474507500001,0.610188304,4121.0,796.0
0.8369240887303168,0.421448364,0.6080023539999999,0.671735379,4121.0,796.0
0.8052828831355076,0.0712196075,0.3611767275,0.5518489857500001,4121.0,796.0
0.6667786058087659,0.0,0.17015136428571428,0.30963597028571427,4121.0,796.0
0.8253554965985694,0.04896946233333333,0.11176956933333333,0.31224968666666664,4121.0,796.0
0.8579377738437529,0.43458063999999996,0.089876153,0.32315817550000003,4121.0,796.0
0.8356247602786848,0.8432990027499999,0.113500607,0.3769105605,4121.0,796.0
0.8341915609611492,0.6416231512499999,0.18988839600000001,0.5460559805,4121.0,796.0
0.8047507362315096,0.06580627925,0.2669609935,0.44778197525,4121.0,796.0
0.6575407222098213,0.0,0.3077752308,0.3537870542,4121.0,796.0
0.7369461828186439,0.0,0.2553373885,0.38241237575,4121.0,796.0
0.8540499022879884,0.256099661,0.2069316785,0.341554936,4121.0,796.0
0.8390051261484872,0.64391537175,0.279246679,0.2970510505,4121.0,796.0
0.8395895641071855,0.6040720983333333,0.5148822726666666,0.5315313236666667,4121.0,796.0
0.8496015904816533,0.3057562835,0.5226253359999999,0.45818093400000004,4121.0,796.0
0.8247255219485444,0.04905766933333333,0.4041684193333333,0.402655068,4121.0,796.0
0.71695501243785,0.0,0.3365009215,0.396533611,4121.0,796.0
0.6214459548398954,0.0,0.24944554766666668,0.398604677,4121.0,796.0
0.6527886046221638,0.0,0.203011795,0.339148267,4121.0,796.0
0.7223063786178576,0.0954231045,0.2031287215,0.3510498125,4121.0,796.0
0.7464231825890448,0.2572261015,0.2261642765,0.3774115625,4121.0,796.0
0.7419926288135643,0.38685302299999996,0.29543210375,0.49877293575000003,4121.0,796.0
0.7585101981871851,0.265408031,0.279114611,0.469670539,4121.0,796.0
0.7065494978043615,0.020871768142857145,0.2143021832857143,0.2808857344285714,4121.0,796.0
0.6251947986113706,0.0,0.23431771760000003,0.35486496059999995,4121.0,796.0
0.6836558156130967,0.032106395,0.2761828115,0.390871667,4121.0,796.0
0.7444449480714875,0.2245543565,0.336297778,0.34956605,4121.0,796.0
0.7377121079788336,0.5011177181666666,0.46471405866666665,0.34184213966666666,4121.0,796.0
0.7670217230822598,0.3434820505,0.5605316695,0.4497403885,4121.0,796.0
0.7649051226453784,0.06744010633333333,0.4227511023333333,0.48509047800000005,4121.0,796.0
0.6757004545785934,0.0,0.33611089237499997,0.43311861837499993,4121.0,796.0
0.8299492605405453,0.029324750666666666,0.23547447666666668,0.26365215599999997,4121.0,796.0
0.8729508733366422,0.2738653165,0.2464410045,0.207568854,4121.0,796.0
0.8602690170509503,0.5413893658333334,0.3800654763333333,0.400543508,4121.0,796.0
0.8692860262880452,0.35124011,0.46164024699999995,0.5737022005,4121.0,796.0
0.7712411030308628,0.035616055,0.4221850999999999,0.5543088936666666,4121.0,796.0
0.6795411973448336,0.0,0.48056613,0.5127365831666667,4121.0,796.0
0.8552345112239935,0.07438599325,0.61921674225,0.7372424295,4121.0,796.0
0.8649027627264276,0.19095356580000003,0.5972747308,0.5535815058,4121.0,796.0
0.8850444443975553,0.15300819566666668,0.5495411383333333,0.4950269483333334,4121.0,796.0
0.7955131422479906,0.0269892168,0.4942709102,0.49073033979999997,4121.0,796.0
0.6633397039298142,0.0,0.5353040201666667,0.6902968413333334,4121.0,796.0
0.7937940991728989,0.0,0.6147143129999999,0.800726736,4121.0,796.0
0.8672370557645018,0.20053709966666666,0.634074795,0.7415773840000001,4121.0,796.0
0.8585521091401077,0.4650575778,0.7071696963999999,0.6552692529999999,4121.0,796.0
0.8666095003273024,0.3688747655,0.767326963,0.6794366765,4121.0,796.0
0.824302523399543,0.0900610976,0.6352426116000001,0.6172748188000001,4121.0,796.0
0.6602247305474983,0.0,0.46828893750000006,0.4578087441666667,4121.0,796.0
0.767761844131352,0.0005411856666666667,0.3512331243333333,0.37775729366666666,4121.0,796.0
0.8660490599142978,0.1254180825,0.3453674065,0.3921135565,4121.0,796.0
0.8518737975051568,0.332502012,0.4300195844,0.5082853862000001,4121.0,796.0
0.8560831243075356,0.30883757566666664,0.42930369566666665,0.7057202333333334,4121.0,796.0
0.8247618232710184,0.06840845459999999,0.2762987794,0.6363846974,4121.0,796.0
0.6652009133377309,0.0,0.18602677928571434,0.3814729261428571,4121.0,796.0
0.8161995907968956,0.021531405333333333,0.11863107499999999,0.233301184,4121.0,796.0
0.8617749344634973,0.26625997733333334,0.10173443966666666,0.158510503,4121.0,796.0
0.8464842602206122,0.50088368775,0.10917991975,0.24354089274999996,4121.0,796.0
0.8470565472801259,0.34102110725,0.13450190525,0.3168892005,4121.0,796.0
0.7662109480293489,0.0145972165,0.0975328265,0.19804120525000002,4121.0,796.0
0.6336642990810953,0.000295447,0.073833846875,0.170012561375,4121.0,796.0
0.7327302795967817,0.2761852166666667,0.059068058666666666,0.1651677606666667,4121.0,796.0
0.7288561713724462,0.581949563,0.12016516159999999,0.23858631,4121.0,796.0
0.7386231495639106,0.33803535125,0.21627805000000003,0.41831663875,4121.0,796.0
0.6613973009264754,0.0073205809,0.20280892539999998,0.4052954757,4121.0,796.0
0.6822120106458619,0.088444355,0.170242098,0.27583230875000003,4121.0,796.0
0.71562790152208,0.4356010715,0.30476734216666673,0.33506895033333334,4121.0,796.0
0.7263253503327632,0.24189135633333333,0.3618948143333333,0.3832858643333333,4121.0,796.0
0.6950819369659699,0.009474731166666667,0.27681323599999996,0.26279935316666664,4121.0,796.0
0.8359399504839349,0.10118380866666667,0.2572105106666666,0.2328253233333333,4121.0,796.0
0.8366002797210058,0.48031878,0.23629811039999998,0.274952138,4121.0,796.0
0.8350482122062702,0.57638592125,0.23043735224999998,0.4708597365,4121.0,796.0
0.8051190915766259,0.1025419925,0.16792717175,0.48103687,4121.0,796.0
0.6916868344124618,0.0006152942222222222,0.11081547200000001,0.303800776,4121.0,796.0
0.847229516448988,0.33383005,0.08128816850000001,0.2566157615,4121.0,796.0
0.831653775614677,0.8849493098333333,0.058929277333333335,0.19892117566666667,4121.0,796.0
0.8295517374794309,0.809414614,0.062652857,0.3193809385,4121.0,796.0
0.8286739684969744,0.4637311755,0.0512427445,0.2878825485,4121.0,796.0
0.7928734078088763,0.041172067666666666,0.04415335233333333,0.1861985753333333,4121.0,796.0
0.6737911162161563,0.0,0.07055182362500001,0.14132824099999997,4121.0,796.0
0.820233320005125,0.1242550905,0.113257654,0.1999436685,4121.0,796.0
0.83389853428482,0.5582453765,0.08245938350000001,0.2074072135,4121.0,796.0
0.8283902692355086,0.9380221436000001,0.143451629,0.19632842039999998,4121.0,796.0
0.829655547025002,0.799289043,0.1599791195,0.258010002,4121.0,796.0
0.8279578371561289,0.458955884,0.16873177849999998,0.26323395149999995,4121.0,796.0
0.7919305061755102,0.042596164666666665,0.208483758,0.247667824,4121.0,796.0
0.6610162826070093,0.0,0.17766302657142857,0.24684641857142858,4121.0,796.0
0.7967101314807912,0.08372218933333332,0.17736917033333333,0.28669507600000005,4121.0,796.0
0.8338026848241523,0.5565959775,0.155211516,0.3063115045,4121.0,796.0
0.8282618675134752,0.8815524651666667,0.24597049149999997,0.4157104173333333,4121.0,796.0
0.8303424132570479,0.5495021585,0.305372641,0.46101394949999996,4121.0,796.0
0.7790614773202545,0.079577858,0.3178600566,0.3835622136,4121.0,796.0
0.6702964914185249,0.0,0.31719977157142853,0.3205068347142857,4121.0,796.0
0.8170713194223017,0.109997248,0.355744658,0.361929132,4121.0,796.0
0.8329253060355661,0.5539962399999999,0.3779979623333333,0.3523535016666666,4121.0,796.0
0.8280639644744067,0.79811044525,0.5029902502500001,0.426691852,4121.0,796.0
0.8294513461166304,0.6078561275000001,0.4693188305,0.4664872295,4121.0,796.0
0.8298049166659516,0.3414704095,0.359394381,0.46339151450000005,4121.0,796.0
0.7931913294795088,0.02854918266666667,0.296750067,0.4141069063333333,4121.0,796.0
0.6296499433721299,0.0,0.24083135137499997,0.28505690437500003,4121.0,796.0
0.6696863837165677,0.084681374,0.278235088,0.337571546,4121.0,796.0
0.7168246535198226,0.382346886,0.272608799,0.30837906,4121.0,796.0
0.7102446496725051,0.6524044626000001,0.27846395580000005,0.1942271786,4121.0,796.0
0.72053077630099,0.518657507,0.224838656,0.15248640149999998,4121.0,796.0
0.7268815142068706,0.249878739,0.18466803599999998,0.120328931,4121.0,796.0
0.6961952885663324,0.011045087,0.16920362719999998,0.1765231296,4121.0,796.0
0.6198708466031669,0.0,0.14727417866666667,0.2483299105,4121.0,796.0
0.6681179791366898,0.086143081,0.134933688,0.1146317795,4121.0,796.0
0.7110115449408009,0.43505593299999995,0.101642499,0.07705858466666667,4121.0,796.0
0.7079294016471994,0.6764684688000001,0.14957694500000002,0.16560939719999998,4121.0,796.0
0.7229653608373572,0.4248119455,0.139354538,0.211851455,4121.0,796.0
0.7191656245420323,0.07668765125,0.15983404375,0.16449469249999998,4121.0,796.0
0.6607814451932233,0.0,0.14897913471428573,0.12472595157142856,4121.0,796.0
0.7939498525025207,0.039275976666666663,0.13850462166666666,0.14816863966666666,4121.0,796.0
0.8325095840161314,0.3296523295,0.09553317,0.1133417075,4121.0,796.0
0.8282733020050186,0.6771182878,0.12999476899999998,0.20992018520000003,4121.0,796.0
0.8295249851725924,0.5064428463333334,0.20291047866666667,0.411189252,4121.0,796.0
0.7996762541856902,0.0790295555,0.272614145,0.4138760385,4121.0,796.0
0.660594060847446,0.0,0.24596307528571432,0.3324231904285714,4121.0,796.0
0.7924713896537331,0.069926634,0.23200270266666667,0.30091448533333337,4121.0,796.0
0.831132339807206,0.481558514,0.178702657,0.3093194575,4121.0,796.0
0.8287109128961986,0.8298889791666667,0.18105770933333332,0.30953314616666666,4121.0,796.0
0.8271683553912477,0.34516655399999996,0.175545859,0.28050166475,4121.0,796.0
0.7266257362365856,0.0,0.164130789,0.2347880045,4121.0,796.0
0.6543446896935152,0.0,0.14383978339999998,0.2308817242,4121.0,796.0
0.7942449706401948,0.06655514566666666,0.12562424333333336,0.27810063,4121.0,796.0
0.8317015364760385,0.4299082625,0.0920629225,0.27686618350000003,4121.0,796.0
0.8285653735280116,0.7365308307999999,0.158981198,0.347143231,4121.0,796.0
0.8298014985373259,0.4929346873333333,0.2971654573333334,0.4040878796666667,4121.0,796.0
0.800111474650081,0.0753822835,0.32176678449999996,0.29698148550000003,4121.0,796.0
0.6607511231022869,0.0,0.24280642185714288,0.25508926185714287,4121.0,796.0
0.7941830376981408,0.07323196033333333,0.212534806,0.2520465496666667,4121.0,796.0
0.8333188022190524,0.473653447,0.14393822150000002,0.2173455875,4121.0,796.0
0.8283107052860953,0.8479850018333334,0.09965359550000001,0.30946282383333334,4121.0,796.0
0.8302747052670343,0.549676291,0.1254567615,0.505487661,4121.0,796.0
0.8011456370068055,0.10854754825,0.17271777824999998,0.37311502425000004,4121.0,796.0
0.6728328678596327,0.0,0.20005054775000003,0.262197393625,4121.0,796.0
0.8149515349243865,0.11531365499999999,0.149841028,0.431528454,4121.0,796.0
0.8336340703926886,0.46805676900000004,0.1269597085,0.475588522,4121.0,796.0
0.8287027935554523,0.7605017646000001,0.1789510986,0.4927209724,4121.0,796.0
0.8308995994239352,0.467870994,0.26459679325,0.547200226,4121.0,796.0
0.7936900398036245,0.040880841,0.26263182166666665,0.374363242,4121.0,796.0
0.6297572237697404,0.0,0.16212521537500002,0.19255019625,4121.0,796.0
0.672671903345087,0.099835822,0.11298801850000001,0.135442703,4121.0,796.0
0.719283258951791,0.5729040078333334,0.22835721766666664,0.14338271066666666,4121.0,796.0
0.732194999405954,0.5697067385,0.42727985825,0.369936885,4121.0,796.0
0.7275740273642427,0.07181767800000001,0.2728482216,0.31740116500000004,4121.0,796.0
0.6247274756676743,0.0,0.3187504351428571,0.31717103357142856,4121.0,796.0
0.6810956249003457,0.0729443355,0.413239449,0.422395409,4121.0,796.0
0.7406779692324523,0.4977118811666667,0.5568043113333333,0.48770219516666663,4121.0,796.0
0.7523739587153531,0.50831644975,0.6862303064999999,0.57653470875,4121.0,796.0
0.7529311917038805,0.08848160325,0.45085452125000003,0.49644765225,4121.0,796.0
0.6606078629186434,0.0,0.23773691416666667,0.4726829038333334,4121.0,796.0
0.7687382876560661,0.011050022999999999,0.14505010866666668,0.363667931,4121.0,796.0
0.8590832375333339,0.24666488749999999,0.127744819,0.317226636,4121.0,796.0
0.8437354220065502,0.5726958045,0.1335081105,0.21092217616666664,4121.0,796.0
0.8464150538975066,0.507954392,0.22363160399999998,0.32376438399999996,4121.0,796.0
0.8187896882657759,0.1303258802,0.1952532732,0.3301230382,4121.0,796.0
0.6621709372725798,0.0,0.13002928942857142,0.2777074715714286,3411.0,658.8571428571429
0.7994796817664667,0.08742459866666667,0.130616937,0.294991524,3127.0,604.0
0.8469837354876895,0.48371147550000004,0.129842234,0.2371894265,3127.0,604.0
0.8347731593661495,0.7076512975714284,0.13300010914285715,0.22036485228571429,3127.0,604.0
0.8074354330029623,0.1590505126,0.186381315,0.253644253,3127.0,604.0
0.6646603062605302,0.0,0.1594004592857143,0.2525474498571429,3127.0,604.0
0.81248301444499,0.139842597,0.13792838824999998,0.26285277274999996,3127.0,604.0
0.8305076563273814,0.59447673875,0.1938218595,0.23019032675,3127.0,604.0
0.8270779766175745,0.49173488633333334,0.2596983683333334,0.3911458876666667,3127.0,604.0
0.8267831315858303,0.16322215375,0.2741481945,0.49107721125000003,3127.0,604.0
0.7059740173570005,0.0,0.27701892919999993,0.41019404560000006,3127.0,604.0
0.6895378341406043,0.005614726833333333,0.28795443066666665,0.3634976788333333,3127.0,604.0
0.8265514681814989,0.2604717915,0.284918251,0.354884397,3127.0,604.0
0.8279253566094349,0.6347870493333333,0.34175078866666664,0.3582389623333333,3127.0,604.0
0.8281789416647202,0.47166146566666667,0.44885673299999995,0.538607685,3127.0,604.0
0.7985429764675314,0.09603894525,0.47136521975,0.49689281649999995,3127.0,604.0
0.6571896439988535,0.0,0.4431870018571428,0.4261490765714286,3127.0,604.0
0.7676949634454724,0.017835866,0.42807048000000003,0.3326709485,3127.0,604.0
0.8333570264097728,0.3960379453333333,0.37042818166666663,0.286368231,3127.0,604.0
0.8277249141237923,0.808515069,0.2847775948,0.27434005359999997,3127.0,604.0
0.8278538402427804,0.6179503150000001,0.2667369835,0.4190150715,3127.0,604.0
0.8037181612948796,0.1634733234,0.2781497532,0.399557863,3127.0,604.0
0.6272810526966172,0.005005271888888888,0.18050716844444442,0.22875968455555556,3127.0,604.0
0.6919065680401021,0.335518827,0.096107057,0.196199856,3127.0,604.0
0.7076373363670919,0.7706759296666666,0.07968863999999999,0.24622483783333335,3127.0,604.0
0.7171338111648606,0.5643953435,0.0922556915,0.30697987849999997,3127.0,604.0
0.722486816169953,0.240124902,0.12808679766666667,0.290483863,3127.0,604.0
0.6830551062749142,0.00043716925,0.154418744,0.279477086,3127.0,604.0
0.6185064746382919,0.008259288857142857,0.11570055257142856,0.22246866814285718,3127.0,604.0
0.6869949058721545,0.33652384599999996,0.069718772,0.1991640635,3127.0,604.0
0.7083217520635962,0.681223787,0.059876860500000004,0.196734701,3127.0,604.0
0.7089078710396464,0.7720239428,0.0804780276,0.277032188,3127.0,604.0
0.7217256397040894,0.43703033299999994,0.086636672,0.2877148095,3127.0,604.0
0.7019876368822392,0.056739606,0.08037179233333333,0.17971186549999998,3127.0,604.0
0.6479133858361724,0.0,0.05678245479999999,0.09736886199999999,3127.0,604.0
0.7582266612515673,0.024157322,0.045114117499999995,0.08543824350000001,3127.0,604.0
0.8227595865919307,0.3120524405,0.0288279835,0.07709376800000001,3127.0,604.0
0.8287323428319463,0.7492746613333333,0.038584948333333334,0.12153312249999998,3127.0,604.0
0.8291173325020909,0.498025415,0.06642195299999999,0.201443277,3127.0,604.0
0.7976313184042945,0.0819750935,0.09016772774999998,0.076735652,3127.0,604.0
0.655301847309447,0.0,0.07264230614285715,0.13329311514285713,3127.0,604.0
0.7587416820747223,0.0287112945,0.0550154385,0.1801946775,3127.0,604.0
0.824903548084653,0.3714460213333333,0.04897998,0.22166279666666666,3127.0,604.0
0.8283319167614644,0.7576476865,0.0998753225,0.35839666649999996,3127.0,604.0
0.8275094473034397,0.6452017990000001,0.1856370135,0.397203349,3127.0,604.0
0.8284323080836565,0.405109886,0.236803313,0.38237076550000004,3127.0,604.0
0.7976811043455831,0.08249673125,0.23109961799999998,0.31722351400000004,3127.0,604.0
0.6501598005385896,0.0,0.137452461,0.20835991983333332,3127.0,604.0
0.7343310319063739,0.020815574,0.12862841733333333,0.21411112833333334,3127.0,604.0
0.8230013875107773,0.2815110375,0.0991316615,0.199714658,3127.0,604.0
0.8278923610923806,0.6809477668333334,0.15542317816666668,0.24427453633333332,3127.0,604.0
0.8283498972864788,0.556764911,0.3122812975,0.384286904,3127.0,604.0
0.8245304518149768,0.210562931,0.360280876,0.379589387,3127.0,604.0
0.7060248592420079,0.0003569952,0.30411091399999995,0.4478924513999999,3127.0,604.0
0.6500798636268607,0.0,0.27270695074999995,0.482557619,3127.0,604.0
0.7779126734812628,0.055466882333333335,0.23562210966666666,0.35040194300000005,3127.0,604.0
0.8285440777953481,0.371048547,0.21348255849999997,0.280012021,3127.0,604.0
0.8277000410391473,0.69579015,0.130778215,0.274368189,3127.0,604.0
0.8284020127363405,0.6134022029999999,0.11847743699999999,0.4124347565,3127.0,604.0
0.8247761234310285,0.311365346,0.12490261633333333,0.4364228886666666,3127.0,604.0
0.6852511475380665,0.0004287045714285714,0.09594001085714286,0.29500718728571435,3127.0,604.0
0.6901909477230088,0.0,0.07295286466666667,0.20903656299999998,3127.0,604.0
0.803007583301054,0.144865845,0.0714875035,0.22421438700000001,3127.0,604.0
0.8288176255729627,0.44731575,0.072498866,0.2626948305,3127.0,604.0
0.827977971565927,0.7249993256,0.172161893,0.3328530672,3127.0,604.0
0.8284450911629678,0.594253964,0.2054319385,0.37275610800000003,3127.0,604.0
0.8246675222408381,0.27831640399999996,0.21348299533333334,0.28730466699999996,3127.0,604.0
0.6944511850550614,0.0004508222,0.1965368832,0.25192794479999997,3127.0,604.0
0.6105682596756327,0.0,0.19444175425,0.323465922,3127.0,604.0
0.6478727985157198,0.07932225666666666,0.237728132,0.4976550313333333,3127.0,604.0
0.7076984811787114,0.5680586061666667,0.3822557816666667,0.6311515701666667,3127.0,604.0
0.7140354449404636,0.6523004496666668,0.5933474106666666,0.78237045,3127.0,604.0
0.7266137492469817,0.38110664650000003,0.6250575145,0.753435656,3127.0,604.0
0.6553860207235389,0.0151961549,0.449200718,0.7421585873000001,3127.0,604.0
0.676055230917125,0.2011900965,0.30483186375000004,0.63963058325,3127.0,604.0
0.7172327510162094,0.7515168575999999,0.34084746180000003,0.5259757744,3127.0,604.0
0.7162307219084572,0.5804347865,0.430999298,0.63056832125,3127.0,604.0
0.7071411389261542,0.06308616466666667,0.3208266161666667,0.5899252811666666,3127.0,604.0
0.6505172777967638,0.0,0.24122501619999998,0.4324121538,3127.0,604.0
0.7638138580837015,0.033214055,0.243035169,0.4336548725,3127.0,604.0
0.829200648598861,0.25974606899999997,0.23604016,0.387187141,3127.0,604.0
0.8279637213327565,0.5544905491666666,0.310631094,0.31638922016666665,3127.0,604.0
0.8279007582875477,0.418722903,0.41343251150000004,0.3989451045,3127.0,604.0
0.8250518875953755,0.23467056133333333,0.3915301496666667,0.37007136599999996,3127.0,604.0
0.6824697083755842,0.0004958405555555555,0.3207959822222222,0.3564569822222223,3127.0,604.0
0.765323755674062,0.0456842105,0.27602979650000004,0.2915624085,3127.0,604.0
0.8285222264513034,0.4506932946666667,0.1971690856666667,0.2622388736666667,3127.0,604.0
0.828743440196852,0.8119722295000001,0.18687123149999998,0.26957122650000004,3127.0,604.0
0.8266456085101727,0.37536719,0.261891131,0.4057469805,3127.0,604.0
0.6814727662402732,0.0005233905555555555,0.27569694422222224,0.2795249365555555,3127.0,604.0
0.7602223144750663,0.048271455,0.24434591,0.23322055149999998,3127.0,604.0
0.8248106798318539,0.44612487833333336,0.17011402233333336,0.21177053599999998,3127.0,604.0
0.8298943979774793,0.8591633995000001,0.13075049575,0.2200823905,3127.0,604.0
0.830894893585149,0.65928149175,0.1685225705,0.35194105525,3127.0,604.0
0.799151809908488,0.12585491825,0.26278201675,0.44981861325,3127.0,604.0
0.6649326658846404,0.0,0.22193098974999997,0.29030169625,3127.0,604.0
0.800643516215541,0.17563072300000002,0.126291307,0.20580046400000002,3127.0,604.0
0.8282452448701687,0.5221310945000001,0.0960465415,0.1626560615,3127.0,604.0
0.8298720534075908,0.7993712832,0.09629867319999999,0.2253988732,3127.0,604.0
0.8302313927728151,0.5660969659999999,0.141932062,0.35203487749999995,3127.0,604.0
0.8252870394352417,0.2508702136666667,0.20047206766666667,0.372931944,3127.0,604.0
0.7059775104706385,0.0010017616,0.18537162859999998,0.273346476,3127.0,604.0
0.6503027825112304,0.0,0.124652596,0.21530764725,3127.0,604.0
0.7582703015378759,0.036084602,0.11134645600000001,0.1934882885,3127.0,604.0
0.8226485193266663,0.2781472,0.0784981895,0.1706947895,3127.0,604.0
0.8279297023916844,0.6426411455714286,0.09761069985714285,0.24936810214285712,3127.0,604.0
0.8284892464467091,0.4060301685,0.10385776399999999,0.42215740150000003,3127.0,604.0
0.7975153461965999,0.07761672224999999,0.09730799274999999,0.37596687575000004,3127.0,604.0
0.6242077322112037,0.0,0.0776095342857143,0.24694047214285716,3127.0,604.0
0.634768329050603,0.04584589,0.07552071099999999,0.197360694,3127.0,604.0
0.6846233469181389,0.336179752,0.0469670425,0.17251384749999998,3127.0,604.0
0.7079694614140606,0.7375946893333333,0.06642679250000001,0.19480607316666668,3127.0,604.0
0.7190332560023931,0.5190577686666666,0.09035119933333334,0.271606385,3127.0,604.0
0.6962727578842279,0.06418582616666667,0.11302310566666667,0.19562368733333335,3127.0,604.0
0.614564744076237,0.0,0.06349799616666667,0.12544261666666667,3127.0,604.0
0.6694998043402305,0.23811250000000003,0.03720969033333333,0.12183258699999999,3127.0,604.0
0.7076803367441161,0.6755947158333333,0.040173190666666664,0.21167364716666667,3127.0,604.0
0.7172613607032645,0.5542941050000001,0.064473365,0.36570180399999996,3127.0,604.0
0.7223355110450392,0.22745428233333334,0.08146785899999999,0.330947826,3127.0,604.0
0.6676966095349727,0.0007205615555555555,0.06017729188888889,0.19999947866666667,3127.0,604.0
0.7583982021776678,0.0434621395,0.0278854815,0.120851144,3127.0,604.0
0.8245554247641295,0.3867142393333333,0.018782863,0.09145451866666666,3127.0,604.0
0.8279589234344229,0.7127275616,0.0524560176,0.14212649640000002,3127.0,604.0
0.8283180099221821,0.512106124,0.0866927725,0.241818812,3127.0,604.0
0.8244531915877173,0.23757123000000002,0.08742786200000001,0.18299368333333332,3127.0,604.0
0.7439484540258148,0.0023743986666666665,0.06382053366666667,0.07531176433333334,3127.0,604.0
0.6499303690605231,0.0,0.04205667833333334,0.035335347999999996,3127.0,604.0
0.7588645257337314,0.046337542,0.026008423,0.026389348,3127.0,604.0
0.8227527970886385,0.3247520915,0.0164470575,0.0220256275,3127.0,604.0
0.8282865204809136,0.7107380310000001,0.024531017750000002,0.05683342675,3127.0,604.0
0.8279144777590526,0.647868477,0.049751206750000006,0.2255015575,3127.0,604.0
0.8040579280612569,0.1577653042,0.07125909820000001,0.1971607422,3127.0,604.0
0.6551059944831208,0.0,0.04798782014285715,0.111305333,3127.0,604.0
0.7580252229417876,0.041654895,0.0345494835,0.079708865,3127.0,604.0
0.8225704162828125,0.2711950795,0.0194796695,0.0861281765,3127.0,604.0
0.8300588450528587,0.5730810723333333,0.05260625383333333,0.20565671883333334,3127.0,604.0
0.830771558319223,0.42032965450000004,0.08146741199999999,0.3247728765,3127.0,604.0
0.8256006375964388,0.15384288733333332,0.08676150133333334,0.3729234463333333,3127.0,604.0
0.6813500975499025,0.000754565875,0.06908018537499999,0.1410146635,3127.0,604.0
0.754004639650124,0.058025625,0.0822389775,0.10132679675,3127.0,604.0
0.8283757599144744,0.43790950433333337,0.093689638,0.10198229566666667,3127.0,604.0
0.8292557374462164,0.604439983,0.17866629,0.22687966675,3127.0,604.0
0.8305417912522288,0.43448617749999996,0.2688038265,0.2946609445,3127.0,604.0
0.8250293806671521,0.18744061766666664,0.2612862243333333,0.2908479373333333,3127.0,604.0
0.6812443311241816,0.0005449423333333332,0.16307011488888887,0.2476472236666667,3127.0,604.0
0.757621878105827,0.0228544155,0.118654178,0.327629179,3127.0,604.0
0.8248242900799375,0.23569400533333332,0.14086916566666666,0.389115492,3127.0,604.0
0.8276922868882434,0.48361414739999997,0.18048714459999998,0.31328867860000004,3127.0,604.0
0.8283148258882207,0.44197669900000003,0.186415887,0.27596048250000005,3127.0,604.0
0.8245576411779344,0.20648214733333334,0.15430319,0.24237328700000002,3127.0,604.0
0.7141223860121975,0.00139274175,0.10623298825000001,0.15739111225,3127.0,604.0
0.6144268775877406,0.0,0.06383414633333333,0.15913501716666667,3127.0,604.0
0.6531542558855862,0.125874649,0.072428434,0.11006299,3127.0,604.0
0.7060563282788416,0.44575684033333335,0.08990161866666667,0.09933476100000001,3127.0,604.0
0.7074636025259919,0.611357374,0.12186024125,0.16079774475,3127.0,604.0
0.7169421124059597,0.4537942395,0.125224722,0.22425260149999998,3127.0,604.0
0.7224991153038243,0.23854083533333334,0.09703209333333333,0.17033758033333335,3127.0,604.0
0.6433918135699482,0.0009872018888888888,0.05817996144444445,0.13866615933333332,3127.0,604.0
0.6582435460771079,0.1337884125,0.0318385625,0.12350521175000001,3127.0,604.0
0.7082258246345426,0.5276114956666665,0.078519672,0.23496846533333335,3127.0,604.0
0.7176768330343579,0.426105339,0.18561048800000002,0.34488399999999997,3127.0,604.0
0.7223696928727438,0.17618321133333334,0.19090927,0.279531948,3127.0,604.0
0.6675225976904248,0.0010779285714285715,0.1594380572857143,0.18263490771428573,3127.0,604.0
0.6877115835872933,0.0,0.13592913033333334,0.16482876066666666,3127.0,604.0
0.8142987100145164,0.16823018150000002,0.11204722549999999,0.139619365,3127.0,604.0
0.8274929494907677,0.45085623966666666,0.12050166466666667,0.2780971765,3127.0,604.0
0.8254984356479895,0.23034924825000003,0.16828154074999999,0.3305343195,3127.0,604.0
0.7059570295076083,0.0015980844000000002,0.1166402524,0.209648832,3127.0,604.0
0.6499454894181738,0.0,0.0671241375,0.17212835575000002,3127.0,604.0
0.7771552586380809,0.06619389033333334,0.044260661666666666,0.13904335166666668,3127.0,604.0
0.8278569462542112,0.44452478300000003,0.07410565433333334,0.17371691266666667,3127.0,604.0
0.827662352120347,0.43206021725,0.18537712699999997,0.34922008475,3127.0,604.0
0.797530072475497,0.06923157175,0.16344756425,0.28077036675,3127.0,604.0
0.6550211822596558,0.0,0.10559656642857143,0.22085013857142857,3127.0,604.0
0.7774345657616882,0.06671391833333333,0.07682349933333334,0.2134559186666667,3127.0,604.0
0.8277982998807341,0.43329119628571433,0.10637874585714287,0.24256710399999998,3127.0,604.0
0.827873178676575,0.38629752549999996,0.234912061,0.4040009055,3127.0,604.0
0.8243922575614636,0.1722987606666667,0.2271610083333333,0.39515953733333326,3127.0,604.0
0.6806467433595224,0.001002878125,0.13924057075000001,0.301493521625,3127.0,604.0
0.7542995275780167,0.07713499125,0.06534377075,0.22262101825000002,3127.0,604.0
0.8282813263999175,0.5033522237142857,0.07021652242857143,0.12437519357142857,3127.0,604.0
0.8289335626136665,0.427370431,0.11350564499999999,0.27496617749999996,3127.0,604.0
0.8251766900205751,0.2219678856666667,0.12789947833333334,0.2783849493333333,3127.0,604.0
0.7054428608139383,0.0022613046,0.1090388946,0.2145487098,2819.0,544.4
0.6483921389092822,0.0,0.073851621,0.229995146,1587.0,306.0
0.7852786136597879,0.16250317874999998,0.058683701750000004,0.19389715575,1587.0,306.0
0.8293554030938997,0.6410736406666666,0.12850220166666668,0.2400323515,1587.0,306.0
0.8301711298702723,0.521597281,0.21226271349999998,0.400399076,1587.0,306.0
0.8242223164221102,0.23022237466666665,0.23619857033333333,0.387027965,1587.0,306.0
0.656815003240941,0.0015341831111111111,0.16156934077777776,0.26173574166666674,1587.0,306.0
0.6582989275901703,0.1248697215,0.0989624465,0.20677708375,1587.0,306.0
0.7128636190566975,0.5804929223333333,0.09399810733333334,0.1787260363333333,1587.0,306.0
0.7221122681993186,0.4723624875,0.1261995835,0.27225299950000004,1587.0,306.0
0.7253893318459695,0.20624621333333334,0.13644710033333332,0.22045920833333332,1587.0,306.0
0.6443940416911035,0.0014748346666666667,0.1250748077777778,0.16722166844444444,1587.0,306.0
0.6431020229471128,0.08698953466666666,0.09338151433333335,0.18494031433333333,1587.0,306.0
0.7071101490104666,0.365618808,0.08731208800000001,0.1657736185,1587.0,306.0
0.7121344939323923,0.5755829259999999,0.14436641,0.1643533455,1587.0,306.0
0.7142947346826546,0.534561547,0.24643324049999998,0.28546130550000004,1587.0,306.0
0.7256483796966574,0.3472825126666667,0.2964905086666667,0.3079862423333333,1587.0,306.0
0.6726667199093282,0.0144853016,0.1956105948,0.2657144003,1587.0,306.0
0.7718930304650514,0.09324111766666666,0.13316712866666666,0.22234494000000002,1587.0,306.0
0.8254992785593369,0.36055096750000004,0.152093994,0.1805938515,1587.0,306.0
0.826937478647322,0.5152155883999999,0.2499551988,0.22451596440000002,1587.0,306.0
0.8264816998768865,0.45002719999999996,0.334305768,0.3398761605,1587.0,306.0
0.8216577163264097,0.19654972933333337,0.32104406333333335,0.34770760233333337,1587.0,306.0
0.6792902006955761,0.0013087691111111112,0.2073011512222222,0.2961872735555556,1587.0,306.0
0.7513590061039777,0.0218942925,0.1292228395,0.2857700595,1587.0,306.0
0.8211846344814804,0.23600500766666666,0.12313648633333334,0.2448913136666667,1587.0,306.0
0.8267953605210817,0.45029866,0.19374622916666664,0.25161588183333333,1587.0,306.0
0.8260915595556066,0.2968736455,0.273102587,0.3698220625,1587.0,306.0
0.7937328997157285,0.06357367950000001,0.21461804375000001,0.36661052450000003,1587.0,306.0
0.662280523785347,0.0,0.15993998925,0.292026485625,1587.0,306.0
0.7952260810059661,0.093791335,0.119357981,0.28454982250000005,1587.0,306.0
0.8258390358991199,0.30767965233333333,0.11081704366666667,0.23701709133333335,1587.0,306.0
0.8261654951892312,0.47886989875,0.15074857275,0.36797074925,1587.0,306.0
0.8261525716856082,0.3851228365,0.219383474,0.436491194,1587.0,306.0
0.822330800563344,0.18546338799999998,0.20377356700000002,0.36369281533333336,1587.0,306.0
0.7205360323448081,0.00430052875,0.14113065,0.24849700375,1587.0,306.0
0.6763486037348,0.011395337285714286,0.09629612057142857,0.13437939085714284,1587.0,306.0
0.8213717757174989,0.3410430723333333,0.05901282833333333,0.12593204266666666,1587.0,306.0
0.8270624220019265,0.5109114071428571,0.15505871128571427,0.28105453728571433,1587.0,306.0
0.8225051119931642,0.16859138766666668,0.15777734300000001,0.2761287906666667,1587.0,306.0
0.720749434253676,0.001429993,0.09410747775000002,0.191454236,1587.0,306.0
0.6593102513146268,0.0,0.07795973883333333,0.15408342816666665,1587.0,306.0
0.7951747614833776,0.078960849,0.106727729,0.169061392,1587.0,306.0
0.8267158818109158,0.39326171971428575,0.20239229814285714,0.14380561885714285,1587.0,306.0
0.8266145405448821,0.407749776,0.26495398400000003,0.196845116,1587.0,306.0
0.8007169367542722,0.1227248294,0.1765409826,0.1982277748,1587.0,306.0
0.6251131627062454,0.0,0.075178130375,0.280398427875,1587.0,306.0
0.6796700110945927,0.2321173465,0.06422650175,0.17443951525,1587.0,306.0
0.7132322826341256,0.5344561546666667,0.20548345466666665,0.27034551949999996,1587.0,306.0
0.7251249928656897,0.33739439299999996,0.2193312325,0.2678158115,1587.0,306.0
0.6982615591214364,0.052478347833333334,0.14544757483333334,0.19051987916666668,1587.0,306.0
0.6147936916630079,0.0,0.10842501483333333,0.24491808516666666,1587.0,306.0
0.6509875767334194,0.09864039050000001,0.0738698645,0.1925175145,1587.0,306.0
0.710384307912412,0.3576668746,0.103682418,0.1975883868,1587.0,306.0
0.716499926765757,0.39319999424999996,0.2085606075,0.3294130025,1587.0,306.0
0.7206983137778795,0.11111306000000001,0.21995429719999998,0.281844947,1587.0,306.0
0.6496734829645529,0.0,0.17738341216666664,0.1998753515,1587.0,306.0
0.7484126315594484,0.05624447125,0.119514713,0.2214804495,1587.0,306.0
0.8275558267166072,0.42197110174999997,0.12545288724999998,0.20706515325000002,1587.0,306.0
0.831946390230794,0.4670941692,0.21637410079999997,0.4235489164,1587.0,306.0
0.8031668983943948,0.1245845548,0.24459383140000002,0.5769857464,1587.0,306.0
0.6495137027302305,0.0,0.17939018100000004,0.6163653379999999,1587.0,306.0
0.7484723091711856,0.0751848915,0.1952770335,0.59427363625,1587.0,306.0
0.8312853884885483,0.5118804010000001,0.25126725228571434,0.5412599292857143,1587.0,306.0
0.83588594643943,0.3996914443333333,0.37559103,0.638751665,1587.0,306.0
0.797770374939426,0.105875712,0.38476350849999996,0.5437440737500001,1587.0,306.0
0.6497795166936949,0.0,0.29301248566666666,0.4923067698333334,1587.0,306.0
0.7486653893918167,0.087684337,0.23417006275000002,0.38600617150000005,1587.0,306.0
0.8325835430402718,0.59232696875,0.209255287,0.271718427,1587.0,306.0
0.8395579420249076,0.6518737213333333,0.28089456566666665,0.44660281016666664,1587.0,306.0
0.7985305680831666,0.13921994825,0.32300030199999996,0.405780171,1587.0,306.0
0.6628146548426376,0.000140638125,0.231804940375,0.31676126925000003,1587.0,306.0
0.7950652862350939,0.1776184555,0.146081483,0.2265184625,1587.0,306.0
0.8297307313439856,0.5656936483333334,0.11132248066666667,0.15906794233333335,1587.0,306.0
0.8402221842678617,0.8673102025,0.12738931975,0.20803545275000002,1587.0,306.0
0.8396116885977687,0.60647477725,0.1917067745,0.354951953,1587.0,306.0
0.7914867831638778,0.08328700833333334,0.22283902133333333,0.322349795,1587.0,306.0
0.6638515973205366,0.000138491125,0.131755363875,0.186759570125,1587.0,306.0
0.7959415333721171,0.192046335,0.0821799285,0.221057382,1587.0,306.0
0.8400037989028633,0.7223913888571428,0.07899498328571429,0.24328307757142859,1587.0,306.0
0.8429145601456471,0.606207758,0.187676818,0.3429809996666667,1587.0,306.0
0.8334625997193525,0.2632513945,0.245033942,0.304204854,1587.0,306.0
0.7247436555000524,0.00940065725,0.24552892924999997,0.24928632525,1587.0,306.0
0.6195506071327556,0.00018225516666666667,0.16076226749999997,0.23424451683333333,1587.0,306.0
0.6706712243823044,0.26737516066666667,0.08919020066666666,0.16878883200000003,1587.0,306.0
0.7286029507025674,0.7927738015714286,0.092832626,0.21623101057142854,1587.0,306.0
0.7396693223413633,0.41761379225,0.19951560799999998,0.2827362645,1587.0,306.0
0.6535712686770649,0.0039817978999999995,0.22631485329999998,0.2049998676,1587.0,306.0
0.6842964545109363,0.3636023645,0.1162994395,0.1861035955,1587.0,306.0
0.7349314042343302,0.855820252,0.1030958434,0.2505728408,1587.0,306.0
0.7473721870624598,0.6876221863333333,0.15324477666666667,0.3228231363333333,1587.0,306.0
0.7428989021445378,0.30351426049999997,0.206794892,0.2810648135,1587.0,306.0
0.6839324069913368,0.004971931666666667,0.2678546561111111,0.24975723122222224,1587.0,306.0
0.752914791500589,0.063993432,0.250954526,0.23602519249999998,1587.0,306.0
0.835316156669417,0.4416747033333333,0.17833391466666668,0.20368169833333336,1587.0,306.0
0.8958608504274674,0.8511450214999999,0.1662002635,0.219177882,1587.0,306.0
0.9040149807758304,0.7134232455,0.2059317915,0.45447951249999996,1587.0,306.0
0.8335054673876865,0.14653236725,0.29060580925,0.36259132375,1587.0,306.0
0.6754065148329053,0.0,0.2531261546666667,0.34486082933333334,1587.0,306.0
0.752684813797127,0.09882536175000001,0.19025090849999998,0.4767041445,1587.0,306.0
0.8424450994178707,0.5240507595,0.1185702445,0.45675018,1587.0,306.0
0.8744283685111288,0.8548401641666666,0.09096529566666667,0.5189480901666667,1587.0,306.0
0.86483759728548,0.437142874,0.11587727,0.56895414225,1587.0,306.0
0.733239125886874,0.008519101,0.13571659760000002,0.4237726852,1587.0,306.0
0.6936618563166737,0.021812864166666668,0.09158098349999999,0.33037149633333335,1587.0,306.0
0.8329202334340339,0.356955761,0.046126982,0.1949693185,1587.0,306.0
0.8882798499339414,0.7810366710000001,0.06319042400000001,0.21925334414285716,1587.0,306.0
0.8768102522391478,0.37665743600000007,0.130340273,0.17965282050000003,1587.0,306.0
0.7616074719878635,0.0078126925,0.16484619949999998,0.14067560075000002,1587.0,306.0
0.6626057948765112,0.0,0.13008340200000001,0.149040541,1587.0,306.0
0.7564734293234945,0.086398591,0.08701087375,0.18665059725,1587.0,306.0
0.8444253473877781,0.477508571,0.052284123,0.184448455,1587.0,306.0
0.879793351062987,0.7888724328000001,0.0701270332,0.23554173699999997,1587.0,306.0
0.8999518770458739,0.5823224706666666,0.111130281,0.357039125,1587.0,306.0
0.873419210426273,0.2317301485,0.19076853900000001,0.361643353,1587.0,306.0
0.7687733980791257,0.00738874625,0.2161953015,0.2744351145,1587.0,306.0
0.6813519100170801,0.0,0.16970348066666666,0.23767078899999997,1587.0,306.0
0.8283481647233608,0.32449785175,0.0985186525,0.26489470225,1587.0,306.0
0.8967386896626883,0.78153674925,0.10707035625,0.38400813775,1587.0,306.0
0.8996931882287743,0.647778359,0.12867034,0.5159518224999999,1587.0,306.0
0.8739258028669064,0.23464585999999998,0.177191553,0.505825655,1587.0,306.0
0.7415871558142657,0.0076744064,0.2160603452,0.35109817099999996,1587.0,306.0
0.6415313037457506,0.0002011194,0.1322740594,0.2708568722,1587.0,306.0
0.6926513559302512,0.3679456805,0.06453933,0.3278808865,1587.0,306.0
0.7417461525204538,0.8628702336,0.07637601299999999,0.4308323046,1587.0,306.0
0.7489952434200379,0.6581364186666666,0.10003299766666668,0.5216297246666666,1587.0,306.0
0.747189860834504,0.26660488649999997,0.134530462,0.461624805,1587.0,306.0
0.6804597871785286,0.006388656,0.1456022222857143,0.38009622857142855,1587.0,306.0
0.6403255303238651,0.0804914252,0.06906754500000001,0.3157512004,1587.0,306.0
0.7178787395605387,0.529573582,0.021973186999999998,0.302279112,1587.0,306.0
0.7410949399643184,0.8539720365000001,0.04827036083333333,0.454923527,1587.0,306.0
0.7505175805415091,0.5353851373333333,0.11270183900000001,0.471794426,1587.0,306.0
0.6969430263741205,0.0247005192,0.1512778917,0.35563207510000006,1587.0,306.0
0.7559225761387564,0.06405256299999999,0.0824577495,0.315064762,1587.0,306.0
0.8374344896017356,0.41776966800000004,0.037520129666666666,0.31794495966666664,1587.0,306.0
0.8715429748821744,0.8200084953333332,0.05414992433333333,0.4131173531666667,1587.0,306.0
0.8805462489322615,0.573839708,0.120934395,0.449040087,1587.0,306.0
0.82007085126925,0.1381216845,0.18925795575,0.332178979,1587.0,306.0
0.6862925291291961,0.0,0.10115020899999999,0.094113978875,1587.0,306.0
0.803748672078592,0.1857953215,0.039331814,0.08766620350000001,1587.0,306.0
0.8453355188131813,0.4951333405,0.0324398215,0.10981571700000001,1587.0,306.0
0.8747633310658991,0.8190821429999999,0.0543419342,0.2003729254,1587.0,306.0
0.8856060555004603,0.602161319,0.15480410833333333,0.36889020366666664,1587.0,306.0
0.8211090287541998,0.127678987,0.22865897275,0.35050309525,1587.0,306.0
0.6855571060949794,0.0,0.111585477,0.19897899300000002,1587.0,306.0
0.8022815719850181,0.173232109,0.0485459835,0.19605583399999998,1587.0,306.0
0.8477048145994326,0.517221977,0.037557435666666666,0.180572239,1587.0,306.0
0.8776715390296819,0.77432264525,0.07680191775,0.254834971,1587.0,306.0
0.8721071924573929,0.6231192795,0.1562784775,0.37785077749999996,1587.0,306.0
0.8598289150752536,0.36895029749999997,0.18030416300000002,0.33273423950000003,1587.0,306.0
0.7860091552639161,0.050182832749999996,0.18452109850000004,0.23435284525,1587.0,306.0
0.6697458740011358,0.0,0.114034615,0.175032693,1587.0,306.0
0.7762570430149273,0.07378796166666667,0.06944635866666667,0.09889049933333334,1587.0,306.0
0.8398309903175496,0.3484507195,0.0471769205,0.077188676,1587.0,306.0
0.8540130515861892,0.6411521615,0.060833492249999996,0.15087383,1587.0,306.0
0.8549882620869025,0.50180712075,0.13301470225,0.34616649075,1587.0,306.0
0.8375382835536296,0.177542382,0.18838081,0.284599056,1587.0,306.0
0.7464928104287369,0.00760488225,0.15541529599999998,0.21619984975,1587.0,306.0
0.6635112277407711,0.0,0.090166982,0.11662962220000002,1587.0,306.0
0.7750679701722475,0.10533560133333335,0.05025814000000001,0.06276402533333333,1587.0,306.0
0.8396702891899577,0.44505339749999995,0.046579235,0.0617056645,1587.0,306.0
0.8536096755899466,0.7243705451666668,0.0909376585,0.1555217355,1587.0,306.0
0.8528033917326452,0.49201993299999996,0.15928091300000002,0.217018088,1587.0,306.0
0.8126192147382497,0.1174442795,0.1921480385,0.208449225,1587.0,306.0
0.6492995761446636,0.0,0.14100692185714286,0.11346916557142858,1587.0,306.0
0.6482905808497534,0.104489335,0.098573635,0.104802298,1587.0,306.0
0.7133703754475201,0.39965951099999997,0.10160754599999999,0.147103624,1587.0,306.0
0.720755327088043,0.5942104828000001,0.19705415899999998,0.2391813944,1587.0,306.0
0.7340602780229951,0.4492730536666667,0.28633180666666663,0.19643143866666668,1587.0,306.0
0.728344119179343,0.11453932074999999,0.18074657575000003,0.16774295125,1587.0,306.0
0.6456063211560776,0.0,0.08540248633333332,0.13911038733333334,939.6666666666666,181.33333333333334
0.6411423503469562,0.07889929025,0.05761224825,0.096931618,616.0,119.0
0.7240939209808634,0.422238099,0.07906819,0.108147933,616.0,119.0
0.7425839499459076,0.6977495255,0.174149859,0.221332008,616.0,119.0
0.7545365913759695,0.6290984803333333,0.2888663706666667,0.30324477133333333,616.0,119.0
0.7446979750572214,0.22578950575,0.26154694075,0.22442152125000003,616.0,119.0
0.6753585315924416,0.0,0.14896245874999997,0.17876512387500001,616.0,119.0
0.7508656883495725,0.0539042635,0.1033713465,0.1333361975,616.0,119.0
0.8260308752176945,0.281954168,0.0850750355,0.097220472,616.0,119.0
0.8563807710032818,0.59646562725,0.11912449625,0.08373381199999999,616.0,119.0
0.8679641049940673,0.6291880430000001,0.198132717,0.24808812825000004,616.0,119.0
0.8556879892989647,0.29711572033333333,0.17685334533333333,0.254769854,616.0,119.0
0.7415107946653712,0.00859715025,0.13287934275,0.15125009675,616.0,119.0
0.6656783454163785,0.0,0.07055067383333334,0.16450818166666667,616.0,119.0
0.7970300821703784,0.1750898265,0.0300130855,0.120451381,616.0,119.0
0.8507019155112252,0.485599467,0.0265647885,0.0708165335,616.0,119.0
0.8846810406811473,0.7674662771666667,0.09956011683333334,0.17463238116666666,616.0,119.0
0.895669011041212,0.595832542,0.1670363305,0.2875955865,616.0,119.0
0.8618130494443326,0.28397077800000003,0.18269713850000002,0.2362255335,616.0,119.0
0.748074723762435,0.0108680805,0.18225062775,0.20809634800000001,616.0,119.0
0.668208287698207,0.0,0.12998382333333333,0.17111877550000001,616.0,119.0
0.8283012701909348,0.32327338175,0.1079898195,0.13704004150000001,616.0,119.0
0.8738429706614315,0.739360822,0.348461653,0.3216433043333333,616.0,119.0
0.8759761937145472,0.5100128985,0.4492493765,0.4568142845,616.0,119.0
0.8196817293694031,0.13371780625,0.36022704250000004,0.41900548675000004,616.0,119.0
0.6749233754722734,0.0,0.206746694875,0.448917610875,616.0,119.0
0.8256194063601773,0.31802481775,0.10707528899999999,0.38301676475,616.0,119.0
0.8756396953341786,0.7365124460000001,0.1131658248,0.2870803924,616.0,119.0
0.8783544953637511,0.5633660686666667,0.16708094633333334,0.3898219823333333,616.0,119.0
0.8226879805074878,0.13877039325,0.20382353,0.25657757649999996,616.0,119.0
0.6809961933405587,0.0,0.142026950875,0.18928229287499998,616.0,119.0
0.8240723186212788,0.32467938175,0.0704466195,0.12183843999999999,616.0,119.0
0.890312175979936,0.8057956192000001,0.0615033932,0.1949392686,616.0,119.0
0.9021665745175098,0.5974902293333334,0.1121736,0.42153060166666667,616.0,119.0
0.8367020477212427,0.12771338975000002,0.18547278375,0.2858883225,616.0,119.0
0.6534519114649328,0.0,0.143943162,0.2509854067142857,616.0,119.0
0.6506419584721632,0.10383844933333335,0.08127070433333333,0.20956291533333335,616.0,119.0
0.7346216237355923,0.4746117955,0.043233353,0.21116748400000002,616.0,119.0
0.7690882839504831,0.8046766514999999,0.06913097566666666,0.3331732428333333,616.0,119.0
0.7776973907881266,0.38887706675,0.14905123975,0.42071720874999996,616.0,119.0
0.6774262747623503,0.004040502111111111,0.168021886,0.25269957988888886,616.0,119.0
0.6536090137791261,0.10995490633333334,0.07518720500000001,0.1946389106666667,616.0,119.0
0.7424862158837693,0.4883049265,0.039369734,0.18111582450000002,616.0,119.0
0.7750986495084499,0.818272984,0.053860504200000006,0.20023551040000004,616.0,119.0
0.7833979883195896,0.599716876,0.11675649266666666,0.25072435866666665,616.0,119.0
0.7776338501677337,0.24410132699999998,0.15014219299999998,0.2098263945,616.0,119.0
0.7109045557083153,0.005687553571428571,0.1582345932857143,0.16230262285714286,616.0,119.0
0.7417322550454996,0.0693860372,0.08935065460000001,0.10296442239999999,616.0,119.0
0.8857291722383268,0.576681194,0.05007389066666667,0.06411874833333334,616.0,119.0
0.9472419904161358,0.851477963,0.088499136,0.21456004774999998,616.0,119.0
0.9361808959704693,0.6253142796666666,0.15939171033333333,0.3663026896666666,616.0,119.0
0.894120624032257,0.2700508665,0.2169744375,0.3161772905,616.0,119.0
0.7207101551254261,0.004670282,0.18026429344444445,0.1554924978888889,616.0,119.0
0.8003780690283587,0.197008019,0.069769924,0.0965624705,616.0,119.0
0.905829142902126,0.7956454512000001,0.0671463476,0.14734229540000002,616.0,119.0
0.9267563199634592,0.7054913405000001,0.17214095875,0.33962511925,616.0,119.0
0.8517935546595592,0.150070807,0.25405680175,0.26587025325,616.0,119.0
0.6986499379953278,0.0,0.15233838557142856,0.13195280557142858,616.0,119.0
0.7566559155084671,0.046372529,0.11573149399999999,0.1376360775,616.0,119.0
0.8492385613654386,0.3615329626666666,0.07052818500000001,0.12860623933333332,616.0,119.0
0.8941801095737484,0.7457299594,0.1383877288,0.22683424079999998,616.0,119.0
0.9116665923286837,0.6122784050000001,0.24584639149999998,0.34337478600000004,616.0,119.0
0.8720770064011791,0.2907302176666667,0.253915262,0.33246958266666665,616.0,119.0
0.7091609950797775,0.00329467,0.1425183588888889,0.2702347511111111,616.0,119.0
0.798300180558376,0.15577890725,0.05945367925,0.18085177025,616.0,119.0
0.8865237313180376,0.6949745806,0.0462663648,0.1813335592,616.0,119.0
0.9012216750254707,0.6627482889999999,0.086777614,0.37082416125000006,616.0,119.0
0.7952661469832257,0.0958327645,0.20089243099999998,0.3916024461666667,616.0,119.0
0.6777238668351059,0.0,0.13388375616666667,0.35872257,616.0,119.0
0.805850873974521,0.153380448,0.08798341200000001,0.31531081299999997,616.0,119.0
0.869874483313997,0.5478714573333333,0.06524420800000001,0.33759175133333336,616.0,119.0
0.9119542810943897,0.8379496345,0.09596060374999998,0.4146043235,616.0,119.0
0.9176151091991833,0.677765821,0.155323145,0.47104458849999997,616.0,119.0
0.8912527894794112,0.3283317873333333,0.186423513,0.3797391823333333,616.0,119.0
0.6911281732759259,0.003500920666666667,0.11239572044444444,0.18100491611111108,616.0,119.0
0.6523034419819164,0.106622102,0.032225653666666666,0.08270369833333334,616.0,119.0
0.7365523315676694,0.4813416575,0.024733466500000002,0.081249998,616.0,119.0
0.7649588535568813,0.8176963225,0.08528936100000001,0.17194241000000002,616.0,119.0
0.7741076966951883,0.7081258995,0.21024371225,0.30306676725000004,616.0,119.0
0.749544108922602,0.11979300579999999,0.21456850360000002,0.20147463759999998,616.0,119.0
0.6392503389287092,0.0,0.12510498766666667,0.15965760466666667,616.0,119.0
0.6365433694265723,0.044497173,0.076651473,0.15753950700000002,616.0,119.0
0.6998137468455554,0.3055837095,0.046574448000000004,0.1599701685,616.0,119.0
0.7512086414321109,0.690916775,0.08584629875,0.1418425845,616.0,119.0
0.7594341048266681,0.7652329266666666,0.266384091,0.3709593213333333,616.0,119.0
0.7613136960840754,0.382412191,0.34310940875,0.49815091175000004,616.0,119.0
0.6919308048196959,0.002631394,0.2891352705555555,0.48633188066666655,616.0,119.0
0.753361800094591,0.0328597455,0.247828544,0.4845908185,616.0,119.0
0.8282617738431226,0.27679956,0.21549358400000002,0.4809352385,616.0,119.0
0.8748478208846738,0.7174401503333333,0.206292852,0.398145877,616.0,119.0
0.9096373660806272,0.6391094749999999,0.2159714165,0.4597979365,616.0,119.0
0.8786645037846562,0.3381884296666666,0.2062245583333333,0.4372108143333333,616.0,119.0
0.7047566876197734,0.0032425773333333336,0.1725746473333333,0.2416598842222222,616.0,119.0
0.7537039220422568,0.043279346,0.1189257335,0.1864958625,616.0,119.0
0.837009917710265,0.33749292799999997,0.068419539,0.143116935,616.0,119.0
0.9104826077895027,0.8112695543333333,0.061319119166666665,0.20042274216666667,616.0,119.0
0.9301579128752353,0.6617663773333333,0.129305259,0.421429894,616.0,119.0
0.8499555589946111,0.14966767975,0.23538791174999998,0.37169930975,616.0,119.0
0.6824102481503556,0.0,0.22006137057142858,0.3562385049999999,616.0,119.0
0.754187547189249,0.040248199,0.15238590349999998,0.4255461295,616.0,119.0
0.8416441223109108,0.3105173,0.102526372,0.37958536,616.0,119.0
0.8972788786402207,0.7942298878333333,0.16060309966666667,0.38252264016666665,616.0,119.0
0.9140967753872298,0.716366716,0.2210324715,0.5251279179999999,616.0,119.0
0.8814102516215732,0.36254436866666667,0.21371285333333334,0.512970912,616.0,119.0
0.7000722353452672,0.0029539675555555556,0.11439805444444444,0.28831101800000003,616.0,119.0
0.7746584601756741,0.101142758,0.05487160233333333,0.2642056446666667,616.0,119.0
0.8624046749376408,0.476301933,0.049563325500000005,0.29639549,616.0,119.0
0.9084790069073119,0.8297046270000001,0.11529041440000001,0.2033653256,616.0,119.0
0.9165948069142459,0.6581747446666667,0.25447576433333335,0.3723971873333333,616.0,119.0
0.8396290604414616,0.1467563765,0.29355363475,0.31747050224999995,616.0,119.0
0.6776238645407392,0.0,0.1695914877142857,0.28373106,616.0,119.0
0.7984249674575794,0.144793131,0.10712819224999999,0.26848716125000005,616.0,119.0
0.9069924466626299,0.6893883449999999,0.16728906783333333,0.2881207643333334,616.0,119.0
0.9076722423532535,0.6387171979999999,0.3570571265,0.4379818365,616.0,119.0
0.8381257697865445,0.19947055360000002,0.36287925239999996,0.3773411692,616.0,119.0
0.6484921305970864,0.0,0.20439349942857143,0.37593246185714285,616.0,119.0
0.664967228133095,0.1740249815,0.1074350445,0.31457976224999995,616.0,119.0
0.747694892526728,0.7085601945000001,0.09884076933333334,0.2938983253333333,616.0,119.0
0.7647660075256678,0.5880373645,0.1990666955,0.459482568,616.0,119.0
0.7571047345392198,0.263390582,0.21824906333333335,0.43248570333333336,616.0,119.0
0.6681805494883473,0.0019264796666666666,0.15853975922222224,0.25377608555555553,616.0,119.0
0.6479856607864919,0.071732317,0.097983962,0.21010546666666666,616.0,119.0
0.7381368437392766,0.6381487323333334,0.058117517666666674,0.14724227433333334,616.0,119.0
0.7680941643023281,0.6649828372500001,0.10380875575000001,0.30220596025,616.0,119.0
0.7621425570817559,0.2830451425,0.15437958200000002,0.285138061,616.0,119.0
0.6968425587577745,0.003467894571428571,0.16720369414285716,0.1809945874285714,616.0,119.0
0.6899018230801368,0.0,0.085118035,0.17775485966666668,616.0,119.0
0.799277720608271,0.14517528700000001,0.055764058,0.221207176,616.0,119.0
0.8637459268550384,0.594120015,0.027995460666666666,0.23051748366666666,616.0,119.0
0.9258359330010101,0.8693030953333335,0.10565012716666666,0.3926933461666666,616.0,119.0
0.9023187223507284,0.38725925266666666,0.21324874433333332,0.30314991566666666,616.0,119.0
0.7104589500515124,0.002232935888888889,0.16079364277777775,0.13758028244444442,616.0,119.0
0.7530344042633881,0.031981414,0.0815645895,0.13271057949999998,616.0,119.0
0.8424735217371482,0.3130048975,0.0422995715,0.108590928,616.0,119.0
0.9011482825228712,0.7784284529999999,0.057697772999999994,0.148347404,616.0,119.0
0.917603543563732,0.72464587325,0.145976534,0.35416310125,616.0,119.0
0.8392524288333933,0.14708147149999998,0.21059964850000001,0.25939105100000004,616.0,119.0
0.6797620845010791,0.0,0.116574857,0.17778266214285712,616.0,119.0
0.7771536822147773,0.09150191533333334,0.060699950999999995,0.1780576306666667,616.0,119.0
0.8642904783397352,0.4691407375,0.0347946585,0.2204600065,616.0,119.0
0.9183969070578033,0.8211911538000001,0.0494011378,0.30932572320000007,616.0,119.0
0.9300099479917784,0.6669606266666666,0.11906651000000001,0.382875866,616.0,119.0
0.8517337365829017,0.14690029225,0.21933165625,0.23350035025,616.0,119.0
0.69098852424423,0.0,0.11364279662499999,0.11184344887500001,616.0,119.0
0.8060686305801785,0.1347621365,0.049504242500000004,0.109564992,616.0,119.0
0.8696139839789294,0.47070624549999995,0.036478580499999996,0.09884740149999999,616.0,119.0
0.9344976391662742,0.832227992,0.07675546300000001,0.18044264783333333,616.0,119.0
0.9317711360927993,0.6026077335,0.176061787,0.271056592,616.0,119.0
0.8293450174287524,0.11374767459999999,0.21660762660000002,0.16910809599999999,616.0,119.0
0.6814316931365544,0.0,0.09295090385714286,0.11086444328571429,616.0,119.0
0.8066226327537129,0.137825722,0.0462755245,0.11392416250000001,616.0,119.0
0.8705593672269022,0.47789101,0.0413377615,0.0976060385,616.0,119.0
0.9278698260765875,0.8384872879999999,0.10137233200000001,0.14241439475,616.0,119.0
0.9292529701370346,0.7302197595,0.258519915,0.3871001745,616.0,119.0
0.8844578603184248,0.2852470225,0.312167832,0.3705661485,616.0,119.0
0.7583495985132482,0.003242878,0.278136382,0.3350585075,616.0,119.0
0.6300467269247612,0.0,0.1496395554,0.29678382480000004,616.0,119.0
0.6677984615641936,0.16176436625,0.06784967675,0.18242617275,616.0,119.0
0.7638719670689736,0.7385446475,0.0814087105,0.11561193675,616.0,119.0
0.7715867836939004,0.8568845386666667,0.17281244166666668,0.2585084263333333,616.0,119.0
0.7779937186134304,0.636686646,0.200471986,0.29529515949999996,616.0,119.0
0.7709514789300906,0.30059603599999996,0.2259049645,0.251002839,616.0,119.0
0.676118221332486,0.0016100092222222223,0.18552990688888887,0.2250587138888889,616.0,119.0
0.6488421871468335,0.09215568933333333,0.10961629066666667,0.2522832843333333,616.0,119.0
0.7293847900283021,0.4984505335,0.0923354175,0.2427098905,616.0,119.0
0.7641953905598102,0.8615362923333333,0.16731278483333334,0.30137048550000006,616.0,119.0
0.7746379823070143,0.45893323225000004,0.25607519749999996,0.3781660185,616.0,119.0
0.6967841420506978,0.001273970222222222,0.18131344833333332,0.2838959016666667,616.0,119.0
0.7795835842893379,0.09274318566666667,0.07856945466666666,0.22213915500000003,616.0,119.0
0.8698052144402123,0.49956524449999995,0.048035324000000004,0.164264212,616.0,119.0
0.9334874821656185,0.838894709,0.0909333905,0.1786590796666667,616.0,119.0
0.9178774425239516,0.44767856025,0.22310357475,0.24771795349999998,616.0,119.0
0.7750689417991128,0.002422964,0.20830976875,0.20694529975,616.0,119.0
0.6746162464671773,0.0,0.0920055084,0.26975801979999997,616.0,119.0
0.7579100819095742,0.0208801415,0.06667957899999999,0.2225318295,616.0,119.0
0.8570007251725874,0.3014081795,0.0493071415,0.1939696145,616.0,119.0
0.9398115145727642,0.7613195306666666,0.051139549666666666,0.16365103,616.0,119.0
0.9471170006502309,0.6555998696666667,0.11414407266666667,0.3016270496666667,616.0,119.0
0.917773562725616,0.27812678199999996,0.20151438,0.30072852549999995,616.0,119.0
0.7269785290241847,0.0010895224444444445,0.196023906,0.29143863488888894,513.2222222222222,99.0
0.7590465788286851,0.0189839955,0.1270075195,0.349414884,431.0,83.0
0.8621680716675398,0.308996099,0.0924533045,0.3739502645,431.0,83.0
0.9632474381452307,0.8092791886666667,0.07288869366666667,0.42163384033333334,431.0,83.0
0.9710897496359379,0.6872272546666666,0.107158284,0.5822762206666666,431.0,83.0
0.9186521511476873,0.144118942,0.19139300975,0.53522434275,431.0,83.0
0.7312097333996604,0.0,0.164382336625,0.51215999225,431.0,83.0
0.8375505046920425,0.1374592675,0.122299353,0.505590934,431.0,83.0
0.948378541913117,0.6019610473333333,0.07964462100000001,0.4771504583333333,431.0,83.0
0.9885357870838797,0.9197783355,0.08227755625,0.509101681,431.0,83.0
0.9752922337811599,0.6859371980000001,0.09046128333333332,0.5419414993333334,431.0,83.0
0.9657709420522274,0.273578363,0.12112706849999999,0.51792033,431.0,83.0
0.7977646259621456,0.0008922295555555556,0.10823385988888888,0.4426828168888889,431.0,83.0
0.817336204776875,0.09218964766666667,0.05712649833333333,0.27388575,431.0,83.0
0.9499958232498079,0.524232492,0.030513877000000002,0.235940346,431.0,83.0
0.9894128677598006,0.8725583514,0.0852260994,0.23099351939999999,431.0,83.0
0.9761268463415309,0.696485854,0.2122338895,0.2702023225,431.0,83.0
0.9688344398398211,0.27349370766666664,0.25664905866666665,0.23493945366666666,431.0,83.0
0.7774878331511366,0.0006268469,0.19202549900000002,0.14425674569999997,431.0,83.0
0.706083665890022,0.1374802615,0.11995499700000001,0.11514512,431.0,83.0
0.7940537400706225,0.523108656,0.066226196,0.100530295,431.0,83.0
0.8182801677007503,0.8645394126666668,0.10463111633333333,0.193388702,431.0,83.0
0.8131815750009328,0.5657040945,0.256233476,0.2969684635,431.0,83.0
0.8168859574898244,0.07745654816666668,0.25327454916666664,0.24756602216666668,431.0,83.0
0.7135992695006402,0.0049186920000000005,0.15583249214285713,0.17715609599999999,431.0,83.0
0.7566749027596564,0.3391625305,0.0821684525,0.151602599,431.0,83.0
0.8167252563893047,0.834180942,0.053985472666666666,0.20824574266666662,431.0,83.0
0.811277635123516,0.6529411593333334,0.13085313766666665,0.3360912356666666,431.0,83.0
0.7962065201397368,0.08600613766666666,0.18177779766666669,0.33309398949999997,431.0,83.0
0.7187774468447538,0.0,0.0886169425,0.24076313083333337,431.0,83.0
0.8292345962777564,0.1350713235,0.0452366215,0.175431346,431.0,83.0
0.9167992419984989,0.5192672385,0.024412211000000003,0.13585454949999998,431.0,83.0
0.9766226848842421,0.8579359005000001,0.08215078716666667,0.197013615,431.0,83.0
0.9559145129893927,0.5336921995,0.233636672,0.3355407575,431.0,83.0
0.8370011928042255,0.07389981983333334,0.24823201083333332,0.37837716549999995,431.0,83.0
0.7130259355917858,0.0,0.1969168205,0.505483555,431.0,83.0
0.8206118947721706,0.11807089800000001,0.16709382550000001,0.5283551245,431.0,83.0
0.8968821983957008,0.5453689383333333,0.13411876533333333,0.5214157949999999,431.0,83.0
0.9436891470656054,0.8447549025,0.19085737649999998,0.565039195,431.0,83.0
0.9432519950562781,0.6399943425,0.331321776,0.6232609825,431.0,83.0
0.909900550072973,0.295110259,0.34087271999999996,0.5467355829999999,431.0,83.0
0.72086544152684,0.000535168,0.19591422575000003,0.293472661875,431.0,83.0
0.7340931487364873,0.006226424666666667,0.10211538466666666,0.195480952,431.0,83.0
0.8636687916073115,0.45603041925,0.07355534975,0.11347476575000001,431.0,83.0
0.9284151422876669,0.8453871175,0.20620276625,0.29726866775,431.0,83.0
0.9207215058966101,0.5159791155,0.41049633225,0.39636264899999996,431.0,83.0
0.794200862159143,0.0291975284,0.38749801440000003,0.39357848679999996,431.0,83.0
0.6765210323611408,0.0,0.279738899,0.5114134831999999,431.0,83.0
0.7945775522759877,0.1360749935,0.18537206550000002,0.5333699715,431.0,83.0
0.8864268080702614,0.7213715055,0.16804984516666668,0.4101315248333333,431.0,83.0
0.8792571749477239,0.564908813,0.266434222,0.4399526035,431.0,83.0
0.7855747190721493,0.045389545499999996,0.33401877675,0.35815077399999995,431.0,83.0
0.672551384223006,0.0,0.25128682142857145,0.3357340852857143,431.0,83.0
0.7972951781749555,0.1019472165,0.1788698495,0.298557812,431.0,83.0
0.8535798015697106,0.5114134316666666,0.11616832166666667,0.23082967866666668,431.0,83.0
0.9025527738482119,0.82691741325,0.08160024725000001,0.25091393575,431.0,83.0
0.9158187403546575,0.6365409056666667,0.103619611,0.40834290599999995,431.0,83.0
0.8749921335177682,0.253229828,0.18814637950000002,0.3916994265,431.0,83.0
0.7494229251130693,0.0007897775,0.22135210125,0.31586949249999996,431.0,83.0
0.6387158001278932,0.0,0.1334556676666667,0.25913801799999997,431.0,83.0
0.6588495934883482,0.102681078,0.075956881,0.23876003350000002,431.0,83.0
0.7586567505704557,0.6817916976666667,0.04419566933333333,0.237478262,431.0,83.0
0.7851691501067621,0.6637399310000001,0.092189372,0.318991938,431.0,83.0
0.7496171096286474,0.07883744466666666,0.17904579433333334,0.222527832,431.0,83.0
0.6464737185293544,0.0,0.10769387266666668,0.1556809071666667,431.0,83.0
0.7006776441557203,0.28625266125,0.06154638025,0.18316261849999999,431.0,83.0
0.7761707223468451,0.7565163608333334,0.18132747433333332,0.33663398299999997,431.0,83.0
0.7795178273228212,0.4329994985,0.32914506600000004,0.48486932250000003,431.0,83.0
0.7584433291424189,0.08746902375000001,0.2975968645,0.42805717249999997,431.0,83.0
0.6900595787276355,0.0,0.14557948957142858,0.3847426291428571,431.0,83.0
0.777394171965267,0.06521851533333334,0.08119382033333333,0.4178260026666667,431.0,83.0
0.8847837389498107,0.6436302242,0.0827161444,0.38552524559999996,431.0,83.0
0.929823548105163,0.7818528785000001,0.20133547850000003,0.59025398925,431.0,83.0
0.8595018564735633,0.20499539379999998,0.298110475,0.531868472,431.0,83.0
0.6840395745352522,0.0,0.20019693242857145,0.3227100467142857,431.0,83.0
0.7925926452483255,0.14730007725,0.14437233825,0.23703806125000002,431.0,83.0
0.8695031038648636,0.7085744496666666,0.11656951900000001,0.16839150299999997,431.0,83.0
0.9162763780430195,0.8832626434999999,0.13537827049999998,0.2770293465,431.0,83.0
0.9160096431592128,0.6268668685000001,0.18852886349999998,0.4296395225,431.0,83.0
0.8407510183276273,0.137713511,0.25849063475,0.39841328675,431.0,83.0
0.6938628653604049,0.0,0.17534526512499998,0.275506145125,431.0,83.0
0.7986076174979881,0.10554367049999999,0.12275546650000001,0.315688386,431.0,83.0
0.8608876445394386,0.5523361686666667,0.065798495,0.33218589633333334,431.0,83.0
0.9139191394449915,0.8249684356666666,0.06427649266666667,0.42819723416666666,431.0,83.0
0.8613583477421753,0.19534824939999998,0.1585471822,0.3776135214,431.0,83.0
0.6901660238134957,0.0,0.11614140371428572,0.13639413257142857,431.0,83.0
0.7774550436709567,0.058314894000000006,0.06543591733333333,0.11841134666666668,431.0,83.0
0.8576262514825425,0.415405111,0.0446421135,0.1896061925,431.0,83.0
0.9037156047115043,0.7477925286,0.065816807,0.2530464868,431.0,83.0
0.8956551511047867,0.4973564363333333,0.18026795766666667,0.359733092,431.0,83.0
0.8271630408305314,0.083958964,0.2499423235,0.31628078049999997,431.0,83.0
0.6827207604032802,0.0,0.17217761757142855,0.3505889495714286,431.0,83.0
0.7755848796171181,0.053924066666666666,0.15716677966666667,0.32938370566666664,431.0,83.0
0.8518232179350379,0.40671729300000004,0.16366011600000002,0.2754829955,431.0,83.0
0.8823004602434298,0.6874656233333333,0.15395914583333334,0.286019843,431.0,83.0
0.878308794871133,0.45562577950000005,0.235671089,0.4102514775,431.0,83.0
0.8253693643859779,0.0940228065,0.30083937875,0.38386411349999994,431.0,83.0
0.6465906010295575,0.0,0.25583367400000007,0.3350038157142857,431.0,83.0
0.6459034137889811,0.06428444133333334,0.233498611,0.4304455443333333,431.0,83.0
0.7235527487488889,0.455919025,0.171375567,0.396659231,431.0,83.0
0.7645182131932363,0.7966945515,0.10451809100000001,0.3515888605,431.0,83.0
0.7745785310472476,0.7223211673333333,0.12306944533333332,0.447957761,431.0,83.0
0.7666864795380897,0.18838447079999998,0.22860597719999998,0.534967104,431.0,83.0
0.6611237161896802,0.0009383493333333334,0.21298716499999998,0.3929606515555556,431.0,83.0
0.7029938450277977,0.2927045575,0.14217977450000002,0.40839728799999997,431.0,83.0
0.7834735606009079,0.7822904765714286,0.11103831185714286,0.4108648741428572,431.0,83.0
0.7959743338599172,0.5604367795,0.144178159,0.5124785685,431.0,83.0
0.7766923415424574,0.11116517925,0.234244235,0.49690966300000006,431.0,83.0
0.7060727792292649,0.0,0.21295364914285717,0.337512916,431.0,83.0
0.7784637802933704,0.07056511766666666,0.167074362,0.3728502633333333,431.0,83.0
0.8731962797248198,0.496929425,0.093476695,0.356621163,431.0,83.0
0.9507012162593361,0.8434401225,0.08400917983333332,0.359567715,431.0,83.0
0.9449077504615375,0.578961509,0.11196313599999999,0.4831147375,431.0,83.0
0.8651766288830731,0.1111353565,0.17323577675,0.44572057624999994,431.0,83.0
0.697625000076025,0.0,0.14655186642857143,0.298954168,431.0,83.0
0.7547751926401054,0.0035725035,0.09232311400000001,0.30043764650000004,431.0,83.0
0.8543069835756473,0.38759412933333337,0.052415598333333334,0.32809547366666664,431.0,83.0
0.9422177625686148,0.853234668,0.0380478565,0.33653772325,431.0,83.0
0.9490008997557154,0.7458523833333334,0.061463622333333336,0.49144578466666666,431.0,83.0
0.9266465403136019,0.3606563015,0.1049189175,0.45589004499999997,431.0,83.0
0.7978077594810179,0.0226235082,0.11754700380000001,0.33091132019999997,431.0,83.0
0.6711893394810236,0.0,0.06793150149999999,0.270178574,431.0,83.0
0.7552033777977455,0.051393212,0.028959073499999998,0.1775921935,431.0,83.0
0.8668990152181897,0.486351229,0.012090984,0.145533586,431.0,83.0
0.9384485908145799,0.84862307825,0.025398243,0.15227683549999999,431.0,83.0
0.9466225044090866,0.7019296413333334,0.060149625000000005,0.2466975206666667,431.0,83.0
0.9123594520555316,0.308105774,0.100981134,0.26081571800000003,431.0,83.0
0.7880358951569966,0.0188892254,0.0736295424,0.1714754782,431.0,83.0
0.6708511109415625,0.0,0.048895170599999996,0.0900994726,431.0,83.0
0.7762332874554897,0.06342938766666667,0.03671451633333333,0.08267305400000001,431.0,83.0
0.8690343923374737,0.4669822735,0.021155583999999998,0.06578024099999999,431.0,83.0
0.9416636433612842,0.8266260587500001,0.045038011249999996,0.105565042,431.0,83.0
0.9460973226944367,0.612470196,0.148217714,0.264092903,431.0,83.0
0.8088518300981308,0.05811582916666667,0.20490221466666667,0.17998789299999998,431.0,83.0
0.6808129385240159,0.0,0.1523592605,0.25682696833333335,431.0,83.0
0.8283221889464523,0.29122693475,0.1052104505,0.21951910075,431.0,83.0
0.9342663893463293,0.8225436885,0.1228568245,0.19569343799999997,431.0,83.0
0.9256368359356698,0.4825232826666667,0.24142568900000003,0.3343626983333334,431.0,83.0
0.8295698429298332,0.039519105666666665,0.27508033133333337,0.29591599366666665,431.0,83.0
0.6566760897674198,0.0,0.18958890325,0.245811723625,431.0,83.0
0.655842394181595,0.0985581245,0.1248245365,0.22495473900000001,431.0,83.0
0.722285729015706,0.47848963450000004,0.088668619,0.204196019,431.0,83.0
0.7625464403752794,0.8090365640000001,0.168090485,0.29411295542857147,431.0,83.0
0.7644036105489712,0.413696065,0.270081405,0.325534542,431.0,83.0
0.7182789846496118,0.0233063132,0.2372623238,0.2360217276,431.0,83.0
0.6257769249833959,0.0,0.12514918566666666,0.19441830733333335,431.0,83.0
0.6543586012190225,0.09517655350000001,0.068881501,0.1557797445,431.0,83.0
0.720250087837478,0.488379744,0.034117393,0.1116486655,431.0,83.0
0.7577547772907207,0.876138302,0.03748171125,0.13362933224999998,431.0,83.0
0.7763073791341757,0.8213237483333334,0.10124951433333333,0.2797455896666667,431.0,83.0
0.7798081147504659,0.44270697449999996,0.12367330900000001,0.23286534650000001,431.0,83.0
0.7321416758603171,0.0239433926,0.1052963318,0.1813632724,431.0,83.0
0.6721346409569445,0.0,0.0776721445,0.15530864349999998,431.0,83.0
0.7972251290217196,0.09740425400000001,0.0832991325,0.149930927,431.0,83.0
0.8759032648883146,0.64129059325,0.045112360750000004,0.19801236125,431.0,83.0
0.947095280390535,0.8126857058000001,0.110880073,0.4230091722000001,431.0,83.0
0.9212551393978337,0.3570856585,0.15102308949999999,0.507879661,431.0,83.0
0.7717115315412298,0.014313451166666666,0.180939233,0.4564038293333333,431.0,83.0
0.673396767510636,0.0,0.1738327745,0.27393005275,431.0,83.0
0.7782803693573174,0.049994974,0.12046514933333334,0.10679778033333333,431.0,83.0
0.8607961653692378,0.41075265250000004,0.0819784745,0.0833968025,431.0,83.0
0.9090915816666829,0.7197780436666666,0.19775511416666666,0.22697894833333332,431.0,83.0
0.9035630323566675,0.443959696,0.332234174,0.35125900600000004,431.0,83.0
0.8319848236420977,0.081626777,0.26109064825,0.31200926949999996,431.0,83.0
0.6862199514246561,0.0,0.13541195550000001,0.28024973662499997,431.0,83.0
0.7982375882284773,0.0849488425,0.082399992,0.3275896495,431.0,83.0
0.865293720925247,0.5148073416666666,0.06847833833333333,0.24460720533333336,431.0,83.0
0.9065863157698808,0.8192608815,0.072777547,0.26978984975,431.0,83.0
0.9039131377797526,0.654866613,0.133620618,0.3345779925,431.0,83.0
0.8727755318307394,0.25910977533333335,0.22490870200000002,0.32152911533333334,431.0,83.0
0.7527135873396184,0.0,0.24386066475,0.21259217075,431.0,83.0
0.6919165583196744,0.0002653441428571429,0.15622623528571428,0.1682659324285714,431.0,83.0
0.8382617195576341,0.349369173,0.07255436966666667,0.13646470766666666,431.0,83.0
0.9038153592512691,0.809462188,0.057848362,0.16310582199999998,431.0,83.0
0.9072405922318112,0.52287983225,0.10272571075,0.2571629635,431.0,83.0
0.8239055029854526,0.027196451333333333,0.18831705399999998,0.23076291533333335,431.0,83.0
0.7041341424545179,0.00017476144444444444,0.139382483,0.154731619,431.0,83.0
0.8274222603741027,0.258939936,0.07393978749999999,0.144585101,431.0,83.0
0.8942350314036166,0.7862498659999999,0.06628852716666667,0.19903473466666669,431.0,83.0
0.9275631734908164,0.532587404,0.12838787275,0.430614977,431.0,83.0
0.8414134655650737,0.02552038333333333,0.224844943,0.455810978,431.0,83.0
0.6724416622546713,0.0,0.16801265587499997,0.325614493875,919.25,177.5
0.6600020340489988,0.0887301935,0.14530913150000002,0.421434625,1082.0,209.0
0.727414796525489,0.4753030015,0.099180429,0.4758903455,1082.0,209.0
0.7568855841078872,0.8404129358000001,0.085778263,0.4805939564,1082.0,209.0
0.7671311164637383,0.5470264345,0.1129513385,0.593486034,1082.0,209.0
0.7234719220906362,0.011971632166666668,0.17246919950000003,0.4904943108333332,1082.0,209.0
0.6469538173820552,0.024811246,0.09723305428571427,0.43319560928571427,1082.0,209.0
0.7244599935984382,0.4623400505,0.034888237,0.406360142,1082.0,209.0
0.7546445527272638,0.8162715415999999,0.05237439420000001,0.5240713662,1082.0,209.0
0.7651180680060307,0.49384777525,0.13680850625,0.60186141675,1082.0,209.0
0.708557938738865,0.0045965286,0.11670124109999999,0.3532303646,1082.0,209.0
0.7790608686362259,0.037612082666666664,0.087240096,0.265043384,1082.0,209.0
0.84976435176141,0.295112015,0.056744567999999995,0.23688580650000002,1082.0,209.0
0.8714716613957575,0.6587136185,0.12211700966666666,0.41034068883333336,1082.0,209.0
0.8732805634688188,0.3903667575,0.2184451375,0.4577528295,1082.0,209.0
0.823123083978691,0.0595133645,0.2225734205,0.3406317605,1082.0,209.0
0.6774248209742423,0.0,0.15586626114285715,0.20682990771428572,1082.0,209.0
0.791328563705037,0.1143718925,0.073673489,0.105184946,1082.0,209.0
0.8662359514349022,0.7033040026666667,0.07511700583333332,0.14884590616666665,1082.0,209.0
0.8711703780162536,0.6028111905,0.150773531,0.332122974,1082.0,209.0
0.8086421741641227,0.11080735833333333,0.1882596668333333,0.36901586383333335,1082.0,209.0
0.6728136071969828,0.0,0.12411912042857143,0.2684674728571429,1082.0,209.0
0.8091630168433409,0.118108826,0.06691358933333334,0.17374465833333333,1082.0,209.0
0.859677297881875,0.5840365234,0.0786676828,0.1313541094,1082.0,209.0
0.8582250567000856,0.5705595453333333,0.14639800533333333,0.23763958333333335,1082.0,209.0
0.8193782327570961,0.1132491752,0.16650459300000003,0.24734173360000003,1082.0,209.0
0.6868586366617001,0.0,0.11143591244444445,0.20502874766666668,1082.0,209.0
0.8268118582796089,0.2815562086666667,0.08465278866666666,0.17204312800000002,1082.0,209.0
0.8522095654462817,0.7027952858333332,0.0964859805,0.22284315,1082.0,209.0
0.8491133999607952,0.4602535405,0.1607899475,0.354785201,1082.0,209.0
0.8050623287642674,0.06817975925,0.20035442725,0.32727324975,1082.0,209.0
0.6617381477336759,0.0,0.16838516883333332,0.19231874000000002,1082.0,209.0
0.7489845323099749,0.0378554945,0.12768789925000001,0.14611054475000002,1082.0,209.0
0.8308719496820236,0.441978005,0.0945405155,0.1651827615,1082.0,209.0
0.8596760180416485,0.7561023115,0.09208835666666666,0.278350398,1082.0,209.0
0.8605713618021802,0.47366459400000005,0.11479584,0.4498416685,1082.0,209.0
0.814711197334075,0.062870296,0.18305266825,0.4533961165,1082.0,209.0
0.6401703298293544,0.0,0.13555075712499998,0.332911424625,1082.0,209.0
0.6538981306522319,0.0622903415,0.084529196,0.2412252895,1082.0,209.0
0.72283449350048,0.5171630147142857,0.09877897557142858,0.19854313657142858,1082.0,209.0
0.7395023896582048,0.365049741,0.08756765100000001,0.20299504933333332,1082.0,209.0
0.7294483657344687,0.040629406,0.076442485,0.13175248725,1082.0,209.0
0.6363965699358584,0.0,0.04336668011111111,0.09728335044444442,1082.0,209.0
0.687586952800832,0.1868733675,0.0248064665,0.0661736345,1082.0,209.0
0.7389905060067626,0.5805160768333334,0.03401779816666666,0.08982268199999999,1082.0,209.0
0.7534745295483835,0.47089968449999997,0.073221723,0.19744605399999998,1082.0,209.0
0.7391617676327784,0.089929294,0.11284114920000002,0.2078793794,1082.0,209.0
0.6719562134538173,0.0,0.09789759957142856,0.12925875857142857,1082.0,209.0
0.7725968001890274,0.040788634666666664,0.11629963966666668,0.20543932766666664,1082.0,209.0
0.8377493676085737,0.40070812050000004,0.0909963025,0.23786989949999998,1082.0,209.0
0.8858396090533882,0.7780334498,0.10145389279999999,0.2925305224,1082.0,209.0
0.9024415894273257,0.6358634265,0.12711291,0.4657667465,1082.0,209.0
0.852281885685946,0.16342833325,0.17309267125,0.50058366225,1082.0,209.0
0.6945849902840373,0.0,0.15581477533333332,0.3274025683333333,1082.0,209.0
0.7980162964062534,0.069032238,0.13065871950000002,0.2976619635,1082.0,209.0
0.8505683256969878,0.4257851615,0.10980524650000001,0.307953962,1082.0,209.0
0.9053499426072276,0.696402598,0.12113375316666665,0.29486177016666665,1082.0,209.0
0.8964647438808286,0.40523120349999997,0.1058471825,0.3757779365,1082.0,209.0
0.8285481515216886,0.0489707155,0.1306245415,0.32807819024999996,1082.0,209.0
0.6921969608671978,0.0,0.09706462324999998,0.161926764625,1082.0,209.0
0.7982996772155928,0.0578158505,0.042471819,0.15599591299999999,1082.0,209.0
0.8464626273640183,0.3857064995,0.0218759715,0.133078004,1082.0,209.0
0.8916806546418007,0.71029665925,0.02295910275,0.12781091875,1082.0,209.0
0.8965832562741725,0.54754725675,0.06484765025,0.23282699250000002,1082.0,209.0
0.8280113105147708,0.0529078765,0.10296573925,0.1612388355,1082.0,209.0
0.6943530693313571,0.0,0.08237385522222224,0.0631063568888889,1082.0,209.0
0.8366754359605414,0.34651407966666664,0.04175378,0.058313463,1082.0,209.0
0.9105851843300237,0.8186086551999999,0.0454619976,0.1291762552,1082.0,209.0
0.9089011002568885,0.475683768,0.104196017,0.25718213650000005,1082.0,209.0
0.7711740584002086,0.0018414682000000003,0.1524158166,0.1621358864,1082.0,209.0
0.689745915878977,0.0,0.09259963214285714,0.08185373785714285,1082.0,209.0
0.8245688789671519,0.2249696605,0.0491684155,0.0822956105,1082.0,209.0
0.8684251842421793,0.70760123675,0.030325195,0.15189078475,1082.0,209.0
0.8993853837575612,0.5883811243999999,0.0803464938,0.3983043994,1082.0,209.0
0.825392472185148,0.036563404,0.13624443749999998,0.38854251424999997,1082.0,209.0
0.6559223326174974,0.0,0.1165794792,0.3702452112,1082.0,209.0
0.642452656812304,0.0178608514,0.09082952,0.36637464380000007,1082.0,209.0
0.716381086580324,0.341766028,0.0494830255,0.327154258,1082.0,209.0
0.7412993749944269,0.6349825263333333,0.0500678275,0.27970047666666664,1082.0,209.0
0.752409229136038,0.382773295,0.08763073299999999,0.3135798905,1082.0,209.0
0.7274192916628339,0.0327557078,0.088355971,0.1862524934,1082.0,209.0
0.6307968193453185,0.0,0.05416086,0.08545842300000002,1082.0,209.0
0.6532092978300845,0.053707773,0.0414788455,0.1451445065,1082.0,209.0
0.7128896065424001,0.395919655,0.02410429,0.1342866695,1082.0,209.0
0.7427264363590677,0.79212591025,0.0314172205,0.131408171,1082.0,209.0
0.7577135289147662,0.6576126326666667,0.04812112533333333,0.157426722,1082.0,209.0
0.755572845207575,0.26174368,0.062296007,0.1449920305,1082.0,209.0
0.698308754116408,0.00056405375,0.080035170875,0.161748435375,1082.0,209.0
0.7132675960186399,0.0,0.07306677525,0.19816224699999999,1082.0,209.0
0.8249072316306592,0.21433354599999999,0.06963575050000001,0.174328081,1082.0,209.0
0.8814290749767179,0.6870546657142855,0.10358435757142859,0.16142956214285714,1082.0,209.0
0.8694875113788565,0.362077468,0.156233573,0.202477247,1082.0,209.0
0.77384846155794,0.026619454833333334,0.11303930316666666,0.15790797183333335,1082.0,209.0
0.6702439288764349,0.0,0.052615843,0.06815614433333333,1082.0,209.0
0.7962430353338252,0.0555655155,0.030884995,0.043146113,1082.0,209.0
0.8328253204873856,0.3952670545,0.017248415500000003,0.040005673000000005,1082.0,209.0
0.8655072789197847,0.7650865815000001,0.03455216425,0.0645372335,1082.0,209.0
0.8734259531485339,0.6332709473333332,0.08708822266666667,0.18514848333333334,1082.0,209.0
0.8180318083628297,0.1056424818,0.09741966960000001,0.1475901696,1082.0,209.0
0.666214546490807,0.0,0.04655901471428572,0.08088627342857144,1082.0,209.0
0.7857276239702738,0.11568687175,0.02349913725,0.10045645175,1082.0,209.0
0.8799238910896631,0.7631521846666667,0.018398121166666666,0.10614790933333333,1082.0,209.0
0.9046472965484693,0.6204539985,0.0376910655,0.1713826695,1082.0,209.0
0.8486287212253794,0.14767527075,0.07626321275,0.138215862,1082.0,209.0
0.6968055594681879,0.0,0.0855408664,0.1143979876,1082.0,209.0
0.6744231100849432,0.0,0.0474477915,0.08708124874999999,1082.0,209.0
0.7957731296989465,0.057035208,0.0328697055,0.08837000049999999,1082.0,209.0
0.8389430604300618,0.438466058,0.020865896000000002,0.0926180085,1082.0,209.0
0.8995773635275199,0.8044785966000001,0.0603093826,0.09798173299999999,1082.0,209.0
0.9084874228365497,0.5217610533333333,0.120133968,0.19679731966666666,1082.0,209.0
0.8205812599781159,0.045239128999999996,0.14335224424999998,0.19347692300000002,1082.0,209.0
0.6679692550206047,0.0,0.10856878842857143,0.23799989428571428,1082.0,209.0
0.7890090734198516,0.11117793274999999,0.06450775375000001,0.212593992,1082.0,209.0
0.8984952343862634,0.7434094942,0.0469773262,0.125533549,1082.0,209.0
0.9185956419762343,0.6507538483333333,0.09974983666666666,0.18241744199999999,1082.0,209.0
0.8177133981498712,0.08831353900000001,0.14223098066666667,0.1811841401666667,1082.0,209.0
0.6365334719287992,0.0,0.07731005775000001,0.1398667955,1082.0,209.0
0.6894866629203832,0.237037222,0.039609936,0.149060574,1082.0,209.0
0.7511642496523873,0.7972157186,0.040821588199999995,0.148224951,1082.0,209.0
0.7757075281656558,0.7380283143333334,0.07935025733333333,0.27670493533333335,1082.0,209.0
0.7453082327206947,0.10564181399999999,0.11756636900000002,0.2280411105,1082.0,209.0
0.6438728764357364,0.013309637666666667,0.08051861577777779,0.17664701388888887,1082.0,209.0
0.7239046101662163,0.47904511299999997,0.0285912185,0.19691031650000002,1082.0,209.0
0.7654325363810465,0.8524032876666666,0.032455199,0.22200092666666668,1082.0,209.0
0.7858903385096074,0.8071797357500001,0.10202718275,0.41111594250000005,1082.0,209.0
0.7554506710858369,0.13037538799999998,0.22376272559999996,0.4517814438,1082.0,209.0
0.7070707879251703,0.0,0.24796224322222227,0.5385760688888888,1082.0,209.0
0.8310627120081225,0.2125818675,0.2521314355,0.523487489,1082.0,209.0
0.8945884927430527,0.7800124326666666,0.1859267725,0.4641405148333333,1082.0,209.0
0.9199631623091752,0.704940778,0.2066496185,0.5487840375,1082.0,209.0
0.86273546552049,0.16715973925,0.2894067215,0.5760421307500001,1082.0,209.0
0.7268855645020867,0.0,0.282350572,0.48155971325,1082.0,209.0
0.6937514624588359,0.0,0.22030087033333334,0.537284213,1082.0,209.0
0.8223317994791443,0.221903878,0.168087236,0.5924170865,1082.0,209.0
0.8689582246963671,0.7558795821666666,0.10921016383333333,0.5618253666666666,1082.0,209.0
0.8828746046290153,0.5524646703333334,0.14539995833333333,0.5689787026666667,1082.0,209.0
0.7957405680380586,0.0390274782,0.2556214618,0.5972025224,1082.0,209.0
0.6862350113026628,0.0,0.23456329,0.5818327833750001,1082.0,209.0
0.823843101718708,0.1362486695,0.258482443,0.555792502,1082.0,209.0
0.8602146227855024,0.5723062343333333,0.26469126983333335,0.5152312569999999,1082.0,209.0
0.8645602333885307,0.431583945,0.27441338666666665,0.4989420936666667,1082.0,209.0
0.7911320045269029,0.028663850799999994,0.2642906052,0.4336108052,1082.0,209.0
0.6545146432482513,0.0,0.1880585633333333,0.35801521649999996,1082.0,209.0
0.7708191299773013,0.02335723166666667,0.16882151266666665,0.3156112016666667,1082.0,209.0
0.8317791243600255,0.400094193,0.1301515885,0.272358872,1082.0,209.0
0.8627241012790037,0.7811167626000001,0.0962012492,0.210171551,1082.0,209.0
0.8701963538126543,0.5281382766666667,0.09720096700000001,0.220326989,1082.0,209.0
0.8106327274294732,0.04345551775,0.11897647850000001,0.21916828975,1082.0,209.0
0.6650929497711445,0.0,0.07410759142857144,0.1822804022857143,1082.0,209.0
0.770883091992455,0.027135317000000003,0.049983809,0.15656300366666667,1082.0,209.0
0.8326925266816385,0.43800372099999996,0.029362133000000002,0.161752649,1082.0,209.0
0.8831072779513525,0.8188336683999999,0.0459340606,0.2389327066,1082.0,209.0
0.902225307804853,0.657731366,0.07585053,0.3998511335,1082.0,209.0
0.8586812974277935,0.29237446500000003,0.1077683265,0.39552809499999997,1082.0,209.0
0.7673800931136475,0.0,0.16111159225,0.408679632,1082.0,209.0
0.622860656302894,0.0,0.11775285485714286,0.33149353342857146,1082.0,209.0
0.652117190505958,0.0450999755,0.086546291,0.306565748,1082.0,209.0
0.7120586150991819,0.47768278399999997,0.0510128725,0.3093167105,1082.0,209.0
0.7391293323862579,0.86403274525,0.047597350499999996,0.36936539375000005,1082.0,209.0
0.7485053906294349,0.6398448295,0.07631400625000001,0.47864373725,1082.0,209.0
0.7188499418445992,0.0336571034,0.1128975896,0.3302340264,1082.0,209.0
0.6294595289258085,0.008699298000000001,0.05529754577777777,0.17190531033333334,1082.0,209.0
0.7120716791083339,0.4463464345,0.0204871385,0.10642333749999999,1082.0,209.0
0.7424619748465963,0.838323634,0.0595576766,0.1359473704,1082.0,209.0
0.7546007251381514,0.5676210563333334,0.15524859333333332,0.20604042600000003,1082.0,209.0
0.7263190696327485,0.0298968388,0.2230048422,0.1801933128,1082.0,209.0
0.6606564977839536,0.0,0.23109769699999996,0.25200375533333336,3241.1666666666665,626.5
0.7893558661611384,0.09837384275,0.29101383075,0.32097342500000003,3673.0,710.0
0.8342404299888048,0.7927391608333334,0.2836648645,0.3636483323333333,3673.0,710.0
0.8323718267916649,0.48865615749999997,0.3755804895,0.5568141707500001,3673.0,710.0
0.7426858045722697,0.0,0.4082942676,0.4747751682,3673.0,710.0
0.6619555297391401,0.0,0.35663582,0.40999106916666667,3673.0,710.0
0.8157404079267294,0.25372176225,0.31957257375000003,0.44720746675,3673.0,710.0
0.836198452014474,0.8716233876666667,0.2175158271666667,0.36783838183333334,3673.0,710.0
0.8387068316518647,0.542869572,0.1923474645,0.4049011985,3673.0,710.0
0.8008810092186296,0.04184014525,0.23807428625,0.45234497349999997,3673.0,710.0
0.6570883897511077,0.0,0.20886551399999997,0.48332206542857153,3673.0,710.0
0.7764977044583002,0.023526191000000002,0.16835166633333332,0.5133217196666666,3673.0,710.0
0.8289854439959361,0.4914476415,0.10627994099999999,0.4602630735,3673.0,710.0
0.8463801073028109,0.8799405673333333,0.08374584683333335,0.42347345333333336,3673.0,710.0
0.84203014208421,0.543255536,0.1133558585,0.4880207045,3673.0,710.0
0.7779895839986535,0.0310488044,0.158112114,0.45827173739999993,3673.0,710.0
0.649987128015071,0.0,0.08982332216666666,0.3784380911666667,3673.0,710.0
0.7772324250866983,0.022209425666666668,0.05353140533333334,0.3278708103333333,3673.0,710.0
0.8287231340616839,0.493979387,0.0297485695,0.30326487950000003,3673.0,710.0
0.839499801852281,0.89587702475,0.029695564,0.2655201045,3673.0,710.0
0.8424643675989008,0.696748137,0.07403127975000001,0.26814369350000006,3673.0,710.0
0.8007624968252857,0.0362987235,0.13410222249999998,0.18462884575,3673.0,710.0
0.6568134840589118,0.0,0.09115189028571428,0.11993764742857145,3673.0,710.0
0.7769242429127999,0.017380590666666668,0.07201026366666667,0.142824415,3673.0,710.0
0.8285172006308026,0.47477493149999994,0.049690248500000006,0.164013883,3673.0,710.0
0.8407256785209752,0.8539878450000001,0.06652194883333333,0.1640279125,3673.0,710.0
0.8401950027017426,0.495335562,0.107910881,0.2216344655,3673.0,710.0
0.7196024721294816,0.015751071875,0.125495025375,0.242367267125,3673.0,710.0
0.6295191571711041,0.007517634166666666,0.09902659383333334,0.3361432856666667,3673.0,710.0
0.7054677619347155,0.44310038650000005,0.09377261049999999,0.4435607595,3673.0,710.0
0.7164094855632305,0.7982668796666667,0.25368743416666667,0.5418506878333332,3673.0,710.0
0.7266868420098673,0.444286925,0.3794806935,0.6445439135,3673.0,710.0
0.7186171359110322,0.02554466,0.3733195245,0.6125166885,3673.0,710.0
0.6344952167913976,0.0042021714,0.3237267851,0.5582897683000001,3673.0,710.0
0.7116234296799562,0.435315452,0.29622913900000003,0.5036625415,3673.0,710.0
0.7091026805747128,0.7637250340000001,0.2918053716666667,0.41954841783333335,3673.0,710.0
0.7223879231267082,0.3457654823333333,0.3217790973333334,0.5838255036666667,3673.0,710.0
0.7161407606717343,0.0,0.3431236803333333,0.533500372,3673.0,710.0
0.6547369886182904,0.0,0.26100819075,0.33125651949999996,3673.0,710.0
0.6565787848765768,0.0,0.20579712266666664,0.2554236406666666,3673.0,710.0
0.7950383153866596,0.07247917849999999,0.18459759225,0.22714857075,3673.0,710.0
0.8286168740347158,0.6319732278333333,0.12136742366666665,0.18405456183333335,3673.0,710.0
0.8284104411188622,0.5215942525,0.1213890055,0.3815240055,3673.0,710.0
0.8156110790847845,0.10215729125,0.15968554775,0.42052062625,3673.0,710.0
0.6678761431523736,0.0,0.159305897625,0.337371406125,3673.0,710.0
0.7785399478803323,0.006981087,0.14556683366666667,0.26031116066666665,3673.0,710.0
0.8296922417088122,0.4648007463333334,0.10468179366666668,0.21749205433333332,3673.0,710.0
0.8298971294157892,0.6532967458333333,0.15285305783333333,0.34237166683333337,3673.0,710.0
0.8245132829056662,0.120583932,0.21014149966666665,0.443443732,3673.0,710.0
0.6939857246740039,0.0,0.2042793991666667,0.26364728916666663,3673.0,710.0
0.6958214243730283,0.0,0.1505756418,0.18242685320000002,3673.0,710.0
0.8233372584243164,0.11539866800000001,0.14105606250000002,0.207860971,3673.0,710.0
0.8285081635263511,0.4202020675,0.16044084,0.24180472800000002,3673.0,710.0
0.8280199730461015,0.5949938705,0.28878697775,0.28624864525000004,3673.0,710.0
0.8283629612956307,0.4313304195,0.313397599,0.225195663,3673.0,710.0
0.8035118252060152,0.055028749200000004,0.2807294518,0.3251261282,3673.0,710.0
0.6562035302052877,0.0,0.3532213638571429,0.5271828168571429,3673.0,710.0
0.7892052439905555,0.03033969575,0.33819057150000004,0.32162487575,3673.0,710.0
0.8290130703608684,0.331145284,0.3791690785,0.4100572898333333,3673.0,710.0
0.8295732298711045,0.2955409485,0.3731805165,0.375665025,3673.0,710.0
0.804055062398205,0.0431870782,0.28355398719999997,0.3696880346,3673.0,710.0
0.6793506509568721,0.0,0.24212065244444445,0.3792832191111111,3673.0,710.0
0.8247029526456121,0.2039042733333333,0.20196330066666665,0.39473523466666666,3673.0,710.0
0.8315023612798783,0.6358542178333333,0.24755632516666667,0.42728962649999996,3673.0,710.0
0.8098049316748659,0.11936058766666667,0.1825423753333333,0.439525637,3673.0,710.0
0.6345045488924862,0.0013364538,0.1805785067,0.45450410339999997,3673.0,710.0
0.7068462548019275,0.41324219766666664,0.16044175233333335,0.4255541413333333,3673.0,710.0
0.7112938214958019,0.76014811475,0.22512242,0.43208627775,3673.0,710.0
0.7211110703076558,0.5458479470000001,0.328014535,0.433771629,3673.0,710.0
0.7132757590514619,0.0548167535,0.43924268650000003,0.5771434615,3673.0,710.0
0.6173656946836916,0.0,0.5991172598,0.5478259625999999,3673.0,710.0
0.6380876360499808,0.00251141825,0.58823580125,0.7080621205000001,3673.0,710.0
0.7053110877118239,0.2086522845,0.548301873,0.788043988,3673.0,710.0
0.7081154159909753,0.43084410120000005,0.5353238892000001,0.7663258798000001,3673.0,710.0
0.7173289750499979,0.325838554,0.5286419229999999,0.6772489355,3673.0,710.0
0.7062095665246897,0.03170245857142857,0.3867096158571428,0.5117028968571429,3673.0,710.0
0.6479571572230733,0.0,0.38448456340000003,0.4911199018,3673.0,710.0
0.7772798581288982,0.003875622,0.3533817436666667,0.5539792443333332,3673.0,710.0
0.8308214261679254,0.226602831,0.301126828,0.48897828200000004,3673.0,710.0
0.8277029628719241,0.3965201704,0.2846392448,0.34018746219999996,3673.0,710.0
0.8277695564175643,0.2557803865,0.1902288385,0.4446916525,3673.0,710.0
0.803946963714262,0.0255473818,0.1107932694,0.38979494259999997,3673.0,710.0
0.6551619562921394,0.0,0.040940411999999995,0.09932933314285716,3673.0,710.0
0.7782691315681,0.0031521656666666665,0.050125042333333335,0.08225205666666667,3673.0,710.0
0.8300714875724964,0.28817521749999997,0.0509737845,0.0875135215,3673.0,710.0
0.8284160038708185,0.5802217040000001,0.0666019422,0.10363174720000001,3673.0,710.0
0.828510926124943,0.2814872465,0.0791236075,0.1856617455,3673.0,710.0
0.8036132092525599,0.03331524,0.0851288832,0.1681463696,3673.0,710.0
0.6553348049406728,0.0,0.05563642857142857,0.12038917557142857,3673.0,710.0
0.7789278874897739,0.003568534333333333,0.04656012033333334,0.099932497,3673.0,710.0
0.8297775868786822,0.46313903633333336,0.026731664333333335,0.07463894333333333,3673.0,710.0
0.8285335891523724,0.789458426,0.042563566,0.09646319966666667,3673.0,710.0
0.8282987182694193,0.4811918833333333,0.084953617,0.21543681433333337,3673.0,710.0
0.7662641053549727,0.028670888999999998,0.107756685,0.3150081894285714,3673.0,710.0
0.6479060718817807,0.0,0.153283753,0.4805181138,3673.0,710.0
0.776873641430316,0.0020901653333333333,0.23747933066666668,0.507901988,3673.0,710.0
0.8290611589331018,0.1525932225,0.2768876095,0.461985789,3673.0,710.0
0.828090326600911,0.3950745645,0.32220472,0.35577006725,3673.0,710.0
0.8278216719486432,0.3123955746666667,0.3932348376666666,0.3791650663333333,3673.0,710.0
0.8034078283738836,0.030484320599999996,0.3387293538000001,0.3272760774,3673.0,710.0
0.6558745424151162,0.0,0.3428503682857143,0.3440329987142857,3673.0,710.0
0.7892142810950069,0.0293958975,0.33400054074999996,0.31879194375,3673.0,710.0
0.8281729013076696,0.38747626166666665,0.3326503385,0.3152944466666667,3673.0,710.0
0.828015431022143,0.32308446300000004,0.363112031,0.359245752,3673.0,710.0
0.803484610893174,0.0348843448,0.320623773,0.3452567536000001,3673.0,710.0
0.6307866263595451,0.0003593087,0.3010722008,0.2868352457,3673.0,710.0
0.7053340551678993,0.21534255749999998,0.336045561,0.4016959395,3673.0,710.0
0.7085312816238454,0.4564656714,0.40325682039999994,0.43839172039999996,3673.0,710.0
0.7177573474129815,0.3017139555,0.386416828,0.49992485249999996,3673.0,710.0
0.6898740289478134,0.021984991375000002,0.36894343325,0.489215454,3673.0,710.0
0.6257289144491628,0.0006489164285714286,0.3044305527142857,0.34614550799999994,3673.0,710.0
0.7058521897722511,0.238550484,0.238867386,0.3129988065,3673.0,710.0
0.7095961934395895,0.5950736976666667,0.16851090216666667,0.20834320183333332,3673.0,710.0
0.7222245998519086,0.3174349515,0.123854494,0.237411936,3673.0,710.0
0.7024294401118739,0.0015752233333333335,0.1033560295,0.18021622466666667,3673.0,710.0
0.6970807332561872,0.00073385225,0.131126266875,0.228449975125,3673.0,710.0
0.8290177839829568,0.45425331066666663,0.139716176,0.2348099143333333,3673.0,710.0
0.8314478655607754,0.80323612525,0.16881068300000002,0.3337174195,3673.0,710.0
0.830729931512337,0.46408076000000004,0.22600812166666664,0.372537148,3673.0,710.0
0.7975836746038013,0.001990634,0.282225962,0.36443823275,3673.0,710.0
0.6508031872183202,0.0,0.24591652260000002,0.3604587532,3673.0,710.0
0.733088960237434,0.0009629657999999999,0.22611880180000005,0.47491019320000005,3673.0,710.0
0.8294638950471325,0.2984397835,0.1657184295,0.47024805049999996,3673.0,710.0
0.8295770601167947,0.6905049694000001,0.0974845282,0.4415361522,3673.0,710.0
0.8314068240176227,0.536747957,0.096790442,0.3789149075,3673.0,710.0
0.8037352896822874,0.0538960942,0.11494414560000002,0.3709162871999999,3673.0,710.0
0.6504579310714864,0.0,0.10901277633333334,0.3109849781666667,3673.0,710.0
0.7570350170088116,0.00129746225,0.11695514400000001,0.23834916099999998,3673.0,710.0
0.8298897779715985,0.5080173473333334,0.08402623533333335,0.22219511933333333,3673.0,710.0
0.8333766114727326,0.8473724802,0.07242690739999999,0.23409047659999999,3673.0,710.0
0.8096577393552388,0.1508546505,0.11391724383333333,0.31616282383333333,3673.0,710.0
0.6935141317545229,0.0004988718,0.07300921190000001,0.18746943789999998,3673.0,710.0
0.8306033653231286,0.45226637199999997,0.030534156,0.163411639,3673.0,710.0
0.8302953641441752,0.8550528026,0.0169204906,0.1645356332,3673.0,710.0
0.8311178710676339,0.637437924,0.0249055675,0.182125639,3673.0,710.0
0.8036525136032214,0.06326508639999999,0.031740460799999995,0.126500415,3673.0,710.0
0.6650119160586769,0.0,0.020409768874999998,0.05824230225,3673.0,710.0
0.8190683305545807,0.0868582195,0.023316090749999997,0.0682898485,3673.0,710.0
0.8280134176104014,0.36551114175,0.03908150775,0.15067234525,3673.0,710.0
0.8274663376353132,0.21431904266666668,0.07849716666666667,0.2448611256666667,3673.0,710.0
0.8036621500409098,0.013958959399999998,0.1286981502,0.35738134099999996,3673.0,710.0
0.6275054016375964,0.0,0.190963788,0.44398520999999996,3673.0,710.0
0.6352407726214182,0.000207426,0.329339287,0.4802049204,3673.0,710.0
0.7223344809960291,0.172615114,0.345957933,0.4489051886666666,3673.0,710.0
0.7284743376324501,0.4293694545,0.47356762575,0.5937072035,3673.0,710.0
0.7544397899429675,0.362811957,0.597300289,0.642729511,3673.0,710.0
0.7492949659807445,0.0368568066,0.48146228099999994,0.6216794031999999,3673.0,710.0
0.6363383256799484,0.0001755605,0.38120304890000006,0.6424386244000001,3673.0,710.0
0.7141105043205231,0.2543116895,0.4118384555,0.664998838,3673.0,710.0
0.7443133810495632,0.5657268742,0.420106328,0.5403429611999999,3673.0,710.0
0.7513925791285352,0.419033775,0.5169412485,0.6275618425,3673.0,710.0
0.765146249256805,0.0408400256,0.46954061840000005,0.7018909232,3673.0,710.0
0.6702493058592363,0.0,0.489040498875,0.7593449105000001,3673.0,710.0
0.7976448857426934,0.073139468,0.5400898136666666,0.677358552,3673.0,710.0
0.8477386280481713,0.627826261,0.608606796,0.5998858326000001,3673.0,710.0
0.8399107478343099,0.510906796,0.7074291413333333,0.6607108273333333,3673.0,710.0
0.8353632369479863,0.0400538166,0.551072268,0.6169025114,3673.0,710.0
0.6718417371485038,0.0,0.502696375875,0.613012785625,3673.0,710.0
0.8079605093844886,0.04623194525,0.396485675,0.6657907555,3673.0,710.0
0.8452148899598789,0.221098092,0.371542775,0.5605964012,3673.0,710.0
0.8376441333415812,0.05441604157142856,0.3790206564285715,0.5840468472857143,3673.0,710.0
0.6688526529840564,0.0,0.33905033349999997,0.5048728096666667,3673.0,710.0
0.7392193147015174,0.018164067,0.2833159058,0.37427728759999995,3673.0,710.0
0.8447658773184633,0.25560791925,0.26622043275,0.34038991749999997,3673.0,710.0
0.8392143762814115,0.23171960233333333,0.3094920186666667,0.4847584253333333,3673.0,710.0
0.8358565095023854,0.0353719905,0.19393976333333338,0.4886429045,3673.0,710.0
0.6916867160949849,0.0,0.11050102175,0.39576487375,5300.5,1024.25
0.8519748819175699,0.13884489525,0.1210247445,0.44938918775000003,5843.0,1129.0
0.8449183982791391,0.6323497399999999,0.12043715060000001,0.3394816096,5843.0,1129.0
0.8428277478706481,0.35624790500000003,0.19915300000000002,0.352094582,5843.0,1129.0
0.8316672766258034,0.027026798333333334,0.201644971,0.3432087586666666,5843.0,1129.0
0.669867648545725,0.0,0.2679127866666666,0.4802605638333333,5843.0,1129.0
0.8098700268792924,0.0413567648,0.23898719660000003,0.2681724002,5843.0,1129.0
0.8374208481392253,0.31609707000000004,0.2983156341666667,0.2901105545,5843.0,1129.0
0.828828930304382,0.049615231999999995,0.278790936,0.33485061657142856,5843.0,1129.0
0.6445527657335437,0.0,0.209694677,0.2899530931666667,5843.0,1129.0
0.6886870437222035,0.052957911,0.155994711,0.20691842475,5843.0,1129.0
0.7376305946302649,0.7018983211666666,0.058945436,0.10599652250000001,5843.0,1129.0
0.7405002006356686,0.4877800886666666,0.05499199766666666,0.09785977866666666,5843.0,1129.0
0.7294715320911453,0.000322362875,0.055785789875,0.092825196,5843.0,1129.0
0.6541000294357188,0.0,0.05812708266666666,0.130684838,5843.0,1129.0
0.7449981931936521,0.36015441833333334,0.07444997233333332,0.23981198533333334,5843.0,1129.0
0.7269962103725901,0.63982279225,0.15490993475,0.28369597775,5843.0,1129.0
0.7304675793993536,0.400790665,0.267510738,0.38912557150000004,5843.0,1129.0
0.759934101282626,0.0268661904,0.3625096972,0.43401104640000004,5843.0,1129.0
0.6792776064704436,0.0,0.4262383131428571,0.45423836685714286,5843.0,1129.0
0.8174272686896178,0.0509000302,0.449194036,0.5549549372,5843.0,1129.0
0.852583504586697,0.33257158233333334,0.5113264405,0.6369907788333334,5843.0,1129.0
0.8544852594542419,0.066113651,0.5177220261666667,0.7111487593333333,5843.0,1129.0
0.6860144042940602,0.0,0.4933613027142857,0.638338542,5843.0,1129.0
0.8233601368664845,0.0628399714,0.4454937898,0.5663142112,5843.0,1129.0
0.8500188233389014,0.341849834,0.4870781838,0.5251580832,5843.0,1129.0
0.850570660212013,0.06798288171428571,0.4839817255714286,0.6126698987142858,5843.0,1129.0
0.686224247557171,0.0,0.5671405145,0.6087564628333333,5843.0,1129.0
0.791255611420608,0.05056522816666667,0.5079235003333333,0.6557965665,5843.0,1129.0
0.8425228121595647,0.41197855283333334,0.360031094,0.523077577,5843.0,1129.0
0.8450712266680775,0.07749654683333333,0.1215372615,0.2455044643333333,5843.0,1129.0
0.6864705937699302,0.0,0.10062341985714285,0.32026053700000007,5843.0,1129.0
0.819300579265961,0.0482018078,0.23245201019999998,0.433560115,5843.0,1129.0
0.8489225345864796,0.2992742608,0.4328993026,0.5193809378,5843.0,1129.0
0.8560482994788835,0.10539070479999998,0.4598895298,0.530057965,5843.0,1129.0
0.7158263196578465,0.0,0.40237904566666666,0.5694174605555555,5843.0,1129.0
0.8183973659017546,0.1024463748,0.3681410428,0.5033341184,5843.0,1129.0
0.8465547152832213,0.5221134915000001,0.47857814533333337,0.5614702115000001,5843.0,1129.0
0.8464213751573255,0.06741305433333332,0.5135037253333333,0.6641040216666667,5843.0,1129.0
0.687432783596599,0.0,0.53253381775,0.615411921,5843.0,1129.0
0.63431744357607,0.0,0.5540620693999999,0.5317588906,5843.0,1129.0
0.7126824556947313,0.08922619933333333,0.5624394756666667,0.519799545,5843.0,1129.0
0.7333092446756246,0.2866672121428571,0.6282152697142858,0.5103904687142857,5843.0,1129.0
0.7342041379927572,0.01149432475,0.49978708812499995,0.584155540625,5843.0,1129.0
0.6575349534444532,0.029104392888888893,0.4151008737777777,0.4880778281111111,5843.0,1129.0
0.724521754939655,0.3715706756,0.3592706026,0.3591206022,5843.0,1129.0
0.7526740709311902,0.10479254728571429,0.3320430462857143,0.27877435585714283,5843.0,1129.0
0.678688221837278,0.0,0.22661157585714284,0.25335143271428573,5843.0,1129.0
0.8117372876936486,0.05890300280000001,0.12922683520000003,0.14572913299999998,5843.0,1129.0
0.8433086962113453,0.401997015,0.08925076450000001,0.09865664066666667,5843.0,1129.0
0.8153153424791322,0.038051858125000004,0.08671531649999999,0.110273243,5843.0,1129.0
0.6718913573122193,0.0,0.09019627916666667,0.13037494083333334,5843.0,1129.0
0.8296266252478243,0.03157367033333333,0.12474051666666668,0.15766389233333333,5843.0,1129.0
0.8407837317971395,0.5457121262857143,0.11744648857142857,0.22331009185714287,5843.0,1129.0
0.8447783326462939,0.13190443175,0.15738169475,0.3173156155,5843.0,1129.0
0.7813742483792773,0.0,0.186200533,0.2657071995,5843.0,1129.0
0.6716991902286277,0.0,0.20171155333333332,0.28681551883333334,5843.0,1129.0
0.8319009378617352,0.077536846,0.21670942575000002,0.32927717674999996,5843.0,1129.0
0.8374407484868458,0.46762453666666665,0.206023614,0.27011890833333335,5843.0,1129.0
0.8409089802065346,0.09515689175,0.214111944,0.25754138225,5843.0,1129.0
0.7799118306933652,0.0,0.281239861,0.32352371025,5843.0,1129.0
0.6708211012509203,0.0,0.249531947,0.3705588406666667,5843.0,1129.0
0.8200011649668045,0.024693146666666665,0.19034869233333332,0.30627474800000004,5843.0,1129.0
0.8404452319760387,0.4265029178333333,0.13238944433333333,0.19471116083333337,5843.0,1129.0
0.8382177514792362,0.3131120925,0.112049829,0.1324681905,5843.0,1129.0
0.8345780490401882,0.024022130800000003,0.12204552039999998,0.1893385364,5843.0,1129.0
0.6831141650938047,0.0,0.12555583171428572,0.25487853285714285,5843.0,1129.0
0.8090654817603138,0.06441571260000001,0.131318299,0.23926116020000002,5843.0,1129.0
0.8394005030350247,0.4746485118333333,0.137860506,0.23034820016666668,5843.0,1129.0
0.827850542481718,0.059297659428571424,0.17786591185714284,0.3086393201428571,5843.0,1129.0
0.6501446099552468,0.0,0.22185455775000001,0.43286252375,5843.0,1129.0
0.6578151034207513,0.009749408833333332,0.235486124,0.44722210066666673,5843.0,1129.0
0.7340160290147567,0.40359765350000004,0.2453094431666667,0.4176622023333334,5843.0,1129.0
0.738883527993835,0.2441458915,0.238226027,0.46755027299999996,5843.0,1129.0
0.7497663532168389,0.010395231285714287,0.32599680685714283,0.587216805,5843.0,1129.0
0.6340656987208838,0.0,0.35890577883333336,0.5915774895,5843.0,1129.0
0.7057337476316716,0.03846503825,0.352964774,0.6668682454999999,5843.0,1129.0
0.7510925335188163,0.2245641076,0.3330236538,0.6048584158,5843.0,1129.0
0.7796592836715013,0.04082085757142857,0.3352668781428571,0.5817381939999999,5843.0,1129.0
0.6859681301469156,0.0,0.206619098625,0.486603151,5843.0,1129.0
0.8291523570922449,0.010618124666666666,0.109269249,0.48040112766666665,5843.0,1129.0
0.852442313694072,0.27762680200000006,0.08135882716666668,0.36023356433333337,5843.0,1129.0
0.8497227517406866,0.0751747292857143,0.10915902557142856,0.3929751007142857,5843.0,1129.0
0.6849789911364655,0.0,0.1834654037142857,0.44184176428571426,5843.0,1129.0
0.8199333258870277,0.0347456846,0.2656380594,0.5937944678,5843.0,1129.0
0.8554598673919864,0.3050172854,0.4409769015999999,0.6359761174,5843.0,1129.0
0.8674081518647171,0.21871079466666668,0.47467359666666664,0.5644527413333332,5843.0,1129.0
0.8340911321166715,0.000347686,0.430610014,0.4370754908,5843.0,1129.0
0.6806590380805995,0.0,0.3599343124285714,0.32666888657142856,5843.0,1129.0
0.839411132156457,0.019174476666666666,0.32483160633333336,0.241268493,5843.0,1129.0
0.85761785434152,0.40534486333333336,0.3548796205,0.28552062500000003,5843.0,1129.0
0.8612187684313363,0.12021510999999999,0.2824241584285715,0.4169200405714286,5843.0,1129.0
0.69563729699414,0.0,0.242735253625,0.39614784462499997,5843.0,1129.0
0.855649421654797,0.03809989325,0.2149771305,0.40269064275,5843.0,1129.0
0.8562847186623767,0.24993119966666666,0.20076057216666668,0.319990375,5843.0,1129.0
0.8567233690454042,0.025549919833333334,0.16705943583333335,0.2484170815,5843.0,1129.0
0.6876356300421147,0.0,0.14196864014285712,0.2431357291428571,5843.0,1129.0
0.8263497395694287,0.031466092200000004,0.14248918319999998,0.28440877240000006,5843.0,1129.0
0.8584001016824705,0.3994684403333333,0.23804666416666667,0.25689866483333335,5843.0,1129.0
0.86202933112095,0.06319601116666666,0.21885884316666668,0.30895214583333336,5843.0,1129.0
0.6792238581851681,0.006065519818181818,0.19683690654545452,0.3279358029090909,5843.0,1129.0
0.7599406928506399,0.42781829814285716,0.271342714,0.2894592385714286,5843.0,1129.0
0.7949146679358576,0.04890784166666667,0.4157948548333334,0.5385226483333333,5843.0,1129.0
0.6607658058488352,0.0,0.45521083542857144,0.616902136,5843.0,1129.0
0.6839721491516316,0.00756541475,0.3754027505,0.56425432375,5843.0,1129.0
0.7486850321622109,0.2854117102,0.40931833519999994,0.537907967,5843.0,1129.0
0.7674843007330783,0.13938019185714284,0.42079649757142856,0.4335031397142857,5843.0,1129.0
0.693732008926919,0.0,0.56314782025,0.49591471225000006,5843.0,1129.0
0.8121971518856825,0.013646811,0.62159038825,0.71824666325,5843.0,1129.0
0.8605442192473266,0.4299936306666667,0.6067824698333334,0.7136648548333334,5843.0,1129.0
0.8710837623677777,0.15731929220000002,0.4393184486,0.5214425166,5843.0,1129.0
0.7244087574226103,0.0,0.2889605531111111,0.4624673223333333,5843.0,1129.0
0.8432775049639588,0.0565047396,0.2045443202,0.34396914459999994,5843.0,1129.0
0.8615944735371295,0.6446643154,0.1570372968,0.2791436018000001,5843.0,1129.0
0.8561197721561695,0.49097003250000004,0.1560663005,0.235230667,5843.0,1129.0
0.834025990110329,0.018143416714285713,0.16418289214285714,0.3055132404285715,5843.0,1129.0
0.6768567160206063,0.0,0.1711878122,0.3423702376,5843.0,1129.0
0.8372792864636095,0.0167557185,0.16595974200000002,0.35916575125,5843.0,1129.0
0.8704071569648301,0.700489008,0.12755100883333334,0.32732405800000003,5843.0,1129.0
0.8537400657494729,0.556374125,0.10991748949999999,0.28176452750000003,5843.0,1129.0
0.860514367220673,0.0278022794,0.14469405380000003,0.34104722680000005,5843.0,1129.0
0.6983565299874573,0.0,0.20614649314285716,0.48644578857142856,5843.0,1129.0
0.8345299018887902,0.01523496025,0.224601616,0.52816540575,5843.0,1129.0
0.861979008344506,0.5529481827142858,0.16977752142857144,0.34174031314285713,5843.0,1129.0
0.8602598862490738,0.05477601466666667,0.1674199481666667,0.24960485349999995,5843.0,1129.0
0.6939953548457954,0.0,0.181885184625,0.42147028899999994,5843.0,1129.0
0.8570573264360746,0.10431420259999999,0.23505452619999997,0.5216169784,5843.0,1129.0
0.8529116496182864,0.5097478308333333,0.27338098,0.485908867,5843.0,1129.0
0.8512499319867962,0.018836159,0.21396533166666665,0.36339844149999995,5843.0,1129.0
0.6862307327022056,0.0026898398,0.1836747265,0.39158499659999996,8531.3,1649.2
0.7779233572347098,0.4815112693333334,0.16410596266666666,0.40289353433333336,8830.0,1707.0
0.8025670599363978,0.11640888142857142,0.21577632142857142,0.41772640171428577,8830.0,1707.0
0.6939006174972177,0.024026651,0.2224648806666667,0.45730818949999996,8830.0,1707.0
0.7658918451802116,0.49379237528571424,0.19426418657142858,0.39384073628571425,8830.0,1707.0
0.8074318368735943,0.0205744128,0.2322175916,0.47616445799999996,8830.0,1707.0
0.6889101616812112,0.0,0.24045757800000003,0.5355411308571428,8830.0,1707.0
0.865156082369747,0.05302073780000001,0.198439044,0.4426888754,8830.0,1707.0
0.8848552116595835,0.46276920014285716,0.12491134128571427,0.3291862917142857,8830.0,1707.0
0.8865762307784436,0.014915260200000002,0.1334425494,0.196540937,8830.0,1707.0
0.6941140244144713,0.0,0.10806178057142858,0.09989785999999999,8830.0,1707.0
0.8484225536456891,0.005944102,0.06762042774999999,0.08338749100000001,8830.0,1707.0
0.8823620810682887,0.5827630835000001,0.040144324833333335,0.11294035766666666,8830.0,1707.0
0.8685418470386089,0.527654192,0.0325653985,0.1082048005,8830.0,1707.0
0.8709420344245791,0.0251703218,0.0481856246,0.081046773,8830.0,1707.0
0.6948574343410255,0.0,0.06119313285714285,0.17272493671428574,8830.0,1707.0
0.8536025660643313,0.0064983135,0.06684755349999999,0.20869109125,8830.0,1707.0
0.8890636113041492,0.612276779,0.07648682666666666,0.21637415683333336,8830.0,1707.0
0.8682617907687598,0.530943706,0.0993090175,0.22619756800000002,8830.0,1707.0
0.8659233053272569,0.020505667833333335,0.13635598216666667,0.34656677416666665,8830.0,1707.0
0.6783957882331229,0.0,0.1705335385,0.39035961466666663,8830.0,1707.0
0.8512348701189713,0.00628369675,0.15210887900000003,0.3573886065,8830.0,1707.0
0.8732719712714697,0.5838781752500001,0.08984444225,0.265358607875,8830.0,1707.0
0.8804951869896066,0.032474196749999996,0.128445649,0.21470992375,8830.0,1707.0
0.7103356024180317,0.0,0.113602000125,0.23243936425,8830.0,1707.0
0.8749757449961985,0.128609993,0.1170718796666667,0.3267737345000001,8830.0,1707.0
0.8842082085516322,0.6171452291666667,0.148501165,0.41875243616666663,8830.0,1707.0
0.8734787241284293,0.018540206166666667,0.2824628695,0.5333777238333334,8830.0,1707.0
0.6832090476283527,0.023147065181818183,0.24008667354545452,0.5668706103636363,8830.0,1707.0
0.7573249259784522,0.6248703305000001,0.12163227416666667,0.382707933,8830.0,1707.0
0.782652593710865,0.06921322137500001,0.161129266125,0.50996891275,8830.0,1707.0
0.6936304621457338,0.034638173099999996,0.1973652797,0.5323587042000001,8830.0,1707.0
0.7466665019306056,0.6569329368571429,0.15103530799999998,0.412393452,8830.0,1707.0
0.7948064038560616,0.0253753898,0.21142866300000002,0.3013365802,8830.0,1707.0
0.6914159459382193,0.0,0.20839515628571428,0.2353145448571429,8830.0,1707.0
0.8592781906195692,0.0041666395,0.21997702600000002,0.24674640025,8830.0,1707.0
0.8806571557242009,0.5965415995714285,0.11237603785714285,0.27431945971428573,8830.0,1707.0
0.8606933190813065,0.06670760428571429,0.09140730857142856,0.40701722542857144,8830.0,1707.0
0.6850974277330132,0.0,0.0569667945,0.37061511616666665,8830.0,1707.0
0.8681167055718355,0.0027004075,0.04622615575,0.25789549975,8830.0,1707.0
0.8975537530715801,0.433514777,0.0469660305,0.11698755466666666,8830.0,1707.0
0.8882304033929815,0.265878756,0.0723876305,0.13039461,8830.0,1707.0
0.8763162164717104,0.0068125101666666665,0.113070394,0.2531925403333333,8830.0,1707.0
0.684752051390332,0.0,0.118221372,0.21814236716666666,8830.0,1707.0
0.8727686798823504,0.0448710726,0.0800458074,0.1122435758,8830.0,1707.0
0.893297155590751,0.45025692766666675,0.08842686583333333,0.119835197,8830.0,1707.0
0.8851729303958336,0.04234652816666667,0.24260641366666666,0.40185025066666663,8830.0,1707.0
0.6900070552084133,0.0,0.4843429398571428,0.5967587427142858,8830.0,1707.0
0.8403742697263716,0.0005984425,0.58865325325,0.7831699082499999,8830.0,1707.0
0.9053770605455745,0.28411158428571426,0.6379714301428571,0.8208675887142858,8830.0,1707.0
0.9066083778586828,0.05810614149999999,0.6885215315000001,0.8290329621666667,8830.0,1707.0
0.6942916692557797,0.0,0.5529623114285714,0.7632779731428572,8830.0,1707.0
0.8474596814390103,0.0019249435,0.44611414,0.67116738575,8830.0,1707.0
0.8922875448715689,0.4146323368571428,0.39147840528571426,0.5637107292857142,8830.0,1707.0
0.8996768152738094,0.050737853,0.3022872956666667,0.3842691743333333,8830.0,1707.0
0.6761213292863583,0.0,0.300018579625,0.42860180237500006,8830.0,1707.0
0.7354112693559097,0.056248823249999996,0.30573909725000004,0.40889328975,8830.0,1707.0
0.7784462189431839,0.4053140061428572,0.35034777142857143,0.47245228528571426,8830.0,1707.0
0.803662430986994,0.0134329524,0.3810415088,0.534157351,8830.0,1707.0
0.6641606705259288,0.0,0.3705394185714285,0.2571399907142857,8830.0,1707.0
0.7235193786045689,0.057534097000000006,0.46533156449999996,0.3584304891666667,8830.0,1707.0
0.7655900456101576,0.3535372332500001,0.5662439445,0.58257623925,8830.0,1707.0
0.7967031413287969,0.09948526471428573,0.4914509738571428,0.6019804764285714,8830.0,1707.0
0.6951502603473818,0.0,0.31420479228571424,0.5313361318571428,8830.0,1707.0
0.8851702270694585,0.0442290026,0.1901308886,0.4627582898,8830.0,1707.0
0.9008438762062996,0.520767036,0.09813579657142857,0.3145117937142857,8830.0,1707.0
0.8867115312353123,0.0213168985,0.15894432183333335,0.4032036136666666,8830.0,1707.0
0.6961861640560715,0.0,0.2506634486666666,0.5321456736666667,8830.0,1707.0
0.8734259531079253,0.00162933975,0.3334816485,0.6414736142499999,8830.0,1707.0
0.9089879281932456,0.3856276103333333,0.383196327,0.6637768288333333,8830.0,1707.0
0.9003764622994861,0.08154643014285716,0.3758479122857143,0.4924333984285714,8830.0,1707.0
0.6936536609381871,0.0,0.29425521814285716,0.4868941817142857,8830.0,1707.0
0.861740921296572,0.026501879,0.3382309574,0.5574260696,8830.0,1707.0
0.8840934733611109,0.4360846299999999,0.36222946716666665,0.564153949,8830.0,1707.0
0.89249722426184,0.05730115233333333,0.2499174348333333,0.45469939433333334,8830.0,1707.0
0.6945723544009945,0.0,0.22662489628571428,0.4495896337142857,8830.0,1707.0
0.8515249000478997,0.00081406475,0.17219082749999998,0.39674830575000003,8830.0,1707.0
0.8910712894030809,0.34270291657142854,0.19062528299999998,0.3246459222857143,8830.0,1707.0
0.857729358703512,0.027776819749999997,0.1683149945,0.371540005125,8830.0,1707.0
0.6754363559927153,0.0,0.2026076648,0.5080398606,8830.0,1707.0
0.8750799291040613,0.0354382468,0.2125841598,0.5771933046000001,8830.0,1707.0
0.8965920904577779,0.45263309616666664,0.18447244416666667,0.5684851646666668,8830.0,1707.0
0.896401655896696,0.06459769966666666,0.19529414166666667,0.531266055,8830.0,1707.0
0.6771240861013023,0.0,0.17498929700000002,0.4482777456666667,8830.0,1707.0
0.757160158961967,0.072205433,0.13023320233333333,0.41313284266666667,8830.0,1707.0
0.7681877828635466,0.5087531901428571,0.06305272985714286,0.24108639499999998,8830.0,1707.0
0.8102243091500302,0.0249923804,0.0783402706,0.1581220734,8830.0,1707.0
0.6969145478039013,0.021004807916666663,0.09327948858333333,0.19961282841666664,8830.0,1707.0
0.7750372734772503,0.607739097,0.037977802,0.117080233,8830.0,1707.0
0.8133270114291925,0.0223174454,0.03999434119999999,0.09221702019999999,8830.0,1707.0
0.6965809244219069,0.0,0.06487268828571428,0.11649188714285715,8830.0,1707.0
0.8816534010036549,0.0568215612,0.0786641908,0.1129947258,8830.0,1707.0
0.8959852392412087,0.652681662,0.052831433,0.096149249,8830.0,1707.0
0.87640473002772,0.5536394013333333,0.04001449066666666,0.11699580133333332,8830.0,1707.0
0.873199245257794,0.013763059,0.0607816815,0.14699444633333333,8830.0,1707.0
0.6888800224214987,0.0,0.057332055,0.21840519266666666,8830.0,1707.0
0.8797944935597357,0.020070116399999997,0.06283958780000001,0.28283948000000003,8830.0,1707.0
0.8901467094663633,0.4371938601428571,0.034369247,0.26334591671428575,8830.0,1707.0
0.8786678751051781,0.01646553016666667,0.050815008,0.18162556250000003,8830.0,1707.0
0.6843291262020016,0.0,0.056624133666666666,0.138353858,8830.0,1707.0
0.877658161376454,0.0308366956,0.04884002479999999,0.162274337,8830.0,1707.0
0.8952737512561512,0.5114341415,0.028875430833333337,0.131776449,8830.0,1707.0
0.9126481006445554,0.12784312675,0.02315204375,0.10741853374999999,8830.0,1707.0
0.7408977808916473,0.0,0.021843996666666664,0.11548206355555557,8830.0,1707.0
0.8838303767745745,0.0427899828,0.021227533799999997,0.1099231678,8830.0,1707.0
0.9007049550600215,0.4738472001428572,0.013873203714285713,0.04036369871428571,8830.0,1707.0
0.8858026396826227,0.019401373666666666,0.029242311500000003,0.062004447,8830.0,1707.0
0.691044430554918,0.0,0.053084489500000005,0.08291224833333333,8830.0,1707.0
0.8621951360780373,0.000836211,0.08496482999999999,0.106705558,8830.0,1707.0
0.9024585960216174,0.39327093999999996,0.08114841980000001,0.0766816978,8830.0,1707.0
0.8938369855211588,0.38466971225,0.132350872,0.10464503975,8830.0,1707.0
0.8731757238471655,0.0003539992,0.2071773736,0.1561575714,8830.0,1707.0
0.6718890823950525,0.0,0.23375322925000003,0.2860852995,8830.0,1707.0
0.71003730212019,0.029053090714285714,0.27580927914285713,0.33874999328571437,8830.0,1707.0
0.7714683415397848,0.5444411198333333,0.222598267,0.3694232178333334,8830.0,1707.0
0.8029473538251363,0.08178251014285713,0.3065733331428572,0.5227932958571427,8830.0,1707.0
0.6721206794450386,0.0,0.297013064,0.5650547471666667,8830.0,1707.0
0.7183885629379906,0.0010761795,0.27920001325,0.5757890835000001,8830.0,1707.0
0.7934235781340372,0.5364603923333333,0.19545940766666667,0.5699599433333333,8830.0,1707.0
0.7591571450496092,0.7356009114,0.1525999844,0.5212280558,8830.0,1707.0
0.8096876180210911,0.0412220926,0.19696040080000002,0.5389246478,8830.0,1707.0
0.7058799766839904,0.0,0.15690879414285713,0.49092641585714286,8830.0,1707.0
0.888562350498767,0.0710519348,0.1267077368,0.4914216486000001,8830.0,1707.0
0.8868803240658689,0.7192071992857142,0.05120269542857143,0.3594583325714286,8830.0,1707.0
0.8633458107417644,0.03109765228571429,0.06616477085714285,0.3202710594285714,8830.0,1707.0
