Demand,Avail_Sol,Avail_Wind_On,Avail_Wind_Off,Hyd_In,HydRoR_In
0.8577056901785035,0.0030740355000000003,0.34397831049999994,0.6620284265,11191.0,0.0
0.8370490621096488,0.0,0.26752127161538464,0.6473136686153846,11191.0,0.0
0.8878567019311802,0.012033262,0.19359416244444447,0.5141790844444444,11191.0,0.0
0.8350938712643462,0.0,0.143945084,0.5635725074,11191.0,0.0
0.8629154842096314,0.003886035095238095,0.25264836361904763,0.5791089667142858,11191.0,0.0
0.8980777229848008,0.0023081683125,0.2991549475625,0.5355727185,11191.0,0.0
0.8623663827937927,0.004772042722222222,0.3855982011111111,0.4429183386111111,11191.0,0.0
0.8381286621854098,0.0,0.3783788484705882,0.4660320057647059,11191.0,0.0
0.8653961426202433,0.026980559769230774,0.5366579547692308,0.6697119648461538,11191.0,0.0
0.8257825993285841,0.031314461687499996,0.54071806775,0.67358804175,11191.0,0.0
0.8355387320769672,0.0034659956,0.5839593105333335,0.7598362079999998,11191.0,0.0
0.9053851955385572,0.028668345352941178,0.43468508123529426,0.5467022824117647,11191.0,0.0
0.8450809892874528,0.0,0.30653993536363633,0.37678110427272726,11191.0,0.0
0.9033561174684446,0.03608755269230769,0.2881856403846154,0.4357853199230769,11191.0,0.0
0.8483033759109615,0.0007949575833333334,0.19521023125,0.47842827366666674,11191.0,0.0
0.8642889918405207,0.020644863450000002,0.1493762483,0.39898019809999996,11191.0,0.0
0.9020023668523887,0.01288021475,0.138033632,0.38463941999999995,11191.0,0.0
0.8713384489283816,0.01422463665,0.16608830710000003,0.4243019157,11191.0,0.0
0.8422281436287887,0.011181189678571426,0.12136156778571429,0.3821463289285715,11191.0,0.0
0.8238086053103282,0.01499308927777778,0.3061819861111111,0.5740497617222222,11191.0,0.0
0.8364067696627551,0.0,0.6121965276923077,0.8328047799230768,11191.0,0.0
0.9108472356329659,0.009037110454545454,0.7715062224545455,0.9331835073636363,11191.0,0.0
0.8615086509396747,0.0,0.8467387696470587,0.9241512217058825,11191.0,0.0
0.8740191445053618,0.00377010704,0.59794086324,0.7588208934,11191.0,0.0
0.9077312823977483,0.010764166833333333,0.34309439408333336,0.466183277,11191.0,0.0
0.8784234815088338,0.009617743875000001,0.20523652974999998,0.28997512837500006,11191.0,0.0
0.880701434479676,0.0166330232,0.14129394707999998,0.11986329584000002,11191.0,0.0
0.8326511500238584,0.012883819913043479,0.15963075013043476,0.24134382656521733,11191.0,0.0
0.8088160320877463,0.0,0.068935257,0.14182872454545456,11191.0,0.0
0.8638053072061895,0.04124872385714286,0.061042855499999986,0.11420680392857142,11191.0,0.0
0.8817168313467045,0.02054897042105263,0.05554047763157895,0.26934039010526317,11191.0,0.0
0.846442767225463,0.0,0.09788427072727272,0.2518803584545454,11191.0,0.0
0.9127670468486451,0.02770752027272727,0.23245874581818182,0.47958635972727276,11191.0,0.0
0.8548205369506491,0.0,0.4771763144117647,0.8326341595882355,11191.0,0.0
0.878081583810714,0.019958945999999998,0.5075866337857142,0.9030167589999999,11191.0,0.0
0.8432754279214834,0.03441036629411765,0.5926604522941178,0.8915971764705884,11191.0,0.0
0.8420303143605167,0.0,0.46668222536363635,0.7839102292727272,11191.0,0.0
0.882843382853669,0.03434974247368421,0.22244905110526317,0.42504162078947366,11191.0,0.0
0.8179818650732228,0.048616015150000004,0.14769510940000002,0.3994690962,11191.0,0.0
0.8017325449976246,0.00013695913333333333,0.3635402317333334,0.6319469398,11191.0,0.0
0.8202435783626223,0.020372176049999996,0.27548912210000004,0.6115073203000001,11191.0,0.0
0.8927684077217313,0.012135648941176469,0.19952510682352936,0.4635795232941176,11191.0,0.0
0.8672889311075233,0.04288264635,0.12795747600000001,0.56768236075,11191.0,0.0
0.8430188115102796,0.0,0.20872148192307696,0.42479780976923076,11191.0,0.0
0.900198153722434,0.02281140577777778,0.4855749587777778,0.7555138176666667,11191.0,0.0
0.8552785269485504,0.0,0.5398823663333333,0.8565104490666666,10133.066666666668,0.0
0.9454510194464912,0.028652016399999997,0.47647139539999994,0.7577412266666667,8924.0,0.0
0.8661554028480386,0.0003934029090909091,0.35946624790909093,0.6178926027272728,8924.0,0.0
0.962715541475916,0.07568730753846153,0.3137207276923077,0.6068296407692307,8924.0,0.0
0.8428086692687605,0.0035783189166666667,0.3250505161666667,0.6287789493333333,8924.0,0.0
0.873681329004089,0.0302547542,0.28139286299999994,0.7051592156,8924.0,0.0
0.8983878255939924,0.0735307916875,0.16453386656249996,0.6247480075625,8924.0,0.0
0.8835660224055165,0.001840211818181818,0.1298554661818182,0.4006906408181818,8924.0,0.0
0.9712299147199546,0.0984773326923077,0.09781359361538464,0.2696941536153846,8924.0,0.0
0.8658776821362677,0.0,0.07748398044444445,0.332202351,8924.0,0.0
0.9676091182123796,0.04047835379999999,0.13483239706666666,0.4492228336000001,8924.0,0.0
0.9192551861320352,0.07560672045000001,0.08409095645,0.32390888055,8924.0,0.0
0.9009987282323244,0.007563441625,0.1359484876875,0.3548969356875,8924.0,0.0
0.9599639308441098,0.09888491660000001,0.23833978050000004,0.45678631440000006,8924.0,0.0
0.8895761177258849,0.012226581214285714,0.3186807707857143,0.5740952483571428,8924.0,0.0
0.9600510348956502,0.09152689266666668,0.4019317075,0.5901039140833334,8924.0,0.0
0.8580686004698133,0.030577099555555556,0.34243113827777777,0.5197547848333334,8924.0,0.0
0.8585597576177995,0.00022831514285714285,0.4311546168571429,0.5370909159285714,8924.0,0.0
0.8734430818626234,0.03454544819230769,0.4337197451538462,0.7024544253846154,8924.0,0.0
0.9458238296606589,0.06801867592857143,0.38914075585714286,0.7784512314285712,8924.0,0.0
0.8960340200621215,0.06779303711111112,0.22409382016666665,0.6690429063333334,8924.0,0.0
0.8850060711555672,0.0006642507857142858,0.19061032528571428,0.47081186057142854,8924.0,0.0
0.9537077048310793,0.10856948158333331,0.31292572575,0.4518843959999999,8924.0,0.0
0.8824418655932048,0.0,0.40421682630769235,0.6393507264615385,8924.0,0.0
0.9165600962421154,0.04811398228571429,0.4846903595714287,0.8204566047619049,8924.0,0.0
0.9342360367815674,0.127350837,0.27500476116666667,0.52708483425,8924.0,0.0
0.8695755126889855,0.00042896533333333333,0.11878366233333332,0.23558173433333338,8924.0,0.0
0.866109959332106,0.06489638134782609,0.04703176469565218,0.08243559617391305,8924.0,0.0
0.8798015453827293,0.06592858005555556,0.07498782466666667,0.23281500972222224,8924.0,0.0
0.9203781850228394,0.05213483519999999,0.09707442590000001,0.2688408866,8924.0,0.0
0.8910034697844758,0.01670143342857143,0.08593693507142856,0.28075566585714284,8924.0,0.0
0.9626073706294883,0.12256446966666666,0.052549058249999996,0.11725387708333335,8924.0,0.0
0.885527926314068,0.02305706533333333,0.05215525299999999,0.05570778183333333,8924.0,0.0
0.9226488848918825,0.1015186055,0.07731033083333333,0.10618667422222222,8924.0,0.0
0.9520131221558953,0.235329402,0.05864457690909091,0.10062085327272728,8924.0,0.0
0.903650954991955,0.014224337866666666,0.12942049113333334,0.14724970326666667,8924.0,0.0
0.9657976913904469,0.08633376799999999,0.1297843878181818,0.35680048227272726,8924.0,0.0
0.8802178722653851,0.015747501352941177,0.14739339041176472,0.4814135274705883,8924.0,0.0
0.9102365066005854,0.13009589733333332,0.14953173649999998,0.4217623934166667,8924.0,0.0
0.8473502160922138,0.035421869,0.19052415125000002,0.6299181214999999,8924.0,0.0
0.9055648839441549,0.3850415075714286,0.1957652788571429,0.770932180857143,8924.0,0.0
0.8970493808483866,0.019164973875,0.30040911537500004,0.8141147351874999,8924.0,0.0
0.9729157688232397,0.29947172636363634,0.32348733045454553,0.774763604,8924.0,0.0
0.870646225032008,0.0,0.4172857054444445,0.8627377292222221,8924.0,0.0
0.9762927630099468,0.24672106181818176,0.4093255524545455,0.781971777090909,8924.0,0.0
0.9368937789636822,0.03983337383333333,0.2838336737777778,0.7098703898333333,8924.0,0.0
0.9807622751212824,0.46715535750000003,0.2329934298333333,0.6671390066666666,8924.0,0.0
0.9268102890940122,0.03136144838888889,0.2658656102777778,0.6661920867777779,9822.333333333334,0.0
0.9706307980273938,0.19129890733333332,0.17158830800000002,0.5688486255833333,10541.0,0.0
0.886787179117122,0.04221015375,0.17002855291666666,0.5735009769166667,10541.0,0.0
0.9615445544506122,0.1834428053076923,0.12696557176923076,0.4815557480769232,10541.0,0.0
0.8533207003397973,0.09450980311764706,0.06566154017647058,0.28018309552941173,10541.0,0.0
0.8567656364967559,0.0021384653333333336,0.06105925319999999,0.1604096028,10541.0,0.0
0.8962990958249087,0.16038150874999998,0.089775834,0.20510874816666666,10541.0,0.0
0.8503604523647893,0.0,0.13853695111111108,0.31507795066666666,10541.0,0.0
0.9460258431298304,0.1430024845833333,0.20378207125,0.4834943664166666,10541.0,0.0
0.8957228586615331,0.0046393396875,0.23305888349999998,0.4847917901875,10541.0,0.0
0.9532042551158956,0.14638333439999998,0.20795990150000004,0.3362005132,10541.0,0.0
0.867488189475159,0.0,0.2392574792727273,0.505405805,10541.0,0.0
0.9445226648568965,0.13037514645454545,0.2095611010909091,0.5203670561818182,10541.0,0.0
0.9010943011904927,0.026805850388888892,0.18223986088888888,0.4176264358888889,10541.0,0.0
0.9075410356635856,0.09233583210526315,0.14752929531578945,0.39230754336842105,10541.0,0.0
0.9530956998274535,0.102708765375,0.10188933812500002,0.346824403125,10541.0,0.0
0.8351855029335719,0.01559286375,0.058536983666666674,0.1718350135,10541.0,0.0
0.8954959475061688,0.1966579382857143,0.038163553571428574,0.22169381792857143,10541.0,0.0
0.8517384387853426,0.16176025900000002,0.09883483189999999,0.39058704515,10541.0,0.0
0.8415069845959832,0.00021840075,0.22219063425000005,0.5571811055833333,10541.0,0.0
0.9402944930076539,0.14875462933333333,0.1169586524,0.31937229873333334,10541.0,0.0
0.8526662582791318,0.02422020309090909,0.20090322745454545,0.46164493909090915,10541.0,0.0
0.9501160431849998,0.2463147636,0.26848660980000005,0.7046483072,10541.0,0.0
0.8560098140184915,0.0,0.2837459703333333,0.6955107071111112,10541.0,0.0
0.9381986416669662,0.2953525843333334,0.16287162766666666,0.5668442088333333,10541.0,0.0
0.8985161757034404,0.026626044125,0.1478338341875,0.5420836935625001,10541.0,0.0
0.9626017345691467,0.4673004529999999,0.12736957533333335,0.6437803918888889,10541.0,0.0
0.8882746467150011,0.002756697769230769,0.23801999938461538,0.7806456356153846,10541.0,0.0
0.9659071238434678,0.5365139323636363,0.19537852981818177,0.7657401656363636,10541.0,0.0
0.8781015562295753,0.005109350076923077,0.2965907019230769,0.752664362846154,10541.0,0.0
0.884234611915578,0.2891943412,0.32730349950000004,0.6415366757000001,10541.0,0.0
0.860164324966099,0.0148551122,0.5773256893333334,0.6457112928666666,10541.0,0.0
0.8799062145086295,0.40992201062500006,0.588028744625,0.59413526875,10541.0,0.0
0.8786894434278515,0.04841702264705883,0.5627738026470589,0.6641081083529411,10541.0,0.0
0.94908174028223,0.4559919881111111,0.5557798876666667,0.6807360203333332,10541.0,0.0
0.8903013143528515,0.021789569266666666,0.3753542094666667,0.7514938303333333,10541.0,0.0
0.950056755248668,0.36984105277777773,0.15196138033333337,0.5046885593333332,10541.0,0.0
0.8955495127504276,0.016074706666666667,0.4260493820666666,0.5439327313333333,10541.0,0.0
0.945467615536749,0.31691198000000004,0.37286979872727277,0.6318839590909091,10541.0,0.0
0.8694039497247015,0.019415320307692305,0.34115610984615385,0.6473006408461538,10541.0,0.0
0.9486781399631711,0.3376766425833333,0.24450742525000002,0.4432918170833334,10541.0,0.0
0.8483300290442036,0.0,0.07349734111111111,0.1759973532222222,10541.0,0.0
0.9436158387178192,0.30143272675,0.13099570583333334,0.11399624341666664,10541.0,0.0
0.860371583292677,0.002768521923076923,0.3113011408461538,0.5054991106923077,10541.0,0.0
0.8649001667010948,0.26556356440000006,0.2602092465,0.6605522785,10541.0,0.0
0.837080793382417,0.0270761744375,0.2917840284375,0.597876926,10541.0,0.0
0.8657207772224309,0.39612745366666674,0.25043735608333334,0.556014097,10541.0,0.0
0.8365723784570239,0.000172956,0.3191530576,0.6019375446999999,10541.0,0.0
0.9499914888375545,0.4034783370769231,0.20328809123076924,0.4605533278461539,10541.0,0.0
0.8705011630944215,0.009729653750000001,0.26783071416666665,0.4049643520833333,10541.0,0.0
0.9553778745252967,0.4614463947000001,0.1671846274,0.2762228157,10541.0,0.0
0.8937101605812094,0.03988274699999999,0.1946780890666667,0.3810607292,10541.0,0.0
0.9551839504583226,0.5622735837,0.09063165200000001,0.2803505525,10541.0,0.0
0.8662757592322979,0.0004654023636363636,0.2526408601818182,0.5679681866363636,10541.0,0.0
0.9540638837868836,0.3899935808461538,0.23434324399999998,0.6335763538461539,10541.0,0.0
0.88431229687042,0.032255094285714284,0.16097204742857144,0.5218686509285714,10541.0,0.0
0.9475561710591445,0.5256527373000001,0.0791738557,0.22233234249999997,10541.0,0.0
0.848321013462058,0.0013973345833333333,0.12173610866666668,0.23670408533333334,10541.0,0.0
0.8807102693725937,0.42660665961538463,0.055602589923076914,0.2699269478461538,10541.0,0.0
0.7739536685336109,0.0,0.0779333673,0.42345151870000003,12446.0,0.0
0.8024995666223939,0.29635011313333337,0.09421449820000001,0.4760649708666667,14351.0,0.0
0.7951791735318786,0.0836757393846154,0.1415074349230769,0.5392291606923076,14351.0,0.0
0.857714658169474,0.49545337090909086,0.13475332672727272,0.5734988282727272,14351.0,0.0
0.7963106502826761,0.039089425500000004,0.21631568725000003,0.41353993766666663,14351.0,0.0
0.8632325081154025,0.4977757351000001,0.1547222077,0.4241395346,14351.0,0.0
0.7799952583703504,0.002308260666666667,0.30325945216666667,0.5820431170833334,14351.0,0.0
0.8504742432356807,0.18126573375000002,0.36309227299999997,0.679843098,14351.0,0.0
0.7616295972295983,0.001448757090909091,0.15609578154545456,0.4167501925454546,14351.0,0.0
0.8516122011354145,0.23831995953846155,0.13235400984615386,0.4931961902307692,14351.0,0.0
0.7899729345393778,0.01481229942857143,0.3659494892857143,0.7366413757142858,14351.0,0.0
0.8486007142241264,0.32163397792307696,0.5886744156923077,0.787536429153846,14351.0,0.0
0.7339115685488866,0.042518763636363636,0.29873074699999996,0.49995590045454547,14351.0,0.0
0.7785968676487754,0.5308875760000001,0.26249859742857146,0.7502441702857142,14351.0,0.0
0.7421048321306541,0.06279974087500001,0.1872056474375,0.557145391375,14351.0,0.0
0.7644025607167625,0.48879922216666666,0.10923014633333333,0.3009731015833333,14351.0,0.0
0.7608761731855439,0.018983279333333335,0.21021562666666668,0.2712010496666666,14351.0,0.0
0.8452655219966274,0.476951954909091,0.32582722599999997,0.36437814654545453,14351.0,0.0
0.7756960884240199,0.012915461250000001,0.26114803275,0.7311461180000002,14351.0,0.0
0.8508513786218876,0.5127805490769232,0.17529528476923076,0.6176404726923076,14351.0,0.0
0.7828595528891616,0.027754473,0.20824844791666666,0.6094966880833333,14351.0,0.0
0.8501246890442807,0.6030450041,0.12612725769999997,0.5988144794999999,14351.0,0.0
0.7952111932327234,0.07567592126666667,0.15254674753333336,0.5566514518,14351.0,0.0
0.8436614554597884,0.6122075795833334,0.14863203383333334,0.5487635754166666,14351.0,0.0
0.7669464262135453,0.03992591127272727,0.22379350045454546,0.5912434480000001,14351.0,0.0
0.8368885810654627,0.639932794875,0.22703783387500004,0.630586147875,14351.0,0.0
0.7501437301981857,0.095198007375,0.33863539125000003,0.7529365783125,14351.0,0.0
0.7598916181120298,0.5752755066923076,0.104594043,0.37730639123076926,14351.0,0.0
0.7092619743591122,0.03664436227272727,0.16315504363636363,0.37214855163636373,14351.0,0.0
0.7823345004002978,0.49433781723076914,0.06358817907692307,0.2684380110769231,14351.0,0.0
0.766583435103104,0.10535573907692308,0.04313317923076924,0.12660350592307695,14351.0,0.0
0.8438184947157338,0.6208603958888889,0.014065979111111111,0.0929771201111111,14351.0,0.0
0.781778320126841,0.0880378812,0.0666199606,0.12503079293333333,14351.0,0.0
0.8411150987010704,0.5120203553,0.06798417910000001,0.33537455850000003,14351.0,0.0
0.7354056636601319,0.000517502,0.15011241877777778,0.4284015537777778,14351.0,0.0
0.8263133627377482,0.3999327729285714,0.21563299164285715,0.5258303073571428,14351.0,0.0
0.7639257906049767,0.039796347428571424,0.34834996678571434,0.5914499561428572,14351.0,0.0
0.8182253679313817,0.3183932401,0.0791113721,0.16630441340000002,14351.0,0.0
0.7605621053955953,0.03559287114285715,0.257744739,0.49080784021428575,14351.0,0.0
0.803342594034351,0.2706955777857143,0.21421803885714286,0.5697167726428571,14351.0,0.0
0.6994503581479865,0.10651660558333333,0.34548052766666676,0.7386565079166667,14351.0,0.0
0.7539065073795428,0.3444632792222222,0.39843993622222224,0.5489785306666666,14351.0,0.0
0.7145613039506081,0.024039564666666666,0.31731274558333333,0.5018413727500001,14351.0,0.0
0.7649390654359777,0.453254513,0.05588744872727272,0.12951211072727273,14351.0,0.0
0.736146845543989,0.010001040818181818,0.2565823922727273,0.4701743608181818,14351.0,0.0
0.8427896592044273,0.17476147986666668,0.41927832693333333,0.7519206913333334,14351.0,0.0
0.7284957166057509,0.0010452905555555555,0.35582771300000005,0.8052806257777778,14351.0,0.0
0.8465206027139937,0.2220136041538461,0.25341366369230767,0.8175691525384615,14351.0,0.0
0.7499650831841794,0.00823659490909091,0.29783510590909085,0.7359626160909091,14351.0,0.0
0.8473448226127945,0.3293244682307692,0.2271608079230769,0.4282004035384616,14351.0,0.0
0.7553522911411864,0.015715560454545453,0.2621834448181818,0.5527479531818181,14351.0,0.0
0.8475494549003262,0.39854112607692305,0.144719355,0.40811452484615385,14351.0,0.0
0.7752281639519872,0.0664687542142857,0.1172858982857143,0.5116853535714286,14351.0,0.0
0.8446853658153439,0.5909982508888888,0.07322990622222221,0.43773602888888885,14351.0,0.0
0.7482576695704152,0.04212604516666666,0.06927006375000001,0.2747412569166667,14351.0,0.0
0.7610621439822111,0.47413208523076916,0.03693245069230769,0.17172913753846156,14351.0,0.0
0.7159818460030359,0.020983635272727272,0.0604406209090909,0.15259615681818184,14351.0,0.0
0.7616286078372898,0.4124481174615384,0.035308692461538456,0.08267331792307692,14351.0,0.0
0.7447710018120062,0.030830467666666667,0.10143027658333333,0.2576713436666667,14351.0,0.0
0.8452995904946289,0.4641885646363637,0.15525963754545458,0.5393804406363637,14351.0,0.0
0.7233546082547452,0.04215398016666666,0.2598485696666667,0.5998356096666667,10856.833333333334,0.0
0.8218957584087206,0.2657786232,0.35082709646666665,0.6739137053333333,5965.0,0.0
0.7219292626473888,0.048267594153846155,0.2538715883846154,0.6688768223076923,5965.0,0.0
0.8267953936014354,0.2742882331818182,0.19117529972727274,0.4371970664545455,5965.0,0.0
0.72023576732016,0.04354504466666667,0.24203073283333335,0.3928189760833333,5965.0,0.0
0.8196532270114846,0.20520927064285718,0.344068577,0.594510118142857,5965.0,0.0
0.7263135293761102,0.08162212681818182,0.2186522071818182,0.6140437608181818,5965.0,0.0
0.8251511548562128,0.37892600600000004,0.09760565045454546,0.3408213447272727,5965.0,0.0
0.6678818562659059,0.031515924,0.1587976810909091,0.30591020145454545,5965.0,0.0
0.7124678083746484,0.378641863,0.1302173122727273,0.35114224963636365,5965.0,0.0
0.6586599172895935,0.05503261492857143,0.32558317985714286,0.46778649742857137,5965.0,0.0
0.7108400179195108,0.5572056988,0.3501803929,0.43730539040000005,5965.0,0.0
0.6885990632827319,0.0440551693076923,0.23624735053846158,0.3247466261538462,5965.0,0.0
0.8186017418525503,0.3723794816153847,0.40245630961538453,0.45389726761538457,5965.0,0.0
0.6922984876071845,0.048002786727272734,0.19277518827272724,0.3158494950909091,5965.0,0.0
0.8215539769471167,0.6638786603636363,0.1724824707272727,0.17374575827272729,5965.0,0.0
0.6972041602182236,0.03678703663636363,0.3681183387272728,0.5721360240909091,5965.0,0.0
0.8145420247232015,0.7200723953333333,0.3540195965833333,0.6935378573333334,5965.0,0.0
0.7100907929063092,0.09843911684615383,0.4091896526923078,0.8019153616923075,5965.0,0.0
0.8207914312808164,0.7393282202727272,0.37303539772727273,0.6684667103636364,5965.0,0.0
0.7101121323812637,0.08939899376923077,0.3925515443846154,0.5727436765384615,5965.0,0.0
0.8108582496556517,0.24433140418750002,0.1202629234375,0.34636259043750006,5965.0,0.0
0.6331524296930287,0.030403677299999998,0.0947786815,0.17102963100000002,5965.0,0.0
0.7107252610536412,0.2298821169,0.0758559322,0.1532428252,5965.0,0.0
0.6568864377866805,0.06427570853333334,0.06470072126666668,0.2070847435333333,5965.0,0.0
0.715701917070684,0.41121330066666667,0.06747039633333334,0.26249426444444446,5965.0,0.0
0.6859520080521909,0.07820547246153844,0.11749559007692308,0.37227787292307696,5965.0,0.0
0.8252608631815684,0.5207467684615384,0.06482503969230768,0.25142632676923077,5965.0,0.0
0.6728971248924371,0.021863513777777774,0.077906931,0.20515808411111114,5965.0,0.0
0.8211034211877681,0.5965018168333333,0.03606325958333334,0.18215079050000002,5965.0,0.0
0.710601904825473,0.09327557107692308,0.07537535723076924,0.14666077253846155,5965.0,0.0
0.8262696702956119,0.5282650486666666,0.21726066258333332,0.08921080475,5965.0,0.0
0.7014521108968829,0.055264684749999994,0.47164654233333336,0.51334708225,5965.0,0.0
0.8200622946864539,0.6414603759999999,0.17362082918181818,0.597219959090909,5965.0,0.0
0.7100314237255646,0.08117321253846152,0.2637127456923077,0.5389962127692308,5965.0,0.0
0.8194122224273811,0.5190311011666666,0.24153024125,0.41038984741666673,5965.0,0.0
0.6817794361359811,0.045127126454545446,0.0881010668181818,0.2771482800909091,5965.0,0.0
0.6984361030486845,0.44412905684615384,0.19284542523076925,0.24246434892307694,5965.0,0.0
0.65306937189389,0.04351440827272728,0.17661584754545456,0.2931375733636364,5965.0,0.0
0.6978122736196486,0.40947822124999994,0.23587981624999999,0.32109965116666667,5965.0,0.0
0.6886256547031444,0.0871629895,0.3173197777142857,0.394262971,5965.0,0.0
0.8186244874388837,0.37414978800000004,0.20521684784615385,0.3112013359230769,5965.0,0.0
0.6920208929564318,0.06674538636363637,0.11038925063636364,0.28512547554545453,5965.0,0.0
0.8222485393821186,0.5056589334000001,0.1593098456,0.2307403135,5965.0,0.0
0.7172480642437116,0.1021230255,0.27724959221428563,0.33464574221428567,5965.0,0.0
0.8205389746264873,0.5123443120769231,0.08585155423076925,0.23898516753846158,5965.0,0.0
0.703087217464749,0.09004495650000001,0.06095632333333334,0.18809003366666666,5965.0,0.0
0.8201569022838452,0.4923584271666667,0.10296124216666667,0.35400416916666666,5965.0,0.0
0.6728380400348437,0.04185694655555556,0.11669539255555555,0.39519567733333333,5965.0,0.0
0.816685711072908,0.6752581883076924,0.1559463623076923,0.44600683307692307,5965.0,0.0
0.67885811162096,0.06221349890909091,0.29154700981818177,0.4489859209090909,5965.0,0.0
0.7012609864853414,0.5561122560000001,0.19917293508333334,0.22696835866666668,5965.0,0.0
0.6543970755400886,0.09968621885714286,0.19391514735714285,0.40652958678571427,5965.0,0.0
0.7110740962786117,0.5540843816,0.1182554343,0.5147051251999999,5965.0,0.0
0.6785238029268525,0.097137293,0.17143217769230773,0.5756174193076924,5965.0,0.0
0.8206857521953181,0.5875208715833332,0.14663797058333333,0.490240193,5965.0,0.0
0.7015351530478612,0.06355235483333332,0.2766702709166667,0.5003452719166667,5965.0,0.0
0.8290681854932059,0.4731667775833333,0.4170713785833334,0.36357618524999996,5965.0,0.0
0.70345180033335,0.06244208558333333,0.30670012791666673,0.5195654665833334,5965.0,0.0
0.8288372302301589,0.5670704126428572,0.14557297228571428,0.4089983884285715,5965.0,0.0
0.6809613297448703,0.0785094576,0.18770563479999997,0.5130928881,5965.0,0.0
0.8241105653834225,0.6854401215833335,0.18524676191666667,0.4604511473333333,5965.0,0.0
0.6987414210000247,0.08522902624999999,0.261454462,0.5807189406666666,5106.0,0.0
0.8210957315498647,0.4931506137857143,0.1869394673571429,0.20831249235714283,4247.0,0.0
0.6473172571247807,0.07628408218181817,0.2141944883636363,0.2660451799090909,4247.0,0.0
0.7209907132113952,0.5461064212727272,0.20765717445454548,0.11306286536363634,4247.0,0.0
0.6509334079346798,0.04132710509090909,0.1981973288181818,0.36387218000000005,4247.0,0.0
0.7099202065340717,0.31131901353846153,0.3223338053076923,0.32380943046153843,4247.0,0.0
0.6785429847410932,0.05758264683333333,0.6143643465833334,0.7699092799166666,4247.0,0.0
0.8196132193439859,0.543869711,0.6883355624166668,0.6708135353333332,4247.0,0.0
0.7122188322323669,0.12699945299999998,0.6312982325000001,0.6873222490714285,4247.0,0.0
0.8118150833670077,0.5106514142499999,0.5528188356666667,0.5021217756666667,4247.0,0.0
0.6739380690533208,0.0680038342,0.2970429074,0.4005070106,4247.0,0.0
0.8118532046130379,0.38777835042857145,0.2475677798571429,0.2506287869285715,4247.0,0.0
0.6739029051244705,0.0289435436,0.23916113159999997,0.41346012630000006,4247.0,0.0
0.818496671619149,0.40048372285714295,0.4109310862142857,0.4706522755714286,4247.0,0.0
0.6976666395910903,0.08714250433333333,0.14581379516666665,0.28210955099999996,4247.0,0.0
0.8190689440328321,0.4075702826666667,0.09336259325000001,0.15850743716666665,4247.0,0.0
0.6463136382060989,0.04370220536363636,0.101083621,0.28226422745454544,4247.0,0.0
0.7184722210049109,0.3501052169166667,0.07489657275,0.2671182783333333,4247.0,0.0
0.6784769750560771,0.23428643700000001,0.07349734849999999,0.2516567277727273,4247.0,0.0
0.7031784115102919,0.0927844243125,0.19352568868749995,0.349966167375,4247.0,0.0
0.8155442448631185,0.376247183125,0.278993431625,0.4279650115,4247.0,0.0
0.7039535034457083,0.05504503969230769,0.305247973,0.5380520332307692,4247.0,0.0
0.8131666419103755,0.3389207532857143,0.1606126662857143,0.2232249789285714,4247.0,0.0
0.6965063418536133,0.10354423175000001,0.09285910291666667,0.11512823374999999,4247.0,0.0
0.815850213161155,0.3477130583,0.0496332219,0.1724044397,4247.0,0.0
0.6908469667552979,0.06117880318181818,0.1638193639090909,0.2842235079090909,4247.0,0.0
0.8006625383571147,0.1516381419411765,0.574159161882353,0.6659379054705882,4247.0,0.0
0.6873989882653032,0.055800354899999995,0.651727439,0.8019969550000001,4247.0,0.0
0.8143940977936497,0.4458563535833333,0.44339180775000003,0.6460153612499999,4247.0,0.0
0.648685942032,0.12107694333333334,0.25447042724999996,0.33412963175,4247.0,0.0
0.7134471029067146,0.59415910275,0.21524106675000002,0.294933174375,4247.0,0.0
0.6573496461497538,0.14174676159999997,0.1265701462,0.2686330046,4247.0,0.0
0.708953119552587,0.3860120129166667,0.25044209725,0.43557481316666663,4247.0,0.0
0.6686405861702642,0.026421545727272733,0.23802314272727276,0.637209893090909,4247.0,0.0
0.8134649795357001,0.20471784692307693,0.3163272441538461,0.7625954400000001,4247.0,0.0
0.6866531194626919,0.039302237999999996,0.3539847329090909,0.878768500818182,4247.0,0.0
0.8148411304419342,0.30052306525,0.5875853995833333,0.8994546554166667,4247.0,0.0
0.6950027979623811,0.04997478458333333,0.5330000966666667,0.8543397780833334,4247.0,0.0
0.8133828068391383,0.34948919358333336,0.4611179218333334,0.7191983293333334,4247.0,0.0
0.7113748386836176,0.07119955564285714,0.24721813935714287,0.5854661127142858,4247.0,0.0
0.813634447076945,0.3038607544,0.21851240710000003,0.5700639102,4247.0,0.0
0.7114789165775758,0.055936675214285705,0.45314764178571426,0.7606450240714285,4247.0,0.0
0.8138127138073106,0.2622864806,0.6823589198000001,0.8099189246,4247.0,0.0
0.6732138863623779,0.016749485454545455,0.5586141530909091,0.5727044021818182,4247.0,0.0
0.699763020376127,0.21653014673333332,0.4425344237333334,0.3232672524,4247.0,0.0
0.6409185278256103,0.072672611,0.25916316925,0.2523122553333334,4247.0,0.0
0.7128659748591477,0.39159241359999997,0.12497300180000001,0.16101229600000003,4247.0,0.0
0.6662387295999833,0.02540707890909091,0.1209388008181818,0.27863877363636363,4247.0,0.0
0.8127086653342354,0.20490617846153844,0.19553577961538465,0.26765599107692306,4247.0,0.0
0.7053062209207928,0.05898332553846154,0.32570736923076926,0.310003113076923,4247.0,0.0
0.8240546393211872,0.5158442598999999,0.2053237129,0.23402391639999998,4247.0,0.0
0.7126066935962391,0.10361760850000001,0.37171733014285724,0.37315175999999994,4247.0,0.0
0.8236111214200161,0.4096136273846153,0.1969232419230769,0.2461956146923077,4247.0,0.0
0.687878302354433,0.04328979081818182,0.13394842972727272,0.31025725945454546,4247.0,0.0
0.8319443813703533,0.28279128054545455,0.22684428254545458,0.35160892136363636,4247.0,0.0
0.6994665651983344,0.06506933991666666,0.54081123875,0.7717178879166666,4247.0,0.0
0.8160567064148743,0.39027552591666664,0.5731950295833333,0.6732138985833332,4247.0,0.0
0.6742126212703624,0.054212916090909086,0.3539391600909091,0.5662963344545454,4247.0,0.0
0.7015457645853943,0.4178210750666666,0.13670403033333337,0.38807956846666664,4247.0,0.0
0.6414288815664989,0.12126999763636363,0.08112742618181817,0.36608845272727275,3694.0,0.0
0.7284081838489503,0.7828460776999999,0.0847917826,0.40815005429999995,3378.0,0.0
0.7101073799471763,0.229844049,0.10903254431250001,0.438062503125,3378.0,0.0
0.8431037495619947,0.8106433812500001,0.0976048105,0.43920691287499997,3378.0,0.0
0.7143783689757769,0.1313962433076923,0.12750080415384618,0.3160849084615384,3378.0,0.0
0.8437558329557681,0.48929395375,0.19994012325000002,0.26652089241666665,3378.0,0.0
0.7225600954366248,0.09009887964285714,0.38891687878571435,0.4421776942142857,3378.0,0.0
0.8458692336783873,0.41991760418181817,0.20940210890909092,0.31170259963636365,3378.0,0.0
0.7116148481288831,0.081137347,0.1057817043846154,0.3908429696153846,3378.0,0.0
0.8380745458139394,0.38561852879999997,0.0795553558,0.3014118441000001,3378.0,0.0
0.7031034527544903,0.04488853116666667,0.18298080975,0.338938691,3378.0,0.0
0.8409555528124839,0.27796714291666674,0.10908971958333331,0.26677900799999993,3378.0,0.0
0.6817578985145293,0.04327161578571429,0.27937886907142856,0.3870376412142857,3378.0,0.0
0.7359345766625427,0.22379786340000002,0.3274944954,0.40068010569999996,3378.0,0.0
0.66169579209598,0.05502809627272727,0.2286287216363636,0.4648736460909092,3378.0,0.0
0.7221221743226474,0.4675349756923076,0.03707904738461538,0.2207369530769231,3378.0,0.0
0.6914908149236627,0.04540381261538462,0.12843727969230773,0.22234486015384614,3378.0,0.0
0.8382200126310589,0.30348312400000005,0.1400264831818182,0.269442285,3378.0,0.0
0.70396024844741,0.07559268558333333,0.1512820668333333,0.2744096366666667,3378.0,0.0
0.8417342828177542,0.5978277485000001,0.061317601500000006,0.19345363591666664,3378.0,0.0
0.7064715451693829,0.08582044833333334,0.06591000683333333,0.22236563099999998,3378.0,0.0
0.8464190056945938,0.5730473170833333,0.04799310291666667,0.2301590636666667,3378.0,0.0
0.7140502968272706,0.10104361707692308,0.08806154138461539,0.19756775099999996,3378.0,0.0
0.8392718716803735,0.42007380526666654,0.061878804866666665,0.20513553866666664,3378.0,0.0
0.6488415546261675,0.031292827,0.05487341585714286,0.17047922799999998,3378.0,0.0
0.843745171579351,0.46418593453846146,0.02889151438461538,0.15978019638461538,3378.0,0.0
0.6884667292699437,0.05385720709090909,0.058577046181818186,0.17871887290909091,3378.0,0.0
0.7212448517458329,0.46372667328571426,0.04175046357142858,0.2118346332857143,3378.0,0.0
0.6618605034855819,0.12516249585714287,0.06586092242857143,0.20544268514285718,3378.0,0.0
0.7401583713336467,0.37504114818181816,0.10068746781818182,0.1562507499090909,3378.0,0.0
0.6646830620519688,0.03548556844444444,0.09749917288888892,0.19921010833333333,3378.0,0.0
0.8503834157430398,0.5648248565333334,0.06558784726666667,0.16347179259999997,3378.0,0.0
0.6994488400994531,0.0949097539090909,0.10882910072727273,0.22699200990909088,3378.0,0.0
0.8673336524672104,0.644476902375,0.09896993600000001,0.238938533875,3378.0,0.0
0.7532194141172124,0.16045381188235294,0.1324454032352941,0.32555899776470587,3378.0,0.0
0.8525090947213534,0.4695112499090909,0.2016202598181818,0.31381473118181824,3378.0,0.0
0.7074321798014199,0.060433629999999995,0.1258729755,0.38728739358333336,3378.0,0.0
0.8492507509405498,0.32707969976923074,0.09399149561538461,0.19677865038461537,3378.0,0.0
0.6817919579499586,0.036902726600000005,0.07224862500000001,0.2264030188,3378.0,0.0
0.836995071473714,0.36097856875000006,0.051129857375,0.18805238325,3378.0,0.0
0.6939258636150091,0.29355253786363633,0.07078313940909091,0.2835877733636364,3378.0,0.0
0.6522730397985207,0.05750359333333333,0.10533280891666667,0.2805176461666667,3378.0,0.0
0.739499615454832,0.39245020900000005,0.086556072,0.33471721990000003,3378.0,0.0
0.6848674241601822,0.047880226500000005,0.11337180066666667,0.34837061075000003,3378.0,0.0
0.8466038519084442,0.33221390366666664,0.12672819425,0.30621151441666666,3378.0,0.0
0.712058384685765,0.054919322,0.08321081325,0.2549578899166667,3378.0,0.0
0.8565563349494513,0.38205669307142853,0.13949398328571427,0.21972156135714282,3378.0,0.0
0.7001221570109943,0.041825293,0.13125939145454543,0.27919046545454546,3378.0,0.0
0.8761548061862405,0.3697118317272727,0.16142092190909094,0.3579982764545454,3378.0,0.0
0.7154921194230989,0.04012004775,0.15860716708333333,0.29363418383333334,3378.0,0.0
0.8715238980877199,0.5311610654166667,0.057716718,0.18877483366666667,3378.0,0.0
0.7112297366194306,0.0611989780909091,0.11803190563636363,0.2607617909090909,3378.0,0.0
0.8661037519137283,0.4767050263076923,0.15494639207692304,0.4093068873846154,3378.0,0.0
0.7020014591212692,0.09548527192307692,0.21606920553846154,0.5820940611538461,3378.0,0.0
0.751089537546023,0.5802776396363636,0.3212288003636364,0.568225418,3378.0,0.0
0.6756452623006546,0.07410060142857143,0.3688085206428572,0.5298811241428572,3378.0,0.0
0.741625779104743,0.360857911,0.33989700950000007,0.34897522480000004,3378.0,0.0
0.6813984578261976,0.020290833909090908,0.23087208963636366,0.254033658,3378.0,0.0
0.8530090743951568,0.3460373023846154,0.18844761053846154,0.14290559676923079,3378.0,0.0
0.7194872411068419,0.02817342272727273,0.10126573309090911,0.1431935839090909,3378.0,0.0
0.8642023673142157,0.3794955376666667,0.12946392453333336,0.2445461012,3378.0,0.0
0.692894963062899,0.011954512333333334,0.2154645251111111,0.26384697933333334,3271.3333333333335,0.0
0.8429062143350907,0.40369302984615385,0.169762716,0.26947792300000006,3186.0,0.0
0.7093872574903403,0.037804571333333335,0.08589179550000002,0.256331608,3186.0,0.0
0.8499004107255325,0.4110923700833333,0.08315804225,0.28910901,3186.0,0.0
0.7146390896486958,0.03844163515384615,0.17687279369230766,0.3400105464615385,3186.0,0.0
0.8543604465897402,0.29452957025,0.17311837733333335,0.22915633775,3186.0,0.0
0.6785479298014769,0.021225289363636365,0.15827622936363636,0.3301807780909091,3186.0,0.0
0.7209919686720332,0.45238526529999995,0.14929341429999998,0.30167251479999996,3186.0,0.0
0.6677629203395354,0.07948915153333334,0.12215213546666667,0.38431344746666674,3186.0,0.0
0.7227510128594783,0.297303667,0.2064817149230769,0.4852221401538462,3186.0,0.0
0.6942223673618152,0.05443180291666667,0.3881952864166667,0.6002813875,3186.0,0.0
0.8339064244101712,0.3386726902,0.2932283327,0.5163662088000001,3186.0,0.0
0.6996238907055008,0.02578655072727273,0.10441681981818181,0.20263471800000007,3186.0,0.0
0.838596264331635,0.4010620805,0.06413315871428571,0.14487057964285716,3186.0,0.0
0.7024957240313884,0.0189799005,0.16255622079999998,0.49197822590000007,3186.0,0.0
0.852207859326744,0.4381418107857143,0.2942270510714286,0.7306516929999999,3186.0,0.0
0.7338590389834979,0.0431590665,0.3467477220714285,0.688488937,3186.0,0.0
0.8493563086881479,0.451770055375,0.27625941049999997,0.4508472905,3186.0,0.0
0.721663514317937,0.04365769616666667,0.17595077,0.5102411888333332,3186.0,0.0
0.8277320251128184,0.17609387559999998,0.4820948210666666,0.7865648360666666,3186.0,0.0
0.6542342425167612,0.03526797575,0.5715738359166667,0.7873616509166667,3186.0,0.0
0.7187184664296662,0.2952037455,0.4468169807,0.6019771021,3186.0,0.0
0.660975190341708,0.0583345825625,0.360281724,0.5977812455,3186.0,0.0
0.7172704617964156,0.1813766228,0.36709301389999993,0.5746390091,3186.0,0.0
0.6653278741780212,0.008561149200000001,0.3625353228,0.45187362740000003,3186.0,0.0
0.828399365673016,0.2531264550909091,0.28756999690909096,0.26329435163636367,3186.0,0.0
0.7072036283868689,0.020319562249999996,0.11272320208333335,0.2898625103333334,3186.0,0.0
0.821436683493575,0.26209750538461535,0.04345067861538461,0.2749761932307692,3186.0,0.0
0.7171937371046472,0.055839373571428576,0.07179100771428572,0.25072416064285713,3186.0,0.0
0.830893268819013,0.3439064407272727,0.1481563719090909,0.1654284599090909,3186.0,0.0
0.7014377170714204,0.013217981583333335,0.27826391158333336,0.3122540314166667,3186.0,0.0
0.8368118607112962,0.13605794623076922,0.5012783836153846,0.7192265961538463,3186.0,0.0
0.7074670399386817,0.0250419055,0.5934796845,0.8014086320000001,3186.0,0.0
0.8369431863221791,0.36201356055555556,0.43808955955555556,0.728596247888889,3186.0,0.0
0.6857482943591021,0.0770236882,0.22239230933333332,0.4933717758,3186.0,0.0
0.7191021726865788,0.21559469164285713,0.5551885276428571,0.7754676928571429,3186.0,0.0
0.6347150558004924,0.052150475200000004,0.51798704,0.8681493711999998,3186.0,0.0
0.7204584403753446,0.36083484109999997,0.5461979104999999,0.6560515488,3186.0,0.0
0.6872932839635033,0.025840528000000005,0.3562607335384615,0.5578165723076923,3186.0,0.0
0.8171938621170262,0.24325750453333334,0.28018836179999995,0.514328829,3186.0,0.0
0.6869388487797733,0.06810373060000001,0.33483902430000007,0.5959951465,3186.0,0.0
0.8306801678155807,0.4175544006,0.34931252469999996,0.3357350911,3186.0,0.0
0.7136696227907169,0.03808794471428571,0.18376828,0.2827923883571429,3186.0,0.0
0.8347238493967346,0.24716626633333336,0.4442262568888889,0.7017293543333333,3186.0,0.0
0.7122309729037702,0.007515498833333334,0.3536172235833334,0.7136064886666666,3186.0,0.0
0.8289552610054589,0.34221748153846154,0.2195526766153846,0.4687099403846154,3186.0,0.0
0.7199284336954772,0.030541189,0.17752842935714286,0.48157800100000003,3186.0,0.0
0.8299626523336148,0.18886638490000002,0.2770706932,0.6633831722,3186.0,0.0
0.6734655845194587,0.019186285857142858,0.21818585064285712,0.6585277261428573,3186.0,0.0
0.7166754642315113,0.2488058845,0.23280422400000003,0.6260953439,3186.0,0.0
0.6534892183711604,0.04733452121428572,0.11695483228571431,0.33728394714285714,3186.0,0.0
0.7170224666706506,0.459453261,0.1060986019,0.34509275860000005,3186.0,0.0
0.6676127632379529,0.010378231363636364,0.09898043818181819,0.3139872417272727,3186.0,0.0
0.8138483404656054,0.3409692946153846,0.16227193215384617,0.4943126840000001,3186.0,0.0
0.6934860324771902,0.007670008,0.16176731563636365,0.544902012,3186.0,0.0
0.8191802350988611,0.2398897920769231,0.07300372476923077,0.2841464241538461,3186.0,0.0
0.6975060878815625,0.008687413583333333,0.12281255891666665,0.12358640558333334,3186.0,0.0
0.8253354353544694,0.15753232492857142,0.32348235099999995,0.25991805328571427,3186.0,0.0
0.6695646272435486,0.00014882211111111112,0.37422240822222225,0.4182330128888889,3186.0,0.0
0.8190476274233847,0.12054110441666667,0.24030636116666668,0.25536629075,3186.0,0.0
0.7282583615821628,0.065793795875,0.2386493515,0.445436118,3186.0,0.0
0.8237090728601236,0.3178324997,0.14398198690000003,0.4835961836,3186.0,0.0
0.6605772744769801,0.030466796749999997,0.14148446541666662,0.42787193158333325,3872.0,0.0
0.7118629926971245,0.4071854268461539,0.09672569299999999,0.20306547146153847,4362.0,0.0
0.6386660085832129,0.01222357309090909,0.09653199309090908,0.1025981358181818,4362.0,0.0
0.7132957679670345,0.26189357376923084,0.12293066407692307,0.19265526553846155,4362.0,0.0
0.7042644355615373,0.06266381507692308,0.18690437815384617,0.3366656320769231,4362.0,0.0
0.8267614383631502,0.36059200199999997,0.162195299,0.37542317155555555,4362.0,0.0
0.6963546629459972,0.001992323818181818,0.12917955581818183,0.3002510388181818,4362.0,0.0
0.8198649388004439,0.2374805966923077,0.07553448276923078,0.130541216,4362.0,0.0
0.7182454962344629,0.028446977071428573,0.08277054242857143,0.24871784628571422,4362.0,0.0
0.8143880314359213,0.20122334942857142,0.08046955035714286,0.20518360535714283,4362.0,0.0
0.7589273526246442,0.14316982035,0.054525583450000005,0.18324509569999997,4362.0,0.0
0.7188149248376782,0.01780707642857143,0.09811533335714284,0.40769879257142866,4362.0,0.0
0.8248569083555943,0.2888209444545455,0.13161430572727273,0.4061456429090909,4362.0,0.0
0.6619916632249142,0.009668602,0.19289586233333333,0.46721895758333326,4362.0,0.0
0.7117994259385636,0.23465973075,0.28671859624999996,0.5527269388333333,4362.0,0.0
0.6427477946277711,0.0021388175454545456,0.24555583418181817,0.40938930636363635,4362.0,0.0
0.7076780344205208,0.27854496441666665,0.3049741358333334,0.36416230699999996,4362.0,0.0
0.6964905629906237,0.010512362785714286,0.38209916871428573,0.5205582027857143,4362.0,0.0
0.8259137558384488,0.18758717419999998,0.5222412714,0.7020668423,4362.0,0.0
0.7182037137677076,0.0095257265,0.4261663563571428,0.6039727162857144,4362.0,0.0
0.8228391994877061,0.17071827708333334,0.381374501,0.82327553275,4362.0,0.0
0.7032154678343646,0.018391488833333334,0.33409459750000003,0.7105034938333333,4362.0,0.0
0.8192753610586064,0.20904446553846157,0.43481747930769227,0.7578113270000001,4362.0,0.0
0.7474731074033705,0.17264176350000002,0.40244827316666665,0.7202724636111112,4362.0,0.0
0.7305565232697149,0.03697365825,0.23905419974999997,0.6463665550625,4362.0,0.0
0.8265589317945927,0.30979514430000005,0.2324609252,0.6930946786,4362.0,0.0
0.6838957346813329,0.019072355466666666,0.3211742538,0.7483756954666667,4362.0,0.0
0.7160477951461667,0.18289032230769234,0.36334767592307693,0.7131615503076923,4362.0,0.0
0.6511342839927449,0.067296888,0.41250715069230776,0.6545576044615384,4362.0,0.0
0.6915967948997686,0.09419922585,0.3061736073,0.6668361659500001,4362.0,0.0
0.8246313843525064,0.21883476050000006,0.28179409800000005,0.551514273,4362.0,0.0
0.6965211151084676,0.0,0.2671882191818182,0.5297117633636363,4362.0,0.0
0.8206230480161318,0.22420192585714285,0.25672034914285713,0.6597945665714285,4362.0,0.0
0.7025844632454833,0.003490433,0.3722509467500001,0.6886798955833333,4362.0,0.0
0.7799541703498175,0.10880509363157893,0.4306619031578947,0.6936600432631579,4362.0,0.0
0.7800949391174433,0.19308929030769229,0.7365560695384615,0.9078392687692306,4362.0,0.0
0.7364960657232101,0.034785885647058826,0.5839357192352941,0.8169778518823531,4362.0,0.0
0.8247758649281167,0.20202633499999997,0.5559447022727273,0.9191561525454547,4362.0,0.0
0.6637789037511241,0.011945611923076924,0.6681866893076923,0.9119884479230769,4362.0,0.0
0.72237305327219,0.2761070462222222,0.7724308678888888,0.9345854573333331,4362.0,0.0
0.6624031242409757,0.015622905533333334,0.6649371120666666,0.9124265604666666,4362.0,0.0
0.7230396956366669,0.264240193,0.5868730377777778,0.712448195111111,4362.0,0.0
0.6995537095347026,0.005364497642857143,0.5998799997857144,0.7474302859285714,4362.0,0.0
0.8355256745028679,0.29180372875,0.6684997576666666,0.8680964660833332,4362.0,0.0
0.708160930645847,0.0,0.4860983239,0.7830842597000001,4362.0,0.0
0.827738151997589,0.2064712762857143,0.5195490437857143,0.7200740816428572,4362.0,0.0
0.6850055357850217,0.0,0.6231627627,0.9019763508,4362.0,0.0
0.822088144907959,0.15689729266666666,0.7390943295833333,0.8702965735833335,4362.0,0.0
0.7068129739656581,0.0005368351666666667,0.8062338569166666,0.9293070536666667,4362.0,0.0
0.8210378600917427,0.2030945853076923,0.3808694328461539,0.7640743529999999,4362.0,0.0
0.7195582840679206,0.015630092571428573,0.2782631153571429,0.6772133978571427,4362.0,0.0
0.8299979576547085,0.30664289853846155,0.3053451564615384,0.5911533762307691,4362.0,0.0
0.6800456077475471,0.03319285776923077,0.2746151666153846,0.39961884353846155,4362.0,0.0
0.7324387538436555,0.1216047735,0.573126974,0.868233458875,4362.0,0.0
0.6532327153079305,0.0,0.57646049,0.9102822124166668,4362.0,0.0
0.7190542977553165,0.19873342815384615,0.39338450523076934,0.8228373969230768,4362.0,0.0
0.6956916966335532,0.0,0.2525203842,0.5459903024000001,6041.5,0.0
0.8297400535339315,0.2544594537,0.171030911,0.15879338410000002,7721.0,0.0
0.771798664939832,0.024778617882352943,0.1149702115882353,0.24164464217647055,7721.0,0.0
0.8364748489155903,0.16617776322222222,0.17950023566666667,0.506003717888889,7721.0,0.0
0.7389541884815211,8.82465e-5,0.2228902419166667,0.7380939844166666,7721.0,0.0
0.831856023036531,0.2471213219090909,0.19094511645454543,0.7803372076363636,7721.0,0.0
0.7648733520293388,0.008538755666666668,0.1859396316,0.541856479,7721.0,0.0
0.8323519221169509,0.21420186075,0.15377323350000002,0.34025516966666663,7721.0,0.0
0.7272729357391438,0.00019980383333333333,0.46660247791666665,0.8693621201666666,7721.0,0.0
0.8188130106987789,0.256077451,0.5022722901,0.8513608244,7721.0,0.0
0.7106184682870901,0.007758998066666667,0.4706563683333333,0.7608812875333334,7721.0,0.0
0.750566062228991,0.22561584053846154,0.24492287476923072,0.2767663719230769,7721.0,0.0
0.6789893434187291,0.01405089590909091,0.24562939463636366,0.37767936181818185,7721.0,0.0
0.758046644049514,0.423503446,0.1202451925,0.36964309324999994,7721.0,0.0
0.7352998407019163,0.005624888466666667,0.38383733473333337,0.4922435130666667,7721.0,0.0
0.8307359909440195,0.1014038770909091,0.5712015906363637,0.9116823735454546,7721.0,0.0
0.7686069058391396,0.06659633604545454,0.5128040453636362,0.8641734156363636,7721.0,0.0
0.7348859112283254,0.0012425114166666666,0.5636508899166667,0.831350422,7721.0,0.0
0.8057406651402877,0.2290116055833333,0.3078210371666667,0.5069000977500001,7721.0,0.0
0.7369697541430018,0.0030540738461538462,0.1678523566153846,0.3946725935384615,7721.0,0.0
0.8148352029353089,0.20349310044444444,0.11210799866666668,0.4923994652222222,7721.0,0.0
0.7593993739781517,0.043041487947368416,0.24477095426315792,0.7695675025789473,7721.0,0.0
0.8037441562799846,0.14166343046153845,0.2238956608461538,0.6367723585384616,7721.0,0.0
0.6724707747627829,0.019524287333333334,0.4449645355833333,0.7276856288333332,7721.0,0.0
0.7203883835280218,0.0639299523846154,0.46532815238461545,0.8539689516923078,7721.0,0.0
0.693382126688045,0.12214091133333335,0.5465506877222222,0.8965209310555555,7721.0,0.0
0.7238350223390637,0.0045384835333333335,0.5085416122666666,0.8899326812666667,7721.0,0.0
0.8068534796332435,0.1477191907142857,0.1289745437857143,0.5199713069999999,7721.0,0.0
0.7328959664309995,0.021612323454545456,0.15157362745454545,0.26147600800000004,7721.0,0.0
0.8112505928054567,0.15922243376923076,0.16445084046153846,0.14066635776923078,7721.0,0.0
0.7640686874833543,0.058700560444444445,0.2448907353333333,0.4268245153333334,7721.0,0.0
0.7515364447114851,0.0025924891875,0.26570479425000004,0.44418858325,7721.0,0.0
0.8200441796682406,0.16763142128571432,0.4111506895714286,0.4929130455,7721.0,0.0
0.7576626287123827,0.016383909545454545,0.42616681636363635,0.38142705081818185,7721.0,0.0
0.8253973293426432,0.1110032186923077,0.14065623115384618,0.2274954372307692,7721.0,0.0
0.7213470745773094,0.06568326824,0.12383749136000001,0.20568250284,7721.0,0.0
0.713739932614314,0.0549993,0.5105540239999999,0.6935968013888889,7721.0,0.0
0.7023298443453201,0.0,0.5451493069166667,0.8625991649166668,7721.0,0.0
0.8300671318616621,0.18597727315384616,0.6012425670769231,0.8933442328461538,7721.0,0.0
0.7314982872878728,0.0,0.3871040824166667,0.7920590253333334,7721.0,0.0
0.8336733760050495,0.14675900808333334,0.3003453960833334,0.6405232363333334,7721.0,0.0
0.7597570965754674,0.001949966642857143,0.44307233199999996,0.7151222585714285,7721.0,0.0
0.8385545665408906,0.28878249025,0.3662362585,0.630831592875,7721.0,0.0
0.7666155360794288,0.008462689705882353,0.239058265882353,0.5617780285882352,7721.0,0.0
0.8358965087619619,0.22686839833333336,0.20370562333333334,0.6536477271111111,7721.0,0.0
0.7545267904776475,0.0,0.12468727041666668,0.5068158174166667,7721.0,0.0
0.8418650638109227,0.13010150725,0.08899257516666666,0.3744079899999999,7721.0,0.0
0.7350471993349744,0.016187435875,0.2986615498125,0.686442995625,7721.0,0.0
0.7846631899267442,0.090150773,0.3775206124166666,0.8768922287500001,7721.0,0.0
0.7356466073907713,0.11299491066666666,0.1947367067222222,0.7138193487222222,7721.0,0.0
0.7626513177738982,0.00030590325,0.165423775,0.6086117114375,7721.0,0.0
0.8492695028699663,0.15766143122222223,0.2889195938888889,0.7243637731111111,7721.0,0.0
0.7690948415441908,0.0,0.4461509738,0.8145752747999999,7721.0,0.0
0.7790738830995828,0.012546205999999999,0.4993700273636362,0.8970936089090908,7721.0,0.0
0.829172092054355,0.022199990437499997,0.47726100287499995,0.8706888597499999,7721.0,0.0
0.8190855523711923,0.07705881384210526,0.30636875436842104,0.6113599835263157,13524.263157894737,0.0
0.7784144506787278,0.0,0.30002375766666667,0.5873820800833334,14207.0,0.0
0.8563279919544621,0.013762636166666667,0.30062042238888886,0.7550240228888889,14207.0,0.0
0.7529636373073821,0.078040569,0.30700282588235295,0.6362225264117647,14207.0,0.0
0.7646753893601221,8.91753125e-5,0.29034561000000003,0.51610093025,14207.0,0.0
0.8127888296379709,0.05583402609090909,0.32319655972727274,0.6773125788181817,14207.0,0.0
0.7545839472127085,0.0,0.2700325291818182,0.6268982556363636,14207.0,0.0
0.8667555466251113,0.0308417466875,0.18021954700000004,0.46368104062500004,14207.0,0.0
0.7809682397506119,0.008277782333333332,0.1413049883333333,0.5917875636666666,14207.0,0.0
0.847951676704528,0.04151352792857143,0.08293581164285714,0.40136478871428577,14207.0,0.0
0.83063660098105,0.026813922136363633,0.06350414013636363,0.2336629600909091,14207.0,0.0
0.8141291455057789,0.011385632944444442,0.10452144177777777,0.1017148748888889,14207.0,0.0
0.800902504806568,0.0,0.071436347,0.04345780868750001,14207.0,0.0
0.8665786706532452,0.023558645928571428,0.04137941928571428,0.1538549975,14207.0,0.0
0.7524540291556194,0.011325691176470589,0.2894145308235294,0.5588993829411767,14207.0,0.0
0.7489062512712031,9.83014375e-5,0.5126174691875001,0.8206160761250001,14207.0,0.0
0.7879510736415279,0.004490117294117648,0.5378727422352941,0.8706678992352941,14207.0,0.0
0.828880864262153,0.01169389275,0.4385800253500001,0.7225671447500001,14207.0,0.0
0.7887460186390359,0.002770148,0.18629432628571427,0.5312246952142858,14207.0,0.0
0.8140646328312313,0.010275230199999999,0.1291570981,0.44339092225000004,14207.0,0.0
0.8675820175142701,0.028691821125,0.1290046153125,0.2766872348125,14207.0,0.0
0.81853027714393,0.014686878650000002,0.3170720899,0.62244471435,14207.0,0.0
0.7759789347790104,0.0,0.32408457250000006,0.6683612895,14207.0,0.0
0.8702785996776159,0.04408430575,0.43008340437500003,0.6708070198750001,14207.0,0.0
0.7687525788669434,0.025572711166666668,0.4608635137222223,0.47846821544444446,14207.0,0.0
0.7813898618317637,0.0,0.32885832175,0.5525519276666666,14207.0,0.0
0.7880163514906322,0.043020110363636364,0.18468198109090908,0.7393781813636363,14207.0,0.0
0.8120890938231132,0.0021200365263157896,0.15265395378947366,0.6109659361052632,14207.0,0.0
0.8780907184181311,0.04661932724999999,0.22584999274999998,0.6144781626666665,14207.0,0.0
0.8380756498255942,0.03463428494736842,0.3096293204736843,0.5428108400526316,14207.0,0.0
0.8060468469425698,0.0,0.16988199983333332,0.5368288145833334,14207.0,0.0
0.8839000737740081,0.030554323666666668,0.2500180072666666,0.4752313362000001,14207.0,0.0
0.8159047958519706,0.0037762517857142857,0.29349080014285717,0.3234763349285714,14207.0,0.0
0.8461190438447898,0.028937465000000002,0.20757465180952378,0.14330224257142857,14207.0,0.0
0.8921420043018365,0.02605017973333333,0.4203103715333334,0.3239666914666666,14207.0,0.0
0.809326308086071,0.017043578041666667,0.420111242,0.4224039260416667,14207.0,0.0
0.7979632224933172,0.021889140789473682,0.3316512748947369,0.5254730637894738,14207.0,0.0
0.8034414185245197,0.0,0.34951998063636364,0.3974447935454546,14207.0,0.0
0.8870047028134826,0.03798981211111111,0.3749400362777778,0.5226975609444444,14207.0,0.0
0.8218654323897802,0.005741178916666667,0.30749672391666666,0.5372323818333333,14207.0,0.0
0.8546457241673682,0.03456414166666667,0.1317404437222222,0.31515277783333334,14207.0,0.0
0.8846054901294526,0.052555561,0.22901689718181817,0.4552873237272727,14207.0,0.0
0.8477807844069308,0.0027171999130434785,0.5686248310869565,0.8765731997391303,14207.0,0.0
0.8272688673811621,8.875458823529412e-5,0.5981537403529412,0.933414760117647,14207.0,0.0
0.8788931843977832,0.005297184933333334,0.6108899268,0.9296673243333334,14207.0,0.0
0.7980111996219347,0.0037078957058823527,0.6390789271176471,0.8900604312352941,13449.058823529413,0.0
0.8006584543616436,0.0,0.4258359988,0.7004832340000001,13348.0,0.0
0.8077539006371733,0.002552333608695652,0.43060857873913033,0.7904286916956522,13348.0,0.0
0.881776190149645,0.003436743909090909,0.37596903800000003,0.8329206905454545,13348.0,0.0
0.8147160207227793,0.0,0.4164137007692307,0.8926887635384616,13348.0,0.0
0.8877263802709328,0.013374327875,0.4416254230624999,0.8086030968125,13348.0,0.0
0.8595196439285571,0.03244934672222222,0.48686259261111103,0.7277221732222221,13348.0,0.0
0.8468428722288668,0.0,0.43971799549999996,0.6680262072857143,13348.0,0.0
0.8581380964363096,0.011182794458333332,0.22786275229166666,0.5290755134166666,13348.0,0.0
0.8835147828198713,0.00334065605882353,0.0987510535882353,0.4318159618823529,13348.0,0.0
0.78743208475569,0.0024085290555555553,0.258105443,0.7353049682222222,13348.0,0.0
0.7843353328255205,0.0,0.3722618032666666,0.8173322965333333,13348.0,0.0
0.835337422473857,0.009334013733333334,0.2570048384,0.6332319688,13348.0,0.0
0.8400333122760868,0.0020224057499999997,0.33214673741666667,0.6204979145833333,13348.0,0.0
0.8956606262234864,0.01503489136363636,0.3369394344545454,0.557745283,13348.0,0.0
0.8403835698678113,0.0005392136153846154,0.3145020926923077,0.7532212160769229,13348.0,0.0
0.895383840452008,0.01237709572727273,0.2226818509090909,0.7287230860909091,13348.0,0.0
0.8619958739882849,0.010748833526315789,0.125174783,0.524014747,13348.0,0.0
0.8642323363010728,0.0006220958333333334,0.11065815577777778,0.39528727227777777,13348.0,0.0
0.8674592859138665,0.010864987210526316,0.1304867552631579,0.48083049726315796,13348.0,0.0
0.900930510959338,0.012254284722222222,0.07046530088888889,0.2918153133888889,13348.0,0.0
0.8274809987765351,0.009176570210526317,0.08142941147368421,0.2818104465789474,13348.0,0.0
0.8157726768530296,0.0010581627647058822,0.24159771788235296,0.4868405535294118,13348.0,0.0
0.8519790197693773,0.0036536611304347827,0.2225885253913044,0.409867615173913,13348.0,0.0
0.9065341096865654,0.010684992499999999,0.04731159975000001,0.16330195041666667,13348.0,0.0
0.8450949376335767,0.0,0.06464779972727273,0.1670813307272727,13348.0,0.0
0.9010983187902172,0.013507628153846152,0.11278998484615384,0.24434288030769233,13348.0,0.0
0.8689982269121926,0.0026049657727272727,0.2879335062727273,0.5274482461818183,13348.0,0.0
0.8684274815365896,0.00116205872,0.39736266556000005,0.63491491928,13348.0,0.0
0.8707328190252203,0.00207702364,0.29521340828,0.5284356629200001,13348.0,0.0
0.8240869922026389,0.00794625561111111,0.14326681005555555,0.47632753344444445,13348.0,0.0
0.8300564088492491,0.0,0.07110222217647058,0.24424945247058827,13348.0,0.0
0.8573185586052244,0.005205131541666667,0.18473011475,0.338115978,13348.0,0.0
0.9115506464227112,0.017816007923076922,0.3094770666923076,0.4305496838461539,13348.0,0.0
0.8581635837297539,0.018034969055555555,0.5704920138888888,0.7590847581666667,13348.0,0.0
0.8351261536942343,0.0,0.6504012097692308,0.8542650608461538,13348.0,0.0
0.8956836697474274,0.02875154627272727,0.35363207836363636,0.6114974233636364,13348.0,0.0
0.8552701087230515,0.004416097833333334,0.28279584270833336,0.446350654625,13348.0,0.0
0.8554715516042221,0.0036091145263157896,0.3534199932631579,0.5112468568421052,13348.0,0.0
0.8881207138570894,0.023339365749999997,0.20202589433333337,0.2728300401666667,13348.0,0.0
0.8177125190948047,0.00431750552173913,0.4603835526956522,0.5324737819565217,13348.0,0.0
0.8217921246448529,0.01457171890909091,0.2828779538636364,0.42069855536363643,13348.0,0.0
0.844657951366422,0.0006459347142857144,0.3292697932857143,0.41884469635714294,13348.0,0.0
0.8740943500229058,0.0031505712857142856,0.6297332860714285,0.8502412804285714,13348.0,0.0
