Demand,Avail_Sol,Avail_Wind_On,Avail_Wind_Off,Hyd_In,HydRoR_In
0.6679120534755748,0.0,0.5062512586666666,0.6875812213333333,7983.0,1543.0
0.675326000400137,0.0,0.44603769299999996,0.6317083625,7983.0,1543.0
0.7912992751245047,0.0,0.42231920300000003,0.6463734865,7983.0,1543.0
0.9163599984601462,0.084672597,0.4230388563333334,0.6957077936666667,7983.0,1543.0
0.8961729346077507,0.46696939449999997,0.435599397,0.5932058755,7983.0,1543.0
0.8805381951228608,0.59337881,0.5400353055,0.5701513064999999,7983.0,1543.0
0.8764272057415167,0.46598853300000004,0.5907545915,0.60569422,7983.0,1543.0
0.894967746444184,0.10006339925,0.58568821,0.7150263465,7983.0,1543.0
0.8220223530262097,0.0,0.5328432873333334,0.7332718996666666,7983.0,1543.0
0.6980203513308425,0.0,0.488674387,0.6779087475000001,7983.0,1543.0
0.6647325445096297,0.0,0.45627791000000006,0.63752149325,7983.0,1543.0
0.7840079065498605,0.0,0.4391699995,0.655759211,7983.0,1543.0
0.906780301181815,0.05903369933333333,0.417310369,0.679530597,7983.0,1543.0
0.8860205757238573,0.3363491095,0.3715045835,0.6440939219999999,7983.0,1543.0
0.8720121390864328,0.453086547,0.4139855355,0.652509942,7983.0,1543.0
0.8672169525095714,0.413914632,0.42888818900000003,0.6451788249999999,7983.0,1543.0
0.8830290626005362,0.1925616075,0.4026512705,0.6333348615000001,7983.0,1543.0
0.8908115481094577,0.001256695,0.424532914,0.6394550585000001,7983.0,1543.0
0.8219472624317236,0.0,0.44116667233333334,0.6648782353333333,7983.0,1543.0
0.6957253033224831,0.0,0.4325439565,0.7199922009999999,7983.0,1543.0
0.659970345625912,0.0,0.42150782425,0.7170569489999999,7983.0,1543.0
0.8282665967563134,0.0007617305,0.3884625475,0.7354580055,7983.0,1543.0
0.8826689833965462,0.16962392,0.34435789650000004,0.67720001,7983.0,1543.0
0.8633127393486304,0.31792953749999997,0.356461135,0.6329516785,7983.0,1543.0
0.8555617196874188,0.38341402300000005,0.41553049,0.6336587220000001,7983.0,1543.0
0.8607119596206972,0.21723820433333332,0.4104660586666667,0.6274223516666667,7983.0,1543.0
0.85667201837607,0.0006547115,0.40669709425,0.646117724,7983.0,1543.0
0.7470634351778969,0.0,0.394140319,0.6651060295,7983.0,1543.0
0.6594400015377965,0.0,0.403913403,0.6762057185,7983.0,1543.0
0.7047672699150536,0.0,0.397616399,0.637897749,7983.0,1543.0
0.8554933561673715,0.0011342436666666666,0.40252771333333337,0.604195335,7983.0,1543.0
0.8759310551357551,0.2185258135,0.392912163,0.573026834,7983.0,1543.0
0.8583945218261996,0.44693751825,0.434597421,0.54469140075,7983.0,1543.0
0.8605333872998014,0.345956669,0.44960312550000003,0.533298213,7983.0,1543.0
0.8813357541282673,0.0606246055,0.459519625,0.583428317,7983.0,1543.0
0.8542491711545014,0.0,0.47489297333333336,0.644127053,7983.0,1543.0
0.7070270240716038,0.0,0.49302871574999996,0.6275103367499999,7983.0,1543.0
0.6618111859186911,0.0,0.5088717663333333,0.6386799013333334,7983.0,1543.0
0.7774824202121853,0.0,0.494511429,0.6506673825,7983.0,1543.0
0.889838975471455,0.042479371999999994,0.49113238533333337,0.533099308,7983.0,1543.0
0.8792979823420677,0.285557634,0.48291702725,0.6251429294999999,7983.0,1543.0
0.8788633354326159,0.257965413,0.4364102605,0.742692078,7983.0,1543.0
0.9123124404080927,0.05837100125,0.30011178475,0.723866375,7983.0,1543.0
0.8490789840654986,0.0,0.2308330445,0.6027840870000001,7983.0,1543.0
0.7166371454263049,0.0,0.20610699433333332,0.5146465836666667,7983.0,1543.0
0.6449644805028087,0.0,0.21884599125,0.50949287675,7983.0,1543.0
0.6751005880299324,0.0,0.251905282,0.47335576749999997,7983.0,1543.0
0.7394588585817814,0.0010127425,0.27586186300000004,0.4576765625,7983.0,1543.0
0.7909450256004891,0.116333932,0.268880351,0.41551376149999997,7983.0,1543.0
0.7882286522717632,0.2492427625,0.312511475,0.42221625399999996,7983.0,1543.0
0.7862600166371216,0.29013147,0.4424230315,0.523527705,7983.0,1543.0
0.8163219271470213,0.17636481599999998,0.49852058866666665,0.5026112083333333,7983.0,1543.0
0.8317590366987724,0.000960647,0.518838672,0.4197455725,7983.0,1543.0
0.7888918721542565,0.0,0.53791821,0.417600843,7983.0,1543.0
0.7081102933813864,0.0,0.46716247966666663,0.4040364326666667,7983.0,1543.0
0.6438066316975531,0.0,0.422460878,0.63654921925,7983.0,1543.0
0.6735421336780095,0.0,0.3937325065,0.6923179355,7983.0,1543.0
0.7552696419648562,0.039682239,0.348089857,0.6318436,7983.0,1543.0
0.7925403307354284,0.273398282,0.33352444849999996,0.5529335154999999,7983.0,1543.0
0.7897736211791648,0.35456809349999996,0.3280956035,0.44826861149999997,7983.0,1543.0
0.794934412238417,0.3075071505,0.2933254305,0.378935984,7983.0,1543.0
0.8380127545623741,0.152100553,0.2294508965,0.3323192145,7983.0,1543.0
0.8196179077379526,0.00046250275,0.160475616,0.287209489,7983.0,1543.0
0.7207550063537169,0.0,0.11332708200000001,0.19873489649999998,7983.0,1543.0
0.6903781982772017,0.0,0.10663775233333332,0.12856976766666667,7983.0,1543.0
0.8137407044080144,0.0,0.11669154100000001,0.14047468899999999,7983.0,1543.0
0.9300381985911003,0.07491251166666667,0.10951220099999999,0.18064549966666665,7983.0,1543.0
0.9351302671508614,0.4627664555,0.083227833,0.2345665085,7983.0,1543.0
0.916177883017556,0.6341735355,0.054588234,0.22863831,7983.0,1543.0
0.9110986131849281,0.5466362685,0.0571155655,0.2338923215,7983.0,1543.0
0.9402902622016233,0.2710546785,0.065369981,0.20353006699999998,7983.0,1543.0
0.9468963330894693,0.0010839645,0.0793180015,0.20560283499999998,7983.0,1543.0
0.8602353035208637,0.0,0.086025353,0.22489962200000002,7983.0,1543.0
0.771373998303801,0.0,0.1049701895,0.335030925,7983.0,1543.0
0.6988351650649288,0.0,0.1265876835,0.3328942245,7983.0,1543.0
0.6923228441765245,0.0,0.15741064533333335,0.36334445533333337,7983.0,1543.0
0.8115975077905727,0.0,0.215846053,0.404910326,7983.0,1543.0
0.921942661132841,0.002055066,0.27833636549999996,0.461826498,7983.0,1543.0
0.9363493387631947,0.1877538675,0.301153561,0.5006704909999999,7983.0,1543.0
0.9223582271884316,0.28991351200000004,0.3454787815,0.5650340890000001,7983.0,1543.0
0.9116425714872274,0.23714642049999998,0.415540743,0.680857762,7983.0,1543.0
0.9234015201304537,0.10798751200000001,0.395333913,0.725231492,7983.0,1543.0
0.9415414552458452,0.01432858,0.3785202135,0.6875782619999999,7983.0,1543.0
0.8801867316962424,0.0,0.34427557333333336,0.6538757736666667,7983.0,1543.0
0.756909164866535,0.0,0.261626614,0.6383943015,7983.0,1543.0
0.6829899033847762,0.0,0.2345109045,0.601077055,7983.0,1543.0
0.6773029238305542,0.0,0.20674909933333332,0.5495551946666667,7983.0,1543.0
0.7922715121465074,0.0,0.24199446349999998,0.5025504494999999,7983.0,1543.0
0.9181057969824699,0.03749159133333333,0.2984547026666667,0.4813210276666666,7983.0,1543.0
0.9039870734945941,0.2678256605,0.45036669949999997,0.513097033,7983.0,1543.0
0.8937239281940599,0.37165296800000003,0.6160771835000001,0.5754831524999999,7983.0,1543.0
0.8903644694251256,0.31623846899999997,0.7031770454999999,0.751573,7983.0,1543.0
0.9204399745623594,0.09471418875,0.67031157675,0.8209921442499999,7983.0,1543.0
0.8525778857191606,0.0,0.6292650125,0.80348296,7983.0,1543.0
0.7513588422079329,0.0,0.650989128,0.8027276345000001,7983.0,1543.0
0.6712518032036939,0.0,0.6289914515,0.80914801225,7983.0,1543.0
0.7146752995115344,0.0,0.6076495515,0.7934033815,7983.0,1543.0
0.8840165253864082,0.0013663456666666667,0.5778828690000001,0.769217763,7983.0,1543.0
0.9090082343284136,0.3825362156666667,0.5152516256666666,0.7246637046666667,7983.0,1543.0
0.8914108762295616,0.5324344397499999,0.6367198605000001,0.7413962905,7983.0,1543.0
0.9215139375060353,0.266774765,0.5364548305000001,0.671200374,7983.0,1543.0
0.9265397340206298,0.001404229,0.4541147485,0.5984064495,7983.0,1543.0
0.8551480735221153,0.0,0.4074901785,0.4511075195,7983.0,1543.0
0.7277958061802541,0.0,0.32589832325000007,0.4023700705,7983.0,1543.0
0.6894242772743882,0.0,0.24819695200000003,0.32855997400000003,7983.0,1543.0
0.8141853951480926,0.0,0.193761545,0.2746862795,7983.0,1543.0
0.9238355817490997,0.0023674605,0.1614868385,0.2194020425,7983.0,1543.0
0.9344703718078584,0.329617162,0.130483648,0.1710301045,7983.0,1543.0
0.9085958367943242,0.6282663323333334,0.104391478,0.12806270066666667,7983.0,1543.0
0.8995760337442107,0.586167798,0.088367243,0.150664217,7983.0,1543.0
0.9277065027341069,0.2665567995,0.0928590455,0.215844163,7983.0,1543.0
0.8898040757525439,0.00074211275,0.09573932275,0.3042608655,7983.0,1543.0
0.7296823899159445,0.0,0.11879030566666667,0.302968772,7983.0,1543.0
0.6580600766376931,0.0,0.14537367825,0.29988736175,7983.0,1543.0
0.6789908943109827,0.0,0.156807244,0.18021959199999998,7983.0,1543.0
0.7628573695656949,0.029375277333333335,0.17433124066666664,0.2323475056666667,7983.0,1543.0
0.7913579927910982,0.23432003925,0.18162216274999998,0.43649380075,7983.0,1543.0
0.791821811287895,0.2472231505,0.2645058735,0.5065563775,7983.0,1543.0
0.830389331220598,0.132952206,0.271724823,0.544737502,7983.0,1543.0
0.8113289467409766,0.000640449,0.28001390425,0.5503827944999999,7983.0,1543.0
0.7121473471832509,0.0,0.28163519933333336,0.5039472993333334,7983.0,1543.0
0.6471710109755225,0.0,0.2624307753333333,0.5361400783333333,7983.0,1543.0
0.6836127841299353,0.0,0.21022472150000002,0.46312448725,7983.0,1543.0
0.7806602943462182,0.0668165265,0.1612153795,0.40931514,7983.0,1543.0
0.7929311735031355,0.30061281900000003,0.115003095,0.3631951445,7983.0,1543.0
0.787681556635317,0.3625477415,0.121397169,0.3444615665,7983.0,1543.0
0.7895077057755815,0.311427655,0.1279942585,0.3488371565,7983.0,1543.0
0.8290111037166219,0.17512110050000002,0.11953151,0.3580672775,7983.0,1543.0
0.8398590849259551,0.0011088865,0.120989814,0.2977386395,7983.0,1543.0
0.7938265015346282,0.0,0.1300535425,0.2683420885,7983.0,1543.0
0.7336849029106607,0.0,0.13245106666666664,0.31085890466666666,7983.0,1543.0
0.6931586975983433,0.0,0.13955336675000002,0.347547826,7983.0,1543.0
0.8171601452308679,0.0,0.14770582599999998,0.417991497,7983.0,1543.0
0.9295397379823985,0.088151715,0.14594935499999998,0.49686858733333333,7983.0,1543.0
0.9255162008665547,0.5304942625,0.1017633985,0.467099582,7983.0,1543.0
0.9025192710358101,0.6408438135000001,0.14746518375,0.48702841475,7983.0,1543.0
0.9245664627593579,0.2756231515,0.2045700795,0.5504595299999999,7983.0,1543.0
0.8950689572465992,0.0009853385,0.275846342,0.6139365855,7983.0,1543.0
0.7239253416757816,0.0,0.2954329055,0.5960148815,7983.0,1543.0
0.6791484582127172,0.0,0.31019717266666663,0.5628432973333334,7983.0,1543.0
0.8538877496489445,0.00134000625,0.31560037,0.55394450675,7983.0,1543.0
0.9084794471038242,0.2818133735,0.26546808499999996,0.531798886,7983.0,1543.0
0.8830306546175168,0.469540269,0.228636242,0.5045601395,7983.0,1543.0
0.8686536791791539,0.510918063,0.27971195833333334,0.53375458,7983.0,1543.0
0.8817666784127665,0.2754245255,0.32536953550000003,0.574975286,7983.0,1543.0
0.8710373266305731,0.00085980475,0.40266833875,0.62290081425,7983.0,1543.0
0.7249960386780826,0.0,0.40688303266666664,0.6694673213333333,7983.0,1543.0
0.6630972045983213,0.0,0.4287471195,0.735094582,7983.0,1543.0
0.7805719835350846,0.0,0.424223793,0.7461241919999999,7983.0,1543.0
0.8983348766660958,0.07760571366666667,0.39723406066666667,0.7446368676666667,7983.0,1543.0
0.8818400521867098,0.467462158,0.2941220795,0.6338325785000001,7983.0,1543.0
0.8692278235376671,0.6584484075,0.3010791485,0.5649584725,7983.0,1543.0
0.8673873931068251,0.657954881,0.28784999099999997,0.5584294505,7983.0,1543.0
0.8855854371668802,0.400983357,0.2623005965,0.5863974375000001,7983.0,1543.0
0.9077649545609912,0.002486082,0.282709353,0.5974975874999999,7983.0,1543.0
0.849020266236471,0.0,0.2761656515,0.554871467,7983.0,1543.0
0.749875704748322,0.0,0.242624322,0.5405193575,7983.0,1543.0
0.6780154497832859,0.0,0.2179210865,0.5690517055,7983.0,1543.0
0.6799764685563562,0.0,0.193938307,0.49226033933333335,7983.0,1543.0
0.7987446722760275,0.0,0.162242566,0.506865711,7983.0,1543.0
0.9203662886441486,0.112642658,0.134826407,0.50167086,7983.0,1543.0
0.9094905249706775,0.6333438950000001,0.0696980085,0.4823310625,7983.0,1543.0
0.8772702310365873,0.79152133725,0.06445480649999999,0.46452982025,7983.0,1543.0
0.8827690001862258,0.4154642745,0.07568527250000001,0.499012083,7983.0,1543.0
0.9073711151271002,0.002495019,0.097440429,0.521506297,7983.0,1543.0
0.8498951321960238,0.0,0.116927653,0.5184446275,7983.0,1543.0
0.7392479774070749,0.0,0.14231749633333335,0.4869539763333333,7983.0,1543.0
0.6802926927767166,0.0,0.14013390675,0.42482098325,7983.0,1543.0
0.8587781067523876,0.00095768125,0.16803624325,0.36858456875,7983.0,1543.0
0.9176901217711388,0.3086557525,0.149584209,0.365226629,7983.0,1543.0
0.8839780513178399,0.5882696654999999,0.135005573,0.3824653025,7983.0,1543.0
0.8689553059985691,0.6682286465,0.191994348,0.464076754,7983.0,1543.0
0.869954209508041,0.527460595,0.2223636155,0.49126294000000004,7983.0,1543.0
0.8978964760255543,0.09995351300000001,0.264001386,0.505749062,7983.0,1543.0
0.8247043261345334,0.0,0.24148404599999998,0.4869115366666667,7983.0,1543.0
0.6942640562993991,0.0,0.204619252,0.49133185199999996,7983.0,1543.0
0.6551617555931601,0.0,0.211124213,0.46505532125,7983.0,1543.0
0.7119552737700119,0.0017545085,0.25047349825,0.49800961175,7983.0,1543.0
0.7915522904149808,0.362924967,0.2362683745,0.483289784,7983.0,1543.0
0.7666674813821551,0.6781073926666666,0.2743907593333333,0.4962726423333333,7983.0,1543.0
0.7467063761930408,0.6690125445,0.371396535,0.5351240245,7983.0,1543.0
0.7761813124570122,0.3769320265,0.4174221045,0.567103487,7983.0,1543.0
0.7958715076500056,0.00167326375,0.48771157775,0.6245585687499999,7983.0,1543.0
0.7260655532816889,0.0,0.4378804395,0.659332182,7983.0,1543.0
0.6388057457574027,0.0,0.43720060275000006,0.70997039575,7983.0,1543.0
0.6459983735437336,0.0,0.405974236,0.6885788159999999,7983.0,1543.0
0.7080519190464147,0.0022426776666666665,0.36818285133333334,0.6176712146666666,7983.0,1543.0
0.7677416707319464,0.28485587,0.287456116,0.5679098775,7983.0,1543.0
0.7506416572380554,0.5373671415000001,0.274266895,0.543922245,7983.0,1543.0
0.7322676005213142,0.611999217,0.30483054249999997,0.5151334085,7983.0,1543.0
0.7449813208349317,0.40576800366666665,0.2839342896666667,0.5054845386666666,7983.0,1543.0
0.7768743126081716,0.002152158,0.29253503433333333,0.5276129253333334,7983.0,1543.0
0.7646305916268579,0.0,0.25836966299999997,0.5378136815,7983.0,1543.0
0.6778166219525283,0.0,0.22770194,0.52880471025,7983.0,1543.0
0.6702055719499518,0.0,0.2295740885,0.495349513,7983.0,1543.0
0.7838841967108137,0.0,0.22459497750000001,0.484655777,7983.0,1543.0
0.9017485892761662,0.004282397,0.21340766249999998,0.46725839550000003,7983.0,1543.0
0.8990198074412499,0.28801873450000004,0.167143247,0.4535038945,7983.0,1543.0
0.8753654170740048,0.543770298,0.133953311,0.432261997,7983.0,1543.0
0.8615837039480697,0.6579813233333333,0.14705094700000002,0.43746279800000004,7983.0,1543.0
0.8695847654887273,0.406069098,0.16567544299999998,0.44007832550000003,7983.0,1543.0
0.8882425777503629,0.004206548,0.2097111585,0.4424147535,7983.0,1543.0
0.8479480358153044,0.0,0.216409603,0.39206767249999996,7983.0,1543.0
0.7125858571013582,0.0,0.18588495275,0.3201007905,7983.0,1543.0
0.676893398186159,0.0,0.15636377166666668,0.281553572,7983.0,1543.0
0.793529822567328,0.0,0.13287049299999998,0.2056665265,7983.0,1543.0
0.9154734576552568,0.0043254745,0.115331432,0.188567794,7983.0,1543.0
0.9003642433926088,0.35357584566666667,0.07073074133333333,0.13744664166666667,7983.0,1543.0
0.8770177074342451,0.6557966479999999,0.051525587,0.11575597500000001,7983.0,1543.0
0.869040104821218,0.6874932635,0.0476619095,0.115546751,7983.0,1543.0
0.8862926719900199,0.42066848300000004,0.051298496,0.1123470315,7983.0,1543.0
0.9014613687674697,0.0047692415,0.06131189150000001,0.118386222,7983.0,1543.0
0.848832500657773,0.0,0.0478911395,0.12463945100000001,7983.0,1543.0
0.7343027812529073,0.0,0.044779147666666665,0.121444167,7983.0,1543.0
0.6829830084617285,0.0,0.050162615,0.14408186925000002,7983.0,1543.0
0.8086498923304508,0.0,0.0682214555,0.1939779305,7983.0,1543.0
0.9217530226073218,0.0048275505,0.08310411000000001,0.24349806550000003,7983.0,1543.0
0.9226022756272205,0.332222825,0.084523572,0.30444004599999996,7983.0,1543.0
0.8992877830782149,0.6431115425,0.076978575,0.3035861355,7983.0,1543.0
0.8835303326700785,0.7335746173333333,0.09707089333333334,0.2940702923333333,7983.0,1543.0
0.9008170190211529,0.3836812315,0.107458106,0.338159624,7983.0,1543.0
0.9195548072734635,0.0044085885,0.123104246,0.38888958650000005,7983.0,1543.0
0.824191927431514,0.0,0.12159484333333333,0.3453573576666667,7983.0,1543.0
0.6818193417935823,0.0,0.1254194145,0.271501533,7983.0,1543.0
0.6724695519930208,0.0,0.1540006555,0.2222402275,7983.0,1543.0
0.7856557485700311,0.0,0.18590440949999998,0.2274468785,7983.0,1543.0
0.9109288124698863,0.03559352866666667,0.217840946,0.31334284733333334,7983.0,1543.0
0.9027155118592782,0.2321448645,0.2249163535,0.4139690485,7983.0,1543.0
0.8913181406313082,0.3270416295,0.3313604895,0.587195901,7983.0,1543.0
0.8960225816717504,0.3154129495,0.3833149475,0.704223157,7983.0,1543.0
0.9234868341129693,0.09813870050000001,0.41919977999999997,0.75531832825,7983.0,1543.0
0.825619008355932,0.0,0.4347714546666667,0.7356115033333334,7983.0,1543.0
0.6820996673792311,0.0,0.5167751012499999,0.7612757335,7983.0,1543.0
0.6734918209222047,0.0,0.566268185,0.826743616,7983.0,1543.0
0.7856444639456373,0.0,0.5764420189999999,0.847469297,7983.0,1543.0
0.9147945984245077,0.075336159,0.5519857183333333,0.8075994183333334,7983.0,1543.0
0.9134465726516398,0.434779355,0.4869412935,0.715081869,7983.0,1543.0
0.9093705142442419,0.5688801235000001,0.6040241209999999,0.7074231049999999,7983.0,1543.0
0.9127965104215786,0.5176716275,0.6684291090000001,0.7521616465000001,7983.0,1543.0
0.9353814329662491,0.31643386149999997,0.6542223309999999,0.7069559645,7983.0,1543.0
0.9346984531333746,0.0059289125,0.597287591,0.6776655025,7983.0,1543.0
0.8545414642918023,0.0,0.578332183,0.6706540635,7983.0,1543.0
0.7479286318393354,0.0,0.5308397995,0.5866344555,7983.0,1543.0
0.6656058067163355,0.0,0.50751491,0.5765936295,7983.0,1543.0
0.6568098434573976,0.0,0.48045285425,0.52092518125,7983.0,1543.0
0.7014326982488303,0.0,0.464681552,0.49165613599999997,7983.0,1543.0
0.7778850860734515,0.14093456650000002,0.44609972350000004,0.46168546450000003,7983.0,1543.0
0.7878256819277063,0.48849658500000004,0.3858264855,0.325406782,7983.0,1543.0
0.7778347733988636,0.609846283,0.4784928995,0.3278174605,7983.0,1543.0
0.773543510307324,0.501311727,0.502247374,0.3687358125,7983.0,1543.0
0.8162723557676919,0.29733595150000003,0.433670277,0.41333750849999995,7983.0,1543.0
0.8288412250602666,0.0064672975,0.416998794,0.448582801,7983.0,1543.0
0.7885105113168862,0.0,0.436176792,0.4645094965,7983.0,1543.0
0.7101289841783633,0.0,0.43344636166666667,0.40596184566666665,7983.0,1543.0
0.6493083975133757,0.0,0.44616093275,0.38927679075,7983.0,1543.0
0.7054089857512238,0.002213684,0.48824834699999997,0.45576660175,7983.0,1543.0
0.7807492137168476,0.362613109,0.4423881545,0.47192429049999995,7983.0,1543.0
0.7647208220034101,0.6329871309999999,0.44981228100000004,0.4844455225,7983.0,1543.0
0.7491020809003643,0.670934318,0.544873133,0.5852593073333333,7983.0,1543.0
0.7758047042800682,0.399670764,0.5124843015,0.634608764,7983.0,1543.0
0.7919491968896455,0.004038466,0.4690647455,0.60348717025,7983.0,1543.0
0.717874150796157,0.0,0.42070121899999996,0.4451269496666666,7983.0,1543.0
0.6743335234348774,0.0,0.384738495,0.38538700125,7983.0,1543.0
0.7972278682297957,0.0,0.35845170849999997,0.351159438,7983.0,1543.0
0.9168800607516235,0.11183503699999998,0.3325958546666667,0.330154654,7983.0,1543.0
0.8924823341139707,0.6202474295,0.24713398199999997,0.291540131,7983.0,1543.0
0.8688673933135063,0.8055608892500001,0.24648369074999998,0.30930588324999997,7983.0,1543.0
0.8761048670535305,0.48994241,0.2508734315,0.3725724305,7983.0,1543.0
0.8955701181333289,0.0090859555,0.2714152005,0.4007446775,7983.0,1543.0
0.8479264498615677,0.0,0.2605373355,0.3814839645,7983.0,1543.0
0.7294795468757446,0.0,0.21755621699999997,0.371010562,7983.0,1543.0
0.6810301643490573,0.0,0.19284935250000002,0.3974823625,7983.0,1543.0
0.8072996891821156,0.0,0.1859215865,0.3891228565,7983.0,1543.0
0.9233805272237529,0.11307450433333333,0.18122575,0.4059749316666667,7983.0,1543.0
0.8996509058106374,0.619762015,0.112200726,0.39309137699999996,7983.0,1543.0
0.8782836033668484,0.820112437,0.1143396245,0.389052313,7983.0,1543.0
0.8696903075568079,0.752056115,0.109654435,0.357383813,7983.0,1543.0
0.8843297021393082,0.4516243795,0.116041606,0.38491121949999996,7983.0,1543.0
0.8947923971279065,0.005583808333333333,0.14949871966666664,0.3685153286666667,7983.0,1543.0
0.8016517144500063,0.0,0.14594560950000002,0.3085185495,7983.0,1543.0
0.6930079115317156,0.0,0.12927602825,0.26601337425000005,7983.0,1543.0
0.6907936706082951,0.0,0.11051621349999999,0.2400214165,7983.0,1543.0
0.8089605484304065,0.0,0.1010965125,0.21728411749999998,7983.0,1543.0
0.9248263379412526,0.11474388166666666,0.096863929,0.21557539633333334,7983.0,1543.0
0.904236881279376,0.6290712005,0.049095911,0.2018667505,7983.0,1543.0
0.8817177937778977,0.8425211615,0.050415768,0.2529859705,7983.0,1543.0
0.8709632271415124,0.790771639,0.072217216,0.32838496,7983.0,1543.0
0.8873722538553772,0.4743607645,0.094927096,0.4362472795,7983.0,1543.0
0.8829555951427042,0.0061097065,0.1067837235,0.49201381525,7983.0,1543.0
0.7296267898883586,0.0,0.11365748075000001,0.48588237624999997,7690.5,1486.5
0.6913898692723078,0.0,0.14524814,0.5381762320000001,7398.0,1430.0
0.8246894282439702,0.0,0.20278037,0.567037504,7398.0,1430.0
0.958649303912788,0.06618607133333333,0.25694405366666667,0.6084438096666666,7398.0,1430.0
0.9413336957303913,0.376287617,0.2528560245,0.5675545815,7398.0,1430.0
0.9239100792424058,0.49284088049999997,0.42481495550000004,0.6113741005,7398.0,1430.0
0.9267974551092836,0.407759759,0.5259952465,0.6855730145000001,7398.0,1430.0
0.9579672919437214,0.26727069600000003,0.5432511019999999,0.732853239,7398.0,1430.0
0.96674259390525,0.0123356485,0.548922179,0.7790760775,7398.0,1430.0
0.8751504934009207,0.0,0.5510823695,0.764693835,7398.0,1430.0
0.7717374722188286,0.0,0.53280059,0.7461509665,7398.0,1430.0
0.6893792947271213,0.0,0.49928901249999996,0.7250786467499999,7398.0,1430.0
0.7420348292024619,0.0,0.535031657,0.6504464155,7398.0,1430.0
0.934851334600375,0.003535499666666667,0.5408697656666667,0.680350206,7398.0,1430.0
0.9668816152733909,0.275614962,0.499078747,0.630647754,7398.0,1430.0
0.9511925596809457,0.5306133875000001,0.508480174,0.5728833135,7398.0,1430.0
0.9369281811771917,0.7043923299999999,0.596930913,0.573168992,7398.0,1430.0
0.9305087052052151,0.6539120045,0.624012821,0.5719819024999999,7398.0,1430.0
0.9601131106542262,0.43744744849999995,0.571571042,0.614709395,7398.0,1430.0
0.9712139902014563,0.0179919535,0.49683294450000004,0.6210250655,7398.0,1430.0
0.877825286757937,0.0,0.45758530799999997,0.6181425650000001,7398.0,1430.0
0.7299127578268131,0.0,0.3657059055,0.6157072877499999,7398.0,1430.0
0.6713965606085291,0.0,0.345066583,0.6035379359999999,7398.0,1430.0
0.7225836956796305,0.0,0.3277601395,0.603778634,7398.0,1430.0
0.8059484324859653,0.179984795,0.29833588099999997,0.5925687740000001,7398.0,1430.0
0.7994581347427783,0.61274783425,0.32689571725,0.54072574675,7398.0,1430.0
0.7828073773628315,0.5574108474999999,0.3962766765,0.5449444175,7398.0,1430.0
0.8309741047817605,0.20892529499999998,0.41193953799999994,0.6205207386666666,7398.0,1430.0
0.808598065661413,0.0,0.422617202,0.7192676693333334,7398.0,1430.0
0.7046721814177112,0.0,0.41606489125,0.67777135525,7398.0,1430.0
0.6607457332649506,0.0,0.35057353425,0.58910695925,7398.0,1430.0
0.7138332340397817,0.0,0.284443447,0.522762588,7398.0,1430.0
0.7995250701148172,0.07186692350000001,0.261748488,0.4936576025,7398.0,1430.0
0.8113983637817668,0.313462433,0.3061345985,0.469013658,7398.0,1430.0
0.808706994670765,0.4153052395,0.335445063,0.436383401,7398.0,1430.0
0.8169112738788883,0.3945459395,0.3268615745,0.3848770155,7398.0,1430.0
0.8639954381704471,0.23918596600000003,0.309211038,0.404914508,7398.0,1430.0
0.8345450846888304,0.00803092025,0.25344031125,0.48599714175,7398.0,1430.0
0.7374759884375939,0.0,0.25011572266666665,0.500339177,7398.0,1430.0
0.6841772280571246,0.0,0.2592953225,0.521418402,7398.0,1430.0
0.722293977935578,0.0,0.267592307,0.6139976213333332,7398.0,1430.0
0.9335981592911571,0.004124289666666667,0.297460491,0.6290231623333333,7398.0,1430.0
0.9683914192204712,0.23572373,0.287199268,0.5665307980000001,7398.0,1430.0
0.9651428404302409,0.44640250449999996,0.340441606,0.549048748,7398.0,1430.0
0.9591800421879464,0.468753358,0.38715469033333333,0.5842609346666666,7398.0,1430.0
0.9821968255311353,0.2619418235,0.398573475,0.6281324189999999,7398.0,1430.0
0.9767759721387901,0.0188160765,0.387715303,0.6610523445,7398.0,1430.0
0.8749808020311258,0.0,0.3948832355,0.6289642575000001,7398.0,1430.0
0.7730446204122694,0.0,0.379403273,0.5040768945,7398.0,1430.0
0.6968632283625299,0.0,0.4026876895,0.49329033499999997,7398.0,1430.0
0.6905198731152665,0.0,0.4389064676666667,0.45592076266666665,7398.0,1430.0
0.8280893667369846,0.0,0.4537363365,0.48992358449999995,7398.0,1430.0
0.9674102308592417,0.08236878933333333,0.42722398433333336,0.523230973,7398.0,1430.0
0.9608074687547744,0.422728406,0.361616045,0.42281315249999996,7398.0,1430.0
0.9436913478045159,0.533498016,0.4269216615,0.44625525050000003,7398.0,1430.0
0.9434697282714197,0.469336601,0.463493844,0.48115839650000003,7398.0,1430.0
0.9780194391657006,0.28094088500000003,0.43649457199999997,0.466157099,7398.0,1430.0
0.9798933022780054,0.0226257855,0.382879232,0.4551986795,7398.0,1430.0
0.8797507502414539,0.0,0.36741168700000004,0.48191380549999996,7398.0,1430.0
0.7586966527058153,0.0,0.327916974,0.5343139576666666,7398.0,1430.0
0.6982047924106587,0.0,0.30830770325,0.50244060125,7398.0,1430.0
0.8783917364218548,0.0,0.3285052053333333,0.4758120576666667,7398.0,1430.0
0.9812108454440693,0.2062251835,0.318811391,0.42084260500000004,7398.0,1430.0
0.966498451823181,0.6382650750000001,0.30259064199999997,0.3767593765,7398.0,1430.0
0.9485703032091608,0.7508789195000001,0.388838781,0.3219981065,7398.0,1430.0
0.9433334226396222,0.583120251,0.402315965,0.37475462849999996,7398.0,1430.0
0.9734811777502196,0.3293138355,0.3798858545,0.357466022,7398.0,1430.0
0.9794356412532725,0.022407524,0.33535803399999997,0.39174541100000004,7398.0,1430.0
0.8799178662992173,0.0,0.33278780399999996,0.436491163,7398.0,1430.0
0.7823274279379346,0.0,0.287287053,0.428445822,7398.0,1430.0
0.6990247099471678,0.0,0.27849539425000003,0.39656937,7398.0,1430.0
0.7552502722895628,0.0,0.27547217749999997,0.36449748800000004,7398.0,1430.0
0.9216234596977848,0.0,0.270788322,0.3560251965,7398.0,1430.0
0.9825878087231541,0.2062008715,0.240993375,0.335742479,7398.0,1430.0
0.97303147681039,0.640406056,0.203153089,0.321570365,7398.0,1430.0
0.9624025866031534,0.7827947355,0.20930315449999998,0.263163627,7398.0,1430.0
0.9607870534638661,0.649351732,0.2254448985,0.2193030185,7398.0,1430.0
0.9904535479812095,0.4102733975,0.2031698085,0.190382926,7398.0,1430.0
0.9859294275132116,0.036253122,0.189614539,0.20979165849999998,7398.0,1430.0
0.8815392995336775,0.0,0.182366433,0.2634997335,7398.0,1430.0
0.7837140135716678,0.0,0.1372614035,0.253386815,7398.0,1430.0
0.6991779894184134,0.0,0.10887728675,0.30312730275,7398.0,1430.0
0.7554043243381743,0.0,0.0991819305,0.3048164385,7398.0,1430.0
0.922686278441379,0.0,0.106610612,0.31179145799999997,7398.0,1430.0
0.9808922995119747,0.1635470735,0.09603179,0.3534049485,7398.0,1430.0
0.968019165740317,0.4477434945,0.103544512,0.3672992745,7398.0,1430.0
0.9497612801318716,0.5815923895,0.17365842399999998,0.4206406525,7398.0,1430.0
0.9392391495177923,0.5264697655,0.24047964449999998,0.4908119745,7398.0,1430.0
0.9635381703987608,0.287582434,0.2893267835,0.49180666549999996,7398.0,1430.0
0.9742620203336776,0.018128142,0.352779172,0.41902735199999996,7398.0,1430.0
0.8766018604488139,0.0,0.3655411005,0.3916050255,7398.0,1430.0
0.743864060936569,0.0,0.3391913356666667,0.4362184706666667,7398.0,1430.0
0.6655326749151124,0.0,0.34567193366666665,0.48551721666666664,7398.0,1430.0
0.6938134539719327,0.0,0.32350214250000003,0.5267203245000001,7398.0,1430.0
0.8017319946798207,0.17775824150000002,0.2981674225,0.481714955,7398.0,1430.0
0.8034496518668522,0.5603564165,0.2740233565,0.41478619250000004,7398.0,1430.0
0.7973328952192267,0.694952154,0.365121585,0.4698835085,7398.0,1430.0
0.7919779705133538,0.5691165515000001,0.4194496015,0.5524213490000001,7398.0,1430.0
0.8365125808479981,0.25256977033333333,0.38588386166666666,0.5655252346666667,7398.0,1430.0
0.8141940108171747,0.0,0.3393293786666667,0.5982531023333334,7398.0,1430.0
0.7169150362189873,0.0,0.25080149125,0.576532293,7398.0,1430.0
0.6672153347061714,0.0,0.2661164115,0.54329515475,7398.0,1430.0
0.716022084395882,0.0,0.28731953099999996,0.5495127205,7398.0,1430.0
0.7942020796354898,0.138722091,0.274774053,0.535663408,7398.0,1430.0
0.7943127723276333,0.398808679,0.2259833885,0.440277344,7398.0,1430.0
0.7707530842299605,0.5375888129999999,0.3488508675,0.47567976700000003,7398.0,1430.0
0.7631833450457282,0.471807482,0.433680884,0.5254681295,7398.0,1430.0
0.7970745341129991,0.19380553466666664,0.44498257666666663,0.6255576883333333,7398.0,1430.0
0.7848125242525334,0.0,0.42135311174999995,0.61327192225,7398.0,1430.0
0.6808558842148806,0.0,0.35745268350000003,0.50419859025,7398.0,1430.0
0.6716914485364219,0.0,0.323998801,0.36605704549999996,7398.0,1430.0
0.8422991479326191,0.0,0.29541847266666665,0.29718253866666666,7398.0,1430.0
0.9438266232790142,0.12057574,0.264474842,0.278128649,7398.0,1430.0
0.9352288324290894,0.4192363,0.26429958000000003,0.3208285985,7398.0,1430.0
0.9350993163005838,0.6238884285,0.3170861445,0.37796115,7398.0,1430.0
0.9366289736788913,0.6251683695,0.371070017,0.329837543,7398.0,1430.0
0.9641874366203316,0.45131669649999995,0.346633929,0.277916779,7398.0,1430.0
0.9746572645792058,0.054355614,0.270479903,0.246414404,7398.0,1430.0
0.8766913886225902,0.0,0.22539600599999998,0.29461134,7398.0,1430.0
0.7800950308575888,0.0,0.21661202400000001,0.38520525699999997,7398.0,1430.0
0.6973542400394863,0.0,0.22053739925000002,0.4644902445,7398.0,1430.0
0.7540233810978549,0.0,0.2472162255,0.497047805,7398.0,1430.0
0.9223127607363333,0.0,0.299844455,0.533921913,7398.0,1430.0
0.9800112527710594,0.1671526695,0.320956694,0.5700656719999999,7398.0,1430.0
0.9563312027643458,0.4746412555,0.352240075,0.5975236815,7398.0,1430.0
0.9342716960966706,0.5675207825,0.5049619815,0.621023886,7398.0,1430.0
0.9274008803868523,0.432767445,0.563221838,0.6272103165,7398.0,1430.0
0.9533351944387061,0.24688861500000003,0.5068619965,0.6070052260000001,7398.0,1430.0
0.9531602587203509,0.022492093,0.4632349535,0.5395193305,7398.0,1430.0
0.8424767526604308,0.0,0.44364123466666666,0.403657765,7398.0,1430.0
0.6890364703330284,0.0,0.42961740224999995,0.430026715,7398.0,1430.0
0.7062049487464771,0.0,0.43299048,0.45636064466666665,7398.0,1430.0
0.8973349741325343,0.0,0.42730053349999997,0.507357237,7398.0,1430.0
0.9483002203953482,0.11135710100000001,0.4130276275,0.5388417395,7398.0,1430.0
0.9214750264896374,0.2930189815,0.433862276,0.543809886,7398.0,1430.0
0.9082469643004868,0.34697460599999996,0.47843261699999995,0.5411307835,7398.0,1430.0
0.9097656647652728,0.28771716599999997,0.472722535,0.553072158,7398.0,1430.0
0.9320868257830219,0.18011735699999998,0.4262148235,0.5721671425,7398.0,1430.0
0.9349361802852724,0.0270100965,0.3862653015,0.551148773,7398.0,1430.0
0.8604215238636126,0.0,0.3712071435,0.5295928595,7398.0,1430.0
0.7145587302365592,0.0,0.335950443,0.51723852625,7398.0,1430.0
0.6713951598171367,0.0,0.30112679766666667,0.4802744506666667,7398.0,1430.0
0.8026999005579836,0.0,0.273468633,0.45548913550000003,7398.0,1430.0
0.9360689546471116,0.10484468433333333,0.22636984933333335,0.40556928,7398.0,1430.0
0.9013094472050045,0.50295564625,0.1648001505,0.27942866974999997,7398.0,1430.0
0.8949739506566706,0.466270311,0.15064265500000001,0.3048013275,7398.0,1430.0
0.9074811522350652,0.2545929925,0.129776912,0.2995318305,7398.0,1430.0
0.9131881959788075,0.0308981725,0.1325566775,0.219740186,7398.0,1430.0
0.8551518662780067,0.0,0.1183181045,0.179942426,7398.0,1430.0
0.7517706154264152,0.0,0.095848708,0.170763758,7398.0,1430.0
0.6681096327021905,0.0,0.073059875,0.1382717805,7398.0,1430.0
0.7176523672857993,0.0,0.060381331999999996,0.09736685749999999,7398.0,1430.0
0.8861179234770082,0.0,0.051139827,0.08483911699999999,7398.0,1430.0
0.9399832818237628,0.133240316,0.042834952499999995,0.090071971,7398.0,1430.0
0.9156553702446816,0.417858976,0.0318445885,0.07537086200000001,7398.0,1430.0
0.8987429819051767,0.6087806984999999,0.0388374445,0.0551959065,7398.0,1430.0
0.894073331414369,0.539315742,0.05511595,0.068883755,7398.0,1430.0
0.9061705859400712,0.3294764455,0.073307208,0.13511764399999998,7398.0,1430.0
0.9141297865521061,0.053376487,0.101473303,0.194400746,7398.0,1430.0
0.8322396573015248,0.0,0.09628086899999999,0.29401090933333335,7398.0,1430.0
0.6664560312954186,0.0,0.08070811475,0.34550165425,7398.0,1430.0
0.6579254684020227,0.0,0.11209553550000001,0.312198756,7398.0,1430.0
0.7643996695177848,0.098782893,0.14938934733333334,0.2825577693333333,7398.0,1430.0
0.780067100145228,0.439171461,0.159064171,0.23486827249999997,7398.0,1430.0
0.7680149141079875,0.6051514899999999,0.202749649,0.215438676,7398.0,1430.0
0.7682738292499852,0.5594599855,0.23808673949999998,0.2387483305,7398.0,1430.0
0.801888013345606,0.2662137336666667,0.25775318166666666,0.2665412786666666,7398.0,1430.0
0.7978581393491938,0.00036149466666666666,0.28210853700000005,0.25351857133333333,7398.0,1430.0
0.6949153476685781,0.0,0.24638895924999998,0.21098927074999999,7398.0,1430.0
0.6511585557998387,0.0,0.25179829525,0.18364258175,7398.0,1430.0
0.7143616465829608,0.0,0.236109912,0.1918368265,7398.0,1430.0
0.7902031876767095,0.20691750799999997,0.19940941,0.2333531415,7398.0,1430.0
0.7815415283330853,0.61364652325,0.17676827350000002,0.19673783125,7398.0,1430.0
0.7610829456814219,0.5972680745000001,0.236108162,0.25632356300000003,7398.0,1430.0
0.7952831286330483,0.2701480683333333,0.227272939,0.33224597966666664,7398.0,1430.0
0.7976739792127545,0.00039499133333333335,0.23607217533333333,0.3208241136666667,7398.0,1430.0
0.7383614835185788,0.0,0.22501118250000002,0.2826551465,7398.0,1430.0
0.6714117901896008,0.0,0.18397251025,0.22258543025,7398.0,1430.0
0.7234328315845162,0.0,0.1663512855,0.23712412049999998,7398.0,1430.0
0.9017928382031876,0.0,0.1622664075,0.2624763455,7398.0,1430.0
0.9459378858323446,0.1340475505,0.1546025745,0.2470378865,7398.0,1430.0
0.9011348158476143,0.46697704674999996,0.15343955050000002,0.27927056975000003,7398.0,1430.0
0.8954182668236281,0.4011379865,0.2006452515,0.3567729555,7398.0,1430.0
0.9089044247557703,0.22082781350000003,0.21877622000000002,0.39202836799999996,7398.0,1430.0
0.9222698695962664,0.039191822,0.230345385,0.396041651,7398.0,1430.0
0.8577411115849153,0.0,0.257215281,0.388341489,7398.0,1430.0
0.7528370396393402,0.0,0.286069174,0.367743345,7398.0,1430.0
0.6698328736439123,0.0,0.29821457725,0.37899092100000004,7398.0,1430.0
0.7194569070005941,0.0,0.319777695,0.35281075650000004,7398.0,1430.0
0.8925445168255834,0.0,0.335814766,0.3581659105,7398.0,1430.0
0.9343697931584973,0.20205521499999998,0.335045486,0.3544068415,7398.0,1430.0
0.9022837914038546,0.5235325095,0.3257461485,0.29597198950000003,7398.0,1430.0
0.8911664766081677,0.6282641045,0.39861643950000003,0.3071171625,7398.0,1430.0
0.8857682393268586,0.530464056,0.438179167,0.3208924325,7398.0,1430.0
0.9062299591637709,0.2741008486666667,0.44641016899999997,0.400723989,7398.0,1430.0
0.8746845600387275,0.000379152,0.4770625003333333,0.488496072,7398.0,1430.0
0.7521320056363282,0.0,0.455248761,0.6117967635,7398.0,1430.0
0.6717409887554693,0.0,0.45769220250000003,0.5883004807500001,7398.0,1430.0
0.7257958919844628,0.0,0.4723560215,0.513045411,7398.0,1430.0
0.9020673224948214,0.0,0.496800662,0.508291058,7398.0,1430.0
0.9481223815728724,0.269241562,0.49886808000000005,0.5516222635,7398.0,1430.0
0.9221763613800383,0.6511753220000001,0.5404249265000001,0.5303067375,7398.0,1430.0
0.904670708749213,0.750120793,0.5242974415,0.5002511590000001,7398.0,1430.0
0.8996594746986879,0.6902855165,0.5266818360000001,0.50083911,7398.0,1430.0
0.9227461199897692,0.45336403599999997,0.5129634985,0.4903543225,7398.0,1430.0
0.945003131624587,0.08473208,0.4757281505,0.5144773645,7398.0,1430.0
0.8693612261465612,0.0,0.4657664795,0.44823208299999995,7398.0,1430.0
0.7673609186165062,0.0,0.40941299350000004,0.3765650545,7398.0,1430.0
0.6926290792253452,0.0,0.34758521725,0.41349275875,7398.0,1430.0
0.7525772582360877,0.0,0.304746833,0.46763027,7398.0,1430.0
0.9223111218571038,0.0,0.280064965,0.43787515,7398.0,1430.0
0.9767512488509065,0.31513225500000003,0.243854387,0.40537148749999996,7398.0,1430.0
0.9421837447046357,0.7577157330000001,0.20613536833333335,0.263488672,7398.0,1430.0
0.9210289778813874,0.902859874,0.2554737515,0.2601298545,7398.0,1430.0
0.9325805883633123,0.7548642845,0.27921802100000004,0.3246054145,7398.0,1430.0
0.9608353292955878,0.3514485295,0.2770860585,0.36871905149999995,7398.0,1430.0
0.9279309318904777,0.0006644185,0.2984567045,0.40245041449999996,7398.0,1430.0
0.831156875727312,0.0,0.260218759,0.38442291549999996,7398.0,1430.0
0.7107889263700788,0.0,0.20374647075,0.32954360275,7398.0,1430.0
0.7327238178043616,0.0,0.16989237666666668,0.32900261266666664,7398.0,1430.0
0.9228154199155464,0.0,0.164879036,0.3473265825,7398.0,1430.0
0.9786823781995702,0.352582551,0.13647005350000002,0.3696227355,7398.0,1430.0
0.9549167331992833,0.774665877,0.098277438,0.3309429155,7398.0,1430.0
0.931805177414975,0.9417815350000001,0.0710294195,0.3039756565,7398.0,1430.0
0.9163445307777013,0.8704806030000001,0.0555670215,0.30593876799999997,7398.0,1430.0
0.9348585455390367,0.690947719,0.05476721,0.328334172,7398.0,1430.0
0.957486452785837,0.360158334,0.0657496995,0.3455844475,7398.0,1430.0
0.9293555622793543,0.0,0.08052317,0.3448591,7398.0,1430.0
0.8316711474854424,0.0,0.08082349650000001,0.319461507,7398.0,1430.0
0.718556826227458,0.0,0.0720614875,0.287135702,7398.0,1430.0
0.6778440164698015,0.0,0.05029697600000001,0.2673215616,7398.0,1430.0
0.730485372597199,0.0,0.0418494815,0.2881032965,7398.0,1430.0
0.8097099718659688,0.371018138,0.035860835,0.298634562,7398.0,1430.0
0.8048672586036274,0.7791147365,0.0218539155,0.273692578,7398.0,1430.0
0.7847191213342349,0.9282957775,0.0257095015,0.22462958449999998,7398.0,1430.0
0.7745661303378959,0.8396610309999999,0.033160357,0.22007750399999998,7398.0,1430.0
0.7989760078882696,0.635988504,0.046707925,0.293015708,7398.0,1430.0
0.8294030234226599,0.327795192,0.06518720950000001,0.31192686449999996,7398.0,1430.0
0.8101726431716701,0.0005463976666666666,0.069963332,0.3017689333333333,7398.0,1430.0
0.7433338534149545,0.0,0.047007662,0.2576698725,7398.0,1430.0
0.6781829170236543,0.0,0.03568114025,0.20583747875000002,7398.0,1430.0
0.6776564007365953,0.0,0.0382062975,0.158691655,7398.0,1430.0
0.7271382520816905,0.0,0.049737577,0.1891053145,7398.0,1430.0
0.801834821011558,0.34306564100000003,0.0553861635,0.190885563,7398.0,1430.0
0.7903688521418039,0.740818697,0.044828336999999996,0.2080799525,7398.0,1430.0
0.7639660371854915,0.9063241885,0.06400784600000001,0.24436336949999998,7398.0,1430.0
0.7550332180491155,0.855520694,0.081734444,0.2660867075,7398.0,1430.0
0.7699714221662792,0.68619546,0.095163333,0.312026603,7398.0,1430.0
0.8038941553203702,0.3621579035,0.11072954800000001,0.3328786965,7398.0,1430.0
0.7936306821871381,0.00025181975,0.1552197835,0.38281968899999996,7398.0,1430.0
0.700039580610521,0.0,0.18893820900000002,0.51020110075,7398.0,1430.0
0.7235111765198731,0.0,0.19671083066666664,0.6158915296666666,7398.0,1430.0
0.918030909322366,0.0,0.2065263,0.6795865125,7398.0,1430.0
0.9690426520321437,0.229448729,0.206022904,0.691177498,7398.0,1430.0
0.9405208251958906,0.5659621285,0.149018858,0.6547633625,7398.0,1430.0
0.9109992051171782,0.8306800105,0.149477004,0.568512251,7398.0,1430.0
0.9032297366739428,0.8512928205,0.170839249,0.5519772305,7398.0,1430.0
0.9134422180360671,0.6385495059999999,0.201658638,0.5833340025,7398.0,1430.0
0.9408226548143263,0.16993950066666666,0.27834808233333336,0.63826186,7398.0,1430.0
0.8645761536124824,0.0,0.32924236549999997,0.640260373,7398.0,1430.0
0.7369959141820623,0.0,0.30789980433333336,0.6627080536666666,7398.0,1430.0
0.6849830865535647,0.0,0.29089613275000004,0.700450284,7398.0,1430.0
0.8681923346084148,0.0,0.295351374,0.727314189,7398.0,1430.0
0.9717694673581754,0.1461257805,0.3045110015,0.6970126674999999,7398.0,1430.0
0.9652375192280802,0.354510767,0.2951325025,0.6591692124999999,7398.0,1430.0
0.9636726499459858,0.4392187355,0.330267047,0.737699223,7398.0,1430.0
0.9679303867939995,0.355914795,0.3275301005,0.7180879840000001,7398.0,1430.0
0.9957435741579093,0.1887583945,0.291928939,0.69374989,7398.0,1430.0
0.9819323616390039,0.0228458045,0.2617670225,0.6582392185,7398.0,1430.0
0.853802841562266,0.0,0.29283480833333336,0.687036131,7398.0,1430.0
0.6973765869971568,0.0,0.4155891165,0.75716645975,7398.0,1430.0
0.6801816606378344,0.0,0.5182925285,0.7481073684999999,7398.0,1430.0
0.846536890843877,0.0,0.5624084836666666,0.7676282329999999,7398.0,1430.0
0.9523836303281539,0.038575801,0.5694587655000001,0.773632586,7398.0,1430.0
0.9379013547538219,0.15236845325,0.5466976137499999,0.700695908,7398.0,1430.0
0.9324727051320093,0.1425910685,0.5934564625000001,0.6017258045,7398.0,1430.0
0.9515508126379288,0.086176362,0.6160714585,0.5547549195,7398.0,1430.0
0.9440600894586195,0.0186218525,0.6298160319999999,0.5046368445,7398.0,1430.0
0.8360665010253214,0.0,0.6178913563333334,0.49180972999999994,7398.0,1430.0
0.6987561489787888,0.0,0.608070976,0.51594138,5450.0,1053.5
0.6620328640092938,0.0,0.6414712725,0.628844458,3502.0,677.0
0.8120471774618307,0.0,0.650312256,0.6647642633333333,3502.0,677.0
0.8996221556180535,0.0602126085,0.663907624,0.6352353079999999,3502.0,677.0
0.8877823179418656,0.223651595,0.74090632075,0.548716732,3502.0,677.0
0.8813707318020281,0.271371393,0.838932908,0.6053461435,3502.0,677.0
0.9071075720740938,0.17666773233333333,0.8685494399999999,0.7492552379999999,3502.0,677.0
0.8627970785620466,0.0005705396666666666,0.7982114913333334,0.7304446226666667,3502.0,677.0
0.7468765826414854,0.0,0.7179110615,0.7423339345,3502.0,677.0
0.66418512120292,0.0,0.5926937944999999,0.7363407655,3502.0,677.0
0.7124349890460997,0.0,0.44215235399999997,0.804328084,3502.0,677.0
0.8562945673689957,0.0,0.388343015,0.686058848,3502.0,677.0
0.9099822740986179,0.14924725,0.39527491800000003,0.395851486,3502.0,677.0
0.8952793390175503,0.2901788665,0.4607017165,0.636043221,3502.0,677.0
0.8871815383103099,0.323852499,0.578266596,0.7243343605,3502.0,677.0
0.8864588983147956,0.2814149045,0.688065126,0.782272297,3502.0,677.0
0.908107490147188,0.14963428633333334,0.7746074356666667,0.8112698906666668,3502.0,677.0
0.8873258508892596,0.0009518105,0.7827573484999999,0.686359625,3502.0,677.0
0.7989538599936346,0.0,0.8080008110000001,0.7294085255,3502.0,677.0
0.6568509318221905,0.0,0.7830099532500001,0.79297191,3502.0,677.0
0.639580380243491,0.0,0.7374983409999999,0.7823045833333334,3502.0,677.0
0.7054316760540522,0.045560031333333334,0.6753332176666667,0.7674165030000001,3502.0,677.0
0.7665899558458046,0.3240744495,0.625060341,0.7355407414999999,3502.0,677.0
0.7567161550204939,0.4734026615,0.6678954939999999,0.7238984854999999,3502.0,677.0
0.7497955493220698,0.381285759,0.6460501053333333,0.6430889286666667,3502.0,677.0
0.7827931896343169,0.1480986185,0.5745592184999999,0.596909098,3502.0,677.0
0.795611831585291,0.00921290675,0.54306067375,0.5119080272500001,3502.0,677.0
0.703810898430843,0.0,0.4640340966666667,0.514758162,3502.0,677.0
0.6314619924577055,0.0,0.42479782000000005,0.50423701825,3502.0,677.0
0.6648967691991388,0.0,0.327589459,0.4596966525,3502.0,677.0
0.7273245425959867,0.0389869625,0.267954041,0.38648536499999997,3502.0,677.0
0.772764470417923,0.240661041,0.209208786,0.371018494,3502.0,677.0
0.7582946501714216,0.4905977535,0.266310338,0.4533382165,3502.0,677.0
0.750975069954576,0.610802179,0.418373601,0.5209267645,3502.0,677.0
0.7655527500418646,0.46945927099999996,0.5300744454999999,0.4662884555,3502.0,677.0
0.7970829937099476,0.19292569050000002,0.5225590465000001,0.5473376585,3502.0,677.0
0.7904056560896437,0.0007154483333333333,0.526060326,0.7247097843333332,3502.0,677.0
0.7336677417711164,0.0,0.610253399,0.7138307024999999,3502.0,677.0
0.6650795713997257,0.0,0.58797090675,0.6886812885,3502.0,677.0
0.7118721136641584,0.0,0.612244665,0.6982258585000001,3502.0,677.0
0.8540985528552651,0.000518397,0.605411836,0.6331273605000001,3502.0,677.0
0.9086693665591842,0.109603901,0.566020034,0.540000808,3502.0,677.0
0.9085239770419034,0.278024401,0.48407725749999997,0.5470148255,3502.0,677.0
0.8972305559462503,0.401049685,0.5100172590000001,0.6837326925,3502.0,677.0
0.8925446104688637,0.392150193,0.5441113375,0.804644666,3502.0,677.0
0.9079350205039068,0.242587782,0.5924937383333333,0.8235382800000001,3502.0,677.0
0.8918211744648592,0.0011208365,0.5809902,0.7951210479999999,3502.0,677.0
0.798377733397198,0.0,0.5761513629999999,0.7184358565,3502.0,677.0
0.7006624379245558,0.0,0.5843164759999999,0.6513033815,3502.0,677.0
0.6689839718066187,0.0,0.5990266154999999,0.64119877,3502.0,677.0
0.8212972469826939,0.0007582396666666667,0.5809414516666666,0.6749323806666666,3502.0,677.0
0.9111747495574632,0.2178185955,0.5467349539999999,0.653287419,3502.0,677.0
0.8918561678135143,0.44015374366666665,0.577848919,0.641949985,3502.0,677.0
0.8821188286379903,0.486813474,0.602750092,0.7291247223333333,3502.0,677.0
0.8983807957679903,0.3146348615,0.5738806304999999,0.759044107,3502.0,677.0
0.9139349505402752,0.0724177355,0.460292074,0.72853075,3502.0,677.0
0.850115908939598,0.0,0.38477063450000004,0.642166196,3502.0,677.0
0.7391193977925887,0.0,0.367322349,0.6078945333333333,3502.0,677.0
0.6822200175930141,0.0,0.3591695395,0.62123387875,3502.0,677.0
0.8409528077658676,0.0010016823333333332,0.29861785766666665,0.5727352720000001,3502.0,677.0
0.9230709404277236,0.3581215385,0.230574309,0.543379858,3502.0,677.0
0.9010583049425669,0.669520758,0.22780090949999998,0.5088239715,3502.0,677.0
0.8870825985401782,0.7740813645,0.251235269,0.45831158400000005,3502.0,677.0
0.8814847959771277,0.6483505285,0.24308338699999998,0.3666036615,3502.0,677.0
0.9076654996039203,0.27159331766666667,0.22521232333333333,0.339964408,3502.0,677.0
0.8924555505927054,0.000980026,0.249241345,0.5188047085,3502.0,677.0
0.80033372637684,0.0,0.2825925425,0.5923481195,3502.0,677.0
0.6895246530705839,0.0,0.29506832600000005,0.4935405466666667,3502.0,677.0
0.6691598128516385,0.0,0.28445956866666666,0.48004816400000005,3502.0,677.0
0.8191170903182065,0.00045738466666666667,0.2696566696666666,0.5124393650000001,3502.0,677.0
0.9091237967689242,0.067312584,0.24182561,0.5042073735,3502.0,677.0
0.8933696552795285,0.184516517,0.23317614399999997,0.46188106549999997,3502.0,677.0
0.8817908398409688,0.298631015,0.3274011065,0.47530999549999997,3502.0,677.0
0.8767338114650391,0.3175668615,0.3889108865,0.5321109785,3502.0,677.0
0.8900902348218332,0.19576956466666665,0.3938515726666667,0.607089995,3502.0,677.0
0.8796143978286246,0.0011367865,0.374770098,0.6071337075000001,3502.0,677.0
0.7991160127138954,0.0,0.377373681,0.545781627,3502.0,677.0
0.6775701737524019,0.0,0.42270844825,0.531845642,3502.0,677.0
0.6671577056325582,0.0,0.4840139355,0.6346213475,3502.0,677.0
0.8106222192267202,0.001146431,0.5193197653333333,0.6883044476666668,3502.0,677.0
0.8857636505624769,0.163585751,0.554766902,0.726254051,3502.0,677.0
0.8712752488794061,0.3824740606666667,0.567542869,0.6666184156666667,3502.0,677.0
0.8693761163215028,0.39953762400000004,0.6524561234999999,0.707215042,3502.0,677.0
0.8735300436239455,0.250934321,0.689551042,0.7441466729999999,3502.0,677.0
0.8840509567941649,0.0839182105,0.7069955445,0.743947572,3502.0,677.0
0.8719758970253464,0.001138067,0.7258497505,0.702817448,3502.0,677.0
0.802060420587106,0.0,0.7473068620000001,0.717956263,3502.0,677.0
0.6768226933945998,0.0,0.7497544309999999,0.7917296965,3502.0,677.0
0.6282190325891562,0.0,0.71292616175,0.7600376902499999,3502.0,677.0
0.657411852228071,0.0,0.6307243035000001,0.7291507205,3502.0,677.0
0.7126001853760102,0.0408559875,0.6009088375,0.7513306829999999,3502.0,677.0
0.7500782902491973,0.30579661566666666,0.5668703336666666,0.6179332209999999,3502.0,677.0
0.7456489656128344,0.493641281,0.6257271695,0.6327662755000001,3502.0,677.0
0.7446686747002141,0.446418631,0.6966520365,0.64840115,3502.0,677.0
0.7844921794841926,0.268692035,0.7218417653333334,0.7131581279999999,3502.0,677.0
0.7780403673423978,0.00084714875,0.7345671692500001,0.82271608375,3502.0,677.0
0.6645284177389057,0.0,0.7689063743333334,0.8522909196666667,3502.0,677.0
0.6355035647982595,0.0,0.7966068125,0.898779001,3502.0,677.0
0.688158490632887,0.002187708,0.8162238374999999,0.9080313505,3502.0,677.0
0.7588143066212067,0.2123905095,0.8002264755,0.8995875095000001,3502.0,677.0
0.76469129147723,0.478965802,0.8654981176666666,0.898479188,3502.0,677.0
0.7576142692035286,0.5890666625000001,0.879796015,0.9234535745,3502.0,677.0
0.7713013738385337,0.49383493850000004,0.8731974275000001,0.9310337,3502.0,677.0
0.8032334638876597,0.238765183,0.841964642,0.9313786665,3502.0,677.0
0.7830017569753447,0.00078814475,0.7842959594999999,0.9134523972499999,3502.0,677.0
0.6978849587413312,0.0,0.750675633,0.8915432115,3502.0,677.0
0.656073729793837,0.0,0.725760965,0.8616285975,3502.0,677.0
0.6670353302711672,0.0,0.701414702,0.811970792,3502.0,677.0
0.7800859001910742,0.0,0.638274614,0.7312546475,3502.0,677.0
0.8894804259368093,0.08416228649999999,0.551647393,0.6470227795,3502.0,677.0
0.8859818519940197,0.4255229485,0.56322607,0.6051684865,3502.0,677.0
0.8737178092026434,0.590346991,0.6263596339999999,0.593819184,3502.0,677.0
0.8673342006374154,0.566099082,0.669481729,0.5887838635,3502.0,677.0
0.8706904753723883,0.46621135300000005,0.6252205685000001,0.5927310895,3502.0,677.0
0.8826102188677039,0.2388756345,0.45222661799999997,0.5710185299999999,3502.0,677.0
0.8583193921663033,0.0012410836666666666,0.2892275823333333,0.47811473433333335,3502.0,677.0
0.747473194944029,0.0,0.2403093845,0.4601401045,3502.0,677.0
0.6701564297757583,0.0,0.2421612875,0.4623084825,3502.0,677.0
0.6645326788194874,0.0,0.23753461500000003,0.3881673413333333,3502.0,677.0
0.7813340262351307,0.0,0.2175241885,0.317583942,3502.0,677.0
0.8920708418253291,0.025708225,0.22117639449999998,0.252932099,3502.0,677.0
0.8899008148243736,0.190607054,0.283370204,0.2264233625,3502.0,677.0
0.8736802091921684,0.37080847800000005,0.366647754,0.2124080065,3502.0,677.0
0.8675008016165289,0.480728277,0.404367566,0.2315536055,3502.0,677.0
0.8683824102171255,0.441168965,0.389079913,0.342239005,3502.0,677.0
0.8813244694226565,0.21518768700000002,0.30038501500000003,0.404778005,3502.0,677.0
0.8557806078904946,0.0013998916666666666,0.28391770066666666,0.43148312,3502.0,677.0
0.7475028580976821,0.0,0.33502254350000005,0.445272082,3502.0,677.0
0.664127269716364,0.0,0.38074952149999997,0.5823261532499999,3502.0,677.0
0.7099580753917809,0.0,0.430313444,0.6680726035,3502.0,677.0
0.851782855325971,0.0046238165,0.5011448725000001,0.6583133004999999,3502.0,677.0
0.8927656681422784,0.1144548205,0.6013691925,0.701473692,3502.0,677.0
0.8768181421525039,0.21702403650000002,0.7152330885,0.7447559345000001,3502.0,677.0
0.8720886032510573,0.2523831645,0.7888462475,0.7720331635,3502.0,677.0
0.8770268382631939,0.20746522150000002,0.8137684645000001,0.7840710955,3502.0,677.0
0.889397359555453,0.1377939925,0.8042019655,0.797723988,3502.0,677.0
0.896164740374038,0.033334694,0.7828740350000001,0.789310819,3502.0,677.0
0.8218946474698169,0.0,0.7562464546666666,0.7328070066666666,3502.0,677.0
0.6767062881374949,0.0,0.69041429375,0.73603168925,3502.0,677.0
0.6657970138683196,0.0,0.6676959945000001,0.7028457145,3502.0,677.0
0.7782917555301194,0.0,0.6501359325,0.7162397165000001,3502.0,677.0
0.875929743967398,0.006041162,0.614290402,0.768049237,3502.0,677.0
0.8990745450653916,0.21022902249999997,0.581698182,0.775795718,3502.0,677.0
0.8841613217754363,0.47794522700000003,0.5375245985,0.6944216400000001,3502.0,677.0
0.8768219349083952,0.6089727899999999,0.6072682565,0.7349267155,3502.0,677.0
0.8804278458435562,0.53621811,0.6620100796666667,0.7988945300000001,3502.0,677.0
0.8990995492831159,0.257682378,0.5428365614999999,0.7949270724999999,3502.0,677.0
0.888988910876461,0.002343935,0.41862624049999997,0.7035439115,3502.0,677.0
0.7982807601359507,0.0,0.395559585,0.6039639255,3502.0,677.0
0.6888701112860262,0.0,0.3489159766666667,0.5540940986666666,3502.0,677.0
0.6889473285088479,0.0,0.28745010275,0.44303963175000005,3502.0,677.0
0.8631275023009324,0.007789728,0.274893351,0.436400024,3502.0,677.0
0.9077560578808515,0.290011458,0.29125513000000003,0.388832596,3502.0,677.0
0.8903853998759007,0.5907848075,0.31609618650000004,0.374846044,3502.0,677.0
0.8816311687894591,0.7625545764999999,0.39074005700000003,0.3946076895,3502.0,677.0
0.8801570450437839,0.6993020759999999,0.4852583545,0.48888843449999997,3502.0,677.0
0.8901098385647189,0.531615082,0.544346238,0.543427926,3502.0,677.0
0.9082536132982503,0.290163985,0.509912821,0.557131703,3502.0,677.0
0.8929646715643387,0.0026380455,0.4529208495,0.5738681054999999,3502.0,677.0
0.7995810954355833,0.0,0.41239176850000003,0.5684643730000001,3502.0,677.0
0.6726566854322007,0.0,0.41305185833333335,0.5328633693333333,3502.0,677.0
0.6486755197998386,0.0,0.46676887674999995,0.5605387855,3502.0,677.0
0.6977721354818244,0.008215105,0.47273999499999997,0.5649105095,3502.0,677.0
0.7651020423352515,0.152855556,0.46887159,0.5834298245,3502.0,677.0
0.7869847168660175,0.26127037399999997,0.50376975,0.661135649,3502.0,677.0
0.7843979533090772,0.33005925,0.4969988735,0.7322926535000001,3502.0,677.0
0.7834660553431916,0.31040459649999996,0.504323368,0.7393438004999999,3502.0,677.0
0.8282708733764278,0.17644458933333332,0.43960488899999994,0.6733191999999999,3502.0,677.0
0.802023023565158,0.001332604,0.306907461,0.614548272,3502.0,677.0
0.7326455430946968,0.0,0.2699876365,0.647241993,3502.0,677.0
0.663274458089383,0.0,0.26515382875,0.60921058825,3502.0,677.0
0.673161576700113,0.0,0.272092029,0.613615508,3502.0,677.0
0.738834573187419,0.11218936900000001,0.2564506155,0.5800948829999999,3502.0,677.0
0.7819235212422926,0.4560747885,0.32407390599999997,0.5653159175,3502.0,677.0
0.7721308669080513,0.6721653935,0.4258923825,0.5811071720000001,3502.0,677.0
0.7604679081498043,0.7076722854999999,0.49644029199999995,0.5929444675,3502.0,677.0
0.772231375385865,0.573545791,0.562436775,0.5491240645,3502.0,677.0
0.8136763677385226,0.2969307115,0.506121305,0.46209772849999997,3502.0,677.0
0.8083394704605213,0.0035734825,0.43070635749999997,0.450417293,3502.0,677.0
0.7624013317994418,0.0,0.42565849450000004,0.555031935,3502.0,677.0
0.6906298673947641,0.0,0.39912397125,0.6089326254999999,3502.0,677.0
0.6850478094914351,0.0,0.406011135,0.552974203,3502.0,677.0
0.7940785570017863,0.0,0.426587235,0.5628455514999999,3502.0,677.0
0.8936847831100698,0.026517257,0.457466002,0.620121588,3502.0,677.0
0.9110414406730666,0.23157860600000002,0.5396519005,0.6880343314999999,3502.0,677.0
0.8971417301376841,0.3488688406666667,0.7331603296666667,0.828384288,3502.0,677.0
0.889312326502778,0.370982966,0.7787627095,0.8865782035,3502.0,677.0
0.8961315419226015,0.333724888,0.7832855224999999,0.874003055,3502.0,677.0
0.9248934839903677,0.147397296,0.777135649,0.8441384093333334,3502.0,677.0
0.8534925054846333,0.0,0.7126947459999999,0.889303776,3502.0,677.0
0.7603416228362918,0.0,0.693485785,0.889155597,3502.0,677.0
0.6804686352618552,0.0,0.66683176425,0.86148630475,3502.0,677.0
0.7276719557544613,0.0,0.6454333735,0.8222847365,3502.0,677.0
0.872177616346184,0.013731784,0.63228814,0.804459298,3502.0,677.0
0.9309580783529553,0.366050488,0.623231334,0.8153877865000001,3502.0,677.0
0.913098995570048,0.668171149,0.6927474596666667,0.8158391123333333,3502.0,677.0
0.8994912348403448,0.7414701029999999,0.7383873944999999,0.7731188325,3502.0,677.0
0.8993287075469631,0.612969925,0.7586052000000001,0.738125061,3502.0,677.0
0.9247680883556982,0.409335975,0.742936965,0.747529073,3502.0,677.0
0.9296771518210986,0.1268661915,0.6774084345,0.7353875655,3502.0,677.0
0.8566328263892229,0.0,0.6629737035000001,0.666160854,3502.0,677.0
0.7447951629210365,0.0,0.63257552,0.6158892663333333,3502.0,677.0
0.6880563199259369,0.0,0.6135093265,0.61776734175,3502.0,677.0
0.811482998870805,0.0,0.576429496,0.5995302825,3502.0,677.0
0.9043337608161258,0.045352697,0.545583952,0.589572421,3502.0,677.0
0.925350302171434,0.414120672,0.500740387,0.544155827,3502.0,677.0
0.901076972225578,0.8075338163333333,0.5348671723333333,0.44072455433333335,3502.0,677.0
0.8852316793309986,0.9623198535,0.521613731,0.38976510799999997,3502.0,677.0
0.8932638790626388,0.7985406104999999,0.557197123,0.42572823449999997,3502.0,677.0
0.9196321142276098,0.4305108245,0.5368751254999999,0.432475343,3502.0,677.0
0.8757459116771926,0.004253555,0.5059204089999999,0.442335015,3502.0,677.0
0.765198032301448,0.0,0.420396152,0.3510436495,3502.0,677.0
0.6864674414570354,0.0,0.36844483000000006,0.3298977395,3502.0,677.0
0.7428306088231102,0.0,0.32629844100000005,0.3018374375,3502.0,677.0
0.8795636871091832,0.0260788585,0.2975350275,0.2713787775,3502.0,677.0
0.9228991886621127,0.4505139215,0.262523315,0.2041414525,3502.0,677.0
0.8965063551481823,0.845498244,0.21055553866666665,0.09929896366666667,3502.0,677.0
0.8795086684739837,0.9774864095,0.22383252399999998,0.083213022,3502.0,677.0
0.877701717424419,0.819429553,0.2736763165,0.21194039450000002,3502.0,677.0
0.9014031192902049,0.2975941266666667,0.349074087,0.334753029,3502.0,677.0
0.8294294011293054,0.0,0.4182089443333334,0.3957990453333333,3502.0,677.0
0.715269406673594,0.0,0.4167657145,0.4486435655,3502.0,677.0
0.6810841646034322,0.0,0.38551767025,0.47430345825,3502.0,677.0
0.7953706277337249,0.0,0.35761844499999995,0.5459881685000001,3502.0,677.0
0.9013549838827949,0.16811434199999997,0.31760038733333334,0.5211030883333333,3502.0,677.0
0.881652021244776,0.39298031333333333,0.4112021496666667,0.4675975353333334,3502.0,677.0
0.8749365530228874,0.3392630495,0.589244256,0.529118591,3502.0,677.0
0.8845133003889939,0.19520623650000002,0.673637763,0.6010787275,3502.0,677.0
0.9067458696657686,0.0824939165,0.6942374455,0.6904623919999999,3502.0,677.0
0.8843043233484631,0.0025518145,0.7365908145,0.7844675395,3502.0,677.0
0.7982377286527891,0.0,0.761610377,0.8442718235,3502.0,677.0
0.6685600399056494,0.0,0.753703411,0.8100093033333334,3502.0,677.0
0.6445477204344827,0.0,0.7568565735,0.81957044075,3502.0,677.0
0.6960530736455897,0.0197677,0.7821512989999999,0.692604343,3502.0,677.0
0.763523898366929,0.324597317,0.809018826,0.7009751625,3502.0,677.0
0.785368972968437,0.5637993134999999,0.8424789079999999,0.746563038,3502.0,677.0
0.7796225265201627,0.6708861385,0.872995552,0.713032576,3502.0,677.0
0.7799389185755955,0.5798507065,0.871793793,0.811635995,3502.0,677.0
0.8232448427942413,0.32385765866666666,0.8424659583333334,0.8625304976666667,3502.0,677.0
0.7977362867820741,0.0033856103333333334,0.7260924576666667,0.8650728609999999,3502.0,677.0
0.725201222881505,0.0,0.5657809149999999,0.759487093,3502.0,677.0
0.6421357754808844,0.0,0.482571043,0.741812901,3502.0,677.0
0.6663379988137339,0.0,0.405617595,0.7764556885,3502.0,677.0
0.7305255244479726,0.0150176575,0.36105861650000004,0.815579411,3502.0,677.0
0.7825006312149971,0.2175260155,0.365554355,0.8212370314999999,3502.0,677.0
0.7708861511687095,0.4419341073333333,0.35690918433333335,0.7593772476666666,3502.0,677.0
0.7589443846093935,0.5364601385,0.43469092099999995,0.7629248675,3502.0,677.0
0.7949312983760028,0.452836122,0.509827702,0.7834738705,3502.0,677.0
0.8082417012449286,0.18825783966666668,0.47252347666666666,0.708238744,3502.0,677.0
0.732672525638389,0.0,0.38305902175,0.6172479652499999,3502.0,677.0
0.6737218220973994,0.0,0.34645735,0.60860173,3502.0,677.0
0.7977786160353874,0.0,0.3335487465,0.5902935235,3502.0,677.0
0.9149897623367172,0.034127972,0.32319085599999997,0.5293673955,3502.0,677.0
0.911695670313357,0.312602913,0.27649891,0.456185384,3502.0,677.0
0.8896213671140203,0.5905643715,0.26891793399999997,0.394048212,3502.0,677.0
0.8711165768249138,0.76616238,0.273695484,0.3873563585,3502.0,677.0
0.8627699516279423,0.7110846184999999,0.3394711415,0.4248496555,3502.0,677.0
0.8709802711931162,0.554131114,0.409673168,0.44997559,3502.0,677.0
0.8804847218048275,0.3020823675,0.3856951615,0.4130288115,3502.0,677.0
0.8418320751761692,0.0084338475,0.3341446045,0.387931531,3502.0,677.0
0.7472605890436514,0.0,0.2907531465,0.458584568,3502.0,677.0
0.6656080894032685,0.0,0.25761690075,0.54119040275,3502.0,677.0
0.7135993698153227,0.0,0.2699697895,0.6025628515,3502.0,677.0
0.8605190122035095,0.0,0.2701234935,0.5635295155,3502.0,677.0
0.9091001973628373,0.189807491,0.234366863,0.526958533,3502.0,677.0
0.8793359802755707,0.5754799775,0.178252244,0.485069702,3502.0,677.0
0.8588060375053569,0.837655554,0.21994900950000001,0.4666828725,3502.0,677.0
0.8518663431426968,0.885476177,0.2969693155,0.501125963,3502.0,677.0
0.8558611613345282,0.7285427145000001,0.31778322400000003,0.5673346994999999,3502.0,677.0
0.8576277967184917,0.408273345,0.2716329045,0.5683775765000001,3502.0,677.0
0.8377108780275451,0.0124442475,0.27178146599999997,0.522141085,3502.0,677.0
0.7244695301878622,0.0,0.25098032733333336,0.47988507733333335,3502.0,677.0
0.6628881924720169,0.0,0.23215016375000003,0.45907564725000005,3502.0,677.0
0.7831338834610466,0.0,0.2169825635,0.395148485,3502.0,677.0
0.9007626560513489,0.0577614175,0.204060219,0.36080223749999996,3502.0,677.0
0.8844205881812561,0.48821976499999997,0.15294692799999998,0.343788239,3502.0,677.0
0.8581300345435523,0.8013177615,0.204381708,0.31771431699999997,3502.0,677.0
0.8521419042914445,0.919417994,0.318554851,0.3755120375,3502.0,677.0
0.851911575364769,0.80488326,0.387334523,0.5004423105,3502.0,677.0
0.8578100838810373,0.5113770384999999,0.3876910015,0.5851465069999999,3502.0,677.0
0.8575655671446303,0.1220404375,0.35236296300000003,0.538861283,3502.0,677.0
0.8012873040209595,0.0,0.322521353,0.505974892,3502.0,677.0
0.6828558999049354,0.0,0.29757219566666665,0.4736698076666667,3502.0,677.0
0.6539342322077895,0.0,0.26976879649999996,0.5021584370000001,3502.0,677.0
0.7081513349380755,0.0,0.26165967999999995,0.5118419359999999,3502.0,677.0
0.8533342392447612,0.0,0.249551673,0.462684625,3502.0,677.0
0.9050979340023181,0.080102084,0.225903924,0.406881616,3502.0,677.0
0.8859818519940197,0.3413826085,0.2256653435,0.36067579000000005,3502.0,677.0
0.8741682592887146,0.6254741495,0.3448590695,0.3977710955,3502.0,677.0
0.8679849652326865,0.7745091245,0.417704937,0.4958974405,3502.0,677.0
0.8705529055156992,0.719347328,0.5133325685,0.536117773,3502.0,677.0
0.882633069127549,0.4676330865,0.553319146,0.5395206705,3502.0,677.0
0.8770301627214672,0.11932849699999999,0.5298150415,0.5777538870000001,3502.0,677.0
0.7985058916575317,0.0,0.5745521695,0.6252079509999999,3502.0,677.0
0.686630659393297,0.0,0.6261317286666667,0.6250049983333333,3502.0,677.0
0.658052596505057,0.0,0.6087935055,0.7470753605,3502.0,677.0
0.7122663746146358,0.0,0.5510105515,0.7611070185,3502.0,677.0
0.858837269285475,0.0,0.5041565370000001,0.7232910975,3502.0,677.0
0.9199575433874941,0.087538618,0.468063963,0.707513279,3502.0,677.0
0.9047271788958643,0.33711214050000005,0.531955984,0.6509592184999999,3502.0,677.0
0.8860460481579825,0.580561211,0.6233113735,0.6243246565,3502.0,677.0
0.8775516453370422,0.7038433675,0.7085538115,0.7583067395,3502.0,677.0
0.8820921075726507,0.6505666255,0.7871424245,0.8130534395,3502.0,677.0
0.8964064944306362,0.388723343,0.7980417235,0.82523662,3502.0,677.0
0.8843362107127597,0.092385254,0.7623265225,0.8674893994999999,3502.0,677.0
0.798606095733772,0.0,0.768975027,0.8931291795,3502.0,677.0
0.6850106543880623,0.0,0.7652192010000001,0.872829502,3502.0,677.0
0.6384389239123691,0.0,0.7052259395,0.8496687172499999,3502.0,677.0
0.6721910642684196,0.0,0.6437409635,0.7541393275,3502.0,677.0
0.7310758976804432,0.0394302755,0.5885341215,0.6998762005,3502.0,677.0
0.7793512732059562,0.35728094499999996,0.590086835,0.6446771179999999,3502.0,677.0
0.7609578935678806,0.6323293566666667,0.5659493583333334,0.577692428,3502.0,677.0
0.7469843722295082,0.6917793715,0.582393374,0.5664562805,3502.0,677.0
0.7643082997199033,0.5684524394999999,0.548442967,0.5746015965,3502.0,677.0
0.7783536807024072,0.32876690249999996,0.42955813649999997,0.47020278550000005,3502.0,677.0
0.7784414528819412,0.013097075,0.279441284,0.31113983199999995,3502.0,677.0
0.7159067794676239,0.0,0.1961331415,0.252854859,3502.0,677.0
0.62958376303457,0.0,0.14684008025,0.25653392175,3966.25,766.25
0.6388760876169541,0.0,0.143842034,0.31226361,4121.0,796.0
0.6649755277459541,0.0,0.1576312505,0.3601395845,4121.0,796.0
0.7152260005360943,0.105233275,0.169688917,0.398587312,4121.0,796.0
0.7536745163467113,0.354893677,0.13653097250000001,0.3908585015,4121.0,796.0
0.7338708892128899,0.6508797500000001,0.1374252195,0.34536966599999996,4121.0,796.0
0.7202780185498389,0.795235664,0.20769540749999998,0.44835741100000004,4121.0,796.0
0.7188440466549373,0.6890290905,0.2583035,0.494150439,4121.0,796.0
0.738722967371772,0.409627648,0.274451452,0.5432684335,4121.0,796.0
0.7473007408944251,0.0887978775,0.291316099,0.5609321285,4121.0,796.0
0.7324406866833637,0.0,0.312239162,0.5305556025,4121.0,796.0
0.6776456779718829,0.0,0.307978981,0.4747446595,4121.0,796.0
0.6457690279121089,0.0,0.2922878015,0.50549822425,4121.0,796.0
0.7612975728580604,0.0,0.28766749099999994,0.45070097066666664,4121.0,796.0
0.855445782646715,0.12585929299999998,0.278997874,0.398336527,4121.0,796.0
0.8431498524910421,0.4349030955,0.30880337999999996,0.37584403850000003,4121.0,796.0
0.8357821836478181,0.648449141,0.418146467,0.3730966875,4121.0,796.0
0.8328845689075232,0.6156604613333334,0.5020137586666666,0.4214145136666667,4121.0,796.0
0.8369241355925655,0.35151550750000005,0.5192890800000001,0.4205551825,4121.0,796.0
0.8334575426573527,0.08719815800000001,0.4793780275,0.44574680050000004,4121.0,796.0
0.7780830360289135,0.0,0.442674152,0.46571268099999996,4121.0,796.0
0.677737149345245,0.0,0.442629256,0.471801741,4121.0,796.0
0.644431888732317,0.0,0.4550882635,0.44358265125,4121.0,796.0
0.7306604020400513,0.0,0.4690331935,0.3914474215,4121.0,796.0
0.8284981431268488,0.0330485345,0.475619793,0.395499293,4121.0,796.0
0.8466007123805742,0.28089912149999996,0.535393579,0.43442290100000003,4121.0,796.0
0.8393259431128655,0.541111873,0.629243709,0.491289268,4121.0,796.0
0.8353609519707319,0.6446936235,0.740310128,0.6196648605,4121.0,796.0
0.8352735776736175,0.628580643,0.7914270125,0.6904885414999999,4121.0,796.0
0.8402015581374429,0.467577397,0.790528221,0.734569381,4121.0,796.0
0.8363686585170633,0.1382238675,0.7384033255,0.7918176075000001,4121.0,796.0
0.7772319803149579,0.0,0.669869509,0.8070765865,4121.0,796.0
0.6589867653814006,0.0,0.61187101275,0.744271461,4121.0,796.0
0.6487834615480396,0.0,0.615974135,0.656036061,4121.0,796.0
0.7321802029149012,0.0,0.601581712,0.641194459,4121.0,796.0
0.8338601382658545,0.050258083,0.579239337,0.6849760375,4121.0,796.0
0.848614814386097,0.3272592495,0.608422637,0.680496038,4121.0,796.0
0.8374052088180419,0.5785034645,0.61130989,0.6155208955,4121.0,796.0
0.8338456227452509,0.6951352390000001,0.6459464425,0.588968282,4121.0,796.0
0.8332372342113966,0.6321658105000001,0.659548459,0.631408326,4121.0,796.0
0.8369240887303168,0.421448364,0.6080023539999999,0.671735379,4121.0,796.0
0.8342469073478296,0.142439215,0.4239751555,0.600002023,4121.0,796.0
0.7763188589231855,0.0,0.2983782995,0.5036959485,4121.0,796.0
0.6677007665133207,0.0,0.2298059213333333,0.373828512,4121.0,796.0
0.644436992615957,0.0,0.1409840175,0.2568071085,4121.0,796.0
0.6877369779447433,0.0,0.1098368755,0.2661760195,4121.0,796.0
0.8054258261510279,0.0,0.10965815549999999,0.3048851265,4121.0,796.0
0.8652148374936525,0.146908387,0.115992397,0.326978807,4121.0,796.0
0.8579377738437529,0.43458063999999996,0.089876153,0.32315817550000003,4121.0,796.0
0.8381782786031569,0.7771164925,0.094997635,0.3369918965,4121.0,796.0
0.8330712419542128,0.909481513,0.132003579,0.4168292245,4121.0,796.0
0.8325181060419332,0.7893203535,0.17127762800000002,0.5287992619999999,4121.0,796.0
0.8358650158803653,0.493925949,0.20849916400000001,0.5633126989999999,4121.0,796.0
0.8325234439525565,0.1316125585,0.2464818955,0.5140819295,4121.0,796.0
0.7769780285104626,0.0,0.2874400915,0.381482021,4121.0,796.0
0.6680686341364033,0.0,0.31365995933333335,0.338816135,4121.0,796.0
0.662169415525767,0.0,0.28203971125,0.38298306425000006,4121.0,796.0
0.7913023889057017,0.0,0.24554349250000002,0.375102056,4121.0,796.0
0.8548335075512552,0.162969925,0.228580259,0.354807447,4121.0,796.0
0.8485501031434844,0.436156674,0.19038073900000002,0.31025946400000004,4121.0,796.0
0.8373955317772337,0.6841925120000001,0.30716944533333335,0.2986625663333333,4121.0,796.0
0.837782987576597,0.6492434499999999,0.494013825,0.525357258,4121.0,796.0
0.8432027171683626,0.513729395,0.556619168,0.543879455,4121.0,796.0
0.8496015904816533,0.3057562835,0.5226253359999999,0.45818093400000004,4121.0,796.0
0.8444408462034327,0.12985075,0.443829504,0.413230293,4121.0,796.0
0.8148678598211003,0.008661129,0.384337877,0.39736745549999997,4121.0,796.0
0.71695501243785,0.0,0.3365009215,0.396533611,4121.0,796.0
0.6308890030735901,0.0,0.2982081185,0.4037203765,4121.0,796.0
0.6167244307230482,0.0,0.22506426224999998,0.39604682724999996,4121.0,796.0
0.6527886046221638,0.0,0.203011795,0.339148267,4121.0,796.0
0.7027614090867089,0.058901811,0.203676377,0.343648256,4121.0,796.0
0.7451669793450717,0.17083055749999998,0.2173427625,0.370593073,4121.0,796.0
0.7434463254106392,0.341680604,0.236559725,0.4122142295,4121.0,796.0
0.7418138730233106,0.3895954566666666,0.30961101966666665,0.5142505439999999,4121.0,796.0
0.7560012175705585,0.3042063055,0.2871084175,0.48344718600000003,4121.0,796.0
0.7642449697359781,0.152274035,0.24671004000000002,0.422576215,4121.0,796.0
0.7534843158802937,0.0146828945,0.2107428615,0.328580702,4121.0,796.0
0.7034591384265619,0.0,0.209520629,0.244223214,4121.0,796.0
0.6334988979826504,0.0,0.21464761,0.208778562,4121.0,796.0
0.6197355750270879,0.0,0.2304445795,0.34399615975,4121.0,796.0
0.6547095729845793,0.0,0.2559001205,0.39743514599999996,4121.0,796.0
0.7233871544553417,0.11764577600000001,0.305126003,0.37071008299999997,4121.0,796.0
0.7442245459010342,0.3341143015,0.338523033,0.298038853,4121.0,796.0
0.7346786089608933,0.5001668285,0.4182815955,0.278519303,4121.0,796.0
0.7330700993924903,0.5609958115,0.5318040655,0.3990385015,4121.0,796.0
0.7547093341251803,0.445921727,0.5694644535,0.44258735800000004,4121.0,796.0
0.774420272604214,0.23121023950000003,0.505594646,0.46985526450000004,4121.0,796.0
0.7599327527219304,0.014601432,0.4014923065,0.4863258145,4121.0,796.0
0.6970743592797227,0.0,0.3645490466666666,0.48329721066666664,4121.0,796.0
0.6465325455141224,0.0,0.3361805496666667,0.4298223353333333,4121.0,796.0
0.6873914611236056,0.0,0.293349175,0.3627951545,4121.0,796.0
0.8073109973594594,0.0005139945,0.2437478965,0.2861978315,4121.0,796.0
0.8752257869027169,0.086946263,0.218927637,0.218560805,4121.0,796.0
0.8729508733366422,0.2738653165,0.2464410045,0.207568854,4121.0,796.0
0.863196521378086,0.4976972085,0.3045700895,0.30207634299999997,4121.0,796.0
0.8562545326332351,0.5814122740000001,0.394913758,0.3997943345,4121.0,796.0
0.8613559971415297,0.5450586150000001,0.4407125815,0.49975984650000005,4121.0,796.0
0.8692860262880452,0.35124011,0.46164024699999995,0.5737022005,4121.0,796.0
0.8548657695698898,0.106848165,0.4207199105,0.5705415659999999,4121.0,796.0
0.7762365651598037,0.0,0.40642811349999997,0.585632383,4121.0,796.0
0.682620974362895,0.0,0.43940727599999996,0.506752732,4121.0,796.0
0.6512490672280572,0.0,0.45735098925,0.478643353,4121.0,796.0
0.7361254575783864,0.0,0.5269964115,0.5809230435,4121.0,796.0
0.8405489946864335,0.0242108175,0.587159286,0.728130433,4121.0,796.0
0.8699200277615535,0.124561169,0.6512741985,0.746354426,4121.0,796.0
0.8636604881231054,0.18941587266666668,0.5975073806666666,0.5619330666666666,4121.0,796.0
0.866766174631411,0.1932601055,0.5969257560000001,0.5410541645,4121.0,796.0
0.8837919246183712,0.1635055195,0.557939208,0.49847243750000003,4121.0,796.0
0.881228854110798,0.11238279000000001,0.5275140810000001,0.48388222,4121.0,796.0
0.8219404416327876,0.021097026,0.502636603,0.4872426105,4121.0,796.0
0.7293883018543528,0.0,0.47189909100000005,0.499769004,4121.0,796.0
0.6527034545356929,0.0,0.50901356925,0.65117260575,4121.0,796.0
0.6846122027180569,0.0,0.587884922,0.7685453124999999,4121.0,796.0
0.7937940991728989,0.0,0.6147143129999999,0.800726736,4121.0,796.0
0.8617462780495553,0.081530552,0.622567707,0.778995035,4121.0,796.0
0.8699824446219753,0.26004037350000003,0.6398283389999999,0.7228685585000001,4121.0,796.0
0.8597906128349302,0.45162995366666675,0.6776797246666666,0.6658844389999999,4121.0,796.0
0.8566943535978739,0.485199014,0.751404654,0.639346474,4121.0,796.0
0.8666095003273024,0.3688747655,0.767326963,0.6794366765,4121.0,796.0
0.8659945095767163,0.19552657299999998,0.7071494970000001,0.6694628220000001,4121.0,796.0
0.8164263141730232,0.029626171,0.60913649,0.6053142810000001,4121.0,796.0
0.7064444395811664,0.0,0.5232575766666666,0.5055958013333334,4121.0,796.0
0.6496715085099317,0.0,0.44590049475,0.44172123724999995,4121.0,796.0
0.7374986514108786,0.0,0.363276221,0.3726909435,4121.0,796.0
0.8450172538109271,0.0418383015,0.3321901,0.3879873825,4121.0,796.0
0.8657932116912483,0.2115491405,0.3620564815,0.41591191549999995,4121.0,796.0
0.850781485660208,0.35185139933333337,0.43758754400000005,0.5051993713333333,4121.0,796.0
0.8461710054587178,0.3467130785,0.460968795,0.6306704670000001,4121.0,796.0
0.8608486554734376,0.292863635,0.416348684,0.722983547,4121.0,796.0
0.8676047515864118,0.184868806,0.352303037,0.693643599,4121.0,796.0
0.8532566044173083,0.0785867335,0.27963221650000003,0.660990833,4121.0,796.0
0.774845577967032,0.0,0.2349632135,0.583149111,4121.0,796.0
0.6684254511485394,0.0,0.2186931,0.46673139,4121.0,796.0
0.6627825099796245,0.0,0.16152703875,0.31752907825,4121.0,796.0
0.7937940991728989,0.000651327,0.118876714,0.24574422499999998,4121.0,796.0
0.8652570730495408,0.115372241,0.11302202,0.1920613935,4121.0,796.0
0.8579106156681497,0.31566350600000004,0.09864953800000001,0.149911912,4121.0,796.0
0.8481445107063645,0.47935965999999997,0.1013305495,0.1957224795,4121.0,796.0
0.8448240097348598,0.5224077155,0.11702929000000001,0.291359306,4121.0,796.0
0.8462126322926762,0.4313432905,0.1375819915,0.3139268865,4121.0,796.0
0.8479004622675756,0.250698924,0.131421819,0.31985151450000004,4121.0,796.0
0.8143818232581213,0.029194433,0.1086977835,0.2292744435,4121.0,796.0
0.7180400728005765,0.0,0.0863678695,0.166807967,4121.0,796.0
0.6234683057382181,0.0,0.0753019275,0.1514903735,4121.0,796.0
0.6300471718318635,0.0,0.0756375305,0.199066725,4121.0,796.0
0.6576734130160817,0.001181788,0.069094002,0.1780027735,4121.0,796.0
0.7066298951839963,0.128016575,0.062463001,0.17650965,4121.0,796.0
0.7457804718031742,0.3502695375,0.0573705875,0.15949681599999999,4121.0,796.0
0.7314809594452362,0.6309378336666667,0.09267725733333333,0.18535700233333333,4121.0,796.0
0.724918989263261,0.508467157,0.161397018,0.31843027150000003,4121.0,796.0
0.7331710058339407,0.411532546,0.20744824350000002,0.39469691100000004,4121.0,796.0
0.7419470569417108,0.299482722,0.229318686,0.440110121,4121.0,796.0
0.7463180853468494,0.1513997,0.22606232599999998,0.4409152115,4121.0,796.0
0.7316855974638716,0.0,0.22326164850000002,0.424984546,4121.0,796.0
0.6591362521373632,0.0,0.187338338,0.410544056,4121.0,796.0
0.6135443676265795,0.0,0.19396317425,0.41112745424999997,4121.0,796.0
0.6448680652028235,0.0012035296666666666,0.192022469,0.27928569000000003,4121.0,796.0
0.7129815227416474,0.1750834155,0.152354972,0.28239604500000004,4121.0,796.0
0.7236358150490281,0.3816833155,0.2117668655,0.28268637399999996,4121.0,796.0
0.7126108378879582,0.4941396025,0.3203610045,0.3233078225,4121.0,796.0
0.7106370516292537,0.4309802965,0.3821741565,0.3992126545,4121.0,796.0
0.7230483803564649,0.281330953,0.38069066549999997,0.3991356565,4121.0,796.0
0.7381130491685736,0.09223631233333333,0.2919645903333334,0.3325833306666666,4121.0,796.0
0.7031582570038672,0.0,0.27399176075000004,0.251992375,4121.0,796.0
0.6455274845731955,0.0,0.285131607,0.24597655824999998,4121.0,796.0
0.7591698282210971,0.0007375083333333333,0.261570614,0.250864215,4121.0,796.0
0.8475453934257711,0.1506694505,0.260297196,0.230718059,4121.0,796.0
0.8405728283225464,0.353788787,0.2413737855,0.240598309,4121.0,796.0
0.8339519139866454,0.5646721086666667,0.232914327,0.2978546906666667,4121.0,796.0
0.8331736935503953,0.6443077859999999,0.24398730349999997,0.4304607635,4121.0,796.0
0.8369227308621452,0.5084640565,0.216887401,0.5112587095,4121.0,796.0
0.8325048078839722,0.205083985,0.179487209,0.517891408,4121.0,796.0
0.7777333752692794,0.0,0.1563671345,0.444182332,4121.0,796.0
0.6672160410104094,0.0,0.11756496500000001,0.31448886700000006,4121.0,796.0
0.6608375323491849,0.0,0.10827307675,0.30230610125,4121.0,796.0
0.790091628642094,0.002768824,0.105776023,0.29075798900000005,4121.0,796.0
0.847229516448988,0.33383005,0.08128816850000001,0.2566157615,4121.0,796.0
0.8363413599171483,0.7194531200000001,0.056365833500000004,0.18176712,4121.0,796.0
0.8307755383616748,0.9531039530000001,0.0577553695,0.17426270249999998,4121.0,796.0
0.8278444285652081,0.9822908564999999,0.062666629,0.24073370449999998,4121.0,796.0
0.8295517374794309,0.809414614,0.062652857,0.3193809385,4121.0,796.0
0.8286739684969744,0.4637311755,0.0512427445,0.2878825485,4121.0,796.0
0.7928734078088763,0.041172067666666666,0.04415335233333333,0.1861985753333333,4121.0,796.0
0.6772920137792814,0.0,0.052641058000000004,0.12986761349999998,4121.0,796.0
0.6441650954128296,0.0,0.068789451,0.14116568949999997,4121.0,796.0
0.7295422602596842,0.0,0.09198733449999999,0.1531139715,4121.0,796.0
0.8065143513963392,0.007439672,0.111144903,0.187587181,4121.0,796.0
0.8346219702888245,0.350853408,0.1020392225,0.215675161,4121.0,796.0
0.8309645681652641,0.7341543875000001,0.08645443650000001,0.1904359555,4121.0,796.0
0.8286244752213927,0.959429459,0.1470721045,0.18666858800000002,4121.0,796.0
0.827639338005066,0.9793987355,0.163207895,0.211598638,4121.0,796.0
0.829655547025002,0.799289043,0.1599791195,0.258010002,4121.0,796.0
0.8298461690080061,0.560687861,0.16251378,0.267537037,4121.0,796.0
0.8241609921478412,0.2425062005,0.1872027265,0.2543278075,4121.0,796.0
0.7767695197675499,0.0,0.212997799,0.2466393615,4121.0,796.0
0.665618363416604,0.0,0.18628525033333332,0.23627435866666668,4121.0,796.0
0.6378116299941308,0.0,0.171644595,0.2402246,4121.0,796.0
0.6773178140054961,0.0,0.1707481225,0.26932632700000003,4121.0,796.0
0.7796614141460451,0.0043734135,0.1752688385,0.28130345700000003,4121.0,796.0
0.8308075661502833,0.242419741,0.181569834,0.297478314,4121.0,796.0
0.8338026848241523,0.5565959775,0.155211516,0.3063115045,4121.0,796.0
0.8293679051621532,0.863303879,0.1926181885,0.338190687,4121.0,796.0
0.8277606598186417,0.9617392395,0.2533633315,0.429139695,4121.0,796.0
0.827657037559631,0.819614277,0.29192995450000003,0.47980087000000005,4121.0,796.0
0.8303424132570479,0.5495021585,0.305372641,0.46101394949999996,4121.0,796.0
0.8246558317476798,0.198944645,0.3026697815,0.4185731305,4121.0,796.0
0.7770923500624527,0.0,0.3314497035,0.376213833,4121.0,796.0
0.6770760130866492,0.0,0.315719464,0.32100636650000003,4121.0,796.0
0.6436656787438674,0.0,0.30837706849999996,0.31059161625,4121.0,796.0
0.727535860880957,0.0,0.338256256,0.343702893,4121.0,796.0
0.8170713194223017,0.109997248,0.355744658,0.361929132,4121.0,796.0
0.8351728117376961,0.39960037,0.340070181,0.363566746,4121.0,796.0
0.8318015531845012,0.631194175,0.396961853,0.34674687950000005,4121.0,796.0
0.8286766375335031,0.80636825,0.47865234,0.3920344495,4121.0,796.0
0.8274512914153103,0.7898526404999999,0.5273281605,0.4613492545,4121.0,796.0
0.8294513461166304,0.6078561275000001,0.4693188305,0.4664872295,4121.0,796.0
0.830987558930638,0.418676148,0.387842669,0.469009131,4121.0,796.0
0.8263475949839995,0.1749561095,0.321308295,0.449625933,4121.0,796.0
0.7777505364358962,0.0,0.289289852,0.4004213755,4121.0,796.0
0.6453090412366137,0.0,0.246041179,0.252437422,4121.0,796.0
0.6151088506809037,0.0,0.23525650025,0.29625131849999997,4121.0,796.0
0.6472755774912462,0.0055593865,0.262253358,0.3405863,4121.0,796.0
0.685658632994226,0.158243975,0.279464733,0.332108187,4121.0,796.0
0.7168246535198226,0.382346886,0.272608799,0.30837906,4121.0,796.0
0.7109985433334302,0.6462492056666667,0.287654306,0.21320425499999998,4121.0,796.0
0.7091138091811175,0.661637348,0.2646784305,0.165761564,4121.0,796.0
0.72053077630099,0.518657507,0.224838656,0.15248640149999998,4121.0,796.0
0.7268815142068706,0.249878739,0.18466803599999998,0.120328931,4121.0,796.0
0.7212644980406603,0.018408478333333336,0.18901654666666667,0.12613089933333335,4121.0,796.0
0.6585914743548408,0.0,0.139484248,0.252111475,4121.0,796.0
0.6122947080418317,0.0,0.1477668335,0.2858564805,4121.0,796.0
0.6409286402193127,0.004104648666666666,0.14408079933333331,0.15702263233333333,4121.0,796.0
0.6973909386217159,0.231699093,0.1148818825,0.0932700585,4121.0,796.0
0.7108745213230436,0.5008709145,0.10268322399999999,0.07469242000000001,4121.0,796.0
0.70740118566557,0.6769351315000001,0.13646941150000003,0.1017974245,4121.0,796.0
0.7058678291746516,0.7158142755000001,0.1612410705,0.192688933,4121.0,796.0
0.7176085163224144,0.5404922495,0.1476316845,0.23219750150000001,4121.0,796.0
0.7238226675854397,0.365482922,0.135909468,0.198382178,4121.0,796.0
0.7243091725272539,0.1533753025,0.149055312,0.178905392,4121.0,796.0
0.7140220765568106,0.0,0.1706127755,0.150083993,4121.0,796.0
0.665551623127964,0.0,0.16046125233333333,0.117016191,4121.0,796.0
0.6377298746999145,0.0,0.14619842049999998,0.11920399400000001,4121.0,796.0
0.6766777487844213,0.0,0.1345366725,0.14181254999999998,4121.0,796.0
0.7775966248115965,0.004128344,0.1406814075,0.1648191885,4121.0,796.0
0.8266563078843693,0.109571242,0.13415105,0.114867542,4121.0,796.0
0.8325095840161314,0.3296523295,0.09553317,0.1133417075,4121.0,796.0
0.8288325468540417,0.650229669,0.10595709733333332,0.14908389266666666,4121.0,796.0
0.8274344347314841,0.717451216,0.1660512765,0.301174624,4121.0,796.0
0.8294393122647779,0.57261831,0.19599989099999998,0.401178488,4121.0,796.0
0.8255004334931263,0.230070047,0.23861231966666666,0.43179916566666665,4121.0,796.0
0.7759500236258017,0.0,0.29567563750000003,0.3956587185,4121.0,796.0
0.6653839919644785,0.0,0.26306527900000004,0.319005981,4121.0,796.0
0.6570016125096715,0.0,0.2331364225,0.34248609750000003,4121.0,796.0
0.7764645059797911,0.0077958335,0.23893933950000001,0.297004125,4121.0,796.0
0.828916612205343,0.38576842100000003,0.19184491433333337,0.309124707,4121.0,796.0
0.8287786443038002,0.846747046,0.18266607349999997,0.29474966725,4121.0,796.0
0.8285754500809952,0.7961728455,0.177840981,0.339100104,4121.0,796.0
0.830508124584391,0.5168463335,0.173363662,0.317822804,4121.0,796.0
0.8238285861981043,0.1734867745,0.177728056,0.2431805255,4121.0,796.0
0.7763346152781647,0.0,0.1742640375,0.24976376,4121.0,796.0
0.6656218596489775,0.0,0.15409727666666664,0.22331375966666667,4121.0,796.0
0.637668043170907,0.0,0.147265994,0.23489695700000002,4121.0,796.0
0.6766777487844213,0.0,0.13518509,0.22714896299999998,4121.0,796.0
0.7780442185745785,0.009734523,0.12873613150000002,0.2682079435,4121.0,796.0
0.8266464747714275,0.180196391,0.119400467,0.297886003,4121.0,796.0
0.8317015364760385,0.4299082625,0.0920629225,0.27686618350000003,4121.0,796.0
0.8295022442038493,0.6945930805,0.10072455,0.28125617199999997,4121.0,796.0
0.8279407930774529,0.764489331,0.19781896333333335,0.39106793700000003,4121.0,796.0
0.8297918058757681,0.5653857314999999,0.28776580900000004,0.4257029205,4121.0,796.0
0.8298208838604414,0.348032599,0.315964754,0.360857798,4121.0,796.0
0.8237837752489674,0.150764567,0.318318083,0.325734279,4121.0,796.0
0.7764391740511947,0.0,0.325215486,0.268228692,4121.0,796.0
0.665522092601784,0.0,0.244941414,0.233939055,4121.0,796.0
0.6571728959776642,0.0,0.24120517775,0.270951917,4121.0,796.0
0.7775966248115965,0.009261775,0.226796858,0.258926019,4121.0,796.0
0.8273558634712292,0.201172331,0.184010702,0.238287611,4121.0,796.0
0.8333188022190524,0.473653447,0.14393822150000002,0.2173455875,4121.0,796.0
0.829360975153332,0.78492755,0.10348658399999999,0.185710233,4121.0,796.0
0.8276616263240126,0.9225865065000001,0.0935661975,0.29047931,4121.0,796.0
0.8279095143809415,0.836440949,0.101908005,0.4521989285,4121.0,796.0
0.8302747052670343,0.549676291,0.1254567615,0.505487661,4121.0,796.0
0.8249932011161363,0.2170950965,0.1658363675,0.426876038,4121.0,796.0
0.7772980728974749,0.0,0.179599189,0.3193540105,4121.0,796.0
0.6769205328358847,0.0,0.1966724765,0.1783373345,4121.0,796.0
0.6435991647665893,0.0,0.20821895825,0.24369175275,4121.0,796.0
0.7272126090694675,0.0,0.187091798,0.3830687345,4121.0,796.0
0.8149515349243865,0.11531365499999999,0.149841028,0.431528454,4121.0,796.0
0.8336340703926886,0.46805676900000004,0.1269597085,0.475588522,4121.0,796.0
0.8302342957957187,0.732507809,0.1448726575,0.4474733435,4121.0,796.0
0.8276518400733195,0.804881745,0.1881325245,0.5076684124999999,4121.0,796.0
0.8297549551468965,0.63406178,0.25004966333333334,0.5673849643333333,4121.0,796.0
0.8310376141471181,0.34851417549999997,0.268491656,0.5199836805,4121.0,796.0
0.7936900398036245,0.040880841,0.26263182166666665,0.374363242,4121.0,796.0
0.6453745172462174,0.0,0.19196856633333334,0.22065445066666664,4121.0,796.0
0.6151063924026683,0.0,0.14695585225,0.17981908649999997,4121.0,796.0
0.6482498748278476,0.009216661,0.128214479,0.15187357099999998,4121.0,796.0
0.6903527258430765,0.181238322,0.102819694,0.126300136,4121.0,796.0
0.7262532720793552,0.39409044000000004,0.146357642,0.115466653,4121.0,796.0
0.7175867430009003,0.6060187960000001,0.194789296,0.09656846,4121.0,796.0
0.7140097617751174,0.7186027875000001,0.343924715,0.218113019,4121.0,796.0
0.7214764172507218,0.664854064,0.43470744299999997,0.355257219,4121.0,796.0
0.7429135815611863,0.47455941300000004,0.4198522735,0.38461655100000003,4121.0,796.0
0.7493266191312584,0.17954419500000002,0.31034865,0.33072365400000003,4121.0,796.0
0.7317670717470302,0.0,0.253421813,0.3192813715,4121.0,796.0
0.6458510953776647,0.0,0.24856684866666665,0.28922396866666666,4121.0,796.0
0.6167037928973714,0.0,0.33617301525,0.31597747275,4121.0,796.0
0.6527334455626523,0.009510712,0.384186589,0.39427944000000004,4121.0,796.0
0.701130985691263,0.126867247,0.435666341,0.43184315,4121.0,796.0
0.7475382105069979,0.3032127125,0.4954292255,0.46165032699999997,4121.0,796.0
0.7399318078263097,0.528020646,0.5385726515,0.4516926945,4121.0,796.0
0.7345638893640494,0.661902285,0.636411057,0.549763564,4121.0,796.0
0.7438888856645713,0.600892996,0.6926319304999999,0.5775570670000001,4121.0,796.0
0.7608590317661348,0.4157399035,0.6798286825,0.5755123504999999,4121.0,796.0
0.7659853600678417,0.1769632065,0.5342561655,0.5195917725,4121.0,796.0
0.7398770233399192,0.0,0.367452877,0.47330353199999997,4121.0,796.0
0.6632843263693157,0.0,0.25969770125,0.50159014575,4121.0,796.0
0.6552549360172989,0.0,0.19381534,0.41486842,4121.0,796.0
0.7390348642248863,0.0,0.15339109750000002,0.372287686,4121.0,796.0
0.8432958039492213,0.1032260195,0.125634749,0.3362884155,4121.0,796.0
0.8561041796160177,0.36807264149999996,0.131846245,0.29108109849999997,4121.0,796.0
0.8430495079363455,0.5704019826666666,0.10105692166666667,0.17962853166666667,4121.0,796.0
0.8403878253424404,0.6544257005,0.1833868395,0.2263950635,4121.0,796.0
0.8464150538975066,0.507954392,0.22363160399999998,0.32376438399999996,4121.0,796.0
0.8545271827575734,0.328976985,0.23966443,0.369524358,4121.0,796.0
0.844607259895986,0.161326208,0.20910490199999998,0.35584396100000004,4121.0,796.0
0.7751033693896672,0.0,0.159196066,0.28470145550000003,4121.0,796.0
0.6659076129713277,0.0,0.11993319366666666,0.2540566713333334,3789.6666666666665,732.0
0.6593684304985187,0.0,0.13760136125,0.29544557175,3127.0,604.0
0.7767693324809894,0.018857312,0.13709566499999998,0.3050721855,3127.0,604.0
0.8462892837709334,0.39732737433333337,0.12578131633333334,0.2497363513333333,3127.0,604.0
0.8371194867101184,0.7303220793333333,0.10178623966666667,0.13679553766666666,3127.0,604.0
0.8325536456565923,0.7756113935,0.1413163535,0.26053978,3127.0,604.0
0.8343415549853869,0.5398284443333333,0.17670398533333334,0.30129306299999997,3127.0,604.0
0.8307045526944196,0.193568644,0.185588509,0.25678899,3127.0,604.0
0.7698448793946591,0.0,0.1868134695,0.23092594449999998,3127.0,604.0
0.6780556016340595,0.0,0.159493524,0.21433746250000002,3127.0,604.0
0.6497432784904195,0.0,0.15966574775,0.26819130525,3127.0,604.0
0.7220325966914339,0.0,0.15769498850000002,0.263940551,3127.0,604.0
0.8105504219302252,0.041888205,0.148046996,0.263709906,3127.0,604.0
0.8464271345303908,0.2587410915,0.123214878,0.26310604299999996,3127.0,604.0
0.8324163567297439,0.5374234505,0.1716377755,0.231330182,3127.0,604.0
0.8285989559250189,0.651530027,0.21600594350000002,0.22905047150000002,3127.0,604.0
0.8269672214424328,0.539469281,0.25258637100000003,0.3612332425,3127.0,604.0
0.8280299778113182,0.29125386466666664,0.2800144296666667,0.46952402299999996,3127.0,604.0
0.8251710399386121,0.08769655900000001,0.265235926,0.503353977,3127.0,604.0
0.7717441915505736,0.0,0.274411611,0.456897381,3127.0,604.0
0.6735280395115582,0.0,0.273326119,0.38560045600000004,3127.0,604.0
0.6403256988736478,0.0,0.29104749474999997,0.36543343224999997,3127.0,604.0
0.7131538128952066,0.0,0.283652151,0.3607961285,3127.0,604.0
0.8050494989039245,0.108257479,0.27998683300000005,0.3565904795,3127.0,604.0
0.8319461467745087,0.338116986,0.295714325,0.360222476,3127.0,604.0
0.8288124748676827,0.547508205,0.3122564055,0.319120866,3127.0,604.0
0.8280103271791116,0.6889567235,0.3272723555,0.3135623045,3127.0,604.0
0.8269532677815103,0.6678962195,0.385723605,0.4420337165,3127.0,604.0
0.8281789416647202,0.47166146566666667,0.44885673299999995,0.538607685,3127.0,604.0
0.8250415238101068,0.191435848,0.459625906,0.5227036814999999,3127.0,604.0
0.7720444291249562,0.0006420425,0.48310453350000004,0.4710819515,3127.0,604.0
0.6620471337399754,0.0,0.4500490693333334,0.45516532233333334,3127.0,604.0
0.6535465266930122,0.0,0.43804045125,0.40438689225,3127.0,604.0
0.7676949634454724,0.017835866,0.42807048000000003,0.3326709485,3127.0,604.0
0.8334568402921425,0.3115598555,0.378005834,0.2961299375,3127.0,604.0
0.8309726687556964,0.6425896875,0.32695909749999996,0.2417255035,3127.0,604.0
0.8279716970925542,0.8325339155,0.28669240900000004,0.23340116349999998,3127.0,604.0
0.8269466187837469,0.828661132,0.275928919,0.344145876,3127.0,604.0
0.827903552073494,0.5471721216666667,0.2689564543333334,0.42181109233333336,3127.0,604.0
0.822644117767628,0.2051028095,0.27299651049999996,0.4213612705,3127.0,604.0
0.7726497976021106,0.0007726315,0.28568017450000005,0.36383182000000003,3127.0,604.0
0.6555186974630032,0.0,0.2358027835,0.247932648,3127.0,604.0
0.6089815233475268,0.0,0.18068358250000002,0.2203103775,3127.0,604.0
0.6328553286511466,0.015015815666666666,0.14340820633333332,0.22724345166666668,3127.0,604.0
0.6919065680401021,0.335518827,0.096107057,0.196199856,3127.0,604.0
0.708449301520783,0.6827116129999999,0.0731238595,0.18570692,3127.0,604.0
0.7077169222180414,0.845485584,0.07682923650000001,0.2465600215,3127.0,604.0
0.7067457853624515,0.7838305919999999,0.08911282400000001,0.306407572,3127.0,604.0
0.7171338111648606,0.5643953435,0.0922556915,0.30697987849999997,3127.0,604.0
0.7226964019053415,0.358137133,0.109205379,0.301387945,3127.0,604.0
0.7223820233022589,0.1811187865,0.137527507,0.285031822,3127.0,604.0
0.6830551062749142,0.00043716925,0.154418744,0.279477086,3127.0,604.0
0.6080295807248258,0.0,0.12357029599999998,0.25622952833333335,3127.0,604.0
0.6170530907385339,0.0,0.11097453900000001,0.200875474,3127.0,604.0
0.6356751994082486,0.028907511,0.108621951,0.193420572,3127.0,604.0
0.672339965611751,0.243714186,0.085355883,0.203235862,3127.0,604.0
0.7050088366850911,0.5187702805000001,0.058233668,0.1992482995,3127.0,604.0
0.7083190128555201,0.7833243635,0.064452833,0.199321952,3127.0,604.0
0.7072981486567566,0.8276752844999999,0.0811833495,0.274864198,3127.0,604.0
0.7107903545316234,0.6961804684999999,0.08424290949999999,0.31342685400000003,3127.0,604.0
0.7217256397040894,0.43703033299999994,0.086636672,0.2877148095,3127.0,604.0
0.7224788325862443,0.16934578849999998,0.0910200175,0.2363647395,3127.0,604.0
0.7102946018894986,0.0008730295,0.09222865,0.1825961965,3127.0,604.0
0.6731894761709746,0.0,0.0578667095,0.1201746605,3127.0,604.0
0.6354010429087041,0.0,0.05860945766666666,0.10660485766666666,3127.0,604.0
0.6666819002273748,0.0,0.054041950500000005,0.0835148685,3127.0,604.0
0.7582266612515673,0.024157322,0.045114117499999995,0.08543824350000001,3127.0,604.0
0.8227595865919307,0.3120524405,0.0288279835,0.07709376800000001,3127.0,604.0
0.828557984594022,0.647221292,0.025435685,0.08122325799999999,3127.0,604.0
0.8288387901725469,0.8237421885,0.03871793,0.099231524,3127.0,604.0
0.8288002537292698,0.7768605035,0.05160123,0.1841445855,3127.0,604.0
0.8294586506985724,0.5645402865,0.0601894795,0.21292400449999999,3127.0,604.0
0.8284346961091276,0.364995672,0.0788869,0.178481822,3127.0,604.0
0.8228253279918427,0.1630905705,0.08899265849999999,0.0928372705,3127.0,604.0
0.7724373088167462,0.0008596165,0.091342797,0.0606340335,3127.0,604.0
0.6615072023423765,0.0,0.08314373566666666,0.09152440299999999,3127.0,604.0
0.6336741848023935,0.0,0.071053587,0.1693177575,3127.0,604.0
0.6676214772671061,0.0,0.058478880999999996,0.159921541,3127.0,604.0
0.7587416820747223,0.0287112945,0.0550154385,0.1801946775,3127.0,604.0
0.8232251610017526,0.2861793185,0.0445393735,0.2195844005,3127.0,604.0
0.8285218830384645,0.6126113040000001,0.056945564000000004,0.23431905349999999,3127.0,604.0
0.8284652724675012,0.793354963,0.0980256535,0.37035192149999996,3127.0,604.0
0.8274843963046838,0.726421901,0.1595411585,0.4273399075,3127.0,604.0
0.8282723561835234,0.532635883,0.212670244,0.3829789135,3127.0,604.0
0.8279836840821581,0.343145441,0.247877896,0.388574892,3127.0,604.0
0.8227633325667905,0.164025546,0.237063861,0.35630280550000004,3127.0,604.0
0.7725988761243758,0.0009679165,0.225135375,0.27814422250000004,3127.0,604.0
0.6615714765559425,0.0,0.14679592266666666,0.2046443,3127.0,604.0
0.6335456754406716,0.0,0.128580629,0.212911157,3127.0,604.0
0.6674019882201563,0.0,0.127944432,0.2122235385,3127.0,604.0
0.758671070980588,0.031223361,0.128581064,0.21414530650000002,3127.0,604.0
0.8230013875107773,0.2815110375,0.0991316615,0.199714658,3127.0,604.0
0.8283098156072526,0.576933369,0.09105128800000001,0.160675884,3127.0,604.0
0.8279153206704001,0.7356213309999999,0.1449099815,0.2260513185,3127.0,604.0
0.8274519469994888,0.7302886005,0.230308265,0.3460964065,3127.0,604.0
0.8283498972864788,0.556764911,0.3122812975,0.384286904,3127.0,604.0
0.8281142304491799,0.351765894,0.351740682,0.386505265,3127.0,604.0
0.8227385624978754,0.1399614495,0.364550973,0.376131448,3127.0,604.0
0.7725905413851344,0.000892488,0.35611967099999997,0.395206613,3127.0,604.0
0.6616477378132569,0.0,0.26943840933333335,0.4830163436666666,3127.0,604.0
0.6335081223736624,0.0,0.27956455199999997,0.5176127255,3127.0,604.0
0.6666516048800588,0.0,0.2658493495,0.4475025125,3127.0,604.0
0.7312823461899741,0.0,0.252665956,0.380902467,3127.0,604.0
0.801227837126907,0.0832003235,0.22710018650000002,0.33515168100000003,3127.0,604.0
0.8285440777953481,0.371048547,0.21348255849999997,0.280012021,3127.0,604.0
0.8280260445228257,0.6718895850000001,0.133102927,0.24383544999999998,3127.0,604.0
0.8272110358136298,0.7316409975,0.127291147,0.3201672975,3127.0,604.0
0.8284020127363405,0.6134022029999999,0.11847743699999999,0.4124347565,3127.0,604.0
0.8284346961091276,0.454012096,0.120248148,0.446551819,3127.0,604.0
0.8229468370919789,0.240041971,0.1272298505,0.4313584235,3127.0,604.0
0.7722540148874169,0.001500466,0.1427226885,0.400693418,3127.0,604.0
0.6727012388690851,0.0,0.087216053,0.282139566,3127.0,604.0
0.6364454363420071,0.0,0.070726913,0.236598855,3127.0,604.0
0.6419337167133082,0.0,0.070980864,0.2256580895,3127.0,604.0
0.7103310311559283,0.0,0.0735728165,0.20099007149999998,3127.0,604.0
0.7868041154449498,0.074239238,0.075345712,0.201477534,3127.0,604.0
0.8242565606786681,0.29629173200000003,0.06526040350000001,0.2540497555,3127.0,604.0
0.8282696871469946,0.5886829229999999,0.094908193,0.2619784395,3127.0,604.0
0.8282335856726541,0.7443720305,0.175964588,0.32162095999999996,3127.0,604.0
0.8276082465680425,0.7382136045000001,0.2005850615,0.3806539635,3127.0,604.0
0.828441626145021,0.5351439123333334,0.208422517,0.36043241800000003,3127.0,604.0
0.8227839353066934,0.2090127015,0.213022656,0.2630644815,3127.0,604.0
0.7724373088167462,0.0011270555,0.21994727050000001,0.2529460925,3127.0,604.0
0.6424604358806049,0.0,0.18092995833333333,0.25124917966666666,3127.0,604.0
0.6105682596756327,0.0,0.19444175425,0.323465922,3127.0,604.0
0.6354474458748216,0.030177301,0.2401362515,0.47464233349999996,3127.0,604.0
0.6727235037975161,0.177612168,0.232911893,0.543680427,3127.0,604.0
0.7076929012141508,0.39427374699999995,0.2971830975,0.5834068325,3127.0,604.0
0.7082899584237968,0.6059163545,0.37330098,0.5951795129999999,3127.0,604.0
0.7071125838981862,0.703985717,0.4762832675,0.7148683650000001,3127.0,604.0
0.7105490921631592,0.6926406025,0.5770772534999999,0.7775612110000001,3127.0,604.0
0.7227492665826619,0.5099698785,0.6249757650000001,0.7779894265,3127.0,604.0
0.7291096033714584,0.231235404,0.612967983,0.7439991165,3127.0,604.0
0.7201838547494321,0.0016922105,0.5612276745,0.777037189,3127.0,604.0
0.642703095209723,0.0,0.43678459966666666,0.7469055583333333,3127.0,604.0
0.6139752802970377,0.0,0.3648283225,0.7204194935000001,3127.0,604.0
0.6436961613777438,0.046901543,0.312901344,0.6571514844999999,3127.0,604.0
0.7084143004565064,0.35547865,0.2967623835,0.622109682,3127.0,604.0
0.7256164610637892,0.670260619,0.32935747400000004,0.544450147,3127.0,604.0
0.7116436109844897,0.8056876833333333,0.34850745366666674,0.513659526,3127.0,604.0
0.7106186028472298,0.7049168215,0.4134576055,0.6065883675,3127.0,604.0
0.7218428409696847,0.4559527515,0.44854099049999996,0.654548275,3127.0,604.0
0.727047553326303,0.188066868,0.390851768,0.6580518639999999,3127.0,604.0
0.7209102875820546,0.001191626,0.32637738149999995,0.634907439,3127.0,604.0
0.6734655758701048,0.0,0.24525069900000002,0.4768165405,3127.0,604.0
0.6372417388110714,0.0,0.23900330666666667,0.426465925,3127.0,604.0
0.6704305862753026,0.0,0.24455758049999998,0.44133149699999996,3127.0,604.0
0.7638138580837015,0.033214055,0.243035169,0.4336548725,3127.0,604.0
0.829200648598861,0.25974606899999997,0.23604016,0.387187141,3127.0,604.0
0.8290272581164551,0.499211286,0.25675614550000003,0.337039068,3127.0,604.0
0.8279019287879419,0.600706501,0.29685767949999997,0.27969962449999997,3127.0,604.0
0.8269619770938726,0.5635538605,0.378279457,0.332428968,3127.0,604.0
0.8279007582875477,0.418722903,0.41343251150000004,0.3989451045,3127.0,604.0
0.8250518875953755,0.23467056133333333,0.3915301496666667,0.37007136599999996,3127.0,604.0
0.7725428741941255,0.0022312825,0.3663721025,0.394999386,3127.0,604.0
0.6621292323928857,0.0,0.316239649,0.36007745366666666,3127.0,604.0
0.6347096113840094,0.0,0.3039399545,0.3418497925,3127.0,604.0
0.6706673535226654,0.0,0.29891038950000004,0.32709106099999996,3127.0,604.0
0.765323755674062,0.0456842105,0.27602979650000004,0.2915624085,3127.0,604.0
0.8283378634346263,0.3643324785,0.2023041835,0.265654276,3127.0,604.0
0.8285485729164496,0.693844515,0.165949099,0.227166428,3127.0,604.0
0.8284399873199364,0.871445553,0.1716507365,0.2049125055,3127.0,604.0
0.8286855809134575,0.8314786869999999,0.20166157099999998,0.31730305400000003,3127.0,604.0
0.8304621899158916,0.637141073,0.23716802450000002,0.3859936745,3127.0,604.0
0.8290559613655732,0.448792845,0.261839861,0.408251561,3127.0,604.0
0.823302702104708,0.24005228150000002,0.27049604000000005,0.40841023249999997,3127.0,604.0
0.7723387904007669,0.0023552575,0.3030103465,0.37122210899999997,3127.0,604.0
0.6616064074757441,0.0,0.27400684766666666,0.27798407,3127.0,604.0
0.63367711129703,0.0,0.26963997500000003,0.237842579,3127.0,604.0
0.6901241138181611,0.0,0.25441457733333334,0.23234573333333333,3127.0,604.0
0.8022837727239287,0.180618388,0.215488878,0.229922342,3127.0,604.0
0.8281703259414934,0.5368403845,0.1593818555,0.204256835,3127.0,604.0
0.8294185691005631,0.8136436444999999,0.1238081905,0.197028116,3127.0,604.0
0.8303702268543955,0.9046831545,0.137692801,0.24313666499999997,3127.0,604.0
0.8302426773972087,0.781253728,0.154295688,0.316667366,3127.0,604.0
0.8315471097730892,0.5373092555000001,0.182749453,0.38721474450000004,3127.0,604.0
0.824546965140109,0.2490389985,0.23496366500000002,0.46680527699999996,3127.0,604.0
0.773756654676867,0.002670838,0.2906003685,0.43283194950000003,3127.0,604.0
0.6733418893403567,0.0,0.26378101499999995,0.3227288205,3127.0,604.0
0.6387889709403818,0.0,0.22724320999999997,0.29880311549999994,3127.0,604.0
0.7088108323174419,0.0,0.169456524,0.24087173350000002,3127.0,604.0
0.800643516215541,0.17563072300000002,0.126291307,0.20580046400000002,3127.0,604.0
0.8282452448701687,0.5221310945000001,0.0960465415,0.1626560615,3127.0,604.0
0.8301739392769681,0.803065577,0.08842911233333332,0.18363649766666668,3127.0,604.0
0.8294192246035246,0.7938298425,0.1081030145,0.2880424365,3127.0,604.0
0.8302313927728151,0.5660969659999999,0.141932062,0.35203487749999995,3127.0,604.0
0.8291664669335904,0.394150684,0.186545882,0.370664675,3127.0,604.0
0.8233473256860674,0.1792299785,0.2074351605,0.3740655785,3127.0,604.0
0.77252568971821,0.002504404,0.2206433655,0.3395518905,3127.0,604.0
0.6616120576389242,0.0,0.16185713733333332,0.229209533,3127.0,604.0
0.6335456754406716,0.0,0.1256515225,0.2172948535,3127.0,604.0
0.6887802553743053,0.0,0.12115874733333333,0.20738660566666667,3127.0,604.0
0.8007410981175009,0.13500956,0.092192141,0.1843587985,3127.0,604.0
0.8282338197402461,0.42922895800000005,0.0836497625,0.161430731,3127.0,604.0
0.8280409034968768,0.690621575,0.09465865724999999,0.21849646125,3127.0,604.0
0.8275055609042681,0.6179941435,0.1082384255,0.356429516,3127.0,604.0
0.8284892464467091,0.4060301685,0.10385776399999999,0.42215740150000003,3127.0,604.0
0.8226797042445357,0.152791351,0.090392689,0.400713877,3127.0,604.0
0.7723509881486641,0.0024420935,0.1042232965,0.35121987450000003,3127.0,604.0
0.642393695591965,0.0,0.08193809933333333,0.27602712933333334,3127.0,604.0
0.6105682596756327,0.0,0.0743631105,0.22512547925,3127.0,604.0
0.634768329050603,0.04584589,0.07552071099999999,0.197360694,3127.0,604.0
0.6846233469181389,0.336179752,0.0469670425,0.17251384749999998,3127.0,604.0
0.7079602448198872,0.670250845,0.0494919485,0.147779102,3127.0,604.0
0.7086497566167291,0.8047743305,0.06700626100000001,0.184176513,3127.0,604.0
0.7072983828055657,0.7377588925,0.082782168,0.2524626045,3127.0,604.0
0.7190332560023931,0.5190577686666666,0.09035119933333334,0.271606385,3127.0,604.0
0.7224386573449548,0.1894931285,0.114031313,0.230281847,3127.0,604.0
0.7103555437667356,0.00306435,0.123295022,0.2118039145,3127.0,604.0
0.6426789650771646,0.0,0.092441353,0.141801221,3127.0,604.0
0.6105237414328115,0.0,0.0626215325,0.12472472975,3127.0,604.0
0.6342558367584481,0.0446874585,0.054088124,0.11755281249999999,3127.0,604.0
0.6846462440402326,0.31248129150000004,0.030058287500000003,0.1241579275,3127.0,604.0
0.7082568536156403,0.5952422934999999,0.030742428000000002,0.1337605795,3127.0,604.0
0.7078950887513895,0.7265423314999999,0.0371878485,0.20245380200000002,3127.0,604.0
0.7068890678653188,0.7049995225000001,0.052589295499999994,0.29880656,3127.0,604.0
0.7172613607032645,0.5542941050000001,0.064473365,0.36570180399999996,3127.0,604.0
0.722611790288036,0.344402414,0.075649837,0.3596705,3127.0,604.0
0.7221973714235408,0.1689802165,0.08437686999999999,0.31658648899999997,3127.0,604.0
0.7111465940362564,0.003242527,0.09538020250000001,0.2811503785,3127.0,604.0
0.6615047518609797,0.0,0.06379610466666667,0.22014537133333334,3127.0,604.0
0.6336095438125453,0.0,0.044403595000000004,0.15011393299999998,3127.0,604.0
0.6676214772671061,0.0,0.035319858999999995,0.1385152855,3127.0,604.0
0.7583982021776678,0.0434621395,0.0278854815,0.120851144,3127.0,604.0
0.8227029760209674,0.302875373,0.0172874785,0.0936300305,3127.0,604.0
0.828197203106039,0.6211948190000001,0.026857580500000002,0.08363585100000001,3127.0,604.0
0.828364834242452,0.7564307685,0.046894274,0.119101812,3127.0,604.0
0.8274654323627932,0.6813893025,0.0682750055,0.1961303255,3127.0,604.0
0.8283180099221821,0.512106124,0.0866927725,0.241818812,3127.0,604.0
0.8279794698908972,0.35498236,0.097796884,0.231496402,3127.0,604.0
0.8226900524361274,0.178865665,0.08224335099999999,0.158742324,3127.0,604.0
0.7723678214419745,0.003561598,0.063308059,0.087704692,3127.0,604.0
0.6615464411237916,0.0,0.05363338733333333,0.043661413333333336,3127.0,604.0
0.6336095438125453,0.0,0.044007385,0.034674635499999995,3127.0,604.0
0.6674167612800849,0.0,0.0341353105,0.031102243,3127.0,604.0
0.7588645257337314,0.046337542,0.026008423,0.026389348,3127.0,604.0
0.817311013245518,0.239898954,0.017356403,0.022956937,3127.0,604.0
0.8282274515911063,0.49251153700000005,0.016751718,0.027172973,3127.0,604.0
0.8282952532244,0.7558447596666666,0.026719448999999996,0.06469402633333333,3127.0,604.0
0.8274232436691535,0.7195435800000001,0.047572232500000006,0.212358016,3127.0,604.0
0.8284057118489516,0.576193374,0.051930181,0.238645099,3127.0,604.0
0.8251301778716451,0.2603438393333333,0.06491350666666666,0.20646756866666668,3127.0,604.0
0.7724495533456749,0.0038975015,0.0807774855,0.1832005025,3127.0,604.0
0.6729550033058027,0.0,0.058265868,0.127257861,3127.0,604.0
0.6387162878363908,0.0,0.0456494135,0.105782198,3127.0,604.0
0.7084976242959704,0.0,0.035884215,0.092318045,3127.0,604.0
0.7840220007163119,0.08330979,0.034115888,0.076274457,3127.0,604.0
0.8225704162828125,0.2711950795,0.0194796695,0.0861281765,3127.0,604.0
0.8292129165995226,0.529883145,0.027267486,0.1129066755,3127.0,604.0
0.8310470258246905,0.6329649900000001,0.0589905525,0.197535381,3127.0,604.0
0.829916592734363,0.556395082,0.07156072299999999,0.30652809999999997,3127.0,604.0
0.830771558319223,0.42032965450000004,0.08146741199999999,0.3247728765,3127.0,604.0
0.8299188402543052,0.254110817,0.090944828,0.371289388,3127.0,604.0
0.8234415362675056,0.1037089225,0.084669838,0.3737404755,3127.0,604.0
0.7732373961907184,0.0030182635,0.07629715749999999,0.273706873,3127.0,604.0
0.6742209928816862,0.0,0.0553582475,0.104375527,3127.0,604.0
0.6389710005636027,0.0,0.07233266825,0.09298812699999999,3127.0,604.0
0.7077401001887588,0.0,0.081969335,0.0995360215,3127.0,604.0
0.8002691791114891,0.11605125,0.08250862,0.10311757199999999,3127.0,604.0
0.8283757599144744,0.43790950433333337,0.093689638,0.10198229566666667,3127.0,604.0
0.8289314086557874,0.6332747295000001,0.1462141545,0.1682286745,3127.0,604.0
0.8295800662366453,0.5756052365,0.21111842549999998,0.28553065899999996,3127.0,604.0
0.8305417912522288,0.43448617749999996,0.2688038265,0.2946609445,3127.0,604.0
0.8250293806671521,0.18744061766666664,0.2612862243333333,0.2908479373333333,3127.0,604.0
0.77252568971821,0.0024522405,0.23036781,0.229744007,3127.0,604.0
0.6618718858232082,0.0,0.170407626,0.210225327,3127.0,604.0
0.6335081223736624,0.0,0.135463892,0.258232412,3127.0,604.0
0.6667578492321325,0.0,0.112372376,0.311098097,3127.0,604.0
0.757621878105827,0.0228544155,0.118654178,0.327629179,3127.0,604.0
0.8230698446470327,0.1848754065,0.128687086,0.3781024585,3127.0,604.0
0.8282967515981006,0.36704661400000005,0.168879186,0.3517317595,3127.0,604.0
0.8278979018832415,0.502002831,0.175710052,0.296409856,3127.0,604.0
0.8273542402127494,0.5008983816666667,0.19018847733333333,0.3249672116666667,3127.0,604.0
0.8285432350058262,0.347974203,0.17453496400000001,0.2568471075,3127.0,604.0
0.8227793465423118,0.1610296695,0.147298278,0.2358733485,3127.0,604.0
0.7725010835453395,0.0027854835,0.1242540775,0.1758769015,3127.0,604.0
0.6425195126349316,0.0,0.08156897133333334,0.15222802266666666,3127.0,604.0
0.6042232928516114,0.0,0.0649304145,0.187439717,3127.0,604.0
0.6166911151972068,0.0,0.059375905,0.137300309,3127.0,604.0
0.6336462073090011,0.0383698505,0.0700195595,0.123206399,3127.0,604.0
0.6846636158839257,0.24401568549999997,0.080897228,0.096881528,3127.0,604.0
0.7082595693519835,0.5121243735,0.089418636,0.102205519,3127.0,604.0
0.7078554285887497,0.632439514,0.1101401415,0.127719597,3127.0,604.0
0.707071776463234,0.5902752339999999,0.133580341,0.19387589249999998,3127.0,604.0
0.7169421124059597,0.4537942395,0.125224722,0.22425260149999998,3127.0,604.0
0.7229704646803886,0.339745753,0.102559111,0.19484722,3127.0,604.0
0.7222634406155422,0.1879383765,0.0942685845,0.1580827605,3127.0,604.0
0.7102868992627028,0.0044424085,0.084316206,0.142695616,3127.0,604.0
0.6426370728799704,0.0,0.061582348,0.16530205433333334,3127.0,604.0
0.6105103262410544,0.0,0.04256004925,0.11667450975,3127.0,604.0
0.6331642443505371,0.037243359,0.033911949999999996,0.1235167835,3127.0,604.0
0.6833228478036786,0.230333466,0.029765174999999998,0.12349364,3127.0,604.0
0.7084194276900535,0.4773819495,0.0424653265,0.1435475955,3127.0,604.0
0.7087596298286494,0.564202716,0.0686254555,0.2330778185,3127.0,604.0
0.7074984163849252,0.5412498215,0.124468234,0.32827998199999997,3127.0,604.0
0.7176768330343579,0.426105339,0.18561048800000002,0.34488399999999997,3127.0,604.0
0.7223696928727438,0.17618321133333334,0.19090927,0.279531948,3127.0,604.0
0.7102868992627028,0.00377275,0.1724525525,0.20398521,3127.0,604.0
0.6616893801867477,0.0,0.15777888299999998,0.16195834433333334,3127.0,604.0
0.6335081223736624,0.0,0.1489123235,0.1922994505,3127.0,604.0
0.6877115835872933,0.0,0.13592913033333334,0.16482876066666666,3127.0,604.0
0.8003636002887865,0.0787248475,0.11993013899999999,0.1421931695,3127.0,604.0
0.8282338197402461,0.2577355155,0.10416431200000001,0.1370455605,3127.0,604.0
0.8280690917891709,0.41600545850000004,0.08471186550000001,0.1595444235,3127.0,604.0
0.8273960854935503,0.48160877550000003,0.12096377750000001,0.277707673,3127.0,604.0
0.8270136711895819,0.454954485,0.155829351,0.397039433,3127.0,604.0
0.828298624626139,0.3167513545,0.177404034,0.3613062665,3127.0,604.0
0.8226982466698399,0.143947142,0.1591590475,0.29976237250000004,3127.0,604.0
0.7724633197200369,0.003995211,0.140547126,0.25132526,3127.0,604.0
0.6616195026993227,0.0,0.10070233666666666,0.18186454666666665,3127.0,604.0
0.633470569225436,0.0,0.075112561,0.1767467185,3127.0,604.0
0.6879216531056876,0.0,0.055630649,0.16358988100000002,3127.0,604.0
0.8002708179095014,0.09929083550000001,0.042080732999999995,0.130690199,3127.0,604.0
0.8281627403755661,0.3552975606666667,0.04891446733333333,0.10556743800000001,3127.0,604.0
0.8275511521328562,0.5337520053333333,0.09929684133333333,0.24186638733333332,3127.0,604.0
0.8270986573800081,0.5098254959999999,0.1695439135,0.34494875,3127.0,604.0
0.8282260468606861,0.35429493850000005,0.2012103405,0.35349141949999996,3127.0,604.0
0.8226492684729081,0.134539387,0.176541368,0.313863067,3127.0,604.0
0.7724108764780859,0.0039237565,0.1503537605,0.2476776665,3127.0,604.0
0.6615845717253763,0.0,0.11787816033333333,0.21891011966666665,3127.0,604.0
0.6335456754406716,0.0,0.1049014895,0.21225658549999998,3127.0,604.0
0.6881749884184867,0.0,0.08645255466666667,0.231229742,3127.0,604.0
0.8005409708948613,0.1000708775,0.07342566950000001,0.205692985,3127.0,604.0
0.8283460576683388,0.295788775,0.06505635100000001,0.18662338299999998,3127.0,604.0
0.828053858174318,0.474025942,0.08772486266666668,0.21057196166666667,3127.0,604.0
0.8268672046527531,0.509691499,0.1756819655,0.34650353850000004,3127.0,604.0
0.827873178676575,0.38629752549999996,0.234912061,0.4040009055,3127.0,604.0
0.8243922575614636,0.1722987606666667,0.2271610083333333,0.39515953733333326,3127.0,604.0
0.7724248300577914,0.0040115125,0.1744330575,0.3407678985,3127.0,604.0
0.6728733651265996,0.0,0.143757423,0.278105727,3127.0,604.0
0.6386443891268492,0.0,0.11938590125000001,0.2935502305,3127.0,604.0
0.7080983063647102,0.0,0.077623823,0.25123600700000004,3127.0,604.0
0.8005007487913232,0.1542699825,0.0530637185,0.1940060295,3127.0,604.0
0.828128465039943,0.4097716895,0.043345168,0.126168866,3127.0,604.0
0.8285303114615946,0.548232138,0.07596902325,0.10595064550000001,3127.0,604.0
0.827975068413076,0.485064289,0.10487398049999999,0.2272766335,3127.0,604.0
0.8290984779325192,0.35377113849999997,0.121097333,0.29154945050000003,3127.0,604.0
0.8234206057355133,0.1769836495,0.129858163,0.270960538,3127.0,604.0
0.7725012005791356,0.0056532615,0.12941964350000001,0.239631626,3127.0,604.0
0.6537938528496512,0.0,0.09128262875000001,0.20566097375,2357.0,455.0
0.6399304311969952,0.0,0.073908141,0.2316543355,1587.0,306.0
0.7030475993568888,0.0,0.0674104555,0.22372657,1587.0,306.0
0.7784016288232568,0.092981154,0.061962787,0.206864604,1587.0,306.0
0.8186809059290356,0.2785157805,0.053382991000000005,0.174389597,1587.0,306.0
0.8284373183646248,0.5499286705,0.081922618,0.15999751299999998,1587.0,306.0
0.8299799928898355,0.6921468664999999,0.131903346,0.220118013,1587.0,306.0
0.8296488980272385,0.681145385,0.17168064100000002,0.33998152849999996,1587.0,306.0
0.8301711298702723,0.521597281,0.21226271349999998,0.400399076,1587.0,306.0
0.8242223164221102,0.23022237466666665,0.23619857033333333,0.387027965,1587.0,306.0
0.7692503742689629,0.006903824,0.22520723199999998,0.30373566100000005,1587.0,306.0
0.6431010084376353,0.0,0.17078315,0.24962348833333334,1587.0,306.0
0.6108828138294092,0.0,0.12284003825,0.249819972,1587.0,306.0
0.6321124996354774,0.030352143,0.107456996,0.22097910399999998,1587.0,306.0
0.6844853555448631,0.2193873,0.09046789699999999,0.1925750635,1587.0,306.0
0.7123503072572468,0.4946264305,0.081384296,0.1748712395,1587.0,306.0
0.7131202749564227,0.62342616825,0.100305013,0.18065343475,1587.0,306.0
0.7234480416734916,0.419802904,0.13125783166666666,0.26423476100000004,1587.0,306.0
0.7250242034580354,0.1520274515,0.1339834865,0.2065896705,1587.0,306.0
0.7129447188208798,0.006636756,0.13925908399999998,0.175802691,1587.0,306.0
0.6431905053699126,0.0,0.13492745166666667,0.16711896466666665,1587.0,306.0
0.6110213553671082,0.0,0.11059318674999999,0.163008185,1587.0,306.0
0.6319444938447265,0.040947273,0.10089659200000001,0.1882681995,1587.0,306.0
0.6843140955486035,0.245762111,0.079825118,0.172049964,1587.0,306.0
0.7116387412902674,0.480795783,0.0963804595,0.1357041255,1587.0,306.0
0.7120898937415486,0.5865091966666666,0.15934333999999997,0.18391232799999999,1587.0,306.0
0.7142947346826546,0.534561547,0.24643324049999998,0.28546130550000004,1587.0,306.0
0.7252360602121711,0.3997181745,0.3026112255,0.30615622,1587.0,306.0
0.7255363446488023,0.1863570415,0.2731021265,0.30972392550000005,1587.0,306.0
0.7132061157128459,0.007275061,0.2367140835,0.29279261599999995,1587.0,306.0
0.6538536826215666,0.0,0.18473582775,0.25858504675,1587.0,306.0
0.6399304311969952,0.0,0.1652913295,0.246249545,1587.0,306.0
0.7026880820937973,0.0,0.143962837,0.2299019935,1587.0,306.0
0.7953413156814597,0.1398616765,0.1313861725,0.2220743815,1587.0,306.0
0.8254992785593369,0.36055096750000004,0.152093994,0.1805938515,1587.0,306.0
0.8270803022412645,0.482890583,0.198698832,0.1547393915,1587.0,306.0
0.8270933193881678,0.5465725079999999,0.272781282,0.24663791899999998,1587.0,306.0
0.8262192495183223,0.5000261305,0.3158249635,0.32479487100000004,1587.0,306.0
0.8264840879023576,0.357831275,0.344018708,0.3559473865,1587.0,306.0
0.819435011934694,0.1455702685,0.3094360745,0.340607907,1587.0,306.0
0.7691099948702163,0.005889461,0.2606111455,0.308019888,1587.0,306.0
0.653856082382904,0.0,0.20977155700000003,0.28252598900000003,1587.0,306.0
0.6398241867637044,0.0,0.1748032,0.30194867000000003,1587.0,306.0
0.702317631388917,0.0,0.145880157,0.309826979,1587.0,306.0
0.795140111520489,0.081253514,0.1197302455,0.2573772535,1587.0,306.0
0.8258377716471561,0.29464829,0.12621488749999998,0.24372499250000002,1587.0,306.0
0.827375763764705,0.44102076300000004,0.1276203875,0.1927484255,1587.0,306.0
0.8270933193881678,0.48460103099999996,0.19885906949999999,0.2425184265,1587.0,306.0
0.8259169984103725,0.425274186,0.2547592305,0.3195807935,1587.0,306.0
0.8260915595556066,0.2968736455,0.273102587,0.3698220625,1587.0,306.0
0.818825265370234,0.12147144300000001,0.23864635750000002,0.38989241100000005,1587.0,306.0
0.7686405340612229,0.005675916,0.19058973,0.343328638,1587.0,306.0
0.6714641632193961,0.0,0.1738153475,0.28816521549999996,1587.0,306.0
0.6378576700011683,0.0,0.16564857475,0.285244407,1587.0,306.0
0.7019425919196551,0.0,0.13464746,0.30945191299999997,1587.0,306.0
0.7952260810059661,0.093791335,0.119357981,0.28454982250000005,1587.0,306.0
0.8258726557588538,0.2724437255,0.1196370765,0.2412875875,1587.0,306.0
0.8262484679273073,0.44503753166666665,0.11575110833333334,0.285226989,1587.0,306.0
0.8258441865773276,0.479259253,0.174458972,0.4223390645,1587.0,306.0
0.8261525716856082,0.3851228365,0.219383474,0.436491194,1587.0,306.0
0.826146109893188,0.249067358,0.225332594,0.41345424,1587.0,306.0
0.8204231458984219,0.153661403,0.19299405349999998,0.338812103,1587.0,306.0
0.7690891814532371,0.0086010575,0.1594145865,0.295978068,1587.0,306.0
0.6719828832363791,0.0,0.12284671350000001,0.20101593950000002,1587.0,306.0
0.635021079031988,0.0,0.10794817733333333,0.16724567833333334,1587.0,306.0
0.6837383981843749,0.0,0.09140048733333332,0.109921351,1587.0,306.0
0.7950200773223204,0.1428383885,0.065126166,0.112134498,1587.0,306.0
0.8261184835011837,0.4086099005,0.0614065015,0.13134089,1587.0,306.0
0.8276012853718671,0.5902727963333333,0.12150453066666667,0.208961898,1587.0,306.0
0.8267020084040596,0.5232589965000001,0.168722624,0.33263605900000004,1587.0,306.0
0.8266145405448821,0.379521734,0.19172606949999998,0.3376119745,1587.0,306.0
0.8263452070397455,0.260880286,0.181785434,0.314116355,1587.0,306.0
0.8205850644698736,0.12244693849999999,0.1457732975,0.25713500850000004,1587.0,306.0
0.7690891814532371,0.002859986,0.10488512450000001,0.2101298345,1587.0,306.0
0.6724096870541147,0.0,0.083329831,0.1727786375,1587.0,306.0
0.6379534609043294,0.0,0.07186605674999999,0.16180118124999998,1587.0,306.0
0.7020238321352217,0.0,0.090147103,0.13864792199999998,1587.0,306.0
0.7951747614833776,0.078960849,0.106727729,0.169061392,1587.0,306.0
0.8262549609070818,0.300242871,0.132575419,0.14837258266666667,1587.0,306.0
0.8274992863984084,0.457440396,0.226917058,0.1149421725,1587.0,306.0
0.8266238585791743,0.4686113165,0.28259285700000003,0.1658186195,1587.0,306.0
0.8266145405448821,0.407749776,0.26495398400000003,0.196845116,1587.0,306.0
0.8217827685211679,0.19919256333333335,0.20373135500000003,0.21600745333333335,1587.0,306.0
0.7691181891039289,0.0080232285,0.135755424,0.171558257,1587.0,306.0
0.6431586023848664,0.0,0.09743559933333334,0.323905589,1587.0,306.0
0.6110007526272053,0.0,0.0649417335,0.2593577275,1587.0,306.0
0.6326748130765205,0.0394311715,0.049901167999999996,0.221834684,1587.0,306.0
0.6935856340706245,0.2832023476666667,0.06881832733333333,0.16270947966666668,1587.0,306.0
0.7127297950665787,0.5292909809999999,0.1377608715,0.17209384249999998,1587.0,306.0
0.712321791213472,0.5665629905,0.2293089385,0.3186837635,1587.0,306.0
0.7178810183490524,0.469934593,0.242707943,0.3063464746666667,1587.0,306.0
0.7261531147841466,0.2368986725,0.192961202,0.2391259455,1587.0,306.0
0.7219368877362953,0.060543367,0.14798403999999998,0.188739535,1587.0,306.0
0.6892163226484629,0.0,0.1344952375,0.1712480605,1587.0,306.0
0.6173481074766977,0.0,0.12206370899999999,0.22805250500000002,1587.0,306.0
0.6164483544550422,0.0,0.1021453085,0.26558975100000004,1587.0,306.0
0.6319444938447265,0.035211159,0.083078922,0.216399024,1587.0,306.0
0.6931783247858894,0.230970157,0.08335255600000001,0.173276118,1587.0,306.0
0.7125999668208783,0.40742745499999994,0.11301505899999999,0.2161572823333333,1587.0,306.0
0.7120493438459212,0.436627369,0.179111851,0.31701800950000003,1587.0,306.0
0.7209505096855927,0.3497726195,0.238009364,0.34180799549999996,1587.0,306.0
0.7261852362972523,0.2225655255,0.249261572,0.314975285,1587.0,306.0
0.7170403654316307,0.03681141633333333,0.200416114,0.25975805500000004,1587.0,306.0
0.672684241517296,0.0,0.1991881035,0.187934848,1587.0,306.0
0.6381681036881813,0.0,0.1664810665,0.20584560325,1587.0,306.0
0.7017035067371515,0.0,0.128857453,0.201214231,1587.0,306.0
0.8051636566410871,0.17321162,0.11257432433333332,0.23769600633333332,1587.0,306.0
0.8283252832355527,0.464409144,0.128144174,0.19955531,1587.0,306.0
0.8315063413494023,0.5060289880000001,0.18869252566666664,0.3523920036666666,1587.0,306.0
0.8326064635528814,0.408691941,0.2578964635,0.5302842855,1587.0,306.0
0.8249773120253944,0.200391998,0.2601357543333333,0.589374143,1587.0,306.0
0.7704512779478959,0.01087339,0.221280947,0.5584031515,1587.0,306.0
0.6615943736509639,0.0,0.16945563133333333,0.576429338,1587.0,306.0
0.6330894425368747,0.0,0.1877887465,0.649651106,1587.0,306.0
0.6831479120311789,0.000359315,0.19612178300000002,0.6419856903333333,1587.0,306.0
0.7952828554729738,0.1498308105,0.192569742,0.5603696380000001,1587.0,306.0
0.8270848442246146,0.3967249145,0.23213163850000001,0.5090093075,1587.0,306.0
0.8304042213143226,0.5600530565,0.212903674,0.4890937035,1587.0,306.0
0.8342395091226074,0.574089691,0.2739428525,0.5759035875,1587.0,306.0
0.8360252020105248,0.5006197965,0.33750811550000004,0.6506421665,1587.0,306.0
0.8355740026969948,0.3596311115,0.3863356475,0.6278884849999999,1587.0,306.0
0.8236282716889041,0.196918589,0.38859472500000003,0.566978014,1587.0,306.0
0.771912478189948,0.014832835,0.380932292,0.5205101335,1587.0,306.0
0.6731973660843307,0.0,0.30834173649999996,0.506346457,1587.0,306.0
0.6380705919983771,0.0,0.28534786025000003,0.48528692625000003,1587.0,306.0
0.7019425919196551,0.0005241365,0.252930941,0.4142398835,1587.0,306.0
0.7953881868639783,0.1748445375,0.21540918450000002,0.35777245950000003,1587.0,306.0
0.8280112636931309,0.47764754500000006,0.213223515,0.28071225450000004,1587.0,306.0
0.8371558223874126,0.7070063925,0.205287059,0.2627245995,1587.0,306.0
0.841153933877235,0.7423326033333333,0.252488412,0.434082789,1587.0,306.0
0.8379619501725801,0.5614148393333334,0.3093007193333333,0.45912283133333337,1587.0,306.0
0.8254626619251297,0.2615046735,0.3153894275,0.4159799745,1587.0,306.0
0.7715984742412034,0.016935223,0.3306111765,0.39558036750000003,1587.0,306.0
0.6619493645243826,0.0,0.27631621133333334,0.3245276636666667,1587.0,306.0
0.6331269956038842,0.0,0.2328547685,0.33652272000000005,1587.0,306.0
0.6632370103609119,0.0,0.19170065149999999,0.312586559,1587.0,306.0
0.7510188507464134,0.0568225655,0.169601142,0.249256674,1587.0,306.0
0.8193308278160021,0.32759494850000004,0.12471377249999999,0.20619727300000001,1587.0,306.0
0.8312822713078369,0.6423039665,0.106940314,0.1408107315,1587.0,306.0
0.8395689145321062,0.846641396,0.1154676235,0.1515199065,1587.0,306.0
0.8408754540036171,0.8879790089999999,0.139311016,0.264550999,1587.0,306.0
0.8411116827818144,0.7477320205,0.1737771465,0.34565208449999996,1587.0,306.0
0.838111694413723,0.465217534,0.20963640249999999,0.3642518215,1587.0,306.0
0.8262892051094951,0.211710753,0.21368069,0.342927941,1587.0,306.0
0.7740855721910691,0.019075136,0.227418187,0.312060722,1587.0,306.0
0.6765283791434717,0.0,0.159889886,0.194743634,1587.0,306.0
0.6385872517007615,0.0,0.1294819985,0.17770096525,1587.0,306.0
0.7017035067371515,0.0005539645,0.1081675725,0.196892716,1587.0,306.0
0.7959415333721171,0.192046335,0.0821799285,0.221057382,1587.0,306.0
0.8335649576993269,0.57935495,0.056431973,0.18484081,1587.0,306.0
0.8448007381208622,0.826054375,0.0702818145,0.2451427045,1587.0,306.0
0.8448651214901686,0.8332830609999999,0.12155266749999999,0.329086852,1587.0,306.0
0.8429145601456471,0.606207758,0.187676818,0.3429809996666667,1587.0,306.0
0.8334625997193525,0.2632513945,0.245033942,0.304204854,1587.0,306.0
0.7763423881577249,0.0188013145,0.27248036649999996,0.2598086315,1587.0,306.0
0.6731449228423797,0.0,0.21857749199999998,0.238764019,1587.0,306.0
0.6170448379067064,0.0,0.17084707,0.2420875485,1587.0,306.0
0.6245621455848541,0.0005467655,0.1405926625,0.2185584535,1587.0,306.0
0.6529076789157974,0.1866296445,0.1006018605,0.1810928525,1587.0,306.0
0.7155040589743429,0.5872042356666666,0.06762730766666668,0.14237294733333333,1587.0,306.0
0.7288575245950015,0.8649742195,0.0809211925,0.1873075315,1587.0,306.0
0.7340639147067528,0.8289072193333334,0.11715698499999999,0.2853546533333333,1587.0,306.0
0.7429398266132861,0.5718847685,0.17290307,0.313097799,1587.0,306.0
0.7326066633739426,0.188444331,0.245930995,0.24125606766666666,1587.0,306.0
0.7075153667932486,0.0,0.26829111250000004,0.200180827,1587.0,306.0
0.6328376329137837,0.0,0.22235117125,0.19662505724999998,1587.0,306.0
0.618634418822035,0.0,0.187576831,0.2123541685,1587.0,306.0
0.6331012188494025,0.06659464200000001,0.1661577435,0.2113231835,1587.0,306.0
0.6884647920360532,0.3581622075,0.1059190475,0.17876119899999998,1587.0,306.0
0.7244034766707552,0.670959632,0.091117133,0.18478339,1587.0,306.0
0.7352368019351727,0.8707769439999999,0.095453344,0.22987598050000002,1587.0,306.0
0.7382352450673151,0.9008472425,0.11992685349999999,0.30360039650000004,1587.0,306.0
0.7458562803836202,0.753132983,0.1453377615,0.33399144849999995,1587.0,306.0
0.7485660047145827,0.4739250785,0.179773258,0.2932020955,1587.0,306.0
0.7338311353257527,0.130263171,0.244333974,0.272295547,1587.0,306.0
0.7225999437227439,0.0,0.2766903315,0.2546508645,1587.0,306.0
0.6613579965433268,0.0,0.26877822325,0.245002683,1587.0,306.0
0.6868910495455518,0.0003982123333333333,0.257612082,0.24315795233333334,1587.0,306.0
0.799375536577823,0.196693147,0.2206527845,0.225831104,1587.0,306.0
0.8442605725744543,0.5292150215,0.1697007285,0.1960414445,1587.0,306.0
0.8836492040564021,0.795330825,0.16295728650000002,0.1734896645,1587.0,306.0
0.907714446694715,0.8951774206666666,0.172797615,0.31452078833333336,1587.0,306.0
0.9061693216339626,0.7280662455,0.2036562315,0.472496534,1587.0,306.0
0.8895036039887437,0.439458274,0.2465848465,0.44297081800000004,1587.0,306.0
0.8172458649738586,0.077719862,0.302053961,0.34117282499999996,1587.0,306.0
0.6878485018123679,0.0,0.25838270275,0.32166035125000003,1587.0,306.0
0.6505225408739801,0.0,0.2426130585,0.3912617855,1587.0,306.0
0.7047075454816762,0.000564019,0.21708948649999998,0.453950473,1587.0,306.0
0.8006620821125778,0.1970867045,0.16341233049999998,0.49945781600000005,1587.0,306.0
0.8424450994178707,0.5240507595,0.1185702445,0.45675018,1587.0,306.0
0.8570023172707852,0.7986466015,0.090344782,0.436406036,1587.0,306.0
0.8796484391508004,0.920145101,0.089398571,0.518870307,1587.0,306.0
0.8866343491118005,0.8457287899999999,0.093152534,0.6015679275000001,1587.0,306.0
0.8807740025469055,0.598631112,0.1044976735,0.6000728295,1587.0,306.0
0.8489011920240545,0.275654636,0.1272568665,0.537835455,1587.0,306.0
0.7938661383879693,0.0212977525,0.16560734900000001,0.4621932385,1587.0,306.0
0.6835027820265269,0.0,0.111583657,0.39167992125,1587.0,306.0
0.654903355529812,0.0,0.093984047,0.362913139,1587.0,306.0
0.7072068412606561,0.000590119,0.092286114,0.3167407835,1587.0,306.0
0.8016213956309575,0.200785308,0.063763022,0.23011034,1587.0,306.0
0.8486186540042369,0.5243449515,0.045315423,0.1730871145,1587.0,306.0
0.8807407103709715,0.7955035745000001,0.053403528,0.175718075,1587.0,306.0
0.9021947315276964,0.883786276,0.062969043,0.240813953,1587.0,306.0
0.8998257011046806,0.7510124730000001,0.0808320705,0.267965739,1587.0,306.0
0.8932906625839041,0.5277772055000001,0.108888375,0.20477516150000002,1587.0,306.0
0.8603298418943913,0.2255376665,0.151792171,0.1545304795,1587.0,306.0
0.7960121211569526,0.015625385,0.166898227,0.1428271525,1587.0,306.0
0.7272028228187744,0.0,0.162794172,0.13852404899999998,1587.0,306.0
0.6663847529624563,0.0,0.1466304425,0.1609058455,1587.0,306.0
0.6588268367905661,0.0,0.1135363615,0.13717523650000002,1587.0,306.0
0.7088206888208994,0.000521111,0.1010379855,0.1814320255,1587.0,306.0
0.8041261698260895,0.172276071,0.07298376200000001,0.191869169,1587.0,306.0
0.8444253473877781,0.477508571,0.052284123,0.184448455,1587.0,306.0
0.8640532194042385,0.7447368525,0.055889581499999993,0.1918700135,1587.0,306.0
0.8864857754793412,0.8354369405,0.0754167855,0.256537759,1587.0,306.0
0.8992043889047693,0.748264104,0.0908896365,0.2918097935,1587.0,306.0
0.8996678094379291,0.517226891,0.119817001,0.38419546400000004,1587.0,306.0
0.873419210426273,0.2317301485,0.19076853900000001,0.361643353,1587.0,306.0
0.8001212375102585,0.0147774925,0.24222737049999998,0.29472647900000004,1587.0,306.0
0.737425558647993,0.0,0.1901632325,0.25414375,1587.0,306.0
0.6658557081443975,0.0,0.1768746575,0.25680151325,1587.0,306.0
0.712344313762445,0.0,0.155361127,0.1994093405,1587.0,306.0
0.8072150307837787,0.174391138,0.108143772,0.2367951795,1587.0,306.0
0.8494812986629428,0.47460456549999996,0.088893533,0.292994225,1587.0,306.0
0.8891492842119637,0.7333133585,0.0969358565,0.331234961,1587.0,306.0
0.9043280951134132,0.82976014,0.117204856,0.4367813145,1587.0,306.0
0.9017087886079975,0.755550924,0.11897719300000001,0.5011441765,1587.0,306.0
0.8976775878495511,0.540005794,0.138363487,0.5307594685,1587.0,306.0
0.8739258028669064,0.23464585999999998,0.177191553,0.505825655,1587.0,306.0
0.797708004941253,0.019186016,0.24615383550000003,0.421022794,1587.0,306.0
0.7041732563962743,0.0,0.19599801833333333,0.30448175566666663,1587.0,306.0
0.6431454720484417,0.0,0.1392002165,0.26658485175,1587.0,306.0
0.6401163940816362,0.06537633649999999,0.096415909,0.29939909899999995,1587.0,306.0
0.6771227907071047,0.273432093,0.057594429,0.319441514,1587.0,306.0
0.7241622376928069,0.5343017765,0.056150252,0.34061439400000004,1587.0,306.0
0.7415748503779499,0.8379665366666668,0.06956833133333333,0.38755360766666663,1587.0,306.0
0.7420031057342098,0.900225779,0.0865875355,0.49575035,1587.0,306.0
0.748291379998637,0.7267229645,0.09470922200000001,0.5309707244999999,1587.0,306.0
0.7482608973106158,0.3513910333333334,0.126580491,0.47539911166666665,1587.0,306.0
0.7294922050432041,0.022360296,0.1763592575,0.424020067,1587.0,306.0
0.6699477806085337,0.0,0.13918658525,0.369971995,1587.0,306.0
0.6254699056754873,0.0,0.10514994650000001,0.32730496649999996,1587.0,306.0
0.6307717550269634,0.0,0.077763977,0.3257540715,1587.0,306.0
0.6567936539717907,0.20122856299999997,0.044630289000000004,0.302691706,1587.0,306.0
0.7178787395605387,0.529573582,0.021973186999999998,0.302279112,1587.0,306.0
0.7361241698817621,0.8025070685,0.0309275625,0.3749298065,1587.0,306.0
0.7415813121162254,0.9162861175,0.047021963,0.47832950750000003,1587.0,306.0
0.745579337894968,0.8431229235,0.066861557,0.5115112669999999,1587.0,306.0
0.7508994017984418,0.6157387215,0.099271442,0.482410426,1587.0,306.0
0.7400034880890086,0.20722772033333337,0.16118640966666667,0.420691808,1587.0,306.0
0.7337631931869302,0.0,0.1783959785,0.338410657,1587.0,306.0
0.6694846176146988,0.0,0.14573091500000002,0.35369693150000003,1587.0,306.0
0.6768544403345846,0.0,0.114533352,0.3265993565,1587.0,306.0
0.7559225761387564,0.06405256299999999,0.0824577495,0.315064762,1587.0,306.0
0.8374344896017356,0.41776966800000004,0.037520129666666666,0.31794495966666664,1587.0,306.0
0.8543662944246382,0.7603239395,0.032716448499999995,0.34945948250000003,1587.0,306.0
0.8708950509350979,0.882777938,0.050535871499999996,0.40872997349999995,1587.0,306.0
0.8893675792867868,0.8169236085,0.079197453,0.4811626035,1587.0,306.0
0.8805462489322615,0.573839708,0.120934395,0.449040087,1587.0,306.0
0.84797430425792,0.256304996,0.18051231550000002,0.39097511399999996,1587.0,306.0
0.7921673982805799,0.019938373,0.198003596,0.273382844,1587.0,306.0
0.7155039029292816,0.0,0.14095930499999998,0.135929508,1587.0,306.0
0.6605320503856336,0.0,0.09802528649999999,0.07862651274999999,1587.0,306.0
0.7086021128162359,0.0,0.067590958,0.083273382,1587.0,306.0
0.7837806680950832,0.122107809,0.046532078,0.084661648,1587.0,306.0
0.8329435987725289,0.33276607,0.03138089,0.09705372500000001,1587.0,306.0
0.8513407398979242,0.6427718904999999,0.0317497345,0.107556722,1587.0,306.0
0.8767050925680989,0.8526681213333333,0.052062780333333336,0.1955566843333333,1587.0,306.0
0.8913090099377211,0.7207468036666667,0.11735320166666667,0.35039298966666665,1587.0,306.0
0.8724115506609732,0.470323491,0.198623994,0.371767515,1587.0,306.0
0.8486116771331672,0.2367647845,0.22794754150000002,0.364100863,1587.0,306.0
0.7936063803752326,0.0185931895,0.229370404,0.3369053275,1587.0,306.0
0.7186747766392949,0.0,0.15904727200000002,0.2259747975,1587.0,306.0
0.658472774634328,0.0,0.1072800055,0.19462912,1587.0,306.0
0.7066080984719663,0.0,0.072734625,0.1806829345,1587.0,306.0
0.783135054123875,0.11205764,0.055092077,0.195832616,1587.0,306.0
0.8316148646253514,0.307738649,0.041556933000000004,0.1996215435,1587.0,306.0
0.8506564021968782,0.5852976055,0.0357791655,0.16937634099999999,1587.0,306.0
0.8746878689574682,0.7728621115000001,0.053336628999999997,0.196550895,1587.0,306.0
0.8806552091018955,0.775783179,0.10026720650000001,0.31311904700000004,1587.0,306.0
0.8721071924573929,0.6231192795,0.1562784775,0.37785077749999996,1587.0,306.0
0.8659758266458835,0.434976246,0.175355852,0.354523927,1587.0,306.0
0.84482471210007,0.23211555949999998,0.1860314755,0.2908196735,1587.0,306.0
0.7693564001200496,0.013141520333333332,0.18375797233333335,0.22223886199999998,1587.0,306.0
0.6664121100386609,0.0,0.1227482555,0.194241248,1587.0,306.0
0.6764134019260859,0.0,0.096607334,0.136615583,1587.0,306.0
0.7549549746621669,0.0364284885,0.0753298865,0.104185886,1587.0,306.0
0.8278405889470681,0.219420228,0.054020277500000005,0.0835716795,1587.0,306.0
0.8476669493069389,0.488932361,0.043062512,0.0646795595,1587.0,306.0
0.8545200967307633,0.6644372716666668,0.06706717799999999,0.18322330666666664,1587.0,306.0
0.8566280035572492,0.629685046,0.103435785,0.317263216,1587.0,306.0
0.8544416815967869,0.4591811456666666,0.14287434133333332,0.35580091566666666,1587.0,306.0
0.8375382835536296,0.177542382,0.18838081,0.284599056,1587.0,306.0
0.7880567133008092,0.0152097645,0.180043664,0.2519428315,1587.0,306.0
0.6916477309206351,0.0,0.12247210800000001,0.17863048333333334,1587.0,306.0
0.6543488148871122,0.0,0.09280516850000001,0.1311079395,1587.0,306.0
0.6896876954155431,0.0,0.07383799466666667,0.06771598766666667,1587.0,306.0
0.7999569777755843,0.15800340200000002,0.044321270499999996,0.06554931550000001,1587.0,306.0
0.8396702891899577,0.44505339749999995,0.046579235,0.0617056645,1587.0,306.0
0.8500292839511594,0.6831657099999999,0.0574788195,0.078317518,1587.0,306.0
0.8548023694956344,0.7873103189999999,0.0938847005,0.1637509165,1587.0,306.0
0.8559973733230457,0.7026356065,0.1214494555,0.224496772,1587.0,306.0
0.8528033917326452,0.49201993299999996,0.15928091300000002,0.217018088,1587.0,306.0
0.836726490038677,0.2197415525,0.1922145115,0.22845933149999997,1587.0,306.0
0.7885119394378224,0.0151470065,0.1920815655,0.1884391185,1587.0,306.0
0.6761978070210013,0.0,0.15812088166666668,0.106241389,1587.0,306.0
0.6291259029874102,0.0,0.128171452,0.118889998,1587.0,306.0
0.6369473932372272,0.0511740355,0.108707092,0.097083211,1587.0,306.0
0.6709769560748059,0.211119934,0.078306721,0.120240472,1587.0,306.0
0.7133703754475201,0.39965951099999997,0.10160754599999999,0.147103624,1587.0,306.0
0.7212876760925947,0.5962383683333333,0.162649568,0.22432450266666662,1587.0,306.0
0.7199568035812154,0.5911686545,0.2486610455,0.26146673200000004,1587.0,306.0
0.7324335225257335,0.4940996595,0.28892970949999996,0.20780789900000002,1587.0,306.0
0.7373137890175184,0.359619842,0.281136001,0.173678518,1587.0,306.0
0.7347237944831511,0.2113854415,0.221029487,0.154698372,1587.0,306.0
0.721964443875535,0.0176932,0.1404636645,0.18078753050000002,1587.0,306.0
0.6857777774594069,0.0,0.106029314,0.155059434,1587.0,306.0
0.625520593004413,0.0,0.07508907249999999,0.131135864,616.0,119.0
0.6259078067498391,0.0,0.0621754165,0.10074343050000001,616.0,119.0
0.6414587540976469,0.103236144,0.054117965,0.09413769,616.0,119.0
0.6948008504440684,0.284489217,0.057897835999999994,0.0949423165,616.0,119.0
0.7335328643414717,0.55364039,0.094690737,0.12171518449999999,616.0,119.0
0.7426349299405404,0.706745336,0.177495915,0.2162135665,616.0,119.0
0.7493675436812237,0.732212651,0.2615298555,0.328589351,616.0,119.0
0.7563780364245787,0.590477785,0.295043218,0.290269648,616.0,119.0
0.7507599589137144,0.420139964,0.29101364,0.275488261,616.0,119.0
0.7472275310977435,0.2251839155,0.26458674849999997,0.219691857,616.0,119.0
0.7286232624069058,0.016325114,0.20936699450000001,0.176621174,616.0,119.0
0.6957300325923934,0.0,0.165169163,0.1853667705,616.0,119.0
0.6511588133391635,0.0,0.1370687975,0.18302807424999998,616.0,119.0
0.7030403416371955,0.0,0.11422837250000001,0.1500822925,616.0,119.0
0.7787539819287181,0.107808527,0.098638739,0.123354725,616.0,119.0
0.8260308752176945,0.281954168,0.0850750355,0.097220472,616.0,119.0
0.8517794371432006,0.5380024965,0.09418765000000001,0.08032634599999999,616.0,119.0
0.8609821048633631,0.654928758,0.1440613425,0.087141278,616.0,119.0
0.8669135776010419,0.680972813,0.19131897850000001,0.2105585755,616.0,119.0
0.8690146323870926,0.577403273,0.2049464555,0.285617681,616.0,119.0
0.8669492109401985,0.421178435,0.194349716,0.284020187,616.0,119.0
0.8500573784783478,0.23508436300000002,0.16810515999999998,0.2401446875,616.0,119.0
0.7873281733725561,0.0171943005,0.1527487525,0.169764634,616.0,119.0
0.6956934159581862,0.0,0.113009933,0.1327355595,616.0,119.0
0.6475948492602841,0.0,0.08290446575,0.160529188,616.0,119.0
0.7018453377285672,0.0,0.04584309,0.172466169,616.0,119.0
0.7970300821703784,0.1750898265,0.0300130855,0.120451381,616.0,119.0
0.8507019155112252,0.485599467,0.0265647885,0.0708165335,616.0,119.0
0.8697159204152449,0.7220106705,0.0642994925,0.0565055035,616.0,119.0
0.8841187584274588,0.8058042445,0.10062579299999999,0.17418265049999998,616.0,119.0
0.9002084432007383,0.7745839165,0.133755065,0.29320898949999996,616.0,119.0
0.895669011041212,0.595832542,0.1670363305,0.2875955865,616.0,119.0
0.8618130494443326,0.28397077800000003,0.18269713850000002,0.2362255335,616.0,119.0
0.7693338620044717,0.014490774,0.18913786533333332,0.20923425066666668,616.0,119.0
0.6600269094564521,0.0,0.146266792,0.18947063625,616.0,119.0
0.6844797991332526,0.0,0.118808229,0.15783758266666667,616.0,119.0
0.7994515090543136,0.170892273,0.0929235055,0.1342340595,616.0,119.0
0.8610717578407016,0.5413353146666666,0.15506271066666666,0.138980881,616.0,119.0
0.8722375983188859,0.7733847979999999,0.3120151685,0.284651696,616.0,119.0
0.8759346137428373,0.7740488335,0.400544994,0.389548931,616.0,119.0
0.8796702124723146,0.6212378384999999,0.4507189165,0.445865114,616.0,119.0
0.8645922611500669,0.384363399,0.4269104625,0.4625162145,616.0,119.0
0.8066515155466977,0.07076508433333334,0.3435739643333333,0.4056986116666667,616.0,119.0
0.6982732027252738,0.0,0.240923693,0.38879365600000004,616.0,119.0
0.6497690319356024,0.0,0.21342143825,0.46424904275,616.0,119.0
0.7018822352926151,0.0,0.15922020999999997,0.478378702,616.0,119.0
0.7985542611325337,0.164241651,0.115880244,0.4197937305,616.0,119.0
0.8526845515878207,0.47180798449999994,0.098270334,0.346239799,616.0,119.0
0.8685002202858676,0.708319017,0.08921615399999999,0.2362044515,616.0,119.0
0.880399345366386,0.7553080653333333,0.129132272,0.3209976863333333,616.0,119.0
0.8783544953637511,0.5633660686666667,0.16708094633333334,0.3898219823333333,616.0,119.0
0.8555120391252768,0.2589239755,0.1890876005,0.292150794,616.0,119.0
0.7898639218896987,0.018616811,0.2185594595,0.22100435899999998,616.0,119.0
0.6896189260538034,0.0,0.1681969466666667,0.17833356866666664,616.0,119.0
0.6540915385431266,0.0,0.1394603335,0.199104707,616.0,119.0
0.6903098971589355,0.0,0.11756803333333332,0.19368274100000002,616.0,119.0
0.7979622376755888,0.163594352,0.083946629,0.1374193085,616.0,119.0
0.8501823995669688,0.48576441150000005,0.05694661,0.1062575715,616.0,119.0
0.8816263615240904,0.7884106986666667,0.052500472,0.116791437,616.0,119.0
0.9033408976637045,0.831873,0.075007775,0.312161016,616.0,119.0
0.9021665745175098,0.5974902293333334,0.1121736,0.42153060166666667,616.0,119.0
0.8727100089318147,0.2389550675,0.16486011,0.3278255395,616.0,119.0
0.8006940865106706,0.016471712,0.2060854575,0.2439511055,616.0,119.0
0.6814449577866734,0.0,0.16919983633333335,0.22497357433333334,616.0,119.0
0.6324571267236274,0.0,0.12500065624999998,0.270494281,616.0,119.0
0.6387004729239049,0.0455178075,0.0950913645,0.2152010405,616.0,119.0
0.6745249295686798,0.220479733,0.053629384,0.198286665,616.0,119.0
0.7346216237355923,0.4746117955,0.043233353,0.21116748400000002,616.0,119.0
0.7641247014702175,0.7656558284999999,0.045239521500000004,0.2289410855,616.0,119.0
0.7706629004720056,0.8744699675000001,0.06853540799999999,0.3510629665,616.0,119.0
0.7724772499092266,0.7739041584999999,0.0936179975,0.4195156765,616.0,119.0
0.7790400552463193,0.5357194585,0.12465102250000001,0.464662048,616.0,119.0
0.776354726329934,0.242034675,0.173451457,0.37677236950000004,616.0,119.0
0.7512902914283974,0.0181822595,0.2285930255,0.302326053,616.0,119.0
0.7058736821639247,0.0,0.19539247599999998,0.2615851255,616.0,119.0
0.6389452237279039,0.0,0.14419806166666668,0.24609629500000005,616.0,119.0
0.6328364272463988,0.0,0.115815893,0.2040924885,616.0,119.0
0.6391807970031396,0.0490479725,0.08638092650000001,0.20368832250000002,616.0,119.0
0.7067548693291517,0.316997183,0.046883665000000005,0.1743461675,616.0,119.0
0.7616175157778816,0.6445216659999999,0.0353420025,0.154294385,616.0,119.0
0.77391782402086,0.8461056335,0.045398991,0.17504017249999998,616.0,119.0
0.7791753541925504,0.8422472910000001,0.072796217,0.266293919,616.0,119.0
0.7833979883195896,0.599716876,0.11675649266666666,0.25072435866666665,616.0,119.0
0.7776338501677337,0.24410132699999998,0.15014219299999998,0.2098263945,616.0,119.0
0.7504359657257494,0.013270958333333333,0.1855450883333333,0.19730062533333334,616.0,119.0
0.6812559981952397,0.0,0.137751722,0.136054121,616.0,119.0
0.6797484184181944,0.0,0.1078530595,0.12256168549999999,616.0,119.0
0.756824389434402,0.051366853,0.0883772345,0.09687443949999999,616.0,119.0
0.8485457953089435,0.33041906099999996,0.050508118500000004,0.0686945195,616.0,119.0
0.8978057928096993,0.6567009699999999,0.05174906,0.065458534,616.0,119.0
0.94212380956711,0.850922449,0.069495474,0.14825456650000002,616.0,119.0
0.9523601712651617,0.852033477,0.10750279800000001,0.280865529,616.0,119.0
0.9361808959704693,0.6253142796666666,0.15939171033333333,0.3663026896666666,616.0,119.0
0.894120624032257,0.2700508665,0.2169744375,0.3161772905,616.0,119.0
0.8137221619827102,0.021016269,0.267141183,0.25698354700000003,616.0,119.0
0.7212209826391308,0.0,0.195507515,0.15712599800000002,616.0,119.0
0.6668399088467052,0.0,0.14018805499999998,0.1147682455,616.0,119.0
0.6971932618804729,0.0,0.10485381833333333,0.09378474466666668,616.0,119.0
0.8071113148814879,0.1794668855,0.0690423485,0.099293256,616.0,119.0
0.8643386137471452,0.5127223665,0.047609219999999994,0.09088109450000001,616.0,119.0
0.9029102074467973,0.7941095705,0.0522548205,0.09751321900000001,616.0,119.0
0.9259811196921981,0.8968308435000001,0.0918174105,0.225391444,616.0,119.0
0.928722403595368,0.8148892695000001,0.1432029095,0.330136212,616.0,119.0
0.9247902363315503,0.5960934115000001,0.201079008,0.3491140265,616.0,119.0
0.8917596941184567,0.2811368045,0.240751294,0.301440698,616.0,119.0
0.8118274152006617,0.0190048095,0.2673623095,0.2302998085,616.0,119.0
0.7380902535136709,0.0,0.1834032,0.1328535855,616.0,119.0
0.6797325215982947,0.0,0.14358300899999998,0.13216773974999999,616.0,119.0
0.7127876934153832,0.0,0.123627627,0.132397463,616.0,119.0
0.8059067588709754,0.1514103955,0.0936917115,0.13535113599999998,616.0,119.0
0.8595387915436534,0.4372615775,0.0668195645,0.127442592,616.0,119.0
0.8864589451228997,0.7157224696666665,0.10600671433333335,0.188414179,616.0,119.0
0.9057618562500214,0.790741194,0.1869592505,0.2844643335,616.0,119.0
0.9059568796025576,0.5487770706666667,0.25391428666666666,0.34718287166666667,616.0,119.0
0.8608467825266162,0.22520812549999997,0.24584785450000002,0.3213048525,616.0,119.0
0.7801756311638711,0.00988401,0.187271755,0.28720635766666663,616.0,119.0
0.6721133710052859,0.0,0.1313351155,0.28205831875,616.0,119.0
0.6767342891026201,0.0,0.0977547515,0.221130206,616.0,119.0
0.7545474624159771,0.0412140645,0.07477518550000001,0.187846117,616.0,119.0
0.8420528987007749,0.27034375,0.044132173,0.1738574235,616.0,119.0
0.8698593434236412,0.571467272,0.0400473845,0.143397879,616.0,119.0
0.8976333232476353,0.7773127863333333,0.05041235166666667,0.20662401266666666,616.0,119.0
0.9029574999834684,0.758512487,0.066758067,0.335644555,616.0,119.0
0.8994858500674727,0.566984091,0.106797161,0.4060037675,616.0,119.0
0.8691274790371153,0.2701269335,0.175424824,0.4229407295,616.0,119.0
0.800708882961115,0.01737136,0.2351945575,0.40434408099999997,616.0,119.0
0.6995787744412665,0.0,0.18255570966666668,0.3590681896666667,616.0,119.0
0.6678032610868686,0.0,0.13229767450000002,0.359454292,616.0,119.0
0.7556908190911448,0.0429748915,0.105450303,0.326000019,616.0,119.0
0.8431243331946683,0.3041603745,0.07138302,0.317722507,616.0,119.0
0.8760064422808316,0.6280523680000001,0.0642966675,0.3441552835,616.0,119.0
0.906934665401766,0.829341434,0.08114393149999999,0.3841289765,616.0,119.0
0.9169738967870134,0.846557835,0.11077727600000001,0.44507967049999997,616.0,119.0
0.9140074189875537,0.6105853376666667,0.16250505533333334,0.46287036066666665,616.0,119.0
0.8834831649369697,0.2543854955,0.1912008315,0.346347821,616.0,119.0
0.806561082154546,0.015754143,0.20151885,0.277612354,616.0,119.0
0.6915876396568308,0.0,0.12081945733333332,0.18889126066666664,616.0,119.0
0.6330671190509373,0.0,0.061516353,0.12678643875,616.0,119.0
0.6389136406839636,0.0455993485,0.0388282835,0.0834223345,616.0,119.0
0.7035054476681822,0.31170272649999997,0.019299764,0.080669874,616.0,119.0
0.7526588496342594,0.6357707100000001,0.0308628235,0.08441599050000001,616.0,119.0
0.7662358936895666,0.8420121995000001,0.083965264,0.169313398,616.0,119.0
0.7687720635608613,0.8672543024999999,0.158487299,0.278499512,616.0,119.0
0.7745429523671785,0.726230747,0.2155639755,0.311074325,616.0,119.0
0.7764962763102918,0.44839819799999997,0.23319517950000002,0.27489399800000003,616.0,119.0
0.755140445858674,0.115433537,0.21873862849999998,0.205658751,616.0,119.0
0.7307352975782109,0.0,0.20161813499999998,0.171062311,616.0,119.0
0.6449886301139276,0.0,0.13764199,0.16914989825,616.0,119.0
0.6277737565582722,0.0,0.100030983,0.1406730175,616.0,119.0
0.6365433694265723,0.044497173,0.076651473,0.15753950700000002,616.0,119.0
0.6998137468455554,0.3055837095,0.046574448000000004,0.1599701685,616.0,119.0
0.7455591331187017,0.6089847285000001,0.053984508,0.1221538195,616.0,119.0
0.7568581497455201,0.7728488215,0.1177080895,0.1615313495,616.0,119.0
0.7594341048266681,0.7652329266666666,0.266384091,0.3709593213333333,616.0,119.0
0.7667247631851188,0.528687401,0.3449306335,0.4831652615,616.0,119.0
0.7559026289830318,0.236136981,0.341288184,0.513136562,616.0,119.0
0.7350188970000756,0.007894182,0.30284523133333335,0.4975734413333333,616.0,119.0
0.6673845812906896,0.0,0.29079025,0.481041583,616.0,119.0
0.6763911136071391,0.0,0.2652603705,0.48005013500000004,616.0,119.0
0.753361800094591,0.0328597455,0.247828544,0.4845908185,616.0,119.0
0.8282617738431226,0.27679956,0.21549358400000002,0.4809352385,616.0,119.0
0.8537941946516848,0.581114054,0.204896597,0.4284842845,616.0,119.0
0.8700420988025881,0.7798412910000001,0.196930561,0.3644593355,616.0,119.0
0.9038109827341604,0.7544542316666667,0.21846690966666668,0.41708121233333334,616.0,119.0
0.9039200678697907,0.5378915635,0.208057371,0.471152218,616.0,119.0
0.8687047489863285,0.2681843145,0.20660191649999998,0.42033413249999996,616.0,119.0
0.7765201645513473,0.009727732000000001,0.21247232833333332,0.2670628083333333,616.0,119.0
0.6664125431692883,0.0,0.161407563,0.22830064500000002,616.0,119.0
0.6737997611233829,0.0,0.1350622945,0.2302739765,616.0,119.0
0.7537039220422568,0.043279346,0.1189257335,0.1864958625,616.0,119.0
0.837009917710265,0.33749292799999997,0.068419539,0.143116935,616.0,119.0
0.8790732957681975,0.670386674,0.053013019999999994,0.11728138299999999,616.0,119.0
0.9188831590084485,0.876088107,0.055387783999999995,0.17630647500000002,616.0,119.0
0.9334913685918622,0.887333882,0.07555655350000001,0.3076803685,616.0,119.0
0.9301579128752353,0.6617663773333333,0.129305259,0.421429894,616.0,119.0
0.8941968539668553,0.284363967,0.2058877655,0.404426599,616.0,119.0
0.8057142640223669,0.0149713925,0.264888058,0.33897202049999997,616.0,119.0
0.7036782138891259,0.0,0.25427048533333335,0.303933535,616.0,119.0
0.6566002928619274,0.0,0.21090828,0.367734864,616.0,119.0
0.6932377916528694,0.0,0.17244996933333334,0.4260245546666666,616.0,119.0
0.8041874161049001,0.15272737349999999,0.1234349115,0.408519918,616.0,119.0
0.8562116414931683,0.396076251,0.101406398,0.361548681,616.0,119.0
0.8736922431252379,0.6464521955,0.1133621135,0.3064352925,616.0,119.0
0.904160838631338,0.8643436019999999,0.1682961275,0.36796322150000005,616.0,119.0
0.9139835541640863,0.871893866,0.200151058,0.47316940650000006,616.0,119.0
0.9140967753872298,0.716366716,0.2210324715,0.5251279179999999,616.0,119.0
0.8924215561327783,0.444394105,0.22341079,0.526506464,616.0,119.0
0.8593876425991628,0.198844896,0.19431698,0.485899808,616.0,119.0
0.7969159712142474,0.013292854,0.18497475200000002,0.3906231405,616.0,119.0
0.7060137571610978,0.0,0.12115021499999999,0.2576556335,616.0,119.0
0.6529487086824752,0.0,0.08777688350000001,0.265075652,616.0,119.0
0.7033822996888166,0.0,0.06399917,0.24433788950000002,616.0,119.0
0.7801987000600651,0.077733152,0.056549854,0.264916066,616.0,119.0
0.8379622779105247,0.3101481205,0.045628374,0.285720529,616.0,119.0
0.8793394921016213,0.630237508,0.0503788685,0.23541245249999998,616.0,119.0
0.9067387523703871,0.8467885845,0.09417469249999999,0.164408028,616.0,119.0
0.9195656236814562,0.8762368485,0.170753244,0.257749842,616.0,119.0
0.9165948069142459,0.6581747446666667,0.25447576433333335,0.3723971873333333,616.0,119.0
0.8773334439867164,0.280821335,0.292361245,0.32988167599999996,616.0,119.0
0.8019246768962067,0.012691418,0.2947460245,0.3050593285,616.0,119.0
0.7141710481529064,0.0,0.20703470899999998,0.2588303125,616.0,119.0
0.6577819869173369,0.0,0.16093529875,0.29113191625,616.0,119.0
0.7039116254367161,0.0,0.12505869749999998,0.29829521800000003,616.0,119.0
0.780199776998396,0.059263317,0.113557284,0.262163218,616.0,119.0
0.8447869248842514,0.2599546035,0.0970839455,0.25956206049999997,616.0,119.0
0.8852389839129405,0.5493941495,0.0971651325,0.2250141775,616.0,119.0
0.9131225014411442,0.7330024209999999,0.158523792,0.24176191200000002,616.0,119.0
0.922615854633805,0.7857684645,0.246178279,0.3975862035,616.0,119.0
0.9009415561914063,0.5797069633333333,0.368100294,0.42590371899999996,616.0,119.0
0.8568821191765719,0.255946678,0.36777964949999997,0.37596683200000003,616.0,119.0
0.7946922133559335,0.011886459,0.344325167,0.366512349,616.0,119.0
0.6744766849513848,0.0,0.23974213666666663,0.36705556733333333,616.0,119.0
0.6290037148313626,0.0,0.1778820215,0.38259013275,616.0,119.0
0.6368044151359333,0.034404689,0.130236989,0.3518314445,616.0,119.0
0.6931300411302566,0.313645274,0.08463309999999999,0.27732808,616.0,119.0
0.7344544374250643,0.6139059055,0.0702240615,0.253590413,616.0,119.0
0.7508885853904492,0.759648893,0.0888943925,0.262135636,616.0,119.0
0.7577416547646707,0.752125785,0.137403854,0.365968927,616.0,119.0
0.7647660075256678,0.5880373645,0.1990666955,0.459482568,616.0,119.0
0.7571047345392198,0.263390582,0.21824906333333335,0.43248570333333336,616.0,119.0
0.7359091759559135,0.0086691585,0.215101504,0.335892696,616.0,119.0
0.6925691558101497,0.0,0.1669249985,0.247898228,616.0,119.0
0.6313336563725997,0.0,0.1325609656,0.2232805844,616.0,119.0
0.6367993346834177,0.020606048,0.10841739,0.22453768400000002,616.0,119.0
0.6703583129926404,0.173984855,0.077117106,0.181241032,616.0,119.0
0.7204425592955708,0.40943878499999997,0.0664670285,0.1359207335,616.0,119.0
0.7401623240395456,0.6889491425000001,0.047279039,0.1089702605,616.0,119.0
0.7538056478827132,0.8160582695,0.0606064855,0.196835829,616.0,119.0
0.7633877800216917,0.7511210975,0.087487503,0.293362192,616.0,119.0
0.7728005485829647,0.5788445769999999,0.12013000850000001,0.3110497285,616.0,119.0
0.7621425570817559,0.2830451425,0.15437958200000002,0.285138061,616.0,119.0
0.7364444795237208,0.008091754,0.20094662566666666,0.21762995599999999,616.0,119.0
0.6671411181833148,0.0,0.1418964955,0.153518061,616.0,119.0
0.6899018230801368,0.0,0.085118035,0.17775485966666668,616.0,119.0
0.799277720608271,0.14517528700000001,0.055764058,0.221207176,616.0,119.0
0.8555965101558363,0.5103798500000001,0.02851272,0.22083676,616.0,119.0
0.9020785759318607,0.8579027749999999,0.04303946733333334,0.297781827,616.0,119.0
0.9335661002339771,0.928810166,0.106300469,0.4257414925,616.0,119.0
0.9289740375459394,0.705157355,0.173557481,0.41075385766666667,616.0,119.0
0.8908632422051671,0.2961979765,0.2191080775,0.269199358,616.0,119.0
0.80567582122237,0.0100482115,0.22951216000000002,0.16728771850000002,616.0,119.0
0.7091290504574473,0.0,0.17800991466666669,0.12562050700000002,616.0,119.0
0.6553052955541353,0.0,0.126244459,0.13357883399999998,616.0,119.0
0.690062695900612,0.0,0.09648851866666668,0.132525562,616.0,119.0
0.8038686360239962,0.1449528735,0.06110718749999999,0.12018230899999999,616.0,119.0
0.8658631672824212,0.4854866775,0.039008496000000004,0.10560125549999999,616.0,119.0
0.9018723927584932,0.763752271,0.048886531999999996,0.08675101299999999,616.0,119.0
0.9140709751610152,0.896865622,0.07517350149999999,0.230661055,616.0,119.0
0.9184333176443074,0.8370652355,0.1222446765,0.3527973375,616.0,119.0
0.9167737694831566,0.612226511,0.1697083915,0.355528865,616.0,119.0
0.8761230816867454,0.28507910049999996,0.19764171,0.2825048075,616.0,119.0
0.8023817759800413,0.0090838425,0.223557587,0.2362772945,616.0,119.0
0.6996469664037924,0.0,0.15046320066666666,0.18215382733333332,616.0,119.0
0.6648484230740441,0.0,0.09115859925,0.17450428825,616.0,119.0
0.7532019886187695,0.0284598395,0.068317775,0.17191424300000002,616.0,119.0
0.8411374829268118,0.30053911899999997,0.0404573985,0.19904415050000002,616.0,119.0
0.8832546153950525,0.6254348285,0.032330161999999996,0.22849609799999998,616.0,119.0
0.9165121619953314,0.8349165190000001,0.0402230735,0.2787581335,616.0,119.0
0.9319070203704445,0.870021189,0.0680190205,0.3826481355,616.0,119.0
0.9300099479917784,0.6669606266666666,0.11906651000000001,0.382875866,616.0,119.0
0.8940445813030021,0.28486145500000004,0.20011297649999998,0.274511183,616.0,119.0
0.8094228918628013,0.0089391295,0.238550336,0.19248951749999998,616.0,119.0
0.7082183484138622,0.0,0.15987544366666664,0.12119339633333333,616.0,119.0
0.6575824332496364,0.0,0.10718454799999999,0.1105176105,616.0,119.0
0.6960294274043265,0.0,0.07171564866666667,0.10337739366666666,616.0,119.0
0.8060686305801785,0.1347621365,0.049504242500000004,0.109564992,616.0,119.0
0.8696139839789294,0.47070624549999995,0.036478580499999996,0.09884740149999999,616.0,119.0
0.9248429605033419,0.761905649,0.0361117995,0.09790141,616.0,119.0
0.9394419924767752,0.8971248945,0.072178902,0.1812256975,616.0,119.0
0.9392079645187057,0.8376534325,0.12197568750000001,0.262200836,616.0,119.0
0.9317711360927993,0.6026077335,0.176061787,0.271056592,616.0,119.0
0.8953985069544641,0.2760633415,0.21323380549999998,0.2235138705,616.0,119.0
0.7853093577449447,0.00553723,0.21885684066666666,0.13283757966666665,616.0,119.0
0.6721630516080365,0.0,0.11410169250000002,0.10819894975,616.0,119.0
0.676951881812233,0.0,0.0686568295,0.1112065535,616.0,119.0
0.7542347226921239,0.0265665695,0.054080013499999996,0.1196491965,616.0,119.0
0.8322417020224465,0.222518305,0.04132692,0.109392129,616.0,119.0
0.8705593672269022,0.47789101,0.0413377615,0.0976060385,616.0,119.0
0.9189331205816484,0.7672452359999999,0.05725353700000001,0.0855446195,616.0,119.0
0.9368065315715266,0.9097293399999999,0.145491127,0.19928416999999998,616.0,119.0
0.9343694185041594,0.8421220444999999,0.228761463,0.371506587,616.0,119.0
0.9241365217699096,0.6183174745,0.288278367,0.40269376199999996,616.0,119.0
0.8844578603184248,0.2852470225,0.312167832,0.3705661485,616.0,119.0
0.8069951905542236,0.006485756,0.31903813599999997,0.341604268,616.0,119.0
0.7097040064722727,0.0,0.237234628,0.328512747,616.0,119.0
0.6327077227471333,0.0,0.17113906666666667,0.3113990786666667,616.0,119.0
0.626055233191203,0.0,0.1173902885,0.27486094400000005,616.0,119.0
0.6353715201793627,0.0201684525,0.08420454150000001,0.22342970099999998,616.0,119.0
0.7002254029490247,0.30336028,0.051494812,0.1414226445,616.0,119.0
0.7556305795791178,0.6343044234999999,0.0545930885,0.103459365,616.0,119.0
0.7721133545588295,0.8427848714999999,0.10822433249999999,0.12776450849999998,616.0,119.0
0.770892035426554,0.8813660305,0.16535681200000002,0.23809903100000002,616.0,119.0
0.7757270929243484,0.7576469895,0.191454972,0.3022364485,616.0,119.0
0.777509531606757,0.566000868,0.205757729,0.285444639,616.0,119.0
0.7709514789300906,0.30059603599999996,0.2259049645,0.251002839,616.0,119.0
0.7450103519032116,0.0072450415,0.2550535645,0.2152172175,616.0,119.0
0.7104407874964868,0.0,0.2124176995,0.212754116,616.0,119.0
0.6380223472998651,0.0,0.155613486,0.22784148833333331,616.0,119.0
0.6300473356466911,0.0,0.13399308799999998,0.2430306465,616.0,119.0
0.6370785482449619,0.0251714375,0.1196579895,0.2539593885,616.0,119.0
0.6723694649505767,0.226124193,0.089532893,0.248931076,616.0,119.0
0.7293847900283021,0.4984505335,0.0923354175,0.2427098905,616.0,119.0
0.7560242785886969,0.792008909,0.1136146205,0.21238903250000002,616.0,119.0
0.765912875945669,0.927785745,0.164877833,0.2976850165,616.0,119.0
0.7706490171450646,0.864814223,0.223445901,0.39403740750000005,616.0,119.0
0.7782310243299586,0.6271773995000001,0.248839694,0.39230160599999997,616.0,119.0
0.77104494028407,0.290689065,0.263310701,0.364030431,616.0,119.0
0.7329558831384297,0.002866433,0.2402139335,0.31854049225000003,616.0,119.0
0.661986496210167,0.0,0.14959409,0.267418711,616.0,119.0
0.6766371286360295,0.0,0.1110915155,0.23932250649999998,616.0,119.0
0.7540525526445913,0.0230766455,0.0887248005,0.22785689050000002,616.0,119.0
0.8306456475788314,0.232076266,0.058258763,0.210703684,616.0,119.0
0.8698052144402123,0.49956524449999995,0.048035324000000004,0.164264212,616.0,119.0
0.9225504410259824,0.7787282355,0.0474006965,0.1042471715,616.0,119.0
0.9393845858973218,0.9025918385,0.08786426750000001,0.1661413955,616.0,119.0
0.9385274195735511,0.835364053,0.1375352075,0.265588672,616.0,119.0
0.9315968559586227,0.6153055110000001,0.202150219,0.26985392649999995,616.0,119.0
0.9041580290892803,0.28005160949999997,0.2440569305,0.2255819805,616.0,119.0
0.8154619670643768,0.004845928,0.251853172,0.200062491,616.0,119.0
0.7185668699633313,0.0,0.15001037066666667,0.24322552433333333,616.0,119.0
0.6716831138783975,0.0,0.08488229025,0.26169243575,616.0,119.0
0.7579100819095742,0.0208801415,0.06667957899999999,0.2225318295,616.0,119.0
0.8570007251725874,0.3014081795,0.0493071415,0.1939696145,616.0,119.0
0.9180480001550011,0.6173030755,0.0395444195,0.122987547,616.0,119.0
0.9485889392777451,0.814763681,0.0441305795,0.1356242675,616.0,119.0
0.9527976042855466,0.8518918355,0.06974364999999999,0.2323412755,616.0,119.0
0.9490768488687624,0.721550039,0.1009528535,0.294049722,616.0,119.0
0.9431973042131678,0.523699531,0.140526511,0.316781705,616.0,119.0
0.917773562725616,0.27812678199999996,0.20151438,0.30072852549999995,616.0,119.0
0.8202654415994479,0.004902851,0.259739359,0.278698228,616.0,119.0
0.7268533103344356,0.0,0.20323151766666667,0.28380911833333333,554.3333333333334,107.0
0.6804289867538649,0.0,0.15876047075,0.30353097575000004,431.0,83.0
0.7590465788286851,0.0189839955,0.1270075195,0.349414884,431.0,83.0
0.8621680716675398,0.308996099,0.0924533045,0.3739502645,431.0,83.0
0.931223712826698,0.6521145265,0.06974443899999999,0.3666555695,431.0,83.0
0.9788024357611822,0.8860308813333333,0.07107542966666668,0.42125952533333333,431.0,83.0
0.9777914983457131,0.8518438804999999,0.0889557745,0.552054952,431.0,83.0
0.9691580740754147,0.625673719,0.114090149,0.5877160425,431.0,83.0
0.9493319010021044,0.283489931,0.16179533200000001,0.544031302,431.0,83.0
0.88797240129327,0.004747953,0.2209906875,0.5264173835,431.0,83.0
0.7714299767623185,0.0,0.192451456,0.517602518,431.0,83.0
0.709334734199987,0.0,0.16790219833333334,0.5140808,431.0,83.0
0.7262712370242284,0.0,0.14214972866666667,0.506610834,431.0,83.0
0.8375505046920425,0.1374592675,0.122299353,0.505590934,431.0,83.0
0.9301923131497825,0.5218317875,0.08434129900000001,0.487652014,431.0,83.0
0.9877100633391289,0.8176970055,0.0739554645,0.467234738,431.0,83.0
0.9899800603487328,0.9460682579999999,0.08268576750000001,0.5123137685000001,431.0,83.0
0.9806799042886734,0.8677319139999999,0.086257569,0.5378621725,431.0,83.0
0.9740153965828572,0.6180750740000001,0.092473869,0.5417786055,431.0,83.0
0.9657709420522274,0.273578363,0.12112706849999999,0.51792033,431.0,83.0
0.9148025117554519,0.004015033,0.1507443145,0.4896784835,431.0,83.0
0.8221210899702486,0.0,0.11566255433333332,0.46097283633333336,431.0,83.0
0.7209783350594153,0.0,0.08140711175000001,0.40546746899999997,431.0,83.0
0.7882688743753012,0.018653601,0.061065254,0.283422576,431.0,83.0
0.8754708655800222,0.239261741,0.049248987,0.254812098,431.0,83.0
0.9499958232498079,0.524232492,0.030513877000000002,0.235940346,431.0,83.0
0.9911535250034388,0.871959235,0.0708103555,0.2226212675,431.0,83.0
0.9782346438227699,0.7559755083333334,0.18911895133333334,0.268295724,431.0,83.0
0.9719068967093357,0.347368766,0.262220409,0.242897128,431.0,83.0
0.9316109656104619,0.04400402,0.238971996,0.19910451433333334,431.0,83.0
0.8345030832817513,0.0,0.2309796495,0.1490986635,431.0,83.0
0.7276043063625629,0.0,0.17813315425,0.13731979075,431.0,83.0
0.6816557843835096,0.0,0.137176722,0.1084007645,431.0,83.0
0.706083665890022,0.1374802615,0.11995499700000001,0.11514512,431.0,83.0
0.7940537400706225,0.523108656,0.066226196,0.100530295,431.0,83.0
0.8220833963435658,0.816433083,0.05299239,0.1070063525,431.0,83.0
0.8200393736450647,0.9347114670000001,0.0914290885,0.1914255125,431.0,83.0
0.8127177331136204,0.842473688,0.1694718705,0.281734241,431.0,83.0
0.8131815750009328,0.5657040945,0.256233476,0.2969684635,431.0,83.0
0.8119900361373236,0.22923955350000003,0.269053292,0.2915618225,431.0,83.0
0.8004129531400563,0.003130091,0.2734084665,0.246199374,431.0,83.0
0.8382548831920931,0.0,0.217361889,0.20493687,431.0,83.0
0.7318594093410384,0.0,0.17314595700000002,0.19484517074999996,431.0,83.0
0.6892524163801094,0.011476948,0.13274787233333332,0.153570663,431.0,83.0
0.7566749027596564,0.3391625305,0.0821684525,0.151602599,431.0,83.0
0.8136457914613661,0.6915190665,0.048401529,0.14234368349999998,431.0,83.0
0.8211380598766245,0.9016379065,0.0467018235,0.1928130225,431.0,83.0
0.8153919178299238,0.9093858530000001,0.0668530655,0.28958052199999995,431.0,83.0
0.811277635123516,0.6529411593333334,0.13085313766666665,0.3360912356666666,431.0,83.0
0.8060040598430949,0.255075789,0.18512677,0.345252374,431.0,83.0
0.782215049504313,0.002942624,0.196623269,0.35272761799999997,431.0,83.0
0.8004004510718028,0.0,0.16358335400000001,0.3013019765,431.0,83.0
0.7115092016900291,0.0,0.10213286,0.25395464,431.0,83.0
0.733313937154203,0.0,0.0615851075,0.2143801125,431.0,83.0
0.8292345962777564,0.1350713235,0.0452366215,0.175431346,431.0,83.0
0.9167992419984989,0.5192672385,0.024412211000000003,0.13585454949999998,431.0,83.0
0.968387251891459,0.8160058315000001,0.0279920425,0.110671208,431.0,83.0
0.9842544741796864,0.9359236565,0.068002171,0.189734445,431.0,83.0
0.977226328581581,0.8218782135,0.150458148,0.290635192,431.0,83.0
0.9559145129893927,0.5336921995,0.233636672,0.3355407575,431.0,83.0
0.9171228917736249,0.219320999,0.2707707585,0.35423961000000004,431.0,83.0
0.833332147076828,0.0023784605,0.255022056,0.3555905165,431.0,83.0
0.7462860653009349,0.0,0.21800921533333337,0.4370181776666667,431.0,83.0
0.7027166332233458,0.0,0.19460130625,0.5098633005,431.0,83.0
0.7728791900147669,0.01353957,0.18308975300000002,0.530627796,431.0,83.0
0.8604816463418434,0.2971832725,0.149856765,0.5271263655,431.0,83.0
0.9073383379485989,0.625401463,0.1287626995,0.519222823,431.0,83.0
0.9394867565636635,0.8461463555,0.14637867,0.5464062110000001,431.0,83.0
0.9478915375675472,0.8433634495,0.23533608299999997,0.583672179,431.0,83.0
0.9432519950562781,0.6399943425,0.331321776,0.6232609825,431.0,83.0
0.9238831552968285,0.3667550335,0.34779373,0.5786538004999999,431.0,83.0
0.8352313421177292,0.052034017999999994,0.3081821616666667,0.4227413283333334,431.0,83.0
0.7161010536468458,0.0,0.18989415133333334,0.27134553733333333,431.0,83.0
0.6643234285918099,0.0,0.135618601,0.252549845,431.0,83.0
0.6791163132820233,0.0,0.1209729455,0.236770689,431.0,83.0
0.7551308235040255,0.009339637,0.096639314,0.17811081699999998,431.0,83.0
0.8407056689905421,0.28536662,0.0717219775,0.12100102600000001,431.0,83.0
0.8866319142240808,0.6266942185,0.07538872199999999,0.1059485055,431.0,83.0
0.922823005508546,0.843274265,0.1463633435,0.22101774000000002,431.0,83.0
0.9340072790667877,0.84749997,0.266042189,0.3735195955,431.0,83.0
0.9332393132059212,0.6568071045,0.382969154,0.425655586,431.0,83.0
0.9082036985872991,0.37515112650000004,0.4380235105,0.367069712,431.0,83.0
0.8317026289809744,0.048662547333333334,0.411311319,0.34794002399999996,431.0,83.0
0.7227558531786441,0.0,0.3439433393333333,0.47369732000000003,431.0,83.0
0.6653220277809253,0.0,0.2982386295,0.5085998975,431.0,83.0
0.6797949852803565,0.0,0.2369716665,0.5214240115,431.0,83.0
0.7545732158611601,0.008926547,0.1993920845,0.529922295,431.0,83.0
0.8345818886908152,0.26322344,0.17135204650000002,0.536817648,431.0,83.0
0.8702077164866509,0.5767969079999999,0.15561028500000001,0.45418343299999997,431.0,83.0
0.8907365823997508,0.7750080965,0.152825288,0.360661272,431.0,83.0
0.8983361253243825,0.812309512,0.1957139625,0.4155498695,431.0,83.0
0.894104329045678,0.7005836715,0.23775785049999998,0.464990774,431.0,83.0
0.8644100208497698,0.4292339545,0.2951105935,0.41491443299999997,431.0,83.0
0.8083655047543279,0.060519394,0.35501394300000005,0.37363590266666663,431.0,83.0
0.6871357222458031,0.0,0.2714178543333334,0.32954769933333333,431.0,83.0
0.6500134432928628,0.0,0.2606073755,0.3625350085,431.0,83.0
0.6695518573883112,0.0,0.2403968645,0.3222856985,431.0,83.0
0.7517787862696119,0.0080077595,0.204708716,0.30490381499999997,431.0,83.0
0.8269493813823388,0.2733221005,0.14698551599999998,0.2737301805,431.0,83.0
0.8611988546210199,0.587737504,0.1083175925,0.217943071,431.0,83.0
0.8928469552200937,0.8041536275000001,0.0819888975,0.2001585985,431.0,83.0
0.9122585924763299,0.8496811989999999,0.081211597,0.301669273,431.0,83.0
0.9199518776847815,0.7022913435,0.092992403,0.3982386465,431.0,83.0
0.9075524656944097,0.50504003,0.124874027,0.428551425,431.0,83.0
0.8749921335177682,0.253229828,0.18814637950000002,0.3916994265,431.0,83.0
0.7989927944005484,0.001579555,0.25590686399999996,0.3494791285,431.0,83.0
0.6998530558255902,0.0,0.18679733850000002,0.28225985649999996,431.0,83.0
0.6403603722676607,0.0,0.14895370475000003,0.274182944,431.0,83.0
0.6354266558483581,0.0,0.1024595935,0.229048166,431.0,83.0
0.6588495934883482,0.102681078,0.075956881,0.23876003350000002,431.0,83.0
0.7331920065374803,0.4645069305,0.049407226,0.245825358,431.0,83.0
0.7675859563323728,0.7454728565,0.035480144000000005,0.226321306,431.0,83.0
0.7751922888415137,0.835395306,0.047699638,0.240288122,431.0,83.0
0.7854032718299375,0.7696526545,0.072180311,0.33741348,431.0,83.0
0.784935028383587,0.5578272074999999,0.112198433,0.300570396,431.0,83.0
0.7769279031224352,0.235159395,0.15817764750000002,0.245948055,431.0,83.0
0.7483684294134587,0.001352939,0.1968885025,0.23026642,431.0,83.0
0.7235549963500482,0.0,0.182071233,0.191369021,431.0,83.0
0.6508050554626732,0.0,0.119910506,0.15758416150000001,431.0,83.0
0.6378110446627168,0.0,0.083260606,0.1518743985,431.0,83.0
0.6610626755254152,0.1049198585,0.066229387,0.1632024755,431.0,83.0
0.7402926127860255,0.467585464,0.0568633735,0.2031227615,431.0,83.0
0.7724778352406406,0.7434603325,0.0780749215,0.233061448,431.0,83.0
0.7777237529146308,0.822083519,0.18310916500000002,0.33699592700000003,431.0,83.0
0.7783105788852642,0.704005231,0.28279833649999997,0.439844574,431.0,83.0
0.7795178273228212,0.4329994985,0.32914506600000004,0.48486932250000003,431.0,83.0
0.7689030781442843,0.17395108050000002,0.303553619,0.45185296249999995,431.0,83.0
0.7479835801405536,0.000986967,0.29164011,0.4042613825,431.0,83.0
0.7324896648802957,0.0,0.1804745525,0.3184708975,431.0,83.0
0.6681199691714519,0.0,0.14553954000000002,0.39991014333333336,431.0,83.0
0.6966931779591466,0.0,0.10477250833333333,0.4278592186666667,431.0,83.0
0.8015903979184313,0.097827773,0.075376319,0.41321326550000004,431.0,83.0
0.8594951043950962,0.44772784050000003,0.061533671,0.389373541,431.0,83.0
0.9016428286529536,0.7742318133333334,0.09683779333333332,0.38295971533333334,431.0,83.0
0.9295947878049524,0.8497790635,0.1703780575,0.5514156965,431.0,83.0
0.9300523084053736,0.7139266934999999,0.2322928995,0.629092282,431.0,83.0
0.9099169074342608,0.42833141,0.283790182,0.6006634795000001,431.0,83.0
0.8258918224997651,0.05610471633333333,0.307657337,0.48600513366666664,431.0,83.0
0.7031358788453063,0.0,0.22546186866666665,0.33875907600000005,431.0,83.0
0.6697173463027116,0.0,0.18124823025000003,0.31067327474999995,431.0,83.0
0.7548569245438058,0.006087688,0.153939963,0.2499632015,431.0,83.0
0.8171472216460277,0.197820739,0.13817368,0.233775143,431.0,83.0
0.8498833324929803,0.469338622,0.1303719345,0.2071805465,431.0,83.0
0.8844541768265634,0.8241800343333333,0.11245088966666666,0.163378243,431.0,83.0
0.9213317128535602,0.8755869233333332,0.14152028266666664,0.30774892400000003,431.0,83.0
0.9160096431592128,0.6268668685000001,0.18852886349999998,0.4296395225,431.0,83.0
0.8770613477205538,0.274504992,0.23992613399999999,0.42013614499999996,431.0,83.0
0.8044406889347009,0.00092203,0.27705513550000005,0.3766904285,431.0,83.0
0.7307358359661592,0.0,0.1979851245,0.260370342,431.0,83.0
0.6679794337547161,0.0,0.18112236666666667,0.28052204566666666,431.0,83.0
0.6951643165622571,0.0,0.15447492399999999,0.28058078,431.0,83.0
0.7986076174979881,0.10554367049999999,0.12275546650000001,0.315688386,431.0,83.0
0.852926633355291,0.4716867665,0.075615219,0.331300704,431.0,83.0
0.8827177743069177,0.780402197,0.0446766675,0.34016230000000003,431.0,83.0
0.9156937505887527,0.8882576916666666,0.05599304066666667,0.4266866403333333,431.0,83.0
0.9239038515987947,0.718934059,0.087245773,0.4713775825,431.0,83.0
0.9093322118685567,0.41170877699999997,0.130700423,0.4523405425,431.0,83.0
0.8293757716579212,0.05110789766666667,0.17711168833333332,0.32779550733333335,431.0,83.0
0.7294923220770002,0.0,0.148726075,0.174517383,431.0,83.0
0.6703817406516993,0.0,0.11517219199999999,0.13239618033333336,431.0,83.0
0.6805161502926859,0.0,0.08501054999999999,0.1042678105,431.0,83.0
0.7553118463604627,0.0042741205,0.07223953,0.109513813,431.0,83.0
0.8217414382919446,0.166396441,0.051828692,0.136206414,431.0,83.0
0.8576262514825425,0.415405111,0.0446421135,0.1896061925,431.0,83.0
0.8949929926210919,0.735552856,0.04563230266666666,0.183772413,431.0,83.0
0.9167995228471225,0.7661520374999999,0.0960935635,0.3569575975,431.0,83.0
0.9043672402786203,0.563038167,0.1587103015,0.3675476055,431.0,83.0
0.8782309727571198,0.365992975,0.22338327,0.344104065,431.0,83.0
0.8571159130670494,0.16735603599999999,0.250721446,0.326884418,431.0,83.0
0.7972101685940134,0.000561892,0.249163201,0.30567714300000004,431.0,83.0
0.7111417945135814,0.0,0.1807108555,0.347503417,431.0,83.0
0.666266849250434,0.0,0.170232089,0.34776246050000004,431.0,83.0
0.7101490250044403,0.0,0.1630324885,0.3636577215,431.0,83.0
0.799075462818268,0.0808861,0.154164309,0.3144508225,431.0,83.0
0.8518232179350379,0.40671729300000004,0.16366011600000002,0.2754829955,431.0,83.0
0.8743049707351321,0.6966291566666666,0.13568991733333333,0.23537432533333336,431.0,83.0
0.8930748492590495,0.7142547525,0.162559189,0.317954635,431.0,83.0
0.8851485192251449,0.558255214,0.20491439900000002,0.390626177,431.0,83.0
0.8594712084113469,0.25871537333333333,0.276285759,0.40372773766666664,431.0,83.0
0.797061267169465,0.000541501,0.3137901815,0.368805327,431.0,83.0
0.6760801219724003,0.0,0.2552815033333333,0.28518475266666665,431.0,83.0
0.6244734603224253,0.0,0.256247802,0.37236811300000006,431.0,83.0
0.6333469061674206,0.003639522,0.244916336,0.432266416,431.0,83.0
0.6710164290321022,0.18557428,0.210663161,0.426803801,431.0,83.0
0.7235527487488889,0.455919025,0.171375567,0.396659231,431.0,83.0
0.7572197039326947,0.745704639,0.109654487,0.3371168845,431.0,83.0
0.7718167224537777,0.8476844640000001,0.09938169499999999,0.3660608365,431.0,83.0
0.7721053242211616,0.7713605425,0.11695554999999999,0.427900326,431.0,83.0
0.7794314130114588,0.5486674415,0.1470473215,0.5072309580000001,431.0,83.0
0.77600899883172,0.2339100495,0.212942423,0.5423904335,431.0,83.0
0.7510382593517553,0.0005048945,0.27917381649999995,0.531832684,431.0,83.0
0.7032320559897737,0.0,0.23265817933333333,0.4038863483333333,431.0,83.0
0.6401673389092783,0.0,0.20975600525,0.38564925675000006,431.0,83.0
0.6398739610503438,0.004222572,0.18994296300000002,0.391194896,431.0,83.0
0.6748881459443825,0.194636811,0.158240381,0.409700393,431.0,83.0
0.7442449144921279,0.48107279049999996,0.125206115,0.4115503915,431.0,83.0
0.7835017940208862,0.83473249575,0.10608838975,0.388776414,431.0,83.0
0.7964587316248839,0.782865038,0.114310781,0.45247093149999995,431.0,83.0
0.7959743338599172,0.5604367795,0.144178159,0.5124785685,431.0,83.0
0.785748554421049,0.2223303585,0.206930674,0.5201926425000001,431.0,83.0
0.7684017923998475,0.0,0.257198299,0.43667834233333336,431.0,83.0
0.7011536017616905,0.0,0.21559467875,0.32900617349999994,431.0,83.0
0.6839809638431404,0.0,0.189908762,0.34189202900000004,431.0,83.0
0.7559416570332259,0.003969946,0.179427976,0.37378691750000004,431.0,83.0
0.8431958808028217,0.303594316,0.1203188335,0.36548777099999996,431.0,83.0
0.9068863894888273,0.6613718515,0.081868913,0.34403058750000004,431.0,83.0
0.9492282787430939,0.8805568770000001,0.081547904,0.327661685,431.0,83.0
0.9604501054495618,0.8982966655,0.085831541,0.36462411250000004,431.0,83.0
0.9519862789869953,0.716237819,0.098714889,0.4552030855,431.0,83.0
0.9338205436453892,0.4014121305,0.1298833925,0.484898757,431.0,83.0
0.8444983153471015,0.04592672366666667,0.184638012,0.4356417846666667,431.0,83.0
0.7372944505025069,0.0,0.174256417,0.3045343365,431.0,83.0
0.6788376850925018,0.0,0.14258916,0.29666992475000004,431.0,83.0
0.711051095839411,0.0,0.10163029700000001,0.2954833,431.0,83.0
0.8007017656657334,0.1010439305,0.0797286615,0.31538528,431.0,83.0
0.8712004860770092,0.483919767,0.043084348499999994,0.330177679,431.0,83.0
0.9328885521174406,0.7995177385000001,0.035532297500000004,0.3008518015,431.0,83.0
0.951546973019789,0.9069515975,0.0405634155,0.372223645,431.0,83.0
0.9527427260746588,0.8079383305000001,0.054563624000000005,0.470708389,431.0,83.0
0.9375778689153491,0.533891421,0.0874296095,0.5160255655,431.0,83.0
0.9014694693579022,0.1941638955,0.114862827,0.390863352,431.0,83.0
0.8133645645286885,0.0,0.126205005,0.3388767155,431.0,83.0
0.7395126597731211,0.0,0.107920795,0.30386300050000004,431.0,83.0
0.6800201400300192,0.0,0.08357838749999999,0.29744821600000004,431.0,83.0
0.6623585389320281,0.0,0.0522846155,0.24290893200000002,431.0,83.0
0.7099954880344785,0.0,0.0332577335,0.187343374,431.0,83.0
0.8004112675610124,0.102786424,0.0246604135,0.16784101299999998,431.0,83.0
0.8668990152181897,0.486351229,0.012090984,0.145533586,431.0,83.0
0.9264863074836281,0.792105126,0.016790485,0.1221240865,431.0,83.0
0.9504108741455317,0.9051410305,0.034006001,0.1824295845,431.0,83.0
0.9466225044090866,0.7019296413333334,0.060149625000000005,0.2466975206666667,431.0,83.0
0.9123594520555316,0.308105774,0.100981134,0.26081571800000003,431.0,83.0
0.8276100571942998,0.031482042333333335,0.08124350166666666,0.19566353733333333,431.0,83.0
0.7126413282916008,0.0,0.059575457,0.126533391,431.0,83.0
0.6684202185087733,0.0,0.04754167225,0.08532099225,431.0,83.0
0.7543829217514623,0.0026292745,0.037878877,0.0845147665,431.0,83.0
0.8199340188635446,0.185029614,0.034385795,0.078989629,431.0,83.0
0.8690343923374737,0.4669822735,0.021155583999999998,0.06578024099999999,431.0,83.0
0.927973026940837,0.7735467954999999,0.029028807,0.06896642850000001,431.0,83.0
0.9553542597817315,0.879705322,0.0610472155,0.14216365549999999,431.0,83.0
0.9519190392133827,0.7359595624999999,0.1122186035,0.258029073,431.0,83.0
0.9402756061754907,0.4889808295,0.1842168245,0.270156733,431.0,83.0
0.8893967508335231,0.1743474875,0.2074214655,0.233565039,431.0,83.0
0.8076482495316857,0.0,0.203227582,0.16707200049999998,431.0,83.0
0.7295104899291833,0.0,0.2040575965,0.1393266395,431.0,83.0
0.666263548142068,0.0,0.158801571,0.23023423775000001,431.0,83.0
0.7099117192879121,0.0,0.1394746395,0.3100124295,431.0,83.0
0.8001804469462032,0.0983449775,0.119817974,0.275895479,431.0,83.0
0.8564639309467013,0.484108892,0.090602927,0.1631427225,431.0,83.0
0.9058894057884253,0.782679634,0.0763931755,0.11900160400000001,431.0,83.0
0.9438794879563347,0.879314582,0.111959138,0.17720844349999998,431.0,83.0
0.9530302742942275,0.8056368494999999,0.18021816000000002,0.2908702665,431.0,83.0
0.9358179293913976,0.5704212835,0.2339509085,0.33869367650000004,431.0,83.0
0.8880227375208078,0.212642299,0.2635084635,0.3204372705,431.0,83.0
0.808969351386049,0.0,0.27729965850000005,0.286287091,431.0,83.0
0.6959122885675848,0.0,0.22572529900000002,0.26120555800000006,431.0,83.0
0.6336030469749601,0.0,0.17254432375,0.24037891775000003,431.0,83.0
0.6358522890844827,0.0019240645,0.1426719165,0.225111765,431.0,83.0
0.6712398747309881,0.19326812,0.113663274,0.221047392,431.0,83.0
0.722285729015706,0.47848963450000004,0.088668619,0.204196019,431.0,83.0
0.7512749329558377,0.7778677785,0.0811743755,0.218525409,431.0,83.0
0.7645320263486299,0.899351198,0.15784592749999998,0.2843009785,431.0,83.0
0.7670935750919868,0.8258665894999999,0.2231275535,0.34800548600000003,431.0,83.0
0.7699715860623239,0.5807286039999999,0.2606918505,0.35075261449999995,431.0,83.0
0.7552120636383749,0.219775652,0.272342867,0.29116060450000003,431.0,83.0
0.7332408677818332,0.0,0.265383976,0.23733055749999998,431.0,83.0
0.6876885616074926,0.0,0.190987362,0.214908555,431.0,83.0
0.625345224114822,0.0,0.1413683985,0.20658636325000002,431.0,83.0
0.6266403267205438,0.0,0.09271076,0.1700821955,431.0,83.0
0.6543586012190225,0.09517655350000001,0.068881501,0.1557797445,431.0,83.0
0.720250087837478,0.488379744,0.034117393,0.1116486655,431.0,83.0
0.7483792224309355,0.8045121895,0.024883039500000002,0.098549377,431.0,83.0
0.7671303321505059,0.9477644144999999,0.050080383,0.1687092875,431.0,83.0
0.7737742605881519,0.877618816,0.0934078925,0.2776215445,431.0,83.0
0.781297339348159,0.6263765565,0.120425442,0.2663552335,431.0,83.0
0.7710927479806079,0.230555706,0.1259171355,0.208142377,431.0,83.0
0.7356306882313123,0.0,0.10664858199999999,0.18103972266666665,431.0,83.0
0.6763979967537115,0.0,0.07751757249999999,0.161665815,431.0,83.0
0.6613553041974993,0.0,0.0769622845,0.15318539274999998,431.0,83.0
0.7730222930549848,0.06493616933333334,0.082625661,0.15335562,431.0,83.0
0.8512324820935002,0.4865301605,0.050258880500000006,0.16871381149999998,431.0,83.0
0.9005740476831291,0.796051026,0.039965841,0.227310911,431.0,83.0
0.9495288597573875,0.894938028,0.08824755699999999,0.3605152216666667,431.0,83.0
0.9393120705607223,0.611840816,0.14758535166666667,0.5222021586666666,431.0,83.0
0.890308607919187,0.1715720105,0.152946607,0.486326104,431.0,83.0
0.8075278173698806,0.0,0.16951425450000002,0.48901045099999996,431.0,83.0
0.7153534094877522,0.0,0.19655383099999998,0.423467636,431.0,83.0
0.673396767510636,0.0,0.1738327745,0.27393005275,431.0,83.0
0.7565618219608248,0.00139127,0.129173389,0.1160467545,431.0,83.0
0.8217174641503027,0.147202382,0.10304867,0.088299832,431.0,83.0
0.8607961653692378,0.41075265250000004,0.0819784745,0.0833968025,431.0,83.0
0.9072771152227382,0.7483381800000001,0.1453855855,0.18317358350000001,431.0,83.0
0.9127205145545723,0.662657771,0.3024941715,0.31458967800000004,431.0,83.0
0.9035630323566675,0.443959696,0.332234174,0.35125900600000004,431.0,83.0
0.861600935232089,0.163253554,0.293050706,0.3374498855,431.0,83.0
0.8023687120521064,0.0,0.2291305905,0.2865686535,431.0,83.0
0.713901457027228,0.0,0.179664274,0.23656925099999998,431.0,83.0
0.6619274624873507,0.0,0.13115998075000002,0.269804741,431.0,83.0
0.7071234236966948,0.0,0.09966358650000001,0.34482021350000003,431.0,83.0
0.7982375882284773,0.0849488425,0.082399992,0.3275896495,431.0,83.0
0.8491526854690971,0.341929169,0.0743823,0.28076896,431.0,83.0
0.8733642386533221,0.601246428,0.0655263575,0.226526328,431.0,83.0
0.9046894384610775,0.821857458,0.0591178105,0.23327736,431.0,83.0
0.9084831930786841,0.816664305,0.08643728349999999,0.30630233949999996,431.0,83.0
0.9039131377797526,0.654866613,0.133620618,0.3345779925,431.0,83.0
0.8924336367656623,0.420334262,0.183723049,0.350537642,431.0,83.0
0.8629464793632781,0.17849753200000001,0.24550152849999998,0.307024852,431.0,83.0
0.7966976294396099,0.0,0.286004931,0.2320558015,431.0,83.0
0.7087295452396267,0.0,0.2017163985,0.19312854000000002,431.0,83.0
0.6614639834372928,0.0,0.18349195399999998,0.18083084466666666,431.0,83.0
0.6765178904463514,0.0,0.15032795,0.1616964685,431.0,83.0
0.7529940885165698,0.0009287045,0.12122594249999999,0.155988028,431.0,83.0
0.8382617195576341,0.349369173,0.07255436966666667,0.13646470766666666,431.0,83.0
0.8929173321654189,0.790834557,0.056777223999999994,0.1325181666666667,431.0,83.0
0.9201623998800443,0.8374036345,0.059455069,0.208987305,431.0,83.0
0.9180614387372739,0.675138384,0.0812210885,0.25697844400000003,431.0,83.0
0.8964197457263485,0.3706212805,0.124230333,0.257347483,431.0,83.0
0.8239055029854526,0.027196451333333333,0.18831705399999998,0.23076291533333335,431.0,83.0
0.7176443057337045,0.0,0.17575347033333333,0.16316776933333332,431.0,83.0
0.669147798451274,0.0,0.12763007325,0.15512673,431.0,83.0
0.753841585542226,0.0007864265,0.10833082150000001,0.1412871715,431.0,83.0
0.8274222603741027,0.258939936,0.07393978749999999,0.144585101,431.0,83.0
0.8583135390687409,0.6336937414999999,0.05513562549999999,0.145223838,431.0,83.0
0.8957391071379137,0.8624902555,0.0627483395,0.173443292,431.0,83.0
0.9286524480041951,0.862565601,0.08098161649999999,0.278437074,431.0,83.0
0.9343350962521431,0.6887404770000001,0.1061758095,0.39764048750000003,431.0,83.0
0.9207912507294898,0.376434331,0.150599936,0.4635894665,431.0,83.0
0.8414134655650737,0.02552038333333333,0.224844943,0.455810978,431.0,83.0
0.7131154715353286,0.0,0.18298907033333334,0.30665700533333334,648.0,125.0
0.6496640985894517,0.0,0.161228029,0.33360807825,1082.0,209.0
0.643568611920557,0.000809256,0.15083223550000002,0.37320608050000004,1082.0,209.0
0.6972093304338645,0.276425254,0.120653725,0.459319719,1082.0,209.0
0.74132796903366,0.6512055480000001,0.086920059,0.456602261,1082.0,209.0
0.7591450619964565,0.8683127382500001,0.08782007925,0.492469056,1082.0,209.0
0.7668776290313696,0.6319663433333333,0.106291539,0.5987251746666667,1082.0,209.0
0.7624426307600939,0.18201825049999998,0.151471263,0.57182588,1082.0,209.0
0.7387658272432674,0.0,0.18164217100000002,0.5036811950000001,1082.0,209.0
0.6837701840273358,0.0,0.15993844750000002,0.433019566,1082.0,209.0
0.6434000559653825,0.0,0.1152754095,0.4376525035,1082.0,209.0
0.6410172240010141,0.0007114355,0.0795610545,0.4331790935,1082.0,209.0
0.6952467586280064,0.269712568,0.0487188075,0.4088927605,1082.0,209.0
0.7384890329757656,0.6385479759999999,0.031429208,0.427760392,1082.0,209.0
0.7562864246269048,0.8446837439999999,0.039178434,0.48963136650000005,1082.0,209.0
0.7575701840913348,0.836202542,0.0767015895,0.5979545705,1082.0,209.0
0.7647130258145514,0.6725287685,0.12475369349999998,0.6454118424999999,1082.0,209.0
0.7675597815330374,0.413156886,0.151242353,0.601948977,1082.0,209.0
0.7578836027086653,0.131570982,0.14767819999999998,0.47806114850000003,1082.0,209.0
0.7372009891485274,0.0,0.12373327349999999,0.391520663,1082.0,209.0
0.7149570883309654,0.0,0.10628582966666666,0.3376288463333334,1082.0,209.0
0.6785063443858377,0.0,0.11295406499999999,0.32373162224999996,1082.0,209.0
0.7580071955951331,0.000557187,0.091714195,0.2756970205,1082.0,209.0
0.8333592115279339,0.171795647,0.0682836615,0.230693279,1082.0,209.0
0.85640886553047,0.4373579875,0.0614191035,0.2898975125,1082.0,209.0
0.867042297721057,0.6763776415,0.1047650265,0.372851701,1082.0,209.0
0.8786353790189514,0.6943883543333333,0.15184916966666664,0.46422229066666665,1082.0,209.0
0.8732805634688188,0.3903667575,0.2184451375,0.4577528295,1082.0,209.0
0.8494861216573505,0.119026729,0.2353483455,0.3929169615,1082.0,209.0
0.7967600463000316,0.0,0.20979849550000002,0.2883465595,1082.0,209.0
0.6915704395601657,0.0,0.19714815933333332,0.24926795633333335,1082.0,209.0
0.6668156070347996,0.0,0.12490483749999999,0.17500137124999998,1082.0,209.0
0.7546523723716121,0.0,0.08320865150000001,0.1217810255,1082.0,209.0
0.8156859277606953,0.140725783,0.07182308,0.094808447,1082.0,209.0
0.8460909826057941,0.414448738,0.055495422,0.0821142825,1082.0,209.0
0.8672896863200857,0.7280921343333334,0.06051354866666667,0.11911135899999999,1082.0,209.0
0.8718441333768988,0.761705962,0.10731205899999999,0.2269410405,1082.0,209.0
0.8672820070838059,0.5372395533333333,0.16318998066666665,0.3469717133333334,1082.0,209.0
0.8460804940711077,0.12937393549999998,0.2058979865,0.3976007035,1082.0,209.0
0.7917557889581421,0.0,0.18695207149999998,0.364015124,1082.0,209.0
0.6878451578349258,0.0,0.14388637133333335,0.3005913183333333,1082.0,209.0
0.6506328121307543,0.0,0.125083232,0.2877779915,1082.0,209.0
0.6871897887733063,0.0,0.11428108999999999,0.23871223600000002,1082.0,209.0
0.7972065631246826,0.054473444,0.07361389800000001,0.190035443,1082.0,209.0
0.8462327198727123,0.3875003209999999,0.055264864999999996,0.12492705666666666,1082.0,209.0
0.8636216863165922,0.655482993,0.0871844765,0.1242227565,1082.0,209.0
0.8633000499938164,0.669886692,0.11436255349999999,0.19580573899999998,1082.0,209.0
0.8552045748561211,0.46729342366666665,0.16689147533333334,0.2524643693333333,1082.0,209.0
0.839256549381374,0.1141830575,0.1758775715,0.257086278,1082.0,209.0
0.7831801460028525,0.0,0.14862507149999998,0.2305786145,1082.0,209.0
0.6843449294192298,0.0,0.1280872213333333,0.22078205633333334,1082.0,209.0
0.6568152633566517,0.0,0.1097795175,0.20135694,1082.0,209.0
0.750715944135502,0.0,0.08977173899999999,0.1887424,1082.0,209.0
0.8221889384116463,0.2013382705,0.084269765,0.177100266,1082.0,209.0
0.8417977060619042,0.518298402,0.078684934,0.15955939600000002,1082.0,209.0
0.8539172489877702,0.728106623,0.081565468,0.1875462755,1082.0,209.0
0.8527784811582013,0.7557845935,0.104761353,0.24821186750000002,1082.0,209.0
0.8501850060663546,0.5249638813333333,0.15196370133333334,0.339307692,1082.0,209.0
0.8335256720827358,0.1363595185,0.184101562,0.357082366,1082.0,209.0
0.7765989854457991,0.0,0.2166072925,0.2974641335,1082.0,209.0
0.6904198485016759,0.0,0.18417860149999998,0.2143419805,1082.0,209.0
0.6473972973496758,0.0,0.1604884525,0.18130711975,1082.0,209.0
0.702228290501701,0.0,0.1323978965,0.143293946,1082.0,209.0
0.7957407741182487,0.075710989,0.122977902,0.1489271435,1082.0,209.0
0.8308719496820236,0.441978005,0.0945405155,0.1651827615,1082.0,209.0
0.8509766807326996,0.73702585,0.08660521600000001,0.1844863695,1082.0,209.0
0.8625331609900638,0.8115142234999999,0.09200048799999999,0.278761514,1082.0,209.0
0.8652039430902017,0.6667184553333333,0.10088246066666666,0.39247170466666664,1082.0,209.0
0.8523314492549006,0.3068753695,0.13527016749999998,0.469903976,1082.0,209.0
0.8035830699882064,0.008145996333333334,0.19464445600000002,0.44655045266666665,1082.0,209.0
0.6848368658608026,0.0,0.177253135,0.381949819,1082.0,209.0
0.6259745236750357,0.0,0.14366957833333335,0.3529055753333334,1082.0,209.0
0.6223388090806927,0.0,0.1034161425,0.288326399,1082.0,209.0
0.6338871653571089,0.0,0.0899445065,0.257982706,1082.0,209.0
0.6881040807196175,0.197504878,0.07304340749999999,0.2236549705,1082.0,209.0
0.7208036918849416,0.47172898650000006,0.08405696900000001,0.19950281450000001,1082.0,209.0
0.72701988007205,0.610608347,0.123020188,0.173943413,1082.0,209.0
0.7285478987335623,0.5925186815,0.106219923,0.213053481,1082.0,209.0
0.7383220105612824,0.4217907945,0.0893007735,0.21044253149999997,1082.0,209.0
0.7403553339668038,0.197501808,0.0816402175,0.17294933899999998,1082.0,209.0
0.7263153142854389,0.006360547333333333,0.07553030366666666,0.123070452,1082.0,209.0
0.6762613633298247,0.0,0.057890731,0.1060950635,1082.0,209.0
0.6210219214581988,0.0,0.04194612525,0.10488002075,1082.0,209.0
0.626615041572979,0.0,0.036394114,0.082072949,1082.0,209.0
0.6529020131318677,0.0589974445,0.031893975,0.0750518865,1082.0,209.0
0.7123016099089385,0.33430943199999996,0.02034509,0.06522463449999999,1082.0,209.0
0.7362820850202464,0.5765683349999999,0.033303967000000004,0.0938502145,1082.0,209.0
0.7473890750148574,0.6448920385,0.035049331,0.07982945550000001,1082.0,209.0
0.7507953814945776,0.5763335675000001,0.055538251,0.1494709435,1082.0,209.0
0.7516221822994849,0.3479589405,0.0863976035,0.21372855600000001,1082.0,209.0
0.7425944971599261,0.08508475950000001,0.107403548,0.2069599675,1082.0,209.0
0.7159504900473055,0.0,0.11215781550000001,0.160771411,1082.0,209.0
0.6544474971720636,0.0,0.09374762766666667,0.11641127266666666,1082.0,209.0
0.6691894135493659,0.0,0.1069301825,0.164763472,1082.0,209.0
0.7514402228478113,0.0,0.11531111150000001,0.1956956895,1082.0,209.0
0.8149099548714596,0.122365904,0.118276696,0.224926604,1082.0,209.0
0.8377493676085737,0.40070812050000004,0.0909963025,0.23786989949999998,1082.0,209.0
0.8671468096318382,0.714596055,0.094055695,0.24096393100000002,1082.0,209.0
0.8947175406551571,0.8348078784999999,0.10588795200000001,0.2942151165,1082.0,209.0
0.9056211491404025,0.7457542735,0.1129136765,0.4207685965,1082.0,209.0
0.8923493998026948,0.4889529535,0.1441845635,0.4832517755,1082.0,209.0
0.8411796561350636,0.08246170466666666,0.17992739833333335,0.5060406383333333,1082.0,209.0
0.7555916685627198,0.0,0.1914870415,0.4333971525,1082.0,209.0
0.6779146604568487,0.0,0.163100906,0.35771100600000005,1082.0,209.0
0.6569057279767665,0.0,0.140624529,0.2827180793333333,1082.0,209.0
0.7067675352934499,0.0,0.135641748,0.25812628,1082.0,209.0
0.7980162964062534,0.069032238,0.13065871950000002,0.2976619635,1082.0,209.0
0.8505683256969878,0.4257851615,0.10980524650000001,0.307953962,1082.0,209.0
0.890806491128675,0.7111286990000001,0.1287797685,0.25699461349999997,1082.0,209.0
0.909634650344284,0.7500345165,0.12546518099999998,0.28288883249999996,1082.0,209.0
0.9156086863487234,0.6280445785,0.10915631,0.3447018645,1082.0,209.0
0.8964647438808286,0.40523120349999997,0.1058471825,0.3757779365,1082.0,209.0
0.8567218394843494,0.097941431,0.12180731,0.351009365,1082.0,209.0
0.8003744635590277,0.0,0.139441773,0.3051470155,1082.0,209.0
0.7267992906962533,0.0,0.11900566500000001,0.18831509950000003,1082.0,209.0
0.6664001347443149,0.0,0.10624497575,0.15864953275,1082.0,209.0
0.7091882832839077,0.0,0.056762876500000004,0.14209289349999998,1082.0,209.0
0.7982996772155928,0.0578158505,0.042471819,0.15599591299999999,1082.0,209.0
0.8464626273640183,0.3857064995,0.0218759715,0.133078004,1082.0,209.0
0.8794074811026927,0.6669457635,0.0179279605,0.0916907025,1082.0,209.0
0.9039538281809087,0.753647555,0.027990244999999997,0.163931135,1082.0,209.0
0.9016709545299304,0.670139048,0.0516322715,0.21864933549999999,1082.0,209.0
0.8914955580184145,0.42495546549999996,0.078063029,0.2470046495,1082.0,209.0
0.8399082817592358,0.07054383533333333,0.10336542666666666,0.17346807033333334,1082.0,209.0
0.758402252472884,0.0,0.0917987755,0.106950035,1082.0,209.0
0.6816735074098076,0.0,0.094239162,0.072706545,1082.0,209.0
0.6641066787123275,0.0,0.085785433,0.057146434999999995,1082.0,209.0
0.7524598930744479,0.0,0.0639568835,0.0523047215,1082.0,209.0
0.8273323108461739,0.24604261149999998,0.046138269,0.056684235,1082.0,209.0
0.8652639094962988,0.6350903815,0.0306380545,0.05700543,1082.0,209.0
0.9130282908597058,0.8499420755,0.0391495385,0.096547312,1082.0,209.0
0.9258516035636926,0.835217689,0.060359802000000004,0.2001738555,1082.0,209.0
0.9234488596105904,0.634276677,0.0889362145,0.272281784,1082.0,209.0
0.8943533409031865,0.317090859,0.1194558195,0.242082489,1082.0,209.0
0.8289809956558662,0.0046036705,0.16586190750000002,0.195676858,1082.0,209.0
0.7532732552158654,0.0,0.150792245,0.1542886315,1082.0,209.0
0.6675827301467527,0.0,0.1123569445,0.089541544,1082.0,209.0
0.6725669232179048,0.0,0.08916752450000001,0.077520726,1082.0,209.0
0.752059217193799,0.0,0.074602688,0.08525849499999999,1082.0,209.0
0.8245688789671519,0.2249696605,0.0491684155,0.0822956105,1082.0,209.0
0.8541193896627601,0.5971419435,0.0261685605,0.093267342,1082.0,209.0
0.8827309788215985,0.81806053,0.0344818295,0.2105142275,1082.0,209.0
0.9015434518537753,0.776979686,0.059354237000000004,0.36214524550000005,1082.0,209.0
0.9023371711598247,0.5382794285,0.0828891575,0.422569883,1082.0,209.0
0.8759319915685573,0.22593409250000002,0.1224811845,0.420787682,1082.0,209.0
0.8275256016220556,0.002886412,0.1424865165,0.3921566595,1082.0,209.0
0.744636131832956,0.0,0.132030268,0.347393933,1082.0,209.0
0.6578908417484328,0.0,0.1132564465,0.376130796,1082.0,209.0
0.6307138449422924,0.0,0.10747236525,0.375473473,1082.0,209.0
0.6492619984456774,0.029768085666666666,0.08295671133333334,0.36150967966666664,1082.0,209.0
0.716381086580324,0.341766028,0.0494830255,0.327154258,1082.0,209.0
0.7360245120715261,0.6419788946666666,0.04221198066666667,0.24863606133333335,1082.0,209.0
0.7465742379173276,0.627986158,0.05792367433333334,0.31076489199999996,1082.0,209.0
0.752409229136038,0.382773295,0.08763073299999999,0.3135798905,1082.0,209.0
0.7385189381292112,0.054592846333333334,0.09966001566666667,0.23434871733333332,1082.0,209.0
0.7107698219632679,0.0,0.071399904,0.1141081575,1082.0,209.0
0.6520921628165008,0.0,0.05899912,0.0687686985,1082.0,209.0
0.6209278396464231,0.0,0.053558998499999996,0.08499995725,1082.0,209.0
0.6329665754873499,0.0,0.045083314,0.130419858,1082.0,209.0
0.6681674958840044,0.107415546,0.039682849,0.150121032,1082.0,209.0
0.7128896065424001,0.395919655,0.02410429,0.1342866695,1082.0,209.0
0.7361080154819291,0.7363669265,0.0279070285,0.1293358665,1082.0,209.0
0.7493448572362063,0.847884894,0.034927412500000005,0.1334804755,1082.0,209.0
0.7557246027927785,0.720145212,0.045126586499999996,0.161592459,1082.0,209.0
0.7576123571912973,0.3520116113333333,0.05956740566666666,0.14635976966666667,1082.0,209.0
0.7324346463263132,0.0011281075,0.08546573425000001,0.16312426425,1082.0,209.0
0.6686069578150549,0.0,0.07639811566666667,0.15796419266666667,1082.0,209.0
0.6552970545393912,0.0,0.068894912,0.17649790799999998,1082.0,209.0
0.706525757846336,0.0,0.0723421775,0.2029736345,1082.0,209.0
0.7979350561906868,0.0560490785,0.07917199450000001,0.194465502,1082.0,209.0
0.8411145390236864,0.42060950500000005,0.0618663095,0.154315176,1082.0,209.0
0.8683102538870421,0.7239295275,0.076470075,0.143102555,1082.0,209.0
0.8958602885271777,0.7897907145,0.1162518665,0.1599283315,1082.0,209.0
0.8968565231625549,0.6286460505,0.137929259,0.1881718595,1082.0,209.0
0.8694875113788565,0.362077468,0.156233573,0.202477247,1082.0,209.0
0.8416524101879036,0.0798583645,0.13930856549999998,0.2276233125,1082.0,209.0
0.7842693736133739,0.0,0.1205896365,0.155694224,1082.0,209.0
0.6836515702615541,0.0,0.07561636933333334,0.08914850933333333,1082.0,209.0
0.6593077344653486,0.0,0.052511454250000006,0.0671661975,1082.0,209.0
0.7513897228866632,0.0,0.0353346595,0.049391185500000004,1082.0,209.0
0.8142317512519616,0.111131031,0.028340219,0.041149161,1082.0,209.0
0.8328253204873856,0.3952670545,0.017248415500000003,0.040005673000000005,1082.0,209.0
0.8568617037232293,0.7077600895,0.019921076500000003,0.0347186235,1082.0,209.0
0.8741528541163401,0.8224130734999999,0.049183252,0.09435584350000001,1082.0,209.0
0.8784732419735848,0.701834318,0.08398883600000001,0.180412876,1082.0,209.0
0.8633313754984319,0.496144206,0.093286996,0.194619698,1082.0,209.0
0.8490287883434898,0.26208821,0.101912992,0.177089678,1082.0,209.0
0.8128915919748616,0.0020179945,0.09975203299999999,0.1345513505,1082.0,209.0
0.7370734630818564,0.0,0.0763569455,0.102758206,1082.0,209.0
0.6563372571719492,0.0,0.048076764499999994,0.072932059,1082.0,209.0
0.6651620758807921,0.0,0.032330226000000004,0.0918140285,1082.0,209.0
0.7501340112496069,0.0,0.02705258,0.10050768600000001,1082.0,209.0
0.8213212366909408,0.2313737435,0.0199456945,0.1004052175,1082.0,209.0
0.8499921991005512,0.637202542,0.0101302055,0.08240119600000001,1082.0,209.0
0.8836706027235784,0.8519884285,0.0169557105,0.089618586,1082.0,209.0
0.9061088714448595,0.8002655835,0.0281084475,0.146423946,1082.0,209.0
0.9046472965484693,0.6204539985,0.0376910655,0.1713826695,1082.0,209.0
0.8738299066252072,0.293484458,0.0605007115,0.14907841900000002,1082.0,209.0
0.8075761089035689,0.0012440556666666667,0.092183111,0.12630014,1082.0,209.0
0.677038635570334,0.0,0.08380160675000001,0.111949032,1082.0,209.0
0.6464924170538646,0.0,0.0539151645,0.09214274,1082.0,209.0
0.7023538031160218,0.0,0.040980418500000004,0.08201975750000001,1082.0,209.0
0.7957731296989465,0.057035208,0.0328697055,0.08837000049999999,1082.0,209.0
0.8389430604300618,0.438466058,0.020865896000000002,0.0926180085,1082.0,209.0
0.8872578619964777,0.803775592,0.038054583,0.06894270233333334,1082.0,209.0
0.9180566158240833,0.8055331035,0.093691582,0.141540279,1082.0,209.0
0.9150059167365503,0.607947447,0.1152743475,0.19237124249999998,1082.0,209.0
0.8669857963058342,0.17678159400000001,0.14155407,0.20041376166666666,1082.0,209.0
0.7884090430157547,0.0,0.13929998799999999,0.1891579405,1082.0,209.0
0.6981512019370038,0.0,0.1389902125,0.214643801,1082.0,209.0
0.6494932717238193,0.0,0.099642863,0.2427578895,1082.0,209.0
0.702274997788175,0.0,0.08121735199999999,0.265554123,1082.0,209.0
0.7963360050808879,0.0546303965,0.069050083,0.2134067935,1082.0,209.0
0.8482634445756865,0.43713025299999997,0.037929289,0.1580822645,1082.0,209.0
0.8956402609298452,0.750516693,0.038193685500000005,0.110177373,1082.0,209.0
0.9224961716182415,0.8386022585,0.0617832345,0.1246413525,1082.0,209.0
0.9185956419762343,0.6507538483333333,0.09974983666666666,0.18241744199999999,1082.0,209.0
0.8790904335442984,0.2635829605,0.1336860385,0.2063625795,1082.0,209.0
0.8288430042825907,0.0013576565,0.158052764,0.1816644765,1082.0,209.0
0.7452067566227245,0.0,0.1349541395,0.15552536449999999,1082.0,209.0
0.6584241476200011,0.0,0.103433058,0.1388867425,1082.0,209.0
0.6262951025651133,0.0,0.07626711025,0.14092150150000002,1082.0,209.0
0.6465925742949284,0.03860543,0.050458885333333335,0.14337188433333334,1082.0,209.0
0.7176785654756503,0.460989855,0.02846486,0.1363948575,1082.0,209.0
0.7574746975491387,0.85558925925,0.0453918355,0.153453852,1082.0,209.0
0.7757075281656558,0.7380283143333334,0.07935025733333333,0.27670493533333335,1082.0,209.0
0.7673081709729817,0.31567420199999996,0.1017438475,0.25821804800000003,1082.0,209.0
0.7343082635945511,0.00062562,0.12547762974999999,0.21295264174999998,1082.0,209.0
0.6457309480305833,0.0,0.10145899725,0.1620341015,1082.0,209.0
0.632531062357252,0.0,0.0755356885,0.17590024799999998,1082.0,209.0
0.6489566570282636,0.039928913,0.05592005866666666,0.19662874099999997,1082.0,209.0
0.7239046101662163,0.47904511299999997,0.0285912185,0.19691031650000002,1082.0,209.0
0.7654325363810465,0.8524032876666666,0.032455199,0.22200092666666668,1082.0,209.0
0.7846388644949363,0.912665637,0.07933775900000001,0.389676142,1082.0,209.0
0.7871418125242786,0.7016938345,0.12471660650000001,0.432555743,1082.0,209.0
0.7715825070467137,0.324855597,0.1783518855,0.441098757,1082.0,209.0
0.748092142427768,0.001082873,0.246977473,0.44147066150000003,1082.0,209.0
0.74084780885047,0.0,0.26393855499999996,0.512054839,1082.0,209.0
0.6865600131592443,0.0,0.239831377,0.537236419,1082.0,209.0
0.6814822299238419,0.0,0.249448699,0.547194806,1082.0,209.0
0.7553205088105763,0.0,0.256857542,0.536754018,1082.0,209.0
0.8310627120081225,0.2125818675,0.2521314355,0.523487489,1082.0,209.0
0.8656009509914491,0.6019442150000001,0.20254265100000002,0.4685759605,1082.0,209.0
0.9004717832922902,0.848260169,0.174486398,0.4545729545,1082.0,209.0
0.917692743945419,0.8898329140000001,0.1807512685,0.46927262950000004,1082.0,209.0
0.9199631623091752,0.704940778,0.2066496185,0.5487840375,1082.0,209.0
0.8910571885652274,0.3333574105,0.259187823,0.591454346,1082.0,209.0
0.8344137424757523,0.000962068,0.31962562,0.5606299155000001,1082.0,209.0
0.7680887092360832,0.0,0.3036443365,0.4898557525,1082.0,209.0
0.6856824197680904,0.0,0.2610568075,0.473263674,1082.0,209.0
0.6647035602494539,0.0,0.22843155275000002,0.52725855575,1082.0,209.0
0.7518472668776002,0.0,0.2040395055,0.5573355275,1082.0,209.0
0.8142317512519616,0.095552783,0.186321471,0.583782915,1082.0,209.0
0.8364882010270981,0.4451858745,0.13789511,0.601561828,1082.0,209.0
0.8611680442762711,0.7439779895,0.10456518000000001,0.5617684445,1082.0,209.0
0.880354737378704,0.8526039114999999,0.104597776,0.5450314345,1082.0,209.0
0.8891986058488069,0.6905999216666667,0.12540727433333335,0.5634521413333333,1082.0,209.0
0.8603245038213337,0.2895282615,0.19236408700000002,0.573902442,1082.0,209.0
0.8211434446494965,0.0008360145,0.27013875249999997,0.6068732255,1082.0,209.0
0.7424770850548205,0.0,0.262038767,0.5981605025,1082.0,209.0
0.6595109052976379,0.0,0.228747743,0.5799412370000001,1082.0,209.0
0.6725162592794949,0.0,0.231972921,0.59251427,1082.0,209.0
0.7740351190109523,0.014889077,0.251971368,0.5694188416666667,1082.0,209.0
0.8376955196362024,0.30786383700000003,0.273173244,0.5473869725,1082.0,209.0
0.8610605824803377,0.59965670025,0.2577344045,0.5087307889999999,1082.0,209.0
0.870771200590522,0.5487562396666666,0.270864901,0.5078434643333333,1082.0,209.0
0.8510545027654957,0.2189101275,0.280614594,0.47821374549999995,1082.0,209.0
0.815759488821199,0.000647577,0.279944077,0.4373500025,1082.0,209.0
0.7387191512253648,0.0,0.240232471,0.41255505849999996,1082.0,209.0
0.6620263905216159,0.0,0.2068675365,0.38287924650000005,1082.0,209.0
0.6373731902881792,0.0,0.18238903550000002,0.357525248,1082.0,209.0
0.6641443489349583,0.0,0.17491911799999998,0.333641155,1082.0,209.0
0.7497604935445612,0.0,0.17369124949999998,0.320914066,1082.0,209.0
0.8129364028427812,0.070071695,0.159082039,0.305005473,1082.0,209.0
0.8317791243600255,0.400094193,0.1301515885,0.272358872,1082.0,209.0
0.8534965323893338,0.729888561,0.10048504050000001,0.2181947215,1082.0,209.0
0.866166495328702,0.8342526545,0.094047259,0.197531859,1082.0,209.0
0.8754956356489374,0.7205943865,0.09331086,0.22096173000000002,1082.0,209.0
0.8669461205495173,0.4602637195,0.098461414,0.2192310505,1082.0,209.0
0.8426639095713434,0.0869110355,0.114895308,0.22396591799999999,1082.0,209.0
0.7786015452876032,0.0,0.123057649,0.2143706615,1082.0,209.0
0.6727388387577345,0.0,0.085012342,0.1917712465,1082.0,209.0
0.6420316030168418,0.0,0.061865133,0.17534977200000001,1082.0,209.0
0.7016878206349366,0.0,0.0533297835,0.15694103850000002,1082.0,209.0
0.7949528610204408,0.0407029755,0.049132682999999996,0.15699260999999998,1082.0,209.0
0.8293273553477429,0.333969357,0.032520378,0.155499058,1082.0,209.0
0.8465732264940988,0.622141738,0.026457188,0.16503380750000002,1082.0,209.0
0.8781201865029131,0.8465118844999999,0.042862932,0.206709456,1082.0,209.0
0.9011036308891365,0.849449591,0.0586169755,0.309591623,1082.0,209.0
0.902225307804853,0.657731366,0.07585053,0.3998511335,1082.0,209.0
0.8586812974277935,0.29237446500000003,0.1077683265,0.39552809499999997,1082.0,209.0
0.8108797842703126,0.0,0.159049471,0.415216641,1082.0,209.0
0.7238804019569826,0.0,0.1631737135,0.40214262300000003,1082.0,209.0
0.6405170231000366,0.0,0.1363237635,0.382173836,1082.0,209.0
0.6129642024301847,0.0,0.11399579625,0.31759392375,1082.0,209.0
0.6321210216612794,0.0,0.0928468275,0.29336053250000005,1082.0,209.0
0.6671260758888033,0.090199951,0.083038199,0.312141798,1082.0,209.0
0.7120586150991819,0.47768278399999997,0.0510128725,0.3093167105,1082.0,209.0
0.7337192954425138,0.8116663435,0.0397427555,0.31703083200000004,1082.0,209.0
0.744539369330002,0.9163991469999999,0.0554519455,0.4216999555,1082.0,209.0
0.7474888108746965,0.7859384425,0.0645373605,0.4835197255,1082.0,209.0
0.7495219703841732,0.4937512165,0.08809065199999999,0.47376774899999996,1082.0,209.0
0.7277412558020642,0.04207137925,0.1176712995,0.35552415775,1082.0,209.0
0.6672712781195238,0.0,0.0869521055,0.2191503265,1082.0,209.0
0.6146197119101601,0.0,0.0618528235,0.19643799150000002,1082.0,209.0
0.6251598348257286,0.0,0.0465843815,0.1489783805,1082.0,209.0
0.6525396864079356,0.039146841,0.038498197,0.127105957,1082.0,209.0
0.7120716791083339,0.4463464345,0.0204871385,0.10642333749999999,1082.0,209.0
0.7364000120415675,0.8199047863333333,0.03529230733333333,0.11226920466666668,1082.0,209.0
0.7515549190541395,0.8659519055,0.0959557305,0.17146461899999998,1082.0,209.0
0.7571132956033594,0.655464264,0.142727514,0.200994212,1082.0,209.0
0.7459553606592806,0.2707094175,0.1983851365,0.2070083205,1082.0,209.0
0.7223150527632292,0.0,0.2246361725,0.17577069425,1082.0,209.0
0.6690137052942534,0.0,0.2071755845,0.2187087735,2377.5,459.5
0.6564778940288037,0.0,0.24305875325,0.26865124625000003,3673.0,710.0
0.756178026316952,0.0,0.28647717100000003,0.3304941565,3673.0,710.0
0.822533706005325,0.1967476855,0.2955504905,0.31145269350000004,3673.0,710.0
0.8305674510541317,0.6260901165,0.2687223285,0.293039701,3673.0,710.0
0.8366028269806618,0.8667172955,0.271341446,0.34258700799999997,3673.0,710.0
0.8355510119316207,0.8854100705000001,0.31093081899999997,0.45531828799999996,3673.0,710.0
0.8350227397315364,0.6828906404999999,0.36105841299999997,0.549868017,3673.0,710.0
0.8297209138517931,0.2944216745,0.39010256600000004,0.5637603245,3673.0,710.0
0.7885913379209942,0.0,0.436447282,0.5100403506666666,3673.0,710.0
0.6738275045491833,0.0,0.366064746,0.4218773945,3673.0,710.0
0.6390753954405879,0.0,0.35503789325,0.42425645475000007,3673.0,710.0
0.7077157983362447,0.0,0.3598316735,0.38146029800000003,3673.0,710.0
0.8029172591187874,0.033761162,0.350608813,0.4383275525,3673.0,710.0
0.8285635567346715,0.47368236249999995,0.2885363345,0.456087381,3673.0,710.0
0.8313529760452514,0.8146782885,0.23594849499999998,0.3497955315,3673.0,710.0
0.8362383931610992,0.9504163130000001,0.21805449300000002,0.376781037,3673.0,710.0
0.8412594759994603,0.7813027949999999,0.19686959666666662,0.3830554476666667,3673.0,710.0
0.8340282376186687,0.3043712315,0.20440828649999998,0.424136694,3673.0,710.0
0.8062062472991163,0.0,0.243274539,0.4562164095,3673.0,710.0
0.7285292158027292,0.0,0.236723667,0.45328717350000003,3673.0,710.0
0.6422340832197875,0.0,0.21367521525,0.47574622875000006,3673.0,710.0
0.6661611198957929,0.0,0.19100851149999998,0.5184410454999999,3673.0,710.0
0.7764977044583002,0.023526191000000002,0.16835166633333332,0.5133217196666666,3673.0,710.0
0.8289854439959361,0.4914476415,0.10627994099999999,0.4602630735,3673.0,710.0
0.8371850875774292,0.831473273,0.07837251549999999,0.4139056875,3673.0,710.0
0.8449870052446427,0.954192571,0.0801623605,0.4109349785,3673.0,710.0
0.8569682290863607,0.8541558579999999,0.0927026645,0.44557969399999997,3673.0,710.0
0.838324745085841,0.41391836466666665,0.12532881833333334,0.48576568633333334,3673.0,710.0
0.8058093642555757,0.0,0.16754812800000002,0.4632209955,3673.0,710.0
0.7237076201965065,0.0,0.15309478799999998,0.44183052300000003,3673.0,710.0
0.6417332852515293,0.0,0.101035025,0.389807365,3673.0,710.0
0.6664948135421542,0.0,0.06739991649999999,0.3556995435,3673.0,710.0
0.756840075536617,0.0,0.055585547,0.33125539449999997,3673.0,710.0
0.8230586536659192,0.22493562450000001,0.042748418999999996,0.316214991,3673.0,710.0
0.8317972453499602,0.6907694529999999,0.021906046499999998,0.2962287355,3673.0,710.0
0.841250267229198,0.9355616649999999,0.032797862000000004,0.25494145533333334,3673.0,710.0
0.8447907176942876,0.7834944853333333,0.06540312766666667,0.27157764700000003,3673.0,710.0
0.8331996342009215,0.290851993,0.114726392,0.24111106050000003,3673.0,710.0
0.8057127187864178,0.0,0.13766319,0.17893783,3673.0,710.0
0.7281524671202566,0.0,0.117242311,0.1527378345,3673.0,710.0
0.6422776064316915,0.0,0.09448616600000001,0.11531299675000001,3673.0,710.0
0.6664948135421542,0.0,0.07858970400000001,0.1145476555,3673.0,710.0
0.7565796151586701,0.0,0.07335822850000001,0.1364253345,3673.0,710.0
0.8228568407830186,0.20857797649999998,0.062208413000000004,0.1594587255,3673.0,710.0
0.830852611167012,0.667941413,0.045249696000000006,0.15335460699999998,3673.0,710.0
0.8377930547571308,0.903847163,0.0585498425,0.13817032550000002,3673.0,710.0
0.8436335946718303,0.9028144954999999,0.0732498115,0.1745003805,3673.0,710.0
0.8468094084100473,0.6777569975,0.0959823675,0.22013216200000002,3673.0,710.0
0.8333790650403781,0.26021115650000004,0.1263778305,0.217836886,3673.0,710.0
0.7908599613604599,0.0,0.15056961733333332,0.2342334766666667,3673.0,710.0
0.6648407204878569,0.0,0.113856886,0.2493425325,3673.0,710.0
0.611650639265964,0.0,0.0924749715,0.2608666085,3673.0,710.0
0.6123902375478572,0.0,0.09293166366666668,0.2891748613333333,3673.0,710.0
0.6466480767943511,0.015035268333333332,0.10512152400000001,0.38311170999999994,3673.0,710.0
0.7054677619347155,0.44310038650000005,0.09377261049999999,0.4435607595,3673.0,710.0
0.7129398490995852,0.81104436,0.17804658799999998,0.4862629873333333,3673.0,710.0
0.7183635821513907,0.835834278,0.314676822,0.5818752075,3673.0,710.0
0.7248940084360527,0.6114314515,0.371355145,0.6369411764999999,3673.0,710.0
0.7258165415053974,0.22634461449999999,0.373449256,0.63629786,3673.0,710.0
0.7203027417565053,0.0,0.378991364,0.6087537704999999,3673.0,710.0
0.6667987970913966,0.0,0.34309439025,0.589103559,3673.0,710.0
0.6112886403747295,0.0,0.33013075049999996,0.56705869475,3673.0,710.0
0.6471094213650902,0.014007238,0.30254881333333333,0.520660795,3673.0,710.0
0.7116234296799562,0.435315452,0.29622913900000003,0.5036625415,3673.0,710.0
0.708702691465597,0.7298734225,0.27477667400000005,0.4000777325,3673.0,710.0
0.7077294710673265,0.829507142,0.2896982945,0.3953984205,3673.0,710.0
0.7108758791912152,0.7317945375,0.31094114650000004,0.4631691005,3673.0,710.0
0.7208740455209682,0.554663864,0.317794411,0.554663497,3673.0,710.0
0.7231448619295782,0.2413162915,0.3237714405,0.598406507,3673.0,710.0
0.7208951632583038,0.0,0.34751915099999997,0.5593501705,3673.0,710.0
0.6970227589085107,0.0,0.3109431695,0.425904212,3673.0,710.0
0.6489490558415867,0.0,0.26346495999999997,0.3315507215,3673.0,710.0
0.6338264106852152,0.0,0.2223144295,0.278202474,3673.0,710.0
0.6678599068654311,0.0,0.201155876,0.25089148,3673.0,710.0
0.7595718775906671,0.0,0.1943830475,0.237366986,3673.0,710.0
0.8305047531826522,0.14495835699999998,0.17481213699999998,0.2169301555,3673.0,710.0
0.8289571621009704,0.5115914535,0.140716522,0.16092528849999999,3673.0,710.0
0.8287826009557362,0.6941176609999999,0.11290402299999999,0.1359362665,3673.0,710.0
0.8279816238758487,0.6537583946666666,0.11353945066666667,0.29470205499999996,3673.0,710.0
0.8287249601462565,0.38886762399999997,0.1267684555,0.39519126699999996,3673.0,710.0
0.7974694583497406,0.023307094,0.17165977699999999,0.4217090375,3673.0,710.0
0.654735068849829,0.0,0.1556737965,0.34201881575,3673.0,710.0
0.6560943870574655,0.0,0.15781375933333333,0.30843530466666663,3673.0,710.0
0.7576250855303042,0.0,0.1496007975,0.272259086,3673.0,710.0
0.8260754987990537,0.1518092325,0.123444249,0.2307193665,3673.0,710.0
0.8288283327169256,0.6154165603333333,0.10790995600000002,0.21975974566666667,3673.0,710.0
0.829707756199361,0.7499892969999999,0.13958640849999998,0.298808426,3673.0,710.0
0.8302953547879689,0.6301670505,0.16832832949999998,0.3995343725,3673.0,710.0
0.8292345026344763,0.3567590585,0.18572859149999998,0.435122888,3673.0,710.0
0.8226288999630311,0.0365894065,0.220591054,0.44290166350000004,3673.0,710.0
0.7722716911326832,0.0,0.23903046700000002,0.360283759,3673.0,710.0
0.6732398357890281,0.0,0.1926931215,0.223144692,3673.0,710.0
0.6364456471003004,0.0,0.18111460899999998,0.2075134165,3673.0,710.0
0.6412706608080767,0.0,0.15243928,0.17789016800000002,3673.0,710.0
0.7065037270667139,0.0,0.14865833350000002,0.17977027099999998,3673.0,710.0
0.8005639616602351,0.0073399385,0.1491947245,0.198526757,3673.0,710.0
0.8288326561722161,0.2847760675,0.13783448650000002,0.22344597049999998,3673.0,710.0
0.8283999525029588,0.5189925375,0.2013296605,0.2635751245,3673.0,710.0
0.8280700750842217,0.6168576475,0.301073553,0.3075710675,3673.0,710.0
0.8275814631279942,0.557540646,0.32568474300000005,0.2411567405,3673.0,710.0
0.8291587876973106,0.342824118,0.305385561,0.222979373,3673.0,710.0
0.826779549507015,0.137571873,0.2616935435,0.286063953,3673.0,710.0
0.8039185975971961,0.0,0.2872685955,0.340529356,3673.0,710.0
0.7229295636833732,0.0,0.3363635915,0.4008003235,3673.0,710.0
0.6425430653141315,0.0,0.34957223800000004,0.54493026025,3673.0,710.0
0.6667780773176974,0.0,0.3536281965,0.5407010265000001,3673.0,710.0
0.7762471630668092,0.0058431663333333335,0.3426558786666667,0.3117541973333333,3673.0,710.0
0.8282857479847645,0.1448504015,0.323051034,0.3507468405,3673.0,710.0
0.8290949192442199,0.311776182,0.354775515,0.39352929950000004,3673.0,710.0
0.8291783602799141,0.398953639,0.418344641,0.456174509,3673.0,710.0
0.8290133513177812,0.3570949505,0.3948408855,0.3990841515,3673.0,710.0
0.8293981536472206,0.2183220445,0.3407922535,0.351624392,3673.0,710.0
0.7979096539281089,0.00893096025,0.275082858,0.377258122,3673.0,710.0
0.6644630821806858,0.0,0.27045748266666664,0.396604459,3673.0,710.0
0.6521917114303881,0.0,0.23538668699999998,0.3654291905,3673.0,710.0
0.7559998831741197,0.0,0.213083338,0.3810094165,3673.0,710.0
0.8224437564773963,0.1120093875,0.20108698349999998,0.3953691885,3673.0,710.0
0.829856470256132,0.480069681,0.20101105,0.38672756649999995,3673.0,710.0
0.8316278816910376,0.7082496524999999,0.254503393,0.42124665,3673.0,710.0
0.8317556029223248,0.608726895,0.25934166666666664,0.447085551,3673.0,710.0
0.8311910575550167,0.34252684,0.203214283,0.424018626,3673.0,710.0
0.8237782500517836,0.015554923,0.18327395000000002,0.44091113800000004,3673.0,710.0
0.7744454874177973,0.0,0.161138893,0.453647147,3673.0,710.0
0.6701735909423749,0.0,0.15475947,0.41354142699999996,3673.0,710.0
0.613116721019322,0.0,0.17300519400000003,0.4539589435,3673.0,710.0
0.6248756813171976,0.0,0.202382763,0.482840353,3673.0,710.0
0.6512400301642143,0.006682269,0.1997399125,0.46822085,3673.0,710.0
0.7054503900910226,0.321324442,0.167124702,0.439137448,3673.0,710.0
0.7108423373540119,0.7041890536666666,0.17717356366666667,0.41907907266666666,3673.0,710.0
0.7111431290724542,0.7625515034999999,0.258022421,0.4347477105,3673.0,710.0
0.7211110703076558,0.5458479470000001,0.328014535,0.433771629,3673.0,710.0
0.7248761917664744,0.1644502605,0.3523344905,0.5473066635,3673.0,710.0
0.7074755426939557,0.0,0.4826967845,0.5920618605,3673.0,710.0
0.6310279777419165,0.0,0.5802113630000001,0.5889600685,3673.0,710.0
0.6082575059782084,0.0,0.611721191,0.5204032253333333,3673.0,710.0
0.6249054148048324,0.0,0.6092260755,0.6806773635,3673.0,710.0
0.6512698572951292,0.0050228365,0.567245527,0.7354468775,3673.0,710.0
0.7018940817766901,0.145599401,0.534379264,0.771857187,3673.0,710.0
0.7088541448116612,0.315411945,0.5377135985,0.7750602289999999,3673.0,710.0
0.7083313511089461,0.4505699145,0.5285357289999999,0.7658718245,3673.0,710.0
0.7074670908803097,0.4469809775,0.5531726365,0.7769980405,3673.0,710.0
0.7173289750499979,0.325838554,0.5286419229999999,0.6772489355,3673.0,710.0
0.7234241925249185,0.11095860499999999,0.4229032545,0.5702232275,3673.0,710.0
0.7218586910491613,0.0,0.3713810955,0.525479793,3673.0,710.0
0.6970896708900338,0.0,0.37133095650000003,0.474552171,3673.0,710.0
0.6490247239977208,0.0,0.382265545,0.45616400749999997,3673.0,710.0
0.6337342838901086,0.0,0.392073319,0.478109221,3673.0,710.0
0.6664948135421542,0.0,0.3747408935,0.5142314735,3673.0,710.0
0.7772798581288982,0.003875622,0.3533817436666667,0.5539792443333332,3673.0,710.0
0.8308214261679254,0.226602831,0.301126828,0.48897828200000004,3673.0,710.0
0.8282999669006333,0.405401401,0.3017153753333333,0.32677967299999994,3673.0,710.0
0.8268520647894698,0.35597478433333335,0.24175392966666667,0.3806357143333334,3673.0,710.0
0.8284147489534033,0.1628979975,0.159361953,0.472950273,3673.0,710.0
0.8235201074465434,0.0059869915,0.1161666395,0.4250805615,3673.0,710.0
0.7722314689479282,0.0,0.08807757399999999,0.310493749,3673.0,710.0
0.661821003437956,0.0,0.048705751,0.14087831333333334,3673.0,710.0
0.6501676709327767,0.0,0.03511640775,0.068167598,3673.0,710.0
0.7573111050532925,0.0,0.046917966500000005,0.0768994805,3673.0,710.0
0.825771702455155,0.101350099,0.0545762235,0.091539754,3673.0,710.0
0.8285472618293095,0.4600584245,0.049603557500000006,0.07430879200000001,3673.0,710.0
0.8287191071569834,0.6679005010000001,0.066372039,0.0859504545,3673.0,710.0
0.8280598517232646,0.4538017796666667,0.076884251,0.15482366066666667,3673.0,710.0
0.8287415828437077,0.189892991,0.0781804905,0.18571873849999998,3673.0,710.0
0.82251539772883,0.0083283875,0.089824926,0.1736653535,3673.0,710.0
0.7723632092058599,0.0,0.0838104395,0.15568058,3673.0,710.0
0.6547548521095088,0.0,0.05981234375,0.1215924625,3673.0,710.0
0.6561080753822245,0.0,0.05006854166666667,0.118784793,3673.0,710.0
0.7580676457842364,0.0,0.047139683,0.1041947945,3673.0,710.0
0.8263646858978517,0.14487864550000001,0.0410640055,0.085457585,3673.0,710.0
0.828632638186534,0.6276480356666667,0.024542017333333332,0.07876800733333333,3673.0,710.0
0.8284773063193538,0.797898296,0.0487663115,0.0987475695,3673.0,710.0
0.8279344249553855,0.556351902,0.0772203145,0.18812967400000002,3673.0,710.0
0.8284431244916493,0.259192393,0.105425994,0.28462935050000004,3673.0,710.0
0.7974042905859848,0.00329582075,0.1054049745,0.3118563655,3673.0,710.0
0.6731863155275291,0.0,0.11112256549999999,0.32921212899999996,3673.0,710.0
0.6355987196770193,0.0,0.13821077666666667,0.46886279700000005,3673.0,710.0
0.6663671001889228,0.0,0.1758932175,0.49800108899999995,3673.0,710.0
0.776873641430316,0.0020901653333333333,0.23747933066666668,0.507901988,3673.0,710.0
0.8290611589331018,0.1525932225,0.2768876095,0.461985789,3673.0,710.0
0.8283055234476057,0.3808206623333333,0.3050005413333334,0.3436815983333333,3673.0,710.0
0.8275150974395474,0.3813495906666667,0.38910741466666665,0.39239230900000005,3673.0,710.0
0.8279876173435783,0.186245258,0.3686972785,0.3411402335,3673.0,710.0
0.8224527468008163,0.005452655,0.3404019465,0.313604726,3673.0,710.0
0.7722614365843719,0.0,0.330823922,0.339622107,3673.0,710.0
0.6626378539607635,0.0,0.32246986699999997,0.3349140836666667,3673.0,710.0
0.6508020587558808,0.0,0.35813574425,0.350872185,3673.0,710.0
0.755996605415661,0.0,0.347693084,0.3133640645,3673.0,710.0
0.8224319567743529,0.058791795,0.3203079975,0.32421982299999996,3673.0,710.0
0.8283846409738647,0.2906341505,0.2829003255,0.313424312,3673.0,710.0
0.8283778514705724,0.4166418465,0.339028825,0.29600800250000003,3673.0,710.0
0.8277562114785717,0.45515278800000003,0.376021865,0.3364510255,3673.0,710.0
0.828015431022143,0.32308446300000004,0.363112031,0.359245752,3673.0,710.0
0.8242891503811026,0.05814057466666667,0.32696344866666666,0.35628266700000005,3673.0,710.0
0.7722778016612812,0.0,0.31111425950000005,0.3287178835,3673.0,710.0
0.6436117994758522,0.0,0.29166077333333335,0.28849622766666666,3673.0,710.0
0.6111868677126331,0.0,0.3067171705,0.28932099925000004,3673.0,710.0
0.6440944647724541,0.0011976956666666667,0.30295700200000003,0.2818599256666667,3673.0,710.0
0.7053340551678993,0.21534255749999998,0.336045561,0.4016959395,3673.0,710.0
0.709336014045628,0.4295035975,0.387152288,0.4155518035,3673.0,710.0
0.707994793342657,0.4744403873333334,0.4139931753333333,0.45361833166666665,3673.0,710.0
0.7177573474129815,0.3017139555,0.386416828,0.49992485249999996,3673.0,710.0
0.7231457048003171,0.08793996550000001,0.367163647,0.4705338435,3673.0,710.0
0.7039566938439609,0.0,0.377594791,0.5104704824999999,3673.0,710.0
0.6207684535314627,0.0,0.345890537,0.42730016666666665,3673.0,710.0
0.6162580486500865,0.0,0.31117315675,0.3316465575,3673.0,710.0
0.6548194462777168,0.0022712075,0.27774531950000003,0.3726529205,3673.0,710.0
0.7058521897722511,0.238550484,0.238867386,0.3129988065,3673.0,710.0
0.7089434699969104,0.5762952543333334,0.18533588733333337,0.19077956833333332,3673.0,710.0
0.7080179791914301,0.6483007885000001,0.1540227205,0.211813788,3673.0,710.0
0.7180906430957061,0.4721924235,0.1408747875,0.2497858215,3673.0,710.0
0.7227543235905171,0.081630414,0.107834113,0.20909367466666665,3673.0,710.0
0.7035136107686851,0.0,0.10266079533333333,0.16356155366666666,3673.0,710.0
0.6413887517660509,0.0,0.10686676925000001,0.23728622424999998,3673.0,710.0
0.6670802113918515,0.0,0.129642327,0.211233208,3673.0,710.0
0.7785606598571927,0.001956939333333333,0.154627193,0.21622177,3673.0,710.0
0.8288993340049303,0.35488617299999997,0.148818117,0.2261674835,3673.0,710.0
0.8299323725610752,0.7233104225,0.1308186205,0.283659,3673.0,710.0
0.8316499359423923,0.839172432,0.1690683235,0.3384938885,3673.0,710.0
0.8316781242752951,0.677537222,0.2046526105,0.350368774,3673.0,710.0
0.8303575375807986,0.389067107,0.232850141,0.3797662865,3673.0,710.0
0.8229059126232308,0.003981268,0.274398329,0.3842420405,3673.0,710.0
0.7722614365843719,0.0,0.29005359500000005,0.34463442499999997,3673.0,710.0
0.6621824561037947,0.0,0.25213772100000004,0.31397321433333336,3673.0,710.0
0.6337342838901086,0.0,0.236584725,0.43018706149999997,3673.0,710.0
0.6874889026283263,0.0,0.23101319166666667,0.49469961733333334,3673.0,710.0
0.8014890466510957,0.0024074145,0.218777217,0.44522605699999995,3673.0,710.0
0.8294638950471325,0.2984397835,0.1657184295,0.47024805049999996,3673.0,710.0
0.828750666810408,0.6318386725,0.09955512,0.46347127200000005,3673.0,710.0
0.8296894010606173,0.746130682,0.09526892949999999,0.4359655495,3673.0,710.0
0.8310557351370527,0.650701254,0.0978758765,0.399415886,3673.0,710.0
0.830239774293088,0.365892631,0.0970340905,0.36006333,3673.0,710.0
0.797476060607081,0.00159368825,0.11906405499999999,0.37556498424999996,3673.0,710.0
0.6730713852536089,0.0,0.1076947245,0.3356920025,3673.0,710.0
0.6391512039804252,0.0,0.10967180225,0.298631466,3673.0,710.0
0.7084423013404144,0.0,0.11501836900000001,0.2436934,3673.0,710.0
0.8056277326772086,0.0025949245,0.11889191900000001,0.233004922,3673.0,710.0
0.8304349849592567,0.40468212000000003,0.09442579000000001,0.226443811,3673.0,710.0
0.8304636570210207,0.8234986966666668,0.06393089633333333,0.22269097733333332,3673.0,710.0
0.8347638167656277,0.8270180376666666,0.07785632466666666,0.23869239566666667,3673.0,710.0
0.8337254715132862,0.4488411065,0.09730762100000001,0.312271768,3673.0,710.0
0.8230035413874394,0.003722845,0.121151704,0.322358725,3673.0,710.0
0.7722442051649907,0.0,0.1232924065,0.31385797849999997,3673.0,710.0
0.661821003437956,0.0,0.10707744100000001,0.23431260266666665,3673.0,710.0
0.6507790796451562,0.0,0.06760899625,0.171648628,3673.0,710.0
0.7592492578916235,0.0,0.0477544565,0.1622246765,3673.0,710.0
0.8302950270770966,0.1700262145,0.04014993,0.16307880000000002,3673.0,710.0
0.828739756677918,0.655527696,0.01854976,0.1456779855,3673.0,710.0
0.8303213891629925,0.8835669319999999,0.0150738225,0.15723014200000002,3673.0,710.0
0.8309789744489104,0.831109491,0.021431686000000002,0.18791268066666666,3673.0,710.0
0.8299310146116865,0.42942304249999996,0.031247907499999998,0.17088034600000002,3673.0,710.0
0.82251539772883,0.002785256,0.035628259999999995,0.142101368,3673.0,710.0
0.7723516202611098,0.0,0.025752341999999998,0.092646089,3673.0,710.0
0.6619258587345036,0.0,0.020383229333333332,0.06163335166666667,3673.0,710.0
0.6336981822533341,0.0,0.0198022345,0.066456381,3673.0,710.0
0.6889737959197456,0.0,0.020841331333333334,0.049375200333333334,3673.0,710.0
0.8057211003879079,0.001760846,0.0227465525,0.056689477,3673.0,710.0
0.8324155607212536,0.171955593,0.023885629,0.07989022,3673.0,710.0
0.8280134176104014,0.36551114175,0.03908150775,0.15067234525,3673.0,710.0
0.8271567195436402,0.25261189500000003,0.07552933,0.20996276200000002,3673.0,710.0
0.8278107150351215,0.10186246900000001,0.0938726875,0.346974188,3673.0,710.0
0.7976937234882413,0.00095079925,0.13504455399999998,0.3519040455,3673.0,710.0
0.6560433173315079,0.0,0.17015700099999997,0.4176910245,3673.0,710.0
0.608480124508322,0.0,0.20483497933333336,0.46151466700000005,3673.0,710.0
0.6169087079068197,0.0,0.27700221,0.4496822675,3673.0,710.0
0.6474621490978172,0.00034571,0.3642306716666666,0.5005533556666666,3673.0,710.0
0.7214600287020796,0.13252100049999999,0.3661583145,0.4440879295,3673.0,710.0
0.7246539869019641,0.304828196,0.3336971505,0.48053546950000003,3673.0,710.0
0.7285080745936608,0.440776866,0.477958046,0.593519081,3673.0,710.0
0.7388439848649914,0.444223071,0.590469685,0.6749594784999999,3673.0,710.0
0.7650183907849153,0.24782424000000003,0.5647658874999999,0.6113252945000001,3673.0,710.0
0.7448215679030809,0.00122109,0.4669895295,0.626636478,3673.0,710.0
0.6498202226885285,0.0,0.37874406833333335,0.647133611,3673.0,710.0
0.6203459068011363,0.0,0.37932286025,0.61461627575,3673.0,710.0
0.6397404882699025,0.0,0.38254420899999997,0.662787792,3673.0,710.0
0.6721776256861468,0.085823358,0.3899835425,0.690728692,3673.0,710.0
0.7369237422583018,0.338732268,0.437128251,0.647485016,3673.0,710.0
0.7474689573622524,0.503417759,0.370618328,0.5503527859999999,3673.0,710.0
0.7432339068780391,0.6157893860000001,0.440771974,0.5131818969999999,3673.0,710.0
0.7410963524103602,0.534091354,0.495628271,0.5961798254999999,3673.0,710.0
0.7688399823091682,0.28011683,0.4984194635,0.646338131,3673.0,710.0
0.7622012279673179,0.00101784775,0.46781028900000005,0.713546957,3673.0,710.0
0.7031146284534251,0.0,0.45229087700000004,0.789111653,3673.0,710.0
0.6526074880412293,0.0,0.48624785766666667,0.777858592,3673.0,710.0
0.6512067379882802,0.0,0.5058651265,0.7233151595,3673.0,710.0
0.746739652721153,0.0005913193333333334,0.5465292803333334,0.7050725880000001,3673.0,710.0
0.8516185018667994,0.3141771215,0.5207656845,0.6086729465,3673.0,710.0
0.8469796929622396,0.6639946796666667,0.6052840326666667,0.5766621430000001,3673.0,710.0
0.8401828752878271,0.6965950825,0.7126046264999999,0.681094061,3673.0,710.0
0.8410642497396144,0.437983846,0.7003393474999999,0.652614488,3673.0,710.0
0.8547059581482133,0.066756361,0.5641935123333334,0.6260320316666667,3673.0,710.0
0.8063491551476458,0.0,0.5313904014999999,0.603208231,3673.0,710.0
0.7202109660627867,0.0,0.5471604050000001,0.5973549475,3673.0,710.0
0.6461021596581803,0.0,0.5059624524999999,0.5846042335,3673.0,710.0
0.6749516632148682,0.0,0.4517001935,0.685487728,3673.0,710.0
0.7697221996316945,0.0006637975,0.406047567,0.6919457185,3673.0,710.0
0.8461988191372826,0.091800093,0.38692378299999997,0.6396357925,3673.0,710.0
0.8464398083456722,0.21236792033333332,0.35524631833333337,0.555813815,3673.0,710.0
0.8433775123811889,0.23419334949999998,0.39598746,0.5677702805,3673.0,710.0
0.847556771693445,0.15151979599999998,0.4066324435,0.5777441285,3673.0,710.0
0.8464069767381986,0.01946817475,0.374462543,0.58395914875,3673.0,710.0
0.7665287565104597,0.0,0.35222223750000003,0.5619069555,3673.0,710.0
0.6567727936925629,0.0,0.337611513,0.50900772225,3673.0,710.0
0.6583592334159339,0.0,0.3077302843333333,0.427784883,3673.0,710.0
0.7619626345541655,0.0,0.27517243150000004,0.35128659549999997,3673.0,710.0
0.839337836459189,0.1403247005,0.270355961,0.349787008,3673.0,710.0
0.8444053845571595,0.27753420366666665,0.2628848773333334,0.337946463,3673.0,710.0
0.8392143762814115,0.23171960233333333,0.3094920186666667,0.4847584253333333,3673.0,710.0
0.8523003578990942,0.104861755,0.252924664,0.45760513199999997,3673.0,710.0
0.850123354027069,0.0012542165,0.18541520649999998,0.5157332815,3673.0,710.0
0.8051458165809932,0.0,0.1434794195,0.4925903,3673.0,710.0
0.7151137469601799,0.0,0.10121134066666666,0.41160873566666667,4396.333333333333,849.6666666666666
0.6584447034976555,0.0,0.10383224699999999,0.3878334835,5843.0,1129.0
0.6687500374918294,0.0,0.11885069300000001,0.371623541,5843.0,1129.0
0.796954538926096,0.000441587,0.13625280866666667,0.449390019,5843.0,1129.0
0.8753994583961806,0.27702741,0.105174412,0.430882714,5843.0,1129.0
0.8476436932324738,0.6441323476666666,0.09483100366666668,0.352460205,5843.0,1129.0
0.840830455849137,0.6146758285,0.158846371,0.3200137165,5843.0,1129.0
0.8428277478706481,0.35624790500000003,0.19915300000000002,0.352094582,5843.0,1129.0
0.8577557832317976,0.05405359666666667,0.19115953466666666,0.32383464666666667,5843.0,1129.0
0.8055787700198093,0.0,0.21213040733333333,0.36258287066666667,5843.0,1129.0
0.6738889966720608,0.0,0.26522620999999996,0.50311454525,5843.0,1129.0
0.6618249522930533,0.0,0.27328594,0.43455260100000004,5843.0,1129.0
0.7818823470581306,0.0,0.2510402993333333,0.29450005500000004,5843.0,1129.0
0.8518515466110353,0.103391912,0.2209075425,0.228680918,5843.0,1129.0
0.840618622485517,0.24641035500000003,0.2496533285,0.269753856,5843.0,1129.0
0.8361947997370394,0.38513891349999996,0.32134452550000003,0.2982429845,5843.0,1129.0
0.8354491221951196,0.3167419415,0.3239490485,0.30233482300000003,5843.0,1129.0
0.8458220393216003,0.11576887466666665,0.29443902833333335,0.3193345433333333,5843.0,1129.0
0.8444140159011357,0.0,0.28460112800000004,0.352075466,5843.0,1129.0
0.7877541811818016,0.0,0.24950860549999998,0.340899877,5843.0,1129.0
0.67582987702321,0.0,0.22410656099999998,0.335985802,5843.0,1129.0
0.6289142100887106,0.0,0.20248873500000003,0.26693673875,5843.0,1129.0
0.6594657549017624,0.0,0.1699974245,0.2072889895,5843.0,1129.0
0.7179083325426445,0.105915822,0.1419919975,0.20654786,5843.0,1129.0
0.7519991884400654,0.5035550025,0.0779561895,0.13915518500000001,5843.0,1129.0
0.735835732010423,0.7794825439999999,0.048468487500000004,0.08649877950000001,5843.0,1129.0
0.7249860338181128,0.777403017,0.051767990333333326,0.09619551500000001,5843.0,1129.0
0.7483281136666404,0.3882230245,0.055247642,0.0948319985,5843.0,1129.0
0.7750040705318025,0.0008596343333333333,0.06136132999999999,0.09118946733333333,5843.0,1129.0
0.7182926901274157,0.0,0.0524056695,0.09335526175,5843.0,1129.0
0.6333127243938609,0.0,0.052095109,0.10273106766666666,5843.0,1129.0
0.6655628220142055,0.0,0.061264205,0.14288198600000002,5843.0,1129.0
0.743830729857659,0.290565175,0.07435843049999999,0.225182085,5843.0,1129.0
0.7412939277114843,0.5557113605,0.08540299400000001,0.26678589799999997,5843.0,1129.0
0.7248913393995239,0.67292938,0.1538259985,0.2819501475,5843.0,1129.0
0.7239655052624218,0.53916889,0.233808291,0.336236979,5843.0,1129.0
0.7507751300455691,0.152972365,0.31569216533333333,0.41112281433333336,5843.0,1129.0
0.7629098440491451,0.0,0.37373560299999997,0.444691528,5843.0,1129.0
0.7484846942462517,0.0,0.38445207000000003,0.44256369549999997,5843.0,1129.0
0.6730571388863708,0.0,0.424475598,0.45099986825,5843.0,1129.0
0.6832749153306509,0.0,0.4647945703333333,0.48601338999999993,5843.0,1129.0
0.8151429528346639,0.0,0.45140801249999996,0.548672095,5843.0,1129.0
0.8651239983139531,0.1272500755,0.433426296,0.584698277,5843.0,1129.0
0.8529657160104276,0.304847747,0.46720618033333333,0.5884347480000001,5843.0,1129.0
0.8522012931629662,0.3602954176666666,0.5554467006666667,0.6855468096666667,5843.0,1129.0
0.867083362695334,0.197274456,0.518953744,0.726488629,5843.0,1129.0
0.8717640637429435,0.001066497,0.5041837775,0.7352703075,5843.0,1129.0
0.8246083519244483,0.0,0.5300285570000001,0.6716873415,5843.0,1129.0
0.7408593979576542,0.0,0.5309604164999999,0.660302035,5843.0,1129.0
0.6608562738375244,0.0,0.4834038155,0.63170358175,5843.0,1129.0
0.7039965413743781,0.0,0.452306925,0.6196761705,5843.0,1129.0
0.8231238799871814,0.0,0.44040413450000004,0.6123914585,5843.0,1129.0
0.8697583902011594,0.15709992849999999,0.45001992700000004,0.49419359749999997,5843.0,1129.0
0.8509706871566807,0.3549058676666667,0.480952324,0.5127786763333333,5843.0,1129.0
0.8485910276122326,0.3222657835,0.49626697350000004,0.5437271935000001,5843.0,1129.0
0.8524976287986448,0.204580691,0.4773208175,0.583187815,5843.0,1129.0
0.8673572850460696,0.033359395,0.4679436305,0.6207018665,5843.0,1129.0
0.8380949312648874,0.0,0.4991143943333333,0.6269699759999999,5843.0,1129.0
0.7396074322954578,0.0,0.5593971435,0.5482567985,5843.0,1129.0
0.6595326551880277,0.0,0.5710122,0.6390062950000001,5843.0,1129.0
0.7010436582563973,0.0,0.566282556,0.666796547,5843.0,1129.0
0.8138756521716404,0.0,0.514708013,0.6632159129999999,5843.0,1129.0
0.8588475238337863,0.1516956845,0.442779932,0.6373772395,5843.0,1129.0
0.8454337094370711,0.3938075383333333,0.39433663,0.5509207603333334,5843.0,1129.0
0.8396119148820582,0.4301495673333333,0.32572555799999997,0.4952343936666666,5843.0,1129.0
0.8492597727731268,0.231606227,0.1682764605,0.349679243,5843.0,1129.0
0.860472609237392,0.0008834135,0.10519249950000001,0.196100092,5843.0,1129.0
0.8254812979937141,0.0,0.0911428245,0.19073405799999998,5843.0,1129.0
0.7412237147434209,0.0,0.086459306,0.272857754,5843.0,1129.0
0.6614453825356992,0.0,0.09761440725000001,0.32943902950000004,5843.0,1129.0
0.703792012673917,0.0,0.15284296,0.3796667205,5843.0,1129.0
0.8208612344217683,0.0,0.2122429625,0.4247446065,5843.0,1129.0
0.862130799449154,0.1205045195,0.286537952,0.468665027,5843.0,1129.0
0.8500208711893874,0.297126382,0.40235062800000004,0.5170403896666667,5843.0,1129.0
0.8474649803789768,0.2864722966666666,0.478218141,0.520864642,5843.0,1129.0
0.8580991539054308,0.068132198,0.45555946375,0.5333698547500001,5843.0,1129.0
0.824443623892156,0.0,0.4442174665,0.609229102,5843.0,1129.0
0.73920731827449,0.0,0.4350397295,0.607873105,5843.0,1129.0
0.6600447261260303,0.0,0.37364550374999994,0.5323308575000001,5843.0,1129.0
0.7016271362970243,0.0,0.36585301849999996,0.5583349885,5843.0,1129.0
0.8176652392978008,0.0,0.3633892095,0.5045036825,5843.0,1129.0
0.8641790832011644,0.256115937,0.37526788099999997,0.4761112755,5843.0,1129.0
0.849599342880494,0.517212315,0.437903268,0.522891585,5843.0,1129.0
0.8447474988704209,0.5974962255,0.487065477,0.5615434210000001,5843.0,1129.0
0.8453173040987492,0.451631934,0.510765691,0.5999756285,5843.0,1129.0
0.8547893054864825,0.20146220399999998,0.516099816,0.6517513195,5843.0,1129.0
0.8602631171182114,0.000776959,0.509088713,0.6747004755,5843.0,1129.0
0.8242117028672828,0.0,0.515322647,0.66586027,5843.0,1129.0
0.7306217016195123,0.0,0.522726646,0.6132440105,5843.0,1129.0
0.6442438655736857,0.0,0.5423409895,0.6175798315000001,5843.0,1129.0
0.623313090904834,0.0,0.5511814916666666,0.5543605846666667,5843.0,1129.0
0.6508239725829239,0.0,0.558382936,0.4978563495,5843.0,1129.0
0.698384902184201,0.040347804,0.565122664,0.518681635,5843.0,1129.0
0.7409728767201225,0.23504740749999997,0.5729522570000001,0.505592409,5843.0,1129.0
0.7303138551428314,0.32462817099999997,0.6498858325,0.4996482682500001,5843.0,1129.0
0.735620550716797,0.21252298800000002,0.6045660715000001,0.5424953775000001,5843.0,1129.0
0.7603766942751584,0.0229886495,0.52190785675,0.553213413,5843.0,1129.0
0.7080315817103561,0.0,0.47766631950000005,0.61509766825,5843.0,1129.0
0.6245756661963663,0.0,0.43586748825,0.532470908,5843.0,1129.0
0.6494137405996381,0.0,0.412639657,0.4679204885,5843.0,1129.0
0.7068948116717793,0.08731317866666667,0.3890528656666667,0.4423252813333334,5843.0,1129.0
0.7268874140583923,0.329755882,0.341572025,0.39107245749999997,5843.0,1129.0
0.7228862277174211,0.403993158,0.372969216,0.35998403300000004,5843.0,1129.0
0.7239529328601868,0.3676218425,0.3597023105,0.2949930835,5843.0,1129.0
0.7488588441449602,0.193357565,0.3368703795,0.3159289505,5843.0,1129.0
0.7615391084136715,0.0004860785,0.32460661874999996,0.25576661325,5843.0,1129.0
0.7239230590294573,0.0,0.264520442,0.2419492935,5843.0,1129.0
0.6576925641227073,0.0,0.22049760200000001,0.263799251,5843.0,1129.0
0.6987922036720975,0.0,0.165501915,0.216036745,5843.0,1129.0
0.8101985838221963,0.0,0.13605749150000002,0.1529278515,5843.0,1129.0
0.8564530208954284,0.147257507,0.109132551,0.112540455,5843.0,1129.0
0.8452182004325729,0.41289728124999997,0.0822187445,0.09925458075,5843.0,1129.0
0.8394896877688899,0.38019648250000004,0.1033148045,0.0974607605,5843.0,1129.0
0.8488136773432366,0.07610371625000001,0.09543173775,0.09937931875,5843.0,1129.0
0.8230301844843929,0.0,0.0831933635,0.129190205,5843.0,1129.0
0.7406038307456626,0.0,0.072804427,0.1131441295,5843.0,1129.0
0.6580385023386057,0.0,0.08252775575,0.12451182475,5843.0,1129.0
0.699597067259446,0.0,0.105533326,0.142101173,5843.0,1129.0
0.8140915123587438,0.0,0.1236908905,0.151661137,5843.0,1129.0
0.8588007463757651,0.1920488795,0.1154467605,0.173651489,5843.0,1129.0
0.8429107673897558,0.5174237355,0.09269469550000001,0.1769319595,5843.0,1129.0
0.8367004088826218,0.675993438,0.1247379435,0.22191664449999998,5843.0,1129.0
0.8346795641548383,0.5718868945,0.14160319500000002,0.29391993,5843.0,1129.0
0.8415549687102553,0.2629601185,0.145856543,0.325828319,5843.0,1129.0
0.8480016965823324,0.000848745,0.16890684649999999,0.308802912,5843.0,1129.0
0.822129096944473,0.0,0.180615752,0.26513025199999996,5843.0,1129.0
0.7406193998140814,0.0,0.19178531399999998,0.266284147,5843.0,1129.0
0.6580577003074799,0.0,0.19844647199999998,0.273713321,5843.0,1129.0
0.6989821700709231,0.0,0.208241716,0.3130199145,5843.0,1129.0
0.8108411074027235,0.0,0.21545971600000002,0.32916680649999996,5843.0,1129.0
0.852960768320747,0.155073692,0.2179591355,0.329387547,5843.0,1129.0
0.8411037226969108,0.4192103975,0.1948487165,0.309517038,5843.0,1129.0
0.8363495072886122,0.5376521910000001,0.217128537,0.267300702,5843.0,1129.0
0.8348690154750142,0.4460110215,0.2060935885,0.23353898499999998,5843.0,1129.0
0.8399409338634515,0.1893672825,0.19244201449999998,0.236180005,5843.0,1129.0
0.8418770265496178,0.000946501,0.23578187350000002,0.2789027595,5843.0,1129.0
0.8199170684552212,0.0,0.2701510375,0.3076103135,5843.0,1129.0
0.7399065929315093,0.0,0.2923286845,0.33943710699999996,5843.0,1129.0
0.6574707689577,0.0,0.2619264885,0.38621025200000003,5843.0,1129.0
0.6975217658373614,0.0,0.224742864,0.33925601800000005,5843.0,1129.0
0.8064444895296636,0.0,0.194591979,0.30840858000000004,5843.0,1129.0
0.8477971678006544,0.1621755315,0.1700114795,0.292221453,5843.0,1129.0
0.8394700215430062,0.46747713125,0.129965985,0.18521910774999997,5843.0,1129.0
0.8365209311809166,0.402610812,0.1148873315,0.1413686345,5843.0,1129.0
0.8417667084305951,0.1893820085,0.112315468,0.13338359649999998,5843.0,1129.0
0.8436290995507287,0.0005932785,0.1242113015,0.1776403175,5843.0,1129.0
0.8209018778794588,0.0,0.123905472,0.22589933899999998,5843.0,1129.0
0.7192663787691597,0.0,0.12625694166666668,0.28187684566666665,5843.0,1129.0
0.6516379901460858,0.0,0.121103986,0.2282783755,5843.0,1129.0
0.6818581825436795,0.0,0.12933882966666665,0.23845043266666666,5843.0,1129.0
0.8094414343693226,0.0,0.131217938,0.229161951,5843.0,1129.0
0.850797015744434,0.16103928150000002,0.1320255775,0.2522965215,5843.0,1129.0
0.8417437020715438,0.48138280333333333,0.125426282,0.24891755933333334,5843.0,1129.0
0.8370573039985056,0.4679142203333333,0.15029473,0.211778841,5843.0,1129.0
0.8427304468985286,0.206607925,0.150091195,0.2670782805,5843.0,1129.0
0.834686002516134,0.0004669415,0.18218754,0.30921920599999997,5843.0,1129.0
0.731337833122792,0.0,0.21841205549999998,0.4060717705,5843.0,1129.0
0.6438255136102045,0.0,0.22252894,0.438953649,5843.0,1129.0
0.6287590225848702,0.0,0.22311557875,0.43491597025000006,5843.0,1129.0
0.6842850566834849,0.019498817666666664,0.24737316733333334,0.458169945,5843.0,1129.0
0.7417218319392838,0.315490665,0.225518127,0.434821922,5843.0,1129.0
0.733431302315843,0.48186214549999995,0.249032855,0.40310194899999996,5843.0,1129.0
0.7286028392108695,0.37313936366666667,0.2542231923333333,0.4252102423333333,5843.0,1129.0
0.754146575858252,0.1342603055,0.2446995755,0.5198541805,5843.0,1129.0
0.7636365226040089,0.0,0.32401693525,0.592476979,5843.0,1129.0
0.7156368371593405,0.0,0.366523964,0.5952483245,5843.0,1129.0
0.6322649245001175,0.0,0.36581025,0.58159758225,5843.0,1129.0
0.6376672471624165,0.0,0.3450968365,0.6115373040000001,5843.0,1129.0
0.6715463868112304,0.0,0.3427148195,0.6655982899999999,5843.0,1129.0
0.739921108452113,0.0769300765,0.36321472850000003,0.668138201,5843.0,1129.0
0.7519717259711781,0.23731793333333337,0.32069450866666666,0.5972799043333333,5843.0,1129.0
0.7497737448402736,0.205433369,0.35151737149999995,0.616226183,5843.0,1129.0
0.7649018449410645,0.122240433,0.340900708,0.606101598,5843.0,1129.0
0.7973491432623399,0.0206325685,0.3359163195,0.594745884,5843.0,1129.0
0.7777043364312334,0.0,0.3310780306666667,0.5568241313333334,5843.0,1129.0
0.7266101203871351,0.0,0.2693249335,0.4909255105,5843.0,1129.0
0.658644011240072,0.0,0.21040815525,0.48279812650000004,5843.0,1129.0
0.6999743777203831,0.0,0.1363351505,0.48989084050000004,5843.0,1129.0
0.8123671593117001,0.0,0.1126515005,0.510756283,5843.0,1129.0
0.8635677914819724,0.084939486,0.09481302,0.395687332,5843.0,1129.0
0.8539295170696488,0.2725453845,0.066008504,0.339614941,5843.0,1129.0
0.8474606725715081,0.32754848166666667,0.08967155366666667,0.3701625523333334,5843.0,1129.0
0.8510161536899958,0.221457837,0.112216643,0.471648406,5843.0,1129.0
0.8661482338332386,0.0416537155,0.106094877,0.43188528550000005,5843.0,1129.0
0.8379101623794458,0.0,0.10916337966666667,0.3145861073333333,5843.0,1129.0
0.7396663841108604,0.0,0.151580483,0.369162212,5843.0,1129.0
0.6601621850121674,0.0,0.19039080125000002,0.47111418174999997,5843.0,1129.0
0.7014565786659748,0.0,0.223293664,0.48806777,5843.0,1129.0
0.8189493967258674,0.0,0.2465971965,0.6006151715,5843.0,1129.0
0.866863054168161,0.0868642115,0.3039711155,0.6308588275,5843.0,1129.0
0.8564625886992792,0.280305467,0.4090563723333333,0.637041891,5843.0,1129.0
0.8539557854310473,0.342085013,0.4888576955,0.634377457,5843.0,1129.0
0.8613586661780583,0.2778786655,0.479352573,0.5855072324999999,5843.0,1129.0
0.880959426881164,0.0510567415,0.4533554045,0.505624978,5843.0,1129.0
0.8579699421378904,0.0,0.4266680175,0.45078788599999997,5843.0,1129.0
0.7860520228916417,0.0,0.429159435,0.3974477425,5843.0,1129.0
0.6763269642242078,0.0,0.3735929845,0.35486529200000005,5843.0,1129.0
0.6647515903589343,0.0,0.346790179,0.29862207350000003,5843.0,1129.0
0.7908137145747655,0.0,0.3260988413333334,0.2554154886666667,5843.0,1129.0
0.8744485965696214,0.140989438,0.3239289675,0.22186979150000002,5843.0,1129.0
0.8609398225264433,0.39211939949999997,0.3264955545,0.2193604645,5843.0,1129.0
0.8514039995478679,0.4865171285,0.3855906565,0.3438509485,5843.0,1129.0
0.8491683716525291,0.436479619,0.37301036200000004,0.381812601,5843.0,1129.0
0.8789497030035552,0.10472180249999999,0.2756335935,0.42636584600000005,5843.0,1129.0
0.8310562970779511,0.0,0.25672378149999997,0.4099244715,5843.0,1129.0
0.7422585325218897,0.0,0.25860545999999995,0.388390805,5843.0,1129.0
0.6663928652481466,0.0,0.24206810175000004,0.40016003525,5843.0,1129.0
0.7075049249583767,0.0,0.228199351,0.395880503,5843.0,1129.0
0.8285503054389591,0.0,0.2175429415,0.3935714805,5843.0,1129.0
0.8827485378706348,0.0761997865,0.2124113195,0.411809805,5843.0,1129.0
0.8600324448869866,0.25982739433333335,0.19981669233333335,0.35741790900000003,5843.0,1129.0
0.851898277288025,0.267767758,0.2092553605,0.3036113375,5843.0,1129.0
0.858197367879228,0.1511501915,0.17543530899999998,0.2331731385,5843.0,1129.0
0.8791624025066044,0.017784317499999997,0.1673693525,0.2295777375,5843.0,1129.0
0.8398116987460038,0.0,0.16778330899999996,0.2684888616666667,5843.0,1129.0
0.7061535278379145,0.0,0.1477571875,0.2405869645,5843.0,1129.0
0.662945099647715,0.0,0.134250577,0.24653408200000002,5843.0,1129.0
0.7654111064182265,0.0,0.1392380895,0.3177019855,5843.0,1129.0
0.8669754950035635,0.052443487000000004,0.14465657899999998,0.262213297,5843.0,1129.0
0.8631306394726451,0.319935421,0.18748585350000002,0.2175904145,5843.0,1129.0
0.8566419102747059,0.47035889399999997,0.244288552,0.2448062755,5843.0,1129.0
0.8554277553000607,0.408111006,0.28236558700000003,0.3082993045,5843.0,1129.0
0.8777022089907273,0.09479401675,0.21925099250000002,0.30774360475,5843.0,1129.0
0.8306835753813957,0.0,0.2180745445,0.311369228,5843.0,1129.0
0.712184322823974,0.0,0.2534700423333333,0.364667503,5843.0,1129.0
0.638089216331095,0.0,0.18781793549999998,0.33478890024999997,5843.0,1129.0
0.6956381515601368,0.0166801795,0.16338102575,0.2935339305,5843.0,1129.0
0.7735455940124386,0.322191082,0.1877105235,0.29235650199999996,5843.0,1129.0
0.7563874169418691,0.5274703383333333,0.2894830446666667,0.2700952326666667,5843.0,1129.0
0.7516657055519975,0.383967454,0.3277644085,0.315607984,5843.0,1129.0
0.7899938360630576,0.145970261,0.351427413,0.440108771,5843.0,1129.0
0.7973750838722578,0.000376632,0.44797857575,0.587729587,5843.0,1129.0
0.7025548356382539,0.0,0.46847836066666665,0.6166690063333333,5843.0,1129.0
0.6297550112949633,0.0,0.4579170505,0.6251450605,5843.0,1129.0
0.6362312228309718,0.0,0.4239435946666667,0.5969790243333333,5843.0,1129.0
0.6778696856116672,0.0,0.37657387600000003,0.5534971154999999,5843.0,1129.0
0.7427055644251905,0.0658891,0.34447081700000004,0.578401532,5843.0,1129.0
0.7488751233754277,0.2867969426666667,0.41677320566666665,0.5506182513333333,5843.0,1129.0
0.7408213999835425,0.4267368535,0.440484471,0.447712927,5843.0,1129.0
0.7522986534776904,0.277502929,0.4122060915,0.4195910275,5843.0,1129.0
0.7828439315952576,0.010777653333333333,0.41650134066666666,0.4346167113333333,5843.0,1129.0
0.7742157205132373,0.0,0.447759794,0.4488917015,5843.0,1129.0
0.713681796314467,0.0,0.5309167426666667,0.44005421466666667,5843.0,1129.0
0.6541519263304486,0.0,0.6095423126666666,0.5450022203333335,5843.0,1129.0
0.7351038988383237,0.0,0.625011057,0.634291437,5843.0,1129.0
0.8600244535335116,0.027293622,0.619737041,0.7692635434999999,5843.0,1129.0
0.8707988269013094,0.32001175,0.5864673444999999,0.7893207865,5843.0,1129.0
0.8594432230128266,0.507049639,0.6324691755,0.7267195685000001,5843.0,1129.0
0.8513906078278437,0.462919503,0.6014108895,0.6249542095,5843.0,1129.0
0.8630077568294429,0.2617551043333333,0.461147751,0.5242145223333333,5843.0,1129.0
0.8831977706752803,0.000665574,0.406574495,0.5172845079999999,5843.0,1129.0
0.8305185195570142,0.0,0.3889641745,0.5457721085,5843.0,1129.0
0.7248902312467663,0.0,0.2814621,0.477036996,5843.0,1129.0
0.6632745635091382,0.0,0.251134559,0.4383804335,5843.0,1129.0
0.7003007745274962,0.0,0.23442307799999998,0.375667435,5843.0,1129.0
0.8400340675065587,0.0,0.21433376199999998,0.343767593,5843.0,1129.0
0.8964195115775395,0.141261849,0.183423027,0.3340490305,5843.0,1129.0
0.8732482547503697,0.5287499835,0.141508348,0.30400540600000003,5843.0,1129.0
0.8558879917180422,0.734106945,0.164526259,0.266583566,5843.0,1129.0
0.8501710212180779,0.6376714695000001,0.1647846445,0.24699080699999998,5843.0,1129.0
0.8733221903839943,0.26469528200000003,0.16024527500000002,0.2357062,5843.0,1129.0
0.8937645716517504,0.0009090995,0.164873843,0.2695257085,5843.0,1129.0
0.8331590375242626,0.0,0.16091009550000002,0.321177518,5843.0,1129.0
0.7496438541386474,0.0,0.1664512,0.3583968075,5843.0,1129.0
0.6730831380944037,0.0,0.17136898775,0.34384119,5843.0,1129.0
0.720587410343686,0.0,0.1689707295,0.33767472649999997,5843.0,1129.0
0.8666311176308276,0.022340957999999998,0.16545353966666668,0.36593332666666667,5843.0,1129.0
0.8942828703145811,0.512762253,0.1421570995,0.3591445765,5843.0,1129.0
0.8663640472393103,0.782524672,0.12131856099999999,0.323417646,5843.0,1129.0
0.8505745533405988,0.8061800990000001,0.119177366,0.29940995150000005,5843.0,1129.0
0.8618103337350617,0.41661254333333336,0.11436773133333333,0.28729829300000004,5843.0,1129.0
0.8805040133763733,0.0009610085,0.1379761385,0.330931481,5843.0,1129.0
0.8318064698221892,0.0,0.1621248885,0.372503674,5843.0,1129.0
0.7463806894938316,0.0,0.19235868,0.451981978,5843.0,1129.0
0.6759043628618665,0.0,0.20966034275,0.49593922275,5843.0,1129.0
0.7179847732355362,0.0,0.22056268,0.5266741045000001,5843.0,1129.0
0.8438672480567789,0.0,0.225078675,0.540211476,5843.0,1129.0
0.8980015186357349,0.2181389635,0.222506862,0.467820432,5843.0,1129.0
0.8609954029807155,0.6196269357499999,0.1630857045,0.3700164955,5843.0,1129.0
0.8502004268324062,0.508395725,0.1589382915,0.2363827405,5843.0,1129.0
0.8759102338407203,0.10955202933333334,0.15506238833333333,0.2348918183333333,5843.0,1129.0
0.8651517182680206,0.0,0.179029932,0.253613997,5843.0,1129.0
0.7855754682589995,0.0,0.170109962,0.304300695,5843.0,1129.0
0.6785072808998569,0.0,0.171442192,0.40359042450000004,5843.0,1129.0
0.668415992662863,0.0,0.19865217400000001,0.466955834,5843.0,1129.0
0.7673760428590398,0.0,0.221540923,0.5075485725,5843.0,1129.0
0.8729381059322252,0.06728486299999999,0.24173459833333333,0.5238498063333333,5843.0,1129.0
0.8564428366810986,0.48268657375,0.2593115735,0.525442884,5843.0,1129.0
0.8491849943499804,0.541754556,0.2920709975,0.4783035255,5843.0,1129.0
0.8795016917112033,0.15898831866666666,0.22224374400000002,0.350668398,5843.0,1129.0
0.8515629526675624,0.0,0.21898599500000002,0.3689391016666666,5843.0,1129.0
0.7045149452945296,0.0,0.1947224995,0.43586057025,7336.5,1418.0
0.6582710904804813,0.0,0.18697112999999999,0.38104055475,8830.0,1707.0
0.7071557558868767,0.0,0.1690323145,0.34556806500000004,8830.0,1707.0
0.7804102758031431,0.123431893,0.16481427850000002,0.3700716475,8830.0,1707.0
0.7837517930447925,0.4989423866666667,0.143926242,0.420771333,8830.0,1707.0
0.7625731536553828,0.5861375339999999,0.19709253100000002,0.3863537845,8830.0,1707.0
0.7885688934757691,0.2711619943333333,0.20538293100000002,0.41122189166666673,8830.0,1707.0
0.8130656847818691,0.00034404675,0.22357136425000002,0.42260478425000003,8830.0,1707.0
0.6949587421514283,0.0,0.2346534125,0.4802258875,8830.0,1707.0
0.6482564419994143,0.0,0.22097762925,0.47364452975000004,8830.0,1707.0
0.703640910510458,0.0,0.21444500649999998,0.41977239349999995,8830.0,1707.0
0.7733324261711627,0.144159906,0.209082194,0.416335909,8830.0,1707.0
0.7779397301355302,0.451075739,0.176967314,0.3863524355,8830.0,1707.0
0.7565990707074778,0.55019270825,0.199986094,0.39127653824999997,8830.0,1707.0
0.7923792784252314,0.2274443055,0.2141583475,0.4345295525,8830.0,1707.0
0.8078419501695047,0.00040194225,0.23468539125,0.48270932875,8830.0,1707.0
0.7204279656982916,0.0,0.25153888,0.550851828,8830.0,1707.0
0.6652718086684007,0.0,0.2321466015,0.524058108,8830.0,1707.0
0.7880552149271086,0.0,0.2155636095,0.468667247,8830.0,1707.0
0.9165566606648391,0.08836789633333335,0.187022667,0.42536996099999996,8830.0,1707.0
0.8973690154547099,0.4368450155,0.123787216,0.37895188999999996,8830.0,1707.0
0.878167994118234,0.5244036055,0.127501194,0.31381353549999996,8830.0,1707.0
0.9031647132870629,0.11421874966666667,0.12601955366666667,0.2620090286666667,8830.0,1707.0
0.891251462798594,0.0,0.1379933875,0.17683213949999999,8830.0,1707.0
0.8088179215117176,0.0,0.130007451,0.13050503949999998,8830.0,1707.0
0.7012598930166214,0.0,0.120923439,0.121580665,8830.0,1707.0
0.6665257761282981,0.0,0.096134544,0.08231826275,8830.0,1707.0
0.7857641937422324,0.0,0.0709773695,0.075322376,8830.0,1707.0
0.9104407468338077,0.09931916833333332,0.06312354033333333,0.09604302233333334,8830.0,1707.0
0.8888772348080497,0.529115532,0.038674955999999996,0.1203254165,8830.0,1707.0
0.8690858677968339,0.72138878,0.03422412933333333,0.11058915266666668,8830.0,1707.0
0.8685418470386089,0.527654192,0.0325653985,0.1082048005,8830.0,1707.0
0.8875931710232632,0.0629258045,0.0420696025,0.0854086905,8830.0,1707.0
0.8777710641312277,0.0,0.050782882,0.0759265835,8830.0,1707.0
0.8060346829825,0.0,0.058179526,0.09298032049999999,8830.0,1707.0
0.7017557861642751,0.0,0.0612900425,0.13392132750000002,8830.0,1707.0
0.6681007009768856,0.0,0.061158986750000005,0.20945864449999999,8830.0,1707.0
0.7879959352383996,0.0,0.0637770995,0.20331657250000001,8830.0,1707.0
0.9192091968902628,0.012996627,0.06991800749999999,0.21406561000000002,8830.0,1707.0
0.9140795440490657,0.4022494435,0.0751014745,0.233603202,8830.0,1707.0
0.8847862862257101,0.680713562,0.066739327,0.221011485,8830.0,1707.0
0.868325003637672,0.7538673315,0.08761967849999999,0.19450778349999998,8830.0,1707.0
0.8782992427421764,0.39439638799999993,0.103626556,0.245734673,8830.0,1707.0
0.876710399304904,0.00043306375,0.13401645325,0.35007954500000005,8830.0,1707.0
0.7307638447822677,0.0,0.172268813,0.3935257446666667,8830.0,1707.0
0.6671018207767124,0.0,0.16905080975000003,0.38896350900000004,8830.0,1707.0
0.7880669677679033,0.0,0.15491248000000002,0.385210363,8830.0,1707.0
0.9144027724700393,0.0125673935,0.14930527799999999,0.32956684999999997,8830.0,1707.0
0.9002425313039455,0.4162288745,0.10848820849999999,0.295606953,8830.0,1707.0
0.871217623771893,0.668851556,0.070501384,0.26688219550000003,8830.0,1707.0
0.8594965559877652,0.725593344,0.084579038,0.25923279,8830.0,1707.0
0.8669555790081213,0.39262907499999994,0.10254404366666665,0.233169657,8830.0,1707.0
0.8817921196595374,0.0005624716666666667,0.13258958066666668,0.21291857,8830.0,1707.0
0.8062796679353083,0.0,0.1241370865,0.2308543505,8830.0,1707.0
0.6873773826049762,0.0,0.11407013466666667,0.23064107133333334,8830.0,1707.0
0.669331111886236,0.0,0.10611047466666668,0.235294333,8830.0,1707.0
0.791056280233531,0.0,0.10514925050000001,0.2849729525,8830.0,1707.0
0.9202184018102948,0.0106130845,0.120155787,0.3256980625,8830.0,1707.0
0.9136525529447695,0.37521689449999995,0.1259106015,0.3696501885,8830.0,1707.0
0.8916527473199557,0.6538011029999999,0.1195661955,0.3826669025,8830.0,1707.0
0.8784922057530413,0.7137221685,0.15315730700000002,0.4196964645,8830.0,1707.0
0.8824796725818991,0.483912416,0.17277999249999998,0.4538939415,8830.0,1707.0
0.914204799151134,0.03708041233333333,0.26574831866666665,0.5074319616666667,8830.0,1707.0
0.8541879873045441,0.0,0.306366256,0.565413562,8830.0,1707.0
0.7210766388457545,0.0,0.2830052326666667,0.562270637,8830.0,1707.0
0.6371969200921683,0.0,0.26644582024999997,0.593365463,8830.0,1707.0
0.6690020694060375,0.0,0.22691875350000001,0.5650797864999999,8830.0,1707.0
0.7517199203006509,0.08487257233333334,0.18570555733333335,0.5307622373333333,8830.0,1707.0
0.7689369320986825,0.487772785,0.116865807,0.3785530665,8830.0,1707.0
0.7515189229183372,0.69341910325,0.12401550775,0.38478536625000004,8830.0,1707.0
0.8019066728994595,0.13842644275000002,0.14883552075,0.47904572825,8830.0,1707.0
0.7818000454708378,0.0,0.17419079633333334,0.5395681256666667,8830.0,1707.0
0.6726224802816613,0.0,0.18056957525,0.53447194575,8830.0,1707.0
0.6681997461667725,0.0,0.20693974774999999,0.53338961725,8830.0,1707.0
0.760403212446724,0.115460577,0.198245054,0.532334934,8830.0,1707.0
0.7725564065008955,0.607057714,0.131315309,0.4637766345,8830.0,1707.0
0.73970665299543,0.780811567,0.146029546,0.4072509795,8830.0,1707.0
0.7255219227714789,0.6859425665000001,0.163551766,0.3865709825,8830.0,1707.0
0.7653221401853485,0.2879199395,0.185674017,0.36070415899999997,8830.0,1707.0
0.7986208219720603,0.00048598325,0.21531229875000002,0.2892078885,8830.0,1707.0
0.7198985853183771,0.0,0.20577378833333335,0.2409485636666667,8830.0,1707.0
0.6700539664031009,0.0,0.21036118225,0.23108903075,8830.0,1707.0
0.7943963537064223,0.0,0.218755192,0.234351198,8830.0,1707.0
0.9221966519486017,0.11305444933333332,0.21749420966666666,0.25384471233333333,8830.0,1707.0
0.8875687287464373,0.5702368705,0.129901787,0.2466028805,8830.0,1707.0
0.8684938521096554,0.7123591183333334,0.082200692,0.272899085,8830.0,1707.0
0.8706855120348858,0.47553101600000003,0.0757373485,0.3812738215,8830.0,1707.0
0.8832716594060476,0.02290862725,0.09511894875,0.415516241,8830.0,1707.0
0.8080533736711875,0.0,0.089021187,0.3947951205,8830.0,1707.0
0.6854042597949699,0.0,0.061688269,0.3692092735,8830.0,1707.0
0.6844837636090996,0.0,0.047523845499999995,0.37342680149999996,8830.0,1707.0
0.8058012168841119,0.0,0.045967137000000005,0.301785804,8830.0,1707.0
0.9323157656000266,0.072071201,0.04710967733333334,0.20058510733333335,8830.0,1707.0
0.9026868553099745,0.4175294615,0.036549804000000005,0.1279681405,8830.0,1707.0
0.8812886331761901,0.520205922,0.053445964000000006,0.09074803866666666,8830.0,1707.0
0.8882304033929815,0.265878756,0.0723876305,0.13039461,8830.0,1707.0
0.9081981030967423,0.01021876525,0.10771125025,0.225441063,8830.0,1707.0
0.8125524432216469,0.0,0.1237886815,0.30869549500000004,8830.0,1707.0
0.7072409996166279,0.0,0.12552279049999998,0.286536831,8830.0,1707.0
0.673507577277184,0.0,0.11457066275000001,0.18394513525,8830.0,1707.0
0.7940756304259327,0.0,0.09224506299999999,0.14869124849999998,8830.0,1707.0
0.9252307128532955,0.074785121,0.07191297033333333,0.08794512733333333,8830.0,1707.0
0.903321793297502,0.3923776365,0.053244111999999996,0.066508119,8830.0,1707.0
0.8893671578514173,0.537434822,0.0860197985,0.1071515365,8830.0,1707.0
0.8872025156233336,0.42095832450000004,0.126016687,0.1858459355,8830.0,1707.0
0.9074057494421669,0.08469305633333334,0.191646142,0.346145763,8830.0,1707.0
0.8828958473594196,0.0,0.27347173150000004,0.42605293099999997,8830.0,1707.0
0.8058465428306814,0.0,0.35024742200000003,0.5407081775,8830.0,1707.0
0.6769425286515586,0.0,0.47527405450000004,0.59058296575,8830.0,1707.0
0.6668074127604786,0.0,0.561283055,0.6270606670000001,8830.0,1707.0
0.7815031323547285,0.0,0.5903544844999999,0.7640924044999999,8830.0,1707.0
0.903467666706078,0.028431508333333338,0.5824951933333332,0.8052836556666666,8830.0,1707.0
0.9035300211105741,0.30064545675,0.6137676559999999,0.811796305,8830.0,1707.0
0.9058035767272601,0.351649254,0.7185739255,0.843765879,8830.0,1707.0
0.9315198065031927,0.08715921224999999,0.71289019825,0.8541163355,8830.0,1707.0
0.8567855205696626,0.0,0.6397841980000001,0.7788662155,8830.0,1707.0
0.731155155712231,0.0,0.569687449,0.7647881280000001,8830.0,1707.0
0.6666440544134414,0.0,0.54041845825,0.762145357,8830.0,1707.0
0.7857795052713265,0.0,0.476069468,0.6978923269999999,8830.0,1707.0
0.9111138935537401,0.07617032466666666,0.39759657066666665,0.6345982446666666,8830.0,1707.0
0.8958720414491895,0.434843406,0.35419655299999997,0.582509643,8830.0,1707.0
0.8854258130588364,0.5167325745,0.435622585,0.5736166715,8830.0,1707.0
0.8841775698185497,0.3892315985,0.40011923650000003,0.5094063155,8830.0,1707.0
0.9198373921555296,0.101475706,0.30586795433333336,0.3861849446666667,8830.0,1707.0
0.9039326635813245,0.0,0.301808413,0.37029147549999997,8830.0,1707.0
0.813293016920535,0.0,0.286804766,0.4091856,8830.0,1707.0
0.6907482510184454,0.0,0.2968407365,0.4427744775,8830.0,1707.0
0.6420908943602003,0.0,0.30294802600000004,0.42788253800000003,8830.0,1707.0
0.6718242658139018,0.0,0.3100192895,0.4133476385,8830.0,1707.0
0.7373633056836157,0.004819543,0.305768387,0.4064042575,8830.0,1707.0
0.7881940490086892,0.2802204365,0.29828509449999996,0.42709832000000003,8830.0,1707.0
0.7785090672286745,0.470392039,0.3216155555,0.431360396,8830.0,1707.0
0.7687459044093479,0.43921197466666667,0.3794372963333334,0.48500098433333333,8830.0,1707.0
0.8022522130705043,0.149505262,0.386297569,0.5552754630000001,8830.0,1707.0
0.8024412897769508,0.00046190325,0.3779708165,0.52784804525,8830.0,1707.0
0.7292401027950145,0.0,0.349184026,0.33861281200000004,8830.0,1707.0
0.6386068944955209,0.0,0.37399223375,0.22352691149999998,8830.0,1707.0
0.6537223754807259,0.0,0.4138013106666667,0.2566176003333333,8830.0,1707.0
0.730341083489982,0.003131994,0.46075703,0.36840871900000005,8830.0,1707.0
0.7777419441573299,0.169470297,0.5142551689999999,0.4362796805,8830.0,1707.0
0.7690570833306472,0.30600311150000004,0.551104262,0.5564387335000001,8830.0,1707.0
0.7621230078896681,0.401071355,0.581383627,0.608713745,8830.0,1707.0
0.7728543263025716,0.30941833900000004,0.5541087955,0.6013632835,8830.0,1707.0
0.81198071814364,0.01939004375,0.479219442,0.600578034,8830.0,1707.0
0.736533836004614,0.0,0.371144503,0.56822695875,8830.0,1707.0
0.6758017356337731,0.0,0.282479248,0.51381743,8830.0,1707.0
0.8087369153637431,0.0,0.2186568455,0.46983011649999995,8830.0,1707.0
0.9361257682066019,0.07371500433333333,0.17111358399999999,0.4580437386666667,8830.0,1707.0
0.9138213546627939,0.39547632,0.09940709549999999,0.3797453905,8830.0,1707.0
0.894628574422279,0.6121808655000001,0.0984861115,0.297692818,8830.0,1707.0
0.8902939987553029,0.6083553305,0.0957938415,0.271233148,8830.0,1707.0
0.9167366377702997,0.2697609165,0.106322876,0.33106864150000004,8830.0,1707.0
0.8969497503677254,0.0004309445,0.15800289975,0.40369343775,8830.0,1707.0
0.746962286790799,0.0,0.21919605433333333,0.48051472266666667,8830.0,1707.0
0.6859115780319376,0.0,0.26374439699999996,0.54947009125,8830.0,1707.0
0.8146980279457765,0.0,0.305838556,0.587236459,8830.0,1707.0
0.9321538782700739,0.0032586795,0.361124741,0.6957107695,8830.0,1707.0
0.9300755801005882,0.245769248,0.3692065875,0.6974314705,8830.0,1707.0
0.8984441022395742,0.4555567915,0.39019119675,0.6469495080000001,8830.0,1707.0
0.9064837470992939,0.25953430850000003,0.4115397405,0.572900072,8830.0,1707.0
0.9304837477685225,0.025878197,0.38246719399999995,0.493467812,8830.0,1707.0
0.8762334154535901,0.0,0.34764050566666665,0.4380993403333333,8830.0,1707.0
0.7539622753245732,0.0,0.28707473149999996,0.429676178,8830.0,1707.0
0.6731746797205302,0.0,0.284733125,0.489070041,8830.0,1707.0
0.6671005721590344,0.0,0.30539027133333335,0.5235889446666667,8830.0,1707.0
0.7851752372042358,0.0,0.32850823549999997,0.5274354065,8830.0,1707.0
0.910937443840935,0.0020877565,0.344285786,0.565459285,8830.0,1707.0
0.9067619772845703,0.1893028935,0.335010828,0.5910343455,8830.0,1707.0
0.8849303178748192,0.4571468285,0.36937697550000004,0.572917685,8830.0,1707.0
0.8792184980801349,0.48398073933333335,0.37005598,0.552786866,8830.0,1707.0
0.9105458050647377,0.08595172849999999,0.2603430745,0.46652213275000004,8830.0,1707.0
0.8564000626560448,0.0,0.22906615549999998,0.4310539175,8830.0,1707.0
0.7321720554622203,0.0,0.248186852,0.42717552566666667,8830.0,1707.0
0.666372578605075,0.0,0.21045342949999998,0.46640021475000004,8830.0,1707.0
0.7871401737262663,0.0,0.179649114,0.41981018800000003,8830.0,1707.0
0.9165970232197612,0.047169399333333334,0.161079448,0.36371339333333336,8830.0,1707.0
0.8987650830187801,0.3457529995,0.17235512949999998,0.33179912749999996,8830.0,1707.0
0.880499260715947,0.39229061950000005,0.208973365,0.31628896700000003,8830.0,1707.0
0.9066033364445047,0.07407151933333332,0.165375258,0.314463511,8830.0,1707.0
0.9001784287832628,0.0,0.16354454499999999,0.3584165065,8830.0,1707.0
0.8111845171282306,0.0,0.171296012,0.4287933875,8830.0,1707.0
0.7028227723180984,0.0,0.188233863,0.45884439850000003,8830.0,1707.0
0.6727088009497433,0.0,0.2043209165,0.5192550564999999,8830.0,1707.0
0.7964359047555546,0.0,0.2060072215,0.5592601535,8830.0,1707.0
0.9275092786697327,0.05906374466666667,0.21696878533333333,0.5891487386666666,8830.0,1707.0
0.9112317815637959,0.352757813,0.1647598055,0.5862893115000001,8830.0,1707.0
0.8892722449047689,0.5025707377499999,0.1943287635,0.5595830912499999,8830.0,1707.0
0.9160001378383604,0.0968965495,0.19235122249999997,0.5491419587499999,8830.0,1707.0
0.8572046920133671,0.0,0.20117997999999998,0.4955142475,8830.0,1707.0
0.7228727734873264,0.0,0.19249335433333334,0.4354441276666667,8830.0,1707.0
0.6435920006495677,0.0,0.172656199,0.450629317,8830.0,1707.0
0.6755652259257352,0.0,0.153399407,0.46282502999999997,8830.0,1707.0
0.757160158961967,0.072205433,0.13023320233333333,0.41313284266666667,8830.0,1707.0
0.7818032763670479,0.42211592,0.0760870035,0.3197392775,8830.0,1707.0
0.7591408595816707,0.586961396,0.058061213,0.21778602375,8830.0,1707.0
0.7953155857080096,0.2461375465,0.0638226665,0.1761511135,8830.0,1707.0
0.8094087158295448,0.000470429,0.08025156750000001,0.15382256375000003,8830.0,1707.0
0.7129599523274432,0.0,0.10107571333333333,0.1834690276666667,8830.0,1707.0
0.6474474228189201,0.0,0.0962326335,0.207088496,8830.0,1707.0
0.7112009804777931,0.001380697,0.08598457725,0.20418506725,8830.0,1707.0
0.7913955693298405,0.345528023,0.0784254895,0.20284157749999998,8830.0,1707.0
0.7740859389673513,0.6971642426666667,0.037731348,0.130979678,8830.0,1707.0
0.7609232044583648,0.65630678,0.0272938085,0.0744490135,8830.0,1707.0
0.8020555508928837,0.2585667395,0.031821083,0.07478169600000001,8830.0,1707.0
0.8125976521750288,0.0,0.0411998485,0.09585393225000001,8830.0,1707.0
0.7392818860205603,0.0,0.0572805775,0.1031472735,8830.0,1707.0
0.6749353800859812,0.0,0.06460470325,0.12166477875000001,8830.0,1707.0
0.728477989923421,0.0,0.083268043,0.122067323,8830.0,1707.0
0.9036701663605116,0.0018908696666666668,0.07777252,0.11307095833333332,8830.0,1707.0
0.9185650500512558,0.46254582333333333,0.07007398499999999,0.12196537333333334,8830.0,1707.0
0.8831537557346337,0.7507621875,0.0378499675,0.061408266,8830.0,1707.0
0.8722358657151593,0.636880992,0.037093825,0.10474359899999999,8830.0,1707.0
0.8982913299689228,0.1565781913333333,0.054634138666666665,0.154385336,8830.0,1707.0
0.8757139774506473,0.0,0.059494618,0.14080310633333334,8830.0,1707.0
0.7630019007539214,0.0,0.0618390695,0.135044722,8830.0,1707.0
0.6827509353172858,0.0,0.055337042,0.185121612,8830.0,1707.0
0.6812321567758244,0.0,0.05926658266666666,0.26933334833333333,8830.0,1707.0
0.8037306914317521,0.0,0.0616586845,0.282916677,8830.0,1707.0
0.9305036949783916,0.033450193999999996,0.06362685666666668,0.2827880153333333,8830.0,1707.0
0.9072477329177087,0.32194287499999996,0.045059646499999995,0.2642456095,8830.0,1707.0
0.8848803095205879,0.5630286735000001,0.025137576000000002,0.265291704,8830.0,1707.0
0.8779917004504902,0.506122257,0.030147602,0.2737105325,8830.0,1707.0
0.9002732013055995,0.187401315,0.042072929499999995,0.22547248050000002,8830.0,1707.0
0.8914253683596496,0.00053999025,0.050183804500000005,0.181830611,8830.0,1707.0
0.7350994193379717,0.0,0.05956287733333334,0.14314706633333332,8830.0,1707.0
0.6743058385665837,0.0,0.055240055249999996,0.13727341099999998,8830.0,1707.0
0.7977309489255955,0.0,0.047565194000000005,0.1531239985,8830.0,1707.0
0.9309429696770265,0.05139449266666666,0.049689912,0.1683745626666667,8830.0,1707.0
0.9135946312054493,0.3778970405,0.038726951499999995,0.152268227,8830.0,1707.0
0.8899698806825587,0.5930653029999999,0.0265318055,0.1205021045,8830.0,1707.0
0.8822567418804458,0.563340081,0.0213675355,0.12255901550000001,8830.0,1707.0
0.9065892890861573,0.254584372,0.024205021,0.11071210149999999,8830.0,1707.0
0.8870412994170919,0.00055094075,0.021119511,0.107324238,8830.0,1707.0
0.7650870819887624,0.0,0.021857872,0.12342173349999999,8830.0,1707.0
0.6854308981569682,0.0,0.022520063,0.114289617,8830.0,1707.0
0.8078109641116279,0.0,0.022252693,0.12434164,8830.0,1707.0
0.9345099852165389,0.071316638,0.020544094333333332,0.10031085299999999,8830.0,1707.0
0.9141671055515235,0.41193513550000005,0.0122622835,0.0522554665,8830.0,1707.0
0.8920452991384394,0.54393752925,0.012918632749999999,0.034250916,8830.0,1707.0
0.9245199194230734,0.14457275166666667,0.024458345000000003,0.044013577,8830.0,1707.0
0.9049382162509939,0.0,0.029839133,0.065635831,8830.0,1707.0
0.8198994625439362,0.0,0.031656948000000004,0.07487279150000001,8830.0,1707.0
0.7155080937300264,0.0,0.039094582,0.069862336,8830.0,1707.0
0.6732301743148247,0.0,0.057110149666666665,0.08281536633333332,8830.0,1707.0
0.7635586420272423,0.0,0.07536908366666667,0.11269039733333334,8830.0,1707.0
0.926832245577701,0.001672422,0.0913696965,0.0990268795,8830.0,1707.0
0.9225514711832817,0.233726084,0.079438056,0.0796587575,8830.0,1707.0
0.8890633459138412,0.4996341773333333,0.08228866233333333,0.07469699133333332,8830.0,1707.0
0.8855513646302778,0.4606997476666667,0.12731025033333335,0.103500938,8830.0,1707.0
0.9243571112269234,0.079174801,0.160297715,0.1127895035,8830.0,1707.0
0.9037677482624717,0.0,0.2089862405,0.1533927105,8830.0,1707.0
0.8141613742254192,0.0,0.222395847,0.178250387,8830.0,1707.0
0.694658387421424,0.0,0.22467204000000002,0.239820339,8830.0,1707.0
0.649119777368681,0.0,0.24283441849999998,0.33235026,8830.0,1707.0
0.667282328635717,0.0,0.277836931,0.33464507275,8830.0,1707.0
0.7670439334328206,0.067790545,0.2731057433333333,0.34422322066666666,8830.0,1707.0
0.7892779153180716,0.4365450185,0.180254888,0.34598337,8830.0,1707.0
0.7688544041864918,0.616623189,0.224920392,0.36833913149999997,8830.0,1707.0
0.7562727051147913,0.580155152,0.26261952099999997,0.39394715199999997,8830.0,1707.0
0.8033085935746282,0.28533929599999996,0.26060837800000003,0.462103475,8830.0,1707.0
0.8331007412118214,0.0008994895,0.31245108450000003,0.5480957909999999,8830.0,1707.0
0.794432080770076,0.0,0.330886159,0.543199279,8830.0,1707.0
0.7189473957538736,0.0,0.32038773400000004,0.5579777693333333,8830.0,1707.0
0.6563355792273099,0.0,0.29083476966666666,0.5646900353333333,8830.0,1707.0
0.6763651728753958,0.0,0.28502867066666665,0.5751620490000001,8830.0,1707.0
0.770831366682319,0.11178851199999999,0.26460811166666665,0.5833203969999999,8830.0,1707.0
0.7890295824352573,0.6391601794999999,0.1704004455,0.556334938,8830.0,1707.0
0.7573784851699995,0.8213662183333333,0.153065669,0.5231332373333334,8830.0,1707.0
0.7618251348690237,0.606952951,0.1519014575,0.5183702834999999,8830.0,1707.0
0.8189107198582786,0.06870348766666667,0.1943511486666667,0.5348504096666667,8830.0,1707.0
0.7958529652653099,0.0,0.200874279,0.545036005,8830.0,1707.0
0.7315742179189781,0.0,0.16728050333333333,0.5074711046666667,8830.0,1707.0
0.6866092957577496,0.0,0.14913001225,0.47851789925000004,8830.0,1707.0
0.8161674224215412,0.0,0.1340169905,0.49978537,8830.0,1707.0
0.9368256358835844,0.11841989133333332,0.121834901,0.48584583433333334,8830.0,1707.0
0.9092519550292579,0.6578075135,0.0744576855,0.4034329095,8830.0,1707.0
0.8819584241151333,0.839412708,0.045751882,0.349530618,8830.0,1707.0
0.8715829472432262,0.7575774040000001,0.038456307999999995,0.340966932,8830.0,1707.0
0.8962429838422037,0.370052164,0.0462913425,0.326862513,8830.0,1707.0
0.8969900193335121,0.0006085955,0.06745914675,0.32380081025,8830.0,1707.0
0.7727751229298709,0.0,0.0709106205,0.310658279,8830.0,1707.0
