Demand,Avail_Sol,Avail_Wind_On,Avail_Wind_Off,Hyd_In,HydRoR_In
0.7942143631078066,0.0,0.354335471,0.8165296485999999,0.0,1323.0
0.8794571122480852,0.0007710654,0.33697200140000005,0.7460200226,0.0,1323.0
0.8788947557961283,0.006190898333333333,0.2712358305,0.6654265501666667,0.0,1323.0
0.8550270519754791,0.0,0.2597882107142857,0.5614160704285714,0.0,1323.0
0.7762532603501042,0.0,0.2675879783333333,0.4206920078333334,0.0,1323.0
0.8680997172183659,0.0008657738,0.20749212039999998,0.36989979260000005,0.0,1323.0
0.8704947557545287,0.009444553,0.19709891816666666,0.3734792453333333,0.0,1323.0
0.8463680933410378,0.0,0.250455523,0.6046791265714285,0.0,1323.0
0.7767714798563806,0.0,0.40538970616666664,0.6910989046666667,0.0,1323.0
0.8701281669963881,0.0,0.43372494349999996,0.472071149,0.0,1323.0
0.8688309672726487,0.0134603415,0.2872023796666667,0.400206499,0.0,1323.0
0.8658500413306117,0.0,0.14724128628571426,0.4502574284285714,0.0,1323.0
0.7954165323451345,0.0,0.10819352350000001,0.405002009375,0.0,1323.0
0.8732108942620631,0.0030437594,0.1446402312,0.5865113996,0.0,1323.0
0.8726422753613992,0.00815219825,0.21035869725,0.7235696255,0.0,1323.0
0.865353449745449,0.0,0.31839659571428575,0.8133898664285715,0.0,1323.0
0.7797756824296769,0.0,0.44103929385714286,0.8024997772857143,0.0,1323.0
0.8677738290414041,0.0008648028000000001,0.483787317,0.6777984502,0.0,1323.0
0.867911513898996,0.006276447,0.4435120235,0.4926140681666666,0.0,1323.0
0.8727599649734792,0.0,0.39036780325000003,0.32880890175,0.0,1323.0
0.789792977907636,0.0,0.33202633099999995,0.38428036340000005,0.0,1323.0
0.7796021893346863,0.0,0.2886271065,0.6096675549999999,0.0,1323.0
0.838603814792347,0.007184858833333334,0.2483998265,0.7429142511666668,0.0,1323.0
0.8541088258823059,0.0,0.4273450751428572,0.9116796444285714,0.0,1323.0
0.7785768024003517,0.0,0.6752915691428572,0.9298035775714285,0.0,1323.0
0.8270920007367357,0.0122045226,0.7237152506,0.9314128538,0.0,1323.0
0.8469447821158886,0.16804687875000002,0.7027240475000001,0.8935176815000001,0.0,1323.0
0.8667097445628267,0.0,0.5886705692499999,0.77732350475,0.0,1323.0
0.8437977923789135,0.0,0.43311436049999996,0.6365646644999999,0.0,1323.0
0.791045092949045,0.0,0.5481349224285715,0.8381003678571428,0.0,1323.0
0.8868539193810031,0.013060964599999999,0.6514919667999999,0.9208107534,0.0,1323.0
0.890377251346116,0.13427281083333334,0.5764260725,0.8294994689999999,0.0,1323.0
0.8856704627991342,0.0,0.5335365495,0.7120050521666667,0.0,1323.0
0.7943938732631436,0.0,0.4895617484285714,0.5673855918571429,0.0,1323.0
0.8823780315570231,0.0,0.33171662775,0.5177598475,0.0,1323.0
0.8804773772280251,0.09894223416666666,0.20460703283333329,0.5025747011666667,0.0,1323.0
0.8829615508375213,0.0,0.12620096228571429,0.19950432314285713,0.0,1323.0
0.7999772280422659,0.0,0.12825405785714286,0.12982072942857142,0.0,1323.0
0.8899077478468321,0.0096805424,0.10555672999999999,0.04610577379999999,0.0,1323.0
0.8932928910906685,0.053656635333333334,0.09462317633333334,0.028698057166666666,0.0,1323.0
0.9003889157904147,0.0,0.06699661025,0.041643725,0.0,1323.0
0.8281170368530921,0.0,0.0416327612,0.060057769299999994,0.0,1323.0
0.8930991671126415,0.0,0.04745909166666667,0.10906813133333333,0.0,1323.0
0.8945093820984015,0.015629073714285714,0.06104549242857143,0.18333121757142856,0.0,1323.0
0.8873208566685281,0.0,0.1115358635,0.3116232451666667,0.0,1323.0
0.8029182958098977,0.0,0.19066715842857146,0.4183223834285714,0.0,1323.0
0.8949109947820555,0.0,0.2274536655,0.460551596,0.0,1323.0
0.89735997828995,0.019502117444444446,0.2785746373333333,0.4852155216666667,0.0,1323.0
0.8397194354952454,0.0,0.2521790385714286,0.4154642042857143,0.0,1323.0
0.7855164820904634,0.0,0.18785716733333335,0.3644592776666667,0.0,1323.0
0.8478713474742988,0.028270426285714283,0.1265331277142857,0.36957939357142855,0.0,1323.0
0.8599164173367273,0.000143933,0.14875911212499998,0.43529001850000004,0.0,1323.0
0.779437163948013,0.0,0.16785300733333333,0.4933515095,0.0,1323.0
0.8033064574974118,0.0,0.219491653,0.60554547875,0.0,1323.0
0.853827303671378,0.032108912625,0.29325583462500004,0.720763909125,0.0,1323.0
0.8597478947232129,0.0,0.4199125158333334,0.8023798915000001,0.0,1323.0
0.8078710263272971,0.0,0.47724201357142854,0.8333693148571427,0.0,1323.0
0.8995888326651617,0.0024248952,0.5312701998,0.8805864256,0.0,1323.0
0.9003804657675843,0.020745783,0.49983420250000005,0.8761758090000001,0.0,1323.0
0.8952306472186696,0.0,0.5519743271666666,0.9143372211666666,0.0,1323.0
0.8120812165007478,0.0,0.5847737834285713,0.9299370227142856,0.0,1323.0
0.9025703994068677,0.0003027465,0.6962947475000001,0.934585066,0.0,1323.0
0.8987778906108754,0.02936359014285714,0.7206268328571428,0.9273415772857144,0.0,1323.0
0.8917562437811478,0.0,0.7633866986666668,0.9219039893333334,0.0,1323.0
0.8122782488110707,0.0,0.7048217934285714,0.9228504557142857,0.0,1323.0
0.9032491266427234,0.0060508406,0.5775084856,0.9228827173999999,0.0,1323.0
0.9019308678304113,0.045994512666666675,0.4293818889999999,0.8202410478333334,0.0,1323.0
0.8941722382613863,0.0,0.3870901595,0.6670373896666666,0.0,1323.0
0.8264995402845154,0.0,0.35099213755555553,0.4508760404444445,0.0,1323.0
0.8927415758309768,0.0053493386666666675,0.347357344,0.39292219866666667,0.0,1323.0
0.8965065341296262,0.016360003833333334,0.26321660649999995,0.326517928,0.0,1323.0
0.8936880221550947,0.0,0.18147489616666665,0.2640707195,0.0,1323.0
0.8178498138909653,0.0,0.10801244285714286,0.13984686014285713,0.0,1323.0
0.9086384822707461,0.00056801225,0.0856500345,0.09252232175,0.0,1323.0
0.8961895184010858,0.05417732316666667,0.07646299899999999,0.07179385483333334,0.0,1323.0
0.8811910771282789,0.0,0.093426274875,0.11142360337499999,0.0,1323.0
0.781028337369694,0.0,0.10466586133333335,0.16484909933333333,0.0,1323.0
0.8254456456444782,0.00085868225,0.0993207955,0.1620199625,0.0,1323.0
0.8525431248671305,0.0978227404,0.0877435588,0.09615982000000001,0.0,1323.0
0.8647967593706174,0.000960890625,0.089782015,0.055364164125000004,0.0,1323.0
0.7883912099003614,0.0,0.07784951583333333,0.06467651683333334,0.0,1323.0
0.8213630914008322,0.0005543351999999999,0.0773328612,0.074467772,0.0,1323.0
0.859714141733642,0.04662565433333334,0.05767600899999999,0.1039695415,0.0,1323.0
0.8845331562209132,0.0,0.06598270933333333,0.153978641,0.0,1323.0
0.852409051692592,0.0,0.07674052599999999,0.2455384506,0.0,1323.0
0.8181089604888675,0.0,0.10556254416666667,0.3483302293333333,0.0,1323.0
0.9046795184777429,0.0010462225,0.09090706875,0.34133927399999997,0.0,1323.0
0.906093789585715,0.038262630444444445,0.07147522855555556,0.28614813866666666,0.0,1323.0
0.89530795687494,0.0,0.10363697350000001,0.18792232574999998,0.0,1323.0
0.8353115690989786,0.0,0.20235303385714284,0.2311965294285714,0.0,1323.0
0.9207030106122552,0.0018339275,0.194484875,0.2798496145,0.0,1323.0
0.9075126376296645,0.04819848528571429,0.1967712,0.37316569271428573,0.0,1323.0
0.8922997974642847,0.0,0.3123009388333334,0.6555293615000001,0.0,1323.0
0.7994826283073737,0.0,0.5223927455714286,0.8533632477142856,0.0,1323.0
0.8914231417626369,0.00050927175,0.74305011425,0.93500765575,0.0,1323.0
0.8903429305452372,0.008948258,0.76083474,0.9135793081428571,0.0,1323.0
0.8522211304448255,0.0,0.715539048,0.913256523,0.0,1323.0
0.7983260300786974,0.0,0.8533775885,0.9345240698749999,0.0,1323.0
0.8619044743310069,0.009167558333333334,0.8244937676666666,0.9127484023333333,0.0,1323.0
0.8621280237211989,0.0323818135,0.8137431374999999,0.9349812283333333,0.0,1323.0
0.8443617692859198,0.0,0.7809361858571429,0.920839101142857,0.0,1323.0
0.759691722571594,0.0,0.67225209875,0.85486042125,0.0,1323.0
0.8515223358668147,0.013279778714285715,0.5099249768571429,0.7183770751428572,0.0,1323.0
0.8682893069340034,0.07638347533333334,0.3310319328333333,0.5841641541666668,0.0,1323.0
0.8603158283559272,0.0,0.254916336,0.4166269821666666,0.0,1323.0
0.758974899002024,0.0,0.138788941375,0.234241716875,0.0,1323.0
0.8185906572767359,0.01397427525,0.06923604675,0.18107208074999998,0.0,1323.0
0.8341757118821218,0.06588971325,0.06435036225,0.23497579475,0.0,1323.0
0.8590336274656974,0.00275467225,0.09568485874999999,0.29591789700000004,0.0,1323.0
0.8385537954944993,0.0,0.08519232775,0.2092592535,0.0,1323.0
0.7713711960654083,0.0,0.06636171042857143,0.2334361177142857,0.0,1323.0
0.8158548184619316,0.0016632995,0.08680209475,0.44250780125,0.0,1323.0
0.8527855416833681,0.023065799888888888,0.1448527221111111,0.5077432083333334,0.0,1323.0
0.8412074463913961,0.0,0.17065426350000001,0.45307402325,0.0,1323.0
0.791834282247691,0.0,0.1713237882857143,0.3059304455714286,0.0,1323.0
0.8850327010084396,0.007383845799999999,0.1619075354,0.22791930900000001,0.0,1323.0
0.8859104896739258,0.0323207675,0.14756919783333336,0.21591259633333335,0.0,1323.0
0.8803521296085721,0.0,0.1916249055,0.36762951383333337,0.0,1323.0
0.7979455673837431,0.0,0.20526344214285716,0.42857665528571426,0.0,1323.0
0.8897770544938522,0.0081504028,0.1629635916,0.4667732286,0.0,1323.0
0.8904159960791969,0.06107635324999999,0.09881986975,0.42665309475,0.0,1323.0
0.9020357730165137,0.0058951535,0.1008539985,0.343852648,0.0,1323.0
0.8671212827614282,0.0,0.0713335044,0.16548504560000002,0.0,1323.0
0.8334060347554262,0.0,0.047695977375000004,0.0883549275,0.0,1323.0
0.8976697384383986,0.04791536700000001,0.05193679166666667,0.3538939216666666,0.0,1323.0
0.8958533023524445,0.12891145566666667,0.09281281549999999,0.5377948343333333,0.0,1323.0
0.8894810353919614,0.0,0.237458574,0.7694345388333333,0.0,1323.0
0.8520799252216329,0.0,0.3847294405555555,0.8747132483333332,0.0,1349.4444444444443
0.9585979943456353,0.01709039633333333,0.47758208133333335,0.8810684843333334,0.0,1357.0
0.9603570799859075,0.038909329666666666,0.5524940828333333,0.8531899898333334,0.0,1357.0
0.9400492678811165,0.0,0.5231958338333332,0.7645755630000001,0.0,1357.0
0.8116532107812636,0.0,0.43983714600000007,0.6244275324999999,0.0,1357.0
0.9285434941040075,0.0017177562,0.3775665808,0.5580202115999999,0.0,1357.0
0.9496588556210367,0.05097499228571428,0.3006837692857142,0.5292077981428572,0.0,1357.0
0.9369056348212336,0.0,0.30846600616666664,0.5525266661666667,0.0,1357.0
0.80406530241981,0.0,0.336520679625,0.5645867931249999,0.0,1357.0
0.886507450594227,0.018877877,0.35455502075,0.6372820677500001,0.0,1357.0
0.9084520424951137,0.07972076666666666,0.338233604,0.6275935648333333,0.0,1357.0
0.9139653988175236,0.0,0.3329758166666667,0.7379753401666665,0.0,1357.0
0.8274717201343535,0.0,0.30714614987499994,0.690165474625,0.0,1357.0
0.8986531225390514,0.03827926025,0.28300562250000005,0.6090623455,0.0,1357.0
0.9039559877543293,0.14930677799999997,0.2956212615,0.54193627525,0.0,1357.0
0.9286453022562084,0.02031858475,0.36370280450000003,0.5092593085,0.0,1357.0
0.9040102084866651,0.0,0.35157134300000004,0.428913437,0.0,1357.0
0.8606050920090488,0.0,0.37439281450000006,0.41116879625,0.0,1357.0
0.9818999528297017,0.028696824,0.34370280933333336,0.364782401,0.0,1357.0
0.974369607165822,0.23979585185714286,0.321163056,0.34263431314285714,0.0,1357.0
0.9615127264436182,0.0,0.419959676,0.39903747100000003,0.0,1357.0
0.8416658115562645,0.0,0.4928878990000001,0.5493056955,0.0,1357.0
0.9115477358932329,0.0,0.4909495764,0.673859431,0.0,1357.0
0.9765272263914314,0.04434333633333334,0.44052322,0.6833476966666666,0.0,1357.0
0.9727961074181947,0.07842355625,0.30432588775,0.49677200725000004,0.0,1357.0
0.9884788767939604,0.0086578745,0.2816183825,0.33712867550000003,0.0,1357.0
0.9428029180875143,0.0,0.307388341,0.24474884875000003,0.0,1357.0
0.8477383340355608,0.0,0.30539587985714284,0.3015046302857143,0.0,1357.0
0.9730041228489682,0.022623647400000002,0.244818232,0.32057937680000004,0.0,1357.0
0.9669700701351176,0.12217566975000001,0.1386602975,0.30605039025,0.0,1357.0
0.984297091343236,0.013099676000000001,0.18245947999999998,0.31381197775,0.0,1357.0
0.9414754238619393,0.0,0.169971276,0.28889029975,0.0,1357.0
0.8310736793594805,0.0,0.17801450233333335,0.33023381933333334,0.0,1357.0
0.9500982218540738,0.03305913616666667,0.25050485083333335,0.45380285933333336,0.0,1357.0
0.9531266064126357,0.10852748250000001,0.3321858131666667,0.5763579725,0.0,1357.0
0.9682450805575211,0.0,0.42315028600000004,0.66614758875,0.0,1357.0
0.841117888013408,0.0,0.362047160875,0.6385624129999999,0.0,1357.0
0.9494573366754228,0.017376407333333333,0.3074158456666667,0.6685417366666666,0.0,1357.0
0.9621400288632985,0.10796068825,0.23318823425000001,0.63536367975,0.0,1357.0
0.9799954802889781,0.0142424575,0.29220452825,0.6310169130000001,0.0,1357.0
0.936034354294273,0.0,0.29509942,0.6366471684999999,0.0,1357.0
0.8084874824151318,0.0,0.26239599033333333,0.5794709683333333,0.0,1357.0
0.8435316411224463,0.000590508,0.22584700950000003,0.5908249275,0.0,1357.0
0.8966061108780661,0.08058134,0.19318218399999998,0.63276618,0.0,1357.0
0.9074049471282734,0.062307693250000004,0.15153696749999998,0.5564300504999999,0.0,1357.0
0.9077735234344074,0.0,0.15090699966666665,0.5348746358333333,0.0,1357.0
0.8101559652846683,0.0,0.1182503355,0.41026305987500006,0.0,1357.0
0.8847092917070036,0.03240137275,0.119969087,0.36394827725,0.0,1357.0
0.9012475448079535,0.09364979400000001,0.09534258550000001,0.307151773,0.0,1357.0
0.8916641073229206,0.0,0.200737103,0.4715646345714286,0.0,1357.0
0.8273633645105388,0.0,0.2277137378333333,0.5788731693333334,0.0,1357.0
0.9530405886117723,0.0010514699999999999,0.267175132,0.6458524256666667,0.0,1357.0
0.9587205503918113,0.073250378,0.27632327125,0.650083171,0.0,1357.0
0.959407206540486,0.0420175545,0.3160946515,0.69386633725,0.0,1357.0
0.938193054158201,0.0,0.3933682746666667,0.7882905313333334,0.0,1357.0
0.8072282138771983,0.0,0.4049514613333333,0.7946615731666666,0.0,1357.0
0.9286196940659545,0.023178540166666668,0.4519528751666666,0.8318663641666667,0.0,1357.0
0.9435502731786815,0.0910139775,0.44651721216666673,0.8425865065,0.0,1357.0
0.9144979540780954,0.0,0.4357938575714286,0.7950639310000002,0.0,1357.0
0.829614112472251,0.0,0.39495088814285717,0.6612097582857143,0.0,1357.0
0.9460197845222826,0.037743599249999996,0.34819418300000005,0.5661400402500001,0.0,1357.0
0.9375699295700296,0.17271345049999998,0.332141692,0.5947030395,0.0,1357.0
0.9591323704818864,0.0329271675,0.309903197,0.60803320475,0.0,1357.0
0.9209306207048232,0.0,0.3359597685,0.63645328925,0.0,1357.0
0.8466585228753829,0.0,0.35252004977777773,0.6357365336666666,0.0,1357.0
0.9513959065591141,0.077001489,0.36711014366666667,0.699162717,0.0,1357.0
0.9636697129292576,0.111034920125,0.290413306375,0.7009803408749999,0.0,1357.0
0.9354199221674789,0.0,0.23844482824999996,0.70491032825,0.0,1357.0
0.8235255015592888,0.0,0.17041046433333337,0.5642958821666667,0.0,1357.0
0.9526909152177822,0.022786065166666664,0.11061736366666665,0.4330333623333333,0.0,1357.0
0.9640428428388326,0.08223715883333332,0.049023816,0.2264868265,0.0,1357.0
0.9296110933542323,0.0,0.05358412142857143,0.12441453257142857,0.0,1357.0
0.815278622692353,0.0,0.024419655125,0.090204733875,0.0,1357.0
0.8931252056274085,0.057755642333333336,0.016886743666666666,0.07920547033333333,0.0,1357.0
0.9018577128716041,0.15422030233333334,0.012689992500000002,0.07907323233333334,0.0,1357.0
0.9087073732706173,0.0,0.038280944166666664,0.08387538483333334,0.0,1357.0
0.8153354372514122,0.0,0.02865918075,0.058883346499999996,0.0,1357.0
0.8900761655443228,0.0477960085,0.029202489500000005,0.05555574125,0.0,1357.0
0.906278390691012,0.1334850466666667,0.021183768500000002,0.03572732483333333,0.0,1357.0
0.8960315815413367,0.0,0.065097583875,0.07898638124999999,0.0,1357.0
0.8494892870538966,0.0,0.09382157199999999,0.10479319925000001,0.0,1357.0
0.9721821604290132,0.049423792,0.10461521283333332,0.14638335416666667,0.0,1357.0
0.9749075969472031,0.2484926165,0.11643445649999999,0.20091667966666668,0.0,1357.0
0.9874826458470893,0.0,0.19597539625,0.2969942545,0.0,1357.0
0.8686821846433769,0.0,0.15460016449999997,0.21871322699999998,0.0,1357.0
0.9735947337029689,0.03957908516666667,0.07503497366666667,0.12100280783333334,0.0,1357.0
0.9766798585728083,0.1826033138333333,0.04042361766666667,0.05618173266666667,0.0,1357.0
0.9654127750645255,0.0,0.06316768566666668,0.059895905,0.0,1357.0
0.8524183527252628,0.0,0.082045341,0.06235806599999999,0.0,1357.0
0.9735351611384065,0.05946761083333333,0.10851603716666665,0.07176646233333334,0.0,1357.0
0.9755466984075613,0.31721483425,0.09836722675,0.0600719935,0.0,1357.0
0.992624961097523,0.08594371075,0.171112186,0.09784299075,0.0,1357.0
0.9488524108699037,0.0,0.17246174524999996,0.15493152799999999,0.0,1357.0
0.8524183527252628,0.0,0.19988401466666664,0.17717750983333333,0.0,1357.0
0.9735256001082396,0.09699457616666667,0.171315984,0.1672280426666667,0.0,1357.0
0.971944587180291,0.40769132199999997,0.1209116074,0.0808100634,0.0,1357.0
0.9952797385286611,0.036888565750000005,0.11860375925,0.0481189415,0.0,1357.0
0.9142632453839794,0.0,0.08285279300000001,0.059198165250000004,0.0,1357.0
0.8788953859979036,0.0,0.13110790128571428,0.15942015299999998,0.0,1357.0
0.9871416415720158,0.13505474950000002,0.128377073,0.28213277225,0.0,1357.0
0.9797715821835647,0.27282699485714285,0.14325125242857142,0.32795496357142856,0.0,1357.0
0.9391697956615027,0.0,0.24252624483333338,0.4193323351666667,0.0,1357.0
0.8301873977957677,0.0,0.212459846,0.3141826547142857,0.0,1357.0
0.8992985377181644,0.22682506275,0.16173326075,0.2648704795,0.0,1357.0
0.9146054702404846,0.4372921216666667,0.17605808616666666,0.3163047511666667,0.0,1357.0
0.9158087183319515,0.0005612685,0.3409177903333333,0.5657301668333333,0.0,1357.0
0.8309003762829863,0.0,0.3885502148333333,0.5876941693333333,0.0,1357.0
0.8768505139681878,0.104597363,0.4256541605,0.6981251573333335,0.0,1357.0
0.9104949767135461,0.2255346898571429,0.3529882788571429,0.7610344597142856,0.0,1357.0
0.8945280144583269,0.0,0.38174846483333336,0.8234008165,0.0,1357.0
0.8624117379760031,0.0,0.34661054185714285,0.7556113342857144,0.0,1357.0
0.9799077880312947,0.103685298,0.3728297543333334,0.7623681616666667,0.0,1357.0
0.9740003178130195,0.32517197133333337,0.43532049450000004,0.7681902195,0.0,1357.0
0.990954260860964,0.027264055199999998,0.5083629246,0.8737894413999999,0.0,1357.0
0.8765451686362736,0.0,0.46199281359999994,0.8896127942000002,0.0,1357.0
0.8729050229432306,0.0,0.38155410474999996,0.84258402825,0.0,1357.0
0.9832219514168197,0.2347673166,0.31668241659999996,0.7448757178000001,0.0,1357.0
0.9836464886669871,0.5742776886666666,0.20927450066666667,0.602818167,0.0,1357.0
0.9493870339777238,0.0012018387142857143,0.273860886,0.6088401732857143,0.0,1357.0
0.8641761148667779,0.0,0.174833749,0.44014398466666665,0.0,1357.0
0.9832219514168197,0.2359389762,0.137114139,0.37675614900000004,0.0,1357.0
0.9837566359028064,0.5655439623333334,0.10566889483333332,0.3385380921666667,0.0,1357.0
0.9483547396215056,0.001565393,0.21065020785714286,0.45119432785714286,0.0,1357.0
0.8539615253987947,0.0,0.19085368749999998,0.35025565399999997,0.0,2650.3333333333335
0.9787457260233449,0.20660105939999998,0.12956695140000002,0.21164160980000002,0.0,2909.0
0.9752732626360773,0.5120130791666667,0.035845369499999995,0.10977750033333333,0.0,2909.0
0.9620364696722494,0.002429235666666667,0.035064585833333335,0.147661808,0.0,2909.0
0.8423360683237956,0.0,0.030679159,0.19607167383333332,0.0,2909.0
0.9681355513758699,0.11765878933333333,0.02533912266666667,0.19215806449999998,0.0,2909.0
0.9696842634028685,0.37024930083333335,0.016443893,0.174396266,0.0,2909.0
0.942162864402144,0.002094640428571429,0.07684637428571428,0.21059204514285712,0.0,2909.0
0.8198697650601952,0.0,0.06877411671428571,0.09999141199999999,0.0,2909.0
0.8890185700822109,0.11937332333333334,0.06648167566666667,0.11527531533333334,0.0,2909.0
0.9024336941897698,0.34871207514285707,0.034767598428571425,0.05736425685714286,0.0,2909.0
0.9101298048784902,0.0020572946666666666,0.1184384335,0.10727871066666667,0.0,2909.0
0.8266390849873892,0.0008975816666666666,0.10470933855555556,0.10985719311111111,0.0,2909.0
0.8993917927759825,0.23594130325,0.06363924375,0.11413905925,0.0,2909.0
0.8953827157942522,0.28138060974999995,0.0454950185,0.11076918625,0.0,2909.0
0.9276141212371067,0.024826798999999997,0.15001290775,0.20608008900000002,0.0,2909.0
0.8581272428653173,0.0,0.137441791,0.13758761244444445,0.0,2909.0
0.9661413524487562,0.12706033416666665,0.115433465,0.19886087283333334,0.0,2909.0
0.9656286724001539,0.3122464795,0.06179600833333334,0.2503725451666667,0.0,2909.0
0.9349778599621235,0.00160702,0.20862129642857144,0.4927217714285715,0.0,2909.0
0.8315335938801693,0.0,0.24220592583333334,0.49405719349999994,0.0,2909.0
0.961605848584881,0.03755516766666667,0.277654718,0.60615933,0.0,2909.0
0.9600567389857592,0.30675183100000003,0.18276064139999998,0.5257518184,0.0,2909.0
0.9723886064231978,0.14045180699999998,0.27292431259999994,0.5629338096,0.0,2909.0
0.9358503554730889,0.0,0.3110829295,0.578487279,0.0,2909.0
0.8447750141741829,0.0,0.2940627045714286,0.4811674452857143,0.0,2909.0
0.974577004993497,0.2697565964,0.26172976000000003,0.5232162156,0.0,2909.0
0.9622758235755663,0.49233045433333333,0.16639364416666666,0.3589317621666666,0.0,2909.0
0.9351482012108575,0.0071254467142857145,0.3558835614285714,0.5166321658571428,0.0,2909.0
0.8411508938618774,0.0,0.2802018231666667,0.4078712241666667,0.0,2909.0
0.9638087059337703,0.1608821834,0.2474876082,0.4846376862,0.0,2909.0
0.9579165333012377,0.2860841658333333,0.18014119983333332,0.4586133161666666,0.0,2909.0
0.9209766864627326,0.0017053188571428573,0.3630618531428572,0.563411325,0.0,2909.0
0.8125070045227233,0.0,0.366711662,0.5231855091666667,0.0,2909.0
0.935765555033648,0.0382392166,0.356102528,0.5818455386,0.0,2909.0
0.9399362663417234,0.10703600719999999,0.25732485120000004,0.4701164136,0.0,2909.0
0.9413338708043257,0.007457500833333334,0.32617505333333335,0.5371602941666668,0.0,2909.0
0.7905870194049007,0.0,0.25540066225,0.5030927150000001,0.0,2909.0
0.8413765401657425,0.0252703175,0.23788650425,0.47040450125,0.0,2909.0
0.8804567038170433,0.11623511685714286,0.17828947642857143,0.407955988,0.0,2909.0
0.8748305357794646,0.0016659617142857142,0.20193216385714288,0.35256784185714285,0.0,2909.0
0.7833273362666678,0.0,0.15231442085714283,0.244648118,0.0,2909.0
0.8581283747488723,0.08586731225,0.15579228574999998,0.236405686,0.0,2909.0
0.8695767952771198,0.18816232780000003,0.1665896928,0.2277144092,0.0,2909.0
0.9039313418674333,0.03802279175,0.2024604835,0.25288362724999996,0.0,2909.0
0.8244048643871704,0.0,0.150072756625,0.268028904375,0.0,2909.0
0.8852077709945707,0.009178407,0.12555074875,0.43067686725000004,0.0,2909.0
0.9389460112314905,0.126762651,0.15112617825000002,0.5018832467500001,0.0,2909.0
0.9395968958929996,0.0825780935,0.1988613695,0.519684876,0.0,2909.0
0.9273888250403767,0.003990519857142857,0.30481982614285713,0.5841273071428572,0.0,2909.0
0.7948077016831475,0.0,0.20740475157142857,0.33789367600000003,0.0,2909.0
0.9211825714086703,0.017139095,0.15174101725,0.43567928499999997,0.0,2909.0
0.9289917601741514,0.0630988705,0.15389486083333334,0.637110092,0.0,2909.0
0.9461810855620579,0.00663868,0.29371936375,0.81217707775,0.0,2909.0
0.850728967130377,0.0,0.3824526216,0.8347939527999999,0.0,2909.0
0.7944401939421591,0.0,0.50466294125,0.88460747875,0.0,2909.0
0.9301231988329312,0.06410050316666667,0.6155190401666667,0.9201837153333333,0.0,2909.0
0.955439573628566,0.2629284778333333,0.6453420438333334,0.9039293801666667,0.0,2909.0
0.96783309634077,0.024115896,0.58086361975,0.8909510329999999,0.0,2909.0
0.8750888462766296,0.0,0.4981165573333333,0.7986696289999999,0.0,2909.0
0.8409454495718736,0.0,0.46527369883333325,0.6886764738333332,0.0,2909.0
0.9728378018984191,0.13905622833333334,0.4432419206666667,0.6749396103333334,0.0,2909.0
0.9615842071019164,0.6072296051666667,0.39581352249999996,0.5588520098333333,0.0,2909.0
0.9761348648474275,0.3664170363333333,0.43980997699999996,0.6607103836666667,0.0,2909.0
0.9316489237466383,0.00024508633333333337,0.4581795240000001,0.708379129,0.0,2909.0
0.8667919878595308,0.0002442932857142857,0.3977413735714285,0.5972671318571429,0.0,2909.0
0.9779362397838389,0.39520754525,0.31367249475000003,0.65518286775,0.0,2909.0
0.9657423092147344,0.569714194,0.33086692685714286,0.6184122825714286,0.0,2909.0
0.9264464335606896,0.0003226911666666667,0.43498179299999995,0.6743132135,0.0,2909.0
0.8161818651811859,0.0003196411428571429,0.29158917300000003,0.4106076464285714,0.0,2909.0
0.8871044193300841,0.40546290925000006,0.17696990225,0.428874506,0.0,2909.0
0.8927399951087249,0.5283988131666667,0.2034139633333333,0.38858187466666666,0.0,2909.0
0.9193374677070163,0.032547096666666664,0.3977245016666666,0.6754932533333333,0.0,2909.0
0.8516542040363074,0.0,0.427739199,0.8004011531999999,0.0,2909.0
0.8029081693503066,0.014616307714285712,0.48903171071428575,0.8773069725714285,0.0,2909.0
0.8727102037973941,0.45123662524999997,0.49267413125000004,0.9033070849999999,0.0,2909.0
0.8689131748857573,0.554620578,0.615625919,0.9090058155,0.0,2909.0
0.9029850598263023,0.1035727005,0.68443118725,0.90364591225,0.0,2909.0
0.8504907522349285,0.0,0.5751637384999999,0.91476841325,0.0,2909.0
0.8029684302197205,0.0,0.44864685266666665,0.8944527526666667,0.0,2909.0
0.9248695860531472,0.15657947100000003,0.341344664,0.8474605483333333,0.0,2909.0
0.9264127241923422,0.5305169719999999,0.1992904446,0.7294177176,0.0,2909.0
0.9437827185473286,0.27095432675,0.18642737725,0.615839859,0.0,2909.0
0.9528312163275329,0.0011857373333333335,0.24267453633333333,0.773011633,0.0,2909.0
0.8519052579832596,0.0,0.3104141775,0.7971217035,0.0,2909.0
0.8073793905415304,0.0,0.368773052,0.791199307,0.0,2909.0
0.9273652217263202,0.0925036755,0.35103898175,0.72636123125,0.0,2909.0
0.9508703542272643,0.5392553116000001,0.27287956280000003,0.5750110241999999,0.0,2909.0
0.9676136545983943,0.41501284024999996,0.26786192325,0.47087122325,0.0,2909.0
0.9719925207563415,0.0019552316666666667,0.24078324933333337,0.5256915863333332,0.0,2909.0
0.8648698284104123,0.0,0.21425207459999998,0.6043939774,0.0,2909.0
0.8623340550115616,0.0,0.40578755375000003,0.69045781825,0.0,2909.0
0.9739601178234123,0.077070014,0.5623870793333333,0.7687629683333334,0.0,2909.0
0.955703939853727,0.2745901654,0.5626787222,0.7610718721999999,0.0,2909.0
0.9590266751951765,0.13030144316666667,0.5200174478333334,0.7706192126666668,0.0,2909.0
0.864847858319791,0.0,0.38684941379999993,0.7311682738,0.0,2909.0
0.7997087663734656,0.0,0.3116021895,0.5851132205,0.0,2909.0
0.9143436143093844,0.05554216225,0.30472424,0.64540547825,0.0,2909.0
0.9296120589103503,0.3010043068571429,0.3180531617142857,0.8640839112857143,0.0,2909.0
0.9477430297734475,0.07482707920000001,0.4946213848,0.8098647792,0.0,2909.0
0.8599049549902015,0.0,0.4408859576666666,0.6755236156666667,0.0,2909.0
0.8150072328771172,0.0,0.3301092333333333,0.4590525806666666,0.0,2909.0
0.9478191547894232,0.2908104144,0.1546254526,0.213155237,0.0,2909.0
0.944554383300173,0.6700361923333333,0.06465996333333333,0.065943242,0.0,2909.0
0.9526976752047842,0.4717787345,0.07147851875,0.034820671,0.0,2909.0
0.9190010953472548,0.0017994005,0.10872054800000001,0.1953027698333333,0.0,2909.0
0.7976425947206481,0.0008767658571428572,0.2746226202857143,0.6568003107142858,0.0,2909.0
0.8640882273244022,0.11276921475,0.44267506624999997,0.84746205425,0.0,2909.0
0.8743942255032554,0.14427286583333335,0.5226090408333334,0.8041025685,0.0,2909.0
0.8988480435476345,0.009910150666666666,0.513000002,0.7361763513333334,0.0,2909.0
0.8273224603497571,0.0,0.4341451112,0.6345007319999999,0.0,2909.0
0.8014817808194761,0.02738950125,0.244044259125,0.5840810601249999,0.0,2909.0
0.8602648221617721,0.3850291062857143,0.19795985900000002,0.7025990294285716,0.0,2909.0
0.8877795693234368,0.1119720836,0.33677802960000003,0.7190852914,0.0,2909.0
0.8472012910083029,0.0037944513,0.2896590003,0.6656411798999999,0.0,2909.0
0.9630427546024558,0.4374272913333333,0.19173520433333335,0.5797424916666666,0.0,2909.0
0.9491203070795059,0.7759145448333333,0.18784179066666665,0.4010950608333333,0.0,2909.0
0.9606502008503792,0.18472367950000002,0.333914517,0.4868589565,0.0,2909.0
0.8605268825999206,0.0,0.30092813625,0.437090145,0.0,2909.0
0.8264072317947357,0.0,0.23420374850000003,0.31545582,0.0,2909.0
0.9567878018468469,0.08363474324999999,0.19755933375,0.26904631749999997,0.0,2909.0
0.953574432717075,0.6622264045,0.0877889585,0.219310212,0.0,2909.0
0.9565867232222142,0.5235036393333333,0.14390996399999997,0.2718134795,0.0,2909.0
0.9316698377055468,0.00586044925,0.26119554225,0.39288405725000003,0.0,2909.0
0.8405838567106526,0.0,0.18637786757142857,0.3109495992857143,0.0,2909.0
0.9626302930636483,0.17262080925,0.1333455895,0.32914607325,0.0,2909.0
0.937714283722912,0.6731146201666666,0.07568061683333333,0.2046773395,0.0,2909.0
0.957281539749214,0.26585197525,0.10518171574999999,0.2420811395,0.0,2909.0
0.8865171681439286,0.0,0.16237931274999998,0.33042565375,0.0,2909.0
0.8486418665261813,0.0,0.25809192628571426,0.35761533942857143,0.0,2909.0
0.9600211927116549,0.3857576682,0.2759937828,0.35478711599999996,0.0,2909.0
0.934793308089867,0.7686780529999999,0.28132983425,0.35698952325000005,0.0,2909.0
0.952727132816884,0.32597216874999996,0.35385857175,0.41931933775,0.0,2909.0
0.8891265973745184,0.0,0.3637030175,0.38429358625,0.0,2909.0
0.8489629932520618,0.0,0.2519405294285714,0.20972700842857142,0.0,2909.0
0.9657319188126522,0.2701215556666667,0.08188915033333334,0.114241384,0.0,2909.0
0.9286396925106338,0.7733335881666666,0.025091633166666665,0.10133504833333333,0.0,2909.0
0.9452909725150611,0.36001623850000003,0.045267895249999995,0.13667711224999998,0.0,2909.0
0.856841049146473,0.0,0.09136346233333333,0.20564811366666666,0.0,2909.0
0.8142302873093984,0.017575268333333335,0.11129144549999999,0.18607147883333333,0.0,2909.0
0.8762519724298422,0.568846187,0.042812224499999996,0.12115406425,0.0,2909.0
0.8672314519641702,0.8147950164,0.0300634426,0.096877389,0.0,2909.0
0.8979609737739347,0.201846535,0.06052801925,0.1645698725,0.0,2909.0
0.7936260135546739,0.0,0.058402451749999994,0.1959320075,0.0,2909.0
0.7193017369024246,0.0,0.06225721533333334,0.21785589100000002,0.0,4642.333333333333
0.799679369628916,0.462456201,0.0777353982,0.24121806659999998,0.0,4989.0
0.8054742453419542,0.6976169636666668,0.06144941933333333,0.24630678400000003,0.0,4989.0
0.8065867340389437,0.0589952935,0.22688342900000003,0.38260331024999994,0.0,4989.0
0.7325249454399632,0.0,0.29498352125000005,0.48233201574999995,0.0,4989.0
0.8371896140486939,0.0510206476,0.43279477239999997,0.6788380224,0.0,4989.0
0.8416069769439425,0.11895997614285714,0.4601829824285714,0.8203340664285715,0.0,4989.0
0.8336484555610709,0.00927306975,0.4680641945,0.87524327025,0.0,4989.0
0.7410753317326653,0.0,0.406326101875,0.861141825875,0.0,4989.0
0.8385000207177885,0.11972263150000001,0.446006584,0.73087770325,0.0,4989.0
0.8297867448996069,0.4770692593333334,0.5856115073333333,0.5110258554999999,0.0,4989.0
0.8337464052670641,0.2774486795,0.52489839725,0.45442098475000003,0.0,4989.0
0.7957263068307866,0.0,0.500377698,0.47395539575,0.0,4989.0
0.7648467773346104,0.015100998,0.37008071262500003,0.43092658137499995,0.0,4989.0
0.8264472128445676,0.5344399236666667,0.17597699916666665,0.5753512481666667,0.0,4989.0
0.8242217029507075,0.2078887558333333,0.37382854550000005,0.7811785356666667,0.0,4989.0
0.7758260270978443,0.0,0.591237775,0.8155230977500001,0.0,4989.0
0.7346647500137754,0.0,0.31658172300000004,0.3634380264285714,0.0,4989.0
0.8228900432109398,0.0759439352,0.07256004140000001,0.154594853,0.0,4989.0
0.8167511164273203,0.1837131065,0.07793236125,0.25605301775,0.0,4989.0
0.8187620042758758,0.09123268074999999,0.25473926275000003,0.43004280824999996,0.0,4989.0
0.7715120108804895,0.0,0.39675871674999996,0.60910647,0.0,4989.0
0.733017906252763,0.0,0.4162245095714285,0.47200891585714283,0.0,4989.0
0.8221409541396781,0.02315782133333333,0.32686624966666666,0.46172612733333335,0.0,4989.0
0.8246987740757085,0.127607916,0.21895583259999998,0.5445365815999998,0.0,4989.0
0.8295286603390005,0.1893394506666667,0.22464445833333335,0.795662895,0.0,4989.0
0.814319700708823,0.0185280754,0.43092080819999995,0.8735489432000001,0.0,4989.0
0.7018505514672254,0.0,0.62089431825,0.9106059205,0.0,4989.0
0.744394309768645,0.15739488785714287,0.5003901227142857,0.6905473330000002,0.0,4989.0
0.7861187437292552,0.75888536475,0.44465687775,0.7516714332500001,0.0,4989.0
0.790851418231351,0.4929451616666667,0.540818328,0.8731720106666666,0.0,4989.0
0.808118319473365,0.10436385375,0.50584525775,0.88549862125,0.0,4989.0
0.7344716306843774,0.0,0.44860436274999993,0.8216722605000001,0.0,4989.0
0.7165687716591448,0.034036995125000004,0.244422249875,0.34151941225,0.0,4989.0
0.7835128590096201,0.520970779,0.05453259075,0.15421948975,0.0,4989.0
0.771017392633895,0.5490539977500001,0.032558448499999997,0.092362695,0.0,4989.0
0.7946927314379504,0.10366508425,0.06917897475,0.1426916165,0.0,4989.0
0.7202576524239266,0.0,0.200321125375,0.33255445699999997,0.0,4989.0
0.8151095407976516,0.024997437749999997,0.1415987605,0.21820345825,0.0,4989.0
0.8114812220728731,0.18265173966666667,0.10208401833333335,0.342429744,0.0,4989.0
0.8057234263169641,0.28035130675,0.200896345,0.565689115,0.0,4989.0
0.8191254246597199,0.17274406550000002,0.451075628,0.6809114347499999,0.0,4989.0
0.7554953999783045,0.000324422,0.5749527773333334,0.8152451241666667,0.0,4989.0
0.7681488225442541,0.02455567783333333,0.5247412976666667,0.781722984,0.0,4989.0
0.8270274144513196,0.49981521925,0.2784583395,0.45880294175,0.0,4989.0
0.812012176058514,0.7999327046,0.1361911846,0.3224877056,0.0,4989.0
0.815910600429733,0.2612515455,0.13596264074999997,0.32632299750000004,0.0,4989.0
0.7418599314911997,0.0,0.105655828875,0.35682511725,0.0,4989.0
0.8266941092804565,0.1530061945,0.1226163045,0.33615364025000005,0.0,4989.0
0.8121946520759266,0.7987560996666666,0.099689821,0.38819134316666665,0.0,4989.0
0.8140393957930714,0.5453960395,0.158718151,0.46595763925,0.0,4989.0
0.808530209747133,0.036000985,0.2185236995,0.34446100674999997,0.0,4989.0
0.7357852125950372,0.0,0.13938403671428573,0.15114671385714287,0.0,4989.0
0.8297606361490435,0.24760770825,0.046790061499999994,0.09902025,0.0,4989.0
0.8057406884238391,0.7198940444285714,0.030054206142857146,0.09429210928571428,0.0,4989.0
0.8095849803651068,0.18983477740000002,0.0938342194,0.10789274600000001,0.0,4989.0
0.7321469008378394,0.0,0.09551862380000001,0.10792981780000002,0.0,4989.0
0.7914166916572195,0.10995030666666666,0.05864521883333334,0.18004894233333335,0.0,4989.0
0.8065495540322766,0.77139706,0.022004378499999998,0.19188559625,0.0,4989.0
0.7961792969251752,0.83993784825,0.03742924675,0.20611191525,0.0,4989.0
0.8057610052296093,0.2700402225,0.1247219275,0.30578817975,0.0,4989.0
0.7482846742829868,0.0,0.30025777550000005,0.5126924669999999,0.0,4989.0
0.7267812193261115,0.08623602650000001,0.344527790125,0.572480720125,0.0,4989.0
0.767079702315376,0.7333926356666667,0.13980026966666667,0.556226099,0.0,4989.0
0.741443792556144,0.8592283744,0.144663174,0.48074123259999996,0.0,4989.0
0.7668044360573123,0.19652787100000002,0.1878966228,0.3599597862,0.0,4989.0
0.7152307089261316,0.0,0.116429837,0.109726906,0.0,4989.0
0.7291231219968457,0.09102070614285715,0.12778367685714284,0.13579678714285712,0.0,4989.0
0.7547025753370564,0.7180133555,0.057494550500000005,0.18731110025,0.0,4989.0
0.7543709714564222,0.7637644445,0.0420985815,0.21523549025000002,0.0,4989.0
0.7785376775484006,0.18378690940000003,0.196417106,0.27410710679999994,0.0,4989.0
0.7155076750363621,0.0,0.16539492975,0.174032116125,0.0,4989.0
0.8155320122400586,0.183776745,0.048810738400000005,0.0783309258,0.0,4989.0
0.8027768189011072,0.44390121340000005,0.0224103512,0.0418388514,0.0,4989.0
0.804031220890317,0.22467139874999997,0.05128980825,0.04765379475,0.0,4989.0
0.7623308440372745,0.00179900675,0.070807228,0.07831695675,0.0,4989.0
0.7279599802274079,0.004369172,0.07173589614285714,0.10684428385714285,0.0,4989.0
0.8148230858208879,0.1359240785,0.0719507855,0.1658289155,0.0,4989.0
0.8097631345467863,0.248345556,0.07939254650000001,0.285411461,0.0,4989.0
0.8104346980231759,0.0845349725,0.18007833825,0.45650713625,0.0,4989.0
0.7548794578860925,0.0,0.19653525866666666,0.41058906433333336,0.0,4989.0
0.7144608907286503,0.0,0.17793002450000003,0.295078732,0.0,4989.0
0.8209209625220849,0.17865470133333336,0.11489593366666666,0.19456480466666667,0.0,4989.0
0.8021217095564362,0.618653014,0.028343820250000002,0.13034281375,0.0,4989.0
0.7913804506635534,0.5891601980000001,0.03618434175,0.22922898675,0.0,4989.0
0.8048784267433174,0.176397935,0.10221916233333334,0.33851779899999995,0.0,4989.0
0.7622067347275003,0.002793957,0.14882811425,0.44622848200000004,0.0,4989.0
0.7239580354987768,0.007999347285714286,0.21596975042857142,0.5833153808571429,0.0,4989.0
0.812993646160766,0.34465575033333334,0.17649473633333335,0.65961126,0.0,4989.0
0.7857811938257239,0.8177442014999999,0.12595263966666667,0.4952469111666667,0.0,4989.0
0.7795220080607806,0.43029734325,0.25592962924999996,0.38442698075000004,0.0,4989.0
0.7385261107839627,0.005225967666666667,0.24707991883333333,0.31322100416666665,0.0,4989.0
0.7232042187143279,0.0,0.1935213315,0.55383466975,0.0,4989.0
0.8165901206631624,0.07476028474999999,0.20183347675000002,0.6311781585,0.0,4989.0
0.7800527283478991,0.489887738,0.1826382857142857,0.42150608028571435,0.0,4989.0
0.7767930036891753,0.2010609726666667,0.17108453233333334,0.303232695,0.0,4989.0
0.7460880041033695,0.00276794,0.142061557,0.37324702200000004,0.0,4989.0
0.6738488164488083,0.002436760571428571,0.15767325928571427,0.6237466025714287,0.0,4989.0
0.7656138317639185,0.2127409712,0.2986714064,0.6133564895999999,0.0,4989.0
0.7631845987738993,0.4467531107999999,0.26534590760000004,0.549777697,0.0,4989.0
0.7799395786806456,0.12102580575,0.2228744015,0.5607015175000001,0.0,4989.0
0.7096042558395945,0.0,0.20443097300000002,0.5887040526,0.0,4989.0
0.7087459038544868,0.037787851,0.13639352842857141,0.5345994967142857,0.0,4989.0
0.7837357161499656,0.30938214225,0.05253360925,0.32114598974999997,0.0,4989.0
0.7857043537280577,0.35170872425,0.0383672715,0.19666165250000003,0.0,4989.0
0.7993835823468366,0.17452342933333334,0.03175985133333333,0.12752009433333333,0.0,4989.0
0.7585448703859035,0.008233184,0.048721416749999996,0.059785745999999994,0.0,4989.0
0.7414484066281696,0.008320897428571429,0.08644017885714286,0.20750991228571428,0.0,4989.0
0.8191501563614209,0.21784577833333332,0.069338968,0.463118742,0.0,4989.0
0.8084591592778783,0.5022562074,0.10728153739999999,0.5379391278000001,0.0,4989.0
0.812298907737222,0.34338087625,0.16929308625,0.58843051825,0.0,4989.0
0.8047931442299622,0.041991280666666665,0.37676751399999997,0.714086791,0.0,4989.0
0.7329206471615523,0.002872405777777778,0.5275745354444444,0.8413966237777778,0.0,4989.0
0.8138815027421188,0.12206245019999999,0.502442162,0.8469905608000001,0.0,4989.0
0.8083851514647593,0.14719504900000002,0.48462004512499995,0.8068054588750001,0.0,4989.0
0.7659020587147995,0.00632472975,0.3961745320000001,0.7056312685,0.0,4989.0
0.7266639521225028,0.0036538680000000002,0.24357500485714292,0.43996742157142854,0.0,4989.0
0.8139650514108493,0.11230334566666667,0.15258816366666667,0.44100393,0.0,4989.0
0.8094733464959093,0.320165398,0.11875623025,0.37459888674999997,0.0,4989.0
0.8095030623339791,0.2818899315,0.14925483516666668,0.4102978828333333,0.0,4989.0
0.767746434736087,0.01393551675,0.1856500625,0.35924739099999997,0.0,4989.0
0.7333606072180524,0.011810641571428571,0.13496762071428572,0.2942658024285715,0.0,4989.0
0.8120333573406997,0.40153004879999993,0.0569591968,0.1558387342,0.0,4989.0
0.8042205475760227,0.65285417525,0.09404287875,0.21896305125,0.0,4989.0
0.8085398802471875,0.35036646625,0.12964994075,0.239641295,0.0,4989.0
0.7483820136461605,0.014243660333333333,0.18732816966666666,0.29485820983333333,0.0,4989.0
0.7295851038884063,0.00172536575,0.12298233,0.14710226475000002,0.0,4989.0
0.8196001968649771,0.308118497,0.041302122250000003,0.1153709935,0.0,4989.0
0.8001515147027601,0.7303840620000001,0.03798709633333333,0.18875687683333334,0.0,4989.0
0.80939798499723,0.382631889,0.045325064666666665,0.2843102453333333,0.0,4989.0
0.7738727259852809,0.050998743400000004,0.0819212528,0.26639823960000003,0.0,4989.0
0.6969983442290877,0.016546620571428573,0.068435936,0.21026882685714288,0.0,4989.0
0.7675252206444471,0.4439587602,0.023205793199999998,0.17868286160000002,0.0,4989.0
0.7661240706809198,0.63989936,0.04105880975,0.22061598075,0.0,4989.0
0.7786486775134827,0.3305487255,0.056118799250000004,0.3416636405,0.0,4989.0
0.7463966754232927,0.0210416555,0.11598655125,0.34353359299999997,0.0,4989.0
0.6975874632438053,0.018020553999999998,0.107828989,0.2644251618571428,0.0,4989.0
0.7687674921404596,0.34010053939999996,0.0379009546,0.10879604939999998,0.0,4989.0
0.7766728105460952,0.42641334975,0.024227626999999998,0.02700451875,0.0,4989.0
0.7914357979301303,0.20251084850000003,0.02931715125,0.03853348425,0.0,4989.0
0.7505146163786517,0.019065606250000002,0.08337884100000001,0.046804916,0.0,4989.0
0.7460861615078882,0.02165792225,0.08418259425,0.051710576625,0.0,4989.0
0.8118604939673859,0.4045524665,0.03652333525,0.03412852525,0.0,4989.0
0.7954897170216632,0.48225054171428583,0.028509393714285715,0.09445220371428573,0.0,4989.0
0.7953136576144278,0.054585005,0.130725577,0.306532497,0.0,4989.0
0.661125259855279,0.0,0.2514344712,0.523723587,0.0,4224.2
0.6654286993744931,0.01173382775,0.32110197375,0.6660252755,0.0,1165.0
0.7750996559825468,0.1472053716,0.32280396620000007,0.7459424882000001,0.0,1165.0
0.7755082227380214,0.177312967,0.4464873828,0.6637223839999999,0.0,1165.0
0.7686229597512179,0.0344210046,0.527964087,0.631283575,0.0,1165.0
0.6546286952457535,0.0004286625,0.513830547,0.7675762425,0.0,1165.0
0.7663712891906609,0.052747417799999995,0.40084836040000005,0.67860398,0.0,1165.0
0.7731637385526696,0.22940486066666665,0.2784055166666667,0.5235279348333334,0.0,1165.0
0.7671601715299958,0.05385150740000001,0.216012064,0.4417249172,0.0,1165.0
0.6545919906593577,0.0005650465,0.15594282062499998,0.31172529325,0.0,1165.0
0.7639711758993624,0.10697229724999999,0.082298737,0.1986844365,0.0,1165.0
0.7643602413777716,0.2702191528571429,0.10038647557142857,0.35554798242857144,0.0,1165.0
0.7661022413640932,0.06526348666666668,0.2404784293333333,0.542917568,0.0,1165.0
0.7171946402890261,0.0036608065,0.45194248000000004,0.7362671755000001,0.0,1165.0
0.6420069928827105,0.002740498428571429,0.5964676152857142,0.8634077294285715,0.0,1165.0
0.7734341266741452,0.079986206,0.58429636575,0.770297321,0.0,1165.0
0.772350277665269,0.21552181999999998,0.41796193299999995,0.6066648728333333,0.0,1165.0
0.7671474965739058,0.0652455808,0.21789129879999997,0.36482419720000003,0.0,1165.0
0.652045959905984,0.0,0.1578082,0.23786406799999998,0.0,1165.0
0.6323635694065786,0.055262241428571425,0.13539666999999997,0.162686836,0.0,1165.0
0.7149785937829866,0.3856316735,0.08340019575,0.217268531,0.0,1165.0
0.6934142752619576,0.60068843325,0.10199882900000001,0.4649761605,0.0,1165.0
0.6955927544744788,0.334772213,0.121623193,0.5082156056666667,0.0,1165.0
0.6679668864254498,0.020463025833333332,0.21507343483333333,0.5523301646666666,0.0,1165.0
0.6254430122460315,0.0396491448,0.2941772932,0.6956079648,0.0,1165.0
0.6649482505746058,0.4146195856666666,0.22199605266666667,0.7892633436666667,0.0,1165.0
0.6893512279062021,0.7251327211666667,0.3238455706666667,0.7700100508333333,0.0,1165.0
0.6982309253601354,0.42016528775,0.37481622524999997,0.5698802345,0.0,1165.0
0.663095307307569,0.018829660166666668,0.370717864,0.4368869793333334,0.0,1165.0
0.663527490161861,0.03915792,0.1672890742,0.2608551984,0.0,1165.0
0.7659192051067854,0.3201335535,0.067478671,0.4311797865,0.0,1165.0
0.7584716958361025,0.524106572,0.12484099774999999,0.59427313375,0.0,1165.0
0.7626795941535832,0.54122248075,0.30253249649999997,0.763622468,0.0,1165.0
0.7532149277392107,0.2033241094,0.45327896279999996,0.7242370422,0.0,1165.0
0.6390008613974438,0.0,0.5340298459999999,0.688621865,0.0,1165.0
0.6914927775120493,0.1424408003333333,0.23999111600000003,0.4089562418333333,0.0,1165.0
0.7584704517558993,0.63802691775,0.0729881205,0.19814999525,0.0,1165.0
0.7596959124911629,0.8091167025,0.0606805325,0.16176664275,0.0,1165.0
0.759883905113564,0.41168422633333335,0.04051275033333334,0.16519937233333334,0.0,1165.0
0.7072385268367971,0.0415812065,0.145231633,0.3464984375,0.0,1165.0
0.652783493711947,0.035894677285714285,0.34202523028571424,0.7585710484285715,0.0,1165.0
0.7637984674303683,0.38762691000000005,0.242222234,0.8074728615,0.0,1165.0
0.7578513016905735,0.7766438127499999,0.22348751425,0.8002931472499999,0.0,1165.0
0.7594257042837862,0.7314623808333334,0.2706519505,0.8015975403333334,0.0,1165.0
0.7173586665506522,0.08613556079999998,0.4013679814000001,0.8013590146,0.0,1165.0
0.6328645213752851,0.0003584276,0.441567524,0.8252683189999999,0.0,1165.0
0.7216237173301504,0.20337937900000003,0.295471877,0.789462162,0.0,1165.0
0.7601790173295992,0.71089591525,0.160317193,0.618903706,0.0,1165.0
0.7601049038189012,0.9507926033333334,0.20595354133333332,0.45441154533333333,0.0,1165.0
0.7611997534833586,0.6542481545,0.20097102249999999,0.41558386100000005,0.0,1165.0
0.7464055673897628,0.15149898800000003,0.30940453700000004,0.46724564399999996,0.0,1165.0
0.6455252860881615,0.0,0.389043676,0.703252658,0.0,1165.0
0.6697231006721324,0.10419984383333332,0.27105280966666667,0.7278593521666666,0.0,1165.0
0.7614055771925541,0.6435056466666667,0.07954413566666667,0.5281152006666666,0.0,1165.0
0.7690900660006427,0.8834607796666667,0.10048739783333334,0.37635204949999995,0.0,1165.0
0.767032789388414,0.4263884723333333,0.09710420833333333,0.34907896633333335,0.0,1165.0
0.7015257077299045,0.04778900675,0.142790117,0.33728902850000003,0.0,1165.0
0.6030765951893737,0.03846134442857142,0.10446245514285714,0.337987165,0.0,1165.0
0.6618295604969543,0.48320778966666666,0.033648736000000005,0.273266873,0.0,1165.0
0.7126582955755332,0.8519739228333334,0.0231013655,0.1899798503333333,0.0,1165.0
0.7205741104604428,0.4662157235,0.024774740000000003,0.145272902,0.0,1165.0
0.6771686537716742,0.04740245125,0.0495483895,0.103879634,0.0,1165.0
0.6029808151665793,0.04326007785714286,0.024263387857142858,0.06687959514285714,0.0,1165.0
0.6738681089924702,0.5544366574999999,0.00949912875,0.05902569125,0.0,1165.0
0.7305265482566876,0.8734009366000001,0.0102288686,0.031927909399999996,0.0,1165.0
0.7397710808143076,0.45633083225,0.036002359250000004,0.04660211825,0.0,1165.0
0.6648452780296105,0.030500499666666667,0.10081960983333332,0.114876694,0.0,1165.0
0.6454320685043712,0.0605480954,0.0543665572,0.12434768500000001,0.0,1165.0
0.7655590474049467,0.40966261049999997,0.020035442,0.086378834,0.0,1165.0
0.7989182103797079,0.799241189,0.013049377000000001,0.08906265049999999,0.0,1165.0
0.8326783021546431,0.8519191115,0.053045204750000005,0.16969832875000002,0.0,1165.0
0.7893604604120779,0.2961480928,0.1194545884,0.251425905,0.0,1165.0
0.6401716270461423,0.0,0.143689481,0.16240523360000003,0.0,1165.0
0.6528376541573169,0.07294260375,0.10161926249999999,0.12241839674999999,0.0,1165.0
0.7776483391793141,0.528405809,0.02412507775,0.09666579025,0.0,1165.0
0.8306765450638453,0.8677290895,0.02958488375,0.12217454375,0.0,1165.0
0.8304212614943001,0.58440134775,0.0547397155,0.22645892525,0.0,1165.0
0.7360046148844862,0.0902679398,0.14454280860000002,0.31814925839999997,0.0,1165.0
0.6541896358406523,0.082167481875,0.14093843512499998,0.190563665875,0.0,1165.0
0.7821348523767178,0.67615441525,0.01800666125,0.02638180025,0.0,1165.0
0.8130325081792905,0.7783504037500001,0.0335301375,0.047897037,0.0,1165.0
0.7840518514821749,0.41720626750000006,0.03713532725,0.07211711125,0.0,1165.0
0.6803450816964873,0.030906679333333336,0.0927169475,0.3411831768333333,0.0,1165.0
0.6644972789152876,0.10337519866666667,0.16762240933333336,0.6585267411666668,0.0,1165.0
0.764743388157956,0.6619951035,0.12315790225,0.63865856725,0.0,1165.0
0.7705406217453382,0.6552438972857144,0.1844138462857143,0.7013876752857143,0.0,1165.0
0.7199649551469587,0.0741422896,0.2539879,0.592449416,0.0,1165.0
0.6541661577306863,0.06335971237499999,0.303368570125,0.556435078125,0.0,1165.0
0.7619939709087887,0.577891302,0.319663104,0.5831238205,0.0,1165.0
0.7580019346527271,0.787958662,0.3483582905,0.6063280435,0.0,1165.0
0.7588286611959397,0.4576358682499999,0.356243773,0.54544649325,0.0,1165.0
0.7009537368935853,0.061707915,0.28749738599999997,0.48564690075,0.0,1165.0
0.6050885391651757,0.051138545714285714,0.21657558585714284,0.4139462681428571,0.0,1165.0
0.6507922857013484,0.423798208,0.07005125400000001,0.15827055699999998,0.0,1165.0
0.6868102631545409,0.76354604275,0.12357811249999999,0.14428616375,0.0,1165.0
0.6928939314875618,0.7581270352499999,0.148190252,0.3141017215,0.0,1165.0
0.7014396975882861,0.405087292,0.1550039006666667,0.4701162443333333,0.0,1165.0
0.6776482381710683,0.063005029,0.22062810325,0.5187482385,0.0,1165.0
0.6110174987593201,0.041105765142857145,0.18876588842857145,0.2687471265714286,0.0,1165.0
0.667100237501179,0.47618925074999996,0.0587930715,0.1382279705,0.0,1165.0
0.6984279041004045,0.79042668175,0.188334016,0.370502377,0.0,1165.0
0.7090087776240522,0.42993171175,0.20046918575,0.5884115655,0.0,1165.0
0.7031359406353676,0.069266862,0.256959235,0.7521873683333333,0.0,1165.0
0.6357772065895739,0.0002618958,0.4200831184,0.7612030354000001,0.0,1165.0
0.6897222765957399,0.19403529833333333,0.3140642921666667,0.600647736,0.0,1165.0
0.7698788965280516,0.8085783305,0.26431655924999997,0.5055557845,0.0,1165.0
0.7896075474329048,0.85677205675,0.33272591075,0.5437799155,0.0,1165.0
0.7663750447841519,0.3177033296,0.21520008059999998,0.550122959,0.0,1165.0
0.6392130219052523,0.00040607159999999997,0.16896851920000003,0.3742150394,0.0,1165.0
0.6905061699843235,0.20398701716666667,0.07720198316666667,0.3546175111666667,0.0,1165.0
0.7824267256179341,0.823761184,0.094891222,0.31486246716666666,0.0,1165.0
0.7838535817683668,0.4596079415,0.12596774125000001,0.36593954149999997,0.0,1165.0
0.7563013732504399,0.086188504,0.15834377366666666,0.337628716,0.0,1165.0
0.646511600173022,0.00044412725,0.22089962375,0.39065404775,0.0,1165.0
0.6790074517636574,0.11971682900000001,0.23020141800000002,0.5643670362857144,0.0,1165.0
0.7660080825153798,0.7348966205,0.22677675225,0.59163313175,0.0,1165.0
0.7864302317755589,0.82120451925,0.271188523,0.66599626825,0.0,1165.0
0.7651083341070681,0.306107965,0.24958977520000003,0.5413211812000001,0.0,1165.0
0.6367221568990411,0.020210994125,0.21636379925000004,0.397170414625,0.0,1165.0
0.7512580165900707,0.40498146375,0.042374303,0.25622964675000004,0.0,1165.0
0.7610787324570403,0.723834752,0.06417945971428572,0.2926594517142857,0.0,1165.0
0.7549844223870545,0.2637892388,0.060143230000000006,0.2880085994,0.0,1165.0
0.6408086534326166,0.0007297732,0.0792516738,0.2910292848,0.0,1165.0
0.6576287899665408,0.09564997375,0.10957625574999999,0.412848589,0.0,1165.0
0.7620411149677935,0.56957105525,0.06942159975000001,0.48192938350000003,0.0,1165.0
0.769162254748314,0.9157517475,0.152996498,0.56667112175,0.0,1165.0
0.7717624899776669,0.5766763507999999,0.197342954,0.5941622784,0.0,1165.0
0.7023547931017029,0.0682696715,0.3474811295,0.5619706042500001,0.0,1165.0
0.5975748231049007,0.05001355114285714,0.2978123962857143,0.3522870471428572,0.0,1165.0
0.6725053828657154,0.49642054625,0.13334894249999998,0.23168026749999998,0.0,1165.0
0.7188087304839949,0.82520500425,0.20489268925,0.1972278005,0.0,1165.0
0.7300105494624916,0.5935522235,0.22308816174999999,0.1479614935,0.0,1165.0
0.7162267364080283,0.13127713133333332,0.2584629823333333,0.23392715333333333,0.0,1165.0
0.6203147473707464,0.0009193196,0.3497025902,0.528685794,0.0,1165.0
0.6133927378050857,0.16341411266666667,0.2147796616666667,0.5844592221666666,0.0,1165.0
0.6897016288763518,0.7731382632500001,0.1518495645,0.378542467,0.0,1165.0
0.7050056897549845,0.7457805843333335,0.13232724466666665,0.37684833583333327,0.0,1165.0
0.6875355052658819,0.12223604339999998,0.1268016182,0.31795190939999995,0.0,1165.0
0.6543380447065896,0.09219049,0.09097516962499999,0.38540035400000006,0.0,1165.0
0.7638765710950239,0.68324431975,0.08007128525,0.36048687775,0.0,1165.0
0.7750450479737803,0.8832010865,0.14178056075,0.43819728775,0.0,1165.0
0.7737983919195925,0.5067872397500001,0.2072388195,0.5160464735,0.0,1165.0
0.7083481757254637,0.078361304,0.335329663,0.568255621,0.0,1165.0
0.6542026452712768,0.09312329550000001,0.33785476825,0.570858137875,0.0,1165.0
0.7736102972468715,0.7173441092,0.37786062900000006,0.5474690406,0.0,1165.0
0.8042236459229374,0.885333469,0.6391939456666667,0.6608652886666667,0.0,1165.0
0.8053584099965859,0.5043895777499999,0.719172513,0.73953014475,0.0,1165.0
0.7211037258289152,0.0792817,0.72594158575,0.8584601277499999,0.0,1165.0
0.6549573883085287,0.0907718535,0.5142859904999999,0.7675588155,0.0,1165.0
0.7624910654361446,0.57923663225,0.377950917,0.4850031295,0.0,1165.0
0.7696630978351606,0.6969510459999999,0.4260954438,0.48144166019999995,0.0,1165.0
0.7587932862075607,0.283669293,0.4550534396,0.5184866523999999,0.0,1165.0
0.6467904030952223,0.00231897775,0.3239432015,0.62969096425,0.0,1165.0
0.6643103619634892,0.12678161066666668,0.1301308295,0.40287988466666663,0.0,1165.0
0.7597507550291336,0.64672069525,0.04426517625,0.1290227055,0.0,1165.0
0.7604799429645983,0.8918661745,0.03560922225,0.08438309499999999,0.0,1165.0
0.762376274613783,0.50891062475,0.042147822,0.09788748550000001,0.0,1165.0
0.7054609294269069,0.08332822025000002,0.09206258325,0.31062728900000003,0.0,1165.0
0.6228117680729857,0.0003303345,0.287974803,0.62600875375,0.0,1226.0
0.6887724342979142,0.16541238200000002,0.31515804625,0.6953532977499999,0.0,1287.0
0.7624233168100413,0.5524981436666666,0.3272409463333333,0.5733190656666666,0.0,1287.0
0.7696338154895092,0.7211516451666666,0.36527242816666666,0.4723915433333333,0.0,1287.0
0.7610153065494559,0.26211386420000005,0.302710146,0.4419496532,0.0,1287.0
0.6264644852441575,0.0018844508,0.2678080554,0.44126716959999995,0.0,1287.0
0.6162051779992138,0.1988034915,0.09454160083333331,0.3436169036666667,0.0,1287.0
0.7112036403781903,0.7140276655,0.09506627525,0.32157122,0.0,1287.0
0.7296111429093235,0.589981513,0.17726447171428572,0.4117787495714285,0.0,1287.0
0.6864674867803013,0.076602873,0.257140505,0.40300286525,0.0,1287.0
0.5989954685798461,0.045311295142857144,0.2631978824285714,0.5875816811428571,0.0,1287.0
0.6513443518796601,0.3479036045,0.119696354,0.3707112145,0.0,1287.0
0.70422712433513,0.6957433454999999,0.2019101385,0.32412403875,0.0,1287.0
0.7241674946919989,0.6962618453333334,0.29923903933333335,0.46708278499999994,0.0,1287.0
0.7270390264605321,0.29672881475,0.34589424725,0.57243831625,0.0,1287.0
0.689065872161337,0.0265049985,0.373796177,0.61364250525,0.0,1287.0
0.6566096911483159,0.064484760625,0.533951484,0.7752593456250001,0.0,1287.0
0.7587168043332985,0.4867179425,0.7293056932499999,0.9003534474999999,0.0,1287.0
0.7584721769617296,0.73097981825,0.8141441469999999,0.9156323365,0.0,1287.0
0.7514632105738681,0.39102121975000004,0.8511600990000001,0.9213386277500001,0.0,1287.0
0.7050452250055023,0.056087597,0.813072852,0.9315081807500001,0.0,1287.0
0.6295043289604982,0.017933187333333333,0.8017005326666666,0.9364455225000001,0.0,1287.0
0.7548786285513939,0.2406778205,0.7943143825,0.934803722,0.0,1287.0
0.7657686895342828,0.49069430925,0.6694826425,0.869644878,0.0,1287.0
0.7651578958614267,0.47594264975000006,0.59510839975,0.75595291425,0.0,1287.0
0.7520810813889887,0.19088673300000003,0.49087286325,0.71242889225,0.0,1287.0
0.6574610809524055,0.0040259165,0.4018111845,0.6982315715,0.0,1287.0
0.6778738491486204,0.11915722016666667,0.306940954,0.6445587991666666,0.0,1287.0
0.7641129597763964,0.5507463942499999,0.367334564,0.52468525575,0.0,1287.0
0.762766070498327,0.5773178699999999,0.3581282306,0.4055850844,0.0,1287.0
0.7557618597512396,0.2509452486,0.21395151539999996,0.42691316319999995,0.0,1287.0
0.6671353284097286,0.00286840825,0.23017302825000002,0.53587785975,0.0,1287.0
0.6860962035824003,0.054280661833333334,0.26470643,0.5688925628333333,0.0,1287.0
0.7612788079885564,0.24610525574999997,0.45336912225000003,0.7102222217499999,0.0,1287.0
0.7574838279405548,0.34651221740000004,0.41537114199999997,0.670265095,0.0,1287.0
0.745155603427552,0.17804419080000003,0.3391736106,0.43364895680000004,0.0,1287.0
0.6419450404653445,0.02702752525,0.22215785975000002,0.25814473,0.0,1287.0
0.752248403064169,0.39607055175000005,0.0790382425,0.09798613,0.0,1287.0
0.7557138772215234,0.5822430261428572,0.10155500757142857,0.15601424828571428,0.0,1287.0
0.7437058939453048,0.2785657706,0.0774341682,0.1712660392,0.0,1287.0
0.6341159938815252,0.0036950103999999996,0.0766906508,0.14877866420000002,0.0,1287.0
0.6263260038563608,0.11727870633333333,0.040224387333333333,0.16349035833333334,0.0,1287.0
0.6899939417463143,0.406809227,0.05819090314285714,0.27723962914285716,0.0,1287.0
0.7006612122309873,0.20784403539999996,0.04485172019999999,0.2556499716,0.0,1287.0
0.6531110585467383,0.017370955,0.03866856025,0.14166974975,0.0,1287.0
0.6181208233461652,0.096874943625,0.03265243175,0.163812784625,0.0,1287.0
0.6987043951290378,0.5442738856666666,0.03399370883333334,0.2652565333333334,0.0,1287.0
0.7166932154747157,0.38017980949999997,0.049629781750000004,0.312075385,0.0,1287.0
0.691182222934912,0.0871847862,0.140879535,0.3578142218,0.0,1287.0
0.6289128057289116,0.025938125500000003,0.20063562866666665,0.405300316,0.0,1287.0
0.7546885505719216,0.36651273840000004,0.0913902202,0.3350474358,0.0,1287.0
0.7785501334605079,0.655166202,0.16245393900000002,0.27248572299999996,0.0,1287.0
0.7846049529402959,0.49411358860000004,0.2622949744,0.3299331862,0.0,1287.0
0.7228990095293992,0.096519568,0.2922989644,0.43340579800000006,0.0,1287.0
0.6565834961556971,0.0710456325,0.31015041962499995,0.532684899875,0.0,1287.0
0.7582063658382594,0.52810738075,0.314296134,0.45950009675000003,0.0,1287.0
0.761879426589063,0.6838317942500001,0.3355799805,0.41267844600000003,0.0,1287.0
0.75519156013089,0.2821017055,0.22840997733333337,0.45844680633333335,0.0,1287.0
0.6383881791189281,0.02592276375,0.097517825625,0.26363894449999997,0.0,1287.0
0.7480616062789407,0.36573885975000003,0.016492749749999997,0.07250073700000001,0.0,1287.0
0.7583736642230826,0.54912305625,0.02644509525,0.063956287,0.0,1287.0
0.759041698923837,0.40174450766666664,0.03294091116666666,0.13136527983333332,0.0,1287.0
0.7027893812194042,0.07325159249999999,0.0277541585,0.0681003915,0.0,1287.0
0.6401478060478609,0.06399454985714285,0.04027448857142857,0.09169857371428572,0.0,1287.0
0.7604069522366745,0.5324960356666667,0.0477273735,0.2221417628333333,0.0,1287.0
0.7680696000046023,0.43134695525,0.11773717925,0.39810146075,0.0,1287.0
0.764060335293217,0.178172708,0.20310327,0.580057864,0.0,1287.0
0.6910063315338458,0.012928715666666667,0.44196147666666663,0.782844483,0.0,1287.0
0.6291833385736427,0.011965795166666668,0.5409138586666666,0.8852816271666667,0.0,1287.0
0.7517162293515973,0.22867191125,0.45621893950000003,0.864305799,0.0,1287.0
0.7657195170705355,0.5485963037142857,0.6142794477142858,0.8309273284285713,0.0,1287.0
0.7573237757328408,0.2744482192,0.45183560199999995,0.8200061516,0.0,1287.0
0.6334671187182587,0.007381474,0.349880205,0.74752283275,0.0,1287.0
0.5927943436722947,0.05310881275,0.25751886525,0.5206399625,0.0,1287.0
0.6504753405055956,0.38468163050000004,0.105336103,0.39536084525000004,0.0,1287.0
0.7064122075361556,0.657763189,0.222791871,0.39638181266666667,0.0,1287.0
0.722185801654868,0.5059779456,0.2392156394,0.43016995700000005,0.0,1287.0
0.7119418906384044,0.1676816096,0.1138749058,0.3359220738,0.0,1287.0
0.6014812717402104,0.008827364833333334,0.09635656883333334,0.13799971133333333,0.0,1287.0
0.6293247078510624,0.21709963475,0.02258301075,0.044595739,0.0,1287.0
0.708460877449708,0.6075602720000001,0.023293597750000002,0.0388362935,0.0,1287.0
0.730400141329762,0.5901925229999999,0.031394976000000005,0.12672442025,0.0,1287.0
0.7326380871800099,0.26314581575,0.068038067,0.41502725225,0.0,1287.0
0.6744532595134854,0.029918531499999998,0.225161904,0.58008003475,0.0,1287.0
0.6626430560050348,0.043733493285714284,0.3103119332857143,0.7129555812857145,0.0,1287.0
0.7663629473663875,0.2838357845,0.3372913455,0.7248766550000001,0.0,1287.0
0.7669140713905893,0.5718202614285713,0.4818656148571429,0.7934540095714286,0.0,1287.0
0.7598663206857166,0.23501966975000002,0.4230848675,0.8720390360000001,0.0,1287.0
0.6520442665474278,0.009322392,0.3094871657142857,0.8744892795714285,0.0,1287.0
0.6896108500055081,0.0729642175,0.28799430950000005,0.8648160497499999,0.0,1287.0
0.7599394717888494,0.15064320225,0.47980083225000003,0.898289993,0.0,1287.0
0.7534990141804678,0.21139024124999997,0.51281287125,0.869036282625,0.0,1287.0
0.700883226510512,0.061711631,0.49420904725000003,0.8694995272500001,0.0,1287.0
0.6560168065719238,0.088430753125,0.580976038375,0.882904723,0.0,1287.0
0.7610426304835068,0.58040307375,0.71433823975,0.864986617,0.0,1287.0
0.7620876367522299,0.7226915275000001,0.7148577225,0.7931965495000001,0.0,1287.0
0.7597141738503668,0.4531061195,0.61716769175,0.7894332574999999,0.0,1287.0
0.6778210444491405,0.05049885683333333,0.3896886533333333,0.7208893668333333,0.0,1287.0
0.6286799731724101,0.0583676845,0.21117482225,0.37598233425,0.0,1287.0
0.7484953493162033,0.39132872524999995,0.0786388175,0.159644707,0.0,1287.0
0.7564809824385476,0.5453675035,0.13456885233333335,0.29796985666666664,0.0,1287.0
0.7516331612457738,0.20534511375000003,0.09516157324999999,0.2934773435,0.0,1287.0
0.6761586017017954,0.019130617,0.18965704083333332,0.44525121933333334,0.0,1287.0
0.6301677122747853,0.00642695975,0.50131414325,0.7156972914999999,0.0,1287.0
0.7502369403033147,0.126263273,0.6250843545,0.7850926035,0.0,1287.0
0.7594920679412636,0.3661064141666666,0.6397267106666665,0.864792662,0.0,1287.0
0.7595581189243974,0.21857497599999998,0.62153986125,0.7642407932499999,0.0,1287.0
0.700674511462428,0.028926375249999997,0.57912068925,0.7178288482499999,0.0,1287.0
0.597919301265099,0.02302392242857143,0.5437775352857143,0.6164877892857143,0.0,1287.0
0.670442544047334,0.30114874680000003,0.5237726212,0.5434717092,0.0,1287.0
0.6935857680055856,0.4849922352,0.46492971499999997,0.5658792448,0.0,1287.0
0.6962026938862234,0.1652852724,0.2877891878,0.4286431314,0.0,1287.0
0.6195172634368145,0.0016685958333333333,0.17031379966666668,0.318303942,0.0,1287.0
0.6304425131477519,0.27973207566666664,0.052162611666666664,0.15473773333333335,0.0,1287.0
0.6908175094204352,0.40037345874999997,0.049599534,0.20008499749999997,0.0,1287.0
0.6995566319075358,0.314779454,0.10581188066666665,0.35593997883333334,0.0,1287.0
0.6730492363014766,0.05489179679999999,0.21116886240000002,0.3956733256,0.0,1287.0
0.643981197936873,0.04484746683333333,0.19519824449999998,0.3326105236666667,0.0,1287.0
0.758251378563882,0.3502624868,0.07874218259999999,0.28779879680000003,0.0,1287.0
0.7591483057127906,0.520745148,0.047395317,0.25192914275,0.0,1287.0
0.7593073418044386,0.3160714075,0.05545130450000001,0.24605837925,0.0,1287.0
0.679879197195617,0.048422858333333346,0.15241540733333334,0.3631838166666666,0.0,1287.0
0.6295559326382781,0.042690043999999996,0.1827562055,0.51772016725,0.0,1287.0
0.7472975582543465,0.2571944,0.08753934566666666,0.37636850899999996,0.0,1287.0
0.7623974816560413,0.5333324777499999,0.1187088925,0.26662575774999997,0.0,1287.0
0.7691578459410736,0.40358887416666667,0.153159615,0.3289593415,0.0,1287.0
0.7535521201279485,0.13767858966666666,0.16633483466666668,0.4494539956666667,0.0,1287.0
0.6394621793966004,0.02937417725,0.291610671,0.592455641875,0.0,1287.0
0.7474992629571182,0.33042200766666663,0.20667675500000002,0.5110217906666666,0.0,1287.0
0.7652121517637643,0.750567181,0.26928962775,0.45490921325,0.0,1287.0
0.7892252323171988,0.7865036255000001,0.32951333625,0.47768532125,0.0,1287.0
0.7755666309514724,0.3241499858,0.179509342,0.472434783,0.0,1287.0
0.6383999446089128,0.010251660999999999,0.136786012,0.4446716042857143,0.0,1287.0
0.727026973153766,0.24297091525000003,0.1068883805,0.47247530775,0.0,1287.0
0.7843501009144902,0.58329203125,0.1399345625,0.44953653425,0.0,1287.0
0.8183872471154389,0.53396672,0.229358443,0.4316857765,0.0,1287.0
0.7896443675071665,0.20616148866666664,0.215470504,0.43101905333333335,0.0,1287.0
0.7158012009029454,0.02130969075,0.2203029905,0.45887020875,0.0,1287.0
0.6572104330079561,0.017445487875000002,0.310848194875,0.8393622937499998,0.0,1287.0
0.7584098466521827,0.23503144025,0.625948146,0.9136327015000001,0.0,1287.0
0.7556652995885779,0.41195176450000004,0.6625267895,0.8803783777499999,0.0,1287.0
0.7508880592751925,0.34854645700000003,0.682375998,0.83220129025,0.0,1287.0
0.6968631996222109,0.07708891975,0.58752765575,0.801640464,0.0,1287.0
0.5985263261652037,0.057436218428571426,0.571908012,0.8514291904285715,0.0,1287.0
0.6701584458358496,0.4719311836,0.5422899848,0.8473277001999999,0.0,1287.0
0.6936292478818423,0.49877251079999996,0.4571448066,0.6876955513999999,0.0,1287.0
0.6957092611969486,0.1769617778,0.3438489622,0.5815628011999999,0.0,1287.0
0.6153387326805975,0.028597722625,0.281424580375,0.470046574,0.0,1316.5
0.6414636156405883,0.33199971133333334,0.2800422966666667,0.4350676746666667,0.0,1346.0
0.7082312370320035,0.5756448452499999,0.404820525,0.53610848775,0.0,1346.0
0.7318128161017384,0.5988686226666666,0.394292609,0.6669536823333333,0.0,1346.0
0.7433042157583597,0.22156860466666664,0.36362351366666673,0.6782374476666667,0.0,1346.0
0.6412143389224123,0.029225570875,0.40248273025000003,0.623446953625,0.0,1346.0
0.7556403955069739,0.37916727119999993,0.3582119282,0.6182891986000001,0.0,1346.0
0.7662798086079381,0.5662516085,0.33943409900000004,0.641031664,0.0,1346.0
0.7672928809837999,0.31355279325,0.27289535325,0.52304514975,0.0,1346.0
0.7577513295792077,0.08771915899999999,0.20732661866666666,0.3622733596666667,0.0,1346.0
0.6505756841320212,0.005383371,0.20060397475000002,0.301148713,0.0,1346.0
0.6655758896259139,0.044073808666666665,0.15044731666666666,0.25703008999999993,0.0,1346.0
0.7664575402910809,0.14961466099999998,0.098404682,0.261425909,0.0,1346.0
0.7669578387274614,0.176281712,0.0726826815,0.32589386875,0.0,1346.0
0.7648178891639204,0.09462440550000001,0.0433585,0.28345661075,0.0,1346.0
0.693946357501262,0.0163832086,0.038192330399999995,0.1263506654,0.0,1346.0
0.6200585247027501,0.0029178425,0.020792837249999998,0.1484092555,0.0,1346.0
0.7337094740764376,0.1263945096,0.0239231384,0.283841267,0.0,1346.0
0.7819041222695363,0.337070101,0.044374021857142856,0.4014138352857143,0.0,1346.0
0.7868005176564111,0.220669282,0.07555508424999999,0.57034244175,0.0,1346.0
0.7009297717416164,0.030421473,0.15370880333333334,0.5779739996666667,0.0,1346.0
0.6288297454699063,0.011275421833333334,0.187583817,0.5960634651666666,0.0,1346.0
0.7558390526847862,0.18954727,0.24820758649999997,0.5815676762499999,0.0,1346.0
0.7818693349618417,0.3541459635,0.43616092149999997,0.6801312412499999,0.0,1346.0
0.7876106962708124,0.16377494899999998,0.5279044651666668,0.7180669633333333,0.0,1346.0
0.7262178627174543,0.013673004,0.508308453,0.685295124,0.0,1346.0
0.6556907834672032,0.03390478075,0.45130793324999996,0.71484291675,0.0,1346.0
0.7746342725109194,0.2706429225,0.30770442425,0.6783556285,0.0,1346.0
0.7849212081006097,0.40749623139999996,0.23420105060000002,0.6495024596000001,0.0,1346.0
0.7975596977233973,0.2548117386666667,0.19760599566666667,0.6125292376666667,0.0,1346.0
0.7284936225722716,0.052758462,0.28260372425,0.62641584275,0.0,1346.0
0.6079036485384076,0.042223232285714285,0.3637567524285714,0.6974277124285715,0.0,1346.0
0.6848481625595865,0.330450914,0.248615768,0.6829550313333334,0.0,1346.0
0.7451906066976671,0.5496528355,0.31497984016666664,0.7025748558333333,0.0,1346.0
0.764417323943411,0.30091248724999997,0.30186366025,0.7371009667499999,0.0,1346.0
0.6820196516440754,0.03230014433333333,0.31402453133333336,0.8330919725,0.0,1346.0
0.6037170123052434,0.039251314800000006,0.30034562620000005,0.826445043,0.0,1346.0
0.6885805842818001,0.29873107,0.233706415,0.721487825,0.0,1346.0
0.7310398840825414,0.3543773503333334,0.19948759033333333,0.5681806561666667,0.0,1346.0
0.7477098713496938,0.205694374,0.11387433000000001,0.42132526866666664,0.0,1346.0
0.6990095386528754,0.0410119764,0.10662726419999999,0.25945138700000003,0.0,1346.0
0.6220310001721379,0.00679765675,0.10148765200000001,0.16156752525,0.0,1346.0
0.7294429562753962,0.20391769425,0.061770021,0.14467477925,0.0,1346.0
0.78394785785042,0.53483349075,0.07863406075,0.12226417549999999,0.0,1346.0
0.8000053008048338,0.46174930671428577,0.10901886457142858,0.2696359561428571,0.0,1346.0
0.7323366219590249,0.0756268835,0.1200878,0.2667057275,0.0,1346.0
0.6574146940175721,0.087139220875,0.11457367087499998,0.148804477375,0.0,1346.0
0.7848465265865643,0.55195567875,0.09440675125,0.11160785625000001,0.0,1346.0
0.7894207675242756,0.67427767725,0.0984647115,0.1575808175,0.0,1346.0
0.7912087747858174,0.40962797949999996,0.07674300925,0.22437065225000002,0.0,1346.0
0.6930501350654064,0.05084778066666667,0.11344968783333333,0.17428632333333335,0.0,1346.0
0.6667419967363902,0.08867838566666668,0.08954683000000001,0.09057376483333335,0.0,1346.0
0.7812730704075798,0.521646057,0.03417019825,0.07507522175,0.0,1346.0
0.7955454438295032,0.5858025236,0.047120863400000004,0.1083220904,0.0,1346.0
0.7998329655621337,0.30355565733333334,0.040784295000000005,0.18070814733333332,0.0,1346.0
0.7121427565548651,0.0564680328,0.0931384808,0.1433942466,0.0,1346.0
0.6224438059288729,0.008135345,0.09792300699999999,0.13578966175,0.0,1346.0
0.7327993061564473,0.2464309435,0.0421773435,0.1005179205,0.0,1346.0
0.8082093612997064,0.6181111105714285,0.027026721142857146,0.04244607471428571,0.0,1346.0
0.8350479627885148,0.36209147575,0.02184988375,0.0397800065,0.0,1346.0
0.742255848800559,0.06540347725,0.0390129835,0.0348854,0.0,1346.0
0.6434905773694999,0.04400846342857142,0.042095612000000004,0.09516960757142856,0.0,1346.0
0.7819954158237712,0.3221621105,0.011223243,0.0808914065,0.0,1346.0
0.8365200693408383,0.63058919,0.0201948965,0.101111082,0.0,1346.0
0.8646734128591083,0.5584714159999999,0.02297825375,0.116799872,0.0,1346.0
0.8486415487531181,0.2789017246666667,0.020051744,0.11155586966666665,0.0,1346.0
0.7435915820289524,0.060000224,0.039304306500000004,0.095543287,0.0,1346.0
0.6102963587028344,0.03471085671428571,0.04471094799999999,0.08786671142857143,0.0,1346.0
0.6797697150427714,0.2822019345,0.008814851,0.0673692595,0.0,1346.0
0.7698029288548494,0.67612951575,0.0089076105,0.0667438255,0.0,1346.0
0.7952115611828388,0.670424941,0.01891293975,0.11328831425,0.0,1346.0
0.800590429397632,0.30806876575,0.0387027435,0.2099857225,0.0,1346.0
0.649902630255155,0.019167410125,0.0710847405,0.18183598725000003,0.0,1346.0
0.6886481098936184,0.4111664241666666,0.04000953783333333,0.25421221749999995,0.0,1346.0
0.7936058508493377,0.7031089094285715,0.04542069528571428,0.25069809185714287,0.0,1346.0
0.8024776185657251,0.19315394575,0.050206315249999994,0.194134109,0.0,1346.0
0.6634371514492368,0.039176428888888885,0.0810656808888889,0.19790518611111113,0.0,1346.0
0.8365278267490965,0.5198459805,0.012395129250000001,0.1076975015,0.0,1346.0
0.8932771445615254,0.6807383351428571,0.02929447785714286,0.11851495671428572,0.0,1346.0
0.8757656283560682,0.24445391375,0.074924767,0.2068815585,0.0,1346.0
0.6590979875912532,0.004147370571428571,0.12333765628571428,0.18150332900000002,0.0,1346.0
0.7559757078376653,0.28378053625,0.05928012,0.1638579025,0.0,1346.0
0.8794236316566926,0.6700033245,0.0446931615,0.16039383499999998,0.0,1346.0
0.8965612867887028,0.7490038616666667,0.0912421415,0.1850159193333333,0.0,1346.0
0.8936056974649574,0.387341643,0.09574876466666667,0.28804560566666665,0.0,1346.0
0.7974341447762234,0.075380658,0.2196135725,0.3382197535,0.0,1346.0
0.6417519263533882,0.0032762376,0.2914856104,0.4671066186,0.0,1346.0
0.7796177089812163,0.3459195094,0.1449696742,0.40448625299999996,0.0,1346.0
0.8913140093581552,0.7896014284285714,0.172783981,0.2846478167142857,0.0,1346.0
0.8867867935713466,0.3892136395,0.21853281375,0.30592537599999997,0.0,1346.0
0.749163833828257,0.04483691866666666,0.29221033366666666,0.47159547733333335,0.0,1346.0
0.6381720840419175,0.0246476365,0.29386687100000003,0.5243461931666666,0.0,1346.0
0.7705448893366468,0.322003008,0.11794084,0.3251982643333334,0.0,1346.0
0.8574114864664986,0.7139963544999999,0.13683899,0.17926692825,0.0,1346.0
0.8899164840440608,0.69661195725,0.1678583585,0.15896907999999998,0.0,1346.0
0.8657907838922444,0.2633115584,0.19195197660000002,0.2554345944,0.0,1346.0
0.6848273778178704,0.00150347425,0.2814060075,0.32666577,0.0,1346.0
0.6800252650706726,0.07721165783333334,0.20211618816666668,0.32135310666666667,0.0,1346.0
0.7878701814832604,0.337347399,0.09948222266666666,0.15694754566666666,0.0,1346.0
0.8117662060056875,0.4507756683333333,0.16902353766666667,0.1258620115,0.0,1346.0
0.8076833870647911,0.23266299000000001,0.142106484,0.12676520066666666,0.0,1346.0
0.7345541356012357,0.038019277750000004,0.19165098825,0.19548104125,0.0,1346.0
0.6194507688516545,0.020270835428571426,0.19585629242857142,0.26188283085714287,0.0,1346.0
0.6990942918550958,0.20538923874999998,0.13572181049999998,0.1210936035,0.0,1346.0
0.7570474198612225,0.27789042912500006,0.13499680099999997,0.153925958,0.0,1346.0
0.7677165348677252,0.07785781133333335,0.151030267,0.17753708633333334,0.0,1346.0
0.6342407575311834,0.011968513777777778,0.16754748422222224,0.20980978455555555,0.0,1346.0
0.6922960827200998,0.211954537,0.167280695,0.23026597333333335,0.0,1346.0
0.7728461046657538,0.5445103286666667,0.18534002533333335,0.3563025496666667,0.0,1346.0
0.7954671029783541,0.4023449975,0.17558693074999998,0.49256159025,0.0,1346.0
0.7110014906785017,0.0489111008,0.21353325920000002,0.5565330946,0.0,1346.0
0.6638969682581078,0.072025743,0.14842138342857145,0.39649726942857144,0.0,1346.0
0.807676830438556,0.523109283,0.08676743175,0.28729673775000003,0.0,1346.0
0.8669244730560044,0.6159882240000001,0.0829266442,0.31665178019999995,0.0,1346.0
0.8694973276207906,0.33016104500000004,0.044691084666666665,0.267225319,0.0,1346.0
0.7524110890204664,0.06047187125,0.0626920275,0.23222294224999998,0.0,1346.0
0.6625481720078226,0.059406835500000005,0.040855198875000005,0.160055388125,0.0,1346.0
0.8308731247418253,0.5691004405,0.02924680325,0.143625987,0.0,1346.0
0.8796824126875455,0.701927749,0.0395709405,0.10502533074999999,0.0,1346.0
0.8564869788248877,0.30504597099999997,0.0659469595,0.077301822,0.0,1346.0
0.6671567538811459,0.00045084460000000004,0.13802800440000002,0.1667427662,0.0,1346.0
0.7072201520999274,0.16969004966666668,0.0658781865,0.24035921116666667,0.0,1346.0
0.8671671240297731,0.66761655875,0.082147443,0.2943521925,0.0,1346.0
0.8897850430281984,0.505159455,0.11386634857142856,0.2875265135714286,0.0,1346.0
0.7725801021132652,0.048681986999999996,0.16267942100000002,0.274757849,0.0,1346.0
0.6673201721706712,0.058122336999999996,0.12566376475000002,0.286691209,0.0,1346.0
0.8450835532548988,0.5023284615000001,0.05085482325,0.13784111,0.0,1346.0
0.8879180130819364,0.6630734277499999,0.054766534000000006,0.24554013375,0.0,1346.0
0.8852491524878293,0.35081298525,0.068423335,0.30449065275,0.0,1346.0
0.7493628751562775,0.041585374,0.11080994419999998,0.3194179798,0.0,1346.0
0.6558429029611329,0.0419195635,0.13413318933333332,0.3795717278333333,0.0,1346.0
0.8403076061034083,0.5200070482,0.1027845808,0.3329129002,0.0,1346.0
0.8937476652159722,0.6546698132500001,0.13336985675000002,0.44842976525,0.0,1346.0
0.8906772185334316,0.38617006275,0.16371966075,0.4325724305,0.0,1346.0
0.7408665640598376,0.03622652866666667,0.2977181656666667,0.5527374665,0.0,1346.0
0.6491406065228323,0.1348564437142857,0.26913890942857144,0.645490912,0.0,1346.0
0.7727729729973034,0.5214135275,0.24326377649999997,0.55545662525,0.0,1346.0
0.7951099500451733,0.6456898925,0.28139225975,0.61203156375,0.0,1346.0
0.8064654923087676,0.323292659,0.32167524433333333,0.6968379379999999,0.0,1346.0
0.727604687016941,0.032126496166666664,0.370670569,0.7869016416666667,0.0,1346.0
0.6431685398946466,0.031007721,0.3494511048000001,0.7577662328,0.0,1346.0
0.7061432782142582,0.265886247,0.3317857543333333,0.7536139126666667,0.0,1346.0
0.7801809670773953,0.5644151963333334,0.3192652706666667,0.7279700125,0.0,1346.0
0.8043557710753547,0.378834528,0.27333096825000003,0.63465447725,0.0,1346.0
0.7326348598243175,0.027255990499999997,0.36194105616666666,0.5875579575000001,0.0,1346.0
0.6736290844054207,0.0402645516,0.3106869026,0.5662826776000001,0.0,1346.0
0.8383856264567381,0.473772795,0.15194778260000003,0.3808801768,0.0,1346.0
0.889230062674688,0.7685021489999999,0.155961322,0.306757407,0.0,1346.0
0.8867997265970956,0.3871582765,0.13720827075000003,0.33083156199999997,0.0,1346.0
0.7842061575993349,0.03536526875,0.24240293225,0.26852881575,0.0,1346.0
0.6643684042034822,0.02879389214285714,0.21718086328571432,0.2725077377142857,0.0,1346.0
0.8245634427217038,0.45821408875,0.06458706925,0.1828851205,0.0,1346.0
0.8830800228165301,0.7006176603333335,0.07297862366666666,0.13002421016666668,0.0,1346.0
0.8561824441432826,0.21955751299999998,0.09442595680000002,0.22255000060000002,0.0,1346.0
0.675303958055094,0.0,0.1780196522,0.3264865806,0.0,1313.2
0.667714951300611,0.0546549175,0.10434281025,0.23426236225,0.0,1182.0
0.8094319181093146,0.44397181374999994,0.032772338,0.19693349200000002,0.0,1182.0
0.8619012885436517,0.647855412,0.06921592239999999,0.2003992694,0.0,1182.0
0.8599844867653523,0.277444699,0.06906614375,0.2303525835,0.0,1182.0
0.7296822122758484,0.019627319166666667,0.11236615283333334,0.35535480016666665,0.0,1182.0
0.6835182817237294,0.070046441,0.09465713966666665,0.34008839083333336,0.0,1182.0
0.8378093040751522,0.5209027545,0.0677180785,0.3737098425,0.0,1182.0
0.8612872649203382,0.507857282,0.10753752675,0.41788406225,0.0,1182.0
0.8501384580765984,0.25013785225,0.091334276,0.45670260025,0.0,1182.0
0.7097761125737624,0.01780217257142857,0.0994546422857143,0.3409194380000001,0.0,1182.0
0.7093061588002003,0.07937394933333333,0.07067375033333333,0.29878116,0.0,1182.0
0.8400168618825241,0.4155905207142857,0.06795599428571429,0.3347592645714285,0.0,1182.0
0.83878726425289,0.27549484399999996,0.1014066294,0.33987371359999996,0.0,1182.0
0.6785775898296763,0.003588529,0.117851283,0.31127599699999997,0.0,1182.0
0.6137056301817528,0.0419266925,0.09719734983333334,0.27924843416666667,0.0,1182.0
0.7161701840869243,0.342698179,0.063799088,0.15426172049999998,0.0,1182.0
0.7432985354122627,0.3766937873333333,0.09033962666666666,0.17523102566666668,0.0,1182.0
0.7377158657894392,0.08468066225000001,0.08825435949999999,0.23751508175000002,0.0,1182.0
0.6436785630085157,0.0,0.11383331975,0.2060470375,0.0,1182.0
0.6199446308963131,0.09311681314285715,0.08436412628571428,0.2521143735714286,0.0,1182.0
0.7152740621278566,0.56445306625,0.0497813825,0.12136475175,0.0,1182.0
0.7431518888525999,0.52038265825,0.107449135,0.2091048935,0.0,1182.0
0.735813983094716,0.1312444904,0.09438281960000001,0.3908441528,0.0,1182.0
0.6418553883241309,0.001782669375,0.2250646425,0.6218890418749999,0.0,1182.0
0.7496633383604594,0.23543354500000002,0.30744801225,0.65085497075,0.0,1182.0
0.7637220301985619,0.48369100375,0.347387377,0.65324202925,0.0,1182.0
0.767612466883981,0.2757776946666667,0.3813170971666667,0.7914568816666666,0.0,1182.0
0.7119857229024497,0.02463225925,0.29498901675,0.5771390780000001,0.0,1182.0
0.6407340076718367,0.022090019428571427,0.2167020715714286,0.316964149,0.0,1182.0
0.7602304335278219,0.302613044,0.097715699,0.16460217500000002,0.0,1182.0
0.7678855778930614,0.576645388,0.11813704575,0.13141741175000002,0.0,1182.0
0.7891485251360882,0.568303341,0.1609517775,0.18400761549999997,0.0,1182.0
0.7864973623995978,0.27497041424999996,0.07728049249999999,0.27029952025,0.0,1182.0
0.6944401908888821,0.004357596666666667,0.07533450300000001,0.3260909026666667,0.0,1182.0
0.6397497575569647,0.02358918442857143,0.1132536107142857,0.3411449928571429,0.0,1182.0
0.7637191548555113,0.31388916,0.071720532,0.4854954845,0.0,1182.0
0.7846587606673906,0.68696469575,0.1367994665,0.62399206425,0.0,1182.0
0.8128655503963973,0.5815330827499999,0.21238798475,0.7082995132500001,0.0,1182.0
0.8054799021892797,0.26412656675,0.2145120955,0.70509967525,0.0,1182.0
0.6700885471711334,0.0014670141666666666,0.46740323100000003,0.8178723163333333,0.0,1182.0
0.662865299392001,0.01906190025,0.5552342395000001,0.8837129685,0.0,1182.0
0.7956001085792062,0.29658604299999997,0.532237861,0.8903012275,0.0,1182.0
0.8481691158479776,0.539949439,0.62029409075,0.8456006819999999,0.0,1182.0
0.8469063109793712,0.43963074775,0.61732201825,0.7794500455,0.0,1182.0
0.7744809942018972,0.0668612664,0.43321503739999995,0.6974899991999999,0.0,1182.0
0.6626546781298098,0.018570428285714285,0.21167910228571427,0.4415760915714286,0.0,1182.0
0.7848697756772929,0.2586254195,0.1111041005,0.5130868504999999,0.0,1182.0
0.8395096073556767,0.5658592259999999,0.17346787825,0.54850465875,0.0,1182.0
0.849393942897961,0.49514840175,0.34049614925,0.5612747124999999,0.0,1182.0
0.8075770173477027,0.09232395680000001,0.5006422358,0.7713821335999999,0.0,1182.0
0.6692318545878518,0.0,0.545787265,0.9093200582500001,0.0,1182.0
0.6145113137885415,0.00167270325,0.4857541915,0.9128280594999999,0.0,1182.0
0.6626992919650858,0.27181093575,0.55657253525,0.9113508355,0.0,1182.0
0.7269521439465536,0.5802424043333333,0.681994193,0.8417433073333332,0.0,1182.0
0.7343565816360456,0.3177491065,0.579022697,0.7010820485,0.0,1182.0
0.6658317992735981,0.011744002666666668,0.3350360890000001,0.5613625781666667,0.0,1182.0
0.597257913054587,0.003178319,0.15481600175000002,0.34854416224999996,0.0,1182.0
0.6650233381015748,0.26548251333333334,0.11030503866666667,0.24448163383333332,0.0,1182.0
0.7030286412839456,0.3713859921666667,0.09460440700000002,0.26717649266666665,0.0,1182.0
0.7030109587969222,0.07319027400000001,0.10471895674999998,0.44969264774999995,0.0,1182.0
0.6452148661782644,0.0,0.1785457795,0.56514417275,0.0,1182.0
0.6634083171155701,0.04109038066666667,0.23492625166666667,0.6575215935000001,0.0,1182.0
0.7591999681010271,0.341517652,0.33728709675,0.74737156175,0.0,1182.0
0.7626326731952069,0.3825385454285714,0.38465796428571425,0.5596280267142858,0.0,1182.0
0.7168161204073111,0.0375963382,0.3034245462,0.358693434,0.0,1182.0
0.6393561554743209,0.012661188428571429,0.19075025942857143,0.24408107271428572,0.0,1182.0
0.7596686962554735,0.3545683752,0.11697683359999997,0.0885925882,0.0,1182.0
0.7658874863501288,0.44037847,0.10736128066666667,0.078418005,0.0,1182.0
0.7679353647666948,0.24114525439999998,0.05313298500000001,0.056845034800000006,0.0,1182.0
0.7082495101145415,0.0156925265,0.0379372485,0.071400891,0.0,1182.0
0.6229201438682296,0.0,0.061329069199999996,0.1446848232,0.0,1182.0
0.728674271739943,0.153807436,0.05732693339999999,0.1667238176,0.0,1182.0
0.7634037017320197,0.37628785885714294,0.025997915142857143,0.10095745285714286,0.0,1182.0
0.7672426505617327,0.14840049025,0.02994435475,0.07077270125,0.0,1182.0
0.6914906258999046,0.0005240339999999999,0.060095530333333334,0.08635565266666667,0.0,1182.0
0.6217230800115539,0.0,0.07390542559999999,0.1129285198,0.0,1182.0
0.720911946152805,0.17015493250000002,0.05716731049999999,0.23558941175,0.0,1182.0
0.7643001390078332,0.5642875836666666,0.07443822666666668,0.39403144766666665,0.0,1182.0
0.7778034388255053,0.4821116578000001,0.1661574806,0.5408445512,0.0,1182.0
0.7663866214357892,0.1297639914,0.2592081658,0.6506703098,0.0,1182.0
0.6400158770956725,0.000339024875,0.44523196475000004,0.8313539220000001,0.0,1182.0
0.7521027228198494,0.20724135849999997,0.48968996725,0.8528624115000001,0.0,1182.0
0.7913285016945099,0.4621641458,0.6029588064,0.8478803004,0.0,1182.0
0.8044677332916907,0.36573653875,0.59512273225,0.85319335375,0.0,1182.0
0.7710792263951177,0.05877397333333334,0.5651526563333333,0.8814115546666667,0.0,1182.0
0.6372005145734556,0.0,0.5166209441999999,0.8069581250000001,0.0,1182.0
0.6360267230112244,0.11714666728571428,0.41871807071428574,0.6371318730000001,0.0,1182.0
0.7246577900503656,0.6119777913333333,0.37065541566666665,0.6616675533333333,0.0,1182.0
0.7394118972433681,0.35678562875,0.45094496349999996,0.7985032365000001,0.0,1182.0
0.697115502651322,0.01011325,0.51871283525,0.88246497775,0.0,1182.0
0.6063074577530798,0.004418412857142858,0.6568254488571429,0.9210832327142857,0.0,1182.0
0.6689472421544657,0.166736048,0.6072893643333334,0.8844330583333333,0.0,1182.0
0.7124797109547125,0.5837103650000001,0.5035187123333332,0.78170961,0.0,1182.0
0.7289626797303632,0.38749372825,0.517467551,0.68304530575,0.0,1182.0
0.6776529066527619,0.0179956632,0.45770962960000006,0.6431588431999999,0.0,1182.0
0.6198424512774348,0.0,0.32993141275,0.494747069,0.0,1182.0
0.7204212595998092,0.14975105975,0.26566408124999996,0.41268846275,0.0,1182.0
0.7621579242356463,0.49606123525,0.27790311725,0.344126004,0.0,1182.0
0.7630908507420711,0.421987432,0.1955451615,0.391981268,0.0,1182.0
0.7586894945922971,0.11132819150000002,0.09721198874999999,0.46452531550000004,0.0,1182.0
0.6865142984176577,0.0,0.13981421100000002,0.5410870600000001,0.0,1182.0
0.6278447811367766,0.0,0.27243018466666663,0.7563514006666666,0.0,1182.0
0.7444736559950529,0.253827105,0.3256822085,0.7834236752500001,0.0,1182.0
0.7603206839211897,0.6340268286666667,0.5385569571666666,0.80841517,0.0,1182.0
0.7578825667281526,0.34281130925000003,0.6185002679999999,0.81380026025,0.0,1182.0
0.6756072785640233,0.010188213,0.45505535849999995,0.7085477546666668,0.0,1182.0
0.6293564774921989,0.00029174475,0.35737479024999996,0.46457719950000004,0.0,1182.0
0.7461872915199267,0.32554784875,0.2107313195,0.252044296,0.0,1182.0
0.7624865587260395,0.5718980273333334,0.31367699916666664,0.5839566066666667,0.0,1182.0
0.7654083248244178,0.224310423,0.31955737600000006,0.7899718063333333,0.0,1182.0
0.7239452880143271,0.0120997142,0.377930011,0.880311496,0.0,1182.0
0.6475722604198183,0.001258794857142857,0.5159238864285715,0.7346757377142856,0.0,1182.0
0.7642098929286524,0.0734952222,0.49628356220000003,0.6304313109999999,0.0,1182.0
0.7712942827769211,0.38072909275,0.43065109825000003,0.5540359,0.0,1182.0
0.7711523344605891,0.296302661,0.27306444,0.5941670025,0.0,1182.0
0.6869608805376862,0.006449191333333333,0.17648198416666663,0.5641015349999999,0.0,1182.0
0.6314792338485739,0.0,0.23321094599999997,0.58000340175,0.0,1182.0
0.7518960382532126,0.164030008,0.35334211550000005,0.7094414835,0.0,1182.0
0.7933027619503165,0.5074297203333333,0.489440532,0.8299033366666668,0.0,1182.0
0.788808577055252,0.2111579965,0.58305862525,0.7821119400000001,0.0,1182.0
0.7154651024523697,0.00230059275,0.57776217825,0.7617510665,0.0,1182.0
0.6090581660695727,0.0019726618571428572,0.5379930347142857,0.7815158742857143,0.0,1182.0
0.669384279292269,0.16132163666666666,0.5183810986666667,0.7929355696666667,0.0,1182.0
0.702843218676874,0.41449513733333326,0.44314790333333337,0.7324606471666667,0.0,1182.0
0.7177327877436666,0.1393091365,0.32752695725000003,0.70608663375,0.0,1182.0
0.6572183196855105,0.002335029,0.22073014883333333,0.5977796258333333,0.0,1182.0
0.5957189810600549,0.0,0.1342452,0.30278361524999997,0.0,1182.0
0.6497065550869457,0.163793433,0.10889185750000001,0.28508935750000003,0.0,1182.0
0.7010522653675517,0.29242216416666666,0.13402854133333333,0.2363953331666667,0.0,1182.0
0.7102072801620231,0.12234386675,0.187429064,0.2372771635,0.0,1182.0
0.6722244981920203,0.0021840266,0.2197256016,0.3806417214,0.0,1182.0
0.641256074395228,0.004899219666666667,0.22559537516666664,0.3217545133333333,0.0,1182.0
0.7555918393541536,0.254558428,0.19792877433333333,0.261250543,0.0,1182.0
0.7602798891156677,0.53637061425,0.15332483325000001,0.26507634725,0.0,1182.0
0.7624059395986352,0.315717219,0.10221786716666666,0.20253659400000001,0.0,1182.0
0.7016093393373152,0.0030405315,0.10172299275,0.31501456575,0.0,1182.0
0.638666810207198,0.005288753857142857,0.07391633814285714,0.33067863628571426,0.0,1182.0
0.7566831532402374,0.3036146016,0.04616243960000001,0.38602653519999997,0.0,1182.0
0.7635399797954873,0.44890543325,0.0344113495,0.23219139475,0.0,1182.0
0.7644396695558666,0.19616871500000002,0.037204306,0.189508417,0.0,1182.0
0.6782713979605041,0.0009829226666666668,0.0689160855,0.21838855999999998,0.0,1182.0
0.6628188595354327,0.03821303166666667,0.08333265316666667,0.26707414183333333,0.0,1182.0
0.7624517023258528,0.618606458,0.0722019672,0.3326636354,0.0,1182.0
0.7755307583622744,0.616812569,0.10555067250000001,0.27946121150000003,0.0,1182.0
0.7580247215627365,0.1408020774,0.21412219280000003,0.37172344079999997,0.0,1182.0
0.646444974136909,0.0,0.3258220415,0.449590011,0.0,1182.0
0.6450493588218839,0.0053945196,0.273305091,0.4413984872,0.0,1182.0
0.7562162347934127,0.3074279884,0.22724491679999997,0.25271327,0.0,1182.0
0.7617971496184778,0.20316390685714286,0.14396587985714288,0.1496724062857143,0.0,1182.0
0.7168567274102329,0.0067796888,0.0870296768,0.1505048748,0.0,1182.0
0.6402230310690683,0.0011435284285714286,0.041253489,0.16218030342857143,0.0,1182.0
0.7569770323386893,0.1204998035,0.030679289749999998,0.239150596,0.0,1182.0
0.7644927911084073,0.35752669433333334,0.04872315816666667,0.24286599833333333,0.0,1182.0
0.7645609269692584,0.11103251675,0.07577181825,0.29497163025,0.0,1182.0
0.6408480021456123,0.0,0.0899623215,0.2799221351666667,0.0,1256.3333333333333
0.6110745753389879,0.033055802333333335,0.05493647900000001,0.20355217566666664,0.0,1628.0
0.6842989832392445,0.1707818865,0.039152139,0.159684716,0.0,1628.0
0.6897750654035896,0.24031057883333332,0.026500377833333335,0.09651007116666666,0.0,1628.0
0.6980238654905,0.08487356580000002,0.039398007199999995,0.1271530296,0.0,1628.0
0.6191757629989842,0.0,0.042870328400000005,0.11024812080000002,0.0,1628.0
0.6109340863849541,0.030377961999999998,0.02663155366666667,0.129810166,0.0,1628.0
0.6858315776619448,0.29130508825,0.017175929,0.05352089675,0.0,1628.0
0.6957840178028563,0.4211795955,0.027129864,0.077575594,0.0,1628.0
0.6988614758832041,0.11762264039999999,0.045467771799999994,0.1801687766,0.0,1628.0
0.6438745193524854,0.001113569,0.09067141166666667,0.351996584,0.0,1628.0
0.7636139759165343,0.3101114695,0.10530808750000001,0.42061247599999996,0.0,1628.0
0.7679730941444237,0.61330846225,0.118641251,0.389537698,0.0,1628.0
0.7675240095458901,0.30671161579999995,0.14308710640000002,0.376715177,0.0,1628.0
0.7094957789860854,0.00035235825,0.2091166235,0.40522521325000005,0.0,1628.0
0.6383617384644039,0.0012415264285714285,0.16616460928571428,0.40764822842857146,0.0,1628.0
0.7619780051034293,0.2762771222,0.0797006922,0.2646540022,0.0,1628.0
0.7629865966022038,0.40700319700000004,0.0488284872,0.09130288680000001,0.0,1628.0
0.7640304746068428,0.12535143099999999,0.050795928,0.10545465866666666,0.0,1628.0
0.7101183558600926,0.0,0.07293597774999999,0.22313747300000003,0.0,1628.0
0.6189749629582818,0.0,0.06950276799999999,0.234822637,0.0,1628.0
0.7328668967415878,0.059235707000000005,0.07560220399999999,0.28443087019999996,0.0,1628.0
0.7607219950211463,0.21174214985714282,0.054674122285714284,0.2790053435714286,0.0,1628.0
0.762481246127904,0.095670828,0.05954946333333333,0.30049876633333333,0.0,1628.0
0.7088097920053149,0.0,0.07016921500000001,0.22106856474999997,0.0,1628.0
0.6383332297903167,0.00023637971428571428,0.045943745142857144,0.12996188142857143,0.0,1628.0
0.7625875478496553,0.097666276,0.033385044999999995,0.1313323395,0.0,1628.0
0.7625827947932251,0.2665108368333334,0.02292203633333333,0.08539143199999999,0.0,1628.0
0.7640635392022416,0.11978908433333334,0.03394896533333333,0.13181242466666668,0.0,1628.0
0.6810453515016307,0.0,0.05659886133333333,0.15376525566666666,0.0,1628.0
0.6259989655786514,0.0,0.0577003975,0.18575634675,0.0,1628.0
0.7524170508828902,0.087566359,0.07631240225,0.261459357,0.0,1628.0
0.7657338684708299,0.26787623583333336,0.054393565166666664,0.21113190516666666,0.0,1628.0
0.766012643204925,0.1394220306,0.0925745732,0.33823376639999997,0.0,1628.0
0.6541604164889032,0.0,0.1883820284,0.42401823260000004,0.0,1628.0
0.6075290387570268,0.039084493,0.19552621914285714,0.37121085871428566,0.0,1628.0
0.6936138359493051,0.47265788750000004,0.17129815825,0.39253135475,0.0,1628.0
0.7155038785518821,0.5261396352500001,0.14662929075,0.421896043,0.0,1628.0
0.7083560036300368,0.13623606800000002,0.19312554975000001,0.45077153475,0.0,1628.0
0.6432480357286605,0.0,0.24078966140000002,0.4202459116,0.0,1628.0
0.5992535947594048,0.015495182333333335,0.21262607033333336,0.33032349266666666,0.0,1628.0
0.6787698811245868,0.21303281575,0.22328163625,0.27960461775,0.0,1628.0
0.6921087391535722,0.34969934075,0.15032904825,0.19027797375,0.0,1628.0
0.6998614341625158,0.17663881125,0.1629792995,0.19382104475,0.0,1628.0
0.6610999347444633,0.0,0.23824745783333334,0.365693487,0.0,1628.0
0.6445333833180448,0.00041806300000000004,0.1886453836,0.3378688458,0.0,1628.0
0.763725429704901,0.14230637266666665,0.17670371866666668,0.39939662800000003,0.0,1628.0
0.7609480101522639,0.32111805266666665,0.21746453366666665,0.49443316600000004,0.0,1628.0
0.7621650832849375,0.17819613125,0.3024124655,0.662192566,0.0,1628.0
0.6713638337937972,0.0,0.46238811257142853,0.8209033201428569,0.0,1628.0
0.699750226272382,0.026202397285714284,0.45908875,0.6260193868571429,0.0,1628.0
0.7595184506791685,0.139758221125,0.48310411774999995,0.6731458917500001,0.0,1628.0
0.7504692330081014,0.0085869725,0.44750744950000004,0.7922922667500001,0.0,1628.0
0.6373391297145934,0.0,0.391927649375,0.623142346875,0.0,1628.0
0.7523956207846638,0.06032971825,0.3336430575,0.5313236907500001,0.0,1628.0
0.7596091082890553,0.3034081956666666,0.4239832636666667,0.6220829398333333,0.0,1628.0
0.759470203610746,0.141091928,0.59137933175,0.77119929475,0.0,1628.0
0.7301456474439942,0.0,0.6090326103333333,0.7978220236666665,0.0,1628.0
0.6396016747850526,0.0,0.6255738585,0.8644664577500001,0.0,1628.0
0.7638743294372535,0.2039921715,0.683277771,0.87934939175,0.0,1628.0
0.7599238080078359,0.3964485101666666,0.5765215821666666,0.7147094006666667,0.0,1628.0
0.7595728242056239,0.11719578150000001,0.42540040225000003,0.72849902025,0.0,1628.0
0.682594032360192,0.0,0.3320944635,0.6845477094999999,0.0,1628.0
0.6733517496979382,0.033228894875,0.28799251225,0.6877122274999999,0.0,1628.0
0.7606771876942897,0.34885482900000003,0.2934180353333334,0.8293005235,0.0,1628.0
0.7595783519920678,0.17801447925,0.3479066865,0.84307508975,0.0,1628.0
0.6980977322693055,0.0015059953333333334,0.33164140416666665,0.7250247223333334,0.0,1628.0
0.5928765629253712,0.0,0.27824943683333336,0.7459605523333334,0.0,1628.0
0.657478423098017,0.04560173766666667,0.44663166499999996,0.8988088366666668,0.0,1628.0
0.6877537639519156,0.1075905905,0.546427016625,0.84008581225,0.0,1628.0
0.6985061253110222,0.0126477958,0.3965046068,0.6709953888,0.0,1628.0
0.6081964852638753,0.0,0.28619412462500005,0.644524461125,0.0,1628.0
0.6782469320502313,0.32836638220000003,0.349259611,0.6819982114,0.0,1628.0
0.6894280054273163,0.42577773849999995,0.3752135305,0.717936629,0.0,1628.0
0.7053605896717867,0.046826947333333334,0.3464277486666667,0.7336390363333333,0.0,1628.0
0.6508831635215968,0.0,0.3353992895714285,0.625104421857143,0.0,1628.0
0.6919416992291856,0.0095147505,0.2887221755,0.5258492455,0.0,1628.0
0.7701887415881742,0.08458455225,0.261256243,0.55580717575,0.0,1628.0
0.7614541570212989,0.13663023150000003,0.2070073135,0.49920445850000006,0.0,1628.0
0.7598484701121355,0.09890790675,0.20988476024999997,0.5723946695000001,0.0,1628.0
0.7111245508593015,0.0,0.31680440374999996,0.67428747725,0.0,1628.0
0.6387382192720258,0.0,0.370997164,0.6425692848571429,0.0,1628.0
0.7658737629007296,0.2596122846,0.356814405,0.6140002968,0.0,1628.0
0.7599686242816431,0.35467950724999997,0.32238667224999995,0.680519435,0.0,1628.0
0.7574437842829091,0.054742048200000004,0.27093197699999993,0.6597300126,0.0,1628.0
0.6770245697765107,0.0,0.21684618549999998,0.5424828859999999,0.0,1628.0
0.671360038886943,0.02146468575,0.2267024465,0.642726715,0.0,1628.0
0.7614196765076724,0.20376270175,0.35462795199999997,0.778543661,0.0,1628.0
0.7635768426468921,0.164018934,0.35553747550000003,0.68915212875,0.0,1628.0
0.7609522154424262,0.04477973575,0.375988993,0.62432727175,0.0,1628.0
0.6509317039569619,0.0,0.36498259357142865,0.6463381325714286,0.0,1628.0
0.6889715258018042,0.0054386395,0.46030954700000004,0.8907415667499999,0.0,1628.0
0.7623182397338106,0.18146246775000002,0.69864700275,0.9319762285,0.0,1628.0
0.7627224214309144,0.3920528022,0.8000848817999999,0.9293147482,0.0,1628.0
0.7535246480943217,0.06602427720000001,0.8285718926,0.9317594962,0.0,1628.0
0.649139290418931,0.0,0.738145443,0.92986527525,0.0,1628.0
0.6257551362378742,0.0,0.64958703425,0.87325900125,0.0,1628.0
0.7559018527092485,0.11199924925,0.59932271925,0.863260009,0.0,1628.0
0.7611374621473841,0.21967939949999996,0.6478960845,0.9109408406666667,0.0,1628.0
0.7644714015572854,0.050617752,0.6386907964,0.9181934214,0.0,1628.0
0.6762500219953194,0.0,0.751883722,0.9364833745,0.0,1628.0
0.5958396008491263,0.0,0.7690571533333332,0.9356965086666666,0.0,1628.0
0.6578239025604531,0.038098727,0.8276313216666665,0.9341951233333333,0.0,1628.0
0.6878773451385194,0.25976290916666667,0.8056506833333333,0.9354558754999999,0.0,1628.0
0.699514585466773,0.21178300933333336,0.8401460806666666,0.934820127,0.0,1628.0
0.6731816759310257,0.00019216316666666666,0.7587790543333334,0.9363972528333333,0.0,1628.0
0.5962238409258531,0.0,0.6306567456666666,0.9096493331666666,0.0,1628.0
0.6726615007329624,0.14020805366666667,0.5526231193333333,0.8302504246666667,0.0,1628.0
0.6965198316416445,0.4810668572,0.4352143612,0.7764467657999999,0.0,1628.0
0.7012020260094488,0.29932739199999997,0.48216781249999996,0.7569834719999999,0.0,1628.0
0.6920937913295916,0.0,0.400798943,0.7132261403333334,0.0,1628.0
0.6944563651559613,0.0312710845,0.33340528999999997,0.735838396125,0.0,1628.0
0.7760446471126629,0.4969306115,0.27166015675,0.8004797945,0.0,1628.0
0.7736626285216524,0.523048471,0.312540632,0.8465770475000001,0.0,1628.0
0.776764293348436,0.08788923825,0.35556064375,0.8921166709999999,0.0,1628.0
0.7016428105500405,0.0,0.39843168824999997,0.91180386275,0.0,1628.0
0.6678394245026723,0.0,0.4313318133333333,0.8918487168333332,0.0,1628.0
0.7805309534062476,0.242643362,0.36322582333333336,0.8343071670000001,0.0,1628.0
0.7744274901977292,0.5633756089999999,0.42718007750000003,0.8259055525,0.0,1628.0
0.7736913984586111,0.1179587124,0.5019650928,0.9203455220000001,0.0,1628.0
0.6934563138871644,0.0,0.567713896,0.9263664410000001,0.0,1628.0
0.6452721460182136,0.0,0.515922159,0.9252541503333335,0.0,1628.0
0.7739754780378103,0.023782662200000002,0.6832813198000001,0.9063907406,0.0,1628.0
0.7735113051109519,0.05004131428571429,0.6765708882857143,0.931351419,0.0,1628.0
0.7124563404623473,0.0,0.6671030448333334,0.8852444246666668,0.0,1628.0
0.641193849470638,0.0,0.7373670376666667,0.9184059405,0.0,1628.0
0.7747200257916849,0.2170086124,0.83030404,0.9158018369999998,0.0,1628.0
0.7708861008281616,0.34979730475,0.76166561825,0.88244992425,0.0,1628.0
0.7753159640621153,0.133608486,0.54266026175,0.5827136982500001,0.0,1628.0
0.685469958998224,0.0,0.21063696600000004,0.25908741474999997,0.0,1628.0
0.7353576518709811,0.066252054,0.2174251675,0.4977158766666667,0.0,1628.0
0.7764466323303758,0.46190318357142857,0.3083157417142857,0.4716216352857142,0.0,1628.0
0.780506667451757,0.1541001965,0.3251621055,0.5424828745,0.0,1628.0
0.7648501633460895,0.0,0.2709105355,0.4503677355,0.0,1628.0
0.6437375602491598,0.0,0.15768737924999998,0.24380373712499998,0.0,1628.0
0.7117985882301028,0.2509803824,0.166150373,0.5372565405999999,0.0,1628.0
0.7123943386145669,0.40626318824999996,0.30846328075,0.84031596025,0.0,1628.0
0.7276312886685692,0.08803867225,0.537774207,0.92181975775,0.0,1628.0
0.6654098707101314,0.0,0.6229701528333333,0.9257731681666668,0.0,1628.0
0.6038319823080839,0.00026474816666666667,0.5570754573333333,0.9199414431666667,0.0,1628.0
0.6963362839030902,0.12707331300000002,0.47743225899999997,0.89808674425,0.0,1628.0
0.7027949674349447,0.3246747512,0.4036755544,0.8297596106,0.0,1628.0
0.7143250805936852,0.05893214675,0.45218029824999995,0.8436353517499999,0.0,1628.0
0.68208895736861,0.0,0.402075631,0.8098286497499999,0.0,1628.0
0.6851835022238824,0.0,0.2923300875,0.5567841926666667,0.0,1785.5
0.7950547434586042,0.148382456,0.26340864875000003,0.3927204975,0.0,1817.0
0.7808557148718159,0.3017349965,0.1474946675,0.22576876333333332,0.0,1817.0
0.7932783194762911,0.04231573425,0.11825147475,0.23812188974999998,0.0,1817.0
0.7377694059431591,0.0,0.08799392,0.16326568166666666,0.0,1817.0
0.6741571262732148,0.0,0.075622223,0.11666255250000002,0.0,1817.0
0.7987710279855258,0.07411641799999999,0.07772400375,0.11887772575000001,0.0,1817.0
0.7925450164942839,0.40388966616666666,0.07289335466666667,0.09447471099999999,0.0,1817.0
0.797970523987372,0.13966344933333333,0.095357637,0.07328126233333333,0.0,1817.0
0.7505874625708935,0.0,0.08924477033333333,0.1636229165,0.0,1817.0
0.6977892370807522,0.0,0.1344404681666667,0.44667374949999994,0.0,1817.0
0.8019119523508536,0.12190294220000002,0.1548768386,0.5931499604000001,0.0,1817.0
0.7998112928169455,0.2158338465,0.1705404305,0.6566444861666666,0.0,1817.0
0.7603288690711059,0.0010120894285714287,0.25111971314285714,0.6885468541428572,0.0,1817.0
0.6705556520554412,0.0,0.24686628424999998,0.49574936550000004,0.0,1817.0
0.7862681091645374,0.03622117575,0.208360392,0.366394206,0.0,1817.0
0.8100068230616653,0.33085875675,0.17534290474999997,0.26692094774999997,0.0,1817.0
0.8027398890860185,0.3334781023333333,0.18915727133333335,0.25952696066666664,0.0,1817.0
0.8102401366656384,0.07045370040000001,0.2209764474,0.34603112199999997,0.0,1817.0
0.7407237709861099,0.0,0.227038005,0.5813551692500001,0.0,1817.0
0.7283500605780932,0.00135248725,0.493738938,0.8822375811249998,0.0,1817.0
0.7928448815583345,0.033224046,0.75211305,0.92926117325,0.0,1817.0
0.7853767834037688,0.199652523,0.6505771213333333,0.8269962240000001,0.0,1817.0
0.7610751605782415,0.0,0.6501612998,0.8724927458,0.0,1817.0
0.647907867852506,0.0,0.59936130625,0.9042010645,0.0,1817.0
0.6880500458961648,0.0580339835,0.5492945841666667,0.9129829358333333,0.0,1817.0
0.7398462807096192,0.38296505614285714,0.4933932188571428,0.7512107255714285,0.0,1817.0
0.7472560988139426,0.018829620333333335,0.3722765316666666,0.4691246801666667,0.0,1817.0
0.6588295108719252,0.0,0.204106933,0.24299827674999996,0.0,1817.0
0.6898908718016271,0.03342969942857143,0.09228990342857143,0.16094488214285715,0.0,1817.0
0.7555464598392776,0.290513474,0.038802344,0.191805921,0.0,1817.0
0.7525925213693729,0.39240329183333333,0.06781250983333334,0.32250944849999996,0.0,1817.0
0.7741035268567392,0.0015555136666666667,0.15071235933333332,0.29536781500000003,0.0,1817.0
0.7193159180203623,0.0,0.140840277,0.167690658,0.0,1817.0
0.6864485095161683,0.0,0.18838586925,0.38167103575,0.0,1817.0
0.7971327616185764,0.01977407175,0.32760193550000005,0.75822846925,0.0,1817.0
0.8020542816286471,0.16367562416666667,0.5340920180000001,0.9071255888333333,0.0,1817.0
0.7967121066364313,0.013229031799999999,0.7724296961999999,0.9143272294000001,0.0,1817.0
0.7444418040092186,0.0,0.62785733375,0.8232052855,0.0,1817.0
0.6711673982436018,0.0,0.45204627785714285,0.833270608,0.0,1817.0
0.7872685652009793,0.028149892000000003,0.50563720825,0.92384262175,0.0,1817.0
0.7813410508505173,0.04496968828571429,0.5976299909999999,0.9292298008571428,0.0,1817.0
0.7469075207440733,0.0,0.6318541091666666,0.8846151240000001,0.0,1817.0
0.6546580178832014,0.0,0.541496575,0.8362936125,0.0,1817.0
0.7783566833395631,0.05533635375,0.55022838325,0.8837800615,0.0,1817.0
0.7704116923588804,0.39642364350000003,0.4722675835,0.791918904,0.0,1817.0
0.7678828118635875,0.4878792851666667,0.3583841468333333,0.5473551871666668,0.0,1817.0
0.7921579909950834,0.0005194413333333333,0.329435898,0.41017906433333334,0.0,1817.0
0.7228048861633102,0.0,0.2727165335,0.35977647225,0.0,1817.0
0.6999943572310964,0.0,0.20389545,0.4238306995,0.0,1817.0
0.79781484982487,0.1161785144,0.1613683714,0.38709561519999997,0.0,1817.0
0.7777509947878827,0.18007992325000002,0.116010892,0.39723818425,0.0,1817.0
0.7812243654257318,0.0237813135,0.22613208925,0.5972307605,0.0,1817.0
0.7386640021493854,0.0,0.26385197450000003,0.7114537857500001,0.0,1817.0
0.6707146327236322,0.0,0.252900116,0.7589886584285714,0.0,1817.0
0.7890284647532527,0.07369893125,0.24392152875,0.78433321,0.0,1817.0
0.776883557370776,0.32221307785714287,0.19128841028571425,0.7218797534285715,0.0,1817.0
0.7516226807935998,0.0,0.35553994816666673,0.768754473,0.0,1817.0
0.6252543644549501,0.0,0.3245891066666667,0.7935550853333333,0.0,1817.0
0.6999910633389704,0.06397075066666667,0.3406132313333334,0.8401681841666666,0.0,1817.0
0.7093103085269699,0.1931175818,0.39616097339999995,0.8933141948000001,0.0,1817.0
0.7238203643236183,0.01417410075,0.5552080337499999,0.9214601632499999,0.0,1817.0
0.67518837382875,0.0,0.58400359725,0.9292494725,0.0,1817.0
0.632352356432859,0.0,0.6166919281428571,0.9275875154285715,0.0,1817.0
0.7104339826080216,0.25196522066666666,0.6479992586666667,0.9248428463333335,0.0,1817.0
0.705548175572654,0.61596400275,0.5918559972499999,0.9150446544999999,0.0,1817.0
0.7137307289749085,0.25145246925,0.7209317969999999,0.91704323875,0.0,1817.0
0.7192043076603571,0.0,0.7628226235,0.9286188162500001,0.0,1817.0
0.6508373991225945,0.0,0.7589822935,0.93101759175,0.0,1817.0
0.7314014824220948,0.04453639599999999,0.7555530677142858,0.928371849,0.0,1817.0
0.7659594364002994,0.4631680442,0.46592972779999997,0.7534824024,0.0,1817.0
0.7652399350232515,0.20072557000000002,0.34602160600000004,0.505081253,0.0,1817.0
0.7495610541471117,0.0,0.34067540399999996,0.49428083566666675,0.0,1817.0
0.671473609941063,0.0,0.31880112214285716,0.4309667637142857,0.0,1817.0
0.7887142304768835,0.0662669375,0.285536576,0.42887201275,0.0,1817.0
0.779773227987812,0.22792920728571434,0.16943144228571433,0.234751416,0.0,1817.0
0.7609225819803164,0.0,0.12444823466666667,0.15082057933333334,0.0,1817.0
0.673985123139541,0.0,0.11812357214285715,0.2875325867142857,0.0,1817.0
0.7909210757288505,0.0121575735,0.212227411,0.66556054575,0.0,1817.0
0.780713430799198,0.060571538857142844,0.33672959500000005,0.7580830225714286,0.0,1817.0
0.783505641343659,0.0,0.44079672950000004,0.796755259,0.0,1817.0
0.7065492379920336,0.0,0.4110849148333333,0.7918749356666667,0.0,1817.0
0.6799969355767664,0.0,0.3208670514,0.5313815444,0.0,1817.0
0.784499853636624,0.006909082333333334,0.261444678,0.45965117299999997,0.0,1817.0
0.7806350664075945,0.10391125075,0.25697879887499997,0.6110082445,0.0,1817.0
0.7667542838220673,0.0,0.45570973483333327,0.7425661596666666,0.0,1817.0
0.6946826765375897,0.0,0.5192575157142857,0.7587939817142858,0.0,1817.0
0.8032714017588642,0.177580468,0.514871952,0.7322092367499999,0.0,1817.0
0.7924656961038711,0.48271104766666667,0.421295873,0.5416437815,0.0,1817.0
0.7781677556714862,0.005189327857142857,0.25720251971428576,0.30154150371428573,0.0,1817.0
0.6632193858136318,0.0,0.08080881671428572,0.114371937,0.0,1817.0
0.7477034179096393,0.0413243848,0.0311141864,0.0778175772,0.0,1817.0
0.7498114196686296,0.10472930120000001,0.044490413599999994,0.10508933000000001,0.0,1817.0
0.765498723973868,0.00293798025,0.12168229600000001,0.18039934775,0.0,1817.0
0.7011581330654267,0.0,0.18274319575,0.29591933,0.0,1817.0
0.6658722888511407,0.0,0.3312854514285714,0.6058570348571429,0.0,1817.0
0.747682318753316,0.06802794675,0.58492471425,0.874170196,0.0,1817.0
0.743590708495424,0.06552753114285714,0.7023618248571429,0.9194160434285713,0.0,1817.0
0.7082808535160954,0.0,0.5928773100000001,0.8374316276666666,0.0,1817.0
0.6737679258610924,0.0,0.5630268611666667,0.8797146150000001,0.0,1817.0
0.7933113965348966,0.1698940816,0.5167837048,0.7712787249999999,0.0,1817.0
0.7928052840438873,0.46092721000000003,0.424081991,0.8378516844999999,0.0,1817.0
0.7988111655548924,0.05923644725,0.492454751,0.915402814,0.0,1817.0
0.7592956525462707,0.0,0.4670943595,0.8835729685,0.0,1817.0
0.7114572635328645,0.0,0.317351221375,0.6104612555,0.0,1817.0
0.8093190636691062,0.14087907175,0.13799902825,0.27880765725,0.0,1817.0
0.8032243871254666,0.23085744625,0.08404149025,0.24144285999999998,0.0,1817.0
0.8065302833721714,0.025331822,0.12892386775,0.3971082695,0.0,1817.0
0.7621509882423233,0.0,0.15872993625,0.43381860099999997,0.0,1817.0
0.6799566711661363,0.0,0.2006923603333333,0.491228287,0.0,1817.0
0.8035628329001298,0.01268910375,0.1676563525,0.5268961972499999,0.0,1817.0
0.8072040062606307,0.15843924525,0.109627786125,0.45727077225,0.0,1817.0
0.7854972584279016,0.0,0.09277925516666667,0.5115046236666666,0.0,1817.0
0.7077355862164811,0.0,0.10967859685714286,0.320696753,0.0,1817.0
0.8162566981026482,0.0503708435,0.10521274550000001,0.25820152775,0.0,1817.0
0.8115564114730094,0.18207585999999998,0.0663447315,0.318753727,0.0,1817.0
0.816030712113878,0.038689622599999994,0.1021389032,0.5272209487999999,0.0,1817.0
0.7689067127964875,0.0,0.11795553025,0.5512287385,0.0,1817.0
0.713853371382978,0.0,0.12976630425000002,0.46494784024999997,0.0,1817.0
0.8159996302416692,0.0958290345,0.12656434075,0.36005144949999995,0.0,1817.0
0.8165030620907591,0.19110224575,0.08159620825,0.23473615775,0.0,1817.0
0.8208523455356069,0.0238757215,0.128877331,0.28324306475,0.0,1817.0
0.7396913806920807,0.0,0.123727495,0.3053974115,0.0,1817.0
0.6745564620234005,0.0,0.1592716802,0.49781523559999996,0.0,1817.0
0.7594405840603261,0.0995795906,0.23813353839999998,0.7153582458,0.0,1817.0
0.7738094709391483,0.24687463699999998,0.33542298575,0.82963482075,0.0,1817.0
0.7885129325477496,0.017853631000000002,0.40164614224999995,0.87900154825,0.0,1817.0
0.7395574954243499,0.0,0.42274328175,0.82957586225,0.0,1817.0
0.6685045028167822,0.0,0.37964338657142854,0.7853228394285713,0.0,1817.0
0.7345291259783637,0.10368744049999999,0.28209346275,0.6912482959999999,0.0,1817.0
0.7809717457326217,0.3593781112857143,0.17209731585714286,0.41585042285714285,0.0,1817.0
0.7818116831483207,0.0,0.10380266516666665,0.31453445900000004,0.0,1817.0
0.7039775445360194,0.0,0.07103998214285713,0.2921278935714286,0.0,1817.0
0.8189005060362217,0.024802876666666668,0.10741598266666667,0.44720659699999993,0.0,1817.0
0.8252647736396742,0.3511085244,0.10651501059999999,0.5404351884,0.0,1817.0
0.8273678556937392,0.11739830800000002,0.1802944795,0.64264304775,0.0,1817.0
0.781587582873082,0.0,0.27618513757142854,0.7269079507142857,0.0,1817.0
0.7351998677011442,0.001811322375,0.4384646845,0.8379191165,0.0,1817.0
0.8175078840843529,0.10530051,0.5952362522,0.922927889,0.0,1817.0
0.8176012330538918,0.011190938499999999,0.7802721477499999,0.9321637027499999,0.0,1817.0
0.7801007701984295,0.0,0.7883047219999999,0.8828418540000001,0.0,1817.0
0.6925059577306746,0.0,0.711201988,0.9011345704285715,0.0,1817.0
0.8004948739090624,0.00589214425,0.6343267365,0.89713084075,0.0,1817.0
0.7969315186588529,0.021235884833333333,0.6136126453333334,0.9118554025,0.0,1817.0
0.7805591200448082,0.0,0.6836741998333333,0.934747539,0.0,1817.0
0.7113058500981243,0.0,0.6964938395714285,0.9300171348571428,0.0,2058.4285714285716
0.8378507229267684,0.05909333879999999,0.6411711961999998,0.7869130668,0.0,2155.0
0.8332600307572818,0.1390901322857143,0.37733871628571425,0.41796512271428565,0.0,2155.0
0.8099080596520856,0.0,0.1989867215,0.41131487283333334,0.0,2155.0
0.7288114636756285,0.0,0.15723853466666668,0.5165846313333333,0.0,2155.0
0.8358920328007731,0.007963716400000001,0.2824784754,0.7273017948,0.0,2155.0
0.8276325515373691,0.014427787000000001,0.34719898125,0.78006871125,0.0,2155.0
0.8315982707530896,0.0004193536,0.468500064,0.8751370984,0.0,2155.0
0.7642224813509063,0.0,0.5062938,0.8907977762500001,0.0,2155.0
0.6785112055516359,0.0,0.47707827033333333,0.8719356318333333,0.0,2155.0
0.7522760768537684,0.0049568945000000005,0.4578862,0.79407542725,0.0,2155.0
0.7882367369843498,0.08538086199999999,0.44778478371428576,0.6905305754285714,0.0,2155.0
0.7774843073321703,0.0,0.36075554277777777,0.49517903411111114,0.0,2155.0
0.7380671809488953,0.0014924327142857143,0.23982550157142857,0.6652038527142857,0.0,2155.0
0.790609638796283,0.07971696883333333,0.24623494166666668,0.8163552693333335,0.0,2155.0
0.8127895567755491,0.0066413133999999995,0.41547615560000006,0.8737437671999999,0.0,2155.0
0.7675513920653488,0.0,0.47217231825,0.88707392825,0.0,2155.0
0.7550657556716807,0.0,0.5183690878571429,0.7975004392857142,0.0,2155.0
0.8384254493718203,0.033184162749999996,0.5358421755,0.8041293517499999,0.0,2155.0
0.8363098443794398,0.03907620566666666,0.429390642,0.733147684,0.0,2155.0
0.821435285608972,0.0,0.3074991386666667,0.6441861286666667,0.0,2155.0
0.716686157923445,0.0,0.17877669833333332,0.5371508663333333,0.0,2155.0
0.8368392210608321,0.005064212833333334,0.18157916566666665,0.5407956071666666,0.0,2155.0
0.8352360315448522,0.017799790599999997,0.1434473036,0.528001038,0.0,2155.0
0.8402982502576383,0.0,0.17775710125,0.61521927575,0.0,2155.0
0.7614200518106713,0.0,0.16347175440000003,0.5511315544000001,0.0,2155.0
0.6979126657598067,0.0,0.143551182,0.36930031875,0.0,2155.0
0.8274201360840401,0.0049147565,0.07885446783333333,0.15519994583333332,0.0,2155.0
0.8291335134350472,0.013881226166666665,0.023315111666666666,0.05109766883333333,0.0,2155.0
0.8131046618611671,0.0,0.0421998625,0.10941575316666667,0.0,2155.0
0.7039499568440734,0.0,0.057596584,0.12443233200000002,0.0,2155.0
0.8327802340427265,0.004330567166666666,0.07301163983333334,0.1389752985,0.0,2155.0
0.8361662727200238,0.010826974499999998,0.06661612766666668,0.09821573116666665,0.0,2155.0
0.7964919820801907,0.0,0.097324653625,0.097473371625,0.0,2155.0
0.7776225841868667,0.000137218125,0.08475867925000001,0.09920536475000001,0.0,2155.0
0.8370539134461409,0.011028130833333335,0.077247634,0.07861522366666666,0.0,2155.0
0.8455727375017213,0.0003669105,0.1197636595,0.14373775549999998,0.0,2155.0
0.8125958075793283,0.0,0.17422982625,0.27565940375,0.0,2155.0
0.7115994674960333,0.0,0.29115433785714284,0.44631080557142855,0.0,2155.0
0.7752524834590371,0.001386548,0.4057129575,0.60971657725,0.0,2155.0
0.8068998065068623,0.010173131166666667,0.42712098383333325,0.6920497211666667,0.0,2155.0
0.8138492549869496,0.0,0.46981706483333335,0.7828147788333332,0.0,2155.0
0.7199288876690565,0.0,0.44396922199999994,0.7939278457000001,0.0,2155.0
0.8012273579324519,0.009033022428571428,0.44563754214285717,0.8334357482857142,0.0,2155.0
0.8218228509546768,0.000320589,0.50827411825,0.89093761325,0.0,2155.0
0.7686632003400332,0.0,0.4875049911666667,0.8878365531666668,0.0,2155.0
0.7582822633277687,0.0,0.500577069,0.8890892088333332,0.0,2155.0
0.8406457561374324,0.004795118,0.5489242365,0.9077101107500001,0.0,2155.0
0.84015089951638,0.007800561,0.5756097508333333,0.9094593021666665,0.0,2155.0
0.8378322128765728,0.0,0.630526894,0.85957202675,0.0,2155.0
0.7284552337335588,0.0,0.5612028048750001,0.800236201375,0.0,2155.0
0.8363871305369384,0.0025500201666666666,0.37893758316666665,0.643374585,0.0,2155.0
0.8362122782088312,0.018061927666666668,0.24790482400000002,0.5644777280000001,0.0,2155.0
0.8345166927105273,0.0,0.220100568,0.4668639965,0.0,2155.0
0.7507693605185224,0.0,0.186721894,0.34173989,0.0,2155.0
0.7454359538819432,0.0,0.13303520133333332,0.20283987550000002,0.0,2155.0
0.8376880932424742,0.01212346025,0.08957992725000001,0.13454031049999998,0.0,2155.0
0.8352519049807604,0.03703638866666666,0.0530878715,0.09256838533333334,0.0,2155.0
0.8216194173988155,0.0,0.07318792133333334,0.3057054836666666,0.0,2155.0
0.719108889204536,0.0,0.1911192925,0.6160906968333333,0.0,2155.0
0.8357048245788339,0.004898108833333334,0.4162557483333334,0.7950078836666666,0.0,2155.0
0.8344666148481131,0.010929821874999999,0.540016404125,0.905874388,0.0,2155.0
0.8009475826434351,0.0,0.515626689,0.8709971522500001,0.0,2155.0
0.7289743452292409,0.0,0.45187853525000005,0.8829776590000001,0.0,2155.0
0.8321417040558229,0.017911284,0.46223513625,0.9204698725,0.0,2155.0
0.8294122851471276,0.06957762916666667,0.5746493826666667,0.9258238663333334,0.0,2155.0
0.8140308987205939,0.0,0.6578212068333332,0.8868880798333333,0.0,2155.0
0.6904610017395572,0.0,0.64062632275,0.8825046505,0.0,2155.0
0.7313470067463227,0.009684908,0.6367587720000001,0.8352716715714286,0.0,2155.0
0.7997894369346719,0.19703047228571427,0.6642256705714286,0.8227795950000001,0.0,2155.0
0.8036952706747867,0.0,0.7747548243333334,0.8800949426666667,0.0,2155.0
0.7111967042806597,0.0,0.760337997,0.9181869233333333,0.0,2155.0
0.766230031957052,0.025049396666666668,0.5721609995,0.8672614219999999,0.0,2155.0
0.8111948549742211,0.058141897399999996,0.3404087812,0.6947351212,0.0,2155.0
0.8183471900686292,0.0,0.19404964142857145,0.4697549297142857,0.0,2155.0
0.7439586990665746,0.0,0.082533149,0.1838796695,0.0,2155.0
0.8584636988341598,0.031356585,0.07594304766666667,0.20394322899999998,0.0,2155.0
0.8625035479107217,0.12381387119999998,0.1233904062,0.3325183704,0.0,2155.0
0.8540032144081298,0.0,0.2445857478571429,0.42237695199999997,0.0,2155.0
0.7553613110892882,0.0,0.4509347545,0.47452699616666666,0.0,2155.0
0.8630263211663295,0.0,0.422563365,0.41996663375,0.0,2155.0
0.8596676166458306,0.1871448552,0.339324431,0.5095810347999999,0.0,2155.0
0.8620081433566695,0.01791830875,0.34732970425,0.5178383757499999,0.0,2155.0
0.8246727762018327,0.0,0.3234454705,0.4220799145,0.0,2155.0
0.7615974860858569,0.0,0.26161396833333334,0.2990185693333333,0.0,2155.0
0.868292076558633,0.0,0.21559161733333335,0.22811578533333335,0.0,2155.0
0.8642812392010704,0.1529476625,0.2878035245,0.3434805775,0.0,2155.0
0.866891466243616,0.054212473750000004,0.4024079155,0.41026790625,0.0,2155.0
0.8646503161717214,0.0,0.45018013925,0.35872990875,0.0,2155.0
0.7676701615528009,0.0,0.46642998174999994,0.49355048300000004,0.0,2155.0
0.8566818451245787,0.031221244166666665,0.3856859778333333,0.5088050281666666,0.0,2155.0
0.8584573709223555,0.1612032546,0.24573191579999998,0.21544502740000002,0.0,2155.0
0.852200119461372,0.0,0.10039149257142857,0.056012672285714285,0.0,2155.0
0.7899239423805163,0.0,0.18672468222222222,0.3362654136666667,0.0,2155.0
0.8612089459110632,0.014222738333333334,0.400042059,0.49376125333333337,0.0,2155.0
0.8603002585178968,0.050593728000000004,0.5153244111666667,0.6726001241666667,0.0,2155.0
0.8407510056248285,0.0,0.5893266456666666,0.7370456476666667,0.0,2155.0
0.7574479819697195,0.0013530463636363638,0.5595492424545454,0.6144136791818182,0.0,2155.0
0.8267495880984719,0.22970271399999995,0.45349678940000004,0.6460861882,0.0,2155.0
0.8309504601373265,0.0,0.3300858091250001,0.5122147527500001,0.0,2155.0
0.748785747475433,0.0,0.335997011875,0.5604629605,0.0,2155.0
0.8167813488736415,0.0484211645,0.33529774600000006,0.6157695595,0.0,2155.0
0.8371421196920034,0.11372410885714283,0.274751344,0.4717624201428571,0.0,2155.0
0.8237483749559906,0.0,0.19670703539999998,0.3904460302,0.0,2155.0
0.7558536171296936,0.0,0.18924385983333336,0.4318763385,0.0,2155.0
0.8650296136565975,0.04171331714285714,0.20288996257142858,0.642284519,0.0,2155.0
0.8642265723567986,0.08698518175,0.29290135124999994,0.7952128592500001,0.0,2155.0
0.8534499273506511,0.0,0.43685507385714295,0.7925707627142857,0.0,2155.0
0.7838714439089705,0.0,0.35142454325,0.7062551731250001,0.0,2155.0
0.8656297411722259,0.029716258250000002,0.2142020235,0.594653422,0.0,2155.0
0.8660026676168264,0.12915113574999998,0.12201978,0.483079518,0.0,2155.0
0.8723409156504199,0.0,0.10846710225,0.42084696225000007,0.0,2155.0
0.8414374503887654,0.0,0.10709935925,0.23714650050000002,0.0,2155.0
0.7571924876264706,0.0,0.18740561166666667,0.31542999616666667,0.0,2155.0
0.8674501378484946,0.0014749274,0.3115529816,0.4717425576,0.0,2155.0
0.8674651037211993,0.09949213733333334,0.3756914951666667,0.693810354,0.0,2155.0
0.8564247819901502,0.0,0.5573568822857143,0.8484167270000001,0.0,2155.0
0.75296745860022,0.0,0.6483788951666667,0.9320014658333333,0.0,2155.0
0.8594484050142648,0.004924982333333334,0.7631142326666667,0.9123946356666667,0.0,2155.0
0.8591016031076506,0.03810224625,0.8492766375,0.8691360215,0.0,2155.0
0.8630948409898153,0.0,0.8928267796,0.8987137940000001,0.0,2155.0
0.8081201032958651,0.0,0.845295723,0.9297988235,0.0,2155.0
0.7840772600891804,0.0,0.7794004475,0.93717137775,0.0,2155.0
0.8520556601780964,0.004815903,0.8033325936666667,0.9368493355555556,0.0,2155.0
0.8364810192279327,0.0,0.8240176013333333,0.9374327148333333,0.0,2155.0
0.7678696107903197,0.0,0.797176118,0.937339167125,0.0,1678.75
0.832038402882329,0.01778853175,0.8016477937500001,0.9368446997500001,0.0,1520.0
0.8496573573655546,0.0597199426,0.776042674,0.9343602628,0.0,1520.0
0.8583521991200974,0.0,0.6811345467142857,0.9086826548571428,0.0,1520.0
0.7780232019279124,0.0,0.44150905887499997,0.797106475375,0.0,1520.0
0.8323890073174531,0.0039274455000000005,0.32088251700000003,0.780507261,0.0,1520.0
0.8511752489454819,0.009824437166666667,0.27568732383333333,0.7330848076666667,0.0,1520.0
0.8533051173796565,0.0,0.30926201983333335,0.7982904441666667,0.0,1520.0
0.7961646704917438,0.0,0.3643475481428572,0.8538985714285714,0.0,1520.0
0.8830640209762469,0.0029424461999999997,0.43726653219999995,0.9020368198,0.0,1520.0
0.8857330555029478,0.0106193745,0.4601537251666667,0.9000046456666667,0.0,1520.0
0.8657690418908093,0.0,0.49022575728571427,0.8940621071428572,0.0,1520.0
0.7870483958824441,0.0,0.5179443401666667,0.8757850515,0.0,1520.0
0.8671995296070698,0.000685562,0.507271021,0.867191094,0.0,1520.0
0.862334078645803,0.003687873,0.46361121299999997,0.8016963616,0.0,1520.0
0.8614497395440016,0.0,0.39031536716666665,0.6513528193333333,0.0,1520.0
0.778291031653185,0.0,0.34625141812499993,0.581431169625,0.0,1520.0
0.8669519542703041,0.00028883575,0.32861872350000004,0.7251688759999999,0.0,1520.0
0.8685340437754597,0.017597290166666668,0.3679337585,0.7911085669999999,0.0,1520.0
0.8672795257259879,0.0,0.45622335871428576,0.853376947,0.0,1520.0
0.7904740610066324,0.0,0.5292219382857143,0.8277252725714286,0.0,1520.0
0.8823953383242178,0.041826801000000004,0.476135009,0.6949335353333334,0.0,1520.0
0.8878639565879274,0.047502427714285714,0.3373332937142857,0.43150554885714276,0.0,1520.0
0.8571197176306896,0.0,0.2362292718,0.4000897662,0.0,1520.0
0.7914946740244462,0.0,0.214756336,0.6109969853333334,0.0,1520.0
0.8744213591337284,0.0034821565,0.2565547706666667,0.7453269716666666,0.0,1520.0
0.881825667970754,0.004255008,0.30472262,0.7441591638333334,0.0,1520.0
0.8698618417343822,0.0,0.34774160179999997,0.6921717183999999,0.0,1520.0
0.7693597617680646,0.0,0.35853588422222216,0.6619233034444445,0.0,1520.0
0.8285467393104297,0.001109006,0.3878754863333333,0.7541907870000001,0.0,1520.0
0.8395909932933315,0.0025792176666666667,0.467415675,0.8157909726666666,0.0,1520.0
0.8265952374951672,0.0,0.5885313805714285,0.8840757528571428,0.0,1520.0
0.7538721167877008,0.0,0.6086013717500001,0.9100411553750001,0.0,1520.0
0.8200410049043404,0.001327621,0.6216162369999999,0.9066721113333333,0.0,1520.0
0.8317292896708698,0.005381370333333333,0.625639051,0.9243469175,0.0,1520.0
0.8324692585926887,0.0,0.5540882313333334,0.8957865468333334,0.0,1520.0
0.7758403384750486,0.0,0.4038476678571429,0.805369084,0.0,1520.0
0.8671810712645925,0.0008508048000000001,0.2575590526,0.5357176006,0.0,1520.0
0.8678478508599993,0.006736639800000001,0.17275481,0.39152642419999995,0.0,1520.0
0.8744724503611327,0.0,0.13116096949999997,0.3668141111666667,0.0,1520.0
0.7785621747313178,0.0,0.118156101,0.45926462799999995,0.0,1520.0
0.85843989126613,0.0015865791428571429,0.12457440871428571,0.5735059104285715,0.0,1520.0
0.8745234601191815,0.0223679174,0.105737635,0.453601715,0.0,1520.0
0.8800592745772119,0.0,0.12027625916666666,0.5338468905000001,0.0,1520.0
0.7922307547853132,0.0,0.111860557375,0.44822061725,0.0,1520.0
0.8784510746229118,0.0032242060000000003,0.10424106159999999,0.3529449092,0.0,1520.0
0.8820944403562869,0.009940491833333334,0.09024907900000001,0.20091618216666665,0.0,1520.0
0.8642712467670995,0.0,0.08093641571428571,0.23416523828571428,0.0,1520.0
0.77864481647251,0.0,0.07274552100000001,0.22662758924999998,0.0,1520.0
0.8682925594260127,0.001306283,0.08190158757142856,0.32989051242857137,0.0,1520.0
0.8864156898186114,0.0104031785,0.09509172483333334,0.3828751478333334,0.0,1520.0
0.8942768460395312,0.0,0.09336703125,0.34472335925,0.0,1520.0
0.8162017682492859,0.0,0.09400785739999999,0.35718393119999997,0.0,1520.0
0.8094372931797944,0.0,0.0884063845,0.320063728,0.0,1520.0
0.8906836638661494,0.0017181866,0.08153711300000001,0.285926181,0.0,1520.0
0.890863400083094,0.0157179855,0.079970979,0.3087632445,0.0,1520.0
0.9009468034012403,0.0,0.07211928279999999,0.2530900272,0.0,1520.0
0.853824698043165,0.0,0.07247029975000001,0.26526832925,0.0,1520.0
0.7997571941219114,0.0,0.0728746519,0.29111901669999996,0.0,1520.0
0.8629191728288169,0.024243776777777778,0.08148107700000001,0.3100210471111111,0.0,1520.0
0.8537852648117046,0.0,0.08390837975000001,0.3213084465,0.0,1520.0
0.7822619114857391,0.0,0.09610842966666666,0.3996088873333333,0.0,1520.0
0.8251835854296315,0.004424769142857143,0.09694768057142857,0.48591684357142856,0.0,1520.0
0.8537782700454004,0.01707017325,0.11416294775,0.5366203165,0.0,1520.0
0.8664466445515235,0.0,0.178126416,0.6585815651666665,0.0,1520.0
0.7998733709706043,0.0,0.292540997625,0.698982055625,0.0,1520.0
0.8845912732788517,0.0009942492,0.3113187722,0.716168264,0.0,1520.0
0.8880849356948276,0.0085129895,0.23895729649999997,0.5946775966250001,0.0,1520.0
0.8692220927083166,0.0,0.15393923599999998,0.42938395850000005,0.0,1520.0
0.7942589415743421,0.0,0.09289573200000001,0.23775449785714287,0.0,1520.0
0.8832043004212766,0.0,0.052900897749999995,0.1696092535,0.0,1520.0
0.88367067752101,0.021603866666666666,0.06701274133333333,0.20968982233333333,0.0,1520.0
0.8801356712351175,0.0,0.08394996299999999,0.23544053471428575,0.0,1520.0
0.7937288585899898,0.0,0.09739349757142858,0.244341913,0.0,1520.0
0.8834696771561447,0.0,0.099059824,0.2031696475,0.0,1520.0
0.8855913369788485,0.012518661,0.09827125171428572,0.3217553071428571,0.0,1520.0
0.8927421626750246,0.0,0.109195196,0.48572565425,0.0,1520.0
0.812094399611883,0.0,0.10378644055555557,0.5152177986666666,0.0,1520.0
0.8884431380383433,0.0015872658,0.1123668434,0.5175319772,0.0,1520.0
0.8919138674976201,0.01716997983333333,0.0995947685,0.48904663550000005,0.0,1520.0
0.8955324403074391,0.0,0.11411267840000001,0.512705988,0.0,1520.0
0.8281592491712152,0.0,0.1399006263,0.5410067016,0.0,1520.0
0.898259527248746,0.006230021333333333,0.18802143333333332,0.4890301008888889,0.0,1520.0
0.8978113541246676,0.0,0.2105788593333333,0.49176089233333325,0.0,1520.0
0.7967124342784332,0.0,0.211795491,0.41851677800000003,0.0,1520.0
0.8519993269009754,0.002234934666666667,0.20436981933333334,0.39390153833333336,0.0,1520.0
0.8633370774160736,0.008530583,0.17730601850000002,0.316416733,0.0,1520.0
0.8660423591784644,0.0,0.13779090933333335,0.22418332716666667,0.0,1520.0
0.8032532961992164,0.0,0.06617986009090908,0.12899158772727273,0.0,1520.0
0.8582636591782788,0.0218448484,0.037902664200000005,0.0906554442,0.0,1520.0
0.8704061599143651,0.0,0.0537574695,0.205132518125,0.0,1520.0
0.8226016197874019,0.0,0.09985351716666667,0.4690989853333334,0.0,1520.0
0.9125640452848145,0.0,0.13553573700000002,0.4581822528,0.0,1520.0
0.9058889643572176,0.018556500714285714,0.20667496228571428,0.49370779142857135,0.0,1520.0
0.8970529514324798,0.0,0.29860031866666664,0.5535255036666666,0.0,1520.0
0.8014706976353453,0.0,0.38019655557142856,0.7288640398571429,0.0,1520.0
0.8808612949286984,0.0013759010000000001,0.4884861475999999,0.8610378535999998,0.0,1520.0
0.8754932254363607,0.023694214333333335,0.5284394906666666,0.856064833,0.0,1520.0
0.8578563318657776,0.0,0.4505894838333333,0.8721868148333334,0.0,1520.0
0.779525529080407,0.0,0.43360539900000006,0.8624014202857142,0.0,1520.0
0.8710274530051446,0.0061288602,0.41017456459999996,0.8189969008,0.0,1520.0
0.8769052041028166,0.07968174833333333,0.2562698765,0.5873792503333333,0.0,1520.0
0.8795875144872353,0.0,0.08307774316666666,0.2243053815,0.0,1520.0
0.7973651599003597,0.0,0.07577950214285714,0.17557479871428572,0.0,1520.0
0.883775792414111,0.0008976938,0.0868894276,0.2111307922,0.0,1520.0
0.8819926335692032,0.012883735166666667,0.09293061483333333,0.29906461333333334,0.0,1520.0
0.863101901411256,0.0,0.08912781971428574,0.23362430699999998,0.0,1520.0
0.7813786131450573,0.0,0.08118787599999999,0.2535357896,0.0,1520.0
0.8757500295111598,0.004629187999999999,0.08165206300000001,0.377925209,0.0,1520.0
0.8840865895235818,0.013871535833333332,0.055669107833333335,0.22317595366666668,0.0,1520.0
0.8591793822183176,0.0,0.068959308,0.166046615,0.0,1520.0
0.7798212847697761,0.0,0.268922786,0.562883521625,0.0,1520.0
0.8398546487405681,0.0175260588,0.5222746121999999,0.8018808288000001,0.0,1520.0
0.8454182198956162,0.014286037,0.5559011645,0.739050098,0.0,1520.0
0.8480536013572345,0.0,0.5392900701666666,0.6686299954999999,0.0,1520.0
0.7768663310417797,0.0,0.3457168223333334,0.47838360744444447,0.0,1520.0
0.8381954454265547,0.0026708533333333335,0.17764891633333332,0.22097443566666666,0.0,1520.0
0.8471348271449768,0.025614723,0.1110484222,0.1973360236,0.0,1520.0
0.8674301206464807,0.0,0.1134185306,0.26514003780000006,0.0,1520.0
0.8057904994185112,0.0,0.220795882,0.43708197811111105,0.0,1520.0
0.8909153439563952,0.001253157,0.34625109919999997,0.5399745730000001,0.0,1520.0
0.8879029362491782,0.007440960666666666,0.6269394213333334,0.8070519153333332,0.0,1520.0
0.8498548785210407,0.0,0.8496683325,0.91620398575,0.0,1520.0
