Demand,Avail_Sol,Avail_Wind_On,Avail_Wind_Off,Hyd_In,HydRoR_In
0.6472827787019072,0.0,0.788913432,0.934466468,3449.0,4517.0
0.6329292410242413,0.0,0.7906825635,0.935049402,3449.0,4517.0
0.6397653530718204,0.0,0.793446972,0.935772123,3449.0,4517.0
0.6842678580838206,0.0,0.786223396,0.936323296,3449.0,4517.0
0.754732090721199,0.0,0.76787407,0.935735693,3449.0,4517.0
0.8444954167207576,0.0,0.759782847,0.908191399,3449.0,4517.0
0.8969913353367245,0.0,0.764434657,0.736218076,3449.0,4517.0
0.9120923661804918,0.004277365,0.767924832,0.731844103,3449.0,4517.0
0.9054430831064194,0.1041706,0.779555371,0.71025952,3449.0,4517.0
0.9007421083167504,0.167541374,0.769333959,0.747338683,3449.0,4517.0
0.8985619936608714,0.183928196,0.785595859,0.803844291,3449.0,4517.0
0.8979424242154259,0.170255401,0.801588662,0.751660983,3449.0,4517.0
0.8968854123865747,0.163117343,0.80612776,0.729875141,3449.0,4517.0
0.896922405555577,0.136461845,0.832227049,0.726893084,3449.0,4517.0
0.899924532037989,0.101536849,0.860026313,0.818317186,3449.0,4517.0
0.9119629343816927,0.072187623,0.866196987,0.878640205,3449.0,4517.0
0.917433757955841,0.0,0.872518598,0.920555604,3449.0,4517.0
0.8990589179122637,0.0,0.8574556520000001,0.935711473,3449.0,4517.0
0.8439768022540219,0.0,0.834881112,0.93646528,3449.0,4517.0
0.8082034941335751,0.0,0.820368844,0.930642486,3449.0,4517.0
0.7604270025990697,0.0,0.803201081,0.922168041,3449.0,4517.0
0.6758501759122585,0.0,0.759075633,0.901094291,3449.0,4517.0
0.65438250060188,0.0,0.706704375,0.841495636,3449.0,4517.0
0.6426381808866604,0.0,0.644485395,0.8101937674999999,3449.0,4517.0
0.6469960149499759,0.0,0.593932503,0.797289958,3449.0,4517.0
0.6861946979201449,0.0,0.572030629,0.769051368,3449.0,4517.0
0.7631476437042922,0.0,0.53370104,0.655156014,3449.0,4517.0
0.8556923790891792,0.0,0.48422281,0.66844818,3449.0,4517.0
0.9145865681781193,0.0022310135,0.437376647,0.715158639,3449.0,4517.0
0.9125304295729824,0.075035351,0.420659913,0.774323823,3449.0,4517.0
0.9083444319834371,0.098586294,0.44053348,0.810282189,3449.0,4517.0
0.9047815525205318,0.109840177,0.454297678,0.813287625,3449.0,4517.0
0.8984719502795165,0.114238184,0.500093098,0.854044013,3449.0,4517.0
0.8953287706039672,0.083131721,0.512929613,0.875668785,3449.0,4517.0
0.8967376169826409,0.059735053,0.532351146,0.885831913,3449.0,4517.0
0.899303809261031,0.035499722,0.581553817,0.892374406,3449.0,4517.0
0.910597024899177,0.013984234,0.627067513,0.897147539,3449.0,4517.0
0.9097850376009404,0.0,0.663479507,0.901158518,3449.0,4517.0
0.8800070224606351,0.0,0.7092916325,0.9117894255000001,3449.0,4517.0
0.8262759569670198,0.0,0.743261573,0.922606676,3449.0,4517.0
0.7825008518224394,0.0,0.758245425,0.92021522,3449.0,4517.0
0.7344190999008815,0.0,0.737813612,0.869311306,3449.0,4517.0
0.66867074566377,0.0,0.771937401,0.769969917,3449.0,4517.0
0.6435770717052675,0.0,0.799281237,0.611106425,3449.0,4517.0
0.6281725103704754,0.0,0.815288081,0.555687835,3449.0,4517.0
0.6257750939649995,0.0,0.834625086,0.638553876,3449.0,4517.0
0.6309812431431401,0.0,0.845758208,0.825286439,3449.0,4517.0
0.6727018508919539,0.0,0.856255783,0.629276282,3449.0,4517.0
0.737778428095756,0.0,0.864202899,0.68831269,3449.0,4517.0
0.8298594178089457,0.0,0.868120488,0.627249635,3449.0,4517.0
0.8719744421558685,0.0,0.875490534,0.67968674,3449.0,4517.0
0.8807916862702947,0.001817259,0.879045913,0.759731076,3449.0,4517.0
0.8767593391251811,0.072521559,0.883300513,0.778218917,3449.0,4517.0
0.871075693793777,0.153948539,0.86648513,0.931707716,3449.0,4517.0
0.8646824355343319,0.247990142,0.870503699,0.926386344,3449.0,4517.0
0.8650144871887747,0.305015973,0.890140703,0.916329697,3449.0,4517.0
0.8667715309518992,0.288157337,0.905223571,0.821534826,3449.0,4517.0
0.870633549701386,0.250456792,0.901497784,0.882858278,3449.0,4517.0
0.8747216083672674,0.172231051,0.884615687,0.909515729,3449.0,4517.0
0.8888560257126505,0.07788959,0.869122471,0.911969983,3449.0,4517.0
0.8909611781735685,0.0,0.853409364,0.918795309,3449.0,4517.0
0.87637077756757,0.0,0.808847181,0.9264342640000001,3449.0,4517.0
0.8281359074227672,0.0,0.773303936,0.899798901,3449.0,4517.0
0.7866753167043044,0.0,0.758569124,0.877032522,3449.0,4517.0
0.743617276293064,0.0,0.704975644,0.862960634,3449.0,4517.0
0.6730574113950463,0.0,0.690424085,0.867040816,3449.0,4517.0
0.6408781652093376,0.0,0.7000591094999999,0.85315105,3449.0,4517.0
0.634406751073469,0.0,0.7266144585000001,0.8485414360000001,3449.0,4517.0
0.6748665295135672,0.0,0.738054629,0.853361351,3449.0,4517.0
0.7398569666625993,0.0,0.75361752,0.863974617,3449.0,4517.0
0.829790665502354,0.0,0.773505792,0.853807896,3449.0,4517.0
0.8654624863216638,0.0,0.781401811,0.853395077,3449.0,4517.0
0.8661867368003294,0.001632786,0.795283581,0.875670626,3449.0,4517.0
0.8594440392395037,0.026147736,0.815790347,0.901108498,3449.0,4517.0
0.8549267884791564,0.056559358,0.799524692,0.917929432,3449.0,4517.0
0.8447625307085361,0.092061345,0.813591559,0.915368467,3449.0,4517.0
0.8415020727484722,0.126627334,0.83685247,0.926929124,3449.0,4517.0
0.8394393250637657,0.124451511,0.8448821115,0.931180868,3449.0,4517.0
0.8419577012624565,0.093317591,0.840410291,0.918039786,3449.0,4517.0
0.8527804733614376,0.060058861,0.827539922,0.925897,3449.0,4517.0
0.8614769795005336,0.001126433,0.809082167,0.926403777,3449.0,4517.0
0.86201493332812,0.0,0.790711174,0.925937263,3449.0,4517.0
0.8445629271104195,0.0,0.771786096,0.921902375,3449.0,4517.0
0.8204924210992794,0.0,0.757445522,0.914979617,3449.0,4517.0
0.7785013283585291,0.0,0.731705128,0.910577101,3449.0,4517.0
0.7346305022666516,0.0,0.666706956,0.916286817,3449.0,4517.0
0.6698275593422996,0.0,0.642718244,0.913775296,3449.0,4517.0
0.6365674154595546,0.0,0.6242158584999999,0.890164944,3449.0,4517.0
0.6302608073044018,0.0,0.563842164,0.8486963375000001,3449.0,4517.0
0.6729879492914713,0.0,0.525058251,0.841200016,3449.0,4517.0
0.7383567905410717,0.0,0.517816457,0.828164539,3449.0,4517.0
0.8299639213676099,0.0,0.504137676,0.82830331,3449.0,4517.0
0.8770806122122554,0.001627226,0.492203857,0.831474307,3449.0,4517.0
0.8780822230248813,0.058789057,0.493755527,0.79346785,3449.0,4517.0
0.8737376958073625,0.110179802,0.4094479,0.744665447,3449.0,4517.0
0.8652784074444704,0.153894267,0.426622328,0.757081033,3449.0,4517.0
0.8592071763617914,0.1946678155,0.4568007395,0.7766809400000001,3449.0,4517.0
0.8608100374086771,0.182869535,0.43351295,0.790741089,3449.0,4517.0
0.8703613791567505,0.143718339,0.389354101,0.797486484,3449.0,4517.0
0.8895417749441709,0.068626321,0.336728824,0.772037366,3449.0,4517.0
0.8945336386302413,0.0,0.291644942,0.737687418,3449.0,4517.0
0.8844319233284633,0.0,0.25800036000000004,0.6915875385000001,3449.0,4517.0
0.8402914992630873,0.0,0.230461498,0.623583612,3449.0,4517.0
0.8065830679145752,0.0,0.212627317,0.569496519,3449.0,4517.0
0.7676040375991164,0.0,0.210019993,0.452295645,3449.0,4517.0
0.6637790830185784,0.0,0.198517807,0.38230738,3449.0,4517.0
0.6407830208265562,0.0,0.186472778,0.32013053,3449.0,4517.0
0.6189372963647214,0.0,0.1810906015,0.239394309,3449.0,4517.0
0.6227563781168097,0.0,0.1689748535,0.1720117215,3449.0,4517.0
0.6464868926891096,0.0,0.163406003,0.118238239,3449.0,4517.0
0.6653226840153622,0.0,0.163700173,0.095639259,3449.0,4517.0
0.702809256175806,0.0,0.162987007,0.083126669,3449.0,4517.0
0.7375789576288664,0.002705987,0.164149252,0.079843931,3449.0,4517.0
0.7566098724596537,0.037956289,0.164955464,0.085879668,3449.0,4517.0
0.751969133627663,0.084503673,0.163983927,0.09297893,3449.0,4517.0
0.7436864278920962,0.131105555,0.159072165,0.105571513,3449.0,4517.0
0.7390250633377559,0.142980195,0.163398837,0.120221927,3449.0,4517.0
0.735678642797478,0.153418102,0.170386479,0.161680319,3449.0,4517.0
0.7381640178404094,0.129431928,0.179117584,0.226425116,3449.0,4517.0
0.7434563958612179,0.087799058,0.193185006,0.285299508,3449.0,4517.0
0.7613243315696758,0.035190544,0.212940964,0.383588248,3449.0,4517.0
0.7657174732492944,0.0,0.242454414,0.479070558,3449.0,4517.0
0.7686977764357561,0.0,0.276531838,0.56414786,3449.0,4517.0
0.7559869319088098,0.0,0.314751744,0.652458143,3449.0,4517.0
0.7472043744016018,0.0,0.352810129,0.741066044,3449.0,4517.0
0.7397263372901994,0.0,0.395056801,0.793038838,3449.0,4517.0
0.714872675547543,0.0,0.396500166,0.814887631,3449.0,4517.0
0.6635776608377759,0.0,0.429063273,0.847613099,3449.0,4517.0
0.6409329453177184,0.0,0.473568252,0.88079978,3449.0,4517.0
0.6232761014704884,0.0,0.515832342,0.899062433,3449.0,4517.0
0.6219771257624986,0.0,0.5772857995,0.9041167514999999,3449.0,4517.0
0.6344272880585407,0.0,0.615859235,0.893226433,3449.0,4517.0
0.6517177484919813,0.0,0.631292196,0.885784961,3449.0,4517.0
0.6724906258994992,0.0,0.645615445,0.880420256,3449.0,4517.0
0.7082771522803256,0.0,0.658372129,0.878654559,3449.0,4517.0
0.7454507017438753,0.001879164,0.669531852,0.870323054,3449.0,4517.0
0.7659563765781975,0.032656041,0.672072455,0.865100629,3449.0,4517.0
0.7682117195902507,0.077438409,0.62010052,0.866913794,3449.0,4517.0
0.767944783077028,0.119253775,0.617019837,0.874710889,3449.0,4517.0
0.7660151043564923,0.151289783,0.616892815,0.867807981,3449.0,4517.0
0.7641167412390166,0.150038712,0.614874264,0.851556103,3449.0,4517.0
0.7663579789216322,0.122981606,0.613580746,0.838397285,3449.0,4517.0
0.7742282149584979,0.086170451,0.611165855,0.833474543,3449.0,4517.0
0.7959045426395738,0.043638995,0.605675291,0.831134357,3449.0,4517.0
0.800822686047613,0.001141051,0.6006672,0.833206497,3449.0,4517.0
0.7925228144829928,0.0,0.58504801,0.8351904075,3449.0,4517.0
0.7698918494445017,0.0,0.567507133,0.848420643,3449.0,4517.0
0.7363441654978489,0.0,0.515186012,0.833127674,3449.0,4517.0
0.6921382714940018,0.0,0.530726969,0.837490758,3449.0,4517.0
0.6676873210829635,0.0,0.5445375189999999,0.8431726205,3449.0,4517.0
0.662305188013678,0.0,0.529263891,0.821098623,3449.0,4517.0
0.7018491186257642,0.0,0.496612329,0.793556894,3449.0,4517.0
0.7872924023158908,0.0,0.477462598,0.799432163,3449.0,4517.0
0.8742015746102867,0.0,0.457437992,0.796873524,3449.0,4517.0
0.9265544882685832,0.001474774,0.42402265100000003,0.7488617285,3449.0,4517.0
0.9294378284389577,0.100109137,0.380434409,0.684797557,3449.0,4517.0
0.9229343002670081,0.185626971,0.297120835,0.636798996,3449.0,4517.0
0.912277775762513,0.26429279,0.250573318,0.603419399,3449.0,4517.0
0.9081402153629925,0.311767893,0.225548769,0.55220401,3449.0,4517.0
0.9051523715833337,0.287169094,0.21525517,0.517360778,3449.0,4517.0
0.9041285382835574,0.252875236,0.217986147,0.529062453,3449.0,4517.0
0.9076624087051864,0.187198596,0.232841759,0.552046341,3449.0,4517.0
0.9212950670095851,0.100571923,0.247606098,0.543631362,3449.0,4517.0
0.9256736598252367,0.001977801,0.262863419,0.554111987,3449.0,4517.0
0.9194615085794071,0.0,0.257397714,0.5442949935000001,3449.0,4517.0
0.8669852398794538,0.0,0.227650264,0.505086991,3449.0,4517.0
0.8350086578927175,0.0,0.208719549,0.434995507,3449.0,4517.0
0.7990564161385921,0.0,0.208083111,0.391516527,3449.0,4517.0
0.6967036044952619,0.0,0.210382299,0.386372043,3449.0,4517.0
0.6743056434018471,0.0,0.1976094575,0.3759060835,3449.0,4517.0
0.6702712115634544,0.0,0.16531149350000002,0.316492151,3449.0,4517.0
0.7166031942044913,0.0,0.14640373,0.322763677,3449.0,4517.0
0.8043488385027295,0.0,0.143453766,0.277063755,3449.0,4517.0
0.8868445538996996,0.0,0.148499226,0.300394795,3449.0,4517.0
0.9334433843673015,0.001444352,0.17587862599999998,0.28881086749999996,3449.0,4517.0
0.9351890729479219,0.09439928,0.204475199,0.321553743,3449.0,4517.0
0.928485675016642,0.172444517,0.223314714,0.405728344,3449.0,4517.0
0.9223009803399961,0.240249344,0.222478088,0.457914749,3449.0,4517.0
0.912187732381158,0.279754799,0.252957192,0.496206055,3449.0,4517.0
0.9084934693043005,0.292406242,0.288325288,0.538088341,3449.0,4517.0
0.9054913428218885,0.231204515,0.32594342,0.578153807,3449.0,4517.0
0.904480905155807,0.174396662,0.360992129,0.588745716,3449.0,4517.0
0.91252599392397,0.095512887,0.37312759,0.630538143,3449.0,4517.0
0.9120740470705466,0.000889458,0.43456655850000003,0.7334861374999999,3449.0,4517.0
0.8825456250892347,0.0,0.491648508,0.791098574,3449.0,4517.0
0.8408774466449291,0.0,0.501976652,0.794763919,3449.0,4517.0
0.8038181591071266,0.0,0.50017563,0.778608256,3449.0,4517.0
0.7598906456375247,0.0,0.482986675,0.747383662,3449.0,4517.0
0.6757428335706233,0.0,0.475794633,0.727954931,3449.0,4517.0
0.6443226798243102,0.0,0.44645309200000005,0.696328112,3449.0,4517.0
0.6397097080660458,0.0,0.40479632249999997,0.6832490485,3449.0,4517.0
0.6815258371159363,0.0,0.382417223,0.688268519,3449.0,4517.0
0.7486227130873853,0.0,0.356866457,0.6691922,3449.0,4517.0
0.8405406044936026,0.0,0.339129303,0.666824436,3449.0,4517.0
0.8897871542214163,0.0,0.320625219,0.623668871,3449.0,4517.0
0.9027181837255,0.003088481,0.301899797,0.534755742,3449.0,4517.0
0.9006014099714844,0.093483905,0.268847182,0.413370277,3449.0,4517.0
0.8966429604777174,0.191704363,0.237954694,0.275140609,3449.0,4517.0
0.8895062898533118,0.256345467,0.213175637,0.240831504,3449.0,4517.0
0.8839086957887794,0.318763997,0.199303858,0.250448219,3449.0,4517.0
0.8814059330989102,0.323010748,0.176424287,0.288401007,3449.0,4517.0
0.8812753479685989,0.283179008,0.164554635,0.376803466,3449.0,4517.0
0.8840538297830579,0.232657723,0.159551886,0.430685493,3449.0,4517.0
0.8993057609749439,0.153826142,0.175759037,0.475848282,3449.0,4517.0
0.9102888369412551,0.002886653,0.20286716,0.508674362,3449.0,4517.0
0.9004781880104343,0.0,0.23962193799999998,0.526702711,3449.0,4517.0
0.849908754534781,0.0,0.266032496,0.478188015,3449.0,4517.0
0.8173427653741473,0.0,0.276077075,0.478344515,3449.0,4517.0
0.7816499196412877,0.0,0.317979198,0.512446517,3449.0,4517.0
0.6884192576515652,0.0,0.322140424,0.530543003,3449.0,4517.0
0.6659143755287595,0.0,0.307636841,0.5426808035,3449.0,4517.0
0.6655087810708414,0.0,0.268974077,0.52508679,3449.0,4517.0
0.7076825997616726,0.0,0.240324804,0.480813514,3449.0,4517.0
0.7943975799639208,0.0,0.219463161,0.41945575,3449.0,4517.0
0.8791279683072657,0.0,0.201103076,0.361421124,3449.0,4517.0
0.9262962455282093,0.002205578,0.18995076249999998,0.304355386,3449.0,4517.0
0.9269725024526196,0.143882293,0.179570023,0.272127073,3449.0,4517.0
0.9231894380125772,0.259565849,0.160637648,0.251709362,3449.0,4517.0
0.9119557486363671,0.339608767,0.165513016,0.242972985,3449.0,4517.0
0.9060757820749668,0.38632696050000004,0.1795540605,0.26381634649999997,3449.0,4517.0
0.9041285382835574,0.333825822,0.194313486,0.273242917,3449.0,4517.0
0.9065730167296608,0.270273798,0.181754941,0.246483178,3449.0,4517.0
0.9195323456805182,0.152278109,0.183717859,0.21379166,3449.0,4517.0
0.9243720671015405,0.003840104,0.189731281,0.201416569,3449.0,4517.0
0.9095868533943092,0.0,0.2000402805,0.20037330250000002,3449.0,4517.0
0.8577577881835411,0.0,0.200503961,0.173205503,3449.0,4517.0
0.825402846540806,0.0,0.19970348,0.161480885,3449.0,4517.0
0.7820240210215897,0.0,0.185498022,0.16227044,3449.0,4517.0
0.6873048043046777,0.0,0.198688381,0.153861337,3449.0,4517.0
0.6623201360688451,0.0,0.2039522635,0.131274264,3449.0,4517.0
0.6561753399097858,0.0,0.196141137,0.115151314,3449.0,4517.0
0.6958447325297131,0.0,0.19010651,0.115551711,3449.0,4517.0
0.7743577355451953,0.0,0.186898523,0.110678205,3449.0,4517.0
0.8635019356338373,0.0,0.178490335,0.109517043,3449.0,4517.0
0.9153545983799127,0.0025109945,0.1604192075,0.120240155,3449.0,4517.0
0.918221171861814,0.10745475,0.139895546,0.130589632,3449.0,4517.0
0.9094316061850766,0.177549391,0.107887535,0.148791269,3449.0,4517.0
0.9063421863163824,0.243638321,0.113482562,0.148440671,3449.0,4517.0
0.9037425049537545,0.2464198285,0.1209820505,0.14899703450000001,3449.0,4517.0
0.9004575179953761,0.19537999,0.117438055,0.152867255,3449.0,4517.0
0.9057969580568125,0.153056767,0.113577863,0.161200827,3449.0,4517.0
0.9193344276351008,0.089410865,0.108571258,0.183941916,3449.0,4517.0
0.9223855235287246,0.003748389,0.111131263,0.229989666,3449.0,4517.0
0.9080092754354299,0.0,0.11986459799999999,0.316031992,3449.0,4517.0
0.8593260513604868,0.0,0.12797963,0.404840767,3449.0,4517.0
0.8268424763013531,0.0,0.132690746,0.471511776,3449.0,4517.0
0.7925420650559453,0.0,0.122901128,0.498335774,3449.0,4517.0
0.6690148179037511,0.0,0.146994463,0.4931482865,3449.0,4517.0
0.6428148965945923,0.0,0.199768147,0.531727381,3449.0,4517.0
0.6457102130577964,0.0,0.250737848,0.5784171315,3449.0,4517.0
0.6784770033901476,0.0,0.295683665,0.6077131984999999,3449.0,4517.0
0.7267519272541882,0.0,0.318834981,0.654938767,3449.0,4517.0
0.766488918899815,0.007236189,0.325282863,0.670213216,3449.0,4517.0
0.78567117761325,0.184728622,0.312764936,0.669413823,3449.0,4517.0
0.7877756203784252,0.342136385,0.231305875,0.62193355,3449.0,4517.0
0.7811531284705023,0.4580604,0.22910005,0.598353119,3449.0,4517.0
0.7745141359846999,0.514230267,0.248620394,0.585448529,3449.0,4517.0
0.7682796735144417,0.519146225,0.258131805,0.541654147,3449.0,4517.0
0.7670678580108868,0.439173367,0.267418381,0.542405692,3449.0,4517.0
0.7772767382303644,0.320932861,0.269322059,0.532978282,3449.0,4517.0
0.8010432258726217,0.151900114,0.295152305,0.531059956,3449.0,4517.0
0.8102917911687418,0.002172544,0.317628157,0.564151522,3449.0,4517.0
0.8038064490767509,0.0,0.3312111405,0.5871636855,3449.0,4517.0
0.785660798237082,0.0,0.320701598,0.548719803,3449.0,4517.0
0.7719504276414093,0.0,0.300929672,0.470480227,3449.0,4517.0
0.7464221058403839,0.0,0.295063014,0.413156496,3449.0,4517.0
0.6790578054272342,0.0,0.26094613099999997,0.380691315,3449.0,4517.0
0.6576452650224877,0.0,0.234850422,0.313496925,3449.0,4517.0
0.657336456106101,0.0,0.2235567415,0.26278581450000005,3449.0,4517.0
0.6764191126666981,0.0,0.20788897750000002,0.24755238,3449.0,4517.0
0.7034211964426372,0.0,0.199333265,0.241638165,3449.0,4517.0
0.7371714114570355,0.0,0.197282486,0.237071515,3449.0,4517.0
0.777171347602642,0.00334396,0.19109507,0.217027293,3449.0,4517.0
0.7926398265050534,0.119459974,0.171791204,0.187413022,3449.0,4517.0
0.7879625380385895,0.248079958,0.119436642,0.113433314,3449.0,4517.0
0.7778376686854133,0.358534285,0.105956147,0.081459688,3449.0,4517.0
0.767315277688703,0.430697012,0.109816982,0.064829699,3449.0,4517.0
0.7605868628306304,0.457960219,0.102470724,0.056414872,3449.0,4517.0
0.7612007548113745,0.39777167,0.094444534,0.055386076,3449.0,4517.0
0.7704258998442625,0.303539608,0.083164911,0.05571549,3449.0,4517.0
0.799186823895588,0.170287713,0.081711263,0.058150059,3449.0,4517.0
0.811154699592103,0.004275036,0.088221306,0.067800293,3449.0,4517.0
0.8058047026799426,0.0,0.100386805,0.0981822155,3449.0,4517.0
0.7866694616638064,0.0,0.121817019,0.171988854,3449.0,4517.0
0.7757118462600574,0.0,0.137375461,0.239172473,3449.0,4517.0
0.7505020030052238,0.0,0.173221825,0.347927956,3449.0,4517.0
0.6967108124122521,0.0,0.2076856775,0.487685312,3449.0,4517.0
0.67193053827142,0.0,0.241485792,0.5947378480000001,3449.0,4517.0
0.6716981553354289,0.0,0.27134319,0.651478031,3449.0,4517.0
0.7112545279971586,0.0,0.299749046,0.70717504,3449.0,4517.0
0.7980993835327349,0.0,0.330303345,0.751055762,3449.0,4517.0
0.88333295030855,0.0,0.361660039,0.793437396,3449.0,4517.0
0.926223234996541,0.0025012705,0.4322536435,0.835560919,3449.0,4517.0
0.9231965350712451,0.069241632,0.510713065,0.859782093,3449.0,4517.0
0.9094769383296762,0.118470648,0.54434975,0.870662346,3449.0,4517.0
0.9056387832767105,0.155038417,0.596851602,0.876738645,3449.0,4517.0
0.8988527052345776,0.159037315,0.6752745885,0.8766015105,3449.0,4517.0
0.8957993914152071,0.126241456,0.706054181,0.878543754,3449.0,4517.0
0.8929662626235944,0.090402267,0.723121688,0.878856999,3449.0,4517.0
0.8971006293922723,0.05524207,0.742318197,0.885967313,3449.0,4517.0
0.8939659660656362,0.003055053,0.760546497,0.899471465,3449.0,4517.0
0.8762441401577928,0.0,0.784117629,0.9091063525,3449.0,4517.0
0.830535674733356,0.0,0.795341836,0.906894047,3449.0,4517.0
0.7930053228497846,0.0,0.801689713,0.908154218,3449.0,4517.0
0.755309078118358,0.0,0.788714002,0.914868773,3449.0,4517.0
0.6733524697792461,0.0,0.795882143,0.913624377,3449.0,4517.0
0.6409678315711568,0.0,0.8060288895000001,0.9110275155,3449.0,4517.0
0.6353947887778438,0.0,0.821959007,0.919339436,3449.0,4517.0
0.6780067817194878,0.0,0.836826956,0.924873267,3449.0,4517.0
0.7441185474561905,0.0,0.843377175,0.927102345,3449.0,4517.0
0.8340628030454289,0.0,0.851505878,0.927825937,3449.0,4517.0
0.8923030020910584,0.001038052,0.8618076525,0.930554297,3449.0,4517.0
0.8964184286394659,0.055946258,0.859848673,0.93403603,3449.0,4517.0
0.8863117454168684,0.10293282,0.815226132,0.933115493,3449.0,4517.0
0.8831643962535204,0.15437897,0.823067325,0.931832858,3449.0,4517.0
0.8778444729262501,0.179308892,0.842195428,0.933609809,3449.0,4517.0
0.8777673815934408,0.21965817999999998,0.8488932485,0.9340407755,3449.0,4517.0
0.8840538297830579,0.138979498,0.848515494,0.933520416,3449.0,4517.0
0.8997714139159846,0.0837729,0.850100417,0.932065186,3449.0,4517.0
0.9075240169217047,0.003025693,0.848175132,0.932344234,3449.0,4517.0
0.8924150018489705,0.0,0.8486791025,0.9341378124999999,3449.0,4517.0
0.8418744886773154,0.0,0.851451695,0.933354655,3449.0,4517.0
0.8052093517788892,0.0,0.857515059,0.931204864,3449.0,4517.0
0.7707556450381614,0.0,0.85143395,0.935065542,3449.0,4517.0
0.6713117228144257,0.0,0.873811142,0.934836495,3449.0,4517.0
0.6540181796590852,0.0,0.889456841,0.929903107,3449.0,4517.0
0.6581547420299848,0.0,0.894091311,0.935215979,3449.0,4517.0
0.6968938932608247,0.0,0.89075813,0.932848802,3449.0,4517.0
0.7815439965898976,0.0,0.889374499,0.936187386,3449.0,4517.0
0.8723551083736516,0.0,0.88238517,0.936431465,3449.0,4517.0
0.9237624333964936,0.0032821735,0.863723463,0.9372012665,3449.0,4517.0
0.9254891374135144,0.194786097,0.84443271,0.936796341,3449.0,4517.0
0.9123650690475548,0.362699331,0.747300485,0.935958484,3449.0,4517.0
0.9064554724864137,0.486072943,0.797925985,0.934583031,3449.0,4517.0
0.9012875583435846,0.5336137295000001,0.82867718,0.9345135035000001,3449.0,4517.0
0.8979457952195837,0.455962706,0.806301706,0.931669131,3449.0,4517.0
0.9020860170287598,0.353779781,0.765609024,0.928696221,3449.0,4517.0
0.9188106678236099,0.241416614,0.726586881,0.926650587,3449.0,4517.0
0.9256736598252367,0.009455003,0.680429961,0.912550733,3449.0,4517.0
0.9159388158657265,0.0,0.6313699985,0.894017277,3449.0,4517.0
0.8608103035698909,0.0,0.606234391,0.886523971,3449.0,4517.0
0.8269865457520174,0.0,0.617537601,0.902232602,3449.0,4517.0
0.7850130181327608,0.0,0.653835708,0.923082238,3449.0,4517.0
0.6884192576515652,0.0,0.652404298,0.918148129,3449.0,4517.0
0.6627926864729536,0.0,0.67456381,0.875549201,3449.0,4517.0
0.651392971269522,0.0,0.7075025215,0.7243172634999999,3449.0,4517.0
0.6833917757434087,0.0,0.731973378,0.694891744,3449.0,4517.0
0.7442871459557896,0.0,0.744089397,0.680477207,3449.0,4517.0
0.8328451325013762,0.0,0.747651267,0.707988696,3449.0,4517.0
0.8785316415492559,0.0,0.75229153,0.79338313,3449.0,4517.0
0.8864521777021612,0.005430518,0.756918866,0.892086087,3449.0,4517.0
0.8850752678343923,0.05441268,0.751083151,0.911037199,3449.0,4517.0
0.8832516895385621,0.102424001,0.711653368,0.907328751,3449.0,4517.0
0.8822105572785056,0.149628051,0.713739514,0.899699936,3449.0,4517.0
0.8804054755671764,0.168685394,0.7179514929999999,0.901182098,3449.0,4517.0
0.878871588644767,0.166126638,0.719026524,0.898251019,3449.0,4517.0
0.8840538297830579,0.128523765,0.715400959,0.897493153,3449.0,4517.0
0.8951846124666453,0.082015428,0.708277665,0.900075606,3449.0,4517.0
0.9029524740320751,0.006669662,0.708492836,0.90687517,3449.0,4517.0
0.891751741367055,0.0,0.7118700185,0.9131800084999999,3449.0,4517.0
0.843013204911924,0.0,0.721451358,0.914336822,3449.0,4517.0
0.8116773947587392,0.0,0.72322887,0.910254093,3449.0,4517.0
0.7707556450381614,0.0,0.666016641,0.891407324,3449.0,4517.0
0.6804355580713526,0.0,0.646906165,0.877228704,3449.0,4517.0
0.6604997735755217,0.0,0.618913925,0.864454665,3449.0,4517.0
0.6517790267709893,0.0,0.5842332729999999,0.8506361405,3449.0,4517.0
0.6585331904738819,0.0,0.553519863,0.816476735,3449.0,4517.0
0.6999499571258881,0.0,0.53201541,0.818959626,3449.0,4517.0
0.783669819116494,0.0,0.495779055,0.817289399,3449.0,4517.0
0.8797517960284083,0.0,0.461406896,0.790696449,3449.0,4517.0
0.9275694502197145,0.003908677,0.4212816185,0.735746054,3449.0,4517.0
0.925486387317201,0.168912143,0.395061065,0.674358671,3449.0,4517.0
0.9123650690475548,0.298614048,0.351390246,0.523354714,3449.0,4517.0
0.9064554724864137,0.379774779,0.403508264,0.549393659,3449.0,4517.0
0.9040785043287314,0.435963473,0.446043526,0.678952311,3449.0,4517.0
0.8981826581479163,0.410393819,0.462988959,0.75649855,3449.0,4517.0
0.9020814040064319,0.403006355,0.469581912,0.796465217,3449.0,4517.0
0.905796159674412,0.32561002,0.46142905,0.83255734,3449.0,4517.0
0.9223221826268615,0.214376387,0.462214945,0.850608419,3449.0,4517.0
0.9349458226566643,0.012016443,0.456975612,0.871627918,3449.0,4517.0
0.9202000418114462,0.0,0.461382937,0.870703298,3449.0,4517.0
0.8669931353205222,0.0,0.464327294,0.859629806,3449.0,4517.0
0.8325875108207075,0.0,0.466236175,0.852690317,3449.0,4517.0
0.7977793081205018,0.0,0.484336901,0.8370395,3449.0,4517.0
0.6810348567435606,0.0,0.480006585,0.825003496,3449.0,4517.0
0.6617437918524354,0.0,0.468801641,0.839306435,3449.0,4517.0
0.6444142535060932,0.0,0.4877534075,0.850457019,3449.0,4517.0
0.6462495197112548,0.0,0.521769762,0.837402567,3449.0,4517.0
0.6753156375840195,0.0,0.5619601165,0.8015774314999999,3449.0,4517.0
0.7163710330863848,0.0,0.605743788,0.795965951,3449.0,4517.0
0.751916793111053,0.004040539,0.643134501,0.800039031,3449.0,4517.0
0.7728795157496046,0.028962157,0.691059659,0.765962542,3449.0,4517.0
0.7779170665293865,0.04131642,0.680731872,0.713888827,3449.0,4517.0
0.7771188296114759,0.049944763,0.717965001,0.685613484,3449.0,4517.0
0.7755773578031608,0.04946094,0.737223563,0.693990816,3449.0,4517.0
0.7682796735144417,0.047468083,0.746247285,0.727982015,3449.0,4517.0
0.7647318751366904,0.040719543,0.762896341,0.772647824,3449.0,4517.0
0.7683302397916949,0.025866817,0.773849485,0.784003678,3449.0,4517.0
0.7834788206551886,0.015946318,0.782045928,0.797099824,3449.0,4517.0
0.7827025845077842,0.001298831,0.781761593,0.818760659,3449.0,4517.0
0.7680598877791247,0.0,0.773420735,0.8363756309999999,3449.0,4517.0
0.7451128837355925,0.0,0.771217243,0.866490119,3449.0,4517.0
0.7289753336540964,0.0,0.770013853,0.85895833,3449.0,4517.0
0.7077905187690641,0.0,0.727925104,0.819302824,3449.0,4517.0
0.6599769009343295,0.0,0.712884159,0.773410343,3449.0,4517.0
0.6275624995952722,0.0,0.6850186604999999,0.7265873305,3449.0,4517.0
0.6177043228163897,0.0,0.6076606335,0.620234579,3449.0,4517.0
0.6391214541730401,0.0,0.527934108,0.498938581,3449.0,4517.0
0.6722695538533037,0.0,0.483039947,0.466325252,3449.0,4517.0
0.7081700760999041,0.0,0.453477828,0.477966336,3449.0,4517.0
0.745267421350323,0.006456275,0.431833264,0.516374372,3449.0,4517.0
0.7678137544121875,0.040600937,0.416645379,0.579126125,3449.0,4517.0
0.7684665024879485,0.066042391,0.382400431,0.619657874,3449.0,4517.0
0.7676492810570584,0.082521447,0.420093671,0.665753859,3449.0,4517.0
0.7655406688040846,0.085993468,0.456193636,0.750470071,3449.0,4517.0
0.7673287620090556,0.081498072,0.49769087,0.799658639,3449.0,4517.0
0.7700429271659357,0.070273593,0.531454625,0.824879421,3449.0,4517.0
0.7778921382892516,0.04808359,0.554349304,0.874193047,3449.0,4517.0
0.7970075076221098,0.023125443,0.586782835,0.903559579,3449.0,4517.0
0.7992041228558682,0.001725785,0.61645863,0.914300229,3449.0,4517.0
0.7927690809305371,0.0,0.64519551,0.919034201,3449.0,4517.0
0.7721860485515718,0.0,0.669529177,0.924954853,3449.0,4517.0
0.754616320616068,0.0,0.687270661,0.925959333,3449.0,4517.0
0.7316655463265573,0.0,0.707032895,0.922312391,3449.0,4517.0
0.704494797536026,0.0,0.691221688,0.910291967,3449.0,4517.0
0.6587651298247237,0.0,0.7057702375,0.9252156665,3449.0,4517.0
0.6287198233739446,0.0,0.734812186,0.9279272335,3449.0,4517.0
0.633185576343411,0.0,0.743165797,0.922783478,3449.0,4517.0
0.6730560806902183,0.0,0.736183274,0.91520421,3449.0,4517.0
0.7374818171888434,0.0,0.723598183,0.887656312,3449.0,4517.0
0.8285088556740378,0.0,0.711565993,0.833587328,3449.0,4517.0
0.8712560023743718,0.0024854985,0.7007344499999999,0.7305842954999999,3449.0,4517.0
0.873798552774126,0.030296165,0.703148067,0.726878059,3449.0,4517.0
0.8675314439959799,0.060895834,0.647183987,0.788438759,3449.0,4517.0
0.8646824355343319,0.097359832,0.663723397,0.771471539,3449.0,4517.0
0.8606229423751973,0.13339175,0.701799118,0.810153997,3449.0,4517.0
0.8559688079095117,0.149213117,0.729835824,0.815764363,3449.0,4517.0
0.861406364166687,0.15812177,0.715409195,0.792643867,3449.0,4517.0
0.8651429432318578,0.149481265,0.683421751,0.804609102,3449.0,4517.0
0.8832475200507633,0.111969553,0.633592148,0.844124631,3449.0,4517.0
0.8934738767050768,0.012417377,0.588520363,0.801391878,3449.0,4517.0
0.8891148007248316,0.0,0.540656542,0.69243712,3449.0,4517.0
0.8650202535426148,0.0,0.487235961,0.554972644,3449.0,4517.0
0.8281359074227672,0.0,0.448780539,0.482959934,3449.0,4517.0
0.7856422572586317,0.0,0.414287953,0.456219938,3449.0,4517.0
0.7426402389739422,0.0,0.33258912,0.412532318,3449.0,4517.0
0.6726149124547837,0.0,0.333236077,0.448796516,3449.0,4517.0
0.6406006053810178,0.0,0.3178279265,0.5266401700000001,3449.0,4517.0
0.6354557122089803,0.0,0.29507822250000004,0.649730983,3449.0,4517.0
0.6783291636935052,0.0,0.289425373,0.699876756,3449.0,4517.0
0.7441185474561905,0.0,0.2880704,0.739344226,3449.0,4517.0
0.8359286086429148,0.0,0.291260762,0.770806558,3449.0,4517.0
0.8879068885478619,0.0,0.295127767,0.785143914,3449.0,4517.0
0.9006879935607834,0.010837763,0.305608593,0.798691336,3449.0,4517.0
0.8933349525991678,0.123252687,0.31197768,0.805280814,3449.0,4517.0
0.8845648149699387,0.207990241,0.313863844,0.789975935,3449.0,4517.0
0.8806509879250289,0.245333281,0.336964686,0.806474263,3449.0,4517.0
0.8782108564412799,0.254030448,0.358329647,0.807129702,3449.0,4517.0
0.8750099247431518,0.247121342,0.368109596,0.821499168,3449.0,4517.0
0.873602054120194,0.213910928,0.346718404,0.831913509,3449.0,4517.0
0.8738683696243317,0.173211639,0.343374181,0.829912848,3449.0,4517.0
0.8854418287227376,0.104304954,0.348875342,0.821155596,3449.0,4517.0
0.8841975443858507,0.010916189,0.36195657,0.820661004,3449.0,4517.0
0.8783224569573717,0.0,0.370698584,0.817244749,3449.0,4517.0
0.8531216624751188,0.0,0.371970551,0.810300336,3449.0,4517.0
0.8206197238108504,0.0,0.369129078,0.802335358,3449.0,4517.0
0.7772733672262064,0.0,0.364813987,0.797503357,3449.0,4517.0
0.7323973373984202,0.0,0.377332242,0.794244216,3449.0,4517.0
0.6562636090517839,0.0,0.3851995915,0.7898922855,3449.0,4517.0
0.6283167350227906,0.0,0.3852113275,0.7769597685,3449.0,4517.0
0.6333626469498347,0.0,0.392996995,0.772392992,3449.0,4517.0
0.673446815779627,0.0,0.400404083,0.771795462,3449.0,4517.0
0.7383567905410717,0.0,0.415843844,0.775327527,3449.0,4517.0
0.8302698027637475,0.0,0.442892469,0.782089781,3449.0,4517.0
0.8766892561643822,0.0089987425,0.485330125,0.787447174,3449.0,4517.0
0.8720362749795886,0.20073127,0.498262437,0.779114662,3449.0,4517.0
0.8627173605108354,0.343507263,0.423078965,0.78346318,3449.0,4517.0
0.8543675435768067,0.468455347,0.430047395,0.808508209,3449.0,4517.0
0.8447934026758267,0.547280134,0.461625894,0.842896733,3449.0,4517.0
0.8411146644211329,0.565955212,0.491391109,0.873187427,3449.0,4517.0
0.841379116999256,0.490965712,0.515191631,0.869592276,3449.0,4517.0
0.8455097578146644,0.36562378,0.553512347,0.866325461,3449.0,4517.0
0.8602295015328043,0.199539245,0.590794627,0.8507461,3449.0,4517.0
0.8660968708935303,0.025259034,0.61627852,0.840545593,3449.0,4517.0
0.8547533551393449,0.0,0.6421813080000001,0.8092427609999999,3449.0,4517.0
0.8141460918504755,0.0,0.646520049,0.743443761,3449.0,4517.0
0.7774007586244351,0.0,0.640345561,0.763464519,3449.0,4517.0
0.7368524005884165,0.0,0.623600207,0.802600741,3449.0,4517.0
0.6712421720748135,0.0,0.617069324,0.808884148,3449.0,4517.0
0.6464082932275369,0.0,0.609698352,0.823818324,3449.0,4517.0
0.6309500163279781,0.0,0.5977824085,0.8214304539999999,3449.0,4517.0
0.6353464847696663,0.0,0.560475809,0.735502356,3449.0,4517.0
0.675222178703317,0.0,0.525125694,0.682519295,3449.0,4517.0
0.7404735642950873,0.0,0.504177693,0.669438185,3449.0,4517.0
0.8321960216922273,0.0,0.498220936,0.656962393,3449.0,4517.0
0.8774379026113758,0.0,0.486311314,0.622791502,3449.0,4517.0
0.8867431552852202,0.010843454,0.470784147,0.607096577,3449.0,4517.0
0.8818700778605671,0.074179722,0.442049495,0.589314077,3449.0,4517.0
0.8780218095926469,0.144974986,0.381778603,0.538619962,3449.0,4517.0
0.8738548853039789,0.172869521,0.389464612,0.549391777,3449.0,4517.0
0.8737649306092816,0.164103315,0.393512604,0.57634752,3449.0,4517.0
0.8729677583362255,0.13718983,0.397369722,0.590082707,3449.0,4517.0
0.875083024012098,0.109144506,0.373267703,0.628462921,3449.0,4517.0
0.8787889083820531,0.08111496,0.352583961,0.638136773,3449.0,4517.0
0.889970345928311,0.046666859,0.340895164,0.626109321,3449.0,4517.0
0.8934738767050768,0.008663335,0.329607541,0.671960174,3449.0,4517.0
0.8769007028734812,0.0,0.325573703,0.6990735674999999,3449.0,4517.0
0.8304087268696565,0.0,0.33024113,0.68290496,3449.0,4517.0
0.7895067600444585,0.0,0.333527035,0.67108136,3449.0,4517.0
0.7500068087004798,0.0,0.343126275,0.667018269,3449.0,4517.0
0.6733593006767006,0.0,0.330847022,0.664642227,3449.0,4517.0
0.6496544684848476,0.0,0.306899192,0.666385574,3449.0,4517.0
0.63986222740125,0.0,0.28131079849999996,0.6555328524999999,3449.0,4517.0
0.6480509863782565,0.0,0.2570493,0.600342771,3449.0,4517.0
0.6866877187943315,0.0,0.252029176,0.549347694,3449.0,4517.0
0.7681148453114414,0.0,0.244597405,0.50058874,3449.0,4517.0
0.8652463821456674,0.0,0.238917598,0.454175777,3449.0,4517.0
0.9166126331983661,0.0,0.229901071,0.439452975,3449.0,4517.0
0.9343176480744073,0.006923053,0.229523784,0.444131455,3449.0,4517.0
0.9315092700483735,0.103048434,0.215726194,0.408019355,3449.0,4517.0
0.9229468088316449,0.202256998,0.195029207,0.344863577,3449.0,4517.0
0.91770167032602,0.256008255,0.203861311,0.310267075,3449.0,4517.0
0.9111065019066742,0.308689085,0.207128969,0.325550832,3449.0,4517.0
0.9056048063652352,0.309852749,0.207436387,0.376380554,3449.0,4517.0
0.905689260867306,0.25911242,0.209990322,0.445944543,3449.0,4517.0
0.9083658117448582,0.21391,0.217186567,0.479784143,3449.0,4517.0
0.9223416994622681,0.141360033,0.214438004,0.474591215,3449.0,4517.0
0.9256736598252367,0.033095622,0.22413805,0.449484087,3449.0,4517.0
0.9298615203407968,0.0,0.237311109,0.443734202,3449.0,4517.0
0.9043716111002592,0.0,0.261124743,0.424914299,3449.0,4517.0
0.8662985147909771,0.0,0.285296399,0.403733702,3449.0,4517.0
0.833011557570418,0.0,0.296826697,0.352500791,3449.0,4517.0
0.7916879392439514,0.0,0.23488624,0.287830732,3449.0,4517.0
0.6766517839355674,0.0,0.239305191,0.250707797,3449.0,4517.0
0.6569718468810483,0.0,0.232679313,0.221490493,3449.0,4517.0
0.6429968019906083,0.0,0.228496321,0.217695049,3449.0,4517.0
0.6371473303769628,0.0,0.222448437,0.2219201275,3449.0,4517.0
0.6508425089785393,0.0,0.21786673,0.2289101515,3449.0,4517.0
0.6795856903325747,0.0,0.201444542,0.246539228,3449.0,4517.0
0.7161101289869756,0.0,0.195644544,0.326374998,3449.0,4517.0
0.7548334893356784,0.012401381,0.189997484,0.380843149,3449.0,4517.0
0.7767586560860559,0.155102821,0.171806773,0.455094139,3449.0,4517.0
0.7833548002611179,0.263310819,0.1232808,0.528080365,3449.0,4517.0
0.7796919415752187,0.356115064,0.113991704,0.569920499,3449.0,4517.0
0.7743100968388114,0.404998202,0.122975765,0.607906088,3449.0,4517.0
0.7682796735144417,0.39940584,0.130054779,0.623927518,3449.0,4517.0
0.7697472477726506,0.381759462,0.128746538,0.622931479,3449.0,4517.0
0.7762799623591916,0.291520212,0.129107389,0.618448886,3449.0,4517.0
0.7947428497775026,0.182761029,0.141039155,0.618430049,3449.0,4517.0
0.7977080718788105,0.024859511,0.165543595,0.623118331,3449.0,4517.0
0.7951960829418047,0.0,0.183675477,0.628290316,3449.0,4517.0
0.7837102720775523,0.0,0.203774854,0.634032254,3449.0,4517.0
0.7705115963645032,0.0,0.2280108,0.635614265,3449.0,4517.0
0.7565614353708694,0.0,0.24611411,0.632059747,3449.0,4517.0
0.7317949781253564,0.0,0.246203817,0.630749807,3449.0,4517.0
0.6618614913985742,0.0,0.25037262,0.631871973,3449.0,4517.0
0.6298748627624973,0.0,0.24459616750000002,0.6012785645000001,3449.0,4517.0
0.630788093422942,0.0,0.2324839005,0.537792606,3449.0,4517.0
0.6591335979824124,0.0,0.21680772799999998,0.493576528,3449.0,4517.0
0.7055212034575596,0.0,0.206812924,0.463733501,3449.0,4517.0
0.7405786001761787,0.019996717,0.197862766,0.457491822,3449.0,4517.0
0.7582625901386701,0.109185604,0.187493912,0.460894384,3449.0,4517.0
0.7527647091359181,0.174359645,0.13959384,0.453736571,3449.0,4517.0
0.7425474898396027,0.240941783,0.138458426,0.459810065,3449.0,4517.0
0.7372296957008012,0.297124541,0.13356743,0.456266373,3449.0,4517.0
0.7334791000940908,0.308955782,0.138702839,0.462701365,3449.0,4517.0
0.7337845379556994,0.292048482,0.136232459,0.464834905,3449.0,4517.0
0.7373899552248027,0.239798581,0.129342975,0.468279157,3449.0,4517.0
0.7533039049816747,0.159491702,0.133189074,0.464782089,3449.0,4517.0
0.7576605857134778,0.042732334,0.149133595,0.461953886,3449.0,4517.0
0.7485437144346121,0.0,0.164999644,0.463281942,3449.0,4517.0
0.7286462539138516,0.0,0.171545264,0.472642273,3449.0,4517.0
0.7159342117120642,0.0,0.173259674,0.486193312,3449.0,4517.0
0.69525306313736,0.0,0.166601552,0.49601365,3449.0,4517.0
0.6598451182304172,0.0,0.17952289,0.5241107389999999,3449.0,4517.0
0.6315288888734365,0.0,0.1745717755,0.5365458865,3449.0,4517.0
0.6360764571576029,0.0,0.169705991,0.532505814,3449.0,4517.0
0.675421072605691,0.0,0.170740628,0.527517775,3449.0,4517.0
0.7405605915201559,0.0,0.168950384,0.528818399,3449.0,4517.0
0.8322865973960096,0.0,0.167885498,0.537259511,3449.0,4517.0
0.8853540031152686,0.009442543,0.17022091550000001,0.5517663525000001,3449.0,4517.0
0.8853600356303224,0.092085593,0.173456727,0.560000392,3449.0,4517.0
0.883295690978334,0.155348209,0.15592172,0.539764539,3449.0,4517.0
0.8794228493181502,0.214693361,0.184844071,0.545974006,3449.0,4517.0
0.8767751743506469,0.2612973505,0.216024803,0.555433986,3449.0,4517.0
0.8744215820116277,0.243268907,0.219554155,0.548270482,3449.0,4517.0
0.8781343860669355,0.207288697,0.205989224,0.543035088,3449.0,4517.0
0.8888560257126505,0.133764286,0.205665209,0.539298336,3449.0,4517.0
0.8914585902521985,0.037723886,0.206080397,0.539188475,3449.0,4517.0
0.8762441401577928,0.0,0.20750971499999998,0.514904763,3449.0,4517.0
0.8288664565777004,0.0,0.189790252,0.419241851,3449.0,4517.0
0.789165304870804,0.0,0.166950899,0.315316718,3449.0,4517.0
0.7500213575644468,0.0,0.133117645,0.224581813,3449.0,4517.0
0.6741307019838921,0.0,0.13069805,0.168748488,3449.0,4517.0
0.6529180312878557,0.0,0.119129027,0.132706984,3449.0,4517.0
0.6430764216018461,0.0,0.0939044125,0.09226101149999999,3449.0,4517.0
0.6501888737324798,0.0,0.076615824,0.077366354,3449.0,4517.0
0.6918507536017584,0.0,0.06945997,0.073024855,3449.0,4517.0
0.7718681023278073,0.0,0.063197726,0.069254299,3449.0,4517.0
0.8635019356338373,0.0,0.057857319,0.067576604,3449.0,4517.0
0.9151888830572339,0.0084700285,0.0581170925,0.0779166905,3449.0,4517.0
0.9114491990984986,0.080240259,0.052329234,0.103633626,3449.0,4517.0
0.9034081911314767,0.128278807,0.045694169,0.101641256,3449.0,4517.0
0.8905829958908852,0.188290062,0.052060067,0.109903195,3449.0,4517.0
0.8839086957887794,0.22710377,0.060931898,0.125317021,3449.0,4517.0
0.8813234302095119,0.247598982,0.073834434,0.153635411,3449.0,4517.0
0.8778192785249015,0.220064813,0.083697395,0.201294209,3449.0,4517.0
0.8798837117623071,0.18299742,0.086912695,0.229188821,3449.0,4517.0
0.8915658439071759,0.121021075,0.093810273,0.239563568,3449.0,4517.0
0.8965339325833831,0.027252764,0.103493221,0.25432844,3449.0,4517.0
0.8948728760300096,0.0,0.119276797,0.317502477,3449.0,4517.0
0.8757015289139295,0.0,0.137766784,0.408300087,3449.0,4517.0
0.8389793496886672,0.0,0.158676366,0.495302732,3449.0,4517.0
0.7993892662766757,0.0,0.178127609,0.563428666,3449.0,4517.0
0.745843166729312,0.0,0.202928308,0.599558449,3449.0,4517.0
0.6730679681445296,0.0,0.219871055,0.622246793,3449.0,4517.0
0.6473744632926326,0.0,0.23433346,0.640378888,3449.0,4517.0
0.6319714543793125,0.0,0.268239136,0.672708906,3449.0,4517.0
0.6378362510170408,0.0,0.308336284,0.697554423,3449.0,4517.0
0.6780067817194878,0.0,0.343578137,0.713569665,3449.0,4517.0
0.7452087821574453,0.0,0.37056329,0.726844048,3449.0,4517.0
0.8366395521745432,0.0,0.40102092,0.740821963,3449.0,4517.0
0.8888365089784844,0.0,0.423701352,0.748770112,3449.0,4517.0
0.9019336972891557,0.027249929,0.447338065,0.756604446,3449.0,4517.0
0.8986162858913944,0.113298867,0.456232705,0.766907348,3449.0,4517.0
0.8922130917903102,0.184027192,0.433122737,0.774555644,3449.0,4517.0
0.8848694543479063,0.253198098,0.483012687,0.794490638,3449.0,4517.0
0.8835664422327246,0.264847054,0.523539261,0.816103252,3449.0,4517.0
0.8814059330989102,0.271918854,0.559619684,0.828702739,3449.0,4517.0
0.8819777751513141,0.25763924,0.582610176,0.837740308,3449.0,4517.0
0.8845458304569594,0.214664654,0.593335517,0.845527555,3449.0,4517.0
0.8982070541668644,0.148045999,0.596572186,0.851766459,3449.0,4517.0
0.9096682029521954,0.045022177,0.590657047,0.859812968,3449.0,4517.0
0.893813690669361,0.0,0.5895684365,0.860238089,3449.0,4517.0
0.8463944008473182,0.0,0.589178112,0.861136632,3449.0,4517.0
0.8159490887672849,0.0,0.585271062,0.858302174,3449.0,4517.0
0.7593232391328928,0.0,0.540456297,0.831486395,3449.0,4517.0
0.7299002522744928,0.0,0.491581943,0.809200199,3328.0,4359.0
0.7345700223700442,0.0,0.491099481,0.864648204,3328.0,4359.0
0.7827636188478632,0.0,0.478229582,0.869411605,3328.0,4359.0
0.8716193252885459,0.0,0.469774167,0.875583587,3328.0,4359.0
0.9342703641146541,0.0,0.453164348,0.871020685,3328.0,4359.0
0.9626397545929302,0.0069925365,0.416495853,0.8608927555,3328.0,4359.0
0.9581525330741443,0.156269014,0.388218369,0.776812204,3328.0,4359.0
0.9521259244909427,0.284412103,0.287261698,0.702520445,3328.0,4359.0
0.9396990491750451,0.384480872,0.308394635,0.678491126,3328.0,4359.0
0.9363805732336696,0.415007711,0.315884003,0.665417347,3328.0,4359.0
0.9341239882034463,0.450950211,0.306926345,0.656481611,3328.0,4359.0
0.9338567855290101,0.427990167,0.289085019,0.653042976,3328.0,4359.0
0.9375458145744546,0.356240506,0.276717418,0.663285884,3328.0,4359.0
0.9541709296808398,0.252462218,0.253130742,0.662580986,3328.0,4359.0
0.9677445052578317,0.071590256,0.227676591,0.677145755,3328.0,4359.0
0.9592077706636386,0.0,0.22898529750000002,0.712394702,3328.0,4359.0
0.9114381987132454,0.0,0.232277545,0.740659449,3328.0,4359.0
0.8817137661077202,0.0,0.240627013,0.754595784,3328.0,4359.0
0.8454036573899588,0.0,0.240630904,0.743199083,3328.0,4359.0
0.759824820800562,0.0,0.244706567,0.705072014,3328.0,4359.0
0.7476089043665259,0.0,0.2550600165,0.6813172620000001,3328.0,4359.0
0.7422949248170314,0.0,0.27178793300000004,0.6948435445000001,3328.0,4359.0
0.7933583106298789,0.0,0.274784117,0.699842277,3328.0,4359.0
0.8803283398910383,0.0,0.27917145,0.723773061,3328.0,4359.0
0.9426751829749486,0.0,0.286385183,0.723761718,3328.0,4359.0
0.968610341252062,0.0,0.285838033,0.704692019,3328.0,4359.0
0.9733383733690945,0.030920172,0.288692511,0.690598264,3328.0,4359.0
0.9624038231782253,0.259672103,0.267977701,0.684095289,3328.0,4359.0
0.9556298987009971,0.401847614,0.238725825,0.653929859,3328.0,4359.0
0.9496299039106296,0.472074985,0.296108957,0.671058248,3328.0,4359.0
0.9489786639130119,0.505139379,0.320502783,0.69402083,3328.0,4359.0
0.9449157109618214,0.467347739,0.346809068,0.733874043,3328.0,4359.0
0.9407154306695226,0.417857136,0.367542632,0.734068902,3328.0,4359.0
0.9513622854935924,0.319140953,0.374049256,0.730325039,3328.0,4359.0
0.9662808344274484,0.22353406,0.341681351,0.723544366,3328.0,4359.0
0.9707247197576357,0.076343907,0.323775696,0.698238555,3328.0,4359.0
0.969555131454496,0.0,0.317664986,0.651435116,3328.0,4359.0
0.9480289944257959,0.0,0.325884555,0.58409766,3328.0,4359.0
0.9094490825186722,0.0,0.324698162,0.506762102,3328.0,4359.0
0.8804287626485614,0.0,0.311826909,0.413750175,3328.0,4359.0
0.8461543442881432,0.0,0.29680513,0.339902535,3328.0,4359.0
0.7496422882127051,0.0,0.309611792,0.322263661,3328.0,4359.0
0.7326811515596785,0.0,0.312502065,0.28374620549999996,3328.0,4359.0
0.7223189313496916,0.0,0.30544545450000005,0.22862480400000001,3328.0,4359.0
0.7319370737410636,0.0,0.26999773,0.2399441395,3328.0,4359.0
0.7505357137554854,0.0,0.243140527,0.255881205,3328.0,4359.0
0.7872993219000028,0.0,0.233561265,0.285712483,3328.0,4359.0
0.8167776654312994,0.03296113,0.233017539,0.318151228,3328.0,4359.0
0.8251729031965856,0.127611443,0.229324547,0.360542721,3328.0,4359.0
0.821974810382669,0.21456618,0.208464674,0.359227242,3328.0,4359.0
0.8190265323937698,0.250918263,0.243759981,0.402263699,3328.0,4359.0
0.816726212084988,0.268096678,0.268489423,0.478087736,3328.0,4359.0
0.8153063653210613,0.256224618,0.292256048,0.563155095,3328.0,4359.0
0.8172915780878091,0.245027773,0.309612388,0.56179269,3328.0,4359.0
0.8284449825509878,0.184107272,0.297949746,0.584755404,3328.0,4359.0
0.851623127461721,0.116366496,0.254471867,0.572983215,3328.0,4359.0
0.8537948144553444,0.036268921,0.243961698,0.548004264,3328.0,4359.0
0.8515597865598579,0.0,0.238850139,0.542112121,3328.0,4359.0
0.8330243765383569,0.0,0.230087612,0.5513443585,3328.0,4359.0
0.813382807802237,0.0,0.219644704,0.56857677,3328.0,4359.0
0.7861934293465977,0.0,0.214857063,0.594012558,3328.0,4359.0
0.7537579365283771,0.0,0.199297084,0.598541841,3328.0,4359.0
0.7372457083502026,0.0,0.174685788,0.6160032235,3328.0,4359.0
0.7290461929268719,0.0,0.1589927645,0.6404652735,3328.0,4359.0
0.7380608893805221,0.0,0.17271993149999998,0.6618637039999999,3328.0,4359.0
0.7583996512173241,0.0,0.185239009,0.668742479,3328.0,4359.0
0.7926337939899996,0.0,0.193303617,0.677823662,3328.0,4359.0
0.824987937250334,0.037174425,0.205086425,0.686650477,3328.0,4359.0
0.8339890827673977,0.155415011,0.212437922,0.682692155,3328.0,4359.0
0.8295059863930817,0.266321274,0.19398828,0.600850988,3328.0,4359.0
0.8281103581735472,0.356198716,0.22227472,0.628275037,3328.0,4359.0
0.8232996457938009,0.402674468,0.250748866,0.669629552,3328.0,4359.0
0.8195738898418083,0.410423156,0.281013295,0.713303983,3328.0,4359.0
0.8216389440882987,0.371794877,0.312316359,0.72469972,3328.0,4359.0
0.8307900140965246,0.314280603,0.327588107,0.739274778,3328.0,4359.0
0.8552571545809001,0.202560475,0.341733052,0.769725524,3328.0,4359.0
0.8598065193267079,0.067156118,0.359049668,0.806424559,3328.0,4359.0
0.852078800268414,0.0,0.38119986699999997,0.8383005269999999,3328.0,4359.0
0.8329056346202683,0.0,0.391720366,0.842613611,3328.0,4359.0
0.8209497350647225,0.0,0.396445547,0.829533977,3328.0,4359.0
0.7930143715211249,0.0,0.383428358,0.785940199,3328.0,4359.0
0.7655034095244888,0.0,0.40325849,0.7366505735,3328.0,4359.0
0.7558479190656229,0.0,0.4055160195,0.7159329145,3328.0,4359.0
0.7617947750076002,0.0,0.399650219,0.723941003,3328.0,4359.0
0.8126726626530092,0.0,0.397176406,0.750022098,3328.0,4359.0
0.8973515088621445,0.0,0.396965148,0.76204927,3328.0,4359.0
0.9586487919225025,0.0,0.399456819,0.742995401,3328.0,4359.0
0.9870398726667422,0.0,0.403972888,0.72795184,3328.0,4359.0
0.9913037599208772,0.022458364,0.395609663,0.724537006,3328.0,4359.0
0.9847152450256702,0.203688395,0.36162197,0.730811519,3328.0,4359.0
0.9814745700622265,0.319517423,0.370653271,0.727868933,3328.0,4359.0
0.9796055708338982,0.378963262,0.358997767,0.735921879,3328.0,4359.0
0.9787874623339502,0.386935793,0.361598828,0.730926408,3328.0,4359.0
0.9750892072438497,0.36340774,0.362734203,0.732739262,3328.0,4359.0
0.9715286342414883,0.297881779,0.357569412,0.740131168,3328.0,4359.0
0.9739004570544152,0.206517354,0.347392228,0.767214563,3328.0,4359.0
0.9855500315780539,0.136596531,0.330799535,0.789677062,3328.0,4359.0
0.9902872898409825,0.054135934,0.328218151,0.804822733,3328.0,4359.0
0.9756065796924154,0.0,0.3270746465,0.7843415684999999,3328.0,4359.0
0.9265219306979733,0.0,0.317044051,0.74531465,3328.0,4359.0
0.8960373188871537,0.0,0.313164883,0.711566681,3328.0,4359.0
0.8669842640224973,0.0,0.303068048,0.684508943,3328.0,4359.0
0.7775195448858525,0.0,0.289014637,0.633621232,3328.0,4359.0
0.7682464062480889,0.0,0.2564140405,0.5934265515,3328.0,4359.0
0.7662572457101868,0.0,0.23387945,0.5280728655,3328.0,4359.0
0.8147594515087923,0.0,0.23233419,0.534947634,3328.0,4359.0
0.8995171633407142,0.0,0.233430804,0.571511331,3328.0,4359.0
0.960053912449147,0.0,0.232658495,0.606777928,3328.0,4359.0
0.9890653611224732,0.0,0.2358731,0.631158939,3328.0,4359.0
0.9929015644615262,0.016009785,0.23488701,0.655895261,3328.0,4359.0
0.9840694165340214,0.099637444,0.226753208,0.677536358,3328.0,4359.0
0.9816178410292496,0.169568031,0.206498053,0.631228435,3328.0,4359.0
0.9789709202020586,0.221558559,0.210651855,0.633045698,3328.0,4359.0
0.9781509486748552,0.236350913,0.221218771,0.62092507,3328.0,4359.0
0.9750892072438497,0.236730348,0.232463232,0.653341017,3328.0,4359.0
0.9743770216940514,0.221311438,0.238864707,0.716295599,3328.0,4359.0
0.9790568827822724,0.171711896,0.247364941,0.759146241,3328.0,4359.0
0.9929541710381096,0.109253955,0.263592442,0.786564297,3328.0,4359.0
0.9937744974131841,0.057299519,0.275225025,0.780098547,3328.0,4359.0
0.9794705057618658,0.0,0.2899582075,0.7903797244999999,3328.0,4359.0
0.9325268934597806,0.0,0.296250205,0.79857283,3328.0,4359.0
0.9016964796141923,0.0,0.295630481,0.794368373,3328.0,4359.0
0.8725436228998573,0.0,0.257675275,0.732516937,3328.0,4359.0
0.782188405690061,0.0,0.271071009,0.705500076,3328.0,4359.0
0.7710711073268263,0.0,0.275127927,0.690246496,3328.0,4359.0
0.7659431583684381,0.0,0.278682963,0.6925080075,3328.0,4359.0
0.7699517304530684,0.0,0.282552463,0.694690348,3328.0,4359.0
0.8170484165844494,0.0,0.285867978,0.684511869,3328.0,4359.0
0.899209152857348,0.0,0.290822352,0.676136702,3328.0,4359.0
0.9741383844757416,0.0,0.28603265450000004,0.6619992965,3328.0,4359.0
0.9933177156689278,0.037295166,0.273989671,0.65006921,3328.0,4359.0
0.9874365959278759,0.17216427,0.259028436,0.623932658,3328.0,4359.0
0.9860716623023165,0.257701541,0.224589243,0.548375425,3328.0,4359.0
0.9843843467027398,0.322184613,0.23680269,0.543427585,3328.0,4359.0
0.9827855664063748,0.357985316,0.248897708,0.542774905,3328.0,4359.0
0.980482584586697,0.348907665,0.272173435,0.564268619,3328.0,4359.0
0.9811473089046676,0.335997683,0.300661269,0.584897877,3328.0,4359.0
0.9841519194234197,0.281071039,0.30812308,0.568950479,3328.0,4359.0
0.9955432512573046,0.20722219,0.291041287,0.545311895,3328.0,4359.0
1.0,0.094135376,0.257120464,0.507846702,3328.0,4359.0
0.9850627327143784,0.0,0.2385440855,0.46378427450000004,3328.0,4359.0
0.9364881817365185,0.0,0.228358278,0.423965577,3328.0,4359.0
0.9057627149841235,0.0,0.219952483,0.385714644,3328.0,4359.0
0.8748380881681411,0.0,0.201645268,0.326202042,3328.0,4359.0
0.7884722812073004,0.0,0.197357735,0.284981137,3328.0,4359.0
0.7753083364954185,0.0,0.170828971,0.2058354085,3328.0,4359.0
0.7729468043720019,0.0,0.1450649745,0.14425812,3328.0,4359.0
0.8202482837389635,0.0,0.133922352,0.121019723,3328.0,4359.0
0.9000164384465991,0.0,0.127799821,0.110010193,3328.0,4359.0
0.9584030577973855,0.0,0.124779576,0.102794058,3328.0,4359.0
0.9874257729159382,0.0,0.11216778,0.096317279,3328.0,4359.0
0.9924049507652968,0.053488868,0.09841705,0.09315334,3328.0,4359.0
0.9859263508334821,0.256553288,0.086039737,0.102684837,3328.0,4359.0
0.9851618247670737,0.395257143,0.073314635,0.139699278,3328.0,4359.0
0.9795195195670267,0.481678436,0.076021949,0.157180602,3328.0,4359.0
0.9750081238471773,0.533201273,0.081290891,0.181620058,3328.0,4359.0
0.9698065432467954,0.531307612,0.090388294,0.203378539,3328.0,4359.0
0.9684696429067962,0.443974798,0.096172716,0.225283872,3328.0,4359.0
0.9694719189705953,0.351361757,0.095148429,0.249088305,3328.0,4359.0
0.9835117684977128,0.227465786,0.095406682,0.287461259,3328.0,4359.0
0.9931521777701847,0.100415348,0.105823229,0.349702203,3328.0,4359.0
0.9900009252802515,0.0,0.116692552,0.412395182,3328.0,4359.0
0.9739937827532704,0.0,0.128751358,0.489264126,3328.0,4359.0
0.9364881817365185,0.0,0.140252478,0.564325812,3328.0,4359.0
0.9058631377416466,0.0,0.152156195,0.618913437,3328.0,4359.0
0.874846515931637,0.0,0.169863155,0.659333284,3328.0,4359.0
0.7885010240873628,0.0,0.17453853,0.689343306,3328.0,4359.0
0.7747708705963103,0.0,0.1878779765,0.7021342845,3328.0,4359.0
0.7716033391945214,0.0,0.2108298365,0.7327425295,3328.0,4359.0
0.8183251698559089,0.0,0.229373388,0.766079036,3328.0,4359.0
0.899339915360975,0.0,0.248093699,0.777376889,3328.0,4359.0
0.9602864284151248,0.0,0.267272646,0.790158974,3328.0,4359.0
0.9890211821069048,0.0,0.283125835,0.798814942,3328.0,4359.0
0.9931598071512799,0.070009586,0.294784067,0.796903401,3328.0,4359.0
0.987314527247718,0.186431092,0.295266849,0.799194509,3328.0,4359.0
0.9846384198034542,0.273083312,0.27594654,0.824624398,3328.0,4359.0
0.9808463953787291,0.342715471,0.277951586,0.797495003,3328.0,4359.0
0.9789620489040336,0.366111552,0.277369596,0.811183624,3328.0,4359.0
0.9755659492568013,0.350909332,0.277175189,0.840343724,3328.0,4359.0
0.9713100461303924,0.320704678,0.279274202,0.853852672,3328.0,4359.0
0.9720412161931702,0.241574613,0.279244926,0.863927222,3328.0,4359.0
0.9833144714613804,0.180371342,0.28669531,0.874768201,3328.0,4359.0
0.9861346482550678,0.09610572,0.305584915,0.888680884,3328.0,4359.0
0.9800544571370859,0.0,0.335564256,0.89799473,3328.0,4359.0
0.9622675604819718,0.0,0.354806255,0.896299483,3328.0,4359.0
0.9257255567060773,0.0,0.373287668,0.880308949,3328.0,4359.0
0.894440667678017,0.0,0.384027798,0.850539088,3328.0,4359.0
0.8604226290813379,0.0,0.390280604,0.801262443,3328.0,4359.0
0.7555545461835017,0.0,0.381095275,0.757588957,3328.0,4359.0
0.739822945407795,0.0,0.367851868,0.69474859,3328.0,4359.0
0.7320225262717552,0.0,0.35912931449999996,0.5841798175,3328.0,4359.0
0.7316262022524421,0.0,0.332358347,0.41426028,3328.0,4359.0
0.7433383192449231,0.0,0.2884211725,0.281045469,3328.0,4359.0
0.7647413674438002,0.0,0.264928781,0.223206553,3328.0,4359.0
0.8039664868334878,0.0,0.25215302,0.22052158,3328.0,4359.0
0.8360597259944131,0.074583058,0.24335807,0.288197908,3328.0,4359.0
0.8367529270312322,0.28426762,0.222473688,0.386650707,3328.0,4359.0
0.8318908499918324,0.428712739,0.220807894,0.487845072,3328.0,4359.0
0.8273680103522009,0.528871242,0.248451257,0.580403758,3328.0,4359.0
0.8224889892003922,0.576346655,0.281110964,0.650124881,3328.0,4359.0
0.8192662341050732,0.582994867,0.320186287,0.706610379,3328.0,4359.0
0.8198556413802114,0.49873788,0.330824316,0.751651866,3328.0,4359.0
0.831112218595986,0.3812152,0.326061463,0.772877094,3328.0,4359.0
0.8541290838836731,0.248174162,0.337925039,0.791828225,3328.0,4359.0
0.8577431506329165,0.114675034,0.365932369,0.811064391,3328.0,4359.0
0.8544763940978256,0.0,0.397350264,0.832822612,3328.0,4359.0
0.8358397184412114,0.0,0.433198645,0.8578782954999999,3328.0,4359.0
0.8150443966780379,0.0,0.475591904,0.884885023,3328.0,4359.0
0.7870680478509546,0.0,0.500207487,0.900935484,3328.0,4359.0
0.7537579365283771,0.0,0.502735038,0.906917717,3328.0,4359.0
0.7337900159766615,0.0,0.5229358159999999,0.9055821515,3328.0,4359.0
0.7202173495897719,0.0,0.5425708545000001,0.9061340394999999,3328.0,4359.0
0.721505458094356,0.0,0.5689925995,0.9034095959999999,3328.0,4359.0
0.7334052024427441,0.0,0.563494263,0.880564022,3328.0,4359.0
0.7738923486641278,0.0,0.544022868,0.855744822,3328.0,4359.0
0.8066521750690381,0.026923381,0.511286613,0.832800738,3328.0,4359.0
0.814891367242691,0.106587792,0.473600579,0.810862569,3328.0,4359.0
0.8092321179302352,0.158042525,0.383615173,0.715002902,3328.0,4359.0
0.8066005443494113,0.206089593,0.392809899,0.687708717,3328.0,4359.0
0.8036198863150782,0.2454297,0.396339208,0.705612704,3328.0,4359.0
0.7986144495207569,0.276257043,0.404715616,0.742251537,3328.0,4359.0
0.8005482089411932,0.240059099,0.422620222,0.788200759,3328.0,4359.0
0.8145588720537194,0.200490542,0.426343943,0.838896209,3328.0,4359.0
0.8411932638827058,0.153431127,0.429563131,0.847587055,3328.0,4359.0
0.8464648387066088,0.077493989,0.438425342,0.841930085,3328.0,4359.0
0.8470157446333612,0.0,0.444655573,0.842628586,3328.0,4359.0
0.8317671401529243,0.0,0.4427260175,0.863508299,3328.0,4359.0
0.8100165155786812,0.0,0.435599538,0.870278647,3328.0,4359.0
0.7848430445850052,0.0,0.410936264,0.822676416,3328.0,4359.0
0.7605019648446509,0.0,0.4093144995,0.7864263284999999,3328.0,4359.0
0.750167600445668,0.0,0.413200114,0.747331195,3328.0,4359.0
0.7512678596752195,0.0,0.402776487,0.714409976,3328.0,4359.0
0.7996124674100995,0.0,0.383509869,0.662886242,3328.0,4359.0
0.8862234762748704,0.0,0.361144064,0.59384496,3328.0,4359.0
0.9494805116406542,0.0,0.333534315,0.527871496,3328.0,4359.0
0.9807579488634155,0.0,0.306472701,0.444877653,3328.0,4359.0
0.9842251073790237,0.111244227,0.276207957,0.351845331,3328.0,4359.0
0.9721420825864628,0.362405869,0.238199638,0.282267989,3328.0,4359.0
0.963869711883735,0.515087017,0.175107698,0.252638512,3328.0,4359.0
0.9566736923707091,0.630822006,0.18948112,0.217139527,3328.0,4359.0
0.9504403831307229,0.697991657,0.203742562,0.213967154,3328.0,4359.0
0.9472432660725221,0.69119756,0.22677611,0.272106011,3328.0,4359.0
0.9452554805827765,0.651192344,0.244132362,0.319596473,3328.0,4359.0
0.9480401722856049,0.541410588,0.249067676,0.363896452,3328.0,4359.0
0.9650593492434683,0.410058981,0.236978836,0.383336354,3328.0,4359.0
0.9797145100415748,0.212337186,0.21574103,0.415846129,3328.0,4359.0
0.9807063180425482,0.0,0.230536015,0.475390427,3328.0,4359.0
0.9651803532787715,0.0,0.240508539,0.530551432,3328.0,4359.0
0.9292147159921916,0.0,0.254932043,0.596591339,3328.0,4359.0
0.9014660039475446,0.0,0.25634554,0.649988125,3328.0,4359.0
0.8749744396522927,0.0,0.310209265,0.779570272,3328.0,4359.0
0.7851482162854002,0.0,0.313010777,0.803349315,3328.0,4359.0
0.7725533635802291,0.0,0.3302733405,0.8424865324999999,3328.0,4359.0
0.7715612450747134,0.0,0.3698767385,0.893006712,3328.0,4359.0
0.8186904887260842,0.0,0.394559792,0.912612392,3328.0,4359.0
0.8993482543365726,0.0,0.417002981,0.914115315,3328.0,4359.0
0.9584648018332074,0.0,0.445611977,0.912072851,3328.0,4359.0
0.9877394610664866,0.0,0.483136191,0.902722725,3328.0,4359.0
0.9925457377972203,0.138128451,0.502696686,0.892397056,3328.0,4359.0
0.9801344759901444,0.273330342,0.509198741,0.879773201,3328.0,4359.0
0.9715474413811522,0.357048783,0.43815814,0.877324336,3328.0,4359.0
0.9641228979153913,0.396513289,0.468768665,0.865851194,3328.0,4359.0
0.959108323763072,0.406623808,0.501894325,0.874077438,3328.0,4359.0
0.9555935265410799,0.388678035,0.514142658,0.879540029,3328.0,4359.0
0.9564772825046755,0.327319545,0.508775161,0.881535982,3328.0,4359.0
0.9625317468988812,0.271248459,0.507188043,0.879706049,3328.0,4359.0
0.9799171298972185,0.163218115,0.511481338,0.857342498,3328.0,4359.0
0.9846178385256741,0.084680046,0.50514585,0.835436608,3328.0,4359.0
0.9803637096386221,0.0,0.488441407,0.816608012,3328.0,4359.0
0.9601675533658091,0.0,0.459685064,0.798136871,3328.0,4359.0
0.9226473146971921,0.0,0.416035773,0.77248757,3328.0,4359.0
0.8933771797995829,0.0,0.378850889,0.706118348,3328.0,4359.0
0.8604028460847176,0.0,0.338546106,0.570615511,3328.0,4359.0
0.7700322816285539,0.0,0.304006772,0.453423796,3328.0,4359.0
0.7592985770539715,0.0,0.266315843,0.331024769,3328.0,4359.0
0.7524525291141333,0.0,0.214476379,0.294922664,3328.0,4359.0
0.7532049015143965,0.0,0.181921818,0.312456624,3328.0,4359.0
0.8016591581526958,0.0,0.181691371,0.398666624,3328.0,4359.0
0.8871064338560654,0.0,0.189067192,0.482441136,3328.0,4359.0
0.9497688280165385,0.0,0.215694438,0.618012481,3328.0,4359.0
0.9790236155665398,0.0,0.246625587,0.723712846,3328.0,4359.0
0.9836207077053896,0.067165363,0.270991915,0.795093365,3328.0,4359.0
0.9768124514688147,0.153173861,0.279863134,0.840528522,3328.0,4359.0
0.9697064753371437,0.236048973,0.255086387,0.819981545,3328.0,4359.0
0.9612170247027036,0.278456629,0.291072949,0.836571854,3328.0,4359.0
0.9546664788334551,0.292997468,0.318416326,0.853762466,3328.0,4359.0
0.9498465403078127,0.256232115,0.34445637,0.857326068,3328.0,4359.0
0.9452554805827765,0.207545982,0.371507321,0.844978742,3328.0,4359.0
0.9480401722856049,0.136350977,0.388348292,0.838639348,3328.0,4359.0
0.9640808480882916,0.073821723,0.402154769,0.838584809,3328.0,4359.0
0.9693203977146322,0.021164723,0.420934791,0.845336651,3328.0,4359.0
0.9682965644148559,0.0,0.442015516,0.861223613,3328.0,4359.0
0.9480289944257959,0.0,0.460018742,0.869592779,3328.0,4359.0
0.9083687393157274,0.0,0.479086915,0.873862278,3328.0,4359.0
0.8756413817441492,0.0,0.495545063,0.874192314,3328.0,4359.0
0.8421207551248595,0.0,0.499147971,0.854455909,3328.0,4359.0
0.7566096950863384,0.0,0.505940058,0.850393813,3328.0,4359.0
0.7406377715396228,0.0,0.49659068650000004,0.8470373755,3328.0,4359.0
0.7295270157409646,0.0,0.47799778800000003,0.8338707624999999,3328.0,4359.0
0.7683526840967302,0.0,0.453330614,0.814452316,3328.0,4359.0
0.8442826836501595,0.0,0.4332458,0.791665017,3328.0,4359.0
0.9049973017474163,0.0,0.414409802,0.77887171,3328.0,4359.0
0.9345868910481737,0.0,0.401379261,0.766365029,3328.0,4359.0
0.9396781130493934,0.017206478,0.392804849,0.751200792,3328.0,4359.0
0.9266339748498345,0.039984036,0.373684432,0.723375279,3328.0,4359.0
0.9193480006421113,0.06140503,0.341170448,0.674784525,3328.0,4359.0
0.9093192958720017,0.081158712,0.325128676,0.543496668,3328.0,4359.0
0.900050149247481,0.1118297635,0.30019932000000005,0.497782604,3328.0,4359.0
0.8937455150285255,0.130620603,0.26930214,0.452875089,3328.0,4359.0
0.8993154306553691,0.122341327,0.25694191,0.359327549,3328.0,4359.0
0.9131100782785566,0.096481064,0.236297442,0.334865557,3328.0,4359.0
0.9229449458043899,0.057381688,0.22772177,0.370843119,3328.0,4359.0
0.9250225973021751,0.0,0.217361233,0.403634352,3328.0,4359.0
0.9105788387685981,0.0,0.211917451,0.406637265,3328.0,4359.0
0.8797484249230101,0.0,0.20208865,0.398062144,3328.0,4359.0
0.8508953285043416,0.0,0.19191878,0.396828534,3328.0,4359.0
0.8126535006654738,0.0,0.168655228,0.423568524,3328.0,4359.0
0.7301148482711055,0.0,0.164572599,0.425533443,3328.0,4359.0
0.7206883919157373,0.0,0.1489392645,0.3667143905,3328.0,4359.0
0.723253941013378,0.0,0.1299893225,0.30304891450000004,3328.0,4359.0
0.7709147955739794,0.0,0.116541768,0.301794064,3328.0,4359.0
0.8703781457946033,0.0,0.110225745,0.27020382,3328.0,4359.0
0.9352677610961524,0.0,0.10135845,0.218869907,3328.0,4359.0
0.964679836255957,0.0,0.097261742,0.181591061,3328.0,4359.0
0.9652067896982902,0.068628602,0.091495681,0.164486725,3328.0,4359.0
0.9489416707440096,0.194806968,0.079742179,0.156365207,3328.0,4359.0
0.9336719082694162,0.315398422,0.073536103,0.158340655,3328.0,4359.0
0.9230247872841327,0.409333466,0.057330418,0.118077139,3328.0,4359.0
0.9174678236552146,0.474934147,0.050837224,0.096857591,3328.0,4359.0
0.9130289061952265,0.474306198,0.051472459,0.092876201,3328.0,4359.0
0.9129808239543133,0.41882966,0.05462435,0.09171377,3328.0,4359.0
0.9170719875643796,0.332228748,0.061233624,0.091161594,3328.0,4359.0
0.9318407006937311,0.211936929,0.070985377,0.09489851,3328.0,4359.0
0.9488570388686234,0.098827959,0.096720229,0.119950319,3328.0,4359.0
0.9552617410478508,0.001096232,0.134394558,0.16950924,3328.0,4359.0
0.9355000995875742,0.0,0.162411113,0.239958843,3328.0,4359.0
0.9020635727237245,0.0,0.176547272,0.272163956,3328.0,4359.0
0.8720992609323397,0.0,0.19548284,0.285819216,3328.0,4359.0
0.8351062418672696,0.0,0.237908538,0.286997153,3328.0,4359.0
0.7335346342415432,0.0,0.253461994,0.246043202,3328.0,4359.0
0.7188471819834199,0.0,0.260379957,0.226393345,3328.0,4359.0
0.7064010782662344,0.0,0.25433644899999996,0.25167278449999997,3328.0,4359.0
0.7064903010429042,0.0,0.2498877175,0.329924766,3328.0,4359.0
0.7049488291839688,0.0,0.277133265,0.354444562,3328.0,4359.0
0.7276762692088287,0.0,0.304525445,0.358941419,3328.0,4359.0
0.7641228624407282,0.0,0.323670099,0.363651486,3328.0,4359.0
0.7938280443720606,0.018242498,0.334587439,0.368376819,3328.0,4359.0
0.8038224173828237,0.077676727,0.338041896,0.358174722,3328.0,4359.0
0.7976500536950181,0.158378914,0.301991656,0.249653428,3328.0,4359.0
0.7884220697779187,0.256292917,0.316660299,0.245721299,3328.0,4359.0
0.7760091668120925,0.3593448715,0.3275488955,0.24768884149999998,3328.0,4359.0
0.7718321736011787,0.346738952,0.301533711,0.232436843,3328.0,4359.0
0.7776208548136743,0.328680308,0.276759604,0.211888999,3328.0,4359.0
0.7989633566009506,0.244290317,0.237921352,0.200745409,3328.0,4359.0
0.8259492281318882,0.139518634,0.213384908,0.201796244,3328.0,4359.0
0.8310529584952638,0.001775278,0.203566768,0.194540984,3328.0,4359.0
0.8199291841836867,0.0,0.209842685,0.1860568305,3328.0,4359.0
0.8057646932534134,0.0,0.202671546,0.178163405,3328.0,4359.0
0.7805011787771419,0.0,0.17565899,0.171902605,3328.0,4359.0
0.7494608707451673,0.0,0.194692228,0.163808586,3328.0,4359.0
0.7376696441403505,0.0,0.201570678,0.256039683,3328.0,4359.0
0.7319745770102085,0.0,0.206381031,0.362869092,3328.0,4359.0
0.7433479668043043,0.0,0.2008527905,0.3824341015,3328.0,4359.0
0.7624815887827345,0.0,0.209534648,0.400014903,3328.0,4359.0
0.7968379777101239,0.0,0.219641303,0.42890378,3328.0,4359.0
0.8239268446203418,0.098323141,0.209205446,0.437955997,3328.0,4359.0
0.8256282655493563,0.20021005,0.184171587,0.399784474,3328.0,4359.0
0.8210655051698534,0.287607857,0.167965807,0.413114819,3328.0,4359.0
0.8094730615584683,0.396591265,0.186572194,0.407554749,3328.0,4359.0
0.8006131467090978,0.446059351,0.203977444,0.41819067,3328.0,4359.0
0.7944330650547798,0.418242842,0.213945663,0.401221319,3328.0,4359.0
0.7903338285290892,0.362846989,0.211746886,0.395323777,3328.0,4359.0
0.7980090739901662,0.29223359,0.203370814,0.360047748,3328.0,4359.0
0.8280148145995657,0.195950074,0.181276982,0.334129546,3328.0,4359.0
0.8322999042418064,0.1138315,0.180520218,0.327632493,3328.0,4359.0
0.8412617500280837,0.0,0.193711371,0.326302115,3328.0,4359.0
0.8274095279074934,0.0,0.18338210049999998,0.3101016185,3328.0,4359.0
0.8076697097937874,0.0,0.157995918,0.309491247,3328.0,4359.0
0.7863380310184487,0.0,0.133639075,0.287918658,3328.0,4359.0
0.7673400285555225,0.0,0.119558294,0.266261568,3328.0,4359.0
0.7560482323594822,0.0,0.103830898,0.23178442700000002,3328.0,4359.0
0.7529829423991428,0.0,0.092530064,0.206711902,3328.0,4359.0
0.8036875740780556,0.0,0.088917735,0.216924593,3328.0,4359.0
0.8910186639336932,0.0,0.083656718,0.213730228,3328.0,4359.0
0.95414866274912,0.0,0.076019428,0.203379801,3328.0,4359.0
0.9835940939125553,0.0,0.068540368,0.185523903,3328.0,4359.0
0.9847294390417656,0.089844546,0.060162875,0.178245365,3328.0,4359.0
0.9789438628746953,0.165775102,0.045762955,0.181691844,3328.0,4359.0
0.9713178528848032,0.248347627,0.040962153,0.187331162,3328.0,4359.0
0.9647164745770879,0.320492396,0.045479257,0.19731873,3328.0,4359.0
0.9595625327843303,0.331150066,0.059045862,0.215711697,3328.0,4359.0
0.9530396652515302,0.323673213,0.073618878,0.27294683,3328.0,4359.0
0.9501247433675021,0.26749375,0.100426468,0.326184651,3328.0,4359.0
0.9520595673315526,0.188823148,0.116588865,0.373533724,3328.0,4359.0
0.9650593492434683,0.113308492,0.118018551,0.404559945,3328.0,4359.0
0.9681646485797166,0.044649412,0.135068971,0.444998253,3328.0,4359.0
0.9676898581794374,0.0,0.153414239,0.513256707,3328.0,4359.0
0.9468665031813243,0.0,0.163097657,0.566476041,3328.0,4359.0
0.9094490825186722,0.0,0.177572344,0.613046184,3328.0,4359.0
0.8803375660369345,0.0,0.193579043,0.636463164,3328.0,4359.0
0.8425838354441428,0.0,0.182633524,0.611485845,3328.0,4359.0
0.7572678545668275,0.0,0.201157603,0.63582984,3328.0,4359.0
0.7427415489017639,0.0,0.229644571,0.6732465105000001,3328.0,4359.0
0.7396099018326545,0.0,0.2747521515,0.676109619,3328.0,4359.0
0.786414767554007,0.0,0.306849386,0.66528185,3328.0,4359.0
0.8738927656432799,0.0,0.327868497,0.653840524,3328.0,4359.0
0.9379698612229247,0.0,0.348947239,0.648757422,3328.0,4359.0
0.9668477972963109,0.0,0.363193506,0.637896099,3328.0,4359.0
0.9713049895735354,0.058279038,0.360602556,0.621057442,3328.0,4359.0
0.9651257063016178,0.12915463,0.361327381,0.611511344,3328.0,4359.0
0.9605416548473514,0.208419512,0.365743304,0.581800256,3328.0,4359.0
0.9535854258335272,0.258361338,0.39173203,0.596295846,3328.0,4359.0
0.9475767371184504,0.269159792,0.415695116,0.628142986,3328.0,4359.0
0.9390973996989648,0.28014894,0.437835154,0.673758553,3328.0,4359.0
0.9385457840764697,0.268848552,0.447808892,0.729507853,3328.0,4359.0
0.9421441487314742,0.230060371,0.457567149,0.808296171,3328.0,4359.0
0.9603673344384817,0.175965563,0.470233612,0.850720076,3328.0,4359.0
0.966797763341485,0.100133887,0.481854032,0.847163575,3328.0,4359.0
0.9659826709978232,0.001954468,0.489536415,0.838451916,3328.0,4359.0
0.9479857026817667,0.0,0.48255985,0.806668364,3328.0,4359.0
0.9114381987132454,0.0,0.469464815,0.800582576,3328.0,4359.0
0.8835078918277453,0.0,0.455337926,0.795090875,3328.0,4359.0
0.8467799462486427,0.0,0.411256879,0.718878549,3328.0,4359.0
0.7621148504198333,0.0,0.439274512,0.748894224,3328.0,4359.0
0.754016578409331,0.0,0.462949398,0.7683621955,3328.0,4359.0
0.7575061368866456,0.0,0.5007680375,0.764164021,3328.0,4359.0
0.8126726626530092,0.0,0.525163039,0.768484652,3328.0,4359.0
0.8988755931247623,0.0,0.526146839,0.771857062,3328.0,4359.0
0.9603068323195896,0.0,0.528838544,0.752907565,3328.0,4359.0
0.9886245476336694,0.001256612,0.525144556,0.722191511,3328.0,4359.0
0.9913037599208772,0.223147031,0.500154019,0.7042113,3328.0,4359.0
0.9807296495178822,0.430165951,0.479904526,0.67623162,3328.0,4359.0
0.9721718013234817,0.590742131,0.438991598,0.597299283,3328.0,4359.0
0.9681348411560401,0.692103172,0.47446888,0.568287849,3328.0,4359.0
0.9634946345452362,0.743298853,0.497436051,0.575000342,3328.0,4359.0
0.9595140069076477,0.744911781,0.526327363,0.603286951,3328.0,4359.0
0.9565528657087212,0.697391458,0.560603278,0.642778471,3328.0,4359.0
0.9590350470195698,0.584260634,0.577972869,0.678814016,3328.0,4359.0
0.9740156948371189,0.427032765,0.568836315,0.720997179,3328.0,4359.0
0.9791430228370424,0.24281364,0.533680718,0.732016397,3328.0,4359.0
0.9780435176465625,0.00454575,0.545386227,0.749810951,3328.0,4359.0
0.9584734956566763,0.0,0.553052068,0.764091618,3328.0,4359.0
0.9228062878596945,0.0,0.544811589,0.77121808,3328.0,4359.0
0.894440667678017,0.0,0.526464711,0.756193572,3328.0,4359.0
0.8638378019282074,0.0,0.47712529,0.723212737,3328.0,4359.0
0.7736812124595712,0.0,0.472090349,0.663279663,3328.0,4359.0
0.7665645021038608,0.0,0.4888076125,0.6372177875,3328.0,4359.0
0.7676610798247121,0.0,0.48922968450000004,0.6284400305,3328.0,4359.0
0.8165902155499482,0.0,0.486216989,0.630958595,3328.0,4359.0
0.900872427285848,0.0,0.483938745,0.629795375,3328.0,4359.0
0.9589143978321378,0.0,0.490000935,0.635033546,3328.0,4359.0
0.9879013616986179,0.001591523,0.49006942,0.648186362,3328.0,4359.0
0.9931544843319688,0.246317209,0.473829892,0.662630734,3328.0,4359.0
0.9841139503974611,0.465599031,0.459554686,0.64808525,3328.0,4359.0
0.9794921960784496,0.628676914,0.356500538,0.543693689,3328.0,4359.0
0.9711817675618651,0.741959981,0.384951544,0.494975076,3328.0,4359.0
0.9679077365947908,0.794224778,0.440215259,0.500904805,3328.0,4359.0
0.9616504749716259,0.769562005,0.498514558,0.536784837,3328.0,4359.0
0.9598091540797459,0.702202431,0.549522037,0.60287643,3328.0,4359.0
0.9626537268923815,0.57491149,0.574235514,0.65452523,3328.0,4359.0
0.9767208999080758,0.414402115,0.552437207,0.701408998,3328.0,4359.0
0.9834259833920549,0.246788396,0.507727814,0.747927808,3328.0,4359.0
0.9819378277548251,0.006054315,0.508652514,0.784173593,3328.0,4359.0
0.9645229921806827,0.0,0.503000763,0.804461486,3328.0,4359.0
0.926553601148905,0.0,0.485927915,0.787027553,3328.0,4359.0
0.8962609636563471,0.0,0.469970617,0.751022053,3328.0,4359.0
0.870331216783962,0.0,0.367769242,0.7359925,3328.0,4359.0
0.7782190445989392,0.0,0.382258444,0.7192714325,3328.0,4359.0
0.7702329941136136,0.0,0.3940143375,0.6606963055,3328.0,4359.0
0.7727568261616021,0.0,0.389174314,0.629729925,3328.0,4359.0
0.8183251698559089,0.0,0.379085389,0.623535852,3328.0,4359.0
0.8985314765414524,0.0,0.375291874,0.643833621,3328.0,4359.0
0.9575329636286988,0.0,0.375089983,0.66428238,3328.0,4359.0
0.9868443498697667,0.001922278,0.374381783,0.67018233,3328.0,4359.0
0.9932015020292678,0.260338159,0.352091043,0.658766285,3328.0,4359.0
0.986347913648093,0.488183305,0.32843873,0.642959532,3328.0,4359.0
0.9804848911484813,0.666951976,0.226060558,0.583027892,3328.0,4359.0
0.9775117737073452,0.786385531,0.236179048,0.548466138,3328.0,4359.0
0.9697644047836582,0.8284102535,0.2709705175,0.551414708,3328.0,4359.0
0.9654187243864879,0.762842168,0.31205677,0.576250073,3328.0,4359.0
0.9693454146414249,0.639027983,0.333541287,0.58628861,3328.0,4359.0
0.9831325217726559,0.469498477,0.336717731,0.612843633,3328.0,4359.0
0.9860626135297357,0.270406662,0.312916924,0.631775503,3328.0,4359.0
0.9872199594294523,0.007652217,0.329066118,0.662954846,3328.0,4359.0
0.9669287032184274,0.0,0.341575666,0.680023104,3328.0,4359.0
0.9320734828209226,0.0,0.343193883,0.68209089,3328.0,4359.0
0.9038248746613057,0.0,0.331948734,0.662700162,3328.0,4359.0
0.875867421660544,0.0,0.287423718,0.639241287,3328.0,4359.0
0.7675814158195251,0.0,0.274364188,0.560736927,3328.0,4359.0
0.7541072871937201,0.0,0.2753735895,0.5037575995,3328.0,4359.0
0.7530704130575,0.0,0.278334007,0.526410183,3328.0,4359.0
0.7608807237424702,0.0,0.2829307805,0.565181545,3328.0,4359.0
0.7748903665534705,0.0,0.297085163,0.580638867,3328.0,4359.0
0.8093886071576379,0.001742036,0.309415032,0.577922347,3328.0,4359.0
0.8363432517721731,0.184261257,0.297469014,0.572949622,3328.0,4359.0
0.8402387152119483,0.387932965,0.259698425,0.52747774,3328.0,4359.0
0.8385892799516724,0.556413143,0.214335843,0.454564179,3328.0,4359.0
0.8315671373129871,0.674624076,0.212800197,0.419641976,3328.0,4359.0
0.8276226157753426,0.758034819,0.220441642,0.416926418,3328.0,4359.0
0.8210225681724551,0.768781466,0.238117905,0.457806743,3328.0,4359.0
0.8179464552507982,0.710525799,0.266907427,0.508665303,3328.0,4359.0
0.826153356065675,0.593754048,0.300303845,0.549597694,3328.0,4359.0
0.8477689154666451,0.426864289,0.320702569,0.584594796,3328.0,4359.0
0.8554155954209751,0.250760971,0.347020506,0.616130891,3328.0,4359.0
0.8559210804152295,0.007799505,0.38788159,0.640778099,3328.0,4359.0
0.8427237797503371,0.0,0.4016678705,0.6462878265,3328.0,4359.0
0.8223535248865392,0.0,0.394288459,0.650440747,3328.0,4359.0
0.7980415429247388,0.0,0.356542709,0.69029403,3328.0,4359.0
0.7675516970825064,0.0,0.36000346,0.665015225,3328.0,4359.0
0.7540458092178716,0.0,0.382679742,0.6567748664999999,3328.0,4359.0
0.7516724783774217,0.0,0.39308859549999997,0.6782082625,3328.0,4359.0
0.7607889060711381,0.0,0.40534201599999997,0.701022734,3328.0,4359.0
0.7750339037829479,0.0,0.422101059,0.73363112,3328.0,4359.0
0.8087434883617318,0.002759341,0.433420193,0.747069957,3328.0,4359.0
0.8369444577137245,0.274830141,0.426045836,0.749565167,3328.0,4359.0
0.8438705244560009,0.499093636,0.425867642,0.739253759,3328.0,4359.0
0.84244136285952,0.673549838,0.346899867,0.708059263,3328.0,4359.0
0.8392649158669977,0.797394311,0.377497368,0.668220068,3328.0,4359.0
0.8371762639839594,0.867485888,0.424892878,0.645147207,3328.0,4359.0
0.8300635457427324,0.877075779,0.486728991,0.657934277,3328.0,4359.0
0.8306675018818375,0.83058995,0.538122296,0.688730386,3328.0,4359.0
0.8405342172319178,0.720626043,0.56286794,0.727486806,3328.0,4359.0
0.8623350087403531,0.55860646,0.555523554,0.761340769,3328.0,4359.0
0.8691218853167472,0.335211985,0.563143898,0.798564078,3328.0,4359.0
0.8697703751168112,0.011382228,0.605078314,0.841551366,3328.0,4359.0
0.8535478382614373,0.0,0.601320455,0.86048075,3328.0,4359.0
0.8309099536894542,0.0,0.554632168,0.858714409,3328.0,4359.0
0.8061354236295575,0.0,0.470579517,0.847270558,3328.0,4359.0
0.7831588783235622,0.0,0.4492190545,0.8287903489999999,3328.0,4359.0
0.7739113775710562,0.0,0.4526159045,0.8361546575000001,3328.0,4359.0
0.7760466479095729,0.0,0.4823362,0.842755022,3328.0,4359.0
0.8203825948225446,0.0,0.507970919,0.848844825,3328.0,4359.0
0.8995412931984486,0.0,0.533358067,0.859908515,3328.0,4359.0
0.9575831749568401,0.0,0.548996694,0.866785561,3328.0,4359.0
0.9851334367348827,0.004209431,0.56408396,0.874977548,3328.0,4359.0
0.9910850831231236,0.302777781,0.577030338,0.8749221,3328.0,4359.0
0.9852462792691445,0.527092373,0.60493028,0.871178586,3328.0,4359.0
0.984494527827346,0.704208695,0.524446869,0.853968391,3328.0,4359.0
0.9838818779660125,0.809569965,0.574967679,0.84408226,3328.0,4359.0
0.9854119058545453,0.845670992,0.630007032,0.847184401,3328.0,4359.0
0.9851870191684223,0.832296447,0.678649571,0.865349953,3328.0,4359.0
0.9856833668046786,0.750673614,0.718902399,0.884225575,3328.0,4359.0
0.9889081621993276,0.634716355,0.741244031,0.899953662,3328.0,4359.0
0.9998607210462197,0.4886604,0.742461998,0.911771698,3328.0,4359.0
0.9987766517887647,0.3037109,0.704027602,0.914472291,3328.0,4359.0
0.9943744614378057,0.013664355,0.691696364,0.917351651,3328.0,4359.0
0.9744465723830433,0.0,0.681887375,0.917862566,3328.0,4359.0
0.9363625644764062,0.0,0.658304766,0.912318199,3328.0,4359.0
0.9062029960492596,0.0,0.620464525,0.905825129,3328.0,4359.0
0.8765808492285124,0.0,0.594278654,0.898408788,3328.0,4359.0
0.7856950413603911,0.0,0.533220716,0.877285366,3328.0,4359.0
0.7735465909726881,0.0,0.446626175,0.7942435315,3328.0,4359.0
0.775456176192061,0.0,0.415499469,0.725011609,3328.0,4359.0
0.8192415720261519,0.0,0.406730643,0.67014516,3328.0,4359.0
0.896633290797292,0.0,0.395953409,0.629092313,3328.0,4359.0
0.9550484756548255,0.0,0.380960556,0.604479353,3328.0,4359.0
0.9826328918188995,0.004752456,0.362898119,0.595063594,3328.0,4359.0
0.9872071848048422,0.298236958,0.396332075,0.606717157,3328.0,4359.0
0.9858131534513491,0.495386984,0.400276326,0.60606951,3328.0,4359.0
0.984294569381358,0.62777544,0.298299964,0.64464792,3328.0,4359.0
0.9835494714636983,0.714721667,0.315131682,0.654338131,3328.0,4359.0
0.9836702981256862,0.72475424,0.354326689,0.677768473,3328.0,4359.0
0.9839252583966993,0.706040433,0.372643281,0.701729364,3328.0,4359.0
0.9846810019529812,0.629838997,0.376826234,0.715814674,3328.0,4359.0
0.9875001142030544,0.48672645,0.374144014,0.725563245,3328.0,4359.0
0.9984948115637039,0.355610291,0.358709328,0.740307419,3328.0,4359.0
0.999734305403707,0.234093702,0.316352999,0.752324308,3328.0,4359.0
0.9945735327134951,0.015421034,0.295693513,0.747069114,3328.0,4359.0
0.9754696959870769,0.0,0.277875048,0.725800073,3328.0,4359.0
0.9366501710553075,0.0,0.256040669,0.690801741,3328.0,4359.0
0.9055627565381354,0.0,0.237789677,0.661908654,3328.0,4359.0
0.8759405209294903,0.0,0.220643152,0.69320623,3328.0,4359.0
0.7904031131581081,0.0,0.216062434,0.645048362,3328.0,4359.0
0.7804244423428243,0.0,0.224227675,0.602041706,3328.0,4359.0
0.7763111892249739,0.0,0.23857262,0.563932213,3328.0,4359.0
0.7790687348631611,0.0,0.275941117,0.572005511,3328.0,4359.0
0.8209331458001852,0.0,0.306170562,0.621943195,3328.0,4359.0
0.8970178604429009,0.0,0.34609568,0.694105622,3328.0,4359.0
0.9518264303564898,0.0,0.402967621,0.758090838,3328.0,4359.0
0.9810405875721174,0.005244586,0.457317272,0.804888577,3328.0,4359.0
0.9890100043483362,0.232715141,0.475916027,0.843409377,3328.0,4359.0
0.9848758150542141,0.38984425,0.502525584,0.868039344,3328.0,4359.0
0.9848528384267513,0.510946776,0.505785083,0.887912605,3328.0,4359.0
0.9835231237308373,0.573691916,0.547281606,0.905472259,3328.0,4359.0
0.9833755058014594,0.592333748,0.592328268,0.905129444,3328.0,4359.0
0.9839356378741079,0.566623652,0.644785201,0.905283054,3328.0,4359.0
0.9846810019529812,0.469170402,0.675001944,0.921420987,3328.0,4359.0
0.9879911390199997,0.329786701,0.698157848,0.926433132,3328.0,4359.0
0.9986938828393933,0.180891994,0.731100417,0.928275763,3328.0,4359.0
0.9989933769738462,0.072006964,0.755856462,0.928289689,3328.0,4359.0
0.9946692537620326,0.004105103,0.772702665,0.918932228,3328.0,4359.0
0.9747871404876395,0.0,0.773976994,0.901415471,3328.0,4359.0
0.93632574878196,0.0,0.768612085,0.877339481,3328.0,4359.0
0.9054550593486289,0.0,0.767927443,0.864150127,3328.0,4359.0
0.8748692263978858,0.0,0.705928876,0.903275362,3328.0,4359.0
0.7169161282147276,0.0,0.7210625415,0.8701428920000001,3145.5,4119.5
0.6998751723548631,0.0,0.7030596689999999,0.8228205095000001,2963.0,3880.0
0.7210698343442564,0.0,0.6827909255,0.8602513425,2963.0,3880.0
0.8191525045017533,0.0,0.680891251,0.886522719,2963.0,3880.0
0.9002000736880228,0.0,0.683197108,0.891650481,2963.0,3880.0
0.9424558851681099,0.001774587,0.686753154,0.901021098,2963.0,3880.0
0.9577886335954546,0.052666103,0.683883591,0.905551024,2963.0,3880.0
0.9570065424075523,0.129319804,0.671158235,0.91237867,2963.0,3880.0
0.9584216874624936,0.182968593,0.580521032,0.923132848,2963.0,3880.0
0.9555670901215612,0.262847714,0.603656028,0.921588569,2963.0,3880.0
0.9505455963851297,0.3077470455,0.625962422,0.925369514,2963.0,3880.0
0.9452203503397889,0.308502267,0.649619341,0.912612615,2963.0,3880.0
0.9454864884706111,0.258588269,0.680486215,0.910158032,2963.0,3880.0
0.9545067959752099,0.197940488,0.720971879,0.918444042,2963.0,3880.0
0.9574236695731507,0.103442839,0.762003832,0.918099026,2963.0,3880.0
0.9525564471889957,0.005784889,0.782730101,0.913029068,2963.0,3880.0
0.930663837958608,0.0,0.789557506,0.909341824,2963.0,3880.0
0.8887357312718495,0.0,0.786111292,0.906466216,2963.0,3880.0
0.855032267894777,0.0,0.781842384,0.905552725,2963.0,3880.0
0.8145951555269787,0.0,0.731301636,0.920444682,2963.0,3880.0
0.7057237346265454,0.0,0.759152592,0.903196478,2963.0,3880.0
0.6828669070449749,0.0,0.7632765189999999,0.909505259,2963.0,3880.0
0.6787510813053672,0.0,0.7390053034999999,0.8729716435,2963.0,3880.0
0.721522845791914,0.0,0.705139564,0.913872258,2963.0,3880.0
0.8078668294568044,0.0,0.705927749,0.920169962,2963.0,3880.0
0.8918924840556497,0.0,0.702813053,0.924810759,2963.0,3880.0
0.9329219310669745,0.00247373,0.677300446,0.92010907,2963.0,3880.0
0.9503308229139612,0.061101869,0.63156442,0.895837997,2963.0,3880.0
0.9510604848985957,0.141664254,0.593801128,0.897608778,2963.0,3880.0
0.9454742460671879,0.233545855,0.499037466,0.837423746,2963.0,3880.0
0.9396078525634184,0.312892919,0.493184698,0.807331778,2963.0,3880.0
0.935188895473366,0.414722681,0.486002042,0.754623959,2963.0,3880.0
0.9280150541041617,0.4754433,0.480172622,0.703910992,2963.0,3880.0
0.9186238388501033,0.50931864,0.445411715,0.65680342,2963.0,3880.0
0.915066725639798,0.460255503,0.421570546,0.657153003,2963.0,3880.0
0.926222702724734,0.377311613,0.4002595,0.655976175,2963.0,3880.0
0.9363222889899039,0.237543142,0.41481707,0.687573921,2963.0,3880.0
0.9438208187936692,0.01713295,0.454124379,0.757130457,2963.0,3880.0
0.9251369480158205,0.0,0.481328411,0.811651492,2963.0,3880.0
0.8862769700217523,0.0,0.473272147,0.81678646,2963.0,3880.0
0.8547137005606871,0.0,0.462872341,0.789711232,2963.0,3880.0
0.8170424728572938,0.0,0.42228226,0.712046375,2963.0,3880.0
0.6971157637906613,0.0,0.422541747,0.625264749,2963.0,3880.0
0.678302372426115,0.0,0.436023128,0.651650995,2963.0,3880.0
0.6627491728604193,0.0,0.444578359,0.6823864055,2963.0,3880.0
0.660597446337972,0.0,0.453026939,0.709504209,2963.0,3880.0
0.6784819934320114,0.0,0.44454941400000003,0.76998831,2963.0,3880.0
0.7039257055799352,0.0,0.425649097,0.787759639,2963.0,3880.0
0.7364980820022539,0.003998266,0.409736568,0.794235938,2963.0,3880.0
0.7732435040161925,0.135370093,0.381299307,0.788187529,2963.0,3880.0
0.7868527421585993,0.251903038,0.344542678,0.776348637,2963.0,3880.0
0.7810787871833861,0.37539424,0.352666752,0.76065042,2963.0,3880.0
0.7634465168296601,0.5068870375,0.415046418,0.740395593,2963.0,3880.0
0.7433121046939094,0.512667432,0.421288814,0.716950156,2963.0,3880.0
0.7395877680321618,0.488694432,0.407257497,0.664539156,2963.0,3880.0
0.7413894785874723,0.433287136,0.363588742,0.6225895,2963.0,3880.0
0.7579693058925866,0.333619298,0.298289772,0.589282334,2963.0,3880.0
0.7740970976069995,0.221117165,0.280819425,0.579551973,2963.0,3880.0
0.7875941141229892,0.0121711585,0.334692631,0.598656174,2963.0,3880.0
0.7735509822277513,0.0,0.412856453,0.678831001,2963.0,3880.0
0.7401667071432336,0.0,0.442225467,0.723102111,2963.0,3880.0
0.6715502934671218,0.0,0.4412800915,0.7225751605,2963.0,3880.0
0.6463488114101705,0.0,0.43440645850000004,0.7027454550000001,2963.0,3880.0
0.6538940928006414,0.0,0.425769972,0.6393726125,2963.0,3880.0
0.6858096626189629,0.0,0.4107286445,0.6562059515,2963.0,3880.0
0.7270940921235854,0.010622681,0.40375157,0.67792772,2963.0,3880.0
0.7597077199906033,0.115145397,0.384101472,0.654262085,2963.0,3880.0
0.7681081031006447,0.191617967,0.36456996,0.642445143,2963.0,3880.0
0.7603812268187004,0.221222731,0.32365286,0.632195323,2963.0,3880.0
0.7494677903292793,0.24915241,0.337253652,0.597104196,2963.0,3880.0
0.7485850989092979,0.237394072,0.358327181,0.659278249,2963.0,3880.0
0.7476831569163642,0.244334039,0.369120286,0.624536076,2963.0,3880.0
0.7490788738225563,0.261927457,0.380802655,0.577571932,2963.0,3880.0
0.7513046754709064,0.225849358,0.363325945,0.56198848,2963.0,3880.0
0.7730281983238372,0.188489473,0.355976777,0.537748236,2963.0,3880.0
0.7793145577761762,0.121570759,0.342984205,0.550481549,2963.0,3880.0
0.7875081515427753,0.02407537,0.351966624,0.607688593,2963.0,3880.0
0.7735957821511643,0.0,0.353634379,0.601231415,2963.0,3880.0
0.7571069296904124,0.0,0.329816227,0.585477727,2963.0,3880.0
0.7321862898805213,0.0,0.355014494,0.636898993,2963.0,3880.0
0.6895970961424042,0.0,0.360816561,0.651087022,2963.0,3880.0
0.6656786437096547,0.0,0.3759366755,0.6744765189999999,2963.0,3880.0
0.6651133219995423,0.0,0.38865487600000004,0.7641557784999999,2963.0,3880.0
0.7081858225374716,0.0,0.397614977,0.781311775,2963.0,3880.0
0.7963925511989921,0.0,0.400842842,0.757105246,2963.0,3880.0
0.8840948150665434,0.0,0.409794945,0.708783735,2963.0,3880.0
0.9252970744085948,0.010246164,0.418400838,0.667601167,2963.0,3880.0
0.9290357824597534,0.147345054,0.396492623,0.667592465,2963.0,3880.0
0.9128571584081141,0.264652135,0.346340561,0.645927592,2963.0,3880.0
0.8993209308479957,0.390950178,0.272836634,0.627763999,2963.0,3880.0
0.8842657643700148,0.489135918,0.287747484,0.613357697,2963.0,3880.0
0.8683985219071398,0.576197565,0.302629158,0.625274762,2963.0,3880.0
0.8588525916650354,0.561869286,0.290933419,0.626954566,2963.0,3880.0
0.8554368864957388,0.456871429,0.258447278,0.630782109,2963.0,3880.0
0.8568480394361965,0.355653138,0.228453057,0.618746128,2963.0,3880.0
0.8661653570389082,0.246699987,0.193850244,0.613138553,2963.0,3880.0
0.879168421268324,0.121689616,0.196833947,0.615982265,2963.0,3880.0
0.8897354347138913,0.020735686,0.214072027,0.609190513,2963.0,3880.0
0.875419245053099,0.0,0.224360942,0.591078278,2963.0,3880.0
0.8431166439269739,0.0,0.22890005,0.584661421,2963.0,3880.0
0.8063392854021306,0.0,0.230175467,0.597013112,2963.0,3880.0
0.7705709451518831,0.0,0.265758608,0.647327573,2963.0,3880.0
0.6799564207087189,0.0,0.251230234,0.620618562,2963.0,3880.0
0.6588081111148307,0.0,0.242412059,0.583559049,2963.0,3880.0
0.6470281732787655,0.0,0.2268978245,0.5424357555,2963.0,3880.0
0.6547819738580865,0.0,0.208456537,0.503312575,2963.0,3880.0
0.6946256869375037,0.0,0.198522505,0.490964923,2963.0,3880.0
0.7738707028427334,0.0,0.188422596,0.474046982,2963.0,3880.0
0.8639800971395146,0.0,0.179565095,0.447739402,2963.0,3880.0
0.9065542096912376,0.010975151,0.172619915,0.45136147,2963.0,3880.0
0.913409927260881,0.157031076,0.164598519,0.467862866,2963.0,3880.0
0.9062440701206433,0.292944061,0.168468579,0.472912435,2963.0,3880.0
0.893932876223219,0.357020733,0.149272675,0.428372141,2963.0,3880.0
0.8840459343419894,0.420303352,0.176571505,0.379600937,2963.0,3880.0
0.8775042597707658,0.428550743,0.208304037,0.348485777,2963.0,3880.0
0.8715083456802989,0.418855189,0.225711884,0.295776364,2963.0,3880.0
0.8685931575338166,0.409724554,0.252440874,0.265961578,2963.0,3880.0
0.8727983170096569,0.377533791,0.255099171,0.298356394,2963.0,3880.0
0.8861233196785608,0.274432917,0.271715173,0.373347845,2963.0,3880.0
0.8939337632922773,0.155095408,0.309311585,0.396186029,2963.0,3880.0
0.9066452289295489,0.019492818,0.355090626,0.413539024,2963.0,3880.0
0.8921194111423434,0.0,0.392449538,0.429078691,2963.0,3880.0
0.8550609220881816,0.0,0.413860869,0.4407395,2963.0,3880.0
0.819638472660601,0.0,0.423336261,0.455620961,2963.0,3880.0
0.7781219041589161,0.0,0.449665821,0.470087708,2963.0,3880.0
0.676469191015473,0.0,0.448482098,0.452246284,2963.0,3880.0
0.6548119587563188,0.0,0.458195511,0.47028740199999997,2963.0,3880.0
0.6589328412046442,0.0,0.472970446,0.530275589,2963.0,3880.0
0.7004085131095013,0.0,0.480053609,0.575036189,2963.0,3880.0
0.7832714104039017,0.0,0.486657157,0.599839271,2963.0,3880.0
0.8757229973620084,0.0,0.495930327,0.614725128,2963.0,3880.0
0.918032391275635,0.016335777,0.506771146,0.639318785,2963.0,3880.0
0.9254915326619563,0.153907945,0.510595255,0.654414402,2963.0,3880.0
0.9117289990242294,0.281706101,0.540184021,0.670683957,2963.0,3880.0
0.9022395786852935,0.389405143,0.520446336,0.679176982,2963.0,3880.0
0.893894552349389,0.444207321,0.541321503,0.709565845,2963.0,3880.0
0.8870526739479697,0.523536137,0.543777717,0.730866768,2963.0,3880.0
0.88535559998131,0.533289386,0.548759125,0.733080166,2963.0,3880.0
0.8833304663734504,0.519137827,0.549711962,0.71988854,2963.0,3880.0
0.8877852634022331,0.453636284,0.550450775,0.748590275,2963.0,3880.0
0.9004560986038906,0.360164159,0.531840871,0.765741283,2963.0,3880.0
0.9111721493703215,0.231950576,0.473630555,0.735842967,2963.0,3880.0
0.918450139349078,0.047328568,0.424937687,0.703426136,2963.0,3880.0
0.9059823676388336,0.0,0.383592548,0.664344417,2963.0,3880.0
0.8704083968540494,0.0,0.368054597,0.649685344,2963.0,3880.0
0.8374665319725162,0.0,0.360016318,0.665733831,2963.0,3880.0
0.8007155211805337,0.0,0.406854126,0.737438251,2963.0,3880.0
0.6986245007056711,0.0,0.392562966,0.738927967,2963.0,3880.0
0.6758272437293652,0.0,0.4174514665,0.7633562385,2963.0,3880.0
0.6706469098604179,0.0,0.4585275645,0.7925331095,2963.0,3880.0
0.712835654485372,0.0,0.47734359,0.800536313,2963.0,3880.0
0.7982109841500671,0.0,0.492377431,0.808583391,2963.0,3880.0
0.8837007532150654,0.0,0.499775262,0.810493255,2963.0,3880.0
0.918032391275635,0.030869608,0.502984298,0.805860892,2963.0,3880.0
0.9211902086030493,0.234684406,0.483438771,0.794504627,2963.0,3880.0
0.9075037903905553,0.382937117,0.409774756,0.775622279,2963.0,3880.0
0.8993209308479957,0.502048086,0.37012853,0.726227729,2963.0,3880.0
0.8864960017686178,0.584347668,0.405820437,0.727081721,2963.0,3880.0
0.8802437967023098,0.662574694,0.436669063,0.717378363,2963.0,3880.0
0.8748804928431121,0.65581202,0.463930538,0.681012572,2963.0,3880.0
0.8713111373306242,0.61147374,0.46400817,0.627913331,2963.0,3880.0
0.8758116213518778,0.513889253,0.422857678,0.563358652,2963.0,3880.0
0.8886293647871707,0.366246075,0.349792215,0.512285963,2963.0,3880.0
0.8945590104049053,0.224786165,0.302062511,0.481207371,2963.0,3880.0
0.8978788171523491,0.040026443,0.28005046,0.452600032,2963.0,3880.0
0.8843181935732826,0.0,0.278033646,0.418711095,2963.0,3880.0
0.8507349359503535,0.0,0.274217858,0.398458534,2963.0,3880.0
0.8166386526387327,0.0,0.269683309,0.394205815,2963.0,3880.0
0.7781219041589161,0.0,0.299804989,0.410367737,2963.0,3880.0
0.6754786249820495,0.0,0.315606693,0.39247069749999997,2963.0,3880.0
0.6520368037039292,0.0,0.344790163,0.397956905,2963.0,3880.0
0.654958245980869,0.0,0.355687369,0.405134996,2963.0,3880.0
0.6893320225551962,0.0,0.355258645,0.432028722,2963.0,3880.0
0.7621598278178022,0.0,0.373613987,0.46459109,2963.0,3880.0
0.8465445027117957,0.0,0.391845206,0.463843886,2963.0,3880.0
0.8959178229299937,0.022126006,0.415096493,0.48305056,2963.0,3880.0
0.9049502840501175,0.12908235,0.427332274,0.530392084,2963.0,3880.0
0.8930646449805468,0.219727161,0.400685137,0.581297108,2963.0,3880.0
0.8811217863120651,0.298423327,0.334934779,0.614757912,2963.0,3880.0
0.8723955613347099,0.361811789,0.353901126,0.683627199,2963.0,3880.0
0.8621902295939461,0.386539083,0.392766735,0.719021897,2963.0,3880.0
0.8569210500184851,0.35895452,0.425779067,0.727743223,2963.0,3880.0
0.8549291837275983,0.305918704,0.456010609,0.73064436,2963.0,3880.0
0.8569859876851492,0.233070343,0.486464922,0.752115383,2963.0,3880.0
0.8658733148109947,0.171674211,0.529386957,0.779770039,2963.0,3880.0
0.8694769134974122,0.095512371,0.575983181,0.82822292,2963.0,3880.0
0.8678633181758667,0.018923601,0.602463725,0.863877811,2963.0,3880.0
0.8467955596562238,0.0,0.62326647,0.881323281,2963.0,3880.0
0.8160136716873183,0.0,0.64018207,0.891713944,2963.0,3880.0
0.7745360480685484,0.0,0.652342988,0.892826567,2963.0,3880.0
0.7318537946915494,0.0,0.661485337,0.906547052,2963.0,3880.0
0.6359284400370246,0.0,0.678028817,0.9098286705,2963.0,3880.0
0.5995591821274835,0.0,0.6772045044999999,0.9111926695,2963.0,3880.0
0.6051217124640216,0.0,0.6634350019999999,0.911506705,2963.0,3880.0
0.6269228145276197,0.0,0.653432004,0.905603322,2963.0,3880.0
0.6393729324297126,0.0,0.650364654,0.894871118,2963.0,3880.0
0.681911559991817,0.006299536,0.6491748,0.884918891,2963.0,3880.0
0.7039259717411489,0.078481148,0.637115732,0.891708445,2963.0,3880.0
0.7198042145892771,0.170975163,0.593942923,0.888497523,2963.0,3880.0
0.7164164539176422,0.273636343,0.484619922,0.847398632,2963.0,3880.0
0.708386135831331,0.352829254,0.464916254,0.806928645,2963.0,3880.0
0.7079261161129036,0.408036639,0.457761167,0.682924339,2963.0,3880.0
0.7020564401903934,0.373867453,0.415051951,0.518261801,2963.0,3880.0
0.6997893870973444,0.372877668,0.376439753,0.429369982,2963.0,3880.0
0.6997798062048171,0.313987972,0.348040952,0.385323746,2963.0,3880.0
0.7044983016714108,0.242367301,0.339800753,0.34008387,2963.0,3880.0
0.7097796793069663,0.118106359,0.353251055,0.303755957,2963.0,3880.0
0.7134843217599919,0.020725023,0.378599853,0.307159967,2963.0,3880.0
0.7005056534989039,0.0,0.411171611,0.286424584,2963.0,3880.0
0.6912351761695555,0.0,0.441200519,0.272351101,2963.0,3880.0
0.6722819736300422,0.0,0.487594633,0.280603117,2963.0,3880.0
0.6479936779914472,0.0,0.460032058,0.306861969,2963.0,3880.0
0.6228559138052746,0.0,0.451008709,0.43509713,2963.0,3880.0
0.6015264971471508,0.0,0.455813553,0.559303393,2963.0,3880.0
0.5974757864981428,0.0,0.4703670735,0.60794858,2963.0,3880.0
0.6180811300509164,0.0,0.5088650985000001,0.6464259775000001,2963.0,3880.0
0.6389267519807497,0.0,0.516108953,0.663891741,2963.0,3880.0
0.6787229593837695,0.012019779,0.51515674,0.698645163,2963.0,3880.0
0.698344257245411,0.147033395,0.503751905,0.706877745,2963.0,3880.0
0.7043081460370751,0.29167018,0.472367415,0.736221392,2963.0,3880.0
0.7046607346259693,0.406218994,0.441929364,0.757007209,2963.0,3880.0
0.697967716172098,0.50869921,0.462486691,0.765706969,2963.0,3880.0
0.6936986392298788,0.511401429,0.481746508,0.774485866,2963.0,3880.0
0.6923819653197886,0.529607044,0.479016985,0.737159567,2963.0,3880.0
0.6889864866816412,0.477769456,0.477757433,0.692242249,2963.0,3880.0
0.6951128971145214,0.387178749,0.446003934,0.673767552,2963.0,3880.0
0.7021498990204756,0.308109547,0.411515149,0.689665241,2963.0,3880.0
0.710369086480864,0.194810248,0.389315744,0.698267075,2963.0,3880.0
0.714861497687734,0.054063676,0.387561959,0.734239186,2963.0,3880.0
0.709820043631987,0.0,0.421170065,0.809242978,2963.0,3880.0
0.7042331837408738,0.0,0.466701584,0.849378177,2963.0,3880.0
0.6876589010729554,0.0,0.47316483,0.863471013,2963.0,3880.0
0.6682773049226174,0.0,0.496028779,0.850231533,2963.0,3880.0
0.6444600736297913,0.0,0.539516452,0.853785001,2963.0,3880.0
0.6301590094987221,0.0,0.578727376,0.86605229,2963.0,3880.0
0.6293679139828082,0.0,0.605138144,0.880705545,2963.0,3880.0
0.635283631745661,0.0,0.626563364,0.904494923,2963.0,3880.0
0.6749577261251941,0.0,0.646067112,0.919196931,2963.0,3880.0
0.7386370340013315,0.0,0.667551492,0.92420439,2963.0,3880.0
0.8311342193664922,0.0,0.681006649,0.924676459,2963.0,3880.0
0.8737938509638999,0.02922504,0.691040238,0.923544052,2963.0,3880.0
0.87749583200727,0.130938659,0.68344376,0.922640333,2963.0,3880.0
0.8696840576887258,0.232085642,0.695600709,0.92270683,2963.0,3880.0
0.8654191945776344,0.342596233,0.722006903,0.926477925,2963.0,3880.0
0.8620996539914044,0.383936739,0.752868562,0.928028233,2963.0,3880.0
0.8580555080786372,0.394565457,0.770361301,0.929133428,2963.0,3880.0
0.8564490984011769,0.425296806,0.794471052,0.931076081,2963.0,3880.0
0.8588226954534608,0.392945089,0.814012649,0.931550547,2963.0,3880.0
0.8643022129523185,0.382953807,0.812204329,0.932354363,2963.0,3880.0
0.8747300361307632,0.304585722,0.803116262,0.933170169,2963.0,3880.0
0.882413088346251,0.172359597,0.802109128,0.933293054,2963.0,3880.0
0.883323812950552,0.058204531,0.776736462,0.932336589,2963.0,3880.0
0.8632035061442389,0.0,0.75555959,0.93075971,2963.0,3880.0
0.8318432112854482,0.0,0.737911699,0.928358656,2963.0,3880.0
0.7899148384374762,0.0,0.724359534,0.924884209,2963.0,3880.0
0.7469361071835512,0.0,0.716160098,0.91255809,2963.0,3880.0
0.6730834041787953,0.0,0.6968134,0.902462353,2963.0,3880.0
0.649106002149866,0.0,0.680298338,0.892827952,2963.0,3880.0
0.6345966405972112,0.0,0.667765016,0.881732041,2963.0,3880.0
0.6382279398423616,0.0,0.6211167150000001,0.8467062139999999,2963.0,3880.0
0.6824386021208079,0.0,0.568251959,0.769798237,2963.0,3880.0
0.7530374120029811,0.0,0.519733755,0.657930478,2963.0,3880.0
0.8447053110083845,0.0,0.475608266,0.546748483,2963.0,3880.0
0.8950760281068401,0.023206863,0.430930433,0.44225968,2963.0,3880.0
0.9076084714237754,0.111236649,0.414576952,0.368785962,2963.0,3880.0
0.9045994252560109,0.238940053,0.411295894,0.306766429,2963.0,3880.0
0.8956808713150033,0.313497171,0.348493998,0.210412344,2963.0,3880.0
0.8893050007024962,0.356866869,0.333856609,0.151177331,2963.0,3880.0
0.8859272645591579,0.416772649,0.321722152,0.143021899,2963.0,3880.0
0.8805757595688543,0.423039442,0.305981968,0.164708853,2963.0,3880.0
0.875211391267283,0.397906721,0.283432613,0.16928634,2963.0,3880.0
0.8778491747364762,0.368636093,0.245788496,0.159278976,2963.0,3880.0
0.8886293647871707,0.307216179,0.20434356,0.165813298,2963.0,3880.0
0.893230981362931,0.205972979,0.16055744,0.186681717,2963.0,3880.0
0.8941087048114725,0.071599251,0.143466659,0.209901171,2963.0,3880.0
0.8865298013067776,0.0,0.130077251,0.236659433,2963.0,3880.0
0.8514526216927786,0.0,0.122003008,0.257726312,2963.0,3880.0
0.8170686431155989,0.0,0.118941183,0.283351766,2963.0,3880.0
0.7799392725663771,0.0,0.138248015,0.37738711,2963.0,3880.0
0.6882545181352225,0.0,0.151225002,0.44074789,2963.0,3880.0
0.6723902918286337,0.0,0.169451593,0.5323487,2963.0,3880.0
0.6642245982163678,0.0,0.193833036,0.587428637,2963.0,3880.0
0.6722046605299683,0.0,0.221017722,0.6298210099999999,2963.0,3880.0
0.7204251591841199,0.0,0.256196989,0.68317833,2963.0,3880.0
0.8060810427123769,0.0,0.296316033,0.727660287,2963.0,3880.0
0.8917823916177013,0.0,0.335017,0.768840168,2963.0,3880.0
0.9278528873108168,0.081982454,0.369345856,0.792625574,2963.0,3880.0
0.9222874073329858,0.290386344,0.386372653,0.804347691,2963.0,3880.0
0.8992785261730247,0.47025123,0.328037661,0.819263101,2963.0,3880.0
0.8759293431709216,0.636178433,0.335933248,0.82513935,2963.0,3880.0
0.8620996539914044,0.731953675,0.380599176,0.844712615,2963.0,3880.0
0.8562019448845746,0.754392861,0.436222895,0.868294053,2963.0,3880.0
0.8456839895368765,0.733877801,0.487867337,0.881661332,2963.0,3880.0
0.8422883334241733,0.64919175,0.539772217,0.894279146,2963.0,3880.0
0.8431279104734408,0.502230495,0.575114129,0.910820577,2963.0,3880.0
0.8473320940923246,0.352737731,0.586445326,0.920389933,2963.0,3880.0
0.8600808190598123,0.184477237,0.640605341,0.92502533,2963.0,3880.0
0.8663139508252425,0.022162714,0.707145639,0.929324974,2963.0,3880.0
0.8499351021664016,0.0,0.742587095,0.928894141,2963.0,3880.0
0.8254612194712294,0.0,0.747023877,0.918830076,2963.0,3880.0
0.7824776978216612,0.0,0.730534559,0.880435351,2963.0,3880.0
0.7386890640133992,0.0,0.679112339,0.855077892,2963.0,3880.0
0.669988306744159,0.0,0.664456982,0.798061081,2963.0,3880.0
0.6455292390741675,0.0,0.648464341,0.788679338,2963.0,3880.0
0.629751929083705,0.0,0.6189718755,0.8088661635000001,2963.0,3880.0
0.6348601173183778,0.0,0.575991026,0.835081911,2963.0,3880.0
0.6745850441363777,0.0,0.53423253,0.846170261,2963.0,3880.0
0.739623519182994,0.0,0.498956209,0.838354311,2963.0,3880.0
0.8323208404686986,0.0,0.451520409,0.777262218,2963.0,3880.0
0.8794622377355944,0.013161838,0.414878534,0.701612757,2963.0,3880.0
0.890968896140081,0.083369355,0.390107225,0.6906762,2963.0,3880.0
0.8874937534967469,0.162710606,0.363687287,0.681368779,2963.0,3880.0
0.8850192013645125,0.241022852,0.302556802,0.620250489,2963.0,3880.0
0.8814628866378481,0.29807665,0.324055575,0.642701925,2963.0,3880.0
0.880645132884531,0.369911228,0.354486842,0.652226884,2963.0,3880.0
0.8764744826425933,0.385572494,0.367950478,0.640302075,2963.0,3880.0
0.8713111373306242,0.375570164,0.377841031,0.581693047,2963.0,3880.0
0.8676256568651336,0.306795898,0.392767294,0.567908991,2963.0,3880.0
0.8871892028054368,0.243585394,0.39862125,0.605534088,2963.0,3880.0
0.8952057260668528,0.150123729,0.388584296,0.644741321,2963.0,3880.0
0.8951283686234501,0.053851153,0.376882342,0.700546349,2963.0,3880.0
0.8822778015069538,0.0,0.36862149,0.746413694,2963.0,3880.0
0.8446102109689321,0.0,0.355681636,0.758422915,2963.0,3880.0
0.8124507921231726,0.0,0.347592216,0.751315017,2963.0,3880.0
0.7731904538038398,0.0,0.331775029,0.669956823,2963.0,3880.0
0.6798820351795142,0.0,0.305627936,0.646431526,2963.0,3880.0
0.6528699933902715,0.0,0.27732191650000004,0.623342343,2963.0,3880.0
0.6476012351270548,0.0,0.2444862185,0.6004539165,2963.0,3880.0
0.6862886002847561,0.0,0.215257186,0.591127968,2963.0,3880.0
0.7545744482635243,0.0,0.202374906,0.534970624,2963.0,3880.0
0.8459559827081966,0.0,0.189062291,0.506124553,2963.0,3880.0
0.8952507033635811,0.061235971,0.173705538,0.485133516,2963.0,3880.0
0.9017649657595702,0.197087308,0.150885662,0.466295983,2963.0,3880.0
0.8856458678686261,0.335346132,0.127147201,0.438662028,2963.0,3880.0
0.8685759472601943,0.440886715,0.102800076,0.395308474,2963.0,3880.0
0.8598004869128946,0.518712366,0.104743318,0.359265755,2963.0,3880.0
0.8531170493515504,0.578725966,0.111077138,0.317690792,2963.0,3880.0
0.8455551786459219,0.573637117,0.113982001,0.274330947,2963.0,3880.0
0.8459265300311511,0.515696654,0.112916367,0.228083763,2963.0,3880.0
0.8562681245694087,0.434155323,0.096119675,0.227443513,2963.0,3880.0
0.8675067818158181,0.321656226,0.07878573,0.208403548,2963.0,3880.0
0.8825469557940625,0.1886991,0.065273298,0.190694993,2963.0,3880.0
0.8857587105041285,0.058734093,0.062938083,0.17106106,2963.0,3880.0
0.8684875894315384,0.0,0.066086079,0.165953066,2963.0,3880.0
0.8374903069823794,0.0,0.067431728,0.176899503,2963.0,3880.0
0.8109589993205715,0.0,0.066299861,0.182997014,2963.0,3880.0
0.7703010811690316,0.0,0.07696775,0.247751864,2963.0,3880.0
0.6642225578157973,0.0,0.08024429,0.257311856,2963.0,3880.0
0.6322444455286332,0.0,0.0888021815,0.2566417505,2963.0,3880.0
0.6257932800449582,0.0,0.1014774805,0.3185532205,2963.0,3880.0
0.6508981318126494,0.0,0.115834249,0.3745560195,2963.0,3880.0
0.6830629177198083,0.0,0.120819767,0.397711327,2963.0,3880.0
0.7164596126316849,0.048382225,0.125769702,0.433429256,2963.0,3880.0
0.7555733532219252,0.166826883,0.114355462,0.455910105,2963.0,3880.0
0.7770530048757537,0.268707028,0.111795871,0.467948208,2963.0,3880.0
0.7835095152491638,0.353057155,0.107733677,0.472600191,2963.0,3880.0
0.7837632336032474,0.396872624,0.111973612,0.494046812,2963.0,3880.0
0.7848128822122168,0.404603458,0.125735609,0.530155303,2963.0,3880.0
0.7862921665514216,0.408548496,0.154785957,0.56141384,2963.0,3880.0
0.7885137987119728,0.353138553,0.181347779,0.572519798,2963.0,3880.0
0.7988669258566703,0.30284692,0.205431224,0.587432232,2963.0,3880.0
0.8188042184306445,0.210657965,0.221338698,0.621669861,2963.0,3880.0
0.8218422735384447,0.115329926,0.227962941,0.605463128,2963.0,3880.0
0.8201068756979549,0.038917386,0.246565517,0.607962954,2963.0,3880.0
0.8003972199570372,0.0,0.245277442,0.6127506915,2963.0,3880.0
0.7793467604482947,0.0,0.241746876,0.590972968,2963.0,3880.0
0.75625644104379,0.0,0.191617322,0.555451843,2963.0,3880.0
0.6952134085587022,0.0,0.201814277,0.552294945,2963.0,3880.0
0.6725010274979519,0.0,0.217486159,0.5168587330000001,2963.0,3880.0
0.6629646116333815,0.0,0.222440244,0.482608812,2963.0,3880.0
0.6809138082130676,0.0,0.2191354695,0.46697976799999996,2963.0,3880.0
0.7058883853549899,0.0,0.217522678,0.468171101,2963.0,3880.0
0.7376731704980202,0.02999541,0.208726665,0.472792563,2963.0,3880.0
0.7771949451379492,0.124393068,0.203992136,0.461183598,2963.0,3880.0
0.7964015998703323,0.224838174,0.207127818,0.428565569,2963.0,3880.0
0.7974821205478331,0.334990115,0.178832955,0.346364265,2963.0,3880.0
0.796124816303369,0.371337247,0.200745306,0.376586574,2963.0,3880.0
0.7947545598584984,0.419357684,0.221026135,0.436520237,2963.0,3880.0
0.7937481143069005,0.412514618,0.242906331,0.486905455,2963.0,3880.0
0.7963799539476974,0.353097799,0.259935109,0.537708096,2963.0,3880.0
0.8047982571283445,0.285240797,0.275623624,0.593114766,2963.0,3880.0
0.8223005633608441,0.212838964,0.284791819,0.603660314,2963.0,3880.0
0.8252303890579508,0.139757779,0.278909839,0.583392012,2963.0,3880.0
0.8240625750954084,0.064209555,0.281989898,0.572701199,2963.0,3880.0
0.8116737575933678,0.0,0.278927298,0.583815882,2963.0,3880.0
0.7990090435934218,0.0,0.273963113,0.571283546,2963.0,3880.0
0.7857904075104369,0.0,0.264431505,0.532185452,2963.0,3880.0
0.7609505849360046,0.0,0.24238635,0.416181898,2963.0,3880.0
0.7057503927627085,0.0,0.2263815185,0.359187561,2963.0,3880.0
0.6897926854543732,0.0,0.192092245,0.3290865795,2963.0,3880.0
0.6955477667749291,0.0,0.161877666,0.330924478,2963.0,3880.0
0.736331390873239,0.0,0.142972523,0.350222105,2963.0,3880.0
0.8198023250066448,0.0,0.128106628,0.372548361,2963.0,3880.0
0.9019251809402428,0.0,0.121044056,0.409346357,2963.0,3880.0
0.9427169666408345,0.07304081,0.120460078,0.474437569,2963.0,3880.0
0.955797388313653,0.180136236,0.132540459,0.521807447,2963.0,3880.0
0.9545721771764032,0.295546846,0.143611774,0.526389126,2963.0,3880.0
0.9486110384810524,0.393042061,0.174884286,0.551284309,2963.0,3880.0
0.9452240762930585,0.458884627,0.207606783,0.576312002,2963.0,3880.0
0.9415093206250784,0.477779724,0.239135782,0.601875256,2963.0,3880.0
0.9387971958687691,0.422747843,0.271428151,0.645431605,2963.0,3880.0
0.9363485479348667,0.375256646,0.316158066,0.700497511,2963.0,3880.0
0.9377610315801523,0.297009227,0.346108027,0.737247911,2963.0,3880.0
0.9493409666269006,0.208649944,0.364702628,0.766603485,2963.0,3880.0
0.9528028911110958,0.127318013,0.367084128,0.796925449,2963.0,3880.0
0.9525564471889957,0.037464439,0.385903748,0.820575232,2963.0,3880.0
0.9311836944435138,0.0,0.406273507,0.862411312,2963.0,3880.0
0.8909885016621454,0.0,0.418396957,0.878529463,2963.0,3880.0
0.8575051344743122,0.0,0.424531339,0.882615187,2963.0,3880.0
0.8201542482431252,0.0,0.387605741,0.87407571,2963.0,3880.0
0.7129006808386938,0.0,0.418864204,0.898380903,2963.0,3880.0
0.6917925802669351,0.0,0.454378346,0.8991660054999999,2963.0,3880.0
0.6936788562838789,0.0,0.507806949,0.8781487434999999,2963.0,3880.0
0.7377939971600082,0.0,0.544006646,0.877860793,2963.0,3880.0
0.8201538047085961,0.0,0.568610969,0.87887846,2963.0,3880.0
0.9021089936562224,0.0,0.577495399,0.871778641,2963.0,3880.0
0.9387194835774949,0.131178677,0.573194914,0.872982199,2963.0,3880.0
0.9519579025558595,0.314832102,0.570433591,0.885176386,2963.0,3880.0
0.9466408181128007,0.466779802,0.602649352,0.912423247,2963.0,3880.0
0.9380798649742155,0.540360718,0.593442221,0.911901651,2963.0,3880.0
0.9303272619684952,0.584283275,0.643585597,0.903844689,2963.0,3880.0
0.9242296832035755,0.62685346,0.688304859,0.896708801,2963.0,3880.0
0.9122280079689009,0.617527541,0.736276012,0.89063019,2963.0,3880.0
0.9067874353529581,0.581075956,0.768207298,0.885316914,2963.0,3880.0
0.9088264968156995,0.493163734,0.78565151,0.883777457,2963.0,3880.0
0.9212601142411532,0.38067622,0.774132778,0.890214748,2963.0,3880.0
0.9266889766748597,0.26925052,0.714297946,0.879560414,2963.0,3880.0
0.9345369457800056,0.113382263,0.671485271,0.85240054,2963.0,3880.0
0.919431390600568,0.0,0.650058755,0.803511082,2963.0,3880.0
0.8811903611441007,0.0,0.637390291,0.756773315,2963.0,3880.0
0.8500058949748042,0.0,0.621998214,0.706948549,2963.0,3880.0
0.8153275676079266,0.0,0.610311385,0.633699666,2963.0,3880.0
0.7082833621686948,0.0,0.607174039,0.580529292,2963.0,3880.0
0.6932187921715024,0.0,0.587730088,0.54077267,2963.0,3880.0
0.6845695255982104,0.0,0.558122585,0.4932755755,2963.0,3880.0
0.6862185172733367,0.0,0.532182413,0.48443773,2963.0,3880.0
0.7287814964098198,0.0,0.522030016,0.472252496,2963.0,3880.0
0.8116034971073924,0.0,0.49857499,0.443410709,2963.0,3880.0
0.8963296272762808,0.0,0.479924877,0.416353566,2963.0,3880.0
0.936292481464987,0.165154436,0.448614379,0.369402523,2963.0,3880.0
0.9458022169204896,0.360424232,0.398718327,0.306705131,2963.0,3880.0
0.939244928941685,0.533217318,0.402532705,0.278516781,2963.0,3880.0
0.928674012068292,0.667181538,0.393768101,0.263115084,2963.0,3880.0
0.9168981106900388,0.727215496,0.4294128,0.274457767,2963.0,3880.0
0.9096376857315356,0.74722701,0.450272593,0.277165467,2963.0,3880.0
0.9048152632707936,0.727733605,0.470811064,0.287353021,2963.0,3880.0
0.9016375743613416,0.653105527,0.486049035,0.299470836,2963.0,3880.0
0.9029534497877911,0.55512017,0.489441873,0.330217469,2963.0,3880.0
0.9152368766621095,0.436331531,0.489896992,0.374293845,2963.0,3880.0
0.9206018659727658,0.287344099,0.447020261,0.413367408,2963.0,3880.0
0.9321384204875867,0.125214316,0.426820088,0.465755345,2963.0,3880.0
0.9154913046106953,0.0,0.416616959,0.492239899,2963.0,3880.0
0.8796386873329329,0.0,0.407630159,0.494077304,2963.0,3880.0
0.8489200514779923,0.0,0.381147273,0.467145075,2963.0,3880.0
0.8145951555269787,0.0,0.350204101,0.472733571,2963.0,3880.0
0.7064734900111023,0.0,0.332220614,0.443959442,2963.0,3880.0
0.6866832165797057,0.0,0.2949088085,0.42929549349999996,2963.0,3880.0
0.6844843170064479,0.0,0.260042381,0.456859593,2963.0,3880.0
0.7269289977593714,0.0,0.260162147,0.474934862,2963.0,3880.0
0.8089381239884088,0.0,0.271314787,0.483587041,2963.0,3880.0
0.8920686674917746,0.0,0.280027773,0.490007793,2963.0,3880.0
0.9284336893479034,0.127879791,0.267055384,0.474560378,2963.0,3880.0
0.9370419263450013,0.275577912,0.233487967,0.438823495,2963.0,3880.0
0.9281435101472448,0.428752694,0.2482227,0.441874423,2963.0,3880.0
0.9155696380122949,0.501373135,0.280708078,0.412742505,2963.0,3880.0
0.9092008644584556,0.534607997,0.304224105,0.37753842,2963.0,3880.0
0.9051807596155247,0.524270987,0.304538048,0.389794007,2963.0,3880.0
0.8991824502766158,0.496910542,0.315699745,0.413885487,2963.0,3880.0
0.8974190192518064,0.445804941,0.331491824,0.435091736,2963.0,3880.0
0.8995017273064485,0.363746711,0.347287715,0.459130503,2963.0,3880.0
0.9122094669904506,0.268884153,0.357524196,0.491623349,2963.0,3880.0
0.9171282314075748,0.171013732,0.342056708,0.499282732,2963.0,3880.0
0.9168956267549393,0.07301767,0.337409072,0.484324905,2963.0,3880.0
0.8972254481687437,0.0,0.323293037,0.463753151,2963.0,3880.0
0.8639975734731103,0.0,0.301591288,0.452460244,2963.0,3880.0
0.8308224829298566,0.0,0.279855603,0.466683027,2963.0,3880.0
0.7887333626800251,0.0,0.26629927,0.519668592,2963.0,3880.0
0.6897444479105687,0.0,0.258463219,0.563986894,2963.0,3880.0
0.6734483682010991,0.0,0.261111127,0.637195461,2963.0,3880.0
0.6645867899706939,0.0,0.2694345815,0.7166197915,2963.0,3880.0
0.6698390032620819,0.0,0.274165824,0.76056311,2963.0,3880.0
0.7073914003607289,0.0,0.278081621,0.792985805,2963.0,3880.0
0.7943198676726466,0.0,0.28058787,0.799042546,2963.0,3880.0
0.8808828829831621,0.0,0.28206346,0.776322011,2963.0,3880.0
0.9178608208618381,0.084004929,0.270970216,0.728969056,2963.0,3880.0
0.9277671908918166,0.181760214,0.244039631,0.682399411,2963.0,3880.0
0.9231725825868262,0.250734984,0.239119919,0.64457887,2963.0,3880.0
0.9195532818061699,0.310942562,0.216076031,0.652259673,2963.0,3880.0
0.9134532190049102,0.356375709,0.220072297,0.601381373,2963.0,3880.0
0.9096376857315356,0.37368618,0.219881571,0.550562977,2963.0,3880.0
0.9074572162277855,0.357066347,0.224671186,0.503512525,2963.0,3880.0
0.906988724503774,0.31753426,0.214003949,0.428880016,2963.0,3880.0
0.9085749963367424,0.263239141,0.216876118,0.425863043,2963.0,3880.0
0.9188609679396494,0.181235174,0.208814257,0.464000224,2963.0,3880.0
0.9195372248640599,0.104552828,0.213827468,0.541564866,2963.0,3880.0
0.9178965721139107,0.038528225,0.222412745,0.633855162,2963.0,3880.0
0.8974442136531551,0.0,0.226701473,0.702066727,2963.0,3880.0
0.8651554516952542,0.0,0.247613378,0.711582206,2963.0,3880.0
0.8325593889497301,0.0,0.274333265,0.694396929,2963.0,3880.0
0.7910933867252984,0.0,0.281472794,0.657463065,2963.0,3880.0
0.6769530522081368,0.0,0.286368108,0.659623957,2963.0,3880.0
0.6507478746959006,0.0,0.292865445,0.6468857765,2963.0,3880.0
0.6422626600136324,0.0,0.30087575850000003,0.6125478265,2963.0,3880.0
0.6541229715506274,0.0,0.286330549,0.578550149,2963.0,3880.0
0.6711212566249274,0.0,0.274321282,0.547313233,2963.0,3880.0
0.691794598445221,0.0,0.257158854,0.52684516,2963.0,3880.0
0.7193282266153973,0.085159817,0.235289979,0.531675476,2963.0,3880.0
0.7500139056579073,0.196705964,0.187072191,0.513317242,2963.0,3880.0
0.7571054216122691,0.291033662,0.176443277,0.465922921,2963.0,3880.0
0.7403579716645122,0.381669734,0.137693617,0.366915047,2963.0,3880.0
0.7315511069262541,0.468712833,0.147677232,0.323153495,2963.0,3880.0
0.7232257747990718,0.539182259,0.155956743,0.298432925,2963.0,3880.0
0.7145035419361999,0.558451955,0.150326906,0.290273409,2963.0,3880.0
0.710726421223313,0.501228254,0.143490913,0.295578783,2963.0,3880.0
0.713231934110736,0.405035065,0.123139028,0.306024972,2963.0,3880.0
0.7207025194168394,0.275705791,0.112062898,0.32256051,2963.0,3880.0
0.7357684644621886,0.169935188,0.104699435,0.330419505,2963.0,3880.0
0.7507476484436829,0.070004805,0.118959733,0.336561595,2963.0,3880.0
0.7434090676593764,0.0,0.141842906,0.348878416,2963.0,3880.0
0.7430330144639213,0.0,0.157069445,0.363925906,2963.0,3880.0
0.7329911802213303,0.0,0.167769509,0.377838661,2963.0,3880.0
0.7130398267624877,0.0,0.172217616,0.424936315,2963.0,3880.0
0.6642588856323856,0.0,0.170660753,0.376389505,2963.0,3880.0
0.6367893302820997,0.0,0.16545759399999999,0.3328266775,2963.0,3880.0
0.639813923342452,0.0,0.16156205950000002,0.32585639099999997,2963.0,3880.0
0.6634197522188877,0.0,0.157809313,0.353812008,2963.0,3880.0
0.6862033917436138,0.0,0.158638531,0.369358001,2963.0,3880.0
0.7182225114353076,0.001162695,0.155562692,0.38377793,2963.0,3880.0
0.7490788738225563,0.10209598,0.147306698,0.393601554,2963.0,3880.0
0.7559309541255879,0.225048404,0.127058759,0.379581496,2963.0,3880.0
0.7368394484892504,0.362714868,0.124308159,0.369171192,2963.0,3880.0
0.7269561438746328,0.500094171,0.128403023,0.395534891,2963.0,3880.0
0.7127879270417101,0.5694637060000001,0.13156988,0.38544081750000003,2963.0,3880.0
0.7096490941766548,0.59526121,0.132431338,0.396171075,2963.0,3880.0
0.7106019573959537,0.493041728,0.138032875,0.420405391,2963.0,3880.0
0.7194204877706383,0.409955725,0.145048098,0.436022809,2963.0,3880.0
0.7288940728841085,0.323293052,0.155452872,0.415471967,2963.0,3880.0
0.7336704534032676,0.223964406,0.164011881,0.382563474,2963.0,3880.0
0.7300424587991424,0.103716344,0.194891183,0.375604083,2963.0,3880.0
0.7248882951885002,0.0,0.222354652,0.390468605,2963.0,3880.0
0.7158723789895849,0.0,0.232099504,0.398850063,2963.0,3880.0
0.6968164027874354,0.0,0.232323868,0.402582761,2963.0,3880.0
0.6639838097391655,0.0,0.236612265,0.3966702875,2963.0,3880.0
0.6441396877130157,0.0,0.2245089585,0.414225881,2963.0,3880.0
0.6753047258854241,0.0,0.2230630435,0.376282843,2963.0,3880.0
0.7766032314022673,0.0,0.223166653,0.367694124,2963.0,3880.0
0.8714960145902179,0.0,0.218308929,0.36041755,2963.0,3880.0
0.9162430560524938,0.00124553,0.219255107,0.365642154,2963.0,3880.0
0.9209368450968373,0.120558667,0.201537544,0.366201198,2963.0,3880.0
0.9078452456654502,0.235438203,0.175789471,0.343205908,2963.0,3880.0
0.8893923826741955,0.348425539,0.203630395,0.314959502,2963.0,3880.0
0.8750991696408659,0.460936486,0.200318683,0.227823766,2963.0,3880.0
0.8664037281466245,0.530509184,0.239557791,0.224392462,2963.0,3880.0
0.8598508757155917,0.573652824,0.252757111,0.260076747,2963.0,3880.0
0.8576957779865058,0.559541625,0.274314231,0.292415483,2963.0,3880.0
0.8581216876622308,0.548824922,0.297450676,0.325206847,2963.0,3880.0
0.8697435838494211,0.460122169,0.320042113,0.324402798,2963.0,3880.0
0.8754469234907878,0.346503839,0.328102017,0.295139316,2963.0,3880.0
0.8796524378144993,0.236924015,0.300940871,0.267331177,2963.0,3880.0
0.8684875894315384,0.111112428,0.278231373,0.223560843,2963.0,3880.0
0.8350562965991015,0.0,0.256185631,0.208268033,2963.0,3880.0
0.7948183442948906,0.0,0.246520908,0.232619703,2963.0,3880.0
0.7625341953593177,0.0,0.236044598,0.288726148,2963.0,3880.0
0.6835914236848543,0.0,0.25915902,0.383717147,2963.0,3880.0
0.6698804320800965,0.0,0.263136882,0.453741229,2963.0,3880.0
0.6572432190432833,0.0,0.265043109,0.532110891,2963.0,3880.0
0.6623391649251533,0.0,0.2765730935,0.617500836,2963.0,3880.0
0.7072433387955814,0.0,0.289773136,0.707402917,2963.0,3880.0
0.789794721471231,0.0,0.309447158,0.752960243,2963.0,3880.0
0.8738231261663897,0.0,0.330929671,0.814453757,2963.0,3880.0
0.9150241435915114,0.00157874,0.354447217,0.862360289,2963.0,3880.0
0.9237243755826366,0.039603991,0.379991356,0.885613364,2963.0,3880.0
0.9112093200138797,0.076323169,0.408568721,0.895538576,2963.0,3880.0
0.9079269500712077,0.121936127,0.452075486,0.893548479,2963.0,3880.0
0.9046555804125483,0.144756791,0.500301298,0.882545205,2963.0,3880.0
0.8999694206480597,0.157724674,0.574733785,0.874812607,2963.0,3880.0
0.894197151326786,0.161807174,0.611884542,0.884494518,2963.0,3880.0
0.8883697027059315,0.138432707,0.642188691,0.894507437,2963.0,3880.0
0.8839063892269954,0.139831396,0.657782425,0.895795418,2963.0,3880.0
0.8857998731609293,0.126628266,0.645101533,0.896887208,2963.0,3880.0
0.8822645832465743,0.094691351,0.635684981,0.898005117,2963.0,3880.0
0.8776354658089218,0.051889853,0.635844024,0.896563273,2963.0,3880.0
0.8576440584789807,0.02649061,0.634012143,0.887004303,2963.0,3880.0
0.8274151167361574,0.0,0.615833136,0.866880425,2963.0,3880.0
0.7857227197474597,0.0,0.60182146,0.842865856,2963.0,3880.0
0.7425292150223662,0.0,0.580893748,0.820117863,2963.0,3880.0
0.6723973002006441,0.0,0.541216317,0.781162796,2963.0,3880.0
0.6477638233338846,0.0,0.520881547,0.766375568,2963.0,3880.0
0.6332258519311539,0.0,0.49671294200000005,0.7505227835,2963.0,3880.0
0.639944597108801,0.0,0.468082401,0.707094262,2963.0,3880.0
0.67998316763278,0.0,0.453710283,0.68042567,2963.0,3880.0
0.7486555367685888,0.0,0.445163657,0.664057561,2963.0,3880.0
0.8416947567624767,0.0,0.452456922,0.661628538,2963.0,3880.0
0.8917072519481846,0.0,0.466304713,0.676055721,2963.0,3880.0
0.9024476987335637,0.024722374,0.492327653,0.69289105,2963.0,3880.0
0.8925313929631865,0.061862396,0.529860038,0.692827797,2963.0,3880.0
0.883701019376279,0.107320256,0.578995016,0.695657341,2963.0,3880.0
0.8766315041924235,0.146605045,0.535800249,0.723801666,2963.0,3880.0
0.8664037281466245,0.18670098,0.607606441,0.730172817,2963.0,3880.0
0.8572583357043406,0.234707873,0.659383712,0.800223489,2963.0,3880.0
0.8548568828410527,0.275545973,0.684944957,0.824558668,2963.0,3880.0
0.8588404380495104,0.272838232,0.700781104,0.838683633,2963.0,3880.0
0.8739329525443649,0.255783554,0.687212341,0.844289424,2963.0,3880.0
0.8844409719491835,0.207768351,0.656961598,0.815531428,2963.0,3880.0
0.8853457528263287,0.143802338,0.599699845,0.760014988,2963.0,3880.0
0.8688213266386803,0.079162713,0.523144862,0.685593579,2963.0,3880.0
0.8368223003469087,0.001063627,0.434807902,0.637796499,2963.0,3880.0
0.8035396013008063,0.0,0.367141004,0.626021357,2963.0,3880.0
0.7688506284977874,0.0,0.313222889,0.602321259,2963.0,3880.0
0.6816479057960942,0.0,0.251567014,0.442029322,2963.0,3880.0
0.6606026581977205,0.0,0.21352217499999998,0.42114206750000005,2963.0,3880.0
0.6571179789039474,0.0,0.21048410950000002,0.4782293755,2963.0,3880.0
0.6997922259815558,0.0,0.198495924,0.492313273,2963.0,3880.0
0.7829704968779632,0.0,0.191110875,0.511598546,2963.0,3880.0
0.8784569454142682,0.0,0.19733465,0.555945639,2963.0,3880.0
0.9223221826268615,0.002014845,0.202087176,0.613073686,2963.0,3880.0
0.9237243755826366,0.105225313,0.199270759,0.665596472,2963.0,3880.0
0.9070554364097949,0.223068247,0.190542959,0.688451453,2963.0,3880.0
0.8910799644349859,0.362764716,0.237907686,0.724706167,2963.0,3880.0
0.8826911139313844,0.400806518,0.237345204,0.73654623,2963.0,3880.0
0.8775042597707658,0.481111278,0.284488486,0.791187803,2963.0,3880.0
0.8652667861513726,0.575022979,0.307286263,0.790625697,2963.0,3880.0
0.8626442612418891,0.579089927,0.318011139,0.783631423,2963.0,3880.0
0.8604484444917716,0.549087252,0.325796448,0.791883416,2963.0,3880.0
0.869332311825561,0.482111132,0.33544759,0.789914448,2963.0,3880.0
0.8738469011762526,0.384628505,0.324859286,0.782283032,2963.0,3880.0
0.8794979003010093,0.256078446,0.28547998,0.721964385,2963.0,3880.0
0.8687408642510929,0.124600227,0.251328724,0.665642607,2963.0,3880.0
0.8446102109689321,0.001259592,0.241011404,0.628036581,2963.0,3880.0
0.8035396013008063,0.0,0.252744201,0.617147828,2963.0,3880.0
0.7622058696581446,0.0,0.270439651,0.610520037,2963.0,3880.0
0.6798514292721967,0.0,0.309422158,0.591852989,2963.0,3880.0
0.6644187459651868,0.0,0.314584436,0.56030032,2963.0,3880.0
0.6555246766285446,0.0,0.33367373,0.499007325,2963.0,3880.0
0.6578052583852754,0.0,0.36767289950000004,0.4662345575,2963.0,3880.0
0.6981088137085641,0.0,0.394184219,0.465617768,2963.0,3880.0
0.7760661647449796,0.0,0.408879285,0.474901968,2963.0,3880.0
0.8634128681094386,0.0,0.435699674,0.4811769,2963.0,3880.0
0.9020751053301644,0.00318299,0.471057242,0.515860708,2963.0,3880.0
0.9105400713602391,0.067797202,0.492997263,0.560839089,2963.0,3880.0
0.9029453769734072,0.142988864,0.50254494,0.569432913,2963.0,3880.0
0.8893923826741955,0.235128726,0.511426333,0.556861919,2963.0,3880.0
0.8807351762658859,0.350435588,0.491328312,0.517953362,2963.0,3880.0
0.880645132884531,0.38403996,0.511575602,0.537721812,2963.0,3880.0
0.8749547454435707,0.460224716,0.511908578,0.574797498,2963.0,3880.0
0.8746832844934374,0.457270854,0.499882436,0.579596961,2963.0,3880.0
0.8817991077800895,0.504592865,0.485165646,0.567599335,2963.0,3880.0
0.8913992414648186,0.469901035,0.45181978,0.605960091,2963.0,3880.0
0.8917391885603297,0.357678386,0.382683986,0.616229887,2963.0,3880.0
0.889986757819533,0.250459344,0.303503155,0.630985343,2963.0,3880.0
0.8762442732383997,0.138111706,0.260344264,0.651783423,2963.0,3880.0
0.8511410626294585,0.001326683,0.243198422,0.645167213,2963.0,3880.0
0.8212767300610677,0.0,0.236953314,0.598644468,2963.0,3880.0
0.7813112144627061,0.0,0.241602672,0.559401705,2963.0,3880.0
0.6639041457339785,0.0,0.23867598299999998,0.5094757169999999,2963.0,3880.0
0.6350669288334846,0.0,0.22324092,0.501183545,2963.0,3880.0
0.6450444463678763,0.0,0.194173348,0.506345228,2963.0,3880.0
0.6671510971514051,0.0,0.185867622,0.565183299,2963.0,3880.0
0.6895431588609933,0.0,0.178519858,0.560144476,2963.0,3880.0
0.7205024722841937,0.003793161,0.177446075,0.607554295,2963.0,3880.0
0.7528253886281258,0.123470112,0.179967539,0.689649274,2963.0,3880.0
0.7630112036347233,0.264531117,0.179738724,0.679722238,2963.0,3880.0
0.754176483085461,0.398378183,0.247353716,0.721019596,2963.0,3880.0
0.7375088301728778,0.494846439,0.276341281,0.735199519,2963.0,3880.0
0.7348643489374572,0.545035537,0.339461113,0.760186294,2963.0,3880.0
0.7311940826883476,0.560189653,0.394069534,0.776717126,2963.0,3880.0
0.7304727153359818,0.536853804,0.439470426,0.774782753,2963.0,3880.0
0.733621395305398,0.516887212,0.481760585,0.776958056,2963.0,3880.0
0.7455978761387242,0.447536654,0.524039896,0.797724195,2963.0,3880.0
0.7471601068006161,0.374957049,0.554488421,0.821930933,2963.0,3880.0
0.7522363363020995,0.233274051,0.56074128,0.835101436,2963.0,3880.0
0.7518701302616255,0.119380073,0.562273882,0.836593538,2963.0,3880.0
0.7545637140394849,0.001941643,0.545847034,0.826337166,2963.0,3880.0
0.7436723669059871,0.0,0.538193732,0.815137692,2963.0,3880.0
0.7198035935801922,0.0,0.532696176,0.798650545,2963.0,3880.0
0.6394362733315757,0.0,0.503643798,0.68657651,2963.0,3880.0
0.5979369594974624,0.0,0.4780737275,0.651882076,3333.5,4365.5
0.5786120729471333,0.0,0.4461412095,0.5342471135,3704.0,4851.0
0.5898634383031595,0.0,0.411200738,0.414055026,3704.0,4851.0
0.5984164073140186,0.0,0.384724096,0.360293935,3704.0,4851.0
0.6102628353394605,0.0,0.354241873,0.306181282,3704.0,4851.0
0.6419313180549325,0.003363676,0.325019675,0.263883448,3704.0,4851.0
0.6857624453260638,0.109400787,0.318168734,0.235981815,3704.0,4851.0
0.7222015866514241,0.25651124,0.307259781,0.231794146,3704.0,4851.0
0.720745722474211,0.398848179,0.302895639,0.241763115,3704.0,4851.0
0.712111492693364,0.467108894,0.224607811,0.211688606,3704.0,4851.0
0.7074329622087301,0.469245224,0.2252135,0.233310086,3704.0,4851.0
0.703735771662244,0.511838809,0.230614652,0.249698365,3704.0,4851.0
0.7036790842845196,0.520420932,0.242680313,0.268870166,3704.0,4851.0
0.7045454968432656,0.486303835,0.228075247,0.282941229,3704.0,4851.0
0.7125504874982417,0.440670464,0.205714124,0.317495978,3704.0,4851.0
0.7136269717179301,0.353632631,0.174550226,0.358913943,3704.0,4851.0
0.7119046146632639,0.220199776,0.152401872,0.379252102,3704.0,4851.0
0.7097684572050689,0.095760318,0.160847428,0.416020672,3704.0,4851.0
0.7127973306115419,0.001275123,0.194178294,0.492045038,3704.0,4851.0
0.7137069018843306,0.0,0.238163938,0.575866842,3704.0,4851.0
0.6952414417430219,0.0,0.286187399,0.64752796,3704.0,4851.0
0.661717887755344,0.0,0.343915881,0.697703412,3704.0,4851.0
0.6409839551295007,0.0,0.382673751,0.740613318,3704.0,4851.0
0.6216433442626481,0.0,0.41090275249999997,0.783907775,3704.0,4851.0
0.6226944122631032,0.0,0.437624652,0.810428891,3704.0,4851.0
0.6505425713095573,0.0,0.448609075,0.827484426,3704.0,4851.0
0.6985207068427497,0.0,0.468378221,0.84412348,3704.0,4851.0
0.765293426499584,0.0,0.48409573,0.854325865,3704.0,4851.0
0.8133324189995398,0.006260295,0.501881269,0.8447974,3704.0,4851.0
0.8418957797520789,0.074784673,0.508728346,0.813417815,3704.0,4851.0
0.8403931640387805,0.153374856,0.501210048,0.77650691,3704.0,4851.0
0.8299243555768503,0.263672083,0.4479956,0.745197773,3704.0,4851.0
0.8180900811669333,0.363857026,0.357282763,0.712079666,3704.0,4851.0
0.8096372688536242,0.416274197,0.4069851,0.697359312,3704.0,4851.0
0.8005295792760853,0.418426779,0.443178178,0.69795061,3704.0,4851.0
0.7946139501998903,0.40240278,0.477832882,0.715369568,3704.0,4851.0
0.7935995205205661,0.355249742,0.494889339,0.720346715,3704.0,4851.0
0.7995510782221492,0.285925607,0.507761968,0.742894202,3704.0,4851.0
0.8035458998758334,0.19854549,0.525994705,0.758423299,3704.0,4851.0
0.8043362413526755,0.123065996,0.56568186,0.78139563,3704.0,4851.0
0.7923453003420402,0.059536736,0.592738048,0.797748255,3704.0,4851.0
0.7782022778598459,0.001851061,0.626624183,0.810505215,3704.0,4851.0
0.7428162006934228,0.0,0.650239454,0.835668421,3704.0,4851.0
0.7128763736076439,0.0,0.674340666,0.868190938,3704.0,4851.0
0.6452375961386947,0.0,0.675460663,0.910085511,3704.0,4851.0
0.6148705730156918,0.0,0.692399834,0.90255818,3704.0,4851.0
0.5899386666593339,0.0,0.7043850869999999,0.868406609,3704.0,4851.0
0.5936267198478221,0.0,0.716614728,0.862979772,3704.0,4851.0
0.6232870131690837,0.0,0.714996839,0.855645103,3704.0,4851.0
0.6612271290996126,0.0,0.712355214,0.857476621,3704.0,4851.0
0.7296231582029868,0.0,0.712738655,0.86859241,3704.0,4851.0
0.7800771321286719,0.007544438,0.702814104,0.870560581,3704.0,4851.0
0.8100120799296687,0.125815864,0.684685643,0.859184531,3704.0,4851.0
0.8135554426584077,0.249892329,0.63842577,0.831963438,3704.0,4851.0
0.8018146715231422,0.334258064,0.620271207,0.843738712,3704.0,4851.0
0.7963985836128055,0.413526553,0.594413357,0.876321645,3704.0,4851.0
0.7912702797559257,0.481093984,0.6308007,0.849271482,3704.0,4851.0
0.7868713718237073,0.517655726,0.643909031,0.803718418,3704.0,4851.0
0.7853432955478467,0.477548705,0.64154124,0.765957213,3704.0,4851.0
0.7850013080517649,0.438745154,0.616522584,0.728490571,3704.0,4851.0
0.7915167236780257,0.365890736,0.593619999,0.716478493,3704.0,4851.0
0.793356979925051,0.296208085,0.554233617,0.714009997,3704.0,4851.0
0.7958473229394222,0.223473591,0.52901654,0.726154487,3704.0,4851.0
0.790959962812016,0.129622194,0.525694448,0.798999526,3704.0,4851.0
0.7809866147148029,0.003164415,0.564702604,0.8576405,3704.0,4851.0
0.7480098857514957,0.0,0.597848933,0.878049147,3704.0,4851.0
0.7215858317446653,0.0,0.625252426,0.889460274,3704.0,4851.0
0.6484752991879402,0.0,0.585807392,0.885032939,3704.0,4851.0
0.617626787898431,0.0,0.595275777,0.892856686,3704.0,4851.0
0.5928137122986801,0.0,0.610871874,0.8843375095,3704.0,4851.0
0.5954448866376836,0.0,0.616840453,0.903259274,3704.0,4851.0
0.6241209125511687,0.0,0.616573122,0.902039426,3704.0,4851.0
0.6615063079150179,0.0,0.608984782,0.866649413,3704.0,4851.0
0.7310396782048442,0.0,0.590228414,0.843924884,3704.0,4851.0
0.7814165165050112,0.005993808,0.568297353,0.844852373,3704.0,4851.0
0.8121643388757839,0.09508952,0.54844145,0.871037064,3704.0,4851.0
0.8165966914982907,0.217575749,0.5159599,0.893621167,3704.0,4851.0
0.8119852278687897,0.337425778,0.544842291,0.899870192,3704.0,4851.0
0.8109707094015673,0.424197054,0.520317844,0.885775353,3704.0,4851.0
0.8078309895180741,0.484198442,0.60033938,0.867825232,3704.0,4851.0
0.8028619249849103,0.48671008,0.63524298,0.86670746,3704.0,4851.0
0.7987393569838858,0.486971364,0.660734361,0.869930731,3704.0,4851.0
0.8005842263544795,0.447164243,0.661898101,0.862743974,3704.0,4851.0
0.8015667195228989,0.399209299,0.656144183,0.860562365,3704.0,4851.0
0.8029147977227072,0.315812934,0.62130059,0.852289956,3704.0,4851.0
0.8110342276767459,0.215987393,0.59620087,0.856602208,3704.0,4851.0
0.7965724605883866,0.107043542,0.582642266,0.862740985,3704.0,4851.0
0.7842970179430349,0.002634648,0.581454519,0.871979649,3704.0,4851.0
0.7501175221475133,0.0,0.580112796,0.879915753,3704.0,4851.0
0.7182155475078666,0.0,0.589757535,0.883667983,3704.0,4851.0
0.6477681702962392,0.0,0.610892769,0.881796976,3704.0,4851.0
0.6170277998320061,0.0,0.597385152,0.87980479,3704.0,4851.0
0.5937855155357686,0.0,0.59625646,0.882792449,3704.0,4851.0
0.5933622894413635,0.0,0.595230192,0.87591214,3704.0,4851.0
0.6252786132987567,0.0,0.554131293,0.829203438,3704.0,4851.0
0.666141546554382,0.0,0.508442831,0.748446549,3704.0,4851.0
0.7407514568502341,0.0,0.461782861,0.646130156,3704.0,4851.0
0.7989488964236415,0.007524697,0.40253607,0.528961671,3704.0,4851.0
0.8335860610324775,0.114528587,0.359262122,0.410929458,3704.0,4851.0
0.8357856924225224,0.263173995,0.346585888,0.301546488,3704.0,4851.0
0.8328630524707413,0.374232414,0.313390754,0.19773526,3704.0,4851.0
0.8298370621905681,0.456045456,0.184607468,0.104847238,3704.0,4851.0
0.8258781692635124,0.496483022,0.187671923,0.101792712,3704.0,4851.0
0.8200387444004483,0.523855566,0.182061918,0.105525481,3704.0,4851.0
0.817111491325099,0.530349991,0.166409744,0.113939405,3704.0,4851.0
0.8142615957943927,0.525041426,0.145888957,0.133123841,3704.0,4851.0
0.8175059967111061,0.493780866,0.124256304,0.162639172,3704.0,4851.0
0.8184562872074072,0.436720318,0.106836761,0.182343683,3704.0,4851.0
0.8159008290518159,0.319193956,0.096417686,0.217940708,3704.0,4851.0
0.8072228638911702,0.163747992,0.118875352,0.310888781,3704.0,4851.0
0.7985608670872172,0.004229406,0.181254942,0.430583496,3704.0,4851.0
0.7739501006867067,0.0,0.252927074,0.549975622,3704.0,4851.0
0.7540066869110209,0.0,0.312309259,0.65240119,3704.0,4851.0
0.6665214143897645,0.0,0.378996993,0.693425304,3704.0,4851.0
0.6358003611147176,0.0,0.41721356,0.772712168,3704.0,4851.0
0.6303666637901784,0.0,0.464208178,0.794277425,3704.0,4851.0
0.6667168928434112,0.0,0.4936941,0.824413755,3704.0,4851.0
0.7169840377955897,0.0,0.511981313,0.836351202,3704.0,4851.0
0.7795445898070544,0.0,0.527167955,0.839569581,3704.0,4851.0
0.8218453784826293,0.023576491,0.540007696,0.844212206,3704.0,4851.0
0.842008977134212,0.268310468,0.521843085,0.847627027,3704.0,4851.0
0.833659426361397,0.471288426,0.433927727,0.842215257,3704.0,4851.0
0.8191046883208133,0.648480707,0.391746461,0.820338376,3704.0,4851.0
0.8011750529198628,0.795790532,0.309857781,0.739941048,3704.0,4851.0
0.7910616274864688,0.899725064,0.339701591,0.712455235,3704.0,4851.0
0.783477401263703,0.9431114,0.363451199,0.656194651,3704.0,4851.0
0.7795053787629258,0.927967923,0.381103953,0.586397689,3704.0,4851.0
0.7785800166080001,0.870933777,0.402053477,0.505763171,3704.0,4851.0
0.7780100374816108,0.763082106,0.423182209,0.448471417,3704.0,4851.0
0.7779740200683245,0.614357462,0.423370422,0.395458359,3704.0,4851.0
0.7751032770986245,0.420660023,0.454684362,0.356508515,3704.0,4851.0
0.7636784117865529,0.20375096,0.49940726,0.382261441,3704.0,4851.0
0.7578775769585324,0.004310052,0.538911908,0.438330487,3704.0,4851.0
0.7347444536878565,0.0,0.561208445,0.446119621,3704.0,4851.0
0.7084100438711808,0.0,0.57799686,0.445302312,3704.0,4851.0
0.625017531826032,0.0,0.561721622,0.463179955,3704.0,4851.0
0.5932334563787445,0.0,0.576686094,0.569828304,3704.0,4851.0
0.563839301188305,0.0,0.582726595,0.644209891,3704.0,4851.0
0.5558910423556227,0.0,0.5943509140000001,0.6545535849999999,3704.0,4851.0
0.567483175361225,0.0,0.590611578,0.63744848,3704.0,4851.0
0.5747596572618382,0.0,0.575249285,0.611281877,3704.0,4851.0
0.5825931662909154,0.0,0.562526483,0.562325165,3704.0,4851.0
0.6124859755781549,0.020116993,0.543878262,0.525285657,3704.0,4851.0
0.6438975907532702,0.124371072,0.522906996,0.500641877,3704.0,4851.0
0.6723503711900028,0.234922039,0.476815934,0.482534606,3704.0,4851.0
0.6711667662440831,0.355401656,0.427569573,0.478872312,3704.0,4851.0
0.6636797248046694,0.486260393,0.338744519,0.439056244,3704.0,4851.0
0.6614542335596215,0.559737775,0.341290898,0.436431073,3704.0,4851.0
0.6585465861075769,0.610076335,0.338621095,0.426056092,3704.0,4851.0
0.656916889399352,0.590746534,0.334524455,0.391102715,3704.0,4851.0
0.657089568700092,0.542142661,0.324359545,0.348358305,3704.0,4851.0
0.6564797575204889,0.426452052,0.30436619,0.292693307,3704.0,4851.0
0.6577605028051913,0.323028871,0.275303205,0.236989322,3704.0,4851.0
0.6574899291265971,0.207318282,0.271526261,0.214305414,3704.0,4851.0
0.6481059882032817,0.096631924,0.282580595,0.200873418,3704.0,4851.0
0.6440637940044273,0.002151131,0.289868669,0.17171547,3704.0,4851.0
0.6494212427218866,0.0,0.289799759,0.140381432,3704.0,4851.0
0.6450807964067493,0.0,0.282843896,0.109388136,3704.0,4851.0
0.6242280775194886,0.0,0.289972129,0.120365655,3704.0,4851.0
0.5920079791815215,0.0,0.28168094,0.110010369,3704.0,4851.0
0.5630731782558552,0.0,0.275416976,0.095339814,3704.0,4851.0
0.5544436502852342,0.0,0.262404048,0.097119975,3704.0,4851.0
0.5549258038041546,0.0,0.261788673,0.114397871,3704.0,4851.0
0.5707008294044973,0.0,0.2758094765,0.142504431,3704.0,4851.0
0.5822790346058379,0.0,0.284103288,0.169633739,3704.0,4851.0
0.6145103994902718,0.021463053,0.283224306,0.185939572,3704.0,4851.0
0.6466832139697263,0.125709581,0.266263028,0.195222858,3704.0,4851.0
0.6730421528353365,0.243877897,0.230037625,0.173530377,3704.0,4851.0
0.668096242302951,0.357595482,0.231026651,0.167207795,3704.0,4851.0
0.661250637948262,0.420776865,0.219895933,0.142264186,3704.0,4851.0
0.6603661279455949,0.482549867,0.243712832,0.148748798,3704.0,4851.0
0.6563175020404864,0.462373888,0.256400303,0.177299949,3704.0,4851.0
0.6568165996718155,0.431834003,0.26689269,0.207004998,3704.0,4851.0
0.657728122658517,0.382383326,0.251383679,0.247709062,3704.0,4851.0
0.6582749477841282,0.276819335,0.212152314,0.304370887,3704.0,4851.0
0.6602286232311714,0.191276816,0.189158525,0.363950568,3704.0,4851.0
0.6591801278524737,0.115445971,0.180623272,0.37479312,3704.0,4851.0
0.6504786093986091,0.05222964,0.185867929,0.377873874,3704.0,4851.0
0.6510471691335129,0.002681336,0.186383175,0.381390483,3704.0,4851.0
0.6506392681138107,0.0,0.186121274,0.377606097,3704.0,4851.0
0.645125064007735,0.0,0.186751276,0.376480798,3704.0,4851.0
0.6295730621168804,0.0,0.2056070155,0.3800229,3704.0,4851.0
0.5909533181565428,0.0,0.183873975,0.340632395,3704.0,4851.0
0.5878949478309357,0.0,0.176127842,0.293317358,3704.0,4851.0
0.5924431149019024,0.0,0.168190577,0.230418812,3704.0,4851.0
0.6228119566075909,0.0,0.162734294,0.195377785,3704.0,4851.0
0.6602672576095439,0.0,0.161753315,0.178654352,3704.0,4851.0
0.7305086439613698,0.0,0.161224555,0.158552621,3704.0,4851.0
0.7811356520356663,0.010295624,0.15452464,0.138829735,3704.0,4851.0
0.8098128312806641,0.064942175,0.137239099,0.11932566,3704.0,4851.0
0.8135602331552916,0.140009013,0.11539556,0.09668195,3704.0,4851.0
0.8051602048931215,0.207157046,0.110065941,0.083723429,3704.0,4851.0
0.7963496142015938,0.254978296,0.102124312,0.100461479,3704.0,4851.0
0.7932040392776025,0.296682181,0.134958846,0.11820627,3704.0,4851.0
0.7914097361842619,0.307214476,0.159514243,0.116074442,3704.0,4851.0
0.789681967623627,0.305281078,0.170911685,0.123948953,3704.0,4851.0
0.7909143644049621,0.26988669,0.180100574,0.127032761,3704.0,4851.0
0.7936719100937696,0.253128859,0.181579807,0.139398957,3704.0,4851.0
0.7965421208422829,0.195351037,0.192444766,0.173387766,3704.0,4851.0
0.7964008014879319,0.145879854,0.204648562,0.227701365,3704.0,4851.0
0.7855071478938905,0.069953355,0.218560266,0.272521537,3704.0,4851.0
0.7781157829572045,0.003005284,0.247374207,0.305793384,3704.0,4851.0
0.7432635788172268,0.0,0.276118118,0.323533804,3704.0,4851.0
0.714369275297188,0.0,0.306625339,0.327500333,3704.0,4851.0
0.6467691765499402,0.0,0.32564111,0.34243068,3704.0,4851.0
0.615843840038215,0.0,0.350040661,0.377890411,3704.0,4851.0
0.591212536703253,0.0,0.361271033,0.42259163450000004,3704.0,4851.0
0.5945156210549323,0.0,0.365612253,0.37803082,3704.0,4851.0
0.623851048467077,0.0,0.357699973,0.317809815,3704.0,4851.0
0.6623897977173997,0.0,0.35841827,0.284107776,3704.0,4851.0
0.7326533623142879,0.0,0.353993383,0.277380418,3704.0,4851.0
0.7855667628424841,0.016342207,0.353880306,0.293606944,3704.0,4851.0
0.81762575882948,0.106936419,0.355908849,0.312025961,3704.0,4851.0
0.8182852491160375,0.207029254,0.337301111,0.29860857,3704.0,4851.0
0.8084518009816897,0.325983778,0.36889994,0.281302758,3704.0,4851.0
0.7993294738535264,0.4255827,0.382879831,0.365232037,3704.0,4851.0
0.7910616274864688,0.476269882,0.390433826,0.371946739,3704.0,4851.0
0.786568684058412,0.535880231,0.379367386,0.325676675,3704.0,4851.0
0.7856276197080072,0.496079787,0.364356056,0.311070863,3704.0,4851.0
0.7857143807718621,0.491648065,0.347178647,0.302635824,3704.0,4851.0
0.7872432554301231,0.423137965,0.337714398,0.273546254,3704.0,4851.0
0.790140878353871,0.319078093,0.326415045,0.294014511,3704.0,4851.0
0.7868671135480103,0.236962492,0.314919239,0.319474576,3704.0,4851.0
0.7793731080799151,0.111077021,0.315174457,0.306540015,3704.0,4851.0
0.7781157829572045,0.006424776,0.346859154,0.277089553,3704.0,4851.0
0.7451130612101484,0.0,0.375100231,0.266364999,3704.0,4851.0
0.717531483930286,0.0,0.387838462,0.280335666,3704.0,4851.0
0.6488236296023778,0.0,0.400409339,0.254651922,3704.0,4851.0
0.6071607960478073,0.0,0.4056105835,0.296444711,3704.0,4851.0
0.5968726954082922,0.0,0.396292356,0.313928415,3704.0,4851.0
0.6315936712878293,0.0,0.392423594,0.325334015,3704.0,4851.0
0.6766928579057108,0.0,0.38278139,0.338631887,3704.0,4851.0
0.7458839745382416,0.0,0.385398853,0.349001803,3704.0,4851.0
0.8017236522848309,0.035815309,0.393359686,0.362648472,3704.0,4851.0
0.8276023892441933,0.169489108,0.369366823,0.368807927,3704.0,4851.0
0.8261767761264263,0.303246855,0.311681803,0.335413756,3704.0,4851.0
0.8136791082046072,0.41333396,0.303074439,0.312987761,3704.0,4851.0
0.7991014822232188,0.503506643,0.272833112,0.255113983,3704.0,4851.0
0.7910616274864688,0.541904229,0.2905793,0.285379012,3704.0,4851.0
0.7864561963720215,0.552762491,0.3256691,0.318507265,3704.0,4851.0
0.7828051363525357,0.513018615,0.364198958,0.382663091,3704.0,4851.0
0.7811594270455294,0.474117006,0.380490596,0.450682169,3704.0,4851.0
0.7813877735237085,0.389777762,0.376618254,0.491867952,3704.0,4851.0
0.7824853271015161,0.294306949,0.345505142,0.496075751,3704.0,4851.0
0.7804318054614654,0.191908447,0.332319092,0.511411994,3704.0,4851.0
0.7699726666799604,0.098341993,0.325838804,0.522050655,3704.0,4851.0
0.7676150379843695,0.007777094,0.331270656,0.51015009,3704.0,4851.0
0.7427281976113977,0.0,0.326714048,0.489344302,3704.0,4851.0
0.7163286727547425,0.0,0.314276663,0.464991254,3704.0,4851.0
0.6472515074421759,0.0,0.255543051,0.366044752,3704.0,4851.0
0.6173398911165131,0.0,0.25308756,0.3366244,3704.0,4851.0
0.5931916061978653,0.0,0.2476638565,0.356818855,3704.0,4851.0
0.6113513179730229,0.0,0.2322375005,0.331062302,3704.0,4851.0
0.6653925008655679,0.0,0.211456426,0.306734237,3704.0,4851.0
0.7370148335429749,0.0,0.199266013,0.303242034,3704.0,4851.0
0.7952806262317735,0.023997893,0.184591053,0.280137495,3704.0,4851.0
0.825209985153486,0.12960678,0.15229113,0.239216092,3704.0,4851.0
0.8262511174135426,0.246600969,0.131535175,0.208091414,3704.0,4851.0
0.81712506443335,0.35652734,0.142953293,0.186079692,3704.0,4851.0
0.8130618452197051,0.456195535,0.12615534,0.213167635,3704.0,4851.0
0.8035797881006508,0.516432525,0.127045359,0.177694621,3704.0,4851.0
0.7989284925191766,0.540083303,0.116220765,0.15842064,3704.0,4851.0
0.7973382285717248,0.497340361,0.104259945,0.187536286,3704.0,4851.0
0.7979168128349253,0.447445351,0.09812419,0.229192149,3704.0,4851.0
0.8019919195028813,0.392480622,0.089919722,0.259968091,3704.0,4851.0
0.8056756257290147,0.302045829,0.083524218,0.256795374,3704.0,4851.0
0.8068946269778954,0.223001956,0.077779561,0.244945359,3704.0,4851.0
0.794194073039219,0.115535629,0.071127319,0.234072954,3704.0,4851.0
0.7819077186952719,0.007921936,0.071533801,0.206821807,3704.0,4851.0
0.7470684665532197,0.0,0.081530393,0.163282435,3704.0,4851.0
0.7192656397526057,0.0,0.094556935,0.12462545,3704.0,4851.0
0.6484381285443821,0.0,0.089752137,0.077522841,3704.0,4851.0
0.6068349543829743,0.0,0.1126024205,0.0531726025,3704.0,4851.0
0.5952171611179693,0.0,0.1345378525,0.0684982405,3704.0,4851.0
0.6272366800514835,0.0,0.161940405,0.078051048,3704.0,4851.0
0.6669144115963881,0.0,0.180263231,0.072537992,3704.0,4851.0
0.7397187966970022,0.0,0.193480777,0.071767332,3704.0,4851.0
0.7952806262317735,0.035370116,0.203206566,0.081806136,3704.0,4851.0
0.8243281809038033,0.173910348,0.174897507,0.092398813,3704.0,4851.0
0.8238368899256445,0.321715656,0.149677095,0.103169742,3704.0,4851.0
0.8131492271914047,0.452428934,0.19270801,0.097987097,3704.0,4851.0
0.8023004622074341,0.564014259,0.217542917,0.089102606,3704.0,4851.0
0.7965156844227642,0.586748378,0.254094245,0.078252783,3704.0,4851.0
0.7905093022694714,0.603721276,0.260213789,0.07751975,3704.0,4851.0
0.7858912739037297,0.555054619,0.254024647,0.079149855,3704.0,4851.0
0.7854299678238034,0.52996564,0.246072841,0.086238861,3704.0,4851.0
0.7857809153045676,0.434560386,0.231208235,0.106127062,3704.0,4851.0
0.7858783218045639,0.370275224,0.210857786,0.12130703,3704.0,4851.0
0.781361425892088,0.256620598,0.188446783,0.123665902,3704.0,4851.0
0.7705209111970572,0.133074169,0.191586414,0.123145466,3704.0,4851.0
0.7751070917385519,0.009653408,0.196348477,0.123143082,3704.0,4851.0
0.7449450393763056,0.0,0.202629764,0.131261105,3704.0,4851.0
0.7196306038761501,0.0,0.213859714,0.137279534,3704.0,4851.0
0.6291556244467393,0.0,0.225653672,0.144462829,3704.0,4851.0
0.5813902663780941,0.0,0.21537770750000002,0.11632977250000001,3704.0,4851.0
0.5599614915566815,0.0,0.2060327865,0.11409203300000001,3704.0,4851.0
0.5703573782242215,0.0,0.20042308,0.108186178,3704.0,4851.0
0.5803987689322834,0.0,0.195170356,0.084373253,3704.0,4851.0
0.5968718304602783,0.0,0.196354439,0.075135512,3704.0,4851.0
0.6215855922400693,0.032069497,0.187053124,0.0856033,3704.0,4851.0
0.6564700434967348,0.126930705,0.16240251,0.095727136,3704.0,4851.0
0.6890810543986664,0.232267704,0.129715682,0.091127003,3704.0,4851.0
0.6853171518449187,0.345468586,0.115711669,0.089284882,3704.0,4851.0
0.6790784310989636,0.44896538,0.075324921,0.070601669,3704.0,4851.0
0.6736405199939168,0.512267352,0.07483772,0.06334319,3704.0,4851.0
0.6699410228856465,0.557938129,0.077110846,0.060367119,3704.0,4851.0
0.6680033600373845,0.53074517,0.070649513,0.055904629,3704.0,4851.0
0.6683834939327402,0.469538611,0.070419235,0.069610385,3704.0,4851.0
0.6648082833797542,0.393275934,0.07091725,0.091790875,3704.0,4851.0
0.6673540717536796,0.298523976,0.066259348,0.139139565,3704.0,4851.0
0.6670532470156394,0.194300177,0.069964493,0.166947089,3704.0,4851.0
0.6594094058442803,0.10950882,0.078745927,0.137303582,3704.0,4851.0
0.659084628621821,0.016359375,0.096741468,0.150486546,3704.0,4851.0
0.6591298277364342,0.0,0.111648586,0.2071383,3704.0,4851.0
0.6542453950786566,0.0,0.129694507,0.269875211,3704.0,4851.0
0.6260165255723311,0.0,0.149452441,0.353952405,3704.0,4851.0
0.5934211725225498,0.0,0.150922331,0.380602112,3704.0,4851.0
0.5608430740390996,0.0,0.153657563,0.384347218,3704.0,4851.0
0.562993004201146,0.0,0.1657474075,0.405571185,3704.0,4851.0
0.5767289018743741,0.0,0.161466032,0.428202431,3704.0,4851.0
0.5870308417327333,0.0,0.162502223,0.46477479,3704.0,4851.0
0.6163739428693021,0.058450147,0.161797369,0.478581818,3704.0,4851.0
0.6524114817499873,0.163200043,0.149102282,0.481940658,3704.0,4851.0
0.6814508749209756,0.270536259,0.122154075,0.492969967,3704.0,4851.0
0.6778570347028816,0.386051435,0.113601164,0.526322162,3704.0,4851.0
0.6668236585192903,0.488536652,0.120915623,0.529818547,3704.0,4851.0
0.6632936914242463,0.571502688,0.147917013,0.561231979,3704.0,4851.0
0.6600751946046244,0.584891109,0.184504558,0.566461052,3704.0,4851.0
0.6612156850785899,0.554394542,0.212553864,0.561339047,3704.0,4851.0
0.6629092993544341,0.514542368,0.232915168,0.566610207,3704.0,4851.0
0.6637783289795067,0.390920712,0.254553969,0.589276596,3704.0,4851.0
0.6632746182246093,0.329457657,0.266147832,0.572077156,3704.0,4851.0
0.6610441147660333,0.211375275,0.252757497,0.552383054,3704.0,4851.0
0.6530659597217762,0.113570469,0.251252198,0.550133608,3704.0,4851.0
0.6546218474653122,0.015299121,0.243140702,0.540452969,3704.0,4851.0
0.6566153327432844,0.0,0.217514269,0.530155783,3704.0,4851.0
0.6302001499838586,0.0,0.2022451975,0.4862306635,3704.0,4851.0
0.5919947387494775,0.0,0.17356563749999998,0.4418041925,3704.0,4851.0
0.6106347633398255,0.0,0.15567428449999998,0.4343689685,3704.0,4851.0
0.6631705138571454,0.0,0.153886667,0.437903481,3704.0,4851.0
0.7343835261233648,0.0,0.146036667,0.404204015,3704.0,4851.0
0.7881013733566004,0.04063034,0.135847234,0.38764618,3704.0,4851.0
0.81664122526049,0.141189752,0.113442953,0.373367544,3704.0,4851.0
0.8147976866959646,0.267375592,0.116918407,0.356430505,3704.0,4851.0
0.8012623462049046,0.381569753,0.117753712,0.307620596,3704.0,4851.0
0.7964160600476415,0.462629302,0.096238357,0.267026378,3704.0,4851.0
0.7886145320246587,0.47490065449999996,0.11894481900000001,0.264879322,3704.0,4851.0
0.7849316685748746,0.411828322,0.134577576,0.278608466,3704.0,4851.0
0.7819705272747078,0.376098379,0.148615409,0.273634665,3704.0,4851.0
0.7813877735237085,0.33153037,0.162326266,0.274122404,3704.0,4851.0
0.7822712633260903,0.264618898,0.169882256,0.284364431,3704.0,4851.0
0.7777064625460168,0.206812595,0.167083409,0.283675025,3704.0,4851.0
0.7675366158961122,0.140435301,0.177129268,0.282423173,3704.0,4851.0
0.7633348275256703,0.016203005,0.189430778,0.29796465,3704.0,4851.0
0.741417157025161,0.0,0.18961463,0.342744056,3704.0,4851.0
0.7169386168630918,0.0,0.183778189,0.416292572,3704.0,4851.0
0.6494259445321127,0.0,0.185127331,0.538514123,3704.0,4851.0
0.6074518624693848,0.0,0.180140482,0.6046844775,3704.0,4851.0
0.5966848684061647,0.0,0.1785905455,0.6673898845,3704.0,4851.0
0.6292684670822416,0.0,0.18126093,0.69306904,3704.0,4851.0
0.6714496267706698,0.0,0.186186438,0.694683873,3704.0,4851.0
0.7450903507438993,0.0,0.193170068,0.71277742,3704.0,4851.0
0.7925667272361071,0.09878963,0.198125549,0.740222218,3704.0,4851.0
0.8114153375302986,0.316340802,0.17850269,0.742081281,3704.0,4851.0
0.801205747513838,0.51836082,0.121095726,0.699449703,3704.0,4851.0
0.7883982947680556,0.693324988,0.130574643,0.678705491,3704.0,4851.0
0.7837513460476956,0.830701084,0.117369786,0.614268822,3704.0,4851.0
0.7822363105576586,0.921357402,0.122461593,0.561430921,3704.0,4851.0
0.7770794411940319,0.95378093,0.1224658,0.513037589,3704.0,4851.0
0.7750429524542881,0.93441613,0.115901233,0.46362181,3704.0,4851.0
0.7742026657092779,0.877985522,0.107330563,0.419756045,3704.0,4851.0
0.773813926677111,0.775014285,0.099330114,0.380501193,3704.0,4851.0
0.77363428344893,0.633872307,0.094380857,0.342111198,3704.0,4851.0
0.7692569326514482,0.459935637,0.092315669,0.330844,3704.0,4851.0
0.7554186383351197,0.257160744,0.113700027,0.343197645,3704.0,4851.0
0.7503563366885182,0.032529149,0.146355276,0.384953257,3704.0,4851.0
0.7270448122078312,0.0,0.173524807,0.429507078,3704.0,4851.0
0.7047577420360057,0.0,0.186019628,0.462887709,3704.0,4851.0
0.6443308192043077,0.0,0.205034941,0.566009958,3704.0,4851.0
0.6144651559310892,0.0,0.205054308,0.562692645,3704.0,4851.0
0.5905442860782333,0.0,0.2079246075,0.5165194475,3704.0,4851.0
0.5954550886405361,0.0,0.207885805,0.430084571,3704.0,4851.0
0.6252822949086976,0.0,0.206644889,0.383440145,3704.0,4851.0
0.6632574966376446,0.0,0.213829513,0.343725427,3704.0,4851.0
0.7342923294104974,0.0,0.23285127,0.336080378,3704.0,4851.0
0.7821321618468657,0.113581446,0.24927647,0.350010496,3704.0,4851.0
0.7918469124064538,0.32812121,0.230663243,0.374400893,3704.0,4851.0
0.7867210924846737,0.526358679,0.172202693,0.406233792,3704.0,4851.0
0.7814847365904161,0.701041583,0.144747672,0.414123828,3704.0,4851.0
0.7793324777455414,0.836037314,0.142193679,0.402283234,3704.0,4851.0
0.7790975664298811,0.92865182,0.178791574,0.430949252,3704.0,4851.0
0.7775013588565141,0.963387594,0.202869192,0.443524655,3704.0,4851.0
0.7757780258436512,0.946855107,0.222292658,0.45466554,3704.0,4851.0
0.7717121453215914,0.884549254,0.238238494,0.434029083,3704.0,4851.0
0.7702547730662349,0.766773793,0.238552289,0.38378803,3704.0,4851.0
0.7721651124259201,0.620677804,0.218726663,0.343497215,3704.0,4851.0
0.7699488916700974,0.442898948,0.226071938,0.326599461,3704.0,4851.0
0.7548735874488653,0.253163529,0.256210142,0.323181073,3704.0,4851.0
0.7462915207100725,0.03592046,0.299263559,0.358873591,3704.0,4851.0
0.723897507387812,0.0,0.32945535,0.431883389,3704.0,4851.0
0.7017342800342609,0.0,0.332403986,0.463651702,3704.0,4851.0
0.6423884103037313,0.0,0.334828731,0.42027915,3704.0,4851.0
0.6118064363362443,0.0,0.343536537,0.422917298,3704.0,4851.0
0.5875511417521683,0.0,0.350081006,0.416740708,3704.0,4851.0
0.5877363295163046,0.0,0.33508699200000003,0.355367253,3704.0,4851.0
0.6217390652099452,0.0,0.320377312,0.309818317,3704.0,4851.0
0.6604044961627538,0.0,0.307412097,0.308754765,3704.0,4851.0
0.7285993249032104,0.0,0.29974909,0.319005301,3704.0,4851.0
0.7710817528642081,0.12081064,0.279922334,0.321350298,3704.0,4851.0
0.7845690998010129,0.334806163,0.235878184,0.287332789,3704.0,4851.0
0.7835953004560622,0.533825275,0.150005648,0.215590507,3704.0,4851.0
0.7799374096403624,0.705385028,0.128662278,0.161708674,3704.0,4851.0
0.779447538053689,0.839009543,0.101989053,0.118034073,3704.0,4851.0
0.7799010373792047,0.929372362,0.111581962,0.108240288,3704.0,4851.0
0.7751294473569295,0.970774085,0.114993616,0.111340501,3704.0,4851.0
0.771211362137563,0.955809075,0.113184558,0.108562893,3704.0,4851.0
0.7706218662770077,0.879504221,0.106115099,0.100161079,3704.0,4851.0
0.7712904051336651,0.763088863,0.103759322,0.096546025,3704.0,4851.0
0.7749097059143212,0.622308524,0.102448323,0.091681688,3704.0,4851.0
0.766969564340592,0.441686543,0.105937499,0.088167699,3704.0,4851.0
0.7554331871990866,0.252141527,0.121611495,0.090332316,3704.0,4851.0
0.7456542086685771,0.039871186,0.139600924,0.098436009,3704.0,4851.0
0.722076679188295,0.0,0.151264529,0.120724042,3704.0,4851.0
0.7010025333057269,0.0,0.154866036,0.15541984,3704.0,4851.0
0.6421062594728874,0.0,0.162097769,0.149893159,3704.0,4851.0
0.6118594865485972,0.0,0.158877953,0.15959845,3704.0,4851.0
0.5861016648872601,0.0,0.148894951,0.177349902,3704.0,4851.0
0.605071212752382,0.0,0.14067374100000002,0.191592728,3704.0,4851.0
0.6594698191752743,0.0,0.127680205,0.187618915,3704.0,4851.0
0.7263668697307216,0.0,0.11913159,0.182988138,3704.0,4851.0
0.7677844792096978,0.126350265,0.111057454,0.184842643,3704.0,4851.0
0.782539885392012,0.327130257,0.092102474,0.180712691,3704.0,4851.0
0.7813745553645693,0.524880226,0.053950586,0.158234813,3704.0,4851.0
0.7799824756237486,0.693238009,0.044110825,0.134442642,3704.0,4851.0
0.7798863111419224,0.831196556,0.04476693,0.089880821,3704.0,4851.0
0.7774559379240162,0.921516231,0.04925324,0.074931758,3704.0,4851.0
0.7747664349472979,0.958847246,0.054331592,0.063692411,3704.0,4851.0
0.7710262187167556,0.924423256,0.058815867,0.057447595,3704.0,4851.0
0.7706286083865638,0.848573737,0.065245555,0.059010119,3704.0,4851.0
0.7708729232214356,0.722824957,0.069312427,0.064018186,3704.0,4851.0
0.7730611106916984,0.565851781,0.074984793,0.070092399,3704.0,4851.0
0.7659800629014029,0.415622675,0.082474949,0.07343012,3704.0,4851.0
0.7550382382785503,0.239856364,0.104196647,0.080358932,3704.0,4851.0
0.7456550958388758,0.043917664,0.131088834,0.095950464,3704.0,4851.0
0.7212722323820152,0.0,0.156990358,0.121449962,3704.0,4851.0
0.7006028825749645,0.0,0.169488944,0.14184249,3704.0,4851.0
0.6233235628035569,0.0,0.186394142,0.145481151,3704.0,4851.0
0.5759645310602368,0.0,0.185810199,0.157793218,3704.0,4851.0
0.5540708794578995,0.0,0.1681821755,0.2049257705,3704.0,4851.0
0.5699185164493304,0.0,0.150519137,0.26244055850000003,3704.0,4851.0
0.5825233493394693,0.0,0.144525691,0.30256077,3704.0,4851.0
0.6071116714349445,0.131813801,0.138128405,0.312855459,3704.0,4851.0
0.6305165660590559,0.323661289,0.111875484,0.288323976,3704.0,4851.0
0.6551574947311143,0.499578449,0.066728266,0.243629587,3704.0,4851.0
0.6567037571375538,0.666486793,0.047744418,0.201663594,3704.0,4851.0
0.6553942689727891,0.802491235,0.04263715,0.152313875,3704.0,4851.0
0.6575692826272416,0.89288867,0.049554262,0.144993342,3704.0,4851.0
0.6577809954975543,0.920893999,0.054772871,0.125686729,3704.0,4851.0
0.6595230024176136,0.906328585,0.057511547,0.112995527,3704.0,4851.0
0.6614624395052324,0.832815829,0.056686845,0.110899028,3704.0,4851.0
0.6613347376024614,0.74691109,0.058914294,0.135983232,3704.0,4851.0
0.6604197103791345,0.605884619,0.061166226,0.179078126,3704.0,4851.0
0.655162950580412,0.417709509,0.072948628,0.221005818,3704.0,4851.0
0.6423416586664055,0.231476689,0.097498285,0.238999775,3704.0,4851.0
0.6380695654666595,0.047432448,0.121225281,0.275200325,3704.0,4851.0
0.6407451404872554,0.0,0.141336923,0.315867695,3704.0,4851.0
0.6353670660474464,0.0,0.157739191,0.358614403,3704.0,4851.0
0.6228763620530683,0.0,0.203858372,0.278940542,3704.0,4851.0
0.5905053190236538,0.0,0.200840735,0.262397727,3704.0,4851.0
0.5604050550405582,0.0,0.195803306,0.218978735,3704.0,4851.0
0.552147011485153,0.0,0.18783014,0.205003971,3704.0,4851.0
0.5585865556251101,0.0,0.1966277815,0.23061803349999999,3704.0,4851.0
0.5713320646382302,0.0,0.204963383,0.213619633,3704.0,4851.0
0.5807105497122479,0.0,0.208096379,0.212931656,3704.0,4851.0
0.6042116532627547,0.124848447,0.210020509,0.271088959,3704.0,4851.0
0.6286367439200304,0.282149069,0.185358922,0.303351399,3704.0,4851.0
0.6550563622778485,0.451571977,0.115309852,0.260632238,3704.0,4851.0
0.6564571358421382,0.631155551,0.105250741,0.239700579,3704.0,4851.0
0.6554386252604324,0.760474706,0.087679362,0.215153011,3704.0,4851.0
0.6587273382227008,0.854724822,0.115566857,0.239119986,3704.0,4851.0
0.6579598402420942,0.894472861,0.138260376,0.268605421,3704.0,4851.0
0.6603827615534612,0.860373874,0.159453637,0.32638021,3704.0,4851.0
0.6611346904698155,0.759921274,0.178757826,0.358897205,3704.0,4851.0
0.6606106644971111,0.636206663,0.183372019,0.432852098,3704.0,4851.0
0.6584115209849242,0.476962188,0.173314855,0.453858537,3704.0,4851.0
0.6538218363080446,0.31359949,0.159012117,0.436831516,3704.0,4851.0
0.6422953950081781,0.150246284,0.162650296,0.396540238,3704.0,4851.0
0.6379081970557151,0.029879125,0.172432622,0.398096203,3704.0,4851.0
0.6415250139012717,0.0,0.176846343,0.405955211,3704.0,4851.0
0.636030681478474,0.0,0.177875133,0.413966457,3704.0,4851.0
0.6421062594728874,0.0,0.171411581,0.354532588,3704.0,4851.0
0.6117753868943978,0.0,0.172341739,0.403408166,3704.0,4851.0
0.5873146336717071,0.0,0.151546766,0.416589558,3704.0,4851.0
0.5867668770830885,0.0,0.1349993005,0.382758155,3704.0,4851.0
0.618185500579594,0.0,0.121529996,0.32456325,3704.0,4851.0
0.6594698191752743,0.0,0.111195242,0.298539406,3704.0,4851.0
0.7263668697307216,0.0,0.101665512,0.251142001,3704.0,4851.0
0.7722144366850032,0.072552727,0.090746885,0.231783442,3704.0,4851.0
0.7918469124064538,0.175832947,0.069328534,0.242316449,3704.0,4851.0
0.7938259152848323,0.305325228,0.05473673,0.22188574,3704.0,4851.0
0.7887009825333507,0.424916751,0.051853166,0.215654743,3704.0,4851.0
0.7855988768279448,0.520587074,0.047994191,0.220985868,3704.0,4851.0
0.7836324710996204,0.546008795,0.063357063,0.221886732,3704.0,4851.0
0.7814384284876194,0.545721377,0.082700153,0.263780854,3704.0,4851.0
0.7795053787629258,0.516728745,0.104951306,0.295311195,3704.0,4851.0
0.7784453506765476,0.458222167,0.11812232,0.319011302,3704.0,4851.0
0.778599622028824,0.393607871,0.11917201,0.327057643,3704.0,4851.0
0.7794893217195752,0.305949956,0.126883843,0.343878418,3704.0,4851.0
0.7772068326935009,0.23160162,0.11486583,0.361814917,3704.0,4851.0
0.765244634562928,0.131840913,0.10325085,0.367178493,3704.0,4851.0
0.7647276169622339,0.031814134,0.106855876,0.389579173,3704.0,4851.0
0.7424263970164012,0.0,0.108351976,0.405327193,3704.0,4851.0
0.714369275297188,0.0,0.107912853,0.4043781,3704.0,4851.0
0.645753504852446,0.0,0.104477366,0.451122561,3704.0,4851.0
0.6160179387304405,0.0,0.098288435,0.456001849,3704.0,4851.0
0.5937855155357686,0.0,0.089053868,0.452133865,3704.0,4851.0
0.5934588753872949,0.0,0.08716487649999999,0.4422492675,3704.0,4851.0
0.6248383321323802,0.0,0.081772361,0.436621909,3704.0,4851.0
0.6628309659528344,0.0,0.076229203,0.421693818,3704.0,4851.0
0.7326533623142879,0.0,0.071799575,0.395912792,3704.0,4851.0
0.7805809315702271,0.090486811,0.069197601,0.386874177,3704.0,4851.0
0.8039271871027014,0.240432216,0.050567274,0.365026576,3704.0,4851.0
0.7991312897481356,0.395380903,0.047952323,0.352535093,3704.0,4851.0
0.789327471664149,0.537274091,0.060316029,0.344433242,3704.0,4851.0
0.7855988768279448,0.642931982,0.040277573,0.306395407,3704.0,4851.0
0.7834532714059685,0.669994396,0.047212462,0.292531932,3704.0,4851.0
0.7781367635274254,0.6768921115,0.0659746845,0.2931142835,3704.0,4851.0
0.7746963519358786,0.635042818,0.090806653,0.338400457,3704.0,4851.0
0.7744598438554176,0.580245926,0.107733504,0.374029688,3704.0,4851.0
0.7743042417983134,0.484026156,0.113937326,0.409948659,3704.0,4851.0
0.7704284725672602,0.368752035,0.112049713,0.463573062,3704.0,4851.0
0.7589543717840039,0.221932213,0.116108509,0.542983824,3704.0,4851.0
0.7520841940370514,0.053010647,0.13291589,0.581754804,3704.0,4851.0
0.7287526647418594,0.0,0.154045864,0.585885614,3704.0,4851.0
0.7046691623894651,0.0,0.180519162,0.625153325,3704.0,4851.0
0.6430140566075595,0.0,0.238914199,0.701619591,3704.0,4851.0
0.6129248373530459,0.0,0.249616598,0.712265912,3704.0,4851.0
0.589106452829948,0.0,0.254317557,0.700386912,3704.0,4851.0
0.589493550703365,0.0,0.25557139900000003,0.680600868,3704.0,4851.0
0.6226308939879246,0.0,0.234465571,0.637582767,3704.0,4851.0
0.6604044961627538,0.0,0.223841708,0.583850643,3704.0,4851.0
0.7278508114355833,0.0,0.210238233,0.49515413,3704.0,4851.0
0.7737679735234261,0.077627542,0.194491089,0.435308748,3704.0,4851.0
0.7936944430854627,0.158844932,0.179566405,0.431273815,3704.0,4851.0
0.7936859266353091,0.237844303,0.196822002,0.471440939,3704.0,4851.0
0.7883982947680556,0.329681498,0.234841631,0.520937819,3704.0,4851.0
0.7850900207282921,0.400760002,0.188744705,0.485029275,3704.0,4851.0
0.7836324710996204,0.466907197,0.245441113,0.542628014,3704.0,4851.0
0.7802905748950126,0.481641454,0.304982858,0.612625419,3704.0,4851.0
0.7795053787629258,0.491487015,0.352505797,0.691462972,3704.0,4851.0
0.7784453506765476,0.493504073,0.393447087,0.750810021,3704.0,4851.0
0.7787481271285006,0.425820507,0.414987898,0.798476793,3704.0,4851.0
0.7792135140095681,0.366114743,0.41869364,0.82845408,3704.0,4851.0
0.7772231557968248,0.262264318,0.404117371,0.83614308,3704.0,4851.0
0.765244634562928,0.150540896,0.385066133,0.83422607,3704.0,4851.0
0.7633868131944089,0.046554371,0.376736227,0.822309705,3704.0,4851.0
0.7397692741863573,0.0,0.357327756,0.798062119,3704.0,4851.0
0.712918600808059,0.0,0.349436202,0.77220069,3704.0,4851.0
0.6458507339791266,0.0,0.323668728,0.724724733,3704.0,4851.0
0.604136757532167,0.0,0.325981509,0.6839365035,3704.0,4851.0
0.5928035546391563,0.0,0.32122943049999997,0.6692518775,3704.0,4851.0
0.6248383321323802,0.0,0.294889029,0.653871764,3704.0,4851.0
0.6634443256111513,0.0,0.283159444,0.636511184,3704.0,4851.0
0.7336571464562303,0.001022538,0.257899893,0.594614182,3704.0,4851.0
0.7857802055075844,0.114661512,0.22921399,0.567009953,3704.0,4851.0
0.8127524153448539,0.263166941,0.22179023,0.545558763,3704.0,4851.0
0.8150633811910171,0.41056175,0.231791974,0.519271296,3704.0,4851.0
0.8045432967560909,0.531743669,0.226572935,0.476352093,3704.0,4851.0
0.7997170596554214,0.610394632,0.148100468,0.393127984,3704.0,4851.0
0.7945584160524378,0.614638887,0.170439881,0.388408162,3704.0,4851.0
0.7909019446282235,0.607017811,0.19509473,0.382271764,3704.0,4851.0
0.7868190313070972,0.635733939,0.213482023,0.389401271,3704.0,4851.0
0.7858268684582524,0.577431263,0.216877096,0.389046069,3704.0,4851.0
0.7863136349995007,0.524135133,0.203910034,0.366808144,3704.0,4851.0
0.7867338671092837,0.410764267,0.185131932,0.343671569,3704.0,4851.0
0.7850182521641736,0.31341488,0.160495358,0.306195222,3704.0,4851.0
0.7793731080799151,0.184483966,0.135304411,0.254414739,3704.0,4851.0
0.7802406296268445,0.046024144,0.131288365,0.217003614,3704.0,4851.0
0.7502449135457419,0.0,0.120677358,0.186312518,3704.0,4851.0
0.7231070772243121,0.0,0.110254204,0.17376304,3704.0,4851.0
0.651060564767208,0.0,0.11073973,0.206825963,3704.0,4851.0
0.6199361126364645,0.0,0.117498552,0.21423783,3704.0,4851.0
0.6013373173697716,0.0,0.132617296,0.259089275,3704.0,4851.0
0.6100860752375794,0.0,0.16037261,0.317239313,3704.0,4851.0
0.6473333006358316,0.0,0.191023286,0.347294203,3704.0,4851.0
0.6985207068427497,0.0,0.21876419,0.372854044,3704.0,4851.0
0.766073832134787,0.00143889,0.238068957,0.462242436,3704.0,4851.0
0.7981946610467434,0.13068766,0.244440439,0.56659079,3704.0,4851.0
0.8213326190563915,0.283334402,0.217076881,0.660090351,3704.0,4851.0
0.8147976866959646,0.435901745,0.214629888,0.726448256,3704.0,4851.0
0.7985876582533668,0.574419171,0.288779732,0.751713047,3704.0,4851.0
0.7875816943462506,0.710644832,0.251190476,0.731269307,3704.0,4851.0
0.7834532714059685,0.760392829,0.332478269,0.744736426,3704.0,4851.0
0.7789339802450508,0.772294418,0.415466039,0.769094906,3704.0,4851.0
0.7756701512808291,0.743745199,0.476716646,0.772349893,3704.0,4851.0
0.774762797680686,0.639547624,0.519281268,0.754195021,3704.0,4851.0
0.7741142191939644,0.515852102,0.536058528,0.726981305,3704.0,4851.0
0.7743042417983134,0.392862705,0.523230314,0.701096612,3704.0,4851.0
0.7710127343964028,0.274520661,0.488653173,0.698175541,3704.0,4851.0
0.7603851301452855,0.154494519,0.469364994,0.694317054,3704.0,4851.0
0.75309844634306,0.037567749,0.443341269,0.689165965,3704.0,4851.0
0.7281078122084074,0.0,0.415003294,0.695832223,3704.0,4851.0
0.7044571390146097,0.0,0.394267611,0.708265872,3704.0,4851.0
0.6238490081677469,0.0,0.348366304,0.664637441,3704.0,4851.0
0.5770566287887466,0.0,0.3221494455,0.6686888470000001,3704.0,4851.0
0.5539589018716518,0.0,0.2823833915,0.6426371425,3704.0,4851.0
0.5652155013603313,0.0,0.237282997,0.582276907,3704.0,4851.0
0.573791092049541,0.0,0.208059992,0.538228699,3704.0,4851.0
0.5811619199505352,0.001278769,0.181802581,0.482171698,3704.0,4851.0
0.6108949133495429,0.078882547,0.155060184,0.421223928,3704.0,4851.0
0.6461663293990185,0.174646216,0.136297953,0.362280804,3704.0,4851.0
0.6797488329828759,0.277390336,0.129688706,0.312648854,3704.0,4851.0
0.6801261725398301,0.371150851,0.130531705,0.262806222,3704.0,4851.0
0.679391941774956,0.433380406,0.112936429,0.173900718,3704.0,4851.0
0.6762421086765082,0.41218782,0.140388663,0.151736708,3704.0,4851.0
0.6740944628539616,0.422062625,0.148747613,0.14020469,3704.0,4851.0
0.6734000197989723,0.402706169,0.149514462,0.132199218,3704.0,4851.0
0.6724141555251546,0.385733423,0.143165314,0.130530163,3704.0,4851.0
0.6705610359668617,0.324176161,0.133437016,0.134628997,3704.0,4851.0
0.6702268552251907,0.25571739,0.124988567,0.143740729,3704.0,4851.0
0.6676789821073659,0.186643207,0.108817472,0.143579,3704.0,4851.0
0.6594990055898657,0.118682032,0.111536104,0.146998273,3704.0,4851.0
0.6612195885064155,0.038606045,0.137775344,0.160740788,3704.0,4851.0
0.6666653951031507,0.0,0.18400769150000001,0.19477924800000002,3704.0,4851.0
0.6274911524446387,0.0,0.205491376,0.219128468,3704.0,4851.0
0.5807430628889088,0.0,0.20495480049999998,0.252844099,3704.0,4851.0
0.5576224924755783,0.0,0.2123386,0.306163929,3704.0,4851.0
0.5674172618376043,0.0,0.252810268,0.342714363,3704.0,4851.0
0.5749653820616665,0.0,0.279614294,0.389964869,3704.0,4851.0
0.5833036662880147,0.001488031,0.301260399,0.469631183,3704.0,4851.0
0.6144707449116139,0.058667445,0.328630247,0.527669045,3704.0,4851.0
0.652014625458867,0.114078843,0.334681891,0.575426757,3704.0,4851.0
0.6888884590713196,0.195188494,0.31125617,0.602644937,3704.0,4851.0
0.6900047310008928,0.285900455,0.328839846,0.629332765,3704.0,4851.0
0.6825028300917292,0.341349875,0.333434204,0.679670253,3704.0,4851.0
0.6800297861388788,0.385037381,0.360603357,0.692155862,3704.0,4851.0
0.6792859301381486,0.36949775,0.370673822,0.755405462,3704.0,4851.0
0.683794487075027,0.340658191,0.375799657,0.763082813,3704.0,4851.0
0.6879224664807798,0.248041455,0.386006922,0.784782042,3704.0,4851.0
0.6971366999163129,0.191291122,0.396314117,0.836625291,3704.0,4851.0
0.7021243941145844,0.13292484,0.417619546,0.866570869,3704.0,4851.0
0.7030136502708065,0.088779399,0.443586293,0.861421402,3704.0,4851.0
0.6958728100573616,0.050987697,0.453197331,0.854934779,3704.0,4851.0
0.6883442953553638,0.010989194,0.456077696,0.854818948,3704.0,4851.0
0.6818004029090138,0.0,0.476143115,0.85145427,3704.0,4851.0
0.6669636471688135,0.0,0.51594844,0.838929743,3704.0,4851.0
0.6328169307617866,0.0,0.553950015,0.7897904945,3704.0,4851.0
0.592954277512719,0.0,0.5574030875,0.7745976649999999,3704.0,4851.0
0.5959077894824109,0.0,0.541054227,0.735406774,3704.0,4851.0
0.6250565653956047,0.0,0.533441136,0.721298452,3704.0,4851.0
0.6630862368296306,0.0,0.521597305,0.712149893,3704.0,4851.0
0.7330807800681561,0.00113013,0.506794793,0.703829324,3704.0,4851.0
0.7881013733566004,0.043795372,0.513942807,0.702635641,3704.0,4851.0
0.8230468146100162,0.120857474,0.530143395,0.69432119,3704.0,4851.0
0.8303293290256832,0.193402847,0.553459036,0.68157318,3704.0,4851.0
0.8299243555768503,0.299737939,0.546436313,0.675399776,3704.0,4851.0
0.8310453292154092,0.380025069,0.483642767,0.642667121,3704.0,4851.0
0.8309507614983839,0.421810394,0.515985164,0.644682488,3704.0,4851.0
0.8310324659041414,0.444039361,0.541582563,0.649104583,3704.0,4851.0
0.8316680923929376,0.45345134,0.551669816,0.655575862,3704.0,4851.0
0.8325433319063796,0.419509389,0.56449807,0.661056094,3704.0,4851.0
0.839999900569703,0.371860176,0.5523775,0.654445613,3704.0,4851.0
0.8423035032972251,0.287132774,0.512150453,0.638169481,3704.0,4851.0
0.8436545977545604,0.201273016,0.445030859,0.611901846,3704.0,4851.0
0.8246902174564785,0.102916164,0.361546655,0.566872708,3704.0,4851.0
0.8084164933653867,0.031469711,0.304446628,0.532750908,3704.0,4851.0
0.7796043821289633,0.0,0.251362103,0.515045303,3704.0,4851.0
0.7484650706297106,0.0,0.219890192,0.484065153,3704.0,4851.0
0.642677214456233,0.0,0.171066218,0.370053212,3704.0,4851.0
0.6158842043126155,0.0,0.170539315,0.389135719,3704.0,4851.0
0.5983590989272093,0.0,0.169447131,0.41706601,3943.0,5163.0
0.59878971031192,0.0,0.170117358,0.46564968250000005,3943.0,5163.0
0.6273300945382368,0.0,0.163789507,0.468172858,3943.0,5163.0
0.6706422967368495,0.0,0.152548155,0.434459015,3943.0,5163.0
0.7267830653826926,0.00205238,0.139445008,0.392662477,3943.0,5163.0
0.7761447642065523,0.07826161,0.126185577,0.342653077,3943.0,5163.0
0.8121080949313481,0.165903114,0.10934486,0.285561956,3943.0,5163.0
0.8159824447709157,0.295940412,0.111633092,0.242672435,3943.0,5163.0
0.8091717932858989,0.389591942,0.108687078,0.223381524,3943.0,5163.0
0.8065753499480627,0.465764933,0.084632389,0.201663602,3943.0,5163.0
0.80272592834863,0.484320999,0.098622186,0.239489853,3943.0,5163.0
0.7991324429784075,0.475136692,0.120406514,0.294314755,3943.0,5163.0
0.7968876568170783,0.471849298,0.135681146,0.327396296,3943.0,5163.0
0.7909404459766094,0.434520912,0.143476222,0.34860132,3943.0,5163.0
0.7910876203714583,0.387012247,0.146360813,0.359123914,3943.0,5163.0
0.7951403714210368,0.334194723,0.144360022,0.357535782,3943.0,5163.0
0.7918311215243169,0.227604508,0.13823002,0.353018566,3943.0,5163.0
0.7776283954068712,0.151412303,0.122304617,0.356107915,3943.0,5163.0
0.7713714885303373,0.067875664,0.119192137,0.387911968,3943.0,5163.0
0.7417821653907937,0.0,0.124521276,0.441309773,3943.0,5163.0
0.7306591007749592,0.0,0.133093524,0.510989081,3943.0,5163.0
0.6427078203635506,0.0,0.18117001,0.660117582,3943.0,5163.0
0.6195047914547707,0.0,0.18671808,0.690144167,3943.0,5163.0
0.6045191758176425,0.0,0.1942568385,0.717486195,3943.0,5163.0
0.6256936778921203,0.0,0.2029088155,0.73449117,3943.0,5163.0
0.6774662551689036,0.0,0.231085356,0.749981097,3943.0,5163.0
0.7286567219766775,0.003550367,0.246972068,0.769664642,3943.0,5163.0
0.7716126984210245,0.124448172,0.24496303,0.792360437,3943.0,5163.0
0.8048114752874836,0.275227386,0.203711984,0.790900638,3943.0,5163.0
0.8040628287898698,0.433520939,0.220934878,0.793745434,3943.0,5163.0
0.7981157067372991,0.589360886,0.264553237,0.796650499,3943.0,5163.0
0.7856171516451813,0.661420011,0.245180869,0.802060479,3943.0,5163.0
0.7823713313369824,0.664584416,0.265063838,0.786302515,3943.0,5163.0
0.7778712020623595,0.634538807,0.280491908,0.754393189,3943.0,5163.0
0.7759222727688712,0.554697076,0.293240417,0.704197324,3943.0,5163.0
0.7750967123623838,0.477500275,0.311329359,0.690425276,3943.0,5163.0
0.7742894267731327,0.393164694,0.33214393,0.707625462,3943.0,5163.0
0.7771036597384241,0.273396968,0.335619626,0.717901848,3943.0,5163.0
0.7722660675058706,0.198303216,0.308197383,0.731590131,3943.0,5163.0
0.7633572718307056,0.128165974,0.28333313,0.708653462,3943.0,5163.0
0.7529811681597859,0.044109777,0.270148894,0.651954346,3943.0,5163.0
0.727171493910317,0.0,0.267152404,0.591836796,3943.0,5163.0
0.6987954500091427,0.0,0.27103136,0.528967032,3943.0,5163.0
0.6339057461221762,0.0,0.275638093,0.551760829,3943.0,5163.0
0.6042653243829521,0.0,0.284470578,0.57592696,3943.0,5163.0
0.5812614555377598,0.0,0.292739506,0.594636281,3943.0,5163.0
0.5850202127467523,0.0,0.308554481,0.599237471,3943.0,5163.0
0.6126943617876386,0.0,0.32423588,0.542994205,3943.0,5163.0
0.6442467195501084,0.0,0.331137677,0.465196597,3943.0,5163.0
0.7041723268753509,0.002948567,0.335230006,0.410044485,3943.0,5163.0
0.7608451943082823,0.098340098,0.327263392,0.363265559,3943.0,5163.0
0.7969023830543607,0.180213364,0.308754139,0.318484645,3943.0,5163.0
0.7999267764684925,0.290985258,0.335424946,0.294941646,3943.0,5163.0
0.7897696157565401,0.42382838,0.35942648,0.265625287,3943.0,5163.0
0.7851155699775121,0.499030159,0.306516888,0.235451681,3943.0,5163.0
0.7823282168650283,0.512353342,0.343342169,0.235122015,3943.0,5163.0
0.780250742841799,0.489748101,0.375168741,0.239932229,3943.0,5163.0
0.7777790295937763,0.462416643,0.400592975,0.26773672,3943.0,5163.0
0.7764744206125532,0.386726826,0.417440647,0.297672376,3943.0,5163.0
0.7753704797730607,0.317298469,0.435581896,0.313679558,3943.0,5163.0
0.776044873670216,0.270814549,0.434311301,0.319027996,3943.0,5163.0
0.7705917039042193,0.192017923,0.417460935,0.320152592,3943.0,5163.0
0.7582583318629732,0.122879257,0.413447324,0.315325479,3943.0,5163.0
0.7519410116554454,0.063434038,0.43805289,0.304438797,3943.0,5163.0
0.7270298641526641,0.0,0.46770802,0.285450399,3943.0,5163.0
0.7003967586851765,0.0,0.488445309,0.279833727,3943.0,5163.0
0.6350468132618978,0.0,0.485857272,0.283201768,3943.0,5163.0
0.5948188854859837,0.0,0.486999467,0.2489597215,3943.0,5163.0
0.5831058369798752,0.0,0.4545042895,0.2176984425,3943.0,5163.0
0.6131538935269677,0.0,0.433364967,0.20619168,3943.0,5163.0
0.6472450314938334,0.0,0.424778305,0.194331441,3943.0,5163.0
0.7015520198409937,0.004683707,0.425488173,0.18001685,3943.0,5163.0
0.7577475241506483,0.140187047,0.40605186,0.16474462,3943.0,5163.0
0.7917377957242213,0.277292456,0.320774058,0.139436661,3943.0,5163.0
0.7930359286558616,0.422251214,0.319981496,0.124034688,3943.0,5163.0
0.7823019579200655,0.580263652,0.336556446,0.11862881,3943.0,5163.0
0.7789951919584452,0.708723895,0.321197035,0.127378043,3943.0,5163.0
0.7769461060686477,0.772058277,0.371544699,0.134694623,3943.0,5163.0
0.7745049986267019,0.792964677,0.402275951,0.157276413,3943.0,5163.0
0.7723712807602775,0.74833099,0.429896545,0.210343681,3943.0,5163.0
0.7706371248367172,0.657638638,0.440838527,0.293975489,3943.0,5163.0
0.7692099148529088,0.554854444,0.440262903,0.362912139,3943.0,5163.0
0.7687807228596836,0.433538396,0.446391447,0.388192576,3943.0,5163.0
0.7634826229296041,0.302575581,0.432905645,0.385906679,3943.0,5163.0
0.7511362101025344,0.184385811,0.437780677,0.407984228,3943.0,5163.0
0.7426504853201237,0.08221028,0.453595267,0.441452844,3943.0,5163.0
0.71725106299547,0.0,0.475197961,0.47550294,3943.0,5163.0
0.6933405946904466,0.0,0.476238932,0.474213166,3943.0,5163.0
0.613834231252519,0.0,0.458360864,0.457612092,3943.0,5163.0
0.583491870309678,0.0,0.453027903,0.415779355,3943.0,5163.0
0.5493292742832363,0.0,0.42004945250000003,0.3908623315,3943.0,5163.0
0.5512466440853556,0.0,0.3780399555,0.3916747705,3943.0,5163.0
0.5599296880757633,0.0,0.357150041,0.390295965,3943.0,5163.0
0.5615485617720506,0.005819622,0.342696012,0.394166773,3943.0,5163.0
0.5900930267995085,0.144142463,0.301881813,0.381567718,3943.0,5163.0
0.6202661682336656,0.306260584,0.209350289,0.328087887,3943.0,5163.0
0.6507474089390869,0.466470409,0.176646259,0.29571728,3943.0,5163.0
0.6532325178208046,0.609784658,0.164713586,0.289321991,3943.0,5163.0
0.6527643809446644,0.729792677,0.14200604,0.310405928,3943.0,5163.0
0.6531039287477348,0.790672974,0.169576145,0.347471535,3943.0,5163.0
0.6513974069185344,0.790034929,0.197976108,0.405050489,3943.0,5163.0
0.6533030444679935,0.742145303,0.21863402,0.443686603,3943.0,5163.0
0.6538156264196753,0.674399336,0.227495047,0.458225999,3943.0,5163.0
0.6523017441599102,0.577474425,0.229024143,0.464722421,3943.0,5163.0
0.6528263023538016,0.468875556,0.216768233,0.470611536,3943.0,5163.0
0.6490988607478693,0.342961224,0.187547371,0.476939642,3943.0,5163.0
0.6381133008464583,0.204006864,0.198015011,0.519444393,3943.0,5163.0
0.6326743250965571,0.09067089,0.22370575,0.5738275,3943.0,5163.0
0.6296921145395113,0.0,0.247594493,0.6005358915000001,3943.0,5163.0
0.6131188076273089,0.0,0.264845359,0.618062909,3943.0,5163.0
0.5816463799299993,0.0,0.252398855,0.546931056,3943.0,5163.0
0.5522546199880017,0.0,0.229257594,0.456362991,3943.0,5163.0
0.5439379372903392,0.0,0.2039521265,0.368210005,3943.0,5163.0
0.5546975460126333,0.0,0.184457696,0.328547684,3943.0,5163.0
0.5596346739336517,0.0,0.176694622,0.302476481,3943.0,5163.0
0.5607762733958007,0.007151944,0.164738332,0.272740075,3943.0,5163.0
0.5867158229785977,0.153114407,0.139402117,0.246946288,3943.0,5163.0
0.6148531853687539,0.309255317,0.081470206,0.189960102,3943.0,5163.0
0.6468591312446375,0.496872871,0.053235041,0.141491009,3943.0,5163.0
0.6524895045458039,0.665643782,0.050609084,0.111102599,3943.0,5163.0
0.654059231457564,0.800642368,0.044280961,0.098795539,3943.0,5163.0
0.6576273450531225,0.883358466,0.059183772,0.117149001,3943.0,5163.0
0.6597970803328331,0.90999728,0.070069771,0.137475062,3943.0,5163.0
0.6643040404036699,0.888143969,0.082279391,0.162759926,3943.0,5163.0
0.6662116296670417,0.790093884,0.090640181,0.184040325,3943.0,5163.0
0.6646462052730671,0.667831619,0.100030297,0.206451197,3943.0,5163.0
0.6643224039075643,0.525771932,0.104376149,0.218157104,3943.0,5163.0
0.6572759540378291,0.370596065,0.100581192,0.224789758,3943.0,5163.0
0.6433155910413425,0.219497862,0.118208573,0.235913874,3943.0,5163.0
0.6342731053929219,0.100636804,0.146355041,0.257752281,3943.0,5163.0
0.6323584191721227,0.0,0.169370075,0.277987298,3943.0,5163.0
0.626847497383547,0.0,0.172634157,0.272663762,3943.0,5163.0
0.6315650170944247,0.0,0.189788384,0.304271739,3943.0,5163.0
0.6007209414539278,0.0,0.186399211,0.273780951,3943.0,5163.0
0.5766118898523135,0.0,0.171384405,0.224303269,3943.0,5163.0
0.5755430348112395,0.0,0.1450617455,0.15090971549999999,3943.0,5163.0
0.6060351427706867,0.0,0.114802038,0.0994403,3943.0,5163.0
0.6373003375900249,0.0,0.097692722,0.069619742,3943.0,5163.0
0.6934464289539386,0.008856965,0.088729683,0.054153551,3943.0,5163.0
0.7446480291769523,0.170255861,0.073116317,0.045181631,3943.0,5163.0
0.7712932440178765,0.345200492,0.041047531,0.032559375,3943.0,5163.0
0.7765185995268811,0.525869912,0.025149862,0.020546898,3943.0,5163.0
0.7781127668009181,0.687618465,0.025319066,0.020254832,3943.0,5163.0
0.7820298760620875,0.808047497,0.034431814,0.029875617,3943.0,5163.0
0.7861488955843984,0.886565867,0.04944119,0.045309469,3943.0,5163.0
0.7840361138436256,0.884170167,0.07117406,0.070419387,3943.0,5163.0
0.7821533641337312,0.861756664,0.092516878,0.103709372,3943.0,5163.0
0.7801721433802261,0.773626095,0.10388092,0.137112889,3943.0,5163.0
0.7781543729922482,0.670753453,0.110547834,0.158936617,3943.0,5163.0
0.7767063155694458,0.523870283,0.109954272,0.191492504,3943.0,5163.0
0.7709949919015936,0.375515991,0.104313628,0.224377786,3943.0,5163.0
0.755241124194167,0.221853397,0.121342678,0.240925946,3943.0,5163.0
0.7415891265289177,0.103542485,0.148225652,0.240809572,3943.0,5163.0
0.7141042460533089,0.0,0.175234405,0.226722399,3943.0,5163.0
0.6906213729767098,0.0,0.176256282,0.201722528,3943.0,5163.0
0.6310900049775012,0.0,0.161654323,0.206061898,3943.0,5163.0
0.6006611934753477,0.0,0.14288377,0.186126854,3943.0,5163.0
0.5765369275561122,0.0,0.127160963,0.146542108,3943.0,5163.0
0.5758625558306214,0.0,0.11813871249999999,0.1314274375,3943.0,5163.0
0.6047328403512477,0.0,0.113321724,0.14898643,3943.0,5163.0
0.635799318742768,0.0,0.110918477,0.163700183,3943.0,5163.0
0.6934464289539386,0.009673293,0.107481746,0.180185885,3943.0,5163.0
0.7446886596125665,0.153337444,0.098755904,0.21498417,3943.0,5163.0
0.7711621265651376,0.284273666,0.075871468,0.238821723,3943.0,5163.0
0.7765686334817069,0.416907373,0.072530685,0.270752769,3943.0,5163.0
0.777952906468117,0.552577995,0.082756439,0.297332962,3943.0,5163.0
0.7810069299326099,0.645534842,0.10194845,0.346281889,3943.0,5163.0
0.7844786127838882,0.716775513,0.117737527,0.394522675,3943.0,5163.0
0.7857078160356213,0.72866692,0.138256157,0.466716284,3943.0,5163.0
0.781964761022108,0.682005139,0.16925121,0.509395229,3943.0,5163.0
0.7787406752219612,0.626346618,0.196367587,0.576729662,3943.0,5163.0
0.7768794827480439,0.521545001,0.229132648,0.635338986,3943.0,5163.0
0.777335820957771,0.419820416,0.254944789,0.672680585,3943.0,5163.0
0.7699451657168277,0.288259084,0.266821077,0.705406533,3943.0,5163.0
0.7535439615408495,0.169534304,0.275919752,0.706774132,3943.0,5163.0
0.7409065710294803,0.078659442,0.287012261,0.692494799,3943.0,5163.0
0.7145801896838598,0.0,0.299541382,0.667774108,3943.0,5163.0
0.6908654216503679,0.0,0.307728447,0.624025058,3943.0,5163.0
0.630851811344341,0.0,0.278330329,0.513157954,3943.0,5163.0
0.6005874731973165,0.0,0.275175599,0.462014759,3943.0,5163.0
0.5777961156048373,0.0,0.270344338,0.452290318,3943.0,5163.0
0.5765301853959359,0.0,0.2563884535,0.4108546785,3943.0,5163.0
0.6047253884447085,0.0,0.245059992,0.360304118,3943.0,5163.0
0.6362100585454412,0.0,0.232501198,0.337783392,3943.0,5163.0
0.6930289470417093,0.009510044,0.218764925,0.304639576,3943.0,5163.0
0.7469717697489662,0.110885337,0.192986203,0.244138802,3943.0,5163.0
0.7739880697126653,0.197628108,0.168273838,0.195263831,3943.0,5163.0
0.7783904375381803,0.307176709,0.152121861,0.17435199,3943.0,5163.0
0.7771033936784508,0.43827756,0.137820323,0.169121671,3943.0,5163.0
0.776280317207063,0.539555342,0.118571905,0.144687436,3943.0,5163.0
0.7761674746728013,0.611478481,0.12554782,0.171544307,3943.0,5163.0
0.7743993418377658,0.619264455,0.139620211,0.214496676,3943.0,5163.0
0.7726862108277553,0.602147068,0.153968201,0.26046738,3943.0,5163.0
0.7717195972281307,0.534282265,0.170119061,0.312988469,3943.0,5163.0
0.7701067116023279,0.432709065,0.190741923,0.359076293,3943.0,5163.0
0.7694565362495649,0.316257672,0.204803572,0.398340037,3943.0,5163.0
0.7628100031705652,0.209367004,0.210459931,0.452272053,3943.0,5163.0
0.7504580014642114,0.122804347,0.220717408,0.462409678,3943.0,5163.0
0.7414150722812617,0.052038419,0.239274161,0.451399118,3943.0,5163.0
0.7154208312767415,0.0,0.251859658,0.426588435,3943.0,5163.0
0.69233450398672,0.0,0.260574294,0.420582201,3943.0,5163.0
0.6309736138632853,0.0,0.270997047,0.487353048,3943.0,5163.0
0.6018008855669128,0.0,0.276699004,0.552239583,3943.0,5163.0
0.5792716739907725,0.0,0.274318542,0.618617757,3943.0,5163.0
0.5773848435809774,0.0,0.281298762,0.711268719,3943.0,5163.0
0.6060351427706867,0.0,0.278159029,0.72683988,3943.0,5163.0
0.6370054565791403,0.0,0.271308889,0.728980236,3943.0,5163.0
0.6942262136812973,0.004716124,0.27077247,0.724701718,3943.0,5163.0
0.7515712571362576,0.064969479,0.271410463,0.719038334,3943.0,5163.0
0.7854851471233844,0.132014688,0.295351703,0.716295291,3943.0,5163.0
0.7893233908630078,0.229115911,0.315357371,0.700158142,3943.0,5163.0
0.7870764755132099,0.319258638,0.316507336,0.651270483,3943.0,5163.0
0.7851155699775121,0.38092209,0.238502111,0.511830749,3943.0,5163.0
0.7833983582676012,0.433820504,0.250988369,0.482964614,3943.0,5163.0
0.7810937796831225,0.4516276,0.270437849,0.462024828,3943.0,5163.0
0.7790983649135222,0.445087345,0.270892279,0.423051266,3943.0,5163.0
0.7760849717834029,0.44684561,0.259798098,0.390726206,3943.0,5163.0
0.7757004022390348,0.372263981,0.241462562,0.367833324,3943.0,5163.0
0.7744963048032328,0.330334863,0.219890387,0.33588204,3943.0,5163.0
0.7694102281467682,0.255783408,0.190458893,0.281976669,3943.0,5163.0
0.7565139740378009,0.177950185,0.157116887,0.232031496,3943.0,5163.0
0.7521045092548583,0.091215562,0.14522157,0.189878951,3943.0,5163.0
0.7270298641526641,0.0,0.138327818,0.15488855,3943.0,5163.0
0.7016802984095211,0.0,0.129228089,0.124517034,3943.0,5163.0
0.6360456738769699,0.0,0.136070964,0.128524792,3943.0,5163.0
0.6064831419035758,0.0,0.139168774,0.121348001,3943.0,5163.0
0.5850372898891477,0.0,0.150830037,0.161911984,3943.0,5163.0
0.5838390474938437,0.0,0.167960793,0.262626412,3943.0,5163.0
0.5909232445716527,0.0,0.181622626,0.358386868,3943.0,5163.0
0.6203885030750372,0.0,0.200349871,0.44853093,3943.0,5163.0
0.6639899974052501,0.0,0.216856357,0.512942041,3943.0,5163.0
0.7086183857373356,0.013246227,0.235523182,0.565881658,3943.0,5163.0
0.7561352595339306,0.179226388,0.225503282,0.573585148,3943.0,5163.0
0.7892614693526302,0.355349983,0.158328995,0.547900298,3943.0,5163.0
0.7866507433120408,0.52951165,0.145588195,0.547055502,3943.0,5163.0
0.7793920925928943,0.689748628,0.160120366,0.546237381,3943.0,5163.0
0.7771033936784508,0.809046565,0.124046085,0.430490188,3943.0,5163.0
0.7761072387151228,0.85529929,0.139231849,0.390083502,3943.0,5163.0
0.7739294306210283,0.849660247,0.136809729,0.34313873,3943.0,5163.0
0.7722861165624639,0.794643604,0.125446961,0.344457429,3943.0,5163.0
0.7710883176004486,0.693440713,0.11957719,0.333565492,3943.0,5163.0
0.769914293749537,0.580731085,0.116222368,0.28523381,3943.0,5163.0
0.7699735538502592,0.44945266,0.102604359,0.262910855,3943.0,5163.0
0.7633263110755169,0.307872708,0.08662315,0.265370589,3943.0,5163.0
0.750104215200476,0.171873406,0.076717267,0.263945234,3943.0,5163.0
0.7414150722812617,0.066997663,0.078024462,0.258999353,3943.0,5163.0
0.7157346968006054,0.0,0.082906648,0.266783993,3943.0,5163.0
0.6921481629923119,0.0,0.091710105,0.292679067,3943.0,5163.0
0.6133899580728998,0.0,0.101193611,0.374322519,3943.0,5163.0
0.5818698916692061,0.0,0.104424146,0.336833575,3943.0,5163.0
0.5522792820669231,0.0,0.100642847,0.261103164,3943.0,5163.0
0.5433858781333151,0.0,0.083477827,0.166094003,3943.0,5163.0
0.5528201634653787,0.0,0.071247706,0.099049073,3943.0,5163.0
0.5588150573555604,0.0,0.068964382,0.104803792,3943.0,5163.0
0.5593069692415636,0.009888518,0.077233707,0.128610001,3943.0,5163.0
0.5867477594895024,0.090222107,0.086926155,0.141877779,3943.0,5163.0
0.6178825023097562,0.193030296,0.070730519,0.128782762,3943.0,5163.0
0.6475162705248414,0.29472229,0.071115883,0.120355713,3943.0,5163.0
0.652649542353161,0.375065125,0.10113607,0.113739696,3943.0,5163.0
0.6527000641858448,0.439089133,0.127896763,0.130485735,3943.0,5163.0
0.6532641882717362,0.448729287,0.166665566,0.154516946,3943.0,5163.0
0.6507742888931346,0.434464808,0.214818426,0.165832601,3943.0,5163.0
0.6522079304819567,0.386572485,0.242323198,0.183119747,3943.0,5163.0
0.6525727614742739,0.31840644,0.265814031,0.245109851,3943.0,5163.0
0.6510130147474817,0.254106502,0.290707446,0.32271284,3943.0,5163.0
0.651446287541848,0.189595102,0.300048997,0.383443532,3943.0,5163.0
0.648253960980531,0.133634951,0.294577583,0.414924132,3943.0,5163.0
0.6402337117658454,0.071013026,0.284903238,0.404962893,3943.0,5163.0
0.6374849487896456,0.028144636,0.284081273,0.360327481,3943.0,5163.0
0.6363762174026492,0.0,0.2777761875,0.3141733165,3943.0,5163.0
0.6155398216693323,0.0,0.239681446,0.337077925,3943.0,5163.0
0.5700914840829485,0.0,0.24621308599999997,0.3653420865,3943.0,5163.0
0.5467936434675942,0.0,0.2554418285,0.43049822849999997,3943.0,5163.0
0.5583333029772201,0.0,0.2502518555,0.43766322700000004,3943.0,5163.0
0.5638054129634875,0.003441081,0.237931355,0.416279846,3943.0,5163.0
0.5930699588805719,0.051911778,0.227816537,0.377512201,3943.0,5163.0
0.6330360068013609,0.09373303,0.223480393,0.332884297,3943.0,5163.0
0.6740572922104034,0.178197699,0.233757155,0.286264343,3943.0,5163.0
0.6802232241919548,0.237503388,0.25137143,0.266432973,3943.0,5163.0
0.6793378271202296,0.297164514,0.22262912,0.232101576,3943.0,5163.0
0.6781889088827684,0.352929727,0.252196978,0.249093723,3943.0,5163.0
0.6763683025011362,0.362581936,0.288663391,0.275051904,3943.0,5163.0
0.6764494745844664,0.369042241,0.314643907,0.308367001,3943.0,5163.0
0.677162857809106,0.333232242,0.335747684,0.351626734,3943.0,5163.0
0.6812250123778961,0.313051568,0.344173086,0.396197473,3943.0,5163.0
0.6820912475633266,0.25424534,0.351257304,0.431241167,3943.0,5163.0
0.6789677176519301,0.192961157,0.349621818,0.44936478,3943.0,5163.0
0.6688815271216957,0.123944574,0.33652842,0.45912688,3943.0,5163.0
0.6605486543000757,0.064229676,0.327074659,0.459018089,3943.0,5163.0
0.6573544648127442,0.001437906,0.333299246,0.470780592,3943.0,5163.0
0.6471073937494233,0.0,0.348268622,0.466096689,3943.0,5163.0
0.6354323142186531,0.0,0.342092057,0.493948797,3943.0,5163.0
0.6053281025656435,0.0,0.379208709,0.473781128,3943.0,5163.0
0.5829199394693758,0.0,0.413762783,0.465146389,3943.0,5163.0
0.5811998889258736,0.0,0.439750646,0.5653851555,3943.0,5163.0
0.6086291021734234,0.0,0.445703165,0.615319279,3943.0,5163.0
0.6382563944401661,0.0,0.444985223,0.604182376,3943.0,5163.0
0.6958684631962474,0.003398063,0.452213704,0.617986347,3943.0,5163.0
0.7540229214289274,0.048468579,0.45260877,0.629286356,3943.0,5163.0
0.7956386706699652,0.091077208,0.43726003,0.629099713,3943.0,5163.0
0.8051114129564657,0.146866855,0.440708587,0.647238306,3943.0,5163.0
0.8058149046827953,0.212635914,0.446228147,0.664736036,3943.0,5163.0
0.8025162115355591,0.234498211,0.423639007,0.599162641,3943.0,5163.0
0.8012337806981575,0.273086549,0.461435478,0.655987965,3943.0,5163.0
0.7983745703348974,0.279120551,0.484816272,0.730560735,3943.0,5163.0
0.7963698407327431,0.243314311,0.503327906,0.783623713,3943.0,5163.0
0.7948650071443183,0.221489884,0.503640789,0.798922845,3943.0,5163.0
0.7955016982779691,0.197523143,0.474633305,0.810664508,3943.0,5163.0
0.7959655769796529,0.171690974,0.46144369,0.812348197,3943.0,5163.0
0.7912136810648591,0.124351264,0.412789555,0.810546629,3943.0,5163.0
0.775858488332479,0.080136223,0.389401572,0.805720564,3943.0,5163.0
0.7617672740444673,0.035077061,0.382780929,0.793239084,3943.0,5163.0
0.7265228710802666,0.00138589,0.389845588,0.769141757,3943.0,5163.0
0.6992996929852269,0.0,0.399602744,0.742678259,3943.0,5163.0
0.6328909614937402,0.0,0.373217314,0.7614397,3943.0,5163.0
0.6032136797167409,0.0,0.379951731,0.752125491,3943.0,5163.0
0.5802072381485508,0.0,0.383014575,0.734255852,3943.0,5163.0
0.5790928957612258,0.0,0.396290584,0.7273725099999999,3943.0,5163.0
0.6083944571202173,0.0,0.400647288,0.704224563,3943.0,5163.0
0.6384813698129468,0.0,0.397318449,0.67020626,3943.0,5163.0
0.695959925969088,0.013133823,0.384914058,0.63300536,3943.0,5163.0
0.7525619119069592,0.08575083,0.372754672,0.594393367,3943.0,5163.0
0.7892614693526302,0.137342004,0.339818577,0.56560613,3943.0,5163.0
0.7962419170120872,0.226936162,0.334161499,0.567060887,3943.0,5163.0
0.7872894747450215,0.312503053,0.331955574,0.57055655,3943.0,5163.0
0.7830157403359054,0.404503883,0.254868846,0.498741485,3943.0,5163.0
0.7786735197814112,0.464958773,0.299651069,0.523710118,3943.0,5163.0
0.7747315708655239,0.500197826,0.322886137,0.538118456,3943.0,5163.0
0.7725602388210123,0.479831598,0.347527852,0.532413866,3943.0,5163.0
0.7706371248367172,0.449710248,0.3582562,0.532253136,3943.0,5163.0
0.7691971402282989,0.398787536,0.351833246,0.523365845,3943.0,5163.0
0.7687807228596836,0.326470071,0.333605685,0.522084187,3943.0,5163.0
0.7634560090355296,0.245529225,0.310546487,0.513595189,3943.0,5163.0
0.7511362101025344,0.167221933,0.298644677,0.51421104,3943.0,5163.0
0.742282948574822,0.071421332,0.300404836,0.51340282,3943.0,5163.0
0.7170428543617827,0.001858301,0.3129477,0.523731364,3943.0,5163.0
0.6933405946904466,0.0,0.307837427,0.521769734,3943.0,5163.0
0.631839183696302,0.0,0.285890153,0.489668255,3943.0,5163.0
0.6028557683085357,0.0,0.279458637,0.453309651,3943.0,5163.0
0.579798538746448,0.0,0.263460349,0.437548035,3943.0,5163.0
0.5788274452051021,0.0,0.2470994215,0.444075792,3943.0,5163.0
0.6086158840142842,0.0,0.237620073,0.466000411,3943.0,5163.0
0.6384567964206832,0.0,0.234033682,0.471553171,3943.0,5163.0
0.6964720643862405,0.014576517,0.224861934,0.483032443,3943.0,5163.0
0.7515743620804423,0.105382879,0.201126102,0.495413453,3943.0,5163.0
0.7808349159842838,0.200219865,0.1798698,0.504371436,3943.0,5163.0
0.7838350908540235,0.297409181,0.182511368,0.530782648,3943.0,5163.0
0.7796033175853492,0.387538452,0.18526197,0.53476884,3943.0,5163.0
0.7773466438684682,0.478569653,0.148574177,0.516769118,3943.0,5163.0
0.7765787466966614,0.544701074,0.172262263,0.544134976,3943.0,5163.0
0.7737834094564512,0.607070378,0.198047305,0.586441963,3943.0,5163.0
0.7724062335287092,0.615785063,0.224021043,0.62379554,3943.0,5163.0
0.770666400039207,0.540735607,0.257674993,0.664527687,3943.0,5163.0
0.7693780254746497,0.456609474,0.282867475,0.687557587,3943.0,5163.0
0.7696783179915032,0.362405647,0.308823225,0.710199854,3943.0,5163.0
0.7666014953741035,0.284419304,0.31015095,0.723535841,3943.0,5163.0
0.7553787175952482,0.157744588,0.319031098,0.736340367,3943.0,5163.0
0.7467288743055798,0.079499996,0.340805614,0.750248356,3943.0,5163.0
0.7231375943437315,0.001658199,0.36012957,0.762328204,3943.0,5163.0
0.6986451707713496,0.0,0.365481242,0.768678077,3943.0,5163.0
0.6326983662676338,0.0,0.296685149,0.748761427,3943.0,5163.0
0.6032136797167409,0.0,0.293094272,0.751323454,3943.0,5163.0
0.5785120493301903,0.0,0.2935494325,0.742607558,3943.0,5163.0
0.58199706124955,0.0,0.290156107,0.726988437,3943.0,5163.0
0.6085503253385351,0.0,0.294208815,0.721570879,3943.0,5163.0
0.6382563944401661,0.0,0.294185794,0.714278781,3943.0,5163.0
0.6959841001701512,0.015835239,0.287871368,0.712824014,3943.0,5163.0
0.7541926288154694,0.097703405,0.279156822,0.698865069,3943.0,5163.0
0.791692019943852,0.169929316,0.276838032,0.683184919,3943.0,5163.0
0.7991586132367124,0.286345547,0.272042794,0.648283292,3943.0,5163.0
0.7888579152952827,0.400203717,0.249191529,0.606577977,3943.0,5163.0
0.7833721880092961,0.493081581,0.149159542,0.500309058,3943.0,5163.0
0.7798279381102585,0.575425987,0.168019773,0.499505248,3943.0,5163.0
0.7756596831167628,0.596907054,0.194112996,0.489467485,3943.0,5163.0
0.7728969921844406,0.645573904,0.222868307,0.480595825,3943.0,5163.0
0.7713846181040592,0.622634058,0.239460086,0.474770126,3943.0,5163.0
0.7701075099847285,0.562165789,0.250047672,0.487544899,3943.0,5163.0
0.7698149355356281,0.470716106,0.257526582,0.507210291,3943.0,5163.0
0.7647192779866363,0.358469523,0.248637578,0.537692636,3943.0,5163.0
0.7529625384946779,0.232295188,0.237214288,0.54853719,3943.0,5163.0
0.746406492432803,0.118525078,0.257488334,0.562286649,3943.0,5163.0
0.7248720163272648,0.002752027,0.290265597,0.603928383,3943.0,5163.0
0.6975955664044684,0.0,0.303546045,0.627203133,3943.0,5163.0
0.6346530175716334,0.0,0.290889299,0.585346825,3943.0,5163.0
0.6050454638569416,0.0,0.274377438,0.535217701,3943.0,5163.0
0.5837374714048084,0.0,0.252494523,0.499096576,3943.0,5163.0
0.5830241104024533,0.0,0.2278090785,0.4507474865,3943.0,5163.0
0.6127653318681161,0.0,0.213042634,0.436371225,3943.0,5163.0
0.642256006590734,0.0,0.210494955,0.417437945,3943.0,5163.0
0.6984048923942899,0.029085391,0.205114646,0.400474571,3943.0,5163.0
0.7557321490111122,0.178113989,0.156241946,0.366616028,3943.0,5163.0
0.7930398320836871,0.315969863,0.103506188,0.318047423,3943.0,5163.0
0.7992270106954327,0.479974055,0.092474401,0.276149774,3943.0,5163.0
0.7882802182023809,0.647919535,0.096030646,0.247140622,3943.0,5163.0
0.781668283145182,0.762707342,0.087484717,0.209062036,3943.0,5163.0
0.7785918153756537,0.828311032,0.100233575,0.188169843,3943.0,5163.0
0.7747315708655239,0.839942683,0.102155157,0.176426046,3943.0,5163.0
0.7723712807602775,0.829960759,0.101395787,0.188685375,3943.0,5163.0
0.770666400039207,0.763087874,0.107131108,0.218192526,3943.0,5163.0
0.7692099148529088,0.668336113,0.119923787,0.263374992,3943.0,5163.0
0.7688252566218828,0.5364272,0.143189575,0.323428833,3943.0,5163.0
0.7638101501471362,0.402197651,0.167628738,0.375409804,3943.0,5163.0
0.7516980276266417,0.247425662,0.194723202,0.413306288,3943.0,5163.0
0.7455898032230999,0.117733128,0.237314307,0.434852982,3943.0,5163.0
0.7210591001202169,0.002571181,0.28209632,0.45595697,3943.0,5163.0
0.698487971848204,0.0,0.287212589,0.438157934,3943.0,5163.0
0.6156645516579055,0.0,0.294119796,0.390410781,3943.0,5163.0
0.5851792302525836,0.0,0.26946939,0.324256404,3943.0,5163.0
0.5568391149767973,0.0,0.246922428,0.285185398,3943.0,5163.0
0.5488102162819715,0.0,0.224497792,0.2518974,3943.0,5163.0
0.5595666313228029,0.0,0.206534792,0.24857452,3943.0,5163.0
0.5668581944098104,0.0,0.194705046,0.25907871,3943.0,5163.0
0.5685652042181092,0.032134643,0.180467142,0.263177568,3943.0,5163.0
0.5915080830665514,0.179615128,0.136705906,0.242432897,3943.0,5163.0
0.627859265754456,0.341723488,0.083393189,0.216163853,3943.0,5163.0
0.6603779710565774,0.512441502,0.074740994,0.19335053,3943.0,5163.0
0.6615462286548893,0.660679973,0.078115133,0.171309096,3943.0,5163.0
0.6566895187781294,0.766412192,0.068480354,0.13290071,3943.0,5163.0
0.6539934510651705,0.846079675,0.081432915,0.131886384,3943.0,5163.0
0.6521851756723788,0.863132429,0.092336495,0.139475246,3943.0,5163.0
0.6524973113002147,0.835837656,0.101007417,0.158309357,3943.0,5163.0
0.6526791279589527,0.761437673,0.114470475,0.193122048,3943.0,5163.0
0.6513152145336786,0.689392331,0.127403022,0.239150869,3943.0,5163.0
0.6520211458517788,0.562189855,0.140515419,0.273312838,3943.0,5163.0
0.6483089629067966,0.408436466,0.147629163,0.306882899,3943.0,5163.0
0.639315845860788,0.259031588,0.157722484,0.337086919,3943.0,5163.0
0.6391059072298322,0.13370706,0.193107899,0.365183825,3943.0,5163.0
0.6421526562623417,0.003781602,0.237708973,0.392827422,3943.0,5163.0
0.6389337159081907,0.0,0.253580036,0.399242181,3943.0,5163.0
0.6155398216693323,0.0,0.274727359,0.386623862,3943.0,5163.0
0.584652542971464,0.0,0.246394854,0.327873331,3943.0,5163.0
0.5558417180965396,0.0,0.222705096,0.297055698,3943.0,5163.0
0.5485691173002267,0.0,0.1943343555,0.254552906,3943.0,5163.0
0.5571679285558282,0.0,0.181224314,0.233061444,3943.0,5163.0
0.5614225897653075,0.0,0.169168173,0.223876705,3943.0,5163.0
0.5653292309636511,0.037502849,0.158154996,0.216848565,3943.0,5163.0
0.5919818976098742,0.195629469,0.122289761,0.194081576,3943.0,5163.0
0.6261144643947546,0.360005871,0.064229336,0.164849964,3943.0,5163.0
0.6574130152177234,0.524864779,0.055574458,0.162490608,3943.0,5163.0
0.6564101180435987,0.682775637,0.063127126,0.173986449,3943.0,5163.0
0.6533471790389925,0.795229042,0.052430592,0.163038832,3943.0,5163.0
0.6531226027561716,0.843956679,0.064625993,0.167337555,3943.0,5163.0
0.6516763195727261,0.85741807,0.073749146,0.181412587,3943.0,5163.0
0.6522079304819567,0.823216712,0.080737991,0.212959194,3943.0,5163.0
0.6531641203620845,0.737590859,0.087144062,0.261341794,3943.0,5163.0
0.6510539113443096,0.646643421,0.10009225,0.324823135,3943.0,5163.0
0.6506721805829124,0.530751478,0.118423118,0.390215476,3943.0,5163.0
0.6474781241255674,0.387267123,0.124327922,0.447349978,3943.0,5163.0
0.6380992842036782,0.235626039,0.132488793,0.48500753,3943.0,5163.0
0.6333441503147134,0.125064828,0.157177228,0.524711367,3943.0,5163.0
0.6330502451607851,0.004224122,0.193954832,0.570416926,3943.0,5163.0
0.6287997535403451,0.0,0.201413905,0.592505073,3943.0,5163.0
0.63088853845337,0.0,0.188222872,0.515559881,3943.0,5163.0
0.6015215736202804,0.0,0.190487582,0.477768589,3943.0,5163.0
0.5786840853995605,0.0,0.179081369,0.446474554,3943.0,5163.0
0.5773848435809774,0.0,0.150783433,0.37832856849999996,3943.0,5163.0
0.6060351427706867,0.0,0.136966955,0.321943013,3943.0,5163.0
0.6372747883408049,0.0,0.139028513,0.306922891,3943.0,5163.0
0.6934464289539386,0.033599329,0.134695982,0.26881931,3943.0,5163.0
0.7462615358118401,0.176763619,0.108720616,0.20163101,3943.0,5163.0
0.7729628170214033,0.340704151,0.054519937,0.142671808,3943.0,5163.0
0.7769853170115357,0.503210393,0.037778878,0.126500955,3943.0,5163.0
0.7761552322693781,0.652258061,0.036833854,0.135084857,3943.0,5163.0
0.7767361230943629,0.757718226,0.047572299,0.185585483,3943.0,5163.0
0.7767258324048526,0.809233033,0.054930428,0.228035754,3943.0,5163.0
0.775547018057057,0.787006,0.053796275,0.258439754,3943.0,5163.0
0.7748470748094414,0.734243761,0.049799821,0.276305131,3943.0,5163.0
0.7735506273292597,0.647456876,0.047720265,0.278516282,3943.0,5163.0
0.7717110807779772,0.577481532,0.046115258,0.288562799,3943.0,5163.0
0.7705516057910324,0.442326951,0.043533877,0.29916223,3943.0,5163.0
0.7641555974352738,0.308108233,0.04331243,0.276977775,3943.0,5163.0
0.7506196360363693,0.186598483,0.045635369,0.25555376,3943.0,5163.0
0.7410822221431779,0.099406186,0.054329804,0.255535136,3943.0,5163.0
0.7148216657357607,0.004121191,0.061668318,0.279737993,3943.0,5163.0
0.6912121108554352,0.0,0.062300627,0.289139158,3943.0,5163.0
0.630851811344341,0.0,0.066213342,0.249572237,3943.0,5163.0
0.6006611934753477,0.0,0.070679047,0.222690838,3943.0,5163.0
0.5775143640664342,0.0,0.062584795,0.212757768,3943.0,5163.0
0.5767913999492673,0.0,0.053577822,0.20365313699999998,3943.0,5163.0
0.6065211110307749,0.0,0.054631014,0.190874702,3943.0,5163.0
0.6373003375900249,0.0,0.054305047,0.210167382,3943.0,5163.0
0.6930289470417093,0.032014312,0.049647275,0.226413008,3943.0,5163.0
0.7460033819099845,0.160076401,0.042902692,0.220749478,3943.0,5163.0
0.7723030606748728,0.299260793,0.02172877,0.194589127,3943.0,5163.0
0.7768754020481432,0.44553473,0.019958969,0.174637944,3943.0,5163.0
0.776355368189922,0.581910685,0.023541757,0.150384013,3943.0,5163.0
0.7770288750180191,0.680638604,0.022016316,0.139169348,3943.0,5163.0
0.778688068645378,0.759970786,0.026480007,0.165299119,3943.0,5163.0
0.7780096826337394,0.73983985,0.037502407,0.214155291,3943.0,5163.0
0.7763108343264823,0.684047325,0.05273615,0.263459619,3943.0,5163.0
0.7724195404757465,0.618760468,0.062073424,0.305961134,3943.0,5163.0
0.7693050148923612,0.531871777,0.078130321,0.337570642,3943.0,5163.0
0.7686944941182561,0.415079068,0.089776046,0.369973804,3943.0,5163.0
0.7632625266391244,0.276873239,0.089934212,0.389250269,3943.0,5163.0
0.7510741112188414,0.180778809,0.087421124,0.38998793,3943.0,5163.0
0.7417128807617749,0.091139881,0.094098886,0.409499638,3943.0,5163.0
0.7154370656934076,0.004537472,0.098006667,0.453793263,3943.0,5163.0
0.69233450398672,0.0,0.095646875,0.462517047,3943.0,5163.0
0.6307784902575099,0.0,0.090546805,0.424565074,3943.0,5163.0
0.6009519936850913,0.0,0.093473735,0.432079183,3943.0,5163.0
0.5754100100891573,0.0,0.09488951849999999,0.4552246725,3943.0,5163.0
0.5908394776442806,0.0,0.106392072,0.492471377,3943.0,5163.0
0.6331155820186495,0.0,0.104234491,0.494701901,3943.0,5163.0
0.6893888874074764,0.027610269,0.098395093,0.471176728,3943.0,5163.0
0.7464922775384609,0.126445669,0.073995795,0.43902509,3943.0,5163.0
0.7748708498193043,0.261105129,0.049271475,0.411092038,3943.0,5163.0
0.7814335493040778,0.404224616,0.040768071,0.390541286,3943.0,5163.0
0.7782235689346093,0.548288565,0.038607427,0.376517049,3943.0,5163.0
0.7771033936784508,0.633011021,0.040400148,0.33696982,3943.0,5163.0
0.7761072387151228,0.703989692,0.04520192,0.346833343,3943.0,5163.0
0.7739964973749205,0.701217342,0.047588575,0.354894343,3943.0,5163.0
0.7721808145201589,0.663004014,0.046653238,0.363463188,3943.0,5163.0
0.7706005752022441,0.607002105,0.048040477,0.376080805,3943.0,5163.0
0.7689050093137275,0.519033264,0.051107226,0.379627065,3943.0,5163.0
0.7686280482722081,0.445714268,0.056891557,0.392069942,3943.0,5163.0
0.7627903976485009,0.311720742,0.063048106,0.391855882,3943.0,5163.0
0.7505259553884024,0.18160852,0.068757756,0.404343996,3943.0,5163.0
0.7414150722812617,0.089423528,0.071986806,0.412763872,3943.0,5163.0
0.7153544742185918,0.004789929,0.087703964,0.417612182,3943.0,5163.0
0.6916025354403014,0.0,0.089914028,0.382327607,3943.0,5163.0
0.630851811344341,0.0,0.091356261,0.320870402,3943.0,5163.0
0.6006611934753477,0.0,0.088100779,0.299199982,3943.0,5163.0
0.5743627123346805,0.0,0.08832640850000001,0.271788943,3943.0,5163.0
0.5780705040245994,0.0,0.079831892,0.223152661,3943.0,5163.0
0.601307243683641,0.0,0.071895673,0.187626665,3943.0,5163.0
0.6329446770585069,0.0,0.065727014,0.157362408,3943.0,5163.0
0.687000652804568,0.028587725,0.058922141,0.128324406,3943.0,5163.0
0.7446886596125665,0.144004122,0.045700681,0.100152966,3943.0,5163.0
0.7720268980157539,0.259590191,0.025040214,0.072389896,3943.0,5163.0
0.77686191762655,0.413625125,0.015741514,0.051859205,3943.0,5163.0
0.7762374689975629,0.548319446,0.018434884,0.040199621,3943.0,5163.0
0.7769524933303324,0.642065816,0.026719728,0.057907843,3943.0,5163.0
0.7773871856174246,0.673285658,0.031688051,0.068077151,3943.0,5163.0
0.7768722083160604,0.717522638,0.03779212,0.077010246,3943.0,5163.0
0.7766452812293669,0.6782982,0.043889839,0.106953273,3943.0,5163.0
0.7753874238854696,0.619579104,0.042380922,0.152816499,3943.0,5163.0
0.7737609651514159,0.551196811,0.041378626,0.22941251,3943.0,5163.0
0.7732976187721594,0.46341454,0.040512706,0.254578031,3943.0,5163.0
0.7655524676729786,0.334673634,0.038646089,0.239827737,3943.0,5163.0
0.7506309912694937,0.212424573,0.040367042,0.22567973,3943.0,5163.0
0.7407711954022851,0.107877609,0.049401485,0.218316936,3943.0,5163.0
0.7145723830306896,0.004908252,0.060451177,0.212796719,3943.0,5163.0
0.6908088673026301,0.0,0.071456606,0.190055165,3943.0,5163.0
0.6307806637893075,0.0,0.082149144,0.178447776,3943.0,5163.0
0.5887207965703012,0.0,0.07761876449999999,0.158873612,3943.0,5163.0
0.5748257926539637,0.0,0.080019249,0.1327819795,3943.0,5163.0
0.6018461733681837,0.0,0.086130841,0.093217784,3943.0,5163.0
0.6329446770585069,0.0,0.086222221,0.081288034,3943.0,5163.0
0.687000652804568,0.03211049,0.08774598,0.088166639,3943.0,5163.0
0.7441009379913679,0.120902139,0.076136337,0.09080114,3943.0,5163.0
0.7714000540370843,0.262559185,0.049055837,0.088183254,3943.0,5163.0
0.7764038939653641,0.399857805,0.036326997,0.08499636,3943.0,5163.0
0.7769524933303324,0.530730784,0.041715293,0.087390369,3943.0,5163.0
0.7787549580259551,0.625959481,0.05432938,0.086129794,3943.0,5163.0
0.7817609879361926,0.666238958,0.066313001,0.072089567,3943.0,5163.0
0.783894084793532,0.665292996,0.069649362,0.068916977,3943.0,5163.0
0.7823915577668914,0.623099146,0.073916913,0.082075007,3943.0,5163.0
0.7784789728413921,0.561661635,0.080580948,0.111794817,3943.0,5163.0
0.7765997716102112,0.44733744,0.087562067,0.146161113,3943.0,5163.0
0.7750449928548588,0.341469795,0.093387329,0.1681473,3943.0,5163.0
0.7673638922520433,0.257125555,0.095507627,0.192618894,3943.0,5163.0
0.7524512871465834,0.152931349,0.123474796,0.236719691,3943.0,5163.0
0.7415199306877972,0.07097819,0.165705967,0.279194044,3943.0,5163.0
0.7140778097350308,0.003216138,0.214981506,0.318921428,3943.0,5163.0
0.6907696119151727,0.0,0.247640789,0.362685243,3943.0,5163.0
0.6140023417730196,0.0,0.235157177,0.327270854,3943.0,5163.0
0.5819545235445923,0.0,0.258957575,0.318605391,3943.0,5163.0
0.5516130941153787,0.0,0.267006065,0.343440172,3943.0,5163.0
0.5418016467515372,0.0,0.261716268,0.357496712,3943.0,5163.0
0.542019037187792,0.0,0.263321913,0.402132582,3943.0,5163.0
0.5496602613940649,0.0,0.257283917,0.43769489,3943.0,5163.0
0.5541508983615779,0.0,0.272463548,0.449265017,3943.0,5163.0
0.5557979827167407,0.036924949,0.287215436,0.456030375,3943.0,5163.0
0.5839822297742093,0.137371174,0.28772858,0.419548604,3943.0,5163.0
0.6160386974827766,0.226308821,0.259486829,0.400674696,3943.0,5163.0
0.6478469471311274,0.340471173,0.247739326,0.418495509,3943.0,5163.0
0.6542911265156972,0.467140119,0.263831362,0.462423114,3943.0,5163.0
0.6582385755229705,0.575964411,0.268089717,0.451689291,3943.0,5163.0
0.6630904950040871,0.643669046,0.31268298,0.513361588,3943.0,5163.0
0.665977250673809,0.683170361,0.353893569,0.529440477,3943.0,5163.0
0.6700484539139393,0.646835245,0.36875281,0.508271914,3943.0,5163.0
0.6704446448526457,0.568662014,0.338603429,0.477335089,3943.0,5163.0
0.6672798192544616,0.505496494,0.292992345,0.447174955,3943.0,5163.0
0.6650820507904311,0.391394369,0.255984844,0.391408105,3943.0,5163.0
0.660481676232841,0.283807034,0.23787579,0.370642574,3943.0,5163.0
0.6473305505395183,0.15948555,0.244226789,0.375100734,3943.0,5163.0
0.6383862254301655,0.079281492,0.256060915,0.375297731,3943.0,5163.0
0.6339203836728008,0.004088863,0.267174805,0.392396532,3943.0,5163.0
0.6319270536470998,0.0,0.274982867,0.409531272,3943.0,5163.0
0.6279792940340435,0.0,0.262107524,0.348624112,3943.0,5163.0
0.5895089423436815,0.0,0.22807195,0.3148724,3943.0,5163.0
0.5541679755039733,0.0,0.214075868,0.306038861,3943.0,5163.0
0.5445300502172213,0.0,0.19478281,0.3189263365,3943.0,5163.0
0.5500058417121892,0.0,0.177164271,0.290852482,3943.0,5163.0
0.5535457889922011,0.0,0.167867926,0.285579081,3943.0,5163.0
0.5554031668261911,0.023553719,0.162277157,0.27712131,3943.0,5163.0
0.5856028333665245,0.097639788,0.153108646,0.252326503,3943.0,5163.0
0.6170310821495062,0.219498539,0.116551019,0.230930485,3943.0,5163.0
0.6479543782606608,0.339387091,0.094013132,0.205757824,3943.0,5163.0
0.6543033688178799,0.448203461,0.099827954,0.173879272,3943.0,5163.0
0.6600742187476679,0.524198956,0.08882621,0.115703504,3943.0,5163.0
0.6629830638745537,0.579055127,0.10174424,0.131547641,3943.0,5163.0
0.6612901150523639,0.598166466,0.122772322,0.119364074,3943.0,5163.0
0.6662426791088883,0.548753466,0.114323152,0.103762408,3943.0,5163.0
0.6661358689884399,0.482813418,0.114124429,0.116953993,3943.0,5163.0
0.6594304307578301,0.410739515,0.1103186,0.121903594,3943.0,5163.0
0.6595049494182618,0.31948217,0.090856831,0.127796545,3943.0,5163.0
0.6533515259001067,0.220925872,0.076053123,0.129654909,3943.0,5163.0
0.642699481387953,0.134329338,0.075258818,0.119731025,3943.0,5163.0
0.6334298024916252,0.055752372,0.095999259,0.129691842,3943.0,5163.0
0.6324168807892038,0.006053927,0.112406621,0.139508784,3943.0,5163.0
0.627931522297673,0.0,0.11401659,0.154183219,3943.0,5163.0
0.6345812933508438,0.0,0.141860683,0.212999561,3943.0,5163.0
0.603995194238887,0.0,0.133459816,0.200119246,3943.0,5163.0
0.5789586956372073,0.0,0.116959672,0.188345794,3943.0,5163.0
0.5752657189218486,0.0,0.103553723,0.177661897,3943.0,5163.0
0.596312408184613,0.0,0.102093178,0.157798718,3943.0,5163.0
0.6272701690851009,0.0,0.106217012,0.145305892,3943.0,5163.0
0.6839196163560407,0.02753163,0.110789389,0.143238847,3943.0,5163.0
0.7424857901471098,0.10708042,0.101469628,0.15092259,3943.0,5163.0
0.7715304616928399,0.197510333,0.075035333,0.155757888,3943.0,5163.0
0.7767495187280579,0.305284333,0.080422924,0.179828269,3943.0,5163.0
0.7774452923866344,0.382653162,0.086505333,0.199200166,3943.0,5163.0
0.7809888325899292,0.443395374,0.08409669,0.159005187,3943.0,5163.0
0.7838766083586959,0.462610973,0.101965144,0.184676904,3943.0,5163.0
0.7846312873713636,0.462678295,0.101423442,0.232777234,3943.0,5163.0
0.7820232226391891,0.484725543,0.114661646,0.31463425,3943.0,5163.0
0.7786650920179153,0.411784155,0.125854512,0.392112794,3943.0,5163.0
0.7766477651644665,0.342817982,0.131324299,0.422929583,3943.0,5163.0
0.774954239777761,0.268072358,0.120720673,0.443232905,3943.0,5163.0
0.7687494959432811,0.16116778,0.117583549,0.468182176,3943.0,5163.0
0.7535439615408495,0.096740121,0.122620183,0.495521675,3943.0,5163.0
0.741634281300202,0.041425529,0.139971587,0.513654515,3943.0,5163.0
0.7140722207545058,0.003174028,0.15704414,0.521850668,3943.0,5163.0
0.6915226940617989,0.0,0.158421962,0.486911345,3943.0,5163.0
0.6330132963351117,0.0,0.174237365,0.353787538,3943.0,5163.0
0.6019272124215272,0.0,0.160804851,0.281681544,3943.0,5163.0
0.5773586733226723,0.0,0.154538283,0.338091303,3943.0,5163.0
0.5745913471457376,0.0,0.145079327,0.4015634685,3943.0,5163.0
0.5977899181832204,0.0,0.140767797,0.402539928,3943.0,5163.0
0.6275739213940102,0.0,0.134092094,0.371669248,3943.0,5163.0
0.6848770038097692,0.021006348,0.127970977,0.343167486,3943.0,5163.0
0.7429228333393152,0.075380764,0.121842265,0.325403295,3943.0,5163.0
0.7715194614088272,0.143813451,0.107919012,0.329277149,3943.0,5163.0
0.7764770820222087,0.226715453,0.104040787,0.33491149,3943.0,5163.0
0.7765334145520616,0.311475657,0.094108681,0.342802652,3943.0,5163.0
0.7768824990055707,0.391162512,0.083777715,0.263147131,3943.0,5163.0
0.7775260209354354,0.444971562,0.094150481,0.26554294,3943.0,5163.0
0.775547018057057,0.462391791,0.110558666,0.301239585,3943.0,5163.0
0.7745196361773264,0.484038481,0.11621173,0.344782543,3943.0,5163.0
0.7744569162845483,0.487444316,0.110781568,0.380309587,3943.0,5163.0
0.7729763013417562,0.418767216,0.099052011,0.388801832,3943.0,5163.0
0.7714872586354684,0.353903397,0.091175672,0.366718186,3943.0,5163.0
0.7652545704045671,0.255960822,0.080624096,0.34094541,3943.0,5163.0
0.7514310911134191,0.150028527,0.064996579,0.310056883,3943.0,5163.0
0.7408905139861298,0.071830034,0.060854133,0.282326682,3943.0,5163.0
0.714141594171423,0.004430744,0.063438257,0.257984987,3943.0,5163.0
0.6906581887723965,0.0,0.0680475,0.224658573,3943.0,5163.0
0.6315020311416734,0.0,0.117282942,0.215054958,3943.0,5163.0
0.5888954497059983,0.0,0.111907245,0.19784340849999998,3943.0,5163.0
0.5745066043107887,0.0,0.1014039045,0.1381578325,3943.0,5163.0
0.5976140895949669,0.0,0.086383759,0.114521672,3943.0,5163.0
0.6276294998847916,0.0,0.084095887,0.103396888,3943.0,5163.0
0.6848858307644652,0.045619032,0.082799568,0.104141044,3943.0,5163.0
0.7435432899550595,0.121222261,0.073667546,0.116280598,3943.0,5163.0
0.7714358052891569,0.19828047,0.063387776,0.123386627,3943.0,5163.0
0.7767466798438464,0.307831141,0.062479533,0.136839843,3943.0,5163.0
0.7770203585678657,0.421864257,0.066296248,0.157803965,3943.0,5163.0
0.777952906468117,0.504463116,0.049011998,0.10876874,3943.0,5163.0
0.7791281723371987,0.564407874,0.065053432,0.129696084,3943.0,5163.0
0.7783139671638356,0.588342994,0.077328832,0.139531399,3943.0,5163.0
0.7774254207033564,0.555581975,0.092794772,0.159998099,3943.0,5163.0
0.7759784279254087,0.507602767,0.090103862,0.179467356,3943.0,5163.0
0.7741866087671677,0.436234027,0.086077772,0.199140551,3943.0,5163.0
0.772864700724424,0.330428577,0.076641948,0.190117486,3943.0,5163.0
0.7667097247847969,0.225735822,0.065948167,0.150051334,3943.0,5163.0
0.7525315721608554,0.133387569,0.053079919,0.133572784,3943.0,5163.0
0.7415891265289177,0.069301095,0.051514113,0.133503665,3943.0,5163.0
0.7138967471153641,0.006885024,0.053575453,0.131812633,3943.0,5163.0
0.6908895515081025,0.0,0.053748443,0.135914279,3943.0,5163.0
0.6318076020332685,0.0,0.108473725,0.177043609,3943.0,5163.0
0.6015036093075863,0.0,0.10249833,0.210851246,3943.0,5163.0
0.5747823677787074,0.0,0.0898249405,0.2374783495,3943.0,5163.0
0.5768975447173018,0.0,0.084258272,0.211617643,3943.0,5163.0
0.5978701145108346,0.0,0.075721437,0.20531138,3943.0,5163.0
0.627749705638935,0.0,0.069301152,0.187336132,3943.0,5163.0
0.6848770038097692,0.029375148,0.068384804,0.153112776,3943.0,5163.0
0.7427800945934788,0.089503648,0.065021278,0.139767999,3943.0,5163.0
0.7715010091170348,0.175981354,0.057400173,0.150310811,3943.0,5163.0
0.7765686334817069,0.27208609,0.053854503,0.167295454,3943.0,5163.0
0.7767419781348608,0.358325171,0.057174539,0.164498301,3943.0,5163.0
0.777952906468117,0.451911054,0.054719565,0.146433361,3943.0,5163.0
0.7801629173355704,0.501444155,0.06979057,0.166558017,3943.0,5163.0
0.7800726077930018,0.562057999,0.082938198,0.189016835,3943.0,5163.0
0.7785585480586807,0.534756072,0.097289415,0.22449026,3943.0,5163.0
0.7764089506234617,0.495695751,0.096820923,0.256216173,3943.0,5163.0
0.7737609651514159,0.439901659,0.096183197,0.237935786,3943.0,5163.0
0.7729631718692749,0.341607644,0.093529259,0.209701385,3943.0,5163.0
0.7668023408891498,0.227172257,0.096396255,0.18308175,3943.0,5163.0
0.7514051870163277,0.146359696,0.093014089,0.156667757,3943.0,5163.0
0.7409655649689888,0.074489437,0.094086931,0.142124928,3943.0,5163.0
0.714116488456732,0.004953037,0.088601136,0.129552404,3943.0,5163.0
0.6906581887723965,0.0,0.088317191,0.122814792,3943.0,5163.0
0.629574880699566,0.0,0.109297976,0.143235917,3943.0,5163.0
0.5991445167759405,0.0,0.117019987,0.139401099,3943.0,5163.0
0.5749471072444299,0.0,0.113427099,0.147406093,2205.0,2887.0
0.5699657116211854,0.0,0.105635685,0.157363212,2205.0,2887.0
0.5745934984552505,0.0,0.097346276,0.16559662,2205.0,2887.0
0.5961698911554209,0.0,0.088878226,0.161734431,2205.0,2887.0
0.6254776845744461,0.0,0.083423671,0.156514982,2205.0,2887.0
0.6803407241931139,0.024684035,0.079284642,0.163403463,2205.0,2887.0
0.7396266241271786,0.082774442,0.084650654,0.186774905,2205.0,2887.0
0.7685729576592849,0.184078446,0.07215937,0.199898061,2205.0,2887.0
0.7767840279619604,0.308008777,0.06241021,0.210772643,2205.0,2887.0
0.777148637136393,0.397507087,0.058130696,0.203883465,2205.0,2887.0
0.7773881613731405,0.456971742,0.043880735,0.228360064,2205.0,2887.0
0.7778285312261748,0.524614987,0.052599503,0.198550863,2205.0,2887.0
0.7761471594549941,0.539997408,0.063433996,0.192937509,2205.0,2887.0
0.7741437604564272,0.538740373,0.074848451,0.216317571,2205.0,2887.0
0.7724828812763691,0.489957004,0.083178848,0.249160711,2205.0,2887.0
0.7702249656425586,0.434423679,0.088492339,0.307543643,2205.0,2887.0
0.7684629539079941,0.355161572,0.093864295,0.362428479,2205.0,2887.0
0.7623957148891783,0.272613938,0.090669129,0.378429358,2205.0,2887.0
0.7476404860801795,0.18105382,0.082821784,0.335354643,2205.0,2887.0
0.7379527929491951,0.091855968,0.094105097,0.308497803,2205.0,2887.0
0.7108656114904357,0.010171991,0.10265871,0.278175582,2205.0,2887.0
0.6875849146337106,0.0,0.103823986,0.250928057,2205.0,2887.0
0.6112628491848043,0.0,0.092529167,0.265852535,2205.0,2887.0
0.5644714900567097,0.0,0.0737168775,0.281583274,2205.0,2887.0
0.5393559040649789,0.0,0.066032076,0.27940096400000003,2205.0,2887.0
0.5489462128170113,0.0,0.06333463,0.282129222,2205.0,2887.0
0.5530726398012922,0.0,0.058946693,0.264971726,2205.0,2887.0
0.5537990193671861,0.039319047,0.058328476,0.259395342,2205.0,2887.0
0.5814075210456656,0.142635684,0.045829121,0.232734273,2205.0,2887.0
0.6125473647661053,0.26411938,0.027299854,0.192274953,2205.0,2887.0
0.6465507658121596,0.40654483,0.026159319,0.148701515,2205.0,2887.0
0.6528161447955183,0.53544958,0.025265383,0.109825303,2205.0,2887.0
0.6536456528719198,0.585709485,0.028177918,0.108798098,2205.0,2887.0
0.6538508010059918,0.613128795,0.030636662000000002,0.106893562,2205.0,2887.0
0.6544429139328739,0.592521956,0.026424582,0.117993879,2205.0,2887.0
0.6546216699907562,0.568211563,0.024782125,0.127361266,2205.0,2887.0
0.653433452123749,0.504419009,0.027260515,0.141259734,2205.0,2887.0
0.6536449431761769,0.418116307,0.033372581,0.153164941,2205.0,2887.0
0.6491480519769658,0.30362166,0.043987852,0.153940116,2205.0,2887.0
0.6378176656952617,0.186696143,0.050515288,0.138704214,2205.0,2887.0
0.6319098877168062,0.097651529,0.06850608,0.136625586,2205.0,2887.0
0.6299344333171416,0.00961489,0.099058939,0.148004782,2205.0,2887.0
0.6251093494467439,0.0,0.127658149,0.158003061,2205.0,2887.0
0.6112038109019671,0.0,0.127256963,0.147339441,2205.0,2887.0
0.5641521243402192,0.0,0.140896843,0.155415815,2205.0,2887.0
0.5393559040649789,0.0,0.163424936,0.1520353455,2205.0,2887.0
0.5488763072801479,0.0,0.164511287,0.17743682,2205.0,2887.0
0.5530726398012922,0.0,0.169403678,0.19515273,2205.0,2887.0
0.5537990193671861,0.039152387,0.164907251,0.181639946,2205.0,2887.0
0.5811939895926671,0.135568016,0.141365824,0.166178994,2205.0,2887.0
0.6136923352324121,0.279337962,0.092530541,0.151404076,2205.0,2887.0
0.6473564546366096,0.414848152,0.086620736,0.145916092,2205.0,2887.0
0.6540421986584974,0.557525068,0.095807829,0.164737906,2205.0,2887.0
0.6558452842619646,0.635428618,0.09212637,0.151955377,2205.0,2887.0
0.6598452957049732,0.681769335,0.107082092,0.174099333,2205.0,2887.0
0.6605204880857695,0.664533861,0.118172471,0.198040381,2205.0,2887.0
0.6607858720762796,0.623586418,0.114684695,0.220658524,2205.0,2887.0
0.6614490882148663,0.540083183,0.111124982,0.264753211,2205.0,2887.0
0.6577360180995854,0.452424082,0.105649235,0.306173701,2205.0,2887.0
0.6564008032110448,0.325506367,0.09799335,0.311906134,2205.0,2887.0
0.6516815980487084,0.212238084,0.090237795,0.314087214,2205.0,2887.0
0.6379131649259144,0.123438606,0.094515999,0.31628411,2205.0,2887.0
0.6319098877168062,0.047478572,0.108039467,0.328948146,2205.0,2887.0
0.6298369380292472,0.005197866,0.128112662,0.367466953,2205.0,2887.0
0.6252378054898271,0.0,0.140819399,0.391888668,2205.0,2887.0
0.6152512835768037,0.0,0.140430307,0.36477794350000003,2205.0,2887.0
0.5730564843157515,0.0,0.133106041,0.3975950815,2205.0,2887.0
0.5744242789465666,0.0,0.118242706,0.359678852,2205.0,2887.0
0.5952106851190065,0.0,0.109641619,0.361072408,2205.0,2887.0
0.6241646479309677,0.0,0.103240718,0.382401698,2205.0,2887.0
0.680331852895089,0.027549991,0.098588722,0.409443617,2205.0,2887.0
0.7396266241271786,0.076545864,0.087194331,0.419210515,2205.0,2887.0
0.7685631992922018,0.148390118,0.068099315,0.395642919,2205.0,2887.0
0.7767461476226595,0.239189791,0.059835555,0.400082567,2205.0,2887.0
0.7781949147412046,0.355048022,0.054088849,0.40661363,2205.0,2887.0
0.7801377229342218,0.431102408,0.051202701,0.410819146,2205.0,2887.0
0.783189794684802,0.497903434,0.059650104,0.444563606,2205.0,2887.0
0.78309549302775,0.50929882,0.066303619,0.482517366,2205.0,2887.0
0.7810626415546182,0.526357382,0.076671095,0.510334165,2205.0,2887.0
0.7784161641607156,0.437667343,0.089003092,0.566619829,2205.0,2887.0
0.7751509158050084,0.411315505,0.104216895,0.6139616,2205.0,2887.0
0.7734329056114565,0.307824233,0.108369742,0.611419103,2205.0,2887.0
0.7659949666132411,0.220751965,0.107543675,0.594625214,2205.0,2887.0
0.7496284490444809,0.128204157,0.10265605,0.558003632,2205.0,2887.0
0.7382083742292933,0.069328708,0.105897205,0.552367381,2205.0,2887.0
0.7107397281703504,0.005972909,0.117198322,0.54719041,2205.0,2887.0
0.6880004449332675,0.0,0.132712221,0.532959405,2205.0,2887.0
0.6149769838943197,0.0,0.11918715199999999,0.4823048975,2205.0,2887.0
0.5730007949160278,0.0,0.1086253115,0.480324468,2205.0,2887.0
0.5744242789465666,0.0,0.10080265,0.468522548,2205.0,2887.0
0.5950918987563487,0.0,0.099465593,0.478042282,2205.0,2887.0
0.6240520714566792,0.0,0.097915195,0.486538405,2205.0,2887.0
0.680331852895089,0.023775936,0.096573088,0.485282475,2205.0,2887.0
0.7395654124137842,0.068073709,0.091262409,0.481224953,2205.0,2887.0
0.7685729576592849,0.117559749,0.086941006,0.470492918,2205.0,2887.0
0.7767840279619604,0.212662416,0.078324768,0.460620858,2205.0,2887.0
0.7772225347877397,0.287963196,0.077147905,0.462643254,2205.0,2887.0
0.7773881613731405,0.371003399,0.063170951,0.387671254,2205.0,2887.0
0.7781258962733996,0.396249215,0.080894774,0.416719793,2205.0,2887.0
0.7763486259791254,0.447535783,0.09746139,0.44063762,2205.0,2887.0
0.7749418200010223,0.467126247,0.113860359,0.477978277,2205.0,2887.0
0.7746958196134514,0.415660302,0.135996062,0.53177693,2205.0,2887.0
0.7733804764081887,0.360296547,0.162503802,0.569461571,2205.0,2887.0
0.7720228172146127,0.284854692,0.188790613,0.595280133,2205.0,2887.0
0.7646538079975449,0.209701418,0.192511527,0.600053916,2205.0,2887.0
0.7488136228620329,0.110523102,0.180953083,0.579376331,2205.0,2887.0
0.7379897861181972,0.048431035,0.180353,0.552373535,2205.0,2887.0
0.7109141373671184,0.004974573,0.186991136,0.539132359,2205.0,2887.0
0.6877322665031153,0.0,0.184244968,0.518196752,2205.0,2887.0
0.629423847321461,0.0,0.199902998,0.517330547,2205.0,2887.0
0.5991445167759405,0.0,0.19215045,0.499853101,2205.0,2887.0
0.5724919832103244,0.0,0.1890831655,0.4701750015,2205.0,2887.0
0.5746747592252384,0.0,0.173127762,0.458518331,2205.0,2887.0
0.5967436405784087,0.0,0.155245934,0.454146195,2205.0,2887.0
0.6260353326107545,0.0,0.14560765,0.453276045,2205.0,2887.0
0.6810308646290771,0.031934167,0.13691979,0.480107534,2205.0,2887.0
0.7398533738405566,0.082704448,0.126372503,0.509618318,2205.0,2887.0
0.7685743770507704,0.135800725,0.115063209,0.520729484,2205.0,2887.0
0.7766762419845558,0.20967579,0.117618246,0.535266709,2205.0,2887.0
0.7775059718788421,0.28989242,0.116586752,0.522063444,2205.0,2887.0
0.7782343031586487,0.355616336,0.080469167,0.342681569,2205.0,2887.0
0.7801660222797551,0.392578999,0.081211454,0.35492858,2205.0,2887.0
0.7807320092916611,0.459183092,0.086613116,0.363854615,2205.0,2887.0
0.779341082781112,0.460963174,0.091370985,0.374608382,2205.0,2887.0
0.7791336725298251,0.440120716,0.095121949,0.371185594,2205.0,2887.0
0.7773852339035118,0.377284296,0.098013601,0.352862815,2205.0,2887.0
0.7755168556842686,0.30443614,0.090963981,0.330715017,2205.0,2887.0
0.7676966536022288,0.213131395,0.083595383,0.318869368,2205.0,2887.0
0.7501372163562353,0.13084192,0.071343092,0.298224568,2205.0,2887.0
0.739229102584885,0.063434622,0.066585293,0.282349057,2205.0,2887.0
0.7105848358089889,0.006157425,0.06034927,0.266890542,2205.0,2887.0
0.6879001552057311,0.0,0.057152457,0.250230421,2205.0,2887.0
0.6152829096844064,0.0,0.070948343,0.152561888,2205.0,2887.0
0.5755724430437157,0.0,0.058980006,0.150393259,2205.0,2887.0
0.5723114750341294,0.0,0.056767665,0.13984776799999998,2205.0,2887.0
0.5951304001047346,0.0,0.050378907,0.116960552,2205.0,2887.0
0.6239732946217909,0.0,0.049002601,0.101579934,2205.0,2887.0
0.680331852895089,0.035889382,0.045558237,0.083055885,2205.0,2887.0
0.7394772319584438,0.100897674,0.039226315,0.077471716,2205.0,2887.0
0.768854709197688,0.15192566,0.033909408,0.076749275,2205.0,2887.0
0.77677249525428,0.254776318,0.032703627,0.070540141,2205.0,2887.0
0.7787758054649488,0.35222022,0.035293028,0.070314766,2205.0,2887.0
0.7799959599441012,0.438238484,0.034175728,0.081298984,2205.0,2887.0
0.783003764144316,0.501779211,0.0415367135,0.0897892825,2205.0,2887.0
0.781343417236065,0.525783946,0.044908355,0.089521431,2205.0,2887.0
0.7791183252834579,0.463277014,0.039648706,0.084334602,2205.0,2887.0
0.7767267194739107,0.420183138,0.036306674,0.082691347,2205.0,2887.0
0.7745892756542166,0.353604503,0.030138409,0.075180232,2205.0,2887.0
0.767277574823958,0.264818249,0.026123372,0.077791755,2205.0,2887.0
0.7503170369577317,0.17139547,0.024515984,0.087014868,2205.0,2887.0
0.739162080073081,0.095446824,0.025605108,0.096298166,2205.0,2887.0
0.7107628821711285,0.014357192,0.031513905,0.103193807,2205.0,2887.0
0.6880916416461349,0.0,0.036279841,0.096763624,2205.0,2887.0
0.6299585631748761,0.0,0.043382113,0.132931074,2205.0,2887.0
0.5993479793573134,0.0,0.045179611,0.140884105,2205.0,2887.0
0.5724632402796417,0.0,0.0520487585,0.1348324715,2205.0,2887.0
0.5746223300219706,0.0,0.052826707,0.118577078,2205.0,2887.0
0.5949546158598099,0.0,0.056649594,0.115645408,2205.0,2887.0
0.6240444421768243,0.0,0.060191745,0.111217951,2205.0,2887.0
0.680516508336798,0.044770493,0.057689071,0.118539892,2205.0,2887.0
0.7396266241271786,0.14131034,0.041833494,0.119166586,2205.0,2887.0
0.7685174235118324,0.259300258,0.022667552,0.110774765,2205.0,2887.0
0.7767461476226595,0.387540532,0.02015803,0.1097229,2205.0,2887.0
0.7781949147412046,0.522386167,0.027062862,0.112821961,2205.0,2887.0
0.7788738330752706,0.62516143,0.0347449,0.127746505,2205.0,2887.0
0.7816342174458085,0.652597328,0.036669396,0.145138972,2205.0,2887.0
0.7813073998227787,0.645756986,0.044318381,0.170702645,2205.0,2887.0
0.7805954804341939,0.612363437,0.051480244,0.196424941,2205.0,2887.0
0.7787603695319238,0.5559267,0.059464485,0.232880287,2205.0,2887.0
0.7769722762257122,0.473658365,0.065888934,0.294685708,2205.0,2887.0
0.7739965861628187,0.362701551,0.072645811,0.344079608,2205.0,2887.0
0.7658074279439917,0.259037901,0.076739722,0.38169695,2205.0,2887.0
0.7496785716859646,0.15501309,0.083150841,0.400458546,2205.0,2887.0
0.738333991388165,0.080559427,0.09594518,0.417837498,2205.0,2887.0
0.7106989203614207,0.008420439,0.116697533,0.437189922,2205.0,2887.0
0.6877690821975616,0.0,0.128524976,0.443384372,2205.0,2887.0
0.6120374442240789,0.0,0.133683772,0.412963323,2205.0,2887.0
0.5646599158456375,0.0,0.13479391699999999,0.39853334399999996,2205.0,2887.0
0.5390970404167603,0.0,0.1303437495,0.4182047725,2205.0,2887.0
0.5471578534508265,0.0,0.128763037,0.433073953,2205.0,2887.0
0.552060250421298,0.0,0.12151422,0.428346177,2205.0,2887.0
0.552424194344557,0.043486093,0.113474682,0.425111256,2205.0,2887.0
0.5815853455899204,0.139366113,0.091082277,0.40013878,2205.0,2887.0
0.6131878260951141,0.254288085,0.061330509,0.38580413,2205.0,2887.0
0.6466333130448869,0.386161626,0.054994304,0.369061069,2205.0,2887.0
0.6540036086234539,0.49962107,0.051761666,0.33748683,2205.0,2887.0
0.6540774175881428,0.570575666,0.037883702,0.264013851,2205.0,2887.0
0.6563706409394969,0.623659749,0.046181171,0.233327137,2205.0,2887.0
0.6575753150410549,0.651945506,0.050328978,0.236631681,2205.0,2887.0
0.6601668348520208,0.665604361,0.056195541,0.283351005,2205.0,2887.0
0.6603246547842514,0.593940409,0.060442454,0.336728969,2205.0,2887.0
0.6603758419693492,0.517299672,0.06426624,0.36346844,2205.0,2887.0
0.6590427561680368,0.401020117,0.068126448,0.383940657,2205.0,2887.0
0.6533026451755528,0.297333338,0.068237176,0.36572913,2205.0,2887.0
0.6401223774109674,0.177196901,0.072228427,0.357212767,2205.0,2887.0
0.6319853822341944,0.078820263,0.082678071,0.373917698,2205.0,2887.0
0.630292078564133,0.012130023,0.095352564,0.395912419,2205.0,2887.0
0.6261953703168711,0.0,0.097775207,0.39339072,2205.0,2887.0
0.6140916754586319,0.0,0.101006277,0.409331254,2205.0,2887.0
0.5655056140459964,0.0,0.09149936,0.288769618,2205.0,2887.0
0.5390881247754067,0.0,0.0736897425,0.2109415855,2205.0,2887.0
0.5470627535126145,0.0,0.068607565,0.208494729,2205.0,2887.0
0.551184389898771,0.0,0.07547255,0.192734073,2205.0,2887.0
0.5525913290081012,0.040033005,0.079304371,0.180754574,2205.0,2887.0
0.5818697141946502,0.103148098,0.070797582,0.180051323,2205.0,2887.0
0.6136923352324121,0.192803222,0.051655037,0.19359911,2205.0,2887.0
0.6472330552516239,0.297378051,0.053436913,0.205344336,2205.0,2887.0
0.6537519306699408,0.38979075,0.057458642,0.221943247,2205.0,2887.0
0.6550546767251493,0.450708435,0.043438861,0.185773013,2205.0,2887.0
0.6563261515206265,0.502603687,0.048335467,0.229739401,2205.0,2887.0
0.6581025789879307,0.552713384,0.060134303,0.25621718,2205.0,2887.0
0.6601668348520208,0.548549952,0.069726103,0.27162843,2205.0,2887.0
0.6606254795222917,0.487303289,0.080160538,0.295712461,2205.0,2887.0
0.6582137359694933,0.414566539,0.078243433,0.350128616,2205.0,2887.0
0.6568562542504732,0.31469804,0.070212523,0.385589857,2205.0,2887.0
0.6516631457569159,0.211674385,0.074704467,0.406354686,2205.0,2887.0
0.6385506544419657,0.118208746,0.075058903,0.404148836,2205.0,2887.0
0.6317536203072882,0.068016811,0.072835561,0.402071504,2205.0,2887.0
0.630306006419015,0.011317675,0.077466136,0.393805997,2205.0,2887.0
0.6266804070633317,0.0,0.08984505,0.408558531,2205.0,2887.0
0.6351810799009097,0.0,0.143700588,0.391205852,2205.0,2887.0
0.6024381089217504,0.0,0.134585756,0.391674043,2205.0,2887.0
0.5740064421358455,0.0,0.128776216,0.3705855705,2205.0,2887.0
0.5742928510905257,0.0,0.129195294,0.379443431,2205.0,2887.0
0.5945425896956378,0.0,0.130515856,0.397848474,2205.0,2887.0
0.6235914751737359,0.0,0.127649315,0.40138818,2205.0,2887.0
0.6793529969932814,0.02689582,0.12804805,0.408738204,2205.0,2887.0
0.7394693365173753,0.078329391,0.140593843,0.391004403,2205.0,2887.0
0.7687709644926005,0.115044606,0.1404018,0.371979247,2205.0,2887.0
0.776798842987141,0.162797874,0.130859421,0.358896537,2205.0,2887.0
0.7778975497952205,0.218197776,0.134830556,0.368567867,2205.0,2887.0
0.7781949147412046,0.27459144,0.150732666,0.351404801,2205.0,2887.0
0.7794547237990148,0.329534935,0.189471861,0.409108843,2205.0,2887.0
0.7777879008918012,0.34626209,0.206218564,0.531565034,2205.0,2887.0
0.7772751414655633,0.346881547,0.209368427,0.62232126,2205.0,2887.0
0.7755028390414886,0.332815631,0.220854741,0.674318812,2205.0,2887.0
0.7717944707364338,0.301072545,0.236487135,0.696160029,2205.0,2887.0
0.7700638633928278,0.256515502,0.240797043,0.692884601,2205.0,2887.0
0.7631190781975453,0.195474317,0.233741551,0.682273852,2205.0,2887.0
0.7479854897325475,0.130944499,0.218340134,0.694121846,2205.0,2887.0
0.7379401513545717,0.065032054,0.209360504,0.716938437,2205.0,2887.0
0.7107301471765827,0.008276873,0.205689525,0.74506179,2205.0,2887.0
0.6878240841238272,0.0,0.20427233,0.76445176,2205.0,2887.0
0.6299534621734497,0.0,0.208125736,0.708157169,2205.0,2887.0
0.5876303621722059,0.0,0.185585956,0.7110624990000001,2205.0,2887.0
0.5723720214457302,0.0,0.1663418075,0.6259394380000001,2205.0,2887.0
0.5951304001047346,0.0,0.164435998,0.620986039,2205.0,2887.0
0.6239888193427141,0.0,0.173134124,0.629260004,2205.0,2887.0
0.680516508336798,0.026685498,0.181683556,0.625908948,2205.0,2887.0
0.7395225198609552,0.089438978,0.172525677,0.609237488,2205.0,2887.0
0.7685907889419923,0.18951214,0.165472309,0.5911565,2205.0,2887.0
0.7767757776730206,0.267893725,0.158742131,0.548944959,2205.0,2887.0
0.777509875205427,0.331130536,0.152368412,0.523208602,2205.0,2887.0
0.7772490598939161,0.400645263,0.140732564,0.402970079,2205.0,2887.0
0.7772416079873766,0.429683844,0.149248072,0.462403248,2205.0,2887.0
0.775094228427284,0.430630822,0.16198087,0.500195156,2205.0,2887.0
0.7729117185229634,0.475498641,0.188916554,0.520201243,2205.0,2887.0
0.7719397821040275,0.446466855,0.225726093,0.554513586,2205.0,2887.0
0.7690282313253979,0.373172465,0.271633089,0.581368456,2205.0,2887.0
0.7679461137818557,0.316163727,0.306505799,0.573707169,2205.0,2887.0
0.762127891205657,0.233362812,0.319601654,0.569125517,2205.0,2887.0
0.748245240601685,0.151475278,0.322805742,0.549719048,2205.0,2887.0
0.7383088856734741,0.079548176,0.336472468,0.535084207,2205.0,2887.0
0.7115266098551364,0.019723019,0.339579829,0.510018301,2205.0,2887.0
0.6883570699799739,0.0,0.341123031,0.471448045,2205.0,2887.0
0.6290133736800014,0.0,0.34104933,0.373479116,2205.0,2887.0
0.5992104746428899,0.0,0.361692085,0.348069577,2205.0,2887.0
0.5734727021393868,0.0,0.371964058,0.3281014485,2205.0,2887.0
0.5760243012611015,0.0,0.373433723,0.308564705,2205.0,2887.0
0.5998433066920439,0.0,0.381237647,0.279055964,2205.0,2887.0
0.6309077003396648,0.0,0.381191583,0.240448105,2205.0,2887.0
0.684654556715417,0.032578553,0.376624806,0.204067169,2205.0,2887.0
0.7425293924969222,0.115145975,0.371845709,0.164428824,2205.0,2887.0
0.772118449475252,0.198226929,0.367124358,0.135259372,2205.0,2887.0
0.780567092402003,0.305843195,0.362048302,0.116837721,2205.0,2887.0
0.7800240819163191,0.402271154,0.344642717,0.10632526,2205.0,2887.0
0.7779204376347849,0.464795924,0.261113563,0.09358592,2205.0,2887.0
0.7775551187646096,0.485072412,0.30295837,0.125278228,2205.0,2887.0
0.7751463914693382,0.473499519,0.335253252,0.166426875,2205.0,2887.0
0.7728029566886023,0.471085048,0.353659689,0.198617535,2205.0,2887.0
0.7713571171409264,0.438954047,0.362723836,0.215395319,2205.0,2887.0
0.7689773102002733,0.388451672,0.367457743,0.218933801,2205.0,2887.0
0.7679244678592209,0.303571303,0.362071318,0.232844143,2205.0,2887.0
0.762127891205657,0.255257504,0.338802766,0.250748183,2205.0,2887.0
0.747901124018375,0.177930218,0.307523521,0.266719028,2205.0,2887.0
0.7380206581867284,0.0975823,0.286870627,0.282441902,2205.0,2887.0
0.7116573280154346,0.015070113,0.275887284,0.282399817,2205.0,2887.0
0.6889086412591401,0.0,0.26170432,0.26406587,2205.0,2887.0
0.6291187644089642,0.0,0.257298019,0.36721998,2205.0,2887.0
0.6005754970563475,0.0,0.259791905,0.409308974,2205.0,2887.0
0.5770963498317776,0.0,0.257854816,0.452275243,2205.0,2887.0
0.5760244786850373,0.0,0.24921932600000002,0.47460329700000004,2205.0,2887.0
0.6057328099545033,0.0,0.236522422,0.491787801,2205.0,2887.0
0.6345971285763096,0.0,0.227176132,0.511843173,2205.0,2887.0
0.6892331079770568,0.044478405,0.217196209,0.537196246,2205.0,2887.0
0.742396500906067,0.120405458,0.20101176,0.571964579,2205.0,2887.0
0.7696671401316941,0.225864318,0.19921424,0.60087741,2205.0,2887.0
0.7767932540066163,0.329432729,0.218384034,0.639724704,2205.0,2887.0
0.7775998299001244,0.389093773,0.238926427,0.666092809,2205.0,2887.0
0.7773106265564224,0.439491892,0.192609565,0.634347887,2205.0,2887.0
0.7773191429053353,0.44207635,0.223054814,0.651808872,2205.0,2887.0
0.7751458591469109,0.466930451,0.248793616,0.646685193,2205.0,2887.0
0.7736006613853261,0.420052169,0.271659764,0.65415759,2205.0,2887.0
0.7722520508630905,0.391599119,0.285690111,0.651419194,2205.0,2887.0
0.7695449827648785,0.321972831,0.292203982,0.6177722,2205.0,2887.0
0.7679461137818557,0.269058836,0.290591152,0.581171391,2205.0,2887.0
0.7618789633484573,0.191072953,0.270887656,0.536284331,2205.0,2887.0
0.7478370734207692,0.126929567,0.250747571,0.478079389,2205.0,2887.0
0.7378356921392364,0.060358984,0.235606527,0.440710414,2205.0,2887.0
0.7108656114904357,0.012249344,0.226786275,0.409539488,2205.0,2887.0
0.6878447541895056,0.0,0.208208401,0.3630233,2205.0,2887.0
0.6291148166378098,0.0,0.184724243,0.370478088,2205.0,2887.0
0.5990431625047898,0.0,0.182643196,0.33242337,2205.0,2887.0
0.5725719355483894,0.0,0.16333198399999999,0.262574603,2205.0,2887.0
0.5756961085899152,0.0,0.14433572,0.220980342,2205.0,2887.0
0.6003872930346842,0.0,0.130043824,0.204950848,2205.0,2887.0
0.6288139475564407,0.0,0.119132403,0.185879809,2205.0,2887.0
0.6842549503279834,0.028233146,0.11063687,0.186934226,2205.0,2887.0
0.7406257066613758,0.08231769,0.09326838,0.187325502,2205.0,2887.0
0.7687571252231359,0.165397354,0.078018168,0.175380631,2205.0,2887.0
0.7766829841953523,0.255728791,0.0858325,0.162583108,2205.0,2887.0
0.77736181374152,0.345122628,0.096400152,0.150154443,2205.0,2887.0
0.7787087387110565,0.402461248,0.086555386,0.119926822,2205.0,2887.0
0.7796599162764156,0.428713005,0.098613502,0.123247486,2205.0,2887.0
0.7788987613154056,0.423022977,0.113324579,0.154575731,2205.0,2887.0
0.7781251865776566,0.408391191,0.123052098,0.204414956,2205.0,2887.0
0.7767380747070352,0.386593175,0.128835989,0.260314239,2205.0,2887.0
0.7745515727894716,0.323987236,0.14501726,0.307458624,2205.0,2887.0
0.7736429772723988,0.269913769,0.159437701,0.316796385,2205.0,2887.0
0.7664043757110865,0.216317586,0.15769529,0.309429766,2205.0,2887.0
0.7499903081226001,0.153488033,0.152259375,0.299756673,2205.0,2887.0
0.738333991388165,0.082385772,0.14863856,0.298304603,2205.0,2887.0
0.7109141373671184,0.01378013,0.152629393,0.287808172,2205.0,2887.0
0.6879101353906989,0.0,0.144190468,0.269459998,2205.0,2887.0
0.6114919941466244,0.0,0.162042136,0.321574073,2205.0,2887.0
0.579648747386513,0.0,0.150805683,0.268820242,2205.0,2887.0
0.5442302012855174,0.0,0.1389911305,0.2580232885,2205.0,2887.0
0.540437644538365,0.0,0.127588391,0.231843933,2205.0,2887.0
0.5496755199537745,0.0,0.118340924,0.253886815,2205.0,2887.0
0.5543007340648418,0.0,0.10953454,0.257383627,2205.0,2887.0
0.5543369288514437,0.032964916,0.096417723,0.255091726,2205.0,2887.0
0.5822138307779602,0.087700237,0.077378793,0.291549534,2205.0,2887.0
0.612755573501033,0.188262638,0.065361614,0.315750049,2205.0,2887.0
0.6465284546383514,0.302890043,0.081124987,0.344101332,2205.0,2887.0
0.6528561098787186,0.408717735,0.095972415,0.372750014,2205.0,2887.0
0.6536456528719198,0.493153268,0.103633414,0.384436309,2205.0,2887.0
0.654479020032818,0.549253616,0.123590445,0.39740313,2205.0,2887.0
0.6530807304036279,0.552499257,0.141118238,0.42332868,2205.0,2887.0
0.6543055866930063,0.502848862,0.16534479,0.446787345,2205.0,2887.0
0.654488778399901,0.475083683,0.184351661,0.444287849,2205.0,2887.0
0.6523484513526666,0.404917039,0.202039723,0.444688559,2205.0,2887.0
0.6527018384252017,0.3392284,0.2150768,0.46180361,2205.0,2887.0
0.6481487477261242,0.261505218,0.220926031,0.477661396,2205.0,2887.0
0.6369775564248072,0.176187822,0.219066292,0.488103053,2205.0,2887.0
0.6311288167291892,0.088274846,0.22973598,0.497783406,2205.0,2887.0
0.6297741294498114,0.014802859,0.233350255,0.519155694,2205.0,2887.0
0.624978764417673,0.0,0.219062336,0.514811464,2205.0,2887.0
0.6122673874670589,0.0,0.213230606,0.534442845,2205.0,2887.0
0.5794792617166153,0.0,0.216250783,0.559925234,2205.0,2887.0
0.5494256606841876,0.0,0.215154517,0.577818795,2205.0,2887.0
0.5390172655026311,0.0,0.2053798735,0.58369326,2205.0,2887.0
0.5481171926184678,0.0,0.184863054,0.550050653,2205.0,2887.0
0.5527275473610258,0.0,0.173899185,0.514352299,2205.0,2887.0
0.5531669413571036,0.031207555,0.164176133,0.490830058,2205.0,2887.0
0.5812130627923041,0.101371069,0.146137464,0.476430612,2205.0,2887.0
0.6126826517066427,0.157796656,0.155845619,0.460656365,2205.0,2887.0
0.646557108831756,0.238815601,0.161013303,0.438951532,2205.0,2887.0
0.6530979406772502,0.318613581,0.177701745,0.444695602,2205.0,2887.0
0.6532439617405869,0.347542193,0.160496233,0.45368339,2205.0,2887.0
0.6538401111252812,0.374572225,0.192777606,0.496810721,2205.0,2887.0
0.651948401430704,0.387426243,0.238624012,0.523742073,2205.0,2887.0
0.6519987015467434,0.3616379,0.277805169,0.546285116,2205.0,2887.0
0.6532719062382487,0.349294732,0.306557875,0.5623508,2205.0,2887.0
0.6514517433911456,0.317841478,0.319944943,0.568372408,2205.0,2887.0
0.6511203570891169,0.26714574,0.324342675,0.556698905,2205.0,2887.0
0.6467433611395065,0.199847712,0.320475234,0.537671671,2205.0,2887.0
0.6363989722628473,0.139339216,0.295962562,0.530552044,2205.0,2887.0
0.6309012686334107,0.081795481,0.267890749,0.526510087,2205.0,2887.0
0.6300443927251035,0.008326557,0.248059925,0.523602775,2205.0,2887.0
0.6272255022422948,0.0,0.241453784,0.5473895065000001,2205.0,2887.0
0.5870571450716453,0.0,0.244663158,0.593536414,2205.0,2887.0
0.5722826877601179,0.0,0.23016823549999998,0.5996434134999999,2205.0,2887.0
0.5950327274435248,0.0,0.208423733,0.578396226,2205.0,2887.0
0.6251885699174017,0.0,0.197961552,0.546045373,2205.0,2887.0
0.6803407241931139,0.030517362,0.184064536,0.500157912,2205.0,2887.0
0.7395225198609552,0.080290294,0.165412424,0.470291194,2205.0,2887.0
0.7684633087558655,0.134269564,0.163884003,0.464879284,2205.0,2887.0
0.7767607851732842,0.197780858,0.175931796,0.482415836,2205.0,2887.0
0.7773106265564224,0.265613802,0.189467844,0.500897975,2205.0,2887.0
0.7775059718788421,0.276358274,0.163067495,0.465473971,2205.0,2887.0
0.7781258962733996,0.301418146,0.171426207,0.426564595,2205.0,2887.0
0.7768665307501185,0.329352231,0.183393823,0.418454689,2205.0,2887.0
0.7750755099742779,0.33157919,0.187180376,0.408236044,2205.0,2887.0
0.7740452894128168,0.325412872,0.187904651,0.402508808,2205.0,2887.0
0.7728006502280587,0.290103882,0.190552509,0.420277727,2205.0,2887.0
0.7717096613864918,0.251589622,0.195316304,0.461755481,2205.0,2887.0
0.7653478961034221,0.205873575,0.193014939,0.508636772,2205.0,2887.0
0.7497582356911514,0.153735519,0.185331101,0.544619883,2205.0,2887.0
0.7385057835186063,0.097111171,0.188707969,0.589765251,2205.0,2887.0
0.710890938921771,0.019133675,0.205372385,0.614486991,2205.0,2887.0
0.6879642944899946,0.0,0.210157948,0.598601758,2205.0,2887.0
0.6293248882987522,0.0,0.205714125,0.567350852,2205.0,2887.0
0.5989720149497565,0.0,0.20296271,0.558918773,2205.0,2887.0
0.5724677203226032,0.0,0.1919233075,0.5229598200000001,2205.0,2887.0
0.5745997083436198,0.0,0.174917881,0.480255894,2205.0,2887.0
0.5949546158598099,0.0,0.165699167,0.429221369,2205.0,2887.0
0.6239732946217909,0.0,0.156672993,0.369911295,2205.0,2887.0
0.680331852895089,0.044958877,0.144832908,0.323913743,2205.0,2887.0
0.7392246225925435,0.128554921,0.116655267,0.292703338,2205.0,2887.0
0.7687395601016421,0.226897364,0.091399471,0.267526457,2205.0,2887.0
0.77677249525428,0.343790212,0.097547195,0.248303956,2205.0,2887.0
0.7781949147412046,0.442597193,0.091581376,0.218025748,2205.0,2887.0
0.7787758054649488,0.518174226,0.083114349,0.178035047,2205.0,2887.0
0.7799010373792047,0.562613756,0.085485524,0.160212488,2205.0,2887.0
0.7794500219887888,0.60044945,0.089360094,0.158100785,2205.0,2887.0
0.7784615850932136,0.626565465,0.089774341,0.168023587,2205.0,2887.0
0.7777346732048923,0.602730103,0.095340628,0.196619668,2205.0,2887.0
0.7763100359440818,0.547959633,0.107870143,0.224448213,2205.0,2887.0
0.7754408289456938,0.477096471,0.116753668,0.238107881,2205.0,2887.0
0.7694710851135317,0.377439579,0.124532673,0.248433624,2205.0,2887.0
0.753702757228796,0.253631549,0.128718672,0.245467577,2205.0,2887.0
0.7431997056941767,0.136697387,0.15601943,0.243888043,2205.0,2887.0
0.7117468835189316,0.022694192,0.190953608,0.252978759,2205.0,2887.0
0.6890254314633157,0.0,0.213084222,0.255706318,2205.0,2887.0
0.6322387457404065,0.0,0.227802104,0.203902655,2205.0,2887.0
0.6001796609655126,0.0,0.215032026,0.199506649,2205.0,2887.0
0.5728337045451923,0.0,0.20230732499999998,0.19980820999999999,2205.0,2887.0
0.5745997083436198,0.0,0.182255631,0.188605801,2205.0,2887.0
0.5955932142628042,0.0,0.172476064,0.192312948,2205.0,2887.0
0.6255183150100603,0.0,0.157976279,0.195695093,2205.0,2887.0
0.6805246699390802,0.061332854,0.136879755,0.183631592,2205.0,2887.0
0.7394489326129106,0.183304332,0.099128112,0.169056846,2205.0,2887.0
0.7690433124105516,0.338615139,0.046439076,0.151758199,2205.0,2887.0
0.7786954317640192,0.496552166,0.031716371,0.151795601,2205.0,2887.0
0.7821242664057972,0.638536075,0.030216895,0.160174254,2205.0,2887.0
0.7867159471399184,0.757726424,0.027532139,0.122239076,2205.0,2887.0
0.7904901402819361,0.830825612,0.026810895,0.118241215,2205.0,2887.0
0.7896196025787203,0.856323522,0.031969368,0.118289556,2205.0,2887.0
0.7902823751827779,0.8489143,0.036372547,0.132042958,2205.0,2887.0
0.7896662654281478,0.809918443,0.041509415,0.17146245,2205.0,2887.0
0.7882990252408043,0.714017529,0.046318577,0.234916501,2205.0,2887.0
0.78584922407663,0.597622418,0.050208159,0.283268803,2205.0,2887.0
0.7802282985367637,0.456425356,0.055924096,0.284513766,2205.0,2887.0
0.7621792558653105,0.304737623,0.073508549,0.283631825,2205.0,2887.0
0.7505193906521617,0.16817513,0.103555542,0.300838163,2205.0,2887.0
0.7166360178856945,0.031922839,0.134961248,0.355821826,2205.0,2887.0
0.694870001671135,0.0,0.149572884,0.410106411,2205.0,2887.0
0.6377918503860684,0.0,0.155745479,0.448589505,2205.0,2887.0
0.603049028887056,0.0,0.155596704,0.464251782,2205.0,2887.0
0.5758855101851791,0.0,0.144997609,0.455425267,2205.0,2887.0
0.5706839296860376,0.0,0.138049475,0.48835986,2205.0,2887.0
0.5743502481639927,0.0,0.145647482,0.547468335,2205.0,2887.0
0.5951304001047346,0.0,0.158598757,0.605425375,2205.0,2887.0
0.6241646479309677,0.0,0.171171102,0.649294693,2205.0,2887.0
0.680331852895089,0.05356123,0.183562514,0.686227647,2205.0,2887.0
0.7391509466578412,0.152543498,0.18638136,0.679416209,2205.0,2887.0
0.7686316855388201,0.265823579,0.183618866,0.639612014,2205.0,2887.0
0.7768903057599815,0.398768216,0.18934356,0.604065285,2205.0,2887.0
0.7787087387110565,0.539146602,0.196501135,0.570883938,2205.0,2887.0
0.7798114375323789,0.666141371,0.180872097,0.46632303,2205.0,2887.0
0.7810928038261661,0.734552057,0.176055583,0.450841642,2205.0,2887.0
0.7799017470749475,0.794917019,0.178743269,0.431862516,2205.0,2887.0
0.7783185801861635,0.791161624,0.203914853,0.433513426,2205.0,2887.0
0.7764464761148913,0.74484385,0.251451422,0.414726834,2205.0,2887.0
0.7741308084585017,0.668852619,0.314585102,0.410433412,2205.0,2887.0
0.7719973566520505,0.548781015,0.386214367,0.418121835,2205.0,2887.0
0.7646538079975449,0.417083458,0.442273365,0.433652566,2205.0,2887.0
0.7488132680141616,0.267400834,0.471056597,0.443708744,2205.0,2887.0
0.7379527929491951,0.159568415,0.503467257,0.454068614,2205.0,2887.0
0.7110808284961333,0.03329568,0.526581677,0.454096791,2205.0,2887.0
0.6884323871240466,0.0,0.525234668,0.447916171,2205.0,2887.0
0.6291187644089642,0.0,0.470028676,0.38994734,2205.0,2887.0
0.5997589409778714,0.0,0.455532926,0.387133021,2205.0,2887.0
0.5768331836151535,0.0,0.430996518,0.393971488,2205.0,2887.0
0.5731279645976121,0.0,0.41904512,0.409850334,2205.0,2887.0
0.5925558022851333,0.0,0.39412900250000005,0.425880524,2205.0,2887.0
0.6347634205141244,0.0,0.372119008,0.437117956,2205.0,2887.0
0.6909198912542063,0.069320716,0.358237638,0.438737064,2205.0,2887.0
0.7457583573793699,0.197106668,0.333183492,0.423911246,2205.0,2887.0
0.773252020466346,0.356193859,0.337713434,0.418740365,2205.0,2887.0
0.7787307394815627,0.518879362,0.371499008,0.406559255,2205.0,2887.0
0.7777364474442492,0.65698685,0.411364923,0.395092115,2205.0,2887.0
0.7772490598939161,0.77080292,0.347510255,0.363154944,2205.0,2887.0
0.7772783350964056,0.822382946,0.374625343,0.359181708,2205.0,2887.0
0.7755374370632894,0.844726353,0.397023624,0.374821324,2205.0,2887.0
0.7736006613853261,0.822400755,0.420880389,0.39466015,2205.0,2887.0
0.7719852917231833,0.784276319,0.443713861,0.414600009,2205.0,2887.0
0.7695449827648785,0.706151543,0.464343565,0.438429586,2205.0,2887.0
0.7684629539079941,0.599288433,0.472271596,0.462275718,2205.0,2887.0
0.7618789633484573,0.469479036,0.468415382,0.476285647,2205.0,2887.0
0.7478516222847361,0.326012829,0.437358176,0.471911586,2205.0,2887.0
0.7381241858884362,0.185469566,0.435408649,0.464529484,2205.0,2887.0
0.7118268135840917,0.03635477,0.444384597,0.463306405,2205.0,2887.0
0.689316009956415,0.0,0.448633195,0.465673417,2205.0,2887.0
0.6118193883341698,0.0,0.437565542,0.473658738,2205.0,2887.0
0.5811418264493725,0.0,0.407076442,0.445535795,2205.0,2887.0
0.5526026842412257,0.0,0.394082669,0.432426078,2205.0,2887.0
0.5436881223134611,0.0,0.36704566650000003,0.3952913895,2205.0,2887.0
0.5544287909167249,0.0,0.345361223,0.368374851,2205.0,2887.0
0.558806319087522,0.0,0.330487928,0.360299501,2205.0,2887.0
0.5583009672244948,0.071734754,0.314140288,0.355364435,2205.0,2887.0
0.5862185882732832,0.209497812,0.26073132,0.342792188,2205.0,2887.0
0.6168838190679996,0.372944673,0.207787969,0.31707256,2205.0,2887.0
0.6490329472242486,0.533526236,0.201591994,0.293154383,2205.0,2887.0
0.6530159257669503,0.67722767,0.197797228,0.267581473,2205.0,2887.0
0.6530448017782398,0.802172314,0.172063878,0.230009276,2205.0,2887.0
0.6540932971569374,0.884100483,0.184437558,0.22096798,2205.0,2887.0
0.6526305578401816,0.912316423,0.201772866,0.229821968,2205.0,2887.0
0.6531422969648937,0.89673254,0.218644186,0.256251311,2205.0,2887.0
0.6541686143010101,0.837113623,0.2281033,0.282788765,2205.0,2887.0
0.6523369630895555,0.724176496,0.243126899,0.313959198,2205.0,2887.0
0.6527018384252017,0.597802608,0.259787346,0.339605177,2205.0,2887.0
0.6476429078839985,0.445851412,0.280087808,0.347901615,2205.0,2887.0
0.6371338238343254,0.278165275,0.264046265,0.343757373,2205.0,2887.0
0.6309083213487497,0.140240675,0.287002636,0.354198704,2205.0,2887.0
0.6300993502067997,0.023998195,0.302896273,0.364795306,2205.0,2887.0
0.6247397724021122,0.0,0.309836973,0.379307691,2205.0,2887.0
0.5954703914929544,0.0,0.2836789125,0.35540573,2205.0,2887.0
0.5447260165993463,0.0,0.25800101649999996,0.342900615,2205.0,2887.0
0.5408814298401263,0.0,0.233604344,0.317496673,2205.0,2887.0
0.5506629366490643,0.0,0.220991685,0.299795902,2205.0,2887.0
0.5558066321968808,0.0,0.203570251,0.281801527,2205.0,2887.0
0.555675692218698,0.043951478,0.186176541,0.281512304,2205.0,2887.0
0.5830974092669997,0.153355036,0.151612182,0.266742554,2205.0,2887.0
0.6136614189217925,0.280537901,0.10224293,0.233015379,2205.0,2887.0
0.6465284546383514,0.425593498,0.098139579,0.216579533,2205.0,2887.0
0.6529299188434076,0.564516011,0.102803349,0.204983912,2205.0,2887.0
0.6532541637434395,0.69347675,0.092377485,0.191138763,2205.0,2887.0
0.6547082535800552,0.773117736,0.107708127,0.194557653,2205.0,2887.0
0.6528611664355756,0.810693194,0.132215291,0.235721229,2205.0,2887.0
0.6539449695318167,0.808476651,0.155084853,0.278413722,2205.0,2887.0
0.6546214926174407,0.766720037,0.175340977,0.31124066,2205.0,2887.0
0.6528361495087828,0.676709476,0.201881181,0.353883106,2205.0,2887.0
0.6531124008545595,0.562560923,0.227409395,0.392871368,2205.0,2887.0
0.6477612507121272,0.421075941,0.24817853,0.421673842,2205.0,2887.0
0.6372030641200153,0.278891942,0.23784656,0.443802451,2205.0,2887.0
0.6309083213487497,0.151522911,0.259905289,0.468552217,2205.0,2887.0
0.6300443927251035,0.032607349,0.297185512,0.492471972,2205.0,2887.0
0.6252224137988904,0.0,0.315678176,0.502605587,2205.0,2887.0
0.6290155471105585,0.0,0.339491407,0.508997064,2205.0,2887.0
0.5868241633488537,0.0,0.329007313,0.476175637,2205.0,2887.0
0.5734363077571849,0.0,0.302709167,0.432983135,2205.0,2887.0
0.6019295633266403,0.0,0.282882534,0.415503895,2205.0,2887.0
0.6326677603603164,0.0,0.275259959,0.388275147,2205.0,2887.0
0.6847316036542772,0.062386161,0.260447473,0.373082648,2205.0,2887.0
0.7400379849389368,0.197331507,0.21920446,0.351008669,2205.0,2887.0
0.7685907889419923,0.352546468,0.176824278,0.309714739,2205.0,2887.0
0.7767607851732842,0.507964763,0.197078707,0.284987948,2205.0,2887.0
0.7775059718788421,0.639776096,0.240915515,0.277629861,2205.0,2887.0
0.7794736196253365,0.731393534,0.217724543,0.266083622,2205.0,2887.0
0.7827031168302115,0.774078584,0.267469567,0.285738047,2205.0,2887.0
0.7818468174357998,0.780476186,0.3052161705,0.301844715,2205.0,2887.0
0.780460637129426,0.729511616,0.318655472,0.335213206,2205.0,2887.0
0.7784862472733755,0.658373937,0.325812441,0.384909471,2205.0,2887.0
0.7773215381537772,0.5688402,0.335916975,0.423003642,2205.0,2887.0
0.7706523833964269,0.453210887,0.340846491,0.45930289,2205.0,2887.0
0.7542082422230504,0.306055706,0.312093782,0.506112051,2205.0,2887.0
0.7427446981892775,0.175866299,0.328020645,0.539330337,2205.0,2887.0
0.7113152074893663,0.035199012,0.362093418,0.566279284,2205.0,2887.0
0.6878003091139642,0.0,0.380886709,0.579581533,2205.0,2887.0
0.6299585631748761,0.0,0.392368408,0.60752372,2205.0,2887.0
0.5991445167759405,0.0,0.369391031,0.555200781,2205.0,2887.0
0.5724882573076748,0.0,0.33497821,0.5339213525,2205.0,2887.0
0.5756961085899152,0.0,0.301267814,0.487277457,2205.0,2887.0
0.6003872930346842,0.0,0.28391262,0.46463932,2205.0,2887.0
0.6309827956658527,0.0,0.267997429,0.461564136,2205.0,2887.0
0.6821686050067294,0.066385484,0.248096244,0.472691873,2205.0,2887.0
0.7397153369049462,0.204253444,0.200291901,0.457389801,2205.0,2887.0
0.7685772159349818,0.363498989,0.128913633,0.403686698,2205.0,2887.0
0.7768903057599815,0.531732443,0.120750446,0.357414496,2205.0,2887.0
0.7792266434820495,0.678438557,0.124899895,0.340105444,2205.0,2887.0
0.7831529788891152,0.795594421,0.119428883,0.344990901,2205.0,2887.0
0.7866618323839515,0.874301479,0.148007147,0.408869172,2205.0,2887.0
0.7887896952098781,0.909099807,0.172921142,0.472465373,2205.0,2887.0
0.7847941638604512,0.898209091,0.19747379,0.515514239,2205.0,2887.0
0.7836624558966123,0.844724747,0.221361295,0.537276148,2205.0,2887.0
0.7829689000119219,0.754539947,0.248677988,0.566336767,2205.0,2887.0
0.7814687682337231,0.634590274,0.273678635,0.602246916,2205.0,2887.0
0.7730980151740428,0.492807066,0.290856999,0.643517182,2205.0,2887.0
0.7584082563541354,0.333807998,0.273574934,0.66402723,2205.0,2887.0
0.7456882743679505,0.184728047,0.306232623,0.675869823,2205.0,2887.0
0.7131068048297223,0.037534405,0.343767592,0.695126028,2205.0,2887.0
0.6893200020708984,0.0,0.356287947,0.702692892,2205.0,2887.0
0.6309382175603245,0.0,0.368898663,0.635832315,2205.0,2887.0
0.5998757311820472,0.0,0.334999014,0.58117829,2205.0,2887.0
0.5725342104613598,0.0,0.295577117,0.5263485585000001,2205.0,2887.0
0.5746747592252384,0.0,0.269359956,0.509304279,2205.0,2887.0
0.5967436405784087,0.0,0.262904694,0.520960536,2205.0,2887.0
0.6263358912888216,0.0,0.258356526,0.519946885,2205.0,2887.0
0.6806367584342703,0.06680166,0.239338458,0.501386157,2205.0,2887.0
0.739194238503111,0.204813629,0.189194526,0.483902952,2205.0,2887.0
0.7688672177623249,0.368275883,0.122074704,0.45581845,2205.0,2887.0
0.7786954317640192,0.535911488,0.119408712,0.436328179,2205.0,2887.0
0.7832588131526071,0.686826415,0.139334775,0.433871244,2205.0,2887.0
0.7888118734549403,0.807347269,0.14462221,0.437308632,2205.0,2887.0
0.7900704404945803,0.886639377,0.170163415,0.452663729,2205.0,2887.0
0.7910405138862612,0.915535304,0.205820453,0.479669392,2205.0,2887.0
0.7908201515358083,0.896982986,0.236766791,0.503385328,2205.0,2887.0
0.7900857878421882,0.832180985,0.263689485,0.525748731,2205.0,2887.0
0.7881168980775237,0.742725363,0.294156005,0.555256331,2205.0,2887.0
0.7849649357906072,0.620175953,0.32921055,0.598785673,2205.0,2887.0
0.7770375688414881,0.472240245,0.350696911,0.645054843,2205.0,2887.0
0.7596163459044204,0.314850515,0.345316406,0.67412048,2205.0,2887.0
0.7481138570889732,0.170354364,0.379498475,0.67962086,2205.0,2887.0
0.7166360178856945,0.035357302,0.419737076,0.680419738,2205.0,2887.0
0.6944872063661238,0.0,0.431944155,0.693386179,2205.0,2887.0
0.6399344838938467,0.0,0.414013336,0.660628985,2205.0,2887.0
0.5905933442773432,0.0,0.39371234099999997,0.6485583625,2205.0,2887.0
0.5729070921470167,0.0,0.36702194499999996,0.617114595,2205.0,2887.0
0.5950178237316865,0.0,0.359692299,0.608265476,2205.0,2887.0
0.6239888193427141,0.0,0.357129686,0.606146097,2205.0,2887.0
0.680331852895089,0.064937542,0.345615911,0.601290428,2205.0,2887.0
0.7393173717268832,0.190412016,0.308515572,0.577900508,2205.0,2887.0
0.769398163217901,0.339405901,0.243357379,0.527740412,2205.0,2887.0
0.7808943535595618,0.504421688,0.262133401,0.502007679,2205.0,2887.0
0.7863942748616439,0.644198856,0.306257118,0.50294654,2205.0,2887.0
0.7904901402819361,0.764463445,0.284736016,0.48279726,2205.0,2887.0
0.7909077996687215,0.842921431,0.347967746,0.52421441,2205.0,2887.0
0.7937022498398734,0.86161055,0.383757266,0.56924799,2205.0,2887.0
0.7925580334126382,0.831839993,0.412248461,0.611971231,2205.0,2887.0
0.7912663764293405,0.754926475,0.441477668,0.643877475,2205.0,2887.0
0.7877721605863692,0.673228621,0.458305495,0.680932451,2205.0,2887.0
0.7858857737111031,0.549009183,0.474861103,0.720548201,2205.0,2887.0
0.7786889557144363,0.407912738,0.469346153,0.751452511,2205.0,2887.0
0.7601276859391728,0.272198398,0.419032803,0.781073322,2205.0,2887.0
0.7489080131045021,0.159122563,0.411477429,0.79956561,2205.0,2887.0
0.7175039386238243,0.035643556,0.415671542,0.809204731,2205.0,2887.0
0.6968141849123088,0.0,0.415858428,0.809561793,2205.0,2887.0
0.6428937621667584,0.0,0.425044193,0.789723634,2205.0,2887.0
0.6063702106826563,0.0,0.390818901,0.777402857,2205.0,2887.0
0.5786045545256007,0.0,0.370459426,0.759290095,2205.0,2887.0
0.5730512502843386,0.0,0.373423962,0.7375360965,2205.0,2887.0
0.5950178237316865,0.0,0.367303008,0.740547823,2205.0,2887.0
0.6241646479309677,0.0,0.35158835,0.747309937,2205.0,2887.0
0.6797101542611745,0.057592001,0.332921029,0.752777063,2205.0,2887.0
0.7391888269971422,0.183936497,0.283893793,0.730349324,2205.0,2887.0
0.7703858904177332,0.328337712,0.222940424,0.695785466,2205.0,2887.0
0.7808662315873439,0.484930929,0.230321492,0.675682856,2205.0,2887.0
0.7849887995883685,0.611040438,0.248729587,0.659476917,2205.0,2887.0
0.791039626817203,0.705380423,0.222773536,0.595557613,2205.0,2887.0
0.7909077996687215,0.745905658,0.262100565,0.611806547,2205.0,2887.0
0.7937231859655249,0.701842522,0.275773342,0.631328442,2205.0,2887.0
0.7939694524130693,0.622325226,0.284149586,0.64934078,2205.0,2887.0
0.7927389185577488,0.532372014,0.277817761,0.67366594,2205.0,2887.0
0.7906375808379986,0.469380995,0.272600055,0.697412581,2205.0,2887.0
0.7881846746283994,0.395307751,0.26519004,0.711936172,2205.0,2887.0
0.7802282985367637,0.308504183,0.254286817,0.727081326,2205.0,2887.0
0.7621414642126674,0.234161862,0.238382932,0.736327055,2205.0,2887.0
0.7497550420603091,0.136500368,0.241095798,0.731295012,2205.0,2887.0
0.7182592828876655,0.027311778,0.260808755,0.734746891,2205.0,2887.0
0.6986272508019844,0.0,0.279379924,0.741196975,2205.0,2887.0
0.6256938774371001,0.0,0.288465797,0.726541367,2205.0,2887.0
0.5868983936764074,0.0,0.282434208,0.699340136,2205.0,2887.0
0.5531060401482517,0.0,0.268029857,0.671785125,2205.0,2887.0
0.5396521601240201,0.0,0.237616259,0.6435901374999999,2205.0,2887.0
0.5470627535126145,0.0,0.223715759,0.628121606,2205.0,2887.0
0.551201422799078,0.0,0.226586506,0.604053999,2205.0,2887.0
0.5525913290081012,0.059585584,0.219870426,0.582051031,2205.0,2887.0
0.5827125735614178,0.192643095,0.194170379,0.552582493,2205.0,2887.0
0.6160186040828544,0.347446649,0.123876315,0.504379237,2205.0,2887.0
0.6503161321007218,0.51235284,0.105636566,0.445122019,2205.0,2887.0
0.6649472074856633,0.662304958,0.099881809,0.414875929,2205.0,2887.0
0.6727770792481286,0.788156185,0.091568289,0.395085689,2205.0,2887.0
0.6788946183829838,0.860226654,0.101404583,0.430471987,2205.0,2887.0
0.6776153812776653,0.883582905,0.102990969,0.447824835,2205.0,2887.0
0.6803294576466471,0.843265907,0.103818547,0.45609921,2205.0,2887.0
0.6809718263462399,0.797865949,0.099167049,0.458754836,2205.0,2887.0
0.6776926500344103,0.689203704,0.099587675,0.472998831,2205.0,2887.0
0.675390821546245,0.575857319,0.102484794,0.486551248,2205.0,2887.0
0.6699293128046505,0.43228545,0.104985882,0.501947678,2205.0,2887.0
0.6565465582144082,0.280265874,0.117083893,0.569056415,2205.0,2887.0
0.6482438477655766,0.145368643,0.161558356,0.608998323,2205.0,2887.0
0.643234995522528,0.023855849,0.212220388,0.596794299,2205.0,2887.0
0.6398367224447385,0.0,0.249571913,0.600874786,2205.0,2887.0
0.6436247548562207,0.0,0.192343303,0.521702926,2205.0,2887.0
0.6043573194782199,0.0,0.193202981,0.47065717,2205.0,2887.0
0.5553600746271417,0.0,0.18621880600000001,0.4144803955,1035.0,1356.0
0.5442952720834084,0.0,0.171557677,0.356282167,1035.0,1356.0
0.5475164302114456,0.0,0.165603418,0.315104161,1035.0,1356.0
0.5503215258187388,0.0,0.155392505,0.254670809,1035.0,1356.0
0.5527404551168629,0.054139824,0.138238145,0.210594355,1035.0,1356.0
0.5943812657292628,0.159634819,0.112566697,0.186921967,1035.0,1356.0
0.6360415930758289,0.296405347,0.069639085,0.147101399,1035.0,1356.0
0.6792478724255323,0.450809367,0.060318255,0.1213607,1035.0,1356.0
0.6946780274541138,0.603650632,0.059070053,0.108606304,1035.0,1356.0
0.6999471183429172,0.717578193,0.057745199,0.123850449,1035.0,1356.0
0.7093388659194029,0.797162552,0.0732111,0.139735362,1035.0,1356.0
0.7112734238234801,0.816465111,0.083883256,0.168117098,1035.0,1356.0
0.7105326727669349,0.799947805,0.093665714,0.187293509,1035.0,1356.0
0.7062152029780197,0.766767334,0.101129711,0.235267235,1035.0,1356.0
0.6999253837336247,0.670020136,0.108964773,0.313285754,1035.0,1356.0
0.6985926527801837,0.528375616,0.112936665,0.346005482,1035.0,1356.0
0.6931559835920664,0.379170104,0.126459724,0.323736569,1035.0,1356.0
0.6796913472227513,0.237216833,0.143925426,0.333395452,1035.0,1356.0
0.6706747213280932,0.125648482,0.181079488,0.328369633,1035.0,1356.0
0.6646607097937051,0.023282697,0.220390318,0.320315917,1035.0,1356.0
0.6547151288208384,0.0,0.229752915,0.325238085,1035.0,1356.0
0.6636370983118135,0.0,0.21262042,0.27313003,1035.0,1356.0
0.6215846163831129,0.0,0.199880783,0.314186959,1035.0,1356.0
0.5837877715208478,0.0,0.1862517115,0.359084511,1035.0,1356.0
0.577052037887463,0.0,0.154600056,0.317380769,1035.0,1356.0
0.5892462640049152,0.0,0.151446079,0.241208218,1035.0,1356.0
0.6174791699690529,0.0,0.142078876,0.253674723,1035.0,1356.0
0.675549439860876,0.049835418,0.124661399,0.242108822,1035.0,1356.0
0.737503551798136,0.129017212,0.106560374,0.232962698,1035.0,1356.0
0.7801452634261785,0.228002229,0.07762749,0.225911444,1035.0,1356.0
0.8039613414887327,0.340541096,0.074513351,0.215742818,1035.0,1356.0
0.8135527813499925,0.459108167,0.081577295,0.264394404,1035.0,1356.0
0.8237806460824494,0.560210522,0.06319001,0.26078195,1035.0,1356.0
0.8339242337873913,0.621471707,0.072487829,0.346388819,1035.0,1356.0
0.8362673137202559,0.636548542,0.085565242,0.39864933,1035.0,1356.0
0.834337812474276,0.641924359,0.090790131,0.441328618,1035.0,1356.0
0.8277219739892516,0.583709086,0.088003766,0.474676049,1035.0,1356.0
0.8231024375453667,0.518956527,0.081871995,0.494897448,1035.0,1356.0
0.8200493898365896,0.414807841,0.077665951,0.498319489,1035.0,1356.0
0.8140339590119566,0.313779462,0.076156691,0.482189781,1035.0,1356.0
0.7974063599704717,0.192359197,0.074355383,0.477237531,1035.0,1356.0
0.7807113392259827,0.105577088,0.083684001,0.471502729,1035.0,1356.0
0.7403433341138878,0.019324209,0.100635393,0.455843605,1035.0,1356.0
0.7147105974408559,0.0,0.106748164,0.439283615,1035.0,1356.0
0.6476921434564238,0.0,0.104254497,0.460891338,1035.0,1356.0
0.6098409176769782,0.0,0.107087917,0.438691206,1035.0,1356.0
0.5802662986536727,0.0,0.086101139,0.38127606550000004,1035.0,1356.0
0.5765053458930789,0.0,0.06950215,0.320267201,1035.0,1356.0
0.5895776059636152,0.0,0.071986774,0.291571669,1035.0,1356.0
0.6175346154298478,0.0,0.074060877,0.286746289,1035.0,1356.0
0.6753487717191452,0.043437609,0.072374408,0.275540214,1035.0,1356.0
0.7354506511671703,0.148228231,0.059874435,0.249028073,1035.0,1356.0
0.7740718145189932,0.254415305,0.044311116,0.219511402,1035.0,1356.0
0.7969277549302651,0.382411059,0.040964971,0.200272225,1035.0,1356.0
0.8086098869738935,0.526269173,0.04299926,0.19840063,1035.0,1356.0
0.8200675759671685,0.624174304,0.040947768,0.211029449,1035.0,1356.0
0.8278186708947455,0.693161338,0.0583768,0.251322973,1035.0,1356.0
0.8320884131893784,0.701437584,0.071165411,0.288229415,1035.0,1356.0
0.8292880192910709,0.686485701,0.085512223,0.341509959,1035.0,1356.0
0.8250322936392179,0.650271119,0.097436731,0.404517199,1035.0,1356.0
0.8209995916462329,0.576863981,0.105712658,0.438294715,1035.0,1356.0
0.8176894545792145,0.453140958,0.104645404,0.420897663,1035.0,1356.0
0.8040899749051312,0.333409081,0.085271724,0.391849726,1035.0,1356.0
0.784506113747021,0.183402195,0.075199934,0.330512959,1035.0,1356.0
0.7688055624131609,0.106677134,0.06874885,0.259767337,1035.0,1356.0
0.7304960468113157,0.020348998,0.067364473,0.222716536,1035.0,1356.0
0.7029738183188333,0.0,0.068722301,0.211576533,1035.0,1356.0
0.6395096387617356,0.0,0.11100868,0.236701021,1035.0,1356.0
0.6049287623394236,0.0,0.095185797,0.234431981,1035.0,1356.0
0.5805581856293149,0.0,0.083902357,0.208312158,1035.0,1356.0
0.5721616836741943,0.0,0.061367957,0.16866353350000002,1035.0,1356.0
0.5888883970412794,0.0,0.052454073,0.168793929,1035.0,1356.0
0.6170743739947759,0.0,0.048597951,0.151358661,1035.0,1356.0
0.6750220428840137,0.045421287,0.047454105,0.129559292,1035.0,1356.0
0.7356892883348597,0.161373105,0.037982037,0.116142354,1035.0,1356.0
0.7724289439949582,0.313298433,0.025677867,0.10253887,1035.0,1356.0
0.7964615696667973,0.474698698,0.025447669,0.085303503,1035.0,1356.0
0.8111346505355096,0.619870771,0.034197142,0.071638301,1035.0,1356.0
0.8216847197674277,0.715347867,0.059237939,0.07674857,1035.0,1356.0
0.829979446088533,0.802242562,0.056608044,0.085768565,1035.0,1356.0
0.832960459071978,0.79687095,0.077920859,0.09390035,1035.0,1356.0
0.831118073636484,0.76114995,0.094272391,0.145269575,1035.0,1356.0
0.825631370493541,0.687825581,0.096840202,0.167502858,1035.0,1356.0
0.8216250161321764,0.56429451,0.095086359,0.178403898,1035.0,1356.0
0.8172882957703089,0.442102542,0.088874102,0.183258592,1035.0,1356.0
0.8069693230116425,0.31112544,0.094225579,0.175532926,1035.0,1356.0
0.7850713910631842,0.188193646,0.098569052,0.173624964,1035.0,1356.0
0.766012354260179,0.082132264,0.108533017,0.175703844,1035.0,1356.0
0.7253398871434319,0.01969117,0.120572403,0.182338734,1035.0,1356.0
0.6970478542097991,0.0,0.120536074,0.195036346,1035.0,1356.0
0.6167936426060378,0.0,0.117521182,0.1220174625,1035.0,1356.0
0.5711421529428236,0.0,0.140137519,0.1936309345,1035.0,1356.0
0.5806521323372551,0.0,0.1563832495,0.2395727185,1035.0,1356.0
0.6172267824210378,0.0,0.146151065,0.214206379,1035.0,1356.0
0.6748814332254055,0.023402801,0.136268033,0.17681276,1035.0,1356.0
0.7349520857570281,0.074359417,0.122284877,0.138623871,1035.0,1356.0
0.7694226479235069,0.140395063,0.115377501,0.119331048,1035.0,1356.0
0.7837348454698158,0.225190129,0.122425698,0.113124839,1035.0,1356.0
0.7897660672778263,0.331164308,0.132287079,0.135464518,1035.0,1356.0
0.8010029502848789,0.417171138,0.124650427,0.183642415,1035.0,1356.0
0.8062123375384311,0.46786946,0.15264246,0.208474621,1035.0,1356.0
0.8086808571556114,0.552636888,0.193687476,0.232707702,1035.0,1356.0
0.8076045946525674,0.538928784,0.225606576,0.286919491,1035.0,1356.0
0.8015850830267932,0.518425246,0.238799904,0.336777628,1035.0,1356.0
0.8015570498424737,0.462663796,0.25102891,0.378763257,1035.0,1356.0
0.7966230267643993,0.376696947,0.262013268,0.407678912,1035.0,1356.0
0.7864432442728556,0.286921117,0.248724788,0.405474364,1035.0,1356.0
0.768812304522717,0.191846933,0.228510975,0.370162073,1035.0,1356.0
0.7543370530127644,0.097630727,0.207307261,0.325168901,1035.0,1356.0
0.7183320716520692,0.019684448,0.20048667,0.285415728,1035.0,1356.0
0.6919439907151963,0.0,0.188339879,0.236085342,1035.0,1356.0
0.6291554027300951,0.0,0.18828432,0.227136781,1035.0,1356.0
0.5971212905386648,0.0,0.190715343,0.212790786,1035.0,1356.0
0.5731198029953299,0.0,0.184873841,0.200452139,1035.0,1356.0
0.5696870650269668,0.0,0.179538458,0.1921039295,1035.0,1356.0
0.5894353995402061,0.0,0.16658602,0.181984958,1035.0,1356.0
0.6178010640652124,0.0,0.153398695,0.170246785,1035.0,1356.0
0.6755627024645844,0.036060195,0.142938438,0.164693463,1035.0,1356.0
0.7348806720407809,0.129047419,0.128108495,0.148124464,1035.0,1356.0
0.7692865627018093,0.261613025,0.12288217,0.135289388,1035.0,1356.0
0.7851631199972383,0.381960205,0.1190542,0.127637571,1035.0,1356.0
0.7950314322133601,0.474049003,0.11248574,0.121207394,1035.0,1356.0
0.805273757123126,0.59833282,0.098690533,0.122891195,1035.0,1356.0
0.8121521851590184,0.667282937,0.116234657,0.122440263,1035.0,1356.0
0.8159621295531087,0.67873587,0.129133563,0.123549567,1035.0,1356.0
0.815848133788575,0.660320368,0.140841753,0.138267225,1035.0,1356.0
0.8150103309786644,0.628400268,0.144154951,0.17088483,1035.0,1356.0
0.8150589455420048,0.577095366,0.147849661,0.191304951,1035.0,1356.0
0.8103131709301632,0.468253385,0.150265713,0.206252825,1035.0,1356.0
0.8034835348309265,0.360241036,0.1491287,0.192489115,1035.0,1356.0
0.7835833242138527,0.226389125,0.13694489,0.16579718,1035.0,1356.0
0.7688270308612397,0.13460153,0.137143792,0.15172694,1035.0,1356.0
0.7281634793858465,0.02441491,0.146374768,0.157060558,1035.0,1356.0
0.6991339777131683,0.0,0.148699409,0.160359778,1035.0,1356.0
0.6245102725924208,0.0,0.142160297,0.15528314,1035.0,1356.0
0.5687463999183825,0.0,0.14383817399999999,0.13903105799999999,1035.0,1356.0
0.5378377858024217,0.0,0.138924993,0.11794935749999999,1035.0,1356.0
0.5441313309494663,0.0,0.1343554,0.103471594,1035.0,1356.0
0.5479007780391695,0.0,0.129244489,0.098853204,1035.0,1356.0
0.5500156888671704,0.047192874,0.121889198,0.102029491,1035.0,1356.0
0.581241628299051,0.18564821,0.095836824,0.101126353,1035.0,1356.0
0.6178118426325808,0.334397385,0.058458128,0.091121282,1035.0,1356.0
0.6652589439222988,0.499499098,0.066698429,0.085564706,1035.0,1356.0
0.6835978997344372,0.649724736,0.087178864,0.077157316,1035.0,1356.0
0.6910646704006133,0.74858252,0.082443691,0.042474599,1035.0,1356.0
0.6963474230843253,0.788818421,0.105971597,0.03827236,1035.0,1356.0
0.6966579618461196,0.795954925,0.122260538,0.054655753,1035.0,1356.0
0.6953010123482866,0.766008074,0.141545225,0.086711275,1035.0,1356.0
0.6932275747828694,0.690302803,0.153496947,0.117217609,1035.0,1356.0
0.689096756492905,0.600420238,0.174766992,0.153113315,1035.0,1356.0
0.6881144851423705,0.483856528,0.19183771,0.17992758,1035.0,1356.0
0.6839523070072575,0.366647732,0.201811894,0.20815027,1035.0,1356.0
0.6718277646087839,0.257172784,0.187175274,0.226864134,1035.0,1356.0
0.6645532344220834,0.15844711,0.203259372,0.237378377,1035.0,1356.0
0.6521894781901642,0.027582708,0.235104098,0.258417589,1035.0,1356.0
0.6399844291620148,0.0,0.256072496,0.290799077,1035.0,1356.0
0.6303780854876759,0.0,0.271272101,0.314829648,1035.0,1356.0
0.5910747659288563,0.0,0.265786247,0.322284973,1035.0,1356.0
0.5584649970450948,0.0,0.254894054,0.314827176,1035.0,1356.0
0.541904930514316,0.0,0.240219021,0.31920449,1035.0,1356.0
0.5448504805279462,0.0,0.221567827,0.303874115,1035.0,1356.0
0.5485112544699459,0.0,0.20812641,0.291803318,1035.0,1356.0
0.5505415776646492,0.043447105,0.193062069,0.289422925,1035.0,1356.0
0.5812721010751415,0.185348447,0.157410395,0.278501618,1035.0,1356.0
0.6187175993666825,0.336032261,0.097870218,0.242645139,1035.0,1356.0
0.6640154579678125,0.496339921,0.097410613,0.215515497,1035.0,1356.0
0.6814681738812556,0.644305094,0.125388198,0.21240211,1035.0,1356.0
0.6904820053362716,0.75944453,0.119950081,0.191793865,1035.0,1356.0
0.695042680971875,0.84589055,0.159557336,0.201575964,1035.0,1356.0
0.6942873367080339,0.842103693,0.184748299,0.240867013,1035.0,1356.0
0.6946608171804912,0.786758054,0.200685009,0.314987385,1035.0,1356.0
0.6931946623137679,0.70838499,0.217947853,0.372431396,1035.0,1356.0
0.6887054891823097,0.623687444,0.234601627,0.406926187,1035.0,1356.0
0.6877039670563416,0.505393066,0.261077139,0.435569478,1035.0,1356.0
0.6826486737817502,0.4073543,0.271109045,0.452970648,1035.0,1356.0
0.6694911163821734,0.269074511,0.270511619,0.471322475,1035.0,1356.0
0.6586777034590752,0.150970966,0.293895719,0.477596929,1035.0,1356.0
0.647376991571061,0.027300838,0.326781004,0.478177236,1035.0,1356.0
0.6373718400941701,0.0,0.336711751,0.460512484,1035.0,1356.0
0.6410648611528577,0.0,0.322281505,0.436783145,1035.0,1356.0
0.6052550032966972,0.0,0.315911207,0.401517795,1035.0,1356.0
0.5798160151812841,0.0,0.307388128,0.383048348,1035.0,1356.0
0.5705281944977063,0.0,0.297866769,0.3748115015,1035.0,1356.0
0.5886761961918682,0.0,0.281442,0.35113177,1035.0,1356.0
0.6178813047361554,0.0,0.266263993,0.325140404,1035.0,1356.0
0.6752408527117538,0.046253649,0.246444455,0.303714766,1035.0,1356.0
0.7351402010920337,0.187280385,0.195820536,0.278867799,1035.0,1356.0
0.771054606850187,0.339287005,0.137368372,0.250947502,1035.0,1356.0
0.7899552913985344,0.508746849,0.143231338,0.232974164,1035.0,1356.0
0.8023306245802224,0.662078607,0.182753016,0.230400899,1035.0,1356.0
0.8110704224633477,0.787903365,0.171686312,0.204213868,1035.0,1356.0
0.8148902140124191,0.837715178,0.194884481,0.222459682,1035.0,1356.0
0.8199260792395021,0.842885475,0.207350522,0.227529878,1035.0,1356.0
0.819231015175428,0.826844055,0.223587704,0.240298686,1035.0,1356.0
0.815757291923579,0.762322592,0.242090243,0.256591203,1035.0,1356.0
0.8125869661327684,0.680166588,0.261663849,0.278391269,1035.0,1356.0
0.8096245829156719,0.560542444,0.282210104,0.288443234,1035.0,1356.0
0.8001796076522774,0.424034192,0.286010489,0.275601769,1035.0,1356.0
0.7813960238126482,0.285483118,0.264532053,0.275910557,1035.0,1356.0
0.7653210161493743,0.156621445,0.263819563,0.305048935,1035.0,1356.0
0.7253305723108778,0.027038263,0.284345093,0.349566511,1035.0,1356.0
0.6970324625188623,0.0,0.295901727,0.389690707,1035.0,1356.0
0.6378756395357253,0.0,0.308742038,0.452405514,1035.0,1356.0
0.6013071106536543,0.0,0.268548013,0.439137118,1035.0,1356.0
0.5765434036056952,0.0,0.24914065,0.427379867,1035.0,1356.0
0.5701710815225218,0.0,0.2360149895,0.4028371245,1035.0,1356.0
0.589170991305412,0.0,0.216081544,0.380283144,1035.0,1356.0
0.6176884875909239,0.0,0.201194637,0.370497074,1035.0,1356.0
0.6755627024645844,0.033811456,0.183642734,0.361985623,1035.0,1356.0
0.734579137606998,0.159683763,0.156493005,0.347290423,1035.0,1356.0
0.7689237276654932,0.282898842,0.118778405,0.307826398,1035.0,1356.0
0.781335876642868,0.425746863,0.13058112,0.286722821,1035.0,1356.0
0.7837388375842992,0.548041608,0.162754948,0.270923392,1035.0,1356.0
0.7870379742660645,0.661350714,0.124840254,0.191668392,1035.0,1356.0
0.7894200876672613,0.70813347,0.14338493,0.187095567,1035.0,1356.0
0.790983028024896,0.73514954,0.176998128,0.225146159,1035.0,1356.0
0.7906390889161419,0.695854356,0.216395277,0.275872579,1035.0,1356.0
0.7885012015619187,0.615055908,0.251072699,0.341317532,1035.0,1356.0
0.7833726315438253,0.565969732,0.277376095,0.402440676,1035.0,1356.0
0.7804395235292184,0.47158096,0.302397553,0.462573997,1035.0,1356.0
0.7713633270292958,0.379961977,0.318549202,0.488603012,1035.0,1356.0
0.7550923530345173,0.249766012,0.315109316,0.480908098,1035.0,1356.0
0.7432425982470059,0.131231805,0.322950862,0.469872072,1035.0,1356.0
0.7147801037865189,0.02165482,0.335074703,0.455109688,1035.0,1356.0
0.6887052230210959,0.0,0.329321085,0.455605217,1035.0,1356.0
0.6264317010240168,0.0,0.311554618,0.407472151,1035.0,1356.0
0.5957568004476346,0.0,0.289733458,0.395306149,1035.0,1356.0
0.5695707183066999,0.0,0.253757034,0.361905524,1035.0,1356.0
0.58100531981419,0.0,0.2256101915,0.34592499099999996,1035.0,1356.0
0.6195526963223682,0.0,0.208735026,0.342028359,1035.0,1356.0
0.6763330391269216,0.028999471,0.197578823,0.346201363,1035.0,1356.0
0.7349721349148619,0.161179714,0.168684375,0.351840321,1035.0,1356.0
0.7685101490798489,0.28165843,0.16231802,0.347646056,1035.0,1356.0
0.7809056200047881,0.419742846,0.167261303,0.308981776,1035.0,1356.0
0.7827382469719586,0.529919371,0.171507295,0.276839146,1035.0,1356.0
0.7838194774464425,0.581615567,0.129287254,0.214945097,1035.0,1356.0
0.7865331102808951,0.623268699,0.148477397,0.223654792,1035.0,1356.0
0.7865378119898808,0.64888714,0.163579358,0.230766454,1035.0,1356.0
0.7896926131610087,0.638596755,0.17834296,0.235361131,1035.0,1356.0
0.7886748122750458,0.599119795,0.190308282,0.233484123,1035.0,1356.0
0.7857521723232648,0.521926969,0.197707855,0.241764585,1035.0,1356.0
0.7853689334837244,0.440391179,0.204862139,0.255153939,1035.0,1356.0
0.777706551333915,0.346264008,0.206198541,0.276941419,1035.0,1356.0
0.7588566990215535,0.235024837,0.203796352,0.293758677,1035.0,1356.0
0.7450591239287373,0.130081521,0.203233934,0.302257824,1035.0,1356.0
0.7147876000363872,0.021403487,0.21426303,0.324927777,1035.0,1356.0
0.6884319879328463,0.0,0.219942696,0.358800691,1035.0,1356.0
0.6261216944834092,0.0,0.205939104,0.385412988,1035.0,1356.0
0.583495041768856,0.0,0.1989519245,0.327349779,1035.0,1356.0
0.5693547472619307,0.0,0.166888861,0.2521061955,1035.0,1356.0
0.5915566976298918,0.0,0.151263152,0.241688937,1035.0,1356.0
0.6200395073081858,0.0,0.140318232,0.249553172,1035.0,1356.0
0.6773090563469985,0.033724546,0.131804637,0.251895276,1035.0,1356.0
0.7349343432622187,0.154256296,0.097724308,0.233049747,1035.0,1356.0
0.7683687410388403,0.298832577,0.058813828,0.199612497,1035.0,1356.0
0.7814301781986794,0.446755037,0.056651929,0.168677666,1035.0,1356.0
0.7853629009686706,0.585985304,0.066604949,0.149051373,1035.0,1356.0
0.7911027902445101,0.676684857,0.059600651,0.130360136,1035.0,1356.0
0.7977800178162444,0.696504268,0.06546731,0.135855865,1035.0,1356.0
0.8028060359895866,0.685976583,0.075943489,0.161062562,1035.0,1356.0
0.8037115264612341,0.648431082,0.079501998,0.204531913,1035.0,1356.0
0.8039368567831268,0.598084599,0.079350196,0.255979383,1035.0,1356.0
0.802172715961334,0.526815152,0.082305419,0.300822953,1035.0,1356.0
0.7988667484833549,0.435423,0.088481734,0.342409068,1035.0,1356.0
0.7905946438406003,0.335842388,0.092502425,0.36828509,1035.0,1356.0
0.7721679512088911,0.231594379,0.099233672,0.371321519,1035.0,1356.0
0.7540682535735272,0.128062015,0.125106614,0.364670541,1035.0,1356.0
0.7165048117462981,0.018116867,0.156462215,0.368630385,1035.0,1356.0
0.6905871299040208,0.0,0.177012776,0.37736793,1035.0,1356.0
0.6273441111810169,0.0,0.145067185,0.33037326,1035.0,1356.0
0.5960358906776226,0.0,0.135868478,0.278708838,1035.0,1356.0
0.5723720880113436,0.0,0.128401349,0.251744018,1035.0,1356.0
0.5691395745995619,0.0,0.114235686,0.23082715850000002,1035.0,1356.0
0.5903946055766203,0.0,0.1042697,0.204971969,1035.0,1356.0
0.6192680616576651,0.0,0.096477359,0.192051235,1035.0,1356.0
0.6758234734327666,0.032236103,0.087015011,0.17819884,1035.0,1356.0
0.734579137606998,0.158816011,0.066133968,0.159712166,1035.0,1356.0
0.769355137533845,0.311243769,0.033370906,0.138934746,1035.0,1356.0
0.7837183449931767,0.460054943,0.028893142,0.129772881,1035.0,1356.0
0.7937265570709233,0.589943953,0.030001248,0.116909831,1035.0,1356.0
0.8077002270144472,0.685251185,0.035147934,0.098502511,1035.0,1356.0
0.814228417265318,0.725602206,0.043210243,0.111394948,1035.0,1356.0
0.8214063393344229,0.742151647,0.047216264,0.147024672,1035.0,1356.0
0.8213761770628749,0.688044628,0.053342493,0.196296667,1035.0,1356.0
0.8209755504751561,0.656994309,0.064766345,0.227699555,1035.0,1356.0
0.8169110893445819,0.599146758,0.068573079,0.251320147,1035.0,1356.0
0.813683721226935,0.486277533,0.066566769,0.269893154,1035.0,1356.0
0.8027344447987835,0.372521987,0.069833102,0.281284473,1035.0,1356.0
0.7802894215635003,0.254961,0.081587842,0.29087253,1035.0,1356.0
0.7630725040347756,0.135686725,0.106238444,0.312248159,1035.0,1356.0
0.7210086225296215,0.021513247,0.137637589,0.334289612,1035.0,1356.0
0.6935824699335478,0.0,0.15545728,0.359012017,1035.0,1356.0
0.6153090355993825,0.0,0.139046485,0.348509558,1035.0,1356.0
0.5787181954422629,0.0,0.136806138,0.317393821,1035.0,1356.0
0.5481971227848684,0.0,0.127823657,0.302536641,1035.0,1356.0
0.5373071064068189,0.0,0.1198175195,0.27867494049999997,1035.0,1356.0
0.5439346549222188,0.0,0.110994963,0.2442992,1035.0,1356.0
0.547917810838236,0.0,0.106058674,0.225379875,1035.0,1356.0
0.5498476225887584,0.029934014,0.095742574,0.20744162,1035.0,1356.0
0.5796672882637227,0.160519323,0.073516208,0.177267696,1035.0,1356.0
0.6158702764577336,0.311105075,0.034956777,0.130233358,1035.0,1356.0
0.6578713937267807,0.450844535,0.026409531,0.097975469,1035.0,1356.0
0.6769458221194822,0.578679199,0.031518753,0.076760324,1035.0,1356.0
0.6879170994193804,0.698844687,0.039249424,0.075205266,1035.0,1356.0
0.6952749752212086,0.706277089,0.040501197,0.09277404,1035.0,1356.0
0.6965173521875115,0.721769264,0.040528296,0.118868526,1035.0,1356.0
0.6953010123482866,0.716738767,0.044383338,0.145423209,1035.0,1356.0
0.6928650946956653,0.704464055,0.037639255,0.164581342,1035.0,1356.0
0.6887557448537798,0.603842746,0.036505329,0.185543887,1035.0,1356.0
0.6881286348151372,0.518162441,0.04090334,0.218397977,1035.0,1356.0
0.6835145097759806,0.400088731,0.045156531,0.2416963,1035.0,1356.0
0.6715374966202271,0.248902637,0.0535776,0.243183094,1035.0,1356.0
0.6601159137268963,0.138581325,0.079386499,0.261060725,1035.0,1356.0
0.6464182290691759,0.020400788,0.11277445,0.315620181,1035.0,1356.0
0.6351883099895642,0.0,0.13576795,0.351424742,1035.0,1356.0
0.6238659079368268,0.0,0.188515993,0.381437984,1035.0,1356.0
0.5847039519744465,0.0,0.174306803,0.322047291,1035.0,1356.0
0.5524416263348239,0.0,0.145528943,0.277789629,1035.0,1356.0
0.5379762219798525,0.0,0.114396436,0.218660608,1035.0,1356.0
0.5440721151920731,0.0,0.098406034,0.164120402,1035.0,1356.0
0.5483162195508283,0.0,0.084521254,0.126946149,1035.0,1356.0
0.5497339816720962,0.027959323,0.073272276,0.106827513,1035.0,1356.0
0.5804891671615098,0.148676599,0.057057151,0.091656306,1035.0,1356.0
0.6174255875355134,0.313158528,0.024621721,0.07240336,1035.0,1356.0
0.6630845069336025,0.479890573,0.016399905,0.050853708,1035.0,1356.0
0.6835978997344372,0.625887587,0.016733175,0.035035264,1035.0,1356.0
0.6940675065787679,0.744437315,0.02592679,0.057610142,1035.0,1356.0
0.6986397592653808,0.810323515,0.043281728,0.069802055,1035.0,1356.0
0.697756668654199,0.844216059,0.050627867,0.072451597,1035.0,1356.0
0.6946448488237984,0.774117335,0.051460566,0.092795105,1035.0,1356.0
0.6928865631437442,0.699439965,0.060857737,0.130786941,1035.0,1356.0
0.688734276405701,0.613918657,0.06990992,0.163585348,1035.0,1356.0
0.688292043626652,0.493484073,0.081237734,0.234195076,1035.0,1356.0
0.6835145097759806,0.340745046,0.080926241,0.265428088,1035.0,1356.0
0.6716297578767086,0.225337354,0.081657775,0.26881171,1035.0,1356.0
0.6580796468050374,0.133317183,0.092876294,0.246770786,1035.0,1356.0
0.6472547455175875,0.019213469,0.106292582,0.198952912,1035.0,1356.0
0.6369422044651754,0.0,0.10603418,0.17101794,1035.0,1356.0
0.639497839994082,0.0,0.172308957,0.172987084,1035.0,1356.0
0.5909811517958827,0.0,0.1468789995,0.148326184,1035.0,1356.0
0.570249503560159,0.0,0.12953860150000002,0.0860991925,1035.0,1356.0
0.5892204485944815,0.0,0.117715065,0.059624549,1035.0,1356.0
0.6176884875909239,0.0,0.110836973,0.078166556,1035.0,1356.0
0.6753021088697176,0.027051864,0.114971286,0.118514342,1035.0,1356.0
0.7352286032640184,0.141758211,0.115839147,0.141253389,1035.0,1356.0
0.7715154692943439,0.235730387,0.100699462,0.152768436,1035.0,1356.0
0.7949655186897395,0.360829881,0.109767489,0.163037098,1035.0,1356.0
0.8098235655047034,0.480089911,0.122196946,0.177323886,1035.0,1356.0
0.822100604914856,0.568797396,0.092036234,0.178668741,1035.0,1356.0
0.8292801238500024,0.609369794,0.105101691,0.259365522,1035.0,1356.0
0.83428653650128,0.6199181,0.143552469,0.344365632,1035.0,1356.0
0.8302146234641664,0.606178405,0.179186183,0.445470567,1035.0,1356.0
0.825631370493541,0.568553713,0.217606429,0.549143905,1035.0,1356.0
0.8212059373539057,0.495029773,0.261678386,0.599034677,1035.0,1356.0
0.8149229490069649,0.409079793,0.298424171,0.608963239,1035.0,1356.0
0.8015915590763761,0.332095937,0.31304451,0.586972991,1035.0,1356.0
0.7804897348573597,0.220578031,0.310907548,0.554327422,1035.0,1356.0
0.766223845312607,0.113680825,0.319170172,0.508373747,1035.0,1356.0
0.7280708189381647,0.015265982,0.326197915,0.463319858,1035.0,1356.0
0.7003741369055853,0.0,0.31465398,0.424884352,1035.0,1356.0
0.6422068597049664,0.0,0.299998111,0.436871476,1035.0,1356.0
0.607589655466066,0.0,0.301115367,0.458158995,1035.0,1356.0
0.5821805634609871,0.0,0.280363541,0.462263086,1035.0,1356.0
0.5719713727369672,0.0,0.238688169,0.4097411015,1035.0,1356.0
0.5887684574483496,0.0,0.201317681,0.338812409,1035.0,1356.0
0.6174302005578413,0.0,0.180020222,0.299702091,1035.0,1356.0
0.6748801468639066,0.024379749,0.161494517,0.265372888,1035.0,1356.0
0.7350780578650116,0.149726066,0.135714033,0.238688127,1035.0,1356.0
0.7701913434777141,0.255125854,0.120556512,0.222417343,1035.0,1356.0
0.7856530802705695,0.391338043,0.124643892,0.21444765,1035.0,1356.0
0.7949417436798766,0.518589323,0.13018378,0.207723154,1035.0,1356.0
0.8022202659810602,0.60579065,0.113458369,0.169870124,1035.0,1356.0
0.8079676070621988,0.677895164,0.12813487,0.187266233,1035.0,1356.0
0.809311160926337,0.666366946,0.136286599,0.18822887,1035.0,1356.0
0.8091210496353303,0.598684672,0.148189532,0.194476216,1035.0,1356.0
0.806513605912241,0.569099958,0.157340783,0.202535093,1035.0,1356.0
0.8052350784014246,0.523265087,0.157661783,0.200981848,1035.0,1356.0
0.803411322732279,0.457722724,0.156554399,0.194706743,1035.0,1356.0
0.7948748542992995,0.360010488,0.150350376,0.187431692,1035.0,1356.0
0.7762852850772622,0.251021049,0.13890611,0.188857675,1035.0,1356.0
0.7609376329380791,0.137825864,0.131577036,0.188363692,1035.0,1356.0
0.7187167743276643,0.014264783,0.141574137,0.188769253,1035.0,1356.0
0.6908876885820877,0.0,0.141007201,0.184187606,1035.0,1356.0
0.6284683227937471,0.0,0.142482911,0.197612818,1035.0,1356.0
0.5842444645278261,0.0,0.12092027150000001,0.164013564,1035.0,1356.0
0.5690700682032785,0.0,0.0997303745,0.13374726050000002,1035.0,1356.0
0.5906837203349051,0.0,0.087676114,0.126604587,1035.0,1356.0
0.6196562684686453,0.0,0.08247607,0.120233328,1035.0,1356.0
0.6760439244698773,0.020922405,0.080094615,0.123127778,1035.0,1356.0
0.734579137606998,0.158738943,0.070069821,0.119137937,1035.0,1356.0
0.7692865627018093,0.29820602,0.04445425,0.115186011,1035.0,1356.0
0.7867650939244457,0.447591807,0.04212693,0.100267333,1035.0,1356.0
0.8003504683703316,0.589584028,0.047247383,0.082764026,1035.0,1356.0
0.8109075459742601,0.710368318,0.062252985,0.08540288,1035.0,1356.0
0.8154834358262444,0.760265896,0.072449609,0.101517412,1035.0,1356.0
0.818141445826587,0.758353099,0.067739363,0.120569687,1035.0,1356.0
0.8188787370910763,0.71463626,0.058640258,0.162148067,1035.0,1356.0
0.8194202393973764,0.628493969,0.053525376,0.236221927,1035.0,1356.0
0.8170335128726112,0.54316785,0.053508112,0.285660192,1035.0,1356.0
0.8150206216681747,0.463451897,0.068942089,0.337837593,1035.0,1356.0
0.8076549834552647,0.339705632,0.091876344,0.352443161,1035.0,1356.0
0.7884891366330515,0.23169457,0.106554712,0.338726751,1035.0,1356.0
0.7678274161058556,0.116715858,0.130944885,0.29677861,1035.0,1356.0
0.7260083817580008,0.015277274,0.16341833,0.265293643,1035.0,1356.0
0.6972786402797487,0.0,0.176496461,0.255176593,1035.0,1356.0
0.6369942344772429,0.0,0.174410107,0.302938834,1035.0,1356.0
0.5995676320120235,0.0,0.174191991,0.273592686,1035.0,1356.0
0.5702986503953065,0.0,0.166932001,0.23880967399999997,1035.0,1356.0
0.5713331291818443,0.0,0.148377805,0.212098673,1035.0,1356.0
0.5892505222806123,0.0,0.133772814,0.210915024,1035.0,1356.0
0.6188249860516465,0.0,0.118563072,0.205125991,1035.0,1356.0
0.6757241152188577,0.021301398,0.111819626,0.20808144,1035.0,1356.0
0.7350442583268518,0.147390851,0.08842528,0.195858756,1035.0,1356.0
0.7727364221558968,0.286752998,0.047795488,0.173661715,1035.0,1356.0
0.800273554461458,0.445861106,0.03762667,0.152837273,1035.0,1356.0
0.813642558570134,0.59455091,0.037090936,0.138934895,1035.0,1356.0
0.824527607027364,0.729399038,0.038107402,0.102847452,1035.0,1356.0
0.8323501156711881,0.792041726,0.042308794,0.114085236,1035.0,1356.0
0.8341204662801096,0.782332351,0.047180503,0.159168981,1035.0,1356.0
0.8321176883918682,0.722402064,0.051168514,0.212846585,1035.0,1356.0
0.8265257718932778,0.632794457,0.05460946,0.277995665,1035.0,1356.0
0.8225339664971206,0.527625854,0.065429003,0.332231287,1035.0,1356.0
0.8203196974552106,0.41701775,0.080041564,0.350827021,1035.0,1356.0
0.8131727361412947,0.300424155,0.097850559,0.345919321,1035.0,1356.0
0.7946398542969817,0.189919599,0.119585017,0.344500132,1035.0,1356.0
0.7730096573453868,0.093326952,0.145425749,0.338855605,1035.0,1356.0
0.7340542245652353,0.006337571,0.175928987,0.334531088,1035.0,1356.0
0.7063004558624909,0.0,0.180305292,0.316326506,1035.0,1356.0
0.6423386867522074,0.0,0.155925716,0.3056707,1035.0,1356.0
0.6063637346330734,0.0,0.141336332,0.23044237,1035.0,1356.0
0.5768121587522238,0.0,0.12719037900000002,0.1898710155,1035.0,1356.0
0.5734438261787177,0.0,0.114025759,0.178165484,1035.0,1356.0
0.5890471040425682,0.0,0.096238982,0.181913269,1035.0,1356.0
0.617322414681677,0.0,0.083227998,0.185577742,1035.0,1356.0
0.6751785321114165,0.015065731,0.075158527,0.18764386,1035.0,1356.0
0.7353410909504087,0.11429328,0.061011595,0.179655347,1035.0,1356.0
0.7699317701843731,0.217191539,0.048528659,0.189529922,1035.0,1356.0
0.7841460289082587,0.322173351,0.048377079,0.197142165,1035.0,1356.0
0.788004676552347,0.416857498,0.053062821,0.201759877,1035.0,1356.0
0.8007781522854137,0.48511293,0.050436324,0.142289654,1035.0,1356.0
0.8079312348010412,0.551826566,0.062943565,0.181114345,1035.0,1356.0
0.8079118067535329,0.538896063,0.084524084,0.229508214,1035.0,1356.0
0.8035685216554245,0.554662544,0.102861324,0.279215179,1035.0,1356.0
0.8003940262755745,0.4982671,0.12056572,0.335568245,1035.0,1356.0
0.7965096519077103,0.439067852,0.148979108,0.360500004,1035.0,1356.0
0.7919342056914955,0.359853336,0.168319824,0.373734201,1035.0,1356.0
0.7781280253606278,0.241736562,0.161034626,0.370472783,1035.0,1356.0
0.7550923530345173,0.15395887,0.160283756,0.389278507,1035.0,1356.0
0.7431090413037368,0.080076196,0.160781875,0.397092563,1035.0,1356.0
0.7147801037865189,0.010563335,0.172860938,0.390712427,1035.0,1356.0
0.6889663931804785,0.0,0.171616979,0.362810612,1035.0,1356.0
0.6103273294715955,0.0,0.174627331,0.321690511,1035.0,1356.0
0.577815011431159,0.0,0.153040567,0.26134967,1035.0,1356.0
0.5480823285366938,0.0,0.140584973,0.206800999,1035.0,1356.0
0.5373599348012869,0.0,0.1171161195,0.155303308,1035.0,1356.0
0.5461658902482021,0.0,0.0982544735,0.1131598255,1035.0,1356.0
0.5500843081437754,0.010760444,0.095320019,0.087152861,1035.0,1356.0
0.5789183313628068,0.090955404,0.082623218,0.087923325,1035.0,1356.0
0.6142007921408643,0.18756803,0.070375312,0.081052236,1035.0,1356.0
0.6508805666911557,0.304903429,0.072735884,0.080192288,1035.0,1356.0
0.6605317988743247,0.418641221,0.070099819,0.084391458,1035.0,1356.0
0.6645228502314101,0.497211813,0.069940128,0.105611212,1035.0,1356.0
0.6681119000538608,0.552440697,0.079556246,0.110587329,1035.0,1356.0
0.6708174156293603,0.57039977,0.083489624,0.121103913,1035.0,1356.0
0.6723630126833858,0.534058988,0.087529457,0.136714619,1035.0,1356.0
0.6746955801088552,0.503129365,0.093244993,0.143013003,1035.0,1356.0
0.6717227288289328,0.435890124,0.101296282,0.134002891,1035.0,1356.0
0.672284590696369,0.3682187,0.106036259,0.122320332,1035.0,1356.0
0.6672066312988576,0.279494412,0.113875243,0.119963023,1035.0,1356.0
0.6549286602738369,0.202491034,0.111984321,0.133729918,1035.0,1356.0
0.6437167498502482,0.101316175,0.112260752,0.137478076,1035.0,1356.0
0.6373660737403299,0.009563264,0.122688372,0.126193828,1035.0,1356.0
0.6298443899357866,0.0,0.11872372,0.107146915,1035.0,1356.0
0.5945035118333565,0.0,0.1171351075,0.097041811,1035.0,1356.0
0.5476332648601906,0.0,0.108275682,0.08639144,1035.0,1356.0
0.5369611934124876,0.0,0.0990304835,0.089848255,1035.0,1356.0
0.5464595292915368,0.0,0.0903288985,0.09243262099999999,1035.0,1356.0
0.550023894711541,0.013983685,0.082936268,0.10666122,1035.0,1356.0
0.579170896385378,0.140504624,0.066453575,0.095094816,1035.0,1356.0
0.6150609504679122,0.261483028,0.051439616,0.084422314,1035.0,1356.0
0.6530946582585097,0.422217314,0.060015988,0.087798042,1035.0,1356.0
0.6696115439542016,0.573817078,0.074393177,0.091423852,1035.0,1356.0
0.6783711247327067,0.642390018,0.082115298,0.104022855,1035.0,1356.0
0.686560815273961,0.702897819,0.088378171,0.127075844,1035.0,1356.0
0.6882311866598885,0.694200545,0.095064724,0.147997315,1035.0,1356.0
0.6899867223448699,0.642791217,0.105913343,0.160036072,1035.0,1356.0
0.6886479589776155,0.533620189,0.121713109,0.173118457,1035.0,1356.0
0.6853710448842413,0.440506498,0.142285564,0.194057063,1035.0,1356.0
0.6849242433249528,0.373160354,0.165278314,0.216033613,1035.0,1356.0
0.6802527212123293,0.269911427,0.176716164,0.229198605,1035.0,1356.0
0.6691593752322732,0.181213794,0.167613729,0.216336954,1035.0,1356.0
0.6571487400129159,0.112271448,0.173038316,0.193122216,1035.0,1356.0
0.6472547455175875,0.010913504,0.192614098,0.17640313,1035.0,1356.0
0.6382949844752097,0.0,0.195700959,0.157168814,1035.0,1356.0
0.6431244152067216,0.0,0.188572702,0.158485627,1035.0,1356.0
0.6068337345364687,0.0,0.183199415,0.165368595,1035.0,1356.0
0.5803124514029576,0.0,0.177094184,0.175234444,1035.0,1356.0
0.5721350033157466,0.0,0.16373717650000003,0.19554431249999998,1035.0,1356.0
0.5889991104883129,0.0,0.150061411,0.205975088,1035.0,1356.0
0.617356036745281,0.0,0.136969569,0.198059102,1035.0,1356.0
0.6750229299530718,0.015085874,0.126319185,0.182890723,1035.0,1356.0
0.7357363060321587,0.170078129,0.100235797,0.163705915,1035.0,1356.0
0.7727866335852784,0.328089889,0.059652112,0.137597134,1035.0,1356.0
0.7996154836676265,0.503041462,0.065706004,0.12334505,1035.0,1356.0
0.8126782515322933,0.65936942,0.081935591,0.110561653,1035.0,1356.0
0.8241329242680414,0.773083308,0.09050743,0.089316413,1035.0,1356.0
0.8323501156711881,0.840288348,0.106384783,0.088145369,1035.0,1356.0
0.83498754429251,0.81794561,0.104453853,0.085106936,1035.0,1356.0
0.8332159515641779,0.713149574,0.097836966,0.089282471,1035.0,1356.0
0.8296315148652957,0.630432063,0.092525992,0.107646303,1035.0,1356.0
0.8262014383065881,0.502460713,0.091112117,0.139216526,1035.0,1356.0
0.8219144857383327,0.422146086,0.090850561,0.173841234,1035.0,1356.0
0.8143666316754843,0.331800264,0.087720069,0.199601333,1035.0,1356.0
0.7988491833618612,0.237022403,0.083648062,0.211698172,1035.0,1356.0
0.7817622298531222,0.131241548,0.100493976,0.2240706,1035.0,1356.0
0.7401540212052814,0.00916601,0.125329973,0.225836318,1035.0,1356.0
0.7104827274987667,0.0,0.140999552,0.204970421,1035.0,1356.0
0.6444241893477322,0.0,0.114121752,0.179677926,1035.0,1356.0
0.6076590731250714,0.0,0.111857253,0.171534099,1035.0,1356.0
0.5822637317027994,0.0,0.107795854,0.176157838,1035.0,1356.0
0.5708395982581351,0.0,0.09753686349999999,0.146022377,1035.0,1356.0
0.5889618067135276,0.0,0.081625281,0.103435973,1035.0,1356.0
0.617356036745281,0.0,0.074462783,0.077379499,1035.0,1356.0
0.6751077393030139,0.013543438,0.067773392,0.06680412,1035.0,1356.0
0.7354506511671703,0.142493168,0.053711976,0.06519566,1035.0,1356.0
0.7778377573720711,0.271850723,0.02803647,0.062775953,1035.0,1356.0
0.8064946213992616,0.399744692,0.020574272,0.054753872,1035.0,1356.0
0.8173764762256494,0.532146462,0.025520581,0.044608559,1035.0,1356.0
0.8344128633558945,0.639908629,0.033450993,0.050576416,1035.0,1356.0
0.837960839208202,0.674734572,0.050575263,0.07079417,1035.0,1356.0
0.8394002914941929,0.69542806,0.054787862,0.107662618,1035.0,1356.0
0.8390800386074039,0.696427786,0.057550427,0.165145042,1035.0,1356.0
0.8333279957160392,0.628366198,0.063103896,0.238491566,1035.0,1356.0
0.8300030437250807,0.564962822,0.067090698,0.29718531,1035.0,1356.0
0.8278054526343659,0.503791711,0.073473999,0.321692589,1035.0,1356.0
0.8195107263132606,0.372333499,0.084457458,0.316952038,1035.0,1356.0
0.8021382954140892,0.221859652,0.097683169,0.290798949,1035.0,1356.0
0.789114738593551,0.125212476,0.118362637,0.26366857,1035.0,1356.0
0.7502647852290198,0.008802589,0.139215744,0.2531914,1035.0,1356.0
0.724132152441018,0.0,0.149782655,0.235721987,1035.0,1356.0
0.6629158640906748,0.0,0.151708697,0.253397817,1035.0,1356.0
0.607274769741917,0.0,0.14318655349999998,0.2209581985,1035.0,1356.0
0.5806506020368272,0.0,0.118905784,0.16345348199999998,1035.0,1356.0
0.5936442849693159,0.0,0.101606919,0.117878981,1035.0,1356.0
0.6187685203905665,0.0,0.090370969,0.111206001,1035.0,1356.0
0.6755458913821623,0.01018177,0.086071584,0.116991951,1035.0,1356.0
0.7378084573373173,0.151949973,0.070890393,0.118285328,1035.0,1356.0
0.7875736215318667,0.287872581,0.039081918,0.113009954,1035.0,1356.0
0.812638330792422,0.464557411,0.034952399,0.10173387,1035.0,1356.0
0.8239445872163915,0.626513119,0.042305761,0.094977378,1035.0,1356.0
0.8373744481905906,0.752083233,0.0602992,0.101562044,1035.0,1356.0
0.8425417856170431,0.801553834,0.060644412,0.096234245,1035.0,1356.0
0.8473339570183392,0.792391855,0.060066543,0.102308689,1035.0,1356.0
0.844329523974143,0.721324056,0.058960042,0.120682031,1035.0,1356.0
0.837645731666168,0.652458507,0.055194036,0.144853829,1035.0,1356.0
0.8316540757501575,0.574520497,0.057039179,0.156808991,1035.0,1356.0
0.8296101351038745,0.495675519,0.063528068,0.186171042,1035.0,1356.0
0.8239398854061656,0.390536449,0.072827679,0.231255009,1035.0,1356.0
0.8037821417950808,0.259060096,0.079241066,0.248396181,1035.0,1356.0
0.7900020430358602,0.134527847,0.101093623,0.236934539,1035.0,1356.0
0.7502647852290198,0.008494993,0.1269908,0.236772269,1035.0,1356.0
0.7249454704440824,0.0,0.129770539,0.235921663,1035.0,1356.0
0.6675331827606737,0.0,0.109827149,0.194470532,1035.0,1356.0
0.6110345027572457,0.0,0.1045932195,0.177187333,1035.0,1356.0
0.5806327486330756,0.0,0.08439427399999999,0.1564004555,1035.0,1356.0
0.5939120198649391,0.0,0.068282009,0.143327955,1035.0,1356.0
0.6190009476698866,0.0,0.061996333,0.127513607,1035.0,1356.0
0.6762726257959275,0.011491374,0.05505878,0.098245893,1035.0,1356.0
0.7421737433071721,0.166304502,0.046173624,0.081083711,1035.0,1356.0
0.7955079081663384,0.317930988,0.022943787,0.062349493,1035.0,1356.0
0.8209924059009072,0.491352237,0.013680096,0.054498494,1035.0,1356.0
0.8370195973832413,0.651327399,0.01829902,0.050093723,1035.0,1356.0
0.8485181828721035,0.769239696,0.024076856,0.041539947,1035.0,1356.0
0.8545135647413836,0.836539738,0.035997166,0.05776135,1035.0,1356.0
0.8521938162838532,0.840849847,0.042528379,0.077475238,1035.0,1356.0
0.847999036184181,0.807681118,0.045642944,0.101151657,1035.0,1356.0
0.8412588225584549,0.756802071,0.047924414,0.154385462,1035.0,1356.0
0.8352804735894818,0.653423817,0.053637236,0.200626595,1035.0,1356.0
0.8328417613959779,0.526044739,0.062459505,0.200852638,1035.0,1356.0
0.8271764795684682,0.397129724,0.070225029,0.212939102,1035.0,1356.0
0.8150066050253947,0.238812931,0.086011226,0.224071001,1035.0,1356.0
0.7992224863597626,0.117919106,0.118546304,0.241195292,1035.0,1356.0
0.7660354195742993,0.006325693,0.139677379,0.254061913,1035.0,1356.0
0.7375684894648001,0.0,0.133469076,0.216283392,1035.0,1356.0
0.6788065267155415,0.0,0.13965795,0.213922165,1035.0,1356.0
0.6385923494211939,0.0,0.137090503,0.220650023,1035.0,1356.0
0.6075093704517941,0.0,0.131703965,0.19637601,1035.0,1356.0
0.5918040286716704,0.0,0.115898785,0.1492136985,1035.0,1356.0
0.5978951314376273,0.0,0.094617996,0.131032513,1035.0,1356.0
0.6194995574233577,0.0,0.085224094,0.143853408,1035.0,1356.0
0.6781265438378616,0.0100622,0.077574743,0.124240164,1035.0,1356.0
0.7529086011120265,0.153666778,0.056674106,0.079217172,1035.0,1356.0
0.806873956912217,0.310701585,0.027483391,0.045282786,1035.0,1356.0
0.8339034750350551,0.477216624,0.019848568,0.036585061,1035.0,1356.0
0.8445704677036167,0.623896628,0.02388037,0.04485019,1035.0,1356.0
0.8532009716324344,0.72809216,0.031908457,0.071859349,1035.0,1356.0
0.8539521907518055,0.765846899,0.045818898,0.088664188,1035.0,1356.0
0.8547781060061643,0.783730032,0.05830434,0.108348642,1035.0,1356.0
0.8488252175997536,0.732008931,0.066805223,0.122832481,1035.0,1356.0
0.8415985921794101,0.643924247,0.072666067,0.193833354,1035.0,1356.0
0.8350591353820725,0.532792325,0.081877946,0.249501393,1035.0,1356.0
0.8319377790024736,0.410588234,0.096016805,0.323196611,1035.0,1356.0
0.8149860237476145,0.272476383,0.117186096,0.337163945,1035.0,1356.0
0.7951107413706757,0.140392982,0.130520282,0.279531506,1035.0,1356.0
0.7761198359664174,0.06015048,0.140008213,0.283823667,1035.0,1356.0
0.7449035217703928,0.003585907,0.147309568,0.274044174,1035.0,1356.0
0.7213424928679903,0.0,0.156407137,0.254775077,1035.0,1356.0
0.6410984832164616,0.0,0.179698718,0.34619125,1035.0,1356.0
0.5981996821289371,0.0,0.174541114,0.419178526,1035.0,1356.0
0.5645925607082468,0.0,0.181103942,0.458781315,1035.0,1356.0
0.5512905346668054,0.0,0.192596172,0.537628049,1035.0,1356.0
0.5477461073944524,0.0,0.207917661,0.606201161,1035.0,1356.0
0.5510745192787073,0.0,0.214433866,0.648323292,1035.0,1356.0
0.5523159648326232,0.0,0.212886147,0.70370521,1035.0,1356.0
0.552758241955001,0.005364848,0.217449029,0.743223435,1035.0,1356.0
0.5824597423776329,0.088831749,0.20575559,0.74950605,1035.0,1356.0
0.6166743684161422,0.213015379,0.199927582,0.723399226,1035.0,1356.0
0.6528440892931802,0.32797417,0.222685888,0.70425055,1035.0,1356.0
0.6607914166122351,0.452395943,0.233265798,0.687442673,1035.0,1356.0
0.6627415435805645,0.515445041,0.221695247,0.666551429,1035.0,1356.0
0.6646576491928492,0.558054107,0.2230243,0.641567019,1035.0,1356.0
0.6646695367484011,0.607448403,0.231983963,0.613690389,1035.0,1356.0
0.6714694540093784,0.627152781,0.245922245,0.610569118,1035.0,1356.0
0.6746613813794952,0.613700608,0.253560112,0.597739655,1035.0,1356.0
0.6741285285533352,0.558059091,0.2603456,0.589931248,1035.0,1356.0
0.6733106861133602,0.470185822,0.263060545,0.588615658,1035.0,1356.0
0.6682545501130395,0.355263705,0.244190981,0.56113183,1035.0,1356.0
0.6552069076768552,0.22870051,0.204935022,0.526982466,1035.0,1356.0
0.6426851098973014,0.095638705,0.161234761,0.497342527,1035.0,1356.0
0.6369357284155924,0.002719238,0.138811845,0.460158197,1035.0,1356.0
0.6295697353548109,0.0,0.119581284,0.425585837,1035.0,1356.0
0.6117780482028129,0.0,0.111901593,0.389393334,1035.0,1356.0
0.5784022008311707,0.0,0.110733612,0.382452339,1035.0,1356.0
0.548669251775492,0.0,0.115894477,0.420399495,1035.0,1356.0
0.5375267590615289,0.0,0.1319125215,0.493099504,1035.0,1356.0
0.5463011105725059,0.0,0.16530890050000002,0.5958744475,1035.0,1356.0
0.5497339816720962,0.005646704,0.191003932,0.646697382,1035.0,1356.0
0.5803307262201942,0.121250495,0.195983342,0.677965933,1035.0,1356.0
0.6158702764577336,0.236476349,0.177344771,0.698410285,1035.0,1356.0
0.6541522910964459,0.38036179,0.206840135,0.712772039,1035.0,1356.0
0.6663803168532985,0.503844287,0.25042413,0.719122436,1035.0,1356.0
0.6749328422283879,0.58850313,0.221166207,0.729722568,1035.0,1356.0
0.6826863323031664,0.634438497,0.253699881,0.748288887,1035.0,1356.0
0.6869819344528023,0.646730727,0.278243856,0.778260452,1035.0,1356.0
0.6899867223448699,0.628416495,0.300091664,0.79543953,1035.0,1356.0
0.6900359579172953,0.597414081,0.3191134,0.792463643,1035.0,1356.0
0.6866009577304767,0.513007175,0.324439748,0.780052609,1035.0,1356.0
0.686006804403024,0.42344772,0.317167505,0.771253887,1035.0,1356.0
0.6803827740202134,0.313430234,0.299284339,0.765589907,1035.0,1356.0
0.6692438740776728,0.197862533,0.27684405,0.757908173,1035.0,1356.0
0.6571487400129159,0.103100253,0.264077374,0.739174863,1035.0,1356.0
0.6502133584380856,0.002237031,0.248193069,0.724768595,1035.0,1356.0
0.6431450852724001,0.0,0.234866132,0.714406479,1035.0,1356.0
0.658843507519032,0.0,0.23941585,0.683571519,1035.0,1356.0
0.6267049361122665,0.0,0.22754554,0.672578772,1035.0,1356.0
0.596627959261176,0.0,0.218170833,0.678391335,1035.0,1356.0
0.5815260855904387,0.0,0.2045624735,0.6800006279999999,1035.0,1356.0
0.5945993658612603,0.0,0.191432166,0.678719669,1035.0,1356.0
0.6191985108674327,0.0,0.189060541,0.680572051,1035.0,1356.0
0.6757666085804865,0.006454361,0.185070577,0.670318626,1035.0,1356.0
0.7376495728614725,0.120994937,0.174852168,0.652525769,1035.0,1356.0
0.7788838576035673,0.231428656,0.172635434,0.644128768,1035.0,1356.0
0.8003610252210557,0.374641852,0.175569149,0.648141734,1035.0,1356.0
0.8092493282038576,0.486249453,0.171236367,0.633604567,1035.0,1356.0
0.8139762957772759,0.580059159,0.145327799,0.524681868,1035.0,1356.0
0.8220940401786153,0.646622955,0.160254484,0.518039643,1035.0,1356.0
0.8238920692252256,0.691474802,0.175762937,0.510403029,1035.0,1356.0
0.8281635858604559,0.684253603,0.179481885,0.485126331,1035.0,1356.0
0.8248168104723067,0.646270315,0.177751206,0.43102112,1035.0,1356.0
0.8225879925664299,0.578564412,0.1713171,0.39099476,1035.0,1356.0
0.819895207170971,0.475950314,0.150511866,0.314059749,1035.0,1356.0
0.8123750314445708,0.357475968,0.125290543,0.233070757,1035.0,1356.0
0.7943965154203066,0.238854961,0.107371495,0.173653658,1035.0,1356.0
0.7735595873139424,0.125836922,0.10272576,0.139198213,1035.0,1356.0
0.7340131949384209,0.003808852,0.107452892,0.126899826,1035.0,1356.0
0.7066278944946057,0.0,0.105445976,0.12749067,1035.0,1356.0
0.6422152874684621,0.0,0.114846769,0.186282824,1035.0,1356.0
0.6075862400173389,0.0,0.109583991,0.206716072,1035.0,1356.0
0.5849413471239658,0.0,0.1087404,0.269956302,1035.0,1356.0
0.5779232852864216,0.0,0.108833895,0.3188458235,1035.0,1356.0
0.5931694502257079,0.0,0.103228202,0.375484182,1035.0,1356.0
0.6196560466507606,0.0,0.100373715,0.36877807,1035.0,1356.0
0.6756776740860745,0.005719553,0.104595672,0.337225795,1035.0,1356.0
0.7383140310182292,0.131515981,0.094800809,0.309351472,1035.0,1356.0
0.7816292495756093,0.26252415,0.076709028,0.293252078,1035.0,1356.0
0.8016124065153701,0.40063645,0.072352249,0.269977118,1035.0,1356.0
0.8086098869738935,0.540517835,0.073225344,0.225864054,1035.0,1356.0
0.8171965668362549,0.620298198,0.063191652,0.133285778,1035.0,1356.0
0.8261900830734635,0.679456632,0.064155737,0.105569671,1035.0,1356.0
0.8301936873385147,0.704970632,0.064368011,0.109480901,1035.0,1356.0
0.8296760487287356,0.680858665,0.068115034,0.126391376,1035.0,1356.0
0.825631370493541,0.627423011,0.072078438,0.156471725,1035.0,1356.0
0.8220473773291879,0.523639715,0.082860681,0.186397003,1035.0,1356.0
0.8203196974552106,0.438642417,0.094135339,0.195634044,1035.0,1356.0
0.8125472228674528,0.316215404,0.107750107,0.208138594,1035.0,1356.0
0.7945761586484876,0.206869945,0.122312903,0.204716976,1035.0,1356.0
0.7749102382367485,0.10838389,0.159339658,0.200329334,1035.0,1356.0
0.7363972157102017,0.002741283,0.193285673,0.198765334,1035.0,1356.0
0.7094653702485733,0.0,0.199966965,0.190112803,1035.0,1356.0
0.6448527160897839,0.0,0.188212969,0.180661582,1035.0,1356.0
0.6068350208979676,0.0,0.193217485,0.180365504,1035.0,1356.0
0.581163605401994,0.0,0.177633939,0.192403373,763.0,999.0
0.5732996014757822,0.0,0.1660394355,0.193253608,763.0,999.0
0.5878874959243963,0.0,0.158414024,0.186345281,763.0,999.0
0.6167414351700345,0.0,0.146503909,0.172586093,763.0,999.0
0.6729300198955771,0.003687197,0.132398447,0.156875763,763.0,999.0
0.7325402979621414,0.106139498,0.10771965,0.136316045,763.0,999.0
0.7647363994723604,0.238242297,0.07265679,0.111448291,763.0,999.0
0.7780187313050797,0.402845624,0.061971664,0.088269519,763.0,999.0
0.7865582159955861,0.554531442,0.059978038,0.074343897,763.0,999.0
0.7893893930732861,0.692009224,0.032268544,0.052364905,763.0,999.0
0.7970413958469273,0.801720228,0.035094125,0.06658033,763.0,999.0
0.8016562305818267,0.822474021,0.048120674,0.104569596,763.0,999.0
0.7988016333421349,0.812415425,0.059791469,0.127500094,763.0,999.0
0.7932796224816484,0.752523729,0.069445314,0.134081079,763.0,999.0
0.7904935113873345,0.657500277,0.078746593,0.158081597,763.0,999.0
0.787863357197996,0.509061468,0.089289459,0.204589396,763.0,999.0
0.7825175297736344,0.395802424,0.094711666,0.253693449,763.0,999.0
0.7636726455339531,0.266978002,0.099011706,0.318251187,763.0,999.0
0.7475537250163244,0.132630955,0.135198112,0.293481494,763.0,999.0
0.7174027617259892,0.003547704,0.175425956,0.242206526,763.0,999.0
0.6986718732508415,0.0,0.194070812,0.213584502,763.0,999.0
0.6258438684938757,0.0,0.1748411185,0.179434769,763.0,999.0
0.5803142700868839,0.0,0.165722809,0.161493542,763.0,999.0
0.5704128236850162,0.0,0.153252628,0.172027895,763.0,999.0
0.5875831670509712,0.0,0.139304522,0.180316603,763.0,999.0
0.6158774622030593,0.0,0.132095439,0.182757729,763.0,999.0
0.6719518736895123,0.004773703,0.132011052,0.182690179,763.0,999.0
0.7325402979621414,0.161172878,0.114611652,0.169368002,763.0,999.0
0.7657098439694396,0.321710996,0.066141337,0.133789116,763.0,999.0
0.7814826961898454,0.498802218,0.057624806,0.10763405,763.0,999.0
0.7876554146242819,0.660003544,0.069830616,0.094321715,763.0,999.0
0.7986392890742341,0.784185459,0.056793212,0.07570692,763.0,999.0
0.804726399776328,0.865424688,0.076398316,0.078703584,763.0,999.0
0.807469396499928,0.899816618,0.085396497,0.086561117,763.0,999.0
0.8048947764580421,0.892713968,0.088434493,0.090793789,763.0,999.0
0.8004134544243234,0.846396899,0.094689366,0.101610426,763.0,999.0
0.7953932912914793,0.760357308,0.104856874,0.1235036,763.0,999.0
0.7936338522799128,0.635468528,0.117371702,0.157735953,763.0,999.0
0.7881931910785528,0.48053389,0.132783877,0.220558119,763.0,999.0
0.7692998695476062,0.307550981,0.145980867,0.282058809,763.0,999.0
0.7582946153362328,0.152556597,0.205002374,0.331580174,763.0,999.0
0.7241003933034287,0.003220197,0.278937099,0.378283243,763.0,999.0
0.7082040530113795,0.0,0.307363699,0.385763387,763.0,999.0
0.6635259413302509,0.0,0.289077064,0.339426679,763.0,999.0
0.6236324604572215,0.0,0.296263752,0.315572096,763.0,999.0
0.5911063032485608,0.0,0.281141049,0.296065011,763.0,999.0
0.5775690111448284,0.0,0.24715506399999998,0.2697988365,763.0,999.0
0.5917767051324733,0.0,0.217447163,0.243718164,763.0,999.0
0.6167982556789859,0.0,0.207132342,0.256098502,763.0,999.0
0.6723833722445218,0.004282869,0.190720129,0.253562689,763.0,999.0
0.7364553224794115,0.164316172,0.155858452,0.219498884,763.0,999.0
0.778255239385541,0.323214411,0.08418379,0.166760897,763.0,999.0
0.7886449160634711,0.504354385,0.054414803,0.106221409,763.0,999.0
0.800295466444066,0.666098565,0.054898538,0.068674972,763.0,999.0
0.8065382679911623,0.795580023,0.049320645,0.049756971,763.0,999.0
0.8146579641064146,0.879441478,0.059185039,0.040212878,763.0,999.0
0.8160883677210654,0.909804611,0.063743909,0.049264399,763.0,999.0
0.8104482802949042,0.898412058,0.063506945,0.087593101,763.0,999.0
0.8031636368932492,0.842545139,0.064643542,0.130983414,763.0,999.0
0.7990679488462725,0.73739275,0.074184235,0.18671426,763.0,999.0
0.7956350334033533,0.606868644,0.092164143,0.263280005,763.0,999.0
0.7905763690233638,0.442826807,0.113158607,0.310590078,763.0,999.0
0.7759644999692864,0.284917928,0.148244939,0.315461936,763.0,999.0
0.7611831896898807,0.143338956,0.213806857,0.310811819,763.0,999.0
0.7319538626012012,0.002692782,0.267150222,0.319000733,763.0,999.0
0.713224216042983,0.0,0.290569041,0.345740183,763.0,999.0
0.6551354052739503,0.0,0.254375482,0.365159052,763.0,999.0
0.6116823715988448,0.0,0.260650357,0.37168154,763.0,999.0
0.5665863343697173,0.0,0.24675663250000002,0.349118652,763.0,999.0
0.5513796465851533,0.0,0.2241014765,0.32078455100000003,763.0,999.0
0.5518726674087198,0.0,0.203858956,0.309149999,763.0,999.0
0.551039300349062,0.003570233,0.195349189,0.280175397,763.0,999.0
0.5867679860206518,0.152048792,0.167197888,0.257865708,763.0,999.0
0.6288905953041006,0.310508176,0.100934686,0.247043631,763.0,999.0
0.6640435355967014,0.481760787,0.085446803,0.262326207,763.0,999.0
0.6766575501881671,0.639687671,0.097272174,0.26064218,763.0,999.0
0.6843642443835314,0.763700163,0.102214048,0.22635079,763.0,999.0
0.6913953913502282,0.825348511,0.119289644,0.252368152,763.0,999.0
0.6903356737683924,0.865117209,0.122816291,0.304687219,763.0,999.0
0.6880184535892904,0.868431285,0.135858859,0.346046789,763.0,999.0
0.6825672355372066,0.792325261,0.158578014,0.381932358,763.0,999.0
0.6770250869334687,0.69701485,0.185059924,0.423414093,763.0,999.0
0.6733042988516753,0.560257294,0.213616884,0.461486693,763.0,999.0
0.6680053117512973,0.421477554,0.234036405,0.489404352,763.0,999.0
0.6513667123245592,0.268588131,0.244498959,0.507497296,763.0,999.0
0.646049006771175,0.13169321,0.302785306,0.533367849,763.0,999.0
0.6407062843922385,0.00208615,0.357497766,0.55917973,763.0,999.0
0.6379645739288969,0.0,0.381524205,0.564015997,763.0,999.0
0.6371458000765349,0.0,0.372622675,0.530472535,763.0,999.0
0.595653184059269,0.0,0.372725838,0.504105751,763.0,999.0
0.5609059713558134,0.0,0.352131261,0.486412885,763.0,999.0
0.54573964789627,0.0,0.333921616,0.45793371,763.0,999.0
0.5453307710702315,0.0,0.3081175765,0.428256333,763.0,999.0
0.548605201177886,0.0,0.276832312,0.392032594,763.0,999.0
0.5490145215890737,0.003070489,0.258409311,0.345601131,763.0,999.0
0.5795335539471382,0.139571234,0.213896526,0.310661543,763.0,999.0
0.612871343606164,0.279605143,0.147085131,0.275941696,763.0,999.0
0.6478523142937674,0.461465146,0.109492105,0.226490115,763.0,999.0
0.6631886556443953,0.625707838,0.093658218,0.190515509,763.0,999.0
0.6717169624750927,0.759942633,0.065558575,0.159993572,763.0,999.0
0.6777895243132196,0.843870615,0.073637288,0.174933949,763.0,999.0
0.6791594258089781,0.867251957,0.077800897,0.187934834,763.0,999.0
0.6832819051233451,0.852345296,0.07744458,0.211724446,763.0,999.0
0.680976395025239,0.789532631,0.074037244,0.22800008,763.0,999.0
0.6759657241995046,0.684618989,0.076946415,0.26189561,763.0,999.0
0.6734209560258645,0.568040418,0.078604083,0.29516302,763.0,999.0
0.667974484026095,0.415631909,0.086996198,0.316461833,763.0,999.0
0.6548394597194517,0.266975241,0.108653094,0.324571404,763.0,999.0
0.6459779479027994,0.12950467,0.149997842,0.335229007,763.0,999.0
0.6398867120562356,0.001942744,0.193425924,0.344220609,763.0,999.0
0.6378141172165479,0.0,0.206522492,0.323023598,763.0,999.0
0.6528460852491813,0.0,0.175382265,0.25167595,763.0,999.0
0.6105776767202807,0.0,0.177232634,0.22861747,763.0,999.0
0.5774100379823259,0.0,0.1429407205,0.18276463250000002,763.0,999.0
0.5725640179862767,0.0,0.109454881,0.129239815,763.0,999.0
0.5874751149123528,0.0,0.088929124,0.104511111,763.0,999.0
0.6158342591456879,0.0,0.079366871,0.090586382,763.0,999.0
0.6720311828468278,0.002841654,0.070123216,0.084161277,763.0,999.0
0.7330015595974985,0.150469072,0.055111412,0.075708443,763.0,999.0
0.7738323788676629,0.299154496,0.027676614,0.05136415,763.0,999.0
0.7876519548322258,0.483472,0.011973931,0.028285585,763.0,999.0
0.8013808664063488,0.642954463,0.012362252,0.02269732,763.0,999.0
0.806696531457922,0.772717219,0.013718366,0.018710537,763.0,999.0
0.8146425281733896,0.849221535,0.016957302,0.024483173,763.0,999.0
0.8143316788058121,0.8639488,0.020109626,0.035329829,763.0,999.0
0.810214965946526,0.846207881,0.023961869,0.053501464,763.0,999.0
0.8029552506837655,0.793225232,0.030882851,0.075227162,763.0,999.0
0.7979648950758383,0.714208032,0.038085744,0.107795261,763.0,999.0
0.795632460781596,0.575958403,0.042207926,0.135197379,763.0,999.0
0.7895873998053613,0.426350235,0.044031301,0.144557179,763.0,999.0
0.7720351483046938,0.262849392,0.05827957,0.141800935,763.0,999.0
0.7578911500667834,0.133709671,0.09489665,0.153177387,763.0,999.0
0.7226185363424665,0.001638501,0.129512822,0.162583067,763.0,999.0
0.7107619506575008,0.0,0.156570357,0.166011182,763.0,999.0
0.6551420586968487,0.0,0.198517033,0.126117967,763.0,999.0
0.6032868233290161,0.0,0.195202616,0.14302482649999998,763.0,999.0
0.5775033416107571,0.0,0.177885839,0.14254593850000002,763.0,999.0
0.5923083603850325,0.0,0.177654138,0.119193951,763.0,999.0
0.617769970280037,0.0,0.190204174,0.125180867,763.0,999.0
0.67270078634834,0.00245406,0.194199027,0.166637744,763.0,999.0
0.7382513111254511,0.147904454,0.187889222,0.229331994,763.0,999.0
0.7830410234239117,0.294782072,0.143707193,0.240052535,763.0,999.0
0.7989423316874008,0.451277172,0.135124363,0.23041162,763.0,999.0
0.8078584016933087,0.608903993,0.16318057,0.237550772,763.0,999.0
0.8168143925403284,0.71269029,0.134873744,0.284099831,763.0,999.0
0.8175764345703967,0.772990495,0.183228775,0.276793607,763.0,999.0
0.8179720932879163,0.790630027,0.229582056,0.284586128,763.0,999.0
0.8117299127499051,0.720504674,0.256518629,0.357387787,763.0,999.0
0.8046425662833422,0.620813999,0.291249916,0.447362075,763.0,999.0
0.798205661330756,0.503350644,0.294749893,0.493756437,763.0,999.0
0.7961268566026989,0.377658313,0.294373548,0.52074674,763.0,999.0
0.7895521808757161,0.228301434,0.306547552,0.544151624,763.0,999.0
0.7700248297220146,0.138427012,0.309633304,0.534764227,763.0,999.0
0.7597077199906033,0.066161895,0.323616723,0.487242123,763.0,999.0
0.7328642767009595,0.0,0.327151984,0.445445672,763.0,999.0
0.7117534482551723,0.0,0.31920908,0.400808592,763.0,999.0
0.6755879412092618,0.0,0.225793279,0.390452815,763.0,999.0
0.6341380847148386,0.0,0.280395897,0.484487784,763.0,999.0
0.602656342184975,0.0,0.276457049,0.504113099,763.0,999.0
0.5881950185299043,0.0,0.24863620549999998,0.5146565175,763.0,999.0
0.5957329367511137,0.0,0.194951017,0.495717826,763.0,999.0
0.6178941680474233,0.0,0.145024971,0.454494741,763.0,999.0
0.6734638929220225,0.00161772,0.1104939,0.384631504,763.0,999.0
0.7330015595974985,0.078825959,0.094511064,0.301658751,763.0,999.0
0.764291682758212,0.178533557,0.093006321,0.271018453,763.0,999.0
0.7737984906428453,0.28398188,0.088327877,0.26184436,763.0,999.0
0.7767355907719355,0.403365539,0.084313456,0.250495904,763.0,999.0
0.7784704563912386,0.487553032,0.079105916,0.251150516,763.0,999.0
0.783808122213318,0.532901621,0.092615853,0.250121465,763.0,999.0
0.7870756771308095,0.547917703,0.09755255,0.246318796,763.0,999.0
0.7832289169410324,0.542881812,0.105877363,0.243503102,763.0,999.0
0.7816912596714042,0.513165993,0.098774393,0.255348915,763.0,999.0
0.7817829886054584,0.449302763,0.086111401,0.24448618,763.0,999.0
0.7796364961144241,0.359814733,0.066438163,0.224220719,763.0,999.0
0.770184423893602,0.285807957,0.052852106,0.242044021,763.0,999.0
0.7526437049993743,0.17657869,0.052475556,0.266768765,763.0,999.0
0.738556660300402,0.088599151,0.070086721,0.257158361,763.0,999.0
0.7073708189817082,0.0,0.113898982,0.240671347,763.0,999.0
0.6874223043058366,0.0,0.158713907,0.235616087,763.0,999.0
0.63676522264665,0.0,0.216390694,0.230733654,763.0,999.0
0.6036667798510563,0.0,0.199494405,0.243495949,763.0,999.0
0.5792426649494965,0.0,0.228740509,0.255369596,763.0,999.0
0.5729637574036968,0.0,0.256951386,0.2582305585,763.0,999.0
0.5901212374583841,0.0,0.285518387,0.352559454,763.0,999.0
0.617579149192047,0.0,0.316751351,0.385907546,763.0,999.0
0.6727614658405475,0.001506505,0.345801719,0.418658433,763.0,999.0
0.7323143022878349,0.052711819,0.35631761,0.453810667,763.0,999.0
0.7621340124073686,0.096732453,0.340155701,0.477372717,763.0,999.0
0.7701238331892928,0.159068829,0.361266205,0.505416061,763.0,999.0
0.77116327989665,0.201574617,0.383524631,0.526792155,763.0,999.0
0.7709805317242844,0.255009636,0.367562922,0.450422657,763.0,999.0
0.7709115132564792,0.29825442,0.3876444,0.476982547,763.0,999.0
0.7687273177994594,0.34977533,0.412805543,0.482163248,763.0,999.0
0.7665691152274292,0.356642818,0.413952222,0.498037809,763.0,999.0
0.7648322978942135,0.364136472,0.408877725,0.544078153,763.0,999.0
0.7623811660252114,0.355091849,0.375703836,0.588212025,763.0,999.0
0.7613916644847818,0.314177109,0.346582695,0.635804372,763.0,999.0
0.7552570037629617,0.259021634,0.318418233,0.65207692,763.0,999.0
0.7407061247056345,0.178379653,0.288030291,0.645425442,763.0,999.0
0.7308205578725614,0.084492517,0.242763423,0.605026027,763.0,999.0
0.7034940738936988,0.0,0.21562656,0.567391788,763.0,999.0
0.6816461315567374,0.0,0.192368179,0.544447097,763.0,999.0
0.6234423934083031,0.0,0.150926118,0.567388001,763.0,999.0
0.5933254514740123,0.0,0.14666444,0.499048749,763.0,999.0
0.5696163610064625,0.0,0.144646998,0.48423229,763.0,999.0
0.5676511529023591,0.0,0.13680789100000001,0.498563584,763.0,999.0
0.5935940735399341,0.0,0.122176991,0.46604029,763.0,999.0
0.6215431432217694,0.0,0.118217652,0.451775322,763.0,999.0
0.6789259339860441,0.001469013,0.113423151,0.440882398,763.0,999.0
0.7333663462464868,0.128987746,0.108839763,0.451334759,763.0,999.0
0.7614259963453689,0.247952511,0.089606535,0.46701888,763.0,999.0
0.7703916567715735,0.402928957,0.10554402,0.502429598,763.0,999.0
0.77116327989665,0.549523369,0.131205141,0.540422683,763.0,999.0
0.7731740419126177,0.635436279,0.14619325,0.557797029,763.0,999.0
0.7741579545737632,0.687133797,0.173851304,0.570593832,763.0,999.0
0.7752994209046851,0.673540495,0.201325957,0.584414071,763.0,999.0
0.7760988110528675,0.651927026,0.224680512,0.590637417,763.0,999.0
0.7750201533013814,0.594218596,0.233483567,0.602869309,763.0,999.0
0.7730424810265903,0.506945538,0.23449094,0.610998794,763.0,999.0
0.7705335083471113,0.416102761,0.222915535,0.613428205,763.0,999.0
0.761527040111977,0.310421194,0.206267099,0.607197596,763.0,999.0
0.7438589740616091,0.195919409,0.185605872,0.588180228,763.0,999.0
0.7314883870334761,0.081580342,0.180842489,0.562430092,763.0,999.0
0.703116335246785,0.0,0.179865901,0.545449245,763.0,999.0
0.6816016864811958,0.0,0.172554008,0.525091256,763.0,999.0
0.6073574056613018,0.0,0.165533134,0.492262175,763.0,999.0
0.5753996307129892,0.0,0.15407434,0.411628142,763.0,999.0
0.5455131200007768,0.0,0.14031546,0.338136263,763.0,999.0
0.5354542086157903,0.0,0.138508195,0.286410674,763.0,999.0
0.5407109684145128,0.0,0.1240798215,0.20812789799999998,763.0,999.0
0.5494100915186951,0.0,0.109512274,0.177517398,763.0,999.0
0.5508201799155388,0.001325025,0.103067426,0.159146538,763.0,999.0
0.5789317269965017,0.131615059,0.087162531,0.138185847,763.0,999.0
0.6088851270892911,0.269316807,0.057130313,0.117794266,763.0,999.0
0.6422470466060514,0.434854342,0.053992238,0.114770411,763.0,999.0
0.6502509726161728,0.591838089,0.062885792,0.114354235,763.0,999.0
0.6516710855413133,0.711867907,0.058342299,0.114590819,763.0,999.0
0.6536607340583139,0.727418531,0.064974737,0.114862299,763.0,999.0
0.6547705742816331,0.71344399,0.078924762,0.108345013,763.0,999.0
0.6576521402632709,0.677500601,0.086368201,0.100068552,763.0,999.0
0.6589096872038662,0.6489493,0.090805471,0.09684261,763.0,999.0
0.6572334163328715,0.583170234,0.092739973,0.103080067,763.0,999.0
0.6564772735853894,0.500165447,0.08826674,0.112776913,763.0,999.0
0.651993822363202,0.386578605,0.080976134,0.120600575,763.0,999.0
0.6389318528809356,0.245406568,0.078898317,0.137664739,763.0,999.0
0.6282747073673554,0.109635508,0.094864021,0.163606994,763.0,999.0
0.6256796834210046,0.0,0.111575663,0.18421897,763.0,999.0
0.6216330535731377,0.0,0.120792463,0.219428665,763.0,999.0
0.6077880170460126,0.0,0.112783446,0.24057368,763.0,999.0
0.5754138247290846,0.0,0.123345348,0.296217979,763.0,999.0
0.5404280635952176,0.0,0.13131296,0.3355357365,763.0,999.0
0.540295216297071,0.0,0.14599295699999998,0.3772194045,763.0,999.0
0.548340926074319,0.0,0.14946198,0.4221701,763.0,999.0
0.5500527707228304,0.001243856,0.153336783,0.435832983,763.0,999.0
0.5776667281493671,0.128820844,0.154248135,0.463389297,763.0,999.0
0.6100233110014724,0.27637216,0.126675798,0.477007013,763.0,999.0
0.6449522073336795,0.450254842,0.090395208,0.460166484,763.0,999.0
0.6557226833606198,0.608187293,0.106869324,0.44392119,763.0,999.0
0.6665755291457315,0.725008882,0.098765595,0.356477939,763.0,999.0
0.6737389910375271,0.805755347,0.134336348,0.383125362,763.0,999.0
0.6754436055973841,0.841605475,0.165992263,0.38974181,763.0,999.0
0.6741751914027626,0.827573038,0.192038204,0.387230155,763.0,999.0
0.6764068480916104,0.757905907,0.211944402,0.390616721,763.0,999.0
0.6728262260326556,0.655719119,0.227202889,0.366389968,763.0,999.0
0.6693034003396086,0.499541022,0.22573446,0.33302721,763.0,999.0
0.6625214473913252,0.324954154,0.212917383,0.321181647,763.0,999.0
0.6495519165388557,0.184670254,0.196783137,0.313672811,763.0,999.0
0.6413328622096944,0.065507663,0.213633247,0.334570984,763.0,999.0
0.6329009195070436,0.0,0.233950446,0.3402810715,763.0,999.0
0.6248061516319262,0.0,0.26378904449999996,0.3948884095,763.0,999.0
0.5825111957239444,0.0,0.229044196,0.410113643,763.0,999.0
0.5763104883978969,0.0,0.2283134985,0.432689181,763.0,999.0
0.592002922523424,0.0,0.232290356,0.4527724,763.0,999.0
0.618203331761061,0.0,0.229170042,0.4933249,763.0,999.0
0.6723255315352852,0.0,0.223876325,0.478315556,763.0,999.0
0.731913232165587,0.039145764,0.218475437,0.453756322,763.0,999.0
0.7618730196213016,0.125860072,0.203539592,0.418433086,763.0,999.0
0.7703065812604178,0.222995346,0.203550069,0.393776365,763.0,999.0
0.7719384515004403,0.33492039,0.201041216,0.385821747,763.0,999.0
0.7754325786567539,0.411372204,0.186451113,0.412057271,763.0,999.0
0.7773143524084515,0.460834098,0.213246514,0.418796471,763.0,999.0
0.7758164385053793,0.460567174,0.253239108,0.454575025,763.0,999.0
0.7741547608416802,0.43532605,0.287207214,0.490749871,763.0,999.0
0.7712675172941005,0.456059834,0.317111101,0.519046016,763.0,999.0
0.7696147109284264,0.396695194,0.326510309,0.543373942,763.0,999.0
0.7684956002158821,0.362795814,0.324146975,0.584044006,763.0,999.0
0.7616544315102055,0.261135953,0.299179924,0.60242376,763.0,999.0
0.7447601621167117,0.149985468,0.248213844,0.605674726,763.0,999.0
0.7327478413446553,0.064955416,0.214126521,0.616549092,763.0,999.0
0.7036695919774099,0.0,0.194767791,0.602077054,763.0,999.0
0.681753784402915,0.0,0.181208982,0.568466326,763.0,999.0
0.6245867429667653,0.0,0.174457147,0.505252444,763.0,999.0
0.5824105733708211,0.0,0.1824623835,0.452237649,763.0,999.0
0.5677444121368411,0.0,0.1922267625,0.4365552155,763.0,999.0
0.5879704866916526,0.0,0.186259563,0.395921335,763.0,999.0
0.6160202452922247,0.0,0.180846646,0.362504573,763.0,999.0
0.6720757166090272,0.0,0.171227324,0.341314656,763.0,999.0
0.7317202820916092,0.084454891,0.161273329,0.321688625,763.0,999.0
0.7612573535024411,0.185741402,0.150673346,0.265128317,763.0,999.0
0.770210771626463,0.304568687,0.159559015,0.220654651,763.0,999.0
0.7731740419126177,0.4301674,0.173525591,0.211685543,763.0,999.0
0.773985142141796,0.516731173,0.149506469,0.183866477,763.0,999.0
0.7766665723041304,0.537111384,0.182512625,0.221118817,763.0,999.0
0.7776684048334005,0.518425623,0.218440433,0.293154261,763.0,999.0
0.7766608059502902,0.457854044,0.248087235,0.361899569,763.0,999.0
0.7755422275601731,0.421054057,0.275719955,0.433355183,763.0,999.0
0.7741169692902775,0.382289536,0.298208309,0.49124043,763.0,999.0
0.7718198426123384,0.288366317,0.307872972,0.51088424,763.0,999.0
0.7647778282903751,0.232741547,0.293154831,0.521385353,763.0,999.0
0.7467902634935302,0.14549474,0.254927271,0.506064444,763.0,999.0
0.733701502845114,0.06023042,0.228914377,0.493666128,763.0,999.0
0.7036350827435072,0.0,0.215960588,0.500544977,763.0,999.0
0.6824905877895464,0.0,0.203422084,0.496144044,763.0,999.0
0.6093870856752557,0.0,0.1633104035,0.4064013945,763.0,999.0
0.570283879764075,0.0,0.167405053,0.359839659,763.0,999.0
0.5672980319910377,0.0,0.16103406250000002,0.331012898,763.0,999.0
0.5884944682197879,0.0,0.140902826,0.308958151,763.0,999.0
0.616301952487299,0.0,0.128052731,0.315856143,763.0,999.0
0.6727341422507301,0.0,0.120599278,0.317002114,763.0,999.0
0.7317174433086382,0.105756944,0.11171484,0.318873942,763.0,999.0
0.7617733065595211,0.235975542,0.084225808,0.324475273,763.0,999.0
0.7703065812604178,0.389614974,0.090664859,0.311186078,763.0,999.0
0.7728847498822579,0.532338344,0.097531579,0.265144585,763.0,999.0
0.7743375977007037,0.613712472,0.100799952,0.222964091,763.0,999.0
0.7753635601889486,0.675645239,0.100374031,0.209373005,763.0,999.0
0.7760668744407223,0.721909728,0.103368118,0.211823281,763.0,999.0
0.7776443636623237,0.753091681,0.104706206,0.222287895,763.0,999.0
0.7782752884421343,0.73408467,0.103822939,0.241485078,763.0,999.0
0.778172559122827,0.68686965,0.104899145,0.268939264,763.0,999.0
0.776648120012338,0.583030262,0.101618195,0.288488648,763.0,999.0
0.7691182747067528,0.445259243,0.094440328,0.293655787,763.0,999.0
0.7513131919210598,0.27484325,0.087977765,0.28684164,763.0,999.0
0.7348740186178826,0.1012429,0.102913053,0.290482921,763.0,999.0
0.7041747221237926,0.0,0.122212913,0.301133391,763.0,999.0
0.682245031037745,0.0,0.124003693,0.302357963,763.0,999.0
0.6257479478497382,0.0,0.091222499,0.323638139,763.0,999.0
0.5940408750992225,0.0,0.0924994,0.311814871,763.0,999.0
0.5699590581982868,0.0,0.086177853,0.280320972,763.0,999.0
0.5671417645815195,0.0,0.077531393,0.266222481,763.0,999.0
0.5881091889796769,0.0,0.07203714,0.265585219,763.0,999.0
0.6169753706287383,0.0,0.070983975,0.258612898,763.0,999.0
0.6733363241504783,0.0,0.073510118,0.255729639,763.0,999.0
0.7317252499618084,0.125397874,0.068880271,0.256837069,763.0,999.0
0.7617733065595211,0.283087556,0.045526137,0.24881167,763.0,999.0
0.7724262825853025,0.462784193,0.031952503,0.251745437,763.0,999.0
0.7784704563912386,0.631438688,0.041685282,0.27112915,763.0,999.0
0.7870571361523593,0.760505493,0.039133709,0.242880859,763.0,999.0
0.7896098442116372,0.82540961,0.048472344,0.283972406,763.0,999.0
0.7949657848509531,0.852065033,0.057563666,0.318838828,763.0,999.0
0.797180142579521,0.825281944,0.069283867,0.351271786,763.0,999.0
0.7931211816415732,0.756882755,0.080774684,0.337716339,763.0,999.0
0.7906480489008245,0.648307096,0.088392088,0.331493877,763.0,999.0
0.7878152749570829,0.521111389,0.104618192,0.386767091,763.0,999.0
0.7776718646254566,0.363555146,0.135577218,0.437013843,763.0,999.0
0.7558299991468779,0.201705736,0.176785599,0.477903447,763.0,999.0
0.7423769840706602,0.064027744,0.225364994,0.502029693,763.0,999.0
0.708593235679316,0.0,0.245211379,0.49364582,763.0,999.0
0.6883509044349334,0.0,0.245114724,0.466102656,763.0,999.0
0.635057148294737,0.0,0.24082954,0.409964368,763.0,999.0
0.6002870919938054,0.0,0.244072143,0.422282183,763.0,999.0
0.571048095325941,0.0,0.23741225900000001,0.4372507885,763.0,999.0
0.5690356919993625,0.0,0.219627845,0.456585923,763.0,999.0
0.5878906452119098,0.0,0.211202728,0.399038577,763.0,999.0
0.616327501736519,0.0,0.201720654,0.370113634,763.0,999.0
0.6730532419072475,0.0,0.191465965,0.350844163,763.0,999.0
0.7320872865144836,0.072183386,0.178011714,0.312974831,763.0,999.0
0.7615053941893422,0.165947509,0.151010823,0.281688511,763.0,999.0
0.7698537916306449,0.294581526,0.143350004,0.256328728,763.0,999.0
0.771899151769654,0.408705941,0.131903912,0.227942506,763.0,999.0
0.7737844741013059,0.512473462,0.100214113,0.199945907,763.0,999.0
0.7752831863867785,0.567130634,0.124572592,0.231782955,763.0,999.0
0.7755120651873848,0.563066508,0.140386866,0.26336615,763.0,999.0
0.7754221104926876,0.591560934,0.15952423,0.30585328,763.0,999.0
0.7743772522793613,0.550183792,0.172241133,0.389021443,763.0,999.0
0.7724983173106347,0.493674052,0.175219944,0.45411948,763.0,999.0
0.7712480892465922,0.415188348,0.188141758,0.485302006,763.0,999.0
0.762053461231883,0.307918557,0.201079934,0.508496538,763.0,999.0
0.7439685786216995,0.194184019,0.211926039,0.548310315,763.0,999.0
0.7316601348205884,0.067815935,0.228765708,0.535128121,763.0,999.0
0.7033065796690188,0.0,0.239417559,0.503178284,763.0,999.0
0.6818147300563364,0.0,0.236247545,0.486207476,763.0,999.0
0.6075935587926511,0.0,0.211224599,0.529266968,763.0,999.0
0.5752839493957563,0.0,0.219372248,0.499917235,763.0,999.0
0.5456678349888227,0.0,0.206842344,0.443750094,763.0,999.0
0.535571331496173,0.0,0.1898809415,0.3675876255,763.0,999.0
0.5442153862603368,0.0,0.173144094,0.314064382,763.0,999.0
0.548292045349765,0.0,0.162521945,0.305024633,763.0,999.0
0.5500039343416052,0.0,0.150073606,0.29966211,763.0,999.0
0.5775818301127672,0.084600647,0.133553927,0.291566415,763.0,999.0
0.6088201893213865,0.229448012,0.103659039,0.287598073,763.0,999.0
0.6423327430250517,0.387595634,0.100281477,0.294008646,763.0,999.0
0.6513809950273125,0.533224827,0.100689533,0.277162612,763.0,999.0
0.6516297010666274,0.637482567,0.100438003,0.215252281,763.0,999.0
0.6538857094310946,0.670108781,0.106536886,0.23156389,763.0,999.0
0.6547705742816331,0.631087357,0.100220906,0.262338471,763.0,999.0
0.6581157084604121,0.603673986,0.097824244,0.291506922,763.0,999.0
0.659050296761234,0.570832618,0.09365182,0.331953597,763.0,999.0
0.6574711219869332,0.502549316,0.09903303,0.366241754,763.0,999.0
0.6560559769319921,0.446813969,0.10850669,0.405873943,763.0,999.0
0.6514543604574724,0.342493453,0.110542051,0.42995521,763.0,999.0
0.6358570706641063,0.218097595,0.120590213,0.42671279,763.0,999.0
0.6283006114644468,0.068680771,0.15239063,0.425572136,763.0,999.0
0.624127699054674,0.0,0.181221478,0.3817435675,763.0,999.0
0.6091331677761922,0.0,0.153952742,0.352551951,763.0,999.0
0.5609667395852991,0.0,0.149246178,0.319263969,763.0,999.0
0.5354845926546028,0.0,0.1357872995,0.3002375,763.0,999.0
0.5450422330283231,0.0,0.115157077,0.3083341505,763.0,999.0
0.5489274944652457,0.0,0.10477177,0.32638926,763.0,999.0
0.5774729352484195,0.10929186,0.092684287,0.35226993,763.0,999.0
0.6095630695664007,0.28328646,0.064712865,0.35548283,763.0,999.0
0.643554228209032,0.466042837,0.058639007,0.375917884,763.0,999.0
0.6511647578213297,0.623726488,0.067009053,0.393296353,763.0,999.0
0.6537862181871991,0.736772636,0.0681812,0.378476631,763.0,999.0
0.6597914470089795,0.821117248,0.071872866,0.394738834,763.0,999.0
0.6655219327149873,0.8590779525,0.08491465449999999,0.4450044515,763.0,999.0
0.669260241625566,0.798627661,0.100478675,0.50313585,763.0,999.0
0.6666730243323854,0.70619326,0.112859542,0.554215554,763.0,999.0
0.6650313958265204,0.575699697,0.136398571,0.614136725,763.0,999.0
0.6601301078442322,0.412327275,0.154724522,0.641358223,763.0,999.0
0.6440470272653339,0.235381405,0.168029159,0.654618818,763.0,999.0
0.6327311899488373,0.062876629,0.199590125,0.664747769,763.0,999.0
0.6280582926868166,0.0,0.216741874,0.654485559,763.0,999.0
0.6271257891298941,0.0,0.211931186,0.619633928,763.0,999.0
0.6364564136796431,0.0,0.194684373,0.569445964,763.0,999.0
0.6023249114383767,0.0,0.194070792,0.529625178,763.0,999.0
0.5781972745149835,0.0,0.186351382,0.465978062,763.0,999.0
0.5722887424468361,0.0,0.17454767999999998,0.416832992,763.0,999.0
0.590049646267581,0.0,0.152175832,0.32317295,763.0,999.0
0.6162794193943654,0.0,0.135810538,0.250848631,763.0,999.0
0.6721725022011789,0.0,0.123136728,0.213739143,763.0,999.0
0.7318570326657208,0.079735686,0.109913912,0.181652111,763.0,999.0
0.7626980477053618,0.210466921,0.074732908,0.161313505,763.0,999.0
0.7737550214242602,0.352959091,0.064416544,0.142825765,763.0,999.0
0.7767355907719355,0.491082949,0.073470137,0.124603179,763.0,999.0
0.780553075759223,0.601967318,0.08495667,0.099706891,763.0,999.0
0.7837852343737536,0.639936806,0.097781835,0.106602576,763.0,999.0
0.7865387878468373,0.643614898,0.100654129,0.119595516,763.0,999.0
0.7831021465518888,0.61416039,0.107501116,0.133905016,763.0,999.0
0.7804329587929778,0.548189668,0.114944136,0.160044026,763.0,999.0
0.7784415360366203,0.477259368,0.132292457,0.196948662,763.0,999.0
0.7766986862895912,0.39317467,0.14898677,0.233158265,763.0,999.0
0.7700868399190499,0.296650695,0.159387559,0.261219614,763.0,999.0
0.7536125363728851,0.185885321,0.160589385,0.278305545,763.0,999.0
0.7397665240900441,0.037826797,0.177104633,0.297994908,763.0,999.0
0.7091301249632881,0.0,0.188558462,0.297494048,763.0,999.0
0.6920368728795222,0.0,0.183243655,0.2738477,763.0,999.0
0.6382083564413414,0.0,0.158255194,0.280345209,763.0,999.0
0.6027430588042606,0.0,0.157719114,0.266386408,763.0,999.0
0.5715364809048951,0.0,0.141760319,0.2517067515,763.0,999.0
0.5789042925483623,0.0,0.1275614125,0.236776824,763.0,999.0
0.6161284304608297,0.0,0.11592418,0.212555009,763.0,999.0
0.6720744302475282,0.0,0.104491999,0.195525888,763.0,999.0
0.731762154444153,0.078154472,0.088107803,0.178616669,763.0,999.0
0.76257243054649,0.202839434,0.051261581,0.147372642,763.0,999.0
0.7734025658653527,0.347393644,0.039013015,0.112123945,763.0,999.0
0.7796443028688347,0.491175585,0.042032293,0.088706516,763.0,999.0
0.7862605847871478,0.631522283,0.039827869,0.071111114,763.0,999.0
0.7880186931951271,0.65663205,0.039877217,0.066429113,763.0,999.0
0.7913896871276686,0.663859893,0.03525787,0.071899223,763.0,999.0
0.7903346269114897,0.605369737,0.03363629,0.087867808,763.0,999.0
0.7872185045633036,0.568017732,0.032702968,0.113599281,763.0,999.0
0.7846287146483658,0.490568311,0.037624306,0.14964338,763.0,999.0
0.7825471598239956,0.40560114,0.045158276,0.178582441,763.0,999.0
0.7741496154969252,0.301985205,0.058524578,0.20859053,763.0,999.0
0.7550010676349921,0.187653777,0.078564901,0.222655599,763.0,999.0
0.7410748590245368,0.047393699,0.116250472,0.219822706,763.0,999.0
0.7099910816727364,0.0,0.14440168,0.209019468,763.0,999.0
0.6916152213782536,0.0,0.14999684,0.19090493,763.0,999.0
0.6370259936148323,0.0,0.128550912,0.210969337,763.0,999.0
0.6032524471251,0.0,0.128685651,0.211415577,763.0,999.0
0.5761474344848736,0.0,0.117286802,0.211393671,763.0,999.0
0.5670065220349311,0.0,0.103899388,0.218984565,763.0,999.0
0.5692293962136523,0.0,0.087973811,0.225270466,763.0,999.0
0.5875249714938633,0.0,0.079125089,0.207249555,763.0,999.0
0.6163063881363114,0.0,0.07397565,0.183918021,763.0,999.0
0.6725809797853968,0.0,0.069071932,0.161737058,763.0,999.0
0.7319708510569388,0.093509381,0.062641403,0.134232329,763.0,999.0
0.7621340124073686,0.246284886,0.035387318,0.110461575,763.0,999.0
0.7734025658653527,0.414512493,0.016952929,0.085872081,763.0,999.0
0.7814307992077645,0.569971239,0.013388049,0.073959514,763.0,999.0
0.78847352312423,0.701335928,0.014569539,0.056353394,763.0,999.0
0.7919719972428982,0.796970528,0.017268291,0.051240954,763.0,999.0
0.79525809313884,0.813697763,0.019347383,0.066685376,763.0,999.0
0.7956076212281188,0.777581753,0.020492398,0.102542139,763.0,999.0
0.7917483525749452,0.708836295,0.029391278,0.163976364,763.0,999.0
0.7893288910556344,0.590753354,0.037945952,0.224983417,763.0,999.0
0.7863265870986665,0.488237265,0.045710622,0.268687026,763.0,999.0
0.7766286032781717,0.335188082,0.057859711,0.290055232,763.0,999.0
0.757438981344855,0.186607379,0.076630208,0.289772944,763.0,999.0
0.7434304030774689,0.046046406,0.101409674,0.27815607,763.0,999.0
0.7105900698404019,0.0,0.123979787,0.250854478,763.0,999.0
0.6894735193841031,0.0,0.127061151,0.207145752,763.0,999.0
0.635057148294737,0.0,0.171625076,0.204143197,763.0,999.0
0.5981759959069722,0.0,0.149360367,0.186210664,763.0,999.0
0.5721650769512571,0.0,0.130299153,0.178048366,763.0,999.0
0.567982406123781,0.0,0.1045439935,0.19534780899999998,763.0,999.0
0.5878906452119098,0.0,0.092668188,0.224450795,763.0,999.0
0.6163227999262929,0.0,0.091858367,0.257346792,763.0,999.0
0.6725370670322824,0.0,0.090958817,0.294746187,763.0,999.0
0.7316092137967044,0.082012688,0.087131905,0.320350816,763.0,999.0
0.7612970967677565,0.216346831,0.06747798,0.336951735,763.0,999.0
0.7710423644467639,0.3606766,0.059273365,0.35600346,763.0,999.0
0.7754325786567539,0.485526581,0.065912659,0.393582136,763.0,999.0
0.7827664576308342,0.602795846,0.075112829,0.432466474,763.0,999.0
0.7881822793799574,0.657046098,0.091781476,0.48818239,763.0,999.0
0.7889213448838037,0.694149263,0.117551058,0.513207756,763.0,999.0
0.7882016187408081,0.665368897,0.151658361,0.515961956,763.0,999.0
0.7847353473954987,0.594900222,0.193679906,0.541334314,763.0,999.0
0.7820915314112517,0.520790789,0.243472525,0.586859152,763.0,999.0
0.7762675425824531,0.408271981,0.274249027,0.605623539,763.0,999.0
0.7690756038705683,0.286234831,0.27875348,0.644670483,763.0,999.0
0.7497018143734003,0.157915857,0.263064061,0.701232516,763.0,999.0
0.7374073428717405,0.024024831,0.269154985,0.726568597,763.0,999.0
0.7073708189817082,0.0,0.267103512,0.718717556,763.0,999.0
0.6852084787984557,0.0,0.267122841,0.721883943,763.0,999.0
0.6305006864902613,0.0,0.297930086,0.688119281,763.0,999.0
0.5958608604717697,0.0,0.292772767,0.668821623,763.0,999.0
0.5691017386035899,0.0,0.2604070515,0.6633674745,763.0,999.0
0.5786914707911066,0.0,0.2265939925,0.6470309585,763.0,999.0
0.6167257330757958,0.0,0.218213017,0.628957405,763.0,999.0
0.6727341422507301,0.0,0.216776861,0.575839612,763.0,999.0
0.7317252499618084,0.036236849,0.211940229,0.51080481,763.0,999.0
0.7615624364149378,0.109792686,0.204781268,0.466519897,763.0,999.0
0.7703916567715735,0.210815155,0.209636878,0.4406544,763.0,999.0
0.7709553373229358,0.312235798,0.218087918,0.438382989,763.0,999.0
0.77116327989665,0.404551542,0.182711266,0.416837344,763.0,999.0
0.7728157313132124,0.476047493,0.224721566,0.434338887,763.0,999.0
0.7708224456308401,0.532981214,0.270196039,0.474772757,763.0,999.0
0.7677773821510298,0.542510602,0.311810826,0.558284714,763.0,999.0
0.7674915498114856,0.527287807,0.363882804,0.642315305,763.0,999.0
0.7645533851387812,0.472726662,0.39049606,0.685962823,763.0,999.0
0.7635146481271666,0.39547094,0.406171615,0.733885203,763.0,999.0
0.7557381814249255,0.287729022,0.409495904,0.747979096,763.0,999.0
0.7407121571194478,0.158157161,0.374140434,0.746165109,763.0,999.0
0.7307655559462959,0.019215112,0.341589071,0.730649848,763.0,999.0
0.7035670401326584,0.0,0.32150364,0.71850317,763.0,999.0
0.6820560729770102,0.0,0.310604572,0.706368925,763.0,999.0
0.6072177718596501,0.0,0.338355578,0.708974128,763.0,999.0
0.5752604405471069,0.0,0.324381802,0.677410704,763.0,999.0
0.5457750886438002,0.0,0.307991717,0.670841991,763.0,999.0
0.5361889272079021,0.0,0.2847495985,0.656719439,763.0,999.0
0.5483377767868054,0.0,0.2563958995,0.5391201145,763.0,999.0
0.5528592413782802,0.0,0.229858582,0.455551185,763.0,999.0
0.5822266054025701,0.038218604,0.206416242,0.388793617,763.0,999.0
0.6136787178820726,0.123287969,0.205668119,0.332921525,763.0,999.0
0.6471131156586942,0.223791078,0.227222562,0.304910607,763.0,999.0
0.6518588460284475,0.310667422,0.225084816,0.262845969,763.0,999.0
0.6501611510527026,0.393302759,0.165731779,0.162684385,763.0,999.0
0.6503575165754075,0.444634983,0.186867709,0.182864895,763.0,999.0
0.6484512580168635,0.468113876,0.210899505,0.216807658,763.0,999.0
0.6477731381664386,0.468536976,0.226014134,0.249690955,763.0,999.0
0.648327947419776,0.403948519,0.243554407,0.272713285,763.0,999.0
0.6466751410541018,0.338369057,0.260126798,0.282899018,763.0,999.0
0.6469670945953576,0.273777889,0.255329615,0.263486164,763.0,999.0
0.6431228183406802,0.204068707,0.238921485,0.248100575,763.0,999.0
0.6326099196510797,0.130050917,0.203487389,0.235892337,763.0,999.0
0.632323288929135,0.026921851,0.185737636,0.219959322,763.0,999.0
0.6325989192658266,0.0,0.176270457,0.165532867,763.0,999.0
0.6313355617293027,0.0,0.167924041,0.126783946,763.0,999.0
0.6091167115416414,0.0,0.146306368,0.166591434,763.0,999.0
0.5780094696845204,0.0,0.144829094,0.147724873,763.0,999.0
0.5491731399037049,0.0,0.135600327,0.137752285,763.0,999.0
0.539738721592275,0.0,0.130040832,0.136097827,763.0,999.0
0.5461695940298074,0.0,0.125838639,0.142634077,763.0,999.0
0.554265204630654,0.0,0.129678892,0.201360254,763.0,999.0
0.5596805384006788,0.0,0.135943436,0.260517469,763.0,999.0
0.5847474655363606,0.053469862,0.142669819,0.34369625,763.0,999.0
0.619074623604589,0.207515349,0.135149004,0.44578602,763.0,999.0
0.6479696368203705,0.354256709,0.141389621,0.527709571,763.0,999.0
0.6496334435712977,0.501830136,0.161347871,0.587564965,763.0,999.0
0.6492254537636973,0.571238654,0.163125315,0.569028328,763.0,999.0
0.6506979515487767,0.623582126,0.18840966,0.58061872,763.0,999.0
0.6502596220963129,0.641408447,0.218158715,0.631835505,763.0,999.0
0.6500994957035386,0.670443575,0.238755984,0.662042056,763.0,999.0
0.6505661245015356,0.649285151,0.253874097,0.691748442,763.0,999.0
0.6483592630228362,0.581476931,0.264003725,0.70411654,763.0,999.0
0.6488075726602678,0.452880012,0.277396342,0.70808241,763.0,999.0
0.6443618243028254,0.31391604,0.286890352,0.713704885,763.0,999.0
0.632314151571137,0.173253652,0.280518081,0.718016543,763.0,999.0
0.6265500437509051,0.014220086,0.29201058,0.723505457,763.0,999.0
0.6233856173439212,0.0,0.299860072,0.7193265845,763.0,999.0
0.6237684569922614,0.0,0.309585592,0.699728116,763.0,999.0
0.5934268057451629,0.0,0.304311984,0.688384451,763.0,999.0
0.5698137467294526,0.0,0.293069429,0.659065982,763.0,999.0
0.5670989606647281,0.0,0.2652630835,0.6155660620000001,763.0,999.0
0.5895423870339699,0.0,0.234453995,0.597714958,763.0,999.0
0.6177275656050659,0.0,0.21373122,0.586216358,763.0,999.0
0.6733363241504783,0.0,0.201395338,0.567860394,763.0,999.0
0.7318647950768025,0.042009873,0.186424292,0.536472531,763.0,999.0
0.7615624364149378,0.128610553,0.16768809,0.498412657,763.0,999.0
0.7698169759361986,0.225866268,0.152743784,0.461904946,763.0,999.0
0.77116327989665,0.308489938,0.157756214,0.430254586,763.0,999.0
0.7731740419126177,0.38613707,0.091878917,0.324616938,763.0,999.0
0.7736890192139819,0.446722759,0.108926204,0.33478506,763.0,999.0
0.7745491775410297,0.482692925,0.12270161,0.356421091,763.0,999.0
0.7747632413164556,0.513858455,0.134513987,0.385280272,763.0,999.0
0.7742969673663299,0.493957135,0.141477084,0.409166643,763.0,999.0
0.7724983173106347,0.433349587,0.140061329,0.417134049,763.0,999.0
0.7709592406495209,0.35206522,0.127690183,0.40074318,763.0,999.0
0.7616544315102055,0.268086472,0.107025941,0.353738303,763.0,999.0
0.7434286731814408,0.157258785,0.096870866,0.2980423,763.0,999.0
0.7310953454835237,0.022600116,0.10081998,0.264596523,763.0,999.0
0.7033217495420706,0.0,0.105221549,0.238051464,763.0,999.0
0.681845114145769,0.0,0.101817993,0.211723534,763.0,999.0
0.6234635514530801,0.0,0.102605715,0.218644521,763.0,999.0
0.5933254514740123,0.0,0.10317384,0.219669094,763.0,999.0
0.5696163610064625,0.0,0.10134236,0.195842934,763.0,999.0
0.5679679681181362,0.0,0.099969525,0.1551229905,763.0,999.0
0.5935940735399341,0.0,0.098058189,0.157869576,763.0,999.0
0.6215931328332663,0.0,0.100998594,0.172247749,763.0,999.0
0.676882170814317,0.0,0.108474864,0.196204399,763.0,999.0
0.7347252030136634,0.061334527,0.121885755,0.2241181,763.0,999.0
0.7614259963453689,0.247876802,0.099899648,0.206311379,763.0,999.0
0.7698169759361986,0.42808742,0.059393312,0.14094984,763.0,999.0
0.7731740419126177,0.606138261,0.060777963,0.11129011,763.0,999.0
0.7767355907719355,0.740047303,0.053446168,0.096098597,763.0,999.0
0.7825947098437218,0.817357344,0.053297332,0.071253772,763.0,999.0
0.786603991674715,0.855055199,0.052105292,0.052096595,763.0,999.0
0.7831658422003829,0.861201513,0.054071536,0.050635506,763.0,999.0
0.7817903518253401,0.811267484,0.06283551,0.072300547,763.0,999.0
0.7817829886054584,0.706657016,0.080486258,0.084334324,763.0,999.0
0.7802615658537366,0.552473577,0.097852614,0.137662647,763.0,999.0
0.771773889357413,0.357129338,0.121930384,0.24661386,763.0,999.0
0.7526437049993743,0.164871809,0.182755664,0.348684647,763.0,999.0
0.7343946151952756,0.016306601,0.24996915,0.371483665,763.0,999.0
0.7054248615011774,0.0,0.293617833,0.424291178,763.0,999.0
0.6840406648359134,0.0,0.289682041,0.400135377,763.0,999.0
0.6116456667121004,0.0,0.2132925615,0.35612017500000004,763.0,999.0
0.5686018868825689,0.0,0.22184648499999998,0.35826927,763.0,999.0
0.5788675876616179,0.0,0.205782507,0.35254716750000004,763.0,999.0
0.6158787929078872,0.0,0.228815771,0.390664776,763.0,999.0
0.6723574238041016,0.0,0.247983882,0.420799923,763.0,999.0
0.7317161126038104,0.027063263,0.261305698,0.432986344,763.0,999.0
0.7617718871680358,0.110075904,0.251478019,0.431125122,763.0,999.0
0.7698514851701013,0.211482427,0.259591024,0.437887326,763.0,999.0
0.771899151769654,0.281167297,0.274960631,0.441733828,763.0,999.0
0.7731825583627713,0.380910342,0.20767356,0.415603434,763.0,999.0
0.7738487020722271,0.441695622,0.23791668,0.378475895,763.0,999.0
0.7729051537867228,0.488051592,0.262617494,0.407564431,763.0,999.0
0.7697065285491383,0.475645618,0.290274292,0.468953746,763.0,999.0
0.7666180846386409,0.409273024,0.328680787,0.493258596,763.0,999.0
0.7631794028418816,0.371450556,0.354161259,0.522252845,763.0,999.0
0.76153351616156,0.299927943,0.352743294,0.550308332,763.0,999.0
0.755174412288146,0.206964921,0.332441134,0.521554378,763.0,999.0
0.7407145523678897,0.107342706,0.305864468,0.479975329,763.0,999.0
0.7309784664914497,0.011407617,0.285456233,0.448393772,763.0,999.0
0.70338234024638,0.0,0.269942114,0.41169651,763.0,999.0
0.681845114145769,0.0,0.246252334,0.363476546,763.0,999.0
0.6238673716716412,0.0,0.221741549,0.377323475,763.0,999.0
0.5935215509367441,0.0,0.211481573,0.300323472,763.0,999.0
0.5696541526591056,0.0,0.189076101,0.214551535,763.0,999.0
0.5671040173228256,0.0,0.158399952,0.15507155849999998,763.0,999.0
0.589827021698673,0.0,0.127281447,0.126002428,763.0,999.0
0.6186990583882322,0.0,0.111729444,0.114022713,763.0,999.0
0.6749508952277397,0.0,0.101481783,0.107866793,763.0,999.0
0.7342112903571538,0.030862586,0.09474191,0.100879436,763.0,999.0
0.7628167453813619,0.12896506,0.077940631,0.087426604,763.0,999.0
0.7698424364987609,0.25349912,0.072075123,0.077080928,763.0,999.0
0.7712483553065653,0.364478439,0.072364206,0.065251356,763.0,999.0
0.771006879355905,0.44512523,0.058366811,0.047715113,763.0,999.0
0.7703166502332839,0.502703689,0.0814152255,0.042969736499999994,763.0,999.0
0.7682905852130371,0.497090252,0.096260522,0.050704462,763.0,999.0
0.7667021842928403,0.418842791,0.100764697,0.069226869,763.0,999.0
0.7643019733464819,0.34086213,0.108789314,0.098848262,763.0,999.0
0.7620972852983395,0.234100199,0.111555534,0.149169789,763.0,999.0
0.755174412288146,0.146659381,0.112459573,0.193649371,763.0,999.0
0.7403341966546492,0.071594787,0.110749415,0.206367507,763.0,999.0
0.7307655559462959,0.004254707,0.125381125,0.204245429,763.0,999.0
0.7034634236430525,0.0,0.133045249,0.200284306,763.0,999.0
0.6815131512792245,0.0,0.129173574,0.201512973,763.0,999.0
0.623543836467352,0.0,0.131624893,0.17858925,763.0,999.0
0.5815195873691913,0.0,0.12304406200000001,0.1689127885,763.0,999.0
0.5671389701418774,0.0,0.10193860199999999,0.136340544,763.0,999.0
0.589827021698673,0.0,0.096872994,0.106714988,763.0,999.0
0.6186990583882322,0.0,0.100444647,0.103386899,763.0,999.0
0.6748318871484374,0.0,0.105546683,0.108226524,763.0,999.0
0.7346061949343613,0.023414658,0.103635932,0.105732896,763.0,999.0
0.763072947670545,0.143608972,0.079442932,0.099241169,763.0,999.0
0.7698424364987609,0.267687028,0.088219154,0.088586852,763.0,999.0
0.7705908168351611,0.388676987,0.105752397,0.080265954,763.0,999.0
0.77116327989665,0.5093045,0.103653775,0.069332774,763.0,999.0
0.7729260899123743,0.559032982,0.123444182,0.071673339,763.0,999.0
0.7708184536175974,0.597216329,0.142796033,0.0841352,763.0,999.0
0.7689054528482567,0.538248269,0.162323601,0.107444859,763.0,999.0
0.768094796254848,0.490133837,0.177645988,0.126202863,763.0,999.0
0.7649167523962841,0.445895435,0.187631609,0.153206667,763.0,999.0
0.7635231645773202,0.350547188,0.187176455,0.183387371,763.0,999.0
0.7557381814249255,0.256051471,0.176076492,0.204609886,763.0,999.0
0.7408925543867003,0.141266869,0.165939093,0.211983252,763.0,999.0
0.7307170301708537,0.009334644,0.175234247,0.220990539,763.0,999.0
0.7040585084841327,0.0,0.188806422,0.235636339,763.0,999.0
0.682601744771109,0.0,0.185150886,0.236111568,763.0,999.0
0.6132358640939387,0.0,0.16304502,0.246885051,763.0,999.0
0.5826356596525443,0.0,0.161407417,0.239193243,763.0,999.0
0.5535602048261813,0.0,0.162480389,0.226612485,1666.0,2182.0
0.5448950586334743,0.0,0.1611427935,0.1987699035,1666.0,2182.0
0.5580833549703552,0.0,0.169323948,0.19319126450000002,1666.0,2182.0
0.5615685664853152,0.0,0.18101366,0.180140231,1666.0,2182.0
0.5919232141749082,0.047681103,0.182073046,0.184774993,1666.0,2182.0
0.6218162452800324,0.25594298,0.147547621,0.173259795,1666.0,2182.0
0.650867703379888,0.440136268,0.145074406,0.14422311,1666.0,2182.0
0.6542233499648216,0.605542628,0.17509181,0.133157553,1666.0,2182.0
0.6544548901750835,0.739331426,0.188716,0.092220462,1666.0,2182.0
0.654779401236329,0.8212992275,0.2146872215,0.073678662,1666.0,2182.0
0.6546343115853795,0.789148196,0.230276338,0.069557371,1666.0,2182.0
0.6555955580223644,0.749791336,0.241838081,0.083411592,1666.0,2182.0
0.6539380056043759,0.655663896,0.245937417,0.11110375,1666.0,2182.0
0.654343378244409,0.532564299,0.249461757,0.157744942,1666.0,2182.0
0.6492955368763571,0.390911199,0.231126888,0.195835573,1666.0,2182.0
0.639114157518772,0.212584144,0.223831038,0.239267779,1666.0,2182.0
0.6337407847879487,0.009892938,0.260488028,0.297688576,1666.0,2182.0
0.6309050389806294,0.0,0.307113592,0.3755251795,1666.0,2182.0
0.6131508329261118,0.0,0.271173514,0.371137918,1666.0,2182.0
0.567404997313137,0.0,0.2653297415,0.371986174,1666.0,2182.0
0.544766159055862,0.0,0.23298829799999998,0.3449416865,1666.0,2182.0
0.5581274673190697,0.0,0.21783613699999999,0.310604888,1666.0,2182.0
0.56236498482054,0.0,0.209653785,0.294101616,1666.0,2182.0
0.5920649327204595,0.047714468,0.18741377,0.286661491,1666.0,2182.0
0.621424800494881,0.264988099,0.128242779,0.260314783,1666.0,2182.0
0.650867703379888,0.465365524,0.090066584,0.195563582,1666.0,2182.0
0.6542233499648216,0.644949853,0.094148848,0.157887992,1666.0,2182.0
0.6547692879201342,0.782476814,0.091480121,0.118069609,1666.0,2182.0
0.6559542679142105,0.872347069,0.114025692,0.106664292,1666.0,2182.0
0.6552403523671436,0.892498789,0.133716827,0.095693733,1666.0,2182.0
0.6575750045365124,0.840084691,0.14958843,0.108551715,1666.0,2182.0
0.6585611349715438,0.750251873,0.165626477,0.145226223,1666.0,2182.0
0.6568426369001339,0.627608417,0.179449807,0.185405165,1666.0,2182.0
0.6569214137350222,0.49168296,0.18716947,0.237529142,1666.0,2182.0
0.6509865783279631,0.345336568,0.177695722,0.287599785,1666.0,2182.0
0.6388254863962568,0.182884765,0.177821969,0.344798289,1666.0,2182.0
0.6333093305762681,0.007755398,0.204582335,0.397985521,1666.0,2182.0
0.6302066039123974,0.0,0.2154709435,0.433271108,1666.0,2182.0
0.6314319036856847,0.0,0.186533523,0.453419984,1666.0,2182.0
0.589213063304176,0.0,0.1636037355,0.43046417000000003,1666.0,2182.0
0.5765481497086299,0.0,0.138630378,0.3770472505,1666.0,2182.0
0.6050157894632516,0.0,0.123791568,0.345303436,1666.0,2182.0
0.6361855294965064,0.0,0.116204398,0.340238812,1666.0,2182.0
0.6935698283389243,0.0,0.112719481,0.33010488,1666.0,2182.0
0.7479742232873213,0.027390271,0.106478516,0.308430321,1666.0,2182.0
0.774113065862452,0.214179202,0.076713854,0.275132105,1666.0,2182.0
0.7788785347842562,0.393341784,0.043680023,0.215532262,1666.0,2182.0
0.7781624459078725,0.54620662,0.046304047,0.189752876,1666.0,2182.0
0.7795346539654153,0.667650069,0.048248017,0.193784712,1666.0,2182.0
0.7813129000154053,0.678749439,0.065673488,0.207700423,1666.0,2182.0
0.7813196422262019,0.67023412,0.081033416,0.227129459,1666.0,2182.0
0.7800905277623669,0.599655798,0.093160742,0.268897741,1666.0,2182.0
0.7777621741680252,0.544980115,0.108641619,0.321993253,1666.0,2182.0
0.7758865215167986,0.451213948,0.12806267,0.372554561,1666.0,2182.0
0.7745631941838097,0.37329538,0.151400234,0.401937208,1666.0,2182.0
0.7673260119127423,0.257014451,0.158526213,0.40652308,1666.0,2182.0
0.7523136937455022,0.13984668,0.172026933,0.43249902,1666.0,2182.0
0.7417967585980896,0.00535339,0.19430398,0.460519035,1666.0,2182.0
0.7154564050542582,0.0,0.201161872,0.450203134,1666.0,2182.0
0.6918041794389884,0.0,0.198827163,0.42365288,1666.0,2182.0
0.6321011079959965,0.0,0.169741819,0.351185847,1666.0,2182.0
0.602211625369586,0.0,0.162857936,0.348791052,1666.0,2182.0
0.5776812326700052,0.0,0.157508042,0.355568019,1666.0,2182.0
0.5752366877089082,0.0,0.1461254515,0.3809678705,1666.0,2182.0
0.5980408420976618,0.0,0.1464922,0.421515537,1666.0,2182.0
0.6281077944204556,0.0,0.143233522,0.413505923,1666.0,2182.0
0.6851709976503552,0.0,0.139766013,0.400748682,1666.0,2182.0
0.7441522139643638,0.03105895,0.132759074,0.382548473,1666.0,2182.0
0.7724037495936096,0.186482644,0.107007813,0.364041574,1666.0,2182.0
0.778672455237797,0.348616162,0.072354142,0.32572724,1666.0,2182.0
0.7781832933468665,0.506230062,0.072463539,0.321297857,1666.0,2182.0
0.7789537631404306,0.628973514,0.064689271,0.266855595,1666.0,2182.0
0.779508749868324,0.688575715,0.074510525,0.278040544,1666.0,2182.0
0.7788228232634883,0.670415424,0.073741955,0.290297201,1666.0,2182.0
0.7790701542546467,0.592368623,0.079888092,0.327378869,1666.0,2182.0
0.7777156886919131,0.503549381,0.090223751,0.370229166,1666.0,2182.0
0.7768681275149193,0.423561164,0.102788094,0.417405169,1666.0,2182.0
0.7761037789230667,0.330271031,0.115055492,0.465117609,1666.0,2182.0
0.767960396484609,0.23337794,0.128724958,0.505818599,1666.0,2182.0
0.7523136937455022,0.126435326,0.157618933,0.547149988,1666.0,2182.0
0.7417967585980896,0.003570847,0.183199981,0.580576795,1666.0,2182.0
0.7154835955128485,0.0,0.201066977,0.609435173,1666.0,2182.0
0.6915728167032826,0.0,0.196040038,0.588325578,1666.0,2182.0
0.6328486455054269,0.0,0.186035958,0.568336889,1666.0,2182.0
0.5904954497476282,0.0,0.16911044749999998,0.5353371835,1666.0,2182.0
0.5753413686915081,0.0,0.141577216,0.5553549695,1666.0,2182.0
0.6131585953371937,0.0,0.1155571835,0.547099345,1666.0,2182.0
0.6850291460748174,0.0,0.10786583,0.505953913,1666.0,2182.0
0.7439971884717752,0.029162402,0.10858615,0.493370814,1666.0,2182.0
0.7724254842029021,0.158466253,0.106173076,0.496952428,1666.0,2182.0
0.7786182516939318,0.293407935,0.080731535,0.497021546,1666.0,2182.0
0.7789993615474846,0.417684576,0.073228588,0.485378666,1666.0,2182.0
0.7822184792749511,0.537972779,0.076070393,0.455690353,1666.0,2182.0
0.7864427563949976,0.6187581295,0.0771920305,0.38467880899999995,1666.0,2182.0
0.7861677026228218,0.599790629,0.078788897,0.352998227,1666.0,2182.0
0.7827547475498384,0.523307793,0.07968486,0.364481083,1666.0,2182.0
0.7810058653889959,0.440622748,0.089758466,0.387711487,1666.0,2182.0
0.7783843163364685,0.322541787,0.105163724,0.417888885,1666.0,2182.0
0.7711097861497681,0.207434136,0.126548488,0.447894829,1666.0,2182.0
0.7546573058995535,0.094852305,0.142662892,0.467833027,1666.0,2182.0
0.7427551219087744,0.00216281,0.161735154,0.488222342,1666.0,2182.0
0.7041725042992866,0.0,0.177340561,0.48877694,1666.0,2182.0
0.6363248527936157,0.0,0.161114343,0.460820708,1666.0,2182.0
0.592422577967451,0.0,0.1480323445,0.4649689225,1666.0,2182.0
0.5760585443337904,0.0,0.1306912435,0.45781469500000005,1666.0,2182.0
0.6119623932412199,0.0,0.134692056,0.441006162,1666.0,2182.0
0.6836824429231656,0.0,0.138676916,0.44295027,1666.0,2182.0
0.7433010155207581,0.013673791,0.1442285,0.460803612,1666.0,2182.0
0.7723796197358751,0.081310999,0.136213722,0.428228224,1666.0,2182.0
0.778672455237797,0.153021709,0.119591134,0.365164657,1666.0,2182.0
0.7781111699348766,0.241000171,0.106773661,0.32363017,1666.0,2182.0
0.7780372722835299,0.322224977,0.08585463,0.246899787,1666.0,2182.0
0.7774008917050419,0.376307755,0.08841615750000001,0.2142390495,1666.0,2182.0
0.7750355005477488,0.435930053,0.103754405,0.273949578,1666.0,2182.0
0.7738928809865551,0.404818911,0.129675407,0.354923588,1666.0,2182.0
0.7722058315481921,0.355370901,0.159366225,0.444467258,1666.0,2182.0
0.771729887917641,0.308251266,0.186301326,0.484561023,1666.0,2182.0
0.7651376470691642,0.206698581,0.190541461,0.527401213,1666.0,2182.0
0.7514761570968052,0.105636224,0.176123632,0.573928297,1666.0,2182.0
0.7420233752814809,0.002279987,0.171182843,0.611179158,1666.0,2182.0
0.7157963521497693,0.0,0.165559806,0.581246055,1666.0,2182.0
0.6918290189924658,0.0,0.163346283,0.527883974,1666.0,2182.0
0.6313235854870932,0.0,0.186158041,0.533366718,1666.0,2182.0
0.6014825843940365,0.0,0.195451117,0.538059583,1666.0,2182.0
0.5752442504231494,0.0,0.1789717105,0.49304740550000004,1666.0,2182.0
0.5885473410082049,0.0,0.154191868,0.451378426,1666.0,2182.0
0.6298593823342826,0.0,0.150353214,0.443337912,1666.0,2182.0
0.6860127481301797,0.0,0.149185313,0.390746104,1666.0,2182.0
0.7454272815818835,0.012939781,0.143880021,0.337800596,1666.0,2182.0
0.774113065862452,0.14663808,0.130280702,0.283849741,1666.0,2182.0
0.7801014393597219,0.277946805,0.13722029,0.221745718,1666.0,2182.0
0.7786952543907038,0.419730167,0.152326561,0.180575742,1666.0,2182.0
0.7783045636446241,0.514503767,0.118225361,0.120215367,1666.0,2182.0
0.7781142748790613,0.558604658,0.133696857,0.135243962,1666.0,2182.0
0.7761802492974113,0.573467038,0.14052831,0.181353594,1666.0,2182.0
0.7750810988535622,0.583124237,0.153372444,0.236866007,1666.0,2182.0
0.7738974940088831,0.535239794,0.169970321,0.284019997,1666.0,2182.0
0.7721903068272687,0.479777818,0.171934993,0.324543745,1666.0,2182.0
0.7717252747940727,0.39754576,0.167986085,0.356928541,1666.0,2182.0
0.7651376470691642,0.301758329,0.147381863,0.387239892,1666.0,2182.0
0.7518740335882106,0.159031465,0.138939945,0.402792767,1666.0,2182.0
0.7426878776803261,0.002026543,0.141817183,0.374516459,1666.0,2182.0
0.7180536468757355,0.0,0.143710586,0.343402469,1666.0,2182.0
0.6941281860709756,0.0,0.129476444,0.314590494,1666.0,2182.0
0.6136759677857594,0.0,0.112474632,0.355919343,1666.0,2182.0
0.5834538569403905,0.0,0.105273641,0.30471068,1666.0,2182.0
0.5538207983198076,0.0,0.100251014,0.261038971,1666.0,2182.0
0.5454881251950282,0.0,0.095561276,0.194642057,1666.0,2182.0
0.5580726429179803,0.0,0.08834923950000001,0.1487040455,1666.0,2182.0
0.5611605324356264,0.0,0.087643332,0.133934434,1666.0,2182.0
0.5918266504006414,0.022284556,0.091171238,0.142306777,1666.0,2182.0
0.6218169106324464,0.23120548,0.076300608,0.147973438,1666.0,2182.0
0.6514872284820047,0.425881587,0.037260473,0.130790612,1666.0,2182.0
0.654280658351631,0.618198984,0.033678508,0.119056353,1666.0,2182.0
0.6544548901750835,0.76718185,0.038736652,0.129476784,1666.0,2182.0
0.65583188872951,0.840095493,0.038276685,0.131728177,1666.0,2182.0
0.6538320383108972,0.849410261,0.03691135,0.133920582,1666.0,2182.0
0.6556311319011215,0.836644497,0.034348498,0.131469966,1666.0,2182.0
0.6559534250872407,0.785272025,0.03522981,0.137445206,1666.0,2182.0
0.6543990455230886,0.684591995,0.033360975,0.135813259,1666.0,2182.0
0.6549427656032746,0.532151482,0.032596117,0.123076448,1666.0,2182.0
0.6505876373941839,0.344423049,0.032619205,0.118690172,1666.0,2182.0
0.639114157518772,0.15767738,0.044564959,0.13090945,1666.0,2182.0
0.6340821956688945,0.0008243225,0.06346653499999999,0.1341720575,1666.0,2182.0
0.628757836743232,0.0,0.07524366,0.133088204,1666.0,2182.0
0.6130264133408408,0.0,0.094180155,0.122345655,1666.0,2182.0
0.581734471698682,0.0,0.086849457,0.132774812,1666.0,2182.0
0.5476898857229215,0.0,0.0856186025,0.1548491775,1666.0,2182.0
0.5495818171847633,0.0,0.0938023415,0.1422307695,1666.0,2182.0
0.5600017005788107,0.0,0.09757381,0.134558505,1666.0,2182.0
0.5900343433645425,0.019703209,0.103949241,0.157079818,1666.0,2182.0
0.6189813421478223,0.212403904,0.092864132,0.172467169,1666.0,2182.0
0.6482553803720166,0.388467306,0.046178208,0.153448829,1666.0,2182.0
0.6551047993666329,0.548224674,0.034213461,0.142489233,1666.0,2182.0
0.6597754344101983,0.660622331,0.037074516,0.154292124,1666.0,2182.0
0.6680635073084052,0.751061239,0.03516604,0.151969072,1666.0,2182.0
0.6717777749972869,0.765550855,0.041932245,0.165511107,1666.0,2182.0
0.6734926359033252,0.753652152,0.047472941,0.201602246,1666.0,2182.0
0.6729662146821788,0.692399558,0.049479317,0.245077046,1666.0,2182.0
0.6696401538042773,0.576986018,0.049846744,0.254712072,1666.0,2182.0
0.6675915556910971,0.449252788,0.051011059,0.262215036,1666.0,2182.0
0.6624671996053718,0.296224468,0.05881782,0.289281131,1666.0,2182.0
0.6446339061608033,0.13597761,0.082998033,0.332397703,1666.0,2182.0
0.6343990773996651,0.001268135,0.108578013,0.347313594,1666.0,2182.0
0.6302757332385247,0.0,0.1199642955,0.3496791465,1666.0,2182.0
0.6176925683920649,0.0,0.126862854,0.358398087,1666.0,2182.0
0.5774710723224049,0.0,0.119351969,0.290154419,1666.0,2182.0
0.5752616824640364,0.0,0.10932399649999999,0.253984696,1666.0,2182.0
0.6003054111543707,0.0,0.100527101,0.241400002,1666.0,2182.0
0.6304219983420307,0.0,0.092408921,0.232924636,1666.0,2182.0
0.6872277129212482,0.0,0.08933704,0.230931766,1666.0,2182.0
0.7467480362931151,0.015376543,0.076375832,0.160982406,1666.0,2182.0
0.7732105028604331,0.159471848,0.057231015,0.135982835,1666.0,2182.0
0.7786956092385752,0.313670365,0.03815933,0.151093142,1666.0,2182.0
0.7789537631404306,0.48522903,0.035458025,0.176470928,1666.0,2182.0
0.7817157443770101,0.638732376,0.036977422,0.181015697,1666.0,2182.0
0.785342851912077,0.754201211,0.04236812,0.214255567,1666.0,2182.0
0.7882740970006692,0.805976263,0.053169181,0.261205318,1666.0,2182.0
0.7854094751314403,0.797864271,0.070668741,0.291889044,1666.0,2182.0
0.7835787998781826,0.71269747,0.083148394,0.305427669,1666.0,2182.0
0.7821200969179984,0.61813659,0.094044394,0.351485003,1666.0,2182.0
0.7798258090230302,0.498173951,0.095266201,0.366683202,1666.0,2182.0
0.7734805443178404,0.347914878,0.093819979,0.355112167,1666.0,2182.0
0.7550241329491124,0.161677778,0.115857139,0.347051706,1666.0,2182.0
0.7418266104663352,0.001049797,0.140332747,0.33775312,1666.0,2182.0
0.7154564050542582,0.0,0.145808996,0.33410246,1666.0,2182.0
0.6914771400993145,0.0,0.127896645,0.326483092,1666.0,2182.0
0.6316607381429622,0.0,0.113051348,0.367884638,1666.0,2182.0
0.6015423323726166,0.0,0.098411842,0.382112111,1666.0,2182.0
0.577601790482703,0.0,0.089527269,0.406954555,1666.0,2182.0
0.5730552201765372,0.0,0.08776642,0.431488842,1666.0,2182.0
0.5890069615354322,0.0,0.083137166,0.4410392195,1666.0,2182.0
0.6333252989329611,0.0,0.080309342,0.445498891,1666.0,2182.0
0.6893518055518164,0.0,0.080713756,0.43825741,1666.0,2182.0
0.7466992442552188,0.015747481,0.082063267,0.435767951,1666.0,2182.0
0.7724201613835909,0.241049394,0.077557387,0.429955939,1666.0,2182.0
0.7787098032546708,0.439768144,0.050942172,0.424197226,1666.0,2182.0
0.783137897702721,0.613491734,0.056284327,0.420303252,1666.0,2182.0
0.7909521560576054,0.755779734,0.039672864,0.337964703,1666.0,2182.0
0.792514564194053,0.856303082,0.047501435,0.330341757,1666.0,2182.0
0.7976284965602813,0.896494455,0.053857609,0.31927889,1666.0,2182.0
0.7989519125799279,0.878710296,0.058794613,0.311986426,1666.0,2182.0
0.7963831476797804,0.813203874,0.063247311,0.302494836,1666.0,2182.0
0.7945759811739316,0.699782225,0.063499914,0.290327305,1666.0,2182.0
0.7916701966479017,0.552054165,0.057390316,0.285695592,1666.0,2182.0
0.7812090174658262,0.368980829,0.051537752,0.273589972,1666.0,2182.0
0.7601202340326333,0.163113819,0.062314733,0.266536632,1666.0,2182.0
0.7449065380279197,0.0,0.07355409,0.26774036,1666.0,2182.0
0.7163044985536793,0.0,0.078037283,0.271951842,1666.0,2182.0
0.6935433920206462,0.0,0.080492417,0.266332905,1666.0,2182.0
0.6334506499306192,0.0,0.096012708,0.228458641,1666.0,2182.0
0.6023069915702521,0.0,0.089443132,0.201773724,1666.0,2182.0
0.5753719523765408,0.0,0.09087982,0.184893761,1666.0,2182.0
0.5883621310724042,0.0,0.1107428055,0.2687227845,1666.0,2182.0
0.6295341615772941,0.0,0.125404689,0.284086572,1666.0,2182.0
0.6860127481301797,0.0,0.125277017,0.2671378,1666.0,2182.0
0.7447706301795376,0.012995562,0.120780174,0.254146481,1666.0,2182.0
0.7722610995344309,0.214644918,0.101435249,0.195425035,1666.0,2182.0
0.7787098032546708,0.390536204,0.050287569,0.132416232,1666.0,2182.0
0.7818814597503092,0.544957107,0.04617768,0.097912109,1666.0,2182.0
0.7857349620496423,0.659642545,0.035319857,0.07379667,1666.0,2182.0
0.7894076678905226,0.734009294,0.04176483,0.082518328,1666.0,2182.0
0.7897073393982911,0.73976567,0.05774415,0.138714884,1666.0,2182.0
0.7858920722861301,0.711414942,0.079259962,0.263301998,1666.0,2182.0
0.7822243343154491,0.611315703,0.08541463,0.412772057,1666.0,2182.0
0.7813639098271876,0.503970638,0.095181025,0.487386651,1666.0,2182.0
0.7787962093694136,0.353723421,0.105692662,0.489753227,1666.0,2182.0
0.7704077138149241,0.219164443,0.123283442,0.479514086,1666.0,2182.0
0.7538163982466987,0.088753936,0.155561323,0.434790625,1666.0,2182.0
0.7428220557339206,0.0,0.175168793,0.405497529,1666.0,2182.0
0.7153797573065983,0.0,0.170238058,0.411234121,1666.0,2182.0
0.6920093719163894,0.0,0.155935043,0.412709428,1666.0,2182.0
0.6334479885209635,0.0,0.147348607,0.409162533,1666.0,2182.0
0.6026979040329762,0.0,0.151092772,0.372895319,1666.0,2182.0
0.5782702849960315,0.0,0.145736508,0.322234003,1666.0,2182.0
0.5752737031001951,0.0,0.1360972275,0.286572888,1666.0,2182.0
0.5980408420976618,0.0,0.127715424,0.286685508,1666.0,2182.0
0.628668325583064,0.0,0.124895015,0.308012409,1666.0,2182.0
0.6856875273731913,0.0,0.127378735,0.318378838,1666.0,2182.0
0.7447706301795376,0.007059453,0.132222623,0.32468367,1666.0,2182.0
0.7729344289892124,0.1100026,0.128089843,0.324171777,1666.0,2182.0
0.7787512320726854,0.199220819,0.117118247,0.30469449,1666.0,2182.0
0.7781992616023189,0.306286165,0.118562241,0.274336857,1666.0,2182.0
0.7783419116614976,0.37713376,0.100069261,0.185268233,1666.0,2182.0
0.7793985686424774,0.398722091,0.112378121,0.187987551,1666.0,2182.0
0.7777282859432075,0.404411787,0.128143153,0.194181444,1666.0,2182.0
0.7767666402137822,0.386918992,0.145567655,0.201346688,1666.0,2182.0
0.7751251003945747,0.356322348,0.155668573,0.200754503,1666.0,2182.0
0.7736948742544799,0.300460162,0.173180116,0.21652876,1666.0,2182.0
0.771861714964882,0.236206244,0.180462374,0.229040133,1666.0,2182.0
0.7657240379855351,0.165762836,0.177557767,0.231680653,1666.0,2182.0
0.7513786619101513,0.077729097,0.175882945,0.226152499,1666.0,2182.0
0.7417348815322812,0.0,0.175931309,0.230440725,1666.0,2182.0
0.7156190598267014,0.0,0.172451764,0.240329635,1666.0,2182.0
0.6917010065851522,0.0,0.162226816,0.243304291,1666.0,2182.0
0.6315617791202535,0.0,0.140770602,0.245784961,1666.0,2182.0
0.6015799465507038,0.0,0.13822705,0.2353684,1666.0,2182.0
0.5776087544101439,0.0,0.130064654,0.21102347,1666.0,2182.0
0.5754525922386842,0.0,0.1178806945,0.1897436555,1666.0,2182.0
0.6008158196754956,0.0,0.105777457,0.182460291,1666.0,2182.0
0.6333252989329611,0.0,0.098817589,0.174059774,1666.0,2182.0
0.6894288968340055,0.0,0.094860517,0.174196621,1666.0,2182.0
0.7473853483346103,0.005324298,0.088466158,0.175093123,1666.0,2182.0
0.7757482184199747,0.110593105,0.072951871,0.169046637,1666.0,2182.0
0.7801265450744127,0.228011057,0.061973405,0.146997062,1666.0,2182.0
0.7783278063320598,0.361239575,0.062689259,0.142538944,1666.0,2182.0
0.7782240124691384,0.487053932,0.050532446,0.146390153,1666.0,2182.0
0.7789241330900696,0.554047854,0.063158435,0.165694526,1666.0,2182.0
0.777372902813431,0.584446605,0.076269667,0.201864644,1666.0,2182.0
0.7764974859266736,0.582139252,0.092642203,0.268756816,1666.0,2182.0
0.7748201061687358,0.54768794,0.108323225,0.34896107,1666.0,2182.0
0.7728609748723948,0.476953763,0.131995094,0.423378441,1666.0,2182.0
0.7718184231196125,0.380157235,0.1452742,0.478236621,1666.0,2182.0
0.7651376470691642,0.257479305,0.155049981,0.529053079,1666.0,2182.0
0.7515960080030771,0.115932625,0.171714783,0.551849538,1666.0,2182.0
0.7420836554812479,0.0,0.198170094,0.542675715,1666.0,2182.0
0.7163073373366503,0.0,0.207493573,0.508389333,1666.0,2182.0
0.6930472218589458,0.0,0.206894938,0.504761556,1666.0,2182.0
0.6131508329261118,0.0,0.197175955,0.487897889,1666.0,2182.0
0.5821278681977462,0.0,0.194604218,0.467224413,1666.0,2182.0
0.5526574643496065,0.0,0.188107508,0.456682691,1666.0,2182.0
0.5443876884909208,0.0,0.171392771,0.40947374599999997,1666.0,2182.0
0.5575981630222436,0.0,0.146231056,0.3282194355,1666.0,2182.0
0.5610557627157485,0.0,0.130331149,0.302452721,1666.0,2182.0
0.5919096855112267,0.007989367,0.122784066,0.271229299,1666.0,2182.0
0.6213799562281392,0.218762448,0.093677312,0.222972674,1666.0,2182.0
0.6509357903340656,0.415215885,0.060814069,0.172023768,1666.0,2182.0
0.654280658351631,0.59206989,0.059103312,0.142437291,1666.0,2182.0
0.6543369909827244,0.740631146,0.052516949,0.108750925,1666.0,2182.0
0.655764866217706,0.809614363,0.054254504,0.089379494,1666.0,2182.0
0.6538343004281121,0.838929246,0.057429556,0.071719243,1666.0,2182.0
0.6551877457905604,0.817279451,0.059307522,0.069328098,1666.0,2182.0
0.6560664007527296,0.750721078,0.064139661,0.076286663,1666.0,2182.0
0.6544023721839175,0.629006173,0.06855686,0.086931037,1666.0,2182.0
0.6549046635473295,0.494371163,0.07666446,0.097778347,1666.0,2182.0
0.6492955368763571,0.31991139,0.081783651,0.109091708,1666.0,2182.0
0.6392148464375088,0.121406867,0.106724776,0.137225042,1666.0,2182.0
0.635776275600312,0.0,0.1508387015,0.1768579865,1666.0,2182.0
0.631059310383526,0.0,0.170594581,0.197033174,1666.0,2182.0
0.6133644088236797,0.0,0.150270604,0.23279443,1666.0,2182.0
0.58345057452165,0.0,0.148665619,0.260096117,1666.0,2182.0
0.5540935011868704,0.0,0.145464312,0.287318515,1666.0,2182.0
0.546232779628779,0.0,0.1412493495,0.261760501,1666.0,2182.0
0.5580212338643775,0.0,0.1353133305,0.295830953,1666.0,2182.0
0.5620858945905519,0.0,0.127459939,0.344445945,1666.0,2182.0
0.591815295167517,0.006668419,0.120447355,0.353125476,1666.0,2182.0
0.6245992957734906,0.195004725,0.099861427,0.327628991,1666.0,2182.0
0.6509643114974836,0.382762548,0.052148922,0.275430822,1666.0,2182.0
0.6542233499648216,0.542631043,0.037174985,0.227723884,1666.0,2182.0
0.6551746606614078,0.661221371,0.03686835,0.174426634,1666.0,2182.0
0.6575648026349002,0.731547831,0.036678604,0.138316318,1666.0,2182.0
0.6587503591934923,0.73592494,0.037315762,0.117849622,1666.0,2182.0
0.661820705761309,0.709564933,0.040208546,0.110196029,1666.0,2182.0
0.6631833328250842,0.653466661,0.04558649,0.103087377,1666.0,2182.0
0.6609941694978652,0.54710166,0.04605345,0.105491217,1666.0,2182.0
0.6583272883007382,0.412382705,0.044441835,0.103536488,1666.0,2182.0
0.6534222299206112,0.245970187,0.045728694,0.093383143,1666.0,2182.0
0.6394189743712956,0.085369121,0.05865196,0.091945321,1666.0,2182.0
0.6333096854747599,0.0,0.060687927,0.086177745,1666.0,2182.0
0.6292036845666082,0.0,0.054918232,0.092349946,1666.0,2182.0
0.6018483468999812,0.0,0.046339842,0.093535172,1666.0,2182.0
0.5772278885967608,0.0,0.041060249,0.076637451,1666.0,2182.0
0.5801195456723087,0.0,0.037522485,0.077188568,1666.0,2182.0
0.6077083973841545,0.0,0.039450361,0.100237395,1666.0,2182.0
0.6378453884762793,0.0,0.049168226,0.106852499,1666.0,2182.0
0.6960833253540737,0.0,0.064495937,0.11190783,1666.0,2182.0
0.7534600392599656,0.005800949,0.083747508,0.159002088,1666.0,2182.0
0.7770813929079446,0.206217955,0.104762049,0.235463938,1666.0,2182.0
0.7787512320726854,0.401355384,0.078370833,0.276606427,1666.0,2182.0
0.7795346539654153,0.597862841,0.064346339,0.282900762,1666.0,2182.0
0.78696150389172,0.75405781,0.078652422,0.255381594,1666.0,2182.0
0.7907035830482768,0.849564066,0.104280006,0.27940652,1666.0,2182.0
0.7949564700183993,0.886215376,0.131337385,0.297214491,1666.0,2182.0
0.7970546141073069,0.869516506,0.155984839,0.298447876,1666.0,2182.0
0.7968766564318251,0.799248504,0.177800541,0.297881111,1666.0,2182.0
0.7946246844239296,0.683619678,0.181175538,0.285552364,1666.0,2182.0
0.7914496569241335,0.525453713,0.173026413,0.289244866,1666.0,2182.0
0.7789121569491005,0.336660533,0.151011662,0.318974631,1666.0,2182.0
0.7575983981431271,0.112565108,0.179221312,0.40904818,1666.0,2182.0
0.7438752972661733,0.0,0.226761049,0.50471998,1666.0,2182.0
0.7157608670589103,0.0,0.286495523,0.581914958,1666.0,2182.0
0.6928685988310501,0.0,0.337740905,0.624746753,1666.0,2182.0
0.6357403248032595,0.0,0.394853749,0.707356016,1666.0,2182.0
0.6063058939238368,0.0,0.401840915,0.715618668,1666.0,2182.0
0.5831927754676658,0.0,0.399603833,0.704334109,1666.0,2182.0
0.5768529887328179,0.0,0.391176868,0.721134911,1666.0,2182.0
0.5971024390556721,0.0,0.362782323,0.686941933,1666.0,2182.0
0.6269537752828085,0.0,0.337509283,0.649029832,1666.0,2182.0
0.6838251816690021,0.0,0.315009208,0.60961337,1666.0,2182.0
0.7433010155207581,0.004975538,0.289330047,0.575179684,1666.0,2182.0
0.772833473909262,0.172339737,0.251483849,0.55151553,1666.0,2182.0
0.7801138591364605,0.331666422,0.197212793,0.552415562,1666.0,2182.0
0.7825252478413874,0.485903195,0.19638286,0.560359583,1666.0,2182.0
0.7866749618564329,0.610309275,0.141945771,0.506772339,1666.0,2182.0
0.7904440096536954,0.6711029,0.156919783,0.498101682,1666.0,2182.0
0.7892423074663354,0.695152118,0.171851861,0.470458713,1666.0,2182.0
0.7856998318066547,0.65521495,0.172329397,0.429847932,1666.0,2182.0
0.7833553325835451,0.607337802,0.159133716,0.39066284,1666.0,2182.0
0.7809091685847425,0.4909911,0.144574494,0.363771877,1666.0,2182.0
0.7801331098106534,0.365905231,0.130332774,0.32499984,1666.0,2182.0
0.772172741705775,0.235011142,0.110131152,0.295757806,1666.0,2182.0
0.7558348783304194,0.082313782,0.103166204,0.291633081,1666.0,2182.0
0.7429080183141346,0.0,0.098336464,0.292250585,1666.0,2182.0
0.7151600159652304,0.0,0.096828819,0.29372378,1666.0,2182.0
0.6916531904042121,0.0,0.10201936,0.319895978,1666.0,2182.0
0.6324419865038946,0.0,0.149507162,0.483790989,1666.0,2182.0
0.590343728845445,0.0,0.145738523,0.498368099,1666.0,2182.0
0.5753413686915081,0.0,0.1331796955,0.5059190265,1666.0,2182.0
0.5981040498682979,0.0,0.121083696,0.501621779,1666.0,2182.0
0.6282210361459175,0.0,0.115031955,0.523466576,1666.0,2182.0
0.6850224483085899,0.0,0.114827151,0.559447117,1666.0,2182.0
0.7441366892434405,0.004254352,0.117149428,0.571320303,1666.0,2182.0
0.7722610995344309,0.187773665,0.11812269,0.588238439,1666.0,2182.0
0.7785919040623115,0.377864693,0.102254903,0.591449345,1666.0,2182.0
0.7803794650460959,0.574992565,0.132471431,0.620170139,1666.0,2182.0
0.7848973367142876,0.703526588,0.145839351,0.634800733,1666.0,2182.0
0.7900392136794183,0.787271495,0.173086703,0.638549704,1666.0,2182.0
0.7888470923845855,0.795129263,0.205367961,0.645731027,1666.0,2182.0
0.7879577475417058,0.763423334,0.223246662,0.64768487,1666.0,2182.0
0.7878479211637306,0.680104564,0.233563875,0.645404922,1666.0,2182.0
0.785496324881953,0.591115736,0.22575814,0.632473376,1666.0,2182.0
0.7835428712527945,0.445195568,0.20535931,0.617544677,1666.0,2182.0
0.7739275675937731,0.291995142,0.173954369,0.609244583,1666.0,2182.0
0.7563161446790411,0.08684259,0.162505107,0.598939529,1666.0,2182.0
0.7429661250833444,0.0,0.160418742,0.581200909,1666.0,2182.0
0.7152799555581603,0.0,0.15302726,0.553897966,1666.0,2182.0
0.692157877016066,0.0,0.149161694,0.537400406,1666.0,2182.0
0.6331735114145438,0.0,0.165142027,0.568490495,1666.0,2182.0
0.6023944622286094,0.0,0.160063045,0.580256952,1666.0,2182.0
0.5778407824982638,0.0,0.151849218,0.592063564,1666.0,2182.0
0.5731359043820095,0.0,0.152259291,0.605724843,1666.0,2182.0
0.5774969764194963,0.0,0.154618118,0.617778139,1666.0,2182.0
0.5980408420976618,0.0,0.154626574,0.614816463,1666.0,2182.0
0.6282638844566582,0.0,0.152313872,0.617219944,1666.0,2182.0
0.6856875273731913,0.0,0.148683679,0.618751328,1666.0,2182.0
0.7450597448365819,0.003960197,0.145608562,0.619064988,1666.0,2182.0
0.7724037495936096,0.187045689,0.136150727,0.62081112,1666.0,2182.0
0.7786212679514588,0.371916288,0.131661806,0.624049582,1666.0,2182.0
0.7793295501746722,0.554532327,0.139655766,0.626997918,1666.0,2182.0
0.7843847547626057,0.699355549,0.13278528,0.599898355,1666.0,2182.0
0.7891071980003539,0.79823877,0.14314336,0.584895022,1666.0,2182.0
0.789002605755032,0.834615,0.156665926,0.57191124,1666.0,2182.0
0.7882072076200923,0.816711005,0.174282334,0.58575609,1666.0,2182.0
0.7885948821086453,0.748909124,0.191848123,0.597496178,1666.0,2182.0
0.7871834631082143,0.626314715,0.210068576,0.616354944,1666.0,2182.0
0.7844218367195063,0.467358004,0.213923732,0.628647327,1666.0,2182.0
0.7745529921809572,0.272828155,0.198755931,0.642901412,1666.0,2182.0
0.757510572535658,0.055826074,0.205320883,0.660911435,1666.0,2182.0
0.7462733345794935,0.0,0.225074139,0.707182896,1666.0,2182.0
0.7177569915242535,0.0,0.259188405,0.74622897,1666.0,2182.0
0.6960324929156068,0.0,0.299804705,0.760007562,1666.0,2182.0
0.6412589644571073,0.0,0.395662534,0.791093313,1666.0,2182.0
0.6095162292424171,0.0,0.412979224,0.788108266,1666.0,2182.0
0.5810303811349318,0.0,0.4156658755,0.7933359515,1666.0,2182.0
0.5784848810938845,0.0,0.430414286,0.816472773,1666.0,2182.0
0.5974988518122633,0.0,0.451583873,0.830056055,1666.0,2182.0
0.626726049712474,0.0,0.470974531,0.827512435,1666.0,2182.0
0.6838251816690021,0.0,0.471961759,0.82618433,1666.0,2182.0
0.7441012928392393,0.002655857,0.457607884,0.816981812,1666.0,2182.0
0.7724201613835909,0.088662708,0.433048875,0.802028797,1666.0,2182.0
0.7787512320726854,0.174486097,0.412550996,0.752754619,1666.0,2182.0
0.7781992616023189,0.259873211,0.431588798,0.718979677,1666.0,2182.0
0.7783419116614976,0.333720856,0.394189809,0.646482494,1666.0,2182.0
0.7793985686424774,0.423543047,0.41321871,0.639964119,1666.0,2182.0
0.7777282859432075,0.458941138,0.423698742,0.646703225,1666.0,2182.0
0.7763908531795406,0.464975904,0.438091131,0.660342437,1666.0,2182.0
0.7745952194826128,0.4163487,0.447283599,0.681685373,1666.0,2182.0
0.7717112582525331,0.358023969,0.450029896,0.694759349,1666.0,2182.0
0.7707748069244562,0.26522803,0.417995712,0.70280761,1666.0,2182.0
0.7657928790800248,0.166657737,0.355960913,0.674462795,1666.0,2182.0
0.7542517114416355,0.041217177,0.314852151,0.650904811,1666.0,2182.0
0.7466591461420319,0.0,0.276219703,0.618492819,1666.0,2182.0
0.7185690676103883,0.0,0.238616623,0.584194401,1666.0,2182.0
0.6948795826649027,0.0,0.210095144,0.547791551,1666.0,2182.0
0.6135023570726322,0.0,0.18206147,0.505982273,1666.0,2182.0
0.58345057452165,0.0,0.189696969,0.492810356,1666.0,2182.0
0.553724944342524,0.0,0.18076853,0.448912821,1666.0,2182.0
0.5451118281112644,0.0,0.158867046,0.40583679650000004,1666.0,2182.0
0.5579779642920126,0.0,0.126157145,0.39386112399999995,1666.0,2182.0
0.5618341279503811,0.0,0.117122801,0.37249433,1666.0,2182.0
0.5900302625634015,0.00252083,0.118773003,0.396340217,1666.0,2182.0
0.6256281413880356,0.134153946,0.107632692,0.408562036,1666.0,2182.0
0.6589693020512192,0.278917514,0.093599119,0.421117094,1666.0,2182.0
0.6586868408170733,0.417230458,0.111387514,0.480034441,1666.0,2182.0
0.6551138480379731,0.517049,0.122302085,0.463484416,1666.0,2182.0
0.6552674097957473,0.601855464,0.16340085,0.477577987,1666.0,2182.0
0.6542785736583517,0.5710997360000001,0.214152918,0.4739288745,1666.0,2182.0
0.6554487385766274,0.486371335,0.260693862,0.523022815,1666.0,2182.0
0.6543628950798157,0.398744967,0.285421419,0.58452401,1666.0,2182.0
0.6539498487153582,0.281046264,0.297919933,0.641909565,1666.0,2182.0
0.6504255592874968,0.158552248,0.305656264,0.712058632,1666.0,2182.0
0.6417957207110929,0.029818904,0.339513309,0.726505758,1666.0,2182.0
0.6352663771287097,0.0,0.388734917,0.7518606975,1666.0,2182.0
0.6278942186241282,0.0,0.444933583,0.763184564,1666.0,2182.0
0.6129483462016954,0.0,0.45205847,0.718095278,1666.0,2182.0
0.5665094204608437,0.0,0.463659987,0.7030553405,1666.0,2182.0
0.541825510448058,0.0,0.479312451,0.6883431975000001,1666.0,2182.0
0.5519409318880736,0.0,0.472928612,0.67146885,1666.0,2182.0
0.5554574589554734,0.0,0.466501459,0.641138765,1666.0,2182.0
0.5843618757917071,0.001365824,0.465237197,0.607721715,1666.0,2182.0
0.6151771641075723,0.070647473,0.46744523,0.573375204,1666.0,2182.0
0.6482688647936098,0.150288499,0.479019346,0.579501776,1666.0,2182.0
0.6540198430401198,0.213512324,0.516348707,0.608459584,1666.0,2182.0
0.6544548901750835,0.291859968,0.498629661,0.797666405,1666.0,2182.0
0.6558543330345454,0.339396407,0.545918109,0.822467626,1666.0,2182.0
0.6539530423462007,0.376670497,0.563749073,0.839864959,1666.0,2182.0
0.654693793402746,0.392201219,0.58595813,0.854777685,1666.0,2182.0
0.6550725966945145,0.370625912,0.620532412,0.859076726,1666.0,2182.0
0.6527919705944548,0.293347687,0.646792651,0.854257613,1666.0,2182.0
0.6530133974885218,0.216911254,0.653213284,0.84854827,1666.0,2182.0
0.6495127054947271,0.127651314,0.647014646,0.852836138,1666.0,2182.0
0.6398151653100019,0.024824876,0.624360914,0.842919273,1666.0,2182.0
0.6360526156327464,0.0,0.5825298805,0.8326647165000001,1666.0,2182.0
0.631059310383526,0.0,0.526549553,0.827391482,1666.0,2182.0
0.6326944628398081,0.0,0.403394132,0.761748206,1666.0,2182.0
0.5933926070158029,0.0,0.4171366175,0.6458231555,1666.0,2182.0
0.5818658995041026,0.0,0.403831081,0.542368497,1666.0,2182.0
0.6100744982878107,0.0,0.406356925,0.541019327,1666.0,2182.0
0.639526715904131,0.0,0.416535972,0.547880049,1666.0,2182.0
0.6983196838531475,0.0,0.431517578,0.52983808,1666.0,2182.0
0.7595049227616443,0.001818002,0.44464967,0.500680491,1666.0,2182.0
0.7978351971158255,0.149957999,0.44539685,0.442294184,1666.0,2182.0
0.802875320517365,0.324736049,0.42988726,0.379493819,1666.0,2182.0
0.7924949586719887,0.495075179,0.430613632,0.352445582,1666.0,2182.0
0.7861496052801412,0.620685887,0.348490668,0.313367611,1666.0,2182.0
0.7830198211370464,0.686622339,0.373496829,0.321430549,1666.0,2182.0
0.7792546766663692,0.762282899,0.399887416,0.3452596,1666.0,2182.0
0.7750509365820144,0.744069279,0.420112516,0.366651509,1666.0,2182.0
0.773502899936218,0.705031728,0.443720504,0.393576621,1666.0,2182.0
0.7727451160806061,0.622761601,0.467449495,0.414841722,1666.0,2182.0
0.7757817517969208,0.484931956,0.483739107,0.439540902,1666.0,2182.0
0.7729472923004802,0.303649823,0.463146517,0.460848828,1666.0,2182.0
0.7681937996208854,0.050411794,0.457139509,0.468366968,1666.0,2182.0
0.7628735214457439,0.0,0.470919408,0.487358174,1666.0,2182.0
0.7323990229511192,0.0,0.477289874,0.49572455,1666.0,2182.0
0.7038300733192959,0.0,0.480087987,0.495290864,1666.0,2182.0
0.6371616796453295,0.0,0.449425701,0.485706686,1666.0,2182.0
0.6070120470598218,0.0,0.445804972,0.481775516,1666.0,2182.0
0.5851043567442804,0.0,0.435439944,0.479619616,1666.0,2182.0
0.5851888334180156,0.0,0.40810967600000003,0.448652964,1666.0,2182.0
0.6196668252181289,0.0,0.386531157,0.415313189,1666.0,2182.0
0.6585922731000481,0.0,0.374194834,0.407905926,1666.0,2182.0
0.7160679017865604,0.0,0.359070428,0.4006032,1666.0,2182.0
0.7748091057834826,0.001776562,0.349491434,0.398729223,1666.0,2182.0
0.8088023048266844,0.211199182,0.311091799,0.389977562,1666.0,2182.0
0.8083630883051625,0.423024441,0.26952853,0.3588843,1666.0,2182.0
0.7988083754516909,0.602621741,0.262605978,0.332794053,1666.0,2182.0
0.7857619306903478,0.743743212,0.214145831,0.28917441,1666.0,2182.0
0.7819916408749154,0.838931735,0.229755337,0.262543136,1666.0,2182.0
0.777857629055349,0.872873169,0.253961225,0.252585961,1666.0,2182.0
0.7748944473546115,0.857762086,0.276760922,0.273064916,1666.0,2182.0
0.7731452103458977,0.774743252,0.297843034,0.307751295,1666.0,2182.0
0.7717688328005561,0.654129727,0.316410467,0.333299096,1666.0,2182.0
0.7715894557335888,0.494111569,0.317772443,0.342307017,1666.0,2182.0
0.7677044603566395,0.300168863,0.280601318,0.332056851,1666.0,2182.0
0.7661530526054449,0.037303409,0.299261459,0.343979011,1666.0,2182.0
0.7632372435511181,0.0,0.322469247,0.386414934,1666.0,2182.0
0.730804589617109,0.0,0.334030835,0.42599208,1666.0,2182.0
0.7038300733192959,0.0,0.340595858,0.432329914,1666.0,2182.0
0.6371616796453295,0.0,0.323048976,0.386741938,1666.0,2182.0
0.6073326547944824,0.0,0.291319726,0.342300652,1666.0,2182.0
0.5867563646263136,0.0,0.265680166,0.311208414,1666.0,2182.0
0.5920515370867644,0.0,0.232431128,0.2649890455,1666.0,2182.0
0.629102574335627,0.0,0.218349142,0.241837551,1666.0,2182.0
0.671545746909167,0.0,0.217830697,0.249797451,1666.0,2182.0
0.7273628915628227,0.0,0.218090903,0.253971707,1666.0,2182.0
0.7815809010722421,0.001629492,0.228242886,0.262189536,1666.0,2182.0
0.8063301480441325,0.212526222,0.218389026,0.26548083,1666.0,2182.0
0.8044684232477879,0.434386284,0.164470898,0.258260111,1666.0,2182.0
0.7888897631195297,0.626803532,0.152933487,0.235012498,1666.0,2182.0
0.7788921965791649,0.771744486,0.120301847,0.208560394,1666.0,2182.0
0.7781510906747482,0.863550469,0.118576156,0.20231422,1666.0,2182.0
0.7759048407279843,0.8952655535,0.116297448,0.183600928,1666.0,2182.0
0.7748376712902296,0.81341299,0.116654179,0.181816093,1666.0,2182.0
0.7736948742544799,0.690208031,0.123185427,0.192879231,1666.0,2182.0
0.7730829339876486,0.527263546,0.131812699,0.209511244,1666.0,2182.0
0.7651376470691642,0.317475486,0.149699983,0.250542064,1666.0,2182.0
0.752320702016272,0.033867602,0.193094371,0.309743037,1666.0,2182.0
0.7476830681284661,0.0,0.224842177,0.373609289,1666.0,2182.0
0.7260195151732406,0.0,0.236612489,0.409860192,1666.0,2182.0
0.6996489992566208,0.0,0.240511502,0.424644325,1666.0,2182.0
0.6349934525450026,0.0,0.250387031,0.404999255,1666.0,2182.0
0.6054507035682287,0.0,0.227637307,0.366893643,1666.0,2182.0
0.583906158591065,0.0,0.208891244,0.342357689,1666.0,2182.0
0.5804220116197193,0.0,0.188501738,0.312213886,1666.0,2182.0
0.5850861706137016,0.0,0.178395338,0.277567079,1666.0,2182.0
0.6103569150773872,0.0,0.16582763,0.256032518,1666.0,2182.0
0.6439174179919789,0.0,0.15722156,0.245132794,1666.0,2182.0
0.7058519244071746,0.0,0.148884549,0.242634759,1666.0,2182.0
0.7715010091170348,0.001434361,0.142820935,0.244192654,1666.0,2182.0
0.799294875932966,0.219096185,0.126844588,0.24949609,1666.0,2182.0
0.792220304091013,0.44359583,0.078858719,0.230831378,1666.0,2182.0
0.7793295501746722,0.63573291,0.043858337,0.180134067,1666.0,2182.0
0.7782240124691384,0.779455517,0.026678413,0.113998124,1666.0,2182.0
0.780336350675382,0.871981162,0.021829894,0.09980386,1666.0,2182.0
0.7823953724068189,0.902996168,0.022681729499999997,0.0898341905,1666.0,2182.0
0.7819743419146352,0.822971748,0.027462689,0.086066996,1666.0,2182.0
0.7810058653889959,0.699603373,0.029176718,0.07612821,1666.0,2182.0
0.7794001655085189,0.528530362,0.029104108,0.064423909,1666.0,2182.0
0.7696687369977356,0.314110684,0.032869776,0.05398112,1666.0,2182.0
0.7515386996162678,0.026941312,0.038555539,0.051869181,1666.0,2182.0
0.7421410969992842,0.0,0.039909001,0.060137062,1666.0,2182.0
0.7170684036110027,0.0,0.040104614,0.074823804,1666.0,2182.0
0.6940509616575593,0.0,0.040495647,0.083107264,1666.0,2182.0
0.6180964107822905,0.0,0.043672073,0.09334874800000001,1666.0,2182.0
0.5786018043786672,0.0,0.042236555499999995,0.15291496,1666.0,2182.0
0.5823304879521493,0.0,0.04730711,0.273037022,1666.0,2182.0
0.6088316333424092,0.0,0.055318687,0.361033261,1666.0,2182.0
0.6389034648487445,0.0,0.067419049,0.406819987,1666.0,2182.0
0.6966731760625005,0.0,0.083576319,0.423312876,1666.0,2182.0
0.7530064512477922,0.001211047,0.098945232,0.43560143,1666.0,2182.0
0.7810016072145393,0.188972539,0.111426127,0.45888043,1666.0,2182.0
0.7830364990882415,0.367799339,0.098727344,0.482064487,1666.0,2182.0
0.7788233554846751,0.532354856,0.088800745,0.505308096,1666.0,2182.0
0.7783278063320598,0.674067872,0.092397876,0.485789633,1666.0,2182.0
0.7781549940013333,0.762542795,0.125585063,0.499580064,1666.0,2182.0
0.7767921007763444,0.795782134,0.16958877,0.516273975,1666.0,2182.0
0.7755785997200904,0.765914106,0.218683159,0.534361371,1666.0,2182.0
0.7738928809865551,0.701926276,0.274767177,0.572837089,1666.0,2182.0
0.7716656598454793,0.58682958,0.348813674,0.624047591,1666.0,2182.0
0.7706882233351572,0.423801226,0.41562208,0.689587221,1666.0,2182.0
0.7652973299274095,0.247140032,0.474117846,0.762238823,1666.0,2182.0
0.7527874196021672,0.018624294,0.546505928,0.823428172,1666.0,2182.0
0.7440913569976002,0.0,0.591240953,0.845889105,1666.0,2182.0
0.7180513403139512,0.0,0.599138088,0.85213785,1666.0,2182.0
0.6933641923269943,0.0,0.591814298,0.843576857,1666.0,2182.0
0.6135023570726322,0.0,0.537163102,0.78139521,1666.0,2182.0
0.5834465825084071,0.0,0.515257089,0.769395977,1666.0,2182.0
0.5542130415886,0.0,0.502530531,0.751049843,1666.0,2182.0
0.5461156566977761,0.0,0.468830218,0.7090298935,1666.0,2182.0
0.5586782623368796,0.0,0.43218399799999996,0.650502695,1666.0,2182.0
0.5670868070492031,0.0,0.417056388,0.623665155,1666.0,2182.0
0.5967278496962717,0.0,0.411143509,0.602580823,1666.0,2182.0
0.6334748684750113,0.175053701,0.36900131,0.563726507,1666.0,2182.0
0.6699098847571422,0.385892248,0.320051942,0.499021635,1666.0,2182.0
0.6681425503045071,0.593698203,0.297476897,0.442729676,1666.0,2182.0
0.6614465599364379,0.752250051,0.217880194,0.351708312,1666.0,2182.0
0.6582214540372463,0.846986737,0.207230914,0.31969543,1666.0,2182.0
0.653573972994459,0.884817008,0.197729022,0.272504302,1666.0,2182.0
0.6546720587934535,0.866583548,0.195455199,0.25348836,1666.0,2182.0
0.6544913510216583,0.791627829,0.188829442,0.250154423,1666.0,2182.0
0.6531860766880213,0.653608187,0.18697845,0.258923992,1666.0,2182.0
0.6535957076037516,0.497483688,0.178453023,0.278882471,1666.0,2182.0
0.6535321893285729,0.288408072,0.168596808,0.309350287,1666.0,2182.0
0.6544452204946581,0.016933967,0.196184792,0.34325411,1666.0,2182.0
0.6534297705138082,0.0,0.21585445949999998,0.35777291899999997,1666.0,2182.0
0.6446174499262524,0.0,0.201860296,0.338981147,1666.0,2182.0
0.6193080267408655,0.0,0.185527563,0.316874563,1666.0,2182.0
0.5879224043494992,0.0,0.150076604,0.233563403,1666.0,2182.0
0.5614695631192776,0.0,0.127065605,0.14760850250000002,1666.0,2182.0
0.571309575989866,0.0,0.10718989000000001,0.114015826,1666.0,2182.0
0.59191676034761,0.0,0.1023224445,0.14310996650000002,1666.0,2182.0
0.6269861554294829,0.0,0.107706849,0.196684288,1666.0,2182.0
0.6555208176452884,0.183736127,0.104979622,0.243151209,1666.0,2182.0
0.6721583081850834,0.402074541,0.059288498,0.19732581,1666.0,2182.0
0.6666930734902193,0.571866081,0.056142775,0.162211201,1666.0,2182.0
0.6576300951494357,0.70049444,0.061384381,0.125644913,1666.0,2182.0
0.655212940191909,0.772647422,0.07077938,0.111604994,1666.0,2182.0
0.6533403924848671,0.787169835,0.077072243,0.124049658,1666.0,2182.0
0.6538010775557084,0.745133534,0.096547633,0.176818981,1666.0,2182.0
0.6541148100495857,0.678931692,0.129009073,0.266451871,1666.0,2182.0
0.6528541138214768,0.550839862,0.168649452,0.377914568,1666.0,2182.0
0.6539690107028935,0.390142541,0.207887037,0.415487411,1666.0,2182.0
0.6535321893285729,0.203798629,0.224969792,0.432029915,1666.0,2182.0
0.6476953370872662,0.008575039,0.266061254,0.488746302,1666.0,2182.0
0.6444849131832686,0.0,0.294565273,0.5684164835000001,1666.0,2182.0
0.6362573424039538,0.0,0.295487695,0.668931392,1666.0,2182.0
0.643489867208124,0.0,0.310745947,0.723490849,1666.0,2182.0
0.6126988861233088,0.0,0.307512421,0.762391199,1666.0,2182.0
0.5884769475428634,0.0,0.309342244,0.800210889,3405.0,4459.0
0.5868528618855873,0.0,0.333132454,0.824965993,3405.0,4459.0
0.6169279979823276,0.0,0.375128741,0.821306247,3405.0,4459.0
0.6489409077856519,0.0,0.392077603,0.80972596,3405.0,4459.0
0.7124604884602155,0.0,0.401523624,0.794967554,3405.0,4459.0
0.772038962944621,0.0,0.410286692,0.783686171,3405.0,4459.0
0.8094976350519723,0.112564955,0.414272035,0.768651484,3405.0,4459.0
0.8121942349861181,0.241293637,0.447030982,0.748379818,3405.0,4459.0
0.8074654044866851,0.368076172,0.515503445,0.713356684,3405.0,4459.0
0.8053607843481946,0.471357302,0.438787001,0.647109914,3405.0,4459.0
0.8009430691750719,0.502833251,0.470654333,0.572770187,3405.0,4459.0
0.7966904484674036,0.524682797,0.500495507,0.535520623,3405.0,4459.0
0.7935610191721802,0.515715587,0.523127452,0.477256994,3405.0,4459.0
0.7913858724877412,0.506827463,0.540428136,0.438378969,3405.0,4459.0
0.7936317231926845,0.436007132,0.553489864,0.458928981,3405.0,4459.0
0.7969491346916863,0.351352029,0.535815135,0.474531374,3405.0,4459.0
0.8024406283315132,0.205452057,0.484533478,0.439759175,3405.0,4459.0
0.7923692527252187,0.009106372,0.450007783,0.406670085,3405.0,4459.0
0.7846620706519964,0.0,0.42746143,0.415931441,3405.0,4459.0
0.7507923596804382,0.0,0.399256156,0.405348076,3405.0,4459.0
0.7212390538529403,0.0,0.36982253,0.366728233,3405.0,4459.0
0.6494793495923369,0.0,0.297342394,0.3863836,3405.0,4459.0
0.617083511352774,0.0,0.300615967,0.442702569,3405.0,4459.0
0.5916156028321223,0.0,0.2942077615,0.510526998,3405.0,4459.0
0.6063385180600603,0.0,0.28747692150000004,0.555071131,3405.0,4459.0
0.6512201145954666,0.0,0.283817458,0.582750724,3405.0,4459.0
0.7148495214455244,0.0,0.283066527,0.598911892,3405.0,4459.0
0.7764498472202895,0.0,0.286838264,0.611702103,3405.0,4459.0
0.81251643958682,0.116242743,0.283598517,0.630919558,3405.0,4459.0
0.8140202972170478,0.252010899,0.26247651,0.64014612,3405.0,4459.0
0.8074654044866851,0.355201289,0.283878779,0.634597251,3405.0,4459.0
0.7996740339713654,0.419501843,0.266646879,0.598530114,3405.0,4459.0
0.793309075158694,0.470889372,0.314077251,0.581228495,3405.0,4459.0
0.7876586082551242,0.482058695,0.341629579,0.592313477,3405.0,4459.0
0.7843810288093361,0.469204408,0.361141192,0.614851944,3405.0,4459.0
0.7816023696215615,0.418769078,0.381092853,0.636421718,3405.0,4459.0
0.7808934663892633,0.327799353,0.382536354,0.659043327,3405.0,4459.0
0.7811537494795874,0.222064825,0.362907153,0.68249544,3405.0,4459.0
0.7769717440045254,0.116736907,0.326632744,0.673218838,3405.0,4459.0
0.7641318224254109,0.003951079,0.316826613,0.645154585,3405.0,4459.0
0.7545543104190325,0.0,0.305746709,0.616079621,3405.0,4459.0
0.7268099453367404,0.0,0.298079457,0.596947521,3405.0,4459.0
0.7019396943295465,0.0,0.279422865,0.556826916,3405.0,4459.0
0.6415384095349668,0.0,0.269756249,0.527864729,3405.0,4459.0
0.5981329258289672,0.0,0.258149342,0.484038192,3405.0,4459.0
0.5844543587648329,0.0,0.231072555,0.49347687100000004,3405.0,4459.0
0.6121559199809539,0.0,0.213433812,0.463314985,3405.0,4459.0
0.6439664761910888,0.0,0.193919615,0.43270799,3405.0,4459.0
0.7050934751991487,0.0,0.181874721,0.396622635,3405.0,4459.0
0.7616348259881413,0.0,0.17298462,0.323003337,3405.0,4459.0
0.789684806406598,0.061995084,0.159689304,0.249318252,3405.0,4459.0
0.7925577672514245,0.158121889,0.134967607,0.198413396,3405.0,4459.0
0.7886844819554711,0.257064501,0.149767414,0.159392246,3405.0,4459.0
0.7861451696311287,0.343097015,0.131603526,0.13453504,3405.0,4459.0
0.7837483297901686,0.365220803,0.159896755,0.125534324,3405.0,4459.0
0.7802365488257035,0.416870961,0.180712752,0.115773716,3405.0,4459.0
0.7774812210120225,0.392333148,0.20056709,0.122697342,3405.0,4459.0
0.7755342433312065,0.392542158,0.219417119,0.130985611,3405.0,4459.0
0.7752024578379776,0.328705516,0.230815606,0.142974032,3405.0,4459.0
0.7748492038966694,0.240573159,0.223889841,0.155094876,3405.0,4459.0
0.7722253482823581,0.141208474,0.210688133,0.156989279,3405.0,4459.0
0.7606157831852487,0.004836485,0.225455699,0.165661154,3405.0,4459.0
0.7545543104190325,0.0,0.236530872,0.181646602,3405.0,4459.0
0.7272875301766616,0.0,0.240126528,0.205611168,3405.0,4459.0
0.7032193750706347,0.0,0.234532743,0.225161879,3405.0,4459.0
0.6425916067238905,0.0,0.229504225,0.262788276,3405.0,4459.0
0.6126988861233088,0.0,0.21892995,0.250449887,3405.0,4459.0
0.5886917209127914,0.0,0.211604719,0.24181341,3405.0,4459.0
0.5872193340366545,0.0,0.20171579,0.23064077100000002,3405.0,4459.0
0.6171597599092338,0.0,0.194872768,0.217098569,3405.0,4459.0
0.6494976687529023,0.0,0.196776693,0.223530064,3405.0,4459.0
0.712171728549802,0.0,0.190880446,0.226885742,3405.0,4459.0
0.7714742178496447,0.0,0.184503496,0.233677368,3405.0,4459.0
0.8023292938753946,0.14782123,0.168617688,0.247875383,3405.0,4459.0
0.8011952794510121,0.341978934,0.107497287,0.227145076,3405.0,4459.0
0.7882748066964121,0.530675452,0.088758724,0.205776176,3405.0,4459.0
0.7837909119396956,0.712806676,0.06647905,0.182449094,3405.0,4459.0
0.7822961916674657,0.843735402,0.063859649,0.147938631,3405.0,4459.0
0.7788795993278703,0.891206322,0.068426532,0.107448384,3405.0,4459.0
0.7756279239791735,0.871866093,0.076586913,0.07153879,3405.0,4459.0
0.7729950196935218,0.795383515,0.087233052,0.051061558,3405.0,4459.0
0.7716977739321804,0.668625183,0.098387017,0.049452989,3405.0,4459.0
0.7711007373771873,0.494739929,0.104632043,0.059298064,3405.0,4459.0
0.7704290047884471,0.276714582,0.126915927,0.08545799,3405.0,4459.0
0.7608640013467057,0.005196281,0.17517861,0.131176936,3405.0,4459.0
0.7548020850459605,0.0,0.214396977,0.182312546,3405.0,4459.0
0.7303108147038505,0.0,0.238662916,0.222481093,3405.0,4459.0
0.7075826205386786,0.0,0.255881857,0.269812729,3405.0,4459.0
0.645144758216457,0.0,0.297335887,0.339126179,3405.0,4459.0
0.6037591075719109,0.0,0.2874832185,0.36610285,3405.0,4459.0
0.5909509673020501,0.0,0.2730122945,0.3211849095,3405.0,4459.0
0.6187308175258216,0.0,0.262768622,0.240823273,3405.0,4459.0
0.6518874558785233,0.0,0.261837456,0.207804987,3405.0,4459.0
0.7178637129580442,0.0,0.251416622,0.188017987,3405.0,4459.0
0.7838718179630525,0.0,0.249646242,0.186478636,3405.0,4459.0
0.8120219549778188,0.169587725,0.240645252,0.189947984,3405.0,4459.0
0.801822833024184,0.414859106,0.171931254,0.161568173,3405.0,4459.0
0.7855837956415506,0.614020174,0.126666726,0.115431771,3405.0,4459.0
0.781245212252428,0.761173561,0.100880274,0.087064784,3405.0,4459.0
0.7784839407115912,0.852819053,0.099102143,0.086816214,3405.0,4459.0
0.7774782935423938,0.889012272,0.098916688,0.091611519,3405.0,4459.0
0.7758669159947342,0.867364707,0.086831259,0.080152102,3405.0,4459.0
0.7742688453941121,0.790715469,0.081198322,0.069171356,3405.0,4459.0
0.7728651443601936,0.661802568,0.083064536,0.057889666,3405.0,4459.0
0.7720458825287332,0.484537743,0.083355413,0.045143231,3405.0,4459.0
0.7657717654798173,0.265866111,0.100692409,0.035163037,3405.0,4459.0
0.7580289208411801,0.003998815,0.135289187,0.03095442,3405.0,4459.0
0.7383712950617098,0.0,0.17087085899999999,0.0287593095,3405.0,4459.0
0.701904564086559,0.0,0.203148879,0.031699949,3405.0,4459.0
0.622490727965086,0.0,0.2643881,0.043570952,3405.0,4459.0
0.5898963506710205,0.0,0.266112629,0.047973217,3405.0,4459.0
0.5558070979536945,0.0,0.26405786649999996,0.053877409,3405.0,4459.0
0.5521196436532472,0.0,0.269854176,0.049022473,3405.0,4459.0
0.5636170092956039,0.0,0.276292663,0.051578986,3405.0,4459.0
0.5688446048513993,0.0,0.304553243,0.06120034,3405.0,4459.0
0.5996693854743744,0.0,0.323987364,0.083956533,3405.0,4459.0
0.6324988513561749,0.140560111,0.32473462,0.133312556,3405.0,4459.0
0.6557025456173687,0.341051183,0.269819074,0.195179412,3405.0,4459.0
0.6566949301828577,0.502565716,0.242861493,0.235465586,3405.0,4459.0
0.6543421363274795,0.634603171,0.231451114,0.284669799,3405.0,4459.0
0.6538021420993225,0.700561334,0.264641613,0.355157498,3405.0,4459.0
0.6520021613387995,0.707226695,0.313476448,0.382579016,3405.0,4459.0
0.6548695776476707,0.658179154,0.353735233,0.381278026,3405.0,4459.0
0.6543864039284651,0.534279346,0.386351219,0.456669535,3405.0,4459.0
0.6522237657074225,0.391218188,0.398259896,0.5342341,3405.0,4459.0
0.6515155721708669,0.243240133,0.392884224,0.617672497,3405.0,4459.0
0.6484106720258187,0.107478714,0.410908363,0.710208355,3405.0,4459.0
0.6424397305188155,0.001045077,0.439237667,0.846260617,3405.0,4459.0
0.6387279911083624,0.0,0.459497119,0.906524356,3405.0,4459.0
0.6390808015151412,0.0,0.466752254,0.905926218,3405.0,4459.0
0.633131062396244,0.0,0.479324099,0.9002467,3405.0,4459.0
0.6223977570128617,0.0,0.449895981,0.925595198,3405.0,4459.0
0.5885275137188761,0.0,0.477508536,0.924906567,3405.0,4459.0
0.5585092646460804,0.0,0.48939819,0.920986002,3405.0,4459.0
0.5502352971279314,0.0,0.48555829149999996,0.9283819335,3405.0,4459.0
0.5615638647257093,0.0,0.46426906450000005,0.9209315465,3405.0,4459.0
0.567902298584065,0.0,0.45310187,0.911537083,3405.0,4459.0
0.5975038641270318,0.0,0.432230253,0.909988045,3405.0,4459.0
0.6335411368465033,0.027475258,0.41032145,0.907461562,3405.0,4459.0
0.6718923474275765,0.082807395,0.384870114,0.901740559,3405.0,4459.0
0.676999981218778,0.142763853,0.374244622,0.888839059,3405.0,4459.0
0.6726761241681781,0.209944983,0.340036304,0.836701595,3405.0,4459.0
0.6718410715558212,0.262432239,0.336230716,0.824048745,3405.0,4459.0
0.6686255465491567,0.268624295,0.32100306,0.775919927,3405.0,4459.0
0.6694912495134006,0.275153692,0.30775184,0.712864549,3405.0,4459.0
0.6698642863500882,0.243716919,0.286190293,0.658691821,3405.0,4459.0
0.6705353092430857,0.208624502,0.273603736,0.593457969,3405.0,4459.0
0.6710470041257094,0.157673263,0.254607452,0.571516881,3405.0,4459.0
0.6721863857127318,0.09683991,0.238617394,0.542143191,3405.0,4459.0
0.6722138423325358,0.001511448,0.236565649,0.464792455,3405.0,4459.0
0.667411025393858,0.0,0.234329828,0.422289694,3405.0,4459.0
0.6666799883610668,0.0,0.230113946,0.359913717,3405.0,4459.0
0.6549137122186698,0.0,0.223040709,0.308871708,3405.0,4459.0
0.6470850824743746,0.0,0.185331674,0.259650786,3405.0,4459.0
0.6154793195504402,0.0,0.166576668,0.225085642,3405.0,4459.0
0.5923878469156636,0.0,0.165683176,0.214137265,3405.0,4459.0
0.5889773758790203,0.0,0.1634306,0.218792092,3405.0,4459.0
0.5933761064379233,0.0,0.163123648,0.229883699,3405.0,4459.0
0.6191179153486183,0.0,0.161476246,0.22881532,3405.0,4459.0
0.6512201145954666,0.0,0.15617991,0.205747207,3405.0,4459.0
0.7149401414926356,0.0,0.153425296,0.175420716,3405.0,4459.0
0.7805046386704385,0.0,0.151253616,0.164046476,3405.0,4459.0
0.8161271352306649,0.073122148,0.141049958,0.152466074,3405.0,4459.0
0.8146084624740161,0.232042211,0.11151642,0.13974442,3405.0,4459.0
0.8012667818539169,0.370808258,0.096030668,0.124917727,3405.0,4459.0
0.7913867595567993,0.49459909,0.082808463,0.097271557,3405.0,4459.0
0.7878134119298279,0.572113609,0.081753998,0.08329283,3405.0,4459.0
0.7833647361027568,0.610069177,0.074068962,0.071003458,3405.0,4459.0
0.7795146935954796,0.597469866,0.073996462,0.067890693,3405.0,4459.0
0.7778119419616375,0.525586973,0.073067736,0.072415026,3405.0,4459.0
0.7769718326911831,0.420172144,0.067234704,0.077506734,3405.0,4459.0
0.7771033936784508,0.294355363,0.058164534,0.086678778,3405.0,4459.0
0.7781372515065239,0.157276047,0.064597886,0.102892435,3405.0,4459.0
0.7744877883530794,0.0008135785,0.0827920475,0.118447862,3405.0,4459.0
0.742350902499013,0.0,0.094354649,0.10954338,3405.0,4459.0
0.7156670977242856,0.0,0.103439589,0.112321652,3405.0,4459.0
0.6327531019820656,0.0,0.12045674149999999,0.1503735865,3405.0,4459.0
0.5924830578134382,0.0,0.119608354,0.16955162499999998,3405.0,4459.0
0.6085939275871068,0.0,0.13780814800000002,0.2021239955,3405.0,4459.0
0.6538719589495282,0.0,0.155870131,0.296422901,3405.0,4459.0
0.7210143445401328,0.0,0.166731973,0.295254924,3405.0,4459.0
0.7887354917672534,0.0,0.17951277,0.290911917,3405.0,4459.0
0.8197067814326635,0.097690167,0.17869,0.296371412,3405.0,4459.0
0.8128267565307296,0.301053322,0.145401165,0.263002829,3405.0,4459.0
0.7949233801759822,0.489334326,0.106171517,0.203453536,3405.0,4459.0
0.7858424818658334,0.674527544,0.109152998,0.173997706,3405.0,4459.0
0.7824204781215097,0.781803759,0.141760878,0.153399361,3405.0,4459.0
0.777357111931294,0.801126076,0.16897947,0.132922972,3405.0,4459.0
0.7743976562850666,0.780188848,0.181107132,0.104899156,3405.0,4459.0
0.772379442261319,0.686946893,0.181005484,0.092190118,3405.0,4459.0
0.771136311154704,0.559039687,0.186702962,0.083125267,3405.0,4459.0
0.770860503444697,0.38986743,0.177026717,0.097520127,3405.0,4459.0
0.7696135576981545,0.196538784,0.216696632,0.139153883,3405.0,4459.0
0.759262116106156,0.001425821,0.284978634,0.19192023,3405.0,4459.0
0.7512864006536698,0.0,0.334498312,0.26664456,3405.0,4459.0
0.7266483107645824,0.0,0.371853259,0.378298714,3405.0,4459.0
0.7030878584266956,0.0,0.388531449,0.480175269,3405.0,4459.0
0.6421862783259457,0.0,0.4464122,0.596599566,3405.0,4459.0
0.611894882851558,0.0,0.429040353,0.630641543,3405.0,4459.0
0.5885244087746915,0.0,0.411099859,0.664003813,3405.0,4459.0
0.5851323012419424,0.0,0.394218839,0.649258797,3405.0,4459.0
0.5896063045003487,0.0,0.387749672,0.640544167,3405.0,4459.0
0.6177324004452786,0.0,0.383202196,0.645619008,3405.0,4459.0
0.6493061379691695,0.0,0.384492168,0.656018583,3405.0,4459.0
0.7126594267059182,0.0,0.38847443,0.659703145,3405.0,4459.0
0.7720735608651814,0.0,0.405212555,0.667987214,3405.0,4459.0
0.8029432745427965,0.093077124,0.422587936,0.681904042,3405.0,4459.0
0.797123189040583,0.295223445,0.403527834,0.684750222,3405.0,4459.0
0.7862077120493509,0.449602759,0.355504433,0.638800537,3405.0,4459.0
0.7825689832211864,0.557952751,0.355849795,0.614926628,3405.0,4459.0
0.7795085723937681,0.618494238,0.382729014,0.603225583,3405.0,4459.0
0.7759801133768675,0.616252048,0.41751284,0.589223745,3405.0,4459.0
0.7750315972211637,0.556073477,0.441774005,0.572322274,3405.0,4459.0
0.7736695910652331,0.447269301,0.459521088,0.582770954,3405.0,4459.0
0.7719327738332579,0.348863125,0.45099969,0.587987732,3405.0,4459.0
0.7706446654299144,0.214602936,0.448951817,0.632949613,3405.0,4459.0
0.7670438168398102,0.097771881,0.467139063,0.69465725,3405.0,4459.0
0.7565850329061765,0.0,0.479351368,0.748021417,3405.0,4459.0
0.748938973859691,0.0,0.495703607,0.794015113,3405.0,4459.0
0.7236915164267702,0.0,0.502176196,0.827412171,3405.0,4459.0
0.7004923466024869,0.0,0.511665699,0.849904415,3405.0,4459.0
0.6414207321604923,0.0,0.59292707,0.825192832,3405.0,4459.0
0.6097627174066057,0.0,0.55391653,0.853287812,3405.0,4459.0
0.5853099927562104,0.0,0.530774046,0.840814337,3405.0,4459.0
0.582828121848664,0.0,0.5075709815,0.8358026414999999,3405.0,4459.0
0.6068349765546388,0.0,0.502639461,0.874780973,3405.0,4459.0
0.638343510250652,0.0,0.517134097,0.896549511,3405.0,4459.0
0.6996830649559944,0.0,0.526682576,0.90360233,3405.0,4459.0
0.7558408220575751,0.0,0.534139048,0.905618747,3405.0,4459.0
0.7810246725286597,0.057489931,0.537358057,0.903318265,3405.0,4459.0
0.783218360191549,0.242430881,0.523749731,0.874612419,3405.0,4459.0
0.7806685797031402,0.408764582,0.480541118,0.832940834,3405.0,4459.0
0.7788001127972394,0.53816398,0.407684306,0.779137778,3405.0,4459.0
0.7799578135448273,0.625805968,0.435997742,0.793177597,3405.0,4459.0
0.7783845824976823,0.656991139,0.454268454,0.806074355,3405.0,4459.0
0.7769066288633052,0.605696167,0.463649708,0.821391022,3405.0,4459.0
0.7742688453941121,0.489136684,0.446840748,0.806151644,3405.0,4459.0
0.7723689741984933,0.355369785,0.423238454,0.797059259,3405.0,4459.0
0.7720088006730732,0.218218917,0.401614362,0.701684529,3405.0,4459.0
0.7659080281760706,0.098481805,0.398889726,0.579166795,3405.0,4459.0
0.7497804138349732,0.0,0.402396274,0.561340859,3405.0,4459.0
0.7224278927290325,0.0,0.40675931,0.559987335,3405.0,4459.0
0.6998758376566566,0.0,0.405524167,0.626899878,3405.0,4459.0
0.6413280717128106,0.0,0.420264406,0.699361434,3405.0,4459.0
0.6099543368769961,0.0,0.404728128,0.710948804,3405.0,4459.0
0.5853099927562104,0.0,0.393026146,0.727570208,3405.0,4459.0
0.5831063914233467,0.0,0.4075151735,0.799147568,3405.0,4459.0
0.6081635822623693,0.0,0.425152889,0.824616943,3405.0,4459.0
0.6399129710011983,0.0,0.432415796,0.835815053,3405.0,4459.0
0.7003374985844545,0.0,0.444177656,0.850267191,3405.0,4459.0
0.7562527150905202,0.0,0.460156656,0.856092007,3405.0,4459.0
0.781593232162323,0.057591255,0.469681477,0.855458643,3405.0,4459.0
0.783218360191549,0.167415795,0.459889454,0.857353777,3405.0,4459.0
0.7813488286407935,0.32073011,0.440648197,0.86815371,3405.0,4459.0
0.7794706033678095,0.481862945,0.383036113,0.802139358,3405.0,4459.0
0.7787312717027496,0.608435277,0.400013058,0.825609147,3405.0,4459.0
0.7775911360766554,0.681416177,0.41442423,0.848669663,3405.0,4459.0
0.7758892716131119,0.672839461,0.415875636,0.854162555,3405.0,4459.0
0.7731722676732609,0.586878987,0.400375206,0.85458396,3405.0,4459.0
0.7723657805676509,0.437521419,0.367213921,0.839268452,3405.0,4459.0
0.7717878173135353,0.30489103,0.319006227,0.819230052,3405.0,4459.0
0.7658042343131494,0.146729382,0.322203895,0.802606471,3405.0,4459.0
0.7534428289863432,0.0,0.344613384,0.792729091,3405.0,4459.0
0.7458362471452,0.0,0.363898107,0.78757347,3405.0,4459.0
0.7215058572349359,0.0,0.375950585,0.789410946,3405.0,4459.0
0.6994970788094576,0.0,0.390721919,0.796294915,3405.0,4459.0
0.6220087518194811,0.0,0.431891353,0.804724369,3405.0,4459.0
0.588627537285199,0.0,0.421061773,0.827956127,3405.0,4459.0
0.5535311513909562,0.0,0.412851594,0.858053077,3405.0,4459.0
0.5527750086940943,0.0,0.41626579799999996,0.872089151,3405.0,4459.0
0.5628135162252361,0.0,0.43157304399999996,0.8873012685,3405.0,4459.0
0.5923413170962226,0.0,0.45087839,0.893254521,3405.0,4459.0
0.6233058202075071,0.084418313,0.460391613,0.894130509,3405.0,4459.0
0.6509633799838561,0.326695702,0.42862778,0.890828977,3405.0,4459.0
0.653969809085294,0.517113582,0.389819727,0.872619051,3405.0,4459.0
0.6537885689910716,0.666381844,0.329860823,0.820181453,3405.0,4459.0
0.656522783204545,0.761287669,0.359705541,0.823242858,3405.0,4459.0
0.6560893329356228,0.795792081,0.382552715,0.82611432,3405.0,4459.0
0.6581603310105096,0.758856637,0.393876559,0.82181136,3405.0,4459.0
0.6579328716013887,0.668777144,0.399084963,0.81044663,3405.0,4459.0
0.6565330738940555,0.546228454,0.393451004,0.784018398,3405.0,4459.0
0.6534146006407563,0.370753619,0.369315918,0.750466929,3405.0,4459.0
0.6486771205599429,0.154763408,0.401424312,0.728406533,3405.0,4459.0
0.6400494555153365,0.0,0.422696776,0.697708634,3405.0,4459.0
0.6364274933756451,0.0,0.444181767,0.6652169750000001,3405.0,4459.0
0.631992745454076,0.0,0.470235758,0.644472176,3405.0,4459.0
0.6220087518194811,0.0,0.494644363,0.605997568,3405.0,4459.0
0.5887037414983298,0.0,0.510378532,0.553706822,3405.0,4459.0
0.5581145374421884,0.0,0.530023231,0.508685588,3405.0,4459.0
0.5491917473971484,0.0,0.5545134195,0.4834502385,3405.0,4459.0
0.5561770964118112,0.0,0.580340652,0.504749268,3405.0,4459.0
0.5608786035239077,0.0,0.60928078,0.532182396,3405.0,4459.0
0.5647484289265646,0.0,0.636535789,0.562628621,3405.0,4459.0
0.59251781103689,0.0,0.659291976,0.639036079,3405.0,4459.0
0.6232871905423992,0.061324063,0.675780415,0.694856292,3405.0,4459.0
0.6515097171303689,0.278205476,0.652463241,0.714804036,3405.0,4459.0
0.6544571966356272,0.447141656,0.630076289,0.699076146,3405.0,4459.0
0.6534733284190511,0.548013292,0.556669529,0.619613248,3405.0,4459.0
0.6541081565254468,0.561748708,0.58509648,0.602987824,3405.0,4459.0
0.6539777488696913,0.564675293,0.597631832,0.581778406,3405.0,4459.0
0.6560384562550676,0.489014207,0.592033582,0.569507069,3405.0,4459.0
0.6550729515423859,0.421564183,0.5598341,0.542437962,3405.0,4459.0
0.6542275194526204,0.339750743,0.525029657,0.483869294,3405.0,4459.0
0.6519258684390109,0.198120169,0.496683355,0.4450104,3405.0,4459.0
0.647855463581281,0.067992453,0.491688614,0.447182399,3405.0,4459.0
0.6402109126129386,0.0,0.498183589,0.473045171,3405.0,4459.0
0.636276282522984,0.0,0.5081094340000001,0.4821655705,3405.0,4459.0
0.632148258723282,0.0,0.493854183,0.474899294,3405.0,4459.0
0.641923422613864,0.0,0.4790367,0.408204405,3405.0,4459.0
0.6098897097148746,0.0,0.456449234,0.365564254,3405.0,4459.0
0.5850680288264517,0.0,0.439392877,0.329050008,3405.0,4459.0
0.580796955826991,0.0,0.418490487,0.266541673,3405.0,4459.0
0.585093622520241,0.0,0.385283963,0.243305423,3405.0,4459.0
0.6067098916169539,0.0,0.354930453,0.2920586,3405.0,4459.0
0.6383201788765583,0.0,0.339776471,0.327046023,3405.0,4459.0
0.6996830649559944,0.0,0.334831294,0.340686845,3405.0,4459.0
0.7558408220575751,0.0,0.33009519,0.360133033,3405.0,4459.0
0.7810246725286597,0.036831864,0.322863503,0.370095702,3405.0,4459.0
0.7829348344137889,0.143995448,0.30135745,0.343896406,3405.0,4459.0
0.7797077324573557,0.252727322,0.269684541,0.30563853,3405.0,4459.0
0.7787612566009819,0.346043747,0.22623856,0.256627103,3405.0,4459.0
0.7799578135448273,0.40621507,0.250763862,0.218173069,3405.0,4459.0
0.778568395213662,0.447204991,0.264483593,0.170043429,3405.0,4459.0
0.7770353509663616,0.434444173,0.261550774,0.144639134,3405.0,4459.0
0.7735806122274922,0.392447669,0.255491955,0.124533639,3405.0,4459.0
0.7723292309331778,0.31014556,0.233890553,0.096745982,3405.0,4459.0
0.7714318131746737,0.193848069,0.217114102,0.08537511,3405.0,4459.0
0.7664587566282671,0.069296567,0.218197739,0.099288436,3405.0,4459.0
0.7540168002272158,0.0,0.22999634600000002,0.1501519005,3405.0,4459.0
0.7246453997451138,0.0,0.235419519,0.190237164,3405.0,4459.0
0.701428442981452,0.0,0.223968877,0.175536594,3405.0,4459.0
0.6414174053984228,0.0,0.258981716,0.182742382,3405.0,4459.0
0.6100424286456788,0.0,0.228981145,0.199873864,3405.0,4459.0
0.586366871555075,0.0,0.199696825,0.238839052,3405.0,4459.0
0.584626949328295,0.0,0.158691175,0.25767393299999997,3405.0,4459.0
0.6116119337395541,0.0,0.127977174,0.219488926,3405.0,4459.0
0.6475662601363384,0.0,0.114136316,0.191362513,3405.0,4459.0
0.7086408300423711,0.0,0.108760047,0.198154386,3405.0,4459.0
0.7650845968568114,0.0,0.104832802,0.204689846,3405.0,4459.0
0.7973771734546397,0.045280258,0.098106535,0.206206599,3405.0,4459.0
0.7888759239513056,0.255285154,0.080062453,0.206549428,3405.0,4459.0
0.782484085083346,0.427089016,0.064136551,0.18385662,3405.0,4459.0
0.7791249787063563,0.572700908,0.048544657,0.185992176,3405.0,4459.0
0.7784065832175683,0.67063049,0.056828092999999996,0.176558492,3405.0,4459.0
0.7756893131671239,0.62249753,0.057547839,0.183155216,3405.0,4459.0
0.7735165617311267,0.550513933,0.054042953,0.174323699,3405.0,4459.0
0.7726318299105749,0.419485696,0.051053718,0.166900607,3405.0,4459.0
0.7716643292418919,0.280611401,0.05181001,0.160083936,3405.0,4459.0
0.7671886846728748,0.103947807,0.057313513,0.147641041,3405.0,4459.0
0.75490348366044,0.0,0.061910176,0.121186019,3405.0,4459.0
0.7263311629232184,0.0,0.059228726,0.118458909,3405.0,4459.0
0.7022402529063732,0.0,0.056743809,0.111723843,3405.0,4459.0
0.6424655459292491,0.0,0.074030571,0.149696214,3405.0,4459.0
0.6126988861233088,0.0,0.062242117,0.136307071,3405.0,4459.0
0.5868294860669243,0.0,0.0481371365,0.1299285915,3405.0,4459.0
0.5899150691240267,0.0,0.045936578,0.138267678,3405.0,4459.0
0.6175082677982272,0.0,0.048323957,0.127350453,3405.0,4459.0
0.6494976687529023,0.0,0.049480485,0.114263675,3405.0,4459.0
0.712171728549802,0.0,0.052110999,0.106212019,3405.0,4459.0
0.772038962944621,0.0,0.051689112,0.102292486,3405.0,4459.0
0.8079236055211864,0.046612005,0.051908016,0.099614902,3405.0,4459.0
0.8009662232770903,0.191451997,0.044292741,0.092651391,3405.0,4459.0
0.787946924529768,0.320112523,0.029105674,0.071891819,3405.0,4459.0
0.783722159633104,0.439646424,0.021812616,0.041375177,3405.0,4459.0
0.781775714173475,0.52973125,0.024080928,0.034693129,3405.0,4459.0
0.7772900451774016,0.588220527,0.0300723,0.031305092,3405.0,4459.0
0.7743976562850666,0.568385945,0.037625677,0.02952561,3405.0,4459.0
0.7726493950320686,0.490345099,0.047469265,0.032727314,3405.0,4459.0
0.7713521491694867,0.382076107,0.060206233,0.049439323,3405.0,4459.0
0.7721177397795093,0.25076671,0.081617594,0.085833659,3405.0,4459.0
0.7722253482823581,0.080581286,0.129930637,0.13860243,3405.0,4459.0
0.7583120917710687,0.0,0.2024412245,0.2213471225,3405.0,4459.0
0.7303108147038505,0.0,0.240607332,0.30693772,3405.0,4459.0
0.7048356317005953,0.0,0.253386698,0.355657926,3405.0,4459.0
0.6427536404872487,0.0,0.239211245,0.364488492,3405.0,4459.0
0.6126356339081033,0.0,0.2435835,0.418751892,3405.0,4459.0
0.5884769475428634,0.0,0.251162409,0.486447635,3405.0,4459.0
0.5849672512210572,0.0,0.261844274,0.566440734,3405.0,4459.0
0.5895090310303391,0.0,0.268843907,0.629085507,3405.0,4459.0
0.6176431111029952,0.0,0.291206456,0.669179776,3405.0,4459.0
0.6492229698285977,0.0,0.305657968,0.674367432,3405.0,4459.0
0.7125288859189356,0.0,0.315613368,0.683191966,3405.0,4459.0
0.7712416131970091,0.0,0.322124724,0.688124945,3405.0,4459.0
0.803365280790696,0.040725019,0.321770242,0.680414271,3405.0,4459.0
0.8009662232770903,0.266849535,0.291672461,0.662453179,3405.0,4459.0
0.7890460749736171,0.432561922,0.234491504,0.655253719,3405.0,4459.0
0.7843361401992653,0.589313843,0.156595015,0.553723501,3405.0,4459.0
0.7824204781215097,0.677156635,0.167608769,0.561104095,3405.0,4459.0
0.7788795993278703,0.704744418,0.192988429,0.574050247,3405.0,4459.0
0.7756279239791735,0.6685204,0.233436918,0.610967324,3405.0,4459.0
0.7738795740395178,0.597437367,0.274750555,0.651515114,3405.0,4459.0
0.7734759312955126,0.488516222,0.314492838,0.697157964,3405.0,4459.0
0.7750945832751555,0.326376056,0.313448448,0.719667959,3405.0,4459.0
0.7748287999922047,0.104074842,0.361072685,0.75750357,3405.0,4459.0
0.7622328383494705,0.0,0.38903723450000005,0.769740295,3405.0,4459.0
0.7316276659872564,0.0,0.388240284,0.760918968,3405.0,4459.0
0.7083909706715437,0.0,0.366722041,0.72297323,3405.0,4459.0
0.643489867208124,0.0,0.306486252,0.634654699,3405.0,4459.0
0.6011857294975748,0.0,0.26889127,0.529416823,3405.0,4459.0
0.5891288971349833,0.0,0.225593558,0.4047413465,3405.0,4459.0
0.6180608148331094,0.0,0.206716864,0.378943693,3405.0,4459.0
0.6504900534196318,0.0,0.198155692,0.395157438,3405.0,4459.0
0.7139363129061237,0.0,0.19259114,0.407594023,3405.0,4459.0
0.7765215269965098,0.0,0.193667554,0.419566175,3405.0,4459.0
0.8144116976588704,0.043067468,0.182984523,0.410772333,3405.0,4459.0
0.8125338272337578,0.303714669,0.137500383,0.377384612,3405.0,4459.0
0.8012667818539169,0.487151527,0.093413941,0.3122492,3405.0,4459.0
0.7913867595567993,0.625787046,0.077936001,0.285757712,3405.0,4459.0
0.7858044241532172,0.73543056,0.080354248,0.287419565,3405.0,4459.0
0.780531607311144,0.771040536,0.085849846,0.272077997,3405.0,4459.0
0.7774812210120225,0.749925993,0.092701513,0.254011997,3405.0,4459.0
0.7755222671902374,0.666698987,0.109105536,0.274776835,3405.0,4459.0
0.7749912329467632,0.529817716,0.1325608,0.328037272,3405.0,4459.0
0.7765996829235535,0.355348965,0.150935582,0.350440265,3405.0,4459.0
0.7785640482513072,0.116456952,0.201521748,0.383991226,3405.0,4459.0
0.7729487560352946,0.0,0.24878233700000002,0.4105092585,3405.0,4459.0
0.7404322242649708,0.0,0.260268143,0.428796463,3405.0,4459.0
0.7140867697197132,0.0,0.260385384,0.428191401,3405.0,4459.0
0.6273848303032888,0.0,0.235941355,0.387436659,3405.0,4459.0
0.5800591988563081,0.0,0.21757692950000002,0.369849823,3405.0,4459.0
0.558261024312959,0.0,0.2102329315,0.3657331935,3405.0,4459.0
0.5714604319440354,0.0,0.21920135149999997,0.3612165035,3405.0,4459.0
0.5881912038899768,0.0,0.221845251,0.348587129,3405.0,4459.0
0.6229046170552727,0.0,0.215517552,0.342009677,3405.0,4459.0
0.6585036934535075,0.032411626,0.209692318,0.331722805,3405.0,4459.0
0.6868851045173219,0.236967307,0.171087148,0.319380528,3405.0,4459.0
0.6860797262986548,0.394274381,0.129951155,0.295113019,3405.0,4459.0
0.6732680152771754,0.562308367,0.106270672,0.234865176,3405.0,4459.0
0.6665243862027223,0.687326947,0.101518234,0.216363217,3405.0,4459.0
0.6586006342979303,0.7661619774999999,0.10599966350000001,0.1885885215,3405.0,4459.0
0.6578650507071843,0.693293337,0.125701461,0.181551401,3405.0,4459.0
0.6572119034402232,0.560083215,0.147373863,0.191098316,3405.0,4459.0
0.6607306040900408,0.371830725,0.157410586,0.212996117,3405.0,4459.0
0.6716571700519431,0.11157063,0.217161799,0.276903064,3405.0,4459.0
0.6766679295643352,0.0,0.257899001,0.325628097,3405.0,4459.0
0.6742756141602857,0.0,0.26828283799999997,0.36069640550000004,3405.0,4459.0
0.6608037920456448,0.0,0.249639309,0.344998616,3405.0,4459.0
0.6306373040343861,0.0,0.227547796,0.313593977,3405.0,4459.0
0.5974958798980652,0.0,0.211354153,0.295408673,3405.0,4459.0
0.5690644793239942,0.0,0.192567738,0.28880829,3405.0,4459.0
0.5627993665018493,0.0,0.174204384,0.273465024,3405.0,4459.0
0.5707431010494817,0.0,0.152212903,0.23664148200000001,3405.0,4459.0
0.5825854482231624,0.0,0.138120641,0.201280313,3405.0,4459.0
0.5937292716925735,0.0,0.136838802,0.180401521,3405.0,4459.0
0.629669714577805,0.0,0.133321965,0.147808029,3405.0,4459.0
0.6745879716060065,0.034411266,0.131348624,0.139146604,3405.0,4459.0
0.695086859886203,0.30408432,0.101208379,0.129673986,3405.0,4459.0
0.6893820566112626,0.489719896,0.059401966,0.107617814,3405.0,4459.0
0.6756569596770671,0.659551393,0.04150868,0.072306423,3405.0,4459.0
0.6674316953582959,0.786468516,0.051397145,0.064056525,3405.0,4459.0
0.6589824316249411,0.841353381,0.075276797,0.075260433,3405.0,4459.0
0.6573709653906238,0.822195429,0.111166701,0.103670105,3405.0,4459.0
0.6563578663148869,0.742454763,0.147988639,0.142117324,3405.0,4459.0
0.6554606260309388,0.604519485,0.182840563,0.181362437,3405.0,4459.0
0.6560517631008645,0.410099566,0.213887822,0.212244627,3405.0,4459.0
0.6590601439162151,0.115089143,0.285226495,0.270678356,3405.0,4459.0
0.6596009365267725,0.0,0.334603235,0.328637489,3405.0,4459.0
0.6585343437041538,0.0,0.353689893,0.40229717,3405.0,4459.0
0.6621811454479427,0.0,0.35645062299999997,0.4714570045,3405.0,4459.0
0.6470850824743746,0.0,0.315427781,0.565258762,3405.0,4459.0
0.6151309891360026,0.0,0.307933722,0.618044774,3405.0,4459.0
0.5923878469156636,0.0,0.311761266,0.688485429,3405.0,4459.0
0.5903575236703402,0.0,0.31330789000000003,0.787770402,3405.0,4459.0
0.6181233129080027,0.0,0.32748984,0.832395521,3405.0,4459.0
0.6497496127663884,0.0,0.333657044,0.837321029,3405.0,4459.0
0.7132850286664176,0.0,0.348227409,0.839019844,3405.0,4459.0
0.773926503050159,0.0,0.35670067,0.837821134,3405.0,4459.0
0.8111833537855077,0.029510414,0.365747724,0.841770559,3405.0,4459.0
0.810679199496081,0.250234568,0.339192399,0.832837535,3405.0,4459.0
0.8028558924698564,0.381785962,0.330414045,0.829565394,3405.0,4459.0
0.7954429703984338,0.487439266,0.326327368,0.825457891,3405.0,4459.0
0.7923920518781254,0.550535879,0.357578668,0.782965397,3405.0,4459.0
0.7877111262462901,0.575453557,0.402161737,0.75158257,3405.0,4459.0
0.7843810288093361,0.578481241,0.444795293,0.736399832,3405.0,4459.0
0.7821503479774446,0.526571907,0.484315694,0.751096103,3405.0,4459.0
0.7825459179070658,0.428050627,0.510598884,0.760740966,3405.0,4459.0
0.7855593996226024,0.299168092,0.500897979,0.740649021,3405.0,4459.0
0.7909251874168999,0.087087847,0.522260714,0.712948973,3405.0,4459.0
0.786355950987814,0.0,0.518709837,0.660873851,3405.0,4459.0
0.7770815702812601,0.0,0.508853737,0.642021627,3405.0,4459.0
0.7452446220961758,0.0,0.489498177,0.612086433,3405.0,4459.0
0.7192238117433909,0.0,0.455979818,0.541498616,3405.0,4459.0
0.6492059813728601,0.0,0.396191409,0.512210451,3405.0,4459.0
0.6176000854189391,0.0,0.379389007,0.485939765,3405.0,4459.0
0.5965832923677497,0.0,0.357354961,0.463587197,3405.0,4459.0
0.5964261377879329,0.0,0.34150029,0.461552603,3405.0,4459.0
0.604567036291291,0.0,0.317427904,0.446322286,3405.0,4459.0
0.6325979878534396,0.0,0.292300232,0.452585924,3405.0,4459.0
0.6818081209767669,0.0,0.256386744,0.454507631,3405.0,4459.0
0.7429751738559253,0.0,0.232980415,0.470307797,3405.0,4459.0
0.80334904637403,0.0,0.230465608,0.501869185,3405.0,4459.0
0.8383639496297798,0.028362556,0.218451629,0.514451079,3405.0,4459.0
0.8346422743776877,0.263654107,0.174070521,0.49837678,3405.0,4459.0
0.8181651320485518,0.442857709,0.141700263,0.4697999,3405.0,4459.0
0.8038527571289273,0.60760245,0.142683388,0.476589094,3405.0,4459.0
0.7924409326026794,0.721728481,0.151207653,0.48476309,3405.0,4459.0
0.7840098548480428,0.774634421,0.186108213,0.5109540665,3405.0,4459.0
0.7789487952702314,0.701774735,0.220438593,0.535727139,3405.0,4459.0
0.779732394536277,0.577026432,0.237760476,0.554901594,3405.0,4459.0
0.7825455630591946,0.390124759,0.248729132,0.566815784,3405.0,4459.0
0.7879543764363075,0.089562612,0.306041634,0.576918778,3405.0,4459.0
0.7796570774428245,0.0,0.343158552,0.577109161,3405.0,4459.0
0.742350902499013,0.0,0.325760795,0.548297387,3405.0,4459.0
0.7156670977242856,0.0,0.308061512,0.50812276,3405.0,4459.0
0.6472684516558251,0.0,0.286364781,0.444261875,3405.0,4459.0
0.6157641316896992,0.0,0.274420947,0.42195641,3405.0,4459.0
0.5903586769512322,0.0,0.2532833665,0.365693269,3405.0,4459.0
0.6053653397241949,0.0,0.22808113800000002,0.322130315,3405.0,4459.0
0.6501161293114049,0.0,0.239484615,0.282586904,3405.0,4459.0
0.7130834290110594,0.0,0.244170707,0.253325895,3405.0,4459.0
0.772038962944621,0.0,0.241246237,0.224376514,3405.0,4459.0
0.8094233824515137,0.024323577,0.239627657,0.205423671,3405.0,4459.0
0.809486900827933,0.271599857,0.205253203,0.185656785,3405.0,4459.0
0.7986785001183627,0.426659478,0.163596128,0.169627898,3405.0,4459.0
0.7911536225817366,0.531351212,0.154782898,0.133154191,3405.0,4459.0
0.7860418193533567,0.584801318,0.174431481,0.1274203965,3405.0,4459.0
0.7817856500151139,0.566234041,0.203090378,0.126463331,3405.0,4459.0
0.7805725038067313,0.4908968,0.21942027,0.128519502,3405.0,4459.0
0.7806629020359577,0.388308399,0.233436186,0.154089607,3405.0,4459.0
0.7811537494795874,0.258213512,0.239666047,0.179831573,3405.0,4459.0
0.779447538053689,0.068406678,0.266942948,0.21757356,3405.0,4459.0
0.7617057518265303,0.0,0.2759818715,0.2524534905,3405.0,4459.0
0.7300702258222483,0.0,0.255863629,0.248461645,3405.0,4459.0
0.7048356317005953,0.0,0.235752083,0.227945812,3405.0,4459.0
0.6421862783259457,0.0,0.201843858,0.230200616,3405.0,4459.0
0.598970174144786,0.0,0.19998229750000002,0.2362900205,3405.0,4459.0
0.5856283382724157,0.0,0.19349709199999998,0.2221322985,3405.0,4459.0
0.6151257994479186,0.0,0.178596453,0.203503491,3405.0,4459.0
0.6480522282951862,0.0,0.162882872,0.177644271,3405.0,4459.0
0.7088811971060883,0.0,0.149177765,0.169676435,3405.0,4459.0
0.7668762385404964,0.0,0.131687741,0.164200615,3405.0,4459.0
0.8041508317706544,0.017982029,0.116963105,0.15448159,3405.0,4459.0
0.8118791274440842,0.194035655,0.092605307,0.145571967,3405.0,4459.0
0.8092865875340736,0.34367491,0.064374463,0.121265419,3405.0,4459.0
0.805707917087791,0.451879419,0.046607356,0.085502556,3405.0,4459.0
0.7972208617017927,0.531323649,0.042603824,0.056705955,3405.0,4459.0
0.7931826595161812,0.615554231,0.046895393,0.046152536,3405.0,4459.0
0.7881278984627768,0.657694074,0.051437465,0.052653267,3405.0,4459.0
0.7862441729971663,0.638723447,0.053634077,0.065722147,3405.0,4459.0
0.7869194540646203,0.548033732,0.056230481,0.077169541,3405.0,4459.0
0.7925383392039161,0.375178549,0.066941592,0.089010584,3405.0,4459.0
0.8058683096417789,0.068851873,0.090661293,0.110616198,3405.0,4459.0
0.7971111241117158,0.0,0.103102725,0.124982826,3405.0,4459.0
0.7875257166642691,0.0,0.096607573,0.127092206,3405.0,4459.0
0.7540309942433113,0.0,0.084521644,0.127455857,3405.0,4459.0
0.722086659373263,0.0,0.069117561,0.120566091,3405.0,4459.0
0.6501755668866829,0.0,0.073866219,0.163644314,3405.0,4459.0
0.617361226433365,0.0,0.062876148,0.20345951,3405.0,4459.0
0.5943579785972576,0.0,0.058151455,0.261305022,3405.0,4459.0
0.5929063283017925,0.0,0.056614503999999996,0.2891596985,3405.0,4459.0
0.619233907271634,0.0,0.061535543,0.324937257,3405.0,4459.0
0.6512201145954666,0.0,0.069126353,0.360218717,3405.0,4459.0
0.714701105133746,0.0,0.079811038,0.396002404,3405.0,4459.0
0.7779935369037312,0.0,0.088190784,0.42046482,3405.0,4459.0
0.8161271352306649,0.013517999,0.091599995,0.426918143,3405.0,4459.0
0.8223905180555413,0.160411815,0.079470896,0.432523603,3405.0,4459.0
0.8197318871473542,0.285164799,0.063309552,0.434543067,3405.0,4459.0
0.8129625756924539,0.417603361,0.082822005,0.430675998,3405.0,4459.0
0.8073755384786456,0.450579977,0.094420344,0.476677204,3405.0,4459.0
0.7966904484674036,0.470886323,0.120182234,0.52900534,3405.0,4459.0
0.7936934672285062,0.426217309,0.141448086,0.580597302,3405.0,4459.0
0.7933384390478413,0.34074272,0.167053783,0.610833999,3405.0,4459.0
0.7981950158946147,0.205025375,0.189439621,0.64796972,3405.0,4459.0
0.8077011140835053,0.099580675,0.206396721,0.717411918,3405.0,4459.0
0.8096286637168129,0.016007621,0.216267112,0.756658646,3405.0,4459.0
0.7939973969613513,0.0,0.21814651499999999,0.754907636,3405.0,4459.0
0.7537476458388668,0.0,0.207208561,0.7547722,3405.0,4459.0
0.7272682351591399,0.0,0.19580236,0.752552583,3405.0,4459.0
0.6329456972587921,0.0,0.164596827,0.769415416,3405.0,4459.0
0.6053253524693302,0.0,0.175202158,0.734963898,3405.0,4459.0
0.5763223759028284,0.0,0.17504668499999998,0.6797000209999999,3405.0,4459.0
0.578570089635027,0.0,0.178400179,0.659758751,3405.0,4459.0
0.5917284232453398,0.0,0.19384259650000002,0.6763882219999999,3405.0,4459.0
0.6032106191158851,0.0,0.211323411,0.675482227,3405.0,4459.0
0.634685796909508,0.0,0.219125306,0.661236122,3405.0,4459.0
0.6813767111084151,0.004240693,0.210152351,0.615907089,3405.0,4459.0
0.7204263567577205,0.128179069,0.185868434,0.572673537,3405.0,4459.0
0.7213051447498764,0.23424169,0.169407611,0.53658516,3405.0,4459.0
0.7102463081049634,0.310311808,0.125851782,0.458410849,3405.0,4459.0
0.7052120397439218,0.354686986,0.137149752,0.396010831,3405.0,4459.0
0.7017111703768116,0.366507224,0.16016017,0.364967463,3405.0,4459.0
0.7040573552538608,0.349299918,0.178914749,0.383605697,3405.0,4459.0
0.7085967841580297,0.335157821,0.197100518,0.442087908,3405.0,4459.0
0.7260178739638702,0.258515223,0.225400002,0.529439222,3405.0,4459.0
0.7349770584417323,0.173314504,0.250829482,0.620409054,3405.0,4459.0
0.7387532476409917,0.030590119,0.290894069,0.686819333,3405.0,4459.0
0.7327177676585247,0.0,0.335348526,0.736117809,3405.0,4459.0
0.7254671898550027,0.0,0.367689286,0.76824219,3405.0,4459.0
0.709571980672181,0.0,0.385436759,0.7986446144999999,3405.0,4459.0
0.6539306868290635,0.0,0.37943495,0.838703054,3405.0,4459.0
0.6271592782647519,0.0,0.403152293,0.819474113,3405.0,4459.0
0.6098819916471215,0.0,0.437060611,0.807610212,3405.0,4459.0
0.601770834153687,0.0,0.476988746,0.79802196,3405.0,4459.0
0.6001415145156181,0.0,0.5109254495,0.843015705,3405.0,4459.0
0.6050046117046831,0.0,0.5432971959999999,0.8774227459999999,3405.0,4459.0
0.6383794388760401,0.003363916,0.560587271,0.875375426,3405.0,4459.0
0.6830384774587718,0.07688112,0.544846513,0.875202974,3405.0,4459.0
0.7236315910748746,0.132031754,0.569764432,0.884597051,3405.0,4459.0
0.7266321650345742,0.187116886,0.551122553,0.860886638,3405.0,4459.0
0.7213271011770537,0.234473552,0.576840043,0.875117232,3405.0,4459.0
0.7198962983712027,0.240818931,0.583026047,0.887507561,3405.0,4459.0
0.7122142220126714,0.243070378,0.585083609,0.90765777,3405.0,4459.0
0.7146514260267914,0.203874533,0.58169622,0.901056499,3405.0,4459.0
0.7261696170377181,0.143653547,0.586021615,0.889751298,3405.0,4459.0
0.7389482824588688,0.075558831,0.590936757,0.896807841,3405.0,4459.0
0.7424931090236626,0.011863775,0.582702516,0.897101628,3405.0,4459.0
0.7400030765644543,0.0,0.565063068,0.8993926065,3405.0,4459.0
0.726012285084586,0.0,0.5302551575000001,0.8940884285,3405.0,4459.0
0.6865997822779202,0.0,0.4006132405,0.8643381880000001,3405.0,4459.0
0.6490725131162488,0.0,0.394106077,0.840970519,3405.0,4459.0
0.6332543065289584,0.0,0.379312026,0.8491349655,3405.0,4459.0
0.6500258641627854,0.0,0.35707973849999997,0.8448379189999999,3405.0,4459.0
0.7083366785422613,0.0,0.343300778,0.827020473,3405.0,4459.0
0.7650911615930521,0.0,0.347187956,0.821387406,3405.0,4459.0
0.8178077973061028,0.002277486,0.368835207,0.810661269,3405.0,4459.0
0.8535402089309623,0.054002091,0.39201714,0.784243864,3405.0,4459.0
0.8623349200536954,0.094122228,0.417943505,0.769444182,3405.0,4459.0
0.8591716912203122,0.135849626,0.349211844,0.684192975,3405.0,4459.0
0.8574196154286273,0.151104399,0.402075767,0.738802988,3405.0,4459.0
0.854354502790983,0.159659636,0.441779514,0.753679736,3405.0,4459.0
0.8517249696107295,0.144871653,0.486510315,0.727627391,3405.0,4459.0
0.8520786671878072,0.10670839,0.514790067,0.703628098,3405.0,4459.0
0.8540633477333681,0.07635022,0.538666517,0.699582257,3405.0,4459.0
0.86356651845263,0.039308123,0.53819191,0.677001804,3405.0,4459.0
0.8644206443658644,0.010232353,0.537470974,0.687259566,3405.0,4459.0
0.8510959965954521,0.0,0.529103528,0.690112525,3405.0,4459.0
0.825986398674206,0.0,0.516702268,0.648345646,3405.0,4459.0
0.8030635688823571,0.0,0.491515254,0.621771339,3405.0,4459.0
0.7779600922134426,0.0,0.394339423,0.599855576,3405.0,4459.0
0.6776278897410617,0.0,0.421592615,0.609089154,3405.0,4459.0
0.6479157660539528,0.0,0.404471096,0.583561617,3405.0,4459.0
0.6371178112355441,0.0,0.36656042200000005,0.527515752,3405.0,4459.0
0.6643896924793414,0.0,0.368804433,0.489328133,3405.0,4459.0
0.7083366785422613,0.0,0.389817544,0.461795947,3405.0,4459.0
0.7642857389298159,0.0,0.409979531,0.433624822,3405.0,4459.0
0.8133538874476188,0.002979739,0.428753801,0.444493526,3405.0,4459.0
0.8474122016320406,0.108912081,0.442548231,0.474567125,3405.0,4459.0
0.8495298625563549,0.218278803,0.433611709,0.475463091,3405.0,4459.0
0.8438123290001333,0.310042673,0.438848492,0.473881365,3405.0,4459.0
0.8361006224900004,0.406513572,0.467418573,0.489274145,3405.0,4459.0
0.828044355963269,0.429750598,0.483481279,0.491396503,3405.0,4459.0
0.8244252325559283,0.388188201,0.490722602,0.487791108,3405.0,4459.0
0.8219535193079055,0.347883549,0.476433765,0.496357913,3405.0,4459.0
0.8203591746605529,0.256937473,0.440811198,0.482945534,3405.0,4459.0
0.8283938840525478,0.149936647,0.413419397,0.472305306,3405.0,4459.0
0.8366611980971781,0.008060723,0.41003134750000003,0.49056172749999993,3405.0,4459.0
0.8176149359187828,0.0,0.414772637,0.5257767659999999,3405.0,4459.0
0.7864793503727997,0.0,0.410625663,0.52395002,3405.0,4459.0
0.7574420862890396,0.0,0.432505355,0.5628509,3405.0,4459.0
0.6646732627016707,0.0,0.38874003,0.520923054,3405.0,4459.0
0.6409761040317611,0.0,0.364993157,0.483680348,3405.0,4459.0
0.6199029562790541,0.0,0.3722379645,0.486985783,3405.0,4459.0
0.6229808212684036,0.0,0.386887512,0.519837576,3405.0,4459.0
0.6534408152423902,0.0,0.406580207,0.536205678,3405.0,4459.0
0.6959086499960919,0.0,0.416584968,0.545743039,3405.0,4459.0
0.7553634590355387,0.0,0.435378533,0.547350242,3405.0,4459.0
0.8098818497484691,0.002242732,0.454569587,0.557868187,3405.0,4459.0
0.8440852092405117,0.050313504,0.457096356,0.586232939,3405.0,4459.0
0.8435749337493734,0.102028887,0.441190766,0.56826069,3405.0,4459.0
0.8331558930810553,0.157267054,0.411028848,0.488034726,3405.0,4459.0
0.8233824147431725,0.202389821,0.396605268,0.447258753,3405.0,4459.0
0.8174402606620417,0.199992853,0.413656203,0.406675241,3405.0,4459.0
0.8096857946290662,0.181969731,0.426859764,0.395675928,3405.0,4459.0
0.8083417972303991,0.153967522,0.440874959,0.409097097,3405.0,4459.0
0.808526142268806,0.110204329,0.451800806,0.438383191,3405.0,4459.0
0.8184770459597434,0.053301067,0.464116609,0.476557961,3405.0,4459.0
0.8223837759459853,0.006139418,0.470159524,0.483670348,3405.0,4459.0
0.8201688858949903,0.0,0.468936834,0.467156006,3405.0,4459.0
0.8023996430480276,0.0,0.466622438,0.440802635,3405.0,4459.0
0.7873140481372852,0.0,0.461820207,0.406772404,3405.0,4459.0
0.7499417822459175,0.0,0.453376338,0.367893118,3405.0,4459.0
0.7167416303313018,0.0,0.444024134,0.362338236,3405.0,4459.0
0.6686146349518018,0.0,0.416972983,0.390916246,3405.0,4459.0
0.6442169564697607,0.0,0.388753341,0.427888338,3635.0,4760.0
0.6282952886957558,0.0,0.3596118275,0.49159266900000004,3635.0,4760.0
0.6333768853092591,0.0,0.326366765,0.479620518,3635.0,4760.0
0.6739108719558667,0.0,0.299770435,0.45202655,3635.0,4760.0
0.7388200483349109,0.0,0.290790729,0.446181893,3635.0,4760.0
0.8308952273509315,0.0,0.293502475,0.45211643,3635.0,4760.0
0.8783496030726331,0.002651327,0.298561165,0.457674514,3635.0,4760.0
0.8816749986993611,0.072629919,0.300642843,0.4807917,3635.0,4760.0
0.867463312597233,0.167328889,0.296046342,0.487872934,3635.0,4760.0
0.8554672262418425,0.260514742,0.242758308,0.475137821,3635.0,4760.0
0.8539937082564779,0.307979275,0.269590403,0.459273106,3635.0,4760.0
0.8506442715599135,0.335387269,0.297903182,0.449261843,3635.0,4760.0
0.8530093521620439,0.33141518,0.294704562,0.452591236,3635.0,4760.0
0.8549929681639906,0.272948169,0.291889778,0.438614251,3635.0,4760.0
0.8585672028600203,0.208191307,0.281176764,0.452566299,3635.0,4760.0
0.8711138402942916,0.130247565,0.279648337,0.46631815,3635.0,4760.0
0.8739919464838732,0.007023624,0.263366049,0.467886692,3635.0,4760.0
0.8771305131370947,0.0,0.256908546,0.443454479,3635.0,4760.0
0.8544019641240516,0.0,0.242801943,0.402609696,3635.0,4760.0
0.8233943909853821,0.0,0.226309306,0.33655668,3635.0,4760.0
0.7829264953369508,0.0,0.200088008,0.272685825,3635.0,4760.0
0.7401781510630159,0.0,0.195323218,0.313857313,3635.0,4760.0
0.6721526305179009,0.0,0.157288259,0.225825148,3635.0,4760.0
0.6487568290096991,0.0,0.13047548,0.183499387,3635.0,4760.0
0.6400211118264745,0.0,0.1089781045,0.19385817100000002,3635.0,4760.0
0.6485429869509176,0.0,0.089253068,0.194854538,3635.0,4760.0
0.6895660023572289,0.0,0.083994671,0.185877521,3635.0,4760.0
0.7655489190930242,0.0,0.080338411,0.20173434,3635.0,4760.0
0.8621279533369377,0.0,0.079469488,0.220820495,3635.0,4760.0
0.9088529332352182,0.003266344,0.07481359,0.226675493,3635.0,4760.0
0.9097853036609136,0.155979256,0.07013074,0.208169623,3635.0,4760.0
0.8983291228470224,0.297277301,0.053259407,0.158783359,3635.0,4760.0
0.8812978809602918,0.414782331,0.04128803,0.12933385,3635.0,4760.0
0.8663923729135,0.486502904,0.061089283,0.118302411,3635.0,4760.0
0.8604170401008132,0.501803914,0.094308233,0.111801161,3635.0,4760.0
0.8559201933461713,0.472805105,0.118809282,0.117771004,3635.0,4760.0
0.8544968866889481,0.414377428,0.150479514,0.12541632,3635.0,4760.0
0.8591938694653743,0.329496601,0.178396977,0.126468742,3635.0,4760.0
0.8829167991011484,0.219864245,0.204771002,0.128012673,3635.0,4760.0
0.9000993847692861,0.01072258,0.236151691,0.130522097,3635.0,4760.0
0.9114263112589343,0.0,0.262633709,0.131844215,3635.0,4760.0
0.891225187115922,0.0,0.270193844,0.132989515,3635.0,4760.0
0.8560871506364,0.0,0.271688761,0.132477399,3635.0,4760.0
0.8281189633103584,0.0,0.273434266,0.137728245,3635.0,4760.0
0.7902027111775909,0.0,0.252026858,0.185110993,3635.0,4760.0
0.6804807128426369,0.0,0.247538404,0.222142755,3635.0,4760.0
0.6624107782876206,0.0,0.242046144,0.265716885,3635.0,4760.0
0.6458028068892443,0.0,0.256579462,0.3441486075,3635.0,4760.0
0.6494510945901324,0.0,0.256389513,0.379725768,3635.0,4760.0
0.6810319291726913,0.0,0.250292985,0.4488885925,3635.0,4760.0
0.7254132525735918,0.003010201,0.239939096,0.517014998,3635.0,4760.0
0.7587249606609702,0.176436991,0.214708887,0.52834295,3635.0,4760.0
0.7662806214782294,0.321141014,0.161078326,0.502532328,3635.0,4760.0
0.750239058505244,0.467596741,0.111240456,0.486259376,3635.0,4760.0
0.7344634561885248,0.582857224,0.099356179,0.462500302,3635.0,4760.0
0.7302560789387986,0.637012076,0.094734104,0.428887145,3635.0,4760.0
0.7268951982212116,0.622931761,0.089079496,0.392038577,3635.0,4760.0
0.7258713205781063,0.56079709,0.091758894,0.365984849,3635.0,4760.0
0.7328660952836453,0.419972568,0.093457755,0.382929166,3635.0,4760.0
0.7535515908207043,0.251966933,0.107835307,0.419245911,3635.0,4760.0
0.7856852829426879,0.011594592,0.131642725,0.439781136,3635.0,4760.0
0.7878985761782616,0.0,0.1665399135,0.4693818825,3635.0,4760.0
0.7695581122373598,0.0,0.181316032,0.498337541,3635.0,4760.0
0.7469449119665827,0.0,0.187313333,0.5280122085,3635.0,4760.0
0.6703182292607532,0.0,0.1833444025,0.542427891,3635.0,4760.0
0.6448122630274852,0.0,0.17222116,0.534880569,3635.0,4760.0
0.6393471170698991,0.0,0.163656044,0.510592484,3635.0,4760.0
0.6570026302123014,0.0,0.1469612535,0.477034058,3635.0,4760.0
0.6832749854379926,0.0,0.146335252,0.493054239,3635.0,4760.0
0.7175488715772238,0.002936942,0.149024472,0.514138557,3635.0,4760.0
0.748859930863589,0.175392609,0.148611364,0.49287647,3635.0,4760.0
0.7568116938316565,0.334406167,0.121328755,0.452048594,3635.0,4760.0
0.7466038781557931,0.4713548,0.098237397,0.398652771,3635.0,4760.0
0.7316931359763479,0.589681574,0.091433932,0.376395802,3635.0,4760.0
0.7243160538436555,0.653437099,0.098707391,0.398292567,3635.0,4760.0
0.7169449598826881,0.653628718,0.105193613,0.405423926,3635.0,4760.0
0.7164377449924059,0.579755838,0.119881958,0.423130502,3635.0,4760.0
0.7194351254225033,0.433588518,0.145173405,0.427980787,3635.0,4760.0
0.7390329587788244,0.247491266,0.218490849,0.44858644,3635.0,4760.0
0.7500289868443015,0.009290498,0.321225699,0.514388387,3635.0,4760.0
0.7501583299564428,0.0,0.385016837,0.600427703,3635.0,4760.0
0.7338753132044615,0.0,0.4360786505,0.6727132275000001,3635.0,4760.0
0.7231508568461994,0.0,0.46933425,0.681052391,3635.0,4760.0
0.7002199098966377,0.0,0.494328535,0.644920748,3635.0,4760.0
0.660324787814238,0.0,0.5124513294999999,0.679682425,3635.0,4760.0
0.6329088592914409,0.0,0.4987093105,0.6651513835,3635.0,4760.0
0.6372671590609501,0.0,0.482281845,0.647731725,3635.0,4760.0
0.6776566326211241,0.0,0.47444154,0.630428161,3635.0,4760.0
0.7444148922018895,0.0,0.476718845,0.625999876,3635.0,4760.0
0.8386197970710917,0.0,0.467596493,0.624405638,3635.0,4760.0
0.8868863375655857,0.002676011,0.460564024,0.615130591,3635.0,4760.0
0.8865413339132175,0.180113395,0.436682058,0.586810837,3635.0,4760.0
0.8719009880390509,0.319952945,0.388412926,0.549033406,3635.0,4760.0
0.8503187846417115,0.429276496,0.306603399,0.423190477,3635.0,4760.0
0.8332628806760597,0.473483944,0.308990118,0.384629494,3635.0,4760.0
0.824488662144449,0.466193065,0.303356464,0.37031443,3635.0,4760.0
0.8192947109251624,0.441739496,0.302378992,0.348089228,3635.0,4760.0
0.817761844152418,0.360506348,0.314753385,0.333660521,3635.0,4760.0
0.8209862846991955,0.243094485,0.341133081,0.388057263,3635.0,4760.0
0.8326426014336309,0.133160875,0.383171558,0.44806792,3635.0,4760.0
0.8431121195913039,0.003369087,0.407339762,0.468933147,3635.0,4760.0
0.8300163505708775,0.0,0.429153102,0.4301509415,3635.0,4760.0
0.7946154583792739,0.0,0.440802686,0.406605944,3635.0,4760.0
0.7617537897241147,0.0,0.44276834,0.387384733,3635.0,4760.0
0.7219375776078301,0.0,0.425474053,0.354543823,3635.0,4760.0
0.6644403030999234,0.0,0.419866896,0.344138282,3635.0,4760.0
0.6334380305582804,0.0,0.4103818255,0.3208080605,3635.0,4760.0
0.6263600211465561,0.0,0.3852293405,0.360939311,3635.0,4760.0
0.6694644582460104,0.0,0.370130158,0.399280758,3635.0,4760.0
0.7339569954385545,0.0,0.367328382,0.415342051,3635.0,4760.0
0.8216123302954647,0.0,0.365873302,0.409682873,3635.0,4760.0
0.8550751161042772,0.001502833,0.373385228,0.418846802,3635.0,4760.0
0.8549137476933328,0.077972207,0.393164952,0.435018661,3635.0,4760.0
0.8393701291214046,0.169504643,0.401846735,0.460755618,3635.0,4760.0
0.8320406856950963,0.283354887,0.319591859,0.515008524,3635.0,4760.0
0.8252185902902973,0.33355182299999997,0.35022786,0.5436863439999999,3635.0,4760.0
0.8227932737304884,0.312139043,0.389604647,0.605019136,3635.0,4760.0
0.8220664505288249,0.275528661,0.422833433,0.691259312,3635.0,4760.0
0.8248530052589084,0.210617048,0.447874713,0.750074756,3635.0,4760.0
0.8342879558927656,0.125145013,0.457301595,0.821322506,3635.0,4760.0
0.8447864831423348,0.002143162,0.45934913099999997,0.8580632575,3635.0,4760.0
0.8200886009313386,0.0,0.496348142,0.8760113334999999,3635.0,4760.0
0.7710528325095897,0.0,0.546518674,0.888164741,3635.0,4760.0
0.7296730146832568,0.0,0.596190036,0.887785478,3635.0,4760.0
0.6690051038799968,0.0,0.606814712,0.891821721,3635.0,4760.0
0.6440829558907221,0.0,0.62651988,0.892172314,3635.0,4760.0
0.628387594244946,0.0,0.647647828,0.88999466,3635.0,4760.0
0.6296475807773121,0.0,0.6768292485,0.89950149,3635.0,4760.0
0.6721149276531558,0.0,0.687923277,0.907646937,3635.0,4760.0
0.7360464013606645,0.0,0.691598262,0.905456955,3635.0,4760.0
0.8272079726460843,0.0,0.694215246,0.910465393,3635.0,4760.0
0.8642834058126546,0.001616736,0.68870903,0.917522771,3635.0,4760.0
0.8678670441291364,0.06742602,0.677919227,0.923467274,3635.0,4760.0
0.8652694474597878,0.121709925,0.657858473,0.923761288,3635.0,4760.0
0.8610718285771447,0.163692572,0.586408363,0.914748344,3635.0,4760.0
0.8557958181042291,0.2179047825,0.5926323545000001,0.915814323,3635.0,4760.0
0.8492067708865948,0.201258298,0.582890668,0.910804365,3635.0,4760.0
0.8480477394341791,0.184014261,0.570952974,0.914331718,3635.0,4760.0
0.8495770577282098,0.157081676,0.55318721,0.908298358,3635.0,4760.0
0.8592215478018226,0.103783793,0.526801677,0.900154565,3635.0,4760.0
0.8613210225955581,0.004633464,0.495187372,0.879170528,3635.0,4760.0
0.8486426911946525,0.0,0.442025636,0.8038479655,3635.0,4760.0
0.8095811136970866,0.0,0.389884351,0.680560889,3635.0,4760.0
0.7696663417492937,0.0,0.359827355,0.628615818,3635.0,4760.0
0.7296559375408613,0.0,0.332293842,0.651347863,3635.0,4760.0
0.667934164196264,0.0,0.283164637,0.65576268,3635.0,4760.0
0.6368546671905844,0.0,0.2357259595,0.640940412,3635.0,4760.0
0.6332460341189743,0.0,0.208587129,0.657188969,3635.0,4760.0
0.6782730972236255,0.0,0.215619101,0.686870295,3635.0,4760.0
0.7520447168317089,0.0,0.231230847,0.705292325,3635.0,4760.0
0.8486205573435394,0.0,0.249157639,0.7614062,3635.0,4760.0
0.8995133487007866,0.001297179,0.262321799,0.805685382,3635.0,4760.0
0.9077119104388255,0.159520165,0.255676998,0.818392139,3635.0,4760.0
0.8983291228470224,0.359162291,0.225997968,0.816718604,3635.0,4760.0
0.8826519916751541,0.515036691,0.1917292,0.73321025,3635.0,4760.0
0.8648406546577627,0.5927922715,0.2217427675,0.7098271979999999,3635.0,4760.0
0.8535167000823128,0.512365178,0.238812442,0.70488933,3635.0,4760.0
0.8531496956594383,0.41461437,0.244353162,0.71302632,3635.0,4760.0
0.858886479889853,0.248816447,0.269779917,0.727433144,3635.0,4760.0
0.8754937638147713,0.108736445,0.330463711,0.795543751,3635.0,4760.0
0.8920634334603617,0.002996744,0.381725094,0.848193395,3635.0,4760.0
0.877992135198957,0.0,0.42528052299999997,0.847072506,3635.0,4760.0
0.8301191685768426,0.0,0.433487732,0.813050761,3635.0,4760.0
0.7884504579113502,0.0,0.42267869,0.785618363,3635.0,4760.0
0.7416434187594406,0.0,0.440428951,0.804793362,3635.0,4760.0
0.6724249785370924,0.0,0.406993528,0.744604522,3635.0,4760.0
0.6400551109602344,0.0,0.371707829,0.707497646,3635.0,4760.0
0.6345475381560128,0.0,0.341565532,0.6742824574999999,3635.0,4760.0
0.6789177724850024,0.0,0.312301077,0.706239676,3635.0,4760.0
0.7443594468423352,0.0,0.312584819,0.679173829,3635.0,4760.0
0.8394583982634027,0.0,0.309311262,0.657937159,3635.0,4760.0
0.8909187734985975,0.0,0.302922705,0.631775284,3635.0,4760.0
0.9005372706872208,0.069841465,0.292117201,0.635920445,3635.0,4760.0
0.8850548639299275,0.197680596,0.275214353,0.669306718,3635.0,4760.0
0.8717378453887497,0.308624017,0.236330544,0.729422352,3635.0,4760.0
0.8559148705268603,0.401197749,0.242864987,0.778830061,3635.0,4760.0
0.8428237146300023,0.458521541,0.27488162,0.783795567,3635.0,4760.0
0.8359408509450974,0.422032619,0.289919619,0.769862206,3635.0,4760.0
0.8327035470870521,0.365104692,0.301731944,0.77395981,3635.0,4760.0
0.8362335141820961,0.245215911,0.313313646,0.813034934,3635.0,4760.0
0.857657365426018,0.122313555,0.338886487,0.861613234,3635.0,4760.0
0.8716077925808655,0.002262102,0.396486662,0.894777774,3635.0,4760.0
0.8612219748355714,0.0,0.487252146,0.8934949945,3635.0,4760.0
0.816520576073058,0.0,0.549351325,0.883444015,3635.0,4760.0
0.7724145725043068,0.0,0.575065605,0.882287859,3635.0,4760.0
0.7285879253267571,0.0,0.6141763,0.895215849,3635.0,4760.0
0.6474972416685333,0.0,0.661266499,0.894144527,3635.0,4760.0
0.6207303574398919,0.0,0.68681342,0.89061576,3635.0,4760.0
0.5996079519430952,0.0,0.69874642,0.889407535,3635.0,4760.0
0.5944158193064942,0.0,0.706510357,0.883755198,3635.0,4760.0
0.5952267420611166,0.0,0.703755686,0.870665142,3635.0,4760.0
0.606963299466495,0.0,0.695546588,0.870118006,3635.0,4760.0
0.620646745764791,0.0,0.687458574,0.863132185,3635.0,4760.0
0.6309744123469263,0.0,0.674317277,0.859150315,3635.0,4760.0
0.6644252219135293,0.0,0.66062487,0.855753954,3635.0,4760.0
0.6890692556310128,0.04651299,0.651006859,0.83839638,3635.0,4760.0
0.7071189192103103,0.101757334,0.652915538,0.825888161,3635.0,4760.0
0.7111209266093202,0.15587717,0.612473826,0.823268245,3635.0,4760.0
0.7114863342673936,0.21856766449999998,0.603666034,0.8250167155000001,3635.0,4760.0
0.705139916331932,0.207090827,0.607953335,0.836177043,3635.0,4760.0
0.7068238608261105,0.19152601,0.59714656,0.830351765,3635.0,4760.0
0.7092465159762636,0.152177512,0.59437562,0.84127332,3635.0,4760.0
0.716413082812244,0.099937091,0.591359346,0.852896013,3635.0,4760.0
0.7238655707756667,0.0013103645,0.596687076,0.847747585,3635.0,4760.0
0.7057334043069707,0.0,0.6142696325,0.8607087935,3635.0,4760.0
0.6913620353465973,0.0,0.629348846,0.877239785,3635.0,4760.0
0.6738574225523136,0.0,0.597585615,0.872155464,3635.0,4760.0
0.6331067773368584,0.0,0.596085229,0.8882559805,3635.0,4760.0
0.5965183547010855,0.0,0.6095293465,0.890946011,3635.0,4760.0
0.6003823694571936,0.0,0.6261097685000001,0.8894551390000001,3635.0,4760.0
0.6252152724475138,0.0,0.6244991,0.8725412555000001,3635.0,4760.0
0.6654239494986147,0.0,0.626675906,0.864984833,3635.0,4760.0
0.6890692556310128,0.124012943,0.614062299,0.865429555,3635.0,4760.0
0.7016233892139119,0.251251235,0.607200927,0.855869299,3635.0,4760.0
0.7036905725476307,0.339789293,0.55486323,0.784572124,3635.0,4760.0
0.7036019485577613,0.404620182,0.539169492,0.789600472,3635.0,4760.0
0.7019764213373351,0.416643708,0.549083169,0.830917461,3635.0,4760.0
0.6999905432181734,0.425397971,0.547173581,0.837678344,3635.0,4760.0
0.7008585526429608,0.374471263,0.532809451,0.790646328,3635.0,4760.0
0.7046246729705946,0.270790172,0.514990532,0.726894276,3635.0,4760.0
0.7137226484231387,0.132436148,0.470909166,0.640703733,3635.0,4760.0
0.716618275289645,0.00203709,0.449568028,0.582174846,3635.0,4760.0
0.7102129521519527,0.0,0.448855432,0.5210099535,3635.0,4760.0
0.6902851962284173,0.0,0.4415049285,0.4937443655,3635.0,4760.0
0.6716690576074951,0.0,0.447659628,0.526733531,3635.0,4760.0
0.6644403030999234,0.0,0.441877758,0.510487346,3635.0,4760.0
0.6330737096661057,0.0,0.44007344049999997,0.507610475,3635.0,4760.0
0.6253829394334852,0.0,0.4546720475,0.574352907,3635.0,4760.0
0.6676769860501243,0.0,0.466714092,0.613657241,3635.0,4760.0
0.7316417269733653,0.0,0.473992005,0.625876777,3635.0,4760.0
0.8202735668269698,0.0,0.472865669,0.645014499,3635.0,4760.0
0.8519809945265974,0.0,0.473570611,0.659461627,3635.0,4760.0
0.8569406555405493,0.121996783,0.461226894,0.657872466,3635.0,4760.0
0.8541123171445798,0.214178222,0.440654427,0.639618288,3635.0,4760.0
0.8448598485218746,0.290295952,0.396263959,0.585882259,3635.0,4760.0
0.8425766496988171,0.34670237,0.368634786,0.584041131,3635.0,4760.0
0.8383176416282236,0.344160649,0.373348619,0.6403673335,3635.0,4760.0
0.8358283632587071,0.27669306,0.361929957,0.656114702,3635.0,4760.0
0.8400805404318463,0.2081859,0.341645625,0.672384332,3635.0,4760.0
0.8489683998801191,0.109246579,0.331159049,0.67330103,3635.0,4760.0
0.8603418117446388,0.00172951,0.315709572,0.659533231,3635.0,4760.0
0.8454571955307899,0.0,0.31649442250000004,0.6516172954999999,3635.0,4760.0
0.8058363731308741,0.0,0.32427923,0.678601942,3635.0,4760.0
0.767212459682738,0.0,0.326457354,0.688438525,3635.0,4760.0
0.7254704722737433,0.0,0.339503967,0.697809097,3635.0,4760.0
0.6650551264930545,0.0,0.324594904,0.712451139,3635.0,4760.0
0.6334221731611501,0.0,0.29807052300000003,0.7238122819999999,3635.0,4760.0
0.6265738409324326,0.0,0.268351989,0.691415227,3635.0,4760.0
0.6697211928576209,0.0,0.251781678,0.658765272,3635.0,4760.0
0.7339117519806125,0.0,0.23784676,0.635033727,3635.0,4760.0
0.822716271134957,0.0,0.22313104,0.601807842,3635.0,4760.0
0.8580191358174796,0.0,0.214193544,0.571467271,3635.0,4760.0
0.8644009501571424,0.105916933,0.197572456,0.549680253,3635.0,4760.0
0.8588294376642573,0.289598378,0.172850894,0.528500013,3635.0,4760.0
0.8538853013712286,0.442460935,0.140687057,0.524960048,3635.0,4760.0
0.8447725552368328,0.531186593,0.136568882,0.499546224,3635.0,4760.0
0.8416378032235388,0.576198055,0.129892895,0.484082694,3635.0,4760.0
0.8394476640393633,0.552334857,0.116785684,0.45906756,3635.0,4760.0
0.8386672584041602,0.481885253,0.100890959,0.426168776,3635.0,4760.0
0.8417176446020411,0.365355102,0.082832968,0.377328911,3635.0,4760.0
0.8609876402362876,0.212752821,0.083297778,0.338580186,3635.0,4760.0
0.8736670805747563,0.002466084,0.100119762,0.336738109,3635.0,4760.0
0.8698109168657676,0.0,0.1296607995,0.4018191845,3635.0,4760.0
0.8254616631069991,0.0,0.156179761,0.472389521,3635.0,4760.0
0.784594915110206,0.0,0.159333135,0.515146685,3635.0,4760.0
0.7436295186964871,0.0,0.178682313,0.542154726,3635.0,4760.0
0.6736009541019169,0.0,0.170219713,0.535262991,3635.0,4760.0
0.6504618427607562,0.0,0.164912469,0.518068145,3635.0,4760.0
0.6378814501316539,0.0,0.157163857,0.486436585,3635.0,4760.0
0.6415930122194118,0.0,0.1700874495,0.49676198000000005,3635.0,4760.0
0.6857301095227183,0.0,0.194529305,0.520843409,3635.0,4760.0
0.754042793010965,0.0,0.222162174,0.573414115,3635.0,4760.0
0.8446254695286416,0.0,0.237223446,0.591152396,3635.0,4760.0
0.8950108242789623,0.0,0.252403874,0.611030921,3635.0,4760.0
0.9070861310037701,0.096809879,0.246892455,0.607626011,3635.0,4760.0
0.8974944250825369,0.253946711,0.217155283,0.577306951,3635.0,4760.0
0.8782584063597657,0.394756552,0.159144075,0.462453777,3635.0,4760.0
0.8629015280746865,0.505330078,0.156161761,0.390337003,3635.0,4760.0
0.8538361544854609,0.537132202,0.14672209,0.315289228,3635.0,4760.0
0.8405853157303578,0.497412014,0.134938909,0.283010316,3635.0,4760.0
0.8364172381101775,0.426583481,0.132429754,0.282661896,3635.0,4760.0
0.8400234982062507,0.31352259,0.143183343,0.33049291,3635.0,4760.0
0.8603423440670661,0.15934116,0.184738123,0.398390733,3635.0,4760.0
0.8812531698247771,0.001522143,0.236617182,0.449131141,3635.0,4760.0
0.8838970743944413,0.0,0.266117347,0.465934552,3635.0,4760.0
0.8627532004495656,0.0,0.284372214,0.468015547,3635.0,4760.0
0.8256341205898543,0.0,0.288267922,0.44790387,3635.0,4760.0
0.7868030630516448,0.0,0.292742457,0.427461217,3635.0,4760.0
0.7446182217532757,0.0,0.293011078,0.45473827,3635.0,4760.0
0.6727130729938514,0.0,0.282899534,0.419428145,3635.0,4760.0
0.6414320208280033,0.0,0.271330987,0.4134986785,3635.0,4760.0
0.6365231034646199,0.0,0.260357939,0.3946691065,3635.0,4760.0
0.6788556735000688,0.0,0.262524674,0.39020103,3635.0,4760.0
0.7442719760827375,0.0,0.267960212,0.404931459,3635.0,4760.0
0.8381059731012397,0.0,0.274752296,0.43376814,3635.0,4760.0
0.8894278677650546,0.0,0.280829757,0.471215481,3635.0,4760.0
0.9019908283026496,0.128203237,0.274523292,0.495075514,3635.0,4760.0
0.8914137016421277,0.292207509,0.234457957,0.479670651,3635.0,4760.0
0.8845830897871753,0.430574152,0.153074994,0.343637506,3635.0,4760.0
0.8765592033058778,0.530009627,0.160168916,0.363493121,3635.0,4760.0
0.8620707779294946,0.5603822350000001,0.147474539,0.353462327,3635.0,4760.0
0.8539541424657183,0.476191837,0.124434791,0.320389515,3635.0,4760.0
0.856920872543929,0.359760166,0.112737757,0.298333226,3635.0,4760.0
0.8806156803087258,0.196546308,0.138328553,0.310209183,3635.0,4760.0
0.8897658631466528,0.001653972,0.172805969,0.328013677,3635.0,4760.0
0.8745536309273737,0.0,0.189656412,0.331701448,3635.0,4760.0
0.8279068512488454,0.0,0.178560599,0.326227576,3635.0,4760.0
0.7882100464030634,0.0,0.168481112,0.334448202,3635.0,4760.0
0.7450273646899076,0.0,0.157858587,0.296972363,3635.0,4760.0
0.6615032029708332,0.0,0.13823727200000002,0.27808969549999996,3635.0,4760.0
0.6355242206272632,0.0,0.1219828935,0.21604956250000001,3635.0,4760.0
0.6625154592702205,0.0,0.11212330100000001,0.17062302499999998,3635.0,4760.0
0.7506751701838218,0.0,0.113268907,0.193089139,3635.0,4760.0
0.8394583982634027,0.0,0.115562073,0.22064067,3635.0,4760.0
0.8912782373282748,0.0,0.121147223,0.241565876,3635.0,4760.0
0.90543110686421,0.109216982,0.123350307,0.258051892,3635.0,4760.0
0.906124307901029,0.239865386,0.097934596,0.252074659,3635.0,4760.0
0.9065031998794553,0.369292381,0.062376931,0.184946555,3635.0,4760.0
0.9062144400702823,0.468593399,0.05806174,0.185027038,3635.0,4760.0
0.9033396161982007,0.543958278,0.064040729,0.204167161,3635.0,4760.0
0.8977233924685604,0.550722697,0.070502737,0.226402743,3635.0,4760.0
0.8967095837983212,0.493302047,0.077507365,0.243812941,3635.0,4760.0
0.8995210666672991,0.389252196,0.09269544,0.274704032,3635.0,4760.0
0.916766106168242,0.203073174,0.12596378,0.305345679,3635.0,4760.0
0.9189869399463926,0.001638641,0.174800723,0.372301691,3635.0,4760.0
0.9039203295486296,0.0,0.21028889950000001,0.43637836900000004,3635.0,4760.0
0.8397562955318143,0.0,0.2288928455,0.464706108,3635.0,4760.0
0.7886438515198569,0.0,0.208062683,0.432061117,3635.0,4760.0
0.676249294421834,0.0,0.211090927,0.449402727,3635.0,4760.0
0.6592175202126762,0.0,0.212630158,0.467429367,3635.0,4760.0
0.6439343622056282,0.0,0.217525278,0.489762313,3635.0,4760.0
0.6410871501550015,0.0,0.222492083,0.5132088859999999,3635.0,4760.0
0.6626417196098418,0.0,0.22627039300000001,0.5220936855,3635.0,4760.0
0.689963967535292,0.0,0.231933945,0.508739036,3635.0,4760.0
0.7262104249478882,0.0,0.242032005,0.51769122,3635.0,4760.0
0.7655556613038209,0.102099066,0.253308011,0.53220634,3635.0,4760.0
0.7797163375941668,0.253192818,0.230417744,0.517364882,3635.0,4760.0
0.7726611051130646,0.369603382,0.201481921,0.522308686,3635.0,4760.0
0.7649980132675125,0.458367572,0.204682963,0.493742766,3635.0,4760.0
0.759419048868088,0.51312891,0.22577881,0.47563318,3635.0,4760.0
0.747678011571609,0.508570852,0.252857649,0.528435635,3635.0,4760.0
0.7483819468324676,0.433577582,0.281717443,0.586183549,3635.0,4760.0
0.7558182002779839,0.321236472,0.325062976,0.637615361,3635.0,4760.0
0.7856196355802809,0.167417425,0.401198824,0.707196929,3635.0,4760.0
0.7910919672325725,0.001257596,0.480855647,0.786791533,3635.0,4760.0
0.7881849407896129,0.0,0.5405957145,0.8315116655,3635.0,4760.0
0.7681338741677495,0.0,0.5483745805,0.8358721689999999,3635.0,4760.0
0.7376213623038373,0.0,0.499071191,0.833266056,3635.0,4760.0
0.683300357313897,0.0,0.511407487,0.841351255,3635.0,4760.0
0.6565115388803628,0.0,0.527176985,0.8431443345,3635.0,4760.0
0.650337600599421,0.0,0.521237802,0.8513224985000001,3635.0,4760.0
0.6649058673543062,0.0,0.51436228,0.860773193,3635.0,4760.0
0.6815465959695131,0.0,0.5240475,0.867291658,3635.0,4760.0
0.6978098962398674,0.0,0.527389387,0.868586397,3635.0,4760.0
0.7327719267578204,0.0,0.523601229,0.861444664,3635.0,4760.0
0.7691523403048859,0.148662842,0.511048433,0.861090434,3635.0,4760.0
0.7852151056659771,0.419002464,0.444903611,0.852053424,3635.0,4760.0
0.7802605899967802,0.585105159,0.322359031,0.802754188,3635.0,4760.0
0.7717359203314543,0.687145784,0.325308789,0.801389777,3635.0,4760.0
0.7626513848559342,0.72399976,0.334896278,0.790967354,3635.0,4760.0
0.7569079471013808,0.702426347,0.355544213,0.803893902,3635.0,4760.0
0.753410537627567,0.61301992,0.372913183,0.828968151,3635.0,4760.0
0.7681222972179806,0.463577301,0.397038006,0.86233978,3635.0,4760.0
0.7972500481163843,0.237012076,0.456493716,0.879298025,3635.0,4760.0
0.8091510344829426,0.0006073545,0.47764318299999997,0.8915918515000001,3635.0,4760.0
0.7930241299388281,0.0,0.440108758,0.8713901065,3635.0,4760.0
0.7733333699229916,0.0,0.410943662,0.845965275,3635.0,4760.0
0.7305884854411127,0.0,0.37596193499999997,0.8305595365,3635.0,4760.0
0.6925573724945572,0.0,0.38456720899999997,0.834255117,3635.0,4760.0
0.6895014638817649,0.0,0.3931732905,0.8496413325000001,3635.0,4760.0
0.7347411270270274,0.0,0.391201321,0.833457826,3635.0,4760.0
0.8166823880185315,0.0,0.394794769,0.822040168,3635.0,4760.0
0.8973878811233021,0.0,0.403036606,0.828004029,3635.0,4760.0
0.9399694455815644,0.0,0.407056644,0.834626267,3635.0,4760.0
0.952742300305546,0.11876678,0.405042795,0.840765682,3635.0,4760.0
0.9480132036448994,0.351433244,0.357891675,0.830616593,3635.0,4760.0
0.9395839001802397,0.493552209,0.326094301,0.803695634,3635.0,4760.0
0.9308490700660732,0.551666263,0.358713535,0.794039966,3635.0,4760.0
0.9260598262356464,0.528644188,0.381139023,0.795160315,3635.0,4760.0
0.9254777821803899,0.487453708,0.406889381,0.803170758,3635.0,4760.0
0.9259961304859119,0.406166135,0.420339208,0.811822442,3635.0,4760.0
0.9295122584127317,0.299860591,0.428700839,0.815615419,3635.0,4760.0
0.9445935951490175,0.159025679,0.444816397,0.83386289,3635.0,4760.0
0.9474739190618651,0.0005275585,0.4562615125,0.869246838,3635.0,4760.0
0.9199782156249386,0.0,0.42421468,0.870521558,3635.0,4760.0
0.8766869496532181,0.0,0.392201811,0.848553453,3635.0,4760.0
0.8391377018420846,0.0,0.358145949,0.815972346,3635.0,4760.0
0.8018160909146277,0.0,0.361454032,0.836085352,3635.0,4760.0
0.7026652755130401,0.0,0.341964797,0.790349763,3635.0,4760.0
0.6806225644181747,0.0,0.33865187350000003,0.73239711,3635.0,4760.0
0.6766240612051699,0.0,0.3022311835,0.712096484,3635.0,4760.0
0.7204897863462415,0.0,0.265630607,0.67212426,3635.0,4760.0
0.8052693215753539,0.0,0.249059754,0.625606234,3635.0,4760.0
0.8883675736187033,0.0,0.236805754,0.577723353,3635.0,4760.0
0.9319654307835448,0.0,0.226390727,0.553895287,3635.0,4760.0
0.9495906928665008,0.078501964,0.213592957,0.533120216,3635.0,4760.0
0.9495092546219571,0.201263461,0.176166061,0.50250078,3635.0,4760.0
0.9465948649591159,0.327794783,0.147173257,0.416359552,3635.0,4760.0
0.9416521480575727,0.371065294,0.155329861,0.354543172,3635.0,4760.0
0.9384861691278763,0.364010057,0.160659506,0.297402674,3635.0,4760.0
0.9359197106882724,0.316395239,0.149254273,0.26227838,3635.0,4760.0
0.9345076706787564,0.260488351,0.131043103,0.219265344,3635.0,4760.0
0.9372965318693834,0.179574217,0.119612907,0.192020962,3635.0,4760.0
0.9507914192981449,0.083647662,0.118034742,0.197104339,3635.0,4760.0
0.9532374059236322,0.0,0.115173498,0.1755747975,3635.0,4760.0
0.9262816079775846,0.0,0.111638115,0.150970541,3635.0,4760.0
0.881663377305023,0.0,0.11216835,0.149254335,3635.0,4760.0
0.8449150278214557,0.0,0.115792672,0.160567678,3635.0,4760.0
0.8027763171513272,0.0,0.111672999,0.199070266,3635.0,4760.0
0.6962613938878776,0.0,0.11345007900000001,0.23828814599999998,3635.0,4760.0
0.6779861781688026,0.0,0.1283076615,0.33395423,3635.0,4760.0
0.6830514294566973,0.0,0.13822175,0.439311145,3635.0,4760.0
0.7277388560716203,0.0,0.146873044,0.482589455,3635.0,4760.0
0.8114492257551162,0.0,0.15534191,0.522501335,3635.0,4760.0
0.8948897314557608,0.0,0.160264628,0.567681506,3635.0,4760.0
0.941932125356619,0.0,0.166178331,0.593354004,3635.0,4760.0
0.958104983054418,0.065896264,0.170892736,0.603315433,3635.0,4760.0
0.9529071285085463,0.290082046,0.150197496,0.581869185,3635.0,4760.0
0.9458065638828442,0.426577802,0.114388931,0.569657889,3635.0,4760.0
0.9346947657122361,0.503486327,0.087151496,0.499174404,3635.0,4760.0
0.9250223311409613,0.523201344,0.077426672,0.427293913,3635.0,4760.0
0.9172561551282308,0.522110937,0.070503387,0.363615695,3635.0,4760.0
0.9116528834977563,0.446079388,0.067405303,0.33062226,3635.0,4760.0
0.9220807953628587,0.327639589,0.069294176,0.32350577,3635.0,4760.0
0.9432656546924605,0.166039323,0.100791161,0.384020236,3635.0,4760.0
0.947055638716615,0.0,0.144872687,0.457371964,3635.0,4760.0
0.929161665830459,0.0,0.182215021,0.5110341030000001,3635.0,4760.0
0.8693021494527727,0.0,0.196802078,0.516847349,3635.0,4760.0
0.8373932553302544,0.0,0.209299183,0.503357546,3635.0,4760.0
0.7972184664533509,0.0,0.229622704,0.491420095,3635.0,4760.0
0.6999114557775024,0.0,0.224189435,0.485273191,3635.0,4760.0
0.6781903726175826,0.0,0.222407132,0.487973173,3635.0,4760.0
0.6758209894470468,0.0,0.22373423850000002,0.46693119299999997,3635.0,4760.0
0.7204897863462415,0.0,0.230631913,0.458838768,3635.0,4760.0
0.8054566827700474,0.0,0.229630322,0.458219008,3635.0,4760.0
0.8883675736187033,0.0,0.235464914,0.471597048,3635.0,4760.0
0.93112656343002,0.0,0.240624925,0.481201847,3635.0,4760.0
0.9464003180190966,0.08387407,0.232685958,0.475617808,3635.0,4760.0
0.9449439215194564,0.253569983,0.20551709,0.456381473,3635.0,4760.0
0.9388394231704247,0.379378004,0.149991968,0.422177071,3635.0,4760.0
0.930928911545816,0.46348314,0.123399461,0.393885255,3635.0,4760.0
0.9231253875162118,0.528848559,0.104924167,0.342777423,3635.0,4760.0
0.9114735064307891,0.523241173,0.096151301,0.317631735,3635.0,4760.0
0.9080254211148179,0.456413452,0.090210507,0.305332799,3635.0,4760.0
0.91137290619871,0.320153583,0.104110635,0.306838986,3635.0,4760.0
0.9361886876020655,0.129949709,0.141006368,0.32755539,3635.0,4760.0
0.9387329678978475,0.0,0.2022951765,0.3354415895,3635.0,4760.0
0.9101745750155079,0.0,0.23659679,0.346813472,3635.0,4760.0
0.8669021160822107,0.0,0.24718227,0.350657097,3635.0,4760.0
0.8317928224827512,0.0,0.262934125,0.366808603,3635.0,4760.0
0.796560040811648,0.0,0.329330303,0.461852384,3635.0,4760.0
0.6987743364089352,0.0,0.295112377,0.480798665,3635.0,4760.0
0.673713375273314,0.0,0.27524461499999997,0.4804663975,3635.0,4760.0
0.6670548438816808,0.0,0.2632147305,0.45628537049999995,3635.0,4760.0
0.710368465471779,0.0,0.264108046,0.452321315,3635.0,4760.0
0.7967788062960593,0.0,0.274360196,0.464212144,3635.0,4760.0
0.8834056947296248,0.0,0.287916031,0.499267143,3635.0,4760.0
0.9272010264053546,0.0,0.299173439,0.510115318,3635.0,4760.0
0.9382344024877054,0.036788363,0.30254271,0.507298854,3635.0,4760.0
0.9313620069668669,0.194524548,0.283317212,0.477061189,3635.0,4760.0
0.9241757458209241,0.285752236,0.247908437,0.428889244,3635.0,4760.0
0.9122272094852598,0.32600365,0.223696206,0.446398157,3635.0,4760.0
0.9060276110967757,0.323201389,0.208568643,0.462898707,3635.0,4760.0
0.902524701329095,0.284701205,0.214268732,0.45364152,3635.0,4760.0
0.9003573612978262,0.220661464,0.221662145,0.409959134,3635.0,4760.0
0.9060142154630806,0.138449705,0.23661347,0.351458795,3635.0,4760.0
0.9219346856128645,0.049903362,0.258764827,0.347808121,3635.0,4760.0
0.9246893924174605,0.0,0.274214615,0.365638494,3635.0,4760.0
0.9103793239583797,0.0,0.27892896749999996,0.4343304165,3635.0,4760.0
0.8553325604116304,0.0,0.273455309,0.439680308,3635.0,4760.0
0.8206772983588733,0.0,0.259911422,0.389892362,3635.0,4760.0
0.7727000499959795,0.0,0.283216087,0.319850063,3635.0,4760.0
0.6531374177813521,0.0,0.285031776,0.32360844499999997,3635.0,4760.0
0.6212744324185695,0.0,0.300639498,0.348475753,3635.0,4760.0
0.6311230504765895,0.0,0.280633448,0.27638318,3635.0,4760.0
0.6642742994443664,0.0,0.254332125,0.235869401,3635.0,4760.0
0.709638626113829,0.0,0.257093921,0.208532314,3635.0,4760.0
0.7437635192755258,0.059970732,0.255059335,0.201803044,3635.0,4760.0
0.7605049810515575,0.198865364,0.24520119,0.198773047,3635.0,4760.0
0.7598831937309855,0.296442761,0.192818421,0.281958655,3635.0,4760.0
0.7455977874520665,0.376999395,0.169600032,0.258856934,3635.0,4760.0
0.7366778140183329,0.416292214,0.164248482,0.285919934,3635.0,4760.0
0.7334508007485576,0.428657649,0.146511833,0.262433103,3635.0,4760.0
0.7350531295236362,0.370890332,0.124177453,0.203374771,3635.0,4760.0
0.7414368955772119,0.273235556,0.131080261,0.151220379,3635.0,4760.0
0.7629459110189474,0.127224754,0.124719878,0.124768701,3635.0,4760.0
0.7827540378540957,0.0,0.128604971,0.124267964,3635.0,4760.0
0.7800501190940173,0.0,0.1529486485,0.176341147,3635.0,4760.0
0.7614123345504602,0.0,0.188043132,0.22700150749999998,3635.0,4760.0
0.7336390491135497,0.0,0.208930243,0.209751527,3635.0,4760.0
0.6682191758805027,0.0,0.20901058500000003,0.22588006249999998,3635.0,4760.0
0.639623279729018,0.0,0.248275096,0.238463131,3635.0,4760.0
0.6379715157352936,0.0,0.29950889150000004,0.35066585100000003,3635.0,4760.0
0.6575565966892892,0.0,0.344372257,0.509355556,3635.0,4760.0
0.6760488923400765,0.0,0.363905471,0.557160691,3635.0,4760.0
0.7134483043467056,0.0,0.376201526,0.592880523,3635.0,4760.0
0.7499141925961269,0.035924796,0.389696903,0.598707686,3635.0,4760.0
0.7670304212061151,0.08318425,0.390564431,0.58940323,3635.0,4760.0
0.7619763699496939,0.115278514,0.376243179,0.580433019,3635.0,4760.0
0.7605574989414831,0.153865023,0.379346524,0.588647378,3635.0,4760.0
0.7589806307289666,0.157650547,0.385237917,0.602853761,3635.0,4760.0
0.757854689118968,0.186160004,0.387064186,0.63406242,3635.0,4760.0
0.7627326457271625,0.158827392,0.369315472,0.648583563,3635.0,4760.0
0.7709676683117762,0.115901382,0.361064251,0.6518723,3635.0,4760.0
0.7899662030971298,0.062137863,0.340730003,0.614291455,3635.0,4760.0
0.7944430451891273,0.0,0.297889293,0.5610424315,3635.0,4760.0
0.7836541169210148,0.0,0.261740731,0.504862726,3635.0,4760.0
0.7735402479530917,0.0,0.247927294,0.472219353,3635.0,4760.0
0.7594183391723452,0.0,0.217846559,0.440740865,3635.0,4760.0
0.7329416785889317,0.0,0.185323953,0.339015399,3635.0,4760.0
0.6819485975547681,0.0,0.1567940405,0.3516702925,3635.0,4760.0
0.6611911116863263,0.0,0.141614248,0.356957647,3635.0,4760.0
0.6610473749624892,0.0,0.12974086950000002,0.3206843375,3635.0,4760.0
0.7010276390204178,0.0,0.12075541,0.300884491,3635.0,4760.0
0.7832144567637233,0.0,0.120720771,0.291083813,3635.0,4760.0
0.8718112995055673,0.0,0.119343691,0.273066776,3635.0,4760.0
0.9155202249653136,0.0,0.126743138,0.258104125,3635.0,4760.0
0.9282151900247058,0.0210027,0.148218781,0.24063888,3635.0,4760.0
0.9235875806651964,0.072869773,0.179405233,0.221128281,3635.0,4760.0
0.9203334212801595,0.130822112,0.177642868,0.192880203,3635.0,4760.0
0.9132683417453165,0.18518677,0.228302976,0.210960037,3635.0,4760.0
0.9121372547905626,0.212376923,0.266835235,0.222319946,3635.0,4760.0
0.9105629591998035,0.190365949,0.302452363,0.233797444,3635.0,4760.0
0.9104215511587949,0.155767105,0.328442773,0.2416933,3635.0,4760.0
0.9132867940371088,0.101927605,0.342528682,0.24896734,3635.0,4760.0
0.9250107985345214,0.050042171,0.328336322,0.252146462,3635.0,4760.0
0.9250741393351442,0.0,0.325101865,0.262673181,3635.0,4760.0
0.9062040606434939,0.0,0.33576174150000004,0.2524108775,3635.0,4760.0
0.8508286164970801,0.0,0.346529771,0.225579477,3635.0,4760.0
0.8149684586261207,0.0,0.340721972,0.196094453,3635.0,4760.0
0.7753552211121107,0.0,0.323445406,0.156766344,3635.0,4760.0
0.6760859742969768,0.0,0.299459541,0.11870885049999999,3635.0,4760.0
0.6539118575177352,0.0,0.2836876385,0.16054553100000002,3635.0,4760.0
0.6569199056568789,0.0,0.274752697,0.218737467,3635.0,4760.0
0.6943618553684656,0.0,0.264981182,0.248833331,3635.0,4760.0
0.7732745534580391,0.0,0.263250249,0.262969814,3635.0,4760.0
0.8628518489677319,0.0,0.261520449,0.311033048,3635.0,4760.0
0.9093539825804602,0.0,0.258230382,0.364587289,3635.0,4760.0
0.924546653671624,0.032859846,0.257831613,0.438963857,3635.0,4760.0
0.920460014397228,0.144062197,0.268090797,0.540179706,3635.0,4760.0
0.9115553882098619,0.238203368,0.285325641,0.595444125,3635.0,4760.0
0.9072895492418142,0.301856547,0.298758969,0.665176938,3635.0,4760.0
0.9039549275704303,0.295521082,0.313667778,0.7344048,3635.0,4760.0
0.8991515783093252,0.250107571,0.334046261,0.787364739,3635.0,4760.0
0.8994005948531827,0.193071292,0.340427289,0.819503746,3635.0,4760.0
0.9060142154630806,0.123419923,0.334446263,0.8372859,3635.0,4760.0
0.9197584742835709,0.049378118,0.334728173,0.842075881,3635.0,4760.0
0.9246893924174605,0.0,0.346091951,0.842834872,3635.0,4760.0
0.920548993234969,0.0,0.364406708,0.843815173,3635.0,4760.0
0.8985026448734917,0.0,0.375463284,0.830247514,3635.0,4760.0
0.8583851643833974,0.0,0.383623747,0.809419707,3635.0,4760.0
0.8255841753216862,0.0,0.389264043,0.801088932,3635.0,4760.0
0.7821517673689301,0.0,0.403353612,0.796083601,3635.0,4760.0
0.6869027139821445,0.0,0.40325067,0.799677101,3635.0,4760.0
0.6610811079856558,0.0,0.40103889849999996,0.7947882580000001,3635.0,4760.0
0.6537479607777421,0.0,0.379088973,0.7530328215,3635.0,4760.0
0.6911594155921943,0.0,0.367410922,0.757249272,3635.0,4760.0
0.7651652367189548,0.0,0.367423291,0.773122935,3635.0,4760.0
0.849362372943699,0.0,0.367403614,0.774845067,3635.0,4760.0
0.8950916415144211,0.0,0.369818438,0.787682627,3635.0,4760.0
0.9077119104388255,0.034724099,0.36799964,0.797986074,3635.0,4760.0
0.9020101676635003,0.107321167,0.355204559,0.794511972,3635.0,4760.0
0.897686487986216,0.172877357,0.330756136,0.804940702,3635.0,4760.0
0.8850337502284794,0.237386964,0.310138079,0.794077675,3635.0,4760.0
0.8789361714635598,0.265556523,0.30149537,0.796830226,3635.0,4760.0
0.8725367033157454,0.288828563,0.293906475,0.791216844,3635.0,4760.0
0.8654353402064022,0.220389952,0.297628543,0.78914394,3635.0,4760.0
0.8707832967179922,0.13412348,0.315505381,0.789207378,3635.0,4760.0
0.8849543523845061,0.045506848,0.338601587,0.786003391,3635.0,4760.0
0.8917963194725831,0.0,0.356169516,0.790260687,3635.0,4760.0
0.888210108534344,0.0,0.378818512,0.794528366,3635.0,4760.0
0.8641569901701419,0.0,0.400676792,0.817257498,3635.0,4760.0
0.8274052696824168,0.0,0.421413656,0.832833519,3635.0,4760.0
0.7828500250638467,0.0,0.437302712,0.836475568,3635.0,4760.0
0.7412710915172551,0.0,0.44543338,0.843576302,3635.0,4760.0
0.6720622322886745,0.0,0.454382342,0.850125494,3635.0,4760.0
0.6390274851921951,0.0,0.4763563445,0.8537559955,3635.0,4760.0
0.6326277730548313,0.0,0.520341556,0.872294794,3635.0,4760.0
0.674659695826796,0.0,0.557680943,0.87892307,3635.0,4760.0
0.7387121736708483,0.0,0.585888677,0.893464389,3635.0,4760.0
0.8308952273509315,0.0,0.619539712,0.893013671,3635.0,4760.0
0.8768769722575672,0.0,0.652827474,0.903740655,3635.0,4760.0
0.8855223797969827,0.033133565,0.67697206,0.915598362,3635.0,4760.0
0.880151801607042,0.187917182,0.67702513,0.911737164,3635.0,4760.0
0.8738547079306634,0.319365384,0.655676282,0.897475926,3635.0,4760.0
0.8626636006027397,0.401676398,0.614860094,0.888645504,3635.0,4760.0
0.85290112265011,0.45334132,0.577275484,0.871278858,3635.0,4760.0
0.8438070948674798,0.425963373,0.553463601,0.858111301,3635.0,4760.0
0.8441056131449765,0.34231175,0.560441803,0.844716183,3635.0,4760.0
0.8517283407161279,0.22236918,0.545728759,0.840641822,3635.0,4760.0
0.8617968775394513,0.092898137,0.553246709,0.84877209,3635.0,4760.0
0.8689527101513921,0.0,0.5608999699999999,0.8136770055,3635.0,4760.0
0.8314997600545523,0.0,0.5457444245,0.8159211145,3635.0,4760.0
0.7730114315847437,0.0,0.527779385,0.831259226,3635.0,4760.0
0.7306357692996254,0.0,0.475570615,0.807725573,3635.0,4760.0
0.6562910212776389,0.0,0.45869618850000005,0.8355963595,3635.0,4760.0
0.627990250126588,0.0,0.4233938005,0.8565487035,3635.0,4760.0
0.6327153990667004,0.0,0.378429043,0.821206961,3635.0,4760.0
0.6739373970620431,0.0,0.352927184,0.802997723,3635.0,4760.0
0.7386252352336781,0.0,0.334494894,0.789513637,3635.0,4760.0
0.8301301689620957,0.0,0.321778087,0.774232354,3635.0,4760.0
0.8864924975826126,0.0036704095,0.31206588999999996,0.735155389,3635.0,4760.0
0.885700160099149,0.139483475,0.295406029,0.705365792,3635.0,4760.0
0.8815079526212342,0.236312575,0.278657892,0.723689325,3635.0,4760.0
0.8767084181012972,0.291750922,0.286508094,0.703460757,3635.0,4760.0
0.8715090553760416,0.30324622599999995,0.28486801149999996,0.7143129699999999,3635.0,4760.0
0.8694109999737916,0.280486832,0.272009876,0.755792289,3635.0,4760.0
0.8742400758574321,0.202459041,0.26738345,0.763354382,3635.0,4760.0
0.8939041332419161,0.10221077,0.267322114,0.752447049,3635.0,4760.0
0.9062883820649579,0.0,0.2783063855,0.7075285735,3635.0,4760.0
0.8849920552492512,0.0,0.287492967,0.628735708,3635.0,4760.0
0.8441619456748293,0.0,0.284505799,0.605314861,3635.0,4760.0
0.8115649070723489,0.0,0.278934388,0.625309302,3635.0,4760.0
0.7727000499959795,0.0,0.277030274,0.616667185,3635.0,4760.0
0.6726282636439093,0.0,0.293215874,0.671380626,3635.0,4760.0
0.6423329204996078,0.0,0.30132700999999995,0.744362018,3928.0,5144.0
0.630260141951988,0.0,0.31035808,0.7880598594999999,3928.0,5144.0
0.6465277005486596,0.0,0.32108351150000003,0.8172268745,3928.0,5144.0
0.6777226349326426,0.0,0.339243854,0.852266897,3928.0,5144.0
0.7205491351336213,0.0,0.359685759,0.8756231,3928.0,5144.0
0.7555648368730121,0.023513808,0.383519472,0.880390811,3928.0,5144.0
0.770837792978448,0.092773597,0.40839739,0.886063465,3928.0,5144.0
0.7680415685679391,0.141578773,0.393180789,0.888494837,3928.0,5144.0
0.761242715850576,0.15868199,0.422824953,0.881310803,3928.0,5144.0
0.7523628406312698,0.173110934,0.442380492,0.879057475,3928.0,5144.0
0.747544765031642,0.144456255,0.44731388,0.873550715,3928.0,5144.0
0.7499097569471146,0.099532663,0.461657927,0.868804996,3928.0,5144.0
0.7537503072485222,0.048549937,0.478460912,0.866152751,3928.0,5144.0
0.7709870964605251,0.014980356,0.501795018,0.861286188,3928.0,5144.0
0.7731419279271571,0.0,0.519628354,0.858243882,3928.0,5144.0
0.759907146114164,0.0,0.5477865,0.858033312,3928.0,5144.0
0.7354195352103304,0.0,0.575685735,0.862771016,3928.0,5144.0
0.7111033171444976,0.0,0.568805889,0.856472979,3928.0,5144.0
0.6561045471520036,0.0,0.585597544,0.862815676,3928.0,5144.0
0.6163564664344662,0.0,0.6160104980000001,0.8714104395,3928.0,5144.0
0.6006242224273897,0.0,0.6299329924999999,0.8736967685,3928.0,5144.0
0.6202683860581718,0.0,0.64198672,0.8736943605,3928.0,5144.0
0.6635343246491774,0.0,0.6374342985,0.8716439455,3928.0,5144.0
0.7072569562471612,0.002982195,0.625562533,0.87023819,3928.0,5144.0
0.7207306857323862,0.017617407,0.612454476,0.871435394,3928.0,5144.0
0.7221695613526211,0.027952127,0.515049551,0.854644509,3928.0,5144.0
0.7191033399292742,0.03873322,0.534902032,0.850969635,3928.0,5144.0
0.7180478805218953,0.051477648,0.5512938009999999,0.864635186,3928.0,5144.0
0.7215538286681471,0.034005813499999996,0.5633506865,0.866070883,3928.0,5144.0
0.7322691475165506,0.01076248,0.563031494,0.870579438,3928.0,5144.0
0.7339236394349239,0.0,0.575389799,0.876936622,3928.0,5144.0
0.7215612361807373,0.0,0.6006093690000001,0.8782714375,3928.0,5144.0
0.7013486458956582,0.0,0.6273877715,0.875008939,3928.0,5144.0
0.6834663830904981,0.0,0.591155246,0.87809532,3928.0,5144.0
0.6551453189439249,0.0,0.607245161,0.884725923,3928.0,5144.0
0.62661866302751,0.0,0.610955674,0.880882239,3928.0,5144.0
0.6320578604940555,0.0,0.604836704,0.877469715,3928.0,5144.0
0.6717524032226229,0.0,0.60398087,0.878472469,3928.0,5144.0
0.7367608490276778,0.0,0.605395874,0.883773905,3928.0,5144.0
0.8291690555550976,0.0,0.607257515,0.88402931,3928.0,5144.0
0.8782171106223579,0.0055658645,0.6087849654999999,0.8803730565000001,3928.0,5144.0
0.8703541047247668,0.044072021,0.613051699,0.873127007,3928.0,5144.0
0.8678261475323086,0.073072726,0.594584948,0.877741998,3928.0,5144.0
0.8665522331450607,0.099216961,0.617393638,0.892583776,3928.0,5144.0
0.8632669800254685,0.1259188765,0.666053894,0.908228075,3928.0,5144.0
0.8649090964598117,0.109374069,0.712882611,0.903055648,3928.0,5144.0
0.8688109472625121,0.080595065,0.729303279,0.912858915,3928.0,5144.0
0.8761135107347727,0.040926796,0.738672163,0.913940173,3928.0,5144.0
0.8811306575594697,0.0,0.727967093,0.9069539955,3928.0,5144.0
0.861465624267409,0.0,0.707880763,0.891370967,3928.0,5144.0
0.8294917036903284,0.0,0.667810039,0.868914731,3928.0,5144.0
0.7905968617157269,0.0,0.633299014,0.836388097,3928.0,5144.0
0.7510912327045657,0.0,0.526122772,0.731881484,3928.0,5144.0
0.6713727572051249,0.0,0.492966686,0.661549764,3928.0,5144.0
0.6474680551527013,0.0,0.473712407,0.596589274,3928.0,5144.0
0.6315226124700739,0.0,0.4451006365,0.5228215735,3928.0,5144.0
0.6366742034083386,0.0,0.398796105,0.42539509,3928.0,5144.0
0.6773541223303845,0.0,0.36699754,0.365453358,3928.0,5144.0
0.7443964400113374,0.0,0.320065016,0.296258695,3928.0,5144.0
0.8407347078990925,0.0,0.280556059,0.253724502,3928.0,5144.0
0.9063171693895896,0.0,0.246387308,0.209213744,3928.0,5144.0
0.9187002205377902,0.013795808,0.211144378,0.139812107,3928.0,5144.0
0.9063872524010088,0.08682841,0.192243658,0.085999657,3928.0,5144.0
0.8963389421088349,0.1841489,0.122143689,0.05689649,3928.0,5144.0
0.8884428019748778,0.267847714,0.123363653,0.056105838,3928.0,5144.0
0.8843530577056768,0.32062804899999997,0.113685731,0.083521862,3928.0,5144.0
0.8833176917488403,0.289488889,0.094690812,0.099980101,3928.0,5144.0
0.891764028113807,0.189728892,0.085762136,0.111513374,3928.0,5144.0
0.9189384140697099,0.06846362,0.083861497,0.132454573,3928.0,5144.0
0.9309659935027166,0.0,0.088930907,0.187159163,3928.0,5144.0
0.9295032984280491,0.0,0.093057926,0.239529857,3928.0,5144.0
0.9129624603491787,0.0,0.103443585,0.293594155,3928.0,5144.0
0.8766356736802222,0.0,0.117992928,0.344118294,3928.0,5144.0
0.8396277508020734,0.0,0.130005464,0.426081162,3928.0,5144.0
0.8004362535772301,0.0,0.145158262,0.460434021,3928.0,5144.0
0.6856484051169608,0.0,0.161472281,0.513251305,3928.0,5144.0
0.6688856078215962,0.0,0.173587791,0.558332868,3928.0,5144.0
0.6525522688325311,0.0,0.18363511,0.597365044,3928.0,5144.0
0.6528388996050961,0.0,0.183785094,0.594172103,3928.0,5144.0
0.6893239940841411,0.0,0.178888393,0.593075208,3928.0,5144.0
0.7620456545787127,0.0,0.177384212,0.606077692,3928.0,5144.0
0.8564745589637391,0.0,0.178207979,0.624668321,3928.0,5144.0
0.9208409466749844,0.0,0.193030038,0.653089636,3928.0,5144.0
0.9338462287795265,0.02369009,0.203992142,0.661848026,3928.0,5144.0
0.9221380150630103,0.118727931,0.202903215,0.659283661,3928.0,5144.0
0.9133120771251152,0.214310116,0.187920865,0.597011264,3928.0,5144.0
0.9056744458421254,0.27320376,0.170132945,0.623591473,3928.0,5144.0
0.8974693193678459,0.307936665,0.171951783,0.677612801,3928.0,5144.0
0.8925800962131847,0.286894254,0.184113705,0.686657641,3928.0,5144.0
0.88715114499158,0.211694215,0.213981674,0.702388103,3928.0,5144.0
0.8914819217275324,0.115696486,0.245840582,0.729033403,3928.0,5144.0
0.9085523745571512,0.042568228,0.295480323,0.756261872,3928.0,5144.0
0.9130412372853074,0.0,0.341438891,0.7838625,3928.0,5144.0
0.8937650318133119,0.0,0.389949513,0.7950202340000001,3928.0,5144.0
0.8456988932487148,0.0,0.432191891,0.808792461,3928.0,5144.0
0.8007841848004674,0.0,0.456556668,0.810539765,3928.0,5144.0
0.7554766564176718,0.0,0.416774961,0.79682213,3928.0,5144.0
0.6587681016883016,0.0,0.4464307475,0.744213,3928.0,5144.0
0.629490869833265,0.0,0.460795702,0.74467199,3928.0,5144.0
0.6342885414271875,0.0,0.448058608,0.741976676,3928.0,5144.0
0.6748685699141377,0.0,0.441300349,0.721607762,3928.0,5144.0
0.7394930228405807,0.0,0.428931823,0.697832481,3928.0,5144.0
0.8335058647048632,0.0,0.407519198,0.713169817,3928.0,5144.0
0.8856917323356532,0.0,0.394012991,0.739664633,3928.0,5144.0
0.8926814948276641,0.008650787,0.374941352,0.731757331,3928.0,5144.0
0.8861188840295485,0.032455991,0.36000164,0.750719216,3928.0,5144.0
0.8803624055904117,0.063947783,0.320351771,0.737334828,3928.0,5144.0
0.8775302525545149,0.10986414,0.402023104,0.767021052,3928.0,5144.0
0.8711731890816714,0.157637659,0.446098798,0.819713751,3928.0,5144.0
0.8681511909159814,0.163253964,0.436672255,0.846707273,3928.0,5144.0
0.8679354415878565,0.128140535,0.403267018,0.849117575,3928.0,5144.0
0.8709027040897351,0.083548293,0.361988584,0.829273517,3928.0,5144.0
0.8837597471545738,0.034897996,0.351144835,0.809024871,3928.0,5144.0
0.8874602201198006,0.0,0.349829048,0.792044379,3928.0,5144.0
0.873044760931757,0.0,0.3525018975,0.7950568335,3928.0,5144.0
0.8304145819101545,0.0,0.361809451,0.79800591,3928.0,5144.0
0.7904864143286664,0.0,0.373699019,0.797202434,3928.0,5144.0
0.7477826038169308,0.0,0.377060882,0.818118885,3928.0,5144.0
0.6688601917036032,0.0,0.386412926,0.830912489,3928.0,5144.0
0.6370228886706476,0.0,0.384405369,0.830631619,3928.0,5144.0
0.6319127487220619,0.0,0.404343903,0.8665503605,3928.0,5144.0
0.6750551327264308,0.0,0.438069105,0.879038469,3928.0,5144.0
0.7396669440582502,0.0,0.460424149,0.883288907,3928.0,5144.0
0.8328673106451978,0.0,0.481663534,0.882310367,3928.0,5144.0
0.888922116710827,0.0068809655,0.5253880989999999,0.8815573905,3928.0,5144.0
0.8846922063681673,0.086314367,0.569041941,0.885689716,3928.0,5144.0
0.8798908975076328,0.145540263,0.560271773,0.888458126,3928.0,5144.0
0.8779292822761923,0.20284598,0.610872383,0.895642253,3928.0,5144.0
0.8777283479732478,0.257213695,0.632914299,0.895434198,3928.0,5144.0
0.8783755071697245,0.251952304,0.657399489,0.887577171,3928.0,5144.0
0.8783261829106414,0.223747554,0.695687463,0.891024857,3928.0,5144.0
0.8903573995090193,0.1591817,0.732126438,0.906326749,3928.0,5144.0
0.907712087812141,0.073718431,0.776104817,0.913316092,3928.0,5144.0
0.9111407450806036,0.0,0.804937299,0.913692412,3928.0,5144.0
0.900858055845817,0.0,0.7989891954999999,0.9181903605,3928.0,5144.0
0.8592737108438768,0.0,0.784353865,0.924763478,3928.0,5144.0
0.8265490146819541,0.0,0.76880887,0.926267861,3928.0,5144.0
0.7825721768520286,0.0,0.756776574,0.92545004,3928.0,5144.0
0.6517834401977171,0.0,0.7265553645,0.925037879,3928.0,5144.0
0.6200568506117947,0.0,0.7135332405,0.927581207,3928.0,5144.0
0.6242834120207206,0.0,0.707582585,0.9320969610000001,3928.0,5144.0
0.6570188202856386,0.0,0.7138880455000001,0.930381216,3928.0,5144.0
0.7095807854045924,0.0,0.715158958,0.927091952,3928.0,5144.0
0.7351488949155025,0.018115674,0.712860886,0.925022523,3928.0,5144.0
0.7472972566671682,0.135394297,0.701915129,0.92438404,3928.0,5144.0
0.7480852915822261,0.201331574,0.655493207,0.916626273,3928.0,5144.0
0.7431865762216954,0.229174249,0.709265612,0.928709154,3928.0,5144.0
0.7405379697405645,0.216271693,0.7447979705,0.933095378,3928.0,5144.0
0.7438821725069564,0.129414585,0.754516243,0.927861756,3928.0,5144.0
0.7486857878280347,0.084176875,0.741999421,0.930174294,3928.0,5144.0
0.7669991943909531,0.034064004,0.7443144,0.923620528,3928.0,5144.0
0.7675153248213487,0.0,0.75675234,0.905577777,3928.0,5144.0
0.7523596025558581,0.0,0.7828706375,0.8959819335000001,3928.0,5144.0
0.7310274802459903,0.0,0.8111187099999999,0.9056433315,3928.0,5144.0
0.7084225524358176,0.0,0.830949424,0.898626235,3928.0,5144.0
0.6415519825925975,0.0,0.8489842655,0.9174836525000001,3928.0,5144.0
0.6037446030512728,0.0,0.866613498,0.9286902975,3928.0,5144.0
0.6088926232379188,0.0,0.8689729685,0.933018068,3928.0,5144.0
0.6400366365473977,0.0,0.868096867,0.9251252704999999,3928.0,5144.0
0.6927613895194016,0.0,0.870970073,0.921655837,3928.0,5144.0
0.7264072783484512,0.010060742,0.872469505,0.923826016,3928.0,5144.0
0.7429939808943485,0.133161761,0.875949335,0.927351391,3928.0,5144.0
0.7440477990923574,0.225278138,0.84841931,0.920323007,3928.0,5144.0
0.7422479514630614,0.288969461,0.871646376,0.932981782,3928.0,5144.0
0.7407718386336548,0.3128205085,0.8794751205,0.9346162665,3928.0,5144.0
0.7443287522483601,0.277275475,0.883597875,0.934088894,3928.0,5144.0
0.7486857878280347,0.199722183,0.878346134,0.928607818,3928.0,5144.0
0.767256106375879,0.100097371,0.849296286,0.93147696,3928.0,5144.0
0.770506628494304,0.0,0.825621542,0.932362988,3928.0,5144.0
0.7603342091214015,0.0,0.782076239,0.9250061285,3928.0,5144.0
0.7488548742054917,0.0,0.725311386,0.900991445,3928.0,5144.0
0.7410610641996416,0.0,0.691405168,0.879031802,3928.0,5144.0
0.7213335328833078,0.0,0.614212853,0.852573875,3928.0,5144.0
0.664974087439711,0.0,0.5735642455000001,0.7909572665,3928.0,5144.0
0.6399170074590106,0.0,0.539958842,0.7351093765000001,3928.0,5144.0
0.6477224388591988,0.0,0.512568473,0.708130877,3928.0,5144.0
0.6875806564592539,0.0,0.495284179,0.702564564,3928.0,5144.0
0.7591413781308259,0.0,0.476247853,0.678560807,3928.0,5144.0
0.8558618203145073,0.0,0.450282864,0.656583964,3928.0,5144.0
0.9205346217443175,0.0,0.423648285,0.623674221,3928.0,5144.0
0.9341332143493425,0.012033139,0.395572606,0.565604587,3928.0,5144.0
0.9258703358524842,0.151887476,0.370301855,0.510377847,3928.0,5144.0
0.9169812344872817,0.281781855,0.350173831,0.429851212,3928.0,5144.0
0.90805913196632,0.371196959,0.358658326,0.406893257,3928.0,5144.0
0.9051964618110038,0.39797705800000005,0.34783374749999996,0.374234214,3928.0,5144.0
0.906001618211786,0.30775906,0.305550029,0.32887286,3928.0,5144.0
0.9116450767433455,0.229812259,0.271988356,0.279788934,3928.0,5144.0
0.9348253508425476,0.08448908,0.253036353,0.270420135,3928.0,5144.0
0.9412398557828072,0.0,0.2439474455,0.25923471600000003,3928.0,5144.0
0.921464774396127,0.0,0.221836107,0.190135717,3928.0,5144.0
0.8887852330054885,0.0,0.197108913,0.183621049,3928.0,5144.0
0.8547252332683675,0.0,0.176271273,0.1605842,3928.0,5144.0
0.8190332746045663,0.0,0.146899741,0.114723399,3928.0,5144.0
0.6972931004570578,0.0,0.145873839,0.105479428,3928.0,5144.0
0.6795986424317407,0.0,0.146917022,0.099152911,3928.0,5144.0
0.6676790929656881,0.0,0.1286775725,0.08969820649999999,3928.0,5144.0
0.6726708901367652,0.0,0.119540182,0.101685066,3928.0,5144.0
0.7135625663736933,0.0,0.122344629,0.116353392,3928.0,5144.0
0.8045141990281572,0.0,0.130251002,0.141752942,3928.0,5144.0
0.8974391569950575,0.0,0.135819943,0.170825792,3928.0,5144.0
0.9535524246777679,0.0,0.133427497,0.182722824,3928.0,5144.0
0.9673397978689718,0.013626986,0.122877331,0.194104251,3928.0,5144.0
0.9600014832458792,0.172274234,0.105790591,0.213316224,3928.0,5144.0
0.9454091309259678,0.29030861,0.084647407,0.241603263,3928.0,5144.0
0.9350590200387973,0.384714141,0.076635057,0.242244299,3928.0,5144.0
0.9291905417911283,0.4766824595,0.077842811,0.21302435949999998,3928.0,5144.0
0.9285854768663205,0.438976103,0.081891631,0.17751988,3928.0,5144.0
0.9336059947457958,0.320316125,0.079444956,0.175437129,3928.0,5144.0
0.9508054358396844,0.126347812,0.097276299,0.217410513,3928.0,5144.0
0.9625590703874581,0.0,0.120547961,0.284210197,3928.0,5144.0
0.9653441169381579,0.0,0.138505307,0.353343911,3928.0,5144.0
0.9459396329482553,0.0,0.152419839,0.384162282,3928.0,5144.0
0.9106385425050899,0.0,0.155446648,0.397354861,3928.0,5144.0
0.8777167266801501,0.0,0.154333049,0.406637773,3928.0,5144.0
0.8403555498606933,0.0,0.142566234,0.38384545,3928.0,5144.0
0.7082882857461856,0.0,0.147547156,0.4106491565,3928.0,5144.0
0.690591122018504,0.0,0.152020088,0.431619366,3928.0,5144.0
0.6963975900691377,0.0,0.1595054565,0.418301033,3928.0,5144.0
0.7419169643522328,0.0,0.156936625,0.362932482,3928.0,5144.0
0.8276616493449153,0.0,0.150797399,0.315558831,3928.0,5144.0
0.915064507865912,0.0,0.153906704,0.326359722,3928.0,5144.0
0.9770291322599468,0.006478037,0.15173025750000002,0.346806035,3928.0,5144.0
0.9800420373603475,0.190571937,0.143732495,0.346055064,3928.0,5144.0
0.974086487544281,0.318449102,0.109582312,0.339120635,3928.0,5144.0
0.96689108904034,0.419201522,0.090700507,0.295025018,3928.0,5144.0
0.9580547717262768,0.48332804,0.0859029525,0.2450354085,3928.0,5144.0
0.9536933004975897,0.433939509,0.089106825,0.265391475,3928.0,5144.0
0.9627166241584751,0.31498958,0.100163062,0.295790562,3928.0,5144.0
0.981981563134624,0.114048723,0.146601654,0.373329053,3928.0,5144.0
0.9846440974706367,0.0,0.20372595300000002,0.4945751555,3928.0,5144.0
0.963697076926324,0.0,0.242107684,0.565375865,3928.0,5144.0
0.9263590541076452,0.0,0.25085393,0.599014478,3928.0,5144.0
0.890614577655159,0.0,0.255909329,0.655636381,3928.0,5144.0
0.8559215239497586,0.0,0.252254035,0.66891093,3928.0,5144.0
0.7200971883308183,0.0,0.292713138,0.7130471345,3928.0,5144.0
0.7015011652814827,0.0,0.3237491965,0.742064619,3928.0,5144.0
0.7038528281288737,0.0,0.350465016,0.785773848,3928.0,5144.0
0.7454436046852074,0.0,0.360095513,0.789955254,3928.0,5144.0
0.8275667267800187,0.0,0.375163232,0.792928629,3928.0,5144.0
0.9142099384181485,0.0,0.389002443,0.795684085,3928.0,5144.0
0.9759122393212886,0.0041919175,0.3987140205,0.803369778,3928.0,5144.0
0.9806023468063113,0.162858494,0.382910206,0.789112087,3928.0,5144.0
0.9766493088185133,0.263423984,0.265992443,0.680460377,3928.0,5144.0
0.9739058684591437,0.313260828,0.271794207,0.685657047,3928.0,5144.0
0.9668108040260681,0.3166424955,0.287153363,0.6898928885,3928.0,5144.0
0.9661872424661392,0.259155078,0.301568759,0.687079915,3928.0,5144.0
0.9715744100218577,0.172193672,0.325287792,0.69225834,3928.0,5144.0
0.98770841162464,0.0208865835,0.37089589,0.693898744,3928.0,5144.0
0.9731055468985741,0.0,0.3699999325,0.6783267485,3928.0,5144.0
0.927578144144424,0.0,0.328222058,0.661034731,3928.0,5144.0
0.8912147190530961,0.0,0.296077532,0.62168742,3928.0,5144.0
0.8560293099271634,0.0,0.23167675,0.513008031,3928.0,5144.0
0.7223714714619016,0.0,0.22355076299999999,0.433242357,3928.0,5144.0
0.7036645131982682,0.0,0.220060633,0.353279122,3928.0,5144.0
0.7055431155414081,0.0,0.209744968,0.330640335,3928.0,5144.0
0.7455482857184275,0.0,0.198218868,0.270634537,3928.0,5144.0
0.827237070374018,0.0,0.187006855,0.233877638,3928.0,5144.0
0.9133158917650427,0.0,0.179738697,0.246687226,3928.0,5144.0
0.9748294120820038,0.004261306,0.1884261865,0.2947361095,3928.0,5144.0
0.9805837171412034,0.266046705,0.168369993,0.287525191,3928.0,5144.0
0.977006466187647,0.440008067,0.098124024,0.256740316,3928.0,5144.0
0.9744721217335038,0.557044011,0.095852626,0.168808333,3928.0,5144.0
0.9721195495947698,0.599990094,0.109329218,0.121751044,3928.0,5144.0
0.9697748728971043,0.587001247,0.123812795,0.116369409,3928.0,5144.0
0.9702867451530433,0.507056034,0.131712291,0.130177516,3928.0,5144.0
0.975419041023166,0.371026696,0.146653964,0.14050385,3928.0,5144.0
0.9879089022918148,0.140887464,0.174723798,0.149239418,3928.0,5144.0
0.9894894077709433,0.0,0.1826479185,0.200943346,3928.0,5144.0
0.9671061286727223,0.0,0.187480816,0.278866801,3928.0,5144.0
0.928453383657866,0.0,0.172274732,0.313502517,3928.0,5144.0
0.8912731806701772,0.0,0.163641654,0.377370942,3928.0,5144.0
0.8558089475767104,0.0,0.15942187,0.489061996,3928.0,5144.0
0.7040785131973972,0.0,0.162065179,0.559014244,3928.0,5144.0
0.6805121614756837,0.0,0.1700668475,0.6337675890000001,3928.0,5144.0
0.6868738158498109,0.0,0.199864816,0.7141360855,3928.0,5144.0
0.7170546753011007,0.0,0.23077447550000002,0.777364787,3928.0,5144.0
0.7658388322337095,0.0,0.259355391,0.822100448,3928.0,5144.0
0.8034303072452583,0.011069311,0.283896151,0.839871817,3928.0,5144.0
0.8163718934988254,0.148833592,0.291280571,0.845080962,3928.0,5144.0
0.8169047020828971,0.21599035,0.263253396,0.845909204,3928.0,5144.0
0.8160404628534678,0.253792383,0.283529137,0.843238205,3928.0,5144.0
0.8149210859797098,0.240782133,0.297405046,0.836249518,3928.0,5144.0
0.8133019017788801,0.191653332,0.310971418,0.833465034,3928.0,5144.0
0.8156424976754045,0.128522581,0.335935891,0.832451019,3928.0,5144.0
0.8247343963708065,0.06129266,0.369576603,0.839025984,3928.0,5144.0
0.8434632444453837,0.010102259,0.41676813,0.856501574,3928.0,5144.0
0.8452666849979625,0.0,0.458897969,0.866977117,3928.0,5144.0
0.8352590050907827,0.0,0.48188917200000003,0.868158043,3928.0,5144.0
0.8169443565603144,0.0,0.491145823,0.862273536,3928.0,5144.0
0.8067171128369427,0.0,0.488306973,0.847239237,3928.0,5144.0
0.7805310749887167,0.0,0.43625107,0.79362441,3928.0,5144.0
0.7016495150276476,0.0,0.435937036,0.764366771,3928.0,5144.0
0.6799722559341846,0.0,0.420655314,0.740529495,3928.0,5144.0
0.658514560808774,0.0,0.377984673,0.737018923,3928.0,5144.0
0.650473064913274,0.0,0.3133356685,0.6583788374999999,3928.0,5144.0
0.6651897036872292,0.0,0.24952343000000002,0.5549584569999999,3928.0,5144.0
0.6954895712178213,0.0,0.205641497,0.495765261,3928.0,5144.0
0.7330286170261021,0.0,0.194307064,0.468772121,3928.0,5144.0
0.7704749580433723,0.001824898,0.184513323,0.482134734,3928.0,5144.0
0.7905577393582558,0.049473495,0.177000744,0.492184733,3928.0,5144.0
0.7881836100847852,0.083557708,0.174721784,0.51253377,3928.0,5144.0
0.7853790466986788,0.118091639,0.18689334,0.546721889,3928.0,5144.0
0.7818094250249771,0.137702463,0.198991933,0.587049401,3928.0,5144.0
0.7776750582562989,0.133614104,0.191630982,0.636402568,3928.0,5144.0
0.7806455143890197,0.113357375,0.197197186,0.717054068,3928.0,5144.0
0.7889891214346791,0.065379597,0.218999259,0.75775773,3928.0,5144.0
0.8118392068054532,0.024124684,0.253488813,0.794956791,3928.0,5144.0
0.8135469262588745,0.0,0.2991770615,0.8315895415,3928.0,5144.0
0.8006543093658989,0.0,0.360073927,0.856188634,3928.0,5144.0
0.7871089444477825,0.0,0.40134028,0.867094815,3928.0,5144.0
0.7789559810155572,0.0,0.429648778,0.859812244,3928.0,5144.0
0.7495852458858691,0.0,0.466901737,0.869451117,3928.0,5144.0
0.6782385879897228,0.0,0.45989856100000004,0.850986808,3928.0,5144.0
0.6528555775562912,0.0,0.4523408055,0.854879964,3928.0,5144.0
0.6595843472622351,0.0,0.448479401,0.82976342,3928.0,5144.0
0.6979352029954371,0.0,0.450441618,0.786767253,3928.0,5144.0
0.7800878663527114,0.0,0.435787228,0.713251959,3928.0,5144.0
0.8744311630053953,0.0,0.417489759,0.690237427,3928.0,5144.0
0.9326231467295049,0.0,0.389002724,0.652800231,3928.0,5144.0
0.9459887797327825,0.00554018,0.367602212,0.593666869,3928.0,5144.0
0.9354266454707566,0.158080362,0.340093299,0.553325855,3928.0,5144.0
0.9250176294319757,0.296156613,0.275878017,0.494703806,3928.0,5144.0
0.915266861560342,0.344479347,0.284340076,0.538980355,3928.0,5144.0
0.9071540849279611,0.372779805,0.295181152,0.5465236,3928.0,5144.0
0.9041343046373975,0.342275292,0.288661688,0.588049486,3928.0,5144.0
0.9047604388190837,0.266080201,0.269094966,0.622321185,3928.0,5144.0
0.912604859445516,0.178153938,0.231646479,0.616934366,3928.0,5144.0
0.9435599146942599,0.06495823,0.232565251,0.649238584,3928.0,5144.0
0.949864903811707,0.0,0.244322223,0.687480409,3928.0,5144.0
0.9359293803686977,0.0,0.258151911,0.7287877045,3928.0,5144.0
0.8901701270009836,0.0,0.273966719,0.750207101,3928.0,5144.0
0.8600730123054016,0.0,0.287125687,0.77597978,3928.0,5144.0
0.8191060190256412,0.0,0.330060431,0.806352908,3928.0,5144.0
0.6904055350125473,0.0,0.33443890600000004,0.8229010585000001,3928.0,5144.0
0.6682565904629898,0.0,0.353784002,0.832939238,3928.0,5144.0
0.6727106334020806,0.0,0.371816718,0.855829704,3928.0,5144.0
0.7121493730326649,0.0,0.391005029,0.864359687,3928.0,5144.0
0.8005973558269609,0.0,0.435168899,0.868405741,3928.0,5144.0
0.8921310325366815,0.0,0.488801843,0.873917588,3928.0,5144.0
0.9468892136475731,0.0,0.537864677,0.890164596,3928.0,5144.0
0.958059118587391,0.009359811,0.575352641,0.902670255,3928.0,5144.0
0.9524632101767984,0.172999986,0.590080712,0.905084876,3928.0,5144.0
0.945906809267052,0.276470572,0.562002398,0.894691135,3928.0,5144.0
0.9278650409769621,0.3731385155,0.5672316565,0.9079701585,3928.0,5144.0
0.9179058869464647,0.353877577,0.585230246,0.922533782,3928.0,5144.0
0.915743248725422,0.27559827,0.633462843,0.926380829,3928.0,5144.0
0.9211783210474976,0.176593031,0.661901366,0.927748428,3928.0,5144.0
0.9364798426596803,0.037665281,0.681529316,0.927791071,3928.0,5144.0
0.9415020461930951,0.0,0.697899936,0.927601642,3928.0,5144.0
0.9363176758663356,0.0,0.696034286,0.921406395,3928.0,5144.0
0.910079741137269,0.0,0.69410578,0.908382913,3928.0,5144.0
0.8681557152516516,0.0,0.679956491,0.903106264,3928.0,5144.0
0.8239562972973875,0.0,0.659620975,0.893527104,3928.0,5144.0
0.7810401084616848,0.0,0.607765236,0.885291385,3928.0,5144.0
0.6774190600982891,0.0,0.605596386,0.867140531,3928.0,5144.0
0.6430758006433813,0.0,0.5731193035,0.8595574724999999,3928.0,5144.0
0.6360078822749469,0.0,0.5312869570000001,0.864998775,3928.0,5144.0
0.6789652337168304,0.0,0.495573742,0.84218128,3928.0,5144.0
0.7456744351997264,0.0,0.471943479,0.833499015,3928.0,5144.0
0.8431508871009035,0.0,0.449633635,0.818255199,3928.0,5144.0
0.9161216527247498,0.001336545,0.424601016,0.824325896,3928.0,5144.0
0.9121363677215043,0.105303991,0.401388166,0.818945395,3928.0,5144.0
0.9073314216955983,0.194653654,0.337401792,0.75726135,3928.0,5144.0
0.9050224074621073,0.27355489,0.332992158,0.729154951,3928.0,5144.0
0.905501899571372,0.320077693,0.355121434,0.708145941,3928.0,5144.0
0.9041564827812192,0.301987721,0.387534797,0.73425213,3928.0,5144.0
0.9047604388190837,0.245693741,0.402956844,0.747580357,3928.0,5144.0
0.9092226877544058,0.17474015,0.410155961,0.746575418,3928.0,5144.0
0.9313380544824478,0.082340807,0.419119344,0.770018099,3928.0,5144.0
0.9354262906228854,0.0,0.42868072,0.79395428,3928.0,5144.0
0.9259806944516462,0.0,0.44714356749999995,0.8242268635,3928.0,5144.0
0.8783706279861829,0.0,0.466489106,0.857081411,3928.0,5144.0
0.8406679959930716,0.0,0.482230158,0.872071165,3928.0,5144.0
0.7976824338416924,0.0,0.49763561,0.901775514,3928.0,5144.0
0.6754635216239908,0.0,0.4648194685,0.9007738949999999,3928.0,5144.0
0.6552311706151965,0.0,0.464444547,0.8872389475,3928.0,5144.0
0.6586055357037565,0.0,0.464276429,0.873246893,3928.0,5144.0
0.6963156638454955,0.0,0.466105879,0.862386261,3928.0,5144.0
0.7764626218448996,0.0,0.470787191,0.857867344,3928.0,5144.0
0.8646363049060912,0.0,0.469200094,0.847455929,3928.0,5144.0
0.9311824967686726,0.0026504105,0.4721169795,0.8326898055,3928.0,5144.0
0.9315344644497221,0.135223329,0.46751629,0.821819668,3928.0,5144.0
0.9220561332839374,0.229714446,0.437124697,0.793700046,3928.0,5144.0
0.9143550724124268,0.302119488,0.446384426,0.78375588,3928.0,5144.0
0.9045863845208074,0.3099015535,0.45144152800000004,0.8044269325,3928.0,5144.0
0.9019319230497989,0.267611882,0.450247744,0.795263079,3928.0,5144.0
0.9049705992679246,0.210570561,0.436706759,0.799649686,3928.0,5144.0
0.9192667397708829,0.089724065,0.420672161,0.805367966,3928.0,5144.0
0.9242464498920486,0.0,0.44107980300000005,0.8420111055,3928.0,5144.0
0.905829781738016,0.0,0.491701664,0.872415433,3928.0,5144.0
0.8682800904935938,0.0,0.521428884,0.87383078,3928.0,5144.0
0.8271602451518022,0.0,0.550308142,0.876114141,3928.0,5144.0
0.7852224687846182,0.0,0.597846045,0.882143208,3928.0,5144.0
0.6644511704551899,0.0,0.620260363,0.8808882650000001,3928.0,5144.0
0.6343073706878954,0.0,0.6445829860000001,0.8805554065000001,3928.0,5144.0
0.6576817259196828,0.0,0.680137902,0.8791364015,3928.0,5144.0
0.7416365878619863,0.0,0.712175602,0.878401691,3928.0,5144.0
0.8378047048286704,0.0,0.721823257,0.874022978,3928.0,5144.0
0.8926638409688923,0.0013707555,0.730900706,0.877772586,3928.0,5144.0
0.889351574865266,0.027957134,0.728552989,0.879784349,3928.0,5144.0
0.8851323987466456,0.047753865,0.700573765,0.876457793,3928.0,5144.0
0.8818896833826314,0.065003189,0.699678652,0.87264292,3928.0,5144.0
0.8792034184307047,0.062069007999999995,0.6948286109999999,0.867237189,3928.0,5144.0
0.8802660635834095,0.0399263655,0.678540028,0.8605347895,3928.0,5144.0
0.8947255242112251,0.0074840345,0.6771931265,0.8717636355,3928.0,5144.0
0.8800484512786497,0.0,0.6849639009999999,0.876200874,3928.0,5144.0
0.8355187559092997,0.0,0.68762176,0.876310828,3928.0,5144.0
0.7907930054205469,0.0,0.684175967,0.876733958,3928.0,5144.0
0.7477826038169308,0.0,0.659788975,0.876072308,3928.0,5144.0
0.6517986544140978,0.0,0.678129221,0.87722431,3928.0,5144.0
0.6251343664747772,0.0,0.673431129,0.8762516,3928.0,5144.0
0.6010273995158217,0.0,0.6605709815,0.8713328435,3928.0,5144.0
0.6062803446746168,0.0,0.6289162725,0.8656044780000001,3928.0,5144.0
0.6281924707404112,0.0,0.596741048,0.852818848,3928.0,5144.0
0.6470852598476899,0.0,0.570596187,0.846775336,3928.0,5144.0
0.6914757650511577,0.0,0.552808734,0.840511985,3928.0,5144.0
0.7183178332926448,0.003294125,0.542091953,0.826516748,3928.0,5144.0
0.7332165105432229,0.046139089,0.532991009,0.811064319,3928.0,5144.0
0.7349291092308059,0.093524144,0.397901039,0.701390113,3928.0,5144.0
0.7292851183768192,0.142666455,0.462924184,0.71356855,3928.0,5144.0
0.7263112912399404,0.17065388250000002,0.46441791450000003,0.7096391295,3928.0,5144.0
0.7276929916045931,0.14630852,0.445954684,0.686912993,3928.0,5144.0
0.735520113270745,0.108964616,0.39982832,0.661272473,3928.0,5144.0
0.7565390797524917,0.039739132,0.375240362,0.653924554,3928.0,5144.0
0.7618953752396792,0.0,0.355139644,0.620101271,3928.0,5144.0
0.7525812069244809,0.0,0.3331612275,0.583331459,3928.0,5144.0
0.7354874447405725,0.0,0.296259587,0.5451126915,3928.0,5144.0
0.7134333119482096,0.0,0.234425712,0.501479197,3928.0,5144.0
0.6452640768003017,0.0,0.2611312955,0.5569012040000001,3928.0,5144.0
0.6069495489849286,0.0,0.26024375349999995,0.615791987,3928.0,5144.0
0.6118656742146817,0.0,0.2699301,0.5925993695,3928.0,5144.0
0.6447325103356405,0.0,0.2876150795,0.6608387775,3928.0,5144.0
0.712786352347333,0.001879558,0.3500087255,0.7095913954999999,3928.0,5144.0
0.7428922274319977,0.047692259,0.407915734,0.720857431,3928.0,5144.0
0.7422068331495892,0.107994561,0.419210086,0.727113039,3928.0,5144.0
0.7372469059744237,0.154468773,0.441714491,0.722976019,3928.0,5144.0
0.7250013816616908,0.1626754705,0.491637655,0.727822544,3928.0,5144.0
0.7212551107950504,0.119523048,0.495579672,0.733799494,3928.0,5144.0
0.7238540381692269,0.079454676,0.488433387,0.733907266,3928.0,5144.0
0.7330542549619797,0.032848602,0.479392187,0.72430216,3928.0,5144.0
0.7353028558644769,0.0,0.469769013,0.715348831,3928.0,5144.0
0.7275240382571229,0.0,0.46464684700000003,0.6993892165,3928.0,5144.0
0.7134664461339555,0.0,0.458445671,0.676166486,3928.0,5144.0
0.7095595831177272,0.0,0.452885825,0.658746608,3928.0,5144.0
0.6819103179736468,0.0,0.408449021,0.5625835235,3928.0,5144.0
0.6384797729975256,0.0,0.402587128,0.46926785449999997,3928.0,5144.0
0.6332714281159231,0.0,0.3623100455,0.355296155,3928.0,5144.0
0.6767237298730012,0.0,0.317947531,0.303036354,3928.0,5144.0
0.7429389790693235,0.0,0.293357929,0.256137161,3928.0,5144.0
0.8407347078990925,0.0,0.263617386,0.220022572,3928.0,5144.0
0.9107135934373286,0.0017491115,0.22818366499999998,0.2007429995,3928.0,5144.0
0.9084602907752257,0.048929684,0.209605824,0.176251921,3928.0,5144.0
0.905761827813825,0.094934732,0.169397471,0.166584057,3928.0,5144.0
0.9043958296446514,0.153662389,0.178857101,0.162824777,3928.0,5144.0
0.9034054410351634,0.177601258,0.183836899,0.150954472,3928.0,5144.0
0.9026294710489727,0.188950328,0.194258678,0.143206781,3928.0,5144.0
0.9025813888080597,0.165335633,0.203714494,0.144592774,3928.0,5144.0
0.9087192431607222,0.122884113,0.201656781,0.142860712,3928.0,5144.0
0.921436829898465,0.041407133,0.203935861,0.153791989,3928.0,5144.0
0.9347114437140516,0.0,0.2144404205,0.1704657335,3928.0,5144.0
0.919644389731139,0.0,0.22248954,0.198839695,3928.0,5144.0
0.8941071966320888,0.0,0.229043797,0.219314547,3928.0,5144.0
0.8617358431993724,0.0,0.238886842,0.231933289,3928.0,5144.0
0.8272445222805573,0.0,0.22308466,0.228222142,3928.0,5144.0
0.7072196969169454,0.0,0.213249424,0.236062096,3928.0,5144.0
0.69266584594542,0.0,0.193749497,0.222853779,3928.0,5144.0
0.6859225717188381,0.0,0.186420405,0.198650508,3928.0,5144.0
0.6885271322650074,0.0,0.1697515125,0.21100536749999999,3928.0,5144.0
0.7347542564995088,0.0,0.170430686,0.23538422,3928.0,5144.0
0.8219053482790942,0.0,0.170696092,0.253561135,3928.0,5144.0
0.9096825743416063,0.0,0.174198618,0.281993737,3928.0,5144.0
0.9748518564376594,0.003259141,0.16880193,0.303693746,3928.0,5144.0
0.9751745488149787,0.219364171,0.128818814,0.297920968,3928.0,5144.0
0.9689871927286773,0.379654705,0.074807853,0.267135423,3928.0,5144.0
0.9619468640606537,0.50711021,0.050849113,0.229443061,3928.0,5144.0
0.9542305445281929,0.591601754,0.04560226,0.183545719,3928.0,5144.0
0.9470105726319883,0.609927536,0.048737583,0.160314469,3928.0,5144.0
0.944983132563585,0.545045363,0.060640909,0.147986077,3928.0,5144.0
0.9521492558650363,0.41153977,0.080134766,0.14965144,3928.0,5144.0
0.9782798482524676,0.17284397,0.123164499,0.1832179,3928.0,5144.0
0.9859926192049742,0.0,0.160867693,0.22864784,3928.0,5144.0
0.9723202620292092,0.0,0.1760543295,0.2717976355,3928.0,5144.0
0.9262390258280578,0.0,0.170280201,0.266930623,3928.0,5144.0
0.8908069954067094,0.0,0.163336917,0.25292098,3928.0,5144.0
0.856335368797857,0.0,0.142375701,0.219133178,3928.0,5144.0
0.7213155685199936,0.0,0.13921955149999998,0.184586916,3928.0,5144.0
0.7036219532710257,0.0,0.13071713299999999,0.15432787250000002,3928.0,5144.0
0.7058078342807448,0.0,0.12715714,0.172715198,3928.0,5144.0
0.7454535405268463,0.0,0.129857253,0.175289764,3928.0,5144.0
0.8267335370936765,0.0,0.139824486,0.158226134,3928.0,5144.0
0.9122956070452205,0.0,0.148363919,0.1521077,3928.0,5144.0
0.968260901849441,0.0,0.155310634,0.167386551,3928.0,5144.0
0.9811175901676488,0.006767846,0.159985834,0.175644534,3928.0,5144.0
0.9805837171412034,0.219596016,0.147786381,0.169274827,3928.0,5144.0
0.9797582454213737,0.412208006,0.123821439,0.155917439,3928.0,5144.0
0.9758166513533579,0.550989809,0.073712419,0.118139249,3928.0,5144.0
0.9702233155645225,0.628200864,0.052182469,0.087357204,3928.0,5144.0
0.9646006157852991,0.627948468,0.04351929,0.072228469,3928.0,5144.0
0.9604666926523906,0.55240692,0.043522636,0.077683077,3928.0,5144.0
0.9655525918342993,0.391700224,0.059672389,0.09749479,3928.0,5144.0
0.9845932651334104,0.145955976,0.09182426,0.122575563,3928.0,5144.0
0.9875079208562246,0.0,0.122302461,0.130638015,3928.0,5144.0
0.9742437308613756,0.0,0.135935759,0.1427063475,3928.0,5144.0
0.928456843449922,0.0,0.13199518,0.165082905,3928.0,5144.0
0.8912731806701772,0.0,0.12450582,0.167149433,3928.0,5144.0
0.8560293099271634,0.0,0.115022877,0.120257903,3928.0,5144.0
0.7308111099087803,0.0,0.108903727,0.111889046,3928.0,5144.0
0.7091332742001815,0.0,0.0950054,0.09690911899999999,3928.0,5144.0
0.7041594191701339,0.0,0.075447154,0.08534705100000001,3928.0,5144.0
0.7451724986841859,0.0,0.066251941,0.074456035,3928.0,5144.0
0.8266324933270683,0.0,0.063140767,0.063891374,3928.0,5144.0
0.9131054652562288,0.0,0.060922747,0.056089206,3928.0,5144.0
0.975331392890253,0.0032329335,0.0586070335,0.047052208,3928.0,5144.0
0.9804759311637987,0.178508589,0.054049039,0.045867679,3928.0,5144.0
0.9796261522129189,0.295114939,0.055603182,0.058721084,3928.0,5144.0
0.9747588411421062,0.387057187,0.029400675,0.044322131,3928.0,5144.0
0.9685624363338441,0.433013319,0.0164315125,0.038325647000000004,3928.0,5144.0
0.9643353648247757,0.357960979,0.01650013,0.035780176,3928.0,5144.0
0.969204716296159,0.250298735,0.019643683,0.0336227,3928.0,5144.0
0.9836340146524268,0.113939882,0.021824196,0.031182192,3928.0,5144.0
0.9858381260854332,0.0,0.026105985999999998,0.029848059,3928.0,5144.0
0.9667143733830283,0.0,0.032684074,0.027125436,3928.0,5144.0
0.928456843449922,0.0,0.034776763,0.023468026,3928.0,5144.0
0.8910762384817162,0.0,0.03460977,0.020631298,3928.0,5144.0
0.8559215239497586,0.0,0.051182891,0.014476485,3928.0,5144.0
0.7220411497034871,0.0,0.042683182,0.0186916775,3928.0,5144.0
0.7045529044064761,0.0,0.038643686,0.030250492,3928.0,5144.0
0.7042421437761767,0.0,0.043485933000000004,0.0426470565,3928.0,5144.0
0.7455482857184275,0.0,0.049582571,0.05380353,3928.0,5144.0
0.8277370551756458,0.0,0.052780992,0.060406304,3928.0,5144.0
0.9156024616934983,0.0,0.055151203,0.067104169,3928.0,5144.0
0.9769947117127019,0.001736985,0.0579366075,0.073793838,3928.0,5144.0
0.9805139001897573,0.064778488,0.058474376,0.069664597,3928.0,5144.0
0.9779264168366036,0.117743716,0.04558849,0.049201271,3928.0,5144.0
0.9740738016063287,0.159788749,0.042280106,0.048560491,3928.0,5144.0
0.9711001519440059,0.202033982,0.049956157,0.054204731,3928.0,5144.0
0.9675331915787193,0.190019376,0.057116349,0.064225154,3928.0,5144.0
0.9667915534531156,0.167986191,0.067250389,0.099031216,3928.0,5144.0
0.9693335271871135,0.113373938,0.077733157,0.135342517,3928.0,5144.0
0.9808131281629966,0.053179298,0.086911157,0.150486774,3928.0,5144.0
0.9815362254113904,0.0,0.093156346,0.151595668,3928.0,5144.0
0.9759692372541755,0.0,0.097191133,0.152401365,3928.0,5144.0
0.9528443199291106,0.0,0.101463203,0.150968709,3928.0,5144.0
0.9134855104649269,0.0,0.107792998,0.155191851,3928.0,5144.0
0.8774623873169815,0.0,0.109560133,0.144298932,3928.0,5144.0
0.836717530627031,0.0,0.076453051,0.094166363,3928.0,5144.0
0.6958260141779474,0.0,0.086324814,0.103074409,3928.0,5144.0
0.6771763864727877,0.0,0.090136379,0.115320485,3928.0,5144.0
0.6592867161550373,0.0,0.092465633,0.130006272,3928.0,5144.0
0.6543344626030553,0.0,0.095836696,0.149235998,3928.0,5144.0
0.6552064641423261,0.0,0.096461262,0.16931216,3928.0,5144.0
0.6616567646273669,0.0,0.101068233,0.20527111,3928.0,5144.0
0.6917000307788159,0.0,0.11973402799999999,0.223049352,3928.0,5144.0
0.7438499697335976,0.0,0.112736734,0.232735294,3928.0,5144.0
0.7832673296027607,0.004723187,0.107800546,0.272517078,3928.0,5144.0
0.8000675636016567,0.119130288,0.104235935,0.325004823,3928.0,5144.0
0.8023016155389464,0.202245295,0.091876151,0.380231889,3928.0,5144.0
0.8000630391647461,0.278845165,0.088373275,0.404880397,3928.0,5144.0
0.7943018146226746,0.3500635525,0.10233239999999999,0.437820918,3928.0,5144.0
0.7904500421687494,0.331064771,0.125463707,0.462760617,3928.0,5144.0
0.7972178454442659,0.264326036,0.142627837,0.49423111,3928.0,5144.0
0.8157617275725916,0.128408792,0.160058238,0.510738327,3928.0,5144.0
0.818677802788132,0.0,0.181669579,0.505029623,3928.0,5144.0
0.8067700299180685,0.0,0.1896891905,0.4726322215,3928.0,5144.0
0.7880026361517765,0.0,0.193141291,0.407382058,3928.0,5144.0
0.7795110563288677,0.0,0.187281179,0.355024177,3928.0,5144.0
0.7560205539724137,0.0,0.16994258,0.299835434,3928.0,5144.0
0.6810584986221966,0.0,0.163335718,0.257071141,3928.0,5144.0
0.6601880371388861,0.0,0.171378199,0.241050469,3928.0,5144.0
0.6426302189305986,0.0,0.1675343325,0.2202545545,3928.0,5144.0
0.6451566014286799,0.0,0.156502521,0.185135202,3928.0,5144.0
0.6553547917674468,0.0,0.152111319,0.155776445,3928.0,5144.0
0.6730300879064692,0.0,0.143017362,0.136712025,3928.0,5144.0
0.6955514039403006,0.0,0.136752258,0.133404032,3928.0,5144.0
0.7343275483401428,0.0,0.133692166,0.135673226,3928.0,5144.0
0.7740122882570575,0.004408523,0.139072896,0.138309294,3928.0,5144.0
0.7905577393582558,0.093756508,0.142425187,0.149864494,3928.0,5144.0
0.7886092535992967,0.159670885,0.118913132,0.173918961,3928.0,5144.0
0.7820669580189881,0.220078531,0.116695187,0.192217481,3928.0,5144.0
0.7758215838501344,0.281666347,0.121800926,0.224989456,3928.0,5144.0
0.7654968447376279,0.293940154,0.12302538,0.253534769,3928.0,5144.0
0.764243423042743,0.265419845,0.123842014,0.254348524,3928.0,5144.0
0.7706033252985575,0.218190257,0.136436944,0.255895051,3928.0,5144.0
0.7941048280402645,0.121869603,0.155363886,0.281048679,3928.0,5144.0
0.8015329199847392,0.0,0.168033038,0.303574712,3928.0,5144.0
0.7987356310306161,0.0,0.173071801,0.308489654,3928.0,5144.0
0.7844564346400664,0.0,0.167011775,0.290188185,3928.0,5144.0
0.7679495291799627,0.0,0.1596437865,0.2549650845,3928.0,5144.0
0.7396275112974772,0.0,0.139202609,0.208160525,3928.0,5144.0
0.672703913464189,0.0,0.14567231,0.19835015900000003,3928.0,5144.0
0.6463997990502883,0.0,0.1451324615,0.20469121899999998,3928.0,5144.0
0.6499542730226026,0.0,0.146577181,0.212137071,3928.0,5144.0
0.6878349957211821,0.0,0.149947298,0.215428948,3928.0,5144.0
0.759590441807329,0.0,0.150479931,0.205919077,3928.0,5144.0
0.8563093759128675,0.0,0.148827783,0.201371155,3928.0,5144.0
0.9204365054473381,0.0,0.15217818,0.190592449,3928.0,5144.0
0.9351557169442911,0.004548665,0.150828833,0.178590023,3928.0,5144.0
0.9313330866122486,0.107958924,0.143987334,0.169860257,3928.0,5144.0
0.9252294753322752,0.183718214,0.097776722,0.142492858,3928.0,5144.0
0.9219424922660348,0.238633941,0.092361899,0.129557277,3928.0,5144.0
0.920741233613204,0.292128314,0.096965642,0.131844174,3928.0,5144.0
0.9156486810083968,0.281086054,0.101526167,0.13919752,3928.0,5144.0
0.9138255462470957,0.248221375,0.104274723,0.144407571,3928.0,5144.0
0.9160445170992317,0.18938279,0.117377411,0.169466604,3928.0,5144.0
0.9336603756629762,0.098259808,0.135795697,0.198742159,3928.0,5144.0
0.9348608359334065,0.0,0.152947035,0.221575214,3928.0,5144.0
0.9179270005972924,0.0,0.1585445165,0.229157153,3928.0,5144.0
0.86990025055138,0.0,0.153221458,0.232720223,3928.0,5144.0
0.8293686591532142,0.0,0.148944141,0.246250148,3928.0,5144.0
0.7880238385398822,0.0,0.137641767,0.248958925,3928.0,5144.0
0.6767405409554235,0.0,0.145447423,0.214630758,3928.0,5144.0
