Demand,Avail_Sol,Avail_Wind_On,Avail_Wind_Off,Hyd_In,HydRoR_In
0.6599634792213459,0.0,0.5659068666,0.7751394142,0.0,0.0
0.8290785307231756,0.0,0.686062891,0.8464493909999999,0.0,0.0
0.9175873222101206,0.0037509423333333333,0.7310702016666667,0.869368376,0.0,0.0
0.9256860911822354,0.107300456,0.8040550994,0.8684786736,0.0,0.0
0.9322521564626485,0.0104155795,0.769937659,0.9144401835,0.0,0.0
0.8812365687565926,0.0,0.6375625446,0.8750429256000001,0.0,0.0
0.717889940136935,0.0,0.5744443925,0.8479927735,0.0,0.0
0.6667082349340039,0.0,0.46144685579999994,0.7722541788000001,0.0,0.0
0.8648298819563951,0.0,0.38162668050000004,0.6892874105,0.0,0.0
0.9320984776487227,0.022890116333333335,0.3864168993333333,0.6841550133333333,0.0,0.0
0.9299890730599489,0.342975222,0.3507961444,0.63075298,0.0,0.0
0.9369875177319844,0.013834325,0.35475349749999996,0.573083483,0.0,0.0
0.931288448358961,0.0,0.46598688499999996,0.6380955343333333,0.0,0.0
0.7937111478779749,0.0,0.570370773,0.7508210753333334,0.0,0.0
0.6818886170507936,0.0,0.682873353,0.830946897,0.0,0.0
0.6702331951549909,0.0,0.862237541,0.9162886299999999,0.0,0.0
0.8993007645738361,0.0,0.90373976925,0.93032362725,0.0,0.0
0.9446858744359241,0.004905388,0.7446258375,0.89156462,0.0,0.0
0.9378595503372265,0.0730089255,0.42482900375,0.69232158325,0.0,0.0
0.9407779768890737,0.005053436666666667,0.19633917266666667,0.41579099599999997,0.0,0.0
0.8706570957377965,0.0,0.14495345850000002,0.2832350665,0.0,0.0
0.7227021560860816,0.0,0.245036912,0.3526428655,0.0,0.0
0.6744436520096571,0.0,0.3826662032,0.4025666544,0.0,0.0
0.900719809349458,0.0,0.43198762075,0.4870250345,0.0,0.0
0.9427782700974299,0.10501824,0.38937519,0.461025738,0.0,0.0
0.9381394686402645,0.20412531475,0.32972135975,0.36481358475000003,0.0,0.0
0.94242632065897,0.0111153195,0.217548078,0.257142889,0.0,0.0
0.888534476755529,0.0,0.12030688240000001,0.14609239280000003,0.0,0.0
0.6968397473890762,0.0,0.12044608125,0.14129527274999998,0.0,0.0
0.6767570116902321,0.0,0.143815469,0.18716322533333332,0.0,0.0
0.8691846276551605,0.0,0.122244155,0.1997829675,0.0,0.0
0.9374608069367295,0.009057062999999999,0.11467904833333332,0.17628148466666668,0.0,0.0
0.9443811076181772,0.111222077,0.1230963375,0.16400049249999998,0.0,0.0
0.942966771933486,0.10992028025,0.12483415375,0.18420608875000002,0.0,0.0
0.942011118145107,0.0,0.11463661224999999,0.17338436999999998,0.0,0.0
0.8221347759268807,0.0,0.095296788,0.1351768075,0.0,0.0
0.6962859382935417,0.0,0.097204034,0.139828335,0.0,0.0
0.6443660887009202,0.0,0.0810029615,0.0962714695,0.0,0.0
0.7533311388631686,0.0060430796,0.1040505206,0.1641683308,0.0,0.0
0.8147799105136627,0.2279780215,0.14205261824999998,0.33627839625,0.0,0.0
0.821260525860202,0.1509316415,0.23866832500000001,0.4817941775,0.0,0.0
0.8419069916884546,0.0,0.3403140735,0.6079770225,0.0,0.0
0.8027385236858754,0.0,0.37009276025000004,0.5692598565,0.0,0.0
0.6984458538690559,0.0,0.2398650893333333,0.3188130363333333,0.0,0.0
0.6685989138876335,0.0,0.1283559455,0.152170701,0.0,0.0
0.745637047728144,0.0,0.0774153145,0.09114735925,0.0,0.0
0.8159644594019531,0.125340452,0.102627451,0.151625038,0.0,0.0
0.8213391178543273,0.44865790800000005,0.132967114,0.2584753795,0.0,0.0
0.8190891651618063,0.5184091989999999,0.17662624100000002,0.37482363900000004,0.0,0.0
0.8252117960653675,0.2249463685,0.233892161,0.423489838,0.0,0.0
0.842683173349764,0.0,0.2769338825,0.45148364750000003,0.0,0.0
0.8013334577279912,0.0,0.30042878125,0.4862187785,0.0,0.0
0.7063188708859174,0.0,0.27136722199999996,0.47154702125,0.0,0.0
0.704496049730445,0.0,0.2145572986666667,0.3845621083333333,0.0,0.0
0.8854843031175332,0.0,0.164791467,0.27236662,0.0,0.0
0.9486509214682918,0.02170333966666667,0.13544966566666666,0.179219502,0.0,0.0
0.9547864300952962,0.289749622,0.09186969700000001,0.10865407333333332,0.0,0.0
0.9519809843797667,0.18510193099999997,0.09546200433333334,0.08731453333333335,0.0,0.0
0.9613634680832704,0.0,0.15934952000000002,0.1314220615,0.0,0.0
0.8861843615606797,0.0,0.30873460075,0.28743386825,0.0,0.0
0.7040505046385866,0.0,0.560134268,0.506430983,0.0,0.0
0.6834167258771072,0.0,0.7270888563333333,0.7292204873333334,0.0,0.0
0.8775159264766988,0.0,0.814773879,0.84343243,0.0,0.0
0.9439395782324338,0.041606275666666664,0.8730205776666667,0.898169008,0.0,0.0
0.9418269672622276,0.413017041,0.9094284663333334,0.9249347490000001,0.0,0.0
0.9378685343019896,0.3118948425,0.9165066909999999,0.9356988635,0.0,0.0
0.9425090731601764,0.012895915,0.9063470966666666,0.9358658983333333,0.0,0.0
0.8707854992519579,0.0,0.8324132435,0.92373478125,0.0,0.0
0.6945981042405985,0.0,0.67959952825,0.8608724345000001,0.0,0.0
0.6740950035080323,0.0,0.522265306,0.7550280676666666,0.0,0.0
0.8680803165497032,0.0,0.4393539905,0.6641771335,0.0,0.0
0.93574784613817,0.0016011303333333332,0.3859602913333333,0.6236235410000001,0.0,0.0
0.9411221235001654,0.02307518175,0.24995646175,0.4939582415,0.0,0.0
0.9405658531598051,0.0179888325,0.262487194,0.4917068595,0.0,0.0
0.9373724538091303,0.0,0.29702778274999997,0.4966884835,0.0,0.0
0.7953301854434648,0.0,0.2478871886666667,0.30983245466666665,0.0,0.0
0.6756763604681124,0.0,0.16015264183333333,0.23095449466666665,0.0,0.0
0.8984615814117709,0.0,0.127306629,0.222317754,0.0,0.0
0.9401599546716264,0.013401531999999999,0.1009574825,0.175505536,0.0,0.0
0.9390971660768965,0.0198530808,0.1565077208,0.2636365476,0.0,0.0
0.947266288301687,0.0,0.247521661,0.41494197850000003,0.0,0.0
0.8743902835362541,0.0,0.3068436685,0.46868802000000004,0.0,0.0
0.723427314544264,0.0,0.34022805850000004,0.456313835,0.0,0.0
0.675528303652657,0.0,0.3999577272,0.5244877758000001,0.0,0.0
0.9038895945362446,0.0,0.42790234825,0.57293785375,0.0,0.0
0.9466875696991461,0.026773850000000002,0.42506116549999995,0.5755268265,0.0,0.0
0.9453346903117698,0.08108119420000001,0.4396511198,0.5876381173999999,0.0,0.0
0.951760798766893,0.0,0.4808629995,0.664402841,0.0,0.0
0.8764614725611809,0.0,0.48664551875,0.6699920495,0.0,0.0
0.6925204725264482,0.0,0.468547689,0.6759302043333334,0.0,0.0
0.6405629728493392,0.0,0.49585486074999996,0.7363186549999999,0.0,0.0
0.7492263147767162,0.0021480874,0.5258824306,0.7806749706,0.0,0.0
0.8181904093462307,0.04112759875,0.5781491790000001,0.7999522619999999,0.0,0.0
0.8288556782456266,0.016462476333333333,0.5198765053333334,0.7324775416666668,0.0,0.0
0.8086563560673087,0.0,0.5786196724,0.7812977772,0.0,0.0
0.6901479760519423,0.0,0.469609916,0.6843495636666667,0.0,0.0
0.6606844955196831,0.0,0.40776482119999996,0.6519958210000001,0.0,0.0
0.7592427494332116,0.0,0.42369962499999997,0.72567812,0.0,0.0
0.8180769332757438,0.039997168,0.4423862705,0.753604419,0.0,0.0
0.8222599013081918,0.1302405288,0.5355626601999999,0.7465710012000001,0.0,0.0
0.8433762366799489,0.0,0.627326032,0.8124584775,0.0,0.0
0.8031768032127363,0.0,0.78490676775,0.88455002975,0.0,0.0
0.7092555661792214,0.0,0.8044634249999999,0.9009462583333333,0.0,0.0
0.6951918302927546,0.0,0.84626920375,0.9257702697500001,0.0,0.0
0.8837297679424976,0.0,0.9005321515,0.9343134399999999,0.0,0.0
0.9472985968779524,0.006869913333333334,0.9107915593333332,0.936675466,0.0,0.0
0.9530391185933101,0.039857497000000006,0.9135557795,0.9370971815,0.0,0.0
0.9518987805119565,0.02712240725,0.9235388954999999,0.9368112255000001,0.0,0.0
0.9540918580852054,0.0,0.9267673795,0.89560639,0.0,0.0
0.8762615865449936,0.0,0.927067076,0.9216313789999999,0.0,0.0
0.6898232102158607,0.0,0.8567929378571428,0.9255449461428571,0.0,0.0
0.8683550913589118,0.0,0.7269384175,0.903934764,0.0,0.0
0.9355696616248942,0.01895571366666667,0.637843609,0.8736538240000001,0.0,0.0
0.9430211477930337,0.14061090633333334,0.3806052291666666,0.6828091251666666,0.0,0.0
0.9512753481389855,0.0,0.3692289395,0.585198722,0.0,0.0
0.878212190193135,0.0,0.36278029475,0.51512169775,0.0,0.0
0.6951804624631174,0.0,0.33539833428571425,0.43128678828571426,0.0,0.0
0.9096014348838038,0.0,0.22063441550000001,0.31841505475,0.0,0.0
0.9525924839639839,0.14331403399999998,0.2259959045,0.338721308,0.0,0.0
0.9478245977418899,0.2200555372,0.2168068448,0.3721478038,0.0,0.0
0.9565869592349001,0.0,0.2821307195,0.43582350049999996,0.0,0.0
0.8811589780518595,0.0,0.260560159,0.42282617499999997,0.0,0.0
0.7053139199120206,0.0,0.32781545275,0.4456586095,0.0,0.0
0.685134593904857,0.0,0.38040231166666666,0.4767858813333333,0.0,0.0
0.8762137409489068,0.0,0.3494724765,0.426781523,0.0,0.0
0.9410278801690142,0.007609473333333333,0.259160504,0.35342864333333335,0.0,0.0
0.9497743190058909,0.0756141654,0.1524087868,0.24927144500000004,0.0,0.0
0.9536435316999867,0.0170145085,0.130162438,0.22518233199999999,0.0,0.0
0.9440077918495474,0.0,0.07463785166666666,0.15486596733333333,0.0,0.0
0.8236407793559195,0.0,0.062115703999999994,0.100294229,0.0,0.0
0.6998594972147262,0.0,0.04662449085714286,0.05605557314285713,0.0,0.0
0.8805907520072804,0.0,0.042309102,0.056095739,0.0,0.0
0.9470577765451975,0.027282636666666665,0.066726962,0.08233957933333334,0.0,0.0
0.9525784937380608,0.21720654099999998,0.0769632845,0.120736406,0.0,0.0
0.9493877918101438,0.24718222225,0.0979096475,0.16509791225,0.0,0.0
0.9561296717384498,0.000696993,0.159868717,0.2502980935,0.0,0.0
0.8791711129283597,0.0,0.2018909645,0.320495332,0.0,0.0
0.6835527873928972,0.0,0.20925828275000002,0.31374268425,0.0,0.0
0.6423607891818569,0.0,0.20003165233333334,0.315101359,0.0,0.0
0.7348456461380899,0.000310033,0.24280458375000002,0.34784974350000003,0.0,0.0
0.8151336887177232,0.153538422,0.244342419,0.3571739585,0.0,0.0
0.8161071503122674,0.280945629,0.2554828375,0.33515943150000005,0.0,0.0
0.817524686370823,0.12838813633333332,0.2381642736666667,0.30383488033333333,0.0,0.0
0.8388173072747926,0.0006912295,0.20466200099999998,0.29013469599999997,0.0,0.0
0.7964652581702611,0.0,0.17097705000000002,0.2619760495,0.0,0.0
0.6631252802587401,0.0,0.0708596665,0.10385468233333334,0.0,0.0
0.7194717192469531,0.0003767724,0.038991091,0.045355861399999996,0.0,0.0
0.8178652668648394,0.2830717303333334,0.03043533633333333,0.02336699466666667,0.0,0.0
0.8158409708834664,0.355734448,0.040516724000000004,0.022318817499999997,0.0,0.0
0.8221924740705675,0.1940357695,0.0523770165,0.0345325025,0.0,0.0
0.8430899405694203,0.0010556,0.0930826585,0.090750581,0.0,0.0
0.8026453357543424,0.0,0.226072676,0.26714189299999996,0.0,0.0
0.6988186514756649,0.0,0.35240171625,0.466359737,0.0,0.0
0.6933953321692736,0.0,0.45504686066666666,0.6057297519999999,0.0,0.0
0.8811201850182904,0.0,0.520501193,0.701738872,0.0,0.0
0.946206812951255,0.006234808666666667,0.5225719679999999,0.7536808010000001,0.0,0.0
0.9529918902655343,0.06779679699999999,0.5160036195,0.743705839,0.0,0.0
0.951769919852845,0.0779089795,0.42551244675,0.67857932125,0.0,0.0
0.9570345540098298,0.0008767985,0.326821774,0.585091421,0.0,0.0
0.8796269601692446,0.0,0.220968874,0.4812213405,0.0,0.0
0.7016181536379621,0.0,0.13109286825,0.30561127475,0.0,0.0
0.685081376366333,0.0,0.20649748166666668,0.3534197266666667,0.0,0.0
0.9099107965619843,0.00032939825,0.37144307774999996,0.598158022,0.0,0.0
0.9507162584532062,0.04720702933333334,0.5381165956666667,0.7605408910000001,0.0,0.0
0.9456134564326516,0.055936223,0.62703300975,0.8249653095000001,0.0,0.0
0.9454934653220048,0.000831642,0.7941986225,0.9075410985000001,0.0,0.0
0.8699538140920274,0.0,0.8852751947499999,0.93430792675,0.0,0.0
0.698047773344839,0.0,0.9144781463333334,0.937459304,0.0,0.0
0.659112795314991,0.0,0.878931063,0.9366017719999999,0.0,0.0
0.8698056826662948,0.00044570125,0.7816601237499999,0.9205699012499999,0.0,0.0
0.9205997405308586,0.0271284005,0.8685562360000001,0.9275857705,0.0,0.0
0.9034165795738772,0.03096625475,0.89288176875,0.8481862422499999,0.0,0.0
0.8998814034304239,0.009198228000000001,0.902832169,0.9021632205,0.0,0.0
0.8667489985588454,0.0,0.9002262496,0.9368193426,0.0,0.0
0.7129041955024698,0.0,0.8705283085,0.9342175735,0.0,0.0
0.661121766830488,0.0,0.8476610592,0.924649662,0.0,0.0
0.8363320816005497,0.0,0.8301817739999999,0.9319575904999999,0.0,0.0
0.9177985771831381,0.05947828366666666,0.8039653396666667,0.9304186743333333,0.0,0.0
0.9228121345777915,0.39605136225,0.73345080525,0.90188220575,0.0,0.0
0.9217467079943498,0.239348364,0.6459743645,0.8372441535,0.0,0.0
0.9053599092662449,0.0009755444,0.5561733137999999,0.7630793060000001,0.0,0.0
0.7675235890941212,0.0,0.44114821,0.6827178315,0.0,0.0
0.6716821062013744,0.0,0.31789381499999997,0.5557855146666667,0.0,0.0
0.6711524142579948,0.0,0.22385279766666666,0.408097797,0.0,0.0
0.897353909908182,0.00074540625,0.19385255525,0.34098944924999997,0.0,0.0
0.9388250796010574,0.17845108650000002,0.17030817850000002,0.354220691,0.0,0.0
0.9349773185520277,0.25493672866666667,0.2026716966666667,0.3392350583333333,0.0,0.0
0.9324732563158749,0.1540165665,0.17290082899999998,0.319833579,0.0,0.0
0.9390510258150441,0.0030371845,0.18125724999999998,0.3190637145,0.0,0.0
0.8684290427855406,0.0,0.23582836799999998,0.40349261075,0.0,0.0
0.7083726293923296,0.0,0.29677752749999997,0.4846779795,0.0,0.0
0.6413051161635922,0.0,0.23625698833333333,0.39466989599999996,0.0,0.0
0.7476424843931695,0.0009818866666666667,0.192458812,0.2905380423333333,0.0,0.0
0.8068309646141697,0.117105714,0.24960939,0.360581187,0.0,0.0
0.8068248382326859,0.192140091,0.37295989100000004,0.503515712,0.0,0.0
0.8018030589673201,0.21726167,0.5740773220000001,0.6887390296666666,0.0,0.0
0.8202923982179698,0.023819740999999995,0.7563057033333335,0.8567189966666667,0.0,0.0
0.7895790871756754,0.0,0.9050856285,0.9255974677500001,0.0,0.0
0.6462396874570494,0.0,0.9151050217142858,0.9369040735714285,0.0,0.0
0.7119172352373102,0.00138221025,0.92676198675,0.933340775,0.0,0.0
0.7942253409402991,0.22231315966666668,0.9206897569999999,0.9184521463333333,0.0,0.0
0.7934721792015125,0.36426246775000004,0.913703453,0.9221111750000001,0.0,0.0
0.8195988014405293,0.0040347925,0.8562433885,0.9250054345000001,0.0,0.0
0.7850085907621362,0.0,0.683596549,0.8886314915,0.0,0.0
0.6843838477409934,0.0,0.5263990676666667,0.8277650080000001,0.0,0.0
0.6592572806548684,0.0,0.7379392515000001,0.7623878909999999,0.0,0.0
0.8227917207927229,0.0,0.8980818665,0.882235171,0.0,0.0
0.9121173079736623,0.0023244636666666665,0.9283753069999999,0.9304446030000001,0.0,0.0
0.9194187577224833,0.059602338,0.9223524805,0.9367043315000001,0.0,0.0
0.9211073651785691,0.13909227375,0.8915151355,0.9337394645000001,0.0,0.0
0.9317614022547103,0.004427628,0.896053244,0.9352935490000001,0.0,0.0
0.8669966021616151,0.0,0.9179565799999999,0.93732933025,0.0,0.0
0.7014664407727594,0.0,0.923414901,0.9374229553333334,0.0,0.0
0.6648943351803587,0.0,0.89722603625,0.9359429255,0.0,0.0
0.8902887010407844,0.00197043825,0.84912374775,0.9337434422499999,0.0,0.0
0.9344108528115486,0.195269862,0.792492103,0.930658333,0.0,0.0
0.9277242477722287,0.38542582324999997,0.768499345,0.9218765322500001,0.0,0.0
0.9267192625366147,0.25432749099999996,0.6503794940000001,0.8871263035,0.0,0.0
0.9387719534271124,0.006358256,0.5729069965,0.8514072845,0.0,0.0
0.9234744057657149,0.0,0.5584015415,0.8279085344999999,0.0,0.0
0.7937596716355765,0.0,0.6035501873333333,0.8515230033333333,0.0,0.0
0.6748664073815623,0.0,0.691240402,0.8669684033333334,0.0,0.0
0.8682063654812393,0.0,0.78413127,0.9019710350000001,0.0,0.0
0.9362501520940297,0.004082524333333334,0.8502528706666667,0.927119323,0.0,0.0
0.9388662729614752,0.016445181,0.839304994,0.934341522,0.0,0.0
0.9266656791433995,0.035720431,0.84893914625,0.923555116,0.0,0.0
0.937106937281383,0.0031601285,0.807039652,0.919030011,0.0,0.0
0.8710671776856819,0.0,0.7969569860000001,0.9138387462500001,0.0,0.0
0.7086759070198181,0.0,0.8188671487142857,0.9151018838571429,0.0,0.0
0.9308168126227012,0.00328565325,0.8102438955,0.91899785225,0.0,0.0
0.9723324216949882,0.243207065,0.778948146,0.918011804,0.0,0.0
0.96978693761265,0.350736186,0.748950164,0.898912394,0.0,0.0
0.9671823380217511,0.31487055675000003,0.7313793639999999,0.8630566175000001,0.0,0.0
0.9763029399247238,0.0124149855,0.763553836,0.7963144775,0.0,0.0
0.9051520954082983,0.0,0.6200320884999999,0.73450672,0.0,0.0
0.7213245561340444,0.0,0.49312747250000005,0.79982432675,0.0,0.0
0.6978119211840252,0.0,0.454104361,0.727498587,0.0,0.0
0.9310954735355859,0.0009097625,0.48392386975,0.64241304125,0.0,0.0
0.9742776076440826,0.0703746535,0.5154596300000001,0.6444663975,0.0,0.0
0.9749834038100371,0.12539840975000002,0.45192309625000004,0.63933647125,0.0,0.0
0.9864373281255016,0.0333419215,0.442497443,0.6275579625000001,0.0,0.0
0.9795862012067711,0.0,0.41031132633333334,0.587645089,0.0,0.0
0.8674399221741931,0.0,0.359772341,0.5691310995000001,0.0,0.0
0.7369327913500496,0.0,0.30105278625,0.53991755475,0.0,0.0
0.7093081322744244,0.0,0.26162470400000004,0.5131916292500001,0.0,0.0
0.8076280705229723,0.001975359,0.23505890699999998,0.5058292933333334,0.0,0.0
0.8575259939277606,0.078098502,0.3253389105,0.5895421949999999,0.0,0.0
0.8583563989554869,0.13947824649999999,0.34955215100000003,0.6004692229999999,0.0,0.0
0.861490751432516,0.080668961,0.39421054866666666,0.620274385,0.0,0.0
0.8797229941272302,0.007224022,0.42445280350000003,0.6624345045,0.0,0.0
0.852872638387975,0.0,0.513710784,0.7065588213333335,0.0,0.0
0.760663013398287,0.0,0.6134440913333333,0.734529851,0.0,0.0
0.6928763919391866,0.0,0.7003107233333333,0.7992538683333333,0.0,0.0
0.7989250104188668,0.005292808666666667,0.7483031866666666,0.883427025,0.0,0.0
0.8551198173925929,0.1855876115,0.7174075424999999,0.8807167345,0.0,0.0
0.8557258154071605,0.28880392800000004,0.6274537153333333,0.8097445436666667,0.0,0.0
0.8664887565345,0.11651906533333334,0.527220326,0.762556461,0.0,0.0
0.8468714539550142,0.0,0.4537497204,0.6977011986,0.0,0.0
0.7382615475207244,0.0,0.2777198873333333,0.3955007526666667,0.0,0.0
0.8326061174875286,0.0,0.22004494200000002,0.2809061845,0.0,0.0
0.9841666949069428,0.010519575333333335,0.16562378266666666,0.193919088,0.0,0.0
0.9921118156207367,0.207528504,0.124258791,0.137086582,0.0,0.0
0.9895436316644104,0.34162091425,0.0830847305,0.06673611324999999,0.0,0.0
0.9895673372424241,0.2358485005,0.0463004385,0.043559890500000004,0.0,0.0
0.9976980185489672,0.043570879,0.044060639,0.050464553,0.0,0.0
0.9399446976228605,0.0,0.0563447594,0.027642912199999998,0.0,0.0
0.7589086687312806,0.0,0.049931672499999996,0.018354065250000003,0.0,0.0
0.7470420642257837,0.0,0.048756348000000005,0.03160870633333333,0.0,0.0
0.9254629795344914,0.0,0.0518501055,0.042240067,0.0,0.0
0.9952214489996948,0.06998827666666667,0.051358855,0.041468628333333334,0.0,0.0
0.9893922312175116,0.293367403,0.06550222625,0.09602773375,0.0,0.0
0.9897034444776638,0.148368418,0.049531471,0.0803145455,0.0,0.0
0.9978708385146885,0.023160802,0.0573874685,0.075631726,0.0,0.0
0.9018198593675217,0.0,0.103191644,0.11143784539999999,0.0,0.0
0.7434372646562529,0.0,0.1677552895,0.25956142466666665,0.0,0.0
0.9609180906582966,0.0124364105,0.22515501400000001,0.31228451475,0.0,0.0
0.9899534391469568,0.4148162985,0.235043879,0.407921981,0.0,0.0
0.986358370326232,0.6041712543333334,0.296588943,0.459974774,0.0,0.0
0.9846888736992072,0.419860098,0.2823937365,0.370700774,0.0,0.0
0.9945604199043034,0.0472773755,0.320093238,0.40156379200000003,0.0,0.0
0.9214626750151607,0.0,0.31240253625,0.4641671955,0.0,0.0
0.7765097296620429,0.0,0.3014249305,0.4468516545,0.0,0.0
0.7348489470575836,0.0,0.3347766434,0.4449290326,0.0,0.0
0.9570811193993919,0.01253429075,0.395985453,0.50579389325,0.0,0.0
0.9877958401391695,0.3724120895,0.40684999099999997,0.585186318,0.0,0.0
0.9786228587843606,0.5719742686666667,0.41725348833333337,0.5976166496666667,0.0,0.0
0.9785821073827521,0.408667817,0.42004313299999996,0.599111945,0.0,0.0
0.9926989465524723,0.0682771775,0.4617642835,0.6267391065,0.0,0.0
0.9759532764339747,0.0,0.5178198695,0.654980933,0.0,0.0
0.8221890678910524,0.0,0.55479132525,0.70339111975,0.0,0.0
0.7364801764829283,0.0,0.6085408418,0.7584437869999998,0.0,0.0
0.9588529365264076,0.011347637,0.6258956582499999,0.764555412,0.0,0.0
0.9902180184569526,0.217599169,0.615727586,0.774486927,0.0,0.0
0.9873858268261988,0.31649358699999997,0.55193903,0.7882283779999999,0.0,0.0
0.9849375882486826,0.31738014633333334,0.5223599986666666,0.7772106603333334,0.0,0.0
0.9925955288600093,0.111430612,0.498187304,0.741789518,0.0,0.0
0.9821399148148258,0.0,0.5385982173333334,0.756668266,0.0,0.0
0.8475449340457725,0.0,0.43904134566666664,0.6923995450000001,0.0,0.0
0.7095340556720399,0.0,0.3229188635,0.52950199575,0.0,0.0
0.7106372885119606,0.0,0.33789870066666666,0.5011364733333333,0.0,0.0
0.8050828302364099,0.01818552433333333,0.39109901033333333,0.5778705746666667,0.0,0.0
0.8546781660718014,0.19875005233333334,0.35579139433333334,0.5935580476666668,0.0,0.0
0.8562129728903939,0.17662374025,0.33141265425,0.53164169875,0.0,0.0
0.8766904134424753,0.030077202,0.405538954,0.5865032525,0.0,0.0
0.8356140553765181,0.0,0.516855082,0.6723933055,0.0,0.0
0.7103498646880378,0.0,0.6055328125,0.72199731425,0.0,0.0
0.6797215768589728,0.0,0.76438403525,0.8407513135,0.0,0.0
0.790095505255346,0.004913759333333333,0.8721284066666666,0.9113675276666666,0.0,0.0
0.8518305059570469,0.03724447,0.8804991873333333,0.9341437123333334,0.0,0.0
0.8529464679167159,0.07282701475,0.90140956725,0.93502926925,0.0,0.0
0.8669252110737155,0.0241630805,0.9093903649999999,0.9161671075,0.0,0.0
0.810791214213392,0.0,0.913010038,0.866886805,0.0,0.0
0.6937581233230639,0.0,0.9110979130000001,0.8982476522,0.0,0.0
0.7931133032850057,0.0,0.8988740745,0.9186051325,0.0,0.0
0.9587583046480613,0.013043324666666667,0.8983738353333334,0.9311412840000001,0.0,0.0
0.9751247002090092,0.097031934,0.89816348,0.935528939,0.0,0.0
0.9733309377461461,0.1884780915,0.8742737165,0.9365768945,0.0,0.0
0.9699505222990824,0.326414919,0.8359609469999999,0.9350159662499999,0.0,0.0
0.9812248371433268,0.0706351415,0.751014645,0.925173726,0.0,0.0
0.911105289523481,0.0,0.63922417875,0.88348429325,0.0,0.0
0.7295768514864106,0.0,0.57567165025,0.831987598,0.0,0.0
0.71459407557201,0.0,0.4313936086666667,0.6610187973333334,0.0,0.0
0.9331244862628935,0.0,0.40423138,0.5806314076666667,0.0,0.0
0.9838351059707596,0.1949002845,0.359517187,0.567391137,0.0,0.0
0.9765382358714578,0.47125628525,0.306110946,0.49863871000000004,0.0,0.0
0.9738553414195033,0.365438346,0.268111675,0.424271227,0.0,0.0
0.9823773823549058,0.174828176,0.276608579,0.414824352,0.0,0.0
0.9748229508997147,0.00043105233333333334,0.3464233333333333,0.47610530866666667,0.0,0.0
0.8404082577138491,0.0,0.39169542766666665,0.5078208953333333,0.0,0.0
0.7235283914554047,0.0,0.3325372316,0.4221121324,0.0,0.0
0.8264810177336845,0.0,0.30353297850000005,0.3971495065,0.0,0.0
0.9719717856106356,0.0,0.3901091135,0.46438345150000004,0.0,0.0
0.9867482213247325,0.328065698,0.3905668495,0.5229025815,0.0,0.0
0.9711386465573411,0.6952796649999999,0.4549404638,0.5842445822000001,0.0,0.0
0.9777574630800062,0.368062668,0.608846921,0.690534513,0.0,0.0
0.9272131438805907,0.0004013708,0.8076378114,0.8387829468,0.0,0.0
0.721475708403801,0.0,0.8722169180000001,0.8995842858571429,0.0,0.0
0.9463721730907679,0.00463297625,0.903791987,0.92343955725,0.0,0.0
0.9836289105590356,0.0653722525,0.8927550595,0.930403572,0.0,0.0
0.9835545705108911,0.07588572460000001,0.8829124690000001,0.9342513140000002,0.0,0.0
0.990632512325539,0.013235793000000001,0.8443325345,0.932915044,0.0,0.0
0.9153065087651969,0.0,0.6679180895,0.885548729,0.0,0.0
0.7295928876050634,0.0,0.50852116675,0.7483045395000001,0.0,0.0
0.7491093823455616,0.0,0.50861102575,0.6708581675,0.0,0.0
0.9642105186961984,0.04874399433333334,0.5430289053333333,0.6819049066666666,0.0,0.0
0.9736764864121035,0.23830631,0.58269337,0.680421283,0.0,0.0
0.9688702597232519,0.3551694085,0.654071606,0.6821517775,0.0,0.0
0.964160745314928,0.3610388199999999,0.6539424786666667,0.7145450973333333,0.0,0.0
0.9687971084303462,0.192532211,0.5306922955,0.6851489555,0.0,0.0
0.9737731376012398,0.0015235445,0.38249892399999996,0.6028866225,0.0,0.0
0.8578443852034466,0.0,0.32400104375,0.5118958775,0.0,0.0
0.6761295255095403,0.0,0.224103076,0.3384802283333333,0.0,0.0
0.6725283072803857,0.0,0.10147194575,0.13567405575,0.0,0.0
0.7892331269851236,0.02999071,0.04134447166666667,0.056041725666666674,0.0,0.0
0.8435448048483303,0.128678679,0.030714861,0.038219911,0.0,0.0
0.839884530628891,0.2785764618,0.0392580742,0.0574610908,0.0,0.0
0.8593613765484834,0.10681828833333333,0.05481117700000001,0.07501296833333333,0.0,0.0
0.8133161245136451,0.0,0.11266195859999999,0.159090505,0.0,0.0
0.6829142414248148,0.0,0.22645322342857144,0.3410554098571429,0.0,0.0
0.7925969918675353,0.015272735666666667,0.3431605153333333,0.5179502876666667,0.0,0.0
0.8462395633674168,0.1330599615,0.396197645,0.60110036,0.0,0.0
0.8442617337312494,0.22522585674999998,0.42262550725000003,0.6361771325000001,0.0,0.0
0.8581688571535536,0.125306249,0.354119134,0.6027490535,0.0,0.0
0.8371844594180894,0.001191735,0.3732473818,0.5769630536,0.0,0.0
0.7190931656000281,0.0,0.26638217275000003,0.3978432945,0.0,0.0
0.7144780391875676,0.0,0.14700492866666667,0.18823095666666667,0.0,0.0
0.9340796904993932,0.0,0.11354811966666667,0.127663645,0.0,0.0
0.9838312655369863,0.107364977,0.093385867,0.12557325800000002,0.0,0.0
0.9729705300856275,0.24413473474999997,0.09477938375,0.12699257475,0.0,0.0
0.9716414157771991,0.11647570600000001,0.0954938195,0.1319472025,0.0,0.0
0.9815627963558634,0.02175293,0.1130567155,0.1847150705,0.0,0.0
0.9111971173168693,0.0,0.13877385750000001,0.34605877175,0.0,0.0
0.7600734439637767,0.0,0.1648248935,0.40138696250000006,0.0,0.0
0.7058185590858603,0.0,0.24011707119999998,0.44591182940000007,0.0,0.0
0.9300744406740397,0.0005880156666666666,0.298529259,0.47752726733333334,0.0,0.0
0.9815214201671939,0.1914490215,0.32882153000000003,0.452001378,0.0,0.0
0.9756246440634936,0.31934206600000004,0.333612352,0.427199808,0.0,0.0
0.9725394857638694,0.44721515749999996,0.2144184275,0.2636175435,0.0,0.0
0.9734199079934154,0.380569085,0.1690081855,0.18443349,0.0,0.0
0.98279032181175,0.216155033,0.159902769,0.173063208,0.0,0.0
0.9866095538250841,0.0044994255,0.169426018,0.18599076,0.0,0.0
0.8702568893025229,0.0,0.10970664900000002,0.132086727,0.0,0.0
0.7271473198435919,0.0,0.033544270499999994,0.051766648,0.0,0.0
0.9439731364323678,0.0006076613333333333,0.042053687666666666,0.08114177,0.0,0.0
0.9935990739515383,0.079006197,0.060335928,0.094568522,0.0,0.0
0.9844358613975943,0.22209737000000002,0.056522425,0.0882847955,0.0,0.0
0.9731388467908424,0.35152763924999997,0.104329574,0.1222005595,0.0,0.0
0.9744592972325891,0.1502663,0.138839491,0.140318698,0.0,0.0
0.9839261794118083,0.0460733845,0.1408149085,0.10768257849999999,0.0,0.0
0.9417699091412896,0.0,0.13819651866666668,0.08644436999999999,0.0,0.0
0.8151954558304979,0.0,0.1344312085,0.102972834,0.0,0.0
0.71280516690195,0.0,0.12892935033333333,0.17028523249999997,0.0,0.0
0.9340307095720682,0.0006933846666666667,0.15308090266666668,0.1958093373333333,0.0,0.0
0.9865033928913198,0.1602493455,0.18948682249999999,0.1796838475,0.0,0.0
0.983819744161346,0.342486954,0.152065282,0.11315601133333335,0.0,0.0
0.980904754223229,0.403518585,0.120860354,0.088498655,0.0,0.0
0.9868396605709255,0.259441098,0.113119799,0.093691365,0.0,0.0
0.9949176269927696,0.008496163,0.150406073,0.119025021,0.0,0.0
0.9477513122807935,0.0,0.16695225299999997,0.14433744666666667,0.0,0.0
0.825154920871775,0.0,0.1220828495,0.13875952000000003,0.0,0.0
0.7339765851979834,0.0,0.058714559500000006,0.09799877450000001,0.0,0.0
0.7986955895514777,0.0,0.054907144,0.05976949633333333,0.0,0.0
0.9770243951446422,0.001777855,0.06859418449999999,0.0510081395,0.0,0.0
0.9939987546441073,0.101932594,0.072112507,0.052756166,0.0,0.0
0.9883637689020385,0.25048518249999996,0.066304676,0.06178275,0.0,0.0
0.9825653509047342,0.40376973833333335,0.06288500533333334,0.05435628233333334,0.0,0.0
0.9816144138251292,0.389746449,0.0634359465,0.049723753,0.0,0.0
0.9938445882138565,0.1138103015,0.074120046,0.066751402,0.0,0.0
0.9475959266487021,0.0,0.13679805366666667,0.15965023600000003,0.0,0.0
0.8244170066499712,0.0,0.201311235,0.27232017649999996,0.0,0.0
0.7037794560326542,0.0,0.22724668779999999,0.387233098,0.0,0.0
0.7523599540972186,0.0007641965,0.33834122050000004,0.542657586,0.0,0.0
0.849568864271548,0.10379118450000001,0.398220861,0.5878233075,0.0,0.0
0.8582051585204686,0.3384602075,0.35734216100000005,0.4846814995,0.0,0.0
0.8571895434199033,0.5419032005,0.280490895,0.355568313,0.0,0.0
0.8626460855924594,0.418921453,0.237502515,0.285699497,0.0,0.0
0.8796111640312523,0.11011813899999999,0.231656517,0.2912998325,0.0,0.0
0.8408461828932982,0.0,0.21027505600000002,0.281622131,0.0,0.0
0.7183196586618947,0.0,0.10936542442857143,0.17973186314285713,0.0,0.0
0.7705066250072408,0.0014008516666666668,0.15152496299999998,0.32455928900000003,0.0,0.0
0.8525442497389493,0.148951771,0.27005648849999997,0.5048317775,0.0,0.0
0.8602333711636002,0.4274024435,0.353176569,0.521783395,0.0,0.0
0.8600413945874346,0.412601007,0.428953788,0.573123013,0.0,0.0
0.8646867796825143,0.3873820635,0.4473769495,0.626979283,0.0,0.0
0.88231684958552,0.08994383600000001,0.464689725,0.7251068034999999,0.0,0.0
0.8422490200558804,0.0,0.50212494925,0.7823250595,0.0,0.0
0.7472099356826255,0.0,0.4939002835714285,0.7843381741428572,0.0,0.0
0.948033493616077,0.0032362296666666665,0.48441179900000003,0.759286615,0.0,0.0
0.995331206497136,0.36621797899999997,0.5315115625,0.742074333,0.0,0.0
0.9892987194099421,0.551280003,0.46986993266666666,0.6540962389999999,0.0,0.0
0.9884098086232164,0.4468471605,0.4840737235,0.6719660190000001,0.0,0.0
0.9942329761404203,0.312313456,0.47153811,0.7077438355,0.0,0.0
0.9985161248837015,0.02393787,0.470974009,0.764180492,0.0,0.0
0.9508992892033747,0.0,0.503883645,0.8159203893333333,0.0,0.0
0.7870375349412362,0.0,0.48457627124999997,0.81984497975,0.0,0.0
0.7434585776491293,0.0,0.50347187175,0.84939968925,0.0,0.0
0.9478985903469903,0.0036116223333333333,0.6344137019999999,0.9091907603333333,0.0,0.0
0.9971778208915665,0.209481347,0.71773772,0.924602608,0.0,0.0
0.9926313273005912,0.4355865335,0.7621540755,0.9198854649999999,0.0,0.0
0.9912050740504471,0.5362125130000001,0.7776708533333334,0.910711724,0.0,0.0
0.9917115405133883,0.3419989875,0.819623778,0.9185013275,0.0,0.0
0.9997787171698809,0.07777525049999999,0.859177291,0.9232446285,0.0,0.0
0.9534198105157335,0.0,0.8744366793333334,0.92703657,0.0,0.0
0.8317193401925431,0.0,0.8641886335,0.9061442715,0.0,0.0
0.7505985914389456,0.0,0.8182285896666667,0.8827687808333334,0.0,0.0
0.9524975243325521,0.004476605333333334,0.7762852476666667,0.8929538340000001,0.0,0.0
0.9999226425424969,0.238097447,0.781757455,0.911175577,0.0,0.0
0.994179027016381,0.43964255750000003,0.812712602,0.9225667449999999,0.0,0.0
0.9917338059225438,0.5159451083333333,0.8188682996666667,0.925633641,0.0,0.0
0.9923308581358878,0.372560024,0.8393949235,0.918208411,0.0,0.0
0.9995574343397616,0.166551869,0.811094245,0.924035713,0.0,0.0
0.9872818147189565,0.007729829666666667,0.8191634993333334,0.9278085663333333,0.0,0.0
0.8530465251986602,0.0,0.841670041,0.9265887236666667,0.0,0.0
0.7323722008337907,0.0,0.7926420551666666,0.9068751883333332,0.0,0.0
0.937326452301039,0.003977834666666667,0.7860490480000001,0.9112821476666667,0.0,0.0
0.986749272884462,0.16478227,0.791433775,0.9092106,0.0,0.0
0.9855238049152918,0.3150445415,0.8251923575,0.898506268,0.0,0.0
0.9846481527442004,0.35152264033333336,0.7569576326666668,0.8547074733333333,0.0,0.0
0.9850312676859764,0.1850478565,0.7636871335,0.8616546295,0.0,0.0
0.9916386177557972,0.062198031,0.725341835,0.889655867,0.0,0.0
0.9563051893127299,0.00328578225,0.7609602847500001,0.9157848122500001,0.0,0.0
0.8220216656615382,0.0,0.7321770245,0.8979379869999999,0.0,0.0
0.7325197303259939,0.0,0.6626490343333334,0.8036958550000001,0.0,0.0
0.9374454451520894,0.004337646333333333,0.67465553,0.8137586726666667,0.0,0.0
0.9872505425410535,0.120068228,0.7345885535,0.8387898895,0.0,0.0
0.9843871471815104,0.21069947374999998,0.7409870205,0.824574944,0.0,0.0
0.9850690777575707,0.13605751,0.6549639695,0.840526985,0.0,0.0
0.9916090828922086,0.0413750075,0.5905127955,0.848054663,0.0,0.0
0.9437094258043027,0.0,0.618700916,0.8453411256666667,0.0,0.0
0.8211586168724185,0.0,0.5989901344999999,0.805910087,0.0,0.0
0.7065790649190856,0.0,0.5033351103333333,0.7080192133333334,0.0,0.0
0.726863744083673,0.0022716573333333334,0.383078769,0.5789196153333334,0.0,0.0
0.8387873609733172,0.16916692,0.386891616,0.6125508235,0.0,0.0
0.8480389266548604,0.27165324675,0.5267553917500001,0.5878552955,0.0,0.0
0.8521233551721807,0.19652180949999998,0.494221908,0.5564152325,0.0,0.0
0.8704390361474599,0.0606440875,0.4337468835,0.5733551975,0.0,0.0
0.8318670145476463,0.0,0.44611803725,0.574474172,0.0,0.0
0.7084845443834701,0.0,0.40945316442857144,0.5235312471428571,0.0,0.0
0.7587335398528365,0.012101720000000002,0.43917988999999996,0.5820008856666666,0.0,0.0
0.8391047006521135,0.33515528,0.551911347,0.684177699,0.0,0.0
0.8478151749001379,0.53303369575,0.61523587275,0.71031246925,0.0,0.0
0.8515843211510581,0.494918562,0.617447726,0.7160714994999999,0.0,0.0
0.8694741240776196,0.282821984,0.621771793,0.76959601,0.0,0.0
0.8704009060521045,0.038304162,0.632354284,0.8087629595,0.0,0.0
0.819050196831122,0.0,0.6542877029999999,0.8269867966666666,0.0,0.0
0.7280938221365774,0.0,0.66814573575,0.83886482025,0.0,0.0
0.7229771442196907,0.0,0.7676163690000001,0.8900292766666666,0.0,0.0
0.9335811335631808,0.0015936586666666667,0.8151913253333333,0.9072557386666666,0.0,0.0
0.9866232239529259,0.0245800345,0.778888999,0.886947946,0.0,0.0
0.9838019135016496,0.094317321,0.63744637125,0.8133004952499999,0.0,0.0
0.9816359324874021,0.07917826366666667,0.6271230170000001,0.8100962546666667,0.0,0.0
0.9474386283432474,0.0029660945,0.49348366200000005,0.771637555,0.0,0.0
0.8092984054100995,0.0,0.34355445949999996,0.6139838280000001,0.0,0.0
0.7067969264083223,0.0,0.2189872215,0.4069141115,0.0,0.0
0.707524942338303,0.0,0.0985324125,0.18632324175,0.0,0.0
0.9294269293496136,0.012818425333333333,0.10539012699999999,0.155251812,0.0,0.0
0.9761370235091975,0.108177403,0.129210141,0.190625399,0.0,0.0
0.9702177075805497,0.2005131685,0.1108324245,0.1861709445,0.0,0.0
0.9609215425077146,0.39829366874999994,0.18174307525,0.26992629775,0.0,0.0
0.965382220419128,0.311372605,0.29025118,0.40838388,0.0,0.0
0.9805310880585567,0.12416661300000001,0.40420074699999997,0.4975758055,0.0,0.0
0.966683765899398,0.000780724,0.48726637250000004,0.5735831874999999,0.0,0.0
0.8366721743791472,0.0,0.508503294,0.641133305,0.0,0.0
0.7148864599871901,0.0,0.40551762383333334,0.591868544,0.0,0.0
0.9304195931130245,0.005126709,0.392162967,0.5984379986666667,0.0,0.0
0.9787872055276836,0.09932205949999999,0.30537404349999997,0.553787057,0.0,0.0
0.9744424953162508,0.22946134325,0.20838752850000003,0.35384302224999997,0.0,0.0
0.9780128070363927,0.14897302950000002,0.1603651645,0.23722063999999998,0.0,0.0
0.9876024919051929,0.038201181,0.165569623,0.232682202,0.0,0.0
0.9403151726368333,0.0,0.1680032583333333,0.24027466399999997,0.0,0.0
0.8182601317175705,0.0,0.1422230015,0.22281672749999998,0.0,0.0
0.7172323476428871,0.0,0.1252752808333333,0.19676000416666664,0.0,0.0
0.932335122263482,0.003642456666666667,0.109626146,0.164338718,0.0,0.0
0.9819551162046469,0.0571289105,0.108205549,0.1519761685,0.0,0.0
0.9800508494107528,0.13337613575,0.12857077875,0.15199282375,0.0,0.0
0.9781405932822432,0.142839755,0.15002782650000002,0.1744984335,0.0,0.0
0.9858922133556373,0.074521935,0.1335139305,0.166398885,0.0,0.0
0.9375917783579171,0.0,0.25484366833333333,0.26285950733333335,0.0,0.0
0.8109524032551626,0.0,0.225332251,0.27676534399999997,0.0,0.0
0.6982412701205769,0.0,0.2018441105,0.29779715575,0.0,0.0
0.7632656317800017,0.0,0.19348962233333333,0.306262329,0.0,0.0
0.9533197912486879,0.016139585,0.1975489765,0.3701869115,0.0,0.0
0.9791828628839072,0.1197645105,0.1773913225,0.365033858,0.0,0.0
0.9778251555375084,0.1980787804,0.1645867712,0.3393132876,0.0,0.0
0.9835144744172657,0.130390172,0.1005480655,0.20298112000000001,0.0,0.0
0.9771373682392488,0.016703562666666668,0.074767702,0.10388315,0.0,0.0
0.8434728726829445,0.0,0.07046509966666667,0.07224805033333333,0.0,0.0
0.6988675637804617,0.0,0.099247547,0.10257248116666667,0.0,0.0
0.77211500217447,0.022149349999999998,0.26976389925,0.2844455245,0.0,0.0
0.8433789341398668,0.1407911785,0.3964759575,0.44695939100000004,0.0,0.0
0.8420359210196412,0.17563211199999998,0.4995354335,0.51958961925,0.0,0.0
0.8590660127760037,0.079136968,0.601456123,0.629895464,0.0,0.0
0.8687094182335285,0.009739455999999999,0.694813322,0.747677102,0.0,0.0
0.8007549448072335,0.0,0.71846520225,0.8065747435,0.0,0.0
0.6891776234542968,0.0,0.5906932825,0.7375864915,0.0,0.0
0.663683657459354,0.0,0.4937656365,0.68087196325,0.0,0.0
0.7367068298756019,0.0015622193333333333,0.5093433416666667,0.7202749453333334,0.0,0.0
0.8145445002992714,0.019077645,0.519827709,0.739571688,0.0,0.0
0.8363737321059175,0.0396939325,0.4763919425,0.7183585525,0.0,0.0
0.83276650182487,0.10062255575000001,0.40366488200000006,0.69631803075,0.0,0.0
0.8458997296450563,0.0584861785,0.42086835499999997,0.7130994915,0.0,0.0
0.8580254804886543,0.0054265335,0.587249067,0.8286458594999999,0.0,0.0
0.7733579944842626,0.0,0.6759131328000001,0.8455769209999999,0.0,0.0
0.682642952271971,0.0,0.472655836,0.6842568256666667,0.0,0.0
0.7502807945656524,0.0,0.26768207600000005,0.466040985,0.0,0.0
0.9425964889461567,0.0117969715,0.17974145800000002,0.313936456,0.0,0.0
0.9618081825700305,0.078673775,0.1088485585,0.17976520699999998,0.0,0.0
0.9522863683791176,0.15743932825,0.069224218,0.0541637445,0.0,0.0
0.9524682942570367,0.08119336233333332,0.05675035566666667,0.02698826033333333,0.0,0.0
0.9638261540068863,0.008592262,0.07330512,0.0668583735,0.0,0.0
0.8768274503519433,0.0,0.09832712533333333,0.11218449800000001,0.0,0.0
0.7460661032352607,0.0,0.1136033135,0.1588731725,0.0,0.0
0.6832302814410601,0.0,0.19747941350000003,0.36494627150000003,0.0,0.0
0.7881968238026102,0.0,0.2360529525,0.422504983,0.0,0.0
0.9460987927929018,0.003916029,0.27263304050000003,0.44346148350000003,0.0,0.0
0.9713122346990015,0.0354838125,0.32022752649999997,0.4815469765,0.0,0.0
0.9705861160456687,0.10269106333333333,0.295283564,0.5220659670000001,0.0,0.0
0.9700131582176552,0.131032502,0.3273283645,0.544745452,0.0,0.0
0.9750041376857552,0.078815868,0.3246665445,0.5618495370000001,0.0,0.0
0.978438730792173,0.014139833,0.32660506,0.5320443340000001,0.0,0.0
0.8834262812941148,0.0,0.29652874166666665,0.44584669233333335,0.0,0.0
0.7531071951239178,0.0,0.23176011349999998,0.3563609295,0.0,0.0
0.7039944295638533,0.0,0.2131858868,0.29435108339999994,0.0,0.0
0.9254171989934178,0.053874283,0.16927377633333332,0.205284426,0.0,0.0
0.9736193826088759,0.4047563025,0.1038838775,0.14171267799999998,0.0,0.0
0.9682975989787607,0.496567433,0.08563788374999999,0.067568379,0.0,0.0
0.9682495705172619,0.2417229435,0.07456557350000001,0.048612832499999994,0.0,0.0
0.9805115200102255,0.11089296900000001,0.14316586050000002,0.1474469515,0.0,0.0
0.9106594320628656,0.00025340325,0.3218500995,0.4111484255,0.0,0.0
0.754323199204164,0.0,0.30115940350000003,0.4685897015,0.0,0.0
0.6952778288748885,0.0,0.476596974,0.61826191825,0.0,0.0
0.8057768993944878,0.0,0.7000964845,0.8165317835,0.0,0.0
0.9576223250634077,0.0284148775,0.734578579,0.8685767040000001,0.0,0.0
0.9809223562732903,0.189430121,0.8082018755,0.8908475335,0.0,0.0
0.9793363206688813,0.2405132025,0.8694016175,0.88359898825,0.0,0.0
0.9800448601132975,0.234938445,0.9086043315000001,0.913604925,0.0,0.0
0.9877325184660117,0.152820595,0.91664802,0.928272223,0.0,0.0
0.987845948755115,0.039124231,0.9249956345,0.9333430844999999,0.0,0.0
0.8709978439358577,0.0,0.92462616175,0.9349083265000001,0.0,0.0
0.7244411694893702,0.0,0.9271739811666667,0.9354778911666667,0.0,0.0
0.9121619608261153,0.0008607475,0.922214084,0.9361354744999999,0.0,0.0
0.9837388204381269,0.1557876295,0.9249392475,0.936709392,0.0,0.0
0.9854406866584879,0.337049131,0.929474426,0.935988447,0.0,0.0
0.9844668135517363,0.25177657625000005,0.924996134,0.9321120940000001,0.0,0.0
0.9879945374372783,0.1449190855,0.9167572775,0.932730425,0.0,0.0
0.9903959591744526,0.0394974825,0.901951824,0.9345923585,0.0,0.0
0.8714630865050719,0.0,0.901546146,0.9349946869999999,0.0,0.0
0.7041882545251504,0.0,0.901948299,0.9353842128571429,0.0,0.0
0.7772706408537442,0.0873600485,0.912813768,0.9356098905,0.0,0.0
0.832365906805241,0.333229253,0.930163321,0.933978377,0.0,0.0
0.847429255823857,0.551142391,0.928823109,0.9323554205,0.0,0.0
0.8482204562686466,0.5171576435,0.9267151025,0.92917519,0.0,0.0
0.8622910729632574,0.2378949735,0.9131331525,0.9280785885,0.0,0.0
0.871029138930132,0.052306297,0.8848666435,0.925845276,0.0,0.0
0.8196242824963971,0.0,0.8733042040000001,0.9166705356666668,0.0,0.0
0.7193217292679924,0.0,0.8317228395,0.8796797702499999,0.0,0.0
0.7119837366653685,0.0007515802,0.7253134734000002,0.7937380072,0.0,0.0
0.8008483727937475,0.175076582,0.619166775,0.702239931,0.0,0.0
0.8380860681421893,0.427481219,0.6672762875,0.626110688,0.0,0.0
0.8449923176054163,0.7110625636666666,0.576454683,0.5252012013333334,0.0,0.0
0.8430934151980493,0.6716399875,0.510510837,0.4541377035,0.0,0.0
0.8588776023169132,0.53750271,0.4238487595,0.397079048,0.0,0.0
0.8705867561724658,0.1260938515,0.3540285135,0.369801508,0.0,0.0
0.8198453824487175,0.0,0.26619038600000006,0.29561345499999997,0.0,0.0
0.7357569094605162,0.0,0.11408974699999999,0.13918487514285713,0.0,0.0
0.9144264980850185,0.002738437,0.1716622515,0.2602226875,0.0,0.0
0.9836328424069348,0.244151745,0.204108245,0.326985365,0.0,0.0
0.984269899275005,0.5249833945,0.199225607,0.3409504615,0.0,0.0
0.9721824005113575,0.7621913276666668,0.2892157376666667,0.39027579233333337,0.0,0.0
0.964720109243085,0.6633755594999999,0.386445531,0.5772837980000001,0.0,0.0
0.9700111008052592,0.344891382,0.4701939915,0.690321945,0.0,0.0
0.9796555120411302,0.117152478,0.571109799,0.733180566,0.0,0.0
0.9089254250074443,0.00119701325,0.634615575,0.75481407575,0.0,0.0
0.7547774690682943,0.0,0.6516408005000001,0.7961944045,0.0,0.0
0.7033273121415142,0.0,0.7244210867499999,0.81616181425,0.0,0.0
0.8131337764758786,0.0,0.7074335485,0.865521575,0.0,0.0
0.959383306718009,0.132996682,0.652055436,0.854532472,0.0,0.0
0.9732905672615021,0.5606873565,0.5078749170000001,0.7642249834999999,0.0,0.0
0.964658723096822,0.8449477583333334,0.33458723033333326,0.49985281933333336,0.0,0.0
0.9595083955782621,0.788378,0.266533131,0.4321446925,0.0,0.0
0.9682341630007854,0.53846494,0.22706026,0.41290829100000004,0.0,0.0
0.9836697838213719,0.126185382,0.22147628800000002,0.3725456535,0.0,0.0
0.8711037534064552,0.0,0.15818986775,0.25643172075,0.0,0.0
0.7239464514113381,0.0,0.21175390160000002,0.29339821920000003,0.0,0.0
0.8184355578034043,0.0,0.34530294549999996,0.5040265875000001,0.0,0.0
0.9593424333813523,0.046848465,0.397459354,0.5846964155000001,0.0,0.0
0.9724685746372909,0.223579416,0.399284436,0.613826646,0.0,0.0
0.9671692165273056,0.4512740325,0.5082472765,0.6642443225000001,0.0,0.0
0.9588928269754098,0.5368417815,0.5864993455,0.7287313435,0.0,0.0
0.9541665637898535,0.3605358775,0.616593517,0.7677048335,0.0,0.0
0.962329614541092,0.15734812450000002,0.5963536365,0.8290479165,0.0,0.0
0.9724832049850565,0.0196168935,0.624956005,0.853422119,0.0,0.0
0.8819034530580462,0.0,0.680165513,0.8569264136666668,0.0,0.0
0.7234306406806785,0.0,0.6985128785000001,0.8079151655,0.0,0.0
0.7029374992322328,0.0,0.556011771,0.6236140393333334,0.0,0.0
0.9158678387040107,0.009093969333333334,0.39760192766666663,0.42799746099999997,0.0,0.0
0.9707060842780104,0.09356249950000001,0.25232794950000004,0.324104199,0.0,0.0
0.9682489533232712,0.2419487355,0.13466394075,0.15036414575,0.0,0.0
0.9663543562115651,0.245020772,0.0933705385,0.102578367,0.0,0.0
0.9745763394201511,0.185992816,0.066508817,0.092583719,0.0,0.0
0.9776278938127781,0.044445683,0.058669137999999996,0.083727796,0.0,0.0
0.8849575219584723,0.0,0.05477472566666666,0.066195843,0.0,0.0
0.7359879197091782,0.0,0.032091964333333334,0.041613827666666665,0.0,0.0
0.704622982554826,0.0,0.0386414815,0.067698052,0.0,0.0
0.9238246941178456,0.020296849000000002,0.08000131666666667,0.18055091933333334,0.0,0.0
0.9749725454840912,0.13516434300000002,0.104584714,0.2868849725,0.0,0.0
0.9720469790802498,0.18655128166666665,0.149756309,0.37460270833333337,0.0,0.0
0.9671797777573423,0.171059167,0.2407392585,0.46158149049999997,0.0,0.0
0.9728516134254022,0.10463005650000001,0.325698074,0.541625347,0.0,0.0
0.9453805836662976,0.01763014,0.418893667,0.66165983925,0.0,0.0
0.8086189665006933,0.0,0.43740846850000004,0.7132893565,0.0,0.0
0.6727515942475409,0.0,0.39855915066666664,0.6994504723333334,0.0,0.0
0.6649042106186502,0.0,0.34083036675,0.6519120005,0.0,0.0
0.7540223185272532,0.0244823985,0.268068466,0.5513801574999999,0.0,0.0
0.8192722721151866,0.098961119,0.197273264,0.486041422,0.0,0.0
0.8272845396011305,0.17494991766666668,0.14852576799999997,0.3694800993333333,0.0,0.0
0.8224156770432529,0.14846735500000002,0.14322816900000002,0.35150455599999997,0.0,0.0
0.8370213044969614,0.0976307585,0.123636438,0.3210636405,0.0,0.0
0.8522115939578023,0.0328905205,0.1195536945,0.298323372,0.0,0.0
0.7894531296954252,0.0,0.14980100375,0.31332362475,0.0,0.0
0.6615782495853486,0.0,0.11458778600000001,0.22954459880000005,0.0,0.0
0.7286423353937926,0.002750678666666667,0.09775258666666668,0.1604223366666667,0.0,0.0
0.8078543519964078,0.075680571,0.080306947,0.131777848,0.0,0.0
0.82398591658399,0.14216963500000002,0.0687749515,0.1146905535,0.0,0.0
0.8188746945123484,0.2581775566,0.061806694399999994,0.092149837,0.0,0.0
0.8394693143657486,0.16432938149999998,0.08472115899999999,0.11146659249999999,0.0,0.0
0.8368666350660569,0.05897022,0.1209916655,0.15431301749999998,0.0,0.0
0.7733890015810192,0.0,0.16724269733333333,0.23267411133333335,0.0,0.0
0.6970288588879864,0.0,0.19483654866666666,0.3502688208333333,0.0,0.0
0.8961739100989417,0.0,0.2011303425,0.331918621,0.0,0.0
0.9685432731786389,0.054336738499999995,0.1747313395,0.265019513,0.0,0.0
0.9674484261107466,0.23228735650000001,0.17069009200000002,0.236178608,0.0,0.0
0.955505050709334,0.39609137999999994,0.15252494166666666,0.15787945633333333,0.0,0.0
0.9511047226325287,0.5155341375,0.1752941495,0.1449115465,0.0,0.0
0.9591362838253321,0.39292518,0.165710879,0.167284861,0.0,0.0
0.9503779639069003,0.10389512050000001,0.15962181450000001,0.1803776535,0.0,0.0
0.828823339247533,0.0,0.15926178133333332,0.18008981366666665,0.0,0.0
0.7038036188670986,0.0,0.1287346745,0.173005817,0.0,0.0
0.7006904573735773,0.0,0.09691021350000001,0.15940993325000002,0.0,0.0
0.8986466086191982,0.0,0.0908644525,0.1749656665,0.0,0.0
0.975641514503266,0.0304604435,0.10368221250000001,0.21062475,0.0,0.0
0.9768741147809071,0.094380657,0.102532813,0.225044185,0.0,0.0
0.9728454869695977,0.169445103,0.113494666,0.24120565100000002,0.0,0.0
0.9675541526044515,0.27282700375,0.18005643524999998,0.3210396775,0.0,0.0
0.9790475328916988,0.2008859385,0.27714793849999997,0.4572746995,0.0,0.0
0.9645899456353979,0.0411228145,0.3764140185,0.6138984805000001,0.0,0.0
0.8361249718493791,0.0,0.4861647146666666,0.7527714156666666,0.0,0.0
0.7166726559368711,0.0,0.6813159261666666,0.8518957926666667,0.0,0.0
0.9094726884923499,0.0,0.792239097,0.896124743,0.0,0.0
0.9824306457243601,0.0723695785,0.83293734,0.9064663875000001,0.0,0.0
0.9825038427986492,0.2044775435,0.891289149,0.9164539734999999,0.0,0.0
0.9791359546170526,0.29059169,0.8945846795,0.91768989375,0.0,0.0
0.982259791608268,0.21005357200000002,0.8883038745,0.9246623519999999,0.0,0.0
0.9858207078885997,0.1036714235,0.8742494995000001,0.9244445134999999,0.0,0.0
0.9528491994295404,0.008138737,0.888261572,0.92477518,0.0,0.0
0.8419273064588951,0.0,0.8950012910000001,0.9259848936666666,0.0,0.0
0.7133080443323506,0.0,0.8415504194999999,0.9242638656666666,0.0,0.0
0.9049757549582443,0.0,0.7709707935000001,0.9085519135,0.0,0.0
0.9787274957529843,0.0429740845,0.717268866,0.896137642,0.0,0.0
0.9811825465161166,0.1461076155,0.7695092295,0.8847016715,0.0,0.0
0.9793014824110634,0.29413894625,0.7188372272499999,0.8170924314999999,0.0,0.0
0.9822510133996085,0.18621842700000002,0.543678164,0.6709171765,0.0,0.0
0.9845566526048037,0.093266845,0.36399391999999997,0.5992153455,0.0,0.0
0.9152310714874202,0.0087134475,0.304570128,0.591007218,0.0,0.0
0.7664510073858374,0.0,0.256166738,0.50012181675,0.0,0.0
0.7575532976623859,0.0,0.1619094786,0.30691221659999995,0.0,0.0
0.9655350152658886,0.042944826,0.1425950765,0.265810484,0.0,0.0
0.9853774106923929,0.313817705,0.117001985,0.257481315,0.0,0.0
0.9781537148510092,0.5591564375,0.129893203,0.2412849085,0.0,0.0
0.9679645088318748,0.6614120655,0.16624674849999999,0.17970108825,0.0,0.0
0.9689471601101256,0.538606999,0.20544884400000002,0.238086154,0.0,0.0
0.9753639508943339,0.3431902145,0.29147444899999997,0.356958408,0.0,0.0
0.8652305227945676,0.012226880249999999,0.40088211825,0.4754191,0.0,0.0
0.6898071593923806,0.0,0.47817539316666663,0.5245518343333333,0.0,0.0
0.7301489635603453,0.0,0.558619388,0.6403207895,0.0,0.0
0.8087165322026908,0.0710147355,0.6031663174999999,0.655768729,0.0,0.0
0.8406044862855424,0.190783256,0.5987579,0.651059134,0.0,0.0
0.8413419432880759,0.29774321800000003,0.539812401,0.615543524,0.0,0.0
0.8382823575575394,0.4274115766666666,0.47836844100000003,0.5509843276666667,0.0,0.0
0.8521695319402273,0.28438053750000003,0.4226553985,0.5272622155,0.0,0.0
0.8605963846841098,0.10239503,0.35847222450000005,0.5442868944999999,0.0,0.0
0.8391526147344743,0.015651852,0.308825411,0.543469316,0.0,0.0
0.7796617908389468,0.0006989083333333333,0.25497283600000004,0.46359972566666663,0.0,0.0
0.6286488123001411,0.0,0.19059229049999998,0.36060954300000003,0.0,0.0
0.6193836679048821,0.0,0.305923006,0.48148170449999994,0.0,0.0
0.7042302969752188,0.055166782500000004,0.344892886,0.5697419655,0.0,0.0
0.7722936514629263,0.20988054750000001,0.3515311895,0.560613359,0.0,0.0
0.7747758596906503,0.43833431675000006,0.426997907,0.630849157,0.0,0.0
0.7803327564020875,0.445049644,0.435064163,0.644576888,0.0,0.0
0.7877463257744985,0.30097175600000003,0.39933829249999997,0.6084765495,0.0,0.0
0.7617600398631704,0.0339965665,0.3850708405,0.540414226,0.0,0.0
0.696555165776491,0.0,0.33295561775,0.42860900125,0.0,0.0
0.6588320541361791,0.0,0.2905201905,0.47972141025000004,0.0,0.0
0.7797439337144596,0.0,0.257722604,0.435973336,0.0,0.0
0.8888869382171427,0.22235435600000003,0.1962638085,0.3436502485,0.0,0.0
0.9086762074697019,0.458419006,0.126713506,0.251692043,0.0,0.0
0.9033584242852406,0.6622381865,0.11951834650000001,0.2053967325,0.0,0.0
0.897117013879803,0.789360693,0.0993141505,0.1719369535,0.0,0.0
0.8936650930647954,0.569482231,0.067871486,0.10456200933333333,0.0,0.0
0.8962472900014826,0.171092212,0.043709213499999996,0.054934765499999996,0.0,0.0
0.8319026148623551,0.008202319666666666,0.08725350866666666,0.10560643466666668,0.0,0.0
0.7143132963163656,0.0,0.218836278,0.286861829,0.0,0.0
0.6450140649120072,0.0,0.41733742133333335,0.468548001,0.0,0.0
0.7063255916450206,0.0,0.6424193092500001,0.7560115924999999,0.0,0.0
0.8830206113412509,0.0156300565,0.582093059,0.7823717905,0.0,0.0
0.9115099993679018,0.061664288,0.49302506300000004,0.741649781,0.0,0.0
0.9040766639079933,0.09787010166666667,0.3707638776666667,0.6752731079999998,0.0,0.0
0.895129537377819,0.11083436999999999,0.351786256,0.6612211905000001,0.0,0.0
0.8949698388322227,0.11340515,0.3996166965,0.6890572765,0.0,0.0
0.8828618271598749,0.036634749,0.462249306,0.7643434575,0.0,0.0
0.7816604991146386,0.0011930263333333334,0.467356849,0.8173928986666666,0.0,0.0
0.6396170648968128,0.0,0.47762234183333335,0.8109595879999999,0.0,0.0
0.7369019763170965,0.0,0.5206044905,0.8526009235,0.0,0.0
0.8612851047285086,0.0794371875,0.5318707309999999,0.85990039,0.0,0.0
0.8833852251292066,0.42924779999999996,0.475531641,0.7320000625,0.0,0.0
0.8774405805758878,0.48441212899999997,0.340986964,0.5502776835000001,0.0,0.0
0.8693025842069426,0.3603276525,0.2086408135,0.3739382095,0.0,0.0
0.8688930280389218,0.297894946,0.16900427899999998,0.28042402899999996,0.0,0.0
0.8759053165999586,0.1792381155,0.1629952765,0.2540119155,0.0,0.0
0.8497003081229202,0.019579397999999998,0.280026718,0.33821205,0.0,0.0
0.7590889639199254,0.0,0.415127766,0.5261532165,0.0,0.0
0.6515367575489694,0.0,0.4251002423333334,0.626414683,0.0,0.0
0.646105604980995,0.0,0.3914806845,0.6791423722500001,0.0,0.0
0.8200856694333107,0.026812488,0.3510787995,0.6352726075,0.0,0.0
0.8813664307422565,0.15521234,0.311916553,0.563423486,0.0,0.0
0.8881118539712665,0.28520449200000003,0.3423528165,0.5233196365,0.0,0.0
0.8872039999975908,0.23840836650000002,0.394723461,0.573255851,0.0,0.0
0.8875439709154604,0.265601616,0.571636486,0.786667834,0.0,0.0
0.8875227569669406,0.1875906015,0.7980391085,0.8785324560000001,0.0,0.0
0.8941403939501,0.183259431,0.8877309794999999,0.9320858975,0.0,0.0
0.8522111825199152,0.058048764,0.8828596,0.936405124,0.0,0.0
0.7613789441083172,0.0,0.8535868904999999,0.935150624,0.0,0.0
0.6470467885672658,0.0,0.8142861910000001,0.929601426,0.0,0.0
0.6854001790675193,0.0,0.788710225,0.9255624920000001,0.0,0.0
0.8313290321234131,0.0755723545,0.7316744614999999,0.9006643375000001,0.0,0.0
0.8929427234558835,0.3941327425,0.6267987135,0.8218871050000001,0.0,0.0
0.8942173857510995,0.7155639375,0.5216869745,0.7315915265,0.0,0.0
0.8871333631877103,0.8659024559999999,0.36352906399999996,0.6025424965,0.0,0.0
0.8798046036793548,0.7746146025,0.214447528,0.397961209,0.0,0.0
0.8809360264308601,0.552183074,0.120078936,0.222753841,0.0,0.0
0.8828375043878706,0.29497402699999997,0.0834402525,0.141341263,0.0,0.0
0.8269228670688685,0.018232108666666667,0.19592308299999997,0.18973616299999999,0.0,0.0
0.6998717108426802,0.0,0.522198215,0.48243645949999997,0.0,0.0
0.6172285377102174,0.0,0.7144724855,0.7573471595,0.0,0.0
0.6008100941169934,0.0,0.79068394925,0.87311701925,0.0,0.0
0.6456730061731741,0.045650078,0.8348910865,0.9219070465,0.0,0.0
0.729815964939066,0.312417876,0.8016837215,0.926893534,0.0,0.0
0.7433552970778552,0.5875186535,0.6841311845,0.894525137,0.0,0.0
0.7378990521126889,0.6930886205,0.47124394150000004,0.801075202,0.0,0.0
0.7334307618200027,0.5864916035,0.31434447499999996,0.6865009175,0.0,0.0
0.7411276098192632,0.385989524,0.2347674955,0.553382912,0.0,0.0
0.7460703552555619,0.22495617,0.25989742,0.528342584,0.0,0.0
0.7329180775862252,0.026196814,0.326946208,0.5417281126666667,0.0,0.0
0.6440767179914642,0.0,0.261771242,0.42682435275,0.0,0.0
0.6054640675914964,0.00042137679999999995,0.23125058420000003,0.34381028,0.0,0.0
0.6788535217343725,0.221935746,0.198641294,0.37092419649999997,0.0,0.0
0.7266014431654778,0.531157215,0.12993897399999998,0.33093090199999997,0.0,0.0
0.7107918588613484,0.76744531825,0.09618204500000001,0.27197213875000004,0.0,0.0
0.7010930870263912,0.655717745,0.078241189,0.19811399,0.0,0.0
0.7124559148986345,0.35488446949999997,0.09453916300000001,0.18964834949999998,0.0,0.0
0.7210338480656547,0.032224440666666666,0.14699966533333333,0.258004055,0.0,0.0
0.6461653757108315,0.0,0.16289095150000002,0.26332193899999995,0.0,0.0
0.6657674308649963,0.0,0.1690491335,0.190058322,0.0,0.0
0.8149659892064989,0.075089951,0.1507902585,0.13538527449999999,0.0,0.0
0.8713802654184976,0.284260916,0.122097387,0.127753581,0.0,0.0
0.8707210803120078,0.44685215,0.0980121435,0.12562679599999999,0.0,0.0
0.8522895459044053,0.65789189075,0.10543058350000001,0.19837224375,0.0,0.0
0.8478176666039523,0.60766149,0.1391937595,0.3330760165,0.0,0.0
0.8618727386608978,0.304912748,0.1625255705,0.3819991655,0.0,0.0
0.8479915839851067,0.035706422,0.2525138875,0.4176810705,0.0,0.0
0.7111626104389736,0.0,0.387628098,0.584334417,0.0,0.0
0.6320426577829052,0.0,0.58529108575,0.7707331527500001,0.0,0.0
0.7493303908589826,0.0011536435,0.717441733,0.8878013069999999,0.0,0.0
0.8669793887330695,0.07857481350000001,0.7640728035,0.904775495,0.0,0.0
0.8924800411139178,0.23323028,0.7681777974999999,0.8914255474999999,0.0,0.0
0.8856694126199699,0.40356188700000006,0.7701736849999999,0.8817084472,0.0,0.0
0.8811485768337033,0.3179438705,0.7739772604999999,0.8896374119999999,0.0,0.0
0.8829527177726718,0.174569697,0.798493554,0.909613538,0.0,0.0
0.8265936860402178,0.024951768,0.8304799303333333,0.9262876903333334,0.0,0.0
0.7090020052442122,0.0,0.8399481225000001,0.928335982,0.0,0.0
0.6530015219105274,0.0,0.8171253801666666,0.9129488768333331,0.0,0.0
0.8307306997654779,0.078148513,0.7695985775,0.8914676335,0.0,0.0
0.88958535068578,0.341597194,0.759307118,0.87848121,0.0,0.0
0.8962713842381723,0.6098417425,0.7435088945,0.8451168145,0.0,0.0
0.8879566359069657,0.8623706963333332,0.6805285706666666,0.7816267863333333,0.0,0.0
0.8766820010389603,0.8239144585,0.7434268245,0.8280520014999999,0.0,0.0
0.8776382263885876,0.5839127465,0.7285864715,0.8609235005,0.0,0.0
0.8763994539480793,0.22941619800000002,0.751042242,0.888493246,0.0,0.0
0.78226160511093,0.0004990406666666667,0.7898609423333335,0.9033902086666666,0.0,0.0
0.6461842960070899,0.0,0.7743969898333333,0.8980147003333333,0.0,0.0
0.7585147943964345,0.0020681875,0.7850771495,0.9155107945000001,0.0,0.0
0.8560640184402465,0.078831603,0.809493304,0.920977704,0.0,0.0
0.8883284276361347,0.366541334,0.797278711,0.926497606,0.0,0.0
0.8841814776165395,0.6120437825,0.807220677,0.9150848035,0.0,0.0
0.8712481662591421,0.7519485496666668,0.834296576,0.9206801006666666,0.0,0.0
0.8645269440157294,0.60868184,0.8508491805,0.929790366,0.0,0.0
0.8696336855763475,0.40847302,0.85726134,0.933865266,0.0,0.0
0.8708645027582906,0.154393529,0.8882567465,0.9366168644999999,0.0,0.0
0.782912179725192,0.000837074,0.8917107026666665,0.936769233,0.0,0.0
0.6493392909333244,0.0,0.882572251,0.9349945336666666,0.0,0.0
0.6416579685209265,0.0,0.87563337425,0.93638690975,0.0,0.0
0.7846576013577993,0.004728537,0.874701514,0.936462178,0.0,0.0
0.8601306849327853,0.1048824725,0.870936006,0.9363643045,0.0,0.0
0.8813847186212233,0.30768842,0.82084236,0.934647847,0.0,0.0
0.8755569789856368,0.5438681785,0.7528147385,0.9194448500000001,0.0,0.0
0.8585597596746235,0.6609524767499999,0.650020715,0.86679448775,0.0,0.0
0.8552224579163448,0.4108684045,0.5830743140000001,0.8395281625,0.0,0.0
0.8600951608089017,0.1376874555,0.6234059949999999,0.8525747340000001,0.0,0.0
0.7513623753752932,0.00037865375,0.61388987375,0.8126385217500001,0.0,0.0
0.5981957067239737,0.0,0.4479807038333334,0.7095386831666666,0.0,0.0
0.635003058654223,0.057801505499999996,0.327927319,0.5949297865000001,0.0,0.0
0.6930043077255424,0.296632462,0.260935094,0.580880532,0.0,0.0
0.7329581812605342,0.49413002149999996,0.2452197915,0.525978458,0.0,0.0
0.7324535969128739,0.509056205,0.18341651333333334,0.3127072563333333,0.0,0.0
0.7277572573610627,0.337823505,0.16006655250000001,0.21167045750000002,0.0,0.0
0.7392979573530515,0.18419606649999998,0.136864559,0.19530879299999998,0.0,0.0
0.7418862808446369,0.079643455,0.104696715,0.1627277565,0.0,0.0
0.7105886276083968,0.0010891526666666667,0.10197900766666666,0.15029734933333333,0.0,0.0
0.6074155941708799,0.0,0.097436555,0.14393768357142858,0.0,0.0
0.6399956383897693,0.0286770655,0.06951228100000001,0.10258844950000001,0.0,0.0
0.722057692667163,0.117444331,0.0598282795,0.0891599475,0.0,0.0
0.7453790291653709,0.208637898,0.049285142000000004,0.053748726499999996,0.0,0.0
0.7389772458679378,0.23234064650000003,0.0425835145,0.07090049975000001,0.0,0.0
0.747547783892295,0.1185182885,0.0675995675,0.16445940850000001,0.0,0.0
0.7504708661358457,0.062748209,0.07974584,0.154559647,0.0,0.0
0.710958127310444,0.0066244672,0.0973137734,0.13329420739999998,0.0,0.0
0.6335168609502431,0.0,0.09070265259999999,0.1049026024,0.0,0.0
0.7477503674055604,0.003030523,0.118574686,0.11490063049999999,0.0,0.0
0.8671135300443595,0.07641247600000001,0.1081974305,0.127080207,0.0,0.0
0.8920510998744583,0.22184449,0.103001891,0.132151675,0.0,0.0
0.8732921308889774,0.39658478659999996,0.09850633820000002,0.10525707340000001,0.0,0.0
0.8594875473902943,0.2686885625,0.09239820500000001,0.088171551,0.0,0.0
0.8617132686506163,0.204107627,0.10170863150000001,0.0734165785,0.0,0.0
0.8562071207884479,0.059851633,0.113455813,0.080022651,0.0,0.0
0.7833915343934438,0.0009012983333333333,0.13994695166666668,0.11667491666666667,0.0,0.0
0.649132257360592,0.0,0.1859385,0.20855845066666667,0.0,0.0
0.6434940217596405,0.0,0.17204540825,0.2601280635,0.0,0.0
0.8175367563550862,0.035091546,0.177920325,0.2796909415,0.0,0.0
0.8843139729533206,0.20796217849999998,0.167754384,0.260138094,0.0,0.0
0.8786150711976348,0.44528058000000004,0.212818343,0.27757633849999996,0.0,0.0
0.8580116274582403,0.513501322,0.24605428499999998,0.27599526500000005,0.0,0.0
0.8491562906941688,0.29520271249999996,0.208979479,0.287588856,0.0,0.0
0.8509385775627749,0.068740288,0.24143660449999998,0.33573135,0.0,0.0
0.7825334690862732,0.0014695773333333335,0.40932828699999996,0.49142313,0.0,0.0
0.6366312020328169,0.0,0.5460262893333334,0.7212934533333334,0.0,0.0
0.7339105889927595,0.0081410745,0.47714003400000005,0.7393216385,0.0,0.0
0.8433846490834638,0.1245180455,0.377421995,0.6457384335,0.0,0.0
0.8528793743703793,0.3738944665,0.23011183549999997,0.47348517949999996,0.0,0.0
0.8439524407003706,0.7890611203333333,0.24581437166666667,0.3086793823333333,0.0,0.0
0.8352673179553218,0.6675918985,0.3274644885,0.33974490999999996,0.0,0.0
0.8325500195369675,0.5379608705000001,0.2527259125,0.3168052825,0.0,0.0
0.831085895297252,0.2377529805,0.188830673,0.2729574425,0.0,0.0
0.7830968868964714,0.00190118,0.16668288433333334,0.25086964733333333,0.0,0.0
0.6487378497023578,0.0,0.12662741666666666,0.15858012300000002,0.0,0.0
0.641481479504338,0.0,0.113445941,0.1138477895,0.0,0.0
0.807178342082888,0.1250727775,0.115810209,0.100713414,0.0,0.0
0.8498590465229128,0.386892968,0.103852087,0.10919044,0.0,0.0
0.8461602399116437,0.6351535475000001,0.091155234,0.123872958,0.0,0.0
0.839074434326877,0.8705612249999999,0.10894844599999999,0.15173968975,0.0,0.0
0.831087952709648,0.7296949145,0.15268977,0.223526893,0.0,0.0
0.8304141372553926,0.426419607,0.208719005,0.2971787345,0.0,0.0
0.8240727381533783,0.08603736399999999,0.3462963055,0.3872851805,0.0,0.0
0.7357028580114044,0.0,0.45419608699999997,0.5122661463333333,0.0,0.0
0.6275109201412183,0.0,0.42442405225,0.53628861375,0.0,0.0
0.7001233820074045,0.014545308666666666,0.37995868433333335,0.5409196763333334,0.0,0.0
0.8371559944416478,0.3195537655,0.341392,0.60279494,0.0,0.0
0.844623604352224,0.582770412,0.289326532,0.618526447,0.0,0.0
0.8418296799380145,0.7809511375,0.287115434,0.588274772,0.0,0.0
0.8354626777459906,0.8727098134999999,0.35203167825,0.62485560225,0.0,0.0
0.8292888865924339,0.6046198625000001,0.479720274,0.75792904,0.0,0.0
0.8280448565019192,0.2596408825,0.5086326290000001,0.822006468,0.0,0.0
0.7823451653017698,0.0036032646666666664,0.5514802196666667,0.85428687,0.0,0.0
0.609503476086201,0.0,0.46258408360000003,0.7959436745999999,0.0,0.0
0.6033452113667599,0.017163850666666668,0.4100662036666667,0.7255535276666666,0.0,0.0
0.6697963558093751,0.318158205,0.3334675345,0.6822011745000001,0.0,0.0
0.7205602845442116,0.667130217,0.318554431,0.6399175675,0.0,0.0
0.7097727736285399,0.8283509137999999,0.3282543756,0.5537523783999999,0.0,0.0
0.709352628880565,0.532815588,0.32705259600000003,0.548286995,0.0,0.0
0.7196033734399992,0.2338810545,0.2663697805,0.4938384175,0.0,0.0
0.6818930015546888,0.001529244,0.23857831559999995,0.406227144,0.0,0.0
0.599170395150589,0.0,0.1474814515,0.23787092099999999,0.0,0.0
0.6185189046549793,0.0254756915,0.0764195285,0.10631138949999999,0.0,0.0
0.6841338377616923,0.257577773,0.045934924,0.043789689500000006,0.0,0.0
0.7331475289745365,0.437289486,0.041964588,0.04582999,0.0,0.0
0.7354356345787842,0.6618489065,0.043927225,0.0598701355,0.0,0.0
0.7210197207433162,0.7225667636666667,0.066064828,0.089167563,0.0,0.0
0.7176771611987771,0.4563001345,0.130183582,0.1610885535,0.0,0.0
0.723876738196275,0.2780255045,0.2393074105,0.31662583899999996,0.0,0.0
0.7302926145419427,0.125532316,0.375289959,0.457955851,0.0,0.0
0.7091563394404415,0.0031143846666666663,0.5340458433333333,0.6574238003333334,0.0,0.0
0.6486551885905038,0.0,0.649139189,0.840385123,0.0,0.0
0.639876996083402,0.0,0.49657384824999995,0.7626928465,0.0,0.0
0.8082082217260746,0.0869803785,0.4696043665,0.7783961575,0.0,0.0
0.8628548411942716,0.214836864,0.46100748,0.771214514,0.0,0.0
0.8637821260207694,0.5129155839999999,0.5376635785,0.812291583,0.0,0.0
0.8568770957098361,0.7981611826666667,0.7016966336666667,0.7910025323333333,0.0,0.0
0.8506562591558493,0.6899945185,0.7944407465,0.8377322155,0.0,0.0
0.8578775319283336,0.4999535705,0.814090116,0.8893879115,0.0,0.0
0.8647870426957889,0.239995823,0.772756943,0.903342756,0.0,0.0
0.8024167149711295,0.02805850075,0.66556740025,0.87965081675,0.0,0.0
0.6444704632848135,0.0,0.5598083904285714,0.8206404441428571,0.0,0.0
0.8312758906146867,0.025288113333333334,0.6885764889999999,0.824023555,0.0,0.0
0.880748027483977,0.139724067,0.8230732725000001,0.9196635975,0.0,0.0
0.868800415397045,0.4042492385,0.8541595131666667,0.9311017754999998,0.0,0.0
0.8724455776971216,0.324973368,0.7589464975,0.9132917235,0.0,0.0
0.8483154616319148,0.068366181,0.6180968735,0.873738979,0.0,0.0
0.7585326022397597,0.0006644765,0.5876659915,0.8671945475,0.0,0.0
0.6610126615592095,0.0,0.48263371200000005,0.798833649,0.0,0.0
0.6237584463652253,0.0,0.247270325,0.5364671603333334,0.0,0.0
0.667755387402622,0.0,0.129611372,0.36673492750000003,0.0,0.0
0.8405854059030832,0.047667449,0.11143103733333333,0.23802090866666667,0.0,0.0
0.8930319680941714,0.1644970345,0.15547595,0.2746203455,0.0,0.0
0.8879346905711183,0.444641851,0.28851185149999997,0.4320350855,0.0,0.0
0.8726178034462512,0.6105510633333334,0.48497593766666663,0.6261374749999999,0.0,0.0
0.8762289198557482,0.4271273085,0.6708963880000001,0.7779836245,0.0,0.0
0.8784262950077204,0.223820452,0.631503323,0.837336023,0.0,0.0
0.8490908659015519,0.059862211,0.5149289180000001,0.802340445,0.0,0.0
0.7586762074399738,0.0,0.4565655995,0.743487891,0.0,0.0
0.647864875391826,0.0,0.38203855828571426,0.6426782807142857,0.0,0.0
0.816869067356635,0.0670077025,0.336850581,0.5916363309999999,0.0,0.0
0.8766046435071368,0.207373156,0.33559468,0.58328462,0.0,0.0
0.8824230562263471,0.3899374195,0.327531015,0.5640455755,0.0,0.0
0.875923101515432,0.63605869275,0.52354949175,0.63807492425,0.0,0.0
0.8736387220029799,0.556112092,0.6190608155,0.73167065,0.0,0.0
0.8782727686249915,0.310232512,0.6199118865,0.756357014,0.0,0.0
0.8665942468998198,0.145397323,0.625177559,0.784301518,0.0,0.0
0.7835856902675067,0.007449697666666667,0.5644265700000001,0.8149943763333334,0.0,0.0
0.6622936789941855,0.0,0.5929410749999999,0.8456946065,0.0,0.0
0.628893480684513,0.0,0.5602324762499999,0.82331754,0.0,0.0
0.7410537726974519,0.054049694,0.5403301549999999,0.7911832825,0.0,0.0
0.8595819583387829,0.311980637,0.505179649,0.754274265,0.0,0.0
0.8777335060685539,0.5730765689999999,0.428773593,0.6736988585,0.0,0.0
0.867144223167038,0.7559571780000001,0.27789065733333335,0.4514613293333333,0.0,0.0
0.8573257421435891,0.6563087755,0.260861368,0.3638758975,0.0,0.0
0.8599132425364395,0.4040335745,0.17009539899999998,0.270335695,0.0,0.0
0.8602987044677706,0.1057942485,0.08614828050000001,0.1854427755,0.0,0.0
0.7829107014423412,0.004186697666666667,0.05351312933333333,0.141697489,0.0,0.0
0.6091461820230158,0.0,0.04075666583333334,0.078667081,0.0,0.0
0.6135498019249719,0.034824711,0.06453519,0.061105157,0.0,0.0
0.6718550176803154,0.241628599,0.048308616,0.0683889,0.0,0.0
0.7301471120155338,0.5247655645,0.040349958000000005,0.0622692555,0.0,0.0
0.7227436466167291,0.4158252185,0.05803852425,0.1222837285,0.0,0.0
0.7264818406391866,0.25375778449999997,0.08885364500000001,0.2161425355,0.0,0.0
0.7398344310354452,0.1531540145,0.10983736699999999,0.256039208,0.0,0.0
0.7317303814879497,0.034407654,0.1357425825,0.2790705515,0.0,0.0
0.6858606820372675,0.0011792916666666666,0.10356729166666667,0.22639192566666666,0.0,0.0
0.5976514576037667,0.0,0.05402509800000001,0.1396753028,0.0,0.0
0.6117938723500744,0.0409029795,0.0493820675,0.1490729015,0.0,0.0
0.6726882343984568,0.2206679445,0.028366756,0.0995193645,0.0,0.0
0.7325573118127267,0.468057877,0.030004135,0.081484644,0.0,0.0
0.726881692788982,0.5662170945,0.02520185825,0.04596394375,0.0,0.0
0.725427066774228,0.354067865,0.0475557945,0.071651721,0.0,0.0
0.740466161581434,0.1771368955,0.0785524995,0.11946883149999998,0.0,0.0
0.731899201156658,0.040355166,0.196165313,0.2559981045,0.0,0.0
0.7010507734341689,0.0011849155,0.27073400999999997,0.3919632085,0.0,0.0
0.6367151126940194,0.0,0.4913120896666667,0.6382912228333334,0.0,0.0
0.7686496779428618,0.026669031666666666,0.7577955993333333,0.857104559,0.0,0.0
0.870066284347008,0.11918387999999999,0.853285826,0.9139234665,0.0,0.0
0.8667256449698086,0.21460480599999998,0.8462421545,0.9230122775,0.0,0.0
0.8642588442957213,0.27658657924999996,0.75017383425,0.81941399175,0.0,0.0
0.8685819519371185,0.0749251885,0.4899063845,0.7347230825,0.0,0.0
0.8694208150754228,0.057359573,0.406794473,0.694465143,0.0,0.0
0.846116852017641,0.0259821895,0.35877811000000004,0.6521283625000001,0.0,0.0
0.7590455303931803,0.0,0.3831064065,0.61020672,0.0,0.0
0.6296603125759147,0.0,0.39655035266666666,0.5840732510000001,0.0,0.0
0.6030677619759381,0.0,0.43491661774999996,0.6220261025,0.0,0.0
0.7611631248205621,0.11471474066666666,0.416567521,0.6215362453333333,0.0,0.0
0.8398315507918677,0.2654423945,0.48025664,0.6363012825000001,0.0,0.0
0.8432736875950964,0.40148484533333334,0.3437657106666667,0.536472054,0.0,0.0
0.8390568779838785,0.3100698685,0.3735310275,0.5268968825,0.0,0.0
0.8329454482835559,0.283024791,0.45081086000000004,0.5274958919999999,0.0,0.0
0.8192379519326822,0.07723018233333333,0.543775592,0.641287164,0.0,0.0
0.739574949512216,0.0016136685,0.5791767815,0.7684072694999999,0.0,0.0
0.6243408034853246,0.0,0.49910303025,0.7682298702500001,0.0,0.0
0.6207795252273506,0.0004979846666666667,0.3638602446666666,0.637408654,0.0,0.0
0.7432242418479986,0.2101201645,0.3514145925,0.5627943215,0.0,0.0
0.8281685737043614,0.501591596,0.3691649225,0.5632408600000001,0.0,0.0
0.8317539270986753,0.7240594095,0.5121420995,0.641084404,0.0,0.0
0.820834967909566,0.5274805423333333,0.464967208,0.6407870703333333,0.0,0.0
0.8217821864408987,0.296418553,0.37216064800000004,0.6183537990000001,0.0,0.0
0.807175964646731,0.0815187305,0.432981638,0.6751399885,0.0,0.0
0.7380293986229483,0.0015389405,0.5845845185,0.7692660265,0.0,0.0
0.6302567552131122,0.0,0.6472961886666667,0.7690808293333333,0.0,0.0
0.604241841122638,0.000341166,0.44879771074999997,0.660183901,0.0,0.0
0.7354602775231904,0.083922962,0.368917932,0.582891044,0.0,0.0
0.8281769404008135,0.2985333695,0.344349564,0.5341768565,0.0,0.0
0.8344927822685216,0.7663779965,0.44961813775,0.62486330225,0.0,0.0
0.8264119811912501,0.759677256,0.49683577749999996,0.5805544229999999,0.0,0.0
0.8228894845338862,0.5275972733333333,0.41911411933333337,0.5567968876666667,0.0,0.0
0.807043697919585,0.1450205795,0.305111289,0.5265384555,0.0,0.0
0.7396379282709212,0.000891123,0.2542594815,0.467430281,0.0,0.0
0.6335086222707275,0.0,0.193737954,0.3524281815,0.0,0.0
0.6346726736098725,0.0007961523333333333,0.15344388966666667,0.20982162866666665,0.0,0.0
0.7505352392944125,0.1883892555,0.1113101895,0.2085745345,0.0,0.0
0.8319597795587863,0.2695823425,0.0838449885,0.1616617115,0.0,0.0
0.8382801019821101,0.583186072,0.073585229,0.128415774,0.0,0.0
0.8337913827628066,0.8028610186666666,0.07407117133333334,0.12251104433333333,0.0,0.0
0.8203959682920825,0.812801733,0.10663900949999999,0.1624797495,0.0,0.0
0.8157764148223274,0.590528434,0.117397836,0.178200117,0.0,0.0
0.8152556228244676,0.371689672,0.1118609,0.171794216,0.0,0.0
0.8063808095748313,0.13306555949999999,0.12236861700000001,0.157724449,0.0,0.0
0.7389741254876268,0.0006441505,0.1443904875,0.187198179,0.0,0.0
0.5928717797175015,0.0003782901428571428,0.15531500099999998,0.20959907928571428,0.0,0.0
0.5950649127337894,0.1223227355,0.093568499,0.166353367,0.0,0.0
0.6676797900758045,0.4474506605,0.06377912,0.1571035555,0.0,0.0
0.694834577422905,0.7655586225,0.08166677750000001,0.150595598,0.0,0.0
0.6872620066676685,0.87373764175,0.091016764,0.1508657625,0.0,0.0
0.6826003339907694,0.618198883,0.07966010100000001,0.1242928865,0.0,0.0
0.6841866896189392,0.378991107,0.076731633,0.10454559,0.0,0.0
0.6863759037934027,0.1505965265,0.087434052,0.107706495,0.0,0.0
0.6477806794675882,0.00097544425,0.10421394025000001,0.13086378275,0.0,0.0
0.5706345514313271,0.0007221084,0.11968393420000001,0.11865002259999999,0.0,0.0
0.5891236742856654,0.21212881849999998,0.10991340499999999,0.118031413,0.0,0.0
0.6621034854393972,0.5328589699999999,0.062985589,0.12132955349999999,0.0,0.0
0.6905282031000913,0.774614421,0.055831469499999994,0.118469168,0.0,0.0
0.6883011635687989,0.8741779370000001,0.055694374,0.10151842033333335,0.0,0.0
0.6832219147446081,0.740147082,0.065602345,0.10078530050000001,0.0,0.0
0.6827927906025766,0.46017753400000005,0.076983888,0.128391239,0.0,0.0
0.6823811770964803,0.1511453665,0.12061917800000001,0.17211017699999998,0.0,0.0
0.6584988840205132,0.00050338025,0.2355570735,0.2816535015,0.0,0.0
0.6023328880764808,0.0008848953999999999,0.33721938539999996,0.4274509548,0.0,0.0
0.7299970831521255,0.21846797,0.2581223325,0.423941673,0.0,0.0
0.8131519728663991,0.5438990340000001,0.1172515445,0.3094741175,0.0,0.0
0.8240370768339854,0.810668468,0.0930361525,0.28646500249999995,0.0,0.0
0.819923959219542,0.895033455,0.114526356,0.31042213375000005,0.0,0.0
0.8102503331066832,0.6317847325,0.14174068099999998,0.29046477449999997,0.0,0.0
0.807461254904593,0.390605954,0.173633566,0.284896787,0.0,0.0
0.8009684325393089,0.1584979695,0.21530895,0.2744023895,0.0,0.0
0.746256022473351,0.0,0.2338295715,0.24666919599999998,0.0,0.0
0.615215142717193,0.0,0.2605060104,0.2756943352,0.0,0.0
0.6120965817554256,0.0025536285,0.3199782075,0.38501061049999996,0.0,0.0
0.7294372695110614,0.21239195700000002,0.3187813035,0.44305591,0.0,0.0
0.8042524708909731,0.457634022,0.226094076,0.423285435,0.0,0.0
0.8231319202459072,0.686506159,0.22140741149999998,0.41377282800000004,0.0,0.0
0.8244069026392047,0.8854450030000001,0.2779385965,0.440116898,0.0,0.0
0.8209829621769497,0.912184238,0.4310604295,0.5554359865,0.0,0.0
0.8135518364615402,0.7588222579999999,0.48788809099999997,0.6066428245,0.0,0.0
0.808303592820167,0.480282929,0.5226990295,0.6550780544999999,0.0,0.0
0.8007371828196121,0.1679324,0.6164131015000001,0.7445277685,0.0,0.0
0.7493427122940256,0.0015907595,0.669774766,0.808705703,0.0,0.0
0.6447586371221785,0.0,0.696800646,0.852043314,0.0,0.0
0.5967214479525695,0.0,0.5799756665,0.80110468225,0.0,0.0
0.6601166261685639,0.0790724865,0.4826760585,0.732776612,0.0,0.0
0.7637297313382005,0.288623803,0.441170811,0.703867079,0.0,0.0
0.813369003824858,0.5372244660000001,0.35223469249999995,0.6569162115,0.0,0.0
0.8244123432661037,0.7999332975,0.3805302485,0.6621886745,0.0,0.0
0.8251412964509962,0.9138001495,0.5360146605,0.7703617705000001,0.0,0.0
0.8182329742901389,0.844312335,0.6612662745,0.840528892,0.0,0.0
0.8114464491891573,0.6013941254999999,0.665714728,0.8565163455,0.0,0.0
0.80745650018092,0.350999266,0.690960263,0.860795263,0.0,0.0
0.8008603513143377,0.150988004,0.7060221760000001,0.8766063475,0.0,0.0
0.750190582176304,0.0,0.707543201,0.886883608,0.0,0.0
0.6300098846029912,0.0,0.6855018973333333,0.8543429536666666,0.0,0.0
0.6030652016372091,0.001713001,0.55472895825,0.7128386717499999,0.0,0.0
0.6944875885757024,0.134830699,0.445108882,0.638879044,0.0,0.0
0.7839927470890957,0.3057708445,0.35700529849999996,0.6239663735000001,0.0,0.0
0.8228382175845302,0.5176437334999999,0.324305734,0.5764563730000001,0.0,0.0
0.824088404676545,0.6449253863333334,0.2832396363333333,0.5346925236666666,0.0,0.0
0.8171700851547345,0.5728268385,0.280941177,0.612578257,0.0,0.0
0.8102870002044222,0.321675398,0.3170457915,0.6178333069999999,0.0,0.0
0.8074152611134392,0.150204802,0.334883464,0.511808154,0.0,0.0
0.800742714860637,0.0478777685,0.38269136950000004,0.4375061775,0.0,0.0
0.7500112470589422,0.002347031,0.4134885645,0.47666966,0.0,0.0
0.6447586371221785,0.0,0.401902147,0.586534185,0.0,0.0
0.5959819791703826,0.0,0.47352832866666666,0.6607279973333333,0.0,0.0
0.6401709120691796,0.03532855233333333,0.3776031693333333,0.5779368426666668,0.0,0.0
0.7900138576263891,0.267534179,0.242785018,0.44075595300000003,0.0,0.0
0.828205880923943,0.6500259085,0.16790101699999999,0.2973002805,0.0,0.0
0.8236366036131505,0.8825295763333334,0.155316416,0.18793616533333332,0.0,0.0
0.8150262933959778,0.826650184,0.112132182,0.114032175,0.0,0.0
0.8094594756135065,0.6018554945000001,0.085691426,0.083621796,0.0,0.0
0.8078747429948333,0.3948068,0.07531478,0.062378259,0.0,0.0
0.8018316184496175,0.1667836115,0.078668739,0.051804086,0.0,0.0
0.7394263380136816,0.0005525,0.0813710575,0.048516094499999995,0.0,0.0
0.6069750270931106,0.0,0.065470066,0.028315133666666662,0.0,0.0
0.5623622583099175,0.00179231575,0.0705367455,0.036406851500000004,0.0,0.0
0.587430997786171,0.11979165950000001,0.089006012,0.075967964,0.0,0.0
0.6421277260189543,0.315777638,0.064152628,0.057435537,0.0,0.0
0.6877189854742228,0.4425079315,0.052117371499999995,0.048525944,0.0,0.0
0.6887040712295587,0.638084777,0.061273743500000005,0.06571443725,0.0,0.0
0.6827098095412817,0.48612730400000004,0.086123604,0.214870164,0.0,0.0
0.6839793740497313,0.2570678245,0.1230733835,0.311468287,0.0,0.0
0.676533823829367,0.03230080366666667,0.20579285366666666,0.36950879666666664,0.0,0.0
0.5798189856949673,0.0013017345714285715,0.1999142672857143,0.32502368842857143,0.0,0.0
0.5868482100659012,0.1694084315,0.2218218565,0.355200536,0.0,0.0
0.6612825901562986,0.4238779275,0.2200928935,0.347619691,0.0,0.0
0.690714830463484,0.6820959394999999,0.27537675699999997,0.3580551715,0.0,0.0
0.6889933430061389,0.8221020773333333,0.35853706266666663,0.4455102023333333,0.0,0.0
0.6848323416444557,0.703841167,0.442584332,0.558117947,0.0,0.0
0.6835640801217422,0.45247511100000004,0.4755152755,0.6144452805,0.0,0.0
0.6817414228428125,0.1694371785,0.5373639585000001,0.6809547045,0.0,0.0
0.6578854185371198,0.000322209,0.55388269575,0.7007411397500001,0.0,0.0
0.6024846862417157,0.0029615652,0.5061566726,0.652336766,0.0,0.0
0.7291872519510767,0.23482067950000002,0.356248856,0.5344780760000001,0.0,0.0
0.8142973401367648,0.5489073609999999,0.208578342,0.39555752450000004,0.0,0.0
0.8287289587580328,0.85998108475,0.2016671315,0.31269277749999996,0.0,0.0
0.8216225793094285,0.8335268444999999,0.2269246335,0.31305299799999997,0.0,0.0
0.814627938505516,0.610329796,0.19172122400000002,0.300936769,0.0,0.0
0.8110352471209481,0.380993507,0.162283481,0.318276577,0.0,0.0
0.8025527536457747,0.1702383525,0.17493727250000002,0.367123647,0.0,0.0
0.7513475850528071,0.0007229005,0.222737198,0.37568207200000003,0.0,0.0
0.6302254372290522,0.0,0.21157025866666665,0.3717901403333333,0.0,0.0
0.6029805060779712,0.00337119525,0.13183630425,0.21590560875000003,0.0,0.0
0.7292077799963705,0.1613618645,0.10279325049999999,0.1300522655,0.0,0.0
0.80584241552691,0.460924937,0.085787944,0.113029538,0.0,0.0
0.8237182740832523,0.6744454165,0.0775508395,0.0851204275,0.0,0.0
0.8265162065485727,0.876606126,0.05831926366666667,0.061217758000000004,0.0,0.0
0.8191104247430687,0.7901764364999999,0.039602288,0.1043866685,0.0,0.0
0.8139036944115539,0.641114022,0.054050049,0.166454365,0.0,0.0
0.8100626541092406,0.42503489149999996,0.1063155515,0.240680083,0.0,0.0
0.8018388878049568,0.1575429325,0.13648419950000001,0.2914625075,0.0,0.0
0.7514988254878253,0.000881183,0.1469230345,0.2535111965,0.0,0.0
0.6302612509053217,0.0,0.18110997733333334,0.25752627633333336,0.0,0.0
0.60304081026745,0.004319321,0.2836846685,0.33154272825,0.0,0.0
0.7291975159737236,0.1937946855,0.2877827465,0.3464511775,0.0,0.0
0.807183279857774,0.420215127,0.212158436,0.344486515,0.0,0.0
0.8248924904626216,0.5659804429999999,0.2246998835,0.4060058895,0.0,0.0
0.8296732055499096,0.769803745,0.2720015285,0.46994100699999997,0.0,0.0
0.8253741006567558,0.817236226,0.33869538099999996,0.49683542150000004,0.0,0.0
0.8165731701616732,0.7048857454999999,0.41985025,0.512581843,0.0,0.0
0.8094328667451507,0.462208594,0.419116759,0.5136553260000001,0.0,0.0
0.8011946530699938,0.1763405085,0.4041067665,0.5623194005000001,0.0,0.0
0.7503778038801556,0.0013464115,0.3989973835,0.5607329475,0.0,0.0
0.6153690440316147,0.0,0.3232498874,0.49315441800000004,0.0,0.0
0.6396797159767528,0.05690398033333333,0.21139298800000003,0.478515682,0.0,0.0
0.7853139062504397,0.328454919,0.186766154,0.4146372545,0.0,0.0
0.8227632374888637,0.6337752834999999,0.218613674,0.438262516,0.0,0.0
0.8229911648872611,0.8884448273333333,0.22986437666666668,0.5206494226666666,0.0,0.0
0.8151187384205169,0.8205937395,0.2594631465,0.5536554725,0.0,0.0
0.8096893079683294,0.5929701039999999,0.28304222700000004,0.606165446,0.0,0.0
0.8071529220440913,0.378357356,0.320760516,0.544022843,0.0,0.0
0.8006958522636851,0.17372529949999999,0.323016751,0.4667100005,0.0,0.0
0.7493081711321167,0.001974041,0.33636898800000004,0.48464489,0.0,0.0
0.6298871274718322,0.0,0.27463563133333335,0.39973838233333336,0.0,0.0
0.6027368092845488,0.00458655225,0.26765830275,0.37323946225000004,0.0,0.0
0.7295262855397141,0.1632623715,0.23362274900000002,0.429116264,0.0,0.0
0.8135552197503637,0.4221728125,0.227248979,0.387901243,0.0,0.0
0.823412638608348,0.5420142834999999,0.218252546,0.296011633,0.0,0.0
0.8204582993482616,0.5281199246666666,0.17589223166666668,0.25344215233333334,0.0,0.0
0.8119695270604075,0.509081179,0.1527556135,0.30584373750000005,0.0,0.0
0.8074746050829942,0.33362376299999996,0.1116823895,0.2928842845,0.0,0.0
0.8008900234477558,0.1264679535,0.08853341649999999,0.199805322,0.0,0.0
0.7467965423827818,0.00173854,0.0885632445,0.170670306,0.0,0.0
0.6060117608739118,0.0,0.06848369133333333,0.13047747666666668,0.0,0.0
0.5602196552692392,0.00603756325,0.058933024,0.072722292,0.0,0.0
0.5869776193955691,0.18719918149999998,0.043418249000000006,0.0440727535,0.0,0.0
0.6621142523883774,0.434301442,0.041723281,0.0338507105,0.0,0.0
0.6905885529223126,0.701972279,0.0506930715,0.0280681,0.0,0.0
0.686950953456557,0.69194511275,0.0646610135,0.044101592999999994,0.0,0.0
0.6828251143402089,0.47595241749999995,0.07283635899999999,0.04688378,0.0,0.0
0.6828111698213487,0.325701611,0.072116066,0.051211621,0.0,0.0
0.6821946183308423,0.153524201,0.07885028,0.059058771499999996,0.0,0.0
0.6472972862149164,0.0007938095,0.09328636200000001,0.07442960675,0.0,0.0
0.5635921154205776,0.0,0.0768553135,0.09377890025,0.0,0.0
0.5679597997483763,0.10033378500000001,0.0634584745,0.061226453,0.0,0.0
0.6210678634402669,0.37756487549999995,0.059803693000000005,0.0498381575,0.0,0.0
0.6810802261053102,0.616875776,0.063313094,0.054334993,0.0,0.0
0.6911966920836246,0.8064705685,0.06744544899999999,0.054501657499999995,0.0,0.0
0.6904789401762909,0.8562128410000001,0.0729931785,0.065922354,0.0,0.0
0.6847791013143341,0.7073260134999999,0.0934333835,0.09347956900000001,0.0,0.0
0.6828609813785453,0.5867782235,0.1396216595,0.120175375,0.0,0.0
0.6829644219616999,0.401679617,0.148838202,0.130291128,0.0,0.0
0.6819784561038609,0.19829978399999998,0.139647541,0.1497045015,0.0,0.0
0.6466726925332406,0.0023526379999999998,0.24080478200000002,0.267290473,0.0,0.0
0.6033864503846936,0.00969189525,0.226759753,0.27574925775000003,0.0,0.0
0.7299474316811297,0.22924333949999998,0.20643940900000002,0.27314581250000003,0.0,0.0
0.8048845900584775,0.415212443,0.205685435,0.300616553,0.0,0.0
0.8227128087748367,0.51702621,0.2306853905,0.336705445,0.0,0.0
0.8230909860408203,0.5901713553333333,0.2913338346666667,0.37931175133333334,0.0,0.0
0.8153084289746515,0.5512128165,0.3485093375,0.381048359,0.0,0.0
0.8098519782905417,0.41477966099999997,0.385971092,0.385008751,0.0,0.0
0.8071529220440913,0.231207389,0.377006785,0.413327787,0.0,0.0
0.8006996469903955,0.114487743,0.3801502995,0.4524901475,0.0,0.0
0.72030900960646,0.0035543659999999998,0.39918260699999997,0.49160866566666667,0.0,0.0
0.6037802675671309,0.0,0.30613073350000003,0.38804887174999997,0.0,0.0
0.612170807573073,0.017535433,0.2715002285,0.3252880125,0.0,0.0
0.7290895034208273,0.21088957149999998,0.194818661,0.287147438,0.0,0.0
0.8133916349896109,0.509620663,0.1090156365,0.184912554,0.0,0.0
0.8240683490118884,0.7575049615,0.093909276,0.128060219,0.0,0.0
0.8238199087543377,0.8223052355,0.0919828035,0.1071943605,0.0,0.0
0.8167683928311531,0.6517790305,0.0597119715,0.097223634,0.0,0.0
0.8109252457534106,0.5185118895,0.049493046,0.14424229300000002,0.0,0.0
0.8033525874610971,0.21399797766666664,0.06273689466666667,0.18928104566666668,0.0,0.0
0.7499028001774675,0.0028732925,0.0762410945,0.1395952395,0.0,0.0
0.6153057224030493,0.0,0.0632057776,0.058159769400000005,0.0,0.0
0.6118356828673226,0.024729079,0.048039451,0.042449688,0.0,0.0
0.7292808170587793,0.248553527,0.047701259499999996,0.0515668135,0.0,0.0
0.815115355206014,0.5397769115,0.045855789499999994,0.038566889,0.0,0.0
0.8266117300490883,0.7962755880000001,0.0445250695,0.036565952,0.0,0.0
0.8239047185812328,0.8078892477499999,0.054761762500000005,0.077912327,0.0,0.0
0.8140051005473246,0.529081724,0.08682466650000001,0.16796350300000001,0.0,0.0
0.8096104417318266,0.374399584,0.09333055,0.197681239,0.0,0.0
0.8022789846149122,0.18748919349999998,0.1099406275,0.226558661,0.0,0.0
0.7511383722317244,0.0039174505,0.138261272,0.2502517225,0.0,0.0
0.6128063099055334,0.0,0.15130327483333336,0.203397666,0.0,0.0
0.6600080420915798,0.11842489149999999,0.1953183605,0.208001559,0.0,0.0
0.7855266851885975,0.3997514705,0.15322597500000001,0.2155157555,0.0,0.0
0.8228760733631876,0.638873447,0.181533997,0.220961566,0.0,0.0
0.8264268400000101,0.82233691,0.2336515665,0.231672221,0.0,0.0
0.8238453288302947,0.90400632675,0.32022046275,0.273894508,0.0,0.0
0.8128476174865389,0.6509674274999999,0.3385401385,0.301172751,0.0,0.0
0.808527618817267,0.419581413,0.305839645,0.326480029,0.0,0.0
0.8014323949763189,0.2037899555,0.313672316,0.366045113,0.0,0.0
0.7512425214601557,0.004507897,0.385312901,0.42269477,0.0,0.0
0.6155670189946241,0.0,0.45243457340000004,0.49967720699999996,0.0,0.0
0.6122443931945574,0.0296944555,0.3836591585,0.41901493300000003,0.0,0.0
0.729211826223408,0.25122175599999996,0.3136498175,0.37918285500000004,0.0,0.0
0.80584241552691,0.471573103,0.266569084,0.346899134,0.0,0.0
0.8236963286730843,0.679126721,0.250673639,0.3113741965,0.0,0.0
0.8267605320804255,0.8692079736666667,0.22123559666666667,0.28082472399999997,0.0,0.0
0.8200046085889028,0.816536443,0.225954626,0.35354186200000004,0.0,0.0
0.8130702719744689,0.6064287660000001,0.2178428455,0.41910878799999995,0.0,0.0
0.8089096516783914,0.374372008,0.188505557,0.421599343,0.0,0.0
0.8015443622678059,0.175803192,0.174791299,0.3848766425,0.0,0.0
0.6871976106184099,0.003683381,0.2004120025,0.35379872100000004,0.0,0.0
0.5623729681436492,0.0,0.14226151325,0.211717279,0.0,0.0
0.5672802465341527,0.10464741450000001,0.100654907,0.148885826,0.0,0.0
0.6233107296057004,0.3793468585,0.0803652325,0.152238602,0.0,0.0
0.6824362691943748,0.616391506,0.095750263,0.169505557,0.0,0.0
0.6923249145975197,0.78210668,0.12514069,0.1870406765,0.0,0.0
0.6895101763016518,0.847930295,0.162817044,0.2510967905,0.0,0.0
0.6831743206860084,0.5674382689999999,0.15766489849999998,0.30702721899999996,0.0,0.0
0.6830960944227071,0.370042666,0.161605632,0.22802212,0.0,0.0
0.6816818958963651,0.1740698025,0.12495190449999999,0.178442719,0.0,0.0
0.6709842194258944,0.005887064500000001,0.1222134775,0.196494059,0.0,0.0
0.6065697076106095,0.0,0.12686276966666668,0.17982123533333336,0.0,0.0
0.5607834121292279,0.01155981,0.170753061,0.25558403749999997,0.0,0.0
0.5871068687133565,0.17140754149999998,0.18843323099999998,0.2840689705,0.0,0.0
0.6609578895593964,0.2649446505,0.19404497,0.275965076,0.0,0.0
0.6910299299016327,0.5174339935000001,0.2739689825,0.3278535265,0.0,0.0
0.6871324944785288,0.5171652372500001,0.39689480174999997,0.5226296745000001,0.0,0.0
0.6827610154983401,0.353261413,0.4619071065,0.644756783,0.0,0.0
0.6818501744380403,0.16878891366666668,0.45673509999999995,0.6931903886666667,0.0,0.0
0.6583570847323681,0.003904275,0.50261090725,0.75083078525,0.0,0.0
0.5964321038622132,0.0,0.5667582526666667,0.766979537,0.0,0.0
0.6397804667302199,0.04276265466666667,0.5000629036666667,0.613226907,0.0,0.0
0.7840337575469414,0.21159202049999998,0.4386398715,0.5582858159999999,0.0,0.0
0.8226587224552881,0.399154426,0.385449573,0.486294605,0.0,0.0
0.8218913190397984,0.47008603150000006,0.20978591275,0.31085202824999997,0.0,0.0
0.8138820690994675,0.4327122325,0.193305279,0.3261952035,0.0,0.0
0.8099770670764743,0.27304914950000003,0.2004531275,0.3331817145,0.0,0.0
0.8015803435366395,0.1259329725,0.2218463175,0.39563147750000005,0.0,0.0
0.7519380537149439,0.00810063,0.27851570150000005,0.505180199,0.0,0.0
0.6311490949709507,0.0,0.210312383,0.42916183900000004,0.0,0.0
0.6035055956545543,0.0128703945,0.1808520265,0.4335919835,0.0,0.0
0.6945729012917707,0.13288353,0.216758508,0.474665627,0.0,0.0
0.7870163667369394,0.279496791,0.2052501255,0.462752328,0.0,0.0
0.8246559372372146,0.37701949749999997,0.237018999,0.39559243,0.0,0.0
0.8284564014102609,0.4413840525,0.25962063700000004,0.3794550440000001,0.0,0.0
0.8196333654188095,0.5216752259999999,0.3654909415,0.4884229065,0.0,0.0
0.8140521916795911,0.394741976,0.4235215115,0.5759701745000001,0.0,0.0
0.8045566891496444,0.18653066699999998,0.548739381,0.7031923965,0.0,0.0
0.7535361820704403,0.0066061025,0.5650190225,0.7002888795,0.0,0.0
0.6317877062755366,0.0,0.562214145,0.6814977646666667,0.0,0.0
0.6037378283362258,0.01884615825,0.53180891025,0.6924090165,0.0,0.0
0.6979489275230241,0.186009273,0.502289594,0.719050748,0.0,0.0
0.7897006555887558,0.40151695249999997,0.4360566665,0.703092917,0.0,0.0
0.8286286956332777,0.702098089,0.4389182265,0.6794708665,0.0,0.0
0.8317470280300021,0.885406336,0.45337215780000006,0.6243463248000001,0.0,0.0
0.8200228506864862,0.6434880435,0.43338235950000004,0.5903512195,0.0,0.0
0.8150605831318803,0.417392486,0.414049557,0.585506441,0.0,0.0
0.8055464269178224,0.20712233349999998,0.433460397,0.5856394125,0.0,0.0
0.7549416480951858,0.009196477000000002,0.461363845,0.6148981010000001,0.0,0.0
0.6236884534427557,0.0,0.49982353974999993,0.6814958922500001,0.0,0.0
0.5971583672669654,0.0,0.503742075,0.704452567,0.0,0.0
0.6616103538696226,0.13408127450000001,0.498744457,0.7364657219999999,0.0,0.0
0.7886994421520005,0.38133818350000004,0.4710163825,0.7388954325,0.0,0.0
0.8243528620267191,0.6652043985,0.4816188565,0.669578836,0.0,0.0
0.8278792905567558,0.8231525716666667,0.411831463,0.48695926866666667,0.0,0.0
0.8204039234763274,0.7747749925,0.387392019,0.433463117,0.0,0.0
0.8144363734415576,0.5489179479999999,0.3762253745,0.414421029,0.0,0.0
0.8099440118771939,0.36683946,0.353139285,0.430724277,0.0,0.0
0.8021119710069138,0.170135661,0.3762520995,0.475163972,0.0,0.0
0.7521042214821563,0.00821191,0.42270461400000003,0.5780089724999999,0.0,0.0
0.6297710454546471,0.0,0.44888063933333333,0.6654814503333334,0.0,0.0
0.6019233662222014,0.017384437,0.33999357100000005,0.44884323100000006,0.0,0.0
0.7274359400529837,0.19324418100000001,0.223404235,0.2925831575,0.0,0.0
0.8145071930796899,0.49372422699999996,0.1512365785,0.2367730455,0.0,0.0
0.8286347763076987,0.7435033325,0.16178409,0.1970344045,0.0,0.0
0.8286151855173165,0.8708330595,0.14111829574999998,0.15553952699999998,0.0,0.0
0.8183972905125396,0.6346439285,0.080709915,0.162857085,0.0,0.0
0.8068818048404042,0.27504132066666664,0.08635947566666667,0.24437841766666665,0.0,0.0
0.7504112935566556,0.0087268775,0.101568006,0.22991143349999998,0.0,0.0
0.6057343496714033,0.0,0.09004949066666668,0.12565701766666668,0.0,0.0
0.5595059723681537,0.02207438575,0.05780188025,0.0812271945,0.0,0.0
0.5924021349635622,0.247861426,0.041715231500000005,0.085579521,0.0,0.0
0.6667532138945835,0.540152704,0.024791151,0.054486495499999996,0.0,0.0
0.7012748909197153,0.7890102050000001,0.015096772,0.033058223,0.0,0.0
0.7014922533101209,0.8721660115000001,0.009822181499999999,0.05059206975,0.0,0.0
0.6929262186577505,0.6061932545,0.022557656000000002,0.066902122,0.0,0.0
0.6854621748642495,0.25221202800000003,0.04771595433333333,0.078491808,0.0,0.0
0.6704230342756602,0.0089793145,0.07900465549999999,0.107225457,0.0,0.0
0.5878387799404502,0.0,0.1501530278,0.2330116414,0.0,0.0
0.5604581286372123,0.042445755,0.190489272,0.2514184615,0.0,0.0
0.5915113344065516,0.2219404455,0.1430039305,0.254568412,0.0,0.0
0.6452906531396481,0.384657922,0.123516641,0.251648939,0.0,0.0
0.6883641804291099,0.5669893945,0.141726854,0.268135692,0.0,0.0
0.6990063303987869,0.7491949885,0.178175288,0.3274430205,0.0,0.0
0.6976607570513127,0.819424503,0.2191823015,0.375330426,0.0,0.0
0.6908479659221076,0.645902362,0.2767804975,0.4485666895,0.0,0.0
0.684819997368268,0.37804793633333333,0.342194162,0.5669402493333334,0.0,0.0
0.6718625043114246,0.03506741175,0.3768682485,0.6475392055,0.0,0.0
0.6038615684293597,0.0,0.41564041725,0.6987043132499999,0.0,0.0
0.6112422653935818,0.026702267,0.422806057,0.6978837995,0.0,0.0
0.7274401462919016,0.158931604,0.43590726150000003,0.6784797444999999,0.0,0.0
0.8040231415368039,0.295476787,0.408754232,0.625670579,0.0,0.0
0.8237481289706019,0.518696279,0.3851662775,0.5866801465,0.0,0.0
0.8239901319345921,0.8349676322,0.40142112399999996,0.513464126,0.0,0.0
0.8124645330656852,0.646917479,0.38100806200000004,0.5128780589999999,0.0,0.0
0.8077650160183144,0.426626016,0.338989391,0.498586361,0.0,0.0
0.8003710602526568,0.210840425,0.3045467945,0.491430074,0.0,0.0
0.7496969705708878,0.0115945545,0.28890972800000003,0.470550431,0.0,0.0
0.6147962872651311,0.0,0.16419879220000003,0.3268968714,0.0,0.0
0.6109862813896734,0.0460370365,0.18869892700000002,0.45443190499999997,0.0,0.0
0.7273537362347204,0.24708875000000002,0.27929071,0.5273528255,0.0,0.0
0.8056337514135441,0.472015788,0.330900475,0.491163526,0.0,0.0
0.8240041586815734,0.680216122,0.30256059199999996,0.3991463985,0.0,0.0
0.8239254981640141,0.875465736,0.180377396,0.2526655505,0.0,0.0
0.8135292510038503,0.7582651915,0.0891960695,0.1931652585,0.0,0.0
0.8071290564170366,0.5014103475,0.08384074,0.20705861650000001,0.0,0.0
0.7993158520591196,0.214827808,0.1117766465,0.193562403,0.0,0.0
0.7477078253523439,0.0132797065,0.158875608,0.2139502295,0.0,0.0
0.6146569613459509,0.0,0.1599615228,0.3093093778,0.0,0.0
0.6378664006516991,0.09306766799999999,0.15047465000000002,0.31815364533333335,0.0,0.0
0.7831638965474321,0.3887866105,0.11260919050000001,0.27963019899999997,0.0,0.0
0.8225835594570493,0.612122263,0.097424094,0.223308829,0.0,0.0
0.8253372048750611,0.777061731,0.07852166399999999,0.1780526895,0.0,0.0
0.8214198128935909,0.8203532582499999,0.07467734325,0.15534213975,0.0,0.0
0.8103111402224953,0.57304863,0.11154911,0.19289736200000002,0.0,0.0
0.806423054420658,0.372656646,0.125592851,0.201472465,0.0,0.0
0.7998719394225872,0.2062154515,0.1555301025,0.2383069215,0.0,0.0
0.6965932044205602,0.00667756075,0.236204582,0.37032072675,0.0,0.0
0.6014588300240588,0.018116929400000002,0.1792019958,0.2671195536,0.0,0.0
0.7293505395044397,0.2298539065,0.13106778349999998,0.22034587249999998,0.0,0.0
0.8067094419453124,0.451238729,0.110145719,0.21256345,0.0,0.0
0.8258110885689062,0.6552049099999999,0.1214199145,0.2178706805,0.0,0.0
0.8258349541365044,0.878039903,0.08092607700000001,0.1639753372,0.0,0.0
0.8141545121795819,0.648839131,0.077368004,0.185084311,0.0,0.0
0.8090510167122782,0.421211973,0.080896737,0.187015677,0.0,0.0
0.8011361319762127,0.2128676785,0.0895653935,0.18353494399999998,0.0,0.0
0.6967310833061519,0.0073208755,0.08574620375,0.19644660225,0.0,0.0
0.5958099706350893,0.0,0.02550176975,0.09090057625,0.0,0.0
0.6578863557548715,0.1500149615,0.0146687075,0.031380359,0.0,0.0
0.7889947907878865,0.403244624,0.0151686655,0.032377859999999994,0.0,0.0
0.8321936962670259,0.7522255750000001,0.014348511,0.027221008666666668,0.0,0.0
0.8323707530173604,0.84655544225,0.021789444249999998,0.059624736250000004,0.0,0.0
0.8185973594684592,0.5549892734999999,0.052656088000000004,0.128534851,0.0,0.0
0.8067841172776791,0.20386767533333336,0.06730077066666666,0.13144684966666667,0.0,0.0
0.7506017156467586,0.0109308815,0.078231331,0.12174485600000001,0.0,0.0
0.5825303144169943,0.0,0.09020488533333333,0.09480960683333332,0.0,0.0
0.5685002510600525,0.06744849,0.08655969250000001,0.12016682,0.0,0.0
0.6300764066376269,0.25302140700000003,0.05312128,0.125771886,0.0,0.0
0.6913875485766267,0.47813765799999997,0.0430937145,0.09046267250000001,0.0,0.0
0.6967817749286914,0.5777205325,0.045513339,0.06591604074999999,0.0,0.0
0.6909060755036813,0.522915965,0.043815320000000005,0.110677491,0.0,0.0
0.6866514329549509,0.372279444,0.048467587,0.128604575,0.0,0.0
0.682040200325944,0.1817331685,0.0624681905,0.131290644,0.0,0.0
0.6486079298161261,0.008067503,0.06006207825,0.10711585775000002,0.0,0.0
0.5643580024516105,0.03744998283333333,0.05141284633333334,0.10955960166666667,0.0,0.0
0.6278320317675139,0.273511332,0.030461355500000002,0.068562066,0.0,0.0
0.6874679619872512,0.321566201,0.027022238,0.076587247,0.0,0.0
0.6916478835213252,0.30072103333333333,0.084574999,0.16046610033333333,0.0,0.0
0.684232112034646,0.1906638815,0.108447918,0.2552817375,0.0,0.0
0.6814905137349789,0.149651804,0.146265566,0.26206969049999995,0.0,0.0
0.6798873561409237,0.12905867299999998,0.157351456,0.2534184463333333,0.0,0.0
0.6688679051183303,0.0113847085,0.2252481705,0.38042376349999996,0.0,0.0
0.6120587868947455,0.0,0.46171898333333333,0.6986604796666667,0.0,0.0
0.6578193308434496,0.0607497905,0.553122627,0.7634906205,0.0,0.0
0.7817615394204915,0.199005444,0.592245036,0.784923421,0.0,0.0
0.8223405598263974,0.450346515,0.643463189,0.8026639545,0.0,0.0
0.8233595124344029,0.5223922999999999,0.656995048,0.826537608,0.0,0.0
0.8163481992546573,0.504398759,0.7818896913333333,0.8967170366666667,0.0,0.0
0.8075891327132103,0.3472202845,0.821815105,0.916998932,0.0,0.0
0.8012695417019874,0.13181052133333335,0.7641976766666666,0.9007249109999999,0.0,0.0
0.7473481264485827,0.0103095045,0.6866996535,0.8736069369999999,0.0,0.0
0.6119575865522385,0.0,0.4993710591666667,0.7466878973333332,0.0,0.0
0.6579004831019835,0.1013842195,0.3759086975,0.590961624,0.0,0.0
0.7819276387385901,0.2078022605,0.301203171,0.428716842,0.0,0.0
0.8227713451290787,0.2922528096666666,0.16450969833333332,0.2688649703333334,0.0,0.0
0.8186146872018225,0.39352061675000005,0.1699192565,0.26527926575,0.0,0.0
0.806875952701298,0.30689425533333337,0.21750186033333332,0.286327795,0.0,0.0
0.7987897566298701,0.1257643105,0.2232073645,0.32342586149999997,0.0,0.0
0.7478715700506569,0.012800767,0.2562370365,0.3614156785,0.0,0.0
0.6119240664786838,0.0,0.3225610883333333,0.4490431158333334,0.0,0.0
0.657669324870733,0.096742129,0.3392157985,0.439955487,0.0,0.0
0.7823515507890375,0.3094871585,0.3695556125,0.402091669,0.0,0.0
0.822389342640236,0.5739047595,0.406722711,0.407861151,0.0,0.0
0.8237856190927555,0.739530696,0.47872488700000004,0.46982766600000003,0.0,0.0
0.8150033878773666,0.7214473694999999,0.576480807,0.6010362604999999,0.0,0.0
0.8053343336599292,0.3982186335,0.5676434785,0.65783961,0.0,0.0
0.7989505524422585,0.1397553875,0.532595502,0.6657533535,0.0,0.0
0.7469752601946724,0.011687393,0.3630305315,0.548706227,0.0,0.0
0.6146621002170499,0.0,0.34897974880000004,0.615794905,0.0,0.0
0.6378887880454496,0.026087547,0.3630552186666667,0.5553372976666666,0.0,0.0
0.7817317074238335,0.145502302,0.539953412,0.65657209,0.0,0.0
0.8233255275361208,0.310589118,0.6591932786666667,0.7560181073333333,0.0,0.0
0.8242209153233342,0.4992756305,0.7410972535,0.783142722,0.0,0.0
0.8162699578299889,0.45165878,0.813380846,0.8120673270000001,0.0,0.0
0.8081021979878199,0.13893554,0.8203164345,0.8289112445,0.0,0.0
0.8033270606486195,0.0530799815,0.809763687,0.8382515525,0.0,0.0
0.7644627993478849,0.017356769666666664,0.6659684976666665,0.8364569153333333,0.0,0.0
0.6201972023813551,0.0,0.4373564755,0.68931947725,0.0,0.0
0.6265970197548387,0.07226020799999999,0.305600212,0.475825063,0.0,0.0
0.7817099220255461,0.36700283850000004,0.299601967,0.4204261185,0.0,0.0
0.8230468513503882,0.6225166503333334,0.3029431693333333,0.357761636,0.0,0.0
0.8191417655558867,0.679493193,0.26400435400000005,0.25147879775,0.0,0.0
0.8073206520019173,0.3517150703333333,0.19784569666666665,0.19696619833333331,0.0,0.0
0.7991513529341466,0.144181382,0.11579194649999999,0.140665455,0.0,0.0
0.7471625276799074,0.0104705345,0.093114535,0.135405891,0.0,0.0
0.6223548471705258,0.0,0.0947960195,0.140073416,0.0,0.0
0.5618236929162506,0.0,0.074980679,0.12634176375,0.0,0.0
0.5655154015550864,0.07504182699999999,0.0590764945,0.0819071205,0.0,0.0
0.6196999331704175,0.1716920875,0.06218159200000001,0.0697113245,0.0,0.0
0.6802003067277771,0.330720926,0.07385129,0.080523772,0.0,0.0
0.6899731100324639,0.46639409275,0.14341108375,0.14403660950000002,0.0,0.0
0.6824252660055289,0.24636425233333334,0.2204650406666667,0.23726438066666666,0.0,0.0
0.6810655957575446,0.090879719,0.234429179,0.29933276350000004,0.0,0.0
0.6805838484422215,0.0496380495,0.25953792249999996,0.4083369095,0.0,0.0
0.6460380771804001,0.0042539835,0.219229355,0.49182372124999996,0.0,0.0
0.5620772081070365,0.0,0.15386345124999998,0.37296104625,0.0,0.0
0.5657918679715465,0.083288736,0.1824539095,0.3096656135,0.0,0.0
0.6194373198586918,0.237477422,0.24345418200000002,0.375381401,0.0,0.0
0.6848571674914342,0.4093944195,0.3511927225,0.444186302,0.0,0.0
0.6897399439233823,0.6334511163333333,0.5491025876666666,0.6426845273333334,0.0,0.0
0.6828687765509096,0.6423903445,0.683074508,0.798933427,0.0,0.0
0.6809237430577856,0.42840436433333334,0.6084856943333333,0.7399005923333334,0.0,0.0
0.6801543813857371,0.12247487600000001,0.5092112715,0.6796722245,0.0,0.0
0.6669208371778225,0.010158365666666667,0.3926463093333334,0.626614717,0.0,0.0
0.6055986158467649,0.013738042499999999,0.3247177578333333,0.5755770503333333,0.0,0.0
0.7267311268118438,0.17784557750000002,0.366905967,0.5617143685,0.0,0.0
0.8020297671886505,0.264984278,0.478600604,0.5915573,0.0,0.0
0.8224940862834467,0.284773626,0.5546076875,0.6384897174999999,0.0,0.0
0.8211442609156714,0.1612411325,0.6450506145000001,0.69067887725,0.0,0.0
0.810521953162383,0.16867151600000002,0.5999961224999999,0.76215511,0.0,0.0
0.8053294416664265,0.2011793785,0.562011967,0.7566941425,0.0,0.0
0.7987932313328194,0.1164569535,0.509848299,0.7264855465,0.0,0.0
0.7495056798236275,0.013797497,0.548352325,0.765984208,0.0,0.0
0.612117902353759,0.0,0.6231476283333334,0.8535953961666666,0.0,0.0
0.6578387616962716,0.04972995399999999,0.6481757195,0.876031964,0.0,0.0
0.7819140143178114,0.1197649295,0.7426597925,0.8954754764999999,0.0,0.0
0.822786554482522,0.41087486349999996,0.6913602875,0.8787843725,0.0,0.0
0.821854583381465,0.74071302075,0.6658798515,0.8148176145,0.0,0.0
0.8110718685116242,0.6645635795,0.671731088,0.8358489835,0.0,0.0
0.8055935180500889,0.46726107549999996,0.631275714,0.8258679105,0.0,0.0
0.798749066270106,0.194920397,0.581716973,0.8052268785,0.0,0.0
0.7465801286554739,0.020771841,0.485469596,0.7633206210000001,0.0,0.0
0.6292014555311285,0.0,0.39872088299999997,0.6949245723333334,0.0,0.0
0.6018133191476011,0.0060262795,0.23322989375000003,0.46477572575000003,0.0,0.0
0.7269475861718944,0.061799204,0.2573720305,0.37206496099999997,0.0,0.0
0.812041809696156,0.119054715,0.5254857230000001,0.5590245675000001,0.0,0.0
0.8242317508700691,0.30027683699999996,0.7916246625,0.82782795,0.0,0.0
0.8232355513123176,0.5963711653333333,0.853464007,0.87919612,0.0,0.0
0.8135937155765431,0.35559319450000004,0.8201346345,0.889337377,0.0,0.0
0.8066680656823224,0.1479568955,0.8007235575,0.8932633375000001,0.0,0.0
0.7995369519866666,0.053265028,0.787826565,0.8896114150000001,0.0,0.0
0.7501077840175814,0.008737946,0.781088696,0.8723233415,0.0,0.0
0.6449735421448073,0.0,0.6882961415,0.8410742365,0.0,0.0
0.5959335621245283,0.0,0.605014441,0.8251655652500001,0.0,0.0
0.657949311622885,0.034537395,0.5071440359999999,0.766643339,0.0,0.0
0.7846404108942657,0.170187709,0.503087465,0.707699831,0.0,0.0
0.825895715456069,0.42769738850000005,0.5505863235,0.7478297110000001,0.0,0.0
0.8243394052728249,0.6957901873333334,0.7991617839999999,0.839685602,0.0,0.0
0.8152834203737417,0.6053657214999999,0.8431186505,0.8696422225,0.0,0.0
0.8101314164836179,0.484756253,0.886723706,0.912288021,0.0,0.0
0.8102482300615448,0.320461556,0.884202824,0.925228495,0.0,0.0
0.802171680781613,0.1668672275,0.853485423,0.9259489464999999,0.0,0.0
0.7394525810768932,0.02606182,0.804209413,0.915677296,0.0,0.0
0.6438978743550898,0.0,0.7408202015,0.918856429,0.0,0.0
0.5953004600693695,0.00025469025,0.6195729925,0.8759595379999999,0.0,0.0
0.6580421224525684,0.131868854,0.525281377,0.8099116024999999,0.0,0.0
0.7832469233157899,0.346255991,0.49137688749999997,0.751567444,0.0,0.0
0.822555213274379,0.638779131,0.4718786765,0.6527281345,0.0,0.0
0.8208774184743362,0.8106886502499999,0.67559716325,0.678596852,0.0,0.0
0.8105743478746801,0.6052587629999999,0.8361098285,0.7908741365,0.0,0.0
0.8069363483049026,0.35321103200000004,0.856004445,0.8286264825,0.0,0.0
0.8004392739193175,0.183241396,0.8433647824999999,0.8546371075000001,0.0,0.0
0.7403997081197795,0.0243906775,0.8516509505000001,0.8600139175,0.0,0.0
0.6054716448960046,0.0,0.852327707,0.8611974273333333,0.0,0.0
0.5614170605881702,0.047109629,0.7950004108,0.799176412,0.0,0.0
0.6204015003925638,0.312202842,0.6938823865,0.665521542,0.0,0.0
0.6857633297835379,0.4883591995,0.6444214075,0.6176424629999999,0.0,0.0
0.6867014044943,0.481829356,0.636132859,0.5966731982,0.0,0.0
0.6809482564369131,0.3324535515,0.6485661645,0.6066287429999999,0.0,0.0
0.6832678629030194,0.213213375,0.637436105,0.617216523,0.0,0.0
0.6824052255517865,0.1066727035,0.6100936305,0.640148946,0.0,0.0
0.6462095256369513,0.00580650125,0.62538986925,0.6961047894999999,0.0,0.0
0.5627787638219032,0.0,0.5743606293333333,0.5868963186666667,0.0,0.0
0.563271224848007,0.049578671,0.4221894813333333,0.44659723133333334,0.0,0.0
0.6204522720210435,0.1863556765,0.33253625,0.34227538,0.0,0.0
0.6854259878021521,0.348206178,0.237475875,0.256868716,0.0,0.0
0.6904388897897284,0.541725572,0.2143279885,0.231293758,0.0,0.0
0.6848419999556181,0.6225820049999999,0.167027487,0.22857189249999998,0.0,0.0
0.6823259935101393,0.385515488,0.18294704950000001,0.2888305,0.0,0.0
0.6811054632415349,0.19004011,0.20127945,0.329585926,0.0,0.0
0.6695866628783306,0.03794733425,0.24779255625000002,0.363149284,0.0,0.0
0.6056422628217779,0.004341490833333334,0.27852537066666666,0.37075071100000007,0.0,0.0
0.7266829840455273,0.09200805549999999,0.25628266899999996,0.33274144400000005,0.0,0.0
0.8019832246154597,0.333865089,0.229089176,0.291006469,0.0,0.0
0.8227306851415961,0.5035013964999999,0.217109886,0.278991361,0.0,0.0
0.8236620161208106,0.7349105704999999,0.202195617,0.27348084525,0.0,0.0
0.8164339996613712,0.68946608,0.2201075,0.2935695765,0.0,0.0
0.8110063523792019,0.45855360850000004,0.187435672,0.28712628900000003,0.0,0.0
0.801246316172002,0.2061959505,0.220587519,0.31391997699999996,0.0,0.0
0.74980006831391,0.028766121500000002,0.21054040699999998,0.2911748195,0.0,0.0
0.6119838525061417,0.0,0.12429056916666666,0.19257938183333334,0.0,0.0
0.6578695309478415,0.143736595,0.07930722600000001,0.107424768,0.0,0.0
0.7838575085853339,0.37667168900000003,0.053049632,0.062213403,0.0,0.0
0.8267460999700136,0.6601108019999999,0.0496934945,0.0498730975,0.0,0.0
0.832690515913697,0.8573287445,0.0387250965,0.04304956,0.0,0.0
0.8264989550431946,0.8238953996666666,0.03854540533333333,0.07564094266666667,0.0,0.0
0.8157270375937093,0.5530330975,0.03820672,0.089579484,0.0,0.0
0.8114777213670604,0.392761024,0.043181459,0.0710922,0.0,0.0
0.8035938344922,0.21075489,0.060304474999999996,0.061968914,0.0,0.0
0.7505483151561154,0.0265540835,0.0818309605,0.0921015355,0.0,0.0
0.6122059353956635,0.0,0.055846338333333335,0.09072798300000001,0.0,0.0
0.657876251744105,0.12486827550000001,0.047046182,0.052868609,0.0,0.0
0.7851737984952257,0.34517730950000003,0.038961383,0.054935576,0.0,0.0
0.8246966277456196,0.576573798,0.044225013,0.058309579,0.0,0.0
0.8305195666531882,0.7452679755,0.0525133815,0.0576639515,0.0,0.0
0.8272689035245655,0.7713811805,0.06622852875,0.06867922174999999,0.0,0.0
0.8149660806206249,0.5358958730000001,0.0819601695,0.0921340895,0.0,0.0
0.8091283742441016,0.299280019,0.0928685705,0.107279599,0.0,0.0
0.7826296631056862,0.09527640700000001,0.079461585,0.09787865949999999,0.0,0.0
0.6973380223783598,0.0,0.059414064,0.090687929,0.0,0.0
0.6056541270375505,0.016931051166666666,0.04848415383333333,0.07441170783333333,0.0,0.0
0.7310516055910777,0.2539459255,0.041544789,0.078079781,0.0,0.0
0.8081565586240664,0.471446729,0.033082129,0.092519764,0.0,0.0
0.8304521759366219,0.6864224299999999,0.0406423705,0.1109513245,0.0,0.0
0.8357657072494231,0.8845370225,0.0379952015,0.1192486905,0.0,0.0
0.832908598357565,0.919441365,0.0702493955,0.18188042999999998,0.0,0.0
0.8244350201379196,0.7725398370000001,0.124257301,0.249490811,0.0,0.0
0.8182179325788067,0.5109822185,0.194616449,0.33972719500000004,0.0,0.0
0.8076103008803469,0.231259614,0.258460274,0.458398513,0.0,0.0
0.75307297398577,0.0305262945,0.360672627,0.59304638,0.0,0.0
0.6465063829031962,0.0,0.444739915,0.70592185,0.0,0.0
0.6016258254086884,0.018096189800000002,0.4198937916,0.7121587526000001,0.0,0.0
0.7324778969428276,0.235831955,0.378739116,0.6755148735000001,0.0,0.0
0.8072619175589623,0.447077298,0.394936388,0.645334806,0.0,0.0
0.8252700427681299,0.624303235,0.380796216,0.607462211,0.0,0.0
0.825093016563491,0.879568075,0.29138385475,0.5314896455,0.0,0.0
0.8141015688338887,0.799915643,0.27471551650000003,0.588938331,0.0,0.0
0.8077568321501142,0.536118841,0.2509748295,0.5650055615,0.0,0.0
0.7998778829758194,0.2432496605,0.2162936445,0.5144097940000001,0.0,0.0
0.7490589764479059,0.0301483435,0.2079697625,0.4575517255,0.0,0.0
0.6054078203460606,0.0,0.18205191833333334,0.26774329033333333,0.0,0.0
0.5593422047791491,0.02514997275,0.16370149550000002,0.127559096,0.0,0.0
0.5860067637724966,0.254584394,0.11568722149999999,0.111226873,0.0,0.0
0.6431538107867899,0.458299631,0.085587995,0.087550346,0.0,0.0
0.686914137755123,0.6723691430000001,0.0922326845,0.074342099,0.0,0.0
0.6919542657678855,0.8726903066666667,0.11145628466666667,0.10958621400000002,0.0,0.0
0.6860657192394486,0.8581136515000001,0.1338122155,0.248366414,0.0,0.0
0.6832971919733442,0.6657610675000001,0.171460962,0.36617429749999997,0.0,0.0
0.6825682158977597,0.453069341,0.200467084,0.411236663,0.0,0.0
0.6806156921442124,0.24585147699999998,0.1916487665,0.43123276450000003,0.0,0.0
0.6686898501703331,0.0309485715,0.209595314,0.45738278349999995,0.0,0.0
0.5925246520397403,0.0,0.22984373624999999,0.39611610249999996,0.0,0.0
0.5566119678060817,0.0,0.17751156299999998,0.260752139,0.0,0.0
0.5634076596629178,0.1438013255,0.142245568,0.20099324200000002,0.0,0.0
0.6215662070273051,0.38628890800000004,0.104355321,0.146030566,0.0,0.0
0.6856761424833256,0.66816657,0.1043135825,0.130430456,0.0,0.0
0.6903918786634021,0.8224680525,0.1090276855,0.14163790825,0.0,0.0
0.6852424236295014,0.7148532845,0.104903107,0.247644366,0.0,0.0
0.6841588005812187,0.554517451,0.114098642,0.312622295,0.0,0.0
0.6835886086870104,0.35321399600000003,0.11280178099999999,0.3327377405,0.0,0.0
0.6783128647037528,0.120942879,0.10285411450000001,0.3260691105,0.0,0.0
0.6206921017368194,0.00025850866666666665,0.09863138649999999,0.19977042316666668,0.0,0.0
0.6063828668980427,0.0480560055,0.102002648,0.147840973,0.0,0.0
0.7238350190931526,0.2572760285,0.10360996,0.15132158950000002,0.0,0.0
0.8125926393352969,0.5556839090000001,0.111893767,0.1504343575,0.0,0.0
0.8272643772618868,0.810404162,0.1348676475,0.1841660125,0.0,0.0
0.8292189356114589,0.9288483885000001,0.14543744549999998,0.251908311,0.0,0.0
0.8211026560430463,0.8754599224999999,0.19285762950000002,0.3819553725,0.0,0.0
0.8139010427330192,0.6706254265,0.2639551125,0.4627513105,0.0,0.0
0.810993002200801,0.452290967,0.300648454,0.485331754,0.0,0.0
0.8016891562232588,0.23854194099999998,0.2876244115,0.4790919725,0.0,0.0
0.69524102458164,0.01342407475,0.279681707,0.4986524155,0.0,0.0
0.5930887289606502,0.0,0.22727236900000003,0.39157269699999997,0.0,0.0
0.6532484229177031,0.1410128175,0.21638388,0.3124608995,0.0,0.0
0.7794251309637265,0.38249222400000005,0.1471007715,0.250828599,0.0,0.0
0.8231437616453086,0.687396452,0.10995260700000001,0.223835429,0.0,0.0
0.8284061098545829,0.89964485375,0.1056886105,0.2062298645,0.0,0.0
0.8192109621473618,0.794558114,0.1499672765,0.241761271,0.0,0.0
0.8129602706069314,0.5283921965,0.14914771799999998,0.22592711450000003,0.0,0.0
0.8014651759332216,0.2357813145,0.138743374,0.22859747,0.0,0.0
0.6948739534259077,0.01295672675,0.15264922525000002,0.268998764,0.0,0.0
0.5930535934582821,0.0,0.0997323185,0.16929601825,0.0,0.0
0.6529330262721647,0.10883166050000001,0.0665142585,0.0936970965,0.0,0.0
0.7782422279384645,0.26570080399999996,0.0602304585,0.08682970000000001,0.0,0.0
0.821625230987963,0.48327429650000003,0.06490404550000001,0.084727336,0.0,0.0
0.8237464145098189,0.69496564225,0.078726269,0.085561726,0.0,0.0
0.8142888363191239,0.6322176095,0.130545521,0.1469861445,0.0,0.0
0.807806712230745,0.4016560105,0.166177315,0.193825575,0.0,0.0
0.7980528024793494,0.144881022,0.1985787745,0.2537019485,0.0,0.0
0.7474252553707712,0.0114173375,0.192640681,0.326693758,0.0,0.0
0.6100054589513436,0.0,0.18854478616666667,0.30271538950000004,0.0,0.0
0.6534448114517301,0.034092883000000004,0.2149165215,0.2739647365,0.0,0.0
0.7774551194649354,0.10604287300000001,0.23970000200000002,0.26240124600000003,0.0,0.0
0.8203307721091011,0.213413943,0.2484644755,0.27974017549999997,0.0,0.0
0.8220304895029403,0.342387536,0.28735506050000004,0.32090919549999997,0.0,0.0
0.8153205751621263,0.452707716,0.3600931493333333,0.39187531433333334,0.0,0.0
0.8054218562939107,0.3666371016666667,0.4225677053333334,0.4511069003333333,0.0,0.0
0.7967272086180935,0.1119084695,0.42693147200000003,0.497828642,0.0,0.0
0.7463480788763743,0.0098825115,0.45249551,0.5474644795,0.0,0.0
0.6097906911737709,0.0,0.6221507048333333,0.5871621041666667,0.0,0.0
0.653312156028748,0.083556983,0.637964467,0.5825148535,0.0,0.0
0.7774594170436586,0.303573619,0.6499054195,0.6097074165,0.0,0.0
0.820801775440456,0.6012211415,0.6671483065,0.6052275055,0.0,0.0
0.82262141526048,0.8663469806666667,0.6193279006666668,0.5406585343333333,0.0,0.0
0.8148732241581989,0.8373899625000001,0.6858309265,0.6022867199999999,0.0,0.0
0.8073872806615929,0.63007161,0.726084378,0.686114397,0.0,0.0
0.8035855135771314,0.400129265,0.750443877,0.737881735,0.0,0.0
0.7968064863668037,0.190882357,0.697230681,0.7688025755,0.0,0.0
0.7453069522485658,0.020724931999999998,0.6933223205,0.710351028,0.0,0.0
0.5776303691204445,0.009730603,0.7278198998571429,0.7478406768571428,0.0,0.0
0.5828286347799494,0.2296582995,0.6899041834999999,0.7018982435000001,0.0,0.0
0.6368377402351262,0.448875214,0.64917396,0.63881386,0.0,0.0
0.6841593949959983,0.665254521,0.6024061860000001,0.5771800494999999,0.0,0.0
0.691819473038048,0.8644678320000001,0.5105648300000001,0.5289433240000001,0.0,0.0
0.6897303732360038,0.724842081,0.48324115700000003,0.5768881834999999,0.0,0.0
0.6874019201121246,0.432228429,0.466901798,0.6460806735,0.0,0.0
0.6832653025642902,0.192870176,0.421554704,0.6469363965,0.0,0.0
0.6466876725363218,0.0093124045,0.40025850650000006,0.61197102775,0.0,0.0
0.5604925554943037,0.0131615026,0.28110308559999997,0.42750974899999994,0.0,0.0
0.5831941857484964,0.2181514775,0.1800920535,0.2431367465,0.0,0.0
0.6379855764300952,0.376883551,0.141543889,0.184033274,0.0,0.0
0.6854800969380719,0.570457078,0.1180798165,0.16868980649999998,0.0,0.0
0.6954723276510171,0.8106951236666666,0.13638636266666668,0.1989785523333333,0.0,0.0
0.6924838130837132,0.752601791,0.21573625600000002,0.26296380750000004,0.0,0.0
0.688530645403712,0.5784572985,0.2963954075,0.30191977000000003,0.0,0.0
0.6860803038058307,0.410600983,0.356962628,0.381306637,0.0,0.0
0.6824635638173158,0.2260890375,0.436678358,0.5437231835,0.0,0.0
0.666510625726592,0.014496245,0.525911562,0.7131339096666668,0.0,0.0
0.600595234875748,0.0,0.61589207525,0.7527241902499999,0.0,0.0
0.6336221897429534,0.04045758033333333,0.7409004593333334,0.8353315526666667,0.0,0.0
0.7774755103147202,0.2050956725,0.7572253689999999,0.8435282675,0.0,0.0
0.8187966054742847,0.360879377,0.738192303,0.803851527,0.0,0.0
0.8220048407801879,0.530772626,0.7020766110000001,0.743318951,0.0,0.0
0.8171629300670528,0.75983027925,0.6122511495,0.55753305075,0.0,0.0
0.8064935083279663,0.5396558305,0.578510454,0.508635855,0.0,0.0
0.8033439311627124,0.294551358,0.514903042,0.508554813,0.0,0.0
0.7969203281681145,0.12149068999999998,0.372859585,0.4845415005,0.0,0.0
0.7451517113678938,0.009088233,0.25917245850000004,0.4809286195,0.0,0.0
0.6271985410660661,0.0,0.23886479566666666,0.48026869733333327,0.0,0.0
0.5985115986284547,0.00909896325,0.2682653985,0.4683226815,0.0,0.0
0.7224135283207797,0.159795138,0.26174957,0.4625977095,0.0,0.0
0.8098204317959405,0.3784859465,0.2968705645,0.44252303849999997,0.0,0.0
0.8231723364376142,0.5555303085000001,0.399896474,0.4088258905,0.0,0.0
0.8208473426075821,0.6158237606666667,0.3325947216666667,0.29797902466666665,0.0,0.0
0.811091116461874,0.54997536,0.199922661,0.238267327,0.0,0.0
0.8057210300535619,0.335336753,0.113180786,0.233648566,0.0,0.0
0.7975225924482694,0.1195817945,0.098375907,0.23758474950000003,0.0,0.0
0.7480078601884688,0.011907272,0.1473799935,0.263396998,0.0,0.0
0.6118812032904389,0.003833502,0.20150409257142857,0.2887954938571428,0.0,0.0
0.7288580480565077,0.146652275,0.144777622,0.3037974615,0.0,0.0
0.8028869180572806,0.356045588,0.127085744,0.272843642,0.0,0.0
0.8279446390470668,0.5316197764999999,0.15806700299999998,0.23508308,0.0,0.0
0.8346090929696621,0.6479364950000001,0.14243390166666667,0.16465081700000003,0.0,0.0
0.8264144956742755,0.626299757,0.1355527125,0.2914637125,0.0,0.0
0.8150646521009683,0.464585563,0.1121770595,0.31580253599999997,0.0,0.0
0.8049817899305571,0.20252806966666667,0.08950702833333335,0.2635222373333333,0.0,0.0
0.720776843022939,0.008934838333333334,0.05759349833333333,0.168278301,0.0,0.0
0.6032498707192694,0.007877273666666667,0.04407745216666666,0.09802687349999999,0.0,0.0
0.7303763728462689,0.19734575,0.0657145945,0.136210744,0.0,0.0
0.8200377095695666,0.5205405525,0.053726205,0.114734901,0.0,0.0
0.8392507747026104,0.7670957700000001,0.0595118605,0.105857882,0.0,0.0
0.8402470809349488,0.7135269546666666,0.040525909666666665,0.11157694333333334,0.0,0.0
0.8257684321365517,0.5873086765,0.0860582555,0.2103588025,0.0,0.0
0.8177498553170048,0.41778331,0.13491832450000002,0.264905047,0.0,0.0
0.8054661890235086,0.198891444,0.14951798900000002,0.31315452850000003,0.0,0.0
0.7031923821418469,0.00702235375,0.12093973749999999,0.28172284999999997,0.0,0.0
0.5945104025984352,0.0,0.20739215725000004,0.36605360375,0.0,0.0
0.6544581176395727,0.106436284,0.247640339,0.4203501585,0.0,0.0
0.782973817371782,0.3443960565,0.1977048965,0.330109898,0.0,0.0
0.8248755742414657,0.565050539,0.17228104,0.2584448,0.0,0.0
0.8329944597070295,0.7697400885,0.1753164825,0.2774454395,0.0,0.0
0.8320906291068595,0.8758172559999999,0.2851407195,0.41198310825,0.0,0.0
0.8159581958992802,0.6497910275000001,0.4179630395,0.5521881470000001,0.0,0.0
0.8096515892365406,0.42692837,0.425698091,0.61128777,0.0,0.0
0.7992982499347379,0.209792731,0.42916493,0.6331531115,0.0,0.0
0.7477307993572291,0.0119496435,0.418684616,0.6249912559999999,0.0,0.0
0.5857012700415118,0.0,0.40108428920000005,0.5852503539999999,0.0,0.0
0.5584992497439051,0.0195793045,0.3820880765,0.564677724,0.0,0.0
0.5828066435883982,0.1595089375,0.38478274749999997,0.4762421165,0.0,0.0
0.6367894603476211,0.244583469,0.370377118,0.428997987,0.0,0.0
0.683884711675236,0.3092166875,0.351592115,0.416554855,0.0,0.0
0.6878657682071567,0.60688611575,0.31768903350000005,0.38304364700000004,0.0,0.0
0.683874493359652,0.6954977025,0.388260738,0.4148774615,0.0,0.0
0.6827563750051642,0.501105481,0.4412009455,0.44429958150000004,0.0,0.0
0.6805015303191405,0.1823042325,0.40555176049999997,0.4494328155,0.0,0.0
0.659980328425295,0.005615184666666666,0.33195529333333335,0.46855820666666664,0.0,0.0
0.5718500228199089,0.0,0.31449149425,0.44881252925000004,0.0,0.0
0.5584992497439051,0.0143929515,0.26579522,0.4181514595,0.0,0.0
0.5830663309048911,0.1568529205,0.2459254945,0.3486935055,0.0,0.0
0.6582367735979604,0.3730296065,0.2219293605,0.2764293635,0.0,0.0
0.6911034927067459,0.6069157515,0.1340676455,0.1693138175,0.0,0.0
0.6934686816747597,0.813250712,0.105743011,0.1248538595,0.0,0.0
0.6900274440248371,0.7540479756666668,0.10802155633333332,0.11678416533333334,0.0,0.0
0.6882041617854322,0.505301808,0.09471137299999999,0.101652987,0.0,0.0
0.6836605256662555,0.22565593350000002,0.0905206645,0.083835948,0.0,0.0
0.6674089699804133,0.009698370666666666,0.07366822233333332,0.07230908633333334,0.0,0.0
0.6027152562614648,0.006186492500000001,0.06668527933333333,0.0918170615,0.0,0.0
0.7274606514465038,0.23291421950000002,0.0617938215,0.091326608,0.0,0.0
0.8159591102635004,0.5316428995,0.061220929,0.0989790525,0.0,0.0
0.835068757778402,0.7973023015,0.0637833365,0.1041057425,0.0,0.0
0.8346288209431668,0.87991013575,0.06350641125,0.11805466925000001,0.0,0.0
0.8215788256846019,0.6341181685,0.082821654,0.18327712499999999,0.0,0.0
0.8173032206133583,0.412256422,0.096735058,0.213600137,0.0,0.0
0.805877253970529,0.20801528349999998,0.117784003,0.2434115845,0.0,0.0
0.7498582693096096,0.012275313999999999,0.137132767,0.259641498,0.0,0.0
0.6134837416926997,0.0,0.117494744,0.2034662838,0.0,0.0
0.6071229299463683,0.0096587035,0.088953959,0.09816604300000001,0.0,0.0
0.7293920299979268,0.1569859985,0.066547121,0.0672718885,0.0,0.0
0.8203989857757616,0.4188428915,0.0423714855,0.041602746999999995,0.0,0.0
0.8404867583062352,0.6233322904999999,0.031649648,0.03831452675,0.0,0.0
0.829411872333228,0.5286346745,0.038402463,0.0559047065,0.0,0.0
0.8160804043227226,0.347914994,0.0286011495,0.038104490000000005,0.0,0.0
0.8113718348243147,0.232815172,0.022682976,0.040925191,0.0,0.0
0.8030031830761317,0.1377977285,0.0413366025,0.0647966845,0.0,0.0
0.7517148277772465,0.009640313499999999,0.0751663045,0.0921325295,0.0,0.0
0.6281290536683699,0.0,0.09407272,0.167346319,0.0,0.0
0.6127308953821943,0.0057893675,0.10962263750000001,0.171786455,0.0,0.0
0.7285576245245466,0.1134003735,0.1297605415,0.20948472,0.0,0.0
0.8123398100105766,0.2952426455,0.128531242,0.2408441845,0.0,0.0
0.8275278593050902,0.5343910775,0.1479665355,0.28732560549999997,0.0,0.0
0.8281891932009415,0.6668513437500001,0.220969682,0.315453541,0.0,0.0
0.8158897993300473,0.559665002,0.35337708599999995,0.431841535,0.0,0.0
0.8111056553211933,0.397121146,0.404199528,0.514670854,0.0,0.0
0.8016716455873233,0.21184680749999998,0.386959903,0.5737915605,0.0,0.0
0.7489863508977044,0.0109094445,0.3567088315,0.574261241,0.0,0.0
0.6132596425048427,0.0,0.3700502708,0.5833990790000001,0.0,0.0
0.6067860679263035,0.0125484015,0.3411835835,0.570941406,0.0,0.0
0.7226519330909982,0.197752619,0.319847251,0.561365346,0.0,0.0
0.8016921736326172,0.392247755,0.27526437,0.470778454,0.0,0.0
0.8230162040090931,0.6221377770000001,0.256994095,0.3937926305,0.0,0.0
0.8274373344726643,0.855702104,0.21256287833333332,0.2787488693333333,0.0,0.0
0.8211249215512956,0.8612688435,0.24813665,0.289979824,0.0,0.0
0.8138719193816379,0.661312743,0.3036019025,0.32520467799999997,0.0,0.0
0.8086880031917686,0.443168677,0.337554494,0.363661047,0.0,0.0
0.7994601430139188,0.2234175785,0.333826024,0.4112299455,0.0,0.0
0.7469493830109256,0.007572272,0.315231841,0.45779791049999996,0.0,0.0
0.6124725065624833,0.0,0.29188552659999994,0.42751810040000005,0.0,0.0
0.6066328844580273,0.0109984505,0.29474390650000004,0.392519293,0.0,0.0
0.7222597961447869,0.2224034995,0.24652093549999998,0.34794714449999997,0.0,0.0
0.8104525508891246,0.5138440559999999,0.228426871,0.2960250005,0.0,0.0
0.8256268385673502,0.7733530609999999,0.2537406745,0.31477464499999996,0.0,0.0
0.8260387263529841,0.86332690775,0.22910757,0.3324428465,0.0,0.0
0.8152010336529061,0.6283042715,0.230547844,0.347267848,0.0,0.0
0.8113283096604825,0.423738075,0.232599047,0.335174736,0.0,0.0
0.8022873970927477,0.2173622,0.2055681125,0.319976677,0.0,0.0
0.7482693533427105,0.006729743,0.19768321049999998,0.3422655905,0.0,0.0
0.6043935921142201,0.0,0.150613565,0.3110416833333333,0.0,0.0
0.5578579410041746,0.0049192435,0.14600987125000003,0.3026936955,0.0,0.0
0.5846467201634578,0.219010894,0.1182287475,0.252652626,0.0,0.0
0.6626670479514679,0.469944268,0.123787422,0.222429955,0.0,0.0
0.6985259317391024,0.797702971,0.14146747625,0.19403358699999998,0.0,0.0
0.6983489969114292,0.7544531825,0.211289181,0.207368385,0.0,0.0
0.6936620526507872,0.5508795345,0.22507548049999998,0.2267416985,0.0,0.0
0.6863169788424184,0.225057281,0.18272639933333332,0.225654189,0.0,0.0
0.6722031495756937,0.0040846595,0.18517459549999998,0.261327607,0.0,0.0
0.5785838839191413,0.0019080967142857143,0.14386124585714286,0.2679728247142857,0.0,0.0
0.5882724897123182,0.1598967145,0.156948757,0.31149502799999995,0.0,0.0
0.6428883628939573,0.35205224,0.18455986,0.306785727,0.0,0.0
0.6879992465430728,0.55301035,0.1902092705,0.283797112,0.0,0.0
0.6993754017773461,0.6915741585,0.23628382675,0.26506311825,0.0,0.0
0.6961593255176953,0.557260211,0.22766627,0.235384331,0.0,0.0
0.6912200548586664,0.41320575049999997,0.2612868095,0.2575467645,0.0,0.0
0.6845191167904512,0.1909058115,0.278931755,0.2904464965,0.0,0.0
0.6691715823242891,0.003727314666666667,0.269181496,0.35604061266666664,0.0,0.0
0.6013499510882105,0.0,0.23755767025,0.38408283325,0.0,0.0
0.6348642387729246,0.038689503,0.25370369333333337,0.43487671433333325,0.0,0.0
0.784072299154504,0.22099833400000002,0.297306363,0.435639063,0.0,0.0
0.8236898821935189,0.343149311,0.2967745,0.418700318,0.0,0.0
0.8298072096656904,0.482434746,0.2762833645,0.390554042,0.0,0.0
0.8297504716304471,0.5222882992500001,0.25320949775,0.2938400985,0.0,0.0
0.8207607192012271,0.4381215005,0.29249318950000003,0.3381401585,0.0,0.0
0.8148079366354118,0.258260858,0.266571311,0.35901901150000004,0.0,0.0
0.8025182353745575,0.124409322,0.228408612,0.354796335,0.0,0.0
0.729683522865258,0.004527229999999999,0.20196262833333334,0.33251943233333336,0.0,0.0
0.6074578869604605,0.0019614996666666665,0.1299080933333333,0.220593534,0.0,0.0
0.7325909843174783,0.193448279,0.099210999,0.156012449,0.0,0.0
0.817195413853726,0.384931368,0.0818893115,0.113500741,0.0,0.0
0.8382774960106385,0.7168146325,0.0631602,0.0820261165,0.0,0.0
0.8454855101427149,0.8584261176666667,0.071640976,0.07675002266666668,0.0,0.0
0.8363588275900946,0.7520420525,0.07248309550000001,0.0766145295,0.0,0.0
0.8282576355143976,0.482216767,0.063082928,0.076094606,0.0,0.0
0.8127356502693723,0.203450215,0.058420393,0.062298053000000006,0.0,0.0
0.7583606051498123,0.006137324499999999,0.0571835995,0.049902553,0.0,0.0
0.6423908879145293,0.0,0.04738795033333334,0.05623206633333333,0.0,0.0
0.6018628449055936,0.00248667675,0.06905556625,0.08092899375,0.0,0.0
0.7404835579125519,0.1824468835,0.0511440405,0.0472105455,0.0,0.0
0.8224859938293723,0.352751822,0.03646238,0.032655846,0.0,0.0
0.8463600345508653,0.5414155025,0.0384009165,0.034297487,0.0,0.0
0.8559730059914954,0.7747390073333333,0.027664270333333334,0.04660697899999999,0.0,0.0
0.8429168918454231,0.7846152065,0.061601689,0.0977789795,0.0,0.0
0.8322710843445451,0.575818801,0.1041100945,0.1595561335,0.0,0.0
0.8278690188295578,0.38162837,0.140758466,0.217826154,0.0,0.0
0.8143805498076946,0.198611393,0.15045174,0.260703682,0.0,0.0
0.7603178152522394,0.0055601209999999995,0.184650166,0.29648010599999997,0.0,0.0
0.6287994735808408,0.0,0.17533230300000002,0.23586455416666663,0.0,0.0
0.6656219739713298,0.080393457,0.18552359899999998,0.22774407800000002,0.0,0.0
0.7965590061805361,0.3386418505,0.134514242,0.18761470000000002,0.0,0.0
0.8416623462319346,0.636562921,0.11334191399999999,0.133568768,0.0,0.0
0.8512158897828606,0.8594379209999999,0.08159319025,0.0778897785,0.0,0.0
0.8373947878333818,0.753567054,0.0858762855,0.10529761,0.0,0.0
0.8293006822847723,0.45277800700000004,0.1145907465,0.146810292,0.0,0.0
0.8126557781058825,0.19321204349999999,0.188925382,0.2067961965,0.0,0.0
0.7349730971121051,0.003956080666666666,0.27476510066666665,0.3181036486666667,0.0,0.0
0.6195231263894089,0.0,0.24864469179999998,0.310765163,0.0,0.0
0.669904756983787,0.0805256065,0.2193012755,0.2960223165,0.0,0.0
0.8010317084310834,0.3521301115,0.14443446599999998,0.273469896,0.0,0.0
0.8440522465934686,0.6530514780000001,0.1571077735,0.243606979,0.0,0.0
0.8524724928830655,0.84915383525,0.2766453195,0.30425199225,0.0,0.0
0.8373276257264507,0.6923332664999999,0.368012135,0.349398776,0.0,0.0
0.8291223758364483,0.46130938,0.4278636945,0.449168977,0.0,0.0
0.8124016229790552,0.186067924,0.460277154,0.5696582855000001,0.0,0.0
0.7623485424527168,0.002630162,0.5090612155,0.6314759475,0.0,0.0
0.6527107605543911,0.0,0.56507777,0.6884765205000001,0.0,0.0
0.5939352653486573,0.0,0.45421357366666665,0.5473896503333333,0.0,0.0
0.5873260026426335,0.003527389,0.4852010945,0.642463235,0.0,0.0
0.6104656724430265,0.2034666505,0.5567471374999999,0.7183735835,0.0,0.0
0.6784456573222442,0.48028430050000004,0.6044412465,0.7073521025,0.0,0.0
0.7097433256455312,0.706304544,0.56758035,0.6193330985000001,0.0,0.0
0.7108010484707346,0.818707255,0.5815418560000001,0.5606808755,0.0,0.0
0.7018176891713996,0.6941580329999999,0.6348250506666666,0.6644316936666667,0.0,0.0
0.6952790404093381,0.302124667,0.414044804,0.5565780254999999,0.0,0.0
0.6841838092564491,0.072451613,0.2412800335,0.3921462155,0.0,0.0
0.6582968834395211,0.001964546,0.20545719275,0.35712980875,0.0,0.0
0.5720952375634718,0.000999507,0.2268575902,0.3692030598,0.0,0.0
0.5901331400397347,0.1928410245,0.1448092,0.243111668,0.0,0.0
0.6430245614690026,0.374020069,0.147927976,0.213589189,0.0,0.0
0.6872101035478393,0.5365846455000001,0.1381900535,0.1851185225,0.0,0.0
0.6948649809436507,0.71349002525,0.1131638395,0.13859393075,0.0,0.0
0.6914147746018129,0.6971725395,0.102995558,0.1005550965,0.0,0.0
0.6883416177134707,0.4216627085,0.182252981,0.131628207,0.0,0.0
0.6839085315952276,0.118494499,0.2752633115,0.2151708925,0.0,0.0
0.671307514140429,0.00140707225,0.37860010375,0.366911076,0.0,0.0
0.6244498332990729,0.0005371756,0.37415589540000005,0.5049555085999999,0.0,0.0
0.7425865678230983,0.083239389,0.2304818795,0.4502971105,0.0,0.0
0.8165105342431004,0.318723274,0.140016341,0.338223666,0.0,0.0
0.8380427715879923,0.5043104905,0.10805565,0.2961292205,0.0,0.0
0.8472666541365597,0.67572686925,0.1228899225,0.25689793424999996,0.0,0.0
0.8352566652368387,0.49567402399999994,0.1033633665,0.20643348350000001,0.0,0.0
0.8278949419433286,0.33489014,0.07025638749999999,0.12823221099999998,0.0,0.0
0.8130000466767959,0.1282090095,0.07962712050000001,0.13601860600000001,0.0,0.0
0.7195701809708891,0.00132439275,0.17568343250000001,0.28546920975,0.0,0.0
0.6305606137064124,0.0008453696,0.3565122872,0.47353015539999993,0.0,0.0
0.7483782345527639,0.1558143085,0.359559265,0.5467823625,0.0,0.0
0.8337522162938628,0.316082213,0.311050591,0.5545517515,0.0,0.0
0.8522087136696325,0.431522515,0.2831682925,0.5051490865,0.0,0.0
0.8500833011668082,0.42696720275,0.32839148425000003,0.53271491075,0.0,0.0
0.8324832232351806,0.31911259049999996,0.3694579645,0.6250289505,0.0,0.0
0.8192369766009382,0.215720292,0.244013322,0.528220258,0.0,0.0
0.8088853746877702,0.115011859,0.1760008885,0.346429343,0.0,0.0
0.7602835712977203,0.0022945685,0.1619558875,0.2894874685,0.0,0.0
0.6522506690225299,0.0,0.15071941833333333,0.25344664,0.0,0.0
0.6069107910557325,0.00070430575,0.13642527225,0.23791428050000002,0.0,0.0
0.7316773239860797,0.131990429,0.103214943,0.21356233800000002,0.0,0.0
0.8144188628799427,0.37540174449999997,0.0848360705,0.1481204535,0.0,0.0
0.8292019736832401,0.5678778805,0.0746341285,0.1099169445,0.0,0.0
0.8284990805846663,0.6916162115,0.06685921975,0.0717709135,0.0,0.0
0.8181966729232237,0.48502308799999994,0.0843428615,0.0814116375,0.0,0.0
0.8126403706637263,0.331418783,0.087647898,0.078854275,0.0,0.0
0.8035050013661195,0.109229115,0.0831843665,0.0687300705,0.0,0.0
0.75278953534704,0.002336812,0.0662697215,0.052887819,0.0,0.0
0.6137821108346287,0.0,0.034869519,0.037723655333333335,0.0,0.0
0.6557664524395405,0.0468645875,0.0200044945,0.0335338275,0.0,0.0
0.7866168231655593,0.2115590095,0.017471554,0.040042189000000006,0.0,0.0
0.8281750658909897,0.340771933,0.026893154,0.047203163,0.0,0.0
0.8337916266329031,0.5789267045,0.042387840499999996,0.055547866,0.0,0.0
0.8349762213025766,0.8486481805,0.06846750475,0.066932042,0.0,0.0
0.82212764361841,0.64019493,0.0703065365,0.071201819,0.0,0.0
0.8159565042920288,0.406990045,0.065199521,0.069038162,0.0,0.0
0.8067036812946523,0.1791332455,0.060200044,0.0614356135,0.0,0.0
0.7009342570636318,0.00114114175,0.054297172500000004,0.067653078,0.0,0.0
0.6003973490526595,0.0005529441999999999,0.0478539852,0.0815820806,0.0,0.0
0.7297646446771899,0.19211871749999998,0.030531857500000002,0.0542007335,0.0,0.0
0.8110086383269126,0.413288145,0.028417916,0.067173033,0.0,0.0
0.8341684931838265,0.6052914165000001,0.04086769,0.0793669935,0.0,0.0
0.8395442305012553,0.746600502,0.0773282214,0.11079008539999999,0.0,0.0
0.8273234012076807,0.5116997465,0.15222601,0.17298775700000002,0.0,0.0
0.8200132952347954,0.320176141,0.159109059,0.163356342,0.0,0.0
0.8091211962285679,0.1382600575,0.143983513,0.1648953785,0.0,0.0
0.6998729223771301,0.00029732925,0.18469220075,0.259564254,0.0,0.0
0.5753079519831746,0.010105537833333332,0.21081210766666666,0.366608751,0.0,0.0
0.628257635425213,0.184439764,0.212170623,0.3704635415,0.0,0.0
0.6876244373302248,0.44235636999999994,0.29201339049999997,0.434994654,0.0,0.0
0.6971736833024277,0.6431084257499999,0.39582954174999996,0.5116782925000001,0.0,0.0
0.6902361463389028,0.554773832,0.427648483,0.50384317,0.0,0.0
0.6848093447488788,0.24896970000000002,0.437953799,0.574811874,0.0,0.0
0.6807380148724724,0.058310807000000006,0.4707333495,0.6532264235,0.0,0.0
0.6523938779462243,0.0011438035,0.588152976,0.7744181937499999,0.0,0.0
0.563771324787776,0.0,0.6703414437499999,0.880750682,0.0,0.0
0.5780803653653418,0.09777456333333334,0.6275004093333334,0.8758041850000001,0.0,0.0
0.6606676386359566,0.36679568100000004,0.678364647,0.8534873789999999,0.0,0.0
0.6910070244201817,0.3736435345,0.635246042,0.8289025485,0.0,0.0
0.6873772772420387,0.55118603,0.63561170675,0.8261654365,0.0,0.0
0.6814808439784706,0.37020343,0.6956021045,0.868694562,0.0,0.0
0.6815295125618119,0.202106677,0.678858347,0.870957909,0.0,0.0
0.679199184779468,0.09293850549999999,0.591444182,0.847219979,0.0,0.0
0.6563548636521211,0.0,0.45440918925,0.7333016904999999,0.0,0.0
0.5950523855798029,0.0,0.3635833285,0.65395073275,0.0,0.0
0.655610685816164,0.0240699365,0.255213946,0.5669189375000001,0.0,0.0
0.7821030648244238,0.1390905725,0.21050617700000002,0.49533516,0.0,0.0
0.8233198277786644,0.29522922949999997,0.25292796,0.4392065265,0.0,0.0
0.8264086893537129,0.43211279875,0.30738443225,0.36502834575,0.0,0.0
0.8173728515705723,0.4647227665,0.36911115299999997,0.327275475,0.0,0.0
0.8110683481016119,0.2799391785,0.27037588749999997,0.269433228,0.0,0.0
0.8022871684831125,0.085873601,0.1591354265,0.2237513695,0.0,0.0
0.7010419724834586,0.0,0.096603983,0.14042344075000002,0.0,0.0
0.5955451513444331,0.0,0.0880523475,0.07101634849999999,0.0,0.0
0.6584470836858354,0.0434796375,0.088036166,0.063064103,0.0,0.0
0.7903486850504292,0.2370795315,0.0706148795,0.066395065,0.0,0.0
0.8325019683334178,0.434182082,0.06992503,0.075593677,0.0,0.0
0.8405755000553499,0.6685865124999999,0.073165184,0.085584966,0.0,0.0
0.8451781373039493,0.81402391425,0.1387351295,0.158828569,0.0,0.0
0.8306057938077971,0.569207321,0.199001384,0.251336637,0.0,0.0
0.8262457903847052,0.343814986,0.236549327,0.363237666,0.0,0.0
0.813198744049225,0.148599913,0.305979416,0.505522841,0.0,0.0
0.7620930613751414,0.00122361,0.375683194,0.6427754434999999,0.0,0.0
0.6515969016770208,0.0,0.48809298766666664,0.7297999891666667,0.0,0.0
0.6879912456517652,0.038536324,0.341343668,0.658732289,0.0,0.0
0.7868431809660738,0.168661075,0.26855379,0.624681338,0.0,0.0
0.8308556056488383,0.172283242,0.20831814799999998,0.49600928850000003,0.0,0.0
0.847262356483516,0.3507625365,0.145449995,0.396140789,0.0,0.0
0.8520304987097549,0.4401646955,0.186052725,0.3088489335,0.0,0.0
0.8391236742856653,0.339007877,0.261446848,0.294520672,0.0,0.0
0.8246887639011804,0.2210601575,0.4333052845,0.37526985700000004,0.0,0.0
0.8112003862934432,0.113875169,0.43096882950000004,0.513349331,0.0,0.0
0.7717839695019139,0.02459202033333333,0.4974005733333333,0.6091745686666666,0.0,0.0
0.6653657156507231,0.0,0.3941239695,0.6510956325,0.0,0.0
0.6011833602891246,0.0,0.19015212666666667,0.4202599886666667,0.0,0.0
0.609467065052063,0.0,0.0975878715,0.23363264849999998,0.0,0.0
0.7275403864144843,0.1571666765,0.055499083000000005,0.12148076099999999,0.0,0.0
0.813746419083498,0.4564311415,0.052194978,0.0871044785,0.0,0.0
0.8285924857548088,0.656511517,0.044731667,0.0566656425,0.0,0.0
0.8271093421373185,0.5122136260000001,0.04925912875,0.04305125,0.0,0.0
0.8142328298570091,0.2814693525,0.1432262785,0.180732278,0.0,0.0
0.8078476312744647,0.1459166155,0.31615466999999997,0.41191347450000004,0.0,0.0
0.7986106730128353,0.025688918,0.517111726,0.589592903,0.0,0.0
0.7299756254326032,0.0012829443333333332,0.6575784056666666,0.6599319343333333,0.0,0.0
0.6302163085995769,0.0,0.7799065476,0.8483600522,0.0,0.0
0.6691455145086457,0.037671274,0.886526445,0.894490938,0.0,0.0
0.785639292601927,0.1966849335,0.8901190910000001,0.8929524010000001,0.0,0.0
0.8212883234094762,0.395715459,0.889274953,0.833299743,0.0,0.0
0.8235224113662503,0.4382247815,0.873728088,0.8978427265,0.0,0.0
0.8222181227189994,0.540440309,0.8378717185,0.9235742905,0.0,0.0
0.8145222348653425,0.5996847075,0.790943121,0.9052717435,0.0,0.0
0.8072694155239366,0.493355592,0.7249202265,0.87607564,0.0,0.0
0.8040476472113804,0.319225927,0.595369162,0.825556553,0.0,0.0
0.797704602060537,0.132107362,0.459452863,0.7443229364999999,0.0,0.0
0.7479973446654948,0.0013523925,0.314186626,0.6123527129999999,0.0,0.0
0.6223469148026524,0.0,0.2380824235,0.473733598,0.0,0.0
0.5615579249253366,0.0,0.25045885675,0.39966685675,0.0,0.0
0.5646728351785182,0.018072492,0.336429388,0.37348595149999997,0.0,0.0
0.6180204924701864,0.1096840245,0.343943537,0.4814039575,0.0,0.0
0.683476069945756,0.284371206,0.3451674615,0.566340025,0.0,0.0
0.6868712413049477,0.4483539195,0.38676812149999995,0.59299986775,0.0,0.0
0.6818552417534316,0.337958535,0.646354162,0.6281851595000001,0.0,0.0
0.682166226441109,0.292526453,0.7412505625000001,0.7635403455,0.0,0.0
0.6809395925330713,0.1130986135,0.709122354,0.874031097,0.0,0.0
0.6453888703345134,0.00093214775,0.6460415935000001,0.87371475625,0.0,0.0
0.5626128474063768,0.010853460333333334,0.4644598701666666,0.7963647690000001,0.0,0.0
0.6181864088857127,0.114327349,0.290164871,0.6533736539999999,0.0,0.0
0.6835873971154005,0.27757418,0.2456236645,0.5596326199999999,0.0,0.0
0.6868904321027889,0.223718529,0.2082294325,0.49210756874999995,0.0,0.0
0.6845347528422425,0.0711220545,0.132191587,0.3865357245,0.0,0.0
0.6854744734086008,0.034428449,0.11925894649999999,0.23775703799999998,0.0,0.0
0.6754295241940291,0.00451652425,0.17776166825,0.151576873,0.0,0.0
0.6140527129036136,0.0,0.16452761100000002,0.17069544279999999,0.0,0.0
0.6092790889215514,0.0,0.20597332200000001,0.281185849,0.0,0.0
0.7496537960260593,0.031222256,0.22980536433333332,0.3638467193333333,0.0,0.0
0.8213451985287483,0.1354981015,0.223768097,0.35724881249999996,0.0,0.0
0.8226171785997339,0.12103269033333335,0.17623470533333332,0.28159550800000005,0.0,0.0
0.8144187713914963,0.13741685,0.17751478650000002,0.281244924,0.0,0.0
0.8069940921556522,0.069683811,0.21181428949999997,0.2848809485,0.0,0.0
0.8026639893269729,0.019953454,0.28219549450000003,0.332725701,0.0,0.0
0.7645154378807314,0.0013551953333333334,0.33079691633333336,0.3564069186666667,0.0,0.0
0.631132620708604,0.0,0.20412070866666668,0.28285972266666665,0.0,0.0
0.6023010443521939,0.0,0.11620699875,0.218808132,0.0,0.0
0.7255289986527031,0.031074914500000002,0.105154717,0.20880129949999998,0.0,0.0
0.8108938364543188,0.21515077849999997,0.1016694565,0.1775915935,0.0,0.0
0.823658244284792,0.4868887693333333,0.12674064033333332,0.191693158,0.0,0.0
0.8194887087331865,0.608799957,0.1511309815,0.215675215,0.0,0.0
0.8112054154081347,0.4725602455,0.2024100805,0.352669652,0.0,0.0
0.8054538904791574,0.26940769200000003,0.2528361535,0.402175833,0.0,0.0
0.7983144557941124,0.069574941,0.2350187995,0.36638212299999995,0.0,0.0
0.7491298418674215,0.0,0.2693557795,0.39292912950000003,0.0,0.0
0.6121396724668119,0.0,0.2547039586666667,0.45963493383333326,0.0,0.0
0.6556581199372036,0.031591265,0.197722894,0.40709167599999996,0.0,0.0
0.7810409071506675,0.208986489,0.139357331,0.2910299755,0.0,0.0
0.8210586281015217,0.368669838,0.188073981,0.253934446,0.0,0.0
0.824138940114706,0.5058640685,0.21668432399999998,0.2515619095,0.0,0.0
0.8205101301171543,0.550508401,0.25650615525,0.2814868555,0.0,0.0
0.8096680026056837,0.396732429,0.3026134495,0.311854751,0.0,0.0
0.804418615990455,0.1201980205,0.2413392865,0.3118249855,0.0,0.0
0.7651595964620297,0.006445334333333334,0.2386159366666667,0.37283817533333335,0.0,0.0
0.6475171517916423,0.0,0.30325015850000003,0.45234458499999997,0.0,0.0
0.6081929147502725,0.0,0.35261110900000003,0.5479488162,0.0,0.0
0.7325700904670398,0.0613595685,0.45510849350000004,0.7009305605,0.0,0.0
0.8046516945129127,0.234058684,0.574654866,0.727263791,0.0,0.0
0.8242476612385585,0.3644480095,0.638354737,0.7497559174999999,0.0,0.0
0.8278531085106153,0.5453429503333332,0.713716962,0.799198669,0.0,0.0
0.8198934642475099,0.47545816949999997,0.7063473185,0.7925908025,0.0,0.0
0.8122947305093227,0.364897917,0.626698843,0.734072793,0.0,0.0
0.8076320633136221,0.1952851,0.509953998,0.690459894,0.0,0.0
0.8000458110966788,0.0567255265,0.49791414050000005,0.6357800259999999,0.0,0.0
0.7505377996331416,0.0,0.37677612699999996,0.5816307275,0.0,0.0
0.6228383433198296,0.0,0.27762221825,0.492045304,0.0,0.0
0.6036907600327173,0.0,0.23557709766666668,0.3895275516666667,0.0,0.0
0.7512444874336522,0.08735166066666666,0.19387833233333332,0.38629976866666665,0.0,0.0
0.822722638468905,0.2629800455,0.175331269,0.332045084,0.0,0.0
0.8218756143902524,0.45928044125,0.268756571,0.349923118,0.0,0.0
0.8105225475771626,0.48439758750000006,0.33091916,0.379074609,0.0,0.0
0.8050121477690135,0.31794172249999997,0.2799325875,0.33397674450000003,0.0,0.0
0.7978763249081067,0.08661221799999999,0.219317283,0.3253197165,0.0,0.0
0.747153909557449,0.0,0.247684395,0.36635639799999997,0.0,0.0
0.6051552500528038,0.0,0.27710252566666665,0.41654284933333335,0.0,0.0
0.5586130115392756,0.0,0.316364314,0.47119694225,0.0,0.0
0.5837173779988845,0.0700602955,0.40741421050000004,0.6090860105,0.0,0.0
0.6372278199175824,0.151180162,0.453072254,0.673925395,0.0,0.0
0.6838635435080995,0.189316386,0.581670747,0.7422184295,0.0,0.0
0.6881910745527038,0.30376205624999997,0.774155858,0.80262714475,0.0,0.0
0.6817672391333556,0.21401012266666666,0.8030583726666666,0.8277935036666667,0.0,0.0
0.6799081585524627,0.07764011800000001,0.738371331,0.826267475,0.0,0.0
0.6717564767208941,0.005272378,0.6101662563333333,0.8134912736666666,0.0,0.0
0.5817386795993877,0.0,0.45156316299999993,0.714876841,0.0,0.0
0.5869991304028379,0.0331123775,0.3173639365,0.5789824175,0.0,0.0
0.660595035976447,0.111237188,0.3536593925,0.5051197435,0.0,0.0
0.690821608628399,0.1684402435,0.3282407415,0.439338014,0.0,0.0
0.6882392134791315,0.157233869,0.31388755100000004,0.38140970600000007,0.0,0.0
0.6815950515106053,0.11499675200000001,0.33965229100000005,0.366540333,0.0,0.0
0.680216445780222,0.07613036000000001,0.371114129,0.385751542,0.0,0.0
0.6795494426106764,0.031960947,0.411743785,0.43939212,0.0,0.0
0.6721908738229402,0.0012882986666666668,0.44993153366666666,0.487205305,0.0,0.0
0.641573711179703,0.0,0.39093430399999995,0.6302795046666666,0.0,0.0
0.6086476555829523,0.0,0.41226402474999996,0.69950459125,0.0,0.0
0.7265473797366209,0.072177794,0.410812865,0.6749360005,0.0,0.0
0.8007893946293371,0.263778242,0.488828113,0.706659764,0.0,0.0
0.8218584924129928,0.5157587795,0.490868792,0.6989760085,0.0,0.0
0.8209056046451261,0.77608616025,0.57609765225,0.7336178195,0.0,0.0
0.8100327992962115,0.6669933475000001,0.6405262894999999,0.8108615299999999,0.0,0.0
0.804634641021927,0.329728571,0.611294512,0.8142544025,0.0,0.0
0.8005190088872979,0.117114993,0.539918002,0.79353427,0.0,0.0
0.7629610326291392,0.005698646333333332,0.4804680823333333,0.7424161093333334,0.0,0.0
0.61934324037931,0.0,0.40643956925,0.6592957014999999,0.0,0.0
0.6034445295196654,0.0,0.26707261233333335,0.5010855933333334,0.0,0.0
0.724219292269245,0.1130247805,0.1996555565,0.4201491305,0.0,0.0
0.799980797741949,0.362469017,0.161590494,0.338650223,0.0,0.0
0.8213451985287483,0.559143423,0.163314546,0.256068501,0.0,0.0
0.8209598966464579,0.6065606935000001,0.1092214575,0.140620925,0.0,0.0
0.8090894211491051,0.490681339,0.06974821799999999,0.08235317833333333,0.0,0.0
0.8025068511201059,0.204141513,0.033093792999999996,0.054431834,0.0,0.0
0.7624893892998093,0.0017054186666666665,0.03550502666666667,0.06298861300000001,0.0,0.0
0.643417270013622,0.0,0.1150604815,0.179924902,0.0,0.0
0.5949408983239575,0.0,0.33962339025,0.48052337800000006,0.0,0.0
0.6557198642336072,0.0107670875,0.4795079075,0.6709120345,0.0,0.0
0.7821030648244238,0.1965190315,0.458642915,0.7035618324999999,0.0,0.0
0.8239590791803193,0.42350976650000005,0.44486394149999997,0.7226499925000001,0.0,0.0
0.8296663476324573,0.6424917075000001,0.47934337650000003,0.7142883915,0.0,0.0
0.8268310012481949,0.6609083385000001,0.5524973335000001,0.7208615625,0.0,0.0
0.8153435568715625,0.49565268866666673,0.49897100666666666,0.7165311710000001,0.0,0.0
0.8063602814552168,0.21115864,0.407680451,0.6958528045,0.0,0.0
0.7653981156361596,0.0037461076666666666,0.36903642999999997,0.6632080643333333,0.0,0.0
0.6508193409010844,0.0,0.308980057,0.6105347015,0.0,0.0
0.6025854979775709,0.0,0.2125536048,0.39036801379999997,0.0,0.0
0.7261939672262243,0.0409075885,0.1336630915,0.17515072850000002,0.0,0.0
0.8039077452494303,0.139021026,0.149876715,0.152257688,0.0,0.0
0.8236705885362061,0.268133132,0.150734646,0.156034702,0.0,0.0
0.8266124158408336,0.37198579049999997,0.22817756849999998,0.2534221185,0.0,0.0
0.8158130819200664,0.33933532,0.350273945,0.35337524,0.0,0.0
0.8080156508094499,0.1812372195,0.3623301315,0.34162705250000003,0.0,0.0
0.7991710123966038,0.0404931435,0.3212141335,0.3702262505,0.0,0.0
0.698990522852609,0.000300782,0.26605513725,0.4457460225,0.0,0.0
0.5963761735289898,0.0,0.24144289825,0.43054773175,0.0,0.0
0.6557478675018247,0.004969966,0.23488951800000002,0.397528005,0.0,0.0
0.7795392014489929,0.0916129555,0.268033399,0.44229151050000004,0.0,0.0
0.821251519116228,0.28647343000000003,0.3355515415,0.563108928,0.0,0.0
0.8200110321777765,0.47606467125000007,0.474437177,0.6784245632500001,0.0,0.0
0.8093875586342614,0.47748443949999997,0.596408348,0.7629945499999999,0.0,0.0
0.8046432363280143,0.3026060185,0.532898018,0.7660534265000001,0.0,0.0
0.8015312407733605,0.132934791,0.445352899,0.720309921,0.0,0.0
0.7591497253286746,0.002728577333333333,0.4169824773333333,0.6859241576666667,0.0,0.0
0.6047016812037195,0.0,0.348144512,0.5931385463333333,0.0,0.0
0.5608415697515261,0.0021857738,0.3561158668,0.5152262002,0.0,0.0
0.6192062758579384,0.1703952745,0.248887893,0.387790258,0.0,0.0
0.6863328359231613,0.3751355505,0.2247884275,0.3248262685,0.0,0.0
0.6894677485160925,0.4877089725,0.1317040155,0.25625116225,0.0,0.0
0.6859556112220974,0.3971291956666667,0.125236856,0.24841913566666665,0.0,0.0
0.687974672345062,0.15737460749999999,0.175693818,0.2961614185,0.0,0.0
0.674597096114718,0.0017126633333333335,0.25762578366666666,0.3928848153333333,0.0,0.0
0.6220951141469699,0.0,0.358409258,0.5455568955000001,0.0,0.0
0.5612043181413423,0.0,0.35367272125,0.5957036760000001,0.0,0.0
0.5641648676906754,0.006480159,0.35244692600000005,0.6289273525,0.0,0.0
0.6189074754841153,0.213273668,0.353185989,0.636207634,0.0,0.0
0.6858838695647411,0.5511006430000001,0.4522662985,0.6408214615000001,0.0,0.0
0.6870867292226898,0.67837199675,0.3926374485,0.59462894525,0.0,0.0
0.6802431688790751,0.5864269525,0.31725984399999996,0.51217809,0.0,0.0
0.6795821321534533,0.368181227,0.273065594,0.442695659,0.0,0.0
0.6821825712124974,0.1197391635,0.1950942315,0.38712987750000005,0.0,0.0
0.673369265920305,0.0015073903333333333,0.18875685900000003,0.324180301,0.0,0.0
0.6433467246921879,0.0,0.3734282525,0.437574978,0.0,0.0
0.5947769593148866,0.0,0.640029169,0.737828577,0.0,0.0
0.6555741558396138,0.001700197,0.7884545915000001,0.8967182444999999,0.0,0.0
0.7800467346082571,0.0287844475,0.8045932305,0.9186998075,0.0,0.0
0.8233223880430731,0.074031499,0.7689413684999999,0.9099201455,0.0,0.0
0.8239955633754861,0.1059135785,0.6522504735,0.883747658,0.0,0.0
0.8157150133908297,0.3057770693333333,0.5614234023333333,0.871354029,0.0,0.0
0.8062330894755049,0.3093534775,0.5191163704999999,0.8071150435000001,0.0,0.0
0.8028103378428089,0.13628240600000002,0.5600504245,0.7980273234999999,0.0,0.0
0.7625819714455373,0.0016934993333333334,0.510434941,0.7853992066666667,0.0,0.0
0.6284975566542088,0.0,0.47944564100000003,0.7528723350000001,0.0,0.0
0.6006017727694393,0.0,0.416659086,0.6409191514999999,0.0,0.0
0.7242086853321453,0.0584521705,0.3247195095,0.512431434,0.0,0.0
0.8000451709748363,0.233800216,0.29389409,0.444955337,0.0,0.0
0.8213612918741302,0.3661930365,0.3194484305,0.40029202399999997,0.0,0.0
0.8204761832957046,0.453199658,0.31057154,0.33586388349999996,0.0,0.0
0.809861487960849,0.3522201815,0.219084785,0.218929998,0.0,0.0
0.8046455223500454,0.22620665550000002,0.115294341,0.106667115,0.0,0.0
0.8005190088872979,0.102824155,0.079576405,0.055593956,0.0,0.0
0.7627160365783889,0.0020032583333333335,0.06804515966666667,0.039546194,0.0,0.0
0.6110391561623855,0.0,0.08346793466666665,0.06268612600000001,0.0,0.0
0.6552213605603678,0.0030910155,0.1195270205,0.08385382,0.0,0.0
0.7794477393121082,0.12484770249999999,0.135264305,0.1302629825,0.0,0.0
0.8200032370054123,0.30546151,0.139778162,0.158925235,0.0,0.0
0.8232587007134118,0.5273018,0.149212552,0.176714126,0.0,0.0
0.8223729749781556,0.6442783475,0.14249884000000002,0.16090998550000002,0.0,0.0
0.8147084050094648,0.543096871,0.19593716849999998,0.233635854,0.0,0.0
0.8072694155239366,0.3603076385,0.23017008649999998,0.287625958,0.0,0.0
0.8040355772766643,0.164413991,0.267621317,0.289651027,0.0,0.0
0.7976442522383156,0.031635351,0.3296147635,0.344984095,0.0,0.0
0.7489098391323465,0.0,0.304225918,0.4223289235,0.0,0.0
0.6444037616141653,0.0,0.16826171899999998,0.343228992,0.0,0.0
0.6006410070582509,0.0,0.10849683219999999,0.17009792340000002,0.0,0.0
0.7241824194525626,0.007675263000000001,0.191901512,0.252086934,0.0,0.0
0.8099448804600307,0.0759687155,0.2404772185,0.2936814205,0.0,0.0
0.8225350967412922,0.141985733,0.267550251,0.318668093,0.0,0.0
0.8181671014939849,0.313325617,0.27229615420000003,0.329563095,0.0,0.0
0.8062415476604032,0.327757727,0.3170615175,0.386576483,0.0,0.0
0.8023686407654075,0.1528325135,0.3316567065,0.43923288149999995,0.0,0.0
0.7624950280401945,0.0015591166666666667,0.34415785633333335,0.5020997116666667,0.0,0.0
0.6125407606891847,0.0,0.3509418558571428,0.5664628690000001,0.0,0.0
0.723999335241233,0.0717128125,0.36546116149999996,0.6292493045,0.0,0.0
0.8100893087589799,0.2786110455,0.3491068875,0.5736845365000001,0.0,0.0
0.8225937092491992,0.4861378165,0.2877100975,0.499726573,0.0,0.0
0.817426823548143,0.5079822875,0.26035115575,0.44787988425,0.0,0.0
0.8061564176982663,0.33304488200000004,0.2525780305,0.4364705915,0.0,0.0
0.8023844597940915,0.113793821,0.22295036099999999,0.4157059775,0.0,0.0
0.7626723743676883,0.0,0.17407960966666666,0.31278105466666667,0.0,0.0
0.6066647282095653,0.0,0.137806562,0.25494752433333334,0.0,0.0
0.5635728674628957,0.0008944284,0.141734514,0.2756046228,0.0,0.0
0.6232707249262008,0.1725531605,0.11093546500000001,0.26140683,0.0,0.0
0.6870750249816374,0.386177474,0.10168323600000001,0.1892967535,0.0,0.0
0.6879170884913288,0.4954151042,0.0730389088,0.10849695880000002,0.0,0.0
0.6834031243717935,0.3493306195,0.0906684725,0.1117372645,0.0,0.0
0.6843793290589983,0.1670534705,0.07228077699999999,0.0811307975,0.0,0.0
0.6423096746636978,0.00019766233333333333,0.05054854450000001,0.042045390833333335,0.0,0.0
0.56338646867941,0.0007588051999999999,0.0623693318,0.056134260400000004,0.0,0.0
0.6228887834792025,0.15787912850000002,0.077587194,0.0601871865,0.0,0.0
0.6860040891735422,0.39257429499999996,0.0738060255,0.0559522395,0.0,0.0
0.6900011247336405,0.6983493346666666,0.08381011233333334,0.06064964233333334,0.0,0.0
0.683385819529122,0.49172969200000005,0.093733836,0.072598596,0.0,0.0
0.6821101055998562,0.303917088,0.100980068,0.09970512449999999,0.0,0.0
0.6834744011548757,0.1199393415,0.1377149735,0.150799224,0.0,0.0
0.6543914890046706,0.00034155866666666664,0.20885706766666667,0.23576689233333334,0.0,0.0
0.6052689318174606,0.0,0.223556024,0.2793612705,0.0,0.0
0.7335198693371018,0.061248293999999995,0.269805587,0.363145161,0.0,0.0
0.8086172291863789,0.179647448,0.349017,0.393945069,0.0,0.0
0.8259831770729795,0.2674882345,0.3410252225,0.36169665250000005,0.0,0.0
0.8254189667592887,0.4102185936666667,0.31053812766666666,0.2959626846666667,0.0,0.0
0.8152405658526742,0.40205588233333334,0.24273696733333336,0.24082304066666668,0.0,0.0
0.8106041113479039,0.21893173049999998,0.220861758,0.24447405849999998,0.0,0.0
0.7807419924720268,0.018654070000000002,0.205602332,0.23952325824999998,0.0,0.0
0.6316176293777024,0.0,0.16945647733333333,0.18017826866666667,0.0,0.0
0.6049854474716676,0.0,0.11035758450000001,0.099958097,0.0,0.0
0.7332429457756917,0.063237568,0.10923961500000001,0.0941058705,0.0,0.0
0.8170463679522924,0.24862425249999998,0.10308866,0.091113474,0.0,0.0
0.826834933096094,0.484084115,0.10201415350000001,0.073794076,0.0,0.0
0.8209478038210501,0.66194302925,0.08290747124999999,0.05408607975,0.0,0.0
0.8116715724530498,0.4456171795,0.0686047595,0.056817445499999994,0.0,0.0
0.8091246252244543,0.16347188299999998,0.077721343,0.071703094,0.0,0.0
0.7444768444653895,0.0,0.0736827665,0.06887454975,0.0,0.0
0.6212769326105801,0.000297257,0.037004504285714286,0.02028480157142857,0.0,0.0
0.7885261191856254,0.141732666,0.0312959565,0.0204138975,0.0,0.0
0.8252443484869555,0.31906908,0.022704907,0.018780489,0.0,0.0
0.8264165073796085,0.5942709975,0.018812908,0.0166202945,0.0,0.0
0.8237509635764821,0.6695428253333334,0.022380757,0.01833773966666667,0.0,0.0
0.8134956013402435,0.3831964786666666,0.017459952,0.035468808,0.0,0.0
0.808681465223757,0.1306309465,0.041379943,0.0651465645,0.0,0.0
0.771546532334115,0.0,0.09074893866666667,0.08785847433333333,0.0,0.0
0.6164183243747644,0.0,0.11804716642857141,0.11176529957142857,0.0,0.0
0.7333164399830503,0.054740382,0.1580642565,0.1527648945,0.0,0.0
0.8169258968431644,0.3256868975,0.1984547935,0.23562974399999997,0.0,0.0
0.8268437113047535,0.497989129,0.255264193,0.287690895,0.0,0.0
0.823615839315604,0.6619067227500001,0.323498535,0.30843610725000004,0.0,0.0
0.8140617014242189,0.4224965725,0.370903374,0.356321252,0.0,0.0
0.8106414642745483,0.2036196455,0.3924837745,0.4520858305,0.0,0.0
0.7807763279149922,0.0084571885,0.5501757225,0.65130600225,0.0,0.0
0.6156438050667706,0.0,0.5876911311666666,0.7341065411666667,0.0,0.0
0.6641889618976369,0.0,0.531043986,0.7030826475,0.0,0.0
0.7883272846920075,0.0352720795,0.49082793599999996,0.656028935,0.0,0.0
0.826193441528112,0.09350531249999999,0.4249098945,0.6098378055,0.0,0.0
0.8243252245264858,0.19505171025,0.27941083825,0.4617025195,0.0,0.0
0.8152860264195338,0.2542795675,0.2232589605,0.45193199900000003,0.0,0.0
0.8126223571014577,0.1499325155,0.34709557049999995,0.5481811285,0.0,0.0
0.778824787011939,0.00665548575,0.4019355265,0.58000589025,0.0,0.0
0.6064235116002908,0.0,0.41193932299999997,0.6248572136666667,0.0,0.0
0.5631653595807224,0.00020709800000000002,0.46458599740000006,0.6860182532000001,0.0,0.0
0.6242927407992689,0.124992849,0.5378920549999999,0.791843632,0.0,0.0
0.6917105346012655,0.2161535275,0.5509366019999999,0.8189168365,0.0,0.0
0.689060773206671,0.3722931438,0.6727305666000001,0.8467469974,0.0,0.0
0.684269579266108,0.333364322,0.7107115395,0.8713522765,0.0,0.0
0.687072053130701,0.203401839,0.605119334,0.827092234,0.0,0.0
0.6807942270906908,0.00760965175,0.509372215,0.73824138075,0.0,0.0
0.580776634854111,0.0,0.5850008624285713,0.7483893754285714,0.0,0.0
0.5878801013401006,0.0126951045,0.562602701,0.6952865235,0.0,0.0
0.6627737575186283,0.0965820595,0.4626883045,0.6746187735,0.0,0.0
0.6912563866474096,0.3507861626666666,0.3560888176666666,0.6535748253333333,0.0,0.0
0.6848990161846088,0.533238235,0.30013149733333333,0.5087849163333333,0.0,0.0
0.682587555336456,0.25043212600000003,0.32620784199999997,0.5061964915,0.0,0.0
0.6843136986217585,0.058831028,0.340580828,0.5445664975,0.0,0.0
0.6774257369384045,0.0007752403333333334,0.4179996786666667,0.6094930903333333,0.0,0.0
0.6171334637704289,0.0,0.5389595362857144,0.7722578422857141,0.0,0.0
0.7586186464670229,0.066626558,0.4117145583333333,0.7722834336666667,0.0,0.0
0.8262570374436475,0.3776532795,0.4062231195,0.6895082450000001,0.0,0.0
0.8265371156842457,0.599938875,0.404170096,0.5214799560000001,0.0,0.0
0.8194631056679501,0.48307020500000003,0.5040429553333333,0.5668017590000001,0.0,0.0
0.8132831881081359,0.152608976,0.47635297350000005,0.615538162,0.0,0.0
0.8103965443526894,0.0316949615,0.38218390199999996,0.6127208135,0.0,0.0
0.7875884560316632,0.000560727,0.3357077275,0.587717865,0.0,0.0
0.6578887903062769,0.0,0.36219028775,0.6198958105,0.0,0.0
0.6237582238696839,0.0,0.35774987999999996,0.6322765168,0.0,0.0
0.7892073411164091,0.009719816499999999,0.5861375980000001,0.8126048585,0.0,0.0
0.8282424565332356,0.025763822999999998,0.7698362185000001,0.881919201,0.0,0.0
0.8272021529298417,0.038302195,0.8490834535,0.9243936155,0.0,0.0
0.8188242887187411,0.09655894575,0.8695089525,0.9362084687500001,0.0,0.0
0.8124004799308795,0.1076513475,0.843194111,0.933755798,0.0,0.0
0.7804898031948285,0.00421966975,0.72379034425,0.9102716492499999,0.0,0.0
0.6461134230068906,0.0,0.6488890835000001,0.8701575415,0.0,0.0
0.6200876886549163,0.0,0.6221270493333333,0.8386232406666667,0.0,0.0
0.7893560212870185,0.020854602,0.6920508329999999,0.8727378435,0.0,0.0
0.8289506072818157,0.086597633,0.714055616,0.887069707,0.0,0.0
0.8261127692308992,0.34129502075,0.72897305475,0.8747608675,0.0,0.0
0.8170112552662957,0.3876938905,0.7191648159999999,0.8626470075,0.0,0.0
0.8143410480545283,0.196046025,0.6218569805,0.8469981129999999,0.0,0.0
0.7775850545001475,0.00370150375,0.51273779725,0.7748207337499999,0.0,0.0
0.630833370696194,0.0,0.36836114933333336,0.6813405759999999,0.0,0.0
0.6038175518960207,0.0,0.276917746,0.5906957347499999,0.0,0.0
0.7342025543398221,0.0485949025,0.247263929,0.5108245895,0.0,0.0
0.8216454848652,0.258301248,0.2499448495,0.5242661225,0.0,0.0
0.827674344793474,0.407747716,0.341466769,0.545594471,0.0,0.0
0.8232231582918388,0.5069566664,0.3420636712,0.5310306702,0.0,0.0
0.8143736918902422,0.2889538985,0.3472280875,0.5616409659999999,0.0,0.0
0.8130938175777624,0.075400573,0.343769015,0.5898131385000001,0.0,0.0
0.7661634311307178,0.0,0.3746348113333333,0.6550407156666668,0.0,0.0
0.6457672571097823,0.0,0.4295617395,0.700299271,0.0,0.0
0.6038055344761187,0.0,0.427516332,0.7213255192,0.0,0.0
0.7337294936703916,0.030431423,0.403699601,0.7090468409999999,0.0,0.0
0.8187894274587508,0.18255411500000002,0.3652005365,0.6824674825,0.0,0.0
0.8271901287021887,0.34509101649999996,0.413562406,0.679725518,0.0,0.0
0.8256859082202068,0.298405776,0.417305704,0.664734675,0.0,0.0
0.8177458167449717,0.16922235833333332,0.5212766916666666,0.730558829,0.0,0.0
0.8138120266300461,0.0516788675,0.5885148474999999,0.772448338,0.0,0.0
0.7802039300418533,0.00158307725,0.56796914475,0.7689412535000001,0.0,0.0
0.5882150339126817,0.0,0.4336522068,0.7108836194,0.0,0.0
0.5749444050277963,0.014231187,0.37112516175000004,0.695499275,0.0,0.0
0.6440768437416275,0.195046281,0.368371464,0.684385129,0.0,0.0
0.6915227414476461,0.410435893,0.395859872,0.703863345,0.0,0.0
0.6939066143977323,0.6269575436666667,0.35216030600000003,0.621619028,0.0,0.0
0.6881664279170496,0.4135013703333334,0.33516217,0.589566602,0.0,0.0
0.6931543594796423,0.11030257900000001,0.3107356,0.614275354,0.0,0.0
0.6910352867446362,0.0026285713333333333,0.2571308433333333,0.549857436,0.0,0.0
0.6523989757329909,0.0,0.23554399650000002,0.4799367835,0.0,0.0
0.5756745354854217,0.0,0.20166340374999997,0.3891253475,0.0,0.0
0.5697258409642709,0.0,0.19292974666666665,0.2839466333333333,0.0,0.0
0.6250483941923228,0.1067636635,0.2700576385,0.367744454,0.0,0.0
0.6922901677166673,0.1821712,0.34835351449999996,0.533474975,0.0,0.0
0.6905778316803953,0.2852711025,0.6102591015000001,0.728585104,0.0,0.0
0.6838048166953751,0.195528609,0.7590640525,0.8179056174999999,0.0,0.0
0.6845081898295903,0.089527156,0.760992787,0.828288295,0.0,0.0
0.685205345019555,0.0325325565,0.7588391525,0.828001397,0.0,0.0
0.6741539132357155,0.0,0.777348812,0.86795278875,0.0,0.0
0.6058216931559941,0.0,0.70343191275,0.872883506,0.0,0.0
0.6151626521166803,0.0,0.44493808199999996,0.6868791475,0.0,0.0
0.7334087707027719,0.023146827,0.3404705435,0.5794005065000001,0.0,0.0
0.8170046716655415,0.13635764,0.2701142405,0.511222796,0.0,0.0
0.8268320985149873,0.32112741749999996,0.234030336,0.38283375399999997,0.0,0.0
0.8227460164300875,0.491782057,0.22791805666666667,0.26093501966666666,0.0,0.0
0.8142268405223936,0.29782899,0.254807794,0.22402159449999998,0.0,0.0
0.8110505174419154,0.1369044285,0.2260897115,0.2498054125,0.0,0.0
0.8052302302128813,0.0020060945,0.256603263,0.399374899,0.0,0.0
0.7012046313231648,0.0,0.332920481,0.5383199117499999,0.0,0.0
0.5984986942611382,0.0,0.415840719,0.6377040415,0.0,0.0
0.6636419954343201,0.0,0.4453372685,0.6730251085000001,0.0,0.0
0.7884630261221028,0.1851439515,0.501440228,0.7402304,0.0,0.0
0.8258989615493832,0.5737918925000001,0.4912477435,0.7936147085,0.0,0.0
0.8286234836160138,0.7966372465,0.5057216204999999,0.8208151829999999,0.0,0.0
0.8266717599218691,0.8150352295000001,0.6391730575,0.880164123,0.0,0.0
0.8195941837637247,0.62902393,0.7601509989999999,0.9061889544999999,0.0,0.0
0.815348799384975,0.371082192,0.803198181,0.9107745,0.0,0.0
0.8087692925714913,0.070205884,0.7864002225,0.907380769,0.0,0.0
0.7714602747576779,0.0,0.720517036,0.884511371,0.0,0.0
0.6323990991603932,0.0,0.6093534303333333,0.8237423016666666,0.0,0.0
0.60543117925644,0.0,0.55418906325,0.77549651725,0.0,0.0
0.7335155716840582,0.025250376,0.517767834,0.7611687285,0.0,0.0
0.8168884981351366,0.2575607895,0.6131753200000001,0.7502749805,0.0,0.0
0.8267755891265391,0.48451455,0.69307794,0.7841252224999999,0.0,0.0
0.8211714640873262,0.50806006475,0.67582270925,0.7816549110000001,0.0,0.0
0.8117413405314525,0.325558263,0.759227102,0.8064736775,0.0,0.0
0.8093692251225523,0.100261368,0.769436673,0.829914016,0.0,0.0
0.7940803488713598,0.0011312170000000001,0.7935618666666667,0.8648536083333335,0.0,0.0
0.7076665359075046,0.0,0.8328586675,0.89461185,0.0,0.0
0.6128977110005737,0.0,0.806702073,0.9015003250000001,0.0,0.0
0.6318028013860959,0.0,0.6079249365,0.8267311009999999,0.0,0.0
0.7884264504384897,0.071287089,0.6209987880000001,0.832063569,0.0,0.0
0.8262323945735617,0.1379634565,0.6093218305,0.852065692,0.0,0.0
0.823043352235656,0.1147410834,0.4789091326,0.7668198766000001,0.0,0.0
0.8135380291381893,0.061514359500000004,0.373950683,0.5690307655,0.0,0.0
0.811633442283374,0.06023173,0.333792605,0.442728153,0.0,0.0
0.7950849607335324,0.0015207433333333331,0.31317658766666673,0.3555309666666666,0.0,0.0
0.7393865619438174,0.0,0.507062135,0.504659244,0.0,0.0
0.6324898068953912,0.0,0.7278122413333333,0.7911471446666667,0.0,0.0
0.6062664990940402,0.0,0.816923575,0.9156607942500001,0.0,0.0
0.7339513480245986,0.00625539,0.8932155675,0.93596497,0.0,0.0
0.8170102037808866,0.077865065,0.9245799365,0.9214132095,0.0,0.0
0.8264096950948987,0.1567440725,0.9280030619999999,0.9196582595,0.0,0.0
0.8239556349982923,0.23448706333333336,0.9241455896666667,0.9042394233333333,0.0,0.0
0.8196365048870836,0.3069537213333333,0.9235771539999998,0.7801631496666667,0.0,0.0
0.8185504968715074,0.060518010000000004,0.9241613955,0.7974215515,0.0,0.0
0.7331863906058603,0.0,0.9008887525,0.860352527,0.0,0.0
0.5699215360639353,0.0,0.87608123,0.9052705913333332,0.0,0.0
0.5876894963474254,0.0158764825,0.81865875,0.9288886734999999,0.0,0.0
0.6693810846977573,0.301380572,0.828912138,0.9315868385,0.0,0.0
0.7001088127014833,0.5390400405,0.882870161,0.9365488694999999,0.0,0.0
0.6976631648845245,0.5925684263333334,0.9054974396666667,0.9362808896666667,0.0,0.0
0.6951112037769251,0.455814807,0.8973414820000001,0.93610959,0.0,0.0
0.6995495705845071,0.245599846,0.883413342,0.935627421,0.0,0.0
0.7018669368099655,0.063056241,0.862876653,0.9344315544999999,0.0,0.0
0.6702902074697722,0.0,0.7768911462499999,0.9300238805,0.0,0.0
0.5704668467070559,0.0,0.689199762142857,0.9075983377142859,0.0,0.0
0.6261307141805491,0.11897676,0.5925133255,0.8672344115,0.0,0.0
0.6981244450973041,0.40482444100000003,0.5845801515,0.8416655959999999,0.0,0.0
0.6995661972532772,0.5998021683333333,0.459246335,0.7290288533333333,0.0,0.0
0.6955135591130408,0.42838860749999996,0.5105817885,0.718673098,0.0,0.0
0.7024408091260667,0.24310289950000002,0.5638787365,0.7559238735,0.0,0.0
0.7059688302189984,0.051999144,0.6315873544999999,0.8111417375,0.0,0.0
0.6787352375533723,0.0,0.778423693,0.8806118856666667,0.0,0.0
0.6160346259928586,0.0,0.8204473475714285,0.9064009934285716,0.0,0.0
0.7388008939353776,0.013070382,0.8028557375,0.8561376535,0.0,0.0
0.8296218167645995,0.3070420455,0.8074248485,0.833417116,0.0,0.0
0.8369518564423196,0.5920502975,0.7977289825,0.8165513865,0.0,0.0
0.8322841830226193,0.6871426780000001,0.79808090525,0.81233039025,0.0,0.0
0.8286241693705989,0.39566833349999997,0.8294878735,0.8867941585000001,0.0,0.0
0.829980807023084,0.160236279,0.802113701,0.887764739,0.0,0.0
0.7952284898296287,0.0,0.7636379266666667,0.8434275503333334,0.0,0.0
0.6570502700824256,0.0,0.6174945519999999,0.7380465039999999,0.0,0.0
0.6180678579563113,0.0,0.4557483,0.59780218275,0.0,0.0
0.7521737838416156,0.0113942885,0.32323453950000003,0.5115166995,0.0,0.0
0.8327008942411618,0.268551437,0.2274188785,0.442230195,0.0,0.0
0.8356803944590345,0.6058773995,0.2417951535,0.4190957435,0.0,0.0
0.8302034156553102,0.5590673589999999,0.28956937650000003,0.41909988200000003,0.0,0.0
0.8233739598052761,0.41931284199999996,0.4016198935,0.561053739,0.0,0.0
0.8228689411290371,0.1964319135,0.4671642975,0.7153251615,0.0,0.0
0.8247017482744371,0.052708136,0.486860991,0.754502872,0.0,0.0
0.7934577241880221,0.0,0.5741670866666667,0.8075817423333334,0.0,0.0
0.6920659359263035,0.0,0.7436068155,0.8803441519999999,0.0,0.0
0.607902113806122,0.0,0.8931456856666666,0.9252927519999999,0.0,0.0
0.7337062681651797,0.000995561,0.9329174474999999,0.9244873929999999,0.0,0.0
0.8201855667157613,0.05226425950000001,0.935394761,0.910508361,0.0,0.0
0.8297149932507866,0.090784476,0.9353848095,0.9174546155000001,0.0,0.0
0.8236546323491731,0.09846005099999999,0.93058783075,0.9360175475,0.0,0.0
0.8156717626675629,0.0680258205,0.9045617275,0.9373239339999999,0.0,0.0
0.8135273307126433,0.027315065,0.874246667,0.93639909,0.0,0.0
0.7573266107561542,0.0,0.7654585016,0.9206070221999999,0.0,0.0
0.6051704746790948,0.0,0.6293312012500001,0.884087633,0.0,0.0
0.614879121989504,0.0,0.578027496,0.879322681,0.0,0.0
0.7334895572304818,0.0028199975,0.6304719974999999,0.8762518505,0.0,0.0
0.8094761175179642,0.044106512,0.731900643,0.886992151,0.0,0.0
0.8267457798719322,0.11792986350000001,0.8486990205,0.9151003965,0.0,0.0
0.8267763205881872,0.26242575,0.893768642,0.9257479639999999,0.0,0.0
0.8200822099412757,0.4467603353333333,0.9089515803333333,0.936564997,0.0,0.0
0.8133494357765267,0.2624708455,0.900821125,0.9367395025,0.0,0.0
0.811633442283374,0.044048095,0.895993082,0.936647888,0.0,0.0
0.780016822605659,0.0006592395,0.8687525610000001,0.93570805475,0.0,0.0
0.6308926842934676,0.0,0.8242087563333333,0.929707255,0.0,0.0
0.6041537623488972,0.0,0.8321314415000001,0.9311499507500001,0.0,0.0
0.735359580107017,0.005676366,0.801504876,0.9266252214999999,0.0,0.0
0.820911045272025,0.222700902,0.752692821,0.901550086,0.0,0.0
0.8354902009785666,0.534599894,0.740755085,0.85686171,0.0,0.0
0.831898804899957,0.7341234246666666,0.6834673026666667,0.770565553,0.0,0.0
0.8252705000617208,0.6151293345,0.6960743970000001,0.785771709,0.0,0.0
0.8256879199255398,0.370857907,0.729072136,0.8370091625,0.0,0.0
0.8250991430192953,0.051368968,0.6549202945,0.839117909,0.0,0.0
0.7818991554347309,0.0,0.525486942,0.7213185625,0.0,0.0
0.6831824586985048,0.0,0.4293773875,0.6434469549999999,0.0,0.0
0.5843314149692054,0.0,0.3045310205,0.5688681675,0.0,0.0
0.5770503790723415,0.0,0.26600945766666667,0.5107062986666667,0.0,0.0
0.6365874711748147,0.058497148,0.31787876800000003,0.5967108084999999,0.0,0.0
0.7005658714396574,0.226609691,0.39246183349999997,0.6583744985,0.0,0.0
0.7023976727323911,0.3841332285,0.5974148535,0.713566238,0.0,0.0
0.6965708933167285,0.3165130695,0.7220999035,0.8056511825,0.0,0.0
0.6958946547935736,0.1643228025,0.76927401,0.8651389279999999,0.0,0.0
0.7021434718241802,0.06220105,0.73781931,0.8782543965,0.0,0.0
0.6769622530407181,0.000228086,0.7749851418,0.8986319295999999,0.0,0.0
0.5701602685376922,0.0,0.7514732425,0.9018477306666667,0.0,0.0
0.6077896435883017,0.027308729000000004,0.6981719236666667,0.8773635706666667,0.0,0.0
0.6956207486415222,0.22305367399999998,0.692298101,0.8665104765,0.0,0.0
0.6972411425795885,0.34548193233333335,0.6233804356666667,0.8084151276666667,0.0,0.0
0.6921201821834121,0.32534333449999997,0.505669893,0.697992274,0.0,0.0
0.6958289556842588,0.15876708750000001,0.36015822,0.587234729,0.0,0.0
0.7027736249190942,0.030695498,0.284003378,0.510732516,0.0,0.0
0.6820942592212549,0.00023689000000000002,0.2649724118,0.48906165679999997,0.0,0.0
0.6252766949517747,0.0,0.2634013895,0.4810474295,0.0,0.0
0.6258868229648882,0.0,0.22963600025000003,0.443741335,0.0,0.0
0.7862717546095638,0.0024089115,0.218308315,0.44531820099999997,0.0,0.0
0.8629727978203743,0.249613468,0.2489161485,0.4731337715,0.0,0.0
0.8604360003839286,0.4814914515,0.30604961500000005,0.481089047,0.0,0.0
0.8538026816047547,0.5277736075,0.42871094825,0.51919784125,0.0,0.0
0.853001628575205,0.2935753155,0.5415987945,0.5636236055,0.0,0.0
0.8554928892911263,0.0215207495,0.5579018975000001,0.569374705,0.0,0.0
0.7779798279511394,0.0,0.5199530736666667,0.5596194543333334,0.0,0.0
0.6583117308772557,0.0,0.5350218195,0.6184675989999999,0.0,0.0
0.6151860490791187,0.0,0.5045571459999999,0.7856831550000001,0.0,0.0
0.7013349207181756,0.0,0.471462045,0.8052904865,0.0,0.0
0.838406928230998,0.005939748999999999,0.600940005,0.8421460715,0.0,0.0
0.8707628223801422,0.0278425105,0.8193897125,0.925711245,0.0,0.0
0.8627027321392564,0.2362298105,0.89819716075,0.9369835297500001,0.0,0.0
0.8520354821173834,0.30746517,0.91544844,0.9354478515,0.0,0.0
0.8564295922994851,0.1118448745,0.9142172035,0.9269673235,0.0,0.0
0.794965975537486,0.0,0.9053564709999999,0.9258568264999999,0.0,0.0
0.6406196803636605,0.0,0.8881578593333334,0.9348847843333333,0.0,0.0
0.619287873927557,0.0,0.8470805415,0.9340878742500001,0.0,0.0
0.803194687222113,0.077527444,0.7868274043333333,0.9254818213333333,0.0,0.0
0.8643137534910437,0.44942269749999997,0.7439044825000001,0.890106692,0.0,0.0
0.8543570087632161,0.6335570260000001,0.74612037675,0.8290513469999999,0.0,0.0
0.8482653071602655,0.4228953725,0.789000183,0.8679136055,0.0,0.0
0.8534893194437602,0.12694024599999998,0.7626665880000001,0.908567518,0.0,0.0
0.8154551736679133,0.0,0.6441268276666667,0.8814303013333333,0.0,0.0
0.7037322962283127,0.0,0.481625186,0.7857471765,0.0,0.0
0.6193109623115802,0.0,0.2862821425,0.5149381835,0.0,0.0
0.6419085919410366,0.0,0.1665428425,0.31877662949999996,0.0,0.0
0.8076249006080966,0.007401346,0.17363976366666667,0.25231924666666666,0.0,0.0
0.8629849591692162,0.0997386035,0.2985394655,0.3839997,0.0,0.0
0.8513813261999057,0.3337956885,0.3758859905,0.508111435,0.0,0.0
0.8412688833349755,0.353169476,0.530565222,0.688332031,0.0,0.0
0.8342950450416959,0.23925008949999998,0.6025407075,0.7693429275,0.0,0.0
0.8346965088299627,0.0932014085,0.5883794365,0.8044732434999999,0.0,0.0
0.7928495469622645,0.0,0.65018657175,0.8553222847499999,0.0,0.0
0.6325498709555688,0.0,0.7154052455,0.8881310040000001,0.0,0.0
0.62398466689591,0.0,0.6642040943333333,0.8732212453333332,0.0,0.0
0.7902851653381054,0.009498213,0.5163766263333334,0.7407938123333334,0.0,0.0
0.8460339166634094,0.0941605865,0.4684816115,0.621666705,0.0,0.0
0.8391741487067552,0.212016574,0.42678010725000004,0.55280422375,0.0,0.0
0.8287399313887963,0.2097115355,0.34671770550000003,0.4718506815,0.0,0.0
0.8304666690888783,0.0702633225,0.3202147785,0.451625123,0.0,0.0
0.7924768179410235,0.0,0.30818803175,0.45241693825000007,0.0,0.0
0.6064050294353396,0.0,0.2180222035,0.37611024849999997,0.0,0.0
0.5894587897459544,0.000325542,0.0913097688,0.18509441580000002,0.0,0.0
0.676899854858329,0.039130439,0.063017709,0.148359797,0.0,0.0
0.7157047721895087,0.105580296,0.0568855275,0.1518650105,0.0,0.0
0.714906233704918,0.14563739666666667,0.106118288,0.241407155,0.0,0.0
0.7137223248765365,0.112325888,0.126016191,0.230888857,0.0,0.0
0.7203841269967298,0.072526515,0.158698261,0.252884662,0.0,0.0
0.7259539622628801,0.0200187075,0.210173734,0.265846614,0.0,0.0
0.7050686114058062,0.0,0.31841070325,0.34225882425000004,0.0,0.0
0.6085807906834109,0.0,0.39716840125,0.506270325,0.0,0.0
0.589137161548095,0.0,0.43915182350000004,0.58635580325,0.0,0.0
0.6711437123268675,0.104848564,0.359003452,0.4788452455,0.0,0.0
0.726359495020235,0.488012851,0.2336092085,0.3734010735,0.0,0.0
0.7238257608488516,0.6494685885,0.1631202255,0.2619883495,0.0,0.0
0.7162981667725576,0.43499620149999996,0.130402868,0.18548169949999999,0.0,0.0
0.7183095546086593,0.383764489,0.0766527805,0.093341658,0.0,0.0
0.7287394284921913,0.213757937,0.054341442,0.063598822,0.0,0.0
0.7389602724572129,0.0056699655,0.1328426555,0.1657063985,0.0,0.0
0.7052106012515275,0.0,0.270968183,0.43892792399999997,0.0,0.0
0.6562663048055785,0.0,0.442106414,0.591080209,0.0,0.0
0.6096923026207732,0.0,0.5859142335,0.7245225415000001,0.0,0.0
0.623877134452976,0.0,0.735072036,0.83102176,0.0,0.0
0.7742724413190176,0.0,0.790180981,0.8821967045000001,0.0,0.0
0.8577373099426224,0.049305383999999994,0.807439214,0.898956723,0.0,0.0
0.8580023463975681,0.1345489765,0.798399896,0.8913679729999999,0.0,0.0
0.8459034558111723,0.14140913575,0.7904945955,0.8846683245,0.0,0.0
0.8424819613456686,0.030599207,0.7066736835,0.858731776,0.0,0.0
0.8190989948187145,0.0006347385,0.6771830950000001,0.8482517775,0.0,0.0
0.683631516520598,0.0,0.6333139590000001,0.839657973,0.0,0.0
0.618309262024,0.0,0.6038278222,0.826047996,0.0,0.0
0.7942540528537934,0.022762800666666666,0.6587410153333333,0.8342904486666667,0.0,0.0
0.850849332924487,0.189016789,0.696907744,0.850996401,0.0,0.0
0.8471754892813852,0.28618121350000003,0.7872811655,0.858774107,0.0,0.0
0.8386783654212859,0.2688455485,0.76855965275,0.85903564225,0.0,0.0
0.8330856703435874,0.147957726,0.679830837,0.8246701224999999,0.0,0.0
0.8277517329205404,0.0024099826666666665,0.6660343126666666,0.8278120640000001,0.0,0.0
0.7304063496686665,0.0,0.6085258293333334,0.7822862713333333,0.0,0.0
0.6189542009103314,0.0,0.44355393633333334,0.6558312833333333,0.0,0.0
0.623583584123702,0.0,0.2763221493333333,0.42942114533333337,0.0,0.0
0.7750131901962487,0.0,0.2126525135,0.3341337585,0.0,0.0
0.8545539917491827,0.3056086525,0.18045859050000002,0.3041551315,0.0,0.0
0.8472527096176994,0.63042552,0.0775432375,0.2129541245,0.0,0.0
0.8372677330491792,0.7523225865000001,0.0412956335,0.11289036250000001,0.0,0.0
0.8289215296374974,0.66696265,0.063558193,0.11829911,0.0,0.0
0.8309765340515571,0.353429554,0.15834546700000002,0.2106876675,0.0,0.0
0.8392350015296304,0.0022624205,0.3624658065,0.400625964,0.0,0.0
0.7787680033191796,0.0,0.5424525296666668,0.6377018073333333,0.0,0.0
0.6289298179853546,0.0,0.7181075242857143,0.8491147111428571,0.0,0.0
0.769462557098965,0.0,0.780645085,0.9063519145,0.0,0.0
0.8398779104624863,0.302354581,0.7925365360000001,0.9160558240000001,0.0,0.0
0.8401874320782268,0.64273906,0.7019033745,0.899775625,0.0,0.0
0.8315384049563761,0.7281370462499999,0.60388224675,0.861898241,0.0,0.0
0.8248133040537168,0.35926832750000004,0.5630885370000001,0.8438692015,0.0,0.0
0.7999488855313879,0.000703887,0.5848173619999999,0.8254755564,0.0,0.0
0.6412524852609764,0.0,0.5597013513333332,0.7988541530000001,0.0,0.0
0.6197477101687497,0.0,0.46805532025,0.7612764125,0.0,0.0
0.7700771198491505,0.0,0.5386418105,0.809960672,0.0,0.0
0.8405875242830031,0.271265191,0.5396257115,0.818142618,0.0,0.0
0.8393477459898283,0.541594088,0.48840566,0.794500968,0.0,0.0
0.8327276173028545,0.6638320645,0.38792117575,0.6705452395,0.0,0.0
0.8227221812496347,0.4236929775,0.3568694985,0.611254352,0.0,0.0
0.8259457327322091,0.086675303,0.43624888500000003,0.6343909485,0.0,0.0
0.7920461393129292,0.0,0.6576589122500001,0.7693421885,0.0,0.0
0.6060249853145362,0.0,0.749514762,0.84943825075,0.0,0.0
0.5749825427409956,0.0,0.659877218,0.8389396246666667,0.0,0.0
0.6251818954065439,0.030881064,0.6527670609999999,0.8087061466666666,0.0,0.0
0.6922821667510394,0.203212819,0.673816398,0.834264226,0.0,0.0
0.6980333488398842,0.4639661125,0.5974510805,0.81833302,0.0,0.0
0.6924209942997285,0.5950520327500001,0.5518593605000001,0.8143112374999999,0.0,0.0
0.6890350240324289,0.288394262,0.6075522870000001,0.8677940239999999,0.0,0.0
0.6926740751619358,0.004583591,0.666768535,0.885091604,0.0,0.0
0.6802201581301706,0.0,0.73845457,0.9105502059999999,0.0,0.0
0.5836214216760175,0.0,0.7055109855999999,0.8975723247999999,0.0,0.0
0.5980788779103592,0.0,0.665858468,0.8871833353333334,0.0,0.0
0.665408189106185,0.172896659,0.630572527,0.888244516,0.0,0.0
0.7001635389942336,0.4789548655,0.5605576145,0.8800899984999999,0.0,0.0
0.6993984978163734,0.7345642416666666,0.48010434633333327,0.8327146823333335,0.0,0.0
0.6924016777145636,0.6580030939999999,0.5566832214999999,0.8516810969999999,0.0,0.0
0.6952404530947125,0.337540567,0.6913741725,0.8942397855,0.0,0.0
0.6972287982538539,0.00108939825,0.75671780475,0.91592620775,0.0,0.0
0.6623707469736232,0.0,0.655035704,0.8214994036666665,0.0,0.0
0.6182776331823652,0.0,0.31645354719999996,0.5039434542000001,0.0,0.0
0.7947226024714591,0.03921548833333333,0.203340399,0.4364775066666667,0.0,0.0
0.8438768662146978,0.3446040615,0.138231328,0.350848069,0.0,0.0
0.8358008503572482,0.5438312216666668,0.10273086999999999,0.22479994033333336,0.0,0.0
0.8262494479902267,0.4745361865,0.09386161600000001,0.174837935,0.0,0.0
0.8252379934215159,0.22564170849999998,0.1465119015,0.250616554,0.0,0.0
0.8000950876657097,0.000625501,0.1882915368,0.2850611112,0.0,0.0
0.6412498030367462,0.0,0.129792295,0.16051385466666668,0.0,0.0
0.618813544534108,0.0,0.09263002275,0.08713389325,0.0,0.0
0.7989943823446173,0.02867002466666667,0.07794192866666667,0.038042574333333336,0.0,0.0
0.8505904686324086,0.2515307395,0.067254186,0.028798247,0.0,0.0
0.8372077946648447,0.42527933333333334,0.07166896633333335,0.028059509333333333,0.0,0.0
0.82796635592192,0.31126931,0.082786861,0.042846915,0.0,0.0
0.8253250435262192,0.134407605,0.091885032,0.05912133,0.0,0.0
0.7989542923502215,0.0002223604,0.1492287096,0.1618101356,0.0,0.0
0.6324606034637494,0.0,0.27657000000000004,0.32118447099999997,0.0,0.0
0.6239355031403334,0.0,0.25335327333333335,0.31960870300000005,0.0,0.0
0.7953704948614906,0.011705256999999998,0.32186363566666665,0.39539298633333336,0.0,0.0
0.8483683134148413,0.173039194,0.315841876,0.450299043,0.0,0.0
0.8428002611700685,0.359818603,0.2642213975,0.4590939045,0.0,0.0
0.8333356193305909,0.45697280100000004,0.19556576,0.37412899600000005,0.0,0.0
0.8256214893545771,0.28487919899999997,0.1102624985,0.1989836,0.0,0.0
0.8288531788496479,0.084445426,0.099099804,0.135424747,0.0,0.0
0.8285363420971849,0.00062972,0.11479425366666667,0.11101485300000001,0.0,0.0
0.7072430467774502,0.0,0.13094157925,0.13579408175000002,0.0,0.0
0.6095924738617569,0.0,0.18107072200000002,0.277867227,0.0,0.0
0.6242245118969206,0.0,0.2644418943333333,0.4367577466666666,0.0,0.0
0.7961567499383237,0.019831309666666668,0.3549634056666666,0.6006892106666667,0.0,0.0
0.8564050409178456,0.3775975415,0.4103269185,0.6780933775,0.0,0.0
0.8468413247212383,0.64460506325,0.38863372,0.6054409745,0.0,0.0
0.844129466929783,0.439027293,0.3838668495,0.5762119139999999,0.0,0.0
0.8527017994580236,0.156605885,0.349450618,0.553555119,0.0,0.0
0.8088517433119431,0.0,0.2927936102,0.4428340962000001,0.0,0.0
0.6509475843414317,0.0,0.205830875,0.23152300366666667,0.0,0.0
0.6419445618388447,0.0,0.15039462625,0.16876916600000003,0.0,0.0
0.7985142046519507,0.0,0.119091165,0.1086639865,0.0,0.0
0.8729071169909117,0.1268959965,0.1215020315,0.1227346855,0.0,0.0
0.8643125191030625,0.380925026,0.13390571,0.150151214,0.0,0.0
0.8537294159327108,0.2553525965,0.14871761075,0.1502447135,0.0,0.0
0.8535012522572876,0.0696594245,0.11841655449999999,0.147307291,0.0,0.0
0.8435952182771228,0.0,0.16333501066666667,0.250964902,0.0,0.0
0.7547844641069354,0.0,0.203127512,0.39564629799999995,0.0,0.0
0.6182017325935205,0.0,0.2740269616666667,0.4699946246666667,0.0,0.0
0.6019163564203384,0.005315640714285715,0.3526211924285715,0.5771408961428571,0.0,0.0
0.7192973493435794,0.3219093765,0.33470085650000003,0.560528022,0.0,0.0
0.7117494420228908,0.38744315240000005,0.30712802780000004,0.4371887259999999,0.0,0.0
0.7196582826353217,0.074219163,0.277697446,0.40813279,0.0,0.0
0.7200989623775507,0.0,0.227430917,0.36361402950000005,0.0,0.0
0.6354715359457261,0.0,0.23149863975,0.35699712725000005,0.0,0.0
0.5770161198325878,0.0,0.27273844733333336,0.37870950900000006,0.0,0.0
0.6215148525037122,0.00351955725,0.361220339,0.518115384,0.0,0.0
0.7154233679981624,0.076266074,0.47771858300000003,0.670317544,0.0,0.0
0.7076525572012478,0.13360364900000002,0.60387485625,0.75892696525,0.0,0.0
0.7013677016750783,0.0675731215,0.6869006115,0.8393202040000001,0.0,0.0
0.706560487487733,0.010627089,0.7549086635,0.874521669,0.0,0.0
0.6953083124387347,0.0,0.7359020517499999,0.892834006,0.0,0.0
0.6556049479818753,0.0,0.6292467985,0.8799525155,0.0,0.0
0.6180053547071335,0.0,0.6345650810000001,0.8715145809999999,0.0,0.0
0.8021492172094243,0.013299581999999999,0.7134662386666667,0.8980562253333333,0.0,0.0
0.8663797304987068,0.303718453,0.725713185,0.903115556,0.0,0.0
0.8641513117784667,0.497428963,0.8129316765000001,0.9105327825,0.0,0.0
0.8572175009810579,0.498104063,0.8221174775,0.9150234477500001,0.0,0.0
0.8571047792629107,0.295363907,0.734518548,0.910584515,0.0,0.0
0.860333817079447,0.032816205,0.699010429,0.8988985115,0.0,0.0
0.7961315737200763,0.0,0.8128833035,0.9079514615000001,0.0,0.0
0.6405611745303406,0.0,0.9242461226666666,0.837128523,0.0,0.0
0.6060985824185268,0.0,0.931809976,0.814294984,0.0,0.0
0.6682579523899452,0.0,0.926870822,0.8230570936666667,0.0,0.0
0.8267395620020018,0.0012650625,0.9320149634999999,0.8400416345,0.0,0.0
0.859830170061019,0.0407209185,0.929850475,0.8908183505,0.0,0.0
0.8540359704019979,0.20091224219999998,0.9162057446,0.9343197524000001,0.0,0.0
0.851262729526281,0.1603844475,0.8968636425000001,0.9363291069999999,0.0,0.0
0.8058409342613325,0.0,0.8873444645999999,0.9370446915999999,0.0,0.0
0.6262828537688734,0.0,0.8517223193333333,0.9325320695,0.0,0.0
0.7750616186502887,0.006495544,0.77150822975,0.8832214520000001,0.0,0.0
0.8741908318114854,0.29865594,0.575515593,0.763822955,0.0,0.0
0.8687687622030834,0.522024617,0.4979738575,0.665788209,0.0,0.0
0.8638531437971615,0.576228019,0.5249914516666666,0.6115449123333334,0.0,0.0
0.8607683818483776,0.303298311,0.661568865,0.7763912785,0.0,0.0
0.8640894988843086,0.0144808075,0.6036371835,0.8088479749999999,0.0,0.0
0.7967697735620017,0.0,0.71841815725,0.8579075489999999,0.0,0.0
0.6410068491131572,0.0,0.8991207646666667,0.9206890256666665,0.0,0.0
0.619537845817639,0.0,0.90037977775,0.93720712675,0.0,0.0
0.7996955380545562,0.0035877989999999996,0.8869321469999999,0.9373504606666666,0.0,0.0
0.8636751422112314,0.232783625,0.8782289315,0.9374527265,0.0,0.0
0.859515299207732,0.47264642766666665,0.8826050236666667,0.9374241813333333,0.0,0.0
0.8543237935148948,0.421534626,0.8695704535,0.9369392759999999,0.0,0.0
0.8574126092713997,0.1626916775,0.857268598,0.9258826855,0.0,0.0
0.8578528433511847,0.0,0.838890876,0.90130826,0.0,0.0
0.79514603070831,0.0,0.73654603225,0.844680399,0.0,0.0
0.634289695851219,0.0,0.50905816,0.73427577975,0.0,0.0
0.6615901115492123,0.0,0.262692012,0.45125549225,0.0,0.0
0.840887307618801,0.0032135035,0.3316060805,0.3343752715,0.0,0.0
0.8714554741981198,0.053707912000000003,0.417801863,0.4679816805,0.0,0.0
0.8639848467295441,0.1309905835,0.4531260325,0.60694099825,0.0,0.0
0.8588205442207486,0.1337494555,0.4421602115,0.613882786,0.0,0.0
0.8591456106227955,0.021546037,0.448566202,0.64659717,0.0,0.0
0.8087084672323105,0.0,0.5404721874,0.7114487628,0.0,0.0
0.6075239274185444,0.0,0.7333895242,0.7677900625999999,0.0,0.0
0.6282264272520621,0.0019376859999999999,0.8154358648000001,0.9051851685999999,0.0,0.0
0.7473880852723784,0.199105813,0.746767466,0.917268844,0.0,0.0
0.7560567033332521,0.35712612099999996,0.7215828165,0.899246555,0.0,0.0
0.7547790921521116,0.4462740075,0.6025713525,0.844064621,0.0,0.0
0.7537869083500222,0.380119881,0.512054128,0.783936909,0.0,0.0
0.7649935123796187,0.161066762,0.45665554399999997,0.7612264725,0.0,0.0
0.732262690179263,0.0,0.35284460500000003,0.6546024268,0.0,0.0
0.6134040576448293,0.0,0.2336628071428572,0.4702104607142857,0.0,0.0
0.6296847573572878,0.0038915766666666666,0.292220984,0.5742161633333334,0.0,0.0
0.7348277697341703,0.357105145,0.329439987,0.6553572525,0.0,0.0
0.7602359771648001,0.5423282695,0.318096704,0.6179744835000001,0.0,0.0
0.7576670084219188,0.4392990736666667,0.407770091,0.6630068273333333,0.0,0.0
0.765610955566615,0.129232674,0.5097880955,0.787818338,0.0,0.0
0.7502617264014715,0.0,0.6122225887999999,0.8863901898,0.0,0.0
0.6526012986491091,0.0,0.6968251892,0.9103674681999999,0.0,0.0
0.6487913263218922,0.0,0.7734824583333334,0.9250201023333333,0.0,0.0
0.8211821624261652,0.02534035533333333,0.7989888376666666,0.932888294,0.0,0.0
0.8795139184273364,0.0969079595,0.8239108305,0.9322796645,0.0,0.0
0.878882668016083,0.12159177433333333,0.8857035673333334,0.9342149596666666,0.0,0.0
0.8762383990794538,0.023901927,0.879030603,0.9366431023333334,0.0,0.0
0.8403542903119392,0.0,0.8927704306,0.9365089464,0.0,0.0
0.7055151775860188,0.0,0.8825645150000001,0.930620936,0.0,0.0
0.6266313056384657,0.0,0.9010261805,0.9352953956666666,0.0,0.0
0.7790996760888049,0.0,0.9052077030000001,0.932669343,0.0,0.0
0.8599660029795606,0.0243668525,0.87867351,0.9265652639999999,0.0,0.0
0.8601814336705735,0.0411379615,0.796925633,0.913767392,0.0,0.0
0.8511367263018078,0.09179691766666669,0.6410281713333333,0.896736815,0.0,0.0
0.8513786744470506,0.034179101,0.663922259,0.8622000255,0.0,0.0
0.8323628161159411,0.0,0.5689785924,0.7471157798,0.0,0.0
0.7341325118704006,0.0,0.477674477,0.746524038,0.0,0.0
0.6328928433930897,0.0,0.5216563684000001,0.8000962323999999,0.0,0.0
0.6425005692335322,0.0,0.677166481,0.9018701979999999,0.0,0.0
0.8031563589389507,0.030844442333333333,0.784954168,0.9110376186666667,0.0,0.0
0.8666892521887677,0.2074589305,0.816514248,0.9329715009999999,0.0,0.0
0.8650692698372293,0.44248816300000005,0.740445594,0.9154078290000001,0.0,0.0
0.8613344818332592,0.3431515596666667,0.5243950606666666,0.780447354,0.0,0.0
0.8683111090501296,0.0062674565,0.28208541,0.502773135,0.0,0.0
0.8298689082178707,0.0,0.329380193,0.45346582075,0.0,0.0
0.6744082627476212,0.0,0.381031127,0.47328290674999995,0.0,0.0
0.6609954367967986,0.0,0.5661627462500001,0.7112280797499999,0.0,0.0
0.8598828847227566,0.0017625365,0.6454213615,0.7985815439999999,0.0,0.0
0.8988574674147898,0.252168841,0.678009568,0.812624579,0.0,0.0
0.888131040929219,0.5503670079999999,0.4922095383333333,0.731083317,0.0,0.0
0.8876702026752484,0.3091050855,0.39563839450000005,0.6287232675000001,0.0,0.0
0.8994394778177077,0.0430140935,0.42426220950000004,0.610312724,0.0,0.0
0.8984138349343609,0.0,0.3844679406666667,0.6246205606666666,0.0,0.0
0.7820721888487201,0.0,0.21814218500000002,0.4217160486666667,0.0,0.0
0.6469766661067683,0.0,0.21856824425000002,0.39588384875,0.0,0.0
0.6414093339897782,0.0,0.3451014295,0.5008485275,0.0,0.0
0.8154737205783434,0.0007040573333333333,0.534402257,0.6947526133333333,0.0,0.0
0.8982275427808699,0.053397031,0.6037227365,0.7841965285,0.0,0.0
0.8915051393752887,0.1510233095,0.6166647785,0.8235990572499999,0.0,0.0
0.8912288787149323,0.200386694,0.6767131820000001,0.824799404,0.0,0.0
0.9038906003889111,0.0013748945,0.63365894825,0.84328033375,0.0,0.0
0.7820281760933362,0.0,0.5505712393333333,0.7917646593333334,0.0,0.0
0.6228215070922273,0.0,0.37469060183333336,0.6436531931666666,0.0,0.0
0.6656028327204403,0.0009153406666666666,0.30145665399999994,0.4989511653333334,0.0,0.0
0.7411889654941509,0.209459734,0.298600414,0.495549472,0.0,0.0
0.7606709990786806,0.411328123,0.286998926,0.47313871750000003,0.0,0.0
0.7514846410254648,0.484244869,0.32522653625,0.48711841,0.0,0.0
0.7555191323097455,0.204621559,0.414984288,0.553491883,0.0,0.0
0.7858257827698105,0.0028558325,0.469739146,0.612795398,0.0,0.0
0.7507779920623323,0.0,0.5069876114,0.642885789,0.0,0.0
0.637667550947167,0.0,0.501731304,0.6601794236666666,0.0,0.0
0.6375533967523256,0.00033489233333333337,0.5091180356666668,0.6951101811666666,0.0,0.0
0.7399985645039147,0.212467293,0.505715933,0.739887144,0.0,0.0
0.7597170826417761,0.375422123,0.4910926225,0.7490231395,0.0,0.0
0.7550789555310101,0.231358179,0.42576232675,0.6987936699999999,0.0,0.0
0.7614475235801221,0.0253388045,0.337212911,0.6423249625,0.0,0.0
0.753358963747496,0.0,0.2767889028,0.5303651412000001,0.0,0.0
0.6513448419049371,0.0,0.16754593485714286,0.27047769214285716,0.0,0.0
0.8152572992455783,0.0,0.22082833566666668,0.30755412066666665,0.0,0.0
0.9004779983997242,0.0159797185,0.210538781,0.35411187,0.0,0.0
0.9018241813481186,0.058046378333333336,0.19328632366666668,0.33264800733333333,0.0,0.0
0.898778921102954,0.04689725333333333,0.20997223266666665,0.338351517,0.0,0.0
0.9026599661095402,0.0010357305,0.2536427865,0.42079947900000003,0.0,0.0
0.8499434677654524,0.0,0.27157066625000004,0.46525273225,0.0,0.0
0.6845398277383175,0.0,0.328040228,0.539592485,0.0,0.0
0.635754174450733,0.0,0.343076529,0.5691194095000001,0.0,0.0
0.8157192195802004,0.00035466566666666663,0.2740861483333333,0.5573475423333334,0.0,0.0
0.8999011085999442,0.1203826715,0.2037098845,0.454426281,0.0,0.0
0.8990650709013341,0.1765000344,0.1088074698,0.2502464622,0.0,0.0
0.9036992181532046,0.035560024499999995,0.0917301955,0.1399400895,0.0,0.0
0.8667489802760203,0.0,0.1889223944,0.17348320899999997,0.0,0.0
0.703970632475097,0.0,0.2529992885,0.2493996555,0.0,0.0
0.6371171784653626,0.0,0.389589025,0.40362914675,0.0,0.0
0.6937395473781199,0.0,0.44597794999999996,0.5046895929999999,0.0,0.0
0.8628777925314264,0.0,0.447904515,0.5361863105,0.0,0.0
0.9025874547155155,0.1363818755,0.36740621900000003,0.5334666514999999,0.0,0.0
0.9001744965156542,0.22922207966666666,0.2525625226666666,0.4219884876666667,0.0,0.0
0.8960598244770815,0.19891525333333335,0.193950509,0.37023692466666663,0.0,0.0
0.9067470234518638,0.0009783095,0.243672799,0.3613307885,0.0,0.0
0.8530562406374581,0.0,0.26368931999999995,0.30757341475,0.0,0.0
0.6593505584132552,0.0,0.2297321801428571,0.26034371771428566,0.0,0.0
0.8214801018226087,0.0,0.23509212133333335,0.333477021,0.0,0.0
0.9074100490664473,0.1035328105,0.207667746,0.32614230099999997,0.0,0.0
0.89626834844194,0.2845371338,0.19093075119999997,0.25864728360000006,0.0,0.0
0.8996926729475724,0.0716166915,0.1718672315,0.21555564849999997,0.0,0.0
0.9074930758100314,0.0,0.16383867233333335,0.1546911333333333,0.0,0.0
0.7558822602465534,0.0,0.09341511675,0.081534773,0.0,0.0
0.6463648899638536,0.0,0.0575009662,0.0271528088,0.0,0.0
0.8318769509286885,0.0,0.09511032000000001,0.071267984,0.0,0.0
0.9152095832965226,0.025661569000000002,0.1223083205,0.137987157,0.0,0.0
0.9069208036375089,0.125511506,0.19501289450000003,0.23328216725,0.0,0.0
0.9042726790314187,0.080660125,0.3318845425,0.4108416525,0.0,0.0
0.9086286134111022,0.0,0.43624065050000005,0.56726299,0.0,0.0
0.8527534397808209,0.0,0.484040275,0.71259876675,0.0,0.0
0.6541699242400094,0.0,0.463763399,0.69949047975,0.0,0.0
0.6108302952832101,0.0,0.6109493184,0.8049360258,0.0,0.0
0.7170355628571142,0.016883780666666667,0.8114872186666666,0.8829812713333333,0.0,0.0
0.7528086095955866,0.0419249192,0.7821069122,0.9022832411999999,0.0,0.0
0.7569671632783994,0.004005765,0.667213734,0.886505557,0.0,0.0
0.7494603168048066,0.0,0.6183411983999999,0.8667523356,0.0,0.0
0.6575371037763295,0.0,0.6986978846666666,0.8905033623333334,0.0,0.0
0.6187329768428969,0.0,0.6310677498571428,0.8853633721428571,0.0,0.0
0.7298434195738874,0.0343227225,0.589871109,0.8700413659999999,0.0,0.0
0.7466848265321653,0.1458216802,0.572221065,0.8242743548,0.0,0.0
0.7516813609914382,0.0174766065,0.600662198,0.851339923,0.0,0.0
0.7474127282019206,0.0,0.633436498,0.8607263898000002,0.0,0.0
0.6623671731643838,0.0,0.54710326475,0.816630536,0.0,0.0
0.6368775468011393,0.0,0.424394193,0.701266146,0.0,0.0
0.8156428526158087,0.0,0.34451794899999993,0.5514795853333333,0.0,0.0
0.9001990631329813,0.053771711,0.2992239645,0.5099217665,0.0,0.0
0.8984820409707909,0.08866814749999999,0.17816489800000002,0.35963599700000004,0.0,0.0
0.8970742203262596,0.018846685,0.125302302,0.322453989,0.0,0.0
0.897658356702168,0.0,0.108891921,0.28954709624999997,0.0,0.0
0.7555688752320274,0.0,0.218591038,0.35406042825,0.0,0.0
0.6348369593732847,0.0,0.3155205015,0.44479347999999996,0.0,0.0
0.6920256341137345,0.0,0.41448553050000003,0.5413555655,0.0,0.0
0.8720411574917938,0.010170503666666667,0.438652655,0.6435496180000001,0.0,0.0
0.9034561270341064,0.1177666515,0.553540442,0.7275445385,0.0,0.0
0.9000285595367989,0.16055908533333332,0.6850220866666668,0.8359021536666665,0.0,0.0
0.8985214740518821,0.103553859,0.6462709950000001,0.8209249015,0.0,0.0
0.9064990403392629,0.0,0.570828091,0.815671393,0.0,0.0
0.8997675311825112,0.0,0.5485498919999999,0.772561864,0.0,0.0
0.7555407348426209,0.0,0.585676683,0.7863490390000001,0.0,0.0
0.6346578757190895,0.0,0.45534821225,0.6683510852500001,0.0,0.0
0.6924990148069259,0.0,0.32357904449999997,0.560677749,0.0,0.0
0.8748168854411625,0.006766307,0.2831534416666666,0.49032089733333334,0.0,0.0
0.9054225267830798,0.102930098,0.295762948,0.485304379,0.0,0.0
0.9017530721699873,0.11346098725,0.35077967475,0.49204898124999996,0.0,0.0
0.8991133142231891,0.0193348175,0.33039826149999996,0.547152675,0.0,0.0
0.9006590023079661,0.0,0.389781942,0.5909788645,0.0,0.0
0.7555880089146199,0.0,0.46892192850000003,0.65217685875,0.0,0.0
0.6345576812292492,0.0,0.40110006375,0.60548559675,0.0,0.0
0.6918659812752013,0.0,0.34622138,0.547052063,0.0,0.0
0.8721189417467389,0.014729695000000001,0.339661738,0.5399012936666666,0.0,0.0
0.9002347701594371,0.18434968499999999,0.29042364649999997,0.5186472135,0.0,0.0
0.889993146685955,0.30144752575,0.2325907805,0.4430627005,0.0,0.0
0.9045118382282974,0.065272441,0.339455391,0.479795871,0.0,0.0
0.8677232830886199,0.0,0.4545701812,0.671919379,0.0,0.0
0.6598135084892526,0.0,0.49414294371428574,0.717099266,0.0,0.0
0.8293368921632411,0.0,0.47896581399999993,0.7058174123333333,0.0,0.0
0.9160711690137057,0.204907005,0.44829985549999996,0.6673409539999999,0.0,0.0
0.9072777593742893,0.4883101055,0.2848731015,0.52924751375,0.0,0.0
0.9103019505462207,0.238521484,0.322915773,0.5315484239999999,0.0,0.0
0.9181313396264854,0.0,0.406158675,0.560082041,0.0,0.0
0.781350794645873,0.0,0.4157557043333333,0.551288882,0.0,0.0
0.6289092539689738,0.0,0.33630313000000006,0.4217678755,0.0,0.0
0.6164524399071238,0.0,0.23714555766666667,0.26582290599999997,0.0,0.0
0.7001531149844795,0.0055919383333333334,0.26216580366666664,0.3237626003333333,0.0,0.0
0.7773869057982747,0.1364091965,0.24945625600000002,0.3117906185,0.0,0.0
0.7798804067548437,0.2798074275,0.1649438755,0.1834392115,0.0,0.0
0.7773468554117123,0.2483853815,0.1292026215,0.12327558,0.0,0.0
0.7938783750085616,0.0518379215,0.16687985449999998,0.1390695665,0.0,0.0
0.8038291989623682,0.0,0.12978699433333332,0.09389488233333333,0.0,0.0
0.7139569920724534,0.0,0.13121327900000002,0.08506650675,0.0,0.0
0.6225141418589186,0.0,0.11113869916666667,0.13078895566666668,0.0,0.0
0.7019298850725219,0.003367073333333333,0.22409239233333333,0.4724388676666667,0.0,0.0
0.7728129346817865,0.070153651,0.317511597,0.626100699,0.0,0.0
0.776015348443826,0.12902693166666668,0.38942125166666663,0.6322978293333333,0.0,0.0
0.7747732993890812,0.103919046,0.4343502305,0.6636341335,0.0,0.0
0.7879584646651343,0.0164376205,0.5158138895,0.7818504205000001,0.0,0.0
0.7719353379365269,0.0,0.5205401188,0.7972940317999999,0.0,0.0
0.6673602558262632,0.0,0.49167578600000006,0.7871187865,0.0,0.0
0.678675626798256,0.0,0.5877483795,0.85394965075,0.0,0.0
0.901772609709783,0.0070385533333333335,0.6980810653333333,0.901333824,0.0,0.0
0.930770780618461,0.17294768366666666,0.7432338873333334,0.8986643546666667,0.0,0.0
0.9278603322282573,0.1665697143333333,0.75330278,0.8971586676666666,0.0,0.0
0.933220954673325,0.0206568925,0.738573025,0.907391568,0.0,0.0
0.8795973932884158,0.0,0.7499224047999999,0.9136305372000001,0.0,0.0
0.6924463915097672,0.0,0.7698962823333334,0.9061060133333334,0.0,0.0
0.6497990967526889,0.0,0.7227818367500001,0.8796495575000001,0.0,0.0
0.8514738321176484,0.0,0.7500824713333333,0.8994306270000001,0.0,0.0
0.9287541959760098,0.054913612,0.7549591375,0.9104847535,0.0,0.0
0.9288624447439983,0.182670733,0.7634924823333332,0.8933219263333333,0.0,0.0
0.9277060743095601,0.1663060215,0.822704416,0.9067477740000001,0.0,0.0
0.9332639310551202,0.010604349666666667,0.8521132706666666,0.9267663516666667,0.0,0.0
0.9179758472826469,0.0,0.862662109,0.9313173175,0.0,0.0
0.782911250075737,0.0,0.8492494316666667,0.9290149246666667,0.0,0.0
0.6514551267263384,0.0,0.86157792,0.9276320254,0.0,0.0
0.7163476811223646,0.0,0.8534500014999999,0.9280160584999999,0.0,0.0
0.9002705990713943,0.0019190606666666665,0.8397579636666667,0.9253806349999999,0.0,0.0
0.930342586125884,0.070147645,0.79525355,0.9128680490000001,0.0,0.0
0.928321825740664,0.11798663924999998,0.7305003477500001,0.87666117825,0.0,0.0
0.9329141761502451,0.0119496885,0.7119051495,0.8481656120000001,0.0,0.0
0.8779698855030731,0.0,0.6416588342,0.8027081452000001,0.0,0.0
0.707904780740163,0.0,0.45511679149999995,0.6088654455,0.0,0.0
0.6684201731726646,0.0,0.39260940883333334,0.5262761366666666,0.0,0.0
0.9008175578797069,0.0020284256666666667,0.32945727233333333,0.4450415056666667,0.0,0.0
0.9332912713108036,0.055954916,0.274351972,0.368610154,0.0,0.0
0.9340148906672517,0.095537403,0.3016156216666666,0.32476735166666665,0.0,0.0
0.9348793262260027,0.03357659666666667,0.25294131400000003,0.29198431433333333,0.0,0.0
0.8922933833039234,0.0,0.22793518466666665,0.30284100833333333,0.0,0.0
0.71122294896449,0.0,0.149701476,0.21964598200000002,0.0,0.0
0.6566360071199755,0.0,0.13232709699999998,0.1902004132,0.0,0.0
0.831816357186824,0.0,0.1440151985,0.210699021,0.0,0.0
0.9337578550540667,0.007873753333333334,0.13251395933333335,0.2045181706666667,0.0,0.0
0.9458734180286825,0.040337552250000006,0.09467102375,0.13561609375,0.0,0.0
0.9459907116422508,0.010093368,0.0699566435,0.092198103,0.0,0.0
0.9406206023804073,0.0,0.063928698,0.078351657,0.0,0.0
0.8125793806453421,0.0,0.0514071625,0.058674145500000004,0.0,0.0
0.6446957432798703,0.0,0.052205331285714286,0.04499241742857142,0.0,0.0
0.6928494326500148,0.00069274325,0.07596415975,0.10023227125,0.0,0.0
0.7864123194354072,0.027790913,0.112349498,0.145571025,0.0,0.0
0.7904853257081509,0.08685822566666668,0.126660351,0.19775946133333333,0.0,0.0
0.7926128718141962,0.035783577,0.19507824066666668,0.28552137633333335,0.0,0.0
0.8099213349310576,0.0,0.249691991,0.372570884,0.0,0.0
0.7817946312746067,0.0,0.2616531954,0.42175740940000006,0.0,0.0
0.6653735488999198,0.0,0.283183389,0.473742643,0.0,0.0
0.6194436977033424,0.0,0.25951654425000004,0.41479546175000004,0.0,0.0
0.6942476063915693,0.0005764925,0.3420909755,0.5472135032500001,0.0,0.0
0.7899098684098385,0.038624414499999996,0.3655039175,0.6427298735,0.0,0.0
0.7909326767120785,0.08225530900000001,0.3653000893333333,0.5895622766666667,0.0,0.0
0.798739114566669,0.022621936333333332,0.37473989166666666,0.6063018653333333,0.0,0.0
0.7955903451653688,0.0,0.3819439285,0.56469191825,0.0,0.0
0.6976771611749946,0.0,0.25636765219999996,0.34420217579999995,0.0,0.0
0.6840794771006721,0.0,0.15513639833333334,0.21716269566666666,0.0,0.0
0.8971657052423554,0.00191431325,0.151558081,0.19701733524999998,0.0,0.0
0.9554726812398652,0.204444731,0.0894930035,0.11962640349999999,0.0,0.0
0.9473102706104692,0.29079046849999995,0.07225145725000001,0.11653939925,0.0,0.0
0.9565825700934101,0.012927297,0.1128456265,0.160600782,0.0,0.0
0.9473068263293482,0.0,0.10278252966666668,0.14484249400000002,0.0,0.0
0.8014489759380261,0.0,0.07767783333333333,0.10975012633333335,0.0,0.0
0.6845759081010544,0.0,0.07030203033333333,0.09662269933333334,0.0,0.0
0.8491519472597417,0.0,0.06501014799999999,0.09202793749999999,0.0,0.0
0.94929517156281,0.055515628000000004,0.07681052533333334,0.09361609766666668,0.0,0.0
0.9535326616752922,0.28620851049999996,0.0585989235,0.0694548125,0.0,0.0
0.9489732141824354,0.28013283233333336,0.08655783066666667,0.11069752966666668,0.0,0.0
0.958013730547971,0.011831951,0.172337822,0.2007169905,0.0,0.0
0.9484706034137288,0.0,0.22949296233333336,0.2823784563333333,0.0,0.0
0.7775715329016804,0.0,0.284480433,0.37302325525,0.0,0.0
0.6764118165715032,0.0,0.4232264208,0.549699801,0.0,0.0
0.8907900621115017,0.00121943125,0.6505186002500001,0.7471907417500001,0.0,0.0
0.9482365495843005,0.1679369095,0.8018775954999999,0.853754616,0.0,0.0
0.9423659250553653,0.13349699999999998,0.8759907992499999,0.90042977925,0.0,0.0
0.9465311172468642,0.004629331,0.9033718669999999,0.927347343,0.0,0.0
0.8863242452695328,0.0,0.9218131208000001,0.9361160734,0.0,0.0
0.6827994313557395,0.0,0.90878844725,0.936627441,0.0,0.0
0.6562502953184123,0.0,0.9160464823333333,0.935459693,0.0,0.0
0.8781473597781376,0.0,0.8949455,0.93730991,0.0,0.0
0.9429147887705566,0.006486218,0.868964731,0.937229491,0.0,0.0
0.9399197667313897,0.014653269,0.82006903525,0.9354836504999999,0.0,0.0
0.9371378436541415,0.005107107999999999,0.8663297815,0.9360237135,0.0,0.0
0.9296996314859651,0.0,0.90031495825,0.9372141495,0.0,0.0
0.8079697483581016,0.0,0.89557692,0.9372478575000001,0.0,0.0
0.690605202556095,0.0,0.8406746900000001,0.9348712326666666,0.0,0.0
0.6679641064536479,0.0,0.8068674041999999,0.928742607,0.0,0.0
0.895733935199261,0.0006156046666666667,0.7836843516666666,0.921867911,0.0,0.0
0.9254023553212516,0.098354066,0.7847367685,0.915107421,0.0,0.0
0.9228512628955828,0.19035177766666667,0.7701613956666667,0.899011066,0.0,0.0
0.922246514603778,0.04074073066666666,0.7215102806666667,0.889308611,0.0,0.0
0.9149776172765453,0.0,0.7092860866666667,0.890630421,0.0,0.0
0.7810267798283291,0.0,0.676007609,0.875762731,0.0,0.0
0.6321639861410049,0.0,0.6015236055000001,0.833398422,0.0,0.0
0.7044012082437195,0.00053116,0.5040366427499999,0.74494760925,0.0,0.0
0.7918572945252601,0.152046536,0.459961422,0.6971629035,0.0,0.0
0.791862460872621,0.24233663775,0.416280235,0.6480348135,0.0,0.0
0.8074406811522361,0.005713984,0.3768605975,0.5679391764999999,0.0,0.0
0.7869515363442381,0.0,0.45823871580000003,0.6257348232,0.0,0.0
0.6429413137212402,0.0,0.5416577,0.7261649883333333,0.0,0.0
0.6491853378522476,0.0,0.628432546,0.8531397513333333,0.0,0.0
0.7596170100622105,0.001228449,0.638705742,0.8912929573333334,0.0,0.0
0.7910007379599289,0.012120733500000001,0.564346103,0.8550214870000001,0.0,0.0
0.7980659392590295,0.0030764103333333335,0.43117743833333333,0.7475092480000001,0.0,0.0
0.7820173039859056,0.0,0.378507324,0.6681800452,0.0,0.0
0.6773969488216984,0.0,0.3388089636666667,0.5117186993333332,0.0,0.0
0.6542910582873512,0.0,0.43446612025,0.63666855425,0.0,0.0
0.8129994980433997,0.0,0.6332612815,0.7958262955,0.0,0.0
0.8927835278366206,0.019409649333333334,0.7169805060000001,0.8994357809999999,0.0,0.0
0.8955032219293649,0.08706854859999999,0.8001588766,0.9143979898,0.0,0.0
0.9027865178930892,0.004874488,0.805165294,0.9255837775,0.0,0.0
0.8651057448909836,0.0,0.7525671912,0.9032593674000001,0.0,0.0
0.69077832738421,0.0,0.794176962,0.8947623866666666,0.0,0.0
0.6557908552918055,0.0,0.86189737275,0.9289510802500001,0.0,0.0
0.8785332560008872,0.0006262735,0.87228402625,0.9356011715,0.0,0.0
0.9276518965758856,0.301313094,0.874291696,0.9361359195,0.0,0.0
0.9234385844716018,0.4015344255,0.89297392075,0.9371288575000001,0.0,0.0
0.9327807205935399,0.009069511,0.895693021,0.9365627095,0.0,0.0
0.9278994986476544,0.0,0.8366740476666666,0.9274470586666667,0.0,0.0
0.8092761399761705,0.0,0.711859601,0.8812422965,0.0,0.0
0.6980430185220721,0.0,0.5117072626666667,0.7672571326666667,0.0,0.0
0.6691484520235447,0.0,0.31153623625,0.6166939935,0.0,0.0
0.8962077425784136,0.0004135735,0.22196579174999997,0.39587382,0.0,0.0
0.9343553796480485,0.218354704,0.23698539066666666,0.296775705,0.0,0.0
0.925819013227274,0.31392742966666665,0.24888031666666666,0.33109284499999997,0.0,0.0
0.9371033710899873,0.0068038115,0.30000318400000003,0.4218754865,0.0,0.0
0.9313145999337262,0.0,0.38079008166666667,0.5267973536666667,0.0,0.0
0.7867077899567944,0.0,0.43092127966666666,0.616141186,0.0,0.0
0.6677079152295233,0.0,0.4002085695,0.5824742313333333,0.0,0.0
0.8534641280145986,0.0,0.3303974965,0.5520650385,0.0,0.0
0.9238552957273043,0.0,0.28182455100000003,0.5256838015,0.0,0.0
0.9338958215386691,0.0052492965,0.299760386,0.543728593,0.0,0.0
0.9291148549882143,0.009282478,0.32950602325,0.5255751252499999,0.0,0.0
0.9263519512887413,0.0005376615,0.4354877465,0.625656062,0.0,0.0
0.8932488389664295,0.0,0.6404226835,0.8166487555,0.0,0.0
0.7561531030220616,0.0,0.7408624975,0.8701784575,0.0,0.0
0.6630535081300084,0.0,0.7096494136666666,0.8929426086666666,0.0,0.0
0.6557968330943681,0.0,0.5052912233333333,0.7619678919999999,0.0,0.0
0.8590493250530024,0.0,0.26254092875,0.4544003505,0.0,0.0
0.9123628526578087,0.031143847000000002,0.34446369649999997,0.405342048,0.0,0.0
0.9061779974222024,0.030174404,0.5241275875,0.53996993,0.0,0.0
0.9027427642682626,0.004979107,0.743383077,0.785122812,0.0,0.0
0.9011139579266816,0.0,0.8468613495,0.915236509,0.0,0.0
0.8932224359408844,0.0,0.8111143173333333,0.9218508413333334,0.0,0.0
0.7818040891534856,0.0,0.8313830963333334,0.9291738359999999,0.0,0.0
0.6395825618303164,0.0,0.7776689547500001,0.9065703858749999,0.0,0.0
0.7604426754780839,0.010461603333333333,0.7885228226666667,0.9117034610000001,0.0,0.0
0.7912297474018177,0.079590018,0.8336172195,0.9196376535,0.0,0.0
0.7873803632937442,0.0751599315,0.87931727425,0.9316312554999999,0.0,0.0
0.8016778176758701,0.0,0.91399605525,0.92868115875,0.0,0.0
0.7128118533745627,0.0,0.8775937905,0.901756793,0.0,0.0
0.6328688679798995,0.0,0.6913512715,0.8689389839999999,0.0,0.0
0.6369921170516435,0.0,0.48490130360000006,0.7257068294,0.0,0.0
0.7611900688988197,0.030177767666666664,0.4343223843333333,0.6300677886666667,0.0,0.0
0.7916035050995285,0.23616565139999998,0.598047472,0.7029179926,0.0,0.0
0.8073520309287276,0.00383055,0.664748764,0.8119156249999999,0.0,0.0
0.790129441379609,0.0,0.7625917824,0.8851331520000001,0.0,0.0
0.6697203241433618,0.0,0.8727942902857142,0.9258510088571429,0.0,0.0
0.8829774292033521,0.0,0.8641890765,0.9319556670000001,0.0,0.0
0.9291452356554286,0.2290342505,0.849644783,0.9285049415,0.0,0.0
0.9250109956428451,0.3611096626666667,0.8312283673333333,0.920555278,0.0,0.0
0.9270383853111089,0.104997353,0.797045702,0.9196242365,0.0,0.0
0.9263788343994748,0.0,0.82579273675,0.9278118415000001,0.0,0.0
0.7844786701224145,0.0,0.8541011423333332,0.9313448836666667,0.0,0.0
0.667369620707991,0.0,0.7922781588333333,0.9182147243333333,0.0,0.0
0.8894011922469908,0.0,0.618637441,0.8505333972500001,0.0,0.0
0.9330077184415765,0.174758331,0.5639636145,0.8371382745,0.0,0.0
0.928568460123306,0.29120891849999997,0.5075595595,0.80720038025,0.0,0.0
0.9337893405811438,0.0056922595,0.44700449600000003,0.7554080405,0.0,0.0
0.9251637295220815,0.0,0.3573277953333333,0.6236771390000001,0.0,0.0
0.7852899948172283,0.0,0.305308536,0.4921491976666667,0.0,0.0
0.6681403311471588,0.0,0.24751160150000004,0.36835153716666663,0.0,0.0
0.856737193698339,0.0,0.2551773465,0.38856184699999996,0.0,0.0
0.9318440937883928,0.024560744333333332,0.24170745800000001,0.387091295,0.0,0.0
0.9362868192041556,0.20826925525,0.18668822,0.26385876475,0.0,0.0
0.9374188820403434,0.0585735275,0.18767573850000002,0.2663568795,0.0,0.0
0.9378689000328134,0.0,0.25122810375,0.365497388,0.0,0.0
0.8143352416968055,0.0,0.2595443845,0.37442857900000004,0.0,0.0
0.7046015400462181,0.0,0.20992264566666666,0.278916566,0.0,0.0
0.6745501877859297,0.0,0.215861981,0.31129642975,0.0,0.0
0.9011933043103065,0.0,0.2741311365,0.4520968815,0.0,0.0
0.9461593255176952,0.0864416585,0.32890303,0.5604804489999999,0.0,0.0
0.9424919191235619,0.1371578522,0.34140697360000005,0.5476039665999999,0.0,0.0
0.9416553968334681,0.0,0.431091064,0.694679214,0.0,0.0
0.8148196407649835,0.0,0.4439726075,0.7109272865,0.0,0.0
0.7045877022267182,0.0,0.37611012666666666,0.6437860583333334,0.0,0.0
0.6732683246959688,0.0,0.37083784025,0.635772218,0.0,0.0
0.8959209664322436,0.0,0.38335053325,0.6227239712499999,0.0,0.0
0.9435107436923349,0.1491942335,0.367642698,0.5996120405,0.0,0.0
0.9425377240318262,0.24553742033333334,0.32482716333333334,0.523128442,0.0,0.0
0.943737330028164,0.0825397435,0.293988144,0.5074343365,0.0,0.0
0.940034180019628,0.0,0.29710408225,0.5220114057499999,0.0,0.0
0.8137118093238345,0.0,0.309553938,0.562185495,0.0,0.0
0.6869277469402141,0.0,0.24937821399999996,0.452163701,0.0,0.0
0.6413773394470474,0.0,0.20541489340000002,0.3807342272,0.0,0.0
0.7578392646300369,0.0088322075,0.22090457,0.462835047,0.0,0.0
0.8092391070732872,0.12451161125000001,0.28519207599999996,0.557275961,0.0,0.0
0.8193351518047619,0.02754114566666667,0.31170993766666666,0.5758462606666667,0.0,0.0
0.7998278017395193,0.0,0.5250924468,0.7276595096,0.0,0.0
0.6709269099780437,0.0,0.6849341173333333,0.8437192083333334,0.0,0.0
0.636987986299984,0.0,0.7695565545,0.868763416,0.0,0.0
0.7242992100654774,0.0,0.77441199775,0.8714117097499999,0.0,0.0
0.8113708746787112,0.0732963975,0.7156745935,0.858939116,0.0,0.0
0.814817263403147,0.097083442,0.549635555,0.756689227,0.0,0.0
0.829207048579315,0.001500927,0.315043258,0.538819334,0.0,0.0
0.8025090182145889,0.0,0.16774579839999998,0.3130443276,0.0,0.0
0.6893045409899042,0.0,0.061343761,0.08164717257142859,0.0,0.0
0.8721229802939987,0.0,0.07386506949999999,0.07809925749999999,0.0,0.0
0.9441671704209295,0.020752427333333334,0.085360649,0.09731429366666666,0.0,0.0
0.9493133146408104,0.2144367665,0.0900185905,0.08595531449999999,0.0,0.0
0.95132948011605,0.03516525633333333,0.15536857333333334,0.1336518,0.0,0.0
0.9407571897132222,0.0,0.22782359466666668,0.22355664100000003,0.0,0.0
0.793186180285987,0.0,0.25561965966666667,0.2746229,0.0,0.0
0.6752048619149753,0.0,0.22634634816666666,0.2653266208333333,0.0,0.0
0.8956564785363739,0.0,0.26879910525,0.3533888705,0.0,0.0
0.9399863573142329,0.010165826,0.3295111155,0.542526343,0.0,0.0
0.936125223258044,0.01956105225,0.29653435575000003,0.58804684575,0.0,0.0
0.9382609912719617,0.0008754695,0.3015977995,0.606796922,0.0,0.0
0.938113774173289,0.0,0.364996792,0.6471894895,0.0,0.0
0.8394427208569478,0.0,0.49223849233333333,0.7209845960000001,0.0,0.0
0.7106921215536182,0.0,0.6344955834999999,0.794613502,0.0,0.0
0.6635649579559858,0.0,0.7761632601999999,0.8893814168,0.0,0.0
0.8547683251734033,0.0,0.826867971,0.9270696615,0.0,0.0
0.9284625506527083,0.0023154673333333335,0.7921231000000001,0.9275572950000001,0.0,0.0
0.9366353853166318,0.017881159,0.6528733035000001,0.902917863,0.0,0.0
0.9373487481939564,0.01301307325,0.532792401,0.8396623044999999,0.0,0.0
0.9334977867091285,0.0,0.41531397175,0.7368479342500001,0.0,0.0
0.8092140070582514,0.0,0.34670127900000003,0.6617385675,0.0,0.0
0.6772809603916271,0.0,0.3215360902857142,0.5589307274285714,0.0,0.0
0.8840762539376872,0.0,0.35626422874999997,0.57253398275,0.0,0.0
0.9318957264685728,0.0310386805,0.3558688115,0.6180955669999999,0.0,0.0
0.9306812311524622,0.0468059018,0.34872056900000004,0.6195738082,0.0,0.0
0.9280464795188482,0.0,0.3804020645,0.680143391,0.0,0.0
0.7590776255211777,0.0,0.41122130300000004,0.6972301974999999,0.0,0.0
0.660578819244291,0.0,0.43313695359999993,0.7129231748,0.0,0.0
0.8904642093621712,0.0009754916000000001,0.43923979660000007,0.7543557526,0.0,0.0
0.9270867870841153,0.010715413166666667,0.5368260930000001,0.8249753776666667,0.0,0.0
0.9246392495959657,0.0,0.6373498685000001,0.8699101815,0.0,0.0
0.8072545110081137,0.0,0.5790940605,0.8133437545,0.0,0.0
0.6816846086415177,0.0,0.4952723886666666,0.7404702573333334,0.0,0.0
0.6470037054514272,0.0,0.3217651915,0.6199652145,0.0,0.0
0.7779722384977187,0.0035224650000000002,0.223735261,0.4019067486666666,0.0,0.0
0.8103360665209636,0.07650535160000001,0.0949662718,0.14844803580000002,0.0,0.0
0.8262702961336024,0.0017068705,0.0807363245,0.0963351115,0.0,0.0
0.8000007681164828,0.0,0.07971442200000001,0.08118640699999999,0.0,0.0
0.6728482911685137,0.0,0.105327761,0.085041619,0.0,0.0
0.6480887381104857,0.0,0.13422479283333333,0.17183550133333333,0.0,0.0
0.7753187494183943,0.0030143713333333332,0.10802884,0.19557332833333332,0.0,0.0
0.8092662187936559,0.04461465,0.0975225155,0.2044412795,0.0,0.0
0.8146293101261667,0.035588955250000005,0.09451303424999999,0.13433917325,0.0,0.0
0.8355350976515687,0.0,0.136857011,0.163006999,0.0,0.0
0.8044045709160563,0.0,0.1665978976,0.2307823446,0.0,0.0
0.7005303930228367,0.0,0.14843532566666665,0.2535086856666667,0.0,0.0
0.6895337790201939,0.0,0.18509789550000003,0.31023950349999996,0.0,0.0
0.8749435592093067,0.0,0.2231374795,0.3942477055,0.0,0.0
0.947121204818622,0.011342809,0.265902283,0.41253899800000005,0.0,0.0
0.9489248124094289,0.2393591515,0.3725568,0.37026034750000003,0.0,0.0
0.9426003293799299,0.32702883250000003,0.520701051,0.473246043,0.0,0.0
0.945898022821936,0.06978446533333334,0.6098209673333334,0.6406697136666666,0.0,0.0
0.9373296221168209,0.0,0.648464566,0.7391916510000001,0.0,0.0
0.7872698208982675,0.0,0.729381187,0.8548941613333333,0.0,0.0
0.6687008229125772,0.0,0.815872819,0.9186546276666667,0.0,0.0
0.6599643265931326,0.0,0.8553258416666667,0.9320523553333334,0.0,0.0
0.8377518121679167,0.0,0.857831454,0.9354127210000001,0.0,0.0
0.9171685916560147,0.021944924,0.850407648,0.9352017360000001,0.0,0.0
0.920208838046949,0.2213852935,0.8474085650000001,0.93295777,0.0,0.0
0.9180481451788566,0.24158238299999998,0.8292530290000001,0.9274492853333333,0.0,0.0
0.9230700159822155,0.005303618,0.8427630795,0.930709543,0.0,0.0
0.8485783492851122,0.0,0.8486895288333334,0.9278819875000001,0.0,0.0
0.6619620975891392,0.0,0.7775482226666668,0.8810175055,0.0,0.0
0.8335621142275207,0.0,0.6772871285,0.7764630205,0.0,0.0
0.9161669058386218,0.01658730166666667,0.5780871193333333,0.682765378,0.0,0.0
0.9205953057566261,0.21707193149999998,0.41522947600000004,0.538238979,0.0,0.0
0.9176131537858983,0.1602352375,0.48085071300000004,0.6504267045000001,0.0,0.0
0.9155860384095592,0.0324732385,0.567377842,0.7562982899999999,0.0,0.0
0.9201033629420902,0.0,0.617959327,0.820574253,0.0,0.0
0.9101802907066276,0.0,0.6621079433333333,0.844565046,0.0,0.0
0.7830075660301983,0.0,0.6669637823333333,0.8624475129999999,0.0,0.0
0.6601606845814638,0.0,0.685906975,0.8858697363333333,0.0,0.0
0.8186556062455421,0.0,0.671713064,0.8843795830000001,0.0,0.0
0.909560454922107,0.0029957520000000004,0.6084948283333333,0.8629633086666667,0.0,0.0
0.9151880859196202,0.055056110400000004,0.6115515256,0.8780628964,0.0,0.0
0.9161135967621047,0.0025041805,0.6075982355,0.8706882165000001,0.0,0.0
0.9107659891864422,0.0,0.601252271,0.8496895173333333,0.0,0.0
0.7816220032636858,0.0,0.6803948439999999,0.8672585760000001,0.0,0.0
0.660458342055752,0.0,0.6509592478333334,0.8460887513333334,0.0,0.0
0.8751419594115062,0.0,0.46100589375,0.670157643,0.0,0.0
0.9239412485652152,0.08549285699999999,0.37823931499999996,0.5831244835,0.0,0.0
0.919104816518651,0.195009816,0.409432735,0.6005547106666667,0.0,0.0
0.9190070070208778,0.0508549635,0.341270388,0.5668672164999999,0.0,0.0
0.9264952822465777,0.0,0.35584422,0.579291845,0.0,0.0
0.8833602926819615,0.0,0.4034907966666667,0.5813889799999999,0.0,0.0
0.7566218889291401,0.0,0.5006176875,0.7137047944999999,0.0,0.0
0.6364431801828554,0.0,0.49819676125,0.76199487175,0.0,0.0
0.6402364320414905,0.0,0.459935078,0.72169503775,0.0,0.0
0.758056874656107,0.0019257553333333333,0.46689483600000004,0.7327733096666665,0.0,0.0
0.7911120194596708,0.0190182115,0.4567271745,0.637600419,0.0,0.0
0.7908421595346565,0.01816810425,0.54840381225,0.70041438325,0.0,0.0
0.8107157128342465,0.0,0.5310861790000001,0.7028462925000001,0.0,0.0
0.7913288522055493,0.0,0.48896397500000005,0.6284375990000001,0.0,0.0
0.7108016199205021,0.0,0.667305021,0.6298888385,0.0,0.0
0.6374279916586534,0.0,0.74944716225,0.8120093995000001,0.0,0.0
0.6240326190798767,0.0,0.7586024995,0.8875436305,0.0,0.0
0.7079951226824035,0.0,0.7795898427500001,0.8310784167499999,0.0,0.0
0.7922079180872924,0.076239729,0.774193779,0.797660266,0.0,0.0
0.7954033520711521,0.327882232,0.7308298945,0.80403691,0.0,0.0
0.7943143417828109,0.36509309633333337,0.6015110783333334,0.7230923303333333,0.0,0.0
0.814417628417641,0.010363994,0.3910452515,0.517730126,0.0,0.0
0.7969053595583548,0.0,0.20821276360000002,0.23349901239999998,0.0,0.0
0.672608973021475,0.0,0.180172679,0.20734874271428572,0.0,0.0
0.8521859910164333,0.0,0.28771916799999997,0.37623145700000005,0.0,0.0
0.920554554379791,0.001794449,0.3456304513333333,0.5696277893333334,0.0,0.0
0.9214601376414437,0.0562040225,0.459086067,0.693976755,0.0,0.0
0.9183575144129471,0.1397584335,0.5537386280000001,0.7455398124999999,0.0,0.0
0.918165644585689,0.026967332,0.7264122343333334,0.8638039336666666,0.0,0.0
0.911523837162628,0.0,0.841686787,0.9237973903333333,0.0,0.0
0.7583771441576381,0.0,0.912924681,0.93532786225,0.0,0.0
