Demand,Avail_Sol,Avail_Wind_On,Avail_Wind_Off,Hyd_In,HydRoR_In
0.7686066706856447,0.0254017791,0.45245841370000006,0.6706030743,7983.0,1543.0
0.884379445157376,0.5087789125,0.5221297646666666,0.5896838006666667,7983.0,1543.0
0.7769929942735054,0.030788738230769233,0.5187494704615385,0.6896788117692307,7983.0,1543.0
0.8671687319349899,0.23489106136363638,0.4144570656363636,0.657606871909091,7983.0,1543.0
0.8590747155307369,0.05537665785714286,0.4254097694285715,0.648602078,7983.0,1543.0
0.7344398376173868,0.00030469220000000003,0.41049694,0.725004422,7983.0,1543.0
0.8624546797870433,0.18432834,0.39160658430769235,0.6426429824615384,7983.0,1543.0
0.6926776770421359,0.0,0.399895881,0.6638538038749999,7983.0,1543.0
0.8613244740087137,0.2475782701111111,0.41464412777777776,0.5708228084444444,7983.0,1543.0
0.8637836851885201,0.11616607842857143,0.46327491728571424,0.5951191741428572,7983.0,1543.0
0.6876488077203555,0.0,0.4998185945714286,0.6322972929999999,7983.0,1543.0
0.8635818515520216,0.16232722527272728,0.4788098767272727,0.6260535057272727,7983.0,1543.0
0.8330354628935869,0.025942667222222222,0.25338157899999997,0.6272192694444444,7983.0,1543.0
0.6761221019043329,0.000253185625,0.24136478187500002,0.48750452087500007,7983.0,1543.0
0.7884778981697913,0.21856938816666668,0.34127161916666665,0.4537525734999999,7983.0,1543.0
0.8128953713067316,0.0758593917142857,0.5155822185714286,0.4546466365714286,7983.0,1543.0
0.6713653438477675,0.0,0.44161870728571423,0.5369008821428572,7983.0,1543.0
0.7530578996755305,0.15277549644444444,0.35055274311111106,0.5869523249999999,7983.0,1543.0
0.8180457455691741,0.11513317725000001,0.21093188974999996,0.321418544125,7983.0,1543.0
0.7077363743209247,0.0,0.11046022642857144,0.168664127,7983.0,1543.0
0.9038554119360019,0.3192627321818182,0.08652572272727273,0.20155274154545452,7983.0,1543.0
0.9158072996039855,0.09071288099999998,0.07690444516666667,0.21134417466666666,7983.0,1543.0
0.7713151997376236,0.0003736483636363636,0.17488295627272726,0.3781233920909091,7983.0,1543.0
0.9162420323630024,0.12878921415384614,0.3619139341538461,0.6369516548461539,7983.0,1543.0
0.7708806102695592,0.009372897833333333,0.24932294749999998,0.5480560232499999,7983.0,1543.0
0.9057910840476996,0.22902909500000002,0.6220488164,0.6964274948,7983.0,1543.0
0.7322231267692032,0.0,0.629177319,0.8035820000999999,7983.0,1543.0
0.8944717784062712,0.32814454430000006,0.5826282926000002,0.7447229565000001,7983.0,1543.0
0.9010672483495935,0.089392998,0.4660199191666667,0.5735714476666667,7983.0,1543.0
0.768681637303506,0.0004304473636363636,0.25078917418181823,0.3257578952727273,7983.0,1543.0
0.9165881474394806,0.472164724,0.10406603411111111,0.16214056344444444,7983.0,1543.0
0.7491142744562113,0.0002283423846153846,0.12572595453846155,0.2835337237692308,7983.0,1543.0
0.7962494767894913,0.1192212332,0.22946662553333327,0.44980911046666666,7983.0,1543.0
0.6812406210996061,0.0,0.247309681,0.49727600820000006,7983.0,1543.0
0.7876951825650631,0.2603511855,0.1314024755,0.3664522518750001,7983.0,1543.0
0.7614679138061357,0.027112305692307694,0.13051664615384617,0.32085107915384614,7983.0,1543.0
0.8985499082077528,0.35352899309090907,0.13878611354545453,0.47353650718181817,7983.0,1543.0
0.9049014590841855,0.09253127616666666,0.25208758783333335,0.592777567,7983.0,1543.0
0.7589725218124598,0.000487275,0.3067931472727273,0.5716697677272728,7983.0,1543.0
0.8797433772559976,0.27613459569230775,0.3145197657692307,0.5627335092307691,7983.0,1543.0
0.7569604609579991,0.019401428416666668,0.4146489453333333,0.7229116065833333,7983.0,1543.0
0.8768043211325908,0.3645558142499999,0.28403780333333334,0.5826644989166666,7983.0,1543.0
0.7214667843649266,0.0,0.20304343000000002,0.5232949517777779,7983.0,1543.0
0.89128208900259,0.3737746466666667,0.09212007819999998,0.49371466673333336,7983.0,1543.0
0.7612751936670583,0.00034824772727272727,0.15087573536363638,0.4213167397272727,7983.0,1543.0
0.8902078263625159,0.5217180215,0.1588613766666667,0.4039228951666667,7983.0,1543.0
0.8634638531870432,0.169347716125,0.245147940875,0.49506345949999997,7983.0,1543.0
0.6856996230051486,0.0007018034,0.22556293490000004,0.48349234360000004,7983.0,1543.0
0.777874494836658,0.37375033146153847,0.3710917397692307,0.550622061,7983.0,1543.0
0.6748642358017909,0.0006116393636363636,0.412823665090909,0.6717015657272727,7983.0,1543.0
0.750216976163772,0.4780740761666667,0.28885118449999997,0.5423218436666667,7983.0,1543.0
0.7618535104478782,0.152970060625,0.28076841225,0.521864969375,7983.0,1543.0
0.7422943203683976,0.0008564794000000001,0.2245961217,0.5009746211999999,7983.0,1543.0
0.8747434546502413,0.49440669233333334,0.1527440936666667,0.44045298088888896,7983.0,1543.0
0.7594004409177496,0.0007648269090909091,0.18771569536363633,0.34491170272727273,7983.0,1543.0
0.8737468104667202,0.3414507553636364,0.0824519151818182,0.1512194561818182,7983.0,1543.0
0.8788621804717542,0.14181257483333334,0.053500509,0.11845756816666668,7983.0,1543.0
0.763240564316471,0.0008777364545454545,0.05796718490909092,0.16505563363636366,7983.0,1543.0
0.8862636107360629,0.35196944478571435,0.10286615771428571,0.3277452667142858,7983.0,1543.0
0.7054409960375542,0.0,0.14768597349999998,0.248172543,7983.0,1543.0
0.9014332117482593,0.20621994144444444,0.2814118243333334,0.4834227505555556,7983.0,1543.0
0.8090184573669634,0.03568680018181818,0.45892853536363637,0.7521100688181818,7983.0,1543.0
0.8089509092870296,0.03228692528571429,0.5630539375714285,0.8244605829999999,7983.0,1543.0
0.9100391579514812,0.3072823133333333,0.5982061047499999,0.7049903584999999,7983.0,1543.0
0.7010786516321247,0.023489094416666672,0.4850069489166666,0.5264033413333333,7983.0,1543.0
0.7888690803503965,0.47424763662499997,0.45005925900000004,0.358824390875,7983.0,1543.0
0.718930663889853,0.0014526220666666667,0.44962182506666665,0.4282829134666667,7983.0,1543.0
0.7655395247446383,0.5337049957777776,0.4937765414444444,0.5486372306666667,7983.0,1543.0
0.7289775757896876,0.001468533090909091,0.42521060172727265,0.4809888668181818,7983.0,1543.0
0.8732300145633117,0.43620395700000003,0.2904448825454546,0.319371512090909,7983.0,1543.0
0.8732004783494758,0.1663427885,0.26094198916666667,0.38493369083333334,7983.0,1543.0
0.7747750215049126,0.02826862608333333,0.19496554033333333,0.39159430366666664,7983.0,1543.0
0.8829886297184005,0.660888736625,0.11305909787500001,0.381109680625,7983.0,1543.0
0.7737862080375384,0.0012885711538461538,0.12928591869230768,0.2847113576923077,7983.0,1543.0
0.8987016464690366,0.5409955163333334,0.070449953,0.24591128344444446,7983.0,1543.0
0.796574834142658,0.064877357,0.12752827793333332,0.5021788685999999,7710.0,1490.2666666666667
0.9400033746558363,0.30581496966666666,0.35312940155555556,0.6171483135555555,7398.0,1430.0
0.9332867930832974,0.09320211483333335,0.5477518835,0.7588743838333333,7398.0,1430.0
0.7808741623229266,0.0009642271818181818,0.5232208946363637,0.7031418153636363,7398.0,1430.0
0.9434486439142994,0.5790643437142858,0.5654180804285714,0.5809594528571428,7398.0,1430.0
0.9363841292045398,0.151813134,0.5086630981666667,0.6179590085000001,7398.0,1430.0
0.7218584608393801,0.029997465833333334,0.34127349958333336,0.60580630925,7398.0,1430.0
0.8068469837521913,0.34938240975,0.3836505368333334,0.6060130871666667,7398.0,1430.0
0.6827089573413309,0.0,0.38331921275,0.63343915725,7398.0,1430.0
0.7833659156517827,0.200158649,0.296942899125,0.480454312375,7398.0,1430.0
0.8374992203567491,0.16244843650000002,0.28573830875,0.44044645174999997,7398.0,1430.0
0.777132621191567,0.0011248062727272727,0.2694632915454545,0.5702651532727272,7398.0,1430.0
0.9548089111744128,0.2563098725384615,0.3676222958461538,0.6015569183076924,7398.0,1430.0
0.7408393389299298,0.0,0.42093044455555556,0.48248265733333334,7398.0,1430.0
0.958746903670901,0.30850845885714284,0.4083924808571428,0.4725471035714285,7398.0,1430.0
0.9452833049891449,0.193225817875,0.41256983375,0.471106995125,7398.0,1430.0
0.8055421689928153,0.03437086391666667,0.3200100110833333,0.4901521384166667,7398.0,1430.0
0.9579708388555459,0.57539452025,0.36840781062499994,0.357744533375,7398.0,1430.0
0.807946071076952,0.0044815048,0.30248473589999997,0.40996422720000003,7398.0,1430.0
0.8864871802368338,0.06873362383333333,0.26241795816666663,0.35208838783333335,7398.0,1430.0
0.974520818474366,0.5038158086,0.20613709789999998,0.24084231900000005,7398.0,1430.0
0.8175131706048143,0.023363867642857142,0.1198866775,0.2990219998571429,7398.0,1430.0
0.9452369410952056,0.31025270424999996,0.25422160608333333,0.4301984907499999,7398.0,1430.0
0.7003444023442775,0.0,0.3348598378,0.48720883600000003,7398.0,1430.0
0.7986231280698134,0.500545840875,0.339190491375,0.47970150125,7398.0,1430.0
0.8253532958325863,0.12628488516666667,0.36260662016666667,0.5818891684999999,7398.0,1430.0
0.6920651854625793,0.0,0.25845895137499997,0.5599137238749999,7398.0,1430.0
0.7676946731269387,0.309385413,0.3141217448,0.5053202738,7398.0,1430.0
0.7900676713355902,0.08305951485714284,0.43148002528571433,0.6185372505714285,7398.0,1430.0
0.7326337641922471,0.0,0.32934041711111117,0.4044951186666667,7398.0,1430.0
0.9376959364218947,0.44721720950000005,0.304232645875,0.32668898512500005,7398.0,1430.0
0.9385120299407093,0.16855743683333332,0.28083661266666665,0.272980841,7398.0,1430.0
0.8051918175903015,0.027858778249999997,0.25428403283333334,0.4858701893333334,7398.0,1430.0
0.9393345930826228,0.491643161,0.4734746315,0.615252628,7398.0,1430.0
0.9057744520427723,0.07696591657142858,0.46730251485714286,0.5005746297142857,7398.0,1430.0
0.6963943896530779,0.0,0.43106300700000005,0.44131268485714287,7398.0,1430.0
0.9195349459777168,0.20319753525000003,0.44192673541666666,0.5427298244166666,7398.0,1430.0
0.7745027392162603,0.004155399461538462,0.33146648623076924,0.5063260763846154,7398.0,1430.0
0.9107595325949841,0.34255302227272727,0.1726499349090909,0.32209898499999995,7398.0,1430.0
0.771265988617522,0.0061796345,0.09856864800000001,0.1693979862,7398.0,1430.0
0.8479178575288567,0.044413438666666666,0.05145203716666666,0.09075931516666667,7398.0,1430.0
0.9028238945214091,0.5219851388333333,0.041932661,0.06648350783333334,7398.0,1430.0
0.8767599595555613,0.10938655214285713,0.09120051842857144,0.22015278685714285,7398.0,1430.0
0.6621907498487206,0.0,0.096401825125,0.328850205125,7398.0,1430.0
0.7695456328399729,0.3893238391111111,0.18310768455555554,0.24730931844444445,7398.0,1430.0
0.7273952908541476,0.05712326321428572,0.2580238695714286,0.22419335428571427,7398.0,1430.0
0.7657461673214526,0.4062957258,0.20503280620000003,0.2149978387,7398.0,1430.0
0.7819492863218208,0.101453647375,0.23000721350000003,0.31556507162499997,7398.0,1430.0
0.78279742719985,0.0268095101,0.17023305760000002,0.23836184259999998,7398.0,1430.0
0.9057724385741786,0.3190223431,0.1913291915,0.3406768228,7398.0,1430.0
0.7852307307852506,0.02886503071428571,0.30433593664285713,0.3684928834999999,7398.0,1430.0
0.8930728357796269,0.5607535566666666,0.3875139183333333,0.3079938615,7398.0,1430.0
0.8904572596012493,0.13724000033333333,0.4617363346666667,0.44461003050000003,7398.0,1430.0
0.7785999298665703,0.04487359366666666,0.47310965491666673,0.5602260762500001,7398.0,1430.0
0.912313166204427,0.6362364168750001,0.5260919256250001,0.5054378322499999,7398.0,1430.0
0.793396686967669,0.016946416,0.4092156116,0.43325200389999996,7398.0,1430.0
0.8838798763146993,0.10504408500000001,0.2762220616666667,0.43695896916666666,7398.0,1430.0
0.9337218379753363,0.8157733894,0.2258707216,0.26214514499999997,7398.0,1430.0
0.9131259313191724,0.276744308125,0.27874488575,0.370049449,7398.0,1430.0
0.7201895941276285,0.0,0.1892375732857143,0.32931174985714284,7398.0,1430.0
0.9403624567775626,0.5972698955454546,0.10065574063636365,0.33126795345454546,7398.0,1430.0
0.9061710541835445,0.12005277800000001,0.07569878866666667,0.33663501816666663,7398.0,1430.0
0.7187931294300236,0.06745784327272727,0.050093498909090914,0.2803959026363636,7398.0,1430.0
0.7880508367585861,0.8490238483333332,0.026907924666666666,0.23946655549999998,7398.0,1430.0
0.8147166640414333,0.2155363468333333,0.06449539,0.30369603949999996,7398.0,1430.0
0.717721526882018,0.05717760683333334,0.043616663416666666,0.20133789375000002,7398.0,1430.0
0.7698153767027287,0.8130746598571429,0.06804351242857143,0.24986952314285715,7398.0,1430.0
0.784881710129242,0.0596732384375,0.175456191375,0.508491604,7398.0,1430.0
0.9182499223290038,0.7493116531666666,0.156445037,0.5917509479999999,7398.0,1430.0
0.9298704801030226,0.3573835028,0.2476723046,0.6162907169999999,7398.0,1430.0
0.7422302662206012,0.0,0.30508540833333336,0.6744940047777779,7398.0,1430.0
0.9096231877083192,0.0584503122,0.29901522499999994,0.7151935804,7398.0,1430.0
0.9656135186560219,0.38321476583333336,0.3176432166666667,0.7049854731666666,7398.0,1430.0
0.930965770897232,0.06045834257142857,0.2836994782857143,0.6807266585714286,7398.0,1430.0
0.7812952365865669,0.007013782,0.5022804095454546,0.7613664042727273,7398.0,1430.0
0.9360918048798843,0.149109325,0.5622838966666666,0.6677058735000001,7398.0,1430.0
0.8999173296098658,0.029942347,0.6207784357142857,0.5134589597142857,7398.0,1430.0
0.7528208725105774,0.010947747,0.6418890052727272,0.6192749089090909,3856.181818181818,745.4545454545455
0.8856451225619196,0.23955819433333336,0.7735818498333332,0.5675932025,3502.0,677.0
0.8849523253180701,0.088619136,0.8333804656666666,0.7398499303333333,3502.0,677.0
0.758993109260173,0.024874541666666666,0.5215114895833334,0.6835423139166666,3502.0,677.0
0.8896399252142185,0.29848209,0.5756778128333334,0.7142166261666666,3502.0,677.0
0.8709831274581931,0.06440092571428571,0.7864769465714285,0.7521922818571429,3502.0,677.0
0.6662439896181391,0.0136680094,0.7370534489,0.7821050898999999,3502.0,677.0
0.7565712670998295,0.39125878557142857,0.6462945694285713,0.6925921771428571,3502.0,677.0
0.7143405272754284,0.0222032576,0.4711889080000001,0.5148044112666667,3502.0,677.0
0.7619990794819532,0.3405721495833333,0.369080043,0.45756582566666665,3502.0,677.0
0.7220967486011185,0.00023848277777777777,0.5722857114444444,0.7062795457777777,3502.0,677.0
0.8248800110262026,0.03670743266666667,0.594558845,0.6237846756666667,3502.0,677.0
0.8994330478190058,0.35707475966666663,0.5127352846666667,0.6784640613333334,3502.0,677.0
0.8720289824622621,0.10428643128571428,0.584537763,0.7853898069999999,3502.0,677.0
0.7267947226692965,0.0002527465555555556,0.5897293076666666,0.6546887761111111,3502.0,677.0
0.8941036080005421,0.38458085670000003,0.5783028202,0.6937887174,3502.0,677.0
0.7703945438826879,0.013166861,0.38443369290909096,0.6409102733636365,3502.0,677.0
0.8825683366429812,0.4457412205454545,0.25465830199999995,0.497494906,3502.0,677.0
0.8726535789644073,0.11667714357142857,0.24847210642857148,0.4631712685714286,3502.0,677.0
0.7592411147508304,0.01236339290909091,0.27556408299999996,0.4969544521818182,3502.0,677.0
0.8839647688618455,0.2669047978333333,0.31649604566666667,0.48976734650000003,3502.0,677.0
0.774794433217328,0.04535248207692307,0.4111310723076923,0.5787481474615385,3502.0,677.0
0.8555971938086339,0.22771082250000002,0.5675033954,0.6931706776,3502.0,677.0
0.8765189658144856,0.1119968661666667,0.7074654456666666,0.7303038976666668,3502.0,677.0
0.6842222027940165,0.006809331250000001,0.6924244595833334,0.7517071239166667,3502.0,677.0
0.7472671644819556,0.3996442387142857,0.6207670590000001,0.6308763591428571,3502.0,677.0
0.7808054296888812,0.11563781428571429,0.7291134247142858,0.7757626741428572,3502.0,677.0
0.6754131915379947,0.039014221363636366,0.7932769999090908,0.8879296802727271,3502.0,677.0
0.7731524542545706,0.4533589971111111,0.8651567246666666,0.9185743828888889,3502.0,677.0
0.7278472388246832,0.00026271491666666666,0.7307863055,0.8538836738333333,3502.0,677.0
0.8791285719427219,0.41653282700000005,0.6026787064999999,0.608698578375,3502.0,677.0
0.868794223568442,0.201985318,0.43179673142857145,0.537406206,3502.0,677.0
0.7432424565471778,0.004674222727272728,0.23226785045454548,0.3773119345454546,3502.0,677.0
0.8761577410545707,0.3397000922,0.34877009040000007,0.28348039690000004,3502.0,677.0
0.7465396243035894,0.00046663055555555555,0.33831069722222223,0.5015886818888888,3502.0,677.0
0.8181688662866767,0.039692879,0.510942503,0.6759531986666666,3502.0,677.0
0.8753111945555849,0.22562414083333335,0.7726159335,0.7669533978333334,3502.0,677.0
0.8624011631812047,0.04889391042857143,0.7775559092857142,0.767498662,3502.0,677.0
0.7189924928126951,0.0006712402222222222,0.6679568256666667,0.7278163173333334,3502.0,677.0
0.8845999045587906,0.4669942676666667,0.6043347014444445,0.756330193,3502.0,677.0
0.7688567760372712,0.04000404815384616,0.3777379319230769,0.5876392801538461,3502.0,677.0
0.8851112896678703,0.4756818521818182,0.3691665814545455,0.42823431836363635,3502.0,677.0
0.8669331267660575,0.09760067683333334,0.4584084796666667,0.5664880605,3502.0,677.0
0.658953162213708,0.0,0.4437472974285715,0.5486778928571429,3502.0,677.0
0.7635445806670725,0.21256097629999998,0.4893407153,0.6562224874000001,3502.0,677.0
0.7945215971267688,0.0666664475,0.347439040375,0.64476080025,3502.0,677.0
0.6675117946368386,0.0,0.26812734314285713,0.6110984110000001,3502.0,677.0
0.7633392173718918,0.48702545912500006,0.375714299,0.5798656099999999,3502.0,677.0
0.7891621363460877,0.21851249625000002,0.48123073299999997,0.5041677552499999,3502.0,677.0
0.7349396650750631,0.002946361888888889,0.41323984744444453,0.5874990665555555,3502.0,677.0
0.8982662009566604,0.32435327133333336,0.7114312504444444,0.8202648937777778,3502.0,677.0
0.8574783869447078,0.06317026971428572,0.7348240012857142,0.8699048534285714,3502.0,677.0
0.7401967106560889,0.003432946,0.6528462605,0.8374291610000001,3502.0,677.0
0.9109836697989634,0.6050549421111111,0.702076692888889,0.7889756330000001,3502.0,677.0
0.8414716916924313,0.08288354475000001,0.665178475125,0.674786713875,3502.0,677.0
0.7542178626087833,0.006478956714285714,0.5932114642857143,0.6085289075714285,3502.0,677.0
0.9045624423874634,0.6939623063636364,0.530677659090909,0.4460384261818182,3502.0,677.0
0.7806378582559387,0.004993721692307692,0.3907692144615385,0.34577813323076917,3502.0,677.0
0.8991906828166771,0.7703564848571428,0.22919689914285715,0.12465797714285713,3502.0,677.0
0.8919225585438906,0.5063282972,0.3189149788,0.2856279752,3502.0,677.0
0.7381292972387592,0.0,0.40335877144444443,0.44243312222222225,3502.0,677.0
0.8589612414231669,0.10086860519999999,0.3336076104,0.5310571204000001,3502.0,677.0
0.8805508243654415,0.32112564457142856,0.5370529267142857,0.5233124632857143,3502.0,677.0
0.8630959738890072,0.028348577,0.730812879,0.7730672516666667,3502.0,677.0
0.6548387144935541,0.0,0.7555052181428571,0.8154728104285714,3502.0,677.0
0.7609014780153428,0.4317802351,0.8356876755999998,0.7329622229,3502.0,677.0
0.7891682293114944,0.12271622587499999,0.7296546347499999,0.83772303275,3502.0,677.0
0.6702837685558689,0.003754414375,0.43295457437499996,0.768915225375,3502.0,677.0
0.7841780154701418,0.35868503275,0.42570366158333334,0.7615099594999998,3502.0,677.0
0.7221134623013927,0.0,0.35851629799999996,0.6083985828,3502.0,677.0
0.8839708440089561,0.4791468123076923,0.32906049230769224,0.43487980230769235,3502.0,677.0
0.7490712041741981,0.0014056412499999999,0.2800374725833333,0.5158315452500001,3502.0,677.0
0.870993943924198,0.6433923828,0.24946413120000002,0.509434354,3502.0,677.0
0.8476693373730184,0.21035879625,0.27170718525,0.54525933075,3502.0,677.0
0.7447958581342223,0.01050207590909091,0.22942065472727274,0.4352599332727273,3502.0,677.0
0.8608828372524119,0.7050431638,0.29018180229999996,0.4245206822,3502.0,677.0
0.7354949614852468,0.022189170454545454,0.30048565199999994,0.5035165926363636,3502.0,677.0
0.876746023295976,0.1525734602,0.23526759139999998,0.41072048920000004,3502.0,677.0
0.8738347997911623,0.646740922125,0.45730393025,0.49232674487499994,3502.0,677.0
0.8377680271894994,0.059664248499999996,0.5521836055,0.601480919,3502.0,677.0
0.7438162002377722,0.0087538618,0.5674380337,0.7045475226999999,3502.0,677.0
0.8893646948788352,0.5321613375,0.6898010633999999,0.7343761348,3502.0,677.0
0.7195036454879586,0.015397542333333333,0.7251189321666667,0.8478208071666667,3502.0,677.0
0.7552996407706064,0.4526632504444444,0.5799863039999998,0.6172329424444445,3502.0,677.0
0.7713309902111553,0.44860967099999993,0.48900055174999996,0.522402191,3502.0,677.0
0.6784783692071319,0.002619415,0.182619324,0.2778652289,3811.5,736.5
0.710505217744285,0.1630041258,0.1516026726,0.3801166968,4121.0,796.0
0.7318033325367725,0.526714006,0.2338383356,0.4784156156,4121.0,796.0
0.6754061051198661,0.0,0.3011984365,0.504074177625,4121.0,796.0
0.7989568567735224,0.05034371719999999,0.2841996442,0.42975519319999994,4121.0,796.0
0.8361164668636479,0.44464665345454557,0.45066138045454546,0.4086117235454546,4121.0,796.0
0.7173070846676155,0.005508089083333333,0.45668882024999996,0.4352710731666667,4121.0,796.0
0.8393525486550464,0.5125725316,0.6973805299,0.5940869903999999,4121.0,796.0
0.7187563056762939,0.02303731125,0.6415951178333333,0.7307779393333335,4121.0,796.0
0.8399600538233312,0.31867359900000003,0.599657288,0.6603309903333333,4121.0,796.0
0.8346689818956547,0.5829164711666667,0.6378324185,0.6307039956666667,4121.0,796.0
0.7171437975639448,0.025898039090909094,0.2396151327272727,0.3977134304545454,4121.0,796.0
0.8383884074966428,0.2032139334,0.10301220280000001,0.3166130822,4121.0,796.0
0.834908160619917,0.7424610770000001,0.1516945015,0.46148327050000004,4121.0,796.0
0.8047507362315096,0.06580627925,0.2669609935,0.44778197525,4121.0,796.0
0.7090321849874938,0.0162969925,0.2788805967,0.36533922209999997,4121.0,796.0
0.8410069367425284,0.5921383973750001,0.355864579,0.38888757475,4121.0,796.0
0.8346759493617881,0.151737115,0.451551186,0.4248654144,4121.0,796.0
0.6519022156587373,0.0053547100909090905,0.2526704632727273,0.38242182490909093,4121.0,796.0
0.7432383183687647,0.31340124185714285,0.262376862,0.4440523195714286,4121.0,796.0
0.7442974104033481,0.11779080874999999,0.238520487,0.36970682925000004,4121.0,796.0
0.6319199052553514,0.0,0.23285922237499998,0.323551506875,4121.0,796.0
0.744081669239859,0.36500911399999997,0.44479896608333336,0.3764582271666666,4121.0,796.0
0.7116742613992938,0.0025192377499999997,0.3316139620833333,0.4174996865833333,4121.0,796.0
0.8655739716779812,0.41686302827272725,0.3559529998181818,0.3803967238181818,4121.0,796.0
0.725391150187848,0.0178080275,0.45137561499999995,0.5335227384166665,4121.0,796.0
0.8673456473835729,0.1387760323846154,0.5872420923846153,0.5908912740000001,4121.0,796.0
0.7225236590749136,0.0035161710000000002,0.53252701125,0.6431048124166666,4121.0,796.0
0.8627690713648649,0.36646487190000004,0.6972726792999999,0.6859951770000002,4121.0,796.0
0.8412104118748698,0.112576372,0.6581429935,0.6373885515000001,4121.0,796.0
0.7166410148388034,0.007606963909090909,0.43130066827272723,0.43682081863636363,4121.0,796.0
0.8537532701829367,0.310296948,0.4226875978571429,0.5155375541428572,4121.0,796.0
0.8591630542735806,0.1855539086,0.3488529676,0.6923184718,4121.0,796.0
0.7085168861494526,0.00011842309090909091,0.18271521,0.39346337772727275,4121.0,796.0
0.8540340522897287,0.358200780625,0.107507849375,0.20726377275,4121.0,796.0
0.8066337476547374,0.177809161875,0.116017365875,0.257465202875,4121.0,796.0
0.6336642990810953,0.000295447,0.073833846875,0.170012561375,4121.0,796.0
0.730308961956572,0.46728793312500005,0.097253748,0.211054354,4121.0,796.0
0.7401850478606582,0.2850694428,0.219267965,0.4222668732,4121.0,796.0
0.6518568513924781,0.00032823536363636366,0.19755637063636364,0.37758400827272726,4121.0,796.0
0.7149663068269718,0.3704716575,0.266664249625,0.321900724,4121.0,796.0
0.7320871816437301,0.16787416859999998,0.3274550204,0.359204261,4121.0,796.0
0.7205648644479296,0.023350109692307695,0.2724461311538462,0.24660803815384616,4121.0,796.0
0.8359104719366789,0.5230152872222222,0.23369332899999998,0.3620221817777778,4121.0,796.0
0.7150431471576792,0.037287997272727275,0.13249962627272727,0.3706216805454545,4121.0,796.0
0.8186605725455409,0.168299437,0.09353209574999999,0.27368687525,4121.0,796.0
0.8306374065640872,0.7855987437999999,0.05813668670000001,0.24080540280000004,4121.0,796.0
0.7010960702929456,0.013724022555555555,0.056988886333333336,0.15366596788888887,4121.0,796.0
0.7995388498319835,0.3110650375714286,0.09601527,0.1865767652857143,4121.0,796.0
0.8288121270729896,0.8624174765714285,0.15757600257142856,0.22572735614285713,4121.0,796.0
0.7117250001890771,0.04409203645454545,0.18582202154545457,0.2481690243636364,4121.0,796.0
0.7967101314807912,0.08372218933333332,0.17736917033333333,0.28669507600000005,4121.0,796.0
0.8297861401243253,0.7501511062999999,0.23969912629999998,0.4028913412,4121.0,796.0
0.7301089618125394,0.04413455614285715,0.32294199999999995,0.3489440839285715,4121.0,796.0
0.8301473965720465,0.6934900715714285,0.4494221268571429,0.394832559,4121.0,796.0
0.8140123591433843,0.28347151742857146,0.36395380342857137,0.44315402957142863,4121.0,796.0
0.6280517894904937,0.0,0.23987850542857142,0.2774739342857143,4121.0,796.0
0.6827718190032727,0.18681130399999998,0.2698378094,0.3260077814,4121.0,796.0
0.7162275365975829,0.5332327561111111,0.24570368477777782,0.16852961755555554,4121.0,796.0
0.6544117663047438,0.005628281750000001,0.15577732233333333,0.20809245558333336,4121.0,796.0
0.7092826045272936,0.51791875,0.13288400127272726,0.14433407754545452,4121.0,796.0
0.6820120558655175,0.02788641863636364,0.15292637436363637,0.1391873119090909,4121.0,796.0
0.8166707957627437,0.3409776995,0.115556437125,0.1398051265,4121.0,796.0
0.8271783992102718,0.4671927418571428,0.20570561342857138,0.3857291030000001,4121.0,796.0
0.6862287192426361,0.0,0.25701031133333335,0.34647553,4121.0,796.0
0.8209969673170451,0.552763344,0.19126823092307693,0.30878668123076924,4121.0,796.0
0.7114439605281934,0.03154304990909091,0.157379835,0.23453833545454544,4121.0,796.0
0.8150203533257656,0.34980973185714287,0.10892109642857142,0.2786495144285715,4121.0,796.0
0.8288711458073893,0.6287120091666667,0.24749221033333332,0.39757790833333334,4121.0,796.0
0.7114276145742121,0.02741173945454545,0.27151928099999995,0.2703227977272727,4121.0,796.0
0.8098373435065055,0.233400555,0.18509617220000002,0.23816616480000002,4121.0,796.0
0.82880170528133,0.7734078241250001,0.10610438700000001,0.358469033125,4121.0,796.0
0.759737268949832,0.07236503216666666,0.18070267766666667,0.3081891276666667,4121.0,796.0
0.7073406183817582,0.028828413749999997,0.188342685625,0.32549517349999996,4121.0,796.0
0.8302561419960158,0.657008665111111,0.1855643078888889,0.5070683832222221,4121.0,796.0
0.703307872421203,0.06830590616666667,0.20738399041666666,0.2953580654166667,4121.0,796.0
0.6878718039314964,0.1975705048,0.1303927872,0.1321961168,4121.0,796.0
0.7239966258969814,0.6160087651250001,0.348318431875,0.26363881224999997,4121.0,796.0
0.669686894498096,0.0326443990909091,0.2925394120909091,0.3119628952727273,4121.0,796.0
0.7003348595661126,0.1504628192,0.438979594,0.4287405368,4121.0,796.0
0.7448109036552663,0.551638957625,0.6368610803749999,0.538631419,4121.0,796.0
0.7044534727314296,0.02949386775,0.2947184804166667,0.46387195033333334,4121.0,796.0
0.8455958408563098,0.4525966777272727,0.14837905818181818,0.26308577436363634,4121.0,796.0
0.7274287501864114,0.054302450083333335,0.15720594933333332,0.299547291,3706.8333333333335,716.0
0.8268872267718319,0.4971885771999999,0.1239526705,0.22908195980000007,3127.0,604.0
0.832886754069,0.4013245242,0.1802577948,0.28349143379999997,3127.0,604.0
0.6868467595023894,0.0,0.16640962225,0.24541150437500003,3127.0,604.0
0.7894939768747748,0.11187407760000001,0.1419733458,0.2635606188,3127.0,604.0
0.8282179165005062,0.4096363844545455,0.24099775645454544,0.36895525590909095,3127.0,604.0
0.7073544901014265,0.018042913166666667,0.28224528391666664,0.38179188491666666,3127.0,604.0
0.8284997552044455,0.5924056117142856,0.335174151,0.35852232142857143,3127.0,604.0
0.8112441044091837,0.25702002542857144,0.4617187254285714,0.5147706172857143,3127.0,604.0
0.7093301014061095,0.05989013118181818,0.4285874219090908,0.3855132098181819,3127.0,604.0
0.8273437146381575,0.6053901321818183,0.284729385,0.3406091730909091,3127.0,604.0
0.653711733588525,0.004235700909090909,0.19962953318181817,0.25331825463636365,3127.0,604.0
0.7078728344107108,0.6165473683636363,0.08764206509090909,0.25319058554545454,3127.0,604.0
0.6961640786173623,0.06066437499999999,0.14878833166666666,0.2813286646666667,3127.0,604.0
0.6252356610099743,0.037691151,0.11190746887499999,0.22006456737500002,3127.0,604.0
0.7106283984866162,0.6525961459999999,0.07494988640000001,0.2549152226,3127.0,604.0
0.6898420056136486,0.02990402153846154,0.06587471253846154,0.13353784538461538,3127.0,604.0
0.8272391537719423,0.639969106125,0.036145707124999996,0.11042328387499999,3127.0,604.0
0.8266005306979917,0.3640514772,0.0754502352,0.15800087440000002,3127.0,604.0
0.6954064466317331,0.005376529272727273,0.07283751036363638,0.12860992981818178,3127.0,604.0
0.8272656201885463,0.5677774709090909,0.12648380754545452,0.3325202986363636,3127.0,604.0
0.7070303794883469,0.02999881136363636,0.17071239654545453,0.24846330427272728,3127.0,604.0
0.8033274246995394,0.2965559225,0.10625467116666666,0.19151194950000003,3127.0,604.0
0.8279057216521224,0.6742249475000001,0.22916651466666668,0.318811543,3127.0,604.0
0.8037544876430399,0.1266947538,0.358616394,0.3858362774,3127.0,604.0
0.6645681267671484,0.0,0.268976123375,0.47002274675,3127.0,604.0
0.8231680055011754,0.510386627,0.161091949,0.31154889654545453,3127.0,604.0
0.7663198396865842,0.1338709957142857,0.119226476,0.38213351914285715,3127.0,604.0
0.6629033947370812,0.0,0.07176019783333333,0.22108233866666668,3127.0,604.0
0.8226155861752965,0.5343733131111112,0.1276424671111111,0.293120419,3127.0,604.0
0.8108239095259918,0.2893873215714286,0.2130296291428571,0.30190262885714286,3127.0,604.0
0.6313272741891505,0.023796677,0.2033741288,0.3540576321,3127.0,604.0
0.711278760456391,0.5813572599,0.4697640727,0.6898010696,3127.0,604.0
0.6620543020962819,0.04235047536363637,0.46527803672727275,0.7422242963636362,3127.0,604.0
0.676055230917125,0.2011900965,0.30483186375000004,0.63963058325,3127.0,604.0
0.7167874047460974,0.6754803815555555,0.3809149445555556,0.5724613507777777,3127.0,604.0
0.6940816106698576,0.034226546,0.2782427012307692,0.5053017077692308,3127.0,604.0
0.8282729531492826,0.480804429125,0.29198336049999996,0.334088700375,3127.0,604.0
0.8261914358722444,0.308291498,0.4002910944,0.3816208614,3127.0,604.0
0.6824697083755842,0.0004958405555555555,0.3207959822222222,0.3564569822222223,3127.0,604.0
0.8182996583624038,0.5739877528333334,0.20912723516666665,0.28209872441666667,3127.0,604.0
0.7186834409886385,0.07181599407692309,0.2717997583846154,0.3057069855384615,3127.0,604.0
0.8152270493327112,0.35872938625,0.18743536675,0.2170895885,3127.0,604.0
0.8303946457813141,0.7592224456250002,0.149636533125,0.286011722875,3127.0,604.0
0.7096723805592564,0.041951639416666665,0.23554799875000001,0.3434740019166667,3127.0,604.0
0.8243273249777275,0.5931430893636364,0.11000301700000001,0.23345247018181822,3127.0,604.0
0.804182499548429,0.1515238898,0.2085405868,0.3595799226,3127.0,604.0
0.664783536240129,0.0,0.137543837375,0.218047265375,3127.0,604.0
0.8235085887004129,0.49491766333333337,0.09620923458333334,0.26022822824999997,3127.0,604.0
0.6872286827513477,0.028224262636363632,0.0847726100909091,0.2938591643636364,3127.0,604.0
0.6757839735962098,0.35075882899999994,0.05732656733333333,0.1725512145,3127.0,604.0
0.7127137209788241,0.6631771074285714,0.08151863657142858,0.24115677000000005,3127.0,604.0
0.6577927511987383,0.035010450636363634,0.09113298718181818,0.16440673681818183,3127.0,604.0
0.6594510403993403,0.17858437500000002,0.04207320575,0.12085536999999999,3127.0,604.0
0.7100755927339033,0.645269563125,0.04624823425,0.250180686375,3127.0,604.0
0.6967267470988213,0.086105987625,0.07831903700000001,0.276947543625,3127.0,604.0
0.6865430744191064,0.014487379833333333,0.035869645166666665,0.13649345416666667,3127.0,604.0
0.8266826114330629,0.5904725657500001,0.039828584624999996,0.12312450475,3127.0,604.0
0.8259991189215032,0.3473851876,0.08713382620000001,0.20652373480000003,3127.0,604.0
0.6953778752643678,0.009072570909090909,0.04507441063636363,0.04461146154545454,3127.0,604.0
0.8270309587137141,0.6083930215000001,0.033002301299999995,0.1173391192,3127.0,604.0
0.7665999495596986,0.11268950300000001,0.06754674671428572,0.17718849042857143,3127.0,604.0
0.6794117715219736,0.01190139857142857,0.041211710285714284,0.09771990557142858,3127.0,604.0
0.8281867378603471,0.49760957412499995,0.04432460775,0.17577458324999998,3127.0,604.0
0.8276690058855524,0.2604375942,0.08464386559999999,0.35366321840000003,3127.0,604.0
0.7055682782499764,0.019844918916666666,0.07346644941666666,0.12778537458333333,3127.0,604.0
0.8281934961695169,0.43023188775000004,0.19310003333333334,0.22294427125000002,3127.0,604.0
0.6812443311241816,0.0005449423333333332,0.16307011488888887,0.2476472236666667,3127.0,604.0
0.7903458613764298,0.103864911,0.123670632,0.35286581875,3127.0,604.0
0.8279487219569539,0.4374158267777778,0.17875709288888889,0.309431009,3127.0,604.0
0.687268019470703,0.02978457327272727,0.09422038763636365,0.17542405636363637,3127.0,604.0
0.6930731183338089,0.41183648283333335,0.10154677133333334,0.14469025616666667,3127.0,604.0
0.6894977953845988,0.090563415375,0.080559467,0.16153876700000003,3127.0,604.0
0.6180616322775486,0.012414452999999999,0.0396773495,0.11895526766666668,3127.0,604.0
0.7051354309483329,0.4478546584,0.0901869358,0.23465660719999998,3127.0,604.0
0.6848386164010065,0.04123808723076923,0.16127550784615385,0.2008866523076923,3127.0,604.0
0.823229148854579,0.33429673941666666,0.12716724649999997,0.24580608766666664,3127.0,604.0
0.7088239782204714,0.024657058833333332,0.10155303549999999,0.2076693320833333,3127.0,604.0
0.8231943934854717,0.3828309365,0.10585865833333334,0.22504685108333336,3127.0,604.0
0.7088741934345767,0.023077190583333334,0.12304878175,0.24150118525,3127.0,604.0
0.8217411156616512,0.35924223655555554,0.09905584,0.23437285533333332,3127.0,604.0
0.8257846260075082,0.2578982665999999,0.2302614294,0.39869608459999994,3127.0,604.0
0.68613705596056,0.0008023024999999999,0.12691722119999999,0.2914420187,3127.0,604.0
0.823793897183342,0.4165568959166667,0.07905304108333332,0.17515037841666667,3127.0,604.0
0.7077479237613057,0.03043948516666667,0.09719361008333333,0.22954916950000004,2357.0,455.0
0.8213217621383028,0.49960606211111114,0.10441577544444446,0.22175976744444442,1587.0,306.0
0.8266018418013749,0.3467723372,0.22662422759999998,0.3923764094,1587.0,306.0
0.6523236389490384,0.006773812181818182,0.15173073263636364,0.254325443909091,1587.0,306.0
0.7105905954954896,0.47101280418181823,0.1035179939090909,0.20456460254545455,1587.0,306.0
0.659054071103273,0.028848037727272725,0.12669456754545452,0.17437948699999997,1587.0,306.0
0.6759657768945324,0.25583505566666664,0.09236738983333333,0.165340763,1587.0,306.0
0.7164758958591853,0.5182981475714286,0.22515985028571425,0.24785314785714285,1587.0,306.0
0.681511389815929,0.03227201708333333,0.19809033866666667,0.2659730289166667,1587.0,306.0
0.821286258881818,0.39795552341666657,0.23580065866666666,0.2474646335,1587.0,306.0
0.7190770144634042,0.03324474907142857,0.20428627664285717,0.2975475250714285,1587.0,306.0
0.825190113022707,0.34398155975,0.20320041991666662,0.29304785191666666,1587.0,306.0
0.6835525258405222,0.0011351832,0.16606993740000003,0.3022869161,1587.0,306.0
0.8191812500518018,0.33623346911111107,0.130462376,0.30578154622222226,1587.0,306.0
0.8238595090122496,0.2653271674,0.2100175298,0.39281216680000003,1587.0,306.0
0.683842256102832,0.0017202115,0.1162568594,0.18254891030000003,1587.0,306.0
0.8198316660634141,0.43558144,0.10611379722222222,0.197678732,1587.0,306.0
0.8241488834138515,0.2529635262,0.1713568336,0.3007220642,1587.0,306.0
0.7024340639891017,0.013636805833333335,0.0881369835,0.16903669141666666,1587.0,306.0
0.8254657132774733,0.34715910666666666,0.21315401,0.17069599366666666,1587.0,306.0
0.6524604383658473,0.008628072727272727,0.0839442650909091,0.25417577809090913,1587.0,306.0
0.711400779948952,0.4104096758333333,0.17122006958333333,0.2389145805,1587.0,306.0
0.6490403789396537,0.015959087666666667,0.11863848766666667,0.21634689675,1587.0,306.0
0.708333458188333,0.3487992813,0.1423345275,0.24859522110000004,1587.0,306.0
0.6819574969706104,0.050505936363636365,0.19673381445454546,0.23713425854545456,1587.0,306.0
0.7637795966795129,0.103926972,0.1190875758,0.2231032962,1587.0,306.0
0.8305884751075783,0.46608728475000005,0.18328787825,0.33955131399999994,1587.0,306.0
0.7166338641609348,0.04800005530769231,0.20732914561538462,0.6030366176153846,1587.0,306.0
0.8260341295044202,0.3911239956428571,0.28914091357142857,0.568554986,1587.0,306.0
0.7030969678424444,0.0317002515,0.28805164575000003,0.4615737976666667,1587.0,306.0
0.8367681824310532,0.6280550203,0.25223885420000003,0.3766490569,1587.0,306.0
0.7066089434395824,0.05062543572727273,0.2700055165454545,0.3540838393636363,1587.0,306.0
0.8164152636811952,0.5522683771000001,0.1312067736,0.2024671168,1587.0,306.0
0.8189867291261012,0.38225144771428576,0.20504916600000003,0.3409795995714286,1587.0,306.0
0.6902695845308526,0.0385200599,0.12184027680000001,0.1936191325,1587.0,306.0
0.8396412893496407,0.61682214875,0.13383860175000004,0.2783611875,1587.0,306.0
0.6601744685523615,0.034329620750000005,0.17899108691666665,0.23039984225,1587.0,306.0
0.7258023712791613,0.7472853505,0.089524407875,0.207224733125,1587.0,306.0
0.7367399286696801,0.341820506,0.21671982499999998,0.26999276019999996,1587.0,306.0
0.6449852540584506,0.013318928400000003,0.2133456059,0.2034216587,1587.0,306.0
0.7301271001345833,0.67130068125,0.12292123291666668,0.2540357516666667,1587.0,306.0
0.6926333902642687,0.023792816272727276,0.2627270681818182,0.25121612836363644,1587.0,306.0
0.8745430629036091,0.6202353298461538,0.19426896923076925,0.3050170380769231,1587.0,306.0
0.7194174340802145,0.02129887490909091,0.2599179803636363,0.36368949063636363,1587.0,306.0
0.8578610482684567,0.6473815114166667,0.10989602258333335,0.5188541826666667,1587.0,306.0
0.7286471818759243,0.049590417916666664,0.11705028175,0.4105070764166667,1587.0,306.0
0.8710486425370746,0.6138682980833333,0.06919524358333333,0.21541173049999998,1587.0,306.0
0.7945149286233728,0.08038768383333333,0.16049485666666666,0.14529389366666667,1587.0,306.0
0.7095396121000028,0.0431992955,0.108547137875,0.167845569125,1587.0,306.0
0.8787673081228113,0.6646346718,0.0788594255,0.261772297,1587.0,306.0
0.8036553355281749,0.08216921366666667,0.207719714,0.30350452733333333,1587.0,306.0
0.7128176902087546,0.0435977845,0.1543135535,0.237451886625,1587.0,306.0
0.8884690108891737,0.6666469564,0.11207498509999998,0.4185828291,1587.0,306.0
0.7298517520908099,0.04615125018181818,0.18104415436363638,0.34849832472727277,1587.0,306.0
0.6811360108511982,0.2945576638,0.0725453502,0.3198937,1587.0,306.0
0.7450096214531392,0.6821970197000001,0.0951039982,0.4642300306999999,1587.0,306.0
0.6637371801557522,0.03726480983333333,0.11371277341666668,0.3532858001666666,1587.0,306.0
0.7384125922503872,0.7414456826,0.05321114229999999,0.4298920238,1587.0,306.0
0.7017440183426228,0.05651665100000001,0.1502128681818182,0.36426210700000006,1587.0,306.0
0.8472691514030992,0.5730111167692307,0.0649418633846154,0.3815960535384616,1587.0,306.0
0.7349541774004348,0.05189188823076923,0.12405889023076926,0.16663764576923074,1587.0,306.0
0.8672610984858367,0.6671320696,0.0634509195,0.2047069916,1587.0,306.0
0.8565449683091025,0.3146176866666667,0.21817302566666666,0.3666564136666666,1587.0,306.0
0.7140731512394705,0.013567638090909091,0.12786515463636366,0.2237704740909091,1587.0,306.0
0.8594035862203983,0.61042038625,0.0577349835,0.219666956625,1587.0,306.0
0.8599679271521617,0.4290891848,0.1719951516,0.3383729658,1587.0,306.0
0.712404944881027,0.010207412545454545,0.12601285272727272,0.1750258650909091,1587.0,306.0
0.8485934922770831,0.49247686145454544,0.08431144745454545,0.20280348736363638,1587.0,306.0
0.725324491874303,0.03212535775,0.12594913275,0.17286158891666667,1587.0,306.0
0.8422099475780045,0.5446980613333333,0.08716573233333334,0.13513971241666667,1587.0,306.0
0.7086885356332403,0.042707010727272725,0.15960369154545456,0.148007369,1587.0,306.0
0.6743224986888601,0.2225574054,0.0997871994,0.1217228284,1587.0,306.0
0.7275405058475503,0.47416424580000005,0.22863251889999997,0.2094598032,1587.0,306.0
0.655531016571351,0.012602049454545456,0.08834645863636365,0.13562381236363633,969.0909090909091,187.0
0.7353428449663766,0.5735130758,0.1773315123,0.2103460133,616.0,119.0
0.699868805860405,0.08210527481818182,0.1925031492727273,0.19736001463636368,616.0,119.0
0.7673792831276995,0.1343433726,0.099449111,0.12359205079999999,616.0,119.0
0.8621724379986745,0.6128268351249999,0.158628606625,0.165910970125,616.0,119.0
0.7904438780797686,0.132247966,0.15172534385714287,0.19561570699999997,616.0,119.0
0.6656783454163785,0.0,0.07055067383333334,0.16450818166666667,616.0,119.0
0.8662406884610431,0.5931534445000001,0.0870490925,0.16712677408333332,616.0,119.0
0.7413039247475433,0.06793487533333334,0.16865278233333333,0.2064484848888889,616.0,119.0
0.7304684831016771,0.06835690920000001,0.10845433960000002,0.1483961734,616.0,119.0
0.8698258768082102,0.611825062,0.33141520136363634,0.32564605036363636,616.0,119.0
0.7243423132833343,0.04159835038461538,0.22434276461538458,0.4344633986923077,616.0,119.0
0.8718631065937787,0.6316276405000001,0.1263612631,0.3297347507,616.0,119.0
0.7282267890628683,0.04625679775,0.16262581058333334,0.21171405408333333,616.0,119.0
0.8711958231614437,0.5933471925833333,0.07715202033333333,0.227220159,616.0,119.0
0.8367020477212427,0.12771338975000002,0.18547278375,0.2858883225,616.0,119.0
0.6526089255671019,0.031151534800000002,0.1251414247,0.23855865929999998,616.0,119.0
0.7641853061666722,0.6848722416999999,0.0750554605,0.3350698521,616.0,119.0
0.6954132659564565,0.04731216990909091,0.16900908072727272,0.27525826890909094,616.0,119.0
0.6729678331661456,0.18302257775000003,0.06663229575,0.189017245,616.0,119.0
0.7755128169934836,0.7183222009999999,0.073038211,0.21593666988888885,616.0,119.0
0.7234419389229898,0.04851917192307691,0.13849131746153845,0.15343410761538462,616.0,119.0
0.9172921659830217,0.6596449775454546,0.09424418472727272,0.20231403336363638,616.0,119.0
0.7503840102735131,0.048511189249999996,0.17914094591666666,0.17738253283333336,616.0,119.0
0.8923089826157579,0.6323520578333334,0.10083428616666666,0.198721542,616.0,119.0
0.7523216832407935,0.050023602333333334,0.1837184080833333,0.17688783908333336,616.0,119.0
0.8766385239588059,0.5460270795833334,0.14789200466666666,0.22510893958333333,616.0,119.0
0.7394798035079373,0.04326895461538461,0.1479931776923077,0.26541651530769234,616.0,119.0
0.8738177791416769,0.5736514861428571,0.045656595714285715,0.17919752042857143,616.0,119.0
0.8680699280122928,0.403248717875,0.146043652375,0.39223328325000006,616.0,119.0
0.6814213382387535,0.0,0.15383683242857144,0.3592888195714286,616.0,119.0
0.8249405315222149,0.3250625446666667,0.0803766635,0.3292926031666666,616.0,119.0
0.9128341973343171,0.7405077929999999,0.12447965442857142,0.435289768,616.0,119.0
0.7261018081233884,0.04911629790909091,0.12672392245454545,0.21106726245454546,616.0,119.0
0.6983593126621351,0.3310242616666667,0.029663623666666666,0.08283606633333333,616.0,119.0
0.7715117964819745,0.7209738617500001,0.1728029295,0.25844530825,616.0,119.0
0.6939632509161849,0.02885838425,0.17391018587499998,0.178755214625,616.0,119.0
0.6547102909434667,0.11669362750000001,0.074418968,0.15272756433333334,616.0,119.0
0.7571265149586135,0.5990013312727273,0.2286341002727273,0.3338956317272727,616.0,119.0
0.6919308048196959,0.002631394,0.2891352705555555,0.48633188066666655,616.0,119.0
0.847486607544223,0.5095083632727273,0.2168817546363636,0.433471181,616.0,119.0
0.8863124084280597,0.403037939,0.20732964375000001,0.44574317525,616.0,119.0
0.7136561847874976,0.01052198981818182,0.16282029936363634,0.2316300620909091,616.0,119.0
0.8921144352696934,0.69282539775,0.063094224125,0.18609629037500003,616.0,119.0
0.8843279963720214,0.36913855014285707,0.18992391771428574,0.3930124172857143,616.0,119.0
0.7112323434559641,0.0305454747,0.19488477470000004,0.3742383832999999,616.0,119.0
0.8957201433067735,0.6802706563636364,0.1776283199090909,0.4327230259999999,616.0,119.0
0.7220004361264541,0.025263646333333334,0.11185188683333334,0.2996959840833333,616.0,119.0
0.8859015365159975,0.6658527653749999,0.09023379475000001,0.23582271287499998,616.0,119.0
0.900890261743234,0.5072333808,0.2696299566,0.3553909828,616.0,119.0
0.7071142648641007,0.0025382836,0.1897420057,0.28888973830000003,616.0,119.0
0.8790809229714088,0.5239447326666666,0.14571773133333332,0.2788902138888889,616.0,119.0
0.8579961905198898,0.32496959485714283,0.36121578785714287,0.3946670741428571,616.0,119.0
0.654483075155635,0.06328181145454546,0.16913587945454547,0.35362238927272727,616.0,119.0
0.7533650521663057,0.5652370583636364,0.1496295633636364,0.36180110890909084,616.0,119.0
0.6631318273128833,0.019377939,0.14340080991666668,0.24285843083333333,616.0,119.0
0.7501197719644973,0.6488823743000001,0.0763940129,0.2092277487,616.0,119.0
0.7059907078923621,0.049197128916666666,0.14454492733333332,0.19754190108333333,616.0,119.0
0.8891698752024642,0.6548259163333334,0.08591211158333334,0.3217648259166666,616.0,119.0
0.7417719964197936,0.05104103133333334,0.16443539108333335,0.15954750233333334,616.0,119.0
0.8714187928064816,0.5727643609999999,0.05604392925,0.13579890812499998,616.0,119.0
0.9037767229380697,0.5781236156666666,0.16319825933333332,0.3302770033333333,616.0,119.0
0.7154092837004705,0.006826124,0.12725224754545453,0.18735106454545455,616.0,119.0
0.9032411277591469,0.6602459264545456,0.0653871671818182,0.3024109666363636,616.0,119.0
0.7445702616904538,0.048966764083333336,0.1488724165,0.1523957493333333,616.0,119.0
0.9018244446917884,0.6174600152499999,0.08205183316666666,0.17013282149999998,616.0,119.0
0.7444800961091249,0.05170348845454545,0.15243259654545455,0.13643176236363636,616.0,119.0
0.8163659763720996,0.24628669280000004,0.046432494,0.1087805198,616.0,119.0
0.928561398106811,0.78435352375,0.1799461235,0.264757284625,616.0,119.0
0.8003856857816404,0.0972442595,0.2894801986666667,0.3468943878333333,616.0,119.0
0.6315680964260759,0.005762415,0.13094383714285715,0.27582550371428577,616.0,119.0
0.7569714965893187,0.6731750961818181,0.12254597845454547,0.19194623945454545,616.0,119.0
0.6838209650923612,0.06372494449999999,0.1750305687857143,0.23459885399999994,616.0,119.0
0.7600403972075382,0.7420473619999999,0.16862269319999998,0.3078245906,616.0,119.0
0.7102861053658563,0.05389489654545455,0.19622203972727273,0.29846581609090905,616.0,119.0
0.8156722363496878,0.2554720092,0.06635580240000001,0.19898917780000003,616.0,119.0
0.9330148256138695,0.7829974095,0.11873759762500001,0.20145779137500003,616.0,119.0
0.7528793688828089,0.05179955227272726,0.1619436798181818,0.2388850235454546,616.0,119.0
0.886869070160091,0.5212493826,0.05388107390000001,0.1814909068,616.0,119.0
0.9353796254803848,0.5046106346,0.1490921956,0.30126764,616.0,119.0
0.7269785290241847,0.0010895224444444445,0.196023906,0.29143863488888894,513.2222222222222,99.0
0.8106073252481125,0.16399004725,0.109730412,0.36168257424999994,431.0,83.0
0.9658615419754665,0.7685952106666666,0.08431189044444444,0.4751813004444444,431.0,83.0
0.7936905393156694,0.04803964733333333,0.17338589433333337,0.5198481090833335,431.0,83.0
0.9500213737335361,0.65147721775,0.09033555366666668,0.5087387054166667,431.0,83.0
0.8221508666549513,0.04557646107692308,0.10296072184615383,0.42975624338461543,431.0,83.0
0.9682161947483646,0.6448523101666667,0.12377631958333334,0.24232160733333333,431.0,83.0
0.7943243506920145,0.012001096363636362,0.19688739527272728,0.15105377836363634,431.0,83.0
0.7909955818125791,0.6508414310999999,0.1000149084,0.1591683042,431.0,83.0
0.8159598618676015,0.19951843475,0.254014280875,0.2599166325,431.0,83.0
0.7135992695006402,0.0049186920000000005,0.15583249214285713,0.17715609599999999,431.0,83.0
0.8017126679818926,0.710426339125,0.061031217625,0.19408495674999998,431.0,83.0
0.8091682050113477,0.4937950112,0.1525625906,0.33975569099999997,431.0,83.0
0.7613637395646888,0.023002324583333334,0.11188234533333336,0.2586250555,431.0,83.0
0.9605163619281235,0.7253534279,0.1009002489,0.2124872304,431.0,83.0
0.7773304369542813,0.04030899263636364,0.22581986363636364,0.43365163527272715,431.0,83.0
0.8468997247684031,0.31204143516666666,0.15390307250000002,0.5256589948333333,431.0,83.0
0.9386283611210794,0.67406479525,0.26520756475,0.58299829325,431.0,83.0
0.7340876671041393,0.015610205399999999,0.2007412032,0.30609016650000004,431.0,83.0
0.827489468906216,0.30713349183333327,0.08125000450000001,0.13502011616666665,431.0,83.0
0.9245683240921385,0.6806831164999999,0.30834954925,0.346815658375,431.0,83.0
0.7772292410798093,0.024331273666666667,0.3776273291666667,0.410818672,431.0,83.0
0.7335680294033143,0.06803749675,0.22648860675,0.5241909630000001,431.0,83.0
0.8883461883141156,0.7161745469999999,0.18547684650000001,0.423846337125,431.0,83.0
0.8307833111925046,0.2080052182,0.3310526032,0.3901473148,431.0,83.0
0.6715053954428225,0.0,0.2594660061428572,0.3368977874285714,431.0,83.0
0.8133090074243235,0.28968912133333335,0.15333727483333334,0.26552568883333333,431.0,83.0
0.9008501759435953,0.6359724473333332,0.11261695344444446,0.33467592377777783,431.0,83.0
0.6789738073496944,0.017376772166666665,0.15317134775000002,0.27465217875000003,431.0,83.0
0.7692617103849783,0.674570991,0.0633931504,0.2700837324,431.0,83.0
0.7100922879622578,0.0473024668,0.155391679,0.1965503638,431.0,83.0
0.6797221109913858,0.1908351075,0.06878445550000001,0.17273321183333334,431.0,83.0
0.7753866145015282,0.5752999323000001,0.23533622160000003,0.38932484679999996,431.0,83.0
0.7055385931433494,0.0001973934,0.16951654700000002,0.39287726459999994,431.0,83.0
0.8860357893642334,0.5946561982727273,0.124515934,0.46500624690909087,431.0,83.0
0.7571488586762151,0.08541474741666666,0.24099424183333332,0.40985939058333337,431.0,83.0
0.80532554714392,0.2297346718,0.141359495,0.2296125278,431.0,83.0
0.9061721194198497,0.79412932625,0.1423714055,0.28408256825,431.0,83.0
0.7507944450849804,0.05442438464285714,0.1915882566428572,0.31636279142857143,431.0,83.0
0.8986220176386707,0.6754760612727272,0.07676866245454546,0.40640201627272726,431.0,83.0
0.7358260978657633,0.013489327833333335,0.12406699591666666,0.17976442299999995,431.0,83.0
0.8819464956018188,0.59202116325,0.05877461925,0.222581404125,431.0,83.0
0.8802394558896918,0.3653562762,0.208449353,0.3465936224,431.0,83.0
0.7250183582385286,0.013574665333333335,0.1812558386666667,0.33780233750000005,431.0,83.0
0.8758897872270957,0.6053713321111113,0.16325968444444447,0.29713895455555556,431.0,83.0
0.7750970656862715,0.09715364024999999,0.27778526875,0.35054351562499997,431.0,83.0
0.6336577260938064,0.02755047485714286,0.24649814871428571,0.3972584407142858,431.0,83.0
0.7508630583784538,0.6831027093333333,0.12680391633333335,0.3666123173333333,431.0,83.0
0.7696459988540238,0.3886107319999999,0.18902977775,0.502338600375,431.0,83.0
0.6625001591651504,0.020308195499999997,0.2075124866,0.3946346257000001,431.0,83.0
0.7807363136037404,0.6987679199,0.11917436690000001,0.4308105439,431.0,83.0
0.735474010372395,0.03481543146153846,0.21434680276923074,0.3921386845384615,431.0,83.0
0.9149401636210761,0.6859549275,0.092391797875,0.350451039,431.0,83.0
0.9007297987580106,0.3390114385714286,0.14444437128571427,0.4553041484285714,431.0,83.0
0.7213445364385309,0.0202087861,0.1281587391,0.30174855320000005,431.0,83.0
0.9291913212408491,0.7064437709,0.052234658999999996,0.397997416,431.0,83.0
0.8181155645532372,0.0647212985,0.11632954233333333,0.344534356,431.0,83.0
0.7131963586393845,0.025696606,0.048445287499999996,0.22388538375,431.0,83.0
0.9252733229913288,0.7192204105555556,0.03402486833333333,0.18225189733333333,431.0,83.0
0.7599294945503215,0.05922147291666666,0.06788215275,0.15245884916666666,431.0,83.0
0.8133537294082833,0.224850542,0.030490943399999998,0.0759159288,431.0,83.0
0.9438804830278603,0.719548127375,0.096627862625,0.18482897249999997,431.0,83.0
0.7527392504018062,0.038956066428571426,0.1702289142142857,0.22662000899999998,431.0,83.0
0.9190162056754172,0.7044322482,0.13862486180000003,0.21778334259999999,431.0,83.0
0.8484960444534284,0.1063211495,0.27040406100000003,0.30336218075,431.0,83.0
0.6565093506502547,0.0197116249,0.1766360299,0.24164032670000002,431.0,83.0
0.755031569894897,0.7124607609,0.1623016652,0.2811561014,431.0,83.0
0.7253804976759003,0.07325855066666666,0.24290473499999998,0.24779990566666668,431.0,83.0
0.6329223440423025,0.023794138375000003,0.1110822645,0.184758666625,431.0,83.0
0.7581662484710461,0.7489303440999999,0.06458283000000001,0.1845768216,431.0,83.0
0.7042995246320521,0.04191921927272727,0.09406039090909092,0.1723161020909091,431.0,83.0
0.8318114198168877,0.39428155442857143,0.061189489428571435,0.17887375785714285,431.0,83.0
0.944420465159055,0.753389422,0.11791645433333332,0.4413586901666668,431.0,83.0
0.7486654680985396,0.031194911000000002,0.17544675581818184,0.39243602081818185,431.0,83.0
0.8112866877620857,0.1942980454,0.1050704794,0.0974373892,431.0,83.0
0.9077094443391791,0.65082345675,0.231374879125,0.25804896275,431.0,83.0
0.7348082421638032,0.027208925666666665,0.17730485308333332,0.2908362475833333,431.0,83.0
0.8687446224791355,0.5545959151111111,0.07348279855555556,0.2742400348888889,431.0,83.0
0.8852305742103447,0.4174125104,0.18839346839999999,0.3267486662,431.0,83.0
0.7053646756181171,0.0,0.20295271344444446,0.190694906,431.0,83.0
0.8646644174530779,0.5372960529999999,0.07598324841666666,0.17090468141666668,431.0,83.0
0.852911200081811,0.16456638299999998,0.1626823656,0.2413967424,431.0,83.0
0.7265501638944424,0.04722297500000001,0.1274838110909091,0.15288679754545453,431.0,83.0
0.9075662882384965,0.6847848811999999,0.0911282654,0.2916668316,431.0,83.0
0.7124483691250104,0.006514971833333333,0.1808398855833334,0.364020702,810.75,156.5
0.7491671535027055,0.583726776,0.10678807907692306,0.5185805744615386,1082.0,209.0
0.6763156837861848,0.0001293519090909091,0.13500246863636364,0.45400462890909093,1082.0,209.0
0.7368981000805029,0.6472867075000001,0.049007009750000004,0.481059772375,1082.0,209.0
0.7625506077158941,0.4042712774,0.13922122799999997,0.5697789918,1082.0,209.0
0.7320024180830337,0.026515820615384617,0.10293353915384615,0.3156642271538461,1082.0,209.0
0.8699299544997272,0.5657077595555555,0.13608956044444442,0.40374121755555553,1082.0,209.0
0.7304060075213145,0.021641223454545454,0.18012340999999998,0.2554851269090909,1082.0,209.0
0.8434289218985368,0.48377155738461536,0.09499737946153844,0.1811331046923077,1082.0,209.0
0.735461154028148,0.026263911357142854,0.13982833999999997,0.2926263705,1082.0,209.0
0.8560773760341363,0.5447486189999999,0.08126980785714286,0.14497688014285712,1082.0,209.0
0.8300695879052594,0.23289234085714286,0.16423995885714288,0.2475318418571429,1082.0,209.0
0.7114641460707812,0.03660695827272727,0.10649661290909092,0.1999508419090909,1082.0,209.0
0.8497268767349795,0.6199189867777777,0.10954606822222221,0.2453953504444445,1082.0,209.0
0.7276154521927874,0.030295786785714287,0.16589145135714284,0.21767482985714284,1082.0,209.0
0.853548937326362,0.5995402056363637,0.10177092327272726,0.30673494145454544,1082.0,209.0
0.6808998717989111,0.0020364990833333335,0.14634747258333333,0.35457382766666673,1082.0,209.0
0.7238588159897096,0.41527558258333325,0.09288024641666666,0.19892442491666662,1082.0,209.0
0.6607987671358836,0.0017346947272727272,0.052995009272727274,0.10591522400000003,1082.0,209.0
0.7252153911449954,0.4231766263333334,0.043754702916666666,0.11285928174999998,1082.0,209.0
0.7120359052636486,0.02089538735714286,0.10767432321428572,0.16800602314285715,1082.0,209.0
0.8795168533677333,0.6369638562,0.10960763789999999,0.33541386380000004,1082.0,209.0
0.7407740338410024,0.02753211357142857,0.1573880437142857,0.36143349692857146,1082.0,209.0
0.8866341228139746,0.5030275983333333,0.11681016641666665,0.3198877623333333,1082.0,209.0
0.7279103307072353,0.009635975083333333,0.09502868083333334,0.18480833116666665,1082.0,209.0
0.8766079788825399,0.6020999393333334,0.022598059,0.12956661383333334,1082.0,209.0
0.8722939814820567,0.3431172190000001,0.08135526871428571,0.20738745442857145,1082.0,209.0
0.6920722793268367,0.0,0.089402200875,0.0734873625,1082.0,209.0
0.8567872015680639,0.5132585515000001,0.0480485095,0.09254311080000001,1082.0,209.0
0.8500141128463772,0.238992801625,0.131261546625,0.21608244062500004,1082.0,209.0
0.6899479001763023,0.0,0.09712102537499999,0.08546557725,1082.0,209.0
0.8730599740930222,0.5910862497,0.05041244,0.23415846170000001,1082.0,209.0
0.8160312416745229,0.07627350150000001,0.13233265633333335,0.38677942483333333,1082.0,209.0
0.6429358954003409,0.009922695222222222,0.10058583199999999,0.370964947,1082.0,209.0
0.7350698028909011,0.56167840175,0.049921627,0.29156392200000003,1082.0,209.0
0.744075054531942,0.1858650258,0.0948483026,0.2660411866,1082.0,209.0
0.6511794160181538,0.0,0.059379255250000006,0.088219192625,1082.0,209.0
0.6719759719887008,0.1798509712,0.0356116114,0.1359068174,1082.0,209.0
0.7505768913995243,0.6294254332222223,0.04384714133333333,0.14309965677777778,1082.0,209.0
0.6962913712292611,0.00041022090909090904,0.07759376936363636,0.17139388363636365,1082.0,209.0
0.8615940286950008,0.49685039066666664,0.10465384625,0.17374344516666665,1082.0,209.0
0.721820837840783,0.014519702636363636,0.08697193899999998,0.1184313991818182,1082.0,209.0
0.7965323676000118,0.180333028,0.026701273799999998,0.0439885756,1082.0,209.0
0.8644849502013021,0.6093706208888889,0.06703325655555556,0.12975263777777776,1082.0,209.0
0.7129892760885025,0.00033633241666666667,0.05527421891666665,0.09591589816666667,1082.0,209.0
0.8732616855222678,0.572461459,0.028888639166666674,0.12321833900000002,1082.0,209.0
0.7329832669988632,0.0005331667142857143,0.08739368000000002,0.11809950685714285,1082.0,209.0
0.7458906025747236,0.1238753165,0.037157796124999996,0.088787626625,1082.0,209.0
0.8995773635275199,0.8044785966000001,0.0603093826,0.09798173299999999,1082.0,209.0
0.8226766346995689,0.1940266306666667,0.13464347844444446,0.19928747255555557,1082.0,209.0
0.6993993865791754,0.013657599125,0.08738829025,0.24111917387499998,1082.0,209.0
0.895160686114986,0.5938114431818181,0.07658490954545455,0.1587072240909091,1082.0,209.0
0.6853773807842979,0.009117815615384616,0.09610192461538462,0.14968883276923076,1082.0,209.0
0.7547087228494248,0.7287135211111111,0.05294975933333333,0.19074665877777777,1082.0,209.0
0.7453082327206947,0.10564181399999999,0.11756636900000002,0.2280411105,1082.0,209.0
0.6438728764357364,0.013309637666666667,0.08051861577777779,0.17664701388888887,1082.0,209.0
0.7652964648348891,0.7493354480000001,0.06251741833333334,0.30047635366666664,1082.0,209.0
0.7243493176254084,0.04656263857142857,0.23931955835714286,0.5075779885000001,1082.0,209.0
0.887641423518614,0.5984862256666666,0.21262486574999998,0.5093579028333334,1082.0,209.0
0.7235183983957667,0.0001924136,0.2682379739,0.5156532907000001,1082.0,209.0
0.8304386944857008,0.4643431482222222,0.14316851266666666,0.5683530426666666,1082.0,209.0
0.8776489650378176,0.5301712576000001,0.1521899994,0.5676322615999999,1082.0,209.0
0.7110317199158175,0.0001672029,0.24432918530000003,0.5914860944000001,1082.0,209.0
0.8378376939998482,0.3921075354166667,0.2621494094166667,0.5301236682500001,1082.0,209.0
0.7281795120928022,0.03659295075,0.22749447200000003,0.40036074266666666,1082.0,209.0
0.795203127730391,0.1740520162,0.15335354299999998,0.29831026979999997,1082.0,209.0
0.8655261959791227,0.686249830375,0.09657614337499999,0.21397984025,1082.0,209.0
0.7293450595780906,0.018230573,0.0817578915,0.18730892757142856,1082.0,209.0
0.8687030633028627,0.7100251120000001,0.04119922414285715,0.2168812615714286,1082.0,209.0
0.8572621298343197,0.3167019436666667,0.11422277583333333,0.4035319565,1082.0,209.0
0.647581457479347,0.0,0.131872267375,0.354876076625,1082.0,209.0
0.6710970698819452,0.20911310379999998,0.0741515198,0.3034992568,1082.0,209.0
0.7438173615078464,0.751938787375,0.061955678375,0.42400456550000004,1082.0,209.0
0.6628588413949501,0.014023793083333333,0.08209745550000001,0.2453421675833333,1082.0,209.0
0.7157258450295022,0.5736227467777778,0.046195450444444446,0.12742171566666669,1082.0,209.0
0.75153432813132,0.46308684075,0.17055632525,0.20400126625,1082.0,209.0
0.6853199197756638,0.0,0.2285130872,0.2215105309,2377.5,459.5
0.8162866044577382,0.5149930336,0.286604451,0.3465783694,3673.0,710.0
0.813608760132806,0.27923209,0.4016662577142857,0.5367682478571428,3673.0,710.0
0.6925222705770782,0.0067522324,0.3573162038,0.41803563090000007,3673.0,710.0
0.8351209199867138,0.757940257,0.2306319372222222,0.3904993602222222,3673.0,710.0
0.7198988311759805,0.05072853858333334,0.21712757241666666,0.46726229666666663,3673.0,710.0
0.8241586041076036,0.5757379327272726,0.11091726927272726,0.45466654781818183,3673.0,710.0
0.7962868863088125,0.17739358485714285,0.14532461242857142,0.46677144228571427,3673.0,710.0
0.6767003648954574,0.0,0.081263878375,0.36664241700000005,3673.0,710.0
0.8333517999599076,0.6625850214285715,0.032528931,0.2842445455714286,3673.0,710.0
0.8401542842969411,0.5864374884,0.08513243340000001,0.25939101240000006,3673.0,710.0
0.7069158045784804,0.0,0.09930429424999998,0.13554577466666665,3673.0,710.0
0.8363891019578078,0.6721876091000001,0.0670480261,0.1691232401,3673.0,710.0
0.7324800815188641,0.05782470144444445,0.12412535866666669,0.23986583155555558,3673.0,710.0
0.6295191571711041,0.007517634166666666,0.09902659383333334,0.3361432856666667,3673.0,710.0
0.7123546050672811,0.7130003441428572,0.19300551842857144,0.501380128,3673.0,710.0
0.7236710972326518,0.27925868866666664,0.37459858833333337,0.6273309356666666,3673.0,710.0
0.641243455814525,0.0038201558181818183,0.32732245481818184,0.5624210363636364,3673.0,710.0
0.7097328678510236,0.6816226385000002,0.2929113135,0.44057694875,3673.0,710.0
0.7147142305305361,0.1481852067142857,0.326037419,0.5317121822857144,3673.0,710.0
0.677551812745725,0.0,0.22032957825,0.274502915375,3673.0,710.0
0.8288985294907978,0.49457685227272724,0.13191096609090908,0.24564292000000004,3673.0,710.0
0.7296334959086261,0.02645645606666667,0.15525771099999996,0.33241161546666664,3673.0,710.0
0.8294987457322052,0.6580803394285714,0.13422276342857142,0.293709262,3673.0,710.0
0.8080450312433968,0.13111615499999998,0.2151167041666667,0.4127694368333333,3673.0,710.0
0.6503187145658017,0.0,0.17541567016666668,0.20284942549999999,3673.0,710.0
0.7786334482997216,0.097372002,0.1452291815,0.2005809995,3673.0,710.0
0.8280171635717247,0.5644636103333333,0.27602931883333337,0.2707676441666667,3673.0,710.0
0.7909163156103542,0.08828112342857143,0.29657671742857145,0.32539523400000003,3673.0,710.0
0.6506214026486535,0.0,0.35092422416666674,0.5435205156666667,3673.0,710.0
0.8113177271353583,0.19207666044444446,0.357812224,0.37068487666666666,3673.0,710.0
0.813557703205305,0.14831972887500003,0.32144971375000003,0.376306196875,3673.0,710.0
0.7053675792333309,0.020365343181818183,0.23465998536363636,0.3822079408181818,3673.0,710.0
0.8311765018087591,0.6004027645714285,0.24129341228571427,0.4224578694285714,3673.0,710.0
0.8098049316748659,0.11936058766666667,0.1825423753333333,0.439525637,3673.0,710.0
0.646328855758909,0.05466778516666667,0.17833620591666666,0.4519429941666666,3673.0,710.0
0.7109626540413889,0.7275340336,0.2095131066,0.42534652780000004,3673.0,710.0
0.7152345868655103,0.17757455187500001,0.41143564862500004,0.541300503375,3673.0,710.0
0.6341073099395071,0.0155645074,0.5882908767999999,0.6343235482,3673.0,710.0
0.7104953904627288,0.38470034775,0.53701597175,0.748794757375,3673.0,710.0
0.6978493196154586,0.027739651249999997,0.38697021287499994,0.5066047997500001,3673.0,710.0
0.7046139670358886,0.0016609808571428572,0.37053909371428567,0.5209455888571428,3673.0,710.0
0.8283873684257701,0.34216677725000005,0.279082696375,0.38752534075,3673.0,710.0
0.808055441782625,0.05629499633333334,0.1212020555,0.4028415278333333,3673.0,710.0
0.7047544826419883,0.018427290727272727,0.04450647854545454,0.09383489100000002,3673.0,710.0
0.8283874704489114,0.5167604557142857,0.06608627800000001,0.1121413535714286,3673.0,710.0
0.8078733965927992,0.06607379283333334,0.08393861866666667,0.17168822399999997,3673.0,710.0
0.7051098452680805,0.02634157190909091,0.05144203427272727,0.11109354436363636,3673.0,710.0
0.8283887681584401,0.6559206432857143,0.046514186285714285,0.11572264414285714,3673.0,710.0
0.7741095052977869,0.06644600862500001,0.106839627125,0.30938855262500004,3673.0,710.0
0.6962689104624814,0.000783812,0.184857094625,0.49078706662500005,3673.0,710.0
0.828198022565958,0.3239621505,0.32951238587500004,0.3915241625,3673.0,710.0
0.8075672669095889,0.06389930433333334,0.34664104900000003,0.3314556888333333,3673.0,710.0
0.7043617201168947,0.010689417272727273,0.33963224918181817,0.33485443327272724,3673.0,710.0
0.8281729013076696,0.38747626166666665,0.3326503385,0.3152944466666667,3673.0,710.0
0.8104934166443082,0.11722723571428573,0.3327632752857143,0.3492536102857143,3673.0,710.0
0.6432111978276042,0.03618985016666667,0.3069010941666667,0.30597869466666666,3673.0,710.0
0.7085312816238454,0.4564656714,0.40325682039999994,0.43839172039999996,3673.0,710.0
0.7122041099753049,0.09741348025000002,0.37719251425,0.49784991525,3673.0,710.0
0.6181910793135333,0.0,0.326052034,0.37264096142857145,3673.0,710.0
0.7000355387877218,0.4046832336363636,0.19809346263636368,0.2606219434545454,3673.0,710.0
0.6815432694104594,0.0204076035,0.10985303799999997,0.2074647498333333,3673.0,710.0
0.7986961295162878,0.14312863280000002,0.1523035626,0.2202000554,3673.0,710.0
0.8309044925898904,0.657271795875,0.184347423875,0.33807198725000004,3673.0,710.0
0.7089014451993155,0.0006635446666666666,0.25429383633333336,0.3953454624166666,3673.0,710.0
0.8251147531665656,0.44923507291666676,0.12903827716666666,0.4290650241666667,3673.0,710.0
0.722913706920892,0.000826043,0.11415381814285712,0.3086833178571428,3673.0,710.0
0.8320690489098073,0.720114305375,0.076776655375,0.22962971762499998,3673.0,710.0
0.8096577393552388,0.1508546505,0.11391724383333333,0.31616282383333333,3673.0,710.0
0.7061516271665393,0.03091385718181818,0.06977064372727274,0.18546720663636362,3673.0,710.0
0.8301023604724361,0.7144848682222222,0.021559782000000003,0.16792388766666663,3673.0,710.0
0.7091524470374413,0.0004642093333333333,0.023836612916666666,0.07795277766666668,3673.0,710.0
0.8248551551514544,0.20986884774999995,0.04903286908333334,0.16581022291666667,3673.0,710.0
0.7504769214359968,0.0006338661666666667,0.14674870299999998,0.37383303849999994,3673.0,710.0
0.6444564294036217,0.0266079131,0.2993518002,0.4673744462,3673.0,710.0
0.7265810307478126,0.372802531,0.40582759825,0.53702727525,3673.0,710.0
0.748376377864017,0.17362237275,0.522303657875,0.63488943225,3673.0,710.0
0.6413345930165663,0.015604246909090909,0.3816890135454546,0.6460817185454547,3673.0,710.0
0.7429317393656579,0.5207613237142857,0.435880771,0.5667020047142857,3673.0,710.0
0.7183230644786354,0.0353799380625,0.49267021899999996,0.7262819534375,3673.0,710.0
0.8451855925194667,0.5432773487777778,0.6314746016666667,0.6238610466666668,3673.0,710.0
0.7393996320794235,0.013439778533333332,0.5059351653999999,0.6248337519333333,3673.0,710.0
0.8459539590512056,0.1769033597777778,0.3827584808888889,0.5819713164444444,3673.0,710.0
0.732373407307059,0.005990207615384616,0.3443024270769231,0.521464311076923,3673.0,710.0
0.8253460224542423,0.1808410819,0.2808187473,0.3870261872,3673.0,710.0
0.8358565095023854,0.0353719905,0.19393976333333338,0.4886429045,3673.0,710.0
0.7451161047025131,0.046281631749999996,0.11400892933333333,0.41363964508333334,5481.333333333333,1059.1666666666667
0.8443210695909987,0.5534635014285714,0.1429273932857143,0.3430853160000001,5843.0,1129.0
0.7507674625857641,0.013513399166666667,0.23477887883333337,0.41173466124999997,5843.0,1129.0
0.8225529976490639,0.1633202623333333,0.2596590767777778,0.2752061868888889,5843.0,1129.0
0.8303000840578795,0.108976723,0.2888260721111111,0.32762488466666667,5843.0,1129.0
0.6622064769290077,0.021183164400000003,0.1882146906,0.25673922579999997,5843.0,1129.0
0.735803991765045,0.6997548777142857,0.058307617857142856,0.10569921057142857,5843.0,1129.0
0.7035642912922973,0.0486890595,0.056596506187500006,0.10727341206249999,5843.0,1129.0
0.738208035872626,0.4159697005454545,0.18562435672727273,0.31397078745454543,5843.0,1129.0
0.7058947616480208,0.0,0.4189692226363636,0.45786819000000006,5843.0,1129.0
0.8476034929817416,0.22499296450000003,0.48376272600000003,0.6088685416999999,5843.0,1129.0
0.8544852594542419,0.066113651,0.5177220261666667,0.7111487593333333,5843.0,1129.0
0.7432417928659037,0.026183321416666665,0.47341650566666665,0.6083284041666667,5843.0,1129.0
0.8500188233389014,0.341849834,0.4870781838,0.5251580832,5843.0,1129.0
0.8259121651194451,0.05287557466666667,0.5007407073333333,0.5983558764444444,5843.0,1129.0
0.7385664289275758,0.0303391369,0.5331589802,0.6490804579,5843.0,1129.0
0.8437970194138211,0.24473754983333337,0.24078417775000002,0.38429102066666676,5843.0,1129.0
0.741816421059943,0.020084086583333334,0.15555199916666665,0.3674686945,5843.0,1129.0
0.8487429257841822,0.29179933933333335,0.4402843845,0.5189525158333333,5843.0,1129.0
0.764903884728049,0.0170330495,0.40836366987499995,0.5514177878125001,5843.0,1129.0
0.8528419749840263,0.4569414925,0.4334122086666667,0.5201820938333334,5843.0,1129.0
0.8461453573926814,0.16346777425,0.51281921675,0.648071923375,5843.0,1129.0
0.6599529153001283,0.0,0.5405256780000001,0.5892470625714286,5843.0,1129.0
0.710161892354582,0.1849303107,0.5992459044,0.5042853860000001,5843.0,1129.0
0.6963752719600247,0.032312535875000006,0.48601113218750014,0.5514974805624999,5843.0,1129.0
0.7171759597952807,0.24706251657142858,0.37089158271428574,0.4041555464285715,5843.0,1129.0
0.7439626105723894,0.11239031290000001,0.3220612739,0.2728809108,5843.0,1129.0
0.7361657873270274,0.029451501400000003,0.1703374323,0.2018207107,5843.0,1129.0
0.845510688664102,0.27163969549999994,0.0917231538,0.0989457119,5843.0,1129.0
0.7503143351287459,0.02743555421428571,0.09510346842857142,0.13696739757142856,5843.0,1129.0
0.8380969134757387,0.5884346893333333,0.11967861133333334,0.23092284466666668,5843.0,1129.0
0.8130762905127854,0.065952215875,0.17179111387499998,0.2915114075,5843.0,1129.0
0.6716991902286277,0.0,0.20171155333333332,0.28681551883333334,5843.0,1129.0
0.8352248242368014,0.31158946039999996,0.2102979387,0.29378221569999996,5843.0,1129.0
0.83391167628943,0.06343792783333334,0.23279164183333334,0.274231026,5843.0,1129.0
0.7344352590024315,0.02702925525,0.23425466400000003,0.34195727700000006,5843.0,1129.0
0.839306920674381,0.38173677075,0.121783692375,0.161297611625,5843.0,1129.0
0.736309301590922,9.887975e-5,0.12543573608333333,0.23538482491666665,5843.0,1129.0
0.8356879918437661,0.3169969634,0.1353650067,0.23450061460000002,5843.0,1129.0
0.8373674839769322,0.06918060266666666,0.17148875833333332,0.2951722308333333,5843.0,1129.0
0.6652925412596299,0.0053178593636363635,0.2287694370909091,0.4367476868181818,5843.0,1129.0
0.7337306837346945,0.3877319588571429,0.24453879157142858,0.42163978128571433,5843.0,1129.0
0.7102643845376408,0.022376717583333334,0.331812985,0.5772086045833333,5843.0,1129.0
0.68304491414192,0.025643358833333334,0.3503421281666666,0.6484245983333333,5843.0,1129.0
0.7510925335188163,0.2245641076,0.3330236538,0.6048584158,5843.0,1129.0
0.7796592836715013,0.04082085757142857,0.3352668781428571,0.5817381939999999,5843.0,1129.0
0.7366345785635557,0.014156581,0.17232348583333332,0.4754760365,5843.0,1129.0
0.8498583595032191,0.1711632765833333,0.097095404,0.3783786036666666,5843.0,1129.0
0.7160793459054076,0.0,0.2004505892,0.4800147033999999,5843.0,1129.0
0.8593047530724857,0.25050802011111106,0.4190590983333333,0.623623634111111,5843.0,1129.0
0.7570644851196743,0.008509456916666666,0.40052650083333335,0.3937022106666666,5843.0,1129.0
0.8347454259880608,0.15231681071428568,0.32559222400000004,0.2355295682857143,5843.0,1129.0
0.8646179443018769,0.283110088125,0.327467051375,0.394598810375,5843.0,1129.0
0.7607006183377293,0.010885683785714287,0.2368027224285714,0.39998530507142854,5843.0,1129.0
0.8565040438538905,0.13774055975,0.183910004,0.28420372825,5843.0,1129.0
0.7049190692368063,0.0,0.1413618511111111,0.2597060083333333,5843.0,1129.0
0.8615668721220809,0.19555447799999998,0.21169351873333334,0.27878298366666665,5843.0,1129.0
0.6792238581851681,0.006065519818181818,0.19683690654545452,0.3279358029090909,5843.0,1129.0
0.7760825275053558,0.252936549,0.3380129328461538,0.4044115815384615,5843.0,1129.0
0.6594835247497005,0.0,0.449137495875,0.611404276625,5843.0,1129.0
0.7340014524656785,0.2182407811818182,0.3997991025454546,0.5136599961818182,5843.0,1129.0
0.7273149457951811,0.0029393600000000002,0.5060364341818182,0.46880025836363637,5843.0,1129.0
0.8095654653406591,0.09923010628571428,0.612491706,0.7171489958571428,5843.0,1129.0
0.8580112284212963,0.247866795,0.49475279290909097,0.5820094869090908,5843.0,1129.0
0.7562524418757718,0.0235436415,0.23711985249999998,0.39920895058333333,5843.0,1129.0
0.863157364517621,0.54130592,0.157766131625,0.26332149475000005,5843.0,1129.0
0.7645467479006933,0.00018181989999999998,0.16699462280000002,0.32735648280000007,5843.0,1129.0
0.8421373741244396,0.388177902,0.14541892100000003,0.33973579827272726,5843.0,1129.0
0.8585788525146159,0.17882280671428571,0.1347578925714286,0.3241093127142857,5843.0,1129.0
0.6993964717391883,0.0,0.20389312183333333,0.4812868078333334,5843.0,1129.0
0.8363688691778963,0.29147856699999997,0.19886392519999999,0.4549478007000001,5843.0,1129.0
0.847731769804557,0.1494941708888889,0.16459372622222224,0.25480781333333336,5843.0,1129.0
0.6982016493304042,0.0,0.19076937025,0.44542131387499995,5843.0,1129.0
0.862409972423822,0.24620499679999996,0.24468542006666666,0.452583367,5843.0,1129.0
0.6813930178875055,0.0,0.19084681475,0.4084505625,8083.25,1562.5
0.7612815277583536,0.3239962237777778,0.16596188599999998,0.38514455477777776,8830.0,1707.0
0.8025670599363978,0.11640888142857142,0.21577632142857142,0.41772640171428577,8830.0,1707.0
0.6716075920754213,0.0,0.227815520875,0.476935208625,8830.0,1707.0
0.7536222416464212,0.3391242123,0.20009334049999997,0.4010027629,8830.0,1707.0
0.7414228837920737,0.03511510615384615,0.23463548507692306,0.503744948923077,8830.0,1707.0
0.8757445835664627,0.294218922,0.15907040254545454,0.3842365726363637,8830.0,1707.0
0.8728047012116874,0.04895089271428572,0.1305800482857143,0.20010020628571426,8830.0,1707.0
0.6781038150910725,0.0,0.104397509,0.09540573016666666,8830.0,1707.0
0.8687862700992488,0.35203549089999997,0.051134765999999984,0.10111921099999999,8830.0,1707.0
0.8779686940643665,0.19685999883333336,0.041805961,0.0898466915,8830.0,1707.0
0.7109979677751366,0.0,0.0604468855,0.16145473425,8830.0,1707.0
0.8748791932082218,0.36996539280000007,0.0726311174,0.2133009306,8830.0,1707.0
0.7858884387785571,0.08463724421428571,0.14571108278571426,0.3481395335,8830.0,1707.0
0.8667476645867274,0.37110535084615387,0.11101576215384615,0.29019286723076926,8830.0,1707.0
0.7570964707566241,0.00015340136363636365,0.11878043118181818,0.22711551127272725,8830.0,1707.0
0.8749757449961985,0.128609993,0.1170718796666667,0.3267737345000001,8830.0,1707.0
0.8869308748520257,0.34673751018181814,0.20918040527272727,0.4696034205454545,8830.0,1707.0
0.6722246373020013,0.0,0.2631818317777778,0.576714815111111,8830.0,1707.0
0.7554565907525184,0.44487107777777773,0.14299003522222223,0.4320593677777778,8830.0,1707.0
0.7277543822536057,0.03691371806666667,0.1778634509333333,0.5204222361333334,8830.0,1707.0
0.750753289097309,0.4993339362222222,0.16405871155555554,0.45691133277777773,8830.0,1707.0
0.7875212613764897,0.09629730199999999,0.2054328715,0.31303997866666666,8830.0,1707.0
0.7662745237355154,0.02826361233333333,0.21239659225,0.23978652891666666,8830.0,1707.0
0.8777342432287095,0.39274978518181813,0.09439601290909092,0.33968323845454546,8830.0,1707.0
0.7796339264852891,0.016631815615384616,0.057931265153846154,0.3245082975384615,8830.0,1707.0
0.8962266208474048,0.26984629654545456,0.07355070563636364,0.153703079,8830.0,1707.0
0.7167021493481607,0.0,0.119613199375,0.24078064912500002,8830.0,1707.0
0.8839660302687506,0.26599062990909095,0.08461729381818182,0.11638446009090911,8830.0,1707.0
0.8713860041009577,0.03629702414285714,0.2603395332857143,0.42456564371428573,8830.0,1707.0
0.7558903822686257,0.007754047727272728,0.5410778979090908,0.6873171793636366,8830.0,1707.0
0.9151806463909589,0.2254517184,0.6743779268,0.8351182319999999,8830.0,1707.0
0.7304014139921983,0.0,0.5722560640000001,0.766742027,8830.0,1707.0
0.8741662666911028,0.23685143722222224,0.41384076933333336,0.6235368907777779,8830.0,1707.0
0.8847020752341564,0.12032114611111114,0.3216742993333333,0.41514684622222225,8830.0,1707.0
0.6768235222472727,0.0009639086,0.30370489300000003,0.4236582899,8830.0,1707.0
0.7826831524270866,0.3464301554444445,0.35007870300000005,0.4758301456666667,8830.0,1707.0
0.7222672942679915,0.0001847613,0.3706220253,0.3682725451,8830.0,1707.0
0.7110475973909717,0.049314940285714294,0.45591833285714284,0.33988994285714286,8830.0,1707.0
0.7855991707620332,0.21105457860000004,0.5290071137,0.5935343660000001,8830.0,1707.0
0.7750148786077568,0.017011154846153845,0.27424226515384614,0.5109206926153846,8830.0,1707.0
0.901563344391021,0.31443922025,0.11933595400000001,0.34785447891666665,8830.0,1707.0
0.7707488168119861,0.0005924871818181819,0.27695384954545454,0.5641199081818182,8830.0,1707.0
0.9043509850196827,0.22189159023076918,0.3792394883076922,0.5715149816923077,8830.0,1707.0
0.7498000898779683,0.00037959209090909085,0.3095795063636364,0.5085498777272728,8830.0,1707.0
0.8966566640743759,0.28078623418181814,0.3236650768181818,0.5320321081818182,8830.0,1707.0
0.7784912873736334,0.010107728428571428,0.20621736835714288,0.42428541621428567,8830.0,1707.0
0.8945176432546716,0.22571663954545454,0.18216532572727273,0.32627069718181817,8830.0,1707.0
0.731172159220274,0.0,0.1948357859,0.4970816105,8830.0,1707.0
0.9026993542757361,0.21870506726666666,0.1953003914,0.5577302355999999,8830.0,1707.0
0.6771240861013023,0.0,0.17498929700000002,0.4482777456666667,8830.0,1707.0
0.7635167186607421,0.37874374699999996,0.086124274,0.3055579086666667,8830.0,1707.0
0.8047110057890331,0.08235946816666666,0.07477526716666666,0.1612654136666667,8830.0,1707.0
0.6884975881971983,0.0005020716363636364,0.09382690754545454,0.19959103054545455,8830.0,1707.0
0.7908766980741805,0.3547919856153846,0.04254416923076923,0.11388456438461536,8830.0,1707.0
0.7587519792103111,0.0005156917272727273,0.07025760127272727,0.11602738027272728,8830.0,1707.0
0.8914223319470819,0.3563583386923076,0.05403813923076923,0.12182809053846154,8830.0,1707.0
0.7050288774956982,0.0,0.058878853,0.2069046732857143,8830.0,1707.0
0.8853829048705685,0.26204892663636364,0.046807962545454544,0.2746084629090909,8830.0,1707.0
0.7899053452561575,0.028997122384615385,0.05265614846153846,0.1659078652307692,8830.0,1707.0
0.887266664947198,0.292980757,0.03795024627272727,0.14563912536363632,8830.0,1707.0
0.7937440331233115,0.03933634669230769,0.022246472692307694,0.11300097746153846,8830.0,1707.0
0.8923333901390617,0.29214275472727275,0.016576069727272727,0.07192094872727273,8830.0,1707.0
0.8061618188553007,0.036143187916666666,0.03715723416666667,0.06676906225,8830.0,1707.0
0.8556347656576705,0.06725671600000001,0.08110325085714286,0.09934892371428572,8830.0,1707.0
0.8840347165884986,0.25327928141666667,0.15101302858333335,0.11862158249999999,8830.0,1707.0
0.6695857055153848,0.0,0.25579508012499996,0.31036518612499997,8830.0,1707.0
0.7699935388374635,0.38555759488888897,0.23943409244444444,0.36102321877777777,8830.0,1707.0
0.8102804718521752,0.0954129285,0.3013152071666667,0.517799515,8830.0,1707.0
0.683882715952193,0.0,0.29875039144444443,0.5659432845555554,8830.0,1707.0
0.7703360900534338,0.50972306875,0.19922777912499998,0.554003847375,8830.0,1707.0
0.7960764858625765,0.284003273,0.17737127219999999,0.5282583592,8830.0,1707.0
0.7839769657008849,0.025375691,0.15240348578571425,0.49883322599999996,8830.0,1707.0
0.8875977754625392,0.7515992085,0.05288862516666667,0.36464348650000006,8830.0,1707.0
0.8657495363597747,0.09281733875,0.06303006412500001,0.321280603125,8830.0,1707.0
