Demand,Avail_Sol,Avail_Wind_On,Avail_Wind_Off,Hyd_In,HydRoR_In
0.6496811738577752,0.0,0.7014354048,0.8904594458,0.0,1930.0
0.7024965351708938,0.0,0.6437510335000001,0.855138138,0.0,1930.0
0.8850970251692184,0.001156509,0.5836340383333334,0.7812834553333333,0.0,1930.0
0.9166764629906373,0.2265695712,0.5573863388,0.7578182132,0.0,1930.0
0.9144863042758815,0.17087373,0.630010586,0.79713502,0.0,1930.0
0.9073640534256675,0.0,0.6633900415999999,0.8668218442000001,0.0,1930.0
0.7717832618542617,0.0,0.557841691,0.82714325,0.0,1930.0
0.6533099496525685,0.0,0.4913245366000001,0.6992383458000001,0.0,1930.0
0.7158397322054257,0.0,0.49857601399999996,0.6472509635,0.0,1930.0
0.8860632462226675,0.000614228,0.5736547356666666,0.7468677009999999,0.0,1930.0
0.9100327554770533,0.06897167420000001,0.7398188584000002,0.8636103754000001,0.0,1930.0
0.8961069369175091,0.024684073,0.726032189,0.890017077,0.0,1930.0
0.9070036807346805,0.0,0.6571372083333334,0.8479202730000001,0.0,1930.0
0.8418543537832573,0.0,0.6979316896666666,0.7433412766666666,0.0,1930.0
0.7164341102314749,0.0,0.7226396829999999,0.711419164,0.0,1930.0
0.6329946781756413,0.0,0.72301126275,0.778032359,0.0,1930.0
0.770458136314506,0.0,0.7324509537499999,0.8088304995,0.0,1930.0
0.903760624151298,0.062249385500000004,0.744678739,0.8669757265,0.0,1930.0
0.9003696085816835,0.28351076425,0.7474997889999999,0.8783756817499999,0.0,1930.0
0.9062745281001147,0.086275822,0.7239567033333333,0.8812875533333333,0.0,1930.0
0.8959941117406696,0.0,0.67091268425,0.8616638422499999,0.0,1930.0
0.7706576261878796,0.0,0.5235832135,0.753352862,0.0,1930.0
0.6480215840854393,0.0,0.38633175720000007,0.5978612538,0.0,1930.0
0.7770915786151851,0.0,0.38725579974999996,0.5627003902500001,0.0,1930.0
0.8959939328624764,0.0153791005,0.522081287,0.6484653555,0.0,1930.0
0.8975291466904748,0.13377237125000002,0.58516686325,0.723294233,0.0,1930.0
0.9088898539152618,0.1129158925,0.5426556874999999,0.7810676235,0.0,1930.0
0.9066306853835411,0.0,0.44141758640000006,0.6960694068000001,0.0,1930.0
0.7242941852825758,0.0,0.29491987925,0.621739589,0.0,1930.0
0.638586809357756,0.0,0.294069536,0.5137513476666666,0.0,1930.0
0.7113768775570513,0.0,0.303457337,0.457735122,0.0,1930.0
0.8891518146870422,0.0015347846666666665,0.3172351903333333,0.4525100383333333,0.0,1930.0
0.9217772337536145,0.139876005,0.3461521575,0.44950983899999997,0.0,1930.0
0.9172689225868621,0.21107019575,0.34996430725,0.4369035,0.0,1930.0
0.9429577776812722,0.01829110275,0.29656223400000004,0.38957429424999995,0.0,1930.0
0.8893466836416364,0.0,0.307535587,0.356808814,0.0,1930.0
0.7477522018798654,0.0,0.35880766599999997,0.33014133199999995,0.0,1930.0
0.6301005874415062,0.0,0.4737859095,0.38440268475,0.0,1930.0
0.6784791918138721,0.0008679654,0.5989501664,0.5889484873999999,0.0,1930.0
0.7919322805240873,0.307076058,0.596671297,0.7303794385,0.0,1930.0
0.7850147964539486,0.320301031,0.5746177509999999,0.763383556,0.0,1930.0
0.8102948783048743,0.0673595995,0.545942578,0.773711182,0.0,1930.0
0.813584226081569,0.0,0.494633462,0.75442631025,0.0,1930.0
0.7140272404213762,0.0,0.39304859666666664,0.6750031766666668,0.0,1930.0
0.62967878989526,0.0,0.37320934699999997,0.6488092972499999,0.0,1930.0
0.6606411930524432,0.0,0.377977366,0.6170168005,0.0,1930.0
0.7553639132639757,0.00797739,0.384129514,0.632600728,0.0,1930.0
0.7940867806098734,0.31390373699999996,0.3398467825,0.6063815735,0.0,1930.0
0.7918433798501372,0.5072088505000001,0.33956297199999996,0.6154384184999999,0.0,1930.0
0.7898630589131823,0.4175021295,0.36628246799999997,0.6301137735,0.0,1930.0
0.8189717284939938,0.08276227800000001,0.4295423145,0.673499692,0.0,1930.0
0.8191328274364102,0.0,0.485359078,0.7390276775,0.0,1930.0
0.7098361856771629,0.0,0.5268501575,0.7928210265,0.0,1930.0
0.652309474043635,0.0,0.5436697793333334,0.815487368,0.0,1930.0
0.7320783504607826,0.0,0.5355819319999999,0.8268083915,0.0,1930.0
0.9069855547259822,0.001177106,0.5302439523333333,0.8095283600000002,0.0,1930.0
0.9414254482163451,0.23222172866666665,0.4560489126666667,0.720451175,0.0,1930.0
0.9390363391462588,0.23044252633333331,0.4881611986666667,0.7004973343333333,0.0,1930.0
0.948629444669008,0.0240817555,0.5640423480000001,0.727678085,0.0,1930.0
0.9199460942946556,0.0,0.619559659,0.751519783,0.0,1930.0
0.7276782807087325,0.0,0.6143230915,0.6975114465000001,0.0,1930.0
0.6414657069388309,0.0,0.6042729086666667,0.684286871,0.0,1930.0
0.7160652036809112,0.0,0.5765752975,0.617846957,0.0,1930.0
0.8930583469533603,0.000749131,0.5806415246666666,0.629981674,0.0,1930.0
0.9338568456446129,0.05599780099999999,0.5974196833333333,0.6489322716666667,0.0,1930.0
0.9252689110528286,0.0708922035,0.5986361605,0.6932543635,0.0,1930.0
0.9265513080060149,0.02271001066666667,0.5889797326666667,0.6928639140000001,0.0,1930.0
0.9018100635255087,0.0,0.55644493675,0.739472431,0.0,1930.0
0.7218992218258922,0.0,0.38466451725,0.62917285175,0.0,1930.0
0.6319662124479078,0.0,0.28145086033333333,0.49969807833333335,0.0,1930.0
0.7000376351756512,0.0,0.18259116600000003,0.37271707249999997,0.0,1930.0
0.883471889590597,0.0017123203333333332,0.130232624,0.23219455866666663,0.0,1930.0
0.9182276681377551,0.1731257235,0.09402857075000001,0.149559065,0.0,1930.0
0.9115739571024379,0.1535375825,0.0873229025,0.132630709,0.0,1930.0
0.934715481057609,0.01505515075,0.129328936,0.19522547624999997,0.0,1930.0
0.8552246950944195,0.0,0.14940448333333334,0.22222537,0.0,1930.0
0.6725077726435714,0.0,0.15449733633333337,0.22869645849999998,0.0,1930.0
0.7978846465667391,0.0,0.12342370625,0.19960941875,0.0,1930.0
0.9280200474765505,0.0247445595,0.09047952549999999,0.1428790965,0.0,1930.0
0.9241351590397737,0.1354911432,0.0672808756,0.11391592400000002,0.0,1930.0
0.9310239784631054,0.028169327999999997,0.1061129395,0.123177378,0.0,1930.0
0.9107651531100418,0.0,0.17589014725,0.15850941024999998,0.0,1930.0
0.7754441992869436,0.0,0.280106211,0.21351417150000002,0.0,1930.0
0.6520983334666903,0.0,0.35579323079999997,0.2656701688,0.0,1930.0
0.7901023708105348,0.0,0.46080790225,0.4119365685,0.0,1930.0
0.9160793615491563,0.02061845,0.5274138705,0.504560564,0.0,1930.0
0.9155510733003267,0.11143757639999999,0.5870581916,0.5549670678,0.0,1930.0
0.9242025500596964,0.0165801045,0.647818247,0.6092826585,0.0,1930.0
0.9016285058367632,0.0,0.71042467375,0.6844220095,0.0,1930.0
0.7401194279427444,0.0,0.7170207003333333,0.7446559233333333,0.0,1930.0
0.6162540595257189,0.0,0.714985006,0.7754150424999999,0.0,1930.0
0.66130853401581,0.0005833327999999999,0.6889599808,0.8299803457999999,0.0,1930.0
0.7770000954758813,0.07394177625000001,0.624145053,0.80175403075,0.0,1930.0
0.7799885984375626,0.07456098266666666,0.5250742329999999,0.7505255380000001,0.0,1930.0
0.8021090211857045,0.0005281201999999999,0.4793670282,0.7409355747999999,0.0,1930.0
0.7097817854178109,0.0,0.4113020893333334,0.6050461886666666,0.0,1930.0
0.617358717631536,0.0,0.3787644432,0.5455023338,0.0,1930.0
0.6603231465226976,0.0,0.46464917633333336,0.5856650173333334,0.0,1930.0
0.7596136388297735,0.052275037499999996,0.5296927185,0.5736286255,0.0,1930.0
0.7818865476466605,0.1494811762,0.6320757674,0.550241185,0.0,1930.0
0.8019887458501977,0.019280658,0.7218223275,0.590559541,0.0,1930.0
0.8050773963088453,0.0,0.8029124704999999,0.7032960902500001,0.0,1930.0
0.7130168969349455,0.0,0.8645217736666667,0.8604302596666668,0.0,1930.0
0.6336943350601818,0.0,0.82211772225,0.91557799475,0.0,1930.0
0.6837470539184978,0.0,0.741438483,0.9006766104999999,0.0,1930.0
0.8579056678794753,0.00035553,0.7162421449999999,0.8980899683333333,0.0,1930.0
0.8994964320562185,0.08002551150000001,0.6782174320000001,0.8644357165000001,0.0,1930.0
0.8987351193469523,0.243694569,0.7769280192500001,0.9169688142500001,0.0,1930.0
0.9184591542659724,0.073309416,0.798944425,0.9287524935,0.0,1930.0
0.902305300286601,0.0,0.8055629625,0.9315392739999999,0.0,1930.0
0.6866538910613692,0.0,0.8362659878571429,0.9344942821428571,0.0,1930.0
0.7161522485357784,0.0,0.8482202095,0.9363626629999999,0.0,1930.0
0.8942085107043939,0.005056064666666666,0.8659121339999999,0.936316228,0.0,1930.0
0.9296707024709397,0.23865417483333332,0.8477119736666667,0.9309064238333334,0.0,1930.0
0.946948157464401,0.049401663000000005,0.824353787,0.9206255415,0.0,1930.0
0.9235767795517471,0.0,0.8201168672499999,0.92498449875,0.0,1930.0
0.6949406795123595,0.0,0.8415060834285714,0.9239347855714285,0.0,1930.0
0.8012176844818253,0.0,0.90039330925,0.9361449267499999,0.0,1930.0
0.9287053162048844,0.12430339200000001,0.8781925675,0.934702284,0.0,1930.0
0.9203240384719417,0.36115507240000005,0.8500769291999999,0.9352999732,0.0,1930.0
0.9321101498618953,0.055233385999999995,0.7375100185000001,0.915367832,0.0,1930.0
0.9126322464110915,0.0,0.6447572225,0.8146337072500001,0.0,1930.0
0.7198955912924891,0.0,0.5731406915,0.66558263725,0.0,1930.0
0.625898964174178,0.0,0.6336451953333334,0.7344491903333333,0.0,1930.0
0.6943972711969808,0.0,0.638491951,0.7329051385,0.0,1930.0
0.8842547641171382,0.005986566333333333,0.6139763003333333,0.7978427616666667,0.0,1930.0
0.9181882397267722,0.3078107458,0.5426893416,0.8079319589999999,0.0,1930.0
0.9208639894575166,0.209459049,0.5814235295,0.8025382645,0.0,1930.0
0.9484576356393687,0.003044385,0.574407989,0.8168164130000001,0.0,1930.0
0.8866508195675002,0.0,0.5933575035,0.8598026080000001,0.0,1930.0
0.6968500319599924,0.0,0.5922135801428572,0.8405046241428573,0.0,1930.0
0.7330208631698836,0.0,0.6242524620000001,0.8428841149999999,0.0,1930.0
0.9090806834120415,0.007776730333333333,0.6237844393333334,0.8252260803333332,0.0,1930.0
0.9402467538995521,0.2578140225,0.584441773,0.7921840415,0.0,1930.0
0.9257269419256908,0.34364779375,0.6689961985,0.86636660725,0.0,1930.0
0.9403433461671238,0.084219986,0.6395391795,0.863912667,0.0,1930.0
0.9203773162790656,0.0,0.55521290625,0.83331804025,0.0,1930.0
0.7221179966713166,0.0,0.42426473375,0.7507705075,0.0,1930.0
0.6229641682935464,0.0,0.2386497736666667,0.44713429299999996,0.0,1930.0
0.6591068176780206,0.0,0.1594355715,0.266579251,0.0,1930.0
0.7736072016852376,0.016599037,0.182382393,0.2088942305,0.0,1930.0
0.8019871807503514,0.100493986,0.1918901365,0.240241935,0.0,1930.0
0.8016004985026522,0.17591417433333334,0.23016992,0.3276266636666667,0.0,1930.0
0.8216599904136053,0.0606003885,0.240769964,0.3728163,0.0,1930.0
0.8187687504621135,0.0,0.17981360200000002,0.37940240275000003,0.0,1930.0
0.6744055280128549,0.0,0.17418282699999998,0.260566087,0.0,1930.0
0.6502978977714757,0.0,0.3484284078,0.4368988814,0.0,1930.0
0.7796502869405746,0.019406244,0.534918076,0.618900158,0.0,1930.0
0.7928633229305131,0.037143829,0.6539679905,0.7238040004999999,0.0,1930.0
0.7862787245316971,0.026768038,0.7613062895,0.8284319465000001,0.0,1930.0
0.8018470324186884,0.007104791500000001,0.7833730605,0.8804006925000001,0.0,1930.0
0.7960592757776928,0.0,0.7111431275,0.89106853175,0.0,1930.0
0.6968494857293981,0.0,0.6419889645,0.79437932225,0.0,1930.0
0.6265503510605369,0.0,0.5811234243333333,0.7754190126666667,0.0,1930.0
0.6904336331976786,0.0,0.5932071915,0.7548768045,0.0,1930.0
0.8712762774741895,0.0040138330000000005,0.6470447853333333,0.7725245413333334,0.0,1930.0
0.9080114007192603,0.220459715,0.6358441969999999,0.7780466239999999,0.0,1930.0
0.8976874283182162,0.28192293474999996,0.6718328337499999,0.80141922875,0.0,1930.0
0.911488410276529,0.06942240549999999,0.6043602065,0.7437462610000001,0.0,1930.0
0.8981490590556769,0.0,0.613857985,0.7376676012500001,0.0,1930.0
0.7199869738591986,0.0,0.7073840235,0.8021817517500001,0.0,1930.0
0.6257635859276691,0.0,0.7730169293333334,0.8706321803333332,0.0,1930.0
0.7567663349320168,0.0,0.81818016625,0.9184435205,0.0,1930.0
0.8789751902793816,0.030226498666666667,0.850011479,0.9304165176666667,0.0,1930.0
0.8732870742463291,0.1707245055,0.881912345,0.93578563525,0.0,1930.0
0.8819804925979426,0.07316892800000001,0.8598871425000001,0.935708451,0.0,1930.0
0.8785947761345491,0.0,0.8628222480000001,0.9320804127499999,0.0,1930.0
0.7427522983955929,0.0,0.8227242499999999,0.9213773256666666,0.0,1930.0
0.6291342508358481,0.0,0.8326796154999999,0.83354344325,0.0,1930.0
0.752909608063154,0.0,0.9120857945,0.8752614464999999,0.0,1930.0
0.8843571996490558,0.046201012,0.9169554074999999,0.8823410604999999,0.0,1930.0
0.9030206422448562,0.20828572824999997,0.9112486045000001,0.9005010077500001,0.0,1930.0
0.9101955492076932,0.215692612,0.888935068,0.9204193395,0.0,1930.0
0.9062597351951652,0.0036700074,0.8312770098,0.9193206602,0.0,1930.0
0.7714813662057731,0.0,0.8014633205,0.9233772805,0.0,1930.0
0.6487148394990593,0.0,0.7743985538,0.9098628100000001,0.0,1930.0
0.7020011642342877,0.0,0.7092951885,0.8859201125,0.0,1930.0
0.885027234199078,0.012577878666666667,0.637745148,0.8467352810000001,0.0,1930.0
0.9112369349319369,0.32943582075,0.5524922325,0.7839362375000001,0.0,1930.0
0.9034833684847337,0.297099497,0.5125720995,0.6859373185,0.0,1930.0
0.9230642903431612,0.037311785400000005,0.451158604,0.6358475532000001,0.0,1930.0
0.8209619769345102,0.0,0.4210209025,0.590079378,0.0,1930.0
0.7025041224582633,0.0,0.393980102,0.5843834413333333,0.0,1930.0
0.6465405737237903,0.0,0.340926396,0.5110071123333333,0.0,1930.0
0.8050424710669728,0.0,0.258222498,0.36794992525000003,0.0,1930.0
0.9307314290146571,0.134030325,0.159389704,0.241892793,0.0,1930.0
0.9198380241671256,0.3984022166666667,0.12989658533333334,0.20727499533333335,0.0,1930.0
0.9136487685050623,0.2601252555,0.1703177195,0.226762935,0.0,1930.0
0.9275373096183515,0.054082568,0.243119546,0.26310044099999996,0.0,1930.0
0.9113221463696677,0.0,0.379746996,0.35701740475,0.0,1930.0
0.7754269378449334,0.0,0.5200450945,0.4870739145,0.0,1930.0
0.6280288540910718,0.0,0.6426899658333334,0.6437630588333333,0.0,1930.0
0.6567776130322888,0.0,0.8125329973333333,0.8217497823333333,0.0,1930.0
0.7326802859049393,0.007387968,0.882411532,0.899696258,0.0,1930.0
0.7623335839167835,0.0287802655,0.8818142525,0.9159907885,0.0,1930.0
0.7613808380839915,0.06976641733333333,0.9018926510000002,0.9315140246666668,0.0,1930.0
0.7660562033097954,0.050787486666666666,0.9010817133333333,0.9316507106666667,0.0,1930.0
0.7747549730388383,0.0,0.8714147645,0.9090368265000001,0.0,1930.0
0.6509778461782514,0.0,0.8124816758571429,0.8724135175714286,0.0,1930.0
0.6307330992484579,0.0,0.76675490525,0.8445082285000001,0.0,1930.0
0.7374377247552683,0.045955238333333336,0.7714041586666666,0.863617155,0.0,1930.0
0.745611735938803,0.11730439825000001,0.78688916725,0.8903494109999999,0.0,1930.0
0.7566241297035585,0.0411460795,0.7667341795,0.885345638,0.0,1930.0
0.7695027669461252,0.0,0.810283744,0.88257242825,0.0,1930.0
0.712894218792748,0.0,0.8590845246666667,0.9081375146666667,0.0,1930.0
0.6291045464620729,0.0,0.8463506205,0.92537370975,0.0,1930.0
0.6782937256804629,0.0,0.8042778275,0.9065526175,0.0,1930.0
0.8511760767280663,0.0044348799999999996,0.7719952493333334,0.9089455346666667,0.0,1930.0
0.8939096857869773,0.17669662549999998,0.7325340645,0.898621122,0.0,1930.0
0.8967191576553517,0.319662299,0.696500785,0.85542460575,0.0,1930.0
0.914908984944645,0.1479246335,0.51478768,0.7429658965,0.0,1930.0
0.908662884410818,0.0,0.41929731574999995,0.5963199485,0.0,1930.0
0.7503237927977117,0.0,0.38001677333333334,0.47641480933333336,0.0,1930.0
0.65480473775112,0.0,0.376005081,0.41709530875,0.0,1930.0
0.8156703513780976,0.0,0.42142177799999997,0.40523267399999996,0.0,1930.0
0.9326283048601294,0.052521306,0.464906443,0.422342585,0.0,1930.0
0.9266765873268384,0.295618157,0.474425257,0.447368495,0.0,1930.0
0.9135917075084954,0.19035001899999998,0.5351831055,0.5361059945,0.0,1930.0
0.9271250482838362,0.0349947635,0.595762334,0.6154680775000001,0.0,1930.0
0.936941150879119,0.0,0.6843230745,0.708219134,0.0,1930.0
0.8474761147896975,0.0,0.777298294,0.8501505246666667,0.0,1930.0
0.6613563114298256,0.0,0.8484912616666667,0.9267540635000001,0.0,1930.0
0.694899059211647,0.0,0.8671765905,0.9361669465,0.0,1930.0
0.8779847018450578,0.009020241,0.858594139,0.9348673443333334,0.0,1930.0
0.9238786975347066,0.255303304,0.829943747,0.9293798615,0.0,1930.0
0.9242718192399201,0.34705269875,0.841896362,0.9287821725000001,0.0,1930.0
0.9382424637570287,0.1347938455,0.811090537,0.9215001205,0.0,1930.0
0.9186285262067452,0.0,0.806338395,0.9240264475000001,0.0,1930.0
0.7041615065192668,0.0,0.8185402340000001,0.9121296428571428,0.0,1667.857142857143
0.8395521032562674,0.0,0.8597970397500001,0.9066942825000001,0.0,1563.0
0.9531314506324814,0.094436258,0.868066369,0.89919762,0.0,1563.0
0.9527308608470433,0.376772932,0.8340775439999999,0.8954080385000001,0.0,1563.0
0.9448210922395301,0.46437442025,0.87191986625,0.9109596649999999,0.0,1563.0
0.9563930951634954,0.17626084050000002,0.8752141065,0.921025641,0.0,1563.0
0.9388392565712114,0.0,0.85691198275,0.91742912925,0.0,1563.0
0.7484234661190643,0.0,0.7958742974999999,0.91128635,0.0,1563.0
0.6617778890726272,0.0,0.7191001613333334,0.8979020483333332,0.0,1563.0
0.8401895565142671,0.0,0.57712539275,0.830631543,0.0,1563.0
0.9560209018020402,0.1977768645,0.3837663005,0.6813443585,0.0,1563.0
0.9462404846978207,0.47797497250000004,0.275287538,0.52561840475,0.0,1563.0
0.9444452990472146,0.216735509,0.19542479899999998,0.406957479,0.0,1563.0
0.9687072563340079,0.011482718333333334,0.20602186766666666,0.33318403266666663,0.0,1563.0
0.9084594369501974,0.0,0.2405277,0.2539326545,0.0,1563.0
0.7398888213270924,0.0,0.2759539875,0.2934833795,0.0,1563.0
0.6381985209624671,0.0,0.30370851,0.36811062175,0.0,1563.0
0.7114430685613796,0.0,0.336066919,0.4436540216666667,0.0,1563.0
0.8203157923829115,0.055839738,0.3648702315,0.4955510765,0.0,1563.0
0.8386762883955343,0.1818719525,0.40138016249999997,0.5148322515,0.0,1563.0
0.8329281822776723,0.21855758466666667,0.4368264943333333,0.5536246813333333,0.0,1563.0
0.857232741589034,0.113105932,0.463818253,0.582238431,0.0,1563.0
0.8666898726271218,0.0,0.458406535,0.6174491726666667,0.0,1563.0
0.7800546628573981,0.0,0.446409036,0.6619310086666667,0.0,1563.0
0.6510718330756683,0.0,0.4104187008333333,0.6371908341666667,0.0,1563.0
0.7131402905899161,0.0,0.35279473966666663,0.582514243,0.0,1563.0
0.8207633367156858,0.204741936,0.2641401705,0.49532478199999996,0.0,1563.0
0.829375642825907,0.5102009173333334,0.23052299866666667,0.44965474333333333,0.0,1563.0
0.8269889784019705,0.34626144266666664,0.205150849,0.43700280733333335,0.0,1563.0
0.8585295289363722,0.0174996446,0.1711088796,0.4407376232,0.0,1563.0
0.7121489078321016,0.0,0.1721323551666667,0.4096363523333333,0.0,1563.0
0.6893567185260945,0.0,0.192053409,0.4248431755,0.0,1563.0
0.906705973710381,0.0,0.19959292066666667,0.41812201499999996,0.0,1563.0
0.9682252488557372,0.118908661,0.215070252,0.417010956,0.0,1563.0
0.9691507014029679,0.456332727,0.223551966,0.3883286,0.0,1563.0
0.9650216491850911,0.3547323115,0.240676797,0.362144428,0.0,1563.0
0.9680661398404417,0.207779685,0.225128772,0.366312484,0.0,1563.0
0.9596003618303559,0.012043349,0.2385786912,0.3675470746,0.0,1563.0
0.7588808565850528,0.0,0.219594604,0.33456908875,0.0,1563.0
0.6796974592006432,0.0,0.3407602056666666,0.34118960433333334,0.0,1563.0
0.7753961490685012,0.0,0.4237068525,0.414329672,0.0,1563.0
0.9519783353575209,0.03002945833333333,0.44133413800000004,0.482955501,0.0,1563.0
0.9738827401009037,0.41326317725,0.4460801545,0.56971129675,0.0,1563.0
0.9692637054580004,0.414416914,0.514875561,0.6641179454999999,0.0,1563.0
0.9807539850690036,0.1966413975,0.501038455,0.6908365215000001,0.0,1563.0
0.9319414084954308,0.0,0.4492104232,0.6875970386000001,0.0,1563.0
0.7156825461588229,0.0,0.37792722016666663,0.5848944110000001,0.0,1563.0
0.8707498718570537,0.0,0.26279859775000003,0.48330314950000003,0.0,1563.0
0.9780205573165129,0.23224482950000003,0.2273451835,0.41608890600000004,0.0,1563.0
0.9698036981930662,0.4055670196666667,0.2668398396666667,0.3661722533333333,0.0,1563.0
0.9633554767492234,0.298716565,0.3754603305,0.3577025485,0.0,1563.0
0.9772510833824577,0.10340278900000001,0.449956618,0.425634061,0.0,1563.0
0.9509882196029688,0.0,0.5166656482499999,0.5113769005,0.0,1563.0
0.8110043845223288,0.0,0.4894777825,0.4715743625,0.0,1563.0
0.6831171424242336,0.0,0.443283394,0.5073375556,0.0,1563.0
0.8482869982045411,0.0,0.388461533,0.5717912362500001,0.0,1563.0
0.9563862979271023,0.0685862735,0.385604314,0.6032131685,0.0,1563.0
0.9465614155906374,0.14629294966666664,0.424962377,0.6152274213333333,0.0,1563.0
0.9412749251743915,0.12490312649999999,0.501418715,0.6494183305000001,0.0,1563.0
0.9515877178570454,0.05318357,0.5639268415,0.6935205605,0.0,1563.0
0.9597907738952025,0.0,0.591076293,0.768193394,0.0,1563.0
0.8474138664154935,0.0,0.660740834,0.77057637725,0.0,1563.0
0.6705824497223253,0.0,0.6512459486,0.8514778948,0.0,1563.0
0.8400240416218849,0.0,0.64313734775,0.8785835025,0.0,1563.0
0.9608404995537388,0.079879545,0.622343611,0.868961905,0.0,1563.0
0.9623587337184277,0.4896016018,0.5824187181999999,0.8158688802,0.0,1563.0
0.9545352586908651,0.4091798595,0.5327664805000001,0.802799559,0.0,1563.0
0.980754760230333,0.05691498066666667,0.4664282526666666,0.7453207126666667,0.0,1563.0
0.8858036394663186,0.0,0.5048681543333333,0.6786142506666666,0.0,1563.0
0.6992739411799576,0.0,0.620137197,0.70539756775,0.0,1563.0
0.6436201473873066,0.0,0.7389997316666667,0.696386469,0.0,1563.0
0.7123811467421938,0.0003851903333333333,0.7966655876666667,0.7422324873333332,0.0,1563.0
0.8102195721599398,0.07483016466666666,0.7396642743333334,0.8588864346666667,0.0,1563.0
0.8101069705752191,0.18504982225,0.6592639069999999,0.82227902325,0.0,1563.0
0.8229427450332104,0.085188997,0.5608394329999999,0.7820268335,0.0,1563.0
0.8219564974830386,0.00026807275,0.5675408719999999,0.80094957325,0.0,1563.0
0.7107664231654569,0.0,0.7120622935,0.87548842925,0.0,1563.0
0.6337542580741032,0.0,0.7420546435,0.9025156525,0.0,1563.0
0.7099396274185982,0.0006622126666666668,0.7238725296666667,0.9151722436666666,0.0,1563.0
0.825343302082747,0.32567841966666666,0.7256668390000001,0.9194994846666665,0.0,1563.0
0.83249813782369,0.501394325,0.77963166625,0.9277208829999999,0.0,1563.0
0.8614294084819292,0.22855688899999999,0.7914881385,0.931769661,0.0,1563.0
0.8439620513288105,0.0004541362,0.7031048240000001,0.9079286893999999,0.0,1563.0
0.7040914528178642,0.0,0.6290609679999999,0.8596884938,0.0,1563.0
0.7024893354416971,0.0,0.598673112,0.8187663475,0.0,1563.0
0.9138019895420865,0.000857755,0.5699704663333333,0.7607891566666667,0.0,1563.0
0.9686749397268307,0.196054623,0.555221482,0.722783687,0.0,1563.0
0.9688813162419561,0.45735110049999994,0.513281347,0.656202701,0.0,1563.0
0.9503587598250623,0.582305347,0.6382016985000001,0.7123792125,0.0,1563.0
0.9617215018483392,0.219075783,0.6359884735000001,0.7759777535,0.0,1563.0
0.9448410814559052,0.00025660125,0.73678350025,0.8549390655,0.0,1563.0
0.7487274859039257,0.0,0.817820225,0.906594632,0.0,1563.0
0.6620339630240201,0.0,0.8225393986666667,0.9097285020000001,0.0,1563.0
0.8041462421176062,0.0,0.7581153873333332,0.8803826246666667,0.0,1563.0
0.9481942427291423,0.037608469000000005,0.672104344,0.821511721,0.0,1563.0
0.9623207541195967,0.29434681749999997,0.53814507275,0.83728086125,0.0,1563.0
0.9592844245203457,0.4228583495,0.47431155199999997,0.7887850064999999,0.0,1563.0
0.9626211070701854,0.32237365,0.425580433,0.719737927,0.0,1563.0
0.9811799749955887,0.06760846633333334,0.40362973566666666,0.6046222306666666,0.0,1563.0
0.8859186558729105,0.0,0.4602055176666667,0.5328322153333334,0.0,1563.0
0.707159161525323,0.0,0.5705817744,0.6482300303999999,0.0,1563.0
0.6901236434290268,0.0,0.7201834535,0.7427237175,0.0,1563.0
0.871751502695682,0.0,0.812620396,0.8010148595,0.0,1563.0
0.9529809723044531,0.029519418999999998,0.8739952765,0.832211786,0.0,1563.0
0.9486498721943109,0.13305072980000002,0.8985033026,0.9066437331999999,0.0,1563.0
0.9451597242462948,0.15018234,0.871035503,0.9287389420000001,0.0,1563.0
0.9378662546847222,0.0190757054,0.7957519782,0.8857621910000001,0.0,1563.0
0.7022970644027947,0.0,0.7814795931428572,0.9020905115714287,0.0,1563.0
0.8231682276759311,0.0008153405,0.8271811845,0.8943720717499999,0.0,1563.0
0.9449892567693674,0.33585175,0.8100273874999999,0.8772947664999999,0.0,1563.0
0.9424867828964374,0.5965925842,0.8712158564000001,0.8517846724,0.0,1563.0
0.954811754108239,0.323438282,0.8280007075,0.8653589660000001,0.0,1563.0
0.9423607165160618,0.00142326175,0.7556760725,0.8615999665,0.0,1563.0
0.7509900709619051,0.0,0.6891805667500001,0.83949890325,0.0,1563.0
0.6805085959756535,0.0,0.61358801775,0.7348585505,0.0,1563.0
0.9042693734583788,0.002106117,0.5528780266666667,0.591528876,0.0,1563.0
0.9612459189154441,0.214601085,0.530830527,0.539882726,0.0,1563.0
0.952981508939033,0.411550635,0.49136871849999997,0.49851712,0.0,1563.0
0.93614244589113,0.494487493,0.5672371736666667,0.543983617,0.0,1563.0
0.932011768812391,0.2439820245,0.5552723390000001,0.5509072475000001,0.0,1563.0
0.9613993933688649,0.038472382,0.5314453644999999,0.583213248,0.0,1563.0
0.9004837753112345,0.0,0.5550095085000001,0.6443809847499999,0.0,1563.0
0.7111836407506994,0.0,0.5011954423333332,0.611011217,0.0,1563.0
0.6423802742318113,0.0,0.42158942725,0.472217314,0.0,1563.0
0.7139951026249167,0.0017054183333333334,0.349983989,0.34270822033333337,0.0,1563.0
0.8061330025120756,0.170699448,0.276878765,0.294022589,0.0,1563.0
0.8101128197234498,0.4181716178,0.23422215719999998,0.27668483020000006,0.0,1563.0
0.8136757875602095,0.27153342533333336,0.1933137,0.269603765,0.0,1563.0
0.8299431822224458,0.0007465018000000001,0.1647673438,0.24618480539999998,0.0,1563.0
0.6633778565270486,0.0,0.16841464,0.2814629672857143,0.0,1563.0
0.7051147528164278,0.0015229816666666666,0.21657465466666667,0.3604803153333333,0.0,1563.0
0.7998805296366058,0.0722078505,0.24486014849999999,0.3857593285,0.0,1563.0
0.8063441416675312,0.12452141800000001,0.2574774735,0.34788659624999996,0.0,1563.0
0.8007150691470808,0.054897944,0.25955577500000004,0.33478465550000003,0.0,1563.0
0.8262317663757583,0.0034783172,0.2936164084,0.3903501598,0.0,1563.0
0.7168277015003803,0.0,0.23656152175,0.37719513974999996,0.0,1563.0
0.6474120508726813,0.0,0.22993783033333334,0.41157399333333333,0.0,1563.0
0.7654120161751249,0.0,0.21616110633333332,0.38713842299999995,0.0,1563.0
0.9159206550941403,0.0213294165,0.209182689,0.367598763,0.0,1563.0
0.9222927280821096,0.10477431075,0.20248821649999998,0.34018396825,0.0,1563.0
0.9066439936647128,0.1045905085,0.242959982,0.3422749935,0.0,1563.0
0.9159877330671033,0.05045452,0.2638176895,0.3340069745,0.0,1563.0
0.906689740868589,0.00058835775,0.335607127,0.36780568525,0.0,1563.0
0.7927546118846434,0.0,0.39034853049999996,0.47662765949999997,0.0,1563.0
0.6613732776654624,0.0,0.45350179839999993,0.6221172394,0.0,1563.0
0.7783796212300055,0.0,0.4944945756666666,0.63601225,0.0,1563.0
0.9321372046656909,0.102347022,0.5165099615,0.6785806015,0.0,1563.0
0.9372503133276924,0.4729294955,0.49550231074999995,0.63749103175,0.0,1563.0
0.9229159495926735,0.4498103685,0.513046495,0.683929383,0.0,1563.0
0.9279467088342986,0.307750163,0.449718741,0.654307946,0.0,1563.0
0.9521990666396061,0.09974390649999999,0.369382652,0.5885980485,0.0,1563.0
0.8922505789722681,0.0,0.27333152224999996,0.4874874115,0.0,1563.0
0.6912931481119938,0.0,0.15439896199999997,0.31825601616666666,0.0,1563.0
0.8078222944764709,0.0,0.09304707133333334,0.24802475866666665,0.0,1563.0
0.9459539275676334,0.011282286,0.077532311,0.211547126,0.0,1563.0
0.9547241054804283,0.23999665550000002,0.0753888325,0.186570583,0.0,1563.0
0.9446218706159706,0.45522702974999996,0.06443616675,0.165383503,0.0,1563.0
0.9415593358337352,0.388656379,0.077975577,0.173444693,0.0,1563.0
0.953023455031909,0.21451441599999999,0.086047333,0.19127646399999998,0.0,1563.0
0.9556977647673318,0.004317052,0.15458356266666665,0.24409273233333337,0.0,1563.0
0.8484224062978201,0.0,0.2283916815,0.31309508649999995,0.0,1563.0
0.6938806142277052,0.0,0.25462857133333333,0.3792253311666667,0.0,1563.0
0.8103767730961899,0.0,0.301435951,0.46617374399999995,0.0,1563.0
0.9524999337553525,0.0825099115,0.343963825,0.5492986685,0.0,1563.0
0.9609123177650859,0.29724054166666664,0.40946704266666667,0.560862748,0.0,1563.0
0.9572115807103716,0.30004242999999997,0.4425932725,0.5277565625,0.0,1563.0
0.9573646079345715,0.2021383505,0.38112928199999996,0.5011407295,0.0,1563.0
0.9795294988569009,0.105694642,0.355155706,0.51144921,0.0,1563.0
0.9739840576834741,0.0037526036666666665,0.406214401,0.57127922,0.0,1563.0
0.8581585966290683,0.0,0.45555638249999997,0.667059071,0.0,1563.0
0.7189772042652036,0.0,0.47176402349999996,0.6956577174999999,0.0,1563.0
0.6917056106141892,0.0,0.462834047,0.65453615,0.0,1563.0
0.9080177507714161,0.0067205573333333326,0.5053249753333334,0.6911063923333334,0.0,1563.0
0.965056037724908,0.247459018,0.5489421704999999,0.7588434495,0.0,1563.0
0.9661109210717552,0.405112671,0.620848103,0.7848575539999999,0.0,1563.0
0.961633406058783,0.3574165555,0.635303797,0.7949918185,0.0,1563.0
0.9746428230647636,0.2213023875,0.6359560755,0.81348275,0.0,1563.0
0.9735726162017219,0.006721901,0.6855793426666666,0.8601302693333333,0.0,1563.0
0.8551324404824603,0.0,0.6909003985,0.870828303,0.0,1563.0
0.6911055757097884,0.0,0.6569096388,0.8280699544000001,0.0,1563.0
0.6845848578716554,0.0,0.60434559725,0.7967053485,0.0,1563.0
0.7940917891318093,0.133696923,0.5457365759999999,0.7796822594999999,0.0,1563.0
0.8392125545578034,0.437432971,0.568656796,0.766656911,0.0,1563.0
0.8369952694744793,0.6056302065,0.5349072785,0.7241198255,0.0,1563.0
0.8255902683383571,0.56726959,0.49311603000000004,0.700466493,0.0,1563.0
0.8530434085671114,0.333362888,0.4740206285,0.71362262,0.0,1563.0
0.8567949459491038,0.00617253675,0.56428110475,0.7999752635,0.0,1563.0
0.6946138883802279,0.0,0.5415996312857143,0.8259540078571429,0.0,1563.0
0.6947778418517983,0.0,0.5333729443333333,0.7927444906666666,0.0,1563.0
0.7929117532398128,0.16259762300000002,0.5290030415,0.8105106504999999,0.0,1563.0
0.838119049220565,0.522841297,0.5052264959999999,0.7766816169999999,0.0,1563.0
0.8353061116968439,0.681941615,0.4701341965,0.7162987705,0.0,1563.0
0.8288950217042412,0.6675988205000001,0.4414926685,0.6893741760000001,0.0,1563.0
0.8585245293887103,0.4168474395,0.4443088085,0.700908086,0.0,1563.0
0.8596193985456553,0.0121642625,0.5360960585,0.7964485585000001,0.0,1563.0
0.7208935216312691,0.0,0.5404524568571428,0.8187482967142856,0.0,1563.0
0.8384692112122994,0.0,0.5464951273333333,0.7949033853333334,0.0,1563.0
0.971720235367789,0.17981917249999999,0.5349034435,0.8082817245,0.0,1563.0
0.9800443894686822,0.4757303453333333,0.5886304653333333,0.7776438393333333,0.0,1563.0
0.9785557948785639,0.36407037,0.5106086940000001,0.6963398315,0.0,1563.0
0.9802896712598574,0.2636989775,0.451479385,0.6494062110000001,0.0,1563.0
0.9959079746234707,0.160833525,0.365456284,0.63142164,0.0,1563.0
0.9838686096062178,0.008519096,0.33496494666666665,0.6489109936666666,0.0,1563.0
0.8144868385960433,0.0,0.33240103225,0.61264866375,0.0,1563.0
0.6995755237747391,0.0,0.3413655325,0.4885136955,0.0,1563.0
0.8359263445380848,0.0,0.35650221833333334,0.5611350963333334,0.0,1563.0
0.9640853746758568,0.046890511,0.358880591,0.629322585,0.0,1563.0
0.9798060390781679,0.356787811,0.3293254605,0.617572754,0.0,1563.0
0.9809089501290513,0.646487041,0.3908950176666666,0.570725391,0.0,1563.0
0.9794542374258919,0.6126005605,0.483493186,0.5472147650000001,0.0,1563.0
0.9905059610802986,0.35075681049999996,0.4815584775,0.5750184570000001,0.0,1563.0
0.9340736476522729,0.0130316228,0.5005018974,0.7171338532,0.0,1563.0
0.7196144115853679,0.0,0.5507678561666667,0.7117969696666667,0.0,1563.0
0.8320452720389783,0.0,0.6488493573333334,0.8352737436666667,0.0,1563.0
0.9595823849160583,0.050700382,0.671729407,0.886030253,0.0,1563.0
0.9762029228237676,0.3603742215,0.7048331545,0.9184515465,0.0,1563.0
0.9819852983417774,0.5907432826666666,0.7678782713333333,0.9267401423333332,0.0,1563.0
0.9806302933286948,0.5470188265,0.7974836750000001,0.921448213,0.0,1563.0
0.9829507443688487,0.391078315,0.819893442,0.928368398,0.0,1563.0
0.9944774845197846,0.10114705866666666,0.802887241,0.9337117513333334,0.0,1563.0
0.8908183000754034,0.0,0.7809930886666666,0.9308461803333333,0.0,1563.0
0.7023477561969477,0.0,0.8087157975,0.9293940416666668,0.0,1403.0
0.7927736619961266,0.0,0.8476698706666667,0.9344765176666666,0.0,1371.0
0.9457961601050496,0.022893019,0.865786149,0.936203609,0.0,1371.0
0.9690736959264432,0.2517775595,0.8584497415000001,0.936357911,0.0,1371.0
0.9780235235951356,0.3665981343333333,0.897570428,0.9366909146666668,0.0,1371.0
0.9775183667415672,0.264074232,0.915762797,0.935438108,0.0,1371.0
0.980623764308378,0.166828424,0.913780249,0.934994455,0.0,1371.0
0.9847506701566249,0.028848335,0.90817304625,0.9295594185,0.0,1371.0
0.8593235622863156,0.0,0.9039992445,0.9321832725,0.0,1371.0
0.7050771518689715,0.0,0.9033943201666667,0.9275772705,0.0,1371.0
0.7993571424793333,0.0,0.898679977,0.9278083713333333,0.0,1371.0
0.9612748966429485,0.032141154,0.8885266315,0.9276507615,0.0,1371.0
0.9796465276038064,0.13270992525,0.876923375,0.9292010405,0.0,1371.0
0.9792500519830758,0.1480828555,0.869879318,0.9226808865,0.0,1371.0
0.9887167230115363,0.0808666705,0.8549155225,0.912265638,0.0,1371.0
0.9809725699027373,0.0035280636666666664,0.839336575,0.9049331669999999,0.0,1371.0
0.8593098336717536,0.0,0.7896763010000001,0.8722581385,0.0,1371.0
0.7196190250593236,0.0,0.7496269093333333,0.836674903,0.0,1371.0
0.65403363904617,0.0,0.7264845081666667,0.8493152028333334,0.0,1371.0
0.7500700069937298,0.0487164885,0.707569424,0.8292070575,0.0,1371.0
0.8119214299969026,0.21767047725,0.70101771225,0.78904975025,0.0,1371.0
0.8112950557834857,0.2296326985,0.679215577,0.767798593,0.0,1371.0
0.8322480711701732,0.120954906,0.6496107680000001,0.757305517,0.0,1371.0
0.827189250892743,0.00549487175,0.6254151105,0.7474796512499999,0.0,1371.0
0.6732824381933834,0.0,0.5379340072857143,0.7526114712857143,0.0,1371.0
0.6429753789716068,0.0,0.5378604713333334,0.7746612713333333,0.0,1371.0
0.7328507981182841,0.0704897475,0.5400348275,0.7678762859999999,0.0,1371.0
0.7890964022600642,0.21462324575,0.5468622012500001,0.6730136879999999,0.0,1371.0
0.7859189182320925,0.198632919,0.5018821090000001,0.633178963,0.0,1371.0
0.7943315705928536,0.140269869,0.450670028,0.59370552,0.0,1371.0
0.8222737539505615,0.061471253999999996,0.412850514,0.5578529050000001,0.0,1371.0
0.8094277538137026,0.0,0.3782053943333333,0.5444960179999999,0.0,1371.0
0.7122682321487497,0.0,0.31208637925,0.53312543675,0.0,1371.0
0.6446930224886164,0.0,0.2816746236666667,0.5056366963333333,0.0,1371.0
0.7700546175195471,0.0,0.243194303,0.462980432,0.0,1371.0
0.9340905155352675,0.070590237,0.2192086595,0.422014351,0.0,1371.0
0.9401502510373393,0.18953394099999998,0.21340902475,0.37680981325000007,0.0,1371.0
0.9370744124790624,0.15877175833333332,0.240102359,0.386763012,0.0,1371.0
0.9529691219109206,0.0269918705,0.34017155625,0.48023184025,0.0,1371.0
0.8407209147946701,0.0,0.3585658595,0.5107290115,0.0,1371.0
0.7326521131630425,0.0,0.35725880499999996,0.514065803,0.0,1371.0
0.6458508331418382,0.0,0.362466606,0.475881051,0.0,1371.0
0.7681902372044288,0.0,0.33137982633333335,0.3648488673333334,0.0,1371.0
0.9269620934885989,0.02377681,0.304437748,0.330753682,0.0,1371.0
0.9415265123937647,0.1316384085,0.272526807,0.2962341945,0.0,1371.0
0.9379406128449573,0.31173324750000003,0.2420630165,0.238334188,0.0,1371.0
0.9291041171409139,0.308672892,0.218885719,0.186800148,0.0,1371.0
0.9423501405368772,0.1949348575,0.209271867,0.16692894549999998,0.0,1371.0
0.9605843511091265,0.031535417,0.22887633000000002,0.1687766225,0.0,1371.0
0.8748621174194243,0.0,0.252692015,0.19329588833333333,0.0,1371.0
0.67855330256755,0.0,0.26321868833333334,0.2654888593333334,0.0,1371.0
0.7698558431139627,0.0,0.293579939,0.3161685863333334,0.0,1371.0
0.9384939615035675,0.1455930105,0.28438524200000004,0.337276231,0.0,1371.0
0.9370172173294735,0.5195699005000001,0.3222367195,0.421948745,0.0,1371.0
0.9260236278395797,0.564395543,0.3981209285,0.493504363,0.0,1371.0
0.9402767154233818,0.36311404999999997,0.363851137,0.5301242150000001,0.0,1371.0
0.9551167800463883,0.03227657133333333,0.3377273413333333,0.5545109113333333,0.0,1371.0
0.8480896548020109,0.0,0.33690219,0.5960060954999999,0.0,1371.0
0.6804796480836731,0.0,0.3592372248333333,0.563677164,0.0,1371.0
0.7695303956423564,0.0,0.40569346700000003,0.5735841326666667,0.0,1371.0
0.9363118700131436,0.16577170800000002,0.39782328499999997,0.5687848074999999,0.0,1371.0
0.9447761499537857,0.51333138375,0.37622176150000003,0.54749361225,0.0,1371.0
0.9279625839871798,0.552570279,0.414493284,0.6247710245,0.0,1371.0
0.9371079515217737,0.363819877,0.365744822,0.6068403505,0.0,1371.0
0.9462200930111337,0.041292684333333336,0.30794746500000003,0.5588083726666667,0.0,1371.0
0.8427434501080528,0.0,0.284281626,0.4953718345,0.0,1371.0
0.6988102646117231,0.0,0.26884820675000004,0.40355041975,0.0,1371.0
0.6668029541712972,0.0,0.21883311400000002,0.30432365933333333,0.0,1371.0
0.8343941641495647,0.000573041,0.20670892600000002,0.27239445149999997,0.0,1371.0
0.9420760599413747,0.20487507649999998,0.216499673,0.31634570549999996,0.0,1371.0
0.939173005324756,0.4244274882,0.2553730848,0.36384982540000005,0.0,1371.0
0.9377809672625577,0.23777222600000003,0.31866883700000004,0.445736063,0.0,1371.0
0.9560385507347475,0.04611706499999999,0.40596741633333333,0.5917119306666666,0.0,1371.0
0.8677908458871414,0.0,0.45929322066666667,0.6967574843333333,0.0,1371.0
0.6472534636023184,0.0,0.4736917678333334,0.7469579893333332,0.0,1371.0
0.6346228397039335,0.00758896,0.56953133425,0.7932936859999999,0.0,1371.0
0.7396887723834547,0.0913764115,0.5865306655,0.795433624,0.0,1371.0
0.7568255425006408,0.13437585625,0.6519117695000001,0.8126241845,0.0,1371.0
0.7499543645696911,0.163277793,0.655546958,0.808797845,0.0,1371.0
0.7788974185843126,0.0955644565,0.6497100315,0.7916364175,0.0,1371.0
0.7739347434127087,0.0,0.5687730085,0.6952671705,0.0,1371.0
0.7000320676846646,0.0,0.362945882,0.46117748999999997,0.0,1371.0
0.6213313708893521,0.0,0.24553980475,0.3340386315,0.0,1371.0
0.6285619750065573,0.0,0.21948619733333333,0.3599769986666666,0.0,1371.0
0.7000699220485176,0.048525617,0.214714276,0.372310889,0.0,1371.0
0.7511037905634486,0.18700611849999998,0.189390548,0.3755163245,0.0,1371.0
0.7657308601894248,0.36431196025,0.218153724,0.38910768549999997,0.0,1371.0
0.7664367888767516,0.271614385,0.252834159,0.3913779985,0.0,1371.0
0.794360906009269,0.1038685825,0.275710179,0.472922709,0.0,1371.0
0.7682993477471795,0.0,0.249165328,0.5095995768,0.0,1371.0
0.6578012826629696,0.0,0.19672246766666668,0.4803855046666667,0.0,1371.0
0.6358590012100169,0.0,0.17540387733333332,0.437781963,0.0,1371.0
0.7775211572278873,0.000529836,0.1813129035,0.45634807850000003,0.0,1371.0
0.9153555006772014,0.060702253000000005,0.187060747,0.466306051,0.0,1371.0
0.930213296283418,0.21953563725,0.23132036775,0.49281033375,0.0,1371.0
0.9220693658645956,0.22056846566666666,0.3149951406666667,0.476284425,0.0,1371.0
0.9436452822183325,0.101404563,0.356355406,0.448371136,0.0,1371.0
0.9137577479019598,0.0,0.312402067,0.47073512199999995,0.0,1371.0
0.790221747274686,0.0,0.2485671215,0.49045851349999997,0.0,1371.0
0.6606900705234882,0.0,0.2142401575,0.50925679075,0.0,1371.0
0.6552595711509741,0.0,0.172969366,0.44673455149999997,0.0,1371.0
0.8170967199847122,0.000858642,0.15501726100000002,0.366846146,0.0,1371.0
0.9256771477292087,0.17998706949999999,0.135836605,0.2623562605,0.0,1371.0
0.9302922023941643,0.4535863673333333,0.17504055133333332,0.15442297933333335,0.0,1371.0
0.9198801789624731,0.4440432895,0.27082415449999997,0.2164013585,0.0,1371.0
0.9167243834937124,0.311524366,0.3052701295,0.270538599,0.0,1371.0
0.9394010346706867,0.1536370715,0.34026846850000003,0.330246211,0.0,1371.0
0.9139227895194842,0.0,0.4290929536666666,0.45772899633333336,0.0,1371.0
0.7916790387657711,0.0,0.5247211235,0.618957973,0.0,1371.0
0.6570539116948961,0.0,0.6127540232,0.7444848937999999,0.0,1371.0
0.752306856556122,0.00093221,0.713880209,0.8021519046666666,0.0,1371.0
0.9160291873292926,0.088277206,0.778145096,0.8576258345000001,0.0,1371.0
0.9166381212225062,0.23907388675,0.83601325075,0.89381668275,0.0,1371.0
0.9115880434733863,0.1794769105,0.8787287770000001,0.9077541695,0.0,1371.0
0.9187472765634819,0.09890498049999999,0.8849817959999999,0.919246761,0.0,1371.0
0.9077747048564433,0.00761606775,0.8987678317500001,0.92911937025,0.0,1371.0
0.7868319837849487,0.0,0.872075192,0.9161685989999999,0.0,1371.0
0.6493919805178054,0.0,0.8496437075000001,0.8867699095000001,0.0,1371.0
0.6391255498779932,0.0,0.8066722719999999,0.8639739305,0.0,1371.0
0.7740798331616816,0.0008148275,0.762441948,0.842090706,0.0,1371.0
0.9116213588789952,0.061253086,0.733807235,0.8156480545,0.0,1371.0
0.9163958355342319,0.24365859275,0.70561367725,0.7587620097500001,0.0,1371.0
0.9046175230985536,0.2967752825,0.706427137,0.7421195485000001,0.0,1371.0
0.9032944769587533,0.24249109,0.71195297,0.759080443,0.0,1371.0
0.9254668805627729,0.13209823650000002,0.6908787805000001,0.774303569,0.0,1371.0
0.8815190407724132,0.00037798375,0.6284438095,0.78735087275,0.0,1371.0
0.6655712533403505,0.0,0.5510883391666667,0.6986121571666667,0.0,1371.0
0.6896766804672495,0.0,0.5282599290000001,0.6246571910000001,0.0,1371.0
0.8694120909044198,0.038330141,0.5184297215,0.6115928955,0.0,1371.0
0.920791411064455,0.208299513,0.5178623335,0.602530755,0.0,1371.0
0.9137812699120452,0.3313776595,0.574866365,0.557055011,0.0,1371.0
0.908171180443436,0.263419558,0.5938786425,0.500112056,0.0,1371.0
0.9312533851913672,0.1309050995,0.5932044945,0.5388318999999999,0.0,1371.0
0.8874695510297199,0.00057277875,0.6384533785000001,0.661286856,0.0,1371.0
0.6528801522304926,0.0,0.746533293,0.8201406807142858,0.0,1371.0
0.6572522120788912,0.001374147,0.834774921,0.8994946115,0.0,1371.0
0.7201949267426194,0.087082553,0.849218353,0.915060372,0.0,1371.0
0.803000885529647,0.27377397475,0.8776758552499999,0.9275086779999999,0.0,1371.0
0.8163702654126928,0.39314864,0.8770286795,0.928634569,0.0,1371.0
0.8224862123242581,0.32809626150000004,0.854545094,0.9272603945,0.0,1371.0
0.8495664883477259,0.171958444,0.8105465215000001,0.9244239395,0.0,1371.0
0.8265390789408649,0.0009191926666666667,0.7852149239999999,0.921549529,0.0,1371.0
0.7227690890710436,0.0,0.7496580475,0.89651942775,0.0,1371.0
0.6567735883381667,0.0,0.770361312,0.8844401659999999,0.0,1371.0
0.692345534541483,0.004571077,0.78110074,0.88334861,0.0,1371.0
0.7601429288099806,0.19016518999999998,0.791984832,0.8828707899999999,0.0,1371.0
0.81612407429592,0.3547543016666667,0.8523949423333335,0.8797598073333334,0.0,1371.0
0.8178744221132309,0.3159235225,0.8603957915,0.8838737795,0.0,1371.0
0.8225929557100019,0.23879897449999998,0.8291614144999999,0.8904144375,0.0,1371.0
0.8495492716421329,0.1197649225,0.7475173765,0.896766071,0.0,1371.0
0.8246638169926946,0.0014217196666666666,0.6920203386666667,0.8834864589999999,0.0,1371.0
0.6957786560154497,0.0,0.6123176538571429,0.8197893609999999,0.0,1371.0
0.7405443967814107,0.0,0.6111018675,0.8185965115,0.0,1371.0
0.8841915617483951,0.009819292,0.602013249,0.819982489,0.0,1371.0
0.9520685775954286,0.258951541,0.5827695525000001,0.8183538275,0.0,1371.0
0.968537027361338,0.4620255823333333,0.607844041,0.7982132823333332,0.0,1371.0
0.9616456142424399,0.45978941949999996,0.589441873,0.7687666445,0.0,1371.0
0.9555127189763093,0.378076163,0.568269319,0.7576931499999999,0.0,1371.0
0.9733625280034468,0.249308855,0.512916567,0.755292465,0.0,1371.0
0.9448905850343645,0.03750046725,0.46567628149999996,0.729022265,0.0,1371.0
0.8003032103053693,0.0,0.353868118,0.5881930355,0.0,1371.0
0.6706360472565072,0.0,0.304451706,0.54770784925,0.0,1371.0
0.668968276185349,0.0,0.2850826575,0.5276474,0.0,1371.0
0.832628716340702,0.0043978975,0.267123584,0.5119066274999999,0.0,1371.0
0.9410903713265153,0.3074798585,0.225371035,0.46739988499999996,0.0,1371.0
0.9474889997640483,0.6396583180000001,0.211632674,0.3973124856666666,0.0,1371.0
0.9386283858005213,0.645143073,0.176831709,0.34940364300000004,0.0,1371.0
0.9353389262165213,0.523771413,0.157990134,0.334076193,0.0,1371.0
0.95487422605207,0.2684050125,0.135921875,0.301709845,0.0,1371.0
0.9016271195476344,0.001954794,0.15892808325,0.26143741174999996,0.0,1371.0
0.7024333208994299,0.0,0.21856601539999998,0.247124597,0.0,1371.0
0.6874703961566467,0.0,0.30503038650000003,0.319626992,0.0,1371.0
0.8442591442158922,0.009822933,0.3774436805,0.35617389850000003,0.0,1371.0
0.9389329197505404,0.135471521,0.406345647,0.380801939,0.0,1371.0
0.9452004629282353,0.2957218035,0.4137332105,0.38400922849999997,0.0,1371.0
0.9383669604829452,0.481757181,0.5077388015,0.44020627599999995,0.0,1371.0
0.9247681963747979,0.38310531800000003,0.592375721,0.510315893,0.0,1371.0
0.9201453158507393,0.23033332350000002,0.6176265160000001,0.6019122785,0.0,1371.0
0.944031293667184,0.09208981499999999,0.604520414,0.675884982,0.0,1371.0
0.9142315271632752,0.0017860956666666667,0.5900432686666667,0.7090852473333333,0.0,1371.0
0.7341401934980356,0.0,0.5659799775000001,0.7249412592500001,0.0,1371.0
0.6378130723062917,0.0,0.5612604033333334,0.7160070306666667,0.0,1371.0
0.7545711557903548,0.00482814,0.522255857,0.6756555433333333,0.0,1371.0
0.9182864955817839,0.1859278355,0.5104466745,0.6898949955,0.0,1371.0
0.9227558344465823,0.34080810424999997,0.6230166024999999,0.6945184335000001,0.0,1371.0
0.9209685416359996,0.2580719945,0.6788367785,0.70838538,0.0,1371.0
0.928236128083054,0.146016002,0.68878713,0.729386817,0.0,1371.0
0.9490220298071175,0.05908163550000001,0.661670277,0.7604825095000001,0.0,1371.0
0.9133888190169254,0.0004864383333333334,0.64225447,0.8075739376666666,0.0,1371.0
0.7563980768120921,0.0,0.630306613,0.82346656,0.0,1371.0
0.635488894738325,0.0,0.70141949375,0.8689282895,0.0,1371.0
0.7405535268341561,0.0026668186666666664,0.7007747356666667,0.8884799973333334,0.0,1371.0
0.9147050679203327,0.1327295665,0.6491802655000001,0.877774199,0.0,1371.0
0.919961835227039,0.3124168543333333,0.562472677,0.7863743343333334,0.0,1371.0
0.9149631392886539,0.322041643,0.492464605,0.6283895465,0.0,1371.0
0.9135028068008073,0.2549380135,0.40084604599999996,0.4793698755,0.0,1371.0
0.9344501652911494,0.053937040000000006,0.30995719575,0.39949625299999997,0.0,1371.0
0.8382217680156494,0.0,0.294774513,0.4144891275,0.0,1371.0
0.698690992498808,0.0,0.29115704866666664,0.408120233,0.0,1371.0
0.6121210048492264,0.0,0.29690952249999997,0.3977022535,0.0,1371.0
0.6402543828824321,0.007837387,0.234726083,0.344491589,0.0,1371.0
0.7221490873342207,0.21603941650000003,0.170506645,0.289737723,0.0,1371.0
0.7758065992866129,0.47261037766666664,0.16197742333333331,0.20366205366666668,0.0,1371.0
0.7689193002537007,0.482882778,0.173208262,0.1977682115,0.0,1371.0
0.7683297295369235,0.39232337100000003,0.2009395115,0.2246592415,0.0,1371.0
0.7938191394269014,0.19731763349999998,0.176896551,0.23309972499999998,0.0,1371.0
0.7852086070965061,0.002981,0.167589616,0.21798754,0.0,1371.0
0.6477601498610654,0.0,0.1910030432,0.2254207386,0.0,1371.0
0.6334887037921402,0.0,0.205337452,0.2681317833333334,0.0,1371.0
0.7074836490780203,0.043424369,0.1977696,0.263611006,0.0,1371.0
0.7623630535424506,0.33330704099999997,0.163564219,0.2277286235,0.0,1371.0
0.7675999926344018,0.5933152324,0.16371572620000002,0.1760948098,0.0,1371.0
0.7714145565838378,0.46723762700000004,0.2106848895,0.187299673,0.0,1371.0
0.7898378375602608,0.2615474005,0.1814102805,0.170703828,0.0,1371.0
0.7717462646122734,0.006386014333333333,0.1730032713333333,0.16871977933333335,0.0,1371.0
0.6690838739179544,0.0,0.14666419883333334,0.17593850983333334,0.0,1371.0
0.7258333231961152,0.0,0.132642347,0.17241123149999998,0.0,1371.0
0.9030353770576898,0.033534147,0.1374361235,0.17095154699999998,0.0,1371.0
0.9388061424120044,0.320252932,0.1194267015,0.13065367449999998,0.0,1371.0
0.9206414097449422,0.5477160346666666,0.16678784266666666,0.1567113086666667,0.0,1371.0
0.9062248904248632,0.3840597135,0.2510723635,0.22425483699999998,0.0,1371.0
0.9120439054059828,0.25537946349999996,0.250740091,0.289450072,0.0,1371.0
0.9278129106447591,0.120455363,0.29697662,0.378914702,0.0,1371.0
0.8653900801576251,0.0014606213333333334,0.42919982,0.544227118,0.0,1371.0
0.7287613218403537,0.0,0.54289123,0.6713752820000001,0.0,1371.0
0.6358704342998202,0.0,0.60911153425,0.74345966375,0.0,1371.0
0.6924489911163354,0.0,0.672543581,0.756644022,0.0,1371.0
0.8739001893076623,0.0028336,0.6427416109999999,0.7982548665,0.0,1371.0
0.9301091241957923,0.032450874,0.614061058,0.836855152,0.0,1371.0
0.9334466563327055,0.07754916749999999,0.60637918,0.856495785,0.0,1371.0
0.9146996793075395,0.16665387199999998,0.6073132852500001,0.8052445662500001,0.0,1371.0
0.9170827588352467,0.180829401,0.61495107,0.701230215,0.0,1371.0
0.9304909320408395,0.1069206775,0.549240812,0.6703574969999999,0.0,1371.0
0.8651381650511274,0.006180215333333333,0.43784363633333334,0.6641398719999999,0.0,1371.0
0.6716222314806948,0.0,0.29715388000000004,0.4943469776666667,0.0,1371.0
0.709774451546838,0.0,0.2451294175,0.3592199275,0.0,1371.0
0.8896534983392265,0.0105921615,0.2404242355,0.346082655,0.0,1371.0
0.9441006076513008,0.1429389165,0.2582153655,0.337799235,0.0,1371.0
0.9463509397892058,0.402342576,0.254814667,0.35297673125,0.0,1371.0
0.9392099966063872,0.44190241399999997,0.28374260900000003,0.4094165735,0.0,1371.0
0.9517136456759838,0.30761793400000004,0.2820308805,0.3820894515,0.0,1371.0
0.9552321541643831,0.139873934,0.221933692,0.339453691,0.0,1371.0
0.873083388202729,0.00649924,0.18750730266666668,0.3170954066666667,0.0,1371.0
0.6831245403971615,0.0,0.18009854516666668,0.3068331793333333,0.0,1371.0
0.731885814232573,0.0,0.16104993750000002,0.287725468,0.0,1371.0
0.9048505519921465,0.0343937365,0.185015151,0.321092001,0.0,1371.0
0.9437800643391487,0.25634933449999997,0.176003919,0.3781628875,0.0,1371.0
0.9404089708475455,0.456745714,0.20900512475,0.42457642225,0.0,1371.0
0.9410874646739573,0.411566522,0.26104597350000003,0.462288042,0.0,1371.0
0.9592161392039227,0.26048801450000003,0.3024173995,0.4787944865,0.0,1371.0
0.9447564960918506,0.071975808,0.339432555,0.5594054335,0.0,1371.0
0.7882211016994402,0.0,0.35060684525,0.57829370725,0.0,1371.0
0.6534692822015036,0.0,0.32880370540000003,0.4624471832,0.0,1371.0
0.820013628383395,0.0,0.2902274035,0.3262682185,0.0,1371.0
0.9275752757895097,0.043687579,0.271949885,0.292303415,0.0,1371.0
0.9410745857139444,0.1867177535,0.281341546,0.2907634765,0.0,1371.0
0.9402668996596497,0.32711735324999996,0.3117143745,0.319560676,0.0,1371.0
0.940475445047565,0.3240949945,0.36641746350000004,0.4002164015,0.0,1371.0
0.9591890396637098,0.209255568,0.419121726,0.49058687700000003,0.0,1371.0
0.8930829273092202,0.03477430125,0.461700015,0.6066829794999999,0.0,1371.0
0.6596351872666086,0.0,0.48780121633333334,0.671753668,0.0,1371.0
0.624260845295554,0.0,0.477223874,0.671875993,0.0,1371.0
0.6839884675502766,0.012989652,0.4624254625,0.6586783620000001,0.0,1371.0
0.7533379791974447,0.112415922,0.492978072,0.654480021,0.0,1371.0
0.7891139766883057,0.23248857150000002,0.4696245355,0.639211557,0.0,1371.0
0.787885853353749,0.36962542233333334,0.39675420266666667,0.588091413,0.0,1371.0
0.7898123032548459,0.3931168955,0.372877955,0.562839887,0.0,1371.0
0.8197642324387583,0.28524593200000004,0.343919867,0.5298352315,0.0,1371.0
0.8216120073335266,0.1689339,0.306856132,0.513640564,0.0,1371.0
0.7806321595772783,0.015564328666666667,0.28051057366666665,0.47981704799999997,0.0,1371.0
0.6564314235174488,0.0,0.1910317485,0.3439707065,0.0,1020.5
0.5904840400536595,0.0,0.183683648,0.25957301050000003,0.0,670.0
0.637439924927806,0.041403907,0.1970940055,0.2305045855,0.0,670.0
0.7379215805965522,0.26027237449999996,0.199034005,0.208121192,0.0,670.0
0.7711793364492463,0.3869026025,0.22950447825,0.1728233495,0.0,670.0
0.7693512377846216,0.30829442900000004,0.28570111499999995,0.230681835,0.0,670.0
0.7944028073657278,0.19113196249999997,0.330825079,0.3099223845,0.0,670.0
0.7918056372935895,0.051221224999999995,0.369510556,0.4124590225,0.0,670.0
0.7244980576379467,0.0,0.45595506474999997,0.59025493925,0.0,670.0
0.6275093090475591,0.0,0.54996874875,0.7259576972499999,0.0,670.0
0.6544273793240067,0.0,0.602340527,0.812043541,0.0,670.0
0.7880756094914014,0.009179246,0.617536555,0.8362137825,0.0,670.0
0.859319761242791,0.052344405,0.621790545,0.847158756,0.0,670.0
0.8798481282331131,0.109316864,0.6429836005,0.845315314,0.0,670.0
0.8755479823634188,0.1539625,0.6410663095,0.8332551835,0.0,670.0
0.8662645684340154,0.17504794599999998,0.6316230146666667,0.82324535,0.0,670.0
0.8722693446739468,0.10931117400000001,0.592957465,0.8009544390000001,0.0,670.0
0.8550618297495248,0.01961407633333333,0.5638534716666667,0.7823780923333334,0.0,670.0
0.7740122632230801,0.0,0.5253056075,0.7505009155,0.0,670.0
0.6406758115612862,0.0,0.48089518966666667,0.725498525,0.0,670.0
0.6100704309694605,0.0,0.45985695925000003,0.6893227929999999,0.0,670.0
0.7610826690082995,0.007811848,0.47598308899999997,0.7128739534999999,0.0,670.0
0.850612010469934,0.0717976765,0.5356443209999999,0.746411811,0.0,670.0
0.8542922216736933,0.27045417899999996,0.4510290883333334,0.7288214466666666,0.0,670.0
0.8478845750357045,0.40815196,0.4865258595,0.7683095369999999,0.0,670.0
0.8530110322214104,0.31837918649999997,0.45862934050000004,0.766030539,0.0,670.0
0.8641139140944334,0.166121027,0.399080714,0.7446586479999999,0.0,670.0
0.8288002032164957,0.011831726333333334,0.33402112599999995,0.7037362846666667,0.0,670.0
0.6498985124595295,0.0,0.33027992116666666,0.6503700396666666,0.0,670.0
0.6279741035538946,0.0,0.4644559265,0.649019,0.0,670.0
0.7694658070069764,0.020470219,0.501646927,0.6444145125,0.0,670.0
0.8611898507029712,0.1566821845,0.549599443,0.6318182075,0.0,670.0
0.8709211667215353,0.300438906,0.5615618295,0.6145151440000001,0.0,670.0
0.8676443624829375,0.3908494695,0.6203210375,0.731202253,0.0,670.0
0.8654891469181163,0.3912845965,0.6658806534999999,0.8582064525,0.0,670.0
0.876633930147598,0.2867767875,0.670034577,0.871174771,0.0,670.0
0.8768466120684294,0.1201362085,0.617706674,0.8450101830000001,0.0,670.0
0.8124233074844034,0.0,0.5406022214999999,0.7909034610000001,0.0,670.0
0.6980135794088712,0.0,0.43073084466666667,0.759613159,0.0,670.0
0.6231800289403756,0.0,0.36733223475,0.64951915675,0.0,670.0
0.7269308307220663,0.0008523785,0.30856946799999996,0.476805009,0.0,670.0
0.8269373730890848,0.163049499,0.273703778,0.394326386,0.0,670.0
0.8739302403043265,0.4485917035,0.2690284205,0.334688753,0.0,670.0
0.8794072023260142,0.6871533935,0.350742326,0.263466237,0.0,670.0
0.8677191768196771,0.737148267,0.3966560885,0.237219788,0.0,670.0
0.8628092473347444,0.60311477,0.42108292599999997,0.2740984575,0.0,670.0
0.8731508835356511,0.3548017115,0.42546420799999995,0.3627486755,0.0,670.0
0.872350195997889,0.0793840335,0.4344732225,0.5147789629999999,0.0,670.0
0.8126480634471156,0.0,0.506231676,0.6796726835,0.0,670.0
0.6628709859252159,0.0,0.6147713974,0.8243744316000001,0.0,670.0
0.6134796917436725,0.0,0.6860569555,0.884313539,0.0,670.0
0.7112166058672373,0.0009838625,0.7362681470000001,0.906924403,0.0,670.0
0.8326742399299678,0.062207076,0.763067795,0.9178517150000001,0.0,670.0
0.8694482683611211,0.1856910285,0.768581619,0.9178319994999999,0.0,670.0
0.8607501321393322,0.32627935100000005,0.8022475745,0.9075523569999999,0.0,670.0
0.8441739551463701,0.39932769599999995,0.7930484145000001,0.8668384425,0.0,670.0
0.8340564041318198,0.354689113,0.760107312,0.819641745,0.0,670.0
0.8382993995995884,0.225422511,0.7251169925000001,0.7847236765000001,0.0,670.0
0.8428895608662229,0.0539957,0.665279009,0.741437741,0.0,670.0
0.7742624194169073,0.0,0.5967325915,0.6627170925,0.0,670.0
0.6459117399520846,0.0,0.506285072,0.590493908,0.0,670.0
0.5770107787684868,0.0,0.34771406074999994,0.4398391685,0.0,670.0
0.5876828187142192,0.0007729705,0.232484236,0.3637222765,0.0,670.0
0.659713482159588,0.0807168,0.1867998165,0.32908511149999997,0.0,670.0
0.7412888729771552,0.17558690300000002,0.1592225705,0.28106038099999997,0.0,670.0
0.7322874548852243,0.2422500695,0.1210220975,0.25641920799999995,0.0,670.0
0.7222356626253962,0.29026688,0.1131561955,0.2806135735,0.0,670.0
0.7314176546434852,0.241135016,0.10797511500000001,0.289203573,0.0,670.0
0.7504101594988752,0.180749083,0.101613052,0.252219753,0.0,670.0
0.7528243109762139,0.044509650000000005,0.09695723033333332,0.227512712,0.0,670.0
0.682116432831917,0.0,0.070200531,0.16222101774999997,0.0,670.0
0.5788204935523682,0.0,0.0563819282,0.07662169939999999,0.0,670.0
0.6179257769831509,0.02156588,0.052419356,0.055294460000000004,0.0,670.0
0.7141515806260621,0.1353819165,0.054291282499999996,0.050646996,0.0,670.0
0.7482964204295004,0.32122362299999996,0.0377418415,0.04460481575,0.0,670.0
0.7430600447532512,0.31323185750000004,0.043688726,0.050123601500000003,0.0,670.0
0.7609003063002086,0.242518097,0.043801651,0.060683256000000005,0.0,670.0
0.7566114742456967,0.069141914,0.04370729733333333,0.08646784433333332,0.0,670.0
0.6622263873774484,0.0,0.06224485783333333,0.14003390366666665,0.0,670.0
0.6092100440323875,0.0,0.063197381,0.141208769,0.0,670.0
0.7037493953375574,0.001083507,0.065383474,0.154796164,0.0,670.0
0.8102560625466427,0.051824524,0.073382273,0.165002053,0.0,670.0
0.8608998502181701,0.1492333125,0.07581410799999999,0.171404269,0.0,670.0
0.8649558545805072,0.33145630925,0.13761004375,0.19639571325000002,0.0,670.0
0.8617601477161465,0.3072207065,0.255557716,0.2573484205,0.0,670.0
0.87357213331382,0.21202553899999999,0.2878069545,0.296593985,0.0,670.0
0.8694390563028568,0.0731324015,0.30851151499999996,0.377004136,0.0,670.0
0.7664923406433868,0.0,0.3811646905,0.5103235052499999,0.0,670.0
0.6095629189538233,0.0,0.45295745475,0.6030412142499999,0.0,670.0
0.6251259500353266,0.0,0.5086233325,0.6339510985,0.0,670.0
0.7685378054286227,0.010517108,0.5296061935,0.643240848,0.0,670.0
0.8630253726101895,0.0614900025,0.5526687205,0.6408410689999999,0.0,670.0
0.8701144331953066,0.16510686859999998,0.5013534261999999,0.5573909140000001,0.0,670.0
0.8689217955606376,0.16946397400000002,0.4356018655,0.492210841,0.0,670.0
0.873281998687243,0.096283904,0.432787056,0.51947985,0.0,670.0
0.8550143385676087,0.021049234333333333,0.421861081,0.5295235613333333,0.0,670.0
0.774101253336127,0.0,0.342863749,0.43879036650000003,0.0,670.0
0.6206426365394094,0.0,0.2699998928333333,0.37681741816666664,0.0,670.0
0.6892334738800553,0.0014933745,0.2742848315,0.40268828850000005,0.0,670.0
0.8040401694857264,0.033529186,0.277698205,0.396058716,0.0,670.0
0.865510209403651,0.10549114600000001,0.2831337685,0.389162312,0.0,670.0
0.8799760235997178,0.2379483703333333,0.23480803733333333,0.35100991433333334,0.0,670.0
0.8751220818871761,0.304674798,0.221067377,0.35933672699999997,0.0,670.0
0.87597146801779,0.2299601155,0.2308611605,0.370594955,0.0,670.0
0.8847594886761164,0.12681538050000002,0.248428113,0.4027349355,0.0,670.0
0.8321758951799478,0.010152436666666667,0.28061688999999995,0.4386539166666667,0.0,670.0
0.6482036530491314,0.0,0.3165902173333333,0.4605140263333333,0.0,670.0
0.6357842838359193,0.0,0.337956121,0.5031914885,0.0,670.0
0.7458653130515593,0.003977413,0.337785112,0.494847708,0.0,670.0
0.8332660019214816,0.0784838175,0.33292171699999995,0.46096608149999996,0.0,670.0
0.8799492817933996,0.2090803115,0.30392372349999996,0.371898638,0.0,670.0
0.878475682922319,0.3127845203333333,0.27916678366666664,0.3241706583333333,0.0,670.0
0.87257132979527,0.270841949,0.26290246100000003,0.30781050050000003,0.0,670.0
0.88550056632114,0.194756195,0.255255584,0.312473618,0.0,670.0
0.8865196597469667,0.1029981625,0.2503238605,0.31708509949999997,0.0,670.0
0.8313454996472126,0.0074933203333333335,0.23273986933333335,0.3034034896666667,0.0,670.0
0.6947230614903428,0.0,0.1955730033333333,0.2148828606666667,0.0,670.0
0.6097074607660294,0.0,0.148652026,0.1370658105,0.0,670.0
0.6626924153403563,0.0,0.126828843,0.115466161,0.0,670.0
0.7805678839618675,0.013681709,0.1172250195,0.108602354,0.0,670.0
0.8575370967958112,0.065324857,0.104678634,0.099083626,0.0,670.0
0.8782782351123235,0.123695792,0.1011365205,0.0940213125,0.0,670.0
0.8693023290250748,0.17839092850000002,0.10392673599999999,0.11550804275,0.0,670.0
0.8675185242043095,0.1639777955,0.1034298155,0.1450913415,0.0,670.0
0.869698648102083,0.1004947625,0.0843030335,0.119542131,0.0,670.0
0.8099539209490727,0.006829324,0.10370866174999999,0.11278319175000001,0.0,670.0
0.5981867017323813,0.0,0.18275776833333332,0.22500279016666666,0.0,670.0
0.5892106987387205,0.004118171,0.177771768,0.26228902600000004,0.0,670.0
0.6305151070204323,0.086039615,0.191552137,0.288450179,0.0,670.0
0.7090896748516182,0.25728384,0.27375578899999997,0.30385492599999997,0.0,670.0
0.7301045808111395,0.3979586846666667,0.33301537733333336,0.3016752786666667,0.0,670.0
0.7128376347372207,0.38666807049999996,0.37966023800000004,0.311765512,0.0,670.0
0.712173629842037,0.327797749,0.3840283815,0.33517288,0.0,670.0
0.7253602892268673,0.207308508,0.370062992,0.39282524,0.0,670.0
0.7381912341085917,0.027286800333333333,0.4278871933333333,0.4945959076666666,0.0,670.0
0.6120269839279698,0.0,0.4665048461428572,0.5939120138571428,0.0,670.0
0.5805273420661824,0.007268961,0.48454255300000004,0.6050008739999999,0.0,670.0
0.6545567057611416,0.142802646,0.513131088,0.6605862524999999,0.0,670.0
0.7412574358263135,0.2909149705,0.5539707570000001,0.687611555,0.0,670.0
0.7360032173707949,0.4396213135,0.6087554205000001,0.717981734,0.0,670.0
0.7439488950839817,0.339525063,0.609971123,0.7339262955,0.0,670.0
0.7586428639059412,0.235757448,0.620143867,0.748547954,0.0,670.0
0.7396069104618224,0.0404124954,0.6142270865999999,0.788882997,0.0,670.0
0.6225363597967375,0.0,0.5643436024,0.7885789184,0.0,670.0
0.6244323637071705,0.0,0.48960136499999996,0.731795461,0.0,670.0
0.7642989018248286,0.062251259499999996,0.49383173950000003,0.7093496495,0.0,670.0
0.8402079023926721,0.239190537,0.572161933,0.734359372,0.0,670.0
0.8525733081462527,0.3745621164,0.6359601159999999,0.7197662896000001,0.0,670.0
0.8404487570554005,0.355414418,0.7190651514999999,0.749360865,0.0,670.0
0.8520658587413568,0.195265465,0.732973104,0.7588320454999999,0.0,670.0
0.8575455038684678,0.086906804,0.735917451,0.76964613,0.0,670.0
0.825769798797142,0.0077048583333333325,0.7771650889999999,0.8126044736666667,0.0,670.0
0.6899416385223063,0.0,0.8304573656666667,0.8593946156666666,0.0,670.0
0.5997869625359864,0.0,0.88898814575,0.8940178145000001,0.0,670.0
0.6830157473682648,0.0054296865,0.902839994,0.9219654655,0.0,670.0
0.8075237974686705,0.113034317,0.9002773989999999,0.9274210505,0.0,670.0
0.8436729721173116,0.3250211495,0.8855291970000001,0.9292665765,0.0,670.0
0.8315664693773257,0.46021854599999995,0.88108530575,0.92387598,0.0,670.0
0.8257759401918101,0.34555137150000004,0.8763222239999999,0.9123124985,0.0,670.0
0.830527833930607,0.21870037850000001,0.8512720775,0.9003141020000001,0.0,670.0
0.8141987573575231,0.027231462999999997,0.8024720996666667,0.872607982,0.0,670.0
0.6447364666779267,0.0,0.7318830479999999,0.8592747,0.0,670.0
0.6216899027746089,0.0,0.6561025300000001,0.774661848,0.0,670.0
0.7516264845199268,0.053311143000000005,0.6253716490000001,0.73073159,0.0,670.0
0.8229770889715616,0.213227603,0.64837797,0.70185566,0.0,670.0
0.8228217662001112,0.37500705633333337,0.6413494683333333,0.7036215593333334,0.0,670.0
0.8122099994561576,0.5013253285,0.699785362,0.73483224,0.0,670.0
0.807341390091638,0.48530447,0.711096367,0.7412611259999999,0.0,670.0
0.807477334752021,0.3214128705,0.7177414289999999,0.7873954015,0.0,670.0
0.8024001277058858,0.03572910766666667,0.7810969743333334,0.8504714026666668,0.0,670.0
0.6911687035223344,0.0,0.699547446,0.787389465,0.0,670.0
0.5995948511687894,0.0,0.50724513475,0.5906496640000001,0.0,670.0
0.6814605890603087,0.021408579,0.359679471,0.444350541,0.0,670.0
0.7785210216865294,0.157819077,0.296589475,0.376860195,0.0,670.0
0.8139327857268468,0.34740745250000005,0.280664457,0.310234432,0.0,670.0
0.8175597816465056,0.6538840567499999,0.25989517175,0.24465133400000003,0.0,670.0
0.8080845694036123,0.6680976725,0.229587573,0.2378654185,0.0,670.0
0.8072754300567762,0.481227062,0.18790038450000002,0.2451768765,0.0,670.0
0.8064358372879479,0.1944598625,0.154796499,0.2175055095,0.0,670.0
0.7864800479459126,0.0010191386666666667,0.160225697,0.19306582366666666,0.0,670.0
0.6284825882323595,0.0,0.174213604,0.18981840649999998,0.0,670.0
0.6128837933541941,0.0,0.20727142466666668,0.21502664466666666,0.0,670.0
0.755354075098297,0.095877644,0.214627938,0.22317446600000002,0.0,670.0
0.8204480702090218,0.303087028,0.2601615,0.228991122,0.0,670.0
0.8319070019395906,0.523589364,0.259594754,0.22310169,0.0,670.0
0.8178021791083474,0.733942,0.28792957325,0.2325670185,0.0,670.0
0.8081505293709983,0.6211814250000001,0.2594935975,0.2302884405,0.0,670.0
0.8099595779128937,0.361816979,0.18697923,0.20968359949999998,0.0,670.0
0.8069600591651386,0.046044581,0.13785249666666669,0.18942265533333333,0.0,670.0
0.639868147886446,0.0,0.08998556999999999,0.1333190742,0.0,670.0
0.571424978981485,0.0,0.08368199999999999,0.13615938633333333,0.0,670.0
0.6057584123042872,0.121154122,0.10298622,0.19172709599999999,0.0,670.0
0.6839555769719423,0.4201387985,0.10079777849999999,0.23158235249999998,0.0,670.0
0.6976724028738647,0.7504361832,0.2290297716,0.29750267080000004,0.0,670.0
0.6902138409530092,0.6269491645,0.283641272,0.3467952985,0.0,670.0
0.6966015431110404,0.3641903705,0.27580655350000005,0.386628562,0.0,670.0
0.6936026922111939,0.026981343199999997,0.3586696342,0.47062434160000005,0.0,670.0
0.5825764290504873,0.0,0.34828642974999996,0.41832914925,0.0,670.0
0.5685895404568756,0.0,0.32978474449999995,0.390434985,0.0,670.0
0.5976548553212113,0.094940866,0.338778529,0.4727250835,0.0,670.0
0.6615183270302036,0.260225219,0.336623425,0.51081736,0.0,670.0
0.7046926012924365,0.419243708,0.3857177465,0.534219836,0.0,670.0
0.7019922130597357,0.5178206903333333,0.5222318556666666,0.6003542363333333,0.0,670.0
0.6977376205810933,0.474519692,0.564541078,0.6364333225000001,0.0,670.0
0.7084518078998416,0.3921725125,0.5809416635,0.7120737825000001,0.0,670.0
0.7184743317466668,0.233145152,0.582812565,0.728329513,0.0,670.0
0.7294121868918123,0.036446632,0.6035484546666666,0.7584018936666667,0.0,670.0
0.6743621211151383,0.0,0.6372279693333334,0.787161346,0.0,670.0
0.6013599523885007,0.0,0.6162618927500001,0.76347798125,0.0,670.0
0.6862701475011403,0.021526739,0.5671707675,0.7037439705,0.0,670.0
0.7926431729969329,0.113849632,0.555216414,0.66811009,0.0,670.0
0.8480868374873359,0.2382561065,0.6231820379999999,0.6719458895,0.0,670.0
0.8523342601060434,0.286987018,0.6973617729999999,0.6795511063333333,0.0,670.0
0.8373860657631803,0.233739848,0.743686294,0.7771320214999999,0.0,670.0
0.8350803271339136,0.184193839,0.7517392785,0.8201501285,0.0,670.0
0.8377748497902895,0.114066361,0.731338427,0.831275987,0.0,670.0
0.8282650922951673,0.029181572,0.6969327249999999,0.850226033,0.0,670.0
0.6384661477827454,0.0,0.6667768572857142,0.8088188335714286,0.0,670.0
0.7182461176296612,0.036714879666666665,0.5036016010000001,0.682635647,0.0,670.0
0.845271395668909,0.15339348800000002,0.4432320895,0.586787963,0.0,670.0
0.8553906162132631,0.20049628033333333,0.3900767823333333,0.5127777141666667,0.0,670.0
0.8595515379890311,0.145137035,0.434361294,0.526958204,0.0,670.0
0.8525571825504057,0.0805936215,0.45248392449999997,0.5687362375,0.0,670.0
0.8127980944784472,0.0038647785,0.435852393,0.6188813925000001,0.0,670.0
0.7174251874591273,0.0,0.45882339299999997,0.6976583135000001,0.0,670.0
0.6127889749114322,0.0,0.482340634,0.7534086103333332,0.0,670.0
0.6029008677817859,0.0,0.493100822,0.7247601754999999,0.0,670.0
0.7270808245517717,0.08304976933333334,0.5078740686666666,0.7006068129999999,0.0,670.0
0.8512627116453062,0.3759302295,0.5491194985000001,0.7467729160000001,0.0,670.0
0.8575642856739073,0.5568860250000001,0.569455503,0.7103395294999999,0.0,670.0
0.853831231989524,0.6169346920000001,0.6304502363333333,0.7949646466666667,0.0,670.0
0.856288328290695,0.481635187,0.6844247864999999,0.8286927150000001,0.0,670.0
0.86252644657914,0.343202842,0.677412066,0.825850662,0.0,670.0
0.8617410975596793,0.177496667,0.6707345,0.8548981135,0.0,670.0
0.8144080108358798,0.0046066695,0.6602711975,0.8682619315,0.0,670.0
0.6438551481952105,0.0,0.7001242628571428,0.8839557338571428,0.0,670.0
0.7033445573468495,0.0347690455,0.6792470145,0.8537439849999999,0.0,670.0
0.8019726471501818,0.204692688,0.658073018,0.840969685,0.0,670.0
0.852770401105817,0.3865483965,0.7145386225,0.8508899169999999,0.0,670.0
0.8566913775332081,0.61141406575,0.63616942375,0.801383771,0.0,670.0
0.8442572660286009,0.570910087,0.557797214,0.747980647,0.0,670.0
0.8534911317106033,0.3907454995,0.47215348149999997,0.6577769585,0.0,670.0
0.8594930907708109,0.206312934,0.341192729,0.554852981,0.0,670.0
0.8274209308000465,0.03167840166666667,0.224024271,0.40736455666666666,0.0,670.0
0.7197129491336108,0.0,0.170236799,0.3088062105,0.0,670.0
0.6179048598741033,0.0,0.13457933925,0.1928764195,0.0,670.0
0.6382523510855334,0.0,0.133488226,0.176928905,0.0,670.0
0.7790540680413195,0.06990606399999999,0.14862920699999999,0.24713879300000002,0.0,670.0
0.8648728344175127,0.2192710295,0.167857722,0.28502389650000004,0.0,670.0
0.8762495882285505,0.35514330533333327,0.14912292766666665,0.27174644600000003,0.0,670.0
0.8686270102359868,0.408798176,0.154943823,0.320619875,0.0,670.0
0.8698538665335436,0.3631478085,0.172682998,0.3317726395,0.0,670.0
0.8733355715927789,0.236078072,0.17800256949999999,0.347876667,0.0,670.0
0.8301449825732026,0.036514767,0.1701034903333333,0.3488676766666667,0.0,670.0
0.633350277194014,0.0,0.1329656035,0.2905300181666667,0.0,670.0
0.5830898551125244,0.0,0.12334640799999999,0.240180853,0.0,670.0
0.624489648318348,0.0878934595,0.116507167,0.21941376699999998,0.0,670.0
0.721386678987586,0.306435974,0.120625798,0.187893441,0.0,670.0
0.7535691747076392,0.5061308935,0.08769712499999999,0.1362382755,0.0,670.0
0.7491045983482199,0.471075519,0.09206665650000001,0.148814357,0.0,670.0
0.7677868003475132,0.3269323635,0.10554509000000001,0.168581046,0.0,670.0
0.7747298634932221,0.142751044,0.10533366450000001,0.2019567295,0.0,670.0
0.7316345401456288,0.004643120666666667,0.11291231833333333,0.22707370933333335,0.0,670.0
0.6137631051655232,0.0,0.1019968098,0.23235041,0.0,670.0
0.5849705652545685,0.0,0.116363582,0.29640697000000005,0.0,670.0
0.624878655892592,0.09985413900000001,0.160385736,0.353027033,0.0,670.0
0.7215115334024134,0.30188294400000004,0.2019290845,0.3959851215,0.0,670.0
0.7582198030788445,0.5020652157500001,0.23916023175,0.39796099949999997,0.0,670.0
0.7576690704547697,0.482145362,0.26643074,0.4724480125,0.0,670.0
0.781612064531364,0.3455660605,0.2776548835,0.531493785,0.0,670.0
0.7830821009081615,0.18185688,0.2792544835,0.559963457,0.0,670.0
0.7464429439357074,0.011917133,0.29074913999999996,0.56050445,0.0,670.0
0.6483961072493302,0.0,0.29848930116666667,0.5707684523333334,0.0,670.0
0.6889158373329209,0.025288693333333334,0.3275170246666666,0.605786643,0.0,670.0
0.8376508896314772,0.2159826165,0.352258987,0.6226591269999999,0.0,670.0
0.8779388651908391,0.43161493799999995,0.34618549200000004,0.5999168319999999,0.0,670.0
0.8678370104847146,0.5527660240000001,0.324588855,0.554911177,0.0,670.0
0.8673977391165588,0.4446463985,0.286093908,0.533683455,0.0,670.0
0.8716980639319222,0.341317702,0.279445588,0.536635226,0.0,670.0
0.8651162827128298,0.1993114365,0.253019282,0.501841925,0.0,670.0
0.8134863593321737,0.0134658395,0.23852894600000002,0.45344778750000003,0.0,670.0
0.6901079770236008,0.0,0.2657030203333333,0.44638532766666666,0.0,568.3333333333334
0.6090125440861349,0.0,0.35121400775,0.5233927635,0.0,365.0
0.701817556913635,0.09944843733333335,0.41523401899999995,0.5334509813333334,0.0,365.0
0.8115978458229408,0.3678774845,0.519863461,0.5881406330000001,0.0,365.0
0.8173469506717591,0.45484895066666664,0.7044761483333334,0.6845000286666667,0.0,365.0
0.811683392581374,0.356599499,0.7912889045,0.800700194,0.0,365.0
0.8086051392237176,0.2014728965,0.768632506,0.8406903459999999,0.0,365.0
0.8115424393990548,0.07348921400000001,0.6731715046666666,0.8348260166666667,0.0,365.0
0.7797792704659863,0.0015486965,0.6317213850000001,0.8430995455,0.0,365.0
0.6562791789106479,0.0,0.63760907775,0.8687109257500001,0.0,365.0
0.5849990734183811,0.0,0.6485920206666665,0.8285023100000001,0.0,365.0
0.6394155503627943,0.014971315,0.5822926315,0.835431654,0.0,365.0
0.7696178951037926,0.1215035875,0.5904433505,0.8274843815,0.0,365.0
0.8229649702270013,0.38866832675,0.58310274025,0.76998581525,0.0,365.0
0.8124847806522943,0.5924946233333332,0.6192314753333333,0.7196092686666667,0.0,365.0
0.8106459645118531,0.487066333,0.6638625515000001,0.7419872165,0.0,365.0
0.8091106389440252,0.21733385849999998,0.5967888725,0.6832806305000001,0.0,365.0
0.7802776598624558,0.0124450545,0.49087070850000003,0.6290033615,0.0,365.0
0.6818779258976803,0.0,0.43932829700000003,0.583862711,0.0,365.0
0.5999737411940429,0.0,0.40120739125000004,0.5331458157500001,0.0,365.0
0.6583949973799783,0.0340505475,0.3479998505,0.393619033,0.0,365.0
0.7705196915328998,0.1595225615,0.3640389605,0.3355123335,0.0,365.0
0.8156280474950972,0.3260913015,0.5170837989999999,0.38194243475,0.0,365.0
0.8035081069272614,0.255587871,0.546437285,0.4824124665,0.0,365.0
0.7945924890326523,0.14437332133333333,0.49447834800000007,0.5644848733333334,0.0,365.0
0.7977409208061622,0.0451347635,0.379966157,0.5643019695,0.0,365.0
0.7805949834346047,0.00297296,0.33482174249999996,0.5205293555,0.0,365.0
0.6569074648468004,0.0,0.31150251525,0.45353970175,0.0,365.0
0.584069909188001,0.0,0.29605966933333333,0.34222993199999996,0.0,365.0
0.6359457628691931,0.017856274000000002,0.291842454,0.2801058395,0.0,365.0
0.7598079637049644,0.1110966645,0.2687740595,0.24943033799999997,0.0,365.0
0.8061247742501365,0.215587088,0.266170354,0.231230683,0.0,365.0
0.804462999253389,0.314790073,0.2710521613333333,0.22968374233333333,0.0,365.0
0.7955281076101943,0.3354803555,0.314034244,0.261228785,0.0,365.0
0.7862296681149831,0.2981722565,0.3324508585,0.27464879249999996,0.0,365.0
0.7841081703810988,0.201125439,0.300695854,0.280869553,0.0,365.0
0.7833851591636929,0.10149016350000001,0.26676479799999997,0.27747343150000003,0.0,365.0
0.7775700346989323,0.008219375,0.248875723,0.278380815,0.0,365.0
0.6042575328041665,0.0,0.23816563457142856,0.29368199428571423,0.0,365.0
0.550361881171938,0.035392850000000003,0.29370284999999996,0.3184086975,0.0,365.0
0.60006219467251,0.194736407,0.324935142,0.33116362450000003,0.0,365.0
0.6774978230500261,0.40065263100000004,0.372403758,0.34370492799999997,0.0,365.0
0.6782672634148996,0.56981994975,0.428821888,0.37343219325,0.0,365.0
0.6696859658608496,0.48598182199999995,0.3951137175,0.37557064900000003,0.0,365.0
0.6725442928995363,0.361534927,0.346744842,0.379935797,0.0,365.0
0.674959860512774,0.1918474095,0.29326152699999997,0.3971033785,0.0,365.0
0.6741486193640359,0.00827445675,0.2276764465,0.3579444435,0.0,365.0
0.5660992346060406,0.0,0.0924492046,0.16986093019999998,0.0,365.0
0.5488121785476631,0.0459221195,0.062707873,0.1338145055,0.0,365.0
0.5996012348126187,0.23879438849999998,0.060708646500000005,0.14856489150000002,0.0,365.0
0.6763503870508654,0.5024451295000001,0.111716175,0.1605965755,0.0,365.0
0.6805043923830953,0.6888197903333334,0.22751454733333332,0.19419031666666667,0.0,365.0
0.6717016145999567,0.6725888285,0.29470480099999996,0.220880599,0.0,365.0
0.6718898577515277,0.4678798215,0.2614449065,0.23764121300000002,0.0,365.0
0.6737633234279579,0.2102854775,0.219026811,0.251972398,0.0,365.0
0.6749299101561798,0.007792669,0.14114405925,0.18384651775,0.0,365.0
0.5938062694276672,0.0,0.0469440666,0.0899314824,0.0,365.0
0.6356843599535635,0.0374738715,0.064525937,0.09886780249999999,0.0,365.0
0.7544097736072632,0.23417439099999998,0.087182254,0.12503382600000001,0.0,365.0
0.7984079442961609,0.4640822385,0.1220371555,0.12906040500000002,0.0,365.0
0.7976090007701764,0.672607425,0.19636364399999998,0.15465147175,0.0,365.0
0.785411093162748,0.630306357,0.20502660849999998,0.17910629849999998,0.0,365.0
0.783360653458496,0.442932279,0.178783081,0.190107188,0.0,365.0
0.77929648787137,0.2218767575,0.167868847,0.20499599000000002,0.0,365.0
0.7736816581981149,0.0197819245,0.200715278,0.23519232299999998,0.0,365.0
0.6429227629530698,0.0,0.259368115,0.2764604778,0.0,365.0
0.5847369549899784,0.0,0.2729718415,0.319791885,0.0,365.0
0.6356630291844767,0.043144458999999996,0.2765051945,0.3504325625,0.0,365.0
0.7318465513125961,0.165073269,0.260428905,0.371414519,0.0,365.0
0.7874716841201237,0.347797962,0.299515344,0.3789250955,0.0,365.0
0.8007228949162162,0.565192581,0.354886861,0.38825802,0.0,365.0
0.7978918909648773,0.6294007895,0.42548856300000004,0.4654530895,0.0,365.0
0.7875735085242417,0.494502223,0.4630667595,0.5300152600000001,0.0,365.0
0.7837368267416687,0.374250596,0.45331572200000003,0.534340653,0.0,365.0
0.7846624582345684,0.186056477,0.3667195435,0.5065274525,0.0,365.0
0.7783256905455911,0.024133399,0.27540316600000003,0.457694184,0.0,365.0
0.7056477916814105,0.0,0.247473663,0.3924620725,0.0,365.0
0.5967947479024015,0.0,0.29659589625,0.38054624025000006,0.0,365.0
0.5982136148596098,0.002735814,0.3698261685,0.365748451,0.0,365.0
0.6657971869347041,0.068319154,0.401789518,0.365464813,0.0,365.0
0.7603279074851312,0.169994955,0.44553401550000005,0.402416703,0.0,365.0
0.8063392896893178,0.3117118245,0.5640663435,0.4748719755,0.0,365.0
0.8052409101068712,0.32607615749999996,0.6347755134999999,0.547306081,0.0,365.0
0.7986016207294666,0.3122067395,0.651745637,0.6078466775,0.0,365.0
0.7920347310018818,0.260849498,0.6215307285,0.644740909,0.0,365.0
0.7939484210601432,0.198712695,0.599327698,0.635554601,0.0,365.0
0.7971693717131096,0.09714625899999998,0.5558860655,0.6096278195,0.0,365.0
0.7799306878539225,0.0188920285,0.500761076,0.59678022,0.0,365.0
0.6773129561596889,0.0,0.48782091099999997,0.6288785663333333,0.0,365.0
0.5872298747026298,0.0,0.48967944225,0.6548059975,0.0,365.0
0.6081698657865553,0.005460021,0.470440028,0.646713053,0.0,365.0
0.7038598728308891,0.1813041455,0.4690051035,0.643412392,0.0,365.0
0.8044008254398802,0.446725822,0.536346699,0.648433788,0.0,365.0
0.8116323834841488,0.6396322693333334,0.4167600523333333,0.5106604963333333,0.0,365.0
0.8013584363840045,0.607689613,0.40973366099999997,0.4330287615,0.0,365.0
0.792090584587513,0.4820744235,0.3691539485,0.37585943099999997,0.0,365.0
0.7912819370713639,0.353321416,0.328243566,0.348465484,0.0,365.0
0.7913551415718396,0.19222622150000002,0.285148411,0.342144404,0.0,365.0
0.7792450167002605,0.029209028,0.3373167105,0.376915961,0.0,365.0
0.7028731109468704,0.0,0.4423074985,0.48932205949999996,0.0,365.0
0.6022607873557534,0.0,0.5226884203333334,0.58220572,0.0,365.0
0.594951403869738,0.002507193333333333,0.6219879963333333,0.707410002,0.0,365.0
0.7008839804444551,0.0910990795,0.6952524474999999,0.7955388409999999,0.0,365.0
0.8017835766785324,0.2381264155,0.7679234155000001,0.8364532680000001,0.0,365.0
0.8098493314565042,0.3415154713333333,0.7934446696666667,0.8112494246666667,0.0,365.0
0.8022634525531147,0.3118271805,0.7458758015,0.78404392,0.0,365.0
0.7952016167161984,0.2906923835,0.6631533195,0.7045464735,0.0,365.0
0.7939484210601432,0.20902788,0.594531589,0.611351898,0.0,365.0
0.7941303366064889,0.12069078,0.4811651065,0.5245738904999999,0.0,365.0
0.7803228704317524,0.02023487,0.309436587,0.439730332,0.0,365.0
0.6675542574277126,0.0,0.19288796600000002,0.3686906856666667,0.0,365.0
0.5592842479228325,0.0,0.10255847375,0.21942687974999997,0.0,365.0
0.5578878072708657,0.0569318875,0.0616749905,0.116169961,0.0,365.0
0.5778795056735906,0.233196299,0.0406851,0.092511148,0.0,365.0
0.6628041896499824,0.43237833449999996,0.049425010500000005,0.0804479515,0.0,365.0
0.697362028601442,0.5921625880000001,0.08909904475000001,0.0806832905,0.0,365.0
0.6918491127601555,0.4793688706666667,0.08620373766666667,0.10795590933333332,0.0,365.0
0.709962158131305,0.2596031805,0.0855501775,0.1699733375,0.0,365.0
0.7052311703793039,0.04958440966666666,0.08161741433333332,0.16761433,0.0,365.0
0.5969039013095995,0.0,0.10005195614285714,0.15579377814285714,0.0,365.0
0.5561628969987551,0.040185999,0.1082858435,0.1745649045,0.0,365.0
0.6067665048899169,0.23899767049999998,0.0891891325,0.14586414250000002,0.0,365.0
0.6945498065230182,0.45491254950000004,0.106578896,0.132759263,0.0,365.0
0.691405026739118,0.5476903706666666,0.12481710233333333,0.13094085733333335,0.0,365.0
0.6784928354629791,0.4903544795,0.17347427850000002,0.19562824950000002,0.0,365.0
0.6784946465793826,0.397896821,0.198666939,0.247028087,0.0,365.0
0.6849544352323129,0.21474075950000002,0.193519777,0.25680467549999997,0.0,365.0
0.687116380962639,0.01681544375,0.2239106155,0.26525201899999995,0.0,365.0
0.5951780052535212,0.0,0.2464537384,0.3957914952,0.0,365.0
0.6376796839869039,0.066279005,0.1920518275,0.4180202745,0.0,365.0
0.7595474328458305,0.2814582655,0.12728701,0.3900432625,0.0,365.0
0.8032956262190941,0.583610458,0.127050522,0.34575992,0.0,365.0
0.7945312393444205,0.6336801145,0.13692910749999998,0.34709953000000004,0.0,365.0
0.7853162896096335,0.515455386,0.135994026,0.3592480715,0.0,365.0
0.7834443666985791,0.362884613,0.131820026,0.370664853,0.0,365.0
0.7829915903642097,0.1872322685,0.1305150125,0.3565671695,0.0,365.0
0.7768848107744913,0.0250965145,0.1342107425,0.3258844185,0.0,365.0
0.679514962373268,0.0,0.12785338533333332,0.306949425,0.0,365.0
0.5859022896045855,0.0,0.138792779,0.332294419,0.0,365.0
0.6354880450837759,0.064522394,0.1538969735,0.34132389799999996,0.0,365.0
0.7323390825325807,0.175071664,0.132434118,0.329880956,0.0,365.0
0.7896994333415892,0.34074845750000005,0.16371873850000002,0.31356426800000003,0.0,365.0
0.8007177522300122,0.5005674913333333,0.19135954600000002,0.26299390933333333,0.0,365.0
0.7904328192692859,0.4453710926666667,0.30024477299999996,0.33860283499999994,0.0,365.0
0.7827889254197745,0.2687824795,0.4332636475,0.46222892,0.0,365.0
0.782984703722458,0.1213059895,0.49911004049999996,0.622823785,0.0,365.0
0.776925594192849,0.014509364,0.518889021,0.721387862,0.0,365.0
0.6789942136074935,0.0,0.43513312,0.6942673309999999,0.0,365.0
0.585993504460337,0.0,0.46517544450000003,0.7373858664999999,0.0,365.0
0.6355483705567633,0.0477985665,0.4577479895,0.7410778545000001,0.0,365.0
0.7339742648444006,0.144598662,0.46924622,0.718740941,0.0,365.0
0.7999202844547453,0.30233165500000003,0.457940674,0.6801534755,0.0,365.0
0.8100250459483794,0.54234015575,0.33105496049999994,0.5350472792500001,0.0,365.0
0.8004173770349204,0.5839810485000001,0.30635302200000003,0.528182591,0.0,365.0
0.8050276021461011,0.44477980250000004,0.3024288965,0.5641540485000001,0.0,365.0
0.8059479120296198,0.23340506049999998,0.282229332,0.5583852364999999,0.0,365.0
0.7798075774171349,0.0468924295,0.28540630450000004,0.5713679970000001,0.0,365.0
0.6457679963374263,0.0,0.20207097619999997,0.4676617218,0.0,365.0
0.6087455140759462,0.005850978333333333,0.16760216533333336,0.39937428766666666,0.0,365.0
0.7110885539794018,0.13920104049999998,0.1452117105,0.3753751915,0.0,365.0
0.8047371096956617,0.3557809295,0.1270641965,0.3355360515,0.0,365.0
0.811316192784732,0.6093628943333332,0.09064109433333334,0.2248878413333333,0.0,365.0
0.799723030457574,0.62532162,0.09497825800000001,0.2170818525,0.0,365.0
0.7912420480439726,0.498866545,0.10391254650000001,0.228279607,0.0,365.0
0.7919729298344068,0.347809535,0.111363648,0.237764888,0.0,365.0
0.797667000860389,0.203779466,0.109537722,0.244588841,0.0,365.0
0.7799215652684925,0.037111882,0.123750725,0.24470127749999998,0.0,365.0
0.6803277537097134,0.0,0.10937947199999999,0.20588408233333336,0.0,365.0
0.5995656275259413,0.0,0.09167122875,0.19844520999999998,0.0,365.0
0.6547983653420018,0.061936319,0.086265079,0.165491058,0.0,365.0
0.764407053834172,0.22251116999999998,0.07565778649999999,0.131985499,0.0,365.0
0.8106882236246984,0.46473803599999997,0.083597518,0.10306676549999999,0.0,365.0
0.802540991460354,0.590853107,0.08328185566666667,0.08403037966666667,0.0,365.0
0.7900561540429667,0.4899704445,0.0898314355,0.0934370515,0.0,365.0
0.7849007638661736,0.3102284585,0.08765154950000001,0.10418271700000001,0.0,365.0
0.7852269417402001,0.162909038,0.07505477899999999,0.0969273875,0.0,365.0
0.7780363161682045,0.0341419795,0.0665736925,0.08358492949999999,0.0,365.0
0.6685525119601233,0.0,0.07555974033333333,0.08556579066666666,0.0,365.0
0.5598875472879096,0.0,0.1017747765,0.096008024,0.0,365.0
0.5525537437571522,0.09257784050000001,0.131350583,0.143386065,0.0,365.0
0.6002200068040353,0.3386475055,0.1415754905,0.1599088565,0.0,365.0
0.6780084206301527,0.633506538,0.232056967,0.1880876095,0.0,365.0
0.6788214169916416,0.77295710375,0.3795741975,0.27174205900000004,0.0,365.0
0.6706308710573513,0.6186451565,0.462859389,0.32453838199999996,0.0,365.0
0.6741186578402063,0.423176026,0.445710646,0.332555528,0.0,365.0
0.6773401003913353,0.216086693,0.4435549435,0.353917922,0.0,365.0
0.6788511436998875,0.01322116725,0.49251071550000003,0.40553735625,0.0,365.0
0.5702331970134538,0.0,0.49115725025,0.43006655875,0.0,365.0
0.5507088755824179,0.008018334,0.470696665,0.42548000249999995,0.0,365.0
0.5618884723814184,0.11818977,0.4453616075,0.42108270800000003,0.0,365.0
0.6264500471098158,0.257466548,0.435653114,0.422504203,0.0,365.0
0.6818466564128126,0.4316732045,0.46622746849999996,0.423412411,0.0,365.0
0.6758037909597068,0.465581661,0.4488872095,0.410110994,0.0,365.0
0.6715102187117947,0.364511196,0.37493177099999997,0.3916378225,0.0,365.0
0.6745204549691044,0.237704565,0.322431418,0.363740518,0.0,365.0
0.678641949903825,0.11395386599999999,0.29030484850000005,0.33891935949999996,0.0,365.0
0.6698844004540966,0.0053631364,0.21342442100000003,0.294034854,0.0,365.0
0.5864084265320669,0.0,0.16130823775,0.24205112500000003,0.0,365.0
0.6354471945270544,0.054268766,0.166138469,0.2393275885,0.0,365.0
0.7323390825325807,0.162880496,0.16514647,0.22390641,0.0,365.0
0.7892661095890152,0.30825692,0.179968782,0.202277045,0.0,365.0
0.8007448815720114,0.48517090999999996,0.19535836766666667,0.208557221,0.0,365.0
0.7932043474246784,0.48202305749999996,0.2357789185,0.2657609035,0.0,365.0
0.7844786645009312,0.3567140985,0.2551903135,0.4140692815,0.0,365.0
0.7831130014244233,0.236420138,0.295944984,0.489237762,0.0,365.0
0.7831808843829939,0.12364330200000001,0.3349995275,0.530977161,0.0,365.0
0.7642768480081775,0.015418927333333332,0.37349664,0.5737536973333334,0.0,365.0
0.6183583740894544,0.0,0.3962426535,0.5491123520000001,0.0,365.0
0.5841059300110121,0.0,0.441966038,0.606309872,0.0,365.0
0.6353474495903677,0.060942459500000004,0.4420125925,0.6146055884999999,0.0,365.0
0.7575915954145531,0.23220530050000002,0.401826399,0.5482699315,0.0,365.0
0.8029027057265445,0.47960706350000004,0.3009955525,0.424963037,0.0,365.0
0.8013531596459922,0.659880389,0.21351307,0.312269156,0.0,365.0
0.7939685445532458,0.692364899,0.18072006499999999,0.3139603995,0.0,365.0
0.7848684323243655,0.5536432685,0.187294609,0.39000836699999997,0.0,365.0
0.7832836478470199,0.28003572866666665,0.21280555033333334,0.465831191,0.0,365.0
0.7778373181255177,0.0392020085,0.2381207595,0.5227482194999999,0.0,365.0
0.6420169597873849,0.0,0.17064260920000002,0.43647440260000003,0.0,365.0
0.5851307027351307,0.0,0.154644852,0.42747289450000003,0.0,365.0
0.6356298478531683,0.0745515205,0.16231349750000001,0.4120052115,0.0,365.0
0.7603132845470787,0.294868026,0.130766697,0.3682014855,0.0,365.0
0.8081268284489818,0.5889617665,0.10999886,0.31616540299999996,0.0,365.0
0.7985926323532887,0.8062171397500001,0.11828009475000001,0.28795214025,0.0,365.0
0.7853649882699609,0.6296838555,0.14820991300000003,0.3230993085,0.0,365.0
0.7841489537994564,0.473352391,0.163234009,0.342221672,0.0,365.0
0.7854280862537304,0.271585835,0.1834803605,0.357585756,0.0,365.0
0.778237773701704,0.0584713345,0.243648509,0.418022435,0.0,365.0
0.6319488019969665,0.0,0.20487577116666666,0.4397733611666667,0.0,365.0
0.5956052204676154,0.016014153,0.1990355345,0.425143649,0.0,365.0
0.6993178212963019,0.1762658935,0.1683523575,0.39459382750000005,0.0,365.0
0.7863979444521256,0.358789396,0.143446211,0.353326927,0.0,365.0
0.8064035950840229,0.5730272064999999,0.1267683875,0.2846358745,0.0,365.0
0.7982163695298057,0.71674072125,0.127869647,0.2382186925,0.0,365.0
0.7860983294162565,0.5240805985,0.1276229055,0.229079892,0.0,365.0
0.7841654997961692,0.347078717,0.129425066,0.213647294,0.0,365.0
0.7836803917850403,0.1788010115,0.1360987445,0.23426800450000002,0.0,365.0
0.7762291011446589,0.035693133499999995,0.17065250199999998,0.2826963515,0.0,365.0
0.6427611228956843,0.0,0.20282003459999998,0.2797575114,0.0,365.0
0.5837693104007905,0.0,0.2581432925,0.30293697350000004,0.0,365.0
0.63545935804177,0.053885253999999994,0.300451594,0.357908752,0.0,365.0
0.7323414078816175,0.171375668,0.291889291,0.374755522,0.0,365.0
0.7917650774898424,0.333667261,0.3223252335,0.383527196,0.0,365.0
0.8039370780671002,0.5264806476666667,0.34068325566666663,0.37354674866666665,0.0,365.0
0.7954447519915462,0.5674063659999999,0.4042903925,0.4399364055,0.0,365.0
0.7861136232656163,0.441189624,0.42223250999999995,0.486606647,0.0,365.0
0.7840772251958955,0.314005906,0.425874749,0.494817839,0.0,365.0
0.7828884244073799,0.188246911,0.41086318,0.49583300799999996,0.0,365.0
0.7377977993834088,0.021622969500000002,0.41288059075000005,0.47554241575,0.0,365.0
0.5690841959144466,0.0,0.38906647224999996,0.48539059549999997,0.0,365.0
0.5489650268936697,0.012786142,0.3999350515,0.5461999405,0.0,365.0
0.5609459372703709,0.122901792,0.4032189655,0.588354193,0.0,365.0
0.6243456765412141,0.249715843,0.416112503,0.60908674,0.0,365.0
0.680364847846868,0.39963685849999997,0.382908111,0.582976757,0.0,365.0
0.6784256568836842,0.5750188432500001,0.4287028325,0.642913544,0.0,365.0
0.6699681405765154,0.5351203165,0.4847449895,0.7268768365,0.0,365.0
0.6722147164073133,0.395354402,0.501689655,0.764922635,0.0,365.0
0.6744553223217966,0.231152865,0.5288520324999999,0.795420837,0.0,365.0
0.6750973480060085,0.052347994999999994,0.5885105255,0.825481742,0.0,365.0
0.6442783166204112,0.0,0.5841409576666666,0.7752287346666668,0.0,365.0
0.5539257008697036,0.0,0.5928988695,0.7883536655000001,0.0,365.0
0.5481875260452909,0.0950832395,0.5563149334999999,0.7525942295,0.0,365.0
0.597414268942035,0.2920112945,0.4472534165,0.6817640444999999,0.0,365.0
0.6750664250203245,0.5290184645,0.390689768,0.5722888245,0.0,365.0
0.6780965723233615,0.6777679704999999,0.37211081475,0.49258674825,0.0,365.0
0.6706805311120574,0.558332812,0.3493939015,0.4154954125,0.0,365.0
0.6732029539408361,0.2880120563333333,0.22876354866666668,0.3899899626666667,0.0,365.0
0.672613461473428,0.023485406,0.16250748674999999,0.299502001,0.0,365.0
0.5992354510844001,0.0,0.10494889566666667,0.21919896233333333,0.0,365.0
0.5913213968675637,0.013496072,0.07573624666666667,0.17041716966666667,0.0,365.0
0.6982495597814073,0.1473359735,0.0684948735,0.150592911,0.0,365.0
0.7873223685340895,0.37889043,0.0584886765,0.11817771199999999,0.0,365.0
0.7992124776138647,0.6390757935,0.0420099315,0.08774892224999999,0.0,365.0
0.787825185081498,0.6174560325,0.0501190515,0.126704977,0.0,365.0
0.7816644300934399,0.436456288,0.0705592095,0.1962800995,0.0,365.0
0.7787297236181672,0.2359205315,0.1009024255,0.287029811,0.0,365.0
0.772574245435597,0.056927391,0.1424830615,0.3540499205,0.0,365.0
0.6798032635039871,0.0,0.15235288466666666,0.38701557100000006,0.0,365.0
0.5854649634946091,0.0,0.17749872425,0.42611417975000004,0.0,365.0
0.6062495573026184,0.023752414,0.214912251,0.46798649,0.0,365.0
0.6980232386513728,0.132636924,0.22838035750000002,0.4935995645,0.0,365.0
0.7880958223898626,0.323453054,0.231350843,0.496507256,0.0,365.0
0.8004791334997161,0.61005747975,0.25333753675000004,0.45747000000000004,0.0,365.0
0.7887508165743977,0.584923897,0.304420963,0.514620255,0.0,365.0
0.7833420951327157,0.431595445,0.31733102550000003,0.533424895,0.0,365.0
0.7828729964837199,0.22306873100000002,0.32765507299999996,0.565699994,0.0,365.0
0.7758116971464319,0.053240340000000004,0.3411910415,0.576557651,0.0,365.0
0.6798321964725824,0.0,0.25321326666666666,0.40264423299999996,0.0,365.0
0.5854674901237857,0.0,0.21422440275,0.313077928,0.0,365.0
0.6060677312291074,0.018564797,0.209850465,0.298294997,0.0,365.0
0.6984003509944534,0.1189443505,0.190124807,0.275278327,0.0,365.0
0.7910898258053803,0.286720855,0.17156700749999998,0.2476774595,0.0,365.0
0.8001927373599027,0.45994389179999995,0.1175217886,0.1389249308,0.0,365.0
0.7862450960386432,0.356247925,0.1117430915,0.15882787199999998,0.0,365.0
0.783138819037989,0.17774152399999998,0.09655024566666666,0.15949792566666668,0.0,365.0
0.7749607011795543,0.0266072155,0.0906209,0.16310909499999998,0.0,365.0
0.6575408374755365,0.0,0.0740479455,0.157366554,0.0,365.0
0.5804732101241201,0.0,0.059860443,0.1303035085,0.0,365.0
0.5959229241306216,0.0076428175,0.052302415,0.1057498575,0.0,365.0
0.6980674206879269,0.083465218,0.041133067499999995,0.1167950005,0.0,365.0
0.7870257943600303,0.2257974295,0.0427331715,0.13847315300000002,0.0,365.0
0.7971837979188875,0.397633894,0.050359349,0.0823553124,0.0,365.0
0.7828659756327164,0.3595369865,0.045726073,0.0759665675,0.0,365.0
0.7801123797181818,0.18434539366666666,0.045906604999999996,0.07957471433333334,0.0,365.0
0.7730869000812084,0.030800854,0.046353318000000004,0.0547675935,0.0,365.0
0.677916926267384,0.0,0.04041882833333333,0.03744376233333333,0.0,339.3333333333333
0.5811754271395433,0.0,0.025576859,0.0489873265,0.0,288.0
0.6295068578236043,0.0378659685,0.020288695500000002,0.0508897625,0.0,288.0
0.7484202240108524,0.1361672235,0.012437578500000001,0.0550934765,0.0,288.0
0.7966333291654513,0.29361791,0.015169733500000001,0.0640611875,0.0,288.0
0.7970477369033341,0.42574949925,0.032262645,0.09711908925000001,0.0,288.0
0.784019225071945,0.373955943,0.057081817,0.1897285935,0.0,288.0
0.7778438619455139,0.18341786866666665,0.055709008,0.20054865266666666,0.0,288.0
0.76672379323616,0.029117452500000002,0.047317158,0.1624819045,0.0,288.0
0.6649373664002595,0.0,0.045976626666666666,0.15574448733333335,0.0,288.0
0.5491774964346017,0.0,0.050166764249999996,0.160994611,0.0,288.0
0.5438618682046521,0.033039463500000005,0.053324768,0.1361829765,0.0,288.0
0.5933645251477735,0.129735779,0.0513521015,0.11865407750000001,0.0,288.0
0.6734146073739089,0.2639704885,0.043853233000000005,0.1041310485,0.0,288.0
0.6781437393180729,0.39569266625000005,0.045026992,0.11990170274999999,0.0,288.0
0.6713336023728835,0.339557299,0.0664096235,0.1497922705,0.0,288.0
0.6727634291900214,0.18662773566666666,0.053849617999999995,0.12576353533333332,0.0,288.0
0.6716539444723716,0.0349020015,0.051422804,0.082801265,0.0,288.0
0.6069391815496431,0.0,0.040744250800000006,0.06895648959999999,0.0,288.0
0.5440035144977977,0.0,0.0367876325,0.062144445,0.0,288.0
0.544326405560933,0.051700532,0.0302106385,0.06838650099999999,0.0,288.0
0.5701665215670325,0.148441027,0.023724942,0.068701068,0.0,288.0
0.641964424267409,0.3022480635,0.023176336999999998,0.0644870645,0.0,288.0
0.6811912262337677,0.47668029199999995,0.023143995,0.062013588499999994,0.0,288.0
0.6807367729247709,0.5182337269999999,0.028626322500000002,0.072453059,0.0,288.0
0.6731295259382092,0.490519939,0.0345461985,0.1072050115,0.0,288.0
0.6730770859054055,0.321296384,0.048079524000000005,0.16290508300000003,0.0,288.0
0.669737023405658,0.0600671095,0.06941339425,0.17892391824999998,0.0,288.0
0.6027155760641741,0.0,0.06662606283333333,0.18418069883333335,0.0,288.0
0.6617314860045341,0.08675046066666665,0.07310787333333334,0.20851783,0.0,288.0
0.7832869570598576,0.262510083,0.0828514135,0.2178702535,0.0,288.0
0.7959184388965636,0.4111021382000001,0.11246299099999998,0.2397285336,0.0,288.0
0.7823918237253673,0.34443286,0.14729631199999998,0.318930094,0.0,288.0
0.7787254753454216,0.285091556,0.165530131,0.360855436,0.0,288.0
0.7771636763447951,0.1577704315,0.181130396,0.3887096765,0.0,288.0
0.7686194617381724,0.036535706,0.198052517,0.41241576,0.0,288.0
0.6387389392580439,0.0,0.1730733126,0.391020458,0.0,288.0
0.5800554260350357,0.0,0.16503129,0.3638650115,0.0,288.0
0.6297297803354424,0.0501699445,0.148428927,0.34275039100000004,0.0,288.0
0.7261330275698673,0.135292614,0.134889906,0.319805314,0.0,288.0
0.7912226401985947,0.2598345945,0.136665078,0.3103617575,0.0,288.0
0.8018178982486751,0.511949867,0.10262415025,0.23026210325,0.0,288.0
0.7881150960934646,0.585973144,0.10229917999999999,0.24198035750000002,0.0,288.0
0.78101529408539,0.45058048,0.1031851215,0.25063087,0.0,288.0
0.7784757663808157,0.2178110905,0.10726957100000001,0.26264213449999996,0.0,288.0
0.7701843910734434,0.0506108775,0.11769146150000001,0.258556898,0.0,288.0
0.6387331973692534,0.0,0.08640434799999999,0.21033421900000002,0.0,288.0
0.5883141567356468,0.013791389333333334,0.07808245266666666,0.22238977000000001,0.0,288.0
0.6926956816885539,0.167221785,0.06414123099999999,0.209906462,0.0,288.0
0.7754909750235622,0.325676073,0.058718141,0.19427849,0.0,288.0
0.799064324702349,0.5250592119999999,0.048517843,0.148487396,0.0,288.0
0.795651463996063,0.7404553485,0.04659189725,0.12830494925,0.0,288.0
0.7829849719385343,0.6318690149999999,0.052893313,0.139385075,0.0,288.0
0.7792297229183763,0.4538423,0.058271176,0.153526031,0.0,288.0
0.7761308095679892,0.2575121515,0.06554806299999999,0.162329981,0.0,288.0
0.7350785473734874,0.034448346250000005,0.07832752325,0.16295225525,0.0,288.0
0.5903650526613873,0.0,0.08042702320000002,0.18906353339999998,0.0,288.0
0.6299245300379077,0.10041998900000002,0.089588001,0.2060979185,0.0,288.0
0.7259637675038754,0.241257669,0.067081591,0.186495618,0.0,288.0
0.7839966868244469,0.424521238,0.06451564,0.16539571349999999,0.0,288.0
0.796450304641783,0.7029673078,0.0696549862,0.1303083456,0.0,288.0
0.7830551802461418,0.5689686355,0.0949820765,0.18166546249999999,0.0,288.0
0.7792297229183763,0.41440131,0.095676773,0.198065245,0.0,288.0
0.7758772547559657,0.2284416385,0.089945052,0.197276576,0.0,288.0
0.7347094843129393,0.02703183325,0.0893579695,0.17622060925,0.0,288.0
0.5914569838502819,0.0,0.07652264225,0.16377972400000002,0.0,288.0
0.5918757293000072,0.018419728,0.078481803,0.17248213950000002,0.0,288.0
0.6921130198805234,0.1257637175,0.0640555115,0.15177833400000001,0.0,288.0
0.788901920852397,0.3438939943333333,0.04568549933333333,0.1287275333333333,0.0,288.0
0.7956607878616325,0.512457648,0.04205053875,0.12292543375000001,0.0,288.0
0.7827594111251659,0.434757898,0.045195175000000004,0.137318345,0.0,288.0
0.7768856306497461,0.228980161,0.052677415,0.15404976966666667,0.0,288.0
0.7677587170784508,0.046075832500000004,0.0563709705,0.1514959535,0.0,288.0
0.6083780385509289,0.0,0.0344217445,0.12025525683333332,0.0,288.0
0.5453124071957616,0.021567159,0.032667944500000004,0.1521474385,0.0,288.0
0.5566417219386485,0.1424452595,0.0295417235,0.152706583,0.0,288.0
0.6438980813425259,0.301398284,0.029034360000000002,0.1441618155,0.0,288.0
0.6799996641354433,0.5098338309999999,0.0243685475,0.10915443150000001,0.0,288.0
0.6714678701935906,0.518643135,0.027878438999999998,0.11614605850000001,0.0,288.0
0.6709929580370513,0.3474545115,0.044029720499999994,0.135257299,0.0,288.0
0.672300196162334,0.16926294949999998,0.058779642,0.1390270035,0.0,288.0
0.6661739527223716,0.0194245765,0.06000877624999999,0.12778907,0.0,288.0
0.5587075226081323,0.006878913833333333,0.0477085085,0.11416200650000001,0.0,288.0
0.5567113936116761,0.125633788,0.049705729500000004,0.12912282349999998,0.0,288.0
0.6440324385011161,0.283053328,0.0517793785,0.1382064425,0.0,288.0
0.6806214062066158,0.42867182,0.03864509733333333,0.11042078966666667,0.0,288.0
0.6730473442287908,0.420188836,0.054129965749999995,0.16221083725000002,0.0,288.0
0.6723355014950639,0.20670416699999997,0.08417563233333332,0.23563274033333334,0.0,288.0
0.6725870662450151,0.0417374775,0.115489006,0.27763848599999996,0.0,288.0
0.6171492748207442,0.0,0.10202176349999999,0.27166994549999995,0.0,288.0
0.5923836661766568,0.022660214,0.092692782,0.319631609,0.0,288.0
0.6920678987840614,0.143732257,0.1008895185,0.3153416945,0.0,288.0
0.7829221423057926,0.352933935,0.1221186415,0.3224418005,0.0,288.0
0.7993365719144532,0.5025511595,0.1176772565,0.294396893,0.0,288.0
0.7968664922233121,0.5255757243333333,0.12896450699999998,0.357969784,0.0,288.0
0.7846801667033723,0.450830865,0.18055042999999998,0.4638437645,0.0,288.0
0.7777290840881633,0.21653937,0.2483116783333333,0.5373649,0.0,288.0
0.7671149472812475,0.042840113500000006,0.247507362,0.5266426515,0.0,288.0
0.6286733319337326,0.0,0.2046483098333333,0.4237092521666666,0.0,288.0
0.5923759745492976,0.0183763495,0.19242538450000002,0.4343488725,0.0,288.0
0.6921698796644262,0.1144472745,0.19066550399999999,0.4065121735,0.0,288.0
0.7903853877359261,0.2599742196666667,0.18104674733333334,0.3345212786666667,0.0,288.0
0.7955106225873114,0.32990133774999997,0.11830460674999999,0.27180012975,0.0,288.0
0.7811919774726972,0.292401145,0.10038698166666667,0.28016051999999997,0.0,288.0
0.7768328029688019,0.1565436775,0.0866253475,0.2665578845,0.0,288.0
0.7687135945149313,0.0437031065,0.073847816,0.21694246350000002,0.0,288.0
0.6286850034603179,0.0,0.048619109333333334,0.10676195333333333,0.0,288.0
0.5918493453400431,0.0231007085,0.10644015500000001,0.101289403,0.0,288.0
0.6923701297869901,0.13481545749999999,0.1510607975,0.151820318,0.0,288.0
0.7833794351964596,0.29025370500000003,0.2774547905,0.22821485249999998,0.0,288.0
0.798816985823197,0.329003393,0.45308802049999997,0.33521703950000004,0.0,288.0
0.7927030736089078,0.23794105375,0.593159263,0.51031294475,0.0,288.0
0.7797207785113489,0.136000609,0.6863668775,0.6775932625000001,0.0,288.0
0.7759485810016742,0.057661198500000004,0.7256688245,0.7609155645000001,0.0,288.0
0.7677779013092183,0.008174415,0.7845495255,0.8147789085,0.0,288.0
0.6382645548292863,0.0,0.861979429,0.8670682957999999,0.0,288.0
0.586717447337811,0.0066250350000000005,0.9092389773333333,0.906439739,0.0,288.0
0.6920327946639955,0.078667823,0.9181119765,0.9144764775,0.0,288.0
0.7889667629266657,0.29495696833333335,0.9153182926666666,0.9174658063333334,0.0,288.0
0.7984212257489773,0.5475784115,0.872357865,0.8647604565,0.0,288.0
0.7928965041268703,0.653418571,0.8215834584999999,0.8166962885,0.0,288.0
0.7829644460875795,0.5477580635,0.7744597265,0.751530787,0.0,288.0
0.7778235448420143,0.34945286649999996,0.7042490625,0.6662180375,0.0,288.0
0.7705383243518997,0.10237705766666667,0.5878671043333333,0.55474031,0.0,288.0
0.6539664865350034,0.0,0.5057638425000001,0.519674671,0.0,288.0
0.5854075783108376,0.009917577,0.411056487,0.46179047675,0.0,288.0
0.6923968044999285,0.1311688865,0.3516440375,0.380605655,0.0,288.0
0.7888991780984171,0.30348550566666666,0.3821846373333333,0.33943534000000003,0.0,288.0
0.7952349991589573,0.39251525775,0.38255815600000004,0.36721195175,0.0,288.0
0.7811403721598116,0.32698953599999997,0.327568076,0.411535736,0.0,288.0
0.7766820116882801,0.1595709925,0.27216723350000005,0.4000790325,0.0,288.0
0.7686830963565218,0.03595751,0.243017431,0.378864936,0.0,288.0
0.6946808992726636,0.0,0.2797882435,0.370305283,0.0,288.0
0.5650458889211539,0.0,0.3292708455,0.4137363105,0.0,288.0
0.5450663874673748,0.0135078245,0.368653958,0.50323718,0.0,288.0
0.5568740353194683,0.0807236115,0.397095089,0.5754036595,0.0,288.0
0.6203196560709153,0.168777571,0.452970736,0.603265194,0.0,288.0
0.6806408401988441,0.28680219675,0.51360326425,0.60042137425,0.0,288.0
0.6731555670764178,0.37184229766666665,0.554154812,0.6481200343333333,0.0,288.0
0.6709407713531685,0.3253743095,0.5396120145,0.6929063344999999,0.0,288.0
0.6746813080299153,0.168848706,0.511262406,0.6862829235000001,0.0,288.0
0.6692807701474931,0.0181365955,0.38550407024999994,0.59998777025,0.0,288.0
0.5650389351410385,0.0,0.317557128,0.56307018675,0.0,288.0
0.5450110929182699,0.0140540115,0.29252684650000005,0.555712627,0.0,288.0
0.5572904778558412,0.062268913499999995,0.30672975199999997,0.5135322185,0.0,288.0
0.6467143280790848,0.157890426,0.3821407575,0.535861358,0.0,288.0
0.6830978806188542,0.21325555933333332,0.475263859,0.5991403156666667,0.0,288.0
0.6746466286696482,0.194537792,0.5900274105000001,0.684660982,0.0,288.0
0.6713301516184301,0.13273277033333333,0.628187719,0.748403486,0.0,288.0
0.6766921493922746,0.0568230005,0.568928083,0.7456738795,0.0,288.0
0.671640111472836,0.007705924,0.5426275033333333,0.7538834163333333,0.0,288.0
0.6024724705906125,0.0,0.571745662,0.757894143,0.0,288.0
0.6297226030081922,0.0615590625,0.529072388,0.6781376765,0.0,288.0
0.7641257884441036,0.21317397133333335,0.5976786656666667,0.641063394,0.0,288.0
0.7983739133440411,0.41574044025,0.65649675225,0.6651496404999999,0.0,288.0
0.7882881126015152,0.354794251,0.7487708474999999,0.7680049419999999,0.0,288.0
0.7802274855751163,0.192975089,0.7345379089999999,0.7857666969999999,0.0,288.0
0.7763349501394364,0.09140798850000001,0.6821737225,0.815405548,0.0,288.0
0.7666400798611255,0.030588840000000003,0.639407519,0.806920223,0.0,288.0
0.6283023459382295,0.0,0.5071734536666667,0.6929783113333334,0.0,288.0
0.5916096309498866,0.020685664,0.34671249449999997,0.4816105905,0.0,288.0
0.691904027263387,0.10102749899999999,0.3161365445,0.352130886,0.0,288.0
0.7828674065907869,0.194194338,0.314453123,0.29360808250000003,0.0,288.0
0.7981666200360029,0.2563347925,0.40355719125,0.3316626815,0.0,288.0
0.7890978333193484,0.2492952315,0.4538738705,0.43375908100000005,0.0,288.0
0.7827737657796665,0.1970136255,0.4498356705,0.513574582,0.0,288.0
0.7780729853881168,0.09110713349999999,0.43935766600000004,0.604999462,0.0,288.0
0.7674302585243289,0.020973965,0.478139317,0.623233514,0.0,288.0
0.676093284656698,0.0,0.5364144276666666,0.627956947,0.0,288.0
0.5811544987957847,0.0,0.557635857,0.6799761995,0.0,288.0
0.6295486474402336,0.026816503,0.5473794064999999,0.727840292,0.0,288.0
0.7484178763273448,0.11773054050000001,0.5552118500000001,0.717583227,0.0,288.0
0.7964181430173897,0.251665012,0.5370410005,0.6664334415,0.0,288.0
0.7978494679084697,0.39532592000000005,0.48374572433333335,0.6254844526666666,0.0,288.0
0.7875747158677018,0.4008855645,0.474280158,0.587079484,0.0,288.0
0.779679100702025,0.30749945300000003,0.474021739,0.541819913,0.0,288.0
0.7761632305826316,0.1504139495,0.48996576700000005,0.5195998804999999,0.0,288.0
0.7685845811652414,0.039680186,0.4831437985,0.5176743385,0.0,288.0
0.702012097936121,0.0,0.5298671605,0.595425475,0.0,288.0
0.5923158726909208,0.0,0.595510049,0.78133312575,0.0,288.0
0.591852319130965,0.036611003,0.5600531505,0.809997636,0.0,288.0
0.6926902036029261,0.2291921885,0.5681013875,0.785155751,0.0,288.0
0.7891212210864441,0.462923824,0.6335116620000001,0.7492648335000001,0.0,288.0
0.7999532719507377,0.591242892,0.5427040196666667,0.6394023959999999,0.0,288.0
0.7920326738689214,0.612680835,0.5399321775,0.6029110185,0.0,288.0
0.7823918237253673,0.536385817,0.50207535,0.5443349405,0.0,288.0
0.7786374690287,0.434472694,0.468080974,0.511164461,0.0,288.0
0.7767149246010852,0.272443488,0.422122817,0.497985794,0.0,288.0
0.7695944178638624,0.08288467899999999,0.41027904699999995,0.505071313,0.0,288.0
0.7003198992966757,0.0,0.386494346,0.46978178849999996,0.0,288.0
0.5933434514950033,0.0,0.35384956175,0.517947543,0.0,288.0
0.5933423670586083,0.034533622,0.2734869365,0.484419172,0.0,288.0
0.6926665474173268,0.227021232,0.216679191,0.4178840535,0.0,288.0
0.7857208593167894,0.4757073825,0.1756380945,0.34274586500000004,0.0,288.0
0.7979666158962582,0.71782346275,0.1540720615,0.252292855,0.0,288.0
0.7875192647073985,0.7375399975,0.178645051,0.2764308525,0.0,288.0
0.7802186312732386,0.553216039,0.17763986650000002,0.28432240649999996,0.0,288.0
0.7762978784267203,0.29225272999999996,0.164084182,0.2606830065,0.0,288.0
0.7674179161988959,0.089711178,0.18333474,0.2266364555,0.0,288.0
0.6646801894453965,0.0,0.159961139,0.16288413933333334,0.0,288.0
0.5507846066850799,0.0101519174,0.15648947600000002,0.1517835856,0.0,288.0
0.5568449235851393,0.181294259,0.15170757899999998,0.1515048215,0.0,288.0
0.6427362459524475,0.4258712605,0.14668111150000002,0.1474619575,0.0,288.0
0.6790510718889365,0.6742665552,0.13280597619999998,0.1299339662,0.0,288.0
0.671910540123713,0.4821020053333333,0.14311928633333335,0.13800023766666666,0.0,288.0
0.6723813828407164,0.231017788,0.110929257,0.11902718200000001,0.0,288.0
0.6657607970981035,0.03302595225,0.09210180575,0.09609580749999999,0.0,288.0
0.5727163792229885,0.0,0.07346235366666666,0.072371066,0.0,288.0
0.5458800732622624,0.017877940666666665,0.071880972,0.08056885133333334,0.0,288.0
0.5565070740945599,0.21099431349999997,0.057179565,0.07140287449999999,0.0,288.0
0.6419733456401746,0.516597661,0.0476267425,0.055319507500000004,0.0,288.0
0.6814542166511902,0.794562852,0.0456819455,0.0375213015,0.0,288.0
0.6785252788795682,0.889666365,0.054405437499999994,0.04947822674999999,0.0,288.0
0.6743357222430351,0.6510001355,0.054190722,0.074238287,0.0,288.0
0.6748117075337826,0.427062363,0.05176022,0.08144398,0.0,288.0
0.6703928783782396,0.12084531575,0.06357919575,0.08098202125000001,0.0,288.0
0.6030947083160972,0.00016935733333333335,0.06943121566666667,0.07564999449999998,0.0,288.0
0.6297166553588726,0.1344705275,0.0653762035,0.0651184365,0.0,288.0
0.7253744203342329,0.321274181,0.039561024,0.049522163,0.0,288.0
0.7882514432466514,0.559283011,0.0358571175,0.042715998,0.0,288.0
0.8089331281804097,0.839549375,0.02697543525,0.042152784,0.0,288.0
0.7995120925822581,0.7879036065,0.028689409,0.0658087655,0.0,288.0
0.7905957740195393,0.5565791154999999,0.034256729,0.092777463,0.0,288.0
0.7829525509238918,0.266943727,0.045766819,0.10405450499999999,0.0,288.0
0.7694929512161308,0.061305286,0.0637820905,0.1008197625,0.0,288.0
0.6283770111985619,0.0,0.049690727500000004,0.07358665283333334,0.0,288.0
0.59196114198414,0.030070269,0.047529639,0.08704207,0.0,288.0
0.6918899408924384,0.205206469,0.03846149,0.0983783545,0.0,288.0
0.7873203561375464,0.49518513399999997,0.028771979500000003,0.0880404335,0.0,288.0
0.8055830525391375,0.7414166685000001,0.034284578999999996,0.0873286455,0.0,288.0
0.8067579904588555,0.861510163,0.054221522999999994,0.13275551366666669,0.0,288.0
0.7929951535274022,0.7047375325,0.077046061,0.1890359245,0.0,288.0
0.787313245881184,0.526172584,0.082500852,0.215110508,0.0,288.0
0.7818596270251263,0.3102487265,0.0857597195,0.229838217,0.0,288.0
0.7679483688536215,0.089813772,0.12008152450000001,0.252658712,0.0,288.0
0.6282908383102227,0.0,0.09417868533333333,0.2518463355,0.0,288.0
0.5918977756493428,0.0379078645,0.08569732199999999,0.260386006,0.0,288.0
0.6918973418342993,0.2360497045,0.08309093949999999,0.2798132305,0.0,288.0
0.771601793604613,0.451390384,0.064529449,0.277623525,0.0,288.0
0.7983097421248497,0.6870258095,0.06707711799999999,0.259667872,0.0,288.0
0.8034894368953894,0.9152648809999999,0.09109283225,0.23831993575000002,0.0,288.0
0.7905939853050823,0.793846279,0.111567578,0.254937181,0.0,288.0
0.7841209599357528,0.5192413755,0.1117574395,0.2943784395,0.0,288.0
0.7779057823876097,0.22703023900000002,0.14061033750000002,0.33690447349999997,0.0,288.0
0.7478425931941801,0.0172073785,0.17466143150000002,0.369866444,0.0,288.0
0.6029428064748222,0.0,0.11340803299999998,0.31554857550000004,0.0,288.0
0.6297891219446289,0.12087326000000001,0.09771948150000001,0.27782924,0.0,288.0
0.7252967886828182,0.291233602,0.086601216,0.269811534,0.0,288.0
0.7836376407740325,0.5354033085,0.07087017500000001,0.2624099165,0.0,288.0
0.8026330522819807,0.815996654,0.063815961,0.2334241775,0.0,288.0
0.8069043098970051,0.9369308704999999,0.0987757135,0.290141597,0.0,288.0
0.7976126677056627,0.8621374255,0.130785245,0.3400688945,0.0,288.0
0.7882724163268273,0.640146887,0.1564035835,0.3731553645,0.0,288.0
0.7819545199835998,0.3462226695,0.162864059,0.41507203449999996,0.0,288.0
0.76962782267483,0.101810653,0.197896711,0.454216913,0.0,288.0
0.7025873811367613,0.0,0.210134357,0.4538119815,0.0,288.0
0.5895255850870516,0.0,0.1772497516,0.39678520559999997,0.0,288.0
0.6297156492280767,0.128236782,0.140139138,0.35898992399999996,0.0,288.0
0.7252388333627607,0.286874574,0.098791957,0.332774886,0.0,288.0
0.7841877696926395,0.532914077,0.0929603465,0.3089755575,0.0,288.0
0.8046891936864711,0.8535481935,0.09471011074999999,0.25491525049999997,0.0,288.0
0.7971488905310964,0.8586086325,0.1392120135,0.3050536995,0.0,288.0
0.7876159017788631,0.6442753855,0.170182141,0.3326754955,0.0,288.0
0.7815822371493103,0.3440930365,0.180207122,0.3374741875,0.0,288.0
0.7678321450585857,0.09869815900000001,0.21198852299999998,0.39213253,0.0,288.0
0.6648115281441233,0.0,0.210797143,0.470156257,0.0,288.0
0.5498164813244795,0.0,0.18562514200000002,0.46514693775000004,0.0,288.0
0.5440608214434459,0.11313717749999999,0.165291032,0.44707911499999997,0.0,288.0
0.5702687483964787,0.275831722,0.138257851,0.422085793,0.0,288.0
0.6422542906104339,0.5334855645000001,0.1328296305,0.398656373,0.0,288.0
0.684340984692834,0.8576953970000001,0.13650942433333335,0.35782772533333335,0.0,288.0
0.6819847140423331,0.8999484185,0.175097762,0.3951373545,0.0,288.0
0.6757677701142036,0.7264271705,0.1935322765,0.4126094555,0.0,288.0
0.6754072258998793,0.548154183,0.195107401,0.426722009,0.0,288.0
0.6748567616268324,0.328534678,0.19056394599999998,0.4549426385,0.0,288.0
0.6714801006442426,0.09062477399999999,0.224831028,0.5185098125000001,0.0,288.0
0.6183795595495297,0.0,0.22595812224999998,0.5473556107499999,0.0,258.5
0.54024502333569,0.0,0.2434812295,0.521228158,0.0,229.0
0.5401194086041966,0.035464245,0.26582407799999996,0.4876529395,0.0,229.0
0.552597299686292,0.20373100049999998,0.2405082005,0.423473514,0.0,229.0
0.6425149556788197,0.4542932665,0.2353876645,0.3565669925,0.0,229.0
0.6896141191180598,0.69962081775,0.24622241299999997,0.36285446225,0.0,229.0
0.6840755124726197,0.633131084,0.2589768315,0.4885987875,0.0,229.0
0.6778158621349482,0.499365759,0.28729223,0.563131666,0.0,229.0
0.6773520402239646,0.32428949549999997,0.310790833,0.617865399,0.0,229.0
0.674826106992176,0.1143346365,0.3539111615,0.6547593005,0.0,229.0
0.6286000007812882,0.0022173806666666664,0.33747575116666667,0.6003047128333332,0.0,229.0
0.5732272451316508,0.0,0.3419432915,0.529765615,0.0,229.0
0.6227080794749985,0.1041908515,0.330200222,0.502271185,0.0,229.0
0.7448236814457103,0.336576158,0.268055621,0.4815821055,0.0,229.0
0.7991269307879559,0.6220539235,0.235639528,0.46108692949999996,0.0,229.0
0.8079333755628109,0.8212372755,0.24210552400000002,0.46697184,0.0,229.0
0.8046669013880543,0.881325431,0.2502969165,0.5031428855,0.0,229.0
0.790582716248809,0.761747996,0.2568859905,0.533056881,0.0,229.0
0.7837756424999003,0.564968634,0.27120282,0.569427841,0.0,229.0
0.7776956941668429,0.33755967350000005,0.2772097615,0.6056661955,0.0,229.0
0.7290476665569037,0.0482333625,0.32555158024999997,0.652564936,0.0,229.0
0.585302824852215,0.0,0.29583438250000005,0.5542903057499999,0.0,229.0
0.5846313071403894,0.0288621005,0.259831704,0.4815850615,0.0,229.0
0.6856145720805598,0.234923782,0.219079637,0.45794936649999995,0.0,229.0
0.7802252048275453,0.5359128985,0.208567249,0.4317891035,0.0,229.0
0.8003442397065461,0.8464493885000001,0.173280491,0.36581535925,0.0,229.0
0.7915908983072732,0.8239116609999999,0.166678721,0.35595764900000004,0.0,229.0
0.7824991484821082,0.6123832745,0.155366481,0.3474995175,0.0,229.0
0.7724944673808145,0.332080271,0.1449566935,0.3290968015,0.0,229.0
0.728197810862598,0.04790926575,0.157985409,0.3149746235,0.0,229.0
0.5858251052498675,0.0,0.10243092775000001,0.2956562995,0.0,229.0
0.5851175330896192,0.0266423155,0.081346638,0.273409955,0.0,229.0
0.68498424021242,0.198418876,0.059707563000000005,0.23592984449999999,0.0,229.0
0.7774767963806156,0.45296716300000006,0.045209569,0.1757752695,0.0,229.0
0.8007965465446996,0.7097762139999999,0.053131276,0.12307193775,0.0,229.0
0.7924754780307874,0.6145756044999999,0.077841844,0.1139513905,0.0,229.0
0.783430906435045,0.4157513685,0.0963505255,0.0985008805,0.0,229.0
0.7786907736506838,0.233842071,0.09155735300000001,0.09464460799999999,0.0,229.0
0.7639295927814611,0.072080706,0.114187186,0.1104221135,0.0,229.0
0.6239519363083611,0.0,0.15565161149999998,0.13946473533333334,0.0,229.0
0.584628422822302,0.024300448,0.184231402,0.19581051649999998,0.0,229.0
0.6862796501774274,0.1624707685,0.1582589365,0.185780822,0.0,229.0
0.781925676465347,0.39446924299999997,0.1113471465,0.147565163,0.0,229.0
0.8036349737386319,0.621452019,0.076628089,0.1478600525,0.0,229.0
0.8038484754897343,0.692394061,0.06924399999999999,0.20734735433333332,0.0,229.0
0.788412788205625,0.49884913466666664,0.104903089,0.28397564133333336,0.0,229.0
0.7790152075466708,0.2369050265,0.126275627,0.2544071415,0.0,229.0
0.7633666743082,0.061141962,0.13002534999999998,0.1965868305,0.0,229.0
0.6226782595602603,0.0,0.067124584,0.08595349366666667,0.0,229.0
0.5844987163617854,0.0191563285,0.055601282,0.0642912675,0.0,229.0
0.6854887784033974,0.1525806365,0.041688637,0.0478808135,0.0,229.0
0.7800029531595389,0.362907786,0.0403053085,0.0431010765,0.0,229.0
0.8017478017551204,0.6040973682,0.0630710394,0.068812004,0.0,229.0
0.7902411551875396,0.45098425799999997,0.08264490599999999,0.1230885155,0.0,229.0
0.7840976169050743,0.307683204,0.086196126,0.141589918,0.0,229.0
0.7796544159836831,0.1822000195,0.09000042150000001,0.1520394785,0.0,229.0
0.7674470727371181,0.050593157,0.09919360599999999,0.147725063,0.0,229.0
0.5957023238060998,0.0,0.07077291342857144,0.09669964985714286,0.0,229.0
0.539678415558734,0.0906615415,0.0438551095,0.061344815500000004,0.0,229.0
0.5709948004756944,0.22380429,0.038112048,0.063896533,0.0,229.0
0.6425351237733878,0.43175850250000003,0.045122907000000004,0.0652862305,0.0,229.0
0.6911034963030852,0.63047145675,0.073185461,0.08087902799999999,0.0,229.0
0.6845867360926847,0.5548105729999999,0.095631443,0.114994984,0.0,229.0
0.6819957595514716,0.401545404,0.107646112,0.14518419,0.0,229.0
0.6814678111239761,0.22370918499999998,0.121121912,0.164549713,0.0,229.0
0.6671848067864996,0.0314076465,0.12061108300000001,0.16202277675,0.0,229.0
0.5560973796587445,0.0,0.1229486372,0.1473126604,0.0,229.0
0.539976711376362,0.0869419555,0.1106251355,0.1392253665,0.0,229.0
0.5725793612709539,0.205924613,0.097059905,0.123968837,0.0,229.0
0.6464323098396659,0.3913446465,0.110161865,0.1069301785,0.0,229.0
0.6926855305029059,0.553818644,0.11376023699999999,0.098772926,0.0,229.0
0.6907882073607368,0.500823073,0.11281404749999999,0.1233140945,0.0,229.0
0.6841540159781028,0.43134405249999996,0.115910065,0.156176329,0.0,229.0
0.6829646338860659,0.348611224,0.123846955,0.177553477,0.0,229.0
0.6818832250601308,0.21397713,0.12488846949999999,0.1927701815,0.0,229.0
0.6725572016838273,0.035675943,0.132690587,0.207539603,0.0,229.0
0.6125063902581391,0.0,0.09892730625000001,0.16301529025,0.0,229.0
0.5804379345481927,0.010631503666666667,0.09153599233333333,0.16077933966666666,0.0,229.0
0.6892065980219286,0.1373999185,0.085971911,0.179646668,0.0,229.0
0.7713429620545772,0.257974901,0.082272703,0.185322067,0.0,229.0
0.8004509607915571,0.378986303,0.0823865025,0.183430218,0.0,229.0
0.8026614262702796,0.46789000799999997,0.106736491,0.26162669425,0.0,229.0
0.7864790641270956,0.44425674049999997,0.149988592,0.3800563245,0.0,229.0
0.7811875056753087,0.36456632,0.169716973,0.417128799,0.0,229.0
0.7736249549579346,0.2291333175,0.17845107799999999,0.44963703099999996,0.0,229.0
0.7602024717667826,0.065806266,0.1933482045,0.4642356995,0.0,229.0
0.6698049622341434,0.0,0.17894600733333332,0.3816040383333333,0.0,229.0
0.5752541182243518,0.0,0.14506043375,0.3563753645,0.0,229.0
0.6227023554402895,0.056140695000000004,0.1150775365,0.3196637695,0.0,229.0
0.7412767989352742,0.1878035615,0.09652931249999999,0.28316828299999997,0.0,229.0
0.7898664127949615,0.341285875,0.06558005750000001,0.2034491235,0.0,229.0
0.7928595218195129,0.4933924946666666,0.056797196333333334,0.18134336733333334,0.0,229.0
0.7855820972742553,0.5013178325000001,0.0692142515,0.2243871825,0.0,229.0
0.7774364601240034,0.371472158,0.077581275,0.25883815450000003,0.0,229.0
0.7707390812847652,0.1901163795,0.1002966625,0.300048141,0.0,229.0
0.7598727163963663,0.0484675505,0.12568710700000002,0.298260242,0.0,229.0
0.6157917772280299,0.0,0.083080237,0.23040081042857144,0.0,229.0
0.6227023554402895,0.0479470035,0.07026438400000001,0.2178913065,0.0,229.0
0.7187395134388259,0.109475121,0.064561735,0.198964887,0.0,229.0
0.775689659978804,0.2180427795,0.06052845,0.176376433,0.0,229.0
0.7935349822514302,0.3848861236666667,0.06100997433333333,0.14509984333333334,0.0,229.0
0.79019218824366,0.33866455549999996,0.0635448095,0.16545984349999998,0.0,229.0
0.7799386477648337,0.246365058,0.084119119,0.209148388,0.0,229.0
0.7728381749354195,0.14109166666666667,0.10777334233333334,0.258751608,0.0,229.0
0.7497256063058063,0.018922079666666668,0.11834448433333333,0.24027600699999999,0.0,229.0
0.5968328742609723,0.0,0.08658178933333334,0.16336831033333335,0.0,229.0
0.622532357459578,0.040287722,0.069069437,0.14745682799999998,0.0,229.0
0.7413359393992724,0.128877203,0.065107092,0.146291045,0.0,229.0
0.7898273286857022,0.2855068945,0.051113940999999996,0.12781274,0.0,229.0
0.7929196535021679,0.40896459,0.04906462466666667,0.10402884233333333,0.0,229.0
0.7848869905151943,0.40239055850000005,0.052746987,0.1367835985,0.0,229.0
0.7762553062264299,0.30453277700000003,0.06380585899999999,0.164812929,0.0,229.0
0.7706167310296924,0.163510333,0.067278952,0.16608924749999998,0.0,229.0
0.7283626997487795,0.0233713045,0.065341316,0.12607280275,0.0,229.0
0.5855714833669561,0.0,0.03316682525,0.08103770025000001,0.0,229.0
0.5847376928372223,0.01170575,0.025260748,0.0746083545,0.0,229.0
0.6850583613708572,0.133347166,0.0182110785,0.0689120415,0.0,229.0
0.7645734519840229,0.253683363,0.017631771,0.053635678,0.0,229.0
0.7902569408001106,0.360411728,0.02477298,0.0469525165,0.0,229.0
0.7923104885382741,0.4262813015,0.039858213,0.0697149915,0.0,229.0
0.7802694764044098,0.39647506050000003,0.062994823,0.11297159300000001,0.0,229.0
0.7762122869318699,0.329623244,0.073794592,0.130345455,0.0,229.0
0.7708663505214639,0.192017852,0.08016295200000001,0.13880343550000002,0.0,229.0
0.7600564205896931,0.05542199,0.087899729,0.1247561465,0.0,229.0
0.6161907289395699,0.0,0.1134823286,0.1338287194,0.0,229.0
0.5388143617536503,0.0,0.150693639,0.18239529999999998,0.0,229.0
0.5395637569310203,0.074237258,0.1714488985,0.192699871,0.0,229.0
0.5662215312313934,0.209792742,0.178286925,0.19040468,0.0,229.0
0.6402626335463177,0.3983992075,0.258044184,0.21067121,0.0,229.0
0.6847006233377105,0.5549498884999999,0.33834581374999995,0.2586333245,0.0,229.0
0.6808745287015574,0.4772432835,0.385142513,0.3352712375,0.0,229.0
0.6814317231401095,0.3434725795,0.3781944685,0.37305728400000004,0.0,229.0
0.679682217555016,0.1770634775,0.3240638305,0.38789202300000003,0.0,229.0
0.6706127451161287,0.029242218333333334,0.28786921633333334,0.3810360676666667,0.0,229.0
0.5889559141475527,0.0,0.26405361575,0.34012371124999996,0.0,229.0
0.5389155823848248,0.0,0.23288382149999998,0.30768539100000003,0.0,229.0
0.5397965622774785,0.0567391705,0.2249746445,0.279735148,0.0,229.0
0.5931796358779815,0.1981914535,0.249380783,0.287418628,0.0,229.0
0.67281882072426,0.35573248199999996,0.2668888,0.275698392,0.0,229.0
0.6860616467146908,0.44723358700000004,0.278639595,0.27946257350000003,0.0,229.0
0.6826232368133427,0.41559049666666664,0.2825959333333334,0.3167777136666667,0.0,229.0
0.6777187779017382,0.2767722435,0.27189932650000004,0.3474111625,0.0,229.0
0.6766847484504138,0.143398533,0.2386793575,0.3495311175,0.0,229.0
0.6678424691305809,0.021339249666666667,0.1948849633333333,0.33736982266666665,0.0,229.0
0.5975182770636066,0.0,0.1501032515,0.2578292443333333,0.0,229.0
0.6228243702734466,0.0583453365,0.1136590905,0.14915357299999998,0.0,229.0
0.7456695795527688,0.2380496915,0.0967450735,0.113697246,0.0,229.0
0.7947390022161505,0.41641920649999997,0.1187097305,0.10457468,0.0,229.0
0.8006493774295089,0.49278188125,0.166461116,0.155691676,0.0,229.0
0.7860190880635296,0.37179070599999997,0.22075746200000002,0.2464657885,0.0,229.0
0.7812436722134336,0.284890411,0.225335793,0.265599818,0.0,229.0
0.7732106813618275,0.17043398650000002,0.2121514025,0.271632975,0.0,229.0
0.7604953789041419,0.041157555,0.18254141499999998,0.2840637335,0.0,229.0
0.6328077072454565,0.0,0.1461948136,0.2736093784,0.0,229.0
0.5734530743635229,0.0,0.1286137005,0.2576238245,0.0,229.0
0.6227023554402895,0.06309451199999999,0.10623700550000001,0.26129139349999997,0.0,229.0
0.7412441096370797,0.2449831105,0.100160005,0.23365643149999998,0.0,229.0
0.7920627695682648,0.41940128475,0.1157607095,0.19871558075,0.0,229.0
0.7879673904111699,0.4218164645,0.13866120050000003,0.20196118149999998,0.0,229.0
0.7786186872232607,0.366131703,0.153234525,0.2375076795,0.0,229.0
0.7746346127108865,0.276006772,0.143310273,0.234886959,0.0,229.0
0.7707761977338987,0.1592002775,0.108535946,0.20378868049999999,0.0,229.0
0.7597700423376992,0.036783996,0.07700247199999999,0.16804827449999998,0.0,229.0
0.6327190390996625,0.0,0.0685269164,0.1394330196,0.0,229.0
0.5730703721275091,0.0,0.061005498000000005,0.1114305995,0.0,229.0
0.6222687410022167,0.052839364,0.0454564055,0.09139109000000001,0.0,229.0
0.7419086735687898,0.2204085295,0.029526896,0.0608096555,0.0,229.0
0.7914424323757883,0.4039385995,0.0357426085,0.0423092885,0.0,229.0
0.7926653534543066,0.48966053625,0.048547089749999994,0.04096132449999999,0.0,229.0
0.7817773894120552,0.35928283800000005,0.0553898945,0.0765964895,0.0,229.0
0.7774581486494765,0.273263231,0.058191247,0.09541148,0.0,229.0
0.7730639147394407,0.1596834335,0.058262640000000004,0.100879216,0.0,229.0
0.760805100321766,0.03691582,0.070973095,0.099842922,0.0,229.0
0.6327888180861109,0.0,0.060326044599999996,0.0741775336,0.0,229.0
0.5735019518345679,0.0,0.03927175,0.0685151185,0.0,229.0
0.622651733923729,0.0696243835,0.0356626065,0.0768356305,0.0,229.0
0.7186752974494796,0.195539162,0.027249295,0.074185966,0.0,229.0
0.7781267820432147,0.395099308,0.0413724845,0.081553471,0.0,229.0
0.7993967333764025,0.5790835156666666,0.08321641733333333,0.10434431533333333,0.0,229.0
0.7982400257154049,0.5402288955,0.125294985,0.157100042,0.0,229.0
0.7866671954713613,0.462022225,0.1383346185,0.211590442,0.0,229.0
0.7823414257559417,0.332832765,0.147604944,0.2438865,0.0,229.0
0.7776178837047106,0.19839953250000003,0.15948294950000003,0.278889612,0.0,229.0
0.7618186039221353,0.0412338015,0.1897465715,0.313610091,0.0,229.0
0.6331272757355573,0.0,0.19379848119999998,0.27760821199999997,0.0,229.0
0.5734706040216092,0.0,0.186704163,0.2172934,0.0,229.0
0.6226308055799703,0.0252595715,0.16573059,0.17470534,0.0,229.0
0.7420055341873891,0.12207650650000001,0.1566109165,0.164227222,0.0,229.0
0.7915970247673103,0.24657603299999997,0.163993194,0.1939479475,0.0,229.0
0.7950617143673546,0.27691898000000004,0.17970469725,0.24705524925,0.0,229.0
0.7794645853303193,0.171330704,0.1595032535,0.24764973550000002,0.0,229.0
0.7705468805009633,0.075090827,0.14333327766666668,0.19837473933333336,0.0,229.0
0.7595503395658643,0.012053705,0.1284043245,0.1678116745,0.0,229.0
0.6601620400904737,0.0,0.104089785,0.1492509,0.0,229.0
0.5449947482016969,0.0,0.09117763074999999,0.10788246975,0.0,229.0
0.5397035027024037,0.032465955500000004,0.066233562,0.099776259,0.0,229.0
0.5890716907471052,0.146481381,0.053624045999999995,0.081049467,0.0,229.0
0.6755040418495373,0.318837263,0.058449479,0.08995845999999999,0.0,229.0
0.6765359247625423,0.387873099,0.096827803,0.1252622195,0.0,229.0
0.6740293100382487,0.3622249535,0.129084792,0.14712001000000002,0.0,229.0
0.6738697240369298,0.19029425033333336,0.15568723799999998,0.16498714966666667,0.0,229.0
0.6700071576148868,0.029381327500000002,0.183930865,0.1836768635,0.0,229.0
0.5851945897416748,0.0,0.20543925699999996,0.22615888214285712,0.0,229.0
0.5494746631019095,0.050168867666666665,0.19340050033333334,0.207121278,0.0,229.0
0.6413416722867988,0.198518379,0.2007838065,0.171206764,0.0,229.0
0.6841463355854545,0.34672737825,0.21070740675,0.17585915700000002,0.0,229.0
0.683028201501003,0.3211254955,0.222008792,0.2238239285,0.0,229.0
0.6818238163125805,0.2023866895,0.203751239,0.2495668675,0.0,229.0
0.6798469834666567,0.10171021599999999,0.1895275955,0.265490066,0.0,229.0
0.6739604283487219,0.016909892333333332,0.17341553133333332,0.2838538293333333,0.0,229.0
0.619622738161713,0.0,0.166149025,0.25002084750000003,0.0,229.0
0.5842613944590297,0.0024398803333333333,0.159908516,0.1970611963333333,0.0,229.0
0.6926160377080716,0.0978895825,0.180324291,0.1769870705,0.0,229.0
0.7729722414534949,0.214525569,0.208128095,0.182480029,0.0,229.0
0.8035035455670708,0.3248481915,0.207112536,0.18458107899999998,0.0,229.0
0.8110712389144192,0.40445649925000005,0.24855662150000002,0.2596352805,0.0,229.0
0.7941439758156921,0.348001875,0.224259398,0.3710949095,0.0,229.0
0.785908990661055,0.24778682,0.1932030115,0.4187465805,0.0,229.0
0.7784183476278622,0.111570854,0.176400843,0.426526169,0.0,229.0
0.7578133924759908,0.020374249,0.15837574699999998,0.37483263399999994,0.0,229.0
0.5993861827838414,0.0,0.11410004616666665,0.23069524183333334,0.0,229.0
0.6230296960563102,0.0475961655,0.0731991805,0.12254315900000001,0.0,229.0
0.7455386656813168,0.218602835,0.0766345555,0.1062403905,0.0,229.0
0.7942551910887918,0.3760220135,0.12059083949999999,0.09575174750000001,0.0,229.0
0.8031239736881934,0.4638871373333333,0.16406502266666667,0.12805452733333333,0.0,229.0
0.7930422422165145,0.41575931349999995,0.19444947099999998,0.16745273849999998,0.0,229.0
0.7847771615312235,0.34270055600000005,0.1782624045,0.19072606,0.0,229.0
0.7788900399769225,0.2149686505,0.153645774,0.18848187649999998,0.0,229.0
0.76285947534627,0.052276368000000004,0.140694874,0.19134787250000002,0.0,229.0
0.6706572699744383,0.0,0.13773800266666666,0.19310586833333335,0.0,229.0
0.5753669321664799,0.0,0.1509080595,0.177829393,0.0,229.0
0.6226921819876465,0.066091103,0.168321642,0.1941258105,0.0,229.0
0.7193750549066142,0.20308829,0.147656456,0.172486117,0.0,229.0
0.7800029531595389,0.423672771,0.19021720749999999,0.168332909,0.0,229.0
0.8023143692490582,0.6620087614,0.207462106,0.1512711574,0.0,229.0
0.7923999929851677,0.5386020825,0.2295628475,0.199000899,0.0,229.0
0.7873098472629876,0.430464955,0.220531109,0.235429951,0.0,229.0
0.7814190141379966,0.270106187,0.2241260885,0.270312687,0.0,229.0
0.7644010615833866,0.062712791,0.27119053000000004,0.30706369499999997,0.0,229.0
0.6229408102382693,0.0,0.3233772796666667,0.26889660266666665,0.0,229.0
0.5847173682664073,0.0049635045,0.37828451949999997,0.29219178199999996,0.0,229.0
0.6885228050555581,0.185629709,0.3669627465,0.301257576,0.0,229.0
0.7870726595694836,0.430274443,0.4175571725,0.3228740855,0.0,229.0
0.815615571061626,0.63593079325,0.438641348,0.3377807995,0.0,229.0
0.8072919311821202,0.566444948,0.4505642775,0.36113438649999996,0.0,229.0
0.7937110991573875,0.3951116215,0.4143803155,0.3787958005,0.0,229.0
0.7860545946763993,0.1968111465,0.34747010199999995,0.3942166695,0.0,229.0
0.7650396588476158,0.02704311566666667,0.31718379933333335,0.42173900066666664,0.0,229.0
0.6131839986003825,0.0,0.2763322896,0.41117157039999996,0.0,229.0
0.5888129933388455,0.003287735,0.2458149135,0.40474254,0.0,229.0
0.6924629434129836,0.12008658050000001,0.236635669,0.37512028,0.0,229.0
0.7857787252314881,0.29485537,0.292556801,0.3417469395,0.0,229.0
0.809123719116702,0.5068473145,0.3321276195,0.32232020725,0.0,229.0
0.7975615095545223,0.41431533249999997,0.3520657765,0.37677106650000003,0.0,229.0
0.7837092800397105,0.24302308250000001,0.3004628845,0.38116580899999997,0.0,229.0
0.7733874989134026,0.0977823285,0.237064368,0.38694709,0.0,229.0
0.7612355620907234,0.0117114175,0.256689594,0.3999074855,0.0,229.0
0.6910025885906664,0.0,0.3019545055,0.502408608,0.0,229.0
0.5685811110272563,0.0,0.39944162200000005,0.608638591,0.0,229.0
0.5391738326313393,0.0,0.47630542649999996,0.6912284735,0.0,229.0
0.5397504349827449,0.020988294,0.501535019,0.7547157744999999,0.0,229.0
0.5902286741589704,0.13590705250000001,0.5359330415,0.8200190075,0.0,229.0
0.6726587502471102,0.32362274599999996,0.5956304375,0.82110883,0.0,229.0
0.6776736568052762,0.50041242,0.7076984975,0.8351503075,0.0,229.0
0.6706664969223498,0.5233206140000001,0.785535054,0.8458229196666668,0.0,229.0
0.6687860253520391,0.38455814050000003,0.785886417,0.8580397740000001,0.0,229.0
0.6718916241315139,0.203950794,0.733715702,0.85332202,0.0,229.0
0.6642541249693619,0.019700534999999998,0.6450899594999999,0.8229058115000001,0.0,229.0
0.5558433329755486,0.0,0.5816168262,0.7812414312,0.0,229.0
0.5397465891353275,0.0221543995,0.571729903,0.816215007,0.0,229.0
0.5661315571870701,0.080391915,0.576905925,0.817240194,0.0,229.0
0.6391303348527944,0.1485431275,0.586973012,0.79849905,0.0,229.0
0.6776244439797912,0.25232516725,0.56267665775,0.761225456,0.0,229.0
0.6690853272329875,0.3050574495,0.5258511005,0.7060898985,0.0,229.0
0.6693681280560675,0.2503968135,0.4720107185,0.653611181,0.0,229.0
0.6702110523047284,0.13055986749999998,0.4170109285,0.582824598,0.0,229.0
0.6655944772538517,0.01188496225,0.4020073905,0.5977107962500001,0.0,229.0
0.5835250302240348,0.0,0.3827278062,0.6408635634000001,0.0,229.0
0.622706670783923,0.036904228,0.3539416015,0.589432587,0.0,229.0
0.7193353447574162,0.12414952,0.370723451,0.573027888,0.0,229.0
0.7770159705950248,0.258191904,0.40407414500000005,0.5973204169999999,0.0,229.0
0.7928042719393493,0.5137442795,0.428348045,0.52094164825,0.0,229.0
0.7833423634837435,0.5298010959999999,0.45352660050000004,0.500919396,0.0,229.0
0.7750690098000961,0.405448001,0.387905725,0.4906237175,0.0,229.0
0.7695030576653614,0.19684362700000002,0.2759124385,0.4934382485,0.0,229.0
0.7282561910774059,0.0192234425,0.23268292824999998,0.44393094725,0.0,229.0
0.5832410757546906,0.0,0.31930429940000005,0.4346694792,0.0,229.0
0.6225666119925705,0.034280089500000006,0.40508728400000005,0.4968812255,0.0,229.0
0.7412759269462543,0.19684298500000003,0.47529031650000003,0.5778121469999999,0.0,229.0
0.7902569408001106,0.3890116325,0.5659170600000001,0.5654835405,0.0,229.0
0.7925447695792199,0.41788686599999997,0.69192470275,0.5734463027500001,0.0,229.0
0.7799386477648337,0.2789631435,0.7110743150000001,0.632757451,0.0,229.0
0.7761892121172678,0.211483748,0.675543557,0.647952859,0.0,229.0
0.7709217569453498,0.12917440200000002,0.5999578025,0.631214757,0.0,229.0
0.7072089512819015,0.0102434654,0.5470231464,0.6034869199999999,0.0,260.0
0.5796568710480874,0.0,0.44382121975,0.4920361695,0.0,384.0
0.6272213991636868,0.041725442,0.376091874,0.3986160145,0.0,384.0
0.746240815625852,0.196984553,0.4128326825,0.3924595495,0.0,384.0
0.7959274899172208,0.360445833,0.477498221,0.416470433,0.0,384.0
0.795478782943666,0.31630006675,0.533289264,0.45866613975000003,0.0,384.0
0.7836312012265504,0.232563164,0.5174825125,0.4989986245,0.0,384.0
0.7796900567383289,0.163020516,0.484352239,0.52797898,0.0,384.0
0.7763246201430709,0.0775694955,0.451170135,0.544595547,0.0,384.0
0.7658497223872046,0.008032556,0.442919988,0.5845035885000001,0.0,384.0
0.6268187449354161,0.0,0.37423730866666666,0.5397547593333333,0.0,384.0
0.5891686855074807,0.001049079,0.2726659805,0.435131963,0.0,384.0
0.6897588734113791,0.064936651,0.2545829665,0.3727903255,0.0,384.0
0.7742573662260298,0.156169948,0.303133145,0.338640518,0.0,384.0
0.7982018359971119,0.2527934795,0.2630972435,0.2742684045,0.0,384.0
0.8046399584253018,0.33628053150000004,0.25407280175,0.25231494775,0.0,384.0
0.7918564376883432,0.272225871,0.268793377,0.2741762935,0.0,384.0
0.7875994453224606,0.180296709,0.246351725,0.270020146,0.0,384.0
0.7831270878628476,0.1048238625,0.2036721125,0.26938668499999996,0.0,384.0
0.7452011292107067,0.00564039575,0.19516558325000002,0.27383500075,0.0,384.0
0.5931777934798239,0.0,0.14599841740000002,0.2287759392,0.0,384.0
0.6305395233877462,0.023778222499999998,0.0821922055,0.1415608265,0.0,384.0
0.7312955280704986,0.09257268,0.086081685,0.124950683,0.0,384.0
0.786755380733752,0.21022798050000002,0.091575976,0.113965175,0.0,384.0
0.8059383690838097,0.406819898,0.11831550279999999,0.10104877640000001,0.0,384.0
0.7917217451078373,0.3758741835,0.1569109225,0.1149075075,0.0,384.0
0.7866131306676628,0.295872146,0.169036125,0.138969323,0.0,384.0
0.7808498797318641,0.180504052,0.1760913945,0.1671628925,0.0,384.0
0.7393472448576291,0.01518178875,0.17644441325000002,0.1888361535,0.0,384.0
0.5589337468430006,0.0003019768333333333,0.14338051083333334,0.20378699483333332,0.0,384.0
0.5555635775216581,0.0771903695,0.13230394,0.227965433,0.0,384.0
0.6430599195317682,0.222943811,0.15377654,0.21942233049999998,0.0,384.0
0.6820761860818771,0.4675784585,0.177873436,0.1899411,0.0,384.0
0.6762474447086462,0.49500179050000004,0.2107464625,0.2320601365,0.0,384.0
0.6748198240558922,0.39822849650000003,0.2032715775,0.259337245,0.0,384.0
0.6742783034900817,0.208568311,0.204160423,0.2606750415,0.0,384.0
0.6640221693449286,0.01192279475,0.18532801625,0.21604707825,0.0,384.0
0.5634505955692495,0.0,0.12163466975,0.1490205765,0.0,384.0
0.5423543799343135,0.025761569666666668,0.08200774833333334,0.10902981566666665,0.0,384.0
0.5937865127731863,0.21318064650000002,0.077988224,0.10627799,0.0,384.0
0.675481034105823,0.46756979899999995,0.1148966425,0.106356141,0.0,384.0
0.687909891139413,0.5416862284999999,0.1600936025,0.1300304495,0.0,384.0
0.6808536450942161,0.424367196,0.184235082,0.1917334135,0.0,384.0
0.6805332359238401,0.290955349,0.176005109,0.215533009,0.0,384.0
0.6775660636975076,0.1616888545,0.17122444850000001,0.2327249035,0.0,384.0
0.6697536364057831,0.00894944975,0.22228272425,0.301844295,0.0,384.0
0.5895347300744278,0.0,0.2779819985,0.3437736625,0.0,384.0
0.5891969253202656,0.0006441795,0.2705935025,0.294580522,0.0,384.0
0.6905399070197304,0.0875768885,0.262538743,0.26920523399999996,0.0,384.0
0.7855614820179417,0.2464215035,0.27762863299999996,0.227505805,0.0,384.0
0.8052210326303255,0.4049734065,0.26872964325,0.20748418425,0.0,384.0
0.7976466538876275,0.4173036015,0.2708900485,0.225392122,0.0,384.0
0.7886321331535976,0.3011871375,0.218953297,0.2247775685,0.0,384.0
0.7813940163996858,0.12770737100000001,0.1609973185,0.2006147285,0.0,384.0
0.7373265988987732,0.00789582925,0.12275021700000002,0.17563089599999998,0.0,384.0
0.5901245579749974,0.0,0.11994855175000002,0.17642334399999998,0.0,384.0
0.5891686855074807,0.000535611,0.1363647465,0.1953087315,0.0,384.0
0.6895442238304217,0.0745874295,0.15425827549999999,0.204987684,0.0,384.0
0.7740120396759455,0.201454015,0.223180894,0.215100733,0.0,384.0
0.7977923473083303,0.337107166,0.26144288849999997,0.231514106,0.0,384.0
0.8017712567213081,0.45827704874999997,0.30008700175,0.2529283395,0.0,384.0
0.787645594951665,0.37511925199999996,0.3017434235,0.28026783450000003,0.0,384.0
0.7831367024139156,0.263562091,0.287252928,0.279455029,0.0,384.0
0.7755035856325473,0.1386274815,0.2757288025,0.3442409285,0.0,384.0
0.7654007023599425,0.017252687,0.27422725400000003,0.41723381800000003,0.0,384.0
0.6264961445577792,0.0,0.2593705391666667,0.4478827943333334,0.0,384.0
0.5895894209855406,0.000518547,0.2220299605,0.39573009400000003,0.0,384.0
0.6550996796194933,0.081478219,0.210863582,0.365891342,0.0,384.0
0.745723197194722,0.237033072,0.2305620185,0.3902146705,0.0,384.0
0.7948397533511089,0.4262248785,0.2560487675,0.38144039799999996,0.0,384.0
0.7974670190213771,0.5620291305,0.3054555925,0.40631141849999997,0.0,384.0
0.7917826966882391,0.5787723665,0.380422934,0.431895026,0.0,384.0
0.7819123950125304,0.520253013,0.39217940549999997,0.408043684,0.0,384.0
0.7763748392343034,0.3423450945,0.3309883765,0.396655916,0.0,384.0
0.7684602186260849,0.07207327366666667,0.25441504,0.3203416573333333,0.0,384.0
0.7009676714175431,0.0,0.208518558,0.24378219,0.0,384.0
0.5942479049726512,0.0,0.20527589266666665,0.231978057,0.0,384.0
0.578103523789059,0.0,0.21155039250000002,0.205169524,0.0,384.0
0.6268237609021756,0.036253566,0.228902678,0.209666667,0.0,384.0
0.7460434945577927,0.21431082299999998,0.237682993,0.2393415065,0.0,384.0
0.7956516205397856,0.3947360805,0.25237394949999997,0.25746597800000004,0.0,384.0
0.7937244030121504,0.46229971200000003,0.26613551950000003,0.31062985425,0.0,384.0
0.7808460340193981,0.380712387,0.27434013199999996,0.426894163,0.0,384.0
0.7759764407236018,0.250765924,0.236086815,0.4283979185,0.0,384.0
0.7755344415473433,0.121159698,0.190077986,0.371754143,0.0,384.0
0.7554465234556047,0.015252775666666668,0.181585119,0.3355213516666667,0.0,384.0
0.605850148113256,0.0,0.17534313959999998,0.3884810272,0.0,384.0
0.5899266891051229,0.0,0.1737582245,0.39037897050000003,0.0,384.0
0.6892418362837704,0.11243857500000001,0.1604106905,0.377963913,0.0,384.0
0.78723299086287,0.3712063206666667,0.18404004566666665,0.433229653,0.0,384.0
0.7993315633925171,0.5155812774999999,0.19960639000000002,0.40550854950000004,0.0,384.0
0.7931741622862383,0.513556387,0.2218229135,0.4232086115,0.0,384.0
0.7809187018178183,0.4685097345,0.2412318345,0.43200165300000004,0.0,384.0
0.7770753570081042,0.376173249,0.222821823,0.416761157,0.0,384.0
0.7754359710250045,0.224359254,0.167572489,0.37391322849999997,0.0,384.0
0.7679501576355543,0.028927078,0.131633678,0.33197261850000004,0.0,384.0
0.6910856311893452,0.0,0.118574442,0.2722904675,0.0,384.0
0.5655305049666445,0.0,0.13886877674999998,0.22203251075,0.0,384.0
0.5462171326118976,0.0,0.178675782,0.19461808149999998,0.0,384.0
0.5566057681640335,0.134616663,0.186465016,0.22094084949999998,0.0,384.0
0.6417190083119657,0.348040216,0.20225770799999998,0.262942806,0.0,384.0
0.6788846603518983,0.38373878725,0.324896287,0.36909259225,0.0,384.0
0.6701308047537299,0.2469133455,0.416517585,0.485079094,0.0,384.0
0.669517689591183,0.11431818699999999,0.41359362600000005,0.559423751,0.0,384.0
0.6709558415204422,0.036859011,0.408604957,0.63625339,0.0,384.0
0.6640790849987462,0.00117507575,0.39015945975,0.6724290595,0.0,384.0
0.556766583910759,0.0,0.312459509,0.6247574148333334,0.0,384.0
0.5546695398582739,0.0312973325,0.288261883,0.5617418439999999,0.0,384.0
0.6404681604068939,0.11043336499999999,0.30745701150000004,0.5121236845,0.0,384.0
0.6790352503860182,0.23296741075,0.243055621,0.37788850549999997,0.0,384.0
0.6701771555955983,0.2350987635,0.20383591750000002,0.301762117,0.0,384.0
0.6697213830008848,0.16779321600000002,0.177080067,0.232441487,0.0,384.0
0.6705377556460995,0.04909312975,0.15839641275,0.17938363375,0.0,384.0
0.6097827462665999,0.0,0.12291551657142856,0.16838763085714284,0.0,384.0
0.6588953990830235,0.031272892000000004,0.11617061733333334,0.20016219366666665,0.0,384.0
0.7808083808682091,0.17638129,0.12734402050000002,0.2344676545,0.0,384.0
0.7974491166947649,0.3015909106666667,0.1451660916666667,0.29669950333333334,0.0,384.0
0.7924073267886649,0.333119296,0.2090344485,0.3676987465,0.0,384.0
0.7824447705909647,0.27516291,0.2461645435,0.36454,0.0,384.0
0.7766891666135838,0.17735555549999998,0.214387019,0.3316250245,0.0,384.0
0.7682199900032951,0.020093195666666664,0.18204761433333336,0.28693700066666666,0.0,384.0
0.6741031703129737,0.0,0.187055003,0.326577894,0.0,384.0
0.5792716198146886,0.0,0.23796369675,0.35346681825000004,0.0,384.0
0.6271219449124985,0.016837473,0.25777119550000005,0.3381004965,0.0,384.0
0.7460804545306794,0.1178231305,0.3423971525,0.3670052605,0.0,384.0
0.7962915594017103,0.22750285766666667,0.44208579200000003,0.45100118066666667,0.0,384.0
0.797346904777458,0.2160242705,0.510515396,0.5333129245,0.0,384.0
0.7882019844720851,0.20481899650000002,0.5698514815,0.584705331,0.0,384.0
0.7805474921852129,0.16989137799999998,0.535079997,0.6003935615,0.0,384.0
0.7762917967031004,0.076603534,0.47158071349999997,0.6105969904999999,0.0,384.0
0.7658559829890177,0.0031975025,0.4627810965,0.6012373504999999,0.0,384.0
0.6269924396421542,0.0,0.489358377,0.6162112306666666,0.0,384.0
0.5894326150522868,0.0,0.5010147075,0.6547276075,0.0,384.0
0.6899849485923324,0.034101141,0.534554261,0.6835419875,0.0,384.0
0.7890892920374398,0.18230041100000002,0.6618530536666667,0.6951486096666667,0.0,384.0
0.7982095946616212,0.350161374,0.7406549365,0.7550184185,0.0,384.0
0.7840181964717269,0.296771991,0.7268601015,0.812740518,0.0,384.0
0.7777741306689137,0.176816725,0.681779584,0.8172859305,0.0,384.0
0.7684997498745977,0.024385947666666668,0.6524709636666667,0.8093440876666667,0.0,384.0
0.7018013165370518,0.0,0.5814597024999999,0.8033486105,0.0,384.0
0.5876396026738894,0.0,0.5827462564,0.7765335452000001,0.0,384.0
0.6266728801488193,0.0119506625,0.5523442005000001,0.7327510195,0.0,384.0
0.7225651049083675,0.082342818,0.532150781,0.751090543,0.0,384.0
0.7812528843391735,0.2003322165,0.563143509,0.7654898925,0.0,384.0
0.7972317840308762,0.3881663613333333,0.5346210216666667,0.6811221999999999,0.0,384.0
0.7905958188234323,0.5455823435,0.557496945,0.6276764255,0.0,384.0
0.7807373676424698,0.4817383825,0.584473794,0.618343715,0.0,384.0
0.7771177502627254,0.33815203,0.553560086,0.590805242,0.0,384.0
0.7742807987295428,0.1756634475,0.4918365985,0.571380487,0.0,384.0
0.76661128107929,0.0089316585,0.460024384,0.559504284,0.0,384.0
0.6520211020408946,0.0,0.46374944175,0.56957839925,0.0,384.0
0.578321385687688,0.0,0.450466338,0.5212931436666667,0.0,384.0
0.6588617408781511,0.04648088,0.44702129366666665,0.4828396716666667,0.0,384.0
0.7818514882360218,0.20810456900000002,0.5376392139999999,0.523499297,0.0,384.0
0.7962236391965298,0.25514722474999996,0.69170902475,0.61934624475,0.0,384.0
0.785363736122608,0.153311504,0.7624364695,0.732681487,0.0,384.0
0.7779325241714361,0.0904238135,0.7596396145,0.760221606,0.0,384.0
0.7699254253478938,0.02180363475,0.7008961014999999,0.7361945735000001,0.0,384.0
0.6640024037094263,0.0,0.6887049853333332,0.7627698246666667,0.0,384.0
0.5483518670621813,0.0,0.6879504015,0.748823547,0.0,384.0
0.5425389785410987,0.00969401,0.6434597479999999,0.7228449594999999,0.0,384.0
0.5684665865638107,0.063885143,0.642348859,0.719767815,0.0,384.0
0.6405404034455153,0.1708146565,0.716459298,0.741001833,0.0,384.0
0.6799141173432723,0.3006307965,0.65470778425,0.6959447187500001,0.0,384.0
0.6725004686193689,0.28559960766666664,0.603188979,0.6771065446666666,0.0,384.0
0.672567255974309,0.134573874,0.4546711955,0.5976469040000001,0.0,384.0
0.6711132064452383,0.011475903,0.4095539753333333,0.568437377,0.0,384.0
0.5897361141461227,0.0,0.42996291614285703,0.6662438352857143,0.0,384.0
0.5426220434742481,0.0053257925,0.45285133,0.7346147949999999,0.0,384.0
0.592249174808815,0.0526141985,0.46479536099999996,0.7510804775,0.0,384.0
0.6728970560136669,0.147097166,0.4013929675,0.7031753325,0.0,384.0
0.680100895990083,0.2658188753333333,0.3650604446666666,0.6388290733333334,0.0,384.0
0.6727490819803443,0.2940853905,0.308906535,0.5616280535,0.0,384.0
0.6722560811291922,0.2136996085,0.2307338455,0.4803726395,0.0,384.0
0.6725940200926062,0.127302528,0.16392315,0.418480554,0.0,384.0
0.6709979962932976,0.017427738,0.12333582333333333,0.3334461576666667,0.0,384.0
0.6537744869863575,0.0,0.08390482700000002,0.21864500966666667,0.0,384.0
0.5819842422654369,0.0,0.07572966725,0.15601175575000004,0.0,384.0
0.627821970720661,0.0103896415,0.070480812,0.1107902005,0.0,384.0
0.7249726678742765,0.042466805,0.071312012,0.099732443,0.0,384.0
0.7842176864800519,0.107953655,0.07026343,0.089941015,0.0,384.0
0.7989500014290756,0.20805377025000002,0.0746326655,0.11033500125000001,0.0,384.0
0.7884168576001773,0.2254830155,0.09142892650000001,0.1623259615,0.0,384.0
0.7808844920212432,0.16532304650000001,0.0838062565,0.1804039215,0.0,384.0
0.7774681656933484,0.087717018,0.079961138,0.186804667,0.0,384.0
0.7694297786491741,0.014590711000000001,0.07518013833333333,0.1723629666666667,0.0,384.0
0.6537895348079144,0.0,0.05013864925,0.13187604725000002,0.0,384.0
0.5778045274382726,0.0,0.049611507666666665,0.08490115833333334,0.0,384.0
0.6273738003479481,0.008064228,0.080011824,0.082975567,0.0,384.0
0.723102131252351,0.062126895,0.11385448,0.109665695,0.0,384.0
0.7814536710963174,0.151209894,0.15580048600000002,0.16076553799999999,0.0,384.0
0.7987950065784875,0.27266159175,0.28457192175,0.2639860125,0.0,384.0
0.7890995176713238,0.2906697916666667,0.42020062333333336,0.36301543266666664,0.0,384.0
0.7818272506794255,0.1810765445,0.4360595055,0.4564096105,0.0,384.0
0.7700688082529772,0.03088896266666667,0.508013081,0.5340815496666668,0.0,384.0
0.7038059644359618,0.0,0.541502729,0.571000157,0.0,384.0
0.5900509175137495,0.0,0.48982157475000004,0.50828114225,0.0,384.0
0.5893517189919275,0.0,0.396761517,0.467925484,0.0,384.0
0.6897050320873397,0.032617353,0.35726055300000004,0.4641414995,0.0,384.0
0.7817049004243526,0.1300999175,0.34622944099999997,0.46202145650000004,0.0,384.0
0.7969743536258787,0.271746803,0.30939485575000003,0.41265116275,0.0,384.0
0.7857025991888068,0.3036311756666667,0.2948113153333333,0.38933019966666665,0.0,384.0
0.7771026800279762,0.180876251,0.2633782845,0.3745719595,0.0,384.0
0.7682610118809267,0.018456853333333332,0.21959360433333333,0.3327978546666667,0.0,384.0
0.7012529988023241,0.0,0.2079815455,0.29546527,0.0,384.0
0.5874955728136364,0.0,0.269081232,0.31076475459999997,0.0,384.0
0.6271471885324151,0.0048334685,0.3224437575,0.39026355349999997,0.0,384.0
0.7229942251246131,0.066168043,0.318497926,0.439202576,0.0,384.0
0.7822366052939067,0.17435611,0.3503777065,0.47919263199999995,0.0,384.0
0.7962384634484599,0.39445769475,0.4528805075,0.55759780225,0.0,384.0
0.785363736122608,0.4330242945,0.5718797440000001,0.641505632,0.0,384.0
0.7778583358746352,0.3009828375,0.6019186065,0.6739893690000001,0.0,384.0
0.7755390028400582,0.1401361775,0.5846926610000001,0.7274968405,0.0,384.0
0.7335658047220993,0.001029798,0.573449925,0.803001108,0.0,384.0
0.5903160768039621,0.0,0.586762199,0.820558004,0.0,384.0
0.5899744486380668,0.0,0.5562293805,0.801456882,0.0,384.0
0.6892136188054563,0.08747381700000001,0.5243716199999999,0.7710916285,0.0,384.0
0.7855583069468801,0.326974527,0.560847042,0.7499755925,0.0,384.0
0.7975490554217841,0.51507334625,0.5643151,0.74057572875,0.0,384.0
0.7882183961920703,0.5106404815,0.594798135,0.8011727795,0.0,384.0
0.7865022284145322,0.360351894,0.5863995925,0.7877473355,0.0,384.0
0.7889423464693842,0.208902962,0.504294249,0.758513742,0.0,384.0
0.7767611339013377,0.033034897333333334,0.44018319866666666,0.730169951,0.0,384.0
0.6617831062520508,0.0,0.41488745,0.7007616753333333,0.0,384.0
0.55131061432129,0.0,0.3786221396,0.6623928036,0.0,384.0
0.55896418530787,0.1114001375,0.288556919,0.5481324625,0.0,384.0
0.6503795807879245,0.4315193125,0.2499316885,0.4295793395,0.0,384.0
0.6817655255368694,0.6329485539999999,0.16011657375000002,0.26252426425000003,0.0,384.0
0.6698942504550204,0.5191120886666667,0.12142953699999999,0.18647022333333332,0.0,384.0
0.6731411974872863,0.22655144700000002,0.087890654,0.118740276,0.0,384.0
0.6849223421497787,0.02654192666666667,0.08243251466666666,0.083108585,0.0,384.0
0.6630707128273776,0.0,0.1680489705,0.1537571525,0.0,384.0
0.5646434545513441,0.0,0.28111794375,0.2963415915,0.0,384.0
0.5440457736106431,0.0,0.406325372,0.49033454349999994,0.0,384.0
0.5554997192886981,0.0144311575,0.49292132749999995,0.6653342470000001,0.0,384.0
0.6485782240083398,0.0603063,0.559498769,0.81797793,0.0,384.0
0.6886059370258577,0.079769466,0.67793003175,0.8691273905,0.0,384.0
0.6766009457374962,0.093071739,0.695973352,0.853355038,0.0,384.0
0.6719078123043644,0.086879661,0.631720829,0.825634994,0.0,384.0
0.6711624641196001,0.0598519475,0.5811986845,0.8414806525,0.0,384.0
0.6693150067521808,0.0048066116,0.5783823704000001,0.8344755482,0.0,384.0
0.5889805094267977,0.0,0.6212179099999999,0.83507779325,0.0,384.0
0.5896019869255841,0.0,0.5731292785,0.8295467910000001,0.0,384.0
0.6888026990911285,0.049432584,0.5548565465,0.794108058,0.0,384.0
0.7822048997245616,0.228529526,0.6292130730000001,0.787250765,0.0,384.0
0.7976487556220537,0.2936815195,0.597433246,0.7236487855,0.0,384.0
0.7926713457388299,0.2973727493333333,0.5492977116666666,0.687575694,0.0,384.0
0.7808460340193981,0.25137902,0.4423766965,0.5798500289999999,0.0,384.0
0.775877701917711,0.1555770385,0.293384154,0.427374644,0.0,384.0
0.76916063199242,0.019515424666666666,0.18816570733333335,0.2915707916666667,0.0,384.0
0.6738240364366259,0.0,0.199237195,0.25835542166666664,0.0,384.0
0.579782351570329,0.0,0.215122106,0.2158957825,0.0,384.0
0.6267745704111614,0.005330139,0.2662918435,0.2173357585,0.0,384.0
0.7227448739163937,0.109768403,0.319006805,0.263662322,0.0,384.0
0.7817150068735832,0.2659664365,0.394236911,0.312404723,0.0,384.0
0.7962245783239134,0.354346881,0.45994563675,0.37969431875000004,0.0,384.0
0.7851874104691954,0.2887223455,0.3992511065,0.34006536899999995,0.0,384.0
0.7777425145724031,0.17800316249999998,0.3112276805,0.2905109285,0.0,384.0
0.7747845096679177,0.074695477,0.253720713,0.289847343,0.0,384.0
0.7693578114513878,0.007953381333333334,0.23226138066666668,0.33108603466666664,0.0,384.0
0.6267230917502443,0.0,0.22319605466666667,0.320749419,0.0,384.0
0.5895310407707328,0.0,0.229189267,0.331489085,0.0,384.0
0.688650968683223,0.0525905865,0.24773235,0.37113443999999995,0.0,384.0
0.7722335786978183,0.217676154,0.260981341,0.379235264,0.0,384.0
0.7975684856691085,0.3766426845,0.333532106,0.3903835165,0.0,384.0
0.7971426746657007,0.50223137,0.3409002675,0.404425982,0.0,384.0
0.7906195196779731,0.516946529,0.380097043,0.411873791,0.0,384.0
0.7806717653639945,0.448784022,0.381883294,0.40066102800000003,0.0,384.0
0.7769708941675043,0.323830907,0.343403591,0.400645759,0.0,384.0
0.7757762800063968,0.13415056649999998,0.28634189649999997,0.35383030849999997,0.0,384.0
0.7670785910138289,0.0,0.223550528,0.31378140099999996,0.0,384.0
0.6994558678260627,0.0,0.17505926100000002,0.241280071,0.0,384.0
0.5888278667738444,0.0,0.1135268384,0.1570937986,0.0,384.0
0.627982846048467,0.0053925015,0.076534408,0.1040089025,0.0,384.0
0.7504202658131545,0.1956100705,0.04575051,0.0715695955,0.0,384.0
0.7978972572431997,0.402066369,0.03253283,0.05131106,0.0,384.0
0.7945666475506673,0.5127714142,0.041896078,0.035060833799999996,0.0,384.0
0.780768357631566,0.2945375895,0.0445922035,0.036211409,0.0,384.0
0.7765103814693584,0.1734333555,0.051311626,0.047234564,0.0,384.0
0.7707381570920125,0.020213674666666667,0.09519627733333334,0.07376015333333334,0.0,384.0
0.6200791655072934,0.0,0.15808586885714287,0.12200594085714286,0.0,384.0
0.6275495446978394,0.0047594695,0.2457841705,0.22123565150000002,0.0,384.0
0.7463179105752111,0.2110870815,0.2690532175,0.2745580285,0.0,384.0
0.7954059809697318,0.493549324,0.33118161150000003,0.3078913215,0.0,384.0
0.7942683607343032,0.5918173677499999,0.42165736750000005,0.326985156,0.0,384.0
0.7813738035687003,0.3498960835,0.386946246,0.32934228249999997,0.0,384.0
0.7761225813060499,0.181727597,0.35354089850000003,0.332252477,0.0,384.0
0.7689036189586277,0.01839803233333333,0.3522634903333333,0.3593133083333333,0.0,384.0
0.6659053016974377,0.0,0.32413208600000004,0.377209742,0.0,513.6666666666666
0.5530249665695112,0.0,0.22809803839999993,0.3279584498,0.0,773.0
0.5606945065947202,0.034595930999999996,0.161234372,0.2779500825,0.0,773.0
0.646165317098579,0.161343795,0.131394279,0.247847247,0.0,773.0
0.6815481347606219,0.32975116239999996,0.1316786572,0.198915004,0.0,773.0
0.6734466929666355,0.2266124255,0.14375860499999998,0.1988721395,0.0,773.0
0.6752893922685799,0.1064649495,0.1119365025,0.2098213015,0.0,773.0
0.6601959144876252,0.005659647,0.18885480000000002,0.31499429100000004,0.0,773.0
0.5526105587641523,0.0,0.3277675342,0.45795350560000003,0.0,773.0
0.5605146929177522,0.0444225055,0.372663417,0.47852202099999996,0.0,773.0
0.6454148710539958,0.21254477100000002,0.412347693,0.46026955999999997,0.0,773.0
0.6839085851105206,0.38141882,0.43162001166666664,0.4217335976666667,0.0,773.0
0.6787991806643532,0.43252166550000004,0.41575635850000003,0.43195697099999997,0.0,773.0
0.6740523624509045,0.30358536150000004,0.339460861,0.4115546755,0.0,773.0
0.6748675835213603,0.1406989495,0.284524657,0.37742834150000004,0.0,773.0
0.6657684327993183,0.003561062833333333,0.22680686549999998,0.2723801346666667,0.0,773.0
0.5858916018518335,0.0,0.19983659925,0.24931538125,0.0,773.0
0.6362346900848346,0.001739079,0.1868211075,0.33215402299999996,0.0,773.0
0.7328577295639289,0.090193405,0.174975217,0.345680307,0.0,773.0
0.7896333391649513,0.264399995,0.17385181,0.3432383615,0.0,773.0
0.8021447245533407,0.45370646100000006,0.18925020333333334,0.33194394033333335,0.0,773.0
0.7930861261452385,0.42031095766666665,0.21846207399999998,0.36125063900000004,0.0,773.0
0.7853901648189894,0.262206965,0.2412220285,0.386152646,0.0,773.0
0.7810779002047348,0.04858712225,0.23988540325000002,0.3769618025,0.0,773.0
0.679703123564304,0.0,0.197119774,0.356772821,0.0,773.0
0.5863977164111064,0.0,0.15095487575,0.35026543025,0.0,773.0
0.6367903640924815,0.001461019,0.1255319545,0.3286934285,0.0,773.0
0.7591405378571134,0.1300903495,0.125564165,0.3340696905,0.0,773.0
0.8057509710524178,0.32578998550000005,0.10982915700000001,0.3135162025,0.0,773.0
0.8002552272252909,0.44142600675,0.10962316374999999,0.27935809025,0.0,773.0
0.7882705828759531,0.283772618,0.1215954525,0.2966600905,0.0,773.0
0.7866055284456623,0.126734921,0.12771293099999997,0.3279859555,0.0,773.0
0.7714495824320424,0.0091777495,0.14512774275,0.35842243825,0.0,773.0
0.6067473909013975,0.0,0.13714924385714286,0.3625050805714286,0.0,773.0
0.6993688453056662,0.0442924155,0.13887614250000002,0.3367158595,0.0,773.0
0.7808698243467734,0.17565785,0.132070924,0.329461487,0.0,773.0
0.8034245277614787,0.33111513400000003,0.1398939125,0.305326419,0.0,773.0
0.8015138337836261,0.37882638766666665,0.20192667933333333,0.28971199233333333,0.0,773.0
0.7890121672188188,0.20705601733333334,0.24517638933333333,0.2851460516666666,0.0,773.0
0.7848737537987951,0.1008092655,0.24079463099999998,0.30301360850000003,0.0,773.0
0.7797893023095376,0.0068270679999999995,0.23234495366666666,0.32910077033333335,0.0,773.0
0.6265365329474355,0.0,0.18814168799999997,0.30621826114285716,0.0,773.0
0.6366787016576364,0.001325454,0.173510964,0.28298181099999997,0.0,773.0
0.7587585958028145,0.13639698349999999,0.1766599265,0.264459998,0.0,773.0
0.8050728127153977,0.273419563,0.211384698,0.276011346,0.0,773.0
0.8028262144826532,0.35771055399999996,0.22211900425,0.26180635524999996,0.0,773.0
0.7934534750182873,0.29748153,0.280908632,0.378246952,0.0,773.0
0.790522569654015,0.2091993205,0.3021857215,0.44663791799999997,0.0,773.0
0.7876252479451655,0.035662445,0.28843396325000004,0.47332341800000005,0.0,773.0
0.6325174891064022,0.0,0.28477989983333335,0.4750343573333333,0.0,773.0
0.5990964953415014,0.0,0.30138904850000003,0.5204589095,0.0,773.0
0.7043319676727533,0.061971682,0.280737167,0.5018440035,0.0,773.0
0.8024456811194296,0.3156038095,0.287181228,0.461733436,0.0,773.0
0.8051628089255024,0.3771096875,0.31221346800000005,0.44725086974999995,0.0,773.0
0.7928632782615715,0.30287312499999997,0.3475958435,0.5129957325000001,0.0,773.0
0.7882551102158757,0.20668870150000002,0.3152605295,0.4678575245,0.0,773.0
0.7866320466486161,0.029873604999999998,0.27041898900000005,0.38332410650000004,0.0,773.0
0.667804026040875,0.0,0.316998904,0.392344831,0.0,773.0
0.5537122118107884,0.0,0.3285830166,0.3786572164,0.0,773.0
0.5611783847929668,0.0215241465,0.273134675,0.4432384685,0.0,773.0
0.653995084104175,0.114165571,0.270680961,0.4995172925,0.0,773.0
0.6832347256800431,0.200224947,0.32339931580000003,0.514166087,0.0,773.0
0.6740534580545348,0.1458063635,0.392899866,0.5073402810000001,0.0,773.0
0.6776328734543944,0.103663562,0.383002413,0.497584585,0.0,773.0
0.6801862862497773,0.01737832425,0.3866877755,0.5431776879999999,0.0,773.0
0.5922149905855463,0.0,0.43733207957142856,0.6224867641428572,0.0,773.0
0.5480815428412616,0.0,0.509961136,0.6544111485,0.0,773.0
0.597954984522238,0.0756807075,0.5599301385,0.68921929,0.0,773.0
0.6799906644683245,0.33264921633333333,0.6265181006666668,0.73022446,0.0,773.0
0.6792345167684868,0.469298145,0.7006707753333333,0.7740119123333334,0.0,773.0
0.6729287839174827,0.37409399099999996,0.727972286,0.7830096735000001,0.0,773.0
0.6769830218660955,0.1938671145,0.6910142045000001,0.7666233905,0.0,773.0
0.6815970629329398,0.007125119333333333,0.6516042493333333,0.7218533643333332,0.0,773.0
0.6162776326679581,0.0,0.6384239927142856,0.6540766138571429,0.0,773.0
0.6682865104376932,0.020054657666666666,0.5712781696666666,0.5899750983333333,0.0,773.0
0.7918068447045252,0.15138414649999998,0.560888865,0.614857034,0.0,773.0
0.8042713201920278,0.1898482405,0.615743903,0.6384286935,0.0,773.0
0.7986419719432019,0.17527624099999997,0.6734044686666666,0.725138218,0.0,773.0
0.7875126016802574,0.1337448905,0.6766763545,0.7634159954999999,0.0,773.0
0.7852569926693884,0.06304013,0.6553447485,0.7692257135,0.0,773.0
0.7838448222747654,0.0010880975,0.6979528669999999,0.8261608444999999,0.0,773.0
0.7023123613463994,0.0,0.75387692775,0.8884107992499999,0.0,773.0
0.5894382495601809,0.0,0.7569847666,0.8764074087999999,0.0,773.0
0.6984340689603419,0.0216866275,0.6967654025000001,0.8124948495,0.0,773.0
0.7883438767817876,0.159655757,0.6813932890000001,0.789513364,0.0,773.0
0.8027989584661934,0.31773131,0.6772553075000001,0.7257633400000001,0.0,773.0
0.7958701382351555,0.35731631750000004,0.69532486925,0.7004037585,0.0,773.0
0.7855350533215604,0.18793236400000002,0.632000192,0.6649768094999999,0.0,773.0
0.7809050402404065,0.01579935025,0.54392824875,0.63248748175,0.0,773.0
0.707573846534527,0.0,0.5208676155,0.603029154,0.0,773.0
0.5959669124218272,0.0,0.47675648266666665,0.5807585693333334,0.0,773.0
0.7005971550307157,0.0395663865,0.399636414,0.48190709249999997,0.0,773.0
0.8022628712495934,0.29161827,0.3898326875,0.42812625400000004,0.0,773.0
0.8065084156472715,0.530726453,0.4185413845,0.39962885275000004,0.0,773.0
0.7946452271957782,0.44976844149999995,0.420269452,0.362980594,0.0,773.0
0.7896136629685456,0.301670003,0.38332325899999997,0.331864437,0.0,773.0
0.7875081745293184,0.038841498,0.349563878,0.372239454,0.0,773.0
0.6772924153291194,0.0,0.44283462200000007,0.43570876833333333,0.0,773.0
0.5883068676123373,0.0,0.5053647505000001,0.45534603625,0.0,773.0
0.6406787629952455,0.0,0.4963985395,0.49317889000000004,0.0,773.0
0.7654759191220102,0.15579686650000002,0.470892365,0.4914603425,0.0,773.0
0.807148831461482,0.336534256,0.497548488,0.490490439,0.0,773.0
0.8012070458918993,0.419226688,0.5805263322,0.4826974718,0.0,773.0
0.7883652970237089,0.2490119085,0.574198424,0.520313726,0.0,773.0
0.7883354696416552,0.104504697,0.5072475385,0.5233254515,0.0,773.0
0.7522485881126324,0.0009823638,0.45891417259999995,0.5111422776,0.0,773.0
0.5943357114712076,0.0,0.5392414362,0.5663399422,0.0,773.0
0.6367428952450362,0.0,0.554429029,0.614582434,0.0,773.0
0.7595402331841095,0.065529819,0.5310589095,0.6295170635,0.0,773.0
0.8065305513682279,0.21487919449999998,0.515366667,0.6279030885000001,0.0,773.0
0.8040613661130371,0.333551376,0.516692398,0.633243702,0.0,773.0
0.7948604133888236,0.3573673943333333,0.5540214703333334,0.6557220659999999,0.0,773.0
0.7875126911530919,0.2720331775,0.5072858554999999,0.6670908455,0.0,773.0
0.7837959671381912,0.0346162935,0.395971598,0.64475711425,0.0,773.0
0.6251531881707145,0.0,0.31130046019999996,0.5368574716,0.0,773.0
0.5488808552571302,0.0,0.25315879775,0.36056938575,0.0,773.0
0.5753965023984791,0.071429717,0.221474427,0.318652553,0.0,773.0
0.6523802264306459,0.22011407700000002,0.2276690425,0.3023237595,0.0,773.0
0.685254154563188,0.370774301,0.269963401,0.2619373626666667,0.0,773.0
0.6763480169654112,0.25309111133333334,0.405159832,0.36757495233333337,0.0,773.0
0.6752626057483362,0.1191702665,0.4150708505,0.440538938,0.0,773.0
0.680121090931,0.0070113996,0.5386355992,0.5783932548,0.0,773.0
0.5955590484364646,0.0,0.75720332875,0.7256536495,0.0,773.0
0.5482014335830298,0.0,0.7593640736666667,0.7820973749999999,0.0,773.0
0.5603693796553824,0.0112322815,0.708354185,0.817189221,0.0,773.0
0.6478123052362035,0.12146258499999998,0.6810392555,0.7988272995000001,0.0,773.0
0.6829886925982068,0.329144879,0.6732503360000001,0.6983620589999999,0.0,773.0
0.6732480304133404,0.28229696,0.6282452075,0.5988878495,0.0,773.0
0.6722506255129868,0.21124221,0.550293105,0.533113982,0.0,773.0
0.6762850754578886,0.129592349,0.43372639749999997,0.4891653625,0.0,773.0
0.6764025849019835,0.0010416405,0.36322338625,0.48761870875,0.0,773.0
0.6172064551031778,0.0,0.34456004725,0.44678672750000004,0.0,773.0
0.5837233619167744,0.0,0.320209337,0.3656132265,0.0,773.0
0.6358145583122425,0.0,0.344355016,0.415590946,0.0,773.0
0.7547842253143429,0.047519853,0.4378360715,0.52751751,0.0,773.0
0.8006122609466377,0.121316067,0.563682134,0.6245872690000001,0.0,773.0
0.801023389318453,0.22534102899999997,0.6755703523333333,0.7230051053333333,0.0,773.0
0.7909827245957743,0.275821127,0.713908947,0.7535497485,0.0,773.0
0.7840524510047193,0.220587666,0.7390481044999999,0.7716661955,0.0,773.0
0.7822054810955587,0.044880232,0.784711683,0.8427579735,0.0,773.0
0.7414606038024089,0.0,0.7333910137499999,0.86476526025,0.0,773.0
0.5956645919460638,0.0,0.5666214725000001,0.8243835478333333,0.0,773.0
0.6983899763291466,0.0048958585,0.528660251,0.784602227,0.0,773.0
0.788252248232259,0.066434596,0.53384449,0.784188457,0.0,773.0
0.8025009980704811,0.2209828415,0.5940231845,0.7954908335,0.0,773.0
0.7999875860423188,0.387723811,0.7051222095,0.8218616315,0.0,773.0
0.7895605371572794,0.37281554,0.783075827,0.8409908705,0.0,773.0
0.7835981988409109,0.299884498,0.800534972,0.871553405,0.0,773.0
0.7837793094691246,0.1703371505,0.8137037899999999,0.893005154,0.0,773.0
0.7778690534741571,0.0011033136666666666,0.8325808473333334,0.895234173,0.0,773.0
0.6799801705059049,0.0,0.8397745999999998,0.9009434399999999,0.0,773.0
0.5852433154983326,0.0,0.8156367107500001,0.89639219225,0.0,773.0
0.635621329040682,0.0,0.822075595,0.8986646119999999,0.0,773.0
0.7548157072016016,0.0849471095,0.7955749830000001,0.844900044,0.0,773.0
0.8007336273379096,0.2460743365,0.8103759715000001,0.7720227879999999,0.0,773.0
0.7989577377928521,0.3922048855,0.882828705,0.83591625375,0.0,773.0
0.7878075658831014,0.3419570195,0.924413903,0.9004354045,0.0,773.0
0.7865075945579033,0.200046266,0.909546956,0.916463365,0.0,773.0
0.7868313278307641,0.03433167733333333,0.8716900893333334,0.8992021106666667,0.0,773.0
0.7566214017942421,0.0,0.7934989215,0.866901441,0.0,773.0
0.6299883063103325,0.0,0.7100164896666668,0.832484524,0.0,773.0
0.5893744136819346,0.0,0.59208764725,0.71134069825,0.0,773.0
0.6991412944302253,0.018617134,0.5047929615,0.6324135335,0.0,773.0
0.794536873906295,0.1478764455,0.46324679550000003,0.586845747,0.0,773.0
0.804495745240204,0.220905226,0.455574974,0.5484707574,0.0,773.0
0.7902333294184042,0.131063487,0.4164646215,0.6065705925,0.0,773.0
0.7891637933542102,0.065905326,0.418978304,0.623519328,0.0,773.0
0.7827476947721959,0.0045243655,0.45743951475,0.6872417132499999,0.0,773.0
0.67985965374669,0.0,0.5490144113333334,0.7883422526666667,0.0,773.0
0.5863828474564968,0.0,0.6964574140000002,0.8547833422500001,0.0,773.0
0.6361093436368932,0.0,0.757956724,0.894190578,0.0,773.0
0.7657381716921888,0.12444350200000001,0.787957078,0.895545201,0.0,773.0
0.8175072819426534,0.3546714015,0.8117577455,0.9117676889999999,0.0,773.0
0.8097392341664893,0.49238678799999996,0.795417166,0.917599392,0.0,773.0
0.7959808839895474,0.42785662966666665,0.7887296273333333,0.9066046986666666,0.0,773.0
0.7963605006498258,0.21039753900000002,0.7026678795,0.8851328895,0.0,773.0
0.7751521865068128,0.00036062,0.61387587675,0.8378887852499999,0.0,773.0
0.5813180796534526,0.0,0.49591487883333335,0.7045997693333333,0.0,773.0
0.5501861816259397,0.0,0.377620462,0.5299104925,0.0,773.0
0.6064712275996278,0.0524679445,0.329708713,0.4547591955,0.0,773.0
0.7036660621208559,0.1699255415,0.338213021,0.40762423049999996,0.0,773.0
0.7080555558824755,0.273196264,0.3048647523333334,0.37839542500000006,0.0,773.0
0.7070228680288466,0.24893665399999998,0.2740153275,0.38792232449999997,0.0,773.0
0.7166440419759948,0.195994144,0.25327859,0.386896714,0.0,773.0
0.7226458220905335,0.12021554300000001,0.227206623,0.3523546365,0.0,773.0
0.7007244913720401,0.0,0.22043505525,0.33055941725000004,0.0,773.0
0.577918168194411,0.0,0.23174047628571431,0.3645244577142857,0.0,773.0
0.5727540770881028,0.009634209,0.3330785015,0.540054303,0.0,773.0
0.6712621419853989,0.21858025849999999,0.3767213895,0.647595544,0.0,773.0
0.7138977053942295,0.5116451796666667,0.48223139499999995,0.7705875023333334,0.0,773.0
0.7042079180411065,0.5541450080000001,0.58634902,0.826166052,0.0,773.0
0.6998975092459347,0.458149902,0.6098452415,0.8517427495000001,0.0,773.0
0.7169854688954882,0.22638997849999998,0.5412879774999999,0.8428525309999999,0.0,773.0
0.7119964917806851,0.0,0.4502551563333333,0.7699779206666667,0.0,773.0
0.6261601487832887,0.0,0.3377202425714286,0.5615375231428572,0.0,773.0
0.6648150310798175,0.0,0.265351285,0.457976559,0.0,773.0
0.782491322712973,0.175866195,0.22257928100000002,0.381061652,0.0,773.0
0.8204385897997297,0.525943293,0.1890356225,0.30492918199999997,0.0,773.0
0.8078584271180331,0.6306458505,0.22295699025,0.2571543445,0.0,773.0
0.7955400921792406,0.3951346985,0.208856074,0.23999884300000002,0.0,773.0
0.7976411087985874,0.229153117,0.173694058,0.220250284,0.0,773.0
0.8054873843968428,0.03653334066666667,0.17132155666666668,0.19833548499999998,0.0,773.0
0.7043281889299617,0.0,0.24027362475,0.20366566825,0.0,773.0
0.6040823346993285,0.0,0.3250696235,0.262153277,0.0,773.0
0.6652385167341888,0.0,0.410308044,0.347385968,0.0,773.0
0.7817476515028361,0.115149243,0.500301999,0.413923116,0.0,773.0
0.8167606145396483,0.3452668625,0.5704274460000001,0.461991887,0.0,773.0
0.8073273483221552,0.43167394449999996,0.6612707645,0.5277708985,0.0,773.0
0.7989346405763034,0.4184846745,0.7168658914999999,0.5706905875,0.0,773.0
0.7903376133133351,0.3229765605,0.726552461,0.5936883799999999,0.0,773.0
0.7912193310532327,0.158969805,0.710280358,0.601128141,0.0,773.0
0.7975176853193388,0.016246567666666666,0.7401774833333334,0.6329679923333335,0.0,773.0
0.7535156688055156,0.0,0.7505392550000001,0.6618140035,0.0,773.0
0.6074338861138101,0.0,0.7423804483333334,0.6546114328333333,0.0,773.0
0.636238424057471,0.0,0.6921054965,0.642393148,0.0,773.0
0.7603238381580546,0.078752249,0.615482707,0.618729531,0.0,773.0
0.8040011301128842,0.2473659365,0.5367138135,0.567732683,0.0,773.0
0.7985737387068061,0.37036838974999997,0.50429263,0.5289367885,0.0,773.0
0.7856220757744812,0.2487031435,0.4022333385,0.4844983225,0.0,773.0
0.783660626183276,0.130049657,0.3420867,0.451974861,0.0,773.0
0.7731380045756383,0.008930561600000001,0.36270877760000003,0.42346140439999996,0.0,773.0
0.6180479931301857,0.0,0.42505163075,0.4154887355,0.0,773.0
0.5847521369645573,0.0,0.4521562055,0.4173593805,0.0,773.0
0.6367955738270815,0.0,0.4702287825,0.42635904150000004,0.0,773.0
0.7338916248734771,0.042939305,0.484417277,0.450169661,0.0,773.0
0.7952854641655331,0.282389006,0.45243154799999996,0.45630099199999996,0.0,773.0
0.8030128030615433,0.48684385350000003,0.40010133950000004,0.426372329,0.0,773.0
0.7973195517983562,0.5444096803333333,0.39014671466666667,0.40034024633333337,0.0,773.0
0.7859010307501437,0.38328772200000005,0.3910796985,0.410536767,0.0,773.0
0.7852926781604515,0.190090011,0.38489895,0.452768585,0.0,773.0
0.7842758877829286,0.0118420625,0.39394283924999995,0.5420254835,0.0,773.0
0.6784677855884111,0.0,0.3797006916666666,0.5952087636666666,0.0,773.0
0.5864729555751206,0.0,0.34153009275,0.60515623,0.0,773.0
0.6374695734316664,0.0,0.3250069585,0.59054534,0.0,773.0
0.7414168801285733,0.024190174,0.300521611,0.562948804,0.0,773.0
0.8069856083826925,0.315380741,0.25967727,0.5201784075,0.0,773.0
0.8119208486259056,0.5832594090000001,0.20928039333333334,0.3999195466666667,0.0,773.0
0.8025218370088809,0.547686307,0.188166824,0.36925708150000003,0.0,773.0
0.795242668418108,0.3865756135,0.18274967949999998,0.37192343,0.0,773.0
0.8043679571960167,0.160062031,0.169284481,0.3758024365,0.0,773.0
0.8039242139742426,0.0,0.1932270505,0.370202915,0.0,773.0
0.75338511269045,0.0,0.197961835,0.323999245,0.0,773.0
0.6078610945960745,0.0,0.21117226875,0.29276886199999996,0.0,773.0
0.5661531265278902,0.0,0.287269814,0.30886399999999997,0.0,773.0
0.5874787228791891,0.014036849,0.35459294750000003,0.33977703800000003,0.0,773.0
0.6755639871641915,0.3273488565,0.3634331725,0.337812848,0.0,773.0
0.7015044518124456,0.586061778,0.424959337,0.345400811,0.0,773.0
0.6890890326741811,0.5944933525,0.46259837400000003,0.357118778,0.0,773.0
0.6792146169349786,0.4754976325,0.477867304,0.379250914,0.0,773.0
0.6846860338001506,0.23837337050000001,0.4630889635,0.3865232615,0.0,773.0
0.7017208274768757,0.0059909174,0.4810450636,0.4489155034,0.0,773.0
0.5838097881990186,0.0,0.45216131249999997,0.4939794165,0.0,773.0
0.5689446737014441,0.007486270333333333,0.43552709333333334,0.5179666823333333,0.0,773.0
0.6675808128435383,0.1996221225,0.43903379249999996,0.546106178,0.0,773.0
0.7050532199774885,0.354249421,0.579495127,0.5874512873333333,0.0,773.0
0.6956474259237504,0.2947508935,0.6544227705,0.640977874,0.0,773.0
0.6988230764671101,0.26083437,0.6641957414999999,0.680823124,0.0,773.0
0.7117662652221525,0.17112226,0.642573012,0.71700193,0.0,773.0
0.7034945034532115,0.0110423418,0.5809049779999998,0.8006053353999999,0.0,773.0
0.6560967044289896,0.0,0.48381801750000003,0.7781536115,0.0,1168.5
0.5971218648025981,0.0,0.390646551,0.7080905254999998,0.0,1564.0
0.6834197804408408,0.0,0.3124931245,0.6464417925,0.0,1564.0
0.8137400034820803,0.1126473605,0.229243344,0.573570755,0.0,1564.0
0.8490709609348729,0.3682815215,0.187817455,0.476624229,0.0,1564.0
0.8315720368683123,0.383187854,0.297617921,0.45753342775000005,0.0,1564.0
0.8206801152388138,0.1853451345,0.47541031,0.546464292,0.0,1564.0
0.8291911932505452,0.0371609455,0.571164186,0.6088487455,0.0,1564.0
0.8127504095286907,0.0,0.7015788096666666,0.6740193156666666,0.0,1564.0
0.7182671949823511,0.0,0.768520809,0.7962089325,0.0,1564.0
0.5995809660442427,0.0,0.8158783315,0.8872756669999999,0.0,1564.0
0.6036238119957795,0.0,0.8062797085,0.9045865345,0.0,1564.0
0.7225722599686226,0.0028513775,0.785629115,0.8970194254999999,0.0,1564.0
0.8092686746901611,0.12391756200000001,0.7775235315,0.8856406015,0.0,1564.0
0.816372881447228,0.2851302,0.806402742,0.8263037502499999,0.0,1564.0
0.8058902696620558,0.2961231575,0.7880756505,0.7946697295,0.0,1564.0
0.8041909160973069,0.160115493,0.695471064,0.771430151,0.0,1564.0
0.8021426674991019,0.00405842575,0.5619291367500001,0.6919987027499999,0.0,1564.0
0.6886099616952387,0.0,0.440449952,0.576860056,0.0,1564.0
0.5894897878561591,0.0,0.35107583825,0.5328041142500001,0.0,1564.0
0.6880830864919191,0.002896960666666667,0.2586488983333333,0.458158291,0.0,1564.0
0.8145791490891632,0.0839995615,0.3035934465,0.380283825,0.0,1564.0
0.819612613871896,0.14988678625000001,0.3747115125,0.3739021885,0.0,1564.0
0.805918621282146,0.13050544549999998,0.4708762105,0.4411531945,0.0,1564.0
0.8033188575774188,0.0656517695,0.431741912,0.456880707,0.0,1564.0
0.8089280377316767,0.0025281,0.4088027066666666,0.4732788743333334,0.0,1564.0
0.7712103712084977,0.0,0.40155516550000003,0.4676884985,0.0,1564.0
0.6228183779889234,0.0,0.41129791824999995,0.46358558425,0.0,1564.0
0.5883273040241955,0.0,0.414487256,0.4455969715,0.0,1564.0
0.6886206494479907,0.002542013,0.4597683596666666,0.4529269083333333,0.0,1564.0
0.8178513472986286,0.086330055,0.5688401519999999,0.5577608270000001,0.0,1564.0
0.8272238408139134,0.19569874650000002,0.636115888,0.6064021095000001,0.0,1564.0
0.8161580306536066,0.272867647,0.6461976869999999,0.6323486915,0.0,1564.0
0.8041680648298394,0.25994071350000003,0.5646697315,0.607104279,0.0,1564.0
0.8031547401076632,0.140135422,0.444680931,0.562732722,0.0,1564.0
0.8036219159004259,0.00189813825,0.32822992824999997,0.46482543049999997,0.0,1564.0
0.6654481466597127,0.0,0.2502086355,0.35369947150000003,0.0,1564.0
0.5880732126450678,0.0,0.22830283633333334,0.293918122,0.0,1564.0
0.6894092182074547,0.0015533413333333331,0.20873992900000002,0.26531812066666666,0.0,1564.0
0.8257013047332638,0.136129346,0.18952133,0.253140345,0.0,1564.0
0.8265048765891133,0.32502638424999997,0.19472788775,0.23551645599999999,0.0,1564.0
0.808307313037257,0.2800917125,0.197351426,0.219915886,0.0,1564.0
0.8087574061987272,0.1454026695,0.164884636,0.21544962099999998,0.0,1564.0
0.8098835784996892,0.00194120425,0.171668516,0.2248694195,0.0,1564.0
0.6535225756022716,0.0,0.20292815700000003,0.259088195,0.0,1564.0
0.5606730103481226,0.0,0.262480226,0.36366861419999996,0.0,1564.0
0.6141496443556514,0.002192143,0.315046658,0.441301687,0.0,1564.0
0.6975565770912434,0.1486967905,0.30664051400000003,0.4909492035,0.0,1564.0
0.7369128767931552,0.37035120833333335,0.33485925,0.573065215,0.0,1564.0
0.7331109041501436,0.41135350849999996,0.3838605345,0.6666042985,0.0,1564.0
0.7341438379978374,0.372724751,0.38665932,0.696053734,0.0,1564.0
0.745844161160666,0.2567220845,0.354788989,0.6879491565,0.0,1564.0
0.7448140668946421,0.006347122,0.30813071775,0.6297757367500001,0.0,1564.0
0.6466602408397021,0.0,0.30862802725,0.552956413,0.0,1564.0
0.5793841878414734,0.0,0.403386976,0.51939011575,0.0,1564.0
0.6116919293693979,0.003283282,0.5015690555,0.5186555865,0.0,1564.0
0.7094264510055622,0.128189691,0.5689968535000001,0.547070217,0.0,1564.0
0.7353145276897937,0.2637766155,0.6240044505,0.5720627469999999,0.0,1564.0
0.7206912144046628,0.3554419735,0.683756936,0.576639907,0.0,1564.0
0.7083932488068405,0.271153241,0.7208310035,0.585020313,0.0,1564.0
0.7144001045816788,0.142402121,0.721496134,0.597633915,0.0,1564.0
0.7340553845868463,0.039469641,0.726359487,0.6030531285,0.0,1564.0
0.7307632120731448,0.0,0.7608707476666666,0.6340413256666667,0.0,1564.0
0.6897991648640984,0.0,0.767555764,0.6849078545,0.0,1564.0
0.6126678469569422,0.0,0.7322482525,0.6860579474999999,0.0,1564.0
0.5878264848937155,0.0,0.6813922616666668,0.6635956563333333,0.0,1564.0
0.6537812395088252,0.0,0.628516565,0.6302180454999999,0.0,1564.0
0.7902218366800446,0.035547949499999995,0.5997912910000001,0.6240325685,0.0,1564.0
0.8314082100503172,0.19869196249999999,0.601448992,0.6462157079999999,0.0,1564.0
0.8181377926215109,0.26239771700000003,0.6759541984999999,0.69864032025,0.0,1564.0
0.8121247657176939,0.1528220265,0.7160202419999999,0.7333834295,0.0,1564.0
0.8136330141472553,0.0164371675,0.7329448009999999,0.7142568235000001,0.0,1564.0
0.7413989330205601,0.0,0.7534627669999999,0.7197195783333333,0.0,1564.0
0.5976662943353848,0.0,0.7628456870000001,0.723655137,0.0,1564.0
0.6893878427019507,0.0014976036666666667,0.7554717336666666,0.7176292196666667,0.0,1564.0
0.8090720019965111,0.11456066,0.749476533,0.720219809,0.0,1564.0
0.8235088385100573,0.2850099575,0.7208391574999999,0.688568901,0.0,1564.0
0.8111697764739082,0.4182780582500001,0.683717506,0.63229462375,0.0,1564.0
0.8002096588996077,0.3011965555,0.6000357245,0.578937994,0.0,1564.0
0.8093200712555914,0.050968356,0.5660929163333334,0.5750219963333333,0.0,1564.0
0.7854265658228253,0.0,0.5538540983333333,0.6062083366666667,0.0,1564.0
0.6357019493051901,0.0,0.5564085963333333,0.6136511943333334,0.0,1564.0
0.5880672352389458,0.0,0.5234297236666667,0.6015474183333334,0.0,1564.0
0.6538282611945252,0.0,0.531084042,0.6158015944999999,0.0,1564.0
0.7851346424143155,0.099747934,0.5532876485,0.684525609,0.0,1564.0
0.8166870076138444,0.45871939500000003,0.5427452184999999,0.7309167315,0.0,1564.0
0.810888026585517,0.708007921,0.569099381,0.764232417,0.0,1564.0
0.804551750862178,0.7548548145,0.6068706625,0.7949953985,0.0,1564.0
0.796655241305535,0.5500270285,0.645544053,0.828033312,0.0,1564.0
0.7979081685430865,0.135778629,0.7246762965,0.874523737,0.0,1564.0
0.79330438300188,0.0,0.7476057420000001,0.8922162953333334,0.0,1564.0
0.6315030698955519,0.0,0.710926989,0.8860771837142857,0.0,1564.0
0.6519832812799613,0.0,0.719272801,0.9074787275,0.0,1564.0
0.7755367669638559,0.03914029,0.7048140199999999,0.91464098,0.0,1564.0
0.815592563284174,0.178940429,0.6745628395000001,0.8902543940000001,0.0,1564.0
0.8130006029466356,0.25288880075,0.6294144185,0.8199490855,0.0,1564.0
0.8029957205652021,0.24973580350000002,0.590366915,0.6318526799999999,0.0,1564.0
0.8045321641116165,0.0301150044,0.5240622358,0.621061576,0.0,1564.0
0.6884704096692039,0.0,0.5664371336666666,0.7830978853333334,0.0,1564.0
0.5894930522651037,0.0,0.7059172517500001,0.8181167042500002,0.0,1564.0
0.6520774363911908,0.0,0.892988715,0.890760244,0.0,1564.0
0.7755985233274378,0.0187912235,0.9276951565,0.9228329829999999,0.0,1564.0
0.8141712703041211,0.090779276,0.926722486,0.906147824,0.0,1564.0
0.8161811726065725,0.14751426475,0.9056705297500001,0.8635772985,0.0,1564.0
0.8045099389785538,0.118309947,0.8885902889999999,0.8667429165,0.0,1564.0
0.8006292987740372,0.063258521,0.871081691,0.9109151504999999,0.0,1564.0
0.7931446703598384,0.000669182,0.8620371345,0.9063943520000001,0.0,1564.0
0.6514695980678696,0.0,0.68602064775,0.8401288339999999,0.0,1564.0
0.5540408700751146,0.0,0.5334646493333333,0.7131883910000001,0.0,1564.0
0.5693203848882404,0.0,0.4233552893333333,0.590318612,0.0,1564.0
0.6390374094869713,0.024654324,0.357907657,0.525148529,0.0,1564.0
0.687346167781758,0.068549606,0.338748336,0.557305001,0.0,1564.0
0.6885591613229768,0.17552620525,0.42688016075,0.7093423035,0.0,1564.0
0.6814290623691568,0.11832529,0.594155657,0.8118981085,0.0,1564.0
0.6868329765015668,0.028901805,0.583999598,0.837519406,0.0,1564.0
0.6876885606569902,0.00026666419999999997,0.6021741078,0.7931004312,0.0,1564.0
0.5928081848171696,0.0,0.3695771756,0.533531438,0.0,1564.0
0.5571156801006489,0.0,0.18976197233333333,0.35653113200000003,0.0,1564.0
0.602547210276689,0.0,0.158705945,0.279823152,0.0,1564.0
0.6910509294946074,0.090812587,0.15441760799999998,0.3065538085,0.0,1564.0
0.7305526617560018,0.26856773399999995,0.13038717633333333,0.29914450633333334,0.0,1564.0
0.7264268738346102,0.36199529750000004,0.177319237,0.3090560805,0.0,1564.0
0.7348568770427403,0.3065882955,0.161089694,0.3151595735,0.0,1564.0
0.7480437041385285,0.0405263835,0.16697293100000002,0.38113024925,0.0,1564.0
0.7006896928158741,0.0,0.19916658133333334,0.43140597833333333,0.0,1564.0
0.5989266896261707,0.0,0.21260983640000003,0.40771928939999996,0.0,1564.0
0.6943234556136894,0.0,0.22165030166666666,0.36362655633333335,0.0,1564.0
0.8364835538887758,0.1249634195,0.221638651,0.345934985,0.0,1564.0
0.8414759147321283,0.374353619,0.192966135,0.29090329266666665,0.0,1564.0
0.8346126147065709,0.45023595400000005,0.18424792350000002,0.2667618665,0.0,1564.0
0.8332441791867566,0.3337252,0.1711324025,0.2427206005,0.0,1564.0
0.8256597253305626,0.03265210440000001,0.2358946424,0.258061509,0.0,1564.0
0.6881808414789928,0.0,0.3364515606666667,0.314719247,0.0,1564.0
0.5900450258355582,0.0,0.4265460925,0.38346122025,0.0,1564.0
0.6886607471778534,0.0,0.5118574206666667,0.46221781,0.0,1564.0
0.8184542442046399,0.060870539,0.5635632105,0.5185975945,0.0,1564.0
0.8239234251936094,0.18611144266666668,0.5976389996666667,0.6055605113333334,0.0,1564.0
0.812067436437575,0.258723517,0.625390787,0.6767990125000001,0.0,1564.0
0.8074062768573402,0.23349356799999998,0.5688232135,0.674261558,0.0,1564.0
0.809771491197084,0.025689483399999997,0.5199127066000001,0.6465342098000001,0.0,1564.0
0.6657834582864044,0.0,0.41206812800000003,0.5186210057499999,0.0,1564.0
0.5880138560787586,0.0,0.305742746,0.3722665756666667,0.0,1564.0
0.6908824892363944,0.0,0.23450224066666667,0.29052243466666666,0.0,1564.0
0.8197194243622656,0.045268264,0.225161589,0.239947908,0.0,1564.0
0.8371201238893065,0.23266369,0.214971423,0.2147314735,0.0,1564.0
0.8273606798652627,0.4096653926666667,0.23430541066666666,0.196401806,0.0,1564.0
0.8182342283453599,0.35550090199999995,0.232927468,0.223863227,0.0,1564.0
0.8188697699480998,0.244600002,0.216530242,0.250785333,0.0,1564.0
0.8299086892256811,0.03974057966666667,0.21671292266666667,0.2966060206666667,0.0,1564.0
0.7611906868758669,0.0,0.23379454325,0.33504758375,0.0,1564.0
0.6140350080624086,0.0,0.1896320325,0.34423350399999997,0.0,1564.0
0.5942196278682728,0.0,0.16410064466666668,0.34601237933333334,0.0,1564.0
0.7117081011321478,0.0,0.14411685233333335,0.323333777,0.0,1564.0
0.8453368638056082,0.2005667465,0.1234007385,0.32702353100000003,0.0,1564.0
0.8379321923581231,0.52036853625,0.11587447925,0.28130244699999996,0.0,1564.0
0.8223228102997997,0.4284060795,0.132778915,0.25638323799999996,0.0,1564.0
0.8316128873912957,0.252878054,0.123515305,0.253881387,0.0,1564.0
0.8293371013115849,0.0219736312,0.1895518178,0.29127518639999994,0.0,1564.0
0.6923237416310362,0.0,0.29284430466666667,0.28465216433333335,0.0,1564.0
0.6010949161065666,0.0,0.36047492049999996,0.30834063850000004,0.0,1564.0
0.6804208132398044,0.0,0.4081492035,0.3578032215,0.0,1564.0
0.8138850708628445,0.0408884825,0.42422170049999997,0.374859157,0.0,1564.0
0.8517027432289144,0.19984399600000002,0.362433026,0.334717565,0.0,1564.0
0.8285224258162447,0.34892346074999997,0.30072449425000003,0.27327906,0.0,1564.0
0.8175342920100319,0.2088072715,0.21126601,0.2047770765,0.0,1564.0
0.8360148427529691,0.020935466666666666,0.16947506666666667,0.15134594733333337,0.0,1564.0
0.8065682044519412,0.0,0.196816478,0.1722444185,0.0,1564.0
0.6797795477597991,0.0,0.2622785683333333,0.24164565233333332,0.0,1564.0
0.5718749721824625,0.0,0.32840184085714286,0.3092561897142857,0.0,1564.0
0.6922253531592001,0.1099795515,0.440297366,0.391264159,0.0,1564.0
0.6995096241036763,0.31457901140000005,0.40172178379999995,0.40305591539999996,0.0,1564.0
0.6881126678574156,0.1901703415,0.407865617,0.409596483,0.0,1564.0
0.7103922398094052,0.01293250225,0.40950790125,0.40191275025,0.0,1564.0
0.6727438051748563,0.0,0.38329499975000003,0.3774914815,0.0,1564.0
0.5628619974590702,0.0,0.40019359966666673,0.40195389966666667,0.0,1564.0
0.5698280012663592,0.0,0.42473270874999997,0.4287714885,0.0,1564.0
0.685936166259925,0.084615042,0.44146806,0.4831555315,0.0,1564.0
0.7045950362945614,0.27078036,0.46274252075,0.48974377725,0.0,1564.0
0.6906656782949463,0.357451561,0.536824009,0.513016914,0.0,1564.0
0.7031321437095701,0.144879767,0.5851486214999999,0.5569850144999999,0.0,1564.0
0.7223045740829712,0.0,0.610286685,0.7019705092499999,0.0,1564.0
0.6900001304994354,0.0,0.604270005,0.809648602,0.0,1564.0
0.6027251905837534,0.0,0.5387387176,0.801712927,0.0,1564.0
0.7198023864308949,0.0,0.4651780753333334,0.7512700250000001,0.0,1564.0
0.841284459240394,0.122603076,0.423963776,0.699376202,0.0,1564.0
0.8553238810395638,0.4432643885,0.3804591295,0.6316444665000001,0.0,1564.0
0.8377626639411033,0.56476445025,0.5063130425,0.54667478725,0.0,1564.0
0.829468717335613,0.429730775,0.553593269,0.509595921,0.0,1564.0
0.8431745826533663,0.2084693145,0.5728223685,0.522339465,0.0,1564.0
0.8295063703855883,0.0,0.64345666025,0.5934519407500001,0.0,1564.0
0.6900457137822413,0.0,0.7220379983333333,0.6623759976666667,0.0,1564.0
0.594524035188815,0.0,0.7650727255,0.7120663645,0.0,1564.0
0.5997387446853079,0.0,0.7966589079999999,0.739544681,0.0,1564.0
0.731838054767105,0.0,0.804383354,0.768133665,0.0,1564.0
0.8363369661445823,0.116419625,0.803662147,0.7898216285,0.0,1564.0
0.8308376626346616,0.36109734280000005,0.7513437082000001,0.7637065672000001,0.0,1564.0
0.8188161075022535,0.2320514655,0.7046032425,0.7595809920000001,0.0,1564.0
0.8184648872344698,0.012680755399999999,0.7355528824,0.7649738457999999,0.0,1564.0
0.6392698272077808,0.0,0.6100245043333333,0.7039071851666666,0.0,1564.0
0.6662303653445291,0.0,0.49442906075,0.585136762,0.0,1564.0
0.8207484900280713,0.058430542,0.472171146,0.548558193,0.0,1564.0
0.8430475369638024,0.201129683,0.42979092350000003,0.4702310375,0.0,1564.0
0.8308705577338706,0.38499692733333335,0.41520322033333334,0.39847824133333337,0.0,1564.0
0.8209324625724259,0.34751689900000005,0.45151024949999996,0.396556921,0.0,1564.0
0.8306700839292205,0.12719147549999998,0.487193598,0.439375423,0.0,1564.0
0.8251902151874988,0.0,0.49882974425000004,0.5297305205,0.0,1564.0
0.6883035941593939,0.0,0.44828397533333336,0.525999091,0.0,1564.0
0.5926951316060585,0.0,0.432452551,0.507548605,0.0,1564.0
0.700115952470577,0.0,0.366889654,0.48071229033333335,0.0,1564.0
0.8423952259521666,0.121367803,0.290716319,0.432579051,0.0,1564.0
0.8423173528590502,0.247082207,0.33815140340000005,0.3571409024,0.0,1564.0
0.8372747162808287,0.09024125350000001,0.3898693535,0.3891710195,0.0,1564.0
0.8427423768388933,0.014320197,0.433894383,0.422628891,0.0,1564.0
0.8233587179721534,0.0,0.5035562339999999,0.5170449610000001,0.0,1564.0
0.6648868827928706,0.0,0.5684221192500001,0.6859968875,0.0,1564.0
0.5963096622257436,0.0,0.6062169877499999,0.7794314215000001,0.0,1564.0
0.7382602350052634,0.0,0.6260675955,0.842783489,0.0,1564.0
0.8497590915793476,0.143521821,0.6345230225,0.8624115395,0.0,1564.0
0.8576059858514399,0.49362765125,0.6914030499999999,0.88264513,0.0,1564.0
0.8511292712121532,0.469092818,0.7748600165,0.896672597,0.0,1564.0
0.8627373397180387,0.272726491,0.787283648,0.905212019,0.0,1564.0
0.8433787590544327,0.014175321599999999,0.751991067,0.9085271554000001,0.0,1564.0
0.6476510363223917,0.0,0.7132390153999999,0.8815236734,0.0,1564.0
0.5948277061510783,0.0,0.6611188828000001,0.8784651748,0.0,1564.0
0.70076744362945,0.070410711,0.652947159,0.870344193,0.0,1564.0
0.7627337264730005,0.4107584625,0.5851050124999999,0.8291705985,0.0,1564.0
0.761150373021201,0.6136509415,0.6152540989999999,0.785002293,0.0,1564.0
0.7576626309747633,0.555842827,0.6826744275000001,0.790616719,0.0,1564.0
0.7730802817904845,0.35851206150000003,0.684968676,0.8279491365,0.0,1564.0
0.770548365147233,0.0149787592,0.6716200938,0.8722550809999999,0.0,1564.0
0.626792566394104,0.0,0.5372514975714285,0.7738350648571428,0.0,1564.0
0.5796907305330996,0.0,0.470645334,0.7319177263333333,0.0,1564.0
0.6579873867435369,0.187069145,0.373324235,0.6737258525,0.0,1564.0
0.7427596695356673,0.548720965,0.2695034785,0.5641618995,0.0,1564.0
0.7388497311838371,0.6069392290000001,0.2470078363333333,0.5124199763333332,0.0,1564.0
0.7417815160719207,0.391880311,0.1958852585,0.474405124,0.0,1564.0
0.7783781187251562,0.0141533818,0.22212086539999998,0.5230667216,0.0,1564.0
0.6808699316736894,0.0,0.31960394540000003,0.5471992038,0.0,1564.0
0.6178531837229341,0.0,0.36318042199999995,0.5219682213333333,0.0,1564.0
0.7349135951500759,0.01926308666666667,0.39254708866666665,0.5531265256666665,0.0,1564.0
0.8604493544964203,0.318574566,0.4046063755,0.538594171,0.0,1564.0
0.8669709442718417,0.5018323179999999,0.4060983673333333,0.5100510943333334,0.0,1564.0
0.8627976800806731,0.3262014916666667,0.39188919066666666,0.5151967076666667,0.0,1564.0
0.8701323564259036,0.0040398368,0.4278520955999999,0.5988386662,0.0,1564.0
0.7802367870387394,0.0,0.3591106465,0.577762842,0.0,1564.0
0.6334309943761801,0.0,0.3108782435,0.48532463016666655,0.0,1564.0
0.6965924205256107,0.0,0.3325999745,0.4685609045,0.0,1564.0
0.8243632778315487,0.068992543,0.328640394,0.4777664065,0.0,1564.0
0.8677624197288476,0.2433271305,0.275523343,0.44736571999999997,0.0,1564.0
0.860938308264999,0.2967668403333333,0.245024519,0.4120430656666667,0.0,1564.0
0.8566704492231872,0.167604761,0.2066802965,0.3931610595,0.0,1564.0
0.8599420123914502,0.0039824856,0.1849522418,0.3778683642,0.0,1564.0
0.686945607865582,0.0,0.20045053583333336,0.4088576923333333,0.0,1564.0
0.6171967958494304,0.0,0.2545229205,0.4595211115,0.0,1564.0
0.7345658926941384,0.012701489333333335,0.2969866136666666,0.5299168993333333,0.0,1564.0
0.8565964846084726,0.23954541000000001,0.315800693,0.56277541,0.0,1564.0
0.852651673083551,0.3844339355,0.3319403395,0.5697240025,0.0,1564.0
0.8433348096292549,0.315731473,0.35257537833333336,0.5392884246666667,0.0,1564.0
0.8498112783307061,0.08803113550000001,0.3172870445,0.518210755,0.0,1564.0
0.8479740123442343,0.0,0.30947948974999995,0.47625973675,0.0,1564.0
0.7194764097807783,0.0,0.23118033200000002,0.36556658025,0.0,1697.5
0.6260433420653139,0.0,0.17149419775,0.36646654675,0.0,1831.0
0.7471996283151088,0.0,0.1718513365,0.393264083,0.0,1831.0
0.8739521971808275,0.0851934215,0.1839895485,0.413195125,0.0,1831.0
0.8976860122273008,0.378804892,0.14078560233333334,0.37183600399999994,0.0,1831.0
0.89034842628757,0.4521963505,0.21149110850000002,0.411373761,0.0,1831.0
0.8918859430626587,0.312943972,0.24356458250000002,0.4345167835,0.0,1831.0
0.9246719021475807,0.011407141,0.27111475133333335,0.5251538976666666,0.0,1831.0
0.8523243921835624,0.0,0.270349752,0.5573879396666667,0.0,1831.0
0.6883732434867047,0.0,0.28249904550000005,0.5049569775,0.0,1831.0
0.638361978924316,0.0,0.258199258,0.44597077350000003,0.0,1831.0
0.744566579006559,0.0,0.236112633,0.35968053233333336,0.0,1831.0
0.8988145172771396,0.164345079,0.214654234,0.2599898085,0.0,1831.0
0.898558234724489,0.465426223,0.23000910275,0.218169767,0.0,1831.0
0.8856959867999613,0.304642497,0.3532931755,0.34962659,0.0,1831.0
0.9139969479920071,0.03014615975,0.50379296875,0.4714316325,0.0,1831.0
0.8440483702391549,0.0,0.7071815463333334,0.6233561106666666,0.0,1831.0
0.6374472587762868,0.0,0.8333523151666666,0.7822082571666668,0.0,1831.0
0.5988722163423207,0.0,0.8739387479999999,0.8705740670000001,0.0,1831.0
0.6560741885834379,0.013890516,0.880850473,0.897076559,0.0,1831.0
0.7185244614325403,0.1115816675,0.878047903,0.9136141415000001,0.0,1831.0
0.7357640843516355,0.1652332475,0.8911773077499999,0.9185227885,0.0,1831.0
0.730571443583933,0.120451231,0.884376486,0.910294663,0.0,1831.0
0.7491175220446499,0.0442245885,0.8768274885,0.9123628180000001,0.0,1831.0
0.7601194470491757,0.0,0.8722173686,0.9186634622,0.0,1831.0
0.6692345160995773,0.0,0.8666485280000001,0.9212721076666667,0.0,1831.0
0.5931822742919715,0.0,0.7727056441666665,0.8283673041666667,0.0,1831.0
0.6563900364610991,0.004127942,0.662189932,0.732853503,0.0,1831.0
0.7229859969301498,0.16062147000000002,0.6084144005000001,0.674049702,0.0,1831.0
0.7466684713485833,0.30935772825,0.465012732,0.5160785025,0.0,1831.0
0.7482344627520408,0.1480753725,0.3243527495,0.4243877615,0.0,1831.0
0.771497885306655,0.0008188586,0.2961162308,0.5115566694,0.0,1831.0
0.6595838108346547,0.0,0.2616557428571428,0.5223485692857143,0.0,1831.0
0.6950668287159959,0.0,0.22880869033333331,0.4662901873333334,0.0,1831.0
0.8520554392721569,0.034350577,0.2081297245,0.450569597,0.0,1831.0
0.8730821658571624,0.12435884200000001,0.16709591999999998,0.378746997,0.0,1831.0
0.8542832183403926,0.12977181666666668,0.145784904,0.32966131866666665,0.0,1831.0
0.8694521588774802,0.036114435,0.2015997335,0.416534045,0.0,1831.0
0.866945924176568,0.0,0.31434359375,0.5515605795,0.0,1831.0
0.7431877984882725,0.0,0.38488274800000005,0.5889059276666666,0.0,1831.0
0.6205367651426856,0.0,0.47240744225,0.64591918375,0.0,1831.0
0.6925786827546805,0.0,0.594047726,0.7469151976666666,0.0,1831.0
0.8370029163654213,0.0411405735,0.6831997975,0.8093316845,0.0,1831.0
0.8584359417279817,0.1324039906,0.7316463896000001,0.8484565378000001,0.0,1831.0
0.8483614994538355,0.1065209075,0.7500447895,0.906014446,0.0,1831.0
0.8551733759506561,0.0014455803999999998,0.7184086878,0.9037214710000001,0.0,1831.0
0.774074198599807,0.0,0.651764856,0.829798182,0.0,1831.0
0.6386544053307479,0.0,0.5609252742499999,0.7838806982500001,0.0,1831.0
0.6717479654080872,0.0,0.5645012122499999,0.7835108444999999,0.0,1831.0
0.8387350934376168,0.018279796,0.6812205315,0.830636454,0.0,1831.0
0.8715558287554801,0.11297319099999999,0.719318474,0.7725179966666667,0.0,1831.0
0.8724284686013813,0.20603473166666667,0.728524227,0.7819152986666666,0.0,1831.0
0.88743518472316,0.059899690500000005,0.6159285864999999,0.8088638385,0.0,1831.0
0.8826420156678428,0.0,0.5237596695,0.7692777585,0.0,1831.0
0.6777640523705628,0.0,0.5074408494285715,0.7136516092857143,0.0,1831.0
0.7079277947476145,0.0,0.5737232343333333,0.7989912220000001,0.0,1831.0
0.8599773043909733,0.07395393,0.6326665419999999,0.83471343,0.0,1831.0
0.871926862406851,0.2894168146,0.6401069146,0.8375990952000001,0.0,1831.0
0.8745858604613244,0.1533368705,0.6162938330000001,0.8404760995,0.0,1831.0
0.8987106656992907,0.0017038663333333332,0.653260049,0.8694376563333334,0.0,1831.0
0.8170728178162938,0.0,0.7221018800000001,0.8797890905000001,0.0,1831.0
0.6349473160219196,0.0,0.7244222324,0.8181402426,0.0,1831.0
0.6989476030622885,0.0,0.76419733,0.844659207,0.0,1831.0
0.8541430849658527,0.056541904000000004,0.806785188,0.8695458585,0.0,1831.0
0.8749634424355723,0.15111160175,0.86337756825,0.9119143157499999,0.0,1831.0
0.8712535157245405,0.0904159565,0.9058628065000001,0.909770258,0.0,1831.0
0.8784686471366845,0.0196056355,0.9068918564999999,0.8602150005,0.0,1831.0
0.8700841452170873,0.0,0.9102543165000001,0.88884542975,0.0,1831.0
0.7101893959867767,0.0,0.8452475555,0.9222547357499999,0.0,1831.0
0.5909672430019086,0.0,0.6663026588000001,0.8779336729999999,0.0,1831.0
0.6663957610072743,0.052913863,0.5216239006666666,0.7715574986666667,0.0,1831.0
0.7499458188073933,0.3457743446,0.426507344,0.7004993692,0.0,1831.0
0.7563445933568989,0.192622901,0.39351091699999996,0.6556213435,0.0,1831.0
0.7766820474099381,0.0009810358,0.3603726056,0.6176716040000001,0.0,1831.0
0.7065406667602437,0.0,0.34258964833333333,0.646716228,0.0,1831.0
0.603923120325481,0.0,0.35614595600000004,0.6659281328571429,0.0,1831.0
0.6875799345225948,0.0547485125,0.40743678149999996,0.655949219,0.0,1831.0
0.7505912342434892,0.34283496680000003,0.4721221924,0.704851593,0.0,1831.0
0.751461316182958,0.182828143,0.5623167495,0.802704519,0.0,1831.0
0.7742788132828111,0.0005380374,0.5936718195999999,0.8216857574,0.0,1831.0
0.6939856136016713,0.0,0.643306299,0.8324650849999999,0.0,1831.0
0.6147702647325731,0.0,0.6260695233333333,0.8190851363333334,0.0,1831.0
0.6956851982820843,0.0,0.639695955,0.8452674349999999,0.0,1831.0
0.8543461076666744,0.0517005585,0.6774779365000001,0.877303827,0.0,1831.0
0.8698333630507974,0.32153988625,0.6766613395000001,0.874017369,0.0,1831.0
0.8642905080313981,0.297799839,0.705034371,0.889602563,0.0,1831.0
0.8887227242500907,0.032958516,0.67535525075,0.88593475575,0.0,1831.0
0.816592953108947,0.0,0.66705926625,0.873038985,0.0,1831.0
0.6399251306448894,0.0,0.60849585275,0.8540719720000001,0.0,1831.0
0.6235754872293371,0.0,0.5672396385,0.856428584,0.0,1831.0
0.7716428154372608,0.001170682,0.559515444,0.8367450949999999,0.0,1831.0
0.8799126572424287,0.2401904655,0.5663648565,0.8056910749999999,0.0,1831.0
0.870509620922285,0.423791547,0.6184498896666667,0.796448951,0.0,1831.0
0.8648036993115891,0.31384948450000005,0.630289048,0.7960087044999999,0.0,1831.0
0.885087902493821,0.03153567425,0.6623230007500001,0.80402214075,0.0,1831.0
0.814524413475371,0.0,0.75585055275,0.8552505885,0.0,1831.0
0.6386851718064472,0.0,0.800506014,0.8915224095000001,0.0,1831.0
0.6205086147352594,0.0,0.786060016,0.8895266159999999,0.0,1831.0
0.7534561855872376,0.0006726466666666667,0.7675586346666666,0.8813695836666667,0.0,1831.0
0.8456186806974118,0.067824722,0.76356944,0.877356908,0.0,1831.0
0.8557589041349739,0.16991416925000002,0.7805481105000001,0.837470026,0.0,1831.0
0.8494342553255085,0.153803143,0.774246074,0.7957512655,0.0,1831.0
0.8774436731999018,0.01848637475,0.76212113225,0.7954331345000001,0.0,1831.0
0.8141232759555934,0.0,0.72815936025,0.7619490434999999,0.0,1831.0
0.6327302903018545,0.0,0.6033413961666666,0.6611339366666666,0.0,1831.0
0.7560320099331662,0.00048807,0.5998989653333333,0.6257224356666666,0.0,1831.0
0.85715358957419,0.1572698385,0.636528348,0.6642749065,0.0,1831.0
0.8553421039096903,0.2524239985,0.692728243,0.697148986,0.0,1831.0
0.852855411297146,0.1300205935,0.6686027290000001,0.672798028,0.0,1831.0
0.8617822029048042,0.000370366,0.5401945158,0.5768219502,0.0,1831.0
0.673038977077675,0.0,0.3429595145714286,0.35770146942857145,0.0,1831.0
0.691431842993672,0.0,0.3616623736666667,0.41440796366666666,0.0,1831.0
0.8360193294849885,0.012486833,0.4116790575,0.4776640945,0.0,1831.0
0.8688604639568542,0.12711827825,0.45354963525,0.4827231995,0.0,1831.0
0.8683375911221829,0.10799847700000001,0.46052765549999997,0.534838411,0.0,1831.0
0.8826578013478895,0.01153571925,0.48270258175,0.56362958775,0.0,1831.0
0.8360501406633674,0.0,0.4906266833333333,0.6036861543333334,0.0,1831.0
0.6603599126940058,0.0,0.48859546125,0.6203843059999999,0.0,1831.0
0.5840788082038041,0.0,0.521429252,0.6769680543333333,0.0,1831.0
0.624951912484341,0.00041321966666666663,0.5293444703333333,0.706351176,0.0,1831.0
0.7272886023581326,0.1214518735,0.511673124,0.687207418,0.0,1831.0
0.7582732195081336,0.294364661,0.498165092,0.697611365,0.0,1831.0
0.7563745101443112,0.373867262,0.500692913,0.7064416505,0.0,1831.0
0.7586744352660346,0.1995703545,0.5560133920000001,0.7691602355,0.0,1831.0
0.792722056683241,0.0,0.6181059433333335,0.834549653,0.0,1831.0
0.751162248982642,0.0,0.6454012115000001,0.853606795,0.0,1831.0
0.6177623824934838,0.0,0.5860842333333333,0.7993664913333333,0.0,1831.0
0.6372382289125406,0.00046017366666666667,0.5950802583333333,0.7966261180000002,0.0,1831.0
0.7227881616294571,0.149683808,0.575080412,0.781111437,0.0,1831.0
0.7574981855728992,0.5062550453333333,0.4791367713333334,0.7288988249999999,0.0,1831.0
0.7571883002566966,0.5770092659999999,0.4504672195,0.7264163379999999,0.0,1831.0
0.7590810619711994,0.31018882000000003,0.5406656274999999,0.778798226,0.0,1831.0
0.7914816148241948,0.00033697699999999997,0.5819587288,0.8107168204,0.0,1831.0
0.6967355538154308,0.0,0.56354039775,0.801371201,0.0,1831.0
0.6248656762587713,0.0,0.5905535275,0.8258834555000001,0.0,1831.0
0.7774746945562216,0.0,0.5935778956666666,0.8384572853333334,0.0,1831.0
0.8980552094858552,0.14243371533333335,0.5416204996666667,0.8223605463333333,0.0,1831.0
0.9038649975415552,0.24757479699999999,0.636629072,0.839495915,0.0,1831.0
0.9049837688781648,0.125246934,0.5913077455,0.8441233195,0.0,1831.0
0.9007607537064779,0.0,0.6349287358,0.8630532325999999,0.0,1831.0
0.680166376866845,0.0,0.6544902364285715,0.8663949448571427,0.0,1831.0
0.7186885937694513,0.0,0.6894970646666666,0.874049374,0.0,1831.0
0.8827804198865143,0.0342446965,0.7089334359999999,0.8848343925,0.0,1831.0
0.9161847783842951,0.285710656,0.6999258286666666,0.8500170873333333,0.0,1831.0
0.9174986423350932,0.263646832,0.7624363679999999,0.850503853,0.0,1831.0
0.9277102068067976,0.08392850166666667,0.7277345543333333,0.8451766173333333,0.0,1831.0
0.9397083413339153,0.0,0.6993924025,0.8242593954999999,0.0,1831.0
0.8529175403967294,0.0,0.651706778,0.7461107726666668,0.0,1831.0
0.6736639585686331,0.0,0.5602425724,0.6498683376000001,0.0,1831.0
0.643333709509248,0.0,0.533452193,0.6484149189999999,0.0,1831.0
0.8086576985536341,0.0,0.5330872346666667,0.6675791313333334,0.0,1831.0
0.9183202134127209,0.104768557,0.5349404285,0.705573934,0.0,1831.0
0.9183311918509715,0.2405848835,0.51610073225,0.6647689284999999,0.0,1831.0
0.9173228979852018,0.1071118655,0.5059422014999999,0.5973437765,0.0,1831.0
0.9175641104043167,0.0,0.5211897038,0.6316238714000001,0.0,1831.0
0.7808235405083173,0.0,0.44540318450000005,0.602398189,0.0,1831.0
0.6564138640125923,0.0,0.37730103066666665,0.5492602761666667,0.0,1831.0
0.8409221822152652,0.01598969125,0.387212977,0.5577708465,0.0,1831.0
0.9258672616007558,0.23854429433333335,0.34324043233333335,0.494365011,0.0,1831.0
0.9158706447503633,0.20603950066666665,0.34133557533333336,0.43395505100000004,0.0,1831.0
0.9167527202241553,0.011111864833333334,0.3904194425,0.48885423716666665,0.0,1831.0
0.7768287783106669,0.0,0.3713522045,0.49708489299999997,0.0,1831.0
0.6468630668015015,0.0,0.36333457119999996,0.46313263559999995,0.0,1831.0
0.6840729634414966,0.0,0.3871019735,0.493410746,0.0,1831.0
0.8569042681677569,0.008465246333333334,0.3986000416666666,0.5365594903333334,0.0,1831.0
0.9104984957908707,0.15228462025,0.3546471315,0.489192529,0.0,1831.0
0.9073760827311311,0.1196373015,0.34162186699999997,0.5056430275,0.0,1831.0
0.9169374007689839,0.0072174405,0.36429254075,0.54287980925,0.0,1831.0
0.8680429398718323,0.0,0.3617116395,0.5660512725,0.0,1831.0
0.6614386704124787,0.0,0.32371742614285715,0.5049745981428571,0.0,1831.0
0.620275261620724,0.0,0.3535401145,0.51548163225,0.0,1831.0
0.7131832652605182,0.016259467,0.355477378,0.508897635,0.0,1831.0
0.7609944390544753,0.14432728766666666,0.33993240366666666,0.4641522046666667,0.0,1831.0
0.7634210223975573,0.16004005833333332,0.323365807,0.40577695166666666,0.0,1831.0
0.7743324935827387,0.036714315,0.330742861,0.381061916,0.0,1831.0
0.7933777931999075,0.0,0.35267587459999994,0.4264628825999999,0.0,1831.0
0.7077689391262236,0.0,0.30704661166666664,0.3878411066666667,0.0,1831.0
0.6087787661443249,0.0,0.29408762725000004,0.430788628,0.0,1831.0
0.6280242778749718,0.0,0.324101789,0.53380591275,0.0,1831.0
0.746877944662909,0.106057508,0.334971186,0.5640283319999999,0.0,1831.0
0.7751546608985188,0.29322418233333336,0.3134428553333333,0.513732677,0.0,1831.0
0.7770444414672437,0.1679764113333333,0.322532447,0.5281444906666667,0.0,1831.0
0.8080224104460128,0.0,0.3530681175,0.6045337435,0.0,1831.0
0.7140837379235194,0.0,0.304639211,0.5613727944,0.0,1831.0
0.6267937248626344,0.0,0.26515279433333333,0.470133682,0.0,1831.0
0.7601019330117236,0.0,0.2420142,0.35174784724999997,0.0,1831.0
0.9042354469024785,0.12302803,0.226597995,0.294343844,0.0,1831.0
0.9090729992070139,0.32830054375,0.20717075424999998,0.22011335525,0.0,1831.0
0.9102178191041634,0.143360568,0.2262464435,0.18384434,0.0,1831.0
0.9372515282059436,0.0,0.290401563,0.23521734100000002,0.0,1831.0
0.8538410104391706,0.0,0.37445441399999996,0.350757172,0.0,1831.0
0.6665218676144383,0.0,0.47788305233333334,0.5185745356666667,0.0,1831.0
0.6907299166187635,0.0,0.5964360685000001,0.644252839,0.0,1831.0
0.8642473694622171,0.007285234666666667,0.732531369,0.7509856903333333,0.0,1831.0
0.916602390995026,0.09855037650000001,0.782582652,0.8223791874999999,0.0,1831.0
0.9105504067013941,0.13756603833333333,0.8008963423333334,0.8841488670000001,0.0,1831.0
0.9065610852752857,0.06344356500000001,0.7359726069999999,0.8399519095,0.0,1831.0
0.9168573171615475,0.0,0.6786598296666666,0.7285087126666667,0.0,1831.0
0.8192034605038165,0.0,0.64216149275,0.6651585765,0.0,1831.0
0.6341712774268605,0.0,0.6637385538,0.8573274851999999,0.0,1831.0
0.7219107256640113,0.0,0.83052866625,0.89880772,0.0,1831.0
0.8479040723539168,0.007202864,0.8559450120000001,0.8540335434999999,0.0,1831.0
0.8546580649942387,0.024984989,0.8843997805,0.7705396122499999,0.0,1831.0
0.8525336605740583,0.017547327,0.9211357250000001,0.8035842625,0.0,1831.0
0.8615608992035038,0.0,0.9212484712,0.9124437157999999,0.0,1831.0
0.718455304025884,0.0,0.8502974944999999,0.92084508875,0.0,1831.0
0.6132559718260018,0.0,0.720493194,0.8894526043333334,0.0,1831.0
0.7258024113776665,0.0,0.65524217325,0.8368349294999999,0.0,1831.0
0.8609620985473904,0.003064552,0.694667419,0.84959143,0.0,1831.0
0.874501789397379,0.124835737,0.737746223,0.8961262210000001,0.0,1831.0
0.8779501343820639,0.2042345135,0.8356772505,0.9274881644999999,0.0,1831.0
0.8831641804795486,0.007411304166666667,0.8867645606666666,0.9352263415,0.0,1831.0
0.7422213091062875,0.0,0.9021367033333334,0.935091199,0.0,1831.0
0.6257145682645232,0.0,0.8896686144,0.9326129458000001,0.0,1831.0
0.7794372323737097,0.0,0.8586828703333333,0.9156016156666666,0.0,1831.0
0.8952564775177355,0.149428132,0.8286793564999999,0.885473847,0.0,1831.0
0.891854341878287,0.389872964,0.8209038593333333,0.8795089673333333,0.0,1831.0
0.8929228195854607,0.21277012266666664,0.8246959296666666,0.8989853463333334,0.0,1831.0
0.919335774101067,0.0,0.7252644603333334,0.872331569,0.0,1831.0
0.8440253252488309,0.0,0.5998043970000001,0.8082293316666668,0.0,1831.0
0.6429638340520063,0.0,0.49975830066666665,0.6932004818333333,0.0,1970.1666666666667
0.626965776152681,0.0,0.42334871074999997,0.67966284875,0.0,1998.0
0.7312879258484981,0.012388872,0.395709798,0.7006766465,0.0,1998.0
0.756826526296966,0.04874688925,0.35811719075,0.6579370935000001,0.0,1998.0
0.753021236996293,0.018383818,0.271880821,0.5704817865,0.0,1998.0
0.7731687710041046,0.0,0.2520738334,0.552883908,0.0,1998.0
0.6553399007749675,0.0,0.2894312981666667,0.5295896434999999,0.0,1998.0
0.5915621621024414,0.0,0.377566389,0.5507241563333333,0.0,1998.0
0.6578368190776255,0.0016374536666666666,0.42170827133333333,0.6045261009999999,0.0,1998.0
0.7377601462659578,0.053467502,0.45802349375,0.7055708525,0.0,1998.0
0.7365990412670537,0.05390489033333334,0.563426689,0.7836272010000002,0.0,1998.0
0.757431507096817,0.0,0.6286433946,0.8333093868000001,0.0,1998.0
0.70980377211859,0.0,0.6093305796666667,0.8698293483333334,0.0,1998.0
0.6224412432438963,0.0,0.57477948975,0.8211475115000001,0.0,1998.0
0.6625044182053423,0.0,0.4900124345,0.7051703715,0.0,1998.0
0.8373571775085104,0.005421621333333334,0.421948163,0.677963596,0.0,1998.0
0.8872245240921748,0.2773723874,0.4029399724,0.6518624672000001,0.0,1998.0
0.8993239075138062,0.168710869,0.3515942315,0.6453232125,0.0,1998.0
0.9041335956835004,0.0,0.2490989044,0.5052391262,0.0,1998.0
0.7454932538768643,0.0,0.18588892366666665,0.36280641033333333,0.0,1998.0
0.6417505014339357,0.0,0.17347064099999998,0.29151703075,0.0,1998.0
0.7927294128999305,0.0,0.1198164265,0.17113869525,0.0,1998.0
0.9318189866351001,0.106710898,0.10155277800000001,0.1185010465,0.0,1998.0
0.9222228104600005,0.21542240225,0.125420292,0.13543935624999998,0.0,1998.0
0.9239699235914315,0.0369097345,0.1584191995,0.1545186265,0.0,1998.0
0.9408091655400196,0.0,0.21510966099999998,0.22222584999999997,0.0,1998.0
0.8762925927009391,0.0,0.2843216185,0.3226114855,0.0,1998.0
0.7436043378523357,0.0,0.355250568,0.43456504600000007,0.0,1998.0
0.6322811808692337,0.0,0.3971640545,0.5582548425,0.0,1998.0
0.7505966921741126,0.0,0.39671851625,0.73584409475,0.0,1998.0
0.8838991613763537,0.014132646666666667,0.37940044866666667,0.8034984613333335,0.0,1998.0
0.8784013008576775,0.04020546666666666,0.346855842,0.7291620616666666,0.0,1998.0
0.8754922628520878,0.017632797,0.294259579,0.606948246,0.0,1998.0
0.886280638490129,0.0,0.239792789,0.5330760406666667,0.0,1998.0
0.8345418102282869,0.0,0.25491469966666663,0.4744040413333333,0.0,1998.0
0.6532908398250532,0.0,0.3903399258333333,0.5154552573333334,0.0,1998.0
0.7354844362651465,0.0,0.6327705025,0.7536429800000001,0.0,1998.0
0.8661214239769599,0.004876369,0.753106939,0.8754290485,0.0,1998.0
0.8689935690355672,0.02742544525,0.7521801335,0.9084055815,0.0,1998.0
0.8659807390781931,0.0150854135,0.6862144779999999,0.8682963054999999,0.0,1998.0
0.8724864537794549,0.0,0.60227763475,0.7826654797499999,0.0,1998.0
0.813083667879785,0.0,0.5982165605,0.7728868019999999,0.0,1998.0
0.6917755505707689,0.0,0.6817999330000001,0.8759268139999999,0.0,1998.0
0.6153612813870356,0.0,0.8416370996666668,0.924376997,0.0,1998.0
0.738021526779641,0.0,0.891097534,0.921856357,0.0,1998.0
0.8844386770804123,0.05750697,0.8907901819999999,0.9243845685000001,0.0,1998.0
0.9008638838471835,0.2638923175,0.88641719,0.928487516,0.0,1998.0
0.905229095428249,0.33516868499999997,0.9031477235,0.9202203185,0.0,1998.0
0.9098055579045998,0.13456482549999998,0.913969018,0.9220890589999999,0.0,1998.0
0.9252366391595771,0.0,0.9218413443333334,0.9321833096666667,0.0,1998.0
0.8438301432517754,0.0,0.9254069066666667,0.9274581963333333,0.0,1998.0
0.6279814318412497,0.0,0.9201117008749999,0.92165274775,0.0,1998.0
0.6722230638763974,0.007837618666666666,0.8578696793333332,0.932192738,0.0,1998.0
0.7543715168180823,0.1891542805,0.8185262295,0.902457945,0.0,1998.0
0.7581547821376283,0.214739215,0.7478256457500001,0.84493225175,0.0,1998.0
0.7765210915565812,0.01124812475,0.7088534712500001,0.84076107025,0.0,1998.0
0.7462976083388668,0.0,0.698946685,0.826585891,0.0,1998.0
0.6112520926942915,0.0,0.7035734802857141,0.8518015225714286,0.0,1998.0
0.6723199394296278,0.0039265893333333335,0.6760276493333333,0.8613620286666666,0.0,1998.0
0.7583813849856352,0.3489549062,0.6142856826,0.860569299,0.0,1998.0
0.7624337984846379,0.167323952,0.596883158,0.831503656,0.0,1998.0
0.7914077217337671,0.0,0.5332196698,0.7663581816,0.0,1998.0
0.666037677421211,0.0,0.42130050471428576,0.6844214807142858,0.0,1998.0
0.7649686530554543,0.0,0.274617546,0.54789695625,0.0,1998.0
0.9047013705478886,0.062284373999999997,0.1920125305,0.3676752435,0.0,1998.0
0.9073580015263257,0.204298651,0.18562254533333333,0.276839851,0.0,1998.0
0.8989208135686138,0.133841278,0.20003863049999998,0.2518364455,0.0,1998.0
0.9166333363151808,0.00439212925,0.19929985325,0.2670095615,0.0,1998.0
0.8436525505163789,0.0,0.22891456766666665,0.285222245,0.0,1998.0
0.6605081699567573,0.0,0.3007518418333333,0.3158717363333334,0.0,1998.0
0.7672861191374507,0.0,0.369750978,0.36870281750000006,0.0,1998.0
0.9084564854262704,0.031449038,0.42846623650000004,0.4725528945,0.0,1998.0
0.9009318115084334,0.12983466025,0.4580050035,0.4994181475,0.0,1998.0
0.9031454743252127,0.0437356135,0.4868639765,0.542928925,0.0,1998.0
0.9234941021767704,0.0,0.5009742066666667,0.595993238,0.0,1998.0
0.8436404467176956,0.0,0.4782103733333333,0.6462243496666666,0.0,1998.0
0.657437265337229,0.0,0.3802479981666667,0.6346476453333333,0.0,1998.0
0.6761970468066962,0.0,0.360264902,0.5922138525,0.0,1998.0
0.8607585392119889,0.003027864,0.39516210166666665,0.6005696556666668,0.0,1998.0
0.9107065045779441,0.13579329350000002,0.5047689515,0.6691282775,0.0,1998.0
0.9096090640891432,0.12218716399999999,0.686580065,0.7668158795,0.0,1998.0
0.9314262003855401,0.00421750725,0.78787722075,0.85373402125,0.0,1998.0
0.8799737429646064,0.0,0.838265374,0.90497379,0.0,1998.0
0.7461844850092135,0.0,0.8430034373333334,0.9200961203333332,0.0,1998.0
0.6388814419398177,0.0,0.8626320782500001,0.9240999114999999,0.0,1998.0
0.780945778956085,0.0,0.8622652085,0.9270578915000001,0.0,1998.0
0.9250756817812682,0.04006763,0.8358780585000001,0.922020399,0.0,1998.0
0.9246039894322078,0.171907182,0.7903023616,0.9006944978,0.0,1998.0
0.9479292176144436,0.004544142,0.723124185,0.8782261295,0.0,1998.0
0.8875620068655891,0.0,0.659195547,0.821725059,0.0,1998.0
0.7508230915197786,0.0,0.5894422229999999,0.7628711296666667,0.0,1998.0
0.6468929120106462,0.0,0.55328731325,0.68662008375,0.0,1998.0
0.7891367161147301,0.0,0.57424035525,0.67553086725,0.0,1998.0
0.9317848216424178,0.0781820325,0.5890394065,0.719615883,0.0,1998.0
0.9346833656406042,0.28009213699999996,0.5838386986666667,0.6789147926666667,0.0,1998.0
0.9310479476686742,0.19294047,0.6263023265000001,0.6429417565,0.0,1998.0
0.9521875739687223,0.00334982825,0.7060024612499999,0.699102879,0.0,1998.0
0.8871627138964454,0.0,0.747860137,0.766695291,0.0,1998.0
0.7434768002871013,0.0,0.764096191,0.7716176066666667,0.0,1998.0
0.6154532467934641,0.0,0.7927434102,0.8331599794000001,0.0,1998.0
0.6773127996047205,0.0008816825,0.862116355,0.9085876335,0.0,1998.0
0.7921732246596501,0.033219497,0.87736656675,0.9044950635,0.0,1998.0
0.7907369955978699,0.017697222999999998,0.8999716366666668,0.8739341930000001,0.0,1998.0
0.8032107636242042,0.0,0.9045853908,0.8750811508,0.0,1998.0
0.7077476977624958,0.0,0.8112557753333333,0.8818067313333332,0.0,1998.0
0.6107038483346139,0.0,0.71427474475,0.87039834825,0.0,1998.0
0.6394136051383525,0.0,0.59787669175,0.719990337,0.0,1998.0
0.7608506239110315,0.0884767885,0.48098069,0.5849225765,0.0,1998.0
0.7779536090251793,0.24925043150000004,0.40408041024999997,0.567626585,0.0,1998.0
0.781619443138754,0.0739690645,0.401761663,0.5987373375,0.0,1998.0
0.8015487679907757,0.0,0.4222611764,0.6385709088,0.0,1998.0
0.66745421114436,0.0,0.40322578971428574,0.6147923087142857,0.0,1998.0
0.696736504042574,0.0,0.449237475,0.6134658875,0.0,1998.0
0.8796258168940584,0.0037576316666666667,0.47934915166666664,0.6198331796666667,0.0,1998.0
0.9067516314751608,0.243931013,0.5491351345,0.6882589344999999,0.0,1998.0
0.8951135864995687,0.10108307333333333,0.670655505,0.7697254686666667,0.0,1998.0
0.9060102706906757,0.0,0.7919289203333334,0.844763504,0.0,1998.0
0.8399883337176295,0.0,0.8499923956666665,0.8914278499999999,0.0,1998.0
0.6532139684453206,0.0,0.8712410611666668,0.8771568805,0.0,1998.0
0.7377512025249834,0.0,0.89588439925,0.7967740945,0.0,1998.0
0.8810024062050841,0.010471610000000001,0.884307824,0.921596453,0.0,1998.0
0.8945322365549233,0.06651106325,0.82964925825,0.91246800725,0.0,1998.0
0.8984598089723054,0.047213471,0.7267196215,0.854378376,0.0,1998.0
0.9209343765758415,0.0,0.623352126,0.8170998805,0.0,1998.0
0.8867784465830773,0.0,0.5522603463333334,0.7991684103333334,0.0,1998.0
0.7687677487914641,0.0,0.493765607,0.7523521705,0.0,1998.0
0.6438461764238487,0.0,0.5409193365999999,0.7456048722,0.0,1998.0
0.6809689074273975,0.0,0.5551090295000001,0.757347269,0.0,1998.0
0.8606103117847616,0.001548354,0.573786939,0.7962451973333334,0.0,1998.0
0.9115879540005518,0.134006604,0.5773725590000001,0.8092271015000001,0.0,1998.0
0.906223258186653,0.20686605100000002,0.6136777200000001,0.83042440725,0.0,1998.0
0.9239957933525001,0.0058476985,0.6435878349999999,0.846215018,0.0,1998.0
0.8705507620745374,0.0,0.621153648,0.823777792,0.0,1998.0
0.6782428103070439,0.0,0.5464207837142857,0.7606508831428572,0.0,1998.0
0.7586096267721936,0.0,0.52276633525,0.7663929,0.0,1998.0
0.9045081859452695,0.0576550825,0.542368993,0.808314708,0.0,1998.0
0.899595940045088,0.176180327,0.6122272004,0.8520922808,0.0,1998.0
0.91511793289284,0.00512441675,0.5925528965,0.8574379052500001,0.0,1998.0
0.8194023914756153,0.0,0.4462489165,0.752529515,0.0,1998.0
0.6372613097009954,0.0,0.330264298,0.5711228906,0.0,1998.0
0.7672211540728969,0.0002483044,0.34236378879999996,0.5124502892,0.0,1998.0
0.8887117681688027,0.089706527,0.451685031,0.5872166801666666,0.0,1998.0
0.901203969247703,0.00518911,0.43324318075,0.64892716625,0.0,1998.0
0.8662855861156571,0.0,0.4677678295,0.7077084499999999,0.0,1998.0
0.7367645151791681,0.0,0.49427829733333334,0.7317007183333334,0.0,1998.0
0.6007843189662649,0.0,0.5483232611666667,0.7994812713333332,0.0,1998.0
0.6796638754889903,0.0025495369999999997,0.5242054473333333,0.8195309156666667,0.0,1998.0
0.7586453323575326,0.26947267,0.48540323939999996,0.781517594,0.0,1998.0
0.7616806021287919,0.10283298049999999,0.43071716699999996,0.744252778,0.0,1998.0
0.7926832051133836,0.0,0.3780440342,0.662793392,0.0,1998.0
0.7077785685894309,0.0,0.312970506,0.4974032403333333,0.0,1998.0
0.6050722194281843,0.0,0.2549338843333333,0.4381613553333333,0.0,1998.0
0.6798740233358215,0.0,0.18887167933333335,0.415120117,0.0,1998.0
0.7601989389393343,0.034344625000000004,0.1605308845,0.389145643,0.0,1998.0
0.7599407110947665,0.0888337515,0.15489236899999997,0.3720565699999999,0.0,1998.0
0.7659103608801612,0.009919701,0.171472058,0.405103968,0.0,1998.0
0.7948917342879577,0.0,0.18451158739999998,0.40317190519999996,0.0,1998.0
0.7132100517357781,0.0,0.15743649033333332,0.30842038366666663,0.0,1998.0
0.6338276078498526,0.0,0.17639093150000001,0.261773957,0.0,1998.0
0.6901905201893257,0.0,0.1989623425,0.23605112649999999,0.0,1998.0
0.8754718413636148,0.0013046476666666665,0.22136451633333332,0.2738507526666667,0.0,1998.0
0.9199935855103095,0.128798811,0.2150656095,0.259069334,0.0,1998.0
0.9128486623382972,0.22021567749999998,0.22214512,0.285503211,0.0,1998.0
0.9145973555829271,0.11409913833333335,0.240991922,0.3124197113333333,0.0,1998.0
0.9461011413742573,0.0,0.26906530300000003,0.350798829,0.0,1998.0
0.8560447159618478,0.0,0.2538137596666667,0.3511489026666667,0.0,1998.0
0.665001679307264,0.0,0.2595823768333333,0.3355478575,0.0,1998.0
0.6880390385971409,0.0,0.2791580425,0.3303460945,0.0,1998.0
0.8664303255643131,0.0014096409999999999,0.32376077166666667,0.3888828656666667,0.0,1998.0
0.9104833585527091,0.055432499999999996,0.3686882035,0.424868042,0.0,1998.0
0.8984903219528863,0.10083172666666668,0.37330114200000003,0.4317499673333334,0.0,1998.0
0.8947202560918837,0.0273529085,0.357353123,0.41935209100000004,0.0,1998.0
0.8767722300937556,0.0,0.3680836015,0.42472816183333334,0.0,1998.0
0.6545957972702408,0.0,0.3776422611666667,0.41740879983333334,0.0,1998.0
0.6656266299174665,0.0,0.38032218900000003,0.410089668,0.0,1998.0
0.8442938756899245,0.000463223,0.3840388663333334,0.42166508333333336,0.0,1998.0
0.8961784867778282,0.049360354499999995,0.33238177150000003,0.3638680265,0.0,1998.0
0.8919735916229937,0.075061682,0.342180775,0.39426061375,0.0,1998.0
0.9084290953355103,0.00272102625,0.27836311675,0.33232589825,0.0,1998.0
0.8444978523852852,0.0,0.24410290466666665,0.26819414399999997,0.0,1998.0
0.6584923349396173,0.0,0.236413816,0.23400669,0.0,1998.0
0.6797501228480574,0.0,0.17049158949999998,0.16772371349999998,0.0,1998.0
0.8616522266762695,0.000599511,0.15106292433333332,0.139749845,0.0,1998.0
0.9043711590684433,0.099713494,0.1290713654,0.1254632766,0.0,1998.0
0.8995730798438324,0.069179466,0.127056091,0.12150983300000001,0.0,1998.0
0.9218307172987755,0.0,0.13418639166666665,0.11963544366666667,0.0,1998.0
0.8436558298824465,0.0,0.17304611166666664,0.160038192,0.0,1998.0
0.6553130994100604,0.0,0.31808328049999995,0.29469387966666666,0.0,1998.0
0.7489543883374815,0.0,0.4059699955,0.41103941775,0.0,1998.0
0.896901497995234,0.025114892,0.35759457650000004,0.4167710315,0.0,1998.0
0.8945853101849487,0.17475734933333334,0.29363144799999996,0.356081673,0.0,1998.0
0.8885572652276232,0.150952489,0.2279689065,0.275516026,0.0,1998.0
0.8990968262020571,0.0096137015,0.23623218699999998,0.255187697,0.0,1998.0
0.897407862237246,0.0,0.32835445966666665,0.35098795433333335,0.0,1998.0
0.8171006999064301,0.0,0.4305867685,0.48926358550000004,0.0,1998.0
0.6607334028717553,0.0,0.57858611725,0.6304118605,0.0,1998.0
0.589969071192509,0.0,0.76471870025,0.756092372,0.0,1998.0
0.6659164664587052,0.0005873993333333333,0.7727042996666666,0.8257231973333333,0.0,1998.0
0.7501700650178615,0.04339363,0.6248500260000001,0.7851620914999999,0.0,1998.0
0.7497654841772083,0.11560773374999998,0.523295935,0.7183492382500001,0.0,1998.0
0.7653212819940709,0.009199222,0.3785247925,0.5361792830000001,0.0,1998.0
0.7676093656897878,0.0,0.30643833760000005,0.43583621799999994,0.0,1998.0
0.653530144288828,0.0,0.340166873,0.457920431,0.0,1998.0
0.587582559544899,0.0,0.3715203595,0.46828967050000003,0.0,1998.0
0.6241905475825879,0.0,0.42210299400000006,0.46651328425,0.0,1998.0
0.7131151587548128,0.001715149,0.442890445,0.498594356,0.0,1998.0
0.7532483183080421,0.0484222585,0.4465737975,0.5168369694999999,0.0,1998.0
0.7576933079663822,0.09358040333333333,0.4835527293333333,0.5538110803333334,0.0,1998.0
0.7581433118349532,0.0345924565,0.424060134,0.4887723475,0.0,1998.0
0.7738019335201264,0.0,0.41537037340000005,0.43469528080000003,0.0,1998.0
0.6614322947838034,0.0,0.48880463342857144,0.4710657525714286,0.0,1998.0
0.6652999378108064,0.0,0.50713875,0.45719019699999996,0.0,1998.0
0.8413030919919181,0.0008063613333333334,0.5056253676666667,0.4564183343333333,0.0,1998.0
0.8948391630260808,0.138275066,0.545978957,0.48248820925,0.0,1998.0
0.8930021206767115,0.077865245,0.5640753070000001,0.521599941,0.0,1998.0
0.9048134503876765,0.0,0.5832706616666666,0.5558735939999999,0.0,1998.0
0.8159880103384244,0.0,0.5873197594999999,0.61963620375,0.0,1998.0
