Demand,Avail_Sol,Avail_Wind_On,Avail_Wind_Off,Hyd_In,HydRoR_In
0.7308690015138318,0.0003469527,0.6545581206,0.8506423871,0.0,1930.0
0.9159801756489957,0.22927548499999997,0.5675640151666667,0.7609384178333333,0.0,1930.0
0.8925881536871653,0.014134629428571428,0.6466129658571429,0.8550910367142858,0.0,1930.0
0.6692155554834205,0.0,0.5007557145,0.7194467986666667,0.0,1930.0
0.8179738406157708,0.0003685368,0.543623247,0.7070210060000001,0.0,1930.0
0.9076052360654882,0.06418833900000001,0.7397348711666668,0.8709356813333334,0.0,1930.0
0.87761719119731,0.0012994975714285715,0.6825651624285715,0.8066080845714285,0.0,1930.0
0.7046679478423539,0.0,0.7267128232,0.7770289762000001,0.0,1930.0
0.9014999471048885,0.20975697133333338,0.746559439,0.8745756966666667,0.0,1930.0
0.9004000044661461,0.03697535228571429,0.6936458352857143,0.8700740041428572,0.0,1930.0
0.6796286222644026,0.0,0.41638183700000003,0.6294837772499999,0.0,1930.0
0.8705405512928144,0.06287196511111111,0.5090693047777779,0.655672331,0.0,1930.0
0.9072761621068898,0.03226168357142857,0.47034275814285714,0.7203546115714285,0.0,1930.0
0.6875624527433674,0.0,0.29455544642857145,0.5754589141428571,0.0,1930.0
0.8180418398350457,0.0009208707999999999,0.311724049,0.4546000718,0.0,1930.0
0.9187716929757794,0.18733879883333335,0.3486935906666666,0.441105613,0.0,1930.0
0.8659756759608841,0.008129378999999999,0.3197492342222223,0.362482089,0.0,1930.0
0.6446934081855834,0.0,0.532602971,0.47476757150000004,0.0,1930.0
0.7844884877094868,0.264135343,0.6003097978333333,0.7273508995000001,0.0,1930.0
0.8087150704334383,0.060450466,0.5190788012857143,0.7619313825714286,0.0,1930.0
0.6658281258350242,0.0,0.3817118825714286,0.6600352455714286,0.0,1930.0
0.7299765562659744,0.18335584055555557,0.361650943,0.6160342126666667,0.0,1930.0
0.8117751105699991,0.125066101875,0.44163573462499994,0.6954172051249999,0.0,1930.0
0.6851818806913652,0.0,0.5340585668571428,0.8025351728571428,0.0,1930.0
0.8370226730199024,0.0007062635999999999,0.5323791441999999,0.8164403726,0.0,1930.0
0.940230893681302,0.23133212749999998,0.47210505566666666,0.7104742546666666,0.0,1930.0
0.9295072110861065,0.008027251833333334,0.6010538886666666,0.7435725503333334,0.0,1930.0
0.6907300348073461,0.0,0.6100158702857142,0.6918437712857143,0.0,1930.0
0.7975033305861164,0.0,0.57506188175,0.622752531,0.0,1930.0
0.9289000808194888,0.05200420050000001,0.5973931688333333,0.6613223923333333,0.0,1930.0
0.9124134540171542,0.009732861714285715,0.5703884207142857,0.7194973522857142,0.0,1930.0
0.6833565035210417,0.0,0.3404300928571428,0.5736836631428571,0.0,1930.0
0.8100981878246186,0.0010273921999999999,0.15117604080000002,0.2884035642,0.0,1930.0
0.9234920510986331,0.10597986620000002,0.10680758320000001,0.1644399583,0.0,1930.0
0.7266949890211777,0.0,0.151195787,0.2271889652,0.0,1930.0
0.9002025307351834,0.07269448349999999,0.0874297852,0.14207406969999997,0.0,1930.0
0.9175180948943963,0.009389775999999999,0.152631078,0.14673206616666667,0.0,1930.0
0.7247081408317708,0.0,0.3802191077272727,0.3093750419090909,0.0,1930.0
0.9175910210799265,0.0701761101111111,0.5873061325555555,0.5558357537777778,0.0,1930.0
0.8324103295964694,0.0,0.7132515422857143,0.710236544,0.0,1930.0
0.6160905904753564,0.0,0.70968029,0.786821605,0.0,1930.0
0.7404308210333304,0.04266910985714286,0.6490340571428571,0.8196640559999998,0.0,1930.0
0.7938138626551513,0.028290443624999998,0.49650722999999997,0.744531811,0.0,1930.0
0.6498384582885091,0.0,0.403320244,0.5712320564000001,0.0,1930.0
0.7659229771233707,0.1064944945,0.5885297308749999,0.560723487375,0.0,1930.0
0.8040478461559628,0.006426886,0.7758824228333333,0.6657172405,0.0,1930.0
0.6676897187207949,0.0,0.8402908871428572,0.8919432511428571,0.0,1930.0
0.8486494957250609,0.10326326263636364,0.7359773038181818,0.899306346909091,0.0,1930.0
0.9076899182797248,0.024436472,0.8033567833333333,0.9306103471666667,0.0,1930.0
0.7271161265516087,0.0,0.8432373822727274,0.9351939897272726,0.0,1930.0
0.9287505841960376,0.20672760614285715,0.8512427675714286,0.9316340915714285,0.0,1930.0
0.931367238855965,0.016467221,0.8215291738333333,0.923531513,0.0,1930.0
0.6949406795123595,0.0,0.8415060834285714,0.9239347855714285,0.0,1930.0
0.8257818967209374,0.0037653784000000004,0.9001839822000001,0.9363343547999999,0.0,1930.0
0.9224986798486818,0.339259209,0.8512371845000001,0.9348020611666668,0.0,1930.0
0.9191248808946928,0.018411128666666665,0.6756748211666667,0.8482117488333333,0.0,1930.0
0.6828970888984947,0.0,0.6078313615555555,0.7034987107777778,0.0,1930.0
0.9066647431077863,0.20285239622222223,0.5714341482222222,0.804888168,0.0,1930.0
0.9240208879972233,0.026565519166666666,0.580875718,0.827387592,0.0,1930.0
0.7395459451298643,0.0,0.6036843121818183,0.8386048774545455,0.0,1930.0
0.9328661485303097,0.27600663566666667,0.6304404541666667,0.8313439814999999,0.0,1930.0
0.9111687389871348,0.053243696125,0.586341064125,0.8452662222499999,0.0,1930.0
0.658907079601876,0.0,0.2547003497,0.4591865440999999,0.0,1930.0
0.7906716527186406,0.0829599612,0.1925968506,0.23885386300000003,0.0,1930.0
0.8151283724326995,0.0585411925,0.20960811275000002,0.36876565225,0.0,1930.0
0.6634475142667735,0.0,0.2533853637272727,0.34071735718181817,0.0,1930.0
0.7856506808334601,0.026780940333333333,0.6087361649999999,0.6838806803333334,0.0,1930.0
0.7890123759156673,0.004945800875,0.7334023590000001,0.8718552812499999,0.0,1930.0
0.7016325752110728,0.0,0.6101864311,0.7758757468999999,0.0,1930.0
0.9038146343821154,0.19105527544444445,0.6479706953333334,0.7810809248888889,0.0,1930.0
0.8981490590556769,0.0,0.613857985,0.7376676012500001,0.0,1930.0
0.6796055218885432,0.0,0.7355124117142857,0.8315176497142858,0.0,1930.0
0.7567663349320168,0.0,0.81818016625,0.9184435205,0.0,1930.0
0.8757248382604944,0.110511074,0.8682405452857143,0.9334845848571429,0.0,1930.0
0.8797233482890136,0.02438964266666667,0.8618438795,0.9332897588333333,0.0,1930.0
0.7051302118893443,0.0,0.8588394900000001,0.8726683214545453,0.0,1930.0
0.8984059229600455,0.16897058528571426,0.9107304104285714,0.897824082142857,0.0,1930.0
0.8912286299103641,0.027498014428571433,0.834502326,0.9205904697142858,0.0,1930.0
0.6744480163689123,0.0,0.76125513125,0.905391888125,0.0,1930.0
0.9007773532549389,0.216630657,0.5720387303333333,0.7830917144444445,0.0,1930.0
0.8938922007978324,0.026651275285714288,0.44254783214285714,0.6227709317142857,0.0,1930.0
0.6884707860826332,0.0,0.38512809925,0.57559731875,0.0,1930.0
0.7771954649093035,0.005533712142857143,0.2684671485714286,0.3901127922857142,0.0,1930.0
0.9202211736098684,0.32413030433333334,0.14448860866666666,0.21398816383333338,0.0,1930.0
0.9167272007858956,0.018027522666666667,0.3342045126666667,0.32571175016666665,0.0,1930.0
0.6648783750295372,0.0,0.6120287480000001,0.6045907727500001,0.0,1930.0
0.6757532812504514,0.001846992,0.8300026309999999,0.84123640125,0.0,1930.0
0.7633722865018658,0.052402780375000006,0.89656894975,0.927684472875,0.0,1930.0
0.7747549730388383,0.0,0.8714147645,0.9090368265000001,0.0,1930.0
0.6436161200219629,0.0,0.7958537592727274,0.8622661397272728,0.0,1930.0
0.7453342641586816,0.07659727411111111,0.7772486115555556,0.8803267094444444,0.0,1930.0
0.7030101736373668,0.0,0.8367082756363636,0.9051088269090909,0.0,1930.0
0.7820231363090249,0.002660928,0.7849082806,0.9079883678,0.0,1930.0
0.8957826670325603,0.2720070745,0.7085118781666666,0.8698234445,0.0,1930.0
0.9107449179220937,0.04930821116666667,0.45112743716666664,0.6452019311666667,0.0,1930.0
0.6957414756282306,0.0,0.37772437771428574,0.4425179518571428,0.0,1930.0
0.839061942074504,0.0105042612,0.430118711,0.40865465619999997,0.0,1930.0
0.9235174826115021,0.204145274125,0.5199489883749999,0.5115777655,0.0,1930.0
0.8832621292254661,0.0,0.7401082062,0.7933779684,0.0,1930.0
0.6697419983752809,0.0,0.853162593875,0.9291072842500001,0.0,1930.0
0.908755419729363,0.21398645844444447,0.844806151,0.930943382888889,0.0,1930.0
0.9251665053901729,0.044931281833333336,0.8079224423333332,0.9231843384999999,0.0,1930.0
0.7157348421384138,0.0,0.8266483160000001,0.910941341111111,0.0,1644.5555555555557
0.9426225467443226,0.300608867,0.8614484305555555,0.9052294352222222,0.0,1563.0
0.9446905361019727,0.0587536135,0.8630126906666667,0.9186279665,0.0,1563.0
0.7198272574497615,0.0,0.775480843,0.9081004026666667,0.0,1563.0
0.8041644426105273,0.0,0.5992828374,0.8425550601999999,0.0,1563.0
0.9485200884297281,0.3674353822857143,0.29606511714285716,0.5553178394285714,0.0,1563.0
0.944882394064019,0.03388751933333333,0.21436625566666664,0.31654497083333333,0.0,1563.0
0.7045136856051412,0.00123038375,0.3068531745,0.37226814558333327,0.0,1563.0
0.8348805093284315,0.186055255,0.41459882066666665,0.5319601705,0.0,1563.0
0.8552888812819797,0.03770197733333334,0.4593657933333333,0.615177938,0.0,1563.0
0.67867460004922,0.0,0.41855008299999996,0.641836847875,0.0,1563.0
0.7836343092098552,0.242510828,0.2847791945,0.510894565375,0.0,1563.0
0.8467018224859716,0.140785318875,0.183874618125,0.43933706725,0.0,1563.0
0.7610658913796311,0.0,0.18324361009090911,0.4147155009090909,0.0,1563.0
0.9678387646911129,0.3791005988571428,0.2272331014285714,0.38494488742857147,0.0,1563.0
0.9610113248320369,0.04466607166666667,0.23633703800000003,0.3673413095,0.0,1563.0
0.7361564557865713,0.0,0.3053414153333333,0.3545005013333334,0.0,1563.0
0.9644951380680252,0.24902015485714288,0.44404614742857146,0.5325302414285715,0.0,1563.0
0.9652947012309824,0.152764577875,0.484669253125,0.688445767375,0.0,1563.0
0.7330685843766058,0.0,0.3811556348571428,0.5928134934285714,0.0,1563.0
0.8921138829762404,0.0297303452,0.2590540288,0.47587800500000005,0.0,1563.0
0.9711369252528249,0.2920972125,0.33274600375,0.3813987955,0.0,1563.0
0.8170153006904555,0.0,0.48410390959999994,0.49838439329999995,0.0,1563.0
0.8368030835578327,0.006949112833333333,0.39305169016666675,0.5717598850000001,0.0,1563.0
0.9464550895198688,0.13069382866666665,0.444244202,0.6248418448333333,0.0,1563.0
0.9556892458761239,0.026591785,0.57750156725,0.73085697725,0.0,1563.0
0.760504311444143,0.0,0.656270562875,0.8064441985,0.0,1563.0
0.8299116481269558,0.0133132575,0.6406535963333333,0.878572885,0.0,1563.0
0.9623180263452319,0.42947743512500003,0.5565266442499999,0.8073349036249999,0.0,1563.0
0.947962957847327,0.00032329725,0.47351200275,0.7092843497499999,0.0,1563.0
0.693376809363097,0.0,0.6839040524000001,0.7017054694,0.0,1563.0
0.8040701868963399,0.12073066925,0.706225910125,0.8308874530000001,0.0,1563.0
0.8222852466664293,0.028575047500000002,0.5653070589999999,0.7946419933333334,0.0,1563.0
0.67226034061978,0.0,0.7270584684999999,0.889002040875,0.0,1563.0
0.7935841339798796,0.29845991969999996,0.7467144771,0.9214898717000001,0.0,1563.0
0.8489527248011302,0.06562635128571428,0.7283571995714285,0.9147403955714285,0.0,1563.0
0.7446709374246988,0.0,0.6099174546666667,0.8307925314444444,0.0,1563.0
0.9590845097859597,0.430318934625,0.587237042625,0.7032394737500001,0.0,1563.0
0.9504678882533831,0.0731963285,0.7031851580000001,0.8286186281666668,0.0,1563.0
0.7201805273966855,0.0,0.8214104866666666,0.9066250655000001,0.0,1563.0
0.8281259800197921,0.012536156333333335,0.738165171,0.8666641595,0.0,1563.0
0.9613086442531796,0.33718399483333333,0.5168672325,0.8211155763333333,0.0,1563.0
0.9377024285250977,0.07502843557142858,0.4310123132857143,0.5903001807142857,0.0,1563.0
0.702291870640667,0.0,0.6133251112857143,0.6752282267142856,0.0,1563.0
0.9123662375000676,0.014759709499999999,0.8433078362499999,0.81661332275,0.0,1563.0
0.949647464893151,0.13217809275,0.88319359925,0.912864422375,0.0,1563.0
0.7778811424212566,0.000274778,0.7898368015384617,0.8938571179230768,0.0,1563.0
0.9394594372751727,0.39134584972727265,0.844648868909091,0.866618389818182,0.0,1563.0
0.9423607165160618,0.00142326175,0.7556760725,0.8615999665,0.0,1563.0
0.7242137028822556,0.0,0.6742916135,0.8174199496666666,0.0,1563.0
0.8424610816245468,0.036819906,0.559131544,0.6178965785,0.0,1563.0
0.9401961174708525,0.4351018231666666,0.5409919073333334,0.5295544114999999,0.0,1563.0
0.9231387251905415,0.037265946142857144,0.5474244221428571,0.6139176502857142,0.0,1563.0
0.6712981907827281,0.0,0.44550205325000003,0.51152405175,0.0,1563.0
0.7918514242106888,0.29235768855555555,0.25992099266666663,0.29097318677777784,0.0,1563.0
0.835991782828014,0.07563123,0.17152372549999997,0.2492692553333333,0.0,1563.0
0.6778929570674384,0.0,0.1672647675,0.27886047175,0.0,1563.0
0.7737060299099825,0.07196507899999999,0.24291778620000004,0.357623101,0.0,1563.0
0.8048471735120855,0.00682587525,0.27721269275,0.376772175625,0.0,1563.0
0.7434857484702286,0.0042658833,0.22125766180000003,0.3915533017,0.0,1563.0
0.9170764832763106,0.10471304333333332,0.215978805,0.34088097666666667,0.0,1563.0
0.9215731154829001,0.025815617750000002,0.2925176655,0.33923244975,0.0,1563.0
0.7522867554762118,0.0,0.409787016125,0.527032565625,0.0,1563.0
0.8076561348308774,0.034115674,0.49773446650000003,0.6491809725000001,0.0,1563.0
0.9324721920826861,0.46522311983333325,0.5013503721666667,0.6529704821666666,0.0,1563.0
0.9301935977300495,0.08453966266666667,0.34619417783333334,0.5639141798333334,0.0,1563.0
0.7178661953717452,0.0,0.16809824783333335,0.3376937156666666,0.0,1563.0
0.8311272129662929,0.03189238916666667,0.09265722100000001,0.23840855633333333,0.0,1563.0
0.9473683450731698,0.36731432399999997,0.07272151575000001,0.1746481595,0.0,1563.0
0.8063672433239837,0.0012951156,0.2178307323,0.3217860625,0.0,1563.0
0.8332799243038839,0.027503303833333336,0.3103722765,0.4855130501666667,0.0,1563.0
0.9594320229432002,0.298361297,0.4227175346,0.5476202738,0.0,1563.0
0.9415660101293254,0.06515364425,0.4058962797499999,0.570210808875,0.0,1563.0
0.7072893784147689,0.0,0.46793689071428574,0.6780341885714286,0.0,1563.0
0.921542125460066,0.052703390999999995,0.5116685710000001,0.70724697325,0.0,1563.0
0.9652434983795725,0.35697413214285717,0.6194687852857143,0.7874840285714286,0.0,1563.0
0.9355267147165396,0.0330648035,0.6790843941666665,0.8571998659999999,0.0,1563.0
0.6817558120326249,0.0,0.648432256857143,0.8226867022857143,0.0,1563.0
0.7524400510177017,0.0668484615,0.56359448425,0.78193219225,0.0,1563.0
0.83393269745688,0.5367775891666667,0.5322267015,0.7304144098333333,0.0,1563.0
0.8555444334884396,0.11523598716666668,0.5341942793333333,0.771191049,0.0,1563.0
0.7003998264953409,0.0,0.5436939903333333,0.830464697,0.0,1563.0
0.721675881954095,0.05419920766666667,0.5311930655,0.7996907743333334,0.0,1563.0
0.8355640488848314,0.6077244478571429,0.4674739377142857,0.7218593294285712,0.0,1563.0
0.8501862143786649,0.062174043166666665,0.5190844010000001,0.7834689925,0.0,1563.0
0.7740402213516306,0.0048710755000000005,0.5439235028,0.8118731823,0.0,1563.0
0.9786744483626263,0.4110432276666667,0.5533696376666667,0.7563135520000001,0.0,1563.0
0.9900127679907562,0.1427577536,0.386821782,0.6428205012,0.0,1563.0
0.7793643061656875,0.0,0.33714080477777775,0.5630571082222223,0.0,1563.0
0.8896666903731891,0.06310463820000001,0.3550818652,0.5880842744000001,0.0,1563.0
0.9807963933032399,0.6016008643333334,0.40855004433333336,0.5690096188333333,0.0,1563.0
0.9501971657745658,0.10952453357142856,0.4950894917142857,0.6765294542857142,0.0,1563.0
0.7196144115853679,0.0,0.5507678561666667,0.7117969696666667,0.0,1563.0
0.8856130694362607,0.06630672239999999,0.6637036272000001,0.8598016672,0.0,1563.0
0.9812125301969911,0.5510304523333334,0.768004636,0.9254771823333333,0.0,1563.0
0.9484054425934875,0.09921707014285715,0.795933490142857,0.9317203132857143,0.0,1563.0
0.7023477561969477,0.0,0.8087157975,0.9293940416666668,0.0,1403.0
0.85754160436434,0.0422305798,0.8530987407999999,0.9352005292,0.0,1371.0
0.9772773033988594,0.32387301766666665,0.8974064030000001,0.936215883,0.0,1371.0
0.967597741769588,0.04703696066666666,0.9091610431666667,0.9301928943333334,0.0,1371.0
0.7311384686533723,0.0,0.9030982155,0.9293633495,0.0,1371.0
0.8328234064845789,0.010713717999999999,0.8957290810000001,0.9274085785,0.0,1371.0
0.9795143690635628,0.13783423533333333,0.8745753559999999,0.9270276558333332,0.0,1371.0
0.9484244032963988,0.024616790285714285,0.8295990531428572,0.8976924362857144,0.0,1371.0
0.6811176059072814,0.0016901122000000002,0.7321792612999999,0.8442095845,0.0,1371.0
0.8060426708463171,0.201497023,0.694805145,0.7877186261428571,0.0,1371.0
0.828875524318553,0.043981549833333335,0.6334803296666667,0.7507549398333334,0.0,1371.0
0.6638579773407183,0.0,0.5369568254444445,0.7565829746666666,0.0,1371.0
0.7594640213741366,0.150998129625,0.541496604125,0.706395473625,0.0,1371.0
0.8060683393609839,0.11299141399999998,0.44054723425,0.583857533,0.0,1371.0
0.7297054320301603,0.0,0.329456189,0.5315996382222222,0.0,1371.0
0.8037385421432818,0.023530079,0.23848001633333335,0.45524552399999996,0.0,1371.0
0.9384917404495366,0.1847205585,0.21734021133333334,0.37678515633333337,0.0,1371.0
0.9191703023031926,0.033442167142857145,0.3353885502857143,0.4784575335714285,0.0,1371.0
0.7059198078340805,0.0,0.350947057,0.44735582355555553,0.0,1371.0
0.9375581967870626,0.2232529224,0.2455172881,0.2397216862,0.0,1371.0
0.7833704427165294,0.005733712181818182,0.25410371227272727,0.2282158241818182,0.0,1371.0
0.8373110904698045,0.0582372042,0.28990206020000003,0.32461164420000005,0.0,1371.0
0.933352687499509,0.5345117813333334,0.34753145583333334,0.4458006176666667,0.0,1371.0
0.9202975829414216,0.1175796877142857,0.34495552542857144,0.5593990507142858,0.0,1371.0
0.6804796480836731,0.0,0.3592372248333333,0.563677164,0.0,1371.0
0.8362429853906713,0.06630868320000001,0.4025453942,0.5716644026000001,0.0,1371.0
0.939171627964917,0.5264110155,0.3889789356666667,0.5732527496666667,0.0,1371.0
0.9140518688990078,0.121645401,0.3176993272857143,0.5544070697142858,0.0,1371.0
0.6839547124277461,0.0,0.25435053150000003,0.3751013715,0.0,1371.0
0.8489724189152372,0.08217924699999998,0.21044123559999997,0.2908089484,0.0,1371.0
0.939173005324756,0.4244274882,0.2553730848,0.36384982540000005,0.0,1371.0
0.9451247691576521,0.10231594116666666,0.38544276916666664,0.5563948461666667,0.0,1371.0
0.6949777863823474,0.0,0.470326697125,0.7375324037500001,0.0,1371.0
0.6346228397039335,0.00758896,0.56953133425,0.7932936859999999,0.0,1371.0
0.7506606158826411,0.12647939585714285,0.6343976444285716,0.8080859847142857,0.0,1371.0
0.7722139919356895,0.05036928228571429,0.603647273,0.7380999,0.0,1371.0
0.6423199311958522,0.0,0.27516761642857146,0.3722348075714286,0.0,1371.0
0.6789074445147398,0.04465781175,0.21214958250000002,0.371936068,0.0,1371.0
0.7717780645801822,0.2724578203333333,0.23499298600000001,0.40593647466666666,0.0,1371.0
0.7268625733406007,0.0,0.22949925537500002,0.49864429974999996,0.0,1371.0
0.6582448768083365,0.0,0.17634836725,0.440912126,0.0,1371.0
0.9130459163185995,0.155769556375,0.221783076375,0.48133790249999997,0.0,1371.0
0.9245155103611555,0.08842354271428572,0.32906925128571424,0.4647635245714286,0.0,1371.0
0.6950382747875642,0.0,0.21918589000000002,0.4981596584285714,0.0,1371.0
0.8060018650934887,0.029278969499999998,0.15447008674999999,0.36213920499999996,0.0,1371.0
0.9272883071922449,0.34237441009999997,0.2487406919,0.2331784952,0.0,1371.0
0.7745443009429747,0.0,0.5275732195555556,0.6183418654444445,0.0,1371.0
0.7880793734007757,0.029891840333333336,0.7250438444999999,0.8150263329999999,0.0,1371.0
0.9149547619727995,0.21920822799999998,0.8502517595,0.8984625116666667,0.0,1371.0
0.8970904406967454,0.032610604571428566,0.891299732,0.9255593462857143,0.0,1371.0
0.6874003270439987,0.0001810727777777778,0.8229878276666667,0.8741779653333334,0.0,1371.0
0.9112617314500865,0.214798022,0.7127640469999998,0.7677404097777778,0.0,1371.0
0.8961683207025332,0.04428473466666668,0.6492554665,0.7830017715,0.0,1371.0
0.6637734122076049,0.0,0.547848211,0.6887600921428572,0.0,1371.0
0.8468280744077701,0.05886814525,0.5194672149999999,0.61501466825,0.0,1371.0
0.9129898774807271,0.3014480687142857,0.5728643444285714,0.5451856377142857,0.0,1371.0
0.9020641624169357,0.04401688566666667,0.6233704171666666,0.6204685373333333,0.0,1371.0
0.6528801522304926,0.0,0.746533293,0.8201406807142858,0.0,1371.0
0.7012004766965256,0.06361997624999999,0.8486682944999999,0.90910425075,0.0,1371.0
0.8153819234941965,0.34527137516666667,0.8750539594999999,0.9287911984999999,0.0,1371.0
0.8147606062221835,0.08099785737500001,0.787986085,0.917702713875,0.0,1371.0
0.6661331517795996,0.0,0.7672728732857141,0.8866947622857142,0.0,1371.0
0.7870940574094583,0.260126425875,0.8303808517500001,0.8820146463749999,0.0,1371.0
0.823442587789697,0.090174119125,0.730099071,0.880362218375,0.0,1371.0
0.7184962389760159,0.0010910324444444444,0.6110073990000001,0.8197359651111111,0.0,1371.0
0.960451655968041,0.39774566599999994,0.5893881791111111,0.7871407878888887,0.0,1371.0
0.9076473269645206,0.057044389142857144,0.4404797041428571,0.6925382280000001,0.0,1371.0
0.7107172717597663,0.001099474375,0.290277413375,0.5337424315,0.0,1371.0
0.9449295483890351,0.5067869342,0.2171280184,0.4253474454,0.0,1371.0
0.9369836560085213,0.584457243,0.1674109215,0.34173991800000003,0.0,1371.0
0.8748619031670731,0.068078650125,0.16009278275,0.26283133075,0.0,1371.0
0.7275696271714741,0.002806552285714286,0.29779886171428566,0.3048204938571429,0.0,1371.0
0.9412135533145805,0.338085898,0.44985793420000003,0.40584658960000003,0.0,1371.0
0.9296482686309071,0.23517615216666665,0.6048408836666667,0.5960377178333334,0.0,1371.0
0.8646034671240775,0.0010716573999999999,0.5764961458,0.7104156094,0.0,1371.0
0.69167383801894,0.0018105525,0.550264721,0.70624130675,0.0,1371.0
0.9211140561206729,0.2884725327142857,0.5972589711428571,0.6942934932857143,0.0,1371.0
0.939789729265447,0.09951258720000002,0.6696722406,0.7528842738,0.0,1371.0
0.7333758696875103,0.0,0.6641053581111112,0.8410383500000002,0.0,1371.0
0.8102141432686267,0.0546919178,0.6801369476,0.8841976779999999,0.0,1371.0
0.9166881996942914,0.29874426800000004,0.49629133328571423,0.6535202638571429,0.0,1371.0
0.9023740328659827,0.03595802666666667,0.3048963015,0.40449387783333335,0.0,1371.0
0.6492224281276184,0.0,0.2944441765714286,0.40216710185714283,0.0,1371.0
0.6812017351083264,0.11193840175,0.202616364,0.317114656,0.0,1371.0
0.7719496152452036,0.4689915263333333,0.1722681035,0.2042105805,0.0,1371.0
0.777042768231897,0.0951066925,0.17335775150000002,0.220192258125,0.0,1371.0
0.6411376546392855,0.005428046125,0.20083824025,0.25028739725,0.0,1371.0
0.7661037243224159,0.5190271777142857,0.16367243842857143,0.190847328,0.0,1371.0
0.782334163503722,0.29534561960000005,0.1914792984,0.1751449386,0.0,1371.0
0.6992242654506364,0.0,0.1491073549,0.17468951689999995,0.0,1371.0
0.9151989109137347,0.10188943866666667,0.13345158566666668,0.1612643453333333,0.0,1371.0
0.9187433860471229,0.46886222883333345,0.18597985799999997,0.17301016783333334,0.0,1371.0
0.9199284080253709,0.18791741324999997,0.2738583555,0.334182387,0.0,1371.0
0.7459854665326229,0.000547733,0.520696887,0.650358274,0.0,1371.0
0.7129659772430789,0.0,0.6609892085,0.76075905525,0.0,1371.0
0.9200092012729415,0.1221490699,0.611684121,0.7986451353999999,0.0,1371.0
0.9110809115148686,0.05809550025,0.50409607875,0.67342453425,0.0,1371.0
0.6916865860085365,0.0,0.3112216425714286,0.5150740484285714,0.0,1371.0
0.7997139749430322,0.00529608075,0.2427768265,0.35265129125,0.0,1371.0
0.9455452259024166,0.3394288833,0.2667236378,0.36705174449999994,0.0,1371.0
0.759539875397052,0.014488332181818182,0.18366985754545453,0.31057851200000003,0.0,1371.0
0.895864758583141,0.11629722839999998,0.17776329059999998,0.3378672136,0.0,1371.0
0.9452803863932426,0.396386491125,0.24536840562499998,0.44755884325,0.0,1371.0
0.8930108408143212,0.035987904,0.35302909775,0.58090923175,0.0,1371.0
0.6768143495330994,0.0,0.3304563752857143,0.488654955,0.0,1371.0
0.8558675108520998,0.014562526333333332,0.2841348973333333,0.31494661733333335,0.0,1371.0
0.9405361283444145,0.28031748666666667,0.3015900983333333,0.3099616095,0.0,1371.0
0.9498322423556375,0.26667528125,0.39276959475,0.44540163925,0.0,1371.0
0.8379331314405228,0.0231828675,0.46520933033333334,0.6254314726666667,0.0,1371.0
0.625177622464084,0.0,0.4894665206666666,0.6747361793333333,0.0,1371.0
0.7271701873220983,0.08505752425,0.48451747125,0.65762733575,0.0,1371.0
0.7879688034881687,0.3551992674,0.39661617400000004,0.5900933615999999,0.0,1371.0
0.8138601849318389,0.28042043925,0.34166042425,0.533137187,0.0,1371.0
0.673694340425853,0.0046692986,0.2147731142,0.3612399951,0.0,1020.5
0.6686675879612911,0.12067051259999999,0.1969836372,0.22369552320000002,0.0,670.0
0.7705699702277048,0.360699878,0.2482366905,0.19210951133333334,0.0,670.0
0.7931042223296587,0.12117659374999999,0.3501678175,0.36119070350000004,0.0,670.0
0.676003683342753,0.0,0.50296190675,0.65810631825,0.0,670.0
0.7488651477747214,0.0141405794,0.6123089418000001,0.8287346806,0.0,670.0
0.8727979894993014,0.1502432237142857,0.6375669805714287,0.8324110064285714,0.0,670.0
0.8688463328494886,0.06936614425000001,0.58015204775,0.79351703925,0.0,670.0
0.687324876131733,0.0,0.4968723043749999,0.7302737677500001,0.0,670.0
0.6920597152922774,0.003905924,0.4666448795,0.69833033525,0.0,670.0
0.8527701775316918,0.2622694885,0.47305057009999996,0.7501881835,0.0,670.0
0.8382046407491534,0.03826563275,0.346101353,0.7116531072500001,0.0,670.0
0.6444174102331207,0.0,0.36382392249999995,0.65003227975,0.0,670.0
0.8338589414771608,0.15919710316666666,0.5376027331666666,0.6302492879999999,0.0,670.0
0.8699224798495506,0.35630361783333336,0.652078756,0.8201944921666667,0.0,670.0
0.8446349597764163,0.06006810425,0.5791544477499999,0.8179568220000001,0.0,670.0
0.6552515505697308,0.0,0.3945030675714286,0.6967023005714287,0.0,670.0
0.8057319030283739,0.21238753260000004,0.285779911,0.40346278199999996,0.0,670.0
0.8707716275040217,0.5955545355,0.398486387125,0.2843832895,0.0,670.0
0.8424991297225024,0.03969201675,0.47035244924999997,0.59722582325,0.0,670.0
0.648759187587632,0.0,0.6351386997142857,0.8414998908571428,0.0,670.0
0.7446219705183058,0.012671315666666669,0.7468200326666667,0.909867364,0.0,670.0
0.85458961193312,0.28320664925,0.78075928925,0.8905046858750001,0.0,670.0
0.8410534963595693,0.12256642440000001,0.6892142024,0.7587521152000001,0.0,670.0
0.710087079684496,0.0,0.55150883175,0.6266055002500001,0.0,670.0
0.5882623469776878,0.007883138,0.29351341228571426,0.4045604141428571,0.0,670.0
0.7252318955647568,0.21771504,0.13737602699999998,0.2784621251428571,0.0,670.0
0.7385602915686534,0.099568508125,0.09567155375,0.23860445249999998,0.0,670.0
0.5979871540210506,0.000229572625,0.057100009624999996,0.086622189625,0.0,670.0
0.7251815431679657,0.24177259825,0.04432072175,0.047887293374999994,0.0,670.0
0.7577353546430983,0.23028589725000004,0.043326791,0.0607212805,0.0,670.0
0.6753238330796053,0.005226816166666666,0.06018528658333334,0.13507447566666667,0.0,670.0
0.8559827401864302,0.23944519800000003,0.11077866628571428,0.18477049199999998,0.0,670.0
0.8676661405149833,0.25962312275,0.27168233525,0.27697120275,0.0,670.0
0.8008079125298768,0.024377467166666666,0.3569469653333333,0.46588371549999996,0.0,670.0
0.614750595980991,0.0,0.4715127473333333,0.6133445089999999,0.0,670.0
0.8459665024504619,0.10772761822222221,0.5190352176666666,0.5950131559999998,0.0,670.0
0.8705818191682596,0.121629522,0.43326961175,0.5093891134999999,0.0,670.0
0.720158279840309,0.001480183375,0.32695889762499997,0.42893992837499995,0.0,670.0
0.6457750909461639,0.00074668725,0.26878022999999995,0.3918145385,0.0,670.0
0.8677175758902115,0.20276264160000004,0.24522469289999999,0.36872764469999997,0.0,670.0
0.8682739564026201,0.07102201775000001,0.26175905,0.41564951825,0.0,670.0
0.6688818222251979,0.0,0.31303028571428576,0.46027395800000004,0.0,670.0
0.7071297567910775,0.013923406,0.33776161575,0.49514217725,0.0,670.0
0.87471492490943,0.25078886042857146,0.29100410285714284,0.3522085554285714,0.0,670.0
0.8801743777123976,0.1342319928,0.2508388304,0.3141856382,0.0,670.0
0.6871777288526127,0.00022300590909090907,0.17184412645454542,0.18290889618181821,0.0,670.0
0.8629737784645392,0.13139881350000002,0.10469078875000001,0.107216731875,0.0,670.0
0.8392812535511344,0.0695328015,0.09878754312499999,0.12254996400000001,0.0,670.0
0.5959427009839661,0.00102954275,0.18151126825,0.234324349125,0.0,670.0
0.708085433578941,0.32097743624999997,0.312178790375,0.303089611375,0.0,670.0
0.7233169060547915,0.230414583,0.382032144,0.38240410140000003,0.0,670.0
0.6289364165288891,0.0013216292727272728,0.46511842145454546,0.5813772091818182,0.0,670.0
0.7169551440822612,0.328240060875,0.5711531715,0.6960403188750001,0.0,670.0
0.7524934942888412,0.2233740102,0.6172870413999999,0.755058339,0.0,670.0
0.6618486917403124,0.0,0.5808130438750001,0.7910523033750001,0.0,670.0
0.723534086691334,0.0727386112,0.5078056284,0.7233299186000001,0.0,670.0
0.8497661969249752,0.330463372,0.6759863434444444,0.7350241409999999,0.0,670.0
0.8337137250649734,0.02750534475,0.7668531795,0.8018648877500001,0.0,670.0
0.6384246808158378,0.0,0.8639035257142857,0.8791793007142857,0.0,670.0
0.7452697724184676,0.05923200175,0.9015586965,0.924693258,0.0,670.0
0.8356019702906544,0.4151527471666667,0.8825666028333332,0.9256728455,0.0,670.0
0.8281518870612086,0.282125875,0.86379715075,0.90631330025,0.0,670.0
0.7012238969044589,0.009077154333333332,0.755412731888889,0.8637191273333333,0.0,670.0
0.6554856910683446,0.0077964466666666675,0.6483648200000001,0.7633819023333334,0.0,670.0
0.8130967927888791,0.2059434535,0.62991174125,0.7010797172500001,0.0,670.0
0.8126979439065148,0.4534945971428571,0.6919632047142856,0.7358933564285716,0.0,670.0
0.8036450577859161,0.089936497,0.768951521,0.8395091365,0.0,670.0
0.6388407878917371,0.0,0.589660411,0.6749667215714286,0.0,670.0
0.7138140666023823,0.066878745,0.3386494723333333,0.421853759,0.0,670.0
0.8163507830066193,0.5517251886666666,0.2668182668333333,0.2665123666666666,0.0,670.0
0.8076799997301942,0.57466236725,0.20874397875,0.2415211475,0.0,670.0
0.7755138113563986,0.0653295235,0.158662601,0.19849260850000003,0.0,670.0
0.647814854182982,0.023969411,0.19827738112499999,0.209244416375,0.0,670.0
0.8222101129316561,0.6122905365714286,0.275867043,0.2293517965714286,0.0,670.0
0.8081571988661713,0.3005900787142858,0.18664330642857144,0.20688743514285715,0.0,670.0
0.6195356166495826,0.0,0.0876371477142857,0.1317517037142857,0.0,670.0
0.6312588676764133,0.2165171682,0.0990163626,0.19988610020000003,0.0,670.0
0.6976724028738647,0.7504361832,0.2290297716,0.29750267080000004,0.0,670.0
0.6934076920320248,0.49556976750000004,0.27972391274999997,0.36671193025,0.0,670.0
0.6936026922111939,0.026981343199999997,0.3586696342,0.47062434160000005,0.0,670.0
0.5782028088110851,0.005943656571428571,0.342303093,0.4162928607142857,0.0,670.0
0.671569593923901,0.31174719275,0.36055238324999994,0.51621093525,0.0,670.0
0.7026222137344396,0.46954949714285715,0.5510944357142857,0.6425824170000001,0.0,670.0
0.6668397332110474,0.031135004363636365,0.6154717643636364,0.765357377909091,0.0,670.0
0.802294990411502,0.186797047125,0.628500918,0.682267891125,0.0,670.0
0.8385671365402784,0.15197947357142857,0.7296251045714285,0.8166691022857142,0.0,670.0
0.6772290092736016,0.0003115231111111111,0.6744425267777777,0.8190880597777778,0.0,670.0
0.7690562288453602,0.083386323,0.47945379639999997,0.6442965733999999,0.0,670.0
0.856430846657205,0.18665646900000002,0.40114791024999996,0.5163228366250001,0.0,670.0
0.8326776385144264,0.0422292,0.44416815875,0.593808815,0.0,670.0
0.6398598621737319,0.0,0.4786957617142857,0.729294687,0.0,670.0
0.7998423526133916,0.3021116881428571,0.5372531727142859,0.7165779042857142,0.0,670.0
0.856099466521517,0.5262128820000002,0.6562687246666666,0.8113550053333333,0.0,670.0
0.7144803867415992,0.03310969754545454,0.6875346577272727,0.8758191115454547,0.0,670.0
0.7828405128111029,0.2094655144,0.6891288584,0.8500474978,0.0,670.0
0.8527827882014051,0.5461209295,0.57557238575,0.752131286875,0.0,670.0
0.7968636302396953,0.050224689833333336,0.22562319,0.39909317866666666,0.0,670.0
0.6632790347187648,0.017476515999999997,0.137819027875,0.20245513425,0.0,670.0
0.8706062430066376,0.3386515493333333,0.15981531877777774,0.2988969066666667,0.0,670.0
0.8474212181810332,0.116340089,0.173263122,0.3484712728,0.0,670.0
0.6257204877764583,0.0,0.1316430952857143,0.283918708,0.0,670.0
0.6555981227131589,0.1577317734,0.11945014000000001,0.210145055,0.0,670.0
0.7560074370277529,0.45256741737499995,0.093251499125,0.1474679885,0.0,670.0
0.6723861433156888,0.02722104090909091,0.1062397711818182,0.22980259499999997,0.0,670.0
0.6559305611755033,0.1606948332,0.16962153100000002,0.3619792682,0.0,670.0
0.7639301852859557,0.4579604635000001,0.25560152175,0.449965949125,0.0,670.0
0.7647625224219345,0.0968870065,0.28500181175,0.5602339535,0.0,670.0
0.6496947649567739,0.0,0.304929324375,0.5786242222500001,0.0,670.0
0.8280777435008249,0.22305790174999998,0.3482976845,0.6171864985,0.0,670.0
0.8692254416648374,0.5113123535714286,0.31547053457142854,0.5537706295714286,0.0,670.0
0.8673102097858605,0.24664685833333333,0.26182805066666665,0.5134396920000001,0.0,670.0
0.6814829806755212,0.0029924087777777777,0.2976692204444445,0.48218029022222214,0.0,500.55555555555554
0.7457296724773574,0.2068200562,0.45708579579999997,0.555326842,0.0,365.0
0.815081527435605,0.41554916999999997,0.7392012508000001,0.7309800948,0.0,365.0
0.8103675193289199,0.124682687,0.7113559052,0.8371717484000001,0.0,365.0
0.668947918045352,0.000387174125,0.6407337285,0.8535869879999999,0.0,365.0
0.6812312046800129,0.054589961,0.5958514558,0.8287371782000001,0.0,365.0
0.8200614624545425,0.4595007533333333,0.5899893661666666,0.7506265158333334,0.0,365.0
0.8096917310098781,0.396790608,0.6342944076,0.7171095332,0.0,365.0
0.6756969804524682,0.003111263625,0.442376,0.5856804376250001,0.0,365.0
0.6657581028254448,0.045447868749999995,0.35100339125,0.39441415225,0.0,365.0
0.8092619412761811,0.2886993844285714,0.5066888137142856,0.40427648771428576,0.0,365.0
0.7914927536542129,0.07561934442857143,0.41614440614285714,0.5518738957142857,0.0,365.0
0.6256913695644578,0.0,0.3048841527142857,0.40583551471428575,0.0,365.0
0.6978768632870787,0.06447646925,0.28030825675000004,0.26476808875,0.0,365.0
0.8017616645384488,0.30515300300000003,0.28456588766666663,0.24045658,0.0,365.0
0.7846675649876902,0.2000900558,0.2998254334,0.2770228002,0.0,365.0
0.625969687397355,0.007929495454545455,0.25021059890909086,0.2953957259090909,0.0,365.0
0.6387800088612681,0.297694519,0.34866945,0.33743427625000005,0.0,365.0
0.674997896897262,0.5161111957142858,0.4074656898571429,0.37497226685714286,0.0,365.0
0.674419033080282,0.069465441,0.24953813999999996,0.3709974218333334,0.0,365.0
0.5629969975152885,0.033177191375,0.080971953,0.157961276875,0.0,365.0
0.6695934951465793,0.5625608525,0.16121323833333334,0.17568955516666665,0.0,365.0
0.6717957361757423,0.5702343249999999,0.27807485374999996,0.22926090600000001,0.0,365.0
0.674541047913439,0.07529027183333334,0.16710497649999997,0.2065551445,0.0,365.0
0.605771438149352,0.010706820428571429,0.051967458142857144,0.09248471671428571,0.0,365.0
0.7870089298609443,0.510867869875,0.150486674375,0.140849293625,0.0,365.0
0.7825551631053465,0.4294597016,0.18491479839999997,0.191662353,0.0,365.0
0.7175002074214445,0.0079127698,0.2308127152,0.25203307480000003,0.0,365.0
0.6025460104005446,0.014381486333333332,0.27386027116666667,0.3221617593333333,0.0,365.0
0.7768905347754624,0.34807205124999996,0.2984055335,0.37464201275,0.0,365.0
0.7912968603921431,0.5135819095714286,0.43705046714285717,0.4952615291428572,0.0,365.0
0.7814940743900797,0.105094938,0.32106135474999997,0.48211081825,0.0,365.0
0.6266539385993795,0.0,0.29153115957142856,0.38213349428571425,0.0,365.0
0.734575969296599,0.17286739016666666,0.46687589450000005,0.41395228633333336,0.0,365.0
0.798625753946073,0.2997107983333333,0.636017293,0.5999645558333334,0.0,365.0
0.7896297080388415,0.086157854,0.5425243961999999,0.609674136,0.0,365.0
0.6236285291345177,0.000682502625,0.48657756625000004,0.64407159275,0.0,365.0
0.7541303491353847,0.31401498375000003,0.5026759012500001,0.64592309,0.0,365.0
0.8031135989136402,0.5854892687142856,0.401150768,0.4499654105714285,0.0,365.0
0.7626040679299005,0.11374170214285716,0.3511126865714286,0.3950329047142857,0.0,365.0
0.5986060956127457,0.0012535966666666666,0.5723382083333334,0.644807861,0.0,365.0
0.7308892739438916,0.12926548699999998,0.7111466966666665,0.80789638,0.0,365.0
0.807790365315007,0.31980921733333334,0.7774995413333334,0.8070218653333333,0.0,365.0
0.7904654383670032,0.15318056385714285,0.5002916592857142,0.56415047,0.0,365.0
0.6056856805677812,0.0,0.1412711132857143,0.28339708228571425,0.0,365.0
0.5645517067384407,0.11568669133333333,0.054678360333333335,0.10828369,0.0,365.0
0.6899430874109307,0.49870633820000004,0.07984136010000001,0.0963462602,0.0,365.0
0.636828917676783,0.03203725827272727,0.09379637299999999,0.16158002754545453,0.0,365.0
0.581464700944336,0.13959183474999998,0.09873748800000001,0.1602145235,0.0,365.0
0.6863655174831238,0.48104431244444457,0.14798794822222222,0.17151708566666668,0.0,365.0
0.6863957323858636,0.082790549,0.21378033600000002,0.2624362378333333,0.0,365.0
0.6073213420344876,0.018936858571428572,0.23091033528571428,0.402142575,0.0,365.0
0.7901674811571098,0.520589824,0.129579290375,0.35716565812499995,0.0,365.0
0.7840120253292531,0.3536519844,0.13296762059999997,0.36045906699999997,0.0,365.0
0.6595470741207919,0.005577003222222222,0.1341280841111111,0.3224216431111111,0.0,365.0
0.6956598353538093,0.14871403975,0.14752104500000002,0.33250725574999995,0.0,365.0
0.7945388526661807,0.442038699875,0.257905952625,0.31767177925,0.0,365.0
0.7805228075613373,0.1002918054,0.49833442320000004,0.6371850796,0.0,365.0
0.6232607964257078,0.001569032875,0.45404091662499996,0.7221757091250001,0.0,365.0
0.7499454655313962,0.20807671049999998,0.45859933799999997,0.70403584675,0.0,365.0
0.8063737677694451,0.528360290625,0.317722959875,0.5406077995,0.0,365.0
0.7631500720692234,0.09343249666666666,0.26092982933333336,0.5420242671666667,0.0,365.0
0.6079478450655234,0.0029254891666666664,0.18047561233333334,0.42396538933333333,0.0,365.0
0.7579128318375319,0.247490985,0.13613795350000002,0.3554556215,0.0,365.0
0.8022683907653271,0.5823521447142858,0.09567212742857144,0.22362663471428573,0.0,365.0
0.7894300124184339,0.16591844619999999,0.1155881084,0.24326902500000003,0.0,365.0
0.6336444737590738,0.002836059625,0.09781503837500001,0.19824910950000002,0.0,365.0
0.7552478459451866,0.24111367525,0.08014811325,0.1336148075,0.0,365.0
0.795802836647582,0.48552312487500005,0.08594535937499999,0.09242478775000001,0.0,365.0
0.7816316289542022,0.09852550875,0.07081423575,0.0902561585,0.0,365.0
0.606458246433144,0.0,0.09053976099999998,0.09153278114285714,0.0,365.0
0.6102607237304467,0.354910628,0.16832768016666666,0.163794177,0.0,365.0
0.6758094382744965,0.6788992505714286,0.4128180305714285,0.2955143611428572,0.0,365.0
0.6833262066331327,0.12126451375,0.462397085,0.371276355,0.0,365.0
0.5954008689669973,0.0,0.4924102422857143,0.4275068731428571,0.0,365.0
0.5753878493430032,0.12747068900000003,0.44827284325,0.422056899,0.0,365.0
0.6777518306242816,0.4233598165,0.439068479375,0.41214340962499996,0.0,365.0
0.6726532946309047,0.061553497375,0.24627040249999999,0.313969188375,0.0,365.0
0.6027546825303961,0.018089588666666667,0.16291831483333333,0.2411432795,0.0,365.0
0.7874393301595004,0.399869147625,0.19783962175,0.22320674624999998,0.0,365.0
0.7836864198384548,0.23942698780000002,0.2952649332,0.47586612939999995,0.0,365.0
0.7183781419718989,0.009251356399999999,0.3770418832,0.5576927248,0.0,365.0
0.6022133482876024,0.020314153166666668,0.4313680631666667,0.5951796328333333,0.0,365.0
0.7872824869290299,0.4572309176666667,0.30544500716666667,0.4285007081666667,0.0,365.0
0.7894184884388057,0.62300408375,0.184007337,0.35198438325000003,0.0,365.0
0.7591462234595675,0.13121588614285715,0.20831235528571426,0.47662476585714286,0.0,365.0
0.6061582736698066,0.02130043442857143,0.16337163257142856,0.42399212514285717,0.0,365.0
0.7914063444256594,0.624066018,0.11933143662499998,0.31506779225000003,0.0,365.0
0.7851470205693678,0.4551783544,0.1653229112,0.3407183602,0.0,365.0
0.6685210449231508,0.014617833625,0.214568955625,0.43433562962499994,0.0,365.0
0.6474615208819586,0.09614002325000001,0.183693946,0.40986873825000003,0.0,365.0
0.798867230391342,0.6245438134285715,0.12978022485714286,0.267924778,0.0,365.0
0.7847445884397526,0.3505683874,0.1313736732,0.2280686174,0.0,365.0
0.6593113819521467,0.007931807444444444,0.20796575133333334,0.2855615785555556,0.0,365.0
0.6957744157096615,0.1401505065,0.30046579875,0.36808631625,0.0,365.0
0.7958553140019687,0.4773909445555556,0.38183889688888895,0.42820292699999996,0.0,365.0
0.7793344987114698,0.115746425,0.41669597525,0.49575797874999994,0.0,365.0
0.6034352909116253,0.0,0.3945659294285714,0.48351569314285714,0.0,365.0
0.5740218509120553,0.13027292775,0.4057974355,0.58648782525,0.0,365.0
0.6767960755476878,0.5211987153750001,0.431264691375,0.648920170375,0.0,365.0
0.6630193758655196,0.12029451525,0.5611047055,0.7915517496250001,0.0,365.0
0.5520129759282327,0.031694413166666664,0.5807042241666668,0.7764338535,0.0,365.0
0.659870873944228,0.5469797023999999,0.38631174309999994,0.5309443556,0.0,365.0
0.6738737784923527,0.1915955586,0.207898418,0.3671659856,0.0,365.0
0.6140455448887936,0.005061027,0.10486049124999998,0.21262454499999997,0.0,365.0
0.7427859641577484,0.26311320174999997,0.063491775,0.1343853115,0.0,365.0
0.7919786426006667,0.583015976875,0.051174530999999995,0.12462073024999999,0.0,365.0
0.7756519845268821,0.14642396125,0.1216927435,0.32053986575,0.0,365.0
0.6234399002241271,0.00296905175,0.17274572524999998,0.41668624025000006,0.0,365.0
0.7549600143466707,0.2817369646,0.228490939,0.47820804920000004,0.0,365.0
0.7919343439660299,0.5681091051428572,0.29055169000000003,0.502163385,0.0,365.0
0.7793423468150759,0.1381545355,0.33442305725,0.5711288225000001,0.0,365.0
0.6234292851427496,0.002320599625,0.2282984845,0.344817426,0.0,365.0
0.7755493378221313,0.3456722077777778,0.14566584133333332,0.19339291411111112,0.0,365.0
0.7843813298382507,0.2491440844,0.102627384,0.1592299042,0.0,365.0
0.6532877020770738,0.0068500066,0.07017592980000001,0.14277911380000002,0.0,365.0
0.7425466075239786,0.15463132375,0.0419331195,0.12763407675,0.0,365.0
0.7915022547496398,0.37166815575,0.048801142375,0.08161047725,0.0,365.0
0.7765359605449286,0.08713402149999999,0.045816550750000004,0.06477130225,0.0,365.0
0.619912939892916,0.00216079325,0.030766130375,0.044905916250000004,0.0,307.25
0.7707178597589057,0.29122376166666664,0.022475274777777776,0.07528871922222222,0.0,288.0
0.7803140071960863,0.2596330984,0.0562581316,0.196220629,0.0,288.0
0.6193357643473463,0.011301257454545455,0.04908007172727273,0.1553219698181818,0.0,288.0
0.6601727346316943,0.3011113726363636,0.0513889340909091,0.12462872045454544,0.0,288.0
0.6192001326701276,0.03334180990909091,0.043613690000000004,0.07871001390909092,0.0,288.0
0.603887555150093,0.2152946436666667,0.025529648000000002,0.065815139,0.0,288.0
0.6764823582382836,0.4666183234285714,0.033954622142857147,0.10431497142857145,0.0,288.0
0.6721114051414722,0.1183168995,0.06486912725,0.18203894625,0.0,288.0
0.6101734068302547,0.00311012325,0.068499499375,0.18544807875000002,0.0,288.0
0.7376424243744878,0.1900976405,0.07786853775,0.21293614500000002,0.0,288.0
0.7903876646598716,0.37868349587500005,0.12780471375,0.27466978649999996,0.0,288.0
0.6862724236873513,0.0388612275,0.1794415487,0.3928895887,0.0,288.0
0.6420600439733665,0.05890812575,0.1477818105,0.34037334875,0.0,288.0
0.7957433831973524,0.467426868125,0.11105313962499999,0.25321658037500006,0.0,288.0
0.7797455302331029,0.33419578525,0.10522734625,0.25663650225,0.0,288.0
0.6498977239200094,0.014259592300000002,0.09016520210000001,0.22359542009999997,0.0,288.0
0.7712907604210689,0.5191177178888888,0.05226709755555556,0.15825400033333334,0.0,288.0
0.7794922571862848,0.4465209266,0.0590307856,0.1513912286,0.0,288.0
0.6493480735123778,0.0194916894,0.08101124950000001,0.18061162270000003,0.0,288.0
0.7705240491238455,0.5276503503333333,0.06987739088888888,0.15244834122222223,0.0,288.0
0.7794189185845183,0.4018443715999999,0.093106206,0.1911898644,0.0,288.0
0.6630832340816105,0.013515916625,0.082940305875,0.170000166625,0.0,288.0
0.6419943745902652,0.07209172275,0.07126865725,0.16213023675,0.0,288.0
0.7927641305719602,0.44021608214285707,0.043608378999999996,0.12541204785714286,0.0,288.0
0.779235142839914,0.31129125579999994,0.049684518999999996,0.1473571998,0.0,288.0
0.6199571625928062,0.021489320909090906,0.03770283181818182,0.134739563,0.0,288.0
0.6539942792053219,0.4037036948571429,0.026357643428571425,0.12529109357142856,0.0,288.0
0.6714013109336502,0.3897964762,0.040352281000000004,0.1286166462,0.0,288.0
0.6027261743890754,0.028542524249999996,0.052834708666666674,0.12157677725,0.0,288.0
0.6592283607747671,0.36823453450000004,0.048730922100000004,0.1389748733,0.0,288.0
0.6724361273950443,0.1407174912,0.0967009818,0.2524350386,0.0,288.0
0.6171492748207442,0.0,0.10202176349999999,0.27166994549999995,0.0,288.0
0.6681060647379378,0.126628372,0.1009650948,0.318355152,0.0,288.0
0.7941062555936149,0.48612527175,0.13874066300000001,0.364180639375,0.0,288.0
0.7734834293653969,0.14705966740000004,0.2479899518,0.5330760006,0.0,288.0
0.6195989925876239,0.004594087375,0.20159257849999998,0.42636915724999996,0.0,288.0
0.7685832843320781,0.247136737,0.16191353987499998,0.32847667625,0.0,288.0
0.7810189460974913,0.2569365755,0.09613216633333332,0.27492877016666667,0.0,288.0
0.6636921512239713,0.010925776625,0.054926286000000005,0.134307080875,0.0,288.0
0.6421097375635165,0.078958083,0.12875047625,0.1265548605,0.0,288.0
0.7894646693497642,0.24622796289999999,0.5206456429,0.45233020879999997,0.0,288.0
0.7718632411554462,0.03291780675,0.7551091750000001,0.7878472365000001,0.0,288.0
0.6215114721286555,0.0,0.8746016302857142,0.8773074114285714,0.0,288.0
0.725310114894544,0.17701360933333332,0.9162635826666667,0.915809865,0.0,288.0
0.7956588649379237,0.60049849125,0.84697066175,0.8407283725,0.0,288.0
0.7761701364164125,0.3002218618571429,0.6744312701428571,0.6428169398571428,0.0,288.0
0.6288742751896149,0.0,0.4844986281666667,0.5111824651666667,0.0,288.0
0.6422610543113828,0.07550202025,0.365894406,0.4049942775,0.0,288.0
0.7925196472758687,0.3543596497142857,0.38239807657142855,0.3553076895714286,0.0,288.0
0.779357027971199,0.26002211859999996,0.30540773899999996,0.4069530545999999,0.0,288.0
0.6483639433678734,0.0089893775,0.29533684137500005,0.39416070999999997,0.0,288.0
0.5509702113934216,0.047115718,0.38287452349999995,0.53932041975,0.0,288.0
0.6702937147619431,0.303939156375,0.521231028625,0.6186638492500001,0.0,288.0
0.6736876505433662,0.2103874748,0.5075202992000001,0.6805468643999999,0.0,288.0
0.5893190520012135,0.008755922599999999,0.3254809345,0.563719418,0.0,288.0
0.6370583518308668,0.15017362674999998,0.3766828955,0.5386999375,0.0,288.0
0.6756973996961249,0.16192341175,0.5816896806249999,0.6990282802500001,0.0,288.0
0.6279786038976115,0.00836616290909091,0.5580651095454546,0.7489706663636365,0.0,288.0
0.77055996317774,0.30914384522222227,0.6324454772222222,0.667791848,0.0,288.0
0.7808804449948995,0.20467313025,0.7319316497499999,0.788804217,0.0,288.0
0.6601669943598679,0.015557782272727276,0.5159738246363635,0.6868648752727272,0.0,288.0
0.737385716927087,0.1476109185,0.31529483375,0.32286948425,0.0,288.0
0.7920512097927552,0.2397446105,0.42770598087499995,0.4026647565,0.0,288.0
0.7727516219562229,0.056040549249999995,0.4587484915,0.614116488,0.0,288.0
0.6192131208979041,0.002025516375,0.5489349056249999,0.666485961125,0.0,288.0
0.7373398691843543,0.12149768524999999,0.551951154,0.7148416479999999,0.0,288.0
0.7908323469584226,0.36162212925000004,0.48345104137500006,0.5963109288749999,0.0,288.0
0.7489199698946646,0.06336471183333332,0.500992242,0.5442332313333332,0.0,288.0
0.6172935670289332,0.066450797875,0.579793659,0.789454909625,0.0,288.0
0.7955571448962874,0.5539095963333334,0.5733980395000001,0.6721391003333332,0.0,288.0
0.7830614632161635,0.5271811860000001,0.5017107937499999,0.5473896580000001,0.0,288.0
0.748876413920541,0.11844272233333332,0.4062987366666666,0.4909462985,0.0,288.0
0.6181739543664855,0.0653887135,0.29946631274999996,0.48454957787499997,0.0,288.0
0.7898783974179885,0.6404220689,0.16801342700000002,0.28161696680000003,0.0,288.0
0.7718578973128081,0.19098195399999998,0.173709461,0.243659731,0.0,288.0
0.6002967504264821,0.0,0.15713585114285714,0.15580819614285715,0.0,288.0
0.5890097375702776,0.2530181252,0.151831444,0.1509693062,0.0,288.0
0.6790510718889365,0.6742665552,0.13280597619999998,0.1299339662,0.0,288.0
0.6720988772105144,0.3816683184,0.13024327460000001,0.13041101540000002,0.0,288.0
0.6389393563245914,0.0220173015,0.08619910600000001,0.08809312866666667,0.0,288.0
0.5497017593482897,0.07927040816666665,0.06693361566666668,0.07624165983333335,0.0,288.0
0.6709627684587073,0.7482986757000001,0.05126205700000001,0.05320710990000001,0.0,288.0
0.6340864973584841,0.08285997909090909,0.06569675427272728,0.07811563927272727,0.0,288.0
0.7122621235090562,0.34175625159999995,0.048405533199999996,0.05303820640000001,0.0,288.0
0.8019935307406542,0.755895368,0.029224252125,0.060722949125,0.0,288.0
0.751677627758928,0.10941633766666665,0.05423638483333334,0.09491643500000001,0.0,288.0
0.6010592929052534,0.028998143285714286,0.047158195714285714,0.079419766,0.0,288.0
0.77613854586429,0.48695534825,0.030122936,0.08857256675,0.0,288.0
0.8021485554436354,0.7978257065,0.05934613783333333,0.14490976833333333,0.0,288.0
0.7836774999771455,0.38222334566666666,0.08467343033333334,0.22492898066666667,0.0,288.0
0.6632052209460725,0.022453443,0.100654395125,0.25204942962500004,0.0,288.0
0.6140839228025553,0.08617599933333335,0.08711789066666666,0.2670622773333333,0.0,288.0
0.7884396864994361,0.721986083375,0.07990973312500001,0.25368133162499995,0.0,288.0
0.7859343014328305,0.5808940472,0.1145125106,0.2846180188,0.0,288.0
0.6498627470199353,0.041084257090909085,0.12550165281818185,0.3216393559090909,0.0,288.0
0.7733247809867526,0.5314306597499999,0.07117746075,0.2546532045,0.0,288.0
0.7985882626724035,0.8209630362857144,0.12045610414285714,0.32137123085714286,0.0,288.0
0.7757911713292148,0.22401666125000003,0.18038038499999998,0.43464447375,0.0,288.0
0.6192222211319941,0.008866550125,0.182216903875,0.406895607125,0.0,288.0
0.738017647464255,0.38456097275,0.10344329175,0.32627274575000004,0.0,288.0
0.7985357949207255,0.80249510125,0.124703594,0.28688992399999996,0.0,288.0
0.774707191103948,0.22139559775,0.19609782250000002,0.36480335875000003,0.0,288.0
0.5991000728186126,0.0,0.1964131424285714,0.4672937888571429,0.0,288.0
0.5885797945008476,0.3138154412,0.1468998352,0.4227113537999999,0.0,288.0
0.6833984764326336,0.8745966056000001,0.15194475940000002,0.372751577,0.0,288.0
0.6753312578763903,0.531615576,0.1926599692,0.4323652394,0.0,288.0
0.612121060769748,0.022656193499999998,0.23005712550000001,0.533612298,0.0,258.5
0.5394611574330486,0.07831368999999999,0.26069278,0.473171214,0.0,229.0
0.6656503219191897,0.5716147152000001,0.24914970909999998,0.41076203399999994,0.0,229.0
0.6771627759844746,0.26459187766666664,0.321612953,0.6296141016666666,0.0,229.0
0.6269569833380735,0.012097114375,0.340593848125,0.599468738875,0.0,229.0
0.6620660233133432,0.17630680380000002,0.30901342420000005,0.4979446542,0.0,229.0
0.8005774809969075,0.7715911565,0.24623198975,0.491064634,0.0,229.0
0.7507653852944572,0.20471734728571428,0.3039755234285715,0.627288568,0.0,229.0
0.5850789856149398,0.009620700166666668,0.2838334896666667,0.5300552243333333,0.0,229.0
0.7329198884540525,0.38541834025,0.213823443,0.444869235,0.0,229.0
0.7936946315506184,0.7822984281250001,0.167151546,0.35877197125,0.0,229.0
0.6921404846369411,0.09508862277777778,0.13799042544444445,0.31291015955555557,0.0,229.0
0.62240395681662,0.09002447659999999,0.0743546614,0.2606410916,0.0,229.0
0.793358019880846,0.6304719582857142,0.05359836271428572,0.13691569171428572,0.0,229.0
0.7840660231092966,0.41682996825000007,0.09263381125,0.10013460225000001,0.0,229.0
0.672126074109227,0.037435011222222224,0.13900043822222222,0.12852404844444443,0.0,229.0
0.6354540364998646,0.09338560825,0.17124516925,0.19079566925,0.0,229.0
0.7947905091494036,0.5605572111,0.08983917379999999,0.20648194179999999,0.0,229.0
0.7711909409274353,0.14902349425,0.1281504885,0.225496986,0.0,229.0
0.6131333737606416,0.004789082125,0.0642437585,0.080537937125,0.0,229.0
0.7327458657814682,0.25774421125,0.04099697275,0.045490945000000005,0.0,229.0
0.7966648670069695,0.528767320125,0.070855141875,0.091478371125,0.0,229.0
0.7735507443604005,0.11639658824999999,0.09459701375000001,0.14988227075,0.0,229.0
0.5820267898235861,0.040512737300000004,0.062123266100000005,0.08634837129999999,0.0,229.0
0.678264922404743,0.5298114786,0.0789542768,0.09744469209999998,0.0,229.0
0.6719458082323251,0.09550815933333333,0.12078135933333334,0.16286508883333334,0.0,229.0
0.5560973796587445,0.0,0.1229486372,0.1473126604,0.0,229.0
0.5684480171045327,0.17809250324999998,0.1064423525,0.12889263075000001,0.0,229.0
0.686945667484149,0.48050324566666663,0.11504893188888889,0.12595138955555557,0.0,229.0
0.6762876110343486,0.1069964178,0.12956974,0.20163183440000002,0.0,229.0
0.6055448750946821,0.0176687175,0.094635008625,0.163878988875,0.0,229.0
0.7744096109003065,0.29532302875,0.08305666575,0.18371077700000002,0.0,229.0
0.7949701912872312,0.446377119,0.12809144585714285,0.31767831785714284,0.0,229.0
0.7669137133623586,0.14746979175,0.18589964124999997,0.45693636525000003,0.0,229.0
0.6130450488403331,0.002303307625,0.154536546,0.361831433875,0.0,229.0
0.7304138437985692,0.19183203650000002,0.09598412025,0.281420948,0.0,229.0
0.7870903010348753,0.45130789012499994,0.064400920375,0.20912767975,0.0,229.0
0.7423485486311674,0.07952797666666667,0.10693198816666666,0.2761348293333334,0.0,229.0
0.5852672958823826,0.0026761048333333332,0.07734610300000001,0.22926008450000002,0.0,229.0
0.7303986282885464,0.1563495145,0.06350201350000001,0.1911383305,0.0,229.0
0.7871188986546535,0.31440308962499997,0.07246957412499999,0.178876680875,0.0,229.0
0.7583213546515454,0.057906824,0.11539093339999999,0.2501170782,0.0,229.0
0.6032577450606237,0.0100719305,0.08220370125,0.15939043975,0.0,229.0
0.777297928096636,0.29366599499999996,0.05423370571428572,0.12289915671428572,0.0,229.0
0.7729241353651375,0.229294069375,0.065494492625,0.15485652325,0.0,229.0
0.6159135461313845,0.0,0.03774677714285714,0.08568510900000001,0.0,229.0
0.7181910540275308,0.21076877516666667,0.02127236066666667,0.059957852666666665,0.0,229.0
0.7865704562705409,0.40395693871428573,0.05131672714285714,0.0907355152857143,0.0,229.0
0.7654613855555785,0.12371992099999998,0.08403134050000001,0.131779791,0.0,229.0
0.5940831954578787,0.0,0.12411413157142859,0.14770488528571427,0.0,229.0
0.6009828027313345,0.2806937763333333,0.22223807483333333,0.2025008315,0.0,229.0
0.6830940776803859,0.44432818175,0.365088225625,0.327813399625,0.0,229.0
0.6307082748047225,0.027420306374999998,0.27889322837499997,0.36127651137500005,0.0,229.0
0.557297260180095,0.08497687466666666,0.23574641633333335,0.2916130556666667,0.0,229.0
0.6808043779025613,0.40752908971428564,0.2769777985714286,0.29437929600000007,0.0,229.0
0.677201763176076,0.21008538825,0.255289342,0.34847114,0.0,229.0
0.6209596744192648,0.0071130832222222225,0.16503048877777776,0.2843427704444445,0.0,229.0
0.6842469749131077,0.148197514,0.105202082,0.13142540949999998,0.0,229.0
0.7972105447942407,0.4598502562857143,0.15966680714285714,0.1528921874285714,0.0,229.0
0.7778262279136998,0.23858848500000002,0.21918744925,0.26586702425000003,0.0,229.0
0.6692898991479382,0.011759301428571428,0.15657955685714284,0.276596337,0.0,229.0
0.5980777149019062,0.031547255999999996,0.117425353,0.259457609,0.0,229.0
0.7783342597961949,0.376400536125,0.11758565612499998,0.20826219362499998,0.0,229.0
0.7704234953286576,0.2000341035714286,0.11726516557142856,0.20765374685714288,0.0,229.0
0.6327190390996625,0.0,0.0685269164,0.1394330196,0.0,229.0
0.6218931624502382,0.0546263258,0.0484760168,0.09479509,0.0,229.0
0.7883680056735205,0.43426907171428564,0.042181584428571436,0.043107302142857136,0.0,229.0
0.7787072972117122,0.29833671775000004,0.05616657825,0.0869006725,0.0,229.0
0.6699138223489229,0.021297838111111113,0.060585438111111105,0.08228477388888888,0.0,229.0
0.6069829431853314,0.04641625566666666,0.03633539533333333,0.07449074866666666,0.0,229.0
0.7836998891369907,0.47543076450000005,0.07627918575,0.10806574225,0.0,229.0
0.7821823168216172,0.33073525600000003,0.14864801600000002,0.2449693216,0.0,229.0
0.643009919642233,0.0089219169,0.1893999063,0.2632993027,0.0,229.0
0.7665365760757451,0.2098609528888889,0.16882033355555556,0.20787078122222222,0.0,229.0
0.7699529273278939,0.08457732842857145,0.14368785557142857,0.20372100542857144,0.0,229.0
0.5943521590111728,0.0,0.09671141114285715,0.125611797,0.0,229.0
0.5643875967247545,0.08947366825,0.059928803999999995,0.09041286300000001,0.0,229.0
0.6753933296249665,0.346943144625,0.08570288825,0.11307478737499999,0.0,229.0
0.6738697240369298,0.19029425033333336,0.15568723799999998,0.16498714966666667,0.0,229.0
0.6040418270468332,0.00652918388888889,0.20065961433333332,0.21671843355555556,0.0,229.0
0.5494746631019095,0.050168867666666665,0.19340050033333334,0.207121278,0.0,229.0
0.6748972722542582,0.2830970641,0.20959173020000002,0.1992631748,0.0,229.0
0.6763150503958959,0.0508300218,0.179860357,0.276508324,0.0,229.0
0.6044678765748487,0.001045663,0.16347452114285715,0.22732385414285713,0.0,229.0
0.7395187744364811,0.1721175405,0.19564993725000002,0.18107794125,0.0,229.0
0.803377383101238,0.37119796675,0.23031833625000003,0.29673843675,0.0,229.0
0.7751409397512725,0.09601105224999999,0.17454641875,0.40801754825000003,0.0,229.0
0.6157352784200705,0.001177185625,0.11330412275,0.23225650812499998,0.0,229.0
0.7676570995212212,0.333335744375,0.11894506724999998,0.112991076375,0.0,229.0
0.7855698145748868,0.3244761733333333,0.17545254983333333,0.182220225,0.0,229.0
0.644049350296097,0.021521358363636365,0.1486253889090909,0.18741659481818182,0.0,229.0
0.7690486937279857,0.42412858,0.1767453285,0.16037914050000002,0.0,229.0
0.7981239808274806,0.5959474912857142,0.21972527014285714,0.17963184414285718,0.0,229.0
0.7729100378606916,0.166409489,0.24765830924999999,0.288688191,0.0,229.0
0.6133849497453038,0.001240876125,0.337104089625,0.2747203975,0.0,229.0
0.7377977323125209,0.307952076,0.3922599595,0.31206583075000005,0.0,229.0
0.8080585431156899,0.558354539,0.43555682225000003,0.3538729465,0.0,229.0
0.7734456331791293,0.094950328,0.32929832039999996,0.4107300682,0.0,229.0
0.6076937685535511,0.0,0.27155815683333334,0.40948547116666667,0.0,229.0
0.7107733411294481,0.1672918742,0.26046545479999994,0.3684329088,0.0,229.0
0.7998795569569093,0.41775826099999996,0.329195975,0.3506443225,0.0,229.0
0.7418752165315975,0.03649791533333333,0.2652361558333333,0.42975439449999997,0.0,229.0
0.5519416954728482,0.005996655428571429,0.45057225100000003,0.6739720384285713,0.0,229.0
0.6314437122030403,0.22976489925,0.5657817395,0.82056391875,0.0,229.0
0.6721312650116686,0.4771289947142857,0.7633964272857143,0.8462641317142856,0.0,229.0
0.6667999580234126,0.081117288,0.6746318736666667,0.8330445476666667,0.0,229.0
0.5531051750419335,0.015587589249999999,0.57855623275,0.7944846704999999,0.0,229.0
0.6665665356202864,0.24172954500000002,0.5420376293,0.7361302083,0.0,229.0
0.6291295604313671,0.02805996218181818,0.3959718590909091,0.6146191089090909,0.0,229.0
0.7037561255030623,0.1428683568,0.3773509888,0.5893067792,0.0,229.0
0.7860049792906345,0.490684414,0.424532103875,0.5083566025,0.0,229.0
0.7647031137081222,0.11764525600000002,0.25333547700000003,0.48091741925,0.0,229.0
0.6156319719401874,0.0,0.29510516842857143,0.4303254292857143,0.0,229.0
0.6819212694694124,0.11556153725000001,0.44018880025,0.53734668625,0.0,229.0
0.7917821599861835,0.40826178816666664,0.6499221551666666,0.5707920486666667,0.0,229.0
0.775582004307527,0.2055517678,0.6595215584,0.6351794550000001,0.0,229.0
0.6505191378446507,0.005690814111111111,0.5011556234444444,0.5539532531111111,0.0,315.1111111111111
0.6867311073947694,0.1193549975,0.39446227824999996,0.395537782,0.0,384.0
0.791191396755615,0.2904709752222222,0.5119411957777777,0.4659535171111111,0.0,384.0
0.7479890243721591,0.028534017166666665,0.43838979533333333,0.5702330353333335,0.0,384.0
0.5892773965758423,0.00034969300000000004,0.32476621450000004,0.49093209016666656,0.0,384.0
0.7373909266954248,0.12775326425,0.2744931705,0.34703122750000004,0.0,384.0
0.7988109040827085,0.29381096612499996,0.255093821125,0.259033199,0.0,384.0
0.7396672563356185,0.03317275828571429,0.19671072457142855,0.27401817742857143,0.0,384.0
0.599392652065634,0.007926074166666667,0.11756799733333334,0.19049791333333335,0.0,384.0
0.7905644710490314,0.3063106601428572,0.10265661271428571,0.10749369657142857,0.0,384.0
0.7906086888361616,0.33570115019999996,0.1598426546,0.1269626656,0.0,384.0
0.644568294024419,0.017783217454545454,0.1585548241818182,0.19563931063636364,0.0,384.0
0.5993117485267132,0.15006709024999998,0.14304023999999999,0.22369388175,0.0,384.0
0.6801332722908002,0.47671956916666675,0.18883111149999998,0.20398077883333332,0.0,384.0
0.6692856165589579,0.15766059925000003,0.19452200825,0.23802661075,0.0,384.0
0.5544093602971341,0.011040672714285715,0.10465170342857143,0.131881679,0.0,384.0
0.6612718322894587,0.441030725625,0.128268017875,0.1181737575,0.0,384.0
0.6794745307014576,0.29261349000000003,0.177384834,0.21288992859999997,0.0,384.0
0.6296441832401055,0.004474724875,0.25013236137499995,0.32280897875,0.0,384.0
0.639868416169998,0.044110534,0.26656612275,0.281892878,0.0,384.0
0.7964564668639635,0.3549718111,0.26098625300000006,0.21852877279999997,0.0,384.0
0.7755288517218859,0.07174951475,0.14797152275,0.19205139025,0.0,384.0
0.6214996216724671,0.0,0.11939549885714286,0.17622384514285713,0.0,384.0
0.724500409111342,0.17098573800000003,0.1987413073333333,0.214399286,0.0,384.0
0.7927897942934393,0.37734660262499997,0.29681504837499995,0.27154185974999995,0.0,384.0
0.6644315954364639,0.0139896306,0.2597081876,0.4294815718000001,0.0,384.0
0.7225114127507025,0.23483853566666668,0.23396099033333337,0.38257689766666664,0.0,384.0
0.7868842374891124,0.500849901125,0.35226157712499995,0.410726511125,0.0,384.0
0.7211623180278702,0.03603663683333334,0.231062663,0.281715588,0.0,384.0
0.633128420495266,0.06264109725,0.22075075787499998,0.22032317375000002,0.0,384.0
0.7909866151458711,0.42501197287500003,0.264746280125,0.32640496237500005,0.0,384.0
0.7722987248537697,0.1336899746,0.2035713646,0.3760745676,0.0,384.0
0.6203873856571233,0.0,0.17716748457142856,0.38566580885714286,0.0,384.0
0.7231513889042209,0.22308268533333334,0.1743585705,0.4056433995,0.0,384.0
0.7962528628393778,0.5145688322499999,0.21071465175,0.41435858049999996,0.0,384.0
0.7779569405387499,0.3523822452,0.208086094,0.40571818400000004,0.0,384.0
0.7295178944124497,0.014463539,0.12510406,0.302131543,0.0,384.0
0.558470977677305,0.03365416575,0.160719587875,0.214905988125,0.0,384.0
0.6664961096719209,0.3718392635,0.28401676066666665,0.33370933016666665,0.0,384.0
0.6698242471724565,0.18061576625,0.41505560550000004,0.5222514225,0.0,384.0
0.6252121139538904,0.0078418325,0.36785224510000003,0.6515687982999999,0.0,384.0
0.5794969645819755,0.047243565833333334,0.29425335750000003,0.5571350968333333,0.0,384.0
0.676082552122545,0.23367786166666668,0.2299823865,0.35251304266666666,0.0,384.0
0.6704310680965326,0.12637354450000002,0.16791721375000002,0.21405259525,0.0,384.0
0.6206884865898126,0.0026464773,0.12981411599999998,0.1705434796,0.0,384.0
0.7349417082884002,0.111645314,0.12038606974999999,0.2172269095,0.0,384.0
0.7917216492633649,0.30304816342857144,0.19227089414285717,0.3363680004285715,0.0,384.0
0.7716076606474105,0.08299813959999999,0.1949833762,0.3048122102,0.0,384.0
0.6199137128853822,0.0,0.21614568514285712,0.34194299357142854,0.0,384.0
0.707925505124734,0.10132847,0.32583815380000003,0.3680348026,0.0,384.0
0.7909805892921661,0.20333209,0.5160371315,0.544983084625,0.0,384.0
0.6967705250120327,0.017733563666666667,0.4788120057777778,0.6097574383333333,0.0,384.0
0.6268301198836213,0.0136404564,0.5133407534,0.6619316622,0.0,384.0
0.7943008935369722,0.2782209612857143,0.706882701,0.7293599289999999,0.0,384.0
0.7808961635703202,0.236794358,0.70431984275,0.8150132242500001,0.0,384.0
0.6864884024797071,0.009144730375,0.61091579175,0.8004833367499999,0.0,384.0
0.6021846091318314,0.00597533125,0.5628564112500001,0.7447581387500001,0.0,384.0
0.782244732915776,0.34233387775,0.54716184425,0.697598722375,0.0,384.0
0.7774308166013502,0.33059113800000006,0.5412361742,0.5940507291999999,0.0,384.0
0.6618468582894379,0.002232914625,0.45996059525,0.558151375875,0.0,384.0
0.6395203709260429,0.03486066,0.44695616699999996,0.486127401,0.0,384.0
0.7886747003981694,0.20484022177777775,0.6808782853333333,0.6388266034444444,0.0,384.0
0.7311033328478225,0.020990151875,0.703507686125,0.749229762,0.0,384.0
0.549564573127819,0.011896166142857144,0.6687242801428572,0.7372502745714286,0.0,384.0
0.66678954604402,0.25735874983333334,0.6752916221666667,0.7109637568333333,0.0,384.0
0.6719969421428048,0.14504678499999998,0.49344640674999996,0.6164906966249999,0.0,384.0
0.5781888157186031,0.0044459338,0.4380920571,0.6886702535,0.0,384.0
0.6692114204619609,0.21786416000000003,0.34413612539999994,0.6155234128,0.0,384.0
0.6697926645911471,0.0359171484,0.12371461859999999,0.3327554506,0.0,384.0
0.6101911321848633,0.002597410375,0.076369037625,0.157075528375,0.0,384.0
0.7849981834706924,0.16618620150000002,0.07521054825,0.1096987615,0.0,384.0
0.7762261113812648,0.09631440842857143,0.08066529528571428,0.1761025312857143,0.0,384.0
0.6279861179697109,0.0,0.049368355499999995,0.11793421850000001,0.0,384.0
0.6396261864191141,0.01956383775,0.08176427874999999,0.0875547955,0.0,384.0
0.7908256100689599,0.2483957014,0.3137794973,0.2902712638,0.0,384.0
0.749767112636777,0.03932308216666667,0.5086432113333333,0.5368121616666667,0.0,384.0
0.6147896465266915,0.00815433825,0.433416304875,0.487157317,0.0,384.0
0.7898238903242933,0.25089784155555556,0.312719139,0.4158486847777778,0.0,384.0
0.7717976791397464,0.08342461239999999,0.2371074764,0.3495074966,0.0,384.0
0.61999769452469,0.0,0.2516241787142857,0.30639347328571426,0.0,384.0
0.7083523625554513,0.08490944,0.3328281708,0.4356229894,0.0,384.0
0.7889247497235408,0.380730630375,0.519889841375,0.607672651375,0.0,384.0
0.7475568707614189,0.04739859116666666,0.5771975036666667,0.7778330188333333,0.0,384.0
0.6149550552628618,0.021868454250000002,0.5635313496250001,0.803416129625,0.0,384.0
0.7910754084794103,0.445622719,0.5741349939,0.764009433,0.0,384.0
0.7798064370433494,0.0770019135,0.45621096124999994,0.73725589875,0.0,384.0
0.5859830760978343,0.0222800275,0.3714886886,0.6510513969,0.0,384.0
0.6708497196672575,0.5231879488,0.16036711150000002,0.260177779,0.0,384.0
0.6760329442490797,0.0421697155,0.11002066016666667,0.11020153799999999,0.0,384.0
0.5572081005005074,0.003607789375,0.36537064675,0.437087993375,0.0,384.0
0.6747851849786433,0.077623404,0.6443985209,0.8482254418,0.0,384.0
0.6701158552600741,0.0160433032,0.5697238322,0.8380464159999998,0.0,384.0
0.6005694532829963,0.0,0.6140735906666667,0.8345079000000001,0.0,384.0
0.7337401052212337,0.1633267512857143,0.5893977761428572,0.7757193731428572,0.0,384.0
0.7861128332371318,0.26302349166666666,0.47728543100000004,0.6145818181666667,0.0,384.0
0.7705666014112944,0.04660892225,0.20504984299999998,0.3160994735,0.0,384.0
0.620085930798742,0.0,0.20831428700000001,0.2340927707142857,0.0,384.0
0.7079448056971765,0.13047231080000002,0.32801286279999997,0.264628657,0.0,384.0
0.7888447704223562,0.29385481750000003,0.407592515125,0.34749123375,0.0,384.0
0.6685215480054176,0.008212968416666666,0.22900497641666664,0.32254834425,0.0,384.0
0.768910764009981,0.3460553882222222,0.31838943044444445,0.39276341366666667,0.0,384.0
0.7779733969816574,0.2979400168,0.3359707944,0.3819256864,0.0,384.0
0.6530231390610006,0.0,0.15165041888888886,0.2106213263333333,0.0,384.0
0.7109406961932885,0.16081430260000001,0.0554205332,0.08049361120000001,0.0,384.0
0.7906242790023528,0.45041889285714287,0.04266639957142857,0.03538956957142857,0.0,384.0
0.7730470468429509,0.081501547,0.0776424168,0.06314991760000001,0.0,384.0
0.6200791655072934,0.0,0.15808586885714287,0.12200594085714286,0.0,384.0
0.6869337276365253,0.1079232755,0.257418694,0.24789684,0.0,384.0
0.794647567479446,0.5590613531666666,0.39149878216666667,0.3206205445,0.0,384.0
0.7787481924373751,0.26581184025,0.37024357225000004,0.33079737974999995,0.0,384.0
0.7174044603280327,0.009199016166666666,0.3381977881666667,0.3682615251666666,0.0,448.8333333333333
0.552024274853768,0.0009220835,0.21863726866666663,0.3208948916666667,0.0,773.0
0.6593049381143319,0.254387845375,0.134039646,0.22007407224999997,0.0,773.0
0.6747848763985781,0.1400225264,0.12674892239999996,0.20982343520000005,0.0,773.0
0.5995003006895809,0.0004869178181818182,0.27401396190909094,0.4026006683636364,0.0,773.0
0.6593070007803035,0.314734781,0.41648168312499995,0.44076169062500004,0.0,773.0
0.6749360880529756,0.18198699980000002,0.3040587828,0.3853379314,0.0,773.0
0.6290373839869886,0.0,0.20976274577777776,0.2536465233333333,0.0,773.0
0.696182115717724,0.0746832315,0.17584283225,0.33707912125,0.0,773.0
0.7951486896584801,0.3855783125555556,0.21094784577777778,0.35555973566666665,0.0,773.0
0.7810779002047348,0.04858712225,0.23988540325000002,0.3769618025,0.0,773.0
0.626385748048191,0.0,0.17073983214285718,0.353054312,0.0,773.0
0.7194621400984802,0.108727909,0.1236810876,0.331083002,0.0,773.0
0.7962653393403246,0.35871958225,0.114284959375,0.290888731625,0.0,773.0
0.7049259854233216,0.01385740088888889,0.139518442,0.36057259233333333,0.0,773.0
0.6348274700345622,0.0177169662,0.1377833694,0.34725238759999993,0.0,773.0
0.7978702599672943,0.3188656204285714,0.17922083214285717,0.30050603899999995,0.0,773.0
0.7833314968046012,0.083653675,0.23960660757142854,0.30778224457142855,0.0,773.0
0.6265365329474355,0.0,0.18814168799999997,0.30621826114285716,0.0,773.0
0.6977186487302254,0.06886121875,0.17508544525000003,0.2737209045,0.0,773.0
0.7982588622211795,0.30195816444444445,0.2517832691111111,0.33033405633333335,0.0,773.0
0.7597383218562149,0.023774963333333333,0.2872778381666667,0.4696144856666667,0.0,773.0
0.6242541151637869,0.0154929205,0.28787508175000004,0.49630234100000004,0.0,773.0
0.8042570996568115,0.3566077281666667,0.303869388,0.4520783918333333,0.0,773.0
0.7903004163251556,0.22451376139999998,0.3169676668,0.47558918740000006,0.0,773.0
0.7505180655996229,0.0032098532,0.29037494119999996,0.3841839702,0.0,773.0
0.5605295938076669,0.00023321957142857143,0.32065978785714283,0.385360998,0.0,773.0
0.662432387580358,0.158858954125,0.303074599125,0.50315908725,0.0,773.0
0.6761286049128129,0.11409771275,0.38657495625,0.50436994525,0.0,773.0
0.612450302893597,0.0007635213636363636,0.4303137274545455,0.6063696891818181,0.0,773.0
0.6036462942721493,0.10287466775,0.5673990477499999,0.69274412475,0.0,773.0
0.6784875307394027,0.391869820125,0.68783893325,0.76535364225,0.0,773.0
0.6779970844804994,0.028007306,0.6592323723333333,0.715396599,0.0,773.0
0.6216525682607449,0.007520496625,0.6082953062500001,0.62273868275,0.0,773.0
0.7949054450484383,0.15600019039999996,0.6377132364,0.6966766627000001,0.0,773.0
0.7373580105389644,0.006291118428571428,0.7245431755714284,0.8552096837142856,0.0,773.0
0.6205799122459411,0.006196179285714286,0.7397792340000001,0.8581466775714285,0.0,773.0
0.795720777929573,0.2980049255,0.6873245837499999,0.7290210552499999,0.0,773.0
0.7852035762738372,0.10976553225,0.60104090275,0.65471507625,0.0,773.0
0.662168286680904,0.006594397750000001,0.47809139358333336,0.5746222625,0.0,773.0
0.8050932341813789,0.4510237253333333,0.4089718188333334,0.4091279865000001,0.0,773.0
0.7928837338124419,0.2368918401428571,0.3765895657142857,0.3532244881428572,0.0,773.0
0.6441836322744418,0.0,0.4649096052500001,0.441823363875,0.0,773.0
0.7030773410586278,0.07789843325000001,0.48364545225,0.49231961625,0.0,773.0
0.8021973434868297,0.405444616,0.5666966915,0.4839962996666667,0.0,773.0
0.780250068474687,0.08899312875000001,0.49588650812500007,0.514549386,0.0,773.0
0.614726034242813,0.0,0.53692949525,0.57343240425,0.0,773.0
0.7911992791788831,0.26145897570000004,0.5331127622000001,0.6422053014,0.0,773.0
0.7773637848357757,0.06132745566666667,0.40173255,0.6484734831666666,0.0,773.0
0.5728405728703616,0.007936635222222222,0.2706497177777778,0.42155862166666663,0.0,773.0
0.6736958709308861,0.288978048875,0.310088473,0.311648058,0.0,773.0
0.6794651040163516,0.05467950619999999,0.46070970859999993,0.49853783279999997,0.0,773.0
0.6039019061159197,0.0,0.724184419,0.71525457675,0.0,773.0
0.5931587522841353,0.0530779466,0.7023976438,0.8078516272,0.0,773.0
0.6797418052032512,0.313528906,0.6582486265,0.6652039891666666,0.0,773.0
0.674940258809588,0.15680896933333335,0.47258196666666663,0.5038149023333333,0.0,773.0
0.6316655594367818,0.00037877836363636367,0.34533708354545456,0.4412232009090909,0.0,773.0
0.7433745399109651,0.05016762075,0.44388445600000004,0.52562823525,0.0,773.0
0.7944532723385658,0.22573025375,0.6902097835000001,0.733464837625,0.0,773.0
0.7786169878804245,0.022440116,0.7811059775,0.8630932382500001,0.0,773.0
0.6261913752266653,0.0,0.605340444,0.83268617,0.0,773.0
0.7159435600183182,0.0285321818,0.533183744,0.7894567,0.0,773.0
0.8012442920564,0.30435332625,0.649572697,0.8086762325000001,0.0,773.0
0.7860555784187437,0.2772379758,0.7988188411999999,0.8679090907999999,0.0,773.0
0.7691516025347609,0.00082748525,0.83462923125,0.8966215445,0.0,773.0
0.6136446477344797,0.0,0.8231559312500001,0.89811808175,0.0,773.0
0.7883662025313039,0.27885780425,0.8429020911249999,0.822188834875,0.0,773.0
0.7873132011447668,0.246132499,0.9144724835,0.9070778142500001,0.0,773.0
0.710938803965259,0.0003464772857142857,0.7760860582857142,0.8596979575714286,0.0,773.0
0.6681067489250975,0.041623394875000004,0.538053762875,0.66048516925,0.0,773.0
0.804495745240204,0.220905226,0.455574974,0.5484707574,0.0,773.0
0.7891991210618963,0.0692259524,0.421137762,0.6288775302,0.0,773.0
0.7423969229805847,0.0,0.511001253,0.74918921775,0.0,773.0
0.6224433505788093,0.007592336375,0.707054854125,0.863972710375,0.0,773.0
0.8035629482540725,0.370819677,0.7801386431818181,0.9057042068181819,0.0,773.0
0.7751521865068128,0.00036062,0.61387587675,0.8378887852499999,0.0,773.0
0.573839865884438,0.0025750254444444442,0.4526780043333333,0.6393633471111111,0.0,773.0
0.6998725637038593,0.21500755411111108,0.30093056977777777,0.39509377411111113,0.0,773.0
0.7080316016115379,0.04007184766666667,0.2226922445,0.3378244903333334,0.0,773.0
0.5767705923930092,0.0021409353333333332,0.2542600374444445,0.4035310899999999,0.0,773.0
0.6991586949697299,0.44407620844444445,0.5102806096666667,0.7736412442222221,0.0,773.0
0.7078319999083672,0.07546332616666666,0.4713112215,0.7711666639999999,0.0,773.0
0.6294649396656857,0.0,0.31252729537499996,0.5269193275,0.0,773.0
0.8046616916871923,0.49077529725,0.214382221,0.30007488075,0.0,773.0
0.7990955159715851,0.282255634,0.1885810515,0.2267261855,0.0,773.0
0.6842443476978419,0.0,0.26124196629999996,0.2251625464,0.0,773.0
0.6963775921114438,0.017556148,0.43337206433333336,0.36470809066666665,0.0,773.0
0.8091493205154968,0.359559734,0.61562358,0.495329494,0.0,773.0
0.7927593163203982,0.252957046,0.723157802,0.5966742572,0.0,773.0
0.6748274530252771,0.0,0.7447980537,0.6532757874,0.0,773.0
0.7194671932758625,0.07303016799999999,0.6362993105999999,0.6234882034,0.0,773.0
0.7956185606648135,0.3237093395714285,0.475534954,0.5178590722857143,0.0,773.0
0.774891774843578,0.029117077500000005,0.3592717646666667,0.42821364716666666,0.0,773.0
0.6069493744083095,0.0,0.434086489,0.4161122838333333,0.0,773.0
0.7196107401717413,0.1215434634,0.4659475876,0.44309794560000004,0.0,773.0
0.7943848751473618,0.445447775375,0.3922126462500001,0.41595093950000006,0.0,773.0
0.7207066926820956,0.00592103125,0.38315349775,0.570060532625,0.0,773.0
0.6281835359554283,0.004031695666666666,0.3277168915,0.592984728,0.0,773.0
0.8078253480944092,0.49655890328571434,0.2176470525714286,0.42551851685714287,0.0,773.0
0.8011782798627891,0.18221254816666665,0.181753737,0.37264292716666664,0.0,773.0
0.6344336182721793,0.0,0.222227639875,0.30290368424999997,0.0,773.0
0.6174580914516391,0.13655428220000002,0.3521306616,0.3355232472,0.0,773.0
0.688623533805439,0.473606533375,0.45712849462500005,0.367073441125,0.0,773.0
0.6945389398920728,0.004992431166666667,0.48017417783333327,0.45591012233333333,0.0,773.0
0.5664836719267912,0.0,0.4443274656666667,0.4967631675,0.0,773.0
0.6218307106141786,0.10542576399999999,0.43895804925,0.53463167,0.0,773.0
0.7012909023559932,0.33045000999999996,0.6094661843999999,0.608861922,0.0,773.0
0.7065140367612306,0.18700067724999997,0.64772465525,0.7088574455,0.0,773.0
0.650150965644588,0.0,0.4814813002999999,0.7634914398,0.0,1168.5
0.7485798919614606,0.05632368025,0.27086823425,0.6100062737499999,0.0,1564.0
0.8374050115571658,0.37821907650000003,0.2610177656666667,0.4638970281666667,0.0,1564.0
0.8197134065092557,0.06357316571428571,0.5996979172857143,0.6189548602857143,0.0,1564.0
0.6487250398070477,0.0005702755,0.7984372591,0.8744732452999999,0.0,1564.0
0.8110324877267245,0.2414079768888889,0.7864069076666665,0.8272987547777777,0.0,1564.0
0.7950191646027488,0.024065855999999997,0.5600104081666667,0.6807936968333332,0.0,1564.0
0.6111905960062846,0.0,0.38056609966666666,0.5513394045000001,0.0,1564.0
0.7386815115308167,0.035338000999999994,0.27662671759999996,0.4270085046,0.0,1564.0
0.8150479496753128,0.14342633933333335,0.40676641183333334,0.39631919050000003,0.0,1564.0
0.7965489386809804,0.019841119857142854,0.4132860392857142,0.4669964334285714,0.0,1564.0
0.6217330394600918,0.0,0.42091633624999997,0.452154300375,0.0,1564.0
0.8117703128856598,0.15963127657142856,0.5983497182857143,0.5828722654285714,0.0,1564.0
0.8047961294050714,0.1615489648,0.4769642578,0.5714200465999999,0.0,1564.0
0.7901969954854562,0.0,0.30047292525,0.42761745925,0.0,1564.0
0.6221372793626875,0.0,0.23150005274999996,0.3082835235,0.0,1564.0
0.8142121699292024,0.23335898869999996,0.1927881943,0.2363432043,0.0,1564.0
0.7405067511350238,0.011354216333333333,0.184200172,0.2387911136666666,0.0,1564.0
0.5695857826827108,0.0003653571666666667,0.271241298,0.37660745966666664,0.0,1564.0
0.7245819418374628,0.31873631757142856,0.340797121,0.5763289498571428,0.0,1564.0
0.7467010301936757,0.1519262346666667,0.3402910895,0.6661410231666667,0.0,1564.0
0.6229494381999255,0.0005969603636363636,0.37620106872727277,0.5382641948181818,0.0,1564.0
0.7184563604767148,0.25464038025,0.649397310875,0.570198296,0.0,1564.0
0.7248386333461294,0.03162020042857143,0.747305668,0.6267041697142857,0.0,1564.0
0.6221132542365974,0.0,0.6908132028749999,0.664011203125,0.0,1564.0
0.8146871744690299,0.17371988333333332,0.620094464,0.6503666298333332,0.0,1564.0
0.8133866188353908,0.1686901558,0.7067058514,0.7256876458000001,0.0,1564.0
0.6956422710653315,0.0003357578181818182,0.7536943402727272,0.718695309,0.0,1564.0
0.7193088825255908,0.02976336775,0.7539729335,0.718276867,0.0,1564.0
0.8131803048548558,0.3692503550000001,0.6849886492857143,0.6412039972857143,0.0,1564.0
0.8047729442406398,0.068946307,0.5660887728333334,0.582826685,0.0,1564.0
0.6392527297768087,0.0,0.5447166303333333,0.6121846451666667,0.0,1564.0
0.7147253880422472,0.09615141833333334,0.5395986563333334,0.6546720149999999,0.0,1564.0
0.8071671512380206,0.6825102448333333,0.5836857525,0.7771969038333332,0.0,1564.0
0.7896636073081942,0.10604306642857143,0.7284558855714286,0.8781988248571427,0.0,1564.0
0.6106646226612468,0.0,0.7072076548333334,0.8869374406666667,0.0,1564.0
0.7338343849852219,0.046381079199999994,0.7094506372,0.9104157150000001,0.0,1564.0
0.8155948215623228,0.2336323695,0.63758278375,0.84776841825,0.0,1564.0
0.8044160856694513,0.11641604950000001,0.552302210375,0.641300692125,0.0,1564.0
0.6319119197240038,0.0,0.6461400582857142,0.8031086390000002,0.0,1564.0
0.7138379798593143,0.00939561175,0.91034193575,0.9067966135,0.0,1564.0
0.8125594055267884,0.13106517557142858,0.9037978832857142,0.8705632644285715,0.0,1564.0
0.7956395464979046,0.021532294999999996,0.8650519866666668,0.9079012848333332,0.0,1564.0
0.6191142796188522,0.0,0.643210563,0.8046717681666666,0.0,1564.0
0.5970251048240687,0.011985635166666666,0.4089519099999999,0.5849760528333333,0.0,1564.0
0.6894184481692825,0.1583889092,0.40889850819999995,0.6820554328,0.0,1564.0
0.686016738065604,0.03336071325,0.5978976813749999,0.803352222375,0.0,1564.0
0.5900184383417646,0.0047926651,0.273614453,0.4310238677999999,0.0,1564.0
0.7292597671573449,0.284571113875,0.152068477125,0.308225938,0.0,1564.0
0.7155747518608822,0.02026319175,0.18389536112500005,0.406557646,0.0,1564.0
0.6353213850123713,0.0,0.21746123799999997,0.38510769714285714,0.0,1564.0
0.8372092258433965,0.33169898537500003,0.19588957212500002,0.29328154962499997,0.0,1564.0
0.8272888766110388,0.0750964405,0.22421549899999996,0.25459998833333336,0.0,1564.0
0.6321032325398874,0.0,0.38793415028571426,0.3540003745714286,0.0,1564.0
0.7189370021841052,0.00981154875,0.5234456375000001,0.47346704149999996,0.0,1564.0
0.8185831617194965,0.2035302975714286,0.6000028948571429,0.6253520905714286,0.0,1564.0
0.8094392912210037,0.054833119166666666,0.5249674003333333,0.6506649238333334,0.0,1564.0
0.6324536287688419,0.0,0.36650010714285713,0.4558976785714285,0.0,1564.0
0.7230917230178622,0.011317066,0.23216707775,0.277878803,0.0,1564.0
0.8275415348664458,0.34361790885714283,0.22838771628571425,0.2094849741428571,0.0,1564.0
0.7941698231410764,0.045477717625,0.225230897875,0.31009921625,0.0,1564.0
0.6432316503907598,0.0,0.1629895695,0.33706318462499996,0.0,1564.0
0.8358810147054134,0.417427474625,0.121982153,0.28650291575,0.0,1564.0
0.8297163989915367,0.06045770166666667,0.17854573233333335,0.28504288650000004,0.0,1564.0
0.640192984188482,0.0,0.33149037085714284,0.29818843528571426,0.0,1564.0
0.7471529420513244,0.02044424125,0.416185452,0.36633118925,0.0,1564.0
0.8362491982871346,0.2992303058333333,0.3212940048333333,0.29375856166666664,0.0,1564.0
0.8223213601689789,0.06863156328571428,0.189227168,0.172582976,0.0,1564.0
0.6142877227628808,0.0,0.2840930561428571,0.26480234614285714,0.0,1564.0
0.6253800191069737,0.043991820599999995,0.395518386,0.36372843600000004,0.0,1564.0
0.6995096241036763,0.31457901140000005,0.40172178379999995,0.40305591539999996,0.0,1564.0
0.7032680269838966,0.054008836500000004,0.40232044325,0.39678687325,0.0,1564.0
0.583404770263358,0.0,0.40095292828571427,0.39960907628571435,0.0,1564.0
0.6346405594749244,0.042307521,0.43603913699999997,0.46312752225000003,0.0,1564.0
0.699421718738377,0.2871349484285714,0.49987758971428564,0.5036246402857143,0.0,1564.0
0.6660723556890137,0.006486621416666667,0.5782627128333334,0.7507791966666667,0.0,1564.0
0.7717460917214278,0.096561955,0.4402773482,0.721741269,0.0,1564.0
0.8399346825514783,0.45400616037499997,0.5129399620000001,0.543592858125,0.0,1564.0
0.8295063703855883,0.0,0.64345666025,0.5934519407500001,0.0,1564.0
0.6323001807225347,0.0,0.7607795212499999,0.7037368456249999,0.0,1564.0
0.7840875104558437,0.0582098125,0.8040227504999999,0.77897764675,0.0,1564.0
0.8273537931897732,0.29162417775000005,0.736488729125,0.7622520662500001,0.0,1564.0
0.8163286547079944,0.0,0.7379449012500001,0.76613687975,0.0,1564.0
0.65005404246248,0.0,0.5637863269,0.6563990158999999,0.0,1564.0
0.8301650202877675,0.288839311,0.435047894125,0.43469610425,0.0,1564.0
0.827016838101406,0.0423971585,0.49495102883333325,0.4996121546666667,0.0,1564.0
0.6336701869860594,0.0,0.4392374471428572,0.5154559561428571,0.0,1564.0
0.7333878915668938,0.01743056225,0.35170183425,0.47308383924999997,0.0,1564.0
0.8422739240826991,0.178136344,0.35329826333333336,0.3779594508888888,0.0,1564.0
0.8233587179721534,0.0,0.5035562339999999,0.5170449610000001,0.0,1564.0
0.630598272509307,0.0,0.5873195535000001,0.7327141544999999,0.0,1564.0
0.7940096632923056,0.0717609105,0.6302953090000001,0.85259751425,0.0,1564.0
0.8582122590074388,0.4070374175,0.7340831436249999,0.8925117011250001,0.0,1564.0
0.7958311957124957,0.0,0.7411364928333333,0.9009871731666667,0.0,1564.0
0.5944219827436777,0.0,0.6877324613999999,0.8782708512000001,0.0,1564.0
0.654216199993494,0.0775838994,0.648428833,0.8715807584,0.0,1564.0
0.7617629068127509,0.58248465675,0.614650352,0.789171255,0.0,1564.0
0.7695678549750982,0.163121871,0.677815097375,0.8521068908750001,0.0,1564.0
0.6142630467506627,0.004542897818181818,0.5068496691818182,0.7548284781818182,0.0,1564.0
0.7319496852666453,0.5282691629999999,0.2615038182857143,0.5422944055714286,0.0,1564.0
0.7732626295189605,0.06651157016666666,0.2159795293333334,0.5151006371666667,0.0,1564.0
0.6659734052477055,0.0,0.34541907689999996,0.5399081397000001,0.0,1564.0
0.8570133916178673,0.35322664677777776,0.4015763238888888,0.5239034012222222,0.0,1564.0
0.844447908029571,0.002885597714285714,0.40821168157142856,0.592817002142857,0.0,1564.0
0.6492213509135378,0.0,0.31630867625,0.48113369874999995,0.0,1564.0
0.8533785798180181,0.20557215444444443,0.2618624026666667,0.4303017298888888,0.0,1564.0
0.8489197969858254,0.003318738,0.18392172266666665,0.37918277166666664,0.0,1564.0
0.6517512169906644,0.0,0.21899713271428572,0.4266333668571428,0.0,1564.0
0.8152198422354227,0.2233257578,0.32441680409999996,0.5472614797000002,0.0,1564.0
0.848586434339725,0.029343711833333338,0.31208200799999997,0.49024340949999995,0.0,1564.0
0.6772187211314753,0.0,0.20705605042857145,0.3658726765714286,0.0,1754.7142857142858
0.7767703220911828,0.034077368600000005,0.17459750720000003,0.3959884376000001,0.0,1831.0
0.8939323964831943,0.38095647442857145,0.19035259842857144,0.4010413001428571,0.0,1831.0
0.8884981471655714,0.0057035705,0.27073225166666665,0.5412709186666667,0.0,1831.0
0.6717028219659085,0.0,0.2743991163333334,0.48529490950000004,0.0,1831.0
0.8472846344968792,0.24337722777777782,0.22863141977777776,0.27463336466666666,0.0,1831.0
0.8843916529206017,0.08109662588888888,0.5381447627777778,0.49500533799999996,0.0,1831.0
0.6277374390268121,0.0013890516,0.8502780608,0.8202048303,0.0,1831.0
0.7300966719793652,0.14350679371428574,0.8864545032857142,0.9159448714285715,0.0,1831.0
0.7421316631140292,0.009827686333333334,0.8723616791111111,0.9184796415555555,0.0,1831.0
0.5980635007656393,0.0,0.785666593857143,0.840820903,0.0,1831.0
0.7240418193144129,0.21663469800000001,0.5601475891666666,0.6168173186666667,0.0,1831.0
0.7587407798721431,0.112647729,0.3256183826,0.44363445640000004,0.0,1831.0
0.6867171429800913,0.0,0.26786315836363633,0.5239331754545454,0.0,1831.0
0.833964507285244,0.083109313,0.1805802316,0.3951159351,0.0,1831.0
0.8677813357435388,0.012038145,0.276762307,0.5065517346666667,0.0,1831.0
0.6833573680780906,0.0,0.42137098116666666,0.6103529553333332,0.0,1831.0
0.7272180214269834,0.0137135245,0.6107658165,0.7579476246666667,0.0,1831.0
0.8584359417279817,0.1324039906,0.7316463896000001,0.8484565378000001,0.0,1831.0
0.8356375862067296,0.024474413,0.7106291922222222,0.8878036234444444,0.0,1831.0
0.6919079669830575,0.0036559592000000004,0.5864147009,0.7930839079,0.0,1831.0
0.8719921486784307,0.15950396133333333,0.7239213505000001,0.7772166476666666,0.0,1831.0
0.8842397386862819,0.019966563500000003,0.5544826418333334,0.7824731184999999,0.0,1831.0
0.6871232452924119,0.0,0.502740114,0.6983334936666666,0.0,1831.0
0.7442244813107098,0.02465131,0.5870246748333333,0.8119934715,0.0,1831.0
0.8716186435435586,0.2750119225,0.6382750188333334,0.8380328128333333,0.0,1831.0
0.8554396800073251,0.01359973475,0.681457474125,0.871027516125,0.0,1831.0
0.6589474236620579,0.0,0.7393378940000002,0.82808485425,0.0,1831.0
0.8680233232789991,0.11958836916666667,0.8445134415000001,0.8977914966666667,0.0,1831.0
0.87247261332385,0.027505398,0.9083158240000001,0.8869190295,0.0,1831.0
0.6579941137473213,0.0,0.7880527522857143,0.9134525088571428,0.0,1831.0
0.6202544898206879,0.001423765,0.56648042025,0.81182716775,0.0,1831.0
0.7429222367502398,0.313653042,0.43793683183333326,0.7090634028333334,0.0,1831.0
0.7725352507541884,0.0650251635,0.37463862166666667,0.6287471620000001,0.0,1831.0
0.6486760236868471,0.0,0.3498270432,0.6596416049,0.0,1831.0
0.714855985696665,0.21247992442857142,0.4272499088571428,0.6693546331428571,0.0,1831.0
0.7567303275209342,0.0704658861,0.5951001336,0.8177576740999999,0.0,1831.0
0.6341743972802728,0.0,0.6289389785,0.8228868736666667,0.0,1831.0
0.7908259409969913,0.02585027925,0.6605358485,0.86487170525,0.0,1831.0
0.8762805365266348,0.2013593287,0.6818135103,0.8819013625000001,0.0,1831.0
0.7282590418769183,0.0,0.6377775595,0.8635554785,0.0,1831.0
0.7395941030170999,0.029905817166666664,0.5619189306666668,0.8393568953333334,0.0,1831.0
0.8709127297571246,0.3672552806666667,0.6150282505000001,0.7966162488333334,0.0,1831.0
0.849806157984596,0.015767837125,0.70908677675,0.829636364625,0.0,1831.0
0.6326263194493846,0.0,0.7956906813333333,0.890857145,0.0,1831.0
0.8227891364650037,0.10571056250000002,0.7736929934,0.8462848294,0.0,1831.0
0.8705985662764227,0.012324249833333334,0.7593243445,0.7882329308333333,0.0,1831.0
0.6829367742091222,0.0,0.6459450555,0.7099450993333333,0.0,1831.0
0.7266688539927229,0.01674627533333333,0.5978936855,0.6266939061666666,0.0,1831.0
0.8575502216711673,0.18588940575000004,0.66948606175,0.6780924655,0.0,1831.0
0.8598540149747789,0.0,0.52203698525,0.5615949652500001,0.0,1831.0
0.6676481367993204,0.0,0.343650333875,0.360122640625,0.0,1831.0
0.7791054832750386,0.0062434165,0.38996479175,0.45537031025,0.0,1831.0
0.8686861730119637,0.12074501116666665,0.455875642,0.5000949366666666,0.0,1831.0
0.8737628434460113,0.0076904795,0.4885265518333333,0.579290846,0.0,1831.0
0.6422487617769135,0.00011269627272727272,0.5071121889090908,0.6564842411818183,0.0,1831.0
0.7485433983760862,0.26601563899999997,0.5088036967142857,0.7046732154285714,0.0,1831.0
0.7828784968588346,0.019399804833333333,0.6196034498333334,0.8347636151666666,0.0,1831.0
0.6601924860226583,0.0,0.6068374198333333,0.8173599008333333,0.0,1831.0
0.6378140263233226,0.025177388166666665,0.5875945349999999,0.7934421020000001,0.0,1831.0
0.7573742314464182,0.5345567335999999,0.46766895059999997,0.7279058301999999,0.0,1831.0
0.7822243140090531,0.088866075,0.5701606998571428,0.801597222,0.0,1831.0
0.671922248964384,0.0,0.5737978963333333,0.8124411236666668,0.0,1831.0
0.7458251333611615,0.008860829166666667,0.5912964720000001,0.8335549625,0.0,1831.0
0.9036210662188864,0.22337211240000002,0.5882583786,0.8267966697999999,0.0,1831.0
0.9019673294698171,0.035784838285714285,0.6224655957142857,0.8576446859999999,0.0,1831.0
0.6917230419376269,0.0,0.6649922849000001,0.8686912736,0.0,1831.0
0.910404107131102,0.18941117,0.7231362298888888,0.8569287308888889,0.0,1831.0
0.8961292366157655,0.0,0.6785666378333334,0.788458356,0.0,1831.0
0.6668759424570023,0.0,0.5555942308333334,0.6498433201666667,0.0,1831.0
0.8344697705936844,0.06338723357142857,0.5330544635714286,0.6813799281428572,0.0,1831.0
0.9257607939658796,0.11779871800000001,0.518583206375,0.6310431274999999,0.0,1831.0
0.7454136882076043,0.0,0.426465583625,0.5811577391249999,0.0,1831.0
0.777545156235242,0.010659794166666667,0.3829371951666667,0.556175747,0.0,1831.0
0.9217919551657655,0.23709218300000004,0.340492307,0.4694587254,0.0,1831.0
0.9166814663670658,0.030708808428571432,0.3848261632857143,0.4815417117142857,0.0,1831.0
0.6840132019457594,0.0,0.3703979124444445,0.47740605066666675,0.0,1831.0
0.8919398836810019,0.09708986922222224,0.36640359833333336,0.5086371824444446,0.0,1831.0
0.9006392471366,0.004811627,0.3634322403333334,0.5506036303333334,0.0,1831.0
0.6464701581245678,0.0,0.3345620400909091,0.5087953378181818,0.0,1831.0
0.752109137426166,0.1309951746,0.34093864780000005,0.4676726334,0.0,1831.0
0.7833881777585079,0.038887493375,0.341850125625,0.41171228325,0.0,1831.0
0.644444722153233,0.0,0.30206788774999993,0.421602860375,0.0,1831.0
0.7332104011502818,0.14506516336363637,0.32320206154545456,0.5366151606363636,0.0,1831.0
0.8006955002506008,0.0,0.3521381828,0.6071862158,0.0,1831.0
0.6755249626585046,0.0,0.2857594045,0.5280459384999999,0.0,1831.0
0.7821629792339101,0.03515086571428571,0.23956176528571427,0.3466960512857143,0.0,1831.0
0.9090729992070139,0.32830054375,0.20717075424999998,0.22011335525,0.0,1831.0
0.9133013748502535,0.04096016228571429,0.2910886855714286,0.24442292628571427,0.0,1831.0
0.6813741199253449,0.0,0.48047820137499997,0.518960670125,0.0,1831.0
0.8307359545249856,0.005463926,0.7058447415,0.72896908425,0.0,1831.0
0.912095466049927,0.09208574974999999,0.7665300349999999,0.8455434525,0.0,1831.0
0.7668154575073467,0.0,0.6512896372999999,0.7470477174999999,0.0,1831.0
0.6997889904924359,0.0,0.8080191572000001,0.8940625500000001,0.0,1831.0
0.8524067341141314,0.019057614,0.8749148576666667,0.7983709226666665,0.0,1831.0
0.8589816881665193,0.005013522,0.9212162580000001,0.8813410148571429,0.0,1831.0
0.683693600197615,0.0,0.8135556286666666,0.9140599635000001,0.0,1831.0
0.7292665457423179,0.0005107586666666667,0.6661619833333333,0.8440515891666668,0.0,1831.0
0.874501789397379,0.124835737,0.737746223,0.8961262210000001,0.0,1831.0
0.8722371919803429,0.05032631688888889,0.8768650945555555,0.933474153222222,0.0,1831.0
0.6568802255305869,0.0,0.890186068125,0.932038856,0.0,1831.0
0.8766738390953281,0.22625828855555552,0.8340020975555554,0.8928391625555556,0.0,1831.0
0.8989737902809812,0.011743487833333335,0.7034336613333333,0.8593700009999998,0.0,1831.0
0.656058760609171,0.0,0.49805550387499997,0.6971352448749999,0.0,1956.25
0.7112595233558966,0.02441836677777778,0.3870668936666667,0.6793460206666667,0.0,1998.0
0.7674123327161585,0.005252519428571428,0.2577329727142857,0.5579118732857142,0.0,1998.0
0.6380119715363766,0.0,0.30909136575,0.532877387375,0.0,1998.0
0.6995490570220388,0.034728981799999996,0.4601367636000001,0.6761784019999999,0.0,1998.0
0.7547742083379466,0.005534537,0.6209840371666667,0.8263662435,0.0,1998.0
0.6598823270473365,0.0,0.5895870997142857,0.8420111558571428,0.0,1998.0
0.8332693964543288,0.15110166218181817,0.42088686518181806,0.6699414234545453,0.0,1998.0
0.8888024767797639,0.011204322142857144,0.25086871057142857,0.5041977867142857,0.0,1998.0
0.6680699752920966,0.0,0.1791608415,0.31268885199999996,0.0,1998.0
0.8198786764261351,0.008147856200000001,0.1166702326,0.1609755756,0.0,1998.0
0.9248106969158497,0.20687442479999998,0.12014025340000001,0.1316872842,0.0,1998.0
0.9299753856098253,0.012303244833333333,0.20530154999999997,0.21272648783333334,0.0,1998.0
0.7003797440724737,0.0,0.369176155125,0.485161669375,0.0,1998.0
0.8289288155398544,0.016301434,0.37656429370000005,0.7541357948,0.0,1998.0
0.8741943614127655,0.005037941999999999,0.258879541,0.5416114404285713,0.0,1998.0
0.6734051972743405,0.0,0.3717891988571429,0.5053983141428572,0.0,1998.0
0.7790300988357509,0.0016254563333333333,0.672882648,0.7942383361666666,0.0,1998.0
0.8691602929679422,0.019981801142857143,0.7169427370000001,0.8851914599999999,0.0,1998.0
0.84798537088009,0.0,0.5936187982,0.770062048,0.0,1998.0
0.6535684159789023,0.0,0.7617185163333334,0.9001519055,0.0,1998.0
0.7868272435465647,0.01916899,0.8909950833333333,0.9226990941666666,0.0,1998.0
0.9052995123933442,0.2445419426666667,0.9011779771666667,0.9235989645,0.0,1998.0
0.9028282223853121,0.0,0.9236475334000002,0.930774117,0.0,1998.0
0.6463234100041659,0.0,0.920488965888889,0.9220306572222222,0.0,1998.0
0.7286701504239856,0.14008647522222223,0.8002182311111112,0.8868025678888889,0.0,1998.0
0.7690449597216114,0.006427499857142857,0.7061637120000002,0.8357853129999999,0.0,1998.0
0.623340591298819,0.0,0.701633625375,0.847687664,0.0,1998.0
0.7297582199229081,0.22551487477777776,0.6339109698888888,0.858547215,0.0,1998.0
0.7871581615914994,0.010261388333333333,0.5423628828333333,0.7758009776666667,0.0,1998.0
0.666037677421211,0.0,0.42130050471428576,0.6844214807142858,0.0,1998.0
0.792000208144852,0.0031227822,0.2625066064,0.522450768,0.0,1998.0
0.9061917449636592,0.1770248884,0.18575522,0.2787059872,0.0,1998.0
0.9107489575148597,0.020329570166666668,0.20172808583333332,0.26766575849999996,0.0,1998.0
0.7242313444151232,0.0,0.27514076933333337,0.30885987033333334,0.0,1998.0
0.7462383497248437,0.001060786857142857,0.3633101947142858,0.36554991785714286,0.0,1998.0
0.9030015339647844,0.1149622418,0.4500314164,0.49477376599999995,0.0,1998.0
0.9127998295586855,0.014578537833333334,0.4961453643333333,0.5863619506666667,0.0,1998.0
0.6969399012506355,0.0,0.40198718699999997,0.6377780976249999,0.0,1998.0
0.7869339422498717,0.0018167183999999999,0.3812032218,0.5972273344000001,0.0,1998.0
0.9103406910816773,0.13125791700000003,0.565372656,0.7016908114999999,0.0,1998.0
0.8975262431514401,0.002410004142857143,0.808650607,0.8769780779999998,0.0,1998.0
0.6834496971945154,0.0,0.854623773,0.92269067425,0.0,1998.0
0.7579799353838013,0.0011509904285714287,0.8623778307142856,0.9266819298571429,0.0,1998.0
0.9346060768739223,0.09497908050000001,0.7656709599000001,0.8933838290999999,0.0,1998.0
0.7350183262592332,0.0,0.5888741128888889,0.7420604268888888,0.0,1998.0
0.869351844962841,0.11073783066666666,0.5807284811111111,0.6864555125555555,0.0,1998.0
0.9162006485289768,0.04436447255555556,0.7028155104444446,0.7080501977777778,0.0,1998.0
0.6471803545980117,0.0,0.8062227829999999,0.8434429822,0.0,1998.0
0.7885273872222687,0.02105515411111111,0.8888073578888889,0.8950561995555556,0.0,1998.0
0.7171357593440593,0.0,0.8242406788000001,0.8772610807000001,0.0,1998.0
0.6683968356607662,0.02527908242857143,0.5748868522857143,0.6982427617142858,0.0,1998.0
0.7779536090251793,0.24925043150000004,0.40408041024999997,0.567626585,0.0,1998.0
0.8001611689867355,0.024656354833333335,0.415289253,0.624497562,0.0,1998.0
0.6802743987901866,0.0,0.40570927724999994,0.618361251,0.0,1998.0
0.8064700917534646,0.002254579,0.46730448100000005,0.6172862628,0.0,1998.0
0.9025954125618384,0.159871659,0.62157694325,0.7359042745,0.0,1998.0
0.883916922150104,0.0,0.8281986939999999,0.8699893205,0.0,1998.0
0.6967455209364544,0.0,0.8781676948181819,0.850330217181818,0.0,1998.0
0.8900222931049768,0.04783124550000001,0.8478687801666666,0.9155108224999999,0.0,1998.0
0.899874815835075,0.013489563142857142,0.6224177905714285,0.8200659634285714,0.0,1998.0
0.7091163312172889,0.0,0.5401875701818182,0.7566968313636363,0.0,1998.0
0.913118872788981,0.10213756981818181,0.6150409853636364,0.8306823264545454,0.0,1998.0
0.7209779106998203,0.0,0.5630280868888888,0.7746790851111112,0.0,1998.0
0.7868357132771958,0.001307404,0.528987249,0.7759788970000001,0.0,1998.0
0.9060647000678557,0.09183385881818182,0.5882252037272728,0.8461393625454547,0.0,1998.0
0.6895991517838179,0.0,0.35314212980000004,0.6073652226000001,0.0,1998.0
0.8708130021766984,0.05994229822222222,0.424284713,0.5625131535555555,0.0,1998.0
0.8895645082036876,0.0034594066666666667,0.44475139700000005,0.6685209275,0.0,1998.0
0.6461110510372327,0.0,0.5303082732222222,0.7768877536666667,0.0,1998.0
0.7321854590702285,0.17014980877777777,0.4931349114444444,0.7909218052222222,0.0,1998.0
0.7882210644078466,0.004888273833333333,0.38551214016666663,0.6750594976666666,0.0,1998.0
0.6427677258583732,0.0,0.25941331327272726,0.45097311254545447,0.0,1998.0
0.7529763842238684,0.05060822499999999,0.1618943882,0.38276773599999997,0.0,1998.0
0.7823242426701376,0.022612854,0.175846589375,0.39743454325000005,0.0,1998.0
0.6745203282946438,0.0,0.16559903366666665,0.28820348383333333,0.0,1998.0
0.744274697334045,0.0,0.2038113242,0.2515811174,0.0,1998.0
0.9141705394319413,0.14718494114285716,0.22454651357142857,0.28168102271428574,0.0,1998.0
0.9218480830357917,0.0023242911666666666,0.2657654541666667,0.3541040545,0.0,1998.0
0.6841262329568156,0.0,0.25490728028571424,0.3325754397142857,0.0,1998.0
0.7950738107774442,0.0008457846,0.30591967999999997,0.3654681572,0.0,1998.0
0.9015890713822029,0.076244355,0.3690108183333333,0.42706337533333333,0.0,1998.0
0.8938999222269778,0.0017666445000000001,0.36802590583333333,0.42639847049999996,0.0,1998.0
0.6744503425252483,0.0,0.3748744157142857,0.41653440900000005,0.0,1998.0
0.7728269773809413,0.0002779338,0.3825521954,0.41703491719999997,0.0,1998.0
0.8933752233412718,0.06649457283333333,0.3389144405,0.3841297513333333,0.0,1998.0
0.8956291330205506,0.0018140175,0.26679357116666663,0.315343964,0.0,1998.0
0.6777698785731853,0.0,0.23764037857142856,0.23512319728571426,0.0,1998.0
0.8510185478188135,0.05412794581818182,0.14249564499999998,0.13677187545454547,0.0,1998.0
0.8858163566130746,0.0061882187142857144,0.14969805371428574,0.13708046971428572,0.0,1998.0
0.6628594395571361,0.0,0.30064573159999997,0.279033585,0.0,1998.0
0.7724574211450108,0.007175683428571429,0.3920485942857143,0.4072421552857142,0.0,1998.0
0.8923518220166352,0.14090073816666668,0.26008801033333334,0.310266544,0.0,1998.0
0.8718963613064991,0.0,0.34916756416666667,0.38325737249999997,0.0,1998.0
0.6253512370321321,0.0,0.67165240875,0.6932521162499999,0.0,1998.0
0.7219057184578523,0.06122004366666667,0.6289996323333332,0.7689878586666666,0.0,1998.0
0.7714323247686737,0.0030664073333333333,0.3311371383333333,0.46870590166666676,0.0,1998.0
0.6365487814939463,0.0,0.35989097933333336,0.45859099533333336,0.0,1998.0
0.7237370020281283,0.0474126095,0.4552770055,0.5175001282499999,0.0,1998.0
0.7711081354047777,0.0138369826,0.4138775622,0.46085970759999995,0.0,1998.0
0.6844201864148081,0.0,0.47524630644444443,0.46046475877777776,0.0,1998.0
0.7709018303194733,0.00048381680000000003,0.5062307206,0.45672707939999996,0.0,1998.0
0.8940250449928331,0.12651689566666666,0.5527179165,0.4952079946666667,0.0,1998.0
0.8590756420867733,0.003449328125,0.5823656591249999,0.583708786125,0.0,1998.0
