Demand,Avail_Sol,Avail_Wind_On,Avail_Wind_Off,Hyd_In,HydRoR_In
0.6901460922711661,0.0,0.7307479,0.890300634,0.0,1930.0
0.6464733392071048,0.0,0.7124229394999999,0.8927674775,0.0,1930.0
0.6326565493017502,0.0,0.6757916225,0.88823082,0.0,1930.0
0.7024965351708938,0.0,0.6437510335000001,0.855138138,0.0,1930.0
0.8711109527059577,0.0,0.5947838435,0.7897695735,0.0,1930.0
0.9130691700957396,0.003469527,0.561334428,0.764311219,0.0,1930.0
0.9196317221452202,0.1507373735,0.532173123,0.741304798,0.0,1930.0
0.9157170510897973,0.27999169599999996,0.5607249700000001,0.7737915264999999,0.0,1930.0
0.9125917537119702,0.2570973855,0.6097939525,0.767718929,0.0,1930.0
0.9237725354524842,0.049471203,0.655385203,0.834091102,0.0,1930.0
0.9303756921096047,0.0,0.687918324,0.873054392,0.0,1930.0
0.8724988408075672,0.0,0.6359559645,0.8687744159999999,0.0,1930.0
0.794822939070844,0.0,0.567771778,0.833797437,0.0,1930.0
0.7202182252393079,0.0,0.5329851265000001,0.8068126005,0.0,1930.0
0.6482870608490203,0.0,0.49945999650000006,0.7185347215,0.0,1930.0
0.6391413803619328,0.0,0.4698220205,0.632993074,0.0,1930.0
0.7158397322054257,0.0,0.49857601399999996,0.6472509635,0.0,1930.0
0.87381432952926,0.0,0.553976187,0.7345423835,0.0,1930.0
0.9105610796094826,0.001842684,0.613011833,0.771518336,0.0,1930.0
0.9156060593638322,0.050821951500000004,0.6843063085000001,0.8156094475,0.0,1930.0
0.9100677433364148,0.0902556115,0.781081734,0.888486428,0.0,1930.0
0.8971419054962171,0.051487454,0.753816571,0.9087111685,0.0,1930.0
0.9022033865108621,0.0045482415,0.693052569,0.8640499405,0.0,1930.0
0.9066752520048368,0.0,0.649027965,0.8440664405,0.0,1930.0
0.8645920012545587,0.0,0.6875460535,0.775650301,0.0,1930.0
0.7963790588406545,0.0,0.718702962,0.678723228,0.0,1930.0
0.7164341102314749,0.0,0.7226396829999999,0.711419164,0.0,1930.0
0.6380439174374475,0.0,0.7168587965,0.755451693,0.0,1930.0
0.6279454389138351,0.0,0.729163729,0.800613025,0.0,1930.0
0.690445483624949,0.0,0.730627889,0.807923964,0.0,1930.0
0.850470789004063,0.0,0.7342740185000001,0.8097370349999999,0.0,1930.0
0.9003611119687166,0.005096601,0.736175082,0.84762696,0.0,1930.0
0.9071601363338794,0.11940217,0.753182396,0.886324493,0.0,1930.0
0.902464185653548,0.2579483695,0.7533751584999999,0.8810774955,0.0,1930.0
0.8982750315098188,0.309073159,0.7416244195,0.875673868,0.0,1930.0
0.9002776670121856,0.191813644,0.732402623,0.881642881,0.0,1930.0
0.9092729586440793,0.033506911,0.7197337435,0.8811098895,0.0,1930.0
0.919908798933591,0.0,0.701847405,0.8762223235,0.0,1930.0
0.8720794245477483,0.0,0.6399779635,0.847105361,0.0,1930.0
0.7706576261878796,0.0,0.5235832135,0.753352862,0.0,1930.0
0.6711803516015489,0.0,0.429974587,0.66943507,0.0,1930.0
0.6325390733593614,0.0,0.3592075905,0.556670883,0.0,1930.0
0.64413743790882,0.0,0.352761957,0.5384762940000001,0.0,1930.0
0.7431405606552774,0.0,0.369505659,0.551706202,0.0,1930.0
0.8548099742465995,0.0,0.41364402850000004,0.579618567,0.0,1930.0
0.8959939328624764,0.0153791005,0.522081287,0.6484653555,0.0,1930.0
0.8977898340933312,0.0997765795,0.59017595,0.710568798,0.0,1930.0
0.8972684592876183,0.167768163,0.5801577765,0.736019668,0.0,1930.0
0.9088898539152618,0.1129158925,0.5426556874999999,0.7810676235,0.0,1930.0
0.9284882965384729,0.0,0.49395376950000003,0.760813436,0.0,1930.0
0.9169019165580607,0.0,0.423758727,0.6728324155000001,0.0,1930.0
0.8423730007246377,0.0,0.371662939,0.613055331,0.0,1930.0
0.7728198850056507,0.0,0.3105232285,0.640967293,0.0,1930.0
0.675768485559501,0.0,0.27931653,0.602511885,0.0,1930.0
0.6388770483243229,0.0,0.2902187825,0.521067733,0.0,1930.0
0.6380063314246223,0.0,0.301771043,0.499118577,0.0,1930.0
0.7113768775570513,0.0,0.303457337,0.457735122,0.0,1930.0
0.8744242920226919,0.0,0.314417616,0.4518233385,0.0,1930.0
0.9186068600157428,0.004604354,0.322870339,0.453883438,0.0,1930.0
0.9217772337536145,0.139876005,0.3461521575,0.44950983899999997,0.0,1930.0
0.9176263588010127,0.2399673245,0.3672898285,0.4535090785,0.0,1930.0
0.9169114863727115,0.18217306700000002,0.332638786,0.4202979215,0.0,1930.0
0.93471559293239,0.0365822055,0.297180428,0.39819163599999996,0.0,1930.0
0.9511999624301544,0.0,0.29594404,0.3809569525,0.0,1930.0
0.8893466836416364,0.0,0.307535587,0.356808814,0.0,1930.0
0.805947688482485,0.0,0.334342014,0.330252925,0.0,1930.0
0.7186544585785554,0.0,0.371040492,0.33008553549999997,0.0,1930.0
0.6393389026426561,0.0,0.43946778799999997,0.35073555749999996,0.0,1930.0
0.6208622722403563,0.0,0.508104031,0.41806981200000004,0.0,1930.0
0.6316368297010333,0.0,0.5691005655,0.5192670054999999,0.0,1930.0
0.6869356281582876,0.0,0.6137394995000001,0.610997911,0.0,1930.0
0.755251043350719,0.004339827,0.629070702,0.684212604,0.0,1930.0
0.7898103356621955,0.126628585,0.616139892,0.718395189,0.0,1930.0
0.7946449588447505,0.3389713515,0.594459295,0.7314990295,0.0,1930.0
0.786289814777253,0.3879504715,0.5838648015,0.7492497725,0.0,1930.0
0.7860788320980441,0.288434063,0.563132605,0.768392073,0.0,1930.0
0.8102948783048743,0.0673595995,0.545942578,0.773711182,0.0,1930.0
0.8295099925846574,0.0,0.5158021385,0.7642301605,0.0,1930.0
0.7976584595784806,0.0,0.4734647855,0.74462246,0.0,1930.0
0.7509566213807823,0.0,0.406615796,0.689297914,0.0,1930.0
0.6955625499416731,0.0,0.386264997,0.667855808,0.0,1930.0
0.6477486035469663,0.0,0.371630539,0.663201724,0.0,1930.0
0.6253564299652722,0.0,0.37355926549999996,0.6521614485,0.0,1930.0
0.6202536961035292,0.0,0.374088318,0.627712568,0.0,1930.0
0.6336008283908374,0.0,0.377615814,0.6161739085,0.0,1930.0
0.6876815577140489,0.0,0.37833891799999997,0.6178596925,0.0,1930.0
0.7553639132639757,0.00797739,0.384129514,0.632600728,0.0,1930.0
0.7918242849572528,0.223889823,0.344427645,0.600082505,0.0,1930.0
0.796349276262494,0.403917651,0.33526592,0.612680642,0.0,1930.0
0.7918433798501372,0.5072088505000001,0.33956297199999996,0.6154384184999999,0.0,1930.0
0.7885338863808207,0.472893083,0.352415282,0.620971831,0.0,1930.0
0.791192231445544,0.362111176,0.380149654,0.639255716,0.0,1930.0
0.8189717284939938,0.08276227800000001,0.4295423145,0.673499692,0.0,1930.0
0.8369323055650101,0.0,0.464922881,0.7204287035,0.0,1930.0
0.8013333493078105,0.0,0.505795275,0.7576266515,0.0,1930.0
0.7372199002157087,0.0,0.5164719145,0.7784567179999999,0.0,1930.0
0.6824524711386173,0.0,0.5372284005,0.807185335,0.0,1930.0
0.6527965347577669,0.0,0.5447490850000001,0.8113564035,0.0,1930.0
0.6513353526153713,0.0,0.541511168,0.823749297,0.0,1930.0
0.7320783504607826,0.0,0.5355819319999999,0.8268083915,0.0,1930.0
0.8936346213276737,0.0,0.5254327175,0.8156173250000001,0.0,1930.0
0.9336874215225991,0.003531318,0.539866422,0.79735043,0.0,1930.0
0.9420977932032651,0.200418558,0.4609910835,0.7172827415,0.0,1930.0
0.9397361115830084,0.2920607935,0.45721223499999997,0.7173344735,0.0,1930.0
0.9388587762576324,0.201517031,0.4981118485,0.696805549,0.0,1930.0
0.948629444669008,0.0240817555,0.5640423480000001,0.727678085,0.0,1930.0
0.9537487469294103,0.0,0.607434831,0.7499471440000001,0.0,1930.0
0.8861434416599011,0.0,0.631684487,0.753092422,0.0,1930.0
0.7780514757408368,0.0,0.6074035145000001,0.692470327,0.0,1930.0
0.6773050856766283,0.0,0.6212426685,0.702552566,0.0,1930.0
0.6419506062474882,0.0,0.6089345660000001,0.6958981015000001,0.0,1930.0
0.6404959083215163,0.0,0.594949594,0.66106441,0.0,1930.0
0.7160652036809112,0.0,0.5765752975,0.617846957,0.0,1930.0
0.8789414574913219,0.0,0.573548466,0.6276581050000001,0.0,1930.0
0.9212921258774371,0.002247393,0.594827642,0.634628812,0.0,1930.0
0.934515432147709,0.023568174,0.589889969,0.644523048,0.0,1930.0
0.9335275523930648,0.0722126145,0.6011845405,0.6511368835,0.0,1930.0
0.9252689110528286,0.0708922035,0.5986361605,0.6932543635,0.0,1930.0
0.9223105037904908,0.034065016000000004,0.5906421575,0.6894755585000001,0.0,1930.0
0.9339042175744001,0.0,0.5854228625,0.71110925,0.0,1930.0
0.9164777153909164,0.0,0.5622611934999999,0.746869119,0.0,1930.0
0.841509304608465,0.0,0.516066518,0.741573611,0.0,1930.0
0.7712020535411998,0.0,0.397563952,0.6555723330000001,0.0,1930.0
0.6725963901105846,0.0,0.3717650825,0.6027733705,0.0,1930.0
0.6324475789516089,0.0,0.3024871125,0.5185733655,0.0,1930.0
0.6310034794405058,0.0,0.239378356,0.461947504,0.0,1930.0
0.7000376351756512,0.0,0.18259116600000003,0.37271707249999997,0.0,1930.0
0.8669207699620104,0.0,0.1358266515,0.251982487,0.0,1930.0
0.9165741288477703,0.005136961,0.119044569,0.192618702,0.0,1930.0
0.9213566548192771,0.131442644,0.1011880755,0.1668738655,0.0,1930.0
0.9150986814562332,0.214808803,0.086869066,0.13224426449999999,0.0,1930.0
0.9115739571024379,0.1535375825,0.0873229025,0.132630709,0.0,1930.0
0.9252639025983684,0.0301103015,0.114966976,0.17066404699999999,0.0,1930.0
0.9441670595168495,0.0,0.143690896,0.2197869055,0.0,1930.0
0.8823203990865311,0.0,0.1479873555,0.2263838595,0.0,1930.0
0.7779699089715972,0.0,0.15581429400000002,0.216362402,0.0,1930.0
0.6777881365547965,0.0,0.1613626725,0.225852514,0.0,1930.0
0.6420300265458843,0.0,0.1501412835,0.23335942250000002,0.0,1930.0
0.6533664739470799,0.0,0.1406733295,0.233986628,0.0,1930.0
0.7665145099335251,0.0,0.12530924,0.212750099,0.0,1930.0
0.87939745363317,0.0,0.1158125915,0.1763263925,0.0,1930.0
0.9224660799108625,0.002701389,0.103835208,0.162345258,0.0,1930.0
0.9326852765188132,0.0745043675,0.073028644,0.122634485,0.0,1930.0
0.9248205171329809,0.15591761399999998,0.06497167400000001,0.11165238499999999,0.0,1930.0
0.9196191114687594,0.1316997415,0.0687637925,0.1122094075,0.0,1930.0
0.9310239784631054,0.028169327999999997,0.1061129395,0.123177378,0.0,1930.0
0.9416210475958515,0.0,0.14694904749999999,0.1395131345,0.0,1930.0
0.8799092586242322,0.0,0.204831247,0.177505686,0.0,1930.0
0.7754441992869436,0.0,0.280106211,0.21351417150000002,0.0,1930.0
0.6754152306146837,0.0,0.3183228185,0.22758716750000002,0.0,1930.0
0.6370881009410592,0.0,0.37052389799999996,0.2743448725,0.0,1930.0
0.635485004221966,0.0,0.401272721,0.324486764,0.0,1930.0
0.7075416938709123,0.0,0.4338503245,0.377399561,0.0,1930.0
0.8726630477501575,0.0,0.48776548000000003,0.44647357600000004,0.0,1930.0
0.9160793615491563,0.02061845,0.5274138705,0.504560564,0.0,1930.0
0.9181713003194906,0.083730955,0.55093106,0.528779459,0.0,1930.0
0.9163000928537336,0.1255762905,0.5824948685,0.5491921985,0.0,1930.0
0.9134919402373378,0.11115217299999999,0.6096850805,0.5738357414999999,0.0,1930.0
0.9242025500596964,0.0165801045,0.647818247,0.6092826585,0.0,1930.0
0.9305037216629692,0.0,0.693470891,0.6585242115,0.0,1930.0
0.8727532900105572,0.0,0.7273784565,0.7103198075,0.0,1930.0
0.7943083168325825,0.0,0.703545066,0.729880602,0.0,1930.0
0.7130249834978255,0.0,0.7237585175,0.752043584,0.0,1930.0
0.6279822870794165,0.0,0.7192689605,0.768744152,0.0,1930.0
0.6045258319720214,0.0,0.7107010515,0.7820859330000001,0.0,1930.0
0.6157636523746315,0.0,0.699070858,0.80963473,0.0,1930.0
0.6699852678767495,0.0,0.68789934,0.841404676,0.0,1930.0
0.7350448295762885,0.002916664,0.670859508,0.847822917,0.0,1930.0
0.7749645470269717,0.051201076500000005,0.637659191,0.81996996,0.0,1930.0
0.779035643924791,0.09668247599999999,0.610630915,0.7835381015,0.0,1930.0
0.7767809293048886,0.0888139395,0.5381483119999999,0.7527298435,0.0,1930.0
0.797788367251661,0.024347834999999998,0.49859618650000004,0.7494805925,0.0,1930.0
0.8147608857573156,0.0,0.4920966195,0.755163248,0.0,1930.0
0.78592526830674,0.0,0.457187802,0.72075356,0.0,1930.0
0.74225025696453,0.0,0.441425665,0.642491232,0.0,1930.0
0.6935475496444513,0.0,0.3962403015,0.586323667,0.0,1930.0
0.6407396698392299,0.0,0.370527972,0.536025437,0.0,1930.0
0.6135520912585406,0.0,0.363840135,0.52823384,0.0,1930.0
0.6094748679006843,0.0,0.397806987,0.567509276,0.0,1930.0
0.6411228192369889,0.0,0.452736978,0.5848351645000001,0.0,1930.0
0.7210420993315018,0.0043129035,0.505784503,0.5868486335,0.0,1930.0
0.7796038392035399,0.1222922685,0.5457027825,0.555045008,0.0,1930.0
0.7824186101781354,0.187046834,0.6190796335,0.5449959639999999,0.0,1930.0
0.7806273597803056,0.112325972,0.6835520045,0.556004344,0.0,1930.0
0.8019887458501977,0.019280658,0.7218223275,0.590559541,0.0,1930.0
0.82202413445879,0.0,0.7762573564999999,0.65885662,0.0,1930.0
0.7881306581589007,0.0,0.8295675845,0.7477355605,0.0,1930.0
0.7424029264998191,0.0,0.857717941,0.818186564,0.0,1930.0
0.6983238821525086,0.0,0.86792369,0.8815521075,0.0,1930.0
0.6415628507531215,0.0,0.8515821095,0.9195217945,0.0,1930.0
0.6258258193672422,0.0,0.792653335,0.911634195,0.0,1930.0
0.6837470539184978,0.0,0.741438483,0.9006766104999999,0.0,1930.0
0.8420376555287642,0.0,0.7196529389999999,0.901830039,0.0,1930.0
0.8896416925808975,0.00106659,0.709420557,0.890609827,0.0,1930.0
0.8994964320562185,0.08002551150000001,0.6782174320000001,0.8644357165000001,0.0,1930.0
0.8985260372907193,0.22037499500000002,0.7543035805,0.9109592385,0.0,1930.0
0.8989442014031853,0.267014143,0.799552458,0.9229783899999999,0.0,1930.0
0.9184591542659724,0.073309416,0.798944425,0.9287524935,0.0,1930.0
0.93065460234885,0.0,0.7971405455,0.931697322,0.0,1930.0
0.8739559982243521,0.0,0.8139853795,0.9313812260000001,0.0,1930.0
0.7724493909532941,0.0,0.834871664,0.9348535760000001,0.0,1930.0
0.6744422868180613,0.0,0.8315671345,0.934095696,0.0,1930.0
0.6373937752311258,0.0,0.8405061645,0.9340147225,0.0,1930.0
0.6380063314246223,0.0,0.839971989,0.935531986,0.0,1930.0
0.7161522485357784,0.0,0.8482202095,0.9363626629999999,0.0,1930.0
0.8796978287832781,0.0,0.8626544355,0.9364742930000001,0.0,1930.0
0.9232298745466259,0.015168194,0.872427531,0.936000098,0.0,1930.0
0.933081304876585,0.165695643,0.833114523,0.929320024,0.0,1930.0
0.9296854596632278,0.26322609350000004,0.844976884,0.934348842,0.0,1930.0
0.9266146742508445,0.267984439,0.859357221,0.9330738734999999,0.0,1930.0
0.9323426421209084,0.203808341,0.844489109,0.921273088,0.0,1930.0
0.946948157464401,0.049401663000000005,0.824353787,0.9206255415,0.0,1930.0
0.9569044082563949,0.0,0.8154516039999999,0.9252621285,0.0,1930.0
0.8902491508470993,0.0,0.8247821305,0.924706869,0.0,1930.0
0.804869074434327,0.0,0.807648297,0.917205822,0.0,1930.0
0.7265456242588226,0.0,0.815589566,0.9191913355000001,0.0,1930.0
0.6588682995653025,0.0,0.8435456754999999,0.9250229059999999,0.0,1930.0
0.6444439172519701,0.0,0.882311902,0.9309545969999999,0.0,1930.0
0.7195707438039389,0.0,0.9013374985,0.9351766885,0.0,1930.0
0.8828646251597115,0.0,0.89944912,0.937113165,0.0,1930.0
0.9240387456773858,0.018826892,0.899346674,0.937092067,0.0,1930.0
0.9307581707310078,0.2875179265,0.8513740945,0.9334686445,0.0,1930.0
0.9200704121761166,0.4216664055,0.8619184995,0.9359415074999999,0.0,1930.0
0.9166674566389215,0.308593295,0.8404189595,0.9349960315,0.0,1930.0
0.9321101498618953,0.055233385999999995,0.7375100185000001,0.915367832,0.0,1930.0
0.9458288048017783,0.0,0.674280304,0.8503192955000001,0.0,1930.0
0.8794356880204046,0.0,0.615234141,0.778948119,0.0,1930.0
0.7713400552670676,0.0,0.5432264950000001,0.719452049,0.0,1930.0
0.6684511273179108,0.0,0.603054888,0.6117132255,0.0,1930.0
0.6259541172041589,0.0,0.6267124685000001,0.7116786755,0.0,1930.0
0.6257886581142159,0.0,0.647510649,0.77999022,0.0,1930.0
0.6943972711969808,0.0,0.638491951,0.7329051385,0.0,1930.0
0.8684691086316271,0.0,0.623807079,0.781313546,0.0,1930.0
0.9158260750881605,0.017959699,0.594314743,0.830901193,0.0,1930.0
0.9195434922138879,0.2400479375,0.5181733175000001,0.7888830665,0.0,1930.0
0.9176099917499689,0.361231591,0.5550440015,0.8200431195,0.0,1930.0
0.9164557138454739,0.302576405,0.5772718975,0.8163064275,0.0,1930.0
0.9350320221135724,0.0796965575,0.5726578605,0.793763912,0.0,1930.0
0.950379822310597,0.0,0.5766117900000001,0.828596256,0.0,1930.0
0.8866508195675002,0.0,0.5933575035,0.8598026080000001,0.0,1930.0
0.80420705953374,0.0,0.545566257,0.81932839,0.0,1930.0
0.7265455571879345,0.0,0.584028515,0.828741969,0.0,1930.0
0.6596658568358958,0.0,0.5982419885,0.8495668574999999,0.0,1930.0
0.650660168069273,0.0,0.6176938985,0.853793163,0.0,1930.0
0.7330208631698836,0.0,0.6242524620000001,0.8428841149999999,0.0,1930.0
0.8955067231843972,0.0,0.6232637245,0.8276765264999999,0.0,1930.0
0.9362286038673303,0.023330191,0.624825869,0.820325188,0.0,1930.0
0.9416849058962871,0.206015323,0.575837286,0.770076918,0.0,1930.0
0.9352916585817401,0.3423368075,0.608742653,0.8289988745,0.0,1930.0
0.9243500321273804,0.3710103425,0.6822471320000001,0.869832017,0.0,1930.0
0.9262776298133486,0.2097721215,0.6739158335,0.8781113715,0.0,1930.0
0.9505644208948902,0.006405326,0.618298176,0.853698402,0.0,1930.0
0.9526981268124315,0.0,0.5785837935,0.838993391,0.0,1930.0
0.8880565057456997,0.0,0.5318420189999999,0.8276426895,0.0,1930.0
0.8047209662592285,0.0,0.503747045,0.818936472,0.0,1930.0
0.7180012084395359,0.0,0.42586012,0.7610640565,0.0,1930.0
0.6385612228486082,0.0,0.31588147050000004,0.6029644945,0.0,1930.0
0.6197593313651946,0.0,0.21288901500000001,0.39874566749999996,0.0,1930.0
0.6311115643789613,0.0,0.1611951865,0.28665178550000003,0.0,1930.0
0.6871020709770801,0.0,0.1576759565,0.2465067165,0.0,1930.0
0.7736072016852376,0.016599037,0.182382393,0.2088942305,0.0,1930.0
0.8019871807503514,0.100493986,0.1918901365,0.240241935,0.0,1930.0
0.802169498722025,0.18061376,0.214439194,0.295996984,0.0,1930.0
0.8013159983929659,0.1735643815,0.238035283,0.3434415035,0.0,1930.0
0.8216599904136053,0.0606003885,0.240769964,0.3728163,0.0,1930.0
0.8362659528513673,0.0,0.1992118515,0.400015081,0.0,1930.0
0.8012715480728597,0.0,0.1604153525,0.3587897245,0.0,1930.0
0.736071212069195,0.0,0.11785442400000001,0.2449371695,0.0,1930.0
0.6620877967907762,0.0,0.168855592,0.25401000149999997,0.0,1930.0
0.6250575751785934,0.0,0.235838465,0.28275109,0.0,1930.0
0.6196325538917071,0.0,0.293570995,0.3595708315,0.0,1930.0
0.6525159699458406,0.0,0.3599104885,0.46125709400000003,0.0,1930.0
0.7071924411822836,0.0,0.435179072,0.542838556,0.0,1930.0
0.7721161028229053,0.011865663,0.5132571610000001,0.601289898,0.0,1930.0
0.7939677842365798,0.037561013500000004,0.602668777,0.6791980044999999,0.0,1930.0
0.7908681554408952,0.0309161445,0.710282557,0.7711541385,0.0,1930.0
0.7833308707453839,0.025356824,0.782885798,0.857888286,0.0,1930.0
0.8018470324186884,0.007104791500000001,0.7833730605,0.8804006925000001,0.0,1930.0
0.8153939677342911,0.0,0.736354726,0.882710424,0.0,1930.0
0.80213475229087,0.0,0.700114267,0.905639734,0.0,1930.0
0.752705299713273,0.0,0.6905018465,0.8310813435,0.0,1930.0
0.6988193201600028,0.0,0.6413534894999999,0.7889606175,0.0,1930.0
0.6384679397263986,0.0,0.600374268,0.809263164,0.0,1930.0
0.6258187538472972,0.0,0.5774280865,0.757724156,0.0,1930.0
0.6904336331976786,0.0,0.5932071915,0.7548768045,0.0,1930.0
0.8546232291239869,0.0,0.63856912,0.7685539925,0.0,1930.0
0.9075844269738582,0.0880928705,0.649451322,0.7763048155,0.0,1930.0
0.9027849078438933,0.3197739855,0.6573630914999999,0.791738241,0.0,1930.0
0.8976537552236966,0.296600301,0.703166362,0.80362976,0.0,1930.0
0.8964812320133903,0.2341593275,0.653110328,0.8012599645,0.0,1930.0
0.911488410276529,0.06942240549999999,0.6043602065,0.7437462610000001,0.0,1930.0
0.9249721133991103,0.0,0.6017720035,0.722392368,0.0,1930.0
0.8713260047122433,0.0,0.6259439665,0.7529428345,0.0,1930.0
0.7706792700444113,0.0,0.6753751729999999,0.7861278505,0.0,1930.0
0.6692946776739861,0.0,0.739392874,0.818235653,0.0,1930.0
0.626351889674922,0.0,0.7669747585,0.8605339999999999,0.0,1930.0
0.6245869784331634,0.0,0.785101271,0.890828541,0.0,1930.0
0.6812373311265548,0.0,0.8085326260000001,0.9107133055,0.0,1930.0
0.8322953387374787,0.0,0.8278277064999999,0.9261737354999999,0.0,1930.0
0.8775252624385637,0.003177201,0.842717778,0.927160716,0.0,1930.0
0.8797001541997906,0.043751147500000004,0.8536583295,0.9320444185000001,0.0,1930.0
0.8736494518777898,0.1456492205,0.8871884315,0.9354208079999999,0.0,1930.0
0.8729246966148684,0.1957997905,0.8766362585,0.9361504625,0.0,1930.0
0.8819804925979426,0.07316892800000001,0.8598871425000001,0.935708451,0.0,1930.0
0.8950129844860011,0.0,0.868796951,0.9332712464999999,0.0,1930.0
0.862176567783097,0.0,0.856847545,0.930889579,0.0,1930.0
0.7960253342646697,0.0,0.832144668,0.926384188,0.0,1930.0
0.7161157804610544,0.0,0.818014041,0.9188738944999999,0.0,1930.0
0.6363980249709291,0.0,0.805075275,0.849940964,0.0,1930.0
0.621870476700767,0.0,0.860283956,0.8171459225,0.0,1930.0
0.6777137470453315,0.0,0.9041389595,0.8745916579999999,0.0,1930.0
0.8281054690809764,0.0,0.9200326295000001,0.8759312349999999,0.0,1930.0
0.8843571996490558,0.046201012,0.9169554074999999,0.8823410604999999,0.0,1930.0
0.9009612363639454,0.16325935349999998,0.9119995425,0.8887560035,0.0,1930.0
0.905080048125767,0.253312103,0.9104976665,0.912246012,0.0,1930.0
0.908044492442783,0.25724916,0.89620764,0.918082423,0.0,1930.0
0.9192623012945472,0.09624305050000001,0.8710199869999999,0.920191244,0.0,1930.0
0.9297367966925614,0.0,0.8348020089999999,0.917338643,0.0,1930.0
0.8728235429871061,0.0,0.8132017764999999,0.9221498915,0.0,1930.0
0.7949551274241199,0.0,0.803468737,0.924773731,0.0,1930.0
0.719043958050962,0.0,0.797083156,0.920430893,0.0,1930.0
0.644908052182923,0.0,0.7817719734999999,0.9122126305,0.0,1930.0
0.6318388910074765,0.0,0.756870207,0.9030039165,0.0,1930.0
0.7020011642342877,0.0,0.7092951885,0.8859201125,0.0,1930.0
0.8720647121368612,0.0,0.6509042075,0.8539688805000001,0.0,1930.0
0.9109522783235118,0.037733636,0.611427029,0.832268082,0.0,1930.0
0.9144856334320499,0.262323388,0.5492101075,0.8090470670000001,0.0,1930.0
0.9079882364318238,0.3965482535,0.5557743575,0.7588254080000001,0.0,1930.0
0.9034833684847337,0.297099497,0.5125720995,0.6859373185,0.0,1930.0
0.922186320017068,0.0932794635,0.4695565895,0.6457929565,0.0,1930.0
0.9320960188220053,0.0,0.4434879115,0.6360567855,0.0,1930.0
0.8755141749921715,0.0,0.4275631255,0.6057006265,0.0,1930.0
0.7976523779223365,0.0,0.416619572,0.584295785,0.0,1930.0
0.7226723403272252,0.0,0.40193075300000003,0.588161908,0.0,1930.0
0.6542692318380414,0.0,0.3683254455,0.5630327294999999,0.0,1930.0
0.6466254721078141,0.0,0.3321035485,0.491891193,0.0,1930.0
0.7249818352635993,0.0,0.28576230950000003,0.4059526665,0.0,1930.0
0.8851031068703463,0.0,0.2306826865,0.329947184,0.0,1930.0
0.9269474258816051,0.038735985,0.182172951,0.275207459,0.0,1930.0
0.9296782151976137,0.286936362,0.1305842525,0.20293240950000002,0.0,1930.0
0.9173365371269292,0.4253292955,0.13256385399999998,0.212269147,0.0,1930.0
0.9136487685050623,0.2601252555,0.1703177195,0.226762935,0.0,1930.0
0.9275373096183515,0.054082568,0.243119546,0.26310044099999996,0.0,1930.0
0.9416468055833527,0.0,0.3348102485,0.3201054935,0.0,1930.0
0.8809974871559827,0.0,0.4246837435,0.39392931600000003,0.0,1930.0
0.7754269378449334,0.0,0.5200450945,0.4870739145,0.0,1930.0
0.6603951509895857,0.0,0.583221898,0.5578802654999999,0.0,1930.0
0.6138818242944861,0.0,0.6387605525,0.650777438,0.0,1930.0
0.6098095869891436,0.0,0.706087447,0.7226314730000001,0.0,1930.0
0.6393364430843675,0.0,0.7918274635,0.799003805,0.0,1930.0
0.6916599529281313,0.0,0.853944065,0.867241737,0.0,1930.0
0.7326802859049393,0.007387968,0.882411532,0.899696258,0.0,1930.0
0.7623335839167835,0.0287802655,0.8818142525,0.9159907885,0.0,1930.0
0.7621918258163327,0.0593378075,0.9005512945,0.9308574385,0.0,1930.0
0.7588749984085676,0.0870669725,0.9052317160000001,0.933119125,0.0,1930.0
0.7700887378657797,0.034426076,0.898678536,0.9307705395,0.0,1930.0
0.7832878961872413,0.0,0.88279372,0.9178368745000001,0.0,1930.0
0.7662220498904355,0.0,0.860035809,0.9002367785000001,0.0,1930.0
0.7395593566084366,0.0,0.831260953,0.882949735,0.0,1930.0
0.6928867196853776,0.0,0.826800816,0.8797122715000001,0.0,1930.0
0.6208123885710396,0.0,0.8047507645,0.878022694,0.0,1930.0
0.5949436750632445,0.0,0.7965038085,0.8542374785,0.0,1930.0
0.6076976814043809,0.0,0.7691657525,0.846075694,0.0,1930.0
0.6537685170925349,0.0,0.764344058,0.842940763,0.0,1930.0
0.7303336744519562,0.03347529,0.7665646835,0.855822361,0.0,1930.0
0.750463687667994,0.089012015,0.7841848265,0.8856921010000001,0.0,1930.0
0.7450407681830098,0.126422342,0.7923365565,0.8920584540000001,0.0,1930.0
0.7430838574150971,0.109264014,0.775597012,0.885103277,0.0,1930.0
0.7566241297035585,0.0411460795,0.7667341795,0.885345638,0.0,1930.0
0.7755520606782642,0.0,0.7914978295,0.8854116085,0.0,1930.0
0.7634534732139859,0.0,0.8290696585,0.879733248,0.0,1930.0
0.7399489456211535,0.0,0.853008825,0.894035716,0.0,1930.0
0.6993668553785453,0.0,0.8621223745,0.915188414,0.0,1930.0
0.636328711054288,0.0,0.8628707095,0.926578022,0.0,1930.0
0.621880381869858,0.0,0.8298305315000001,0.9241693975,0.0,1930.0
0.6782937256804629,0.0,0.8042778275,0.9065526175,0.0,1930.0
0.8351412787143152,0.0,0.779431369,0.9063010810000001,0.0,1930.0
0.8832456727555684,0.01330464,0.75712301,0.914234442,0.0,1930.0
0.8939096857869773,0.17669662549999998,0.7325340645,0.898621122,0.0,1930.0
0.8968011046166622,0.3032076165,0.7331796505,0.8838128455,0.0,1930.0
0.8966372106940412,0.3361169815,0.6598219195,0.827036366,0.0,1930.0
0.914908984944645,0.1479246335,0.51478768,0.7429658965,0.0,1930.0
0.9343929030144429,0.0,0.428391011,0.6383401055,0.0,1930.0
0.8829328658071931,0.0,0.41020362050000003,0.5542997915000001,0.0,1930.0
0.8012484731907817,0.0,0.390772678,0.50056177,0.0,1930.0
0.7248614526011766,0.0,0.374638821,0.464341329,0.0,1930.0
0.6594860878278695,0.0,0.3780117875,0.424091155,0.0,1930.0
0.6501233876743705,0.0,0.37399837449999995,0.41009946249999996,0.0,1930.0
0.7359733229853291,0.0,0.4011391935,0.40452411499999996,0.0,1930.0
0.8953673797708661,0.0,0.4417043625,0.405941233,0.0,1930.0
0.9326283048601294,0.052521306,0.464906443,0.422342585,0.0,1930.0
0.9353597651549213,0.248977285,0.4477255135,0.41633683,0.0,1930.0
0.9179934094987556,0.342259029,0.5011250005,0.47840015999999996,0.0,1930.0
0.9135917075084954,0.19035001899999998,0.5351831055,0.5361059945,0.0,1930.0
0.9271250482838362,0.0349947635,0.595762334,0.6154680775000001,0.0,1930.0
0.936941150879119,0.0,0.6843230745,0.708219134,0.0,1930.0
0.9056971208080852,0.0,0.749197915,0.803650795,0.0,1930.0
0.8183656117805038,0.0,0.7913484835,0.8734003895,0.0,1930.0
0.7177910754823518,0.0,0.825734775,0.917164828,0.0,1930.0
0.6384695048937208,0.0,0.8541184455,0.9278046575000001,0.0,1930.0
0.6278083539134044,0.0,0.8656205644999999,0.935292705,0.0,1930.0
0.694899059211647,0.0,0.8671765905,0.9361669465,0.0,1930.0
0.8618476173308125,0.0,0.861640124,0.9349826135,0.0,1930.0
0.9102588708735488,0.027060723,0.852502169,0.934636806,0.0,1930.0
0.9238786975347066,0.255303304,0.829943747,0.9293798615,0.0,1930.0
0.9255972354651745,0.364860472,0.8420438485,0.9323049655,0.0,1930.0
0.9229464030146657,0.32924492549999995,0.8417488755,0.9252593794999999,0.0,1930.0
0.9382424637570287,0.1347938455,0.811090537,0.9215001205,0.0,1930.0
0.9512702602105964,0.0,0.7987915185000001,0.9236624545000001,0.0,1930.0
0.8859867922028941,0.0,0.8138852715,0.9243904405000001,0.0,1930.0
0.7786634058943945,0.0,0.8003995245,0.911362794,0.0,1930.0
0.6934656250513495,0.0,0.8118312015,0.91021727,0.0,1563.0
0.6624719077178653,0.0,0.831252153,0.9137081635,0.0,1563.0
0.6599286683076495,0.0,0.84281588,0.914331045,0.0,1563.0
0.756241516805428,0.0,0.855026603,0.906782285,0.0,1563.0
0.9228626897071069,0.0,0.8645674765,0.9066062800000001,0.0,1563.0
0.9531314506324814,0.094436258,0.868066369,0.89919762,0.0,1563.0
0.9527308608470433,0.376772932,0.8340775439999999,0.8954080385000001,0.0,1563.0
0.9461106664974748,0.503413688,0.8661132915,0.9060868295,0.0,1563.0
0.9435315179815855,0.4253351525,0.877726441,0.9158325005,0.0,1563.0
0.9563930951634954,0.17626084050000002,0.8752141065,0.921025641,0.0,1563.0
0.970804307898792,0.0,0.86371577,0.921357038,0.0,1563.0
0.9068742052436306,0.0,0.8501081955,0.9135012204999999,0.0,1563.0
0.803645661491384,0.0,0.8021834409999999,0.912549962,0.0,1563.0
0.6932012707467444,0.0,0.7895651539999999,0.910022738,0.0,1563.0
0.662634840111156,0.0,0.734693934,0.9017285079999999,0.0,1563.0
0.6764244188039439,0.0,0.669697996,0.8825695265,0.0,1563.0
0.8196770311076442,0.0,0.60290221,0.850826836,0.0,1563.0
0.9241481721685527,0.0,0.5270579925,0.798404706,0.0,1563.0
0.9555453636055624,0.08775199,0.438074604,0.724819091,0.0,1563.0
0.9564964399985182,0.307801739,0.329457997,0.637869626,0.0,1563.0
0.9511747411447086,0.441630643,0.297758598,0.596929449,0.0,1563.0
0.94563347366084,0.535118026,0.28270110400000004,0.521483405,0.0,1563.0
0.9425785634688137,0.33231362600000003,0.22088120649999998,0.44231995,0.0,1563.0
0.9554760944253387,0.101662558,0.1927363955,0.3826554205,0.0,1563.0
0.970711650816521,0.0,0.20983467150000001,0.3130468375,0.0,1563.0
0.9084594369501974,0.0,0.2405277,0.2539326545,0.0,1563.0
0.8043673311560782,0.0,0.2651656545,0.28508868249999997,0.0,1563.0
0.6754103114981065,0.0,0.28674232050000004,0.3018780765,0.0,1563.0
0.6400937311017609,0.0,0.298019798,0.362121676,0.0,1563.0
0.6363033108231733,0.0,0.30939722199999997,0.37409956749999995,0.0,1563.0
0.6861474394896809,0.0,0.3297721895,0.429822849,0.0,1563.0
0.7620343267047768,0.0,0.348656378,0.471316367,0.0,1563.0
0.807485652419319,0.014764605,0.355387347,0.489879677,0.0,1563.0
0.8363781967246853,0.1264446775,0.379615006,0.5033675275,0.0,1563.0
0.836165917229182,0.2217206605,0.4186854295,0.529911121,0.0,1563.0
0.8320974140314275,0.210000427,0.4454960265,0.562601863,0.0,1563.0
0.8444919495623505,0.157706481,0.463167066,0.578598612,0.0,1563.0
0.8727347317522527,0.0342526915,0.463465104,0.5920959775000001,0.0,1563.0
0.862286843996289,0.0,0.4563794185,0.6270169065,0.0,1563.0
0.8171981866324438,0.0,0.453338649,0.674243248,0.0,1563.0
0.7614829009698753,0.0,0.4429442295,0.6557748889999999,0.0,1563.0
0.6754493061345314,0.0,0.43156039999999996,0.650503787,0.0,1563.0
0.6405403363746274,0.0,0.4193288825,0.6410819945,0.0,1563.0
0.6372258567178457,0.0,0.38036682,0.6199867210000001,0.0,1563.0
0.6883146844274416,0.0,0.357950705,0.593819393,0.0,1563.0
0.7627915029148649,0.0,0.342482809,0.559903943,0.0,1563.0
0.8091744077716263,0.092385405,0.310162249,0.528105879,0.0,1563.0
0.8336390002010683,0.3961471865,0.2218295065,0.4580803595,0.0,1563.0
0.826600596867665,0.527703423,0.2330140375,0.447673598,0.0,1563.0
0.8214590247782683,0.3926925925,0.215432254,0.4371666745,0.0,1563.0
0.8531447410055911,0.170448683,0.177726461,0.4363276515,0.0,1563.0
0.8745489676268015,0.0,0.1729953655,0.4419950375,0.0,1563.0
0.8376545565332256,0.0,0.169344392,0.4418589055,0.0,1563.0
0.7855536562488065,0.0,0.152897175,0.407041341,0.0,1563.0
0.7280666175066206,0.0,0.1641623295,0.3977029225,0.0,1563.0
0.6812384491321317,0.0,0.18108703199999998,0.415403855,0.0,1563.0
0.6693909569215885,0.0,0.19098374,0.424054396,0.0,1563.0
0.7086611806753109,0.0,0.191537571,0.426140777,0.0,1563.0
0.879817808952897,0.0,0.196793438,0.42130749349999996,0.0,1563.0
0.9604823032253493,0.0,0.205191886,0.411751058,0.0,1563.0
0.9682252488557372,0.118908661,0.215070252,0.417010956,0.0,1563.0
0.9724643984760883,0.328573348,0.211467972,0.39351714,0.0,1563.0
0.9691751625066989,0.49100540649999996,0.217935254,0.389595007,0.0,1563.0
0.9653167922661283,0.46009263899999997,0.2455143375,0.37307041500000004,0.0,1563.0
0.9651977959603105,0.304026092,0.237194303,0.358755272,0.0,1563.0
0.9775572272362161,0.133998215,0.226833325,0.37072401099999996,0.0,1563.0
0.9884421057139783,0.0,0.245767,0.3723410575,0.0,1563.0
0.9170346415459163,0.0,0.236410789,0.35895886,0.0,1563.0
0.8141578099731113,0.0,0.197371166,0.33149921400000004,0.0,1563.0
0.7036039031969943,0.0,0.241818042,0.3376389635,0.0,1563.0
0.6806073794842238,0.0,0.32005229749999997,0.33169171,0.0,1563.0
0.6778776186334817,0.0,0.382176022,0.360185393,0.0,1563.0
0.7753961490685012,0.0,0.4237068525,0.414329672,0.0,1563.0
0.942457778381063,0.0,0.441544625,0.4669920085,0.0,1563.0
0.9710194493104363,0.090088375,0.440913164,0.514882486,0.0,1563.0
0.9760167590046764,0.339043754,0.404846929,0.534947462,0.0,1563.0
0.971748721197131,0.48748260050000003,0.48731338,0.6044751315,0.0,1563.0
0.9692637054580004,0.414416914,0.514875561,0.6641179454999999,0.0,1563.0
0.9807539850690036,0.1966413975,0.501038455,0.6908365215000001,0.0,1563.0
0.9920485311137406,0.0,0.465851442,0.6959407405,0.0,1563.0
0.919112583283185,0.0,0.4569115545,0.702887862,0.0,1563.0
0.8373848136833031,0.0,0.400526123,0.640327988,0.0,1563.0
0.7620062210337679,0.0,0.397595074,0.5999347765,0.0,1563.0
0.6962452025679959,0.0,0.3924159775,0.58956825,0.0,1563.0
0.6887962148747049,0.0,0.343770609,0.5651802065,0.0,1563.0
0.7303357761863825,0.0,0.287102222,0.5135168,0.0,1563.0
0.8921893144056351,0.0,0.25902274000000003,0.4790338315,0.0,1563.0
0.968285082430562,0.0,0.246046689,0.461628135,0.0,1563.0
0.9775699274529872,0.148651726,0.244075753,0.446177427,0.0,1563.0
0.9760507005176995,0.351993138,0.2218113405,0.384958041,0.0,1563.0
0.9678904403619192,0.41427635799999996,0.283755726,0.35730053149999996,0.0,1563.0
0.9635775495390366,0.33719699,0.354954987,0.345261029,0.0,1563.0
0.9631334039594102,0.26023614,0.395965674,0.370144068,0.0,1563.0
0.9678646377054764,0.163009109,0.431418884,0.405434149,0.0,1563.0
0.9866375290594389,0.043796469,0.468494352,0.445833973,0.0,1563.0
0.9873697076661676,0.0,0.506743806,0.501979588,0.0,1563.0
0.9146067315397699,0.0,0.5265874905,0.5207742129999999,0.0,1563.0
0.8110043845223288,0.0,0.4894777825,0.4715743625,0.0,1563.0
0.6982923554613567,0.0,0.45430408899999997,0.4794558665,0.0,1563.0
0.6738033242626542,0.0,0.44340638,0.5181379365000001,0.0,1563.0
0.6878671400946672,0.0,0.4129949995,0.5484923715000001,0.0,1563.0
0.8710371221655433,0.0,0.3841908095,0.5709401080000001,0.0,1563.0
0.9467338209708885,0.0,0.380470546,0.589800158,0.0,1563.0
0.9562761558556865,0.041694677,0.383467977,0.601894193,0.0,1563.0
0.9532558578855633,0.1164653215,0.3985056465,0.6033362615,0.0,1563.0
0.9448344854996519,0.150713038,0.4328082445,0.6217709425,0.0,1563.0
0.9412749251743915,0.12490312649999999,0.501418715,0.6494183305000001,0.0,1563.0
0.9515877178570454,0.05318357,0.5639268415,0.6935205605,0.0,1563.0
0.9597907738952025,0.0,0.591076293,0.768193394,0.0,1563.0
0.897049516697498,0.0,0.641215181,0.7875737185,0.0,1563.0
0.7977782161334889,0.0,0.680266487,0.7535790360000001,0.0,1563.0
0.6891243156724401,0.0,0.658857962,0.807738811,0.0,1563.0
0.6580651972731446,0.0,0.6447426215000001,0.8768852285,0.0,1563.0
0.6747844515847986,0.0,0.6497760585,0.8872623470000001,0.0,1563.0
0.8615532792353828,0.0,0.6433661785,0.8784546985,0.0,1563.0
0.9459539275676334,0.0,0.635293493,0.871041314,0.0,1563.0
0.9608404995537388,0.079879545,0.622343611,0.868961905,0.0,1563.0
0.9670059500437638,0.3684829205,0.553520633,0.826679085,0.0,1563.0
0.9623762723507878,0.574258428,0.602542955,0.8075599695,0.0,1563.0
0.9526842193871521,0.512678384,0.5798791105000001,0.811315879,0.0,1563.0
0.9672056635992236,0.262490008,0.49016387850000004,0.783784681,0.0,1563.0
0.9822921279515066,0.0006465945,0.462349078,0.731113214,0.0,1563.0
0.9136337877431475,0.0,0.48467492749999996,0.6874554854999999,0.0,1563.0
0.8301433429126607,0.0,0.545254608,0.660931781,0.0,1563.0
0.7399858161212056,0.0,0.58620338,0.6899449485,0.0,1563.0
0.6585620662387094,0.0,0.654071014,0.7208501869999999,0.0,1563.0
0.6447927897822658,0.0,0.707636803,0.694113664,0.0,1563.0
0.6430338261898269,0.0,0.7546811959999999,0.6975228714999999,0.0,1563.0
0.6878342719182795,0.0,0.7981189664999999,0.7226866175,0.0,1563.0
0.7614748963900224,0.001155571,0.79375883,0.781324227,0.0,1563.0
0.7974420213505419,0.029965913,0.781531308,0.834307889,0.0,1563.0
0.8166083475646387,0.09726229049999999,0.7187307575,0.8711757075,0.0,1563.0
0.8135543316961031,0.17497085499999998,0.6639235205,0.8443859215,0.0,1563.0
0.806659609454335,0.1951287895,0.6546042935,0.800172125,0.0,1563.0
0.8126461851923484,0.124893984,0.585641006,0.782699119,0.0,1563.0
0.8340188404534654,0.0232781505,0.5339925649999999,0.791170463,0.0,1563.0
0.8267220527992473,0.0,0.5663889314999999,0.803930669,0.0,1563.0
0.7995835083008013,0.0,0.605438355,0.794950577,0.0,1563.0
0.7507915201821773,0.0,0.6679519325000001,0.8548276705,0.0,1563.0
0.6707413261487365,0.0,0.7561726545,0.896149188,0.0,1563.0
0.6332660644984851,0.0,0.746018457,0.8985701850000001,0.0,1563.0
0.6342424516497214,0.0,0.73809083,0.90646112,0.0,1563.0
0.6838347695497209,0.0,0.7274996165000001,0.9157703405,0.0,1563.0
0.7621493431563526,0.001986638,0.716618356,0.91397605,0.0,1563.0
0.8075130201756082,0.161195495,0.725376649,0.920417982,0.0,1563.0
0.8342584430363165,0.40791988199999996,0.725811934,0.9190402360000001,0.0,1563.0
0.8332761977085952,0.5353973025000001,0.7795802135000001,0.926456301,0.0,1563.0
0.8317200779387848,0.4673913475,0.779683119,0.928985465,0.0,1563.0
0.8492264029809441,0.298544747,0.794107326,0.932249973,0.0,1563.0
0.8764336800250341,0.080419856,0.7714019065,0.9282705520000001,0.0,1563.0
0.866035877151051,0.0,0.7184583955,0.9201016694999999,0.0,1563.0
0.8042517781373981,0.0,0.6623362335,0.8870941765,0.0,1563.0
0.7309982160491955,0.0,0.6378623404999999,0.8680170309999999,0.0,1563.0
0.6889991034337506,0.0,0.629086432,0.8601414935,0.0,1563.0
0.6820887519881826,0.0,0.607539526,0.835761474,0.0,1563.0
0.7212637920304577,0.0,0.593674467,0.808135167,0.0,1563.0
0.888301250924787,0.0,0.5733030139999999,0.7705788095,0.0,1563.0
0.9648034667766854,0.002573265,0.563305371,0.741209851,0.0,1563.0
0.9686749397268307,0.196054623,0.555221482,0.722783687,0.0,1563.0
0.9688813162419561,0.45735110049999994,0.513281347,0.656202701,0.0,1563.0
0.9548443540010748,0.6492921405000001,0.634589531,0.694617806,0.0,1563.0
0.94587316564905,0.5153185535,0.641813866,0.730140619,0.0,1563.0
0.9508903304853649,0.306933162,0.626440085,0.762533132,0.0,1563.0
0.9725526732113136,0.131218404,0.645536862,0.789422375,0.0,1563.0
0.9799130060785222,0.0005132025,0.6989923915,0.832501811,0.0,1563.0
0.909769156833288,0.0,0.7745746090000001,0.87737632,0.0,1563.0
0.8042579045974353,0.0,0.8175015565,0.9070323065,0.0,1563.0
0.6931970672104161,0.0,0.8181388935,0.9061569575,0.0,1563.0
0.6630866103822053,0.0,0.82859101,0.9066859325000001,0.0,1563.0
0.6760516664734384,0.0,0.7993650155,0.9127973540000001,0.0,1563.0
0.8601320308567958,0.0,0.7430261535,0.8656834035000001,0.0,1563.0
0.9411221663012193,0.001606877,0.692449016,0.81752631,0.0,1563.0
0.9552663191570654,0.073610061,0.651759672,0.825497132,0.0,1563.0
0.962659743882748,0.219000179,0.542258531,0.8386660865,0.0,1563.0
0.9619817643564454,0.36969345600000003,0.5340316145,0.835895636,0.0,1563.0
0.9592844245203457,0.4228583495,0.47431155199999997,0.7887850064999999,0.0,1563.0
0.9626211070701854,0.32237365,0.425580433,0.719737927,0.0,1563.0
0.9787892262649606,0.199833328,0.399273186,0.653329942,0.0,1563.0
0.9823753493609029,0.0014960355,0.4058080105,0.580268375,0.0,1563.0
0.9133520602567028,0.0,0.4466476045,0.5270639025,0.0,1563.0
0.8310518471053262,0.0,0.487321344,0.544368841,0.0,1563.0
0.7499429389696952,0.0,0.519823812,0.6029387454999999,0.0,1563.0
0.6818472265490986,0.0,0.5851253795,0.6648108374999999,0.0,1563.0
0.6717090378088124,0.0,0.6687717675,0.718022576,0.0,1563.0
0.7090446878294565,0.0,0.745833861,0.755053269,0.0,1563.0
0.871751502695682,0.0,0.812620396,0.8010148595,0.0,1563.0
0.9484300889374104,0.001944257,0.861905025,0.825005,0.0,1563.0
0.9575318556714958,0.057094581,0.886085528,0.839418572,0.0,1563.0
0.9537336320257194,0.1170729345,0.8881426265,0.8756031945,0.0,1563.0
0.9458795157236977,0.131290244,0.9074814065,0.9256895115,0.0,1563.0
0.9437985331246188,0.165282556,0.8917937225,0.9306974295,0.0,1563.0
0.9467454477160727,0.13832686,0.859752008,0.926716279,0.0,1563.0
0.9636109096810627,0.091806413,0.830961275,0.912218829,0.0,1563.0
0.9649064985917393,0.001786057,0.7988633430000001,0.8844863789999999,0.0,1563.0
0.897953683279535,0.0,0.775035965,0.873809684,0.0,1563.0
0.7965186258013204,0.0,0.750114858,0.8897634915,0.0,1563.0
0.6853125869592366,0.0,0.782282951,0.9101077865,0.0,1563.0
0.651007497834193,0.0,0.798988594,0.907922914,0.0,1563.0
0.6504020296300638,0.0,0.807584346,0.899045197,0.0,1563.0
0.7353275184571118,0.0,0.824861326,0.894458413,0.0,1563.0
0.9110089368947506,0.001630681,0.829501043,0.8942857305,0.0,1563.0
0.943946059996196,0.234543088,0.829527492,0.889858576,0.0,1563.0
0.9460030286532888,0.497512753,0.819252817,0.8561363774999999,0.0,1563.0
0.9433200434716897,0.6395887775,0.879592149,0.8481191175,0.0,1563.0
0.9399101118873842,0.5729601360000001,0.8744583164999999,0.8575716645,0.0,1563.0
0.954811754108239,0.323438282,0.8280007075,0.8653589660000001,0.0,1563.0
0.9748834094439398,0.0028465235,0.7705906275000001,0.8642330035,0.0,1563.0
0.9098380235881838,0.0,0.7407615175,0.8589669295,0.0,1563.0
0.8060317594789546,0.0,0.7009900545000001,0.849823437,0.0,1563.0
0.6959483824448555,0.0,0.677371079,0.8291743695,0.0,1563.0
0.6706609667229568,0.0,0.644513707,0.7732620425000001,0.0,1563.0
0.6903562252283502,0.0,0.5826623285,0.6964550585,0.0,1563.0
0.8776168015152578,0.0,0.5559838615,0.6079688335,0.0,1563.0
0.9575745173446208,0.006318351,0.546666357,0.558648961,0.0,1563.0
0.9612459189154441,0.214601085,0.530830527,0.539882726,0.0,1563.0
0.952981508939033,0.411550635,0.49136871849999997,0.49851712,0.0,1563.0
0.9405512431806297,0.5215110985,0.5617177744999999,0.5414928084999999,0.0,1563.0
0.9270556002928949,0.37224373600000005,0.5698892289999999,0.5486533060000001,0.0,1563.0
0.9372371883511227,0.183916859,0.549042192,0.553473117,0.0,1563.0
0.9571613169501977,0.074917602,0.531827325,0.573084572,0.0,1563.0
0.966689744409716,0.001013581,0.5369018809999999,0.6041364575,0.0,1563.0
0.9050925246604518,0.0,0.560500768,0.645149772,0.0,1563.0
0.8240080328921346,0.0,0.55629614,0.672293404,0.0,1563.0
0.7358595586811061,0.0,0.515576493,0.6283864705,0.0,1563.0
0.653276365895932,0.0,0.4564820045,0.555836022,0.0,1563.0
0.6411404607023805,0.0,0.4229720515,0.4765741,0.0,1563.0
0.6549163778514945,0.0,0.386977664,0.3852996145,0.0,1563.0
0.737335900396134,0.0025581275,0.3379397885,0.328917577,0.0,1563.0
0.8061330025120756,0.170699448,0.276878765,0.294022589,0.0,1563.0
0.8169425300185182,0.35987836949999996,0.221879848,0.25950675050000005,0.0,1563.0
0.8084533193429777,0.4676305455,0.2477719765,0.286752451,0.0,1563.0
0.7975331579344322,0.400192832,0.2236134715,0.2871912675,0.0,1563.0
0.8036233916623894,0.280526404,0.190597641,0.268428377,0.0,1563.0
0.8474619837048238,0.08663048799999999,0.173788063,0.254287359,0.0,1563.0
0.8513240209820944,0.0,0.1672894755,0.2407599685,0.0,1563.0
0.8147552959318582,0.0,0.156389635,0.2370925,0.0,1563.0
0.7608583825418032,0.0,0.1555357765,0.26092009,0.0,1563.0
0.6756868740538442,0.0,0.1495929225,0.263709556,0.0,1563.0
0.6398827261555571,0.0,0.1706386325,0.282016052,0.0,1563.0
0.6351438455185487,0.0,0.1932917385,0.308796189,0.0,1563.0
0.6800627957221326,0.0,0.20850992499999998,0.34960859349999995,0.0,1563.0
0.7552186670050182,0.004568945,0.232704114,0.382223759,0.0,1563.0
0.7902798815404124,0.053562502,0.247162761,0.396112004,0.0,1563.0
0.811787721212722,0.1072773555,0.24844505699999997,0.3672446405,0.0,1563.0
0.8053760945855395,0.135126285,0.257973838,0.347991256,0.0,1563.0
0.7985542637568024,0.088356031,0.2597266735,0.3341031335,0.0,1563.0
0.8048517235869581,0.037215416,0.259287843,0.337844289,0.0,1563.0
0.8322758861556836,0.008695793,0.28340929449999996,0.3651157055,0.0,1563.0
0.8335117756333112,0.0,0.305170846,0.40795046749999997,0.0,1563.0
0.7995835083008013,0.0,0.290921761,0.405618453,0.0,1563.0
0.751383416315467,0.0,0.24516582850000002,0.3622911585,0.0,1563.0
0.6822719866852935,0.0,0.227957215,0.392099121,0.0,1563.0
0.6481392656264156,0.0,0.22908077,0.415553275,0.0,1563.0
0.6608291902549328,0.0,0.227935005,0.39686109599999997,0.0,1563.0
0.8102676446903609,0.0,0.21213263,0.38565425350000004,0.0,1563.0
0.9159206550941403,0.0213294165,0.209182689,0.367598763,0.0,1563.0
0.9261602433437943,0.08637004549999999,0.18078864,0.337648759,0.0,1563.0
0.9184252128204249,0.123178576,0.224187793,0.3427191775,0.0,1563.0
0.9066439936647128,0.1045905085,0.242959982,0.3422749935,0.0,1563.0
0.9159877330671033,0.05045452,0.2638176895,0.3340069745,0.0,1563.0
0.9271584978986969,0.0011767155,0.3212176415,0.344457925,0.0,1563.0
0.8862209838384814,0.0,0.3499966125,0.3911534455,0.0,1563.0
0.7927546118846434,0.0,0.39034853049999996,0.47662765949999997,0.0,1563.0
0.6820482145189063,0.0,0.430038389,0.610595563,0.0,1563.0
0.6481232116628167,0.0,0.4687645325,0.6297535945,0.0,1563.0
0.6614732954065761,0.0,0.474347022,0.62898204,0.0,1563.0
0.8293579044203654,0.0,0.502346416,0.639980276,0.0,1563.0
0.9278460919760676,0.005322584,0.525513555,0.675825751,0.0,1563.0
0.9364283173553143,0.19937146,0.507506368,0.681335452,0.0,1563.0
0.9417152251090275,0.4162724155,0.458854847,0.6367790794999999,0.0,1563.0
0.9327854015463573,0.5295865755,0.5321497745,0.6382029840000001,0.0,1563.0
0.9229159495926735,0.4498103685,0.513046495,0.683929383,0.0,1563.0
0.9279467088342986,0.307750163,0.449718741,0.654307946,0.0,1563.0
0.9521990666396061,0.09974390649999999,0.369382652,0.5885980485,0.0,1563.0
0.9420407769431154,0.0,0.31326690749999997,0.5292185805,0.0,1563.0
0.8647351903805557,0.0,0.262147207,0.493543875,0.0,1563.0
0.7996933820211894,0.0,0.197916747,0.385073528,0.0,1563.0
0.6914772324636538,0.0,0.1675829035,0.3333733615,0.0,1563.0
0.6624279716303925,0.0,0.13879509299999998,0.2946342575,0.0,1563.0
0.6779073118062835,0.0,0.114514915,0.27394743450000003,0.0,1563.0
0.8641997739403114,0.0,0.086280368,0.23876091,0.0,1563.0
0.9459539275676334,0.011282286,0.077532311,0.211547126,0.0,1563.0
0.9565951787369334,0.180072049,0.076820449,0.193487523,0.0,1563.0
0.952853032223923,0.299921262,0.073957216,0.179653643,0.0,1563.0
0.9463904710602107,0.400737986,0.061055524,0.172986902,0.0,1563.0
0.9448454862723732,0.4801055485,0.0628030155,0.16219382300000001,0.0,1563.0
0.9424060388589257,0.459959036,0.071083112,0.164159464,0.0,1563.0
0.9415593358337352,0.388656379,0.077975577,0.173444693,0.0,1563.0
0.9459609036147438,0.262553754,0.082854765,0.186440158,0.0,1563.0
0.9600860064490743,0.166475078,0.089239901,0.19611277,0.0,1563.0
0.9648518523495679,0.006475578,0.137852105,0.231523692,0.0,1563.0
0.9044471450269848,0.0,0.1995124985,0.282353525,0.0,1563.0
0.8040038132183076,0.0,0.2465104965,0.34152179699999996,0.0,1563.0
0.6934791077843059,0.0,0.248301072,0.3656076175,0.0,1563.0
0.6650542982407528,0.0,0.2569774895,0.38792368099999996,0.0,1563.0
0.6807976126303916,0.0,0.27622917199999997,0.426089144,0.0,1563.0
0.8665422265259078,0.0,0.3109238325,0.481151338,0.0,1563.0
0.9475357157846349,0.009910521,0.340829341,0.537775523,0.0,1563.0
0.95746415172607,0.155109302,0.347098309,0.560821814,0.0,1563.0
0.9611006727914378,0.251289132,0.373657702,0.569785682,0.0,1563.0
0.96081814025191,0.3202162465,0.427371713,0.5564012810000001,0.0,1563.0
0.9572115807103716,0.30004242999999997,0.4425932725,0.5277565625,0.0,1563.0
0.9556826498861329,0.229129733,0.397869129,0.502921997,0.0,1563.0
0.9590465659830101,0.175146968,0.364389435,0.499359462,0.0,1563.0
0.9822661016804533,0.058476226500000006,0.364515331,0.523305738,0.0,1563.0
0.9684747342732083,0.0,0.4223841235,0.5893376969999999,0.0,1563.0
0.8581585966290683,0.0,0.45555638249999997,0.667059071,0.0,1563.0
0.7527055009934129,0.0,0.47304968449999996,0.7034162415,0.0,1563.0
0.6852489075369943,0.0,0.47047836249999997,0.6878991935000001,0.0,1563.0
0.6790495827397858,0.0,0.4605910535,0.6562831145,0.0,1563.0
0.717017666362996,0.0,0.467320034,0.651042221,0.0,1563.0
0.882743169295605,0.0,0.49587556050000003,0.6752019995,0.0,1563.0
0.9585669137230384,0.020161672,0.524223805,0.722915178,0.0,1563.0
0.9621152495260156,0.190651892,0.530699358,0.755668716,0.0,1563.0
0.9678540392906074,0.3533250415,0.590729676,0.7721955659999999,0.0,1563.0
0.9653107552789257,0.40647703700000004,0.62413497,0.7860998564999999,0.0,1563.0
0.961633406058783,0.3574165555,0.635303797,0.7949918185,0.0,1563.0
0.9671080874003753,0.264381657,0.635944611,0.805813718,0.0,1563.0
0.9821775587291518,0.178223118,0.63596754,0.821151782,0.0,1563.0
0.9870888297667962,0.020165703,0.662387627,0.842008368,0.0,1563.0
0.9668145094191847,0.0,0.6971752005,0.86919122,0.0,1563.0
0.8551324404824603,0.0,0.6909003985,0.870828303,0.0,1563.0
0.7399858161212056,0.0,0.6619536925,0.839630455,0.0,1563.0
0.6585187487688434,0.0,0.6535469363333333,0.820362954,0.0,1563.0
0.6583814028397167,0.0,0.627238802,0.809228572,0.0,1563.0
0.7107883129035941,0.0,0.5814523924999999,0.7841821250000001,0.0,1563.0
0.7762620141249398,0.037048505,0.561717197,0.777874646,0.0,1563.0
0.8119215641386789,0.230345341,0.529755955,0.781489873,0.0,1563.0
0.8392125545578034,0.437432971,0.568656796,0.766656911,0.0,1563.0
0.8369952694744793,0.6056302065,0.5349072785,0.7241198255,0.0,1563.0
0.826899362248985,0.607474827,0.499245264,0.702910002,0.0,1563.0
0.8242811744277293,0.527064353,0.486986796,0.698022984,0.0,1563.0
0.8378462207724153,0.411645971,0.467045414,0.70299769,0.0,1563.0
0.8682405963618074,0.255079805,0.480995843,0.72424755,0.0,1563.0
0.8755077355796409,0.024690147,0.533525953,0.759664734,0.0,1563.0
0.8654266302378681,0.0,0.5729822455,0.801487421,0.0,1563.0
0.8208187877410376,0.0,0.577633975,0.837261478,0.0,1563.0
0.7662522350288756,0.0,0.548917485,0.85390732,0.0,1563.0
0.6796883216805822,0.0,0.5491434595,0.8314000610000001,0.0,1563.0
0.6552589227765648,0.0,0.5330210264999999,0.80608671,0.0,1563.0
0.660715068261799,0.0,0.5316537275,0.7952599375,0.0,1563.0
0.7114008243606733,0.0,0.5329224275,0.793301735,0.0,1563.0
0.7739464821338874,0.040448762,0.530940898,0.81130779,0.0,1563.0
0.8118770243457382,0.284746484,0.527065185,0.809713511,0.0,1563.0
0.838119049220565,0.522841297,0.5052264959999999,0.7766816169999999,0.0,1563.0
0.8353061116968439,0.681941615,0.4701341965,0.7162987705,0.0,1563.0
0.8297701210859392,0.706841371,0.441432239,0.695515437,0.0,1563.0
0.8280199223225434,0.62835627,0.441553098,0.683232915,0.0,1563.0
0.8443079769505202,0.50930767,0.438610842,0.688306179,0.0,1563.0
0.8727410818269002,0.324387209,0.450006775,0.713509993,0.0,1563.0
0.879279217441591,0.04865705,0.495416234,0.751680086,0.0,1563.0
0.8678747530075245,0.0,0.5376406229999999,0.8003809435,0.0,1563.0
0.806673740494225,0.0,0.5469010755,0.8174309945,0.0,1563.0
0.7372854800922376,0.0,0.5397021984999999,0.8333391405,0.0,1563.0
0.6982484865122476,0.0,0.5493012005,0.827935843,0.0,1563.0
0.6926440539737218,0.0,0.5425225014999999,0.8035891909999999,0.0,1563.0
0.7303357761863825,0.0,0.549183429,0.794719888,0.0,1563.0
0.8925359287252578,0.0,0.5451509765,0.794995134,0.0,1563.0
0.9686385387229948,0.048710755,0.536697845,0.804293318,0.0,1563.0
0.9748019320125832,0.31092759,0.533109042,0.812270131,0.0,1563.0
0.9793779920636061,0.45585891,0.605589065,0.799720793,0.0,1563.0
0.9803775881712202,0.48566606300000004,0.5801511655,0.7666053625,0.0,1563.0
0.9785557948785639,0.36407037,0.5106086940000001,0.6963398315,0.0,1563.0
0.97881659402125,0.296932398,0.467887109,0.655042963,0.0,1563.0
0.981762748498465,0.230465557,0.435071661,0.643769459,0.0,1563.0
0.9959079746234707,0.160833525,0.365456284,0.63142164,0.0,1563.0
0.9967882614052979,0.012778644,0.332846928,0.6419342219999999,0.0,1563.0
0.9228151984577151,0.0,0.34553888899999996,0.6656467005,0.0,1563.0
0.8399077507222232,0.0,0.336812366,0.626004628,0.0,1563.0
0.7652192563772888,0.0,0.3204574845,0.5780805815000001,0.0,1563.0
0.7053461867184203,0.0,0.3285545555,0.4941719725,0.0,1563.0
0.6938048608310579,0.0,0.3541765095,0.4828554185,0.0,1563.0
0.7906307217308342,0.0,0.3580389995,0.541961015,0.0,1563.0
0.9265175901525861,0.0,0.353428656,0.599483259,0.0,1563.0
0.9640853746758568,0.046890511,0.358880591,0.629322585,0.0,1563.0
0.9764690435758345,0.26863268,0.34702208,0.627693498,0.0,1563.0
0.982570099130844,0.517264349,0.32764593200000003,0.5972750295,0.0,1563.0
0.9803648433529836,0.6749376835,0.414511015,0.562539062,0.0,1563.0
0.979225948703207,0.64941761,0.471585805,0.544593575,0.0,1563.0
0.9796825261485766,0.575783511,0.495400567,0.549835955,0.0,1563.0
0.9828985128810728,0.430279258,0.484357513,0.550564519,0.0,1563.0
0.9981134092795244,0.271234363,0.478759442,0.599472395,0.0,1563.0
0.9965552325117049,0.032579057,0.4895945545,0.690419945,0.0,1563.0
0.9559272609234442,0.0,0.501673135,0.734620968,0.0,1563.0
0.860665256157255,0.0,0.5108236215,0.735104204,0.0,1563.0
0.7628805825682219,0.0,0.5228428905,0.6838338905000001,0.0,1563.0
0.7039513224347489,0.0,0.545769411,0.696041154,0.0,1563.0
0.6920113297531327,0.0,0.5836912670000001,0.7555158645,0.0,1563.0
0.7874438914690841,0.0,0.6388469415,0.821733563,0.0,1563.0
0.9212480331787662,0.0,0.668854189,0.862354105,0.0,1563.0
0.9595823849160583,0.050700382,0.671729407,0.886030253,0.0,1563.0
0.9723471461483102,0.28083323,0.700240657,0.907156852,0.0,1563.0
0.9810685361303704,0.4920070275,0.72890029,0.9298846935,0.0,1563.0
0.9819387611319083,0.614065503,0.777629943,0.9250986404999999,0.0,1563.0
0.9805309284828653,0.583565282,0.786170442,0.923968415,0.0,1563.0
0.9807296581745242,0.510472371,0.808796908,0.918928011,0.0,1563.0
0.9829507443688487,0.391078315,0.819893442,0.928368398,0.0,1563.0
0.9950244235001746,0.247442838,0.810555541,0.932963989,0.0,1563.0
0.9942040150295895,0.027999169,0.799053091,0.9340856325,0.0,1563.0
0.9185381721390402,0.0,0.783704694,0.9313891595,0.0,1563.0
0.8353785559481295,0.0,0.775569878,0.929760222,0.0,1563.0
0.7553170033855809,0.0,0.7936100749999999,0.9286418715,0.0,1467.0
0.6809487616673,0.0,0.808776367,0.9290515145,0.0,1371.0
0.670777503537962,0.0,0.8237609505,0.9304887390000001,0.0,1371.0
0.7471608572258186,0.0,0.8433273225,0.9339069365,0.0,1371.0
0.8839992715367425,0.0,0.856354967,0.93561568,0.0,1371.0
0.9457961601050496,0.022893019,0.865786149,0.936203609,0.0,1371.0
0.9635908757282704,0.18825988,0.856697943,0.936369484,0.0,1371.0
0.9762367748639562,0.34165057249999997,0.871697467,0.936542355,0.0,1371.0
0.978076768591055,0.36589424849999996,0.904758945,0.936667186,0.0,1371.0
0.9775183667415672,0.264074232,0.915762797,0.935438108,0.0,1371.0
0.980623764308378,0.166828424,0.913780249,0.934994455,0.0,1371.0
0.995183353569801,0.05769667,0.9068779835,0.9304813055,0.0,1371.0
0.9743179867434487,0.0,0.909468109,0.9286375315,0.0,1371.0
0.8859600056826504,0.0,0.908493825,0.927925237,0.0,1371.0
0.8115648881737185,0.0,0.901858839,0.9359042535,0.0,1371.0
0.704673126241219,0.0,0.9046933925,0.9294712935,0.0,1371.0
0.6771773915451794,0.0,0.9027424150000001,0.9227145015,0.0,1371.0
0.690528973385373,0.0,0.9009510955,0.9268419370000001,0.0,1371.0
0.846666349425415,0.0,0.8977095159999999,0.927733037,0.0,1371.0
0.952759749169189,0.012028518,0.889045908,0.927635425,0.0,1371.0
0.969790044116708,0.05225379,0.888007355,0.927666098,0.0,1371.0
0.9794970331058412,0.109385415,0.8763741469999999,0.9307804879999999,0.0,1371.0
0.9797960221017717,0.1560344355,0.877472603,0.927621593,0.0,1371.0
0.9792500519830758,0.1480828555,0.869879318,0.9226808865,0.0,1371.0
0.9825380805415296,0.099197781,0.856464168,0.913020955,0.0,1371.0
0.9951634538262605,0.036559875500000005,0.8499553200000001,0.9099656135,0.0,1371.0
0.973743083768617,0.0,0.835732981,0.9031892975,0.0,1371.0
0.8593098336717536,0.0,0.7896763010000001,0.8722581385,0.0,1371.0
0.7446115585614053,0.0,0.753715804,0.8378200805,0.0,1371.0
0.6617279010858128,0.0,0.735941019,0.835472535,0.0,1371.0
0.6430043267848654,0.0,0.7247837706666665,0.851043944,0.0,1371.0
0.6706835049029793,0.0,0.7270614095,0.8530994315,0.0,1371.0
0.7281171496178225,0.016901122,0.714004836,0.836179919,0.0,1371.0
0.7720228643696372,0.080531855,0.701134012,0.822234196,0.0,1371.0
0.807674007445671,0.147812062,0.706277143,0.809802516,0.0,1371.0
0.814027902232455,0.22785699399999998,0.705750941,0.789816716,0.0,1371.0
0.8115705227355929,0.260781006,0.68423308,0.7678856395,0.0,1371.0
0.8114049741728154,0.204859244,0.676256818,0.76658896,0.0,1371.0
0.8322480711701732,0.120954906,0.6496107680000001,0.757305517,0.0,1371.0
0.8455941301883217,0.0109897435,0.636151625,0.7521174995,0.0,1371.0
0.8087843715971641,0.0,0.614678596,0.7428418029999999,0.0,1371.0
0.7652757137358634,0.0,0.535486772,0.692351911,0.0,1371.0
0.7063589078026045,0.0,0.553825717,0.7543782125,0.0,1371.0
0.6434732540679673,0.0,0.5410961679999999,0.7710727420000001,0.0,1371.0
0.6240185149383382,0.0,0.5201037545,0.7625132395,0.0,1371.0
0.6308723643563897,0.0,0.533536689,0.7704832365000001,0.0,1371.0
0.667181408202041,0.0,0.546508036,0.783017341,0.0,1371.0
0.7104984912969864,0.036574646,0.540914827,0.77595845,0.0,1371.0
0.755203104939582,0.104404849,0.539154828,0.759794122,0.0,1371.0
0.7873658349903948,0.176002656,0.536607126,0.690312009,0.0,1371.0
0.7907171404782871,0.22827092799999998,0.5550435775,0.6739154835000001,0.0,1371.0
0.787014525303757,0.217230515,0.5293504305000001,0.64712545,0.0,1371.0
0.785394278949959,0.188753279,0.485817881,0.626018802,0.0,1371.0
0.7943315705928536,0.140269869,0.450670028,0.59370552,0.0,1371.0
0.8222737539505615,0.061471253999999996,0.412850514,0.5578529050000001,0.0,1371.0
0.8209781203709434,0.0,0.3862147835,0.542322617,0.0,1371.0
0.7863270206992209,0.0,0.362186616,0.54884282,0.0,1371.0
0.7426059492006408,0.0,0.3137234465,0.5329152635000001,0.0,1371.0
0.6819305150968585,0.0,0.31044931200000003,0.53333561,0.0,1371.0
0.6449963491176675,0.0,0.29107200050000004,0.5092034715,0.0,1371.0
0.6570038446669969,0.0,0.255682851,0.49102393499999997,0.0,1371.0
0.8201212662275809,0.0,0.24054853850000002,0.45269828599999995,0.0,1371.0
0.9282371118793792,0.039416062,0.227599903,0.42914698,0.0,1371.0
0.9399439191911556,0.101764412,0.210817416,0.414881722,0.0,1371.0
0.9426697895255386,0.1649043505,0.2144457105,0.393324384,0.0,1371.0
0.93763071254914,0.2141635315,0.21237233900000002,0.3602952425,0.0,1371.0
0.935174719273931,0.17509379349999998,0.2252025845,0.37673584250000003,0.0,1371.0
0.940873798889325,0.126127688,0.269901908,0.406817351,0.0,1371.0
0.9587888971074928,0.053983741,0.319804449,0.460786543,0.0,1371.0
0.9471493467143484,0.0,0.36053866349999997,0.49967713750000003,0.0,1371.0
0.8407209147946701,0.0,0.3585658595,0.5107290115,0.0,1371.0
0.7326521131630425,0.0,0.35725880499999996,0.514065803,0.0,1371.0
0.651578085465391,0.0,0.3649988545,0.5101515544999999,0.0,1371.0
0.6401235808182854,0.0,0.3599343575,0.4416105475,0.0,1371.0
0.7189559964706576,0.0,0.3368754695,0.375785385,0.0,1371.0
0.8666587186719714,0.0,0.32038854,0.342975832,0.0,1371.0
0.9269620934885989,0.02377681,0.304437748,0.330753682,0.0,1371.0
0.939226631940983,0.086072533,0.291115344,0.318818559,0.0,1371.0
0.9438263928465465,0.177204284,0.25393827,0.27364983,0.0,1371.0
0.9411578965286995,0.29096910600000003,0.24496013249999998,0.2523595035,0.0,1371.0
0.9347233291612151,0.33249738900000003,0.2391659005,0.2243088725,0.0,1371.0
0.9291041171409139,0.308672892,0.218885719,0.186800148,0.0,1371.0
0.9342422906121143,0.231316697,0.212044783,0.170988736,0.0,1371.0
0.95045799046164,0.158553018,0.206498951,0.162869155,0.0,1371.0
0.9605843511091265,0.031535417,0.22887633000000002,0.1687766225,0.0,1371.0
0.9030403855121498,0.0,0.252836175,0.1852325225,0.0,1371.0
0.8185055812339734,0.0,0.252403695,0.20942262,0.0,1371.0
0.7362451676371535,0.0,0.255849979,0.235917189,0.0,1371.0
0.656308782644353,0.0,0.25758928449999996,0.27009895100000003,0.0,1371.0
0.6431059574211431,0.0,0.2762168015,0.29045043800000003,0.0,1371.0
0.7203800396944975,0.0,0.2925225355,0.31120000400000003,0.0,1371.0
0.8688074499528933,0.0,0.295694746,0.326105751,0.0,1371.0
0.9312783381932609,0.073084306,0.286527554,0.330788612,0.0,1371.0
0.945709584813874,0.218101715,0.28224293,0.34376385,0.0,1371.0
0.9417898158311565,0.438759057,0.29157622549999995,0.400547879,0.0,1371.0
0.9322446188277906,0.600380744,0.35289721350000003,0.44334961100000003,0.0,1371.0
0.9260236278395797,0.564395543,0.3981209285,0.493504363,0.0,1371.0
0.9304313668845184,0.439819764,0.383527835,0.521714704,0.0,1371.0
0.9538716784880044,0.191619025,0.33949712200000004,0.542631611,0.0,1371.0
0.9538645235627008,0.0,0.3391811095,0.558401619,0.0,1371.0
0.8480896548020109,0.0,0.33690219,0.5960060954999999,0.0,1371.0
0.7778516728474939,0.0,0.325221455,0.566303753,0.0,1371.0
0.6844936318486685,0.0,0.3377522985,0.55005025,0.0,1371.0
0.6462613280626293,0.0,0.378629129,0.5683864510000001,0.0,1371.0
0.6435162958319496,0.0,0.397439039,0.578885829,0.0,1371.0
0.7199116788252697,0.0,0.4031907935,0.5755880375,0.0,1371.0
0.8687678292765297,0.0,0.410698814,0.569576323,0.0,1371.0
0.9282292413738266,0.087106669,0.405850394,0.569908615,0.0,1371.0
0.9443944986524608,0.244436747,0.389796176,0.567661,0.0,1371.0
0.949364440522936,0.45199222250000004,0.35400025,0.5147237145,0.0,1371.0
0.9401878593846352,0.574670545,0.398443273,0.58026351,0.0,1371.0
0.9279625839871798,0.552570279,0.414493284,0.6247710245,0.0,1371.0
0.9271763853806456,0.423529706,0.386176323,0.613896188,0.0,1371.0
0.9502126639790315,0.2139940505,0.3347878985,0.589751712,0.0,1371.0
0.9426372343691201,0.0,0.2997899595,0.5483531035,0.0,1371.0
0.8427434501080528,0.0,0.284281626,0.4953718345,0.0,1371.0
0.7360792614529409,0.0,0.280488626,0.4243343145,0.0,1371.0
0.6615412677705055,0.0,0.2572077875,0.38276652499999997,0.0,1371.0
0.6542436080597918,0.0,0.22535518100000002,0.318203275,0.0,1371.0
0.7399839602683849,0.0,0.204673161,0.272600011,0.0,1371.0
0.8807420541566676,0.001146082,0.20986051,0.276153309,0.0,1371.0
0.935804313294827,0.131386476,0.218941921,0.309834972,0.0,1371.0
0.9483478065879222,0.278363677,0.214057425,0.322856439,0.0,1371.0
0.947058657157252,0.389387976,0.201822931,0.331012142,0.0,1371.0
0.9400566996315776,0.46466947049999996,0.251323813,0.36044184300000004,0.0,1371.0
0.9343464851016865,0.401705262,0.2861974335,0.3836766495,0.0,1371.0
0.9377809672625577,0.23777222600000003,0.31866883700000004,0.445736063,0.0,1371.0
0.9565276982711666,0.06917559749999999,0.38814361799999997,0.5654815285,0.0,1371.0
0.9410656419392323,0.0,0.44951585250000003,0.657966947,0.0,1371.0
0.8381507547224345,0.0,0.460231485,0.709255647,0.0,1371.0
0.7219181825095247,0.0,0.454404284,0.729254565,0.0,1371.0
0.6229387382156617,0.0,0.4681023915,0.7576212805,0.0,1371.0
0.5969034700817688,0.0,0.498568628,0.7539981225,0.0,1371.0
0.6094203335332941,0.0,0.5544574785,0.784461855,0.0,1371.0
0.6598253458745729,0.01517792,0.58460519,0.802125517,0.0,1371.0
0.7247908418007655,0.071412285,0.59151149,0.804494942,0.0,1371.0
0.7573172240660763,0.116396522,0.6003673389999999,0.790771181,0.0,1371.0
0.7573425348918322,0.1314481515,0.660552104,0.816804914,0.0,1371.0
0.7502569757309528,0.1591270695,0.6637165675,0.8184773805000001,0.0,1371.0
0.7519641327303664,0.161456063,0.651018814,0.802357783,0.0,1371.0
0.7788974185843126,0.0955644565,0.6497100315,0.7916364175,0.0,1371.0
0.7859878296559297,0.0,0.6134538205,0.7515255325000001,0.0,1371.0
0.7618816571694876,0.0,0.5240921964999999,0.6390088085,0.0,1371.0
0.7182662558549675,0.0,0.402471934,0.512092584,0.0,1371.0
0.6635608963638545,0.0,0.29862905,0.37555462149999996,0.0,1371.0
0.6156963060506406,0.0,0.24100017499999998,0.329132062,0.0,1371.0
0.6097294288435038,0.0,0.2222214655,0.34208885099999997,0.0,1371.0
0.6374180127877223,0.0,0.22016813000000002,0.3663984245,0.0,1371.0
0.7000699220485176,0.048525617,0.214714276,0.372310889,0.0,1371.0
0.7407238304349971,0.13010563,0.193547794,0.382636534,0.0,1371.0
0.7614837506919001,0.243906607,0.185233302,0.368396115,0.0,1371.0
0.7670072647681203,0.3462459365,0.2099354565,0.390247861,0.0,1371.0
0.7644544556107293,0.382377984,0.22637199149999998,0.38796750999999996,0.0,1371.0
0.7639067862504109,0.319971081,0.246435356,0.379833092,0.0,1371.0
0.7689667915030924,0.223257689,0.259232962,0.402922905,0.0,1371.0
0.794360906009269,0.1038685825,0.275710179,0.472922709,0.0,1371.0
0.799821948209134,0.0,0.28313608749999997,0.516044366,0.0,1371.0
0.7619615695009976,0.0,0.2350372485,0.509896039,0.0,1371.0
0.704401259187448,0.0,0.2057825675,0.495984487,0.0,1371.0
0.6412655164648233,0.0,0.194041118,0.472652307,0.0,1371.0
0.627655438429034,0.0,0.1764641075,0.43638167,0.0,1371.0
0.688834315187639,0.0,0.176232627,0.445442582,0.0,1371.0
0.8671154749280585,0.0182710575,0.1861143875,0.46490410449999997,0.0,1371.0
0.929000772305891,0.126074521,0.187870874,0.4738360065,0.0,1371.0
0.9313781054644185,0.2316702515,0.2333136695,0.499460978,0.0,1371.0
0.9246893125760304,0.2470623955,0.2798333745,0.487150521,0.0,1371.0
0.9215223821927723,0.2080778365,0.326783873,0.47219851700000004,0.0,1371.0
0.9436452822183325,0.101404563,0.356355406,0.448371136,0.0,1371.0
0.9386496718331907,0.0,0.325583551,0.46225311599999996,0.0,1371.0
0.863973900039498,0.0,0.286039099,0.487699134,0.0,1371.0
0.790221747274686,0.0,0.2485671215,0.49045851349999997,0.0,1371.0
0.6796325575003099,0.0,0.23302612849999998,0.511591618,0.0,1371.0
0.6417475835466664,0.0,0.19545418650000002,0.5069219635,0.0,1371.0
0.6420641468696249,0.0,0.180206357,0.469173419,0.0,1371.0
0.7186258833438547,0.0,0.162864768,0.40731605049999997,0.0,1371.0
0.8653966687140385,0.001717284,0.150037361,0.343355875,0.0,1371.0
0.9213590249722069,0.115398594,0.14211345,0.290568844,0.0,1371.0
0.9299952704862106,0.244575545,0.12955976,0.234143677,0.0,1371.0
0.9367753341677407,0.371284713,0.122032183,0.154982707,0.0,1371.0
0.9270506365073763,0.4947371945,0.20154473550000002,0.1541431155,0.0,1371.0
0.9198801789624731,0.4440432895,0.27082415449999997,0.2164013585,0.0,1371.0
0.9167243834937124,0.311524366,0.3052701295,0.270538599,0.0,1371.0
0.9394010346706867,0.1536370715,0.34026846850000003,0.330246211,0.0,1371.0
0.9388976814886985,0.0,0.412070863,0.4262808565,0.0,1371.0
0.8639730055810559,0.0,0.463137135,0.520625276,0.0,1371.0
0.7916790387657711,0.0,0.5247211235,0.618957973,0.0,1371.0
0.6806363794787234,0.0,0.578929962,0.7147542805,0.0,1371.0
0.6422497517196655,0.0,0.6267889719999999,0.7622326465,0.0,1371.0
0.6501010283725415,0.0,0.666807231,0.7737430695,0.0,1371.0
0.7490859059481393,0.0,0.717294769,0.803486197,0.0,1371.0
0.8471299030528465,0.00279663,0.743063644,0.823933993,0.0,1371.0
0.9097663396535643,0.059403281,0.770574597,0.844825921,0.0,1371.0
0.9222920350050209,0.117151131,0.785715595,0.870425748,0.0,1371.0
0.9195447443612408,0.2151255875,0.8102971075000001,0.8871729775,0.0,1371.0
0.9137314980837717,0.263022186,0.861729394,0.900460388,0.0,1371.0
0.9115880434733863,0.1794769105,0.8787287770000001,0.9077541695,0.0,1371.0
0.9115110825983275,0.125288623,0.87805156,0.916827528,0.0,1371.0
0.9259834705286364,0.072521338,0.891912032,0.921665994,0.0,1371.0
0.9293609810982995,0.0152321355,0.8971216395,0.9297647170000001,0.0,1371.0
0.8861884286145869,0.0,0.900414024,0.9284740235,0.0,1371.0
0.811039712324481,0.0,0.874063205,0.923944421,0.0,1371.0
0.7262953115887487,0.0,0.8622120645,0.9003538835,0.0,1371.0
0.6402650483007133,0.0,0.8500547965,0.8867512235,0.0,1371.0
0.627255027589265,0.0,0.8330935479999999,0.876539789,0.0,1371.0
0.6858568577013585,0.0,0.7814948275,0.8517077155,0.0,1371.0
0.8272584530358166,0.001629655,0.753179976,0.836896465,0.0,1371.0
0.9012070101432509,0.035637942,0.735031973,0.825088309,0.0,1371.0
0.9220357076147394,0.08686823,0.732582497,0.8062078,0.0,1371.0
0.9199962686157329,0.1877363835,0.703003807,0.7537906974999999,0.0,1371.0
0.9127954024527307,0.29958080200000003,0.7082235475,0.763733322,0.0,1371.0
0.9046175230985536,0.2967752825,0.706427137,0.7421195485000001,0.0,1371.0
0.9032944769587533,0.24249109,0.71195297,0.759080443,0.0,1371.0
0.9254668805627729,0.13209823650000002,0.6908787805000001,0.774303569,0.0,1371.0
0.9246009485703979,0.0007559675,0.6451418925,0.804312616,0.0,1371.0
0.8384371329744285,0.0,0.6117457264999999,0.7703891295,0.0,1371.0
0.7649310222724739,0.0,0.590797783,0.748761978,0.0,1371.0
0.6705559896497236,0.0,0.5559243014999999,0.723714091,0.0,1371.0
0.62917061830424,0.0,0.5370008925,0.6727448055,0.0,1371.0
0.6410148236364165,0.0,0.529144653,0.639820437,0.0,1371.0
0.7263669955233681,0.0,0.528112416,0.61966668,0.0,1371.0
0.8324756890490264,0.002557667,0.522577432,0.610230325,0.0,1371.0
0.9063484927598132,0.074102615,0.514282011,0.612955466,0.0,1371.0
0.9221211202988722,0.158812299,0.512897001,0.617206202,0.0,1371.0
0.9191218847468081,0.284577821,0.5364193495,0.587230307,0.0,1371.0
0.9134044258187788,0.33769333199999996,0.5784918375,0.5603562634999999,0.0,1371.0
0.9076222589357646,0.3152613165,0.593035427,0.511820603,0.0,1371.0
0.9106320033623875,0.235071542,0.594157183,0.497485117,0.0,1371.0
0.9284939758367647,0.170458715,0.58629534,0.515758247,0.0,1371.0
0.9340127945459697,0.091351484,0.600113649,0.561905553,0.0,1371.0
0.936768134438544,0.0011455575,0.630058738,0.6295369485,0.0,1371.0
0.8381709676208957,0.0,0.646848019,0.6930367635,0.0,1371.0
0.7663757926274085,0.0,0.668843343,0.749948032,0.0,1371.0
0.6638398514069928,0.0,0.7157198225,0.7840573275,0.0,1371.0
0.6186056794331622,0.0,0.7626868010000001,0.834513791,0.0,1371.0
0.6194471056528648,0.0,0.8000382305,0.876947248,0.0,1371.0
0.6429578491785689,0.0,0.826854653,0.894323829,0.0,1371.0
0.6715465749792134,0.002748294,0.842695189,0.904665394,0.0,1371.0
0.7201949267426194,0.087082553,0.849218353,0.915060372,0.0,1371.0
0.7701025558857004,0.164649058,0.875904983,0.922367408,0.0,1371.0
0.8124022001949757,0.2780190975,0.875038314,0.9288013245,0.0,1371.0
0.8168684312620275,0.3895665775,0.8834784955,0.92962652,0.0,1371.0
0.8161002541442667,0.381572771,0.871822178,0.928080753,0.0,1371.0
0.8176500239069052,0.35488413,0.86146796,0.927810749,0.0,1371.0
0.827322400741611,0.301308393,0.847622228,0.92671004,0.0,1371.0
0.8495664883477259,0.171958444,0.8105465215000001,0.9244239395,0.0,1371.0
0.8396786123449893,0.001378789,0.7868783515,0.922865058,0.0,1371.0
0.8002600121326162,0.0,0.781888069,0.918918471,0.0,1371.0
0.7560061177589051,0.0,0.7397643185,0.9007076025,0.0,1371.0
0.689532060383182,0.0,0.7595517764999999,0.892331253,0.0,1371.0
0.6557881010169424,0.0,0.767046649,0.8851525094999999,0.0,1371.0
0.6518648886121354,0.0,0.771306092,0.8844153765,0.0,1371.0
0.6685619624326777,0.0,0.775101078,0.883065058,0.0,1371.0
0.692345534541483,0.004571077,0.78110074,0.88334861,0.0,1371.0
0.738363177280007,0.128693658,0.762598831,0.882883283,0.0,1371.0
0.7819226803399543,0.251636722,0.821370833,0.882858297,0.0,1371.0
0.8111784294956461,0.3383629,0.840988769,0.874237128,0.0,1371.0
0.8185968966960571,0.3629500025,0.858098029,0.8825211470000001,0.0,1371.0
0.8178744221132309,0.3159235225,0.8603957915,0.8838737795,0.0,1371.0
0.8178559085913437,0.266375886,0.844575384,0.887462897,0.0,1371.0
0.8273300028286601,0.211222063,0.813747445,0.893365978,0.0,1371.0
0.8476633965019061,0.150025428,0.766134326,0.896752035,0.0,1371.0
0.8514351467823598,0.089504417,0.728900427,0.896780107,0.0,1371.0
0.8381228502640896,0.0021325795,0.700353353,0.889898882,0.0,1371.0
0.7835052735425634,0.0,0.6433641400000001,0.8443694829999999,0.0,1371.0
0.7192356892935639,0.0,0.6127857185000001,0.816596726,0.0,1371.0
0.6707209344395577,0.0,0.610395071,0.8209935875000001,0.0,1371.0
0.6606362740033418,0.0,0.6142440140000001,0.8226337735,0.0,1371.0
0.7405443967814107,0.0,0.6111018675,0.8185965115,0.0,1371.0
0.8841915617483951,0.009819292,0.602013249,0.819982489,0.0,1371.0
0.9438841693558864,0.178414223,0.581970438,0.820613673,0.0,1371.0
0.9602529858349709,0.339488859,0.583568667,0.816093982,0.0,1371.0
0.9694321159369189,0.448106194,0.617604172,0.804132687,0.0,1371.0
0.9680894830735474,0.4689852765,0.6029639755,0.79525358,0.0,1371.0
0.9616456142424399,0.45978941949999996,0.589441873,0.7687666445,0.0,1371.0
0.954533291030739,0.415191785,0.576217194,0.758201558,0.0,1371.0
0.9564921469218797,0.340960541,0.560321444,0.757184742,0.0,1371.0
0.9733625280034468,0.249308855,0.512916567,0.755292465,0.0,1371.0
0.9782284095936016,0.0750009345,0.47899652849999996,0.7445780055,0.0,1371.0
0.9115527604751272,0.0,0.4523560345,0.7134665245,0.0,1371.0
0.8003032103053693,0.0,0.353868118,0.5881930355,0.0,1371.0
0.6854645185798061,0.0,0.319332249,0.557596332,0.0,1371.0
0.6558075759332084,0.0,0.28957116299999996,0.5378193665,0.0,1371.0
0.668968276185349,0.0,0.2850826575,0.5276474,0.0,1371.0
0.7850708736541903,0.0,0.273611358,0.520174927,0.0,1371.0
0.8801865590272139,0.008795795,0.26063581,0.503638328,0.0,1371.0
0.9344391421839575,0.208850405,0.237846567,0.482420089,0.0,1371.0
0.9477416004690732,0.406109312,0.212895503,0.452379681,0.0,1371.0
0.9524737286735815,0.569193079,0.223026844,0.423709201,0.0,1371.0
0.9449966353092817,0.6748909375,0.20593558899999997,0.384114128,0.0,1371.0
0.9386283858005213,0.645143073,0.176831709,0.34940364300000004,0.0,1371.0
0.9345619395332999,0.574213289,0.161783659,0.336763165,0.0,1371.0
0.9361159128997426,0.473329537,0.154196609,0.331389221,0.0,1371.0
0.9523517361748951,0.339804644,0.136547706,0.313138953,0.0,1371.0
0.9573967159292447,0.197005381,0.135296044,0.290280737,0.0,1371.0
0.9669173176871035,0.007819176,0.147626065,0.282070976,0.0,1371.0
0.9084656975520105,0.0,0.1626735215,0.2667806315,0.0,1371.0
0.8226597653994128,0.0,0.162739225,0.230117408,0.0,1371.0
0.7413191475209541,0.0,0.1865930895,0.2267406545,0.0,1371.0
0.6780681872015653,0.0,0.228739178,0.24894767299999998,0.0,1371.0
0.6733484684608537,0.0,0.275456185,0.296804077,0.0,1371.0
0.7510333139048133,0.0,0.3428080965,0.3386105135,0.0,1371.0
0.8880874510658543,0.019645866,0.390585113,0.36501893,0.0,1371.0
0.9389329197505404,0.135471521,0.406345647,0.380801939,0.0,1371.0
0.9471562332886245,0.240620975,0.406360437,0.390155062,0.0,1371.0
0.9432446925678462,0.350822632,0.421105984,0.377863395,0.0,1371.0
0.9383669604829452,0.481757181,0.5077388015,0.44020627599999995,0.0,1371.0
0.9247681963747979,0.38310531800000003,0.592375721,0.510315893,0.0,1371.0
0.9187738394016394,0.272710479,0.615955794,0.577919754,0.0,1371.0
0.9215167922998394,0.187956168,0.619297238,0.625904803,0.0,1371.0
0.9399258528310136,0.116016496,0.609723903,0.661693199,0.0,1371.0
0.9481367345033543,0.068163134,0.599316925,0.690076765,0.0,1371.0
0.9394011241435213,0.0026791435,0.592013872,0.7059050825,0.0,1371.0
0.8638923332027828,0.0,0.586102062,0.715445577,0.0,1371.0
0.7901613770652813,0.0,0.5561754615000001,0.7124111525000001,0.0,1371.0
0.6781190099307898,0.0,0.5757844935,0.7374713660000001,0.0,1371.0
0.6378762001368312,0.0,0.5690380450000001,0.7270471860000001,0.0,1371.0
0.649794168938534,0.0,0.5393208565000001,0.68784596,0.0,1371.0
0.7520462361341858,0.0,0.519710668,0.66921051,0.0,1371.0
0.8497657100050231,0.01448442,0.51412031,0.67599092,0.0,1371.0
0.9099466452286947,0.120187216,0.507234827,0.685288146,0.0,1371.0
0.926626345934873,0.251668455,0.513658522,0.694501845,0.0,1371.0
0.9253170730785762,0.342208323,0.601267132,0.714387467,0.0,1371.0
0.922278529870118,0.3550584365,0.621616736,0.6842117245,0.0,1371.0
0.9206756344311646,0.29756343100000004,0.6577094225,0.698726773,0.0,1371.0
0.9217350193771865,0.231924348,0.689820518,0.714580032,0.0,1371.0
0.928236128083054,0.146016002,0.68878713,0.729386817,0.0,1371.0
0.9470395176629018,0.082146906,0.664454683,0.745855833,0.0,1371.0
0.9509689906020462,0.018737840000000002,0.6526494359999999,0.7872993435,0.0,1371.0
0.8946165088990083,0.0,0.6401752045,0.811616156,0.0,1371.0
0.8120727131755872,0.0,0.611297232,0.806821024,0.0,1371.0
0.7285607586303446,0.0,0.6398113034999999,0.8317893279999999,0.0,1371.0
0.6416457815444949,0.0,0.6850804595,0.8569150685,0.0,1371.0
0.6293320079321552,0.0,0.717758528,0.8809415105,0.0,1371.0
0.6542499804014344,0.0,0.721138067,0.884496281,0.0,1371.0
0.7313438241030706,0.0,0.704754958,0.886368762,0.0,1371.0
0.836066775997963,0.008000456,0.676431182,0.894574949,0.0,1371.0
0.9147050679203327,0.1327295665,0.6491802655000001,0.877774199,0.0,1371.0
0.9195454150701209,0.274258193,0.585393181,0.829637204,0.0,1371.0
0.9201700453054982,0.331496185,0.551012425,0.7647428995000001,0.0,1371.0
0.9149631392886539,0.322041643,0.492464605,0.6283895465,0.0,1371.0
0.9110283000037113,0.295612935,0.423718267,0.511741797,0.0,1371.0
0.9159773135979035,0.214263092,0.377973825,0.446997954,0.0,1371.0
0.9324594920233584,0.10627122350000001,0.316273992,0.40515132249999997,0.0,1371.0
0.9364408385589406,0.0016028565,0.3036403995,0.39384118349999997,0.0,1371.0
0.8382217680156494,0.0,0.294774513,0.4144891275,0.0,1371.0
0.7667013444614965,0.0,0.293924797,0.415520653,0.0,1371.0
0.6646858165174636,0.0,0.2897731745,0.404420023,0.0,1371.0
0.6143570941399363,0.0,0.2990028945,0.4046913575,0.0,1371.0
0.6098849155585164,0.0,0.2948161505,0.3907131495,0.0,1371.0
0.6260808498062778,0.0,0.246353202,0.35353381,0.0,1371.0
0.6544279159585865,0.015674774,0.223098964,0.335449368,0.0,1371.0
0.7009543676302558,0.153311852,0.190591194,0.307735419,0.0,1371.0
0.7433438070381856,0.278766981,0.150422096,0.271740027,0.0,1371.0
0.7769938795767477,0.45269252449999997,0.167464705,0.213837325,0.0,1371.0
0.7719855690423105,0.495413292,0.1575260565,0.18733526849999999,0.0,1371.0
0.7668693971165528,0.45886876249999997,0.191813549,0.21145914799999999,0.0,1371.0
0.7790707927812741,0.3009929045,0.1916764555,0.23185950049999998,0.0,1371.0
0.7997168592611197,0.146943731,0.171059387,0.233058033,0.0,1371.0
0.8065408813645936,0.005962,0.17153531300000002,0.2296607905,0.0,1371.0
0.7765187886094908,0.0,0.170506364,0.22153378,0.0,1371.0
0.7344415748464153,0.0,0.159436362,0.191952835,0.0,1371.0
0.6510487508162424,0.0,0.18438438299999999,0.21386947550000002,0.0,1371.0
0.6095269875136791,0.0,0.2120776,0.2532769355,0.0,1371.0
0.621255863441786,0.0,0.204684723,0.268379533,0.0,1371.0
0.6579543844928486,0.0,0.20664291,0.267636284,0.0,1371.0
0.7074836490780203,0.043424369,0.1977696,0.263611006,0.0,1371.0
0.7480132394818252,0.249433972,0.174228951,0.241607011,0.0,1371.0
0.7767128676030761,0.41718011,0.152899487,0.213850236,0.0,1371.0
0.7768410311632653,0.56925254,0.154187153,0.189578064,0.0,1371.0
0.7678143470494714,0.6230674064999999,0.15304995700000001,0.1740413885,0.0,1371.0
0.7627651189549007,0.5755944045000001,0.179145782,0.17140660400000002,0.0,1371.0
0.7634079943611375,0.523732678,0.209537711,0.187182934,0.0,1371.0
0.7794211188065382,0.410742576,0.211832068,0.187416412,0.0,1371.0
0.7890338408771368,0.328521432,0.190049996,0.17730278,0.0,1371.0
0.7899039317368988,0.106865706,0.1729883585,0.1619112835,0.0,1371.0
0.7630363823032039,0.0,0.172901831,0.1732208235,0.0,1371.0
0.7082705855992741,0.0,0.14968982400000003,0.164760683,0.0,1371.0
0.6552669497583641,0.0,0.14870843150000002,0.181538913,0.0,1371.0
0.6437140863962247,0.0,0.141594341,0.1815159335,0.0,1371.0
0.7258333231961152,0.0,0.132642347,0.17241123149999998,0.0,1371.0
0.8746306238013998,0.0,0.136470064,0.17718692,0.0,1371.0
0.9314401303139798,0.067068294,0.138402183,0.164716174,0.0,1371.0
0.9395259786258244,0.238600022,0.12548251,0.141889942,0.0,1371.0
0.9380863061981843,0.401905842,0.113370893,0.119417407,0.0,1371.0
0.928225127242857,0.530990344,0.129974719,0.133453788,0.0,1371.0
0.9168495509959849,0.55607888,0.1851944045,0.16834006899999998,0.0,1371.0
0.9062248904248632,0.3840597135,0.2510723635,0.22425483699999998,0.0,1371.0
0.9044729028795346,0.282286098,0.251382562,0.272613601,0.0,1371.0
0.9196149079324311,0.228472829,0.25009762,0.306286543,0.0,1371.0
0.9250075305391455,0.159850956,0.276416114,0.347879756,0.0,1371.0
0.9306182907503727,0.08105977,0.317537126,0.409949648,0.0,1371.0
0.8918690841134523,0.002190932,0.3990898185,0.5094912145,0.0,1371.0
0.7893307280036895,0.0,0.510155538,0.6343403590000001,0.0,1371.0
0.6727391097403654,0.0,0.5655401615,0.701832543,0.0,1371.0
0.6300029442729835,0.0,0.60800203,0.7557689795,0.0,1371.0
0.6414225236107409,0.0,0.6563212905,0.7477806339999999,0.0,1371.0
0.7313438241030706,0.0,0.676697542,0.764131157,0.0,1371.0
0.8376750376477632,0.0,0.654616711,0.783343796,0.0,1371.0
0.9101253409675616,0.0056672,0.630866511,0.813165937,0.0,1371.0
0.9301091241957923,0.032450874,0.614061058,0.836855152,0.0,1371.0
0.9367561945384393,0.064291509,0.615659563,0.869249144,0.0,1371.0
0.9301371181269718,0.090806826,0.597098797,0.843742426,0.0,1371.0
0.9198869762663419,0.1551973625,0.6065399455,0.8363558685000001,0.0,1371.0
0.909512382348737,0.1781103815,0.608086625,0.774133264,0.0,1371.0
0.9093636928701173,0.183245535,0.614526726,0.715702142,0.0,1371.0
0.9248018248003761,0.178413267,0.615375414,0.686758288,0.0,1371.0
0.9295412866734298,0.119009842,0.578590914,0.663596329,0.0,1371.0
0.9314405774082493,0.094831513,0.51989071,0.677118665,0.0,1371.0
0.8916708909888975,0.009270323,0.4589513455,0.6764915714999999,0.0,1371.0
0.8120727131755872,0.0,0.395628218,0.639436473,0.0,1371.0
0.7298917646810563,0.0,0.3136928685,0.5343527,0.0,1371.0
0.6490622810847797,0.0,0.30108114399999997,0.505184033,0.0,1371.0
0.6359126486762483,0.0,0.2766876275,0.4435042,0.0,1371.0
0.709774451546838,0.0,0.2451294175,0.3592199275,0.0,1371.0
0.8573201217983413,0.0,0.238871628,0.340153839,0.0,1371.0
0.9219868748801117,0.021184323,0.241976843,0.352011471,0.0,1371.0
0.9398777356091589,0.094713718,0.240469101,0.338065491,0.0,1371.0
0.9483234796934427,0.191164115,0.27596163,0.337532979,0.0,1371.0
0.9497834543574268,0.324797617,0.24742203899999998,0.336970642,0.0,1371.0
0.942918425220985,0.47988753500000003,0.262207295,0.3689828205,0.0,1371.0
0.9392099966063872,0.44190241399999997,0.28374260900000003,0.4094165735,0.0,1371.0
0.9510303893441931,0.362179061,0.294932128,0.395643501,0.0,1371.0
0.9523969020077745,0.253056807,0.269129633,0.368535402,0.0,1371.0
0.9552321541643831,0.139873934,0.221933692,0.339453691,0.0,1371.0
0.9300138734134568,0.01949772,0.193421846,0.328879813,0.0,1371.0
0.8446181455973651,0.0,0.184550031,0.31120320349999997,0.0,1371.0
0.7748837851083884,0.0,0.190687345,0.309895539,0.0,1371.0
0.6838447417896998,0.0,0.188656497,0.29774702799999997,0.0,1371.0
0.6525364286584316,0.0,0.17533700800000002,0.3141889365,0.0,1371.0
0.6664050922951754,0.0,0.158619239,0.2959281265,0.0,1371.0
0.7820625602531136,0.0,0.166778313,0.290826291,0.0,1371.0
0.8761950613059839,0.0,0.182448141,0.307942364,0.0,1371.0
0.9335060426783091,0.068787473,0.187582161,0.334241638,0.0,1371.0
0.9456166595155268,0.19070291,0.177085094,0.359761046,0.0,1371.0
0.9419434691627708,0.321995759,0.174922744,0.396564729,0.0,1371.0
0.9419465994299395,0.4215812035,0.182869157,0.395581978,0.0,1371.0
0.9388713422651516,0.4919102245,0.2351410925,0.4535708665,0.0,1371.0
0.9386787390335297,0.453814084,0.253885113,0.461027428,0.0,1371.0
0.9434961903143848,0.36931896,0.268206834,0.463548656,0.0,1371.0
0.9581776826016596,0.309691225,0.291475771,0.473722683,0.0,1371.0
0.9602545958061859,0.211284804,0.313359028,0.48386629,0.0,1371.0
0.9594991187702446,0.124833967,0.328596643,0.535842043,0.0,1371.0
0.9300138734134568,0.019117649,0.350268467,0.582968824,0.0,1371.0
0.8412651855367919,0.0,0.3666256405,0.6024130299999999,0.0,1371.0
0.772333569651062,0.0,0.335770559,0.563438021,0.0,1371.0
0.6819562282804669,0.0,0.335589187,0.5330474665,0.0,1371.0
0.644653066412829,0.0,0.3346425785,0.4823810895,0.0,1371.0
0.6560741438470207,0.0,0.3184802685,0.413144776,0.0,1371.0
0.7712594274902602,0.0,0.298371074,0.341743633,0.0,1371.0
0.8687678292765297,0.0,0.282083733,0.310792804,0.0,1371.0
0.9275752757895097,0.043687579,0.271949885,0.292303415,0.0,1371.0
0.9394292969528939,0.13407797,0.277351227,0.293072927,0.0,1371.0
0.942719874474995,0.239357537,0.285331865,0.288454026,0.0,1371.0
0.9412846738672355,0.29859590599999997,0.3019428945,0.301858633,0.0,1371.0
0.9392491254520637,0.35563880049999996,0.3214858545,0.337262719,0.0,1371.0
0.9374264377009653,0.345243072,0.349013927,0.382337355,0.0,1371.0
0.9435244523941646,0.302946917,0.383821,0.418095448,0.0,1371.0
0.9574060174603435,0.234718162,0.414403535,0.467804646,0.0,1371.0
0.9609720618670762,0.183792974,0.423839917,0.513369108,0.0,1371.0
0.9600058706379051,0.109344915,0.428978772,0.554355222,0.0,1371.0
0.9303211800766851,0.02975229,0.456092263,0.595911101,0.0,1371.0
0.8410023292611454,0.0,0.4808645125,0.6382327975,0.0,1371.0
0.7276335397031278,0.0,0.472227961,0.662928459,0.0,1371.0
0.6363334736271427,0.0,0.4992073885,0.6704964085,0.0,1371.0
0.6149385484695554,0.0,0.4919682995,0.6818361365,0.0,1371.0
0.624260845295554,0.0,0.477223874,0.671875993,0.0,1371.0
0.6598948610713538,0.0,0.461744966,0.661870885,0.0,1371.0
0.7080820740291995,0.025979304,0.463105959,0.655485839,0.0,1371.0
0.7533379791974447,0.112415922,0.492978072,0.654480021,0.0,1371.0
0.7873658349903948,0.201834871,0.520240888,0.658672598,0.0,1371.0
0.7908621183862168,0.263142272,0.419008183,0.619750516,0.0,1371.0
0.7886419265828589,0.35250472850000003,0.4033711365,0.5957106825,0.0,1371.0
0.7858490229444544,0.403922304,0.378665207,0.5696474635,0.0,1371.0
0.7943002675163123,0.382255993,0.371945831,0.559237721,0.0,1371.0
0.8167610169649764,0.317476071,0.352655666,0.538261015,0.0,1371.0
0.8227674479125402,0.253015793,0.335184068,0.521409448,0.0,1371.0
0.8216120073335266,0.1689339,0.306856132,0.513640564,0.0,1371.0
0.793104848437073,0.023346493,0.289440679,0.4932035025,0.0,1371.0
0.7556867818576888,0.0,0.262650363,0.453044139,0.0,1371.0
0.7217710804652222,0.0,0.208094803,0.375487867,0.0,1371.0
0.6505901609743295,0.0,0.18986051199999998,0.3499340675,0.0,1020.5
0.5971924643682982,0.0,0.1756319385,0.29061462800000004,0.0,670.0
0.5888552971881081,0.0,0.1835598585,0.2581817745,0.0,670.0
0.6045101357648092,0.0,0.194829608,0.238066355,0.0,670.0
0.6584745070837331,0.082807814,0.19719096,0.226102522,0.0,670.0
0.7133749741011738,0.206835112,0.201190847,0.220346605,0.0,670.0
0.7624681870919306,0.313709637,0.196877163,0.195895779,0.0,670.0
0.7730425392339367,0.378839091,0.2209190905,0.168277553,0.0,670.0
0.7693161336645558,0.39496611400000003,0.23808986599999998,0.177369146,0.0,670.0
0.7693512377846216,0.30829442900000004,0.28570111499999995,0.230681835,0.0,670.0
0.7916272545746921,0.235762181,0.323161048,0.287295914,0.0,670.0
0.7971783601567635,0.146501744,0.33848911,0.332548855,0.0,670.0
0.7918056372935895,0.051221224999999995,0.369510556,0.4124590225,0.0,670.0
0.7514718473919875,0.0,0.436607274,0.54320144,0.0,670.0
0.6975242678839062,0.0,0.47530285549999995,0.6373084385000001,0.0,670.0
0.6374441732005516,0.0,0.5242834995,0.6956851664999999,0.0,670.0
0.6175744448945666,0.0,0.575653998,0.756230228,0.0,670.0
0.6544273793240067,0.0,0.602340527,0.812043541,0.0,670.0
0.759430985436184,0.0,0.616290082,0.831436143,0.0,670.0
0.8167202335466187,0.018358492,0.618783028,0.840991422,0.0,670.0
0.859319761242791,0.052344405,0.621790545,0.847158756,0.0,670.0
0.8789420388623189,0.099416717,0.642525643,0.852318939,0.0,670.0
0.8807542176039073,0.119217011,0.643441558,0.838311689,0.0,670.0
0.8755479823634188,0.1539625,0.6410663095,0.8332551835,0.0,670.0
0.8671982492431851,0.17929284950000002,0.6387821815,0.8267190125,0.0,670.0
0.864397206815676,0.166558139,0.617304681,0.816298025,0.0,670.0
0.8722955050867761,0.128990396,0.599835516,0.803476497,0.0,670.0
0.8722431842611175,0.089631952,0.586079414,0.798432381,0.0,670.0
0.8654233210250305,0.029421114499999998,0.5673466305,0.7860796395,0.0,670.0
0.8143164270227684,0.0,0.552516782,0.771424506,0.0,670.0
0.7179207148719802,0.0,0.4939150845,0.7293304595,0.0,670.0
0.6199582622695176,0.0,0.4786501025,0.7254812365000001,0.0,670.0
0.5971041003626658,0.0,0.46240724850000003,0.6948588689999999,0.0,670.0
0.6230367615762552,0.0,0.45730667,0.683786717,0.0,670.0
0.7294173445576311,0.0,0.469920184,0.707633645,0.0,670.0
0.7927479934589678,0.015623696,0.482045994,0.718114262,0.0,670.0
0.8401985113887388,0.046922286,0.514668523,0.733823017,0.0,670.0
0.8610255095511291,0.096673067,0.556620119,0.759000605,0.0,670.0
0.8565054820988824,0.2303697695,0.445370484,0.7162542445,0.0,670.0
0.8486297666767462,0.37187828,0.47323971,0.763500549,0.0,670.0
0.8482116025642801,0.3940896825,0.4820542665,0.766273518,0.0,670.0
0.8579741768554927,0.271749366,0.442068744,0.763087869,0.0,670.0
0.8618098748417405,0.214674702,0.415819394,0.753913721,0.0,670.0
0.8621911907886253,0.0765312655,0.3666832385,0.727847107,0.0,670.0
0.8142180907096813,0.0,0.32551946750000005,0.6954591075000001,0.0,670.0
0.719069805443822,0.0,0.304802328,0.671126908,0.0,670.0
0.627356538905938,0.0,0.306816774,0.638053631,0.0,670.0
0.6032691930288283,0.0,0.3792206615,0.64192958,0.0,670.0
0.6279741035538946,0.0,0.4644559265,0.649019,0.0,670.0
0.7365360178439795,0.0,0.496105457,0.646200673,0.0,670.0
0.8023955961699732,0.040940438,0.507188397,0.642628352,0.0,670.0
0.8514559857207595,0.11912552,0.526823014,0.637901569,0.0,670.0
0.8709237156851827,0.194238849,0.572375872,0.625734846,0.0,670.0
0.8718203247141605,0.258273249,0.548190546,0.59914049,0.0,670.0
0.8700220087289101,0.342604563,0.574933113,0.629889798,0.0,670.0
0.8676443624829375,0.3908494695,0.6203210375,0.731202253,0.0,670.0
0.8654891469181163,0.3912845965,0.6658806534999999,0.8582064525,0.0,670.0
0.8759762081886981,0.313412895,0.671719579,0.869860011,0.0,670.0
0.877291652106498,0.26014068,0.668349575,0.872489531,0.0,670.0
0.8836129918043392,0.170940079,0.637516987,0.859669702,0.0,670.0
0.8700802323325196,0.069332338,0.597896361,0.830350664,0.0,670.0
0.8124233074844034,0.0,0.5406022214999999,0.7909034610000001,0.0,670.0
0.7580503417327128,0.0,0.459554127,0.776162797,0.0,670.0
0.6679951982469506,0.0,0.41631920349999996,0.75133834,0.0,670.0
0.6212224810327648,0.0,0.391722105,0.711546922,0.0,670.0
0.6251375768479864,0.0,0.34294236450000004,0.5874913915,0.0,670.0
0.6873755031981734,0.0,0.319847687,0.509177983,0.0,670.0
0.7664861582459592,0.001704757,0.297291249,0.444432035,0.0,670.0
0.8269373730890848,0.163049499,0.273703778,0.394326386,0.0,670.0
0.8666804519338619,0.357707578,0.262487212,0.354891108,0.0,670.0
0.8811800286747911,0.539475829,0.275569629,0.314486398,0.0,670.0
0.8794072023260142,0.6871533935,0.350742326,0.263466237,0.0,670.0
0.8677191768196771,0.737148267,0.3966560885,0.237219788,0.0,670.0
0.8628092473347444,0.60311477,0.42108292599999997,0.2740984575,0.0,670.0
0.8722955050867761,0.424521361,0.432716507,0.334487408,0.0,670.0
0.874006261984526,0.285082062,0.418211909,0.391009943,0.0,670.0
0.8758922265301116,0.134970056,0.418781866,0.469820354,0.0,670.0
0.8688081654656664,0.023798011,0.450164579,0.559737572,0.0,670.0
0.8126480634471156,0.0,0.506231676,0.6796726835,0.0,670.0
0.7560397015830176,0.0,0.573844125,0.779124007,0.0,670.0
0.6657169616507006,0.0,0.6077074265,0.8222887465,0.0,670.0
0.6134406523708302,0.0,0.6422990045,0.849085329,0.0,670.0
0.6134796917436725,0.0,0.6860569555,0.884313539,0.0,670.0
0.6706577023140122,0.0,0.72195401,0.904089364,0.0,670.0
0.7517755094204623,0.001967725,0.750582284,0.909759442,0.0,670.0
0.8114326998204427,0.036046222,0.767923804,0.915753286,0.0,670.0
0.853915780039493,0.08836793,0.758211786,0.919950144,0.0,670.0
0.8709237156851827,0.149804253,0.765797132,0.923129856,0.0,670.0
0.8679728210370595,0.221577804,0.771366106,0.912534143,0.0,670.0
0.8607501321393322,0.32627935100000005,0.8022475745,0.9075523569999999,0.0,670.0
0.8503887302691852,0.410804105,0.804247268,0.882876726,0.0,670.0
0.837959180023555,0.387851287,0.781849561,0.850800159,0.0,670.0
0.8340564041318198,0.354689113,0.760107312,0.819641745,0.0,670.0
0.837419783661593,0.269585941,0.736799444,0.795380665,0.0,670.0
0.839179015537584,0.181259081,0.713434541,0.774066688,0.0,670.0
0.84719537112207,0.111738925,0.688368357,0.752322234,0.0,670.0
0.8407366557382994,0.0251240875,0.653734335,0.7359954945,0.0,670.0
0.7948835776312765,0.0,0.630364445,0.694963503,0.0,670.0
0.7536412612025382,0.0,0.563100738,0.630470682,0.0,670.0
0.6459117399520846,0.0,0.506285072,0.590493908,0.0,670.0
0.5810378949098917,0.0,0.39802085099999995,0.4851520775,0.0,670.0
0.5729836626270819,0.0,0.2974072705,0.3945262595,0.0,670.0
0.5784570918213214,0.0,0.241127629,0.366304192,0.0,670.0
0.596908545607117,0.001545941,0.223840843,0.361140361,0.0,670.0
0.6344276763414289,0.053636025,0.198769171,0.345121672,0.0,670.0
0.684999287977747,0.107797575,0.174830462,0.313048551,0.0,670.0
0.7352344365475662,0.159250225,0.171974878,0.285497776,0.0,670.0
0.7419972165200912,0.2114793455,0.136796841,0.2671124265,0.0,670.0
0.7256838958027758,0.2660071525,0.111697829,0.2633457455,0.0,670.0
0.721027319782251,0.301984484,0.117837509,0.289772205,0.0,670.0
0.7235006192358872,0.251186889,0.108585816,0.297275901,0.0,670.0
0.7393346900510832,0.231083143,0.107364414,0.281131245,0.0,670.0
0.7504101594988752,0.180749083,0.101613052,0.252219753,0.0,670.0
0.7559907793755553,0.105022595,0.097562667,0.235119802,0.0,670.0
0.7512410767765434,0.0142531775,0.096654512,0.223709167,0.0,670.0
0.71838196541737,0.0,0.0784687285,0.19783529249999998,0.0,670.0
0.6458509002464641,0.0,0.061932333500000006,0.126606743,0.0,670.0
0.5809222077494357,0.0,0.0610823845,0.09387061899999999,0.0,670.0
0.5747343756231111,0.0,0.055068429,0.0693614015,0.0,670.0
0.5827893010167474,0.0,0.049608014,0.056644456,0.0,670.0
0.5980929639136352,0.001836581,0.051025769,0.056655534,0.0,670.0
0.6377585900526666,0.041295179,0.053812943,0.053933386,0.0,670.0
0.6894259429699011,0.09765108,0.055176793,0.051947933,0.0,670.0
0.738877218282223,0.173112753,0.053405772,0.049346059,0.0,670.0
0.7497672840926384,0.256489072,0.03889437,0.041228712,0.0,670.0
0.7492156347431265,0.337554197,0.035975995999999996,0.0448600975,0.0,670.0
0.7435960202300216,0.34526215400000004,0.040661952,0.048461031,0.0,670.0
0.743915177185569,0.289236433,0.046174552,0.050795497,0.0,670.0
0.757892574270129,0.275774083,0.043344733,0.056373731,0.0,670.0
0.7639080383302881,0.209262111,0.044258569,0.064992781,0.0,670.0
0.7652256287864071,0.146870962,0.03952931,0.070723113,0.0,670.0
0.7523043969753415,0.03027739,0.045796291,0.09434021000000001,0.0,670.0
0.7333497688857508,0.0,0.052149553,0.11669627,0.0,670.0
0.6937436633015749,0.0,0.0633164515,0.14547513750000002,0.0,670.0
0.6389194416464199,0.0,0.062281762,0.151427855,0.0,670.0
0.6068008935646855,0.0,0.0662024645,0.140564511,0.0,670.0
0.6092100440323875,0.0,0.063197381,0.141208769,0.0,670.0
0.6613172273205663,0.0,0.062224674,0.152693281,0.0,670.0
0.7461815633545485,0.002167014,0.068542274,0.156899047,0.0,670.0
0.8102560625466427,0.051824524,0.073382273,0.165002053,0.0,670.0
0.8524216403828265,0.10846509,0.07225049,0.168774581,0.0,670.0
0.8693780600535136,0.190001535,0.079377726,0.174033957,0.0,670.0
0.8675123977442725,0.30652573800000005,0.0991895275,0.180354392,0.0,670.0
0.8623993114167416,0.3563868805,0.17603056,0.2124370345,0.0,670.0
0.8617601477161465,0.3072207065,0.255557716,0.2573484205,0.0,670.0
0.8731380046431141,0.251298073,0.292855995,0.283737475,0.0,670.0
0.874006261984526,0.172753005,0.282757914,0.309450495,0.0,670.0
0.8734438801458448,0.098471632,0.29615576,0.35058256,0.0,670.0
0.8654342324598687,0.047793171,0.32086727,0.403425712,0.0,670.0
0.8142001584913153,0.0,0.367372675,0.4726875725,0.0,670.0
0.7187845227954583,0.0,0.394956706,0.5479594379999999,0.0,670.0
0.6207868541981489,0.0,0.4339130115,0.5820265295,0.0,670.0
0.5983389837094976,0.0,0.47200189800000003,0.624055899,0.0,670.0
0.6065090148925928,0.0,0.502905372,0.636741585,0.0,670.0
0.6437428851780603,0.0,0.514341293,0.631160612,0.0,670.0
0.7346959345090949,0.00189003,0.527671286,0.641291374,0.0,670.0
0.8023796763481506,0.019144186,0.531541101,0.645190322,0.0,670.0
0.8520909011486093,0.048809124,0.545817857,0.644956236,0.0,670.0
0.8739598440717696,0.074170881,0.559519584,0.636725902,0.0,670.0
0.8775107735073356,0.105631822,0.547961584,0.611001966,0.0,670.0
0.8717363877919911,0.1597814535,0.5188958735,0.5773489235,0.0,670.0
0.8647943084426073,0.200169807,0.4605069,0.5106273785,0.0,670.0
0.8689217955606376,0.16946397400000002,0.4356018655,0.492210841,0.0,670.0
0.873281998687243,0.096283904,0.432787056,0.51947985,0.0,670.0
0.87120168686452,0.051306236,0.42908766,0.533654922,0.0,670.0
0.846920664419153,0.0059207335,0.4182477915,0.527457881,0.0,670.0
0.774101253336127,0.0,0.342863749,0.43879036650000003,0.0,670.0
0.6582579123120719,0.0,0.28704539100000004,0.3855207775,0.0,670.0
0.6013532892938838,0.0,0.259678659,0.36399068850000005,0.0,670.0
0.6023167080122727,0.0,0.26327562849999997,0.3809407885,0.0,670.0
0.6438806633567934,0.0,0.269224003,0.402463616,0.0,670.0
0.7345862844033172,0.002986749,0.27934566,0.402912961,0.0,670.0
0.8040401694857264,0.033529186,0.277698205,0.396058716,0.0,670.0
0.8541279253932202,0.082857488,0.278889126,0.392592682,0.0,670.0
0.8768924934140817,0.128124804,0.287378411,0.385731942,0.0,670.0
0.8807542176039073,0.19345779,0.243930373,0.34879983,0.0,670.0
0.8795869265976233,0.26019366050000003,0.2302468695,0.3521149565,0.0,670.0
0.8751220818871761,0.304674798,0.221067377,0.35933672699999997,0.0,670.0
0.871053220933035,0.250620752,0.226462298,0.367133353,0.0,670.0
0.880889715102545,0.209299479,0.235260023,0.374056557,0.0,670.0
0.8849485591477657,0.159383198,0.245100901,0.393074171,0.0,670.0
0.8845704182044671,0.094247563,0.251755325,0.4123957,0.0,670.0
0.8517884241291236,0.015228655,0.275089987,0.428564101,0.0,670.0
0.7929508372815964,0.0,0.291670696,0.458833548,0.0,670.0
0.7192552089462472,0.0,0.2778341405,0.4209990125,0.0,670.0
0.6230277730651257,0.0,0.33307675449999996,0.46887700600000004,0.0,670.0
0.6023279771360217,0.0,0.338859757,0.4916660605,0.0,670.0
0.6357842838359193,0.0,0.337956121,0.5031914885,0.0,670.0
0.7458653130515593,0.003977413,0.337785112,0.494847708,0.0,670.0
0.8110851464409122,0.051716211,0.337349109,0.479338024,0.0,670.0
0.855446857402051,0.105251424,0.328494325,0.442594139,0.0,670.0
0.8774431588997929,0.166808719,0.32632495,0.402340187,0.0,670.0
0.8824554046870063,0.251351904,0.281522497,0.341457089,0.0,670.0
0.8799113604261344,0.3088563875,0.2805568535,0.327058452,0.0,670.0
0.8739181662624456,0.30719860050000003,0.2697866205,0.3124757845,0.0,670.0
0.8729106549803372,0.247927483,0.262618325,0.309064503,0.0,670.0
0.88550056632114,0.194756195,0.255255584,0.312473618,0.0,670.0
0.8861090977890255,0.133492028,0.255974224,0.317280951,0.0,670.0
0.8781757847357425,0.047492128999999994,0.24017300949999998,0.3160545595,0.0,670.0
0.8123075755875302,0.0,0.23127354300000003,0.297495299,0.0,670.0
0.7555889374427642,0.0,0.203128627,0.246774082,0.0,670.0
0.664290123514132,0.0,0.1917951915,0.19893725,0.0,670.0
0.6094654769642267,0.0,0.15575532,0.148797275,0.0,670.0
0.6099494445678322,0.0,0.141548732,0.12533434599999999,0.0,670.0
0.6626924153403563,0.0,0.126828843,0.115466161,0.0,670.0
0.7486484233281784,0.002453065,0.119582348,0.108629275,0.0,670.0
0.8124873445955565,0.024910353,0.114867691,0.108575433,0.0,670.0
0.8575370967958112,0.065324857,0.104678634,0.099083626,0.0,670.0
0.8774431588997929,0.105883977,0.10436367,0.091332027,0.0,670.0
0.879113311324854,0.141507607,0.097909371,0.096710598,0.0,670.0
0.8734315825568291,0.16825047450000002,0.100587542,0.103158682,0.0,670.0
0.8651730754933205,0.1885313825,0.10726593000000001,0.1278574035,0.0,670.0
0.8632977539640696,0.177504424,0.106980501,0.147560485,0.0,670.0
0.8717392944445493,0.150451167,0.09987913,0.142622198,0.0,670.0
0.8696634545091826,0.121084077,0.089068424,0.128167676,0.0,670.0
0.8697338416949832,0.079905448,0.079537643,0.110916586,0.0,670.0
0.8458975462677154,0.013658648,0.0839605175,0.0947206995,0.0,670.0
0.77401029563043,0.0,0.123456806,0.13084568400000002,0.0,670.0
0.6455092721143065,0.0,0.1729474485,0.1989256455,0.0,670.0
0.5782358686860574,0.0,0.1943841685,0.2314883365,0.0,670.0
0.5708149643967801,0.0,0.180941688,0.24459438849999998,0.0,670.0
0.5816547440450751,0.0,0.174691853,0.2501727,0.0,670.0
0.5967666534323659,0.008236342,0.180851683,0.274405352,0.0,670.0
0.6305151070204323,0.086039615,0.191552137,0.288450179,0.0,670.0
0.6839069007810371,0.198529588,0.259523844,0.296763161,0.0,670.0
0.7342724489221992,0.316038092,0.287987734,0.310946691,0.0,670.0
0.7380002407807094,0.413755674,0.3019996,0.297637835,0.0,670.0
0.7261567508263546,0.39006019000000003,0.348523266,0.3036940005,0.0,670.0
0.7128376347372207,0.38666807049999996,0.37966023800000004,0.311765512,0.0,670.0
0.70952326695522,0.348931279,0.384650592,0.323440653,0.0,670.0
0.714823992728854,0.306664219,0.383406171,0.346905107,0.0,670.0
0.72153469768985,0.248673667,0.371516631,0.373551787,0.0,670.0
0.7291858807638846,0.165943349,0.368609353,0.412098693,0.0,670.0
0.7415166921361481,0.081860401,0.401977973,0.456024267,0.0,670.0
0.7365285050948134,0.0,0.4408418035,0.513881728,0.0,670.0
0.6876432338539799,0.0,0.4700574515,0.622098594,0.0,670.0
0.6021463076062331,0.0,0.46417447850000004,0.6044179670000001,0.0,670.0
0.56851946635852,0.0,0.46456658500000003,0.5687996245,0.0,670.0
0.5714626023083959,0.0,0.4720017955,0.5784321084999999,0.0,670.0
0.5857003513738965,0.014537922,0.493018408,0.619889257,0.0,670.0
0.626010104999042,0.103568029,0.501644386,0.649201344,0.0,670.0
0.6831033065232411,0.182037263,0.52461779,0.671971161,0.0,670.0
0.7412574358263135,0.2909149705,0.5539707570000001,0.687611555,0.0,670.0
0.7400106796502648,0.4152920015,0.5937696755,0.71097314,0.0,670.0
0.731995755091325,0.4639506255,0.6237411655,0.7249903280000001,0.0,670.0
0.734462234839146,0.368050488,0.607982041,0.728083588,0.0,670.0
0.7534355553288173,0.310999638,0.611960205,0.739769003,0.0,670.0
0.7586428639059412,0.235757448,0.620143867,0.748547954,0.0,670.0
0.7579634086851508,0.1010312385,0.623174547,0.779445575,0.0,670.0
0.737899646054522,0.0,0.61447116,0.7949167260000001,0.0,670.0
0.6938845718149523,0.0,0.5922651114999999,0.7910117759999999,0.0,670.0
0.6190200425021037,0.0,0.5791918355000001,0.797481568,0.0,670.0
0.5965905065896708,0.0,0.5373240685,0.7807991435,0.0,670.0
0.6244323637071705,0.0,0.48960136499999996,0.731795461,0.0,670.0
0.733918679677273,0.014795087,0.482141793,0.708326365,0.0,670.0
0.7946791239723843,0.109707432,0.505521686,0.710372934,0.0,670.0
0.8402079023926721,0.239190537,0.572161933,0.734359372,0.0,670.0
0.8560371436316012,0.3423758335,0.601408249,0.7109474285,0.0,670.0
0.8522052914927709,0.40792247299999995,0.6456138810000001,0.722245185,0.0,670.0
0.8463816704825191,0.372213969,0.68575632,0.732446221,0.0,670.0
0.8404487570554005,0.355414418,0.7190651514999999,0.749360865,0.0,670.0
0.8520658587413568,0.195265465,0.732973104,0.7588320454999999,0.0,670.0
0.8534846027577623,0.0550106895,0.744693964,0.7784516635000001,0.0,670.0
0.8139428473721846,0.0,0.789012395,0.825278112,0.0,670.0
0.7541368332843326,0.0,0.806364219,0.855335094,0.0,670.0
0.6578440411412929,0.0,0.842503939,0.8614243765,0.0,670.0
0.5999235221028105,0.0,0.8820390250000001,0.883713265,0.0,670.0
0.5996504029691623,0.0,0.8959372665,0.904322364,0.0,670.0
0.6394883076340491,0.0,0.902154219,0.920639097,0.0,670.0
0.7265431871024804,0.010859373,0.903525769,0.923291834,0.0,670.0
0.7858588163737157,0.066289209,0.905076809,0.926862141,0.0,670.0
0.8291887785636254,0.159779425,0.895477989,0.92797996,0.0,670.0
0.8474696753996589,0.280517394,0.894069438,0.930158183,0.0,670.0
0.8398762688349644,0.369524905,0.876988956,0.92837497,0.0,670.0
0.8356092594252098,0.482991968,0.88015025,0.9267317180000001,0.0,670.0
0.8275236793294416,0.437445124,0.8820203615,0.921020242,0.0,670.0
0.8246610146801263,0.378694574,0.880318179,0.915276131,0.0,670.0
0.8268908657034938,0.312408169,0.872326269,0.909348866,0.0,670.0
0.8293992244733028,0.266869531,0.856969043,0.905160478,0.0,670.0
0.8316564433879112,0.170531226,0.845575112,0.895467726,0.0,670.0
0.8284728328661644,0.079588753,0.822054598,0.882479601,0.0,670.0
0.8070617196032024,0.001052818,0.7926808505,0.8676721725000001,0.0,670.0
0.7200382996875591,0.0,0.760872793,0.8835287025,0.0,670.0
0.6186859941900005,0.0,0.7345392275,0.8727342365,0.0,670.0
0.5954851061562206,0.0,0.7002371235,0.821561161,0.0,670.0
0.6036220232813225,0.0,0.6642743,0.784131893,0.0,670.0
0.6397577822678953,0.0,0.64793076,0.765191803,0.0,670.0
0.7230772676558161,0.02338934,0.6328894,0.740822011,0.0,670.0
0.7801757013840375,0.083232946,0.617853898,0.720641169,0.0,670.0
0.8147200575350649,0.167758202,0.62879257,0.706242868,0.0,670.0
0.8312341204080583,0.258697004,0.66796337,0.697468452,0.0,670.0
0.8262572918283558,0.314085662,0.605037127,0.67996638,0.0,670.0
0.8211040033859889,0.40546775349999997,0.659505639,0.715449149,0.0,670.0
0.8122099994561576,0.5013253285,0.699785362,0.73483224,0.0,670.0
0.8070240665194892,0.496794821,0.715616826,0.734850466,0.0,670.0
0.8076587136637868,0.473814119,0.706575908,0.747671786,0.0,670.0
0.8075748214780347,0.390267076,0.702967697,0.768168465,0.0,670.0
0.8073798480260074,0.252558665,0.732515161,0.806622338,0.0,670.0
0.808176734520245,0.10553266,0.770291346,0.835036215,0.0,670.0
0.799511824298706,0.0008273315,0.7864997885,0.8581889965,0.0,670.0
0.7598917664853577,0.0,0.750668791,0.831211886,0.0,670.0
0.6568071720408227,0.0,0.6739867735,0.7654782545,0.0,670.0
0.599663885634643,0.0,0.5629571245,0.6445231415,0.0,670.0
0.5995258167029356,0.0,0.45153314499999997,0.5367761865,0.0,670.0
0.6395832901328327,0.0,0.381042085,0.464991881,0.0,670.0
0.7233378879877846,0.042817158,0.338316857,0.423709201,0.0,670.0
0.7785210216865294,0.157819077,0.296589475,0.376860195,0.0,670.0
0.8085917236966007,0.28057976,0.277366041,0.327399768,0.0,670.0
0.819273847757093,0.414235145,0.283962873,0.293069096,0.0,670.0
0.8191220726127704,0.5869140985,0.2632282475,0.2522937335,0.0,670.0
0.8159974906802407,0.720854015,0.256562096,0.2370089345,0.0,670.0
0.8093095475138775,0.701777236,0.23569267,0.231044674,0.0,670.0
0.806859591293347,0.634418109,0.223482476,0.244686163,0.0,670.0
0.8071578647090286,0.545853069,0.200725618,0.250568104,0.0,670.0
0.8073929954045237,0.416601055,0.175075151,0.239785649,0.0,670.0
0.8058870499220525,0.266903034,0.152867671,0.220438621,0.0,670.0
0.8069846246538432,0.122016691,0.156725327,0.214572398,0.0,670.0
0.7997228516468565,0.001528708,0.15711613800000002,0.201119793,0.0,670.0
0.7203827451343916,0.0,0.164075166,0.176852523,0.0,670.0
0.6187642965502953,0.0,0.1720116765,0.1880646745,0.0,670.0
0.5956730362878223,0.0,0.198214134,0.2108739395,0.0,670.0
0.6214680087955132,0.0,0.208255776,0.21486458549999998,0.0,670.0
0.7272695074652483,0.039161728,0.215787927,0.221789169,0.0,670.0
0.7834386427313458,0.15259356,0.213467949,0.224559763,0.0,670.0
0.8204480702090218,0.303087028,0.2601615,0.228991122,0.0,670.0
0.835313713783893,0.450661955,0.26673831,0.234300498,0.0,670.0
0.8285002900952881,0.596516773,0.252451198,0.211902882,0.0,670.0
0.8221445617226784,0.7270497245,0.28436141049999997,0.224874195,0.0,670.0
0.8134597964940163,0.7408342755,0.291497736,0.240259842,0.0,670.0
0.8078196113260636,0.663759347,0.270924723,0.235503079,0.0,670.0
0.8084814474159331,0.578603503,0.248062472,0.225073802,0.0,670.0
0.8095019271983644,0.439571904,0.205968205,0.211561113,0.0,670.0
0.810417228627423,0.284062054,0.167990255,0.207806086,0.0,670.0
0.8123581971040906,0.133616115,0.152045677,0.205395414,0.0,670.0
0.8042609901956626,0.002258814,0.13075590650000002,0.181436276,0.0,670.0
0.7587277398880183,0.0,0.098803811,0.155778818,0.0,670.0
0.6439055716897455,0.0,0.0914439785,0.1344197385,0.0,670.0
0.5764009280823603,0.0,0.084118041,0.120988538,0.0,670.0
0.5687042885574238,0.0,0.081766092,0.1278332775,0.0,670.0
0.5768663598296075,0.0,0.087513816,0.152811604,0.0,670.0
0.5883359795153557,0.057997672,0.099763299,0.178017051,0.0,670.0
0.6231808450932186,0.184310572,0.106209141,0.205437141,0.0,670.0
0.6658953443021223,0.342390871,0.091810056,0.222481942,0.0,670.0
0.7020158096417625,0.497886726,0.109785501,0.240682763,0.0,670.0
0.7031953983045379,0.6582174,0.163389229,0.254323814,0.0,670.0
0.7005660755013092,0.7620431445,0.21989973899999998,0.292715557,0.0,670.0
0.6920172325310836,0.7849386135,0.27098007550000003,0.323879213,0.0,670.0
0.6887176441633822,0.680700085,0.283699387,0.33774214,0.0,670.0
0.6917100377426362,0.573198244,0.283583157,0.355848457,0.0,670.0
0.6950770841741578,0.448887488,0.27194652,0.372980878,0.0,670.0
0.6981260020479231,0.279493253,0.279666587,0.400276246,0.0,670.0
0.6998041143164199,0.130766062,0.332289912,0.445809769,0.0,670.0
0.7043826785946726,0.002070327,0.3866710335,0.4931622715,0.0,670.0
0.679721994775102,0.0,0.34385809599999995,0.46049369799999995,0.0,670.0
0.5996950768364032,0.0,0.3536670845,0.460509419,0.0,670.0
0.5654577812645715,0.0,0.34290577499999997,0.3761488795,0.0,670.0
0.5685895404568756,0.0,0.32978474449999995,0.390434985,0.0,670.0
0.5799348645618956,0.041605596,0.343406443,0.459863458,0.0,670.0
0.6153748460805272,0.148276136,0.334150615,0.485586709,0.0,670.0
0.6615183270302036,0.260225219,0.336623425,0.51081736,0.0,670.0
0.70165452764767,0.3819067,0.372026029,0.528595684,0.0,670.0
0.707730674937203,0.456580716,0.399409464,0.539843988,0.0,670.0
0.7032857523047671,0.5216308085,0.5035867915,0.5874105095,0.0,670.0
0.6976632982099921,0.5000959495,0.5574770015,0.622927578,0.0,670.0
0.6995537793118752,0.459047939,0.573650137,0.653253179,0.0,670.0
0.7054636179243918,0.427419633,0.579609704,0.69456401,0.0,670.0
0.7114399978752913,0.356925392,0.582273623,0.729583555,0.0,670.0
0.7184743317466668,0.233145152,0.582812565,0.728329513,0.0,670.0
0.7255203819710122,0.104906175,0.600396167,0.74089988,0.0,670.0
0.7313580893522125,0.0022168605,0.6051245985,0.7671529005,0.0,670.0
0.7076214272567534,0.0,0.640537876,0.779610009,0.0,670.0
0.6577324680443308,0.0,0.635573016,0.7909370145,0.0,670.0
0.6010528917418293,0.0,0.628075342,0.783545018,0.0,670.0
0.6016670130351721,0.0,0.6044484434999999,0.7434109445,0.0,670.0
0.6427409637888849,0.0,0.577047146,0.705891821,0.0,670.0
0.7297993312133959,0.043053478,0.557294389,0.70159612,0.0,670.0
0.7926431729969329,0.113849632,0.555216414,0.66811009,0.0,670.0
0.838755708761406,0.213986036,0.613413028,0.673814907,0.0,670.0
0.8574179662132658,0.262526177,0.632951048,0.670076872,0.0,670.0
0.8556164752244294,0.295771503,0.6836362414999999,0.6576020665,0.0,670.0
0.8457698298692715,0.269418048,0.724812836,0.723449186,0.0,670.0
0.8373860657631803,0.233739848,0.743686294,0.7771320214999999,0.0,670.0
0.8350803271339136,0.184193839,0.7517392785,0.8201501285,0.0,670.0
0.8377748497902895,0.114066361,0.731338427,0.831275987,0.0,670.0
0.8436311600987358,0.05696129,0.69259308,0.8454217145,0.0,670.0
0.8128990244915988,0.001401854,0.7012723700000001,0.8550303515,0.0,670.0
0.7548957089384705,0.0,0.687669997,0.835748748,0.0,670.0
0.6576944348697602,0.0,0.6953820595,0.8091492235,0.0,670.0
0.5999235221028105,0.0,0.6720748505,0.8204515139999999,0.0,670.0
0.5995657057978026,0.0,0.622427092,0.783390806,0.0,670.0
0.6832310229891607,0.02000468,0.5251874990000001,0.7107281135,0.0,670.0
0.7882763069106621,0.070135279,0.460429805,0.626450714,0.0,670.0
0.845271395668909,0.15339348800000002,0.4432320895,0.586787963,0.0,670.0
0.8579554845228878,0.2274563035,0.382059835,0.5167935715,0.0,670.0
0.8552754507977398,0.2047135475,0.3871605585,0.5078227275,0.0,670.0
0.8529409133191618,0.16931899,0.4010099535,0.5137168435,0.0,670.0
0.8595515379890311,0.145137035,0.434361294,0.526958204,0.0,670.0
0.8525571825504057,0.0805936215,0.45248392449999997,0.5687362375,0.0,670.0
0.8127980944784472,0.0038647785,0.435852393,0.6188813925000001,0.0,670.0
0.753459435129027,0.0,0.44992136,0.672466735,0.0,670.0
0.65789718928703,0.0,0.4701002005,0.7340932235,0.0,670.0
0.6019817429747322,0.0,0.4872734635,0.757444638,0.0,670.0
0.6029008677817859,0.0,0.493100822,0.7247601754999999,0.0,670.0
0.6486787961976292,0.0,0.491539529,0.697930681,0.0,670.0
0.7358827676374843,0.063120797,0.504027249,0.694153774,0.0,670.0
0.7966809098202017,0.186028511,0.528055428,0.709735984,0.0,670.0
0.841223910152796,0.322553114,0.543982975,0.740912986,0.0,670.0
0.8613015131378163,0.429307345,0.554256022,0.752632846,0.0,670.0
0.8581839073873486,0.538166235,0.561833173,0.691390467,0.0,670.0
0.856944663960466,0.575605815,0.577077833,0.729288592,0.0,670.0
0.8553660507470503,0.620996313,0.6184301249999999,0.782136438,0.0,670.0
0.8507615944744716,0.60881145,0.654490459,0.820621064,0.0,670.0
0.8503000084396904,0.511623279,0.680200263,0.829742017,0.0,670.0
0.8622766481416996,0.451647095,0.68864931,0.827643413,0.0,670.0
0.86252644657914,0.343202842,0.677412066,0.825850662,0.0,670.0
0.8655177668892343,0.232049839,0.66317958,0.848932797,0.0,670.0
0.8579644282301243,0.122943495,0.67828942,0.86086343,0.0,670.0
0.8144080108358798,0.0046066695,0.6602711975,0.8682619315,0.0,670.0
0.7544405623836956,0.0,0.676699611,0.879078837,0.0,670.0
0.6602238337906332,0.0,0.696548186,0.887702087,0.0,670.0
0.6065665454528516,0.0,0.7143134725,0.892160846,0.0,670.0
0.6094823582479039,0.0,0.701223456,0.874442717,0.0,670.0
0.6626924153403563,0.0,0.682996417,0.857917901,0.0,670.0
0.7439966993533427,0.069538091,0.675497612,0.849570069,0.0,670.0
0.8019726471501818,0.204692688,0.658073018,0.840969685,0.0,670.0
0.8425115390850855,0.332110323,0.712991848,0.85439955,0.0,670.0
0.8630292631265485,0.44098647,0.716085397,0.847380284,0.0,670.0
0.8607329601701565,0.567500726,0.660215777,0.8106657305,0.0,670.0
0.8526497948962596,0.6553274055,0.6121230705,0.7921018115,0.0,670.0
0.8442572660286009,0.570910087,0.557797214,0.747980647,0.0,670.0
0.851530576375413,0.439376008,0.50879305,0.691132346,0.0,670.0
0.8554516870457937,0.342114991,0.435513913,0.624421571,0.0,670.0
0.8594930907708109,0.206312934,0.341192729,0.554852981,0.0,670.0
0.8546383440276778,0.088301316,0.272231892,0.47919171,0.0,670.0
0.813812224186231,0.0033669445,0.1999204605,0.37145098,0.0,670.0
0.7197129491336108,0.0,0.170236799,0.3088062105,0.0,670.0
0.628249033871422,0.0,0.14402932950000003,0.223212766,0.0,670.0
0.6075606858767846,0.0,0.125129349,0.162540073,0.0,670.0
0.6151874748505003,0.0,0.129479241,0.160876679,0.0,670.0
0.6613172273205663,0.0,0.137497211,0.192981131,0.0,670.0
0.748624364717251,0.034173496,0.146426362,0.234755782,0.0,670.0
0.809483771365388,0.105638632,0.150832052,0.259521804,0.0,670.0
0.854650775893421,0.182198576,0.157369004,0.274364408,0.0,670.0
0.8750948929416045,0.256343483,0.17834644,0.295683385,0.0,670.0
0.8779617611947237,0.33158577899999997,0.146865734,0.263134284,0.0,670.0
0.8717110322972936,0.406767698,0.152734956,0.3035476665,0.0,670.0
0.8660330151674345,0.391250085,0.162394961,0.323748666,0.0,670.0
0.8742989009058089,0.350114761,0.178631123,0.339163134,0.0,670.0
0.874006261984526,0.271406488,0.182988805,0.349120516,0.0,670.0
0.8726648812010317,0.200749656,0.173016334,0.346632818,0.0,670.0
0.8618793675690991,0.095972931,0.169501554,0.341183177,0.0,670.0
0.8142777900752542,0.006785685,0.1704044585,0.3527099265,0.0,670.0
0.7543944127544913,0.0,0.143197433,0.33331415,0.0,670.0
0.6487329505416379,0.0,0.1384193685,0.305354666,0.0,670.0
0.5848254532048627,0.0,0.12632543200000002,0.2740546065,0.0,670.0
0.5792660970938572,0.0,0.1244073165,0.2476491305,0.0,670.0
0.5862379589539258,0.0,0.12298477,0.236110859,0.0,670.0
0.6026341434592025,0.044533756,0.119857499,0.227595265,0.0,670.0
0.6463451531774933,0.131253163,0.113156835,0.211232269,0.0,670.0
0.6979132307892086,0.249024429,0.117492553,0.196778366,0.0,670.0
0.7448601271859635,0.363847519,0.123759043,0.179008516,0.0,670.0
0.7557310086306601,0.467104666,0.0878259795,0.1352117085,0.0,670.0
0.7514073407846182,0.545157121,0.0875682705,0.13726484249999998,0.0,670.0
0.7491045983482199,0.471075519,0.09206665650000001,0.148814357,0.0,670.0
0.7642761623646664,0.361371281,0.102226016,0.159242495,0.0,670.0
0.77129743833036,0.292493446,0.108864164,0.177919597,0.0,670.0
0.7747298634932221,0.142751044,0.10533366450000001,0.2019567295,0.0,670.0
0.7451825039489899,0.006964681,0.113705175,0.226384263,0.0,670.0
0.7045386125389065,0.0,0.111326605,0.228452602,0.0,670.0
0.6513383711427104,0.0,0.10502718350000001,0.2182399325,0.0,670.0
0.5909735751145135,0.0,0.098349512,0.2316474365,0.0,670.0
0.5836301682673992,0.0,0.106239904,0.27145961,0.0,670.0
0.5868724272875059,0.0,0.123478014,0.311872032,0.0,670.0
0.6051405793053029,0.056378373,0.145567679,0.339899405,0.0,670.0
0.644616732479881,0.143329905,0.175203793,0.366154661,0.0,670.0
0.6966705887441295,0.256478231,0.188101732,0.382990867,0.0,670.0
0.7463524780606973,0.347287657,0.215756437,0.408979376,0.0,670.0
0.7596162101953674,0.46903163950000004,0.22571220749999998,0.379455027,0.0,670.0
0.7568233959623216,0.5350987920000001,0.25260825600000003,0.416466972,0.0,670.0
0.7576690704547697,0.482145362,0.26643074,0.4724480125,0.0,670.0
0.7794837248246694,0.386531737,0.270363458,0.522737936,0.0,670.0
0.7837404042380585,0.304600384,0.284946309,0.540249634,0.0,670.0
0.7864152952994945,0.227907558,0.278517217,0.557624241,0.0,670.0
0.7797489065168286,0.135806202,0.27999175,0.562302673,0.0,670.0
0.7464429439357074,0.011917133,0.29074913999999996,0.56050445,0.0,670.0
0.6966087875766545,0.0,0.2850141595,0.548146777,0.0,670.0
0.6337984848133367,0.0,0.2970230775,0.5801197925,0.0,670.0
0.6147810493579995,0.0,0.3134306665,0.5840387875,0.0,670.0
0.6535907380791053,0.0,0.32424939399999997,0.602191532,0.0,670.0
0.7595660358405522,0.07586608,0.334052286,0.612976865,0.0,670.0
0.816881399627399,0.159735714,0.346653051,0.621490727,0.0,670.0
0.8584203796355553,0.272229519,0.357864923,0.623827527,0.0,670.0
0.8774431588997929,0.384400294,0.354620478,0.610450875,0.0,670.0
0.8784345714818853,0.478829582,0.337750506,0.589382789,0.0,670.0
0.8708797125268218,0.570050081,0.3366548455,0.5746760975,0.0,670.0
0.8647943084426073,0.535481967,0.3125228645,0.5351462565,0.0,670.0
0.8633584818623851,0.462176501,0.290124603,0.529551388,0.0,670.0
0.8714369963707326,0.427116296,0.282063213,0.537815522,0.0,670.0
0.8716980639319222,0.341317702,0.279445588,0.536635226,0.0,670.0
0.8703591873081822,0.258957841,0.260892894,0.515675234,0.0,670.0
0.8598733781174774,0.139665032,0.24514567,0.488008616,0.0,670.0
0.8134863593321737,0.0134658395,0.23852894600000002,0.45344778750000003,0.0,670.0
0.7559307668550614,0.0,0.246302184,0.424576387,0.0,670.0
0.6571965821078705,0.0,0.27540343850000004,0.457289798,0.0,517.5
0.6100868650576544,0.0,0.329112439,0.518315015,0.0,365.0
0.6079382231146155,0.0,0.3733155765,0.528470512,0.0,365.0
0.6449269905320849,0.001620731,0.403896338,0.527711644,0.0,365.0
0.7023051392827319,0.09473738,0.421219609,0.531529554,0.0,365.0
0.7582205409260883,0.201987201,0.42058611,0.541111746,0.0,365.0
0.8115978458229408,0.3678774845,0.519863461,0.5881406330000001,0.0,365.0
0.8202695532808726,0.470148488,0.644891619,0.626568194,0.0,365.0
0.8158856493672022,0.447199182,0.734268413,0.713465946,0.0,365.0
0.811683392581374,0.356599499,0.7912889045,0.800700194,0.0,365.0
0.8086051392237176,0.2014728965,0.768632506,0.8406903459999999,0.0,365.0
0.8128467931387746,0.116632702,0.709876862,0.835977417,0.0,365.0
0.8108902625291952,0.05191747,0.654818826,0.8342503165,0.0,365.0
0.7797792704659863,0.0015486965,0.6317213850000001,0.8430995455,0.0,365.0
0.7030292014348267,0.0,0.623394258,0.8682216215,0.0,365.0
0.6095291563864691,0.0,0.6518238975,0.86920023,0.0,365.0
0.5834540438941265,0.0,0.6559953734999999,0.833826555,0.0,365.0
0.5984862421625712,0.0,0.6143277380000001,0.8233288475,0.0,365.0
0.6699477488673367,0.02994263,0.569715102,0.842059433,0.0,365.0
0.7427853603848048,0.080186905,0.56690217,0.832350875,0.0,365.0
0.7964504298227805,0.16282027,0.613984531,0.822617888,0.0,365.0
0.8210979216623691,0.256581866,0.610811473,0.813941913,0.0,365.0
0.8246654865674824,0.338653897,0.587776823,0.786828974,0.0,365.0
0.823048236339077,0.479718772,0.5669113324999999,0.739586187,0.0,365.0
0.8142544469096245,0.6011656065,0.603762618,0.711907917,0.0,365.0
0.809590693629325,0.5624057775,0.658719947,0.73951783,0.0,365.0
0.8110559899026902,0.424473768,0.660454399,0.739950745,0.0,365.0
0.8113672317512192,0.282479053,0.618637828,0.702161471,0.0,365.0
0.8068540461368312,0.152188664,0.574939917,0.66439979,0.0,365.0
0.7802776598624558,0.0124450545,0.49087070850000003,0.6290033615,0.0,365.0
0.7063852694280979,0.0,0.4387638735,0.5846202345,0.0,365.0
0.6191381668189019,0.0,0.4344188835,0.589005286,0.0,365.0
0.5969868257004167,0.0,0.4054505345,0.5400928685,0.0,365.0
0.6155889142904875,0.001120805,0.35675397200000003,0.4343028945,0.0,365.0
0.686120384753361,0.065859485,0.34803963,0.375366895,0.0,365.0
0.7457341979674432,0.11369038,0.342465991,0.333683925,0.0,365.0
0.7953051850983562,0.205354743,0.38561193,0.337340742,0.0,365.0
0.8176946530377289,0.318417391,0.447191703,0.357182474,0.0,365.0
0.818922001300924,0.387095465,0.519496321,0.373138546,0.0,365.0
0.8129477678208679,0.299426175,0.5508235859999999,0.3987243595,0.0,365.0
0.8035081069272614,0.255587871,0.546437285,0.4824124665,0.0,365.0
0.7947419984090189,0.1644973505,0.51282846,0.5558951670000001,0.0,365.0
0.7942934702799194,0.104125263,0.457778124,0.581664286,0.0,365.0
0.7956581046887334,0.062806032,0.400142289,0.577522756,0.0,365.0
0.799823736923591,0.027463495,0.359790025,0.551081183,0.0,365.0
0.7805949834346047,0.00297296,0.33482174249999996,0.5205293555,0.0,365.0
0.7358778486558586,0.0,0.313310582,0.501236598,0.0,365.0
0.6494113102262736,0.0,0.31699750400000004,0.454429674,0.0,365.0
0.5879181059534366,0.0,0.2986850485,0.388191814,0.0,365.0
0.5846514529679627,0.0,0.294756691,0.32718451449999997,0.0,365.0
0.6060390665890478,0.001437117,0.294517492,0.287528236,0.0,365.0
0.6658524591493383,0.034275431,0.289167416,0.272683443,0.0,365.0
0.7339179193606068,0.083135062,0.273878239,0.254834048,0.0,365.0
0.7856980080493219,0.139058267,0.26366988,0.244026628,0.0,365.0
0.8061247742501365,0.215587088,0.266170354,0.231230683,0.0,365.0
0.8065105174154358,0.279360219,0.258645592,0.218372278,0.0,365.0
0.8034392401723657,0.332505,0.27725544599999996,0.23533947449999998,0.0,365.0
0.7955281076101943,0.3354803555,0.314034244,0.261228785,0.0,365.0
0.7862296681149831,0.2981722565,0.3324508585,0.27464879249999996,0.0,365.0
0.7841081703810988,0.201125439,0.300695854,0.280869553,0.0,365.0
0.782821167488748,0.137371465,0.275137654,0.277027201,0.0,365.0
0.7839491508386378,0.065608862,0.258391942,0.277919662,0.0,365.0
0.7775700346989323,0.008219375,0.248875723,0.278380815,0.0,365.0
0.699091053004522,0.0,0.21710463600000002,0.27389481299999996,0.0,365.0
0.5891866623947882,0.0,0.2276194365,0.28655048250000004,0.0,365.0
0.5516070275117229,0.0,0.2508972,0.3095623275,0.0,365.0
0.5506788246532295,0.0012020405,0.28153133799999996,0.3159993455,0.0,365.0
0.5493993568445155,0.068381619,0.300259921,0.320577418,0.0,365.0
0.5754914400933696,0.136703866,0.308715026,0.325814749,0.0,365.0
0.6246329492516502,0.252768948,0.341155258,0.3365125,0.0,365.0
0.6728117104678978,0.345348983,0.370971197,0.34868376,0.0,365.0
0.6821839356321546,0.455956279,0.373836319,0.338726096,0.0,365.0
0.6822134275922924,0.5534244655,0.42194452849999997,0.36236204650000003,0.0,365.0
0.6743210992375068,0.586215434,0.4356992475,0.38450234,0.0,365.0
0.6696859658608496,0.48598182199999995,0.3951137175,0.37557064900000003,0.0,365.0
0.6725442928995363,0.361534927,0.346744842,0.379935797,0.0,365.0
0.6739762289633996,0.23792544,0.302223682,0.389991868,0.0,365.0
0.6759434920621484,0.145769379,0.284299372,0.404214889,0.0,365.0
0.6811237457680008,0.0165489135,0.261060727,0.388218474,0.0,365.0
0.6671734929600711,0.0,0.194292166,0.327670413,0.0,365.0
0.6086242966936056,0.0,0.136910901,0.250563885,0.0,365.0
0.5610689806362703,0.0,0.0955182995,0.1751713375,0.0,365.0
0.5498669575320285,0.0,0.0671492615,0.1241990455,0.0,365.0
0.5501557282039474,0.003159017,0.060835607,0.12618537,0.0,365.0
0.5474686288913787,0.088685222,0.064580139,0.141443641,0.0,365.0
0.5758554499967784,0.173573292,0.060113855,0.146756553,0.0,365.0
0.6233470196284591,0.304015485,0.061303438,0.15037323,0.0,365.0
0.6710168377697854,0.433615638,0.094160271,0.15938296,0.0,365.0
0.6816719517628991,0.6208920035000001,0.1569373735,0.17098225649999998,0.0,365.0
0.6799266049777167,0.6979749925000001,0.24897048700000002,0.201208314,0.0,365.0
0.6717016145999567,0.6725888285,0.29470480099999996,0.220880599,0.0,365.0
0.6707711982672073,0.530824614,0.276817409,0.233236192,0.0,365.0
0.673008517235848,0.404935029,0.246072404,0.242046234,0.0,365.0
0.6728323257916872,0.273414688,0.22332831,0.252548387,0.0,365.0
0.6746943210642284,0.147156267,0.214725312,0.251396409,0.0,365.0
0.6768466523109622,0.015585338,0.180661346,0.21854464299999998,0.0,365.0
0.6730131680013973,0.0,0.10162677249999999,0.1491483925,0.0,365.0
0.6251064303151677,0.0,0.061103467,0.113296578,0.0,365.0
0.5877345582363567,0.0,0.043466651499999995,0.0883782635,0.0,365.0
0.5842279001752275,0.0,0.043341781499999996,0.0798021535,0.0,365.0
0.6052961555606258,0.003811581,0.057153448,0.091053525,0.0,365.0
0.6660725643465013,0.071136162,0.071898426,0.10668208,0.0,365.0
0.7319733286511321,0.17501133,0.081810669,0.120854724,0.0,365.0
0.7768462185633945,0.293337452,0.092553839,0.129212928,0.0,365.0
0.7984079442961609,0.4640822385,0.1220371555,0.12906040500000002,0.0,365.0
0.7999751542440514,0.6357747715,0.1766757615,0.144249774,0.0,365.0
0.7952428472963013,0.7094400785,0.21605152649999998,0.16505316949999999,0.0,365.0
0.7871169310113963,0.675805145,0.215718454,0.174673821,0.0,365.0
0.7837052553140996,0.584807569,0.194334763,0.183538776,0.0,365.0
0.783360653458496,0.442932279,0.178783081,0.190107188,0.0,365.0
0.7796016926652207,0.28777629,0.165328937,0.197919696,0.0,365.0
0.7789912830775193,0.155977225,0.170408757,0.212072284,0.0,365.0
0.7736816581981149,0.0197819245,0.200715278,0.23519232299999998,0.0,365.0
0.7423724730778268,0.0,0.234851408,0.251006648,0.0,365.0
0.648882623816583,0.0,0.25889080600000003,0.26938704,0.0,365.0
0.5872380470271785,0.0,0.27210377750000003,0.29626083049999996,0.0,365.0
0.5847369549899784,0.0,0.2729718415,0.319791885,0.0,365.0
0.6063005365755655,0.00497602,0.279079389,0.34354558,0.0,365.0
0.665025521793388,0.081312898,0.273931,0.357319545,0.0,365.0
0.7318465513125961,0.165073269,0.260428905,0.371414519,0.0,365.0
0.7766729785082092,0.291062689,0.27857314,0.374732163,0.0,365.0
0.7982703897320383,0.404533235,0.320457548,0.383118028,0.0,365.0
0.8007722195490065,0.531619012,0.334162541,0.369303341,0.0,365.0
0.8002694477380152,0.6245651615000001,0.3909548935,0.4261556305,0.0,365.0
0.7926900828753276,0.5666004714999999,0.454955757,0.504819966,0.0,365.0
0.7856853080349782,0.464240909,0.460900525,0.536198205,0.0,365.0
0.7835711888410081,0.412933578,0.465859732,0.539548357,0.0,365.0
0.7839024646423294,0.335567614,0.440771712,0.529132949,0.0,365.0
0.7839015703188388,0.240543213,0.397653504,0.514438944,0.0,365.0
0.785423346150298,0.131569741,0.335785583,0.498615961,0.0,365.0
0.7783256905455911,0.024133399,0.27540316600000003,0.457694184,0.0,365.0
0.7375368659639954,0.0,0.241713025,0.406285674,0.0,365.0
0.6494321043607805,0.0,0.2595945085,0.374203756,0.0,365.0
0.5890230368906708,0.0,0.2948698995,0.3877973205,0.0,365.0
0.5860652108643787,0.0,0.345038138,0.3723233165,0.0,365.0
0.608324234495991,0.005471628,0.380265131,0.363671548,0.0,365.0
0.6657971869347041,0.068319154,0.401789518,0.365464813,0.0,365.0
0.73363279318849,0.131423753,0.418906021,0.380071643,0.0,365.0
0.7870230217817725,0.208566157,0.47216201,0.424761763,0.0,365.0
0.8053565971998513,0.29261297,0.536591908,0.466197942,0.0,365.0
0.8073219821787844,0.330810679,0.591540779,0.483546009,0.0,365.0
0.8052409101068712,0.32607615749999996,0.6347755134999999,0.547306081,0.0,365.0
0.7986016207294666,0.3122067395,0.651745637,0.6078466775,0.0,365.0
0.7928871579943056,0.274237829,0.629573395,0.641268578,0.0,365.0
0.7911823040094581,0.247461167,0.613488062,0.64821324,0.0,365.0
0.7939484210601432,0.198712695,0.599327698,0.635554601,0.0,365.0
0.7945298530552916,0.12530149,0.570818578,0.620602786,0.0,365.0
0.7998088903709278,0.068991028,0.540953553,0.598652853,0.0,365.0
0.7799306878539225,0.0188920285,0.500761076,0.59678022,0.0,365.0
0.733380937820516,0.0,0.5022686,0.63318768,0.0,365.0
0.6492789653292754,0.0,0.4805970665,0.6267240095,0.0,365.0
0.5883617374353811,0.0,0.4903381455,0.653760581,0.0,365.0
0.5860980119698785,0.0,0.489020739,0.655851414,0.0,365.0
0.6081698657865553,0.005460021,0.470440028,0.646713053,0.0,365.0
0.6698521851325074,0.11809031,0.457806865,0.646797685,0.0,365.0
0.7378675605292709,0.244517981,0.480203342,0.640027099,0.0,365.0
0.7928347476958124,0.382639889,0.540607553,0.654106149,0.0,365.0
0.8159669031839482,0.510811755,0.532085845,0.642761427,0.0,365.0
0.8161659011591592,0.61329005,0.421315922,0.543841376,0.0,365.0
0.8093656246466434,0.6528033790000001,0.41448211749999997,0.4940700565,0.0,365.0
0.8013584363840045,0.607689613,0.40973366099999997,0.4330287615,0.0,365.0
0.7933360438797916,0.520466501,0.378390743,0.387475784,0.0,365.0
0.7908451252952345,0.443682346,0.359917154,0.364243078,0.0,365.0
0.7912819370713639,0.353321416,0.328243566,0.348465484,0.0,365.0
0.7911220232054123,0.247793774,0.292534493,0.339532511,0.0,365.0
0.7915882599382671,0.136658669,0.277762329,0.344756297,0.0,365.0
0.7792450167002605,0.029209028,0.3373167105,0.376915961,0.0,365.0
0.7028731109468704,0.0,0.4423074985,0.48932205949999996,0.0,365.0
0.6107251567692298,0.0,0.506773122,0.5611740265,0.0,365.0
0.586123434535464,0.0,0.5713338635,0.6453362680000001,0.0,365.0
0.5897371490697817,0.0,0.619561341,0.705372072,0.0,365.0
0.6082022419973048,0.00752158,0.658253938,0.750454505,0.0,365.0
0.6670580741506429,0.054423906,0.69699161,0.782743563,0.0,365.0
0.7347098867382673,0.127774253,0.693513285,0.808334119,0.0,365.0
0.7908998609427645,0.205598302,0.742935195,0.832611458,0.0,365.0
0.8126672924143002,0.270654529,0.792911636,0.840295078,0.0,365.0
0.8141383572563645,0.323784948,0.795981749,0.818045391,0.0,365.0
0.807704818556574,0.350380733,0.7921761300000001,0.8078514415,0.0,365.0
0.8022634525531147,0.3118271805,0.7458758015,0.78404392,0.0,365.0
0.7952016167161984,0.2906923835,0.6631533195,0.7045464735,0.0,365.0
0.7939484210601432,0.20902788,0.594531589,0.611351898,0.0,365.0
0.7936178607715951,0.157844161,0.530917055,0.552912711,0.0,365.0
0.7946428124413827,0.083537399,0.431413158,0.49623507,0.0,365.0
0.7803228704317524,0.02023487,0.309436587,0.439730332,0.0,365.0
0.7345501964869262,0.0,0.213833364,0.394650041,0.0,365.0
0.6340562878981058,0.0,0.182415267,0.355711008,0.0,365.0
0.5636642501191707,0.0,0.1254705585,0.2705091045,0.0,365.0
0.5549042457264944,0.0,0.079646389,0.168344655,0.0,365.0
0.5576967691390903,0.006527152,0.066767383,0.12142293,0.0,365.0
0.5580788454026411,0.107336623,0.056582598,0.110916992,0.0,365.0
0.5778795056735906,0.233196299,0.0406851,0.092511148,0.0,365.0
0.6348853717248996,0.370048834,0.039143898,0.079304334,0.0,365.0
0.6907230075750653,0.494707835,0.059706123,0.081591569,0.0,365.0
0.6995100445045422,0.5889884940000001,0.069649215,0.068738724,0.0,365.0
0.6952140126983417,0.595336682,0.1085488745,0.09262785700000001,0.0,365.0
0.6904593463812868,0.5129321325,0.08881475250000001,0.10010280699999999,0.0,365.0
0.6946286455178928,0.412242347,0.080981708,0.123662114,0.0,365.0
0.7088270421231064,0.315549749,0.084556188,0.155965809,0.0,365.0
0.7110972741395036,0.203656612,0.086544167,0.183980866,0.0,365.0
0.7114048490862841,0.10194957,0.084188957,0.178564868,0.0,365.0
0.702144331025814,0.0234018295,0.080331643,0.162139061,0.0,365.0
0.6768752052111922,0.0,0.095511835,0.13727759,0.0,365.0
0.6345686295237478,0.0,0.0890599745,0.138250659,0.0,365.0
0.5631172067987908,0.0,0.095779853,0.1705361795,0.0,365.0
0.5530402156554634,0.0,0.1175861015,0.16785259,0.0,365.0
0.5564243893197435,0.003551308,0.112993823,0.174436584,0.0,365.0
0.5559014046777667,0.07682069,0.103577864,0.174693225,0.0,365.0
0.5778795056735906,0.176373525,0.083305632,0.152255188,0.0,365.0
0.6356535041062432,0.301621816,0.095072633,0.139473097,0.0,365.0
0.6945498065230182,0.45491254950000004,0.106578896,0.132759263,0.0,365.0
0.6935252574135102,0.548346533,0.115659389,0.1216431905,0.0,365.0
0.6871645653903332,0.546378046,0.143132529,0.149536191,0.0,365.0
0.6784928354629791,0.4903544795,0.17347427850000002,0.19562824950000002,0.0,365.0
0.676812554389168,0.429336162,0.189875364,0.237665469,0.0,365.0
0.6801767387695973,0.36645748,0.207458514,0.256390705,0.0,365.0
0.681966111115087,0.276021045,0.196086974,0.258189067,0.0,365.0
0.6879427593495387,0.153460474,0.19095258,0.255420284,0.0,365.0
0.6982176305974517,0.0336308875,0.205227312,0.2535104835,0.0,365.0
0.6760151313278264,0.0,0.242593919,0.27699355449999996,0.0,365.0
0.625489400902209,0.0,0.255664424,0.33062515,0.0,365.0
0.5891359514728689,0.0,0.252701408,0.39197267449999995,0.0,365.0
0.5860643612098295,0.0,0.235600726,0.4321934885,0.0,365.0
0.6086088687699454,0.015125964,0.205054521,0.423833286,0.0,365.0
0.6667504992038624,0.117432046,0.179049134,0.412207263,0.0,365.0
0.7335020358607605,0.221897484,0.135380502,0.394313359,0.0,365.0
0.7855928298309004,0.341019047,0.119193518,0.385773166,0.0,365.0
0.8040955311731951,0.476639501,0.126396936,0.375065578,0.0,365.0
0.8046621164807289,0.564821045,0.118162997,0.335228529,0.0,365.0
0.8022124286112262,0.646490643,0.1318210775,0.3363727865,0.0,365.0
0.7945312393444205,0.6336801145,0.13692910749999998,0.34709953000000004,0.0,365.0
0.7853162896096335,0.515455386,0.135994026,0.3592480715,0.0,365.0
0.7834443666985791,0.362884613,0.131820026,0.370664853,0.0,365.0
0.7829915903642097,0.1872322685,0.1305150125,0.3565671695,0.0,365.0
0.7768848107744913,0.0250965145,0.1342107425,0.3258844185,0.0,365.0
0.7395666010740507,0.0,0.125345875,0.307565234,0.0,365.0
0.6494891430228766,0.0,0.1291071405,0.3066415205,0.0,365.0
0.5873736563331214,0.0,0.1324423385,0.3281029735,0.0,365.0
0.5844309228760494,0.0,0.1451432195,0.3364858645,0.0,365.0
0.6050066469739873,0.016372855,0.157117363,0.340445318,0.0,365.0
0.6659694431935644,0.112671933,0.150676584,0.342202478,0.0,365.0
0.7323390825325807,0.175071664,0.132434118,0.329880956,0.0,365.0
0.7793241687151043,0.290739707,0.149856115,0.317500271,0.0,365.0
0.8000746979680742,0.390757208,0.177581362,0.309628265,0.0,365.0
0.8012838903982926,0.472801943,0.167567072,0.265098703,0.0,365.0
0.8004346831458722,0.5144502655000001,0.203255783,0.2619415125,0.0,365.0
0.7929701557890914,0.471013605,0.2697399,0.31896482049999997,0.0,365.0
0.7853581462296749,0.394086068,0.361254519,0.377878864,0.0,365.0
0.7827844088634769,0.307736639,0.410853302,0.426955736,0.0,365.0
0.7827934419760721,0.22982832,0.455673993,0.497502104,0.0,365.0
0.7823012685124742,0.158297566,0.486355943,0.585300775,0.0,365.0
0.7836681389324419,0.084314413,0.511864138,0.660346795,0.0,365.0
0.776925594192849,0.014509364,0.518889021,0.721387862,0.0,365.0
0.7379272598273682,0.0,0.426880235,0.679293041,0.0,365.0
0.6495276904975562,0.0,0.4392595625,0.7017544760000001,0.0,365.0
0.5874129416550449,0.0,0.45976291199999997,0.7323545825,0.0,365.0
0.5845740672656292,0.0,0.470587977,0.7424171505,0.0,365.0
0.6051297127418332,0.012552263,0.466226195,0.745060214,0.0,365.0
0.6659670283716932,0.08304487,0.449269784,0.737095495,0.0,365.0
0.7339742648444006,0.144598662,0.46924622,0.718740941,0.0,365.0
0.7875744922530912,0.25468205,0.476607847,0.698780515,0.0,365.0
0.8122660766563994,0.34998126,0.439273501,0.661526436,0.0,365.0
0.8128828363187484,0.490963921,0.344437761,0.5595325955,0.0,365.0
0.8071672555780105,0.5937163905,0.31767216,0.510561963,0.0,365.0
0.8004173770349204,0.5839810485000001,0.30635302200000003,0.528182591,0.0,365.0
0.8027179283315338,0.498326596,0.30591387,0.562453938,0.0,365.0
0.8073372759606685,0.391233009,0.298943923,0.565854159,0.0,365.0
0.8072594654985362,0.288614259,0.289452934,0.55990679,0.0,365.0
0.8046363585607034,0.178195862,0.27500573,0.556863683,0.0,365.0
0.7798075774171349,0.0468924295,0.28540630450000004,0.5713679970000001,0.0,365.0
0.7036947267609153,0.0,0.2151538515,0.496319568,0.0,365.0
0.6138307779506511,0.0,0.20012722700000002,0.458779749,0.0,365.0
0.5948036385388868,0.0,0.17687213499999999,0.420503088,0.0,365.0
0.6005082185743793,0.0,0.165439245,0.394241346,0.0,365.0
0.6299100188396848,0.017552935,0.163415705,0.390985316,0.0,365.0
0.6809848049147494,0.104051525,0.151503614,0.381540825,0.0,365.0
0.7411923030440543,0.174350556,0.138919807,0.369209558,0.0,365.0
0.7936347643897429,0.300176628,0.124809192,0.344482875,0.0,365.0
0.8158394550015806,0.411385231,0.129319201,0.326589228,0.0,365.0
0.8161362079188816,0.539299919,0.087026615,0.233876466,0.0,365.0
0.8089061852176572,0.644394382,0.092448334,0.22039352899999998,0.0,365.0
0.799723030457574,0.62532162,0.09497825800000001,0.2170818525,0.0,365.0
0.7922576981151856,0.550804332,0.099087121,0.227021474,0.0,365.0
0.7902263979727595,0.446928758,0.108737972,0.22953774,0.0,365.0
0.7919729298344068,0.347809535,0.111363648,0.237764888,0.0,365.0
0.7945298530552916,0.243820183,0.107677819,0.243731234,0.0,365.0
0.8008041486654864,0.163738749,0.111397625,0.245446448,0.0,365.0
0.7799215652684925,0.037111882,0.123750725,0.24470127749999998,0.0,365.0
0.7345297153049128,0.0,0.116992719,0.2173131,0.0,365.0
0.6532267729121138,0.0,0.1055728485,0.2001695735,0.0,365.0
0.6013198397464989,0.0,0.09307186149999999,0.20172108049999998,0.0,365.0
0.5978114153053837,0.0,0.09027059600000001,0.19516933949999998,0.0,365.0
0.6299100188396848,0.022688477,0.087696976,0.174559789,0.0,365.0
0.6796867118443186,0.101184161,0.084833182,0.156422327,0.0,365.0
0.7377139071976567,0.166428632,0.073571548,0.13966334,0.0,365.0
0.7911002004706872,0.278593708,0.077744025,0.124307658,0.0,365.0
0.8124905642680839,0.4182482,0.084443698,0.114065905,0.0,365.0
0.8073159898605233,0.5560135195,0.0825447545,0.0888019865,0.0,365.0
0.8009384388206642,0.585880077,0.083753698,0.083277396,0.0,365.0
0.7900561540429667,0.4899704445,0.0898314355,0.0934370515,0.0,365.0
0.785018195072145,0.342831368,0.088912346,0.102950057,0.0,365.0
0.7847833326602021,0.277625549,0.086390753,0.105415377,0.0,365.0
0.7852269417402001,0.162909038,0.07505477899999999,0.0969273875,0.0,365.0
0.7780363161682045,0.0341419795,0.0665736925,0.08358492949999999,0.0,365.0
0.7358778486558586,0.0,0.07270081,0.088468263,0.0,365.0
0.6348898436122559,0.0,0.07698920549999999,0.0841145545,0.0,365.0
0.5651393620213165,0.0,0.0917419835,0.086171233,0.0,365.0
0.5546357325545026,0.0,0.11180756950000001,0.10584481500000001,0.0,365.0
0.5534294467768422,0.028224251,0.127311988,0.135855809,0.0,365.0
0.5516780407374622,0.15693143,0.135389178,0.150916321,0.0,365.0
0.5758070643564203,0.264542311,0.129598857,0.155649398,0.0,365.0
0.6246329492516502,0.4127527,0.153552124,0.164168315,0.0,365.0
0.6732956110006151,0.566974393,0.209291891,0.180489864,0.0,365.0
0.6827212302596903,0.700038683,0.254822043,0.195685355,0.0,365.0
0.6824778042988439,0.776859537,0.335723875,0.24322557900000003,0.0,365.0
0.6751650296844395,0.7690546705,0.42342451999999997,0.300258539,0.0,365.0
0.6706308710573513,0.6186451565,0.462859389,0.32453838199999996,0.0,365.0
0.6741186578402063,0.423176026,0.445710646,0.332555528,0.0,365.0
0.6749276631127421,0.291167278,0.429659946,0.343453404,0.0,365.0
0.6797525376699286,0.141006108,0.457449941,0.36438244,0.0,365.0
0.6893123128749299,0.0264423345,0.48123922649999995,0.38863478799999995,0.0,365.0
0.6777187332327967,0.0,0.503962847,0.419659679,0.0,365.0
0.6338588996916827,0.0,0.5018817085,0.4289407685,0.0,365.0
0.5608365554481453,0.0,0.49295225249999997,0.4303408745,0.0,365.0
0.5503482196282641,0.0,0.4766204635,0.4271625735,0.0,365.0
0.5513244054993605,0.016036668,0.466715044,0.423557977,0.0,365.0
0.5479900931699262,0.080784006,0.455364478,0.422650136,0.0,365.0
0.5757868515929104,0.155595534,0.435358737,0.41951528,0.0,365.0
0.6264500471098158,0.257466548,0.435653114,0.422504203,0.0,365.0
0.680835757679743,0.383788168,0.4539935875,0.425592088,0.0,365.0
0.6828575551458822,0.479558241,0.4784613495,0.421232734,0.0,365.0
0.6758037909597068,0.465581661,0.4488872095,0.410110994,0.0,365.0
0.6715401354992071,0.391930631,0.393741568,0.400824413,0.0,365.0
0.6714803019243824,0.337091761,0.356121974,0.382451232,0.0,365.0
0.6745204549691044,0.237704565,0.322431418,0.363740518,0.0,365.0
0.6760898562592071,0.143905336,0.300793169,0.345411362,0.0,365.0
0.6811940435484428,0.084002396,0.279816528,0.332427357,0.0,365.0
0.6863935933598437,0.013407841,0.250532756,0.3328149375,0.0,365.0
0.677449437409668,0.0,0.211929942,0.277907382,0.0,365.0
0.6495926890705638,0.0,0.1770633255,0.2633185065,0.0,365.0
0.5877438821019261,0.0,0.1653198985,0.24656370900000002,0.0,365.0
0.5850729709622078,0.0,0.157296577,0.237538541,0.0,365.0
0.605432279099202,0.023628774,0.164287261,0.24060515,0.0,365.0
0.6654621099549068,0.084908758,0.167989677,0.238050027,0.0,365.0
0.7323390825325807,0.162880496,0.16514647,0.22390641,0.0,365.0
0.7789202698517801,0.259628519,0.173039416,0.203887972,0.0,365.0
0.7996119493262502,0.356885321,0.186898148,0.200666118,0.0,365.0
0.8011424006488697,0.446005017,0.177606205,0.199676969,0.0,365.0
0.8005461220335824,0.5047538565,0.20423444899999998,0.212997347,0.0,365.0
0.7932043474246784,0.48202305749999996,0.2357789185,0.2657609035,0.0,365.0
0.786017925389011,0.402782911,0.243995085,0.376642543,0.0,365.0
0.7829394036128513,0.310645286,0.266385542,0.45149602,0.0,365.0
0.7831130014244233,0.236420138,0.295944984,0.489237762,0.0,365.0
0.7831808843829939,0.12364330200000001,0.3349995275,0.530977161,0.0,365.0
0.7768848107744913,0.023128390999999998,0.379944467,0.5810656235,0.0,365.0
0.7390609224755498,0.0,0.360600986,0.559129845,0.0,365.0
0.649530082917481,0.0,0.382359748,0.533601266,0.0,365.0
0.5871866652614276,0.0,0.41012555900000003,0.564623438,0.0,365.0
0.5841059300110121,0.0,0.441966038,0.606309872,0.0,365.0
0.6053011640150859,0.019811431,0.450523662,0.62469568,0.0,365.0
0.6653937351656495,0.102073488,0.433501523,0.604515497,0.0,365.0
0.7324673803694974,0.172822244,0.412727522,0.566918522,0.0,365.0
0.7827158104596089,0.291588357,0.390925276,0.529621341,0.0,365.0
0.8025852032762024,0.422156271,0.345460716,0.473502639,0.0,365.0
0.8027058989585943,0.5804404075,0.2415868485,0.3501167505,0.0,365.0
0.8005147295516825,0.695937819,0.200382832,0.300728246,0.0,365.0
0.7939685445532458,0.692364899,0.18072006499999999,0.3139603995,0.0,365.0
0.7862238100734495,0.59489537,0.180387825,0.369103916,0.0,365.0
0.7835130545752816,0.512391167,0.194201393,0.410912818,0.0,365.0
0.7831130014244233,0.399378943,0.205180422,0.441880384,0.0,365.0
0.783368971058318,0.2203641215,0.21661811450000001,0.47780659449999996,0.0,365.0
0.7778373181255177,0.0392020085,0.2381207595,0.5227482194999999,0.0,365.0
0.7042489922124384,0.0,0.17176415849999999,0.4466916745,0.0,365.0
0.6090330028662018,0.0,0.17413197749999998,0.433171737,0.0,365.0
0.5834113598865308,0.0,0.1571418765,0.424368209,0.0,365.0
0.586959494476844,0.0,0.156426725,0.428854561,0.0,365.0
0.6056033726160682,0.022462859,0.165919033,0.42030349,0.0,365.0
0.6656563230902683,0.126640182,0.158707962,0.403706933,0.0,365.0
0.7332374803434913,0.225192966,0.13587862,0.377778009,0.0,365.0
0.787389088750666,0.364543086,0.125654774,0.358624962,0.0,365.0
0.8081268284489818,0.5889617665,0.10999886,0.31616540299999996,0.0,365.0
0.8028285622336366,0.7898029,0.109935102,0.28419960899999996,0.0,365.0
0.7943567024729407,0.8226313795,0.1266250875,0.2917046715,0.0,365.0
0.7867857446829097,0.692894034,0.142814549,0.314836992,0.0,365.0
0.7839442318570121,0.566473677,0.153605277,0.331361625,0.0,365.0
0.7841489537994564,0.473352391,0.163234009,0.342221672,0.0,365.0
0.7854280862537304,0.271585835,0.1834803605,0.357585756,0.0,365.0
0.778237773701704,0.0584713345,0.243648509,0.418022435,0.0,365.0
0.7047736985654599,0.0,0.2134013795,0.42664013300000003,0.0,365.0
0.6088445361000202,0.0,0.2037298315,0.456948527,0.0,365.0
0.5822281713254192,0.0,0.1974961025,0.4357314235,0.0,365.0
0.5859217086509366,0.0,0.197020363,0.426322095,0.0,365.0
0.6052887322842943,0.032028306,0.201050706,0.423965203,0.0,365.0
0.6654621099549068,0.134716522,0.183063072,0.405153621,0.0,365.0
0.733173532637697,0.217815265,0.153641643,0.384034034,0.0,365.0
0.7863979444521256,0.358789396,0.143446211,0.353326927,0.0,365.0
0.8064035950840229,0.5730272064999999,0.1267683875,0.2846358745,0.0,365.0
0.8018624156734071,0.7322729845,0.1282048065,0.239405069,0.0,365.0
0.7945703233862041,0.701208458,0.12753448750000002,0.23703231600000002,0.0,365.0
0.7873688758522048,0.581665752,0.128948107,0.237935237,0.0,365.0
0.7848277829803082,0.466495445,0.126297704,0.220224547,0.0,365.0
0.7841654997961692,0.347078717,0.129425066,0.213647294,0.0,365.0
0.7836803917850403,0.1788010115,0.1360987445,0.23426800450000002,0.0,365.0
0.7762291011446589,0.035693133499999995,0.17065250199999998,0.2826963515,0.0,365.0
0.741255043338913,0.0,0.171578885,0.302950234,0.0,365.0
0.6492074601378979,0.0,0.199520441,0.29042324399999997,0.0,365.0
0.5870678254318565,0.0,0.221740203,0.2574954175,0.0,365.0
0.5837693104007905,0.0,0.2581432925,0.30293697350000004,0.0,365.0
0.6059536092359736,0.026307615,0.29183187,0.34853509,0.0,365.0
0.6649651068475663,0.081462893,0.309071318,0.367282414,0.0,365.0
0.7323414078816175,0.171375668,0.291889291,0.374755522,0.0,365.0
0.7798375388734888,0.28145585,0.309070716,0.381772239,0.0,365.0
0.8036926161061959,0.385878672,0.335579751,0.385282153,0.0,365.0
0.8054827933023417,0.47067362,0.294832511,0.344564324,0.0,365.0
0.8031642204494794,0.5543841615,0.363608628,0.388037961,0.0,365.0
0.7954447519915462,0.5674063659999999,0.4042903925,0.4399364055,0.0,365.0
0.7876050798168595,0.489325898,0.419340544,0.480284887,0.0,365.0
0.7846221667143732,0.39305335,0.425124476,0.492928407,0.0,365.0
0.7840772251958955,0.314005906,0.425874749,0.494817839,0.0,365.0
0.782506884778409,0.229140202,0.410166868,0.493088757,0.0,365.0
0.783269964036351,0.14735362,0.411559492,0.498577259,0.0,365.0
0.7757805730155596,0.043245939000000004,0.42252877050000004,0.4956829495,0.0,365.0
0.7419385680217314,0.0,0.404587009,0.452577439,0.0,365.0
0.6328965543099294,0.0,0.399065742,0.4617270365,0.0,365.0
0.5600573999596097,0.0,0.38370005549999997,0.4827272935,0.0,365.0
0.5481002799102836,0.0,0.395921451,0.5215618765000001,0.0,365.0
0.5498498525662652,0.025572284,0.400639308,0.560156175,0.0,365.0
0.5472195907706043,0.091932506,0.404505968,0.580091585,0.0,365.0
0.5746722837701375,0.153871078,0.401931963,0.596616801,0.0,365.0
0.6243456765412141,0.249715843,0.416112503,0.60908674,0.0,365.0
0.6757533930577566,0.35629157,0.417975565,0.616586971,0.0,365.0
0.6849763026359793,0.442982147,0.347840657,0.549366543,0.0,365.0
0.6822924902017775,0.5432766025,0.40434607499999997,0.6087606830000001,0.0,365.0
0.6745588235655906,0.606761084,0.45305959,0.677066405,0.0,365.0
0.6701884693882889,0.578185795,0.482360698,0.71463138,0.0,365.0
0.6697478117647421,0.492054838,0.487129281,0.739122293,0.0,365.0
0.6722147164073133,0.395354402,0.501689655,0.764922635,0.0,365.0
0.6733842881611685,0.273162198,0.512161272,0.785846239,0.0,365.0
0.6755263564824248,0.189143532,0.545542793,0.804995435,0.0,365.0
0.6750973480060085,0.052347994999999994,0.5885105255,0.825481742,0.0,365.0
0.667884161852044,0.0,0.567444116,0.790841854,0.0,365.0
0.632475394004595,0.0,0.5924893785,0.767422175,0.0,365.0
0.5597281588218266,0.0,0.597062293,0.7873093870000001,0.0,365.0
0.5481232429175806,0.0,0.588735446,0.789397944,0.0,365.0
0.5497472679804326,0.04793805,0.570781521,0.76486996,0.0,365.0
0.5466277841101491,0.142228429,0.541848346,0.740318499,0.0,365.0
0.5742447733901553,0.232604548,0.46528796,0.701675304,0.0,365.0
0.6205837644939147,0.351418041,0.429218873,0.661852785,0.0,365.0
0.6689042837431375,0.476176598,0.413782778,0.609980439,0.0,365.0
0.6812285662975116,0.581860331,0.367596758,0.53459721,0.0,365.0
0.6814978620531645,0.6868623355,0.3749931515,0.5164702704999999,0.0,365.0
0.6746952825935584,0.6686736055,0.369228478,0.46870322600000003,0.0,365.0
0.6710215779406935,0.601063652,0.363495965,0.424691867,0.0,365.0
0.6703394842834213,0.515601972,0.335291838,0.406298958,0.0,365.0
0.6723575030405066,0.410615261,0.278187438,0.401627008,0.0,365.0
0.6736256793910007,0.226710454,0.204051604,0.38417144000000003,0.0,365.0
0.6748800153196277,0.046970812,0.176600722,0.33293002000000005,0.0,365.0
0.6677022016367569,0.0,0.154711417,0.289631252,0.0,365.0
0.6486025956392365,0.0,0.1343497415,0.24089855100000002,0.0,365.0
0.5867463877962138,0.0,0.094132145,0.2091582485,0.0,365.0
0.5839116051358211,0.0,0.0763656375,0.166871708,0.0,365.0
0.6061409803310489,0.040488216,0.074477465,0.177508093,0.0,365.0
0.6647908383271142,0.111618688,0.072094013,0.15928977,0.0,365.0
0.7317082812357005,0.183053259,0.064895734,0.141896052,0.0,365.0
0.7770236622223841,0.299837091,0.058774844,0.124100767,0.0,365.0
0.7976210748457951,0.457943769,0.058202509,0.112254657,0.0,365.0
0.8007364893890021,0.6039186635,0.042802734999999995,0.08450433099999999,0.0,365.0
0.7976884658387274,0.6742329235,0.041217128000000006,0.0909935135,0.0,365.0
0.787825185081498,0.6174560325,0.0501190515,0.126704977,0.0,365.0
0.7819561298198635,0.485601101,0.064423369,0.171273618,0.0,365.0
0.7813727303670164,0.387311475,0.07669505,0.221286581,0.0,365.0
0.7787372810362748,0.290190277,0.092498992,0.268832443,0.0,365.0
0.7787221662000596,0.181650786,0.109305859,0.305227179,0.0,365.0
0.772574245435597,0.056927391,0.1424830615,0.3540499205,0.0,365.0
0.7424725087000121,0.0,0.147942329,0.392998991,0.0,365.0
0.6484686409059744,0.0,0.15455816249999998,0.384023861,0.0,365.0
0.5870036094425101,0.0,0.164806565,0.40907219250000004,0.0,365.0
0.5839263175467082,0.0,0.1901908835,0.44315616700000005,0.0,365.0
0.6062495573026184,0.023752414,0.214912251,0.46798649,0.0,365.0
0.6647908383271142,0.102608691,0.235269249,0.486880614,0.0,365.0
0.7312556389756315,0.162665157,0.221491466,0.500318515,0.0,365.0
0.7774313174602914,0.271400712,0.221255464,0.499926504,0.0,365.0
0.798760327319434,0.375505396,0.241446222,0.493088008,0.0,365.0
0.8025619496508827,0.496504867,0.222992294,0.410826605,0.0,365.0
0.8009990325772036,0.6329909905,0.25437309799999996,0.459760398,0.0,365.0
0.7973565191935745,0.677743071,0.281611657,0.499532599,0.0,365.0
0.7887508165743977,0.584923897,0.304420963,0.514620255,0.0,365.0
0.7835711888410081,0.479614084,0.316539217,0.524022236,0.0,365.0
0.7831130014244233,0.383576806,0.318122834,0.542827554,0.0,365.0
0.7824760289310888,0.276409059,0.325877155,0.561021713,0.0,365.0
0.783269964036351,0.169728403,0.329432991,0.570378275,0.0,365.0
0.7758116971464319,0.053240340000000004,0.3411910415,0.576557651,0.0,365.0
0.7419385680217314,0.0,0.262434336,0.448747819,0.0,365.0
0.6487790106980078,0.0,0.248602732,0.37959244000000003,0.0,365.0
0.5870515478536472,0.0,0.216892586,0.3195674285,0.0,365.0
0.5838834323939243,0.0,0.21155621949999998,0.30658842750000004,0.0,365.0
0.6060677312291074,0.018564797,0.209850465,0.298294997,0.0,365.0
0.6648619408907365,0.089592946,0.195547921,0.280731343,0.0,365.0
0.7319387610981704,0.148295755,0.184701693,0.269825311,0.0,365.0
0.7793241687151043,0.247685368,0.176740864,0.255366568,0.0,365.0
0.8028554828956563,0.325756342,0.166393151,0.239988351,0.0,365.0
0.8044632079783524,0.39996958,0.102305332,0.153565827,0.0,365.0
0.8025568963925296,0.4749297345,0.119642423,0.12693630849999998,0.0,365.0
0.7956933430180511,0.474945205,0.1230093825,0.143593105,0.0,365.0
0.7862450960386432,0.356247925,0.1117430915,0.15882787199999998,0.0,365.0
0.7841654997961692,0.253378134,0.10395675,0.162002392,0.0,365.0
0.7826254786588989,0.139923219,0.0928469935,0.1582456925,0.0,365.0
0.7749607011795543,0.0266072155,0.0906209,0.16310909499999998,0.0,365.0
0.7074726706397698,0.0,0.0810238405,0.1591230085,0.0,365.0
0.6076090043113033,0.0,0.06707205050000001,0.1556100995,0.0,365.0
0.5804732101241201,0.0,0.059860443,0.1303035085,0.0,365.0
0.5860272894296377,0.0,0.055187623,0.109272331,0.0,365.0
0.6058185588316055,0.015285635,0.049417207,0.102227384,0.0,365.0
0.6647529616287905,0.057557512,0.042459618,0.10542501,0.0,365.0
0.7313818797470635,0.109372924,0.039806517,0.128164991,0.0,365.0
0.776998083113076,0.190345056,0.041560369,0.142333593,0.0,365.0
0.7970535056069846,0.261249803,0.043905974,0.134612713,0.0,365.0
0.7999996600841996,0.372841136,0.0483925075,0.101578733,0.0,365.0
0.7979620992724847,0.42461598300000003,0.0528802015,0.07209028149999999,0.0,365.0
0.7872868171848026,0.39914821450000004,0.047127929,0.06690783750000001,0.0,365.0
0.7811537877768961,0.314032776,0.046447615,0.082555993,0.0,365.0
0.780367097137248,0.266101803,0.047160248,0.089174121,0.0,365.0
0.779907836586455,0.179468301,0.046984924,0.083383966,0.0,365.0
0.7800622054308424,0.107466077,0.043574643,0.066166056,0.0,365.0
0.7730869000812084,0.030800854,0.046353318000000004,0.0547675935,0.0,365.0
0.7059495978570647,0.0,0.0440344075,0.038719268,0.0,365.0
0.6050313540267996,0.0,0.031418017,0.0375750685,0.0,288.0
0.5770555645105087,0.0,0.024391779000000002,0.0529772155,0.0,288.0
0.5823794545715792,0.0,0.023875514,0.049737489,0.0,288.0
0.6008510317830016,0.017286346,0.022565122,0.050966737,0.0,288.0
0.658162683864207,0.058445591,0.018012269,0.050812788,0.0,288.0
0.7252388333627607,0.095908045,0.01320593,0.05341868,0.0,288.0
0.771601614658944,0.176426402,0.011669227,0.056768273,0.0,288.0
0.7966333291654513,0.29361791,0.015169733500000001,0.0640611875,0.0,288.0
0.7998912620582992,0.410951167,0.0273890665,0.072961944,0.0,288.0
0.7942042117483691,0.4405478315,0.037136223499999996,0.1212762345,0.0,288.0
0.7861534228876489,0.405553334,0.054274069,0.177490007,0.0,288.0
0.7818850272562411,0.342358552,0.059889565,0.20196718,0.0,288.0
0.7801961824310993,0.278235572,0.061088896,0.204504302,0.0,288.0
0.776667701702721,0.136009017,0.053019064,0.198570828,0.0,288.0
0.76672379323616,0.029117452500000002,0.047317158,0.1624819045,0.0,288.0
0.735808713549935,0.0,0.046116675,0.148356245,0.0,288.0
0.6295016928254216,0.0,0.045906602500000004,0.1594386085,0.0,288.0
0.5550880169907093,0.0,0.047646865499999996,0.1646363605,0.0,288.0
0.543266975878494,0.0,0.052686662999999995,0.1573528615,0.0,288.0
0.5453531682796484,0.017074103,0.053193482,0.138855357,0.0,288.0
0.5423705681296559,0.049004824,0.053456054,0.133510596,0.0,288.0
0.5702687483964787,0.094336427,0.053478704,0.124810897,0.0,288.0
0.6164603018990682,0.165135131,0.049225499,0.112497258,0.0,288.0
0.6734146073739089,0.2639704885,0.043853233000000005,0.1041310485,0.0,288.0
0.6810639569295933,0.376759134,0.039019638499999995,0.1112068735,0.0,288.0
0.6752235217065525,0.41462619850000004,0.0510343455,0.12859653199999999,0.0,288.0
0.6713336023728835,0.339557299,0.0664096235,0.1497922705,0.0,288.0
0.673099653887214,0.262927301,0.061940391,0.146154321,0.0,288.0
0.6725953168414249,0.148477953,0.0498042315,0.1155681425,0.0,288.0
0.6716539444723716,0.0349020015,0.051422804,0.082801265,0.0,288.0
0.6649004437639503,0.0,0.044317353,0.076878844,0.0,288.0
0.6291523059950168,0.0,0.040207038,0.07053322549999999,0.0,288.0
0.5557454259971156,0.0,0.0394949125,0.0634185765,0.0,288.0
0.5440035144977977,0.0,0.0367876325,0.062144445,0.0,288.0
0.5458440001905347,0.021806255,0.033335149,0.067414302,0.0,288.0
0.5428088109313314,0.081594809,0.027086128,0.0693587,0.0,288.0
0.5701665215670325,0.148441027,0.023724942,0.068701068,0.0,288.0
0.6164991177247755,0.251423794,0.022932623,0.065583198,0.0,288.0
0.6674297308100423,0.353072333,0.023420051,0.063390931,0.0,288.0
0.6805771496768421,0.435429644,0.022678995,0.060442635,0.0,288.0
0.6820180741843591,0.5229277935,0.0251313455,0.0654067605,0.0,288.0
0.6792427002715168,0.508542807,0.030598949,0.077677139,0.0,288.0
0.6731295259382092,0.490519939,0.0345461985,0.1072050115,0.0,288.0
0.6729193035756664,0.365444996,0.043864159,0.15365205850000002,0.0,288.0
0.6733224198553296,0.187242024,0.0582383895,0.18178710450000002,0.0,288.0
0.6709003904276147,0.049391775,0.071499865,0.18229078799999998,0.0,288.0
0.6664281224408362,0.0,0.071426706,0.1682300005,0.0,288.0
0.6045426908537519,0.0,0.065594064,0.178633717,0.0,288.0
0.5776962933784262,0.0,0.0658302925,0.18888278,0.0,288.0
0.5920265206480048,0.012440493,0.071146935,0.2060458175,0.0,288.0
0.6584562171089805,0.096783428,0.074451187,0.210629076,0.0,288.0
0.7255395662692553,0.138586968,0.071320137,0.205374997,0.0,288.0
0.7716108267172083,0.216639479,0.078142824,0.212734131,0.0,288.0
0.794963087402507,0.308380687,0.087560003,0.223006376,0.0,288.0
0.798541742553176,0.390481544,0.090568529,0.2058757555,0.0,288.0
0.7968412262464328,0.4386092,0.12263266450000002,0.2518374555,0.0,288.0
0.786603113623791,0.3890492775,0.13923923500000002,0.2955569695,0.0,288.0
0.7795645762160872,0.296593962,0.15877842650000001,0.3454089655,0.0,288.0
0.7771636763447951,0.1577704315,0.181130396,0.3887096765,0.0,288.0
0.7686194617381724,0.036535706,0.198052517,0.41241576,0.0,288.0
0.7023903506867248,0.0,0.167191139,0.39552740799999997,0.0,288.0
0.6053104208097675,0.0,0.177491384,0.3941628015,0.0,288.0
0.5778782088572962,0.0,0.17334230750000001,0.3736322975,0.0,288.0
0.5826475876527137,0.0,0.159379482,0.356187299,0.0,288.0
0.60095178291796,0.022745483,0.154072525,0.348244567,0.0,288.0
0.6585077777529247,0.077594406,0.142785329,0.337256215,0.0,288.0
0.7261330275698673,0.135292614,0.134889906,0.319805314,0.0,288.0
0.7787242232655445,0.213238927,0.134473727,0.310035277,0.0,288.0
0.8037210571316449,0.306430262,0.138856429,0.310688238,0.0,288.0
0.804363530045078,0.44606821399999996,0.09887627800000001,0.227639231,0.0,288.0
0.7992722664522722,0.5778315199999999,0.1063720225,0.2328849755,0.0,288.0
0.7881150960934646,0.585973144,0.10229917999999999,0.24198035750000002,0.0,288.0
0.7814677127308485,0.490807455,0.100248888,0.246022148,0.0,288.0
0.7805628754399315,0.410353505,0.106121355,0.255239592,0.0,288.0
0.7786353224903807,0.283055558,0.10813612,0.262939785,0.0,288.0
0.7783162102712506,0.152566623,0.106403022,0.262344484,0.0,288.0
0.7701843910734434,0.0506108775,0.11769146150000001,0.258556898,0.0,288.0
0.7003237451440931,0.0,0.0918487,0.21099667449999998,0.0,288.0
0.6062250290605236,0.0,0.0833562575,0.2075855025,0.0,288.0
0.580361435814494,0.0,0.081302586,0.21947474150000001,0.0,288.0
0.5838735942282457,0.0,0.078537781,0.224206734,0.0,288.0
0.6009144427867404,0.041374168,0.07471623,0.218519834,0.0,288.0
0.6597929919982942,0.123771728,0.069149465,0.215772426,0.0,288.0
0.7255983713788134,0.210671842,0.059132997,0.204040498,0.0,288.0
0.7870596464002191,0.398250549,0.057594533,0.184455503,0.0,288.0
0.7995003316278223,0.579293399,0.040564761,0.122342276,0.0,288.0
0.798406423865256,0.7271706355,0.0438589775,0.12708681,0.0,288.0
0.7928965041268703,0.7537400615000001,0.049324817,0.1295230885,0.0,288.0
0.7850812483194972,0.682332922,0.05305116,0.137903284,0.0,288.0
0.7808886955575715,0.581405108,0.052735466,0.140866866,0.0,288.0
0.7792297229183763,0.4538423,0.058271176,0.153526031,0.0,288.0
0.7768574876871436,0.318889653,0.063175236,0.159104486,0.0,288.0
0.7754041314488348,0.19613465,0.06792089,0.165555476,0.0,288.0
0.768003193973986,0.06889669250000001,0.08635939349999999,0.1793615875,0.0,288.0
0.7021539007729889,0.0,0.070295653,0.146542923,0.0,288.0
0.6221241432526201,0.0,0.074493229,0.162599002,0.0,288.0
0.58400086353242,0.0,0.077718626,0.186481316,0.0,288.0
0.5808496964947379,0.0,0.0861023175,0.20487801649999998,0.0,288.0
0.6013412823228909,0.057123509,0.094667286,0.208989539,0.0,288.0
0.6585077777529247,0.143716469,0.084508716,0.203206298,0.0,288.0
0.7259637675038754,0.241257669,0.067081591,0.186495618,0.0,288.0
0.7726963273396422,0.359679697,0.064001733,0.170645371,0.0,288.0
0.7952970463092516,0.489362779,0.065029547,0.160146056,0.0,288.0
0.7984807463038329,0.610020295,0.048084838,0.116963915,0.0,288.0
0.7988182379030743,0.7297891575,0.064564044,0.1217486945,0.0,288.0
0.7930671505494669,0.7226189645000001,0.0855310025,0.145540212,0.0,288.0
0.7830551802461418,0.5689686355,0.0949820765,0.18166546249999999,0.0,288.0
0.7792297229183763,0.41440131,0.095676773,0.198065245,0.0,288.0
0.7758772547559657,0.2284416385,0.089945052,0.197276576,0.0,288.0
0.766958476702434,0.0540636665,0.09848277999999999,0.1885291745,0.0,288.0
0.7024604919234444,0.0,0.080233159,0.163912044,0.0,288.0
0.6050861567452177,0.0,0.073983064,0.15793904,0.0,288.0
0.5778278109553462,0.0,0.0790622205,0.169620408,0.0,288.0
0.5827236093329133,0.0,0.080976666,0.176193231,0.0,288.0
0.6010278492671012,0.036839456,0.07598694,0.168771048,0.0,288.0
0.6584238855671726,0.097166344,0.070961477,0.159880496,0.0,288.0
0.7258021541938742,0.154361091,0.057149546,0.143676172,0.0,288.0
0.7724653107751168,0.253512872,0.051420363,0.133842036,0.0,288.0
0.797120225891037,0.3890845555,0.0428180675,0.126170282,0.0,288.0
0.7985547109185476,0.501079175,0.040899037,0.1244312705,0.0,288.0
0.7927668648047175,0.523836121,0.0432020405,0.121419597,0.0,288.0
0.7827594111251659,0.434757898,0.045195175000000004,0.137318345,0.0,288.0
0.77875302204738,0.310711693,0.050323859,0.15175178,0.0,288.0
0.7759519349509292,0.188114395,0.053854192999999995,0.1551987645,0.0,288.0
0.7677587170784508,0.046075832500000004,0.0563709705,0.1514959535,0.0,288.0
0.735699421200544,0.0,0.046951746,0.126308629,0.0,288.0
0.6296885273533929,0.0,0.036557031000000004,0.11053655500000001,0.0,288.0
0.5557403951407089,0.0,0.0283843015,0.117251417,0.0,288.0
0.5443013184172634,0.0,0.0309663955,0.1450459705,0.0,288.0
0.5444257256703453,0.07211543249999999,0.0316110035,0.153583386,0.0,288.0
0.5701651352104278,0.183793972,0.028960594,0.152096298,0.0,288.0
0.6438980813425259,0.301398284,0.029034360000000002,0.1441618155,0.0,288.0
0.6806987173482539,0.4554648415,0.023749195,0.10833032000000001,0.0,288.0
0.6793006109226327,0.5642028205,0.0249879,0.109978543,0.0,288.0
0.6714678701935906,0.518643135,0.027878438999999998,0.11614605850000001,0.0,288.0
0.6699463626456834,0.385493656,0.039283952,0.130917764,0.0,288.0
0.6720622258176933,0.2631012275,0.0533602875,0.139936675,0.0,288.0
0.6723470836387824,0.0954352335,0.060840055500000004,0.1380250745,0.0,288.0
0.6691004644711491,0.004283325,0.062718928,0.1300143175,0.0,288.0
0.6296920377788946,0.0,0.050161984,0.1063503545,0.0,288.0
0.5558307715428847,0.0,0.043608099,0.108774021,0.0,288.0
0.5448773840666135,0.0,0.0493570285,0.1232016135,0.0,288.0
0.544509304836128,0.071536587,0.050322157000000006,0.12309528249999999,0.0,288.0
0.5701651352104278,0.149467885,0.051295309,0.13323013,0.0,288.0
0.6440324385011161,0.283053328,0.0517793785,0.1382064425,0.0,288.0
0.6804941741490513,0.412130636,0.039223948999999994,0.106548921,0.0,288.0
0.6808758703217449,0.461754188,0.037487394,0.118164527,0.0,288.0
0.6752235217065525,0.4685384735,0.047267439499999994,0.142395722,0.0,288.0
0.670871166751029,0.3718391985,0.060992492,0.1820259525,0.0,288.0
0.6722551868057016,0.2479834365,0.07868283849999999,0.2250654275,0.0,288.0
0.6724961308737887,0.124145628,0.09516122,0.256767366,0.0,288.0
0.6725870662450151,0.0417374775,0.115489006,0.27763848599999996,0.0,288.0
0.6680325159087479,0.0,0.1171817245,0.264449259,0.0,288.0
0.6053470900971556,0.0,0.0969494045,0.2559413325,0.0,288.0
0.578068218456329,0.0,0.0919341615,0.294619245,0.0,288.0
0.5923836661766568,0.022660214,0.092692782,0.319631609,0.0,288.0
0.6920678987840614,0.143732257,0.1008895185,0.3153416945,0.0,288.0
0.771627193768252,0.300356918,0.117660873,0.321829153,0.0,288.0
0.7965665195435159,0.44661742449999997,0.12301672799999999,0.306459384,0.0,288.0
0.7997571955852077,0.517378422,0.115897467,0.298929466,0.0,288.0
0.7993859859526022,0.5380614845,0.12144363999999999,0.3381642925,0.0,288.0
0.7918275047647317,0.500604204,0.144006241,0.397580767,0.0,288.0
0.7846801667033723,0.450830865,0.18055042999999998,0.4638437645,0.0,288.0
0.7801965401874859,0.312358848,0.238916878,0.525964858,0.0,288.0
0.776495356038502,0.168629631,0.2530090785,0.543064921,0.0,288.0
0.7671149472812475,0.042840113500000006,0.247507362,0.5266426515,0.0,288.0
0.7359427801579781,0.0,0.205221384,0.461966249,0.0,288.0
0.6455407540690412,0.0,0.2016680505,0.42929041599999995,0.0,288.0
0.5835611002998395,0.0,0.2071017685,0.4016788985,0.0,288.0
0.5806702405066808,0.0,0.1995683825,0.4257563765,0.0,288.0
0.6013049707918894,0.036752699,0.190842841,0.435535627,0.0,288.0
0.6585077777529247,0.093237827,0.184551729,0.417216682,0.0,288.0
0.7258319815759277,0.135656722,0.196779279,0.395807665,0.0,288.0
0.7854971318868195,0.240368245,0.18975271100000002,0.35871375250000004,0.0,288.0
0.799714310364948,0.296978813,0.1531556475,0.2779899855,0.0,288.0
0.7969518154121185,0.3367526155,0.114080297,0.2706907935,0.0,288.0
0.7866308392039426,0.345306864,0.103275877,0.274537812,0.0,288.0
0.7795931961197295,0.268959185,0.09849527450000001,0.28369061399999995,0.0,288.0
0.7768328029688019,0.1565436775,0.0866253475,0.2665578845,0.0,288.0
0.7687135945149313,0.0437031065,0.073847816,0.21694246350000002,0.0,288.0
0.7014234215428343,0.0,0.0494218955,0.13800827,0.0,288.0
0.6058111578897447,0.0,0.037414131,0.096244462,0.0,288.0
0.5788204309483743,0.0,0.0590213015,0.086033128,0.0,288.0
0.5918493453400431,0.0231007085,0.10644015500000001,0.101289403,0.0,288.0
0.6588298414959817,0.09691572,0.137479348,0.138274919,0.0,288.0
0.7259104180779985,0.172715195,0.164642247,0.165365717,0.0,288.0
0.7833794351964596,0.29025370500000003,0.2774547905,0.22821485249999998,0.0,288.0
0.798816985823197,0.329003393,0.45308802049999997,0.33521703950000004,0.0,288.0
0.7992747707469781,0.25969822,0.520706882,0.420706959,0.0,288.0
0.793228137684578,0.244460515,0.5965348525,0.509423247,0.0,288.0
0.7850812483194972,0.203144965,0.658860465,0.601698326,0.0,288.0
0.7797207785113489,0.136000609,0.6863668775,0.6775932625000001,0.0,288.0
0.7759485810016742,0.057661198500000004,0.7256688245,0.7609155645000001,0.0,288.0
0.7677779013092183,0.008174415,0.7845495255,0.8147789085,0.0,288.0
0.7360838228131316,0.0,0.817696216,0.849139654,0.0,288.0
0.6451161504090931,0.0,0.857717162,0.8623410235,0.0,288.0
0.5825033252575571,0.0,0.8883833025,0.8807598889999999,0.0,288.0
0.5796287653770784,0.0,0.9061571335,0.9029052005,0.0,288.0
0.6008948112592761,0.019875105,0.915402665,0.913508816,0.0,288.0
0.658485060694709,0.052387268,0.919224261,0.915189322,0.0,288.0
0.7255805286332819,0.104948378,0.916999692,0.913763633,0.0,288.0
0.7717921162236152,0.196056872,0.922238492,0.923599837,0.0,288.0
0.7975540862781909,0.3444070165,0.911858193,0.914398791,0.0,288.0
0.7984212257489773,0.5475784115,0.872357865,0.8647604565,0.0,288.0
0.7928965041268703,0.653418571,0.8215834584999999,0.8166962885,0.0,288.0
0.7829644460875795,0.5477580635,0.7744597265,0.751530787,0.0,288.0
0.7790242854631589,0.397795221,0.729505253,0.685229433,0.0,288.0
0.7766228042208696,0.301110512,0.678992872,0.647206642,0.0,288.0
0.7754041314488348,0.177650409,0.620256245,0.598376492,0.0,288.0
0.7681054208034321,0.064740382,0.571672534,0.532922219,0.0,288.0
0.7021539007729889,0.0,0.5218653520000001,0.5129676519999999,0.0,288.0
0.605779072297018,0.0,0.489662333,0.52638169,0.0,288.0
0.578689852498838,0.0,0.4419681995,0.4941980535,0.0,288.0
0.5832196286439288,0.0,0.388546534,0.44947701,0.0,288.0
0.6010309796017456,0.039670308,0.371743015,0.40928879,0.0,288.0
0.6588298414959817,0.095807811,0.348912744,0.385739471,0.0,288.0
0.7259637675038754,0.166529962,0.354375331,0.375471839,0.0,288.0
0.7724653107751168,0.242841497,0.374921986,0.354480624,0.0,288.0
0.7971161117600674,0.33380751,0.385815963,0.331912698,0.0,288.0
0.7984029805106422,0.3894357975,0.385364579,0.338880669,0.0,288.0
0.7920670178072726,0.395594718,0.379751733,0.39554323449999995,0.0,288.0
0.7823918237253673,0.354926128,0.3376416405,0.4127500965,0.0,288.0
0.7786374690287,0.271116352,0.307420947,0.409107015,0.0,288.0
0.7766820116882801,0.1595709925,0.27216723350000005,0.4000790325,0.0,288.0
0.7686830963565218,0.03595751,0.243017431,0.378864936,0.0,288.0
0.6946808992726636,0.0,0.2797882435,0.370305283,0.0,288.0
0.5849643269872261,0.0,0.316380168,0.391338099,0.0,288.0
0.5451274508550817,0.0,0.342161523,0.436134522,0.0,288.0
0.5450663874673748,0.0135078245,0.368653958,0.50323718,0.0,288.0
0.5430836069721314,0.061245402,0.395329275,0.562031033,0.0,288.0
0.5706644636668052,0.100201821,0.398860903,0.588776286,0.0,288.0
0.6203196560709153,0.168777571,0.452970736,0.603265194,0.0,288.0
0.6788930227556134,0.2703913975,0.48525189550000003,0.596600022,0.0,288.0
0.6823886576420747,0.303212996,0.541954633,0.6042427265,0.0,288.0
0.6745365536691204,0.35741895,0.559862548,0.6377099905,0.0,288.0
0.6703935938910127,0.400688993,0.54273934,0.668940122,0.0,288.0
0.6709407713531685,0.3253743095,0.5396120145,0.6929063344999999,0.0,288.0
0.6729682705195459,0.221037518,0.527803103,0.690182512,0.0,288.0
0.6767942197454739,0.09007561850000001,0.46528718199999997,0.6633695705,0.0,288.0
0.6728063889259925,0.0045275195,0.380926571,0.5912901655,0.0,288.0
0.6296920377788946,0.0,0.34064542,0.5715960625000001,0.0,288.0
0.5557023618986627,0.0,0.31650535150000003,0.5613708385,0.0,288.0
0.5439860965795409,0.0,0.2971485355,0.5606138265,0.0,288.0
0.5457331426738214,0.028108023,0.290994075,0.54955949,0.0,288.0
0.5430836069721314,0.050396164,0.293363514,0.517892904,0.0,288.0
0.5714973487395509,0.074141663,0.32009599,0.509171533,0.0,288.0
0.620360841914601,0.133816285,0.359729776,0.523544375,0.0,288.0
0.6730678142435687,0.181964567,0.404551739,0.548178341,0.0,288.0
0.6833074024257468,0.210771992,0.422354077,0.573905501,0.0,288.0
0.6829931197154079,0.214497343,0.50171875,0.611757723,0.0,288.0
0.6746466286696482,0.194537792,0.5900274105000001,0.684660982,0.0,288.0
0.6702483253650602,0.14362834149999998,0.630910619,0.7411608275,0.0,288.0
0.67349380412517,0.110941628,0.622741919,0.762888803,0.0,288.0
0.676309245943597,0.079118713,0.585461967,0.754178374,0.0,288.0
0.676727812481391,0.026631800000000004,0.549736503,0.741932394,0.0,288.0
0.6692698811483393,0.00219073,0.5404018515,0.7574774230000001,0.0,288.0
0.6450266683978837,0.0,0.562821545,0.7705875005,0.0,288.0
0.5825344941923224,0.0,0.5907009944999999,0.7685668640000001,0.0,288.0
0.5798562491816315,0.0,0.5617144464999999,0.7345280645000001,0.0,288.0
0.6009344320705912,0.034382732,0.527965524,0.692492838,0.0,288.0
0.658510773945793,0.088735393,0.530179252,0.663782515,0.0,288.0
0.7256231455025138,0.144175471,0.600555629,0.656589738,0.0,288.0
0.7833771099148985,0.2476732215,0.596240184,0.633300222,0.0,288.0
0.7986015759930494,0.381606561,0.6192219505000001,0.6216199825,0.0,288.0
0.7981462506950328,0.4498743195,0.693771554,0.7086792985,0.0,288.0
0.7906558759453918,0.391075539,0.742807037,0.762555373,0.0,288.0
0.7834835850170903,0.27277195099999996,0.747896696,0.7754573355,0.0,288.0
0.7782773049727087,0.1365743095,0.7159666035,0.8021510985,0.0,288.0
0.7755234407071463,0.068586597,0.660431322,0.820582133,0.0,288.0
0.7666400798611255,0.030588840000000003,0.639407519,0.806920223,0.0,288.0
0.702897415506879,0.0,0.566941805,0.7476846095,0.0,288.0
0.6049100099025226,0.0,0.5226455795,0.7105690165,0.0,288.0
0.5770996124052868,0.0,0.4319329765,0.620681308,0.0,288.0
0.5823244506404971,0.0,0.367010956,0.521745355,0.0,288.0
0.6008948112592761,0.041371328,0.326414033,0.441475826,0.0,288.0
0.6584464238146707,0.080657908,0.317803734,0.373627999,0.0,288.0
0.7253616307121032,0.12139709,0.314469355,0.330633773,0.0,288.0
0.7714497501092625,0.167632532,0.311134105,0.299316723,0.0,288.0
0.7942850630723113,0.220756144,0.317772141,0.287899442,0.0,288.0
0.7985907094295799,0.25821773449999996,0.36908502,0.303704991,0.0,288.0
0.797742530642426,0.25445185049999997,0.4380293625,0.359620372,0.0,288.0
0.7890978333193484,0.2492952315,0.4538738705,0.43375908100000005,0.0,288.0
0.7827737657796665,0.1970136255,0.4498356705,0.513574582,0.0,288.0
0.7780729853881168,0.09110713349999999,0.43935766600000004,0.604999462,0.0,288.0
0.7674302585243289,0.020973965,0.478139317,0.623233514,0.0,288.0
0.703140372038985,0.0,0.5320538005,0.6235967490000001,0.0,288.0
0.605142949390757,0.0,0.5469155215,0.6412184679999999,0.0,288.0
0.577037408745008,0.0,0.5618666059999999,0.679301598,0.0,288.0
0.5822563888037332,0.0,0.558114855,0.715542009,0.0,288.0
0.6008071180299995,0.016204131,0.551692534,0.72811205,0.0,288.0
0.6582901768504676,0.037428875,0.543066279,0.727568534,0.0,288.0
0.7254242816690789,0.088486453,0.55454264,0.723039254,0.0,288.0
0.7714114709856107,0.146974628,0.55588106,0.7121272,0.0,288.0
0.7942335472322601,0.213100785,0.554314637,0.696631604,0.0,288.0
0.7985907094295799,0.3167398315,0.5051674580000001,0.6329193445,0.0,288.0
0.7974848618343844,0.421363668,0.48033481050000004,0.623424974,0.0,288.0
0.7875747158677018,0.4008855645,0.474280158,0.587079484,0.0,288.0
0.78069685257514,0.336371939,0.464884188,0.547290261,0.0,288.0
0.7786613488289098,0.278626967,0.48315929,0.536349565,0.0,288.0
0.7761632305826316,0.1504139495,0.48996576700000005,0.5195998804999999,0.0,288.0
0.7685845811652414,0.039680186,0.4831437985,0.5176743385,0.0,288.0
0.702012097936121,0.0,0.5298671605,0.595425475,0.0,288.0
0.6057540521567606,0.0,0.5941138225,0.7365569075,0.0,288.0
0.578877693225081,0.0,0.5969062755,0.826109344,0.0,288.0
0.583214262433082,0.00100118,0.568989598,0.823304552,0.0,288.0
0.6004903758288479,0.072220826,0.551116703,0.79669072,0.0,288.0
0.6597820358270388,0.172185578,0.526446583,0.785645573,0.0,288.0
0.7255983713788134,0.286198799,0.609756192,0.784665929,0.0,288.0
0.777577636853457,0.41625242,0.645569279,0.759326295,0.0,288.0
0.8006648053194312,0.509595228,0.621454045,0.739203372,0.0,288.0
0.8005593140810403,0.585451866,0.5435214465,0.6459451844999999,0.0,288.0
0.7969908995213778,0.613353099,0.5431610099999999,0.6212072829999999,0.0,288.0
0.7866023533746006,0.5814841065,0.5242160805,0.574111063,0.0,288.0
0.780403677086753,0.511283837,0.49033004,0.530172045,0.0,288.0
0.7786374690287,0.434472694,0.468080974,0.511164461,0.0,288.0
0.77656395444237,0.348089889,0.438079055,0.498006391,0.0,288.0
0.7768658947598003,0.196797087,0.406166579,0.497965197,0.0,288.0
0.7695944178638624,0.08288467899999999,0.41027904699999995,0.505071313,0.0,288.0
0.7003198992966757,0.0,0.386494346,0.46978178849999996,0.0,288.0
0.6061869511495358,0.0,0.37013560700000003,0.509417946,0.0,288.0
0.5804999518404708,0.0,0.3375635165,0.52647714,0.0,288.0
0.5849763563601655,0.0,0.289612645,0.49650147,0.0,288.0
0.6017083777570511,0.069067244,0.257361228,0.472336874,0.0,288.0
0.6597882070234931,0.170803039,0.224177513,0.433033545,0.0,288.0
0.7255448878111606,0.283239425,0.209180869,0.402734562,0.0,288.0
0.774142260436571,0.419144556,0.186355289,0.35834195,0.0,288.0
0.7972994581970078,0.532270209,0.1649209,0.32714978,0.0,288.0
0.798911565829177,0.668871391,0.14646440500000002,0.2479036445,0.0,288.0
0.7970216659633393,0.7667755345,0.161679718,0.2566820655,0.0,288.0
0.7875192647073985,0.7375399975,0.178645051,0.2764308525,0.0,288.0
0.7802186312732386,0.553216039,0.17763986650000002,0.28432240649999996,0.0,288.0
0.7762978784267203,0.29225272999999996,0.164084182,0.2606830065,0.0,288.0
0.7674179161988959,0.089711178,0.18333474,0.2266364555,0.0,288.0
0.7337402074180653,0.0,0.158887312,0.170325007,0.0,288.0
0.6301501804590621,0.0,0.1604980525,0.1591637055,0.0,288.0
0.557532271645953,0.0,0.15423171400000002,0.14868829849999998,0.0,288.0
0.5464860706786396,0.0,0.1558020565,0.152314179,0.0,288.0
0.5458863487762147,0.050759587,0.162379839,0.156912973,0.0,288.0
0.5431693327437092,0.136528228,0.148466626,0.149601838,0.0,288.0
0.5705205144265694,0.22606029,0.154948532,0.153407805,0.0,288.0
0.6427362459524475,0.4258712605,0.14668111150000002,0.1474619575,0.0,288.0
0.6800616329801384,0.609389731,0.117104358,0.114694499,0.0,288.0
0.6814828366223082,0.6956893015,0.127961514,0.123713596,0.0,288.0
0.6761140266099639,0.685282221,0.14550124749999999,0.14377406999999998,0.0,288.0
0.6714886866625682,0.5300290365,0.1492980345,0.143784978,0.0,288.0
0.6727542470460028,0.386247943,0.13076179,0.126430757,0.0,288.0
0.6723813828407164,0.231017788,0.110929257,0.11902718200000001,0.0,288.0
0.6717070255472206,0.0660519045,0.1028940995,0.11266462499999999,0.0,288.0
0.6598145686489865,0.0,0.081309512,0.07952699,0.0,288.0
0.5852964747775673,0.0,0.0743937065,0.072087771,0.0,288.0
0.5466626199466629,0.0,0.07171642,0.0747370725,0.0,288.0
0.5459355840036462,0.026816911,0.071904862,0.0825850325,0.0,288.0
0.5430836069721314,0.154237045,0.06161555,0.076188328,0.0,288.0
0.5699305412169884,0.267751582,0.05274358,0.066617421,0.0,288.0
0.6166603284744974,0.431455759,0.048337374,0.058030683,0.0,288.0
0.667286362805852,0.601739563,0.046916111,0.052608332,0.0,288.0
0.6814542166511902,0.794562852,0.0456819455,0.0375213015,0.0,288.0
0.6816989394958068,0.9168171215,0.052232932999999995,0.0408360245,0.0,288.0
0.6753516182633295,0.8625156085,0.056577942,0.058120429,0.0,288.0
0.6743357222430351,0.6510001355,0.054190722,0.074238287,0.0,288.0
0.6748117075337826,0.427062363,0.05176022,0.08144398,0.0,288.0
0.6738164045028068,0.224238616,0.057585732,0.079534199,0.0,288.0
0.6669693522536724,0.0174520155,0.0695726595,0.0824298435,0.0,288.0
0.645306160008126,0.0,0.0671277565,0.0796128525,0.0,288.0
0.5834032434993727,0.0,0.0688041985,0.0753799585,0.0,288.0
0.5805747214407933,0.000508072,0.072361692,0.0719571725,0.0,288.0
0.6010278492671012,0.084609881,0.07101408,0.069394721,0.0,288.0
0.6584054614506439,0.184331174,0.059738327,0.060842152,0.0,288.0
0.7253744203342329,0.321274181,0.039561024,0.049522163,0.0,288.0
0.7882514432466514,0.559283011,0.0358571175,0.042715998,0.0,288.0
0.8076245932725703,0.795492192,0.0270600045,0.0372262775,0.0,288.0
0.8102416630882492,0.8836065580000001,0.026890866,0.047079290499999996,0.0,288.0
0.7995120925822581,0.7879036065,0.028689409,0.0658087655,0.0,288.0
0.7905957740195393,0.5565791154999999,0.034256729,0.092777463,0.0,288.0
0.7849025525806305,0.343920566,0.040917045,0.103334502,0.0,288.0
0.7810025492671532,0.189966888,0.050616593,0.104774508,0.0,288.0
0.7694929512161308,0.061305286,0.0637820905,0.1008197625,0.0,288.0
0.7025873811367613,0.0,0.053160245,0.0798750375,0.0,288.0
0.6046791722161906,0.0,0.0483222285,0.07148926750000001,0.0,288.0
0.5778644802427343,0.0,0.047589708999999994,0.06939565349999999,0.0,288.0
0.5827236093329133,0.0,0.046941261,0.07923006,0.0,288.0
0.6011986746353667,0.060140538,0.048118017,0.09485408,0.0,288.0
0.6584054614506439,0.142846465,0.043224217,0.10008438,0.0,288.0
0.7253744203342329,0.267566473,0.033698763,0.096672329,0.0,288.0
0.7769287691964349,0.41649199,0.026635497,0.087419655,0.0,288.0
0.801125496963246,0.631881465,0.030078742,0.0850991415,0.0,288.0
0.8066270542304408,0.792948685,0.039320136,0.09312022,0.0,288.0
0.809163943566009,0.869807711,0.0495115395,0.122415283,0.0,288.0
0.8019460842445487,0.844915067,0.06364149,0.153435975,0.0,288.0
0.7929951535274022,0.7047375325,0.077046061,0.1890359245,0.0,288.0
0.787313245881184,0.526172584,0.082500852,0.215110508,0.0,288.0
0.7826446182882005,0.381976615,0.081958245,0.22405406,0.0,288.0
0.7810746357620523,0.238520838,0.089561194,0.235622374,0.0,288.0
0.7679483688536215,0.089813772,0.12008152450000001,0.252658712,0.0,288.0
0.7025603039310191,0.0,0.1165100205,0.2523566105,0.0,288.0
0.604495535026276,0.0,0.091972418,0.255031294,0.0,288.0
0.5778166759733732,0.0,0.0740536175,0.248151102,0.0,288.0
0.5827236093329133,0.0,0.080844735,0.251660377,0.0,288.0
0.6010719419657722,0.075815729,0.090549909,0.269111635,0.0,288.0
0.6584562171089805,0.182712269,0.089959028,0.28041482,0.0,288.0
0.725338466559618,0.28938714,0.076222851,0.279211641,0.0,288.0
0.771601793604613,0.451390384,0.064529449,0.277623525,0.0,288.0
0.7983097421248497,0.6870258095,0.06707711799999999,0.259667872,0.0,288.0
0.8048133550579475,0.89846825,0.080436362,0.23971577700000002,0.0,288.0
0.8021655187328315,0.932061512,0.1017493025,0.23692409450000002,0.0,288.0
0.7929646107000513,0.849576504,0.110953926,0.244967593,0.0,288.0
0.7882233599101133,0.738116054,0.11218123,0.264906769,0.0,288.0
0.7857985355696698,0.598343414,0.111806378,0.284758078,0.0,288.0
0.7824433843018358,0.440139337,0.111708501,0.303998801,0.0,288.0
0.780241616682482,0.278294927,0.125912518,0.324458853,0.0,288.0
0.7755699480927372,0.175765551,0.155308157,0.349350094,0.0,288.0
0.7478425931941801,0.0172073785,0.17466143150000002,0.369866444,0.0,288.0
0.6452937282098586,0.0,0.13999940249999998,0.35196524650000005,0.0,288.0
0.5834412543394725,0.0,0.105316005,0.311822501,0.0,288.0
0.5800934368751355,0.0,0.0949086915,0.282857979,0.0,288.0
0.6010278492671012,0.064316587,0.099026309,0.27890058,0.0,288.0
0.6585503946221566,0.177429933,0.096412654,0.2767579,0.0,288.0
0.7252967886828182,0.291233602,0.086601216,0.269811534,0.0,288.0
0.771601793604613,0.453653303,0.070781985,0.265390127,0.0,288.0
0.7982002708297896,0.690417867,0.063663321,0.2417055785,0.0,288.0
0.8045390508478343,0.868310888,0.071263645,0.242866904,0.0,288.0
0.8069043098970051,0.9369308704999999,0.0987757135,0.290141597,0.0,288.0
0.80067911530499,0.899732634,0.122572629,0.330250116,0.0,288.0
0.7922089101169751,0.7666180125,0.144907672,0.35637790599999997,0.0,288.0
0.7866732325260396,0.571599966,0.161989684,0.38344259,0.0,288.0
0.7829125724236662,0.420313021,0.162489101,0.405846659,0.0,288.0
0.7809964675435335,0.272132318,0.163239017,0.42429741,0.0,288.0
0.76962782267483,0.101810653,0.197896711,0.454216913,0.0,288.0
0.7357271915171127,0.0,0.210979051,0.455093117,0.0,288.0
0.6456221866965047,0.0,0.203789905,0.443165393,0.0,288.0
0.5828358531387555,0.0,0.180208329,0.4041405485,0.0,288.0
0.5800797082605735,0.0,0.1637709765,0.3709224955,0.0,288.0
0.6009750813471728,0.070932401,0.151217759,0.363614866,0.0,288.0
0.6584562171089805,0.185541163,0.129060517,0.354364982,0.0,288.0
0.7252388333627607,0.286874574,0.098791957,0.332774886,0.0,288.0
0.7721563049377416,0.454444214,0.090993293,0.315609043,0.0,288.0
0.7962192344475374,0.61138394,0.0949274,0.302342072,0.0,288.0
0.802955429045007,0.7951431554999999,0.08089513200000001,0.2467889545,0.0,288.0
0.8064229583279352,0.9119532315,0.1085250895,0.2630415465,0.0,288.0
0.7971488905310964,0.8586086325,0.1392120135,0.3050536995,0.0,288.0
0.7892985753400749,0.714814934,0.164337362,0.330341436,0.0,288.0
0.7859332282176514,0.573735837,0.17602692,0.335009555,0.0,288.0
0.782286064068473,0.4216815,0.177089784,0.332965558,0.0,288.0
0.7808784102301476,0.266504573,0.18332446,0.341982817,0.0,288.0
0.7678321450585857,0.09869815900000001,0.21198852299999998,0.39213253,0.0,288.0
0.7364281563851832,0.0,0.217630385,0.451906813,0.0,288.0
0.6290032140235933,0.0,0.207380522,0.479280979,0.0,288.0
0.5556237912548159,0.0,0.18948329600000002,0.469440507,0.0,288.0
0.5440091713941431,0.0,0.18176698800000002,0.4608533685,0.0,288.0
0.545375706392195,0.059531855,0.174721761,0.45415526,0.0,288.0
0.5427459364946967,0.1667425,0.155860303,0.44000297,0.0,288.0
0.5702687483964787,0.275831722,0.138257851,0.422085793,0.0,288.0
0.6166770532819276,0.444003888,0.130151046,0.40284345,0.0,288.0
0.6678315279389403,0.622967241,0.135508215,0.394469296,0.0,288.0
0.6820268836823439,0.769086428,0.113508491,0.332943973,0.0,288.0
0.685498035198079,0.9019998815,0.148009891,0.3702696015,0.0,288.0
0.6819847140423331,0.8999484185,0.175097762,0.3951373545,0.0,288.0
0.6768036554183487,0.782034524,0.191239483,0.409786844,0.0,288.0
0.6747318848100585,0.670819817,0.19582507,0.415432067,0.0,288.0
0.6754072258998793,0.548154183,0.195107401,0.426722009,0.0,288.0
0.6751165547061982,0.406820069,0.18894944,0.442582452,0.0,288.0
0.6745969685474664,0.250249287,0.192178452,0.467302825,0.0,288.0
0.6714801006442426,0.09062477399999999,0.224831028,0.5185098125000001,0.0,288.0
0.6567195681494291,0.0,0.22044029799999998,0.5401048125,0.0,288.0
0.5800395509496302,0.0,0.2314759465,0.554606409,0.0,229.0
0.54024502333569,0.0,0.2434812295,0.521228158,0.0,229.0
0.5401194086041966,0.035464245,0.26582407799999996,0.4876529395,0.0,229.0
0.5381446550907526,0.16401258,0.250430184,0.444207763,0.0,229.0
0.5670499442818314,0.243449421,0.230586217,0.402739265,0.0,229.0
0.6185702622931272,0.385453142,0.238443277,0.369539972,0.0,229.0
0.6664596490645122,0.523133391,0.232332052,0.343594013,0.0,229.0
0.6847083485005138,0.609439,0.239709661,0.32115045,0.0,229.0
0.6910036395253554,0.7259745664999999,0.247982091,0.3610979405,0.0,229.0
0.6888436837896259,0.70743937,0.2496301415,0.43482680900000004,0.0,229.0
0.6822045062870025,0.588478566,0.267909189,0.515615475,0.0,229.0
0.6778158621349482,0.499365759,0.28729223,0.563131666,0.0,229.0
0.6779881183938083,0.373607046,0.301753428,0.604290493,0.0,229.0
0.6767159620541207,0.274971945,0.319828238,0.631440305,0.0,229.0
0.676784247505495,0.145196642,0.343257193,0.653111507,0.0,229.0
0.6716120207139663,0.0483884575,0.369709169,0.650984448,0.0,229.0
0.6646603492829366,0.0,0.339911807,0.608966883,0.0,229.0
0.6001160135271272,0.0,0.3254423835,0.5888524465,0.0,229.0
0.5714395498282643,0.0,0.327312033,0.5490711779999999,0.0,229.0
0.5752665947252985,0.0,0.348555435,0.52201669,0.0,229.0
0.5939422678392267,0.056326824,0.345912394,0.511716677,0.0,229.0
0.6514738911107704,0.152054879,0.31448805,0.492825693,0.0,229.0
0.7198319007704873,0.259002677,0.277721222,0.477781995,0.0,229.0
0.7698154621209332,0.414149639,0.25839002,0.485382216,0.0,229.0
0.7936942402081811,0.560951014,0.254169374,0.495397833,0.0,229.0
0.8045596213677307,0.683156833,0.217109682,0.426776026,0.0,229.0
0.8079333755628109,0.8212372755,0.24210552400000002,0.46697184,0.0,229.0
0.8046669013880543,0.881325431,0.2502969165,0.5031428855,0.0,229.0
0.7937457561831838,0.81414902,0.25232085,0.521186225,0.0,229.0
0.7874196763144342,0.709346972,0.261451131,0.544927537,0.0,229.0
0.7837756424999003,0.564968634,0.27120282,0.569427841,0.0,229.0
0.7793853438426408,0.413213274,0.276446406,0.5953181,0.0,229.0
0.7760060444910449,0.261906073,0.277973117,0.616014291,0.0,229.0
0.7615476535938015,0.096466725,0.322129011,0.6579210959999999,0.0,229.0
0.696547679520006,0.0,0.32897414950000003,0.647208776,0.0,229.0
0.5989148928151251,0.0,0.30795484100000003,0.5845159885,0.0,229.0
0.5716907568893046,0.0,0.283713924,0.524064623,0.0,229.0
0.575645361708536,0.0,0.265645863,0.486451091,0.0,229.0
0.5936172525722427,0.057724201,0.254017545,0.476719032,0.0,229.0
0.6516200316932186,0.17360504,0.234759982,0.464743523,0.0,229.0
0.719609112467901,0.296242524,0.203399292,0.45115521,0.0,229.0
0.7693533395190478,0.459416641,0.205705444,0.438333138,0.0,229.0
0.7910970701360428,0.612409156,0.211429054,0.425245069,0.0,229.0
0.7986024257150742,0.7964455135,0.1705135155,0.37226169200000003,0.0,229.0
0.8020860536980182,0.8964532635,0.1760474665,0.3593690265,0.0,229.0
0.7915908983072732,0.8239116609999999,0.166678721,0.35595764900000004,0.0,229.0
0.7840070168208123,0.674214507,0.158654107,0.352225076,0.0,229.0
0.7809912801434041,0.550552042,0.152078855,0.342773959,0.0,229.0
0.7738641103115645,0.406172887,0.146978058,0.334815261,0.0,229.0
0.7711248244500646,0.257987655,0.142935329,0.323378342,0.0,229.0
0.767707871879804,0.162888409,0.161737819,0.318781141,0.0,229.0
0.7407893879770551,0.014374327,0.16706800700000002,0.3145675575,0.0,229.0
0.6398789474465033,0.0,0.128447029,0.312074774,0.0,229.0
0.5776154421219599,0.0,0.0996162755,0.29296601450000004,0.0,229.0
0.5740358702458535,0.0,0.08593750650000001,0.2807034215,0.0,229.0
0.5939795631665533,0.053284631,0.080483168,0.269938926,0.0,229.0
0.6513724244630389,0.160233156,0.066978361,0.24958918,0.0,229.0
0.718596055961801,0.236604596,0.052436765,0.222270509,0.0,229.0
0.7650297611458405,0.384757991,0.045089196,0.189332838,0.0,229.0
0.7930278876294898,0.580596113,0.0441613555,0.1460671865,0.0,229.0
0.8023498042971554,0.736493848,0.0524855345,0.122906182,0.0,229.0
0.7988604970833953,0.6971828975000001,0.06840278150000001,0.1155651335,0.0,229.0
0.7895845958356823,0.560886683,0.083439391,0.113331229,0.0,229.0
0.7842810528148492,0.456325852,0.095591299,0.105569269,0.0,229.0
0.7825807600552408,0.375176885,0.097109752,0.091432492,0.0,229.0
0.779817683731414,0.274930453,0.094394803,0.090205419,0.0,229.0
0.7775638635699537,0.192753689,0.088719903,0.099083797,0.0,229.0
0.7639295927814611,0.072080706,0.114187186,0.1104221135,0.0,229.0
0.6997737951036794,0.0,0.14525415,0.11330251250000001,0.0,229.0
0.600589494725596,0.0,0.152790025,0.1318501125,0.0,229.0
0.5714925190958082,0.0,0.1689106595,0.173241581,0.0,229.0
0.584628422822302,0.024300448,0.184231402,0.19581051649999998,0.0,229.0
0.6516654210057569,0.124349945,0.16681194,0.194783731,0.0,229.0
0.720893879349098,0.200591592,0.149705933,0.176777913,0.0,229.0
0.7701571127225129,0.331564666,0.127591288,0.156363577,0.0,229.0
0.7936942402081811,0.45737382,0.095103005,0.138766749,0.0,229.0
0.8036349737386319,0.621452019,0.076628089,0.1478600525,0.0,229.0
0.8059736252132281,0.7047174190000001,0.0647632775,0.188219678,0.0,229.0
0.7995981760427467,0.667747345,0.078205445,0.245602707,0.0,229.0
0.7905223460394044,0.5458883415,0.098355413,0.2834763385,0.0,229.0
0.784193672538066,0.404770721,0.117998441,0.284974247,0.0,229.0
0.7803628936683954,0.297464139,0.122416655,0.26421287,0.0,229.0
0.777667521424946,0.176345914,0.130134599,0.244601413,0.0,229.0
0.7633666743082,0.061141962,0.13002534999999998,0.1965868305,0.0,229.0
0.7287941453478,0.0,0.08602033,0.1220046,0.0,229.0
0.6408578164904988,0.0,0.07122156,0.0891658325,0.0,229.0
0.577185941747381,0.0,0.059042989000000004,0.07223679350000001,0.0,229.0
0.5732272451316508,0.0,0.056765106499999995,0.069670673,0.0,229.0
0.5937308379982724,0.038312657,0.053870427,0.060152299,0.0,229.0
0.6513772093028886,0.119072702,0.042441064,0.050136252,0.0,229.0
0.7196003475039063,0.186088571,0.04093621,0.045625375,0.0,229.0
0.7800029531595389,0.362907786,0.0403053085,0.0431010765,0.0,229.0
0.7967957473261087,0.535619154,0.046389821,0.046030853,0.0,229.0
0.8043860235561587,0.6323765615,0.0592373455,0.060684511,0.0,229.0
0.8015856071685881,0.6100572820000001,0.0752453425,0.0883300725,0.0,229.0
0.7902411551875396,0.45098425799999997,0.08264490599999999,0.1230885155,0.0,229.0
0.7840976169050743,0.307683204,0.086196126,0.141589918,0.0,229.0
0.7816535634624946,0.220845562,0.088367632,0.147764585,0.0,229.0
0.7776552685048718,0.143554477,0.091633211,0.156314372,0.0,229.0
0.7674470727371181,0.050593157,0.09919360599999999,0.147725063,0.0,229.0
0.7354377275994158,0.0,0.0966125,0.127109467,0.0,229.0
0.627328299093153,0.0,0.0798231885,0.10652362200000001,0.0,229.0
0.5510771784275137,0.0,0.0653709675,0.092936615,0.0,229.0
0.5388337920009748,0.0,0.054204791,0.075433804,0.0,229.0
0.5409480676037158,0.049511322,0.048045599,0.062512648,0.0,229.0
0.5384087635137521,0.131811761,0.03966462,0.060176983,0.0,229.0
0.5709948004756944,0.22380429,0.038112048,0.063896533,0.0,229.0
0.6186105984822636,0.363118184,0.042168034,0.065648906,0.0,229.0
0.6664596490645122,0.500398821,0.04807778,0.064923555,0.0,229.0
0.6882684006564612,0.6205522365,0.0630610965,0.071040569,0.0,229.0
0.6939385919497093,0.640390677,0.08330982549999999,0.090717487,0.0,229.0
0.6845867360926847,0.5548105729999999,0.095631443,0.114994984,0.0,229.0
0.681861648274487,0.44587334,0.104725309,0.139480014,0.0,229.0
0.6821298708284561,0.357217468,0.110566915,0.150888366,0.0,229.0
0.6814678111239761,0.22370918499999998,0.121121912,0.164549713,0.0,229.0
0.6758676044562493,0.062815293,0.126026755,0.1698976795,0.0,229.0
0.6585020091167498,0.0,0.115195411,0.154147874,0.0,229.0
0.6009048729720896,0.0,0.11566871,0.144810761,0.0,229.0
0.5509572206598414,0.0,0.122319486,0.14832975599999998,0.0,229.0
0.5388337920009748,0.0,0.12721775200000002,0.1475465145,0.0,229.0
0.5409464130985105,0.039789644,0.116486347,0.141157602,0.0,229.0
0.5390070096542137,0.134094267,0.104763924,0.137293131,0.0,229.0
0.5725793612709539,0.205924613,0.097059905,0.123968837,0.0,229.0
0.6212592843944532,0.332561489,0.107459234,0.113150953,0.0,229.0
0.6716053352848786,0.450127804,0.112864496,0.100709404,0.0,229.0
0.6890634088959315,0.549466253,0.116955011,0.096490844,0.0,229.0
0.6944965913063932,0.5559948395000001,0.11216285,0.09991396699999999,0.0,229.0
0.6907882073607368,0.500823073,0.11281404749999999,0.1233140945,0.0,229.0
0.6841540159781028,0.43134405249999996,0.115910065,0.156176329,0.0,229.0
0.6829646338860659,0.348611224,0.123846955,0.177553477,0.0,229.0
0.6820334574390778,0.275242385,0.124271482,0.18790924,0.0,229.0
0.6817329926811838,0.152711875,0.125505457,0.197631123,0.0,229.0
0.6766944524068407,0.096750266,0.133552611,0.208704006,0.0,229.0
0.6704885763223205,0.0051387815,0.13225957500000002,0.2069574015,0.0,229.0
0.6467832171684513,0.0,0.1072008435,0.172898546,0.0,229.0
0.5782295633478269,0.0,0.090653769,0.1531320345,0.0,229.0
0.5735946759877268,0.0,0.0903135495,0.1555730625,0.0,229.0
0.5941244516691244,0.031894511,0.093980878,0.171191894,0.0,229.0
0.6530196360803224,0.109455229,0.086762867,0.176632731,0.0,229.0
0.7253935599635347,0.165344608,0.085180955,0.182660605,0.0,229.0
0.7713429620545772,0.257974901,0.082272703,0.185322067,0.0,229.0
0.8004509607915571,0.378986303,0.0823865025,0.183430218,0.0,229.0
0.8063749751803808,0.456816802,0.092495996,0.2179923305,0.0,229.0
0.7989478773601784,0.47896321399999997,0.12097698600000001,0.30526105800000003,0.0,229.0
0.7864790641270956,0.44425674049999997,0.149988592,0.3800563245,0.0,229.0
0.7811875056753087,0.36456632,0.169716973,0.417128799,0.0,229.0
0.7736249549579346,0.2291333175,0.17845107799999999,0.44963703099999996,0.0,229.0
0.7602024717667826,0.065806266,0.1933482045,0.4642356995,0.0,229.0
0.7290615629161614,0.0,0.18764641,0.399836037,0.0,229.0
0.6401766618931344,0.0,0.174595806,0.372488039,0.0,229.0
0.5770209970250226,0.0,0.15527252149999998,0.368924389,0.0,229.0
0.5734872394236807,0.0,0.134848346,0.34382634,0.0,229.0
0.5939290311228274,0.018426461,0.119212611,0.324337898,0.0,229.0
0.6514756797577517,0.093854929,0.110942462,0.314989641,0.0,229.0
0.718685895729397,0.146776353,0.102512731,0.297155672,0.0,229.0
0.7638677021411515,0.22883077,0.090545894,0.269180894,0.0,229.0
0.7876260975659768,0.297866094,0.079935394,0.244357585,0.0,229.0
0.7924096074687601,0.4133567025,0.051401397,0.1639400925,0.0,229.0
0.7929330392724823,0.5190848674999999,0.059406758000000004,0.1893452895,0.0,229.0
0.7855820972742553,0.5013178325000001,0.0692142515,0.2243871825,0.0,229.0
0.7790139106629005,0.415599408,0.072943456,0.246793516,0.0,229.0
0.7758590095851061,0.327344908,0.082219094,0.270882793,0.0,229.0
0.7707390812847652,0.1901163795,0.1002966625,0.300048141,0.0,229.0
0.7598727163963663,0.0484675505,0.12568710700000002,0.298260242,0.0,229.0
0.6964338482123708,0.0,0.09481219499999999,0.230096105,0.0,229.0
0.5991841885707782,0.0,0.08410632500000001,0.2352486775,0.0,229.0
0.571830502660688,0.0,0.076441361,0.23058255449999998,0.0,229.0
0.5847871964156817,0.0080283145,0.071490623,0.2219490215,0.0,229.0
0.6514756797577517,0.079837378,0.068389419,0.212835569,0.0,229.0
0.7187395134388259,0.109475121,0.064561735,0.198964887,0.0,229.0
0.775689659978804,0.2180427795,0.06052845,0.176376433,0.0,229.0
0.792712486913574,0.332035999,0.064170559,0.151244983,0.0,229.0
0.7939462299203582,0.411311186,0.059429682,0.1420272735,0.0,229.0
0.79019218824366,0.33866455549999996,0.0635448095,0.16545984349999998,0.0,229.0
0.7799386477648337,0.246365058,0.084119119,0.209148388,0.0,229.0
0.7760845704659504,0.190507119,0.101398813,0.246497454,0.0,229.0
0.771214977170154,0.1163839405,0.11096060699999999,0.264878685,0.0,229.0
0.7677102867016754,0.05146072,0.121073102,0.264932324,0.0,229.0
0.7407332661078718,0.0026527595,0.1169801755,0.2279478485,0.0,229.0
0.6401766618931344,0.0,0.1015663205,0.18371146900000002,0.0,229.0
0.5768600992952702,0.0,0.082272236,0.158743541,0.0,229.0
0.5734618615945125,0.0,0.0759068115,0.14764992100000002,0.0,229.0
0.5936172525722427,0.015779189,0.071182044,0.145668411,0.0,229.0
0.6514474623469132,0.064796255,0.06695683,0.149245245,0.0,229.0
0.7187395134388259,0.096960076,0.069878179,0.150978275,0.0,229.0
0.763932365359719,0.16079433,0.060336005,0.141603815,0.0,229.0
0.7898273286857022,0.2855068945,0.051113940999999996,0.12781274,0.0,229.0
0.7931661576389097,0.4004812935,0.0488939545,0.1018329455,0.0,229.0
0.792426645228684,0.425931183,0.049405965,0.108420636,0.0,229.0
0.7848869905151943,0.40239055850000005,0.052746987,0.1367835985,0.0,229.0
0.7762553062264299,0.30453277700000003,0.06380585899999999,0.164812929,0.0,229.0
0.7706167310296924,0.163510333,0.067278952,0.16608924749999998,0.0,229.0
0.759937513689234,0.046742609,0.0781461725,0.15174031799999999,0.0,229.0
0.7289517338647148,0.0,0.058586533,0.104865899,0.0,229.0
0.6404710448599328,0.0,0.0425315255,0.09246321900000001,0.0,229.0
0.5772798956459465,0.0,0.032692647,0.07992119,0.0,229.0
0.5734706040216092,0.0,0.027596281,0.07508052300000001,0.0,229.0
0.5939422678392267,0.0234115,0.024034276,0.074382322,0.0,229.0
0.6516173484528437,0.098100166,0.019085179,0.073087779,0.0,229.0
0.7184993742888707,0.168594166,0.017336978,0.064736304,0.0,229.0
0.7645734519840229,0.253683363,0.017631771,0.053635678,0.0,229.0
0.7902569408001106,0.360411728,0.02477298,0.0469525165,0.0,229.0
0.7941664692592971,0.406545289,0.0324887655,0.054985723,0.0,229.0
0.790454507817251,0.446017314,0.047227660500000004,0.08444426,0.0,229.0
0.7802694764044098,0.39647506050000003,0.062994823,0.11297159300000001,0.0,229.0
0.7762122869318699,0.329623244,0.073794592,0.130345455,0.0,229.0
0.7708663505214639,0.192017852,0.08016295200000001,0.13880343550000002,0.0,229.0
0.7600564205896931,0.05542199,0.087899729,0.1247561465,0.0,229.0
0.7293465548115508,0.0,0.096804785,0.110656441,0.0,229.0
0.6252102670483533,0.0,0.1083886485,0.11871129050000001,0.0,229.0
0.5505932778947964,0.0,0.1269147805,0.16053228749999998,0.0,229.0
0.5388143617536503,0.0,0.150693639,0.18239529999999998,0.0,229.0
0.5407502770394406,0.025261172,0.169951574,0.19254226,0.0,229.0
0.5383772368226002,0.123213344,0.172946223,0.192857482,0.0,229.0
0.5662215312313934,0.209792742,0.178286925,0.19040468,0.0,229.0
0.6153946564187089,0.337858033,0.228289893,0.202625524,0.0,229.0
0.672576557437932,0.4940186835,0.291976917,0.2182875215,0.0,229.0
0.6861485127588406,0.5651336035000001,0.341573472,0.2583519445,0.0,229.0
0.6837180985929399,0.5293605975,0.377305457,0.311824398,0.0,229.0
0.681101051044256,0.41796847000000004,0.3877267115,0.3573409045,0.0,229.0
0.6814571680401657,0.307208953,0.370690578,0.3782977,0.0,229.0
0.6813601286108488,0.222491159,0.336803946,0.389175003,0.0,229.0
0.6780043064991832,0.131635796,0.311323715,0.386609043,0.0,229.0
0.6753780246927159,0.083591709,0.298474689,0.384374996,0.0,229.0
0.668230105327835,0.002067473,0.28256647999999995,0.3793666035,0.0,229.0
0.626954607635264,0.0,0.275824821,0.346325992,0.0,229.0
0.5509572206598414,0.0,0.2522824105,0.3339214305,0.0,229.0
0.5389155823848248,0.0,0.23288382149999998,0.30768539100000003,0.0,229.0
0.5411259584919264,0.022385566,0.229454327,0.283673249,0.0,229.0
0.5384671660630306,0.091092775,0.220494962,0.275797047,0.0,229.0
0.5682044457334614,0.156384036,0.237979676,0.286131589,0.0,229.0
0.6181548260225017,0.239998871,0.26078189,0.288705667,0.0,229.0
0.6657818036799856,0.32055,0.289611291,0.294829804,0.0,229.0
0.6798558377685345,0.390914964,0.244166309,0.25656698,0.0,229.0
0.6860616467146908,0.44723358700000004,0.278639595,0.27946257350000003,0.0,229.0
0.6840360482050273,0.43998321,0.2846459195,0.3109765485,0.0,229.0
0.6797976140299734,0.36680507,0.278495961,0.328380044,0.0,229.0
0.6777187779017382,0.2767722435,0.27189932650000004,0.3474111625,0.0,229.0
0.6766847484504138,0.143398533,0.2386793575,0.3495311175,0.0,229.0
0.6733407321645528,0.060925711,0.208079562,0.338121354,0.0,229.0
0.665093337613595,0.001546019,0.188287664,0.336994057,0.0,229.0
0.6417994348086333,0.0,0.1623633045,0.31592320399999996,0.0,229.0
0.5772847923605771,0.0,0.153189693,0.260920704,0.0,229.0
0.5734706040216092,0.0,0.134756757,0.196643825,0.0,229.0
0.5939833195411364,0.016572269,0.119465132,0.159936725,0.0,229.0
0.6516654210057569,0.100118404,0.107853049,0.138370421,0.0,229.0
0.7213882888238498,0.184711241,0.095009444,0.119811683,0.0,229.0
0.769950870281688,0.291388142,0.098480703,0.107582809,0.0,229.0
0.7947390022161505,0.41641920649999997,0.1187097305,0.10457468,0.0,229.0
0.803369300215786,0.4973179405,0.14840217049999999,0.11925268050000001,0.0,229.0
0.7979294546432317,0.488245822,0.1845200615,0.1921306715,0.0,229.0
0.7883982994093485,0.414985856,0.214403725,0.238329248,0.0,229.0
0.7836398767177106,0.328595556,0.227111199,0.254602329,0.0,229.0
0.7812436722134336,0.284890411,0.225335793,0.265599818,0.0,229.0
0.774834594617374,0.210680992,0.220545558,0.270499322,0.0,229.0
0.7715867681062809,0.130186981,0.203757247,0.272766628,0.0,229.0
0.7682688226929391,0.076308511,0.188223214,0.277089774,0.0,229.0
0.7408924421265797,0.0030032995,0.1647247445,0.293772431,0.0,229.0
0.6404667965197115,0.0,0.1476301995,0.284272088,0.0,229.0
0.5770209970250226,0.0,0.14156189800000002,0.2514977735,0.0,229.0
0.5734530743635229,0.0,0.1286137005,0.2576238245,0.0,229.0
0.5939290311228274,0.01725757,0.115489072,0.265838498,0.0,229.0
0.6514756797577517,0.108931454,0.096984939,0.256744289,0.0,229.0
0.7179838129232254,0.18261507,0.093907569,0.240645273,0.0,229.0
0.764504406350934,0.307351151,0.106412441,0.22666759,0.0,229.0
0.7905794965088058,0.42393964100000003,0.11042882300000001,0.2118624215,0.0,229.0
0.7935460426277239,0.4148629285,0.121092596,0.18556874,0.0,229.0
0.7879673904111699,0.4218164645,0.13866120050000003,0.20196118149999998,0.0,229.0
0.7786186872232607,0.366131703,0.153234525,0.2375076795,0.0,229.0
0.7746346127108865,0.276006772,0.143310273,0.234886959,0.0,229.0
0.7720305560644722,0.202313881,0.119802347,0.214635201,0.0,229.0
0.7695218394033251,0.116086674,0.097269545,0.19294216,0.0,229.0
0.7597700423376992,0.036783996,0.07700247199999999,0.16804827449999998,0.0,229.0
0.7291432638946527,0.0,0.074448872,0.165055754,0.0,229.0
0.6402569765824968,0.0,0.0684677345,0.1409464095,0.0,229.0
0.5769689892193333,0.0,0.0656251205,0.12510826249999998,0.0,229.0
0.5730703721275091,0.0,0.061005498000000005,0.1114305995,0.0,229.0
0.5936758340671904,0.017306054,0.051896182,0.099771859,0.0,229.0
0.6508616479372432,0.088372674,0.039016629,0.083010321,0.0,229.0
0.718787585991739,0.167452901,0.029456277,0.068332071,0.0,229.0
0.7650297611458405,0.273364158,0.029597515,0.05328724,0.0,229.0
0.7892051133396719,0.361671016,0.032370556,0.04340018,0.0,229.0
0.7936797514119046,0.446206183,0.039114661,0.041218397,0.0,229.0
0.794813369323669,0.518008815,0.045371813,0.032816347999999995,0.0,229.0
0.7905173375849441,0.46131225750000004,0.0517223665,0.049106301000000005,0.0,229.0
0.7839782180389768,0.374269991,0.055119489,0.069454263,0.0,229.0
0.7795765607851337,0.344295685,0.0556603,0.083738716,0.0,229.0
0.7774581486494765,0.273263231,0.058191247,0.09541148,0.0,229.0
0.773816261373262,0.201517964,0.055695277,0.098998231,0.0,229.0
0.7723115681056195,0.117848903,0.060830003,0.102760201,0.0,229.0
0.760805100321766,0.03691582,0.070973095,0.099842922,0.0,229.0
0.6965845724220046,0.0,0.072168022,0.0795894125,0.0,229.0
0.5992703167002082,0.0,0.055311419,0.07211386550000001,0.0,229.0
0.5717964270733644,0.0,0.043766934,0.067355182,0.0,229.0
0.575645361708536,0.0,0.037680973,0.069800985,0.0,229.0
0.5939290311228274,0.019603318,0.037194931,0.076556367,0.0,229.0
0.6513744367246307,0.119645449,0.034130282,0.077114894,0.0,229.0
0.7186752974494796,0.195539162,0.027249295,0.074185966,0.0,229.0
0.7660048961497238,0.319929814,0.03652073,0.077512843,0.0,229.0
0.7902486679367056,0.470268802,0.046224239,0.085594099,0.0,229.0
0.7966835929256252,0.568084902,0.065080143,0.088433024,0.0,229.0
0.8007533036017911,0.5845828225,0.0922845545,0.112299961,0.0,229.0
0.7982400257154049,0.5402288955,0.125294985,0.157100042,0.0,229.0
0.7866671954713613,0.462022225,0.1383346185,0.211590442,0.0,229.0
0.7823414257559417,0.332832765,0.147604944,0.2438865,0.0,229.0
0.7801172988347589,0.254183731,0.154279978,0.268233545,0.0,229.0
0.7751184685746624,0.142615334,0.164685921,0.289545679,0.0,229.0
0.7618186039221353,0.0412338015,0.1897465715,0.313610091,0.0,229.0
0.6972286329047064,0.0,0.1890643905,0.2946439025,0.0,229.0
0.5997439543749239,0.0,0.196224143,0.273426115,0.0,229.0
0.5715496471632631,0.0,0.1947791775,0.241007897,0.0,229.0
0.5755331178352179,0.0,0.18226531,0.204472031,0.0,229.0
0.5938844018570522,0.006751566,0.172105188,0.183144985,0.0,229.0
0.6513772093028886,0.043767577,0.159355992,0.166265695,0.0,229.0
0.718787585991739,0.092889599,0.156156359,0.160087824,0.0,229.0
0.7652234823830393,0.151263414,0.157065474,0.16836662,0.0,229.0
0.7915970247673103,0.24657603299999997,0.163993194,0.1939479475,0.0,229.0
0.79623940247463,0.29861738400000004,0.18607904949999998,0.23478131000000002,0.0,229.0
0.7938840262600793,0.25522057600000003,0.173330345,0.2593291885,0.0,229.0
0.7794645853303193,0.171330704,0.1595032535,0.24764973550000002,0.0,229.0
0.7729301164824255,0.102730753,0.148939076,0.208179367,0.0,229.0
0.7693552625102323,0.061270864,0.1405303785,0.1934724255,0.0,229.0
0.7595503395658643,0.012053705,0.1284043245,0.1678116745,0.0,229.0
0.7295433617144524,0.0,0.107174063,0.174129911,0.0,229.0
0.6254713792784843,0.0,0.102547646,0.1368113945,0.0,229.0
0.551073914018569,0.0,0.09422702399999999,0.107787907,0.0,229.0
0.5389155823848248,0.0,0.0881282375,0.1079770325,0.0,229.0
0.5410297685822072,0.007624908,0.073403334,0.105091288,0.0,229.0
0.5383772368226002,0.057307003,0.05906379,0.09446123,0.0,229.0
0.5662903979188134,0.108209228,0.05517307,0.084784568,0.0,229.0
0.6118529835753971,0.184753534,0.052075022,0.077314366,0.0,229.0
0.670355448909137,0.2879693895,0.048126766,0.081089486,0.0,229.0
0.6806526347899375,0.3497051365,0.068772192,0.098827434,0.0,229.0
0.6765359247625423,0.387873099,0.096827803,0.1252622195,0.0,229.0
0.6740293100382487,0.3622249535,0.129084792,0.14712001000000002,0.0,229.0
0.6754009653655421,0.275157301,0.144721628,0.155875427,0.0,229.0
0.6731041033726237,0.147862725,0.16117004299999999,0.16954301100000002,0.0,229.0
0.6700071576148868,0.029381327500000002,0.183930865,0.1836768635,0.0,229.0
0.657108039156569,0.0,0.190490781,0.2117723745,0.0,229.0
0.5681215224993711,0.0,0.207233471,0.2284037276666667,0.0,229.0
0.5388907411902364,0.0,0.217696412,0.2371781215,0.0,229.0
0.5413038045762439,0.007662705,0.209206438,0.224342838,0.0,229.0
0.5384918955177895,0.04857543,0.186452101,0.207300869,0.0,229.0
0.568628289211695,0.094268468,0.184542962,0.189720127,0.0,229.0
0.6174852087649627,0.158611109,0.192499892,0.173886046,0.0,229.0
0.665198135808635,0.238425649,0.209067721,0.168527482,0.0,229.0
0.682154689621098,0.326540194,0.19378326,0.16193175650000002,0.0,229.0
0.686137981549811,0.3669145625,0.2276315535,0.1897865575,0.0,229.0
0.683028201501003,0.3211254955,0.222008792,0.2238239285,0.0,229.0
0.6818238163125805,0.2023866895,0.203751239,0.2495668675,0.0,229.0
0.6798469834666567,0.10171021599999999,0.1895275955,0.265490066,0.0,229.0
0.6766884153521624,0.049064245,0.180198331,0.280645677,0.0,229.0
0.6725964348470017,0.000832716,0.1700241315,0.2854579055,0.0,229.0
0.6553672313296308,0.0,0.168758509,0.2684228355,0.0,229.0
0.5838782449937951,0.0,0.163539541,0.2316188595,0.0,229.0
0.5777199495640255,0.0,0.1609699215,0.20483716149999998,0.0,229.0
0.5973442842490382,0.007319641,0.157785705,0.181509266,0.0,229.0
0.6576212751057017,0.068227007,0.171379442,0.178605379,0.0,229.0
0.7276108003104415,0.127552158,0.18926914,0.175368762,0.0,229.0
0.7729722414534949,0.214525569,0.208128095,0.182480029,0.0,229.0
0.7998707808762859,0.278165428,0.213823072,0.187857595,0.0,229.0
0.8071363102578557,0.371530955,0.200402,0.181304563,0.0,229.0
0.8128171893713315,0.402911811,0.2456287335,0.2223453895,0.0,229.0
0.8093252884575068,0.4060011875,0.2514845095,0.2969251715,0.0,229.0
0.7941439758156921,0.348001875,0.224259398,0.3710949095,0.0,229.0
0.7873098472629876,0.284223032,0.199399408,0.41187199,0.0,229.0
0.7845081340591226,0.211350608,0.187006615,0.425621171,0.0,229.0
0.7784183476278622,0.111570854,0.176400843,0.426526169,0.0,229.0
0.7688186386590525,0.0305613735,0.1673891085,0.3899614265,0.0,229.0
0.7358029001098673,0.0,0.140349024,0.344575049,0.0,229.0
0.6460816038584959,0.0,0.137704134,0.294672372,0.0,229.0
0.5784822685053013,0.0,0.115760269,0.23218011500000002,0.0,229.0
0.5735946759877268,0.0,0.0888357355,0.1652332385,0.0,229.0
0.5937622305476483,0.009417485,0.081483681,0.129305565,0.0,229.0
0.6522971615649721,0.085774846,0.06491468,0.115780753,0.0,229.0
0.7212618692417003,0.164123003,0.066832093,0.108121888,0.0,229.0
0.7698154621209332,0.273082667,0.086437018,0.104358893,0.0,229.0
0.7916965684913332,0.336870571,0.11099964,0.096098364,0.0,229.0
0.7993651024127366,0.4350810895,0.13930950549999999,0.102516042,0.0,229.0
0.8037277649626791,0.4683363445,0.17187904799999998,0.1372683145,0.0,229.0
0.7930422422165145,0.41575931349999995,0.19444947099999998,0.16745273849999998,0.0,229.0
0.7858967377409809,0.366927149,0.185145489,0.190902031,0.0,229.0
0.783657585321466,0.318473963,0.17137932,0.190550089,0.0,229.0
0.7799835005102679,0.258005053,0.162810078,0.188264836,0.0,229.0
0.7777965794435773,0.171932248,0.14448147,0.188698917,0.0,229.0
0.76285947534627,0.052276368000000004,0.140694874,0.19134787250000002,0.0,229.0
0.7296226030671794,0.0,0.14836991,0.198218644,0.0,229.0
0.6411746034280678,0.0,0.132422049,0.1905494805,0.0,229.0
0.5772632603113507,0.0,0.142906335,0.173136965,0.0,229.0
0.5734706040216092,0.0,0.158909784,0.182521821,0.0,229.0
0.5939422678392267,0.009369345,0.169578925,0.199020526,0.0,229.0
0.6514420961360665,0.122812861,0.167064359,0.189231095,0.0,229.0
0.7193750549066142,0.20308829,0.147656456,0.172486117,0.0,229.0
0.768908836183035,0.347799386,0.169783461,0.167814624,0.0,229.0
0.7910970701360428,0.499546156,0.210650954,0.168851194,0.0,229.0
0.7968138136862506,0.646080488,0.178890443,0.132364627,0.0,229.0
0.8044722411584233,0.696244741,0.2076602985,0.1456031325,0.0,229.0
0.8029067751210969,0.6357369185,0.22154974500000002,0.16639244749999998,0.0,229.0
0.7923999929851677,0.5386020825,0.2295628475,0.199000899,0.0,229.0
0.7873098472629876,0.430464955,0.220531109,0.235429951,0.0,229.0
0.7842939317748618,0.329399006,0.219374099,0.259027895,0.0,229.0
0.7785440965011315,0.210813368,0.228878078,0.281597479,0.0,229.0
0.7644010615833866,0.062712791,0.27119053000000004,0.30706369499999997,0.0,229.0
0.7292704884624097,0.0,0.288812395,0.277805013,0.0,229.0
0.6412393113155768,0.0,0.3106909285,0.26274122749999995,0.0,229.0
0.5772847923605771,0.0,0.3352019075,0.264672855,0.0,229.0
0.573477736679918,0.0,0.36609393700000004,0.284585883,0.0,229.0
0.5938054287878772,0.009927009,0.384046776,0.295958236,0.0,229.0
0.6522971615649721,0.133433759,0.37893351,0.300246576,0.0,229.0
0.724748448546144,0.237825659,0.354991983,0.302268576,0.0,229.0
0.7727396150527057,0.370467462,0.400310841,0.315946359,0.0,229.0
0.8014057040862614,0.490081424,0.434803504,0.329801812,0.0,229.0
0.8115715960047527,0.6095582205,0.4229572955,0.329458362,0.0,229.0
0.8196595461184993,0.662303366,0.45432540050000003,0.346103237,0.0,229.0
0.8072919311821202,0.566444948,0.4505642775,0.36113438649999996,0.0,229.0
0.7962541149529928,0.438734091,0.426653834,0.373509463,0.0,229.0
0.7911680833617821,0.351489152,0.402106797,0.384082138,0.0,229.0
0.7891780138669348,0.240548023,0.36082211,0.389865903,0.0,229.0
0.7829311754858637,0.15307427,0.334118094,0.398567436,0.0,229.0
0.7788718842114218,0.079067043,0.325401251,0.409634975,0.0,229.0
0.758123546165713,0.001031152,0.3130750735,0.4277910135,0.0,229.0
0.6578633148448949,0.0,0.30500376949999997,0.4361900755,0.0,229.0
0.5866033551464636,0.0,0.26409109249999996,0.389889054,0.0,229.0
0.5786146356692946,0.0,0.2455796085,0.402377284,0.0,229.0
0.5973833683582975,0.00657547,0.243942334,0.408430105,0.0,229.0
0.6577960356592678,0.090593982,0.236160279,0.393997606,0.0,229.0
0.7271298511666995,0.149579179,0.237111059,0.356242954,0.0,229.0
0.7726215577393198,0.249529682,0.268916644,0.3343333,0.0,229.0
0.7989358927236563,0.340181058,0.316196958,0.349160579,0.0,229.0
0.8072465864710476,0.4737555645,0.315039979,0.28314941849999997,0.0,229.0
0.8110008517623564,0.5399390645,0.34921526,0.361490996,0.0,229.0
0.7975615095545223,0.41431533249999997,0.3520657765,0.37677106650000003,0.0,229.0
0.7855940819107776,0.287127214,0.320577873,0.385368445,0.0,229.0
0.7818244781686433,0.198918951,0.280347896,0.376963173,0.0,229.0
0.7754107497395587,0.114747786,0.247683398,0.379514052,0.0,229.0
0.7713642480872467,0.080816871,0.226445338,0.394380128,0.0,229.0
0.7612355620907234,0.0117114175,0.256689594,0.3999074855,0.0,229.0
0.6910025885906664,0.0,0.3019545055,0.502408608,0.0,229.0
0.6023188769525384,0.0,0.357208077,0.576979975,0.0,229.0
0.5517122280646152,0.0,0.4205583945,0.624467899,0.0,229.0
0.5391738326313393,0.0,0.47630542649999996,0.6912284735,0.0,229.0
0.5411236331428897,0.00240262,0.492729386,0.728469786,0.0,229.0
0.5383772368226002,0.039573968,0.510340652,0.780961763,0.0,229.0
0.5661138933872075,0.092510479,0.528530022,0.816156765,0.0,229.0
0.6143434549307332,0.179303626,0.543336061,0.82388125,0.0,229.0
0.6665695674538419,0.275738326,0.579030414,0.8245978,0.0,229.0
0.6787479330403784,0.371507166,0.612230461,0.81761986,0.0,229.0
0.6776736568052762,0.50041242,0.7076984975,0.8351503075,0.0,229.0
0.6717772114528816,0.5315889025,0.7781392205,0.841655883,0.0,229.0
0.6684450678612861,0.506784037,0.800326721,0.854156993,0.0,229.0
0.6677357853933935,0.42992777,0.794616317,0.856824966,0.0,229.0
0.6698362653106847,0.339188511,0.777156517,0.859254582,0.0,229.0
0.670565716008097,0.262089815,0.750090457,0.858190194,0.0,229.0
0.6732175322549309,0.145811773,0.717340947,0.848453846,0.0,229.0
0.6725235881029126,0.039401069999999996,0.6587743749999999,0.8356051245,0.0,229.0
0.6559846618358114,0.0,0.6314055439999999,0.8102064984999999,0.0,229.0
0.6002998742641765,0.0,0.600705797,0.789604186,0.0,229.0
0.5505909078093423,0.0,0.580677809,0.7760877485,0.0,229.0
0.538867487497441,0.0,0.573011358,0.7822137364999999,0.0,229.0
0.5410297685822072,0.003079363,0.568655808,0.809387266,0.0,229.0
0.5384634096884476,0.041229436,0.574803998,0.823042748,0.0,229.0
0.5661315571870701,0.080391915,0.576905925,0.817240194,0.0,229.0
0.6126227705968974,0.12404617,0.586504838,0.802419477,0.0,229.0
0.6656378991086912,0.173040085,0.587441186,0.794578623,0.0,229.0
0.6793066927137283,0.22972159,0.570860893,0.7780760045,0.0,229.0
0.6759421952458541,0.27492874450000004,0.5544924225000001,0.7443749075,0.0,229.0
0.6690853272329875,0.3050574495,0.5258511005,0.7060898985,0.0,229.0
0.6684753871415022,0.271368563,0.485986071,0.671957544,0.0,229.0
0.6702608689706329,0.229425064,0.458035366,0.635264818,0.0,229.0
0.6701837292173807,0.179683933,0.427156433,0.591131123,0.0,229.0
0.6702383753920762,0.081435802,0.406865424,0.574518073,0.0,229.0
0.6685340133728671,0.0237699245,0.38581407,0.5720992730000001,0.0,229.0
0.6626549411348364,0.0,0.418200711,0.6233223194999999,0.0,229.0
0.5902825228828495,0.0,0.397079021,0.6548057483333333,0.0,229.0
0.5733887912358127,0.0,0.361200984,0.6199502859999999,0.0,229.0
0.5938602091043489,0.004028679,0.347831766,0.597188327,0.0,229.0
0.6515531324634973,0.069779777,0.360051437,0.581676847,0.0,229.0
0.7193353447574162,0.12414952,0.370723451,0.573027888,0.0,229.0
0.7650297611458405,0.205224822,0.400276257,0.591857881,0.0,229.0
0.789002180044209,0.311158986,0.407872033,0.602782953,0.0,229.0
0.7928740554196823,0.468545836,0.40188375,0.5254948315,0.0,229.0
0.7927344884590166,0.558942723,0.45481234000000004,0.516388465,0.0,229.0
0.7833423634837435,0.5298010959999999,0.45352660050000004,0.500919396,0.0,229.0
0.7763417921797223,0.450324939,0.41240787,0.493261882,0.0,229.0
0.7737962274204697,0.360571063,0.36340358,0.487985553,0.0,229.0
0.7705063654111416,0.249582397,0.298436116,0.49048909,0.0,229.0
0.7684997499195814,0.144104857,0.253388761,0.496387407,0.0,229.0
0.7599031697508828,0.038446885,0.23075851549999998,0.46839659,0.0,229.0
0.7293211099789703,0.0,0.218767528,0.405932537,0.0,229.0
0.6400119854543282,0.0,0.26403847950000003,0.439195014,0.0,229.0
0.5769689892193333,0.0,0.31399844499999996,0.4237332345,0.0,229.0
0.5730703721275091,0.0,0.34544740100000004,0.4402444855,0.0,229.0
0.593749262114801,0.003070047,0.391028613,0.472503471,0.0,229.0
0.65138396187034,0.065490132,0.419145955,0.52125898,0.0,229.0
0.7187820856391163,0.141985952,0.448507831,0.561847371,0.0,229.0
0.7637697682533925,0.251700018,0.502072802,0.593776923,0.0,229.0
0.787801394686647,0.347037907,0.554406397,0.607371914,0.0,229.0
0.792712486913574,0.430985358,0.577427723,0.523595167,0.0,229.0
0.7944688120695311,0.48370899349999996,0.6663983175,0.551812658,0.0,229.0
0.7906207270889087,0.3520647385,0.717451088,0.5950799474999999,0.0,229.0
0.7823058297377132,0.308795386,0.721411432,0.625304686,0.0,229.0
0.7775714657919541,0.249130901,0.700737198,0.640210216,0.0,229.0
0.7761892121172678,0.211483748,0.675543557,0.647952859,0.0,229.0
0.7724231858040475,0.156586988,0.620774482,0.638593972,0.0,229.0
0.7694203280866522,0.101761816,0.579141123,0.623835542,0.0,229.0
0.7598727163963663,0.0256086635,0.5438730835000001,0.6082123675,0.0,229.0
0.7293211099789703,0.0,0.565240921,0.618264294,0.0,229.0
0.6434891068189019,0.0,0.541064322,0.5913727854999999,0.0,306.5
0.5811293222467563,0.0,0.4767970545,0.531771209,0.0,384.0
0.5781844198494185,0.0,0.410845385,0.45230113,0.0,384.0
0.5987285949892095,0.003245301,0.379987924,0.40879843,0.0,384.0
0.6557142033381642,0.080205583,0.372195824,0.388433599,0.0,384.0
0.7227673226910574,0.149375513,0.384953999,0.380870206,0.0,384.0
0.7697143085606467,0.244593593,0.440711366,0.404048893,0.0,384.0
0.7959274899172208,0.360445833,0.477498221,0.416470433,0.0,384.0
0.7978573682158085,0.32693582050000003,0.5275409575000001,0.438309874,0.0,384.0
0.7958591598643807,0.32815242,0.540036535,0.474080261,0.0,384.0
0.7880976111043196,0.270227671,0.5357122015,0.4869183465,0.0,384.0
0.7814084157231278,0.207847192,0.501579228,0.508125106,0.0,384.0
0.7796900567383289,0.163020516,0.484352239,0.52797898,0.0,384.0
0.7772613865504678,0.103563887,0.461398981,0.538407294,0.0,384.0
0.775387853735674,0.051575104,0.440941289,0.5507838,0.0,384.0
0.7658497223872046,0.008032556,0.442919988,0.5845035885000001,0.0,384.0
0.7017927305862018,0.0,0.421079263,0.5815999705,0.0,384.0
0.6201399765357235,0.0,0.39937507,0.549935769,0.0,384.0
0.5809735894477108,0.0,0.351137516,0.522155498,0.0,384.0
0.5776299756546536,0.0,0.290925969,0.4650493605,0.0,384.0
0.5983172727146021,0.002098158,0.265095247,0.421247055,0.0,384.0
0.6557207322910051,0.041238471,0.240197232,0.388019565,0.0,384.0
0.723797014531753,0.088634831,0.268968701,0.357561086,0.0,384.0
0.7742573662260298,0.156169948,0.303133145,0.338640518,0.0,384.0
0.795788593732911,0.224969807,0.285673604,0.303903741,0.0,384.0
0.8026956583675877,0.299535986,0.2415542785,0.2445961805,0.0,384.0
0.8065688752957728,0.340612923,0.2522910985,0.24796748600000001,0.0,384.0
0.7973882247629197,0.3188644825,0.270249061,0.27155454199999995,0.0,384.0
0.7895822704866455,0.252164237,0.266209968,0.274009029,0.0,384.0
0.7875994453224606,0.180296709,0.246351725,0.270020146,0.0,384.0
0.7848605170823958,0.130973493,0.214181255,0.272596297,0.0,384.0
0.7813936586432992,0.078674232,0.19316297,0.266177073,0.0,384.0
0.7745462486377783,0.0112807915,0.1972565265,0.26033681900000005,0.0,384.0
0.7462516822567973,0.0,0.193792564,0.285469748,0.0,384.0
0.6580362195456402,0.0,0.190662615,0.286605243,0.0,384.0
0.5878417041823798,0.0,0.159549012,0.247048684,0.0,384.0
0.579796728626776,0.0,0.1109627745,0.1828842295,0.0,384.0
0.5995116185921576,0.00196228,0.083883391,0.147906044,0.0,384.0
0.6615674281833349,0.045594165,0.08050102,0.135215609,0.0,384.0
0.7312955280704986,0.09257268,0.086081685,0.124950683,0.0,384.0
0.7758019485885392,0.168210355,0.092034604,0.12121591,0.0,384.0
0.7977088128789648,0.252245606,0.091117348,0.10671444,0.0,384.0
0.8062743582546741,0.3824126665,0.1019281745,0.09755652549999999,0.0,384.0
0.8082981456479342,0.4331603235,0.1227531515,0.102230896,0.0,384.0
0.7971593547367136,0.400189611,0.1477296395,0.107400242,0.0,384.0
0.7896716183560789,0.354322655,0.160577428,0.12068357,0.0,384.0
0.7866131306676628,0.295872146,0.169036125,0.138969323,0.0,384.0
0.7824399856836393,0.227931728,0.174140441,0.160359951,0.0,384.0
0.779259773780089,0.133076376,0.178042348,0.173965834,0.0,384.0
0.7738807903825776,0.0303635775,0.1795808235,0.18726142099999998,0.0,384.0
0.7048136993326808,0.0,0.173308003,0.190410886,0.0,384.0
0.5884493859957163,0.0,0.1541782185,0.1881654915,0.0,384.0
0.544728560378742,0.0,0.14257642399999998,0.20272055849999998,0.0,384.0
0.5436232941545435,0.0009059305,0.13338689,0.2204749345,0.0,384.0
0.540934338989154,0.049353441,0.128857518,0.226591082,0.0,384.0
0.5701928160541622,0.105027298,0.135750362,0.229339784,0.0,384.0
0.6191519177679345,0.175655679,0.148954706,0.226210257,0.0,384.0
0.6669679212956019,0.270231943,0.158598374,0.212634404,0.0,384.0
0.6813713977345979,0.42181604149999996,0.158275324,0.173912983,0.0,384.0
0.6827809744291563,0.5133408755,0.197471548,0.20596921699999998,0.0,384.0
0.6762474447086462,0.49500179050000004,0.2107464625,0.2320601365,0.0,384.0
0.67458377663496,0.426321872,0.202725089,0.253890279,0.0,384.0
0.6750558714768243,0.370135121,0.203818066,0.264784211,0.0,384.0
0.674384063146976,0.277608137,0.203397301,0.262848515,0.0,384.0
0.6741725438331873,0.139528485,0.204923545,0.258501568,0.0,384.0
0.6702924849996678,0.0238455895,0.20995743900000002,0.2450096255,0.0,384.0
0.6577518536901895,0.0,0.1606985935,0.187084531,0.0,384.0
0.5833929581719487,0.0,0.13115741,0.163537724,0.0,384.0
0.5435082329665504,0.0,0.1121119295,0.134503429,0.0,384.0
0.5432959088695812,0.0008043645,0.086466195,0.1122747845,0.0,384.0
0.540471322063778,0.07567598,0.073090855,0.102539878,0.0,384.0
0.5685062967130087,0.15119065,0.073280909,0.103594269,0.0,384.0
0.6190667288333638,0.275170643,0.082695539,0.108961711,0.0,384.0
0.6680737689582732,0.419384897,0.108344507,0.112705029,0.0,384.0
0.6828882992533729,0.515754701,0.121448778,0.100007253,0.0,384.0
0.6876390525846465,0.5634988325,0.148901537,0.11409279350000001,0.0,384.0
0.6881807296941795,0.5198736245,0.171285668,0.1459681055,0.0,384.0
0.6817804839980514,0.465871033,0.185993273,0.181244193,0.0,384.0
0.6799268061903808,0.382863359,0.182476891,0.202222634,0.0,384.0
0.6805332359238401,0.290955349,0.176005109,0.215533009,0.0,384.0
0.6798836527540447,0.210445106,0.168996424,0.227001647,0.0,384.0
0.6752484746409705,0.112932603,0.173452473,0.23844816,0.0,384.0
0.671843014944021,0.0178988995,0.1940109345,0.273502335,0.0,384.0
0.6676642578675451,0.0,0.250554514,0.330186255,0.0,384.0
0.6036776531848674,0.0,0.2762875995,0.353655775,0.0,384.0
0.5753918069639881,0.0,0.2796763975,0.33389155000000004,0.0,384.0
0.5891969253202656,0.0006441795,0.2705935025,0.294580522,0.0,384.0
0.6559680264337397,0.059517081,0.262966142,0.280531178,0.0,384.0
0.7251117876057211,0.115636696,0.262111344,0.25787929,0.0,384.0
0.7855614820179417,0.2464215035,0.27762863299999996,0.227505805,0.0,384.0
0.8029880736742601,0.380088127,0.2570649395,0.19899618600000002,0.0,384.0
0.8074539915863911,0.429858686,0.280394347,0.2159721825,0.0,384.0
0.7976466538876275,0.4173036015,0.2708900485,0.225392122,0.0,384.0
0.7900502958664818,0.349863483,0.234858736,0.230611354,0.0,384.0
0.7872139704407134,0.252510792,0.203047858,0.218943783,0.0,384.0
0.7834933783788758,0.162566286,0.17432084,0.207929488,0.0,384.0
0.7792946544204958,0.092848456,0.147673797,0.193299969,0.0,384.0
0.7696636870440863,0.0157916585,0.13494572700000002,0.183488052,0.0,384.0
0.7372118061630214,0.0,0.113400743,0.170946129,0.0,384.0
0.6473811055525265,0.0,0.1075180395,0.16493323599999998,0.0,384.0
0.5816043014067079,0.0,0.1208863005,0.176705501,0.0,384.0
0.5776573658128894,0.0,0.13277953450000002,0.1896716565,0.0,384.0
0.5983172727146021,0.001071222,0.137864622,0.198291403,0.0,384.0
0.655712504029066,0.045071664,0.143646406,0.203274022,0.0,384.0
0.7233759436317774,0.104103195,0.164870145,0.206701346,0.0,384.0
0.7740120396759455,0.201454015,0.223180894,0.215100733,0.0,384.0
0.7951887377561856,0.297864682,0.24850207,0.21969955,0.0,384.0
0.8003959568604749,0.37634965,0.274383707,0.243328662,0.0,384.0
0.8040546583494788,0.438173414,0.2874076745,0.2381319035,0.0,384.0
0.7994878550931375,0.4783806835,0.312766329,0.2677247755,0.0,384.0
0.7900532473904086,0.41208764,0.311368218,0.286494562,0.0,384.0
0.7852379425129213,0.338150864,0.292118629,0.274041107,0.0,384.0
0.7831367024139156,0.263562091,0.287252928,0.279455029,0.0,384.0
0.7768054351450369,0.171864031,0.283432605,0.320630822,0.0,384.0
0.7742017361200577,0.105390932,0.268025,0.367851035,0.0,384.0
0.7654007023599425,0.017252687,0.27422725400000003,0.41723381800000003,0.0,384.0
0.7347792006549083,0.0,0.249192583,0.43721183,0.0,384.0
0.6438075707985742,0.0,0.264944791,0.46086300199999997,0.0,384.0
0.58077101397611,0.0,0.266671628,0.4520274745,0.0,384.0
0.5776882216602097,0.0,0.2340884735,0.414752132,0.0,384.0
0.5988428957930607,0.001037094,0.219680788,0.386259907,0.0,384.0
0.6550996796194933,0.081478219,0.210863582,0.365891342,0.0,384.0
0.7224494625518044,0.175688076,0.210583782,0.374667889,0.0,384.0
0.7689969318376396,0.298378068,0.250540255,0.405761452,0.0,384.0
0.7926818098769712,0.389596618,0.267339215,0.409394834,0.0,384.0
0.7969976968252466,0.462853139,0.24475832,0.353485962,0.0,384.0
0.7974670190213771,0.5620291305,0.3054555925,0.40631141849999997,0.0,384.0
0.7917826966882391,0.5787723665,0.380422934,0.431895026,0.0,384.0
0.7843732626004234,0.561103069,0.405438288,0.413606479,0.0,384.0
0.7794515274246375,0.479402957,0.378920523,0.402480889,0.0,384.0
0.7775357803008912,0.407744583,0.3511027,0.40354709,0.0,384.0
0.7752138981677156,0.276945606,0.310874053,0.389764742,0.0,384.0
0.7738554349553559,0.153436233,0.266687782,0.355270812,0.0,384.0
0.7657626104614493,0.031391794,0.248278669,0.30287708,0.0,384.0
0.7347703016840891,0.0,0.212611794,0.248231768,0.0,384.0
0.6434114753024388,0.0,0.205259532,0.240518394,0.0,384.0
0.5815429027320367,0.0,0.20486696799999998,0.2271149975,0.0,384.0
0.578103523789059,0.0,0.21155039250000002,0.205169524,0.0,384.0
0.5986218067995727,0.0,0.225953222,0.203625853,0.0,384.0
0.6550257150047786,0.072507132,0.231852134,0.215707481,0.0,384.0
0.722450222733519,0.155933218,0.220729441,0.22844641,0.0,384.0
0.7696367663820665,0.272688428,0.254636545,0.250236603,0.0,384.0
0.7937232179356857,0.362227572,0.261955986,0.268000102,0.0,384.0
0.7975800231438854,0.427244589,0.242791913,0.246931854,0.0,384.0
0.7967766077642826,0.47173784900000004,0.2570097985,0.275112613,0.0,384.0
0.7906721982600184,0.452861575,0.2752612405,0.3461470955,0.0,384.0
0.7829549658132389,0.410867019,0.276157883,0.412220617,0.0,384.0
0.7787371022255573,0.350557755,0.272522381,0.441567709,0.0,384.0
0.7770279551640711,0.293022692,0.252298951,0.440947595,0.0,384.0
0.7749249262831326,0.208509156,0.219874679,0.415848242,0.0,384.0
0.7755344415473433,0.121159698,0.190077986,0.371754143,0.0,384.0
0.7670031506371506,0.0228791635,0.1778026035,0.32591142900000003,0.0,384.0
0.7323332690925128,0.0,0.18915015,0.354741197,0.0,384.0
0.644047016770227,0.0,0.17504010650000001,0.3696658765,0.0,384.0
0.5822531914656766,0.0,0.17606452449999999,0.395453082,0.0,384.0
0.5788890070177716,0.0,0.17440649,0.407340774,0.0,384.0
0.5987256882691756,0.0,0.173209905,0.378243612,0.0,384.0
0.656143368358303,0.06709389,0.171299812,0.370213542,0.0,384.0
0.7223403042092378,0.15778326,0.149521569,0.385714284,0.0,384.0
0.7698751168850404,0.275532123,0.173277305,0.419510356,0.0,384.0
0.7935799394043299,0.381154472,0.191227884,0.440829417,0.0,384.0
0.7982439162992396,0.456932367,0.187614948,0.439349186,0.0,384.0
0.7993315633925171,0.5155812774999999,0.19960639000000002,0.40550854950000004,0.0,384.0
0.7931741622862383,0.513556387,0.2218229135,0.4232086115,0.0,384.0
0.7809187018178183,0.4685097345,0.2412318345,0.43200165300000004,0.0,384.0
0.7770753570081042,0.376173249,0.222821823,0.416761157,0.0,384.0
0.7752900093207495,0.278095722,0.185772658,0.380297523,0.0,384.0
0.7755819327292593,0.170622786,0.14937232,0.367528934,0.0,384.0
0.7679501576355543,0.028927078,0.131633678,0.33197261850000004,0.0,384.0
0.6910856311893452,0.0,0.118574442,0.2722904675,0.0,384.0
0.5845503664110885,0.0,0.128156657,0.2370559155,0.0,384.0
0.5465106435222005,0.0,0.1495808965,0.207009106,0.0,384.0
0.5462171326118976,0.0,0.178675782,0.19461808149999998,0.0,384.0
0.5440118321650956,0.085709298,0.191187182,0.213379991,0.0,384.0
0.5691997041629714,0.183524028,0.18174285,0.228501708,0.0,384.0
0.6172359470295777,0.293536722,0.183122074,0.249168555,0.0,384.0
0.6662020695943537,0.40254371,0.221393342,0.276717057,0.0,384.0
0.6794082711012894,0.438930005,0.2800360645,0.32698403249999997,0.0,384.0
0.6783610496025072,0.32854756949999997,0.3697565095,0.411201152,0.0,384.0
0.6701308047537299,0.2469133455,0.416517585,0.485079094,0.0,384.0
0.6684472143996053,0.144006227,0.422605196,0.542355277,0.0,384.0
0.6705881647827606,0.084630147,0.404582056,0.576492225,0.0,384.0
0.6706564054302421,0.04735285,0.406405458,0.616573668,0.0,384.0
0.6712552776106423,0.026365172,0.410804456,0.655933112,0.0,384.0
0.6699858491802708,0.0023501515,0.4051271945,0.6765053605,0.0,384.0
0.6581723208172217,0.0,0.375191725,0.6683527585,0.0,384.0
0.5835551079815784,0.0,0.3395234005,0.652208252,0.0,384.0
0.5433914502699397,0.0,0.3108139485,0.6245242305,0.0,384.0
0.5433531934807587,0.0,0.287041178,0.597539762,0.0,384.0
0.5409096096693465,0.019869701,0.284584488,0.572534212,0.0,384.0
0.5684294700472015,0.042724964,0.291939278,0.550949476,0.0,384.0
0.6148801235183303,0.084719832,0.307756603,0.52761561,0.0,384.0
0.6660561972954575,0.136146898,0.30715742,0.496631759,0.0,384.0
0.6798512764083439,0.214800502,0.24930090700000002,0.39813690749999997,0.0,384.0
0.6782192243636926,0.2511343195,0.236810335,0.3576401035,0.0,384.0
0.6701771555955983,0.2350987635,0.20383591750000002,0.301762117,0.0,384.0
0.6697213830008848,0.16779321600000002,0.177080067,0.232441487,0.0,384.0
0.6711407531921805,0.084953873,0.1587543605,0.1956637035,0.0,384.0
0.6699347581000186,0.0132323865,0.15803846500000002,0.163103564,0.0,384.0
0.665506336795354,0.0,0.128309866,0.1388293,0.0,384.0
0.5939822760962549,0.0,0.12212572299999998,0.16929976333333333,0.0,384.0
0.5777598609933634,0.0,0.1187058575,0.19657776300000002,0.0,384.0
0.5985361258318879,0.0,0.121655614,0.200514252,0.0,384.0
0.6556498980109348,0.02049772,0.116783102,0.196583386,0.0,384.0
0.722500173406248,0.073320956,0.110073136,0.203388943,0.0,384.0
0.7808083808682091,0.17638129,0.12734402050000002,0.2344676545,0.0,384.0
0.7969976968252466,0.260965832,0.127506909,0.254474071,0.0,384.0
0.7976748266295243,0.32190345,0.153995683,0.31781221950000005,0.0,384.0
0.7924073267886649,0.333119296,0.2090344485,0.3676987465,0.0,384.0
0.7824447705909647,0.27516291,0.2461645435,0.36454,0.0,384.0
0.7766891666135838,0.17735555549999998,0.214387019,0.3316250245,0.0,384.0
0.774294572080522,0.053522426,0.1931649,0.300476523,0.0,384.0
0.7651826989646817,0.0033785805,0.17648897149999998,0.2801672395,0.0,384.0
0.7347508491022938,0.0,0.164184212,0.322286717,0.0,384.0
0.6437793309183136,0.0,0.1984903985,0.3287234825,0.0,384.0
0.5808964944983517,0.0,0.231032758,0.357460538,0.0,384.0
0.5776467451310254,0.0,0.2448946355,0.34947309849999997,0.0,384.0
0.5985939918140624,0.0,0.251902257,0.341023361,0.0,384.0
0.6556498980109348,0.033674946,0.263640134,0.335177632,0.0,384.0
0.7226692994654152,0.080352425,0.30647322,0.349338891,0.0,384.0
0.7694916095959434,0.155293836,0.378321085,0.38467163,0.0,384.0
0.793222726737314,0.237321143,0.428854073,0.429962499,0.0,384.0
0.7976815344605585,0.230124424,0.432765991,0.448586766,0.0,384.0
0.7983687260451253,0.212821117,0.479292728,0.4967275555,0.0,384.0
0.7959267744719235,0.221469313,0.527082648,0.547625015,0.0,384.0
0.7882019844720851,0.20481899650000002,0.5698514815,0.584705331,0.0,384.0
0.7805474921852129,0.16989137799999998,0.535079997,0.6003935615,0.0,384.0
0.7762917967031004,0.076603534,0.47158071349999997,0.6105969904999999,0.0,384.0
0.7658559829890177,0.0031975025,0.4627810965,0.6012373504999999,0.0,384.0
0.701916914292149,0.0,0.4667156315,0.5976855590000001,0.0,384.0
0.5942684457132533,0.0,0.5023843896666667,0.622925715,0.0,384.0
0.5778242557934272,0.0,0.4977086715,0.6417179645,0.0,384.0
0.5985321906465872,0.0,0.502177902,0.659138407,0.0,384.0
0.6562330739841229,0.019106309,0.514552799,0.67377374,0.0,384.0
0.7237368232005418,0.049095973,0.554555723,0.693310235,0.0,384.0
0.7739736710794591,0.108103461,0.629507171,0.699663976,0.0,384.0
0.7944617018806446,0.190576717,0.681233662,0.69637064,0.0,384.0
0.7993723914798163,0.286100211,0.6925640959999999,0.7013508214999999,0.0,384.0
0.8005095421515531,0.347275055,0.731295287,0.743008302,0.0,384.0
0.7962082783437576,0.364695537,0.7605072975,0.781887471,0.0,384.0
0.7840181964717269,0.296771991,0.7268601015,0.812740518,0.0,384.0
0.7777741306689137,0.176816725,0.681779584,0.8172859305,0.0,384.0
0.7743548528845678,0.058822215,0.670324969,0.810177658,0.0,384.0
0.7655721983696124,0.007167814,0.643543961,0.8089273025,0.0,384.0
0.7018013165370518,0.0,0.5814597024999999,0.8033486105,0.0,384.0
0.5942684457132533,0.0,0.5889980126666666,0.7897124033333333,0.0,384.0
0.5776963381148434,0.0,0.573368622,0.7567652579999999,0.0,384.0
0.5977368246507304,0.0,0.561770842,0.729642007,0.0,384.0
0.6556089356469081,0.023901325,0.542917559,0.735860032,0.0,384.0
0.7225651049083675,0.082342818,0.532150781,0.751090543,0.0,384.0
0.7689472942523558,0.163224793,0.573564423,0.770975771,0.0,384.0
0.7935584744259914,0.23743964,0.552722595,0.760004014,0.0,384.0
0.7975713477202011,0.35934965249999995,0.536925606,0.701572369,0.0,384.0
0.7965526566522265,0.445799779,0.530011853,0.640221862,0.0,384.0
0.7905958188234323,0.5455823435,0.557496945,0.6276764255,0.0,384.0
0.7828293957506871,0.512376643,0.586597744,0.622446094,0.0,384.0
0.7786453395342525,0.451100122,0.582349844,0.614241336,0.0,384.0
0.7771177502627254,0.33815203,0.553560086,0.590805242,0.0,384.0
0.7746964138783615,0.229047489,0.503489019,0.57507529,0.0,384.0
0.7738651835807242,0.122279406,0.480184178,0.567685684,0.0,384.0
0.76661128107929,0.0089316585,0.460024384,0.559504284,0.0,384.0
0.7007015954018934,0.0,0.4678038915,0.5683383289999999,0.0,384.0
0.6033406086798956,0.0,0.45969499199999997,0.5708184695,0.0,384.0
0.5767339479966729,0.0,0.4523191135,0.533944421,0.0,384.0
0.5901490302459639,0.0,0.4419461815,0.4878533615,0.0,384.0
0.6553477787478356,0.046135222,0.43918014,0.47871625,0.0,384.0
0.722435644464408,0.093307418,0.464752165,0.490086631,0.0,384.0
0.7700477309002873,0.17225008,0.519047818,0.510448845,0.0,384.0
0.7936552455717563,0.243959058,0.55623061,0.536549749,0.0,384.0
0.7975800231438854,0.284297113,0.621682765,0.562541112,0.0,384.0
0.7968375145407913,0.2628764315,0.6986468015,0.6169323205,0.0,384.0
0.7905973839232787,0.192171686,0.7534317415,0.7001495870000001,0.0,384.0
0.7831722089593095,0.132818559,0.765869187,0.746043026,0.0,384.0
0.7787472980801466,0.100140951,0.760917102,0.759692884,0.0,384.0
0.7771177502627254,0.080706676,0.758362127,0.760750328,0.0,384.0
0.7742759691532759,0.041288091,0.7178687345,0.7437044945,0.0,384.0
0.7655748815425116,0.0023191785,0.6839234685,0.7286846525,0.0,384.0
0.735370291937542,0.0,0.677608941,0.756582292,0.0,384.0
0.6283184595953684,0.0,0.6942530075,0.765863591,0.0,384.0
0.5542770888619406,0.0,0.7009861715000001,0.757797634,0.0,384.0
0.5424266452624219,0.0,0.6749146315,0.7398494600000001,0.0,384.0
0.5425389785410987,0.00969401,0.6434597479999999,0.7228449594999999,0.0,384.0
0.5684665865638107,0.063885143,0.642348859,0.719767815,0.0,384.0
0.6148801235183303,0.139443008,0.707025081,0.738990924,0.0,384.0
0.6662006833727004,0.202186305,0.725893515,0.743012742,0.0,384.0
0.6798876998141263,0.2710073365,0.6619857755,0.68659956,0.0,384.0
0.6799405348724183,0.3302542565,0.647429793,0.7052898775,0.0,384.0
0.6728315655424968,0.3138973725,0.626733039,0.69073954,0.0,384.0
0.6721893833145622,0.198026109,0.521027022,0.632442713,0.0,384.0
0.6726289676689495,0.0667292315,0.411812741,0.5717000130000001,0.0,384.0
0.670337852045211,0.001534427,0.414212825,0.5710805205,0.0,384.0
0.6627398618533309,0.0,0.423906151,0.628364777,0.0,384.0
0.6319916498806486,0.0,0.41956302749999996,0.6479571799999999,0.0,384.0
0.5573042735412911,0.0,0.424987588,0.675145252,0.0,384.0
0.5434105451628242,0.0,0.4483665155,0.694568603,0.0,384.0
0.5426220434742481,0.0053257925,0.45285133,0.7346147949999999,0.0,384.0
0.5684912712146766,0.033807753,0.465477498,0.753766098,0.0,384.0
0.6160070784029534,0.071420644,0.464113224,0.748394857,0.0,384.0
0.6663440513768908,0.120335027,0.438640192,0.7352392,0.0,384.0
0.6799222672996124,0.201300011,0.368662556,0.6625890809999999,0.0,384.0
0.6799541070107336,0.2843579545,0.3610009825,0.6312102615,0.0,384.0
0.6727490819803443,0.2940853905,0.308906535,0.5616280535,0.0,384.0
0.6718821437222218,0.235325257,0.251773332,0.502745263,0.0,384.0
0.6726300185361627,0.19207396,0.209694359,0.458000016,0.0,384.0
0.6725940200926062,0.127302528,0.16392315,0.418480554,0.0,384.0
0.6723344282259043,0.04792527,0.142562818,0.372645746,0.0,384.0
0.6703297803269943,0.002178972,0.113722326,0.3138463635,0.0,384.0
0.6633753139832361,0.0,0.084642473,0.244958226,0.0,384.0
0.6489740734879184,0.0,0.083536004,0.2054884015,0.0,384.0
0.5841137111112058,0.0,0.07899192099999999,0.17570303650000002,0.0,384.0
0.579854773419668,0.0,0.0724674135,0.136320475,0.0,384.0
0.5992905295986696,0.0,0.070454738,0.115193974,0.0,384.0
0.6563534118426525,0.020779283,0.070506886,0.106386427,0.0,384.0
0.7249726678742765,0.042466805,0.071312012,0.099732443,0.0,384.0
0.7739736710794591,0.082827349,0.070741809,0.093195003,0.0,384.0
0.7967895314607127,0.16165299,0.06776106300000001,0.086806178,0.0,384.0
0.7997933729069575,0.215492334,0.07402561699999999,0.10885858600000001,0.0,384.0
0.7939366600382316,0.22495240500000002,0.0880286025,0.146666559,0.0,384.0
0.7838815362985707,0.200916682,0.0886672215,0.17218231350000002,0.0,384.0
0.7800622054308424,0.140878344,0.081821071,0.184459525,0.0,384.0
0.7774681656933484,0.087717018,0.079961138,0.186804667,0.0,384.0
0.775387853735674,0.040819405,0.07965594,0.183996013,0.0,384.0
0.766450741105924,0.001476364,0.0729422375,0.1665464435,0.0,384.0
0.7028138140066253,0.0,0.049332477,0.146641126,0.0,384.0
0.6047652556092034,0.0,0.0509448215,0.1171109685,0.0,384.0
0.5763792842933043,0.0,0.047827768,0.090050561,0.0,384.0
0.5897172939951828,0.0,0.060799900999999996,0.07543477,0.0,384.0
0.6559680264337397,0.016128456,0.091602833,0.089683947,0.0,384.0
0.723102131252351,0.062126895,0.11385448,0.109665695,0.0,384.0
0.7697143085606467,0.119866257,0.135556692,0.141305003,0.0,384.0
0.7931930336319879,0.182553531,0.17604428,0.180226073,0.0,384.0
0.7981332375257681,0.234185502,0.23715347850000001,0.23176774899999997,0.0,384.0
0.7994567756312068,0.3111376815,0.331990365,0.296204276,0.0,384.0
0.791401827835624,0.305850894,0.41706958000000005,0.3472700935,0.0,384.0
0.7844948973427233,0.260307587,0.42646271,0.394506111,0.0,384.0
0.7828701791690448,0.218881484,0.427304444,0.436191214,0.0,384.0
0.7807843221898061,0.143271605,0.444814567,0.476628007,0.0,384.0
0.7765625234168239,0.088869928,0.482191118,0.51044809,0.0,384.0
0.7668219506710539,0.00189848,0.5209240625,0.5458982795,0.0,384.0
0.7038059644359618,0.0,0.541502729,0.571000157,0.0,384.0
0.6045505390248338,0.0,0.5203212580000001,0.52658454,0.0,384.0
0.5755512960026652,0.0,0.4593218915,0.4899777445,0.0,384.0
0.5893517189919275,0.0,0.396761517,0.467925484,0.0,384.0
0.6559680264337397,0.020621101,0.364673743,0.469210676,0.0,384.0
0.7234420377409395,0.044613605,0.349847363,0.459072323,0.0,384.0
0.7700461209290721,0.095536143,0.348566728,0.458638215,0.0,384.0
0.793363679919633,0.164663692,0.343892154,0.465404698,0.0,384.0
0.7971763925641132,0.2414824175,0.317792672,0.423718036,0.0,384.0
0.7967723146876441,0.30201118849999997,0.3009970395,0.4015842895,0.0,384.0
0.7880675601751312,0.305309319,0.2989465045,0.3917159855,0.0,384.0
0.7809726772161582,0.300274889,0.286540937,0.384558628,0.0,384.0
0.7786363957595404,0.217675655,0.276710721,0.379495287,0.0,384.0
0.7755689642964121,0.144076847,0.250045848,0.369648632,0.0,384.0
0.774294572080522,0.052726764,0.231037889,0.355982381,0.0,384.0
0.765244231781129,0.001321898,0.213871462,0.3212055915,0.0,384.0
0.7348608569644581,0.0,0.203646332,0.302503706,0.0,384.0
0.643847169140467,0.0,0.2225420495,0.28917133500000003,0.0,384.0
0.5810338255153393,0.0,0.254970334,0.29851182649999997,0.0,384.0
0.5776805076983795,0.0,0.301349076,0.333442142,0.0,384.0
0.5985310725735347,0.0,0.322328508,0.368116111,0.0,384.0
0.6557633044912955,0.009666937,0.322559007,0.412410996,0.0,384.0
0.7229942251246131,0.066168043,0.318497926,0.439202576,0.0,384.0
0.7697935500483252,0.142091524,0.331122581,0.468050288,0.0,384.0
0.7946796605394882,0.206620696,0.369632832,0.490334976,0.0,384.0
0.7972677974315556,0.321384377,0.409292922,0.526584893,0.0,384.0
0.7952091294653644,0.4675310125,0.496468093,0.5886107115,0.0,384.0
0.7875552632859065,0.462109891,0.556969912,0.631522879,0.0,384.0
0.7831722089593095,0.403938698,0.586789576,0.651488385,0.0,384.0
0.7787655432510062,0.339808647,0.601654879,0.66628812,0.0,384.0
0.7769511284982641,0.262157028,0.602182334,0.681690618,0.0,384.0
0.7749948662397123,0.183529538,0.584084198,0.711147508,0.0,384.0
0.7760831394404041,0.096742817,0.585301124,0.743846173,0.0,384.0
0.7673354549712144,0.002059596,0.5632813240000001,0.7966280665,0.0,384.0
0.6997961544729843,0.0,0.583618526,0.8093741495,0.0,384.0
0.6036760433486037,0.0,0.5950458085,0.820932674,0.0,384.0
0.5769561102593206,0.0,0.5784785895,0.820183334,0.0,384.0
0.5899744486380668,0.0,0.5562293805,0.801456882,0.0,384.0
0.6563109291151966,0.028367506,0.533428452,0.780078548,0.0,384.0
0.7221163084957158,0.146580128,0.515314788,0.762104709,0.0,384.0
0.7734019877096792,0.267883356,0.55635421,0.754705866,0.0,384.0
0.7977146261840811,0.386065698,0.565339874,0.745245319,0.0,384.0
0.798693070400802,0.48227250050000003,0.542842635,0.718449499,0.0,384.0
0.7964050404427663,0.547874192,0.585787565,0.7627019585000001,0.0,384.0
0.7882183961920703,0.5106404815,0.594798135,0.8011727795,0.0,384.0
0.7865022284145322,0.360351894,0.5863995925,0.7877473355,0.0,384.0
0.7889423464693842,0.208902962,0.504294249,0.758513742,0.0,384.0
0.7918697190736841,0.095769377,0.466267533,0.745555084,0.0,384.0
0.7692068413151647,0.0016676575,0.4271410315,0.7224773845,0.0,384.0
0.7248742868922479,0.0,0.435712724,0.699468893,0.0,384.0
0.6302375159319522,0.0,0.404474813,0.7014080665,0.0,384.0
0.5583705675310111,0.0,0.39594017800000003,0.6875718295,0.0,384.0
0.5464828732731073,0.0,0.377821333,0.660317466,0.0,384.0
0.5468461899982137,0.0,0.345587676,0.616185427,0.0,384.0
0.5470870893298836,0.028123822,0.311604172,0.578666011,0.0,384.0
0.5708412812858562,0.194676453,0.265509666,0.517598914,0.0,384.0
0.6232918814206495,0.36341005,0.257672179,0.462593818,0.0,384.0
0.6774672801551994,0.499628575,0.242191198,0.396564861,0.0,384.0
0.6842140284311209,0.624098642,0.174837408,0.2798878105,0.0,384.0
0.6793170226426181,0.641798466,0.1453957395,0.245160718,0.0,384.0
0.6703549122070813,0.5607759885000001,0.127310103,0.19969566049999998,0.0,384.0
0.6689729269508985,0.435784289,0.109668405,0.160019349,0.0,384.0
0.670993181584186,0.279710381,0.099052832,0.133111384,0.0,384.0
0.6752892133903865,0.173392513,0.076728476,0.104369168,0.0,384.0
0.6801666323878424,0.078299713,0.074097284,0.08783013,0.0,384.0
0.6873001970307469,0.0006630335,0.08660013,0.0807478125,0.0,384.0
0.6630707128273776,0.0,0.1680489705,0.1537571525,0.0,384.0
0.5844227840869448,0.0,0.2474035905,0.2420187845,0.0,384.0
0.5448641250157433,0.0,0.31483229700000004,0.3506643985,0.0,384.0
0.5440457736106431,0.0,0.406325372,0.49033454349999994,0.0,384.0
0.5417368599777903,0.005082575,0.47471609,0.621381272,0.0,384.0
0.569262578599606,0.02377974,0.511126565,0.709287222,0.0,384.0
0.6205433388319437,0.053743847,0.536296079,0.79151659,0.0,384.0
0.6766131091847359,0.066868753,0.582701459,0.84443927,0.0,384.0
0.6902985381243689,0.07354090199999999,0.6391073395,0.8522995525,0.0,384.0
0.6869133359273465,0.08599803,0.716752724,0.8859552285000001,0.0,384.0
0.6766009457374962,0.093071739,0.695973352,0.853355038,0.0,384.0
0.6719078123043644,0.086879661,0.631720829,0.825634994,0.0,384.0
0.6711619498869669,0.063520437,0.589600011,0.837443926,0.0,384.0
0.6715968387393874,0.040108258,0.570594805,0.8419465785,0.0,384.0
0.6719537159844875,0.0,0.5654983745,0.84358905,0.0,384.0
0.6634781668526208,0.0,0.576432802,0.819160823,0.0,384.0
0.6433137426273439,0.0,0.6223109705000001,0.827038464,0.0,384.0
0.5806303738137604,0.0,0.626306496,0.8350797249999999,0.0,384.0
0.5777642434078849,0.0,0.5936033055000001,0.841405511,0.0,384.0
0.6269009899933108,0.0053696965,0.5590339155,0.811037719,0.0,384.0
0.7226714458687831,0.088125775,0.554423964,0.786161073,0.0,384.0
0.770153892915034,0.185093206,0.613202683,0.791853198,0.0,384.0
0.7942559065340893,0.271965846,0.645223463,0.782648332,0.0,384.0
0.7976487556220537,0.2936815195,0.597433246,0.7236487855,0.0,384.0
0.7952173576598278,0.29392061449999995,0.5616590585,0.6986733125,0.0,384.0
0.7875793218968339,0.304277019,0.524575018,0.665380457,0.0,384.0
0.7808460340193981,0.25137902,0.4423766965,0.5798500289999999,0.0,384.0
0.7769708941675043,0.183264662,0.331066058,0.465063769,0.0,384.0
0.7747845096679177,0.127889415,0.25570225,0.389685519,0.0,384.0
0.7744813172706103,0.057327363,0.208548676,0.329004401,0.0,384.0
0.7665002893533249,0.0006094555,0.177974223,0.272853987,0.0,384.0
0.7348383187169599,0.0,0.19135683,0.268500019,0.0,384.0
0.643316895296459,0.0,0.20317737749999998,0.253283123,0.0,384.0
0.5813802832912395,0.0,0.20877556800000002,0.2222240485,0.0,384.0
0.5781844198494185,0.0,0.221468644,0.2095675165,0.0,384.0
0.5987285949892095,0.0,0.251693286,0.208083879,0.0,384.0
0.6548205458331132,0.010660278,0.280890401,0.226587638,0.0,384.0
0.7227448739163937,0.109768403,0.319006805,0.263662322,0.0,384.0
0.7695624440109652,0.222779977,0.350698621,0.29453755,0.0,384.0
0.7938675697362011,0.309152896,0.437775201,0.330271896,0.0,384.0
0.7972554998425398,0.357478321,0.46386059199999996,0.387532841,0.0,384.0
0.795193656805287,0.351215441,0.45603068150000003,0.3718557965,0.0,384.0
0.7851874104691954,0.2887223455,0.3992511065,0.34006536899999995,0.0,384.0
0.7785141349773019,0.206524842,0.33383859,0.296128813,0.0,384.0
0.7769708941675043,0.149481483,0.288616771,0.284893044,0.0,384.0
0.7747845096679177,0.074695477,0.253720713,0.289847343,0.0,384.0
0.7754302471252469,0.023860144,0.239797876,0.310653726,0.0,384.0
0.7663215936144583,0.0,0.22849313300000001,0.341302189,0.0,384.0
0.7009282519538437,0.0,0.21851139749999998,0.339525649,0.0,384.0
0.603151806559274,0.0,0.21577915199999997,0.3113661305,0.0,384.0
0.5760892167376153,0.0,0.2352976145,0.3113564775,0.0,384.0
0.5895310407707328,0.0,0.229189267,0.331489085,0.0,384.0
0.6553477787478356,0.005984261,0.24281065,0.367085774,0.0,384.0
0.7219541586186105,0.099196912,0.25265405,0.375183106,0.0,384.0
0.7722335786978183,0.217676154,0.260981341,0.379235264,0.0,384.0
0.7969858909994418,0.339658287,0.334290211,0.397858416,0.0,384.0
0.7981510803387754,0.413627082,0.332774001,0.382908617,0.0,384.0
0.7971426746657007,0.50223137,0.3409002675,0.404425982,0.0,384.0
0.7906195196779731,0.516946529,0.380097043,0.411873791,0.0,384.0
0.7828293957506871,0.501311178,0.393288566,0.398004037,0.0,384.0
0.7785141349773019,0.396256866,0.370478022,0.403318019,0.0,384.0
0.7769708941675043,0.323830907,0.343403591,0.400645759,0.0,384.0
0.7749948662397123,0.196736589,0.301517782,0.364899662,0.0,384.0
0.7765576937730811,0.071564544,0.271166011,0.342760955,0.0,384.0
0.7670785910138289,0.0,0.223550528,0.31378140099999996,0.0,384.0
0.6994558678260627,0.0,0.17505926100000002,0.241280071,0.0,384.0
0.620596285697541,0.0,0.140577282,0.193721529,0.0,384.0
0.5824974224121305,0.0,0.11930938999999999,0.16206746249999998,0.0,384.0
0.57927410167371,0.0,0.09421906499999999,0.13380626950000002,0.0,384.0
0.627982846048467,0.0053925015,0.076534408,0.1040089025,0.0,384.0
0.7235775352395772,0.131718211,0.054074405,0.078223298,0.0,384.0
0.7875801268149656,0.3307841495,0.034979722500000004,0.0581134765,0.0,384.0
0.7980870431601466,0.52110668,0.037070203,0.039938452,0.0,384.0
0.7967107818711968,0.5749375605,0.0400617625,0.0331132145,0.0,384.0
0.7906623154253982,0.446437635,0.046143330999999996,0.034569644,0.0,384.0
0.780768357631566,0.2945375895,0.0445922035,0.036211409,0.0,384.0
0.7765103814693584,0.1734333555,0.051311626,0.047234564,0.0,384.0
0.7765256753187182,0.060641024,0.073324029,0.060932245,0.0,384.0
0.7678443979786599,0.0,0.1061324015,0.08017410750000001,0.0,384.0
0.7302062710734816,0.0,0.136398804,0.094040877,0.0,384.0
0.6442980672875448,0.0,0.1360976015,0.0991101175,0.0,384.0
0.5821668843905774,0.0,0.153343815,0.11946641499999999,0.0,384.0
0.5787089920606638,0.0,0.1956597225,0.161423822,0.0,384.0
0.598493822050101,0.0,0.232386559,0.20612732,0.0,384.0
0.6566052673455778,0.009518939,0.259181782,0.236343983,0.0,384.0
0.7223870352094393,0.14396359,0.274309763,0.264210532,0.0,384.0
0.7702487859409831,0.278210573,0.263796672,0.284905525,0.0,384.0
0.7954059809697318,0.493549324,0.33118161150000003,0.3078913215,0.0,384.0
0.7970289550978948,0.6635221805,0.41441401600000005,0.32974860250000004,0.0,384.0
0.7915077663707115,0.520112555,0.42890071900000004,0.32422170949999995,0.0,384.0
0.7813738035687003,0.3498960835,0.386946246,0.32934228249999997,0.0,384.0
0.7761225813060499,0.181727597,0.35354089850000003,0.332252477,0.0,384.0
0.773848637718963,0.055194097,0.352158686,0.346254792,0.0,384.0
0.76643110957846,0.0,0.3523158925,0.3658425665,0.0,384.0
0.7333901498787804,0.0,0.3362889,0.372450845,0.0,384.0
0.6321628776067665,0.0,0.31805367900000003,0.3795891905,0.0,578.5
0.5597474549273751,0.0,0.26753322999999996,0.361705351,0.0,773.0
0.547931735357065,0.0,0.2113401795,0.312699779,0.0,773.0
0.548393634276864,0.0027662505,0.17703839649999997,0.28827954499999997,0.0,773.0
0.574368196914388,0.063659361,0.151135324,0.270323064,0.0,773.0
0.6218437572514114,0.127204222,0.133486441,0.252279655,0.0,773.0
0.6704868769457466,0.195483368,0.129302117,0.243414839,0.0,773.0
0.6831229827196468,0.284284215,0.108641927,0.198253209,0.0,773.0
0.6841988017201247,0.351871057,0.1284511275,0.1991495375,0.0,773.0
0.6781100438216068,0.33036474149999995,0.14642455199999999,0.199011368,0.0,773.0
0.6734466929666355,0.2266124255,0.14375860499999998,0.1988721395,0.0,773.0
0.6755801081986783,0.136317085,0.114997845,0.205025246,0.0,773.0
0.6749986763384814,0.076612814,0.10887516,0.214617357,0.0,773.0
0.6764522115224593,0.033957882,0.122354397,0.231730294,0.0,773.0
0.676327580587291,0.0,0.1632790885,0.28362976949999996,0.0,773.0
0.6686453180513258,0.0,0.210922422,0.345554675,0.0,773.0
0.6317113980886916,0.0,0.236646902,0.372710619,0.0,773.0
0.5588635683146874,0.0,0.298801292,0.4341134365,0.0,773.0
0.547779177629081,0.0,0.343132553,0.4713591075,0.0,773.0
0.5482472701472809,0.002678048,0.359755744,0.479713406,0.0,773.0
0.5743021474741674,0.083488915,0.380785327,0.47643967,0.0,773.0
0.6206563875559179,0.166706867,0.396948935,0.463782841,0.0,773.0
0.6701733545520737,0.258382675,0.427746451,0.456756279,0.0,773.0
0.6824222413312355,0.329136448,0.395519478,0.417118974,0.0,773.0
0.684651757000163,0.407560006,0.44967027849999996,0.4240409095,0.0,773.0
0.6787991806643532,0.43252166550000004,0.41575635850000003,0.43195697099999997,0.0,773.0
0.6744287817506341,0.343982147,0.365697904,0.422196272,0.0,773.0
0.6736759431511747,0.263188576,0.313223818,0.400913079,0.0,773.0
0.6747304984534539,0.180451731,0.290210477,0.384351092,0.0,773.0
0.6750046685892668,0.100946168,0.278838837,0.370505591,0.0,773.0
0.6768405483203475,0.021366377,0.272322878,0.348723623,0.0,773.0
0.6764944034969408,0.0,0.25193048149999997,0.3052538645,0.0,773.0
0.6688928358086709,0.0,0.195132854,0.226745023,0.0,773.0
0.647944202836505,0.0,0.194762249,0.2241522165,0.0,773.0
0.5874032601005645,0.0,0.203239554,0.22947294099999999,0.0,773.0
0.5843799436031024,0.0,0.1964336445,0.2691578215,0.0,773.0
0.60681390673395,0.0,0.190340777,0.32331129,0.0,773.0
0.6656554734357192,0.003478158,0.183301438,0.340996756,0.0,773.0
0.7328577295639289,0.090193405,0.174975217,0.345680307,0.0,773.0
0.779401353137298,0.205061363,0.154753897,0.338328132,0.0,773.0
0.8012248170726582,0.372110163,0.19042491,0.3377026095,0.0,773.0
0.8019249323536553,0.47031884199999996,0.1899252565,0.33428759649999995,0.0,773.0
0.7954106316678056,0.447979641,0.213541532,0.3556067,0.0,773.0
0.7884371151001044,0.364973591,0.228303158,0.372538517,0.0,773.0
0.7853901648189894,0.262206965,0.2412220285,0.386152646,0.0,773.0
0.7847906665311748,0.0971742445,0.2463670675,0.387035526,0.0,773.0
0.7773651338782948,0.0,0.233403739,0.366888079,0.0,773.0
0.7415325226200877,0.0,0.203786742,0.344994615,0.0,773.0
0.6487884240364119,0.0,0.19378629,0.362661924,0.0,773.0
0.5877894727620799,0.0,0.165091573,0.36377298150000004,0.0,773.0
0.5850059600601328,0.0,0.1368181785,0.336757879,0.0,773.0
0.6068892129013763,0.0,0.124750221,0.327011463,0.0,773.0
0.6666915152835867,0.002922038,0.126313688,0.330375394,0.0,773.0
0.7327585435962927,0.086297004,0.130277586,0.336382463,0.0,773.0
0.7855225321179341,0.173883695,0.120850744,0.331756918,0.0,773.0
0.8054488965932116,0.280536808,0.116213199,0.329888772,0.0,773.0
0.806053045511624,0.371043163,0.103445115,0.297143633,0.0,773.0
0.8037168535953165,0.461104274,0.1058082225,0.2766699655,0.0,773.0
0.7967936008552651,0.4217477395,0.113438105,0.282046215,0.0,773.0
0.7882705828759531,0.283772618,0.1215954525,0.2966600905,0.0,773.0
0.7865075945579033,0.165464232,0.129151,0.319213678,0.0,773.0
0.7868172265701685,0.062358304,0.132089091,0.34456256949999997,0.0,773.0
0.7780090377497981,0.0,0.15305149699999998,0.363115006,0.0,773.0
0.7428492634216577,0.0,0.136504657,0.355092835,0.0,773.0
0.648430808944068,0.0,0.14255692949999998,0.366910903,0.0,773.0
0.5874852294300836,0.0,0.131883143,0.37044176949999996,0.0,773.0
0.5842928764137644,0.0,0.1355316385,0.358379707,0.0,773.0
0.60681390673395,0.0,0.140101285,0.346070805,0.0,773.0
0.6993688453056662,0.0442924155,0.13887614250000002,0.3367158595,0.0,773.0
0.7808698243467734,0.17565785,0.132070924,0.329461487,0.0,773.0
0.8034245277614787,0.33111513400000003,0.1398939125,0.305326419,0.0,773.0
0.8025916875601018,0.40319713749999997,0.1926576775,0.287879948,0.0,773.0
0.7960947823905625,0.29388847500000004,0.2286858605,0.29383402599999997,0.0,773.0
0.7871025315530029,0.18173799499999999,0.249311065,0.280573092,0.0,773.0
0.7852926781604515,0.121471573,0.243912625,0.292318887,0.0,773.0
0.7847171490782054,0.050314081000000004,0.2402923615,0.32131395399999996,0.0,773.0
0.7771942191046703,0.0,0.2270633875,0.3291913665,0.0,773.0
0.7428334777416111,0.0,0.203667142,0.349398243,0.0,773.0
0.64867327344306,0.0,0.194507296,0.321157829,0.0,773.0
0.5876537069124144,0.0,0.1826507765,0.29095193,0.0,773.0
0.5851341460897443,0.0,0.1795042645,0.2849550335,0.0,773.0
0.6366787016576364,0.001325454,0.173510964,0.28298181099999997,0.0,773.0
0.7329571838151171,0.086647727,0.17228956,0.264033177,0.0,773.0
0.7845600077905117,0.18614624,0.181030293,0.264886819,0.0,773.0
0.8047097866083139,0.3142570165,0.20607046950000002,0.258250186,0.0,773.0
0.8035130707127801,0.364070502,0.2193665365,0.252960575,0.0,773.0
0.7976705336203616,0.3309079895,0.260874234,0.3276515335,0.0,773.0
0.7906834673837675,0.26338600300000004,0.29496034250000003,0.418246722,0.0,773.0
0.7911760433401692,0.172380458,0.303506257,0.458788474,0.0,773.0
0.7930425999729012,0.07132489,0.2937290895,0.47651953550000004,0.0,773.0
0.78220789591743,0.0,0.283138837,0.4701273005,0.0,773.0
0.7039644696783136,0.0,0.28496558800000005,0.46219662100000003,0.0,773.0
0.6094046372586062,0.0,0.27461252550000004,0.465356518,0.0,773.0
0.584183360382287,0.0,0.294761586,0.497549933,0.0,773.0
0.5990964953415014,0.0,0.30138904850000003,0.5204589095,0.0,773.0
0.6714338840116258,0.002724976,0.291076098,0.513192979,0.0,773.0
0.7372300513338809,0.121218388,0.270398236,0.490495028,0.0,773.0
0.7919935003543032,0.263045745,0.269111339,0.464153731,0.0,773.0
0.8128978618845561,0.368161874,0.305251117,0.459313141,0.0,773.0
0.8076496804162401,0.420618569,0.2915919605,0.4170232905,0.0,773.0
0.8026759374347647,0.33360080599999997,0.3328349755,0.477478449,0.0,773.0
0.7928632782615715,0.30287312499999997,0.3475958435,0.5129957325000001,0.0,773.0
0.7881012780735439,0.24105575,0.337720699,0.483998038,0.0,773.0
0.7884089423582075,0.172321653,0.29280036,0.451717011,0.0,773.0
0.7892653046708833,0.103445154,0.259125588,0.416239423,0.0,773.0
0.7929433245999062,0.008024633,0.26819017,0.37825634799999996,0.0,773.0
0.7713762327237689,0.0,0.286170028,0.360544307,0.0,773.0
0.6976637230372666,0.0,0.314662169,0.40193142400000004,0.0,773.0
0.576326471569483,0.0,0.3377558806666667,0.370684048,0.0,773.0
0.5487995008677902,0.0,0.325894517,0.369307128,0.0,773.0
0.5485643701048193,0.0008162685,0.2897809195,0.423430293,0.0,773.0
0.5752953040342996,0.041415756,0.266238292,0.455407678,0.0,773.0
0.6266880397214516,0.083132311,0.258795821,0.485149771,0.0,773.0
0.6813021284868983,0.145198831,0.282566101,0.513884814,0.0,773.0
0.688101421135613,0.194567779,0.27774417,0.506644388,0.0,773.0
0.6862080556481668,0.21566974249999998,0.312078674,0.523984346,0.0,773.0
0.6778280479841343,0.1876087355,0.3575475305,0.5081086775,0.0,773.0
0.6740534580545348,0.1458063635,0.392899866,0.5073402810000001,0.0,773.0
0.6776328734543944,0.103663562,0.383002413,0.497584585,0.0,773.0
0.6787746300877876,0.061114562,0.37749768,0.505214634,0.0,773.0
0.6816392624647046,0.0041993675,0.3879957065,0.5466657285000001,0.0,773.0
0.6786919899819127,0.0,0.393262009,0.574164661,0.0,773.0
0.6632143715170664,0.0,0.3919611435,0.610529171,0.0,773.0
0.5873126377493075,0.0,0.43348361449999995,0.622058323,0.0,773.0
0.5484645580972445,0.0,0.461009986,0.6316806395000001,0.0,773.0
0.5484998410955038,0.0,0.495644046,0.6370170980000001,0.0,773.0
0.5466852028631025,0.0,0.517049249,0.663659183,0.0,773.0
0.5740662117930648,0.039714199,0.540631373,0.676944175,0.0,773.0
0.6218437572514114,0.111647216,0.579228904,0.701494405,0.0,773.0
0.6719900051810183,0.260137256,0.632686665,0.728878736,0.0,773.0
0.6839909941119775,0.3689051965,0.6234338185,0.730897322,0.0,773.0
0.6818992567567346,0.464524836,0.68868763,0.7701128125000001,0.0,773.0
0.6733422078590405,0.447746857,0.7292170485,0.783428641,0.0,773.0
0.6730781889088756,0.331539031,0.722147541,0.780972177,0.0,773.0
0.6763571395508411,0.241065751,0.697886931,0.77297941,0.0,773.0
0.6793326294444714,0.084021918,0.671355892,0.750733452,0.0,773.0
0.6818674170456134,0.0,0.648121221,0.71218028,0.0,773.0
0.6727912069514137,0.0,0.6582200039999999,0.683276065,0.0,773.0
0.5999511433879562,0.0,0.651501869,0.663850991,0.0,773.0
0.584253792304505,0.0,0.599011167,0.610215597,0.0,773.0
0.6065164828378659,0.0,0.580958162,0.594424656,0.0,773.0
0.6654389009985286,0.001305259,0.570836116,0.579144417,0.0,773.0
0.7329041474766853,0.058858714,0.562040231,0.596356222,0.0,773.0
0.7803332004281178,0.128837951,0.539435529,0.603334978,0.0,773.0
0.8032804889809325,0.173930342,0.582342201,0.62637909,0.0,773.0
0.8042713201920278,0.1898482405,0.615743903,0.6384286935,0.0,773.0
0.8011532672798148,0.184165804,0.6655941245,0.7090693404999999,0.0,773.0
0.7912733958569311,0.15246298949999998,0.685522353,0.76218013,0.0,773.0
0.7860977929166282,0.120060917,0.67133316,0.759747704,0.0,773.0
0.7859470015011548,0.084218626,0.650300713,0.757948527,0.0,773.0
0.7845669838376221,0.041861634,0.660388784,0.7805029,0.0,773.0
0.7838448222747654,0.0010880975,0.6979528669999999,0.8261608444999999,0.0,773.0
0.7561540917922276,0.0,0.7430046530000001,0.880024626,0.0,773.0
0.6484706309005712,0.0,0.7647492025,0.8967969725,0.0,773.0
0.5922950114180501,0.0,0.771686412,0.901650665,0.0,773.0
0.5811360076083683,0.0,0.764136798,0.885933533,0.0,773.0
0.5963121105830589,0.0,0.7424819125,0.8542596565,0.0,773.0
0.6649719488878522,0.0,0.709567708,0.821967364,0.0,773.0
0.7318961890328315,0.043373255,0.683963097,0.803022335,0.0,773.0
0.7776528536830004,0.115027565,0.674695967,0.790861199,0.0,773.0
0.7990348998805749,0.204283949,0.688090611,0.788165529,0.0,773.0
0.8027989584661934,0.31773131,0.6772553075000001,0.7257633400000001,0.0,773.0
0.8009658513808464,0.3803995725,0.6988437485000001,0.7097062245,0.0,773.0
0.7907744250894645,0.3342330625,0.69180599,0.6911012925,0.0,773.0
0.7858035441590815,0.24726888,0.656422674,0.669770063,0.0,773.0
0.7852665624840394,0.128595848,0.60757771,0.660183556,0.0,773.0
0.784872099226114,0.0315987005,0.5700816135,0.644453343,0.0,773.0
0.7769379812546993,0.0,0.517774884,0.6205216205,0.0,773.0
0.707573846534527,0.0,0.5208676155,0.603029154,0.0,773.0
0.6086176336664644,0.0,0.4973606555,0.603169182,0.0,773.0
0.5823366141552127,0.0,0.49254320799999995,0.5906936275,0.0,773.0
0.5969464894438045,0.0,0.44036558449999996,0.5484128985000001,0.0,773.0
0.666708105949241,0.0,0.409727644,0.498169009,0.0,773.0
0.7344862041121903,0.079132773,0.389545184,0.465645176,0.0,773.0
0.790346065122409,0.220353356,0.378846135,0.432787003,0.0,773.0
0.8141796773767778,0.362883184,0.40081924,0.423465505,0.0,773.0
0.809416693392425,0.5103571685,0.411736182,0.410581919,0.0,773.0
0.8036001379021182,0.5510957375000001,0.425346587,0.3886757865,0.0,773.0
0.7946452271957782,0.44976844149999995,0.420269452,0.362980594,0.0,773.0
0.7893415946346348,0.348081959,0.400603167,0.336365369,0.0,773.0
0.7898857313024564,0.255258047,0.366043351,0.327363505,0.0,773.0
0.7904922057048572,0.139196814,0.345210635,0.334679791,0.0,773.0
0.795588075326795,0.008084589,0.34186545150000003,0.374100782,0.0,773.0
0.7511093355850129,0.0,0.3945563635,0.419540051,0.0,773.0
0.6490114582880795,0.0,0.4543525565,0.43706133199999997,0.0,773.0
0.5898131931519277,0.0,0.4976681855,0.44022204,0.0,773.0
0.5868005420727468,0.0,0.5130613155,0.4704700325,0.0,773.0
0.6406787629952455,0.0,0.4963985395,0.49317889000000004,0.0,773.0
0.7387173937541544,0.092199313,0.477572792,0.496121567,0.0,773.0
0.792234444489866,0.21939442,0.464211938,0.486799118,0.0,773.0
0.807148831461482,0.336534256,0.497548488,0.490490439,0.0,773.0
0.8059241664386617,0.425464289,0.563199727,0.473020379,0.0,773.0
0.8033438999846713,0.461959217,0.5821864475,0.4792929105,0.0,773.0
0.796711631525746,0.37337535850000003,0.5875295195,0.49094057950000003,0.0,773.0
0.7883652970237089,0.2490119085,0.574198424,0.520313726,0.0,773.0
0.7883354696416552,0.104504697,0.5072475385,0.5233254515,0.0,773.0
0.7888688290838904,0.0024559095,0.4582309085,0.5075301990000001,0.0,773.0
0.7554306781494936,0.0,0.4438691615,0.5070281674999999,0.0,773.0
0.6487603406998739,0.0,0.505399612,0.5333770705,0.0,773.0
0.5881078472014418,0.0,0.5376481799999999,0.5633463535000001,0.0,773.0
0.5852930538248999,0.0,0.5502411599999999,0.582423759,0.0,773.0
0.6367428952450362,0.0,0.554429029,0.614582434,0.0,773.0
0.7327585435962927,0.034206616,0.538464601,0.629042344,0.0,773.0
0.7863219227719261,0.096853022,0.523653218,0.629991783,0.0,773.0
0.8059933014096338,0.188870727,0.538831597,0.647314962,0.0,773.0
0.8070678013268222,0.240887662,0.491901737,0.608491215,0.0,773.0
0.8040613661130371,0.333551376,0.516692398,0.633243702,0.0,773.0
0.7973819194921652,0.360679922,0.5515945765,0.647945032,0.0,773.0
0.7884823257368765,0.332654567,0.55085126,0.6724176209999999,0.0,773.0
0.7881199257372073,0.179690128,0.4543638835,0.660265571,0.0,773.0
0.788077934907914,0.004292239,0.3929838805,0.638212722,0.0,773.0
0.7558934938622055,0.0,0.357849886,0.6469421565,0.0,773.0
0.6322703589072298,0.0,0.3158540045,0.5662070705,0.0,773.0
0.5600522572958977,0.0,0.2850149165,0.450341679,0.0,773.0
0.5488619504096744,0.0,0.262551637,0.3802484175,0.0,773.0
0.5488997601045859,0.0,0.2437659585,0.340890354,0.0,773.0
0.5753965023984791,0.071429717,0.221474427,0.318652553,0.0,773.0
0.6268804194059387,0.168161616,0.206198423,0.304692631,0.0,773.0
0.677880033455353,0.272066538,0.249139662,0.299954888,0.0,773.0
0.6866551304172492,0.370175595,0.217845341,0.23247937,0.0,773.0
0.6845536666361572,0.37107365400000003,0.29602243100000003,0.27666635900000003,0.0,773.0
0.6777018295471731,0.2673644585,0.3942136395,0.356373834,0.0,773.0
0.6736403918018877,0.224544417,0.427052217,0.389977189,0.0,773.0
0.6734953244885992,0.153531703,0.417363073,0.422751001,0.0,773.0
0.6770298870080731,0.08480883,0.412778628,0.458326875,0.0,773.0
0.6787746300877876,0.032658275,0.440472462,0.494393696,0.0,773.0
0.6840128392486491,0.0011993615,0.51646719,0.558608796,0.0,773.0
0.6769025730349572,0.0,0.609885577,0.640177493,0.0,773.0
0.6316355776211562,0.0,0.7210496485,0.713136904,0.0,773.0
0.559482519251773,0.0,0.793357009,0.738170395,0.0,773.0
0.5475869545557923,0.0,0.7724454415,0.769533515,0.0,773.0
0.5480788149994209,0.0,0.725484032,0.812925845,0.0,773.0
0.5740115209494276,0.022464563,0.698941644,0.815751847,0.0,773.0
0.6230794679183216,0.077891384,0.673405501,0.804522618,0.0,773.0
0.6725451425540854,0.165033786,0.68867301,0.793131981,0.0,773.0
0.6842079467749766,0.326073864,0.6835739835000001,0.730468813,0.0,773.0
0.681769438421437,0.33221589399999996,0.6629266885,0.666255305,0.0,773.0
0.6732480304133404,0.28229696,0.6282452075,0.5988878495,0.0,773.0
0.6722506255129868,0.21124221,0.550293105,0.533113982,0.0,773.0
0.6762850754578886,0.129592349,0.43372639749999997,0.4891653625,0.0,773.0
0.6789825047668228,0.002083281,0.36046598750000003,0.475750794,0.0,773.0
0.6738226650371442,0.0,0.365980785,0.4994866235,0.0,773.0
0.6717506708817192,0.0,0.363602398,0.483475427,0.0,773.0
0.6079881291858786,0.0,0.34599911299999997,0.4471496315,0.0,773.0
0.5809525046277053,0.0,0.321329703,0.39196589400000004,0.0,773.0
0.5965394378438893,0.0,0.323777172,0.3706369485,0.0,773.0
0.6651908466740794,0.0,0.361554521,0.44657488,0.0,773.0
0.731961120534951,0.025212851,0.405225564,0.500437564,0.0,773.0
0.7776073300937347,0.069826855,0.470446579,0.554597456,0.0,773.0
0.7987388623410956,0.105630777,0.53831116,0.600903041,0.0,773.0
0.802153355218116,0.158961316,0.6137288359999999,0.671063717,0.0,773.0
0.8006245585356533,0.247550906,0.6941532465,0.7375796895,0.0,773.0
0.7909827245957743,0.275821127,0.713908947,0.7535497485,0.0,773.0
0.7849436937553748,0.256034314,0.729790564,0.758465637,0.0,773.0
0.7831612082540639,0.185141018,0.748305645,0.784866754,0.0,773.0
0.7822054810955587,0.044880232,0.784711683,0.8427579735,0.0,773.0
0.7750284946652903,0.0,0.7775002719999999,0.883428503,0.0,773.0
0.7433574461799128,0.0,0.717470476,0.855811542,0.0,773.0
0.6485527791082835,0.0,0.64008281,0.8325714865,0.0,773.0
0.5870755841975795,0.0,0.5726669664999999,0.829935275,0.0,773.0
0.5843627268975096,0.0,0.5472065395,0.8239890624999999,0.0,773.0
0.6064333509687798,0.0,0.540909238,0.809702132,0.0,773.0
0.6649511994222869,0.0,0.531160529,0.79324806,0.0,773.0
0.7318287532360062,0.009791717,0.526159973,0.775956394,0.0,773.0
0.7776014271808324,0.042579776,0.520770171,0.777565299,0.0,773.0
0.7989030692836857,0.090289416,0.546918809,0.790811615,0.0,773.0
0.8025163365887824,0.174561633,0.558341555,0.791194774,0.0,773.0
0.8024856595521798,0.26740405,0.629704814,0.799786893,0.0,773.0
0.7999875860423188,0.387723811,0.7051222095,0.8218616315,0.0,773.0
0.7916917388475905,0.399290682,0.772547974,0.828322959,0.0,773.0
0.7874293354669681,0.346340398,0.79360368,0.853658782,0.0,773.0
0.7835981988409109,0.299884498,0.800534972,0.871553405,0.0,773.0
0.7840759729810668,0.21400909,0.808358167,0.888680071,0.0,773.0
0.7834826459571823,0.126665211,0.819049413,0.897330237,0.0,773.0
0.782870358047238,0.0016549705,0.8268092595,0.8963944345,0.0,773.0
0.7554328470222837,0.0,0.8424492029999999,0.8968486545000001,0.0,773.0
0.6484706309005712,0.0,0.8392747085,0.9010233304999999,0.0,773.0
0.5867525589251924,0.0,0.8216857150000001,0.8940908715,0.0,773.0
0.583734072071473,0.0,0.8095877065,0.898693513,0.0,773.0
0.635621329040682,0.0,0.822075595,0.8986646119999999,0.0,773.0
0.7320237265530821,0.04484418,0.80365412,0.871726865,0.0,773.0
0.7776076878501211,0.125050039,0.787495846,0.818073223,0.0,773.0
0.798745570104654,0.223254326,0.781457046,0.741363621,0.0,773.0
0.8027216845711653,0.268894347,0.839294897,0.802681955,0.0,773.0
0.8021863576037556,0.360237508,0.864777763,0.793908233,0.0,773.0
0.7957291179819486,0.424172263,0.900879647,0.8779242745,0.0,773.0
0.7889535261202987,0.361363664,0.927307651,0.892403835,0.0,773.0
0.786661605645904,0.322550375,0.921520155,0.908466974,0.0,773.0
0.7865075945579033,0.200046266,0.909546956,0.916463365,0.0,773.0
0.7871300782549613,0.100569691,0.899515172,0.910977083,0.0,773.0
0.7866819526186656,0.0012126705,0.8577775480000001,0.8933146245,0.0,773.0
0.7706848822043393,0.0,0.816911749,0.874100379,0.0,773.0
0.707441211019506,0.0,0.7585795285000001,0.8562228679999999,0.0,773.0
0.6088202091380652,0.0,0.6914882529999999,0.8223551695,0.0,773.0
0.5819756674480845,0.0,0.6277735099999999,0.7446585815,0.0,773.0
0.5967731599157846,0.0,0.5564017845,0.6780228150000001,0.0,773.0
0.6653784413837653,0.0,0.518737242,0.641628837,0.0,773.0
0.7329041474766853,0.037234268,0.490848681,0.62319823,0.0,773.0
0.7830932358901346,0.110217854,0.464681054,0.597088385,0.0,773.0
0.8059805119224555,0.185535037,0.461812537,0.576603109,0.0,773.0
0.8091885388115162,0.214424201,0.454106018,0.560326165,0.0,773.0
0.8071356842179171,0.238340946,0.4566582615,0.545538588,0.0,773.0
0.7995094094768348,0.20671001849999998,0.4552261645,0.545475223,0.0,773.0
0.7915515906508791,0.147627684,0.423422681,0.59202689,0.0,773.0
0.7889150681859293,0.11449929,0.409506562,0.621114295,0.0,773.0
0.7891637933542102,0.065905326,0.418978304,0.623519328,0.0,773.0
0.7881825765592314,0.009048731,0.4268906315,0.653863569,0.0,773.0
0.7773128129851603,0.0,0.487988398,0.7206198575,0.0,773.0
0.7074810329760092,0.0,0.534014108,0.777758578,0.0,773.0
0.6086176336664644,0.0,0.6083455855,0.8141613305,0.0,773.0
0.5828142764205875,0.0,0.7027090925,0.8556909779999999,0.0,773.0
0.5965897686749513,0.0,0.7474819355,0.89103954,0.0,773.0
0.6663236148638189,0.0,0.763684895,0.89524043,0.0,773.0
0.7371798322426484,0.060738691,0.775680711,0.894757556,0.0,773.0
0.8059724626061854,0.247688925,0.808598346,0.9021094194999999,0.0,773.0
0.81520605993716,0.4366427685,0.806745583,0.9183139705000001,0.0,773.0
0.8080858662199066,0.5029940465,0.789656288,0.91590981,0.0,773.0
0.797629526654869,0.4571304175,0.794492867,0.9080357299999999,0.0,773.0
0.792683598658904,0.369309054,0.777203148,0.903742636,0.0,773.0
0.7946015817938039,0.27282201,0.722172574,0.891986656,0.0,773.0
0.7981194195058475,0.147973068,0.683163185,0.878279123,0.0,773.0
0.7984989467382753,0.00072124,0.6292366119999999,0.8546009274999999,0.0,773.0
0.7518054262753506,0.0,0.5985151415000001,0.821176643,0.0,773.0
0.6326602608724403,0.0,0.554082368,0.7729908384999999,0.0,773.0
0.5615381016872127,0.0,0.4999601835,0.711543587,0.0,773.0
0.5497558764007047,0.0,0.43370208499999996,0.6292648825,0.0,773.0
0.5501861816259397,0.0,0.377620462,0.5299104925,0.0,773.0
0.5762779517873488,0.023175229,0.343371842,0.466850523,0.0,773.0
0.6366645034119068,0.08176066,0.316045584,0.442667868,0.0,773.0
0.6980364753677721,0.156610189,0.328705033,0.422220255,0.0,773.0
0.7093254091851053,0.219960514,0.33616624250000005,0.383498026,0.0,773.0
0.7074057490755778,0.281454329,0.2949913905,0.3806092145,0.0,773.0
0.7070228680288466,0.24893665399999998,0.2740153275,0.38792232449999997,0.0,773.0
0.7166440419759948,0.195994144,0.25327859,0.386896714,0.0,773.0
0.7226458220905335,0.12021554300000001,0.227206623,0.3523546365,0.0,773.0
0.7143210867086109,0.0,0.224133157,0.3263985425,0.0,773.0
0.6871278960354694,0.0,0.2167369535,0.334720292,0.0,773.0
0.6334880255484688,0.0,0.20072902050000002,0.330470632,0.0,773.0
0.562616268438674,0.0,0.21070216949999998,0.315556215,0.0,773.0
0.5507209272898281,0.0,0.2553629665,0.3965526125,0.0,773.0
0.554734762045892,0.0,0.30699734300000003,0.49501594550000005,0.0,773.0
0.5878153648913572,0.019268418,0.340757338,0.556589,0.0,773.0
0.6421067190699152,0.148894706,0.346680436,0.612362546,0.0,773.0
0.7004175649008826,0.288265811,0.406762343,0.682828542,0.0,773.0
0.7156260218193278,0.42168421,0.441442626,0.749552144,0.0,773.0
0.7130335471816802,0.5566256645,0.5026257795,0.7811051815,0.0,773.0
0.7042079180411065,0.5541450080000001,0.58634902,0.826166052,0.0,773.0
0.6998975092459347,0.458149902,0.6098452415,0.8517427495000001,0.0,773.0
0.7131022797948,0.301864404,0.557966236,0.849199635,0.0,773.0
0.7208686579961765,0.150915553,0.524609719,0.836505427,0.0,773.0
0.7173133237441424,0.0,0.468405996,0.7921057730000001,0.0,773.0
0.689197207085471,0.0,0.404239691,0.6785416879999999,0.0,773.0
0.6530232135767122,0.0,0.3596526885,0.585105285,0.0,773.0
0.6000483765851136,0.0,0.3269373135,0.5449079915,0.0,773.0
0.5999731374210995,0.0,0.29816789450000003,0.5196874745,0.0,773.0
0.6648150310798175,0.0,0.265351285,0.457976559,0.0,773.0
0.7588000946664695,0.06786154,0.242089187,0.402885571,0.0,773.0
0.8061825507594764,0.28387085,0.203069375,0.359237733,0.0,773.0
0.8214858112310361,0.449986485,0.195472439,0.33915752,0.0,773.0
0.8193913683684233,0.601900101,0.182598806,0.270700844,0.0,773.0
0.8129058217279919,0.698886585,0.2110989495,0.262381713,0.0,773.0
0.8028110325080744,0.562405116,0.234815031,0.251926976,0.0,773.0
0.796103591956023,0.445041751,0.221091936,0.240274385,0.0,773.0
0.7949765924024583,0.345227646,0.196620212,0.239723301,0.0,773.0
0.7976411087985874,0.229153117,0.173694058,0.220250284,0.0,773.0
0.8076607707292717,0.109600022,0.162918,0.206656772,0.0,773.0
0.8044006912306285,0.0,0.175523335,0.1941748415,0.0,773.0
0.7539586741800457,0.0,0.215026464,0.193014703,0.0,773.0
0.6546977036798778,0.0,0.2655207855,0.2143166335,0.0,773.0
0.604451196513475,0.0,0.298834229,0.242711551,0.0,773.0
0.6037134728851821,0.0,0.351305018,0.281595003,0.0,773.0
0.6366221996301201,0.0,0.390329506,0.330065631,0.0,773.0
0.6938548338382574,0.0,0.430286582,0.364706305,0.0,773.0
0.7586557428659539,0.052668444,0.479500105,0.399352336,0.0,773.0
0.8048395601397184,0.177630042,0.521103893,0.428493896,0.0,773.0
0.8191041851308216,0.294802526,0.54307118,0.44607672,0.0,773.0
0.8117235498923172,0.4130993145,0.6205094295,0.4961724815,0.0,773.0
0.8037525390189038,0.4293636035,0.694273774,0.5525306925,0.0,773.0
0.7938223592343803,0.394192427,0.727725608,0.583823796,0.0,773.0
0.7890193520808603,0.268690868,0.722144323,0.597152846,0.0,773.0
0.7912193310532327,0.158969805,0.710280358,0.601128141,0.0,773.0
0.7959131799991377,0.048739703,0.727913113,0.617442707,0.0,773.0
0.7983199379794392,0.0,0.7463096685,0.6407306349999999,0.0,773.0
0.7535156688055156,0.0,0.7505392550000001,0.6618140035,0.0,773.0
0.6490165786173206,0.0,0.754286646,0.663000264,0.0,773.0
0.5882426739911994,0.0,0.747634007,0.6549270494999999,0.0,773.0
0.5850424057329104,0.0,0.725220692,0.645906985,0.0,773.0
0.636238424057471,0.0,0.6921054965,0.642393148,0.0,773.0
0.7344538277664894,0.035981223,0.639432843,0.627002083,0.0,773.0
0.7952026452489407,0.1645848085,0.5789263585,0.602826319,0.0,773.0
0.8031535774331446,0.3197620605,0.5139593225000001,0.5391331755,0.0,773.0
0.800038207626355,0.388032836,0.5124279135,0.5315816105,0.0,773.0
0.78956576922635,0.3156053695,0.45152044849999995,0.5057590075,0.0,773.0
0.7838148160819942,0.219164845,0.372929309,0.472065919,0.0,773.0
0.783660626183276,0.130049657,0.3420867,0.451974861,0.0,773.0
0.7836913925577618,0.044652808,0.336766239,0.440556102,0.0,773.0
0.7846873665000448,0.0,0.35357894300000003,0.4308341565,0.0,773.0
0.7563119486601702,0.0,0.3848098815,0.4075413035,0.0,773.0
0.6486002479557289,0.0,0.409743558,0.407493932,0.0,773.0
0.5874957383046424,0.0,0.4403597035,0.423483539,0.0,773.0
0.5847521369645573,0.0,0.4521562055,0.4173593805,0.0,773.0
0.6367955738270815,0.0,0.4702287825,0.42635904150000004,0.0,773.0
0.7338916248734771,0.042939305,0.484417277,0.450169661,0.0,773.0
0.7862171021749397,0.21289745,0.467176646,0.459274674,0.0,773.0
0.8043538261561267,0.351880562,0.43768645,0.45332731,0.0,773.0
0.8030128030615433,0.48684385350000003,0.40010133950000004,0.426372329,0.0,773.0
0.8001282262046685,0.5594987524999999,0.3885208765,0.40391461100000003,0.0,773.0
0.7917022029857319,0.514231536,0.393398391,0.393191517,0.0,773.0
0.7873484841430259,0.441593294,0.392921252,0.400774151,0.0,773.0
0.7844535773572615,0.32498215,0.389238145,0.420299383,0.0,773.0
0.7852926781604515,0.190090011,0.38489895,0.452768585,0.0,773.0
0.7884524089494642,0.023684125,0.3956367915,0.511414373,0.0,773.0
0.7800993666163929,0.0,0.392248887,0.572636594,0.0,773.0
0.7051013297320277,0.0,0.3865499715,0.5921858074999999,0.0,773.0
0.609173665430498,0.0,0.358178341,0.604005356,0.0,773.0
0.5828373512351899,0.0,0.3361674785,0.606456009,0.0,773.0
0.5969544046857743,0.0,0.3362430545,0.5982077155000001,0.0,773.0
0.6681008237620689,0.0,0.320958672,0.585632115,0.0,773.0
0.7414168801285733,0.024190174,0.300521611,0.562948804,0.0,773.0
0.795651665208727,0.226370241,0.270954952,0.53527241,0.0,773.0
0.8183195515566581,0.404391241,0.248399588,0.505084405,0.0,773.0
0.8167443816303805,0.527825029,0.212803302,0.428393229,0.0,773.0
0.8095090821236682,0.610976599,0.207518939,0.3856827055,0.0,773.0
0.8025218370088809,0.547686307,0.188166824,0.36925708150000003,0.0,773.0
0.7954441706880249,0.43183221,0.188235537,0.370706472,0.0,773.0
0.7950411661481912,0.341319017,0.177263822,0.373140388,0.0,773.0
0.7977843873299433,0.241280158,0.166091863,0.373414641,0.0,773.0
0.8109515270620903,0.078843904,0.172477099,0.378190232,0.0,773.0
0.8039242139742426,0.0,0.1932270505,0.370202915,0.0,773.0
0.75338511269045,0.0,0.197961835,0.323999245,0.0,773.0
0.638196251483345,0.0,0.19955042150000002,0.2968137955,0.0,773.0
0.577525937708804,0.0,0.222794116,0.2887239285,0.0,773.0
0.568627171206118,0.0,0.268604187,0.30207776799999997,0.0,773.0
0.5663126454808131,0.0,0.33674773550000003,0.32925051299999997,0.0,773.0
0.6035371919681867,0.028073698,0.360291492,0.343489514,0.0,773.0
0.6527367905883008,0.242405045,0.36357526,0.340632882,0.0,773.0
0.6983911837400822,0.412292668,0.363291085,0.334992814,0.0,773.0
0.7015044518124456,0.586061778,0.424959337,0.345400811,0.0,773.0
0.6890890326741811,0.5944933525,0.46259837400000003,0.357118778,0.0,773.0
0.6792146169349786,0.4754976325,0.477867304,0.379250914,0.0,773.0
0.6801767387695973,0.298586334,0.47545589,0.388510411,0.0,773.0
0.6891953288307038,0.178160407,0.450722037,0.384536112,0.0,773.0
0.7114682600900228,0.029954587,0.453069405,0.403304826,0.0,773.0
0.7120411954722041,0.0,0.480679578,0.4407097185,0.0,773.0
0.697228588168289,0.0,0.489476224,0.464450919,0.0,773.0
0.6672272000748587,0.0,0.488570141,0.493142776,0.0,773.0
0.5916681900428877,0.0,0.4572224125,0.4886423795,0.0,773.0
0.5544388809826594,0.0,0.44224403349999997,0.4958953235,0.0,773.0
0.5533439447548264,0.0,0.433515951,0.5057517995,0.0,773.0
0.5622722478191159,0.0,0.439900824,0.520926953,0.0,773.0
0.5898889689505217,0.022458811,0.437863788,0.525387371,0.0,773.0
0.6376173685867955,0.142748262,0.436623896,0.539632976,0.0,773.0
0.6975442571002812,0.256495983,0.441443689,0.55257938,0.0,773.0
0.7079796683890359,0.347114729,0.554511478,0.569713585,0.0,773.0
0.7035899957717149,0.357816767,0.5919869515,0.5963201385,0.0,773.0
0.6956474259237504,0.2947508935,0.6544227705,0.640977874,0.0,773.0
0.6948383312458558,0.291093508,0.670529068,0.674520335,0.0,773.0
0.7028078216883643,0.230575232,0.657862415,0.687125913,0.0,773.0
0.7117662652221525,0.17112226,0.642573012,0.71700193,0.0,773.0
0.7166437288885499,0.055211709,0.619934126,0.756781604,0.0,773.0
0.7136628280476556,0.0,0.594260465,0.807388769,0.0,773.0
0.6867515661410983,0.0,0.548034917,0.8157337675,0.0,773.0
0.6560967044289896,0.0,0.48381801750000003,0.7781536115,0.0,1168.5
0.5954104930321451,0.0,0.415965747,0.7269700164999999,0.0,1564.0
0.5988332365730511,0.0,0.365327355,0.6892110345,0.0,1564.0
0.6834197804408408,0.0,0.3124931245,0.6464417925,0.0,1564.0
0.791311809122359,0.024091529,0.256105781,0.594210995,0.0,1564.0
0.8361681978418015,0.201203192,0.202380907,0.552930515,0.0,1564.0
0.8504615322768573,0.328613061,0.187840082,0.507997086,0.0,1564.0
0.8476803895928885,0.407949982,0.187794828,0.445251372,0.0,1564.0
0.8382646084994919,0.4460478875,0.2320404715,0.4471255035,0.0,1564.0
0.8248794652371325,0.32032782049999997,0.3631953705,0.467941352,0.0,1564.0
0.8203207113645371,0.226688004,0.45025229,0.520683449,0.0,1564.0
0.8210395191130905,0.144002265,0.50056833,0.572245135,0.0,1564.0
0.8291911932505452,0.0371609455,0.571164186,0.6088487455,0.0,1564.0
0.8243414551642994,0.0,0.6829752124999999,0.6532460954999999,0.0,1564.0
0.7895683182574732,0.0,0.738786004,0.715565756,0.0,1564.0
0.7182671949823511,0.0,0.768520809,0.7962089325,0.0,1564.0
0.6130673858076914,0.0,0.809250757,0.873251963,0.0,1564.0
0.586094546280794,0.0,0.822505906,0.9012993709999999,0.0,1564.0
0.6036238119957795,0.0,0.8062797085,0.9045865345,0.0,1564.0
0.68823906517257,0.0,0.794271967,0.899759833,0.0,1564.0
0.7569054547646752,0.005702755,0.776986263,0.894279018,0.0,1564.0
0.8092686746901611,0.12391756200000001,0.7775235315,0.8856406015,0.0,1564.0
0.8188416418751443,0.268931174,0.799425654,0.8385582405,0.0,1564.0
0.8139041210193118,0.301329226,0.81337983,0.81404926,0.0,1564.0
0.8058902696620558,0.2961231575,0.7880756505,0.7946697295,0.0,1564.0
0.8034829750471745,0.192069553,0.720852837,0.77985313,0.0,1564.0
0.8065625252211253,0.07219756799999999,0.6435410565,0.7488189359999999,0.0,1564.0
0.8068989436861584,0.0,0.55913514,0.6950568425,0.0,1564.0
0.7715960249009624,0.0,0.477355028,0.598505312,0.0,1564.0
0.6545922123065354,0.0,0.4395466225,0.588409985,0.0,1564.0
0.5907734816031479,0.0,0.3872884915,0.560458529,0.0,1564.0
0.5882060941091702,0.0,0.314863185,0.5051496995,0.0,1564.0
0.6526858560517711,0.0,0.26314086049999996,0.471627767,0.0,1564.0
0.758877547372215,0.008690882,0.249664974,0.431219339,0.0,1564.0
0.8040131593508723,0.060311612,0.275368246,0.389098608,0.0,1564.0
0.8251451388274541,0.107687511,0.331818647,0.371469042,0.0,1564.0
0.8234316988242809,0.1369717615,0.3211158685,0.34938574099999997,0.0,1564.0
0.815793528919511,0.162801811,0.4283071565,0.398418636,0.0,1564.0
0.807732052238563,0.143055295,0.466547323,0.435042791,0.0,1564.0
0.8041051903257289,0.117955596,0.475205098,0.447263598,0.0,1564.0
0.8024650890322833,0.082572982,0.449875411,0.456632835,0.0,1564.0
0.8064738033916303,0.0281574285,0.410589127,0.462805673,0.0,1564.0
0.8090045662671616,0.0,0.4094191395,0.475676928,0.0,1564.0
0.7712103712084977,0.0,0.40155516550000003,0.4676884985,0.0,1564.0
0.654771578821758,0.0,0.40956628900000003,0.459899836,0.0,1564.0
0.5908651771560889,0.0,0.4130295475,0.46727133249999997,0.0,1564.0
0.5883273040241955,0.0,0.414487256,0.4455969715,0.0,1564.0
0.6529680978383248,0.0,0.4465822525,0.4358490615,0.0,1564.0
0.7599257526673224,0.007626039,0.486140574,0.487082602,0.0,1564.0
0.8085599733908383,0.063550677,0.533987309,0.534675824,0.0,1564.0
0.8271427212064191,0.109109433,0.603692995,0.58084583,0.0,1564.0
0.8287141347581137,0.169046363,0.615558849,0.592446649,0.0,1564.0
0.825733546869713,0.22235113,0.656672927,0.62035757,0.0,1564.0
0.8161580306536066,0.272867647,0.6461976869999999,0.6323486915,0.0,1564.0
0.8041680648298394,0.25994071350000003,0.5646697315,0.607104279,0.0,1564.0
0.8018775753135152,0.173578192,0.480645875,0.576040302,0.0,1564.0
0.8044319049018112,0.106692652,0.408715987,0.549425142,0.0,1564.0
0.8093350371503509,0.007592553,0.366119964,0.517426231,0.0,1564.0
0.8089902562816026,0.0,0.326308051,0.464145316,0.0,1564.0
0.7714037346893099,0.0,0.2746377995,0.3910896025,0.0,1564.0
0.6550273249085181,0.0,0.2508780995,0.3569533435,0.0,1564.0
0.5913501732924367,0.0,0.2406156025,0.32167303950000004,0.0,1564.0
0.5888109363408365,0.0,0.22383184750000001,0.28535257,0.0,1564.0
0.6533606829089587,0.0,0.2106746615,0.269155141,0.0,1564.0
0.7615062888044467,0.004660024,0.204870464,0.25764408,0.0,1564.0
0.8139474087323753,0.088089872,0.196218175,0.251621502,0.0,1564.0
0.8374552007341524,0.18416882,0.182824485,0.254659188,0.0,1564.0
0.8360431644813053,0.272233839,0.185929323,0.235768498,0.0,1564.0
0.8261293964167672,0.34763712849999995,0.1921861805,0.239158226,0.0,1564.0
0.8137279742440924,0.3145617785,0.2066383085,0.2241987615,0.0,1564.0
0.8068762266279428,0.263657309,0.190036102,0.219415123,0.0,1564.0
0.8065786685900826,0.196382209,0.170354416,0.217609677,0.0,1564.0
0.8142121430603617,0.0510939735,0.160788577,0.2147573055,0.0,1564.0
0.8165768208734869,0.0,0.16937363249999998,0.225274898,0.0,1564.0
0.7888925299384313,0.0,0.185764501,0.232702836,0.0,1564.0
0.7116754639252265,0.0,0.1910066835,0.24609380549999998,0.0,1564.0
0.5953696872793167,0.0,0.2148496305,0.2720825845,0.0,1564.0
0.5598090995511276,0.0,0.226778231,0.30809643,0.0,1564.0
0.5575757605042048,0.0,0.2529055645,0.353454451,0.0,1564.0
0.564202215590538,0.0,0.28990588500000003,0.4016688695,0.0,1564.0
0.6141496443556514,0.002192143,0.315046658,0.441301687,0.0,1564.0
0.6697754479395348,0.090551381,0.314856688,0.471049398,0.0,1564.0
0.725337706242952,0.2068422,0.29842434,0.510849009,0.0,1564.0
0.7372766928612478,0.316197317,0.309740933,0.54016846,0.0,1564.0
0.736730968759109,0.397428154,0.34741840850000005,0.5895135925,0.0,1564.0
0.7331109041501436,0.41135350849999996,0.3838605345,0.6666042985,0.0,1564.0
0.7341438379978374,0.372724751,0.38665932,0.696053734,0.0,1564.0
0.7437167159124135,0.304492985,0.368399947,0.695085382,0.0,1564.0
0.7479716064089185,0.208951184,0.341178031,0.680812931,0.0,1564.0
0.7526109433219038,0.025388488,0.32147413,0.658836793,0.0,1564.0
0.7508815387604906,0.0,0.3120175545,0.6330286495,0.0,1564.0
0.711535069711958,0.0,0.284985399,0.5830729465,0.0,1564.0
0.6476696750792571,0.0,0.3045150705,0.5520905825,0.0,1564.0
0.5864529215548525,0.0,0.357382566,0.5345851475000001,0.0,1564.0
0.5801386921808491,0.0,0.40302793800000003,0.519282933,0.0,1564.0
0.5848253637320282,0.0,0.457827431,0.509725792,0.0,1564.0
0.6312003756812905,0.006566564,0.522734947,0.52339134,0.0,1564.0
0.685683483504397,0.099463502,0.553437396,0.535804842,0.0,1564.0
0.7331694185067275,0.15691588,0.584556311,0.558335592,0.0,1564.0
0.7353145276897937,0.2637766155,0.6240044505,0.5720627469999999,0.0,1564.0
0.7206912144046628,0.3554419735,0.683756936,0.576639907,0.0,1564.0
0.7090720109168043,0.30768453,0.71547261,0.581453742,0.0,1564.0
0.7077144866968768,0.234621952,0.726189397,0.588586884,0.0,1564.0
0.7144001045816788,0.142402121,0.721496134,0.597633915,0.0,1564.0
0.7340553845868463,0.039469641,0.726359487,0.6030531285,0.0,1564.0
0.7362764483792241,0.0,0.7569592985,0.6254515155,0.0,1564.0
0.7094033314545428,0.0,0.7715029855,0.6661429925,0.0,1564.0
0.6549437456752596,0.0,0.7506249845,0.6862002389999999,0.0,1564.0
0.5912612055138606,0.0,0.715351061,0.684775602,0.0,1564.0
0.588466826248444,0.0,0.668760201,0.6548509259999999,0.0,1564.0
0.6537812395088252,0.0,0.628516565,0.6302180454999999,0.0,1564.0
0.765521845136604,0.003872673,0.60668446,0.62115477,0.0,1564.0
0.8149218282234852,0.067223226,0.592898122,0.626910367,0.0,1564.0
0.8314082100503172,0.19869196249999999,0.601448992,0.6462157079999999,0.0,1564.0
0.822431476676728,0.28691973800000004,0.659043109,0.680851613,0.0,1564.0
0.8138441085662936,0.23787569600000003,0.692865288,0.7164290275,0.0,1564.0
0.8116804411923985,0.183109974,0.714476677,0.733701362,0.0,1564.0
0.8137822179259842,0.0922947065,0.7166610019999999,0.7309394060000001,0.0,1564.0
0.8151581662624402,0.001846668,0.7348724495,0.7100785034999999,0.0,1564.0
0.7986846632606696,0.0,0.7495851765,0.712719248,0.0,1564.0
0.7180239254977515,0.0,0.753747028,0.7208886055,0.0,1564.0
0.6125453178236759,0.0,0.7690993395000001,0.733757314,0.0,1564.0
0.5859183101002159,0.0,0.760536761,0.723659125,0.0,1564.0
0.59140421582914,0.0,0.754956234,0.703442807,0.0,1564.0
0.6533220906978617,0.0,0.7562451305,0.714344673,0.0,1564.0
0.7615193467101286,0.004492811,0.75392494,0.724198313,0.0,1564.0
0.8090720019965111,0.11456066,0.749476533,0.720219809,0.0,1564.0
0.8251451388274541,0.234046748,0.731726688,0.703572555,0.0,1564.0
0.8195390293143007,0.361728647,0.707853141,0.6705774105,0.0,1564.0
0.8120573747247616,0.4393435025,0.687892334,0.6327305974999999,0.0,1564.0
0.8019620935392058,0.37428071900000004,0.6358514534999999,0.589119705,0.0,1564.0
0.8011914122616907,0.20355726149999998,0.575320024,0.5735501985,0.0,1564.0
0.8127156779871827,0.0032816595,0.564668972,0.576864948,0.0,1564.0
0.8004117424730459,0.0,0.5582773225,0.5980649085,0.0,1564.0
0.7181397021310421,0.0,0.5501297285,0.618822879,0.0,1564.0
0.6131413280879353,0.0,0.556986991,0.6129015090000001,0.0,1564.0
0.5864771591114488,0.0,0.5270331715000001,0.6048295475000001,0.0,1564.0
0.6037918199818941,0.0,0.520708824,0.600109398,0.0,1564.0
0.6913202699192018,0.0,0.536973264,0.626367553,0.0,1564.0
0.7634214993610888,0.004456627,0.551399734,0.666010377,0.0,1564.0
0.8068477854675423,0.195039241,0.555175563,0.703040841,0.0,1564.0
0.8191791335418614,0.377412642,0.552625729,0.732394523,0.0,1564.0
0.8126927820507739,0.6023296455,0.5432313495,0.7428227869999999,0.0,1564.0
0.8090694082964465,0.76161377,0.5940756355,0.779889685,0.0,1564.0
0.8015500558867769,0.737864788,0.610190825,0.802469627,0.0,1564.0
0.7979284708469065,0.62930985,0.61730972,0.815286852,0.0,1564.0
0.7953820117641633,0.470744207,0.673778386,0.840779772,0.0,1564.0
0.7972386408258578,0.261714058,0.711675687,0.86688864,0.0,1564.0
0.7985776962603153,0.0098432,0.737676906,0.882158834,0.0,1564.0
0.7993071022213103,0.0,0.749239266,0.8916600935000001,0.0,1564.0
0.768916348932201,0.0,0.738790844,0.8871221705000001,0.0,1564.0
0.6542037413668713,0.0,0.709295937,0.8789147429999999,0.0,1564.0
0.5900533771057759,0.0,0.7048145755,0.888029088,0.0,1564.0
0.5877367495110931,0.0,0.707512452,0.893868491,0.0,1564.0
0.6519832812799613,0.0,0.719272801,0.9074787275,0.0,1564.0
0.7550084893788925,0.001995099,0.718816868,0.915155267,0.0,1564.0
0.7960650445488192,0.076285481,0.690811172,0.914126693,0.0,1564.0
0.8141318284384751,0.153624816,0.699079544,0.90783916,0.0,1564.0
0.8164113171146024,0.2158412005,0.6444518735,0.8696479595,0.0,1564.0
0.8147783260100432,0.2514235385,0.630713694,0.825888877,0.0,1564.0
0.8066764236671241,0.281281767,0.617372674,0.761392297,0.0,1564.0
0.8031207539256984,0.266942343,0.608747149,0.673565792,0.0,1564.0
0.8028706872047059,0.232529264,0.571986681,0.590139568,0.0,1564.0
0.8050768373735326,0.143255268,0.519602929,0.542000743,0.0,1564.0
0.8109249641564571,0.003659877,0.5086459555,0.5941073965,0.0,1564.0
0.7978670274358182,0.0,0.5417081695,0.687546172,0.0,1564.0
0.7556353554904721,0.0,0.553728522,0.739469538,0.0,1564.0
0.6548879367585698,0.0,0.5727914395,0.8049120590000001,0.0,1564.0
0.5907964222084984,0.0,0.6346652660000001,0.8294339525000001,0.0,1564.0
0.5881896823217092,0.0,0.7771692375,0.806799456,0.0,1564.0
0.6520774363911908,0.0,0.892988715,0.890760244,0.0,1564.0
0.7547524302721632,0.0,0.926877222,0.921724738,0.0,1564.0
0.7964446163827126,0.037582447,0.928513091,0.923941228,0.0,1564.0
0.8141712703041211,0.090779276,0.926722486,0.906147824,0.0,1564.0
0.8175304462300902,0.138173959,0.916982458,0.888474447,0.0,1564.0
0.8172116022270364,0.1494747615,0.9083123035,0.85690339,0.0,1564.0
0.8097237317046256,0.1414773525,0.8910154795,0.853987472,0.0,1564.0
0.8023434542899835,0.106598766,0.884224673,0.877538856,0.0,1564.0
0.8006299248139758,0.080594647,0.867385765,0.907573886,0.0,1564.0
0.8006286727340987,0.045922395,0.874777617,0.914256415,0.0,1564.0
0.7986068081295958,0.001338364,0.8786883885,0.907348263,0.0,1564.0
0.7876825325900809,0.0,0.8453858805000001,0.905440441,0.0,1564.0
0.7097715672287507,0.0,0.7212796765,0.8652662365,0.0,1564.0
0.5931676289069887,0.0,0.6507616190000001,0.8149914315,0.0,1564.0
0.5544036427208177,0.0,0.5575903935,0.7337576365,0.0,1564.0
0.5546210871470278,0.0,0.4715288605,0.656859285,0.0,1564.0
0.576017152577187,0.0,0.406110654,0.5646435830000001,0.0,1564.0
0.6390374094869713,0.024654324,0.357907657,0.525148529,0.0,1564.0
0.6818367400090106,0.047259487,0.340524774,0.541702052,0.0,1564.0
0.6928555955545055,0.089839725,0.336971898,0.57290795,0.0,1564.0
0.692370442874435,0.147557563,0.36768820700000004,0.6478419475,0.0,1564.0
0.6847478797715185,0.2034948475,0.4860721145,0.7708426595,0.0,1564.0
0.6804762195962147,0.154198816,0.587762967,0.806638012,0.0,1564.0
0.682381905142099,0.082451764,0.600548347,0.817158205,0.0,1564.0
0.6872063549394867,0.015117562999999999,0.5916360709999999,0.8396955115,0.0,1564.0
0.6897130814710856,0.0,0.6203546975,0.8320829365,0.0,1564.0
0.6857184534826868,0.0,0.5854443,0.7297323330000001,0.0,1564.0
0.6394996884976276,0.0,0.43432788899999997,0.5692428025,0.0,1564.0
0.5652267422980994,0.0,0.3527885565,0.537405004,0.0,1564.0
0.5545880624943933,0.0,0.273652987,0.454361577,0.0,1564.0
0.555527623747043,0.0,0.2023193755,0.3823729905,0.0,1564.0
0.5602917928078608,0.0,0.164647166,0.304847415,0.0,1564.0
0.602547210276689,0.0,0.158705945,0.279823152,0.0,1564.0
0.6622492087531621,0.047926651,0.16026679,0.29316494,0.0,1564.0
0.7198526502360527,0.133698523,0.148568426,0.319942677,0.0,1564.0
0.7325468454717864,0.207920049,0.103394082,0.277924079,0.0,1564.0
0.7295555698981094,0.2988915765,0.1438837235,0.30975472000000004,0.0,1564.0
0.7264268738346102,0.36199529750000004,0.177319237,0.3090560805,0.0,1564.0
0.7282661969203045,0.334917915,0.168899613,0.303446786,0.0,1564.0
0.7414475571651761,0.278258676,0.153279775,0.326872361,0.0,1564.0
0.7489484184549049,0.081052767,0.1563660155,0.363332813,0.0,1564.0
0.7471389898221521,0.0,0.1775798465,0.3989276855,0.0,1564.0
0.7102009333940777,0.0,0.197622188,0.4272705395,0.0,1564.0
0.6560106657723939,0.0,0.2040133945,0.436699546,0.0,1564.0
0.5924164896166274,0.0,0.207254882,0.426458388,0.0,1564.0
0.5897231745061386,0.0,0.2213839985,0.3759787175,0.0,1564.0
0.6551323689851636,0.0,0.2233749,0.3639181385,0.0,1564.0
0.772705628870741,0.0,0.218201105,0.363043392,0.0,1564.0
0.8249178786375118,0.062785255,0.221921074,0.352243307,0.0,1564.0
0.84804922914004,0.187141584,0.221356228,0.339626663,0.0,1564.0
0.8448907504983801,0.288972029,0.194853098,0.302057615,0.0,1564.0
0.8397684968490025,0.41704441400000003,0.1920226535,0.28532613149999997,0.0,1564.0
0.8346126147065709,0.45023595400000005,0.18424792350000002,0.2667618665,0.0,1564.0
0.8310537253600935,0.380132279,0.176445023,0.248148816,0.0,1564.0
0.8363612930390617,0.2239512415,0.173700506,0.2412689895,0.0,1564.0
0.8394789435259467,0.00133808,0.22769189950000002,0.252570003,0.0,1564.0
0.8060263932681078,0.0,0.2712540915,0.2699609725,0.0,1564.0
0.7539029548036663,0.0,0.311182672,0.291544753,0.0,1564.0
0.6553197848166562,0.0,0.349086005,0.326306494,0.0,1564.0
0.5915107356677489,0.0,0.407798355,0.3642001875,0.0,1564.0
0.5885793160033674,0.0,0.44529383,0.402722253,0.0,1564.0
0.6529955998038659,0.0,0.497940414,0.449888532,0.0,1564.0
0.7599910419258283,0.0,0.539691434,0.486876366,0.0,1564.0
0.8097657672028605,0.039246195,0.558210288,0.507214736,0.0,1564.0
0.8271427212064191,0.082494883,0.568916133,0.529980453,0.0,1564.0
0.8282676636944991,0.130941296,0.583500794,0.572645002,0.0,1564.0
0.8217513059431645,0.213696516,0.6047081025000001,0.622018266,0.0,1564.0
0.812067436437575,0.258723517,0.625390787,0.6767990125000001,0.0,1564.0
0.8070342623740786,0.266435838,0.587405558,0.677204622,0.0,1564.0
0.8091646590787822,0.1635872995,0.5402832675,0.6679136635,0.0,1564.0
0.816382249981739,0.000912058,0.5267027120000001,0.653778143,0.0,1564.0
0.8027709646024899,0.0,0.5079162214999999,0.630302965,0.0,1564.0
0.7185172170344022,0.0,0.4376355365,0.5648623859999999,0.0,1564.0
0.6130496995384067,0.0,0.3865007195,0.4723796255,0.0,1564.0
0.5864764435986758,0.0,0.32274446,0.3894600425,0.0,1564.0
0.591088681038924,0.0,0.271739318,0.337879642,0.0,1564.0
0.6538676583237538,0.0,0.238795922,0.305156489,0.0,1564.0
0.7649121510616758,0.0,0.225914878,0.261254326,0.0,1564.0
0.8197194243622656,0.045268264,0.225161589,0.239947908,0.0,1564.0
0.83908206544615,0.164180457,0.213463462,0.227783727,0.0,1564.0
0.832311348032136,0.344517082,0.227913029,0.199149639,0.0,1564.0
0.8263087629319896,0.4205544685,0.231784779,0.19629268,0.0,1564.0
0.8191634820035908,0.386070359,0.233553691,0.215897029,0.0,1564.0
0.817304974687129,0.324931445,0.232301245,0.231829425,0.0,1564.0
0.8188697699480998,0.244600002,0.216530242,0.250785333,0.0,1564.0
0.8226002001081401,0.117772655,0.212636038,0.273268158,0.0,1564.0
0.8335629337844516,0.000724542,0.218751365,0.308274952,0.0,1564.0
0.8059867277878514,0.0,0.244105246,0.3285999695,0.0,1564.0
0.7163946459638824,0.0,0.2234838405,0.341495198,0.0,1564.0
0.6301636631245429,0.0,0.194208758,0.338380845,0.0,1564.0
0.5936034569542686,0.0,0.179066254,0.349384462,0.0,1564.0
0.5966791613482776,0.0,0.1596123665,0.3446771885,0.0,1564.0
0.6739364740777845,0.0,0.1448924145,0.321575148,0.0,1564.0
0.7872513552408745,0.0,0.142565728,0.326851035,0.0,1564.0
0.8385171794477145,0.125319697,0.133791243,0.33258881,0.0,1564.0
0.852156548163502,0.275813796,0.113010234,0.321458252,0.0,1564.0
0.8503748675128473,0.403045869,0.10470012,0.294657923,0.0,1564.0
0.8371869783151349,0.5542313955,0.11420719,0.2815841815,0.0,1564.0
0.824949986632185,0.526409169,0.131937305,0.2624013105,0.0,1564.0
0.8217255926246048,0.373959306,0.132066637,0.255347357,0.0,1564.0
0.8316128873912957,0.252878054,0.123515305,0.253881387,0.0,1564.0
0.8405039397972001,0.109868156,0.139607472,0.265562338,0.0,1564.0
0.8471375051398955,0.0,0.1742829585,0.28788484849999996,0.0,1564.0
0.8059532782404665,0.0,0.22979285,0.30752194850000003,0.0,1564.0
0.7542536383828898,0.0,0.286083752,0.287237419,0.0,1564.0
0.6613587932551093,0.0,0.296224581,0.283359537,0.0,1564.0
0.6018741051305463,0.0,0.33943958949999997,0.29751937,0.0,1564.0
0.600315727082587,0.0,0.3815102515,0.319161907,0.0,1564.0
0.6804208132398044,0.0,0.4081492035,0.3578032215,0.0,1564.0
0.7892560031397844,0.0,0.425107548,0.377048352,0.0,1564.0
0.8385141385859046,0.081776965,0.423335853,0.372669962,0.0,1564.0
0.8530162196215396,0.161562156,0.404260536,0.359443308,0.0,1564.0
0.8503892668362892,0.238125836,0.320605516,0.309991822,0.0,1564.0
0.8346461984632076,0.34517540550000003,0.32421922550000004,0.292062634,0.0,1564.0
0.8223986531692817,0.352671516,0.277229763,0.254495486,0.0,1564.0
0.8175342920100319,0.2088072715,0.21126601,0.2047770765,0.0,1564.0
0.831650540475009,0.0628064,0.167790554,0.152264469,0.0,1564.0
0.8381969938919491,0.0,0.170317323,0.1508866865,0.0,1564.0
0.8065682044519412,0.0,0.196816478,0.1722444185,0.0,1564.0
0.7531612511861798,0.0,0.251265751,0.216267985,0.0,1564.0
0.6430886960466087,0.0,0.267784977,0.25433448599999997,0.0,1564.0
0.5703747315330321,0.0,0.2922907535,0.2774191935,0.0,1564.0
0.5599629764973524,0.0,0.30861709049999997,0.28692053949999996,0.0,1564.0
0.5663978792192768,0.0,0.3461990285,0.33467918900000004,0.0,1564.0
0.6096536307779147,0.0,0.404599141,0.366755484,0.0,1564.0
0.6647526932102868,0.060408081,0.433902559,0.383347123,0.0,1564.0
0.7196980131081133,0.159551022,0.446692173,0.399181195,0.0,1564.0
0.7098692550999527,0.282240635,0.3895710405,0.39005326549999997,0.0,1564.0
0.6955372614503879,0.3440261815,0.41082770999999996,0.4128981275,0.0,1564.0
0.6867350874177008,0.320361424,0.407811418,0.409376791,0.0,1564.0
0.6881126678574156,0.1901703415,0.407865617,0.409596483,0.0,1564.0
0.7059945178083384,0.0258650045,0.4172404905,0.4118789745,0.0,1564.0
0.714789961810472,0.0,0.401775312,0.391946526,0.0,1564.0
0.7041749604593599,0.0,0.3824003535,0.3737255095,0.0,1564.0
0.6679675173357406,0.0,0.381598664,0.37628937,0.0,1564.0
0.5947361804750666,0.0,0.3862328875,0.39023756,0.0,1564.0
0.5568857069360212,0.0,0.407447826,0.405806058,0.0,1564.0
0.556311049842795,0.0,0.4188552035,0.414443464,0.0,1564.0
0.5833449526899237,0.0,0.430610214,0.443099513,0.0,1564.0
0.6626131739876293,0.054832962,0.437090855,0.470419232,0.0,1564.0
0.7092591585322207,0.114397122,0.445845265,0.495891831,0.0,1564.0
0.7119784552448213,0.174715616,0.431068916,0.47624703,0.0,1564.0
0.7051474122903441,0.2678068085,0.45945591750000003,0.4951647655,0.0,1564.0
0.6935598248989963,0.382634339,0.5173830854999999,0.49897492749999994,0.0,1564.0
0.6932795507725684,0.267173364,0.557198103,0.5304230329999999,0.0,1564.0
0.7100237580186403,0.077839457,0.595772216,0.573606484,0.0,1564.0
0.7226337704505991,0.0,0.60524686,0.6564665265,0.0,1564.0
0.7219753777153434,0.0,0.61532651,0.747474492,0.0,1564.0
0.6994160458020838,0.0,0.623025876,0.812788394,0.0,1564.0
0.6552596382893379,0.0,0.5777344849999999,0.8043292344999999,0.0,1564.0
0.5934212507224245,0.0,0.5524530125,0.802530535,0.0,1564.0
0.5984241950460149,0.0,0.5094163635,0.800676953,0.0,1564.0
0.6835841214577313,0.0,0.472758085,0.7655727595,0.0,1564.0
0.7922389163772221,0.0,0.450018056,0.722664556,0.0,1564.0
0.841284459240394,0.122603076,0.423963776,0.699376202,0.0,1564.0
0.8580388400740601,0.360206699,0.381888739,0.655520068,0.0,1564.0
0.8488659259049836,0.5631156925,0.4204756205,0.5984673055,0.0,1564.0
0.8374480458088487,0.5771140539999999,0.5094721965,0.5410271245,0.0,1564.0
0.8310316343418164,0.504920386,0.544386056,0.515479154,0.0,1564.0
0.829468717335613,0.429730775,0.553593269,0.509595921,0.0,1564.0
0.8431745826533663,0.2084693145,0.5728223685,0.522339465,0.0,1564.0
0.8527615915403565,0.0,0.6186139035,0.5775892455,0.0,1564.0
0.8062511492308202,0.0,0.6682994170000001,0.609314636,0.0,1564.0
0.7544922571694157,0.0,0.711049079,0.637469155,0.0,1564.0
0.6578224420886543,0.0,0.727532458,0.6748294189999999,0.0,1564.0
0.594524035188815,0.0,0.7650727255,0.7120663645,0.0,1564.0
0.590819251141495,0.0,0.7951265224999999,0.7342729505000001,0.0,1564.0
0.6175777317729335,0.0,0.799723679,0.750088142,0.0,1564.0
0.731838054767105,0.0,0.804383354,0.768133665,0.0,1564.0
0.8244361693120552,0.053328449,0.806118969,0.783144805,0.0,1564.0
0.8482377629771095,0.179510801,0.801205325,0.796498452,0.0,1564.0
0.8402610728054042,0.333049796,0.7645481535,0.763907825,0.0,1564.0
0.82687016090687,0.3954344455,0.751422915,0.7614243745,0.0,1564.0
0.8189499057592688,0.31397867749999997,0.7121684205000001,0.763116924,0.0,1564.0
0.8233340332875497,0.124033792,0.7178154274999999,0.7605591415,0.0,1564.0
0.8296619018707561,0.0,0.7393455360000001,0.7643599535,0.0,1564.0
0.8029954075452328,0.0,0.7365442664999999,0.767913806,0.0,1564.0
0.7181951532238694,0.0,0.6593437165,0.7278396945000001,0.0,1564.0
0.6131545201353932,0.0,0.613284862,0.7142613215,0.0,1564.0
0.58645980826408,0.0,0.5574449345000001,0.6696205395,0.0,1564.0
0.6037124667543863,0.0,0.5084927939999999,0.6024445005,0.0,1564.0
0.7287482639346718,0.0,0.4803653275,0.5678290235,0.0,1564.0
0.8207484900280713,0.058430542,0.472171146,0.548558193,0.0,1564.0
0.8445765572608758,0.154914268,0.463395314,0.521565049,0.0,1564.0
0.8415185166667292,0.247345098,0.396186533,0.418897026,0.0,1564.0
0.8334767162496627,0.3676267355,0.410463009,0.39847352150000004,0.0,1564.0
0.8237407047291319,0.4009324565,0.43416242699999996,0.3965664125,0.0,1564.0
0.8200417563888746,0.312906196,0.459379288,0.398468698,0.0,1564.0
0.8229456964221857,0.20093691,0.485076697,0.417994457,0.0,1564.0
0.8383944714362551,0.053446041,0.489310499,0.460756389,0.0,1564.0
0.8441002140787901,0.0,0.4966819555,0.511421093,0.0,1564.0
0.8062802162962077,0.0,0.500977533,0.548039948,0.0,1564.0
0.7534083663832455,0.0,0.447527282,0.527391545,0.0,1564.0
0.6557512080474681,0.0,0.448662322,0.525302864,0.0,1564.0
0.5934252977825061,0.0,0.4474284325,0.5061939735,0.0,1564.0
0.591964965429611,0.0,0.4174766695,0.5089032364999999,0.0,1564.0
0.6612992056968415,0.0,0.37799123700000004,0.48545786,0.0,1564.0
0.7777494460180479,0.0,0.344686488,0.471221151,0.0,1564.0
0.833203708855844,0.069722249,0.306138375,0.450198486,0.0,1564.0
0.8515867430484892,0.173013357,0.275294263,0.414959616,0.0,1564.0
0.8512633377527206,0.263567338,0.288034671,0.360546085,0.0,1564.0
0.8433252845285293,0.2858027715,0.333721928,0.34887848,0.0,1564.0
0.8368364287427359,0.20011907699999998,0.367639245,0.3637007335,0.0,1564.0
0.834083235321005,0.115996502,0.37879192,0.380816226,0.0,1564.0
0.8404661972406523,0.064486005,0.400946787,0.397525813,0.0,1564.0
0.8427423768388933,0.014320197,0.433894383,0.422628891,0.0,1564.0
0.8408206373294103,0.0,0.4776404345,0.47541306250000004,0.0,1564.0
0.8058967986148967,0.0,0.5294720335,0.5586768595,0.0,1564.0
0.7532481842337418,0.0,0.54945591,0.63206481,0.0,1564.0
0.6548854101968691,0.0,0.5631008255000001,0.693393871,0.0,1564.0
0.591988711020569,0.0,0.600382823,0.7373357515000001,0.0,1564.0
0.5897553942406413,0.0,0.6026370489999999,0.7809185195,0.0,1564.0
0.6182789649245558,0.0,0.616859123,0.806352142,0.0,1564.0
0.7382602350052634,0.0,0.6260675955,0.842783489,0.0,1564.0
0.8379326171179218,0.043598912,0.629911311,0.8606001,0.0,1564.0
0.8615855660407735,0.24344473,0.639134734,0.864222979,0.0,1564.0
0.861206083544763,0.4454964385,0.648395107,0.8791635805,0.0,1564.0
0.8540058881581166,0.541758864,0.734410993,0.8861266795,0.0,1564.0
0.8507831487906932,0.51093111,0.773167475,0.890760644,0.0,1564.0
0.8514753936336134,0.427254526,0.776552558,0.90258455,0.0,1564.0
0.866507793114722,0.1718015495,0.778666458,0.9080839475,0.0,1564.0
0.8642456552184881,0.0,0.754824283,0.9113830540000001,0.0,1564.0
0.809062119161891,0.0,0.7401287505,0.9044568964999999,0.0,1564.0
0.714185812757108,0.0,0.728456445,0.887121569,0.0,1564.0
0.6125082684454306,0.0,0.712308969,0.8788608435,0.0,1564.0
0.5848670192068813,0.0,0.684664249,0.875653542,0.0,1564.0
0.5811131788103231,0.0,0.6646900600000001,0.8789895135,0.0,1564.0
0.5879798400500238,0.0,0.658823527,0.878815948,0.0,1564.0
0.635952493034698,0.0,0.65856724,0.876714951,0.0,1564.0
0.70076744362945,0.070410711,0.652947159,0.870344193,0.0,1564.0
0.7584013832032743,0.317508786,0.612982712,0.853212752,0.0,1564.0
0.7648234739011226,0.5517708555,0.5778505835,0.7984762525,0.0,1564.0
0.7587023397243794,0.6131984580000001,0.6514501205000001,0.7798662574999999,0.0,1564.0
0.7576404504836517,0.513057049,0.694482958,0.799681449,0.0,1564.0
0.7655703202497967,0.425071916,0.681759127,0.818455897,0.0,1564.0
0.7850679222652148,0.18342300150000002,0.6962634235,0.8477541595,0.0,1564.0
0.7854996808504668,0.0,0.6833220440000001,0.8778861204999999,0.0,1564.0
0.7460984314179868,0.0,0.6435538795,0.8737186105,0.0,1564.0
0.7044595946658385,0.0,0.57262503,0.81753528,0.0,1564.0
0.6481525246772855,0.0,0.5336996735,0.7791227315,0.0,1564.0
0.6124874295070308,0.0,0.532725595,0.7562593744999999,0.0,1564.0
0.5809042308621282,0.0,0.5276424580000001,0.764272981,0.0,1564.0
0.5753336279618444,0.0,0.4860076175,0.7417316709999999,0.0,1564.0
0.5884049356756101,0.0,0.439920767,0.712289837,0.0,1564.0
0.630273357899262,0.049971876,0.402649876,0.690514627,0.0,1564.0
0.6857014155878116,0.324166414,0.343998594,0.656937078,0.0,1564.0
0.7427596695356673,0.548720965,0.2695034785,0.5641618995,0.0,1564.0
0.7403439007097656,0.631075585,0.25289783849999997,0.5235159684999999,0.0,1564.0
0.7358613921319803,0.558666517,0.235227832,0.490227992,0.0,1564.0
0.7358778486558586,0.45545811,0.206497668,0.473540033,0.0,1564.0
0.7610827137447167,0.1995347105,0.1871722215,0.48052321200000003,0.0,1564.0
0.7891060167773946,0.0,0.2114955555,0.511405089,0.0,1564.0
0.7695991580347705,0.0,0.249270811,0.5533736105,0.0,1564.0
0.7220749214393661,0.0,0.3016233075,0.5679967779999999,0.0,1564.0
0.6533999384965714,0.0,0.33159103733333334,0.5333341543333333,0.0,1564.0
0.6165855142052334,0.0,0.36108150549999996,0.5204563795,0.0,1564.0
0.6432165913232458,0.0,0.37074685949999997,0.531388957,0.0,1564.0
0.7357801830516516,0.0,0.392514312,0.559394705,0.0,1564.0
0.8029159425104195,0.05778926,0.41101149,0.562198863,0.0,1564.0
0.850980626402475,0.250445479,0.411183775,0.557059684,0.0,1564.0
0.8699180825903657,0.386703653,0.398028976,0.520128658,0.0,1564.0
0.8687402825745716,0.49334552899999995,0.40215991799999995,0.5132254565000001,0.0,1564.0
0.8628138086274593,0.47549715600000003,0.4031176715,0.501949296,0.0,1564.0
0.8630988453267416,0.2732080295,0.39170374750000003,0.5226969505,0.0,1564.0
0.878208205750385,0.020199184,0.418113879,0.565705474,0.0,1564.0
0.8859159131189309,0.0,0.44370278350000003,0.602575538,0.0,1564.0
0.8503108750706356,0.0,0.416870516,0.6116683905,0.0,1564.0
0.7802367870387394,0.0,0.3591106465,0.577762842,0.0,1564.0
0.6661244827468319,0.0,0.327201093,0.5048222025,0.0,1564.0
0.6188332079741324,0.0,0.30048639850000003,0.4794708895,0.0,1564.0
0.6153352924075759,0.0,0.304947239,0.4716807985,0.0,1564.0
0.6965924205256107,0.0,0.3325999745,0.4685609045,0.0,1564.0
0.8243632778315487,0.068992543,0.328640394,0.4777664065,0.0,1564.0
0.8669752372585127,0.210382737,0.283735649,0.454644922,0.0,1564.0
0.866565167198734,0.299284997,0.261729367,0.4312559285,0.0,1564.0
0.8591170962983558,0.2840010255,0.23946293000000002,0.406851929,0.0,1564.0
0.8566704492231872,0.167604761,0.2066802965,0.3931610595,0.0,1564.0
0.8722106291046989,0.009956214,0.1886274825,0.3818929435,0.0,1564.0
0.8646299226892997,0.0,0.183896914,0.370470615,0.0,1564.0
0.8260289583692538,0.0,0.179712416,0.384614704,0.0,1564.0
0.7938087199577015,0.0,0.178769127,0.385754809,0.0,1564.0
0.7229337655098498,0.0,0.1913189675,0.406121984,0.0,1564.0
0.633525343277742,0.0,0.2045461865,0.4136855295,0.0,1564.0
0.614320111832579,0.0,0.239553981,0.4368406085,0.0,1564.0
0.6207000776943095,0.0,0.262141659,0.473137324,0.0,1564.0
0.7006210794323913,0.0,0.2876352035,0.5194920515,0.0,1564.0
0.8256580618240933,0.11581293250000001,0.31902318399999996,0.5599519865,0.0,1564.0
0.864332364786391,0.285569423,0.309244452,0.556413442,0.0,1564.0
0.852651673083551,0.3844339355,0.3319403395,0.5697240025,0.0,1564.0
0.8443924058383279,0.3453282145,0.363264936,0.546118078,0.0,1564.0
0.8412196172111089,0.25653799,0.331196263,0.525629118,0.0,1564.0
0.8498112783307061,0.08803113550000001,0.3172870445,0.518210755,0.0,1564.0
0.8579932270119597,0.0,0.31804304699999997,0.503042745,0.0,1564.0
0.837954797676509,0.0,0.3009159325,0.4494767285,0.0,1564.0
0.7893413263510828,0.0,0.26210981,0.377518449,0.0,1564.0
0.7204028238236011,0.0,0.23504283650000002,0.36044298750000003,0.0,1697.5
0.6357015765916807,0.0,0.185923862,0.36934113749999997,0.0,1831.0
0.6194904603693405,0.0,0.172674573,0.3620110185,0.0,1831.0
0.6415479594640411,0.0,0.161305766,0.367023772,0.0,1831.0
0.7471996283151088,0.0,0.1718513365,0.393264083,0.0,1831.0
0.8594200204795869,0.008098393,0.186859631,0.41487737,0.0,1831.0
0.8884843738820681,0.16228845,0.181119466,0.41151288,0.0,1831.0
0.9016583107156567,0.291946252,0.134359741,0.359858759,0.0,1831.0
0.8956998629831231,0.422234212,0.14399853299999998,0.37782462650000004,0.0,1831.0
0.8910617782849664,0.474684212,0.200783647,0.414345839,0.0,1831.0
0.8896350742901736,0.429708489,0.22219857,0.408401683,0.0,1831.0
0.8918859430626587,0.312943972,0.24356458250000002,0.4345167835,0.0,1831.0
0.919213960458082,0.034221423,0.266589778,0.491953632,0.0,1831.0
0.9274008729923301,0.0,0.273377238,0.5417540304999999,0.0,1831.0
0.9078031906857851,0.0,0.274961333,0.570112049,0.0,1831.0
0.824584992932451,0.0,0.2680439615,0.551025885,0.0,1831.0
0.7243926445702036,0.0,0.2843394,0.5237135015000001,0.0,1831.0
0.6523538424032059,0.0,0.28065869099999996,0.48620045349999996,0.0,1831.0
0.638361978924316,0.0,0.258199258,0.44597077350000003,0.0,1831.0
0.6646019467336581,0.0,0.251429211,0.389126807,0.0,1831.0
0.7845488951430094,0.0,0.228454344,0.344957395,0.0,1831.0
0.8988145172771396,0.164345079,0.214654234,0.2599898085,0.0,1831.0
0.9069298800185444,0.441327234,0.1952423735,0.1960655605,0.0,1831.0
0.8901865894304339,0.489525212,0.264775832,0.2402739735,0.0,1831.0
0.8856959867999613,0.304642497,0.3532931755,0.34962659,0.0,1831.0
0.8913794596135017,0.116859305,0.42103083,0.423059364,0.0,1831.0
0.9206367739365158,0.001862667,0.502116202,0.470562814,0.0,1831.0
0.9110716323857162,0.0,0.620353222,0.548267091,0.0,1831.0
0.8166683152137638,0.0,0.735373418,0.6475378439999999,0.0,1831.0
0.7111634577215002,0.0,0.8070638944999999,0.7265408295,0.0,1831.0
0.615473719028194,0.0,0.834432208,0.7861198065,0.0,1831.0
0.5857045995791663,0.0,0.858560843,0.8339641355,0.0,1831.0
0.5933639885131935,0.0,0.8717048359999999,0.8635470265,0.0,1831.0
0.6098886720005752,0.0,0.878406572,0.884628148,0.0,1831.0
0.6560741885834379,0.013890516,0.880850473,0.897076559,0.0,1831.0
0.7020040932887923,0.086677851,0.883524239,0.908582894,0.0,1831.0
0.7350448295762885,0.136485484,0.872571567,0.918645389,0.0,1831.0
0.7388368820256106,0.17586328950000002,0.8929846825,0.920123991,0.0,1831.0
0.7326912866776606,0.1546032055,0.889369933,0.916921586,0.0,1831.0
0.730571443583933,0.120451231,0.884376486,0.910294663,0.0,1831.0
0.7491175220446499,0.0442245885,0.8768274885,0.9123628180000001,0.0,1831.0
0.7691747332530157,0.0,0.8724386356666667,0.9170810333333334,0.0,1831.0
0.7465365177434156,0.0,0.871885468,0.9210371055,0.0,1831.0
0.6901763443455428,0.0,0.8682566460000001,0.9241369134999999,0.0,1831.0
0.6028798724346149,0.0,0.8467102223333334,0.8965830683333333,0.0,1831.0
0.584553228394705,0.0,0.775710031,0.831166802,0.0,1831.0
0.6043492156331102,0.0,0.704057714,0.766831756,0.0,1831.0
0.6563900364610991,0.004127942,0.662189932,0.732853503,0.0,1831.0
0.702186679544018,0.110407553,0.636820316,0.711495191,0.0,1831.0
0.7467256106170115,0.2536675475,0.555265401,0.612467374,0.0,1831.0
0.7461114893236687,0.338968799,0.4756722425,0.515810235,0.0,1831.0
0.7443598148657852,0.23011852700000002,0.3586469155,0.435647231,0.0,1831.0
0.7525342956017658,0.098907298,0.309595794,0.421844066,0.0,1831.0
0.7762249870136895,0.0020471465,0.300601144,0.462516877,0.0,1831.0
0.7746092572836647,0.0,0.29456021,0.5404490829999999,0.0,1831.0
0.7467935605789944,0.0,0.2690559265,0.5229502375,0.0,1831.0
0.6970223233255175,0.0,0.2609461595,0.5301898305,0.0,1831.0
0.6304086989216529,0.0,0.275567217,0.5416911799999999,0.0,1831.0
0.6122292240644094,0.0,0.25535502,0.509314458,0.0,1831.0
0.6317624444325266,0.0,0.235525676,0.474075352,0.0,1831.0
0.7267190208577305,0.0,0.2254501975,0.46239760500000004,0.0,1831.0
0.8520554392721569,0.034350577,0.2081297245,0.450569597,0.0,1831.0
0.880082990645056,0.102913322,0.179467061,0.39698562,0.0,1831.0
0.8695817534632155,0.13508160200000002,0.1609103495,0.3696276855,0.0,1831.0
0.8555531536260494,0.142613343,0.13998086999999998,0.32664529649999996,0.0,1831.0
0.8517433477690789,0.104088764,0.157392972,0.335693363,0.0,1831.0
0.8694521588774802,0.036114435,0.2015997335,0.416534045,0.0,1831.0
0.8810264648160114,0.0,0.2872970955,0.5226397815,0.0,1831.0
0.8528653835371248,0.0,0.34139009200000003,0.5804813775,0.0,1831.0
0.7724771612023872,0.0,0.3702736835,0.586895227,0.0,1831.0
0.6633554141722199,0.0,0.424428543,0.598605295,0.0,1831.0
0.6142395288596647,0.0,0.46941071700000003,0.645558344,0.0,1831.0
0.6208574425966136,0.0,0.5315243265,0.7009074785,0.0,1831.0
0.7237937053189154,0.0,0.6175733255,0.763603711,0.0,1831.0
0.8237661049602467,0.006802044,0.671659203,0.805603417,0.0,1831.0
0.8502397277705961,0.075479103,0.694740392,0.813059952,0.0,1831.0
0.8655449558348061,0.11625709,0.69046973,0.82247137,0.0,1831.0
0.8619618287967807,0.1338413665,0.7402425079999999,0.8395554635,0.0,1831.0
0.8513555476057705,0.139040065,0.743638601,0.870350196,0.0,1831.0
0.8483614994538355,0.1065209075,0.7500447895,0.906014446,0.0,1831.0
0.860529534976531,0.003613951,0.7349629790000001,0.916399105,0.0,1831.0
0.8621863612123584,0.0,0.7138180055,0.9041996375000001,0.0,1831.0
0.8304350873755015,0.0,0.69448147,0.87740987,0.0,1831.0
0.774074198599807,0.0,0.651764856,0.829798182,0.0,1831.0
0.6632471726225662,0.0,0.5843114775,0.7805043895,0.0,1831.0
0.6140616380389298,0.0,0.537539071,0.787257007,0.0,1831.0
0.620664436872188,0.0,0.532251893,0.783783563,0.0,1831.0
0.7228314939439864,0.0,0.5967505315,0.783238126,0.0,1831.0
0.8387350934376168,0.018279796,0.6812205315,0.830636454,0.0,1831.0
0.8723037333487152,0.080598657,0.691336785,0.766491787,0.0,1831.0
0.8711818764588626,0.129160458,0.7333093185,0.7755311014999999,0.0,1831.0
0.8722328990011692,0.214112884,0.740006218,0.7754497229999999,0.0,1831.0
0.8728196078018056,0.189878427,0.705560245,0.79484645,0.0,1831.0
0.88743518472316,0.059899690500000005,0.6159285864999999,0.8088638385,0.0,1831.0
0.9008976017455961,0.0,0.5398390645,0.805902117,0.0,1831.0
0.8643864295900895,0.0,0.5076802745,0.7326534,0.0,1831.0
0.7715344025442049,0.0,0.4890300755,0.6599806515,0.0,1831.0
0.6671603903854478,0.0,0.5031065800000001,0.681015086,0.0,1831.0
0.6226749429475829,0.0,0.5160836865,0.7540047435,0.0,1831.0
0.6317244335924269,0.0,0.5416649794999999,0.80488928,0.0,1831.0
0.7409717059487289,0.0,0.586742503,0.7963777045,0.0,1831.0
0.8599773043909733,0.07395393,0.6326665419999999,0.83471343,0.0,1831.0
0.8809381007429031,0.235002833,0.60943123,0.815410467,0.0,1831.0
0.8718800240797335,0.31345831550000003,0.643903948,0.843035797,0.0,1831.0
0.8674680815659424,0.2925823045,0.6516477235,0.8432567075,0.0,1831.0
0.8700775492270962,0.202987462,0.62911554,0.840201401,0.0,1831.0
0.8876772020604067,0.054398939,0.6071067535,0.8479176665,0.0,1831.0
0.8999358823363055,0.0,0.674519383,0.876614217,0.0,1831.0
0.863266406151111,0.0,0.7172836105,0.8874954015000001,0.0,1831.0
0.7708792294814766,0.0,0.7269201495,0.8720827795,0.0,1831.0
0.6639398870291782,0.0,0.72184923,0.8338937995,0.0,1831.0
0.6163983442553462,0.0,0.7231474,0.8035047465,0.0,1831.0
0.624338208595941,0.0,0.739013586,0.824705791,0.0,1831.0
0.7311132547677663,0.0,0.77334136,0.85023508,0.0,1831.0
0.8541430849658527,0.056541904000000004,0.806785188,0.8695458585,0.0,1831.0
0.8785303588988007,0.14882381649999998,0.8367901055,0.8986330325,0.0,1831.0
0.8713965259723442,0.153399387,0.889965031,0.925195599,0.0,1831.0
0.8712535157245405,0.0904159565,0.9058628065000001,0.909770258,0.0,1831.0
0.8784686471366845,0.0196056355,0.9068918564999999,0.8602150005,0.0,1831.0
0.8837931632376936,0.0,0.910346481,0.8777808225,0.0,1831.0
0.856375127196481,0.0,0.9101621520000001,0.899910037,0.0,1831.0
0.7713595973216973,0.0,0.8798596155,0.9251247794999999,0.0,1831.0
0.649019194651856,0.0,0.8106354954999999,0.919384692,0.0,1831.0
0.5907222563136438,0.0,0.7314542085,0.9091663285,0.0,1831.0
0.5837566996568541,0.0,0.672470627,0.886815962,0.0,1831.0
0.5948175013627006,0.0,0.598067125,0.8422598729999999,0.0,1831.0
0.6456914782786751,0.00284753,0.5348937155,0.7813944625,0.0,1831.0
0.7265134267913149,0.218779784,0.47339057,0.735423044,0.0,1831.0
0.752461672472287,0.37365277799999996,0.4262022225,0.7036909179999999,0.0,1831.0
0.7497916109871179,0.348526564,0.414217703,0.6880762465,0.0,1831.0
0.7563445933568989,0.192622901,0.39351091699999996,0.6556213435,0.0,1831.0
0.7790105567136455,0.0024525895,0.37624656450000005,0.6199889755000001,0.0,1831.0
0.7822506021920206,0.0,0.3541583835,0.610631167,0.0,1831.0
0.7501179901412842,0.0,0.34567332900000003,0.6329184290000001,0.0,1831.0
0.6901369696182605,0.0,0.3387377095,0.6507147805,0.0,1831.0
0.6164451870628531,0.0,0.3547381355,0.6779712095,0.0,1831.0
0.5902833650700832,0.0,0.3618874915,0.6775108919999999,0.0,1831.0
0.5963966065417545,0.0,0.3480985505,0.6590927135,0.0,1831.0
0.6442835337548511,0.0012633275,0.378536458,0.6402572805,0.0,1831.0
0.7078043264644727,0.10697037,0.421373984,0.663731177,0.0,1831.0
0.7521610737075684,0.296007734,0.41186864,0.6421975865,0.0,1831.0
0.7516491792436717,0.39292348899999996,0.49428259100000005,0.7284207604999999,0.0,1831.0
0.7461295108799175,0.2838413875,0.5580745149999999,0.7934450534999999,0.0,1831.0
0.765285909590453,0.068488043,0.56045234,0.8075633345,0.0,1831.0
0.7810220019164242,0.0,0.5794055705,0.8256763970000001,0.0,1831.0
0.767388759660674,0.0,0.6227181230000001,0.821744763,0.0,1831.0
0.723825455557202,0.0,0.6548501195,0.8403588225,0.0,1831.0
0.6641457716461407,0.0,0.6317624785,0.8245713475,0.0,1831.0
0.6156381718523898,0.0,0.6245954445,0.8162458655,0.0,1831.0
0.6227392483422882,0.0,0.6304590125,0.8278434079999999,0.0,1831.0
0.7273057743273084,0.0,0.6435937605,0.8524395835,0.0,1831.0
0.8543461076666744,0.0517005585,0.6774779365000001,0.877303827,0.0,1831.0
0.8743648609406708,0.2598751045,0.6604200570000001,0.8602596435000001,0.0,1831.0
0.8653018651609239,0.38320466799999997,0.6929026220000001,0.8877750945,0.0,1831.0
0.8642905080313981,0.297799839,0.705034371,0.889602563,0.0,1831.0
0.8819613530361168,0.065917032,0.672232145,0.883837457,0.0,1831.0
0.8954840954640646,0.0,0.6784783565,0.8880320545,0.0,1831.0
0.8615869075934852,0.0,0.674278165,0.8803788594999999,0.0,1831.0
0.7715989986244086,0.0,0.6598403675,0.8656991105,0.0,1831.0
0.6640355401693661,0.0,0.62518017,0.8513278175000001,0.0,1831.0
0.6158147211204129,0.0,0.5918115355,0.8568161265,0.0,1831.0
0.6235754872293371,0.0,0.5672396385,0.856428584,0.0,1831.0
0.7320722910041579,0.0,0.559659785,0.8430148239999999,0.0,1831.0
0.8507838643034662,0.003512046,0.559226762,0.824205637,0.0,1831.0
0.8754851973321428,0.175922857,0.558487975,0.813048919,0.0,1831.0
0.8804424391882741,0.3596576505,0.5916498235000001,0.7952968890000001,0.0,1831.0
0.8674920507715108,0.428258707,0.62314588,0.798543153,0.0,1831.0
0.8648036993115891,0.31384948450000005,0.630289048,0.7960087044999999,0.0,1831.0
0.8792483616617464,0.0630713485,0.6420371300000001,0.7892838115,0.0,1831.0
0.8909274433258956,0.0,0.6826088715,0.81876047,0.0,1831.0
0.8574128683534468,0.0,0.734330638,0.842248197,0.0,1831.0
0.7716359585972952,0.0,0.7773704674999999,0.8682529800000001,0.0,1831.0
0.6633869855997889,0.0,0.801980211,0.8855092984999999,0.0,1831.0
0.6139833580131057,0.0,0.7990318169999999,0.8975355205,0.0,1831.0
0.6205086147352594,0.0,0.786060016,0.8895266159999999,0.0,1831.0
0.7212586494342214,0.0,0.770913686,0.8826033394999999,0.0,1831.0
0.8317349692953409,0.034921331,0.7622089860000001,0.8781294900000001,0.0,1831.0
0.8590704994399303,0.14839827700000002,0.7685435085,0.857085312,0.0,1831.0
0.8524473088300176,0.19143006150000003,0.7925527125,0.81785474,0.0,1831.0
0.8494342553255085,0.153803143,0.774246074,0.7957512655,0.0,1831.0
0.8695166431503785,0.0369727495,0.7578538945,0.792315314,0.0,1831.0
0.8853707032494254,0.0,0.76638837,0.7985509550000001,0.0,1831.0
0.8569083524294643,0.0,0.753730769,0.7738325235,0.0,1831.0
0.7713381994817226,0.0,0.7025879515,0.7500655635,0.0,1831.0
0.6633554365066907,0.0,0.6429652324999999,0.7173214995,0.0,1831.0
0.6141166866389534,0.0,0.5922819825000001,0.662448235,0.0,1831.0
0.6207187477599192,0.0,0.5747769734999999,0.6036320755,0.0,1831.0
0.7234102428337115,0.0,0.5912144845,0.610831237,0.0,1831.0
0.821275544132076,0.00146421,0.617267927,0.655504833,0.0,1831.0
0.8504795986369992,0.099013442,0.63811127,0.675731979,0.0,1831.0
0.8627374291233973,0.23564875700000001,0.6513046044999999,0.668150574,0.0,1831.0
0.8546259570333032,0.2596608845,0.6962914600000001,0.7018787479999999,0.0,1831.0
0.8505782926389971,0.204381843,0.7010322435,0.6948444665,0.0,1831.0
0.8622592078889719,0.0438661385,0.629315939,0.6474960734999999,0.0,1831.0
0.8715051922817968,0.0,0.5657647545,0.6034806195,0.0,1831.0
0.8482028376677612,0.0,0.478309216,0.519709311,0.0,1831.0
0.7966082867581987,0.0,0.377147367,0.386664609,0.0,1831.0
0.7160805869356297,0.0,0.35813000500000003,0.3754463035,0.0,1831.0
0.6301136676479209,0.0,0.3198309115,0.34547366999999995,0.0,1831.0
0.6111380218092128,0.0,0.33382370100000003,0.337702865,0.0,1831.0
0.6299122548508386,0.0,0.348486069,0.377070839,0.0,1831.0
0.7221916370650887,0.0,0.368250526,0.433076526,0.0,1831.0
0.8199838010688171,0.0,0.399651414,0.473288267,0.0,1831.0
0.8520548579011599,0.024973666,0.423706701,0.482039922,0.0,1831.0
0.8703384378426168,0.088918489,0.44183956,0.463946981,0.0,1831.0
0.8687064305343828,0.131668434,0.4532080195,0.47953575,0.0,1831.0
0.8678087483037211,0.14073270850000003,0.463736458,0.517272731,0.0,1831.0
0.8687482425529586,0.090749293,0.459525337,0.543005677,0.0,1831.0
0.8784725823894608,0.0230714385,0.4724923905,0.5469588885000001,0.0,1831.0
0.8868430203063182,0.0,0.492912773,0.580300287,0.0,1831.0
0.855972927642255,0.0,0.500174492,0.6106133625000001,0.0,1831.0
0.7714619583603952,0.0,0.4758536155,0.593762232,0.0,1831.0
0.649019194651856,0.0,0.48656469049999995,0.61883976,0.0,1831.0
0.5898586049338883,0.0,0.50794822,0.6523052585,0.0,1831.0
0.5846005631003743,0.0,0.5247338075000001,0.686229312,0.0,1831.0
0.6070344590928582,0.0,0.5287167755,0.7096121765,0.0,1831.0
0.6607868192673065,0.001239659,0.53059986,0.699829175,0.0,1831.0
0.7066427594928977,0.067016342,0.526804833,0.680972253,0.0,1831.0
0.7479344452233677,0.175887405,0.496541415,0.693442583,0.0,1831.0
0.7582732195081336,0.294364661,0.498165092,0.697611365,0.0,1831.0
0.7563745101443112,0.373867262,0.500692913,0.7064416505,0.0,1831.0
0.7559311246114481,0.28274188,0.540563619,0.750191641,0.0,1831.0
0.7730689679303182,0.0581994145,0.586401268,0.8024649625,0.0,1831.0
0.7967229900548538,0.0,0.6264892295,0.843423932,0.0,1831.0
0.7788435325913317,0.0,0.645919852,0.858401951,0.0,1831.0
0.7234809653739521,0.0,0.6448825709999999,0.848811639,0.0,1831.0
0.6557103128218051,0.0,0.6048313599999999,0.8131468209999999,0.0,1831.0
0.6013861798722181,0.0,0.5707983285,0.7901212424999999,0.0,1831.0
0.5961906547864281,0.0,0.5826230115,0.7948314105000001,0.0,1831.0
0.6183280660776871,0.0,0.597118567,0.7974456505,0.0,1831.0
0.6750585545822477,0.001380521,0.591003641,0.794987053,0.0,1831.0
0.7227881616294571,0.149683808,0.575080412,0.781111437,0.0,1831.0
0.7542471989028834,0.38501957,0.502510223,0.737575312,0.0,1831.0
0.759123678907907,0.566872783,0.4674500455,0.7245605815,0.0,1831.0
0.7571883002566966,0.5770092659999999,0.4504672195,0.7264163379999999,0.0,1831.0
0.7560550847027846,0.426024534,0.525125549,0.765415688,0.0,1831.0
0.7621070392396142,0.194353106,0.556205706,0.792180764,0.0,1831.0
0.7953704742893866,0.0008424425,0.5861238305,0.81071939,0.0,1831.0
0.7994503808201419,0.0,0.5825259405,0.8091078525,0.0,1831.0
0.7677663639019171,0.0,0.572494102,0.813929617,0.0,1831.0
0.723447068664822,0.0,0.5552767535,0.7896883035,0.0,1831.0
0.6700240389660397,0.0,0.571804042,0.8130540985,0.0,1831.0
0.62229563926229,0.0,0.5943128934999999,0.834580969,0.0,1831.0
0.6274357132552526,0.0,0.5867941615,0.817185942,0.0,1831.0
0.7385639641046264,0.0,0.590841494,0.8320344980000001,0.0,1831.0
0.8552961554594122,0.0,0.599050699,0.85130286,0.0,1831.0
0.8876552899877987,0.053164975,0.593456822,0.851586035,0.0,1831.0
0.9032551692348834,0.1870680855,0.5157023384999999,0.807747802,0.0,1831.0
0.9046609896223345,0.267505848,0.6417371675,0.8383278279999999,0.0,1831.0
0.9022730133799965,0.207712695,0.626412881,0.841832089,0.0,1831.0
0.9049837688781648,0.125246934,0.5913077455,0.8441233195,0.0,1831.0
0.9213124280463056,0.0,0.6080599390000001,0.851442307,0.0,1831.0
0.9109418141853702,0.0,0.6458300674999999,0.869199042,0.0,1831.0
0.8392952840690371,0.0,0.666863666,0.873983465,0.0,1831.0
0.7720420039989389,0.0,0.6474429125000001,0.871151581,0.0,1831.0
0.6710804277191931,0.0,0.6456348595000001,0.8642944875,0.0,1831.0
0.6257463543324291,0.0,0.661374915,0.865474232,0.0,1831.0
0.6331436471725242,0.0,0.6772003200000001,0.8644224785,0.0,1831.0
0.7566027764650496,0.0,0.6933084174999999,0.878113589,0.0,1831.0
0.8827804198865143,0.0342446965,0.7089334359999999,0.8848343925,0.0,1831.0
0.9144102824607305,0.226791465,0.64830695,0.844161323,0.0,1831.0
0.9170720263460774,0.3151702515,0.725735268,0.8529449695,0.0,1831.0
0.9174986423350932,0.263646832,0.7624363679999999,0.850503853,0.0,1831.0
0.9222622522919088,0.1258927525,0.7328544875,0.8458154125,0.0,1831.0
0.939417759478117,0.0,0.7124829930000001,0.8385967759999999,0.0,1831.0
0.9253821834588891,0.0,0.6824922975000001,0.8006497945,0.0,1831.0
0.8235877669102907,0.0,0.640724623,0.7261284975,0.0,1831.0
0.7223712719313391,0.0,0.5787425495,0.6577875005,0.0,1831.0
0.6463087075047158,0.0,0.5523877454999999,0.6424932240000001,0.0,1831.0
0.6319478479349518,0.0,0.5356523975,0.649249236,0.0,1831.0
0.6537315571196483,0.0,0.534551863,0.647111605,0.0,1831.0
0.7729322182843275,0.0,0.533433381,0.6597342305,0.0,1831.0
0.894761397266628,0.0295727135,0.531302707,0.6880248185,0.0,1831.0
0.9260848029671161,0.192282604,0.533678603,0.713514897,0.0,1831.0
0.9176172808845245,0.25463670800000004,0.519672999,0.6693196395000001,0.0,1831.0
0.9134349686461298,0.187453835,0.49987057149999997,0.6030991370000001,0.0,1831.0
0.9293009239763399,0.029104329,0.5199220250000001,0.6097590934999999,0.0,1831.0
0.9426900023565241,0.0,0.53486723,0.6419946400000001,0.0,1831.0
0.8823807245595185,0.0,0.5029416895000001,0.627437487,0.0,1831.0
0.7808235405083173,0.0,0.44540318450000005,0.602398189,0.0,1831.0
0.6775292602683436,0.0,0.39173399750000004,0.561176821,0.0,1831.0
0.6409212274942375,0.0,0.365783463,0.5336184595,0.0,1831.0
0.6507911042751957,0.0,0.3743856315,0.5529855480000001,0.0,1831.0
0.7813098781973766,0.0,0.38394685100000003,0.5666380285,0.0,1831.0
0.8851649974431801,0.0,0.390780447,0.556291179,0.0,1831.0
0.9159039750231273,0.063958765,0.390177759,0.54151615,0.0,1831.0
0.9300144101155123,0.198534518,0.351327226,0.534047095,0.0,1831.0
0.9237936873433776,0.25854918250000003,0.3391970355,0.474523969,0.0,1831.0
0.9156789955132802,0.234914016,0.336370119,0.432099297,0.0,1831.0
0.9198304518368791,0.10748082950000001,0.361875779,0.44986125200000004,0.0,1831.0
0.940405639300237,0.0,0.3953617465,0.489671905,0.0,1831.0
0.9249692961519109,0.0,0.3945104545,0.49888373100000005,0.0,1831.0
0.8463594899914075,0.0,0.390287183,0.493958206,0.0,1831.0
0.7768287783106669,0.0,0.3713522045,0.49708489299999997,0.0,1831.0
0.6723561168188533,0.0,0.3580751015,0.461498654,0.0,1831.0
0.6300921803351117,0.0,0.364735669,0.4602515325,0.0,1831.0
0.6294187396995774,0.0,0.371051315,0.472162805,0.0,1831.0
0.6840729634414966,0.0,0.3871019735,0.493410746,0.0,1831.0
0.8365530913525517,0.0,0.399297745,0.5329190635000001,0.0,1831.0
0.897606621798167,0.025395739,0.397204635,0.543840344,0.0,1831.0
0.9112530112974819,0.132457068,0.3527773995,0.4824534245,0.0,1831.0
0.9097439802842595,0.1721121725,0.3565168635,0.4959316335,0.0,1831.0
0.9073760827311311,0.1196373015,0.34162186699999997,0.5056430275,0.0,1831.0
0.914665491845435,0.014434881,0.35490247399999997,0.5278225655,0.0,1831.0
0.9192093096925328,0.0,0.37368260750000004,0.557937053,0.0,1831.0
0.8680429398718323,0.0,0.3617116395,0.5660512725,0.0,1831.0
0.794478516025958,0.0,0.309006647,0.513242274,0.0,1831.0
0.7114782323974774,0.0,0.312155163,0.500391858,0.0,1831.0
0.6185540964547473,0.0,0.3219732675,0.499054617,0.0,1831.0
0.5877637595784716,0.0,0.3443792375,0.5113434815,0.0,1831.0
0.5961545891370321,0.0,0.35281074,0.523272536,0.0,1831.0
0.6443959341044159,0.0,0.354269489,0.5076907285000001,0.0,1831.0
0.7131832652605182,0.016259467,0.355477378,0.508897635,0.0,1831.0
0.7538870348468921,0.089836278,0.335377945,0.466439347,0.0,1831.0
0.7645481411582671,0.17157279250000002,0.34220963299999996,0.4630086335,0.0,1831.0
0.7643791047068856,0.205734543,0.32941865,0.437008918,0.0,1831.0
0.762941981242893,0.137192816,0.32033938549999996,0.3901609685,0.0,1831.0
0.7853202249298854,0.0183571575,0.337838689,0.38866672199999996,0.0,1831.0
0.804571069369673,0.0,0.3555872875,0.426842577,0.0,1831.0
0.7807194354915796,0.0,0.3536351405,0.4411788655,0.0,1831.0
0.7401546066909814,0.0,0.313195452,0.388903796,0.0,1831.0
0.6915761053438448,0.0,0.3039721915,0.387309762,0.0,1831.0
0.6222233292202564,0.0,0.28850958250000003,0.4050850575,0.0,1831.0
0.5953342030683935,0.0,0.299665672,0.4564921985,0.0,1831.0
0.5971358952698939,0.0,0.319052758,0.486145051,0.0,1831.0
0.6192797237066887,0.0,0.322635609,0.5365037690000001,0.0,1831.0
0.7015774549653059,0.0178910195,0.3462263475,0.5791135334999999,0.0,1831.0
0.7670027482118226,0.176332977,0.309572857,0.545900659,0.0,1831.0
0.7762287433882724,0.27816417250000003,0.31193608549999996,0.51554744,0.0,1831.0
0.7723981433293192,0.29236898,0.315946915,0.5121112075,0.0,1831.0
0.7796717668310521,0.121267738,0.326079953,0.535157104,0.0,1831.0
0.810361956345313,0.0,0.3505778345,0.595446323,0.0,1831.0
0.81333109609682,0.0,0.359318257,0.617347482,0.0,1831.0
0.7847112462327788,0.0,0.350108494,0.6138454755,0.0,1831.0
0.7461359504273998,0.0,0.299459894,0.552198872,0.0,1831.0
0.6999712279115682,0.0,0.2972663635,0.5506833369999999,0.0,1831.0
0.6529524238981077,0.0,0.28078499,0.535502321,0.0,1831.0
0.627059472901192,0.0,0.269889408,0.48960388200000005,0.0,1831.0
0.6262622287855193,0.0,0.255679567,0.431193282,0.0,1831.0
0.682269907285338,0.0,0.2449563925,0.3779828555,0.0,1831.0
0.8379339587381092,0.0,0.23907200750000002,0.325512839,0.0,1831.0
0.8994882039292309,0.047730666,0.242863592,0.304364225,0.0,1831.0
0.9089826898757262,0.198325394,0.210332398,0.284323463,0.0,1831.0
0.910415117837752,0.331516977,0.2054966655,0.2485083125,0.0,1831.0
0.9077308805762758,0.3250841105,0.208844843,0.191718398,0.0,1831.0
0.9072912514179954,0.211229777,0.213404485,0.177984421,0.0,1831.0
0.9223980628779915,0.0377456795,0.2520931865,0.19936809049999998,0.0,1831.0
0.9400514228260897,0.0,0.30305335899999997,0.2483100505,0.0,1831.0
0.8804597005628085,0.0,0.3569616115,0.31880989049999997,0.0,1831.0
0.8006036301918947,0.0,0.409440019,0.414651735,0.0,1831.0
0.7230938135850532,0.0,0.4423745315,0.4489259595,0.0,1831.0
0.6463086628357744,0.0,0.479732716,0.5152615345,0.0,1831.0
0.6301631264224873,0.0,0.5115419095,0.591536113,0.0,1831.0
0.6512581235242361,0.0,0.567087278,0.625586412,0.0,1831.0
0.7698691692357209,0.0,0.654643943,0.694038663,0.0,1831.0
0.8764826022999721,0.0,0.733205655,0.766729583,0.0,1831.0
0.9067228773285289,0.021855704,0.780885425,0.761069428,0.0,1831.0
0.916602390995026,0.09855037650000001,0.782582652,0.8223791874999999,0.0,1831.0
0.9118432081216736,0.14226775949999998,0.8119742485,0.8824451985,0.0,1831.0
0.9068199615617388,0.108937687,0.7649502845,0.8714287039999999,0.0,1831.0
0.9131163035212692,0.018587176,0.706612955,0.80592072,0.0,1831.0
0.9158931978650166,0.0,0.671769377,0.6991436565,0.0,1831.0
0.8674707199349483,0.0,0.6566582805,0.6361570009999999,0.0,1831.0
0.7709362010726848,0.0,0.6276647049999999,0.694160152,0.0,1831.0
0.664599129418983,0.0,0.6291551074999999,0.8341302939999999,0.0,1831.0
0.6151780392451012,0.0,0.6712007165,0.8716474839999999,0.0,1831.0
0.6207932936781553,0.0,0.742804334,0.880061544,0.0,1831.0
0.7213604737708637,0.0,0.8411407529999999,0.9039479205000001,0.0,1831.0
0.8146374175641414,0.0,0.872205612,0.902293821,0.0,1831.0
0.8479040723539168,0.007202864,0.8559450120000001,0.8540335434999999,0.0,1831.0
0.8554583947418763,0.021989482999999997,0.87502513,0.8000329719999999,0.0,1831.0
0.853857735246601,0.027980495,0.893774431,0.7410462525,0.0,1831.0
0.8488098934411591,0.021113553,0.917555121,0.777281572,0.0,1831.0
0.8624912082498224,0.0069905505,0.9252613795,0.841843766,0.0,1831.0
0.8717791387355234,0.0,0.9236439685,0.920308064,0.0,1831.0
0.8477606148768921,0.0,0.9165739945,0.933900936,0.0,1831.0
0.7735313588157555,0.0,0.8837693185,0.9280879865,0.0,1831.0
0.6633792492360124,0.0,0.8168256705,0.9136021910000001,0.0,1831.0
0.614170192541077,0.0,0.740071897,0.900489713,0.0,1831.0
0.6207187477599192,0.0,0.671223814,0.8562971125000001,0.0,1831.0
0.723045025519367,0.0,0.6518642135,0.8269401845,0.0,1831.0
0.8440358639476677,0.001532276,0.6753979225,0.8489174705,0.0,1831.0
0.8737273070088635,0.0510315035,0.7133795629999999,0.889781647,0.0,1831.0
0.8752762717858944,0.19863997049999998,0.762112883,0.9024707949999999,0.0,1831.0
0.8779501343820639,0.2042345135,0.8356772505,0.9274881644999999,0.0,1831.0
0.8829120716052103,0.044467825,0.869300732,0.932514657,0.0,1831.0
0.8962200303779004,0.0,0.883260046,0.935213124,0.0,1831.0
0.8916847985491284,0.0,0.8934044065,0.936235458,0.0,1831.0
0.8177563647998451,0.0,0.8989008565000001,0.9354396145,0.0,1831.0
0.715707275568598,0.0,0.903283062,0.935170298,0.0,1831.0
0.6314045163202135,0.0,0.9001703305,0.934918869,0.0,1831.0
0.6143959546345852,0.0,0.8863205805000001,0.9324807230000001,0.0,1831.0
0.666013155598951,0.0,0.8709702994999999,0.925585534,0.0,1831.0
0.8216286426681224,0.0,0.854734631,0.911949662,0.0,1831.0
0.8892812602413543,0.05464464,0.843595896,0.901545121,0.0,1831.0
0.8973877239444639,0.299082949,0.8060935204999999,0.8675333555,0.0,1831.0
0.891009636270025,0.407832309,0.8321436769999999,0.886431382,0.0,1831.0
0.8903656429256872,0.2839247205,0.8382396625,0.9010892715000001,0.0,1831.0
0.8980371729050075,0.070460927,0.797608464,0.894777496,0.0,1831.0
0.9189011087732892,0.0,0.7468631569999999,0.8809001995,0.0,1831.0
0.9096124179709224,0.0,0.660827006,0.844250568,0.0,1831.0
0.8387785152924562,0.0,0.607613178,0.811140975,0.0,1831.0
0.7715850687971827,0.0,0.5457091075,0.7793636310000001,0.0,1831.0
0.656535819219685,0.0,0.526569092,0.7405745005,0.0,1998.0
0.6011676174404309,0.0,0.47682955800000004,0.6473954639999999,0.0,1998.0
0.5949465369793855,0.0,0.443114258,0.6212073840000001,0.0,1998.0
0.6190074765620603,0.0,0.4195861635,0.6911645405,0.0,1998.0
0.6936283786339227,0.0016316705,0.41609081000000003,0.707767786,0.0,1998.0
0.7487578946232386,0.021514403,0.379779333,0.684501159,0.0,1998.0
0.7589718143582256,0.0437442265,0.3795513835,0.675304396,0.0,1998.0
0.7546812382357064,0.053749552000000006,0.336682998,0.640569791,0.0,1998.0
0.7510280818357427,0.029626283,0.286777708,0.581206247,0.0,1998.0
0.7651230889369918,0.0035706765,0.2532406385,0.559245151,0.0,1998.0
0.7807836961498675,0.0,0.25054593449999996,0.559994859,0.0,1998.0
0.764522338501824,0.0,0.2548899775,0.542848423,0.0,1998.0
0.7243603800318079,0.0,0.24350178349999999,0.5158605439999999,0.0,1998.0
0.6502592876658121,0.0,0.2950081875,0.5337022065,0.0,1998.0
0.5914000346272825,0.0,0.32978392349999996,0.5392061800000001,0.0,1998.0
0.5860281838206041,0.0,0.3680715685,0.5427406189999999,0.0,1998.0
0.6106356076196566,0.0,0.40330771249999997,0.575693548,0.0,1998.0
0.6774346803298394,0.0024561805,0.4275327095,0.6144412189999999,0.0,1998.0
0.7364126390561643,0.0441148755,0.4216666915,0.6713113705,0.0,1998.0
0.7391076534757512,0.0628201285,0.494380296,0.7398303344999999,0.0,1998.0
0.7341547046287829,0.0642537245,0.5537964085,0.779615538,0.0,1998.0
0.749284322619829,0.016603611,0.589518489,0.7977458175000001,0.0,1998.0
0.763321284928186,0.0,0.6239739230000001,0.8260676865000001,0.0,1998.0
0.7517170174658251,0.0,0.6494596994999999,0.8552852264999999,0.0,1998.0
0.7349680029104814,0.0,0.63602518,0.873047869,0.0,1998.0
0.6972216567226444,0.0,0.5959832795,0.868220088,0.0,1998.0
0.6309032649401273,0.0,0.586770334,0.8516686575000001,0.0,1998.0
0.6139792215476654,0.0,0.5627886455,0.7906263655000001,0.0,1998.0
0.6625044182053423,0.0,0.4900124345,0.7051703715,0.0,1998.0
0.817840257053073,0.0,0.42427024199999996,0.6861321890000001,0.0,1998.0
0.8763910184193849,0.016264864,0.417304005,0.66162641,0.0,1998.0
0.8861146875470072,0.194814649,0.4118768645,0.630478027,0.0,1998.0
0.8866120484782101,0.33265889299999996,0.39980868049999996,0.658281186,0.0,1998.0
0.8917147600054822,0.295453168,0.3802575345,0.6738028505,0.0,1998.0
0.9058874434270875,0.078430255,0.334002166,0.624834634,0.0,1998.0
0.9245383871537325,0.0,0.283355198,0.560361624,0.0,1998.0
0.9153071599082119,0.0,0.231850675,0.483486974,0.0,1998.0
0.818019399953685,0.0,0.195833531,0.4084263385,0.0,1998.0
0.7207089230084183,0.0,0.19054124249999999,0.35503249449999996,0.0,1998.0
0.6469676368745514,0.0,0.1901583225,0.3207499315,0.0,1998.0
0.6365333659933201,0.0,0.15678295949999999,0.26228413,0.0,1998.0
0.7094596769383366,0.0,0.13098091550000002,0.1978620335,0.0,1998.0
0.8759991488615243,0.0,0.10865193749999999,0.14441535700000002,0.0,1998.0
0.9284757305309538,0.040739281,0.104085457,0.120323097,0.0,1998.0
0.9321941761894234,0.203151933,0.107360697,0.12375455799999999,0.0,1998.0
0.9207190114821111,0.24427161949999998,0.12399678449999998,0.135072988,0.0,1998.0
0.9182271092361802,0.139525019,0.137986304,0.140781329,0.0,1998.0
0.9239699235914315,0.0369097345,0.1584191995,0.1545186265,0.0,1998.0
0.941675291345219,0.0,0.20248853849999998,0.2031148965,0.0,1998.0
0.9242809418928257,0.0,0.25499691199999996,0.28054594050000004,0.0,1998.0
0.818100653770431,0.0,0.319669182,0.365828309,0.0,1998.0
0.7188559607809965,0.0,0.3627073295,0.4583086835,0.0,1998.0
0.6406916866916755,0.0,0.391355195,0.5197546230000001,0.0,1998.0
0.6238706750467917,0.0,0.402972914,0.596755062,0.0,1998.0
0.6750465476112548,0.0,0.396567409,0.68626168,0.0,1998.0
0.8261468367369705,0.0,0.3968696235,0.7854265094999999,0.0,1998.0
0.8776232856642058,0.001564875,0.399988932,0.819660797,0.0,1998.0
0.8881328851822856,0.011842346,0.367951099,0.798110422,0.0,1998.0
0.8834778519946124,0.0331040275,0.366238507,0.7830917344999999,0.0,1998.0
0.877094755933189,0.041699532,0.3391759135,0.7070134404999999,0.0,1998.0
0.874893569482405,0.027670181,0.310898985,0.624970332,0.0,1998.0
0.8809928810593748,0.0037977065,0.26510015350000005,0.580264013,0.0,1998.0
0.8864735547867039,0.0,0.2333991165,0.513813128,0.0,1998.0
0.8547670443573983,0.0,0.25212963099999997,0.4890777345,0.0,1998.0
0.794091341970064,0.0,0.260484837,0.445056655,0.0,1998.0
0.7149520222147429,0.0,0.295495614,0.42065052599999997,0.0,1998.0
0.6309084522727806,0.0,0.3971383155,0.500945782,0.0,1998.0
0.6140120449876358,0.0,0.478385848,0.624769464,0.0,1998.0
0.6624501297195575,0.0,0.5784025239999999,0.6986152315,0.0,1998.0
0.8085187428107354,0.0,0.6871384810000001,0.8086707285,0.0,1998.0
0.8661214239769599,0.004876369,0.753106939,0.8754290485,0.0,1998.0
0.8708367825701449,0.018859189999999998,0.7666003645,0.9081165959999999,0.0,1998.0
0.8671503555009896,0.0359917005,0.7377599025,0.908694567,0.0,1998.0
0.8659807390781931,0.0150854135,0.6862144779999999,0.8682963054999999,0.0,1998.0
0.8761862964769407,0.0,0.637449669,0.826125283,0.0,1998.0
0.876420488045052,0.0,0.586160131,0.7763286275,0.0,1998.0
0.8609185425507749,0.0,0.599340608,0.751879381,0.0,1998.0
0.813083667879785,0.0,0.5982165605,0.7728868019999999,0.0,1998.0
0.747632281291327,0.0,0.618739099,0.829558678,0.0,1998.0
0.6638471852104898,0.0,0.71333035,0.899110882,0.0,1998.0
0.6158787805660368,0.0,0.831204253,0.9219275405,0.0,1998.0
0.6143262830290332,0.0,0.862502793,0.92927591,0.0,1998.0
0.6623430732463688,0.0,0.8829046205,0.9269691605,0.0,1998.0
0.813699980312913,0.0,0.8992904475000001,0.9167435534999999,0.0,1998.0
0.8844386770804123,0.05750697,0.8907901819999999,0.9243845685000001,0.0,1998.0
0.9008638838471835,0.2638923175,0.88641719,0.928487516,0.0,1998.0
0.905229095428249,0.33516868499999997,0.9031477235,0.9202203185,0.0,1998.0
0.9098055579045998,0.13456482549999998,0.913969018,0.9220890589999999,0.0,1998.0
0.9254894188102711,0.0,0.918215853,0.933571259,0.0,1998.0
0.9251102493342299,0.0,0.9236540900000001,0.931489335,0.0,1998.0
0.8692155972239146,0.0,0.926356817,0.928660328,0.0,1998.0
0.7930592353074969,0.0,0.923507086,0.925053933,0.0,1998.0
0.7097363289669087,0.0,0.923574542,0.9295498675,0.0,1998.0
0.6151619405450852,0.0,0.9258917855,0.895498679,0.0,1998.0
0.5873423309221094,0.0,0.923630983,0.9265535315,0.0,1998.0
0.5996851269308952,0.0,0.9073494929999999,0.935008913,0.0,1998.0
0.6506986708075353,0.0,0.8632980925,0.9345282355,0.0,1998.0
0.7152718500141217,0.023512856,0.847012853,0.927521743,0.0,1998.0
0.7543715168180823,0.1891542805,0.8185262295,0.902457945,0.0,1998.0
0.7593063993049088,0.2556893295,0.7770056675,0.853775792,0.0,1998.0
0.7570031649703479,0.17378910050000002,0.7186456240000001,0.8360887115,0.0,1998.0
0.7693932732828563,0.0224962495,0.705715595,0.840403821,0.0,1998.0
0.7836489098303059,0.0,0.7119913474999999,0.8411183195,0.0,1998.0
0.7686642251457236,0.0,0.709633144,0.8366741125,0.0,1998.0
0.739901901533507,0.0,0.688465811,0.814104685,0.0,1998.0
0.6910463682018925,0.0,0.689606838,0.8223022205,0.0,1998.0
0.6152238535198655,0.0,0.6973108955,0.8404439095,0.0,1998.0
0.5873749755513624,0.0,0.706347084,0.8584561305,0.0,1998.0
0.599717167922156,0.0,0.713269684,0.8695483955000001,0.0,1998.0
0.6507258374186362,0.0,0.6843908814999999,0.8601529459999999,0.0,1998.0
0.715508143451611,0.011779768,0.659301185,0.863780194,0.0,1998.0
0.7567455408312478,0.2608902285,0.6247993695,0.8649862965,0.0,1998.0
0.7599637635074221,0.425375283,0.6072809215,0.8606262115000001,0.0,1998.0
0.7587227761699755,0.322661541,0.6064775995,0.8458069165,0.0,1998.0
0.7777079917558586,0.030784165,0.577345443,0.809179072,0.0,1998.0
0.8021617176218312,0.0,0.54300112,0.770407678,0.0,1998.0
0.7816047753968084,0.0,0.5067420855,0.747816183,0.0,1998.0
0.740560786234401,0.0,0.473039482,0.705156882,0.0,1998.0
0.6972416459390194,0.0,0.4504298285,0.678214876,0.0,1998.0
0.6395530378560288,0.0,0.42367609549999996,0.695284271,0.0,1998.0
0.6240567940619899,0.0,0.36392610150000004,0.6693975944999999,0.0,1998.0
0.6837665288347639,0.0,0.30556429799999996,0.594225246,0.0,1998.0
0.8461707772761446,0.0,0.243670794,0.5015686665,0.0,1998.0
0.9001264285024427,0.015613911,0.214062848,0.420666015,0.0,1998.0
0.9098687006247865,0.1474617385,0.175098906,0.3068374405,0.0,1998.0
0.9058064579613694,0.2134636565,0.18831601850000002,0.26576457200000003,0.0,1998.0
0.8996084076459846,0.163273652,0.201946251,0.248325911,0.0,1998.0
0.8998713533269898,0.0609887105,0.1947780465,0.262677814,0.0,1998.0
0.9222693178793295,0.0,0.1981379055,0.26192611499999996,0.0,1998.0
0.9101062013382598,0.0,0.21226830549999998,0.2783933465,0.0,1998.0
0.8156152356059724,0.0,0.23585280549999998,0.286528705,0.0,1998.0
0.7170432230703575,0.0,0.285769404,0.31556292900000005,0.0,1998.0
0.6400355745690394,0.0,0.3038000985,0.324487977,0.0,1998.0
0.6244457122308751,0.0,0.31268602300000004,0.30756430300000004,0.0,1998.0
0.6845862441945223,0.0,0.3404099525,0.32628681800000003,0.0,1998.0
0.8499859940803792,0.0,0.39909200349999996,0.41111881699999997,0.0,1998.0
0.9056325470623524,0.007425508,0.438795405,0.468909549,0.0,1998.0
0.9108707562232137,0.081102571,0.428547693,0.4820591615,0.0,1998.0
0.8990834106074643,0.144388784,0.4606548405,0.49840369149999997,0.0,1998.0
0.895099336162566,0.123828499,0.471752015,0.512943124,0.0,1998.0
0.9031454743252127,0.0437356135,0.4868639765,0.542928925,0.0,1998.0
0.9233041522487857,0.0,0.5001988695,0.5821844325000001,0.0,1998.0
0.9119498621020585,0.0,0.5013732470000001,0.6339724945,0.0,1998.0
0.8154478089908547,0.0,0.4672047535,0.6471694545,0.0,1998.0
0.716252977336266,0.0,0.41536892400000003,0.6444788765,0.0,1998.0
0.6303672223699768,0.0,0.3661647176666667,0.6349196626666667,0.0,1998.0
0.621015970240912,0.0,0.352255988,0.614169131,0.0,1998.0
0.6761970468066962,0.0,0.360264902,0.5922138525,0.0,1998.0
0.8408133481948548,0.0,0.3803222725,0.5918276085,0.0,1998.0
0.9006489212462567,0.009083592,0.42484176,0.61805375,0.0,1998.0
0.9116883026427065,0.1031118745,0.46268951,0.6544948185,0.0,1998.0
0.9097247065131818,0.1684747125,0.546848393,0.6837617364999999,0.0,1998.0
0.9096090640891432,0.12218716399999999,0.686580065,0.7668158795,0.0,1998.0
0.9164406882796658,0.016870029,0.7503773,0.813265811,0.0,1998.0
0.9350935996664369,0.0,0.7917101105,0.854488082,0.0,1998.0
0.9258674256117938,0.0,0.825228135,0.8977880265,0.0,1998.0
0.8221604816119767,0.0,0.838150229,0.9105142589999999,0.0,1998.0
0.7207610202194664,0.0,0.848247847,0.92316274,0.0,1998.0
0.6461383741695643,0.0,0.860999699,0.9222186084999999,0.0,1998.0
0.631624509710071,0.0,0.8642644575,0.9259812144999999,0.0,1998.0
0.6986273877047369,0.0,0.861122992,0.926838493,0.0,1998.0
0.863264170207433,0.0,0.863407425,0.92727729,0.0,1998.0
0.9188274124421266,0.008056933,0.859055066,0.926579514,0.0,1998.0
0.930173653205108,0.1067008365,0.808592899,0.916478337,0.0,1998.0
0.9239920593461257,0.194782538,0.8129254515,0.9046854735000001,0.0,1998.0
0.9230062365894904,0.164323744,0.760588079,0.889303076,0.0,1998.0
0.9434820144031261,0.009088284,0.740127367,0.889268229,0.0,1998.0
0.9523764208257611,0.0,0.706121003,0.86718403,0.0,1998.0
0.8875620068655891,0.0,0.659195547,0.821725059,0.0,1998.0
0.803237201267869,0.0,0.603177576,0.776789176,0.0,1998.0
0.7246160366457335,0.0,0.5825745465000001,0.7559121065000001,0.0,1998.0
0.652810196233965,0.0,0.5641714655000001,0.711088808,0.0,1998.0
0.6409756277873275,0.0,0.542403161,0.6621513594999999,0.0,1998.0
0.7089923222673806,0.0,0.5587134574999999,0.6563560415,0.0,1998.0
0.8692811099620796,0.0,0.589767253,0.694705693,0.0,1998.0
0.9260957142670029,0.010426814,0.595574706,0.720287801,0.0,1998.0
0.9375887665237397,0.197566843,0.5804087215,0.712184377,0.0,1998.0
0.9331732464460829,0.295539988,0.5866013800000001,0.6656597945,0.0,1998.0
0.9310479476686742,0.19294047,0.6263023265000001,0.6429417565,0.0,1998.0
0.940066627202615,0.013399313,0.663177185,0.655649872,0.0,1998.0
0.9572836672052707,0.0,0.7085161525,0.700163905,0.0,1998.0
0.9375598334651767,0.0,0.7436257415,0.7492116129999999,0.0,1998.0
0.8269781564399667,0.0,0.752636984,0.7660836795,0.0,1998.0
0.7148980915528205,0.0,0.7696418755000001,0.7790433255,0.0,1998.0
0.6284576911341184,0.0,0.7806230795,0.8068783134999999,0.0,1998.0
0.6061667383185503,0.0,0.799831798,0.8403717239999999,0.0,1998.0
0.6140668700405247,0.0,0.8160663895,0.8769446185,0.0,1998.0
0.6723123819440445,0.0,0.8649507725000001,0.9139769295,0.0,1998.0
0.7647944068357351,0.0150227935,0.8654989225,0.9183332335000001,0.0,1998.0
0.7945898655083096,0.036869410000000005,0.887486624,0.905623904,0.0,1998.0
0.792718479231835,0.0287065655,0.895060599,0.8855133935,0.0,1998.0
0.7885426512098639,0.019055445,0.901385835,0.865467488,0.0,1998.0
0.8019991653193977,0.004621702,0.9008940475,0.885548623,0.0,1998.0
0.8185601826722517,0.0,0.9062226735000001,0.8682686635,0.0,1998.0
0.783800461360018,0.0,0.9049174775,0.873476362,0.0,1998.0
0.7232390821110057,0.0,0.8219571495,0.8716242045,0.0,1998.0
0.6566716522077143,0.0,0.774158066,0.9001931329999999,0.0,1998.0
0.6034074183693066,0.0,0.7139480275000001,0.8727430405,0.0,1998.0
0.6014551584344192,0.0,0.653762524,0.8129267325,0.0,1998.0
0.6157094310272103,0.0,0.61389777,0.738778701,0.0,1998.0
0.6692284269536257,0.0,0.570411884,0.6766110065,0.0,1998.0
0.7608506239110315,0.0884767885,0.48098069,0.5849225765,0.0,1998.0
0.7797222094694194,0.27115299400000004,0.4129869025,0.5555749379999999,0.0,1998.0
0.7761850085809394,0.22734786899999998,0.395173918,0.579678232,0.0,1998.0
0.781619443138754,0.0739690645,0.401761663,0.5987373375,0.0,1998.0
0.8127783736130999,0.0,0.425562043,0.6224705589999999,0.0,1998.0
0.8060856902083529,0.0,0.41854405299999997,0.6522847895,0.0,1998.0
0.7553460481164977,0.0,0.412565389,0.630328454,0.0,1998.0
0.6969584650925578,0.0,0.396244253,0.6097851765,0.0,1998.0
0.6403376043593041,0.0,0.396275498,0.624317157,0.0,1998.0
0.6284554775923867,0.0,0.417751969,0.6090142165,0.0,1998.0
0.696736504042574,0.0,0.449237475,0.6134658875,0.0,1998.0
0.8613040621014636,0.0,0.46688695150000004,0.6138187610000001,0.0,1998.0
0.9162693264792477,0.011272895,0.504273552,0.631862017,0.0,1998.0
0.9150630854380046,0.2062731805,0.5220303245,0.6560630249999999,0.0,1998.0
0.898440177512317,0.2815888455,0.5762399444999999,0.720454844,0.0,1998.0
0.8930106171997109,0.146098647,0.6448787490000001,0.7606303425000001,0.0,1998.0
0.9038677700973212,0.005525963,0.7431587550000001,0.8064688865,0.0,1998.0
0.9048073984883347,0.0,0.805839134,0.85463423,0.0,1998.0
0.8630264458118733,0.0,0.850558254,0.8853444109999999,0.0,1998.0
0.7939121095291418,0.0,0.848860679,0.903594728,0.0,1998.0
0.7145741271530497,0.0,0.8596174320000001,0.9069346735,0.0,1998.0
0.6309084522727806,0.0,0.870052619,0.8856217565,0.0,1998.0
0.6141593259101317,0.0,0.8840531325000001,0.8389142115,0.0,1998.0
0.6625194436361985,0.0,0.8953249655,0.771495665,0.0,1998.0
0.8129829614137682,0.0,0.896443833,0.8220525240000001,0.0,1998.0
0.872442718938384,0.001807096,0.888770791,0.921264286,0.0,1998.0
0.889562093471784,0.019136124,0.879844857,0.92192862,0.0,1998.0
0.8943311144433395,0.051725407,0.8473715385,0.9153053015,0.0,1998.0
0.8947333586665072,0.0812967195,0.811926978,0.909630713,0.0,1998.0
0.8984598089723054,0.047213471,0.7267196215,0.854378376,0.0,1998.0
0.9209343765758415,0.0,0.623352126,0.8170998805,0.0,1998.0
0.910904697736237,0.0,0.5588160205,0.8026227765,0.0,1998.0
0.8385259442767578,0.0,0.539148998,0.792259678,0.0,1998.0
0.7687677487914641,0.0,0.493765607,0.7523521705,0.0,1998.0
0.670873067340267,0.0,0.5267637255,0.7594301825,0.0,1998.0
0.6266687660853254,0.0,0.550177837,0.7378628094999999,0.0,1998.0
0.6241472152680586,0.0,0.550713558,0.733438377,0.0,1998.0
0.6809689074273975,0.0,0.5551090295000001,0.757347269,0.0,1998.0
0.8407877244166053,0.0,0.569858658,0.7881209525,0.0,1998.0
0.905900277650683,0.047701267500000005,0.5754886775,0.8054957,0.0,1998.0
0.9101672870604375,0.205536408,0.5906764465000001,0.8262768659999999,0.0,1998.0
0.9040580032434891,0.2273791535,0.6171205,0.83032906,0.0,1998.0
0.9080732913595699,0.138888816,0.624528251,0.828442267,0.0,1998.0
0.9200633913251133,0.011695397,0.6436786035,0.844583708,0.0,1998.0
0.927928195379887,0.0,0.6434970664999999,0.847846328,0.0,1998.0
0.8705507620745374,0.0,0.621153648,0.823777792,0.0,1998.0
0.7923914964396767,0.0,0.571619751,0.786034455,0.0,1998.0
0.7168372042441431,0.0,0.5564702324999999,0.774761084,0.0,1998.0
0.6381633162360691,0.0,0.5503133505,0.757257747,0.0,1998.0
0.6226535673746032,0.0,0.5198792845,0.7372420325,0.0,1998.0
0.6778156609222841,0.0,0.515538947,0.738486387,0.0,1998.0
0.8394035926221031,0.0,0.5299937235000001,0.7942994130000001,0.0,1998.0
0.8997400592972047,0.00653702,0.553870904,0.814322885,0.0,1998.0
0.9088432123878949,0.155410078,0.5452177874999999,0.814995625,0.0,1998.0
0.8982164947512885,0.2050313865,0.6144513555,0.853694035,0.0,1998.0
0.896568299270204,0.13439592549999999,0.636332399,0.8626943075,0.0,1998.0
0.9016266500176805,0.020497667,0.623704154,0.864758196,0.0,1998.0
0.919354779498625,0.0,0.5984770610000001,0.8610536605,0.0,1998.0
0.9095597394563528,0.0,0.5289079405,0.828949768,0.0,1998.0
0.8170734215554996,0.0,0.4375848725,0.752356103,0.0,1998.0
0.7160415698972584,0.0,0.3876934345,0.6752230665,0.0,1998.0
0.6330812423670571,0.0,0.338092383,0.5901520755,0.0,1998.0
0.6162698452057656,0.0,0.30065660250000004,0.5076282955,0.0,1998.0
0.6655296798935082,0.0,0.3016833565,0.5114665725,0.0,1998.0
0.8150667165911047,0.0,0.3551874575,0.5111584044999999,0.0,1998.0
0.8749129773952588,0.001241522,0.398077316,0.517001492,0.0,1998.0
0.8909659908680508,0.045366634,0.4318269475,0.5450637805,0.0,1998.0
0.8892889071322962,0.1200525925,0.465386815,0.5916015565,0.0,1998.0
0.8858804065060613,0.10370035450000001,0.4578413305,0.6249847035,0.0,1998.0
0.8967219973382354,0.01037822,0.427656119,0.635779902,0.0,1998.0
0.9056859411571707,0.0,0.4388302425,0.6620744305,0.0,1998.0
0.8662855861156571,0.0,0.4677678295,0.7077084499999999,0.0,1998.0
0.7939620155329291,0.0,0.477874642,0.718499028,0.0,1998.0
0.7081657650022877,0.0,0.5024801249999999,0.7383015635000001,0.0,1998.0
0.615098059910179,0.0,0.5500698555,0.7627034415,0.0,1998.0
0.5877041496182573,0.0,0.555931329,0.811615499,0.0,1998.0
0.5995507473703585,0.0,0.5389685989999999,0.8241248735,0.0,1998.0
0.6573889617923576,0.0,0.522279838,0.8185224289999999,0.0,1998.0
0.7242137028822557,0.007648611,0.528056666,0.821547889,0.0,1998.0
0.758135485998342,0.20299498700000002,0.485516741,0.775362245,0.0,1998.0
0.7595523518949319,0.3333853095,0.490526221,0.7859863844999999,0.0,1998.0
0.7576509146892689,0.22546953749999998,0.4567559685,0.7685031204999999,0.0,1998.0
0.7800395330415681,0.0146648215,0.4163911685,0.7293707185,0.0,1998.0
0.8037905499264792,0.0,0.38739021250000005,0.6899870515,0.0,1998.0
0.7808331102554924,0.0,0.3527550395,0.605820723,0.0,1998.0
0.7405810438018039,0.0,0.314562042,0.504529622,0.0,1998.0
0.6913773309832445,0.0,0.312174738,0.4938400495,0.0,1998.0
0.6200676217572725,0.0,0.28985264850000003,0.46177621999999996,0.0,1998.0
0.5924568706096569,0.0,0.247312358,0.4234598115,0.0,1998.0
0.6026921659176236,0.0,0.2276366465,0.42924803450000004,0.0,1998.0
0.6583379810523529,0.0,0.192515811,0.4197631925,0.0,1998.0
0.7392952482529129,0.008065179,0.1714190675,0.400687865,0.0,1998.0
0.7647534892756013,0.052558892,0.15980705,0.382749522,0.0,1998.0
0.7607689676689576,0.0921759375,0.153413378,0.36485671399999997,0.0,1998.0
0.7591124545205753,0.0854915655,0.15637136000000001,0.379256426,0.0,1998.0
0.7787493551456315,0.0049598505,0.175244717,0.4097827665,0.0,1998.0
0.8075205329247743,0.0,0.188481134,0.4174298705,0.0,1998.0
0.783914628089569,0.0,0.1832891465,0.38326910999999997,0.0,1998.0
0.7246810576206875,0.0,0.156856363,0.3181520335,0.0,1998.0
0.6713393487420634,0.0,0.15970795650000003,0.2816843745,0.0,1998.0
0.6275405785211807,0.0,0.1802327815,0.2647740435,0.0,1998.0
0.638669799752702,0.0,0.188410172,0.2360681675,0.0,1998.0
0.7308600577121294,0.0,0.205383336,0.243101994,0.0,1998.0
0.856586914726346,0.0,0.2184264705,0.271333629,0.0,1998.0
0.9132416946381521,0.003913943,0.227240608,0.278885,0.0,1998.0
0.9199935855103095,0.128798811,0.2150656095,0.259069334,0.0,1998.0
0.9128486623382972,0.22021567749999998,0.22214512,0.285503211,0.0,1998.0
0.9101337928441111,0.16417583400000002,0.235081764,0.30186853449999995,0.0,1998.0
0.9235244810605591,0.013945747,0.252812238,0.333522065,0.0,1998.0
0.9463736568474216,0.0,0.270051833,0.34866295,0.0,1998.0
0.9317557992459717,0.0,0.266752984,0.35909605899999997,0.0,1998.0
0.8513051049674033,0.0,0.268170853,0.375584244,0.0,1998.0
0.7755585448946879,0.0,0.23228123,0.3216068425,0.0,1998.0
0.6734456420994224,0.0,0.2602527125,0.3405703685,0.0,1998.0
0.6314343660367379,0.0,0.26658905499999996,0.3367016855,0.0,1998.0
0.6280065246360128,0.0,0.266104967,0.330270285,0.0,1998.0
0.6880390385971409,0.0,0.2791580425,0.3303460945,0.0,1998.0
0.8487545317536904,0.0,0.31304113499999997,0.3744768855,0.0,1998.0
0.9017819131855583,0.004228923,0.345200045,0.417694826,0.0,1998.0
0.9104833585527091,0.055432499999999996,0.3686882035,0.424868042,0.0,1998.0
0.9006188703170683,0.10697282450000001,0.3804521915,0.440621134,0.0,1998.0
0.8936649852768315,0.0663277405,0.35789206,0.41570095,0.0,1998.0
0.9024685680680697,0.0052999335,0.3591373615,0.4197677595,0.0,1998.0
0.9118056444433191,0.0,0.366314207,0.4261523015,0.0,1998.0
0.8674255541695448,0.0,0.378626149,0.4332753505,0.0,1998.0
0.793577614055293,0.0,0.358267343,0.411288064,0.0,1998.0
0.7150874303080219,0.0,0.37340820750000003,0.422106221,0.0,1998.0
0.6323820660784922,0.0,0.37212966049999996,0.4204992635,0.0,1998.0
0.616317895424208,0.0,0.3873889155,0.409620915,0.0,1998.0
0.6656266299174665,0.0,0.38032218900000003,0.410089668,0.0,1998.0
0.8232181225124833,0.0,0.38230951950000003,0.4190982595,0.0,1998.0
0.8864453820448069,0.001389669,0.38749756,0.426798731,0.0,1998.0
0.8961784867778282,0.049360354499999995,0.33238177150000003,0.3638680265,0.0,1998.0
0.8931928905024429,0.094950309,0.3670439445,0.4094624865,0.0,1998.0
0.8907542927435446,0.055173055,0.3173176055,0.37905874100000003,0.0,1998.0
0.9006484741519871,0.0054420525,0.2915927895,0.3489665745,0.0,1998.0
0.9162097165190336,0.0,0.265133444,0.315685222,0.0,1998.0
0.8700292083906311,0.0,0.24365448,0.2813800955,0.0,1998.0
0.7691329660383329,0.0,0.25206835,0.24783125749999999,0.0,1998.0
0.668198645775047,0.0,0.2492395035,0.2528787835,0.0,1998.0
0.6232419754618459,0.0,0.22028898100000002,0.21481409966666667,0.0,1998.0
0.6797501228480574,0.0,0.17049158949999998,0.16772371349999998,0.0,1998.0
0.8423892783703228,0.0,0.15222231149999998,0.144402477,0.0,1998.0
0.9001781232881627,0.001798533,0.14874415,0.130444581,0.0,1998.0
0.9110498544548842,0.0473908595,0.12656950150000001,0.1265043375,0.0,1998.0
0.9024125356042452,0.1287441715,0.134433638,0.127723169,0.0,1998.0
0.8949111600818831,0.1206694045,0.125636932,0.1206693275,0.0,1998.0
0.9042548547478564,0.043317531,0.126188866,0.120542381,0.0,1998.0
0.9218197164810704,0.0,0.1329473725,0.11717493100000001,0.0,1998.0
0.910689690398893,0.0,0.144275609,0.13198626800000002,0.0,1998.0
0.8157204138918697,0.0,0.18362577349999998,0.1703492545,0.0,1998.0
0.7156671629265963,0.0,0.24938850299999998,0.22774755200000002,0.0,1998.0
0.6448685879828063,0.0,0.305853538,0.279663426,0.0,1998.0
0.6190471419748409,0.0,0.34929905699999997,0.3300046975,0.0,1998.0
0.6175813986746821,0.0,0.405271025,0.372995353,0.0,1998.0
0.6683656922993073,0.0,0.415536507,0.393916671,0.0,1998.0
0.8295430843756557,0.0,0.39640348400000003,0.4281621645,0.0,1998.0
0.896901497995234,0.025114892,0.35759457650000004,0.4167710315,0.0,1998.0
0.8979619562104155,0.128524199,0.307155676,0.371614539,0.0,1998.0
0.8928969871722153,0.19787392450000002,0.286869334,0.34831524,0.0,1998.0
0.8879017791449257,0.191562989,0.242670916,0.294108663,0.0,1998.0
0.8912266112000193,0.064784696,0.21848140100000002,0.249622791,0.0,1998.0
0.9050208853272981,0.0,0.2670289735,0.2886875485,0.0,1998.0
0.8935674986857692,0.0,0.34988695049999996,0.37182098350000004,0.0,1998.0
0.8171006999064301,0.0,0.4305867685,0.48926358550000004,0.0,1998.0
0.7081302136530008,0.0,0.5214983115,0.5970648885000001,0.0,1998.0
0.6133365920905098,0.0,0.635673923,0.6637588324999999,0.0,1998.0
0.5838812635211342,0.0,0.7416023345,0.731715413,0.0,1998.0
0.5960568788638836,0.0,0.787835066,0.7804693309999999,0.0,1998.0
0.6441741295981547,0.0,0.786199514,0.819365353,0.0,1998.0
0.7094011401798062,0.001762198,0.745713871,0.838438886,0.0,1998.0
0.7501700650178615,0.04339363,0.6248500260000001,0.7851620914999999,0.0,1998.0
0.7514020192427131,0.11498402299999999,0.5626710535,0.7627120405000001,0.0,1998.0
0.7481289491117034,0.1162314445,0.48392081649999996,0.6739864360000001,0.0,1998.0
0.7653212819940709,0.009199222,0.3785247925,0.5361792830000001,0.0,1998.0
0.7816060722805785,0.0,0.326029111,0.44532174,0.0,1998.0
0.7673696200313722,0.0,0.2888575115,0.424616682,0.0,1998.0
0.7400954438250368,0.0,0.302418443,0.439304246,0.0,1998.0
0.691079638871084,0.0,0.33195100099999997,0.448923085,0.0,1998.0
0.6159806497065721,0.0,0.348382745,0.46691777700000003,0.0,1998.0
0.5881094347032348,0.0,0.356786586,0.472889913,0.0,1998.0
0.5897062484860442,0.0,0.397310983,0.460185332,0.0,1998.0
0.6072010807898439,0.0,0.424524327,0.463072411,0.0,1998.0
0.6486021484774911,0.0,0.427759908,0.47314974499999995,0.0,1998.0
0.7131151587548128,0.001715149,0.442890445,0.498594356,0.0,1998.0
0.7532483183080421,0.0484222585,0.4465737975,0.5168369694999999,0.0,1998.0
0.7586091013385869,0.0974666825,0.4885855825,0.5631536035,0.0,1998.0
0.7558617212219725,0.085807845,0.473487023,0.535126034,0.0,1998.0
0.7581433118349532,0.0345924565,0.424060134,0.4887723475,0.0,1998.0
0.776654464918846,0.0,0.403132318,0.453773109,0.0,1998.0
0.7812997942175683,0.0,0.4090676125,0.436490367,0.0,1998.0
0.7648778071233245,0.0,0.42779216200000003,0.4233612805,0.0,1998.0
0.7386653413469991,0.0,0.433318528,0.428250326,0.0,1998.0
0.6975947668095364,0.0,0.4688820045,0.4629027655,0.0,1998.0
0.6320318295935383,0.0,0.509325628,0.494755721,0.0,1998.0
0.6160537646667377,0.0,0.5159493205,0.4769464845,0.0,1998.0
0.6652999378108064,0.0,0.50713875,0.45719019699999996,0.0,1998.0
0.8209856777890511,0.0,0.5027825125,0.45165442899999997,0.0,1998.0
0.8819379203976523,0.002419084,0.511311078,0.465946145,0.0,1998.0
0.8950631587733406,0.0861644695,0.5296143715,0.469038888,0.0,1998.0
0.894615167278821,0.1903856625,0.5623435425000001,0.4959375305,0.0,1998.0
0.8923968089263372,0.103000555,0.5661958355000001,0.5206475655,0.0,1998.0
0.8997106344754306,0.0137973125,0.5650759295,0.528123293,0.0,1998.0
0.904615913194814,0.0,0.589747188,0.5674394439999999,0.0,1998.0
0.8638583917572353,0.0,0.5994995755,0.613077348,0.0,1998.0
0.7681176289196134,0.0,0.5751399435,0.6261950595,0.0,1998.0
