Demand,Avail_Sol,Avail_Wind_On,Avail_Wind_Off,Hyd_In,HydRoR_In
0.6377137535834633,0.0,0.790092853,0.9348550906666667,3449.0,4517.0
0.6620166055778205,0.0,0.789835184,0.9360477094999999,3449.0,4517.0
0.7996137537209782,0.0,0.7638284584999999,0.921963546,3449.0,4517.0
0.9048422615412118,0.03614932166666667,0.7706382866666667,0.726107233,3449.0,4517.0
0.8996520509888108,0.175734785,0.777464909,0.775591487,3449.0,4517.0
0.8974139183010004,0.166686372,0.803858211,0.7407680619999999,3449.0,4517.0
0.8984234687967829,0.118999347,0.846126681,0.772605135,3449.0,4517.0
0.9146983461687669,0.0360938115,0.8693577925,0.8995979045,3449.0,4517.0
0.8990589179122637,0.0,0.8574556520000001,0.935711473,3449.0,4517.0
0.8042024329955556,0.0,0.8194836790000001,0.9297586023333334,3449.0,4517.0
0.6651163382570693,0.0,0.732890004,0.8712949635,3449.0,4517.0
0.6546167686608604,0.0,0.6137334805,0.7966822152499999,3449.0,4517.0
0.8094200113967357,0.0,0.5089619249999999,0.661802097,3449.0,4517.0
0.9139011886430737,0.026499126,0.43180440233333334,0.734880367,3449.0,4517.0
0.9065629922519844,0.1042132355,0.44741557899999995,0.8117849070000001,3449.0,4517.0
0.8969003604417418,0.0986849525,0.5065113555,0.864856399,3449.0,4517.0
0.898020713121836,0.0476173875,0.5569524815,0.8891031595,3449.0,4517.0
0.9101910312500587,0.006992117,0.64527351,0.8991530285,3449.0,4517.0
0.8800070224606351,0.0,0.7092916325,0.9117894255000001,3449.0,4517.0
0.7810653028967801,0.0,0.7464402033333334,0.9040444006666667,3449.0,4517.0
0.6561239086845188,0.0,0.785609319,0.690538171,3449.0,4517.0
0.6269738021677375,0.0,0.8249565835,0.5971208555,3449.0,4517.0
0.6518415470175469,0.0,0.8510069955,0.7272813604999999,3449.0,4517.0
0.7838189229523509,0.0,0.8661616935,0.6577811625,3449.0,4517.0
0.8763830642130817,0.0009086295,0.8772682235,0.719708908,3449.0,4517.0
0.873917516459479,0.113235049,0.8748928215,0.8549633165,3449.0,4517.0
0.8648484613615532,0.2765030575,0.880322201,0.9213580205,3449.0,4517.0
0.8687025403266426,0.26930706449999997,0.9033606775,0.8521965520000001,3449.0,4517.0
0.8848462707511621,0.08337354699999999,0.869049174,0.913427007,3449.0,4517.0
0.87637077756757,0.0,0.808847181,0.9264342640000001,3449.0,4517.0
0.8074056120635358,0.0,0.7659365300000001,0.8884157115,3449.0,4517.0
0.7083373438440551,0.0,0.6976998645,0.865000725,3449.0,4517.0
0.6376424581414033,0.0,0.713336784,0.850846243,3449.0,4517.0
0.7073617480880832,0.0,0.7458360745,0.858667984,3449.0,4517.0
0.8538132962081159,0.000544262,0.7833970613333333,0.8609578663333334,3449.0,4517.0
0.85718541385933,0.041353547,0.8076575195,0.909518965,3449.0,4517.0
0.841285813396135,0.11689792525,0.835052063,0.92616483175,3449.0,4517.0
0.847369087311947,0.076688226,0.8339751065000001,0.921968393,3449.0,4517.0
0.8617459564143268,0.0005632165,0.7998966705,0.92617052,3449.0,4517.0
0.8145188921894094,0.0,0.753645582,0.9158196976666666,3449.0,4517.0
0.7022290308044756,0.0,0.6547126,0.9150310564999999,3449.0,4517.0
0.6365674154595546,0.0,0.6242158584999999,0.890164944,3449.0,4517.0
0.6445031879667583,0.0,0.550914193,0.8461975636666668,3449.0,4517.0
0.7841603559543409,0.0,0.5109770665,0.8282339245,3449.0,4517.0
0.8774144824831307,0.020681169666666666,0.49272108033333334,0.8188054880000001,3449.0,4517.0
0.8695080516259164,0.13203703449999998,0.418035114,0.75087324,3449.0,4517.0
0.8592071763617914,0.1946678155,0.4568007395,0.7766809400000001,3449.0,4517.0
0.8655857082827139,0.163293937,0.4114335255,0.7941137865,3449.0,4517.0
0.8920377067872061,0.0343131605,0.314186883,0.7548623919999999,3449.0,4517.0
0.8844319233284633,0.0,0.25800036000000004,0.6915875385000001,3449.0,4517.0
0.8234372835888313,0.0,0.22154440749999998,0.5965400654999999,3449.0,4517.0
0.6907220471480837,0.0,0.1983368593333333,0.384911185,3449.0,4517.0
0.6208468372407656,0.0,0.17503272749999998,0.20570301524999998,3449.0,4517.0
0.655904788352236,0.0,0.163553088,0.106938749,3449.0,4517.0
0.7201941069023362,0.0013529935,0.1635681295,0.08148530000000001,3449.0,4517.0
0.7542895030436584,0.061229981,0.1644696955,0.089429299,3449.0,4517.0
0.741355745614926,0.137042875,0.161235501,0.11289672,3449.0,4517.0
0.7369213303189437,0.141425015,0.17475203150000002,0.1940527175,3449.0,4517.0
0.7568327335600626,0.040996534,0.2161934613333333,0.38265277133333325,3449.0,4517.0
0.7623423541722829,0.0,0.295641791,0.6083030014999999,3449.0,4517.0
0.7434653558459006,0.0,0.373933465,0.7670524409999999,3449.0,4517.0
0.6731277605676791,0.0,0.43304389699999996,0.8477668366666666,3449.0,4517.0
0.6254144102635066,0.0,0.571565794,0.90013059225,3449.0,4517.0
0.6621041871957403,0.0,0.6384538205,0.8831026085,3449.0,4517.0
0.7398947435341329,0.011511735,0.666658812,0.871359414,3449.0,4517.0
0.7680782513336393,0.098346092,0.6185601785,0.8708123415,3449.0,4517.0
0.7650659227977545,0.15066424750000001,0.6158835395,0.859682042,3449.0,4517.0
0.770293096940065,0.1045760285,0.6123733005,0.835935914,3449.0,4517.0
0.7983636143435934,0.022390023,0.6031712455,0.8321704270000001,3449.0,4517.0
0.7812073319637474,0.0,0.5762775715,0.84180552525,3449.0,4517.0
0.7142412184959253,0.0,0.5229564905,0.835309216,3449.0,4517.0
0.6676873210829635,0.0,0.5445375189999999,0.8431726205,3449.0,4517.0
0.6754864982177068,0.0,0.518380037,0.8119180466666668,3449.0,4517.0
0.8307469884630887,0.0,0.467450295,0.7981528435,3449.0,4517.0
0.9275156016587079,0.034352895,0.409493237,0.7275070046666666,3449.0,4517.0
0.9176060380147606,0.2249598805,0.2738470765,0.6201091974999999,3449.0,4517.0
0.9066462934731632,0.29946849350000004,0.22040196950000002,0.534782394,3449.0,4517.0
0.9058954734943719,0.220036916,0.225413953,0.540554397,3449.0,4517.0
0.9234843634174109,0.051274862,0.2552347585,0.5488716745,3449.0,4517.0
0.9194615085794071,0.0,0.257397714,0.5442949935000001,3449.0,4517.0
0.8509969488860856,0.0,0.2181849065,0.470041249,3449.0,4517.0
0.747880010316927,0.0,0.209232705,0.388944285,3449.0,4517.0
0.6743056434018471,0.0,0.1976094575,0.3759060835,3449.0,4517.0
0.6857152057771333,0.0,0.15900890566666667,0.3185826596666667,3449.0,4517.0
0.8455966962012146,0.0,0.145976496,0.288729275,3449.0,4517.0
0.9334433843673015,0.001444352,0.17587862599999998,0.28881086749999996,3449.0,4517.0
0.931837373982282,0.1334218985,0.2138949565,0.36364104350000004,3449.0,4517.0
0.917244356360577,0.2600020715,0.23771764,0.477060402,3449.0,4517.0
0.9069924060630945,0.26180537849999996,0.307134354,0.558121074,3449.0,4517.0
0.9085034495398885,0.1349547745,0.3670598595,0.6096419295,3449.0,4517.0
0.9120740470705466,0.000889458,0.43456655850000003,0.7334861374999999,3449.0,4517.0
0.8424137436137635,0.0,0.49793359666666664,0.7881569163333334,3449.0,4517.0
0.717816739604074,0.0,0.479390654,0.7376692965,3449.0,4517.0
0.6443226798243102,0.0,0.44645309200000005,0.696328112,3449.0,4517.0
0.6536484177493426,0.0,0.39733662266666664,0.6849222053333334,3449.0,4517.0
0.7945816587904939,0.0,0.34799788,0.668008318,3449.0,4517.0
0.8977022493061336,0.032190795333333334,0.297124066,0.52393163,3449.0,4517.0
0.8930746251655146,0.224024915,0.2255651655,0.2579860565,3449.0,4517.0
0.8826573144438448,0.3208873725,0.1878640725,0.269424613,3449.0,4517.0
0.8826645888758284,0.2579183655,0.16205326050000002,0.4037444795,3449.0,4517.0
0.9047972989580995,0.0783563975,0.1893130985,0.49226132200000006,3449.0,4517.0
0.9004781880104343,0.0,0.23962193799999998,0.526702711,3449.0,4517.0
0.8336257599544641,0.0,0.2710547855,0.478266265,3449.0,4517.0
0.7350345886464265,0.0,0.320059811,0.52149476,3449.0,4517.0
0.6657115782998004,0.0,0.288305459,0.53388379675,3449.0,4517.0
0.7510400898627967,0.0,0.22989398249999998,0.45013463200000003,3449.0,4517.0
0.9105734864545614,0.0014703853333333334,0.19366820033333332,0.3233772986666667,3449.0,4517.0
0.9207058963671879,0.24768563633333332,0.16857356233333332,0.25560314,3449.0,4517.0
0.9060757820749668,0.38632696050000004,0.1795540605,0.26381634649999997,3449.0,4517.0
0.9053507775066092,0.30204981,0.1880342135,0.2598630475,3449.0,4517.0
0.9219522063910294,0.0780591065,0.18672457,0.2076041145,3449.0,4517.0
0.9095868533943092,0.0,0.2000402805,0.20037330250000002,3449.0,4517.0
0.8415803173621735,0.0,0.2001037205,0.167343194,3449.0,4517.0
0.6984922743659894,0.0,0.1980227325,0.14467007625,3449.0,4517.0
0.6693984707830949,0.0,0.19412959466666665,0.11528477966666667,3449.0,4517.0
0.8189298355895163,0.0,0.182694429,0.110097624,3449.0,4517.0
0.9153545983799127,0.0025109945,0.1604192075,0.120240155,3449.0,4517.0
0.9138263890234453,0.1425020705,0.12389154050000001,0.1396904505,3449.0,4517.0
0.9046090654079638,0.24549265933333334,0.118482221,0.14881158000000003,3449.0,4517.0
0.9031272380260943,0.1742183785,0.115507959,0.157034041,3449.0,4517.0
0.9208599755819127,0.046579627000000005,0.10985126049999999,0.206965791,3449.0,4517.0
0.9080092754354299,0.0,0.11986459799999999,0.316031992,3449.0,4517.0
0.8430842638309199,0.0,0.130335188,0.4381762715,3449.0,4517.0
0.7101905669544823,0.0,0.13896335133333332,0.494877449,3449.0,4517.0
0.6442625548261944,0.0,0.2252529975,0.55507225625,3449.0,4517.0
0.6784770033901476,0.0,0.295683665,0.6077131984999999,3449.0,4517.0
0.759637341255751,0.06398827033333333,0.31896092666666664,0.6648552686666667,3449.0,4517.0
0.7844643744244637,0.4000983925,0.2302029625,0.6101433345,3449.0,4517.0
0.7713969047495708,0.516688246,0.2533760995,0.563551338,3449.0,4517.0
0.7721722981206256,0.38005311399999997,0.26837022,0.537691987,3449.0,4517.0
0.8056675085206817,0.077036329,0.306390231,0.547605739,3449.0,4517.0
0.7913060310079983,0.0,0.32101338775,0.54838185025,3449.0,4517.0
0.7015125722316173,0.0,0.27231842533333334,0.391513042,3449.0,4517.0
0.6574393924115632,0.0,0.22732130166666664,0.279689518,3449.0,4517.0
0.6983577083082673,0.0,0.2030984265,0.24345361,3449.0,4517.0
0.7849055870538477,0.061401967,0.181443137,0.2022201575,3449.0,4517.0
0.7829001033620013,0.3033071215,0.11269639449999999,0.09744650099999999,3449.0,4517.0
0.7639510702596667,0.4443286155,0.106143853,0.0606222855,3449.0,4517.0
0.7658133273278185,0.350655639,0.08880472249999999,0.055550783,3449.0,4517.0
0.8051707617438455,0.08728137450000001,0.0849662845,0.062975176,3449.0,4517.0
0.8058047026799426,0.0,0.100386805,0.0981822155,3449.0,4517.0
0.7811906539619319,0.0,0.12959624,0.20558066349999998,3449.0,4517.0
0.714641209276576,0.0,0.19619772666666666,0.44109952666666663,3449.0,4517.0
0.681703439968857,0.0,0.263515955,0.63703219175,3449.0,4517.0
0.8407161669206424,0.0,0.345981692,0.7722465789999999,3449.0,4517.0
0.9252143350214425,0.024748057666666667,0.45840678399999996,0.8436346436666667,3449.0,4517.0
0.9075578608031933,0.1367545325,0.570600676,0.8737004955000001,3449.0,4517.0
0.8966177661269892,0.13367958825,0.6949312615,0.8776509435,3449.0,4517.0
0.8955332977289543,0.0291485615,0.751432347,0.892719389,3449.0,4517.0
0.8440073194746815,0.0,0.79131670175,0.9083152425000001,3449.0,4517.0
0.6776493027599794,0.0,0.7991634809999999,0.91263704525,3449.0,4517.0
0.6495987864250585,0.0,0.82691499,0.9211840463333334,3449.0,4517.0
0.7890906752508098,0.0,0.8474415264999999,0.927464141,3449.0,4517.0
0.8923030020910584,0.001038052,0.8618076525,0.930554297,3449.0,4517.0
0.8913650870281671,0.079439539,0.8375374025,0.9335757615,3449.0,4517.0
0.8805044345898853,0.166843931,0.8326313765,0.9327213335,3449.0,4517.0
0.8798628643233132,0.19276528599999998,0.8487673303333333,0.9338673223333332,3449.0,4517.0
0.9036477154188447,0.0433992965,0.8491377745,0.9322047099999999,3449.0,4517.0
0.8579784610385364,0.0,0.85158123975,0.933208786,3449.0,4517.0
0.7044596968890042,0.0,0.8663520779999999,0.934912844,3449.0,4517.0
0.6657712486522449,0.0,0.89094078075,0.93196774875,3449.0,4517.0
0.8269495524817746,0.0,0.8858798345000001,0.9363094255,3449.0,4517.0
0.9243380014021673,0.06711681466666666,0.8572932120000001,0.9370662913333333,3449.0,4517.0
0.9094102707669842,0.424386137,0.772613235,0.9352707575,3449.0,4517.0
0.9012875583435846,0.5336137295000001,0.82867718,0.9345135035000001,3449.0,4517.0
0.9000159061241717,0.40487124350000003,0.785955365,0.930182676,3449.0,4517.0
0.9222421638244234,0.1254358085,0.703508421,0.91960066,3449.0,4517.0
0.9159388158657265,0.0,0.6313699985,0.894017277,3449.0,4517.0
0.8438984246609541,0.0,0.611885996,0.8943782865000001,3449.0,4517.0
0.736716137892163,0.0,0.653120003,0.9206151835,3449.0,4517.0
0.6627926864729536,0.0,0.67456381,0.875549201,3449.0,4517.0
0.6620592394274842,0.0,0.7156594736666667,0.7145087569999999,3449.0,4517.0
0.7885661392285829,0.0,0.745870332,0.6942329515000001,3449.0,4517.0
0.8833530290286031,0.019947732666666666,0.7534311823333333,0.8655021386666667,3449.0,4517.0
0.8827311234085339,0.126026026,0.7126964410000001,0.9035143434999999,3449.0,4517.0
0.8809340923905444,0.15800529775,0.7175826172499999,0.899527092,3449.0,4517.0
0.8990685432493601,0.044342545,0.7083852505,0.9034753879999999,3449.0,4517.0
0.891751741367055,0.0,0.7118700185,0.9131800084999999,3449.0,4517.0
0.8273452998353317,0.0,0.7223401140000001,0.9122954575,3449.0,4517.0
0.7038969922283452,0.0,0.643945577,0.8776968976666666,3449.0,4517.0
0.6655103002854371,0.0,0.56350045475,0.8341771604999999,3449.0,4517.0
0.8317108075724511,0.0,0.4785929755,0.803992924,3449.0,4517.0
0.9275694502197145,0.003908677,0.4212816185,0.735746054,3449.0,4517.0
0.9189257281823779,0.23376309550000002,0.3732256555,0.5988566925000001,3449.0,4517.0
0.9052669884075726,0.407869126,0.424775895,0.614172985,3449.0,4517.0
0.9001320310771741,0.406700087,0.4662854355,0.7764818835,3449.0,4517.0
0.9140591711506367,0.2699932035,0.46182199749999997,0.8415828795,3449.0,4517.0
0.9251153020931856,0.004005481,0.45991382866666664,0.8710115046666665,3449.0,4517.0
0.8324533180872438,0.0,0.4716334566666667,0.849786541,3449.0,4517.0
0.671389324297998,0.0,0.47440411299999996,0.8321549655,3449.0,4517.0
0.6453318866086739,0.0,0.50476158475,0.8439297929999999,3449.0,4517.0
0.7047297753413692,0.00101013475,0.5931996305,0.7997899612499999,3449.0,4517.0
0.7753982911394955,0.0351392885,0.6858957655,0.7399256845,3449.0,4517.0
0.7736586203096928,0.04895792866666667,0.7338119496666667,0.7025287716666666,3449.0,4517.0
0.7665310574641926,0.03329318,0.768372913,0.778325751,3449.0,4517.0
0.7830907025814864,0.0086225745,0.7819037605,0.8079302415,3449.0,4517.0
0.7525519982369846,0.0,0.7720181415,0.8495499277499999,3449.0,4517.0
0.6838837098516968,0.0,0.7204046315,0.7963565834999999,3449.0,4517.0
0.6226334112058309,0.0,0.646339647,0.67341095475,3449.0,4517.0
0.6391214541730401,0.0,0.527934108,0.498938581,3449.0,4517.0
0.7085690171011768,0.002152091666666667,0.456117013,0.48688865333333337,3449.0,4517.0
0.768140128450068,0.053321664000000005,0.399522905,0.5993919995000001,3449.0,4517.0
0.7665949749305715,0.0842574575,0.4381436535,0.708111965,3449.0,4517.0
0.7686858445874957,0.0758858325,0.5145727474999999,0.81226903,3449.0,4517.0
0.7913679229224099,0.024311606,0.5858635896666667,0.8973509516666667,3449.0,4517.0
0.7731904833660589,0.0,0.6673317826666666,0.9233161290000002,3449.0,4517.0
0.7180801719312917,0.0,0.6991272915,0.916302179,3449.0,4517.0
0.6437424765993341,0.0,0.72029121175,0.92657145,3449.0,4517.0
0.6531208285168146,0.0,0.7396745355000001,0.9189938440000001,3449.0,4517.0
0.7829953364314406,0.0,0.717582088,0.86062182,3449.0,4517.0
0.8712560023743718,0.0024854985,0.7007344499999999,0.7305842954999999,3449.0,4517.0
0.870664998385053,0.0455959995,0.675166027,0.757658409,3449.0,4517.0
0.8626526889547645,0.115375791,0.6827612575,0.790812768,3449.0,4517.0
0.8608393717693522,0.1522720506666667,0.70955559,0.8043391106666666,3449.0,4517.0
0.8883606983779201,0.062193465,0.6110562555,0.8227582545000001,3449.0,4517.0
0.8770675271337232,0.0,0.5139462515,0.623704882,3449.0,4517.0
0.8068890823406994,0.0,0.431534246,0.469589936,3449.0,4517.0
0.7076275757143629,0.0,0.3329125985,0.430664417,3449.0,4517.0
0.6406006053810178,0.0,0.3178279265,0.5266401700000001,3449.0,4517.0
0.649746862703822,0.0,0.2931939393333334,0.6664462406666667,3449.0,4517.0
0.7900235780495527,0.0,0.289665581,0.755075392,3449.0,4517.0
0.8942974410543227,0.0054188815,0.30036818,0.791917625,3449.0,4517.0
0.8861835851647119,0.19219206966666666,0.3209354033333333,0.800577004,3449.0,4517.0
0.8766103905922158,0.250575895,0.3632196215,0.814314435,3449.0,4517.0
0.8737352118722628,0.19356128350000001,0.34504629249999996,0.8309131785,3449.0,4517.0
0.8848196865542941,0.0576105715,0.355415956,0.8209082999999999,3449.0,4517.0
0.8657220597162452,0.0,0.3713345675,0.8137725425,3449.0,4517.0
0.7989465455185284,0.0,0.36697153250000003,0.7999193575,3449.0,4517.0
0.6816415185006628,0.0,0.3825771416666666,0.7913429290000001,3449.0,4517.0
0.6408607331937608,0.0,0.39095593325,0.77452699775,3449.0,4517.0
0.7843132966524096,0.0,0.42936815650000004,0.778708654,3449.0,4517.0
0.8766892561643822,0.0089987425,0.485330125,0.787447174,3449.0,4517.0
0.8673768177452119,0.2721192665,0.46067070099999996,0.781288921,3449.0,4517.0
0.8495804731263167,0.5078677405,0.4458366445,0.825702471,3449.0,4517.0
0.8426678464116844,0.47418156799999994,0.5200316956666667,0.8697017213333332,3449.0,4517.0
0.8631631862131672,0.1123991395,0.6035365735,0.8456458465,3449.0,4517.0
0.8547533551393449,0.0,0.6421813080000001,0.8092427609999999,3449.0,4517.0
0.7761330836877757,0.0,0.636821939,0.7698363403333334,3449.0,4517.0
0.6448876244895766,0.0,0.60558312325,0.8188908450000001,3449.0,4517.0
0.6552843317364916,0.0,0.5428007515,0.7090108255,3449.0,4517.0
0.7863347929936573,0.0,0.5011993145,0.6632002889999999,3449.0,4517.0
0.8820170452523878,0.02834105866666667,0.466381652,0.6064007186666667,3449.0,4517.0
0.8759383474483129,0.1589222535,0.38562160749999996,0.5440058695,3449.0,4517.0
0.8733663444727535,0.15064657250000002,0.395441163,0.5832151135,3449.0,4517.0
0.8769359661970756,0.095129733,0.362925832,0.633299847,3449.0,4517.0
0.8843114070950876,0.0138325485,0.33041252774999996,0.6740541575,3449.0,4517.0
0.7899740985381983,0.0,0.33563148,0.6736681963333333,3449.0,4517.0
0.6615068845807741,0.0,0.318873107,0.6655139004999999,3449.0,4517.0
0.63986222740125,0.0,0.28131079849999996,0.6555328524999999,3449.0,4517.0
0.667369352586294,0.0,0.254539238,0.5748452325,3449.0,4517.0
0.8166806137285544,0.0,0.2417575015,0.4773822585,3449.0,4517.0
0.9274798504403824,0.03665716233333333,0.22505034966666668,0.43053459499999996,3449.0,4517.0
0.9203242395788325,0.2291326265,0.19944525899999999,0.327565326,3449.0,4517.0
0.9083556541359548,0.309270917,0.207282678,0.350965693,3449.0,4517.0
0.907027536306082,0.23651121,0.2135884445,0.462864343,3449.0,4517.0
0.9240076796437524,0.0872278275,0.219288027,0.462037651,3449.0,4517.0
0.917116565720528,0.0,0.24921792599999998,0.4343242505,3449.0,4517.0
0.8496550361806976,0.0,0.29106154799999995,0.3781172465,3449.0,4517.0
0.7341698615897594,0.0,0.2370957155,0.2692692645,3449.0,4517.0
0.6499843244358283,0.0,0.230587817,0.21959277100000002,3449.0,4517.0
0.643994919677751,0.0,0.2201575835,0.2254151395,3449.0,4517.0
0.6978479096597752,0.0,0.19854454300000002,0.286457113,3449.0,4517.0
0.7657960727108671,0.083752101,0.18090212849999998,0.417968644,3449.0,4517.0
0.7815233709181684,0.30971294149999995,0.118636252,0.5490004319999999,3449.0,4517.0
0.7712948851766266,0.402202021,0.126515272,0.615916803,3449.0,4517.0
0.7730136050659211,0.336639837,0.1289269635,0.6206901825,3449.0,4517.0
0.7962254608281566,0.10381027,0.153291375,0.62077419,3449.0,4517.0
0.7894531775096785,0.0,0.19372516550000002,0.6311612849999999,3449.0,4517.0
0.7635365158676863,0.0,0.237062455,0.633837006,3449.0,4517.0
0.6851726536408349,0.0,0.24898301899999997,0.6314979176666666,3449.0,4517.0
0.6303314780927196,0.0,0.238540034,0.56953558525,3449.0,4517.0
0.6591335979824124,0.0,0.21680772799999998,0.493576528,3449.0,4517.0
0.7230499018168692,0.0099983585,0.20233784500000002,0.4606126615,3449.0,4517.0
0.7555136496372941,0.1417726245,0.163543876,0.4573154775,3449.0,4517.0
0.7398885927702019,0.269033162,0.13601292799999998,0.45803821899999997,3449.0,4517.0
0.734884531091531,0.280267615,0.13475942433333332,0.46527180900000004,3449.0,4517.0
0.7554822453475762,0.101112018,0.1411613345,0.46336798749999997,3449.0,4517.0
0.735416973623785,0.0,0.1687010565,0.47134986725,3449.0,4517.0
0.6716477665327315,0.0,0.17521577733333335,0.5147450426666667,3449.0,4517.0
0.6436388268775417,0.0,0.1723975425,0.5332788405,3449.0,4517.0
0.7864235944580827,0.0,0.16841794100000002,0.5330389550000001,3449.0,4517.0
0.8853560139536198,0.03699022633333333,0.17129951933333334,0.5545110323333334,3449.0,4517.0
0.8813592701482421,0.185020785,0.17038289550000002,0.5428692724999999,3449.0,4517.0
0.8767751743506469,0.2612973505,0.216024803,0.555433986,3449.0,4517.0
0.8762779840392816,0.225278802,0.2127716895,0.5456527849999999,3449.0,4517.0
0.8901573079824245,0.085744086,0.205872803,0.5392434054999999,3449.0,4517.0
0.8762441401577928,0.0,0.20750971499999998,0.514904763,3449.0,4517.0
0.8090158807242522,0.0,0.17837057550000002,0.3672792845,3449.0,4517.0
0.6923566969453981,0.0,0.12764824066666666,0.17534576166666668,3449.0,4517.0
0.6570481176344826,0.0,0.08347115475,0.083728308,3449.0,4517.0
0.8176850189808222,0.0,0.0605275225,0.0684154515,3449.0,4517.0
0.9139423217376555,0.03239343866666666,0.05618780633333333,0.08648900233333334,3449.0,4517.0
0.896995593511181,0.15828443450000002,0.048877118,0.1057722255,3449.0,4517.0
0.8826160629991456,0.237351376,0.067383166,0.139476216,3449.0,4517.0
0.8788514951436043,0.2015311165,0.085305045,0.215241515,3449.0,4517.0
0.8940498882452794,0.07413691950000001,0.098651747,0.246946004,3449.0,4517.0
0.8698512515442021,0.0,0.13857331566666667,0.40703509866666665,3449.0,4517.0
0.7726162165029938,0.0,0.19052795849999998,0.5814935575,3449.0,4517.0
0.6460963350489468,0.0,0.24767069675000003,0.65201087325,3449.0,4517.0
0.6579215163682643,0.0,0.32595721050000004,0.705562044,3449.0,4517.0
0.7909241671659943,0.0,0.385792105,0.7338330055,3449.0,4517.0
0.8964621640530114,0.046849598666666666,0.4424240406666667,0.757427302,3449.0,4517.0
0.8885412730691082,0.218612645,0.45806771199999996,0.784523141,3449.0,4517.0
0.8824861876658174,0.268382954,0.5415794725,0.8224029955000001,3449.0,4517.0
0.8832618028041368,0.236151947,0.5879728465,0.8416339315,3449.0,4517.0
0.90393762855953,0.096534088,0.5936146165,0.8557897135,3449.0,4517.0
0.8624927177383312,0.0,0.58839651175,0.859978746,3449.0,4517.0
0.7446117457036928,0.0,0.5160191199999999,0.820343297,3388.5,4438.0
0.7506345545293173,0.0,0.48680951466666667,0.8662360043333334,3328.0,4359.0
0.9029448447016,0.0,0.4614692575,0.873302136,3328.0,4359.0
0.9611440140866682,0.05675136233333333,0.40707002500000006,0.8328659049999999,3328.0,4359.0
0.9459124868329939,0.3344464875,0.2978281665,0.6905057855000001,3328.0,4359.0
0.9352522807185579,0.432978961,0.311405174,0.660949479,3328.0,4359.0
0.9357013000517324,0.39211533649999997,0.2829012185,0.65816443,3328.0,4359.0
0.9609577174693358,0.16202623700000002,0.2404036665,0.6698633705,3328.0,4359.0
0.9592077706636386,0.0,0.22898529750000002,0.712394702,3328.0,4359.0
0.8965759824104829,0.0,0.236452279,0.7476276165,3328.0,4359.0
0.8026142390952604,0.0,0.2426687355,0.7241355485000001,3328.0,4359.0
0.7449519145917787,0.0,0.26342397475,0.68808040325,3328.0,4359.0
0.8368433252604586,0.0,0.2769777835,0.711807669,3328.0,4359.0
0.9615412991987017,0.010306724,0.286971909,0.706350667,3328.0,4359.0
0.9624038231782253,0.259672103,0.267977701,0.684095289,3328.0,4359.0
0.9526299013058134,0.4369612995,0.267417391,0.6624940535,3328.0,4359.0
0.9469471874374167,0.48624355900000005,0.3336559255,0.7139474365,3328.0,4359.0
0.9460388580815575,0.36849904450000004,0.370795944,0.7321969705,3328.0,4359.0
0.9685027770925421,0.1499389835,0.33272852350000004,0.7108914605000001,3328.0,4359.0
0.958792062940146,0.0,0.32177477050000003,0.6177663879999999,3328.0,4359.0
0.8949389225836168,0.0,0.3182625355,0.4602561385,3328.0,4359.0
0.7978983162504241,0.0,0.303208461,0.331083098,3328.0,4359.0
0.7326811515596785,0.0,0.312502065,0.28374620549999996,3328.0,4359.0
0.7271280025453777,0.0,0.28772159225000005,0.23428447175000003,3328.0,4359.0
0.7689175178277441,0.0,0.23835089599999998,0.27079684400000004,3328.0,4359.0
0.8209752843139425,0.0802862865,0.231171043,0.3393469745,3328.0,4359.0
0.8205006713882194,0.23274222149999998,0.2261123275,0.38074547049999996,3328.0,4359.0
0.8160162887030247,0.262160648,0.28037273549999997,0.5206214155,3328.0,4359.0
0.8228682803193984,0.2145675225,0.303781067,0.573274047,3328.0,4359.0
0.8523259094923077,0.050878472333333334,0.24576123466666666,0.5543665333333333,3328.0,4359.0
0.8264771869596502,0.0,0.22660664266666666,0.5570884956666666,3328.0,4359.0
0.7699756829374874,0.0,0.2070770735,0.5962771995,3328.0,4359.0
0.7372457083502026,0.0,0.174685788,0.6160032235,3328.0,4359.0
0.7335535411536971,0.0,0.165856348,0.65116448875,3328.0,4359.0
0.7755167226036619,0.0,0.189271313,0.6732830704999999,3328.0,4359.0
0.8294885100088658,0.096294718,0.20876217349999998,0.684671316,3328.0,4359.0
0.8288081722833145,0.311259995,0.20813150000000002,0.6145630125,3328.0,4359.0
0.8214367678178046,0.40654881200000004,0.26588108050000003,0.6914667674999999,3328.0,4359.0
0.8262144790924117,0.34303774,0.319952233,0.731987249,3328.0,4359.0
0.8575318369538041,0.1348582965,0.35039136,0.7880750415,3328.0,4359.0
0.8395032425554547,0.0,0.38764141175,0.8371871605,3328.0,4359.0
0.7746737301900342,0.0,0.396648446,0.7530804486666667,3328.0,4359.0
0.7558479190656229,0.0,0.4055160195,0.7159329145,3328.0,4359.0
0.823939648840918,0.0,0.397930591,0.7453374569999999,3328.0,4359.0
0.9789974748367073,0.007486121333333334,0.39967979,0.7318280823333335,3328.0,4359.0
0.9830949075439483,0.261602909,0.3661376205,0.7293402259999999,3328.0,4359.0
0.9791965165839243,0.3829495275,0.3602982975,0.7334241435,3328.0,4359.0
0.9735060995132511,0.28926895766666666,0.35589861433333336,0.7466949976666667,3328.0,4359.0
0.9879186607095182,0.0953662325,0.329508843,0.7972498975,3328.0,4359.0
0.9756065796924154,0.0,0.3270746465,0.7843415684999999,3328.0,4359.0
0.9112796247925634,0.0,0.315104467,0.7284406655,3328.0,4359.0
0.822251904454175,0.0,0.2960413425,0.6590650874999999,3328.0,4359.0
0.7682464062480889,0.0,0.2564140405,0.5934265515,3328.0,4359.0
0.7824246476430553,0.0,0.23336436333333332,0.530364455,3328.0,4359.0
0.9297855378949306,0.0,0.23304464949999998,0.5891446295,3328.0,4359.0
0.988678780706007,0.038549076333333335,0.23250443933333334,0.6548635193333333,3328.0,4359.0
0.9802943806156541,0.195563295,0.20857495399999998,0.6321370665,3328.0,4359.0
0.9766200779593525,0.23654063050000002,0.2268410015,0.6371330435,3328.0,4359.0
0.9767169522381619,0.196511667,0.243114824,0.73772092,3328.0,4359.0
0.9933643342256469,0.083276737,0.2694087335,0.783331422,3328.0,4359.0
0.9794705057618658,0.0,0.2899582075,0.7903797244999999,3328.0,4359.0
0.9171116865369864,0.0,0.295940343,0.7964706015,3328.0,4359.0
0.8086010453055815,0.0,0.2679580703333333,0.7094211696666667,3328.0,4359.0
0.7797216159435985,0.0,0.28144659175,0.6910545579999999,3328.0,4359.0
0.9491619739362771,0.0,0.2876292203333333,0.666711765,3328.0,4359.0
0.9903771557984018,0.104729718,0.2665090535,0.637000934,3328.0,4359.0
0.9852280045025281,0.289943077,0.23069596650000002,0.545901505,3328.0,4359.0
0.9816340754965359,0.3534464905,0.2605355715,0.553521762,3328.0,4359.0
0.9826496141640437,0.308534361,0.3043921745,0.576924178,3328.0,4359.0
0.9977716256286523,0.150678783,0.2740808755,0.5265792985,3328.0,4359.0
0.9850627327143784,0.0,0.2385440855,0.46378427450000004,3328.0,4359.0
0.9211254483603211,0.0,0.2241553805,0.4048401105,3328.0,4359.0
0.8316551846877207,0.0,0.1995015015,0.3055915895,3328.0,4359.0
0.7741275704337103,0.0,0.15794697275,0.17504676425,3328.0,4359.0
0.8601323610927814,0.0,0.1308610865,0.115514958,3328.0,4359.0
0.9729144153566619,0.0,0.118473678,0.0995556685,3328.0,4359.0
0.9891656507993895,0.155021078,0.0922283935,0.0979190885,3328.0,4359.0
0.9823406721670502,0.4384677895,0.074668292,0.14843994,3328.0,4359.0
0.9724073335469863,0.5322544425,0.0858395925,0.1924992985,3328.0,4359.0
0.9689707809386957,0.3976682775,0.09566057250000001,0.2371860885,3328.0,4359.0
0.9883319731339488,0.163940567,0.1006149555,0.318581731,3328.0,4359.0
0.981997354016761,0.0,0.12272195500000001,0.450829654,3328.0,4359.0
0.9211756597390826,0.0,0.1462043365,0.5916196245,3328.0,4359.0
0.8316737700094998,0.0,0.1722008425,0.6743382950000001,3328.0,4359.0
0.7731871048954159,0.0,0.1993539065,0.717438407,3328.0,4359.0
0.858832542608442,0.0,0.2387335435,0.7717279625,3328.0,4359.0
0.9746538052610147,0.0,0.2751992405,0.794486958,3328.0,4359.0
0.990237167199499,0.128220339,0.295025458,0.7980489550000001,3328.0,4359.0
0.9827424075910917,0.3078993915,0.276949063,0.8110597005,3328.0,4359.0
0.9772639990804175,0.35851044200000004,0.2772723925,0.8257636740000001,3328.0,4359.0
0.9716756311617814,0.28113964550000003,0.279259564,0.858889947,3328.0,4359.0
0.9847245598582242,0.138238531,0.2961401125,0.8817245425,3328.0,4359.0
0.9711610088095288,0.0,0.3451852555,0.8971471065,3328.0,4359.0
0.9100831121920472,0.0,0.378657733,0.8654240185,3328.0,4359.0
0.7852667068908782,0.0,0.37974258233333336,0.7511999966666667,3328.0,4359.0
0.7318904182653175,0.0,0.35020565866666664,0.5275399716666667,3328.0,4359.0
0.7638461231917836,0.0,0.2734810365,0.25145476775,3328.0,4359.0
0.8364063265128227,0.179425339,0.232915879,0.33742430749999996,3328.0,4359.0
0.8296294301720166,0.4787919905,0.23462957550000002,0.534124415,3328.0,4359.0
0.8208776116527327,0.579670761,0.30064862550000004,0.67836763,3328.0,4359.0
0.8254839299880987,0.43997653999999997,0.3284428895,0.76226448,3328.0,4359.0
0.8554495428714718,0.12094973199999999,0.36706922399999997,0.8119050760000001,3328.0,4359.0
0.8289079445201536,0.0,0.4473297313333333,0.8668805379999999,3328.0,4359.0
0.7704129921896659,0.0,0.5014712625,0.9039266005,3328.0,4359.0
0.7337900159766615,0.0,0.5229358159999999,0.9055821515,3328.0,4359.0
0.7208614038420639,0.0,0.5557817270000001,0.9047718177499999,3328.0,4359.0
0.753648775553436,0.0,0.5537585655,0.8681544219999999,3328.0,4359.0
0.8107717711558645,0.0667555865,0.492443596,0.8218316535,3328.0,4359.0
0.8079163311398232,0.182066059,0.388212536,0.7013558095000001,3328.0,4359.0
0.8011171679179175,0.2608433715,0.40052741199999997,0.7239321205,3328.0,4359.0
0.8075535404974563,0.2202748205,0.42448208249999997,0.813548484,3328.0,4359.0
0.8448912824075586,0.07697503866666666,0.4375480153333333,0.8440485753333333,3328.0,4359.0
0.8145984601173837,0.0,0.43299695925000004,0.85499291525,3328.0,4359.0
0.7553347826451595,0.0,0.41125730674999994,0.7668787617499999,3328.0,4359.0
0.7754401635426595,0.0,0.393143178,0.6886481090000001,3328.0,4359.0
0.9388206455929801,0.0,0.3337170266666667,0.5221980363333334,3328.0,4359.0
0.9781835949827433,0.23682504799999998,0.2572037975,0.31705666,3328.0,4359.0
0.960271702127222,0.5729545115000001,0.182294409,0.2348890195,3328.0,4359.0
0.9488418246016225,0.6945946085,0.215259336,0.2430365825,3328.0,4359.0
0.9466478264341907,0.596301466,0.246600019,0.34174646249999996,3328.0,4359.0
0.9723869296425216,0.3111980835,0.226359933,0.3995912415,3328.0,4359.0
0.9729433356606598,0.0,0.235522277,0.5029709295,3328.0,4359.0
0.9153403599698682,0.0,0.2556387915,0.623289732,3328.0,4359.0
0.8300613279688465,0.0,0.311610021,0.7914597935,3328.0,4359.0
0.7720573043274711,0.0,0.3500750395,0.86774662225,3328.0,4359.0
0.8590193715313283,0.0,0.4057813865,0.9133638534999999,3328.0,4359.0
0.9731021314498469,0.0,0.464374084,0.9073977879999999,3328.0,4359.0
0.9863401068936823,0.2057293965,0.5059477134999999,0.8860851285,3328.0,4359.0
0.9678351696482718,0.376781036,0.45346340249999995,0.871587765,3328.0,4359.0
0.957350925152076,0.3976509215,0.5080184915,0.8768087335,3328.0,4359.0
0.9595045147017783,0.299284002,0.507981602,0.8806210155,3328.0,4359.0
0.9822674842114463,0.1239490805,0.508313594,0.846389553,3328.0,4359.0
0.9702656315022156,0.0,0.47406323549999996,0.8073724415,3328.0,4359.0
0.8921424468604976,0.0,0.37781092266666666,0.6830738096666668,3328.0,4359.0
0.7646654293412627,0.0,0.2851613075,0.39222428249999997,3328.0,4359.0
0.7524525291141333,0.0,0.214476379,0.294922664,3328.0,4359.0
0.8139901645077193,0.0,0.1842267936666667,0.3978547946666667,3328.0,4359.0
0.9643962217915392,0.0,0.2311600125,0.6708626634999999,3328.0,4359.0
0.9802165795871021,0.110169612,0.2754275245,0.8178109435,3328.0,4359.0
0.9654617500199236,0.25725280100000003,0.27307966800000005,0.8282766994999999,3328.0,4359.0
0.9522565095706339,0.2746147915,0.331436348,0.855544267,3328.0,4359.0
0.9466478264341907,0.1719484795,0.3799278065,0.841809045,3328.0,4359.0
0.9667006229014619,0.047493223,0.41154478,0.84196073,3328.0,4359.0
0.9581627794203259,0.0,0.451017129,0.865408196,3328.0,4359.0
0.8920050605299383,0.0,0.487315989,0.874027296,3328.0,4359.0
0.7700014983226109,0.0,0.4995673505,0.84973111825,3328.0,4359.0
0.7424689051928864,0.0,0.4697753966666667,0.827397947,3328.0,4359.0
0.8746399926987879,0.0,0.423827801,0.7852683635,3328.0,4359.0
0.9336329929824672,0.019063504666666665,0.38928951399999995,0.7469803666666667,3328.0,4359.0
0.9143336482570565,0.071281871,0.333149562,0.6091405965,3328.0,4359.0
0.900050149247481,0.1118297635,0.30019932000000005,0.497782604,3328.0,4359.0
0.8965304728419473,0.126480965,0.26312202500000004,0.406101319,3328.0,4359.0
0.9180275120414733,0.076931376,0.23200960599999998,0.352854338,3328.0,4359.0
0.9178007180353867,0.0,0.214639342,0.40513580849999997,3328.0,4359.0
0.8653218767136759,0.0,0.19700371500000002,0.397445339,3328.0,4359.0
0.7713841744682897,0.0,0.1666139135,0.4245509835,3328.0,4359.0
0.7219711664645576,0.0,0.1394642935,0.3348816525,3328.0,4359.0
0.8206464706842913,0.0,0.1133837565,0.285998942,3328.0,4359.0
0.9499737986760547,0.0,0.099310096,0.200230484,3328.0,4359.0
0.9570742302211499,0.131717785,0.08561893,0.160425966,3328.0,4359.0
0.9283483477767744,0.362365944,0.0654332605,0.138208897,3328.0,4359.0
0.9152483649252205,0.4746201725,0.0511548415,0.094866896,3328.0,4359.0
0.9150264057593465,0.375529204,0.057928987,0.09143768199999999,3328.0,4359.0
0.9403488697811773,0.155382444,0.083852803,0.10742441450000001,3328.0,4359.0
0.9453809203177125,0.000548116,0.1484028355,0.20473404150000002,3328.0,4359.0
0.8697563585077779,0.0,0.20331288333333333,0.28166010833333327,3328.0,4359.0
0.7261909081124815,0.0,0.25692097550000004,0.2362182735,3328.0,4359.0
0.7064010782662344,0.0,0.25433644899999996,0.25167278449999997,3328.0,4359.0
0.7114014251196515,0.0,0.27035853625,0.34330887825,3328.0,4359.0
0.7872577747318709,0.031973075,0.33209981133333333,0.363401009,3328.0,4359.0
0.7930360617364685,0.20733591550000002,0.3093259775,0.2476873635,3328.0,4359.0
0.7760091668120925,0.3593448715,0.3275488955,0.24768884149999998,3328.0,4359.0
0.7747265142074264,0.33770963,0.2891466575,0.222162921,3328.0,4359.0
0.8186551810760342,0.12852807633333332,0.21829100933333334,0.19902754566666667,3328.0,4359.0
0.8152076872069288,0.0,0.20745230533333334,0.18342568866666667,3328.0,4359.0
0.7513253344507527,0.0,0.1933731435,0.21194763925000001,3328.0,4359.0
0.7376612719072564,0.0,0.20361691075,0.37265159675000004,3328.0,4359.0
0.7796597832464291,0.0,0.2145879755,0.41445934149999997,3328.0,4359.0
0.8247775550848491,0.1492665955,0.1966885165,0.4188702355,3328.0,4359.0
0.8152692833641608,0.34209956100000005,0.1772690005,0.410334784,3328.0,4359.0
0.7975231058819388,0.4321510965,0.2089615535,0.4097059945,3328.0,4359.0
0.7941714512596276,0.3275402895,0.20755885000000002,0.37768576249999997,3328.0,4359.0
0.8338588229564854,0.10326052466666667,0.1851695236666667,0.32935471800000005,3328.0,4359.0
0.8208295885362581,0.0,0.17492003966666667,0.30989816133333337,3328.0,4359.0
0.7768390297869856,0.0,0.1265986845,0.27709011299999997,3328.0,4359.0
0.7545155873793125,0.0,0.09818048100000001,0.2192481645,3328.0,4359.0
0.8473531190058744,0.0,0.08628722650000001,0.21532741049999998,3328.0,4359.0
0.9688713783308376,0.0,0.07227989800000001,0.19445185199999998,3328.0,4359.0
0.9818366509582304,0.12780982400000002,0.052962915,0.1799686045,3328.0,4359.0
0.9680171637309456,0.2844200115,0.043220705,0.192324946,3328.0,4359.0
0.9563010990179303,0.3274116395,0.06633237,0.2443292635,3328.0,4359.0
0.9510921553495273,0.22815844899999999,0.1085076665,0.3498591875,3328.0,4359.0
0.9666119989115924,0.07897895199999999,0.126543761,0.424779099,3328.0,4359.0
0.9572781806803808,0.0,0.158255948,0.539866374,3328.0,4359.0
0.8948933242778033,0.0,0.1855756935,0.6247546740000001,3328.0,4359.0
0.7999258450054851,0.0,0.19189556349999998,0.6236578425,3328.0,4359.0
0.7411757253672092,0.0,0.25219836125,0.67467806475,3328.0,4359.0
0.8301537665986434,0.0,0.3173589415,0.659561187,3328.0,4359.0
0.9524088292596178,0.0,0.3560703725,0.6433267604999999,3328.0,4359.0
0.9682153479375766,0.093716834,0.36096496850000004,0.6162843929999999,3328.0,4359.0
0.9570635403404393,0.233390425,0.378737667,0.589048051,3328.0,4359.0
0.9433370684087076,0.27465436600000004,0.426765135,0.6509507695,3328.0,4359.0
0.940344966403972,0.2494544615,0.4526880205,0.768902012,3328.0,4359.0
0.9643825895925966,0.09268463933333333,0.480541353,0.845445189,3328.0,4359.0
0.914310597740919,0.0,0.46912086366666667,0.800780605,3328.0,4359.0
0.804447398334238,0.0,0.42526569550000004,0.7338863865,3328.0,4359.0
0.7557613576479884,0.0,0.48185871775,0.76626310825,3328.0,4359.0
0.8557741278888857,0.0,0.525654939,0.7701708570000001,3328.0,4359.0
0.9744656899766295,0.000628306,0.52699155,0.737549538,3328.0,4359.0
0.9860167047193797,0.326656491,0.4900292725,0.6902214600000001,3328.0,4359.0
0.9701533212397608,0.6414226515,0.456730239,0.582793566,3328.0,4359.0
0.961504320726442,0.744105317,0.511881707,0.5891436465,3328.0,4359.0
0.9577939563641455,0.6408260459999999,0.5692880735,0.6607962435,3328.0,4359.0
0.9765793588370806,0.33492320249999996,0.5512585165,0.726506788,3328.0,4359.0
0.9682585066516194,0.002272875,0.5492191474999999,0.7569512844999999,3328.0,4359.0
0.9086234777688558,0.0,0.53563815,0.763705826,3328.0,4359.0
0.8187595071938893,0.0,0.47460781949999997,0.6932461999999999,3328.0,4359.0
0.7671127909642864,0.0,0.48901864850000004,0.632828909,3328.0,4359.0
0.8587313214178981,0.0,0.485077867,0.6303769850000001,3328.0,4359.0
0.9734078797653778,0.0007957615,0.49003517750000003,0.641609954,3328.0,4359.0
0.9886342173647149,0.35595812,0.466692289,0.655357992,3328.0,4359.0
0.9728605667450352,0.7216205576666667,0.3938891136666666,0.51319119,3328.0,4359.0
0.960729814525686,0.735882218,0.5240182975000001,0.5698306335000001,3328.0,4359.0
0.9696873134002286,0.4946568025,0.5633363604999999,0.677967114,3328.0,4359.0
0.9826819055734399,0.1264213555,0.5081901639999999,0.7660507005,3328.0,4359.0
0.9455382966647938,0.0,0.494464339,0.7957445195,3328.0,4359.0
0.8832960902201545,0.0,0.4188699295,0.7435072765,3328.0,4359.0
0.7742260193562763,0.0,0.38813639074999995,0.689983869,3328.0,4359.0
0.8298711575196545,0.0,0.381183859,0.632366466,3328.0,4359.0
0.9721886567492327,0.000961139,0.37473588300000005,0.667232355,3328.0,4359.0
0.9897747078386805,0.374260732,0.3402648865,0.6508629085,3328.0,4359.0
0.9789983324279132,0.7266687535,0.231119803,0.565747015,3328.0,4359.0
0.9697644047836582,0.8284102535,0.2709705175,0.551414708,3328.0,4359.0
0.9673820695139563,0.7009350755,0.3227990285,0.5812693415,3328.0,4359.0
0.9831325217726559,0.469498477,0.336717731,0.612843633,3328.0,4359.0
0.9866412864795939,0.13902943950000002,0.320991521,0.6473651745,3328.0,4359.0
0.949501093019675,0.0,0.3423847745,0.681056997,3328.0,4359.0
0.8898461481609248,0.0,0.309686226,0.6509707245,3328.0,4359.0
0.7675814158195251,0.0,0.274364188,0.560736927,3328.0,4359.0
0.7537616624816468,0.0,0.27636039533333334,0.5113084606666667,3328.0,4359.0
0.7608807237424702,0.0,0.2829307805,0.565181545,3328.0,4359.0
0.7921394868555542,0.000871018,0.3032500975,0.5792806070000001,3328.0,4359.0
0.8382909834920607,0.286097111,0.2785837195,0.550213681,3328.0,4359.0
0.8350782086323298,0.6155186095,0.21356802,0.4371030775,3328.0,4359.0
0.8243225919738988,0.7634081425,0.2292797735,0.4373665805,3328.0,4359.0
0.8220499056582367,0.6521399235,0.283605636,0.5291314985,3328.0,4359.0
0.8477689154666451,0.426864289,0.320702569,0.584594796,3328.0,4359.0
0.8556683379181023,0.129280238,0.367451048,0.628454495,3328.0,4359.0
0.8359336947957378,0.0,0.39920806666666664,0.6476721333333334,3328.0,4359.0
0.7827966200036226,0.0,0.3582730845,0.6776546274999999,3328.0,4359.0
0.7528591437976466,0.0,0.38788416875,0.6674915644999999,3328.0,4359.0
0.7607889060711381,0.0,0.40534201599999997,0.701022734,3328.0,4359.0
0.7918886960723399,0.0013796705,0.427760626,0.7403505385,3328.0,4359.0
0.8404074910848627,0.3869618885,0.425956739,0.744409463,3328.0,4359.0
0.8408531393632588,0.7354720745000001,0.3621986175,0.6881396655,3328.0,4359.0
0.8336199048633459,0.8722808335000001,0.4558109345,0.6515407419999999,3328.0,4359.0
0.8356008595568776,0.7756079965,0.550495118,0.708108596,3328.0,4359.0
0.8623350087403531,0.55860646,0.555523554,0.761340769,3328.0,4359.0
0.8694461302167792,0.1732971065,0.5841111059999999,0.820057722,3328.0,4359.0
0.8535478382614373,0.0,0.601320455,0.86048075,3328.0,4359.0
0.8185226886595058,0.0,0.5126058425,0.8529924835,3328.0,4359.0
0.7785351279473093,0.0,0.4509174795,0.83247250325,3328.0,4359.0
0.8319901786435221,0.0,0.5078883953333334,0.8505027873333333,3328.0,4359.0
0.9713583058458615,0.0021047155,0.556540327,0.8708815545,3328.0,4359.0
0.9910850831231236,0.302777781,0.577030338,0.8749221,3328.0,4359.0
0.9848704035482453,0.615650534,0.5646885745000001,0.8625734885,3328.0,4359.0
0.9846468919102789,0.8276204785,0.6024873555,0.8456333305,3328.0,4359.0
0.9854351929865505,0.7914850305000001,0.6987759849999999,0.8747877639999999,3328.0,4359.0
0.9943844416227736,0.5616883775,0.7418530145,0.90586268,3328.0,4359.0
0.989199228536538,0.10579175166666667,0.6925371136666666,0.9165621693333335,3328.0,4359.0
0.921282780262833,0.0,0.6393846455000001,0.9090716640000001,3328.0,4359.0
0.8159903106497649,0.0,0.553573362,0.8843265066666666,3328.0,4359.0
0.7854477325408973,0.0,0.4288706155,0.7459109580000001,3328.0,4359.0
0.9447715527570056,0.0015841520000000001,0.3799373613333333,0.6095450866666666,3328.0,4359.0
0.9865101691280956,0.396811971,0.39830420050000004,0.6063933335,3328.0,4359.0
0.9839220204225281,0.6712485534999999,0.306715823,0.6494930255,3328.0,4359.0
0.9837977782611927,0.7153973364999999,0.363484985,0.6897489185,3328.0,4359.0
0.9860905580780178,0.5582827235,0.375485124,0.7206889595,3328.0,4359.0
0.9991145584837055,0.2948519965,0.3375311635,0.7463158635,3328.0,4359.0
0.985021614350286,0.007710517,0.28678428050000004,0.7364345935000001,3328.0,4359.0
0.9060511495076443,0.0,0.23815783266666668,0.6819722083333333,3328.0,4359.0
0.78086248348772,0.0,0.22935883725,0.5937386235,3328.0,4359.0
0.8000009403316731,0.0,0.2910558395,0.596974353,3328.0,4359.0
0.9432949594571695,0.0017481953333333333,0.4021268576666667,0.7523616790000002,3328.0,4359.0
0.9869429097012752,0.3112796955,0.4892208055,0.8557243605,3328.0,4359.0
0.9841879810787943,0.542319346,0.5265333445,0.896692432,3328.0,4359.0
0.9836555718377836,0.5794787,0.6185567345,0.9052062489999999,3328.0,4359.0
0.9863360704864905,0.3994785515,0.686579896,0.9239270595,3328.0,4359.0
0.9988436299066197,0.126449479,0.7434784395,0.928282726,3328.0,4359.0
0.9847281971248361,0.0020525515,0.7733398295,0.9101738495,3328.0,4359.0
0.9055500115094915,0.0,0.747489468,0.8815883233333334,3328.0,4359.0
0.7169161282147276,0.0,0.7210625415,0.8701428920000001,3145.5,4119.5
0.7104725033495597,0.0,0.69292529725,0.841535926,2963.0,3880.0
0.887269487785962,0.000591529,0.6836138376666666,0.8930647659999998,2963.0,3880.0
0.9573975880015035,0.0909929535,0.677520913,0.908964847,2963.0,3880.0
0.9569943887920274,0.2229081535,0.5920885300000001,0.9223607085,2963.0,3880.0
0.9505455963851297,0.3077470455,0.625962422,0.925369514,2963.0,3880.0
0.9453534194052,0.283545268,0.665052778,0.9113853235,2963.0,3880.0
0.9548289709124521,0.10238940533333334,0.7552352706666666,0.9165240453333334,2963.0,3880.0
0.8914772790417448,0.0,0.7858370606666666,0.907120255,2963.0,3880.0
0.760159445076762,0.0,0.745227114,0.91182058,2963.0,3880.0
0.6808089941751709,0.0,0.7511409112499999,0.89123845125,2963.0,3880.0
0.7646948376243592,0.0,0.7055336565,0.9170211100000001,2963.0,3880.0
0.9124072075613121,0.001236865,0.6900567495,0.9224599145,2963.0,3880.0
0.9506956539062785,0.1013830615,0.612682774,0.8967233875,2963.0,3880.0
0.9425410493153031,0.273219387,0.496111082,0.822377762,2963.0,3880.0
0.9316019747887638,0.4450829905,0.483087332,0.7292674754999999,2963.0,3880.0
0.9168452822449507,0.4847870715,0.4334911305,0.6569782115,2963.0,3880.0
0.9354552701694357,0.21066256833333333,0.423066983,0.700226851,2963.0,3880.0
0.9057069590187864,0.0,0.477300279,0.814218976,2963.0,3880.0
0.8358780867089904,0.0,0.4425773005,0.7508788035,2963.0,3880.0
0.6752291204844038,0.0,0.43693039825,0.66042213875,2963.0,3880.0
0.6725204777339983,0.0,0.44737525566666664,0.7498269430000001,2963.0,3880.0
0.7202118937910945,0.001999133,0.4176928325,0.7909977885,2963.0,3880.0
0.7732435040161925,0.135370093,0.381299307,0.788187529,2963.0,3880.0
0.7839657646709928,0.313648639,0.348604715,0.7684995285,2963.0,3880.0
0.7634465168296601,0.5068870375,0.415046418,0.740395593,2963.0,3880.0
0.7414297837711811,0.4782163333333333,0.39737835099999996,0.6680262706666666,2963.0,3880.0
0.7660332017497931,0.2773682315,0.2895545985,0.5844171535,2963.0,3880.0
0.7805725481753703,0.00608557925,0.37377454200000004,0.6387435875,2963.0,3880.0
0.694422431359159,0.0,0.4415952166666666,0.7227508106666667,2963.0,3880.0
0.650121452105406,0.0,0.43008821525,0.6710590337500001,2963.0,3880.0
0.6858096626189629,0.0,0.4107286445,0.6562059515,2963.0,3880.0
0.7434009060570943,0.062884039,0.39392652100000003,0.6660949025,2963.0,3880.0
0.7642446649596726,0.206420349,0.34411141,0.6373202330000001,2963.0,3880.0
0.7490264446192887,0.243273241,0.3477904165,0.6281912224999999,2963.0,3880.0
0.7483810153694603,0.253130748,0.3749614705,0.6010540040000001,2963.0,3880.0
0.7621664368973717,0.2071694155,0.359651361,0.549868358,2963.0,3880.0
0.7834113546594758,0.0728230645,0.34747541449999997,0.579085071,2963.0,3880.0
0.7680994979975804,0.0,0.34569499499999995,0.5959801856666667,2963.0,3880.0
0.7108916930114627,0.0,0.3579155275,0.6439930075,2963.0,3880.0
0.6653959828545986,0.0,0.38229577574999996,0.7193161487499999,2963.0,3880.0
0.7522891868682319,0.0,0.3992289095,0.7692085104999999,2963.0,3880.0
0.9046959447375691,0.005123082,0.4140978915,0.688192451,2963.0,3880.0
0.9209464704339337,0.20599859450000002,0.371416592,0.6567600285,2963.0,3880.0
0.8917933476090052,0.440043048,0.280292059,0.620560848,2963.0,3880.0
0.8636255567860875,0.5690334255,0.2967812885,0.6261146639999999,2963.0,3880.0
0.8561424629659676,0.4062622835,0.24345016749999998,0.6247641184999999,2963.0,3880.0
0.8783564043403743,0.12970842966666665,0.201585406,0.6127704436666667,2963.0,3880.0
0.8592679444900364,0.0,0.22663049600000001,0.5878698495,2963.0,3880.0
0.7884551152770068,0.0,0.2479670375,0.6221703425,2963.0,3880.0
0.6693822659117747,0.0,0.2468211465,0.6020888055,2963.0,3880.0
0.6608660018382803,0.0,0.21519367275,0.51978725225,2963.0,3880.0
0.8481350032244951,0.003658383666666667,0.18020253533333333,0.4577159513333333,2963.0,3880.0
0.9098269986907621,0.22498756849999998,0.166533549,0.4703876505,2963.0,3880.0
0.8851610234453248,0.401958276,0.1780494056666667,0.38548628500000004,2963.0,3880.0
0.8709666067412574,0.40203784466666664,0.24441730966666667,0.286698112,2963.0,3880.0
0.890028541485419,0.2147641625,0.29051337899999996,0.384766937,2963.0,3880.0
0.8993823200359461,0.009746409,0.373770082,0.4213088575,2963.0,3880.0
0.8373496973743912,0.0,0.41859856500000003,0.4481802305,2963.0,3880.0
0.7103534287299541,0.0,0.44887667233333334,0.45819342533333335,2963.0,3880.0
0.6672413179566958,0.0,0.46735376925,0.5114716455,2963.0,3880.0
0.8590089330138483,0.005445259,0.49645287666666665,0.6179610613333333,2963.0,3880.0
0.9186102658430928,0.217807023,0.525389638,0.6625491795,2963.0,3880.0
0.8980670655173413,0.416806232,0.5308839195,0.6943714135,2963.0,3880.0
0.8862041369646398,0.5284127615,0.546268421,0.731973467,2963.0,3880.0
0.8855578648878417,0.4863870555,0.5500813685,0.7342394075,2963.0,3880.0
0.9004560986038906,0.360164159,0.531840871,0.765741283,2963.0,3880.0
0.9148111443596998,0.139639572,0.44928412100000004,0.7196345515,2963.0,3880.0
0.8881953822464415,0.0,0.3758235725,0.6570148805,2963.0,3880.0
0.819091026576525,0.0,0.383435222,0.7015860410000001,2963.0,3880.0
0.6834263293881339,0.0,0.4091552996666667,0.7552134813333334,2963.0,3880.0
0.6847098247354025,0.0,0.464799573,0.795200844,2963.0,3880.0
0.8666480428802558,0.010289869333333333,0.49837899699999993,0.8083125126666667,2963.0,3880.0
0.9143469994968023,0.3088107615,0.4466067635,0.785063453,2963.0,3880.0
0.8929084663083067,0.543197877,0.38797448349999997,0.726654725,2963.0,3880.0
0.8775621447727109,0.659193357,0.4502998005,0.6991954675000001,2963.0,3880.0
0.873561379341251,0.5626814965,0.443432924,0.5956359915,2963.0,3880.0
0.8936890641148084,0.21035289433333335,0.310635062,0.482031122,2963.0,3880.0
0.867526564761818,0.0,0.276125752,0.40858481449999995,2963.0,3880.0
0.7973802783988244,0.0,0.284744149,0.402286776,2963.0,3880.0
0.6637577143429894,0.0,0.330198428,0.39521380124999994,2963.0,3880.0
0.6721451342680327,0.0,0.35547300699999995,0.418581859,2963.0,3880.0
0.8348740511531972,0.007375335333333333,0.39351856199999996,0.4704951786666666,2963.0,3880.0
0.8990074645153321,0.1744047555,0.4140087055,0.555844596,2963.0,3880.0
0.871902525746907,0.348924733,0.36053421333333335,0.6724690026666668,2963.0,3880.0
0.8559251168730417,0.33243661199999996,0.440894838,0.7291937915,2963.0,3880.0
0.8614296512480719,0.202372277,0.5079259395,0.765942711,2963.0,3880.0
0.8686701158366394,0.057217986,0.589223453,0.8460503655,2963.0,3880.0
0.831404615671771,0.0,0.6317242700000001,0.8865186125,2963.0,3880.0
0.7531949213800488,0.0,0.6569141625,0.8996868094999999,2963.0,3880.0
0.6359284400370246,0.0,0.678028817,0.9098286705,2963.0,3880.0
0.6023404472957525,0.0,0.67031975325,0.91134968725,2963.0,3880.0
0.6331478734786662,0.0,0.651898329,0.90023722,2963.0,3880.0
0.6929187658664829,0.042390342,0.6431452660000001,0.888313668,2963.0,3880.0
0.7148689347794167,0.26581358666666666,0.514493033,0.8476082666666667,2963.0,3880.0
0.7049912781516485,0.390952046,0.436406559,0.60059307,2963.0,3880.0
0.6997845966510807,0.34343281999999997,0.3622403525,0.407346864,2963.0,3880.0
0.7092541009127896,0.12706622766666667,0.3572172203333333,0.3169999313333334,2963.0,3880.0
0.7005056534989039,0.0,0.411171611,0.286424584,2963.0,3880.0
0.6817585748997989,0.0,0.464397576,0.276477109,2963.0,3880.0
0.624125362981291,0.0,0.4556181066666667,0.433754164,2963.0,3880.0
0.6077784582745296,0.0,0.48961608599999995,0.6271872787499999,2963.0,3880.0
0.6588248556822596,0.0060098895,0.5156328465,0.6812684520000001,2963.0,3880.0
0.7013262016412432,0.2193517875,0.48805966,0.7215495685,2963.0,3880.0
0.698775696675982,0.4754398776666666,0.46205418766666667,0.765733348,2963.0,3880.0
0.6906842260007149,0.50368825,0.478387209,0.714700908,2963.0,3880.0
0.6986313980674985,0.347644148,0.4287595415,0.6817163965,2963.0,3880.0
0.712615292084299,0.124436962,0.3884388515,0.7162531305,2963.0,3880.0
0.709820043631987,0.0,0.421170065,0.809242978,2963.0,3880.0
0.6959460424069146,0.0,0.46993320699999996,0.856424595,2963.0,3880.0
0.6563686892762044,0.0,0.5177726155,0.852008267,2963.0,3880.0
0.6297634617407651,0.0,0.59193276,0.8733789175,2963.0,3880.0
0.6551206789354276,0.0,0.636315238,0.911845927,2963.0,3880.0
0.7848856266839119,0.0,0.6742790704999999,0.9244404245,2963.0,3880.0
0.875644841485585,0.08008184950000001,0.687241999,0.9230921925,2963.0,3880.0
0.8675516261331802,0.2873409375,0.708803806,0.9245923775,2963.0,3880.0
0.8600775810350207,0.389251098,0.7616149315,0.9285808305000001,2963.0,3880.0
0.8576358969273188,0.40912094750000005,0.8042418505,0.9313133140000001,2963.0,3880.0
0.8695161245415408,0.34376976449999996,0.8076602955,0.932762266,2963.0,3880.0
0.8828684506484015,0.115282064,0.789422795,0.9328148215000001,2963.0,3880.0
0.8283205186223879,0.0,0.739276941,0.9280008583333333,2963.0,3880.0
0.7100097556811733,0.0,0.706486749,0.9075102214999999,2963.0,3880.0
0.6418513213735386,0.0,0.674031677,0.8872799965,2963.0,3880.0
0.6529648272685104,0.0,0.6034951296666667,0.8210702216666667,2963.0,3880.0
0.7988713615056828,0.0,0.49767101049999996,0.6023394805,2963.0,3880.0
0.9013422497653077,0.06722175600000001,0.4227536925,0.40552282100000003,2963.0,3880.0
0.9001401482855071,0.27621861200000003,0.379894946,0.2585893865,2963.0,3880.0
0.8876161326308271,0.386819759,0.3277893805,0.14709961500000002,2963.0,3880.0
0.8778935754180686,0.4104730815,0.2947072905,0.1669975965,2963.0,3880.0
0.8832392697618234,0.337926136,0.225066028,0.16254613699999998,2963.0,3880.0
0.8936698430872018,0.138786115,0.1520120495,0.19829144399999998,2963.0,3880.0
0.8516836887050516,0.0,0.12367381399999999,0.259245837,2963.0,3880.0
0.7340968953507998,0.0,0.1447365085,0.40906750000000003,2963.0,3880.0
0.6702560527762346,0.0,0.20133001825,0.5948548392499999,2963.0,3880.0
0.7632531009482484,0.0,0.276256511,0.7054193085,2963.0,3880.0
0.9098176394642591,0.040991227,0.35218142799999996,0.780732871,2963.0,3880.0
0.9107829667530052,0.380318787,0.357205157,0.811805396,2963.0,3880.0
0.869014498581163,0.684066054,0.358266212,0.8349259825,2963.0,3880.0
0.8509429672107256,0.7441353310000001,0.462045116,0.8749776924999999,2963.0,3880.0
0.8427081219488071,0.5757111225,0.557443173,0.9025498615,2963.0,3880.0
0.8537064565760684,0.268607484,0.6135253334999999,0.9227076315,2963.0,3880.0
0.858124526495822,0.011081357,0.724866367,0.9291095575,2963.0,3880.0
0.7822093271020966,0.0,0.7188902583333333,0.8847811063333332,2963.0,3880.0
0.6577587729091632,0.0,0.6564606615,0.7933702094999999,2963.0,3880.0
0.629751929083705,0.0,0.6189718755,0.8088661635000001,2963.0,3880.0
0.6547225807273778,0.0,0.555111778,0.840626086,2963.0,3880.0
0.7859721798258463,0.0,0.47523830899999997,0.8078082645,2963.0,3880.0
0.8794622377355944,0.013161838,0.414878534,0.701612757,2963.0,3880.0
0.8892313248184139,0.1230399805,0.376897256,0.6860224895,2963.0,3880.0
0.8832410440011803,0.269549751,0.3133061885,0.631476207,2963.0,3880.0
0.8785598077635621,0.37774186099999996,0.36121866,0.6462644795,2963.0,3880.0
0.8694683970978789,0.341183031,0.3853041625,0.574801019,2963.0,3880.0
0.8871892028054368,0.243585394,0.39862125,0.605534088,2963.0,3880.0
0.8951670473451514,0.10198744100000001,0.38273331899999996,0.672643835,2963.0,3880.0
0.8634440062379429,0.0,0.362151563,0.7524183045,2963.0,3880.0
0.7928206229635062,0.0,0.3396836225,0.7106359200000001,2963.0,3880.0
0.661874007320019,0.0,0.2867572563333333,0.6310387373333333,2963.0,3880.0
0.6476012351270548,0.0,0.2444862185,0.6004539165,2963.0,3880.0
0.7204315242741401,0.0,0.20881604599999998,0.563049296,2963.0,3880.0
0.8706033430358888,0.0306179855,0.1813839145,0.4956290345,2963.0,3880.0
0.8937054168140981,0.26621672,0.13901643149999998,0.4524790055,2963.0,3880.0
0.8641882170865445,0.4797995405,0.103771697,0.3772871145,2963.0,3880.0
0.8493361139987361,0.5761815415,0.11252956950000001,0.2960108695,2963.0,3880.0
0.85109732730028,0.4749259885,0.104518021,0.227763638,2963.0,3880.0
0.8675067818158181,0.321656226,0.07878573,0.208403548,2963.0,3880.0
0.8841528331490955,0.1237165965,0.0641056905,0.1808780265,2963.0,3880.0
0.8529889482069588,0.0,0.0667589035,0.17142628450000003,2963.0,3880.0
0.7906300402448015,0.0,0.07163380550000001,0.215374439,2963.0,3880.0
0.6429038162910213,0.0,0.085949551,0.25686511900000003,2963.0,3880.0
0.6383457059288038,0.0,0.10865586475,0.34655462,2963.0,3880.0
0.6997612651757465,0.0241911125,0.1232947345,0.4155702915,2963.0,3880.0
0.7663131790488394,0.21776695550000003,0.1130756665,0.4619291565,2963.0,3880.0
0.7836363744262056,0.3749648895,0.1098536445,0.48332350150000003,2963.0,3880.0
0.7855525243818192,0.40657597700000003,0.140260783,0.5457845715,2963.0,3880.0
0.7936903622843215,0.32799273650000005,0.1933895015,0.579976015,2963.0,3880.0
0.8188042184306445,0.210657965,0.221338698,0.621669861,2963.0,3880.0
0.8209745746181998,0.077123656,0.237264229,0.606713041,2963.0,3880.0
0.7933804001207897,0.0,0.24410058666666667,0.6054914503333334,2963.0,3880.0
0.7257349248012461,0.0,0.1967157995,0.553873394,2963.0,3880.0
0.6677328195656667,0.0,0.21996320149999998,0.49973377250000006,2963.0,3880.0
0.689238667260375,0.0,0.21859787233333336,0.46737687899999997,2963.0,3880.0
0.7574340578179847,0.077194239,0.2063594005,0.46698808049999996,2963.0,3880.0
0.7969418602090828,0.27991414449999996,0.1929803865,0.38746491699999996,2963.0,3880.0
0.7954396880809337,0.3953474655,0.2108857205,0.40655340549999996,2963.0,3880.0
0.795064034127299,0.3828062085,0.25142072,0.5123067755,2963.0,3880.0
0.8135494102445944,0.24903988049999998,0.2802077215,0.59838754,2963.0,3880.0
0.8246464820766796,0.101983667,0.2804498685,0.5780466055,2963.0,3880.0
0.8053414005933948,0.0,0.27644520549999996,0.577549714,2963.0,3880.0
0.7733704962232208,0.0,0.2534089275,0.474183675,2963.0,3880.0
0.6977715391085407,0.0,0.20923688175000002,0.34413707025,2963.0,3880.0
0.7159395788240841,0.0,0.1524250945,0.34057329150000004,2963.0,3880.0
0.8608637529734438,0.0,0.124575342,0.390947359,2963.0,3880.0
0.9427169666408345,0.07304081,0.120460078,0.474437569,2963.0,3880.0
0.9551847827450282,0.237841541,0.1380761165,0.5240982865,2963.0,3880.0
0.9451148117997298,0.44323547066666674,0.2072089503333333,0.5764905223333333,2963.0,3880.0
0.9375728719018179,0.3990022445,0.2937931085,0.672964558,2963.0,3880.0
0.9435509991035265,0.2528295855,0.3554053275,0.751925698,2963.0,3880.0
0.9455143442478685,0.054927484000000006,0.386420461,0.826637331,2963.0,3880.0
0.8742468180682288,0.0,0.421464148,0.8805723249999999,2963.0,3880.0
0.7665274645409095,0.0,0.4032349725,0.8862283065,2963.0,3880.0
0.692735718275407,0.0,0.4810926475,0.8886573744999999,2963.0,3880.0
0.7789739009343022,0.0,0.5563088075,0.8783696265000001,2963.0,3880.0
0.9204142386168587,0.0655893385,0.5753451565000001,0.87238042,2963.0,3880.0
0.94929936033433,0.390805952,0.5865414715,0.8987998165,2963.0,3880.0
0.9380798649742155,0.540360718,0.593442221,0.911901651,2963.0,3880.0
0.9272784725860354,0.6055683675,0.665945228,0.900276745,2963.0,3880.0
0.9095077216609295,0.5993017485,0.752241655,0.887973552,2963.0,3880.0
0.9150433055284264,0.436919977,0.779892144,0.8869961024999999,2963.0,3880.0
0.9266889766748597,0.26925052,0.714297946,0.879560414,2963.0,3880.0
0.9269841681902868,0.0566911315,0.660772013,0.827955811,2963.0,3880.0
0.8655981280594525,0.0,0.6296942525,0.731860932,2963.0,3880.0
0.7389432406493746,0.0,0.601738504,0.5850005426666667,2963.0,3880.0
0.6845695255982104,0.0,0.558122585,0.4932755755,2963.0,3880.0
0.7075000068415782,0.0,0.5271062145000001,0.47834511300000004,2963.0,3880.0
0.8539665621918366,0.0,0.4892499335,0.42988213750000004,2963.0,3880.0
0.936292481464987,0.165154436,0.448614379,0.369402523,2963.0,3880.0
0.9425235729310872,0.44682077500000006,0.40062551599999996,0.292610956,2963.0,3880.0
0.9184032694966221,0.7138746813333334,0.424484498,0.27157943933333334,2963.0,3880.0
0.9032264188160677,0.690419566,0.4784300495,0.2934119285,2963.0,3880.0
0.9090951632249503,0.4957258505,0.4896694325,0.352255657,2963.0,3880.0
0.9263701432301763,0.2062792075,0.4369201745,0.4395613765,2963.0,3880.0
0.8813500144738735,0.0,0.40179813033333334,0.484487426,2963.0,3880.0
0.7605343227690404,0.0,0.3412123575,0.4583465065,2963.0,3880.0
0.6855837667930766,0.0,0.27747559475,0.44307754324999993,2963.0,3880.0
0.7679335608738901,0.0,0.26573846700000003,0.47926095150000003,2963.0,3880.0
0.910251178419839,0.0639398955,0.2735415785,0.4822840855,2963.0,3880.0
0.9325927182461231,0.352165303,0.2408553335,0.44034895900000004,2963.0,3880.0
0.9099837540287584,0.5200840396666666,0.296490077,0.3933583106666667,2963.0,3880.0
0.8983007347642111,0.4713577415,0.3235957845,0.4244886115,2963.0,3880.0
0.9058555971484495,0.316315432,0.3524059555,0.47537692600000003,2963.0,3880.0
0.9104164354437526,0.08134380066666667,0.33425293899999997,0.482453596,2963.0,3880.0
0.8278511396943307,0.0,0.28258205366666667,0.4796039543333334,2963.0,3880.0
0.6815964080558339,0.0,0.259787173,0.6005911775,2963.0,3880.0
0.6766009958910496,0.0,0.272779152,0.7466971245,2963.0,3880.0
0.8376013753279044,0.0,0.281325665,0.7876822784999999,2963.0,3880.0
0.9178608208618381,0.084004929,0.270970216,0.728969056,2963.0,3880.0
0.9254698867393214,0.216247599,0.241579775,0.6634891405000001,2963.0,3880.0
0.9142147288475385,0.34700148366666667,0.21867663299999998,0.601401341,2963.0,3880.0
0.9072229703657797,0.3373003035,0.2193375675,0.4661962705,2963.0,3880.0
0.913717982138196,0.2222371575,0.2128451875,0.4449316335,2963.0,3880.0
0.9187168984889853,0.0715405265,0.2181201065,0.587710014,2963.0,3880.0
0.8812998326742046,0.0,0.2371574255,0.7068244665,2963.0,3880.0
0.8118263878375143,0.0,0.2779030295,0.675929997,2963.0,3880.0
0.659482933866646,0.0,0.290699666,0.6511318366666666,2963.0,3880.0
0.6524423870507049,0.0,0.290600837,0.58773975875,2963.0,3880.0
0.7055614125303091,0.0425799085,0.2462244165,0.529260318,2963.0,3880.0
0.7535596636350882,0.24386981300000002,0.181757734,0.48962008149999997,2963.0,3880.0
0.7359545392953832,0.4251912835,0.1426854245,0.345034271,2963.0,3880.0
0.7188646583676359,0.5488171070000001,0.15314182450000002,0.294353167,2963.0,3880.0
0.7119791776670246,0.4531316595,0.1333149705,0.3008018775,2963.0,3880.0
0.7357395441075703,0.171881928,0.11190735533333333,0.32984720333333334,2963.0,3880.0
0.7398110874482094,0.0,0.15556062,0.36354766099999997,2963.0,3880.0
0.6886493561974366,0.0,0.1714391845,0.40066291,2963.0,3880.0
0.6383016268122759,0.0,0.16350982675,0.32934153425,2963.0,3880.0
0.6748115719812507,0.0,0.15822392200000002,0.3615850045,2963.0,3880.0
0.7336506926289319,0.051629337500000004,0.151434695,0.388689742,2963.0,3880.0
0.7463852013074191,0.293881636,0.125683459,0.37437634399999997,2963.0,3880.0
0.7175106659860178,0.5463405276666666,0.130514261,0.38880550866666663,2963.0,3880.0
0.7101255257863042,0.544151469,0.1352321065,0.408288233,2963.0,3880.0
0.7241572803273734,0.3666243885,0.150250485,0.425747388,2963.0,3880.0
0.7336704534032676,0.223964406,0.164011881,0.382563474,2963.0,3880.0
0.7274653769938213,0.051858172,0.2086229175,0.383036344,2963.0,3880.0
0.6851641003138378,0.0,0.23441197549999998,0.39869334975,2963.0,3880.0
0.6597222067992199,0.0,0.22378600099999998,0.395254362,2963.0,3880.0
0.8240496229962426,0.0,0.22073779100000002,0.364055837,2963.0,3880.0
0.9185899505746655,0.060902098499999995,0.2103963255,0.36592167600000003,2963.0,3880.0
0.9078452456654502,0.235438203,0.175789471,0.343205908,2963.0,3880.0
0.8822457761575306,0.4046810125,0.201974539,0.271391634,2963.0,3880.0
0.8631273019311081,0.5520810039999999,0.24615745099999997,0.2422346045,2963.0,3880.0
0.8579087328243683,0.5541832735000001,0.2858824535,0.308811165,2963.0,3880.0
0.8725952536701045,0.40331300400000003,0.324072065,0.30977105699999996,2963.0,3880.0
0.8740700136230188,0.1740182215,0.289586122,0.24544601,2963.0,3880.0
0.8149373204469961,0.0,0.25135326950000003,0.220443868,2963.0,3880.0
0.7230628095220859,0.0,0.247601809,0.3362216475,2963.0,3880.0
0.6629504952434216,0.0,0.27033154449999997,0.5552134479999999,2963.0,3880.0
0.7485190301334061,0.0,0.299610147,0.73018158,2963.0,3880.0
0.8944236348789505,0.00078937,0.342688444,0.838407023,2963.0,3880.0
0.9174668477982582,0.05796358,0.39428003850000004,0.89057597,2963.0,3880.0
0.906291265241878,0.133346459,0.476188392,0.8880468420000001,2963.0,3880.0
0.8970832859874229,0.159765924,0.5933091635000001,0.8796535624999999,2963.0,3880.0
0.8861380459664634,0.1391320515,0.649985558,0.8951514275,2963.0,3880.0
0.8840322282037518,0.1106598085,0.6403932569999999,0.8974461625,2963.0,3880.0
0.8676397621439513,0.0391902315,0.6349280835,0.891783788,2963.0,3880.0
0.8065689182418085,0.0,0.608827298,0.8548731405,2963.0,3880.0
0.6875634461856316,0.0,0.5476638706666667,0.7892187423333333,2963.0,3880.0
0.6465948671509723,0.0,0.478804642,0.7221413747500001,2963.0,3880.0
0.7951751467655328,0.0,0.4488102895,0.6628430495,2963.0,3880.0
0.8970774753408741,0.012361187,0.479316183,0.6844733855,2963.0,3880.0
0.8881162061697327,0.084591326,0.5544275270000001,0.694242569,2963.0,3880.0
0.871517616169524,0.16665301249999998,0.571703345,0.7269872415,2963.0,3880.0
0.8560576092726966,0.255126923,0.6721643345,0.8123910784999999,2963.0,3880.0
0.8663866952969377,0.264310893,0.6939967225,0.8414865284999999,2963.0,3880.0
0.8848933623877561,0.1757853445,0.6283307215,0.787773208,2963.0,3880.0
0.8528218134927945,0.04011317,0.47897638200000003,0.661695039,2963.0,3880.0
0.7861951148992968,0.0,0.3401819465,0.614171308,2963.0,3880.0
0.6676177407305116,0.0,0.226203788,0.4281044856666667,2963.0,3880.0
0.6571179789039474,0.0,0.21048410950000002,0.4782293755,2963.0,3880.0
0.7413813614297595,0.0,0.1948033995,0.5019559095,2963.0,3880.0
0.9003895640205648,0.0010074225,0.199710913,0.5845096625,2963.0,3880.0
0.9237243755826366,0.105225313,0.199270759,0.665596472,2963.0,3880.0
0.8990677004223904,0.2929164815,0.2142253225,0.70657881,2963.0,3880.0
0.8800976868510751,0.440958898,0.260916845,0.7638670165,2963.0,3880.0
0.8639555236966309,0.577056453,0.312648701,0.78712856,2963.0,3880.0
0.8648903781586663,0.515599192,0.330622019,0.7908989319999999,2963.0,3880.0
0.876672400738631,0.32035347550000004,0.305169633,0.7521237085000001,2963.0,3880.0
0.8566755376100125,0.06292990949999999,0.24617006400000002,0.646839594,2963.0,3880.0
0.7828727354794754,0.0,0.26159192600000003,0.6138339325,2963.0,3880.0
0.6665982839553094,0.0,0.31922677466666666,0.550386878,2963.0,3880.0
0.6578052583852754,0.0,0.36767289950000004,0.4662345575,2963.0,3880.0
0.7370874892267718,0.0,0.401531752,0.47025986799999997,2963.0,3880.0
0.8827439867198015,0.001591495,0.453378458,0.498518804,2963.0,3880.0
0.9105400713602391,0.067797202,0.492997263,0.560839089,2963.0,3880.0
0.8961688798238013,0.189058795,0.5069856365000001,0.5631474160000001,2963.0,3880.0
0.8806901545752084,0.367237774,0.501451957,0.527837587,2963.0,3880.0
0.874819014968504,0.458747785,0.505895507,0.5771972295000001,2963.0,3880.0
0.8865991746224541,0.48724695,0.468492713,0.5867797130000001,2963.0,3880.0
0.8908629731899314,0.30406886499999997,0.3430935705,0.6236076150000001,2963.0,3880.0
0.8636926679339292,0.0697191945,0.251771343,0.648475318,2963.0,3880.0
0.8012939722618869,0.0,0.239277993,0.5790230865,2963.0,3880.0
0.6639041457339785,0.0,0.23867598299999998,0.5094757169999999,2963.0,3880.0
0.6400556876006804,0.0,0.20870713400000002,0.5037643865,2963.0,3880.0
0.6783471280061992,0.0,0.18219374,0.5626638875,2963.0,3880.0
0.7366639304561597,0.0636316365,0.17870680700000002,0.6486017845000001,2963.0,3880.0
0.7585938433600922,0.33145464999999996,0.21354622,0.700370917,2963.0,3880.0
0.734522420599561,0.5333572096666667,0.336623976,0.7573676463333333,2963.0,3880.0
0.7320470553206899,0.526870508,0.4606155055,0.7758704045,2963.0,3880.0
0.7463789914696701,0.41124685149999995,0.5392641585,0.809827564,2963.0,3880.0
0.7520532332818626,0.176327062,0.561507581,0.835847487,2963.0,3880.0
0.749118040472736,0.0009708215,0.542020383,0.820737429,2963.0,3880.0
0.6796199334558839,0.0,0.518169987,0.7426135275,2963.0,3880.0
0.5882745162222979,0.0,0.4621074685,0.59306459475,3518.75,4608.25
0.5941399228085891,0.0,0.397962417,0.38717448050000003,3704.0,4851.0
0.6260970766971965,0.001681838,0.33963077399999997,0.285032365,3704.0,4851.0
0.6857624453260638,0.109400787,0.318168734,0.235981815,3704.0,4851.0
0.7214736545628175,0.3276797095,0.30507771,0.2367786305,3704.0,4851.0
0.7097722274510471,0.468177059,0.2249106555,0.222499346,3704.0,4851.0
0.7037074279733818,0.5161298704999999,0.2366474825,0.2592842655,3704.0,4851.0
0.7085479921707536,0.46348714950000003,0.21689468550000002,0.3002186035,3704.0,4851.0
0.7127657931905971,0.2869162035,0.163476049,0.3690830225,3704.0,4851.0
0.7112828939083053,0.0485177205,0.177512861,0.454032855,3704.0,4851.0
0.7044741718136762,0.0,0.2621756685,0.611697401,3704.0,4851.0
0.6513509214424223,0.0,0.363294816,0.719158365,3704.0,4851.0
0.6291309180244892,0.0,0.427009808,0.8014322167500001,3704.0,4851.0
0.7590488507806246,0.002086765,0.48478507333333337,0.847748915,3704.0,4851.0
0.8411444718954297,0.1140797645,0.5049691970000001,0.7949623625,3704.0,4851.0
0.8240072183718918,0.31376455449999996,0.4026391815,0.7286387194999999,3704.0,4851.0
0.8050834240648548,0.417350488,0.42508163899999996,0.697654961,3704.0,4851.0
0.7959215163142019,0.34785937633333336,0.4934947296666666,0.726203495,3704.0,4851.0
0.8039410706142545,0.160805743,0.5458382825,0.7699094645,3704.0,4851.0
0.785273789100943,0.0306938985,0.6096811154999999,0.804126735,3704.0,4851.0
0.7278462871505333,0.0,0.66229006,0.8519296795,3704.0,4851.0
0.6300540845771933,0.0,0.6839302485000001,0.9063218455,3704.0,4851.0
0.5991977665838935,0.0,0.71009543525,0.86385952325,3704.0,4851.0
0.6954251436512997,0.0,0.7125469345,0.8630345155,3704.0,4851.0
0.7950446060291703,0.066680151,0.6937498735000001,0.864872556,3704.0,4851.0
0.807685057090775,0.2920751965,0.6293484885,0.837851075,3704.0,4851.0
0.7938344316843655,0.4473102685,0.6126070285,0.8627965635,3704.0,4851.0
0.7861073336857769,0.4976022155,0.6427251355,0.7848378155,3704.0,4851.0
0.7882590158648953,0.402317945,0.6050712915,0.722484532,3704.0,4851.0
0.7946021514322366,0.259840838,0.5416250785,0.7200822419999999,3704.0,4851.0
0.7859732887634094,0.0663933045,0.5451985260000001,0.828320013,3704.0,4851.0
0.7347978587480806,0.0,0.6115506795,0.8837547105000001,3704.0,4851.0
0.6129323779209328,0.0,0.60070672925,0.886641161,3704.0,4851.0
0.6097828995944261,0.0,0.6167067875000001,0.9026493499999999,3704.0,4851.0
0.696272993059931,0.0,0.599606598,0.8552871485,3704.0,4851.0
0.7967904276903975,0.050541664,0.5583694015,0.8579447185,3704.0,4851.0
0.8142909596835401,0.2775007635,0.5304010955,0.8967456795,3704.0,4851.0
0.8094008494598207,0.454197748,0.560328612,0.8768002925,3704.0,4851.0
0.800800640984398,0.486840722,0.6479886705,0.8683190955,3704.0,4851.0
0.8010754729386892,0.423186771,0.6590211420000001,0.8616531695,3704.0,4851.0
0.8069745126997265,0.2659001635,0.60875073,0.8544460819999999,3704.0,4851.0
0.7904347392657107,0.054839095000000004,0.5820483925,0.8673603169999999,3704.0,4851.0
0.73416653482769,0.0,0.5849351655,0.8817918680000001,3704.0,4851.0
0.6195271618880046,0.0,0.6015114603333334,0.8814647383333334,3704.0,4851.0
0.5933622894413635,0.0,0.595230192,0.87591214,3704.0,4851.0
0.6457100799265694,0.0,0.531287062,0.7888249935,3704.0,4851.0
0.7698501766369379,0.0037623485,0.4321594655,0.5875459135000001,3704.0,4851.0
0.8335860610324775,0.114528587,0.359262122,0.410929458,3704.0,4851.0
0.8343243724466318,0.3187032045,0.329988321,0.249640874,3704.0,4851.0
0.8278576157270403,0.47626423900000003,0.18613969549999998,0.103319975,3704.0,4851.0
0.8185751178627736,0.5271027785,0.174235831,0.109732443,3704.0,4851.0
0.8158837962527494,0.509411146,0.1350726305,0.14788150649999998,3704.0,4851.0
0.8171785581296116,0.377957137,0.1016272235,0.2001421955,3704.0,4851.0
0.8028918654891937,0.083988699,0.150065147,0.3707361385,3704.0,4851.0
0.7639783937988638,0.0,0.2826181665,0.601188406,3704.0,4851.0
0.6460407122063999,0.0,0.40447470433333327,0.7462832133333333,3704.0,4851.0
0.6303666637901784,0.0,0.464208178,0.794277425,3704.0,4851.0
0.6918504653195005,0.0,0.5028377065,0.8303824785,3704.0,4851.0
0.8006949841448419,0.0117882455,0.5335878255,0.8418908935,3704.0,4851.0
0.842008977134212,0.268310468,0.521843085,0.847627027,3704.0,4851.0
0.8263820573411051,0.5598845665000001,0.412837094,0.8312768165,3704.0,4851.0
0.8011750529198628,0.795790532,0.309857781,0.739941048,3704.0,4851.0
0.7872695143750859,0.921418232,0.35157639500000004,0.684324943,3704.0,4851.0
0.779042697685463,0.89945085,0.39157871499999997,0.54608043,3704.0,4851.0
0.7780100374816108,0.763082106,0.423182209,0.448471417,3704.0,4851.0
0.7765386485834744,0.5175087425,0.439027392,0.37598343700000003,3704.0,4851.0
0.7636784117865529,0.20375096,0.49940726,0.382261441,3704.0,4851.0
0.7463110153231944,0.002155026,0.5500601764999999,0.442225054,3704.0,4851.0
0.6667137878486065,0.0,0.569859241,0.45424113349999995,3704.0,4851.0
0.5785363787835247,0.0,0.5797063445,0.6070190975,3704.0,4851.0
0.5635062293335771,0.0,0.58864067275,0.6394593817499999,3704.0,4851.0
0.5975395709345351,0.0100584965,0.5532023724999999,0.5438054109999999,3704.0,4851.0
0.6438975907532702,0.124371072,0.522906996,0.500641877,3704.0,4851.0
0.671758568717043,0.2951618475,0.4521927535,0.480703459,3704.0,4851.0
0.6625669791821455,0.5229990840000001,0.3400177085,0.43774365849999997,3704.0,4851.0
0.6575176814023402,0.58098851,0.3325016983333333,0.38850570399999995,3704.0,4851.0
0.6571201301628401,0.3747404615,0.2898346975,0.26484131450000004,3704.0,4851.0
0.6527979586649394,0.151975103,0.277053428,0.207589416,3704.0,4851.0
0.646742518363157,0.0010755655,0.289834214,0.156048451,3704.0,4851.0
0.634654436963119,0.0,0.28640801250000003,0.11487689549999999,3704.0,4851.0
0.5775405787186884,0.0,0.278548958,0.1026750915,3704.0,4851.0
0.5626927782245958,0.0,0.2689529185,0.124131677,3704.0,4851.0
0.5983947170480548,0.0107315265,0.283663797,0.1777866555,3704.0,4851.0
0.6598626834025314,0.184793739,0.24815032650000002,0.1843766175,3704.0,4851.0
0.6646734401256065,0.3891861735,0.22546129199999998,0.15473599049999998,3704.0,4851.0
0.6583418149930407,0.4724618775,0.2500565675,0.16302437349999999,3704.0,4851.0
0.6572723611651663,0.40710866450000005,0.25913818450000004,0.22735703000000002,3704.0,4851.0
0.6592517855076498,0.2340480755,0.2006554195,0.3341607275,3704.0,4851.0
0.6548293686255414,0.0838378055,0.1832456005,0.37633349699999996,3704.0,4851.0
0.6508432186236618,0.001340668,0.1862522245,0.37949829,3704.0,4851.0
0.6347570627471653,0.0,0.19932176899999998,0.3788421993333333,3704.0,4851.0
0.5904304602964604,0.0,0.17606413133333332,0.288122855,3704.0,4851.0
0.6415396071085674,0.0,0.1622438045,0.1870160685,3704.0,4851.0
0.7558221479985181,0.005147812,0.1578745975,0.148691178,3704.0,4851.0
0.8098128312806641,0.064942175,0.137239099,0.11932566,3704.0,4851.0
0.8093602190242065,0.17358302949999999,0.1127307505,0.0902026895,3704.0,4851.0
0.7947768267395982,0.2758302385,0.118541579,0.10933387450000001,3704.0,4851.0
0.7905458519039444,0.306247777,0.16521296400000002,0.1200116975,3704.0,4851.0
0.7922931372493658,0.26150777449999996,0.1808401905,0.133215859,3704.0,4851.0
0.7964714611651074,0.17061544550000002,0.19854666399999998,0.2005445655,3704.0,4851.0
0.7818114654255475,0.036479319499999996,0.2329672365,0.2891574605,3704.0,4851.0
0.7288164270572074,0.0,0.29137172850000004,0.32551706849999995,3704.0,4851.0
0.6313065082940776,0.0,0.3378408855,0.3601605455,3704.0,4851.0
0.591212536703253,0.0,0.361271033,0.42259163450000004,3704.0,4851.0
0.6091833347610046,0.0,0.361656113,0.34792031749999996,3704.0,4851.0
0.6975215800158439,0.0,0.3562058265,0.280744097,3704.0,4851.0
0.801596260835982,0.061639313,0.3548945775,0.3028164525,3704.0,4851.0
0.8133685250488636,0.26650651599999997,0.3531005255,0.289955664,3704.0,4851.0
0.7923199284661356,0.479244271,0.3842270143333333,0.35428515033333335,3704.0,4851.0
0.7856710002399346,0.493863926,0.3557673515,0.3068533435,3704.0,4851.0
0.788692066891997,0.371108029,0.3320647215,0.2837803825,3704.0,4851.0
0.7831201108139627,0.1740197565,0.31504684800000005,0.3130072955,3704.0,4851.0
0.7616144220836765,0.003212388,0.3609796925,0.271727276,3704.0,4851.0
0.6831775567663319,0.0,0.3941239005,0.26749379399999995,3704.0,4851.0
0.6020167457280498,0.0,0.40095146975000007,0.305186563,3704.0,4851.0
0.65414326459677,0.0,0.38760249199999997,0.33198295099999997,3704.0,4851.0
0.7738038134115363,0.0179076545,0.3893792695,0.3558251375,3704.0,4851.0
0.8276023892441933,0.169489108,0.369366823,0.368807927,3704.0,4851.0
0.8199279421655168,0.35829040749999996,0.30737812099999995,0.32420075849999996,3704.0,4851.0
0.7922064353605697,0.5327244543333334,0.29636050399999997,0.28633342,3704.0,4851.0
0.7819822816990325,0.4935678105,0.372344777,0.41667263,3704.0,4851.0
0.7819365503126123,0.3420423555,0.361061698,0.4939718515,3704.0,4851.0
0.7752022360707129,0.14512522,0.329078948,0.5167313245,3704.0,4851.0
0.7551716177978836,0.003888547,0.328992352,0.499747196,3704.0,4851.0
0.6603066904378105,0.0,0.2743024246666667,0.38922013533333333,3704.0,4851.0
0.6022714620854441,0.0,0.2399506785,0.3439405785,3704.0,4851.0
0.7012036672042714,0.0,0.2053612195,0.30498813550000003,3704.0,4851.0
0.8102453056926298,0.0768023365,0.1684410915,0.2596767935,3704.0,4851.0
0.8216880909234463,0.3015641545,0.13724423400000002,0.197085553,3704.0,4851.0
0.8051900419465108,0.504237121,0.12314048799999999,0.18309429866666668,3704.0,4851.0
0.797627520703325,0.472392856,0.10119206750000001,0.2083642175,3704.0,4851.0
0.803833772615948,0.3472632255,0.08672197,0.2583817325,3704.0,4851.0
0.8068946269778954,0.223001956,0.077779561,0.244945359,3704.0,4851.0
0.7880508958672454,0.0617287825,0.07133055999999999,0.2204473805,3704.0,4851.0
0.7331670531529126,0.0,0.088043664,0.1439539425,3704.0,4851.0
0.6207026791034437,0.0,0.10498565933333333,0.06128934866666667,3704.0,4851.0
0.6211463534709525,0.0,0.15281983525,0.07189638025,3704.0,4851.0
0.7674997114643879,0.017685058,0.19834367149999999,0.076786734,3704.0,4851.0
0.8240825354147239,0.247813002,0.162287301,0.09778427749999999,3704.0,4851.0
0.8077248446994194,0.5082215965,0.2051254635,0.0935448515,3704.0,4851.0
0.7935124933461177,0.5952348270000001,0.25715401699999996,0.0778862665,3704.0,4851.0
0.7856606208637665,0.5425101295,0.250048744,0.082694358,3704.0,4851.0
0.7858296185545657,0.402417805,0.22103301050000002,0.11371704599999999,3704.0,4851.0
0.7759411685445726,0.19484738349999997,0.19001659850000002,0.12340568399999999,3704.0,4851.0
0.7600260655574287,0.004826704,0.1994891205,0.1272020935,3704.0,4851.0
0.6743931141614448,0.0,0.219756693,0.1408711815,3704.0,4851.0
0.5706758789673878,0.0,0.210705247,0.11521090275000001,3704.0,4851.0
0.5753780735782524,0.0,0.19779671799999998,0.0962797155,3704.0,4851.0
0.6092287113501738,0.0160347485,0.1917037815,0.080369406,3704.0,4851.0
0.6564700434967348,0.126930705,0.16240251,0.095727136,3704.0,4851.0
0.6871991031217926,0.288868145,0.12271367550000001,0.0902059425,3704.0,4851.0
0.6742199913261756,0.506390287,0.075757829,0.06477065933333333,3704.0,4851.0
0.6681934269850623,0.5001418905,0.070534374,0.06275750699999999,3704.0,4851.0
0.6660811775667168,0.34589995500000004,0.06858829899999999,0.11546522,3704.0,4851.0
0.6670532470156394,0.194300177,0.069964493,0.166947089,3704.0,4851.0
0.6592470172330507,0.06293409750000001,0.0877436975,0.14389506400000002,3704.0,4851.0
0.6566876114075455,0.0,0.12067154649999999,0.2385067555,3704.0,4851.0
0.6097188490474404,0.0,0.15018738599999998,0.36727725850000004,3704.0,4851.0
0.5619180391201227,0.0,0.15970248525,0.3949592015,3704.0,4851.0
0.5933778954921366,0.019483382333333334,0.16192187466666666,0.4571863463333334,3704.0,4851.0
0.6669311783354814,0.216868151,0.1356281785,0.4874553125,3704.0,4851.0
0.672340346611086,0.4372940435,0.1172583935,0.5280703545000001,3704.0,4851.0
0.6616844430144353,0.5781968985,0.1662107855,0.5638465155,3704.0,4851.0
0.6620624922165119,0.5344684550000001,0.222734516,0.563974627,3704.0,4851.0
0.6635264736020581,0.36018918450000004,0.2603509005,0.5806768760000001,3704.0,4851.0
0.6610441147660333,0.211375275,0.252757497,0.552383054,3704.0,4851.0
0.6538439035935442,0.064434795,0.24719644999999998,0.5452932884999999,3704.0,4851.0
0.6434077413635716,0.0,0.20987973325000003,0.5081932232499999,3704.0,4851.0
0.6013147510446515,0.0,0.16461996099999998,0.4380865805,3704.0,4851.0
0.7285518044457034,0.013543446666666667,0.14525685600000002,0.409917892,3704.0,4851.0
0.8157194559782273,0.204282672,0.11518068000000001,0.3648990245,3704.0,4851.0
0.798839203126273,0.4220995275,0.1069960345,0.287323487,3704.0,4851.0
0.7873869108747306,0.4538765436666667,0.12415573800000002,0.2694557033333333,3704.0,4851.0
0.7816791503992082,0.3538143745,0.15547083750000001,0.2738785345,3704.0,4851.0
0.7799888629360536,0.2357157465,0.1684828325,0.28401972799999997,3704.0,4851.0
0.7654357217108912,0.078319153,0.18328002300000001,0.2901939115,3704.0,4851.0
0.7291778869441263,0.0,0.1866964095,0.379518314,3704.0,4851.0
0.6214432231569607,0.0,0.18180276500000003,0.5826276926666667,3704.0,4851.0
0.6235219576663102,0.0,0.18115711475000001,0.6806331704999999,3704.0,4851.0
0.7688285389900031,0.049394815,0.19564780850000002,0.726499819,3704.0,4851.0
0.8063105425220682,0.41735081100000004,0.149799208,0.720765492,3704.0,4851.0
0.7860748204078756,0.7620130359999999,0.1239722145,0.6464871565,3704.0,4851.0
0.7796578758758452,0.9375691660000001,0.1224636965,0.537234255,3704.0,4851.0
0.774622809081783,0.9062008260000001,0.111615898,0.4416889275,3704.0,4851.0
0.7737241050630206,0.704443296,0.0968554855,0.3613061955,3704.0,4851.0
0.762337785493284,0.3585481905,0.103007848,0.3370208225,3704.0,4851.0
0.7273862969774517,0.010843049666666667,0.16863323700000002,0.42578268133333336,3704.0,4851.0
0.6293979875676985,0.0,0.2050446245,0.5643513015,3704.0,4851.0
0.600456488926425,0.0,0.20759497725,0.46164090275,3704.0,4851.0
0.698774913024071,0.0,0.2233403915,0.3399029025,3704.0,4851.0
0.7821321618468657,0.113581446,0.24927647,0.350010496,3704.0,4851.0
0.7892840024455637,0.4272399445,0.201432968,0.3903173425,3704.0,4851.0
0.7804086071679788,0.7685394485,0.14347067549999998,0.408203531,3704.0,4851.0
0.7782994626431976,0.946019707,0.190830383,0.4372369535,3704.0,4851.0
0.7737450855826213,0.9157021805,0.230265576,0.44434731149999995,3704.0,4851.0
0.7712099427460775,0.6937257985,0.228639476,0.3636426225,3704.0,4851.0
0.7699488916700974,0.442898948,0.226071938,0.326599461,3704.0,4851.0
0.7505825540794689,0.1445419945,0.27773685049999997,0.341027332,3704.0,4851.0
0.7128158937110365,0.0,0.330929668,0.4477675455,3704.0,4851.0
0.6139153294640479,0.0,0.34281542466666665,0.419979052,3704.0,4851.0
0.5877363295163046,0.0,0.33508699200000003,0.355367253,3704.0,4851.0
0.6410717806863495,0.0,0.3138947045,0.30928654099999997,3704.0,4851.0
0.7498405388837093,0.06040532,0.289835712,0.3201777995,3704.0,4851.0
0.7845690998010129,0.334806163,0.235878184,0.287332789,3704.0,4851.0
0.7817663550482123,0.6196051515000001,0.139333963,0.1886495905,3704.0,4851.0
0.7796742877164469,0.8841909525,0.1067855075,0.1131371805,3704.0,4851.0
0.7731704047472463,0.9632915799999999,0.114089087,0.10995169699999999,3704.0,4851.0
0.7709561357053364,0.821296542,0.1049372105,0.098353552,3704.0,4851.0
0.7709396351274567,0.5319975335,0.104192911,0.0899246935,3704.0,4851.0
0.7505436979338318,0.1460063565,0.1306062095,0.09438416250000001,3704.0,4851.0
0.711539606247011,0.0,0.1530652825,0.138071941,3704.0,4851.0
0.6269828730107423,0.0,0.160487861,0.1547458045,3704.0,4851.0
0.595586438819821,0.0,0.144784346,0.184471315,3704.0,4851.0
0.6929183444529979,0.0,0.1234058975,0.18530352649999998,3704.0,4851.0
0.775162182300855,0.226740261,0.101579964,0.182777667,3704.0,4851.0
0.7813745553645693,0.524880226,0.053950586,0.158234813,3704.0,4851.0
0.7799343933828355,0.7622172825,0.0444388775,0.1121617315,3704.0,4851.0
0.7761111864356571,0.9401817385,0.051792415999999994,0.06931208450000001,3704.0,4851.0
0.7708274135516597,0.8864984965,0.062030711,0.058228856999999995,3704.0,4851.0
0.771967016956567,0.644338369,0.07214861,0.0670552925,3704.0,4851.0
0.7659800629014029,0.415622675,0.082474949,0.07343012,3704.0,4851.0
0.7503466670587131,0.141887014,0.1176427405,0.088154698,3704.0,4851.0
0.7109375574784899,0.0,0.16323965099999999,0.13164622599999998,3704.0,4851.0
0.5917508749746768,0.0,0.1860048466666667,0.1536891956666667,3704.0,4851.0
0.561994697953615,0.0,0.15935065625,0.23368316449999998,3704.0,4851.0
0.5948175103872069,0.0659069005,0.141327048,0.3077081145,3704.0,4851.0
0.6305165660590559,0.323661289,0.111875484,0.288323976,3704.0,4851.0
0.655930625934334,0.583032621,0.057236341999999996,0.22264659050000002,3704.0,4851.0
0.6569148490325283,0.8720913013333332,0.048988094333333336,0.140997982,3704.0,4851.0
0.6604927209614231,0.869572207,0.057099196000000005,0.1119472775,3704.0,4851.0
0.660877223990798,0.6763978545,0.06004026,0.157530679,3704.0,4851.0
0.6487523046234087,0.324593099,0.0852234565,0.2300027965,3704.0,4851.0
0.6380605906671205,0.015810816000000002,0.140100465,0.31656080766666667,3704.0,4851.0
0.6066908405383611,0.0,0.2023495535,0.2706691345,3704.0,4851.0
0.5574312944439828,0.0,0.19422225225,0.22130469325,3704.0,4851.0
0.576021307175239,0.0,0.206529881,0.2132756445,3704.0,4851.0
0.6042116532627547,0.124848447,0.210020509,0.271088959,3704.0,4851.0
0.6418465530989395,0.366860523,0.150334387,0.2819918185,3704.0,4851.0
0.6559478805512853,0.6958151285,0.0964650515,0.22742679500000001,3704.0,4851.0
0.6583435892323974,0.8745988415,0.1269136165,0.2538627035,3704.0,4851.0
0.6607587260116383,0.8101475739999999,0.16910573150000002,0.34263870750000003,3704.0,4851.0
0.6595110927410177,0.5565844255,0.178343437,0.4433553175,3704.0,4851.0
0.6538218363080446,0.31359949,0.159012117,0.436831516,3704.0,4851.0
0.6401017960319466,0.09006270450000001,0.167541459,0.3973182205,3704.0,4851.0
0.6387778476898729,0.0,0.177360738,0.409960834,3704.0,4851.0
0.6137320933463308,0.0,0.16510002866666668,0.391510104,3704.0,4851.0
0.5867668770830885,0.0,0.1349993005,0.382758155,3704.0,4851.0
0.6388276598774341,0.0,0.116362619,0.311551328,3704.0,4851.0
0.7492906532078625,0.0362763635,0.0962061985,0.2414627215,3704.0,4851.0
0.7918469124064538,0.175832947,0.069328534,0.242316449,3704.0,4851.0
0.7912634489090915,0.3651209895,0.053294947999999995,0.21877024150000002,3704.0,4851.0
0.7835565921383948,0.537439082,0.06468380233333333,0.23555115133333335,3704.0,4851.0
0.7789753647197367,0.487475456,0.111536813,0.30716124850000004,3704.0,4851.0
0.7790444718741996,0.3497789135,0.1230279265,0.3354680305,3704.0,4851.0
0.7772068326935009,0.23160162,0.11486583,0.361814917,3704.0,4851.0
0.764986125762581,0.0818275235,0.10505336300000001,0.37837883299999997,3704.0,4851.0
0.7283978361567947,0.0,0.1081324145,0.40485264649999997,3704.0,4851.0
0.618518986372885,0.0,0.097273223,0.45308609166666663,3704.0,4851.0
0.5934588753872949,0.0,0.08716487649999999,0.4422492675,3704.0,4851.0
0.6438346490426072,0.0,0.07900078199999999,0.42915786349999996,3704.0,4851.0
0.7566171469422576,0.0452434055,0.070498588,0.3913934845,3704.0,4851.0
0.8039271871027014,0.240432216,0.050567274,0.365026576,3704.0,4851.0
0.7942293807061422,0.466327497,0.054134176,0.3484841675,3704.0,4851.0
0.781331418822191,0.66667765025,0.054859851,0.29628897649999997,3704.0,4851.0
0.774578097895648,0.607644372,0.0992700785,0.3562150725,3704.0,4851.0
0.7723663571827868,0.4263890955,0.1129935195,0.43676086049999996,3704.0,4851.0
0.7555192829105277,0.13747143,0.1245121995,0.562369314,3704.0,4851.0
0.7167109135656622,0.0,0.16728251300000002,0.6055194695,3704.0,4851.0
0.6150151155968512,0.0,0.24761611800000002,0.7047574716666666,3704.0,4851.0
0.589493550703365,0.0,0.25557139900000003,0.680600868,3704.0,4851.0
0.6415176950753392,0.0,0.2291536395,0.610716705,3704.0,4851.0
0.7508093924795047,0.038813771,0.202364661,0.465231439,3704.0,4851.0
0.7936944430854627,0.158844932,0.179566405,0.431273815,3704.0,4851.0
0.7910421107016823,0.2837629005,0.2158318165,0.49618937900000004,3704.0,4851.0
0.7843612459139563,0.4338335995,0.217092909,0.5138286445,3704.0,4851.0
0.7794137681114953,0.48887751400000007,0.350311914,0.6849661373333333,3704.0,4851.0
0.7789808205690343,0.39596762500000005,0.416840769,0.8134654365,3704.0,4851.0
0.7772231557968248,0.262264318,0.404117371,0.83614308,3704.0,4851.0
0.7643157238786684,0.09854763350000001,0.38090117999999995,0.8282678875,3704.0,4851.0
0.7263439374972082,0.0,0.353381979,0.7851314045,3704.0,4851.0
0.6180414163478202,0.0,0.325210582,0.69753258,3704.0,4851.0
0.5928035546391563,0.0,0.32122943049999997,0.6692518775,3704.0,4851.0
0.6441413288717657,0.0,0.2890242365,0.645191474,3704.0,4851.0
0.7597186759819073,0.057842025,0.2435569415,0.5808120675,3704.0,4851.0
0.8127524153448539,0.263166941,0.22179023,0.545558763,3704.0,4851.0
0.8098033389735539,0.4711527095,0.22918245450000002,0.49781169449999996,3704.0,4851.0
0.7971377378539296,0.6125167595000001,0.1592701745,0.390768073,3704.0,4851.0
0.7888604879676604,0.621375875,0.20428837649999998,0.38583651750000003,3704.0,4851.0
0.7860702517288766,0.550783198,0.210393565,0.3779271065,3704.0,4851.0
0.7858760596367287,0.36208957350000004,0.17281364500000002,0.3249333955,3704.0,4851.0
0.7798068688533798,0.115254055,0.133296388,0.2357091765,3704.0,4851.0
0.736675995385027,0.0,0.11546578099999999,0.180037779,3704.0,4851.0
0.6354983387018363,0.0,0.11411914100000001,0.21053189649999998,3704.0,4851.0
0.6150235026532386,0.0,0.154157622,0.29567801650000003,3704.0,4851.0
0.7322972694887684,0.000719445,0.2284165735,0.41754824,3704.0,4851.0
0.8097636400515675,0.207011031,0.23075866,0.6133405705,3704.0,4851.0
0.8066926724746657,0.505160458,0.25170481,0.7390806514999999,3704.0,4851.0
0.7855174828761096,0.7355188305,0.2918343725,0.7380028665,3704.0,4851.0
0.7773020657629399,0.7580198085000001,0.44609134250000004,0.7707223995,3704.0,4851.0
0.7744385084373252,0.577699863,0.527669898,0.740588163,3704.0,4851.0
0.7743042417983134,0.392862705,0.523230314,0.701096612,3704.0,4851.0
0.7656989322708442,0.21450759,0.4790090835,0.6962462975,3704.0,4851.0
0.728554465855359,0.012522582999999999,0.41753739133333334,0.6977546866666667,3704.0,4851.0
0.5926540885817467,0.0,0.33088839833333333,0.6673383783333334,3704.0,4851.0
0.561731099288294,0.0,0.252527443,0.60144497275,3704.0,4851.0
0.5960284166500391,0.040080658,0.1684313825,0.451697813,3704.0,4851.0
0.6461663293990185,0.174646216,0.136297953,0.362280804,3704.0,4851.0
0.679937502761353,0.3242705935,0.1301102055,0.28772753799999995,3704.0,4851.0
0.6778170252257321,0.42278411299999996,0.126662546,0.162818713,3704.0,4851.0
0.6737472413264669,0.412384397,0.1491310375,0.13620195400000001,3704.0,4851.0
0.6714875957460081,0.354954792,0.138301165,0.13257958,3704.0,4851.0
0.6689529186662783,0.22118029849999998,0.1169030195,0.1436598645,3704.0,4851.0
0.6603592970481407,0.0786440385,0.124655724,0.15386953050000002,3704.0,4851.0
0.6666653951031507,0.0,0.18400769150000001,0.19477924800000002,3704.0,4851.0
0.5963257594074854,0.0,0.205133659,0.2416055553333333,3704.0,4851.0
0.5644069072126068,0.0,0.2392754405,0.3362517725,3704.0,4851.0
0.5988872055998142,0.030077738,0.314945323,0.49865011400000003,3704.0,4851.0
0.652014625458867,0.114078843,0.334681891,0.575426757,3704.0,4851.0
0.6894465950361062,0.2405444745,0.320048008,0.615988851,3704.0,4851.0
0.681266308115304,0.363193628,0.3470187805,0.6859130575,3704.0,4851.0
0.6815402086065878,0.3550779705,0.3732367395,0.7592441375000001,3704.0,4851.0
0.6925295831985463,0.2196662885,0.39116051949999997,0.8107036665,3704.0,4851.0
0.7025690221926955,0.11085211949999998,0.4306029195,0.8639961355,3704.0,4851.0
0.6921085527063626,0.0309884455,0.4546375135,0.8548768635,3704.0,4851.0
0.6743820250389136,0.0,0.4960457775,0.8451920065,3704.0,4851.0
0.6128856041372528,0.0,0.55567655125,0.78219407975,3704.0,4851.0
0.6104821774390078,0.0,0.5372476815,0.728352613,3704.0,4851.0
0.6980835084488934,0.000565065,0.5141960489999999,0.7079896084999999,3704.0,4851.0
0.8055740939833083,0.08232642300000001,0.522043101,0.6984784155,3704.0,4851.0
0.8301268423012668,0.246570393,0.5499476745,0.678486478,3704.0,4851.0
0.8310095188726448,0.415291608,0.5137368313333334,0.6454847306666667,3704.0,4851.0
0.8321057121496587,0.4364803645,0.558083943,0.658315978,3704.0,4851.0
0.841151701933464,0.329496475,0.5322639764999999,0.646307547,3704.0,4851.0
0.8436545977545604,0.201273016,0.445030859,0.611901846,3704.0,4851.0
0.8165533554109325,0.0671929375,0.33299664149999997,0.5498118080000001,3704.0,4851.0
0.764034726379337,0.0,0.2356261475,0.49955522799999996,3704.0,4851.0
0.6189735058986859,0.0,0.17035088799999998,0.3920849803333333,3783.6666666666665,4955.0
0.59878971031192,0.0,0.170117358,0.46564968250000005,3943.0,5163.0
0.6489861956375431,0.0,0.158168831,0.4513159365,3943.0,5163.0
0.7514639147946225,0.040156995,0.13281529250000002,0.367657777,3943.0,5163.0
0.8121080949313481,0.165903114,0.10934486,0.285561956,3943.0,5163.0
0.8125771190284073,0.342766177,0.110160085,0.2330269795,3943.0,5163.0
0.8028112404250334,0.47507420799999994,0.101220363,0.24515607000000003,3943.0,5163.0
0.7939140513968439,0.453185105,0.139578684,0.337998808,3943.0,5163.0
0.7926863711056039,0.3162704926666667,0.14298361833333334,0.3565594206666667,3943.0,5163.0
0.7744999419686043,0.1096439835,0.120748377,0.3720099415,3943.0,5163.0
0.7362206330828764,0.0,0.1288074,0.47614942699999996,3943.0,5163.0
0.6311063059091606,0.0,0.183944045,0.6751308745,3943.0,5163.0
0.6151064268548814,0.0,0.19858282700000002,0.7259886824999999,3943.0,5163.0
0.7030614885727906,0.0017751835,0.23902871199999998,0.7598228695,3943.0,5163.0
0.7716126984210245,0.124448172,0.24496303,0.792360437,3943.0,5163.0
0.8044371520386767,0.3543741625,0.212323431,0.792323036,3943.0,5163.0
0.7918664291912403,0.6253904485,0.254867053,0.799355489,3943.0,5163.0
0.780121266699671,0.6495616115,0.272777873,0.770347852,3943.0,5163.0
0.7755094925656274,0.5160986755,0.302284888,0.6973113,3943.0,5163.0
0.7745530513391424,0.28828829266666667,0.32532031299999997,0.719039147,3943.0,5163.0
0.7581692199952457,0.08613787549999999,0.276741012,0.6803039040000001,3943.0,5163.0
0.7129834719597299,0.0,0.269091882,0.5604019140000001,3943.0,5163.0
0.6190855352525642,0.0,0.2800543355,0.5638438944999999,3943.0,5163.0
0.5900593714024776,0.0,0.30456734325,0.5828760595,3943.0,5163.0
0.6742095232127296,0.0014742835,0.3331838415,0.43762054100000003,3943.0,5163.0
0.7788737886813215,0.139276731,0.3180087655,0.34087510200000004,3943.0,5163.0
0.7999267764684925,0.290985258,0.335424946,0.294941646,3943.0,5163.0
0.7874425928670261,0.46142926949999996,0.332971684,0.250538484,3943.0,5163.0
0.7812894798534136,0.5010507215,0.359255455,0.23752712199999998,3943.0,5163.0
0.7771267251031648,0.4245717345,0.409016811,0.282704548,3943.0,5163.0
0.7757076767216384,0.294056509,0.4349465985,0.316353777,3943.0,5163.0
0.7705917039042193,0.192017923,0.417460935,0.320152592,3943.0,5163.0
0.7550996717592093,0.0931566475,0.425750107,0.309882138,3943.0,5163.0
0.7137133114189202,0.0,0.47807666449999997,0.282642063,3943.0,5163.0
0.6082281947446218,0.0,0.48661873533333333,0.26037373700000005,3943.0,5163.0
0.6066526497451379,0.0,0.44178796275,0.20898000149999998,3943.0,5163.0
0.729649771995821,0.07243537700000001,0.4157700165,0.172380735,3943.0,5163.0
0.7923868621900414,0.349771835,0.320377777,0.1317356745,3943.0,5163.0
0.7806485749392553,0.6444937735,0.32887674050000004,0.1230034265,3943.0,5163.0
0.7757255523476747,0.7825114769999999,0.386910325,0.145985518,3943.0,5163.0
0.7715042027984973,0.702984814,0.435367536,0.252159585,3943.0,5163.0
0.7689953188562961,0.49419641999999997,0.44332717499999996,0.37555235750000004,3943.0,5163.0
0.7634826229296041,0.302575581,0.432905645,0.385906679,3943.0,5163.0
0.7468933477113291,0.13329804550000002,0.445687972,0.424718536,3943.0,5163.0
0.7052958288429583,0.0,0.4757184465,0.474858053,3943.0,5163.0
0.5986630507810985,0.0,0.4556943835,0.4366957235,3943.0,5163.0
0.550287959184296,0.0,0.39904470400000003,0.391268551,3943.0,5163.0
0.5705237588824407,0.04998736166666667,0.33390928866666664,0.3886768186666667,3943.0,5163.0
0.6355067885863763,0.38636549649999996,0.192998274,0.3119025835,3943.0,5163.0
0.6529984493827345,0.6697886675,0.153359813,0.2998639595,3943.0,5163.0
0.6522506678331346,0.7903539515,0.18377612650000003,0.376261012,3943.0,5163.0
0.6535593354438344,0.7082723195,0.2230645335,0.450956301,3943.0,5163.0
0.6525640232568559,0.5231749905,0.222896188,0.4676669785,3943.0,5163.0
0.6490988607478693,0.342961224,0.187547371,0.476939642,3943.0,5163.0
0.6353938129715078,0.147338877,0.2108603805,0.5466359465,3943.0,5163.0
0.6296921145395113,0.0,0.247594493,0.6005358915000001,3943.0,5163.0
0.5973825937786541,0.0,0.258622107,0.5824969825,3943.0,5163.0
0.5467101648562268,0.0,0.21238728233333334,0.3975943336666667,3943.0,5163.0
0.5571661099731425,0.0,0.180576159,0.3155120825,3943.0,5163.0
0.5737460481871992,0.0801331755,0.1520702245,0.2598431815,3943.0,5163.0
0.6148531853687539,0.309255317,0.081470206,0.189960102,3943.0,5163.0
0.6496743178952207,0.5812583265,0.0519220625,0.12629680399999998,3943.0,5163.0
0.6558432882553432,0.842000417,0.0517323665,0.10797227000000001,3943.0,5163.0
0.6620505603682515,0.8990706245,0.07617458099999999,0.15011749400000002,3943.0,5163.0
0.6654289174700544,0.7289627515,0.095335239,0.19524576100000002,3943.0,5163.0
0.6607991789726967,0.4481839985,0.10247867050000001,0.221473431,3943.0,5163.0
0.6387943482171322,0.16006733299999998,0.132281807,0.2468330775,3943.0,5163.0
0.6296029582778349,0.0,0.171002116,0.27532553,3943.0,5163.0
0.6161429792741763,0.0,0.1880937975,0.289026345,3943.0,5163.0
0.5758993198249308,0.0,0.15383596533333332,0.17537423333333335,3943.0,5163.0
0.6216677401803559,0.0,0.10624738,0.084530021,3943.0,5163.0
0.7190472290654455,0.089556413,0.080923,0.049667591,3943.0,5163.0
0.7739059217723787,0.435535202,0.0330986965,0.0265531365,3943.0,5163.0
0.7800713214315028,0.747832981,0.02987544,0.0250652245,3943.0,5163.0
0.785092504714012,0.885368017,0.060307625000000004,0.057864427999999996,3943.0,5163.0
0.7811627537569786,0.8176913795,0.098198899,0.12041113049999999,3943.0,5163.0
0.777430344280847,0.597311868,0.110251053,0.1752145605,3943.0,5163.0
0.7709949919015936,0.375515991,0.104313628,0.224377786,3943.0,5163.0
0.7484151253615423,0.162697941,0.134784165,0.24086775900000001,3943.0,5163.0
0.7023628095150094,0.0,0.17574534349999998,0.21422246350000002,3943.0,5163.0
0.6027627086696538,0.0,0.14389968533333333,0.17957695333333334,3943.0,5163.0
0.5758625558306214,0.0,0.11813871249999999,0.1314274375,3943.0,5163.0
0.6202660795470079,0.0,0.1121201005,0.1563433065,3943.0,5163.0
0.7190675442832526,0.0815053685,0.103118825,0.1975850275,3943.0,5163.0
0.7738653800234223,0.3505905195,0.07420107649999999,0.254787246,3943.0,5163.0
0.7794799182003634,0.5990564185,0.09235244449999999,0.32180742549999997,3943.0,5163.0
0.7850932144097548,0.7227212165,0.127996842,0.4306194795,3943.0,5163.0
0.7803527181220347,0.6541758785,0.1828093985,0.5430624454999999,3943.0,5163.0
0.7771076518529074,0.4706827085,0.2420387185,0.6540097855,3943.0,5163.0
0.7699451657168277,0.288259084,0.266821077,0.705406533,3943.0,5163.0
0.7472252662851648,0.124096873,0.2814660065,0.6996344655,3943.0,5163.0
0.7027228056671139,0.0,0.3036349145,0.645899583,3943.0,5163.0
0.6030784667154983,0.0,0.27461675533333335,0.47582101033333335,3943.0,5163.0
0.5765301853959359,0.0,0.2563884535,0.4108546785,3943.0,5163.0
0.6204677234950748,0.0,0.23878059499999998,0.349043755,3943.0,5163.0
0.7200003583953377,0.0601976905,0.205875564,0.274389189,3943.0,5163.0
0.7761892536254228,0.2524024085,0.1601978495,0.1848079105,3943.0,5163.0
0.7766918554427569,0.48891645100000003,0.128196114,0.1569045535,3943.0,5163.0
0.7752834082552835,0.615371468,0.13258401549999999,0.1930204915,3943.0,5163.0
0.772202904027943,0.5682146665,0.162043631,0.2867279245,3943.0,5163.0
0.7697816239259464,0.37448336849999997,0.1977727475,0.378708165,3943.0,5163.0
0.7628100031705652,0.209367004,0.210459931,0.452272053,3943.0,5163.0
0.7459365368727365,0.08742138299999999,0.22999578450000002,0.456904398,3943.0,5163.0
0.7038776676317308,0.0,0.256216976,0.423585318,3943.0,5163.0
0.6040153911403235,0.0,0.2740048643333333,0.552736796,3943.0,5163.0
0.5773848435809774,0.0,0.281298762,0.711268719,3943.0,5163.0
0.6215202996749135,0.0,0.27473395899999997,0.727910058,3943.0,5163.0
0.6942262136812973,0.004716124,0.27077247,0.724701718,3943.0,5163.0
0.768528202129821,0.0984920835,0.283381083,0.7176668125,3943.0,5163.0
0.7881999331881089,0.2741872745,0.3159323535,0.6757143125,3943.0,5163.0
0.7832025693094119,0.4221233979999999,0.25330944299999997,0.48560673033333335,3943.0,5163.0
0.7775916683484625,0.4459664775,0.2653451885,0.406888736,3943.0,5163.0
0.7750983535211338,0.351299422,0.2306764745,0.351857682,3943.0,5163.0
0.7694102281467682,0.255783408,0.190458893,0.281976669,3943.0,5163.0
0.7543092416463295,0.1345828735,0.1511692285,0.2109552235,3943.0,5163.0
0.7143550812810926,0.0,0.1337779535,0.13970279200000002,3943.0,5163.0
0.6212644078902728,0.0,0.137619869,0.12493639649999999,3943.0,5163.0
0.5844381686914957,0.0,0.15939541499999998,0.212269198,3943.0,5163.0
0.605655873823345,0.0,0.1909862485,0.403458899,3943.0,5163.0
0.6863041915712929,0.0066231135,0.2261897695,0.5394118495,3943.0,5163.0
0.7561352595339306,0.179226388,0.225503282,0.573585148,3943.0,5163.0
0.7879561063323355,0.4424308165,0.151958595,0.5474779,3943.0,5163.0
0.7782477431356726,0.7493975965,0.1420832255,0.48836378449999995,3943.0,5163.0
0.7750183346680755,0.8524797685000001,0.13802078899999998,0.366611116,3943.0,5163.0
0.7716872170814563,0.7440421585,0.1225120755,0.3390114605,3943.0,5163.0
0.7699439237998982,0.5150918725,0.1094133635,0.27407233249999996,3943.0,5163.0
0.7633263110755169,0.307872708,0.08662315,0.265370589,3943.0,5163.0
0.7457596437408689,0.1194355345,0.0773708645,0.2614722935,3943.0,5163.0
0.7039414298964586,0.0,0.0873083765,0.27973153,3943.0,5163.0
0.582513043936343,0.0,0.102086868,0.3240864193333333,3943.0,5163.0
0.5433858781333151,0.0,0.083477827,0.166094003,3943.0,5163.0
0.5558176104104695,0.0,0.070106044,0.1019264325,3943.0,5163.0
0.573027364365533,0.0500553125,0.082079931,0.13524389,3943.0,5163.0
0.6178825023097562,0.193030296,0.070730519,0.128782762,3943.0,5163.0
0.6500829064390012,0.3348937075,0.0861259765,0.1170477045,3943.0,5163.0
0.6529821262287905,0.44390921,0.1472811645,0.1425013405,3943.0,5163.0
0.6514911096875456,0.41051864650000003,0.228570812,0.17447617399999998,3943.0,5163.0
0.6517928881108779,0.286256471,0.2782607385,0.28391134549999997,3943.0,5163.0
0.6498501242611895,0.16161502649999998,0.29731328999999995,0.39918383199999996,3943.0,5163.0
0.6388593302777454,0.049578831000000004,0.2844922555,0.382645187,3943.0,5163.0
0.6363762174026492,0.0,0.2777761875,0.3141733165,3943.0,5163.0
0.5852409299450764,0.0,0.24403587266666663,0.3559206993333333,3943.0,5163.0
0.5525634732224072,0.0,0.252846842,0.43408072774999995,3943.0,5163.0
0.5784376859220297,0.0276764295,0.232873946,0.3968960235,3943.0,5163.0
0.6535466495058821,0.1359653645,0.228618774,0.30957431999999996,3943.0,5163.0
0.6797805256560923,0.267333951,0.237000275,0.24926727450000002,3943.0,5163.0
0.6770022286561237,0.361517968,0.285168092,0.2775042093333333,3943.0,5163.0
0.679193935093501,0.323141905,0.33996038500000003,0.37391210350000004,3943.0,5163.0
0.6805294826076284,0.2236032485,0.35043956099999996,0.44030297350000003,3943.0,5163.0
0.6647150907108856,0.094087125,0.3318015395,0.45907248450000004,3943.0,5163.0
0.6522309292810837,0.000718953,0.340783934,0.4684386405,3943.0,5163.0
0.6203802083921484,0.0,0.36065038299999996,0.4838649625,3943.0,5163.0
0.581773239107041,0.0,0.43108802500000004,0.5319722333333333,3943.0,5163.0
0.6234427483067948,0.0,0.445344194,0.6097508275000001,3943.0,5163.0
0.7249456923125874,0.025933321,0.45241123699999997,0.6236363515000001,3943.0,5163.0
0.8003750418132154,0.11897203149999999,0.43898430850000003,0.6381690095,3943.0,5163.0
0.8041655581091771,0.22356706250000002,0.434933577,0.6319493385,3943.0,5163.0
0.7998041755165275,0.27610355,0.47312587500000003,0.69327435,3943.0,5163.0
0.7956174239385307,0.23240209750000002,0.5034843474999999,0.791273279,3943.0,5163.0
0.795733637628811,0.1846070585,0.46803849750000004,0.8115063525,3943.0,5163.0
0.7912136810648591,0.124351264,0.412789555,0.810546629,3943.0,5163.0
0.7688128811884731,0.057606642,0.3860912505,0.7994798240000001,3943.0,5163.0
0.7129112820327468,0.000692945,0.39472416600000004,0.755910008,3943.0,5163.0
0.6054372931196773,0.0,0.3787278733333334,0.749273681,3943.0,5163.0
0.5790928957612258,0.0,0.396290584,0.7273725099999999,3943.0,5163.0
0.6234379134665821,0.0,0.3989828685,0.6872154115,3943.0,5163.0
0.7242609189380236,0.0494423265,0.378834365,0.6136993635,3943.0,5163.0
0.7927516931823587,0.18213908299999998,0.336990038,0.5663335085000001,3943.0,5163.0
0.7851526075404635,0.358503468,0.29341220999999995,0.5346490175,3943.0,5163.0
0.7767025453234675,0.4825782995,0.31126860300000003,0.530914287,3943.0,5163.0
0.7715986818288647,0.464770923,0.352892026,0.532333501,3943.0,5163.0
0.7689889315439913,0.3626288035,0.3427194655,0.5227250160000001,3943.0,5163.0
0.7634560090355296,0.245529225,0.310546487,0.513595189,3943.0,5163.0
0.7467095793386782,0.1193216325,0.2995247565,0.51380693,3943.0,5163.0
0.7051917245261147,0.0009291505,0.3103925635,0.522750549,3943.0,5163.0
0.604831163583762,0.0,0.27626971300000003,0.46017531366666664,3943.0,5163.0
0.5788274452051021,0.0,0.2470994215,0.444075792,3943.0,5163.0
0.6235363402174837,0.0,0.23582687749999998,0.468776791,3943.0,5163.0
0.6964720643862405,0.014576517,0.224861934,0.483032443,3943.0,5163.0
0.766204639032363,0.152801372,0.190497951,0.49989244450000003,3943.0,5163.0
0.7817192042196863,0.3424738165,0.183886669,0.532775744,3943.0,5163.0
0.7769626952825648,0.5116353634999999,0.16041822,0.530452047,3943.0,5163.0
0.7730948214925801,0.6114277205,0.21103417400000002,0.6051187515,3943.0,5163.0
0.7700222127569283,0.4986725405,0.27027123399999997,0.676042637,3943.0,5163.0
0.7681399066828034,0.32341247549999996,0.3094870875,0.7168678475,3943.0,5163.0
0.751053795950414,0.11862229199999999,0.32991835599999997,0.7432943615000001,3943.0,5163.0
0.7108913825575405,0.0008290995,0.362805406,0.7655031405,3943.0,5163.0
0.6179560229921873,0.0,0.2948897105,0.7500424405,3943.0,5163.0
0.5868928713121164,0.0,0.29286594675,0.7334436080000001,3943.0,5163.0
0.6671202473051587,0.0079176195,0.291028581,0.7135513975,3943.0,5163.0
0.7729423243796607,0.1338163605,0.277997427,0.691024994,3943.0,5163.0
0.7940082642659976,0.34327463199999997,0.26061716149999997,0.6274306345,3943.0,5163.0
0.7796199364121058,0.5551382073333334,0.17043077033333334,0.4964272636666667,3943.0,5163.0
0.77214080514425,0.634103981,0.23116419649999997,0.4776829755,3943.0,5163.0
0.7699612227601783,0.5164409475,0.253787127,0.497377595,3943.0,5163.0
0.7647192779866363,0.358469523,0.248637578,0.537692636,3943.0,5163.0
0.7496845154637404,0.17541013300000002,0.247351311,0.5554119195,3943.0,5163.0
0.7112337913658666,0.0013760135,0.29690582099999996,0.615565758,3943.0,5163.0
0.6078119842777944,0.0,0.27258708666666664,0.5398870339999999,3943.0,5163.0
0.5830241104024533,0.0,0.2278090785,0.4507474865,3943.0,5163.0
0.6511420769510466,0.009695130333333333,0.20955074500000004,0.4180945803333333,3943.0,5163.0
0.7743859905473996,0.24704192600000002,0.12987406699999998,0.3423317255,3943.0,5163.0
0.7937536144489068,0.563946795,0.09425252349999999,0.261645198,3943.0,5163.0
0.7768407375366593,0.8152304539999999,0.097817309,0.190585825,3943.0,5163.0
0.7699381574460579,0.7157119935,0.1135274475,0.24078375899999999,3943.0,5163.0
0.7663177033845094,0.46931242549999996,0.1554091565,0.3494193185,3943.0,5163.0
0.7486439154248707,0.182579395,0.21601875450000002,0.424079635,3943.0,5163.0
0.7097735359842104,0.0012855905,0.28465445450000004,0.447057452,3943.0,5163.0
0.5858942989624288,0.0,0.27017053799999996,0.3332841943333333,3943.0,5163.0
0.5488102162819715,0.0,0.224497792,0.2518974,3943.0,5163.0
0.5632124128663067,0.0,0.20061991899999998,0.253826615,3943.0,5163.0
0.5800366436423303,0.1058748855,0.158586524,0.2528052325,3943.0,5163.0
0.6441186184055168,0.42708249500000006,0.0790670915,0.2047571915,3943.0,5163.0
0.6591178737165093,0.7135460825,0.0732977435,0.152104903,3943.0,5163.0
0.6530893133687746,0.8546060520000001,0.086884705,0.135680815,3943.0,5163.0
0.6525882196295837,0.7986376645,0.107738946,0.17571570250000002,3943.0,5163.0
0.6516681801927287,0.6257910929999999,0.1339592205,0.2562318535,3943.0,5163.0
0.6483089629067966,0.408436466,0.147629163,0.306882899,3943.0,5163.0
0.6392108765453102,0.19636932399999998,0.1754151915,0.351135372,3943.0,5163.0
0.6405431860852662,0.001890801,0.2456445045,0.3960348015,3943.0,5163.0
0.5853446942457786,0.0,0.24794243633333332,0.337184297,3943.0,5163.0
0.5485691173002267,0.0,0.1943343555,0.254552906,3943.0,5163.0
0.5592952591605678,0.0,0.17519624350000002,0.2284690745,3943.0,5163.0
0.5786555642867626,0.116566159,0.1402223785,0.2054650705,3943.0,5163.0
0.641763739806239,0.44243532499999993,0.059901896999999996,0.163670286,3943.0,5163.0
0.6548786485412956,0.7390023395,0.057778859,0.16851264049999998,3943.0,5163.0
0.6523994611644488,0.8506873745000001,0.0691875695,0.174375071,3943.0,5163.0
0.6526860254220206,0.7804037855,0.08394102649999999,0.237150494,3943.0,5163.0
0.650863045963611,0.5886974495,0.109257684,0.3575193055,3943.0,5163.0
0.6474781241255674,0.387267123,0.124327922,0.447349978,3943.0,5163.0
0.6357217172591958,0.18034543349999999,0.1448330105,0.5048594485,3943.0,5163.0
0.6309249993505651,0.002112061,0.19768436849999999,0.5814609995,3943.0,5163.0
0.6036980658244037,0.0,0.1859306076666667,0.4799343413333334,3943.0,5163.0
0.5773848435809774,0.0,0.150783433,0.37832856849999996,3943.0,5163.0
0.6216549655557457,0.0,0.13799773399999998,0.314432952,3943.0,5163.0
0.7198539823828893,0.105181474,0.12170829899999999,0.23522516,3943.0,5163.0
0.7749740670164695,0.421957272,0.0461494075,0.13458638150000002,3943.0,5163.0
0.7764456776818704,0.7049881435,0.0422030765,0.16033517,3943.0,5163.0
0.7761364252309548,0.7981195165,0.054363351500000004,0.24323775400000003,3943.0,5163.0
0.7741988510693505,0.6908503185,0.048760043,0.2774107065,3943.0,5163.0
0.7711313432845048,0.5099042415,0.044824567499999995,0.2938625145,3943.0,5163.0
0.7641555974352738,0.308108233,0.04331243,0.276977775,3943.0,5163.0
0.7458509290897736,0.1430023345,0.0499825865,0.255544448,3943.0,5163.0
0.7030168882955979,0.0020605955,0.0619844725,0.2844385755,3943.0,5163.0
0.603009122962041,0.0,0.06649239466666666,0.228340281,3943.0,5163.0
0.5767913999492673,0.0,0.053577822,0.20365313699999998,3943.0,5163.0
0.6219107243103998,0.0,0.0544680305,0.200521042,3943.0,5163.0
0.7195161644758469,0.09604535650000001,0.0462749835,0.22358124299999999,3943.0,5163.0
0.7723030606748728,0.299260793,0.02172877,0.194589127,3943.0,5163.0
0.7766153851190326,0.5137227074999999,0.021750363,0.16251097850000001,3943.0,5163.0
0.7779088754323787,0.7268164133333334,0.02866624333333333,0.17287458599999997,3943.0,5163.0
0.7743651874011144,0.6514038965,0.057404787,0.2847103765,3943.0,5163.0
0.7689997545053087,0.47347542249999996,0.0839531835,0.353772223,3943.0,5163.0
0.7632625266391244,0.276873239,0.089934212,0.389250269,3943.0,5163.0
0.7463934959903081,0.135959345,0.090760005,0.399743784,3943.0,5163.0
0.7038857848400638,0.002268736,0.096826771,0.45815515500000004,3943.0,5163.0
0.6158652419713007,0.0,0.09201027,0.42832212849999995,3943.0,5163.0
0.583124743866719,0.0,0.10064079525,0.47384802475,3943.0,5163.0
0.6612522347130629,0.0138051345,0.101314792,0.4829393145,3943.0,5163.0
0.7464922775384609,0.126445669,0.073995795,0.43902509,3943.0,5163.0
0.7781521995616911,0.3326648725,0.045019773,0.400816662,3943.0,5163.0
0.7776634813065301,0.590649793,0.0395037875,0.3567434345,3943.0,5163.0
0.7750518680450216,0.702603517,0.0463952475,0.350863843,3943.0,5163.0
0.7713906948612015,0.6350030595,0.0473468575,0.36977199650000003,3943.0,5163.0
0.7687665287929678,0.48237376600000004,0.0539993915,0.3858485035,3943.0,5163.0
0.7627903976485009,0.311720742,0.063048106,0.391855882,3943.0,5163.0
0.745970513834832,0.135516024,0.07037228100000001,0.40855393399999995,3943.0,5163.0
0.7034785048294465,0.0023949645,0.088808996,0.3999698945,3943.0,5163.0
0.6157565024098444,0.0,0.08972852,0.31003519199999996,3943.0,5163.0
0.5820257930944004,0.0,0.0820950955,0.238589303,3943.0,5163.0
0.6599726649315374,0.0142938625,0.0623245775,0.142843407,3943.0,5163.0
0.7583577788141602,0.20179715650000002,0.0353704475,0.086271431,3943.0,5163.0
0.77686191762655,0.413625125,0.015741514,0.051859205,3943.0,5163.0
0.7765949811639477,0.595192631,0.022577306,0.049053732,3943.0,5163.0
0.7771296969667425,0.6954041479999999,0.034740085500000004,0.0725436985,3943.0,5163.0
0.7760163525574182,0.648938652,0.0431353805,0.129884886,3943.0,5163.0
0.7735292919617877,0.5073056754999999,0.040945666000000006,0.24199527049999997,3943.0,5163.0
0.7655524676729786,0.334673634,0.038646089,0.239827737,3943.0,5163.0
0.7457010933358894,0.160151091,0.0448842635,0.221998333,3943.0,5163.0
0.7026906251666598,0.002454126,0.0659538915,0.201425942,3943.0,5163.0
0.60274075230997,0.0,0.07912889099999999,0.16539833333333334,3943.0,5163.0
0.5748257926539637,0.0,0.080019249,0.1327819795,3943.0,5163.0
0.6173954252133453,0.0,0.086176531,0.08725290899999999,3943.0,5163.0
0.715550795397968,0.0765063145,0.0819411585,0.0894838895,3943.0,5163.0
0.7739019740012243,0.331208495,0.042691416999999995,0.086589807,3943.0,5163.0
0.7778537256781437,0.5783451325,0.0480223365,0.0867600815,3943.0,5163.0
0.7828275363648622,0.665765977,0.0679811815,0.070503272,3943.0,5163.0
0.7791567674061649,0.5440327403333334,0.08068664266666667,0.11334364566666667,3943.0,5163.0
0.771204442553451,0.29929767500000004,0.094447478,0.180383097,3943.0,5163.0
0.7469856089171902,0.1119547695,0.1445903815,0.2579568675,3943.0,5163.0
0.7024237108251017,0.001608069,0.23131114749999998,0.34080333549999997,3943.0,5163.0
0.5825233198109969,0.0,0.253706939,0.32977213899999996,3943.0,5163.0
0.5419103419696646,0.0,0.2625190905,0.379814647,3943.0,5163.0
0.5519055798778214,0.0,0.2648737325,0.4434799535,3943.0,5163.0
0.5698901062454751,0.08714806150000001,0.287472008,0.43778948949999996,3943.0,5163.0
0.6319428223069521,0.283389997,0.2536130775,0.4095851025,3943.0,5163.0
0.6562648510193339,0.521552265,0.2659605395,0.4570562025,3943.0,5163.0
0.664533872838948,0.6634197035,0.3332882745,0.5214010325,3943.0,5163.0
0.6702465493832925,0.6077486295000001,0.3536781195,0.4928035015,3943.0,5163.0
0.6661809350224464,0.4484454315,0.27448859449999996,0.41929152999999997,3943.0,5163.0
0.660481676232841,0.283807034,0.23787579,0.370642574,3943.0,5163.0
0.642858387984842,0.11938352099999999,0.250143852,0.3751992325,3943.0,5163.0
0.6329237186599503,0.0020444315,0.27107883600000005,0.400963902,3943.0,5163.0
0.5905520706272327,0.0,0.23475178066666666,0.3231784576666667,3943.0,5163.0
0.5481529327847082,0.0,0.18364945425,0.30357105900000003,3943.0,5163.0
0.5705030000963578,0.0605967535,0.15769290149999998,0.2647239065,3943.0,5163.0
0.6324927302050836,0.279442815,0.1052820755,0.2183441545,3943.0,5163.0
0.6571887937827738,0.48620120850000004,0.094327082,0.144791388,3943.0,5163.0
0.6621365894634588,0.5886107965,0.112258281,0.1254558575,3943.0,5163.0
0.6661892740486641,0.515783442,0.1142237905,0.1103582005,3943.0,5163.0
0.659467690088046,0.36511084250000003,0.10058771550000001,0.12485006950000001,3943.0,5163.0
0.6533515259001067,0.220925872,0.076053123,0.129654909,3943.0,5163.0
0.6380646419397891,0.095040855,0.0856290385,0.1247114335,3943.0,5163.0
0.6301742015434384,0.0030269635,0.1132116055,0.1468460015,3943.0,5163.0
0.6058450610756461,0.0,0.130760057,0.20048820033333334,3943.0,5163.0
0.5752657189218486,0.0,0.103553723,0.177661897,3943.0,5163.0
0.6117912886348569,0.0,0.104155095,0.151552305,3943.0,5163.0
0.6839196163560407,0.02753163,0.110789389,0.143238847,3943.0,5163.0
0.7570081259199748,0.1522953765,0.08825248050000001,0.153340239,3943.0,5163.0
0.7770974055573461,0.3439687475,0.08346412850000001,0.18951421750000003,3943.0,5163.0
0.7824327204743126,0.45300317349999997,0.09303091699999999,0.1718410455,3943.0,5163.0
0.7833272550052763,0.473701919,0.108042544,0.273705742,3943.0,5163.0
0.7776564285911909,0.3773010685,0.1285894055,0.40752118849999996,3943.0,5163.0
0.7718518678605211,0.21462006900000002,0.119152111,0.4557075405,3943.0,5163.0
0.7475891214205257,0.069082825,0.131295885,0.504588095,3943.0,5163.0
0.7027974574081524,0.001587014,0.157733051,0.5043810065000001,3943.0,5163.0
0.6040997273597705,0.0,0.16319349966666666,0.3245201283333333,3943.0,5163.0
0.5745913471457376,0.0,0.145079327,0.4015634685,3943.0,5163.0
0.6126819197886153,0.0,0.13742994549999998,0.387104588,3943.0,5163.0
0.6848770038097692,0.021006348,0.127970977,0.343167486,3943.0,5163.0
0.7572211473740712,0.10959710750000001,0.11488063849999999,0.327340222,3943.0,5163.0
0.7765052482871351,0.26909555500000004,0.099074734,0.33885707099999995,3943.0,5163.0
0.7768824990055707,0.391162512,0.083777715,0.263147131,3943.0,5163.0
0.7758642250566062,0.46380061133333333,0.10697362566666667,0.3038550226666667,3943.0,5163.0
0.7737166088131522,0.45310576599999997,0.1049167895,0.3845557095,3943.0,5163.0
0.7683709145200177,0.3049321095,0.08589988400000001,0.353831798,3943.0,5163.0
0.7461608025497745,0.1109292805,0.062925356,0.2961917825,3943.0,5163.0
0.7023998914719097,0.002215372,0.06574287849999999,0.24132177999999999,3943.0,5163.0
0.60309764351789,0.0,0.11369914399999999,0.20358059166666664,3943.0,5163.0
0.5745066043107887,0.0,0.1014039045,0.1381578325,3943.0,5163.0
0.6126217947398792,0.0,0.08523982299999999,0.10895928,3943.0,5163.0
0.6848858307644652,0.045619032,0.082799568,0.104141044,3943.0,5163.0
0.7574895476221082,0.1597513655,0.068527661,0.11983361249999999,3943.0,5163.0
0.7768835192058561,0.364847699,0.0643878905,0.147321904,3943.0,5163.0
0.7784650153230505,0.5524046613333334,0.06379808733333332,0.125998741,3943.0,5163.0
0.7767019243143826,0.5315923709999999,0.091449317,0.1697327275,3943.0,5163.0
0.7735256547457958,0.383331302,0.08135986,0.1946290185,3943.0,5163.0
0.7667097247847969,0.225735822,0.065948167,0.150051334,3943.0,5163.0
0.7470603493448866,0.10134433200000001,0.052297016,0.1335382245,3943.0,5163.0
0.7023931493117332,0.003442512,0.053661948,0.133863456,3943.0,5163.0
0.6166556056704273,0.0,0.1054860275,0.1939474275,3943.0,5163.0
0.5747823677787074,0.0,0.0898249405,0.2374783495,3943.0,5163.0
0.5873838296140682,0.0,0.0799898545,0.2084645115,3943.0,5163.0
0.656313354724352,0.014687574,0.068842978,0.170224454,3943.0,5163.0
0.7571405518552567,0.132742501,0.0612107255,0.145039405,3943.0,5163.0
0.7766553058082839,0.3152056305,0.055514521,0.1658968775,3943.0,5163.0
0.7791867449138425,0.51254232,0.076184437,0.18162461824999998,3943.0,5163.0
0.7750849578874388,0.467798705,0.09650206,0.2470759795,3943.0,5163.0
0.7698827563792123,0.2843899505,0.09496275700000001,0.19639156749999997,3943.0,5163.0
0.7461853759926582,0.11042456650000002,0.09355051,0.1493963425,3943.0,5163.0
0.7023873386145643,0.0024765185,0.0884591635,0.126183598,3943.0,5163.0
0.6143596987377533,0.0,0.1131589815,0.141318508,3943.0,5163.0
0.5724564094328076,0.0,0.109531392,0.1523846525,2205.0,2887.0
0.5853816948053356,0.0,0.09311225100000001,0.16366552550000002,2205.0,2887.0
0.65290920438378,0.0123420175,0.0813541565,0.1599592225,2205.0,2887.0
0.7396266241271786,0.082774442,0.084650654,0.186774905,2205.0,2887.0
0.7726784928106227,0.2460436115,0.06728479,0.205335352,2205.0,2887.0
0.7772683992547668,0.4272394145,0.0510057155,0.2161217645,2205.0,2887.0
0.7769878453405845,0.5323061975,0.058016749500000006,0.195744186,2205.0,2887.0
0.7733133208663981,0.5143486884999999,0.0790136495,0.23273914099999998,2205.0,2887.0
0.7693439597752764,0.3947926255,0.09117831700000001,0.334986061,2205.0,2887.0
0.7493296646395177,0.181841242,0.08919867,0.34076060133333336,2205.0,2887.0
0.6992252630620732,0.0050859955,0.103241348,0.26455181949999995,2205.0,2887.0
0.5800686097660747,0.0,0.07998764066666667,0.27633969433333333,2205.0,2887.0
0.5451826651870653,0.0,0.06358636875,0.276475719,2205.0,2887.0
0.5676032702064259,0.0909773655,0.052078798499999995,0.24606480749999998,2205.0,2887.0
0.6295490652891325,0.335332105,0.0267295865,0.17048823400000002,2205.0,2887.0
0.653230898833719,0.5605795325,0.0267216505,0.1093117005,2205.0,2887.0
0.6538508010059918,0.613128795,0.030636662000000002,0.106893562,2205.0,2887.0
0.6545322919618151,0.5803667594999999,0.0256033535,0.1226775725,2205.0,2887.0
0.6520754824256305,0.408718992,0.03487364933333333,0.14945493033333335,2205.0,2887.0
0.6348637767060339,0.142173836,0.059510683999999994,0.13766489999999998,2205.0,2887.0
0.6275218913819427,0.004807445,0.113358544,0.1530039215,2205.0,2887.0
0.5798360198608019,0.0,0.13635021633333336,0.15272369033333333,2205.0,2887.0
0.5393559040649789,0.0,0.163424936,0.1520353455,2205.0,2887.0
0.55097447354072,0.0,0.1669574825,0.186294775,2205.0,2887.0
0.5674965044799266,0.08736020150000001,0.1531365375,0.17390947,2205.0,2887.0
0.6305243949345108,0.34709305700000004,0.0895756385,0.148660084,2205.0,2887.0
0.654943741460231,0.596476843,0.0939670995,0.1583466415,2205.0,2887.0
0.6603838852890075,0.6566298713333333,0.11331308600000001,0.19759941266666667,2205.0,2887.0
0.6595925531572258,0.4962536325,0.1083871085,0.285463456,2205.0,2887.0
0.6540412006298766,0.2688722255,0.0941155725,0.312996674,2205.0,2887.0
0.6349115263213603,0.085458589,0.10127773300000001,0.322616128,2205.0,2887.0
0.6275373717595372,0.002598933,0.1344660305,0.3796778105,2205.0,2887.0
0.5941538839462777,0.0,0.136768174,0.3811865125,2205.0,2887.0
0.5848174820327865,0.0,0.1139421625,0.36037563,2205.0,2887.0
0.6522482504130284,0.0137749955,0.10091472,0.3959226575,2205.0,2887.0
0.7540949117096902,0.11246799099999999,0.077646823,0.407426717,2205.0,2887.0
0.7774705311819321,0.2971189065,0.056962202,0.4033480985,2205.0,2887.0
0.7816637588095119,0.464502921,0.0554264025,0.427691376,2205.0,2887.0
0.7820790672911841,0.5178281010000001,0.071487357,0.49642576549999995,2205.0,2887.0
0.776783539982862,0.424491424,0.0966099935,0.5902907145,2205.0,2887.0
0.7697139361123488,0.264288099,0.1079567085,0.6030221585,2205.0,2887.0
0.7439184116368871,0.0987664325,0.1042766275,0.5551855065,2205.0,2887.0
0.6993700865518089,0.0029864545,0.12495527149999999,0.5400749075,2205.0,2887.0
0.5939888894051737,0.0,0.11390623175,0.48131468275,2205.0,2887.0
0.5847580888514576,0.0,0.1001341215,0.473282415,2205.0,2887.0
0.652191962175884,0.011887968,0.09724414149999999,0.48591044,2205.0,2887.0
0.7540691850365345,0.092816729,0.0891017075,0.4758589355,2205.0,2887.0
0.7770032813748501,0.250312806,0.0777363365,0.461632056,2205.0,2887.0
0.77775702882327,0.383626307,0.0720328625,0.4021955235,2205.0,2887.0
0.7756452229900739,0.457331015,0.1056608745,0.4593079485,2205.0,2887.0
0.77403814801082,0.3879784245,0.149249932,0.5506192505,2205.0,2887.0
0.7683383126060788,0.247278055,0.19065106999999998,0.5976670245,2205.0,2887.0
0.7434017044901151,0.0794770685,0.1806530415,0.5658749329999999,2205.0,2887.0
0.6993232019351168,0.0024872865,0.185618052,0.5286645555,2205.0,2887.0
0.6142841820487007,0.0,0.19602672399999999,0.508591824,2205.0,2887.0
0.579100591556074,0.0,0.17663500675,0.46325363225000005,2205.0,2887.0
0.6535330986199158,0.0159670835,0.14126372,0.4666917895,2205.0,2887.0
0.7542138754456635,0.1092525865,0.120717856,0.515173901,2205.0,2887.0
0.7770911069316989,0.24978410499999998,0.117102499,0.5286650765,2205.0,2887.0
0.7797107782433549,0.4024594756666666,0.082764579,0.35382158799999996,2205.0,2887.0
0.7792373776554686,0.450541945,0.093246467,0.37289698800000004,2205.0,2887.0
0.7764510447938902,0.340860218,0.094488791,0.341788916,2205.0,2887.0
0.7676966536022288,0.213131395,0.083595383,0.318869368,2205.0,2887.0
0.7446831594705601,0.097138271,0.0689641925,0.2902868125,2205.0,2887.0
0.69924249550736,0.0030787125,0.0587508635,0.2585604815,2205.0,2887.0
0.6152829096844064,0.0,0.070948343,0.152561888,2205.0,2887.0
0.5733984643706581,0.0,0.057505112000000004,0.14336293166666667,2205.0,2887.0
0.6331451825405382,0.011963127333333332,0.048313248333333336,0.10053212366666665,2205.0,2887.0
0.7541659705780659,0.126411667,0.0365678615,0.0771104955,2205.0,2887.0
0.7777741503596145,0.303498269,0.033998327499999995,0.0704274535,2205.0,2887.0
0.7820011627442445,0.4805989686666667,0.03908305166666667,0.086959183,2205.0,2887.0
0.7802308712597614,0.49453048,0.042278530499999994,0.0869280165,2205.0,2887.0
0.7756579975640636,0.3868938205,0.0332225415,0.07893578949999999,2205.0,2887.0
0.767277574823958,0.264818249,0.026123372,0.077791755,2205.0,2887.0
0.7447395585154064,0.133421147,0.025060546000000003,0.09165651699999999,2205.0,2887.0
0.6994272619086317,0.007178596,0.033896873,0.09997871550000001,2205.0,2887.0
0.6146532712660948,0.0,0.044280862000000004,0.1369075895,2205.0,2887.0
0.578625856610266,0.0,0.0533934545,0.12597185724999999,2205.0,2887.0
0.6522804752568112,0.0223852465,0.058940408,0.1148789215,2205.0,2887.0
0.7540720238195056,0.200305299,0.032250523,0.11497067550000001,2205.0,2887.0
0.7779382984797115,0.511696043,0.02732193066666667,0.11676378866666666,2205.0,2887.0
0.7814708086342936,0.649177157,0.0404938885,0.1579208085,2205.0,2887.0
0.7796779249830589,0.5841450685,0.055472364499999996,0.214652614,2205.0,2887.0
0.7754844311942655,0.418179958,0.06926737250000001,0.319382658,2205.0,2887.0
0.7512733303393738,0.16487013933333333,0.085278581,0.3999976646666667,2205.0,2887.0
0.6992340012794911,0.0042102195,0.12261125450000002,0.44028714700000005,2205.0,2887.0
0.580452425305118,0.0,0.13442386866666667,0.40334333699999997,2205.0,2887.0
0.5443530461764112,0.0,0.127741189,0.42445741875,2205.0,2887.0
0.5670047699672387,0.09142610300000001,0.10227847949999999,0.412625018,2205.0,2887.0
0.6131878260951141,0.254288085,0.061330509,0.38580413,2205.0,2887.0
0.6503184608341703,0.44289134799999996,0.053377985,0.3532739495,2205.0,2887.0
0.6552240292638198,0.5971177075,0.0420324365,0.24867049400000002,2205.0,2887.0
0.6588710749465378,0.6587749334999999,0.053262259500000006,0.259991343,2205.0,2887.0
0.6599144176405457,0.5040867326666667,0.06427838066666668,0.3613793553333333,2205.0,2887.0
0.6467125112932601,0.2372651195,0.0702328015,0.3614709485,2205.0,2887.0
0.6311387303991638,0.045475143,0.0890153175,0.3849150585,2205.0,2887.0
0.6201435228877514,0.0,0.099390742,0.401360987,2205.0,2887.0
0.5522968694107016,0.0,0.08259455125000001,0.24985560175,2205.0,2887.0
0.5491235717056928,0.0,0.0720400575,0.200614401,2205.0,2887.0
0.5672305216013757,0.0715905515,0.0750509765,0.1804029485,2205.0,2887.0
0.6382257737179923,0.29332400766666666,0.05418353066666667,0.206962231,2205.0,2887.0
0.6564944690779021,0.502008502,0.05063621033333334,0.22390986466666665,2205.0,2887.0
0.6603961571871562,0.5179266204999999,0.0749433205,0.2836704455,2205.0,2887.0
0.6575349951099833,0.36463228950000004,0.074227978,0.36785923649999996,2205.0,2887.0
0.6451069000994407,0.1649415655,0.074881685,0.40525176100000004,2205.0,2887.0
0.6295800112632116,0.026444828666666666,0.08004891566666666,0.40147867733333337,2205.0,2887.0
0.6188095944113301,0.0,0.13914317199999998,0.3914399475,2205.0,2887.0
0.5792120812644637,0.0,0.1293158955,0.3796157615,2205.0,2887.0
0.6514722360835087,0.01344791,0.1278486825,0.40506319199999996,2205.0,2887.0
0.7616797146657056,0.118723957,0.13728502133333334,0.3739600623333333,2205.0,2887.0
0.7785157294451466,0.27410805033333335,0.15834502766666667,0.3763605036666667,2205.0,2887.0
0.7768552937996177,0.3419864226666667,0.21214724399999998,0.609401702,2205.0,2887.0
0.7709291670646308,0.27879402350000004,0.238642089,0.694522315,2205.0,2887.0
0.7496815730948881,0.13048362333333333,0.22048072966666665,0.6977780450000001,2205.0,2887.0
0.6992771156502049,0.0041384365,0.20498092750000002,0.7547567749999999,2205.0,2887.0
0.6017380621726204,0.0,0.19309921600000002,0.7100940556666666,2205.0,2887.0
0.5723720214457302,0.0,0.1663418075,0.6259394380000001,2205.0,2887.0
0.6332119092614156,0.008895166,0.17308455933333333,0.625384997,2205.0,2887.0
0.7540566544014737,0.139475559,0.168998993,0.600196994,2205.0,2887.0
0.7771428264392238,0.29951213050000003,0.1555552715,0.5360767805,2205.0,2887.0
0.7772453339406464,0.4151645535,0.144990318,0.43268666349999996,2205.0,2887.0
0.7740029734751237,0.45306473150000004,0.175448712,0.5101981995,2205.0,2887.0
0.7704840067147127,0.40981966000000003,0.24867959099999998,0.567941021,2205.0,2887.0
0.7650370024937564,0.2747632695,0.3130537265,0.571416343,2205.0,2887.0
0.7432770631375796,0.115511727,0.32963910500000004,0.5424016275000001,2205.0,2887.0
0.6999418399175552,0.0098615095,0.34035143,0.49073317299999997,2205.0,2887.0
0.6141119241614457,0.0,0.3513707075,0.3607743465,2205.0,2887.0
0.5807032530579798,0.0,0.3746498715,0.3109558915,2205.0,2887.0
0.6577811285275409,0.0162892765,0.3789081945,0.222257637,2205.0,2887.0
0.7573239209860871,0.156686452,0.3694850335,0.14984409799999998,2205.0,2887.0
0.780295587159161,0.3540571745,0.3533455095,0.1115814905,2205.0,2887.0
0.7777377781996972,0.474934168,0.28203596649999996,0.10943207399999999,2205.0,2887.0
0.7731021550996223,0.46117953799999994,0.3505455923333334,0.19347990966666664,2205.0,2887.0
0.7663432230883837,0.31576015966666665,0.35611060899999997,0.23417537566666669,2205.0,2887.0
0.7429608911025517,0.137756259,0.297197074,0.274580465,2205.0,2887.0
0.7002829846372873,0.0075350565,0.268795802,0.2732328435,2205.0,2887.0
0.6022635370990298,0.0,0.25831491333333334,0.40960139900000003,2205.0,2887.0
0.5760244786850373,0.0,0.24921932600000002,0.47460329700000004,2205.0,2887.0
0.6201649692654064,0.0,0.23184927700000002,0.501815487,2205.0,2887.0
0.715814804441562,0.08244193150000001,0.2091039845,0.5545804125,2205.0,2887.0
0.7732301970691552,0.2776485235,0.208799137,0.620301057,2205.0,2887.0
0.7774552282282734,0.4142928325,0.21576799600000002,0.650220348,2205.0,2887.0
0.7762325010261231,0.45450340050000004,0.235924215,0.6492470325,2205.0,2887.0
0.7729263561242083,0.405825644,0.27867493750000005,0.6527883919999999,2205.0,2887.0
0.7687455482733672,0.2955158335,0.29139756699999997,0.5994717955,2205.0,2887.0
0.7548580183846132,0.15900125999999998,0.2608176135,0.50718186,2205.0,2887.0
0.7378356921392364,0.060358984,0.235606527,0.440710414,2205.0,2887.0
0.6993551828399707,0.006124672,0.21749733799999998,0.386281394,2205.0,2887.0
0.6140789895712998,0.0,0.1836837195,0.35145072899999996,2205.0,2887.0
0.5725719355483894,0.0,0.16333198399999999,0.262574603,2205.0,2887.0
0.5880417008122997,0.0,0.137189772,0.212965595,2205.0,2887.0
0.656534448942212,0.014116573,0.1148846365,0.1864070175,2205.0,2887.0
0.7546914159422559,0.123857522,0.08564327399999999,0.1813530665,2205.0,2887.0
0.7775845122159764,0.3344375556666667,0.08959601266666667,0.14422145766666666,2205.0,2887.0
0.7792793387959106,0.425867991,0.1059690405,0.1389116085,2205.0,2887.0
0.7774316306423459,0.397492183,0.1259440435,0.2323645975,2205.0,2887.0
0.7715329752576524,0.27007286366666666,0.15405008366666667,0.3112282583333334,2205.0,2887.0
0.7441621497553825,0.1179369025,0.1504489675,0.29903063799999996,2205.0,2887.0
0.6994121363789086,0.006890065,0.1484099305,0.278634085,2205.0,2887.0
0.5955703707665687,0.0,0.1564239095,0.2951971575,2205.0,2887.0
0.5442302012855174,0.0,0.1389911305,0.2580232885,2205.0,2887.0
0.5450565822460698,0.0,0.12296465749999999,0.242865374,2205.0,2887.0
0.5543188314581428,0.016482458,0.1029761315,0.2562376765,2205.0,2887.0
0.5974847021394967,0.1379814375,0.0713702035,0.3036497915,2205.0,2887.0
0.6510100724629965,0.40158701533333335,0.09357693866666666,0.36709588499999996,2205.0,2887.0
0.6537798752182229,0.5508764365000001,0.1323543415,0.41036590500000003,2205.0,2887.0
0.6537142721485246,0.4609498613333334,0.183912058,0.4452545843333333,2205.0,2887.0
0.6504252930756629,0.300366809,0.21800141550000002,0.469732503,2205.0,2887.0
0.6326268342012693,0.093088509,0.22738417566666666,0.5016807176666667,2205.0,2887.0
0.6186230759423659,0.0,0.216146471,0.5246271545000001,2205.0,2887.0
0.5517348633515162,0.0,0.21054126174999999,0.5762826372500001,2205.0,2887.0
0.5504223699897468,0.0,0.17938111950000002,0.532201476,2205.0,2887.0
0.5671900020747038,0.066289312,0.1551567985,0.48363033499999997,2205.0,2887.0
0.6296198802691994,0.1983061285,0.158429461,0.4498039485,2205.0,2887.0
0.6531709512089185,0.33307788699999996,0.16909898899999998,0.449189496,2205.0,2887.0
0.6528942562779926,0.380999234,0.215700809,0.5102763969999999,2205.0,2887.0
0.6526353038924961,0.355466316,0.292181522,0.5543179579999999,2205.0,2887.0
0.6512860502401312,0.292493609,0.322143809,0.5625356564999999,2205.0,2887.0
0.6415711667011769,0.169593464,0.308218898,0.5341118575,2205.0,2887.0
0.6304728306792571,0.045061019,0.25797533699999997,0.525056431,2205.0,2887.0
0.6272255022422948,0.0,0.241453784,0.5473895065000001,2205.0,2887.0
0.5796699164158816,0.0,0.23741569675000002,0.59658991375,2205.0,2887.0
0.6335206738513468,0.010172454,0.196816607,0.5415331703333334,2205.0,2887.0
0.7539929143084103,0.107279929,0.1646482135,0.46758523900000004,2205.0,2887.0
0.7770357058648533,0.23169733,0.18269982,0.49165690549999996,2205.0,2887.0
0.7778159340761208,0.28888821,0.167246851,0.446019283,2205.0,2887.0
0.7753291100457377,0.328781431,0.18615961666666667,0.4097331803333333,2205.0,2887.0
0.7722551558072752,0.27084675199999997,0.1929344065,0.441016604,2205.0,2887.0
0.7575530658972868,0.17980454699999998,0.18917302,0.5266283275,2205.0,2887.0
0.712453672310124,0.038748282,0.20141276733333333,0.6009513333333333,2205.0,2887.0
0.5933080859734288,0.0,0.19813086249999998,0.54304731625,2205.0,2887.0
0.5847771621017148,0.0,0.17030852400000002,0.45473863150000005,2205.0,2887.0
0.6521525737584399,0.0224794385,0.1507529505,0.346912519,2205.0,2887.0
0.7539820913470928,0.1777261425,0.10402736900000001,0.28011489749999996,2205.0,2887.0
0.7774837049977423,0.39319370249999996,0.09456428550000001,0.23316485199999998,2205.0,2887.0
0.7793384214220768,0.540393991,0.0842999365,0.1691237675,2205.0,2887.0
0.7789558035410011,0.6135074575,0.08956721749999999,0.163062186,2205.0,2887.0
0.777022354574487,0.575344868,0.1016053855,0.21053394050000002,2205.0,2887.0
0.7724559570296128,0.42726802500000005,0.12064317050000001,0.2432707525,2205.0,2887.0
0.7484512314614864,0.195164468,0.142369051,0.24467781,2205.0,2887.0
0.7003861574911237,0.011347096,0.202018915,0.2543425385,2205.0,2887.0
0.6162092033529596,0.0,0.221417065,0.20170465199999998,2205.0,2887.0
0.5728337045451923,0.0,0.20230732499999998,0.19980820999999999,2205.0,2887.0
0.585096461303212,0.0,0.1773658475,0.1904593745,2205.0,2887.0
0.6530214924745703,0.030666427,0.147428017,0.1896633425,2205.0,2887.0
0.7542461225117311,0.2609597355,0.07278359400000001,0.1604075225,2205.0,2887.0
0.7804098490849083,0.5675441205,0.030966633,0.15598492749999998,2205.0,2887.0
0.7886030437109273,0.794276018,0.027171517,0.1202401455,2205.0,2887.0
0.7899509888807491,0.852618911,0.0341709575,0.125166257,2205.0,2887.0
0.788982645334476,0.761967986,0.043913996,0.2031894755,2205.0,2887.0
0.7830387613066969,0.527023887,0.053066127500000004,0.2838912845,2205.0,2887.0
0.7563493232587362,0.2364563765,0.0885320455,0.29223499399999997,2205.0,2887.0
0.7057530097784148,0.0159614195,0.142267066,0.3829641185,2205.0,2887.0
0.6204204396365622,0.0,0.1556710915,0.4564206435,2205.0,2887.0
0.5732847199356084,0.0,0.141523542,0.4718925635,2205.0,2887.0
0.5847403241343636,0.0,0.15212311950000001,0.576446855,2205.0,2887.0
0.6522482504130284,0.026780615,0.177366808,0.66776117,2205.0,2887.0
0.7538913160983307,0.2091835385,0.185000113,0.6595141115,2205.0,2887.0
0.777799522235519,0.468957409,0.19292234749999998,0.5874746115,2205.0,2887.0
0.7804521206792725,0.700346714,0.17846383999999998,0.458582336,2205.0,2887.0
0.7791101636305555,0.7930393215,0.19132906100000002,0.432687971,2205.0,2887.0
0.7752886422866965,0.7068482345,0.283018262,0.412580123,2205.0,2887.0
0.7683255823247976,0.4829322365,0.41424386599999996,0.4258872005,2205.0,2887.0
0.7433830304816784,0.2134846245,0.487261927,0.44888867899999996,2205.0,2887.0
0.69975660781009,0.01664784,0.5259081725,0.45100648099999996,2205.0,2887.0
0.6144388526934178,0.0,0.46278080099999996,0.3885401805,2205.0,2887.0
0.5837681881957579,0.0,0.40957491075,0.4138957175,2205.0,2887.0
0.6628416558841653,0.034660358,0.36517832299999997,0.43792750999999996,2205.0,2887.0
0.7595051889228579,0.2766502635,0.335448463,0.4213258055,2205.0,2887.0
0.7782335934629059,0.5879331059999999,0.39143196550000003,0.40082568500000004,2205.0,2887.0
0.7772636974951609,0.7965929329999999,0.36106779899999997,0.361168326,2205.0,2887.0
0.7745690492243078,0.8335635539999999,0.4089520065,0.384740737,2205.0,2887.0
0.770765137244031,0.7452139310000001,0.45402871300000003,0.4265147975,2205.0,2887.0
0.7651709586282257,0.5343837345,0.470343489,0.4692806825,2205.0,2887.0
0.7429879040865861,0.2557411975,0.4363834125,0.468220535,2205.0,2887.0
0.7005714117702533,0.018177385,0.446508896,0.464489911,2205.0,2887.0
0.581854633008256,0.0,0.4129082176666666,0.45054020366666664,2205.0,2887.0
0.5501528386577923,0.0,0.352485121,0.37981428275,2205.0,2887.0
0.572259777748889,0.140616283,0.287435804,0.3490783115,2205.0,2887.0
0.6168838190679996,0.372944673,0.207787969,0.31707256,2205.0,2887.0
0.6510244364955995,0.6053769529999999,0.199694611,0.280367928,2205.0,2887.0
0.6532562189251195,0.8661964066666666,0.18609143400000003,0.22693307466666668,2205.0,2887.0
0.6536554556329519,0.8669230815,0.223373743,0.269520038,2205.0,2887.0
0.6525194007573786,0.660989552,0.25145712249999996,0.3267821875,2205.0,2887.0
0.6476429078839985,0.445851412,0.280087808,0.347901615,2205.0,2887.0
0.6340210725915376,0.209202975,0.27552445049999996,0.3489780385,2205.0,2887.0
0.627419561304456,0.0119990975,0.306366623,0.37205149849999997,2205.0,2887.0
0.5700982040461504,0.0,0.2708399645,0.3491531725,2205.0,2887.0
0.5457721832445953,0.0,0.22729801449999998,0.3086462875,2205.0,2887.0
0.5557411622077894,0.021975739,0.194873396,0.2816569155,2205.0,2887.0
0.5983794140943961,0.2169464685,0.126927556,0.24987896650000002,2205.0,2887.0
0.6497291867408794,0.4950547545,0.10047146400000001,0.2107817225,2205.0,2887.0
0.6539812086617474,0.733297243,0.100042806,0.192848208,2205.0,2887.0
0.6534030679836962,0.8095849225,0.14365007200000002,0.2570674755,2205.0,2887.0
0.6537288210631118,0.7217147564999999,0.18861107900000001,0.332561883,2205.0,2887.0
0.6504368257833433,0.491818432,0.2377939625,0.407272605,2205.0,2887.0
0.6327185927312895,0.154340734,0.2649791203333333,0.46827554666666665,2205.0,2887.0
0.6271189804547245,0.0,0.32758479149999997,0.5058013255,2205.0,2887.0
0.5801302355530193,0.0,0.31585824,0.45457938600000003,2205.0,2887.0
0.6172986618434784,0.0,0.27907124650000004,0.40188952099999997,2205.0,2887.0
0.7123847942966071,0.129858834,0.2398259665,0.36204565850000003,2205.0,2887.0
0.7685907889419923,0.352546468,0.176824278,0.309714739,2205.0,2887.0
0.7771333785260631,0.5738704295,0.218997111,0.2813089045,2205.0,2887.0
0.781088368227774,0.752736059,0.242597055,0.2759108345,2205.0,2887.0
0.7818468174357998,0.780476186,0.3052161705,0.301844715,2205.0,2887.0
0.7794734422014007,0.6939427765,0.3222339565,0.3600613385,2205.0,2887.0
0.7739869607751021,0.5110255435,0.33838173299999996,0.44115326600000004,2205.0,2887.0
0.7484764702061639,0.2409610025,0.3200572135,0.5227211940000001,2205.0,2887.0
0.6995577583016652,0.017599506,0.3714900635,0.5729304085,2205.0,2887.0
0.6145515399754082,0.0,0.3808797195,0.5813622505,2205.0,2887.0
0.5802649790599872,0.0,0.3137842135,0.5049398705,2205.0,2887.0
0.6565757003362911,0.033192742,0.2580468365,0.4671280045,2205.0,2887.0
0.7397153369049462,0.204253444,0.200291901,0.457389801,2205.0,2887.0
0.7727337608474817,0.447615716,0.12483203949999999,0.38055059700000005,2205.0,2887.0
0.7811898111855824,0.7370164889999999,0.122164389,0.3425481725,2205.0,2887.0
0.7867485638180937,0.8938701256666667,0.172800693,0.4656162613333334,2205.0,2887.0
0.7836624558966123,0.844724747,0.221361295,0.537276148,2205.0,2887.0
0.7822188341228224,0.6945651105,0.2611783115,0.5842918415,2205.0,2887.0
0.7730980151740428,0.492807066,0.290856999,0.643517182,2205.0,2887.0
0.752048265361043,0.25926802250000003,0.2899037785,0.6699485265,2205.0,2887.0
0.7012134034503104,0.0187672025,0.35002776950000003,0.69890946,2205.0,2887.0
0.6154069743711859,0.0,0.3519488385,0.6085053025,2205.0,2887.0
0.5791217051815917,0.0,0.280854721,0.520740483,2205.0,2887.0
0.6534863248615459,0.03340083,0.248847492,0.510666521,2205.0,2887.0
0.739194238503111,0.204813629,0.189194526,0.483902952,2205.0,2887.0
0.7737813247631721,0.4520936855,0.120741708,0.4460733145,2205.0,2887.0
0.7860353433037737,0.747086842,0.1419784925,0.435589938,2205.0,2887.0
0.7905554771904207,0.9010873405,0.187991934,0.46616656050000005,2205.0,2887.0
0.7904529696889983,0.8645819855000001,0.250228138,0.5145670295,2205.0,2887.0
0.7865409169340655,0.6814506579999999,0.3116832775,0.577021002,2205.0,2887.0
0.7770375688414881,0.472240245,0.350696911,0.645054843,2205.0,2887.0
0.7538651014966968,0.2426024395,0.3624074405,0.67687067,2205.0,2887.0
0.6836859027152217,0.011785767333333334,0.421898189,0.6781449673333334,2205.0,2887.0
0.58175021821218,0.0,0.380367143,0.63283647875,2205.0,2887.0
0.6095033215372003,0.0,0.35841099249999997,0.6072057865,2205.0,2887.0
0.7098246123109861,0.127674779,0.3270657415,0.589595468,2205.0,2887.0
0.7751462583887314,0.4219137945,0.25274539,0.5148740455,2205.0,2887.0
0.7884422075717901,0.7043311505000001,0.295496567,0.49287190000000003,2205.0,2887.0
0.7923893609737443,0.8454573246666667,0.381324491,0.568477877,2205.0,2887.0
0.7912663764293405,0.754926475,0.441477668,0.643877475,2205.0,2887.0
0.7868289671487362,0.6111189020000001,0.466583299,0.700740326,2205.0,2887.0
0.7786889557144363,0.407912738,0.469346153,0.751452511,2205.0,2887.0
0.7545178495218374,0.2156604805,0.415255116,0.790319466,2205.0,2887.0
0.7071590617680665,0.017821778,0.41576498500000003,0.809383262,2205.0,2887.0
0.6092895091250051,0.0,0.39544084,0.7754721953333333,2205.0,2887.0
0.5730512502843386,0.0,0.373423962,0.7375360965,2205.0,2887.0
0.6329642086412762,0.019197333666666667,0.350604129,0.7468782743333334,2205.0,2887.0
0.7547873587074376,0.2561371045,0.2534171085,0.7130673949999999,2205.0,2887.0
0.7829275155878562,0.5479856835,0.2395255395,0.6675798865,2205.0,2887.0
0.7909737132429622,0.7256430405000001,0.2424370505,0.60368208,2205.0,2887.0
0.793846319189297,0.6620838739999999,0.279961464,0.640334611,2205.0,2887.0
0.7916882496978737,0.5008765045,0.275208908,0.6855392605,2205.0,2887.0
0.7842064865825815,0.351905967,0.2597384285,0.7195087490000001,2205.0,2887.0
0.7559482531364883,0.185331115,0.23973936499999998,0.7338110335,2205.0,2887.0
0.708443266844825,0.013655889,0.2700943395,0.7379719330000001,2205.0,2887.0
0.5885661037539197,0.0,0.2796432873333334,0.6992222093333332,2205.0,2887.0
0.5443921241399332,0.0,0.23138369574999998,0.62983897,2205.0,2887.0
0.5676519512847595,0.1261143395,0.2070204025,0.5673167619999999,2205.0,2887.0
0.6160186040828544,0.347446649,0.123876315,0.504379237,2205.0,2887.0
0.6576316697931925,0.5873288990000001,0.1027591875,0.429998974,2205.0,2887.0
0.6764290263029259,0.8439885813333333,0.09865461366666667,0.42446083700000004,2205.0,2887.0
0.6806506419964435,0.8205659279999999,0.101492798,0.457427023,2205.0,2887.0
0.6765417357903276,0.6325305115,0.1010362345,0.4797750395,2205.0,2887.0
0.6699293128046505,0.43228545,0.104985882,0.501947678,2205.0,2887.0
0.6523952029899924,0.2128172585,0.1393211245,0.5890273690000001,2205.0,2887.0
0.6415358589836333,0.0119279245,0.2308961505,0.5988345425,2205.0,2887.0
0.6239910371672204,0.0,0.192773142,0.49618004800000004,2205.0,2887.0
0.5506329628872844,0.0,0.17739967675,0.37508677975,1035.0,1356.0
0.5515309904678009,0.027069912,0.146815325,0.232632582,1035.0,1356.0
0.5943812657292628,0.159634819,0.112566697,0.186921967,1035.0,1356.0
0.6576447327506806,0.37360735700000003,0.06497867,0.1342310495,1035.0,1356.0
0.6973125728985154,0.6606144125,0.058407626,0.11622837650000001,1035.0,1356.0
0.7103061448714415,0.8068138315,0.078547178,0.15392623,1035.0,1356.0
0.7083739378724773,0.7833575694999999,0.0973977125,0.211280372,1035.0,1356.0
0.6992590182569042,0.5991978760000001,0.110950719,0.32964561800000003,1035.0,1356.0
0.6931559835920664,0.379170104,0.126459724,0.323736569,1035.0,1356.0
0.6751830342754223,0.18143265749999998,0.162502457,0.3308825425,1035.0,1356.0
0.6596879193072718,0.0116413485,0.22507161650000002,0.322777001,1035.0,1356.0
0.6426108573474631,0.0,0.20625060150000002,0.29365849450000003,1035.0,1356.0
0.5834684612335184,0.0,0.1696373895,0.31918950225,1035.0,1356.0
0.6465143049149644,0.024917709,0.13337013749999999,0.2478917725,1035.0,1356.0
0.737503551798136,0.129017212,0.106560374,0.232962698,1035.0,1356.0
0.7920533024574556,0.2842716625,0.0760704205,0.220827131,1035.0,1356.0
0.8186667137162209,0.5096593445,0.0723836525,0.26258817700000003,1035.0,1356.0
0.8350957737538236,0.6290101244999999,0.0790265355,0.3725190745,1035.0,1356.0
0.8310298932317638,0.6128167225000001,0.08939694849999999,0.45800233349999997,1035.0,1356.0
0.8215759136909782,0.466882184,0.07976897299999999,0.4966084685,1035.0,1356.0
0.8140339590119566,0.313779462,0.076156691,0.482189781,1035.0,1356.0
0.7890588495982271,0.1489681425,0.079019692,0.47437013,1035.0,1356.0
0.7275269657773717,0.0096621045,0.1036917785,0.44756361,1035.0,1356.0
0.628766530566701,0.0,0.105671207,0.449791272,1035.0,1356.0
0.5816538872910099,0.0,0.0784228005,0.34359775025000006,1035.0,1356.0
0.6464416935744965,0.0217188045,0.0732176425,0.28114325149999997,1035.0,1356.0
0.7547612328430817,0.20132176799999998,0.052092775499999994,0.2342697375,1035.0,1356.0
0.8027688209520794,0.454340116,0.0419821155,0.1993364275,1035.0,1356.0
0.823943123430957,0.658667821,0.049662284,0.23117621100000002,1035.0,1356.0
0.8306882162402247,0.6939616424999999,0.078338817,0.31486968699999995,1035.0,1356.0
0.8230159426427255,0.61356755,0.1015746945,0.421405957,1035.0,1356.0
0.8108897147421729,0.3932750195,0.094958564,0.4063736945,1035.0,1356.0
0.776655838080091,0.1450396645,0.071974392,0.295140148,1035.0,1356.0
0.6909931679639616,0.006782999333333334,0.08236515133333333,0.22366469666666666,1035.0,1356.0
0.5824525788292818,0.0,0.075456017,0.1950178015,1035.0,1356.0
0.6269949379733564,0.015140428999999999,0.049502042999999996,0.14990396066666667,1035.0,1356.0
0.754059116164909,0.23733576899999997,0.031829952,0.109340612,1035.0,1356.0
0.7964615696667973,0.474698698,0.025447669,0.085303503,1035.0,1356.0
0.8164096851514686,0.667609319,0.0467175405,0.0741934355,1035.0,1356.0
0.8314699525802556,0.799556756,0.0672644515,0.08983445749999999,1035.0,1356.0
0.8283747220650125,0.7244877654999999,0.0955562965,0.1563862165,1035.0,1356.0
0.8194566559512426,0.503198526,0.0919802305,0.180831245,1035.0,1356.0
0.7960203570374134,0.24965954299999998,0.0963973155,0.17457894499999999,1035.0,1356.0
0.766012354260179,0.082132264,0.108533017,0.175703844,1035.0,1356.0
0.7111938706766154,0.009845585,0.1205542385,0.18868754,1035.0,1356.0
0.6167936426060378,0.0,0.117521182,0.1220174625,1035.0,1356.0
0.5758971426400393,0.0,0.14826038425,0.2166018265,1035.0,1356.0
0.6460541078232216,0.0117014005,0.141209549,0.1955095695,1035.0,1356.0
0.7521873668402674,0.10737723999999998,0.118831189,0.1289774595,1035.0,1356.0
0.786750456373821,0.2781772185,0.1273563885,0.1242946785,1035.0,1356.0
0.8036076439116551,0.442520299,0.1386464435,0.19605851800000001,1035.0,1356.0
0.8059568449449906,0.5366636393333333,0.21936465200000002,0.28546827366666666,1035.0,1356.0
0.7948744402932428,0.37542728666666675,0.25392232200000003,0.39730551100000006,1035.0,1356.0
0.7615746787677407,0.14473882999999998,0.217909118,0.347665487,1035.0,1356.0
0.7051380311836328,0.009842224,0.1944132745,0.260750535,1035.0,1356.0
0.59979883208803,0.0,0.18795783466666668,0.213459902,1035.0,1356.0
0.5696870650269668,0.0,0.179538458,0.1921039295,1035.0,1356.0
0.6275997220233344,0.012020065000000002,0.15430771766666668,0.172308402,1035.0,1356.0
0.752083617371295,0.195330222,0.1254953325,0.141706926,1035.0,1356.0
0.7900972761052992,0.428004604,0.11576997,0.1244224825,1035.0,1356.0
0.8111293572784177,0.648117209,0.114686251,0.12296034166666665,1035.0,1356.0
0.8154292323836196,0.644360318,0.142498352,0.1545760275,1035.0,1356.0
0.8096185504343648,0.46852992900000007,0.149081358,0.19668229699999998,1035.0,1356.0
0.7762051775375463,0.1804953275,0.13704434100000001,0.15876205999999998,1035.0,1356.0
0.7136487285495074,0.012207455,0.1475370885,0.15871016799999998,1035.0,1356.0
0.5873343574763953,0.0,0.14327888166666666,0.14444841866666666,1035.0,1356.0
0.5419269201483697,0.0,0.13536246875,0.10955587824999999,1035.0,1356.0
0.5656286585831107,0.116420542,0.10886301100000001,0.101577922,1035.0,1356.0
0.6178118426325808,0.334397385,0.058458128,0.091121282,1035.0,1356.0
0.674428421828368,0.574611917,0.0769386465,0.08136101100000001,1035.0,1356.0
0.6937060467424693,0.7687004705,0.09420764400000001,0.040373479500000004,1035.0,1356.0
0.6959794870972031,0.7809814995,0.1319028815,0.070683514,1035.0,1356.0
0.6911621656378872,0.6453615205000001,0.1641319695,0.13516546200000001,1035.0,1356.0
0.686033396074814,0.42525213,0.196824802,0.194038925,1035.0,1356.0
0.6681904995154336,0.207809947,0.195217323,0.2321212555,1035.0,1356.0
0.6460869536760895,0.013791354,0.245588297,0.274608333,1035.0,1356.0
0.6107264257082661,0.0,0.268529174,0.3185573105,1035.0,1356.0
0.5474249526912424,0.0,0.24511069866666665,0.31774538533333335,1035.0,1356.0
0.5466808674989461,0.0,0.2148471185,0.2978387165,1035.0,1356.0
0.5659068393698954,0.114397776,0.175236232,0.2839622715,1035.0,1356.0
0.6413665286672474,0.41618609100000004,0.0976404155,0.229080318,1035.0,1356.0
0.6859750896087635,0.701874812,0.1226691395,0.20209798750000002,1035.0,1356.0
0.6946650088399544,0.8439971215,0.1721528175,0.2212214885,1035.0,1356.0
0.6939277397471295,0.747571522,0.209316431,0.34370939050000004,1035.0,1356.0
0.6882047281193256,0.564540255,0.24783938300000002,0.4212478325,1035.0,1356.0
0.6826486737817502,0.4073543,0.271109045,0.452970648,1035.0,1356.0
0.6640844099206242,0.21002273850000003,0.282203669,0.474459702,1035.0,1356.0
0.6419378976060296,0.009100279333333334,0.32859142,0.458490955,1035.0,1356.0
0.5815318518683485,0.0,0.30475821825,0.3835472865,1035.0,1356.0
0.6032787504640118,0.0,0.2738529965,0.338136087,1035.0,1356.0
0.7051905269018938,0.116767017,0.2211324955,0.2912912825,1035.0,1356.0
0.7805049491243607,0.424016927,0.140299855,0.241960833,1035.0,1356.0
0.806700523521785,0.724990986,0.177219664,0.2173073835,1035.0,1356.0
0.8174081466259606,0.8403003265,0.20111750150000002,0.22499478,1035.0,1356.0
0.8174941535495035,0.7945833234999999,0.2328389735,0.2484449445,1035.0,1356.0
0.8074637189002392,0.5549144079999999,0.27662814733333335,0.2808120906666666,1035.0,1356.0
0.7733585199810112,0.2210522815,0.26417580799999996,0.29047974600000004,1035.0,1356.0
0.7111815174148701,0.0135191315,0.29012340999999997,0.36962860900000005,1035.0,1356.0
0.6052420512650248,0.0,0.27547690033333333,0.43964083299999995,1035.0,1356.0
0.5701710815225218,0.0,0.2360149895,0.4028371245,1035.0,1356.0
0.6274740604536401,0.011270485333333332,0.200306305,0.37092194700000003,1035.0,1356.0
0.7517514326362456,0.2212913025,0.137635705,0.3275584105,1035.0,1356.0
0.7825373571135836,0.4868942355,0.146668034,0.2788231065,1035.0,1356.0
0.7882290309666629,0.684742092,0.134112592,0.1893819795,1035.0,1356.0
0.7908110584705189,0.715501948,0.1966967025,0.250509369,1035.0,1356.0
0.785936916552872,0.59051282,0.264224397,0.371879104,1035.0,1356.0
0.7759014252792571,0.4257714685,0.3104733775,0.4755885045,1035.0,1356.0
0.7491674756407616,0.1904989085,0.31903008899999996,0.475390085,1035.0,1356.0
0.7017426634038074,0.01082741,0.332197894,0.45535745250000004,1035.0,1356.0
0.6110942507358257,0.0,0.300644038,0.40138915,1035.0,1356.0
0.575288019060445,0.0,0.23968361275,0.35391525749999997,1035.0,1356.0
0.6479428677246448,0.0144997355,0.2031569245,0.344114861,1035.0,1356.0
0.7517411419973554,0.221419072,0.1655011975,0.34974318849999997,1035.0,1356.0
0.7818219334883734,0.4748311085,0.16938429900000002,0.29291046099999996,1035.0,1356.0
0.7856301332390728,0.6179238020000001,0.14711466966666667,0.22312211433333337,1035.0,1356.0
0.7891837127180272,0.618858275,0.184325621,0.234422627,1035.0,1356.0
0.7829425523803014,0.436194052,0.20292284500000002,0.25795331433333335,1035.0,1356.0
0.7519579114751453,0.182553179,0.203515143,0.2980082505,1035.0,1356.0
0.6764470941508809,0.0071344956666666666,0.21338161,0.3563804853333334,1035.0,1356.0
0.5764248945153934,0.0,0.18292039275,0.28972798725,1035.0,1356.0
0.6057981024690389,0.0,0.145790692,0.2456210545,1035.0,1356.0
0.7061216998046086,0.09399042099999999,0.11476447249999999,0.2424725115,1035.0,1356.0
0.77489945961876,0.372793807,0.0577328785,0.1841450815,1035.0,1356.0
0.7882328456065903,0.6313350805,0.0631028,0.1397057545,1035.0,1356.0
0.8014325267556884,0.6769706443333333,0.073637599,0.16715011333333332,1035.0,1356.0
0.8030547863722304,0.5624498755,0.0808278075,0.27840116800000003,1035.0,1356.0
0.7947306961619776,0.385632694,0.0904920795,0.35534707899999995,1035.0,1356.0
0.7631181023912093,0.179828197,0.112170143,0.36799603000000003,1035.0,1356.0
0.7035459708251595,0.0090584335,0.1667374955,0.3729991575,1035.0,1356.0
0.598584029956661,0.0,0.13644567066666666,0.2869420386666667,1035.0,1356.0
0.5691395745995619,0.0,0.114235686,0.23082715850000002,1035.0,1356.0
0.6048313336171427,0.0,0.1003735295,0.198511602,1035.0,1356.0
0.7052013055198822,0.095526057,0.07657448950000001,0.168955503,1035.0,1356.0
0.7765367412635109,0.385649356,0.031132024,0.1343538135,1035.0,1356.0
0.8007133920426852,0.637597569,0.032574591,0.107706171,1035.0,1356.0
0.8178173782998704,0.7338769265,0.0452132535,0.12920980999999998,1035.0,1356.0
0.8211758637690155,0.6725194685,0.059054419,0.211998111,1035.0,1356.0
0.8152974052857584,0.5427121454999999,0.067569924,0.2606066505,1035.0,1356.0
0.8027344447987835,0.372521987,0.069833102,0.281284473,1035.0,1356.0
0.7716809627991379,0.1953238625,0.093913143,0.3015603445,1035.0,1356.0
0.7072955462315846,0.0107566235,0.14654743450000002,0.3466508145,1035.0,1356.0
0.5807414512755047,0.0,0.13455876,0.32281334,1035.0,1356.0
0.5416166696435232,0.0,0.114172169,0.25675723899999997,1035.0,1356.0
0.5647574554262406,0.0952266685,0.084629391,0.192354658,1035.0,1356.0
0.6368708350922572,0.380974805,0.030683154,0.1141044135,1035.0,1356.0
0.6824314607694313,0.638761943,0.035384088499999994,0.075982795,1035.0,1356.0
0.6958961637043601,0.7140231765,0.040514746500000004,0.105821283,1035.0,1356.0
0.694083053521976,0.7106014110000001,0.0410112965,0.1550022755,1035.0,1356.0
0.6884421898344585,0.5610025935,0.03870433450000001,0.201970932,1035.0,1356.0
0.6775260031981039,0.324495684,0.0493670655,0.242439697,1035.0,1356.0
0.6532670713980361,0.0794910565,0.0960804745,0.288340453,1035.0,1356.0
0.6295271089631955,0.0,0.16214197149999998,0.366431363,1035.0,1356.0
0.5685727891546352,0.0,0.159917873,0.29991846,1035.0,1356.0
0.5379762219798525,0.0,0.114396436,0.218660608,1035.0,1356.0
0.5461941673714508,0.0,0.09146364400000001,0.1455332755,1035.0,1356.0
0.5651115744168029,0.088317961,0.0651647135,0.0992419095,1035.0,1356.0
0.640255047234558,0.3965245505,0.020510813,0.061628534,1035.0,1356.0
0.6888327031566026,0.6851624510000001,0.0213299825,0.04632270300000001,1035.0,1356.0
0.69819821395979,0.827269787,0.0469547975,0.071126826,1035.0,1356.0
0.6920885627910812,0.695825319,0.06074274100000001,0.129055798,1035.0,1356.0
0.6859032767013162,0.4171145595,0.08108198750000001,0.249811582,1035.0,1356.0
0.6648547023408731,0.1793272685,0.08726703450000001,0.257791248,1035.0,1356.0
0.6412315966589482,0.0064044896666666665,0.12821190633333335,0.18098597866666669,1035.0,1356.0
0.5806153276780208,0.0,0.1382088005,0.11721268825,1035.0,1356.0
0.6034544680927028,0.0,0.114276019,0.0688955525,1035.0,1356.0
0.705265356066868,0.0844050375,0.1154052165,0.1298838655,1035.0,1356.0
0.7832404939920417,0.29828013400000003,0.1052334755,0.157902767,1035.0,1356.0
0.8159620852097798,0.5244436535,0.10711659,0.1779963135,1035.0,1356.0
0.8317833301756412,0.614643947,0.12432707999999999,0.301865577,1035.0,1356.0
0.825683977103871,0.556587297,0.21949033266666665,0.531216383,1035.0,1356.0
0.8082572540416706,0.370587865,0.30573434050000003,0.597968115,1035.0,1356.0
0.7733567900849834,0.167129428,0.31503886,0.5313505845,1035.0,1356.0
0.6902172718495722,0.005088660666666667,0.31361666866666665,0.4416918953333333,1035.0,1356.0
0.5834282411002468,0.0,0.2647138115,0.43497607099999996,1035.0,1356.0
0.6030993290030955,0.0,0.19066895150000002,0.31925725,1035.0,1356.0
0.7049791023644592,0.0870529075,0.148604275,0.2520305075,1035.0,1356.0
0.7779222118741418,0.32323194850000003,0.122600202,0.2184324965,1035.0,1356.0
0.7985810048304685,0.5621899865,0.1218210745,0.188796639,1035.0,1356.0
0.8086393839942679,0.672131055,0.1322107345,0.1877475515,1035.0,1356.0
0.8078173277737857,0.5838923149999999,0.15276515750000003,0.19850565450000002,1035.0,1356.0
0.8043232005668518,0.4904939055,0.157108091,0.1978442955,1035.0,1356.0
0.7948748542992995,0.360010488,0.150350376,0.187431692,1035.0,1356.0
0.7686114590076707,0.19442345649999998,0.135241573,0.1886106835,1035.0,1356.0
0.7048022314548761,0.0071323915,0.14129066899999998,0.1864784295,1035.0,1356.0
0.5989857506164664,0.0,0.128107818,0.1752133153333333,1035.0,1356.0
0.5690700682032785,0.0,0.0997303745,0.13374726050000002,1035.0,1356.0
0.6287946377578092,0.006974135,0.08341559966666666,0.12332189766666667,1035.0,1356.0
0.7519328501544036,0.2284724815,0.0572620355,0.117161974,1035.0,1356.0
0.7867650939244457,0.447591807,0.04212693,0.100267333,1035.0,1356.0
0.8056290071722958,0.649976173,0.05475018399999999,0.084083453,1035.0,1356.0
0.8168124408264157,0.7593094975000001,0.070094486,0.1110435495,1035.0,1356.0
0.8191494882442263,0.6715651145,0.056082817,0.199184997,1035.0,1356.0
0.8160270672703929,0.5033098735,0.0612251005,0.3117488925,1035.0,1356.0
0.7980720600441581,0.285700101,0.099215528,0.345584956,1035.0,1356.0
0.7678274161058556,0.116715858,0.130944885,0.29677861,1035.0,1356.0
0.7116435110188748,0.007638637,0.1699573955,0.260235118,1035.0,1356.0
0.6182809332446332,0.0,0.17430104899999999,0.28826576,1035.0,1356.0
0.5752952380632674,0.0,0.15400365524999998,0.22515826125,1035.0,1356.0
0.6472745506352521,0.010650699,0.115191349,0.2066037155,1035.0,1356.0
0.7350442583268518,0.147390851,0.08842528,0.195858756,1035.0,1356.0
0.7865049883086774,0.366307052,0.042711079,0.163249494,1035.0,1356.0
0.819085082798749,0.661974974,0.037599169,0.1208911735,1035.0,1356.0
0.8332352909756489,0.7871870384999999,0.0447446485,0.13662710849999998,1035.0,1356.0
0.829321730142573,0.6775982604999999,0.052888987,0.24542112500000002,1035.0,1356.0
0.8214268319761656,0.47232180199999996,0.0727352835,0.341529154,1035.0,1356.0
0.8131727361412947,0.300424155,0.097850559,0.345919321,1035.0,1356.0
0.7838247558211843,0.1416232755,0.132505383,0.34167786850000004,1035.0,1356.0
0.7201773402138631,0.0031687855,0.17811713950000002,0.325428797,1035.0,1356.0
0.6243512106926403,0.0,0.148631024,0.26805653500000004,1035.0,1356.0
0.5790288119314334,0.0,0.11616137475000002,0.184955196,1035.0,1356.0
0.6462504733965468,0.0075328655,0.0791932625,0.186610801,1035.0,1356.0
0.7353410909504087,0.11429328,0.061011595,0.179655347,1035.0,1356.0
0.7770388995463159,0.269682445,0.048452869,0.1933360435,1035.0,1356.0
0.7943914144188804,0.450985214,0.0517495725,0.1720247655,1035.0,1356.0
0.8079215207772871,0.5453613145,0.0737338245,0.2053112795,1035.0,1356.0
0.8019812739654995,0.526464822,0.11171352200000001,0.307391712,1035.0,1356.0
0.7942219287996028,0.399460594,0.15864946600000002,0.36711710249999996,1035.0,1356.0
0.7781280253606278,0.241736562,0.161034626,0.370472783,1035.0,1356.0
0.749100697169127,0.117017533,0.16053281549999998,0.393185535,1035.0,1356.0
0.7018732484834986,0.0052816675,0.17223895849999998,0.3767615195,1035.0,1356.0
0.5787415564798161,0.0,0.15608429033333332,0.26328039333333336,1035.0,1356.0
0.5417629125247445,0.0,0.1076852965,0.13423156675,1035.0,1356.0
0.5645013197532911,0.050857924,0.0889716185,0.087538093,1035.0,1356.0
0.63254067941601,0.2462357295,0.071555598,0.080622262,1035.0,1356.0
0.6625273245528673,0.457926517,0.0700199735,0.09500133499999999,1035.0,1356.0
0.6694646578416106,0.5614202335,0.08152293499999999,0.115845621,1035.0,1356.0
0.6735292963961206,0.5185941765,0.090387225,0.139863811,1035.0,1356.0
0.6720036597626509,0.402054412,0.10366627049999999,0.1281616115,1035.0,1356.0
0.6552840138076476,0.19443387366666667,0.11270677200000001,0.130390339,1035.0,1356.0
0.6336052318380583,0.004781632,0.12070604600000001,0.11667037150000001,1035.0,1356.0
0.5945035118333565,0.0,0.1171351075,0.097041811,1035.0,1356.0
0.5428949420536477,0.0,0.0973988892,0.09019063840000001,1035.0,1356.0
0.5645973955484596,0.0772441545,0.0746949215,0.100878018,1035.0,1356.0
0.6150609504679122,0.261483028,0.051439616,0.084422314,1035.0,1356.0
0.6613531011063556,0.49801719600000005,0.0672045825,0.089610947,1035.0,1356.0
0.6824659700033338,0.6726439184999999,0.0852467345,0.1155493495,1035.0,1356.0
0.6891089545023792,0.6684958809999999,0.10048903349999999,0.1540166935,1035.0,1356.0
0.6870095019309284,0.4870633435,0.1319993365,0.18358776,1035.0,1356.0
0.682588482268641,0.3215358905,0.17099723900000002,0.222616109,1035.0,1356.0
0.6631540576225945,0.14674262100000002,0.1703260225,0.204729585,1035.0,1356.0
0.6428913817331731,0.0036378346666666663,0.19229591966666668,0.16401919033333334,1035.0,1356.0
0.5828540481427299,0.0,0.17194198800000002,0.182922916,1035.0,1356.0
0.6271260257288885,0.005028624666666667,0.13778338833333334,0.19564163766666665,1035.0,1356.0
0.7542614698087186,0.249084009,0.0799439545,0.15065152450000002,1035.0,1356.0
0.8061468675999599,0.581205441,0.07382079750000001,0.1169533515,1035.0,1356.0
0.8304901947439132,0.8104390886666666,0.10044868866666666,0.08752290600000001,1035.0,1356.0
0.8314237332147368,0.6717908185,0.095181479,0.098464387,1035.0,1356.0
0.8208275185734685,0.4188023543333333,0.089894249,0.17088636433333335,1035.0,1356.0
0.7903057066074917,0.1841319755,0.092071019,0.21788438599999999,1035.0,1356.0
0.7253183743520241,0.004583005,0.1331647625,0.2154033695,1035.0,1356.0
0.6114489980585344,0.0,0.11125828633333334,0.17578995433333333,1035.0,1356.0
0.5708395982581351,0.0,0.09753686349999999,0.146022377,1035.0,1356.0
0.6271418609206075,0.004514479333333333,0.07462048533333333,0.082539864,1035.0,1356.0
0.7566442042696206,0.2071719455,0.040874223,0.06398580649999999,1035.0,1356.0
0.8119355488124556,0.46594557700000006,0.023047426500000003,0.0496812155,1035.0,1356.0
0.8361868512820483,0.6573216005,0.042013128,0.060685293,1035.0,1356.0
0.8392401650507983,0.695927923,0.056169144500000004,0.13640383,1035.0,1356.0
0.83166551972056,0.5966645100000001,0.065097297,0.26783843799999996,1035.0,1356.0
0.8236580894738132,0.438062605,0.0789657285,0.31932231349999995,1035.0,1356.0
0.7956265170038201,0.173536064,0.108022903,0.27723375949999995,1035.0,1356.0
0.7371984688350189,0.0044012945,0.1444991995,0.2444566935,1035.0,1356.0
0.6258218011915028,0.0,0.14602726800000002,0.23177140466666668,1035.0,1356.0
0.5934285023583842,0.0,0.10744736399999999,0.1389979865,1035.0,1356.0
0.7066771743597398,0.0810658715,0.0784809885,0.1176386395,1035.0,1356.0
0.8001059761621443,0.37621499599999997,0.0370171585,0.107371912,1035.0,1356.0
0.830659517703491,0.689298176,0.0513024805,0.09826971100000001,1035.0,1356.0
0.8449378713176912,0.7969728444999999,0.060355477500000004,0.099271467,1035.0,1356.0
0.8409876278201555,0.6868912815,0.057077038999999996,0.13276792999999998,1035.0,1356.0
0.830632105427016,0.535098008,0.060283623499999994,0.1714900165,1035.0,1356.0
0.8239398854061656,0.390536449,0.072827679,0.231255009,1035.0,1356.0
0.7968920924154705,0.1967939715,0.0901673445,0.24266536,1035.0,1356.0
0.7376051278365512,0.0042474965,0.1283806695,0.236346966,1035.0,1356.0
0.6298673960917217,0.0,0.10633786266666667,0.18294839933333332,1035.0,1356.0
0.5806327486330756,0.0,0.08439427399999999,0.1564004555,1035.0,1356.0
0.6297285311102511,0.003830458,0.06177904066666667,0.12302915166666666,1035.0,1356.0
0.7688408257367553,0.242117745,0.0345587055,0.071716602,1035.0,1356.0
0.8290060016420742,0.571339818,0.015989558,0.0522961085,1035.0,1356.0
0.8515158738067435,0.802889717,0.030037011,0.049650648500000005,1035.0,1356.0
0.8500964262340172,0.8242654825,0.0440856615,0.0893134475,1035.0,1356.0
0.8382696480739683,0.7051129439999999,0.050780825,0.1775060285,1035.0,1356.0
0.8300091204822231,0.46158723150000003,0.066342267,0.20689586999999998,1035.0,1356.0
0.8071145456925786,0.1783660185,0.102278765,0.2326331465,1035.0,1356.0
0.7274701452515471,0.0021085643333333334,0.13760146833333334,0.22808915666666665,1035.0,1356.0
0.6074274443040821,0.0,0.12514800950000002,0.1788633575,1035.0,1356.0
0.6086973444304925,0.0,0.089921045,0.1374429605,1035.0,1356.0
0.7155175724749441,0.081864489,0.0671244245,0.101728668,1035.0,1356.0
0.806873956912217,0.310701585,0.027483391,0.045282786,1035.0,1356.0
0.839236971369336,0.550556626,0.021864469,0.0407176255,1035.0,1356.0
0.8535765811921199,0.7469695295000001,0.0388636775,0.0802617685,1035.0,1356.0
0.8518016618029589,0.7578694815,0.0625547815,0.1155905615,1035.0,1356.0
0.8383288637807413,0.588358286,0.07727200649999999,0.2216673735,1035.0,1356.0
0.823461901375044,0.3415323085,0.1066014505,0.33018027800000005,1035.0,1356.0
0.7856152886685466,0.100271731,0.1352642475,0.28167758649999997,1035.0,1356.0
0.7331230073191916,0.0017929535,0.15185835250000002,0.2644096255,1035.0,1356.0
0.6196490826726994,0.0,0.177119916,0.382684888,1035.0,1356.0
0.5545430675898348,0.0,0.19387259166666668,0.5342035083333333,1035.0,1356.0
0.5516952420556653,0.0,0.2136600065,0.676014251,1035.0,1356.0
0.567608992166317,0.0470982985,0.21160230949999997,0.7463647425,1035.0,1356.0
0.6347592288546612,0.27049477450000003,0.211306735,0.713824888,1035.0,1356.0
0.6617664800963998,0.483920492,0.2274805225,0.676997051,1035.0,1356.0
0.6646635929706252,0.582751255,0.22750413149999998,0.6276287039999999,1035.0,1356.0
0.6730654176944368,0.6204266945000001,0.2497411785,0.6041543865000001,1035.0,1356.0
0.6737196073333477,0.5141224565,0.2617030725,0.589273453,1035.0,1356.0
0.6682545501130395,0.355263705,0.244190981,0.56113183,1035.0,1356.0
0.6489460087870783,0.1621696075,0.1830848915,0.5121624965,1035.0,1356.0
0.6332527318852017,0.001359619,0.1291965645,0.442872017,1035.0,1356.0
0.5950901245169917,0.0,0.1113176025,0.3859228365,1035.0,1356.0
0.5412409232995166,0.0,0.12657317333333332,0.4688661676666667,1035.0,1356.0
0.5463011105725059,0.0,0.16530890050000002,0.5958744475,1035.0,1356.0
0.5650323539461453,0.0634485995,0.193493637,0.6623316575,1035.0,1356.0
0.6158702764577336,0.236476349,0.177344771,0.698410285,1035.0,1356.0
0.6602663039748722,0.4421030385,0.22863213250000003,0.7159472375,1035.0,1356.0
0.6788095872657771,0.6114708135,0.237433044,0.7390057274999999,1035.0,1356.0
0.6884843283988361,0.637573611,0.28916776,0.786849991,1035.0,1356.0
0.688318457823886,0.555210628,0.321776574,0.786258126,1035.0,1356.0
0.6831947892116187,0.368438977,0.308225922,0.768421897,1035.0,1356.0
0.6631963070452944,0.15048139300000002,0.270460712,0.748541518,1035.0,1356.0
0.6466792218552428,0.0011185155,0.2415296005,0.719587537,1035.0,1356.0
0.6427742218156492,0.0,0.23348069500000002,0.6780751455,1035.0,1356.0
0.5865600434806845,0.0,0.20909859333333333,0.679464197,1035.0,1356.0
0.6068989383643465,0.0,0.1902463535,0.6796458599999999,1035.0,1356.0
0.7067080907209795,0.063724649,0.1799613725,0.6614221975000001,1035.0,1356.0
0.7788838576035673,0.231428656,0.172635434,0.644128768,1035.0,1356.0
0.8048051767124567,0.4304456525,0.173402758,0.6408731505,1035.0,1356.0
0.8180351679779456,0.613341057,0.1527911415,0.5213607555,1035.0,1356.0
0.8260278275428408,0.6878642025,0.177622411,0.49776468,1035.0,1356.0
0.8237024015193684,0.6124173635,0.174534153,0.41100793999999996,1035.0,1356.0
0.8161351193077708,0.416713141,0.13790120449999999,0.273565253,1035.0,1356.0
0.7839780513671245,0.1823459415,0.10504862749999999,0.1564259355,1035.0,1356.0
0.7203205447165133,0.001904426,0.106449434,0.12719524799999998,1035.0,1356.0
0.6115809582032555,0.0,0.11105705333333334,0.220985066,1035.0,1356.0
0.5779232852864216,0.0,0.108833895,0.3188458235,1035.0,1356.0
0.6064127484382342,0.0,0.10180095850000001,0.372131126,1035.0,1356.0
0.7069958525521518,0.068617767,0.09969824050000001,0.32328863350000003,1035.0,1356.0
0.7916208280454897,0.3315803,0.0745306385,0.281614598,1035.0,1356.0
0.8129032269050742,0.5804080165,0.068208498,0.179574916,1035.0,1356.0
0.8281918852059891,0.692213632,0.064261874,0.107525286,1035.0,1356.0
0.8276537096111383,0.654140838,0.07009673599999999,0.1414315505,1035.0,1356.0
0.8211835373921992,0.48114106599999995,0.08849801,0.1910155235,1035.0,1356.0
0.8125472228674528,0.316215404,0.107750107,0.208138594,1035.0,1356.0
0.7847431984426181,0.1576269175,0.1408262805,0.202523155,1035.0,1356.0
0.7229312929793874,0.0013706415,0.196626319,0.19443906849999998,1035.0,1356.0
0.6109504474632484,0.0,0.18635479766666666,0.18447681966666665,944.3333333333334,1237.0
0.5732996014757822,0.0,0.1660394355,0.193253608,763.0,999.0
0.6023144655472155,0.0,0.1524589665,0.17946568699999998,763.0,999.0
0.7027351589288593,0.0549133475,0.1200590485,0.146595904,763.0,999.0
0.77137756538872,0.3205439605,0.067314227,0.099858905,763.0,999.0
0.7879738045344361,0.623270333,0.046123291,0.063354401,763.0,999.0
0.7991664199236297,0.8122032246666665,0.047668756,0.09955000666666668,763.0,999.0
0.7918865669344914,0.705012003,0.0740959535,0.146081338,763.0,999.0
0.7851904434858152,0.452431946,0.0920005625,0.22914142250000002,763.0,999.0
0.7556131852751388,0.1998044785,0.11710490900000001,0.3058663405,763.0,999.0
0.7080373174884154,0.001773852,0.184748384,0.22789551400000002,763.0,999.0
0.6258438684938757,0.0,0.1748411185,0.179434769,763.0,999.0
0.5737133058189721,0.0,0.157409355,0.168516444,763.0,999.0
0.6251375009811809,0.0015912343333333333,0.13447033766666663,0.18192150366666668,763.0,999.0
0.7491250709657905,0.241441937,0.09037649449999999,0.151578559,763.0,999.0
0.7845690554070637,0.579402881,0.06372771099999999,0.1009778825,763.0,999.0
0.801682844425281,0.8248050735000001,0.066595764,0.077205252,763.0,999.0
0.806182086478985,0.896265293,0.08691549500000001,0.088677453,763.0,999.0
0.7979033728579014,0.8033771035,0.09977311999999999,0.11255701300000001,763.0,999.0
0.7909135216792328,0.5580012089999999,0.12507778949999998,0.189147036,763.0,999.0
0.7637972424419195,0.230053789,0.1754916205,0.3068194915,763.0,999.0
0.716152223157404,0.0016100985,0.293150399,0.382023315,763.0,999.0
0.626088235012011,0.0,0.2888272883333333,0.31702126199999997,763.0,999.0
0.5909282457752789,0.0,0.22972240824999998,0.25985358475000003,763.0,999.0
0.7044193473619667,0.0842995205,0.1732892905,0.2365307865,763.0,999.0
0.778255239385541,0.323214411,0.08418379,0.166760897,763.0,999.0
0.7944701912537686,0.585226475,0.0546566705,0.0874481905,763.0,999.0
0.8105981160487885,0.8375107505,0.054252842,0.044984924499999995,763.0,999.0
0.8132683240079848,0.9041083345,0.063625427,0.06842875000000001,763.0,999.0
0.8011157928697609,0.7899689445,0.06941388849999999,0.158848837,763.0,999.0
0.7956350334033533,0.606868644,0.092164143,0.263280005,763.0,999.0
0.783270434496325,0.36387236749999996,0.130701773,0.313026007,763.0,999.0
0.735453756111355,0.048677246,0.2571753733333333,0.325184245,763.0,999.0
0.6334088884363975,0.0,0.2575129195,0.368420296,763.0,999.0
0.5589829904774353,0.0,0.2354290545,0.3349516015,763.0,999.0
0.5514559838788908,0.0017851165,0.1996040725,0.294662698,763.0,999.0
0.6078292906623762,0.231278484,0.134066287,0.2524546695,763.0,999.0
0.6703505428924342,0.5607242290000001,0.0913594885,0.26148419349999996,763.0,999.0
0.6878798178668798,0.7945243369999999,0.110751846,0.239359471,763.0,999.0
0.6891770636788415,0.8667742469999999,0.12933757499999998,0.325367004,763.0,999.0
0.6797961612353376,0.7446700555,0.171818969,0.4026732255,763.0,999.0
0.6706548053014862,0.490867424,0.2238266445,0.4754455225,763.0,999.0
0.6487078595478671,0.2001406705,0.27364213249999997,0.5204325725000001,763.0,999.0
0.6393354291605677,0.001043075,0.3695109855,0.5615978635000001,763.0,999.0
0.6163994920679019,0.0,0.37267425649999997,0.517289143,763.0,999.0
0.5493267903481367,0.0,0.3255720075,0.45021481525000007,763.0,999.0
0.5590510922380326,0.047547241,0.24971271633333333,0.349431756,763.0,999.0
0.6303618289499657,0.3705351445,0.12828861800000002,0.2512159055,763.0,999.0
0.667452809059744,0.6928252355,0.0796083965,0.1752545405,763.0,999.0
0.6784744750610989,0.855561286,0.0757190925,0.18143439150000001,763.0,999.0
0.6821291500742921,0.8209389635,0.075740912,0.219862263,763.0,999.0
0.6746933401126846,0.6263297035,0.077775249,0.278529315,763.0,999.0
0.667974484026095,0.415631909,0.086996198,0.316461833,763.0,999.0
0.6504087038111255,0.19823995549999998,0.129325468,0.3299002055,763.0,999.0
0.6388504146363918,0.000971372,0.199974208,0.3336221035,763.0,999.0
0.6317118809847311,0.0,0.1763074495,0.24014670999999999,763.0,999.0
0.5787148022158204,0.0,0.1210663615,0.14982004775000002,763.0,999.0
0.6439327209962579,0.001420827,0.0747450435,0.0873738295,763.0,999.0
0.7534169692325807,0.22481178400000001,0.041394013,0.0635362965,763.0,999.0
0.7945164106192872,0.5632132315,0.0121680915,0.025491452499999998,763.0,999.0
0.8106695298156558,0.8109693769999999,0.015337834,0.021596854999999998,763.0,999.0
0.8122733223761691,0.8550783405,0.0220357475,0.0444156465,763.0,999.0
0.8004600728798019,0.7537166319999999,0.0344842975,0.0915112115,763.0,999.0
0.7926099302934786,0.5011543190000001,0.0431196135,0.13987727900000002,763.0,999.0
0.7649631491857386,0.1982795315,0.07658811,0.14748916099999998,763.0,999.0
0.7166902434999837,0.0008192505,0.1430415895,0.1642971245,763.0,999.0
0.6205719017849602,0.0,0.19630742166666668,0.13738920666666665,763.0,999.0
0.591271253471646,0.0,0.1809074975,0.13236667375000002,763.0,999.0
0.7054760487368955,0.075179257,0.1910441245,0.197984869,763.0,999.0
0.7909916775556562,0.373029622,0.139415778,0.23523207750000003,763.0,999.0
0.8123363971168185,0.6607971415,0.149027157,0.2608253015,763.0,999.0
0.8177742639291565,0.781810261,0.20640541550000002,0.2806898675,763.0,999.0
0.8081862395166237,0.6706593365,0.2738842725,0.402374931,763.0,999.0
0.7971662589667274,0.44050447849999996,0.29456172049999996,0.5072515885,763.0,999.0
0.7797885052988653,0.183364223,0.30809042799999997,0.5394579255,763.0,999.0
0.7597077199906033,0.066161895,0.323616723,0.487242123,763.0,999.0
0.7223088624780659,0.0,0.32318053199999996,0.423127132,763.0,999.0
0.6374607893696917,0.0,0.260882075,0.45968456599999996,763.0,999.0
0.5881950185299043,0.0,0.24863620549999998,0.5146565175,763.0,999.0
0.6068135523992685,0.0,0.169987994,0.47510628349999995,763.0,999.0
0.7032327262597604,0.0402218395,0.102502482,0.34314512750000004,763.0,999.0
0.7690450867005287,0.23125771850000001,0.090667099,0.26643140649999997,763.0,999.0
0.7776030235815871,0.4454592855,0.081709686,0.25082320999999996,763.0,999.0
0.7854418996720638,0.5404096620000001,0.09508420149999999,0.2482201305,763.0,999.0
0.7824600883062183,0.5280239025,0.10232587800000001,0.24942600850000002,763.0,999.0
0.7807097423599412,0.404558748,0.076274782,0.2343534495,763.0,999.0
0.7614140644464882,0.2311933235,0.052663831,0.254406393,763.0,999.0
0.7111165945293156,0.029533050333333335,0.11423320333333332,0.24448193166666668,763.0,999.0
0.606558222482401,0.0,0.21487520266666668,0.24319973299999997,763.0,999.0
0.5729637574036968,0.0,0.256951386,0.2582305585,763.0,999.0
0.6038501933252156,0.0,0.30113486899999997,0.3692335,763.0,999.0
0.7025378840641912,0.027109162,0.35105966450000003,0.43623455,763.0,999.0
0.7661289227983307,0.12790064099999998,0.350710953,0.491394389,763.0,999.0
0.7710719058104671,0.2282921265,0.37554377650000004,0.48860740599999997,763.0,999.0
0.7698194155279693,0.32401487500000004,0.4002249715,0.4795728975,763.0,999.0
0.7657007065608213,0.360389645,0.4114149735,0.521057981,763.0,999.0
0.7618864152549967,0.334634479,0.3611432655,0.6120081985,763.0,999.0
0.7479815642342981,0.2187006435,0.30322426199999997,0.648751181,763.0,999.0
0.7308205578725614,0.084492517,0.242763423,0.605026027,763.0,999.0
0.692570102725218,0.0,0.2039973695,0.5559194425,763.0,999.0
0.595461401962926,0.0,0.1474125186666667,0.51688968,763.0,999.0
0.5676511529023591,0.0,0.13680789100000001,0.498563584,763.0,999.0
0.6075686083808518,0.0,0.12019732150000001,0.45890780600000003,763.0,999.0
0.7061461401162654,0.06522837949999999,0.111131457,0.44610857849999996,763.0,999.0
0.7659088265584713,0.32544073399999995,0.0975752775,0.484724239,763.0,999.0
0.7721686609046339,0.592479824,0.13869919549999998,0.5491098560000001,763.0,999.0
0.7747286877392241,0.6803371460000001,0.18758863050000002,0.5775039515,763.0,999.0
0.7755594821771244,0.623072811,0.2290820395,0.596753363,763.0,999.0
0.7717879946868509,0.4615241495,0.2287032375,0.6122134994999999,763.0,999.0
0.761527040111977,0.310421194,0.206267099,0.607197596,763.0,999.0
0.7376736805475426,0.1387498755,0.1832241805,0.5753051600000001,763.0,999.0
0.6923590108639903,0.0,0.1762099545,0.5352702505,763.0,999.0
0.5913785181871455,0.0,0.159803737,0.4519451585,763.0,999.0
0.5404836643082835,0.0,0.1394118275,0.3122734685,763.0,999.0
0.5407109684145128,0.0,0.1240798215,0.20812789799999998,763.0,999.0
0.550115135717117,0.0006625125,0.10628985,0.168331968,763.0,999.0
0.5939084270428965,0.20046593299999999,0.072146422,0.1279900565,763.0,999.0
0.6462490096111121,0.5133462155,0.058439015,0.114562323,763.0,999.0
0.6526659097998135,0.719643219,0.061658518,0.114726559,763.0,999.0
0.656211357272452,0.6954722955,0.08264648150000001,0.10420678250000001,763.0,999.0
0.6580715517683688,0.616059767,0.091772722,0.0999613385,763.0,999.0
0.6542355479742957,0.44337202600000003,0.084621437,0.11668874400000001,763.0,999.0
0.6336032801241455,0.177521038,0.08688116900000001,0.1506358665,763.0,999.0
0.6236563684970711,0.0,0.116184063,0.2018238175,763.0,999.0
0.5916009208875486,0.0,0.11806439699999999,0.2683958295,763.0,999.0
0.5403616399461443,0.0,0.1386529585,0.3563775705,763.0,999.0
0.5491968483985747,0.000621928,0.15139938149999999,0.4290015415,763.0,999.0
0.5938450195754198,0.20259650199999998,0.1404619665,0.47019815499999995,763.0,999.0
0.6503374453471497,0.5292210675,0.098632266,0.452043837,763.0,999.0
0.6701572600916292,0.7653821144999999,0.11655097149999999,0.3698016505,763.0,999.0
0.6748093985000734,0.8345892565,0.17901523349999998,0.3884859825,763.0,999.0
0.6746165370621331,0.706812513,0.2195736455,0.3785033445,763.0,999.0
0.6659124238654669,0.412247588,0.2193259215,0.3271044285,763.0,999.0
0.6454423893742751,0.1250889585,0.205208192,0.3241218975,763.0,999.0
0.6329009195070436,0.0,0.233950446,0.3402810715,763.0,999.0
0.6248061516319262,0.0,0.26378904449999996,0.3948884095,763.0,999.0
0.5783773908399127,0.0,0.22855706433333334,0.4251640016666667,763.0,999.0
0.6275105952732567,0.0,0.22844557433333335,0.47480428533333335,763.0,999.0
0.7468931258934444,0.082502918,0.2110075145,0.436094704,763.0,999.0
0.7711225163804291,0.278957868,0.20229564249999998,0.389799056,763.0,999.0
0.7761877898568615,0.44425782533333336,0.2176455783333333,0.42847625566666664,763.0,999.0
0.7727111390678904,0.445692942,0.3021591575,0.5048979435000001,763.0,999.0
0.7690551555721543,0.37974550399999996,0.325328642,0.563708974,763.0,999.0
0.7532072968134587,0.2055607105,0.273696884,0.604049243,763.0,999.0
0.7060570725749934,0.021651805333333333,0.196701098,0.5956974906666667,763.0,999.0
0.5964692965694691,0.0,0.17979397133333333,0.46990924733333334,763.0,999.0
0.5848698890643899,0.0,0.1878899335,0.40788408475,763.0,999.0
0.7018979993503183,0.0422274455,0.1662503265,0.33150164049999997,763.0,999.0
0.7612573535024411,0.185741402,0.150673346,0.265128317,763.0,999.0
0.7716924067695403,0.36736804349999996,0.166542303,0.216170097,763.0,999.0
0.7761067064264423,0.5240893933333334,0.183486509,0.23271318500000002,763.0,999.0
0.7754400009335803,0.4203992123333333,0.2740051663333333,0.4288317273333333,763.0,999.0
0.7682988354513567,0.260553932,0.3005139015,0.5161347965,763.0,999.0
0.7402458831693222,0.10286258000000001,0.241920824,0.49986528599999996,763.0,999.0
0.6930628352665268,0.0,0.209691336,0.4983445105,763.0,999.0
0.6093870856752557,0.0,0.1633104035,0.4064013945,763.0,999.0
0.56829331458205,0.0,0.163157726,0.3406218183333333,763.0,999.0
0.625843520985939,0.0,0.12985161166666667,0.3139388026666667,763.0,999.0
0.7467453749340797,0.170866243,0.097970324,0.3216746075,763.0,999.0
0.7715956655713379,0.460976659,0.094098219,0.2881653315,763.0,999.0
0.7748505789448261,0.6446788555,0.1005869915,0.21616854800000002,763.0,999.0
0.7773288421817268,0.7363620263333334,0.10396575433333333,0.22519875133333334,763.0,999.0
0.7774103395675824,0.634949956,0.10325867,0.27871395600000004,763.0,999.0
0.7602157333139063,0.3600512465,0.0912090465,0.29024871350000003,763.0,999.0
0.7070979239264735,0.03374763333333333,0.11637655300000001,0.297991425,763.0,999.0
0.6098944114744804,0.0,0.0918609495,0.317726505,763.0,999.0
0.5680808624537753,0.0,0.08041354633333334,0.270921978,763.0,999.0
0.6025422798042076,0.0,0.0715105575,0.2620990585,763.0,999.0
0.7025307870561434,0.062698937,0.0711951945,0.256283354,763.0,999.0
0.7617733065595211,0.283087556,0.045526137,0.24881167,763.0,999.0
0.7754483694882706,0.5471114405,0.0368188925,0.2614372935,763.0,999.0
0.7905442550716498,0.8126600453333334,0.048389906333333337,0.28189736433333334,763.0,999.0
0.7951506621105471,0.7910823495,0.07502927549999999,0.3444940625,763.0,999.0
0.7892316619289537,0.5847092425,0.09650513999999999,0.359130484,763.0,999.0
0.7776718646254566,0.363555146,0.135577218,0.437013843,763.0,999.0
0.7491034916087691,0.13286673999999998,0.2010752965,0.48996657,763.0,999.0
0.6984720700571247,0.0,0.2451630515,0.479874238,763.0,999.0
0.6176721201442712,0.0,0.24245084150000001,0.4161232755,763.0,999.0
0.5747556319657886,0.0,0.22641377275000002,0.43253151925,763.0,999.0
0.6446903718218833,0.0,0.19659330949999998,0.36047889850000003,763.0,999.0
0.7467963403519129,0.1190654475,0.16451126849999997,0.297331671,763.0,999.0
0.7708764717001495,0.3516437335,0.13762695800000002,0.242135617,763.0,999.0
0.7748599085584896,0.547556868,0.12172452366666665,0.23169833733333337,763.0,999.0
0.7748996813860245,0.570872363,0.1658826815,0.34743736150000004,763.0,999.0
0.7718732032786134,0.4544312,0.18168085099999998,0.46971074300000004,763.0,999.0
0.762053461231883,0.307918557,0.201079934,0.508496538,763.0,999.0
0.7378143567211439,0.130999977,0.2203458735,0.541719218,763.0,999.0
0.6925606548626776,0.0,0.237832552,0.49469288,763.0,999.0
0.5761817810590767,0.0,0.21247973033333334,0.49097809900000006,763.0,999.0
0.5409125236506119,0.0,0.17885698049999998,0.3385660665,763.0,999.0
0.5637928822271863,0.0423003235,0.1418137665,0.2956142625,763.0,999.0
0.6088201893213865,0.229448012,0.103659039,0.287598073,763.0,999.0
0.6468568690261821,0.46041023049999996,0.100485505,0.28558562899999995,763.0,999.0
0.652757705248861,0.653795674,0.1034874445,0.2234080855,763.0,999.0
0.6564431413710226,0.6173806715,0.099022575,0.2769226965,763.0,999.0
0.6582607093740835,0.536690967,0.096342425,0.3490976755,763.0,999.0
0.6537551686947323,0.394653711,0.1095243705,0.41791457649999997,763.0,999.0
0.6320788410642766,0.143389183,0.13649042150000001,0.426142463,763.0,999.0
0.624127699054674,0.0,0.181221478,0.3817435675,763.0,999.0
0.5770222156489301,0.0,0.15081503266666665,0.330359963,763.0,999.0
0.540263412841463,0.0,0.12547218825,0.30428582525000003,763.0,999.0
0.5632002148568326,0.05464593,0.09872802850000001,0.33932959500000004,763.0,999.0
0.6095630695664007,0.28328646,0.064712865,0.35548283,763.0,999.0
0.6473594930151808,0.5448846625,0.06282403,0.38460711849999996,763.0,999.0
0.6611553826565383,0.8190114472499999,0.07747084374999999,0.415806092,763.0,999.0
0.6679666329789757,0.7524104605,0.1066691085,0.528675702,763.0,999.0
0.6625807518353763,0.494013486,0.1455615465,0.627747474,763.0,999.0
0.6383891086070856,0.149129017,0.183809642,0.6596832935,763.0,999.0
0.6305468318321179,0.0,0.20778581100000001,0.6145218170000001,763.0,999.0
0.5812749177117581,0.0,0.18237938350000002,0.457317306,763.0,999.0
0.6031645328309732,0.0,0.14399318500000002,0.2870107905,763.0,999.0
0.7020147674334498,0.039867843,0.11652532,0.19769562699999998,763.0,999.0
0.7682265345648109,0.281713006,0.069574726,0.15206963499999998,763.0,999.0
0.7786443332655792,0.5465251335,0.0792134035,0.112155035,763.0,999.0
0.7851620111102955,0.6417758520000001,0.099217982,0.11309904600000001,763.0,999.0
0.7817675526724333,0.581175029,0.11122262599999999,0.146974521,763.0,999.0
0.7775701111631057,0.435217019,0.14063961349999998,0.21505346349999999,763.0,999.0
0.7618496881459675,0.241268008,0.159988472,0.2697625795,763.0,999.0
0.7136445073109514,0.012608932333333335,0.18296891666666668,0.28977888533333335,763.0,999.0
0.620475707622801,0.0,0.157987154,0.27336580850000003,763.0,999.0
0.5752203867266287,0.0,0.13466086575,0.24424178775,763.0,999.0
0.644101430354179,0.0,0.1102080895,0.2040404485,763.0,999.0
0.7471672924953215,0.140496953,0.06968469199999999,0.1629946555,763.0,999.0
0.7765234343670937,0.4192846145,0.040522654,0.10041523050000001,763.0,999.0
0.7871396389911374,0.6440771665,0.039852543000000004,0.06877011350000001,763.0,999.0
0.7908621570195791,0.6346148149999999,0.03444708,0.0798835155,763.0,999.0
0.7859236096058346,0.5292930215,0.035163637,0.1316213305,763.0,999.0
0.7783483876604604,0.3537931725,0.051841426999999995,0.19358648550000002,763.0,999.0
0.7480379633297645,0.11752373799999999,0.09740768650000001,0.2212391525,763.0,999.0
0.700803151525495,0.0,0.14719926,0.199962199,763.0,999.0
0.620139220369966,0.0,0.1286182815,0.211192457,763.0,999.0
0.5715769782599023,0.0,0.110593095,0.215189118,763.0,999.0
0.5783771838537578,0.0,0.08354945,0.2162600105,763.0,999.0
0.644443683960854,0.0,0.071523791,0.1728275395,763.0,999.0
0.7470524317321536,0.16989713350000002,0.0490143605,0.12234695200000001,763.0,999.0
0.7774166825365586,0.492241866,0.015170488999999999,0.0799157975,763.0,999.0
0.7902227601835641,0.749153228,0.015918915,0.053797174,763.0,999.0
0.7954328571834794,0.795639758,0.0199198905,0.0846137575,763.0,999.0
0.7891346102430821,0.5959423046666666,0.037682617333333335,0.21921560233333334,763.0,999.0
0.7670337923115134,0.2608977305,0.0672449595,0.28991408799999996,763.0,999.0
0.7144979974339912,0.015348802,0.11748353733333335,0.24538543333333332,763.0,999.0
0.6017994070509888,0.0,0.15042819866666665,0.189467409,763.0,999.0
0.567982406123781,0.0,0.1045439935,0.19534780899999998,763.0,999.0
0.6021067225691014,0.0,0.09226327749999999,0.24089879349999999,763.0,999.0
0.7020731404144934,0.041006344,0.08904536099999999,0.3075485015,763.0,999.0
0.7612970967677565,0.216346831,0.06747798,0.336951735,763.0,999.0
0.7732374715517589,0.4231015905,0.062593012,0.374792798,763.0,999.0
0.7854743685053958,0.6299209720000001,0.08344715250000001,0.460324432,763.0,999.0
0.7885614818123059,0.67975908,0.1346047095,0.514584856,763.0,999.0
0.7834134394033752,0.5578455055,0.2185762155,0.564096733,763.0,999.0
0.7726715732265107,0.347253406,0.2765012535,0.6251470109999999,763.0,999.0
0.7435545786225704,0.090970344,0.266109523,0.7139005565000001,763.0,999.0
0.6962896488900819,0.0,0.2671131765,0.7203007495,763.0,999.0
0.6131807734810155,0.0,0.2953514265,0.678470452,763.0,999.0
0.5738966046973483,0.0,0.243500522,0.6551992165,763.0,999.0
0.6447299376632629,0.0,0.217494939,0.6023985085,763.0,999.0
0.7466438431883731,0.0730147675,0.2083607485,0.4886623535,763.0,999.0
0.7706734970472546,0.2615254765,0.213862398,0.43951869450000003,763.0,999.0
0.7719895056049312,0.44029951749999996,0.203716416,0.4255881155,763.0,999.0
0.7692999138909349,0.537745908,0.2910034325,0.5165287355,763.0,999.0
0.7660224674751335,0.5000072345,0.377189432,0.664139064,763.0,999.0
0.7596264147760461,0.341599981,0.4078337595,0.7409321495000001,763.0,999.0
0.7357388565328719,0.0886861365,0.35786475250000005,0.7384074785,763.0,999.0
0.6928115565548343,0.0,0.316054106,0.7124360475,763.0,999.0
0.576084433683519,0.0,0.32357636566666664,0.6857422743333333,763.0,999.0
0.5422633519973538,0.0,0.270572749,0.59791977675,763.0,999.0
0.5675429233904252,0.019109302,0.218137412,0.422172401,763.0,999.0
0.6136787178820726,0.123287969,0.205668119,0.332921525,763.0,999.0
0.6494859808435709,0.26722925000000003,0.226153689,0.28387828800000003,763.0,999.0
0.650259333814055,0.418968871,0.17629974399999998,0.17277463999999998,763.0,999.0
0.6481121980916511,0.468325426,0.2184568195,0.23324930649999998,763.0,999.0
0.647501544236939,0.371158788,0.2518406025,0.2778061515,763.0,999.0
0.645044956468019,0.238923298,0.24712555,0.2557933695,763.0,999.0
0.6324666042901074,0.07848638399999999,0.1946125125,0.2279258295,763.0,999.0
0.6319672404975647,0.0,0.172097249,0.1461584065,763.0,999.0
0.5935630906130809,0.0,0.14556773099999998,0.1571581535,763.0,999.0
0.5453127623888986,0.0,0.12932960924999998,0.1397795665,763.0,999.0
0.5569728715156663,0.0,0.13281116399999998,0.23093886149999998,763.0,999.0
0.6019110445704747,0.1304926055,0.1389094115,0.39474113499999997,763.0,999.0
0.648801540195834,0.42804342250000005,0.151368746,0.557637268,763.0,999.0
0.649961702656237,0.59741039,0.17576748749999999,0.574823524,763.0,999.0
0.6501795588999257,0.655926011,0.22845734950000002,0.6469387805,763.0,999.0
0.6494626937621859,0.615381041,0.258938911,0.697932491,763.0,999.0
0.6465846984815466,0.383398026,0.282143347,0.7108936475000001,763.0,999.0
0.629432097661021,0.093736869,0.2862643305,0.720761,763.0,999.0
0.6235132305600346,0.0,0.303101912,0.7127937616666666,763.0,999.0
0.5816202762373077,0.0,0.29869070649999996,0.6737252165000001,763.0,999.0
0.5670989606647281,0.0,0.2652630835,0.6155660620000001,763.0,999.0
0.6036349763195179,0.0,0.22409260749999999,0.591965658,763.0,999.0
0.7026005596136404,0.0210049365,0.19390981499999999,0.5521664625,763.0,999.0
0.7615624364149378,0.128610553,0.16768809,0.498412657,763.0,999.0
0.7704901279164242,0.267178103,0.155249999,0.446079766,763.0,999.0
0.7734315305632998,0.4164299145,0.1004025605,0.32970099900000005,763.0,999.0
0.774536462074605,0.4968361716666667,0.13289756033333333,0.38362266866666667,763.0,999.0
0.7717287789800777,0.3927074035,0.133875756,0.4089386145,763.0,999.0
0.7616544315102055,0.268086472,0.107025941,0.353738303,763.0,999.0
0.7372620093324822,0.08992945050000001,0.098845423,0.28131941149999995,763.0,999.0
0.6925834318439198,0.0,0.103519771,0.224887499,763.0,999.0
0.5954684546445183,0.0,0.10237397166666667,0.21138551633333333,763.0,999.0
0.5679679681181362,0.0,0.099969525,0.1551229905,763.0,999.0
0.6075936031866003,0.0,0.09952839150000001,0.1650586625,763.0,999.0
0.7058036869139902,0.0306672635,0.1151803095,0.21016124949999998,763.0,999.0
0.7614259963453689,0.247876802,0.099899648,0.206311379,763.0,999.0
0.7714955089244082,0.5171128405000001,0.0600856375,0.126119975,763.0,999.0
0.7796651503078287,0.7787023235,0.05337175,0.0836761845,763.0,999.0
0.7848849169375489,0.858128356,0.053088414,0.051366050499999996,763.0,999.0
0.7817866702153993,0.75896225,0.07166088400000001,0.0783174355,763.0,999.0
0.7760177276055749,0.4548014575,0.109891499,0.1921382535,763.0,999.0
0.743519160097325,0.090589205,0.216362407,0.360084156,763.0,999.0
0.6947327631685454,0.0,0.29164993699999997,0.41221327750000003,763.0,999.0
0.6116456667121004,0.0,0.2132925615,0.35612017500000004,763.0,999.0
0.5737347372720933,0.0,0.213814496,0.35540821875,763.0,999.0
0.6441181083559944,0.0,0.2383998265,0.40573234950000003,763.0,999.0
0.7467439998859231,0.0685695835,0.2563918585,0.432055733,763.0,999.0
0.7698514851701013,0.211482427,0.259591024,0.437887326,763.0,999.0
0.7725408550662126,0.3310388195,0.24131709550000002,0.42866863099999997,763.0,999.0
0.7733769279294749,0.464873607,0.250267087,0.393020163,763.0,999.0
0.7681623065938896,0.44245932099999996,0.3094775395,0.48110617099999997,763.0,999.0
0.7623564595017207,0.3356892495,0.3534522765,0.5362805884999999,763.0,999.0
0.755174412288146,0.206964921,0.332441134,0.521554378,763.0,999.0
0.7358465094296698,0.059375161499999995,0.2956603505,0.4641845505,763.0,999.0
0.6926137271960745,0.0,0.258097224,0.38758652800000004,763.0,999.0
0.6086944613041927,0.0,0.216611561,0.33882347349999997,763.0,999.0
0.567954062434919,0.0,0.168625335,0.17489821733333333,763.0,999.0
0.6042630400434525,0.0,0.1195054455,0.1200125705,763.0,999.0
0.7045810927924467,0.015431293,0.0981118465,0.1043731145,763.0,999.0
0.7628167453813619,0.12896506,0.077940631,0.087426604,763.0,999.0
0.7705453959026631,0.30898877950000003,0.0722196645,0.071166142,763.0,999.0
0.7705467266074909,0.48351086933333337,0.07373242066666667,0.044551528666666666,763.0,999.0
0.7674963847529387,0.4579665215,0.0985126095,0.0599656655,763.0,999.0
0.7631996293224107,0.2874811645,0.11017242399999999,0.12400902550000001,763.0,999.0
0.7477543044713976,0.109127084,0.111604494,0.20000843899999998,763.0,999.0
0.705247376956191,0.0014182356666666666,0.12919998266666669,0.202014236,763.0,999.0
0.5955276704019115,0.0,0.125904339,0.17213827566666665,763.0,999.0
0.585701005092665,0.0,0.10029871124999999,0.12069574375,763.0,999.0
0.7047190410413994,0.011707329,0.10459130750000001,0.10697971,763.0,999.0
0.766457692084653,0.205648,0.083831043,0.0939140105,763.0,999.0
0.7708770483659055,0.4489907435,0.104703086,0.07479936400000001,763.0,999.0
0.7718722717649859,0.5781246554999999,0.1331201075,0.0779042695,763.0,999.0
0.7685001245515524,0.514191053,0.1699847945,0.116823861,763.0,999.0
0.7642199584868021,0.3982213115,0.187404032,0.168297019,763.0,999.0
0.748315367905813,0.19865917,0.1710077925,0.208296569,763.0,999.0
0.7057924278086984,0.003111548,0.18306385166666664,0.23091281533333333,763.0,999.0
0.5831439095242215,0.0,0.162310942,0.237563593,1064.0,1393.3333333333333
0.5514892068019148,0.0,0.16523337075,0.195980584,1666.0,2182.0
0.5767458903301117,0.0238405515,0.181543353,0.182457612,1666.0,2182.0
0.6363419743299602,0.348039624,0.14631101349999998,0.1587414525,1666.0,2182.0
0.6543391200699525,0.672437027,0.18190390499999998,0.11268900750000001,1666.0,2182.0
0.654779401236329,0.8212992275,0.2146872215,0.073678662,1666.0,2182.0
0.655114934803872,0.769469766,0.2360572095,0.0764844815,1666.0,2182.0
0.652525640241714,0.526379798,0.242175354,0.15489475500000002,1666.0,2182.0
0.6364274711533604,0.111238541,0.24215953299999998,0.2684781775,1666.0,2182.0
0.6249869702957902,0.0,0.295133566,0.374062759,1666.0,2182.0
0.567404997313137,0.0,0.2653297415,0.371986174,1666.0,2182.0
0.5514468131874659,0.0,0.22541221749999998,0.32777328725,1666.0,2182.0
0.5772149587704998,0.023857234,0.1985337775,0.2903815535,1666.0,2182.0
0.6361462519373845,0.3651768115,0.1091546815,0.2279391825,1666.0,2182.0
0.654496318942478,0.7137133335,0.09281448449999999,0.1379788005,1666.0,2182.0
0.6555973101406771,0.8824229290000001,0.1238712595,0.1011790125,1666.0,2182.0
0.6580680697540281,0.795168282,0.1576074535,0.126888969,1666.0,2182.0
0.656882025317578,0.5596456885000001,0.18330963849999998,0.2114671535,1666.0,2182.0
0.6509865783279631,0.345336568,0.177695722,0.287599785,1666.0,2182.0
0.6360674084862625,0.0953200815,0.19120215200000001,0.37139190499999997,1666.0,2182.0
0.6302066039123974,0.0,0.2154709435,0.433271108,1666.0,2182.0
0.6032860100980123,0.0,0.17124699799999998,0.438116108,1666.0,2182.0
0.5985744045942545,0.0,0.12931418050000001,0.35990918725,1666.0,2182.0
0.7207720258131228,0.0136951355,0.10959899849999999,0.3192676005,1666.0,2182.0
0.7764958003233541,0.303760493,0.0601969385,0.24533218350000002,1666.0,2182.0
0.778848549936644,0.6069283445,0.047276031999999996,0.191768794,1666.0,2182.0
0.7813162711208036,0.6744917795,0.073353452,0.217414941,1666.0,2182.0
0.7779130744823969,0.5319499536666666,0.10995501033333333,0.32114851833333335,1666.0,2182.0
0.7709446030482761,0.31515491549999997,0.1549632235,0.404230144,1666.0,2182.0
0.7470552261717959,0.07260003500000001,0.1831654565,0.4465090275,1666.0,2182.0
0.7036302922466233,0.0,0.1999945175,0.436928007,1666.0,2182.0
0.6039979886785293,0.0,0.16336926566666665,0.35184830599999994,1666.0,2182.0
0.5941555029839835,0.0,0.14549415625,0.39923930025000004,1666.0,2182.0
0.7146616058073595,0.015529475,0.1362625435,0.39164857750000004,1666.0,2182.0
0.7724037495936096,0.186482644,0.107007813,0.364041574,1666.0,2182.0
0.7784278742923318,0.427423112,0.07240884049999999,0.3235125485,1666.0,2182.0
0.7790951120907477,0.6626548843333333,0.07098058366666667,0.27839778,1666.0,2182.0
0.7783929214732799,0.547959002,0.08505592149999999,0.3488040175,1666.0,2182.0
0.7764859532189929,0.3769160975,0.10892179299999999,0.441261389,1666.0,2182.0
0.767960396484609,0.23337794,0.128724958,0.505818599,1666.0,2182.0
0.7470552261717959,0.06500308649999999,0.170409457,0.5638633915,1666.0,2182.0
0.7035282061080655,0.0,0.1985535075,0.5988803755000001,1666.0,2182.0
0.6046131816668945,0.0,0.17475228433333334,0.5463370853333332,1666.0,2182.0
0.5753413686915081,0.0,0.141577216,0.5553549695,1666.0,2182.0
0.6371154455830683,0.0,0.112993399,0.5333842010000001,1666.0,2182.0
0.7582113363373386,0.0938143275,0.10737961300000001,0.495161621,1666.0,2182.0
0.7786182516939318,0.293407935,0.080731535,0.497021546,1666.0,2182.0
0.7806089204112179,0.47782867749999997,0.0746494905,0.4705345095,1666.0,2182.0
0.7864427563949976,0.6187581295,0.0771920305,0.38467880899999995,1666.0,2182.0
0.7844612250863301,0.561549211,0.0792368785,0.358739655,1666.0,2182.0
0.7768333226250775,0.3235328903333334,0.10715689266666666,0.41783173366666665,1666.0,2182.0
0.7487062139041639,0.0485075575,0.152199023,0.4780276845,1666.0,2182.0
0.7041725042992866,0.0,0.177340561,0.48877694,1666.0,2182.0
0.6070566695761727,0.0,0.15239301066666666,0.4635861843333333,1666.0,2182.0
0.5940104687875052,0.0,0.13269164975,0.4494104285,1666.0,2182.0
0.7134917292219618,0.0068368955,0.141452708,0.451876941,1666.0,2182.0
0.775526037486836,0.117166354,0.127902428,0.39669644049999997,1666.0,2182.0
0.7780742211092033,0.281612574,0.0963141455,0.2852649785,1666.0,2182.0
0.7774008917050419,0.376307755,0.08841615750000001,0.2142390495,1666.0,2182.0
0.7744641907671519,0.420374482,0.116714906,0.314436583,1666.0,2182.0
0.7719678597329165,0.3318110835,0.1728337755,0.46451414049999995,1666.0,2182.0
0.7651376470691642,0.206698581,0.190541461,0.527401213,1666.0,2182.0
0.746749766189143,0.0539581055,0.1736532375,0.5925537275,1666.0,2182.0
0.7038126855711175,0.0,0.1644530445,0.5545650145000001,1666.0,2182.0
0.6164030849405648,0.0,0.190804579,0.5357131505,1666.0,2182.0
0.5818957957156772,0.0,0.16658178924999997,0.47221291575,1666.0,2182.0
0.6579360652322311,0.0,0.14976926350000003,0.417042008,1666.0,2182.0
0.7597701737221678,0.07978893050000001,0.1370803615,0.31082516849999997,1666.0,2182.0
0.7793983468752128,0.348838486,0.1447734255,0.20116073,1666.0,2182.0
0.7782094192618427,0.5365542125,0.12596110900000002,0.1277296645,1666.0,2182.0
0.7756306740754868,0.5782956375,0.146950377,0.2091098005,1666.0,2182.0
0.7726043585434081,0.47085445733333336,0.16996379966666667,0.321830761,1666.0,2182.0
0.7585058403286874,0.230394897,0.143160904,0.3950163295,1666.0,2182.0
0.7182899035423457,0.0006755143333333334,0.13833473766666668,0.3441698073333333,1666.0,2182.0
0.598564912363075,0.0,0.1088741365,0.3303150115,1666.0,2182.0
0.548265682903288,0.0,0.09712452199999999,0.21677436166666667,1666.0,2182.0
0.5580726429179803,0.0,0.08834923950000001,0.1487040455,1666.0,2182.0
0.5764935914181339,0.011142278,0.089407285,0.1381206055,1666.0,2182.0
0.6366520695572255,0.3285435335,0.056780540500000004,0.13938202500000002,1666.0,2182.0
0.6543677742633572,0.692690417,0.03620758,0.12426656850000001,1666.0,2182.0
0.6548319635202036,0.844752877,0.0375940175,0.1328243795,1666.0,2182.0
0.6557922784941812,0.810958261,0.034789154,0.134457586,1666.0,2182.0
0.6546709055631816,0.6083717385,0.032978546,0.1294448535,1666.0,2182.0
0.644850897456478,0.2510502145,0.038592082,0.12479981100000001,1666.0,2182.0
0.6323074093603404,0.0005495483333333333,0.06739224333333332,0.133810773,1666.0,2182.0
0.5973804425197614,0.0,0.090514806,0.1275602335,1666.0,2182.0
0.5486358514538424,0.0,0.089710472,0.1485399735,1666.0,2182.0
0.5600017005788107,0.0,0.09757381,0.134558505,1666.0,2182.0
0.6045078427561824,0.1160535565,0.0984066865,0.1647734935,1666.0,2182.0
0.6516800898693247,0.46834599,0.0401958345,0.147969031,1666.0,2182.0
0.6639194708593017,0.705841785,0.036120278000000006,0.153130598,1666.0,2182.0
0.672635205450306,0.7596015035,0.044702593,0.18355667650000002,1666.0,2182.0
0.671303184243228,0.634692788,0.0496630305,0.24989455900000002,1666.0,2182.0
0.6650293776482344,0.372738628,0.054914439499999995,0.2757480835,1666.0,2182.0
0.6395164917802342,0.0686228725,0.095788023,0.3398556485,1666.0,2182.0
0.6239841508152948,0.0,0.12341357474999999,0.35403861675,1666.0,2182.0
0.5759981457501593,0.0,0.11266665399999999,0.2660412703333333,1666.0,2182.0
0.6153637047482008,0.0,0.09646801099999999,0.237162319,1666.0,2182.0
0.7169878746071816,0.0076882715,0.082856436,0.195957086,1666.0,2182.0
0.7732105028604331,0.159471848,0.057231015,0.135982835,1666.0,2182.0
0.778824686189503,0.39944969750000003,0.0368086775,0.163782035,1666.0,2182.0
0.7835292981445435,0.6964667935,0.039672771,0.197635632,1666.0,2182.0
0.7868417860660548,0.8019202670000001,0.061918960999999995,0.276547181,1666.0,2182.0
0.7828494483980906,0.66541703,0.088596394,0.328456336,1666.0,2182.0
0.7766531766704353,0.42304441449999997,0.09454309,0.3608976845,1666.0,2182.0
0.7374357161565687,0.05424252499999999,0.13399962733333334,0.33963576200000006,1666.0,2182.0
0.6615689391211383,0.0,0.1204739965,0.347183865,1666.0,2182.0
0.5895720614276598,0.0,0.0939695555,0.394533333,1666.0,2182.0
0.5836897144158005,0.0,0.08468025066666666,0.43785576033333334,1666.0,2182.0
0.6613385522423887,0.0,0.080511549,0.4418781505,1666.0,2182.0
0.7595597028194049,0.1283984375,0.079810327,0.43286194499999997,1666.0,2182.0
0.780923850478696,0.526629939,0.0536132495,0.422250239,1666.0,2182.0
0.7917333601258292,0.806041408,0.043587149500000005,0.33415322999999997,1666.0,2182.0
0.7982902045701046,0.8876023755,0.056326111,0.31563265799999995,1666.0,2182.0
0.795479564426856,0.7564930495,0.06337361250000001,0.2964110705,1666.0,2182.0
0.786439607056864,0.460517497,0.054464033999999995,0.27964278200000003,1666.0,2182.0
0.7525133860302765,0.0815569095,0.0679344115,0.267138496,1666.0,2182.0
0.7049239452871627,0.0,0.07926485,0.26914237350000003,1666.0,2182.0
0.6178788207504357,0.0,0.09272791999999999,0.21511618249999997,1666.0,2182.0
0.5818670417244725,0.0,0.10081131274999999,0.22680827275,1666.0,2182.0
0.6577734548537368,0.0,0.125340853,0.275612186,1666.0,2182.0
0.7585158648569843,0.11382023999999999,0.11110771150000001,0.224785758,1666.0,2182.0
0.78029563150249,0.4677466555,0.0482326245,0.1151641705,1666.0,2182.0
0.7875713149700825,0.6968259195,0.038542343500000006,0.07815749899999999,1666.0,2182.0
0.7877997058422106,0.725590306,0.068502056,0.20100844099999998,1666.0,2182.0
0.7817941220713184,0.5576431705,0.09029782750000001,0.450079354,1666.0,2182.0
0.7746019615921689,0.28644393199999996,0.114488052,0.4846336565,1666.0,2182.0
0.7373394037624058,0.029584645333333336,0.16698939133333335,0.4171740916666667,1666.0,2182.0
0.6627286802186765,0.0,0.151641825,0.4109359805,1666.0,2182.0
0.5904840945145038,0.0,0.14841464,0.347564661,1666.0,2182.0
0.594314143470279,0.0,0.1312012235,0.29196092325,1666.0,2182.0
0.7152290787763644,0.0035297265,0.129800679,0.321531254,1666.0,2182.0
0.7758428305309488,0.1546117095,0.122604045,0.3144331335,1666.0,2182.0
0.7782705866319082,0.34170996249999996,0.109315751,0.229802545,1666.0,2182.0
0.7785634272928424,0.401566939,0.120260637,0.1910844975,1666.0,2182.0
0.7759458703041784,0.37162067,0.150618114,0.20105059549999998,1666.0,2182.0
0.772778294609681,0.26833320299999996,0.17682124500000002,0.2227844465,1666.0,2182.0
0.7585513499478432,0.1217459665,0.17672035600000002,0.22891657599999998,1666.0,2182.0
0.7286769706794913,0.0,0.17419153650000002,0.23538518000000003,1666.0,2182.0
0.6616313928527029,0.0,0.151498709,0.244544626,1666.0,2182.0
0.5825234713595541,0.0,0.12601327325,0.20646979525,1666.0,2182.0
0.6170705593042283,0.0,0.102297523,0.1782600325,1666.0,2182.0
0.7184071225843079,0.002662149,0.0916633375,0.174644872,1666.0,2182.0
0.7779373817471937,0.169302081,0.067462638,0.1580218495,1666.0,2182.0
0.7782759094005991,0.4241467535,0.0566108525,0.1444645485,1666.0,2182.0
0.7781485179517502,0.5692472295,0.069714051,0.18377958500000002,1666.0,2182.0
0.7756587960477046,0.564913596,0.100482714,0.308858943,1666.0,2182.0
0.7723396989960036,0.428555499,0.138634647,0.450807531,1666.0,2182.0
0.7583668275361206,0.186705965,0.163382382,0.5404513085,1666.0,2182.0
0.7291954964089491,0.0,0.2028318335,0.525532524,1666.0,2182.0
0.6530990273925288,0.0,0.2020354465,0.49632972249999996,1666.0,2182.0
0.5673926662736763,0.0,0.19135586300000001,0.461953552,1666.0,2182.0
0.5509929257565822,0.0,0.1588119135,0.3688465907499999,1666.0,2182.0
0.5764827241134876,0.0039946835,0.1265576075,0.28684100999999995,1666.0,2182.0
0.6213799562281392,0.218762448,0.093677312,0.222972674,1666.0,2182.0
0.6526082243428483,0.5036428875,0.059958690499999995,0.1572305295,1666.0,2182.0
0.6546453858761808,0.796391585,0.05473366966666667,0.08994988733333333,1666.0,2182.0
0.6552188395757358,0.7323355673333333,0.06400134766666667,0.07751526600000001,1666.0,2182.0
0.6521001002118433,0.4071412765,0.0792240555,0.1034350275,1666.0,2182.0
0.6369224658793776,0.04046895566666667,0.13613405966666667,0.163647005,1666.0,2182.0
0.6222118596036028,0.0,0.1604325925,0.214913802,1666.0,2182.0
0.5687720378542602,0.0,0.1470649655,0.273707316,1666.0,2182.0
0.5521270067465782,0.0,0.13828134,0.278795727,1666.0,2182.0
0.5769505948790344,0.0033342095,0.123953647,0.34878571049999996,1666.0,2182.0
0.6245992957734906,0.195004725,0.099861427,0.327628991,1666.0,2182.0
0.6525938307311525,0.4626967955,0.044661953500000004,0.251577353,1666.0,2182.0
0.656369731648154,0.696384601,0.036773477,0.156371476,1666.0,2182.0
0.6602855324774006,0.7227449365,0.038762154,0.11402282550000001,1666.0,2182.0
0.6620887511614747,0.6002841605,0.04581997,0.104289297,1666.0,2182.0
0.6583272883007382,0.412382705,0.044441835,0.103536488,1666.0,2182.0
0.6464206021459533,0.165669654,0.052190327,0.092664232,1666.0,2182.0
0.6312566850206841,0.0,0.05780307950000001,0.08926384550000001,1666.0,2182.0
0.5854347080311676,0.0,0.04282011333333333,0.08227002466666666,1666.0,2182.0
0.5939139715282316,0.0,0.038486423000000006,0.08871298150000001,1666.0,2182.0
0.6669643569151764,0.0,0.056832081500000006,0.1093801645,1666.0,2182.0
0.7652707160839551,0.106009452,0.0942547785,0.197233013,1666.0,2182.0
0.7791429430190504,0.49960911249999995,0.071358586,0.2797535945,1666.0,2182.0
0.7888325434699984,0.801810938,0.09146621399999999,0.26739405699999996,1666.0,2182.0
0.7960055420628531,0.877865941,0.14366111199999998,0.29783118350000004,1666.0,2182.0
0.7957506704278774,0.741434091,0.1794880395,0.2917167375,1666.0,2182.0
0.785180906936617,0.431057123,0.1620190375,0.3041097485,1666.0,2182.0
0.7507368477046502,0.056282554,0.20299118049999998,0.45688407999999997,1666.0,2182.0
0.7043147329449801,0.0,0.31211821399999995,0.6033308555000001,1666.0,2182.0
0.6084129980649207,0.0,0.3987661656666666,0.709102931,1666.0,2182.0
0.5944405479510291,0.0,0.37066133549999997,0.69456039675,1666.0,2182.0
0.7135630985948801,0.002487769,0.3021696275,0.592396527,1666.0,2182.0
0.772833473909262,0.172339737,0.251483849,0.55151553,1666.0,2182.0
0.7813195534889239,0.4087848085,0.1967978265,0.5563875725,1666.0,2182.0
0.7885594857550642,0.6407060874999999,0.14943277700000002,0.5024370105,1666.0,2182.0
0.787471069636495,0.675183534,0.172090629,0.45015332249999995,1666.0,2182.0
0.7821322505841437,0.549164451,0.15185410500000002,0.37721735850000004,1666.0,2182.0
0.7801331098106534,0.365905231,0.130332774,0.32499984,1666.0,2182.0
0.7640038100180973,0.158662462,0.106648678,0.2936954435,1666.0,2182.0
0.7290340171396825,0.0,0.0975826415,0.2929871825,1666.0,2182.0
0.6620475884540533,0.0,0.12576326100000002,0.4018434835,1666.0,2182.0
0.5828425487684765,0.0,0.13945910925,0.50214356275,1666.0,2182.0
0.6131625430071077,0.0,0.1180578255,0.5125441775,1666.0,2182.0
0.7145795687760153,0.002127176,0.11598828950000001,0.5653837100000001,1666.0,2182.0
0.7754265017983712,0.282819179,0.11018879649999999,0.589843892,1666.0,2182.0
0.7826384008801918,0.6392595765,0.13915539100000002,0.627485436,1666.0,2182.0
0.7894431530320019,0.791200379,0.189227332,0.6421403655,1666.0,2182.0
0.7879028343527181,0.721763949,0.2284052685,0.646544896,1666.0,2182.0
0.7845195980673738,0.518155652,0.215558725,0.6250090265,1666.0,2182.0
0.765121856136407,0.189418866,0.16822973800000002,0.604092056,1666.0,2182.0
0.7168013192191901,0.0,0.15420256533333335,0.5574997603333333,1666.0,2182.0
0.6177839868215766,0.0,0.162602536,0.5743737235,1666.0,2182.0
0.5754883434401366,0.0,0.15205425449999999,0.5988942035,1666.0,2182.0
0.587768909258579,0.0,0.154622346,0.616297301,1666.0,2182.0
0.6569757059149247,0.0,0.15049877550000001,0.617985636,1666.0,2182.0
0.7587317472150957,0.09550294299999999,0.1408796445,0.619938054,1666.0,2182.0
0.7789754090630655,0.4632243075,0.13565878599999998,0.62552375,1666.0,2182.0
0.7874981861726639,0.7774031063333333,0.14419818866666667,0.5855682056666667,1666.0,2182.0
0.7884010448643688,0.7828100645,0.1830652285,0.591626134,1666.0,2182.0
0.7858026499138603,0.5468363595,0.211996154,0.6225011355000001,1666.0,2182.0
0.7594456330987028,0.10955140966666667,0.20971698433333333,0.6703319143333334,1666.0,2182.0
0.7068947422199301,0.0,0.27949655500000004,0.753118266,1666.0,2182.0
0.6253875968497622,0.0,0.404320879,0.7896007894999999,1666.0,2182.0
0.5845111237940028,0.0,0.42833247750000003,0.80830018275,1666.0,2182.0
0.655275615690738,0.0,0.471468145,0.8268483825,1666.0,2182.0
0.7582607271114151,0.0456592825,0.44532837950000004,0.8095053045,1666.0,2182.0
0.7784752468375021,0.217179654,0.42206989699999997,0.735867148,1666.0,2182.0
0.7788702401519875,0.3786319515,0.4037042595,0.6432233065,1666.0,2182.0
0.777059569561374,0.461958521,0.4308949365,0.653522831,1666.0,2182.0
0.7723604282198674,0.3465335663333333,0.4384364023333333,0.6930841106666668,1666.0,2182.0
0.7600222952608302,0.103937457,0.33540653200000003,0.662683803,1666.0,2182.0
0.7326141068762101,0.0,0.257418163,0.60134361,1666.0,2182.0
0.6541909698687675,0.0,0.196078307,0.5268869119999999,1666.0,2182.0
0.568587759432087,0.0,0.18523274950000002,0.47086158850000004,1666.0,2182.0
0.5515448962016385,0.0,0.14251209550000002,0.39984896025,1666.0,2182.0
0.5924975106339394,0.045558258666666664,0.11450949866666667,0.39246552766666665,1666.0,2182.0
0.6588280714341462,0.348073986,0.1024933165,0.4505757675,1666.0,2182.0
0.654734601287606,0.565275984,0.17850219275,0.472230038,1666.0,2182.0
0.6549058168282216,0.442558151,0.27305764050000003,0.5537734125,1666.0,2182.0
0.6539498487153582,0.281046264,0.297919933,0.641909565,1666.0,2182.0
0.6461106399992949,0.09418557600000001,0.3225847865,0.7192821949999999,1666.0,2182.0
0.6278438297708107,0.0,0.41861547175,0.7462503092499999,1666.0,2182.0
0.5541674654544508,0.0,0.471486219,0.6956992689999999,1666.0,2182.0
0.5519409318880736,0.0,0.472928612,0.67146885,1666.0,2182.0
0.5849988329515842,0.024004432333333336,0.4663946286666667,0.6074118946666667,1666.0,2182.0
0.6511443539168649,0.1819004115,0.4976840265,0.59398068,1666.0,2182.0
0.6547540885186098,0.33597562400000003,0.5360989476666668,0.8199996633333333,1666.0,2182.0
0.6548831950486302,0.3814135655,0.603245271,0.8569272054999999,1666.0,2182.0
0.6529026840414883,0.2551294705,0.6500029675000001,0.8514029415,1666.0,2182.0
0.6446639354023644,0.07623809499999999,0.63568778,0.8478777055,1666.0,2182.0
0.6360526156327464,0.0,0.5825298805,0.8326647165000001,1666.0,2182.0
0.6318768866116671,0.0,0.4649718425,0.794569844,1666.0,2182.0
0.5876292532599527,0.0,0.41048384925,0.59409582625,1666.0,2182.0
0.6248006070959709,0.0,0.4114464485,0.544449688,1666.0,2182.0
0.7289123033073959,0.000909001,0.438083624,0.5152592855,1666.0,2182.0
0.8003552588165952,0.23734702400000002,0.437642055,0.4108940015,1666.0,2182.0
0.789322281976065,0.5578805330000001,0.38955215,0.3329065965,1666.0,2182.0
0.7811372489017078,0.724452619,0.38669212249999996,0.3333450745,1666.0,2182.0
0.7742769182591163,0.7245505034999999,0.43191651,0.380114065,1666.0,2182.0
0.7742634339387635,0.5538467785,0.475594301,0.42719131200000005,1666.0,2182.0
0.7705705459606829,0.1770308085,0.460143013,0.464607898,1666.0,2182.0
0.7476362721984315,0.0,0.474104641,0.491541362,1666.0,2182.0
0.6704958764823128,0.0,0.464756844,0.490498775,1666.0,2182.0
0.596058201902051,0.0,0.440622458,0.480697566,1666.0,2182.0
0.612159191288552,0.0,0.39423633575000006,0.43013126075,1666.0,2182.0
0.7454385037850215,0.000888281,0.354280931,0.39966621150000003,1666.0,2182.0
0.8088023048266844,0.211199182,0.311091799,0.389977562,1666.0,2182.0
0.8035857318784267,0.512823091,0.266067254,0.34583917649999996,1666.0,2182.0
0.7838767857826316,0.7913374735,0.221950584,0.275858773,1666.0,2182.0
0.7763760382049802,0.8653176275000001,0.26536107350000004,0.2628254385,1666.0,2182.0
0.7724570215732269,0.7144364895,0.3071267505,0.3205251955,1666.0,2182.0
0.7715894557335888,0.494111569,0.317772443,0.342307017,1666.0,2182.0
0.7669287564810422,0.168736136,0.2899313885,0.338017931,1666.0,2182.0
0.7470209165841135,0.0,0.328250041,0.40620350699999996,1666.0,2182.0
0.6704958764823128,0.0,0.331822417,0.409535926,1666.0,2182.0
0.5945480233985813,0.0,0.255465537,0.29587178925,1666.0,2182.0
0.6503241606223971,0.0,0.2180899195,0.245817501,1666.0,2182.0
0.7717579802263991,0.071385238,0.22157427166666666,0.26054735766666665,1666.0,2182.0
0.7966790931836588,0.5305949080000001,0.1587021925,0.24663630450000001,1666.0,2182.0
0.7785216436269565,0.8176474775,0.1194390015,0.205437307,1666.0,2182.0
0.7759048407279843,0.8952655535,0.116297448,0.183600928,1666.0,2182.0
0.7742662727723548,0.7518105105,0.11991980299999999,0.18734766200000003,1666.0,2182.0
0.7730829339876486,0.527263546,0.131812699,0.209511244,1666.0,2182.0
0.758729174542718,0.17567154399999999,0.171397177,0.28014255050000003,1666.0,2182.0
0.7368512916508534,0.0,0.230727333,0.3917347405,1666.0,2182.0
0.6673212259008117,0.0,0.24544926649999999,0.41482178999999997,1666.0,2182.0
0.5946784310796469,0.0,0.2182642755,0.354625666,1666.0,2182.0
0.5827540911167104,0.0,0.183448538,0.2948904825,1666.0,2182.0
0.627137166534683,0.0,0.161524595,0.25058265599999996,1666.0,2182.0
0.7386764667621046,0.0007171805,0.145852742,0.2434137065,1666.0,2182.0
0.799294875932966,0.219096185,0.126844588,0.24949609,1666.0,2182.0
0.7857749271328426,0.53966437,0.061358527999999996,0.2054827225,1666.0,2182.0
0.7792801815722602,0.8257183395000001,0.0242541535,0.106900992,1666.0,2182.0
0.7823953724068189,0.902996168,0.022681729499999997,0.0898341905,1666.0,2182.0
0.7814901036518156,0.7612875605,0.0283197035,0.081097603,1666.0,2182.0
0.7745344512531273,0.421320523,0.030986942000000003,0.0592025145,1666.0,2182.0
0.746839898307776,0.013470656,0.03923227,0.0560031215,1666.0,2182.0
0.7055596826342809,0.0,0.0403001305,0.078965534,1666.0,2182.0
0.5983491075804788,0.0,0.04295431425,0.123131854,1666.0,2182.0
0.5955810606472792,0.0,0.051312898499999995,0.3170351415,1666.0,2182.0
0.6677883204556225,0.0,0.075497684,0.4150664315,1666.0,2182.0
0.7670040292311657,0.095091793,0.10518567949999999,0.44724093,1666.0,2182.0
0.7830364990882415,0.367799339,0.098727344,0.482064487,1666.0,2182.0
0.7785755809083674,0.603211364,0.0905993105,0.4955488645,1666.0,2182.0
0.7774735473888388,0.7791624644999999,0.1475869165,0.5079270195000001,1666.0,2182.0
0.7747357403533227,0.7339201909999999,0.246725168,0.55359923,1666.0,2182.0
0.7711769415903182,0.505315403,0.382217877,0.656817406,1666.0,2182.0
0.7590423747647883,0.132882163,0.510311887,0.7928334975,1666.0,2182.0
0.7310713486557757,0.0,0.5951895205,0.8490134775,1666.0,2182.0
0.6534332746998133,0.0,0.5644887,0.8124860334999999,1666.0,2182.0
0.5688298120485036,0.0,0.50889381,0.76022291,1666.0,2182.0
0.5523969595173278,0.0,0.450507108,0.67976629425,1666.0,2182.0
0.5819073283727374,0.0,0.4140999485,0.6131229890000001,1666.0,2182.0
0.6334748684750113,0.175053701,0.36900131,0.563726507,1666.0,2182.0
0.6690262175308246,0.4897952255,0.3087644195,0.4708756555,1666.0,2182.0
0.659834006986842,0.799618394,0.21255555399999998,0.33570187100000004,1666.0,2182.0
0.6541230158939562,0.875700278,0.1965921105,0.26299633099999997,1666.0,2182.0
0.6538387138548398,0.722618008,0.187903946,0.25453920750000003,1666.0,2182.0
0.6535639484661623,0.39294587999999997,0.1735249155,0.294116379,1666.0,2182.0
0.6514805528621318,0.00423349175,0.20743850175,0.34944527375,1666.0,2182.0
0.6036152155451824,0.0,0.1678020835,0.27521898300000003,1666.0,2182.0
0.5663895695545718,0.0,0.11712774749999999,0.13081216425000003,1666.0,2182.0
0.59191676034761,0.0,0.1023224445,0.14310996650000002,1666.0,2182.0
0.6412534865373856,0.0918680635,0.1063432355,0.2199177485,1666.0,2182.0
0.6694256908376514,0.486970311,0.0577156365,0.1797685055,1666.0,2182.0
0.6553944759420706,0.7534372323333334,0.06974533466666666,0.12043318833333333,1666.0,2182.0
0.653957943802647,0.7120326130000001,0.112778353,0.221635426,1666.0,2182.0
0.6534115622621852,0.4704912015,0.18826824450000001,0.3967009895,1666.0,2182.0
0.6506137632079196,0.10618683400000001,0.245515523,0.4603881085,1666.0,2182.0
0.6421792589946538,0.0,0.298841047,0.6323138020000001,1666.0,2182.0
0.6005879168330861,0.0,0.3084273325,0.781301044,2535.5,3320.5
0.5868528618855873,0.0,0.333132454,0.824965993,3405.0,4459.0
0.6329344528839898,0.0,0.383603172,0.8155161035,3405.0,4459.0
0.7422497257024183,0.0,0.40590515800000004,0.7893268625000001,3405.0,4459.0
0.8108459350190451,0.176929296,0.4306515085,0.758515651,3405.0,4459.0
0.8064130944174399,0.419716737,0.477145223,0.680233299,3405.0,4459.0
0.7988167588212377,0.5137580239999999,0.48557492,0.5541454050000001,3405.0,4459.0
0.7924734458299607,0.511271525,0.5317777939999999,0.45781798149999997,3405.0,4459.0
0.7952904289421854,0.3936795805,0.5446524994999999,0.4667301775,3405.0,4459.0
0.797404940528366,0.1072792145,0.4672706305,0.42321463000000004,3405.0,4459.0
0.7522311613951249,0.0,0.39884670533333333,0.3960025833333334,3405.0,4459.0
0.6332814304725554,0.0,0.2989791805,0.4145430845,3405.0,4459.0
0.5989770604460913,0.0,0.2908423415,0.5327990645,3405.0,4459.0
0.6830348180204955,0.0,0.2834419925,0.590831308,3405.0,4459.0
0.7944831434035547,0.0581213715,0.2852183905,0.6213108305,3405.0,4459.0
0.8107428508518665,0.303606094,0.27317764450000004,0.6373716855,3405.0,4459.0
0.7964915545650297,0.4451956075,0.290362065,0.5898793044999999,3405.0,4459.0
0.7860198185322302,0.4756315515,0.3513853855,0.6035827105,3405.0,4459.0
0.7812165284968041,0.322877752,0.37551212,0.6593201616666667,3405.0,4459.0
0.7705517832149682,0.060343993,0.3217296785,0.6591867115000001,3405.0,4459.0
0.7406821278778865,0.0,0.30191308299999997,0.606513571,3405.0,4459.0
0.6717390519322566,0.0,0.274589557,0.5423458225,3405.0,4459.0
0.5912936422969,0.0,0.2446109485,0.4887575315,3405.0,4459.0
0.6280611980860213,0.0,0.2036767135,0.44801148749999997,3405.0,4459.0
0.733364150593645,0.0,0.1774296705,0.359812986,3405.0,4459.0
0.789684806406598,0.061995084,0.159689304,0.249318252,3405.0,4459.0
0.7906211246034478,0.207593195,0.1423675105,0.178902821,3405.0,4459.0
0.7849467497106486,0.354158909,0.1457501405,0.130034682,3405.0,4459.0
0.778858884918863,0.4046020545,0.190639921,0.119235529,3405.0,4459.0
0.7753683505845921,0.360623837,0.2251163625,0.1369798215,3405.0,4459.0
0.7748492038966694,0.240573159,0.223889841,0.155094876,3405.0,4459.0
0.7664205657338035,0.0730224795,0.218071916,0.1613252165,3405.0,4459.0
0.7409209202978471,0.0,0.2383287,0.193628885,3405.0,4459.0
0.6729054908972626,0.0,0.232018484,0.2439750775,3405.0,4459.0
0.6006953035180501,0.0,0.21526733450000002,0.2461316485,3405.0,4459.0
0.5872193340366545,0.0,0.20171579,0.23064077100000002,3405.0,4459.0
0.633328714331068,0.0,0.1958247305,0.2203143165,3405.0,4459.0
0.7418229731997233,0.0,0.187691971,0.230281555,3405.0,4459.0
0.8017622866632034,0.24490008200000002,0.1380574875,0.2375102295,3405.0,4459.0
0.7860328593180539,0.6217410640000001,0.077618887,0.194112635,3405.0,4459.0
0.7789345716581698,0.868935939,0.06962436466666667,0.10897526833333333,3405.0,4459.0
0.7723463968128511,0.732004349,0.0928100345,0.050257273500000005,3405.0,4459.0
0.7711007373771873,0.494739929,0.104632043,0.059298064,3405.0,4459.0
0.7656465030675764,0.1409554315,0.1510472685,0.108317463,3405.0,4459.0
0.7425564498749055,0.0,0.2265299465,0.2023968195,3405.0,4459.0
0.6763636893775677,0.0,0.276608872,0.30446945400000003,3405.0,4459.0
0.5973550374369805,0.0,0.2802477565,0.34364387975,3405.0,4459.0
0.6353091367021724,0.0,0.262303039,0.22431413,3405.0,4459.0
0.7508677654605483,0.0,0.250531432,0.1872483115,3405.0,4459.0
0.8069223940010014,0.29222341549999997,0.206288253,0.1757580785,3405.0,4459.0
0.7834145039469893,0.6875968674999999,0.1137735,0.10124827750000001,3405.0,4459.0
0.7779811171269926,0.8709156625000001,0.0990094155,0.0892138665,3405.0,4459.0
0.7750678806944231,0.829040088,0.08401479049999999,0.07466172900000001,3405.0,4459.0
0.7724555134444634,0.5731701555000001,0.0832099745,0.0515164485,3405.0,4459.0
0.7619003431604987,0.134932463,0.11799079800000001,0.0330587285,3405.0,4459.0
0.726215718069993,0.0,0.181630199,0.029739522666666667,3405.0,4459.0
0.6061935393180533,0.0,0.2652503645,0.045772084500000004,3405.0,4459.0
0.5558070979536945,0.0,0.26405786649999996,0.053877409,3405.0,4459.0
0.559784554081485,0.0,0.2741465006666667,0.050726815,3405.0,4459.0
0.6003376138939829,0.04685337033333333,0.31775840899999996,0.092823143,3405.0,4459.0
0.6561987379001133,0.42180844949999996,0.2563402835,0.215322499,3405.0,4459.0
0.6533821465885339,0.6807970666666666,0.2698563916666667,0.34080210433333336,3405.0,4459.0
0.6546279907880679,0.59622925,0.370043226,0.4189737805,3405.0,4459.0
0.6518696689391447,0.3172291605,0.39557206,0.5759532985,3405.0,4459.0
0.6454252012723172,0.054261895500000004,0.425073015,0.778234486,3405.0,4459.0
0.6389043963117518,0.0,0.4631246865,0.906225287,3405.0,4459.0
0.6277644097045528,0.0,0.46461004,0.912920949,3405.0,4459.0
0.5735183891824782,0.0,0.48345336299999997,0.9229462845,3405.0,4459.0
0.5558995809268203,0.0,0.474913678,0.92465674,3405.0,4459.0
0.5827030813555485,0.0,0.4426660615,0.910762564,3405.0,4459.0
0.6335411368465033,0.027475258,0.41032145,0.907461562,3405.0,4459.0
0.6744461643231773,0.112785624,0.379557368,0.8952898090000001,3405.0,4459.0
0.6722585978619997,0.236188611,0.33813351,0.8303751699999999,3405.0,4459.0
0.6690583980312786,0.2718889935,0.31437745,0.744392238,3405.0,4459.0
0.670199797796587,0.22617071049999998,0.2798970145,0.626074895,3405.0,4459.0
0.6710470041257094,0.157673263,0.254607452,0.571516881,3405.0,4459.0
0.6722001140226338,0.049175679,0.2375915215,0.503467823,3405.0,4459.0
0.6670455068774623,0.0,0.23222188700000002,0.3911017055,3405.0,4459.0
0.6509993973465222,0.0,0.2041861915,0.284261247,3405.0,4459.0
0.6039335832330519,0.0,0.16612992199999999,0.2196114535,3405.0,4459.0
0.5911767411584719,0.0,0.163277124,0.2243378955,3405.0,4459.0
0.6351690149720424,0.0,0.15882807799999998,0.2172812635,3405.0,4459.0
0.7477223900815371,0.0,0.15233945599999998,0.169733596,3405.0,4459.0
0.8153677988523405,0.1525821795,0.12628318900000002,0.146105247,3405.0,4459.0
0.7963267707053581,0.432703674,0.08941956549999999,0.111094642,3405.0,4459.0
0.7855890740162923,0.5910913929999999,0.07791148,0.077148144,3405.0,4459.0
0.7780994894161001,0.5144096610000001,0.07143296733333333,0.07260415099999999,3405.0,4459.0
0.7776203225924874,0.22581570499999998,0.06138120999999999,0.09478560650000001,3405.0,4459.0
0.7744877883530794,0.0008135785,0.0827920475,0.118447862,3405.0,4459.0
0.7290090001116494,0.0,0.098897119,0.110932516,3405.0,4459.0
0.612618079897752,0.0,0.12003254775,0.15996260575,3405.0,4459.0
0.623686604707914,0.0,0.14382880900000003,0.233556964,3405.0,4459.0
0.7548749181536931,0.0,0.17312237149999998,0.2930834205,3405.0,4459.0
0.8162667689816965,0.1993717445,0.1620455825,0.2796871205,3405.0,4459.0
0.7877287800544418,0.6485552096666667,0.11902846433333332,0.176950201,3405.0,4459.0
0.7758773841081803,0.790657462,0.17504330099999998,0.118911064,3405.0,4459.0
0.7717578767080115,0.6229932899999999,0.18385422299999998,0.0876576925,3405.0,4459.0
0.7702370305714258,0.293203107,0.1968616745,0.118337005,3405.0,4459.0
0.7552742583799129,0.0007129105,0.309738473,0.22928239499999997,3405.0,4459.0
0.714868084595639,0.0,0.38019235399999995,0.4292369915,3405.0,4459.0
0.6270405805887518,0.0,0.43772627649999996,0.6136205545,3405.0,4459.0
0.5868283550083169,0.0,0.402659349,0.656631305,3405.0,4459.0
0.6036693524728136,0.0,0.385475934,0.6430815875,3405.0,4459.0
0.6809827823375438,0.0,0.386483299,0.6578608640000001,3405.0,4459.0
0.7875084177039889,0.046538562,0.4139002455,0.674945628,3405.0,4459.0
0.791665450544967,0.372413102,0.3795161335,0.6617753795,3405.0,4459.0
0.7810387778074772,0.5882234945,0.36928940450000003,0.6090761055,3405.0,4459.0
0.7755058552990155,0.5861627625,0.4296434225,0.5807730095,3405.0,4459.0
0.7728011824492456,0.398066213,0.455260389,0.585379343,3405.0,4459.0
0.7706446654299144,0.214602936,0.448951817,0.632949613,3405.0,4459.0
0.7618144248729933,0.0488859405,0.4732452155,0.7213393335,3405.0,4459.0
0.7363152451432307,0.0,0.4989399015,0.8107136420000001,3405.0,4459.0
0.6709565393814896,0.0,0.5522963845,0.8375486235,3405.0,4459.0
0.5901822384650361,0.0,0.52495813475,0.8414268579999999,3405.0,4459.0
0.6225892434026454,0.0,0.509886779,0.885665242,3405.0,4459.0
0.7455161865140765,0.019163310333333333,0.5327265603333333,0.9041797806666668,3405.0,4459.0
0.7819434699473446,0.3255977315,0.5021454245,0.8537766265,3405.0,4459.0
0.7793789631710333,0.581984974,0.421841024,0.7861576875,3405.0,4459.0
0.7776456056804937,0.631343653,0.458959081,0.8137326885,3405.0,4459.0
0.7733189097963027,0.42225323449999996,0.435039601,0.8016054515,3405.0,4459.0
0.7689584144245719,0.158350361,0.40025204400000003,0.640425662,3405.0,4459.0
0.7497804138349732,0.0,0.402396274,0.561340859,3405.0,4459.0
0.7111518651928446,0.0,0.4061417385,0.5934436064999999,3405.0,4459.0
0.6121974671153391,0.0,0.40600622666666664,0.7126268153333334,3405.0,4459.0
0.6035723340275653,0.0,0.418149758,0.814681783,3405.0,4459.0
0.7282951068374873,0.0,0.452167156,0.853179599,3405.0,4459.0
0.782405796176936,0.11250352500000001,0.4647854655,0.8564062100000001,3405.0,4459.0
0.7804097160043015,0.4012965275,0.411842155,0.8351465339999999,3405.0,4459.0
0.7781612038897026,0.644925727,0.40721864399999996,0.8371394050000001,3405.0,4459.0
0.7745307696431865,0.629859224,0.408125421,0.8543732575,3405.0,4459.0
0.7723657805676509,0.437521419,0.367213921,0.839268452,3405.0,4459.0
0.7687960258133424,0.225810206,0.32060506099999997,0.8109182615,3405.0,4459.0
0.7496395380657717,0.0,0.35425574550000005,0.7901512804999999,3405.0,4459.0
0.7105014680221967,0.0,0.383336252,0.7928529305,3405.0,4459.0
0.6053181445523401,0.0,0.426476563,0.8163402479999999,3405.0,4459.0
0.5531530800425253,0.0,0.414558696,0.865071114,3405.0,4459.0
0.5628135162252361,0.0,0.43157304399999996,0.8873012685,3405.0,4459.0
0.6078235686518649,0.0422091565,0.4556350015,0.893692515,3405.0,4459.0
0.6524665945345751,0.421904642,0.4092237535,0.881724014,3405.0,4459.0
0.6554668950437464,0.7411538646666668,0.3573730263333334,0.8231795436666666,3405.0,4459.0
0.6580466013059492,0.7138168905,0.396480761,0.8161289949999999,3405.0,4459.0
0.6549738372674059,0.4584910365,0.381383461,0.7672426635,3405.0,4459.0
0.6443632880376398,0.077381704,0.41206054400000003,0.7130575835,3405.0,4459.0
0.6317141210062118,0.0,0.46331091375,0.6452259235,3405.0,4459.0
0.5734091394702592,0.0,0.5202008815000001,0.531196205,3405.0,4459.0
0.5515201970687027,0.0,0.563122497,0.49054991500000006,3405.0,4459.0
0.5628135162252361,0.0,0.6229082845,0.5474055085,3405.0,4459.0
0.6079025007896446,0.0306620315,0.6675361955,0.6669461855000001,3405.0,4459.0
0.6515097171303689,0.278205476,0.652463241,0.714804036,3405.0,4459.0
0.6539652625273391,0.497577474,0.593372909,0.659344697,3405.0,4459.0
0.6540429526975691,0.5632120005,0.591364156,0.592383115,3405.0,4459.0
0.6555557038987267,0.455289195,0.575933841,0.5559725155,3405.0,4459.0
0.6530766939458157,0.268935456,0.510856506,0.46443984699999996,3405.0,4459.0
0.6440331880971097,0.0339962265,0.4949361015,0.460113785,3405.0,4459.0
0.636276282522984,0.0,0.5081094340000001,0.4821655705,3405.0,4459.0
0.637035840668573,0.0,0.4864454415,0.44155184950000004,3405.0,4459.0
0.5974788692706632,0.0,0.4479210555,0.347307131,3405.0,4459.0
0.582945289173616,0.0,0.401887225,0.254923548,3405.0,4459.0
0.6225150352467561,0.0,0.347353462,0.3095523115,3405.0,4459.0
0.7455161865140765,0.012277287999999999,0.329263329,0.35697186000000003,3405.0,4459.0
0.7813212834355723,0.198361385,0.2855209955,0.324767468,3405.0,4459.0
0.7790958217864903,0.39982126933333334,0.247162005,0.21494786700000001,3405.0,4459.0
0.7743150647090106,0.3790124673333333,0.25031109399999996,0.12197291833333333,3405.0,4459.0
0.7689452849014704,0.13157231800000002,0.2176559205,0.092331773,3405.0,4459.0
0.7540168002272158,0.0,0.22999634600000002,0.1501519005,3405.0,4459.0
0.7130369213632829,0.0,0.22969419800000002,0.182886879,3405.0,4459.0
0.6126089018663922,0.0,0.2292198953333333,0.207151766,3405.0,4459.0
0.6071080231331206,0.0,0.13987396,0.23154982624999998,3405.0,4459.0
0.7368627134495913,0.0,0.1067964245,0.20142211599999998,3405.0,4459.0
0.7931265487029726,0.15028270600000002,0.089084494,0.2063780135,3405.0,4459.0
0.7808045318948511,0.49989496199999994,0.056340604,0.184924398,3405.0,4459.0
0.7784065832175683,0.67063049,0.056828092999999996,0.176558492,3405.0,4459.0
0.7739459016029419,0.5308323863333333,0.05421483666666666,0.17479317400000002,3405.0,4459.0
0.7694265069573833,0.192279604,0.0545617615,0.1538624885,3405.0,4459.0
0.75490348366044,0.0,0.061910176,0.121186019,3405.0,4459.0
0.7142857079147957,0.0,0.0579862675,0.115091376,3405.0,4459.0
0.627582216026279,0.0,0.068136344,0.1430016425,3405.0,4459.0
0.5868294860669243,0.0,0.0481371365,0.1299285915,3405.0,4459.0
0.6189736685583854,0.0,0.04791367333333333,0.12662726866666665,3405.0,4459.0
0.7421053457472115,0.0,0.0519000555,0.1042522525,3405.0,4459.0
0.8044449143991383,0.119032001,0.0481003785,0.0961331465,3405.0,4459.0
0.7844815994454489,0.42983006566666665,0.024999739333333337,0.04932004166666667,3405.0,4459.0
0.7758438507312342,0.578303236,0.0338489885,0.030415351,3405.0,4459.0
0.7720007721007777,0.43621060300000003,0.053837749,0.0410833185,3405.0,4459.0
0.7721715440309337,0.165673998,0.10577411549999999,0.1122180445,3405.0,4459.0
0.7379426574866459,0.0,0.22471911975,0.27632247275,3405.0,4459.0
0.6276946371976759,0.0,0.24139737249999998,0.391620192,3405.0,4459.0
0.5876510765980866,0.0,0.2606168633333333,0.5606579586666666,3405.0,4459.0
0.6334330404657964,0.0,0.29843221200000003,0.671773604,3405.0,4459.0
0.7623785933022136,0.013575006333333334,0.3198361113333333,0.6839103940000001,3405.0,4459.0
0.7950061491253537,0.34970572850000003,0.2630819825,0.658853449,3405.0,4459.0
0.7818787392162152,0.657071632,0.1723974043333333,0.562959281,3405.0,4459.0
0.7743278097714014,0.584824663,0.27422677033333337,0.6532134673333333,3405.0,4459.0
0.7749616916336801,0.215225449,0.3372605665,0.7385857645,3405.0,4459.0
0.7622328383494705,0.0,0.38903723450000005,0.769740295,3405.0,4459.0
0.7200093183294001,0.0,0.37748116249999997,0.741946099,3405.0,4459.0
0.6152871087344245,0.0,0.2814229306666667,0.564496115,3405.0,4459.0
0.5891288971349833,0.0,0.225593558,0.4047413465,3405.0,4459.0
0.6342754341263706,0.0,0.202436278,0.38705056550000005,3405.0,4459.0
0.7452289199513167,0.0,0.193129347,0.41358009900000003,3405.0,4459.0
0.8134727624463141,0.1733910685,0.160242453,0.3940784725,3405.0,4459.0
0.7963267707053581,0.5564692865,0.085674971,0.299003456,3405.0,4459.0
0.7831680157321805,0.7532355479999999,0.083102047,0.279748781,3405.0,4459.0
0.7765017441011299,0.70831249,0.10090352450000001,0.264394416,3405.0,4459.0
0.7757954579351584,0.44258334050000003,0.14174819100000002,0.3392387685,3405.0,4459.0
0.7748205201072987,0.038818984,0.2330288073333333,0.4016699143333333,3405.0,4459.0
0.727259496992342,0.0,0.2603267635,0.428493932,3405.0,4459.0
0.595834409338635,0.0,0.22369840466666666,0.3757121016666667,3405.0,4459.0
0.5648607281284972,0.0,0.21471714149999999,0.3634748485,3405.0,4459.0
0.623199838132919,0.010803875333333332,0.21568504033333333,0.3407732036666667,3405.0,4459.0
0.6864824154079883,0.315620844,0.1505191515,0.30724677349999996,3405.0,4459.0
0.6698962007399488,0.6248176569999999,0.103894453,0.2256141965,3405.0,4459.0
0.6583554397676816,0.7418724306666666,0.11256692933333334,0.18624281466666667,3405.0,4459.0
0.658971253765132,0.46595697,0.1523922245,0.20204721650000002,3405.0,4459.0
0.6741625498081392,0.055785315,0.2375304,0.30126558049999996,3405.0,4459.0
0.6599980811001506,0.0,0.25343819525,0.34499635100000003,3405.0,4459.0
0.5764532419079695,0.0,0.19270875833333334,0.2858939956666667,3405.0,4459.0
0.5707431010494817,0.0,0.152212903,0.23664148200000001,3405.0,4459.0
0.588157359957868,0.0,0.13747972149999999,0.190840917,3405.0,4459.0
0.6521288430919057,0.017205633,0.13233529449999998,0.1434773165,3405.0,4459.0
0.6922344582487328,0.39690210800000003,0.0803051725,0.1186459,3405.0,4459.0
0.6673570288867681,0.7624577633333333,0.056060874000000004,0.070541127,3405.0,4459.0
0.6568644158527553,0.782325096,0.12957767,0.1228937145,3405.0,4459.0
0.6557561945659016,0.5073095255,0.1983641925,0.196803532,3405.0,4459.0
0.6590651413823805,0.03836304766666667,0.324506541,0.333871005,3405.0,4459.0
0.6571491244567533,0.0,0.34277634233333326,0.502724257,3405.0,4459.0
0.5970584708480866,0.0,0.311577692,0.72051775175,3405.0,4459.0
0.6339364628371955,0.0,0.330573442,0.834858275,3405.0,4459.0
0.7661316285006947,0.009836804666666666,0.35689193433333327,0.839537179,3405.0,4459.0
0.8067675459829687,0.31601026499999996,0.334803222,0.8312014645,3405.0,4459.0
0.7939175111382797,0.5189875724999999,0.341953018,0.804211644,3405.0,4459.0
0.7860460775278131,0.5769673989999999,0.423478515,0.743991201,3405.0,4459.0
0.7823481329422552,0.47731126700000004,0.49745728899999997,0.7559185344999999,3405.0,4459.0
0.7882422935197511,0.1931279695,0.5115793465,0.726798997,3405.0,4459.0
0.781718760634537,0.0,0.513781787,0.651447739,3405.0,4459.0
0.7322342169197833,0.0,0.4727389975,0.5767925245000001,3405.0,4459.0
0.6211297863865163,0.0,0.37764512566666664,0.48724580433333337,3405.0,4459.0
0.600496587039612,0.0,0.329464097,0.4539374445,3405.0,4459.0
0.6857937608953772,0.0,0.260555797,0.45913378400000004,3405.0,4459.0
0.8208564980019049,0.014181278,0.22445861849999998,0.508160132,3405.0,4459.0
0.8264037032131197,0.353255908,0.157885392,0.48408834,3405.0,4459.0
0.7981468448658033,0.6646654654999999,0.14694552049999998,0.480676092,3405.0,4459.0
0.7840098548480428,0.774634421,0.186108213,0.5109540665,3405.0,4459.0
0.7793405949032541,0.6394005835000001,0.22909953449999998,0.5453143665,3405.0,4459.0
0.7852499697477511,0.2398436855,0.277385383,0.5718672810000001,3405.0,4459.0
0.7543330387772369,0.0,0.33003485275,0.55265961725,3405.0,4459.0
0.6315162916727621,0.0,0.280392864,0.4331091425,3405.0,4459.0
0.5978620083377135,0.0,0.24068225225,0.343911792,3405.0,4459.0
0.6815997791612322,0.0,0.241827661,0.26795639950000005,3405.0,4459.0
0.7907311726980674,0.0121617885,0.240436947,0.2149000925,3405.0,4459.0
0.8040827004731479,0.34912966749999996,0.1844246655,0.1776423415,3405.0,4459.0
0.7877457537628166,0.5669846159999999,0.16788195333333333,0.12933166133333335,3405.0,4459.0
0.7811790769109226,0.5285654205,0.211255324,0.1274914165,3405.0,4459.0
0.7806629020359577,0.388308399,0.233436186,0.154089607,3405.0,4459.0
0.7803006437666382,0.163310095,0.2533044975,0.1987025665,3405.0,4459.0
0.7617057518265303,0.0,0.2759818715,0.2524534905,3405.0,4459.0
0.7174529287614217,0.0,0.245807856,0.2382037285,3405.0,4459.0
0.6133755422051727,0.0,0.20060281766666666,0.23426021900000002,3405.0,4459.0
0.608608676071984,0.0,0.18211837724999996,0.20635308975,3405.0,4459.0
0.7378787178232924,0.0,0.140432753,0.166938525,3405.0,4459.0
0.8080149796073692,0.106008842,0.10478420599999999,0.1500267785,3405.0,4459.0
0.8074972523109323,0.3977771645,0.055490909500000005,0.1033839875,3405.0,4459.0
0.795201760608987,0.57343894,0.044749608499999996,0.0514292455,3405.0,4459.0
0.7870971751748544,0.6148170843333333,0.053767341,0.06518165166666666,3405.0,4459.0
0.7992033244228476,0.222015211,0.0788014425,0.099813391,3405.0,4459.0
0.7923184203879925,0.0,0.099855149,0.12603751600000002,3405.0,4459.0
0.7380588268082872,0.0,0.0768196025,0.124010974,3405.0,4459.0
0.6206315906391019,0.0,0.06496460733333333,0.20946961533333333,3405.0,4459.0
0.5929063283017925,0.0,0.056614503999999996,0.2891596985,3405.0,4459.0
0.6617183756669488,0.0,0.07015764466666667,0.36038612600000003,3405.0,4459.0
0.7970603360671981,0.0067589995,0.0898953895,0.4236914815,3405.0,4459.0
0.8210612026014478,0.22278830700000002,0.071390224,0.433533335,3405.0,4459.0
0.8101690570855498,0.434091669,0.08862117450000001,0.453676601,3405.0,4459.0
0.7951919578479549,0.448551816,0.13081515999999999,0.554801321,3405.0,4459.0
0.795766727471228,0.2728840475,0.178246702,0.6294018594999999,3405.0,4459.0
0.8086648889001591,0.057794148,0.2113319165,0.737035282,3405.0,4459.0
0.7939973969613513,0.0,0.21814651499999999,0.754907636,3405.0,4459.0
0.7405079404990034,0.0,0.2015054605,0.7536623915,3405.0,4459.0
0.6191355248640611,0.0,0.1698994925,0.752189657,3405.0,4459.0
0.5770716138135613,0.0,0.17616451633333333,0.673052931,3405.0,4459.0
0.5917284232453398,0.0,0.19384259650000002,0.6763882219999999,3405.0,4459.0
0.6397577090446028,0.0014135643333333333,0.2135336893333333,0.6508751460000001,3405.0,4459.0
0.7208657507537984,0.18121037950000002,0.1776380225,0.5546293485,3405.0,4459.0
0.7077291739244426,0.332499397,0.13150076700000002,0.42721084,3405.0,4459.0
0.7028842628153362,0.35790357100000003,0.1695374595,0.37428658000000004,3405.0,4459.0
0.71730732906095,0.296836522,0.21125026,0.485763565,3405.0,4459.0
0.736865153041362,0.1019523115,0.2708617755,0.6536141934999999,3405.0,4459.0
0.7290924787567636,0.0,0.351518906,0.7521799995,3405.0,4459.0
0.709571980672181,0.0,0.385436759,0.7986446144999999,3405.0,4459.0
0.6303239855803123,0.0,0.4065492846666667,0.8219291263333334,3405.0,4459.0
0.6009561743346525,0.0,0.49395709775,0.8205188325,3405.0,4459.0
0.6050046117046831,0.0,0.5432971959999999,0.8774227459999999,3405.0,4459.0
0.6607089581674059,0.040122517999999996,0.5527168920000001,0.8752892,3405.0,4459.0
0.7236315910748746,0.132031754,0.569764432,0.884597051,3405.0,4459.0
0.7239796331058139,0.210795219,0.5639812980000001,0.868001935,3405.0,4459.0
0.716055260191937,0.24194465450000002,0.584054828,0.8975826655,3405.0,4459.0
0.7204105215322547,0.17376404,0.5838589175,0.8954038984999999,3405.0,4459.0
0.7407206957412658,0.04371130300000001,0.5868196365,0.8969547345,3405.0,4459.0
0.7330076808245202,0.0,0.54765911275,0.8967405175000001,3405.0,4459.0
0.6865997822779202,0.0,0.4006132405,0.8643381880000001,3405.0,4459.0
0.6385270420580552,0.0,0.38424337633333333,0.8464134833333333,3405.0,4459.0
0.6500258641627854,0.0,0.35707973849999997,0.8448379189999999,3405.0,4459.0
0.763745212480472,0.000759162,0.3531079803333333,0.8196897160000001,3405.0,4459.0
0.8579375644923288,0.0740621595,0.4049803225,0.776844023,3405.0,4459.0
0.8569819364799742,0.14887122033333333,0.3976890416666667,0.7255585663333334,3405.0,4459.0
0.8519018183992684,0.1257900215,0.500650191,0.7156277445,3405.0,4459.0
0.858814933092999,0.0578291715,0.5384292135,0.6882920305,3405.0,4459.0
0.8555375458522563,0.003410784333333333,0.5318926766666666,0.6891615386666666,3405.0,4459.0
0.8145249837782815,0.0,0.504108761,0.6350584925,3405.0,4459.0
0.7277939909772522,0.0,0.407966019,0.6044723649999999,3405.0,4459.0
0.6425167886447485,0.0,0.385515759,0.5555386845,3405.0,4459.0
0.6863631855108014,0.0,0.3793109885,0.47556204,3405.0,4459.0
0.7888198131887174,0.0014898695,0.419366666,0.43905917400000005,3405.0,4459.0
0.8484710320941977,0.16359544199999998,0.43807997,0.475015108,3405.0,4459.0
0.8359857691511342,0.38210228100000004,0.463249448,0.484850671,3405.0,4459.0
0.8231893759319169,0.368035875,0.48357818350000004,0.49207451049999995,3405.0,4459.0
0.8243765293565504,0.20343706,0.4271152975,0.47762541999999997,3405.0,4459.0
0.8271380670079804,0.0040303615,0.41240199225,0.50816924675,3405.0,4459.0
0.7719607183309196,0.0,0.421565509,0.54340046,3405.0,4459.0
0.636363819822885,0.0,0.374552279,0.49464374200000005,3405.0,4459.0
0.6574434288356286,0.0,0.4033508956666667,0.5339287643333334,3405.0,4459.0
0.7826226543920038,0.001121366,0.44497406,0.5526092145,3405.0,4459.0
0.8438300714949425,0.0761711955,0.44914356099999997,0.5772468145,3405.0,4459.0
0.8246595228287564,0.18654990933333335,0.40709677299999997,0.4473229066666667,3405.0,4459.0
0.8088512447094237,0.14871386066666667,0.4398451763333333,0.41438540533333335,3405.0,4459.0
0.8204304109528644,0.0297202425,0.4671380665,0.4801141545,3405.0,4459.0
0.8112842644715089,0.0,0.467779636,0.4539793205,3405.0,4459.0
0.7686279151916013,0.0,0.45759827249999996,0.387332761,3405.0,4459.0
0.6765244072509549,0.0,0.416583486,0.39371427333333336,3481.6666666666665,4559.333333333333
0.6282952886957558,0.0,0.3596118275,0.49159266900000004,3635.0,4760.0
0.6536438786325629,0.0,0.31306860000000003,0.465823534,3635.0,4760.0
0.8160216262528251,0.0008837756666666667,0.29428478966666666,0.45199094566666664,3635.0,4760.0
0.8745691556482971,0.11997940400000001,0.2983445925,0.484332317,3635.0,4760.0
0.8533684020194113,0.301293762,0.2700839643333333,0.46122425666666667,3635.0,4760.0
0.8540011601630173,0.3021816745,0.29329717,0.4456027435,3635.0,4760.0
0.864840521577156,0.169219436,0.2804125505,0.4594422245,3635.0,4760.0
0.8685081412483399,0.002341208,0.254358846,0.4379836223333333,3635.0,4760.0
0.7821663457951162,0.0,0.20724017733333333,0.30769993933333334,3635.0,4760.0
0.6502379207951372,0.0,0.126429987,0.19926021925,3635.0,4760.0
0.6690544946540733,0.0,0.0866238695,0.19036602949999998,3635.0,4760.0
0.8455099352217267,0.0010887813333333334,0.07820716300000001,0.21641010933333335,3635.0,4760.0
0.9040572132539679,0.2266282785,0.0616950735,0.18347649100000002,3635.0,4760.0
0.8738451269368959,0.4506426175,0.0511886565,0.1238181305,3635.0,4760.0
0.8581686167234923,0.48730450950000004,0.1065587575,0.1147860825,3635.0,4760.0
0.8568453780771612,0.3719370145,0.16443824550000002,0.125942531,3635.0,4760.0
0.8981474983764562,0.07686227500000001,0.23451880066666667,0.13012632833333335,3635.0,4760.0
0.873656168876161,0.0,0.27094130250000004,0.132733457,3635.0,4760.0
0.8091608372439747,0.0,0.262730562,0.16141961900000001,3635.0,4760.0
0.6714457455651288,0.0,0.24479227399999998,0.24392982000000002,3635.0,4760.0
0.6476269507396883,0.0,0.25648448749999997,0.36193718775,3635.0,4760.0
0.6810319291726913,0.0,0.250292985,0.4488885925,3635.0,4760.0
0.742069106617281,0.08972359599999999,0.2273239915,0.522678974,3635.0,4760.0
0.7582598399917366,0.3943688775,0.136159391,0.494395852,3635.0,4760.0
0.7323597675636617,0.60993465,0.0970451415,0.4456937235,3635.0,4760.0
0.728544204694321,0.5345671396666667,0.09143204833333334,0.3803175306666667,3635.0,4760.0
0.7696184368816961,0.1317807625,0.119739016,0.42951352350000005,3635.0,4760.0
0.7817850881979611,0.0,0.17146528633333333,0.47903376866666664,3635.0,4760.0
0.708631570613668,0.0,0.18532886775000001,0.53522004975,3635.0,4760.0
0.6411688323890945,0.0,0.16651108266666667,0.5186885123333332,3635.0,4760.0
0.6787072793599549,0.0007342355,0.14732055775,0.49031522799999994,3635.0,4760.0
0.7528358123476228,0.254899388,0.1349700595,0.472462532,3635.0,4760.0
0.7391485070660705,0.530518187,0.0948356645,0.38752428650000004,3635.0,4760.0
0.7206305068631718,0.6535329085,0.101950502,0.4018582465,3635.0,4760.0
0.7179364352074546,0.506672178,0.1325276815,0.4255556445,3635.0,4760.0
0.7464067585265229,0.08559392133333332,0.30824446166666664,0.5211341766666667,3635.0,4760.0
0.7338753132044615,0.0,0.4360786505,0.6727132275000001,3635.0,4760.0
0.7116853833714185,0.0,0.4818313925,0.6629865695,3635.0,4760.0
0.6466168235528394,0.0,0.50558032,0.67241690425,3635.0,4760.0
0.6864462279613212,0.0,0.4778140766666667,0.6347199206666666,3635.0,4760.0
0.8627530673183387,0.0013380055,0.4640802585,0.6197681145,3635.0,4760.0
0.8792211609761342,0.25003317,0.41254749199999996,0.5679221215,3635.0,4760.0
0.8360234424874068,0.45631783499999995,0.3063166603333333,0.39271146700000004,3635.0,4760.0
0.8193476132589254,0.3484467763333334,0.31942181933333336,0.35660233733333335,3635.0,4760.0
0.8378773605124674,0.068264981,0.39525566,0.4585005335,3635.0,4760.0
0.8300163505708775,0.0,0.429153102,0.4301509415,3635.0,4760.0
0.7781846240516943,0.0,0.441785513,0.3969953385,3635.0,4760.0
0.6931889403538767,0.0,0.4226704745,0.3493410525,3635.0,4760.0
0.6298990258524182,0.0,0.397805583,0.34087368575,3635.0,4760.0
0.7017107268422824,0.0,0.36872927,0.40731140450000003,3635.0,4760.0
0.8383437231998709,0.0007514165,0.36962926500000004,0.4142648375,3635.0,4760.0
0.8471419384073687,0.12373842500000001,0.3975058435,0.4478871395,3635.0,4760.0
0.827492622091897,0.316819511,0.34001585966666664,0.5341270706666666,3635.0,4760.0
0.8224298621296566,0.293833852,0.40621904,0.648139224,3635.0,4760.0
0.829570480575837,0.1678810305,0.45258815399999996,0.785698631,3635.0,4760.0
0.8447864831423348,0.002143162,0.45934913099999997,0.8580632575,3635.0,4760.0
0.8037433447907557,0.0,0.5130716526666667,0.8800624693333333,3635.0,4760.0
0.6993390592816269,0.0,0.6015023740000001,0.8898035995,3635.0,4760.0
0.632941427922573,0.0,0.65695655125,0.8952924885,3635.0,4760.0
0.7040806645069102,0.0,0.6897607695,0.906551946,3635.0,4760.0
0.8457456892293694,0.000808368,0.691462138,0.913994082,3635.0,4760.0
0.8665682457944621,0.0945679725,0.66788885,0.923614281,3635.0,4760.0
0.8575544882618678,0.19983404566666665,0.5905576906666666,0.9154589966666666,3635.0,4760.0
0.8489438560163279,0.180784745,0.569010284,0.9111448136666667,3635.0,4760.0
0.8602712851986903,0.0542086285,0.5109945245,0.8896625465,3635.0,4760.0
0.8486426911946525,0.0,0.442025636,0.8038479655,3635.0,4760.0
0.7896237277231901,0.0,0.374855853,0.6545883535,3635.0,4760.0
0.6987950508685626,0.0,0.3077292395,0.6535552715,3635.0,4760.0
0.6350503506547793,0.0,0.22215654425,0.6490646905,3635.0,4760.0
0.7151589070276672,0.0,0.223424974,0.6960813100000001,3635.0,4760.0
0.874066953022163,0.0006485895,0.25573971900000003,0.783545791,3635.0,4760.0
0.9030205166429239,0.25934122800000003,0.240837483,0.8175553714999999,3635.0,4760.0
0.8707777669968931,0.5668737446666666,0.21173824500000002,0.7176215486666666,3635.0,4760.0
0.8551842918772014,0.39193199833333336,0.2509818403333333,0.7151162646666666,3635.0,4760.0
0.8808853669182617,0.02793329725,0.39068746275,0.8344705395,3635.0,4760.0
0.8092848132440964,0.0,0.428083211,0.799334562,3635.0,4760.0
0.7070341986482664,0.0,0.4237112395,0.774698942,3635.0,4760.0
0.6373013245581236,0.0,0.35663668049999997,0.69089005175,3635.0,4760.0
0.7116386096636689,0.0,0.312442948,0.6927067525,3635.0,4760.0
0.8651885858810001,0.0,0.3061169835,0.6448562215,3635.0,4760.0
0.8927960673085742,0.1337610305,0.283665777,0.6526135815,3635.0,4760.0
0.8638263579578049,0.35491088299999995,0.2395977655,0.7541262065000001,3635.0,4760.0
0.8393822827875499,0.44027708,0.2824006195,0.7768288864999999,3635.0,4760.0
0.834468530634574,0.3051603015,0.307522795,0.793497372,3635.0,4760.0
0.8646325790034417,0.0622878285,0.3676865745,0.878195504,3635.0,4760.0
0.8612219748355714,0.0,0.487252146,0.8934949945,3635.0,4760.0
0.7944675742886824,0.0,0.562208465,0.882865937,3635.0,4760.0
0.6880425834976451,0.0,0.6377213995,0.8946801879999999,3635.0,4760.0
0.6101691546914936,0.0,0.69277992,0.8900116475,3635.0,4760.0
0.5988686202780352,0.0,0.7019375436666667,0.8748461153333333,3635.0,4760.0
0.6258105790558586,0.0,0.6808879255,0.86114125,3635.0,4760.0
0.676747238772271,0.023256495,0.6558158645000001,0.8470751670000001,3635.0,4760.0
0.7091199229098153,0.128817252,0.632694682,0.824578203,3635.0,4760.0
0.7087341114232074,0.2089380415,0.60310799075,0.82914055975,3635.0,4760.0
0.7128297993942538,0.1260573015,0.592867483,0.8470846665,3635.0,4760.0
0.7147994875413188,0.00065518225,0.6054783542500001,0.85422818925,3635.0,4760.0
0.6578582531431569,0.0,0.60477622975,0.8814768024999999,3635.0,4760.0
0.5984503620791395,0.0,0.6178195575000001,0.890200575,3635.0,4760.0
0.6252152724475138,0.0,0.6244991,0.8725412555000001,3635.0,4760.0
0.6853721981145132,0.12508805933333333,0.6159797106666667,0.8620945623333333,3635.0,4760.0
0.703646260552696,0.3722047375,0.5470163610000001,0.787086298,3635.0,4760.0
0.7009834822777543,0.4210208395,0.548128375,0.8342979024999999,3635.0,4760.0
0.7027416128067777,0.3226307175,0.5238999915,0.7587703020000001,3635.0,4760.0
0.7151704618563919,0.067236619,0.460238597,0.6114392895,3635.0,4760.0
0.700249074190185,0.0,0.44518018025,0.5073771595000001,3635.0,4760.0
0.6680546803537093,0.0,0.444768693,0.5186104385,3635.0,4760.0
0.6292283245497954,0.0,0.447372744,0.540981691,3635.0,4760.0
0.6996593565117448,0.0,0.47035304850000004,0.619767009,3635.0,4760.0
0.8361272806767837,0.0,0.47321813999999995,0.652238063,3635.0,4760.0
0.8555264863425646,0.16808750249999999,0.45094066050000003,0.648745377,3635.0,4760.0
0.8437182491103459,0.318499161,0.3824493725,0.5849616950000001,3635.0,4760.0
0.8383176416282236,0.344160649,0.373348619,0.6403673335,3635.0,4760.0
0.8379544518452767,0.24243947999999998,0.351787791,0.664249517,3635.0,4760.0
0.8500561506715845,0.02774402225,0.3199643665,0.6590172129999999,3635.0,4760.0
0.786524416406806,0.0,0.32536829199999995,0.6835202335,3635.0,4760.0
0.6952627993833989,0.0,0.3320494355,0.705130118,3635.0,4760.0
0.6299980070467914,0.0,0.283211256,0.7076137545,3635.0,4760.0
0.7018164724191167,0.0,0.244814219,0.6468994995,3635.0,4760.0
0.8403677034762183,0.0,0.218662292,0.5866375565,3635.0,4760.0
0.8616151939106999,0.1977576555,0.18521167500000002,0.539090133,3635.0,4760.0
0.8493289283040307,0.48682376400000005,0.1386279695,0.512253136,3635.0,4760.0
0.840542733631451,0.5642664559999999,0.1233392895,0.471575127,3635.0,4760.0
0.8401924515031007,0.42362017750000003,0.0918619635,0.4017488435,3635.0,4760.0
0.8673273604055219,0.10760945250000001,0.09170877,0.33765914750000003,3635.0,4760.0
0.8698109168657676,0.0,0.1296607995,0.4018191845,3635.0,4760.0
0.8050282891086025,0.0,0.157756448,0.493768103,3635.0,4760.0
0.708615236399202,0.0,0.174451013,0.5387088584999999,3635.0,4760.0
0.6428823293328084,0.0,0.16556280625,0.4995071725,3635.0,4760.0
0.7198864512668417,0.0,0.20834573950000002,0.547128762,3635.0,4760.0
0.869818146903802,0.0,0.24481366,0.6010916585,3635.0,4760.0
0.9022902780431534,0.175378295,0.232023869,0.592466481,3635.0,4760.0
0.8705799672172261,0.45004331499999994,0.157652918,0.42639539000000004,3635.0,4760.0
0.8472107351079093,0.517272108,0.14083049949999998,0.299149772,3635.0,4760.0
0.8382203681582141,0.3700530355,0.13780654850000001,0.306577403,3635.0,4760.0
0.8707977569459215,0.0804316515,0.2106776525,0.423760937,3635.0,4760.0
0.8733251374220035,0.0,0.2752447805,0.4669750495,3635.0,4760.0
0.8062185918207496,0.0,0.29050518950000004,0.4376825435,3635.0,4760.0
0.7086656473735635,0.0,0.28795530599999997,0.43708320749999996,3635.0,4760.0
0.6389775621463116,0.0,0.265844463,0.4040838925,3635.0,4760.0
0.7115638247914031,0.0,0.265242443,0.3975662445,3635.0,4760.0
0.8637669204331471,0.0,0.2777910265,0.4524918105,3635.0,4760.0
0.8967022649723887,0.21020537299999997,0.2544906245,0.4873730825,3635.0,4760.0
0.8805711465465265,0.4802918895,0.15662195499999998,0.3535653135,3635.0,4760.0
0.8620707779294946,0.5603822350000001,0.147474539,0.353462327,3635.0,4760.0
0.8554375075048237,0.4179760015,0.11858627399999999,0.3093613705,3635.0,4760.0
0.8851907717276893,0.09910014,0.155567261,0.31911143,3635.0,4760.0
0.8745536309273737,0.0,0.189656412,0.331701448,3635.0,4760.0
0.8080584488259543,0.0,0.1735208555,0.33033788900000005,3635.0,4760.0
0.6893445902105247,0.0,0.14477771033333334,0.284383918,3635.0,4760.0
0.6355242206272632,0.0,0.1219828935,0.21604956250000001,3635.0,4760.0
0.6919020295747543,0.0,0.11250516966666668,0.17811172966666666,3635.0,4760.0
0.8653683177958388,0.0,0.118354648,0.231103273,3635.0,4760.0
0.9057777073826195,0.17454118400000002,0.1106424515,0.25506327549999996,3635.0,4760.0
0.9053524187159794,0.460614686,0.06149313333333334,0.19138025133333333,3635.0,4760.0
0.8979846809780603,0.47775898,0.08023518066666667,0.24830657200000003,3635.0,4760.0
0.9178765230573173,0.1023559075,0.1503822515,0.338823685,3635.0,4760.0
0.8718383125402218,0.0,0.2195908725,0.45054223849999997,3635.0,4760.0
0.7324465729708455,0.0,0.209576805,0.440731922,3635.0,4760.0
0.6515759412091522,0.0,0.215077718,0.47859584,3635.0,4760.0
0.6518644348824216,0.0,0.22438123799999998,0.51765128575,3635.0,4760.0
0.7272433512623336,0.034033022,0.24242465366666666,0.519545532,3635.0,4760.0
0.7761887213536157,0.3113981,0.2159498325,0.519836784,3635.0,4760.0
0.7622085310678002,0.485748241,0.2152308865,0.484687973,3635.0,4760.0
0.7480299792020383,0.47107421699999996,0.26728754600000004,0.557309592,3635.0,4760.0
0.7558182002779839,0.321236472,0.325062976,0.637615361,3635.0,4760.0
0.7883558014064267,0.0843375105,0.4410272355,0.746994231,3635.0,4760.0
0.7781594074786812,0.0,0.5444851475,0.8336919172499999,3635.0,4760.0
0.7104608598088672,0.0,0.5052393390000001,0.8373086555,3635.0,4760.0
0.6534245697398919,0.0,0.5242073935,0.8472334165000001,3635.0,4760.0
0.6732262316619096,0.0,0.5192048899999999,0.8640324255,3635.0,4760.0
0.7152909114988439,0.0,0.525495308,0.8650155305,3635.0,4760.0
0.7771837229854315,0.283832653,0.477976022,0.856571929,3635.0,4760.0
0.7715492983947229,0.665416901,0.327521366,0.7983704396666665,3635.0,4760.0
0.755159242364474,0.6577231335,0.364228698,0.8164310265,3635.0,4760.0
0.7826861726671825,0.3502946885,0.426765861,0.8708189024999999,3635.0,4760.0
0.8091510344829426,0.0006073545,0.47764318299999997,0.8915918515000001,3635.0,4760.0
0.7864605432668826,0.0,0.43038705933333327,0.8629151626666666,3635.0,4760.0
0.7305884854411127,0.0,0.37596193499999997,0.8305595365,3635.0,4760.0
0.6910294181881611,0.0,0.38887024974999995,0.8419482247500001,3635.0,4760.0
0.7757117575227794,0.0,0.392998045,0.827748997,3635.0,4760.0
0.9186786633524333,0.0,0.405046625,0.8313151480000001,3635.0,4760.0
0.9503777519752227,0.235100012,0.381467235,0.8356911375,3635.0,4760.0
0.9352164851231565,0.522609236,0.342403918,0.7988678,3635.0,4760.0
0.9258445796339827,0.47408801033333337,0.402789204,0.803384505,3635.0,4760.0
0.9370529267808746,0.22944313500000002,0.436758618,0.8247391545,3635.0,4760.0
0.9474739190618651,0.0005275585,0.4562615125,0.869246838,3635.0,4760.0
0.8786009557067471,0.0,0.3915208133333334,0.8450157856666666,3635.0,4760.0
0.752240683213834,0.0,0.3517094145,0.8132175575,3635.0,4760.0
0.6786233128116723,0.0,0.3204415285,0.7222467969999999,3635.0,4760.0
0.7628795539607978,0.0,0.2573451805,0.648865247,3635.0,4760.0
0.910166502201124,0.0,0.2315982405,0.5658093200000001,3635.0,4760.0
0.949549973744229,0.1398827125,0.194879509,0.517810498,3635.0,4760.0
0.9422443940481884,0.35429004466666664,0.15438754133333335,0.35610179933333336,3635.0,4760.0
0.9352136906835145,0.288441795,0.140148688,0.240771862,3635.0,4760.0
0.9440439755837642,0.1316109395,0.11882382450000001,0.1945626505,3635.0,4760.0
0.9532374059236322,0.0,0.115173498,0.1755747975,3635.0,4760.0
0.9039724926413037,0.0,0.1119032325,0.15011243800000001,3635.0,4760.0
0.8238456724863914,0.0,0.11373283549999999,0.179818972,3635.0,4760.0
0.6871237860283401,0.0,0.12087887025,0.28612118799999997,3635.0,4760.0
0.7053951427641587,0.0,0.14254739700000002,0.46095030000000004,3635.0,4760.0
0.8827570275224986,0.0,0.16059495633333334,0.5611789483333333,3635.0,4760.0
0.9555060557814822,0.17798915499999998,0.160545116,0.592592309,3635.0,4760.0
0.9402506647975402,0.4650320645,0.1007702135,0.5344161465,3635.0,4760.0
0.921139243134596,0.5226561405,0.0739650295,0.395454804,3635.0,4760.0
0.9168668394303074,0.3868594885,0.0683497395,0.32706401500000004,3635.0,4760.0
0.9451606467045377,0.0830196615,0.12283192400000001,0.4206961,3635.0,4760.0
0.929161665830459,0.0,0.182215021,0.5110341030000001,3635.0,4760.0
0.8533477023915136,0.0,0.2030506305,0.5101024475,3635.0,4760.0
0.7485649611154266,0.0,0.2269060695,0.48834664299999997,3635.0,4760.0
0.6770056810323147,0.0,0.22307068525,0.477452183,3635.0,4760.0
0.7629732345581445,0.0,0.23013111749999998,0.458528888,3635.0,4760.0
0.9097470685243616,0.0,0.2380449195,0.4763994475,3635.0,4760.0
0.9456721197692766,0.1687220265,0.219101524,0.4659996405,3635.0,4760.0
0.9309645740774841,0.4572365676666667,0.12610519866666667,0.3862799163333333,3635.0,4760.0
0.9097494637728034,0.4898273125,0.093180904,0.31148226700000003,3635.0,4760.0
0.9237807969003877,0.225051646,0.1225585015,0.31719718799999996,3635.0,4760.0
0.9387329678978475,0.0,0.2022951765,0.3354415895,3635.0,4760.0
0.86962317119349,0.0,0.24890439500000003,0.354759724,3635.0,4760.0
0.7476671886102916,0.0,0.31222134,0.4713255245,3635.0,4760.0
0.673713375273314,0.0,0.27524461499999997,0.4804663975,3635.0,4760.0
0.6814927177450469,0.0,0.26351250233333334,0.45496401866666664,3635.0,4760.0
0.8400922505128421,0.0,0.2811381135,0.4817396435,3635.0,4760.0
0.9322658119533088,0.07710430366666667,0.2950111203333334,0.4981584536666667,3635.0,4760.0
0.918201477653092,0.305877943,0.23580232150000002,0.4376437005,3635.0,4760.0
0.9042761562129353,0.303951297,0.21141868749999998,0.4582701135,3635.0,4760.0
0.9031857883804534,0.1795555845,0.2291378075,0.3807089645,3635.0,4760.0
0.9168456814867711,0.0124758405,0.27270934425,0.395526862,3635.0,4760.0
0.8380049293852518,0.0,0.2666833655,0.414786335,3635.0,4760.0
0.6929916285195613,0.0,0.2844265463333333,0.322355651,3635.0,4760.0
0.6261987414475795,0.0,0.290636473,0.3124294665,3635.0,4760.0
0.6642742994443664,0.0,0.254332125,0.235869401,3635.0,4760.0
0.7267010726946774,0.029985366,0.256076628,0.205167679,3635.0,4760.0
0.7601940873912715,0.2476540625,0.2190098055,0.24036585100000002,3635.0,4760.0
0.738575467406319,0.40731641933333335,0.1601201156666667,0.26906999033333334,3635.0,4760.0
0.7382450125504241,0.322062944,0.12762885699999998,0.17729757499999999,3635.0,4760.0
0.7728499744365216,0.063612377,0.1266624245,0.1245183325,3635.0,4760.0
0.7707312268222387,0.0,0.17049589025,0.20167132724999998,3635.0,4760.0
0.6900258002915184,0.0,0.20898380433333333,0.22050388399999998,3635.0,4760.0
0.639623279729018,0.0,0.248275096,0.238463131,3635.0,4760.0
0.6444998760532922,0.0,0.3144633466666667,0.40356241933333337,3635.0,4760.0
0.694748598343391,0.0,0.3700534985,0.575020607,3635.0,4760.0
0.758472306901121,0.059554523,0.390130667,0.5940554579999999,3635.0,4760.0
0.7605048332067145,0.14226469466666666,0.38027587333333335,0.5906447193333334,3635.0,4760.0
0.7602936674230653,0.172493698,0.378189829,0.6413229915,3635.0,4760.0
0.780466935704453,0.0890196225,0.350897127,0.6330818775,3635.0,4760.0
0.7908467357664232,0.0,0.2858397723333333,0.542315863,3635.0,4760.0
0.7664792935627185,0.0,0.23288692649999998,0.456480109,3635.0,4760.0
0.6989462912328227,0.0,0.16630401133333336,0.3474519946666667,3635.0,4760.0
0.6610952872037682,0.0,0.13369866233333336,0.3327754406666667,3635.0,4760.0
0.7853511317632362,0.0,0.12027329066666666,0.28834502666666667,3635.0,4760.0
0.9218677074950097,0.01050135,0.1374809595,0.2493715025,3635.0,4760.0
0.9219605009726779,0.1018459425,0.1785240505,0.207004242,3635.0,4760.0
0.9127027982679395,0.1987818465,0.2475691055,0.2166399915,3635.0,4760.0
0.9104922551792991,0.173066527,0.315447568,0.237745372,3635.0,4760.0
0.9211239106355915,0.050656592,0.3319889563333333,0.254595661,3635.0,4760.0
0.9062040606434939,0.0,0.33576174150000004,0.2524108775,3635.0,4760.0
0.8328985375616004,0.0,0.3436258715,0.210836965,3635.0,4760.0
0.7091757232353548,0.0,0.3074548293333333,0.13139468166666665,3635.0,4760.0
0.6539118575177352,0.0,0.2836876385,0.16054553100000002,3635.0,4760.0
0.7081854381611278,0.0,0.26766137599999995,0.24351353733333334,3635.0,4760.0
0.8861029157740961,0.0,0.2598754155,0.3378101685,3635.0,4760.0
0.922503334034426,0.0884610215,0.262961205,0.4895717815,3635.0,4760.0
0.9094224687258381,0.2700299575,0.292042305,0.6303105314999999,3635.0,4760.0
0.9015532529398778,0.2728143265,0.3238570195,0.7608847695000001,3635.0,4760.0
0.9027074051581316,0.1582456075,0.337436776,0.828394823,3635.0,4760.0
0.9222239333505158,0.024689059,0.340410062,0.8424553765,3635.0,4760.0
0.9095258190542304,0.0,0.369934996,0.8370313435,3635.0,4760.0
0.8419846698525417,0.0,0.386443895,0.8052543194999999,3635.0,4760.0
0.7345272406755373,0.0,0.40330214099999995,0.797880351,3635.0,4760.0
0.657414534381699,0.0,0.39006393575,0.77391053975,3635.0,4760.0
0.7281623261555745,0.0,0.3674171065,0.7651861035,3635.0,4760.0
0.8840553082989819,0.011574699666666667,0.36840723066666664,0.7868379226666665,3635.0,4760.0
0.8998483278248581,0.140099262,0.34298034749999995,0.7997263370000001,3635.0,4760.0
0.8819849608460196,0.2514717435,0.30581672449999997,0.7954539505,3635.0,4760.0
0.8689860217610739,0.25460925749999996,0.29576750900000004,0.790180392,3635.0,4760.0
0.8825113228583605,0.059876776,0.336758828,0.7884904853333333,3635.0,4760.0
0.876183549352243,0.0,0.389747652,0.805892932,3635.0,4760.0
0.8051276473731317,0.0,0.42935818400000003,0.8346545435,3635.0,4760.0
0.7066666619029648,0.0,0.449907861,0.846850898,3635.0,4760.0
0.6358276291235132,0.0,0.4983489502499999,0.86302539475,3635.0,4760.0
0.7066859347488221,0.0,0.57178481,0.8861937295,3635.0,4760.0
0.8538860998042493,0.0,0.6361835929999999,0.8983771629999999,3635.0,4760.0
0.8828370907020123,0.1105253735,0.6769985949999999,0.9136677630000001,3635.0,4760.0
0.8682591542667015,0.36052089099999995,0.635268188,0.8930607150000001,3635.0,4760.0
0.8483541087587949,0.43965234649999996,0.5653695425,0.8646950795,3635.0,4760.0
0.8479169769305521,0.282340465,0.553085281,0.8426790024999999,3635.0,4760.0
0.8665674326140785,0.030966045666666667,0.558348883,0.8253753669999999,3635.0,4760.0
0.8314997600545523,0.0,0.5457444245,0.8159211145,3635.0,4760.0
0.7518236004421845,0.0,0.501675,0.8194923995000001,3635.0,4760.0
0.6421406357021135,0.0,0.4410449945,0.8460725315,3635.0,4760.0
0.6533263980643718,0.0,0.3656781135,0.812102342,3635.0,4760.0
0.7843777020978868,0.0,0.3281364905,0.7818729955,3635.0,4760.0
0.8862283850881246,0.048941431333333334,0.306512603,0.7252255233333335,3635.0,4760.0
0.8791081853612657,0.2640317485,0.282582993,0.713575041,3635.0,4760.0
0.8715090553760416,0.30324622599999995,0.28486801149999996,0.7143129699999999,3635.0,4760.0
0.8718255379156119,0.2414729365,0.269696663,0.7595733355000001,3635.0,4760.0
0.902160299123944,0.034070256666666666,0.2746449616666667,0.7225013986666666,3635.0,4760.0
0.8469063026654764,0.0,0.2836443846666667,0.6197866236666666,3635.0,4760.0
0.682498538659776,0.0,0.293225042,0.69419296175,3781.5,4952.0
0.6383939212503238,0.0,0.31572079575,0.8026433669999999,3928.0,5144.0
0.699135885033132,0.0,0.3494648065,0.8639449985000001,3928.0,5144.0
0.7632013149257301,0.0581437025,0.395958431,0.8832271380000001,3928.0,5144.0
0.7605490416832615,0.15779056566666666,0.419462078,0.8829543716666667,3928.0,5144.0
0.7487272609893783,0.121994459,0.4544859035,0.8711778555,3928.0,5144.0
0.7659597772120681,0.021176764333333334,0.499961428,0.8618942736666666,3928.0,5144.0
0.7476633406622472,0.0,0.5617361175,0.8604021639999999,3928.0,5144.0
0.6499801992913583,0.0,0.59660610725,0.8655273835,3928.0,5144.0
0.6104463042427808,0.0,0.63595985625,0.8736955645,3928.0,5144.0
0.6635343246491774,0.0,0.6374342985,0.8716439455,3928.0,5144.0
0.7139938209897737,0.010299801,0.6190085045,0.870836792,3928.0,5144.0
0.7206364506409477,0.0333426735,0.5249757915,0.852807072,3928.0,5144.0
0.7198008545950212,0.042741730750000005,0.55732224375,0.8653530345,3928.0,5144.0
0.7330963934757373,0.00538124,0.5692106465,0.8737580300000001,3928.0,5144.0
0.7114549410381977,0.0,0.61399857025,0.87664018825,3928.0,5144.0
0.6645856736594494,0.0,0.601881856,0.882515722,3928.0,5144.0
0.6392618974429246,0.0,0.6076822305,0.8794266655,3928.0,5144.0
0.7829649522913877,0.0,0.6063266945,0.8839016074999999,3928.0,5144.0
0.8755961086564942,0.01840125,0.61020721,0.8779577066666667,3928.0,5144.0
0.8671891903386846,0.08614484350000001,0.6059892929999999,0.885162887,3928.0,5144.0
0.8650635009433152,0.11045172175000001,0.6935734195000001,0.9080926782500001,3928.0,5144.0
0.8794582752845708,0.013642265333333334,0.7315354496666666,0.9092827213333333,3928.0,5144.0
0.8454786639788687,0.0,0.687845401,0.8801428490000001,3928.0,5144.0
0.7708440472101463,0.0,0.579710893,0.7841347905,3928.0,5144.0
0.6594204061789131,0.0,0.4833395465,0.629069519,3928.0,5144.0
0.6442683876697177,0.0,0.4139987295,0.45912289875,3928.0,5144.0
0.792565573955215,0.0,0.30031053750000003,0.2749915985,3928.0,5144.0
0.9104682141094629,0.033541405999999996,0.21659178133333334,0.14500850266666668,3928.0,5144.0
0.8923908720418563,0.225998307,0.12275367100000001,0.056501164,3928.0,5144.0
0.8840079357200646,0.310248329,0.10735409133333333,0.08900794166666666,3928.0,5144.0
0.9053512210917585,0.12909625600000002,0.0848118165,0.1219839735,3928.0,5144.0
0.9302346459653829,0.0,0.09099441650000001,0.21334451,3928.0,5144.0
0.8947990670147005,0.0,0.1107182565,0.3188562245,3928.0,5144.0
0.8200320021896518,0.0,0.137581863,0.4432575915,3928.0,5144.0
0.6772670064692785,0.0,0.167530036,0.5357920865000001,3928.0,5144.0
0.6618168578385749,0.0,0.18248592675,0.59549434975,3928.0,5144.0
0.809260106771226,0.0,0.1777960955,0.6153730065,3928.0,5144.0
0.9273435877272554,0.011845045,0.19851109,0.6574688310000001,3928.0,5144.0
0.9177250460940627,0.1665190235,0.19541204,0.6281474625000001,3928.0,5144.0
0.9015718826049857,0.29057021250000004,0.171042364,0.6506021369999999,3928.0,5144.0
0.8898656206023823,0.2492942345,0.1990476895,0.6945228720000001,3928.0,5144.0
0.9043585111899969,0.052754904666666665,0.29425326533333335,0.756385925,3928.0,5144.0
0.8937650318133119,0.0,0.389949513,0.7950202340000001,3928.0,5144.0
0.8232415390245911,0.0,0.44437427949999997,0.809666113,3928.0,5144.0
0.6910042865980915,0.0,0.4365454853333333,0.7617493766666668,3928.0,5144.0
0.6420347127519638,0.0,0.45273759025,0.7382321045,3928.0,5144.0
0.786499443772722,0.0,0.4182255105,0.705501149,3928.0,5144.0
0.8891866135816586,0.0043253935,0.3844771715,0.735710982,3928.0,5144.0
0.8832406448099801,0.048201887,0.3401767055,0.744027022,3928.0,5144.0
0.8743517208180931,0.13375089950000002,0.424060951,0.7933674015000001,3928.0,5144.0
0.868043316251919,0.14569724950000001,0.41996963649999997,0.847912424,3928.0,5144.0
0.8807075571213699,0.039482096333333334,0.35432082233333334,0.8101142556666666,3928.0,5144.0
0.8588347012578895,0.0,0.3556044153333333,0.796039859,3928.0,5144.0
0.7691345090727986,0.0,0.3753799505,0.8076606595,3928.0,5144.0
0.6476353230149662,0.0,0.3850745546666667,0.8307252423333334,3928.0,5144.0
0.6462935433901849,0.0,0.415585637,0.8707130633333334,3928.0,5144.0
0.786267127351724,0.0,0.4710438415,0.882799637,3928.0,5144.0
0.888922116710827,0.0068809655,0.5253880989999999,0.8815573905,3928.0,5144.0
0.8822915519379,0.115927315,0.564656857,0.887073921,3928.0,5144.0
0.87782881512472,0.2300298375,0.621893341,0.8955382255,3928.0,5144.0
0.8783508450401829,0.23784992900000002,0.676543476,0.889301014,3928.0,5144.0
0.8990347436605801,0.1164500655,0.7541156275,0.9098214204999999,3928.0,5144.0
0.9042856189240792,0.0,0.8009718966666667,0.9166910443333333,3928.0,5144.0
0.8429113627629155,0.0,0.7765813675,0.9255156695,3928.0,5144.0
0.6953796857491542,0.0,0.736629101,0.9251752660000001,3928.0,5144.0
0.6221701313162576,0.0,0.7105579127499999,0.929839084,3928.0,5144.0
0.6570188202856386,0.0,0.7138880455000001,0.930381216,3928.0,5144.0
0.730675645662421,0.05116999033333333,0.7099783243333334,0.925499505,3928.0,5144.0
0.7456359339019607,0.2152529115,0.6823794095,0.9226677135,3928.0,5144.0
0.7405379697405645,0.216271693,0.7447979705,0.933095378,3928.0,5144.0
0.7462839801674956,0.10679573,0.748257832,0.929018025,3928.0,5144.0
0.7598084310810045,0.008516001,0.7667020037500001,0.905290543,3928.0,5144.0
0.723492504309266,0.0,0.817728948,0.9033042993333332,3928.0,5144.0
0.6226482928219351,0.0,0.85779888175,0.923086975,3928.0,5144.0
0.6244646298926582,0.0,0.86853491775,0.92907166925,3928.0,5144.0
0.7207208829207338,0.047740834333333336,0.8731296376666666,0.9242777480000001,3928.0,5144.0
0.7431478752777094,0.25712379949999997,0.8600328429999999,0.9266523945,3928.0,5144.0
0.7407718386336548,0.3128205085,0.8794751205,0.9346162665,3928.0,5144.0
0.7465072700381974,0.238498829,0.8809720045,0.931348356,3928.0,5144.0
0.7688813674350915,0.0500486855,0.8374589139999999,0.9319199739999999,3928.0,5144.0
0.7526460891619839,0.0,0.745217258,0.907508876,3928.0,5144.0
0.6837605692542432,0.0,0.5871137813333334,0.811496136,3928.0,5144.0
0.6537842775591185,0.0,0.521942584,0.7202285485,3928.0,5144.0
0.8075015992226666,0.0,0.4632653585,0.6675723855,3928.0,5144.0
0.9268460573153815,0.054640205,0.3965075820000001,0.5665522183333334,3928.0,5144.0
0.9125201832268008,0.326489407,0.3544160785,0.4183722345,3928.0,5144.0
0.9054648472779312,0.367904392,0.33373917466666664,0.35911376266666667,3928.0,5144.0
0.9232352137929465,0.1571506695,0.2625123545,0.2751045345,3928.0,5144.0
0.9231824297418075,0.0,0.22670997774999999,0.2230565495,3928.0,5144.0
0.8368792539364669,0.0,0.16158550700000002,0.1376537995,3928.0,5144.0
0.6780624822050436,0.0,0.13753650150000002,0.096007188,3928.0,5144.0
0.6931167282552293,0.0,0.12094240549999999,0.109019229,3928.0,5144.0
0.8509766780116074,0.0,0.1330354725,0.156289367,3928.0,5144.0
0.9602979019308729,0.06196707333333334,0.12069847299999999,0.196714433,3928.0,5144.0
0.9402340754823826,0.3375113755,0.08064123200000001,0.241923781,3928.0,5144.0
0.928988853482859,0.46411367400000003,0.07919241766666667,0.20118953299999998,3928.0,5144.0
0.9422057152927401,0.2233319685,0.0883606275,0.196423821,3928.0,5144.0
0.963951593662808,0.0,0.129526634,0.318777054,3928.0,5144.0
0.9282890877266726,0.0,0.15393324349999998,0.39075857150000004,3928.0,5144.0
0.8590361382704217,0.0,0.1484496415,0.3952416115,3928.0,5144.0
0.7082882857461856,0.0,0.147547156,0.4106491565,3928.0,5144.0
0.706325816627253,0.0,0.1569919065,0.4077884785,3928.0,5144.0
0.8713630786054136,0.0,0.1523520515,0.3209592765,3928.0,5144.0
0.9780334339600804,0.06784267033333334,0.14906433666666666,0.34655571133333335,3928.0,5144.0
0.9704887882923106,0.368825312,0.1001414095,0.3170728265,3928.0,5144.0
0.9580547717262768,0.48332804,0.0859029525,0.2450354085,3928.0,5144.0
0.9582049623280324,0.3744645445,0.0946349435,0.2805910185,3928.0,5144.0
0.983756586025299,0.038016241,0.18468452000000002,0.45415978799999995,3928.0,5144.0
0.9450280655169846,0.0,0.246480807,0.5821951715,3928.0,5144.0
0.8732680508024588,0.0,0.25408168200000003,0.6622736555,3928.0,5144.0
0.7107991768061506,0.0,0.30823116725,0.7275558767500001,3928.0,5144.0
0.7246482164070406,0.0,0.3552802645,0.787864551,3928.0,5144.0
0.8708883325990836,0.0,0.3820828375,0.794306357,3928.0,5144.0
0.9774756084829628,0.05708077633333333,0.3934460823333333,0.7986172143333333,3928.0,5144.0
0.9710441963324483,0.30249245075,0.278023344,0.68647580025,3928.0,5144.0
0.9688808262439985,0.21567437499999997,0.3134282755,0.6896691275,3928.0,5144.0
0.980406979261607,0.01044329175,0.37044791125,0.6861127462500001,3928.0,5144.0
0.90939643159876,0.0,0.31214979499999995,0.6413610755,3928.0,5144.0
0.7669240842836555,0.0,0.22625942533333335,0.459830915,3928.0,5144.0
0.714605106914093,0.0,0.2120212755,0.326958279,3928.0,5144.0
0.8702764810695303,0.0,0.18337277600000002,0.240282432,3928.0,5144.0
0.9767475137684037,0.09152310566666666,0.18174078866666665,0.29233247,3928.0,5144.0
0.9757392939605753,0.49852603900000003,0.096988325,0.2127743245,3928.0,5144.0
0.970947211245937,0.5934956705000001,0.1165710065,0.1190602265,3928.0,5144.0
0.9728528930881046,0.439041365,0.1391831275,0.13534068300000002,3928.0,5144.0
0.9889625726112339,0.046962488,0.180006545,0.18370870333333333,3928.0,5144.0
0.9477797561652941,0.0,0.179877774,0.296184659,3928.0,5144.0
0.8735410641234438,0.0,0.161531762,0.433216469,3928.0,5144.0
0.7040785131973972,0.0,0.162065179,0.559014244,3928.0,5144.0
0.6836929886627473,0.0,0.18496583175000003,0.67395183725,3928.0,5144.0
0.7170546753011007,0.0,0.23077447550000002,0.777364787,3928.0,5144.0
0.7846345697394839,0.0055346555,0.27162577099999996,0.8309861325000001,3928.0,5144.0
0.8166382977908613,0.182411971,0.2772669835,0.8454950830000001,3928.0,5144.0
0.8154807744165888,0.247287258,0.2904670915,0.8397438615,3928.0,5144.0
0.8178929319416971,0.127156191,0.33882797066666664,0.8349806790000001,3928.0,5144.0
0.8443649647216731,0.0050511295,0.4378330495,0.8617393455,3928.0,5144.0
0.8235448698947057,0.0,0.48580778500000005,0.86145721475,3928.0,5144.0
0.7410902950081821,0.0,0.43609405300000004,0.7789955904999999,3928.0,5144.0
0.6598582366423766,0.0,0.35632783100000004,0.6985765232500001,3928.0,5144.0
0.6752896595307599,0.0,0.234896119,0.5352273916666667,3928.0,5144.0
0.7517517875347373,0.000912449,0.1894101935,0.47545342749999997,3928.0,5144.0
0.7893706747215206,0.0665156015,0.175861264,0.5023592514999999,3928.0,5144.0
0.783594235861828,0.12789705099999998,0.1929426365,0.5668856449999999,3928.0,5144.0
0.7791602863226593,0.1234857395,0.194414084,0.676728318,3928.0,5144.0
0.8004141641200662,0.044752140499999996,0.236244036,0.7763572605,3928.0,5144.0
0.8135469262588745,0.0,0.2991770615,0.8315895415,3928.0,5144.0
0.7938816269068407,0.0,0.38070710350000003,0.8616417245,3928.0,5144.0
0.7642706134507131,0.0,0.44827525749999997,0.8646316805,3928.0,5144.0
0.6782385879897228,0.0,0.45989856100000004,0.850986808,3928.0,5144.0
0.6658076763425637,0.0,0.45090065749999997,0.83157265025,3928.0,5144.0
0.8272595146790533,0.0,0.42663849350000005,0.701744693,3928.0,5144.0
0.9380128573110147,0.05454018066666667,0.3655660783333334,0.599930985,3928.0,5144.0
0.9201422454961589,0.32031798,0.2801090465,0.5168420805,3928.0,5144.0
0.9056441947826793,0.3575275485,0.29192142,0.567286543,3928.0,5144.0
0.9086826491322999,0.22211706950000001,0.2503707225,0.6196277754999999,3928.0,5144.0
0.9467124092529835,0.032479115,0.238443737,0.6683594964999999,3928.0,5144.0
0.9359293803686977,0.0,0.258151911,0.7287877045,3928.0,5144.0
0.8751215696531927,0.0,0.280546203,0.7630934405,3928.0,5144.0
0.7333056963502452,0.0,0.33297941433333333,0.8173850083333334,3928.0,5144.0
0.6803432968401812,0.0,0.36759743775,0.84651696675,3928.0,5144.0
0.8463641941818212,0.0,0.46198537100000003,0.8711616645,3928.0,5144.0
0.952474166117482,0.0046799055,0.556608659,0.8964174254999999,3928.0,5144.0
0.9491850097219252,0.224735279,0.576041555,0.8998880055,3928.0,5144.0
0.9223448044064527,0.3439382195,0.5882891004999999,0.9162137319999999,3928.0,5144.0
0.9288290818535889,0.107129156,0.6717153410000001,0.9277697495,3928.0,5144.0
0.9389098610297153,0.0,0.696967111,0.9245040185,3928.0,5144.0
0.8673972512287693,0.0,0.6778944153333334,0.9016720936666666,3928.0,5144.0
0.729229584279987,0.0,0.6066808109999999,0.876215958,3928.0,5144.0
0.6430758006433813,0.0,0.5731193035,0.8595574724999999,3928.0,5144.0
0.6503269994222414,0.0,0.519382552,0.8573929433333333,3928.0,5144.0
0.794412661150315,0.0,0.460788557,0.8258771069999999,3928.0,5144.0
0.9161216527247498,0.001336545,0.424601016,0.824325896,3928.0,5144.0
0.9097338947085514,0.1499788225,0.36939497899999996,0.7881033725,3928.0,5144.0
0.9052621535167396,0.2968162915,0.344056796,0.718650446,3928.0,5144.0
0.9060465364515696,0.240807204,0.40021586733333336,0.742802635,3928.0,5144.0
0.9296814335021564,0.02058520175,0.43552179975,0.8031065264999999,3928.0,5144.0
0.8595193119896273,0.0,0.474359632,0.8645762880000001,3928.0,5144.0
0.7162031590298913,0.0,0.4757581823333334,0.901107768,3928.0,5144.0
0.6663458851949113,0.0,0.4648178505,0.8775277622500001,3928.0,5144.0
0.8205494633754954,0.0,0.4699936425,0.8526616364999999,3928.0,5144.0
0.9312998193290225,0.04684138333333334,0.47058341633333334,0.8290664263333333,3928.0,5144.0
0.9182056028481821,0.265916967,0.44175456150000003,0.7887279629999999,3928.0,5144.0
0.9040188228398346,0.2744963875,0.44745938975000005,0.8009416575,3928.0,5144.0
0.9225865465183266,0.02990802166666667,0.4342772556666667,0.8297967256666667,3928.0,5144.0
0.8870549361158049,0.0,0.506565274,0.8731231065,3928.0,5144.0
0.8061913569682102,0.0,0.5740770935,0.8791286745,3928.0,5144.0
0.6644511704551899,0.0,0.620260363,0.8808882650000001,3928.0,5144.0
0.6459945483037891,0.0,0.662360444,0.879845904,3928.0,5144.0
0.7897206463453283,0.0,0.7169994295,0.8762123344999999,3928.0,5144.0
0.8915597522676836,0.010232881666666667,0.7301181336666667,0.8784431736666667,3928.0,5144.0
0.8835110410646385,0.056378527,0.7001262085,0.8745503565,3928.0,5144.0
0.8797347410070571,0.05099768674999999,0.6866843195,0.86388598925,3928.0,5144.0
0.8873869877449374,0.00374201725,0.68107851375,0.87398225475,3928.0,5144.0
0.8131558806649233,0.0,0.6858988635000001,0.876522393,3928.0,5144.0
0.6749052082352686,0.0,0.6704497749999999,0.8765160726666666,3928.0,5144.0
0.6036538720952193,0.0,0.644743627,0.86846866075,3928.0,5144.0
0.6376388652940506,0.0,0.5836686175000001,0.849797092,3928.0,5144.0
0.7143367029623419,0.016477738000000002,0.5426305653333333,0.8260310173333334,3928.0,5144.0
0.7321071138038125,0.1180952995,0.4304126115,0.7074793315,3928.0,5144.0
0.7263112912399404,0.17065388250000002,0.46441791450000003,0.7096391295,3928.0,5144.0
0.731606552437669,0.127636568,0.42289150200000003,0.6740927329999999,3928.0,5144.0
0.7592172274960854,0.019869566,0.365190003,0.6370129125,3928.0,5144.0
0.7440343258325268,0.0,0.31471040725,0.56422207525,3928.0,5144.0
0.6679871551829377,0.0,0.25222943433333334,0.5384272016666666,3928.0,5144.0
0.6094076115998053,0.0,0.26508692674999995,0.60419567825,3928.0,5144.0
0.6787594313414868,0.000939779,0.3188119025,0.6852150865,3928.0,5144.0
0.7425495302907934,0.07784341,0.41356291,0.723985235,3928.0,5144.0
0.7290832230992684,0.15993990466666666,0.4749966003333334,0.7262070356666667,3928.0,5144.0
0.7225545744821387,0.09948886200000001,0.4920065295,0.73385338,3928.0,5144.0
0.7341785554132283,0.016424301,0.4745806,0.7198254955000001,3928.0,5144.0
0.7195185264414821,0.0,0.46015629750000003,0.68342288175,3928.0,5144.0
0.6819103179736468,0.0,0.408449021,0.5625835235,3928.0,5144.0
0.6358756005567243,0.0,0.38244858675,0.41228200475,3928.0,5144.0
0.7098313544711623,0.0,0.30565273000000004,0.2795867575,3928.0,5144.0
0.8873872982579165,0.0011660743333333334,0.2399949053333333,0.20716952366666666,3928.0,5144.0
0.9062059827445673,0.09917560166666667,0.18595346533333332,0.16855358499999998,3928.0,5144.0
0.9030174560420681,0.18327579300000002,0.18904778849999998,0.1470806265,3928.0,5144.0
0.9056503159843909,0.144109873,0.20268563750000002,0.143726743,3928.0,5144.0
0.9302865724421894,0.013802377666666666,0.21093890066666665,0.16490781866666668,3928.0,5144.0
0.8918291431875334,0.0,0.23014005966666665,0.2166958436666667,3928.0,5144.0
0.7672321095987513,0.0,0.21816704199999998,0.23214211899999998,3928.0,5144.0
0.689294208832129,0.0,0.190084951,0.2107521435,3928.0,5144.0
0.7039361736765078,0.0,0.16997790366666665,0.21913165166666668,3928.0,5144.0
0.8657939613103502,0.0,0.172447355,0.26777743600000004,3928.0,5144.0
0.9749594205634325,0.07529415099999999,0.15547422466666666,0.30176948666666664,3928.0,5144.0
0.9654670283946655,0.4433824575,0.06282848299999999,0.248289242,3928.0,5144.0
0.9506205585800906,0.600764645,0.0471699215,0.17193009399999998,3928.0,5144.0
0.9485661942143107,0.47829256649999996,0.0703878375,0.14881875849999998,3928.0,5144.0
0.9821362337287209,0.086421985,0.142016096,0.20593287,3928.0,5144.0
0.9404216363232965,0.0,0.17143144424999998,0.2658617185,3928.0,5144.0
0.7663221686126147,0.0,0.1402716013333333,0.19610233666666668,3928.0,5144.0
0.7146263203374107,0.0,0.12961216474999998,0.16416517675,3928.0,5144.0
0.8695145720694485,0.0,0.1440942025,0.15516691700000002,3928.0,5144.0
0.976654069719431,0.07545462066666667,0.15436094966666666,0.17076863733333333,3928.0,5144.0
0.9777874483873659,0.4815989075,0.098766929,0.137028344,3928.0,5144.0
0.9674119656749107,0.6280746660000001,0.0478508795,0.07979283649999999,3928.0,5144.0
0.963009642243345,0.472053572,0.0515975125,0.0875889335,3928.0,5144.0
0.9860505929948176,0.072977988,0.10706336050000001,0.126606789,3928.0,5144.0
0.9420543714607126,0.0,0.1320931295,0.15441125825,3928.0,5144.0
0.7934202099179719,0.0,0.111963302,0.1160734745,3928.0,5144.0
0.7143515770849633,0.0,0.0814314098,0.08779367499999999,3928.0,5144.0
0.8698689792916485,0.0,0.062031757,0.05999029,3928.0,5144.0
0.9770462389814348,0.061658152,0.057087702,0.046657365,3928.0,5144.0
0.9771924966775125,0.341086063,0.0425019285,0.0515216075,3928.0,5144.0
0.9676662384471557,0.368571588,0.017251709499999997,0.0365135425,3928.0,5144.0
0.985103422274431,0.037979960666666666,0.024678722666666666,0.03029277,3928.0,5144.0
0.9475856084164751,0.0,0.0337304185,0.025296731,3928.0,5144.0
0.8734988812157374,0.0,0.042896330499999996,0.017553891500000002,3928.0,5144.0
0.7220411497034871,0.0,0.042683182,0.0186916775,3928.0,5144.0
0.7043457306529431,0.0,0.04187185066666666,0.038514868333333334,3928.0,5144.0
0.8296292675291905,0.0,0.052504922,0.060438001,3928.0,5144.0
0.9769947117127019,0.001736985,0.0579366075,0.073793838,3928.0,5144.0
0.9792201585131804,0.091261102,0.052031433,0.05943293399999999,3928.0,5144.0
0.9709023817096846,0.183947369,0.049784204,0.055663458666666665,3928.0,5144.0
0.972312736267742,0.11151314233333333,0.07729823433333333,0.12828683566666665,3928.0,5144.0
0.978752731332783,0.0,0.09517373949999999,0.1519985165,3928.0,5144.0
0.9331649151970187,0.0,0.1046281005,0.15308028,3928.0,5144.0
0.8570899589720062,0.0,0.093006592,0.1192326475,3928.0,5144.0
0.6865012003253675,0.0,0.08823059650000001,0.109197447,3928.0,5144.0
0.6568105893790464,0.0,0.0941511645,0.139621135,3928.0,5144.0
0.6750658225818312,0.0,0.10924938775,0.20517049350000002,3928.0,5144.0
0.7757282876460051,0.041284491666666666,0.10825773833333334,0.27675239833333337,3928.0,5144.0
0.8011823273518462,0.24054523,0.090124713,0.39255614299999997,3928.0,5144.0
0.7943018146226746,0.3500635525,0.10233239999999999,0.437820918,3928.0,5144.0
0.7938339438065076,0.2976954035,0.134045772,0.47849586349999995,3928.0,5144.0
0.8172197651803618,0.064204396,0.1708639085,0.5078839749999999,3928.0,5144.0
0.8067700299180685,0.0,0.1896891905,0.4726322215,3928.0,5144.0
0.7837568462403222,0.0,0.19021123499999998,0.3812031175,3928.0,5144.0
0.6990890299111654,0.0,0.16821883233333335,0.2659856813333333,3928.0,5144.0
0.643472346429959,0.0,0.163857062,0.20854810366666668,3928.0,5144.0
0.6746454278714055,0.0,0.143960313,0.14196416733333334,3928.0,5144.0
0.766299191985152,0.032721677,0.13839674966666668,0.141282338,3928.0,5144.0
0.7853381058091424,0.189874708,0.1178041595,0.183068221,3928.0,5144.0
0.7685206172101684,0.28034211533333336,0.12288944,0.24429091633333333,3928.0,5144.0
0.782354076669411,0.17002993,0.145900415,0.268471865,3928.0,5144.0
0.7949083285518072,0.0,0.16937220466666666,0.3007508503333333,3928.0,5144.0
0.7679495291799627,0.0,0.1596437865,0.2549650845,3928.0,5144.0
0.6950117794086182,0.0,0.143515743,0.20162028099999998,3928.0,5144.0
0.6576472167110903,0.0,0.1466973505,0.20923711425,3928.0,5144.0
0.8079499088600983,0.0,0.149653857,0.20364511600000001,3928.0,5144.0
0.9289751030012926,0.037502529666666666,0.14899811566666665,0.17968090966666664,3928.0,5144.0
0.9235859837991549,0.2111760775,0.0950693105,0.13602506749999999,3928.0,5144.0
0.9181949573108004,0.28660718399999996,0.09924590450000001,0.135520847,3928.0,5144.0
0.9149350316731637,0.2188020825,0.110826067,0.15693708750000002,3928.0,5144.0
0.9342606057981914,0.049129904,0.144371366,0.2101586865,3928.0,5144.0
0.8837807277247948,0.0,0.154813658,0.23432116925,3928.0,5144.0
0.7323821897476528,0.0,0.141544595,0.23179484150000002,3928.0,5144.0
