Demand,Avail_Sol,Avail_Wind_On,Avail_Wind_Off,Hyd_In,HydRoR_In
0.6472827787019072,0.0,0.788913432,0.934466468,3449.0,4517.0
0.6329292410242413,0.0,0.7906825635,0.935049402,3449.0,4517.0
0.6620166055778205,0.0,0.789835184,0.9360477094999999,3449.0,4517.0
0.7996137537209782,0.0,0.7638284584999999,0.921963546,3449.0,4517.0
0.9045418507586082,0.0021386825,0.7661797445,0.7340310895,3449.0,4517.0
0.9054430831064194,0.1041706,0.779555371,0.71025952,3449.0,4517.0
0.8996520509888108,0.175734785,0.777464909,0.775591487,3449.0,4517.0
0.8974139183010004,0.166686372,0.803858211,0.7407680619999999,3449.0,4517.0
0.896922405555577,0.136461845,0.832227049,0.726893084,3449.0,4517.0
0.899924532037989,0.101536849,0.860026313,0.818317186,3449.0,4517.0
0.9146983461687669,0.0360938115,0.8693577925,0.8995979045,3449.0,4517.0
0.8990589179122637,0.0,0.8574556520000001,0.935711473,3449.0,4517.0
0.8260901481937986,0.0,0.827624978,0.933553883,3449.0,4517.0
0.7604270025990697,0.0,0.803201081,0.922168041,3449.0,4517.0
0.6651163382570693,0.0,0.732890004,0.8712949635,3449.0,4517.0
0.6426381808866604,0.0,0.644485395,0.8101937674999999,3449.0,4517.0
0.6665953564350604,0.0,0.582981566,0.7831706629999999,3449.0,4517.0
0.8094200113967357,0.0,0.5089619249999999,0.661802097,3449.0,4517.0
0.9145865681781193,0.0022310135,0.437376647,0.715158639,3449.0,4517.0
0.9125304295729824,0.075035351,0.420659913,0.774323823,3449.0,4517.0
0.9065629922519844,0.1042132355,0.44741557899999995,0.8117849070000001,3449.0,4517.0
0.8969003604417418,0.0986849525,0.5065113555,0.864856399,3449.0,4517.0
0.898020713121836,0.0476173875,0.5569524815,0.8891031595,3449.0,4517.0
0.9101910312500587,0.006992117,0.64527351,0.8991530285,3449.0,4517.0
0.8800070224606351,0.0,0.7092916325,0.9117894255000001,3449.0,4517.0
0.8043884043947296,0.0,0.750753499,0.921410948,3449.0,4517.0
0.7344190999008815,0.0,0.737813612,0.869311306,3449.0,4517.0
0.6561239086845188,0.0,0.785609319,0.690538171,3449.0,4517.0
0.6269738021677375,0.0,0.8249565835,0.5971208555,3449.0,4517.0
0.6518415470175469,0.0,0.8510069955,0.7272813604999999,3449.0,4517.0
0.7838189229523509,0.0,0.8661616935,0.6577811625,3449.0,4517.0
0.8763830642130817,0.0009086295,0.8772682235,0.719708908,3449.0,4517.0
0.8767593391251811,0.072521559,0.883300513,0.778218917,3449.0,4517.0
0.871075693793777,0.153948539,0.86648513,0.931707716,3449.0,4517.0
0.8648484613615532,0.2765030575,0.880322201,0.9213580205,3449.0,4517.0
0.8687025403266426,0.26930706449999997,0.9033606775,0.8521965520000001,3449.0,4517.0
0.8747216083672674,0.172231051,0.884615687,0.909515729,3449.0,4517.0
0.8899086019431095,0.038944795,0.8612659174999999,0.915382646,3449.0,4517.0
0.87637077756757,0.0,0.808847181,0.9264342640000001,3449.0,4517.0
0.8074056120635358,0.0,0.7659365300000001,0.8884157115,3449.0,4517.0
0.7083373438440551,0.0,0.6976998645,0.865000725,3449.0,4517.0
0.6408781652093376,0.0,0.7000591094999999,0.85315105,3449.0,4517.0
0.634406751073469,0.0,0.7266144585000001,0.8485414360000001,3449.0,4517.0
0.7073617480880832,0.0,0.7458360745,0.858667984,3449.0,4517.0
0.829790665502354,0.0,0.773505792,0.853807896,3449.0,4517.0
0.8658246115609967,0.000816393,0.788342696,0.8645328514999999,3449.0,4517.0
0.8594440392395037,0.026147736,0.815790347,0.901108498,3449.0,4517.0
0.8549267884791564,0.056559358,0.799524692,0.917929432,3449.0,4517.0
0.8431323017285042,0.1093443395,0.8252220145,0.9211487955,3449.0,4517.0
0.8394393250637657,0.124451511,0.8448821115,0.931180868,3449.0,4517.0
0.847369087311947,0.076688226,0.8339751065000001,0.921968393,3449.0,4517.0
0.8617459564143268,0.0005632165,0.7998966705,0.92617052,3449.0,4517.0
0.8325276741048495,0.0,0.764615809,0.918440996,3449.0,4517.0
0.7785013283585291,0.0,0.731705128,0.910577101,3449.0,4517.0
0.7022290308044756,0.0,0.6547126,0.9150310564999999,3449.0,4517.0
0.6365674154595546,0.0,0.6242158584999999,0.890164944,3449.0,4517.0
0.6302608073044018,0.0,0.563842164,0.8486963375000001,3449.0,4517.0
0.6729879492914713,0.0,0.525058251,0.841200016,3449.0,4517.0
0.7841603559543409,0.0,0.5109770665,0.8282339245,3449.0,4517.0
0.8770806122122554,0.001627226,0.492203857,0.831474307,3449.0,4517.0
0.8780822230248813,0.058789057,0.493755527,0.79346785,3449.0,4517.0
0.8695080516259164,0.13203703449999998,0.418035114,0.75087324,3449.0,4517.0
0.8592071763617914,0.1946678155,0.4568007395,0.7766809400000001,3449.0,4517.0
0.8655857082827139,0.163293937,0.4114335255,0.7941137865,3449.0,4517.0
0.8920377067872061,0.0343131605,0.314186883,0.7548623919999999,3449.0,4517.0
0.8844319233284633,0.0,0.25800036000000004,0.6915875385000001,3449.0,4517.0
0.8234372835888313,0.0,0.22154440749999998,0.5965400654999999,3449.0,4517.0
0.7676040375991164,0.0,0.210019993,0.452295645,3449.0,4517.0
0.6522810519225672,0.0,0.1924952925,0.351218955,3449.0,4517.0
0.6189372963647214,0.0,0.1810906015,0.239394309,3449.0,4517.0
0.6227563781168097,0.0,0.1689748535,0.1720117215,3449.0,4517.0
0.655904788352236,0.0,0.163553088,0.106938749,3449.0,4517.0
0.7201941069023362,0.0013529935,0.1635681295,0.08148530000000001,3449.0,4517.0
0.7566098724596537,0.037956289,0.164955464,0.085879668,3449.0,4517.0
0.751969133627663,0.084503673,0.163983927,0.09297893,3449.0,4517.0
0.741355745614926,0.137042875,0.161235501,0.11289672,3449.0,4517.0
0.7369213303189437,0.141425015,0.17475203150000002,0.1940527175,3449.0,4517.0
0.7434563958612179,0.087799058,0.193185006,0.285299508,3449.0,4517.0
0.7635209024094851,0.017595272,0.227697689,0.431329403,3449.0,4517.0
0.7623423541722829,0.0,0.295641791,0.6083030014999999,3449.0,4517.0
0.7434653558459006,0.0,0.373933465,0.7670524409999999,3449.0,4517.0
0.714872675547543,0.0,0.396500166,0.814887631,3449.0,4517.0
0.6522553030777472,0.0,0.45131576250000005,0.8642064395,3449.0,4517.0
0.6232761014704884,0.0,0.515832342,0.899062433,3449.0,4517.0
0.6219771257624986,0.0,0.5772857995,0.9041167514999999,3449.0,4517.0
0.6344272880585407,0.0,0.615859235,0.893226433,3449.0,4517.0
0.6621041871957403,0.0,0.6384538205,0.8831026085,3449.0,4517.0
0.7268639270121005,0.000939582,0.6639519905,0.8744888065,3449.0,4517.0
0.7659563765781975,0.032656041,0.672072455,0.865100629,3449.0,4517.0
0.7682117195902507,0.077438409,0.62010052,0.866913794,3449.0,4517.0
0.767944783077028,0.119253775,0.617019837,0.874710889,3449.0,4517.0
0.7650659227977545,0.15066424750000001,0.6158835395,0.859682042,3449.0,4517.0
0.7663579789216322,0.122981606,0.613580746,0.838397285,3449.0,4517.0
0.7742282149584979,0.086170451,0.611165855,0.833474543,3449.0,4517.0
0.7983636143435934,0.022390023,0.6031712455,0.8321704270000001,3449.0,4517.0
0.7925228144829928,0.0,0.58504801,0.8351904075,3449.0,4517.0
0.7698918494445017,0.0,0.567507133,0.848420643,3449.0,4517.0
0.7142412184959253,0.0,0.5229564905,0.835309216,3449.0,4517.0
0.6676873210829635,0.0,0.5445375189999999,0.8431726205,3449.0,4517.0
0.662305188013678,0.0,0.529263891,0.821098623,3449.0,4517.0
0.7018491186257642,0.0,0.496612329,0.793556894,3449.0,4517.0
0.8307469884630887,0.0,0.467450295,0.7981528435,3449.0,4517.0
0.9265544882685832,0.001474774,0.42402265100000003,0.7488617285,3449.0,4517.0
0.9294378284389577,0.100109137,0.380434409,0.684797557,3449.0,4517.0
0.9229343002670081,0.185626971,0.297120835,0.636798996,3449.0,4517.0
0.912277775762513,0.26429279,0.250573318,0.603419399,3449.0,4517.0
0.9066462934731632,0.29946849350000004,0.22040196950000002,0.534782394,3449.0,4517.0
0.9041285382835574,0.252875236,0.217986147,0.529062453,3449.0,4517.0
0.9076624087051864,0.187198596,0.232841759,0.552046341,3449.0,4517.0
0.9234843634174109,0.051274862,0.2552347585,0.5488716745,3449.0,4517.0
0.9194615085794071,0.0,0.257397714,0.5442949935000001,3449.0,4517.0
0.8509969488860856,0.0,0.2181849065,0.470041249,3449.0,4517.0
0.747880010316927,0.0,0.209232705,0.388944285,3449.0,4517.0
0.6743056434018471,0.0,0.1976094575,0.3759060835,3449.0,4517.0
0.6702712115634544,0.0,0.16531149350000002,0.316492151,3449.0,4517.0
0.7166031942044913,0.0,0.14640373,0.322763677,3449.0,4517.0
0.8455966962012146,0.0,0.145976496,0.288729275,3449.0,4517.0
0.9334433843673015,0.001444352,0.17587862599999998,0.28881086749999996,3449.0,4517.0
0.9351890729479219,0.09439928,0.204475199,0.321553743,3449.0,4517.0
0.928485675016642,0.172444517,0.223314714,0.405728344,3449.0,4517.0
0.917244356360577,0.2600020715,0.23771764,0.477060402,3449.0,4517.0
0.9069924060630945,0.26180537849999996,0.307134354,0.558121074,3449.0,4517.0
0.9085034495398885,0.1349547745,0.3670598595,0.6096419295,3449.0,4517.0
0.9120740470705466,0.000889458,0.43456655850000003,0.7334861374999999,3449.0,4517.0
0.8617115358670819,0.0,0.49681257999999995,0.7929312465,3449.0,4517.0
0.8038181591071266,0.0,0.50017563,0.778608256,3449.0,4517.0
0.717816739604074,0.0,0.479390654,0.7376692965,3449.0,4517.0
0.6443226798243102,0.0,0.44645309200000005,0.696328112,3449.0,4517.0
0.6397097080660458,0.0,0.40479632249999997,0.6832490485,3449.0,4517.0
0.6815258371159363,0.0,0.382417223,0.688268519,3449.0,4517.0
0.7945816587904939,0.0,0.34799788,0.668008318,3449.0,4517.0
0.8962526689734581,0.0015442405,0.311262508,0.5792123065,3449.0,4517.0
0.9006014099714844,0.093483905,0.268847182,0.413370277,3449.0,4517.0
0.8930746251655146,0.224024915,0.2255651655,0.2579860565,3449.0,4517.0
0.8826573144438448,0.3208873725,0.1878640725,0.269424613,3449.0,4517.0
0.8826645888758284,0.2579183655,0.16205326050000002,0.4037444795,3449.0,4517.0
0.9047972989580995,0.0783563975,0.1893130985,0.49226132200000006,3449.0,4517.0
0.9004781880104343,0.0,0.23962193799999998,0.526702711,3449.0,4517.0
0.8336257599544641,0.0,0.2710547855,0.478266265,3449.0,4517.0
0.7350345886464265,0.0,0.320059811,0.52149476,3449.0,4517.0
0.6659143755287595,0.0,0.307636841,0.5426808035,3449.0,4517.0
0.6655087810708414,0.0,0.268974077,0.52508679,3449.0,4517.0
0.7510400898627967,0.0,0.22989398249999998,0.45013463200000003,3449.0,4517.0
0.8791279683072657,0.0,0.201103076,0.361421124,3449.0,4517.0
0.9262962455282093,0.002205578,0.18995076249999998,0.304355386,3449.0,4517.0
0.9269725024526196,0.143882293,0.179570023,0.272127073,3449.0,4517.0
0.9175725933244722,0.299587308,0.16307533200000002,0.2473411735,3449.0,4517.0
0.9060757820749668,0.38632696050000004,0.1795540605,0.26381634649999997,3449.0,4517.0
0.9053507775066092,0.30204981,0.1880342135,0.2598630475,3449.0,4517.0
0.9219522063910294,0.0780591065,0.18672457,0.2076041145,3449.0,4517.0
0.9095868533943092,0.0,0.2000402805,0.20037330250000002,3449.0,4517.0
0.8415803173621735,0.0,0.2001037205,0.167343194,3449.0,4517.0
0.7346644126631336,0.0,0.1920932015,0.15806588849999997,3449.0,4517.0
0.6623201360688451,0.0,0.2039522635,0.131274264,3449.0,4517.0
0.6561753399097858,0.0,0.196141137,0.115151314,3449.0,4517.0
0.6958447325297131,0.0,0.19010651,0.115551711,3449.0,4517.0
0.8189298355895163,0.0,0.182694429,0.110097624,3449.0,4517.0
0.9153545983799127,0.0025109945,0.1604192075,0.120240155,3449.0,4517.0
0.9138263890234453,0.1425020705,0.12389154050000001,0.1396904505,3449.0,4517.0
0.9063421863163824,0.243638321,0.113482562,0.148440671,3449.0,4517.0
0.9037425049537545,0.2464198285,0.1209820505,0.14899703450000001,3449.0,4517.0
0.9031272380260943,0.1742183785,0.115507959,0.157034041,3449.0,4517.0
0.9208599755819127,0.046579627000000005,0.10985126049999999,0.206965791,3449.0,4517.0
0.9080092754354299,0.0,0.11986459799999999,0.316031992,3449.0,4517.0
0.8430842638309199,0.0,0.130335188,0.4381762715,3449.0,4517.0
0.7925420650559453,0.0,0.122901128,0.498335774,3449.0,4517.0
0.6690148179037511,0.0,0.146994463,0.4931482865,3449.0,4517.0
0.6428148965945923,0.0,0.199768147,0.531727381,3449.0,4517.0
0.6457102130577964,0.0,0.250737848,0.5784171315,3449.0,4517.0
0.6784770033901476,0.0,0.295683665,0.6077131984999999,3449.0,4517.0
0.7466204230770016,0.0036180945,0.32205892199999997,0.6625759915,3449.0,4517.0
0.78567117761325,0.184728622,0.312764936,0.669413823,3449.0,4517.0
0.7844643744244637,0.4000983925,0.2302029625,0.6101433345,3449.0,4517.0
0.7713969047495708,0.516688246,0.2533760995,0.563551338,3449.0,4517.0
0.7721722981206256,0.38005311399999997,0.26837022,0.537691987,3449.0,4517.0
0.8056675085206817,0.077036329,0.306390231,0.547605739,3449.0,4517.0
0.8038064490767509,0.0,0.3312111405,0.5871636855,3449.0,4517.0
0.7788056129392457,0.0,0.310815635,0.509600015,3449.0,4517.0
0.7464221058403839,0.0,0.295063014,0.413156496,3449.0,4517.0
0.6790578054272342,0.0,0.26094613099999997,0.380691315,3449.0,4517.0
0.6576452650224877,0.0,0.234850422,0.313496925,3449.0,4517.0
0.657336456106101,0.0,0.2235567415,0.26278581450000005,3449.0,4517.0
0.6764191126666981,0.0,0.20788897750000002,0.24755238,3449.0,4517.0
0.7202963039498363,0.0,0.1983078755,0.23935484,3449.0,4517.0
0.7849055870538477,0.061401967,0.181443137,0.2022201575,3449.0,4517.0
0.7879625380385895,0.248079958,0.119436642,0.113433314,3449.0,4517.0
0.7778376686854133,0.358534285,0.105956147,0.081459688,3449.0,4517.0
0.7639510702596667,0.4443286155,0.106143853,0.0606222855,3449.0,4517.0
0.7658133273278185,0.350655639,0.08880472249999999,0.055550783,3449.0,4517.0
0.8051707617438455,0.08728137450000001,0.0849662845,0.062975176,3449.0,4517.0
0.8058047026799426,0.0,0.100386805,0.0981822155,3449.0,4517.0
0.7811906539619319,0.0,0.12959624,0.20558066349999998,3449.0,4517.0
0.7505020030052238,0.0,0.173221825,0.347927956,3449.0,4517.0
0.6967108124122521,0.0,0.2076856775,0.487685312,3449.0,4517.0
0.67193053827142,0.0,0.241485792,0.5947378480000001,3449.0,4517.0
0.6914763416662937,0.0,0.285546118,0.6793265355,3449.0,4517.0
0.8407161669206424,0.0,0.345981692,0.7722465789999999,3449.0,4517.0
0.926223234996541,0.0025012705,0.4322536435,0.835560919,3449.0,4517.0
0.9231965350712451,0.069241632,0.510713065,0.859782093,3449.0,4517.0
0.9075578608031933,0.1367545325,0.570600676,0.8737004955000001,3449.0,4517.0
0.8988527052345776,0.159037315,0.6752745885,0.8766015105,3449.0,4517.0
0.8943828270194008,0.1083218615,0.7145879344999999,0.8787003765,3449.0,4517.0
0.8955332977289543,0.0291485615,0.751432347,0.892719389,3449.0,4517.0
0.8762441401577928,0.0,0.784117629,0.9091063525,3449.0,4517.0
0.8117704987915704,0.0,0.7985157745,0.9075241325,3449.0,4517.0
0.7143307739488021,0.0,0.7922980725,0.914246575,3449.0,4517.0
0.6409678315711568,0.0,0.8060288895000001,0.9110275155,3449.0,4517.0
0.6353947887778438,0.0,0.821959007,0.919339436,3449.0,4517.0
0.6780067817194878,0.0,0.836826956,0.924873267,3449.0,4517.0
0.7890906752508098,0.0,0.8474415264999999,0.927464141,3449.0,4517.0
0.8923030020910584,0.001038052,0.8618076525,0.930554297,3449.0,4517.0
0.8964184286394659,0.055946258,0.859848673,0.93403603,3449.0,4517.0
0.8863117454168684,0.10293282,0.815226132,0.933115493,3449.0,4517.0
0.8805044345898853,0.166843931,0.8326313765,0.9327213335,3449.0,4517.0
0.8777673815934408,0.21965817999999998,0.8488932485,0.9340407755,3449.0,4517.0
0.8840538297830579,0.138979498,0.848515494,0.933520416,3449.0,4517.0
0.9036477154188447,0.0433992965,0.8491377745,0.9322047099999999,3449.0,4517.0
0.8924150018489705,0.0,0.8486791025,0.9341378124999999,3449.0,4517.0
0.8235419202281022,0.0,0.854483377,0.9322797595000001,3449.0,4517.0
0.7707556450381614,0.0,0.85143395,0.935065542,3449.0,4517.0
0.6713117228144257,0.0,0.873811142,0.934836495,3449.0,4517.0
0.6540181796590852,0.0,0.889456841,0.929903107,3449.0,4517.0
0.6775243176454048,0.0,0.8924247205,0.9340323905,3449.0,4517.0
0.8269495524817746,0.0,0.8858798345000001,0.9363094255,3449.0,4517.0
0.9237624333964936,0.0032821735,0.863723463,0.9372012665,3449.0,4517.0
0.9254891374135144,0.194786097,0.84443271,0.936796341,3449.0,4517.0
0.9094102707669842,0.424386137,0.772613235,0.9352707575,3449.0,4517.0
0.9012875583435846,0.5336137295000001,0.82867718,0.9345135035000001,3449.0,4517.0
0.9000159061241717,0.40487124350000003,0.785955365,0.930182676,3449.0,4517.0
0.9222421638244234,0.1254358085,0.703508421,0.91960066,3449.0,4517.0
0.9159388158657265,0.0,0.6313699985,0.894017277,3449.0,4517.0
0.8438984246609541,0.0,0.611885996,0.8943782865000001,3449.0,4517.0
0.736716137892163,0.0,0.653120003,0.9206151835,3449.0,4517.0
0.6627926864729536,0.0,0.67456381,0.875549201,3449.0,4517.0
0.651392971269522,0.0,0.7075025215,0.7243172634999999,3449.0,4517.0
0.6833917757434087,0.0,0.731973378,0.694891744,3449.0,4517.0
0.7885661392285829,0.0,0.745870332,0.6942329515000001,3449.0,4517.0
0.8824919096257086,0.002715259,0.754605198,0.8427346085,3449.0,4517.0
0.8850752678343923,0.05441268,0.751083151,0.911037199,3449.0,4517.0
0.8827311234085339,0.126026026,0.7126964410000001,0.9035143434999999,3449.0,4517.0
0.8804054755671764,0.168685394,0.7179514929999999,0.901182098,3449.0,4517.0
0.8814627092139125,0.1473252015,0.7172137415,0.897872086,3449.0,4517.0
0.8990685432493601,0.044342545,0.7083852505,0.9034753879999999,3449.0,4517.0
0.891751741367055,0.0,0.7118700185,0.9131800084999999,3449.0,4517.0
0.8273452998353317,0.0,0.7223401140000001,0.9122954575,3449.0,4517.0
0.7707556450381614,0.0,0.666016641,0.891407324,3449.0,4517.0
0.6704676658234372,0.0,0.632910045,0.8708416845,3449.0,4517.0
0.6517790267709893,0.0,0.5842332729999999,0.8506361405,3449.0,4517.0
0.679241573799885,0.0,0.5427676365,0.8177181805,3449.0,4517.0
0.8317108075724511,0.0,0.4785929755,0.803992924,3449.0,4517.0
0.9275694502197145,0.003908677,0.4212816185,0.735746054,3449.0,4517.0
0.925486387317201,0.168912143,0.395061065,0.674358671,3449.0,4517.0
0.9123650690475548,0.298614048,0.351390246,0.523354714,3449.0,4517.0
0.9052669884075726,0.407869126,0.424775895,0.614172985,3449.0,4517.0
0.9001320310771741,0.406700087,0.4662854355,0.7764818835,3449.0,4517.0
0.9140591711506367,0.2699932035,0.46182199749999997,0.8415828795,3449.0,4517.0
0.9349458226566643,0.012016443,0.456975612,0.871627918,3449.0,4517.0
0.9202000418114462,0.0,0.461382937,0.870703298,3449.0,4517.0
0.8497903230706149,0.0,0.4652817345,0.8561600615,3449.0,4517.0
0.7977793081205018,0.0,0.484336901,0.8370395,3449.0,4517.0
0.671389324297998,0.0,0.47440411299999996,0.8321549655,3449.0,4517.0
0.6444142535060932,0.0,0.4877534075,0.850457019,3449.0,4517.0
0.6462495197112548,0.0,0.521769762,0.837402567,3449.0,4517.0
0.6753156375840195,0.0,0.5619601165,0.8015774314999999,3449.0,4517.0
0.7341439130987188,0.0020202695,0.6244391444999999,0.798002491,3449.0,4517.0
0.7728795157496046,0.028962157,0.691059659,0.765962542,3449.0,4517.0
0.7779170665293865,0.04131642,0.680731872,0.713888827,3449.0,4517.0
0.7763480937073184,0.049702851500000006,0.7275942820000001,0.68980215,3449.0,4517.0
0.7682796735144417,0.047468083,0.746247285,0.727982015,3449.0,4517.0
0.7665310574641926,0.03329318,0.768372913,0.778325751,3449.0,4517.0
0.7830907025814864,0.0086225745,0.7819037605,0.8079302415,3449.0,4517.0
0.7680598877791247,0.0,0.773420735,0.8363756309999999,3449.0,4517.0
0.7370441086948445,0.0,0.7706155480000001,0.8627242245,3449.0,4517.0
0.6838837098516968,0.0,0.7204046315,0.7963565834999999,3449.0,4517.0
0.6275624995952722,0.0,0.6850186604999999,0.7265873305,3449.0,4517.0
0.6177043228163897,0.0,0.6076606335,0.620234579,3449.0,4517.0
0.6391214541730401,0.0,0.527934108,0.498938581,3449.0,4517.0
0.6902198149766039,0.0,0.4682588875,0.472145794,3449.0,4517.0
0.745267421350323,0.006456275,0.431833264,0.516374372,3449.0,4517.0
0.7678137544121875,0.040600937,0.416645379,0.579126125,3449.0,4517.0
0.7684665024879485,0.066042391,0.382400431,0.619657874,3449.0,4517.0
0.7665949749305715,0.0842574575,0.4381436535,0.708111965,3449.0,4517.0
0.7686858445874957,0.0758858325,0.5145727474999999,0.81226903,3449.0,4517.0
0.7778921382892516,0.04808359,0.554349304,0.874193047,3449.0,4517.0
0.798105815238989,0.012425614,0.6016207325,0.908929904,3449.0,4517.0
0.7927690809305371,0.0,0.64519551,0.919034201,3449.0,4517.0
0.7634011845838199,0.0,0.6783999190000001,0.925457093,3449.0,4517.0
0.7180801719312917,0.0,0.6991272915,0.916302179,3449.0,4517.0
0.6587651298247237,0.0,0.7057702375,0.9252156665,3449.0,4517.0
0.6287198233739446,0.0,0.734812186,0.9279272335,3449.0,4517.0
0.6531208285168146,0.0,0.7396745355000001,0.9189938440000001,3449.0,4517.0
0.7829953364314406,0.0,0.717582088,0.86062182,3449.0,4517.0
0.8712560023743718,0.0024854985,0.7007344499999999,0.7305842954999999,3449.0,4517.0
0.873798552774126,0.030296165,0.703148067,0.726878059,3449.0,4517.0
0.8675314439959799,0.060895834,0.647183987,0.788438759,3449.0,4517.0
0.8626526889547645,0.115375791,0.6827612575,0.790812768,3449.0,4517.0
0.8559688079095117,0.149213117,0.729835824,0.815764363,3449.0,4517.0
0.8632746536992724,0.15380151749999998,0.699415473,0.7986264845,3449.0,4517.0
0.8883606983779201,0.062193465,0.6110562555,0.8227582545000001,3449.0,4517.0
0.8770675271337232,0.0,0.5139462515,0.623704882,3449.0,4517.0
0.8068890823406994,0.0,0.431534246,0.469589936,3449.0,4517.0
0.7076275757143629,0.0,0.3329125985,0.430664417,3449.0,4517.0
0.6406006053810178,0.0,0.3178279265,0.5266401700000001,3449.0,4517.0
0.6354557122089803,0.0,0.29507822250000004,0.649730983,3449.0,4517.0
0.6783291636935052,0.0,0.289425373,0.699876756,3449.0,4517.0
0.7900235780495527,0.0,0.289665581,0.755075392,3449.0,4517.0
0.8942974410543227,0.0054188815,0.30036818,0.791917625,3449.0,4517.0
0.8933349525991678,0.123252687,0.31197768,0.805280814,3449.0,4517.0
0.8826079014474838,0.226661761,0.32541426500000004,0.7982250989999999,3449.0,4517.0
0.8766103905922158,0.250575895,0.3632196215,0.814314435,3449.0,4517.0
0.8737352118722628,0.19356128350000001,0.34504629249999996,0.8309131785,3449.0,4517.0
0.8848196865542941,0.0576105715,0.355415956,0.8209082999999999,3449.0,4517.0
0.8657220597162452,0.0,0.3713345675,0.8137725425,3449.0,4517.0
0.7989465455185284,0.0,0.36697153250000003,0.7999193575,3449.0,4517.0
0.7323973373984202,0.0,0.377332242,0.794244216,3449.0,4517.0
0.6562636090517839,0.0,0.3851995915,0.7898922855,3449.0,4517.0
0.6283167350227906,0.0,0.3852113275,0.7769597685,3449.0,4517.0
0.6534047313647309,0.0,0.396700539,0.772094227,3449.0,4517.0
0.7843132966524096,0.0,0.42936815650000004,0.778708654,3449.0,4517.0
0.8766892561643822,0.0089987425,0.485330125,0.787447174,3449.0,4517.0
0.8720362749795886,0.20073127,0.498262437,0.779114662,3449.0,4517.0
0.8627173605108354,0.343507263,0.423078965,0.78346318,3449.0,4517.0
0.8495804731263167,0.5078677405,0.4458366445,0.825702471,3449.0,4517.0
0.8412468907101944,0.528460462,0.50329137,0.8713898515,3449.0,4517.0
0.8455097578146644,0.36562378,0.553512347,0.866325461,3449.0,4517.0
0.8602295015328043,0.199539245,0.590794627,0.8507461,3449.0,4517.0
0.8660968708935303,0.025259034,0.61627852,0.840545593,3449.0,4517.0
0.8547533551393449,0.0,0.6421813080000001,0.8092427609999999,3449.0,4517.0
0.7957734252374553,0.0,0.643432805,0.75345414,3449.0,4517.0
0.7368524005884165,0.0,0.623600207,0.802600741,3449.0,4517.0
0.6588252326511752,0.0,0.6133838380000001,0.816351236,3449.0,4517.0
0.6309500163279781,0.0,0.5977824085,0.8214304539999999,3449.0,4517.0
0.6552843317364916,0.0,0.5428007515,0.7090108255,3449.0,4517.0
0.7863347929936573,0.0,0.5011993145,0.6632002889999999,3449.0,4517.0
0.882090528948298,0.005421727,0.4785477305,0.6149440395,3449.0,4517.0
0.8818700778605671,0.074179722,0.442049495,0.589314077,3449.0,4517.0
0.8759383474483129,0.1589222535,0.38562160749999996,0.5440058695,3449.0,4517.0
0.8733663444727535,0.15064657250000002,0.395441163,0.5832151135,3449.0,4517.0
0.8769359661970756,0.095129733,0.362925832,0.633299847,3449.0,4517.0
0.891722111316694,0.027665097,0.3352513525,0.6490347475,3449.0,4517.0
0.8769007028734812,0.0,0.325573703,0.6990735674999999,3449.0,4517.0
0.8099577434570575,0.0,0.3318840825,0.67699316,3449.0,4517.0
0.7500068087004798,0.0,0.343126275,0.667018269,3449.0,4517.0
0.6615068845807741,0.0,0.318873107,0.6655139004999999,3449.0,4517.0
0.63986222740125,0.0,0.28131079849999996,0.6555328524999999,3449.0,4517.0
0.667369352586294,0.0,0.254539238,0.5748452325,3449.0,4517.0
0.8166806137285544,0.0,0.2417575015,0.4773822585,3449.0,4517.0
0.9254651406363867,0.0034615265,0.2297124275,0.441792215,3449.0,4517.0
0.9315092700483735,0.103048434,0.215726194,0.408019355,3449.0,4517.0
0.9229468088316449,0.202256998,0.195029207,0.344863577,3449.0,4517.0
0.91770167032602,0.256008255,0.203861311,0.310267075,3449.0,4517.0
0.9083556541359548,0.309270917,0.207282678,0.350965693,3449.0,4517.0
0.907027536306082,0.23651121,0.2135884445,0.462864343,3449.0,4517.0
0.9240076796437524,0.0872278275,0.219288027,0.462037651,3449.0,4517.0
0.917116565720528,0.0,0.24921792599999998,0.4343242505,3449.0,4517.0
0.8496550361806976,0.0,0.29106154799999995,0.3781172465,3449.0,4517.0
0.7341698615897594,0.0,0.2370957155,0.2692692645,3449.0,4517.0
0.6499843244358283,0.0,0.230587817,0.21959277100000002,3449.0,4517.0
0.6371473303769628,0.0,0.222448437,0.2219201275,3449.0,4517.0
0.6508425089785393,0.0,0.21786673,0.2289101515,3449.0,4517.0
0.6978479096597752,0.0,0.19854454300000002,0.286457113,3449.0,4517.0
0.7548334893356784,0.012401381,0.189997484,0.380843149,3449.0,4517.0
0.7767586560860559,0.155102821,0.171806773,0.455094139,3449.0,4517.0
0.7833548002611179,0.263310819,0.1232808,0.528080365,3449.0,4517.0
0.7796919415752187,0.356115064,0.113991704,0.569920499,3449.0,4517.0
0.7712948851766266,0.402202021,0.126515272,0.615916803,3449.0,4517.0
0.7697472477726506,0.381759462,0.128746538,0.622931479,3449.0,4517.0
0.7762799623591916,0.291520212,0.129107389,0.618448886,3449.0,4517.0
0.7962254608281566,0.10381027,0.153291375,0.62077419,3449.0,4517.0
0.7894531775096785,0.0,0.19372516550000002,0.6311612849999999,3449.0,4517.0
0.7635365158676863,0.0,0.237062455,0.633837006,3449.0,4517.0
0.7317949781253564,0.0,0.246203817,0.630749807,3449.0,4517.0
0.6618614913985742,0.0,0.25037262,0.631871973,3449.0,4517.0
0.6298748627624973,0.0,0.24459616750000002,0.6012785645000001,3449.0,4517.0
0.630788093422942,0.0,0.2324839005,0.537792606,3449.0,4517.0
0.6591335979824124,0.0,0.21680772799999998,0.493576528,3449.0,4517.0
0.7230499018168692,0.0099983585,0.20233784500000002,0.4606126615,3449.0,4517.0
0.7582625901386701,0.109185604,0.187493912,0.460894384,3449.0,4517.0
0.7527647091359181,0.174359645,0.13959384,0.453736571,3449.0,4517.0
0.7398885927702019,0.269033162,0.13601292799999998,0.45803821899999997,3449.0,4517.0
0.7336318190248952,0.300502132,0.137467649,0.463768135,3449.0,4517.0
0.7373899552248027,0.239798581,0.129342975,0.468279157,3449.0,4517.0
0.7554822453475762,0.101112018,0.1411613345,0.46336798749999997,3449.0,4517.0
0.7485437144346121,0.0,0.164999644,0.463281942,3449.0,4517.0
0.7222902328129579,0.0,0.172402469,0.4794177925,3449.0,4517.0
0.69525306313736,0.0,0.166601552,0.49601365,3449.0,4517.0
0.6598451182304172,0.0,0.17952289,0.5241107389999999,3449.0,4517.0
0.6315288888734365,0.0,0.1745717755,0.5365458865,3449.0,4517.0
0.6557487648816469,0.0,0.1702233095,0.5300117945,3449.0,4517.0
0.7864235944580827,0.0,0.16841794100000002,0.5330389550000001,3449.0,4517.0
0.8853540031152686,0.009442543,0.17022091550000001,0.5517663525000001,3449.0,4517.0
0.8853600356303224,0.092085593,0.173456727,0.560000392,3449.0,4517.0
0.8813592701482421,0.185020785,0.17038289550000002,0.5428692724999999,3449.0,4517.0
0.8767751743506469,0.2612973505,0.216024803,0.555433986,3449.0,4517.0
0.8762779840392816,0.225278802,0.2127716895,0.5456527849999999,3449.0,4517.0
0.8901573079824245,0.085744086,0.205872803,0.5392434054999999,3449.0,4517.0
0.8762441401577928,0.0,0.20750971499999998,0.514904763,3449.0,4517.0
0.8090158807242522,0.0,0.17837057550000002,0.3672792845,3449.0,4517.0
0.7500213575644468,0.0,0.133117645,0.224581813,3449.0,4517.0
0.6635243666358739,0.0,0.1249135385,0.150727736,3449.0,4517.0
0.6430764216018461,0.0,0.0939044125,0.09226101149999999,3449.0,4517.0
0.671019813667119,0.0,0.07303789699999999,0.0751956045,3449.0,4517.0
0.8176850189808222,0.0,0.0605275225,0.0684154515,3449.0,4517.0
0.9151888830572339,0.0084700285,0.0581170925,0.0779166905,3449.0,4517.0
0.9114491990984986,0.080240259,0.052329234,0.103633626,3449.0,4517.0
0.896995593511181,0.15828443450000002,0.048877118,0.1057722255,3449.0,4517.0
0.8826160629991456,0.237351376,0.067383166,0.139476216,3449.0,4517.0
0.8778192785249015,0.220064813,0.083697395,0.201294209,3449.0,4517.0
0.8798837117623071,0.18299742,0.086912695,0.229188821,3449.0,4517.0
0.8940498882452794,0.07413691950000001,0.098651747,0.246946004,3449.0,4517.0
0.8852872024719696,0.0,0.1285217905,0.362901282,3449.0,4517.0
0.8389793496886672,0.0,0.158676366,0.495302732,3449.0,4517.0
0.7726162165029938,0.0,0.19052795849999998,0.5814935575,3449.0,4517.0
0.6602212157185812,0.0,0.22710225750000002,0.6313128404999999,3449.0,4517.0
0.6319714543793125,0.0,0.268239136,0.672708906,3449.0,4517.0
0.6579215163682643,0.0,0.32595721050000004,0.705562044,3449.0,4517.0
0.7909241671659943,0.0,0.385792105,0.7338330055,3449.0,4517.0
0.89538510313382,0.0136249645,0.4355197085,0.752687279,3449.0,4517.0
0.8986162858913944,0.113298867,0.456232705,0.766907348,3449.0,4517.0
0.8885412730691082,0.218612645,0.45806771199999996,0.784523141,3449.0,4517.0
0.8824861876658174,0.268382954,0.5415794725,0.8224029955000001,3449.0,4517.0
0.8832618028041368,0.236151947,0.5879728465,0.8416339315,3449.0,4517.0
0.90393762855953,0.096534088,0.5936146165,0.8557897135,3449.0,4517.0
0.893813690669361,0.0,0.5895684365,0.860238089,3449.0,4517.0
0.8311717448073015,0.0,0.587224587,0.8597194029999999,3449.0,4517.0
0.7593232391328928,0.0,0.540456297,0.831486395,3449.0,4517.0
0.7299002522744928,0.0,0.491581943,0.809200199,3328.0,4359.0
0.7345700223700442,0.0,0.491099481,0.864648204,3328.0,4359.0
0.7827636188478632,0.0,0.478229582,0.869411605,3328.0,4359.0
0.9029448447016,0.0,0.4614692575,0.873302136,3328.0,4359.0
0.9626397545929302,0.0069925365,0.416495853,0.8608927555,3328.0,4359.0
0.9581525330741443,0.156269014,0.388218369,0.776812204,3328.0,4359.0
0.9459124868329939,0.3344464875,0.2978281665,0.6905057855000001,3328.0,4359.0
0.9352522807185579,0.432978961,0.311405174,0.660949479,3328.0,4359.0
0.9357013000517324,0.39211533649999997,0.2829012185,0.65816443,3328.0,4359.0
0.9609577174693358,0.16202623700000002,0.2404036665,0.6698633705,3328.0,4359.0
0.9592077706636386,0.0,0.22898529750000002,0.712394702,3328.0,4359.0
0.8965759824104829,0.0,0.236452279,0.7476276165,3328.0,4359.0
0.8026142390952604,0.0,0.2426687355,0.7241355485000001,3328.0,4359.0
0.7476089043665259,0.0,0.2550600165,0.6813172620000001,3328.0,4359.0
0.7422949248170314,0.0,0.27178793300000004,0.6948435445000001,3328.0,4359.0
0.8368433252604586,0.0,0.2769777835,0.711807669,3328.0,4359.0
0.9426751829749486,0.0,0.286385183,0.723761718,3328.0,4359.0
0.9709743573105782,0.015460086,0.28726527199999996,0.6976451415,3328.0,4359.0
0.9624038231782253,0.259672103,0.267977701,0.684095289,3328.0,4359.0
0.9556298987009971,0.401847614,0.238725825,0.653929859,3328.0,4359.0
0.9496299039106296,0.472074985,0.296108957,0.671058248,3328.0,4359.0
0.9469471874374167,0.48624355900000005,0.3336559255,0.7139474365,3328.0,4359.0
0.9407154306695226,0.417857136,0.367542632,0.734068902,3328.0,4359.0
0.9513622854935924,0.319140953,0.374049256,0.730325039,3328.0,4359.0
0.9685027770925421,0.1499389835,0.33272852350000004,0.7108914605000001,3328.0,4359.0
0.958792062940146,0.0,0.32177477050000003,0.6177663879999999,3328.0,4359.0
0.8949389225836168,0.0,0.3182625355,0.4602561385,3328.0,4359.0
0.7978983162504241,0.0,0.303208461,0.331083098,3328.0,4359.0
0.7326811515596785,0.0,0.312502065,0.28374620549999996,3328.0,4359.0
0.7223189313496916,0.0,0.30544545450000005,0.22862480400000001,3328.0,4359.0
0.7319370737410636,0.0,0.26999773,0.2399441395,3328.0,4359.0
0.7689175178277441,0.0,0.23835089599999998,0.27079684400000004,3328.0,4359.0
0.8167776654312994,0.03296113,0.233017539,0.318151228,3328.0,4359.0
0.8251729031965856,0.127611443,0.229324547,0.360542721,3328.0,4359.0
0.8205006713882194,0.23274222149999998,0.2261123275,0.38074547049999996,3328.0,4359.0
0.8160162887030247,0.262160648,0.28037273549999997,0.5206214155,3328.0,4359.0
0.8228682803193984,0.2145675225,0.303781067,0.573274047,3328.0,4359.0
0.851623127461721,0.116366496,0.254471867,0.572983215,3328.0,4359.0
0.8526773005076012,0.0181344605,0.24140591849999998,0.5450581925,3328.0,4359.0
0.8330243765383569,0.0,0.230087612,0.5513443585,3328.0,4359.0
0.813382807802237,0.0,0.219644704,0.56857677,3328.0,4359.0
0.7699756829374874,0.0,0.2070770735,0.5962771995,3328.0,4359.0
0.7372457083502026,0.0,0.174685788,0.6160032235,3328.0,4359.0
0.7290461929268719,0.0,0.1589927645,0.6404652735,3328.0,4359.0
0.7380608893805221,0.0,0.17271993149999998,0.6618637039999999,3328.0,4359.0
0.7755167226036619,0.0,0.189271313,0.6732830704999999,3328.0,4359.0
0.824987937250334,0.037174425,0.205086425,0.686650477,3328.0,4359.0
0.8339890827673977,0.155415011,0.212437922,0.682692155,3328.0,4359.0
0.8295059863930817,0.266321274,0.19398828,0.600850988,3328.0,4359.0
0.8281103581735472,0.356198716,0.22227472,0.628275037,3328.0,4359.0
0.8214367678178046,0.40654881200000004,0.26588108050000003,0.6914667674999999,3328.0,4359.0
0.8262144790924117,0.34303774,0.319952233,0.731987249,3328.0,4359.0
0.8575318369538041,0.1348582965,0.35039136,0.7880750415,3328.0,4359.0
0.852078800268414,0.0,0.38119986699999997,0.8383005269999999,3328.0,4359.0
0.8269276848424953,0.0,0.3940829565,0.836073794,3328.0,4359.0
0.7930143715211249,0.0,0.383428358,0.785940199,3328.0,4359.0
0.7655034095244888,0.0,0.40325849,0.7366505735,3328.0,4359.0
0.7558479190656229,0.0,0.4055160195,0.7159329145,3328.0,4359.0
0.7872337188303047,0.0,0.3984133125,0.7369815504999999,3328.0,4359.0
0.8973515088621445,0.0,0.396965148,0.76204927,3328.0,4359.0
0.9728443322946223,0.0,0.4017148535,0.7354736205000001,3328.0,4359.0
0.9913037599208772,0.022458364,0.395609663,0.724537006,3328.0,4359.0
0.9847152450256702,0.203688395,0.36162197,0.730811519,3328.0,4359.0
0.9814745700622265,0.319517423,0.370653271,0.727868933,3328.0,4359.0
0.9791965165839243,0.3829495275,0.3602982975,0.7334241435,3328.0,4359.0
0.9733089207426691,0.3306447595,0.3601518075,0.736435215,3328.0,4359.0
0.9739004570544152,0.206517354,0.347392228,0.767214563,3328.0,4359.0
0.9879186607095182,0.0953662325,0.329508843,0.7972498975,3328.0,4359.0
0.9756065796924154,0.0,0.3270746465,0.7843415684999999,3328.0,4359.0
0.9112796247925634,0.0,0.315104467,0.7284406655,3328.0,4359.0
0.822251904454175,0.0,0.2960413425,0.6590650874999999,3328.0,4359.0
0.7682464062480889,0.0,0.2564140405,0.5934265515,3328.0,4359.0
0.7662572457101868,0.0,0.23387945,0.5280728655,3328.0,4359.0
0.8147594515087923,0.0,0.23233419,0.534947634,3328.0,4359.0
0.9297855378949306,0.0,0.23304464949999998,0.5891446295,3328.0,4359.0
0.9909834627919998,0.0080048925,0.235380055,0.6435271,3328.0,4359.0
0.9840694165340214,0.099637444,0.226753208,0.677536358,3328.0,4359.0
0.9802943806156541,0.195563295,0.20857495399999998,0.6321370665,3328.0,4359.0
0.9766200779593525,0.23654063050000002,0.2268410015,0.6371330435,3328.0,4359.0
0.9767169522381619,0.196511667,0.243114824,0.73772092,3328.0,4359.0
0.9933643342256469,0.083276737,0.2694087335,0.783331422,3328.0,4359.0
0.9794705057618658,0.0,0.2899582075,0.7903797244999999,3328.0,4359.0
0.9171116865369864,0.0,0.295940343,0.7964706015,3328.0,4359.0
0.8725436228998573,0.0,0.257675275,0.732516937,3328.0,4359.0
0.7766297565084437,0.0,0.27309946799999996,0.697873286,3328.0,4359.0
0.7659431583684381,0.0,0.278682963,0.6925080075,3328.0,4359.0
0.793500073518759,0.0,0.2842102205,0.6896011085,3328.0,4359.0
0.899209152857348,0.0,0.290822352,0.676136702,3328.0,4359.0
0.9741383844757416,0.0,0.28603265450000004,0.6619992965,3328.0,4359.0
0.9933177156689278,0.037295166,0.273989671,0.65006921,3328.0,4359.0
0.9874365959278759,0.17216427,0.259028436,0.623932658,3328.0,4359.0
0.9860716623023165,0.257701541,0.224589243,0.548375425,3328.0,4359.0
0.9843843467027398,0.322184613,0.23680269,0.543427585,3328.0,4359.0
0.9816340754965359,0.3534464905,0.2605355715,0.553521762,3328.0,4359.0
0.9811473089046676,0.335997683,0.300661269,0.584897877,3328.0,4359.0
0.9841519194234197,0.281071039,0.30812308,0.568950479,3328.0,4359.0
0.9955432512573046,0.20722219,0.291041287,0.545311895,3328.0,4359.0
1.0,0.094135376,0.257120464,0.507846702,3328.0,4359.0
0.9850627327143784,0.0,0.2385440855,0.46378427450000004,3328.0,4359.0
0.9211254483603211,0.0,0.2241553805,0.4048401105,3328.0,4359.0
0.8316551846877207,0.0,0.1995015015,0.3055915895,3328.0,4359.0
0.7753083364954185,0.0,0.170828971,0.2058354085,3328.0,4359.0
0.7729468043720019,0.0,0.1450649745,0.14425812,3328.0,4359.0
0.8601323610927814,0.0,0.1308610865,0.115514958,3328.0,4359.0
0.9729144153566619,0.0,0.118473678,0.0995556685,3328.0,4359.0
0.9924049507652968,0.053488868,0.09841705,0.09315334,3328.0,4359.0
0.9859263508334821,0.256553288,0.086039737,0.102684837,3328.0,4359.0
0.9823406721670502,0.4384677895,0.074668292,0.14843994,3328.0,4359.0
0.9724073335469863,0.5322544425,0.0858395925,0.1924992985,3328.0,4359.0
0.9684696429067962,0.443974798,0.096172716,0.225283872,3328.0,4359.0
0.9694719189705953,0.351361757,0.095148429,0.249088305,3328.0,4359.0
0.9835117684977128,0.227465786,0.095406682,0.287461259,3328.0,4359.0
0.9931521777701847,0.100415348,0.105823229,0.349702203,3328.0,4359.0
0.981997354016761,0.0,0.12272195500000001,0.450829654,3328.0,4359.0
0.9211756597390826,0.0,0.1462043365,0.5916196245,3328.0,4359.0
0.8316737700094998,0.0,0.1722008425,0.6743382950000001,3328.0,4359.0
0.7747708705963103,0.0,0.1878779765,0.7021342845,3328.0,4359.0
0.7716033391945214,0.0,0.2108298365,0.7327425295,3328.0,4359.0
0.858832542608442,0.0,0.2387335435,0.7717279625,3328.0,4359.0
0.9746538052610147,0.0,0.2751992405,0.794486958,3328.0,4359.0
0.9931598071512799,0.070009586,0.294784067,0.796903401,3328.0,4359.0
0.987314527247718,0.186431092,0.295266849,0.799194509,3328.0,4359.0
0.9827424075910917,0.3078993915,0.276949063,0.8110597005,3328.0,4359.0
0.9772639990804175,0.35851044200000004,0.2772723925,0.8257636740000001,3328.0,4359.0
0.9713100461303924,0.320704678,0.279274202,0.853852672,3328.0,4359.0
0.9720412161931702,0.241574613,0.279244926,0.863927222,3328.0,4359.0
0.9847245598582242,0.138238531,0.2961401125,0.8817245425,3328.0,4359.0
0.9711610088095288,0.0,0.3451852555,0.8971471065,3328.0,4359.0
0.9100831121920472,0.0,0.378657733,0.8654240185,3328.0,4359.0
0.8604226290813379,0.0,0.390280604,0.801262443,3328.0,4359.0
0.7476887457956484,0.0,0.37447357150000005,0.7261687735,3328.0,4359.0
0.7320225262717552,0.0,0.35912931449999996,0.5841798175,3328.0,4359.0
0.7316262022524421,0.0,0.332358347,0.41426028,3328.0,4359.0
0.7433383192449231,0.0,0.2884211725,0.281045469,3328.0,4359.0
0.7843539271386439,0.0,0.2585409005,0.2218640665,3328.0,4359.0
0.8360597259944131,0.074583058,0.24335807,0.288197908,3328.0,4359.0
0.8367529270312322,0.28426762,0.222473688,0.386650707,3328.0,4359.0
0.8296294301720166,0.4787919905,0.23462957550000002,0.534124415,3328.0,4359.0
0.8208776116527327,0.579670761,0.30064862550000004,0.67836763,3328.0,4359.0
0.8254839299880987,0.43997653999999997,0.3284428895,0.76226448,3328.0,4359.0
0.8541290838836731,0.248174162,0.337925039,0.791828225,3328.0,4359.0
0.856109772365371,0.057337517,0.3816413165,0.8219435015000001,3328.0,4359.0
0.8358397184412114,0.0,0.433198645,0.8578782954999999,3328.0,4359.0
0.8150443966780379,0.0,0.475591904,0.884885023,3328.0,4359.0
0.7704129921896659,0.0,0.5014712625,0.9039266005,3328.0,4359.0
0.7337900159766615,0.0,0.5229358159999999,0.9055821515,3328.0,4359.0
0.7202173495897719,0.0,0.5425708545000001,0.9061340394999999,3328.0,4359.0
0.721505458094356,0.0,0.5689925995,0.9034095959999999,3328.0,4359.0
0.753648775553436,0.0,0.5537585655,0.8681544219999999,3328.0,4359.0
0.8066521750690381,0.026923381,0.511286613,0.832800738,3328.0,4359.0
0.814891367242691,0.106587792,0.473600579,0.810862569,3328.0,4359.0
0.8079163311398232,0.182066059,0.388212536,0.7013558095000001,3328.0,4359.0
0.8011171679179175,0.2608433715,0.40052741199999997,0.7239321205,3328.0,4359.0
0.8075535404974563,0.2202748205,0.42448208249999997,0.813548484,3328.0,4359.0
0.8411932638827058,0.153431127,0.429563131,0.847587055,3328.0,4359.0
0.846740291669985,0.0387469945,0.44154045750000004,0.8422793355,3328.0,4359.0
0.8317671401529243,0.0,0.4427260175,0.863508299,3328.0,4359.0
0.7974297800818432,0.0,0.423267901,0.8464775314999999,3328.0,4359.0
0.7605019648446509,0.0,0.4093144995,0.7864263284999999,3328.0,4359.0
0.750167600445668,0.0,0.413200114,0.747331195,3328.0,4359.0
0.7754401635426595,0.0,0.393143178,0.6886481090000001,3328.0,4359.0
0.8862234762748704,0.0,0.361144064,0.59384496,3328.0,4359.0
0.9651192302520348,0.0,0.320003508,0.4863745745,3328.0,4359.0
0.9842251073790237,0.111244227,0.276207957,0.351845331,3328.0,4359.0
0.9721420825864628,0.362405869,0.238199638,0.282267989,3328.0,4359.0
0.963869711883735,0.515087017,0.175107698,0.252638512,3328.0,4359.0
0.9566736923707091,0.630822006,0.18948112,0.217139527,3328.0,4359.0
0.9488418246016225,0.6945946085,0.215259336,0.2430365825,3328.0,4359.0
0.9466478264341907,0.596301466,0.246600019,0.34174646249999996,3328.0,4359.0
0.9650593492434683,0.410058981,0.236978836,0.383336354,3328.0,4359.0
0.9797145100415748,0.212337186,0.21574103,0.415846129,3328.0,4359.0
0.9729433356606598,0.0,0.235522277,0.5029709295,3328.0,4359.0
0.9153403599698682,0.0,0.2556387915,0.623289732,3328.0,4359.0
0.8300613279688465,0.0,0.311610021,0.7914597935,3328.0,4359.0
0.7725533635802291,0.0,0.3302733405,0.8424865324999999,3328.0,4359.0
0.7715612450747134,0.0,0.3698767385,0.893006712,3328.0,4359.0
0.8590193715313283,0.0,0.4057813865,0.9133638534999999,3328.0,4359.0
0.9731021314498469,0.0,0.464374084,0.9073977879999999,3328.0,4359.0
0.9925457377972203,0.138128451,0.502696686,0.892397056,3328.0,4359.0
0.9801344759901444,0.273330342,0.509198741,0.879773201,3328.0,4359.0
0.9678351696482718,0.376781036,0.45346340249999995,0.871587765,3328.0,4359.0
0.957350925152076,0.3976509215,0.5080184915,0.8768087335,3328.0,4359.0
0.9595045147017783,0.299284002,0.507981602,0.8806210155,3328.0,4359.0
0.9799171298972185,0.163218115,0.511481338,0.857342498,3328.0,4359.0
0.9846178385256741,0.084680046,0.50514585,0.835436608,3328.0,4359.0
0.9702656315022156,0.0,0.47406323549999996,0.8073724415,3328.0,4359.0
0.9080122472483875,0.0,0.397443331,0.739302959,3328.0,4359.0
0.8604028460847176,0.0,0.338546106,0.570615511,3328.0,4359.0
0.7646654293412627,0.0,0.2851613075,0.39222428249999997,3328.0,4359.0
0.7524525291141333,0.0,0.214476379,0.294922664,3328.0,4359.0
0.7774320298335462,0.0,0.1818065945,0.355561624,3328.0,4359.0
0.8871064338560654,0.0,0.189067192,0.482441136,3328.0,4359.0
0.9643962217915392,0.0,0.2311600125,0.6708626634999999,3328.0,4359.0
0.9836207077053896,0.067165363,0.270991915,0.795093365,3328.0,4359.0
0.9768124514688147,0.153173861,0.279863134,0.840528522,3328.0,4359.0
0.9654617500199236,0.25725280100000003,0.27307966800000005,0.8282766994999999,3328.0,4359.0
0.9522565095706339,0.2746147915,0.331436348,0.855544267,3328.0,4359.0
0.9452554805827765,0.207545982,0.371507321,0.844978742,3328.0,4359.0
0.9480401722856049,0.136350977,0.388348292,0.838639348,3328.0,4359.0
0.9640808480882916,0.073821723,0.402154769,0.838584809,3328.0,4359.0
0.9693203977146322,0.021164723,0.420934791,0.845336651,3328.0,4359.0
0.9581627794203259,0.0,0.451017129,0.865408196,3328.0,4359.0
0.8920050605299383,0.0,0.487315989,0.874027296,3328.0,4359.0
0.7993652251055989,0.0,0.5025440145,0.852424861,3328.0,4359.0
0.7406377715396228,0.0,0.49659068650000004,0.8470373755,3328.0,4359.0
0.7295270157409646,0.0,0.47799778800000003,0.8338707624999999,3328.0,4359.0
0.7683526840967302,0.0,0.453330614,0.814452316,3328.0,4359.0
0.8746399926987879,0.0,0.423827801,0.7852683635,3328.0,4359.0
0.9371325020487835,0.008603239,0.397092055,0.7587829105,3328.0,4359.0
0.9266339748498345,0.039984036,0.373684432,0.723375279,3328.0,4359.0
0.9143336482570565,0.071281871,0.333149562,0.6091405965,3328.0,4359.0
0.900050149247481,0.1118297635,0.30019932000000005,0.497782604,3328.0,4359.0
0.8965304728419473,0.126480965,0.26312202500000004,0.406101319,3328.0,4359.0
0.9180275120414733,0.076931376,0.23200960599999998,0.352854338,3328.0,4359.0
0.9178007180353867,0.0,0.214639342,0.40513580849999997,3328.0,4359.0
0.8653218767136759,0.0,0.19700371500000002,0.397445339,3328.0,4359.0
0.7713841744682897,0.0,0.1666139135,0.4245509835,3328.0,4359.0
0.7206883919157373,0.0,0.1489392645,0.3667143905,3328.0,4359.0
0.723253941013378,0.0,0.1299893225,0.30304891450000004,3328.0,4359.0
0.8206464706842913,0.0,0.1133837565,0.285998942,3328.0,4359.0
0.9499737986760547,0.0,0.099310096,0.200230484,3328.0,4359.0
0.9652067896982902,0.068628602,0.091495681,0.164486725,3328.0,4359.0
0.9489416707440096,0.194806968,0.079742179,0.156365207,3328.0,4359.0
0.9336719082694162,0.315398422,0.073536103,0.158340655,3328.0,4359.0
0.9230247872841327,0.409333466,0.057330418,0.118077139,3328.0,4359.0
0.9152483649252205,0.4746201725,0.0511548415,0.094866896,3328.0,4359.0
0.9129808239543133,0.41882966,0.05462435,0.09171377,3328.0,4359.0
0.9170719875643796,0.332228748,0.061233624,0.091161594,3328.0,4359.0
0.9318407006937311,0.211936929,0.070985377,0.09489851,3328.0,4359.0
0.9488570388686234,0.098827959,0.096720229,0.119950319,3328.0,4359.0
0.9453809203177125,0.000548116,0.1484028355,0.20473404150000002,3328.0,4359.0
0.8870814168280321,0.0,0.186015056,0.27899158599999996,3328.0,4359.0
0.8351062418672696,0.0,0.237908538,0.286997153,3328.0,4359.0
0.7261909081124815,0.0,0.25692097550000004,0.2362182735,3328.0,4359.0
0.7064010782662344,0.0,0.25433644899999996,0.25167278449999997,3328.0,4359.0
0.7064903010429042,0.0,0.2498877175,0.329924766,3328.0,4359.0
0.7163125491963988,0.0,0.290829355,0.35669299050000003,3328.0,4359.0
0.7789754534063944,0.009121249,0.329128769,0.3660141525,3328.0,4359.0
0.8038224173828237,0.077676727,0.338041896,0.358174722,3328.0,4359.0
0.7930360617364685,0.20733591550000002,0.3093259775,0.2476873635,3328.0,4359.0
0.7760091668120925,0.3593448715,0.3275488955,0.24768884149999998,3328.0,4359.0
0.7747265142074264,0.33770963,0.2891466575,0.222162921,3328.0,4359.0
0.7989633566009506,0.244290317,0.237921352,0.200745409,3328.0,4359.0
0.828501093313576,0.070646956,0.20847583800000002,0.19816861400000002,3328.0,4359.0
0.8199291841836867,0.0,0.209842685,0.1860568305,3328.0,4359.0
0.8057646932534134,0.0,0.202671546,0.178163405,3328.0,4359.0
0.7649810247611546,0.0,0.185175609,0.1678555955,3328.0,4359.0
0.7376696441403505,0.0,0.201570678,0.256039683,3328.0,4359.0
0.7319745770102085,0.0,0.206381031,0.362869092,3328.0,4359.0
0.7433479668043043,0.0,0.2008527905,0.3824341015,3328.0,4359.0
0.7796597832464291,0.0,0.2145879755,0.41445934149999997,3328.0,4359.0
0.8239268446203418,0.098323141,0.209205446,0.437955997,3328.0,4359.0
0.8256282655493563,0.20021005,0.184171587,0.399784474,3328.0,4359.0
0.8152692833641608,0.34209956100000005,0.1772690005,0.410334784,3328.0,4359.0
0.7975231058819388,0.4321510965,0.2089615535,0.4097059945,3328.0,4359.0
0.7903338285290892,0.362846989,0.211746886,0.395323777,3328.0,4359.0
0.7980090739901662,0.29223359,0.203370814,0.360047748,3328.0,4359.0
0.8280148145995657,0.195950074,0.181276982,0.334129546,3328.0,4359.0
0.8367808271349451,0.05691575,0.1871157945,0.326967304,3328.0,4359.0
0.8274095279074934,0.0,0.18338210049999998,0.3101016185,3328.0,4359.0
0.8076697097937874,0.0,0.157995918,0.309491247,3328.0,4359.0
0.7768390297869856,0.0,0.1265986845,0.27709011299999997,3328.0,4359.0
0.7560482323594822,0.0,0.103830898,0.23178442700000002,3328.0,4359.0
0.7529829423991428,0.0,0.092530064,0.206711902,3328.0,4359.0
0.8473531190058744,0.0,0.08628722650000001,0.21532741049999998,3328.0,4359.0
0.9688713783308376,0.0,0.07227989800000001,0.19445185199999998,3328.0,4359.0
0.9847294390417656,0.089844546,0.060162875,0.178245365,3328.0,4359.0
0.9789438628746953,0.165775102,0.045762955,0.181691844,3328.0,4359.0
0.9680171637309456,0.2844200115,0.043220705,0.192324946,3328.0,4359.0
0.9563010990179303,0.3274116395,0.06633237,0.2443292635,3328.0,4359.0
0.9501247433675021,0.26749375,0.100426468,0.326184651,3328.0,4359.0
0.9520595673315526,0.188823148,0.116588865,0.373533724,3328.0,4359.0
0.9666119989115924,0.07897895199999999,0.126543761,0.424779099,3328.0,4359.0
0.9572781806803808,0.0,0.158255948,0.539866374,3328.0,4359.0
0.8948933242778033,0.0,0.1855756935,0.6247546740000001,3328.0,4359.0
0.7999258450054851,0.0,0.19189556349999998,0.6236578425,3328.0,4359.0
0.7427415489017639,0.0,0.229644571,0.6732465105000001,3328.0,4359.0
0.7396099018326545,0.0,0.2747521515,0.676109619,3328.0,4359.0
0.8301537665986434,0.0,0.3173589415,0.659561187,3328.0,4359.0
0.9524088292596178,0.0,0.3560703725,0.6433267604999999,3328.0,4359.0
0.9713049895735354,0.058279038,0.360602556,0.621057442,3328.0,4359.0
0.9651257063016178,0.12915463,0.361327381,0.611511344,3328.0,4359.0
0.9605416548473514,0.208419512,0.365743304,0.581800256,3328.0,4359.0
0.9535854258335272,0.258361338,0.39173203,0.596295846,3328.0,4359.0
0.9433370684087076,0.27465436600000004,0.426765135,0.6509507695,3328.0,4359.0
0.9385457840764697,0.268848552,0.447808892,0.729507853,3328.0,4359.0
0.9421441487314742,0.230060371,0.457567149,0.808296171,3328.0,4359.0
0.9603673344384817,0.175965563,0.470233612,0.850720076,3328.0,4359.0
0.9663902171696541,0.0510441775,0.4856952235,0.8428077455,3328.0,4359.0
0.929711950697506,0.0,0.47601233249999997,0.8036254700000001,3328.0,4359.0
0.8835078918277453,0.0,0.455337926,0.795090875,3328.0,4359.0
0.804447398334238,0.0,0.42526569550000004,0.7338863865,3328.0,4359.0
0.754016578409331,0.0,0.462949398,0.7683621955,3328.0,4359.0
0.7575061368866456,0.0,0.5007680375,0.764164021,3328.0,4359.0
0.8557741278888857,0.0,0.525654939,0.7701708570000001,3328.0,4359.0
0.9744656899766295,0.000628306,0.52699155,0.737549538,3328.0,4359.0
0.9913037599208772,0.223147031,0.500154019,0.7042113,3328.0,4359.0
0.9807296495178822,0.430165951,0.479904526,0.67623162,3328.0,4359.0
0.9721718013234817,0.590742131,0.438991598,0.597299283,3328.0,4359.0
0.9681348411560401,0.692103172,0.47446888,0.568287849,3328.0,4359.0
0.961504320726442,0.744105317,0.511881707,0.5891436465,3328.0,4359.0
0.9565528657087212,0.697391458,0.560603278,0.642778471,3328.0,4359.0
0.9590350470195698,0.584260634,0.577972869,0.678814016,3328.0,4359.0
0.9740156948371189,0.427032765,0.568836315,0.720997179,3328.0,4359.0
0.9791430228370424,0.24281364,0.533680718,0.732016397,3328.0,4359.0
0.9682585066516194,0.002272875,0.5492191474999999,0.7569512844999999,3328.0,4359.0
0.9086234777688558,0.0,0.53563815,0.763705826,3328.0,4359.0
0.8187595071938893,0.0,0.47460781949999997,0.6932461999999999,3328.0,4359.0
0.7665645021038608,0.0,0.4888076125,0.6372177875,3328.0,4359.0
0.7676610798247121,0.0,0.48922968450000004,0.6284400305,3328.0,4359.0
0.8587313214178981,0.0,0.485077867,0.6303769850000001,3328.0,4359.0
0.9734078797653778,0.0007957615,0.49003517750000003,0.641609954,3328.0,4359.0
0.9931544843319688,0.246317209,0.473829892,0.662630734,3328.0,4359.0
0.9841139503974611,0.465599031,0.459554686,0.64808525,3328.0,4359.0
0.9794921960784496,0.628676914,0.356500538,0.543693689,3328.0,4359.0
0.969544752078328,0.7680923795000001,0.4125834015,0.4979399405,3328.0,4359.0
0.960729814525686,0.735882218,0.5240182975000001,0.5698306335000001,3328.0,4359.0
0.9626537268923815,0.57491149,0.574235514,0.65452523,3328.0,4359.0
0.9767208999080758,0.414402115,0.552437207,0.701408998,3328.0,4359.0
0.9834259833920549,0.246788396,0.507727814,0.747927808,3328.0,4359.0
0.9819378277548251,0.006054315,0.508652514,0.784173593,3328.0,4359.0
0.9455382966647938,0.0,0.494464339,0.7957445195,3328.0,4359.0
0.8832960902201545,0.0,0.4188699295,0.7435072765,3328.0,4359.0
0.7782190445989392,0.0,0.382258444,0.7192714325,3328.0,4359.0
0.7702329941136136,0.0,0.3940143375,0.6606963055,3328.0,4359.0
0.7955409980087556,0.0,0.3841298515,0.6266328885,3328.0,4359.0
0.8985314765414524,0.0,0.375291874,0.643833621,3328.0,4359.0
0.9721886567492327,0.000961139,0.37473588300000005,0.667232355,3328.0,4359.0
0.9932015020292678,0.260338159,0.352091043,0.658766285,3328.0,4359.0
0.986347913648093,0.488183305,0.32843873,0.642959532,3328.0,4359.0
0.9789983324279132,0.7266687535,0.231119803,0.565747015,3328.0,4359.0
0.9697644047836582,0.8284102535,0.2709705175,0.551414708,3328.0,4359.0
0.9654187243864879,0.762842168,0.31205677,0.576250073,3328.0,4359.0
0.9693454146414249,0.639027983,0.333541287,0.58628861,3328.0,4359.0
0.9831325217726559,0.469498477,0.336717731,0.612843633,3328.0,4359.0
0.9860626135297357,0.270406662,0.312916924,0.631775503,3328.0,4359.0
0.9872199594294523,0.007652217,0.329066118,0.662954846,3328.0,4359.0
0.949501093019675,0.0,0.3423847745,0.681056997,3328.0,4359.0
0.8898461481609248,0.0,0.309686226,0.6509707245,3328.0,4359.0
0.7675814158195251,0.0,0.274364188,0.560736927,3328.0,4359.0
0.7537616624816468,0.0,0.27636039533333334,0.5113084606666667,3328.0,4359.0
0.7608807237424702,0.0,0.2829307805,0.565181545,3328.0,4359.0
0.7921394868555542,0.000871018,0.3032500975,0.5792806070000001,3328.0,4359.0
0.8363432517721731,0.184261257,0.297469014,0.572949622,3328.0,4359.0
0.8402387152119483,0.387932965,0.259698425,0.52747774,3328.0,4359.0
0.8385892799516724,0.556413143,0.214335843,0.454564179,3328.0,4359.0
0.8315671373129871,0.674624076,0.212800197,0.419641976,3328.0,4359.0
0.8243225919738988,0.7634081425,0.2292797735,0.4373665805,3328.0,4359.0
0.8179464552507982,0.710525799,0.266907427,0.508665303,3328.0,4359.0
0.826153356065675,0.593754048,0.300303845,0.549597694,3328.0,4359.0
0.8477689154666451,0.426864289,0.320702569,0.584594796,3328.0,4359.0
0.8554155954209751,0.250760971,0.347020506,0.616130891,3328.0,4359.0
0.8559210804152295,0.007799505,0.38788159,0.640778099,3328.0,4359.0
0.8427237797503371,0.0,0.4016678705,0.6462878265,3328.0,4359.0
0.8223535248865392,0.0,0.394288459,0.650440747,3328.0,4359.0
0.7827966200036226,0.0,0.3582730845,0.6776546274999999,3328.0,4359.0
0.7540458092178716,0.0,0.382679742,0.6567748664999999,3328.0,4359.0
0.7516724783774217,0.0,0.39308859549999997,0.6782082625,3328.0,4359.0
0.7607889060711381,0.0,0.40534201599999997,0.701022734,3328.0,4359.0
0.7918886960723399,0.0013796705,0.427760626,0.7403505385,3328.0,4359.0
0.8369444577137245,0.274830141,0.426045836,0.749565167,3328.0,4359.0
0.8438705244560009,0.499093636,0.425867642,0.739253759,3328.0,4359.0
0.84244136285952,0.673549838,0.346899867,0.708059263,3328.0,4359.0
0.8392649158669977,0.797394311,0.377497368,0.668220068,3328.0,4359.0
0.8336199048633459,0.8722808335000001,0.4558109345,0.6515407419999999,3328.0,4359.0
0.8306675018818375,0.83058995,0.538122296,0.688730386,3328.0,4359.0
0.8405342172319178,0.720626043,0.56286794,0.727486806,3328.0,4359.0
0.8623350087403531,0.55860646,0.555523554,0.761340769,3328.0,4359.0
0.8691218853167472,0.335211985,0.563143898,0.798564078,3328.0,4359.0
0.8697703751168112,0.011382228,0.605078314,0.841551366,3328.0,4359.0
0.8535478382614373,0.0,0.601320455,0.86048075,3328.0,4359.0
0.8185226886595058,0.0,0.5126058425,0.8529924835,3328.0,4359.0
0.7831588783235622,0.0,0.4492190545,0.8287903489999999,3328.0,4359.0
0.7739113775710562,0.0,0.4526159045,0.8361546575000001,3328.0,4359.0
0.7982146213660588,0.0,0.4951535595,0.8457999235,3328.0,4359.0
0.8995412931984486,0.0,0.533358067,0.859908515,3328.0,4359.0
0.9713583058458615,0.0021047155,0.556540327,0.8708815545,3328.0,4359.0
0.9910850831231236,0.302777781,0.577030338,0.8749221,3328.0,4359.0
0.9852462792691445,0.527092373,0.60493028,0.871178586,3328.0,4359.0
0.984494527827346,0.704208695,0.524446869,0.853968391,3328.0,4359.0
0.9846468919102789,0.8276204785,0.6024873555,0.8456333305,3328.0,4359.0
0.9854351929865505,0.7914850305000001,0.6987759849999999,0.8747877639999999,3328.0,4359.0
0.9889081621993276,0.634716355,0.741244031,0.899953662,3328.0,4359.0
0.9998607210462197,0.4886604,0.742461998,0.911771698,3328.0,4359.0
0.9987766517887647,0.3037109,0.704027602,0.914472291,3328.0,4359.0
0.9844105169104245,0.0068321775,0.6867918694999999,0.9176071085,3328.0,4359.0
0.921282780262833,0.0,0.6393846455000001,0.9090716640000001,3328.0,4359.0
0.8765808492285124,0.0,0.594278654,0.898408788,3328.0,4359.0
0.7856950413603911,0.0,0.533220716,0.877285366,3328.0,4359.0
0.7735465909726881,0.0,0.446626175,0.7942435315,3328.0,4359.0
0.7973488741091064,0.0,0.411115056,0.6975783845,3328.0,4359.0
0.9258408832260587,0.0,0.3884569825,0.616785833,3328.0,4359.0
0.9826328918188995,0.004752456,0.362898119,0.595063594,3328.0,4359.0
0.9872071848048422,0.298236958,0.396332075,0.606717157,3328.0,4359.0
0.9858131534513491,0.495386984,0.400276326,0.60606951,3328.0,4359.0
0.984294569381358,0.62777544,0.298299964,0.64464792,3328.0,4359.0
0.9835494714636983,0.714721667,0.315131682,0.654338131,3328.0,4359.0
0.9837977782611927,0.7153973364999999,0.363484985,0.6897489185,3328.0,4359.0
0.9846810019529812,0.629838997,0.376826234,0.715814674,3328.0,4359.0
0.9875001142030544,0.48672645,0.374144014,0.725563245,3328.0,4359.0
0.9984948115637039,0.355610291,0.358709328,0.740307419,3328.0,4359.0
0.999734305403707,0.234093702,0.316352999,0.752324308,3328.0,4359.0
0.985021614350286,0.007710517,0.28678428050000004,0.7364345935000001,3328.0,4359.0
0.9366501710553075,0.0,0.256040669,0.690801741,3328.0,4359.0
0.8907516387338128,0.0,0.22921641450000002,0.677557442,3328.0,4359.0
0.7854137777504662,0.0,0.2201450545,0.6235450339999999,3328.0,4359.0
0.7763111892249739,0.0,0.23857262,0.563932213,3328.0,4359.0
0.8000009403316731,0.0,0.2910558395,0.596974353,3328.0,4359.0
0.9244221453996954,0.0,0.37453165050000004,0.7260982300000001,3328.0,4359.0
0.9810405875721174,0.005244586,0.457317272,0.804888577,3328.0,4359.0
0.9890100043483362,0.232715141,0.475916027,0.843409377,3328.0,4359.0
0.9848758150542141,0.38984425,0.502525584,0.868039344,3328.0,4359.0
0.9841879810787943,0.542319346,0.5265333445,0.896692432,3328.0,4359.0
0.9836555718377836,0.5794787,0.6185567345,0.9052062489999999,3328.0,4359.0
0.9846810019529812,0.469170402,0.675001944,0.921420987,3328.0,4359.0
0.9879911390199997,0.329786701,0.698157848,0.926433132,3328.0,4359.0
0.9986938828393933,0.180891994,0.731100417,0.928275763,3328.0,4359.0
0.9989933769738462,0.072006964,0.755856462,0.928289689,3328.0,4359.0
0.9847281971248361,0.0020525515,0.7733398295,0.9101738495,3328.0,4359.0
0.9208904040652944,0.0,0.768269764,0.8707448040000001,3328.0,4359.0
0.8748692263978858,0.0,0.705928876,0.903275362,3328.0,4359.0
0.7169161282147276,0.0,0.7210625415,0.8701428920000001,3145.5,4119.5
0.6998751723548631,0.0,0.7030596689999999,0.8228205095000001,2963.0,3880.0
0.7210698343442564,0.0,0.6827909255,0.8602513425,2963.0,3880.0
0.859676289094888,0.0,0.6820441795000001,0.8890866,2963.0,3880.0
0.9424558851681099,0.001774587,0.686753154,0.901021098,2963.0,3880.0
0.9577886335954546,0.052666103,0.683883591,0.905551024,2963.0,3880.0
0.9570065424075523,0.129319804,0.671158235,0.91237867,2963.0,3880.0
0.9569943887920274,0.2229081535,0.5920885300000001,0.9223607085,2963.0,3880.0
0.9505455963851297,0.3077470455,0.625962422,0.925369514,2963.0,3880.0
0.9452203503397889,0.308502267,0.649619341,0.912612615,2963.0,3880.0
0.9454864884706111,0.258588269,0.680486215,0.910158032,2963.0,3880.0
0.9545067959752099,0.197940488,0.720971879,0.918444042,2963.0,3880.0
0.9549900583810732,0.054613864,0.7723669664999999,0.915564047,2963.0,3880.0
0.9096997846152287,0.0,0.787834399,0.9079040199999999,2963.0,3880.0
0.855032267894777,0.0,0.781842384,0.905552725,2963.0,3880.0
0.760159445076762,0.0,0.745227114,0.91182058,2963.0,3880.0
0.6828669070449749,0.0,0.7632765189999999,0.909505259,2963.0,3880.0
0.6787510813053672,0.0,0.7390053034999999,0.8729716435,2963.0,3880.0
0.7646948376243592,0.0,0.7055336565,0.9170211100000001,2963.0,3880.0
0.9124072075613121,0.001236865,0.6900567495,0.9224599145,2963.0,3880.0
0.9503308229139612,0.061101869,0.63156442,0.895837997,2963.0,3880.0
0.9510604848985957,0.141664254,0.593801128,0.897608778,2963.0,3880.0
0.9425410493153031,0.273219387,0.496111082,0.822377762,2963.0,3880.0
0.9316019747887638,0.4450829905,0.483087332,0.7292674754999999,2963.0,3880.0
0.9186238388501033,0.50931864,0.445411715,0.65680342,2963.0,3880.0
0.915066725639798,0.460255503,0.421570546,0.657153003,2963.0,3880.0
0.926222702724734,0.377311613,0.4002595,0.655976175,2963.0,3880.0
0.9400715538917865,0.127338046,0.4344707245,0.722352189,2963.0,3880.0
0.9057069590187864,0.0,0.477300279,0.814218976,2963.0,3880.0
0.8358780867089904,0.0,0.4425773005,0.7508788035,2963.0,3880.0
0.6877090681083882,0.0,0.4292824375,0.638457872,2963.0,3880.0
0.6627491728604193,0.0,0.444578359,0.6823864055,2963.0,3880.0
0.6725204777339983,0.0,0.44737525566666664,0.7498269430000001,2963.0,3880.0
0.7202118937910945,0.001999133,0.4176928325,0.7909977885,2963.0,3880.0
0.7732435040161925,0.135370093,0.381299307,0.788187529,2963.0,3880.0
0.7868527421585993,0.251903038,0.344542678,0.776348637,2963.0,3880.0
0.7810787871833861,0.37539424,0.352666752,0.76065042,2963.0,3880.0
0.7634465168296601,0.5068870375,0.415046418,0.740395593,2963.0,3880.0
0.7414499363630356,0.500680932,0.4142731555,0.690744656,2963.0,3880.0
0.7413894785874723,0.433287136,0.363588742,0.6225895,2963.0,3880.0
0.7579693058925866,0.333619298,0.298289772,0.589282334,2963.0,3880.0
0.7740970976069995,0.221117165,0.280819425,0.579551973,2963.0,3880.0
0.7875941141229892,0.0121711585,0.334692631,0.598656174,2963.0,3880.0
0.7735509822277513,0.0,0.412856453,0.678831001,2963.0,3880.0
0.7401667071432336,0.0,0.442225467,0.723102111,2963.0,3880.0
0.6715502934671218,0.0,0.4412800915,0.7225751605,2963.0,3880.0
0.6463488114101705,0.0,0.43440645850000004,0.7027454550000001,2963.0,3880.0
0.6538940928006414,0.0,0.425769972,0.6393726125,2963.0,3880.0
0.6858096626189629,0.0,0.4107286445,0.6562059515,2963.0,3880.0
0.7270940921235854,0.010622681,0.40375157,0.67792772,2963.0,3880.0
0.7597077199906033,0.115145397,0.384101472,0.654262085,2963.0,3880.0
0.7681081031006447,0.191617967,0.36456996,0.642445143,2963.0,3880.0
0.7603812268187004,0.221222731,0.32365286,0.632195323,2963.0,3880.0
0.7490264446192887,0.243273241,0.3477904165,0.6281912224999999,2963.0,3880.0
0.7483810153694603,0.253130748,0.3749614705,0.6010540040000001,2963.0,3880.0
0.7513046754709064,0.225849358,0.363325945,0.56198848,2963.0,3880.0
0.7730281983238372,0.188489473,0.355976777,0.537748236,2963.0,3880.0
0.7793145577761762,0.121570759,0.342984205,0.550481549,2963.0,3880.0
0.7875081515427753,0.02407537,0.351966624,0.607688593,2963.0,3880.0
0.7735957821511643,0.0,0.353634379,0.601231415,2963.0,3880.0
0.7571069296904124,0.0,0.329816227,0.585477727,2963.0,3880.0
0.7108916930114627,0.0,0.3579155275,0.6439930075,2963.0,3880.0
0.6656786437096547,0.0,0.3759366755,0.6744765189999999,2963.0,3880.0
0.6651133219995423,0.0,0.38865487600000004,0.7641557784999999,2963.0,3880.0
0.7522891868682319,0.0,0.3992289095,0.7692085104999999,2963.0,3880.0
0.9046959447375691,0.005123082,0.4140978915,0.688192451,2963.0,3880.0
0.9290357824597534,0.147345054,0.396492623,0.667592465,2963.0,3880.0
0.9128571584081141,0.264652135,0.346340561,0.645927592,2963.0,3880.0
0.8917933476090052,0.440043048,0.280292059,0.620560848,2963.0,3880.0
0.8636255567860875,0.5690334255,0.2967812885,0.6261146639999999,2963.0,3880.0
0.8554368864957388,0.456871429,0.258447278,0.630782109,2963.0,3880.0
0.8568480394361965,0.355653138,0.228453057,0.618746128,2963.0,3880.0
0.8661653570389082,0.246699987,0.193850244,0.613138553,2963.0,3880.0
0.8844519279911076,0.071212651,0.205452987,0.6125863890000001,2963.0,3880.0
0.8592679444900364,0.0,0.22663049600000001,0.5878698495,2963.0,3880.0
0.7884551152770068,0.0,0.2479670375,0.6221703425,2963.0,3880.0
0.6693822659117747,0.0,0.2468211465,0.6020888055,2963.0,3880.0
0.6470281732787655,0.0,0.2268978245,0.5424357555,2963.0,3880.0
0.674703830397795,0.0,0.203489521,0.497138749,2963.0,3880.0
0.818925399991124,0.0,0.1839938455,0.460893192,2963.0,3880.0
0.9065542096912376,0.010975151,0.172619915,0.45136147,2963.0,3880.0
0.913409927260881,0.157031076,0.164598519,0.467862866,2963.0,3880.0
0.9062440701206433,0.292944061,0.168468579,0.472912435,2963.0,3880.0
0.893932876223219,0.357020733,0.149272675,0.428372141,2963.0,3880.0
0.8807750970563777,0.42442704750000004,0.19243777099999998,0.364043357,2963.0,3880.0
0.8700507516070577,0.4142898715,0.239076379,0.28086897099999997,2963.0,3880.0
0.8727983170096569,0.377533791,0.255099171,0.298356394,2963.0,3880.0
0.8861233196785608,0.274432917,0.271715173,0.373347845,2963.0,3880.0
0.8939337632922773,0.155095408,0.309311585,0.396186029,2963.0,3880.0
0.8993823200359461,0.009746409,0.373770082,0.4213088575,2963.0,3880.0
0.8373496973743912,0.0,0.41859856500000003,0.4481802305,2963.0,3880.0
0.7781219041589161,0.0,0.449665821,0.470087708,2963.0,3880.0
0.676469191015473,0.0,0.448482098,0.452246284,2963.0,3880.0
0.6548119587563188,0.0,0.458195511,0.47028740199999997,2963.0,3880.0
0.6796706771570727,0.0,0.4765120275,0.552655889,2963.0,3880.0
0.8294972038829551,0.0,0.491293742,0.6072821995,2963.0,3880.0
0.918032391275635,0.016335777,0.506771146,0.639318785,2963.0,3880.0
0.9254915326619563,0.153907945,0.510595255,0.654414402,2963.0,3880.0
0.9117289990242294,0.281706101,0.540184021,0.670683957,2963.0,3880.0
0.8980670655173413,0.416806232,0.5308839195,0.6943714135,2963.0,3880.0
0.8862041369646398,0.5284127615,0.546268421,0.731973467,2963.0,3880.0
0.8833304663734504,0.519137827,0.549711962,0.71988854,2963.0,3880.0
0.8877852634022331,0.453636284,0.550450775,0.748590275,2963.0,3880.0
0.9004560986038906,0.360164159,0.531840871,0.765741283,2963.0,3880.0
0.9111721493703215,0.231950576,0.473630555,0.735842967,2963.0,3880.0
0.918450139349078,0.047328568,0.424937687,0.703426136,2963.0,3880.0
0.8881953822464415,0.0,0.3758235725,0.6570148805,2963.0,3880.0
0.819091026576525,0.0,0.383435222,0.7015860410000001,2963.0,3880.0
0.6986245007056711,0.0,0.392562966,0.738927967,2963.0,3880.0
0.6758272437293652,0.0,0.4174514665,0.7633562385,2963.0,3880.0
0.6706469098604179,0.0,0.4585275645,0.7925331095,2963.0,3880.0
0.712835654485372,0.0,0.47734359,0.800536313,2963.0,3880.0
0.8409558686825662,0.0,0.4960763465,0.809538323,2963.0,3880.0
0.918032391275635,0.030869608,0.502984298,0.805860892,2963.0,3880.0
0.9211902086030493,0.234684406,0.483438771,0.794504627,2963.0,3880.0
0.9075037903905553,0.382937117,0.409774756,0.775622279,2963.0,3880.0
0.8929084663083067,0.543197877,0.38797448349999997,0.726654725,2963.0,3880.0
0.8775621447727109,0.659193357,0.4502998005,0.6991954675000001,2963.0,3880.0
0.8713111373306242,0.61147374,0.46400817,0.627913331,2963.0,3880.0
0.8758116213518778,0.513889253,0.422857678,0.563358652,2963.0,3880.0
0.8886293647871707,0.366246075,0.349792215,0.512285963,2963.0,3880.0
0.8945590104049053,0.224786165,0.302062511,0.481207371,2963.0,3880.0
0.8978788171523491,0.040026443,0.28005046,0.452600032,2963.0,3880.0
0.867526564761818,0.0,0.276125752,0.40858481449999995,2963.0,3880.0
0.7973802783988244,0.0,0.284744149,0.402286776,2963.0,3880.0
0.6754786249820495,0.0,0.315606693,0.39247069749999997,2963.0,3880.0
0.6520368037039292,0.0,0.344790163,0.397956905,2963.0,3880.0
0.6721451342680327,0.0,0.35547300699999995,0.418581859,2963.0,3880.0
0.8043521652647989,0.0,0.3827295965,0.46421748799999996,2963.0,3880.0
0.8959178229299937,0.022126006,0.415096493,0.48305056,2963.0,3880.0
0.9049502840501175,0.12908235,0.427332274,0.530392084,2963.0,3880.0
0.8930646449805468,0.219727161,0.400685137,0.581297108,2963.0,3880.0
0.8811217863120651,0.298423327,0.334934779,0.614757912,2963.0,3880.0
0.867292895464328,0.37417543600000003,0.37333393049999997,0.701324548,2963.0,3880.0
0.8559251168730417,0.33243661199999996,0.440894838,0.7291937915,2963.0,3880.0
0.8569859876851492,0.233070343,0.486464922,0.752115383,2963.0,3880.0
0.8658733148109947,0.171674211,0.529386957,0.779770039,2963.0,3880.0
0.8686701158366394,0.057217986,0.589223453,0.8460503655,2963.0,3880.0
0.831404615671771,0.0,0.6317242700000001,0.8865186125,2963.0,3880.0
0.7531949213800488,0.0,0.6569141625,0.8996868094999999,2963.0,3880.0
0.6359284400370246,0.0,0.678028817,0.9098286705,2963.0,3880.0
0.5995591821274835,0.0,0.6772045044999999,0.9111926695,2963.0,3880.0
0.6051217124640216,0.0,0.6634350019999999,0.911506705,2963.0,3880.0
0.6331478734786662,0.0,0.651898329,0.90023722,2963.0,3880.0
0.681911559991817,0.006299536,0.6491748,0.884918891,2963.0,3880.0
0.7039259717411489,0.078481148,0.637115732,0.891708445,2963.0,3880.0
0.7198042145892771,0.170975163,0.593942923,0.888497523,2963.0,3880.0
0.7124012948744867,0.31323279849999996,0.474768088,0.8271636385000001,2963.0,3880.0
0.7049912781516485,0.390952046,0.436406559,0.60059307,2963.0,3880.0
0.6997845966510807,0.34343281999999997,0.3622403525,0.407346864,2963.0,3880.0
0.7044983016714108,0.242367301,0.339800753,0.34008387,2963.0,3880.0
0.7116320005334791,0.069415691,0.365925454,0.30545796199999997,2963.0,3880.0
0.7005056534989039,0.0,0.411171611,0.286424584,2963.0,3880.0
0.6817585748997989,0.0,0.464397576,0.276477109,2963.0,3880.0
0.6479936779914472,0.0,0.460032058,0.306861969,2963.0,3880.0
0.6121912054762126,0.0,0.45341113099999997,0.49720026149999996,2963.0,3880.0
0.5974757864981428,0.0,0.4703670735,0.60794858,2963.0,3880.0
0.6180811300509164,0.0,0.5088650985000001,0.6464259775000001,2963.0,3880.0
0.6588248556822596,0.0060098895,0.5156328465,0.6812684520000001,2963.0,3880.0
0.698344257245411,0.147033395,0.503751905,0.706877745,2963.0,3880.0
0.7043081460370751,0.29167018,0.472367415,0.736221392,2963.0,3880.0
0.7046607346259693,0.406218994,0.441929364,0.757007209,2963.0,3880.0
0.6958331777009884,0.5100503194999999,0.4721165995,0.7700964175,2963.0,3880.0
0.6906842260007149,0.50368825,0.478387209,0.714700908,2963.0,3880.0
0.6951128971145214,0.387178749,0.446003934,0.673767552,2963.0,3880.0
0.7021498990204756,0.308109547,0.411515149,0.689665241,2963.0,3880.0
0.712615292084299,0.124436962,0.3884388515,0.7162531305,2963.0,3880.0
0.709820043631987,0.0,0.421170065,0.809242978,2963.0,3880.0
0.6959460424069146,0.0,0.46993320699999996,0.856424595,2963.0,3880.0
0.6563686892762044,0.0,0.5177726155,0.852008267,2963.0,3880.0
0.6297634617407651,0.0,0.59193276,0.8733789175,2963.0,3880.0
0.6551206789354276,0.0,0.636315238,0.911845927,2963.0,3880.0
0.7848856266839119,0.0,0.6742790704999999,0.9244404245,2963.0,3880.0
0.8737938509638999,0.02922504,0.691040238,0.923544052,2963.0,3880.0
0.87749583200727,0.130938659,0.68344376,0.922640333,2963.0,3880.0
0.8696840576887258,0.232085642,0.695600709,0.92270683,2963.0,3880.0
0.8654191945776344,0.342596233,0.722006903,0.926477925,2963.0,3880.0
0.8600775810350207,0.389251098,0.7616149315,0.9285808305000001,2963.0,3880.0
0.8576358969273188,0.40912094750000005,0.8042418505,0.9313133140000001,2963.0,3880.0
0.8695161245415408,0.34376976449999996,0.8076602955,0.932762266,2963.0,3880.0
0.8828684506484015,0.115282064,0.789422795,0.9328148215000001,2963.0,3880.0
0.8475233587148436,0.0,0.7467356445,0.9295591830000001,2963.0,3880.0
0.7899148384374762,0.0,0.724359534,0.924884209,2963.0,3880.0
0.7100097556811733,0.0,0.706486749,0.9075102214999999,2963.0,3880.0
0.6418513213735386,0.0,0.674031677,0.8872799965,2963.0,3880.0
0.6382279398423616,0.0,0.6211167150000001,0.8467062139999999,2963.0,3880.0
0.6824386021208079,0.0,0.568251959,0.769798237,2963.0,3880.0
0.7530374120029811,0.0,0.519733755,0.657930478,2963.0,3880.0
0.8447053110083845,0.0,0.475608266,0.546748483,2963.0,3880.0
0.8950760281068401,0.023206863,0.430930433,0.44225968,2963.0,3880.0
0.9076084714237754,0.111236649,0.414576952,0.368785962,2963.0,3880.0
0.9045994252560109,0.238940053,0.411295894,0.306766429,2963.0,3880.0
0.8956808713150033,0.313497171,0.348493998,0.210412344,2963.0,3880.0
0.8876161326308271,0.386819759,0.3277893805,0.14709961500000002,2963.0,3880.0
0.8778935754180686,0.4104730815,0.2947072905,0.1669975965,2963.0,3880.0
0.8832392697618234,0.337926136,0.225066028,0.16254613699999998,2963.0,3880.0
0.893230981362931,0.205972979,0.16055744,0.186681717,2963.0,3880.0
0.8941087048114725,0.071599251,0.143466659,0.209901171,2963.0,3880.0
0.8689912114997781,0.0,0.1260401295,0.2471928725,2963.0,3880.0
0.8170686431155989,0.0,0.118941183,0.283351766,2963.0,3880.0
0.7340968953507998,0.0,0.1447365085,0.40906750000000003,2963.0,3880.0
0.6683074450225008,0.0,0.1816423145,0.5598886685,2963.0,3880.0
0.6722046605299683,0.0,0.221017722,0.6298210099999999,2963.0,3880.0
0.7632531009482484,0.0,0.276256511,0.7054193085,2963.0,3880.0
0.8917823916177013,0.0,0.335017,0.768840168,2963.0,3880.0
0.9278528873108168,0.081982454,0.369345856,0.792625574,2963.0,3880.0
0.9222874073329858,0.290386344,0.386372653,0.804347691,2963.0,3880.0
0.8992785261730247,0.47025123,0.328037661,0.819263101,2963.0,3880.0
0.869014498581163,0.684066054,0.358266212,0.8349259825,2963.0,3880.0
0.8509429672107256,0.7441353310000001,0.462045116,0.8749776924999999,2963.0,3880.0
0.8422883334241733,0.64919175,0.539772217,0.894279146,2963.0,3880.0
0.8431279104734408,0.502230495,0.575114129,0.910820577,2963.0,3880.0
0.8473320940923246,0.352737731,0.586445326,0.920389933,2963.0,3880.0
0.8600808190598123,0.184477237,0.640605341,0.92502533,2963.0,3880.0
0.858124526495822,0.011081357,0.724866367,0.9291095575,2963.0,3880.0
0.8039694586464453,0.0,0.7387792179999999,0.8996327135,2963.0,3880.0
0.7386890640133992,0.0,0.679112339,0.855077892,2963.0,3880.0
0.6577587729091632,0.0,0.6564606615,0.7933702094999999,2963.0,3880.0
0.629751929083705,0.0,0.6189718755,0.8088661635000001,2963.0,3880.0
0.6547225807273778,0.0,0.555111778,0.840626086,2963.0,3880.0
0.739623519182994,0.0,0.498956209,0.838354311,2963.0,3880.0
0.8323208404686986,0.0,0.451520409,0.777262218,2963.0,3880.0
0.8794622377355944,0.013161838,0.414878534,0.701612757,2963.0,3880.0
0.890968896140081,0.083369355,0.390107225,0.6906762,2963.0,3880.0
0.8874937534967469,0.162710606,0.363687287,0.681368779,2963.0,3880.0
0.8832410440011803,0.269549751,0.3133061885,0.631476207,2963.0,3880.0
0.8785598077635621,0.37774186099999996,0.36121866,0.6462644795,2963.0,3880.0
0.8694683970978789,0.341183031,0.3853041625,0.574801019,2963.0,3880.0
0.8871892028054368,0.243585394,0.39862125,0.605534088,2963.0,3880.0
0.8952057260668528,0.150123729,0.388584296,0.644741321,2963.0,3880.0
0.8951283686234501,0.053851153,0.376882342,0.700546349,2963.0,3880.0
0.8634440062379429,0.0,0.362151563,0.7524183045,2963.0,3880.0
0.7928206229635062,0.0,0.3396836225,0.7106359200000001,2963.0,3880.0
0.6798820351795142,0.0,0.305627936,0.646431526,2963.0,3880.0
0.6528699933902715,0.0,0.27732191650000004,0.623342343,2963.0,3880.0
0.6476012351270548,0.0,0.2444862185,0.6004539165,2963.0,3880.0
0.7204315242741401,0.0,0.20881604599999998,0.563049296,2963.0,3880.0
0.8459559827081966,0.0,0.189062291,0.506124553,2963.0,3880.0
0.8952507033635811,0.061235971,0.173705538,0.485133516,2963.0,3880.0
0.9017649657595702,0.197087308,0.150885662,0.466295983,2963.0,3880.0
0.8856458678686261,0.335346132,0.127147201,0.438662028,2963.0,3880.0
0.8641882170865445,0.4797995405,0.103771697,0.3772871145,2963.0,3880.0
0.8493361139987361,0.5761815415,0.11252956950000001,0.2960108695,2963.0,3880.0
0.8459265300311511,0.515696654,0.112916367,0.228083763,2963.0,3880.0
0.8562681245694087,0.434155323,0.096119675,0.227443513,2963.0,3880.0
0.8675067818158181,0.321656226,0.07878573,0.208403548,2963.0,3880.0
0.8825469557940625,0.1886991,0.065273298,0.190694993,2963.0,3880.0
0.8857587105041285,0.058734093,0.062938083,0.17106106,2963.0,3880.0
0.8529889482069588,0.0,0.0667589035,0.17142628450000003,2963.0,3880.0
0.7906300402448015,0.0,0.07163380550000001,0.215374439,2963.0,3880.0
0.6642225578157973,0.0,0.08024429,0.257311856,2963.0,3880.0
0.6322444455286332,0.0,0.0888021815,0.2566417505,2963.0,3880.0
0.6257932800449582,0.0,0.1014774805,0.3185532205,2963.0,3880.0
0.6508981318126494,0.0,0.115834249,0.3745560195,2963.0,3880.0
0.6830629177198083,0.0,0.120819767,0.397711327,2963.0,3880.0
0.7164596126316849,0.048382225,0.125769702,0.433429256,2963.0,3880.0
0.7555733532219252,0.166826883,0.114355462,0.455910105,2963.0,3880.0
0.7770530048757537,0.268707028,0.111795871,0.467948208,2963.0,3880.0
0.7836363744262056,0.3749648895,0.1098536445,0.48332350150000003,2963.0,3880.0
0.7855525243818192,0.40657597700000003,0.140260783,0.5457845715,2963.0,3880.0
0.7885137987119728,0.353138553,0.181347779,0.572519798,2963.0,3880.0
0.7988669258566703,0.30284692,0.205431224,0.587432232,2963.0,3880.0
0.8188042184306445,0.210657965,0.221338698,0.621669861,2963.0,3880.0
0.8218422735384447,0.115329926,0.227962941,0.605463128,2963.0,3880.0
0.8201068756979549,0.038917386,0.246565517,0.607962954,2963.0,3880.0
0.8003972199570372,0.0,0.245277442,0.6127506915,2963.0,3880.0
0.7793467604482947,0.0,0.241746876,0.590972968,2963.0,3880.0
0.7257349248012461,0.0,0.1967157995,0.553873394,2963.0,3880.0
0.6725010274979519,0.0,0.217486159,0.5168587330000001,2963.0,3880.0
0.6629646116333815,0.0,0.222440244,0.482608812,2963.0,3880.0
0.6809138082130676,0.0,0.2191354695,0.46697976799999996,2963.0,3880.0
0.7058883853549899,0.0,0.217522678,0.468171101,2963.0,3880.0
0.7376731704980202,0.02999541,0.208726665,0.472792563,2963.0,3880.0
0.7771949451379492,0.124393068,0.203992136,0.461183598,2963.0,3880.0
0.7964015998703323,0.224838174,0.207127818,0.428565569,2963.0,3880.0
0.7974821205478331,0.334990115,0.178832955,0.346364265,2963.0,3880.0
0.7954396880809337,0.3953474655,0.2108857205,0.40655340549999996,2963.0,3880.0
0.795064034127299,0.3828062085,0.25142072,0.5123067755,2963.0,3880.0
0.8047982571283445,0.285240797,0.275623624,0.593114766,2963.0,3880.0
0.8223005633608441,0.212838964,0.284791819,0.603660314,2963.0,3880.0
0.8252303890579508,0.139757779,0.278909839,0.583392012,2963.0,3880.0
0.8240625750954084,0.064209555,0.281989898,0.572701199,2963.0,3880.0
0.8053414005933948,0.0,0.27644520549999996,0.577549714,2963.0,3880.0
0.7857904075104369,0.0,0.264431505,0.532185452,2963.0,3880.0
0.7609505849360046,0.0,0.24238635,0.416181898,2963.0,3880.0
0.7057503927627085,0.0,0.2263815185,0.359187561,2963.0,3880.0
0.6897926854543732,0.0,0.192092245,0.3290865795,2963.0,3880.0
0.7159395788240841,0.0,0.1524250945,0.34057329150000004,2963.0,3880.0
0.8198023250066448,0.0,0.128106628,0.372548361,2963.0,3880.0
0.9019251809402428,0.0,0.121044056,0.409346357,2963.0,3880.0
0.9427169666408345,0.07304081,0.120460078,0.474437569,2963.0,3880.0
0.955797388313653,0.180136236,0.132540459,0.521807447,2963.0,3880.0
0.9545721771764032,0.295546846,0.143611774,0.526389126,2963.0,3880.0
0.9486110384810524,0.393042061,0.174884286,0.551284309,2963.0,3880.0
0.9433666984590685,0.4683321755,0.2233712825,0.589093629,2963.0,3880.0
0.9375728719018179,0.3990022445,0.2937931085,0.672964558,2963.0,3880.0
0.9377610315801523,0.297009227,0.346108027,0.737247911,2963.0,3880.0
0.9493409666269006,0.208649944,0.364702628,0.766603485,2963.0,3880.0
0.9528028911110958,0.127318013,0.367084128,0.796925449,2963.0,3880.0
0.9418700708162547,0.0187322195,0.39608862749999996,0.841493272,2963.0,3880.0
0.8742468180682288,0.0,0.421464148,0.8805723249999999,2963.0,3880.0
0.7665274645409095,0.0,0.4032349725,0.8862283065,2963.0,3880.0
0.6917925802669351,0.0,0.454378346,0.8991660054999999,2963.0,3880.0
0.6936788562838789,0.0,0.507806949,0.8781487434999999,2963.0,3880.0
0.7789739009343022,0.0,0.5563088075,0.8783696265000001,2963.0,3880.0
0.9021089936562224,0.0,0.577495399,0.871778641,2963.0,3880.0
0.9387194835774949,0.131178677,0.573194914,0.872982199,2963.0,3880.0
0.9519579025558595,0.314832102,0.570433591,0.885176386,2963.0,3880.0
0.9466408181128007,0.466779802,0.602649352,0.912423247,2963.0,3880.0
0.9380798649742155,0.540360718,0.593442221,0.911901651,2963.0,3880.0
0.9272784725860354,0.6055683675,0.665945228,0.900276745,2963.0,3880.0
0.9095077216609295,0.5993017485,0.752241655,0.887973552,2963.0,3880.0
0.9088264968156995,0.493163734,0.78565151,0.883777457,2963.0,3880.0
0.9212601142411532,0.38067622,0.774132778,0.890214748,2963.0,3880.0
0.9266889766748597,0.26925052,0.714297946,0.879560414,2963.0,3880.0
0.9345369457800056,0.113382263,0.671485271,0.85240054,2963.0,3880.0
0.919431390600568,0.0,0.650058755,0.803511082,2963.0,3880.0
0.8655981280594525,0.0,0.6296942525,0.731860932,2963.0,3880.0
0.8153275676079266,0.0,0.610311385,0.633699666,2963.0,3880.0
0.7007510771700987,0.0,0.5974520635,0.560650981,2963.0,3880.0
0.6845695255982104,0.0,0.558122585,0.4932755755,2963.0,3880.0
0.7075000068415782,0.0,0.5271062145000001,0.47834511300000004,2963.0,3880.0
0.8116034971073924,0.0,0.49857499,0.443410709,2963.0,3880.0
0.8963296272762808,0.0,0.479924877,0.416353566,2963.0,3880.0
0.936292481464987,0.165154436,0.448614379,0.369402523,2963.0,3880.0
0.9458022169204896,0.360424232,0.398718327,0.306705131,2963.0,3880.0
0.939244928941685,0.533217318,0.402532705,0.278516781,2963.0,3880.0
0.928674012068292,0.667181538,0.393768101,0.263115084,2963.0,3880.0
0.9132678982107871,0.737221253,0.43984269649999996,0.275811617,2963.0,3880.0
0.9032264188160677,0.690419566,0.4784300495,0.2934119285,2963.0,3880.0
0.9029534497877911,0.55512017,0.489441873,0.330217469,2963.0,3880.0
0.9152368766621095,0.436331531,0.489896992,0.374293845,2963.0,3880.0
0.9206018659727658,0.287344099,0.447020261,0.413367408,2963.0,3880.0
0.9321384204875867,0.125214316,0.426820088,0.465755345,2963.0,3880.0
0.8975649959718142,0.0,0.412123559,0.4931586015,2963.0,3880.0
0.8489200514779923,0.0,0.381147273,0.467145075,2963.0,3880.0
0.7605343227690404,0.0,0.3412123575,0.4583465065,2963.0,3880.0
0.6866832165797057,0.0,0.2949088085,0.42929549349999996,2963.0,3880.0
0.6844843170064479,0.0,0.260042381,0.456859593,2963.0,3880.0
0.7269289977593714,0.0,0.260162147,0.474934862,2963.0,3880.0
0.8089381239884088,0.0,0.271314787,0.483587041,2963.0,3880.0
0.8920686674917746,0.0,0.280027773,0.490007793,2963.0,3880.0
0.9284336893479034,0.127879791,0.267055384,0.474560378,2963.0,3880.0
0.9370419263450013,0.275577912,0.233487967,0.438823495,2963.0,3880.0
0.9281435101472448,0.428752694,0.2482227,0.441874423,2963.0,3880.0
0.9155696380122949,0.501373135,0.280708078,0.412742505,2963.0,3880.0
0.9071908120369901,0.529439492,0.3043810765,0.38366621349999996,2963.0,3880.0
0.8983007347642111,0.4713577415,0.3235957845,0.4244886115,2963.0,3880.0
0.8995017273064485,0.363746711,0.347287715,0.459130503,2963.0,3880.0
0.9122094669904506,0.268884153,0.357524196,0.491623349,2963.0,3880.0
0.9171282314075748,0.171013732,0.342056708,0.499282732,2963.0,3880.0
0.9070605374618415,0.036508835,0.3303510545,0.474039028,2963.0,3880.0
0.8474100282014835,0.0,0.2907234455,0.4595716355,2963.0,3880.0
0.7887333626800251,0.0,0.26629927,0.519668592,2963.0,3880.0
0.6815964080558339,0.0,0.259787173,0.6005911775,2963.0,3880.0
0.6645867899706939,0.0,0.2694345815,0.7166197915,2963.0,3880.0
0.6886152018114053,0.0,0.2761237225,0.7767744575,2963.0,3880.0
0.7943198676726466,0.0,0.28058787,0.799042546,2963.0,3880.0
0.8808828829831621,0.0,0.28206346,0.776322011,2963.0,3880.0
0.9178608208618381,0.084004929,0.270970216,0.728969056,2963.0,3880.0
0.9277671908918166,0.181760214,0.244039631,0.682399411,2963.0,3880.0
0.9231725825868262,0.250734984,0.239119919,0.64457887,2963.0,3880.0
0.9195532818061699,0.310942562,0.216076031,0.652259673,2963.0,3880.0
0.9115454523682229,0.36503094449999995,0.219976934,0.575972175,2963.0,3880.0
0.9072229703657797,0.3373003035,0.2193375675,0.4661962705,2963.0,3880.0
0.9085749963367424,0.263239141,0.216876118,0.425863043,2963.0,3880.0
0.9188609679396494,0.181235174,0.208814257,0.464000224,2963.0,3880.0
0.9187168984889853,0.0715405265,0.2181201065,0.587710014,2963.0,3880.0
0.8812998326742046,0.0,0.2371574255,0.7068244665,2963.0,3880.0
0.8118263878375143,0.0,0.2779030295,0.675929997,2963.0,3880.0
0.6769530522081368,0.0,0.286368108,0.659623957,2963.0,3880.0
0.6507478746959006,0.0,0.292865445,0.6468857765,2963.0,3880.0
0.6422626600136324,0.0,0.30087575850000003,0.6125478265,2963.0,3880.0
0.6626221140877774,0.0,0.28032591549999997,0.562931691,2963.0,3880.0
0.691794598445221,0.0,0.257158854,0.52684516,2963.0,3880.0
0.7193282266153973,0.085159817,0.235289979,0.531675476,2963.0,3880.0
0.7500139056579073,0.196705964,0.187072191,0.513317242,2963.0,3880.0
0.7571054216122691,0.291033662,0.176443277,0.465922921,2963.0,3880.0
0.7359545392953832,0.4251912835,0.1426854245,0.345034271,2963.0,3880.0
0.7188646583676359,0.5488171070000001,0.15314182450000002,0.294353167,2963.0,3880.0
0.7119791776670246,0.4531316595,0.1333149705,0.3008018775,2963.0,3880.0
0.7207025194168394,0.275705791,0.112062898,0.32256051,2963.0,3880.0
0.7357684644621886,0.169935188,0.104699435,0.330419505,2963.0,3880.0
0.7507476484436829,0.070004805,0.118959733,0.336561595,2963.0,3880.0
0.7432210410616489,0.0,0.1494561755,0.356402161,2963.0,3880.0
0.7329911802213303,0.0,0.167769509,0.377838661,2963.0,3880.0
0.6886493561974366,0.0,0.1714391845,0.40066291,2963.0,3880.0
0.6367893302820997,0.0,0.16545759399999999,0.3328266775,2963.0,3880.0
0.639813923342452,0.0,0.16156205950000002,0.32585639099999997,2963.0,3880.0
0.6748115719812507,0.0,0.15822392200000002,0.3615850045,2963.0,3880.0
0.7182225114353076,0.001162695,0.155562692,0.38377793,2963.0,3880.0
0.7490788738225563,0.10209598,0.147306698,0.393601554,2963.0,3880.0
0.7559309541255879,0.225048404,0.127058759,0.379581496,2963.0,3880.0
0.7368394484892504,0.362714868,0.124308159,0.369171192,2963.0,3880.0
0.7269561438746328,0.500094171,0.128403023,0.395534891,2963.0,3880.0
0.7127879270417101,0.5694637060000001,0.13156988,0.38544081750000003,2963.0,3880.0
0.7101255257863042,0.544151469,0.1352321065,0.408288233,2963.0,3880.0
0.7194204877706383,0.409955725,0.145048098,0.436022809,2963.0,3880.0
0.7288940728841085,0.323293052,0.155452872,0.415471967,2963.0,3880.0
0.7336704534032676,0.223964406,0.164011881,0.382563474,2963.0,3880.0
0.7274653769938213,0.051858172,0.2086229175,0.383036344,2963.0,3880.0
0.7063443908885101,0.0,0.232211686,0.40071641199999997,2963.0,3880.0
0.6639838097391655,0.0,0.236612265,0.3966702875,2963.0,3880.0
0.6441396877130157,0.0,0.2245089585,0.414225881,2963.0,3880.0
0.6753047258854241,0.0,0.2230630435,0.376282843,2963.0,3880.0
0.8240496229962426,0.0,0.22073779100000002,0.364055837,2963.0,3880.0
0.9162430560524938,0.00124553,0.219255107,0.365642154,2963.0,3880.0
0.9209368450968373,0.120558667,0.201537544,0.366201198,2963.0,3880.0
0.9078452456654502,0.235438203,0.175789471,0.343205908,2963.0,3880.0
0.8893923826741955,0.348425539,0.203630395,0.314959502,2963.0,3880.0
0.8750991696408659,0.460936486,0.200318683,0.227823766,2963.0,3880.0
0.8631273019311081,0.5520810039999999,0.24615745099999997,0.2422346045,2963.0,3880.0
0.8579087328243683,0.5541832735000001,0.2858824535,0.308811165,2963.0,3880.0
0.8697435838494211,0.460122169,0.320042113,0.324402798,2963.0,3880.0
0.8754469234907878,0.346503839,0.328102017,0.295139316,2963.0,3880.0
0.8796524378144993,0.236924015,0.300940871,0.267331177,2963.0,3880.0
0.8684875894315384,0.111112428,0.278231373,0.223560843,2963.0,3880.0
0.8149373204469961,0.0,0.25135326950000003,0.220443868,2963.0,3880.0
0.7625341953593177,0.0,0.236044598,0.288726148,2963.0,3880.0
0.6835914236848543,0.0,0.25915902,0.383717147,2963.0,3880.0
0.66356182556169,0.0,0.2640899955,0.49292606,2963.0,3880.0
0.6623391649251533,0.0,0.2765730935,0.617500836,2963.0,3880.0
0.7485190301334061,0.0,0.299610147,0.73018158,2963.0,3880.0
0.8738231261663897,0.0,0.330929671,0.814453757,2963.0,3880.0
0.9150241435915114,0.00157874,0.354447217,0.862360289,2963.0,3880.0
0.9237243755826366,0.039603991,0.379991356,0.885613364,2963.0,3880.0
0.9112093200138797,0.076323169,0.408568721,0.895538576,2963.0,3880.0
0.9079269500712077,0.121936127,0.452075486,0.893548479,2963.0,3880.0
0.9046555804125483,0.144756791,0.500301298,0.882545205,2963.0,3880.0
0.8970832859874229,0.159765924,0.5933091635000001,0.8796535624999999,2963.0,3880.0
0.8861380459664634,0.1391320515,0.649985558,0.8951514275,2963.0,3880.0
0.8857998731609293,0.126628266,0.645101533,0.896887208,2963.0,3880.0
0.8822645832465743,0.094691351,0.635684981,0.898005117,2963.0,3880.0
0.8776354658089218,0.051889853,0.635844024,0.896563273,2963.0,3880.0
0.8576440584789807,0.02649061,0.634012143,0.887004303,2963.0,3880.0
0.8065689182418085,0.0,0.608827298,0.8548731405,2963.0,3880.0
0.7425292150223662,0.0,0.580893748,0.820117863,2963.0,3880.0
0.6600805617672644,0.0,0.531048932,0.773769182,2963.0,3880.0
0.6332258519311539,0.0,0.49671294200000005,0.7505227835,2963.0,3880.0
0.6599638823707905,0.0,0.46089634199999996,0.693759966,2963.0,3880.0
0.7951751467655328,0.0,0.4488102895,0.6628430495,2963.0,3880.0
0.8917072519481846,0.0,0.466304713,0.676055721,2963.0,3880.0
0.9024476987335637,0.024722374,0.492327653,0.69289105,2963.0,3880.0
0.8925313929631865,0.061862396,0.529860038,0.692827797,2963.0,3880.0
0.883701019376279,0.107320256,0.578995016,0.695657341,2963.0,3880.0
0.871517616169524,0.16665301249999998,0.571703345,0.7269872415,2963.0,3880.0
0.8560576092726966,0.255126923,0.6721643345,0.8123910784999999,2963.0,3880.0
0.8663866952969377,0.264310893,0.6939967225,0.8414865284999999,2963.0,3880.0
0.8844409719491835,0.207768351,0.656961598,0.815531428,2963.0,3880.0
0.8853457528263287,0.143802338,0.599699845,0.760014988,2963.0,3880.0
0.8688213266386803,0.079162713,0.523144862,0.685593579,2963.0,3880.0
0.8368223003469087,0.001063627,0.434807902,0.637796499,2963.0,3880.0
0.7861951148992968,0.0,0.3401819465,0.614171308,2963.0,3880.0
0.6816479057960942,0.0,0.251567014,0.442029322,2963.0,3880.0
0.6606026581977205,0.0,0.21352217499999998,0.42114206750000005,2963.0,3880.0
0.6571179789039474,0.0,0.21048410950000002,0.4782293755,2963.0,3880.0
0.7413813614297595,0.0,0.1948033995,0.5019559095,2963.0,3880.0
0.8784569454142682,0.0,0.19733465,0.555945639,2963.0,3880.0
0.9223221826268615,0.002014845,0.202087176,0.613073686,2963.0,3880.0
0.9237243755826366,0.105225313,0.199270759,0.665596472,2963.0,3880.0
0.9070554364097949,0.223068247,0.190542959,0.688451453,2963.0,3880.0
0.8910799644349859,0.362764716,0.237907686,0.724706167,2963.0,3880.0
0.8826911139313844,0.400806518,0.237345204,0.73654623,2963.0,3880.0
0.8775042597707658,0.481111278,0.284488486,0.791187803,2963.0,3880.0
0.8639555236966309,0.577056453,0.312648701,0.78712856,2963.0,3880.0
0.8604484444917716,0.549087252,0.325796448,0.791883416,2963.0,3880.0
0.869332311825561,0.482111132,0.33544759,0.789914448,2963.0,3880.0
0.8738469011762526,0.384628505,0.324859286,0.782283032,2963.0,3880.0
0.8794979003010093,0.256078446,0.28547998,0.721964385,2963.0,3880.0
0.8687408642510929,0.124600227,0.251328724,0.665642607,2963.0,3880.0
0.8446102109689321,0.001259592,0.241011404,0.628036581,2963.0,3880.0
0.7828727354794754,0.0,0.26159192600000003,0.6138339325,2963.0,3880.0
0.6798514292721967,0.0,0.309422158,0.591852989,2963.0,3880.0
0.6599717112968657,0.0,0.324129083,0.5296538225,2963.0,3880.0
0.6578052583852754,0.0,0.36767289950000004,0.4662345575,2963.0,3880.0
0.7370874892267718,0.0,0.401531752,0.47025986799999997,2963.0,3880.0
0.8634128681094386,0.0,0.435699674,0.4811769,2963.0,3880.0
0.9020751053301644,0.00318299,0.471057242,0.515860708,2963.0,3880.0
0.9105400713602391,0.067797202,0.492997263,0.560839089,2963.0,3880.0
0.9029453769734072,0.142988864,0.50254494,0.569432913,2963.0,3880.0
0.8893923826741955,0.235128726,0.511426333,0.556861919,2963.0,3880.0
0.8806901545752084,0.367237774,0.501451957,0.527837587,2963.0,3880.0
0.874819014968504,0.458747785,0.505895507,0.5771972295000001,2963.0,3880.0
0.8817991077800895,0.504592865,0.485165646,0.567599335,2963.0,3880.0
0.8913992414648186,0.469901035,0.45181978,0.605960091,2963.0,3880.0
0.8917391885603297,0.357678386,0.382683986,0.616229887,2963.0,3880.0
0.889986757819533,0.250459344,0.303503155,0.630985343,2963.0,3880.0
0.8762442732383997,0.138111706,0.260344264,0.651783423,2963.0,3880.0
0.8511410626294585,0.001326683,0.243198422,0.645167213,2963.0,3880.0
0.8012939722618869,0.0,0.239277993,0.5790230865,2963.0,3880.0
0.6639041457339785,0.0,0.23867598299999998,0.5094757169999999,2963.0,3880.0
0.6350669288334846,0.0,0.22324092,0.501183545,2963.0,3880.0
0.6450444463678763,0.0,0.194173348,0.506345228,2963.0,3880.0
0.6783471280061992,0.0,0.18219374,0.5626638875,2963.0,3880.0
0.7205024722841937,0.003793161,0.177446075,0.607554295,2963.0,3880.0
0.7528253886281258,0.123470112,0.179967539,0.689649274,2963.0,3880.0
0.7630112036347233,0.264531117,0.179738724,0.679722238,2963.0,3880.0
0.754176483085461,0.398378183,0.247353716,0.721019596,2963.0,3880.0
0.7375088301728778,0.494846439,0.276341281,0.735199519,2963.0,3880.0
0.7330292158129024,0.552612595,0.3667653235,0.76845171,2963.0,3880.0
0.7320470553206899,0.526870508,0.4606155055,0.7758704045,2963.0,3880.0
0.7455978761387242,0.447536654,0.524039896,0.797724195,2963.0,3880.0
0.7471601068006161,0.374957049,0.554488421,0.821930933,2963.0,3880.0
0.7522363363020995,0.233274051,0.56074128,0.835101436,2963.0,3880.0
0.7518701302616255,0.119380073,0.562273882,0.836593538,2963.0,3880.0
0.749118040472736,0.0009708215,0.542020383,0.820737429,2963.0,3880.0
0.7198035935801922,0.0,0.532696176,0.798650545,2963.0,3880.0
0.6394362733315757,0.0,0.503643798,0.68657651,2963.0,3880.0
0.5979369594974624,0.0,0.4780737275,0.651882076,3333.5,4365.5
0.5786120729471333,0.0,0.4461412095,0.5342471135,3704.0,4851.0
0.5941399228085891,0.0,0.397962417,0.38717448050000003,3704.0,4851.0
0.6102628353394605,0.0,0.354241873,0.306181282,3704.0,4851.0
0.6419313180549325,0.003363676,0.325019675,0.263883448,3704.0,4851.0
0.6857624453260638,0.109400787,0.318168734,0.235981815,3704.0,4851.0
0.7222015866514241,0.25651124,0.307259781,0.231794146,3704.0,4851.0
0.720745722474211,0.398848179,0.302895639,0.241763115,3704.0,4851.0
0.7097722274510471,0.468177059,0.2249106555,0.222499346,3704.0,4851.0
0.7037074279733818,0.5161298704999999,0.2366474825,0.2592842655,3704.0,4851.0
0.7045454968432656,0.486303835,0.228075247,0.282941229,3704.0,4851.0
0.7125504874982417,0.440670464,0.205714124,0.317495978,3704.0,4851.0
0.7136269717179301,0.353632631,0.174550226,0.358913943,3704.0,4851.0
0.7119046146632639,0.220199776,0.152401872,0.379252102,3704.0,4851.0
0.7097684572050689,0.095760318,0.160847428,0.416020672,3704.0,4851.0
0.7127973306115419,0.001275123,0.194178294,0.492045038,3704.0,4851.0
0.7044741718136762,0.0,0.2621756685,0.611697401,3704.0,4851.0
0.6513509214424223,0.0,0.363294816,0.719158365,3704.0,4851.0
0.6216433442626481,0.0,0.41090275249999997,0.783907775,3704.0,4851.0
0.6366184917863302,0.0,0.4431168635,0.8189566585000001,3704.0,4851.0
0.7319070666711669,0.0,0.4762369755,0.8492246725,3704.0,4851.0
0.8133324189995398,0.006260295,0.501881269,0.8447974,3704.0,4851.0
0.8418957797520789,0.074784673,0.508728346,0.813417815,3704.0,4851.0
0.8403931640387805,0.153374856,0.501210048,0.77650691,3704.0,4851.0
0.8299243555768503,0.263672083,0.4479956,0.745197773,3704.0,4851.0
0.8180900811669333,0.363857026,0.357282763,0.712079666,3704.0,4851.0
0.8050834240648548,0.417350488,0.42508163899999996,0.697654961,3704.0,4851.0
0.7941067353602282,0.378826261,0.48636111049999997,0.7178581415,3704.0,4851.0
0.7995510782221492,0.285925607,0.507761968,0.742894202,3704.0,4851.0
0.8035458998758334,0.19854549,0.525994705,0.758423299,3704.0,4851.0
0.8043362413526755,0.123065996,0.56568186,0.78139563,3704.0,4851.0
0.785273789100943,0.0306938985,0.6096811154999999,0.804126735,3704.0,4851.0
0.7278462871505333,0.0,0.66229006,0.8519296795,3704.0,4851.0
0.6300540845771933,0.0,0.6839302485000001,0.9063218455,3704.0,4851.0
0.5899386666593339,0.0,0.7043850869999999,0.868406609,3704.0,4851.0
0.6084568665084529,0.0,0.7158057835,0.8593124375,3704.0,4851.0
0.6954251436512997,0.0,0.7125469345,0.8630345155,3704.0,4851.0
0.7800771321286719,0.007544438,0.702814104,0.870560581,3704.0,4851.0
0.8100120799296687,0.125815864,0.684685643,0.859184531,3704.0,4851.0
0.8135554426584077,0.249892329,0.63842577,0.831963438,3704.0,4851.0
0.8018146715231422,0.334258064,0.620271207,0.843738712,3704.0,4851.0
0.7963985836128055,0.413526553,0.594413357,0.876321645,3704.0,4851.0
0.7912702797559257,0.481093984,0.6308007,0.849271482,3704.0,4851.0
0.7861073336857769,0.4976022155,0.6427251355,0.7848378155,3704.0,4851.0
0.7850013080517649,0.438745154,0.616522584,0.728490571,3704.0,4851.0
0.7915167236780257,0.365890736,0.593619999,0.716478493,3704.0,4851.0
0.793356979925051,0.296208085,0.554233617,0.714009997,3704.0,4851.0
0.7958473229394222,0.223473591,0.52901654,0.726154487,3704.0,4851.0
0.790959962812016,0.129622194,0.525694448,0.798999526,3704.0,4851.0
0.7809866147148029,0.003164415,0.564702604,0.8576405,3704.0,4851.0
0.7347978587480806,0.0,0.6115506795,0.8837547105000001,3704.0,4851.0
0.6330510435431855,0.0,0.5905415844999999,0.8889448125,3704.0,4851.0
0.5928137122986801,0.0,0.610871874,0.8843375095,3704.0,4851.0
0.6097828995944261,0.0,0.6167067875000001,0.9026493499999999,3704.0,4851.0
0.696272993059931,0.0,0.599606598,0.8552871485,3704.0,4851.0
0.7814165165050112,0.005993808,0.568297353,0.844852373,3704.0,4851.0
0.8121643388757839,0.09508952,0.54844145,0.871037064,3704.0,4851.0
0.8165966914982907,0.217575749,0.5159599,0.893621167,3704.0,4851.0
0.8119852278687897,0.337425778,0.544842291,0.899870192,3704.0,4851.0
0.8109707094015673,0.424197054,0.520317844,0.885775353,3704.0,4851.0
0.8078309895180741,0.484198442,0.60033938,0.867825232,3704.0,4851.0
0.800800640984398,0.486840722,0.6479886705,0.8683190955,3704.0,4851.0
0.8010754729386892,0.423186771,0.6590211420000001,0.8616531695,3704.0,4851.0
0.8029147977227072,0.315812934,0.62130059,0.852289956,3704.0,4851.0
0.8110342276767459,0.215987393,0.59620087,0.856602208,3704.0,4851.0
0.7965724605883866,0.107043542,0.582642266,0.862740985,3704.0,4851.0
0.7842970179430349,0.002634648,0.581454519,0.871979649,3704.0,4851.0
0.73416653482769,0.0,0.5849351655,0.8817918680000001,3704.0,4851.0
0.6477681702962392,0.0,0.610892769,0.881796976,3704.0,4851.0
0.6054066576838874,0.0,0.596820806,0.8812986195,3704.0,4851.0
0.5933622894413635,0.0,0.595230192,0.87591214,3704.0,4851.0
0.6457100799265694,0.0,0.531287062,0.7888249935,3704.0,4851.0
0.7407514568502341,0.0,0.461782861,0.646130156,3704.0,4851.0
0.7989488964236415,0.007524697,0.40253607,0.528961671,3704.0,4851.0
0.8335860610324775,0.114528587,0.359262122,0.410929458,3704.0,4851.0
0.8357856924225224,0.263173995,0.346585888,0.301546488,3704.0,4851.0
0.8328630524707413,0.374232414,0.313390754,0.19773526,3704.0,4851.0
0.8278576157270403,0.47626423900000003,0.18613969549999998,0.103319975,3704.0,4851.0
0.8185751178627736,0.5271027785,0.174235831,0.109732443,3704.0,4851.0
0.8142615957943927,0.525041426,0.145888957,0.133123841,3704.0,4851.0
0.8175059967111061,0.493780866,0.124256304,0.162639172,3704.0,4851.0
0.8184562872074072,0.436720318,0.106836761,0.182343683,3704.0,4851.0
0.8159008290518159,0.319193956,0.096417686,0.217940708,3704.0,4851.0
0.8072228638911702,0.163747992,0.118875352,0.310888781,3704.0,4851.0
0.7985608670872172,0.004229406,0.181254942,0.430583496,3704.0,4851.0
0.7639783937988638,0.0,0.2826181665,0.601188406,3704.0,4851.0
0.6665214143897645,0.0,0.378996993,0.693425304,3704.0,4851.0
0.6358003611147176,0.0,0.41721356,0.772712168,3704.0,4851.0
0.6303666637901784,0.0,0.464208178,0.794277425,3704.0,4851.0
0.6918504653195005,0.0,0.5028377065,0.8303824785,3704.0,4851.0
0.7795445898070544,0.0,0.527167955,0.839569581,3704.0,4851.0
0.8218453784826293,0.023576491,0.540007696,0.844212206,3704.0,4851.0
0.842008977134212,0.268310468,0.521843085,0.847627027,3704.0,4851.0
0.833659426361397,0.471288426,0.433927727,0.842215257,3704.0,4851.0
0.8191046883208133,0.648480707,0.391746461,0.820338376,3704.0,4851.0
0.8011750529198628,0.795790532,0.309857781,0.739941048,3704.0,4851.0
0.7910616274864688,0.899725064,0.339701591,0.712455235,3704.0,4851.0
0.783477401263703,0.9431114,0.363451199,0.656194651,3704.0,4851.0
0.7795053787629258,0.927967923,0.381103953,0.586397689,3704.0,4851.0
0.7785800166080001,0.870933777,0.402053477,0.505763171,3704.0,4851.0
0.7780100374816108,0.763082106,0.423182209,0.448471417,3704.0,4851.0
0.7779740200683245,0.614357462,0.423370422,0.395458359,3704.0,4851.0
0.7751032770986245,0.420660023,0.454684362,0.356508515,3704.0,4851.0
0.7636784117865529,0.20375096,0.49940726,0.382261441,3704.0,4851.0
0.7463110153231944,0.002155026,0.5500601764999999,0.442225054,3704.0,4851.0
0.7084100438711808,0.0,0.57799686,0.445302312,3704.0,4851.0
0.625017531826032,0.0,0.561721622,0.463179955,3704.0,4851.0
0.5785363787835247,0.0,0.5797063445,0.6070190975,3704.0,4851.0
0.5558910423556227,0.0,0.5943509140000001,0.6545535849999999,3704.0,4851.0
0.5711214163115316,0.0,0.5829304315,0.6243651785,3704.0,4851.0
0.5825931662909154,0.0,0.562526483,0.562325165,3704.0,4851.0
0.6124859755781549,0.020116993,0.543878262,0.525285657,3704.0,4851.0
0.6438975907532702,0.124371072,0.522906996,0.500641877,3704.0,4851.0
0.6723503711900028,0.234922039,0.476815934,0.482534606,3704.0,4851.0
0.6711667662440831,0.355401656,0.427569573,0.478872312,3704.0,4851.0
0.6636797248046694,0.486260393,0.338744519,0.439056244,3704.0,4851.0
0.6614542335596215,0.559737775,0.341290898,0.436431073,3704.0,4851.0
0.6577317377534644,0.6004114345,0.336572775,0.4085794035,3704.0,4851.0
0.657089568700092,0.542142661,0.324359545,0.348358305,3704.0,4851.0
0.6564797575204889,0.426452052,0.30436619,0.292693307,3704.0,4851.0
0.6577605028051913,0.323028871,0.275303205,0.236989322,3704.0,4851.0
0.6574899291265971,0.207318282,0.271526261,0.214305414,3704.0,4851.0
0.6481059882032817,0.096631924,0.282580595,0.200873418,3704.0,4851.0
0.646742518363157,0.0010755655,0.289834214,0.156048451,3704.0,4851.0
0.634654436963119,0.0,0.28640801250000003,0.11487689549999999,3704.0,4851.0
0.5775405787186884,0.0,0.278548958,0.1026750915,3704.0,4851.0
0.5546847270446944,0.0,0.2620963605,0.105758923,3704.0,4851.0
0.5707008294044973,0.0,0.2758094765,0.142504431,3704.0,4851.0
0.5822790346058379,0.0,0.284103288,0.169633739,3704.0,4851.0
0.6145103994902718,0.021463053,0.283224306,0.185939572,3704.0,4851.0
0.6466832139697263,0.125709581,0.266263028,0.195222858,3704.0,4851.0
0.6730421528353365,0.243877897,0.230037625,0.173530377,3704.0,4851.0
0.668096242302951,0.357595482,0.231026651,0.167207795,3704.0,4851.0
0.661250637948262,0.420776865,0.219895933,0.142264186,3704.0,4851.0
0.6583418149930407,0.4724618775,0.2500565675,0.16302437349999999,3704.0,4851.0
0.6572723611651663,0.40710866450000005,0.25913818450000004,0.22735703000000002,3704.0,4851.0
0.6582749477841282,0.276819335,0.212152314,0.304370887,3704.0,4851.0
0.6602286232311714,0.191276816,0.189158525,0.363950568,3704.0,4851.0
0.6591801278524737,0.115445971,0.180623272,0.37479312,3704.0,4851.0
0.6504786093986091,0.05222964,0.185867929,0.377873874,3704.0,4851.0
0.6508432186236618,0.001340668,0.1862522245,0.37949829,3704.0,4851.0
0.645125064007735,0.0,0.186751276,0.376480798,3704.0,4851.0
0.6295730621168804,0.0,0.2056070155,0.3800229,3704.0,4851.0
0.5909533181565428,0.0,0.183873975,0.340632395,3704.0,4851.0
0.590169031366419,0.0,0.17215920950000002,0.261868085,3704.0,4851.0
0.6415396071085674,0.0,0.1622438045,0.1870160685,3704.0,4851.0
0.7305086439613698,0.0,0.161224555,0.158552621,3704.0,4851.0
0.7811356520356663,0.010295624,0.15452464,0.138829735,3704.0,4851.0
0.8098128312806641,0.064942175,0.137239099,0.11932566,3704.0,4851.0
0.8135602331552916,0.140009013,0.11539556,0.09668195,3704.0,4851.0
0.8051602048931215,0.207157046,0.110065941,0.083723429,3704.0,4851.0
0.7963496142015938,0.254978296,0.102124312,0.100461479,3704.0,4851.0
0.7932040392776025,0.296682181,0.134958846,0.11820627,3704.0,4851.0
0.7905458519039444,0.306247777,0.16521296400000002,0.1200116975,3704.0,4851.0
0.7909143644049621,0.26988669,0.180100574,0.127032761,3704.0,4851.0
0.7936719100937696,0.253128859,0.181579807,0.139398957,3704.0,4851.0
0.7965421208422829,0.195351037,0.192444766,0.173387766,3704.0,4851.0
0.7964008014879319,0.145879854,0.204648562,0.227701365,3704.0,4851.0
0.7855071478938905,0.069953355,0.218560266,0.272521537,3704.0,4851.0
0.7781157829572045,0.003005284,0.247374207,0.305793384,3704.0,4851.0
0.7288164270572074,0.0,0.29137172850000004,0.32551706849999995,3704.0,4851.0
0.6313065082940776,0.0,0.3378408855,0.3601605455,3704.0,4851.0
0.591212536703253,0.0,0.361271033,0.42259163450000004,3704.0,4851.0
0.6091833347610046,0.0,0.361656113,0.34792031749999996,3704.0,4851.0
0.6623897977173997,0.0,0.35841827,0.284107776,3704.0,4851.0
0.7326533623142879,0.0,0.353993383,0.277380418,3704.0,4851.0
0.7855667628424841,0.016342207,0.353880306,0.293606944,3704.0,4851.0
0.81762575882948,0.106936419,0.355908849,0.312025961,3704.0,4851.0
0.8182852491160375,0.207029254,0.337301111,0.29860857,3704.0,4851.0
0.8084518009816897,0.325983778,0.36889994,0.281302758,3704.0,4851.0
0.7993294738535264,0.4255827,0.382879831,0.365232037,3704.0,4851.0
0.7888151557724403,0.5060750565000001,0.384900606,0.348811707,3704.0,4851.0
0.7856710002399346,0.493863926,0.3557673515,0.3068533435,3704.0,4851.0
0.7872432554301231,0.423137965,0.337714398,0.273546254,3704.0,4851.0
0.790140878353871,0.319078093,0.326415045,0.294014511,3704.0,4851.0
0.7868671135480103,0.236962492,0.314919239,0.319474576,3704.0,4851.0
0.7793731080799151,0.111077021,0.315174457,0.306540015,3704.0,4851.0
0.7616144220836765,0.003212388,0.3609796925,0.271727276,3704.0,4851.0
0.6831775567663319,0.0,0.3941239005,0.26749379399999995,3704.0,4851.0
0.6071607960478073,0.0,0.4056105835,0.296444711,3704.0,4851.0
0.5968726954082922,0.0,0.396292356,0.313928415,3704.0,4851.0
0.65414326459677,0.0,0.38760249199999997,0.33198295099999997,3704.0,4851.0
0.7458839745382416,0.0,0.385398853,0.349001803,3704.0,4851.0
0.8017236522848309,0.035815309,0.393359686,0.362648472,3704.0,4851.0
0.8276023892441933,0.169489108,0.369366823,0.368807927,3704.0,4851.0
0.8261767761264263,0.303246855,0.311681803,0.335413756,3704.0,4851.0
0.8136791082046072,0.41333396,0.303074439,0.312987761,3704.0,4851.0
0.7991014822232188,0.503506643,0.272833112,0.255113983,3704.0,4851.0
0.7887589119292451,0.54733336,0.30812419999999996,0.3019431385,3704.0,4851.0
0.7819822816990325,0.4935678105,0.372344777,0.41667263,3704.0,4851.0
0.7813877735237085,0.389777762,0.376618254,0.491867952,3704.0,4851.0
0.7824853271015161,0.294306949,0.345505142,0.496075751,3704.0,4851.0
0.7804318054614654,0.191908447,0.332319092,0.511411994,3704.0,4851.0
0.7699726666799604,0.098341993,0.325838804,0.522050655,3704.0,4851.0
0.7551716177978836,0.003888547,0.328992352,0.499747196,3704.0,4851.0
0.7163286727547425,0.0,0.314276663,0.464991254,3704.0,4851.0
0.6322956992793445,0.0,0.25431530550000003,0.35133457599999995,3704.0,4851.0
0.5931916061978653,0.0,0.2476638565,0.356818855,3704.0,4851.0
0.6113513179730229,0.0,0.2322375005,0.331062302,3704.0,4851.0
0.7012036672042714,0.0,0.2053612195,0.30498813550000003,3704.0,4851.0
0.7952806262317735,0.023997893,0.184591053,0.280137495,3704.0,4851.0
0.825209985153486,0.12960678,0.15229113,0.239216092,3704.0,4851.0
0.8262511174135426,0.246600969,0.131535175,0.208091414,3704.0,4851.0
0.81712506443335,0.35652734,0.142953293,0.186079692,3704.0,4851.0
0.8130618452197051,0.456195535,0.12615534,0.213167635,3704.0,4851.0
0.8012541403099137,0.528257914,0.121633062,0.1680576305,3704.0,4851.0
0.797627520703325,0.472392856,0.10119206750000001,0.2083642175,3704.0,4851.0
0.8019919195028813,0.392480622,0.089919722,0.259968091,3704.0,4851.0
0.8056756257290147,0.302045829,0.083524218,0.256795374,3704.0,4851.0
0.8068946269778954,0.223001956,0.077779561,0.244945359,3704.0,4851.0
0.794194073039219,0.115535629,0.071127319,0.234072954,3704.0,4851.0
0.7819077186952719,0.007921936,0.071533801,0.206821807,3704.0,4851.0
0.7331670531529126,0.0,0.088043664,0.1439539425,3704.0,4851.0
0.6484381285443821,0.0,0.089752137,0.077522841,3704.0,4851.0
0.6068349543829743,0.0,0.1126024205,0.0531726025,3704.0,4851.0
0.5952171611179693,0.0,0.1345378525,0.0684982405,3704.0,4851.0
0.6470755458239358,0.0,0.17110181800000002,0.07529452,3704.0,4851.0
0.7397187966970022,0.0,0.193480777,0.071767332,3704.0,4851.0
0.7952806262317735,0.035370116,0.203206566,0.081806136,3704.0,4851.0
0.8243281809038033,0.173910348,0.174897507,0.092398813,3704.0,4851.0
0.8238368899256445,0.321715656,0.149677095,0.103169742,3704.0,4851.0
0.8131492271914047,0.452428934,0.19270801,0.097987097,3704.0,4851.0
0.8023004622074341,0.564014259,0.217542917,0.089102606,3704.0,4851.0
0.7935124933461177,0.5952348270000001,0.25715401699999996,0.0778862665,3704.0,4851.0
0.7856606208637665,0.5425101295,0.250048744,0.082694358,3704.0,4851.0
0.7857809153045676,0.434560386,0.231208235,0.106127062,3704.0,4851.0
0.7858783218045639,0.370275224,0.210857786,0.12130703,3704.0,4851.0
0.781361425892088,0.256620598,0.188446783,0.123665902,3704.0,4851.0
0.7705209111970572,0.133074169,0.191586414,0.123145466,3704.0,4851.0
0.7600260655574287,0.004826704,0.1994891205,0.1272020935,3704.0,4851.0
0.6743931141614448,0.0,0.219756693,0.1408711815,3704.0,4851.0
0.5813902663780941,0.0,0.21537770750000002,0.11632977250000001,3704.0,4851.0
0.5599614915566815,0.0,0.2060327865,0.11409203300000001,3704.0,4851.0
0.5753780735782524,0.0,0.19779671799999998,0.0962797155,3704.0,4851.0
0.5968718304602783,0.0,0.196354439,0.075135512,3704.0,4851.0
0.6215855922400693,0.032069497,0.187053124,0.0856033,3704.0,4851.0
0.6564700434967348,0.126930705,0.16240251,0.095727136,3704.0,4851.0
0.6890810543986664,0.232267704,0.129715682,0.091127003,3704.0,4851.0
0.6853171518449187,0.345468586,0.115711669,0.089284882,3704.0,4851.0
0.6790784310989636,0.44896538,0.075324921,0.070601669,3704.0,4851.0
0.6717907714397817,0.5351027405,0.075974283,0.061855154499999995,3704.0,4851.0
0.6681934269850623,0.5001418905,0.070534374,0.06275750699999999,3704.0,4851.0
0.6648082833797542,0.393275934,0.07091725,0.091790875,3704.0,4851.0
0.6673540717536796,0.298523976,0.066259348,0.139139565,3704.0,4851.0
0.6670532470156394,0.194300177,0.069964493,0.166947089,3704.0,4851.0
0.6594094058442803,0.10950882,0.078745927,0.137303582,3704.0,4851.0
0.659084628621821,0.016359375,0.096741468,0.150486546,3704.0,4851.0
0.6566876114075455,0.0,0.12067154649999999,0.2385067555,3704.0,4851.0
0.6097188490474404,0.0,0.15018738599999998,0.36727725850000004,3704.0,4851.0
0.5608430740390996,0.0,0.153657563,0.384347218,3704.0,4851.0
0.562993004201146,0.0,0.1657474075,0.405571185,3704.0,4851.0
0.5818798718035537,0.0,0.16198412750000002,0.4464886105,3704.0,4851.0
0.6163739428693021,0.058450147,0.161797369,0.478581818,3704.0,4851.0
0.6524114817499873,0.163200043,0.149102282,0.481940658,3704.0,4851.0
0.6814508749209756,0.270536259,0.122154075,0.492969967,3704.0,4851.0
0.6778570347028816,0.386051435,0.113601164,0.526322162,3704.0,4851.0
0.6668236585192903,0.488536652,0.120915623,0.529818547,3704.0,4851.0
0.6616844430144353,0.5781968985,0.1662107855,0.5638465155,3704.0,4851.0
0.6620624922165119,0.5344684550000001,0.222734516,0.563974627,3704.0,4851.0
0.6637783289795067,0.390920712,0.254553969,0.589276596,3704.0,4851.0
0.6632746182246093,0.329457657,0.266147832,0.572077156,3704.0,4851.0
0.6610441147660333,0.211375275,0.252757497,0.552383054,3704.0,4851.0
0.6538439035935442,0.064434795,0.24719644999999998,0.5452932884999999,3704.0,4851.0
0.6566153327432844,0.0,0.217514269,0.530155783,3704.0,4851.0
0.6302001499838586,0.0,0.2022451975,0.4862306635,3704.0,4851.0
0.5919947387494775,0.0,0.17356563749999998,0.4418041925,3704.0,4851.0
0.6106347633398255,0.0,0.15567428449999998,0.4343689685,3704.0,4851.0
0.6631705138571454,0.0,0.153886667,0.437903481,3704.0,4851.0
0.7343835261233648,0.0,0.146036667,0.404204015,3704.0,4851.0
0.7881013733566004,0.04063034,0.135847234,0.38764618,3704.0,4851.0
0.81664122526049,0.141189752,0.113442953,0.373367544,3704.0,4851.0
0.8147976866959646,0.267375592,0.116918407,0.356430505,3704.0,4851.0
0.798839203126273,0.4220995275,0.1069960345,0.287323487,3704.0,4851.0
0.7886145320246587,0.47490065449999996,0.11894481900000001,0.264879322,3704.0,4851.0
0.7849316685748746,0.411828322,0.134577576,0.278608466,3704.0,4851.0
0.7816791503992082,0.3538143745,0.15547083750000001,0.2738785345,3704.0,4851.0
0.7822712633260903,0.264618898,0.169882256,0.284364431,3704.0,4851.0
0.7777064625460168,0.206812595,0.167083409,0.283675025,3704.0,4851.0
0.7675366158961122,0.140435301,0.177129268,0.282423173,3704.0,4851.0
0.7633348275256703,0.016203005,0.189430778,0.29796465,3704.0,4851.0
0.7291778869441263,0.0,0.1866964095,0.379518314,3704.0,4851.0
0.6494259445321127,0.0,0.185127331,0.538514123,3704.0,4851.0
0.6074518624693848,0.0,0.180140482,0.6046844775,3704.0,4851.0
0.5966848684061647,0.0,0.1785905455,0.6673898845,3704.0,4851.0
0.6503590469264557,0.0,0.183723684,0.6938764565,3704.0,4851.0
0.7450903507438993,0.0,0.193170068,0.71277742,3704.0,4851.0
0.7925667272361071,0.09878963,0.198125549,0.740222218,3704.0,4851.0
0.8114153375302986,0.316340802,0.17850269,0.742081281,3704.0,4851.0
0.801205747513838,0.51836082,0.121095726,0.699449703,3704.0,4851.0
0.7883982947680556,0.693324988,0.130574643,0.678705491,3704.0,4851.0
0.7837513460476956,0.830701084,0.117369786,0.614268822,3704.0,4851.0
0.7796578758758452,0.9375691660000001,0.1224636965,0.537234255,3704.0,4851.0
0.774622809081783,0.9062008260000001,0.111615898,0.4416889275,3704.0,4851.0
0.773813926677111,0.775014285,0.099330114,0.380501193,3704.0,4851.0
0.77363428344893,0.633872307,0.094380857,0.342111198,3704.0,4851.0
0.7692569326514482,0.459935637,0.092315669,0.330844,3704.0,4851.0
0.7554186383351197,0.257160744,0.113700027,0.343197645,3704.0,4851.0
0.7503563366885182,0.032529149,0.146355276,0.384953257,3704.0,4851.0
0.7159012771219184,0.0,0.1797722175,0.4461973935,3704.0,4851.0
0.6293979875676985,0.0,0.2050446245,0.5643513015,3704.0,4851.0
0.5905442860782333,0.0,0.2079246075,0.5165194475,3704.0,4851.0
0.6103686917746168,0.0,0.207265347,0.40676235800000005,3704.0,4851.0
0.6632574966376446,0.0,0.213829513,0.343725427,3704.0,4851.0
0.7342923294104974,0.0,0.23285127,0.336080378,3704.0,4851.0
0.7821321618468657,0.113581446,0.24927647,0.350010496,3704.0,4851.0
0.7918469124064538,0.32812121,0.230663243,0.374400893,3704.0,4851.0
0.7867210924846737,0.526358679,0.172202693,0.406233792,3704.0,4851.0
0.7814847365904161,0.701041583,0.144747672,0.414123828,3704.0,4851.0
0.7793324777455414,0.836037314,0.142193679,0.402283234,3704.0,4851.0
0.7782994626431976,0.946019707,0.190830383,0.4372369535,3704.0,4851.0
0.7737450855826213,0.9157021805,0.230265576,0.44434731149999995,3704.0,4851.0
0.7702547730662349,0.766773793,0.238552289,0.38378803,3704.0,4851.0
0.7721651124259201,0.620677804,0.218726663,0.343497215,3704.0,4851.0
0.7699488916700974,0.442898948,0.226071938,0.326599461,3704.0,4851.0
0.7548735874488653,0.253163529,0.256210142,0.323181073,3704.0,4851.0
0.7462915207100725,0.03592046,0.299263559,0.358873591,3704.0,4851.0
0.7128158937110365,0.0,0.330929668,0.4477675455,3704.0,4851.0
0.6423884103037313,0.0,0.334828731,0.42027915,3704.0,4851.0
0.5996787890442064,0.0,0.3468087715,0.41982900300000003,3704.0,4851.0
0.5877363295163046,0.0,0.33508699200000003,0.355367253,3704.0,4851.0
0.6410717806863495,0.0,0.3138947045,0.30928654099999997,3704.0,4851.0
0.7285993249032104,0.0,0.29974909,0.319005301,3704.0,4851.0
0.7710817528642081,0.12081064,0.279922334,0.321350298,3704.0,4851.0
0.7845690998010129,0.334806163,0.235878184,0.287332789,3704.0,4851.0
0.7835953004560622,0.533825275,0.150005648,0.215590507,3704.0,4851.0
0.7799374096403624,0.705385028,0.128662278,0.161708674,3704.0,4851.0
0.779447538053689,0.839009543,0.101989053,0.118034073,3704.0,4851.0
0.7799010373792047,0.929372362,0.111581962,0.108240288,3704.0,4851.0
0.7731704047472463,0.9632915799999999,0.114089087,0.10995169699999999,3704.0,4851.0
0.7706218662770077,0.879504221,0.106115099,0.100161079,3704.0,4851.0
0.7712904051336651,0.763088863,0.103759322,0.096546025,3704.0,4851.0
0.7749097059143212,0.622308524,0.102448323,0.091681688,3704.0,4851.0
0.766969564340592,0.441686543,0.105937499,0.088167699,3704.0,4851.0
0.7554331871990866,0.252141527,0.121611495,0.090332316,3704.0,4851.0
0.7456542086685771,0.039871186,0.139600924,0.098436009,3704.0,4851.0
0.711539606247011,0.0,0.1530652825,0.138071941,3704.0,4851.0
0.6269828730107423,0.0,0.160487861,0.1547458045,3704.0,4851.0
0.5861016648872601,0.0,0.148894951,0.177349902,3704.0,4851.0
0.605071212752382,0.0,0.14067374100000002,0.191592728,3704.0,4851.0
0.6929183444529979,0.0,0.1234058975,0.18530352649999998,3704.0,4851.0
0.7677844792096978,0.126350265,0.111057454,0.184842643,3704.0,4851.0
0.782539885392012,0.327130257,0.092102474,0.180712691,3704.0,4851.0
0.7813745553645693,0.524880226,0.053950586,0.158234813,3704.0,4851.0
0.7799824756237486,0.693238009,0.044110825,0.134442642,3704.0,4851.0
0.7798863111419224,0.831196556,0.04476693,0.089880821,3704.0,4851.0
0.7761111864356571,0.9401817385,0.051792415999999994,0.06931208450000001,3704.0,4851.0
0.7708274135516597,0.8864984965,0.062030711,0.058228856999999995,3704.0,4851.0
0.7708729232214356,0.722824957,0.069312427,0.064018186,3704.0,4851.0
0.7730611106916984,0.565851781,0.074984793,0.070092399,3704.0,4851.0
0.7659800629014029,0.415622675,0.082474949,0.07343012,3704.0,4851.0
0.7550382382785503,0.239856364,0.104196647,0.080358932,3704.0,4851.0
0.7456550958388758,0.043917664,0.131088834,0.095950464,3704.0,4851.0
0.7109375574784899,0.0,0.16323965099999999,0.13164622599999998,3704.0,4851.0
0.6233235628035569,0.0,0.186394142,0.145481151,3704.0,4851.0
0.5759645310602368,0.0,0.185810199,0.157793218,3704.0,4851.0
0.5540708794578995,0.0,0.1681821755,0.2049257705,3704.0,4851.0
0.5699185164493304,0.0,0.150519137,0.26244055850000003,3704.0,4851.0
0.5825233493394693,0.0,0.144525691,0.30256077,3704.0,4851.0
0.6071116714349445,0.131813801,0.138128405,0.312855459,3704.0,4851.0
0.6305165660590559,0.323661289,0.111875484,0.288323976,3704.0,4851.0
0.6551574947311143,0.499578449,0.066728266,0.243629587,3704.0,4851.0
0.6567037571375538,0.666486793,0.047744418,0.201663594,3704.0,4851.0
0.6553942689727891,0.802491235,0.04263715,0.152313875,3704.0,4851.0
0.6576751390623979,0.9068913345,0.0521635665,0.1353400355,3704.0,4851.0
0.6604927209614231,0.869572207,0.057099196000000005,0.1119472775,3704.0,4851.0
0.6613347376024614,0.74691109,0.058914294,0.135983232,3704.0,4851.0
0.6604197103791345,0.605884619,0.061166226,0.179078126,3704.0,4851.0
0.655162950580412,0.417709509,0.072948628,0.221005818,3704.0,4851.0
0.6423416586664055,0.231476689,0.097498285,0.238999775,3704.0,4851.0
0.6380695654666595,0.047432448,0.121225281,0.275200325,3704.0,4851.0
0.6380561032673508,0.0,0.149538057,0.337241049,3704.0,4851.0
0.6066908405383611,0.0,0.2023495535,0.2706691345,3704.0,4851.0
0.5562760332628556,0.0,0.19181672300000002,0.211991353,3704.0,4851.0
0.5585865556251101,0.0,0.1966277815,0.23061803349999999,3704.0,4851.0
0.576021307175239,0.0,0.206529881,0.2132756445,3704.0,4851.0
0.6042116532627547,0.124848447,0.210020509,0.271088959,3704.0,4851.0
0.6286367439200304,0.282149069,0.185358922,0.303351399,3704.0,4851.0
0.6550563622778485,0.451571977,0.115309852,0.260632238,3704.0,4851.0
0.6564571358421382,0.631155551,0.105250741,0.239700579,3704.0,4851.0
0.6554386252604324,0.760474706,0.087679362,0.215153011,3704.0,4851.0
0.6583435892323974,0.8745988415,0.1269136165,0.2538627035,3704.0,4851.0
0.6607587260116383,0.8101475739999999,0.16910573150000002,0.34263870750000003,3704.0,4851.0
0.6606106644971111,0.636206663,0.183372019,0.432852098,3704.0,4851.0
0.6584115209849242,0.476962188,0.173314855,0.453858537,3704.0,4851.0
0.6538218363080446,0.31359949,0.159012117,0.436831516,3704.0,4851.0
0.6422953950081781,0.150246284,0.162650296,0.396540238,3704.0,4851.0
0.6379081970557151,0.029879125,0.172432622,0.398096203,3704.0,4851.0
0.6387778476898729,0.0,0.177360738,0.409960834,3704.0,4851.0
0.6421062594728874,0.0,0.171411581,0.354532588,3704.0,4851.0
0.5995450102830524,0.0,0.1619442525,0.409998862,3704.0,4851.0
0.5867668770830885,0.0,0.1349993005,0.382758155,3704.0,4851.0
0.6388276598774341,0.0,0.116362619,0.311551328,3704.0,4851.0
0.7263668697307216,0.0,0.101665512,0.251142001,3704.0,4851.0
0.7722144366850032,0.072552727,0.090746885,0.231783442,3704.0,4851.0
0.7918469124064538,0.175832947,0.069328534,0.242316449,3704.0,4851.0
0.7938259152848323,0.305325228,0.05473673,0.22188574,3704.0,4851.0
0.7887009825333507,0.424916751,0.051853166,0.215654743,3704.0,4851.0
0.7846156739637826,0.5332979345,0.055675627000000005,0.2214363,3704.0,4851.0
0.7814384284876194,0.545721377,0.082700153,0.263780854,3704.0,4851.0
0.7789753647197367,0.487475456,0.111536813,0.30716124850000004,3704.0,4851.0
0.778599622028824,0.393607871,0.11917201,0.327057643,3704.0,4851.0
0.7794893217195752,0.305949956,0.126883843,0.343878418,3704.0,4851.0
0.7772068326935009,0.23160162,0.11486583,0.361814917,3704.0,4851.0
0.764986125762581,0.0818275235,0.10505336300000001,0.37837883299999997,3704.0,4851.0
0.7283978361567947,0.0,0.1081324145,0.40485264649999997,3704.0,4851.0
0.645753504852446,0.0,0.104477366,0.451122561,3704.0,4851.0
0.6049017271331045,0.0,0.0936711515,0.454067857,3704.0,4851.0
0.5934588753872949,0.0,0.08716487649999999,0.4422492675,3704.0,4851.0
0.6438346490426072,0.0,0.07900078199999999,0.42915786349999996,3704.0,4851.0
0.7326533623142879,0.0,0.071799575,0.395912792,3704.0,4851.0
0.7805809315702271,0.090486811,0.069197601,0.386874177,3704.0,4851.0
0.8039271871027014,0.240432216,0.050567274,0.365026576,3704.0,4851.0
0.7991312897481356,0.395380903,0.047952323,0.352535093,3704.0,4851.0
0.789327471664149,0.537274091,0.060316029,0.344433242,3704.0,4851.0
0.7845260741169566,0.656463189,0.0437450175,0.29946366950000003,3704.0,4851.0
0.7781367635274254,0.6768921115,0.0659746845,0.2931142835,3704.0,4851.0
0.774578097895648,0.607644372,0.0992700785,0.3562150725,3704.0,4851.0
0.7743042417983134,0.484026156,0.113937326,0.409948659,3704.0,4851.0
0.7704284725672602,0.368752035,0.112049713,0.463573062,3704.0,4851.0
0.7589543717840039,0.221932213,0.116108509,0.542983824,3704.0,4851.0
0.7520841940370514,0.053010647,0.13291589,0.581754804,3704.0,4851.0
0.7167109135656622,0.0,0.16728251300000002,0.6055194695,3704.0,4851.0
0.6430140566075595,0.0,0.238914199,0.701619591,3704.0,4851.0
0.601015645091497,0.0,0.2519670775,0.706326412,3704.0,4851.0
0.589493550703365,0.0,0.25557139900000003,0.680600868,3704.0,4851.0
0.6415176950753392,0.0,0.2291536395,0.610716705,3704.0,4851.0
0.7278508114355833,0.0,0.210238233,0.49515413,3704.0,4851.0
0.7737679735234261,0.077627542,0.194491089,0.435308748,3704.0,4851.0
0.7936944430854627,0.158844932,0.179566405,0.431273815,3704.0,4851.0
0.7936859266353091,0.237844303,0.196822002,0.471440939,3704.0,4851.0
0.7883982947680556,0.329681498,0.234841631,0.520937819,3704.0,4851.0
0.7850900207282921,0.400760002,0.188744705,0.485029275,3704.0,4851.0
0.7836324710996204,0.466907197,0.245441113,0.542628014,3704.0,4851.0
0.7798979768289692,0.4865642345,0.32874432750000004,0.6520441955,3704.0,4851.0
0.7784453506765476,0.493504073,0.393447087,0.750810021,3704.0,4851.0
0.7787481271285006,0.425820507,0.414987898,0.798476793,3704.0,4851.0
0.7792135140095681,0.366114743,0.41869364,0.82845408,3704.0,4851.0
0.7772231557968248,0.262264318,0.404117371,0.83614308,3704.0,4851.0
0.765244634562928,0.150540896,0.385066133,0.83422607,3704.0,4851.0
0.7633868131944089,0.046554371,0.376736227,0.822309705,3704.0,4851.0
0.7263439374972082,0.0,0.353381979,0.7851314045,3704.0,4851.0
0.6458507339791266,0.0,0.323668728,0.724724733,3704.0,4851.0
0.604136757532167,0.0,0.325981509,0.6839365035,3704.0,4851.0
0.5928035546391563,0.0,0.32122943049999997,0.6692518775,3704.0,4851.0
0.6441413288717657,0.0,0.2890242365,0.645191474,3704.0,4851.0
0.7336571464562303,0.001022538,0.257899893,0.594614182,3704.0,4851.0
0.7857802055075844,0.114661512,0.22921399,0.567009953,3704.0,4851.0
0.8127524153448539,0.263166941,0.22179023,0.545558763,3704.0,4851.0
0.8150633811910171,0.41056175,0.231791974,0.519271296,3704.0,4851.0
0.8045432967560909,0.531743669,0.226572935,0.476352093,3704.0,4851.0
0.7971377378539296,0.6125167595000001,0.1592701745,0.390768073,3704.0,4851.0
0.7888604879676604,0.621375875,0.20428837649999998,0.38583651750000003,3704.0,4851.0
0.7858268684582524,0.577431263,0.216877096,0.389046069,3704.0,4851.0
0.7863136349995007,0.524135133,0.203910034,0.366808144,3704.0,4851.0
0.7867338671092837,0.410764267,0.185131932,0.343671569,3704.0,4851.0
0.7850182521641736,0.31341488,0.160495358,0.306195222,3704.0,4851.0
0.7793731080799151,0.184483966,0.135304411,0.254414739,3704.0,4851.0
0.7802406296268445,0.046024144,0.131288365,0.217003614,3704.0,4851.0
0.736675995385027,0.0,0.11546578099999999,0.180037779,3704.0,4851.0
0.6354983387018363,0.0,0.11411914100000001,0.21053189649999998,3704.0,4851.0
0.6013373173697716,0.0,0.132617296,0.259089275,3704.0,4851.0
0.6287096879367056,0.0,0.175697948,0.33226675800000005,3704.0,4851.0
0.6985207068427497,0.0,0.21876419,0.372854044,3704.0,4851.0
0.766073832134787,0.00143889,0.238068957,0.462242436,3704.0,4851.0
0.7981946610467434,0.13068766,0.244440439,0.56659079,3704.0,4851.0
0.8213326190563915,0.283334402,0.217076881,0.660090351,3704.0,4851.0
0.8147976866959646,0.435901745,0.214629888,0.726448256,3704.0,4851.0
0.7985876582533668,0.574419171,0.288779732,0.751713047,3704.0,4851.0
0.7855174828761096,0.7355188305,0.2918343725,0.7380028665,3704.0,4851.0
0.7773020657629399,0.7580198085000001,0.44609134250000004,0.7707223995,3704.0,4851.0
0.774762797680686,0.639547624,0.519281268,0.754195021,3704.0,4851.0
0.7741142191939644,0.515852102,0.536058528,0.726981305,3704.0,4851.0
0.7743042417983134,0.392862705,0.523230314,0.701096612,3704.0,4851.0
0.7710127343964028,0.274520661,0.488653173,0.698175541,3704.0,4851.0
0.7603851301452855,0.154494519,0.469364994,0.694317054,3704.0,4851.0
0.75309844634306,0.037567749,0.443341269,0.689165965,3704.0,4851.0
0.7162824756115085,0.0,0.4046354525,0.7020490475000001,3704.0,4851.0
0.6238490081677469,0.0,0.348366304,0.664637441,3704.0,4851.0
0.5770566287887466,0.0,0.3221494455,0.6686888470000001,3704.0,4851.0
0.5539589018716518,0.0,0.2823833915,0.6426371425,3704.0,4851.0
0.5695032967049362,0.0,0.2226714945,0.560252803,3704.0,4851.0
0.5811619199505352,0.001278769,0.181802581,0.482171698,3704.0,4851.0
0.6108949133495429,0.078882547,0.155060184,0.421223928,3704.0,4851.0
0.6461663293990185,0.174646216,0.136297953,0.362280804,3704.0,4851.0
0.6797488329828759,0.277390336,0.129688706,0.312648854,3704.0,4851.0
0.6801261725398301,0.371150851,0.130531705,0.262806222,3704.0,4851.0
0.6778170252257321,0.42278411299999996,0.126662546,0.162818713,3704.0,4851.0
0.6737472413264669,0.412384397,0.1491310375,0.13620195400000001,3704.0,4851.0
0.6724141555251546,0.385733423,0.143165314,0.130530163,3704.0,4851.0
0.6705610359668617,0.324176161,0.133437016,0.134628997,3704.0,4851.0
0.6702268552251907,0.25571739,0.124988567,0.143740729,3704.0,4851.0
0.6676789821073659,0.186643207,0.108817472,0.143579,3704.0,4851.0
0.6594990055898657,0.118682032,0.111536104,0.146998273,3704.0,4851.0
0.6612195885064155,0.038606045,0.137775344,0.160740788,3704.0,4851.0
0.6666653951031507,0.0,0.18400769150000001,0.19477924800000002,3704.0,4851.0
0.6274911524446387,0.0,0.205491376,0.219128468,3704.0,4851.0
0.5807430628889088,0.0,0.20495480049999998,0.252844099,3704.0,4851.0
0.5576224924755783,0.0,0.2123386,0.306163929,3704.0,4851.0
0.5711913219496354,0.0,0.266212281,0.366339616,3704.0,4851.0
0.5833036662880147,0.001488031,0.301260399,0.469631183,3704.0,4851.0
0.6144707449116139,0.058667445,0.328630247,0.527669045,3704.0,4851.0
0.652014625458867,0.114078843,0.334681891,0.575426757,3704.0,4851.0
0.6888884590713196,0.195188494,0.31125617,0.602644937,3704.0,4851.0
0.6900047310008928,0.285900455,0.328839846,0.629332765,3704.0,4851.0
0.681266308115304,0.363193628,0.3470187805,0.6859130575,3704.0,4851.0
0.6815402086065878,0.3550779705,0.3732367395,0.7592441375000001,3704.0,4851.0
0.6925295831985463,0.2196662885,0.39116051949999997,0.8107036665,3704.0,4851.0
0.7021243941145844,0.13292484,0.417619546,0.866570869,3704.0,4851.0
0.7030136502708065,0.088779399,0.443586293,0.861421402,3704.0,4851.0
0.6958728100573616,0.050987697,0.453197331,0.854934779,3704.0,4851.0
0.6883442953553638,0.010989194,0.456077696,0.854818948,3704.0,4851.0
0.6743820250389136,0.0,0.4960457775,0.8451920065,3704.0,4851.0
0.6328169307617866,0.0,0.553950015,0.7897904945,3704.0,4851.0
0.592954277512719,0.0,0.5574030875,0.7745976649999999,3704.0,4851.0
0.6104821774390078,0.0,0.5372476815,0.728352613,3704.0,4851.0
0.6630862368296306,0.0,0.521597305,0.712149893,3704.0,4851.0
0.7330807800681561,0.00113013,0.506794793,0.703829324,3704.0,4851.0
0.7881013733566004,0.043795372,0.513942807,0.702635641,3704.0,4851.0
0.8230468146100162,0.120857474,0.530143395,0.69432119,3704.0,4851.0
0.8303293290256832,0.193402847,0.553459036,0.68157318,3704.0,4851.0
0.8299243555768503,0.299737939,0.546436313,0.675399776,3704.0,4851.0
0.8310453292154092,0.380025069,0.483642767,0.642667121,3704.0,4851.0
0.8309916137012626,0.43292487749999997,0.5287838635,0.6468935355000001,3704.0,4851.0
0.8321057121496587,0.4364803645,0.558083943,0.658315978,3704.0,4851.0
0.839999900569703,0.371860176,0.5523775,0.654445613,3704.0,4851.0
0.8423035032972251,0.287132774,0.512150453,0.638169481,3704.0,4851.0
0.8436545977545604,0.201273016,0.445030859,0.611901846,3704.0,4851.0
0.8246902174564785,0.102916164,0.361546655,0.566872708,3704.0,4851.0
0.8084164933653867,0.031469711,0.304446628,0.532750908,3704.0,4851.0
0.764034726379337,0.0,0.2356261475,0.49955522799999996,3704.0,4851.0
0.642677214456233,0.0,0.171066218,0.370053212,3704.0,4851.0
0.6071216516199124,0.0,0.169993223,0.4031008645,3823.5,5007.0
0.59878971031192,0.0,0.170117358,0.46564968250000005,3943.0,5163.0
0.6489861956375431,0.0,0.158168831,0.4513159365,3943.0,5163.0
0.7267830653826926,0.00205238,0.139445008,0.392662477,3943.0,5163.0
0.7761447642065523,0.07826161,0.126185577,0.342653077,3943.0,5163.0
0.8121080949313481,0.165903114,0.10934486,0.285561956,3943.0,5163.0
0.8159824447709157,0.295940412,0.111633092,0.242672435,3943.0,5163.0
0.8091717932858989,0.389591942,0.108687078,0.223381524,3943.0,5163.0
0.8065753499480627,0.465764933,0.084632389,0.201663602,3943.0,5163.0
0.8009291856635188,0.4797288455,0.10951435000000001,0.266902304,3943.0,5163.0
0.7939140513968439,0.453185105,0.139578684,0.337998808,3943.0,5163.0
0.7931139958962475,0.360603485,0.1453604175,0.358329848,3943.0,5163.0
0.7918311215243169,0.227604508,0.13823002,0.353018566,3943.0,5163.0
0.7744999419686043,0.1096439835,0.120748377,0.3720099415,3943.0,5163.0
0.7362206330828764,0.0,0.1288074,0.47614942699999996,3943.0,5163.0
0.6311063059091606,0.0,0.183944045,0.6751308745,3943.0,5163.0
0.6045191758176425,0.0,0.1942568385,0.717486195,3943.0,5163.0
0.6256936778921203,0.0,0.2029088155,0.73449117,3943.0,5163.0
0.6774662551689036,0.0,0.231085356,0.749981097,3943.0,5163.0
0.7286567219766775,0.003550367,0.246972068,0.769664642,3943.0,5163.0
0.7716126984210245,0.124448172,0.24496303,0.792360437,3943.0,5163.0
0.8048114752874836,0.275227386,0.203711984,0.790900638,3943.0,5163.0
0.8040628287898698,0.433520939,0.220934878,0.793745434,3943.0,5163.0
0.7981157067372991,0.589360886,0.264553237,0.796650499,3943.0,5163.0
0.7856171516451813,0.661420011,0.245180869,0.802060479,3943.0,5163.0
0.780121266699671,0.6495616115,0.272777873,0.770347852,3943.0,5163.0
0.7755094925656274,0.5160986755,0.302284888,0.6973113,3943.0,5163.0
0.7742894267731327,0.393164694,0.33214393,0.707625462,3943.0,5163.0
0.7771036597384241,0.273396968,0.335619626,0.717901848,3943.0,5163.0
0.7722660675058706,0.198303216,0.308197383,0.731590131,3943.0,5163.0
0.7633572718307056,0.128165974,0.28333313,0.708653462,3943.0,5163.0
0.7529811681597859,0.044109777,0.270148894,0.651954346,3943.0,5163.0
0.7129834719597299,0.0,0.269091882,0.5604019140000001,3943.0,5163.0
0.6190855352525642,0.0,0.2800543355,0.5638438944999999,3943.0,5163.0
0.5812614555377598,0.0,0.292739506,0.594636281,3943.0,5163.0
0.5988572872671954,0.0,0.3163951805,0.571115838,3943.0,5163.0
0.6442467195501084,0.0,0.331137677,0.465196597,3943.0,5163.0
0.7041723268753509,0.002948567,0.335230006,0.410044485,3943.0,5163.0
0.7608451943082823,0.098340098,0.327263392,0.363265559,3943.0,5163.0
0.7969023830543607,0.180213364,0.308754139,0.318484645,3943.0,5163.0
0.7999267764684925,0.290985258,0.335424946,0.294941646,3943.0,5163.0
0.7897696157565401,0.42382838,0.35942648,0.265625287,3943.0,5163.0
0.7851155699775121,0.499030159,0.306516888,0.235451681,3943.0,5163.0
0.7812894798534136,0.5010507215,0.359255455,0.23752712199999998,3943.0,5163.0
0.7771267251031648,0.4245717345,0.409016811,0.282704548,3943.0,5163.0
0.7753704797730607,0.317298469,0.435581896,0.313679558,3943.0,5163.0
0.776044873670216,0.270814549,0.434311301,0.319027996,3943.0,5163.0
0.7705917039042193,0.192017923,0.417460935,0.320152592,3943.0,5163.0
0.7582583318629732,0.122879257,0.413447324,0.315325479,3943.0,5163.0
0.7519410116554454,0.063434038,0.43805289,0.304438797,3943.0,5163.0
0.7137133114189202,0.0,0.47807666449999997,0.282642063,3943.0,5163.0
0.6350468132618978,0.0,0.485857272,0.283201768,3943.0,5163.0
0.5948188854859837,0.0,0.486999467,0.2489597215,3943.0,5163.0
0.5831058369798752,0.0,0.4545042895,0.2176984425,3943.0,5163.0
0.6301994625104006,0.0,0.429071636,0.2002615605,3943.0,5163.0
0.7015520198409937,0.004683707,0.425488173,0.18001685,3943.0,5163.0
0.7577475241506483,0.140187047,0.40605186,0.16474462,3943.0,5163.0
0.7917377957242213,0.277292456,0.320774058,0.139436661,3943.0,5163.0
0.7930359286558616,0.422251214,0.319981496,0.124034688,3943.0,5163.0
0.7823019579200655,0.580263652,0.336556446,0.11862881,3943.0,5163.0
0.7789951919584452,0.708723895,0.321197035,0.127378043,3943.0,5163.0
0.7757255523476747,0.7825114769999999,0.386910325,0.145985518,3943.0,5163.0
0.7715042027984973,0.702984814,0.435367536,0.252159585,3943.0,5163.0
0.7692099148529088,0.554854444,0.440262903,0.362912139,3943.0,5163.0
0.7687807228596836,0.433538396,0.446391447,0.388192576,3943.0,5163.0
0.7634826229296041,0.302575581,0.432905645,0.385906679,3943.0,5163.0
0.7511362101025344,0.184385811,0.437780677,0.407984228,3943.0,5163.0
0.7426504853201237,0.08221028,0.453595267,0.441452844,3943.0,5163.0
0.7052958288429583,0.0,0.4757184465,0.474858053,3943.0,5163.0
0.5986630507810985,0.0,0.4556943835,0.4366957235,3943.0,5163.0
0.5493292742832363,0.0,0.42004945250000003,0.3908623315,3943.0,5163.0
0.5512466440853556,0.0,0.3780399555,0.3916747705,3943.0,5163.0
0.5607391249239069,0.002909811,0.34992302649999996,0.392231369,3943.0,5163.0
0.5900930267995085,0.144142463,0.301881813,0.381567718,3943.0,5163.0
0.6202661682336656,0.306260584,0.209350289,0.328087887,3943.0,5163.0
0.6507474089390869,0.466470409,0.176646259,0.29571728,3943.0,5163.0
0.6532325178208046,0.609784658,0.164713586,0.289321991,3943.0,5163.0
0.6527643809446644,0.729792677,0.14200604,0.310405928,3943.0,5163.0
0.6522506678331346,0.7903539515,0.18377612650000003,0.376261012,3943.0,5163.0
0.6535593354438344,0.7082723195,0.2230645335,0.450956301,3943.0,5163.0
0.6523017441599102,0.577474425,0.229024143,0.464722421,3943.0,5163.0
0.6528263023538016,0.468875556,0.216768233,0.470611536,3943.0,5163.0
0.6490988607478693,0.342961224,0.187547371,0.476939642,3943.0,5163.0
0.6381133008464583,0.204006864,0.198015011,0.519444393,3943.0,5163.0
0.6326743250965571,0.09067089,0.22370575,0.5738275,3943.0,5163.0
0.6296921145395113,0.0,0.247594493,0.6005358915000001,3943.0,5163.0
0.5973825937786541,0.0,0.258622107,0.5824969825,3943.0,5163.0
0.5522546199880017,0.0,0.229257594,0.456362991,3943.0,5163.0
0.5439379372903392,0.0,0.2039521265,0.368210005,3943.0,5163.0
0.5571661099731425,0.0,0.180576159,0.3155120825,3943.0,5163.0
0.5607762733958007,0.007151944,0.164738332,0.272740075,3943.0,5163.0
0.5867158229785977,0.153114407,0.139402117,0.246946288,3943.0,5163.0
0.6148531853687539,0.309255317,0.081470206,0.189960102,3943.0,5163.0
0.6468591312446375,0.496872871,0.053235041,0.141491009,3943.0,5163.0
0.6524895045458039,0.665643782,0.050609084,0.111102599,3943.0,5163.0
0.654059231457564,0.800642368,0.044280961,0.098795539,3943.0,5163.0
0.6576273450531225,0.883358466,0.059183772,0.117149001,3943.0,5163.0
0.6620505603682515,0.8990706245,0.07617458099999999,0.15011749400000002,3943.0,5163.0
0.6662116296670417,0.790093884,0.090640181,0.184040325,3943.0,5163.0
0.6646462052730671,0.667831619,0.100030297,0.206451197,3943.0,5163.0
0.6643224039075643,0.525771932,0.104376149,0.218157104,3943.0,5163.0
0.6572759540378291,0.370596065,0.100581192,0.224789758,3943.0,5163.0
0.6433155910413425,0.219497862,0.118208573,0.235913874,3943.0,5163.0
0.6342731053929219,0.100636804,0.146355041,0.257752281,3943.0,5163.0
0.6296029582778349,0.0,0.171002116,0.27532553,3943.0,5163.0
0.6161429792741763,0.0,0.1880937975,0.289026345,3943.0,5163.0
0.5766118898523135,0.0,0.171384405,0.224303269,3943.0,5163.0
0.5755430348112395,0.0,0.1450617455,0.15090971549999999,3943.0,5163.0
0.6216677401803559,0.0,0.10624738,0.084530021,3943.0,5163.0
0.6934464289539386,0.008856965,0.088729683,0.054153551,3943.0,5163.0
0.7446480291769523,0.170255861,0.073116317,0.045181631,3943.0,5163.0
0.7712932440178765,0.345200492,0.041047531,0.032559375,3943.0,5163.0
0.7765185995268811,0.525869912,0.025149862,0.020546898,3943.0,5163.0
0.7781127668009181,0.687618465,0.025319066,0.020254832,3943.0,5163.0
0.7820298760620875,0.808047497,0.034431814,0.029875617,3943.0,5163.0
0.785092504714012,0.885368017,0.060307625000000004,0.057864427999999996,3943.0,5163.0
0.7811627537569786,0.8176913795,0.098198899,0.12041113049999999,3943.0,5163.0
0.7781543729922482,0.670753453,0.110547834,0.158936617,3943.0,5163.0
0.7767063155694458,0.523870283,0.109954272,0.191492504,3943.0,5163.0
0.7709949919015936,0.375515991,0.104313628,0.224377786,3943.0,5163.0
0.755241124194167,0.221853397,0.121342678,0.240925946,3943.0,5163.0
0.7415891265289177,0.103542485,0.148225652,0.240809572,3943.0,5163.0
0.7023628095150094,0.0,0.17574534349999998,0.21422246350000002,3943.0,5163.0
0.6310900049775012,0.0,0.161654323,0.206061898,3943.0,5163.0
0.58859906051573,0.0,0.1350223665,0.166334481,3943.0,5163.0
0.5758625558306214,0.0,0.11813871249999999,0.1314274375,3943.0,5163.0
0.6202660795470079,0.0,0.1121201005,0.1563433065,3943.0,5163.0
0.6934464289539386,0.009673293,0.107481746,0.180185885,3943.0,5163.0
0.7446886596125665,0.153337444,0.098755904,0.21498417,3943.0,5163.0
0.7711621265651376,0.284273666,0.075871468,0.238821723,3943.0,5163.0
0.7765686334817069,0.416907373,0.072530685,0.270752769,3943.0,5163.0
0.777952906468117,0.552577995,0.082756439,0.297332962,3943.0,5163.0
0.7810069299326099,0.645534842,0.10194845,0.346281889,3943.0,5163.0
0.7850932144097548,0.7227212165,0.127996842,0.4306194795,3943.0,5163.0
0.781964761022108,0.682005139,0.16925121,0.509395229,3943.0,5163.0
0.7787406752219612,0.626346618,0.196367587,0.576729662,3943.0,5163.0
0.7768794827480439,0.521545001,0.229132648,0.635338986,3943.0,5163.0
0.777335820957771,0.419820416,0.254944789,0.672680585,3943.0,5163.0
0.7699451657168277,0.288259084,0.266821077,0.705406533,3943.0,5163.0
0.7535439615408495,0.169534304,0.275919752,0.706774132,3943.0,5163.0
0.7409065710294803,0.078659442,0.287012261,0.692494799,3943.0,5163.0
0.7027228056671139,0.0,0.3036349145,0.645899583,3943.0,5163.0
0.630851811344341,0.0,0.278330329,0.513157954,3943.0,5163.0
0.5891917944010769,0.0,0.2727599685,0.45715253850000004,3943.0,5163.0
0.5765301853959359,0.0,0.2563884535,0.4108546785,3943.0,5163.0
0.6204677234950748,0.0,0.23878059499999998,0.349043755,3943.0,5163.0
0.6930289470417093,0.009510044,0.218764925,0.304639576,3943.0,5163.0
0.7469717697489662,0.110885337,0.192986203,0.244138802,3943.0,5163.0
0.7739880697126653,0.197628108,0.168273838,0.195263831,3943.0,5163.0
0.7783904375381803,0.307176709,0.152121861,0.17435199,3943.0,5163.0
0.7771033936784508,0.43827756,0.137820323,0.169121671,3943.0,5163.0
0.776280317207063,0.539555342,0.118571905,0.144687436,3943.0,5163.0
0.7752834082552835,0.615371468,0.13258401549999999,0.1930204915,3943.0,5163.0
0.7726862108277553,0.602147068,0.153968201,0.26046738,3943.0,5163.0
0.7717195972281307,0.534282265,0.170119061,0.312988469,3943.0,5163.0
0.7701067116023279,0.432709065,0.190741923,0.359076293,3943.0,5163.0
0.7694565362495649,0.316257672,0.204803572,0.398340037,3943.0,5163.0
0.7628100031705652,0.209367004,0.210459931,0.452272053,3943.0,5163.0
0.7504580014642114,0.122804347,0.220717408,0.462409678,3943.0,5163.0
0.7414150722812617,0.052038419,0.239274161,0.451399118,3943.0,5163.0
0.7038776676317308,0.0,0.256216976,0.423585318,3943.0,5163.0
0.6309736138632853,0.0,0.270997047,0.487353048,3943.0,5163.0
0.5905362797788427,0.0,0.275508773,0.58542867,3943.0,5163.0
0.5773848435809774,0.0,0.281298762,0.711268719,3943.0,5163.0
0.6060351427706867,0.0,0.278159029,0.72683988,3943.0,5163.0
0.6370054565791403,0.0,0.271308889,0.728980236,3943.0,5163.0
0.6942262136812973,0.004716124,0.27077247,0.724701718,3943.0,5163.0
0.7515712571362576,0.064969479,0.271410463,0.719038334,3943.0,5163.0
0.7854851471233844,0.132014688,0.295351703,0.716295291,3943.0,5163.0
0.7893233908630078,0.229115911,0.315357371,0.700158142,3943.0,5163.0
0.7870764755132099,0.319258638,0.316507336,0.651270483,3943.0,5163.0
0.7851155699775121,0.38092209,0.238502111,0.511830749,3943.0,5163.0
0.7822460689753619,0.442724052,0.260713109,0.472494721,3943.0,5163.0
0.7790983649135222,0.445087345,0.270892279,0.423051266,3943.0,5163.0
0.7760849717834029,0.44684561,0.259798098,0.390726206,3943.0,5163.0
0.7757004022390348,0.372263981,0.241462562,0.367833324,3943.0,5163.0
0.7744963048032328,0.330334863,0.219890387,0.33588204,3943.0,5163.0
0.7694102281467682,0.255783408,0.190458893,0.281976669,3943.0,5163.0
0.7565139740378009,0.177950185,0.157116887,0.232031496,3943.0,5163.0
0.7521045092548583,0.091215562,0.14522157,0.189878951,3943.0,5163.0
0.7143550812810926,0.0,0.1337779535,0.13970279200000002,3943.0,5163.0
0.6212644078902728,0.0,0.137619869,0.12493639649999999,3943.0,5163.0
0.5844381686914957,0.0,0.15939541499999998,0.212269198,3943.0,5163.0
0.605655873823345,0.0,0.1909862485,0.403458899,3943.0,5163.0
0.6639899974052501,0.0,0.216856357,0.512942041,3943.0,5163.0
0.7086183857373356,0.013246227,0.235523182,0.565881658,3943.0,5163.0
0.7561352595339306,0.179226388,0.225503282,0.573585148,3943.0,5163.0
0.7892614693526302,0.355349983,0.158328995,0.547900298,3943.0,5163.0
0.7866507433120408,0.52951165,0.145588195,0.547055502,3943.0,5163.0
0.7793920925928943,0.689748628,0.160120366,0.546237381,3943.0,5163.0
0.7771033936784508,0.809046565,0.124046085,0.430490188,3943.0,5163.0
0.7750183346680755,0.8524797685000001,0.13802078899999998,0.366611116,3943.0,5163.0
0.7716872170814563,0.7440421585,0.1225120755,0.3390114605,3943.0,5163.0
0.769914293749537,0.580731085,0.116222368,0.28523381,3943.0,5163.0
0.7699735538502592,0.44945266,0.102604359,0.262910855,3943.0,5163.0
0.7633263110755169,0.307872708,0.08662315,0.265370589,3943.0,5163.0
0.750104215200476,0.171873406,0.076717267,0.263945234,3943.0,5163.0
0.7414150722812617,0.066997663,0.078024462,0.258999353,3943.0,5163.0
0.7039414298964586,0.0,0.0873083765,0.27973153,3943.0,5163.0
0.6133899580728998,0.0,0.101193611,0.374322519,3943.0,5163.0
0.5670745868680647,0.0,0.10253349649999999,0.2989683695,3943.0,5163.0
0.5433858781333151,0.0,0.083477827,0.166094003,3943.0,5163.0
0.5558176104104695,0.0,0.070106044,0.1019264325,3943.0,5163.0
0.5593069692415636,0.009888518,0.077233707,0.128610001,3943.0,5163.0
0.5867477594895024,0.090222107,0.086926155,0.141877779,3943.0,5163.0
0.6178825023097562,0.193030296,0.070730519,0.128782762,3943.0,5163.0
0.6475162705248414,0.29472229,0.071115883,0.120355713,3943.0,5163.0
0.652649542353161,0.375065125,0.10113607,0.113739696,3943.0,5163.0
0.6529821262287905,0.44390921,0.1472811645,0.1425013405,3943.0,5163.0
0.6514911096875456,0.41051864650000003,0.228570812,0.17447617399999998,3943.0,5163.0
0.6517928881108779,0.286256471,0.2782607385,0.28391134549999997,3943.0,5163.0
0.651446287541848,0.189595102,0.300048997,0.383443532,3943.0,5163.0
0.648253960980531,0.133634951,0.294577583,0.414924132,3943.0,5163.0
0.6402337117658454,0.071013026,0.284903238,0.404962893,3943.0,5163.0
0.6374849487896456,0.028144636,0.284081273,0.360327481,3943.0,5163.0
0.6363762174026492,0.0,0.2777761875,0.3141733165,3943.0,5163.0
0.6155398216693323,0.0,0.239681446,0.337077925,3943.0,5163.0
0.5700914840829485,0.0,0.24621308599999997,0.3653420865,3943.0,5163.0
0.5467936434675942,0.0,0.2554418285,0.43049822849999997,3943.0,5163.0
0.5583333029772201,0.0,0.2502518555,0.43766322700000004,3943.0,5163.0
0.5638054129634875,0.003441081,0.237931355,0.416279846,3943.0,5163.0
0.5930699588805719,0.051911778,0.227816537,0.377512201,3943.0,5163.0
0.6330360068013609,0.09373303,0.223480393,0.332884297,3943.0,5163.0
0.6740572922104034,0.178197699,0.233757155,0.286264343,3943.0,5163.0
0.6802232241919548,0.237503388,0.25137143,0.266432973,3943.0,5163.0
0.6793378271202296,0.297164514,0.22262912,0.232101576,3943.0,5163.0
0.6772786056919523,0.3577558315,0.2704301845,0.2620728135,3943.0,5163.0
0.6764494745844664,0.369042241,0.314643907,0.308367001,3943.0,5163.0
0.679193935093501,0.323141905,0.33996038500000003,0.37391210350000004,3943.0,5163.0
0.6820912475633266,0.25424534,0.351257304,0.431241167,3943.0,5163.0
0.6789677176519301,0.192961157,0.349621818,0.44936478,3943.0,5163.0
0.6688815271216957,0.123944574,0.33652842,0.45912688,3943.0,5163.0
0.6605486543000757,0.064229676,0.327074659,0.459018089,3943.0,5163.0
0.6522309292810837,0.000718953,0.340783934,0.4684386405,3943.0,5163.0
0.6203802083921484,0.0,0.36065038299999996,0.4838649625,3943.0,5163.0
0.5829199394693758,0.0,0.413762783,0.465146389,3943.0,5163.0
0.5811998889258736,0.0,0.439750646,0.5653851555,3943.0,5163.0
0.6234427483067948,0.0,0.445344194,0.6097508275000001,3943.0,5163.0
0.6958684631962474,0.003398063,0.452213704,0.617986347,3943.0,5163.0
0.7540229214289274,0.048468579,0.45260877,0.629286356,3943.0,5163.0
0.7956386706699652,0.091077208,0.43726003,0.629099713,3943.0,5163.0
0.8051114129564657,0.146866855,0.440708587,0.647238306,3943.0,5163.0
0.8058149046827953,0.212635914,0.446228147,0.664736036,3943.0,5163.0
0.8025162115355591,0.234498211,0.423639007,0.599162641,3943.0,5163.0
0.7998041755165275,0.27610355,0.47312587500000003,0.69327435,3943.0,5163.0
0.7956174239385307,0.23240209750000002,0.5034843474999999,0.791273279,3943.0,5163.0
0.7955016982779691,0.197523143,0.474633305,0.810664508,3943.0,5163.0
0.7959655769796529,0.171690974,0.46144369,0.812348197,3943.0,5163.0
0.7912136810648591,0.124351264,0.412789555,0.810546629,3943.0,5163.0
0.775858488332479,0.080136223,0.389401572,0.805720564,3943.0,5163.0
0.7617672740444673,0.035077061,0.382780929,0.793239084,3943.0,5163.0
0.7129112820327468,0.000692945,0.39472416600000004,0.755910008,3943.0,5163.0
0.6328909614937402,0.0,0.373217314,0.7614397,3943.0,5163.0
0.5917104589326458,0.0,0.381483153,0.7431906715000001,3943.0,5163.0
0.5790928957612258,0.0,0.396290584,0.7273725099999999,3943.0,5163.0
0.6234379134665821,0.0,0.3989828685,0.6872154115,3943.0,5163.0
0.695959925969088,0.013133823,0.384914058,0.63300536,3943.0,5163.0
0.7525619119069592,0.08575083,0.372754672,0.594393367,3943.0,5163.0
0.7892614693526302,0.137342004,0.339818577,0.56560613,3943.0,5163.0
0.7962419170120872,0.226936162,0.334161499,0.567060887,3943.0,5163.0
0.7872894747450215,0.312503053,0.331955574,0.57055655,3943.0,5163.0
0.7830157403359054,0.404503883,0.254868846,0.498741485,3943.0,5163.0
0.7767025453234675,0.4825782995,0.31126860300000003,0.530914287,3943.0,5163.0
0.7725602388210123,0.479831598,0.347527852,0.532413866,3943.0,5163.0
0.7706371248367172,0.449710248,0.3582562,0.532253136,3943.0,5163.0
0.7691971402282989,0.398787536,0.351833246,0.523365845,3943.0,5163.0
0.7687807228596836,0.326470071,0.333605685,0.522084187,3943.0,5163.0
0.7634560090355296,0.245529225,0.310546487,0.513595189,3943.0,5163.0
0.7511362101025344,0.167221933,0.298644677,0.51421104,3943.0,5163.0
0.742282948574822,0.071421332,0.300404836,0.51340282,3943.0,5163.0
0.7051917245261147,0.0009291505,0.3103925635,0.522750549,3943.0,5163.0
0.631839183696302,0.0,0.285890153,0.489668255,3943.0,5163.0
0.5913271535274919,0.0,0.271459493,0.44542884299999996,3943.0,5163.0
0.5788274452051021,0.0,0.2470994215,0.444075792,3943.0,5163.0
0.6235363402174837,0.0,0.23582687749999998,0.468776791,3943.0,5163.0
0.6964720643862405,0.014576517,0.224861934,0.483032443,3943.0,5163.0
0.7515743620804423,0.105382879,0.201126102,0.495413453,3943.0,5163.0
0.7808349159842838,0.200219865,0.1798698,0.504371436,3943.0,5163.0
0.7838350908540235,0.297409181,0.182511368,0.530782648,3943.0,5163.0
0.7796033175853492,0.387538452,0.18526197,0.53476884,3943.0,5163.0
0.7769626952825648,0.5116353634999999,0.16041822,0.530452047,3943.0,5163.0
0.7730948214925801,0.6114277205,0.21103417400000002,0.6051187515,3943.0,5163.0
0.770666400039207,0.540735607,0.257674993,0.664527687,3943.0,5163.0
0.7693780254746497,0.456609474,0.282867475,0.687557587,3943.0,5163.0
0.7696783179915032,0.362405647,0.308823225,0.710199854,3943.0,5163.0
0.7666014953741035,0.284419304,0.31015095,0.723535841,3943.0,5163.0
0.7553787175952482,0.157744588,0.319031098,0.736340367,3943.0,5163.0
0.7467288743055798,0.079499996,0.340805614,0.750248356,3943.0,5163.0
0.7108913825575405,0.0008290995,0.362805406,0.7655031405,3943.0,5163.0
0.6179560229921873,0.0,0.2948897105,0.7500424405,3943.0,5163.0
0.5785120493301903,0.0,0.2935494325,0.742607558,3943.0,5163.0
0.5952736932940426,0.0,0.292182461,0.724279658,3943.0,5163.0
0.6382563944401661,0.0,0.294185794,0.714278781,3943.0,5163.0
0.6959841001701512,0.015835239,0.287871368,0.712824014,3943.0,5163.0
0.7541926288154694,0.097703405,0.279156822,0.698865069,3943.0,5163.0
0.791692019943852,0.169929316,0.276838032,0.683184919,3943.0,5163.0
0.7991586132367124,0.286345547,0.272042794,0.648283292,3943.0,5163.0
0.7888579152952827,0.400203717,0.249191529,0.606577977,3943.0,5163.0
0.7833721880092961,0.493081581,0.149159542,0.500309058,3943.0,5163.0
0.7777438106135106,0.5861665205,0.1810663845,0.4944863665,3943.0,5163.0
0.77214080514425,0.634103981,0.23116419649999997,0.4776829755,3943.0,5163.0
0.7701075099847285,0.562165789,0.250047672,0.487544899,3943.0,5163.0
0.7698149355356281,0.470716106,0.257526582,0.507210291,3943.0,5163.0
0.7647192779866363,0.358469523,0.248637578,0.537692636,3943.0,5163.0
0.7529625384946779,0.232295188,0.237214288,0.54853719,3943.0,5163.0
0.746406492432803,0.118525078,0.257488334,0.562286649,3943.0,5163.0
0.7112337913658666,0.0013760135,0.29690582099999996,0.615565758,3943.0,5163.0
0.6346530175716334,0.0,0.290889299,0.585346825,3943.0,5163.0
0.594391467630875,0.0,0.2634359805,0.5171571385,3943.0,5163.0
0.5830241104024533,0.0,0.2278090785,0.4507474865,3943.0,5163.0
0.627510669229425,0.0,0.21176879450000002,0.42690458499999995,3943.0,5163.0
0.6984048923942899,0.029085391,0.205114646,0.400474571,3943.0,5163.0
0.7557321490111122,0.178113989,0.156241946,0.366616028,3943.0,5163.0
0.7930398320836871,0.315969863,0.103506188,0.318047423,3943.0,5163.0
0.7992270106954327,0.479974055,0.092474401,0.276149774,3943.0,5163.0
0.7882802182023809,0.647919535,0.096030646,0.247140622,3943.0,5163.0
0.7801300492604178,0.795509187,0.093859146,0.1986159395,3943.0,5163.0
0.7735514258129007,0.8349517209999999,0.101775472,0.1825557105,3943.0,5163.0
0.7699381574460579,0.7157119935,0.1135274475,0.24078375899999999,3943.0,5163.0
0.7688252566218828,0.5364272,0.143189575,0.323428833,3943.0,5163.0
0.7638101501471362,0.402197651,0.167628738,0.375409804,3943.0,5163.0
0.7516980276266417,0.247425662,0.194723202,0.413306288,3943.0,5163.0
0.7455898032230999,0.117733128,0.237314307,0.434852982,3943.0,5163.0
0.7097735359842104,0.0012855905,0.28465445450000004,0.447057452,3943.0,5163.0
0.6156645516579055,0.0,0.294119796,0.390410781,3943.0,5163.0
0.5710091726146904,0.0,0.258195909,0.304720901,3943.0,5163.0
0.5488102162819715,0.0,0.224497792,0.2518974,3943.0,5163.0
0.5632124128663067,0.0,0.20061991899999998,0.253826615,3943.0,5163.0
0.5685652042181092,0.032134643,0.180467142,0.263177568,3943.0,5163.0
0.5915080830665514,0.179615128,0.136705906,0.242432897,3943.0,5163.0
0.627859265754456,0.341723488,0.083393189,0.216163853,3943.0,5163.0
0.6603779710565774,0.512441502,0.074740994,0.19335053,3943.0,5163.0
0.6615462286548893,0.660679973,0.078115133,0.171309096,3943.0,5163.0
0.6566895187781294,0.766412192,0.068480354,0.13290071,3943.0,5163.0
0.6530893133687746,0.8546060520000001,0.086884705,0.135680815,3943.0,5163.0
0.6525882196295837,0.7986376645,0.107738946,0.17571570250000002,3943.0,5163.0
0.6513152145336786,0.689392331,0.127403022,0.239150869,3943.0,5163.0
0.6520211458517788,0.562189855,0.140515419,0.273312838,3943.0,5163.0
0.6483089629067966,0.408436466,0.147629163,0.306882899,3943.0,5163.0
0.639315845860788,0.259031588,0.157722484,0.337086919,3943.0,5163.0
0.6391059072298322,0.13370706,0.193107899,0.365183825,3943.0,5163.0
0.6405431860852662,0.001890801,0.2456445045,0.3960348015,3943.0,5163.0
0.6155398216693323,0.0,0.274727359,0.386623862,3943.0,5163.0
0.5702471305340018,0.0,0.234549975,0.3124645145,3943.0,5163.0
0.5485691173002267,0.0,0.1943343555,0.254552906,3943.0,5163.0
0.5592952591605678,0.0,0.17519624350000002,0.2284690745,3943.0,5163.0
0.5653292309636511,0.037502849,0.158154996,0.216848565,3943.0,5163.0
0.5919818976098742,0.195629469,0.122289761,0.194081576,3943.0,5163.0
0.6261144643947546,0.360005871,0.064229336,0.164849964,3943.0,5163.0
0.6574130152177234,0.524864779,0.055574458,0.162490608,3943.0,5163.0
0.6564101180435987,0.682775637,0.063127126,0.173986449,3943.0,5163.0
0.6533471790389925,0.795229042,0.052430592,0.163038832,3943.0,5163.0
0.6523994611644488,0.8506873745000001,0.0691875695,0.174375071,3943.0,5163.0
0.6526860254220206,0.7804037855,0.08394102649999999,0.237150494,3943.0,5163.0
0.6510539113443096,0.646643421,0.10009225,0.324823135,3943.0,5163.0
0.6506721805829124,0.530751478,0.118423118,0.390215476,3943.0,5163.0
0.6474781241255674,0.387267123,0.124327922,0.447349978,3943.0,5163.0
0.6380992842036782,0.235626039,0.132488793,0.48500753,3943.0,5163.0
0.6333441503147134,0.125064828,0.157177228,0.524711367,3943.0,5163.0
0.6309249993505651,0.002112061,0.19768436849999999,0.5814609995,3943.0,5163.0
0.63088853845337,0.0,0.188222872,0.515559881,3943.0,5163.0
0.5901028295099204,0.0,0.1847844755,0.4621215715,3943.0,5163.0
0.5773848435809774,0.0,0.150783433,0.37832856849999996,3943.0,5163.0
0.6216549655557457,0.0,0.13799773399999998,0.314432952,3943.0,5163.0
0.6934464289539386,0.033599329,0.134695982,0.26881931,3943.0,5163.0
0.7462615358118401,0.176763619,0.108720616,0.20163101,3943.0,5163.0
0.7729628170214033,0.340704151,0.054519937,0.142671808,3943.0,5163.0
0.7769853170115357,0.503210393,0.037778878,0.126500955,3943.0,5163.0
0.7761552322693781,0.652258061,0.036833854,0.135084857,3943.0,5163.0
0.7767361230943629,0.757718226,0.047572299,0.185585483,3943.0,5163.0
0.7761364252309548,0.7981195165,0.054363351500000004,0.24323775400000003,3943.0,5163.0
0.7748470748094414,0.734243761,0.049799821,0.276305131,3943.0,5163.0
0.7735506273292597,0.647456876,0.047720265,0.278516282,3943.0,5163.0
0.7717110807779772,0.577481532,0.046115258,0.288562799,3943.0,5163.0
0.7705516057910324,0.442326951,0.043533877,0.29916223,3943.0,5163.0
0.7641555974352738,0.308108233,0.04331243,0.276977775,3943.0,5163.0
0.7506196360363693,0.186598483,0.045635369,0.25555376,3943.0,5163.0
0.7410822221431779,0.099406186,0.054329804,0.255535136,3943.0,5163.0
0.7030168882955979,0.0020605955,0.0619844725,0.2844385755,3943.0,5163.0
0.630851811344341,0.0,0.066213342,0.249572237,3943.0,5163.0
0.589087778770891,0.0,0.066631921,0.217724303,3943.0,5163.0
0.5767913999492673,0.0,0.053577822,0.20365313699999998,3943.0,5163.0
0.6219107243103998,0.0,0.0544680305,0.200521042,3943.0,5163.0
0.6930289470417093,0.032014312,0.049647275,0.226413008,3943.0,5163.0
0.7460033819099845,0.160076401,0.042902692,0.220749478,3943.0,5163.0
0.7723030606748728,0.299260793,0.02172877,0.194589127,3943.0,5163.0
0.7768754020481432,0.44553473,0.019958969,0.174637944,3943.0,5163.0
0.776355368189922,0.581910685,0.023541757,0.150384013,3943.0,5163.0
0.7778584718316985,0.720304695,0.0242481615,0.15223423349999998,3943.0,5163.0
0.7780096826337394,0.73983985,0.037502407,0.214155291,3943.0,5163.0
0.7763108343264823,0.684047325,0.05273615,0.263459619,3943.0,5163.0
0.7724195404757465,0.618760468,0.062073424,0.305961134,3943.0,5163.0
0.7693050148923612,0.531871777,0.078130321,0.337570642,3943.0,5163.0
0.7686944941182561,0.415079068,0.089776046,0.369973804,3943.0,5163.0
0.7632625266391244,0.276873239,0.089934212,0.389250269,3943.0,5163.0
0.7510741112188414,0.180778809,0.087421124,0.38998793,3943.0,5163.0
0.7417128807617749,0.091139881,0.094098886,0.409499638,3943.0,5163.0
0.7038857848400638,0.002268736,0.096826771,0.45815515500000004,3943.0,5163.0
0.6158652419713007,0.0,0.09201027,0.42832212849999995,3943.0,5163.0
0.5754100100891573,0.0,0.09488951849999999,0.4552246725,3943.0,5163.0
0.5908394776442806,0.0,0.106392072,0.492471377,3943.0,5163.0
0.6331155820186495,0.0,0.104234491,0.494701901,3943.0,5163.0
0.6893888874074764,0.027610269,0.098395093,0.471176728,3943.0,5163.0
0.7464922775384609,0.126445669,0.073995795,0.43902509,3943.0,5163.0
0.7748708498193043,0.261105129,0.049271475,0.411092038,3943.0,5163.0
0.7814335493040778,0.404224616,0.040768071,0.390541286,3943.0,5163.0
0.7782235689346093,0.548288565,0.038607427,0.376517049,3943.0,5163.0
0.7771033936784508,0.633011021,0.040400148,0.33696982,3943.0,5163.0
0.7750518680450216,0.702603517,0.0463952475,0.350863843,3943.0,5163.0
0.7713906948612015,0.6350030595,0.0473468575,0.36977199650000003,3943.0,5163.0
0.7689050093137275,0.519033264,0.051107226,0.379627065,3943.0,5163.0
0.7686280482722081,0.445714268,0.056891557,0.392069942,3943.0,5163.0
0.7627903976485009,0.311720742,0.063048106,0.391855882,3943.0,5163.0
0.7505259553884024,0.18160852,0.068757756,0.404343996,3943.0,5163.0
0.7414150722812617,0.089423528,0.071986806,0.412763872,3943.0,5163.0
0.7034785048294465,0.0023949645,0.088808996,0.3999698945,3943.0,5163.0
0.6157565024098444,0.0,0.08972852,0.31003519199999996,3943.0,5163.0
0.5743627123346805,0.0,0.08832640850000001,0.271788943,3943.0,5163.0
0.5896888738541202,0.0,0.0758637825,0.205389663,3943.0,5163.0
0.6329446770585069,0.0,0.065727014,0.157362408,3943.0,5163.0
0.687000652804568,0.028587725,0.058922141,0.128324406,3943.0,5163.0
0.7446886596125665,0.144004122,0.045700681,0.100152966,3943.0,5163.0
0.7720268980157539,0.259590191,0.025040214,0.072389896,3943.0,5163.0
0.77686191762655,0.413625125,0.015741514,0.051859205,3943.0,5163.0
0.7762374689975629,0.548319446,0.018434884,0.040199621,3943.0,5163.0
0.7769524933303324,0.642065816,0.026719728,0.057907843,3943.0,5163.0
0.7771296969667425,0.6954041479999999,0.034740085500000004,0.0725436985,3943.0,5163.0
0.7760163525574182,0.648938652,0.0431353805,0.129884886,3943.0,5163.0
0.7737609651514159,0.551196811,0.041378626,0.22941251,3943.0,5163.0
0.7732976187721594,0.46341454,0.040512706,0.254578031,3943.0,5163.0
0.7655524676729786,0.334673634,0.038646089,0.239827737,3943.0,5163.0
0.7506309912694937,0.212424573,0.040367042,0.22567973,3943.0,5163.0
0.7407711954022851,0.107877609,0.049401485,0.218316936,3943.0,5163.0
0.7026906251666598,0.002454126,0.0659538915,0.201425942,3943.0,5163.0
0.6307806637893075,0.0,0.082149144,0.178447776,3943.0,5163.0
0.5887207965703012,0.0,0.07761876449999999,0.158873612,3943.0,5163.0
0.5748257926539637,0.0,0.080019249,0.1327819795,3943.0,5163.0
0.6173954252133453,0.0,0.086176531,0.08725290899999999,3943.0,5163.0
0.687000652804568,0.03211049,0.08774598,0.088166639,3943.0,5163.0
0.7441009379913679,0.120902139,0.076136337,0.09080114,3943.0,5163.0
0.7714000540370843,0.262559185,0.049055837,0.088183254,3943.0,5163.0
0.7764038939653641,0.399857805,0.036326997,0.08499636,3943.0,5163.0
0.7769524933303324,0.530730784,0.041715293,0.087390369,3943.0,5163.0
0.7787549580259551,0.625959481,0.05432938,0.086129794,3943.0,5163.0
0.7828275363648622,0.665765977,0.0679811815,0.070503272,3943.0,5163.0
0.7804352653041418,0.5923803905,0.07724893050000001,0.09693491200000001,3943.0,5163.0
0.7765997716102112,0.44733744,0.087562067,0.146161113,3943.0,5163.0
0.7750449928548588,0.341469795,0.093387329,0.1681473,3943.0,5163.0
0.7673638922520433,0.257125555,0.095507627,0.192618894,3943.0,5163.0
0.7524512871465834,0.152931349,0.123474796,0.236719691,3943.0,5163.0
0.7415199306877972,0.07097819,0.165705967,0.279194044,3943.0,5163.0
0.7024237108251017,0.001608069,0.23131114749999998,0.34080333549999997,3943.0,5163.0
0.6140023417730196,0.0,0.235157177,0.327270854,3943.0,5163.0
0.5667838088299855,0.0,0.26298182000000003,0.3310227815,3943.0,5163.0
0.5419103419696646,0.0,0.2625190905,0.379814647,3943.0,5163.0
0.5519055798778214,0.0,0.2648737325,0.4434799535,3943.0,5163.0
0.5557979827167407,0.036924949,0.287215436,0.456030375,3943.0,5163.0
0.5839822297742093,0.137371174,0.28772858,0.419548604,3943.0,5163.0
0.6160386974827766,0.226308821,0.259486829,0.400674696,3943.0,5163.0
0.6478469471311274,0.340471173,0.247739326,0.418495509,3943.0,5163.0
0.6542911265156972,0.467140119,0.263831362,0.462423114,3943.0,5163.0
0.6582385755229705,0.575964411,0.268089717,0.451689291,3943.0,5163.0
0.664533872838948,0.6634197035,0.3332882745,0.5214010325,3943.0,5163.0
0.6702465493832925,0.6077486295000001,0.3536781195,0.4928035015,3943.0,5163.0
0.6672798192544616,0.505496494,0.292992345,0.447174955,3943.0,5163.0
0.6650820507904311,0.391394369,0.255984844,0.391408105,3943.0,5163.0
0.660481676232841,0.283807034,0.23787579,0.370642574,3943.0,5163.0
0.6473305505395183,0.15948555,0.244226789,0.375100734,3943.0,5163.0
0.6383862254301655,0.079281492,0.256060915,0.375297731,3943.0,5163.0
0.6329237186599503,0.0020444315,0.27107883600000005,0.400963902,3943.0,5163.0
0.6279792940340435,0.0,0.262107524,0.348624112,3943.0,5163.0
0.5718384589238275,0.0,0.221073909,0.3104556305,3943.0,5163.0
0.5445300502172213,0.0,0.19478281,0.3189263365,3943.0,5163.0
0.5517758153521952,0.0,0.1725160985,0.28821578150000005,3943.0,5163.0
0.5554031668261911,0.023553719,0.162277157,0.27712131,3943.0,5163.0
0.5856028333665245,0.097639788,0.153108646,0.252326503,3943.0,5163.0
0.6170310821495062,0.219498539,0.116551019,0.230930485,3943.0,5163.0
0.6479543782606608,0.339387091,0.094013132,0.205757824,3943.0,5163.0
0.6543033688178799,0.448203461,0.099827954,0.173879272,3943.0,5163.0
0.6600742187476679,0.524198956,0.08882621,0.115703504,3943.0,5163.0
0.6621365894634588,0.5886107965,0.112258281,0.1254558575,3943.0,5163.0
0.6661892740486641,0.515783442,0.1142237905,0.1103582005,3943.0,5163.0
0.6594304307578301,0.410739515,0.1103186,0.121903594,3943.0,5163.0
0.6595049494182618,0.31948217,0.090856831,0.127796545,3943.0,5163.0
0.6533515259001067,0.220925872,0.076053123,0.129654909,3943.0,5163.0
0.642699481387953,0.134329338,0.075258818,0.119731025,3943.0,5163.0
0.6334298024916252,0.055752372,0.095999259,0.129691842,3943.0,5163.0
0.6301742015434384,0.0030269635,0.1132116055,0.1468460015,3943.0,5163.0
0.6345812933508438,0.0,0.141860683,0.212999561,3943.0,5163.0
0.5914769449380471,0.0,0.125209744,0.19423252000000002,3943.0,5163.0
0.5752657189218486,0.0,0.103553723,0.177661897,3943.0,5163.0
0.6117912886348569,0.0,0.104155095,0.151552305,3943.0,5163.0
0.6839196163560407,0.02753163,0.110789389,0.143238847,3943.0,5163.0
0.7424857901471098,0.10708042,0.101469628,0.15092259,3943.0,5163.0
0.7715304616928399,0.197510333,0.075035333,0.155757888,3943.0,5163.0
0.7767495187280579,0.305284333,0.080422924,0.179828269,3943.0,5163.0
0.7774452923866344,0.382653162,0.086505333,0.199200166,3943.0,5163.0
0.7824327204743126,0.45300317349999997,0.09303091699999999,0.1718410455,3943.0,5163.0
0.7833272550052763,0.473701919,0.108042544,0.273705742,3943.0,5163.0
0.7786650920179153,0.411784155,0.125854512,0.392112794,3943.0,5163.0
0.7766477651644665,0.342817982,0.131324299,0.422929583,3943.0,5163.0
0.774954239777761,0.268072358,0.120720673,0.443232905,3943.0,5163.0
0.7687494959432811,0.16116778,0.117583549,0.468182176,3943.0,5163.0
0.7535439615408495,0.096740121,0.122620183,0.495521675,3943.0,5163.0
0.741634281300202,0.041425529,0.139971587,0.513654515,3943.0,5163.0
0.7027974574081524,0.001587014,0.157733051,0.5043810065000001,3943.0,5163.0
0.6330132963351117,0.0,0.174237365,0.353787538,3943.0,5163.0
0.5896429428720997,0.0,0.157671567,0.3098864235,3943.0,5163.0
0.5745913471457376,0.0,0.145079327,0.4015634685,3943.0,5163.0
0.6126819197886153,0.0,0.13742994549999998,0.387104588,3943.0,5163.0
0.6848770038097692,0.021006348,0.127970977,0.343167486,3943.0,5163.0
0.7429228333393152,0.075380764,0.121842265,0.325403295,3943.0,5163.0
0.7715194614088272,0.143813451,0.107919012,0.329277149,3943.0,5163.0
0.7764770820222087,0.226715453,0.104040787,0.33491149,3943.0,5163.0
0.7765334145520616,0.311475657,0.094108681,0.342802652,3943.0,5163.0
0.7768824990055707,0.391162512,0.083777715,0.263147131,3943.0,5163.0
0.7765365194962461,0.4536816765,0.10235457349999999,0.2833912625,3943.0,5163.0
0.7745196361773264,0.484038481,0.11621173,0.344782543,3943.0,5163.0
0.7737166088131522,0.45310576599999997,0.1049167895,0.3845557095,3943.0,5163.0
0.7714872586354684,0.353903397,0.091175672,0.366718186,3943.0,5163.0
0.7652545704045671,0.255960822,0.080624096,0.34094541,3943.0,5163.0
0.7514310911134191,0.150028527,0.064996579,0.310056883,3943.0,5163.0
0.7408905139861298,0.071830034,0.060854133,0.282326682,3943.0,5163.0
0.7023998914719097,0.002215372,0.06574287849999999,0.24132177999999999,3943.0,5163.0
0.6315020311416734,0.0,0.117282942,0.215054958,3943.0,5163.0
0.5888954497059983,0.0,0.111907245,0.19784340849999998,3943.0,5163.0
0.5745066043107887,0.0,0.1014039045,0.1381578325,3943.0,5163.0
0.6126217947398792,0.0,0.08523982299999999,0.10895928,3943.0,5163.0
0.6848858307644652,0.045619032,0.082799568,0.104141044,3943.0,5163.0
0.7435432899550595,0.121222261,0.073667546,0.116280598,3943.0,5163.0
0.7714358052891569,0.19828047,0.063387776,0.123386627,3943.0,5163.0
0.7767466798438464,0.307831141,0.062479533,0.136839843,3943.0,5163.0
0.7770203585678657,0.421864257,0.066296248,0.157803965,3943.0,5163.0
0.777952906468117,0.504463116,0.049011998,0.10876874,3943.0,5163.0
0.7787210697505171,0.576375434,0.07119113199999999,0.1346137415,3943.0,5163.0
0.7767019243143826,0.5315923709999999,0.091449317,0.1697327275,3943.0,5163.0
0.7741866087671677,0.436234027,0.086077772,0.199140551,3943.0,5163.0
0.772864700724424,0.330428577,0.076641948,0.190117486,3943.0,5163.0
0.7667097247847969,0.225735822,0.065948167,0.150051334,3943.0,5163.0
0.7525315721608554,0.133387569,0.053079919,0.133572784,3943.0,5163.0
0.7415891265289177,0.069301095,0.051514113,0.133503665,3943.0,5163.0
0.7023931493117332,0.003442512,0.053661948,0.133863456,3943.0,5163.0
0.6166556056704273,0.0,0.1054860275,0.1939474275,3943.0,5163.0
0.5747823677787074,0.0,0.0898249405,0.2374783495,3943.0,5163.0
0.5873838296140682,0.0,0.0799898545,0.2084645115,3943.0,5163.0
0.627749705638935,0.0,0.069301152,0.187336132,3943.0,5163.0
0.6848770038097692,0.029375148,0.068384804,0.153112776,3943.0,5163.0
0.7427800945934788,0.089503648,0.065021278,0.139767999,3943.0,5163.0
0.7715010091170348,0.175981354,0.057400173,0.150310811,3943.0,5163.0
0.7765686334817069,0.27208609,0.053854503,0.167295454,3943.0,5163.0
0.7767419781348608,0.358325171,0.057174539,0.164498301,3943.0,5163.0
0.7790579119018437,0.47667760449999996,0.0622550675,0.156495689,3943.0,5163.0
0.7793155779258413,0.5484070354999999,0.0901138065,0.2067535475,3943.0,5163.0
0.7764089506234617,0.495695751,0.096820923,0.256216173,3943.0,5163.0
0.7737609651514159,0.439901659,0.096183197,0.237935786,3943.0,5163.0
0.7729631718692749,0.341607644,0.093529259,0.209701385,3943.0,5163.0
0.7668023408891498,0.227172257,0.096396255,0.18308175,3943.0,5163.0
0.7514051870163277,0.146359696,0.093014089,0.156667757,3943.0,5163.0
0.7409655649689888,0.074489437,0.094086931,0.142124928,3943.0,5163.0
0.7023873386145643,0.0024765185,0.0884591635,0.126183598,3943.0,5163.0
0.6143596987377533,0.0,0.1131589815,0.141318508,3943.0,5163.0
0.5724564094328076,0.0,0.109531392,0.1523846525,2205.0,2887.0
0.5853816948053356,0.0,0.09311225100000001,0.16366552550000002,2205.0,2887.0
0.6254776845744461,0.0,0.083423671,0.156514982,2205.0,2887.0
0.6803407241931139,0.024684035,0.079284642,0.163403463,2205.0,2887.0
0.7396266241271786,0.082774442,0.084650654,0.186774905,2205.0,2887.0
0.7685729576592849,0.184078446,0.07215937,0.199898061,2205.0,2887.0
0.7767840279619604,0.308008777,0.06241021,0.210772643,2205.0,2887.0
0.7772683992547668,0.4272394145,0.0510057155,0.2161217645,2205.0,2887.0
0.7769878453405845,0.5323061975,0.058016749500000006,0.195744186,2205.0,2887.0
0.7733133208663981,0.5143486884999999,0.0790136495,0.23273914099999998,2205.0,2887.0
0.7702249656425586,0.434423679,0.088492339,0.307543643,2205.0,2887.0
0.7684629539079941,0.355161572,0.093864295,0.362428479,2205.0,2887.0
0.7623957148891783,0.272613938,0.090669129,0.378429358,2205.0,2887.0
0.7476404860801795,0.18105382,0.082821784,0.335354643,2205.0,2887.0
0.7379527929491951,0.091855968,0.094105097,0.308497803,2205.0,2887.0
0.6992252630620732,0.0050859955,0.103241348,0.26455181949999995,2205.0,2887.0
0.6112628491848043,0.0,0.092529167,0.265852535,2205.0,2887.0
0.5644714900567097,0.0,0.0737168775,0.281583274,2205.0,2887.0
0.5393559040649789,0.0,0.066032076,0.27940096400000003,2205.0,2887.0
0.5510094263091517,0.0,0.0611406615,0.273550474,2205.0,2887.0
0.5537990193671861,0.039319047,0.058328476,0.259395342,2205.0,2887.0
0.5814075210456656,0.142635684,0.045829121,0.232734273,2205.0,2887.0
0.6125473647661053,0.26411938,0.027299854,0.192274953,2205.0,2887.0
0.6465507658121596,0.40654483,0.026159319,0.148701515,2205.0,2887.0
0.653230898833719,0.5605795325,0.0267216505,0.1093117005,2205.0,2887.0
0.6538508010059918,0.613128795,0.030636662000000002,0.106893562,2205.0,2887.0
0.6545322919618151,0.5803667594999999,0.0256033535,0.1226775725,2205.0,2887.0
0.6535391976499629,0.461267658,0.030316548,0.1472123375,2205.0,2887.0
0.6491480519769658,0.30362166,0.043987852,0.153940116,2205.0,2887.0
0.6378176656952617,0.186696143,0.050515288,0.138704214,2205.0,2887.0
0.6319098877168062,0.097651529,0.06850608,0.136625586,2205.0,2887.0
0.6275218913819427,0.004807445,0.113358544,0.1530039215,2205.0,2887.0
0.6112038109019671,0.0,0.127256963,0.147339441,2205.0,2887.0
0.5641521243402192,0.0,0.140896843,0.155415815,2205.0,2887.0
0.5393559040649789,0.0,0.163424936,0.1520353455,2205.0,2887.0
0.55097447354072,0.0,0.1669574825,0.186294775,2205.0,2887.0
0.5537990193671861,0.039152387,0.164907251,0.181639946,2205.0,2887.0
0.5811939895926671,0.135568016,0.141365824,0.166178994,2205.0,2887.0
0.6136923352324121,0.279337962,0.092530541,0.151404076,2205.0,2887.0
0.6473564546366096,0.414848152,0.086620736,0.145916092,2205.0,2887.0
0.6540421986584974,0.557525068,0.095807829,0.164737906,2205.0,2887.0
0.6558452842619646,0.635428618,0.09212637,0.151955377,2205.0,2887.0
0.6601828918953714,0.673151598,0.11262728150000001,0.186069857,2205.0,2887.0
0.6607858720762796,0.623586418,0.114684695,0.220658524,2205.0,2887.0
0.6614490882148663,0.540083183,0.111124982,0.264753211,2205.0,2887.0
0.6577360180995854,0.452424082,0.105649235,0.306173701,2205.0,2887.0
0.6540412006298766,0.2688722255,0.0941155725,0.312996674,2205.0,2887.0
0.6349115263213603,0.085458589,0.10127773300000001,0.322616128,2205.0,2887.0
0.6275373717595372,0.002598933,0.1344660305,0.3796778105,2205.0,2887.0
0.6152512835768037,0.0,0.140430307,0.36477794350000003,2205.0,2887.0
0.5730564843157515,0.0,0.133106041,0.3975950815,2205.0,2887.0
0.5848174820327865,0.0,0.1139421625,0.36037563,2205.0,2887.0
0.6241646479309677,0.0,0.103240718,0.382401698,2205.0,2887.0
0.680331852895089,0.027549991,0.098588722,0.409443617,2205.0,2887.0
0.7396266241271786,0.076545864,0.087194331,0.419210515,2205.0,2887.0
0.7685631992922018,0.148390118,0.068099315,0.395642919,2205.0,2887.0
0.7767461476226595,0.239189791,0.059835555,0.400082567,2205.0,2887.0
0.7781949147412046,0.355048022,0.054088849,0.40661363,2205.0,2887.0
0.7816637588095119,0.464502921,0.0554264025,0.427691376,2205.0,2887.0
0.7820790672911841,0.5178281010000001,0.071487357,0.49642576549999995,2205.0,2887.0
0.776783539982862,0.424491424,0.0966099935,0.5902907145,2205.0,2887.0
0.7734329056114565,0.307824233,0.108369742,0.611419103,2205.0,2887.0
0.7659949666132411,0.220751965,0.107543675,0.594625214,2205.0,2887.0
0.7496284490444809,0.128204157,0.10265605,0.558003632,2205.0,2887.0
0.7382083742292933,0.069328708,0.105897205,0.552367381,2205.0,2887.0
0.6993700865518089,0.0029864545,0.12495527149999999,0.5400749075,2205.0,2887.0
0.6149769838943197,0.0,0.11918715199999999,0.4823048975,2205.0,2887.0
0.5730007949160278,0.0,0.1086253115,0.480324468,2205.0,2887.0
0.5847580888514576,0.0,0.1001341215,0.473282415,2205.0,2887.0
0.6240520714566792,0.0,0.097915195,0.486538405,2205.0,2887.0
0.680331852895089,0.023775936,0.096573088,0.485282475,2205.0,2887.0
0.7395654124137842,0.068073709,0.091262409,0.481224953,2205.0,2887.0
0.7685729576592849,0.117559749,0.086941006,0.470492918,2205.0,2887.0
0.7767840279619604,0.212662416,0.078324768,0.460620858,2205.0,2887.0
0.7772225347877397,0.287963196,0.077147905,0.462643254,2205.0,2887.0
0.77775702882327,0.383626307,0.0720328625,0.4021955235,2205.0,2887.0
0.7756452229900739,0.457331015,0.1056608745,0.4593079485,2205.0,2887.0
0.77403814801082,0.3879784245,0.149249932,0.5506192505,2205.0,2887.0
0.7720228172146127,0.284854692,0.188790613,0.595280133,2205.0,2887.0
0.7646538079975449,0.209701418,0.192511527,0.600053916,2205.0,2887.0
0.7488136228620329,0.110523102,0.180953083,0.579376331,2205.0,2887.0
0.7379897861181972,0.048431035,0.180353,0.552373535,2205.0,2887.0
0.6993232019351168,0.0024872865,0.185618052,0.5286645555,2205.0,2887.0
0.6142841820487007,0.0,0.19602672399999999,0.508591824,2205.0,2887.0
0.5724919832103244,0.0,0.1890831655,0.4701750015,2205.0,2887.0
0.5857091999018236,0.0,0.164186848,0.45633226299999996,2205.0,2887.0
0.6260353326107545,0.0,0.14560765,0.453276045,2205.0,2887.0
0.6810308646290771,0.031934167,0.13691979,0.480107534,2205.0,2887.0
0.7398533738405566,0.082704448,0.126372503,0.509618318,2205.0,2887.0
0.7685743770507704,0.135800725,0.115063209,0.520729484,2205.0,2887.0
0.7766762419845558,0.20967579,0.117618246,0.535266709,2205.0,2887.0
0.7775059718788421,0.28989242,0.116586752,0.522063444,2205.0,2887.0
0.7782343031586487,0.355616336,0.080469167,0.342681569,2205.0,2887.0
0.780449015785708,0.4258810455,0.083912285,0.3593915975,2205.0,2887.0
0.7792373776554686,0.450541945,0.093246467,0.37289698800000004,2205.0,2887.0
0.7773852339035118,0.377284296,0.098013601,0.352862815,2205.0,2887.0
0.7755168556842686,0.30443614,0.090963981,0.330715017,2205.0,2887.0
0.7676966536022288,0.213131395,0.083595383,0.318869368,2205.0,2887.0
0.7501372163562353,0.13084192,0.071343092,0.298224568,2205.0,2887.0
0.739229102584885,0.063434622,0.066585293,0.282349057,2205.0,2887.0
0.69924249550736,0.0030787125,0.0587508635,0.2585604815,2205.0,2887.0
0.6152829096844064,0.0,0.070948343,0.152561888,2205.0,2887.0
0.5755724430437157,0.0,0.058980006,0.150393259,2205.0,2887.0
0.5723114750341294,0.0,0.056767665,0.13984776799999998,2205.0,2887.0
0.6095518473632627,0.0,0.049690754000000004,0.10927024299999999,2205.0,2887.0
0.680331852895089,0.035889382,0.045558237,0.083055885,2205.0,2887.0
0.7394772319584438,0.100897674,0.039226315,0.077471716,2205.0,2887.0
0.768854709197688,0.15192566,0.033909408,0.076749275,2205.0,2887.0
0.77677249525428,0.254776318,0.032703627,0.070540141,2205.0,2887.0
0.7787758054649488,0.35222022,0.035293028,0.070314766,2205.0,2887.0
0.7799959599441012,0.438238484,0.034175728,0.081298984,2205.0,2887.0
0.783003764144316,0.501779211,0.0415367135,0.0897892825,2205.0,2887.0
0.7802308712597614,0.49453048,0.042278530499999994,0.0869280165,2205.0,2887.0
0.7767267194739107,0.420183138,0.036306674,0.082691347,2205.0,2887.0
0.7745892756542166,0.353604503,0.030138409,0.075180232,2205.0,2887.0
0.767277574823958,0.264818249,0.026123372,0.077791755,2205.0,2887.0
0.7503170369577317,0.17139547,0.024515984,0.087014868,2205.0,2887.0
0.739162080073081,0.095446824,0.025605108,0.096298166,2205.0,2887.0
0.6994272619086317,0.007178596,0.033896873,0.09997871550000001,2205.0,2887.0
0.6146532712660948,0.0,0.044280862000000004,0.1369075895,2205.0,2887.0
0.5724632402796417,0.0,0.0520487585,0.1348324715,2205.0,2887.0
0.5847884729408903,0.0,0.0547381505,0.117111243,2205.0,2887.0
0.6240444421768243,0.0,0.060191745,0.111217951,2205.0,2887.0
0.680516508336798,0.044770493,0.057689071,0.118539892,2205.0,2887.0
0.7396266241271786,0.14131034,0.041833494,0.119166586,2205.0,2887.0
0.7685174235118324,0.259300258,0.022667552,0.110774765,2205.0,2887.0
0.7767461476226595,0.387540532,0.02015803,0.1097229,2205.0,2887.0
0.7785343739082375,0.5737737985,0.030903881,0.120284233,2205.0,2887.0
0.7814708086342936,0.649177157,0.0404938885,0.1579208085,2205.0,2887.0
0.7796779249830589,0.5841450685,0.055472364499999996,0.214652614,2205.0,2887.0
0.7769722762257122,0.473658365,0.065888934,0.294685708,2205.0,2887.0
0.7739965861628187,0.362701551,0.072645811,0.344079608,2205.0,2887.0
0.7658074279439917,0.259037901,0.076739722,0.38169695,2205.0,2887.0
0.7440062815370648,0.11778625849999999,0.0895480105,0.409148022,2205.0,2887.0
0.6992340012794911,0.0042102195,0.12261125450000002,0.44028714700000005,2205.0,2887.0
0.6120374442240789,0.0,0.133683772,0.412963323,2205.0,2887.0
0.5646599158456375,0.0,0.13479391699999999,0.39853334399999996,2205.0,2887.0
0.5390970404167603,0.0,0.1303437495,0.4182047725,2205.0,2887.0
0.5496090519360622,0.0,0.12513862850000002,0.430710065,2205.0,2887.0
0.552424194344557,0.043486093,0.113474682,0.425111256,2205.0,2887.0
0.5815853455899204,0.139366113,0.091082277,0.40013878,2205.0,2887.0
0.6131878260951141,0.254288085,0.061330509,0.38580413,2205.0,2887.0
0.6466333130448869,0.386161626,0.054994304,0.369061069,2205.0,2887.0
0.6540036086234539,0.49962107,0.051761666,0.33748683,2205.0,2887.0
0.6552240292638198,0.5971177075,0.0420324365,0.24867049400000002,2205.0,2887.0
0.6588710749465378,0.6587749334999999,0.053262259500000006,0.259991343,2205.0,2887.0
0.6603502483768002,0.5556200405,0.062354347000000004,0.3500987045,2205.0,2887.0
0.6590427561680368,0.401020117,0.068126448,0.383940657,2205.0,2887.0
0.6467125112932601,0.2372651195,0.0702328015,0.3614709485,2205.0,2887.0
0.6311387303991638,0.045475143,0.0890153175,0.3849150585,2205.0,2887.0
0.6201435228877514,0.0,0.099390742,0.401360987,2205.0,2887.0
0.5655056140459964,0.0,0.09149936,0.288769618,2205.0,2887.0
0.5390881247754067,0.0,0.0736897425,0.2109415855,2205.0,2887.0
0.5491235717056928,0.0,0.0720400575,0.200614401,2205.0,2887.0
0.5525913290081012,0.040033005,0.079304371,0.180754574,2205.0,2887.0
0.5818697141946502,0.103148098,0.070797582,0.180051323,2205.0,2887.0
0.6136923352324121,0.192803222,0.051655037,0.19359911,2205.0,2887.0
0.6504924929607823,0.3435844005,0.0554477775,0.2136437915,2205.0,2887.0
0.6556904141228879,0.476656061,0.045887164,0.207756207,2205.0,2887.0
0.6581025789879307,0.552713384,0.060134303,0.25621718,2205.0,2887.0
0.6603961571871562,0.5179266204999999,0.0749433205,0.2836704455,2205.0,2887.0
0.6575349951099833,0.36463228950000004,0.074227978,0.36785923649999996,2205.0,2887.0
0.6451069000994407,0.1649415655,0.074881685,0.40525176100000004,2205.0,2887.0
0.6317536203072882,0.068016811,0.072835561,0.402071504,2205.0,2887.0
0.6284932067411734,0.0056588375,0.083655593,0.401182264,2205.0,2887.0
0.6188095944113301,0.0,0.13914317199999998,0.3914399475,2205.0,2887.0
0.5740064421358455,0.0,0.128776216,0.3705855705,2205.0,2887.0
0.5844177203930818,0.0,0.129855575,0.3886459525,2205.0,2887.0
0.6235914751737359,0.0,0.127649315,0.40138818,2205.0,2887.0
0.6793529969932814,0.02689582,0.12804805,0.408738204,2205.0,2887.0
0.7541201505049879,0.0966869985,0.1404978215,0.381491825,2205.0,2887.0
0.776798842987141,0.162797874,0.130859421,0.358896537,2205.0,2887.0
0.7780462322682126,0.24639460800000001,0.14278161099999997,0.359986334,2205.0,2887.0
0.7794547237990148,0.329534935,0.189471861,0.409108843,2205.0,2887.0
0.7775315211786822,0.3465718185,0.20779349549999998,0.5769431469999999,2205.0,2887.0
0.7755028390414886,0.332815631,0.220854741,0.674318812,2205.0,2887.0
0.7709291670646308,0.27879402350000004,0.238642089,0.694522315,2205.0,2887.0
0.7631190781975453,0.195474317,0.233741551,0.682273852,2205.0,2887.0
0.7429628205435597,0.0979882765,0.213850319,0.7055301415,2205.0,2887.0
0.6992771156502049,0.0041384365,0.20498092750000002,0.7547567749999999,2205.0,2887.0
0.6299534621734497,0.0,0.208125736,0.708157169,2205.0,2887.0
0.5876303621722059,0.0,0.185585956,0.7110624990000001,2205.0,2887.0
0.5723720214457302,0.0,0.1663418075,0.6259394380000001,2205.0,2887.0
0.6095596097237244,0.0,0.16878506100000001,0.6251230215000001,2205.0,2887.0
0.680516508336798,0.026685498,0.181683556,0.625908948,2205.0,2887.0
0.7395225198609552,0.089438978,0.172525677,0.609237488,2205.0,2887.0
0.7685907889419923,0.18951214,0.165472309,0.5911565,2205.0,2887.0
0.7767757776730206,0.267893725,0.158742131,0.548944959,2205.0,2887.0
0.777509875205427,0.331130536,0.152368412,0.523208602,2205.0,2887.0
0.7772453339406464,0.4151645535,0.144990318,0.43268666349999996,2205.0,2887.0
0.7740029734751237,0.45306473150000004,0.175448712,0.5101981995,2205.0,2887.0
0.7704840067147127,0.40981966000000003,0.24867959099999998,0.567941021,2205.0,2887.0
0.7650370024937564,0.2747632695,0.3130537265,0.571416343,2205.0,2887.0
0.748245240601685,0.151475278,0.322805742,0.549719048,2205.0,2887.0
0.7383088856734741,0.079548176,0.336472468,0.535084207,2205.0,2887.0
0.6999418399175552,0.0098615095,0.34035143,0.49073317299999997,2205.0,2887.0
0.6141119241614457,0.0,0.3513707075,0.3607743465,2205.0,2887.0
0.5734727021393868,0.0,0.371964058,0.3281014485,2205.0,2887.0
0.5879338039765727,0.0,0.37733568500000003,0.2938103345,2205.0,2887.0
0.6309077003396648,0.0,0.381191583,0.240448105,2205.0,2887.0
0.684654556715417,0.032578553,0.376624806,0.204067169,2205.0,2887.0
0.7425293924969222,0.115145975,0.371845709,0.164428824,2205.0,2887.0
0.772118449475252,0.198226929,0.367124358,0.135259372,2205.0,2887.0
0.780295587159161,0.3540571745,0.3533455095,0.1115814905,2205.0,2887.0
0.7777377781996972,0.474934168,0.28203596649999996,0.10943207399999999,2205.0,2887.0
0.7751463914693382,0.473499519,0.335253252,0.166426875,2205.0,2887.0
0.7720800369147643,0.4550195475,0.3581917625,0.207006427,2205.0,2887.0
0.7689773102002733,0.388451672,0.367457743,0.218933801,2205.0,2887.0
0.7650261795324389,0.2794144035,0.350437042,0.241796163,2205.0,2887.0
0.747901124018375,0.177930218,0.307523521,0.266719028,2205.0,2887.0
0.7380206581867284,0.0975823,0.286870627,0.282441902,2205.0,2887.0
0.7002829846372873,0.0075350565,0.268795802,0.2732328435,2205.0,2887.0
0.6291187644089642,0.0,0.257298019,0.36721998,2205.0,2887.0
0.5888359234440625,0.0,0.2588233605,0.4307921085,2205.0,2887.0
0.5760244786850373,0.0,0.24921932600000002,0.47460329700000004,2205.0,2887.0
0.6201649692654064,0.0,0.23184927700000002,0.501815487,2205.0,2887.0
0.6892331079770568,0.044478405,0.217196209,0.537196246,2205.0,2887.0
0.742396500906067,0.120405458,0.20101176,0.571964579,2205.0,2887.0
0.7696671401316941,0.225864318,0.19921424,0.60087741,2205.0,2887.0
0.7767932540066163,0.329432729,0.218384034,0.639724704,2205.0,2887.0
0.7774552282282734,0.4142928325,0.21576799600000002,0.650220348,2205.0,2887.0
0.7762325010261231,0.45450340050000004,0.235924215,0.6492470325,2205.0,2887.0
0.7729263561242083,0.405825644,0.27867493750000005,0.6527883919999999,2205.0,2887.0
0.7687455482733672,0.2955158335,0.29139756699999997,0.5994717955,2205.0,2887.0
0.7618789633484573,0.191072953,0.270887656,0.536284331,2205.0,2887.0
0.7478370734207692,0.126929567,0.250747571,0.478079389,2205.0,2887.0
0.7378356921392364,0.060358984,0.235606527,0.440710414,2205.0,2887.0
0.7108656114904357,0.012249344,0.226786275,0.409539488,2205.0,2887.0
0.6878447541895056,0.0,0.208208401,0.3630233,2205.0,2887.0
0.6140789895712998,0.0,0.1836837195,0.35145072899999996,2205.0,2887.0
0.5725719355483894,0.0,0.16333198399999999,0.262574603,2205.0,2887.0
0.5880417008122997,0.0,0.137189772,0.212965595,2205.0,2887.0
0.6288139475564407,0.0,0.119132403,0.185879809,2205.0,2887.0
0.6842549503279834,0.028233146,0.11063687,0.186934226,2205.0,2887.0
0.7406257066613758,0.08231769,0.09326838,0.187325502,2205.0,2887.0
0.7687571252231359,0.165397354,0.078018168,0.175380631,2205.0,2887.0
0.7766829841953523,0.255728791,0.0858325,0.162583108,2205.0,2887.0
0.7780352762262883,0.373791938,0.091477769,0.1350406325,2205.0,2887.0
0.7792793387959106,0.425867991,0.1059690405,0.1389116085,2205.0,2887.0
0.7774316306423459,0.397492183,0.1259440435,0.2323645975,2205.0,2887.0
0.7740972750309352,0.2969505025,0.1522274805,0.31212750450000004,2205.0,2887.0
0.7664043757110865,0.216317586,0.15769529,0.309429766,2205.0,2887.0
0.7499903081226001,0.153488033,0.152259375,0.299756673,2205.0,2887.0
0.738333991388165,0.082385772,0.14863856,0.298304603,2205.0,2887.0
0.6994121363789086,0.006890065,0.1484099305,0.278634085,2205.0,2887.0
0.5955703707665687,0.0,0.1564239095,0.2951971575,2205.0,2887.0
0.5442302012855174,0.0,0.1389911305,0.2580232885,2205.0,2887.0
0.5450565822460698,0.0,0.12296465749999999,0.242865374,2205.0,2887.0
0.5543188314581428,0.016482458,0.1029761315,0.2562376765,2205.0,2887.0
0.5822138307779602,0.087700237,0.077378793,0.291549534,2205.0,2887.0
0.612755573501033,0.188262638,0.065361614,0.315750049,2205.0,2887.0
0.6465284546383514,0.302890043,0.081124987,0.344101332,2205.0,2887.0
0.6532508813753192,0.4509355015,0.0998029145,0.3785931615,2205.0,2887.0
0.6537798752182229,0.5508764365000001,0.1323543415,0.41036590500000003,2205.0,2887.0
0.6543971825464536,0.4889662725,0.1748482255,0.445537597,2205.0,2887.0
0.6523484513526666,0.404917039,0.202039723,0.444688559,2205.0,2887.0
0.6527018384252017,0.3392284,0.2150768,0.46180361,2205.0,2887.0
0.6481487477261242,0.261505218,0.220926031,0.477661396,2205.0,2887.0
0.6369775564248072,0.176187822,0.219066292,0.488103053,2205.0,2887.0
0.6311288167291892,0.088274846,0.22973598,0.497783406,2205.0,2887.0
0.6297741294498114,0.014802859,0.233350255,0.519155694,2205.0,2887.0
0.6186230759423659,0.0,0.216146471,0.5246271545000001,2205.0,2887.0
0.5644524612004015,0.0,0.21570265,0.5688720145,2205.0,2887.0
0.5390172655026311,0.0,0.2053798735,0.58369326,2205.0,2887.0
0.5504223699897468,0.0,0.17938111950000002,0.532201476,2205.0,2887.0
0.5531669413571036,0.031207555,0.164176133,0.490830058,2205.0,2887.0
0.5812130627923041,0.101371069,0.146137464,0.476430612,2205.0,2887.0
0.6126826517066427,0.157796656,0.155845619,0.460656365,2205.0,2887.0
0.646557108831756,0.238815601,0.161013303,0.438951532,2205.0,2887.0
0.6530979406772502,0.318613581,0.177701745,0.444695602,2205.0,2887.0
0.6532439617405869,0.347542193,0.160496233,0.45368339,2205.0,2887.0
0.6528942562779926,0.380999234,0.215700809,0.5102763969999999,2205.0,2887.0
0.6526353038924961,0.355466316,0.292181522,0.5543179579999999,2205.0,2887.0
0.6514517433911456,0.317841478,0.319944943,0.568372408,2205.0,2887.0
0.6511203570891169,0.26714574,0.324342675,0.556698905,2205.0,2887.0
0.6467433611395065,0.199847712,0.320475234,0.537671671,2205.0,2887.0
0.6363989722628473,0.139339216,0.295962562,0.530552044,2205.0,2887.0
0.6309012686334107,0.081795481,0.267890749,0.526510087,2205.0,2887.0
0.6300443927251035,0.008326557,0.248059925,0.523602775,2205.0,2887.0
0.6272255022422948,0.0,0.241453784,0.5473895065000001,2205.0,2887.0
0.5870571450716453,0.0,0.244663158,0.593536414,2205.0,2887.0
0.5722826877601179,0.0,0.23016823549999998,0.5996434134999999,2205.0,2887.0
0.6101106486804633,0.0,0.20319264250000002,0.5622207994999999,2205.0,2887.0
0.6803407241931139,0.030517362,0.184064536,0.500157912,2205.0,2887.0
0.7395225198609552,0.080290294,0.165412424,0.470291194,2205.0,2887.0
0.7684633087558655,0.134269564,0.163884003,0.464879284,2205.0,2887.0
0.7767607851732842,0.197780858,0.175931796,0.482415836,2205.0,2887.0
0.7773106265564224,0.265613802,0.189467844,0.500897975,2205.0,2887.0
0.7778159340761208,0.28888821,0.167246851,0.446019283,2205.0,2887.0
0.7759710203621981,0.3304657105,0.1852870995,0.4133453665,2205.0,2887.0
0.7740452894128168,0.325412872,0.187904651,0.402508808,2205.0,2887.0
0.7722551558072752,0.27084675199999997,0.1929344065,0.441016604,2205.0,2887.0
0.7575530658972868,0.17980454699999998,0.18917302,0.5266283275,2205.0,2887.0
0.7385057835186063,0.097111171,0.188707969,0.589765251,2205.0,2887.0
0.6994276167058828,0.0095668375,0.2077651665,0.6065443745000001,2205.0,2887.0
0.6141484516242544,0.0,0.20433841749999998,0.5631348125,2205.0,2887.0
0.5724677203226032,0.0,0.1919233075,0.5229598200000001,2205.0,2887.0
0.5847771621017148,0.0,0.17030852400000002,0.45473863150000005,2205.0,2887.0
0.6239732946217909,0.0,0.156672993,0.369911295,2205.0,2887.0
0.680331852895089,0.044958877,0.144832908,0.323913743,2205.0,2887.0
0.7392246225925435,0.128554921,0.116655267,0.292703338,2205.0,2887.0
0.7687395601016421,0.226897364,0.091399471,0.267526457,2205.0,2887.0
0.77677249525428,0.343790212,0.097547195,0.248303956,2205.0,2887.0
0.7781949147412046,0.442597193,0.091581376,0.218025748,2205.0,2887.0
0.7793384214220768,0.540393991,0.0842999365,0.1691237675,2205.0,2887.0
0.7789558035410011,0.6135074575,0.08956721749999999,0.163062186,2205.0,2887.0
0.777022354574487,0.575344868,0.1016053855,0.21053394050000002,2205.0,2887.0
0.7754408289456938,0.477096471,0.116753668,0.238107881,2205.0,2887.0
0.7694710851135317,0.377439579,0.124532673,0.248433624,2205.0,2887.0
0.753702757228796,0.253631549,0.128718672,0.245467577,2205.0,2887.0
0.7431997056941767,0.136697387,0.15601943,0.243888043,2205.0,2887.0
0.7003861574911237,0.011347096,0.202018915,0.2543425385,2205.0,2887.0
0.6162092033529596,0.0,0.221417065,0.20170465199999998,2205.0,2887.0
0.5728337045451923,0.0,0.20230732499999998,0.19980820999999999,2205.0,2887.0
0.585096461303212,0.0,0.1773658475,0.1904593745,2205.0,2887.0
0.6255183150100603,0.0,0.157976279,0.195695093,2205.0,2887.0
0.6805246699390802,0.061332854,0.136879755,0.183631592,2205.0,2887.0
0.7394489326129106,0.183304332,0.099128112,0.169056846,2205.0,2887.0
0.7690433124105516,0.338615139,0.046439076,0.151758199,2205.0,2887.0
0.7786954317640192,0.496552166,0.031716371,0.151795601,2205.0,2887.0
0.7821242664057972,0.638536075,0.030216895,0.160174254,2205.0,2887.0
0.7886030437109273,0.794276018,0.027171517,0.1202401455,2205.0,2887.0
0.7899509888807491,0.852618911,0.0341709575,0.125166257,2205.0,2887.0
0.788982645334476,0.761967986,0.043913996,0.2031894755,2205.0,2887.0
0.78584922407663,0.597622418,0.050208159,0.283268803,2205.0,2887.0
0.7802282985367637,0.456425356,0.055924096,0.284513766,2205.0,2887.0
0.7621792558653105,0.304737623,0.073508549,0.283631825,2205.0,2887.0
0.7505193906521617,0.16817513,0.103555542,0.300838163,2205.0,2887.0
0.7057530097784148,0.0159614195,0.142267066,0.3829641185,2205.0,2887.0
0.6204204396365622,0.0,0.1556710915,0.4564206435,2205.0,2887.0
0.5732847199356084,0.0,0.141523542,0.4718925635,2205.0,2887.0
0.5847403241343636,0.0,0.15212311950000001,0.576446855,2205.0,2887.0
0.6241646479309677,0.0,0.171171102,0.649294693,2205.0,2887.0
0.680331852895089,0.05356123,0.183562514,0.686227647,2205.0,2887.0
0.7391509466578412,0.152543498,0.18638136,0.679416209,2205.0,2887.0
0.7686316855388201,0.265823579,0.183618866,0.639612014,2205.0,2887.0
0.7768903057599815,0.398768216,0.18934356,0.604065285,2205.0,2887.0
0.7787087387110565,0.539146602,0.196501135,0.570883938,2205.0,2887.0
0.7804521206792725,0.700346714,0.17846383999999998,0.458582336,2205.0,2887.0
0.7791101636305555,0.7930393215,0.19132906100000002,0.432687971,2205.0,2887.0
0.7752886422866965,0.7068482345,0.283018262,0.412580123,2205.0,2887.0
0.7719973566520505,0.548781015,0.386214367,0.418121835,2205.0,2887.0
0.7646538079975449,0.417083458,0.442273365,0.433652566,2205.0,2887.0
0.7488132680141616,0.267400834,0.471056597,0.443708744,2205.0,2887.0
0.7379527929491951,0.159568415,0.503467257,0.454068614,2205.0,2887.0
0.69975660781009,0.01664784,0.5259081725,0.45100648099999996,2205.0,2887.0
0.6144388526934178,0.0,0.46278080099999996,0.3885401805,2205.0,2887.0
0.5749805741063827,0.0,0.425020819,0.401910911,2205.0,2887.0
0.5925558022851333,0.0,0.39412900250000005,0.425880524,2205.0,2887.0
0.6347634205141244,0.0,0.372119008,0.437117956,2205.0,2887.0
0.6909198912542063,0.069320716,0.358237638,0.438737064,2205.0,2887.0
0.7457583573793699,0.197106668,0.333183492,0.423911246,2205.0,2887.0
0.773252020466346,0.356193859,0.337713434,0.418740365,2205.0,2887.0
0.7787307394815627,0.518879362,0.371499008,0.406559255,2205.0,2887.0
0.7777364474442492,0.65698685,0.411364923,0.395092115,2205.0,2887.0
0.7772636974951609,0.7965929329999999,0.36106779899999997,0.361168326,2205.0,2887.0
0.7745690492243078,0.8335635539999999,0.4089520065,0.384740737,2205.0,2887.0
0.770765137244031,0.7452139310000001,0.45402871300000003,0.4265147975,2205.0,2887.0
0.7684629539079941,0.599288433,0.472271596,0.462275718,2205.0,2887.0
0.7618789633484573,0.469479036,0.468415382,0.476285647,2205.0,2887.0
0.7478516222847361,0.326012829,0.437358176,0.471911586,2205.0,2887.0
0.7381241858884362,0.185469566,0.435408649,0.464529484,2205.0,2887.0
0.7005714117702533,0.018177385,0.446508896,0.464489911,2205.0,2887.0
0.6118193883341698,0.0,0.437565542,0.473658738,2205.0,2887.0
0.5668722553452992,0.0,0.4005795555,0.43898093650000003,2205.0,2887.0
0.5436881223134611,0.0,0.36704566650000003,0.3952913895,2205.0,2887.0
0.5566175550021235,0.0,0.3379245755,0.36433717600000004,2205.0,2887.0
0.5583009672244948,0.071734754,0.314140288,0.355364435,2205.0,2887.0
0.5862185882732832,0.209497812,0.26073132,0.342792188,2205.0,2887.0
0.6168838190679996,0.372944673,0.207787969,0.31707256,2205.0,2887.0
0.6490329472242486,0.533526236,0.201591994,0.293154383,2205.0,2887.0
0.6530159257669503,0.67722767,0.197797228,0.267581473,2205.0,2887.0
0.6530448017782398,0.802172314,0.172063878,0.230009276,2205.0,2887.0
0.6533619274985596,0.8982084530000001,0.193105212,0.225394974,2205.0,2887.0
0.6536554556329519,0.8669230815,0.223373743,0.269520038,2205.0,2887.0
0.6523369630895555,0.724176496,0.243126899,0.313959198,2205.0,2887.0
0.6527018384252017,0.597802608,0.259787346,0.339605177,2205.0,2887.0
0.6476429078839985,0.445851412,0.280087808,0.347901615,2205.0,2887.0
0.6371338238343254,0.278165275,0.264046265,0.343757373,2205.0,2887.0
0.6309083213487497,0.140240675,0.287002636,0.354198704,2205.0,2887.0
0.627419561304456,0.0119990975,0.306366623,0.37205149849999997,2205.0,2887.0
0.5954703914929544,0.0,0.2836789125,0.35540573,2205.0,2887.0
0.5447260165993463,0.0,0.25800101649999996,0.342900615,2205.0,2887.0
0.5457721832445953,0.0,0.22729801449999998,0.3086462875,2205.0,2887.0
0.5557411622077894,0.021975739,0.194873396,0.2816569155,2205.0,2887.0
0.5830974092669997,0.153355036,0.151612182,0.266742554,2205.0,2887.0
0.6136614189217925,0.280537901,0.10224293,0.233015379,2205.0,2887.0
0.6465284546383514,0.425593498,0.098139579,0.216579533,2205.0,2887.0
0.6529299188434076,0.564516011,0.102803349,0.204983912,2205.0,2887.0
0.6539812086617474,0.733297243,0.100042806,0.192848208,2205.0,2887.0
0.6534030679836962,0.8095849225,0.14365007200000002,0.2570674755,2205.0,2887.0
0.6537288210631118,0.7217147564999999,0.18861107900000001,0.332561883,2205.0,2887.0
0.6531124008545595,0.562560923,0.227409395,0.392871368,2205.0,2887.0
0.6477612507121272,0.421075941,0.24817853,0.421673842,2205.0,2887.0
0.6372030641200153,0.278891942,0.23784656,0.443802451,2205.0,2887.0
0.6304763570369266,0.09206513000000001,0.2785454005,0.4805120945,2205.0,2887.0
0.6271189804547245,0.0,0.32758479149999997,0.5058013255,2205.0,2887.0
0.5868241633488537,0.0,0.329007313,0.476175637,2205.0,2887.0
0.5734363077571849,0.0,0.302709167,0.432983135,2205.0,2887.0
0.6172986618434784,0.0,0.27907124650000004,0.40188952099999997,2205.0,2887.0
0.6847316036542772,0.062386161,0.260447473,0.373082648,2205.0,2887.0
0.7400379849389368,0.197331507,0.21920446,0.351008669,2205.0,2887.0
0.7685907889419923,0.352546468,0.176824278,0.309714739,2205.0,2887.0
0.7767607851732842,0.507964763,0.197078707,0.284987948,2205.0,2887.0
0.7775059718788421,0.639776096,0.240915515,0.277629861,2205.0,2887.0
0.781088368227774,0.752736059,0.242597055,0.2759108345,2205.0,2887.0
0.7818468174357998,0.780476186,0.3052161705,0.301844715,2205.0,2887.0
0.7794734422014007,0.6939427765,0.3222339565,0.3600613385,2205.0,2887.0
0.7773215381537772,0.5688402,0.335916975,0.423003642,2205.0,2887.0
0.7706523833964269,0.453210887,0.340846491,0.45930289,2205.0,2887.0
0.7542082422230504,0.306055706,0.312093782,0.506112051,2205.0,2887.0
0.7427446981892775,0.175866299,0.328020645,0.539330337,2205.0,2887.0
0.7113152074893663,0.035199012,0.362093418,0.566279284,2205.0,2887.0
0.6878003091139642,0.0,0.380886709,0.579581533,2205.0,2887.0
0.6145515399754082,0.0,0.3808797195,0.5813622505,2205.0,2887.0
0.5724882573076748,0.0,0.33497821,0.5339213525,2205.0,2887.0
0.5880417008122997,0.0,0.292590217,0.47595838850000005,2205.0,2887.0
0.6309827956658527,0.0,0.267997429,0.461564136,2205.0,2887.0
0.6821686050067294,0.066385484,0.248096244,0.472691873,2205.0,2887.0
0.7397153369049462,0.204253444,0.200291901,0.457389801,2205.0,2887.0
0.7685772159349818,0.363498989,0.128913633,0.403686698,2205.0,2887.0
0.7768903057599815,0.531732443,0.120750446,0.357414496,2205.0,2887.0
0.7792266434820495,0.678438557,0.124899895,0.340105444,2205.0,2887.0
0.7831529788891152,0.795594421,0.119428883,0.344990901,2205.0,2887.0
0.7866618323839515,0.874301479,0.148007147,0.408869172,2205.0,2887.0
0.7867919295351646,0.903654449,0.185197466,0.49398980600000003,2205.0,2887.0
0.7836624558966123,0.844724747,0.221361295,0.537276148,2205.0,2887.0
0.7829689000119219,0.754539947,0.248677988,0.566336767,2205.0,2887.0
0.7814687682337231,0.634590274,0.273678635,0.602246916,2205.0,2887.0
0.7730980151740428,0.492807066,0.290856999,0.643517182,2205.0,2887.0
0.7584082563541354,0.333807998,0.273574934,0.66402723,2205.0,2887.0
0.7456882743679505,0.184728047,0.306232623,0.675869823,2205.0,2887.0
0.7131068048297223,0.037534405,0.343767592,0.695126028,2205.0,2887.0
0.6893200020708984,0.0,0.356287947,0.702692892,2205.0,2887.0
0.6154069743711859,0.0,0.3519488385,0.6085053025,2205.0,2887.0
0.5725342104613598,0.0,0.295577117,0.5263485585000001,2205.0,2887.0
0.5857091999018236,0.0,0.266132325,0.5151324075,2205.0,2887.0
0.6263358912888216,0.0,0.258356526,0.519946885,2205.0,2887.0
0.6806367584342703,0.06680166,0.239338458,0.501386157,2205.0,2887.0
0.739194238503111,0.204813629,0.189194526,0.483902952,2205.0,2887.0
0.7688672177623249,0.368275883,0.122074704,0.45581845,2205.0,2887.0
0.7786954317640192,0.535911488,0.119408712,0.436328179,2205.0,2887.0
0.7832588131526071,0.686826415,0.139334775,0.433871244,2205.0,2887.0
0.7888118734549403,0.807347269,0.14462221,0.437308632,2205.0,2887.0
0.7905554771904207,0.9010873405,0.187991934,0.46616656050000005,2205.0,2887.0
0.7904529696889983,0.8645819855000001,0.250228138,0.5145670295,2205.0,2887.0
0.7881168980775237,0.742725363,0.294156005,0.555256331,2205.0,2887.0
0.7849649357906072,0.620175953,0.32921055,0.598785673,2205.0,2887.0
0.7770375688414881,0.472240245,0.350696911,0.645054843,2205.0,2887.0
0.7596163459044204,0.314850515,0.345316406,0.67412048,2205.0,2887.0
0.7481138570889732,0.170354364,0.379498475,0.67962086,2205.0,2887.0
0.7166360178856945,0.035357302,0.419737076,0.680419738,2205.0,2887.0
0.6672108451299852,0.0,0.42297874550000003,0.677007582,2205.0,2887.0
0.5905933442773432,0.0,0.39371234099999997,0.6485583625,2205.0,2887.0
0.5729070921470167,0.0,0.36702194499999996,0.617114595,2205.0,2887.0
0.6095033215372003,0.0,0.35841099249999997,0.6072057865,2205.0,2887.0
0.680331852895089,0.064937542,0.345615911,0.601290428,2205.0,2887.0
0.7393173717268832,0.190412016,0.308515572,0.577900508,2205.0,2887.0
0.769398163217901,0.339405901,0.243357379,0.527740412,2205.0,2887.0
0.7808943535595618,0.504421688,0.262133401,0.502007679,2205.0,2887.0
0.7863942748616439,0.644198856,0.306257118,0.50294654,2205.0,2887.0
0.7904901402819361,0.764463445,0.284736016,0.48279726,2205.0,2887.0
0.7909077996687215,0.842921431,0.347967746,0.52421441,2205.0,2887.0
0.7931301416262557,0.8467252715,0.3980028635,0.5906096105,2205.0,2887.0
0.7912663764293405,0.754926475,0.441477668,0.643877475,2205.0,2887.0
0.7877721605863692,0.673228621,0.458305495,0.680932451,2205.0,2887.0
0.7858857737111031,0.549009183,0.474861103,0.720548201,2205.0,2887.0
0.7786889557144363,0.407912738,0.469346153,0.751452511,2205.0,2887.0
0.7601276859391728,0.272198398,0.419032803,0.781073322,2205.0,2887.0
0.7489080131045021,0.159122563,0.411477429,0.79956561,2205.0,2887.0
0.7175039386238243,0.035643556,0.415671542,0.809204731,2205.0,2887.0
0.6968141849123088,0.0,0.415858428,0.809561793,2205.0,2887.0
0.6428937621667584,0.0,0.425044193,0.789723634,2205.0,2887.0
0.5924873826041285,0.0,0.3806391635,0.7683464760000001,2205.0,2887.0
0.5730512502843386,0.0,0.373423962,0.7375360965,2205.0,2887.0
0.6095912358313271,0.0,0.359445679,0.74392888,2205.0,2887.0
0.6797101542611745,0.057592001,0.332921029,0.752777063,2205.0,2887.0
0.7391888269971422,0.183936497,0.283893793,0.730349324,2205.0,2887.0
0.7703858904177332,0.328337712,0.222940424,0.695785466,2205.0,2887.0
0.7808662315873439,0.484930929,0.230321492,0.675682856,2205.0,2887.0
0.7849887995883685,0.611040438,0.248729587,0.659476917,2205.0,2887.0
0.7909737132429622,0.7256430405000001,0.2424370505,0.60368208,2205.0,2887.0
0.793846319189297,0.6620838739999999,0.279961464,0.640334611,2205.0,2887.0
0.7916882496978737,0.5008765045,0.275208908,0.6855392605,2205.0,2887.0
0.7881846746283994,0.395307751,0.26519004,0.711936172,2205.0,2887.0
0.7802282985367637,0.308504183,0.254286817,0.727081326,2205.0,2887.0
0.7621414642126674,0.234161862,0.238382932,0.736327055,2205.0,2887.0
0.7497550420603091,0.136500368,0.241095798,0.731295012,2205.0,2887.0
0.7182592828876655,0.027311778,0.260808755,0.734746891,2205.0,2887.0
0.6986272508019844,0.0,0.279379924,0.741196975,2205.0,2887.0
0.6256938774371001,0.0,0.288465797,0.726541367,2205.0,2887.0
0.5700022169123296,0.0,0.2752320325,0.6855626305,2205.0,2887.0
0.5396521601240201,0.0,0.237616259,0.6435901374999999,2205.0,2887.0
0.5491320881558462,0.0,0.2251511325,0.6160878025000001,2205.0,2887.0
0.5525913290081012,0.059585584,0.219870426,0.582051031,2205.0,2887.0
0.5827125735614178,0.192643095,0.194170379,0.552582493,2205.0,2887.0
0.6160186040828544,0.347446649,0.123876315,0.504379237,2205.0,2887.0
0.6503161321007218,0.51235284,0.105636566,0.445122019,2205.0,2887.0
0.6649472074856633,0.662304958,0.099881809,0.414875929,2205.0,2887.0
0.6727770792481286,0.788156185,0.091568289,0.395085689,2205.0,2887.0
0.6782549998303246,0.8719047795,0.102197776,0.439148411,2205.0,2887.0
0.6806506419964435,0.8205659279999999,0.101492798,0.457427023,2205.0,2887.0
0.6776926500344103,0.689203704,0.099587675,0.472998831,2205.0,2887.0
0.675390821546245,0.575857319,0.102484794,0.486551248,2205.0,2887.0
0.6699293128046505,0.43228545,0.104985882,0.501947678,2205.0,2887.0
0.6565465582144082,0.280265874,0.117083893,0.569056415,2205.0,2887.0
0.6482438477655766,0.145368643,0.161558356,0.608998323,2205.0,2887.0
0.643234995522528,0.023855849,0.212220388,0.596794299,2205.0,2887.0
0.6398367224447385,0.0,0.249571913,0.600874786,2205.0,2887.0
0.6239910371672204,0.0,0.192773142,0.49618004800000004,2205.0,2887.0
0.5553600746271417,0.0,0.18621880600000001,0.4144803955,1035.0,1356.0
0.5459058511474271,0.0,0.1685805475,0.335693164,1035.0,1356.0
0.5503215258187388,0.0,0.155392505,0.254670809,1035.0,1356.0
0.5527404551168629,0.054139824,0.138238145,0.210594355,1035.0,1356.0
0.5943812657292628,0.159634819,0.112566697,0.186921967,1035.0,1356.0
0.6360415930758289,0.296405347,0.069639085,0.147101399,1035.0,1356.0
0.6792478724255323,0.450809367,0.060318255,0.1213607,1035.0,1356.0
0.6946780274541138,0.603650632,0.059070053,0.108606304,1035.0,1356.0
0.6999471183429172,0.717578193,0.057745199,0.123850449,1035.0,1356.0
0.7103061448714415,0.8068138315,0.078547178,0.15392623,1035.0,1356.0
0.7083739378724773,0.7833575694999999,0.0973977125,0.211280372,1035.0,1356.0
0.6999253837336247,0.670020136,0.108964773,0.313285754,1035.0,1356.0
0.6985926527801837,0.528375616,0.112936665,0.346005482,1035.0,1356.0
0.6931559835920664,0.379170104,0.126459724,0.323736569,1035.0,1356.0
0.6796913472227513,0.237216833,0.143925426,0.333395452,1035.0,1356.0
0.6706747213280932,0.125648482,0.181079488,0.328369633,1035.0,1356.0
0.6596879193072718,0.0116413485,0.22507161650000002,0.322777001,1035.0,1356.0
0.6426108573474631,0.0,0.20625060150000002,0.29365849450000003,1035.0,1356.0
0.5837877715208478,0.0,0.1862517115,0.359084511,1035.0,1356.0
0.583149150946189,0.0,0.1530230675,0.2792944935,1035.0,1356.0
0.6174791699690529,0.0,0.142078876,0.253674723,1035.0,1356.0
0.675549439860876,0.049835418,0.124661399,0.242108822,1035.0,1356.0
0.737503551798136,0.129017212,0.106560374,0.232962698,1035.0,1356.0
0.7801452634261785,0.228002229,0.07762749,0.225911444,1035.0,1356.0
0.8039613414887327,0.340541096,0.074513351,0.215742818,1035.0,1356.0
0.8135527813499925,0.459108167,0.081577295,0.264394404,1035.0,1356.0
0.8237806460824494,0.560210522,0.06319001,0.26078195,1035.0,1356.0
0.8350957737538236,0.6290101244999999,0.0790265355,0.3725190745,1035.0,1356.0
0.834337812474276,0.641924359,0.090790131,0.441328618,1035.0,1356.0
0.8277219739892516,0.583709086,0.088003766,0.474676049,1035.0,1356.0
0.8231024375453667,0.518956527,0.081871995,0.494897448,1035.0,1356.0
0.8200493898365896,0.414807841,0.077665951,0.498319489,1035.0,1356.0
0.8140339590119566,0.313779462,0.076156691,0.482189781,1035.0,1356.0
0.7974063599704717,0.192359197,0.074355383,0.477237531,1035.0,1356.0
0.7807113392259827,0.105577088,0.083684001,0.471502729,1035.0,1356.0
0.7403433341138878,0.019324209,0.100635393,0.455843605,1035.0,1356.0
0.7147105974408559,0.0,0.106748164,0.439283615,1035.0,1356.0
0.628766530566701,0.0,0.105671207,0.449791272,1035.0,1356.0
0.5802662986536727,0.0,0.086101139,0.38127606550000004,1035.0,1356.0
0.5830414759283471,0.0,0.07074446200000001,0.30591943499999996,1035.0,1356.0
0.6175346154298478,0.0,0.074060877,0.286746289,1035.0,1356.0
0.6753487717191452,0.043437609,0.072374408,0.275540214,1035.0,1356.0
0.7354506511671703,0.148228231,0.059874435,0.249028073,1035.0,1356.0
0.7740718145189932,0.254415305,0.044311116,0.219511402,1035.0,1356.0
0.7969277549302651,0.382411059,0.040964971,0.200272225,1035.0,1356.0
0.8086098869738935,0.526269173,0.04299926,0.19840063,1035.0,1356.0
0.823943123430957,0.658667821,0.049662284,0.23117621100000002,1035.0,1356.0
0.8306882162402247,0.6939616424999999,0.078338817,0.31486968699999995,1035.0,1356.0
0.8230159426427255,0.61356755,0.1015746945,0.421405957,1035.0,1356.0
0.8176894545792145,0.453140958,0.104645404,0.420897663,1035.0,1356.0
0.8040899749051312,0.333409081,0.085271724,0.391849726,1035.0,1356.0
0.784506113747021,0.183402195,0.075199934,0.330512959,1035.0,1356.0
0.7688055624131609,0.106677134,0.06874885,0.259767337,1035.0,1356.0
0.7304960468113157,0.020348998,0.067364473,0.222716536,1035.0,1356.0
0.6712417285402845,0.0,0.0898654905,0.224138777,1035.0,1356.0
0.5927434739843693,0.0,0.089544077,0.2213720695,1035.0,1356.0
0.5721616836741943,0.0,0.061367957,0.16866353350000002,1035.0,1356.0
0.6029813855180277,0.0,0.050526011999999995,0.160076295,1035.0,1356.0
0.6750220428840137,0.045421287,0.047454105,0.129559292,1035.0,1356.0
0.7356892883348597,0.161373105,0.037982037,0.116142354,1035.0,1356.0
0.7724289439949582,0.313298433,0.025677867,0.10253887,1035.0,1356.0
0.7964615696667973,0.474698698,0.025447669,0.085303503,1035.0,1356.0
0.8111346505355096,0.619870771,0.034197142,0.071638301,1035.0,1356.0
0.8216847197674277,0.715347867,0.059237939,0.07674857,1035.0,1356.0
0.8314699525802556,0.799556756,0.0672644515,0.08983445749999999,1035.0,1356.0
0.8283747220650125,0.7244877654999999,0.0955562965,0.1563862165,1035.0,1356.0
0.8216250161321764,0.56429451,0.095086359,0.178403898,1035.0,1356.0
0.8172882957703089,0.442102542,0.088874102,0.183258592,1035.0,1356.0
0.8069693230116425,0.31112544,0.094225579,0.175532926,1035.0,1356.0
0.7850713910631842,0.188193646,0.098569052,0.173624964,1035.0,1356.0
0.766012354260179,0.082132264,0.108533017,0.175703844,1035.0,1356.0
0.7111938706766154,0.009845585,0.1205542385,0.18868754,1035.0,1356.0
0.6167936426060378,0.0,0.117521182,0.1220174625,1035.0,1356.0
0.5711421529428236,0.0,0.140137519,0.1936309345,1035.0,1356.0
0.5806521323372551,0.0,0.1563832495,0.2395727185,1035.0,1356.0
0.6172267824210378,0.0,0.146151065,0.214206379,1035.0,1356.0
0.6748814332254055,0.023402801,0.136268033,0.17681276,1035.0,1356.0
0.7349520857570281,0.074359417,0.122284877,0.138623871,1035.0,1356.0
0.7694226479235069,0.140395063,0.115377501,0.119331048,1035.0,1356.0
0.7837348454698158,0.225190129,0.122425698,0.113124839,1035.0,1356.0
0.7897660672778263,0.331164308,0.132287079,0.135464518,1035.0,1356.0
0.8036076439116551,0.442520299,0.1386464435,0.19605851800000001,1035.0,1356.0
0.8081427259040894,0.545782836,0.20964702600000001,0.2598135965,1035.0,1356.0
0.8015850830267932,0.518425246,0.238799904,0.336777628,1035.0,1356.0
0.7990900383034365,0.41968037150000004,0.25652108900000004,0.39322108450000004,1035.0,1356.0
0.7864432442728556,0.286921117,0.248724788,0.405474364,1035.0,1356.0
0.768812304522717,0.191846933,0.228510975,0.370162073,1035.0,1356.0
0.7543370530127644,0.097630727,0.207307261,0.325168901,1035.0,1356.0
0.7051380311836328,0.009842224,0.1944132745,0.260750535,1035.0,1356.0
0.6291554027300951,0.0,0.18828432,0.227136781,1035.0,1356.0
0.5851205467669973,0.0,0.187794592,0.20662146250000002,1035.0,1356.0
0.5696870650269668,0.0,0.179538458,0.1921039295,1035.0,1356.0
0.6036182318027092,0.0,0.15999235750000002,0.17611587150000002,1035.0,1356.0
0.6755627024645844,0.036060195,0.142938438,0.164693463,1035.0,1356.0
0.7348806720407809,0.129047419,0.128108495,0.148124464,1035.0,1356.0
0.7692865627018093,0.261613025,0.12288217,0.135289388,1035.0,1356.0
0.7851631199972383,0.381960205,0.1190542,0.127637571,1035.0,1356.0
0.7950314322133601,0.474049003,0.11248574,0.121207394,1035.0,1356.0
0.805273757123126,0.59833282,0.098690533,0.122891195,1035.0,1356.0
0.8140571573560635,0.6730094035,0.12268411000000001,0.122994915,1035.0,1356.0
0.8154292323836196,0.644360318,0.142498352,0.1545760275,1035.0,1356.0
0.8150589455420048,0.577095366,0.147849661,0.191304951,1035.0,1356.0
0.8103131709301632,0.468253385,0.150265713,0.206252825,1035.0,1356.0
0.8034835348309265,0.360241036,0.1491287,0.192489115,1035.0,1356.0
0.7835833242138527,0.226389125,0.13694489,0.16579718,1035.0,1356.0
0.7688270308612397,0.13460153,0.137143792,0.15172694,1035.0,1356.0
0.7136487285495074,0.012207455,0.1475370885,0.15871016799999998,1035.0,1356.0
0.6245102725924208,0.0,0.142160297,0.15528314,1035.0,1356.0
0.5687463999183825,0.0,0.14383817399999999,0.13903105799999999,1035.0,1356.0
0.5378377858024217,0.0,0.138924993,0.11794935749999999,1035.0,1356.0
0.5460160544943179,0.0,0.1317999445,0.101162399,1035.0,1356.0
0.5500156888671704,0.047192874,0.121889198,0.102029491,1035.0,1356.0
0.581241628299051,0.18564821,0.095836824,0.101126353,1035.0,1356.0
0.6178118426325808,0.334397385,0.058458128,0.091121282,1035.0,1356.0
0.6652589439222988,0.499499098,0.066698429,0.085564706,1035.0,1356.0
0.6835978997344372,0.649724736,0.087178864,0.077157316,1035.0,1356.0
0.6937060467424693,0.7687004705,0.09420764400000001,0.040373479500000004,1035.0,1356.0
0.6959794870972031,0.7809814995,0.1319028815,0.070683514,1035.0,1356.0
0.6911621656378872,0.6453615205000001,0.1641319695,0.13516546200000001,1035.0,1356.0
0.6881144851423705,0.483856528,0.19183771,0.17992758,1035.0,1356.0
0.6839523070072575,0.366647732,0.201811894,0.20815027,1035.0,1356.0
0.6718277646087839,0.257172784,0.187175274,0.226864134,1035.0,1356.0
0.6645532344220834,0.15844711,0.203259372,0.237378377,1035.0,1356.0
0.6460869536760895,0.013791354,0.245588297,0.274608333,1035.0,1356.0
0.6107264257082661,0.0,0.268529174,0.3185573105,1035.0,1356.0
0.5584649970450948,0.0,0.254894054,0.314827176,1035.0,1356.0
0.541904930514316,0.0,0.240219021,0.31920449,1035.0,1356.0
0.5466808674989461,0.0,0.2148471185,0.2978387165,1035.0,1356.0
0.5505415776646492,0.043447105,0.193062069,0.289422925,1035.0,1356.0
0.5812721010751415,0.185348447,0.157410395,0.278501618,1035.0,1356.0
0.6187175993666825,0.336032261,0.097870218,0.242645139,1035.0,1356.0
0.6640154579678125,0.496339921,0.097410613,0.215515497,1035.0,1356.0
0.6814681738812556,0.644305094,0.125388198,0.21240211,1035.0,1356.0
0.6904820053362716,0.75944453,0.119950081,0.191793865,1035.0,1356.0
0.6946650088399544,0.8439971215,0.1721528175,0.2212214885,1035.0,1356.0
0.6939277397471295,0.747571522,0.209316431,0.34370939050000004,1035.0,1356.0
0.6887054891823097,0.623687444,0.234601627,0.406926187,1035.0,1356.0
0.6877039670563416,0.505393066,0.261077139,0.435569478,1035.0,1356.0
0.6826486737817502,0.4073543,0.271109045,0.452970648,1035.0,1356.0
0.6694911163821734,0.269074511,0.270511619,0.471322475,1035.0,1356.0
0.6586777034590752,0.150970966,0.293895719,0.477596929,1035.0,1356.0
0.647376991571061,0.027300838,0.326781004,0.478177236,1035.0,1356.0
0.6392183506235138,0.0,0.329496628,0.4486478145,1035.0,1356.0
0.5925355092389907,0.0,0.3116496675,0.39228307149999997,1035.0,1356.0
0.5705281944977063,0.0,0.297866769,0.3748115015,1035.0,1356.0
0.6032787504640118,0.0,0.2738529965,0.338136087,1035.0,1356.0
0.6752408527117538,0.046253649,0.246444455,0.303714766,1035.0,1356.0
0.7351402010920337,0.187280385,0.195820536,0.278867799,1035.0,1356.0
0.771054606850187,0.339287005,0.137368372,0.250947502,1035.0,1356.0
0.7899552913985344,0.508746849,0.143231338,0.232974164,1035.0,1356.0
0.8023306245802224,0.662078607,0.182753016,0.230400899,1035.0,1356.0
0.8110704224633477,0.787903365,0.171686312,0.204213868,1035.0,1356.0
0.8174081466259606,0.8403003265,0.20111750150000002,0.22499478,1035.0,1356.0
0.8174941535495035,0.7945833234999999,0.2328389735,0.2484449445,1035.0,1356.0
0.8111057745242201,0.6203545159999999,0.27193697650000004,0.28341725149999997,1035.0,1356.0
0.8001796076522774,0.424034192,0.286010489,0.275601769,1035.0,1356.0
0.7813960238126482,0.285483118,0.264532053,0.275910557,1035.0,1356.0
0.7653210161493743,0.156621445,0.263819563,0.305048935,1035.0,1356.0
0.7111815174148701,0.0135191315,0.29012340999999997,0.36962860900000005,1035.0,1356.0
0.6378756395357253,0.0,0.308742038,0.452405514,1035.0,1356.0
0.5889252571296748,0.0,0.25884433149999997,0.43325849250000004,1035.0,1356.0
0.5701710815225218,0.0,0.2360149895,0.4028371245,1035.0,1356.0
0.6034297394481679,0.0,0.20863809049999998,0.375390109,1035.0,1356.0
0.6755627024645844,0.033811456,0.183642734,0.361985623,1035.0,1356.0
0.734579137606998,0.159683763,0.156493005,0.347290423,1035.0,1356.0
0.7689237276654932,0.282898842,0.118778405,0.307826398,1035.0,1356.0
0.781335876642868,0.425746863,0.13058112,0.286722821,1035.0,1356.0
0.7837388375842992,0.548041608,0.162754948,0.270923392,1035.0,1356.0
0.7882290309666629,0.684742092,0.134112592,0.1893819795,1035.0,1356.0
0.7908110584705189,0.715501948,0.1966967025,0.250509369,1035.0,1356.0
0.785936916552872,0.59051282,0.264224397,0.371879104,1035.0,1356.0
0.7804395235292184,0.47158096,0.302397553,0.462573997,1035.0,1356.0
0.7713633270292958,0.379961977,0.318549202,0.488603012,1035.0,1356.0
0.7550923530345173,0.249766012,0.315109316,0.480908098,1035.0,1356.0
0.7432425982470059,0.131231805,0.322950862,0.469872072,1035.0,1356.0
0.7017426634038074,0.01082741,0.332197894,0.45535745250000004,1035.0,1356.0
0.6110942507358257,0.0,0.300644038,0.40138915,1035.0,1356.0
0.5695707183066999,0.0,0.253757034,0.361905524,1035.0,1356.0
0.58100531981419,0.0,0.2256101915,0.34592499099999996,1035.0,1356.0
0.6195526963223682,0.0,0.208735026,0.342028359,1035.0,1356.0
0.6763330391269216,0.028999471,0.197578823,0.346201363,1035.0,1356.0
0.7349721349148619,0.161179714,0.168684375,0.351840321,1035.0,1356.0
0.7685101490798489,0.28165843,0.16231802,0.347646056,1035.0,1356.0
0.7818219334883734,0.4748311085,0.16938429900000002,0.29291046099999996,1035.0,1356.0
0.7838194774464425,0.581615567,0.129287254,0.214945097,1035.0,1356.0
0.786535461135388,0.6360779195,0.1560283775,0.227210623,1035.0,1356.0
0.7891837127180272,0.618858275,0.184325621,0.234422627,1035.0,1356.0
0.7855605529034946,0.481159074,0.201284997,0.24845926200000001,1035.0,1356.0
0.777706551333915,0.346264008,0.206198541,0.276941419,1035.0,1356.0
0.7519579114751453,0.182553179,0.203515143,0.2980082505,1035.0,1356.0
0.7147876000363872,0.021403487,0.21426303,0.324927777,1035.0,1356.0
0.6572768412081278,0.0,0.2129409,0.3721068395,1035.0,1356.0
0.583495041768856,0.0,0.1989519245,0.327349779,1035.0,1356.0
0.5693547472619307,0.0,0.166888861,0.2521061955,1035.0,1356.0
0.6057981024690389,0.0,0.145790692,0.2456210545,1035.0,1356.0
0.6773090563469985,0.033724546,0.131804637,0.251895276,1035.0,1356.0
0.7349343432622187,0.154256296,0.097724308,0.233049747,1035.0,1356.0
0.7683687410388403,0.298832577,0.058813828,0.199612497,1035.0,1356.0
0.7814301781986794,0.446755037,0.056651929,0.168677666,1035.0,1356.0
0.7882328456065903,0.6313350805,0.0631028,0.1397057545,1035.0,1356.0
0.8002930269029155,0.6912404255,0.0707053995,0.1484592135,1035.0,1356.0
0.8037115264612341,0.648431082,0.079501998,0.204531913,1035.0,1356.0
0.8030547863722304,0.5624498755,0.0808278075,0.27840116800000003,1035.0,1356.0
0.7988667484833549,0.435423,0.088481734,0.342409068,1035.0,1356.0
0.7905946438406003,0.335842388,0.092502425,0.36828509,1035.0,1356.0
0.7721679512088911,0.231594379,0.099233672,0.371321519,1035.0,1356.0
0.7540682535735272,0.128062015,0.125106614,0.364670541,1035.0,1356.0
0.7035459708251595,0.0090584335,0.1667374955,0.3729991575,1035.0,1356.0
0.6273441111810169,0.0,0.145067185,0.33037326,1035.0,1356.0
0.5842039893444831,0.0,0.1321349135,0.265226428,1035.0,1356.0
0.5691395745995619,0.0,0.114235686,0.23082715850000002,1035.0,1356.0
0.6048313336171427,0.0,0.1003735295,0.198511602,1035.0,1356.0
0.6758234734327666,0.032236103,0.087015011,0.17819884,1035.0,1356.0
0.734579137606998,0.158816011,0.066133968,0.159712166,1035.0,1356.0
0.769355137533845,0.311243769,0.033370906,0.138934746,1035.0,1356.0
0.7837183449931767,0.460054943,0.028893142,0.129772881,1035.0,1356.0
0.8007133920426852,0.637597569,0.032574591,0.107706171,1035.0,1356.0
0.8178173782998704,0.7338769265,0.0452132535,0.12920980999999998,1035.0,1356.0
0.8211758637690155,0.6725194685,0.059054419,0.211998111,1035.0,1356.0
0.8169110893445819,0.599146758,0.068573079,0.251320147,1035.0,1356.0
0.813683721226935,0.486277533,0.066566769,0.269893154,1035.0,1356.0
0.8027344447987835,0.372521987,0.069833102,0.281284473,1035.0,1356.0
0.7802894215635003,0.254961,0.081587842,0.29087253,1035.0,1356.0
0.7630725040347756,0.135686725,0.106238444,0.312248159,1035.0,1356.0
0.7072955462315846,0.0107566235,0.14654743450000002,0.3466508145,1035.0,1356.0
0.6153090355993825,0.0,0.139046485,0.348509558,1035.0,1356.0
0.5634576591135656,0.0,0.1323148975,0.309965231,1035.0,1356.0
0.5373071064068189,0.0,0.1198175195,0.27867494049999997,1035.0,1356.0
0.5459262328802275,0.0,0.10852681850000001,0.2348395375,1035.0,1356.0
0.5498476225887584,0.029934014,0.095742574,0.20744162,1035.0,1356.0
0.5796672882637227,0.160519323,0.073516208,0.177267696,1035.0,1356.0
0.6158702764577336,0.311105075,0.034956777,0.130233358,1035.0,1356.0
0.6578713937267807,0.450844535,0.026409531,0.097975469,1035.0,1356.0
0.6769458221194822,0.578679199,0.031518753,0.076760324,1035.0,1356.0
0.6879170994193804,0.698844687,0.039249424,0.075205266,1035.0,1356.0
0.6958961637043601,0.7140231765,0.040514746500000004,0.105821283,1035.0,1356.0
0.694083053521976,0.7106014110000001,0.0410112965,0.1550022755,1035.0,1356.0
0.6887557448537798,0.603842746,0.036505329,0.185543887,1035.0,1356.0
0.6881286348151372,0.518162441,0.04090334,0.218397977,1035.0,1356.0
0.6835145097759806,0.400088731,0.045156531,0.2416963,1035.0,1356.0
0.6715374966202271,0.248902637,0.0535776,0.243183094,1035.0,1356.0
0.6601159137268963,0.138581325,0.079386499,0.261060725,1035.0,1356.0
0.6464182290691759,0.020400788,0.11277445,0.315620181,1035.0,1356.0
0.6295271089631955,0.0,0.16214197149999998,0.366431363,1035.0,1356.0
0.5685727891546352,0.0,0.159917873,0.29991846,1035.0,1356.0
0.5379762219798525,0.0,0.114396436,0.218660608,1035.0,1356.0
0.5461941673714508,0.0,0.09146364400000001,0.1455332755,1035.0,1356.0
0.5497339816720962,0.027959323,0.073272276,0.106827513,1035.0,1356.0
0.5804891671615098,0.148676599,0.057057151,0.091656306,1035.0,1356.0
0.6174255875355134,0.313158528,0.024621721,0.07240336,1035.0,1356.0
0.6630845069336025,0.479890573,0.016399905,0.050853708,1035.0,1356.0
0.6835978997344372,0.625887587,0.016733175,0.035035264,1035.0,1356.0
0.6940675065787679,0.744437315,0.02592679,0.057610142,1035.0,1356.0
0.69819821395979,0.827269787,0.0469547975,0.071126826,1035.0,1356.0
0.6937657059837713,0.73677865,0.056159151500000004,0.11179102299999999,1035.0,1356.0
0.688734276405701,0.613918657,0.06990992,0.163585348,1035.0,1356.0
0.688292043626652,0.493484073,0.081237734,0.234195076,1035.0,1356.0
0.6835145097759806,0.340745046,0.080926241,0.265428088,1035.0,1356.0
0.6716297578767086,0.225337354,0.081657775,0.26881171,1035.0,1356.0
0.6580796468050374,0.133317183,0.092876294,0.246770786,1035.0,1356.0
0.6472547455175875,0.019213469,0.106292582,0.198952912,1035.0,1356.0
0.6382200222296287,0.0,0.1391715685,0.172002512,1035.0,1356.0
0.5909811517958827,0.0,0.1468789995,0.148326184,1035.0,1356.0
0.570249503560159,0.0,0.12953860150000002,0.0860991925,1035.0,1356.0
0.6034544680927028,0.0,0.114276019,0.0688955525,1035.0,1356.0
0.6753021088697176,0.027051864,0.114971286,0.118514342,1035.0,1356.0
0.7352286032640184,0.141758211,0.115839147,0.141253389,1035.0,1356.0
0.7715154692943439,0.235730387,0.100699462,0.152768436,1035.0,1356.0
0.7949655186897395,0.360829881,0.109767489,0.163037098,1035.0,1356.0
0.8098235655047034,0.480089911,0.122196946,0.177323886,1035.0,1356.0
0.822100604914856,0.568797396,0.092036234,0.178668741,1035.0,1356.0
0.8317833301756412,0.614643947,0.12432707999999999,0.301865577,1035.0,1356.0
0.8279229969788537,0.587366059,0.198396306,0.497307236,1035.0,1356.0
0.8212059373539057,0.495029773,0.261678386,0.599034677,1035.0,1356.0
0.8149229490069649,0.409079793,0.298424171,0.608963239,1035.0,1356.0
0.8015915590763761,0.332095937,0.31304451,0.586972991,1035.0,1356.0
0.7804897348573597,0.220578031,0.310907548,0.554327422,1035.0,1356.0
0.766223845312607,0.113680825,0.319170172,0.508373747,1035.0,1356.0
0.7280708189381647,0.015265982,0.326197915,0.463319858,1035.0,1356.0
0.6712904983052759,0.0,0.3073260455,0.430877914,1035.0,1356.0
0.5948851094635266,0.0,0.290739454,0.4602110405,1035.0,1356.0
0.5719713727369672,0.0,0.238688169,0.4097411015,1035.0,1356.0
0.6030993290030955,0.0,0.19066895150000002,0.31925725,1035.0,1356.0
0.6748801468639066,0.024379749,0.161494517,0.265372888,1035.0,1356.0
0.7350780578650116,0.149726066,0.135714033,0.238688127,1035.0,1356.0
0.7701913434777141,0.255125854,0.120556512,0.222417343,1035.0,1356.0
0.7856530802705695,0.391338043,0.124643892,0.21444765,1035.0,1356.0
0.7985810048304685,0.5621899865,0.1218210745,0.188796639,1035.0,1356.0
0.8086393839942679,0.672131055,0.1322107345,0.1877475515,1035.0,1356.0
0.8078173277737857,0.5838923149999999,0.15276515750000003,0.19850565450000002,1035.0,1356.0
0.8052350784014246,0.523265087,0.157661783,0.200981848,1035.0,1356.0
0.803411322732279,0.457722724,0.156554399,0.194706743,1035.0,1356.0
0.7948748542992995,0.360010488,0.150350376,0.187431692,1035.0,1356.0
0.7762852850772622,0.251021049,0.13890611,0.188857675,1035.0,1356.0
0.7609376329380791,0.137825864,0.131577036,0.188363692,1035.0,1356.0
0.7048022314548761,0.0071323915,0.14129066899999998,0.1864784295,1035.0,1356.0
0.6284683227937471,0.0,0.142482911,0.197612818,1035.0,1356.0
0.5842444645278261,0.0,0.12092027150000001,0.164013564,1035.0,1356.0
0.5690700682032785,0.0,0.0997303745,0.13374726050000002,1035.0,1356.0
0.6051699944017752,0.0,0.08507609199999999,0.1234189575,1035.0,1356.0
0.6760439244698773,0.020922405,0.080094615,0.123127778,1035.0,1356.0
0.734579137606998,0.158738943,0.070069821,0.119137937,1035.0,1356.0
0.7692865627018093,0.29820602,0.04445425,0.115186011,1035.0,1356.0
0.7867650939244457,0.447591807,0.04212693,0.100267333,1035.0,1356.0
0.8003504683703316,0.589584028,0.047247383,0.082764026,1035.0,1356.0
0.8109075459742601,0.710368318,0.062252985,0.08540288,1035.0,1356.0
0.8168124408264157,0.7593094975000001,0.070094486,0.1110435495,1035.0,1356.0
0.8191494882442263,0.6715651145,0.056082817,0.199184997,1035.0,1356.0
0.8170335128726112,0.54316785,0.053508112,0.285660192,1035.0,1356.0
0.8150206216681747,0.463451897,0.068942089,0.337837593,1035.0,1356.0
0.8076549834552647,0.339705632,0.091876344,0.352443161,1035.0,1356.0
0.7884891366330515,0.23169457,0.106554712,0.338726751,1035.0,1356.0
0.7678274161058556,0.116715858,0.130944885,0.29677861,1035.0,1356.0
0.7116435110188748,0.007638637,0.1699573955,0.260235118,1035.0,1356.0
0.6182809332446332,0.0,0.17430104899999999,0.28826576,1035.0,1356.0
0.5702986503953065,0.0,0.166932001,0.23880967399999997,1035.0,1356.0
0.5802918257312283,0.0,0.1410753095,0.2115068485,1035.0,1356.0
0.6188249860516465,0.0,0.118563072,0.205125991,1035.0,1356.0
0.6757241152188577,0.021301398,0.111819626,0.20808144,1035.0,1356.0
0.7350442583268518,0.147390851,0.08842528,0.195858756,1035.0,1356.0
0.7727364221558968,0.286752998,0.047795488,0.173661715,1035.0,1356.0
0.800273554461458,0.445861106,0.03762667,0.152837273,1035.0,1356.0
0.813642558570134,0.59455091,0.037090936,0.138934895,1035.0,1356.0
0.824527607027364,0.729399038,0.038107402,0.102847452,1035.0,1356.0
0.8332352909756489,0.7871870384999999,0.0447446485,0.13662710849999998,1035.0,1356.0
0.829321730142573,0.6775982604999999,0.052888987,0.24542112500000002,1035.0,1356.0
0.8225339664971206,0.527625854,0.065429003,0.332231287,1035.0,1356.0
0.8203196974552106,0.41701775,0.080041564,0.350827021,1035.0,1356.0
0.8131727361412947,0.300424155,0.097850559,0.345919321,1035.0,1356.0
0.7946398542969817,0.189919599,0.119585017,0.344500132,1035.0,1356.0
0.7730096573453868,0.093326952,0.145425749,0.338855605,1035.0,1356.0
0.7201773402138631,0.0031687855,0.17811713950000002,0.325428797,1035.0,1356.0
0.6243512106926403,0.0,0.148631024,0.26805653500000004,1035.0,1356.0
0.5768121587522238,0.0,0.12719037900000002,0.1898710155,1035.0,1356.0
0.5812454651106429,0.0,0.1051323705,0.18003937650000001,1035.0,1356.0
0.617322414681677,0.0,0.083227998,0.185577742,1035.0,1356.0
0.6751785321114165,0.015065731,0.075158527,0.18764386,1035.0,1356.0
0.7353410909504087,0.11429328,0.061011595,0.179655347,1035.0,1356.0
0.7699317701843731,0.217191539,0.048528659,0.189529922,1035.0,1356.0
0.7841460289082587,0.322173351,0.048377079,0.197142165,1035.0,1356.0
0.788004676552347,0.416857498,0.053062821,0.201759877,1035.0,1356.0
0.8007781522854137,0.48511293,0.050436324,0.142289654,1035.0,1356.0
0.8079215207772871,0.5453613145,0.0737338245,0.2053112795,1035.0,1356.0
0.8019812739654995,0.526464822,0.11171352200000001,0.307391712,1035.0,1356.0
0.7965096519077103,0.439067852,0.148979108,0.360500004,1035.0,1356.0
0.7919342056914955,0.359853336,0.168319824,0.373734201,1035.0,1356.0
0.7781280253606278,0.241736562,0.161034626,0.370472783,1035.0,1356.0
0.7550923530345173,0.15395887,0.160283756,0.389278507,1035.0,1356.0
0.7431090413037368,0.080076196,0.160781875,0.397092563,1035.0,1356.0
0.7018732484834986,0.0052816675,0.17223895849999998,0.3767615195,1035.0,1356.0
0.6103273294715955,0.0,0.174627331,0.321690511,1035.0,1356.0
0.5629486699839263,0.0,0.14681276999999998,0.2340753345,1035.0,1356.0
0.5373599348012869,0.0,0.1171161195,0.155303308,1035.0,1356.0
0.5461658902482021,0.0,0.0982544735,0.1131598255,1035.0,1356.0
0.5500843081437754,0.010760444,0.095320019,0.087152861,1035.0,1356.0
0.5789183313628068,0.090955404,0.082623218,0.087923325,1035.0,1356.0
0.6142007921408643,0.18756803,0.070375312,0.081052236,1035.0,1356.0
0.6508805666911557,0.304903429,0.072735884,0.080192288,1035.0,1356.0
0.6625273245528673,0.457926517,0.0700199735,0.09500133499999999,1035.0,1356.0
0.6694646578416106,0.5614202335,0.08152293499999999,0.115845621,1035.0,1356.0
0.6735292963961206,0.5185941765,0.090387225,0.139863811,1035.0,1356.0
0.6720036597626509,0.402054412,0.10366627049999999,0.1281616115,1035.0,1356.0
0.6672066312988576,0.279494412,0.113875243,0.119963023,1035.0,1356.0
0.6493227050620425,0.15190360449999998,0.11212253650000001,0.135603997,1035.0,1356.0
0.6336052318380583,0.004781632,0.12070604600000001,0.11667037150000001,1035.0,1356.0
0.5945035118333565,0.0,0.1171351075,0.097041811,1035.0,1356.0
0.5405185505617219,0.0,0.10211221633333334,0.08869598333333334,1035.0,1356.0
0.5464595292915368,0.0,0.0903288985,0.09243262099999999,1035.0,1356.0
0.550023894711541,0.013983685,0.082936268,0.10666122,1035.0,1356.0
0.579170896385378,0.140504624,0.066453575,0.095094816,1035.0,1356.0
0.6150609504679122,0.261483028,0.051439616,0.084422314,1035.0,1356.0
0.6530946582585097,0.422217314,0.060015988,0.087798042,1035.0,1356.0
0.6696115439542016,0.573817078,0.074393177,0.091423852,1035.0,1356.0
0.6824659700033338,0.6726439184999999,0.0852467345,0.1155493495,1035.0,1356.0
0.6891089545023792,0.6684958809999999,0.10048903349999999,0.1540166935,1035.0,1356.0
0.6870095019309284,0.4870633435,0.1319993365,0.18358776,1035.0,1356.0
0.6849242433249528,0.373160354,0.165278314,0.216033613,1035.0,1356.0
0.6802527212123293,0.269911427,0.176716164,0.229198605,1035.0,1356.0
0.6631540576225945,0.14674262100000002,0.1703260225,0.204729585,1035.0,1356.0
0.6472547455175875,0.010913504,0.192614098,0.17640313,1035.0,1356.0
0.6407096998409656,0.0,0.19213683050000002,0.15782722049999998,1035.0,1356.0
0.5935730929697132,0.0,0.1801467995,0.1703015195,1035.0,1356.0
0.5721350033157466,0.0,0.16373717650000003,0.19554431249999998,1035.0,1356.0
0.6031775736167969,0.0,0.14351549000000002,0.20201709499999998,1035.0,1356.0
0.6750229299530718,0.015085874,0.126319185,0.182890723,1035.0,1356.0
0.7357363060321587,0.170078129,0.100235797,0.163705915,1035.0,1356.0
0.7727866335852784,0.328089889,0.059652112,0.137597134,1035.0,1356.0
0.7996154836676265,0.503041462,0.065706004,0.12334505,1035.0,1356.0
0.8126782515322933,0.65936942,0.081935591,0.110561653,1035.0,1356.0
0.8241329242680414,0.773083308,0.09050743,0.089316413,1035.0,1356.0
0.8336688299818491,0.8291169789999999,0.105419318,0.0866261525,1035.0,1356.0
0.8314237332147368,0.6717908185,0.095181479,0.098464387,1035.0,1356.0
0.8240579620224604,0.4623033995,0.090981339,0.15652888,1035.0,1356.0
0.8143666316754843,0.331800264,0.087720069,0.199601333,1035.0,1356.0
0.7988491833618612,0.237022403,0.083648062,0.211698172,1035.0,1356.0
0.7817622298531222,0.131241548,0.100493976,0.2240706,1035.0,1356.0
0.7253183743520241,0.004583005,0.1331647625,0.2154033695,1035.0,1356.0
0.6444241893477322,0.0,0.114121752,0.179677926,1035.0,1356.0
0.5949614024139354,0.0,0.10982655350000001,0.1738459685,1035.0,1356.0
0.5708395982581351,0.0,0.09753686349999999,0.146022377,1035.0,1356.0
0.6031589217294042,0.0,0.078044032,0.090407736,1035.0,1356.0
0.6751077393030139,0.013543438,0.067773392,0.06680412,1035.0,1356.0
0.7354506511671703,0.142493168,0.053711976,0.06519566,1035.0,1356.0
0.7778377573720711,0.271850723,0.02803647,0.062775953,1035.0,1356.0
0.8064946213992616,0.399744692,0.020574272,0.054753872,1035.0,1356.0
0.8173764762256494,0.532146462,0.025520581,0.044608559,1035.0,1356.0
0.8361868512820483,0.6573216005,0.042013128,0.060685293,1035.0,1356.0
0.8392401650507983,0.695927923,0.056169144500000004,0.13640383,1035.0,1356.0
0.83166551972056,0.5966645100000001,0.065097297,0.26783843799999996,1035.0,1356.0
0.8278054526343659,0.503791711,0.073473999,0.321692589,1035.0,1356.0
0.8195107263132606,0.372333499,0.084457458,0.316952038,1035.0,1356.0
0.8021382954140892,0.221859652,0.097683169,0.290798949,1035.0,1356.0
0.789114738593551,0.125212476,0.118362637,0.26366857,1035.0,1356.0
0.7371984688350189,0.0044012945,0.1444991995,0.2444566935,1035.0,1356.0
0.6629158640906748,0.0,0.151708697,0.253397817,1035.0,1356.0
0.607274769741917,0.0,0.14318655349999998,0.2209581985,1035.0,1356.0
0.5806506020368272,0.0,0.118905784,0.16345348199999998,1035.0,1356.0
0.6062064026799412,0.0,0.09598894399999999,0.114542491,1035.0,1356.0
0.6755458913821623,0.01018177,0.086071584,0.116991951,1035.0,1356.0
0.7378084573373173,0.151949973,0.070890393,0.118285328,1035.0,1356.0
0.7875736215318667,0.287872581,0.039081918,0.113009954,1035.0,1356.0
0.812638330792422,0.464557411,0.034952399,0.10173387,1035.0,1356.0
0.8239445872163915,0.626513119,0.042305761,0.094977378,1035.0,1356.0
0.8373744481905906,0.752083233,0.0602992,0.101562044,1035.0,1356.0
0.8449378713176912,0.7969728444999999,0.060355477500000004,0.099271467,1035.0,1356.0
0.8409876278201555,0.6868912815,0.057077038999999996,0.13276792999999998,1035.0,1356.0
0.830632105427016,0.535098008,0.060283623499999994,0.1714900165,1035.0,1356.0
0.8239398854061656,0.390536449,0.072827679,0.231255009,1035.0,1356.0
0.8037821417950808,0.259060096,0.079241066,0.248396181,1035.0,1356.0
0.7900020430358602,0.134527847,0.101093623,0.236934539,1035.0,1356.0
0.7376051278365512,0.0042474965,0.1283806695,0.236346966,1035.0,1356.0
0.6675331827606737,0.0,0.109827149,0.194470532,1035.0,1356.0
0.6110345027572457,0.0,0.1045932195,0.177187333,1035.0,1356.0
0.5806327486330756,0.0,0.08439427399999999,0.1564004555,1035.0,1356.0
0.6064564837674129,0.0,0.065139171,0.135420781,1035.0,1356.0
0.6762726257959275,0.011491374,0.05505878,0.098245893,1035.0,1356.0
0.7421737433071721,0.166304502,0.046173624,0.081083711,1035.0,1356.0
0.7955079081663384,0.317930988,0.022943787,0.062349493,1035.0,1356.0
0.8209924059009072,0.491352237,0.013680096,0.054498494,1035.0,1356.0
0.8370195973832413,0.651327399,0.01829902,0.050093723,1035.0,1356.0
0.8515158738067435,0.802889717,0.030037011,0.049650648500000005,1035.0,1356.0
0.8500964262340172,0.8242654825,0.0440856615,0.0893134475,1035.0,1356.0
0.8382696480739683,0.7051129439999999,0.050780825,0.1775060285,1035.0,1356.0
0.8328417613959779,0.526044739,0.062459505,0.200852638,1035.0,1356.0
0.8271764795684682,0.397129724,0.070225029,0.212939102,1035.0,1356.0
0.8150066050253947,0.238812931,0.086011226,0.224071001,1035.0,1356.0
0.7992224863597626,0.117919106,0.118546304,0.241195292,1035.0,1356.0
0.7660354195742993,0.006325693,0.139677379,0.254061913,1035.0,1356.0
0.7081875080901708,0.0,0.136563513,0.21510277849999998,1035.0,1356.0
0.623050859936494,0.0,0.134397234,0.20851301649999998,1035.0,1356.0
0.5918040286716704,0.0,0.115898785,0.1492136985,1035.0,1356.0
0.6086973444304925,0.0,0.089921045,0.1374429605,1035.0,1356.0
0.6781265438378616,0.0100622,0.077574743,0.124240164,1035.0,1356.0
0.7529086011120265,0.153666778,0.056674106,0.079217172,1035.0,1356.0
0.806873956912217,0.310701585,0.027483391,0.045282786,1035.0,1356.0
0.8339034750350551,0.477216624,0.019848568,0.036585061,1035.0,1356.0
0.8445704677036167,0.623896628,0.02388037,0.04485019,1035.0,1356.0
0.8535765811921199,0.7469695295000001,0.0388636775,0.0802617685,1035.0,1356.0
0.8518016618029589,0.7578694815,0.0625547815,0.1155905615,1035.0,1356.0
0.8415985921794101,0.643924247,0.072666067,0.193833354,1035.0,1356.0
0.8350591353820725,0.532792325,0.081877946,0.249501393,1035.0,1356.0
0.8319377790024736,0.410588234,0.096016805,0.323196611,1035.0,1356.0
0.8149860237476145,0.272476383,0.117186096,0.337163945,1035.0,1356.0
0.7951107413706757,0.140392982,0.130520282,0.279531506,1035.0,1356.0
0.7761198359664174,0.06015048,0.140008213,0.283823667,1035.0,1356.0
0.7331230073191916,0.0017929535,0.15185835250000002,0.2644096255,1035.0,1356.0
0.6196490826726994,0.0,0.177119916,0.382684888,1035.0,1356.0
0.5645925607082468,0.0,0.181103942,0.458781315,1035.0,1356.0
0.5495183210306289,0.0,0.2002569165,0.571914605,1035.0,1356.0
0.5516952420556653,0.0,0.2136600065,0.676014251,1035.0,1356.0
0.552758241955001,0.005364848,0.217449029,0.743223435,1035.0,1356.0
0.5824597423776329,0.088831749,0.20575559,0.74950605,1035.0,1356.0
0.6166743684161422,0.213015379,0.199927582,0.723399226,1035.0,1356.0
0.6528440892931802,0.32797417,0.222685888,0.70425055,1035.0,1356.0
0.6607914166122351,0.452395943,0.233265798,0.687442673,1035.0,1356.0
0.6627415435805645,0.515445041,0.221695247,0.666551429,1035.0,1356.0
0.6646635929706252,0.582751255,0.22750413149999998,0.6276287039999999,1035.0,1356.0
0.6730654176944368,0.6204266945000001,0.2497411785,0.6041543865000001,1035.0,1356.0
0.6741285285533352,0.558059091,0.2603456,0.589931248,1035.0,1356.0
0.6733106861133602,0.470185822,0.263060545,0.588615658,1035.0,1356.0
0.6682545501130395,0.355263705,0.244190981,0.56113183,1035.0,1356.0
0.6552069076768552,0.22870051,0.204935022,0.526982466,1035.0,1356.0
0.6426851098973014,0.095638705,0.161234761,0.497342527,1035.0,1356.0
0.6332527318852017,0.001359619,0.1291965645,0.442872017,1035.0,1356.0
0.5950901245169917,0.0,0.1113176025,0.3859228365,1035.0,1356.0
0.548669251775492,0.0,0.115894477,0.420399495,1035.0,1356.0
0.5375267590615289,0.0,0.1319125215,0.493099504,1035.0,1356.0
0.5463011105725059,0.0,0.16530890050000002,0.5958744475,1035.0,1356.0
0.5497339816720962,0.005646704,0.191003932,0.646697382,1035.0,1356.0
0.5803307262201942,0.121250495,0.195983342,0.677965933,1035.0,1356.0
0.6158702764577336,0.236476349,0.177344771,0.698410285,1035.0,1356.0
0.6541522910964459,0.38036179,0.206840135,0.712772039,1035.0,1356.0
0.6663803168532985,0.503844287,0.25042413,0.719122436,1035.0,1356.0
0.6788095872657771,0.6114708135,0.237433044,0.7390057274999999,1035.0,1356.0
0.6884843283988361,0.637573611,0.28916776,0.786849991,1035.0,1356.0
0.688318457823886,0.555210628,0.321776574,0.786258126,1035.0,1356.0
0.686006804403024,0.42344772,0.317167505,0.771253887,1035.0,1356.0
0.6803827740202134,0.313430234,0.299284339,0.765589907,1035.0,1356.0
0.6692438740776728,0.197862533,0.27684405,0.757908173,1035.0,1356.0
0.6571487400129159,0.103100253,0.264077374,0.739174863,1035.0,1356.0
0.6466792218552428,0.0011185155,0.2415296005,0.719587537,1035.0,1356.0
0.6427742218156492,0.0,0.23348069500000002,0.6780751455,1035.0,1356.0
0.596627959261176,0.0,0.218170833,0.678391335,1035.0,1356.0
0.5815260855904387,0.0,0.2045624735,0.6800006279999999,1035.0,1356.0
0.6068989383643465,0.0,0.1902463535,0.6796458599999999,1035.0,1356.0
0.6757666085804865,0.006454361,0.185070577,0.670318626,1035.0,1356.0
0.7376495728614725,0.120994937,0.174852168,0.652525769,1035.0,1356.0
0.7788838576035673,0.231428656,0.172635434,0.644128768,1035.0,1356.0
0.8003610252210557,0.374641852,0.175569149,0.648141734,1035.0,1356.0
0.8092493282038576,0.486249453,0.171236367,0.633604567,1035.0,1356.0
0.8180351679779456,0.613341057,0.1527911415,0.5213607555,1035.0,1356.0
0.8260278275428408,0.6878642025,0.177622411,0.49776468,1035.0,1356.0
0.8248168104723067,0.646270315,0.177751206,0.43102112,1035.0,1356.0
0.8225879925664299,0.578564412,0.1713171,0.39099476,1035.0,1356.0
0.819895207170971,0.475950314,0.150511866,0.314059749,1035.0,1356.0
0.8123750314445708,0.357475968,0.125290543,0.233070757,1035.0,1356.0
0.7943965154203066,0.238854961,0.107371495,0.173653658,1035.0,1356.0
0.7735595873139424,0.125836922,0.10272576,0.139198213,1035.0,1356.0
0.7203205447165133,0.001904426,0.106449434,0.12719524799999998,1035.0,1356.0
0.6422152874684621,0.0,0.114846769,0.186282824,1035.0,1356.0
0.5962637935706523,0.0,0.1091621955,0.23833618699999998,1035.0,1356.0
0.5779232852864216,0.0,0.108833895,0.3188458235,1035.0,1356.0
0.6064127484382342,0.0,0.10180095850000001,0.372131126,1035.0,1356.0
0.6756776740860745,0.005719553,0.104595672,0.337225795,1035.0,1356.0
0.7383140310182292,0.131515981,0.094800809,0.309351472,1035.0,1356.0
0.7816292495756093,0.26252415,0.076709028,0.293252078,1035.0,1356.0
0.8016124065153701,0.40063645,0.072352249,0.269977118,1035.0,1356.0
0.8086098869738935,0.540517835,0.073225344,0.225864054,1035.0,1356.0
0.8171965668362549,0.620298198,0.063191652,0.133285778,1035.0,1356.0
0.8281918852059891,0.692213632,0.064261874,0.107525286,1035.0,1356.0
0.8276537096111383,0.654140838,0.07009673599999999,0.1414315505,1035.0,1356.0
0.8220473773291879,0.523639715,0.082860681,0.186397003,1035.0,1356.0
0.8203196974552106,0.438642417,0.094135339,0.195634044,1035.0,1356.0
0.8125472228674528,0.316215404,0.107750107,0.208138594,1035.0,1356.0
0.7945761586484876,0.206869945,0.122312903,0.204716976,1035.0,1356.0
0.7749102382367485,0.10838389,0.159339658,0.200329334,1035.0,1356.0
0.7229312929793874,0.0013706415,0.196626319,0.19443906849999998,1035.0,1356.0
0.6448527160897839,0.0,0.188212969,0.180661582,1035.0,1356.0
0.5939993131499808,0.0,0.185425712,0.1863844385,899.0,1177.5
0.5732996014757822,0.0,0.1660394355,0.193253608,763.0,999.0
0.6023144655472155,0.0,0.1524589665,0.17946568699999998,763.0,999.0
0.6729300198955771,0.003687197,0.132398447,0.156875763,763.0,999.0
0.7325402979621414,0.106139498,0.10771965,0.136316045,763.0,999.0
0.7647363994723604,0.238242297,0.07265679,0.111448291,763.0,999.0
0.7780187313050797,0.402845624,0.061971664,0.088269519,763.0,999.0
0.7865582159955861,0.554531442,0.059978038,0.074343897,763.0,999.0
0.7893893930732861,0.692009224,0.032268544,0.052364905,763.0,999.0
0.799348813214377,0.8120971244999999,0.0416073995,0.085574963,763.0,999.0
0.7988016333421349,0.812415425,0.059791469,0.127500094,763.0,999.0
0.7918865669344914,0.705012003,0.0740959535,0.146081338,763.0,999.0
0.787863357197996,0.509061468,0.089289459,0.204589396,763.0,999.0
0.7825175297736344,0.395802424,0.094711666,0.253693449,763.0,999.0
0.7636726455339531,0.266978002,0.099011706,0.318251187,763.0,999.0
0.7475537250163244,0.132630955,0.135198112,0.293481494,763.0,999.0
0.7080373174884154,0.001773852,0.184748384,0.22789551400000002,763.0,999.0
0.6258438684938757,0.0,0.1748411185,0.179434769,763.0,999.0
0.5803142700868839,0.0,0.165722809,0.161493542,763.0,999.0
0.5704128236850162,0.0,0.153252628,0.172027895,763.0,999.0
0.6017303146270152,0.0,0.13569998049999998,0.181537166,763.0,999.0
0.6719518736895123,0.004773703,0.132011052,0.182690179,763.0,999.0
0.7325402979621414,0.161172878,0.114611652,0.169368002,763.0,999.0
0.7657098439694396,0.321710996,0.066141337,0.133789116,763.0,999.0
0.7814826961898454,0.498802218,0.057624806,0.10763405,763.0,999.0
0.7876554146242819,0.660003544,0.069830616,0.094321715,763.0,999.0
0.801682844425281,0.8248050735000001,0.066595764,0.077205252,763.0,999.0
0.806182086478985,0.896265293,0.08691549500000001,0.088677453,763.0,999.0
0.7979033728579014,0.8033771035,0.09977311999999999,0.11255701300000001,763.0,999.0
0.7936338522799128,0.635468528,0.117371702,0.157735953,763.0,999.0
0.7881931910785528,0.48053389,0.132783877,0.220558119,763.0,999.0
0.7692998695476062,0.307550981,0.145980867,0.282058809,763.0,999.0
0.7582946153362328,0.152556597,0.205002374,0.331580174,763.0,999.0
0.716152223157404,0.0016100985,0.293150399,0.382023315,763.0,999.0
0.6635259413302509,0.0,0.289077064,0.339426679,763.0,999.0
0.6073693818528911,0.0,0.28870240049999996,0.3058185535,763.0,999.0
0.5775690111448284,0.0,0.24715506399999998,0.2697988365,763.0,999.0
0.6042874804057297,0.0,0.21228975249999998,0.24990833299999998,763.0,999.0
0.6723833722445218,0.004282869,0.190720129,0.253562689,763.0,999.0
0.7364553224794115,0.164316172,0.155858452,0.219498884,763.0,999.0
0.778255239385541,0.323214411,0.08418379,0.166760897,763.0,999.0
0.7886449160634711,0.504354385,0.054414803,0.106221409,763.0,999.0
0.800295466444066,0.666098565,0.054898538,0.068674972,763.0,999.0
0.8105981160487885,0.8375107505,0.054252842,0.044984924499999995,763.0,999.0
0.8132683240079848,0.9041083345,0.063625427,0.06842875000000001,763.0,999.0
0.8031636368932492,0.842545139,0.064643542,0.130983414,763.0,999.0
0.7990679488462725,0.73739275,0.074184235,0.18671426,763.0,999.0
0.7956350334033533,0.606868644,0.092164143,0.263280005,763.0,999.0
0.7905763690233638,0.442826807,0.113158607,0.310590078,763.0,999.0
0.7759644999692864,0.284917928,0.148244939,0.315461936,763.0,999.0
0.7611831896898807,0.143338956,0.213806857,0.310811819,763.0,999.0
0.7225890393220922,0.001346391,0.2788596315,0.332370458,763.0,999.0
0.6334088884363975,0.0,0.2575129195,0.368420296,763.0,999.0
0.5665863343697173,0.0,0.24675663250000002,0.349118652,763.0,999.0
0.5513796465851533,0.0,0.2241014765,0.32078455100000003,763.0,999.0
0.5514559838788908,0.0017851165,0.1996040725,0.294662698,763.0,999.0
0.5867679860206518,0.152048792,0.167197888,0.257865708,763.0,999.0
0.6288905953041006,0.310508176,0.100934686,0.247043631,763.0,999.0
0.6640435355967014,0.481760787,0.085446803,0.262326207,763.0,999.0
0.6766575501881671,0.639687671,0.097272174,0.26064218,763.0,999.0
0.6878798178668798,0.7945243369999999,0.110751846,0.239359471,763.0,999.0
0.6891770636788415,0.8667742469999999,0.12933757499999998,0.325367004,763.0,999.0
0.6825672355372066,0.792325261,0.158578014,0.381932358,763.0,999.0
0.6770250869334687,0.69701485,0.185059924,0.423414093,763.0,999.0
0.6733042988516753,0.560257294,0.213616884,0.461486693,763.0,999.0
0.6680053117512973,0.421477554,0.234036405,0.489404352,763.0,999.0
0.6513667123245592,0.268588131,0.244498959,0.507497296,763.0,999.0
0.646049006771175,0.13169321,0.302785306,0.533367849,763.0,999.0
0.6393354291605677,0.001043075,0.3695109855,0.5615978635000001,763.0,999.0
0.6163994920679019,0.0,0.37267425649999997,0.517289143,763.0,999.0
0.5533228096260417,0.0,0.3430264385,0.47217329750000003,763.0,999.0
0.5453307710702315,0.0,0.3081175765,0.428256333,763.0,999.0
0.5488098613834799,0.0015352445,0.2676208115,0.3688168625,763.0,999.0
0.5795335539471382,0.139571234,0.213896526,0.310661543,763.0,999.0
0.612871343606164,0.279605143,0.147085131,0.275941696,763.0,999.0
0.6478523142937674,0.461465146,0.109492105,0.226490115,763.0,999.0
0.6631886556443953,0.625707838,0.093658218,0.190515509,763.0,999.0
0.6717169624750927,0.759942633,0.065558575,0.159993572,763.0,999.0
0.6784744750610989,0.855561286,0.0757190925,0.18143439150000001,763.0,999.0
0.6821291500742921,0.8209389635,0.075740912,0.219862263,763.0,999.0
0.6759657241995046,0.684618989,0.076946415,0.26189561,763.0,999.0
0.6734209560258645,0.568040418,0.078604083,0.29516302,763.0,999.0
0.667974484026095,0.415631909,0.086996198,0.316461833,763.0,999.0
0.6548394597194517,0.266975241,0.108653094,0.324571404,763.0,999.0
0.6459779479027994,0.12950467,0.149997842,0.335229007,763.0,999.0
0.6388504146363918,0.000971372,0.199974208,0.3336221035,763.0,999.0
0.6317118809847311,0.0,0.1763074495,0.24014670999999999,763.0,999.0
0.5774100379823259,0.0,0.1429407205,0.18276463250000002,763.0,999.0
0.5800195664493147,0.0,0.0991920025,0.11687546300000001,763.0,999.0
0.6158342591456879,0.0,0.079366871,0.090586382,763.0,999.0
0.6720311828468278,0.002841654,0.070123216,0.084161277,763.0,999.0
0.7330015595974985,0.150469072,0.055111412,0.075708443,763.0,999.0
0.7738323788676629,0.299154496,0.027676614,0.05136415,763.0,999.0
0.7876519548322258,0.483472,0.011973931,0.028285585,763.0,999.0
0.8013808664063488,0.642954463,0.012362252,0.02269732,763.0,999.0
0.8106695298156558,0.8109693769999999,0.015337834,0.021596854999999998,763.0,999.0
0.8122733223761691,0.8550783405,0.0220357475,0.0444156465,763.0,999.0
0.8004600728798019,0.7537166319999999,0.0344842975,0.0915112115,763.0,999.0
0.795632460781596,0.575958403,0.042207926,0.135197379,763.0,999.0
0.7895873998053613,0.426350235,0.044031301,0.144557179,763.0,999.0
0.7720351483046938,0.262849392,0.05827957,0.141800935,763.0,999.0
0.7578911500667834,0.133709671,0.09489665,0.153177387,763.0,999.0
0.7166902434999837,0.0008192505,0.1430415895,0.1642971245,763.0,999.0
0.6551420586968487,0.0,0.198517033,0.126117967,763.0,999.0
0.6032868233290161,0.0,0.195202616,0.14302482649999998,763.0,999.0
0.5775033416107571,0.0,0.177885839,0.14254593850000002,763.0,999.0
0.6050391653325348,0.0,0.18392915599999998,0.122187409,763.0,999.0
0.67270078634834,0.00245406,0.194199027,0.166637744,763.0,999.0
0.7382513111254511,0.147904454,0.187889222,0.229331994,763.0,999.0
0.7830410234239117,0.294782072,0.143707193,0.240052535,763.0,999.0
0.7989423316874008,0.451277172,0.135124363,0.23041162,763.0,999.0
0.8078584016933087,0.608903993,0.16318057,0.237550772,763.0,999.0
0.8168143925403284,0.71269029,0.134873744,0.284099831,763.0,999.0
0.8177742639291565,0.781810261,0.20640541550000002,0.2806898675,763.0,999.0
0.8117299127499051,0.720504674,0.256518629,0.357387787,763.0,999.0
0.8046425662833422,0.620813999,0.291249916,0.447362075,763.0,999.0
0.798205661330756,0.503350644,0.294749893,0.493756437,763.0,999.0
0.7961268566026989,0.377658313,0.294373548,0.52074674,763.0,999.0
0.7895521808757161,0.228301434,0.306547552,0.544151624,763.0,999.0
0.7700248297220146,0.138427012,0.309633304,0.534764227,763.0,999.0
0.7597077199906033,0.066161895,0.323616723,0.487242123,763.0,999.0
0.7223088624780659,0.0,0.32318053199999996,0.423127132,763.0,999.0
0.6755879412092618,0.0,0.225793279,0.390452815,763.0,999.0
0.6183972134499067,0.0,0.278426473,0.49430044149999997,763.0,999.0
0.5881950185299043,0.0,0.24863620549999998,0.5146565175,763.0,999.0
0.6068135523992685,0.0,0.169987994,0.47510628349999995,763.0,999.0
0.6734638929220225,0.00161772,0.1104939,0.384631504,763.0,999.0
0.7330015595974985,0.078825959,0.094511064,0.301658751,763.0,999.0
0.764291682758212,0.178533557,0.093006321,0.271018453,763.0,999.0
0.7737984906428453,0.28398188,0.088327877,0.26184436,763.0,999.0
0.7767355907719355,0.403365539,0.084313456,0.250495904,763.0,999.0
0.7784704563912386,0.487553032,0.079105916,0.251150516,763.0,999.0
0.7854418996720638,0.5404096620000001,0.09508420149999999,0.2482201305,763.0,999.0
0.7824600883062183,0.5280239025,0.10232587800000001,0.24942600850000002,763.0,999.0
0.7817829886054584,0.449302763,0.086111401,0.24448618,763.0,999.0
0.7796364961144241,0.359814733,0.066438163,0.224220719,763.0,999.0
0.770184423893602,0.285807957,0.052852106,0.242044021,763.0,999.0
0.7526437049993743,0.17657869,0.052475556,0.266768765,763.0,999.0
0.738556660300402,0.088599151,0.070086721,0.257158361,763.0,999.0
0.6973965616437724,0.0,0.13630644449999998,0.238143717,763.0,999.0
0.63676522264665,0.0,0.216390694,0.230733654,763.0,999.0
0.5914547224002764,0.0,0.214117457,0.24943277249999998,763.0,999.0
0.5729637574036968,0.0,0.256951386,0.2582305585,763.0,999.0
0.6038501933252156,0.0,0.30113486899999997,0.3692335,763.0,999.0
0.6727614658405475,0.001506505,0.345801719,0.418658433,763.0,999.0
0.7323143022878349,0.052711819,0.35631761,0.453810667,763.0,999.0
0.7621340124073686,0.096732453,0.340155701,0.477372717,763.0,999.0
0.7701238331892928,0.159068829,0.361266205,0.505416061,763.0,999.0
0.77116327989665,0.201574617,0.383524631,0.526792155,763.0,999.0
0.7709805317242844,0.255009636,0.367562922,0.450422657,763.0,999.0
0.7698194155279693,0.32401487500000004,0.4002249715,0.4795728975,763.0,999.0
0.7665691152274292,0.356642818,0.413952222,0.498037809,763.0,999.0
0.7648322978942135,0.364136472,0.408877725,0.544078153,763.0,999.0
0.7623811660252114,0.355091849,0.375703836,0.588212025,763.0,999.0
0.7613916644847818,0.314177109,0.346582695,0.635804372,763.0,999.0
0.7552570037629617,0.259021634,0.318418233,0.65207692,763.0,999.0
0.7407061247056345,0.178379653,0.288030291,0.645425442,763.0,999.0
0.7308205578725614,0.084492517,0.242763423,0.605026027,763.0,999.0
0.692570102725218,0.0,0.2039973695,0.5559194425,763.0,999.0
0.6234423934083031,0.0,0.150926118,0.567388001,763.0,999.0
0.5814709062402375,0.0,0.14565571900000002,0.4916405195,763.0,999.0
0.5676511529023591,0.0,0.13680789100000001,0.498563584,763.0,999.0
0.6075686083808518,0.0,0.12019732150000001,0.45890780600000003,763.0,999.0
0.6789259339860441,0.001469013,0.113423151,0.440882398,763.0,999.0
0.7333663462464868,0.128987746,0.108839763,0.451334759,763.0,999.0
0.7614259963453689,0.247952511,0.089606535,0.46701888,763.0,999.0
0.7703916567715735,0.402928957,0.10554402,0.502429598,763.0,999.0
0.77116327989665,0.549523369,0.131205141,0.540422683,763.0,999.0
0.7731740419126177,0.635436279,0.14619325,0.557797029,763.0,999.0
0.7747286877392241,0.6803371460000001,0.18758863050000002,0.5775039515,763.0,999.0
0.7755594821771244,0.623072811,0.2290820395,0.596753363,763.0,999.0
0.7730424810265903,0.506945538,0.23449094,0.610998794,763.0,999.0
0.7705335083471113,0.416102761,0.222915535,0.613428205,763.0,999.0
0.761527040111977,0.310421194,0.206267099,0.607197596,763.0,999.0
0.7438589740616091,0.195919409,0.185605872,0.588180228,763.0,999.0
0.7314883870334761,0.081580342,0.180842489,0.562430092,763.0,999.0
0.6923590108639903,0.0,0.1762099545,0.5352702505,763.0,999.0
0.5913785181871455,0.0,0.159803737,0.4519451585,763.0,999.0
0.5404836643082835,0.0,0.1394118275,0.3122734685,763.0,999.0
0.5407109684145128,0.0,0.1240798215,0.20812789799999998,763.0,999.0
0.550115135717117,0.0006625125,0.10628985,0.168331968,763.0,999.0
0.5789317269965017,0.131615059,0.087162531,0.138185847,763.0,999.0
0.6088851270892911,0.269316807,0.057130313,0.117794266,763.0,999.0
0.6422470466060514,0.434854342,0.053992238,0.114770411,763.0,999.0
0.6502509726161728,0.591838089,0.062885792,0.114354235,763.0,999.0
0.6526659097998135,0.719643219,0.061658518,0.114726559,763.0,999.0
0.656211357272452,0.6954722955,0.08264648150000001,0.10420678250000001,763.0,999.0
0.6580715517683688,0.616059767,0.091772722,0.0999613385,763.0,999.0
0.6564772735853894,0.500165447,0.08826674,0.112776913,763.0,999.0
0.651993822363202,0.386578605,0.080976134,0.120600575,763.0,999.0
0.6389318528809356,0.245406568,0.078898317,0.137664739,763.0,999.0
0.6282747073673554,0.109635508,0.094864021,0.163606994,763.0,999.0
0.6236563684970711,0.0,0.116184063,0.2018238175,763.0,999.0
0.5916009208875486,0.0,0.11806439699999999,0.2683958295,763.0,999.0
0.5404280635952176,0.0,0.13131296,0.3355357365,763.0,999.0
0.540295216297071,0.0,0.14599295699999998,0.3772194045,763.0,999.0
0.5491968483985747,0.000621928,0.15139938149999999,0.4290015415,763.0,999.0
0.5776667281493671,0.128820844,0.154248135,0.463389297,763.0,999.0
0.6100233110014724,0.27637216,0.126675798,0.477007013,763.0,999.0
0.6449522073336795,0.450254842,0.090395208,0.460166484,763.0,999.0
0.6557226833606198,0.608187293,0.106869324,0.44392119,763.0,999.0
0.6701572600916292,0.7653821144999999,0.11655097149999999,0.3698016505,763.0,999.0
0.6748093985000734,0.8345892565,0.17901523349999998,0.3884859825,763.0,999.0
0.6764068480916104,0.757905907,0.211944402,0.390616721,763.0,999.0
0.6728262260326556,0.655719119,0.227202889,0.366389968,763.0,999.0
0.6693034003396086,0.499541022,0.22573446,0.33302721,763.0,999.0
0.6625214473913252,0.324954154,0.212917383,0.321181647,763.0,999.0
0.6454423893742751,0.1250889585,0.205208192,0.3241218975,763.0,999.0
0.6329009195070436,0.0,0.233950446,0.3402810715,763.0,999.0
0.6248061516319262,0.0,0.26378904449999996,0.3948884095,763.0,999.0
0.5825111957239444,0.0,0.229044196,0.410113643,763.0,999.0
0.5763104883978969,0.0,0.2283134985,0.432689181,763.0,999.0
0.6051031271422425,0.0,0.230730199,0.47304865,763.0,999.0
0.6723255315352852,0.0,0.223876325,0.478315556,763.0,999.0
0.731913232165587,0.039145764,0.218475437,0.453756322,763.0,999.0
0.7618730196213016,0.125860072,0.203539592,0.418433086,763.0,999.0
0.7711225163804291,0.278957868,0.20229564249999998,0.389799056,763.0,999.0
0.7754325786567539,0.411372204,0.186451113,0.412057271,763.0,999.0
0.7765653954569154,0.460700636,0.233242811,0.43668574800000004,763.0,999.0
0.7727111390678904,0.445692942,0.3021591575,0.5048979435000001,763.0,999.0
0.7690551555721543,0.37974550399999996,0.325328642,0.563708974,763.0,999.0
0.7616544315102055,0.261135953,0.299179924,0.60242376,763.0,999.0
0.7447601621167117,0.149985468,0.248213844,0.605674726,763.0,999.0
0.7327478413446553,0.064955416,0.214126521,0.616549092,763.0,999.0
0.6927116881901625,0.0,0.1879883865,0.58527169,763.0,999.0
0.6245867429667653,0.0,0.174457147,0.505252444,763.0,999.0
0.5824105733708211,0.0,0.1824623835,0.452237649,763.0,999.0
0.5677444121368411,0.0,0.1922267625,0.4365552155,763.0,999.0
0.6019953659919386,0.0,0.1835531045,0.379212954,763.0,999.0
0.6720757166090272,0.0,0.171227324,0.341314656,763.0,999.0
0.7317202820916092,0.084454891,0.161273329,0.321688625,763.0,999.0
0.7612573535024411,0.185741402,0.150673346,0.265128317,763.0,999.0
0.770210771626463,0.304568687,0.159559015,0.220654651,763.0,999.0
0.7731740419126177,0.4301674,0.173525591,0.211685543,763.0,999.0
0.773985142141796,0.516731173,0.149506469,0.183866477,763.0,999.0
0.7771674885687654,0.5277685034999999,0.20047652900000001,0.257136539,763.0,999.0
0.7766608059502902,0.457854044,0.248087235,0.361899569,763.0,999.0
0.7748295984252254,0.40167179649999996,0.28696413200000004,0.46229780649999996,763.0,999.0
0.7682988354513567,0.260553932,0.3005139015,0.5161347965,763.0,999.0
0.7467902634935302,0.14549474,0.254927271,0.506064444,763.0,999.0
0.733701502845114,0.06023042,0.228914377,0.493666128,763.0,999.0
0.6930628352665268,0.0,0.209691336,0.4983445105,763.0,999.0
0.6093870856752557,0.0,0.1633104035,0.4064013945,763.0,999.0
0.56829331458205,0.0,0.163157726,0.3406218183333333,763.0,999.0
0.6023982103535435,0.0,0.1344777785,0.312407147,763.0,999.0
0.6727341422507301,0.0,0.120599278,0.317002114,763.0,999.0
0.7317174433086382,0.105756944,0.11171484,0.318873942,763.0,999.0
0.7617733065595211,0.235975542,0.084225808,0.324475273,763.0,999.0
0.7703065812604178,0.389614974,0.090664859,0.311186078,763.0,999.0
0.7728847498822579,0.532338344,0.097531579,0.265144585,763.0,999.0
0.7748505789448261,0.6446788555,0.1005869915,0.21616854800000002,763.0,999.0
0.7760668744407223,0.721909728,0.103368118,0.211823281,763.0,999.0
0.777959826052229,0.7435881755,0.1042645725,0.2318864865,763.0,999.0
0.7774103395675824,0.634949956,0.10325867,0.27871395600000004,763.0,999.0
0.7691182747067528,0.445259243,0.094440328,0.293655787,763.0,999.0
0.7513131919210598,0.27484325,0.087977765,0.28684164,763.0,999.0
0.7348740186178826,0.1012429,0.102913053,0.290482921,763.0,999.0
0.6932098765807688,0.0,0.123108303,0.301745677,763.0,999.0
0.6098944114744804,0.0,0.0918609495,0.317726505,763.0,999.0
0.5699590581982868,0.0,0.086177853,0.280320972,763.0,999.0
0.5671417645815195,0.0,0.077531393,0.266222481,763.0,999.0
0.6025422798042076,0.0,0.0715105575,0.2620990585,763.0,999.0
0.6733363241504783,0.0,0.073510118,0.255729639,763.0,999.0
0.7317252499618084,0.125397874,0.068880271,0.256837069,763.0,999.0
0.7617733065595211,0.283087556,0.045526137,0.24881167,763.0,999.0
0.7724262825853025,0.462784193,0.031952503,0.251745437,763.0,999.0
0.7784704563912386,0.631438688,0.041685282,0.27112915,763.0,999.0
0.7883334901819983,0.7929575515,0.0438030265,0.2634266325,763.0,999.0
0.7949657848509531,0.852065033,0.057563666,0.318838828,763.0,999.0
0.7951506621105471,0.7910823495,0.07502927549999999,0.3444940625,763.0,999.0
0.7906480489008245,0.648307096,0.088392088,0.331493877,763.0,999.0
0.7878152749570829,0.521111389,0.104618192,0.386767091,763.0,999.0
0.7776718646254566,0.363555146,0.135577218,0.437013843,763.0,999.0
0.7558299991468779,0.201705736,0.176785599,0.477903447,763.0,999.0
0.7423769840706602,0.064027744,0.225364994,0.502029693,763.0,999.0
0.6984720700571247,0.0,0.2451630515,0.479874238,763.0,999.0
0.6176721201442712,0.0,0.24245084150000001,0.4161232755,763.0,999.0
0.571048095325941,0.0,0.23741225900000001,0.4372507885,763.0,999.0
0.5784631686056362,0.0,0.2154152865,0.42781225,763.0,999.0
0.616327501736519,0.0,0.201720654,0.370113634,763.0,999.0
0.6730532419072475,0.0,0.191465965,0.350844163,763.0,999.0
0.7320872865144836,0.072183386,0.178011714,0.312974831,763.0,999.0
0.7615053941893422,0.165947509,0.151010823,0.281688511,763.0,999.0
0.7698537916306449,0.294581526,0.143350004,0.256328728,763.0,999.0
0.771899151769654,0.408705941,0.131903912,0.227942506,763.0,999.0
0.7737844741013059,0.512473462,0.100214113,0.199945907,763.0,999.0
0.7753976257870816,0.565098571,0.132479729,0.24757455250000002,763.0,999.0
0.7748996813860245,0.570872363,0.1658826815,0.34743736150000004,763.0,999.0
0.7724983173106347,0.493674052,0.175219944,0.45411948,763.0,999.0
0.7712480892465922,0.415188348,0.188141758,0.485302006,763.0,999.0
0.762053461231883,0.307918557,0.201079934,0.508496538,763.0,999.0
0.7439685786216995,0.194184019,0.211926039,0.548310315,763.0,999.0
0.7316601348205884,0.067815935,0.228765708,0.535128121,763.0,999.0
0.6925606548626776,0.0,0.237832552,0.49469288,763.0,999.0
0.6075935587926511,0.0,0.211224599,0.529266968,763.0,999.0
0.5604758921922894,0.0,0.213107296,0.47183366449999997,763.0,999.0
0.535571331496173,0.0,0.1898809415,0.3675876255,763.0,999.0
0.5462537158050509,0.0,0.1678330195,0.30954450749999995,763.0,999.0
0.5500039343416052,0.0,0.150073606,0.29966211,763.0,999.0
0.5775818301127672,0.084600647,0.133553927,0.291566415,763.0,999.0
0.6088201893213865,0.229448012,0.103659039,0.287598073,763.0,999.0
0.6423327430250517,0.387595634,0.100281477,0.294008646,763.0,999.0
0.6513809950273125,0.533224827,0.100689533,0.277162612,763.0,999.0
0.652757705248861,0.653795674,0.1034874445,0.2234080855,763.0,999.0
0.6564431413710226,0.6173806715,0.099022575,0.2769226965,763.0,999.0
0.6582607093740835,0.536690967,0.096342425,0.3490976755,763.0,999.0
0.6560559769319921,0.446813969,0.10850669,0.405873943,763.0,999.0
0.6514543604574724,0.342493453,0.110542051,0.42995521,763.0,999.0
0.6358570706641063,0.218097595,0.120590213,0.42671279,763.0,999.0
0.6283006114644468,0.068680771,0.15239063,0.425572136,763.0,999.0
0.624127699054674,0.0,0.181221478,0.3817435675,763.0,999.0
0.6091331677761922,0.0,0.153952742,0.352551951,763.0,999.0
0.5609667395852991,0.0,0.149246178,0.319263969,763.0,999.0
0.5354845926546028,0.0,0.1357872995,0.3002375,763.0,999.0
0.5450422330283231,0.0,0.115157077,0.3083341505,763.0,999.0
0.5489274944652457,0.0,0.10477177,0.32638926,763.0,999.0
0.5774729352484195,0.10929186,0.092684287,0.35226993,763.0,999.0
0.6095630695664007,0.28328646,0.064712865,0.35548283,763.0,999.0
0.643554228209032,0.466042837,0.058639007,0.375917884,763.0,999.0
0.6511647578213297,0.623726488,0.067009053,0.393296353,763.0,999.0
0.6567888325980893,0.778944942,0.07002703299999999,0.3866077325,763.0,999.0
0.6655219327149873,0.8590779525,0.08491465449999999,0.4450044515,763.0,999.0
0.6679666329789757,0.7524104605,0.1066691085,0.528675702,763.0,999.0
0.6650313958265204,0.575699697,0.136398571,0.614136725,763.0,999.0
0.6601301078442322,0.412327275,0.154724522,0.641358223,763.0,999.0
0.6440470272653339,0.235381405,0.168029159,0.654618818,763.0,999.0
0.6327311899488373,0.062876629,0.199590125,0.664747769,763.0,999.0
0.6275920409083553,0.0,0.21433653,0.6370597435,763.0,999.0
0.6364564136796431,0.0,0.194684373,0.569445964,763.0,999.0
0.5902610929766801,0.0,0.190211087,0.49780162,763.0,999.0
0.5722887424468361,0.0,0.17454767999999998,0.416832992,763.0,999.0
0.6031645328309732,0.0,0.14399318500000002,0.2870107905,763.0,999.0
0.6721725022011789,0.0,0.123136728,0.213739143,763.0,999.0
0.7318570326657208,0.079735686,0.109913912,0.181652111,763.0,999.0
0.7626980477053618,0.210466921,0.074732908,0.161313505,763.0,999.0
0.7737550214242602,0.352959091,0.064416544,0.142825765,763.0,999.0
0.7767355907719355,0.491082949,0.073470137,0.124603179,763.0,999.0
0.780553075759223,0.601967318,0.08495667,0.099706891,763.0,999.0
0.7851620111102955,0.6417758520000001,0.099217982,0.11309904600000001,763.0,999.0
0.7817675526724333,0.581175029,0.11122262599999999,0.146974521,763.0,999.0
0.7784415360366203,0.477259368,0.132292457,0.196948662,763.0,999.0
0.7766986862895912,0.39317467,0.14898677,0.233158265,763.0,999.0
0.7700868399190499,0.296650695,0.159387559,0.261219614,763.0,999.0
0.7536125363728851,0.185885321,0.160589385,0.278305545,763.0,999.0
0.7397665240900441,0.037826797,0.177104633,0.297994908,763.0,999.0
0.7005834989214051,0.0,0.1859010585,0.285670874,763.0,999.0
0.620475707622801,0.0,0.157987154,0.27336580850000003,763.0,999.0
0.5715364809048951,0.0,0.141760319,0.2517067515,763.0,999.0
0.5789042925483623,0.0,0.1275614125,0.236776824,763.0,999.0
0.6161284304608297,0.0,0.11592418,0.212555009,763.0,999.0
0.6720744302475282,0.0,0.104491999,0.195525888,763.0,999.0
0.731762154444153,0.078154472,0.088107803,0.178616669,763.0,999.0
0.76257243054649,0.202839434,0.051261581,0.147372642,763.0,999.0
0.7734025658653527,0.347393644,0.039013015,0.112123945,763.0,999.0
0.7796443028688347,0.491175585,0.042032293,0.088706516,763.0,999.0
0.7871396389911374,0.6440771665,0.039852543000000004,0.06877011350000001,763.0,999.0
0.7908621570195791,0.6346148149999999,0.03444708,0.0798835155,763.0,999.0
0.7872185045633036,0.568017732,0.032702968,0.113599281,763.0,999.0
0.7846287146483658,0.490568311,0.037624306,0.14964338,763.0,999.0
0.7825471598239956,0.40560114,0.045158276,0.178582441,763.0,999.0
0.7741496154969252,0.301985205,0.058524578,0.20859053,763.0,999.0
0.7550010676349921,0.187653777,0.078564901,0.222655599,763.0,999.0
0.7410748590245368,0.047393699,0.116250472,0.219822706,763.0,999.0
0.700803151525495,0.0,0.14719926,0.199962199,763.0,999.0
0.620139220369966,0.0,0.1286182815,0.211192457,763.0,999.0
0.5715769782599023,0.0,0.110593095,0.215189118,763.0,999.0
0.5783771838537578,0.0,0.08354945,0.2162600105,763.0,999.0
0.6163063881363114,0.0,0.07397565,0.183918021,763.0,999.0
0.6725809797853968,0.0,0.069071932,0.161737058,763.0,999.0
0.7319708510569388,0.093509381,0.062641403,0.134232329,763.0,999.0
0.7621340124073686,0.246284886,0.035387318,0.110461575,763.0,999.0
0.7734025658653527,0.414512493,0.016952929,0.085872081,763.0,999.0
0.7814307992077645,0.569971239,0.013388049,0.073959514,763.0,999.0
0.7902227601835641,0.749153228,0.015918915,0.053797174,763.0,999.0
0.7954328571834794,0.795639758,0.0199198905,0.0846137575,763.0,999.0
0.7905386218152899,0.6497948245,0.033668615,0.1944798905,763.0,999.0
0.7863265870986665,0.488237265,0.045710622,0.268687026,763.0,999.0
0.7766286032781717,0.335188082,0.057859711,0.290055232,763.0,999.0
0.757438981344855,0.186607379,0.076630208,0.289772944,763.0,999.0
0.7434304030774689,0.046046406,0.101409674,0.27815607,763.0,999.0
0.7000317946122525,0.0,0.125520469,0.229000115,763.0,999.0
0.635057148294737,0.0,0.171625076,0.204143197,763.0,999.0
0.5851705364291147,0.0,0.13982976,0.18212951500000002,763.0,999.0
0.567982406123781,0.0,0.1045439935,0.19534780899999998,763.0,999.0
0.6021067225691014,0.0,0.09226327749999999,0.24089879349999999,763.0,999.0
0.6725370670322824,0.0,0.090958817,0.294746187,763.0,999.0
0.7316092137967044,0.082012688,0.087131905,0.320350816,763.0,999.0
0.7612970967677565,0.216346831,0.06747798,0.336951735,763.0,999.0
0.7710423644467639,0.3606766,0.059273365,0.35600346,763.0,999.0
0.7754325786567539,0.485526581,0.065912659,0.393582136,763.0,999.0
0.7827664576308342,0.602795846,0.075112829,0.432466474,763.0,999.0
0.7881822793799574,0.657046098,0.091781476,0.48818239,763.0,999.0
0.7885614818123059,0.67975908,0.1346047095,0.514584856,763.0,999.0
0.7847353473954987,0.594900222,0.193679906,0.541334314,763.0,999.0
0.7820915314112517,0.520790789,0.243472525,0.586859152,763.0,999.0
0.7762675425824531,0.408271981,0.274249027,0.605623539,763.0,999.0
0.7690756038705683,0.286234831,0.27875348,0.644670483,763.0,999.0
0.7497018143734003,0.157915857,0.263064061,0.701232516,763.0,999.0
0.7374073428717405,0.024024831,0.269154985,0.726568597,763.0,999.0
0.6962896488900819,0.0,0.2671131765,0.7203007495,763.0,999.0
0.6131807734810155,0.0,0.2953514265,0.678470452,763.0,999.0
0.5691017386035899,0.0,0.2604070515,0.6633674745,763.0,999.0
0.5786914707911066,0.0,0.2265939925,0.6470309585,763.0,999.0
0.6447299376632629,0.0,0.217494939,0.6023985085,763.0,999.0
0.7317252499618084,0.036236849,0.211940229,0.51080481,763.0,999.0
0.7615624364149378,0.109792686,0.204781268,0.466519897,763.0,999.0
0.7703916567715735,0.210815155,0.209636878,0.4406544,763.0,999.0
0.7709553373229358,0.312235798,0.218087918,0.438382989,763.0,999.0
0.7719895056049312,0.44029951749999996,0.203716416,0.4255881155,763.0,999.0
0.7692999138909349,0.537745908,0.2910034325,0.5165287355,763.0,999.0
0.7660224674751335,0.5000072345,0.377189432,0.664139064,763.0,999.0
0.7635146481271666,0.39547094,0.406171615,0.733885203,763.0,999.0
0.7557381814249255,0.287729022,0.409495904,0.747979096,763.0,999.0
0.7407121571194478,0.158157161,0.374140434,0.746165109,763.0,999.0
0.7307655559462959,0.019215112,0.341589071,0.730649848,763.0,999.0
0.6928115565548343,0.0,0.316054106,0.7124360475,763.0,999.0
0.6072177718596501,0.0,0.338355578,0.708974128,763.0,999.0
0.5605177645954535,0.0,0.31618675949999997,0.6741263475,763.0,999.0
0.5361889272079021,0.0,0.2847495985,0.656719439,763.0,999.0
0.5483377767868054,0.0,0.2563958995,0.5391201145,763.0,999.0
0.5528592413782802,0.0,0.229858582,0.455551185,763.0,999.0
0.5822266054025701,0.038218604,0.206416242,0.388793617,763.0,999.0
0.6136787178820726,0.123287969,0.205668119,0.332921525,763.0,999.0
0.6471131156586942,0.223791078,0.227222562,0.304910607,763.0,999.0
0.6518588460284475,0.310667422,0.225084816,0.262845969,763.0,999.0
0.650259333814055,0.418968871,0.17629974399999998,0.17277463999999998,763.0,999.0
0.6481121980916511,0.468325426,0.2184568195,0.23324930649999998,763.0,999.0
0.647501544236939,0.371158788,0.2518406025,0.2778061515,763.0,999.0
0.6469670945953576,0.273777889,0.255329615,0.263486164,763.0,999.0
0.6431228183406802,0.204068707,0.238921485,0.248100575,763.0,999.0
0.6326099196510797,0.130050917,0.203487389,0.235892337,763.0,999.0
0.632323288929135,0.026921851,0.185737636,0.219959322,763.0,999.0
0.6319672404975647,0.0,0.172097249,0.1461584065,763.0,999.0
0.5935630906130809,0.0,0.14556773099999998,0.1571581535,763.0,999.0
0.5444559307479899,0.0,0.13282057949999998,0.136925056,763.0,999.0
0.5461695940298074,0.0,0.125838639,0.142634077,763.0,999.0
0.5569728715156663,0.0,0.13281116399999998,0.23093886149999998,763.0,999.0
0.5847474655363606,0.053469862,0.142669819,0.34369625,763.0,999.0
0.619074623604589,0.207515349,0.135149004,0.44578602,763.0,999.0
0.6479696368203705,0.354256709,0.141389621,0.527709571,763.0,999.0
0.6496334435712977,0.501830136,0.161347871,0.587564965,763.0,999.0
0.649961702656237,0.59741039,0.17576748749999999,0.574823524,763.0,999.0
0.6501795588999257,0.655926011,0.22845734950000002,0.6469387805,763.0,999.0
0.6505661245015356,0.649285151,0.253874097,0.691748442,763.0,999.0
0.6483592630228362,0.581476931,0.264003725,0.70411654,763.0,999.0
0.6488075726602678,0.452880012,0.277396342,0.70808241,763.0,999.0
0.6443618243028254,0.31391604,0.286890352,0.713704885,763.0,999.0
0.632314151571137,0.173253652,0.280518081,0.718016543,763.0,999.0
0.6265500437509051,0.014220086,0.29201058,0.723505457,763.0,999.0
0.6233856173439212,0.0,0.299860072,0.7193265845,763.0,999.0
0.6237684569922614,0.0,0.309585592,0.699728116,763.0,999.0
0.5816202762373077,0.0,0.29869070649999996,0.6737252165000001,763.0,999.0
0.5670989606647281,0.0,0.2652630835,0.6155660620000001,763.0,999.0
0.6036349763195179,0.0,0.22409260749999999,0.591965658,763.0,999.0
0.6733363241504783,0.0,0.201395338,0.567860394,763.0,999.0
0.7318647950768025,0.042009873,0.186424292,0.536472531,763.0,999.0
0.7615624364149378,0.128610553,0.16768809,0.498412657,763.0,999.0
0.7698169759361986,0.225866268,0.152743784,0.461904946,763.0,999.0
0.77116327989665,0.308489938,0.157756214,0.430254586,763.0,999.0
0.7734315305632998,0.4164299145,0.1004025605,0.32970099900000005,763.0,999.0
0.7746562094287426,0.49827569000000005,0.1286077985,0.3708506815,763.0,999.0
0.7742969673663299,0.493957135,0.141477084,0.409166643,763.0,999.0
0.7724983173106347,0.433349587,0.140061329,0.417134049,763.0,999.0
0.7709592406495209,0.35206522,0.127690183,0.40074318,763.0,999.0
0.7616544315102055,0.268086472,0.107025941,0.353738303,763.0,999.0
0.7434286731814408,0.157258785,0.096870866,0.2980423,763.0,999.0
0.7310953454835237,0.022600116,0.10081998,0.264596523,763.0,999.0
0.6925834318439198,0.0,0.103519771,0.224887499,763.0,999.0
0.6234635514530801,0.0,0.102605715,0.218644521,763.0,999.0
0.5814709062402375,0.0,0.1022581,0.207756014,763.0,999.0
0.5679679681181362,0.0,0.099969525,0.1551229905,763.0,999.0
0.6075936031866003,0.0,0.09952839150000001,0.1650586625,763.0,999.0
0.676882170814317,0.0,0.108474864,0.196204399,763.0,999.0
0.7347252030136634,0.061334527,0.121885755,0.2241181,763.0,999.0
0.7614259963453689,0.247876802,0.099899648,0.206311379,763.0,999.0
0.7698169759361986,0.42808742,0.059393312,0.14094984,763.0,999.0
0.7731740419126177,0.606138261,0.060777963,0.11129011,763.0,999.0
0.7796651503078287,0.7787023235,0.05337175,0.0836761845,763.0,999.0
0.7848849169375489,0.858128356,0.053088414,0.051366050499999996,763.0,999.0
0.7817903518253401,0.811267484,0.06283551,0.072300547,763.0,999.0
0.7817829886054584,0.706657016,0.080486258,0.084334324,763.0,999.0
0.7802615658537366,0.552473577,0.097852614,0.137662647,763.0,999.0
0.771773889357413,0.357129338,0.121930384,0.24661386,763.0,999.0
0.7526437049993743,0.164871809,0.182755664,0.348684647,763.0,999.0
0.7343946151952756,0.016306601,0.24996915,0.371483665,763.0,999.0
0.6947327631685454,0.0,0.29164993699999997,0.41221327750000003,763.0,999.0
0.6116456667121004,0.0,0.2132925615,0.35612017500000004,763.0,999.0
0.5686018868825689,0.0,0.22184648499999998,0.35826927,763.0,999.0
0.5788675876616179,0.0,0.205782507,0.35254716750000004,763.0,999.0
0.6441181083559944,0.0,0.2383998265,0.40573234950000003,763.0,999.0
0.7317161126038104,0.027063263,0.261305698,0.432986344,763.0,999.0
0.7617718871680358,0.110075904,0.251478019,0.431125122,763.0,999.0
0.7698514851701013,0.211482427,0.259591024,0.437887326,763.0,999.0
0.771899151769654,0.281167297,0.274960631,0.441733828,763.0,999.0
0.7731825583627713,0.380910342,0.20767356,0.415603434,763.0,999.0
0.7733769279294749,0.464873607,0.250267087,0.393020163,763.0,999.0
0.7681623065938896,0.44245932099999996,0.3094775395,0.48110617099999997,763.0,999.0
0.7631794028418816,0.371450556,0.354161259,0.522252845,763.0,999.0
0.76153351616156,0.299927943,0.352743294,0.550308332,763.0,999.0
0.755174412288146,0.206964921,0.332441134,0.521554378,763.0,999.0
0.7407145523678897,0.107342706,0.305864468,0.479975329,763.0,999.0
0.7309784664914497,0.011407617,0.285456233,0.448393772,763.0,999.0
0.6926137271960745,0.0,0.258097224,0.38758652800000004,763.0,999.0
0.6086944613041927,0.0,0.216611561,0.33882347349999997,763.0,999.0
0.5696541526591056,0.0,0.189076101,0.214551535,763.0,999.0
0.5671040173228256,0.0,0.158399952,0.15507155849999998,763.0,999.0
0.6042630400434525,0.0,0.1195054455,0.1200125705,763.0,999.0
0.6749508952277397,0.0,0.101481783,0.107866793,763.0,999.0
0.7342112903571538,0.030862586,0.09474191,0.100879436,763.0,999.0
0.7628167453813619,0.12896506,0.077940631,0.087426604,763.0,999.0
0.7698424364987609,0.25349912,0.072075123,0.077080928,763.0,999.0
0.7712483553065653,0.364478439,0.072364206,0.065251356,763.0,999.0
0.771006879355905,0.44512523,0.058366811,0.047715113,763.0,999.0
0.7703166502332839,0.502703689,0.0814152255,0.042969736499999994,763.0,999.0
0.7674963847529387,0.4579665215,0.0985126095,0.0599656655,763.0,999.0
0.7631996293224107,0.2874811645,0.11017242399999999,0.12400902550000001,763.0,999.0
0.755174412288146,0.146659381,0.112459573,0.193649371,763.0,999.0
0.7403341966546492,0.071594787,0.110749415,0.206367507,763.0,999.0
0.7307655559462959,0.004254707,0.125381125,0.204245429,763.0,999.0
0.6924882874611384,0.0,0.1311094115,0.2008986395,763.0,999.0
0.623543836467352,0.0,0.131624893,0.17858925,763.0,999.0
0.5815195873691913,0.0,0.12304406200000001,0.1689127885,763.0,999.0
0.5671389701418774,0.0,0.10193860199999999,0.136340544,763.0,999.0
0.6042630400434525,0.0,0.0986588205,0.1050509435,763.0,999.0
0.6748318871484374,0.0,0.105546683,0.108226524,763.0,999.0
0.7346061949343613,0.023414658,0.103635932,0.105732896,763.0,999.0
0.763072947670545,0.143608972,0.079442932,0.099241169,763.0,999.0
0.7698424364987609,0.267687028,0.088219154,0.088586852,763.0,999.0
0.7705908168351611,0.388676987,0.105752397,0.080265954,763.0,999.0
0.77116327989665,0.5093045,0.103653775,0.069332774,763.0,999.0
0.7718722717649859,0.5781246554999999,0.1331201075,0.0779042695,763.0,999.0
0.7685001245515524,0.514191053,0.1699847945,0.116823861,763.0,999.0
0.7642199584868021,0.3982213115,0.187404032,0.168297019,763.0,999.0
0.7557381814249255,0.256051471,0.176076492,0.204609886,763.0,999.0
0.7408925543867003,0.141266869,0.165939093,0.211983252,763.0,999.0
0.7307170301708537,0.009334644,0.175234247,0.220990539,763.0,999.0
0.6933301266276208,0.0,0.186978654,0.2358739535,763.0,999.0
0.6132358640939387,0.0,0.16304502,0.246885051,763.0,999.0
0.5680979322393628,0.0,0.161943903,0.232902864,1214.5,1590.5
0.5448950586334743,0.0,0.1611427935,0.1987699035,1666.0,2182.0
0.5580833549703552,0.0,0.169323948,0.19319126450000002,1666.0,2182.0
0.5615685664853152,0.0,0.18101366,0.180140231,1666.0,2182.0
0.5919232141749082,0.047681103,0.182073046,0.184774993,1666.0,2182.0
0.6218162452800324,0.25594298,0.147547621,0.173259795,1666.0,2182.0
0.650867703379888,0.440136268,0.145074406,0.14422311,1666.0,2182.0
0.6542233499648216,0.605542628,0.17509181,0.133157553,1666.0,2182.0
0.6544548901750835,0.739331426,0.188716,0.092220462,1666.0,2182.0
0.654779401236329,0.8212992275,0.2146872215,0.073678662,1666.0,2182.0
0.655114934803872,0.769469766,0.2360572095,0.0764844815,1666.0,2182.0
0.6541406919243924,0.5941140975,0.247699587,0.134424346,1666.0,2182.0
0.6492955368763571,0.390911199,0.231126888,0.195835573,1666.0,2182.0
0.639114157518772,0.212584144,0.223831038,0.239267779,1666.0,2182.0
0.6337407847879487,0.009892938,0.260488028,0.297688576,1666.0,2182.0
0.6309050389806294,0.0,0.307113592,0.3755251795,1666.0,2182.0
0.6131508329261118,0.0,0.271173514,0.371137918,1666.0,2182.0
0.567404997313137,0.0,0.2653297415,0.371986174,1666.0,2182.0
0.544766159055862,0.0,0.23298829799999998,0.3449416865,1666.0,2182.0
0.5581274673190697,0.0,0.21783613699999999,0.310604888,1666.0,2182.0
0.5772149587704998,0.023857234,0.1985337775,0.2903815535,1666.0,2182.0
0.621424800494881,0.264988099,0.128242779,0.260314783,1666.0,2182.0
0.650867703379888,0.465365524,0.090066584,0.195563582,1666.0,2182.0
0.6542233499648216,0.644949853,0.094148848,0.157887992,1666.0,2182.0
0.6547692879201342,0.782476814,0.091480121,0.118069609,1666.0,2182.0
0.6555973101406771,0.8824229290000001,0.1238712595,0.1011790125,1666.0,2182.0
0.6580680697540281,0.795168282,0.1576074535,0.126888969,1666.0,2182.0
0.6568426369001339,0.627608417,0.179449807,0.185405165,1666.0,2182.0
0.6569214137350222,0.49168296,0.18716947,0.237529142,1666.0,2182.0
0.6509865783279631,0.345336568,0.177695722,0.287599785,1666.0,2182.0
0.6388254863962568,0.182884765,0.177821969,0.344798289,1666.0,2182.0
0.6333093305762681,0.007755398,0.204582335,0.397985521,1666.0,2182.0
0.6302066039123974,0.0,0.2154709435,0.433271108,1666.0,2182.0
0.6314319036856847,0.0,0.186533523,0.453419984,1666.0,2182.0
0.589213063304176,0.0,0.1636037355,0.43046417000000003,1666.0,2182.0
0.5765481497086299,0.0,0.138630378,0.3770472505,1666.0,2182.0
0.620600659479879,0.0,0.119997983,0.342771124,1666.0,2182.0
0.6935698283389243,0.0,0.112719481,0.33010488,1666.0,2182.0
0.7479742232873213,0.027390271,0.106478516,0.308430321,1666.0,2182.0
0.774113065862452,0.214179202,0.076713854,0.275132105,1666.0,2182.0
0.7788785347842562,0.393341784,0.043680023,0.215532262,1666.0,2182.0
0.7781624459078725,0.54620662,0.046304047,0.189752876,1666.0,2182.0
0.7795346539654153,0.667650069,0.048248017,0.193784712,1666.0,2182.0
0.7813162711208036,0.6744917795,0.073353452,0.217414941,1666.0,2182.0
0.778926350965196,0.5723179565000001,0.10090118049999999,0.295445497,1666.0,2182.0
0.7758865215167986,0.451213948,0.12806267,0.372554561,1666.0,2182.0
0.7745631941838097,0.37329538,0.151400234,0.401937208,1666.0,2182.0
0.7673260119127423,0.257014451,0.158526213,0.40652308,1666.0,2182.0
0.7470552261717959,0.07260003500000001,0.1831654565,0.4465090275,1666.0,2182.0
0.7036302922466233,0.0,0.1999945175,0.436928007,1666.0,2182.0
0.6321011079959965,0.0,0.169741819,0.351185847,1666.0,2182.0
0.5899464290197955,0.0,0.160182989,0.35217953550000003,1666.0,2182.0
0.5752366877089082,0.0,0.1461254515,0.3809678705,1666.0,2182.0
0.6130743182590588,0.0,0.144862861,0.41751073,1666.0,2182.0
0.6851709976503552,0.0,0.139766013,0.400748682,1666.0,2182.0
0.7441522139643638,0.03105895,0.132759074,0.382548473,1666.0,2182.0
0.7724037495936096,0.186482644,0.107007813,0.364041574,1666.0,2182.0
0.778672455237797,0.348616162,0.072354142,0.32572724,1666.0,2182.0
0.7781832933468665,0.506230062,0.072463539,0.321297857,1666.0,2182.0
0.7789537631404306,0.628973514,0.064689271,0.266855595,1666.0,2182.0
0.7791657865659061,0.6794955695,0.07412624,0.2841688725,1666.0,2182.0
0.7783929214732799,0.547959002,0.08505592149999999,0.3488040175,1666.0,2182.0
0.7768681275149193,0.423561164,0.102788094,0.417405169,1666.0,2182.0
0.7761037789230667,0.330271031,0.115055492,0.465117609,1666.0,2182.0
0.767960396484609,0.23337794,0.128724958,0.505818599,1666.0,2182.0
0.7523136937455022,0.126435326,0.157618933,0.547149988,1666.0,2182.0
0.7417967585980896,0.003570847,0.183199981,0.580576795,1666.0,2182.0
0.7035282061080655,0.0,0.1985535075,0.5988803755000001,1666.0,2182.0
0.6328486455054269,0.0,0.186035958,0.568336889,1666.0,2182.0
0.5904954497476282,0.0,0.16911044749999998,0.5353371835,1666.0,2182.0
0.5753413686915081,0.0,0.141577216,0.5553549695,1666.0,2182.0
0.6131585953371937,0.0,0.1155571835,0.547099345,1666.0,2182.0
0.6850291460748174,0.0,0.10786583,0.505953913,1666.0,2182.0
0.7439971884717752,0.029162402,0.10858615,0.493370814,1666.0,2182.0
0.7724254842029021,0.158466253,0.106173076,0.496952428,1666.0,2182.0
0.7786182516939318,0.293407935,0.080731535,0.497021546,1666.0,2182.0
0.7806089204112179,0.47782867749999997,0.0746494905,0.4705345095,1666.0,2182.0
0.7864427563949976,0.6187581295,0.0771920305,0.38467880899999995,1666.0,2182.0
0.7844612250863301,0.561549211,0.0792368785,0.358739655,1666.0,2182.0
0.7796950908627323,0.3815822675,0.097461095,0.402800186,1666.0,2182.0
0.7711097861497681,0.207434136,0.126548488,0.447894829,1666.0,2182.0
0.7487062139041639,0.0485075575,0.152199023,0.4780276845,1666.0,2182.0
0.7041725042992866,0.0,0.177340561,0.48877694,1666.0,2182.0
0.6363248527936157,0.0,0.161114343,0.460820708,1666.0,2182.0
0.592422577967451,0.0,0.1480323445,0.4649689225,1666.0,2182.0
0.5760585443337904,0.0,0.1306912435,0.45781469500000005,1666.0,2182.0
0.6119623932412199,0.0,0.134692056,0.441006162,1666.0,2182.0
0.6836824429231656,0.0,0.138676916,0.44295027,1666.0,2182.0
0.7433010155207581,0.013673791,0.1442285,0.460803612,1666.0,2182.0
0.7723796197358751,0.081310999,0.136213722,0.428228224,1666.0,2182.0
0.778672455237797,0.153021709,0.119591134,0.365164657,1666.0,2182.0
0.7781111699348766,0.241000171,0.106773661,0.32363017,1666.0,2182.0
0.7780372722835299,0.322224977,0.08585463,0.246899787,1666.0,2182.0
0.7774008917050419,0.376307755,0.08841615750000001,0.2142390495,1666.0,2182.0
0.7744641907671519,0.420374482,0.116714906,0.314436583,1666.0,2182.0
0.7722058315481921,0.355370901,0.159366225,0.444467258,1666.0,2182.0
0.771729887917641,0.308251266,0.186301326,0.484561023,1666.0,2182.0
0.7651376470691642,0.206698581,0.190541461,0.527401213,1666.0,2182.0
0.746749766189143,0.0539581055,0.1736532375,0.5925537275,1666.0,2182.0
0.7038126855711175,0.0,0.1644530445,0.5545650145000001,1666.0,2182.0
0.6164030849405648,0.0,0.190804579,0.5357131505,1666.0,2182.0
0.5752442504231494,0.0,0.1789717105,0.49304740550000004,1666.0,2182.0
0.5885473410082049,0.0,0.154191868,0.451378426,1666.0,2182.0
0.6579360652322311,0.0,0.14976926350000003,0.417042008,1666.0,2182.0
0.7454272815818835,0.012939781,0.143880021,0.337800596,1666.0,2182.0
0.774113065862452,0.14663808,0.130280702,0.283849741,1666.0,2182.0
0.7801014393597219,0.277946805,0.13722029,0.221745718,1666.0,2182.0
0.7786952543907038,0.419730167,0.152326561,0.180575742,1666.0,2182.0
0.7782094192618427,0.5365542125,0.12596110900000002,0.1277296645,1666.0,2182.0
0.7756306740754868,0.5782956375,0.146950377,0.2091098005,1666.0,2182.0
0.7730439004180759,0.507508806,0.170952657,0.30428187100000004,1666.0,2182.0
0.7717252747940727,0.39754576,0.167986085,0.356928541,1666.0,2182.0
0.7651376470691642,0.301758329,0.147381863,0.387239892,1666.0,2182.0
0.7518740335882106,0.159031465,0.138939945,0.402792767,1666.0,2182.0
0.7303707622780308,0.0010132715,0.1427638845,0.358959464,1666.0,2182.0
0.6941281860709756,0.0,0.129476444,0.314590494,1666.0,2182.0
0.598564912363075,0.0,0.1088741365,0.3303150115,1666.0,2182.0
0.5538207983198076,0.0,0.100251014,0.261038971,1666.0,2182.0
0.5454881251950282,0.0,0.095561276,0.194642057,1666.0,2182.0
0.5580726429179803,0.0,0.08834923950000001,0.1487040455,1666.0,2182.0
0.5764935914181339,0.011142278,0.089407285,0.1381206055,1666.0,2182.0
0.6218169106324464,0.23120548,0.076300608,0.147973438,1666.0,2182.0
0.6514872284820047,0.425881587,0.037260473,0.130790612,1666.0,2182.0
0.654280658351631,0.618198984,0.033678508,0.119056353,1666.0,2182.0
0.6544548901750835,0.76718185,0.038736652,0.129476784,1666.0,2182.0
0.6548319635202036,0.844752877,0.0375940175,0.1328243795,1666.0,2182.0
0.6557922784941812,0.810958261,0.034789154,0.134457586,1666.0,2182.0
0.6543990455230886,0.684591995,0.033360975,0.135813259,1666.0,2182.0
0.6549427656032746,0.532151482,0.032596117,0.123076448,1666.0,2182.0
0.6505876373941839,0.344423049,0.032619205,0.118690172,1666.0,2182.0
0.639114157518772,0.15767738,0.044564959,0.13090945,1666.0,2182.0
0.6340821956688945,0.0008243225,0.06346653499999999,0.1341720575,1666.0,2182.0
0.628757836743232,0.0,0.07524366,0.133088204,1666.0,2182.0
0.5973804425197614,0.0,0.090514806,0.1275602335,1666.0,2182.0
0.5476898857229215,0.0,0.0856186025,0.1548491775,1666.0,2182.0
0.5495818171847633,0.0,0.0938023415,0.1422307695,1666.0,2182.0
0.5600017005788107,0.0,0.09757381,0.134558505,1666.0,2182.0
0.5900343433645425,0.019703209,0.103949241,0.157079818,1666.0,2182.0
0.6189813421478223,0.212403904,0.092864132,0.172467169,1666.0,2182.0
0.6482553803720166,0.388467306,0.046178208,0.153448829,1666.0,2182.0
0.6551047993666329,0.548224674,0.034213461,0.142489233,1666.0,2182.0
0.6639194708593017,0.705841785,0.036120278000000006,0.153130598,1666.0,2182.0
0.672635205450306,0.7596015035,0.044702593,0.18355667650000002,1666.0,2182.0
0.6729662146821788,0.692399558,0.049479317,0.245077046,1666.0,2182.0
0.6696401538042773,0.576986018,0.049846744,0.254712072,1666.0,2182.0
0.6675915556910971,0.449252788,0.051011059,0.262215036,1666.0,2182.0
0.6624671996053718,0.296224468,0.05881782,0.289281131,1666.0,2182.0
0.6395164917802342,0.0686228725,0.095788023,0.3398556485,1666.0,2182.0
0.6302757332385247,0.0,0.1199642955,0.3496791465,1666.0,2182.0
0.6176925683920649,0.0,0.126862854,0.358398087,1666.0,2182.0
0.5759981457501593,0.0,0.11266665399999999,0.2660412703333333,1666.0,2182.0
0.6153637047482008,0.0,0.09646801099999999,0.237162319,1666.0,2182.0
0.6872277129212482,0.0,0.08933704,0.230931766,1666.0,2182.0
0.7467480362931151,0.015376543,0.076375832,0.160982406,1666.0,2182.0
0.7732105028604331,0.159471848,0.057231015,0.135982835,1666.0,2182.0
0.7786956092385752,0.313670365,0.03815933,0.151093142,1666.0,2182.0
0.7789537631404306,0.48522903,0.035458025,0.176470928,1666.0,2182.0
0.7835292981445435,0.6964667935,0.039672771,0.197635632,1666.0,2182.0
0.7868417860660548,0.8019202670000001,0.061918960999999995,0.276547181,1666.0,2182.0
0.7835787998781826,0.71269747,0.083148394,0.305427669,1666.0,2182.0
0.7821200969179984,0.61813659,0.094044394,0.351485003,1666.0,2182.0
0.7798258090230302,0.498173951,0.095266201,0.366683202,1666.0,2182.0
0.7734805443178404,0.347914878,0.093819979,0.355112167,1666.0,2182.0
0.7550241329491124,0.161677778,0.115857139,0.347051706,1666.0,2182.0
0.7286415077602968,0.0005248985,0.1430708715,0.33592779,1666.0,2182.0
0.6914771400993145,0.0,0.127896645,0.326483092,1666.0,2182.0
0.6316607381429622,0.0,0.113051348,0.367884638,1666.0,2182.0
0.5895720614276598,0.0,0.0939695555,0.394533333,1666.0,2182.0
0.5730552201765372,0.0,0.08776642,0.431488842,1666.0,2182.0
0.5890069615354322,0.0,0.083137166,0.4410392195,1666.0,2182.0
0.6613385522423887,0.0,0.080511549,0.4418781505,1666.0,2182.0
0.7466992442552188,0.015747481,0.082063267,0.435767951,1666.0,2182.0
0.7724201613835909,0.241049394,0.077557387,0.429955939,1666.0,2182.0
0.7787098032546708,0.439768144,0.050942172,0.424197226,1666.0,2182.0
0.783137897702721,0.613491734,0.056284327,0.420303252,1666.0,2182.0
0.7917333601258292,0.806041408,0.043587149500000005,0.33415322999999997,1666.0,2182.0
0.7982902045701046,0.8876023755,0.056326111,0.31563265799999995,1666.0,2182.0
0.795479564426856,0.7564930495,0.06337361250000001,0.2964110705,1666.0,2182.0
0.7916701966479017,0.552054165,0.057390316,0.285695592,1666.0,2182.0
0.7812090174658262,0.368980829,0.051537752,0.273589972,1666.0,2182.0
0.7525133860302765,0.0815569095,0.0679344115,0.267138496,1666.0,2182.0
0.7049239452871627,0.0,0.07926485,0.26914237350000003,1666.0,2182.0
0.6178788207504357,0.0,0.09272791999999999,0.21511618249999997,1666.0,2182.0
0.5753719523765408,0.0,0.09087982,0.184893761,1666.0,2182.0
0.5883621310724042,0.0,0.1107428055,0.2687227845,1666.0,2182.0
0.6577734548537368,0.0,0.125340853,0.275612186,1666.0,2182.0
0.7447706301795376,0.012995562,0.120780174,0.254146481,1666.0,2182.0
0.7722610995344309,0.214644918,0.101435249,0.195425035,1666.0,2182.0
0.7787098032546708,0.390536204,0.050287569,0.132416232,1666.0,2182.0
0.7818814597503092,0.544957107,0.04617768,0.097912109,1666.0,2182.0
0.7875713149700825,0.6968259195,0.038542343500000006,0.07815749899999999,1666.0,2182.0
0.7877997058422106,0.725590306,0.068502056,0.20100844099999998,1666.0,2182.0
0.7822243343154491,0.611315703,0.08541463,0.412772057,1666.0,2182.0
0.7813639098271876,0.503970638,0.095181025,0.487386651,1666.0,2182.0
0.7787962093694136,0.353723421,0.105692662,0.489753227,1666.0,2182.0
0.7704077138149241,0.219164443,0.123283442,0.479514086,1666.0,2182.0
0.7538163982466987,0.088753936,0.155561323,0.434790625,1666.0,2182.0
0.7291009065202594,0.0,0.1727034255,0.408365825,1666.0,2182.0
0.6920093719163894,0.0,0.155935043,0.412709428,1666.0,2182.0
0.6334479885209635,0.0,0.147348607,0.409162533,1666.0,2182.0
0.5904840945145038,0.0,0.14841464,0.347564661,1666.0,2182.0
0.5752737031001951,0.0,0.1360972275,0.286572888,1666.0,2182.0
0.6133545838403629,0.0,0.1263052195,0.2973489585,1666.0,2182.0
0.6856875273731913,0.0,0.127378735,0.318378838,1666.0,2182.0
0.7447706301795376,0.007059453,0.132222623,0.32468367,1666.0,2182.0
0.7729344289892124,0.1100026,0.128089843,0.324171777,1666.0,2182.0
0.7787512320726854,0.199220819,0.117118247,0.30469449,1666.0,2182.0
0.7781992616023189,0.306286165,0.118562241,0.274336857,1666.0,2182.0
0.7783419116614976,0.37713376,0.100069261,0.185268233,1666.0,2182.0
0.7785634272928424,0.401566939,0.120260637,0.1910844975,1666.0,2182.0
0.7759458703041784,0.37162067,0.150618114,0.20105059549999998,1666.0,2182.0
0.7736948742544799,0.300460162,0.173180116,0.21652876,1666.0,2182.0
0.771861714964882,0.236206244,0.180462374,0.229040133,1666.0,2182.0
0.7657240379855351,0.165762836,0.177557767,0.231680653,1666.0,2182.0
0.7513786619101513,0.077729097,0.175882945,0.226152499,1666.0,2182.0
0.7286769706794913,0.0,0.17419153650000002,0.23538518000000003,1666.0,2182.0
0.6616313928527029,0.0,0.151498709,0.244544626,1666.0,2182.0
0.5895943504804239,0.0,0.134145852,0.223195935,1666.0,2182.0
0.5754525922386842,0.0,0.1178806945,0.1897436555,1666.0,2182.0
0.6170705593042283,0.0,0.102297523,0.1782600325,1666.0,2182.0
0.6894288968340055,0.0,0.094860517,0.174196621,1666.0,2182.0
0.7473853483346103,0.005324298,0.088466158,0.175093123,1666.0,2182.0
0.7757482184199747,0.110593105,0.072951871,0.169046637,1666.0,2182.0
0.7801265450744127,0.228011057,0.061973405,0.146997062,1666.0,2182.0
0.7783278063320598,0.361239575,0.062689259,0.142538944,1666.0,2182.0
0.7782240124691384,0.487053932,0.050532446,0.146390153,1666.0,2182.0
0.7781485179517502,0.5692472295,0.069714051,0.18377958500000002,1666.0,2182.0
0.7756587960477046,0.564913596,0.100482714,0.308858943,1666.0,2182.0
0.7728609748723948,0.476953763,0.131995094,0.423378441,1666.0,2182.0
0.7718184231196125,0.380157235,0.1452742,0.478236621,1666.0,2182.0
0.7651376470691642,0.257479305,0.155049981,0.529053079,1666.0,2182.0
0.7515960080030771,0.115932625,0.171714783,0.551849538,1666.0,2182.0
0.7291954964089491,0.0,0.2028318335,0.525532524,1666.0,2182.0
0.6530990273925288,0.0,0.2020354465,0.49632972249999996,1666.0,2182.0
0.5673926662736763,0.0,0.19135586300000001,0.461953552,1666.0,2182.0
0.5443876884909208,0.0,0.171392771,0.40947374599999997,1666.0,2182.0
0.5575981630222436,0.0,0.146231056,0.3282194355,1666.0,2182.0
0.5764827241134876,0.0039946835,0.1265576075,0.28684100999999995,1666.0,2182.0
0.6213799562281392,0.218762448,0.093677312,0.222972674,1666.0,2182.0
0.6509357903340656,0.415215885,0.060814069,0.172023768,1666.0,2182.0
0.654280658351631,0.59206989,0.059103312,0.142437291,1666.0,2182.0
0.6543369909827244,0.740631146,0.052516949,0.108750925,1666.0,2182.0
0.654799583322909,0.8242718044999999,0.05584203,0.0805493685,1666.0,2182.0
0.6556270732716449,0.7840002644999999,0.0617235915,0.0728073805,1666.0,2182.0
0.6544023721839175,0.629006173,0.06855686,0.086931037,1666.0,2182.0
0.6549046635473295,0.494371163,0.07666446,0.097778347,1666.0,2182.0
0.6492955368763571,0.31991139,0.081783651,0.109091708,1666.0,2182.0
0.6392148464375088,0.121406867,0.106724776,0.137225042,1666.0,2182.0
0.635776275600312,0.0,0.1508387015,0.1768579865,1666.0,2182.0
0.6222118596036028,0.0,0.1604325925,0.214913802,1666.0,2182.0
0.5687720378542602,0.0,0.1470649655,0.273707316,1666.0,2182.0
0.546232779628779,0.0,0.1412493495,0.261760501,1666.0,2182.0
0.5580212338643775,0.0,0.1353133305,0.295830953,1666.0,2182.0
0.5769505948790344,0.0033342095,0.123953647,0.34878571049999996,1666.0,2182.0
0.6245992957734906,0.195004725,0.099861427,0.327628991,1666.0,2182.0
0.6509643114974836,0.382762548,0.052148922,0.275430822,1666.0,2182.0
0.6542233499648216,0.542631043,0.037174985,0.227723884,1666.0,2182.0
0.6551746606614078,0.661221371,0.03686835,0.174426634,1666.0,2182.0
0.6575648026349002,0.731547831,0.036678604,0.138316318,1666.0,2182.0
0.6602855324774006,0.7227449365,0.038762154,0.11402282550000001,1666.0,2182.0
0.6631833328250842,0.653466661,0.04558649,0.103087377,1666.0,2182.0
0.6609941694978652,0.54710166,0.04605345,0.105491217,1666.0,2182.0
0.6583272883007382,0.412382705,0.044441835,0.103536488,1666.0,2182.0
0.6534222299206112,0.245970187,0.045728694,0.093383143,1666.0,2182.0
0.6394189743712956,0.085369121,0.05865196,0.091945321,1666.0,2182.0
0.6333096854747599,0.0,0.060687927,0.086177745,1666.0,2182.0
0.6292036845666082,0.0,0.054918232,0.092349946,1666.0,2182.0
0.6018483468999812,0.0,0.046339842,0.093535172,1666.0,2182.0
0.5772278885967608,0.0,0.041060249,0.076637451,1666.0,2182.0
0.5939139715282316,0.0,0.038486423000000006,0.08871298150000001,1666.0,2182.0
0.6669643569151764,0.0,0.056832081500000006,0.1093801645,1666.0,2182.0
0.7534600392599656,0.005800949,0.083747508,0.159002088,1666.0,2182.0
0.7770813929079446,0.206217955,0.104762049,0.235463938,1666.0,2182.0
0.7787512320726854,0.401355384,0.078370833,0.276606427,1666.0,2182.0
0.7795346539654153,0.597862841,0.064346339,0.282900762,1666.0,2182.0
0.7888325434699984,0.801810938,0.09146621399999999,0.26739405699999996,1666.0,2182.0
0.7960055420628531,0.877865941,0.14366111199999998,0.29783118350000004,1666.0,2182.0
0.7957506704278774,0.741434091,0.1794880395,0.2917167375,1666.0,2182.0
0.7914496569241335,0.525453713,0.173026413,0.289244866,1666.0,2182.0
0.7789121569491005,0.336660533,0.151011662,0.318974631,1666.0,2182.0
0.7575983981431271,0.112565108,0.179221312,0.40904818,1666.0,2182.0
0.7438752972661733,0.0,0.226761049,0.50471998,1666.0,2182.0
0.7043147329449801,0.0,0.31211821399999995,0.6033308555000001,1666.0,2182.0
0.6357403248032595,0.0,0.394853749,0.707356016,1666.0,2182.0
0.5947493346957513,0.0,0.400722374,0.7099763885,1666.0,2182.0
0.5768529887328179,0.0,0.391176868,0.721134911,1666.0,2182.0
0.6120281071692403,0.0,0.350145803,0.6679858825,1666.0,2182.0
0.6838251816690021,0.0,0.315009208,0.60961337,1666.0,2182.0
0.7433010155207581,0.004975538,0.289330047,0.575179684,1666.0,2182.0
0.772833473909262,0.172339737,0.251483849,0.55151553,1666.0,2182.0
0.7801138591364605,0.331666422,0.197212793,0.552415562,1666.0,2182.0
0.7825252478413874,0.485903195,0.19638286,0.560359583,1666.0,2182.0
0.7866749618564329,0.610309275,0.141945771,0.506772339,1666.0,2182.0
0.7904440096536954,0.6711029,0.156919783,0.498101682,1666.0,2182.0
0.787471069636495,0.675183534,0.172090629,0.45015332249999995,1666.0,2182.0
0.7833553325835451,0.607337802,0.159133716,0.39066284,1666.0,2182.0
0.7809091685847425,0.4909911,0.144574494,0.363771877,1666.0,2182.0
0.7801331098106534,0.365905231,0.130332774,0.32499984,1666.0,2182.0
0.772172741705775,0.235011142,0.110131152,0.295757806,1666.0,2182.0
0.7558348783304194,0.082313782,0.103166204,0.291633081,1666.0,2182.0
0.7290340171396825,0.0,0.0975826415,0.2929871825,1666.0,2182.0
0.6916531904042121,0.0,0.10201936,0.319895978,1666.0,2182.0
0.6324419865038946,0.0,0.149507162,0.483790989,1666.0,2182.0
0.590343728845445,0.0,0.145738523,0.498368099,1666.0,2182.0
0.5753413686915081,0.0,0.1331796955,0.5059190265,1666.0,2182.0
0.6131625430071077,0.0,0.1180578255,0.5125441775,1666.0,2182.0
0.7145795687760153,0.002127176,0.11598828950000001,0.5653837100000001,1666.0,2182.0
0.7722610995344309,0.187773665,0.11812269,0.588238439,1666.0,2182.0
0.7785919040623115,0.377864693,0.102254903,0.591449345,1666.0,2182.0
0.7803794650460959,0.574992565,0.132471431,0.620170139,1666.0,2182.0
0.7848973367142876,0.703526588,0.145839351,0.634800733,1666.0,2182.0
0.7894431530320019,0.791200379,0.189227332,0.6421403655,1666.0,2182.0
0.7879028343527181,0.721763949,0.2284052685,0.646544896,1666.0,2182.0
0.785496324881953,0.591115736,0.22575814,0.632473376,1666.0,2182.0
0.7835428712527945,0.445195568,0.20535931,0.617544677,1666.0,2182.0
0.7739275675937731,0.291995142,0.173954369,0.609244583,1666.0,2182.0
0.7563161446790411,0.08684259,0.162505107,0.598939529,1666.0,2182.0
0.7291230403207523,0.0,0.156723001,0.5675494375,1666.0,2182.0
0.692157877016066,0.0,0.149161694,0.537400406,1666.0,2182.0
0.6177839868215766,0.0,0.162602536,0.5743737235,1666.0,2182.0
0.5754883434401366,0.0,0.15205425449999999,0.5988942035,1666.0,2182.0
0.587768909258579,0.0,0.154622346,0.616297301,1666.0,2182.0
0.6569757059149247,0.0,0.15049877550000001,0.617985636,1666.0,2182.0
0.7450597448365819,0.003960197,0.145608562,0.619064988,1666.0,2182.0
0.7724037495936096,0.187045689,0.136150727,0.62081112,1666.0,2182.0
0.7786212679514588,0.371916288,0.131661806,0.624049582,1666.0,2182.0
0.7793295501746722,0.554532327,0.139655766,0.626997918,1666.0,2182.0
0.7843847547626057,0.699355549,0.13278528,0.599898355,1666.0,2182.0
0.7890549018776929,0.816426885,0.149904643,0.578403131,1666.0,2182.0
0.7884010448643688,0.7828100645,0.1830652285,0.591626134,1666.0,2182.0
0.7871834631082143,0.626314715,0.210068576,0.616354944,1666.0,2182.0
0.7844218367195063,0.467358004,0.213923732,0.628647327,1666.0,2182.0
0.7745529921809572,0.272828155,0.198755931,0.642901412,1666.0,2182.0
0.7518919535575758,0.027913037,0.215197511,0.6840471655,1666.0,2182.0
0.7068947422199301,0.0,0.27949655500000004,0.753118266,1666.0,2182.0
0.6253875968497622,0.0,0.404320879,0.7896007894999999,1666.0,2182.0
0.5810303811349318,0.0,0.4156658755,0.7933359515,1666.0,2182.0
0.5879918664530739,0.0,0.4409990795,0.823264414,1666.0,2182.0
0.655275615690738,0.0,0.471468145,0.8268483825,1666.0,2182.0
0.7441012928392393,0.002655857,0.457607884,0.816981812,1666.0,2182.0
0.7724201613835909,0.088662708,0.433048875,0.802028797,1666.0,2182.0
0.7787512320726854,0.174486097,0.412550996,0.752754619,1666.0,2182.0
0.7781992616023189,0.259873211,0.431588798,0.718979677,1666.0,2182.0
0.7788702401519875,0.3786319515,0.4037042595,0.6432233065,1666.0,2182.0
0.777059569561374,0.461958521,0.4308949365,0.653522831,1666.0,2182.0
0.7731532388675729,0.3871863345,0.44865674749999995,0.688222361,1666.0,2182.0
0.7707748069244562,0.26522803,0.417995712,0.70280761,1666.0,2182.0
0.7657928790800248,0.166657737,0.355960913,0.674462795,1666.0,2182.0
0.7542517114416355,0.041217177,0.314852151,0.650904811,1666.0,2182.0
0.7326141068762101,0.0,0.257418163,0.60134361,1666.0,2182.0
0.6541909698687675,0.0,0.196078307,0.5268869119999999,1666.0,2182.0
0.568587759432087,0.0,0.18523274950000002,0.47086158850000004,1666.0,2182.0
0.5451118281112644,0.0,0.158867046,0.40583679650000004,1666.0,2182.0
0.5579779642920126,0.0,0.126157145,0.39386112399999995,1666.0,2182.0
0.5759321952568913,0.001260415,0.117947902,0.3844172735,1666.0,2182.0
0.6256281413880356,0.134153946,0.107632692,0.408562036,1666.0,2182.0
0.6589693020512192,0.278917514,0.093599119,0.421117094,1666.0,2182.0
0.6586868408170733,0.417230458,0.111387514,0.480034441,1666.0,2182.0
0.6551906289168602,0.5594522319999999,0.1428514675,0.4705312015,1666.0,2182.0
0.6542785736583517,0.5710997360000001,0.214152918,0.4739288745,1666.0,2182.0
0.6554487385766274,0.486371335,0.260693862,0.523022815,1666.0,2182.0
0.6543628950798157,0.398744967,0.285421419,0.58452401,1666.0,2182.0
0.6539498487153582,0.281046264,0.297919933,0.641909565,1666.0,2182.0
0.6504255592874968,0.158552248,0.305656264,0.712058632,1666.0,2182.0
0.6417957207110929,0.029818904,0.339513309,0.726505758,1666.0,2182.0
0.6352663771287097,0.0,0.388734917,0.7518606975,1666.0,2182.0
0.6204212824129118,0.0,0.4484960265,0.740639921,1666.0,2182.0
0.5665094204608437,0.0,0.463659987,0.7030553405,1666.0,2182.0
0.541825510448058,0.0,0.479312451,0.6883431975000001,1666.0,2182.0
0.5519409318880736,0.0,0.472928612,0.67146885,1666.0,2182.0
0.5699096673735902,0.000682912,0.465869328,0.62443024,1666.0,2182.0
0.6151771641075723,0.070647473,0.46744523,0.573375204,1666.0,2182.0
0.6482688647936098,0.150288499,0.479019346,0.579501776,1666.0,2182.0
0.6540198430401198,0.213512324,0.516348707,0.608459584,1666.0,2182.0
0.6544548901750835,0.291859968,0.498629661,0.797666405,1666.0,2182.0
0.6549036876903731,0.35803345200000003,0.554833591,0.8311662925000001,1666.0,2182.0
0.6548831950486302,0.3814135655,0.603245271,0.8569272054999999,1666.0,2182.0
0.6527919705944548,0.293347687,0.646792651,0.854257613,1666.0,2182.0
0.6530133974885218,0.216911254,0.653213284,0.84854827,1666.0,2182.0
0.6495127054947271,0.127651314,0.647014646,0.852836138,1666.0,2182.0
0.6398151653100019,0.024824876,0.624360914,0.842919273,1666.0,2182.0
0.6360526156327464,0.0,0.5825298805,0.8326647165000001,1666.0,2182.0
0.6318768866116671,0.0,0.4649718425,0.794569844,1666.0,2182.0
0.5933926070158029,0.0,0.4171366175,0.6458231555,1666.0,2182.0
0.5818658995041026,0.0,0.403831081,0.542368497,1666.0,2182.0
0.6248006070959709,0.0,0.4114464485,0.544449688,1666.0,2182.0
0.7289123033073959,0.000909001,0.438083624,0.5152592855,1666.0,2182.0
0.7978351971158255,0.149957999,0.44539685,0.442294184,1666.0,2182.0
0.802875320517365,0.324736049,0.42988726,0.379493819,1666.0,2182.0
0.7924949586719887,0.495075179,0.430613632,0.352445582,1666.0,2182.0
0.7861496052801412,0.620685887,0.348490668,0.313367611,1666.0,2182.0
0.7811372489017078,0.724452619,0.38669212249999996,0.3333450745,1666.0,2182.0
0.7742769182591163,0.7245505034999999,0.43191651,0.380114065,1666.0,2182.0
0.7727451160806061,0.622761601,0.467449495,0.414841722,1666.0,2182.0
0.7757817517969208,0.484931956,0.483739107,0.439540902,1666.0,2182.0
0.7729472923004802,0.303649823,0.463146517,0.460848828,1666.0,2182.0
0.7681937996208854,0.050411794,0.457139509,0.468366968,1666.0,2182.0
0.7476362721984315,0.0,0.474104641,0.491541362,1666.0,2182.0
0.6704958764823128,0.0,0.464756844,0.490498775,1666.0,2182.0
0.596058201902051,0.0,0.440622458,0.480697566,1666.0,2182.0
0.5851888334180156,0.0,0.40810967600000003,0.448652964,1666.0,2182.0
0.6391295491590885,0.0,0.38036299549999997,0.4116095575,1666.0,2182.0
0.7160679017865604,0.0,0.359070428,0.4006032,1666.0,2182.0
0.7748091057834826,0.001776562,0.349491434,0.398729223,1666.0,2182.0
0.8088023048266844,0.211199182,0.311091799,0.389977562,1666.0,2182.0
0.8083630883051625,0.423024441,0.26952853,0.3588843,1666.0,2182.0
0.7988083754516909,0.602621741,0.262605978,0.332794053,1666.0,2182.0
0.7857619306903478,0.743743212,0.214145831,0.28917441,1666.0,2182.0
0.7819916408749154,0.838931735,0.229755337,0.262543136,1666.0,2182.0
0.7763760382049802,0.8653176275000001,0.26536107350000004,0.2628254385,1666.0,2182.0
0.7731452103458977,0.774743252,0.297843034,0.307751295,1666.0,2182.0
0.7717688328005561,0.654129727,0.316410467,0.333299096,1666.0,2182.0
0.7715894557335888,0.494111569,0.317772443,0.342307017,1666.0,2182.0
0.7677044603566395,0.300168863,0.280601318,0.332056851,1666.0,2182.0
0.7661530526054449,0.037303409,0.299261459,0.343979011,1666.0,2182.0
0.7470209165841135,0.0,0.328250041,0.40620350699999996,1666.0,2182.0
0.7038300733192959,0.0,0.340595858,0.432329914,1666.0,2182.0
0.6371616796453295,0.0,0.323048976,0.386741938,1666.0,2182.0
0.597044509710398,0.0,0.278499946,0.326754533,1666.0,2182.0
0.5920515370867644,0.0,0.232431128,0.2649890455,1666.0,2182.0
0.6503241606223971,0.0,0.2180899195,0.245817501,1666.0,2182.0
0.7544718963175324,0.000814746,0.2231668945,0.2580806215,1666.0,2182.0
0.8063301480441325,0.212526222,0.218389026,0.26548083,1666.0,2182.0
0.8044684232477879,0.434386284,0.164470898,0.258260111,1666.0,2182.0
0.7888897631195297,0.626803532,0.152933487,0.235012498,1666.0,2182.0
0.7785216436269565,0.8176474775,0.1194390015,0.205437307,1666.0,2182.0
0.7759048407279843,0.8952655535,0.116297448,0.183600928,1666.0,2182.0
0.7748376712902296,0.81341299,0.116654179,0.181816093,1666.0,2182.0
0.7736948742544799,0.690208031,0.123185427,0.192879231,1666.0,2182.0
0.7730829339876486,0.527263546,0.131812699,0.209511244,1666.0,2182.0
0.7651376470691642,0.317475486,0.149699983,0.250542064,1666.0,2182.0
0.752320702016272,0.033867602,0.193094371,0.309743037,1666.0,2182.0
0.7368512916508534,0.0,0.230727333,0.3917347405,1666.0,2182.0
0.6673212259008117,0.0,0.24544926649999999,0.41482178999999997,1666.0,2182.0
0.5946784310796469,0.0,0.2182642755,0.354625666,1666.0,2182.0
0.5827540911167104,0.0,0.183448538,0.2948904825,1666.0,2182.0
0.627137166534683,0.0,0.161524595,0.25058265599999996,1666.0,2182.0
0.7386764667621046,0.0007171805,0.145852742,0.2434137065,1666.0,2182.0
0.799294875932966,0.219096185,0.126844588,0.24949609,1666.0,2182.0
0.792220304091013,0.44359583,0.078858719,0.230831378,1666.0,2182.0
0.7793295501746722,0.63573291,0.043858337,0.180134067,1666.0,2182.0
0.7782240124691384,0.779455517,0.026678413,0.113998124,1666.0,2182.0
0.780336350675382,0.871981162,0.021829894,0.09980386,1666.0,2182.0
0.7823953724068189,0.902996168,0.022681729499999997,0.0898341905,1666.0,2182.0
0.7819743419146352,0.822971748,0.027462689,0.086066996,1666.0,2182.0
0.7810058653889959,0.699603373,0.029176718,0.07612821,1666.0,2182.0
0.7794001655085189,0.528530362,0.029104108,0.064423909,1666.0,2182.0
0.7696687369977356,0.314110684,0.032869776,0.05398112,1666.0,2182.0
0.746839898307776,0.013470656,0.03923227,0.0560031215,1666.0,2182.0
0.7055596826342809,0.0,0.0403001305,0.078965534,1666.0,2182.0
0.6180964107822905,0.0,0.043672073,0.09334874800000001,1666.0,2182.0
0.5786018043786672,0.0,0.042236555499999995,0.15291496,1666.0,2182.0
0.5955810606472792,0.0,0.051312898499999995,0.3170351415,1666.0,2182.0
0.6677883204556225,0.0,0.075497684,0.4150664315,1666.0,2182.0
0.7530064512477922,0.001211047,0.098945232,0.43560143,1666.0,2182.0
0.7810016072145393,0.188972539,0.111426127,0.45888043,1666.0,2182.0
0.7830364990882415,0.367799339,0.098727344,0.482064487,1666.0,2182.0
0.7788233554846751,0.532354856,0.088800745,0.505308096,1666.0,2182.0
0.7783278063320598,0.674067872,0.092397876,0.485789633,1666.0,2182.0
0.7774735473888388,0.7791624644999999,0.1475869165,0.5079270195000001,1666.0,2182.0
0.7755785997200904,0.765914106,0.218683159,0.534361371,1666.0,2182.0
0.7738928809865551,0.701926276,0.274767177,0.572837089,1666.0,2182.0
0.7716656598454793,0.58682958,0.348813674,0.624047591,1666.0,2182.0
0.7706882233351572,0.423801226,0.41562208,0.689587221,1666.0,2182.0
0.7652973299274095,0.247140032,0.474117846,0.762238823,1666.0,2182.0
0.7527874196021672,0.018624294,0.546505928,0.823428172,1666.0,2182.0
0.7310713486557757,0.0,0.5951895205,0.8490134775,1666.0,2182.0
0.6933641923269943,0.0,0.591814298,0.843576857,1666.0,2182.0
0.6135023570726322,0.0,0.537163102,0.78139521,1666.0,2182.0
0.5688298120485036,0.0,0.50889381,0.76022291,1666.0,2182.0
0.5461156566977761,0.0,0.468830218,0.7090298935,1666.0,2182.0
0.5586782623368796,0.0,0.43218399799999996,0.650502695,1666.0,2182.0
0.5819073283727374,0.0,0.4140999485,0.6131229890000001,1666.0,2182.0
0.6334748684750113,0.175053701,0.36900131,0.563726507,1666.0,2182.0
0.6699098847571422,0.385892248,0.320051942,0.499021635,1666.0,2182.0
0.6681425503045071,0.593698203,0.297476897,0.442729676,1666.0,2182.0
0.6614465599364379,0.752250051,0.217880194,0.351708312,1666.0,2182.0
0.6582214540372463,0.846986737,0.207230914,0.31969543,1666.0,2182.0
0.6541230158939562,0.875700278,0.1965921105,0.26299633099999997,1666.0,2182.0
0.6544913510216583,0.791627829,0.188829442,0.250154423,1666.0,2182.0
0.6531860766880213,0.653608187,0.18697845,0.258923992,1666.0,2182.0
0.6535957076037516,0.497483688,0.178453023,0.278882471,1666.0,2182.0
0.6535321893285729,0.288408072,0.168596808,0.309350287,1666.0,2182.0
0.6544452204946581,0.016933967,0.196184792,0.34325411,1666.0,2182.0
0.6534297705138082,0.0,0.21585445949999998,0.35777291899999997,1666.0,2182.0
0.6446174499262524,0.0,0.201860296,0.338981147,1666.0,2182.0
0.6036152155451824,0.0,0.1678020835,0.27521898300000003,1666.0,2182.0
0.5614695631192776,0.0,0.127065605,0.14760850250000002,1666.0,2182.0
0.571309575989866,0.0,0.10718989000000001,0.114015826,1666.0,2182.0
0.59191676034761,0.0,0.1023224445,0.14310996650000002,1666.0,2182.0
0.6269861554294829,0.0,0.107706849,0.196684288,1666.0,2182.0
0.6555208176452884,0.183736127,0.104979622,0.243151209,1666.0,2182.0
0.6721583081850834,0.402074541,0.059288498,0.19732581,1666.0,2182.0
0.6666930734902193,0.571866081,0.056142775,0.162211201,1666.0,2182.0
0.6576300951494357,0.70049444,0.061384381,0.125644913,1666.0,2182.0
0.6542766663383881,0.7799086285000001,0.0739258115,0.117827326,1666.0,2182.0
0.653957943802647,0.7120326130000001,0.112778353,0.221635426,1666.0,2182.0
0.6528541138214768,0.550839862,0.168649452,0.377914568,1666.0,2182.0
0.6539690107028935,0.390142541,0.207887037,0.415487411,1666.0,2182.0
0.6535321893285729,0.203798629,0.224969792,0.432029915,1666.0,2182.0
0.6476953370872662,0.008575039,0.266061254,0.488746302,1666.0,2182.0
0.6444849131832686,0.0,0.294565273,0.5684164835000001,1666.0,2182.0
0.6398736048060389,0.0,0.30311682100000004,0.6962111205,1666.0,2182.0
0.6005879168330861,0.0,0.3084273325,0.781301044,2535.5,3320.5
0.5868528618855873,0.0,0.333132454,0.824965993,3405.0,4459.0
0.6329344528839898,0.0,0.383603172,0.8155161035,3405.0,4459.0
0.7422497257024183,0.0,0.40590515800000004,0.7893268625000001,3405.0,4459.0
0.8094976350519723,0.112564955,0.414272035,0.768651484,3405.0,4459.0
0.8121942349861181,0.241293637,0.447030982,0.748379818,3405.0,4459.0
0.8074654044866851,0.368076172,0.515503445,0.713356684,3405.0,4459.0
0.8053607843481946,0.471357302,0.438787001,0.647109914,3405.0,4459.0
0.7988167588212377,0.5137580239999999,0.48557492,0.5541454050000001,3405.0,4459.0
0.7924734458299607,0.511271525,0.5317777939999999,0.45781798149999997,3405.0,4459.0
0.7936317231926845,0.436007132,0.553489864,0.458928981,3405.0,4459.0
0.7969491346916863,0.351352029,0.535815135,0.474531374,3405.0,4459.0
0.8024406283315132,0.205452057,0.484533478,0.439759175,3405.0,4459.0
0.7923692527252187,0.009106372,0.450007783,0.406670085,3405.0,4459.0
0.7677272151662173,0.0,0.413358793,0.4106397585,3405.0,4459.0
0.7212390538529403,0.0,0.36982253,0.366728233,3405.0,4459.0
0.6332814304725554,0.0,0.2989791805,0.4145430845,3405.0,4459.0
0.5916156028321223,0.0,0.2942077615,0.510526998,3405.0,4459.0
0.6063385180600603,0.0,0.28747692150000004,0.555071131,3405.0,4459.0
0.6830348180204955,0.0,0.2834419925,0.590831308,3405.0,4459.0
0.7764498472202895,0.0,0.286838264,0.611702103,3405.0,4459.0
0.81251643958682,0.116242743,0.283598517,0.630919558,3405.0,4459.0
0.8140202972170478,0.252010899,0.26247651,0.64014612,3405.0,4459.0
0.8074654044866851,0.355201289,0.283878779,0.634597251,3405.0,4459.0
0.7964915545650297,0.4451956075,0.290362065,0.5898793044999999,3405.0,4459.0
0.7860198185322302,0.4756315515,0.3513853855,0.6035827105,3405.0,4459.0
0.7812479180054124,0.3732842155,0.3818146035,0.6477325225,3405.0,4459.0
0.7811537494795874,0.222064825,0.362907153,0.68249544,3405.0,4459.0
0.7769717440045254,0.116736907,0.326632744,0.673218838,3405.0,4459.0
0.7641318224254109,0.003951079,0.316826613,0.645154585,3405.0,4459.0
0.7406821278778865,0.0,0.30191308299999997,0.606513571,3405.0,4459.0
0.7019396943295465,0.0,0.279422865,0.556826916,3405.0,4459.0
0.6415384095349668,0.0,0.269756249,0.527864729,3405.0,4459.0
0.5981329258289672,0.0,0.258149342,0.484038192,3405.0,4459.0
0.5844543587648329,0.0,0.231072555,0.49347687100000004,3405.0,4459.0
0.6280611980860213,0.0,0.2036767135,0.44801148749999997,3405.0,4459.0
0.733364150593645,0.0,0.1774296705,0.359812986,3405.0,4459.0
0.789684806406598,0.061995084,0.159689304,0.249318252,3405.0,4459.0
0.7925577672514245,0.158121889,0.134967607,0.198413396,3405.0,4459.0
0.7886844819554711,0.257064501,0.149767414,0.159392246,3405.0,4459.0
0.7849467497106486,0.354158909,0.1457501405,0.130034682,3405.0,4459.0
0.778858884918863,0.4046020545,0.190639921,0.119235529,3405.0,4459.0
0.7755342433312065,0.392542158,0.219417119,0.130985611,3405.0,4459.0
0.7752024578379776,0.328705516,0.230815606,0.142974032,3405.0,4459.0
0.7748492038966694,0.240573159,0.223889841,0.155094876,3405.0,4459.0
0.7664205657338035,0.0730224795,0.218071916,0.1613252165,3405.0,4459.0
0.7409209202978471,0.0,0.2383287,0.193628885,3405.0,4459.0
0.6729054908972626,0.0,0.232018484,0.2439750775,3405.0,4459.0
0.6006953035180501,0.0,0.21526733450000002,0.2461316485,3405.0,4459.0
0.5872193340366545,0.0,0.20171579,0.23064077100000002,3405.0,4459.0
0.633328714331068,0.0,0.1958247305,0.2203143165,3405.0,4459.0
0.7418229731997233,0.0,0.187691971,0.230281555,3405.0,4459.0
0.8023292938753946,0.14782123,0.168617688,0.247875383,3405.0,4459.0
0.8011952794510121,0.341978934,0.107497287,0.227145076,3405.0,4459.0
0.7882748066964121,0.530675452,0.088758724,0.205776176,3405.0,4459.0
0.7837909119396956,0.712806676,0.06647905,0.182449094,3405.0,4459.0
0.7822961916674657,0.843735402,0.063859649,0.147938631,3405.0,4459.0
0.7772537616535219,0.8815362075,0.07250672250000001,0.089493587,3405.0,4459.0
0.7729950196935218,0.795383515,0.087233052,0.051061558,3405.0,4459.0
0.7716977739321804,0.668625183,0.098387017,0.049452989,3405.0,4459.0
0.7711007373771873,0.494739929,0.104632043,0.059298064,3405.0,4459.0
0.7704290047884471,0.276714582,0.126915927,0.08545799,3405.0,4459.0
0.7608640013467057,0.005196281,0.17517861,0.131176936,3405.0,4459.0
0.7425564498749055,0.0,0.2265299465,0.2023968195,3405.0,4459.0
0.7075826205386786,0.0,0.255881857,0.269812729,3405.0,4459.0
0.645144758216457,0.0,0.297335887,0.339126179,3405.0,4459.0
0.6037591075719109,0.0,0.2874832185,0.36610285,3405.0,4459.0
0.5909509673020501,0.0,0.2730122945,0.3211849095,3405.0,4459.0
0.6353091367021724,0.0,0.262303039,0.22431413,3405.0,4459.0
0.7508677654605483,0.0,0.250531432,0.1872483115,3405.0,4459.0
0.8120219549778188,0.169587725,0.240645252,0.189947984,3405.0,4459.0
0.801822833024184,0.414859106,0.171931254,0.161568173,3405.0,4459.0
0.7855837956415506,0.614020174,0.126666726,0.115431771,3405.0,4459.0
0.781245212252428,0.761173561,0.100880274,0.087064784,3405.0,4459.0
0.7779811171269926,0.8709156625000001,0.0990094155,0.0892138665,3405.0,4459.0
0.7750678806944231,0.829040088,0.08401479049999999,0.07466172900000001,3405.0,4459.0
0.7728651443601936,0.661802568,0.083064536,0.057889666,3405.0,4459.0
0.7720458825287332,0.484537743,0.083355413,0.045143231,3405.0,4459.0
0.7657717654798173,0.265866111,0.100692409,0.035163037,3405.0,4459.0
0.7580289208411801,0.003998815,0.135289187,0.03095442,3405.0,4459.0
0.7383712950617098,0.0,0.17087085899999999,0.0287593095,3405.0,4459.0
0.701904564086559,0.0,0.203148879,0.031699949,3405.0,4459.0
0.6061935393180533,0.0,0.2652503645,0.045772084500000004,3405.0,4459.0
0.5558070979536945,0.0,0.26405786649999996,0.053877409,3405.0,4459.0
0.5521196436532472,0.0,0.269854176,0.049022473,3405.0,4459.0
0.5636170092956039,0.0,0.276292663,0.051578986,3405.0,4459.0
0.5842569951628869,0.0,0.31427030349999996,0.0725784365,3405.0,4459.0
0.6324988513561749,0.140560111,0.32473462,0.133312556,3405.0,4459.0
0.6557025456173687,0.341051183,0.269819074,0.195179412,3405.0,4459.0
0.6566949301828577,0.502565716,0.242861493,0.235465586,3405.0,4459.0
0.6543421363274795,0.634603171,0.231451114,0.284669799,3405.0,4459.0
0.652902151719061,0.7038940145,0.28905903050000004,0.36886825700000003,3405.0,4459.0
0.6548695776476707,0.658179154,0.353735233,0.381278026,3405.0,4459.0
0.6543864039284651,0.534279346,0.386351219,0.456669535,3405.0,4459.0
0.6522237657074225,0.391218188,0.398259896,0.5342341,3405.0,4459.0
0.6515155721708669,0.243240133,0.392884224,0.617672497,3405.0,4459.0
0.6484106720258187,0.107478714,0.410908363,0.710208355,3405.0,4459.0
0.6424397305188155,0.001045077,0.439237667,0.846260617,3405.0,4459.0
0.6389043963117518,0.0,0.4631246865,0.906225287,3405.0,4459.0
0.6277644097045528,0.0,0.46461004,0.912920949,3405.0,4459.0
0.5735183891824782,0.0,0.48345336299999997,0.9229462845,3405.0,4459.0
0.5502352971279314,0.0,0.48555829149999996,0.9283819335,3405.0,4459.0
0.5615638647257093,0.0,0.46426906450000005,0.9209315465,3405.0,4459.0
0.5827030813555485,0.0,0.4426660615,0.910762564,3405.0,4459.0
0.6335411368465033,0.027475258,0.41032145,0.907461562,3405.0,4459.0
0.6718923474275765,0.082807395,0.384870114,0.901740559,3405.0,4459.0
0.676999981218778,0.142763853,0.374244622,0.888839059,3405.0,4459.0
0.6722585978619997,0.236188611,0.33813351,0.8303751699999999,3405.0,4459.0
0.6690583980312786,0.2718889935,0.31437745,0.744392238,3405.0,4459.0
0.6698642863500882,0.243716919,0.286190293,0.658691821,3405.0,4459.0
0.6705353092430857,0.208624502,0.273603736,0.593457969,3405.0,4459.0
0.6710470041257094,0.157673263,0.254607452,0.571516881,3405.0,4459.0
0.6722001140226338,0.049175679,0.2375915215,0.503467823,3405.0,4459.0
0.6670455068774623,0.0,0.23222188700000002,0.3911017055,3405.0,4459.0
0.6509993973465222,0.0,0.2041861915,0.284261247,3405.0,4459.0
0.6039335832330519,0.0,0.16612992199999999,0.2196114535,3405.0,4459.0
0.5911767411584719,0.0,0.163277124,0.2243378955,3405.0,4459.0
0.6351690149720424,0.0,0.15882807799999998,0.2172812635,3405.0,4459.0
0.7477223900815371,0.0,0.15233945599999998,0.169733596,3405.0,4459.0
0.8161271352306649,0.073122148,0.141049958,0.152466074,3405.0,4459.0
0.8146084624740161,0.232042211,0.11151642,0.13974442,3405.0,4459.0
0.8012667818539169,0.370808258,0.096030668,0.124917727,3405.0,4459.0
0.7913867595567993,0.49459909,0.082808463,0.097271557,3405.0,4459.0
0.7855890740162923,0.5910913929999999,0.07791148,0.077148144,3405.0,4459.0
0.7786633177785586,0.5615284195,0.07353209899999999,0.0701528595,3405.0,4459.0
0.7769718326911831,0.420172144,0.067234704,0.077506734,3405.0,4459.0
0.7776203225924874,0.22581570499999998,0.06138120999999999,0.09478560650000001,3405.0,4459.0
0.7744877883530794,0.0008135785,0.0827920475,0.118447862,3405.0,4459.0
0.7290090001116494,0.0,0.098897119,0.110932516,3405.0,4459.0
0.6327531019820656,0.0,0.12045674149999999,0.1503735865,3405.0,4459.0
0.5924830578134382,0.0,0.119608354,0.16955162499999998,3405.0,4459.0
0.6085939275871068,0.0,0.13780814800000002,0.2021239955,3405.0,4459.0
0.6538719589495282,0.0,0.155870131,0.296422901,3405.0,4459.0
0.7548749181536931,0.0,0.17312237149999998,0.2930834205,3405.0,4459.0
0.8197067814326635,0.097690167,0.17869,0.296371412,3405.0,4459.0
0.8128267565307296,0.301053322,0.145401165,0.263002829,3405.0,4459.0
0.7949233801759822,0.489334326,0.106171517,0.203453536,3405.0,4459.0
0.7841314799936716,0.7281656515,0.12545693800000002,0.16369853350000002,3405.0,4459.0
0.7758773841081803,0.790657462,0.17504330099999998,0.118911064,3405.0,4459.0
0.7717578767080115,0.6229932899999999,0.18385422299999998,0.0876576925,3405.0,4459.0
0.770860503444697,0.38986743,0.177026717,0.097520127,3405.0,4459.0
0.7696135576981545,0.196538784,0.216696632,0.139153883,3405.0,4459.0
0.7552742583799129,0.0007129105,0.309738473,0.22928239499999997,3405.0,4459.0
0.714868084595639,0.0,0.38019235399999995,0.4292369915,3405.0,4459.0
0.6270405805887518,0.0,0.43772627649999996,0.6136205545,3405.0,4459.0
0.5868283550083169,0.0,0.402659349,0.656631305,3405.0,4459.0
0.6036693524728136,0.0,0.385475934,0.6430815875,3405.0,4459.0
0.6809827823375438,0.0,0.386483299,0.6578608640000001,3405.0,4459.0
0.7720735608651814,0.0,0.405212555,0.667987214,3405.0,4459.0
0.8029432745427965,0.093077124,0.422587936,0.681904042,3405.0,4459.0
0.797123189040583,0.295223445,0.403527834,0.684750222,3405.0,4459.0
0.7862077120493509,0.449602759,0.355504433,0.638800537,3405.0,4459.0
0.7825689832211864,0.557952751,0.355849795,0.614926628,3405.0,4459.0
0.7795085723937681,0.618494238,0.382729014,0.603225583,3405.0,4459.0
0.7755058552990155,0.5861627625,0.4296434225,0.5807730095,3405.0,4459.0
0.7736695910652331,0.447269301,0.459521088,0.582770954,3405.0,4459.0
0.7719327738332579,0.348863125,0.45099969,0.587987732,3405.0,4459.0
0.7706446654299144,0.214602936,0.448951817,0.632949613,3405.0,4459.0
0.7670438168398102,0.097771881,0.467139063,0.69465725,3405.0,4459.0
0.7565850329061765,0.0,0.479351368,0.748021417,3405.0,4459.0
0.7363152451432307,0.0,0.4989399015,0.8107136420000001,3405.0,4459.0
0.7004923466024869,0.0,0.511665699,0.849904415,3405.0,4459.0
0.6414207321604923,0.0,0.59292707,0.825192832,3405.0,4459.0
0.5975363550814081,0.0,0.5423452879999999,0.8470510745,3405.0,4459.0
0.582828121848664,0.0,0.5075709815,0.8358026414999999,3405.0,4459.0
0.6225892434026454,0.0,0.509886779,0.885665242,3405.0,4459.0
0.7277619435067848,0.0,0.530410812,0.9046105385000001,3405.0,4459.0
0.7810246725286597,0.057489931,0.537358057,0.903318265,3405.0,4459.0
0.783218360191549,0.242430881,0.523749731,0.874612419,3405.0,4459.0
0.7806685797031402,0.408764582,0.480541118,0.832940834,3405.0,4459.0
0.7788001127972394,0.53816398,0.407684306,0.779137778,3405.0,4459.0
0.7799578135448273,0.625805968,0.435997742,0.793177597,3405.0,4459.0
0.7776456056804937,0.631343653,0.458959081,0.8137326885,3405.0,4459.0
0.7742688453941121,0.489136684,0.446840748,0.806151644,3405.0,4459.0
0.7723689741984933,0.355369785,0.423238454,0.797059259,3405.0,4459.0
0.7720088006730732,0.218218917,0.401614362,0.701684529,3405.0,4459.0
0.7659080281760706,0.098481805,0.398889726,0.579166795,3405.0,4459.0
0.7497804138349732,0.0,0.402396274,0.561340859,3405.0,4459.0
0.7111518651928446,0.0,0.4061417385,0.5934436064999999,3405.0,4459.0
0.6413280717128106,0.0,0.420264406,0.699361434,3405.0,4459.0
0.5976321648166032,0.0,0.39887713700000005,0.719259506,3405.0,4459.0
0.5831063914233467,0.0,0.4075151735,0.799147568,3405.0,4459.0
0.6240382766317838,0.0,0.42878434249999997,0.830215998,3405.0,4459.0
0.7282951068374873,0.0,0.452167156,0.853179599,3405.0,4459.0
0.781593232162323,0.057591255,0.469681477,0.855458643,3405.0,4459.0
0.783218360191549,0.167415795,0.459889454,0.857353777,3405.0,4459.0
0.7813488286407935,0.32073011,0.440648197,0.86815371,3405.0,4459.0
0.7794706033678095,0.481862945,0.383036113,0.802139358,3405.0,4459.0
0.7781612038897026,0.644925727,0.40721864399999996,0.8371394050000001,3405.0,4459.0
0.7745307696431865,0.629859224,0.408125421,0.8543732575,3405.0,4459.0
0.7723657805676509,0.437521419,0.367213921,0.839268452,3405.0,4459.0
0.7717878173135353,0.30489103,0.319006227,0.819230052,3405.0,4459.0
0.7658042343131494,0.146729382,0.322203895,0.802606471,3405.0,4459.0
0.7496395380657717,0.0,0.35425574550000005,0.7901512804999999,3405.0,4459.0
0.7105014680221967,0.0,0.383336252,0.7928529305,3405.0,4459.0
0.6053181445523401,0.0,0.426476563,0.8163402479999999,3405.0,4459.0
0.5535311513909562,0.0,0.412851594,0.858053077,3405.0,4459.0
0.5527750086940943,0.0,0.41626579799999996,0.872089151,3405.0,4459.0
0.5628135162252361,0.0,0.43157304399999996,0.8873012685,3405.0,4459.0
0.5923413170962226,0.0,0.45087839,0.893254521,3405.0,4459.0
0.6233058202075071,0.084418313,0.460391613,0.894130509,3405.0,4459.0
0.6509633799838561,0.326695702,0.42862778,0.890828977,3405.0,4459.0
0.653969809085294,0.517113582,0.389819727,0.872619051,3405.0,4459.0
0.6537885689910716,0.666381844,0.329860823,0.820181453,3405.0,4459.0
0.6563060580700839,0.778539875,0.371129128,0.8246785889999999,3405.0,4459.0
0.6580466013059492,0.7138168905,0.396480761,0.8161289949999999,3405.0,4459.0
0.6565330738940555,0.546228454,0.393451004,0.784018398,3405.0,4459.0
0.6534146006407563,0.370753619,0.369315918,0.750466929,3405.0,4459.0
0.6443632880376398,0.077381704,0.41206054400000003,0.7130575835,3405.0,4459.0
0.6364274933756451,0.0,0.444181767,0.6652169750000001,3405.0,4459.0
0.6270007486367786,0.0,0.4824400605,0.625234872,3405.0,4459.0
0.5734091394702592,0.0,0.5202008815000001,0.531196205,3405.0,4459.0
0.5491917473971484,0.0,0.5545134195,0.4834502385,3405.0,4459.0
0.5561770964118112,0.0,0.580340652,0.504749268,3405.0,4459.0
0.5628135162252361,0.0,0.6229082845,0.5474055085,3405.0,4459.0
0.59251781103689,0.0,0.659291976,0.639036079,3405.0,4459.0
0.6232871905423992,0.061324063,0.675780415,0.694856292,3405.0,4459.0
0.6515097171303689,0.278205476,0.652463241,0.714804036,3405.0,4459.0
0.6544571966356272,0.447141656,0.630076289,0.699076146,3405.0,4459.0
0.6534733284190511,0.548013292,0.556669529,0.619613248,3405.0,4459.0
0.6540429526975691,0.5632120005,0.591364156,0.592383115,3405.0,4459.0
0.6555557038987267,0.455289195,0.575933841,0.5559725155,3405.0,4459.0
0.6542275194526204,0.339750743,0.525029657,0.483869294,3405.0,4459.0
0.6519258684390109,0.198120169,0.496683355,0.4450104,3405.0,4459.0
0.6440331880971097,0.0339962265,0.4949361015,0.460113785,3405.0,4459.0
0.636276282522984,0.0,0.5081094340000001,0.4821655705,3405.0,4459.0
0.637035840668573,0.0,0.4864454415,0.44155184950000004,3405.0,4459.0
0.5974788692706632,0.0,0.4479210555,0.347307131,3405.0,4459.0
0.582945289173616,0.0,0.401887225,0.254923548,3405.0,4459.0
0.6225150352467561,0.0,0.347353462,0.3095523115,3405.0,4459.0
0.7277619435067848,0.0,0.332463242,0.350409939,3405.0,4459.0
0.7810246725286597,0.036831864,0.322863503,0.370095702,3405.0,4459.0
0.7829348344137889,0.143995448,0.30135745,0.343896406,3405.0,4459.0
0.7797077324573557,0.252727322,0.269684541,0.30563853,3405.0,4459.0
0.7787612566009819,0.346043747,0.22623856,0.256627103,3405.0,4459.0
0.7792631043792446,0.4267100305,0.2576237275,0.194108249,3405.0,4459.0
0.7753079815969268,0.413445921,0.25852136449999996,0.1345863865,3405.0,4459.0
0.7723292309331778,0.31014556,0.233890553,0.096745982,3405.0,4459.0
0.7714318131746737,0.193848069,0.217114102,0.08537511,3405.0,4459.0
0.7664587566282671,0.069296567,0.218197739,0.099288436,3405.0,4459.0
0.7540168002272158,0.0,0.22999634600000002,0.1501519005,3405.0,4459.0
0.7130369213632829,0.0,0.22969419800000002,0.182886879,3405.0,4459.0
0.6414174053984228,0.0,0.258981716,0.182742382,3405.0,4459.0
0.5982046501003769,0.0,0.21433898499999998,0.219356458,3405.0,4459.0
0.584626949328295,0.0,0.158691175,0.25767393299999997,3405.0,4459.0
0.6295890969379463,0.0,0.121056745,0.2054257195,3405.0,4459.0
0.7368627134495913,0.0,0.1067964245,0.20142211599999998,3405.0,4459.0
0.7973771734546397,0.045280258,0.098106535,0.206206599,3405.0,4459.0
0.7888759239513056,0.255285154,0.080062453,0.206549428,3405.0,4459.0
0.782484085083346,0.427089016,0.064136551,0.18385662,3405.0,4459.0
0.7791249787063563,0.572700908,0.048544657,0.185992176,3405.0,4459.0
0.7784065832175683,0.67063049,0.056828092999999996,0.176558492,3405.0,4459.0
0.7746029374491252,0.5865057315,0.055795396,0.1787394575,3405.0,4459.0
0.7726318299105749,0.419485696,0.051053718,0.166900607,3405.0,4459.0
0.7694265069573833,0.192279604,0.0545617615,0.1538624885,3405.0,4459.0
0.75490348366044,0.0,0.061910176,0.121186019,3405.0,4459.0
0.7142857079147957,0.0,0.0579862675,0.115091376,3405.0,4459.0
0.627582216026279,0.0,0.068136344,0.1430016425,3405.0,4459.0
0.5868294860669243,0.0,0.0481371365,0.1299285915,3405.0,4459.0
0.603711668461127,0.0,0.0471302675,0.1328090655,3405.0,4459.0
0.6494976687529023,0.0,0.049480485,0.114263675,3405.0,4459.0
0.7421053457472115,0.0,0.0519000555,0.1042522525,3405.0,4459.0
0.8079236055211864,0.046612005,0.051908016,0.099614902,3405.0,4459.0
0.8009662232770903,0.191451997,0.044292741,0.092651391,3405.0,4459.0
0.787946924529768,0.320112523,0.029105674,0.071891819,3405.0,4459.0
0.7827489369032895,0.484688837,0.022946772,0.038034153,3405.0,4459.0
0.7758438507312342,0.578303236,0.0338489885,0.030415351,3405.0,4459.0
0.7726493950320686,0.490345099,0.047469265,0.032727314,3405.0,4459.0
0.7713521491694867,0.382076107,0.060206233,0.049439323,3405.0,4459.0
0.7721177397795093,0.25076671,0.081617594,0.085833659,3405.0,4459.0
0.7722253482823581,0.080581286,0.129930637,0.13860243,3405.0,4459.0
0.7583120917710687,0.0,0.2024412245,0.2213471225,3405.0,4459.0
0.7175732232022229,0.0,0.24699701500000001,0.331297823,3405.0,4459.0
0.6276946371976759,0.0,0.24139737249999998,0.391620192,3405.0,4459.0
0.5884769475428634,0.0,0.251162409,0.486447635,3405.0,4459.0
0.5872381411256982,0.0,0.26534409049999996,0.5977631205,3405.0,4459.0
0.6334330404657964,0.0,0.29843221200000003,0.671773604,3405.0,4459.0
0.7418852495579724,0.0,0.318869046,0.6856584555,3405.0,4459.0
0.803365280790696,0.040725019,0.321770242,0.680414271,3405.0,4459.0
0.8009662232770903,0.266849535,0.291672461,0.662453179,3405.0,4459.0
0.7890460749736171,0.432561922,0.234491504,0.655253719,3405.0,4459.0
0.7843361401992653,0.589313843,0.156595015,0.553723501,3405.0,4459.0
0.78065003872469,0.6909505265,0.180298599,0.5675771709999999,3405.0,4459.0
0.7747537490093457,0.6329788835000001,0.2540937365,0.631241219,3405.0,4459.0
0.7734759312955126,0.488516222,0.314492838,0.697157964,3405.0,4459.0
0.7750945832751555,0.326376056,0.313448448,0.719667959,3405.0,4459.0
0.7748287999922047,0.104074842,0.361072685,0.75750357,3405.0,4459.0
0.7622328383494705,0.0,0.38903723450000005,0.769740295,3405.0,4459.0
0.7200093183294001,0.0,0.37748116249999997,0.741946099,3405.0,4459.0
0.643489867208124,0.0,0.306486252,0.634654699,3405.0,4459.0
0.6011857294975748,0.0,0.26889127,0.529416823,3405.0,4459.0
0.5891288971349833,0.0,0.225593558,0.4047413465,3405.0,4459.0
0.6342754341263706,0.0,0.202436278,0.38705056550000005,3405.0,4459.0
0.7452289199513167,0.0,0.193129347,0.41358009900000003,3405.0,4459.0
0.8144116976588704,0.043067468,0.182984523,0.410772333,3405.0,4459.0
0.8125338272337578,0.303714669,0.137500383,0.377384612,3405.0,4459.0
0.8012667818539169,0.487151527,0.093413941,0.3122492,3405.0,4459.0
0.7913867595567993,0.625787046,0.077936001,0.285757712,3405.0,4459.0
0.7831680157321805,0.7532355479999999,0.083102047,0.279748781,3405.0,4459.0
0.7765017441011299,0.70831249,0.10090352450000001,0.264394416,3405.0,4459.0
0.7749912329467632,0.529817716,0.1325608,0.328037272,3405.0,4459.0
0.7765996829235535,0.355348965,0.150935582,0.350440265,3405.0,4459.0
0.7785640482513072,0.116456952,0.201521748,0.383991226,3405.0,4459.0
0.7729487560352946,0.0,0.24878233700000002,0.4105092585,3405.0,4459.0
0.727259496992342,0.0,0.2603267635,0.428493932,3405.0,4459.0
0.6273848303032888,0.0,0.235941355,0.387436659,3405.0,4459.0
0.5800591988563081,0.0,0.21757692950000002,0.369849823,3405.0,4459.0
0.558261024312959,0.0,0.2102329315,0.3657331935,3405.0,4459.0
0.5714604319440354,0.0,0.21920135149999997,0.3612165035,3405.0,4459.0
0.6055479104726247,0.0,0.21868140149999998,0.34529840300000003,3405.0,4459.0
0.6585036934535075,0.032411626,0.209692318,0.331722805,3405.0,4459.0
0.6868851045173219,0.236967307,0.171087148,0.319380528,3405.0,4459.0
0.6860797262986548,0.394274381,0.129951155,0.295113019,3405.0,4459.0
0.6698962007399488,0.6248176569999999,0.103894453,0.2256141965,3405.0,4459.0
0.6586006342979303,0.7661619774999999,0.10599966350000001,0.1885885215,3405.0,4459.0
0.6578650507071843,0.693293337,0.125701461,0.181551401,3405.0,4459.0
0.6572119034402232,0.560083215,0.147373863,0.191098316,3405.0,4459.0
0.6607306040900408,0.371830725,0.157410586,0.212996117,3405.0,4459.0
0.6741625498081392,0.055785315,0.2375304,0.30126558049999996,3405.0,4459.0
0.6742756141602857,0.0,0.26828283799999997,0.36069640550000004,3405.0,4459.0
0.6457205480400154,0.0,0.2385935525,0.32929629650000003,3405.0,4459.0
0.5974958798980652,0.0,0.211354153,0.295408673,3405.0,4459.0
0.5659319229129217,0.0,0.183386061,0.281136657,3405.0,4459.0
0.5707431010494817,0.0,0.152212903,0.23664148200000001,3405.0,4459.0
0.588157359957868,0.0,0.13747972149999999,0.190840917,3405.0,4459.0
0.6521288430919057,0.017205633,0.13233529449999998,0.1434773165,3405.0,4459.0
0.695086859886203,0.30408432,0.101208379,0.129673986,3405.0,4459.0
0.6893820566112626,0.489719896,0.059401966,0.107617814,3405.0,4459.0
0.6756569596770671,0.659551393,0.04150868,0.072306423,3405.0,4459.0
0.6632070634916185,0.8139109485,0.063336971,0.069658479,3405.0,4459.0
0.6568644158527553,0.782325096,0.12957767,0.1228937145,3405.0,4459.0
0.6554606260309388,0.604519485,0.182840563,0.181362437,3405.0,4459.0
0.6560517631008645,0.410099566,0.213887822,0.212244627,3405.0,4459.0
0.6590601439162151,0.115089143,0.285226495,0.270678356,3405.0,4459.0
0.6590676401154631,0.0,0.344146564,0.3654673295,3405.0,4459.0
0.6621811454479427,0.0,0.35645062299999997,0.4714570045,3405.0,4459.0
0.6470850824743746,0.0,0.315427781,0.565258762,3405.0,4459.0
0.6037594180258331,0.0,0.309847494,0.6532651015,3405.0,4459.0
0.5903575236703402,0.0,0.31330789000000003,0.787770402,3405.0,4459.0
0.6339364628371955,0.0,0.330573442,0.834858275,3405.0,4459.0
0.7436057658582883,0.0,0.3524640395,0.838420489,3405.0,4459.0
0.8111833537855077,0.029510414,0.365747724,0.841770559,3405.0,4459.0
0.810679199496081,0.250234568,0.339192399,0.832837535,3405.0,4459.0
0.8028558924698564,0.381785962,0.330414045,0.829565394,3405.0,4459.0
0.7939175111382797,0.5189875724999999,0.341953018,0.804211644,3405.0,4459.0
0.7860460775278131,0.5769673989999999,0.423478515,0.743991201,3405.0,4459.0
0.7821503479774446,0.526571907,0.484315694,0.751096103,3405.0,4459.0
0.7825459179070658,0.428050627,0.510598884,0.760740966,3405.0,4459.0
0.7855593996226024,0.299168092,0.500897979,0.740649021,3405.0,4459.0
0.7909251874168999,0.087087847,0.522260714,0.712948973,3405.0,4459.0
0.781718760634537,0.0,0.513781787,0.651447739,3405.0,4459.0
0.7322342169197833,0.0,0.4727389975,0.5767925245000001,3405.0,4459.0
0.6492059813728601,0.0,0.396191409,0.512210451,3405.0,4459.0
0.6070916888933444,0.0,0.36837198400000004,0.474763481,3405.0,4459.0
0.600496587039612,0.0,0.329464097,0.4539374445,3405.0,4459.0
0.6572030544151033,0.0,0.27434348799999997,0.4535467775,3405.0,4459.0
0.7429751738559253,0.0,0.232980415,0.470307797,3405.0,4459.0
0.8208564980019049,0.014181278,0.22445861849999998,0.508160132,3405.0,4459.0
0.8346422743776877,0.263654107,0.174070521,0.49837678,3405.0,4459.0
0.8181651320485518,0.442857709,0.141700263,0.4697999,3405.0,4459.0
0.7981468448658033,0.6646654654999999,0.14694552049999998,0.480676092,3405.0,4459.0
0.7840098548480428,0.774634421,0.186108213,0.5109540665,3405.0,4459.0
0.7789487952702314,0.701774735,0.220438593,0.535727139,3405.0,4459.0
0.779732394536277,0.577026432,0.237760476,0.554901594,3405.0,4459.0
0.7825455630591946,0.390124759,0.248729132,0.566815784,3405.0,4459.0
0.7879543764363075,0.089562612,0.306041634,0.576918778,3405.0,4459.0
0.7796570774428245,0.0,0.343158552,0.577109161,3405.0,4459.0
0.7290090001116494,0.0,0.3169111535,0.5282100734999999,3405.0,4459.0
0.6315162916727621,0.0,0.280392864,0.4331091425,3405.0,4459.0
0.5903586769512322,0.0,0.2532833665,0.365693269,3405.0,4459.0
0.6053653397241949,0.0,0.22808113800000002,0.322130315,3405.0,4459.0
0.6815997791612322,0.0,0.241827661,0.26795639950000005,3405.0,4459.0
0.7907311726980674,0.0121617885,0.240436947,0.2149000925,3405.0,4459.0
0.809486900827933,0.271599857,0.205253203,0.185656785,3405.0,4459.0
0.7986785001183627,0.426659478,0.163596128,0.169627898,3405.0,4459.0
0.7911536225817366,0.531351212,0.154782898,0.133154191,3405.0,4459.0
0.7860418193533567,0.584801318,0.174431481,0.1274203965,3405.0,4459.0
0.7817856500151139,0.566234041,0.203090378,0.126463331,3405.0,4459.0
0.7805725038067313,0.4908968,0.21942027,0.128519502,3405.0,4459.0
0.7806629020359577,0.388308399,0.233436186,0.154089607,3405.0,4459.0
0.7811537494795874,0.258213512,0.239666047,0.179831573,3405.0,4459.0
0.779447538053689,0.068406678,0.266942948,0.21757356,3405.0,4459.0
0.7617057518265303,0.0,0.2759818715,0.2524534905,3405.0,4459.0
0.7174529287614217,0.0,0.245807856,0.2382037285,3405.0,4459.0
0.6421862783259457,0.0,0.201843858,0.230200616,3405.0,4459.0
0.598970174144786,0.0,0.19998229750000002,0.2362900205,3405.0,4459.0
0.5856283382724157,0.0,0.19349709199999998,0.2221322985,3405.0,4459.0
0.6315890138715523,0.0,0.1707396625,0.190573881,3405.0,4459.0
0.7378787178232924,0.0,0.140432753,0.166938525,3405.0,4459.0
0.8041508317706544,0.017982029,0.116963105,0.15448159,3405.0,4459.0
0.8118791274440842,0.194035655,0.092605307,0.145571967,3405.0,4459.0
0.8092865875340736,0.34367491,0.064374463,0.121265419,3405.0,4459.0
0.805707917087791,0.451879419,0.046607356,0.085502556,3405.0,4459.0
0.795201760608987,0.57343894,0.044749608499999996,0.0514292455,3405.0,4459.0
0.7871860357299716,0.6482087605,0.052535771,0.05918770699999999,3405.0,4459.0
0.7869194540646203,0.548033732,0.056230481,0.077169541,3405.0,4459.0
0.7925383392039161,0.375178549,0.066941592,0.089010584,3405.0,4459.0
0.8058683096417789,0.068851873,0.090661293,0.110616198,3405.0,4459.0
0.7923184203879925,0.0,0.099855149,0.12603751600000002,3405.0,4459.0
0.7380588268082872,0.0,0.0768196025,0.124010974,3405.0,4459.0
0.6501755668866829,0.0,0.073866219,0.163644314,3405.0,4459.0
0.6058596025153113,0.0,0.060513801500000006,0.232382266,3405.0,4459.0
0.5929063283017925,0.0,0.056614503999999996,0.2891596985,3405.0,4459.0
0.6352270109335503,0.0,0.065330948,0.342577987,3405.0,4459.0
0.714701105133746,0.0,0.079811038,0.396002404,3405.0,4459.0
0.7970603360671981,0.0067589995,0.0898953895,0.4236914815,3405.0,4459.0
0.8223905180555413,0.160411815,0.079470896,0.432523603,3405.0,4459.0
0.8197318871473542,0.285164799,0.063309552,0.434543067,3405.0,4459.0
0.8101690570855498,0.434091669,0.08862117450000001,0.453676601,3405.0,4459.0
0.7951919578479549,0.448551816,0.13081515999999999,0.554801321,3405.0,4459.0
0.7933384390478413,0.34074272,0.167053783,0.610833999,3405.0,4459.0
0.7981950158946147,0.205025375,0.189439621,0.64796972,3405.0,4459.0
0.8086648889001591,0.057794148,0.2113319165,0.737035282,3405.0,4459.0
0.7939973969613513,0.0,0.21814651499999999,0.754907636,3405.0,4459.0
0.7405079404990034,0.0,0.2015054605,0.7536623915,3405.0,4459.0
0.6191355248640611,0.0,0.1698994925,0.752189657,3405.0,4459.0
0.5763223759028284,0.0,0.17504668499999998,0.6797000209999999,3405.0,4459.0
0.578570089635027,0.0,0.178400179,0.659758751,3405.0,4459.0
0.5917284232453398,0.0,0.19384259650000002,0.6763882219999999,3405.0,4459.0
0.6189482080126966,0.0,0.2152243585,0.6683591745,3405.0,4459.0
0.6813767111084151,0.004240693,0.210152351,0.615907089,3405.0,4459.0
0.7204263567577205,0.128179069,0.185868434,0.572673537,3405.0,4459.0
0.7213051447498764,0.23424169,0.169407611,0.53658516,3405.0,4459.0
0.7102463081049634,0.310311808,0.125851782,0.458410849,3405.0,4459.0
0.7052120397439218,0.354686986,0.137149752,0.396010831,3405.0,4459.0
0.7028842628153362,0.35790357100000003,0.1695374595,0.37428658000000004,3405.0,4459.0
0.7085967841580297,0.335157821,0.197100518,0.442087908,3405.0,4459.0
0.7260178739638702,0.258515223,0.225400002,0.529439222,3405.0,4459.0
0.7349770584417323,0.173314504,0.250829482,0.620409054,3405.0,4459.0
0.7387532476409917,0.030590119,0.290894069,0.686819333,3405.0,4459.0
0.7290924787567636,0.0,0.351518906,0.7521799995,3405.0,4459.0
0.709571980672181,0.0,0.385436759,0.7986446144999999,3405.0,4459.0
0.6539306868290635,0.0,0.37943495,0.838703054,3405.0,4459.0
0.6185206349559367,0.0,0.42010645199999996,0.8135421625,3405.0,4459.0
0.601770834153687,0.0,0.476988746,0.79802196,3405.0,4459.0
0.6001415145156181,0.0,0.5109254495,0.843015705,3405.0,4459.0
0.6050046117046831,0.0,0.5432971959999999,0.8774227459999999,3405.0,4459.0
0.6383794388760401,0.003363916,0.560587271,0.875375426,3405.0,4459.0
0.6830384774587718,0.07688112,0.544846513,0.875202974,3405.0,4459.0
0.7236315910748746,0.132031754,0.569764432,0.884597051,3405.0,4459.0
0.7239796331058139,0.210795219,0.5639812980000001,0.868001935,3405.0,4459.0
0.716055260191937,0.24194465450000002,0.584054828,0.8975826655,3405.0,4459.0
0.7146514260267914,0.203874533,0.58169622,0.901056499,3405.0,4459.0
0.7261696170377181,0.143653547,0.586021615,0.889751298,3405.0,4459.0
0.7389482824588688,0.075558831,0.590936757,0.896807841,3405.0,4459.0
0.7424931090236626,0.011863775,0.582702516,0.897101628,3405.0,4459.0
0.7400030765644543,0.0,0.565063068,0.8993926065,3405.0,4459.0
0.726012285084586,0.0,0.5302551575000001,0.8940884285,3405.0,4459.0
0.6865997822779202,0.0,0.4006132405,0.8643381880000001,3405.0,4459.0
0.6385270420580552,0.0,0.38424337633333333,0.8464134833333333,3405.0,4459.0
0.6500258641627854,0.0,0.35707973849999997,0.8448379189999999,3405.0,4459.0
0.7367139200676567,0.0,0.345244367,0.8242039395,3405.0,4459.0
0.8178077973061028,0.002277486,0.368835207,0.810661269,3405.0,4459.0
0.8535402089309623,0.054002091,0.39201714,0.784243864,3405.0,4459.0
0.8623349200536954,0.094122228,0.417943505,0.769444182,3405.0,4459.0
0.8591716912203122,0.135849626,0.349211844,0.684192975,3405.0,4459.0
0.8558870591098051,0.1553820175,0.4219276405,0.746241362,3405.0,4459.0
0.8517249696107295,0.144871653,0.486510315,0.727627391,3405.0,4459.0
0.8520786671878072,0.10670839,0.514790067,0.703628098,3405.0,4459.0
0.858814933092999,0.0578291715,0.5384292135,0.6882920305,3405.0,4459.0
0.8644206443658644,0.010232353,0.537470974,0.687259566,3405.0,4459.0
0.8510959965954521,0.0,0.529103528,0.690112525,3405.0,4459.0
0.8145249837782815,0.0,0.504108761,0.6350584925,3405.0,4459.0
0.7277939909772522,0.0,0.407966019,0.6044723649999999,3405.0,4459.0
0.6479157660539528,0.0,0.404471096,0.583561617,3405.0,4459.0
0.6371178112355441,0.0,0.36656042200000005,0.527515752,3405.0,4459.0
0.6863631855108014,0.0,0.3793109885,0.47556204,3405.0,4459.0
0.7888198131887174,0.0014898695,0.419366666,0.43905917400000005,3405.0,4459.0
0.8484710320941977,0.16359544199999998,0.43807997,0.475015108,3405.0,4459.0
0.8438123290001333,0.310042673,0.438848492,0.473881365,3405.0,4459.0
0.8320724892266347,0.418132085,0.475449926,0.490335324,3405.0,4459.0
0.8231893759319169,0.368035875,0.48357818350000004,0.49207451049999995,3405.0,4459.0
0.8243765293565504,0.20343706,0.4271152975,0.47762541999999997,3405.0,4459.0
0.8366611980971781,0.008060723,0.41003134750000003,0.49056172749999993,3405.0,4459.0
0.8176149359187828,0.0,0.414772637,0.5257767659999999,3405.0,4459.0
0.7864793503727997,0.0,0.410625663,0.52395002,3405.0,4459.0
0.7574420862890396,0.0,0.432505355,0.5628509,3405.0,4459.0
0.652824683366716,0.0,0.3768665935,0.502301701,3405.0,4459.0
0.6199029562790541,0.0,0.3722379645,0.486985783,3405.0,4459.0
0.6382108182553969,0.0,0.3967338595,0.528021627,3405.0,4459.0
0.6959086499960919,0.0,0.416584968,0.545743039,3405.0,4459.0
0.7826226543920038,0.001121366,0.44497406,0.5526092145,3405.0,4459.0
0.8438300714949425,0.0761711955,0.44914356099999997,0.5772468145,3405.0,4459.0
0.8331558930810553,0.157267054,0.411028848,0.488034726,3405.0,4459.0
0.8204113377026071,0.201191337,0.4051307355,0.426966997,3405.0,4459.0
0.8090137959297327,0.1679686265,0.4338673615,0.4023865125,3405.0,4459.0
0.808526142268806,0.110204329,0.451800806,0.438383191,3405.0,4459.0
0.8204304109528644,0.0297202425,0.4671380665,0.4801141545,3405.0,4459.0
0.8112842644715089,0.0,0.467779636,0.4539793205,3405.0,4459.0
0.7686279151916013,0.0,0.45759827249999996,0.387332761,3405.0,4459.0
0.7167416303313018,0.0,0.444024134,0.362338236,3405.0,4459.0
0.6564157957107812,0.0,0.402863162,0.409402292,3520.0,4609.5
0.6282952886957558,0.0,0.3596118275,0.49159266900000004,3635.0,4760.0
0.6536438786325629,0.0,0.31306860000000003,0.465823534,3635.0,4760.0
0.7388200483349109,0.0,0.290790729,0.446181893,3635.0,4760.0
0.8546224152117823,0.0013256635,0.29603182,0.454895472,3635.0,4760.0
0.8816749986993611,0.072629919,0.300642843,0.4807917,3635.0,4760.0
0.867463312597233,0.167328889,0.296046342,0.487872934,3635.0,4760.0
0.8554672262418425,0.260514742,0.242758308,0.475137821,3635.0,4760.0
0.8523189899081958,0.321683272,0.2837467925,0.4542674745,3635.0,4760.0
0.8530093521620439,0.33141518,0.294704562,0.452591236,3635.0,4760.0
0.8549929681639906,0.272948169,0.291889778,0.438614251,3635.0,4760.0
0.864840521577156,0.169219436,0.2804125505,0.4594422245,3635.0,4760.0
0.8739919464838732,0.007023624,0.263366049,0.467886692,3635.0,4760.0
0.8657662386305731,0.0,0.24985524450000002,0.4230320875,3635.0,4760.0
0.8233943909853821,0.0,0.226309306,0.33655668,3635.0,4760.0
0.7615523231999833,0.0,0.197705613,0.293271569,3635.0,4760.0
0.6604547297637999,0.0,0.1438818695,0.2046622675,3635.0,4760.0
0.6400211118264745,0.0,0.1089781045,0.19385817100000002,3635.0,4760.0
0.6690544946540733,0.0,0.0866238695,0.19036602949999998,3635.0,4760.0
0.7655489190930242,0.0,0.080338411,0.20173434,3635.0,4760.0
0.885490443286078,0.001633172,0.07714153900000001,0.223747994,3635.0,4760.0
0.9097853036609136,0.155979256,0.07013074,0.208169623,3635.0,4760.0
0.8983291228470224,0.297277301,0.053259407,0.158783359,3635.0,4760.0
0.8738451269368959,0.4506426175,0.0511886565,0.1238181305,3635.0,4760.0
0.8581686167234923,0.48730450950000004,0.1065587575,0.1147860825,3635.0,4760.0
0.8568453780771612,0.3719370145,0.16443824550000002,0.125942531,3635.0,4760.0
0.8829167991011484,0.219864245,0.204771002,0.128012673,3635.0,4760.0
0.9057628480141102,0.00536129,0.2493927,0.131183156,3635.0,4760.0
0.873656168876161,0.0,0.27094130250000004,0.132733457,3635.0,4760.0
0.8091608372439747,0.0,0.262730562,0.16141961900000001,3635.0,4760.0
0.6714457455651288,0.0,0.24479227399999998,0.24392982000000002,3635.0,4760.0
0.6458028068892443,0.0,0.256579462,0.3441486075,3635.0,4760.0
0.6494510945901324,0.0,0.256389513,0.379725768,3635.0,4760.0
0.6810319291726913,0.0,0.250292985,0.4488885925,3635.0,4760.0
0.7254132525735918,0.003010201,0.239939096,0.517014998,3635.0,4760.0
0.7587249606609702,0.176436991,0.214708887,0.52834295,3635.0,4760.0
0.7662806214782294,0.321141014,0.161078326,0.502532328,3635.0,4760.0
0.750239058505244,0.467596741,0.111240456,0.486259376,3635.0,4760.0
0.7323597675636617,0.60993465,0.0970451415,0.4456937235,3635.0,4760.0
0.726383259399659,0.5918644255000001,0.090419195,0.37901171300000003,3635.0,4760.0
0.7328660952836453,0.419972568,0.093457755,0.382929166,3635.0,4760.0
0.7535515908207043,0.251966933,0.107835307,0.419245911,3635.0,4760.0
0.7856852829426879,0.011594592,0.131642725,0.439781136,3635.0,4760.0
0.7817850881979611,0.0,0.17146528633333333,0.47903376866666664,3635.0,4760.0
0.7469449119665827,0.0,0.187313333,0.5280122085,3635.0,4760.0
0.6703182292607532,0.0,0.1833444025,0.542427891,3635.0,4760.0
0.6411688323890945,0.0,0.16651108266666667,0.5186885123333332,3635.0,4760.0
0.6570026302123014,0.0,0.1469612535,0.477034058,3635.0,4760.0
0.7004119285076083,0.001468471,0.147679862,0.503596398,3635.0,4760.0
0.748859930863589,0.175392609,0.148611364,0.49287647,3635.0,4760.0
0.7568116938316565,0.334406167,0.121328755,0.452048594,3635.0,4760.0
0.7391485070660705,0.530518187,0.0948356645,0.38752428650000004,3635.0,4760.0
0.7206305068631718,0.6535329085,0.101950502,0.4018582465,3635.0,4760.0
0.7179364352074546,0.506672178,0.1325276815,0.4255556445,3635.0,4760.0
0.7390329587788244,0.247491266,0.218490849,0.44858644,3635.0,4760.0
0.7500936584003721,0.004645249,0.353121268,0.5574080450000001,3635.0,4760.0
0.7338753132044615,0.0,0.4360786505,0.6727132275000001,3635.0,4760.0
0.7116853833714185,0.0,0.4818313925,0.6629865695,3635.0,4760.0
0.660324787814238,0.0,0.5124513294999999,0.679682425,3635.0,4760.0
0.6329088592914409,0.0,0.4987093105,0.6651513835,3635.0,4760.0
0.6574618958410371,0.0,0.4783616925,0.639079943,3635.0,4760.0
0.7444148922018895,0.0,0.476718845,0.625999876,3635.0,4760.0
0.8627530673183387,0.0013380055,0.4640802585,0.6197681145,3635.0,4760.0
0.8792211609761342,0.25003317,0.41254749199999996,0.5679221215,3635.0,4760.0
0.8503187846417115,0.429276496,0.306603399,0.423190477,3635.0,4760.0
0.8288757714102544,0.4698385045,0.306173291,0.377471962,3635.0,4760.0
0.8185282775387902,0.401122922,0.3085661885,0.3408748745,3635.0,4760.0
0.8209862846991955,0.243094485,0.341133081,0.388057263,3635.0,4760.0
0.8378773605124674,0.068264981,0.39525566,0.4585005335,3635.0,4760.0
0.8300163505708775,0.0,0.429153102,0.4301509415,3635.0,4760.0
0.7781846240516943,0.0,0.441785513,0.3969953385,3635.0,4760.0
0.6931889403538767,0.0,0.4226704745,0.3493410525,3635.0,4760.0
0.6334380305582804,0.0,0.4103818255,0.3208080605,3635.0,4760.0
0.6263600211465561,0.0,0.3852293405,0.360939311,3635.0,4760.0
0.7017107268422824,0.0,0.36872927,0.40731140450000003,3635.0,4760.0
0.8383437231998709,0.0007514165,0.36962926500000004,0.4142648375,3635.0,4760.0
0.8549137476933328,0.077972207,0.393164952,0.435018661,3635.0,4760.0
0.8393701291214046,0.169504643,0.401846735,0.460755618,3635.0,4760.0
0.8320406856950963,0.283354887,0.319591859,0.515008524,3635.0,4760.0
0.8252185902902973,0.33355182299999997,0.35022786,0.5436863439999999,3635.0,4760.0
0.8224298621296566,0.293833852,0.40621904,0.648139224,3635.0,4760.0
0.829570480575837,0.1678810305,0.45258815399999996,0.785698631,3635.0,4760.0
0.8447864831423348,0.002143162,0.45934913099999997,0.8580632575,3635.0,4760.0
0.8200886009313386,0.0,0.496348142,0.8760113334999999,3635.0,4760.0
0.7710528325095897,0.0,0.546518674,0.888164741,3635.0,4760.0
0.6993390592816269,0.0,0.6015023740000001,0.8898035995,3635.0,4760.0
0.636235275067834,0.0,0.637083854,0.891083487,3635.0,4760.0
0.6296475807773121,0.0,0.6768292485,0.89950149,3635.0,4760.0
0.7040806645069102,0.0,0.6897607695,0.906551946,3635.0,4760.0
0.8457456892293694,0.000808368,0.691462138,0.913994082,3635.0,4760.0
0.8678670441291364,0.06742602,0.677919227,0.923467274,3635.0,4760.0
0.8652694474597878,0.121709925,0.657858473,0.923761288,3635.0,4760.0
0.8610718285771447,0.163692572,0.586408363,0.914748344,3635.0,4760.0
0.8557958181042291,0.2179047825,0.5926323545000001,0.915814323,3635.0,4760.0
0.848627255160387,0.1926362795,0.576921821,0.9125680414999999,3635.0,4760.0
0.8495770577282098,0.157081676,0.55318721,0.908298358,3635.0,4760.0
0.8602712851986903,0.0542086285,0.5109945245,0.8896625465,3635.0,4760.0
0.8486426911946525,0.0,0.442025636,0.8038479655,3635.0,4760.0
0.7896237277231901,0.0,0.374855853,0.6545883535,3635.0,4760.0
0.6987950508685626,0.0,0.3077292395,0.6535552715,3635.0,4760.0
0.6368546671905844,0.0,0.2357259595,0.640940412,3635.0,4760.0
0.6332460341189743,0.0,0.208587129,0.657188969,3635.0,4760.0
0.7151589070276672,0.0,0.223424974,0.6960813100000001,3635.0,4760.0
0.874066953022163,0.0006485895,0.25573971900000003,0.783545791,3635.0,4760.0
0.9077119104388255,0.159520165,0.255676998,0.818392139,3635.0,4760.0
0.8983291228470224,0.359162291,0.225997968,0.816718604,3635.0,4760.0
0.8826519916751541,0.515036691,0.1917292,0.73321025,3635.0,4760.0
0.8648406546577627,0.5927922715,0.2217427675,0.7098271979999999,3635.0,4760.0
0.8533331978708756,0.463489774,0.241582802,0.7089578249999999,3635.0,4760.0
0.858886479889853,0.248816447,0.269779917,0.727433144,3635.0,4760.0
0.8837785986375665,0.0558665945,0.3560944025,0.8218685729999999,3635.0,4760.0
0.877992135198957,0.0,0.42528052299999997,0.847072506,3635.0,4760.0
0.8092848132440964,0.0,0.428083211,0.799334562,3635.0,4760.0
0.7070341986482664,0.0,0.4237112395,0.774698942,3635.0,4760.0
0.6400551109602344,0.0,0.371707829,0.707497646,3635.0,4760.0
0.6345475381560128,0.0,0.341565532,0.6742824574999999,3635.0,4760.0
0.7116386096636689,0.0,0.312442948,0.6927067525,3635.0,4760.0
0.8651885858810001,0.0,0.3061169835,0.6448562215,3635.0,4760.0
0.8927960673085742,0.1337610305,0.283665777,0.6526135815,3635.0,4760.0
0.8638263579578049,0.35491088299999995,0.2395977655,0.7541262065000001,3635.0,4760.0
0.8393822827875499,0.44027708,0.2824006195,0.7768288864999999,3635.0,4760.0
0.834468530634574,0.3051603015,0.307522795,0.793497372,3635.0,4760.0
0.8646325790034417,0.0622878285,0.3676865745,0.878195504,3635.0,4760.0
0.8612219748355714,0.0,0.487252146,0.8934949945,3635.0,4760.0
0.7944675742886824,0.0,0.562208465,0.882865937,3635.0,4760.0
0.6880425834976451,0.0,0.6377213995,0.8946801879999999,3635.0,4760.0
0.6101691546914936,0.0,0.69277992,0.8900116475,3635.0,4760.0
0.5948212806838054,0.0,0.7051330215,0.87721017,3635.0,4760.0
0.606963299466495,0.0,0.695546588,0.870118006,3635.0,4760.0
0.6258105790558586,0.0,0.6808879255,0.86114125,3635.0,4760.0
0.676747238772271,0.023256495,0.6558158645000001,0.8470751670000001,3635.0,4760.0
0.7071189192103103,0.101757334,0.652915538,0.825888161,3635.0,4760.0
0.7111209266093202,0.15587717,0.612473826,0.823268245,3635.0,4760.0
0.7114863342673936,0.21856766449999998,0.603666034,0.8250167155000001,3635.0,4760.0
0.7059818885790212,0.1993084185,0.6025499475,0.8332644039999999,3635.0,4760.0
0.7128297993942538,0.1260573015,0.592867483,0.8470846665,3635.0,4760.0
0.7238655707756667,0.0013103645,0.596687076,0.847747585,3635.0,4760.0
0.7057334043069707,0.0,0.6142696325,0.8607087935,3635.0,4760.0
0.6826097289494555,0.0,0.6134672305,0.8746976245,3635.0,4760.0
0.6331067773368584,0.0,0.596085229,0.8882559805,3635.0,4760.0
0.5965183547010855,0.0,0.6095293465,0.890946011,3635.0,4760.0
0.6003823694571936,0.0,0.6261097685000001,0.8894551390000001,3635.0,4760.0
0.6252152724475138,0.0,0.6244991,0.8725412555000001,3635.0,4760.0
0.6772466025648138,0.0620064715,0.6203691025,0.8652071939999999,3635.0,4760.0
0.7016233892139119,0.251251235,0.607200927,0.855869299,3635.0,4760.0
0.703646260552696,0.3722047375,0.5470163610000001,0.787086298,3635.0,4760.0
0.7009834822777543,0.4210208395,0.548128375,0.8342979024999999,3635.0,4760.0
0.7027416128067777,0.3226307175,0.5238999915,0.7587703020000001,3635.0,4760.0
0.7151704618563919,0.067236619,0.460238597,0.6114392895,3635.0,4760.0
0.7102129521519527,0.0,0.448855432,0.5210099535,3635.0,4760.0
0.6902851962284173,0.0,0.4415049285,0.4937443655,3635.0,4760.0
0.6680546803537093,0.0,0.444768693,0.5186104385,3635.0,4760.0
0.6330737096661057,0.0,0.44007344049999997,0.507610475,3635.0,4760.0
0.6253829394334852,0.0,0.4546720475,0.574352907,3635.0,4760.0
0.6996593565117448,0.0,0.47035304850000004,0.619767009,3635.0,4760.0
0.8361272806767837,0.0,0.47321813999999995,0.652238063,3635.0,4760.0
0.8555264863425646,0.16808750249999999,0.45094066050000003,0.648745377,3635.0,4760.0
0.8437182491103459,0.318499161,0.3824493725,0.5849616950000001,3635.0,4760.0
0.8383176416282236,0.344160649,0.373348619,0.6403673335,3635.0,4760.0
0.8379544518452767,0.24243947999999998,0.351787791,0.664249517,3635.0,4760.0
0.8546551058123789,0.0554880445,0.3234343105,0.6664171305,3635.0,4760.0
0.8454571955307899,0.0,0.31649442250000004,0.6516172954999999,3635.0,4760.0
0.786524416406806,0.0,0.32536829199999995,0.6835202335,3635.0,4760.0
0.6952627993833989,0.0,0.3320494355,0.705130118,3635.0,4760.0
0.6334221731611501,0.0,0.29807052300000003,0.7238122819999999,3635.0,4760.0
0.6265738409324326,0.0,0.268351989,0.691415227,3635.0,4760.0
0.7018164724191167,0.0,0.244814219,0.6468994995,3635.0,4760.0
0.8403677034762183,0.0,0.218662292,0.5866375565,3635.0,4760.0
0.8644009501571424,0.105916933,0.197572456,0.549680253,3635.0,4760.0
0.8588294376642573,0.289598378,0.172850894,0.528500013,3635.0,4760.0
0.8493289283040307,0.48682376400000005,0.1386279695,0.512253136,3635.0,4760.0
0.840542733631451,0.5642664559999999,0.1233392895,0.471575127,3635.0,4760.0
0.8401924515031007,0.42362017750000003,0.0918619635,0.4017488435,3635.0,4760.0
0.8673273604055219,0.10760945250000001,0.09170877,0.33765914750000003,3635.0,4760.0
0.8698109168657676,0.0,0.1296607995,0.4018191845,3635.0,4760.0
0.8050282891086025,0.0,0.157756448,0.493768103,3635.0,4760.0
0.708615236399202,0.0,0.174451013,0.5387088584999999,3635.0,4760.0
0.6441716464462051,0.0,0.161038163,0.5022523649999999,3635.0,4760.0
0.6415930122194118,0.0,0.1700874495,0.49676198000000005,3635.0,4760.0
0.7198864512668417,0.0,0.20834573950000002,0.547128762,3635.0,4760.0
0.869818146903802,0.0,0.24481366,0.6010916585,3635.0,4760.0
0.9070861310037701,0.096809879,0.246892455,0.607626011,3635.0,4760.0
0.8974944250825369,0.253946711,0.217155283,0.577306951,3635.0,4760.0
0.8705799672172261,0.45004331499999994,0.157652918,0.42639539000000004,3635.0,4760.0
0.8472107351079093,0.517272108,0.14083049949999998,0.299149772,3635.0,4760.0
0.8382203681582141,0.3700530355,0.13780654850000001,0.306577403,3635.0,4760.0
0.8707977569459215,0.0804316515,0.2106776525,0.423760937,3635.0,4760.0
0.8733251374220035,0.0,0.2752447805,0.4669750495,3635.0,4760.0
0.8062185918207496,0.0,0.29050518950000004,0.4376825435,3635.0,4760.0
0.7086656473735635,0.0,0.28795530599999997,0.43708320749999996,3635.0,4760.0
0.6414320208280033,0.0,0.271330987,0.4134986785,3635.0,4760.0
0.6365231034646199,0.0,0.260357939,0.3946691065,3635.0,4760.0
0.7115638247914031,0.0,0.265242443,0.3975662445,3635.0,4760.0
0.8637669204331471,0.0,0.2777910265,0.4524918105,3635.0,4760.0
0.9019908283026496,0.128203237,0.274523292,0.495075514,3635.0,4760.0
0.8914137016421277,0.292207509,0.234457957,0.479670651,3635.0,4760.0
0.8805711465465265,0.4802918895,0.15662195499999998,0.3535653135,3635.0,4760.0
0.8620707779294946,0.5603822350000001,0.147474539,0.353462327,3635.0,4760.0
0.8539541424657183,0.476191837,0.124434791,0.320389515,3635.0,4760.0
0.856920872543929,0.359760166,0.112737757,0.298333226,3635.0,4760.0
0.8851907717276893,0.09910014,0.155567261,0.31911143,3635.0,4760.0
0.8745536309273737,0.0,0.189656412,0.331701448,3635.0,4760.0
0.8080584488259543,0.0,0.1735208555,0.33033788900000005,3635.0,4760.0
0.7450273646899076,0.0,0.157858587,0.296972363,3635.0,4760.0
0.6615032029708332,0.0,0.13823727200000002,0.27808969549999996,3635.0,4760.0
0.6355242206272632,0.0,0.1219828935,0.21604956250000001,3635.0,4760.0
0.6625154592702205,0.0,0.11212330100000001,0.17062302499999998,3635.0,4760.0
0.7506751701838218,0.0,0.113268907,0.193089139,3635.0,4760.0
0.8653683177958388,0.0,0.118354648,0.231103273,3635.0,4760.0
0.90543110686421,0.109216982,0.123350307,0.258051892,3635.0,4760.0
0.906124307901029,0.239865386,0.097934596,0.252074659,3635.0,4760.0
0.9065031998794553,0.369292381,0.062376931,0.184946555,3635.0,4760.0
0.9047770281342415,0.5062758385,0.0610512345,0.1945970995,3635.0,4760.0
0.8972164881334408,0.5220123720000001,0.07400505099999999,0.235107842,3635.0,4760.0
0.8995210666672991,0.389252196,0.09269544,0.274704032,3635.0,4760.0
0.9178765230573173,0.1023559075,0.1503822515,0.338823685,3635.0,4760.0
0.9039203295486296,0.0,0.21028889950000001,0.43637836900000004,3635.0,4760.0
0.8397562955318143,0.0,0.2288928455,0.464706108,3635.0,4760.0
0.7324465729708455,0.0,0.209576805,0.440731922,3635.0,4760.0
0.6515759412091522,0.0,0.215077718,0.47859584,3635.0,4760.0
0.6410871501550015,0.0,0.222492083,0.5132088859999999,3635.0,4760.0
0.6626417196098418,0.0,0.22627039300000001,0.5220936855,3635.0,4760.0
0.7080871962415901,0.0,0.23698297499999998,0.513215128,3635.0,4760.0
0.7655556613038209,0.102099066,0.253308011,0.53220634,3635.0,4760.0
0.7797163375941668,0.253192818,0.230417744,0.517364882,3635.0,4760.0
0.7726611051130646,0.369603382,0.201481921,0.522308686,3635.0,4760.0
0.7622085310678002,0.485748241,0.2152308865,0.484687973,3635.0,4760.0
0.7480299792020383,0.47107421699999996,0.26728754600000004,0.557309592,3635.0,4760.0
0.7558182002779839,0.321236472,0.325062976,0.637615361,3635.0,4760.0
0.7856196355802809,0.167417425,0.401198824,0.707196929,3635.0,4760.0
0.7910919672325725,0.001257596,0.480855647,0.786791533,3635.0,4760.0
0.7881849407896129,0.0,0.5405957145,0.8315116655,3635.0,4760.0
0.7681338741677495,0.0,0.5483745805,0.8358721689999999,3635.0,4760.0
0.7104608598088672,0.0,0.5052393390000001,0.8373086555,3635.0,4760.0
0.6565115388803628,0.0,0.527176985,0.8431443345,3635.0,4760.0
0.650337600599421,0.0,0.521237802,0.8513224985000001,3635.0,4760.0
0.6732262316619096,0.0,0.5192048899999999,0.8640324255,3635.0,4760.0
0.7152909114988439,0.0,0.525495308,0.8650155305,3635.0,4760.0
0.7691523403048859,0.148662842,0.511048433,0.861090434,3635.0,4760.0
0.7852151056659771,0.419002464,0.444903611,0.852053424,3635.0,4760.0
0.7802605899967802,0.585105159,0.322359031,0.802754188,3635.0,4760.0
0.7671936525936942,0.705572772,0.33010253349999996,0.7961785655,3635.0,4760.0
0.755159242364474,0.6577231335,0.364228698,0.8164310265,3635.0,4760.0
0.7681222972179806,0.463577301,0.397038006,0.86233978,3635.0,4760.0
0.7972500481163843,0.237012076,0.456493716,0.879298025,3635.0,4760.0
0.8091510344829426,0.0006073545,0.47764318299999997,0.8915918515000001,3635.0,4760.0
0.7930241299388281,0.0,0.440108758,0.8713901065,3635.0,4760.0
0.7733333699229916,0.0,0.410943662,0.845965275,3635.0,4760.0
0.7305884854411127,0.0,0.37596193499999997,0.8305595365,3635.0,4760.0
0.6925573724945572,0.0,0.38456720899999997,0.834255117,3635.0,4760.0
0.6895014638817649,0.0,0.3931732905,0.8496413325000001,3635.0,4760.0
0.7757117575227794,0.0,0.392998045,0.827748997,3635.0,4760.0
0.9186786633524333,0.0,0.405046625,0.8313151480000001,3635.0,4760.0
0.952742300305546,0.11876678,0.405042795,0.840765682,3635.0,4760.0
0.9480132036448994,0.351433244,0.357891675,0.830616593,3635.0,4760.0
0.9352164851231565,0.522609236,0.342403918,0.7988678,3635.0,4760.0
0.9257688042080181,0.508048948,0.39401420200000004,0.7991655365,3635.0,4760.0
0.9259961304859119,0.406166135,0.420339208,0.811822442,3635.0,4760.0
0.9370529267808746,0.22944313500000002,0.436758618,0.8247391545,3635.0,4760.0
0.9474739190618651,0.0005275585,0.4562615125,0.869246838,3635.0,4760.0
0.8983325826390784,0.0,0.4082082455,0.8595375055,3635.0,4760.0
0.8391377018420846,0.0,0.358145949,0.815972346,3635.0,4760.0
0.752240683213834,0.0,0.3517094145,0.8132175575,3635.0,4760.0
0.6806225644181747,0.0,0.33865187350000003,0.73239711,3635.0,4760.0
0.6766240612051699,0.0,0.3022311835,0.712096484,3635.0,4760.0
0.7628795539607978,0.0,0.2573451805,0.648865247,3635.0,4760.0
0.910166502201124,0.0,0.2315982405,0.5658093200000001,3635.0,4760.0
0.9495906928665008,0.078501964,0.213592957,0.533120216,3635.0,4760.0
0.9495092546219571,0.201263461,0.176166061,0.50250078,3635.0,4760.0
0.9465948649591159,0.327794783,0.147173257,0.416359552,3635.0,4760.0
0.9400691585927246,0.3675376755,0.1579946835,0.325972923,3635.0,4760.0
0.9352136906835145,0.288441795,0.140148688,0.240771862,3635.0,4760.0
0.9440439755837642,0.1316109395,0.11882382450000001,0.1945626505,3635.0,4760.0
0.9532374059236322,0.0,0.115173498,0.1755747975,3635.0,4760.0
0.9039724926413037,0.0,0.1119032325,0.15011243800000001,3635.0,4760.0
0.8238456724863914,0.0,0.11373283549999999,0.179818972,3635.0,4760.0
0.6962613938878776,0.0,0.11345007900000001,0.23828814599999998,3635.0,4760.0
0.6779861781688026,0.0,0.1283076615,0.33395423,3635.0,4760.0
0.7053951427641587,0.0,0.14254739700000002,0.46095030000000004,3635.0,4760.0
0.8114492257551162,0.0,0.15534191,0.522501335,3635.0,4760.0
0.9184109284061899,0.0,0.1632214795,0.580517755,3635.0,4760.0
0.958104983054418,0.065896264,0.170892736,0.603315433,3635.0,4760.0
0.9529071285085463,0.290082046,0.150197496,0.581869185,3635.0,4760.0
0.9458065638828442,0.426577802,0.114388931,0.569657889,3635.0,4760.0
0.9346947657122361,0.503486327,0.087151496,0.499174404,3635.0,4760.0
0.921139243134596,0.5226561405,0.0739650295,0.395454804,3635.0,4760.0
0.9168668394303074,0.3868594885,0.0683497395,0.32706401500000004,3635.0,4760.0
0.9451606467045377,0.0830196615,0.12283192400000001,0.4206961,3635.0,4760.0
0.929161665830459,0.0,0.182215021,0.5110341030000001,3635.0,4760.0
0.8533477023915136,0.0,0.2030506305,0.5101024475,3635.0,4760.0
0.7485649611154266,0.0,0.2269060695,0.48834664299999997,3635.0,4760.0
0.6781903726175826,0.0,0.222407132,0.487973173,3635.0,4760.0
0.6758209894470468,0.0,0.22373423850000002,0.46693119299999997,3635.0,4760.0
0.7629732345581445,0.0,0.23013111749999998,0.458528888,3635.0,4760.0
0.9097470685243616,0.0,0.2380449195,0.4763994475,3635.0,4760.0
0.9464003180190966,0.08387407,0.232685958,0.475617808,3635.0,4760.0
0.9449439215194564,0.253569983,0.20551709,0.456381473,3635.0,4760.0
0.9388394231704247,0.379378004,0.149991968,0.422177071,3635.0,4760.0
0.9270271495310138,0.49616584950000003,0.114161814,0.36833133900000004,3635.0,4760.0
0.9097494637728034,0.4898273125,0.093180904,0.31148226700000003,3635.0,4760.0
0.9237807969003877,0.225051646,0.1225585015,0.31719718799999996,3635.0,4760.0
0.9387329678978475,0.0,0.2022951765,0.3354415895,3635.0,4760.0
0.8885383455488594,0.0,0.24188953000000002,0.3487352845,3635.0,4760.0
0.8317928224827512,0.0,0.262934125,0.366808603,3635.0,4760.0
0.7476671886102916,0.0,0.31222134,0.4713255245,3635.0,4760.0
0.673713375273314,0.0,0.27524461499999997,0.4804663975,3635.0,4760.0
0.6670548438816808,0.0,0.2632147305,0.45628537049999995,3635.0,4760.0
0.710368465471779,0.0,0.264108046,0.452321315,3635.0,4760.0
0.8400922505128421,0.0,0.2811381135,0.4817396435,3635.0,4760.0
0.93271771444653,0.0183941815,0.3008580745,0.508707086,3635.0,4760.0
0.9313620069668669,0.194524548,0.283317212,0.477061189,3635.0,4760.0
0.918201477653092,0.305877943,0.23580232150000002,0.4376437005,3635.0,4760.0
0.9042761562129353,0.303951297,0.21141868749999998,0.4582701135,3635.0,4760.0
0.9031857883804534,0.1795555845,0.2291378075,0.3807089645,3635.0,4760.0
0.9233120390151626,0.024951681,0.266489721,0.35672330750000003,3635.0,4760.0
0.9103793239583797,0.0,0.27892896749999996,0.4343304165,3635.0,4760.0
0.8380049293852518,0.0,0.2666833655,0.414786335,3635.0,4760.0
0.7727000499959795,0.0,0.283216087,0.319850063,3635.0,4760.0
0.6531374177813521,0.0,0.285031776,0.32360844499999997,3635.0,4760.0
0.6212744324185695,0.0,0.300639498,0.348475753,3635.0,4760.0
0.6311230504765895,0.0,0.280633448,0.27638318,3635.0,4760.0
0.6642742994443664,0.0,0.254332125,0.235869401,3635.0,4760.0
0.7267010726946774,0.029985366,0.256076628,0.205167679,3635.0,4760.0
0.7605049810515575,0.198865364,0.24520119,0.198773047,3635.0,4760.0
0.7598831937309855,0.296442761,0.192818421,0.281958655,3635.0,4760.0
0.7411378007351996,0.3966458045,0.16692425700000002,0.272388434,3635.0,4760.0
0.7334508007485576,0.428657649,0.146511833,0.262433103,3635.0,4760.0
0.7382450125504241,0.322062944,0.12762885699999998,0.17729757499999999,3635.0,4760.0
0.7728499744365216,0.063612377,0.1266624245,0.1245183325,3635.0,4760.0
0.7800501190940173,0.0,0.1529486485,0.176341147,3635.0,4760.0
0.7614123345504602,0.0,0.188043132,0.22700150749999998,3635.0,4760.0
0.7336390491135497,0.0,0.208930243,0.209751527,3635.0,4760.0
0.6682191758805027,0.0,0.20901058500000003,0.22588006249999998,3635.0,4760.0
0.639623279729018,0.0,0.248275096,0.238463131,3635.0,4760.0
0.6379715157352936,0.0,0.29950889150000004,0.35066585100000003,3635.0,4760.0
0.6575565966892892,0.0,0.344372257,0.509355556,3635.0,4760.0
0.694748598343391,0.0,0.3700534985,0.575020607,3635.0,4760.0
0.758472306901121,0.059554523,0.390130667,0.5940554579999999,3635.0,4760.0
0.7619763699496939,0.115278514,0.376243179,0.580433019,3635.0,4760.0
0.7597690648352249,0.15575778499999998,0.3822922205,0.5957505695,3635.0,4760.0
0.7602936674230653,0.172493698,0.378189829,0.6413229915,3635.0,4760.0
0.780466935704453,0.0890196225,0.350897127,0.6330818775,3635.0,4760.0
0.7944430451891273,0.0,0.297889293,0.5610424315,3635.0,4760.0
0.7836541169210148,0.0,0.261740731,0.504862726,3635.0,4760.0
0.7664792935627185,0.0,0.23288692649999998,0.456480109,3635.0,4760.0
0.7329416785889317,0.0,0.185323953,0.339015399,3635.0,4760.0
0.6819485975547681,0.0,0.1567940405,0.3516702925,3635.0,4760.0
0.6611911116863263,0.0,0.141614248,0.356957647,3635.0,4760.0
0.6610473749624892,0.0,0.12974086950000002,0.3206843375,3635.0,4760.0
0.7010276390204178,0.0,0.12075541,0.300884491,3635.0,4760.0
0.8275128781346452,0.0,0.120032231,0.2820752945,3635.0,4760.0
0.9218677074950097,0.01050135,0.1374809595,0.2493715025,3635.0,4760.0
0.9235875806651964,0.072869773,0.179405233,0.221128281,3635.0,4760.0
0.9203334212801595,0.130822112,0.177642868,0.192880203,3635.0,4760.0
0.9127027982679395,0.1987818465,0.2475691055,0.2166399915,3635.0,4760.0
0.9104922551792991,0.173066527,0.315447568,0.237745372,3635.0,4760.0
0.9132867940371088,0.101927605,0.342528682,0.24896734,3635.0,4760.0
0.9250424689348328,0.0250210855,0.3267190935,0.2574098215,3635.0,4760.0
0.9062040606434939,0.0,0.33576174150000004,0.2524108775,3635.0,4760.0
0.8328985375616004,0.0,0.3436258715,0.210836965,3635.0,4760.0
0.7753552211121107,0.0,0.323445406,0.156766344,3635.0,4760.0
0.6760859742969768,0.0,0.299459541,0.11870885049999999,3635.0,4760.0
0.6539118575177352,0.0,0.2836876385,0.16054553100000002,3635.0,4760.0
0.6756408805126722,0.0,0.26986693949999996,0.233785399,3635.0,4760.0
0.7732745534580391,0.0,0.263250249,0.262969814,3635.0,4760.0
0.8861029157740961,0.0,0.2598754155,0.3378101685,3635.0,4760.0
0.924546653671624,0.032859846,0.257831613,0.438963857,3635.0,4760.0
0.920460014397228,0.144062197,0.268090797,0.540179706,3635.0,4760.0
0.9094224687258381,0.2700299575,0.292042305,0.6303105314999999,3635.0,4760.0
0.9015532529398778,0.2728143265,0.3238570195,0.7608847695000001,3635.0,4760.0
0.8994005948531827,0.193071292,0.340427289,0.819503746,3635.0,4760.0
0.9060142154630806,0.123419923,0.334446263,0.8372859,3635.0,4760.0
0.9222239333505158,0.024689059,0.340410062,0.8424553765,3635.0,4760.0
0.9095258190542304,0.0,0.369934996,0.8370313435,3635.0,4760.0
0.8419846698525417,0.0,0.386443895,0.8052543194999999,3635.0,4760.0
0.7345272406755373,0.0,0.40330214099999995,0.797880351,3635.0,4760.0
0.6610811079856558,0.0,0.40103889849999996,0.7947882580000001,3635.0,4760.0
0.6537479607777421,0.0,0.379088973,0.7530328215,3635.0,4760.0
0.7281623261555745,0.0,0.3674171065,0.7651861035,3635.0,4760.0
0.8722270072290601,0.0,0.368611026,0.781263847,3635.0,4760.0
0.9077119104388255,0.034724099,0.36799964,0.797986074,3635.0,4760.0
0.9020101676635003,0.107321167,0.355204559,0.794511972,3635.0,4760.0
0.897686487986216,0.172877357,0.330756136,0.804940702,3635.0,4760.0
0.8819849608460196,0.2514717435,0.30581672449999997,0.7954539505,3635.0,4760.0
0.8689860217610739,0.25460925749999996,0.29576750900000004,0.790180392,3635.0,4760.0
0.8707832967179922,0.13412348,0.315505381,0.789207378,3635.0,4760.0
0.8883753359285447,0.022753424,0.3473855515,0.788132039,3635.0,4760.0
0.876183549352243,0.0,0.389747652,0.805892932,3635.0,4760.0
0.8051276473731317,0.0,0.42935818400000003,0.8346545435,3635.0,4760.0
0.7066666619029648,0.0,0.449907861,0.846850898,3635.0,4760.0
0.6390274851921951,0.0,0.4763563445,0.8537559955,3635.0,4760.0
0.6326277730548313,0.0,0.520341556,0.872294794,3635.0,4760.0
0.7066859347488221,0.0,0.57178481,0.8861937295,3635.0,4760.0
0.8538860998042493,0.0,0.6361835929999999,0.8983771629999999,3635.0,4760.0
0.8828370907020123,0.1105253735,0.6769985949999999,0.9136677630000001,3635.0,4760.0
0.8682591542667015,0.36052089099999995,0.635268188,0.8930607150000001,3635.0,4760.0
0.8483541087587949,0.43965234649999996,0.5653695425,0.8646950795,3635.0,4760.0
0.8479169769305521,0.282340465,0.553085281,0.8426790024999999,3635.0,4760.0
0.8617968775394513,0.092898137,0.553246709,0.84877209,3635.0,4760.0
0.8689527101513921,0.0,0.5608999699999999,0.8136770055,3635.0,4760.0
0.8314997600545523,0.0,0.5457444245,0.8159211145,3635.0,4760.0
0.7518236004421845,0.0,0.501675,0.8194923995000001,3635.0,4760.0
0.6562910212776389,0.0,0.45869618850000005,0.8355963595,3635.0,4760.0
0.627990250126588,0.0,0.4233938005,0.8565487035,3635.0,4760.0
0.6533263980643718,0.0,0.3656781135,0.812102342,3635.0,4760.0
0.7843777020978868,0.0,0.3281364905,0.7818729955,3635.0,4760.0
0.8864924975826126,0.0036704095,0.31206588999999996,0.735155389,3635.0,4760.0
0.885700160099149,0.139483475,0.295406029,0.705365792,3635.0,4760.0
0.8791081853612657,0.2640317485,0.282582993,0.713575041,3635.0,4760.0
0.8715090553760416,0.30324622599999995,0.28486801149999996,0.7143129699999999,3635.0,4760.0
0.8718255379156119,0.2414729365,0.269696663,0.7595733355000001,3635.0,4760.0
0.8939041332419161,0.10221077,0.267322114,0.752447049,3635.0,4760.0
0.9062883820649579,0.0,0.2783063855,0.7075285735,3635.0,4760.0
0.8645770004620402,0.0,0.285999383,0.6170252844999999,3635.0,4760.0
0.8115649070723489,0.0,0.278934388,0.625309302,3635.0,4760.0
0.7226641568199443,0.0,0.28512307400000003,0.6440239055,3635.0,4760.0
0.6423329204996078,0.0,0.30132700999999995,0.744362018,3928.0,5144.0
0.630260141951988,0.0,0.31035808,0.7880598594999999,3928.0,5144.0
0.6465277005486596,0.0,0.32108351150000003,0.8172268745,3928.0,5144.0
0.699135885033132,0.0,0.3494648065,0.8639449985000001,3928.0,5144.0
0.7632013149257301,0.0581437025,0.395958431,0.8832271380000001,3928.0,5144.0
0.7680415685679391,0.141578773,0.393180789,0.888494837,3928.0,5144.0
0.7568027782409229,0.165896462,0.4326027225,0.880184139,3928.0,5144.0
0.7487272609893783,0.121994459,0.4544859035,0.8711778555,3928.0,5144.0
0.7537503072485222,0.048549937,0.478460912,0.866152751,3928.0,5144.0
0.7720645121938411,0.007490178,0.510711686,0.859765035,3928.0,5144.0
0.759907146114164,0.0,0.5477865,0.858033312,3928.0,5144.0
0.7354195352103304,0.0,0.575685735,0.862771016,3928.0,5144.0
0.6836039321482505,0.0,0.5772017165,0.8596443275,3928.0,5144.0
0.6163564664344662,0.0,0.6160104980000001,0.8714104395,3928.0,5144.0
0.6006242224273897,0.0,0.6299329924999999,0.8736967685,3928.0,5144.0
0.6202683860581718,0.0,0.64198672,0.8736943605,3928.0,5144.0
0.6635343246491774,0.0,0.6374342985,0.8716439455,3928.0,5144.0
0.7139938209897737,0.010299801,0.6190085045,0.870836792,3928.0,5144.0
0.7206364506409477,0.0333426735,0.5249757915,0.852807072,3928.0,5144.0
0.7180478805218953,0.051477648,0.5512938009999999,0.864635186,3928.0,5144.0
0.7215538286681471,0.034005813499999996,0.5633506865,0.866070883,3928.0,5144.0
0.7330963934757373,0.00538124,0.5692106465,0.8737580300000001,3928.0,5144.0
0.7215612361807373,0.0,0.6006093690000001,0.8782714375,3928.0,5144.0
0.7013486458956582,0.0,0.6273877715,0.875008939,3928.0,5144.0
0.6834663830904981,0.0,0.591155246,0.87809532,3928.0,5144.0
0.6551453189439249,0.0,0.607245161,0.884725923,3928.0,5144.0
0.62661866302751,0.0,0.610955674,0.880882239,3928.0,5144.0
0.6519051318583392,0.0,0.604408787,0.877971092,3928.0,5144.0
0.7829649522913877,0.0,0.6063266945,0.8839016074999999,3928.0,5144.0
0.8782171106223579,0.0055658645,0.6087849654999999,0.8803730565000001,3928.0,5144.0
0.8703541047247668,0.044072021,0.613051699,0.873127007,3928.0,5144.0
0.8671891903386846,0.08614484350000001,0.6059892929999999,0.885162887,3928.0,5144.0
0.8632669800254685,0.1259188765,0.666053894,0.908228075,3928.0,5144.0
0.866860021861162,0.09498456699999999,0.7210929450000001,0.9079572815000001,3928.0,5144.0
0.8761135107347727,0.040926796,0.738672163,0.913940173,3928.0,5144.0
0.8811306575594697,0.0,0.727967093,0.9069539955,3928.0,5144.0
0.8454786639788687,0.0,0.687845401,0.8801428490000001,3928.0,5144.0
0.7905968617157269,0.0,0.633299014,0.836388097,3928.0,5144.0
0.7510912327045657,0.0,0.526122772,0.731881484,3928.0,5144.0
0.6594204061789131,0.0,0.4833395465,0.629069519,3928.0,5144.0
0.6315226124700739,0.0,0.4451006365,0.5228215735,3928.0,5144.0
0.6570141628693615,0.0,0.3828968225,0.395424224,3928.0,5144.0
0.792565573955215,0.0,0.30031053750000003,0.2749915985,3928.0,5144.0
0.9125086949636899,0.006897904,0.228765843,0.1745129255,3928.0,5144.0
0.9063872524010088,0.08682841,0.192243658,0.085999657,3928.0,5144.0
0.8923908720418563,0.225998307,0.12275367100000001,0.056501164,3928.0,5144.0
0.8843530577056768,0.32062804899999997,0.113685731,0.083521862,3928.0,5144.0
0.8833176917488403,0.289488889,0.094690812,0.099980101,3928.0,5144.0
0.9053512210917585,0.12909625600000002,0.0848118165,0.1219839735,3928.0,5144.0
0.9302346459653829,0.0,0.09099441650000001,0.21334451,3928.0,5144.0
0.8947990670147005,0.0,0.1107182565,0.3188562245,3928.0,5144.0
0.8200320021896518,0.0,0.137581863,0.4432575915,3928.0,5144.0
0.6772670064692785,0.0,0.167530036,0.5357920865000001,3928.0,5144.0
0.6525522688325311,0.0,0.18363511,0.597365044,3928.0,5144.0
0.6710814468446187,0.0,0.1813367435,0.5936236555000001,3928.0,5144.0
0.809260106771226,0.0,0.1777960955,0.6153730065,3928.0,5144.0
0.9273435877272554,0.011845045,0.19851109,0.6574688310000001,3928.0,5144.0
0.9221380150630103,0.118727931,0.202903215,0.659283661,3928.0,5144.0
0.9133120771251152,0.214310116,0.187920865,0.597011264,3928.0,5144.0
0.9015718826049857,0.29057021250000004,0.171042364,0.6506021369999999,3928.0,5144.0
0.8898656206023823,0.2492942345,0.1990476895,0.6945228720000001,3928.0,5144.0
0.8914819217275324,0.115696486,0.245840582,0.729033403,3928.0,5144.0
0.9107968059212292,0.021284114,0.318459607,0.770062186,3928.0,5144.0
0.8937650318133119,0.0,0.389949513,0.7950202340000001,3928.0,5144.0
0.8232415390245911,0.0,0.44437427949999997,0.809666113,3928.0,5144.0
0.7554766564176718,0.0,0.416774961,0.79682213,3928.0,5144.0
0.6587681016883016,0.0,0.4464307475,0.744213,3928.0,5144.0
0.629490869833265,0.0,0.460795702,0.74467199,3928.0,5144.0
0.6545785556706626,0.0,0.4446794785,0.7317922189999999,3928.0,5144.0
0.7394930228405807,0.0,0.428931823,0.697832481,3928.0,5144.0
0.8335058647048632,0.0,0.407519198,0.713169817,3928.0,5144.0
0.8891866135816586,0.0043253935,0.3844771715,0.735710982,3928.0,5144.0
0.8832406448099801,0.048201887,0.3401767055,0.744027022,3928.0,5144.0
0.8743517208180931,0.13375089950000002,0.424060951,0.7933674015000001,3928.0,5144.0
0.868043316251919,0.14569724950000001,0.41996963649999997,0.847912424,3928.0,5144.0
0.8773312256221545,0.0592231445,0.3565667095,0.819149194,3928.0,5144.0
0.8874602201198006,0.0,0.349829048,0.792044379,3928.0,5144.0
0.873044760931757,0.0,0.3525018975,0.7950568335,3928.0,5144.0
0.8304145819101545,0.0,0.361809451,0.79800591,3928.0,5144.0
0.7691345090727986,0.0,0.3753799505,0.8076606595,3928.0,5144.0
0.6688601917036032,0.0,0.386412926,0.830912489,3928.0,5144.0
0.6370228886706476,0.0,0.384405369,0.830631619,3928.0,5144.0
0.6319127487220619,0.0,0.404343903,0.8665503605,3928.0,5144.0
0.6750551327264308,0.0,0.438069105,0.879038469,3928.0,5144.0
0.786267127351724,0.0,0.4710438415,0.882799637,3928.0,5144.0
0.888922116710827,0.0068809655,0.5253880989999999,0.8815573905,3928.0,5144.0
0.8822915519379,0.115927315,0.564656857,0.887073921,3928.0,5144.0
0.87782881512472,0.2300298375,0.621893341,0.8955382255,3928.0,5144.0
0.8783508450401829,0.23784992900000002,0.676543476,0.889301014,3928.0,5144.0
0.8990347436605801,0.1164500655,0.7541156275,0.9098214204999999,3928.0,5144.0
0.9111407450806036,0.0,0.804937299,0.913692412,3928.0,5144.0
0.900858055845817,0.0,0.7989891954999999,0.9181903605,3928.0,5144.0
0.8429113627629155,0.0,0.7765813675,0.9255156695,3928.0,5144.0
0.7825721768520286,0.0,0.756776574,0.92545004,3928.0,5144.0
0.6517834401977171,0.0,0.7265553645,0.925037879,3928.0,5144.0
0.6200568506117947,0.0,0.7135332405,0.927581207,3928.0,5144.0
0.6242834120207206,0.0,0.707582585,0.9320969610000001,3928.0,5144.0
0.6570188202856386,0.0,0.7138880455000001,0.930381216,3928.0,5144.0
0.7223648401600474,0.009057837,0.714009922,0.9260572375,3928.0,5144.0
0.7472972566671682,0.135394297,0.701915129,0.92438404,3928.0,5144.0
0.7456359339019607,0.2152529115,0.6823794095,0.9226677135,3928.0,5144.0
0.7405379697405645,0.216271693,0.7447979705,0.933095378,3928.0,5144.0
0.7462839801674956,0.10679573,0.748257832,0.929018025,3928.0,5144.0
0.7672572596061509,0.017032002,0.7505333700000001,0.9145991525,3928.0,5144.0
0.7523596025558581,0.0,0.7828706375,0.8959819335000001,3928.0,5144.0
0.7310274802459903,0.0,0.8111187099999999,0.9056433315,3928.0,5144.0
0.7084225524358176,0.0,0.830949424,0.898626235,3928.0,5144.0
0.6415519825925975,0.0,0.8489842655,0.9174836525000001,3928.0,5144.0
0.6037446030512728,0.0,0.866613498,0.9286902975,3928.0,5144.0
0.6088926232379188,0.0,0.8689729685,0.933018068,3928.0,5144.0
0.6400366365473977,0.0,0.868096867,0.9251252704999999,3928.0,5144.0
0.7095843339339264,0.005030371,0.8717197889999999,0.9227409265,3928.0,5144.0
0.7429939808943485,0.133161761,0.875949335,0.927351391,3928.0,5144.0
0.7431478752777094,0.25712379949999997,0.8600328429999999,0.9266523945,3928.0,5144.0
0.7407718386336548,0.3128205085,0.8794751205,0.9346162665,3928.0,5144.0
0.7465072700381974,0.238498829,0.8809720045,0.931348356,3928.0,5144.0
0.7688813674350915,0.0500486855,0.8374589139999999,0.9319199739999999,3928.0,5144.0
0.7603342091214015,0.0,0.782076239,0.9250061285,3928.0,5144.0
0.7449579692025666,0.0,0.708358277,0.8900116235,3928.0,5144.0
0.7213335328833078,0.0,0.614212853,0.852573875,3928.0,5144.0
0.664974087439711,0.0,0.5735642455000001,0.7909572665,3928.0,5144.0
0.6399170074590106,0.0,0.539958842,0.7351093765000001,3928.0,5144.0
0.6676515476592264,0.0,0.503926326,0.7053477205,3928.0,5144.0
0.8075015992226666,0.0,0.4632653585,0.6675723855,3928.0,5144.0
0.9273339180468301,0.0060165695,0.40961044550000003,0.594639404,3928.0,5144.0
0.9258703358524842,0.151887476,0.370301855,0.510377847,3928.0,5144.0
0.9125201832268008,0.326489407,0.3544160785,0.4183722345,3928.0,5144.0
0.9051964618110038,0.39797705800000005,0.34783374749999996,0.374234214,3928.0,5144.0
0.906001618211786,0.30775906,0.305550029,0.32887286,3928.0,5144.0
0.9232352137929465,0.1571506695,0.2625123545,0.2751045345,3928.0,5144.0
0.9412398557828072,0.0,0.2439474455,0.25923471600000003,3928.0,5144.0
0.9051250037008077,0.0,0.20947251,0.186878383,3928.0,5144.0
0.8368792539364669,0.0,0.16158550700000002,0.1376537995,3928.0,5144.0
0.6884458714443993,0.0,0.1463954305,0.1023161695,3928.0,5144.0
0.6676790929656881,0.0,0.1286775725,0.08969820649999999,3928.0,5144.0
0.6931167282552293,0.0,0.12094240549999999,0.109019229,3928.0,5144.0
0.8509766780116074,0.0,0.1330354725,0.156289367,3928.0,5144.0
0.9604461112733699,0.006813493,0.128152414,0.1884135375,3928.0,5144.0
0.9600014832458792,0.172274234,0.105790591,0.213316224,3928.0,5144.0
0.9402340754823826,0.3375113755,0.08064123200000001,0.241923781,3928.0,5144.0
0.9291905417911283,0.4766824595,0.077842811,0.21302435949999998,3928.0,5144.0
0.9285854768663205,0.438976103,0.081891631,0.17751988,3928.0,5144.0
0.9422057152927401,0.2233319685,0.0883606275,0.196423821,3928.0,5144.0
0.963951593662808,0.0,0.129526634,0.318777054,3928.0,5144.0
0.9282890877266726,0.0,0.15393324349999998,0.39075857150000004,3928.0,5144.0
0.8590361382704217,0.0,0.1484496415,0.3952416115,3928.0,5144.0
0.7082882857461856,0.0,0.147547156,0.4106491565,3928.0,5144.0
0.6944621007189266,0.0,0.15701033366666667,0.42274047733333336,3928.0,5144.0
0.7419169643522328,0.0,0.156936625,0.362932482,3928.0,5144.0
0.8713630786054136,0.0,0.1523520515,0.3209592765,3928.0,5144.0
0.9770291322599468,0.006478037,0.15173025750000002,0.346806035,3928.0,5144.0
0.9800420373603475,0.190571937,0.143732495,0.346055064,3928.0,5144.0
0.9704887882923106,0.368825312,0.1001414095,0.3170728265,3928.0,5144.0
0.9580547717262768,0.48332804,0.0859029525,0.2450354085,3928.0,5144.0
0.9536933004975897,0.433939509,0.089106825,0.265391475,3928.0,5144.0
0.9627166241584751,0.31498958,0.100163062,0.295790562,3928.0,5144.0
0.981981563134624,0.114048723,0.146601654,0.373329053,3928.0,5144.0
0.9846440974706367,0.0,0.20372595300000002,0.4945751555,3928.0,5144.0
0.9450280655169846,0.0,0.246480807,0.5821951715,3928.0,5144.0
0.8732680508024588,0.0,0.25408168200000003,0.6622736555,3928.0,5144.0
0.7200971883308183,0.0,0.292713138,0.7130471345,3928.0,5144.0
0.7015011652814827,0.0,0.3237491965,0.742064619,3928.0,5144.0
0.7246482164070406,0.0,0.3552802645,0.787864551,3928.0,5144.0
0.8708883325990836,0.0,0.3820828375,0.794306357,3928.0,5144.0
0.9759122393212886,0.0041919175,0.3987140205,0.803369778,3928.0,5144.0
0.9806023468063113,0.162858494,0.382910206,0.789112087,3928.0,5144.0
0.9752775886388285,0.288342406,0.268893325,0.683058712,3928.0,5144.0
0.9668108040260681,0.3166424955,0.287153363,0.6898928885,3928.0,5144.0
0.9688808262439985,0.21567437499999997,0.3134282755,0.6896691275,3928.0,5144.0
0.98770841162464,0.0208865835,0.37089589,0.693898744,3928.0,5144.0
0.9731055468985741,0.0,0.3699999325,0.6783267485,3928.0,5144.0
0.90939643159876,0.0,0.31214979499999995,0.6413610755,3928.0,5144.0
0.8560293099271634,0.0,0.23167675,0.513008031,3928.0,5144.0
0.7223714714619016,0.0,0.22355076299999999,0.433242357,3928.0,5144.0
0.7036645131982682,0.0,0.220060633,0.353279122,3928.0,5144.0
0.7255457006299177,0.0,0.20398191799999998,0.30063743600000004,3928.0,5144.0
0.8702764810695303,0.0,0.18337277600000002,0.240282432,3928.0,5144.0
0.9748294120820038,0.004261306,0.1884261865,0.2947361095,3928.0,5144.0
0.9805837171412034,0.266046705,0.168369993,0.287525191,3928.0,5144.0
0.9757392939605753,0.49852603900000003,0.096988325,0.2127743245,3928.0,5144.0
0.970947211245937,0.5934956705000001,0.1165710065,0.1190602265,3928.0,5144.0
0.9728528930881046,0.439041365,0.1391831275,0.13534068300000002,3928.0,5144.0
0.9879089022918148,0.140887464,0.174723798,0.149239418,3928.0,5144.0
0.9894894077709433,0.0,0.1826479185,0.200943346,3928.0,5144.0
0.9477797561652941,0.0,0.179877774,0.296184659,3928.0,5144.0
0.8735410641234438,0.0,0.161531762,0.433216469,3928.0,5144.0
0.7040785131973972,0.0,0.162065179,0.559014244,3928.0,5144.0
0.6805121614756837,0.0,0.1700668475,0.6337675890000001,3928.0,5144.0
0.6868738158498109,0.0,0.199864816,0.7141360855,3928.0,5144.0
0.7170546753011007,0.0,0.23077447550000002,0.777364787,3928.0,5144.0
0.7846345697394839,0.0055346555,0.27162577099999996,0.8309861325000001,3928.0,5144.0
0.8166382977908613,0.182411971,0.2772669835,0.8454950830000001,3928.0,5144.0
0.8154807744165888,0.247287258,0.2904670915,0.8397438615,3928.0,5144.0
0.8144721997271422,0.16008795650000002,0.32345365449999997,0.8329580265000001,3928.0,5144.0
0.8247343963708065,0.06129266,0.369576603,0.839025984,3928.0,5144.0
0.8443649647216731,0.0050511295,0.4378330495,0.8617393455,3928.0,5144.0
0.8352590050907827,0.0,0.48188917200000003,0.868158043,3928.0,5144.0
0.8118307346986285,0.0,0.48972639799999995,0.8547563865000001,3928.0,5144.0
0.7410902950081821,0.0,0.43609405300000004,0.7789955904999999,3928.0,5144.0
0.6692434083714793,0.0,0.3993199935,0.738774209,3928.0,5144.0
0.650473064913274,0.0,0.3133356685,0.6583788374999999,3928.0,5144.0
0.6651897036872292,0.0,0.24952343000000002,0.5549584569999999,3928.0,5144.0
0.6954895712178213,0.0,0.205641497,0.495765261,3928.0,5144.0
0.7517517875347373,0.000912449,0.1894101935,0.47545342749999997,3928.0,5144.0
0.7893706747215206,0.0665156015,0.175861264,0.5023592514999999,3928.0,5144.0
0.783594235861828,0.12789705099999998,0.1929426365,0.5668856449999999,3928.0,5144.0
0.7791602863226593,0.1234857395,0.194414084,0.676728318,3928.0,5144.0
0.8004141641200662,0.044752140499999996,0.236244036,0.7763572605,3928.0,5144.0
0.8135469262588745,0.0,0.2991770615,0.8315895415,3928.0,5144.0
0.7938816269068407,0.0,0.38070710350000003,0.8616417245,3928.0,5144.0
0.7642706134507131,0.0,0.44827525749999997,0.8646316805,3928.0,5144.0
0.6782385879897228,0.0,0.45989856100000004,0.850986808,3928.0,5144.0
0.6528555775562912,0.0,0.4523408055,0.854879964,3928.0,5144.0
0.6787597751288361,0.0,0.4494605095,0.8082653365000001,3928.0,5144.0
0.8272595146790533,0.0,0.42663849350000005,0.701744693,3928.0,5144.0
0.9393059632311437,0.00277009,0.378302468,0.6232335499999999,3928.0,5144.0
0.9354266454707566,0.158080362,0.340093299,0.553325855,3928.0,5144.0
0.9201422454961589,0.32031798,0.2801090465,0.5168420805,3928.0,5144.0
0.9056441947826793,0.3575275485,0.29192142,0.567286543,3928.0,5144.0
0.9086826491322999,0.22211706950000001,0.2503707225,0.6196277754999999,3928.0,5144.0
0.9467124092529835,0.032479115,0.238443737,0.6683594964999999,3928.0,5144.0
0.9359293803686977,0.0,0.258151911,0.7287877045,3928.0,5144.0
0.8751215696531927,0.0,0.280546203,0.7630934405,3928.0,5144.0
0.8191060190256412,0.0,0.330060431,0.806352908,3928.0,5144.0
0.6904055350125473,0.0,0.33443890600000004,0.8229010585000001,3928.0,5144.0
0.6682565904629898,0.0,0.353784002,0.832939238,3928.0,5144.0
0.6924300032173727,0.0,0.3814108735,0.8600946955,3928.0,5144.0
0.8463641941818212,0.0,0.46198537100000003,0.8711616645,3928.0,5144.0
0.952474166117482,0.0046799055,0.556608659,0.8964174254999999,3928.0,5144.0
0.9524632101767984,0.172999986,0.590080712,0.905084876,3928.0,5144.0
0.945906809267052,0.276470572,0.562002398,0.894691135,3928.0,5144.0
0.9278650409769621,0.3731385155,0.5672316565,0.9079701585,3928.0,5144.0
0.9168245678359433,0.31473792349999996,0.6093465444999999,0.9244573055,3928.0,5144.0
0.9288290818535889,0.107129156,0.6717153410000001,0.9277697495,3928.0,5144.0
0.9389098610297153,0.0,0.696967111,0.9245040185,3928.0,5144.0
0.8891177281944602,0.0,0.6870311355000001,0.9057445885,3928.0,5144.0
0.8239562972973875,0.0,0.659620975,0.893527104,3928.0,5144.0
0.729229584279987,0.0,0.6066808109999999,0.876215958,3928.0,5144.0
0.6430758006433813,0.0,0.5731193035,0.8595574724999999,3928.0,5144.0
0.6360078822749469,0.0,0.5312869570000001,0.864998775,3928.0,5144.0
0.6789652337168304,0.0,0.495573742,0.84218128,3928.0,5144.0
0.794412661150315,0.0,0.460788557,0.8258771069999999,3928.0,5144.0
0.9161216527247498,0.001336545,0.424601016,0.824325896,3928.0,5144.0
0.9097338947085514,0.1499788225,0.36939497899999996,0.7881033725,3928.0,5144.0
0.9052621535167396,0.2968162915,0.344056796,0.718650446,3928.0,5144.0
0.9044584608001515,0.273840731,0.3952458205,0.7409162435000001,3928.0,5144.0
0.9092226877544058,0.17474015,0.410155961,0.746575418,3928.0,5144.0
0.9333821725526665,0.0411704035,0.42390003200000004,0.7819861895,3928.0,5144.0
0.9259806944516462,0.0,0.44714356749999995,0.8242268635,3928.0,5144.0
0.8595193119896273,0.0,0.474359632,0.8645762880000001,3928.0,5144.0
0.7976824338416924,0.0,0.49763561,0.901775514,3928.0,5144.0
0.6754635216239908,0.0,0.4648194685,0.9007738949999999,3928.0,5144.0
0.6552311706151965,0.0,0.464444547,0.8872389475,3928.0,5144.0
0.6774605997746259,0.0,0.465191154,0.867816577,3928.0,5144.0
0.8205494633754954,0.0,0.4699936425,0.8526616364999999,3928.0,5144.0
0.9311824967686726,0.0026504105,0.4721169795,0.8326898055,3928.0,5144.0
0.9315344644497221,0.135223329,0.46751629,0.821819668,3928.0,5144.0
0.9182056028481821,0.265916967,0.44175456150000003,0.7887279629999999,3928.0,5144.0
0.9045863845208074,0.3099015535,0.45144152800000004,0.8044269325,3928.0,5144.0
0.9034512611588617,0.2390912215,0.4434772515,0.7974563825000001,3928.0,5144.0
0.9192667397708829,0.089724065,0.420672161,0.805367966,3928.0,5144.0
0.9242464498920486,0.0,0.44107980300000005,0.8420111055,3928.0,5144.0
0.8870549361158049,0.0,0.506565274,0.8731231065,3928.0,5144.0
0.8061913569682102,0.0,0.5740770935,0.8791286745,3928.0,5144.0
0.6644511704551899,0.0,0.620260363,0.8808882650000001,3928.0,5144.0
0.6343073706878954,0.0,0.6445829860000001,0.8805554065000001,3928.0,5144.0
0.6576817259196828,0.0,0.680137902,0.8791364015,3928.0,5144.0
0.7897206463453283,0.0,0.7169994295,0.8762123344999999,3928.0,5144.0
0.8926638409688923,0.0013707555,0.730900706,0.877772586,3928.0,5144.0
0.889351574865266,0.027957134,0.728552989,0.879784349,3928.0,5144.0
0.8835110410646385,0.056378527,0.7001262085,0.8745503565,3928.0,5144.0
0.8792034184307047,0.062069007999999995,0.6948286109999999,0.867237189,3928.0,5144.0
0.8802660635834095,0.0399263655,0.678540028,0.8605347895,3928.0,5144.0
0.8947255242112251,0.0074840345,0.6771931265,0.8717636355,3928.0,5144.0
0.8800484512786497,0.0,0.6849639009999999,0.876200874,3928.0,5144.0
0.8131558806649233,0.0,0.6858988635000001,0.876522393,3928.0,5144.0
0.7477826038169308,0.0,0.659788975,0.876072308,3928.0,5144.0
0.6384665104444375,0.0,0.675780175,0.8767379550000001,3928.0,5144.0
0.6010273995158217,0.0,0.6605709815,0.8713328435,3928.0,5144.0
0.6062803446746168,0.0,0.6289162725,0.8656044780000001,3928.0,5144.0
0.6376388652940506,0.0,0.5836686175000001,0.849797092,3928.0,5144.0
0.7048967991719013,0.0016470625,0.5474503435,0.8335143665,3928.0,5144.0
0.7332165105432229,0.046139089,0.532991009,0.811064319,3928.0,5144.0
0.7321071138038125,0.1180952995,0.4304126115,0.7074793315,3928.0,5144.0
0.7263112912399404,0.17065388250000002,0.46441791450000003,0.7096391295,3928.0,5144.0
0.731606552437669,0.127636568,0.42289150200000003,0.6740927329999999,3928.0,5144.0
0.7592172274960854,0.019869566,0.365190003,0.6370129125,3928.0,5144.0
0.7525812069244809,0.0,0.3331612275,0.583331459,3928.0,5144.0
0.7354874447405725,0.0,0.296259587,0.5451126915,3928.0,5144.0
0.7134333119482096,0.0,0.234425712,0.501479197,3928.0,5144.0
0.6452640768003017,0.0,0.2611312955,0.5569012040000001,3928.0,5144.0
0.6069495489849286,0.0,0.26024375349999995,0.615791987,3928.0,5144.0
0.6118656742146817,0.0,0.2699301,0.5925993695,3928.0,5144.0
0.6447325103356405,0.0,0.2876150795,0.6608387775,3928.0,5144.0
0.712786352347333,0.001879558,0.3500087255,0.7095913954999999,3928.0,5144.0
0.7425495302907934,0.07784341,0.41356291,0.723985235,3928.0,5144.0
0.7372469059744237,0.154468773,0.441714491,0.722976019,3928.0,5144.0
0.7250013816616908,0.1626754705,0.491637655,0.727822544,3928.0,5144.0
0.7225545744821387,0.09948886200000001,0.4920065295,0.73385338,3928.0,5144.0
0.7341785554132283,0.016424301,0.4745806,0.7198254955000001,3928.0,5144.0
0.7275240382571229,0.0,0.46464684700000003,0.6993892165,3928.0,5144.0
0.7115130146258413,0.0,0.45566574800000004,0.667456547,3928.0,5144.0
0.6819103179736468,0.0,0.408449021,0.5625835235,3928.0,5144.0
0.6384797729975256,0.0,0.402587128,0.46926785449999997,3928.0,5144.0
0.6332714281159231,0.0,0.3623100455,0.355296155,3928.0,5144.0
0.7098313544711623,0.0,0.30565273000000004,0.2795867575,3928.0,5144.0
0.8407347078990925,0.0,0.263617386,0.220022572,3928.0,5144.0
0.9107135934373286,0.0017491115,0.22818366499999998,0.2007429995,3928.0,5144.0
0.9084602907752257,0.048929684,0.209605824,0.176251921,3928.0,5144.0
0.905761827813825,0.094934732,0.169397471,0.166584057,3928.0,5144.0
0.9043958296446514,0.153662389,0.178857101,0.162824777,3928.0,5144.0
0.9030174560420681,0.18327579300000002,0.18904778849999998,0.1470806265,3928.0,5144.0
0.9056503159843909,0.144109873,0.20268563750000002,0.143726743,3928.0,5144.0
0.921436829898465,0.041407133,0.203935861,0.153791989,3928.0,5144.0
0.9347114437140516,0.0,0.2144404205,0.1704657335,3928.0,5144.0
0.9068757931816139,0.0,0.2257666685,0.209077121,3928.0,5144.0
0.8617358431993724,0.0,0.238886842,0.231933289,3928.0,5144.0
0.7672321095987513,0.0,0.21816704199999998,0.23214211899999998,3928.0,5144.0
0.689294208832129,0.0,0.190084951,0.2107521435,3928.0,5144.0
0.6885271322650074,0.0,0.1697515125,0.21100536749999999,3928.0,5144.0
0.7347542564995088,0.0,0.170430686,0.23538422,3928.0,5144.0
0.8657939613103502,0.0,0.172447355,0.26777743600000004,3928.0,5144.0
0.9748518564376594,0.003259141,0.16880193,0.303693746,3928.0,5144.0
0.9751745488149787,0.219364171,0.128818814,0.297920968,3928.0,5144.0
0.9654670283946655,0.4433824575,0.06282848299999999,0.248289242,3928.0,5144.0
0.9506205585800906,0.600764645,0.0471699215,0.17193009399999998,3928.0,5144.0
0.9485661942143107,0.47829256649999996,0.0703878375,0.14881875849999998,3928.0,5144.0
0.9821362337287209,0.086421985,0.142016096,0.20593287,3928.0,5144.0
0.9723202620292092,0.0,0.1760543295,0.2717976355,3928.0,5144.0
0.9085230106173836,0.0,0.166808559,0.2599258015,3928.0,5144.0
0.856335368797857,0.0,0.142375701,0.219133178,3928.0,5144.0
0.7213155685199936,0.0,0.13921955149999998,0.184586916,3928.0,5144.0
0.7036219532710257,0.0,0.13071713299999999,0.15432787250000002,3928.0,5144.0
0.7256306874037955,0.0,0.1285071965,0.174002481,3928.0,5144.0
0.8695145720694485,0.0,0.1440942025,0.15516691700000002,3928.0,5144.0
0.9746892460085449,0.003383923,0.157648234,0.1715155425,3928.0,5144.0
0.9805837171412034,0.219596016,0.147786381,0.169274827,3928.0,5144.0
0.9797582454213737,0.412208006,0.123821439,0.155917439,3928.0,5144.0
0.9758166513533579,0.550989809,0.073712419,0.118139249,3928.0,5144.0
0.9674119656749107,0.6280746660000001,0.0478508795,0.07979283649999999,3928.0,5144.0
0.963009642243345,0.472053572,0.0515975125,0.0875889335,3928.0,5144.0
0.9860505929948176,0.072977988,0.10706336050000001,0.126606789,3928.0,5144.0
0.9742437308613756,0.0,0.135935759,0.1427063475,3928.0,5144.0
0.9098650120600495,0.0,0.1282505,0.16611616899999998,3928.0,5144.0
0.7934202099179719,0.0,0.111963302,0.1160734745,3928.0,5144.0
0.7091332742001815,0.0,0.0950054,0.09690911899999999,3928.0,5144.0
0.7041594191701339,0.0,0.075447154,0.08534705100000001,3928.0,5144.0
0.7451724986841859,0.0,0.066251941,0.074456035,3928.0,5144.0
0.8698689792916485,0.0,0.062031757,0.05999029,3928.0,5144.0
0.975331392890253,0.0032329335,0.0586070335,0.047052208,3928.0,5144.0
0.9804759311637987,0.178508589,0.054049039,0.045867679,3928.0,5144.0
0.9771924966775125,0.341086063,0.0425019285,0.0515216075,3928.0,5144.0
0.9685624363338441,0.433013319,0.0164315125,0.038325647000000004,3928.0,5144.0
0.9667700405604673,0.304129857,0.0180719065,0.034701438,3928.0,5144.0
0.9836340146524268,0.113939882,0.021824196,0.031182192,3928.0,5144.0
0.9858381260854332,0.0,0.026105985999999998,0.029848059,3928.0,5144.0
0.9475856084164751,0.0,0.0337304185,0.025296731,3928.0,5144.0
0.8734988812157374,0.0,0.042896330499999996,0.017553891500000002,3928.0,5144.0
0.7220411497034871,0.0,0.042683182,0.0186916775,3928.0,5144.0
0.7045529044064761,0.0,0.038643686,0.030250492,3928.0,5144.0
0.7042421437761767,0.0,0.043485933000000004,0.0426470565,3928.0,5144.0
0.7455482857184275,0.0,0.049582571,0.05380353,3928.0,5144.0
0.8716697584345721,0.0,0.053966097500000004,0.0637552365,3928.0,5144.0
0.9769947117127019,0.001736985,0.0579366075,0.073793838,3928.0,5144.0
0.9792201585131804,0.091261102,0.052031433,0.05943293399999999,3928.0,5144.0
0.9740738016063287,0.159788749,0.042280106,0.048560491,3928.0,5144.0
0.9693166717613626,0.19602667899999998,0.053536253,0.059214942500000006,3928.0,5144.0
0.9667915534531156,0.167986191,0.067250389,0.099031216,3928.0,5144.0
0.9750733276750551,0.083276618,0.082322157,0.1429146455,3928.0,5144.0
0.978752731332783,0.0,0.09517373949999999,0.1519985165,3928.0,5144.0
0.9331649151970187,0.0,0.1046281005,0.15308028,3928.0,5144.0
0.8570899589720062,0.0,0.093006592,0.1192326475,3928.0,5144.0
0.6865012003253675,0.0,0.08823059650000001,0.109197447,3928.0,5144.0
0.6568105893790464,0.0,0.0941511645,0.139621135,3928.0,5144.0
0.6584316143848465,0.0,0.0987647475,0.187291635,3928.0,5144.0
0.6917000307788159,0.0,0.11973402799999999,0.223049352,3928.0,5144.0
0.7635586496681792,0.0023615935,0.11026864,0.25262618600000003,3928.0,5144.0
0.8000675636016567,0.119130288,0.104235935,0.325004823,3928.0,5144.0
0.8011823273518462,0.24054523,0.090124713,0.39255614299999997,3928.0,5144.0
0.7943018146226746,0.3500635525,0.10233239999999999,0.437820918,3928.0,5144.0
0.7938339438065076,0.2976954035,0.134045772,0.47849586349999995,3928.0,5144.0
0.8172197651803618,0.064204396,0.1708639085,0.5078839749999999,3928.0,5144.0
0.8067700299180685,0.0,0.1896891905,0.4726322215,3928.0,5144.0
0.7837568462403222,0.0,0.19021123499999998,0.3812031175,3928.0,5144.0
0.7560205539724137,0.0,0.16994258,0.299835434,3928.0,5144.0
0.6706232678805413,0.0,0.16735695849999999,0.249060805,3928.0,5144.0
0.6426302189305986,0.0,0.1675343325,0.2202545545,3928.0,5144.0
0.6451566014286799,0.0,0.156502521,0.185135202,3928.0,5144.0
0.6641924398369581,0.0,0.1475643405,0.146244235,3928.0,5144.0
0.6955514039403006,0.0,0.136752258,0.133404032,3928.0,5144.0
0.7541699182986001,0.0022042615,0.136382531,0.13699126,3928.0,5144.0
0.7905577393582558,0.093756508,0.142425187,0.149864494,3928.0,5144.0
0.7886092535992967,0.159670885,0.118913132,0.173918961,3928.0,5144.0
0.7820669580189881,0.220078531,0.116695187,0.192217481,3928.0,5144.0
0.7706592142938812,0.2878032505,0.122413153,0.2392621125,3928.0,5144.0
0.764243423042743,0.265419845,0.123842014,0.254348524,3928.0,5144.0
0.7706033252985575,0.218190257,0.136436944,0.255895051,3928.0,5144.0
0.7941048280402645,0.121869603,0.155363886,0.281048679,3928.0,5144.0
0.8015329199847392,0.0,0.168033038,0.303574712,3928.0,5144.0
0.7915960328353413,0.0,0.170041788,0.2993389195,3928.0,5144.0
0.7679495291799627,0.0,0.1596437865,0.2549650845,3928.0,5144.0
0.7396275112974772,0.0,0.139202609,0.208160525,3928.0,5144.0
0.672703913464189,0.0,0.14567231,0.19835015900000003,3928.0,5144.0
0.6463997990502883,0.0,0.1451324615,0.20469121899999998,3928.0,5144.0
0.6688946343718923,0.0,0.1482622395,0.2137830095,3928.0,5144.0
0.8079499088600983,0.0,0.149653857,0.20364511600000001,3928.0,5144.0
0.9277961111958146,0.0022743325,0.1515035065,0.184591236,3928.0,5144.0
0.9313330866122486,0.107958924,0.143987334,0.169860257,3928.0,5144.0
0.9252294753322752,0.183718214,0.097776722,0.142492858,3928.0,5144.0
0.9219424922660348,0.238633941,0.092361899,0.129557277,3928.0,5144.0
0.9181949573108004,0.28660718399999996,0.09924590450000001,0.135520847,3928.0,5144.0
0.9149350316731637,0.2188020825,0.110826067,0.15693708750000002,3928.0,5144.0
0.9342606057981914,0.049129904,0.144371366,0.2101586865,3928.0,5144.0
0.9179270005972924,0.0,0.1585445165,0.229157153,3928.0,5144.0
0.8496344548522972,0.0,0.1510827995,0.2394851855,3928.0,5144.0
0.7323821897476528,0.0,0.141544595,0.23179484150000002,3928.0,5144.0
