Demand,Avail_Sol,Avail_Wind_On,Avail_Wind_Off,Hyd_In,HydRoR_In
0.7736774746391977,0.0,0.332427692,0.818120122,0.0,1323.0
0.7732691990600773,0.0,0.354414862,0.8231332725,0.0,1323.0
0.8254279713898405,0.0,0.3652099695,0.809130788,0.0,1323.0
0.8828853130363736,0.0,0.3536602035,0.7910237815000001,0.0,1323.0
0.8766328326016443,0.0,0.335011605,0.734521384,0.0,1323.0
0.8782492699643895,0.003855327,0.30751639,0.679009782,0.0,1323.0
0.8771970579093502,0.011516263499999999,0.261694456,0.653310761,0.0,1323.0
0.8763468004464599,0.0070564315,0.2702071715,0.6593685685,0.0,1323.0
0.8831404090325752,0.0,0.281805864,0.683600321,0.0,1323.0
0.8880854873167698,0.0,0.271313666,0.6264902885,0.0,1323.0
0.8781636430455332,0.0,0.255055253,0.568814885,0.0,1323.0
0.8372812496295231,0.0,0.263767621,0.5367901584999999,0.0,1323.0
0.7781286038447021,0.0,0.238244395,0.465721829,0.0,1323.0
0.7621201574370352,0.0,0.272865004,0.4129411645,0.0,1323.0
0.7566870683335951,0.0,0.2782446905,0.40509187,0.0,1323.0
0.8099525552796824,0.0,0.2516542405,0.444042989,0.0,1323.0
0.8718151613229203,0.0,0.221158166,0.402726409,0.0,1323.0
0.864842131330456,0.0,0.1995272915,0.35384096249999997,0.0,1323.0
0.8671840007850771,0.004328869,0.196089687,0.33636422,0.0,1323.0
0.867849390649579,0.0156197145,0.1905607885,0.3002568075,0.0,1323.0
0.8684936560040939,0.012713944500000001,0.19212058999999998,0.35526355,0.0,1323.0
0.8751412206099135,0.0,0.20861537600000002,0.46491737850000003,0.0,1323.0
0.8790685437497165,0.0,0.22589066,0.534956411,0.0,1323.0
0.8668808334923075,0.0,0.2370680895,0.588311901,0.0,1323.0
0.8284266401624365,0.0,0.26276131,0.641779105,0.0,1323.0
0.7758246185783431,0.0,0.301748542,0.702659052,0.0,1323.0
0.762007749108763,0.0,0.3594889685,0.7552534015000001,0.0,1323.0
0.7572411768729993,0.0,0.414531581,0.7161205715,0.0,1323.0
0.8110655135873794,0.0,0.442148569,0.601922741,0.0,1323.0
0.8740295299853988,0.0,0.446437239,0.49227718600000003,0.0,1323.0
0.8662268040073773,0.0,0.42101264800000004,0.451865112,0.0,1323.0
0.8680402668474163,0.005642295,0.377247902,0.417978964,0.0,1323.0
0.8684518752922351,0.02170623,0.328878419,0.373025547,0.0,1323.0
0.868151008586528,0.0243290035,0.284214399,0.368018435,0.0,1323.0
0.8700958221615926,0.0023777585,0.2243295795,0.4370988065,0.0,1323.0
0.8804215762423709,0.0,0.191319906,0.471251976,0.0,1323.0
0.8826135986671494,0.0,0.1646919805,0.48347344049999996,0.0,1323.0
0.8715271105659335,0.0,0.139140077,0.44890819849999997,0.0,1323.0
0.8361236473028729,0.0,0.11585249149999999,0.4078933725,0.0,1323.0
0.7753661596268027,0.0,0.10332590350000001,0.366863434,0.0,1323.0
0.7628588046962316,0.0,0.1047996075,0.37272004000000003,0.0,1323.0
0.7776005730020521,0.0,0.104629055,0.41121322849999997,0.0,1323.0
0.8658405920554523,0.0,0.120019528,0.469211335,0.0,1323.0
0.8743871523208728,0.0,0.127208355,0.515111049,0.0,1323.0
0.8721932519742999,0.0,0.14343837399999998,0.5780628839999999,0.0,1323.0
0.8736404075204214,0.0076093985000000005,0.1545580265,0.6306600904999999,0.0,1323.0
0.8715080512384625,0.014034718,0.184419409,0.7031287399999999,0.0,1323.0
0.8737764994843356,0.0022696785,0.2362979855,0.7440105109999999,0.0,1323.0
0.883090037774189,0.0,0.2715085875,0.7654805675,0.0,1323.0
0.8781816228884103,0.0,0.301037554,0.802639239,0.0,1323.0
0.8588082238608978,0.0,0.347497337,0.844832218,0.0,1323.0
0.8173143791711501,0.0,0.388689213,0.867825016,0.0,1323.0
0.7734209705924282,0.0,0.40533533,0.8471692740000001,0.0,1323.0
0.7606986803690678,0.0,0.4473212945,0.8193127714999999,0.0,1323.0
0.7732748794061742,0.0,0.45662141300000003,0.7744491245,0.0,1323.0
0.8436407162723978,0.0,0.468718982,0.735636101,0.0,1323.0
0.8721824546273822,0.0,0.4768365105,0.696440584,0.0,1323.0
0.8643903381103122,0.0,0.48978265249999997,0.6731033639999999,0.0,1323.0
0.8657235597316313,0.004324014,0.485698259,0.649904355,0.0,1323.0
0.8654538170708734,0.011720239,0.449035505,0.5656547095,0.0,1323.0
0.8654684637354297,0.007109102,0.44707038099999996,0.49358336449999995,0.0,1323.0
0.8728122608906845,0.0,0.43443018450000004,0.4186041305,0.0,1323.0
0.8787060391927237,0.0,0.40239492050000003,0.341875174,0.0,1323.0
0.8668138907542347,0.0,0.37834068600000004,0.3157426295,0.0,1323.0
0.8306898304148586,0.0,0.346739331,0.33096132300000003,0.0,1323.0
0.7714757343520954,0.0,0.314042626,0.384876945,0.0,1323.0
0.7580547471781837,0.0,0.3263051835,0.437301113,0.0,1323.0
0.7535698650873159,0.0,0.312092189,0.522816536,0.0,1323.0
0.7555574450721616,0.0,0.2904688975,0.602624826,0.0,1323.0
0.785803547357943,0.0,0.281978336,0.6411118760000001,0.0,1323.0
0.823477899821325,0.0,0.26996900349999997,0.672116982,0.0,1323.0
0.8352210465605078,0.003753504,0.255440964,0.676575387,0.0,1323.0
0.8354069467501541,0.010327311,0.231959527,0.656557203,0.0,1323.0
0.8364926303305409,0.0120844635,0.236194027,0.7237657915,0.0,1323.0
0.8440048173911692,0.0024297055,0.26530520700000004,0.838410667,0.0,1323.0
0.8642706297401188,0.0,0.287423714,0.879403185,0.0,1323.0
0.8688521705634403,0.0,0.33348082749999997,0.907730698,0.0,1323.0
0.8619276804882814,0.0,0.4476686595,0.9214471845000001,0.0,1323.0
0.8264657246662893,0.0,0.570846419,0.9219992804999999,0.0,1323.0
0.7909340559605577,0.0,0.593705095,0.922094394,0.0,1323.0
0.778275938954848,0.0,0.661774708,0.9302509065,0.0,1323.0
0.7731784557656448,0.0,0.674590975,0.930009264,0.0,1323.0
0.776531413695394,0.0,0.7015099105,0.930929071,0.0,1323.0
0.7763103997757743,0.0,0.732175677,0.93416143,0.0,1323.0
0.8038470576298348,0.0,0.7322601915,0.933236612,0.0,1323.0
0.8389919044576517,0.0,0.7223554775000001,0.9316107405,0.0,1323.0
0.8497820795087053,0.061022613,0.709344915,0.927369564,0.0,1323.0
0.8473372141562076,0.210421452,0.719097817,0.91281581,0.0,1323.0
0.8461583457016957,0.253990487,0.718115778,0.895993925,0.0,1323.0
0.8471417843028256,0.103887788,0.6868412975,0.8826304955,0.0,1323.0
0.8547985603998457,0.0,0.66010411,0.843787606,0.0,1323.0
0.8693733943694409,0.0,0.613641626,0.784749361,0.0,1323.0
0.8713335117410099,0.0,0.5404682705,0.740378526,0.0,1323.0
0.86372466626055,0.0,0.45722316399999996,0.651734885,0.0,1323.0
0.8238709184972769,0.0,0.40900555699999996,0.621394444,0.0,1323.0
0.7828330686705756,0.0,0.439516989,0.73566107,0.0,1323.0
0.7714261612182874,0.0,0.5465359775,0.8358255425,0.0,1323.0
0.7865690229198914,0.0,0.615352473,0.905157165,0.0,1323.0
0.8556591450258053,0.0,0.634133578,0.91341502,0.0,1323.0
0.8885963836470792,0.0,0.657696904,0.9205736185,0.0,1323.0
0.8844322726073034,0.0,0.655364827,0.923618496,0.0,1323.0
0.8882122843962507,0.065304823,0.631336372,0.915669538,0.0,1323.0
0.8870329463831343,0.256354529,0.5897310689999999,0.878435797,0.0,1323.0
0.8866963550835978,0.1464639035,0.5809201115,0.8173277889999999,0.0,1323.0
0.8974024525716158,0.0,0.5586270369999999,0.792734821,0.0,1323.0
0.9026037535425642,0.0,0.5301727015,0.7466521070000001,0.0,1323.0
0.8942683020737177,0.0,0.5342204835,0.7053760204999999,0.0,1323.0
0.8601393327811204,0.0,0.5362164635,0.683987029,0.0,1323.0
0.7921010475835577,0.0,0.5379885405,0.633943724,0.0,1323.0
0.7767850544350693,0.0,0.5144676804999999,0.5905311805,0.0,1323.0
0.7855760546550259,0.0,0.45528651600000003,0.5101496480000001,0.0,1323.0
0.8518327994946989,0.0,0.411446765,0.502450038,0.0,1323.0
0.8844656500333569,0.0,0.358465863,0.524792133,0.0,1323.0
0.8802904130806892,0.0,0.30496739250000005,0.510727562,0.0,1323.0
0.8840880292532034,0.036506199,0.271673211,0.530335946,0.0,1323.0
0.8807951598189198,0.126272726,0.225448376,0.498829288,0.0,1323.0
0.8774379761743551,0.1828213525,0.1949973025,0.5225295245,0.0,1323.0
0.8815525609736587,0.032615887499999996,0.17026300249999998,0.470611962,0.0,1323.0
0.8953689143039211,0.0,0.1384440495,0.330910033,0.0,1323.0
0.8942692411909261,0.0,0.1235208115,0.1855562855,0.0,1323.0
0.8791310738248748,0.0,0.1200885075,0.12168099700000001,0.0,1323.0
0.843192397223205,0.0,0.119299999,0.120235631,0.0,1323.0
0.7932597766007603,0.0,0.1276052115,0.137785708,0.0,1323.0
0.7809071502963061,0.0,0.13642998150000002,0.14301629249999998,0.0,1323.0
0.7947605896902524,0.0,0.125270712,0.1215599335,0.0,1323.0
0.8619855631212229,0.0,0.119166595,0.104021238,0.0,1323.0
0.8921849089995769,0.0,0.11323867700000001,0.06939870199999999,0.0,1323.0
0.8870804074410904,0.000574712,0.1025612405,0.0320251545,0.0,1323.0
0.8910081063528256,0.047253288,0.096183815,0.027681156,0.0,1323.0
0.8909574531091791,0.1098080165,0.1038717655,0.0308552715,0.0,1323.0
0.8907810828958904,0.0511618895,0.09536756499999999,0.023463946,0.0,1323.0
0.898140137266936,0.0,0.0846301985,0.031774954,0.0,1323.0
0.9034536352335223,0.0,0.0738118025,0.041381221,0.0,1323.0
0.8973241963473071,0.0,0.060181418,0.041906229,0.0,1323.0
0.864633604168338,0.0,0.0492955915,0.0338667175,0.0,1323.0
0.7982397344608704,0.0,0.042152112000000005,0.0477890695,0.0,1323.0
0.7874270962513988,0.0,0.0369135595,0.0637417865,0.0,1323.0
0.8027539570868092,0.0,0.037921765499999996,0.072990974,0.0,1323.0
0.8875307922980438,0.0,0.041880777499999994,0.08190029900000001,0.0,1323.0
0.8951303894747841,0.0,0.045383141,0.097117473,0.0,1323.0
0.8920835559315703,0.0,0.048497067,0.1150434605,0.0,1323.0
0.8943804055953062,0.01064739,0.047929702,0.131922132,0.0,1323.0
0.8933073500776736,0.031038054000000002,0.062540177,0.194995533,0.0,1323.0
0.8915088155748291,0.018340009,0.058884153,0.1840219515,0.0,1323.0
0.8987764688942494,0.0,0.0682700425,0.196680711,0.0,1323.0
0.9035296852826848,0.0,0.090066644,0.24381216249999998,0.0,1323.0
0.8959885337715399,0.0,0.112943725,0.320692655,0.0,1323.0
0.8624443509513595,0.0,0.1315972215,0.370364918,0.0,1323.0
0.7954322701394634,0.0,0.1688800615,0.382029183,0.0,1323.0
0.783291175609474,0.0,0.191556633,0.4125912745,0.0,1323.0
0.7978871350269232,0.0,0.20249256,0.439284294,0.0,1323.0
0.8672069091175643,0.0,0.2088116,0.460447181,0.0,1323.0
0.8978331206565279,0.0,0.2139456045,0.45715418750000003,0.0,1323.0
0.891988868907583,0.0,0.2409617265,0.4639490045,0.0,1323.0
0.8937856199005495,0.0332278,0.253481187,0.4829164865,0.0,1323.0
0.8916480522058533,0.054439253,0.265850163,0.499753298,0.0,1323.0
0.8915492813975474,0.027312101999999998,0.2773425995,0.49868725,0.0,1323.0
0.9008322117817698,0.0,0.29502125300000004,0.4863706885,0.0,1323.0
0.9061287631219817,0.0,0.294815747,0.4656187735,0.0,1323.0
0.8980503324644671,0.0,0.27772673800000003,0.451174957,0.0,1323.0
0.8643666779213384,0.0,0.263080314,0.43796816650000003,0.0,1323.0
0.7932107668122285,0.0,0.22941631,0.385352714,0.0,1323.0
0.7799956304414398,0.0,0.227111428,0.37230523449999997,0.0,1323.0
0.7748128023186407,0.0,0.2106893245,0.35049769399999997,0.0,1323.0
0.7773760142588555,0.0,0.188543452,0.3783928505,0.0,1323.0
0.8043606296938943,0.0,0.1643387255,0.3644872885,0.0,1323.0
0.8407113374056512,0.0,0.14201917149999999,0.363048523,0.0,1323.0
0.8517786258120104,0.01761928,0.131000278,0.360654949,0.0,1323.0
0.8500767025230391,0.0461876765,0.11884366299999999,0.365163095,0.0,1323.0
0.8508723633253505,0.0439491755,0.1165029735,0.384988785,0.0,1323.0
0.8659957433468375,0.000575732,0.131546732,0.39070395599999996,0.0,1323.0
0.8752707400038584,0.0,0.1484006065,0.4066954745,0.0,1323.0
0.8682001124743541,0.0,0.15770258599999998,0.45791248149999997,0.0,1323.0
0.8301990735218587,0.0,0.157386524,0.48584816200000003,0.0,1323.0
0.7920698294393146,0.0,0.145578641,0.446556545,0.0,1323.0
0.7788615469985112,0.0,0.161223058,0.4593944605,0.0,1323.0
0.7736700573639365,0.0,0.168897609,0.506077315,0.0,1323.0
0.7765800014439022,0.0,0.185097839,0.544343138,0.0,1323.0
0.7839528805956355,0.0,0.2097035995,0.5801744705,0.0,1323.0
0.8226600343991881,0.0,0.2292797065,0.6309164869999999,0.0,1323.0
0.8480534920436581,0.014167336,0.2634801875,0.689610901,0.0,1323.0
0.8494580690659645,0.07113473549999999,0.265404458,0.719786197,0.0,1323.0
0.8511851543811497,0.042428416000000004,0.3037245595,0.725758201,0.0,1323.0
0.8666124991947398,0.000705163,0.3404141335,0.7479003375,0.0,1323.0
0.8762718767752273,0.0,0.381630919,0.7806440095,0.0,1323.0
0.8698829761232321,0.0,0.4245813515,0.800391003,0.0,1323.0
0.833088831271179,0.0,0.453525277,0.8261046620000001,0.0,1323.0
0.802150580532903,0.0,0.433084025,0.806212284,0.0,1323.0
0.7917420634656073,0.0,0.4642872745,0.825896752,0.0,1323.0
0.7893290733893006,0.0,0.4906880135,0.835350492,0.0,1323.0
0.8454021650241806,0.0,0.49882974700000005,0.852439216,0.0,1323.0
0.9036377512880464,0.0,0.5164946475,0.8682872925,0.0,1323.0
0.8963418844367295,0.00050463,0.536598232,0.8858786350000001,0.0,1323.0
0.8979848918762565,0.011115216,0.55016524,0.894600273,0.0,1323.0
0.8973491239068413,0.0413304975,0.499924367,0.8708115590000001,0.0,1323.0
0.897324149141349,0.0203372805,0.496492335,0.8739235385,0.0,1323.0
0.9064681242545629,0.000569571,0.5030859055,0.8837923295000001,0.0,1323.0
0.912135066985633,0.0,0.5262932929999999,0.9014951435,0.0,1323.0
0.9046259783240231,0.0,0.55408713,0.9160994579999999,0.0,1323.0
0.8689308963463531,0.0,0.5755425585,0.925417062,0.0,1323.0
0.80464065324963,0.0,0.5202656905,0.921701349,0.0,1323.0
0.793020078187735,0.0,0.581101264,0.931306704,0.0,1323.0
0.8072956420134021,0.0,0.6209177945,0.9340982115,0.0,1323.0
0.8746557686037008,0.0,0.648846986,0.93534663,0.0,1323.0
0.9063262581578797,0.0,0.680811349,0.9355563565,0.0,1323.0
0.8988145406558555,0.000605493,0.711778146,0.9336137755,0.0,1323.0
0.8992728592400102,0.016833537,0.72766254,0.929599884,0.0,1323.0
0.8983267411692442,0.03165353,0.596993271,0.926823569,0.0,1323.0
0.895902578599332,0.046633942,0.7150987529999999,0.9291965455,0.0,1323.0
0.8973705772954246,0.03189509,0.7615706790000001,0.9272524865,0.0,1323.0
0.9072993220773601,0.0,0.766393155,0.922069524,0.0,1323.0
0.9080580381212398,0.0,0.768783589,0.9186813125,0.0,1323.0
0.9008606604055907,0.0,0.7668507795,0.9237672674999999,0.0,1323.0
0.8663500328166132,0.0,0.7545257275,0.9232633880000001,0.0,1323.0
0.8073204751610199,0.0,0.728268936,0.923040704,0.0,1323.0
0.7968870780527704,0.0,0.731130602,0.9262667135,0.0,1323.0
0.7939183128478993,0.0,0.7096064805,0.9213213305,0.0,1323.0
0.8485082423575678,0.0,0.6620047265,0.920868199,0.0,1323.0
0.9080534841530727,0.0,0.6138613470000001,0.9297605615,0.0,1323.0
0.899904590318443,0.0007859075,0.5656166775,0.9243655405,0.0,1323.0
0.9003294842705862,0.028682388,0.528586379,0.906161383,0.0,1323.0
0.8998752497833721,0.080103617,0.426814822,0.854560336,0.0,1323.0
0.8985985024318044,0.0565733185,0.432929257,0.8145774365,0.0,1323.0
0.9073188512760575,0.0013066025,0.428401588,0.791585371,0.0,1323.0
0.9124320843737014,0.0,0.4078042865,0.7412660154999999,0.0,1323.0
0.9039143947721253,0.0,0.3800976775,0.6609365465,0.0,1323.0
0.8661702356383317,0.0,0.37336851449999997,0.598909607,0.0,1323.0
0.8001809803909345,0.0,0.3457396465,0.5072123385,0.0,1323.0
0.7865987151549821,0.0,0.35383523699999997,0.47238055050000005,0.0,1323.0
0.8003479147271597,0.0,0.347177867,0.44634114199999997,0.0,1323.0
0.8671913236484218,0.0,0.350597931,0.414074439,0.0,1323.0
0.8985246591830326,0.0,0.357412903,0.39597093149999996,0.0,1323.0
0.8919221609488122,0.0008106675,0.35419488050000003,0.396425317,0.0,1323.0
0.8943804055953062,0.014426681,0.333682271,0.385915962,0.0,1323.0
0.894194083365636,0.0284925315,0.271887545,0.3450307935,0.0,1323.0
0.8938585243447351,0.019383535,0.26485169,0.3259267885,0.0,1323.0
0.9014669946785074,0.001203945,0.2529105845,0.308596202,0.0,1323.0
0.9086977964009235,0.0,0.217922686,0.3029137515,0.0,1323.0
0.9032645431708077,0.0,0.174303345,0.2693428525,0.0,1323.0
0.8691017268935528,0.0,0.1521986575,0.21995555449999998,0.0,1323.0
0.8120890897578761,0.0,0.140864123,0.185898222,0.0,1323.0
0.8020769714381888,0.0,0.1209413255,0.167234222,0.0,1323.0
0.7989978868468517,0.0,0.100359949,0.1304004245,0.0,1323.0
0.8553549454544,0.0,0.086310214,0.098880253,0.0,1323.0
0.9142394914083334,0.0,0.08278116899999999,0.09047775599999999,0.0,1323.0
0.9030374731331587,0.0011360245,0.08851890000000001,0.0945668875,0.0,1323.0
0.900403843971298,0.045036041,0.082864387,0.105587421,0.0,1323.0
0.8977219096714341,0.060331147,0.07287862,0.081125163,0.0,1323.0
0.89383786908073,0.0787479105,0.0633967245,0.065622039,0.0,1323.0
0.8956678093011615,0.031100465,0.088120769,0.0564032335,0.0,1323.0
0.9078837802964252,0.0,0.0959891795,0.0825317025,0.0,1323.0
0.9080300590560231,0.0,0.085493246,0.101504483,0.0,1323.0
0.9002449840422821,0.0,0.0850960825,0.1129687255,0.0,1323.0
0.8648527404787854,0.0,0.09777915849999999,0.1289188625,0.0,1323.0
0.7955355483352227,0.0,0.104188112,0.141045763,0.0,1323.0
0.7835613174888321,0.0,0.106158796,0.16335355899999998,0.0,1323.0
0.7785973674505104,0.0,0.104944322,0.1687698465,0.0,1323.0
0.7809263271697393,0.0,0.10289446599999999,0.1624238925,0.0,1323.0
0.807407134671134,0.0,0.100552789,0.16737513199999998,0.0,1323.0
0.8434841566178224,0.0017173645,0.098088802,0.156664793,0.0,1323.0
0.8525118034324993,0.086694802,0.095051282,0.112500006,0.0,1323.0
0.8518496057536878,0.12631856349999998,0.0806706215,0.08748450099999999,0.0,1323.0
0.8539928059632783,0.063086971,0.087273987,0.080830086,0.0,1323.0
0.8683856837854043,0.0038435625,0.089693572,0.0721870355,0.0,1323.0
0.8791439366669309,0.0,0.09261610249999999,0.0636221245,0.0,1323.0
0.8749293136887613,0.0,0.08907383699999999,0.0483698925,0.0,1323.0
0.8367281033413729,0.0,0.08774454849999999,0.037277604,0.0,1323.0
0.7954923123668374,0.0,0.07579549099999999,0.068497952,0.0,1323.0
0.7842464478846656,0.0,0.0780002575,0.062976555,0.0,1323.0
0.7854348694495811,0.0,0.079752799,0.0625550435,0.0,1323.0
0.7922492039523277,0.0,0.07864816150000001,0.07173645049999999,0.0,1323.0
0.8329024149422146,0.0,0.077295239,0.075533379,0.0,1323.0
0.8565122192150764,0.002771676,0.074777505,0.077799201,0.0,1323.0
0.8587424078133772,0.039637623999999996,0.059684377,0.08192042899999999,0.0,1323.0
0.8568189072595103,0.07445260349999999,0.048150186,0.098511423,0.0,1323.0
0.8635811101280386,0.0257867355,0.065193464,0.1314767725,0.0,1323.0
0.8829792957224548,0.0,0.069465922,0.139639326,0.0,1323.0
0.8853100864701424,0.0,0.064241103,0.1611482985,0.0,1323.0
0.882758656949523,0.0,0.06196957,0.187389704,0.0,1323.0
0.8656744089504693,0.0,0.068609799,0.21745105050000002,0.0,1323.0
0.8239688918062491,0.0,0.09225673100000001,0.30270022399999996,0.0,1323.0
0.8045207101001344,0.0,0.1158680515,0.3408067815,0.0,1323.0
0.7993270142904134,0.0,0.10192259549999999,0.34639611400000003,0.0,1323.0
0.8504791570760547,0.0,0.0988969855,0.35778779250000003,0.0,1323.0
0.9083741617301151,0.0,0.096658276,0.35689936349999996,0.0,1323.0
0.9009848752253707,0.002092445,0.0851558615,0.3257791845,0.0,1323.0
0.8998578804917294,0.064351777,0.063462189,0.3050920045,0.0,1323.0
0.8979845633102825,0.07763381850000001,0.0541468185,0.2981812975,0.0,1323.0
0.8986542254703134,0.05226514,0.062449245,0.297085938,0.0,1323.0
0.911076517452549,0.0040636715,0.08202357099999999,0.289572629,0.0,1323.0
0.9191759791460008,0.0,0.09078132750000001,0.246277724,0.0,1323.0
0.9129721799338293,0.0,0.09629514,0.1950141515,0.0,1323.0
0.8776437338160508,0.0,0.110978807,0.1808305,0.0,1323.0
0.8245285631457882,0.0,0.194114947,0.2199618945,0.0,1323.0
0.8158416858268825,0.0,0.20229148749999998,0.2213562855,0.0,1323.0
0.8326506990176696,0.0,0.20731403399999998,0.2409602025,0.0,1323.0
0.90113908771217,0.0,0.2090303,0.253818941,0.0,1323.0
0.9279733634247163,0.0,0.1994754315,0.2692939475,0.0,1323.0
0.9134326577997942,0.003667855,0.1894943185,0.2904052815,0.0,1323.0
0.9102555061128131,0.05160654,0.182469015,0.312151288,0.0,1323.0
0.9059142739411288,0.084437558,0.1897831435,0.33098256699999995,0.0,1323.0
0.9045904413035373,0.054068438,0.193052819,0.353855884,0.0,1323.0
0.9106617634027534,0.0043854325,0.21462873,0.4651658295,0.0,1323.0
0.9129353286494473,0.0,0.268890566,0.5837720245,0.0,1323.0
0.9020088737485132,0.0,0.3113882955,0.652953429,0.0,1323.0
0.8619551899948938,0.0,0.356623955,0.729862631,0.0,1323.0
0.7978569497865602,0.0,0.40107323,0.752584703,0.0,1323.0
0.7837716284734504,0.0,0.449640528,0.8065982775,0.0,1323.0
0.7801964117623226,0.0,0.540011687,0.8828718485,0.0,1323.0
0.8352926839467556,0.0,0.6381857795,0.9210088895,0.0,1323.0
0.8946429657601049,0.0,0.718170396,0.933787157,0.0,1323.0
0.8882033177651689,0.0010185435,0.7679298324999999,0.9362281545,0.0,1323.0
0.8910485252822079,0.010006596,0.7711539709999999,0.9334186984999999,0.0,1323.0
0.8898252944813809,0.0145761625,0.7808234279999999,0.9151540965,0.0,1323.0
0.8881466559220738,0.0067361445,0.752665138,0.8979870114999999,0.0,1323.0
0.8943595624453349,0.0,0.716558106,0.901935544,0.0,1323.0
0.8909225266399277,0.0,0.689194651,0.911143793,0.0,1323.0
0.8713502239007047,0.0,0.7007726835000001,0.9284630195,0.0,1323.0
0.8322060882934853,0.0,0.7401398180000001,0.896898106,0.0,1323.0
0.776590235445544,0.0,0.748559031,0.919785824,0.0,1323.0
0.7607083744721015,0.0,0.820684151,0.9318116205,0.0,1323.0
0.753558246169152,0.0,0.872686773,0.9362855994999999,0.0,1323.0
0.8079360342909883,0.0,0.8712153425,0.935522941,0.0,1323.0
0.8711014653825482,0.0,0.8489240875,0.9344761185,0.0,1323.0
0.8627256887709913,0.001636808,0.8278217175,0.915646389,0.0,1323.0
0.8602620454510382,0.024229059,0.817837868,0.906952429,0.0,1323.0
0.8595407915553971,0.0401866975,0.7873738345,0.931419723,0.0,1323.0
0.8588742277943846,0.0477193255,0.8316719625,0.9368786505,0.0,1323.0
0.8679690518138143,0.0092394175,0.8221836155,0.9366453115,0.0,1323.0
0.87454164648031,0.0,0.8154307095,0.9265193625,0.0,1323.0
0.8649291190939219,0.0,0.7881155685000001,0.9211597615,0.0,1323.0
0.8282103202657474,0.0,0.762223702,0.915938477,0.0,1323.0
0.7751702133214806,0.0,0.735013341,0.918638506,0.0,1323.0
0.7624095227705402,0.0,0.6963114930000001,0.873067402,0.0,1323.0
0.7569739223726479,0.0,0.6481927045,0.8366534405,0.0,1323.0
0.811155318077226,0.0,0.6071477734999999,0.7783023855,0.0,1323.0
0.8715328378053664,0.0,0.5239825570000001,0.7137421455,0.0,1323.0
0.8647305911541436,0.003215254,0.4512685945,0.6833009405,0.0,1323.0
0.8658188569942309,0.086527943,0.404676988,0.677948583,0.0,1323.0
0.8655972322107547,0.141205399,0.3462588395,0.6360056205,0.0,1323.0
0.8651847784353994,0.083311074,0.32981533350000003,0.590287267,0.0,1323.0
0.874085910155856,0.004633953,0.3170216255,0.5261995749999999,0.0,1323.0
0.8790571833701448,0.0,0.289773924,0.46781378799999995,0.0,1323.0
0.8688590241808032,0.0,0.25687563999999996,0.41673611,0.0,1323.0
0.8330312775168338,0.0,0.218099444,0.3653310485,0.0,1323.0
0.7667271654058767,0.0,0.187899447,0.304141104,0.0,1323.0
0.7540374551092361,0.0,0.1599066585,0.237224267,0.0,1323.0
0.7538803321093847,0.0,0.11764256249999999,0.2056470085,0.0,1323.0
0.7612546433835985,0.0,0.0897070975,0.189954488,0.0,1323.0
0.8053907781217381,0.0,0.07287632499999999,0.170974054,0.0,1323.0
0.8305021939212923,0.006938884,0.068200271,0.18550666,0.0,1323.0
0.8330788789421752,0.048958217,0.062991266,0.196833555,0.0,1323.0
0.8336347009640759,0.07842149949999999,0.0578714385,0.208206855,0.0,1323.0
0.8347167228001677,0.053357927,0.070829286,0.2617447345,0.0,1323.0
0.8539574568287585,0.0055093445,0.0931318865,0.3024484065,0.0,1323.0
0.8641097981026366,0.0,0.098237831,0.28938738750000004,0.0,1323.0
0.8577314597056347,0.0,0.088511485,0.2270022555,0.0,1323.0
0.8193761312833638,0.0,0.08187317050000001,0.1915162515,0.0,1323.0
0.7812136501421518,0.0,0.067335377,0.147047257,0.0,1323.0
0.7704476517320122,0.0,0.067742936,0.1671165255,0.0,1323.0
0.7680954548016997,0.0,0.06647813550000001,0.2465755845,0.0,1323.0
0.770649254624141,0.0,0.0643772265,0.32981067350000004,0.0,1323.0
0.798113524485956,0.0,0.075205648,0.4068272545,0.0,1323.0
0.8335961124379073,0.003326599,0.09839854149999999,0.478188348,0.0,1323.0
0.8443918271550501,0.037355473,0.1040236765,0.5011172435,0.0,1323.0
0.8427348298702926,0.049226892,0.1249337305,0.504484232,0.0,1323.0
0.8486144776470932,0.0172137345,0.15300373299999998,0.5217078905,0.0,1323.0
0.866360783270195,0.0,0.18099076,0.526264412,0.0,1323.0
0.8686134112676235,0.0,0.1793807295,0.4944028655,0.0,1323.0
0.860840729849957,0.0,0.17134079400000002,0.465068354,0.0,1323.0
0.8215741629328354,0.0,0.169967733,0.4410796925,0.0,1323.0
0.7879511133371121,0.0,0.156896052,0.380317639,0.0,1323.0
0.7768305203378909,0.0,0.17831612549999998,0.3328959145,0.0,1323.0
0.773095317007195,0.0,0.1782653145,0.28717333050000005,0.0,1323.0
0.8275185938532765,0.0,0.164603793,0.26052849499999997,0.0,1323.0
0.8876676348679557,0.0,0.156558372,0.22531523650000002,0.0,1323.0
0.8823293972278012,0.002907933,0.159375294,0.229314803,0.0,1323.0
0.8851694408506834,0.031103363,0.177670345,0.230336466,0.0,1323.0
0.883569387081659,0.049533065,0.13904011300000002,0.1901083375,0.0,1323.0
0.8828563013798989,0.04312233,0.1334395875,0.1797431175,0.0,1323.0
0.8913057805602197,0.0043069075,0.17022789300000002,0.27788633399999996,0.0,1323.0
0.897009668674966,0.0,0.20125248299999998,0.3675946875,0.0,1323.0
0.8886939339781609,0.0,0.1901406465,0.386373604,0.0,1323.0
0.8553527861725898,0.0,0.183481587,0.34892025,0.0,1323.0
0.7945617331845001,0.0,0.203107914,0.346247801,0.0,1323.0
0.7818273547969938,0.0,0.2132842905,0.3818621725,0.0,1323.0
0.7797343848531595,0.0,0.2092713895,0.4584196115,0.0,1323.0
0.8339668796006978,0.0,0.1943124105,0.486612609,0.0,1323.0
0.8919976945460344,0.0,0.184197935,0.46512372199999996,0.0,1323.0
0.8870011652062373,0.0036218625,0.1575295735,0.463706685,0.0,1323.0
0.8908875529647178,0.033508289,0.131362941,0.476205329,0.0,1323.0
0.8901112328498932,0.06004446349999999,0.1056931425,0.441627888,0.0,1323.0
0.8907207593085006,0.062108243,0.09194659699999999,0.4116783015,0.0,1323.0
0.8985949347868039,0.011790307,0.1035466645,0.369707483,0.0,1323.0
0.9054766112462236,0.0,0.0981613325,0.31799781299999996,0.0,1323.0
0.8990316117837869,0.0,0.083027241,0.2336950655,0.0,1323.0
0.8814286275138945,0.0,0.070879149,0.154489637,0.0,1323.0
0.8280572813628364,0.0,0.0598669455,0.10277273,0.0,1323.0
0.7939338514237058,0.0,0.0543612245,0.065374236,0.0,1323.0
0.7888926780649557,0.0,0.050259184,0.058622982000000004,0.0,1323.0
0.845349305605388,0.0,0.0437144005,0.0718336785,0.0,1323.0
0.9054483039276552,0.0,0.0424491005,0.15758881349999998,0.0,1323.0
0.8991947905890454,0.014122624,0.051057389499999994,0.322147521,0.0,1323.0
0.8946196341371049,0.115500853,0.053695596,0.417386723,0.0,1323.0
0.8938868319759259,0.192974522,0.053854121000000005,0.454815535,0.0,1323.0
0.8927613862854826,0.163356593,0.0795122035,0.5288702625,0.0,1323.0
0.9009116887959248,0.030403252,0.145072122,0.6296987055,0.0,1323.0
0.9060637451990392,0.0,0.1945588295,0.717240323,0.0,1323.0
0.8987226234649126,0.0,0.23744192050000001,0.7686948215,0.0,1323.0
0.8636567375119328,0.0,0.280374972,0.822368472,0.0,1323.0
0.8183372041104044,0.0,0.32066097299999996,0.849479775,0.0,1323.0
0.805760136608716,0.0,0.35820037650000003,0.8663039435,0.0,1357.0
0.8206882746627872,0.0,0.387525963,0.880547847,0.0,1357.0
0.8875466122338661,0.0,0.423039504,0.892944039,0.0,1357.0
0.945800741998507,0.0,0.45337541800000003,0.8934060325,0.0,1357.0
0.9580020194358785,0.004290454,0.4746737525,0.884240514,0.0,1357.0
0.9597899441651491,0.042690281,0.483398739,0.874724425,0.0,1357.0
0.9591541289897756,0.065958471,0.5063789905,0.8794675574999999,0.0,1357.0
0.9570021972410279,0.0421996295,0.5680377075,0.8501357435,0.0,1357.0
0.9649149137269192,0.0085698885,0.5830655505,0.8299666685,0.0,1357.0
0.9709572707503743,0.0,0.5517478014999999,0.8069495425,0.0,1357.0
0.9532088530514204,0.0,0.5252945575,0.7630420145000001,0.0,1357.0
0.8959816798415547,0.0,0.4925451425,0.723735132,0.0,1357.0
0.8161054664689055,0.0,0.46160796000000004,0.671289563,0.0,1357.0
0.802164945212199,0.0,0.446052049,0.625025672,0.0,1357.0
0.8166892206626867,0.0,0.411851429,0.5769673625,0.0,1357.0
0.9011520915468563,0.0,0.3942838405,0.5575288515,0.0,1357.0
0.9476668294780366,0.0,0.379048348,0.560764437,0.0,1357.0
0.9463732289741441,0.0042943905,0.3601084375,0.5571394590000001,0.0,1357.0
0.9481935460567904,0.036508713,0.335050064,0.53438498,0.0,1357.0
0.9476034546975864,0.065509119,0.296439196,0.510251642,0.0,1357.0
0.9454287074651566,0.074736073,0.284881902,0.515755693,0.0,1357.0
0.9442473508502381,0.0757717415,0.2781043385,0.529882453,0.0,1357.0
0.9589457897136238,0.014263779,0.31610327299999996,0.542148683,0.0,1357.0
0.9669149807818886,0.0,0.32302034199999996,0.5486439105,0.0,1357.0
0.9493008709117265,0.0,0.306265662,0.558305771,0.0,1357.0
0.8945010527700858,0.0,0.2961120145,0.550630317,0.0,1357.0
0.8093417145571791,0.0,0.324733772,0.5523065039999999,0.0,1357.0
0.7975061810684492,0.0,0.3248347285,0.5458008545,0.0,1357.0
0.8008080637145283,0.0,0.34268533,0.5691539105,0.0,1357.0
0.808605250339083,0.0,0.353828888,0.5910859035,0.0,1357.0
0.8738845654896972,0.0,0.364147243,0.6260151565000001,0.0,1357.0
0.8977476347303018,0.012602972,0.354742692,0.650257606,0.0,1357.0
0.9005130366672118,0.062908536,0.335182905,0.646840352,0.0,1357.0
0.9011029404530719,0.110683897,0.321044643,0.5917971559999999,0.0,1357.0
0.9026536086616324,0.110115964,0.328655276,0.6156083489999999,0.0,1357.0
0.921599578370637,0.018362439,0.365000893,0.6753751895,0.0,1357.0
0.9352869287588944,0.0,0.377699074,0.736050857,0.0,1357.0
0.9326770535726796,0.0,0.35615539249999995,0.7572143339999999,0.0,1357.0
0.9080855945211883,0.0,0.312476674,0.7349034875,0.0,1357.0
0.8669801679585117,0.0,0.282891693,0.707565541,0.0,1357.0
0.8313909454984347,0.0,0.334376893,0.7442986565,0.0,1357.0
0.822475354999388,0.0,0.31609591000000004,0.7070508950000001,0.0,1357.0
0.8262940018952174,0.0,0.294481941,0.666758,0.0,1357.0
0.8297265781443741,0.0,0.28362985549999997,0.642554347,0.0,1357.0
0.8889930171739897,0.0,0.28377248600000005,0.629695691,0.0,1357.0
0.9075132013322232,0.030322909,0.281798323,0.600825007,0.0,1357.0
0.9091132544760031,0.122794132,0.282679195,0.576032993,0.0,1357.0
0.9050654251540509,0.15771817249999998,0.281897115,0.5678327295,0.0,1357.0
0.9028465503546078,0.14089538350000003,0.309345408,0.516039821,0.0,1357.0
0.921599578370637,0.0406371695,0.360926089,0.533861743,0.0,1357.0
0.93569102614178,0.0,0.36647952,0.484656874,0.0,1357.0
0.9268515797911898,0.0,0.3563271315,0.449813507,0.0,1357.0
0.8811688371821403,0.0,0.3468155545,0.408013367,0.0,1357.0
0.8445750040923659,0.0,0.374729354,0.392458773,0.0,1357.0
0.8330985019275448,0.0,0.3827963205,0.4163259255,0.0,1357.0
0.82558561052901,0.0,0.37534246400000004,0.42547999999999997,0.0,1357.0
0.8832505405330751,0.0,0.3683010155,0.4129992385,0.0,1357.0
0.956396426000765,0.0,0.367533562,0.387281269,0.0,1357.0
0.9849186354696742,0.0,0.3492800625,0.3738457965,0.0,1357.0
0.9758625875497567,0.086090472,0.332548303,0.34665561,0.0,1357.0
0.9742217859727536,0.210261868,0.299187348,0.347485941,0.0,1357.0
0.9731430029030658,0.317131796,0.313287751,0.378065764,0.0,1357.0
0.969284077757862,0.3501628785,0.30276230000000004,0.3520260595,0.0,1357.0
0.9717140150857875,0.2228028855,0.3263832205,0.318736613,0.0,1357.0
0.9912262755976364,0.005245771,0.377375252,0.331363142,0.0,1357.0
0.9933222970471536,0.0,0.409987318,0.3525983155,0.0,1357.0
0.9758674697712755,0.0,0.4224059585,0.396854617,0.0,1357.0
0.9153484125124258,0.0,0.4274857515,0.44765948050000004,0.0,1357.0
0.8458633469154295,0.0,0.4834813705,0.523480285,0.0,1357.0
0.8374682761970995,0.0,0.5022944275000001,0.575131106,0.0,1357.0
0.8509469581179867,0.0,0.5011096165,0.6481849625,0.0,1357.0
0.9138041286752465,0.0,0.490520982,0.677305268,0.0,1357.0
0.9710203172774726,0.0,0.4810038335,0.6978109809999999,0.0,1357.0
0.9780027365662869,0.0193677345,0.448398604,0.7035577955,0.0,1357.0
0.9735762060417203,0.09429454,0.424772452,0.642927499,0.0,1357.0
0.9730292568642296,0.084357142,0.3163757065,0.5312982115,0.0,1357.0
0.9725629579721597,0.0724899705,0.292276069,0.46224580299999996,0.0,1357.0
0.9842839469848529,0.017315749,0.2758481705,0.3738445495,0.0,1357.0
0.9926738066030678,0.0,0.2873885945,0.30041280150000005,0.0,1357.0
0.9738152473227975,0.0,0.300408999,0.251351123,0.0,1357.0
0.9117905888522311,0.0,0.314367683,0.23814657449999999,0.0,1357.0
0.8389210183026461,0.0,0.302933389,0.249811853,0.0,1357.0
0.8318855520216953,0.0,0.323369959,0.27885079850000005,0.0,1357.0
0.8302788791019877,0.0,0.316319509,0.319368494,0.0,1357.0
0.8854592288494565,0.0,0.277729417,0.332140987,0.0,1357.0
0.9555289874448202,0.0,0.264708053,0.327536417,0.0,1357.0
0.9812642002829836,0.000641528,0.2599386045,0.3341989655,0.0,1357.0
0.9733929350051106,0.035227308,0.234395945,0.315018384,0.0,1357.0
0.9735702912289435,0.076607873,0.205109953,0.291944152,0.0,1357.0
0.9681182600313722,0.134686485,0.1417366125,0.3017746655,0.0,1357.0
0.965821880238863,0.10966485449999999,0.1355839825,0.310326115,0.0,1357.0
0.9717234040695152,0.047471643,0.161813816,0.31274533,0.0,1357.0
0.9864299639208238,0.004927061,0.182666845,0.32073207,0.0,1357.0
0.9889966975505698,0.0,0.192409283,0.313692983,0.0,1357.0
0.990038299832035,0.0,0.192947976,0.308077528,0.0,1357.0
0.9727121941381458,0.0,0.181022027,0.301905119,0.0,1357.0
0.9102386535857327,0.0,0.158920525,0.2758754805,0.0,1357.0
0.8316101759081764,0.0,0.167368727,0.2742572115,0.0,1357.0
0.8226251076173143,0.0,0.16764447799999999,0.312666856,0.0,1357.0
0.8389857545529504,0.0,0.199030302,0.4037773905,0.0,1357.0
0.9239493346591234,0.0,0.21827065550000002,0.4080501045,0.0,1357.0
0.9689246243939296,0.0010322445,0.2572359865,0.45093298000000004,0.0,1357.0
0.9596979331875343,0.067162245,0.273004731,0.488368921,0.0,1357.0
0.9551434798308014,0.129128083,0.27901109,0.516482066,0.0,1357.0
0.9489803343273143,0.1645750875,0.3035078805,0.580661348,0.0,1357.0
0.9472391187995131,0.12817977600000002,0.32105317899999997,0.5607856295,0.0,1357.0
0.9631603661110797,0.032827584,0.37199638,0.58762694,0.0,1357.0
0.9754097614257329,0.0,0.420514336,0.657697571,0.0,1357.0
0.9610803996893094,0.0,0.425786236,0.6745976065,0.0,1357.0
0.90288391809093,0.0,0.3901763875,0.6373204219999999,0.0,1357.0
0.8213018852183349,0.0,0.36925301050000003,0.630531669,0.0,1357.0
0.8121117167303475,0.0,0.35412944150000003,0.6320980595,0.0,1357.0
0.8281740320140193,0.0,0.334629804,0.6542995015,0.0,1357.0
0.9167627542903922,0.0,0.31694857649999997,0.6601710425,0.0,1357.0
0.9681874092572136,0.000939991,0.3108003065,0.6628384254999999,0.0,1357.0
0.9635246544905728,0.027599758,0.30507079,0.67884675,0.0,1357.0
0.9633190384667517,0.074778704,0.283926518,0.686384734,0.0,1357.0
0.962339871223284,0.1123812685,0.234416869,0.6503897949999999,0.0,1357.0
0.961940186503313,0.103540108,0.2319595995,0.6203375645,0.0,1357.0
0.9752564411628061,0.028484915,0.27988266149999996,0.618055465,0.0,1357.0
0.9847345194151501,0.0,0.304526395,0.643978361,0.0,1357.0
0.9666691330894068,0.0,0.29717348099999996,0.645275607,0.0,1357.0
0.9053995754991391,0.0,0.293025359,0.62801873,0.0,1357.0
0.8193467907482926,0.0,0.277569228,0.598395885,0.0,1357.0
0.8079330062319737,0.0,0.27378696950000003,0.5905690809999999,0.0,1357.0
0.8035321076048476,0.0,0.25594750850000003,0.5714249885,0.0,1357.0
0.8086478760688562,0.0,0.237337758,0.554441786,0.0,1357.0
0.8129148889072142,0.0,0.2273892395,0.571162002,0.0,1357.0
0.8741483933376782,0.001181016,0.2243047795,0.610487853,0.0,1357.0
0.8961271135832383,0.041822264,0.224307158,0.636630256,0.0,1357.0
0.8978004941490944,0.070711095,0.21370166,0.641098066,0.0,1357.0
0.896248417889966,0.1048960005,0.167359959,0.626668199,0.0,1357.0
0.8969200048651274,0.09294514400000001,0.1511326525,0.5729968225,0.0,1357.0
0.9178898893914192,0.0316702425,0.1519412825,0.5398632784999999,0.0,1357.0
0.9297932106361362,0.0,0.157363188,0.533844615,0.0,1357.0
0.9264064995084013,0.0,0.154860785,0.53777451,0.0,1357.0
0.9014460102232837,0.0,0.14776906750000002,0.539504333,0.0,1357.0
0.8611429105069376,0.0,0.142819105,0.520845514,0.0,1357.0
0.8162960137881463,0.0,0.11262878500000001,0.4623676235,0.0,1357.0
0.8047135576938158,0.0,0.119199661,0.427925099,0.0,1357.0
0.8065101676941522,0.0,0.117884898,0.39415177349999997,0.0,1357.0
0.8131041219625592,0.0,0.12328799800000001,0.3566077435,0.0,1357.0
0.8741483933376782,0.001093469,0.1323351955,0.3544839055,0.0,1357.0
0.8948706929297018,0.037232465,0.119253964,0.376657416,0.0,1357.0
0.8956696872229559,0.090186088,0.095951993,0.370167882,0.0,1357.0
0.895141421601004,0.15002241300000002,0.0721535845,0.287666982,0.0,1357.0
0.8944818052440264,0.104103666,0.0783745485,0.292470016,0.0,1357.0
0.9141194075788298,0.026823303,0.1354996235,0.341318321,0.0,1357.0
0.9255119734858677,0.0,0.186221117,0.403651529,0.0,1357.0
0.9212536449807086,0.0,0.20196656600000001,0.4405360735,0.0,1357.0
0.8963993909851165,0.0,0.2053163895,0.492357512,0.0,1357.0
0.8404153529214631,0.0,0.2021863465,0.515756871,0.0,1357.0
0.8114879196917384,0.0,0.2121014065,0.5474604795,0.0,1357.0
0.8075981515489792,0.0,0.223593868,0.5683266625000001,0.0,1357.0
0.8630040222908987,0.0,0.247445939,0.6208323659999999,0.0,1357.0
0.9340022476801253,0.0,0.256947896,0.649130742,0.0,1357.0
0.9625597590775959,0.001577205,0.27228874999999997,0.6442132675000001,0.0,1357.0
0.9587718135614475,0.03395753,0.281344034,0.65499911,0.0,1357.0
0.9597899441651491,0.068985203,0.301364437,0.656620086,0.0,1357.0
0.9581602219203241,0.0950293895,0.261292307,0.644356744,0.0,1357.0
0.9541976434326733,0.066139241,0.30249374149999997,0.670018905,0.0,1357.0
0.9646167696482986,0.017895868000000002,0.3296955615,0.7177137695,0.0,1357.0
0.9713735741559902,0.0,0.372267958,0.757432905,0.0,1357.0
0.9680898120327959,0.0,0.394534369,0.773593763,0.0,1357.0
0.9513252549749958,0.0,0.4024155545,0.797772748,0.0,1357.0
0.8935222144052143,0.0,0.39428810599999997,0.801585512,0.0,1357.0
0.8119446886074504,0.0,0.379388401,0.7701931785,0.0,1357.0
0.7981470660386852,0.0,0.41053323399999997,0.8012087545,0.0,1357.0
0.8115928869854591,0.0,0.424932749,0.8125827864999999,0.0,1357.0
0.8980489241012769,0.0,0.443665865,0.8180523675,0.0,1357.0
0.9449268712399788,0.001833646,0.4543398535,0.8380319525,0.0,1357.0
0.9423660530482539,0.048528611,0.452717534,0.838493565,0.0,1357.0
0.9434005206649625,0.086875338,0.46298828,0.84053598,0.0,1357.0
0.9401685847440584,0.1121929585,0.454970462,0.82794908,0.0,1357.0
0.9381582371067334,0.123582469,0.44361416,0.847283612,0.0,1357.0
0.9523239976852524,0.037266505,0.4409670145,0.8525268275,0.0,1357.0
0.9616917565511306,0.0,0.463819112,0.846056023,0.0,1357.0
0.9598470289861347,0.0,0.468165704,0.836931316,0.0,1357.0
0.9446146441547001,0.0,0.450151353,0.8092374515,0.0,1357.0
0.8897246457512806,0.0,0.412585207,0.7605288475,0.0,1357.0
0.8112683131974422,0.0,0.393099067,0.74292758,0.0,1357.0
0.7988052268265142,0.0,0.4053977355,0.697169046,0.0,1357.0
0.7954633476036987,0.0,0.404943646,0.661738606,0.0,1357.0
0.8491381896135004,0.0,0.387331292,0.6470465115,0.0,1357.0
0.92048525921833,0.0,0.36931087,0.616559981,0.0,1357.0
0.9474039407472639,0.002494523,0.355217805,0.5761889010000001,0.0,1357.0
0.9456118847150945,0.050741707,0.341104889,0.555170864,0.0,1357.0
0.9436593718795083,0.095243644,0.341236233,0.557011495,0.0,1357.0
0.939275044732069,0.165540696,0.3482457075,0.5852013825,0.0,1357.0
0.9358648144079902,0.179886205,0.31603767650000003,0.6042046965000001,0.0,1357.0
0.953703224795379,0.065854335,0.2995246465,0.604222715,0.0,1357.0
0.9650463113552806,0.0,0.31732688,0.607404866,0.0,1357.0
0.9640767209815068,0.0,0.323236615,0.616282523,0.0,1357.0
0.9488168269560817,0.0,0.329318239,0.6291596934999999,0.0,1357.0
0.8930444144535649,0.0,0.342601298,0.643746885,0.0,1357.0
0.809747079623247,0.0,0.3596435615,0.6164090875,0.0,1357.0
0.800837216051011,0.0,0.3553186625,0.627307034,0.0,1357.0
0.8171176822598303,0.0,0.342590002,0.6389025845,0.0,1357.0
0.8834656402651624,0.0,0.345557777,0.640783976,0.0,1357.0
0.9405285548725532,0.0,0.3560091095,0.6578037075,0.0,1357.0
0.9518005204981472,0.040817296,0.35934659599999996,0.6934029859999999,0.0,1357.0
0.9505866786810478,0.149369875,0.382637239,0.710682179,0.0,1357.0
0.950206757313832,0.191331063,0.348938081,0.7022862325,0.0,1357.0
0.9533986960327552,0.19022886249999998,0.29044582799999996,0.6949272465,0.0,1357.0
0.9706549487881411,0.062579755,0.2543368425,0.6912286089999999,0.0,1357.0
0.9804184495823021,0.0,0.267932474,0.7154792754999999,0.0,1357.0
0.9654650554027228,0.0,0.25390908349999997,0.7233715755,0.0,1357.0
0.9053747889322352,0.0,0.22298057300000002,0.6864490809999999,0.0,1357.0
0.8253258201972558,0.0,0.19670508250000002,0.6218544145,0.0,1357.0
0.8147432331911117,0.0,0.171413011,0.5654217175,0.0,1357.0
0.8305074512894988,0.0,0.1431132995,0.5056115145,0.0,1357.0
0.9198748874291863,0.0,0.129124611,0.4588673445,0.0,1357.0
0.9727366990324118,0.0030922735,0.118307995,0.446248716,0.0,1357.0
0.96646788220992,0.043703917,0.093732293,0.413252379,0.0,1357.0
0.9644544361735764,0.086827927,0.075106677,0.374715674,0.0,1357.0
0.9619123015373905,0.1277356615,0.0569147085,0.30769662,0.0,1357.0
0.9590385519224809,0.087475894,0.0433648125,0.216890503,0.0,1357.0
0.9711776750566263,0.031499921,0.046791927,0.1548733565,0.0,1357.0
0.9802013784543706,0.0,0.062601614,0.158753671,0.0,1357.0
0.9787768970866788,0.0,0.065855293,0.156395179,0.0,1357.0
0.961889721458255,0.0,0.061045024999999996,0.1386375445,0.0,1357.0
0.9033628919390898,0.0,0.043792344,0.09360070449999999,0.0,1357.0
0.8177941511438882,0.0,0.036957205,0.09127638,0.0,1357.0
0.8081263702775952,0.0,0.023478275,0.0845711895,0.0,1357.0
0.8044700102757742,0.0,0.0199027045,0.0897779065,0.0,1357.0
0.8049023215031786,0.0,0.025420872,0.100538977,0.0,1357.0
0.8436157887128637,0.0,0.028876769,0.0859308625,0.0,1357.0
0.8915104115113632,0.033187452,0.020512569,0.079568158,0.0,1357.0
0.8963547938594992,0.106892023,0.009635093,0.078480095,0.0,1357.0
0.895141374707668,0.2073259025,0.007784699,0.075995106,0.0,1357.0
0.8951683677623403,0.183313002,0.0081202205,0.073279522,0.0,1357.0
0.915263396144804,0.0720220025,0.022165058,0.087945069,0.0,1357.0
0.9290190973217023,0.0,0.040220468,0.103860405,0.0,1357.0
0.9266061541387317,0.0,0.042223834,0.10159974199999999,0.0,1357.0
0.9032025767535476,0.0,0.036672124,0.071135219,0.0,1357.0
0.8636076805174429,0.0,0.031673281,0.053921982,0.0,1357.0
0.8208450222033288,0.0,0.025288829,0.051904184,0.0,1357.0
0.8102217814885002,0.0,0.022732846,0.055190441,0.0,1357.0
0.8122717036625378,0.0,0.0279408825,0.056742702000000006,0.0,1357.0
0.8180032416512824,0.0,0.038674165499999996,0.071696059,0.0,1357.0
0.8787010631845329,0.0056786125,0.0398140525,0.070068213,0.0,1357.0
0.9007900087172649,0.06380561,0.023191493,0.048977621,0.0,1357.0
0.9021125270909602,0.116021199,0.01399036,0.033108918,0.0,1357.0
0.8997862903114398,0.1786988035,0.0112335325,0.025475962499999998,0.0,1357.0
0.8996326880632527,0.161421888,0.014505287999999998,0.030754590000000002,0.0,1357.0
0.9194161936983439,0.0603344485,0.037812485,0.050951421999999996,0.0,1357.0
0.9334042694870559,0.0,0.060160217,0.077994865,0.0,1357.0
0.9304171020866618,0.0,0.063793614,0.089652601,0.0,1357.0
0.9060151105571952,0.0,0.057320229,0.075503661,0.0,1357.0
0.8662546886606776,0.0,0.057582305,0.063241206,0.0,1357.0
0.8478646344476232,0.0,0.08040523150000001,0.0801712275,0.0,1357.0
0.8407663095255402,0.0,0.0869479465,0.0914950405,0.0,1357.0
0.858212264582253,0.0,0.1006951975,0.11809135800000001,0.0,1357.0
0.9451389663597194,0.0,0.117903466,0.1484363525,0.0,1357.0
0.9919932067287334,0.0084992775,0.1170654655,0.159447047,0.0,1357.0
0.9794143081985864,0.1397720985,0.078876707,0.131266663,0.0,1357.0
0.9731546452678979,0.28000561700000004,0.081906407,0.16348504549999998,0.0,1357.0
0.9686248843787748,0.325442303,0.097312322,0.1878242065,0.0,1357.0
0.9829432611949367,0.14002992949999998,0.1700846405,0.251440787,0.0,1357.0
0.994548344574361,0.0,0.21271067500000002,0.3079534945,0.0,1357.0
0.9804169471198175,0.0,0.17924011750000002,0.2860350145,0.0,1357.0
0.9168660318609069,0.0,0.146434435,0.2298976665,0.0,1357.0
0.8516183572071818,0.0,0.17619454,0.225143651,0.0,1357.0
0.8450213517457146,0.0,0.1591945675,0.21743019549999998,0.0,1357.0
0.8612229977597048,0.0,0.1365771155,0.202381395,0.0,1357.0
0.9460971957286771,0.0,0.1074975625,0.168725393,0.0,1357.0
0.9930620371567952,0.009932533,0.077584813,0.116431033,0.0,1357.0
0.9825086031123782,0.086667466,0.048474584,0.084893134,0.0,1357.0
0.9807413333344905,0.130941979,0.031570507,0.070810861,0.0,1357.0
0.976085432810457,0.2153720155,0.037974121,0.075803535,0.0,1357.0
0.9705528448015146,0.2289487745,0.029917365,0.045945378,0.0,1357.0
0.9834012981064533,0.1034891515,0.053379367,0.046796285,0.0,1357.0
0.9969586589169173,0.0,0.073401074,0.057096355,0.0,1357.0
0.9963236418661221,0.0,0.0731791435,0.063182101,0.0,1357.0
0.9522752692567364,0.0,0.055821177,0.0587379645,0.0,1357.0
0.8983201692245193,0.0,0.047604399,0.058438944,0.0,1357.0
0.8518609661332596,0.0,0.07375470849999999,0.064619205,0.0,1357.0
0.8442176631169076,0.0,0.0799842465,0.0564202615,0.0,1357.0
0.8611764289256212,0.0,0.092397068,0.0660347315,0.0,1357.0
0.9460971957286771,0.0,0.1082373765,0.0707065865,0.0,1357.0
0.9930620371567952,0.017640099,0.120849936,0.07972359500000001,0.0,1357.0
0.9820699540943065,0.11718895,0.107772756,0.071798002,0.0,1357.0
0.9808225469651876,0.204336517,0.085148842,0.057940409,0.0,1357.0
0.9782790983777279,0.29752980100000004,0.0900745335,0.056032273,0.0,1357.0
0.9728142984373946,0.3368998675,0.10665991999999999,0.064111714,0.0,1357.0
0.9777147323900138,0.223781057,0.146354504,0.078755177,0.0,1357.0
0.9942062132961131,0.118710266,0.175047128,0.090326475,0.0,1357.0
0.9995719607555024,0.00128352,0.183836209,0.105756546,0.0,1357.0
0.9990069379484626,0.0,0.179210903,0.116533765,0.0,1357.0
0.9810103247640063,0.0,0.17091518449999998,0.1381324075,0.0,1357.0
0.916694496975801,0.0,0.174008306,0.1717306485,0.0,1357.0
0.8518609661332596,0.0,0.2006680645,0.170942497,0.0,1357.0
0.8442176631169076,0.0,0.204226503,0.16697350249999998,0.0,1357.0
0.8611764289256212,0.0,0.1947574765,0.19361653,0.0,1357.0
0.9460971957286771,0.0,0.19104009649999998,0.1870213565,0.0,1357.0
0.9930620371567952,0.03338908,0.183083216,0.1677263595,0.0,1357.0
0.9820699540943065,0.210222641,0.153931918,0.156758916,0.0,1357.0
0.9807651807841862,0.304966656,0.125717361,0.137113908,0.0,1357.0
0.977831811919793,0.41117304,0.139265958,0.111495584,0.0,1357.0
0.9705416247893286,0.461893785,0.12256141849999999,0.08311557350000001,0.0,1357.0
0.9704039372015024,0.351748,0.110084621,0.063161793,0.0,1357.0
0.9917281111975699,0.146038402,0.12500375,0.05594991,0.0,1357.0
0.9969586589169173,0.001515861,0.129443634,0.04948605,0.0,1357.0
0.9962160920000784,0.0,0.1099838265,0.043519903,0.0,1357.0
0.9520846750441596,0.0,0.0810487885,0.051586347500000004,0.0,1357.0
0.8764418157237992,0.0,0.08465679749999999,0.066809983,0.0,1357.0
0.8468006393477442,0.0,0.1149481115,0.09581704199999999,0.0,1357.0
0.845196313595813,0.0,0.131938529,0.139629426,0.0,1357.0
0.9005780076968184,0.0,0.1387142835,0.200922954,0.0,1357.0
0.9671177807045735,0.0,0.146553461,0.243202227,0.0,1357.0
0.9930620371567952,0.0280558855,0.148957952,0.273718986,0.0,1357.0
0.9819095920154285,0.185068082,0.125746089,0.290743766,0.0,1357.0
0.9805328999590446,0.299039145,0.089846299,0.290349351,0.0,1357.0
0.9735365852369161,0.3914483955,0.07780227649999999,0.29844253249999997,0.0,1357.0
0.9721228071168481,0.372045874,0.0991354625,0.29167272099999997,0.0,1357.0
0.9847183706007314,0.1904383775,0.191725027,0.3411563085,0.0,1357.0
0.9976455493759608,0.00192367,0.265433235,0.433141621,0.0,1357.0
0.9986184260347195,0.0,0.271375804,0.475377832,0.0,1357.0
0.9936282341729675,0.0,0.266600685,0.475558523,0.0,1357.0
0.952370191060026,0.0,0.23769781,0.42101712300000005,0.0,1357.0
0.869015865820639,0.0,0.22089268,0.36151170499999996,0.0,1357.0
0.8302323099552821,0.0,0.21529103049999998,0.317208965,0.0,1357.0
0.8285565039618822,0.0,0.2130623123333333,0.3220211396666667,0.0,1357.0
0.8325888263870818,0.0,0.208724962,0.29939861700000003,0.0,1357.0
0.8901508070739839,0.0701790515,0.196072053,0.28003965249999996,0.0,1357.0
0.9082173672962376,0.327843214,0.146653364,0.260201187,0.0,1357.0
0.9086751694284521,0.439098934,0.108135573,0.239201426,0.0,1357.0
0.9081816895957437,0.534483638,0.12352480299999999,0.23924881850000002,0.0,1357.0
0.9087056832347891,0.5048942240000001,0.1470611725,0.288610861,0.0,1357.0
0.9176201470432837,0.353556575,0.2202179,0.378135983,0.0,1357.0
0.936237928738557,0.191440431,0.294958666,0.463973165,0.0,1357.0
0.9391700771257261,0.003367611,0.350948465,0.536245753,0.0,1357.0
0.9377778933868716,0.0,0.358254301,0.57344982,0.0,1357.0
0.9327272372577219,0.0,0.348196333,0.584436864,0.0,1357.0
0.9091389801601155,0.0,0.332607597,0.572954502,0.0,1357.0
0.8668991419011586,0.0,0.322892449,0.55433956,0.0,1357.0
0.8361629867476614,0.0,0.3693268255,0.6029724795,0.0,1357.0
0.8268617945353016,0.0,0.3822294375,0.554260717,0.0,1357.0
0.8296763475659958,0.0,0.4140943815,0.6058493115,0.0,1357.0
0.8325888263870818,0.0,0.445369448,0.669389891,0.0,1357.0
0.8900578569791606,0.0530309525,0.4384296855,0.7043661889999999,0.0,1357.0
0.9077173155188043,0.219914605,0.43237759,0.720714147,0.0,1357.0
0.9080924015578374,0.301607668,0.353949106,0.720524637,0.0,1357.0
0.9018789320019225,0.362101894,0.29999677999999996,0.6915137929999999,0.0,1357.0
0.9001587475100585,0.2998952735,0.3244086275,0.7372452065,0.0,1357.0
0.9092237620610575,0.17243976,0.376995617,0.799214307,0.0,1357.0
0.9283349291771229,0.079360966,0.408116551,0.82514349,0.0,1357.0
0.93183078673268,0.002947768,0.436994969,0.845365422,0.0,1357.0
0.9310207137324923,0.0,0.427465645,0.846340084,0.0,1357.0
0.92717427534479,0.0,0.411357042,0.84300423,0.0,1357.0
0.903861582559291,0.0,0.378346023,0.8258831609999999,0.0,1357.0
0.8506249662770483,0.0,0.347488028,0.7996471315,0.0,1357.0
0.8285433908136195,0.0,0.332036283,0.767119585,0.0,1357.0
0.826396340661146,0.0,0.34215302999999997,0.7524745075,0.0,1357.0
0.8853031384408631,0.0,0.35888450400000005,0.7464868634999999,0.0,1357.0
0.956396426000765,0.0,0.360126159,0.757117428,0.0,1357.0
0.9831652145443868,0.0483231525,0.3612001435,0.766885262,0.0,1357.0
0.9733929350051106,0.214409589,0.396088976,0.753333961,0.0,1357.0
0.9735818394944813,0.305006932,0.412188335,0.74255134,0.0,1357.0
0.9732515384670315,0.354581253,0.395391517,0.713351339,0.0,1357.0
0.9724390248250177,0.383370798,0.438561352,0.7508703640000001,0.0,1357.0
0.9761452396332845,0.2623510235,0.4636102055,0.825748955,0.0,1357.0
0.9949810781544114,0.132494133,0.465971195,0.849970999,0.0,1357.0
0.9990957564277648,0.003826143,0.499790336,0.867790439,0.0,1357.0
0.9986184260347195,0.0,0.526957806,0.880898797,0.0,1357.0
0.9810380218439625,0.0,0.524547643,0.885143486,0.0,1357.0
0.91714225299234,0.0,0.4895199005,0.8859009025,0.0,1357.0
0.854808699989571,0.0,0.459473862,0.896301933,0.0,1357.0
0.8468163186035587,0.0,0.4357252025,0.8899801165000001,0.0,1357.0
0.8452320381896428,0.0,0.3934044715,0.857319156,0.0,1357.0
0.9005780076968184,0.0,0.369703738,0.8278489005,0.0,1357.0
0.9812768752390736,0.001245725,0.3552718095,0.7940113520000001,0.0,1357.0
0.9906881045400168,0.212174109,0.329526118,0.757557291,0.0,1357.0
0.9820699540943065,0.413317322,0.288833499,0.714797085,0.0,1357.0
0.9807979479716274,0.545853702,0.254508847,0.664001509,0.0,1357.0
0.9802984595394704,0.675197813,0.20566793700000002,0.614205298,0.0,1357.0
0.9798291560350539,0.662385247,0.19241433400000002,0.576840798,0.0,1357.0
0.9842646997714157,0.487068877,0.216031461,0.605330539,0.0,1357.0
0.9973590010814586,0.283431135,0.243451001,0.629486271,0.0,1357.0
0.9992035410731105,0.008412871,0.290756589,0.653447567,0.0,1357.0
0.9980780015959954,0.0,0.306045784,0.65469937,0.0,1357.0
0.9804332369268662,0.0,0.291818372,0.6293935745,0.0,1357.0
0.9350353066210213,0.0,0.257435271,0.582773844,0.0,1357.0
0.876262957350104,0.0,0.239575907,0.5560866415,0.0,1357.0
0.8467182987138726,0.0,0.1975816475,0.4828391745,0.0,1357.0
0.8452320381896428,0.0,0.166836014,0.430772798,0.0,1357.0
0.9005780076968184,0.0,0.16008358550000001,0.4068199815,0.0,1357.0
0.9812768752390736,0.0019672235,0.1623196125,0.391222634,0.0,1357.0
0.9906881045400168,0.231470674,0.15176813,0.381800466,0.0,1357.0
0.9820699540943065,0.393065421,0.116570596,0.368309116,0.0,1357.0
0.9807979479716274,0.551224339,0.092592744,0.351225895,0.0,1357.0
0.9805177837358838,0.6808935325000001,0.0787184855,0.3083751695,0.0,1357.0
0.9797342814377226,0.644919884,0.09099613000000001,0.320401237,0.0,1357.0
0.9841077177641943,0.467806099,0.125874737,0.361399034,0.0,1357.0
0.997927967305431,0.273830842,0.168709401,0.412276706,0.0,1357.0
1.0,0.010957751,0.204186986,0.454640857,0.0,1357.0
0.9984358121300577,0.0,0.218316579,0.478354304,0.0,1357.0
0.9804332369268662,0.0,0.21634534700000002,0.4688969595,0.0,1357.0
0.9165155917087697,0.0,0.20467399349999998,0.42309970249999995,0.0,1357.0
0.8461497079492102,0.0,0.210009209,0.44137181,0.0,1357.0
0.836923908654065,0.0,0.19833513149999998,0.41495891,0.0,2133.0
0.8346241953706128,0.0,0.1909223205,0.356201106,0.0,2909.0
0.890336472171706,0.0,0.1833036105,0.279606946,0.0,2909.0
0.9750391824615308,0.0026548135,0.17240167,0.23368964949999999,0.0,2909.0
0.9855438411840957,0.211462041,0.139201071,0.21539139,0.0,2909.0
0.9798599987199871,0.346803374,0.103488006,0.198497368,0.0,2909.0
0.9782464252895806,0.469430255,0.06034234,0.176939992,0.0,2909.0
0.9741616968520436,0.593375486,0.043918417,0.108732178,0.0,2909.0
0.9696234392030654,0.590918899,0.025675384,0.10246591999999999,0.0,2909.0
0.9820346518531228,0.3517448525,0.0379423075,0.118134403,0.0,2909.0
0.9969524621188802,0.014575414,0.048612672,0.139342873,0.0,2909.0
0.9937068658565862,0.0,0.040141814,0.146110724,0.0,2909.0
0.947367981374132,0.0,0.0284834385,0.1500052045,0.0,2909.0
0.8931166614531802,0.0,0.024524338,0.154396118,0.0,2909.0
0.8429121388881673,0.0,0.028682705000000003,0.19267387149999998,0.0,2909.0
0.8338780139154375,0.0,0.030962010499999998,0.188597778,0.0,2909.0
0.8502180521677822,0.0,0.032392761500000006,0.20694337200000001,0.0,2909.0
0.9383625391792807,0.0,0.028963607,0.1985954875,0.0,2909.0
0.9873997890738999,0.0711614595,0.0267054445,0.190517501,0.0,2909.0
0.9798599987199871,0.23634479,0.023097168,0.188609249,0.0,2909.0
0.9774286530288713,0.327285027,0.017599465,0.186113161,0.0,2909.0
0.9688338338935387,0.44790410449999996,0.0112395925,0.16141759649999998,0.0,2909.0
0.9634873339602089,0.4218874035,0.01222713,0.169374547,0.0,2909.0
0.9767316223548579,0.2409563945,0.0258649565,0.1923966545,0.0,2909.0
0.9909627294222935,0.014662483,0.059067409,0.228193586,0.0,2909.0
0.9923294225689601,0.0,0.080620865,0.2472548675,0.0,2909.0
0.9476971557110296,0.0,0.084587317,0.2268635705,0.0,2909.0
0.8620620824163673,0.0,0.0742204235,0.148856927,0.0,2909.0
0.8200037310588977,0.0,0.06567596,0.08541568499999999,0.0,2909.0
0.8158831376601452,0.0,0.0643673675,0.08813882849999999,0.0,2909.0
0.8224382059944264,0.0,0.07377738733333333,0.11761028566666666,0.0,2909.0
0.8817177111747615,0.060854454499999995,0.077263415,0.1229046795,0.0,2909.0
0.9036202878971095,0.236411061,0.044918197,0.100016587,0.0,2909.0
0.904083066350137,0.359394755,0.029506016,0.080589496,0.0,2909.0
0.898152953215656,0.436008904,0.024296567,0.07909901,0.0,2909.0
0.8954632255559762,0.4383832825,0.0258404855,0.0504319285,0.0,2909.0
0.8999973056339643,0.313449743,0.0351037865,0.041067030500000004,0.0,2909.0
0.9238787773827142,0.141914816,0.067682062,0.058863374,0.0,2909.0
0.9313431748194125,0.006171884,0.117346986,0.09637748700000001,0.0,2909.0
0.9230833510470826,0.0,0.12997671500000002,0.117862572,0.0,2909.0
0.8759628887689752,0.0,0.10799159950000001,0.107596073,0.0,2909.0
0.8309282611447014,0.0,0.096961607,0.091310619,0.0,2909.0
0.8201017512612059,0.0,0.09621701699999999,0.08627963699999999,0.0,2909.0
0.8158831376601452,0.0,0.10222125800000001,0.1043157915,0.0,2909.0
0.8170370313491649,0.0,0.109775214,0.12126178800000001,0.0,2909.0
0.8513898316003846,0.0040391175,0.11449773099999999,0.136844843,0.0,2909.0
0.8938963144337032,0.097718797,0.10421692,0.140395553,0.0,2909.0
0.9031342253396624,0.208033289,0.068452373,0.123163753,0.0,2909.0
0.9029185628875435,0.293626239,0.048526081,0.105986131,0.0,2909.0
0.897618068443021,0.344386888,0.033361601,0.0870108,0.0,2909.0
0.8932357126914259,0.339774343,0.033929977,0.088722636,0.0,2909.0
0.8975297188970786,0.2229868765,0.05706006,0.1328157365,0.0,2909.0
0.9232029650053598,0.089732656,0.110725798,0.188728676,0.0,2909.0
0.9286363126473922,0.00957454,0.151475338,0.211315723,0.0,2909.0
0.9293086036478375,0.0,0.1689252475,0.2121379785,0.0,2909.0
0.9040037769093259,0.0,0.157095221,0.176349075,0.0,2909.0
0.8607561824156947,0.0,0.140783408,0.151998021,0.0,2909.0
0.8429035011356819,0.0,0.143472922,0.1362757265,0.0,2909.0
0.8340226026392068,0.0,0.1244974355,0.1087171415,0.0,2909.0
0.8502646210018657,0.0,0.12303077700000001,0.1218033025,0.0,2909.0
0.9383625391792807,0.0,0.140337795,0.159104073,0.0,2909.0
0.986999447221981,0.07820779,0.1331728915,0.206374872,0.0,2909.0
0.9754864686068434,0.258388609,0.080891533,0.231162027,0.0,2909.0
0.9706376732831703,0.347557816,0.064687884,0.23104532,0.0,2909.0
0.9631612108163716,0.4197619425,0.039083792,0.1920110975,0.0,2909.0
0.9597040361988993,0.359713877,0.052729279,0.234591885,0.0,2909.0
0.9740207701851911,0.15726361900000002,0.093574954,0.32451465300000004,0.0,2909.0
0.9838686767957394,0.01124914,0.16527095,0.415933187,0.0,2909.0
0.9843365247310074,0.0,0.2060457235,0.4791702925,0.0,2909.0
0.9393088448233906,0.0,0.214894089,0.5215947455000001,0.0,2909.0
0.8568428019151642,0.0,0.22659925,0.5157945685,0.0,2909.0
0.8155128403685812,0.0,0.24479923850000002,0.46834012049999996,0.0,2909.0
0.8113471799729852,0.0,0.2361336125,0.47574870199999997,0.0,2909.0
0.8677407612989414,0.0,0.2456849265,0.538082758,0.0,2909.0
0.9575121072481707,0.0067310195,0.2760975195,0.6007418595,0.0,2909.0
0.9697933312583012,0.099203464,0.280769115,0.616994271,0.0,2909.0
0.9642590535261527,0.167387654,0.220739821,0.599541831,0.0,2909.0
0.9629450791182708,0.23597446,0.191796909,0.570452469,0.0,2909.0
0.9585511747885155,0.32672002,0.160416617,0.505044398,0.0,2909.0
0.9572641937479283,0.40183851049999997,0.17042492999999997,0.476860197,0.0,2909.0
0.9606881322445996,0.2797561985,0.2091399135,0.50650716,0.0,2909.0
0.9766182048819956,0.11842486,0.284912795,0.558304834,0.0,2909.0
0.9812450465435961,0.024321778,0.325078777,0.603525141,0.0,2909.0
0.9827035162011978,0.0,0.336350164,0.639824753,0.0,2909.0
0.9661357501540118,0.0,0.3265205875,0.6213253489999999,0.0,2909.0
0.9055649607921661,0.0,0.2956452715,0.535649209,0.0,2909.0
0.8335502007357719,0.0,0.275544945,0.459491444,0.0,2909.0
0.8255322346582773,0.0,0.2758633065,0.449891448,0.0,2909.0
0.8277765534691944,0.0,0.2969285735,0.4758134425,0.0,2909.0
0.8866286611142826,0.0,0.3186551135,0.528635446,0.0,2909.0
0.9741704755971592,0.0154704555,0.3326757695,0.5710775075,0.0,2909.0
0.9825701940703281,0.283733087,0.305638539,0.559223722,0.0,2909.0
0.9711365983700514,0.450347024,0.19385677,0.49408736,0.0,2909.0
0.9708372813327871,0.58376196,0.143801952,0.420614981,0.0,2909.0
0.961215364650049,0.637674916,0.1066118415,0.307798412,0.0,2909.0
0.956543033638959,0.5394956715,0.1388789255,0.35008166949999997,0.0,2909.0
0.9690690724376911,0.29982077549999997,0.2536901655,0.418915205,0.0,2909.0
0.9805848202606288,0.049878127,0.357712155,0.487264996,0.0,2909.0
0.9814647468245643,0.0,0.3822889355,0.5517026165000001,0.0,2909.0
0.9395584014661253,0.0,0.3537199165,0.5553406695,0.0,2909.0
0.8617031458169973,0.0,0.3307275355,0.4575367965,0.0,2909.0
0.8274881741462338,0.0,0.309053736,0.381169201,0.0,2909.0
0.8214862360521611,0.0,0.27522562650000004,0.3807817215,0.0,2909.0
0.8367472098748023,0.0,0.268309007,0.42393718049999995,0.0,2909.0
0.9029502971711044,0.0,0.285087936,0.45662034,0.0,2909.0
0.961010921897494,0.010164335,0.30184503100000004,0.5076613175,0.0,2909.0
0.9713106683088997,0.159019865,0.298048744,0.513569735,0.0,2909.0
0.964650851099636,0.266498238,0.185934882,0.465127213,0.0,2909.0
0.9610601664653279,0.358564144,0.149764353,0.429168848,0.0,2909.0
0.9568561526354877,0.3963601665,0.1285461905,0.388235733,0.0,2909.0
0.9520519078567182,0.324833579,0.151346902,0.443242093,0.0,2909.0
0.9648415394115071,0.137058752,0.260530507,0.5443621224999999,0.0,2909.0
0.9734322747625211,0.011937232,0.365077217,0.610681952,0.0,2909.0
0.9691873724446944,0.0,0.38355597649999995,0.6121788725,0.0,2909.0
0.924051767211724,0.0,0.36641207600000003,0.5696813545,0.0,2909.0
0.843463125581885,0.0,0.33820982499999996,0.4847384345,0.0,2909.0
0.798181992820559,0.0,0.352092973,0.491004114,0.0,2909.0
0.7934650643712295,0.0,0.3674078355,0.5336508655,0.0,2909.0
0.8458739563763813,0.0,0.3806341775,0.544901548,0.0,2909.0
0.9280508218370689,0.0037005165,0.386659857,0.577675378,0.0,2909.0
0.9386009227031652,0.030864724,0.404499836,0.592055176,0.0,2909.0
0.9413083013271258,0.06219316,0.326125187,0.596634943,0.0,2909.0
0.9428169074638114,0.090737166,0.276567903,0.565186818,0.0,2909.0
0.9402916731859084,0.114965628,0.220377228,0.497611539,0.0,2909.0
0.9385461387818645,0.127652976,0.2449163725,0.482536549,0.0,2909.0
0.9411486904794899,0.082454228,0.28820714150000004,0.4439487155,0.0,2909.0
0.9574776503375233,0.022372502500000002,0.31889779549999997,0.47774412850000003,0.0,2909.0
0.9539880833666751,0.0,0.3449014995,0.5534232729999999,0.0,2909.0
0.9125358787087785,0.0,0.314725865,0.580313481,0.0,2909.0
0.8291487859693278,0.0,0.26219146,0.510741658,0.0,2909.0
0.7805673899451249,0.0,0.2525766195,0.48560936450000003,0.0,2909.0
0.7760863340378499,0.0,0.2553450505,0.513428424,0.0,2909.0
0.7765455676673005,0.0,0.251489519,0.5025914135,0.0,2909.0
0.8175065699455056,0.0047862635,0.24571687650000001,0.475227772,0.0,2909.0
0.8652465103859794,0.0457543715,0.230056132,0.4655812305,0.0,2909.0
0.8761625902926417,0.103573737,0.196422263,0.444423455,0.0,2909.0
0.8737745746692052,0.1461212515,0.1901173405,0.45169438250000005,0.0,2909.0
0.8738955504099588,0.1430566205,0.169049956,0.386682849,0.0,2909.0
0.8958470431341667,0.06585816850000001,0.16663473950000002,0.367256999,0.0,2909.0
0.9089650984198555,0.011661732,0.211981788,0.380470402,0.0,2909.0
0.9053630996740671,0.0,0.2312551535,0.3847957625,0.0,2909.0
0.881503644971799,0.0,0.2030468115,0.3554303695,0.0,2909.0
0.8205575813723318,0.0,0.1664697145,0.3035261135,0.0,2909.0
0.7876998669711714,0.0,0.158549199,0.27137794,0.0,2909.0
0.7794549949827039,0.0,0.150667703,0.2444519015,0.0,2909.0
0.7802916618189639,0.0,0.149898117,0.2377453715,0.0,2909.0
0.7880490866460843,0.0,0.1532600535,0.23838217,0.0,2909.0
0.8458731582518032,0.0333769245,0.155131618,0.2385893795,0.0,2909.0
0.869742283610437,0.108397288,0.155449501,0.239179337,0.0,2909.0
0.8710248988814455,0.168318112,0.157456406,0.229264648,0.0,2909.0
0.867381167255001,0.188867104,0.160499734,0.247490362,0.0,2909.0
0.86677309605292,0.204754921,0.1688806575,0.2204546495,0.0,2909.0
0.8734783085123791,0.1712173465,0.1673437075,0.2250861925,0.0,2909.0
0.8991942741371053,0.10624091,0.170267737,0.240874485,0.0,2909.0
0.9058677054196673,0.045850257,0.195692428,0.245355553,0.0,2909.0
0.9053316939564802,0.0,0.2219408845,0.2626522355,0.0,2909.0
0.882819590775525,0.0,0.20371465849999998,0.259396105,0.0,2909.0
0.8275131951798176,0.0,0.1545998975,0.241623268,0.0,2909.0
0.7959196003800928,0.0,0.127492956,0.2657013445,0.0,2909.0
0.7913670712132461,0.0,0.1144835145,0.3053949,0.0,2909.0
0.8436234410800494,0.0,0.1189598205,0.40175700950000004,0.0,2909.0
0.926792100909092,0.018356814,0.132141677,0.459596725,0.0,2909.0
0.9389903737341166,0.1067360525,0.1404085165,0.507511955,0.0,2909.0
0.9389016487288643,0.1467892495,0.16184384000000002,0.4962545385,0.0,2909.0
0.9370110094617329,0.1101815845,0.18358593,0.500312948,0.0,2909.0
0.9421827823242663,0.0549746025,0.21413680899999998,0.539056804,0.0,2909.0
0.9579864339667361,0.0139668195,0.283632804,0.6151775275,0.0,2909.0
0.951485100914556,0.0,0.3390426525,0.628123907,0.0,2909.0
0.9073167857809192,0.0,0.3117368305,0.5641221304999999,0.0,2909.0
0.858145133958214,0.0,0.264914209,0.47404402,0.0,2909.0
0.7886761702823004,0.0,0.21091970399999999,0.3177073365,0.0,2909.0
0.7748140931358687,0.0,0.223109987,0.335086879,0.0,2909.0
0.7893054366469947,0.0,0.20088593700000001,0.346429958,0.0,2909.0
0.8580625116517046,0.0,0.182002005,0.366807385,0.0,2909.0
0.9156726577344687,0.0028648035,0.16744313449999998,0.402977049,0.0,2909.0
0.9262730366975237,0.01822065,0.150759262,0.455032065,0.0,2909.0
0.9271119334682202,0.044606123,0.121318538,0.481730977,0.0,2909.0
0.9273716300133025,0.06036289,0.112840228,0.504872341,0.0,2909.0
0.9281353217527506,0.071529895,0.116810583,0.549877488,0.0,2909.0
0.927781736308259,0.0759843,0.14894346549999998,0.642885374,0.0,2909.0
0.9314400683311685,0.047365919,0.19791571149999998,0.7410699875,0.0,2909.0
0.9477722197496478,0.01327736,0.2693517805,0.7940001095,0.0,2909.0
0.944589951374468,0.0,0.318086947,0.8303540460000001,0.0,2909.0
0.9050564119422553,0.0,0.3541470085,0.8343508719999999,0.0,2909.0
0.8588202885783759,0.0,0.386580867,0.829925383,0.0,2909.0
0.792355861594499,0.0,0.408694112,0.8376713185,0.0,2909.0
0.7855207070758268,0.0,0.47639809499999997,0.8674298785,0.0,2909.0
0.8033596808084916,0.0,0.5329277875,0.9017850789999999,0.0,2909.0
0.8940092629732057,0.0,0.5739435385,0.9187910425,0.0,2909.0
0.9461869533251877,0.019039064,0.605049864,0.923605391,0.0,2909.0
0.944877580091431,0.058018232,0.618365953,0.921484073,0.0,2909.0
0.9493093210908681,0.131094195,0.650039181,0.920178405,0.0,2909.0
0.95234681254369,0.176451528,0.671772166,0.918252338,0.0,2909.0
0.951111188459411,0.2536149185,0.6431441255,0.9039149980000001,0.0,2909.0
0.9498180106207867,0.299343681,0.669589989,0.901066704,0.0,2909.0
0.9653895218055004,0.23582683399999999,0.623292017,0.9068064385,0.0,2909.0
0.9758930075694217,0.096463584,0.60562857,0.911668544,0.0,2909.0
0.9757916072954569,0.0,0.592807673,0.90317047,0.0,2909.0
0.9598238852491008,0.0,0.562509118,0.874482559,0.0,2909.0
0.9009089192755024,0.0,0.507709282,0.8082764915,0.0,2909.0
0.8234487002788842,0.0,0.478931108,0.779455904,0.0,2909.0
0.8174835672011019,0.0,0.45987,0.710873767,0.0,2909.0
0.8214116412595248,0.0,0.4647483355,0.6702383885,0.0,2909.0
0.8839411402549936,0.0,0.471202761,0.684917266,0.0,2909.0
0.9721745398450885,0.0741350345,0.4546072115,0.680535406,0.0,2909.0
0.9741643260050803,0.268898616,0.420511339,0.663748019,0.0,2909.0
0.9702909420812861,0.394939546,0.411576998,0.641879961,0.0,2909.0
0.9650649949108194,0.494092421,0.398162061,0.593941184,0.0,2909.0
0.9591859573726309,0.701565076,0.378765365,0.5187982595,0.0,2909.0
0.957888695437066,0.675607756,0.40380567300000003,0.5398471975,0.0,2909.0
0.9723794990495838,0.455878958,0.423363764,0.638748934,0.0,2909.0
0.9836455964431148,0.187493193,0.472702403,0.704633283,0.0,2909.0
0.9860875047018464,0.000735259,0.4987672575,0.736357961,0.0,2909.0
0.9427019875284648,0.0,0.454614774,0.7124284009999999,0.0,2909.0
0.8661572790096037,0.0,0.4211565405,0.676351025,0.0,2909.0
0.8346047605838318,0.0,0.402714922,0.62205079,0.0,2909.0
0.8301540540435957,0.0,0.395332814,0.5781394485,0.0,2909.0
0.8489538390922966,0.0,0.3966878425,0.5681484050000001,0.0,2909.0
0.9373616840805498,0.0008550265,0.39871669,0.633121713,0.0,2909.0
0.9885389892050271,0.177887627,0.367149608,0.664402992,0.0,2909.0
0.983553210318812,0.322458166,0.324617681,0.672493839,0.0,2909.0
0.9711365983700514,0.476126598,0.283074561,0.656348187,0.0,2909.0
0.9685161612414652,0.60435779,0.279848129,0.627486453,0.0,2909.0
0.9608713560752512,0.716387729,0.2509497505,0.6197296625,0.0,2909.0
0.95788864854373,0.7114193209999999,0.303878611,0.5832740825,0.0,2909.0
0.9703545047477025,0.4693599085,0.37443173799999996,0.623130929,0.0,2909.0
0.9819671457697737,0.193665441,0.457548289,0.67661663,0.0,2909.0
0.9841877109176672,0.001936147,0.498988001,0.721270564,0.0,2909.0
0.982754028452214,0.0,0.492143957,0.744234147,0.0,2909.0
0.9404641471882227,0.0,0.43957177950000004,0.7006417365,0.0,2909.0
0.855404283808906,0.0,0.3698076205,0.5895455485000001,0.0,2909.0
0.816022093243776,0.0,0.326193041,0.47872684,0.0,2909.0
0.8113301861406523,0.0,0.2907799085,0.3981969285,0.0,2909.0
0.815868631988219,0.0,0.2852299365,0.37012821399999996,0.0,2909.0
0.8214266633833913,0.001118744,0.28145573999999995,0.4294382,0.0,2909.0
0.8673543148803365,0.155181117,0.251007103,0.465623568,0.0,2909.0
0.8905320895984318,0.330887866,0.195574672,0.452167158,0.0,2909.0
0.8956188929866794,0.491246432,0.137524395,0.41588513,0.0,2909.0
0.8949123798548887,0.644536222,0.123773439,0.381822168,0.0,2909.0
0.8889963966204018,0.7298959545,0.139942298,0.35493653000000003,0.0,2909.0
0.8844707198282195,0.570167797,0.186361682,0.346849568,0.0,2909.0
0.9047528688775537,0.285132688,0.28393791,0.463959526,0.0,2909.0
0.9194165219516958,0.095416881,0.3682334,0.595790274,0.0,2909.0
0.9192979405846765,0.0011122045,0.4124700525,0.715344743,0.0,2909.0
0.8949886174773951,0.0,0.411645547,0.7776742485,0.0,2909.0
0.8542617036061221,0.0,0.409097605,0.798677604,0.0,2909.0
0.8070160408103124,0.0,0.453153648,0.8239898325,0.0,2909.0
0.7946015418752704,0.0,0.454107313,0.8452449895,0.0,2909.0
0.794530186474283,0.0,0.4840757255,0.871592805,0.0,2909.0
0.7982006766887201,0.0013615195,0.5156694945,0.900029151,0.0,2909.0
0.8456923753755998,0.099591115,0.515516909,0.907414917,0.0,2909.0
0.8664488508308772,0.25419025,0.512613358,0.906172045,0.0,2909.0
0.8750737614199006,0.410056934,0.482815644,0.90181238,0.0,2909.0
0.8772642823200613,0.52448089,0.479660075,0.903491655,0.0,2909.0
0.8720539206187371,0.616218427,0.495607448,0.90175226,0.0,2909.0
0.8662537970620496,0.634921538,0.567653038,0.9042795715,0.0,2909.0
0.8715725527094649,0.474319618,0.6635987999999999,0.9137320595,0.0,2909.0
0.897174349942709,0.285408186,0.698066112,0.921218462,0.0,2909.0
0.9045467832951285,0.126176732,0.699533906,0.918653214,0.0,2909.0
0.9072557581682453,0.002705884,0.684209424,0.899770995,0.0,2909.0
0.9029633478991267,0.0,0.655915307,0.874940978,0.0,2909.0
0.8808714912280979,0.0,0.6005628519999999,0.9063094615,0.0,2909.0
0.820110013241759,0.0,0.549764625,0.923227365,0.0,2909.0
0.7862701276100287,0.0,0.4863360445,0.914274759,0.0,2909.0
0.7835182925404588,0.0,0.4366249955,0.8884871205,0.0,2909.0
0.839116870508674,0.0,0.422979518,0.8805963784999999,0.0,2909.0
0.9223120069404489,0.08430775650000001,0.372319183,0.8569370875,0.0,2909.0
0.9299847442785437,0.3011229,0.279395626,0.82850747,0.0,2909.0
0.9273306002200634,0.453540945,0.240487053,0.817938548,0.0,2909.0
0.9260177525027338,0.523625966,0.246485166,0.802439615,0.0,2909.0
0.9255476511863614,0.555848777,0.163158189,0.680818744,0.0,2909.0
0.9265838085262761,0.5597845859999999,0.17316090750000002,0.6729458405,0.0,2909.0
0.9333779338769537,0.371912669,0.1823928795,0.61297848,0.0,2909.0
0.9523486901528622,0.220103339,0.185664967,0.585668713,0.0,2909.0
0.9560263162825449,0.11988863,0.195258783,0.651733763,0.0,2909.0
0.9617509065546321,0.003557212,0.219388011,0.762340897,0.0,2909.0
0.9483713712139832,0.0,0.254317799,0.778347001,0.0,2909.0
0.8926630847231587,0.0,0.288405812,0.785545299,0.0,2909.0
0.8111474312433605,0.0,0.33242254299999996,0.808698108,0.0,2909.0
0.7995670878501262,0.0,0.3659687905,0.8033234685,0.0,2909.0
0.8151916932329348,0.0,0.3715773135,0.7790751455,0.0,2909.0
0.9019388795047578,0.0021285605,0.369327225,0.7466660265,0.0,2909.0
0.9536798462790429,0.109444651,0.343587781,0.720111935,0.0,2909.0
0.9519032816167219,0.25631293,0.321913696,0.692000937,0.0,2909.0
0.9524898991175973,0.353416115,0.296979705,0.668134112,0.0,2909.0
0.9524726236126266,0.482454543,0.290370566,0.646866371,0.0,2909.0
0.9498003593438836,0.577635994,0.241903538,0.565250652,0.0,2909.0
0.9497944445311068,0.641384953,0.2675720025,0.497401993,0.0,2909.0
0.9581507391499245,0.5432780945,0.268031288,0.4621456015,0.0,2909.0
0.9758312284128834,0.363310436,0.257849009,0.475303538,0.0,2909.0
0.9783219116808447,0.210184736,0.277536108,0.483890152,0.0,2909.0
0.982336410782702,0.005865695,0.275116691,0.490501123,0.0,2909.0
0.9781044654062255,0.0,0.242360263,0.522353977,0.0,2909.0
0.9555366860800972,0.0,0.204872794,0.564219659,0.0,2909.0
0.9078683358199129,0.0,0.1761666995,0.5831148294999999,0.0,2909.0
0.8415944092619411,0.0,0.212229034,0.602852908,0.0,2909.0
0.8335090305751472,0.0,0.25334897,0.6264436600000001,0.0,2909.0
0.8343316378514172,0.0,0.3530919795,0.673223414,0.0,2909.0
0.890336472171706,0.0,0.458483128,0.7076922225,0.0,2909.0
0.974229625913283,0.046045211,0.545372046,0.7572618875,0.0,2909.0
0.973421101643671,0.13911962,0.596417146,0.79176513,0.0,2909.0
0.963424851091009,0.175637784,0.604993215,0.798695761,0.0,2909.0
0.9587781985580729,0.210063206,0.59177433,0.797241695,0.0,2909.0
0.9555893579255459,0.299706421,0.518656807,0.739471926,0.0,2909.0
0.9503636458470037,0.343771708,0.5489846295,0.7349749895,0.0,2909.0
0.9487462696796725,0.225160503,0.5718026835000001,0.7403227649999999,0.0,2909.0
0.9633976229444122,0.189101053,0.516693294,0.755026051,0.0,2909.0
0.9669976030883981,0.136560796,0.497083245,0.77635389,0.0,2909.0
0.9652291128332864,0.005825804,0.492588186,0.805851119,0.0,2909.0
0.9610431729456175,0.0,0.470134595,0.805838686,0.0,2909.0
0.9210162471547461,0.0,0.420532687,0.778354392,0.0,2909.0
0.8735797084737217,0.0,0.37826693,0.726153591,0.0,2909.0
0.8043135444078707,0.0,0.35745738250000003,0.686489497,0.0,2909.0
0.7925403534209552,0.0,0.320778202,0.60618626,0.0,2909.0
0.8068771793259759,0.0,0.30242617699999996,0.564040181,0.0,2909.0
0.8927969701993044,0.002437856,0.3092273925,0.60650159,0.0,2909.0
0.938990561932705,0.073606356,0.306097585,0.654128461,0.0,2909.0
0.932789954906224,0.143686581,0.29434459,0.714490272,0.0,2909.0
0.9331219459695022,0.187808573,0.252247678,0.791230334,0.0,2909.0
0.9307612047607539,0.242602511,0.257913508,0.840676618,0.0,2909.0
0.9284246867736334,0.310873447,0.243848393,0.856148131,0.0,2909.0
0.9269079596490248,0.329457534,0.32938116900000003,0.8854657405,0.0,2909.0
0.9305803277852563,0.3534152745,0.4068001075,0.8948004075,0.0,2909.0
0.9467934754840706,0.239079132,0.467319621,0.872629209,0.0,2909.0
0.9522751757826867,0.127339166,0.487772719,0.848462215,0.0,2909.0
0.9556398701765623,0.007717098,0.515965377,0.81730456,0.0,2909.0
0.9420033137119591,0.0,0.5010246035,0.755463956,0.0,2909.0
0.8864819596894168,0.0,0.4449379735,0.6860417785,0.0,2909.0
0.8067509455917712,0.0,0.432781926,0.65448729,0.0,2909.0
0.7971892121290374,0.0,0.3860514185,0.531981693,0.0,2909.0
0.7961381733452643,0.0,0.3237063225,0.441817172,0.0,2909.0
0.8516943131570502,0.0,0.28056995900000004,0.403358877,0.0,2909.0
0.9270432065950248,0.010477124,0.244893644,0.351031171,0.0,2909.0
0.954877023142406,0.164084625,0.19169115,0.273466259,0.0,2909.0
0.9536881088848407,0.296650605,0.138238969,0.193835395,0.0,2909.0
0.9517437176624219,0.491419859,0.09915175000000001,0.12372168,0.0,2909.0
0.9467254063680677,0.638192268,0.065691304,0.08252517,0.0,2909.0
0.9434688717662256,0.6859581545,0.06414429299999999,0.057652278,0.0,2909.0
0.9429253492411053,0.6204018035000001,0.055880259,0.031323824,0.0,2909.0
0.9595634843661124,0.415670267,0.069567775,0.033218786,0.0,2909.0
0.965376517970814,0.230641064,0.104585782,0.04341625,0.0,2909.0
0.9733077779574808,0.0053982015,0.1045826455,0.0722337925,0.0,2909.0
0.9338897690118491,0.0,0.092989261,0.1689699705,0.0,2909.0
0.8498057390724348,0.0,0.1285897375,0.3447045465,0.0,2909.0
0.8056439965087675,0.0,0.169081048,0.499783819,0.0,2909.0
0.7963611127052588,0.0,0.2215093805,0.606448494,0.0,2909.0
0.795085163165647,0.0,0.29208308,0.689813673,0.0,2909.0
0.7974808073969788,0.0030686805,0.3630461865,0.752647011,0.0,2909.0
0.8437561995530207,0.045900113,0.400721315,0.809364068,0.0,2909.0
0.8637452280505055,0.086384755,0.444279468,0.840820692,0.0,2909.0
0.8741376897774323,0.134007504,0.447245802,0.864091383,0.0,2909.0
0.8747137919166502,0.184784487,0.47845368,0.875572074,0.0,2909.0
0.8667987748436963,0.222819378,0.4906401035,0.853410936,0.0,2909.0
0.8679283515244162,0.142599973,0.5391109789999999,0.812631944,0.0,2909.0
0.888455550141654,0.0673992465,0.53807604,0.7462648255,0.0,2909.0
0.9012717058177555,0.014865225999999999,0.5212534725,0.734470668,0.0,2909.0
0.8940007190073923,0.0,0.496493061,0.739587718,0.0,2909.0
0.8710184207233926,0.0,0.46790431099999996,0.692507899,0.0,2909.0
0.8311543457970504,0.0,0.434746607,0.619479652,0.0,2909.0
0.7817105572524751,0.0,0.4000851635,0.584004105,0.0,2909.0
0.7686822129825831,0.0,0.3302685595,0.5545154695,0.0,2909.0
0.7691255794702532,0.0,0.269152497,0.544547839,0.0,2909.0
0.8117156468613353,0.0051641725,0.21146235400000002,0.586772772,0.0,2909.0
0.8481249415439397,0.083873385,0.177780182,0.637791981,0.0,2909.0
0.8646824263835259,0.12491428,0.15280707,0.663184339,0.0,2909.0
0.8655314627439477,0.19733239,0.141835508,0.684628102,0.0,2909.0
0.8624503129700947,0.268719897,0.149908789,0.701253461,0.0,2909.0
0.8588733355705124,0.344258758,0.172146495,0.7132679,0.0,2909.0
0.8511719160797835,0.4680097005,0.2100234225,0.6996631879999999,0.0,2909.0
0.8663274058441416,0.474436649,0.25089068800000003,0.7098586835,0.0,2909.0
0.8888956072102936,0.341877457,0.272233395,0.704638242,0.0,2909.0
0.8907867160360291,0.201135182,0.314147022,0.720112909,0.0,2909.0
0.8952511304362356,0.016847779,0.368764257,0.743390442,0.0,2909.0
0.8819821964673129,0.0,0.364372737,0.713642432,0.0,2909.0
0.8272350495458762,0.0,0.313440885,0.6052933395,0.0,2909.0
0.7992420448161276,0.0,0.304052627,0.6713739985,0.0,2909.0
0.7976989817687945,0.0,0.269254087,0.695010763,0.0,2909.0
0.858304838905144,0.0,0.276009861,0.6970382605000001,0.0,2909.0
0.9535255400055719,0.0189722565,0.2855375415,0.659489538,0.0,2909.0
0.967194957131666,0.267541406,0.242588589,0.622596814,0.0,2909.0
0.9632150096649947,0.439587215,0.172875262,0.58418117,0.0,2909.0
0.9587182970107068,0.605153253,0.159741762,0.532449491,0.0,2909.0
0.9565586663140597,0.753762297,0.172618635,0.469794619,0.0,2909.0
0.9455913229251391,0.842847681,0.134740712,0.396131839,0.0,2909.0
0.9425343022736197,0.8593083575,0.1800599875,0.3652249015,0.0,2909.0
0.9537516243452986,0.670130288,0.229785711,0.405097052,0.0,2909.0
0.9642617758406167,0.444245428,0.276434102,0.455185865,0.0,2909.0
0.9651406695006719,0.266622733,0.323933056,0.483607418,0.0,2909.0
0.9672403992751973,0.028026557,0.368685298,0.507456049,0.0,2909.0
0.9459579587850306,0.0,0.366605612,0.501186494,0.0,2909.0
0.9000185714492037,0.0,0.3169517965,0.45559440799999995,0.0,2909.0
0.8210351937506375,0.0,0.284904476,0.418585882,0.0,2909.0
0.8153480653141664,0.0,0.2489836035,0.347431552,0.0,2909.0
0.8374663982753052,0.0,0.2194238935,0.283480088,0.0,2909.0
0.9349249872345555,0.0,0.21336560799999998,0.277308075,0.0,2909.0
0.9854522059784131,0.05107478,0.200256249,0.272770668,0.0,2909.0
0.9718490269398633,0.283464193,0.16324987,0.248798452,0.0,2909.0
0.9627368333161687,0.476667573,0.094699993,0.229477742,0.0,2909.0
0.9569379771300414,0.616763043,0.072724502,0.211658267,0.0,2909.0
0.9494777575769554,0.748679751,0.08190628,0.199679033,0.0,2909.0
0.9451451628451342,0.806795251,0.101825059,0.236425806,0.0,2909.0
0.9438064021829706,0.7588529135,0.10967535049999999,0.2131377635,0.0,2909.0
0.9565279174157985,0.5594523485,0.123674309,0.252898716,0.0,2909.0
0.9677376349514946,0.330415841,0.167074902,0.323843897,0.0,2909.0
0.9711140651842517,0.173995471,0.229685563,0.374964021,0.0,2909.0
0.970818972923936,0.023441797,0.271961706,0.392554419,0.0,2909.0
0.9491495223572661,0.0,0.283317617,0.40245531,0.0,2909.0
0.9033554277704926,0.0,0.24475142300000002,0.38826325,0.0,2909.0
0.8286992464429108,0.0,0.19402857,0.342887741,0.0,2909.0
0.8204436943408655,0.0,0.20189990800000002,0.325805141,0.0,2909.0
0.8228713779750645,0.0,0.1792570055,0.28373814350000004,0.0,2909.0
0.8843788029498988,0.0,0.174151338,0.30733644250000003,0.0,2909.0
0.9655419973631352,0.02152953,0.17056021799999999,0.353474449,0.0,2909.0
0.9642432798584218,0.23018038,0.123087328,0.325438287,0.0,2909.0
0.9551938976699013,0.417243797,0.069174594,0.284197108,0.0,2909.0
0.9476119042514835,0.548241187,0.054218869,0.25865645,0.0,2909.0
0.9440265710846761,0.688692311,0.063169478,0.244346297,0.0,2909.0
0.9340523372658733,0.7615112835,0.0825545665,0.17994760999999998,0.0,2909.0
0.9332712762347825,0.6393658280000001,0.08579311049999999,0.182583035,0.0,2909.0
0.954737034654895,0.40076539899999997,0.07444862899999999,0.2171593725,0.0,2909.0
0.9610489001850504,0.221199133,0.11260893,0.248973982,0.0,2909.0
0.9586031895020162,0.04067797,0.159220675,0.285031831,0.0,2909.0
0.939476905850168,0.0,0.170905757,0.320032863,0.0,2909.0
0.9121046472785903,0.0,0.162101639,0.333916122,0.0,2909.0
0.847243559723478,0.0,0.1582549275,0.333876815,0.0,2909.0
0.8113762854161318,0.0,0.194521661,0.369780487,0.0,2909.0
0.8079914991035273,0.0,0.214492529,0.33927215899999996,0.0,2909.0
0.8283990837624879,0.0,0.27281105250000004,0.3589848835,0.0,2909.0
0.9281678072675539,0.0,0.31875733,0.368506402,0.0,2909.0
0.9803733825854583,0.049147554,0.331220098,0.365364554,0.0,2909.0
0.9690349909863537,0.239126529,0.32024355,0.361607277,0.0,2909.0
0.9564245926393254,0.377918359,0.272179326,0.356869827,0.0,2909.0
0.9495769982564877,0.555687497,0.223684136,0.344321333,0.0,2909.0
0.9446959990906495,0.706908402,0.232641804,0.345772589,0.0,2909.0
0.9358542518403745,0.8036261805,0.24065716850000002,0.32797175850000004,0.0,2909.0
0.9337323643393595,0.7337299255,0.32200249999999997,0.386007288,0.0,2909.0
0.94593054306509,0.574302106,0.333780495,0.413016887,0.0,2909.0
0.9510977153787429,0.416049417,0.339127761,0.418435494,0.0,2909.0
0.9559134621549588,0.260838948,0.358008199,0.420977883,0.0,2909.0
0.9579668106687445,0.052698204,0.384517832,0.424847087,0.0,2909.0
0.9434745990056586,0.0,0.387589088,0.420632155,0.0,2909.0
0.9144020130816439,0.0,0.374344503,0.40295285,0.0,2909.0
0.8493148887053854,0.0,0.3464392395,0.35679467,0.0,2909.0
0.8131364199040185,0.0,0.320562192,0.31217478,0.0,2909.0
0.8075300824329763,0.0,0.294802802,0.255022876,0.0,2909.0
0.8285559719830375,0.0,0.2395919675,0.182831067,0.0,2909.0
0.9287162120141932,0.0,0.1871159875,0.1401031965,0.0,2909.0
0.9775033885015153,0.091319632,0.133724513,0.122485303,0.0,2909.0
0.9659231392075753,0.292415198,0.0785175,0.113857931,0.0,2909.0
0.9537692287288657,0.426629837,0.033425438,0.106380918,0.0,2909.0
0.9441634614857907,0.592454295,0.021480137,0.097787352,0.0,2909.0
0.9331234478067421,0.749979112,0.019209877,0.097965601,0.0,2909.0
0.9233071820057049,0.8513648615,0.028089329,0.09596009999999999,0.0,2909.0
0.9239684408799305,0.7974191995,0.026840563499999998,0.11016856850000001,0.0,2909.0
0.9385240282613331,0.639348702,0.024735588,0.124036353,0.0,2909.0
0.941860556016648,0.458583173,0.030261163,0.132239628,0.0,2909.0
0.9459986128063373,0.27554936,0.052348473,0.140232487,0.0,2909.0
0.9547806929759262,0.066583719,0.073726357,0.150199981,0.0,2909.0
0.9393024601393873,0.0,0.079469845,0.167515403,0.0,2909.0
0.9118538698460092,0.0,0.079894639,0.190717223,0.0,2909.0
0.8456183908215756,0.0,0.08781752849999999,0.219632398,0.0,2909.0
0.7993265916251453,0.0,0.1065906165,0.21819563,0.0,2909.0
0.7977967668791783,0.0,0.11213049750000001,0.188798461,0.0,2909.0
0.8038725016413091,0.0,0.11312491350000001,0.1867041245,0.0,2909.0
0.8410215934077079,0.052725805,0.1086189255,0.18271185099999998,0.0,2909.0
0.8769266578040221,0.30871393,0.082766445,0.15885315,0.0,2909.0
0.8829518800025143,0.496217433,0.041317158,0.128906341,0.0,2909.0
0.8779994316490166,0.670519949,0.023742093,0.10252007,0.0,2909.0
0.8671299202638157,0.799933436,0.023423202,0.094336696,0.0,2909.0
0.8631077225266814,0.879398402,0.026187496,0.083093008,0.0,2909.0
0.8597954651989527,0.8895964515,0.0312002775,0.0886458605,0.0,2909.0
0.876729303448132,0.7076918885,0.030864581,0.11200110799999999,0.0,2909.0
0.892934705305711,0.45956013,0.036592388,0.134575919,0.0,2909.0
0.8943611580692468,0.276424334,0.057713579,0.154364528,0.0,2909.0
0.9038340727400562,0.071401676,0.073476896,0.174876442,0.0,2909.0
0.9007139589807246,0.0,0.074329214,0.194462601,0.0,2909.0
0.8638551247717032,0.0,0.06325465499999999,0.202649087,0.0,2909.0
0.7286048224592759,0.0,0.054884565,0.191131749,0.0,2909.0
0.718188982216013,0.0,0.052215932,0.187298107,0.0,2909.0
0.7108409831052334,0.0,0.049057039999999996,0.1848976625,0.0,3949.0
0.7112555492690629,0.0,0.056710828500000005,0.219056719,0.0,4989.0
0.735808678332978,0.0,0.0810037775,0.2496132915,0.0,4989.0
0.7850311706600512,0.2068229655,0.1080446535,0.2348283765,0.0,4989.0
0.8102253960268366,0.486906516,0.076569773,0.248882183,0.0,4989.0
0.8126550516821242,0.64018908,0.045617882,0.242925301,0.0,4989.0
0.8054540591155163,0.771539478,0.050400029,0.244626096,0.0,4989.0
0.799330159582768,0.8582755575000001,0.045038705,0.20797934499999998,0.0,4989.0
0.8007831833609524,0.768143943,0.0568090265,0.23569232099999998,0.0,4989.0
0.8163093930821427,0.46643139050000004,0.0825005265,0.295248686,0.0,4989.0
0.8187986676742915,0.192884533,0.163130875,0.346074444,0.0,4989.0
0.8153460932930777,0.043096641,0.222403206,0.377011191,0.0,4989.0
0.7961010875942025,0.0,0.2609998175,0.403663803,0.0,4989.0
0.7450857642444275,0.0,0.2520132435,0.4134031585,0.0,4989.0
0.7129746305170426,0.0,0.263260569,0.46129340750000003,0.0,4989.0
0.7094206561744862,0.0,0.30765705600000004,0.49521771849999996,0.0,4989.0
0.7626187308238965,0.0,0.3570032165,0.5594137785,0.0,4989.0
0.8365691965190212,0.0076552775,0.416262292,0.6428478265,0.0,4989.0
0.8323824116134381,0.041605252,0.43157911,0.679026779,0.0,4989.0
0.8393815427493247,0.079362584,0.452789275,0.70431386,0.0,4989.0
0.8410457228426638,0.118824847,0.447080893,0.72515382,0.0,4989.0
0.840246916747998,0.140452205,0.431697603,0.759846399,0.0,4989.0
0.8400273102537019,0.154453167,0.368763143,0.76544742,0.0,4989.0
0.8388675017519054,0.14684207999999999,0.4500127215,0.8248997755,0.0,4989.0
0.8435205389688446,0.096043632,0.50571991,0.8525841645,0.0,4989.0
0.8461985301643983,0.052043037,0.509354868,0.862076766,0.0,4989.0
0.8449043660026074,0.027226585,0.491029428,0.869837373,0.0,4989.0
0.8373525112438387,0.009865694,0.477271981,0.872188431,0.0,4989.0
0.8261684724989189,0.0,0.4519776845,0.8794736385,0.0,4989.0
0.7605893704398142,0.0,0.4053693005,0.8818070795,0.0,4989.0
0.7189411722706371,0.0,0.40459362200000004,0.8740250334999999,0.0,4989.0
0.7150890776087506,0.0,0.3980399665,0.8616492090000001,0.0,4989.0
0.7696817066114596,0.0,0.41730151849999997,0.8270859815,0.0,4989.0
0.8399201833655486,0.0283023405,0.431450302,0.772035303,0.0,4989.0
0.835019185755031,0.149056912,0.44617255,0.712988503,0.0,4989.0
0.8391405303850257,0.273228933,0.474953182,0.666451704,0.0,4989.0
0.839234043825125,0.350337879,0.49780166,0.618833354,0.0,4989.0
0.8344345396499997,0.448388725,0.531979321,0.567391175,0.0,4989.0
0.8269763859046743,0.5237190625,0.6211585575,0.477685991,0.0,4989.0
0.8255495570565841,0.5081254135,0.6207854740000001,0.46227931099999997,0.0,4989.0
0.8320580726047233,0.39223716350000004,0.5513254759999999,0.46149005200000004,0.0,4989.0
0.8349057682821688,0.231142691,0.494683633,0.444250653,0.0,4989.0
0.8359637075766408,0.0941777,0.502259004,0.450453182,0.0,4989.0
0.8274916948978982,0.0,0.5119310945,0.4725383945,0.0,4989.0
0.7639609187636749,0.0,0.4888243015,0.475372397,0.0,4989.0
0.7237351130203833,0.0,0.45248295650000003,0.4094718725,0.0,4989.0
0.7206699945149866,0.0,0.39130703,0.392473996,0.0,4989.0
0.7723261324949937,0.0,0.33888673199999997,0.42463455650000004,0.0,4989.0
0.8426558693080777,0.060403992,0.297646132,0.4971259005,0.0,4989.0
0.8347185538286263,0.252776985,0.225165487,0.554275462,0.0,4989.0
0.8377459994783948,0.392671676,0.178234917,0.579196592,0.0,4989.0
0.8285968132650658,0.564201291,0.155069125,0.570608125,0.0,4989.0
0.8240604801185958,0.663763205,0.171252417,0.570789918,0.0,4989.0
0.8174944583346917,0.686035932,0.14616133,0.57001392,0.0,4989.0
0.8160669720420313,0.647190453,0.179978719,0.607223472,0.0,4989.0
0.8180107996065514,0.4155918395,0.2426278575,0.672186424,0.0,4989.0
0.82836406288132,0.17333540549999998,0.35114667200000005,0.7940872560000001,0.0,4989.0
0.8304368471197535,0.056950364,0.489226496,0.867039767,0.0,4989.0
0.822143645608748,0.012527681,0.566195718,0.887484087,0.0,4989.0
0.8166363140379358,0.0,0.608407556,0.882425192,0.0,4989.0
0.8001486821368529,0.0,0.613725669,0.860947145,0.0,4989.0
0.7432595561082944,0.0,0.5714089375,0.759360027,0.0,4989.0
0.7075236788040653,0.0,0.462238105,0.620526698,0.0,4989.0
0.6980717954818154,0.0,0.4087806815,0.4771058225,0.0,4989.0
0.7097113595311775,0.0,0.2908859195,0.29337486749999997,0.0,4989.0
0.8097816306331885,0.0,0.17725037700000001,0.1912890535,0.0,4989.0
0.821823484796268,0.017790325,0.12599514,0.163659935,0.0,4989.0
0.8204656644940111,0.045989207,0.095869964,0.137844621,0.0,4989.0
0.8253191541532368,0.071483768,0.059979856,0.130447481,0.0,4989.0
0.824233517153564,0.097784295,0.038801162,0.149641835,0.0,4989.0
0.8226083954576197,0.146672081,0.042154085,0.191380393,0.0,4989.0
0.8190375679627385,0.171493836,0.0550429515,0.2317978485,0.0,4989.0
0.8144646648919023,0.195932377,0.100821771,0.280308187,0.0,4989.0
0.8203811173723712,0.1469952705,0.192519048,0.356471879,0.0,4989.0
0.8201975177697873,0.057621948,0.290751143,0.469781236,0.0,4989.0
0.8140882645889732,0.013318234,0.343167812,0.537446239,0.0,4989.0
0.8106127812500276,0.0,0.376004529,0.606125322,0.0,4989.0
0.7964187605588983,0.0,0.387341565,0.636610809,0.0,4989.0
0.7395082508565161,0.0,0.4118443865,0.5968448745,0.0,4989.0
0.705622242190016,0.0,0.423204082,0.539399816,0.0,4989.0
0.6982693377236717,0.0,0.4363771655,0.462329821,0.0,4989.0
0.7082385017476118,0.0,0.42224970549999996,0.4560479455,0.0,4989.0
0.8062437113183789,0.0,0.38655687149999995,0.46395353100000003,0.0,4989.0
0.820115177448538,0.00981784,0.355647279,0.451648962,0.0,4989.0
0.8204555242790413,0.024043693,0.328658822,0.457914469,0.0,4989.0
0.8258521606914553,0.035611931,0.296292648,0.475614951,0.0,4989.0
0.8259566590518163,0.04671068,0.272481849,0.489316575,0.0,4989.0
0.8257035350767034,0.077603361,0.244915089,0.490195578,0.0,4989.0
0.824971858980832,0.117083205,0.198279828,0.550171538,0.0,4989.0
0.8234309086345954,0.198321167,0.18955119850000002,0.5964996085000001,0.0,4989.0
0.8254919098281891,0.254618879,0.193370485,0.758426516,0.0,4989.0
0.8300378192191085,0.183002333,0.217409834,0.811559885,0.0,4989.0
0.8330562519697038,0.13039714,0.263153056,0.817002284,0.0,4989.0
0.8345199786828897,0.070703245,0.310997545,0.825637969,0.0,4989.0
0.8278232632959082,0.021937132,0.369415369,0.844552823,0.0,4989.0
0.8243121022564688,0.0,0.436867399,0.876610329,0.0,4989.0
0.7924715796544238,0.0,0.518661864,0.9104717975000001,0.0,4989.0
0.7147892672535919,0.0,0.602696778,0.924648898,0.0,4989.0
0.7016429981233844,0.0,0.635645715,0.925747582,0.0,4989.0
0.6954849702459627,0.0,0.62261739,0.8960136009999999,0.0,4989.0
0.7014846311996407,0.0,0.5845969145000001,0.8135530015,0.0,4989.0
0.7296372005089338,0.003096695,0.551068775,0.7027578005,0.0,4989.0
0.7692899553060678,0.177972003,0.474078505,0.612517034,0.0,4989.0
0.782454485326546,0.36815289,0.392546644,0.593142293,0.0,4989.0
0.7967720643307518,0.549445932,0.364774331,0.5955504,0.0,4989.0
0.7930405458783963,0.691452988,0.375712143,0.643527576,0.0,4989.0
0.7857254318136423,0.795893172,0.424175447,0.73611443,0.0,4989.0
0.782854498612491,0.7740976495,0.4893699605,0.8135218635,0.0,4989.0
0.7855373020021816,0.5579161180000001,0.550133582,0.8695817164999999,0.0,4989.0
0.8014796506896896,0.363003249,0.52218782,0.880352599,0.0,4989.0
0.8080601318774285,0.227593444,0.504988277,0.885181876,0.0,4989.0
0.8126832183206847,0.133050839,0.509776375,0.888654396,0.0,4989.0
0.8098350065039213,0.055512936,0.499388939,0.885803097,0.0,4989.0
0.8018949211914254,0.001298196,0.50922744,0.882355116,0.0,4989.0
0.7634528391597462,0.0,0.47796220899999997,0.8609052175,0.0,4989.0
0.7054904222090086,0.0,0.4192465165,0.7824393035,0.0,4989.0
0.6908248446323584,0.0,0.3597628805,0.612963532,0.0,4989.0
0.6913165875359025,0.0,0.2872529575,0.38461224949999995,0.0,4989.0
0.7155255901664355,0.0025914375,0.210944562,0.20115232049999998,0.0,4989.0
0.7686080643018829,0.133556543,0.11972859949999999,0.167349547,0.0,4989.0
0.792698415225393,0.309203424,0.062951997,0.178427514,0.0,4989.0
0.7866276564714529,0.483851692,0.051517109,0.173337089,0.0,4989.0
0.7802138279473012,0.60565852,0.054400314,0.156696238,0.0,4989.0
0.7745115363943336,0.68516948,0.049260943,0.108417118,0.0,4989.0
0.7679557948801627,0.6425336215,0.038889310499999996,0.083227987,0.0,4989.0
0.7740789903876271,0.455574374,0.0262275865,0.101497403,0.0,4989.0
0.791334398125099,0.251675375,0.02516521,0.104245959,0.0,4989.0
0.7961603782777121,0.124410277,0.041674614,0.111589195,0.0,4989.0
0.7980953336230671,0.037369858,0.079599686,0.150221135,0.0,4989.0
0.7931808157259231,0.001204827,0.130276389,0.204710177,0.0,4989.0
0.7574962259758649,0.0,0.1699351025,0.268488658,0.0,4989.0
0.7204460697696922,0.0,0.199654977,0.352437746,0.0,4989.0
0.7033932740689393,0.0,0.232695863,0.40606614750000003,0.0,4989.0
0.6986817914990269,0.0,0.219434551,0.376666179,0.0,4989.0
0.7105771790165425,0.0,0.18910877199999998,0.29111106,0.0,4989.0
0.8095467209676325,0.0016842915,0.157391512,0.2113375205,0.0,4989.0
0.821823484796268,0.030134332,0.132655342,0.21206568,0.0,4989.0
0.8195212364590734,0.066486836,0.118956676,0.238073112,0.0,4989.0
0.8151147515851443,0.13426105,0.10395511,0.285042246,0.0,4989.0
0.8107789649802549,0.185449887,0.094523845,0.345849355,0.0,4989.0
0.8085499496532199,0.228244282,0.1077731,0.396397631,0.0,4989.0
0.805489408250036,0.2691694575,0.1350307225,0.504538932,0.0,4989.0
0.8059574443838924,0.29153315599999996,0.26676196750000003,0.6268392979999999,0.0,4989.0
0.8172066889377209,0.2382113025,0.410068055,0.6657425859999999,0.0,4989.0
0.8223373382203434,0.145084399,0.479482372,0.678546007,0.0,4989.0
0.8197509825430948,0.069469258,0.50468403,0.71361456,0.0,4989.0
0.8173451749627473,0.001946532,0.52954631,0.74931791,0.0,4989.0
0.8026915676916588,0.0,0.553706145,0.789599033,0.0,4989.0
0.7467033045384346,0.0,0.5638371775,0.818425198,0.0,4989.0
0.7097645240692761,0.0,0.619394927,0.8578517029999999,0.0,4989.0
0.7079174721579274,0.0,0.585466587,0.849793257,0.0,4989.0
0.7611932165523245,0.0,0.528510453,0.792989581,0.0,4989.0
0.8414306671114065,0.010451306,0.476470419,0.728213783,0.0,4989.0
0.8292408907336147,0.136882761,0.444023287,0.676558445,0.0,4989.0
0.8271475453304703,0.284281581,0.357366335,0.587523596,0.0,4989.0
0.8314649297398367,0.433987518,0.297519253,0.482990375,0.0,4989.0
0.8268787414742984,0.575605613,0.243317857,0.398854781,0.0,4989.0
0.8226184412606731,0.705386165,0.215629913,0.365843015,0.0,4989.0
0.8136334673817274,0.817902986,0.147324317,0.305363045,0.0,4989.0
0.8099329326069352,0.8523306385,0.1435349155,0.32154765500000004,0.0,4989.0
0.813280773848486,0.7385496300000001,0.1232808875,0.33199008649999995,0.0,4989.0
0.816218227122442,0.437894476,0.1093018655,0.3296973635,0.0,4989.0
0.8130105150484102,0.164997904,0.158404051,0.32760231,0.0,4989.0
0.8181954324256377,0.004219326,0.166842781,0.318294953,0.0,4989.0
0.7957789078672979,0.0,0.136537803,0.322551626,0.0,4989.0
0.7275356631526179,0.0,0.100895743,0.3673366265,0.0,4989.0
0.7165501289008084,0.0,0.085194294,0.3824896075,0.0,4989.0
0.7275750260440743,0.0,0.0999954755,0.354922609,0.0,4989.0
0.8248439827293794,0.0106785645,0.1274798765,0.3349346495,0.0,4989.0
0.8334901122403063,0.202024181,0.133426777,0.334469752,0.0,4989.0
0.8235983594227608,0.388643468,0.102078688,0.34027551,0.0,4989.0
0.8208235688147454,0.560350762,0.067963609,0.342152788,0.0,4989.0
0.8138778598176829,0.713618368,0.071751442,0.350972792,0.0,4989.0
0.8112881240687777,0.831902149,0.091163357,0.376242389,0.0,4989.0
0.8103504561771532,0.905354852,0.103323812,0.380210922,0.0,4989.0
0.8084139517886,0.8906552335,0.131968353,0.439784584,0.0,4989.0
0.8118379840719432,0.703325321,0.14607811650000002,0.4779025415,0.0,4989.0
0.8163057316504703,0.475450358,0.154719899,0.466000113,0.0,4989.0
0.8161758833779291,0.299483158,0.187996472,0.442025361,0.0,4989.0
0.8136281152889822,0.138942738,0.217352459,0.409293536,0.0,4989.0
0.8197135210201008,0.005061202,0.23108388,0.372526081,0.0,4989.0
0.8003896013397244,0.0,0.2128292295,0.29801220500000003,0.0,4989.0
0.7343694089954775,0.0,0.181496045,0.225452724,0.0,4989.0
0.720900514964296,0.0,0.1679934365,0.177854557,0.0,4989.0
0.7165763235182803,0.0,0.1270302975,0.130919253,0.0,4989.0
0.7705867011023149,0.0,0.102072372,0.1075133265,0.0,4989.0
0.8399301825878883,0.09208797599999999,0.07070775,0.094155354,0.0,4989.0
0.8224474700334655,0.324891058,0.029098044,0.101228808,0.0,4989.0
0.8167347093869318,0.481363823,0.016646702,0.106541484,0.0,4989.0
0.8107704210144415,0.621951725,0.018349224,0.111823259,0.0,4989.0
0.8076213890726849,0.73122049,0.026348653,0.106424449,0.0,4989.0
0.8057264306166886,0.778774065,0.022357574,0.078986799,0.0,4989.0
0.8032854148944516,0.77673344,0.0302322285,0.085511425,0.0,4989.0
0.8047478742370775,0.6769225755,0.041429767500000006,0.095893704,0.0,4989.0
0.8094801064829115,0.490184387,0.048613831,0.091219007,0.0,4989.0
0.8102605103820543,0.310926468,0.075805106,0.092900212,0.0,4989.0
0.8076895526006043,0.141766802,0.104862737,0.105513246,0.0,4989.0
0.8102473661799823,0.003148115,0.1199447115,0.12491563250000001,0.0,4989.0
0.7554755974435622,0.0,0.10921410849999999,0.108760885,0.0,4989.0
0.7196774017094311,0.0,0.100425163,0.114948157,0.0,4989.0
0.7150529537963206,0.0,0.0793698695,0.103589581,0.0,4989.0
0.7260556463197609,0.0,0.059741497000000005,0.14057124399999998,0.0,4989.0
0.8233647640211008,0.018824977,0.0629337355,0.189024147,0.0,4989.0
0.8295805810574143,0.218498688,0.062969813,0.211591258,0.0,4989.0
0.8200787482041799,0.403553198,0.043551035,0.209511614,0.0,4989.0
0.8118359651575187,0.583044561,0.021278837,0.197286945,0.0,4989.0
0.807713869608904,0.734212679,0.018890909,0.193140679,0.0,4989.0
0.8033241906813418,0.8841654999999999,0.023923884,0.18855738049999998,0.0,4989.0
0.7947804002489656,0.9203537785,0.032237375,0.19658962000000002,0.0,4989.0
0.7975781936013847,0.759521918,0.0426211185,0.2156342105,0.0,4989.0
0.7997376370373102,0.538340882,0.060789936,0.240782339,0.0,4989.0
0.8093101675343397,0.356967527,0.096555973,0.275453059,0.0,4989.0
0.804295471090944,0.176227241,0.143724479,0.322998416,0.0,4989.0
0.8097007452558432,0.00862524,0.197817322,0.383918905,0.0,4989.0
0.7863986616186737,0.0,0.26278560900000003,0.47406857700000005,0.0,4989.0
0.7101706869473001,0.0,0.337729942,0.5513163569999999,0.0,4989.0
0.7028488833918589,0.0,0.37855275499999996,0.5763985549999999,0.0,4989.0
0.705301119126282,0.0,0.38804632549999996,0.5847843580000001,0.0,4989.0
0.7315057995955377,0.023866123,0.35785601499999997,0.5675576524999999,0.0,4989.0
0.7649358602923273,0.227940616,0.290523672,0.558998134,0.0,4989.0
0.7700022900892078,0.41421535,0.216788458,0.563366496,0.0,4989.0
0.7766136133366354,0.593911189,0.144073865,0.561183089,0.0,4989.0
0.7677334660714025,0.745938072,0.133696132,0.558187475,0.0,4989.0
0.7568920275380904,0.860328646,0.141630812,0.549307733,0.0,4989.0
0.7424533793190811,0.930204703,0.127730451,0.490524111,0.0,4989.0
0.7383894712100918,0.9309339655,0.1466471595,0.4894439705,0.0,4989.0
0.7439933205207276,0.752034619,0.15114555000000002,0.4671470555,0.0,4989.0
0.7513730539150685,0.504623119,0.173388275,0.446244008,0.0,4989.0
0.7597378452937414,0.320700861,0.197353735,0.413859012,0.0,4989.0
0.7717798876554092,0.148266921,0.211237765,0.381064117,0.0,4989.0
0.7848429705085866,0.009048454,0.188824397,0.320794592,0.0,4989.0
0.7662884229137554,0.0,0.168678942,0.237837202,0.0,4989.0
0.728919654938301,0.0,0.127012411,0.1348298895,0.0,4989.0
0.7015417629139622,0.0,0.105847263,0.0846239225,0.0,4989.0
0.7038395510696618,0.0,0.0904639425,0.0972768,0.0,4989.0
0.7137191688297255,0.0,0.117680635,0.1235075955,0.0,4989.0
0.7511437304963153,0.1307938375,0.169254129,0.1688354535,0.0,4989.0
0.7664569531865146,0.375557268,0.139688325,0.171337812,0.0,4989.0
0.7699700862470427,0.54247917,0.088549133,0.180029274,0.0,4989.0
0.7611439719844906,0.679966739,0.058598762,0.187666631,0.0,4989.0
0.7438481215583461,0.8248037564999999,0.041415153499999996,0.19077424799999998,0.0,4989.0
0.7474785445434206,0.8603305235,0.033317199000000006,0.1942990855,0.0,4989.0
0.7612633983694238,0.6671983655,0.050879964,0.23617189500000002,0.0,4989.0
0.7800737931916988,0.452473391,0.105708983,0.251106624,0.0,4989.0
0.7820041942562644,0.302828566,0.160960666,0.258171962,0.0,4989.0
0.7844612656314927,0.152595679,0.21392343,0.280642492,0.0,4989.0
0.7730745673312736,0.0055184555,0.25074622550000003,0.290307228,0.0,4989.0
0.7249321254444481,0.0,0.2274201045,0.25106278400000004,0.0,4989.0
0.6980982955312157,0.0,0.18132111750000002,0.1876564225,0.0,4989.0
0.6918230236847167,0.0,0.143732896,0.143683992,0.0,4989.0
0.7471772554850677,0.0,0.109105601,0.113725266,0.0,4989.0
0.8218941830653075,0.080175452,0.07932615600000001,0.0979987925,0.0,4989.0
0.812851091461496,0.171668206,0.041686014,0.084434189,0.0,4989.0
0.8111204385013103,0.257541231,0.024574332,0.063215309,0.0,4989.0
0.8099001651068717,0.329323384,0.019141034,0.048007546,0.0,4989.0
0.8064816724896176,0.4050411865,0.019555199000000002,0.040930043,0.0,4989.0
0.8016644238761617,0.4853818995,0.023643591499999998,0.042294417,0.0,4989.0
0.7975919017739772,0.438659895,0.025654175,0.042745337,0.0,4989.0
0.8033901008281565,0.313866687,0.0370816415,0.043098961,0.0,4989.0
0.8046723409524774,0.1354761105,0.065497975,0.0522086285,0.0,4989.0
0.7947236443065763,0.0035980135,0.074771964,0.07273094150000001,0.0,4989.0
0.7299380437679727,0.0,0.066842492,0.08390297199999999,0.0,4989.0
0.6962564550326044,0.0,0.07226731,0.089272584,0.0,4989.0
0.6901005154717443,0.0,0.062015806500000006,0.0911153985,0.0,4989.0
0.7020230370365625,0.0,0.0622988825,0.1043731105,0.0,4989.0
0.8076081507713189,0.015292102,0.0906272925,0.1338301925,0.0,4989.0
0.8187112572455574,0.066437716,0.097896208,0.155584585,0.0,4989.0
0.8154458035312142,0.109736965,0.0778883,0.149830504,0.0,4989.0
0.8137036960921628,0.164851137,0.05970809,0.158485754,0.0,4989.0
0.8114315864146172,0.202670496,0.052310544,0.199414819,0.0,4989.0
0.8106863906573639,0.224224574,0.053810183,0.250293557,0.0,4989.0
0.8097617728685171,0.266379536,0.049556532,0.22977206,0.0,4989.0
0.8086392383163707,0.267992981,0.071926642,0.267145788,0.0,4989.0
0.8104260835610473,0.231741632,0.11456764,0.3490557865,0.0,4989.0
0.8134019374752057,0.163270944,0.145519108,0.421019633,0.0,4989.0
0.8155829752923447,0.108684262,0.172483015,0.458718119,0.0,4989.0
0.8072171979031274,0.057465973,0.195104829,0.475496146,0.0,4989.0
0.805536681422026,0.008718711,0.207206401,0.470794647,0.0,4989.0
0.7925050039738133,0.0,0.204099419,0.445696632,0.0,4989.0
0.7360666848422319,0.0,0.1927531785,0.39303528050000003,0.0,4989.0
0.6974335155927036,0.0,0.1869005625,0.320030864,0.0,4989.0
0.6943295740944586,0.0,0.176527195,0.299146248,0.0,4989.0
0.7516195824987886,0.0,0.170362316,0.266059084,0.0,4989.0
0.8294359920210226,0.056387119,0.150487456,0.223152121,0.0,4989.0
0.8191311282961737,0.167982195,0.117525097,0.202864696,0.0,4989.0
0.8141957672490585,0.31159479,0.076675248,0.157677597,0.0,4989.0
0.8105962572889212,0.471332486,0.045086952,0.124164802,0.0,4989.0
0.8055651294206023,0.592540538,0.026772587,0.119829382,0.0,4989.0
0.79744956611869,0.686979241,0.020833871,0.133476428,0.0,4989.0
0.7948758853975314,0.723759791,0.020681871,0.143900643,0.0,4989.0
0.7894871351937385,0.688382702,0.028584042,0.18035712,0.0,4989.0
0.7932737661333686,0.48993769400000003,0.0437846415,0.2781008535,0.0,4989.0
0.8030151085757954,0.289970495,0.080766397,0.315539777,0.0,4989.0
0.8089455974822086,0.15949833,0.103745641,0.316474678,0.0,4989.0
0.8026745741719482,0.07972498,0.122145449,0.383538942,0.0,4989.0
0.8026930701541433,0.011175828,0.139692651,0.40317905,0.0,4989.0
0.7879050140616327,0.0,0.14687862,0.426723384,0.0,4989.0
0.7291144273471126,0.0,0.154370593,0.47750574700000004,0.0,4989.0
0.6924470092345365,0.0,0.176909767,0.534930933,0.0,4989.0
0.6867351170525849,0.0,0.1823026735,0.5511427904999999,0.0,4989.0
0.6984153113639635,0.0,0.22223736249999998,0.6017643205000001,0.0,4989.0
0.8024791912119023,0.0279977155,0.262899207,0.6212312555,0.0,4989.0
0.8183835853711442,0.169004798,0.243597201,0.663959897,0.0,4989.0
0.8119495708289692,0.349618129,0.164755248,0.671196077,0.0,4989.0
0.8086477822821843,0.515344324,0.12113176,0.643677806,0.0,4989.0
0.8044784601422935,0.68174397,0.108255813,0.590908433,0.0,4989.0
0.7937253711549238,0.811476287,0.110816378,0.533409318,0.0,4989.0
0.7828104413854818,0.885823683,0.1237736755,0.4874018815,0.0,4989.0
0.7754312244430812,0.820798793,0.144548148,0.43617997649999996,0.0,4989.0
0.7768334542976113,0.662933532,0.191722447,0.424817378,0.0,4989.0
0.7781585074124269,0.521021211,0.232957739,0.397463744,0.0,4989.0
0.7791096011787615,0.353508545,0.282405184,0.381251973,0.0,4989.0
0.7839864693543231,0.183726085,0.316633147,0.334174828,0.0,4989.0
0.7982897771532825,0.031355806,0.310645144,0.281784094,0.0,4989.0
0.7828690042844172,0.0,0.282781624,0.245643859,0.0,4989.0
0.7287522744901396,0.0,0.23598991349999998,0.263450485,0.0,4989.0
0.6962466671428987,0.0,0.208536459,0.412498551,0.0,4989.0
0.6946241974214147,0.0,0.1948170015,0.531532481,0.0,4989.0
0.7517842400072413,0.0,0.19222566149999998,0.5761368585,0.0,4989.0
0.8234481372462303,0.030077717500000004,0.20382186800000002,0.627497099,0.0,4989.0
0.8121416671914083,0.094361827,0.205046058,0.642017199,0.0,4989.0
0.8073225409687804,0.144523877,0.194644113,0.627701237,0.0,4989.0
0.800823367823655,0.2522467,0.192612048,0.585930201,0.0,4989.0
0.7898251348564652,0.368823697,0.18779835,0.52508926,0.0,4989.0
0.7789971697164435,0.477788461,0.193269798,0.442350354,0.0,4989.0
0.7730933218520607,0.6132534110000001,0.18352645899999998,0.375143707,0.0,4989.0
0.7722683911673045,0.551924243,0.168867443,0.3234426665,0.0,4989.0
0.7745170285418422,0.353054484,0.164433283,0.301292941,0.0,4989.0
0.778012744792147,0.184012308,0.17405081,0.296672975,0.0,4989.0
0.7778492377335366,0.066116126,0.174769504,0.311732169,0.0,4989.0
0.7883710781744006,0.01107176,0.169176751,0.32593556,0.0,4989.0
0.7752169703541525,0.0,0.154520607,0.344656878,0.0,4989.0
0.7103819839424625,0.0,0.122274435,0.411197825,0.0,4989.0
0.6706665815242081,0.0,0.091062819,0.532440614,0.0,4989.0
0.66474055279929,0.0,0.1040244695,0.6014134959999999,0.0,4989.0
0.6684794879016622,0.0,0.15767111350000002,0.6483913965,0.0,4989.0
0.6899175261077726,0.008528662,0.244629415,0.6670879095,0.0,4989.0
0.7416918002807295,0.047031143,0.274228748,0.652106648,0.0,4989.0
0.7640399731125617,0.119889712,0.289628958,0.633580717,0.0,4989.0
0.7786236330332307,0.180474904,0.299418771,0.616943468,0.0,4989.0
0.7763347167840742,0.321236448,0.309093641,0.5923931,0.0,4989.0
0.7673790356089968,0.395072649,0.320986914,0.571758515,0.0,4989.0
0.7671033784480844,0.462082342,0.288668319,0.550884867,0.0,4989.0
0.7610594717561866,0.4866996455,0.2773708035,0.5538263265000001,0.0,4989.0
0.7633503359545193,0.39914196049999995,0.241659806,0.5451754825,0.0,4989.0
0.7801328956766199,0.231567649,0.22297299,0.544645126,0.0,4989.0
0.7809778954586817,0.15153962,0.218052276,0.556888982,0.0,4989.0
0.7796858439979872,0.082604521,0.22210719,0.56828438,0.0,4989.0
0.7789616795892936,0.018391433,0.22836515,0.572987582,0.0,4989.0
0.7583862686828576,0.0,0.226359173,0.581803888,0.0,4989.0
0.7144744110152766,0.0,0.20804209550000002,0.5929365179999999,0.0,4989.0
0.6803430942422808,0.0,0.1898557505,0.5879216695,0.0,4989.0
0.6758102349541393,0.0,0.16852697700000002,0.581432527,0.0,4989.0
0.6879818904964239,0.0005601815,0.157455338,0.5655086855,0.0,4989.0
0.731950057994458,0.055939970000000006,0.1139591825,0.505062916,0.0,4989.0
0.7697369600913646,0.151514654,0.074871704,0.43818822,0.0,4989.0
0.78265014995923,0.256356898,0.065884698,0.397882727,0.0,4989.0
0.7854777061993661,0.309922196,0.057359206,0.355814742,0.0,4989.0
0.7839068519727824,0.307028996,0.049763283,0.312469942,0.0,4989.0
0.7829081564684839,0.364220479,0.03712725,0.218416548,0.0,4989.0
0.7814457437065718,0.3737073655,0.038232188,0.20262767450000002,0.0,4989.0
0.7899629637495438,0.329710083,0.038502355,0.1906956305,0.0,4989.0
0.7984882585123471,0.243546665,0.034108277,0.16824668,0.0,4989.0
0.8003815269325151,0.168810906,0.027888937,0.122348958,0.0,4989.0
0.7992809615956478,0.111212717,0.03328234,0.091964645,0.0,4989.0
0.7938626367027263,0.032932736,0.038936588,0.070690124,0.0,4989.0
0.7703717426754799,0.0,0.043639057,0.05693051,0.0,4989.0
0.7349725510827039,0.0,0.056155011000000005,0.055761174999999996,0.0,4989.0
0.7116229129135286,0.0,0.073608919,0.084749392,0.0,4989.0
0.7070988320578804,0.0,0.0768272725,0.14287759249999998,0.0,4989.0
0.7186027030493062,0.0,0.0874987495,0.217635795,0.0,4989.0
0.8135564316346429,0.029123141,0.1014101445,0.3233966095,0.0,4989.0
0.8225304674866628,0.102685288,0.082269926,0.422516692,0.0,4989.0
0.819925240055287,0.186144035,0.060117951,0.469297268,0.0,4989.0
0.8149947615423128,0.364708012,0.065629027,0.497542266,0.0,4989.0
0.8118797172652217,0.524409778,0.083089317,0.521964532,0.0,4989.0
0.8107945504493974,0.525255928,0.10174208,0.536299792,0.0,4989.0
0.8073679831123117,0.4968270575,0.108650394,0.5358731815,0.0,4989.0
0.804885562450148,0.467961216,0.134275502,0.559684952,0.0,4989.0
0.8093194158380593,0.4208482405,0.1548032915,0.5660559869999999,0.0,4989.0
0.8152783996363848,0.265913512,0.183782881,0.6108050495,0.0,4989.0
0.8082039693699558,0.102353514,0.290637819,0.667972071,0.0,4989.0
0.8030877316599652,0.011810164,0.41983236150000003,0.737144151,0.0,4989.0
0.7404911495590378,0.0,0.4736180975,0.8092518344999999,0.0,4989.0
0.7040758931703206,0.0,0.506865138,0.845730277,0.0,4989.0
0.6945193704950796,0.0,0.537325109,0.8504836935,0.0,4989.0
0.7036393334066774,0.0,0.5564522974999999,0.853514447,0.0,4989.0
0.80745511218103,0.012925826000000001,0.5532573365,0.8501696935,0.0,4989.0
0.8172433054428007,0.063560856,0.5209978165,0.8552375785,0.0,4989.0
0.813736463279604,0.152399929,0.491058657,0.852320039,0.0,4989.0
0.8105922197726942,0.165395305,0.48957826000000004,0.836078804,0.0,4989.0
0.8062885901166341,0.19132914750000002,0.46917241649999997,0.8057657444999999,0.0,4989.0
0.8058682967133717,0.1734334295,0.5157292795,0.8065997275,0.0,4989.0
0.8115751891278424,0.142499084,0.503736088,0.8075742265,0.0,4989.0
0.809808529901189,0.081518535,0.4498423965,0.8072821370000001,0.0,4989.0
0.7975697437348654,0.0126494595,0.42508909100000003,0.7595416305,0.0,4989.0
0.7342343736947338,0.0,0.367259973,0.6517209065,0.0,4989.0
0.6985708149806129,0.0,0.31057676,0.537474639,0.0,4989.0
0.6917632868892709,0.0,0.26929032750000004,0.451193752,0.0,4989.0
0.7006201500500844,0.0,0.23254905199999998,0.398894784,0.0,4989.0
0.8016549879990982,0.012788538,0.1953847575,0.42106012000000004,0.0,4989.0
0.8177418550703717,0.05788673,0.166156775,0.452871707,0.0,4989.0
0.8128818872530932,0.11425943,0.151964837,0.440889112,0.0,4989.0
0.811271411909083,0.164763877,0.139642879,0.429250971,0.0,4989.0
0.8108871247722884,0.23189831,0.141134452,0.423833965,0.0,4989.0
0.8088649465715432,0.300014923,0.137123054,0.409257659,0.0,4989.0
0.8099672019442388,0.367148946,0.085287545,0.335407424,0.0,4989.0
0.8081741126955669,0.381599413,0.11147987,0.329896499,0.0,4989.0
0.8074771761208477,0.41780423850000004,0.131644087,0.3747739605,0.0,4989.0
0.8112826781893606,0.306777055,0.143217068,0.436686897,0.0,4989.0
0.8108940724889455,0.242868788,0.150423673,0.439447106,0.0,4989.0
0.813503994255874,0.189573529,0.162325837,0.422346987,0.0,4989.0
0.8063832768279994,0.11651174,0.176274259,0.413758386,0.0,4989.0
0.8044086072037905,0.055742067,0.195117917,0.394223719,0.0,4989.0
0.7924352448219821,0.0,0.198672127,0.372384189,0.0,4989.0
0.7370709434592875,0.0,0.174405103,0.335190828,0.0,4989.0
0.7060234759531853,0.0,0.173449883,0.332817967,0.0,4989.0
0.6982889135030829,0.0,0.151864994,0.33990266700000005,0.0,4989.0
0.7087558293426381,0.0,0.13014766700000002,0.29847098,0.0,4989.0
0.80670564444087,0.0413372455,0.10364907000000001,0.22514767800000002,0.0,4989.0
0.8189747096342285,0.169276759,0.053800317,0.178054497,0.0,4989.0
0.8155737741945831,0.288945796,0.040428357,0.1481933,0.0,4989.0
0.8114440731721189,0.413222674,0.046203533,0.134935545,0.0,4989.0
0.808689187222111,0.543569256,0.063437357,0.140206986,0.0,4989.0
0.8054850424804575,0.592635759,0.08092642,0.177803343,0.0,4989.0
0.8046880202082918,0.6977784635,0.0774907305,0.2133663895,0.0,4989.0
0.8037530749437535,0.6079298870000001,0.110595027,0.224559713,0.0,4989.0
0.8103689993653063,0.469903744,0.1293610175,0.227180386,0.0,4989.0
0.8105333514418308,0.291028017,0.124846983,0.237815338,0.0,4989.0
0.8028881708163066,0.17063036,0.135030745,0.26638907,0.0,4989.0
0.8030464677126687,0.085461962,0.162291814,0.297505404,0.0,4989.0
0.7932987405862387,0.0,0.188452166,0.325478015,0.0,4989.0
0.7426709665863305,0.0,0.1904315405,0.315527282,0.0,4989.0
0.7043024702026973,0.0,0.1961809785,0.257555638,0.0,4989.0
0.701294764771638,0.0,0.1339045425,0.1682355285,0.0,4989.0
0.7578754430051745,0.0034507315,0.1120601175,0.125969001,0.0,4989.0
0.8318174825930702,0.111739802,0.082055259,0.110412578,0.0,4989.0
0.8197260077776025,0.211120443,0.040688262,0.102873707,0.0,4989.0
0.8154132239171167,0.359284006,0.02004478,0.11196761,0.0,4989.0
0.8114440731721189,0.550329737,0.022420188,0.136230079,0.0,4989.0
0.8058288631692891,0.683880084,0.030426329,0.149080941,0.0,4989.0
0.8056270961504844,0.783942146,0.040465337,0.168848419,0.0,4989.0
0.798378032912553,0.7917654089999999,0.036300924,0.18012054300000002,0.0,4989.0
0.7963485315358407,0.665475662,0.042214532,0.2271854075,0.0,4989.0
0.8088303017749296,0.4383310125,0.0443415355,0.2775273035,0.0,4989.0
0.8105333514418308,0.271233642,0.047292123,0.297876129,0.0,4989.0
0.8034597661933158,0.17200112,0.060660339,0.310782945,0.0,4989.0
0.8030464677126687,0.082992597,0.076324963,0.31563138,0.0,4989.0
0.7925050039738133,0.0,0.090143784,0.283401875,0.0,4989.0
0.735176196023303,0.0,0.091238589,0.211087499,0.0,4989.0
0.6978974441829513,0.0,0.087688826,0.23612781,0.0,4989.0
0.6895501155699708,0.0,0.07363734250000001,0.229599476,0.0,4989.0
0.688931059447628,0.0,0.063080567,0.20590380149999998,0.0,4989.0
0.7120643076927323,0.057913172,0.0589634535,0.18237371149999998,0.0,4989.0
0.7507693484825662,0.197749806,0.034492474,0.179178021,0.0,4989.0
0.7673393207048984,0.342445397,0.018989437,0.177150032,0.0,4989.0
0.777395754790187,0.44090156,0.018091358,0.177360933,0.0,4989.0
0.7747426436355871,0.58607858,0.020726821,0.177118749,0.0,4989.0
0.7673790356089968,0.652618458,0.023728876,0.182606573,0.0,4989.0
0.7662405632624438,0.691044166,0.0385176045,0.2044071275,0.0,4989.0
0.7660075780993958,0.588754554,0.043600015000000006,0.23682483399999998,0.0,4989.0
0.7768523257391162,0.447874487,0.0455437945,0.3104887745,0.0,4989.0
0.781422787542882,0.27029664,0.05974103,0.365152553,0.0,4989.0
0.7794672710328159,0.156149288,0.073646578,0.38052446,0.0,4989.0
0.7714953104441287,0.042083311,0.1007897325,0.3573956545,0.0,4989.0
0.7212980404024567,0.0,0.13118337,0.3296715315,0.0,4989.0
0.6970167667003959,0.0,0.148146466,0.365149429,0.0,4989.0
0.6894308533117135,0.0,0.119160699,0.307902867,0.0,4989.0
0.6911196320859904,0.0,0.0934810655,0.241854895,0.0,4989.0
0.7124972526054167,0.063071939,0.090686464,0.19315559,0.0,4989.0
0.7485062992227742,0.199696004,0.055259987,0.153067364,0.0,4989.0
0.7643424826481386,0.306185461,0.031905688,0.134633534,0.0,4989.0
0.776093891993119,0.341364702,0.030541088,0.112955166,0.0,4989.0
0.7783813995664631,0.421927942,0.036007427,0.085601587,0.0,4989.0
0.7765133872718032,0.431328588,0.035790583,0.057722596,0.0,4989.0
0.7747233495288139,0.4541706045,0.024564964,0.0269189375,0.0,4989.0
0.7786222715633764,0.398656095,0.02389029,0.0270901,0.0,4989.0
0.7914505854310057,0.2545895255,0.023357878,0.0381539635,0.0,4989.0
0.7927145640398116,0.18197101,0.0281381,0.035115888,0.0,4989.0
0.7901274568186983,0.118893333,0.042414749,0.042710122,0.0,4989.0
0.7849173771026345,0.074740075,0.059582449,0.047366455,0.0,4989.0
0.7619735732455092,0.00152235,0.078497433,0.044703036,0.0,4989.0
0.7275837575832316,0.0,0.097717741,0.0475750865,0.0,4989.0
0.7031255500099838,0.0,0.090437969,0.050107167,0.0,4989.0
0.6990733080251166,0.0,0.0877870595,0.0469497535,0.0,4989.0
0.7555838275755996,0.006424321,0.087840984,0.0539557305,0.0,4989.0
0.8265619604208527,0.080207368,0.07066436450000001,0.0558296555,0.0,4989.0
0.8180949712688814,0.187064343,0.049643677,0.043524126,0.0,4989.0
0.813730266481567,0.31115353,0.039822137,0.035936142,0.0,4989.0
0.810201454790469,0.497426976,0.031944166,0.030438145,0.0,4989.0
0.8054152833286263,0.622565017,0.024683361,0.026615688,0.0,4989.0
0.8004896867245487,0.689007659,0.02020942,0.027127198,0.0,4989.0
0.792938629777736,0.6233453785,0.016849800999999998,0.0432477885,0.0,4989.0
0.7936333601773089,0.459557554,0.026538946,0.1011631705,0.0,4989.0
0.7959330737733834,0.313398589,0.036036565,0.150432101,0.0,4989.0
0.7988612787436197,0.207541679,0.056542277,0.194784209,0.0,4989.0
0.7982158870111749,0.110454578,0.087315541,0.244015279,0.0,4989.0
0.8003527969486783,0.051451004,0.134498464,0.307089152,0.0,4989.0
0.7873722888834301,0.001849433,0.170362726,0.36849306,0.0,4989.0
0.7046940104880772,0.0,0.2099569645,0.447760029,0.0,4989.0
0.6405247900254439,0.0,0.258942145,0.535482707,0.0,4989.0
0.6278567441373984,0.0,0.28915814100000004,0.593807585,0.0,3077.0
0.6298712465242902,0.0,0.3197537015,0.6414448420000001,0.0,1165.0
0.7009861522246958,0.0234676555,0.322450246,0.690605709,0.0,1165.0
0.769960415590677,0.061764066,0.283571624,0.722632622,0.0,1165.0
0.7759239061512113,0.099529186,0.276324747,0.733988259,0.0,1165.0
0.7764615607568909,0.155770098,0.3001742,0.7484687,0.0,1165.0
0.7765761987069772,0.209481754,0.37697463,0.76231143,0.0,1165.0
0.7751128002471431,0.228496856,0.41894255,0.711256321,0.0,1165.0
0.7751058997364444,0.200455649,0.445459286,0.655576063,0.0,1165.0
0.7761082569850374,0.1285783405,0.461287896,0.6481017364999999,0.0,1165.0
0.776332815728234,0.064608284,0.49120420500000006,0.566822108,0.0,1165.0
0.7720529162885295,0.030621408,0.528427109,0.613802082,0.0,1165.0
0.7591981255055458,0.0061335235,0.5644924579999999,0.7044857885,0.0,1165.0
0.6902892323877714,0.0,0.553995596,0.770193853,0.0,1165.0
0.6403696853147723,0.0,0.524226095,0.7661662915,0.0,1165.0
0.6311088657637036,0.0,0.501446984,0.7657585725,0.0,1165.0
0.6567469975167671,0.00171465,0.47565351300000003,0.7681862530000001,0.0,1165.0
0.7519971094922699,0.019558963,0.44477119249999997,0.7265203975,0.0,1165.0
0.7757000279866307,0.039457797,0.404085532,0.670761146,0.0,1165.0
0.7767068923100549,0.081876756,0.371693046,0.645906066,0.0,1165.0
0.7754553066720788,0.10328461,0.338920839,0.623311893,0.0,1165.0
0.7746563598974051,0.172110436,0.30474536,0.601049073,0.0,1165.0
0.7750750573641334,0.194435517,0.258948544,0.530421589,0.0,1165.0
0.772468092690971,0.262493845,0.2812532475,0.504393925,0.0,1165.0
0.7721574143362684,0.2424477605,0.2721163505,0.5004545485,0.0,1165.0
0.7739503863516004,0.1043496035,0.235776084,0.47583493750000005,0.0,1165.0
0.77119711915955,0.04058874,0.207444855,0.449944894,0.0,1165.0
0.7675394920997913,0.018879923,0.200357945,0.417920294,0.0,1165.0
0.7491634736874367,0.001089667,0.200705352,0.389089523,0.0,1165.0
0.6874582957633565,0.0,0.188457508,0.36990808,0.0,1165.0
0.6374631922717117,0.0,0.16901239299999998,0.3489305405,0.0,1165.0
0.6335229828431846,0.0,0.1376584655,0.288751337,0.0,1165.0
0.6599234917591781,0.002260186,0.128642916,0.2393112155,0.0,1165.0
0.7532654773173224,0.049095695,0.097033756,0.189130807,0.0,1165.0
0.775455165992071,0.128913218,0.070697372,0.18565386,0.0,1165.0
0.7738985829707338,0.200784581,0.064430064,0.230822272,0.0,1165.0
0.7700955684373828,0.252156646,0.070021293,0.300971519,0.0,1165.0
0.765818274704047,0.2922648865,0.078454481,0.3126256665,0.0,1165.0
0.7629767054846347,0.3062786915,0.0972380715,0.355894575,0.0,1165.0
0.7614180804148271,0.22114513400000002,0.14064946550000001,0.42541193749999995,0.0,1165.0
0.7649751293971119,0.08336533800000001,0.21015697449999998,0.5135961975,0.0,1165.0
0.7683564652980558,0.029059784,0.301121339,0.601560309,0.0,1165.0
0.76497679567365,0.013635014,0.377451339,0.656928729,0.0,1165.0
0.7438759830776007,0.001008212,0.431736696,0.715332317,0.0,1165.0
0.6799628912024267,0.0,0.4992909425,0.7864038280000001,0.0,1165.0
0.6280979447002858,0.0,0.532672261,0.838267433,0.0,1165.0
0.6178768532003311,0.0,0.6007641385,0.8756949395,0.0,1165.0
0.6217411536661126,0.0,0.6142021185,0.8794021795,0.0,1165.0
0.6933574958729003,0.0095917445,0.606334266,0.8476962175,0.0,1165.0
0.7681360616170482,0.034423309,0.622497083,0.803461268,0.0,1165.0
0.7756090499128961,0.065783476,0.607186286,0.777050207,0.0,1165.0
0.7750884363455075,0.091090804,0.56892428,0.757061274,0.0,1165.0
0.7749029588211291,0.128647235,0.538577814,0.743616535,0.0,1165.0
0.7737304747379983,0.159943569,0.518838183,0.711483789,0.0,1165.0
0.7727167571098333,0.196497538,0.460307467,0.639865925,0.0,1165.0
0.7718691050406894,0.236878454,0.4165368375,0.6111851405,0.0,1165.0
0.7719581120312021,0.23146645249999998,0.3477761365,0.533134621,0.0,1165.0
0.7737040687878921,0.126796571,0.26284170149999997,0.432487026,0.0,1165.0
0.7709628669385642,0.047303061,0.204858333,0.358611754,0.0,1165.0
0.7678584324350471,0.023397688,0.182253182,0.313929366,0.0,1165.0
0.749508045920133,0.001934013,0.176661576,0.286605814,0.0,1165.0
0.6813989680416145,0.0,0.167498892,0.272780287,0.0,1165.0
0.6226929517703534,0.0,0.148117508,0.202947849,0.0,1165.0
0.6123961625152383,0.0,0.140002332,0.176485584,0.0,1165.0
0.6170101183257859,0.0047323925,0.14768008900000001,0.17200833399999998,0.0,1165.0
0.6404735030965174,0.080788039,0.12962164599999998,0.156064348,0.0,1165.0
0.6867854179709671,0.215794827,0.113168556,0.12969132,0.0,1165.0
0.719953810414208,0.298682645,0.104353812,0.137368746,0.0,1165.0
0.7226151366560252,0.326169818,0.091140632,0.166743197,0.0,1165.0
0.7129699358688676,0.410871308,0.08285742,0.230520359,0.0,1165.0
0.7043754921928452,0.506802923,0.055248919,0.334441822,0.0,1165.0
0.6959213655703076,0.6074569665,0.08833483750000001,0.42966313050000005,0.0,1165.0
0.6909071849536077,0.5939199,0.1156628205,0.5002891905,0.0,1165.0
0.6943724811842474,0.3989585095,0.115083645,0.5072992075,0.0,1165.0
0.6980333010549412,0.20639962,0.134702289,0.510048402,0.0,1165.0
0.7071244170619848,0.116263031,0.173304969,0.514153114,0.0,1165.0
0.7050834608937843,0.006515124,0.197950809,0.511099255,0.0,1165.0
0.6688800648455056,0.0,0.215465257,0.5253932395,0.0,1165.0
0.628916655452959,0.0,0.2441271585,0.61897107,0.0,1165.0
0.6271206556912347,0.0,0.252821848,0.613637265,0.0,1165.0
0.6267483863785821,0.0,0.29395517849999997,0.6851811434999999,0.0,1165.0
0.6232988163908795,0.099122862,0.31507713049999997,0.747020136,0.0,1165.0
0.6437604808520702,0.264507965,0.263753981,0.786466456,0.0,1165.0
0.6644593087663303,0.425616536,0.192443199,0.782989998,0.0,1165.0
0.6866249621054171,0.553734256,0.209790978,0.798333577,0.0,1165.0
0.6864856307498542,0.655256605,0.255054393,0.821888428,0.0,1165.0
0.6882846348113029,0.729939218,0.310445421,0.834268979,0.0,1165.0
0.6888641404688454,0.7640815405000001,0.3160956625,0.777760689,0.0,1165.0
0.6918044104691818,0.7187187115,0.3726911425,0.7041907599999999,0.0,1165.0
0.6965989142515818,0.5596328645,0.3659433355,0.6179726475,0.0,1165.0
0.7006335058974125,0.35613456,0.374252771,0.534585045,0.0,1165.0
0.6990923670399655,0.205260862,0.393125459,0.508990598,0.0,1165.0
0.6944799841569551,0.104502969,0.413092261,0.512388974,0.0,1165.0
0.697269796888837,0.008474992,0.418718736,0.504797004,0.0,1165.0
0.6665860553548184,0.0,0.372439769,0.46210068,0.0,1165.0
0.6268249760449927,0.0,0.32380832449999997,0.33996726899999996,0.0,1165.0
0.6286579911865126,0.0,0.239224706,0.27765813,0.0,1165.0
0.6399092312080976,0.0,0.1746259725,0.228232554,0.0,1165.0
0.7045804986032986,0.0978948,0.12398436,0.285076377,0.0,1165.0
0.7654336586886562,0.25161889,0.073388284,0.397640139,0.0,1165.0
0.7664047515249146,0.388648217,0.061569058,0.464719434,0.0,1165.0
0.7578804427726555,0.471878818,0.078275239,0.522806255,0.0,1165.0
0.7575624409293635,0.508677513,0.107277024,0.587380636,0.0,1165.0
0.7592219498211956,0.5579349785000001,0.156905864,0.633452822,0.0,1165.0
0.7625699086087084,0.570948107,0.25278373,0.7621481115,0.0,1165.0
0.7627892796984581,0.5114968545,0.35228126299999996,0.7650968245,0.0,1165.0
0.7604576442454787,0.39279463,0.368262508,0.692723922,0.0,1165.0
0.7634182881498045,0.292421865,0.387984611,0.723042289,0.0,1165.0
0.7629291275059611,0.191336685,0.441004258,0.74627388,0.0,1165.0
0.7550021391895789,0.127718575,0.506365331,0.738983384,0.0,1165.0
0.7242674396052301,0.012348792,0.562778106,0.720161736,0.0,1165.0
0.6685354929254316,0.0,0.577092913,0.681078249,0.0,1165.0
0.6257800171072767,0.0,0.557768624,0.713470594,0.0,1165.0
0.6160766520145395,0.0,0.47909738999999996,0.6837411165,0.0,1165.0
0.6194609692062112,0.000545779,0.3768821215,0.5668645885,0.0,1165.0
0.6899132306781979,0.11553709949999999,0.24241382849999998,0.39644800449999995,0.0,1165.0
0.7621082571588554,0.25649986,0.113861087,0.284376802,0.0,1165.0
0.7681000081446222,0.365979185,0.087493709,0.242735463,0.0,1165.0
0.7615159593118829,0.446532556,0.074515519,0.213966136,0.0,1165.0
0.7569190205927627,0.555062046,0.070794689,0.200844447,0.0,1165.0
0.757596287914021,0.71903958,0.07931718,0.193308624,0.0,1165.0
0.7578505392049307,0.831473489,0.067325094,0.184480774,0.0,1165.0
0.7594392088350932,0.869856177,0.06962375500000001,0.170976244,0.0,1165.0
0.7599526161472325,0.7483772280000001,0.051737309999999995,0.1525570415,0.0,1165.0
0.758517243645951,0.569384388,0.036443217,0.149099811,0.0,1165.0
0.7608403820264529,0.413454058,0.035127601,0.159711145,0.0,1165.0
0.7602940896682879,0.252214233,0.049967433,0.186787161,0.0,1165.0
0.7507582228822964,0.152996606,0.080860647,0.230996305,0.0,1165.0
0.7264176347374359,0.01332822,0.121084366,0.299552033,0.0,1165.0
0.675889124863728,0.0,0.1894907595,0.42772270599999995,0.0,1165.0
0.6316583031016009,0.0,0.282876601,0.606558027,0.0,1165.0
0.6303524034135506,0.0,0.33552050850000004,0.7434699845,0.0,1165.0
0.6375300174638223,0.000602188,0.3695892455,0.7987928975,0.0,1165.0
0.7010306555636411,0.1250291825,0.3505402515,0.809456774,0.0,1165.0
0.7615273668974128,0.308140921,0.275468498,0.810152849,0.0,1165.0
0.7660695679633237,0.467112899,0.20897597,0.804792874,0.0,1165.0
0.7583178237949225,0.610518245,0.202785547,0.80081941,0.0,1165.0
0.7570288235272885,0.738894897,0.2156309,0.799249739,0.0,1165.0
0.7578668286993572,0.844964518,0.232598432,0.80257422,0.0,1165.0
0.7581917307407258,0.912197591,0.242935178,0.79852922,0.0,1165.0
0.7593973577832303,0.9178316165,0.26705044099999997,0.814165779,0.0,1165.0
0.7598825987694313,0.778041125,0.27492299600000003,0.80507885,0.0,1165.0
0.7578996427801344,0.579508096,0.264784697,0.785390233,0.0,1165.0
0.7600946698172594,0.417520706,0.275180132,0.785705751,0.0,1165.0
0.7575255896449815,0.254560953,0.329825558,0.79276641,0.0,1165.0
0.7496593950998379,0.157217595,0.38548851,0.798524907,0.0,1165.0
0.7275711057611873,0.018899256,0.42225035,0.803393696,0.0,1165.0
0.676018621123627,0.0,0.4346377445,0.80605503,0.0,1165.0
0.631148580667802,0.0,0.463998661,0.819243645,0.0,1165.0
0.6290685439060275,0.0,0.453743874,0.8297329065,0.0,1165.0
0.6375184691982845,0.000896069,0.4181756055,0.8238160685,0.0,1165.0
0.7006711549937504,0.1396131995,0.3385007265,0.801231161,0.0,1165.0
0.7635288420029503,0.330911738,0.209414178,0.765924164,0.0,1165.0
0.7668254203874869,0.497414122,0.155626326,0.699203753,0.0,1165.0
0.7580624458134608,0.658622945,0.148398304,0.641149241,0.0,1165.0
0.75755262959299,0.793471174,0.154650157,0.586653851,0.0,1165.0
0.7582755735244595,0.89407542,0.182593985,0.548607979,0.0,1165.0
0.7588294238378936,0.953227719,0.184120883,0.475649422,0.0,1165.0
0.7607426438094049,0.9495750455,0.2168698705,0.443792607,0.0,1165.0
0.7617649995026774,0.7966397285,0.21013326300000001,0.42166237100000004,0.0,1165.0
0.7591636213889402,0.593264159,0.18959352,0.408202037,0.0,1165.0
0.762105393539139,0.430449002,0.194024044,0.410808665,0.0,1165.0
0.7617463625278523,0.265621476,0.244959974,0.429368312,0.0,1165.0
0.7545372955540353,0.164868398,0.315529155,0.45998265,0.0,1165.0
0.7229330440874008,0.02400709,0.367724482,0.51238597,0.0,1165.0
0.6683644038396397,0.0,0.3872045165,0.6198585025,0.0,1165.0
0.6226861683366833,0.0,0.3908828355,0.7866468135,0.0,1165.0
0.6211191869681929,0.0,0.33460841350000003,0.7783093635,0.0,1165.0
0.6466890150135249,0.0471517385,0.29584125699999997,0.7353589380000001,0.0,1165.0
0.7222625369094556,0.19806973,0.220274414,0.691856168,0.0,1165.0
0.7604596631599032,0.332825856,0.145143103,0.647963342,0.0,1165.0
0.7645505402516524,0.497707111,0.083486447,0.583011152,0.0,1165.0
0.7594925606339135,0.653960249,0.076221892,0.525523663,0.0,1165.0
0.7601736306920965,0.77884958,0.078924068,0.475810787,0.0,1165.0
0.7614929096741432,0.886949442,0.09359811,0.439823078,0.0,1165.0
0.7667025198316029,0.944772983,0.088105364,0.357105173,0.0,1165.0
0.7717156203384644,0.9439897155,0.105222324,0.36417670150000003,0.0,1165.0
0.7714568629105905,0.790531411,0.10538813250000001,0.3664153215,0.0,1165.0
0.7678497240299356,0.5077951955,0.08868959200000001,0.3535265265,0.0,1165.0
0.7653989201053707,0.263575026,0.113933441,0.340183846,0.0,1165.0
0.7596509982102834,0.163035513,0.13860463,0.330257681,0.0,1165.0
0.7265819402332466,0.028120514,0.148611216,0.329386241,0.0,1165.0
0.6599349462380439,0.0,0.141972311,0.344756096,0.0,1165.0
0.6092713541077319,0.0,0.135145684,0.347214262,0.0,1165.0
0.5960109636356892,0.0,0.11765601349999999,0.34667778000000005,0.0,1165.0
0.6020446361071096,0.0015040105,0.09744072200000001,0.338843111,0.0,1165.0
0.6080768063661433,0.133110695,0.0829490155,0.3238270555,0.0,1165.0
0.6371072362127758,0.321446853,0.055203797,0.297274906,0.0,1165.0
0.6616895407472194,0.487302769,0.02622973,0.273323642,0.0,1165.0
0.6866919045308677,0.640873747,0.019512681,0.249202071,0.0,1165.0
0.6994597544437214,0.772247613,0.021382805,0.229771181,0.0,1165.0
0.7048600529130523,0.861119542,0.027413839,0.22121933,0.0,1165.0
0.7148429716902986,0.9097116055,0.023274472999999997,0.175106862,0.0,1165.0
0.7209720113579137,0.8295265855,0.0216313015,0.1693374335,0.0,1165.0
0.7194035042991063,0.606713362,0.0192078465,0.1579218795,0.0,1165.0
0.7229161443543621,0.400372178,0.02418449,0.139417652,0.0,1165.0
0.7205732888891967,0.251063992,0.036498777,0.125830197,0.0,1165.0
0.7061486298901737,0.157815334,0.04742022,0.113970523,0.0,1165.0
0.6969624986057907,0.031794471,0.05324041,0.106253078,0.0,1165.0
0.6527817432953661,0.0,0.048766463999999995,0.0976474675,0.0,1165.0
0.6073571483757739,0.0,0.041164428,0.07656879,0.0,1165.0
0.5962917851596918,0.0,0.02832811,0.06812715,0.0,1165.0
0.6015082491846123,0.0018194135,0.019356501499999998,0.06256189100000001,0.0,1165.0
0.6089542445508367,0.149590859,0.016655032,0.065105147,0.0,1165.0
0.6357812908740879,0.329109922,0.015563779,0.064411304,0.0,1165.0
0.6626628394460018,0.489663002,0.009131305,0.060263901,0.0,1165.0
0.6904784413712037,0.632793348,0.006074305,0.056137157,0.0,1165.0
0.7065498642785873,0.766180358,0.007227126,0.055290403,0.0,1165.0
0.7204198510803078,0.881012193,0.007821424,0.0397032245,0.0,1165.0
0.735103385053167,0.9006303425,0.010847441499999999,0.025006846,0.0,1165.0
0.7415862690164882,0.803719612,0.013806612,0.030219406,0.0,1165.0
0.7432882626454631,0.602814879,0.0205481175,0.039129269,0.0,1165.0
0.7365084785274136,0.384542821,0.038154371,0.047600747,0.0,1165.0
0.7359993194388909,0.23515075,0.064758831,0.060549188,0.0,1165.0
0.7176438634417363,0.148189224,0.092143752,0.074888666,0.0,1165.0
0.7026241836560322,0.034813774,0.107783092,0.094687331,0.0,1165.0
0.6623284546342335,0.0,0.105587778,0.1133189675,0.0,1165.0
0.6220733559057137,0.0,0.0969076295,0.146523116,0.0,1165.0
0.6146617941597798,0.0,0.070895477,0.142103259,0.0,1165.0
0.6183048924135666,0.0022363155,0.056208667500000004,0.129233637,0.0,1165.0
0.6879443817674715,0.149133923,0.044259987,0.110583946,0.0,1165.0
0.7606231702185136,0.328079491,0.027120898,0.090426711,0.0,1165.0
0.7704949245913799,0.49124573,0.012949986,0.082330957,0.0,1165.0
0.7733763262608527,0.633902512,0.00826133,0.07688434,0.0,1165.0
0.7900115039794714,0.767006206,0.009732996,0.081345546,0.0,1165.0
0.8112009950000594,0.867082081,0.013609998,0.089880486,0.0,1165.0
0.8210840162784476,0.928973957,0.020593184,0.10814023,0.0,1165.0
0.8327988084931037,0.927694889,0.041627111,0.136183203,0.0,1165.0
0.8325577958161825,0.776143334,0.0644632985,0.2032134545,0.0,1165.0
0.8189320842170776,0.5044321355,0.0853015635,0.2520913275,0.0,1165.0
0.800898854214919,0.263284464,0.122024838,0.26169604,0.0,1165.0
0.7540196397056572,0.1042958645,0.15232248850000002,0.245625415,0.0,1165.0
0.6707056630556487,0.0,0.159634904,0.19176487450000002,0.0,1165.0
0.6261432728955117,0.0,0.149538624,0.163503758,0.0,1165.0
0.616651768111951,0.0,0.12481948650000001,0.1324963305,0.0,1165.0
0.6175388064254327,0.002451239,0.1113517265,0.122325203,0.0,1165.0
0.688136501889201,0.1434339685,0.0918867985,0.1225115905,0.0,1165.0
0.7612687032562109,0.316321705,0.042605714,0.106646342,0.0,1165.0
0.7710280724348506,0.470778008,0.020957169,0.097960049,0.0,1165.0
0.7758076250586327,0.604985386,0.016132728,0.090842941,0.0,1165.0
0.8024889559675621,0.721538137,0.0168047,0.091213829,0.0,1165.0
0.816766913229097,0.821611022,0.019702902,0.096935054,0.0,1165.0
0.8281360068331269,0.891857471,0.027462099,0.099271936,0.0,1165.0
0.8389016300965788,0.8787239325,0.035587267,0.1462455925,0.0,1165.0
0.8366859943761623,0.7149292535,0.0461732195,0.2018829815,0.0,1165.0
0.82825177209901,0.530656469,0.055858836,0.238588842,0.0,1165.0
0.8200612851258653,0.377090415,0.070753587,0.263480896,0.0,1165.0
0.8102319685968059,0.244821497,0.101163683,0.293842464,0.0,1165.0
0.7833001891338915,0.155470713,0.134225366,0.318649043,0.0,1165.0
0.7399127002520437,0.051047489,0.152300191,0.332738456,0.0,1165.0
0.6732891082198449,0.0,0.16751240150000002,0.3227581645,0.0,1165.0
0.6263261681601894,0.0,0.188686539,0.321282245,0.0,1165.0
0.6168502256492008,0.0,0.185217642,0.2844258755,0.0,1165.0
0.6178280544630734,0.003314011,0.1575768435,0.180919629,0.0,1165.0
0.6881446466364143,0.159226148,0.1070702835,0.1055842625,0.0,1165.0
0.7615450650676518,0.332259537,0.039091404,0.061367548,0.0,1165.0
0.7710965642161216,0.490510914,0.01636844,0.038960099,0.0,1165.0
0.7729381474266297,0.621020484,0.013415611,0.025289743,0.0,1165.0
0.7873075992138394,0.758693405,0.017191822,0.020079577,0.0,1165.0
0.7971970986502805,0.834392858,0.025050772,0.021197782,0.0,1165.0
0.815480495533786,0.8191255420000001,0.0307685475,0.043732756,0.0,1165.0
0.810584520824795,0.7375752655,0.036291727499999996,0.052061317999999995,0.0,1165.0
0.7909808833332335,0.5470669100000001,0.035314414,0.058055486999999996,0.0,1165.0
0.7771228196311164,0.287345625,0.0389562405,0.08617873549999999,0.0,1165.0
0.7623414302078694,0.136787791,0.051658366,0.106864469,0.0,1165.0
0.7338412374728197,0.048652285,0.063266793,0.134023796,0.0,1165.0
0.6707851869631396,0.0,0.08371070850000001,0.314395902,0.0,1165.0
0.6221587242859775,0.0,0.1369775545,0.588709496,0.0,1165.0
0.6149248706514698,0.0,0.17614853400000002,0.6430201925,0.0,1165.0
0.6381445903018865,0.060405559,0.18385477849999998,0.673434203,0.0,1165.0
0.7202215813664996,0.190276897,0.153683482,0.66407761,0.0,1165.0
0.7606231702185136,0.309163177,0.132044349,0.654174046,0.0,1165.0
0.7676254938527128,0.465453726,0.126369426,0.641607487,0.0,1165.0
0.761818375060788,0.619446159,0.120288829,0.632888053,0.0,1165.0
0.7626899452322539,0.734362792,0.120441497,0.63498232,0.0,1165.0
0.7668397384860693,0.828717737,0.125531857,0.645156409,0.0,1165.0
0.7768910080519567,0.874937896,0.155277104,0.67417921,0.0,1165.0
0.7784240484302819,0.841663147,0.16877119299999999,0.7028426729999999,0.0,1165.0
0.7675357597028705,0.628894033,0.19031929749999998,0.7187772029999999,0.0,1165.0
0.760949716027619,0.453750853,0.206798424,0.710112787,0.0,1165.0
0.7640240118714869,0.316904172,0.210640415,0.682181978,0.0,1165.0
0.7652324081217916,0.202343075,0.214544501,0.669564378,0.0,1165.0
0.7601634904771268,0.126657847,0.23511278,0.645908759,0.0,1165.0
0.7329721088810466,0.041710526,0.263325669,0.585636659,0.0,1165.0
0.6707283841274143,0.0,0.278478275,0.530568642,0.0,1165.0
0.6263261681601894,0.0,0.329557342,0.534602796,0.0,1165.0
0.6169085306347883,0.0,0.308185248,0.5125603830000001,0.0,1165.0
0.6177831521243635,0.002720861,0.31333285050000004,0.573424158,0.0,1165.0
0.6881478388221047,0.119627134,0.290796842,0.587077828,0.0,1165.0
0.7613240505227877,0.262181709,0.272761338,0.570753091,0.0,1165.0
0.768097473403502,0.398885794,0.290077156,0.567694188,0.0,1165.0
0.7643734191197438,0.534551401,0.314277309,0.572824843,0.0,1165.0
0.7583977700550595,0.638669243,0.3300056,0.587734619,0.0,1165.0
0.7571072210568496,0.73945877,0.344292351,0.604241632,0.0,1165.0
0.757030419776445,0.7895234785,0.33034175050000003,0.6181415295,0.0,1165.0
0.7589734495290092,0.7863938455,0.36637483049999997,0.5945145574999999,0.0,1165.0
0.7581711458167246,0.5873451494999999,0.37823688200000005,0.566929848,0.0,1165.0
0.7601873385520669,0.392235633,0.358556376,0.536741211,0.0,1165.0
0.7587850145982425,0.263617541,0.309944952,0.511185066,0.0,1165.0
0.7379660090678068,0.122894275,0.2882462895,0.49228693749999997,0.0,1165.0
0.6639414647193638,0.000521555,0.28674848249999996,0.47900686400000003,0.0,1165.0
0.6103891007252269,0.0,0.308093501,0.514243609,0.0,1165.0
0.598492281397853,0.0,0.26538159699999997,0.49815261850000003,0.0,1165.0
0.6032231288522137,0.0060888635,0.214465719,0.40837101600000003,0.0,1165.0
0.6108999264654345,0.1728960465,0.124120484,0.2851664995,0.0,1165.0
0.6394201874849719,0.343330712,0.069710278,0.186791201,0.0,1165.0
0.6621643839177248,0.504265704,0.07039223,0.129749913,0.0,1165.0
0.6841253590997101,0.657126059,0.102374701,0.104101958,0.0,1165.0
0.6869448409326367,0.766743014,0.133195254,0.112891882,0.0,1165.0
0.6880854262929086,0.815157549,0.1293712475,0.1800754075,0.0,1165.0
0.6907943539600673,0.8150888009999999,0.140553853,0.2657395965,0.0,1165.0
0.6949935090150565,0.7011652694999999,0.15582665099999998,0.36246384649999996,0.0,1165.0
0.7003854276452498,0.472059715,0.15676878700000002,0.458225913,0.0,1165.0
0.7035482374743585,0.271142446,0.151474128,0.493896907,0.0,1165.0
0.6973941061205334,0.178688003,0.181730215,0.520649108,0.0,1165.0
0.6936789246811849,0.072194605,0.212908798,0.538374874,0.0,1165.0
0.6597599609412774,0.000568754,0.2439367,0.507984486,0.0,1165.0
0.6148091056982089,0.0,0.250521158,0.425383473,0.0,1165.0
0.6054342579979947,0.0,0.23429361250000003,0.3453497385,0.0,1165.0
0.6112206037923791,0.006046453,0.1910309325,0.2456964565,0.0,1165.0
0.6145018310181419,0.137823725,0.1100954855,0.1368770115,0.0,1165.0
0.6375845197124851,0.276093351,0.038528637,0.084793042,0.0,1165.0
0.6584054503706733,0.422126895,0.037111784,0.102651102,0.0,1165.0
0.6838562269901866,0.543710972,0.060959652,0.146443813,0.0,1165.0
0.6885547529313707,0.662825785,0.098572213,0.219023925,0.0,1165.0
0.6917788723584135,0.7884590615,0.162418009,0.3121336285,0.0,1165.0
0.7050769358423954,0.7923943019999999,0.214250023,0.4288711255,0.0,1165.0
0.7096068377241485,0.574104821,0.2241665305,0.538522689,0.0,1165.0
0.7096364599318575,0.351204877,0.187517846,0.615935351,0.0,1165.0
0.7071849751160544,0.220312328,0.166025836,0.660665533,0.0,1165.0
0.7076094936088876,0.123013153,0.195739685,0.715320972,0.0,1165.0
0.7008991641486076,0.0423937165,0.28756901,0.7706205665,0.0,1165.0
0.6602418687491578,0.0006547395,0.387384824,0.778635572,0.0,1165.0
0.6259298631992527,0.0,0.462964683,0.793663346,0.0,1165.0
0.6162362161251507,0.0,0.4313406305,0.7275403435000001,0.0,1165.0
0.6181949955047954,0.0078040235,0.4014456635,0.6508731084999999,0.0,1165.0
0.6879012398983806,0.1621981925,0.34155924449999997,0.58909887,0.0,1165.0
0.7601372958596548,0.336135776,0.208113565,0.571871007,0.0,1165.0
0.7660038929084333,0.488071582,0.190262372,0.552071452,0.0,1165.0
0.7624221742799623,0.646300079,0.212892805,0.548539624,0.0,1165.0
0.766874852841287,0.779740328,0.246359567,0.526055818,0.0,1165.0
0.7713298779451435,0.875404285,0.304406862,0.508302465,0.0,1165.0
0.7788886810458138,0.93286863,0.293607003,0.439325231,0.0,1165.0
0.788864886573083,0.930996662,0.3489555245,0.5033824175,0.0,1165.0
0.7903502082927267,0.7825474515,0.31649629700000004,0.5841774135,0.0,1165.0
0.7802534959580636,0.5888302,0.253811976,0.597102004,0.0,1165.0
0.7803047122343639,0.43893421,0.203492328,0.570850052,0.0,1165.0
0.7760582142926253,0.283648079,0.191339453,0.547173087,0.0,1165.0
0.7476294007178533,0.1385520795,0.213678323,0.5177448259999999,0.0,1165.0
0.669035732588831,0.001015179,0.198324987,0.4369195135,0.0,1165.0
0.6258292144691524,0.0,0.18681709,0.378203269,0.0,1165.0
0.6160822149397234,0.0,0.130687766,0.3095164505,0.0,1165.0
0.6187215476442511,0.0087352695,0.096721486,0.317346858,0.0,1165.0
0.6878483332736298,0.17767522600000002,0.0854083215,0.379320389,0.0,1165.0
0.7604612118904791,0.348538919,0.051145781,0.383460168,0.0,1165.0
0.7694360461796994,0.502562193,0.047806503,0.350910405,0.0,1165.0
0.7664221677098932,0.63857335,0.061000263,0.328444771,0.0,1165.0
0.772283929743111,0.754802374,0.07798424,0.312541258,0.0,1165.0
0.7796338768030671,0.859583005,0.090763478,0.30050725,0.0,1165.0
0.7910281327459332,0.9175324615,0.10887365900000001,0.308701512,0.0,1165.0
0.7941641139596674,0.854543452,0.121852033,0.3302785,0.0,1165.0
0.7901270344660525,0.608431225,0.12939146,0.360698168,0.0,1165.0
0.7779576326174945,0.374774643,0.127719951,0.372318344,0.0,1165.0
0.7772026255238677,0.246794673,0.117368094,0.370043486,0.0,1165.0
0.7731004340080159,0.146833554,0.1321188,0.355463427,0.0,1165.0
0.7479018428716518,0.055865978999999996,0.1714562605,0.32871136050000005,0.0,1165.0
0.6707476313408516,0.0008882545,0.200935668,0.31882529800000003,0.0,1165.0
0.6222755690051924,0.0,0.24086357949999998,0.4624827975,0.0,1165.0
0.6149097075974976,0.0,0.245676074,0.5611540265,0.0,1165.0
0.6382804709019043,0.042636789,0.246942976,0.5727334344999999,0.0,1165.0
0.7203178177463075,0.143584311,0.230808056,0.565479787,0.0,1165.0
0.7604612118904791,0.238409487,0.204974868,0.564168302,0.0,1165.0
0.7658927757100112,0.370750427,0.190388902,0.553146243,0.0,1165.0
0.7615037539143971,0.549128652,0.202355737,0.559752461,0.0,1165.0
0.7612149985068818,0.690633347,0.217524642,0.581409464,0.0,1165.0
0.7706567888201201,0.8499122415,0.243613315,0.612685301,0.0,1165.0
0.7861018555632395,0.8934316680000001,0.268837376,0.6562184385000001,0.0,1165.0
0.7867586079878783,0.7489773705,0.27353967,0.675774098,0.0,1165.0
0.7775611394579695,0.553167502,0.2577587,0.629227272,0.0,1165.0
0.7764609974116148,0.413070078,0.242113983,0.570567788,0.0,1165.0
0.7747454134686316,0.276879519,0.232366484,0.518783204,0.0,1165.0
0.7483870600985625,0.14371136299999998,0.2578548545,0.494013821,0.0,1165.0
0.6714333719752971,0.0015792585,0.2777371845,0.492632131,0.0,1165.0
0.6220833081096685,0.0,0.2537118755,0.4317910615,0.0,1165.0
0.6148047398973682,0.0,0.202191201,0.3502743625,0.0,1165.0
0.6385672076138307,0.079264718,0.131814936,0.3139841035,0.0,1165.0
0.7218234189580244,0.200466131,0.059747375,0.27148301,0.0,1165.0
0.7608018407062427,0.332512213,0.040840983,0.257056207,0.0,1165.0
0.7640986535574592,0.490286325,0.032753949,0.250579651,0.0,1165.0
0.7583081531385569,0.596661186,0.036154905,0.245799719,0.0,1165.0
0.7579976629824426,0.726202131,0.042892729,0.245009461,0.0,1165.0
0.7596404594019578,0.74626835,0.056221007,0.27607685000000004,0.0,1165.0
0.7627166566142882,0.78048077,0.0689712905,0.3145975255,0.0,1165.0
0.7624196160921741,0.6435714465,0.077989447,0.31112897500000003,0.0,1165.0
0.760949716027619,0.465706793,0.073537466,0.306563315,0.0,1165.0
0.7643879247916701,0.369570963,0.064153739,0.307678168,0.0,1165.0
0.7647089309346864,0.237894156,0.050428024,0.28965058,0.0,1165.0
0.7424377700906485,0.122887141,0.0562984605,0.26807546699999996,0.0,1165.0
0.6685594816803797,0.001824433,0.0605732735,0.2541621475,0.0,1165.0
0.6268469693009219,0.0,0.086024023,0.304640047,0.0,1165.0
0.6200386672507008,0.0,0.0945438995,0.32109104099999997,0.0,1165.0
0.6263551329233281,0.0117404975,0.11563549249999999,0.38457472449999996,0.0,1165.0
0.6889024470097536,0.17955945,0.103517019,0.4411224535,0.0,1165.0
0.7604544992657464,0.346104711,0.052346628,0.447702703,0.0,1165.0
0.7658927757100112,0.50435863,0.055132431,0.46907954,0.0,1165.0
0.7610747755526911,0.650106155,0.073927018,0.49124478,0.0,1165.0
0.7607424093427252,0.777714725,0.096280322,0.519690511,0.0,1165.0
0.7622532213419347,0.872869995,0.118700149,0.550782974,0.0,1165.0
0.7665469927682855,0.93108406,0.14732905,0.556632437,0.0,1165.0
0.773924402441518,0.9295264675,0.1729783965,0.5796345380000001,0.0,1165.0
0.7752672947192025,0.786977458,0.199516906,0.6012248315,0.0,1165.0
0.7699021109177117,0.594194967,0.202430267,0.597224144,0.0,1165.0
0.7716103244787696,0.435649148,0.177392067,0.587904322,0.0,1165.0
0.7667654250534489,0.279582723,0.207858624,0.583233263,0.0,1165.0
0.7603999967044615,0.181867201,0.282604846,0.582451421,0.0,1165.0
0.7302779210398718,0.087961079,0.347335905,0.575284389,0.0,1165.0
0.6593706273312392,0.001625203,0.3799918835,0.5450733034999999,0.0,1165.0
0.6076178776996876,0.0,0.371616114,0.505664675,0.0,1165.0
0.5926234307491347,0.0,0.3433254685,0.44176903749999996,0.0,1165.0
0.59095749065511,0.0128563845,0.306380031,0.32540018150000005,0.0,1165.0
0.6041220206130637,0.1621910445,0.2068298305,0.21300310849999998,0.0,1165.0
0.6349494825000563,0.314303305,0.114539417,0.206396868,0.0,1165.0
0.664145813685247,0.443198976,0.114326537,0.228357225,0.0,1165.0
0.6891755462955,0.554665952,0.136327282,0.249085434,0.0,1165.0
0.7017506889820582,0.673513952,0.168202534,0.242881543,0.0,1165.0
0.7068453323108352,0.770138492,0.1998704,0.221067533,0.0,1165.0
0.7163618115160039,0.831649384,0.191163634,0.205709718,0.0,1165.0
0.72601388905457,0.8495160705,0.2142683615,0.1810669755,0.0,1165.0
0.7304083329703113,0.7248826425,0.22572715399999999,0.150574345,0.0,1165.0
0.7289209460681513,0.551879084,0.222519692,0.143233727,0.0,1165.0
0.7303045858411924,0.372564525,0.218378647,0.147463557,0.0,1165.0
0.7269574483123035,0.211981736,0.222092517,0.176928748,0.0,1165.0
0.7172654911177185,0.117913668,0.259828581,0.229115738,0.0,1165.0
0.7044572697940628,0.06393599,0.293467849,0.295736974,0.0,1165.0
0.6555597733262923,0.002298299,0.333536685,0.4118146665,0.0,1165.0
0.6068353142061123,0.0,0.386424675,0.585270157,0.0,1165.0
0.5918094379975177,0.0,0.34750745299999997,0.61726474,0.0,1165.0
0.5881141609660788,0.008184139,0.29515603300000004,0.626480076,0.0,1165.0
0.6039479272275474,0.120464881,0.21122255,0.6178455684999999,0.0,1165.0
0.6346845282741453,0.284027477,0.150303378,0.539056217,0.0,1165.0
0.6615477221691167,0.439159159,0.125617426,0.479047827,0.0,1165.0
0.6852773751795576,0.604376405,0.130479973,0.40627874,0.0,1165.0
0.6893132814019066,0.734159521,0.1565646,0.364163028,0.0,1165.0
0.6903711738030427,0.848132076,0.17074407,0.377894334,0.0,1165.0
0.6938446851208997,0.905885051,0.149609615,0.365833766,0.0,1165.0
0.6985291280554259,0.9209484290000001,0.153621059,0.386953538,0.0,1165.0
0.7072191034607278,0.7905497455,0.13303067699999999,0.3950800405,0.0,1165.0
0.7092688377487993,0.5258435785,0.110329998,0.348511429,0.0,1165.0
0.7104296794670982,0.294182871,0.097793045,0.322114599,0.0,1165.0
0.7032294384443549,0.155608694,0.11794861400000001,0.31617994250000003,0.0,1165.0
0.6603944849868006,0.002889979,0.150158909,0.3176425315,0.0,1165.0
0.6258783655629366,0.0,0.144061557,0.376232118,0.0,1165.0
0.6163279924485123,0.0,0.1081890625,0.3595732035,0.0,1165.0
0.6201704402133236,0.0151888825,0.086639261,0.40411941500000004,0.0,1165.0
0.6878483332736298,0.1820502505,0.0730808815,0.404443604,0.0,1165.0
0.7601324602188497,0.343045654,0.04792139,0.370698269,0.0,1165.0
0.767429641646685,0.487239112,0.058152648,0.354680215,0.0,1165.0
0.7619619311932995,0.637733337,0.074764899,0.346230521,0.0,1165.0
0.761547036463496,0.758230483,0.088508618,0.35608646,0.0,1165.0
0.7645676750766153,0.849774347,0.098858976,0.384950315,0.0,1165.0
0.7707323461766326,0.911827226,0.1258653555,0.4080995575,0.0,1165.0
0.7793577497709282,0.8545749469999999,0.15769576600000001,0.468295018,0.0,1165.0
0.7754567622412274,0.649956983,0.20475179799999998,0.5075349055,0.0,1165.0
0.7729137360064136,0.438668754,0.206114966,0.518992267,0.0,1165.0
0.7713663071895018,0.288566239,0.213336716,0.530123816,0.0,1165.0
0.7619543263446942,0.192735439,0.267432661,0.548909865,0.0,1165.0
0.7329721088810466,0.114254576,0.322995708,0.56582257,0.0,1165.0
0.669233133838057,0.0032276005,0.37544514149999997,0.5791450245,0.0,1165.0
0.6260927137511595,0.0,0.385407464,0.605085326,0.0,1165.0
0.6163459017325499,0.0,0.3764420785,0.589433315,0.0,1165.0
0.6192033147408613,0.015971306,0.3547922155,0.5723008705,0.0,1165.0
0.6879034226268589,0.18441775049999998,0.303470183,0.5539403775,0.0,1165.0
0.7606231702185136,0.344208251,0.248021728,0.530430651,0.0,1165.0
0.7685630679576655,0.497417744,0.265056191,0.519509449,0.0,1165.0
0.7637643622197408,0.627021595,0.303928661,0.517554556,0.0,1165.0
0.7684604472064767,0.73766482,0.370897403,0.542955918,0.0,1165.0
0.777421198489039,0.828792983,0.451316594,0.570033675,0.0,1165.0
0.7898424103614361,0.895823404,0.498104296,0.587291605,0.0,1165.0
0.8011247037753437,0.912703651,0.6160522795,0.6498510715,0.0,1165.0
0.8104215302181249,0.830593105,0.685477278,0.682893723,0.0,1165.0
0.8096391542978933,0.6452094595,0.7190544514999999,0.709520967,0.0,1165.0
0.8064203632043057,0.437635731,0.717419068,0.752321019,0.0,1165.0
0.795734968186251,0.289503661,0.721162081,0.786757626,0.0,1165.0
0.7633852861830611,0.154587888,0.7355390705,0.8418675935,0.0,1165.0
0.6788221654747693,0.003975512,0.716344101,0.875052662,0.0,1165.0
0.6292301030154618,0.0,0.69200969,0.884893808,0.0,1165.0
0.6183139291970788,0.0,0.6117257135,0.8632275014999999,0.0,1165.0
0.6182348748169297,0.0162020635,0.4949761645,0.7779162065,0.0,1165.0
0.6883541126031183,0.179794307,0.4088221345,0.6813842175,0.0,1165.0
0.7606231702185136,0.334182087,0.391230209,0.610520865,0.0,1165.0
0.7658927757100112,0.478022404,0.370276783,0.526169264,0.0,1165.0
0.7610747755526911,0.523954138,0.36201151,0.472904101,0.0,1165.0
0.7607424093427252,0.625152214,0.373471622,0.462419095,0.0,1165.0
0.762254301139151,0.689817773,0.406043753,0.478520058,0.0,1165.0
0.7665469927682855,0.745490975,0.352951338,0.476566302,0.0,1165.0
0.7707866139586155,0.748163268,0.4209400685,0.4823363345,0.0,1165.0
0.7700976342451433,0.6214688595,0.467822872,0.48298466500000004,0.0,1165.0
0.7666075748942677,0.43415404550000003,0.49327525549999995,0.4912843335,0.0,1165.0
0.7653147015497048,0.260401606,0.466754501,0.502712021,0.0,1165.0
0.7477182898497817,0.144818384,0.41098109299999996,0.5535762870000001,0.0,1165.0
0.6713012234283156,0.0046379555,0.356022635,0.609713626,0.0,1165.0
0.622279582762129,0.0,0.291863768,0.6496683025000001,0.0,1165.0
0.6149022434601628,0.0006652815,0.208009857,0.5441118605,0.0,1165.0
0.6379518366824506,0.0982904705,0.1269131505,0.39498598549999997,0.0,1165.0
0.7200315501865766,0.218695301,0.06635013,0.301046486,0.0,1165.0
0.7601224613091322,0.344082859,0.044588832,0.23803713,0.0,1165.0
0.7644164672021628,0.495399916,0.041083465,0.182917443,0.0,1165.0
0.7590190323525485,0.575312117,0.044210644,0.138704248,0.0,1165.0
0.7572919470373635,0.704578634,0.0462527,0.105127449,0.0,1165.0
0.7582755735244595,0.811592114,0.045513896,0.089341682,0.0,1165.0
0.7592134761953861,0.911489071,0.0363928865,0.0919429255,0.0,1165.0
0.7617464097338106,0.872243278,0.034825558,0.0768232645,0.0,1165.0
0.7615788413996831,0.6578961435,0.0391232735,0.07946178000000001,0.0,1165.0
0.7634182881498045,0.433706026,0.046034529,0.10283509,0.0,1165.0
0.7629291275059611,0.286144186,0.044310212,0.129791292,0.0,1165.0
0.75658073957002,0.194209066,0.047648579,0.175210567,0.0,1165.0
0.7258312517032403,0.128449859,0.068692273,0.255805467,0.0,1165.0
0.6697158632171836,0.005326978,0.1259547405,0.405746561,0.0,1165.0
0.6246505810753025,0.0,0.243931504,0.588022764,0.0,1165.0
0.6209729550706689,0.000660669,0.332018102,0.6639947435,0.0,1287.0
0.6404208546977366,0.0895544895,0.3523143515,0.710071277,0.0,1287.0
0.7174798393059414,0.184867659,0.286156527,0.695370803,0.0,1287.0
0.7567681884902425,0.29767289,0.269846955,0.665899834,0.0,1287.0
0.7665788214637629,0.444451346,0.298534927,0.627415504,0.0,1287.0
0.7601476705413045,0.575233076,0.330648721,0.571211422,0.0,1287.0
0.7605434584250564,0.637810009,0.352539191,0.521330271,0.0,1287.0
0.7620231235578936,0.7636004105,0.3317712465,0.4872689995,0.0,1287.0
0.7705835558099603,0.7691391245,0.3713868215,0.4508754495,0.0,1287.0
0.7762947671006737,0.6307154005,0.3926592165,0.479030181,0.0,1287.0
0.7709779828491026,0.489889741,0.369732871,0.492848543,0.0,1287.0
0.7711489547015545,0.365419001,0.31611877,0.460415579,0.0,1287.0
0.7677867012621273,0.222542905,0.273119182,0.422287513,0.0,1287.0
0.7475814469672475,0.11635883699999999,0.2772899535,0.4170983155,0.0,1287.0
0.665348717788043,0.004711127,0.289632884,0.4127671015,0.0,1287.0
0.6102330575225916,0.0,0.293975229,0.471597585,0.0,1287.0
0.5956959665610548,0.0,0.23289964,0.45460203,0.0,1287.0
0.5911267252970378,0.0217563175,0.1691825245,0.410002848,0.0,1287.0
0.6045708562079835,0.170224975,0.083171379,0.34272908599999996,0.0,1287.0
0.6381215171862167,0.329250299,0.033208763,0.283321401,0.0,1287.0
0.6677143877990237,0.479608065,0.029333035,0.272916153,0.0,1287.0
0.6970839911111069,0.605125346,0.041127999,0.286141436,0.0,1287.0
0.7075041499179902,0.720692394,0.079042193,0.294426295,0.0,1287.0
0.720113210241832,0.765146461,0.1300474545,0.3528585745,0.0,1287.0
0.7312392491204704,0.7884841149999999,0.1483104455,0.4099064065,0.0,1287.0
0.7302546369354523,0.6906622055,0.1789493275,0.4286490435,0.0,1287.0
0.7273979280462113,0.4523204755,0.196691001,0.40868462299999997,0.0,1287.0
0.7294943721609966,0.266936999,0.192949754,0.387971101,0.0,1287.0
0.7129189778185374,0.148030236,0.228325416,0.3983778425,0.0,1287.0
0.6600159957420652,0.00517551,0.285955594,0.407627888,0.0,1287.0
0.6102169555389845,0.0,0.309426871,0.493751514,0.0,1287.0
0.5956182031231828,0.0,0.3098557625,0.613325903,0.0,1287.0
0.5911435548776458,0.0131499015,0.273615081,0.6415960105,0.0,1287.0
0.6046139042591403,0.1454396315,0.1830083095,0.5547382135,0.0,1287.0
0.6366439882011441,0.284686005,0.123611403,0.407788699,0.0,1287.0
0.6660447155581761,0.411121204,0.115781305,0.33363373,0.0,1287.0
0.6888248241581028,0.563753176,0.136837098,0.309467298,0.0,1287.0
0.7043846463972707,0.693762581,0.189132301,0.311558767,0.0,1287.0
0.7076437626335689,0.754983444,0.230109725,0.326542822,0.0,1287.0
0.7160552641515778,0.770474181,0.25156143,0.348927268,0.0,1287.0
0.7229610231526173,0.735241533,0.2874667315,0.4323136615,0.0,1287.0
0.7265804377707622,0.61830247,0.322783655,0.536621032,0.0,1287.0
0.7268736764938182,0.4124039605,0.34785618,0.5714788749999999,0.0,1287.0
0.727204376427246,0.181053669,0.3439323145,0.5733977575,0.0,1287.0
0.7091348115926457,0.050210216,0.354612226,0.5987721095,0.0,1287.0
0.6689969327300284,0.002799781,0.392980128,0.628512901,0.0,1287.0
0.626898420606622,0.0,0.4674264585,0.645279979,0.0,1287.0
0.6206688021737641,0.0005522855,0.49310530350000004,0.7037063105000001,0.0,1287.0
0.641419245489138,0.062318452,0.5375648645,0.8475862085,0.0,1287.0
0.7374522963237394,0.195068305,0.6377093094999999,0.9044648845000001,0.0,1287.0
0.7625989202651832,0.323054107,0.666709726,0.885175178,0.0,1287.0
0.7566747688368151,0.388674899,0.702048748,0.894990517,0.0,1287.0
0.7572859384379147,0.559906769,0.75232506,0.906383756,0.0,1287.0
0.7583075897932808,0.675235995,0.796139239,0.914864339,0.0,1287.0
0.7583131760400836,0.7237520085,0.7918665064999999,0.914673352,0.0,1287.0
0.7586311778833756,0.7382076280000001,0.8364217875,0.9165913210000001,0.0,1287.0
0.7527624209275425,0.5164199335,0.8563630170000001,0.914562862,0.0,1287.0
0.7501640002201937,0.26562250600000004,0.845957181,0.9281143935,0.0,1287.0
0.7375651976572837,0.108499074,0.8193984590000001,0.9268110335,0.0,1287.0
0.6725252523537208,0.00367612,0.806747245,0.936205328,0.0,1287.0
0.6249492649587446,0.0,0.8159435159999999,0.9351014685,0.0,1287.0
0.620423611456919,0.0005224805,0.8062655745,0.9371627855,0.0,1287.0
0.6431401104658313,0.053277081500000004,0.7828925075,0.9370723135000001,0.0,1287.0
0.7207436973963727,0.13318713,0.82252338,0.937233441,0.0,1287.0
0.7611357093786929,0.201188873,0.809995449,0.93658288,0.0,1287.0
0.7686803350607886,0.24650038,0.787071338,0.934622056,0.0,1287.0
0.7689547723697214,0.381834899,0.757667363,0.930776511,0.0,1287.0
0.766951090151171,0.426533356,0.729981087,0.922230947,0.0,1287.0
0.7646431151997879,0.483529544,0.70578542,0.901276735,0.0,1287.0
0.7657402763930862,0.5263571684999999,0.6210820315000001,0.827535915,0.0,1287.0
0.7679343883849155,0.5216205730000001,0.599442902,0.758799228,0.0,1287.0
0.7623814033379378,0.4302647265,0.5907738975000001,0.7531066005,0.0,1287.0
0.7598562859807526,0.288459338,0.574060983,0.731925595,0.0,1287.0
0.7568363520181617,0.201504494,0.535007651,0.705373644,0.0,1287.0
0.7551880393792254,0.161833466,0.442872484,0.697305771,0.0,1287.0
0.736443648177815,0.111749634,0.411550335,0.715110559,0.0,1287.0
0.6793815082483343,0.008051833,0.382906625,0.70475323,0.0,1287.0
0.6355406536564766,0.0,0.420715744,0.691709913,0.0,1287.0
0.6366187323882581,0.0009189035,0.340549803,0.6789969195,0.0,1287.0
0.6558858492329092,0.09521431400000001,0.3016875565,0.6652444879999999,0.0,1287.0
0.7218036087119333,0.205319107,0.280488541,0.616313948,0.0,1287.0
0.7604303229374545,0.317357779,0.276682464,0.562556032,0.0,1287.0
0.7669658309150216,0.456211865,0.305915534,0.544684542,0.0,1287.0
0.7637029119417986,0.504576668,0.347808489,0.533832749,0.0,1287.0
0.7628915481243826,0.621098522,0.4078071165,0.510111866,0.0,1287.0
0.7631428654555719,0.611764662,0.403314586,0.47683123,0.0,1287.0
0.7635056047918667,0.6138301285000001,0.3790702815,0.4130175075,0.0,1287.0
0.7618381387261652,0.5235822155,0.314593002,0.3625295885,0.0,1287.0
0.7602369116858748,0.415250605,0.271157693,0.380865684,0.0,1287.0
0.7594605449903367,0.342286521,0.243238202,0.413495973,0.0,1287.0
0.760464873947396,0.235491423,0.218987231,0.431855298,0.0,1287.0
0.7587919154215637,0.169187641,0.175782723,0.447901075,0.0,1287.0
0.7398550527110265,0.092510053,0.160591728,0.460447786,0.0,1287.0
0.6873396202970432,0.0057368165,0.2063527295,0.5059897074999999,0.0,1287.0
0.6469310365224139,0.0,0.253993327,0.565766012,0.0,1287.0
0.6493700574021388,0.0,0.255632992,0.578865375,0.0,1287.0
0.6529374816913176,0.0074748765,0.26642165,0.583766843,0.0,1287.0
0.7003584114565318,0.084925944,0.251888653,0.5433135284999999,0.0,1287.0
0.7606153777965646,0.14088233,0.295984982,0.580329259,0.0,1287.0
0.7657080022109171,0.197809977,0.373647658,0.635447737,0.0,1287.0
0.7640457003519946,0.172925022,0.441353412,0.70023462,0.0,1287.0
0.7596938118260225,0.292641803,0.49193903,0.74396871,0.0,1287.0
0.7556677175652915,0.321044221,0.506536389,0.76123782,0.0,1287.0
0.7544342527628226,0.380536642,0.405838819,0.694847475,0.0,1287.0
0.7578514542502265,0.3687451975,0.412719493,0.6731652945,0.0,1287.0
0.7586409892197492,0.307267025,0.42278895250000004,0.6550737055,0.0,1287.0
0.7538869275007775,0.2558468335,0.38516051100000004,0.5119226095,0.0,1287.0
0.7511745731812485,0.17088283,0.350897114,0.405632505,0.0,1287.0
0.7334147944774784,0.1038222285,0.2873249585,0.36938353,0.0,1287.0
0.6687827020877677,0.0082293755,0.2508426225,0.2901999865,0.0,1287.0
0.6245442284273884,0.0,0.275892301,0.31283011250000003,0.0,1287.0
0.6239149149505226,0.0014088445,0.2126713555,0.24983154750000003,0.0,1287.0
0.650538316395699,0.098471881,0.14922516,0.1797172735,0.0,1287.0
0.7197838245723004,0.219100154,0.089333515,0.119101425,0.0,1287.0
0.7606355638145877,0.34543198,0.068120687,0.101139034,0.0,1287.0
0.7650570239190471,0.489211075,0.070566235,0.088812018,0.0,1287.0
0.7635171999507405,0.530538998,0.088132533,0.082892043,0.0,1287.0
0.7566088593152446,0.585571378,0.110497949,0.103098578,0.0,1287.0
0.7548529968102646,0.593536303,0.10807857000000001,0.1416996605,0.0,1287.0
0.755818291754464,0.5678437700000001,0.0957285595,0.1669446035,0.0,1287.0
0.7560228520529813,0.5836848294999999,0.0963864225,0.185856316,0.0,1287.0
0.7507835962411444,0.4187998725,0.088098325,0.19048470099999998,0.0,1287.0
0.7492408852064535,0.258982124,0.079790022,0.172230236,0.0,1287.0
0.7338606960188909,0.148123492,0.0655920845,0.151565279,0.0,1287.0
0.6649589147444495,0.009237526,0.0830946325,0.14983896000000002,0.0,1287.0
0.615614343370214,0.0,0.076879902,0.151486842,0.0,1287.0
0.6125238982742562,0.0,0.0701920435,0.1463642795,0.0,1287.0
0.6175731932149118,0.022600855,0.062260788,0.126363957,0.0,1287.0
0.6116202885748745,0.11528399750000001,0.033722439,0.15891505350000001,0.0,1287.0
0.6497845297792963,0.21395126650000001,0.024689935,0.2051920645,0.0,1287.0
0.6833519967038961,0.352570605,0.037939276,0.240002118,0.0,1287.0
0.6876647808770042,0.4122673825,0.050829612999999996,0.25612862049999996,0.0,1287.0
0.6917567383912142,0.425839889,0.064730151,0.28236778500000004,0.0,1287.0
0.6938812784919337,0.4094397205,0.069138759,0.31184123750000003,0.0,1287.0
0.6984958678627124,0.31506451449999995,0.0592078415,0.29990070150000003,0.0,1287.0
0.7023574925009568,0.193940272,0.0422703,0.26071003,0.0,1287.0
0.7019784164642773,0.107575438,0.031786309,0.2088692125,0.0,1287.0
0.6856685400056275,0.03474191,0.035208001,0.1470839,0.0,1287.0
0.6205535770878491,0.0,0.0421291195,0.1362555995,0.0,1287.0
0.6053432562587565,0.0,0.0445243805,0.169022923,0.0,1287.0
0.6125453753596054,0.0108969405,0.042694051999999996,0.157588728,0.0,1287.0
0.6059849160319517,0.10709372349999999,0.0264688905,0.1464441755,0.0,1287.0
0.6486097457343473,0.2695091105,0.016922404000000002,0.182195312,0.0,1287.0
0.6865640282794151,0.411719921,0.023012014,0.22399813,0.0,1287.0
0.6909134989849847,0.5345592195,0.028384536000000002,0.258011223,0.0,1287.0
0.7051389494656135,0.6183781804999999,0.0386027465,0.28311249800000005,0.0,1287.0
0.7135574455936153,0.548048593,0.046975674,0.285293628,0.0,1287.0
0.7159019438886509,0.4532695565,0.051783277,0.3018117505,0.0,1287.0
0.7174844870607804,0.3070900625,0.0474762865,0.3223390195,0.0,1287.0
0.7119104944245334,0.1629499355,0.080199978,0.34090665600000003,0.0,1287.0
0.703797606231127,0.09222686,0.153166338,0.354346393,0.0,1287.0
0.6641462597971832,0.0088986,0.19541569050000002,0.376455702,0.0,1287.0
0.6265221611087496,0.0,0.2244274385,0.43643776850000005,0.0,1287.0
0.6195477693963332,0.001251376,0.204184884,0.39972506799999996,0.0,1287.0
0.6406684866816521,0.0765630005,0.1732945635,0.37973811150000003,0.0,1287.0
0.7384070518343687,0.22594492600000002,0.0998043865,0.3861010325,0.0,1287.0
0.7653222598175962,0.429335585,0.07708611300000001,0.3093674065,0.0,1287.0
0.7659841295556782,0.52200267,0.103170102,0.284300301,0.0,1287.0
0.7734680321191616,0.6413129375,0.14224458,0.269593624,0.0,1287.0
0.7887143361432006,0.682872731,0.202872657,0.278269921,0.0,1287.0
0.7938047543824069,0.643716733,0.254678584,0.285805853,0.0,1287.0
0.7852911019844355,0.498709863,0.266265114,0.332512254,0.0,1287.0
0.7750620769761151,0.342212307,0.267926295,0.3727709855,0.0,1287.0
0.7696449491137497,0.216819634,0.270019008,0.394279724,0.0,1287.0
0.7477463392550023,0.1216009285,0.281295041,0.4075120275,0.0,1287.0
0.674678710011621,0.0112881745,0.314442866,0.47886260550000004,0.0,1287.0
0.631221438531274,0.0,0.351876768,0.568603005,0.0,1287.0
0.6221814453264809,0.0,0.34695382649999995,0.565021808,0.0,1287.0
0.6225540431738454,0.028747216500000002,0.31661196550000004,0.5319570220000001,0.0,1287.0
0.687573004366069,0.132535451,0.27422507799999996,0.499670978,0.0,1287.0
0.7568295449815124,0.245799725,0.253744849,0.499576578,0.0,1287.0
0.7623182392648773,0.37367959,0.267429532,0.491440909,0.0,1287.0
0.7550526045472592,0.475212702,0.291664294,0.461216516,0.0,1287.0
0.7577273097704504,0.6317686155,0.349045355,0.442671481,0.0,1287.0
0.7600153106616888,0.7172254929999999,0.351700166,0.41686975150000005,0.0,1287.0
0.7637435425164374,0.6504380955,0.319459795,0.4084871405,0.0,1287.0
0.7620844093965375,0.44782960400000005,0.27446813150000005,0.458682817,0.0,1287.0
0.7618131645859174,0.270871311,0.2357622055,0.47250896099999995,0.0,1287.0
0.7416771064102148,0.1276042015,0.174999595,0.444148641,0.0,1287.0
0.6682481930870648,0.0095707045,0.147586557,0.35156147449999997,0.0,1287.0
0.6243017605877277,0.0,0.122441559,0.29864850099999996,0.0,1287.0
0.6197419315352706,0.001835232,0.07653478999999999,0.23168694,0.0,1287.0
0.6412608312656494,0.0922851185,0.043508396500000004,0.1726588625,0.0,1287.0
0.7369346401627391,0.25013859800000005,0.016270279999999998,0.09704050550000001,0.0,1287.0
0.7620454457236813,0.451667837,0.014249872,0.054415529,0.0,1287.0
0.7563316990666032,0.511010406,0.019180567,0.041506408,0.0,1287.0
0.7582481584297633,0.5657170730000001,0.026267531,0.048842759,0.0,1287.0
0.758499170016402,0.5325290395,0.0266226595,0.079069815,0.0,1287.0
0.7606418543992969,0.528896808,0.031788283,0.137717971,0.0,1287.0
0.7591550305297907,0.47998871099999996,0.037283513000000004,0.1525702725,0.0,1287.0
0.75701117287563,0.386965307,0.035392147,0.130060344,0.0,1287.0
0.7591435526042569,0.2673137545,0.0279490055,0.1076364095,0.0,1287.0
0.7375480631449431,0.13404561199999998,0.025089826,0.077567953,0.0,1287.0
0.6680306992938652,0.012457573,0.030418491,0.05863283,0.0,1287.0
0.628709536341409,0.0,0.042350903,0.059949531,0.0,1287.0
0.6191262789625146,0.0,0.0410881325,0.058036469,0.0,1287.0
0.6209432861884594,0.031979338,0.044219645,0.099070036,0.0,1287.0
0.6860929878458344,0.1920015865,0.034477481,0.1338637375,0.0,1287.0
0.7563916475073054,0.344051539,0.022079632,0.151780559,0.0,1287.0
0.7640083326156726,0.494927032,0.028554738,0.183059734,0.0,1287.0
0.7598263355196918,0.522089722,0.037657371,0.211627699,0.0,1287.0
0.7589376780418435,0.575566263,0.053659754,0.234744992,0.0,1287.0
0.761638859867767,0.629170829,0.07220637299999999,0.2758187965,0.0,1287.0
0.7680344268764037,0.5345338675,0.10344833149999999,0.361401981,0.0,1287.0
0.768104773132801,0.328160043,0.132026027,0.4348009405,0.0,1287.0
0.765541959785942,0.244658233,0.153331861,0.5352239345,0.0,1287.0
0.7659876503073427,0.144700692,0.206890963,0.604379447,0.0,1287.0
0.7591697712936413,0.078673674,0.298858395,0.64540414,0.0,1287.0
0.7313591450640078,0.033877686,0.387752489,0.708269017,0.0,1287.0
0.6708299247687648,0.0024542305,0.4690659705,0.820132216,0.0,1287.0
0.626741344593893,0.0,0.5554051744999999,0.879490965,0.0,1287.0
0.6198904637072349,0.0006230905,0.5469837835,0.893036022,0.0,1287.0
0.6409182074198003,0.035274295,0.520352618,0.8833178945,0.0,1287.0
0.7186115286877577,0.096876314,0.487298731,0.869892138,0.0,1287.0
0.7600262249293244,0.191342089,0.443270088,0.864363445,0.0,1287.0
0.7670845066939572,0.298913969,0.430729134,0.862651661,0.0,1287.0
0.7611426570953501,0.327555273,0.463577805,0.860315952,0.0,1287.0
0.7612983248386754,0.482787411,0.517860334,0.848150224,0.0,1287.0
0.7620817571094551,0.546450745,0.586123797,0.8218186725000001,0.0,1287.0
0.7692769517840037,0.6161965844999999,0.6700210765,0.8256076155000001,0.0,1287.0
0.7680104384340778,0.516046028,0.6349030265,0.8367442494999999,0.0,1287.0
0.7637414066812952,0.4045177685,0.542728479,0.8268296445,0.0,1287.0
0.7659876503073427,0.266840575,0.423097804,0.809040641,0.0,1287.0
0.7465742074971358,0.148182492,0.375311624,0.818665414,0.0,1287.0
0.6627591461658136,0.014762948,0.37078675149999996,0.8043606515,0.0,1287.0
0.6041750912707038,0.0,0.32897365850000004,0.690685014,0.0,1287.0
0.5903754267785173,0.0023030445,0.297302138,0.570474483,0.0,1287.0
0.5952132605660719,0.103914581,0.2177355925,0.47080544199999996,0.0,1287.0
0.622834113622917,0.260729353,0.1017132435,0.402773914,0.0,1287.0
0.6660408665531597,0.454965897,0.09006467,0.386389975,0.0,1287.0
0.6901922682233892,0.562301919,0.127853255,0.389505578,0.0,1287.0
0.7022975446854993,0.624541632,0.191008563,0.389789874,0.0,1287.0
0.7084695389614837,0.6743739675,0.238683525,0.39967778200000004,0.0,1287.0
0.7185345398340092,0.586787508,0.2543338985,0.4129411715,0.0,1287.0
0.7241422619089515,0.4745574635,0.24981215550000002,0.4452003735,0.0,1287.0
0.7255754047884188,0.407199785,0.187786089,0.434566695,0.0,1287.0
0.7257698720779244,0.2640503925,0.1206053845,0.385082189,0.0,1287.0
0.7154378039657692,0.164270875,0.093901563,0.331770806,0.0,1287.0
0.696365952535202,0.07301819400000001,0.1171310985,0.2888375925,0.0,1287.0
0.6193753894620508,0.000556851,0.1245829515,0.22262015699999999,0.0,1287.0
0.5944910441065545,0.0,0.09614843449999999,0.125448467,0.0,1287.0
0.5905773816520259,0.0259252435,0.0683383205,0.06593051,0.0,1287.0
0.6042609291470473,0.1249216055,0.033317843,0.045173585,0.0,1287.0
0.6543884865550775,0.309277664,0.0118481785,0.044017893,0.0,1287.0
0.6956998817794615,0.443418788,0.015655925,0.036429418,0.0,1287.0
0.7057136898223549,0.583763602,0.020825617,0.03335546,0.0,1287.0
0.7119751368881659,0.697869932,0.028189848,0.039537613,0.0,1287.0
0.7204548013088496,0.705188766,0.028503001,0.046022683,0.0,1287.0
0.7282595227546278,0.6631838274999999,0.030473932000000002,0.078504583,0.0,1287.0
0.7325407599048963,0.5172012185,0.03231602,0.1749442575,0.0,1287.0
0.7352546635802457,0.3416179655,0.0492481075,0.3529091485,0.0,1287.0
0.7343813330329475,0.213489726,0.069789161,0.454889663,0.0,1287.0
0.7256616885266007,0.155857606,0.103866892,0.499401049,0.0,1287.0
0.7055431409477932,0.059837062999999996,0.18312549849999998,0.5477797360000001,0.0,1287.0
0.6433633780791777,0.0,0.2671983095,0.6123803335,0.0,1287.0
0.6237233583303805,0.0,0.3195947925,0.699190506,0.0,1287.0
0.6233291893608972,0.0139568945,0.329145617,0.7322385585,0.0,1287.0
0.6914577961880153,0.0718786015,0.298635272,0.7128313575,0.0,1287.0
0.7614807042766574,0.134463461,0.27743217,0.702168225,0.0,1287.0
0.7701602581069735,0.205269263,0.300344713,0.716904446,0.0,1287.0
0.7625656366258017,0.362402306,0.374237978,0.732848864,0.0,1287.0
0.7613094979575254,0.494480594,0.505824751,0.7652984835000001,0.0,1287.0
0.7687049571883945,0.617721465,0.443246495,0.760474219,0.0,1287.0
0.7720242097513608,0.6257222775,0.49643251250000003,0.8267319710000001,0.0,1287.0
0.7643211699395632,0.526893157,0.482051787,0.84916872,0.0,1287.0
0.7607628770333865,0.338047089,0.467651812,0.871326492,0.0,1287.0
0.7589697643380466,0.1319922505,0.378517923,0.87275158,0.0,1287.0
0.7294314194205701,0.051313667,0.34035949,0.871084331,0.0,1287.0
0.670837647163332,0.005929984,0.3210111015,0.8725425815,0.0,1287.0
0.626608444909456,0.0,0.30126991550000004,0.8784662165,0.0,1287.0
0.6199931311329243,0.0010415545,0.290744318,0.874161515,0.0,1287.0
0.6409182074198003,0.044654185500000006,0.267049694,0.8632173354999999,0.0,1287.0
0.718091525358981,0.082567332,0.277786928,0.862831242,0.0,1287.0
0.7585154598234508,0.119981167,0.340090922,0.869998286,0.0,1287.0
0.7666971208455218,0.145429602,0.400056555,0.878573273,0.0,1287.0
0.7596470079000146,0.159222981,0.459146106,0.891893792,0.0,1287.0
0.7581194368477744,0.156498646,0.51620273,0.911211255,0.0,1287.0
0.7552943215620868,0.14142158,0.543797938,0.911481652,0.0,1287.0
0.7543928709569417,0.1421681835,0.5077709425,0.904743936,0.0,1287.0
0.7548594049409358,0.22988818700000002,0.553628589,0.910694463,0.0,1287.0
0.7537034219974877,0.27464036199999997,0.5289497885,0.8727448955,0.0,1287.0
0.7510403588265064,0.1988642325,0.46090216500000003,0.787961836,0.0,1287.0
0.7341350629878198,0.113798753,0.46502647399999997,0.8433274390000001,0.0,1287.0
0.6676313900332043,0.009624509,0.5233916205,0.8956716155,0.0,1287.0
0.6263609540119575,0.0,0.5523846720000001,0.921202351,0.0,1287.0
0.6196098768687477,0.0009799885,0.6063367365000001,0.904971778,0.0,1287.0
0.6407305941540665,0.095209651,0.5883979515,0.8698257715,0.0,1287.0
0.7180942482986896,0.197409358,0.540907702,0.830223482,0.0,1287.0
0.756637354207157,0.317657388,0.612661885,0.841014501,0.0,1287.0
0.7666971208455218,0.463792375,0.665510194,0.868883999,0.0,1287.0
0.7592272312613146,0.557541265,0.697837372,0.877472653,0.0,1287.0
0.7586688272923358,0.634600642,0.732873822,0.865586414,0.0,1287.0
0.7595773425348554,0.665678013,0.761131571,0.848003402,0.0,1287.0
0.7612313821006025,0.7331140955,0.712559505,0.8074842915,0.0,1287.0
0.7629438914038574,0.7122689595,0.71715594,0.7789088075,0.0,1287.0
0.7594171448952756,0.6027004415,0.6789165914999999,0.77820596,0.0,1287.0
0.7596450365041705,0.365837831,0.603822318,0.790280645,0.0,1287.0
0.7603773691067455,0.241185764,0.507015266,0.811040465,0.0,1287.0
0.7395953092726082,0.1331297535,0.431152738,0.809668725,0.0,1287.0
0.6686515392387082,0.018366817,0.382863309,0.7205429045,0.0,1287.0
0.6252162848361049,0.0,0.355049913,0.632456471,0.0,1287.0
0.6180342813194888,0.002410215,0.263364366,0.471562492,0.0,1287.0
0.6393256650253314,0.11432515400000001,0.1589852785,0.2804021765,0.0,1287.0
0.7177111816391192,0.206418344,0.069966383,0.157265294,0.0,1287.0
0.7568295449815124,0.31672757,0.056119945,0.132318233,0.0,1287.0
0.7626638444014537,0.469183649,0.072338324,0.148725338,0.0,1287.0
0.7567768262427278,0.572985338,0.116130618,0.200269963,0.0,1287.0
0.7581194368477744,0.631392858,0.15281156,0.253702626,0.0,1287.0
0.757563849605176,0.660911852,0.154643265,0.27072689,0.0,1287.0
0.7563681983383431,0.563352155,0.13306389600000001,0.29921707200000003,0.0,1287.0
0.7552331057508246,0.42659800049999996,0.1169152485,0.33247773999999997,0.0,1287.0
0.7521820236713721,0.2789813735,0.108594935,0.3221402995,0.0,1287.0
0.7509726179638553,0.162340169,0.085844765,0.270310606,0.0,1287.0
0.7511959796764958,0.101077539,0.077611658,0.259318169,0.0,1287.0
0.7463677461427782,0.062274701,0.097462912,0.302106609,0.0,1287.0
0.7206880681445356,0.036255771,0.126487978,0.344962629,0.0,1287.0
0.6682065533678361,0.008126615,0.184892726,0.44431882749999996,0.0,1287.0
0.626741344593893,0.0,0.27210295149999997,0.5679002115,0.0,1287.0
0.6202123146180678,0.0008472495,0.4287259935,0.689869318,0.0,1287.0
0.640123109931503,0.01200667,0.573902293,0.7415252649999999,0.0,1287.0
0.7174357120515505,0.04027824,0.618318188,0.757174386,0.0,1287.0
0.7562354633120398,0.082488167,0.618088647,0.777990618,0.0,1287.0
0.7655260454382034,0.154207356,0.624796359,0.79191566,0.0,1287.0
0.761750540411465,0.228079329,0.639134224,0.81328975,0.0,1287.0
0.7575330538135787,0.281359987,0.667959829,0.829712385,0.0,1287.0
0.7556485169325681,0.335065683,0.688990648,0.859157388,0.0,1287.0
0.7587225548630883,0.4039676015,0.589882688,0.9187881995,0.0,1287.0
0.763162863587629,0.386138806,0.6508222055,0.8311549,0.0,1287.0
0.7610071756826701,0.29875208799999997,0.6413407345,0.7928282715,0.0,1287.0
0.7581090621661248,0.13839786399999998,0.6017389879999999,0.735653315,0.0,1287.0
0.7399846896509334,0.052580512999999995,0.5851326635,0.7489281385,0.0,1287.0
0.6613643332739225,0.0052722375,0.573108715,0.686729558,0.0,1287.0
0.6096242352768416,0.0,0.545269398,0.704246299,0.0,1287.0
0.5939305981516296,0.0,0.554546177,0.6353735444999999,0.0,1287.0
0.5906068158174576,0.007747573,0.540591974,0.604451056,0.0,1287.0
0.6033680228203381,0.0728361555,0.5354485234999999,0.5657595125,0.0,1287.0
0.6362366989451902,0.157253751,0.510017558,0.542166736,0.0,1287.0
0.6584902316463708,0.220812342,0.518589453,0.533569538,0.0,1287.0
0.6808933297047562,0.302931505,0.521762007,0.530188751,0.0,1287.0
0.6882962299701767,0.412373068,0.534247044,0.5557167605,0.0,1287.0
0.6898334254106911,0.49556635,0.449934328,0.534742702,0.0,1287.0
0.6929471079053057,0.5404263505,0.48639197300000003,0.5812022605,0.0,1287.0
0.6961005994033129,0.4242710625,0.45096515049999997,0.5661245005,0.0,1287.0
0.6981045861159247,0.2627523535,0.3479769475,0.4706414205,0.0,1287.0
0.7001030803684059,0.151096361,0.283942379,0.402531996,0.0,1287.0
0.6923506084154305,0.074912647,0.2295248325,0.39970041,0.0,1287.0
0.6548672259365576,0.003364794,0.2036685715,0.3915569485,0.0,1287.0
0.6056049009718505,0.0,0.1712974015,0.313427589,0.0,1287.0
0.5980796634020353,0.0016409935,0.135975426,0.2499272885,0.0,1287.0
0.5992953361225444,0.0969366215,0.08930846249999999,0.18268969200000001,0.0,1287.0
0.6220907487690732,0.264891182,0.0349544265,0.15141524150000002,0.0,1287.0
0.6584902316463708,0.462669857,0.028923405,0.127955425,0.0,1287.0
0.6813926774569053,0.49206699,0.035526487,0.132261108,0.0,1287.0
0.6893183508841471,0.482602284,0.045648068,0.158409888,0.0,1287.0
0.6909278877361933,0.375447577,0.053965514,0.187261931,0.0,1287.0
0.6915118995307001,0.371721987,0.049392277,0.2273340855,0.0,1287.0
0.6942781230388563,0.38474219249999997,0.086195384,0.320326266,0.0,1287.0
0.6992697936038024,0.32827265299999997,0.104523783,0.35983004949999997,0.0,1287.0
0.7051219790799488,0.2313235165,0.126716475,0.387663621,0.0,1287.0
0.7039372189467057,0.147949388,0.162647866,0.395385509,0.0,1287.0
0.6919362066908992,0.062587159,0.215146114,0.403257631,0.0,1287.0
0.6387182745894397,0.000667639,0.23145210900000002,0.3882329285,0.0,1287.0
0.6221153475437977,0.0,0.22084362600000002,0.3336015235,0.0,1287.0
0.6224022953382603,0.0225067135,0.2045281245,0.3269098615,0.0,1287.0
0.6874259509285612,0.112035687,0.16022298299999999,0.337320186,0.0,1287.0
0.7566682906787621,0.193578422,0.106891463,0.317277206,0.0,1287.0
0.7625989202651832,0.2787056,0.084257003,0.299551859,0.0,1287.0
0.7566328943382842,0.362795477,0.072970887,0.278855717,0.0,1287.0
0.7576783937685905,0.4581164675,0.06479578,0.271654601,0.0,1287.0
0.758461403374102,0.5214758355,0.047381479000000004,0.239596298,0.0,1287.0
0.7598352080514793,0.5200144605,0.047409154999999994,0.26426198749999996,0.0,1287.0
0.7580423304480637,0.4033498895,0.0501544945,0.256660841,0.0,1287.0
0.7605723531608135,0.22879292550000002,0.060748114500000006,0.2354559175,0.0,1287.0
0.757664873481964,0.145841246,0.092107319,0.273585348,0.0,1287.0
0.729731394215027,0.108481928,0.124149887,0.315537903,0.0,1287.0
0.6697613522540509,0.018106987999999997,0.154991247,0.361902462,0.0,1287.0
0.6261781054843046,0.0,0.194126372,0.4330873625,0.0,1287.0
0.6190354415062636,0.0014855685,0.198455473,0.493332998,0.0,1287.0
0.6400764237702927,0.0838945195,0.167056938,0.5421073365,0.0,1287.0
0.7181926436476855,0.171488624,0.099912499,0.435666552,0.0,1287.0
0.7567897825588337,0.258977801,0.083337985,0.372042793,0.0,1287.0
0.7669102485565205,0.341116775,0.079367553,0.321396182,0.0,1287.0
0.7605120999134276,0.398285039,0.087546237,0.280907329,0.0,1287.0
0.7606307750671187,0.506411556,0.113225272,0.271066655,0.0,1287.0
0.7642235258218095,0.614316658,0.1370320305,0.2572645235,0.0,1287.0
0.7677283021772456,0.569652362,0.145338369,0.283448541,0.0,1287.0
0.7719920290432414,0.4455816185,0.153563077,0.31830632049999996,0.0,1287.0
0.7700779646790603,0.382035228,0.16254657,0.337835889,0.0,1287.0
0.7665783753518267,0.289341209,0.15197329850000002,0.357929489,0.0,1287.0
0.7663083275717628,0.185386553,0.140444877,0.406346059,0.0,1287.0
0.7612031219879922,0.130957309,0.157992317,0.448520139,0.0,1287.0
0.7331449108240904,0.096691907,0.20056731,0.493495789,0.0,1287.0
0.6718837330729602,0.0172610285,0.256158506,0.546598107,0.0,1287.0
0.6265221611087496,0.0,0.309213244,0.6407109225000001,0.0,1287.0
0.6192989874627709,0.0019184285,0.317795661,0.631681662,0.0,1287.0
0.6401438359419209,0.09831725200000001,0.283275273,0.5508318759999999,0.0,1287.0
0.7181926436476855,0.208150523,0.210582558,0.529938633,0.0,1287.0
0.7573295498656097,0.318785371,0.203059555,0.519183929,0.0,1287.0
0.7669755953580591,0.464330129,0.206388152,0.48394281,0.0,1287.0
0.7612763549981519,0.593377591,0.224217816,0.459108274,0.0,1287.0
0.7611705423738947,0.727064069,0.259009956,0.451701048,0.0,1287.0
0.7692008548415054,0.8409135320000001,0.2969653695,0.4544137655,0.0,1287.0
0.7855501882909057,0.8482478600000001,0.3326413205,0.46456454150000004,0.0,1287.0
0.7929002763434918,0.724759391,0.32638535199999996,0.490806101,0.0,1287.0
0.7903418050069212,0.558723163,0.259321699,0.496001875,0.0,1287.0
0.7908673948951228,0.425248887,0.208055875,0.487389858,0.0,1287.0
0.785133509738602,0.290383078,0.156708255,0.471583487,0.0,1287.0
0.7724961652302373,0.201106533,0.13604699,0.459938003,0.0,1287.0
0.7389942798864784,0.145288268,0.137413891,0.447260692,0.0,1287.0
0.7029180560643682,0.031842697,0.141105976,0.436625666,0.0,1287.0
0.640021780529,0.0,0.145942338,0.43477802099999996,0.0,1287.0
0.6214172605504984,0.0,0.1337912925,0.4428381425,0.0,1287.0
0.6215017370195122,0.019959465,0.1284644235,0.4604216185,0.0,1287.0
0.6876867507175276,0.157193238,0.1209934295,0.4790032045,0.0,1287.0
0.7609132867832609,0.271702913,0.086456819,0.474062,0.0,1287.0
0.7718211043967476,0.385794272,0.099109844,0.457832822,0.0,1287.0
0.7697566765507836,0.491343249,0.117570326,0.460773728,0.0,1287.0
0.7765030594834895,0.578389148,0.132663221,0.460536256,0.0,1287.0
0.795570333811844,0.6317178640000001,0.1547523515,0.4384180765,0.0,1287.0
0.8156315155222722,0.613705579,0.200598343,0.42665595,0.0,1287.0
0.8208296715134884,0.553568822,0.2379219675,0.433497068,0.0,1287.0
0.8162581299125065,0.415023657,0.240991494,0.43309302,0.0,1287.0
0.7928586832049769,0.252476237,0.2138682805,0.4309810675,0.0,1287.0
0.7832157361115458,0.113531992,0.218674951,0.431095025,0.0,1287.0
0.7684808214230883,0.05835257,0.231685382,0.415229911,0.0,1287.0
0.7379918285385912,0.023063672,0.224051709,0.433881635,0.0,1287.0
0.678366076825051,0.0019112605,0.21273743550000002,0.4931846445,0.0,1287.0
0.6341278612343307,0.0,0.197331326,0.57971429,0.0,1287.0
0.6233001543828034,0.0,0.225800626,0.805231427,0.0,1287.0
0.6226594099050019,0.004411229,0.29541072349999997,0.899926,0.0,1287.0
0.6873975732699886,0.029962052500000003,0.38287168650000003,0.906671065,0.0,1287.0
0.7568413277137301,0.07081734,0.481288161,0.911527076,0.0,1287.0
0.7634050967417744,0.133636859,0.558919244,0.919880234,0.0,1287.0
0.7561492264671938,0.21479628,0.618457462,0.922146431,0.0,1287.0
0.7558211319275124,0.260438939,0.650800166,0.913821801,0.0,1287.0
0.7582639314722497,0.331253683,0.675615712,0.89868234,0.0,1287.0
0.7566197970295482,0.388601025,0.643408305,0.889383885,0.0,1287.0
0.7547108021476076,0.43530250400000003,0.6816452740000001,0.8713728705,0.0,1287.0
0.7519637320662166,0.425735345,0.6947936754999999,0.8410349115,0.0,1287.0
0.7506594986547044,0.314980497,0.684663431,0.827337775,0.0,1287.0
0.7489652743136326,0.227734641,0.65525321,0.819397563,0.0,1287.0
0.7455455615317764,0.161059204,0.603134415,0.813009159,0.0,1287.0
0.7218425720721673,0.114746188,0.586356981,0.803846022,0.0,1287.0
0.6600323324424497,0.0162751435,0.5803096135,0.7948533375,0.0,1287.0
0.6094025168317424,0.0,0.610226046,0.807461377,0.0,1287.0
0.59422482232251,0.0,0.605729389,0.8447962255,0.0,1287.0
0.5920938272915697,0.025088856,0.5687724015,0.8672740955,0.0,1287.0
0.603822233548262,0.1759379085,0.5220632285,0.8642011570000001,0.0,1287.0
0.635911279826637,0.315234189,0.541292646,0.860544484,0.0,1287.0
0.6588068248138503,0.421736008,0.530732992,0.848318946,0.0,1287.0
0.6810804972649628,0.500302637,0.546537866,0.845944562,0.0,1287.0
0.6861166477221863,0.549059769,0.549791811,0.847291668,0.0,1287.0
0.6888769795516113,0.573323315,0.543094609,0.834538841,0.0,1287.0
0.6898334254106911,0.579561722,0.453649898,0.725245808,0.0,1287.0
0.6929758847824783,0.5633868154999999,0.457358672,0.6941069245,0.0,1287.0
0.6961805222167818,0.39376360050000003,0.4586783955,0.6625090499999999,0.0,1287.0
0.696839410476563,0.278617852,0.439087032,0.655356146,0.0,1287.0
0.6979873893528057,0.20291303,0.400780588,0.63277013,0.0,1287.0
0.6995779600388083,0.175977076,0.332109985,0.582266171,0.0,1287.0
0.6941548470236623,0.131300099,0.281578848,0.533473469,0.0,1287.0
0.6899866990929042,0.096000832,0.265688358,0.50394809,0.0,1287.0
0.6559246253324215,0.0095476135,0.2597513165,0.474290487,0.0,1287.0
0.608215433258751,0.0,0.3015454055,0.500155296,0.0,1287.0
0.5962473757324674,0.0014172975,0.29461122,0.46526638,0.0,1346.0
0.6009674963987497,0.10342597949999999,0.2697903795,0.440474133,0.0,1346.0
0.6281451237417192,0.273768328,0.25411096050000004,0.43106752800000003,0.0,1346.0
0.6681005994383266,0.448462478,0.331904969,0.443067968,0.0,1346.0
0.6948837057679085,0.577786149,0.411007473,0.478390865,0.0,1346.0
0.7079183875158455,0.561316099,0.428924544,0.527971664,0.0,1346.0
0.714188331654134,0.52644535,0.430123568,0.561460953,0.0,1346.0
0.7159345231901261,0.637031783,0.349226515,0.576610469,0.0,1346.0
0.7205376583946612,0.688543837,0.3973945705,0.6309385335,0.0,1346.0
0.7325059738030304,0.6413313350000001,0.399602725,0.67954672,0.0,1346.0
0.7406836216934093,0.514734217,0.389939685,0.691993343,0.0,1346.0
0.7441060105216379,0.418727175,0.381821378,0.688758244,0.0,1346.0
0.7473055078210749,0.298543431,0.341691679,0.677437405,0.0,1346.0
0.7440004798826411,0.213709702,0.362113528,0.679119903,0.0,1346.0
0.7386066595713632,0.152452681,0.387065334,0.678155035,0.0,1346.0
0.6791676296187156,0.018075564,0.41786124,0.656979569,0.0,1346.0
0.6265377468279899,0.0,0.398863835,0.6184626280000001,0.0,1346.0
0.6199932250133828,0.0015076895,0.416084793,0.6130538139999999,0.0,1346.0
0.6391587542295609,0.09731903,0.377121053,0.6052918035,0.0,1346.0
0.714638011860559,0.186827041,0.34951192,0.591155717,0.0,1346.0
0.7574567689851143,0.273320639,0.348951774,0.602548765,0.0,1346.0
0.7701127970490177,0.383898168,0.353687023,0.609265469,0.0,1346.0
0.7698266239012032,0.486450009,0.362629837,0.628737987,0.0,1346.0
0.7661677757389757,0.565340499,0.376279087,0.659738055,0.0,1346.0
0.7658627308370342,0.589478731,0.388120927,0.679801359,0.0,1346.0
0.765702462544828,0.584788993,0.309592148,0.645013695,0.0,1346.0
0.7667770205249449,0.5453693550000001,0.33001166049999997,0.619655801,0.0,1346.0
0.7671734192725534,0.3968652985,0.3026695395,0.566220113,0.0,1346.0
0.7666498479861542,0.273022878,0.260402668,0.50688251,0.0,1346.0
0.7681748374039382,0.187457698,0.225839666,0.452857863,0.0,1346.0
0.7700290011586199,0.119999629,0.208557926,0.390686005,0.0,1346.0
0.7662953706304125,0.074472002,0.206544749,0.360013432,0.0,1346.0
0.7369296169485902,0.068685846,0.206877181,0.336120642,0.0,1346.0
0.6743782422118921,0.010766742,0.20944915,0.311432188,0.0,1346.0
0.6267731260521501,0.0,0.19175879950000002,0.29086523799999997,0.0,1346.0
0.620449829927468,0.0012431215,0.1851906925,0.250117475,0.0,1346.0
0.6401302690433186,0.0439661595,0.15674742149999998,0.26806839250000003,0.0,1346.0
0.7151016350188784,0.071697251,0.11923537,0.272769484,0.0,1346.0
0.7571935047950314,0.102327039,0.099572302,0.233039321,0.0,1346.0
0.768053815082471,0.123126292,0.092699476,0.197978311,0.0,1346.0
0.7656053814597282,0.142179565,0.095040795,0.218643299,0.0,1346.0
0.7662412907343957,0.167351079,0.102605442,0.27881654,0.0,1346.0
0.7659296738877293,0.165801708,0.103273015,0.350265486,0.0,1346.0
0.7661282956141795,0.17736811549999998,0.0778027245,0.32194236,0.0,1346.0
0.7677873818407434,0.1751953085,0.0675626385,0.3298453775,0.0,1346.0
0.7647943699675764,0.1209991725,0.051593203500000004,0.317887978,0.0,1346.0
0.7641226892057432,0.07779264,0.037720121,0.275966569,0.0,1346.0
0.7655601275147852,0.058706637,0.032527472,0.222083918,0.0,1346.0
0.7610206018700023,0.044175784,0.032136804,0.161119039,0.0,1346.0
0.7324176483290005,0.030897681,0.035359058,0.118081625,0.0,1346.0
0.6991218485676666,0.006842578,0.041977726,0.106544004,0.0,1346.0
0.6385858443698201,0.0,0.040744032,0.1230043295,0.0,1346.0
0.6196927572449162,0.0,0.02555685,0.12253570800000001,0.0,1346.0
0.620424292160584,0.005835685,0.0160288245,0.174282803,0.0,1346.0
0.6844142317405651,0.055714435,0.0157290845,0.2674239255,0.0,1346.0
0.7576505560086262,0.109822627,0.022806183,0.297515894,0.0,1346.0
0.7681870434266685,0.186056961,0.030735003,0.299612097,0.0,1346.0
0.773881307465763,0.22466409,0.034616337,0.287230493,0.0,1346.0
0.7764186533544798,0.283750052,0.036634013,0.299554536,0.0,1346.0
0.7791598555164299,0.3203355035,0.037523339,0.338531801,0.0,1346.0
0.783432525254217,0.35435908650000003,0.045642017,0.4106170555,0.0,1346.0
0.7858627204954904,0.3631757375,0.053826714,0.506022299,0.0,1346.0
0.7855499063056455,0.343660469,0.060259152,0.565180122,0.0,1346.0
0.7873346866804282,0.270005191,0.069291598,0.580296994,0.0,1346.0
0.7871587388197854,0.134505734,0.0863347935,0.5679463255,0.0,1346.0
0.7518891607202484,0.075100562,0.124666375,0.561454765,0.0,1346.0
0.6754500772523006,0.0080819285,0.1682300175,0.586233617,0.0,1346.0
0.6266050650253727,0.0,0.1786004695,0.588588122,0.0,1346.0
0.6200316725156589,0.0006082315,0.1873776485,0.6073363254999999,0.0,1346.0
0.6398524988686873,0.033218034,0.196773333,0.592265948,0.0,1346.0
0.7364137683693803,0.127308378,0.2077563925,0.573681671,0.0,1346.0
0.7743859597920769,0.244772357,0.258028231,0.587038461,0.0,1346.0
0.776142714208307,0.258799967,0.31928933,0.591868902,0.0,1346.0
0.7781686476273966,0.317125155,0.386995116,0.629055269,0.0,1346.0
0.7818591362865132,0.319733612,0.43951122,0.67769887,0.0,1346.0
0.7837247779667287,0.38986254350000005,0.45906867500000004,0.706885413,0.0,1346.0
0.7875999694723133,0.295289415,0.5317237315000001,0.750301738,0.0,1346.0
0.7876247557265951,0.18704081,0.53932463,0.730615529,0.0,1346.0
0.7867942860009942,0.0825050785,0.524802534,0.6978878424999999,0.0,1346.0
0.789250910951664,0.040019897,0.51504963,0.68140709,0.0,1346.0
0.7850535159598846,0.025308177,0.516665393,0.678617651,0.0,1346.0
0.754074048167648,0.023592792,0.508642709,0.666614665,0.0,1346.0
0.6828719433711423,0.0028955235,0.503962855,0.69797409,0.0,1346.0
0.6308563045086223,0.0,0.49310536,0.748447554,0.0,1346.0
0.621545348415945,0.0,0.47594772399999996,0.7336439640000001,0.0,1346.0
0.6221153006191995,0.010971232,0.440578119,0.721078648,0.0,1346.0
0.6851578550079525,0.061778120000000006,0.43323141249999997,0.695748505,0.0,1346.0
0.7570329551428097,0.125739542,0.417843595,0.669353546,0.0,1346.0
0.7712938250979621,0.216855942,0.362825408,0.666777523,0.0,1346.0
0.7743054032933279,0.208402505,0.321441744,0.675738668,0.0,1346.0
0.776468930826194,0.32865662149999997,0.2732752725,0.6854531615,0.0,1346.0
0.7779251936834048,0.372686426,0.223525075,0.642589198,0.0,1346.0
0.783062509635291,0.4038203905,0.234038912,0.6590114735,0.0,1346.0
0.7902779137745308,0.428576975,0.239701177,0.6434500765,0.0,1346.0
0.7957201336357286,0.2904124375,0.2058327755,0.61449193,0.0,1346.0
0.8012388258987345,0.183610341,0.181152436,0.608603853,0.0,1346.0
0.7934761899714992,0.112742121,0.203938897,0.619948865,0.0,1346.0
0.7631084082323022,0.080286576,0.254658838,0.623993771,0.0,1346.0
0.6786949460426426,0.0090025755,0.335908581,0.6308603675,0.0,1346.0
0.6197457810092202,0.0,0.419660075,0.699624231,0.0,1346.0
0.6038428890936272,0.0,0.4010900055,0.69237879,0.0,1346.0
0.5979255448894816,0.016123916999999998,0.370086692,0.6952693575,0.0,1346.0
0.6160214453967083,0.131657396,0.29214189850000005,0.7035367305,0.0,1346.0
0.6495198572260233,0.233020662,0.230458093,0.675536319,0.0,1346.0
0.684664750634554,0.323395982,0.235280933,0.673764246,0.0,1346.0
0.7203598798181823,0.434936098,0.280108278,0.699564529,0.0,1346.0
0.730928383505046,0.524950465,0.311497949,0.718207491,0.0,1346.0
0.7388567323534158,0.564616882,0.336783775,0.743194089,0.0,1346.0
0.7473416782142184,0.5968465745,0.313322229,0.6946921484999999,0.0,1346.0
0.7533375839495521,0.5073282585,0.3074764295,0.682331629,0.0,1346.0
0.7624955017020384,0.3663304645,0.307878102,0.707390114,0.0,1346.0
0.7650257116755098,0.27692851,0.29669269,0.747431993,0.0,1346.0
0.7676525806940573,0.19406051,0.295005747,0.786191646,0.0,1346.0
0.7521065604141539,0.0916852685,0.3182241595,0.8212435455,0.0,1346.0
0.6804728956214858,0.0052151645,0.3163617935,0.8406313695000001,0.0,1346.0
0.6134794988965864,0.0,0.30748764100000003,0.8374010025,0.0,1346.0
0.5981393297636904,0.0,0.325689928,0.854164148,0.0,1346.0
0.5975598713121062,0.005134497,0.3147412485,0.8416689945,0.0,1346.0
0.6126629945691571,0.09299378999999999,0.273277853,0.797361539,0.0,1346.0
0.6486183834868327,0.190667434,0.245067379,0.752800133,0.0,1346.0
0.6810982423285378,0.296320289,0.226561909,0.728346552,0.0,1346.0
0.707827972787387,0.326385952,0.229862015,0.716958991,0.0,1346.0
0.716777738524443,0.381550605,0.233334357,0.687845624,0.0,1346.0
0.7252397991868043,0.409860843,0.251957774,0.66269805,0.0,1346.0
0.7274427599511306,0.372154121,0.188481152,0.587818099,0.0,1346.0
0.7300981241742126,0.35958186550000004,0.2029505245,0.5665573625,0.0,1346.0
0.7366802485044439,0.3125427035,0.1752927835,0.5127265315,0.0,1346.0
0.7461176027080995,0.22766994550000003,0.123503899,0.4435907395,0.0,1346.0
0.7508944086328826,0.161743231,0.094615192,0.376794327,0.0,1346.0
0.7469458196778402,0.110936408,0.099378346,0.339317358,0.0,1346.0
0.7415954701142496,0.078203059,0.103700032,0.293260503,0.0,1346.0
0.7187175764039391,0.015920415,0.108565082,0.256461206,0.0,1346.0
0.643894413534174,0.0,0.11074643049999999,0.20410893400000002,0.0,1346.0
0.6216146618309866,0.0,0.1057187655,0.1618361215,0.0,1346.0
0.6224473385132893,0.0135953135,0.0972565385,0.16129892899999998,0.0,1346.0
0.6868248515150497,0.1177892495,0.070750425,0.153302243,0.0,1346.0
0.7657066879470209,0.232757942,0.05185328,0.141674279,0.0,1346.0
0.7784154341244646,0.347334336,0.053725954,0.130420352,0.0,1346.0
0.780568164623035,0.385863958,0.065946201,0.114944509,0.0,1346.0
0.7822899922573913,0.507893626,0.079422309,0.110828109,0.0,1346.0
0.7864666372606268,0.6227881895,0.0845838665,0.13164204200000001,0.0,1346.0
0.795815947037646,0.641085961,0.0957164375,0.2064878555,0.0,1346.0
0.8015824121208865,0.5133378505,0.11914174550000001,0.2894257215,0.0,1346.0
0.8013686741712758,0.344696681,0.11733419649999999,0.298855257,0.0,1346.0
0.8025030389742202,0.234004162,0.098747293,0.297914025,0.0,1346.0
0.7793078477585239,0.141053496,0.1133547435,0.27697832099999997,0.0,1346.0
0.6853653961595261,0.010200271,0.1268208565,0.256433134,0.0,1346.0
0.6308276214181217,0.0,0.149445052,0.279523889,0.0,1346.0
0.6219582715310688,0.0,0.127509506,0.187175764,0.0,1346.0
0.6224337950300927,0.017642702,0.1324778565,0.111741642,0.0,1346.0
0.6867918726823521,0.1725644305,0.097443932,0.10588493299999999,0.0,1346.0
0.7661220522354285,0.316699502,0.052281726,0.101307252,0.0,1346.0
0.782308112467654,0.458403194,0.057396659,0.107872956,0.0,1346.0
0.7823618172169831,0.508375657,0.086921462,0.110606508,0.0,1346.0
0.7856404623393564,0.596220812,0.114193859,0.112076906,0.0,1346.0
0.7890757143222634,0.644823052,0.119115025,0.115875055,0.0,1346.0
0.7878470145079735,0.68688361,0.0959894845,0.13669831999999998,0.0,1346.0
0.7909945205405777,0.6616717445,0.10093993849999999,0.178463315,0.0,1346.0
0.7896504077856689,0.52028842,0.08847793649999999,0.218845185,0.0,1346.0
0.7905348404865686,0.353502201,0.068336145,0.231338012,0.0,1346.0
0.7949994430853635,0.244432877,0.061680019,0.228454227,0.0,1346.0
0.7733871232951484,0.143240395,0.086581231,0.2224073275,0.0,1346.0
0.6790512306675525,0.009302947,0.1109781435,0.178760216,0.0,1346.0
0.6267120512335181,0.0,0.142789689,0.1216914265,0.0,1346.0
0.620449829927468,0.000513813,0.125553424,0.096798998,0.0,1346.0
0.6401011398408818,0.071559781,0.101467619,0.0890953095,0.0,1346.0
0.7396750204408208,0.193961563,0.041619447,0.085826987,0.0,1346.0
0.7782651653672203,0.339416668,0.022327675,0.07930616,0.0,1346.0
0.7796567857607988,0.507795053,0.026007853,0.077334362,0.0,1346.0
0.78358516525115,0.6196862535,0.0441726325,0.0718301825,0.0,1346.0
0.7896161381357432,0.648129542,0.048803479,0.066308033,0.0,1346.0
0.7950756803952475,0.6221877265,0.050584601,0.09490346250000001,0.0,1346.0
0.7989798601106388,0.5182538114999999,0.042815818,0.14274774699999998,0.0,1346.0
0.7991811578834617,0.3475290325,0.03873344200000001,0.18179031,0.0,1346.0
0.8011365809194778,0.215608907,0.044886001,0.178543822,0.0,1346.0
0.7791449506259034,0.1324851645,0.07677481050000001,0.159972493,0.0,1346.0
0.7178482596135777,0.017369835,0.101734367,0.14575636,0.0,1346.0
0.6422878109544705,0.0,0.105204208,0.1256349435,0.0,1346.0
0.622765809446252,0.0,0.10309492149999999,0.1279736135,0.0,1346.0
0.6221218024114938,0.01627069,0.09275109249999999,0.14360571,0.0,1346.0
0.6895716161645123,0.154383826,0.0654841095,0.1292298825,0.0,1346.0
0.7685076737977528,0.280618872,0.021212582,0.082606109,0.0,1346.0
0.7835463184990115,0.39633725,0.016528573,0.061005808,0.0,1346.0
0.7827451652365693,0.472691031,0.022323499,0.050848768,0.0,1346.0
0.7873029048782867,0.582980162,0.02822591,0.041480311,0.0,1346.0
0.8010229752480273,0.6941471395000001,0.029012829999999996,0.040857522,0.0,1346.0
0.8264006595373887,0.6521722875,0.027776917499999998,0.04200245,0.0,1346.0
0.8325701894122568,0.578467727,0.025058144,0.0390735,0.0,1346.0
0.834839717455346,0.4501696205,0.022404343,0.0392490325,0.0,1346.0
0.8352562081216837,0.27401333099999997,0.0212954245,0.040310980499999996,0.0,1346.0
0.7948417329809455,0.1245016885,0.0345932455,0.0345207605,0.0,1346.0
0.6896699646201723,0.006305266,0.0434327215,0.0352500395,0.0,1346.0
0.6363868270224264,0.0,0.05568224,0.078246788,0.0,1346.0
0.6220945042375154,0.0,0.044605986,0.091222703,0.0,1346.0
0.6221153006191995,0.012397324,0.040255864,0.10694477799999999,0.0,1346.0
0.6898138024253218,0.141632298,0.034631672,0.0958027515,0.0,1346.0
0.773261547005514,0.269198936,0.012508514,0.079930682,0.0,1346.0
0.7907292846420285,0.375125285,0.009937972,0.081852131,0.0,1346.0
0.8097521966240679,0.471702149,0.013236467,0.08787866,0.0,1346.0
0.8262186089780029,0.622685778,0.020676223,0.094708271,0.0,1346.0
0.8550547358806412,0.7139844165,0.023433448,0.1109286985,0.0,1346.0
0.8660868155198662,0.6172098115,0.024326183,0.119659444,0.0,1346.0
0.8632600101983502,0.4997330205,0.0216303245,0.1139403,0.0,1346.0
0.8532824428886046,0.3175485605,0.0191719215,0.10956632599999999,0.0,1346.0
0.8393597604821451,0.201608053,0.021811389,0.115534957,0.0,1346.0
0.8004875271301162,0.114994214,0.033910474,0.109482702,0.0,1346.0
0.6866956369277886,0.005006234,0.044698139,0.081603872,0.0,1346.0
0.62360123235862,0.0,0.060632232,0.104618916,0.0,1346.0
0.6071086715927799,0.0,0.0563711035,0.0911687895,0.0,1346.0
0.5989902443585289,0.0066975645,0.042790565,0.076823589,0.0,1346.0
0.6181377233293015,0.114790434,0.027010533500000003,0.0872316535,0.0,1346.0
0.6586464627349723,0.226641287,0.009513772,0.070259559,0.0,1346.0
0.7008929673505705,0.337762582,0.00811593,0.06447896,0.0,1346.0
0.7418693909712423,0.544501354,0.008717758,0.060187199,0.0,1346.0
0.7684181037745862,0.655721009,0.008950743,0.068352153,0.0,1346.0
0.7844621103367846,0.7521478500000001,0.0089809705,0.069217975,0.0,1346.0
0.7918713952862082,0.7525608189999999,0.011884621000000001,0.070141226,0.0,1346.0
0.7985517270794692,0.588289063,0.0259412585,0.1564354025,0.0,1346.0
0.8034624891330244,0.40265418799999997,0.036851411,0.22043437,0.0,1346.0
0.8069377842733816,0.252911198,0.037620725,0.205367347,0.0,1346.0
0.7884989550510975,0.174055489,0.043487427,0.193706803,0.0,1346.0
0.7716480673617795,0.120181313,0.052626571,0.187315777,0.0,1346.0
0.7385677424792206,0.011644825,0.053261379,0.1789558,0.0,1346.0
0.6364254388076895,0.0,0.073671164,0.1778403795,0.0,1346.0
0.6082872347404125,0.0,0.08167738150000001,0.15639497,0.0,1346.0
0.5997899425520182,0.0107565715,0.0760464415,0.209972811,0.0,1346.0
0.6191456434092917,0.167562107,0.0653490925,0.256071848,0.0,1346.0
0.6593562152584117,0.316104424,0.026682048,0.269220327,0.0,1346.0
0.7085563625982737,0.46233034,0.024288944,0.257315462,0.0,1346.0
0.7473359278407397,0.616467657,0.028332605,0.244313037,0.0,1346.0
0.7783488668457017,0.73697191,0.030055445,0.242280783,0.0,1346.0
0.7846153371256616,0.806890289,0.03059213,0.238638527,0.0,1346.0
0.7877311323213727,0.831153464,0.032797513,0.216925271,0.0,1346.0
0.7922902803262803,0.778902902,0.0433484785,0.23628580999999999,0.0,1346.0
0.7979337038610067,0.618082015,0.0586225945,0.27865945400000003,0.0,1346.0
0.8024465181237551,0.489748779,0.050613078,0.269432317,0.0,1346.0
0.8088073459238619,0.269431982,0.0430853275,0.2270589015,0.0,1346.0
0.7961478912075881,0.11687590950000001,0.057327302999999996,0.1612093165,0.0,1346.0
0.7481977335691681,0.008018327,0.076155248,0.163846919,0.0,1346.0
0.655822756125097,0.0,0.086621576,0.1792539135,0.0,1346.0
0.6314450581572622,0.0,0.0993968965,0.200051025,0.0,1346.0
0.6284704953729543,0.009221772,0.08866642599999999,0.2264065085,0.0,1346.0
0.6956300050816683,0.1630629945,0.0520330415,0.202938431,0.0,1346.0
0.782571705536333,0.31514146,0.013971245,0.14255374,0.0,1346.0
0.8232619553839458,0.465597567,0.00838338,0.10848981,0.0,1346.0
0.8584548731957083,0.583734721,0.01010469,0.090718794,0.0,1346.0
0.8818227728803987,0.714910174,0.017121202,0.089027662,0.0,1346.0
0.8898620988724268,0.762296707,0.022915294,0.08039635,0.0,1346.0
0.8965710668628526,0.726805325,0.029475884,0.09070998150000001,0.0,1346.0
0.8943694675683804,0.6345082360000001,0.032351708,0.149249881,0.0,1346.0
0.8913347453233584,0.51794781,0.035575573,0.188892272,0.0,1346.0
0.8924500507988319,0.395800068,0.041856398,0.204916037,0.0,1346.0
0.8944673464654361,0.273335096,0.058146526,0.2090763,0.0,1346.0
0.8852423925008273,0.182929378,0.086831918,0.206219642,0.0,1346.0
0.8309027236591774,0.125751113,0.112864226,0.207314255,0.0,1346.0
0.75996238059027,0.009991944,0.121482332,0.206398634,0.0,1346.0
0.6622593523017283,0.0,0.13079635099999998,0.20116795250000002,0.0,1346.0
0.6344812591054784,0.0,0.126752563,0.17156931450000001,0.0,1346.0
0.6301211548670447,0.009519825,0.113391717,0.1593250675,0.0,1346.0
0.6979476744487073,0.1708295515,0.0891810385,0.16592995500000002,0.0,1346.0
0.7859357427982604,0.320599235,0.035494759,0.163322803,0.0,1346.0
0.8420717396549864,0.472863807,0.023263644,0.160248897,0.0,1346.0
0.8693926418955005,0.607411097,0.030442565,0.157873907,0.0,1346.0
0.8894546214178847,0.732595552,0.058943758,0.162913763,0.0,1346.0
0.8940503862404943,0.7803532835,0.0819346085,0.1681145015,0.0,1346.0
0.8995144349495854,0.8024800519999999,0.09347354,0.169782416,0.0,1346.0
0.8961190391760291,0.6641782494999999,0.09831827600000001,0.2171508405,0.0,1346.0
0.892504976025385,0.4534939785,0.0923968695,0.2764910905,0.0,1346.0
0.8958071403441021,0.255036972,0.102452555,0.311154636,0.0,1346.0
0.8921139287452772,0.17565222,0.151561495,0.327996166,0.0,1346.0
0.8437508480855199,0.117583777,0.20835978,0.336431806,0.0,1346.0
0.7269359011370482,0.0041433175,0.2592665075,0.34422552100000003,0.0,1346.0
0.6583965306329276,0.0,0.311026541,0.425842918,0.0,1346.0
0.6401716738269341,0.0,0.29827243999999997,0.47623406199999996,0.0,1346.0
0.6350098767400725,0.008190594,0.27492831549999996,0.4786110255,0.0,1346.0
0.7002801549196008,0.166517674,0.2054920855,0.4663475195,0.0,1346.0
0.7949463016813105,0.317340391,0.115196542,0.416544739,0.0,1346.0
0.8420717396549864,0.471795488,0.093238423,0.354117111,0.0,1346.0
0.8605101937305827,0.60742632,0.105429235,0.319074376,0.0,1346.0
0.8808495210749522,0.731216835,0.141559348,0.307790804,0.0,1346.0
0.8863582613215768,0.813351577,0.180886908,0.318492746,0.0,1346.0
0.8909786248251244,0.844043155,0.163617878,0.290076668,0.0,1346.0
0.8955393693918108,0.833280354,0.171332114,0.2712870665,0.0,1346.0
0.8949664597509055,0.736018862,0.1903797525,0.26680018299999997,0.0,1346.0
0.8921927958334424,0.602502256,0.213594685,0.273045409,0.0,1346.0
0.8907392087099818,0.45560094,0.217171263,0.289152986,0.0,1346.0
0.8894868252600499,0.301240459,0.205431233,0.313641071,0.0,1346.0
0.8747283444819124,0.197510903,0.237934074,0.347862038,0.0,1346.0
0.8176412063402714,0.126767324,0.2718564,0.402600549,0.0,1346.0
0.7149251475722498,0.003871716,0.3023873005,0.5060929415000001,0.0,1346.0
0.6400560964470172,0.0,0.3536452015,0.568050065,0.0,1346.0
0.6281396782061865,0.0,0.2934591355,0.5250274425,0.0,1346.0
0.6463204774725486,0.0739429095,0.234496276,0.479961072,0.0,1346.0
0.7269931266380417,0.202892724,0.154719462,0.401671478,0.0,1346.0
0.7771617364106366,0.31232095,0.107455382,0.317104005,0.0,1346.0
0.807479804961262,0.45079535,0.091647676,0.25681931,0.0,1346.0
0.8244892702817135,0.56948702,0.097837995,0.214690441,0.0,1346.0
0.8568350091805929,0.690251997,0.129341345,0.183378086,0.0,1346.0
0.8680578237124028,0.781334924,0.164890197,0.161073701,0.0,1346.0
0.8802638426912851,0.814911477,0.155286423,0.157925485,0.0,1346.0
0.8892272693949754,0.7646951835,0.161398824,0.14159927849999998,0.0,1346.0
0.8906056986931461,0.6285287310000001,0.174317893,0.1763388815,0.0,1346.0
0.8853917224534853,0.41258892199999997,0.176504223,0.20876205850000001,0.0,1346.0
0.8810449981342924,0.235484369,0.171305639,0.260533883,0.0,1346.0
0.8661151697317707,0.156174345,0.194047956,0.293989831,0.0,1346.0
0.8110103066881883,0.099721234,0.241397842,0.305125141,0.0,1346.0
0.7193173850002226,0.0030069485,0.2739527005,0.300385455,0.0,1346.0
0.6503373706355182,0.0,0.2888593145,0.352946085,0.0,1346.0
0.6361244547435938,0.0,0.2639927825,0.3747726635,0.0,1346.0
0.6532862318076265,0.056548904500000004,0.22301696999999998,0.3382360215,0.0,1346.0
0.7277755019330288,0.143730479,0.145606751,0.27726074,0.0,1346.0
0.773554715388566,0.206441659,0.093070873,0.22484053,0.0,1346.0
0.7855697171769809,0.272339385,0.080295268,0.180762425,0.0,1346.0
0.7864529294006565,0.33389469,0.087755344,0.151170793,0.0,1346.0
0.791587897872144,0.405808122,0.130396056,0.138909419,0.0,1346.0
0.7973401855368101,0.468511681,0.170515205,0.15295693900000001,0.0,1346.0
0.8127238723419914,0.471798256,0.170606269,0.12792926599999999,0.0,1346.0
0.8252345601382609,0.41201706800000004,0.165949139,0.0966998295,0.0,1346.0
0.8103723322310047,0.2776582655,0.14314415949999998,0.1136604725,0.0,1346.0
0.8023054967323638,0.142672439,0.140031133,0.152974657,0.0,1346.0
0.7804530099083862,0.074204715,0.175856377,0.179833339,0.0,1346.0
0.6886552612940854,0.0018338405,0.2074455995,0.2111287435,0.0,1346.0
0.6309677036923045,0.0,0.211724566,0.258343511,0.0,1346.0
0.6167219030669766,0.0,0.2195038465,0.31329518700000003,0.0,1346.0
0.6122667132737241,0.003629542,0.201902488,0.252160671,0.0,1346.0
0.6236052227939375,0.06731838200000001,0.158228406,0.2219622945,0.0,1346.0
0.655566345239755,0.132739439,0.137171762,0.145649182,0.0,1346.0
0.6903134787434451,0.174363909,0.13361997,0.11153525,0.0,1346.0
0.7198747563779434,0.239904124,0.135701045,0.109726873,0.0,1346.0
0.73062258705924,0.274549483,0.136394465,0.117463109,0.0,1346.0
0.7385666395479586,0.29424117699999996,0.138712465,0.1455480385,0.0,1346.0
0.7557347540900363,0.322500438,0.1268988145,0.1448532415,0.0,1346.0
0.7635143366436463,0.29669060599999997,0.129976327,0.144913105,0.0,1346.0
0.7703739491632484,0.1981294955,0.1443995975,0.18038944699999998,0.0,1346.0
0.7744129997400853,0.121083436,0.145940588,0.185023458,0.0,1346.0
0.7643683024315451,0.056244999000000004,0.1535751065,0.1737939005,0.0,1346.0
0.6943033322710284,0.0009676835,0.1808970215,0.203292998,0.0,1346.0
0.6239007376257348,0.0,0.184473659,0.253387629,0.0,1346.0
0.6094326707681984,0.00040609033333333333,0.15640944633333334,0.21969277866666667,0.0,1346.0
0.6217303328412644,0.052281493,0.15397882899999998,0.1579242355,0.0,1346.0
0.6569765560274448,0.129935471,0.17474581,0.191205707,0.0,1346.0
0.6947334370106644,0.21227093,0.168447006,0.235868354,0.0,1346.0
0.7251782551221901,0.29365721,0.158649269,0.263723859,0.0,1346.0
0.7470114478393949,0.368255582,0.161022568,0.286137763,0.0,1346.0
0.7556679051386355,0.456354139,0.171118993,0.317340054,0.0,1346.0
0.7741387506297408,0.5911039405,0.179672414,0.34590244800000003,0.0,1346.0
0.7930598868785055,0.6301221850000001,0.2102768815,0.42126629250000003,0.0,1346.0
0.7993814227524041,0.514265143,0.18980154049999998,0.48471482850000003,0.0,1346.0
0.7915527832043041,0.290424852,0.16137232099999999,0.500408352,0.0,1346.0
0.7691312832630182,0.1208365475,0.1880990155,0.518417991,0.0,1346.0
0.7229737450020434,0.002882409,0.229225634,0.567122745,0.0,1346.0
0.6468855709322147,0.0,0.23112131549999998,0.589353373,0.0,1346.0
0.6265451638531534,0.0,0.1940293335,0.555687918,0.0,1346.0
0.6222331310988609,0.0026862715,0.15593268700000001,0.4131457425,0.0,1346.0
0.6891974223493516,0.12105006000000001,0.12365008200000001,0.28874488600000003,0.0,1346.0
0.7713273432040233,0.256707538,0.091725479,0.260323793,0.0,1346.0
0.786469265788419,0.400754312,0.090599991,0.261829768,0.0,1346.0
0.7956300002672858,0.449081038,0.088428332,0.276544973,0.0,1346.0
0.8194713813400051,0.592068667,0.084816978,0.299439836,0.0,1346.0
0.8291366743585139,0.650533115,0.083224426,0.311372374,0.0,1346.0
0.8539114985459093,0.708333824,0.096334285,0.301216837,0.0,1346.0
0.8665384208540439,0.660979952,0.09018053849999999,0.3329396685,0.0,1346.0
0.8738170125130122,0.524823696,0.0689689295,0.3080813635,0.0,1346.0
0.8715002112979331,0.383635836,0.0475380565,0.275748272,0.0,1346.0
0.8654915602665054,0.223211463,0.038997141,0.250179413,0.0,1346.0
0.8371507442250339,0.154426634,0.046285858,0.241190104,0.0,1346.0
0.7866870884602148,0.08473269,0.056938913,0.235499499,0.0,1346.0
0.6929032616983084,0.0013640805,0.0737716695,0.22610108299999998,0.0,1346.0
0.6378866072080384,0.0,0.07108876,0.221153569,0.0,1346.0
0.6280858327768497,0.0,0.0490005725,0.13440607599999999,0.0,1346.0
0.6251810293632083,0.002838,0.0356363845,0.1352998045,0.0,1346.0
0.6912979033551192,0.11265027350000001,0.0334232295,0.176035738,0.0,1346.0
0.7733692378641877,0.244278137,0.019632458,0.167806299,0.0,1346.0
0.7967632383796781,0.388189493,0.019141534,0.153201861,0.0,1346.0
0.8174638501164384,0.5172006,0.02282389,0.144643444,0.0,1346.0
0.848410926493166,0.654509244,0.032721568,0.141108635,0.0,1346.0
0.8608544839780187,0.716502425,0.042300221,0.135550008,0.0,1346.0
0.8771452310818157,0.7371695524999999,0.030919191,0.1091482235,0.0,1346.0
0.8822195942932753,0.6666859455,0.04822269,0.100902438,0.0,1346.0
0.8768424864543144,0.4962243125,0.054796794999999995,0.0931700625,0.0,1346.0
0.8742010645578825,0.346605786,0.051896633,0.074222989,0.0,1346.0
0.8716551747033522,0.247598348,0.054486171,0.067258503,0.0,1346.0
0.8423173531934106,0.15879169,0.078105326,0.064927408,0.0,1346.0
0.7970633075860512,0.084831377,0.101600037,0.071061907,0.0,1346.0
0.7097893575295161,0.0011271115,0.11942075099999999,0.10009109,0.0,1346.0
0.6492350452354408,0.0,0.162008244,0.207291493,0.0,1346.0
0.6334850045556282,0.0,0.144645138,0.21312007900000002,0.0,1346.0
0.6301184556866264,0.0025572935,0.102420388,0.217575733,0.0,1346.0
0.6954967532908025,0.13641623349999998,0.060125924500000004,0.23769537699999999,0.0,1346.0
0.7784390946260608,0.292553626,0.034944366,0.265072693,0.0,1346.0
0.8136514000186462,0.447639618,0.035232128,0.266540354,0.0,1346.0
0.8445655216345885,0.562215151,0.047424563,0.281722639,0.0,1346.0
0.8657456233588267,0.670898873,0.06990102,0.298497918,0.0,1346.0
0.8727247566752785,0.694563763,0.094055967,0.3006463,0.0,1346.0
0.8856325944503987,0.742788448,0.117208222,0.296541913,0.0,1346.0
0.8906395453651812,0.7122602275000001,0.11827117549999999,0.2977306825,0.0,1346.0
0.8916540614305465,0.577116384,0.114239184,0.299229794,0.0,1346.0
0.8888425602181572,0.382093031,0.1090231235,0.27753621549999996,0.0,1346.0
0.8862229671696185,0.1931769,0.113997474,0.263692211,0.0,1346.0
0.8643950327584872,0.130079041,0.138210448,0.258778116,0.0,1346.0
0.8052864673347209,0.063092632,0.163137812,0.268901571,0.0,1346.0
0.7103194541799265,0.0007781375,0.17468471200000002,0.2856758545,0.0,1346.0
0.6444212235869776,0.0,0.182045717,0.329237242,0.0,1346.0
0.6319724084212961,0.0,0.157004849,0.330207523,0.0,1346.0
0.6304021175399885,0.0013771675,0.1299159725,0.312539264,0.0,1346.0
0.695481003382362,0.110991216,0.096995686,0.249982896,0.0,1346.0
0.7784290950910988,0.240241929,0.055431386,0.178833064,0.0,1346.0
0.8124315961828118,0.378004031,0.0500792,0.142403561,0.0,1346.0
0.8389151972765412,0.447613683,0.049387329,0.126553341,0.0,1346.0
0.8588729604238245,0.527993354,0.05142874,0.131615426,0.0,1346.0
0.8701144591364178,0.655702778,0.052524024,0.150792112,0.0,1346.0
0.884511139070224,0.7278994335,0.0542004135,0.21462478550000003,0.0,1346.0
0.8913248870936488,0.598247422,0.0553326545,0.27645548200000003,0.0,1346.0
0.8881352955425019,0.455810858,0.06462355550000001,0.29798797850000003,0.0,1346.0
0.8845081816638357,0.274447863,0.070061222,0.311825676,0.0,1346.0
0.8802178372024776,0.217182362,0.074385007,0.310160978,0.0,1346.0
0.8579748198629544,0.133401973,0.085811174,0.301891146,0.0,1346.0
0.8067982659697193,0.07305115,0.102247561,0.303816383,0.0,1346.0
0.753035261987319,0.001473747,0.110945672,0.306089996,0.0,1346.0
0.6645030139806973,0.0,0.127522657,0.34264618700000005,0.0,1346.0
0.6358578808218585,0.0,0.132729842,0.3765856475,0.0,1346.0
0.6337691122083045,0.0017950055,0.142912979,0.38805141249999997,0.0,1346.0
0.6979017158532358,0.12396368499999999,0.126756747,0.3740781235,0.0,1346.0
0.7826088388059753,0.27342003,0.099467589,0.33669975,0.0,1346.0
0.8150161680375602,0.408121283,0.094324814,0.307509176,0.0,1346.0
0.8480642890779536,0.548334264,0.10133073,0.315943778,0.0,1346.0
0.8710340999792071,0.648008956,0.106965877,0.33957771,0.0,1346.0
0.8848146346163455,0.722150708,0.111833894,0.364834087,0.0,1346.0
0.8922559827279264,0.7011013020000001,0.125191506,0.4385618585,0.0,1346.0
0.8952393477040179,0.6082383245,0.1415482075,0.458297672,0.0,1346.0
0.8917508139496724,0.48076254350000003,0.15292145699999998,0.4390584875,0.0,1346.0
0.8896292547020092,0.354327265,0.166372253,0.424719799,0.0,1346.0
0.8895779915323728,0.228827899,0.182663476,0.427452948,0.0,1346.0
0.8761475681687753,0.14291146,0.229657356,0.455658512,0.0,1346.0
0.8297730531917857,0.073290979,0.277214924,0.500001187,0.0,1346.0
0.7267151920241124,0.0005783665,0.3158417735,0.5544607655,0.0,1346.0
0.6429241894751201,0.0,0.3238765835,0.6259217845,0.0,1346.0
0.6278397968857795,0.0,0.31398464,0.640329828,0.0,1346.0
0.6267152434192087,0.0014525145,0.293590998,0.6670556695000001,0.0,1346.0
0.6380821777414283,0.125558258,0.2536988145,0.6736357135,0.0,1346.0
0.6724631915245445,0.269990787,0.240423727,0.624506254,0.0,1346.0
0.7140864149282292,0.419982774,0.234984374,0.572217536,0.0,1346.0
0.7470614905318069,0.397591922,0.243063941,0.554117298,0.0,1346.0
0.7747824523263575,0.460516744,0.240309643,0.554998215,0.0,1346.0
0.7815962472431182,0.588273754,0.245745821,0.565951418,0.0,1346.0
0.7876517018879314,0.63927169,0.243935701,0.54675957,0.0,1346.0
0.7922417397837305,0.6787474915,0.265359346,0.5832066410000001,0.0,1346.0
0.7979781603066161,0.6126322934999999,0.2974251735,0.6408564864999999,0.0,1346.0
0.8037021872334272,0.439044369,0.321833134,0.681501832,0.0,1346.0
0.8060310059600262,0.320948701,0.321957697,0.697012705,0.0,1346.0
0.8096632837328492,0.209884907,0.321234902,0.711999277,0.0,1346.0
0.8049133533167763,0.138703813,0.336083988,0.734164503,0.0,1346.0
0.7905361553757092,0.054055164,0.357232859,0.769630231,0.0,1346.0
0.7261763872812126,0.0,0.380326381,0.806753826,0.0,1346.0
0.6589129194233678,0.0,0.3850269025,0.802053732,0.0,1346.0
0.648031202640681,0.0,0.376387397,0.766314846,0.0,1346.0
0.6412994666851537,0.000715982,0.36095410650000004,0.75156333,0.0,1346.0
0.6426062817311222,0.0768033205,0.324479957,0.7596948290000001,0.0,1346.0
0.6704551907423737,0.183497344,0.326909735,0.775293471,0.0,1346.0
0.7077454442675494,0.26659002,0.333158027,0.75535728,0.0,1346.0
0.7402291996328513,0.347571377,0.335289501,0.730190987,0.0,1346.0
0.7558115550578187,0.436123312,0.338525659,0.701967647,0.0,1346.0
0.7693905571428321,0.497337619,0.347150862,0.710082852,0.0,1346.0
0.7833977629116413,0.6188632315,0.304686741,0.7504736275,0.0,1346.0
0.7945440822202193,0.607651892,0.3102708105,0.7274111605,0.0,1346.0
0.801548283463591,0.4806405965,0.283319847,0.6843035485,0.0,1346.0
0.8046632336413878,0.350274132,0.255880594,0.607326804,0.0,1346.0
0.8096632837328492,0.203782787,0.270803585,0.562684008,0.0,1346.0
0.8049133533167763,0.119124285,0.313845494,0.547775105,0.0,1346.0
0.78560135767387,0.044411658,0.354542266,0.560671664,0.0,1346.0
0.7319692817612271,0.0,0.36882279949999996,0.5950563095,0.0,1346.0
0.6706779422164021,0.0,0.382806489,0.6133941785,0.0,1346.0
0.6524613944927126,0.000669631,0.342547977,0.5894381843333334,0.0,1346.0
0.7053806192744828,0.0996569325,0.262895291,0.5315494175,0.0,1346.0
0.788906902064244,0.243247829,0.167484918,0.455633347,0.0,1346.0
0.8159377809014381,0.376223658,0.141482117,0.394325333,0.0,1346.0
0.8445655216345885,0.455967955,0.139005969,0.363413907,0.0,1346.0
0.8665087517529988,0.587150991,0.149737547,0.347703926,0.0,1346.0
0.8760091759304208,0.706273542,0.162028362,0.343324371,0.0,1346.0
0.8866026068641963,0.8024430965,0.1545700265,0.305442651,0.0,1346.0
0.8918575184851796,0.7345612015,0.1573526175,0.308072163,0.0,1346.0
0.8902579342747593,0.527880138,0.14260551700000001,0.3379521705,0.0,1346.0
0.8838838206547059,0.30885701,0.12702434,0.335963574,0.0,1346.0
0.8827992171841578,0.18401582,0.136597709,0.311458333,0.0,1346.0
0.8661151697317707,0.10784855,0.192596549,0.298093125,0.0,1346.0
0.8139480885281184,0.033612525,0.250335254,0.280334213,0.0,1346.0
0.7283806860687252,0.0,0.263339963,0.2478439625,0.0,1346.0
0.662540127088706,0.0,0.272165895,0.238743469,0.0,1346.0
0.6473228112744738,0.0,0.256474333,0.28771652000000003,0.0,1346.0
0.6450879752339562,0.000735532,0.2167673775,0.28332856500000003,0.0,1346.0
0.701608564659405,0.1000430905,0.1508083635,0.2633602625,0.0,1346.0
0.7834986229743758,0.24591583,0.067423592,0.225558763,0.0,1346.0
0.8133702969783165,0.371901582,0.057742753,0.194169163,0.0,1346.0
0.8387430049468649,0.538038353,0.059109926,0.162870644,0.0,1346.0
0.8626418459872576,0.67700059,0.074072006,0.148941912,0.0,1346.0
0.8723456334326406,0.764407387,0.086872887,0.139379785,0.0,1346.0
0.8804702102589705,0.827072169,0.078935108,0.133859614,0.0,1346.0
0.8844385631920125,0.734712322,0.06914693999999999,0.13155844849999998,0.0,1346.0
0.8883935834117718,0.571400881,0.0668849335,0.1218944825,0.0,1346.0
0.8809061363373336,0.3632387815,0.0670398915,0.1854183385,0.0,1346.0
0.8720324203368177,0.202648806,0.078018636,0.222496403,0.0,1346.0
0.8455182116500796,0.126824679,0.109101156,0.236176413,0.0,1346.0
0.8015493160548489,0.041836517,0.150930209,0.28324051,0.0,1346.0
0.7167324608202098,0.0,0.171976563,0.3129326725,0.0,1346.0
0.6574820067909591,0.0,0.20128913,0.351671969,0.0,1346.0
0.6427864309220455,0.0,0.1724280025,0.3274477945,0.0,1264.0
0.6371426087939634,0.0005638905,0.129886664,0.262912178,0.0,1182.0
0.6982872938072585,0.1087459445,0.0787989565,0.2056125465,0.0,1182.0
0.7752706744782369,0.266511107,0.026868619,0.196122515,0.0,1182.0
0.7986627035978832,0.418363037,0.024525377,0.195364771,0.0,1182.0
0.822739370420713,0.499037688,0.032473676,0.194490222,0.0,1182.0
0.8410549239404252,0.591975423,0.04722168,0.20175646,0.0,1182.0
0.8583498583834073,0.685888276,0.06467008299999999,0.188077483,0.0,1182.0
0.8646283933808452,0.6726030695,0.072578555,0.200401733,0.0,1182.0
0.8635499391897536,0.522294369,0.071582336,0.225037915,0.0,1182.0
0.8615709031707215,0.368829063,0.0765364865,0.23346229200000002,0.0,1182.0
0.8581182815835495,0.237144672,0.063163164,0.22330664,0.0,1182.0
0.8586778591364166,0.134975998,0.060028438,0.23117911,0.0,1182.0
0.8415733779133815,0.087083678,0.076931598,0.244793646,0.0,1182.0
0.7953926493346593,0.030680237,0.097345578,0.272425439,0.0,1182.0
0.7166182686694375,0.0,0.11425313449999999,0.328447011,0.0,1182.0
0.6539453545340874,0.0,0.135706736,0.479007847,0.0,1182.0
0.6431249942426708,0.0,0.117138041,0.430335428,0.0,1182.0
0.6405903944277082,0.0,0.1146276085,0.340968575,0.0,1182.0
0.6993335676028528,0.0879928935,0.0877152595,0.30217599949999996,0.0,1182.0
0.7781367720385832,0.244292859,0.046119061,0.323905768,0.0,1182.0
0.8152284510432669,0.387164167,0.049051396,0.344715349,0.0,1182.0
0.8300845762517802,0.466156768,0.062968229,0.361246001,0.0,1182.0
0.8487765300744218,0.588097239,0.074275685,0.375393359,0.0,1182.0
0.8571476589311396,0.642192844,0.084577004,0.413484661,0.0,1182.0
0.8622068121327668,0.6058865765,0.09778537600000001,0.3850506635,0.0,1182.0
0.8603677177079097,0.40982798750000005,0.1172896775,0.450717461,0.0,1182.0
0.8563796952087848,0.309670657,0.11149713850000001,0.4862731905,0.0,1182.0
0.8452577641863773,0.22551805,0.081126268,0.4572168,0.0,1182.0
0.8425366777024464,0.155692045,0.061216559,0.39704722,0.0,1182.0
0.8209472202892495,0.095796995,0.068131492,0.345102453,0.0,1182.0
0.784033789732271,0.028818213,0.084395212,0.328514871,0.0,1182.0
0.7082316947109626,0.0,0.097122003,0.2916803905,0.0,1182.0
0.6569851468865942,0.0,0.117567583,0.398282146,0.0,1182.0
0.645001620843148,0.0,0.1159221015,0.36558790750000003,0.0,1182.0
0.6426264680617677,0.0,0.0933533235,0.3081600355,0.0,1182.0
0.7000688582370607,0.0491244,0.066640411,0.297455661,0.0,1182.0
0.773511620412811,0.137532237,0.050185224,0.288715969,0.0,1182.0
0.7969346797907342,0.240462659,0.053869809,0.292739598,0.0,1182.0
0.8049865863269361,0.28881628,0.057260197,0.318375449,0.0,1182.0
0.8271370299688127,0.357880732,0.061181998,0.332390145,0.0,1182.0
0.8349887657353661,0.411046267,0.06934803,0.318068519,0.0,1182.0
0.8483584897396415,0.45635734250000004,0.0635027685,0.330771675,0.0,1182.0
0.8581443358336358,0.4693378405,0.080448099,0.35646869449999996,0.0,1182.0
0.8519781863430467,0.40193926599999996,0.10222191750000001,0.3645778655,0.0,1182.0
0.8428885727984875,0.28687698,0.101601281,0.329109421,0.0,1182.0
0.8359516897524988,0.182663565,0.10017571,0.327180467,0.0,1182.0
0.8111396860273697,0.104055143,0.100812321,0.313922949,0.0,1182.0
0.7713510030803752,0.017942645,0.109608116,0.311329518,0.0,1182.0
0.6906768523902644,0.0,0.117011722,0.30086388350000004,0.0,1182.0
0.6200916206437388,0.0,0.1228124275,0.32166135,0.0,1182.0
0.6028691444392197,0.0,0.110654881,0.3073763725,0.0,1182.0
0.6050574586015142,0.008340465,0.099566764,0.291756442,0.0,1182.0
0.6331902875045247,0.1174396125,0.0813704045,0.238612488,0.0,1182.0
0.6858177996182816,0.235312009,0.06364121,0.164271008,0.0,1182.0
0.7137442842752257,0.338357206,0.065272838,0.137224078,0.0,1182.0
0.7306881214341225,0.399288336,0.063131045,0.143525142,0.0,1182.0
0.7344305310200677,0.397835165,0.063151259,0.172026654,0.0,1182.0
0.7341327624007572,0.4115147565,0.08380634249999999,0.19559772549999999,0.0,1182.0
0.7434811336858125,0.422001846,0.0917087905,0.176455158,0.0,1182.0
0.7522817101502184,0.2965647595,0.095503747,0.1536401935,0.0,1182.0
0.7467946586967237,0.162909136,0.089570097,0.207648759,0.0,1182.0
0.7453665152721151,0.104586838,0.081892959,0.255537871,0.0,1182.0
0.7335376481400264,0.058069495,0.085073698,0.259230414,0.0,1182.0
0.7251646410488919,0.01315718,0.096480684,0.227643283,0.0,1182.0
0.6724862883682423,0.0,0.10996172800000001,0.1818319275,0.0,1182.0
0.614870837648789,0.0,0.11770491150000001,0.23026214750000001,0.0,1182.0
0.6011613063999962,0.0,0.104120721,0.288374169,0.0,1182.0
0.6029631271565632,0.013496738,0.0980181665,0.28285711950000003,0.0,1182.0
0.629098400642941,0.153498255,0.070300213,0.2261768065,0.0,1182.0
0.6731667478751913,0.317827706,0.045670683,0.169984425,0.0,1182.0
0.6995958933009717,0.457767135,0.040236152,0.138752624,0.0,1182.0
0.7157479658685316,0.570868247,0.042525195,0.125332622,0.0,1182.0
0.719430192547095,0.601594279,0.048609894,0.110613901,0.0,1182.0
0.7263221967948283,0.627582604,0.067754289,0.11075986,0.0,1182.0
0.7389530156265596,0.6046394125,0.101799234,0.16328140600000002,0.0,1182.0
0.74735076207864,0.436125904,0.113099036,0.25492838100000004,0.0,1182.0
0.741505806304411,0.29664433,0.098169434,0.29063485,0.0,1182.0
0.7428208129909286,0.197223626,0.084684776,0.312328517,0.0,1182.0
0.744762340906253,0.101639395,0.079859363,0.361659561,0.0,1182.0
0.7282147142963764,0.053277044,0.09158037,0.455559819,0.0,1182.0
0.7217662409756112,0.007438057,0.117620155,0.534038017,0.0,1182.0
0.6778517303957033,0.0,0.161614825,0.5862386635,0.0,1182.0
0.6295052677963466,0.0,0.20953562,0.6124140705,0.0,1182.0
0.6203554481790976,0.0,0.248784913,0.6305235570000001,0.0,1182.0
0.6397091069253762,0.0071306775,0.280323212,0.6583798765,0.0,1182.0
0.7355545683473208,0.1378291465,0.3006449155,0.658924734,0.0,1182.0
0.7654245520028111,0.2922426,0.304142928,0.647641637,0.0,1182.0
0.7621196647443853,0.373833287,0.32435929,0.637928778,0.0,1182.0
0.762401753482637,0.460177986,0.36308536950000003,0.6273277905,0.0,1182.0
0.7650423069144868,0.5072040215,0.3316893845,0.6791562680000001,0.0,1182.0
0.7688252054571962,0.4003174555,0.381843526,0.813821924,0.0,1182.0
0.7661938065423941,0.26490043750000003,0.39362007499999996,0.8061569015000001,0.0,1182.0
0.7669770040338717,0.185514264,0.384991299,0.771841407,0.0,1182.0
0.7686597732708332,0.138716118,0.351984082,0.736942232,0.0,1182.0
0.7647140948288432,0.085137503,0.320450916,0.684568411,0.0,1182.0
0.7361070102975646,0.013391534,0.297269167,0.608442082,0.0,1182.0
0.6735608932416954,0.0,0.281117992,0.5077729095,0.0,1182.0
0.6290164588525229,0.0,0.304089573,0.481934836,0.0,1182.0
0.6214538302247667,0.0,0.25108539750000003,0.36712505,0.0,1182.0
0.6218103965848392,0.0,0.201802074,0.28728298399999996,0.0,1182.0
0.6847965706155614,0.077315068,0.1535249925,0.2139990695,0.0,1182.0
0.7550363150528328,0.232772028,0.103893178,0.173141285,0.0,1182.0
0.7654245520028111,0.37245406,0.09153822,0.156063065,0.0,1182.0
0.7639319071072002,0.46446448,0.096150136,0.133939241,0.0,1182.0
0.7646921718816557,0.560439137,0.107183089,0.124659483,0.0,1182.0
0.7678649105931,0.618854776,0.124423571,0.134562812,0.0,1182.0
0.7750533219902898,0.662823159,0.144791387,0.132508111,0.0,1182.0
0.7840525673871039,0.6250511835,0.164542321,0.15111405249999998,0.0,1182.0
0.7942444828850725,0.5115554984999999,0.157361234,0.2169011785,0.0,1182.0
0.7931586583120557,0.424628985,0.11572318,0.259377991,0.0,1182.0
0.7914844324156632,0.32321287,0.083725862,0.269081118,0.0,1182.0
0.7893347537353976,0.215202399,0.055138882,0.273241173,0.0,1182.0
0.7720116051352747,0.136837403,0.054534046,0.279497799,0.0,1182.0
0.7397991889925095,0.01307279,0.062178704,0.303556068,0.0,1182.0
0.6717606918370682,0.0,0.08191240250000001,0.33735832,0.0,1182.0
0.6295261812863218,0.0,0.104426459,0.314832723,0.0,1182.0
0.6205008819833056,0.0,0.108734478,0.31014275599999996,0.0,1182.0
0.6200556845609639,0.0,0.1202173645,0.331456304,0.0,1182.0
0.683804494261946,0.0825621455,0.11522256550000001,0.3949920535,0.0,1182.0
0.755709497651906,0.241761636,0.069922808,0.451069302,0.0,1182.0
0.7717288120591168,0.386016684,0.073518256,0.519921667,0.0,1182.0
0.7707427915109084,0.55609472,0.091201215,0.572309895,0.0,1182.0
0.7788540362492002,0.680257266,0.121828613,0.625426759,0.0,1182.0
0.7869432167350522,0.753065292,0.161904966,0.660794397,0.0,1182.0
0.8020949981744018,0.758441505,0.172263072,0.637437206,0.0,1182.0
0.8071557476251854,0.6559650459999999,0.2003997865,0.6982161445,0.0,1182.0
0.8185753531676092,0.5071011195,0.224376183,0.718382882,0.0,1182.0
0.8135040886677904,0.404724754,0.188280339,0.702017107,0.0,1182.0
0.8110901122683173,0.33052796,0.171331165,0.706333746,0.0,1182.0
0.80988842926799,0.204988159,0.213511826,0.704093049,0.0,1182.0
0.7874369785530207,0.116265394,0.284925052,0.707954799,0.0,1182.0
0.7498659971342032,0.008802085,0.367452819,0.730698668,0.0,1182.0
0.6854528769282641,0.0,0.4477797775,0.7974607185,0.0,1182.0
0.6396682419778443,0.0,0.507366049,0.848512058,0.0,1182.0
0.6300456450291125,0.0,0.5170204815,0.8665508675,0.0,1182.0
0.6301624897795897,0.0,0.544438017,0.8826177405,0.0,1182.0
0.6955681090044123,0.0381238005,0.5660304620000001,0.8848081965,0.0,1182.0
0.7689796527232974,0.143722097,0.51381631,0.892260747,0.0,1182.0
0.7872692460922176,0.246219627,0.495797384,0.897863493,0.0,1182.0
0.7990145055324968,0.353352781,0.540554074,0.894892166,0.0,1182.0
0.8271370299688127,0.443049667,0.578783676,0.876188504,0.0,1182.0
0.8390933982056661,0.51692402,0.629920536,0.858573814,0.0,1182.0
0.846156279893935,0.567503624,0.565749884,0.826497123,0.0,1182.0
0.8537133926461546,0.5376850559999999,0.6427529715,0.8486658954999999,0.0,1182.0
0.8509468643313147,0.5291232325,0.6468809055,0.8084692405,0.0,1182.0
0.8444820539975426,0.388466768,0.600162775,0.759004139,0.0,1182.0
0.8412494612573127,0.311809758,0.575363487,0.741857562,0.0,1182.0
0.8403233422564703,0.201017305,0.52689652,0.728322569,0.0,1182.0
0.8172760723176198,0.125018923,0.469508671,0.727042031,0.0,1182.0
0.7856901761531723,0.008270104,0.426933397,0.718413017,0.0,1182.0
0.714557690141112,0.0,0.3713682995,0.6568361895,0.0,1182.0
0.6622457857470102,0.0,0.305092269,0.557631811,0.0,1182.0
0.6477027091950217,0.0,0.2479884215,0.46067845100000004,0.0,1182.0
0.6425604875749489,0.0,0.19240662349999998,0.368296507,0.0,1182.0
0.6979052838108585,0.064996499,0.1479356785,0.437725457,0.0,1182.0
0.7724518497772583,0.193681498,0.110391566,0.500759679,0.0,1182.0
0.7972877015773275,0.323569341,0.111816635,0.525414022,0.0,1182.0
0.8157956334447392,0.41085411,0.129382985,0.540205511,0.0,1182.0
0.8369382736459833,0.53404214,0.159566517,0.561077675,0.0,1182.0
0.8482762900984002,0.627854606,0.206326658,0.583715428,0.0,1182.0
0.8570282322335842,0.690686048,0.198595353,0.509020021,0.0,1182.0
0.8580082910756798,0.6123089770000001,0.297573187,0.538274798,0.0,1182.0
0.8407795947202423,0.37798782649999996,0.38341911149999996,0.584274627,0.0,1182.0
0.8264361965578745,0.1741110095,0.4362091505,0.6850453519999999,0.0,1182.0
0.8133413787958916,0.072435499,0.514072401,0.77684763,0.0,1182.0
0.8001729059837253,0.037534885,0.548188931,0.836790076,0.0,1182.0
0.7714984088431474,0.003427381,0.568531546,0.873182258,0.0,1182.0
0.7018335223085796,0.0,0.5750178705,0.905507229,0.0,1182.0
0.636630186867124,0.0,0.5165566595,0.9131328875,0.0,1182.0
0.6176745696670618,0.0,0.491161591,0.9163154885,0.0,1182.0
0.6113480579100212,0.0033454065,0.48034679199999997,0.9093406305,0.0,1182.0
0.634768934371893,0.16067670350000002,0.5125552185,0.9086529405,0.0,1182.0
0.6777952795726201,0.363328362,0.583414013,0.913148679,0.0,1182.0
0.703464019543937,0.402561974,0.617765691,0.914948782,0.0,1182.0
0.7150638921358686,0.535943475,0.671067993,0.9111009,0.0,1182.0
0.7186118575663539,0.601978623,0.702443783,0.906207999,0.0,1182.0
0.7292042083902912,0.628644509,0.671485353,0.8314281475,0.0,1182.0
0.7348143485982582,0.543121655,0.6877413379999999,0.7851473250000001,0.0,1182.0
0.7360632344305713,0.44023532249999997,0.644549809,0.730590055,0.0,1182.0
0.732816769391073,0.246705087,0.553777596,0.681227577,0.0,1182.0
0.7324830882919666,0.143820694,0.473213574,0.661920507,0.0,1182.0
0.7244331531516089,0.035232008,0.40899446500000003,0.653783929,0.0,1182.0
0.6654933065118125,0.0,0.342543192,0.5902885135,0.0,1182.0
0.607568938157373,0.0,0.25357061000000003,0.440015292,0.0,1182.0
0.5953762281012209,0.0,0.179835361,0.3599073775,0.0,1182.0
0.5991395980079528,0.006356638,0.1297966425,0.337180947,0.0,1182.0
0.624186863974,0.136560375,0.10774820800000001,0.282263508,0.0,1182.0
0.6627118967531139,0.280832076,0.116093286,0.260601631,0.0,1182.0
0.6892729087406156,0.289820652,0.110158353,0.226241163,0.0,1182.0
0.6943061017914507,0.334613647,0.109601625,0.201486694,0.0,1182.0
0.695475393376269,0.414507955,0.110480552,0.214033299,0.0,1182.0
0.6987525601080704,0.450871658,0.0964426065,0.21687838199999998,0.0,1182.0
0.7018098155388919,0.394139262,0.095538444,0.2369166905,0.0,1182.0
0.7085235482048742,0.26914705650000004,0.0918321705,0.3477344055,0.0,1182.0
0.7064935306888438,0.12284033450000001,0.09479080749999999,0.4404299255,0.0,1182.0
0.6995283869050005,0.023540213499999997,0.114647106,0.45895537,0.0,1182.0
0.6647309293488826,0.0,0.150178645,0.4831384775,0.0,1182.0
0.6256988030076462,0.0,0.206912914,0.647149868,0.0,1182.0
0.6202711829280898,0.0,0.22143543966666668,0.6234165313333334,0.0,1182.0
0.6835809684226297,0.042311167,0.2417437,0.6722481245,0.0,1182.0
0.7524744170638917,0.16191995,0.261763791,0.730383718,0.0,1182.0
0.7590780416760422,0.295087937,0.296057361,0.765361076,0.0,1182.0
0.7584119943669699,0.315782439,0.319455744,0.760188357,0.0,1182.0
0.7596549181805481,0.377600116,0.366817641,0.731968407,0.0,1182.0
0.7611798372583282,0.434912893,0.300614281,0.622722444,0.0,1182.0
0.7624160246878834,0.436174029,0.352337676,0.6121179725,0.0,1182.0
0.7630974464460862,0.427263557,0.42213323700000005,0.5661125945000001,0.0,1182.0
0.7631109664200904,0.2579908765,0.42152482150000004,0.4691063045,0.0,1182.0
0.7603197919057322,0.09302057350000001,0.3523668425,0.404513039,0.0,1182.0
0.725489684395513,0.001940544,0.298281122,0.345186514,0.0,1182.0
0.6689756669147889,0.0,0.25705396199999997,0.31962728900000004,0.0,1182.0
0.6291574802439142,0.0,0.247363835,0.309589434,0.0,1182.0
0.620089648872748,0.0,0.213408938,0.2893398345,0.0,1182.0
0.6198843843926356,0.0,0.18390094499999998,0.24861699599999998,0.0,1182.0
0.6831937707727826,0.0443141595,0.1466341075,0.161532207,0.0,1182.0
0.7574449390469383,0.2026795645,0.108506913,0.10562474250000001,0.0,1182.0
0.7609236614649104,0.392155075,0.115887301,0.083644754,0.0,1182.0
0.7606575336551112,0.471982956,0.125678235,0.075317701,0.0,1182.0
0.7618724080634688,0.503344716,0.126304806,0.072751001,0.0,1182.0
0.7643374131658982,0.4034629,0.109641771,0.067462467,0.0,1182.0
0.7666625229422441,0.458836255,0.1062210355,0.083895774,0.0,1182.0
0.7679439646293647,0.359190256,0.090318839,0.077677691,0.0,1182.0
0.767261815711832,0.2722407785,0.057986837,0.0582478015,0.0,1182.0
0.7686046138902225,0.1510272295,0.029686206,0.04502594,0.0,1182.0
0.745494884841462,0.031385053,0.031710538999999996,0.056681511,0.0,1182.0
0.671004135387621,0.0,0.044163958,0.086120271,0.0,1182.0
0.6259849994770799,0.0,0.061399889,0.162377076,0.0,1182.0
0.6208769067956627,0.0,0.061281856,0.132889988,0.0,1182.0
0.684253118430445,0.039466255,0.06785024249999999,0.1492896985,0.0,1182.0
0.7521527537889273,0.152931946,0.054170468,0.174714242,0.0,1182.0
0.7620523934403384,0.264521104,0.048408965,0.180715381,0.0,1182.0
0.7606599746095596,0.27265162,0.048354749,0.179610068,0.0,1182.0
0.760520643879241,0.353191623,0.042493851,0.155242752,0.0,1182.0
0.7610660440135337,0.4343652,0.03280829,0.12011669,0.0,1182.0
0.761585108225102,0.443363482,0.023917311,0.08516280400000001,0.0,1182.0
0.7659516437282526,0.358972989,0.019190647,0.076060542,0.0,1182.0
0.7665586820264534,0.300379118,0.019828998,0.09247828899999999,0.0,1182.0
0.7672592572114215,0.196909655,0.0222416395,0.08158861549999999,0.0,1182.0
0.767226043912044,0.0998913255,0.03764707,0.059956787,0.0,1182.0
0.7333980354244477,0.001572102,0.055773555,0.073498912,0.0,1182.0
0.6705369211376331,0.0,0.062256518000000004,0.092784023,0.0,1182.0
0.6253504754315569,0.0,0.081628066,0.09761704,0.0,1182.0
0.6193048163982185,0.0,0.06875699866666667,0.123136173,0.0,1182.0
0.6836176555803357,0.0552417585,0.06363521899999999,0.1908136375,0.0,1182.0
0.7522581437479163,0.208088547,0.055053162,0.266190924,0.0,1182.0
0.7641543297026323,0.362047666,0.046345642,0.294539448,0.0,1182.0
0.7620294375892706,0.493404882,0.056438873,0.341576532,0.0,1182.0
0.7645244394208525,0.582560465,0.071138927,0.387230665,0.0,1182.0
0.7663465400133768,0.616897404,0.09573688,0.453287146,0.0,1182.0
0.7738975972728117,0.5801601780000001,0.12954736449999998,0.4922011005,0.0,1182.0
0.7815825869017282,0.508895057,0.17263194,0.560565215,0.0,1182.0
0.7798197063400873,0.370671438,0.199530367,0.57962767,0.0,1182.0
0.7765149835209596,0.259613901,0.19347852,0.593844918,0.0,1182.0
0.776682762875099,0.202109654,0.198945825,0.6032499,0.0,1182.0
0.7747412824783549,0.129476015,0.233668706,0.630788603,0.0,1182.0
0.7665252105011059,0.057620387,0.302895908,0.683057886,0.0,1182.0
0.7374688678034261,0.0,0.36705187,0.742410242,0.0,1182.0
0.6740708032488381,0.0,0.40944761900000004,0.794279452,0.0,1182.0
0.6261750776753878,0.0,0.4474623345,0.8292099184999999,0.0,1182.0
0.620108473577228,0.0,0.44193857999999997,0.846007925,0.0,1182.0
0.6397091538812367,0.0013560995,0.4820793255,0.8559183925,0.0,1182.0
0.7358902677356073,0.11875522799999999,0.4761694015,0.8524968715000001,0.0,1182.0
0.7702725488892836,0.266368552,0.484420338,0.85274285,0.0,1182.0
0.7663578069188988,0.325086426,0.522000728,0.853713053,0.0,1182.0
0.7715917340846583,0.3592978,0.566544516,0.855842909,0.0,1182.0
0.7803924046483584,0.453931004,0.623007029,0.855579667,0.0,1182.0
0.7926950351537363,0.505691738,0.570608753,0.836935319,0.0,1182.0
0.8059816672928981,0.49595009349999997,0.627316867,0.8455218035000001,0.0,1182.0
0.808334709553747,0.44057011749999997,0.626754801,0.8485405454999999,0.0,1182.0
0.8026680953886509,0.359491538,0.569878931,0.854942563,0.0,1182.0
0.7985334186706181,0.222314382,0.557102396,0.860749761,0.0,1182.0
0.7929654352590644,0.125686132,0.56000285,0.872191261,0.0,1182.0
0.7601361219631444,0.025317894,0.5677275595,0.8860217015,0.0,1182.0
0.6751656410336503,0.0,0.557377551,0.8663360525,0.0,1182.0
0.6217607293829993,0.0,0.489155201,0.800872561,0.0,1182.0
0.6069552807084893,0.0,0.489597209,0.7506229795,0.0,1182.0
0.601013736635597,0.0,0.4754130165,0.7259808175,0.0,1182.0
0.6126685340476727,0.0333832145,0.4387882335,0.6498343595,0.0,1182.0
0.6606312728867734,0.19672960949999999,0.380116608,0.5694564215,0.0,1182.0
0.7035599739384847,0.359801023,0.342390779,0.569379914,0.0,1182.0
0.7170691230849949,0.465615881,0.316941453,0.588482472,0.0,1182.0
0.7181291275619829,0.558952744,0.316730918,0.624082332,0.0,1182.0
0.7243605300674391,0.6496751045,0.355931591,0.649645474,0.0,1182.0
0.7320137147601684,0.6739739570000001,0.4391984705,0.729074784,0.0,1182.0
0.7394129770405844,0.5039927025,0.4610117565,0.7732829435,0.0,1182.0
0.739410817446152,0.209578555,0.4408781705,0.8237235295,0.0,1182.0
0.7241444218160062,0.0202265,0.4988489355,0.8709884999999999,0.0,1182.0
0.670086583486638,0.0,0.5385767349999999,0.8939414555,0.0,1182.0
0.616712795880936,0.0,0.628135879,0.919819729,0.0,1182.0
0.6031559748440312,0.0,0.63551215,0.9254210254999999,0.0,1182.0
0.5992738121125971,0.0,0.663195803,0.9275807815,0.0,1182.0
0.611289917238683,0.015464445,0.6861131785,0.910879643,0.0,1182.0
0.6562299281477111,0.1120535195,0.6364551905,0.8902497315,0.0,1182.0
0.694381870167975,0.276101105,0.548957712,0.872799712,0.0,1182.0
0.7002592176703354,0.4120058,0.513896727,0.858808708,0.0,1182.0
0.700734764866125,0.518409063,0.511709887,0.83737378,0.0,1182.0
0.7118280127980317,0.6242230015,0.4852932685,0.7682054165000001,0.0,1182.0
0.7251141287978755,0.661700662,0.5124595615,0.7288321695,0.0,1182.0
0.7292041383629095,0.5082656425,0.5350828535,0.686595337,0.0,1182.0
0.72903572532349,0.331898173,0.513503962,0.678427234,0.0,1182.0
0.7284067168721436,0.201545455,0.486200535,0.680563315,0.0,1182.0
0.7226657895870493,0.089978316,0.473743436,0.677562797,0.0,1182.0
0.7054349808431375,0.0,0.468019791,0.664379613,0.0,1182.0
0.6656984067089379,0.0,0.45741595700000004,0.6394539135,0.0,1182.0
0.6287669494157465,0.0,0.431953007,0.594943979,0.0,1182.0
0.6197518602925574,0.0,0.3566269565,0.5180622615,0.0,1182.0
0.6199330422623122,0.0,0.303235869,0.4714318765,0.0,1182.0
0.6834703673635256,0.0419983965,0.263532624,0.4465573905,0.0,1182.0
0.7520023437264308,0.181388735,0.272034428,0.390904916,0.0,1182.0
0.7627419599457544,0.333618711,0.263556649,0.366734154,0.0,1182.0
0.7620422063320326,0.436932655,0.26246145,0.351181234,0.0,1182.0
0.761732748454554,0.506937821,0.276082567,0.333263716,0.0,1182.0
0.7624283710779993,0.5201872325000001,0.286534226,0.346029533,0.0,1182.0
0.7633672594468481,0.4707261615,0.22314551900000001,0.3777485915,0.0,1182.0
0.7628144420372942,0.3732487025,0.167944804,0.4062139445,0.0,1182.0
0.7621943064303575,0.17776495250000002,0.107636656,0.465050482,0.0,1182.0
0.7598988182364761,0.067179984,0.081857421,0.463571375,0.0,1182.0
0.7504705472719976,0.022602877,0.091717222,0.464428923,0.0,1182.0
0.722447686180482,0.0,0.114813144,0.490643743,0.0,1182.0
0.6685476045362455,0.0,0.1523147445,0.5663087185,0.0,1182.0
0.6255163300956146,0.0,0.235660754,0.713325567,0.0,1182.0
0.6192663376024561,0.0,0.2762623525,0.7613418135000001,0.0,1182.0
0.6387516757122589,0.0,0.3053674475,0.7943868215000001,0.0,1182.0
0.7330346151969145,0.110442333,0.314622155,0.7899761835000001,0.0,1182.0
0.7585912750933111,0.322330755,0.322061802,0.783610669,0.0,1182.0
0.7532341184930713,0.472092999,0.351422722,0.770131665,0.0,1182.0
0.7573158420056395,0.543632803,0.413744463,0.768402057,0.0,1182.0
0.7594009254282308,0.620973241,0.469922998,0.771333903,0.0,1182.0
0.7601182124602712,0.666336228,0.523938741,0.813195859,0.0,1182.0
0.7624854555863627,0.6534412359999999,0.6498984,0.842181671,0.0,1182.0
0.7600353556870819,0.45251665500000005,0.660212049,0.842555953,0.0,1182.0
0.7569048906927687,0.29188555,0.606111545,0.797791487,0.0,1182.0
0.754554664845678,0.174326377,0.547465429,0.772297648,0.0,1182.0
0.7459105073558396,0.061129278,0.485457784,0.73424869,0.0,1182.0
0.7224250585827661,0.0,0.456140193,0.723474868,0.0,1182.0
0.6691193405932625,0.0,0.4454429255,0.7111125615,0.0,1182.0
0.6235347121295042,0.0,0.44892416150000003,0.6856689235,0.0,1182.0
0.6180128511587378,0.0,0.389459451,0.5558845530000001,0.0,1182.0
0.6407001038256599,0.0005834895,0.3252901295,0.373269846,0.0,1182.0
0.7358173629787994,0.170537624,0.239316777,0.2756201145,0.0,1182.0
0.7585081832281974,0.413841781,0.172185625,0.216853195,0.0,1182.0
0.7546062568939105,0.547274366,0.192106099,0.24008376,0.0,1182.0
0.7592334274341073,0.623308072,0.256390201,0.311391937,0.0,1182.0
0.7600485705417801,0.65842494,0.315059196,0.434508079,0.0,1182.0
0.7614879571126205,0.606908367,0.320208357,0.605426733,0.0,1182.0
0.7663307200775544,0.467919209,0.335097942,0.7734930790000001,0.0,1182.0
0.7654500898009573,0.268702275,0.3389219365,0.790399082,0.0,1182.0
0.7653247948713388,0.135526719,0.280828255,0.789117255,0.0,1182.0
0.7675253146812169,0.052231646,0.290799922,0.809933462,0.0,1182.0
0.7616992772418287,0.008266925,0.332854434,0.853817455,0.0,1182.0
0.7358070355031079,0.0,0.377078843,0.904757888,0.0,1182.0
0.6773474063227412,0.0,0.444458428,0.9165243375,0.0,1182.0
0.6349633779333705,0.0,0.466656615,0.893805304,0.0,1182.0
0.6281952368053976,0.0,0.532380434,0.812709659,0.0,1182.0
0.6293741752872911,0.0,0.5359815139999999,0.676125474,0.0,1182.0
0.69145181040999,0.004405782,0.5040433470000001,0.635627297,0.0,1182.0
0.7603770408533936,0.031063828,0.490332065,0.668084715,0.0,1182.0
0.7683789046971834,0.067566783,0.497225999,0.640847935,0.0,1182.0
0.7635161670468602,0.048573553,0.495822228,0.607007016,0.0,1182.0
0.763945520555254,0.074953053,0.501913017,0.624825713,0.0,1182.0
0.7648318314905704,0.145318894,0.496124502,0.611391176,0.0,1182.0
0.7684171649700001,0.314995754,0.464491724,0.5601313800000001,0.0,1182.0
0.7741714005838423,0.4464624315,0.3968104725,0.54794042,0.0,1182.0
0.7730065454212289,0.411445689,0.335131515,0.576350751,0.0,1182.0
0.7682674117268293,0.348352647,0.291348842,0.592231272,0.0,1182.0
0.7704411266806234,0.267533002,0.253115809,0.597684195,0.0,1182.0
0.7728942540136743,0.157879306,0.212661594,0.610401792,0.0,1182.0
0.7665252105011059,0.038695148,0.205483976,0.622337363,0.0,1182.0
0.7397991889925095,0.0,0.194771595,0.605064053,0.0,1182.0
0.6782151740699045,0.0,0.1774993805,0.5688933185,0.0,1182.0
0.6295052677963466,0.0,0.1518187865,0.5097105785,0.0,1182.0
0.6226437539708066,0.0,0.19352128149999998,0.5276113394999999,0.0,1182.0
0.640314713726341,0.0,0.27290061050000003,0.632395464,0.0,1182.0
0.7364239320310182,0.06714751050000001,0.333626894,0.668556739,0.0,1182.0
0.7688690044582351,0.205023275,0.35987771,0.728693115,0.0,1182.0
0.7658672844925789,0.316801736,0.386236964,0.771959341,0.0,1182.0
0.7715917340846583,0.382279366,0.427548623,0.833255663,0.0,1182.0
0.7788054953940281,0.497989852,0.458922508,0.858764446,0.0,1182.0
0.7975463655311518,0.5298187705,0.45767915699999995,0.8374776875000001,0.0,1182.0
0.8071633055804546,0.5523357815000001,0.5674068735,0.806222268,0.0,1182.0
0.7967600933999457,0.3236012355,0.5690913675,0.76234751,0.0,1182.0
0.780857060710558,0.0987147575,0.5970258829999999,0.80187637,0.0,1182.0
0.7715999966904559,0.009202371,0.606755152,0.795201341,0.0,1182.0
0.7428884131735719,0.0,0.582976686,0.7749404,0.0,1182.0
0.6736859999727256,0.0,0.5606584375,0.7384312625,0.0,1182.0
0.6211947674587511,0.0,0.563819486,0.71900193,0.0,1182.0
0.6069555858277952,0.0,0.5379125485,0.7556382960000001,0.0,1182.0
0.6022277663074004,0.0,0.5371650729999999,0.8178689450000001,0.0,1182.0
0.611922845378934,0.0069043165,0.5259882570000001,0.802297354,0.0,1182.0
0.6569613929109483,0.12467146949999999,0.519921166,0.7941634405,0.0,1182.0
0.6942300520549105,0.234621971,0.515300964,0.790479828,0.0,1182.0
0.6997143808813188,0.364185137,0.505893881,0.77890668,0.0,1182.0
0.6998601903949347,0.43281487,0.489599534,0.752753466,0.0,1182.0
0.7023528685054081,0.4936631035,0.41570640999999997,0.711843609,0.0,1182.0
0.706389501887087,0.351322305,0.41599059250000003,0.7197082595,0.0,1182.0
0.7146510156952453,0.1710378395,0.36351322750000004,0.7184193055,0.0,1182.0
0.7193317027861826,0.145279176,0.312944827,0.703424566,0.0,1182.0
0.7222974167979934,0.069881691,0.270136547,0.684083358,0.0,1182.0
0.7051965032199587,0.007005087,0.234520901,0.6514747225,0.0,1182.0
0.6593455123234102,0.0,0.2150475705,0.599328734,0.0,1182.0
0.6071129435131623,0.0,0.21262197500000002,0.542535421,0.0,1182.0
0.5935963304168903,0.0,0.1423207685,0.3681373565,0.0,1182.0
0.5978416317032195,0.0,0.1261696315,0.23742987399999999,0.0,1182.0
0.623655687745209,0.08328467749999999,0.111633641,0.261848731,0.0,1182.0
0.6622419361167495,0.236248782,0.104422342,0.291214012,0.0,1182.0
0.6892729087406156,0.252355595,0.107877806,0.325445956,0.0,1182.0
0.6960196668200094,0.280421772,0.134874853,0.367257448,0.0,1182.0
0.6974421767918569,0.304081801,0.155882232,0.368339133,0.0,1182.0
0.7011676156795152,0.324021559,0.1071854475,0.1894207765,0.0,1182.0
0.7052582586172069,0.260993147,0.14952163400000001,0.15196693249999998,0.0,1182.0
0.711694221108558,0.16085329199999998,0.17742948,0.198783712,0.0,1182.0
0.7095023862571234,0.10253029,0.187163369,0.245382739,0.0,1182.0
0.707938292173853,0.065138593,0.207693927,0.306158491,0.0,1182.0
0.7004377005847207,0.0054600665,0.2175966385,0.395060556,0.0,1182.0
0.665544804773373,0.0,0.216242713,0.3811306925,0.0,1182.0
0.6291574802439142,0.0,0.230949305,0.35082611,0.0,1182.0
0.6202655730991494,0.0,0.2237609155,0.311527635,0.0,1182.0
0.6200865270583237,0.0,0.219860513,0.32259622499999996,0.0,1182.0
0.6834161230282109,0.014697659,0.233164697,0.33113968,0.0,1182.0
0.7552966449705729,0.2075713735,0.2134473725,0.265276881,0.0,1182.0
0.7561822281213151,0.348532537,0.166891578,0.253197867,0.0,1182.0
0.75931013492784,0.486793302,0.172987658,0.277154552,0.0,1182.0
0.759833752794953,0.569805837,0.18812951,0.29561698,0.0,1182.0
0.7609878343699388,0.544441659,0.1260910825,0.2437669285,0.0,1182.0
0.7633294459112121,0.4379363085,0.1077030435,0.1696369675,0.0,1182.0
0.7635974750894737,0.388004977,0.117820631,0.193136511,0.0,1182.0
0.7621402262217185,0.2578529805,0.098073489,0.2190216295,0.0,1182.0
0.7598988182364761,0.114719759,0.083933507,0.244765859,0.0,1182.0
0.7457736175799695,0.012162126,0.092298988,0.270010688,0.0,1182.0
0.7224250585827661,0.0,0.103280604,0.302582072,0.0,1182.0
0.6691193405932625,0.0,0.1056561895,0.3437327515,0.0,1182.0
0.6275206220838437,0.0,0.09844417,0.291201661,0.0,1182.0
0.6184152587558929,0.0,0.08111665600000001,0.27131249700000004,0.0,1182.0
0.6196333491092312,0.0,0.06681649649999999,0.33362006,0.0,1182.0
0.6835249168181465,0.0185106385,0.061551945999999996,0.40684183949999997,0.0,1182.0
0.7524437150589666,0.148749789,0.052929327,0.419277632,0.0,1182.0
0.7581541754310599,0.275060761,0.043541684,0.398638556,0.0,1182.0
0.753509400507296,0.282694579,0.039269708,0.377629703,0.0,1182.0
0.759259904662084,0.360582332,0.0435075,0.369698264,0.0,1182.0
0.7600485705417801,0.450985547,0.051563979,0.364888521,0.0,1182.0
0.7620218558747112,0.4804360415,0.033495426,0.23978525,0.0,1182.0
0.7650581037162634,0.417374825,0.035327273,0.2245975395,0.0,1182.0
0.7632237033143368,0.28239665150000004,0.035007475499999996,0.2021793425,0.0,1182.0
0.7651222769339139,0.141413031,0.036342889,0.17486843,0.0,1182.0
0.7661889946608793,0.078468526,0.042459384,0.178806553,0.0,1182.0
0.7554459989951433,0.005897536,0.054456154,0.197180958,0.0,1182.0
0.7253519023957704,0.0,0.061233389,0.214322966,0.0,1182.0
0.6689978249539007,0.0,0.071406209,0.2309684215,0.0,1182.0
0.6254174182321541,0.0,0.077497276,0.2184452965,0.0,1182.0
0.6178074693514988,0.0,0.074819405,0.2293153305,0.0,1182.0
0.6374748578956382,0.0,0.0818275835,0.262316373,0.0,1182.0
0.7331742513591613,0.11463909500000001,0.093350971,0.309590722,0.0,1182.0
0.7584897810326745,0.363056792,0.061628979,0.325793899,0.0,1182.0
0.7606055189416105,0.51861157,0.056671881,0.32616002,0.0,1182.0
0.761615622031439,0.667740775,0.076952086,0.34350496,0.0,1182.0
0.7644816733236938,0.758267368,0.093582889,0.374813334,0.0,1182.0
0.7670659162998458,0.785355785,0.072174001,0.293045964,0.0,1182.0
0.7751747672896476,0.731913722,0.09520600700000001,0.286250858,0.0,1182.0
0.7758867494349011,0.501711416,0.115895338,0.272671565,0.0,1182.0
0.7692240920525889,0.339069374,0.116699011,0.296850379,0.0,1182.0
0.7704411266806234,0.231043626,0.143133157,0.331158986,0.0,1182.0
0.7694167054922126,0.126518204,0.215259274,0.38352985,0.0,1182.0
0.7588242599437368,0.007379183,0.277484538,0.415612434,0.0,1182.0
0.7222174236445205,0.0,0.318034984,0.431465555,0.0,1182.0
0.6681840433160823,0.0,0.32626247350000004,0.4435815115,0.0,1182.0
0.6247059049577359,0.0,0.3253816095,0.4555985105,0.0,1182.0
0.6179372002656512,0.0,0.289281507,0.494332966,0.0,1182.0
0.620205883259564,0.0,0.271949967,0.4771186545,0.0,1182.0
0.6834489136623201,0.013486299,0.266672007,0.37921108049999996,0.0,1182.0
0.7553180283317744,0.2186998765,0.2339423105,0.297512346,0.0,1182.0
0.7535322156783559,0.335824595,0.229014115,0.242364749,0.0,1182.0
0.7584564508125793,0.381957797,0.21966292399999998,0.21308845450000002,0.0,1182.0
0.759980876572465,0.341817112,0.132054062,0.134192233,0.0,1182.0
0.7615001625101063,0.27825042850000004,0.155841112,0.131901327,0.0,1182.0
0.7623618506925725,0.1629652435,0.162436368,0.15514840800000002,0.0,1182.0
0.7624375721757608,0.098949446,0.11957606850000001,0.16970757050000002,0.0,1182.0
0.7596996325395052,0.016949222,0.102731994,0.16626471399999998,0.0,1182.0
0.7253496959080019,0.0,0.086296567,0.146510304,0.0,1182.0
0.6697673380320761,0.0,0.0716939145,0.136742321,0.0,1182.0
0.6295261812863218,0.0,0.056365499,0.124050715,0.0,1182.0
0.6210629944961286,0.0,0.040364993,0.1345738675,0.0,1182.0
0.6212717563124996,0.0,0.035938176,0.166476108,0.0,1182.0
0.6836827672899501,0.0040023495,0.039901293000000004,0.20455572900000002,0.0,1182.0
0.7554308824593605,0.0754930895,0.032300655,0.236220736,0.0,1182.0
0.7572869244484589,0.129544345,0.027607954,0.249352712,0.0,1182.0
0.7597594399875771,0.20146869,0.030507895,0.2348082,0.0,1182.0
0.7611066508288822,0.31046426299999996,0.041664958,0.20441333150000002,0.0,1182.0
0.7652759257628148,0.41820842599999997,0.0529329305,0.24192335399999998,0.0,1182.0
0.7670957967335249,0.34390739400000003,0.051571586,0.2822613095,0.0,1182.0
0.765124060443792,0.1857519005,0.058085265,0.289865502,0.0,1182.0
0.7639977934947249,0.036313133,0.0934583715,0.3000777585,0.0,1182.0
0.7308420522482836,0.0,0.110955655,0.30551474,0.0,1182.0
0.6632400917224399,0.0,0.100797208,0.2774213225,0.0,1182.0
0.6069042286526515,0.0,0.087633794,0.313256893,0.0,1182.0
0.5904307742639296,0.0,0.069795032,0.2529592665,0.0,1405.0
0.586910412157991,0.0,0.062050322500000005,0.2195935735,0.0,1628.0
0.6014327859899185,0.003970897,0.057990699,0.20495583150000002,0.0,1628.0
0.6448805278690545,0.09519651,0.0447684155,0.186107122,0.0,1628.0
0.682082995506186,0.139062869,0.040429923,0.167352517,0.0,1628.0
0.686514970972303,0.202500904,0.037874355,0.152016915,0.0,1628.0
0.6875314115401763,0.237794347,0.03448814,0.144924716,0.0,1628.0
0.6871321491728513,0.256712413,0.026897022,0.105811533,0.0,1628.0
0.6889930730708461,0.2492472135,0.023912634000000002,0.08657954500000001,0.0,1628.0
0.6930003427834083,0.224431143,0.0248959185,0.077582544,0.0,1628.0
0.6983070812319261,0.17565590450000002,0.028671398,0.1053942605,0.0,1628.0
0.7017475908956619,0.070927449,0.039114104,0.128374864,0.0,1628.0
0.6958787870464929,0.0010642855,0.050266568,0.1483008815,0.0,1628.0
0.654558096625053,0.0,0.0470097525,0.12170790100000001,0.0,1628.0
0.6063903749784783,0.0,0.047000333,0.097005679,0.0,1628.0
0.5901861233831684,0.0,0.036665902,0.1054095615,0.0,1628.0
0.586535514004924,0.0,0.029170381,0.117470358,0.0,1628.0
0.6012898167744,0.0045241,0.0292082245,0.16374164200000002,0.0,1628.0
0.6449769283755382,0.086609786,0.0215160555,0.108218498,0.0,1628.0
0.6821384834527707,0.193003502,0.014332549,0.066091077,0.0,1628.0
0.6860898891341937,0.259444035,0.01396843,0.05616674,0.0,1628.0
0.6872244421357264,0.336672976,0.016806445,0.050633704,0.0,1628.0
0.6878734959250883,0.37609984,0.023596292,0.041192066,0.0,1628.0
0.6929598532013996,0.420999799,0.0268840295,0.059923761000000006,0.0,1628.0
0.6986081824043128,0.421359392,0.0273756985,0.095227427,0.0,1628.0
0.7009204768571831,0.297305129,0.028232712,0.123044563,0.0,1628.0
0.7024141546566742,0.200078815,0.035163843,0.144891745,0.0,1628.0
0.7038482128940597,0.088744959,0.048735949,0.179045818,0.0,1628.0
0.6966139835814065,0.001984299,0.05487013,0.20782333,0.0,1628.0
0.6905105514266972,0.0,0.060336225,0.246038427,0.0,1628.0
0.6629232403289902,0.0,0.0672808775,0.27767205500000003,0.0,1628.0
0.6283407877804209,0.0,0.07137924,0.306361482,0.0,1628.0
0.6160235578789695,0.0,0.0786987355,0.34044533,0.0,1628.0
0.617055161532077,0.0,0.10428385849999999,0.38402656599999996,0.0,1628.0
0.6872629834559367,0.0050110605,0.122068261,0.428659936,0.0,1628.0
0.7645980482029443,0.116547813,0.122508347,0.442427451,0.0,1628.0
0.7666133724737045,0.25148968,0.107860006,0.437128004,0.0,1628.0
0.7611763633999996,0.360045249,0.089078357,0.408102598,0.0,1628.0
0.7620681195894887,0.512363136,0.10178564,0.394791851,0.0,1628.0
0.7657414502895966,0.641999869,0.110196854,0.38913921949999997,0.0,1628.0
0.7702047379992509,0.5846170555000001,0.127085648,0.3899361765,0.0,1628.0
0.7700860387736473,0.467219605,0.1382206085,0.38227611,0.0,1628.0
0.7657867748871658,0.315011438,0.120446596,0.366997804,0.0,1628.0
0.7658305976474951,0.1420537155,0.1592738595,0.37601293049999995,0.0,1628.0
0.7445424058459829,0.0007047165,0.206447871,0.38931508800000003,0.0,1628.0
0.674449152126188,0.0,0.211785376,0.4211353385,0.0,1628.0
0.6281281765213624,0.0,0.218500675,0.479117184,0.0,1628.0
0.6162562379227112,0.0,0.1817593945,0.441007263,0.0,1628.0
0.6171979429866783,0.0,0.1538817695,0.3789304415,0.0,1628.0
0.6867478154553429,0.0043453425,0.136684631,0.36727250300000003,0.0,1628.0
0.7634813815702389,0.090454514,0.107171467,0.343447726,0.0,1628.0
0.7670943649236667,0.192671841,0.077639696,0.300614534,0.0,1628.0
0.7607036798239265,0.280219264,0.067900942,0.248971293,0.0,1628.0
0.7587891924818551,0.363934035,0.072480093,0.226688556,0.0,1628.0
0.7598214067174593,0.454105957,0.073311263,0.203547902,0.0,1628.0
0.7606426991045887,0.523673681,0.062633979,0.146222976,0.0,1628.0
0.7634486847228015,0.4519133015,0.050196049,0.0921098975,0.0,1628.0
0.7636964572304137,0.3037578505,0.0405581795,0.0630358315,0.0,1628.0
0.7636542072725729,0.16322968,0.0443264435,0.0890553445,0.0,1628.0
0.7647830092753826,0.049594933,0.063734897,0.138253287,0.0,1628.0
0.7452199782865472,0.0,0.0750761495,0.20754567000000002,0.0,1628.0
0.6750167334336381,0.0,0.07079580599999999,0.238729276,0.0,1628.0
0.6280804341033907,0.0,0.072073922,0.211718563,0.0,1628.0
0.6162340096999066,0.0,0.06577937049999999,0.220713203,0.0,1628.0
0.6171631806441026,0.0,0.0719405885,0.260484108,0.0,1628.0
0.6866892053504494,0.001889983,0.0786906735,0.255559161,0.0,1628.0
0.763310175251107,0.054730661,0.075606325,0.288325093,0.0,1628.0
0.7638229488779662,0.11883395399999999,0.072511674,0.311355468,0.0,1628.0
0.7589553762120824,0.183965072,0.06696915,0.298564229,0.0,1628.0
0.7595089445402563,0.20312954900000002,0.05582387,0.27375156050000005,0.0,1628.0
0.7613779894261743,0.2541273605,0.050917049,0.2713228015,0.0,1628.0
0.7621623605015401,0.191858079,0.051133934000000006,0.28216222599999996,0.0,1628.0
0.7621107450066396,0.119054615,0.055232519,0.302194282,0.0,1628.0
0.7632222483704327,0.048903254,0.068183352,0.297107735,0.0,1628.0
0.7429879824190782,0.0,0.072856591,0.2531353165,0.0,1628.0
0.6746316015915517,0.0,0.067481839,0.18900181300000002,0.0,1628.0
0.6281281765213624,0.0,0.052698224,0.176933419,0.0,1628.0
0.616165729032434,0.0,0.048843528,0.1233422015,0.0,1628.0
0.6173197402674158,0.0,0.043274764,0.10243179399999999,0.0,1628.0
0.6866167467055776,0.000827329,0.042335704,0.14062587999999998,0.0,1628.0
0.7652813478829417,0.0438983835,0.0367334405,0.14104866900000002,0.0,1628.0
0.7607875695009962,0.108419512,0.031178115,0.124747799,0.0,1628.0
0.7589999261317415,0.194448825,0.028895184,0.118484221,0.0,1628.0
0.7604636062642136,0.2621655825,0.022585033,0.0942701,0.0,1628.0
0.7634565712440446,0.2910965485,0.0211389465,0.0770448955,0.0,1628.0
0.7638282068714173,0.2462703795,0.0250421295,0.0848593005,0.0,1628.0
0.763703804165671,0.1539895905,0.029896331499999998,0.1209588405,0.0,1628.0
0.7647830092753826,0.051388072,0.042054233,0.153519593,0.0,1628.0
0.7450893318894279,0.0,0.056105961999999995,0.1652894145,0.0,1628.0
0.6752016241660723,0.0,0.0565972745,0.15086698799999998,0.0,1628.0
0.6228450984493921,0.0,0.0570933475,0.1451393645,0.0,1628.0
0.614678975784292,0.0,0.051825799,0.158892802,0.0,1628.0
0.637318955373011,0.0,0.063574996,0.2126198915,0.0,1628.0
0.7409497729498764,0.0349944415,0.075375966,0.2564400415,0.0,1628.0
0.7669878951674615,0.126775917,0.076105391,0.266480229,0.0,1628.0
0.760780762464347,0.153500636,0.078392286,0.266477116,0.0,1628.0
0.7609553488551355,0.207266139,0.077313078,0.279099189,0.0,1628.0
0.7621590038765516,0.254131783,0.070891996,0.280157704,0.0,1628.0
0.7654867059934148,0.2941282945,0.042725569500000005,0.174084833,0.0,1628.0
0.7701577230532312,0.278801452,0.046352589,0.179682436,0.0,1628.0
0.7680454586900013,0.2473065435,0.0541291915,0.2497671265,0.0,1628.0
0.7664609903901194,0.144833916,0.081141073,0.346498992,0.0,1628.0
0.7665266660702544,0.05766315,0.121342366,0.405094952,0.0,1628.0
0.7609846421842483,0.0,0.152131044,0.440040635,0.0,1628.0
0.720592395422626,0.0,0.178774912,0.448378783,0.0,1628.0
0.628798871897896,0.0,0.180841605,0.410882304,0.0,1628.0
0.600409209850684,0.0,0.2017593565,0.40622564650000004,0.0,1628.0
0.5867813150124846,0.0,0.184937655,0.326835459,0.0,1628.0
0.6011233518404678,0.0016038665,0.212816618,0.3902608385,0.0,1628.0
0.6450563112903991,0.135191859,0.19411866649999998,0.4187239785,0.0,1628.0
0.6826582992082035,0.352528414,0.174694114,0.39497564,0.0,1628.0
0.6884344815285234,0.442183093,0.177639493,0.379059113,0.0,1628.0
0.6987710795369332,0.527021671,0.177296982,0.401080071,0.0,1628.0
0.7045914835235604,0.568898372,0.155562044,0.395010595,0.0,1628.0
0.7141622305107118,0.581658256,0.1590030885,0.418090244,0.0,1628.0
0.7168455265930525,0.4706210145,0.134255493,0.42570184200000005,0.0,1628.0
0.71216178768381,0.24308430450000001,0.148033735,0.4174909705,0.0,1628.0
0.706064646426432,0.058775663,0.221747243,0.466935864,0.0,1628.0
0.7030357927260954,0.0,0.254687486,0.501168334,0.0,1628.0
0.6926423446760022,0.0,0.2584180265,0.466741176,0.0,1628.0
0.6295078735027153,0.0,0.24387891,0.411771526,0.0,1628.0
0.6007238078942914,0.0,0.22161667200000001,0.37798783999999996,0.0,1628.0
0.5869272651852668,0.0,0.20046468950000002,0.36470322850000003,0.0,1628.0
0.5917693005219378,0.0,0.204172671,0.321451226,0.0,1628.0
0.6190642185710096,0.046485547,0.23324085049999999,0.30481602350000003,0.0,1628.0
0.6581422799672625,0.180539879,0.233851991,0.296448232,0.0,1628.0
0.6821172176375313,0.163508603,0.220952634,0.276493327,0.0,1628.0
0.6874896783468978,0.222504633,0.220260816,0.273711462,0.0,1628.0
0.6873303485466555,0.285578148,0.218061104,0.27176545,0.0,1628.0
0.6904130245422833,0.3344582075,0.1495849555,0.194791881,0.0,1628.0
0.6938044537648611,0.364940474,0.151073141,0.1857640665,0.0,1628.0
0.6977913026800979,0.2653039165,0.1360154005,0.1555123225,0.0,1628.0
0.7013370616228148,0.143406689,0.164961245,0.194996564,0.0,1628.0
0.7025260696670521,0.032540723,0.214925152,0.26926297,0.0,1628.0
0.6965087108557573,0.0,0.2439504485,0.33838581850000005,0.0,1628.0
0.6639948640367646,0.0,0.238445718,0.37062451799999996,0.0,1628.0
0.6227962293408682,0.0,0.232346207,0.3880701245,0.0,1628.0
0.6163785828863507,0.0,0.19585719999999998,0.34505751133333334,0.0,1628.0
0.6867655839655858,0.0010451575,0.177827659,0.3270858475,0.0,1628.0
0.763464246745276,0.078339459,0.173858526,0.358344588,0.0,1628.0
0.7669406216828495,0.156782968,0.167993188,0.396303606,0.0,1628.0
0.7607714206865777,0.191796691,0.188259442,0.44354169,0.0,1628.0
0.7587403233733311,0.25920671,0.200044516,0.471350773,0.0,1628.0
0.7599127605631262,0.315893785,0.217825134,0.491891581,0.0,1628.0
0.7607053232790412,0.329537446,0.19006783,0.45965903750000003,0.0,1628.0
0.7628121652095219,0.3462664645,0.253390946,0.5420192835,0.0,1628.0
0.7615765645719108,0.2673489215,0.2671245925,0.606933296,0.0,1628.0
0.7630732932518401,0.146770748,0.307205979,0.685212873,0.0,1628.0
0.7624339107440884,0.031315934,0.368194698,0.749690799,0.0,1628.0
0.7569083645510973,0.0,0.41904306,0.804571533,0.0,1628.0
0.7177764343413637,0.0,0.45994050249999996,0.848872488,0.0,1628.0
0.6371487349393744,0.0,0.481232846,0.843221902,0.0,1628.0
0.616394066722003,0.0,0.4676635155,0.7787814639999999,0.0,1628.0
0.6145701586414749,0.0,0.450278642,0.710632936,0.0,1628.0
0.6373179225941795,0.0,0.44196617299999996,0.639013504,0.0,1628.0
0.7407350024090076,0.015259207,0.44472457750000005,0.5841627789999999,0.0,1628.0
0.7669814163841641,0.066044398,0.462206123,0.593438893,0.0,1628.0
0.760594158874661,0.086853969,0.527754984,0.631711313,0.0,1628.0
0.7591374730395597,0.107764398,0.524257925,0.683329194,0.0,1628.0
0.7594153842068211,0.122470301,0.487085178,0.697638254,0.0,1628.0
0.7588505255264573,0.142656836,0.4367291975,0.5359086245,0.0,1628.0
0.759894921400257,0.192963975,0.504245578,0.7087959079999999,0.0,1628.0
0.7600519271667687,0.10829472400000001,0.485770144,0.7573953105,0.0,1628.0
0.7600442519781597,0.028778002,0.461177779,0.785139195,0.0,1628.0
0.7586367641301784,0.005569888,0.44365702,0.806110848,0.0,1628.0
0.7415979579620339,0.0,0.4425974995,0.788959512,0.0,1628.0
0.6743247022144835,0.0,0.44185681050000003,0.7386654340000001,0.0,1628.0
0.6229036616609496,0.0,0.400417935,0.6400385655,0.0,1628.0
0.6148091996099297,0.0,0.3849637135,0.562916872,0.0,1628.0
0.637318955373011,0.0,0.3404721385,0.550948516,0.0,1628.0
0.7411782279040475,0.0105714985,0.3295924295,0.5249265000000001,0.0,1628.0
0.7665943131462334,0.071879572,0.330488356,0.533719899,0.0,1628.0
0.760631714184327,0.148296304,0.344899015,0.541721864,0.0,1628.0
0.7599499876194402,0.208113642,0.370126564,0.547013674,0.0,1628.0
0.7596570543283125,0.292760847,0.397770452,0.565112536,0.0,1628.0
0.7591585747281233,0.3145671985,0.4085557875,0.621986983,0.0,1628.0
0.7598652291651663,0.345220144,0.4794454955,0.6881987315,0.0,1628.0
0.7599217503282536,0.21999022349999997,0.587002068,0.75363599,0.0,1628.0
0.7598369452932657,0.106576423,0.599974042,0.788315056,0.0,1628.0
0.7582003684932112,0.017810842,0.591539149,0.789210143,0.0,1628.0
0.7564139924945165,0.0,0.597251409,0.797902326,0.0,1628.0
0.7170114749187332,0.0,0.614923211,0.7977818725,0.0,1628.0
0.6385521383777928,0.0,0.6023315975000001,0.8426792034999999,0.0,1628.0
0.6159216884840715,0.0,0.603678136,0.8396370559999999,0.0,1628.0
0.6170104704322146,0.0,0.6374774575,0.8764226675,0.0,1628.0
0.6869224018461314,0.0,0.658808243,0.8991269040000001,0.0,1628.0
0.7667670916426093,0.111394265,0.6713693629999999,0.8978983334999999,0.0,1628.0
0.7620597631970192,0.257578429,0.704230823,0.875324878,0.0,1628.0
0.7599033712667763,0.335601727,0.686141535,0.846276022,0.0,1628.0
0.7602278981614572,0.378665757,0.654518509,0.795708671,0.0,1628.0
0.7593989065138063,0.446561432,0.537889194,0.68709609,0.0,1628.0
0.7595628134162613,0.424737088,0.5659457754999999,0.67838753,0.0,1628.0
0.7603952082696146,0.351994848,0.5674151195,0.7243382915000001,0.0,1628.0
0.7593921001024015,0.225416037,0.4650932695,0.725114408,0.0,1628.0
0.759753548308846,0.008975526,0.385707535,0.7318836325,0.0,1628.0
0.724740334201315,0.0,0.3381895035,0.6926277329999999,0.0,1628.0
0.6404477305190691,0.0,0.3259994235,0.6764676860000001,0.0,1628.0
0.616640970890082,0.0,0.2934975835,0.6164642124999999,0.0,1628.0
0.6182255798074474,0.0,0.265203662,0.6299455684999999,0.0,1628.0
0.6882148284535134,0.0,0.2873188325,0.7056458210000001,0.0,1628.0
0.7703256196407102,0.1329155795,0.305949971,0.798793308,0.0,1628.0
0.7645273499339048,0.297261917,0.319659057,0.846981125,0.0,1628.0
0.7599381573686422,0.398094138,0.308947121,0.86755487,0.0,1628.0
0.7599471708930599,0.418106443,0.306747098,0.866240283,0.0,1628.0
0.7600183856140394,0.353844059,0.244270934,0.794388843,0.0,1628.0
0.7598160311780461,0.3129112085,0.290442001,0.8003190099999999,0.0,1628.0
0.760212923243549,0.2357068765,0.331489669,0.8534396395,0.0,1628.0
0.7589437807405864,0.120322082,0.364323704,0.83271054,0.0,1628.0
0.757062717405282,0.004517986,0.352733872,0.7790286795,0.0,1628.0
0.7176295687898219,0.0,0.336675063,0.7080858990000001,0.0,1628.0
0.6196009106128127,0.0,0.30551527749999996,0.6879595885,0.0,1628.0
0.590354325277527,0.0,0.262726394,0.6900997074999999,0.0,1628.0
0.5869119848041682,0.0,0.26581673,0.7244858135000001,0.0,1628.0
0.6013633786944181,0.0,0.3062051865,0.823296136,0.0,1628.0
0.6453433060094598,0.0369330635,0.42471357,0.8920222435,0.0,1628.0
0.6817486572751316,0.062939086,0.490467855,0.912382023,0.0,1628.0
0.685808786093864,0.089203438,0.522911679,0.921011459,0.0,1628.0
0.685213061281899,0.099958556,0.548824274,0.918272406,0.0,1628.0
0.685148794902821,0.116861401,0.486190751,0.867895398,0.0,1628.0
0.6861615499671094,0.1171625755,0.5393976715,0.8209259554999999,0.0,1628.0
0.6897765287882939,0.109062856,0.5903571075,0.8043927719999999,0.0,1628.0
0.6939833118259341,0.102250466,0.553979871,0.76286978,0.0,1628.0
0.694909947903961,0.056338787,0.489435953,0.731958694,0.0,1628.0
0.7040603545945141,0.006900192,0.436056838,0.70016186,0.0,1628.0
0.7050222457077665,0.0,0.387650589,0.657763026,0.0,1628.0
0.6942690391744346,0.0,0.334689827,0.632546682,0.0,1628.0
0.62228897137071,0.0,0.29334176,0.6328228775,0.0,1628.0
0.5953903114205013,0.0,0.26390709,0.603363407,0.0,1628.0
0.5987282709856743,0.0,0.28209490449999997,0.6479663419999999,0.0,1628.0
0.6163783872786153,0.0,0.305432744,0.693945218,0.0,1628.0
0.659757073874893,0.1660346765,0.30961462900000003,0.6833008195,0.0,1628.0
0.6970282211792619,0.345613039,0.34812452,0.672153572,0.0,1628.0
0.6881826249239705,0.454528898,0.375599528,0.674202198,0.0,1628.0
0.6865096663981383,0.509620621,0.403344749,0.697033648,0.0,1628.0
0.6868170115745202,0.5501511975,0.329067579,0.744558925,0.0,1628.0
0.6884769193723304,0.449294896,0.40370388,0.7053542225,0.0,1628.0
0.6929900853350985,0.277887122,0.3928691325,0.7038967395,0.0,1628.0
0.6947604300653367,0.133634051,0.341653842,0.712437476,0.0,1628.0
0.7106606694750118,0.0034233955,0.348814702,0.7442398165,0.0,1628.0
0.6976298139106678,0.0,0.36312492350000003,0.7258744180000001,0.0,1628.0
0.6456215222960271,0.0,0.35571962999999995,0.6765457850000001,0.0,1628.0
0.6258111880455617,0.0,0.320846174,0.573296344,0.0,1628.0
0.6219341420961129,0.0,0.294629873,0.4987971015,0.0,1628.0
0.6395989050223481,0.0,0.28691262,0.4901623945,0.0,1628.0
0.7442844934360231,0.019029501,0.29053173099999996,0.5615360965,0.0,1628.0
0.7726803753840555,0.078647941,0.28217558,0.583202184,0.0,1628.0
0.7702936271311792,0.067243991,0.261746034,0.568256781,0.0,1628.0
0.769186489849587,0.081106777,0.254290294,0.54870778,0.0,1628.0
0.7685944739878748,0.1113395,0.246813064,0.523061958,0.0,1628.0
0.762542023642786,0.12393732500000001,0.202941052,0.493271522,0.0,1628.0
0.7603662903998119,0.14932313800000002,0.211073575,0.505137395,0.0,1628.0
0.7594505926613329,0.1617915695,0.2054474515,0.5414818235000001,0.0,1628.0
0.7595875765364972,0.067757007,0.202260602,0.590178836,0.0,1628.0
0.7609051185893796,0.004291481,0.226383536,0.616436195,0.0,1628.0
0.7452430516835772,0.0,0.2844591695,0.6358896455,0.0,1628.0
0.6770060500350257,0.0,0.349149638,0.712685309,0.0,1628.0
0.6277765158920012,0.0,0.369742754,0.7300906,0.0,1628.0
0.61565365930581,0.0,0.368871254,0.6883180744999999,0.0,1628.0
0.6178147222499863,0.0,0.3697204,0.6220038225,0.0,1628.0
0.6882271279502936,0.0,0.375027043,0.5736253,0.0,1628.0
0.7678824674580866,0.047545092,0.34273019,0.581704518,0.0,1628.0
0.7720754494743292,0.20041223,0.339609123,0.588776519,0.0,1628.0
0.768793001615031,0.309136328,0.358979641,0.609686257,0.0,1628.0
0.760974502594523,0.325185109,0.367492111,0.627288624,0.0,1628.0
0.7596433933616782,0.415782664,0.37526096,0.662545566,0.0,1628.0
0.7594956593455543,0.457213372,0.302936461,0.61022435,0.0,1628.0
0.7595479554190708,0.41945068,0.344777945,0.670599736,0.0,1628.0
0.7604154411809738,0.2710269885,0.32091614150000003,0.720626827,0.0,1628.0
0.7600251920254442,0.144222086,0.275402978,0.704945874,0.0,1628.0
0.7580302419712955,0.08414846,0.261882477,0.682197331,0.0,1628.0
0.7590551327183104,0.043961864,0.270871778,0.657923759,0.0,1628.0
0.7575742711801616,0.001377831,0.278283183,0.634421237,0.0,1628.0
0.7525340835193336,0.0,0.268219469,0.619161862,0.0,1628.0
0.7163728433296015,0.0,0.244270653,0.5716905944999999,0.0,1628.0
0.6376762962234201,0.0,0.18942171800000002,0.5132751775,0.0,1628.0
0.6162340096999066,0.0,0.179972133,0.5308508895,0.0,1628.0
0.6172633600344343,0.0,0.19491852799999998,0.5931658565,0.0,1628.0
0.6867695742758545,0.0,0.24102044299999997,0.692280807,0.0,1628.0
0.7651732115375762,0.085858743,0.290898682,0.754609307,0.0,1628.0
0.760618945441565,0.170208445,0.325454713,0.776609601,0.0,1628.0
0.7604470350971492,0.211994031,0.357940249,0.791608945,0.0,1628.0
0.7623689397144819,0.231038648,0.383471532,0.795641246,0.0,1628.0
0.7622437857774934,0.201809683,0.351645314,0.750314852,0.0,1628.0
0.7636589719481295,0.1766115265,0.356634414,0.708507152,0.0,1628.0
0.7634947133456547,0.1514263415,0.354440537,0.6697971055,0.0,1628.0
0.7609443639348737,0.115089318,0.377175829,0.660535583,0.0,1628.0
0.7635976626628176,0.061763482,0.378433924,0.634408754,0.0,1628.0
0.7623584706209158,0.002266143,0.376547378,0.608625991,0.0,1628.0
0.7569083645510973,0.0,0.371798841,0.593738759,0.0,1628.0
0.7173520568411608,0.0,0.3610073455,0.5741729085,0.0,1628.0
0.6469642967151275,0.0,0.355015583,0.583247843,0.0,1628.0
0.6228780066919879,0.0,0.36473785950000004,0.6472422005,0.0,1628.0
0.6145487519586541,0.0,0.37418608099999995,0.7491444335,0.0,1628.0
0.6371749768878534,0.0,0.422443456,0.8553280809999999,0.0,1628.0
0.740768074715755,0.010877279,0.498175638,0.9261550525,0.0,1628.0
0.7669878951674615,0.089539674,0.604103818,0.932627589,0.0,1628.0
0.7609824832150603,0.113103868,0.670691187,0.927718247,0.0,1628.0
0.7604470350971492,0.21788646,0.740235285,0.933429705,0.0,1628.0
0.7608555454555717,0.305319869,0.779557721,0.934129373,0.0,1628.0
0.7619080388706265,0.336383849,0.700335375,0.93429013,0.0,1628.0
0.7633568613185304,0.4198467985,0.790872451,0.9262567239999999,0.0,1628.0
0.7624951728234421,0.3920932825,0.859172066,0.9298850814999999,0.0,1628.0
0.7593424325566772,0.224859109,0.859041309,0.931727848,0.0,1628.0
0.7620917794658405,0.103211116,0.851742228,0.929885908,0.0,1628.0
0.7598200449349827,0.002051161,0.83238021,0.930124227,0.0,1628.0
0.7431844917570541,0.0,0.799847858,0.9335297490000001,0.0,1628.0
0.6753320354712673,0.0,0.7598347415,0.9344861870000001,0.0,1628.0
0.622946545366595,0.0,0.7164561445,0.9252443635,0.0,1628.0
0.6145598777777593,0.0,0.6788264735,0.902574786,0.0,1628.0
0.6369503946979889,0.0,0.6203475949999999,0.8439432165,0.0,1628.0
0.7422310742696112,0.0225561935,0.590800969,0.8470361630000001,0.0,1628.0
0.771158953611272,0.222160905,0.571573555,0.861147565,0.0,1628.0
0.7679863086864996,0.180723705,0.644115384,0.897820145,0.0,1628.0
0.7609898063910274,0.21858106249999998,0.69405662,0.915562611,0.0,1628.0
0.7594967388301483,0.230439183,0.6574973645,0.9173045015000001,0.0,1628.0
0.7629258412209765,0.21001795299999998,0.592134269,0.8999554095,0.0,1628.0
0.7632190793187881,0.109485445,0.5766717635,0.9053316605,0.0,1628.0
0.7653204287891378,0.032817503,0.633821359,0.922381423,0.0,1628.0
0.7666788130619152,0.001300367,0.689099222,0.925500223,0.0,1628.0
0.7639196072977978,0.0,0.717189874,0.93242214,0.0,1628.0
0.7259217373969472,0.0,0.752719471,0.9362134615,0.0,1628.0
0.6265783065936914,0.0,0.7510479729999999,0.9367532875,0.0,1628.0
0.5978820274047695,0.0,0.7420800465,0.9341062499999999,0.0,1628.0
0.5884539916572642,0.0,0.7610249915,0.935887362,0.0,1628.0
0.6011827834853453,0.0,0.804066422,0.9370959139999999,0.0,1628.0
0.6452690397827976,0.0306685765,0.8344983244999999,0.9354946935,0.0,1628.0
0.6829336281157642,0.052959028,0.813897316,0.931595983,0.0,1628.0
0.6884850875662115,0.119022994,0.80424365,0.930631727,0.0,1628.0
0.6876900366898901,0.200575823,0.801721294,0.935062153,0.0,1628.0
0.6866584802114784,0.2959394015,0.784713363,0.9368388825,0.0,1628.0
0.6888859930760288,0.3235499175,0.829256215,0.936681804,0.0,1628.0
0.6978567901616446,0.2574185565,0.8437578655,0.9348031299999999,0.0,1628.0
0.7028301760770299,0.120511915,0.832922511,0.934854121,0.0,1628.0
0.7063142499625028,0.0005764895,0.8067358315,0.936811611,0.0,1628.0
0.6932840277708163,0.0,0.763604665,0.9368752920000001,0.0,1628.0
0.619946750059758,0.0,0.7059966664999999,0.9355048555000001,0.0,1628.0
0.5914996517729008,0.0,0.653856657,0.931031242,0.0,1628.0
0.5897139798932768,0.0,0.6258879245,0.9126757274999999,0.0,1628.0
0.6074578911113818,0.0,0.6122256555000001,0.88524103,0.0,1628.0
0.6579589620373167,0.1037012865,0.557125935,0.8488597415,0.0,1628.0
0.7020665781242537,0.213221588,0.543617488,0.793031791,0.0,1628.0
0.7035562180948959,0.359967984,0.476310298,0.796783238,0.0,1628.0
0.7017762733609181,0.464773565,0.448284829,0.810179731,0.0,1628.0
0.6954636575373873,0.560222236,0.351046606,0.781642508,0.0,1628.0
0.6909015046075107,0.5101852505,0.4502150365,0.746814176,0.0,1628.0
0.6941139585356756,0.4227100455,0.498059027,0.752468262,0.0,1628.0
0.7082900934832221,0.1759447385,0.466276598,0.761498682,0.0,1628.0
0.7165144743343603,0.0,0.430971777,0.745778792,0.0,1628.0
0.7193962986691015,0.0,0.405865369,0.728782362,0.0,1628.0
0.7042585536556962,0.0,0.38214213799999996,0.6981072415,0.0,1628.0
0.6540674338313475,0.0,0.40183611799999996,0.7042906025,0.0,1628.0
0.6367590728884112,0.0,0.36748642649999996,0.7237559474999999,0.0,1628.0
0.6447940562449064,0.0,0.3332741555,0.7257312775,0.0,1628.0
0.7168080181767225,0.0,0.31803415150000003,0.7301985825,0.0,1628.0
0.7794643133138053,0.125084338,0.31482642650000003,0.763667777,0.0,1628.0
0.7795365137327068,0.345463075,0.268339625,0.780455469,0.0,1628.0
0.7762645818603108,0.474130647,0.278726117,0.796344446,0.0,1628.0
0.7756723309066743,0.553327189,0.279923558,0.808933598,0.0,1628.0
0.7727051619509596,0.614801535,0.259651327,0.816185665,0.0,1628.0
0.7726345340219241,0.596355202,0.29765015699999997,0.83116229,0.0,1628.0
0.7746907230213805,0.44974174,0.327431107,0.8619918049999999,0.0,1628.0
0.7775340057232891,0.243786361,0.332679935,0.873263408,0.0,1628.0
0.7790118160683777,0.107770592,0.353069973,0.887113701,0.0,1628.0
0.7766149282257759,0.0,0.363505736,0.901196859,0.0,1628.0
0.7738964233763013,0.0,0.372986931,0.906892716,0.0,1628.0
0.7443446760307828,0.0,0.383460071,0.9089261424999999,0.0,1628.0
0.6589409450692982,0.0,0.41340330550000004,0.9146815829999999,0.0,1628.0
0.6408544336083233,0.0,0.416470935,0.9010008105,0.0,1628.0
0.6456575754558309,0.0,0.431129865,0.884886834,0.0,1628.0
0.7170062644438626,0.0,0.44639463999999995,0.889658506,0.0,1628.0
0.7776935230968752,0.018353989,0.407369755,0.850319075,0.0,1628.0
0.7824245348654851,0.270016754,0.357698199,0.842125994,0.0,1628.0
0.7814748022563826,0.439559343,0.324609516,0.810476432,0.0,1628.0
0.7791618034656059,0.573461984,0.353659039,0.755704848,0.0,1628.0
0.7780774813550737,0.635678694,0.376066508,0.760632866,0.0,1628.0
0.7745589502463313,0.6028467525000001,0.38801862249999997,0.8092508815,0.0,1628.0
0.7701038779365166,0.48270973549999996,0.5286588365,0.910296919,0.0,1628.0
0.7729683792477063,0.2578827965,0.484733638,0.917242884,0.0,1628.0
0.7764520307805333,0.074027969,0.477290546,0.921832115,0.0,1628.0
0.7745571192178728,0.0,0.510898517,0.92199556,0.0,1628.0
0.7715110837992374,0.0,0.552169125,0.923414167,0.0,1628.0
0.7384050097858983,0.0,0.5696541725,0.9259130280000001,0.0,1628.0
0.6485076179884306,0.0,0.5657736195,0.926819854,0.0,1628.0
0.6251893619963877,0.0,0.5278804495,0.924721066,0.0,1628.0
0.6224737916693535,0.0,0.47930958599999995,0.9194442565000001,0.0,1628.0
0.6881532843888996,0.0,0.5405764415000001,0.9315971285,0.0,1628.0
0.7715797400198066,0.01110051,0.6232663215,0.930579868,0.0,1628.0
0.7749256333121811,0.026185797,0.691284675,0.896656973,0.0,1628.0
0.7758961384186287,0.035263247,0.7392946405,0.887068497,0.0,1628.0
0.7754464816588718,0.0223818895,0.6997923699999999,0.935419089,0.0,1628.0
0.7733636044114267,0.021394101999999998,0.665086321,0.934271738,0.0,1628.0
0.7718291322232431,0.096940665,0.6617436735,0.931521722,0.0,1628.0
0.7733006991895807,0.068855887,0.682751489,0.917034835,0.0,1628.0
0.7685146680951236,0.0,0.680841938,0.894196202,0.0,1628.0
0.7284716879017501,0.0,0.664122896,0.88941742,0.0,1628.0
0.6403826653901683,0.0,0.6563443005,0.8721196520000001,0.0,1628.0
0.6162384459658004,0.0,0.7028755664999999,0.9010292385,0.0,1628.0
0.6182011217752552,0.0,0.7377687195,0.9291776455,0.0,1628.0
0.6891419806708583,0.0,0.771456827,0.9250109375,0.0,1628.0
0.7737193022443926,0.073999081,0.7968824485,0.9023766520000001,0.0,1628.0
0.7765940375572241,0.231732216,0.831116485,0.90734082,0.0,1628.0
0.7752832556476551,0.337031634,0.862080221,0.930221432,0.0,1628.0
0.7742842312647604,0.36828105,0.864558597,0.936693629,0.0,1628.0
0.7719249456251605,0.351074547,0.78955193,0.922983479,0.0,1628.0
0.7698472560311624,0.3485200625,0.7337793065,0.8419163695,0.0,1628.0
0.7737401922876997,0.307875348,0.687755615,0.7240661,0.0,1628.0
0.7759792534177882,0.176370792,0.58404792,0.627354969,0.0,1628.0
0.7773305017753201,0.050187804,0.491139601,0.53662614,0.0,1628.0
0.7742139087676531,0.0,0.407697911,0.442807584,0.0,1628.0
0.7632270833859933,0.0,0.302230181,0.2886409595,0.0,1628.0
0.695856230101403,0.0,0.2008710635,0.2095213705,0.0,1628.0
0.6441235021736254,0.0,0.17166226150000002,0.2274251355,0.0,1628.0
0.6386730203318745,0.0,0.167784358,0.3107621935,0.0,1628.0
0.6649658859077746,0.0,0.202241128,0.45166678650000003,0.0,1628.0
0.7592087818598334,0.00302244,0.22078573899999998,0.5288070005000001,0.0,1628.0
0.7820278072392803,0.150458287,0.23195804,0.527875042,0.0,1628.0
0.7817687684513905,0.241009157,0.226539231,0.497472644,0.0,1628.0
0.7790666006149228,0.376104691,0.265028699,0.471880037,0.0,1628.0
0.7771322086148439,0.484747446,0.301047327,0.457292165,0.0,1628.0
0.7756543982697556,0.528563899,0.292765526,0.436121752,0.0,1628.0
0.7752834904269572,0.518389181,0.3214784745,0.4485401865,0.0,1628.0
0.7763531189795971,0.4035639435,0.3282058455,0.51948856,0.0,1628.0
0.7794794295369658,0.246588238,0.324406609,0.547943296,0.0,1628.0
0.7815339053665482,0.061612155,0.325917602,0.537022453,0.0,1628.0
0.7803143828907296,0.0,0.319170808,0.523414194,0.0,1628.0
0.7788025848809756,0.0,0.291715774,0.487731389,0.0,1628.0
0.7501418428063262,0.0,0.23637777999999998,0.3951626795,0.0,1628.0
0.6525511521934304,0.0,0.1913164505,0.28406896849999996,0.0,1628.0
0.6377623689415903,0.0,0.153098821,0.1954786175,0.0,1628.0
0.6410974645744247,0.0,0.1365740025,0.1949366375,0.0,1628.0
0.6435392552871941,0.0,0.14976024300000002,0.300730725,0.0,1628.0
0.6875817127711807,0.10111116049999999,0.15630862550000002,0.3836571605,0.0,1628.0
0.7335514497866688,0.294886525,0.133056914,0.542143001,0.0,1628.0
0.727340421185202,0.359897903,0.162718282,0.649169881,0.0,1628.0
0.7229376446362815,0.397895163,0.222359418,0.7276555,0.0,1628.0
0.7139200439372801,0.437898769,0.252850811,0.7976486075,0.0,1628.0
0.7108686332918537,0.3746276075,0.36407575049999996,0.882983313,0.0,1628.0
0.7218102744433301,0.171684632,0.473542853,0.9154856474999999,0.0,1628.0
0.7329885390554809,0.008785425,0.58959852,0.926949623,0.0,1628.0
0.7339160667321357,0.0,0.614412602,0.929358113,0.0,1628.0
0.7284129136701807,0.0,0.623299323,0.931780702,0.0,1628.0
0.7034543019942354,0.0,0.6365856185000001,0.9315384824999999,0.0,1628.0
0.6423350603671701,0.0,0.644175045,0.916325298,0.0,1628.0
0.6074013231174831,0.0,0.598587656,0.9217280219999999,0.0,1628.0
0.5894669818134769,0.0,0.6020843499999999,0.915161442,0.0,1628.0
0.5949645725129683,0.0,0.554948078,0.9225835019999999,0.0,1628.0
0.6270643925978063,0.0007942445,0.5141939440000001,0.9220793855,0.0,1628.0
0.6694571054766874,0.048077094,0.480568103,0.913633472,0.0,1628.0
0.702332565254045,0.100416242,0.470903823,0.906163655,0.0,1628.0
0.7082983560890198,0.156012575,0.470516326,0.894244082,0.0,1628.0
0.7052571087926088,0.203787341,0.487740784,0.878305768,0.0,1628.0
0.7029287589993698,0.310039688,0.376454352,0.845404912,0.0,1628.0
0.7016869384296758,0.3468555465,0.3943147475,0.8122833265,0.0,1628.0
0.7038361006580012,0.3098114875,0.4266469625,0.839413244,0.0,1628.0
0.7108178631274896,0.202044732,0.452654086,0.849271526,0.0,1628.0
0.7171911314170066,0.033683855,0.459955817,0.845150039,0.0,1628.0
0.7165144743343603,0.0,0.457205858,0.842031722,0.0,1628.0
0.7127768534958842,0.0,0.438905432,0.83808812,0.0,1628.0
0.6972408558849884,0.0,0.417790416,0.8243581915,0.0,1628.0
0.6669370588522314,0.0,0.386360846,0.795299108,0.0,1628.0
0.6493364220627376,0.0,0.32024063599999997,0.664813833,0.0,1722.5
0.6580060235640501,0.0,0.2822714155,0.529730229,0.0,1817.0
0.7482080610448595,0.0,0.274478211,0.475808516,0.0,1817.0
0.7979386329758614,0.071486339,0.2766015645,0.4249307595,0.0,1817.0
0.793970984693348,0.200295613,0.250135224,0.374783704,0.0,1817.0
0.7903707231893462,0.250261533,0.250296242,0.346236767,0.0,1817.0
0.7850410292023831,0.286983784,0.25963459,0.303131766,0.0,1817.0
0.7813456111157895,0.304408601,0.148163092,0.237391552,0.0,1817.0
0.7787553823616121,0.34489546950000005,0.12222632,0.1815117065,0.0,1817.0
0.7806184420947492,0.2646133275,0.1163588415,0.2255329245,0.0,1817.0
0.7893446119651072,0.151081359,0.117281151,0.265132415,0.0,1817.0
0.7943965823581529,0.018181578,0.121891493,0.256417969,0.0,1817.0
0.7946860417909521,0.0,0.11691662750000001,0.2154685875,0.0,1817.0
0.7651572034031655,0.0,0.09194943,0.1685466205,0.0,1817.0
0.6829938110231462,0.0,0.0800829,0.152703804,0.0,1817.0
0.6621148104712947,0.0,0.0797054345,0.1455947085,0.0,1817.0
0.6581131507648257,0.0,0.07271189,0.1193182225,0.0,1817.0
0.7022434175835244,0.0,0.0744493445,0.0850747265,0.0,1817.0
0.7951493363832977,0.000715185,0.080779194,0.11422097750000001,0.0,1817.0
0.803484177613532,0.088135546,0.079818078,0.129442155,0.0,1817.0
0.8013012615619763,0.206899756,0.069519549,0.117626793,0.0,1817.0
0.7958046804447463,0.336603584,0.065781753,0.10237368699999999,0.0,1817.0
0.7920106794358129,0.4471177535,0.076367341,0.102084441,0.0,1817.0
0.7898196896022925,0.427947661,0.07653097,0.078966005,0.0,1817.0
0.7965298780699424,0.20461003049999998,0.0930130015,0.068610966,0.0,1817.0
0.8008518158222314,0.009770287,0.100046908,0.082621855,0.0,1817.0
0.7990217346091697,0.0,0.095590177,0.104664424,0.0,1817.0
0.7712691323177301,0.0,0.0823716295,0.149032911,0.0,1817.0
0.6814715207857804,0.0,0.0897725045,0.2371714145,0.0,1817.0
0.6644841425391924,0.0,0.1028315745,0.32439792850000004,0.0,1817.0
0.6686115426619719,0.0,0.13828574300000002,0.4551392875,0.0,1817.0
0.7602720260410925,0.0,0.162204087,0.5604840325,0.0,1817.0
0.8023453057357565,0.0226786915,0.16972782349999999,0.6088639245,0.0,1817.0
0.8030364212843708,0.131502309,0.150763344,0.602267673,0.0,1817.0
0.8014514840511291,0.199668726,0.144304386,0.582432351,0.0,1817.0
0.8003812449472548,0.232986293,0.139860816,0.563321929,0.0,1817.0
0.7984522050399212,0.26479950799999996,0.1416329315,0.5762721355,0.0,1817.0
0.7986141161619973,0.238806201,0.169093359,0.658281103,0.0,1817.0
0.802367557248918,0.1438958305,0.200895001,0.73538022,0.0,1817.0
0.8031773488890901,0.007084626,0.246984168,0.792206272,0.0,1817.0
0.8018783966050747,0.0,0.2591541055,0.7702844025,0.0,1817.0
0.7738894287663083,0.0,0.24708790600000002,0.6779457045,0.0,1817.0
0.6837945419329423,0.0,0.2491849005,0.5655807465,0.0,1817.0
0.6678172902228507,0.0,0.2528130855,0.5230118695,0.0,1817.0
0.6732940138880317,0.0,0.240919483,0.4684868615,0.0,1817.0
0.7649077874404386,0.0,0.22248997850000002,0.391731765,0.0,1817.0
0.8076284308886361,0.0724423515,0.1942308055,0.341056647,0.0,1817.0
0.8154180126645858,0.202690765,0.172639528,0.29629437,0.0,1817.0
0.8116870575575065,0.321100575,0.176753569,0.273966711,0.0,1817.0
0.809261721091084,0.398049031,0.1988901,0.28119608,0.0,1817.0
0.8036605009334847,0.401594656,0.153088422,0.21622663,0.0,1817.0
0.8020566913208714,0.362418651,0.174318611,0.230875593,0.0,1817.0
0.8030814879685921,0.319007828,0.1965766015,0.2738526445,0.0,1817.0
0.8065781433361053,0.1727983935,0.223169572,0.3172970415,0.0,1817.0
0.8130189646023072,0.006671715,0.233087206,0.333386673,0.0,1817.0
0.8116440563684234,0.0,0.219245228,0.361898778,0.0,1817.0
0.8133813756852503,0.0,0.206210659,0.400276076,0.0,1817.0
0.7879326176675394,0.0,0.201804786,0.49913703350000005,0.0,1817.0
0.6935149243046803,0.0,0.252271224,0.663573305,0.0,1817.0
0.6755111517583103,0.0,0.333111264,0.80349574,0.0,1817.0
0.6754369330502286,0.0,0.4239294455,0.8715016295,0.0,1817.0
0.7624963229606623,0.0,0.543506014,0.9180834744999999,0.0,1817.0
0.7999558345431715,0.005409949,0.6744090285,0.9358694805,0.0,1817.0
0.7990592899188356,0.01137821,0.752128119,0.935693871,0.0,1817.0
0.7941793236568777,0.016540699,0.787093343,0.933775056,0.0,1817.0
0.792275070316448,0.033178004,0.781564746,0.931086661,0.0,1817.0
0.785865842341177,0.071799271,0.687665992,0.916489105,0.0,1817.0
0.7820140762452643,0.2013765515,0.6644681045,0.8964378925,0.0,1817.0
0.7816886343052875,0.289659986,0.6325904874999999,0.8028986549999999,0.0,1817.0
0.7900901828690482,0.207074256,0.646308362,0.765918583,0.0,1817.0
0.7947650964524612,0.008767807,0.663037182,0.797385666,0.0,1817.0
0.7965454163331267,0.0,0.666522344,0.8580522115,0.0,1817.0
0.7680789771086849,0.0,0.6453342995,0.8819594694999999,0.0,1817.0
0.6761270160075848,0.0,0.627093212,0.882440367,0.0,1817.0
0.6530004806998356,0.0,0.6116811074999999,0.8948844465,0.0,1817.0
0.6428152550051763,0.0,0.587041505,0.9135176825,0.0,1817.0
0.6438844143118344,0.0,0.57666765,0.914524889,0.0,1817.0
0.6591648232338789,0.0,0.5600742194999999,0.9135840585,0.0,1817.0
0.7102225372215026,0.0523940855,0.5448044059999999,0.9160949155,0.0,1817.0
0.7456411401543918,0.24341573,0.509342604,0.904014778,0.0,1817.0
0.7447777381768071,0.323768918,0.525758042,0.885819413,0.0,1817.0
0.7406467235156914,0.380331999,0.569523443,0.851480604,0.0,1817.0
0.7394122727026782,0.437052032,0.39874516,0.759647964,0.0,1817.0
0.7347672164188985,0.46326724350000004,0.4841351815,0.7062741985000001,0.0,1817.0
0.7422763988671803,0.30653397849999997,0.495727762,0.6744893505,0.0,1817.0
0.7521134615500972,0.108778637,0.471565891,0.619662572,0.0,1817.0
0.7586371867954467,0.004199085,0.442059534,0.585566624,0.0,1817.0
0.761454180780589,0.0,0.404050213,0.526163276,0.0,1817.0
0.7576667986097166,0.0,0.3495494,0.428252381,0.0,1817.0
0.7268324825739034,0.0,0.283217076,0.327551614,0.0,1817.0
0.668083629365284,0.0,0.23159835899999998,0.275685598,0.0,1817.0
0.6495753923785663,0.0,0.176615507,0.2103109555,0.0,1817.0
0.6508417181551484,0.0,0.126535029,0.1528066935,0.0,1817.0
0.6671119500497038,0.0,0.09906026600000001,0.1480706635,0.0,1817.0
0.718355939686284,0.034560716,0.072345464,0.176626549,0.0,1817.0
0.756616886829118,0.164886464,0.050147806,0.171606363,0.0,1817.0
0.7570406537780867,0.249583503,0.037593568,0.171725701,0.0,1817.0
0.7540522659004685,0.331443445,0.04001112,0.211886141,0.0,1817.0
0.7497360316283221,0.43069482299999995,0.0350741865,0.292371394,0.0,1817.0
0.7478886980443354,0.45285947550000005,0.0548025165,0.3339737865,0.0,1817.0
0.7555246309913842,0.365122108,0.092974105,0.343906819,0.0,1817.0
0.7647810378795384,0.222189046,0.134147548,0.338459511,0.0,1817.0
0.7730521751381041,0.004666541,0.149591453,0.321965589,0.0,1817.0
0.7746292027160568,0.0,0.1512728125,0.28206892800000005,0.0,1817.0
0.7445903127032527,0.0,0.142542593,0.1792610985,0.0,1817.0
0.6940415233374719,0.0,0.139137961,0.1561202175,0.0,1817.0
0.682458996590515,0.0,0.165252952,0.2748658625,0.0,1817.0
0.6904380224418214,0.0,0.2115187865,0.488476209,0.0,1817.0
0.7787800048018402,0.0,0.27630319550000004,0.70127514,0.0,1817.0
0.8154855184353125,0.0395481435,0.3789006755,0.8151817985,0.0,1817.0
0.815561850157113,0.155262714,0.4130972,0.866215129,0.0,1817.0
0.8058673575961635,0.206122209,0.4486007,0.88686164,0.0,1817.0
0.7994672841379402,0.205854181,0.510138863,0.912035629,0.0,1817.0
0.7959809568713629,0.10448023,0.661288241,0.932802753,0.0,1817.0
0.7973532359522101,0.029876081999999998,0.768245729,0.936489319,0.0,1817.0
0.7986055256154702,0.006392995,0.791240688,0.92202655,0.0,1817.0
0.7951242678311334,0.0,0.7672081675,0.8883154795,0.0,1817.0
0.7856564232678088,0.0,0.6826098595,0.8460421645,0.0,1817.0
0.7032271847506283,0.0,0.5731048080000001,0.8003684065000001,0.0,1817.0
0.6483477723614925,0.0,0.485273925,0.790534505,0.0,1817.0
0.6404381305153297,0.0,0.442982928,0.807306056,0.0,1817.0
0.6763519736567594,0.0,0.430813511,0.871400097,0.0,1817.0
0.767896034638049,0.0,0.446183217,0.89441294,0.0,1817.0
0.7884300406045583,0.0049010755,0.47045681,0.9183954649999999,0.0,1817.0
0.7874442076296937,0.036141511,0.533362117,0.92708968,0.0,1817.0
0.7847699719651068,0.066655906,0.548273096,0.931489877,0.0,1817.0
0.7833114085208331,0.070978883,0.577875851,0.93400816,0.0,1817.0
0.7816895496632057,0.062449813,0.5507001924999999,0.9214069725,0.0,1817.0
0.7805493163155759,0.041362689499999994,0.6220088195,0.9322743364999999,0.0,1817.0
0.7807991077376126,0.018091964999999998,0.6300580309999999,0.931618914,0.0,1817.0
0.7780457470715127,0.0,0.644798258,0.9255010765,0.0,1817.0
0.7692952367461867,0.0,0.646452084,0.890345546,0.0,1817.0
0.6933815784145203,0.0,0.6043119855,0.8379987495,0.0,1817.0
0.6476274335111473,0.0,0.5550720435000001,0.835163977,0.0,1817.0
0.6402107315990846,0.0,0.5399588055,0.8205022595,0.0,1817.0
0.6761358885393722,0.0,0.5294588760000001,0.853214601,0.0,1817.0
0.774890330758375,0.0,0.558608263,0.8949107224999999,0.0,1817.0
0.7837179474834115,0.034116541,0.56511351,0.886537038,0.0,1817.0
0.7799281243580908,0.187228874,0.518583497,0.858761763,0.0,1817.0
0.7725385092873724,0.327650544,0.481153492,0.820192312,0.0,1817.0
0.7682848754303884,0.465196743,0.463381675,0.763645496,0.0,1817.0
0.7655852423350409,0.591414045,0.3725359975,0.6341070795,0.0,1817.0
0.765376668279587,0.5924867,0.35180907549999996,0.527005988,0.0,1817.0
0.7675152682529189,0.385530058,0.346631937,0.487436552,0.0,1817.0
0.7778577816993502,0.173944163,0.354982798,0.474468436,0.0,1817.0
0.7891586179887888,0.001558324,0.352622724,0.451165348,0.0,1817.0
0.7905248884701871,0.0,0.327270394,0.409119521,0.0,1817.0
0.7967904665262748,0.0,0.308414576,0.370252324,0.0,1817.0
0.7663717495581712,0.0,0.290781581,0.3488479745,0.0,1817.0
0.6792380227684491,0.0,0.254651486,0.37070497,0.0,1817.0
0.6654384988312214,0.0,0.2306948,0.401895731,0.0,1817.0
0.6707850225238416,0.0,0.20297211850000002,0.43369866749999997,0.0,1817.0
0.7637595503382257,0.0,0.1780194315,0.4358977,0.0,1817.0
0.8035975012997223,0.0243262075,0.17732284050000002,0.415172919,0.0,1817.0
0.799922316124488,0.138777922,0.164563983,0.379959981,0.0,1817.0
0.7935755244377033,0.172677325,0.151172023,0.36121388,0.0,1817.0
0.7883814059627142,0.22078491,0.13646017,0.363958377,0.0,1817.0
0.7795328757477025,0.2154854505,0.1044629125,0.3399231575,0.0,1817.0
0.7759691138280629,0.14467439599999998,0.1275588715,0.454553211,0.0,1817.0
0.7795809704909384,0.06983166,0.174065687,0.539555951,0.0,1817.0
0.7809861574392348,0.025293594,0.222720652,0.578926546,0.0,1817.0
0.7835635002173104,0.0,0.251496233,0.618543957,0.0,1817.0
0.7807668335554434,0.0,0.256245785,0.651896588,0.0,1817.0
0.7784356673484459,0.0,0.265211167,0.6988827854999999,0.0,1817.0
0.6988923369503249,0.0,0.26249278200000004,0.724024786,0.0,1817.0
0.6521634384042655,0.0,0.23319781,0.72652457,0.0,1817.0
0.6412266088216818,0.0,0.249260813,0.74728046,0.0,1817.0
0.6451682738193574,0.0,0.265771192,0.7683914510000001,0.0,1817.0
0.7350246126895406,0.0,0.253519496,0.7775261085,0.0,1817.0
0.7902329411896036,0.010328518,0.2497687355,0.7895504125,0.0,1817.0
0.7892945692726951,0.102573282,0.250635612,0.782250168,0.0,1817.0
0.7863534073611084,0.171565407,0.225513032,0.775981847,0.0,1817.0
0.7831163078586697,0.26734902,0.194884291,0.780085014,0.0,1817.0
0.7802928357154744,0.368396866,0.130314094,0.678791412,0.0,1817.0
0.7739564890503432,0.422399676,0.152537386,0.700602374,0.0,1817.0
0.7729383112406834,0.32114012449999996,0.209146601,0.734008524,0.0,1817.0
0.7809861574392348,0.132666058,0.290452513,0.725060052,0.0,1817.0
0.7835636877906542,0.0,0.328766007,0.720802784,0.0,1817.0
0.7834055321995446,0.0,0.33890912,0.727965047,0.0,1817.0
0.7783852019907658,0.0,0.3637973025,0.7805228280000001,0.0,1817.0
0.692998230394934,0.0,0.3689849785,0.8013566755,0.0,1817.0
0.6308408129824629,0.0,0.313620908,0.7748320785,0.0,1817.0
0.6182050650984013,0.0,0.333318244,0.807808506,0.0,1817.0
0.626717215283986,0.0,0.32682816800000003,0.7980246715,0.0,1817.0
0.6632214781942828,0.0,0.330075805,0.7872328395,0.0,1817.0
0.71792480235539,0.058019605,0.3430317685,0.8443266315,0.0,1817.0
0.7234886313299991,0.133176867,0.345980296,0.883710318,0.0,1817.0
0.714165187604478,0.134608427,0.351483945,0.894179845,0.0,1817.0
0.7093054073605433,0.169253415,0.301151603,0.882795034,0.0,1817.0
0.707545062165267,0.23047607199999998,0.36460215100000004,0.8884992935,0.0,1817.0
0.7110780054718859,0.16769117500000003,0.47522448100000003,0.9033886765000001,0.0,1817.0
0.7182355041567607,0.056696403,0.526100716,0.919086472,0.0,1817.0
0.7238322644454871,0.0,0.551238101,0.921238778,0.0,1817.0
0.7266068443461127,0.0,0.571746659,0.9227577014999999,0.0,1817.0
0.7061143605528701,0.0,0.582452991,0.928714543,0.0,1817.0
0.6442623871046298,0.0,0.5855542035,0.929784402,0.0,1817.0
0.6193936274371115,0.0,0.5956198505,0.9284572715,0.0,1817.0
0.6168100177710925,0.0,0.6105986175,0.9287543855,0.0,1817.0
0.6297851269127842,0.0,0.622856117,0.927211027,0.0,1817.0
0.6621370388504104,0.0,0.640775222,0.9257391335,0.0,1817.0
0.7056012108414565,0.033843711,0.657570885,0.925273501,0.0,1817.0
0.7165829192222954,0.278056775,0.644000948,0.924551162,0.0,1817.0
0.7091178177603129,0.443995176,0.642425943,0.924703876,0.0,1817.0
0.7084135573843822,0.561928845,0.591777257,0.922437213,0.0,1817.0
0.7046636373617483,0.6426504,0.562510181,0.90934991,0.0,1817.0
0.7045577537722427,0.6296383830000001,0.6065682754999999,0.9141957475,0.0,1817.0
0.7098913677294707,0.440964696,0.6905939569999999,0.91629222,0.0,1817.0
0.7161549743897141,0.123880485,0.743236292,0.916369026,0.0,1817.0
0.7189852060509784,0.0,0.759302982,0.919219489,0.0,1817.0
0.7276476253689539,0.0,0.7616989814999999,0.926275878,0.0,1817.0
0.7107609899517604,0.0,0.7639462655,0.9309617545,0.0,1817.0
0.6605093345821433,0.0,0.757120079,0.931398873,0.0,1817.0
0.6411654636630457,0.0,0.7608445079999999,0.9306363105,0.0,1817.0
0.6452790627644274,0.0,0.7697287045,0.928393091,0.0,1817.0
0.7349317094880532,0.0,0.770615535,0.9294857160000001,0.0,1817.0
0.7881752731743308,0.0172009795,0.7554514,0.9290238185,0.0,1817.0
0.7830382861010409,0.277352813,0.697280195,0.924797692,0.0,1817.0
0.7722014481166094,0.392145091,0.592651664,0.914051044,0.0,1817.0
0.7667992720381065,0.468745484,0.542830163,0.884357664,0.0,1817.0
0.764553967216645,0.519420297,0.425362922,0.747957605,0.0,1817.0
0.7631212473150681,0.46776467450000003,0.384401945,0.6105228495,0.0,1817.0
0.7642048419536485,0.265196541,0.3474067235,0.5090589265,0.0,1817.0
0.7673101211624574,0.071783628,0.343251371,0.497125906,0.0,1817.0
0.7758503677091233,0.0,0.336421689,0.500870179,0.0,1817.0
0.7744452507882087,0.0,0.33570734449999995,0.501643375,0.0,1817.0
0.698387543944003,0.0,0.3498971785,0.480328953,0.0,1817.0
0.6528148862547396,0.0,0.36798308,0.471598678,0.0,1817.0
0.6416287582553912,0.0,0.3397682415,0.4471896165,0.0,1817.0
0.6459317776728395,0.0,0.314441769,0.4200173805,0.0,1817.0
0.7361896557381199,0.0,0.277602377,0.405377337,0.0,1817.0
0.7914911925589765,0.0078963475,0.27489801999999997,0.4640888615,0.0,1817.0
0.7879783414837088,0.077123259,0.301291476,0.430079142,0.0,1817.0
0.7838961953058725,0.172151796,0.291058788,0.357231186,0.0,1817.0
0.7822576002166377,0.236506758,0.264527452,0.307694194,0.0,1817.0
0.7799930953876973,0.257625785,0.190081149,0.242916172,0.0,1817.0
0.7774291322162403,0.3258970375,0.15545670849999998,0.249185159,0.0,1817.0
0.7788258696106396,0.2103166285,0.138648561,0.210085928,0.0,1817.0
0.7836518966565889,0.028944576,0.143200956,0.174107372,0.0,1817.0
0.7893923074897429,0.0,0.1435839555,0.185380116,0.0,1817.0
0.7861204925380645,0.0,0.1311358465,0.139885956,0.0,1817.0
0.7072549459131419,0.0,0.098624902,0.127195666,0.0,1817.0
0.6522348879045472,0.0,0.08831135400000001,0.1534257365,0.0,1817.0
0.6437818642132718,0.0,0.10453190200000001,0.2505157065,0.0,1817.0
0.6779579187918927,0.0,0.1379496485,0.361750534,0.0,1817.0
0.7699465201573628,0.0,0.165279196,0.481344153,0.0,1817.0
0.791637799571926,0.0018808545,0.192483037,0.603970506,0.0,1817.0
0.7920272978088356,0.016485516,0.222296848,0.708108222,0.0,1817.0
0.7883814059627142,0.028383069,0.241646722,0.746192949,0.0,1817.0
0.7847111033216209,0.041106524,0.255626027,0.752164643,0.0,1817.0
0.7813468084589679,0.051005713999999994,0.2985305825,0.7377269355,0.0,1817.0
0.7777714507552099,0.0908857285,0.3502219695,0.7653044975000001,0.0,1817.0
0.7797378118181519,0.082029771,0.385505307,0.77465472,0.0,1817.0
0.7823085820262582,0.017081592,0.418470727,0.773698929,0.0,1817.0
0.7842540996266067,0.0,0.440078921,0.784616861,0.0,1817.0
0.7827571830607113,0.0,0.441514538,0.808893657,0.0,1817.0
0.77580595815685,0.0,0.4384988745,0.8330433239999999,0.0,1817.0
0.6964163475528782,0.0,0.43344714549999996,0.8248231655,0.0,1817.0
0.6474254082663724,0.0,0.36130872449999996,0.7177583175,0.0,1817.0
0.6403351346174531,0.0,0.355961266,0.644438315,0.0,1817.0
0.6455487582192271,0.0,0.33207910949999997,0.5367175275,0.0,1817.0
0.7342760134139625,0.0,0.29210788600000004,0.469517176,0.0,1817.0
0.7853211462321683,0.0012421835,0.26467219399999997,0.4504800455,0.0,1817.0
0.7828572684455355,0.01824288,0.254989646,0.477993428,0.0,1817.0
0.7802343428439207,0.029886116,0.258641916,0.507959684,0.0,1817.0
0.7782104283392556,0.045486719,0.262609295,0.548929804,0.0,1817.0
0.7779692277763682,0.070021934,0.190922151,0.529772161,0.0,1817.0
0.7781558788846347,0.1511368325,0.22281246500000002,0.5807587915000001,0.0,1817.0
0.7818034601413401,0.172755814,0.27531648799999997,0.7019931325,0.0,1817.0
0.788747854249262,0.038109944,0.347399123,0.735900459,0.0,1817.0
0.7932938580520976,0.0,0.399662808,0.728718866,0.0,1817.0
0.7905248884701871,0.0,0.434236359,0.731068854,0.0,1817.0
0.7907845381219335,0.0,0.46571449499999995,0.7447468165,0.0,1817.0
0.717568940083126,0.0,0.484465126,0.7530578025,0.0,1817.0
0.6727674386145303,0.0,0.519715409,0.767811943,0.0,1817.0
0.6621499717198484,0.0,0.4934480915,0.761325213,0.0,1817.0
0.6687945320259435,0.0,0.513996866,0.760180128,0.0,1817.0
0.764061144828507,0.0,0.550098643,0.7503676235000001,0.0,1817.0
0.8048285717284567,0.0053403775,0.543452323,0.751680915,0.0,1817.0
0.804142807647343,0.267504171,0.507355006,0.727036767,0.0,1817.0
0.7992856559312005,0.432136946,0.465228156,0.69843835,0.0,1817.0
0.794439677333908,0.562518047,0.486370554,0.684453249,0.0,1817.0
0.7929924752070728,0.598571378,0.469863891,0.600243815,0.0,1817.0
0.790990483336973,0.5285974305000001,0.419955915,0.5154517385,0.0,1817.0
0.7926905287041497,0.338991,0.3658144815,0.467131074,0.0,1817.0
0.8014225661813263,0.0181626475,0.34564563699999995,0.440237974,0.0,1817.0
0.800362561391716,0.0,0.297580387,0.356634882,0.0,1817.0
0.8004879029020484,0.0,0.235543885,0.2653606845,0.0,1817.0
0.721495395070969,0.0,0.1702291035,0.1714791635,0.0,1817.0
0.6675114471963308,0.0,0.142682488,0.127211351,0.0,1817.0
0.6576217833205915,0.0,0.0959496615,0.10049411150000001,0.0,1817.0
0.6562417349518412,0.0,0.06525003500000001,0.123038111,0.0,1817.0
0.6736486084771134,0.0,0.050289918,0.11316388150000001,0.0,1817.0
0.7252647970863423,0.0021909845,0.041385487,0.083384299,0.0,1817.0
0.7653554493576835,0.038499302,0.030886829,0.069621785,0.0,1817.0
0.7654779747668797,0.066828421,0.022921006,0.07132557,0.0,1817.0
0.7571540712509489,0.096912232,0.018992123,0.081371933,0.0,1817.0
0.7510547238184248,0.129354395,0.025661141,0.102487776,0.0,1817.0
0.7465607816224256,0.1006666895,0.04716438,0.1029152775,0.0,1817.0
0.7538260874614475,0.063604337,0.076801026,0.114640543,0.0,1817.0
0.7656563163760126,0.0058759605,0.1089326395,0.145305529,0.0,1817.0
0.7653411315717233,0.0,0.1344319525,0.2154931665,0.0,1817.0
0.7307534685482835,0.0,0.170402555,0.296666377,0.0,1817.0
0.67156279758257,0.0,0.1950838365,0.295172283,0.0,1817.0
0.6543209101317246,0.0,0.2036506,0.367614463,0.0,1817.0
0.6515779710406102,0.0,0.253608432,0.505762476,0.0,1817.0
0.6598605393313739,0.0,0.3497183505,0.6535036215000001,0.0,1817.0
0.691954045541146,0.0,0.4543469975,0.777426293,0.0,1817.0
0.7463335468328565,0.033599414,0.5502451115,0.850421969,0.0,1817.0
0.7521872579055329,0.095356598,0.605482244,0.88824304,0.0,1817.0
0.745874923442018,0.109556361,0.63372639,0.907593806,0.0,1817.0
0.740362334190377,0.102135728,0.647157384,0.909085392,0.0,1817.0
0.7392364661472879,0.12320929450000001,0.6987915505,0.9248660435,0.0,1817.0
0.7437825165308373,0.053301188,0.7312706364999999,0.928770807,0.0,1817.0
0.74936732996067,0.0017680125,0.704625508,0.9097766055000001,0.0,1817.0
0.7485588766563065,0.0,0.66658436,0.88725331,0.0,1817.0
0.7365418562660893,0.0,0.614809912,0.866362855,0.0,1817.0
0.6879576672747959,0.0,0.5669714505000001,0.78035584,0.0,1817.0
0.6521271973584957,0.0,0.527116775,0.843899066,0.0,1817.0
0.6413551428303269,0.0,0.542786511,0.8529857595,0.0,1817.0
0.6451603638514463,0.0,0.554370382,0.8944583575,0.0,1817.0
0.7347882709015039,0.0,0.5919236905,0.8916997280000001,0.0,1817.0
0.7903679064629657,0.000599373,0.5556169475,0.7940267655,0.0,1817.0
0.794574689500606,0.119488375,0.507361909,0.747471506,0.0,1817.0
0.7964092774758764,0.28190804,0.492072147,0.746747431,0.0,1817.0
0.7948372027720688,0.446875247,0.473250573,0.774121157,0.0,1817.0
0.793018247471899,0.5259420295,0.404126953,0.8063114395,0.0,1817.0
0.7925923206158755,0.39591239050000004,0.44403702899999997,0.8693919295,0.0,1817.0
0.7952989483212161,0.222603466,0.455942151,0.905694366,0.0,1817.0
0.8006781216553153,0.014342323,0.483692515,0.917737908,0.0,1817.0
0.7996337961215194,0.0,0.515092169,0.919089491,0.0,1817.0
0.7961333852230397,0.0,0.483812475,0.9044193655,0.0,1817.0
0.7224579198695017,0.0,0.450376244,0.8627265715,0.0,1817.0
0.6765503140231939,0.0,0.408290734,0.816088593,0.0,1817.0
0.6674375801882688,0.0,0.375541108,0.752998675,0.0,1817.0
0.6736075555498287,0.0,0.318787378,0.602005103,0.0,1817.0
0.7646927821202678,0.0,0.261259473,0.46890163399999996,0.0,1817.0
0.8036319585229919,0.0,0.219343119,0.419790627,0.0,1817.0
0.8103310210777499,0.052217822,0.17304506349999998,0.3324519495,0.0,1817.0
0.8101776067155289,0.194497042,0.115399715,0.234628494,0.0,1817.0
0.8064366058053962,0.264583601,0.090506271,0.215698236,0.0,1817.0
0.8032768709286382,0.2668412455,0.07263652200000001,0.2234358325,0.0,1817.0
0.8031719033222952,0.19487364699999998,0.0954464585,0.25944988750000003,0.0,1817.0
0.8071171590990169,0.050663644,0.1209890045,0.370382088,0.0,1817.0
0.8059434076453258,0.0,0.136858731,0.423834451,0.0,1817.0
0.7999443803769279,0.0,0.1492792925,0.43242741549999997,0.0,1817.0
0.7243575961077187,0.0,0.16818058,0.4352097865,0.0,1817.0
0.6702378382544264,0.0,0.1936928315,0.458729096,0.0,1817.0
0.6639173821777439,0.0,0.2065451625,0.493372453,0.0,1817.0
0.7057147930662391,0.0,0.201839087,0.521583312,0.0,1817.0
0.7981257536427322,0.0,0.180290079,0.538648926,0.0,1817.0
0.8089999121575274,0.0253782075,0.155022626,0.5151434685,0.0,1817.0
0.8089791155882698,0.122376121,0.145349268,0.494667862,0.0,1817.0
0.8066563998730362,0.192078364,0.133260153,0.48044616,0.0,1817.0
0.8047210687557489,0.234553409,0.107199933,0.446114498,0.0,1817.0
0.8037150497628611,0.2248336135,0.102448818,0.4366950345,0.0,1817.0
0.8074563795515901,0.131485544,0.09369749299999999,0.449717996,0.0,1817.0
0.8149326072390868,0.005867753,0.098920313,0.464111597,0.0,1817.0
0.8174942701361034,0.0,0.097995946,0.49475081,0.0,1817.0
0.812284941963904,0.0,0.091200185,0.517541384,0.0,1817.0
0.8073046083318616,0.0,0.0881217635,0.549261785,0.0,1817.0
0.7342975609018401,0.0,0.0956179365,0.479105989,0.0,1817.0
0.6858598616901563,0.0,0.103850627,0.422874506,0.0,1817.0
0.6792503688459428,0.0,0.106008435,0.35189044550000004,0.0,1817.0
0.6837488653227312,0.0,0.10891480049999999,0.287891955,0.0,1817.0
0.771145386743932,0.0,0.11702654000000001,0.271218982,0.0,1817.0
0.8135732844743455,0.0006494545,0.11491986500000001,0.25006814,0.0,1817.0
0.8206793555502859,0.066289961,0.103977785,0.259585814,0.0,1817.0
0.817200867911616,0.133894504,0.087033467,0.273084017,0.0,1817.0
0.8146291585863015,0.177453899,0.071777137,0.287105444,0.0,1817.0
0.8122383731298204,0.184759131,0.061959334,0.307421623,0.0,1817.0
0.809679057087958,0.183045205,0.0658212275,0.34024392049999996,0.0,1817.0
0.8143613873213876,0.09493959099999999,0.0817319185,0.4470649335,0.0,1817.0
0.8188635449172261,0.003568931,0.109490833,0.56107566,0.0,1817.0
0.8162836205046944,0.0,0.118869923,0.5904496085,0.0,1817.0
0.80713645320579,0.0,0.1158585125,0.5659791415,0.0,1817.0
0.7306769723871849,0.0,0.12005254800000001,0.5364783355,0.0,1817.0
0.6808846919522709,0.0,0.128999789,0.508509046,0.0,1817.0
0.6708639361927204,0.0,0.12767552199999999,0.47053182849999997,0.0,1817.0
0.6765914841838185,0.0,0.12789729049999998,0.45410531,0.0,1817.0
0.7652021290947567,0.0,0.1302719435,0.454542833,0.0,1817.0
0.8046271801689618,0.0,0.137441133,0.452713733,0.0,1817.0
0.8156673811087322,0.019769751,0.1319356915,0.4018960825,0.0,1817.0
0.8166795965870347,0.140981929,0.127026146,0.338946337,0.0,1817.0
0.8159841621621778,0.202794707,0.115359834,0.297467296,0.0,1817.0
0.8158852969419556,0.212443582,0.07941354349999999,0.2340323765,0.0,1817.0
0.8171208272395627,0.1697609095,0.083778873,0.235439939,0.0,1817.0
0.8213194896019022,0.092705438,0.110186678,0.269510515,0.0,1817.0
0.8230299565440644,0.002797448,0.129609991,0.289224493,0.0,1817.0
0.8195299679982306,0.0,0.1378563275,0.2871186255,0.0,1817.0
0.8113974105513633,0.0,0.127912704,0.276030796,0.0,1817.0
0.7331076603211082,0.0,0.1161547505,0.2796866845,0.0,1817.0
0.6745690712037711,0.0,0.1271150305,0.36047475399999995,0.0,1817.0
0.6684214645887128,0.0,0.13883231699999998,0.4020528055,0.0,1817.0
0.669560054481228,0.0,0.16047545,0.492547036,0.0,1817.0
0.6831896632291741,0.0,0.1791091585,0.5962117655,0.0,1817.0
0.7341412594732346,0.0,0.2125048115,0.6749933355,0.0,1817.0
0.7744969363104909,0.075823766,0.234516599,0.713869741,0.0,1817.0
0.7783276954423786,0.170952667,0.247986429,0.740160876,0.0,1817.0
0.7760957696022913,0.25112152,0.283155041,0.772773941,0.0,1817.0
0.7712923463947678,0.30172964999999996,0.3444390905,0.823019891,0.0,1817.0
0.776326595483529,0.192019624,0.32640688100000004,0.8362497504999999,0.0,1817.0
0.7866548839928053,0.069570458,0.361061738,0.871314219,0.0,1817.0
0.790746278161739,0.001844066,0.399260099,0.88520787,0.0,1817.0
0.7883252840182271,0.0,0.423131366,0.879742052,0.0,1817.0
0.7679355619688035,0.0,0.4229631865,0.842047306,0.0,1817.0
0.7111794288798964,0.0,0.422523377,0.8171044185,0.0,1817.0
0.6738006851287702,0.0,0.404183602,0.815773036,0.0,1817.0
0.6647893984611459,0.0,0.411196709,0.801547165,0.0,1817.0
0.6656201504846292,0.0,0.37995681400000003,0.7788793325000001,0.0,1817.0
0.6724558683485775,0.0,0.335506529,0.7603169224999999,0.0,1817.0
0.7071860549132707,0.0,0.29504277850000005,0.723735603,0.0,1817.0
0.7500350907522386,0.096062993,0.269569881,0.678675541,0.0,1817.0
0.7737093033346751,0.318686769,0.268718413,0.638846437,0.0,1817.0
0.7780029803491093,0.419947307,0.240429142,0.583190938,0.0,1817.0
0.7771175619502876,0.5152468695,0.18216472849999998,0.454461524,0.0,1817.0
0.777556867787685,0.431269032,0.147710456,0.35877677750000003,0.0,1817.0
0.7844772262473229,0.199837828,0.146440571,0.344484932,0.0,1817.0
0.794973154055975,0.002829841,0.158061129,0.356800487,0.0,1817.0
0.7985318227340841,0.0,0.140478729,0.346555447,0.0,1817.0
0.7906184484910002,0.0,0.1020920815,0.327345966,0.0,1817.0
0.7562847782198777,0.0,0.068837185,0.269701964,0.0,1817.0
0.7038282378960483,0.0,0.058727329499999995,0.265531497,0.0,1817.0
0.6881147119106727,0.0,0.06746762933333333,0.26922573266666666,0.0,1817.0
0.7279211001140105,0.0,0.08871116400000001,0.3530775315,0.0,1817.0
0.8158115943731916,0.0,0.10458168300000001,0.42946266099999997,0.0,1817.0
0.8250783293622816,0.07440863,0.113084582,0.482694469,0.0,1817.0
0.8283101705586471,0.217101209,0.102044894,0.510534189,0.0,1817.0
0.828657935289656,0.310563428,0.093767291,0.525754751,0.0,1817.0
0.8253538927365223,0.400103246,0.104199803,0.538659136,0.0,1817.0
0.8220009348067729,0.4138873695,0.1162815325,0.563613933,0.0,1817.0
0.8235892524242935,0.23387180550000003,0.1555589285,0.6070847955,0.0,1817.0
0.831146458963185,0.0009248105,0.20503003050000002,0.6782013,0.0,1817.0
0.830434687525321,0.0,0.233259067,0.705250823,0.0,1817.0
0.8256530228256871,0.0,0.252554849,0.7170533335,0.0,1817.0
0.7970058473057556,0.0,0.27967260650000003,0.73257673,0.0,1817.0
0.697680326161684,0.0,0.3177909925,0.7419223525,0.0,1817.0
0.6808559385217663,0.0,0.35743001350000003,0.7979650844999999,0.0,1817.0
0.6826157203717664,0.0,0.41655480300000003,0.8233073095,0.0,1817.0
0.7678061126022404,0.0,0.4590709275,0.838677898,0.0,1817.0
0.8095216993088041,0.0072452895,0.520802994,0.891726174,0.0,1817.0
0.8189821265968675,0.083006336,0.5503469205,0.9125463094999999,0.0,1817.0
0.817060128505485,0.12705296,0.566489001,0.924770424,0.0,1817.0
0.8162575193612722,0.116718459,0.6544992095,0.932388201,0.0,1817.0
0.8168452166593638,0.022381876999999998,0.7551258605,0.934843757,0.0,1817.0
0.8183572494484199,0.0,0.805418435,0.9294836485,0.0,1817.0
0.8133714702495825,0.0,0.8233322185,0.9159913605000001,0.0,1817.0
0.8023350248407788,0.0,0.8180834210000001,0.8850952999999999,0.0,1817.0
0.7587571293196977,0.0,0.798786903,0.883876617,0.0,1817.0
0.6904345016901569,0.0,0.64821015,0.811001186,0.0,1817.0
0.6697948237793984,0.0,0.7243616095000001,0.8909392525,0.0,1817.0
0.6615336619838822,0.0,0.728444529,0.91048482,0.0,1817.0
0.6995104542680817,0.0,0.6979795265,0.9031440150000001,0.0,1817.0
0.7858638240519968,0.0,0.676842586,0.898805818,0.0,1817.0
0.8006981197873724,0.0015208775,0.65387663,0.8967328565,0.0,1817.0
0.8002916280307523,0.010263411,0.614776843,0.897528825,0.0,1817.0
0.7997509691253483,0.013532225,0.527676034,0.881950127,0.0,1817.0
0.7972223081950749,0.025425115499999998,0.6036213115,0.908923061,0.0,1817.0
0.7958038823201681,0.0315164265,0.6472308355,0.923564735,0.0,1817.0
0.7957857617972831,0.0,0.652295544,0.924206696,0.0,1817.0
0.7950093951017448,0.0,0.6705367154999999,0.9315945274999999,0.0,1817.0
0.7914588946175172,0.0,0.691545423,0.9356402825,0.0,1817.0
0.7552090704151627,0.0,0.6889404610000001,0.937007807,0.0,1817.0
0.7076219803663892,0.0,0.652082019,0.936787762,0.0,1817.0
0.6926646430824995,0.0,0.6988822615,0.935638467,0.0,1986.0
0.6882079982828186,0.0,0.710043819,0.9313250515,0.0,2155.0
0.7548868437949222,0.0,0.7027613484999999,0.9197025725,0.0,2155.0
0.8458999634205094,0.0,0.677342575,0.896955808,0.0,2155.0
0.8401231708615775,0.0096294975,0.664968207,0.8431948695,0.0,2155.0
0.8334852297061653,0.104090649,0.630145902,0.725264077,0.0,2155.0
0.8296220797840129,0.17211705,0.56843109,0.62595571,0.0,2155.0
0.8281747832452615,0.251677492,0.466450192,0.501958719,0.0,2155.0
0.8274393519310457,0.26466751,0.412350836,0.4430992105,0.0,2155.0
0.8273341964387366,0.161142563,0.368328412,0.393140567,0.0,2155.0
0.833225626947755,0.031475851,0.355291302,0.376820337,0.0,2155.0
0.8446034524035644,0.0,0.313299718,0.38381890750000003,0.0,2155.0
0.847630522594023,0.0,0.266715544,0.436815281,0.0,2155.0
0.8375533863513933,0.0,0.228961963,0.440772611,0.0,2155.0
0.815180285960027,0.0,0.182471787,0.395406975,0.0,2155.0
0.7607653883278387,0.0,0.143404536,0.3770608795,0.0,2155.0
0.7199985719791233,0.0,0.1279322415,0.43570731949999997,0.0,2155.0
0.7059662745241042,0.0,0.1514672935,0.5203452854999999,0.0,2155.0
0.7604695445236584,0.0,0.19231606899999998,0.593701289,0.0,2155.0
0.8462773966273189,0.0,0.24124745,0.655071577,0.0,2155.0
0.8378636420408279,0.0018461245,0.28070177,0.7226380155,0.0,2155.0
0.8287277416474454,0.018063166500000002,0.30487069349999996,0.768080683,0.0,2155.0
0.8280745568678072,0.018544589,0.318633856,0.757957402,0.0,2155.0
0.8271905462069311,0.010310985,0.37576410650000003,0.8021800205,0.0,2155.0
0.8325832398276567,0.001048384,0.430479897,0.8598348915,0.0,2155.0
0.8355213033402248,0.0,0.474220552,0.884417797,0.0,2155.0
0.828651785384955,0.0,0.503659987,0.885798956,0.0,2155.0
0.8041456712670594,0.0,0.5190567775,0.8901806130000001,0.0,2155.0
0.7242992914347534,0.0,0.4935308225,0.8914149395,0.0,2155.0
0.6806152544108189,0.0,0.4892897775,0.8802370850000001,0.0,2155.0
0.6710105435182923,0.0,0.484990359,0.875946297,0.0,2155.0
0.6839078187257968,0.0,0.4569546745,0.8596235135,0.0,2155.0
0.7316026459013355,0.0,0.448020972,0.8115323105,0.0,2155.0
0.7678170274951204,0.00241997,0.46499725,0.777995618,0.0,2155.0
0.7780819881172826,0.017407608,0.470505606,0.77524147,0.0,2155.0
0.7807900707665271,0.047449918,0.459908061,0.772546636,0.0,2155.0
0.7802496000597114,0.077042735,0.421791544,0.750048221,0.0,2155.0
0.7800912797166815,0.145194998,0.451618912,0.6999815380000001,0.0,2155.0
0.790929924970281,0.0913916925,0.4446449735,0.647458697,0.0,2155.0
0.8145750786902847,0.0,0.46026611,0.616238701,0.0,2155.0
0.8220498504960105,0.0,0.42632724349999995,0.511178884,0.0,2155.0
0.8050435771528349,0.0,0.3861729203333333,0.48480376033333333,0.0,2155.0
0.7481024828872822,0.0,0.335048484,0.467619153,0.0,2155.0
0.7209616838822221,0.0,0.2827648345,0.5223019760000001,0.0,2155.0
0.7146254308995558,0.0,0.24979885766666665,0.634396091,0.0,2155.0
0.7326997370672521,0.0,0.240353752,0.6648392995,0.0,2155.0
0.7785972499045481,0.0052235145,0.224337217,0.7117800485,0.0,2155.0
0.7987585642057589,0.078008481,0.222931488,0.746398429,0.0,2155.0
0.7962000931818104,0.080608066,0.22701986,0.779489318,0.0,2155.0
0.7896913903729496,0.078252991,0.22232535250000002,0.82469331,0.0,2155.0
0.7846581973221146,0.08158964199999999,0.2914037985,0.8614286245,0.0,2155.0
0.8048960778118055,0.0166032835,0.37149799650000004,0.8683989315,0.0,2155.0
0.8193744884534937,0.0,0.423844792,0.870446806,0.0,2155.0
0.8173905699003206,0.0,0.4552699965,0.8807370834999999,0.0,2155.0
0.791256563940814,0.0,0.464632658,0.8918143485,0.0,2155.0
0.7438462201898837,0.0,0.4797119785,0.8823335080000001,0.0,2155.0
0.7204839301986641,0.0,0.49648939950000004,0.8606514935,0.0,2155.0
0.7161108699567469,0.0,0.5191786755000001,0.789526959,0.0,2155.0
0.7774672508711824,0.0,0.529533024,0.7513693889999999,0.0,2155.0
0.8573361876485783,0.0,0.538181417,0.779407392,0.0,2155.0
0.8418505847427366,0.004700786,0.5468547285,0.8046957484999999,0.0,2155.0
0.8350003140009039,0.0616675395,0.5248296225,0.803562955,0.0,2155.0
0.8347321672766801,0.072094151,0.444635425,0.781010788,0.0,2155.0
0.8341084640247429,0.0560447695,0.45826660399999997,0.7625520575,0.0,2155.0
0.8356218582836532,0.025136771999999998,0.417111901,0.710733176,0.0,2155.0
0.8436662543831663,0.0,0.380951417,0.671304849,0.0,2155.0
0.8447134901173924,0.0,0.35544654200000003,0.6695279505,0.0,2155.0
0.8295337302380705,0.0,0.307331782,0.6493712555,0.0,2155.0
0.7900586364714532,0.0,0.259719092,0.61365918,0.0,2155.0
0.722417500627497,0.0,0.18796411899999999,0.5315690245,0.0,2155.0
0.7075971703528172,0.0,0.1776398795,0.547760394,0.0,2155.0
0.7200438027900207,0.0,0.17072609649999998,0.5321231805,0.0,2155.0
0.8316087675449861,0.0,0.17908556,0.5162067775,0.0,2155.0
0.8421945936301567,0.000973337,0.185488306,0.534161294,0.0,2155.0
0.8372427552026489,0.011155171,0.184144834,0.566233697,0.0,2155.0
0.8361858488120572,0.017283432,0.176182428,0.577803803,0.0,2155.0
0.835466660098932,0.022867873,0.125958434,0.496991382,0.0,2155.0
0.8343398063579207,0.023897557,0.138602828,0.5155078479999999,0.0,2155.0
0.8360169424547435,0.009167983000000001,0.157036214,0.555999056,0.0,2155.0
0.8439090039892518,0.0,0.1753972105,0.6081403645000001,0.0,2155.0
0.8366874965260245,0.0,0.18011699199999998,0.622298187,0.0,2155.0
0.8114985757334039,0.0,0.16968288650000002,0.5937295865,0.0,2155.0
0.7655052491815679,0.0,0.16682311,0.573590452,0.0,2155.0
0.7092989292024903,0.0,0.1555849445,0.49730407350000005,0.0,2155.0
0.6918785591498819,0.0,0.1531025915,0.41813086050000003,0.0,2155.0
0.7039467723697315,0.0,0.1339997725,0.320469777,0.0,2155.0
0.8182794158893794,0.0,0.10423858450000001,0.221463942,0.0,2155.0
0.8352428760336456,0.00072507,0.0796862435,0.14498792500000002,0.0,2155.0
0.8287381163290952,0.014019199500000001,0.0526385755,0.0991479705,0.0,2155.0
0.8281747832452615,0.020607074,0.027011431,0.051104547,0.0,2155.0
0.8275529572898741,0.02305376,0.0216581795,0.044273254,0.0,2155.0
0.8274951687562268,0.0082863815,0.021645514499999997,0.0499115535,0.0,2155.0
0.8365300452728212,0.0,0.026271851,0.067111851,0.0,2155.0
0.8364683602155769,0.0,0.033115662000000004,0.0884807295,0.0,2155.0
0.8219435686257716,0.0,0.042700744,0.113725624,0.0,2155.0
0.7809020567421533,0.0,0.050783181499999996,0.126040906,0.0,2155.0
0.7084582017159575,0.0,0.0542219105,0.1310208155,0.0,2155.0
0.6949287258714162,0.0,0.0560323435,0.127185694,0.0,2155.0
0.7084629429448464,0.0,0.062535498,0.1150904865,0.0,2155.0
0.8228496894945567,0.0,0.06783912950000001,0.12861462699999998,0.0,2155.0
0.8407533056908538,0.000763908,0.0752221075,0.150474467,0.0,2155.0
0.8347377069427693,0.0122277935,0.0759736825,0.1378368015,0.0,2155.0
0.8343535135926464,0.019617712,0.057700433,0.106332527,0.0,2155.0
0.8339466935826746,0.0167519985,0.056539109500000004,0.099511126,0.0,2155.0
0.8356289000996044,0.005920069,0.0710877355,0.093541816,0.0,2155.0
0.8434929353629379,0.0,0.086742643,0.096855976,0.0,2155.0
0.8441401112305053,0.0,0.1005561235,0.1046447465,0.0,2155.0
0.828663474643123,0.0,0.10317965700000001,0.1026164485,0.0,2155.0
0.7900094856902913,0.0,0.099047391,0.092151505,0.0,2155.0
0.7231548567568431,0.0,0.086515443,0.0904807865,0.0,2155.0
0.7088897148187838,0.0,0.086784976,0.0995318795,0.0,2155.0
0.7234518506982434,0.0,0.088637381,0.107827014,0.0,2155.0
0.8354399487168976,0.0,0.08443885300000001,0.1027947105,0.0,2155.0
0.8427088225135422,0.0005488725,0.079173507,0.086667855,0.0,2155.0
0.8381993417417366,0.0094003675,0.07815026550000001,0.07771896549999999,0.0,2155.0
0.8366642593149409,0.015073057,0.07315052550000001,0.0764378555,0.0,2155.0
0.836298139281745,0.008610968,0.080442111,0.08168885000000001,0.0,2155.0
0.8437702359789649,0.000733821,0.106591383,0.11855443499999999,0.0,2155.0
0.8473752390244776,0.0,0.13293593599999998,0.168921076,0.0,2155.0
0.8319395847117539,0.0,0.1586412385,0.234690944,0.0,2155.0
0.7932520304469026,0.0,0.189818414,0.3166278635,0.0,2155.0
0.721083082288244,0.0,0.22634861950000001,0.379892056,0.0,2155.0
0.7050112607875049,0.0,0.28375882750000003,0.42520819,0.0,2155.0
0.7062849800800579,0.0,0.3313235955,0.490338444,0.0,2155.0
0.7164376261606197,0.0,0.35521828,0.533298259,0.0,2155.0
0.7535177565871434,0.0,0.3885441795,0.575460424,0.0,2155.0
0.7969872103309306,0.002773096,0.42288173549999997,0.6439727305,0.0,2155.0
0.8063557207406731,0.013809429,0.4167037535,0.6688628785,0.0,2155.0
0.8050894887507629,0.013106693499999999,0.4215766525,0.6875567549999999,0.0,2155.0
0.8092542100291508,0.003603271,0.44308254550000004,0.71972953,0.0,2155.0
0.8254009311292099,0.0,0.4655484565,0.7480179659999999,0.0,2155.0
0.8225370397440099,0.0,0.47408527300000003,0.793194204,0.0,2155.0
0.793609794087629,0.0,0.469817465,0.8072321665,0.0,2155.0
0.7392459251583972,0.0,0.417329131,0.7480279075,0.0,2155.0
0.70698611829768,0.0,0.4214686245,0.768170552,0.0,2155.0
0.6987884256945303,0.0,0.450454432,0.809328757,0.0,2155.0
0.7052553012108185,0.0,0.460394823,0.8254453595,0.0,2155.0
0.7493686679838563,0.0,0.4701990995,0.8186666524999999,0.0,2155.0
0.7943815133409506,0.0024311985,0.474969413,0.8330288185,0.0,2155.0
0.8039205726252547,0.01062965,0.477943377,0.844344473,0.0,2155.0
0.8038501560288533,0.014630123,0.3862884735,0.8077011465,0.0,2155.0
0.8041037970811509,0.009239431999999999,0.4595018225,0.8541229175,0.0,2155.0
0.8179283182926721,0.000641178,0.49917349450000004,0.884318839,0.0,2155.0
0.8257173836166816,0.0,0.517374742,0.8975563875,0.0,2155.0
0.812998168345672,0.0,0.5085361665,0.8899009055,0.0,2155.0
0.7660729949283163,0.0,0.5086946865,0.8898986225000001,0.0,2155.0
0.7269184377461113,0.0,0.4452841205,0.8837101315,0.0,2155.0
0.713284933099813,0.0,0.4851620365,0.8974974149999999,0.0,2155.0
0.7258992507918614,0.0,0.505499498,0.888606753,0.0,2155.0
0.8356626060916319,0.0,0.5110696724999999,0.8811634585,0.0,2155.0
0.8422677797469804,0.0,0.534109253,0.8993921415,0.0,2155.0
0.8390237325278846,0.009590236,0.56373922,0.91602808,0.0,2155.0
0.8384218581238407,0.014698069,0.5347416365,0.9105957245,0.0,2155.0
0.8379741962065959,0.008703614,0.583148377,0.912834523,0.0,2155.0
0.8440566442187039,0.0,0.608939239,0.9049476590000001,0.0,2155.0
0.8459845105421493,0.0,0.6249118865000001,0.875419176,0.0,2155.0
0.8296799152109964,0.0,0.6361419015,0.8437248775,0.0,2155.0
0.7874713416769963,0.0,0.621970161,0.8661412345,0.0,2155.0
0.7146935473257241,0.0,0.5503904765000001,0.81601985,0.0,2155.0
0.6986915556294423,0.0,0.5584254150000001,0.7773420835,0.0,2155.0
0.7129644903020727,0.0,0.514025167,0.7414416374999999,0.0,2155.0
0.8309259139769251,0.0,0.4543736515,0.6674477495,0.0,2155.0
0.8421945936301567,0.0,0.3793147435,0.626762713,0.0,2155.0
0.8372693255920531,0.004341494,0.317893393,0.636190913,0.0,2155.0
0.8348124424154133,0.010958627,0.288355316,0.635635672,0.0,2155.0
0.8343626681096943,0.0207019115,0.270617954,0.606637918,0.0,2155.0
0.8341197306176427,0.0323940855,0.250790138,0.5775316239999999,0.0,2155.0
0.8401544358991566,0.001089786,0.22230638,0.5092636420000001,0.0,2155.0
0.8430421750466746,0.0,0.221960059,0.478763866,0.0,2155.0
0.8259912103743801,0.0,0.218241077,0.454964127,0.0,2155.0
0.7862917926438683,0.0,0.2002494195,0.391507653,0.0,2155.0
0.7152469283931764,0.0,0.1731943685,0.29197212699999997,0.0,2155.0
0.6999563792561622,0.0,0.15145148200000003,0.217074877,0.0,2155.0
0.7125860479506732,0.0,0.1329398505,0.193303618,0.0,2155.0
0.8237654344389937,0.0,0.11471427149999999,0.1981411315,0.0,2155.0
0.8407533056908538,0.0,0.09622461800000001,0.160799478,0.0,2155.0
0.8346228807940944,0.0242469205,0.08293523650000001,0.108281143,0.0,2155.0
0.8332582068744747,0.06221782,0.0525774865,0.065124938,0.0,2155.0
0.8324991153712851,0.0474028605,0.051030892,0.085332113,0.0,2155.0
0.8399983926965213,0.0014884855,0.055655236,0.127248105,0.0,2155.0
0.8448270957888431,0.0,0.0565047635,0.20748005349999998,0.0,2155.0
0.8298181195633848,0.0,0.0686025335,0.30104062099999995,0.0,2155.0
0.7902130368442185,0.0,0.094456467,0.4085957765,0.0,2155.0
0.7264779114314897,0.0,0.11465109300000001,0.534001164,0.0,2155.0
0.7095556683411842,0.0,0.187924273,0.6465430955,0.0,2155.0
0.721293087840934,0.0,0.2707825115,0.667727831,0.0,2155.0
0.8317658433388796,0.0,0.34518852200000005,0.7268088045,0.0,2155.0
0.8406982400969152,0.0,0.42381590999999996,0.8003258845000001,0.0,2155.0
0.834650390300707,0.0146943265,0.479762813,0.857888962,0.0,2155.0
0.8320860044639817,0.0229855975,0.488475629,0.899985123,0.0,2155.0
0.8302361595855428,0.01998559,0.548710774,0.914935625,0.0,2155.0
0.8364231997446837,0.0007481,0.5659279815,0.9146387635,0.0,2155.0
0.8391210955982447,0.0,0.556951232,0.8939380405,0.0,2155.0
0.8222462663599368,0.0,0.5333152685,0.866258387,0.0,2155.0
0.7796488989269335,0.0,0.4979381095,0.8757359175,0.0,2155.0
0.7102960284576324,0.0,0.465159395,0.848760212,0.0,2155.0
0.6952938595814456,0.0,0.4668249,0.8646398,0.0,2155.0
0.6893762572763787,0.0,0.448813717,0.8860354865,0.0,2155.0
0.7537026942129135,0.0,0.4404732815,0.902051776,0.0,2155.0
0.8447531112348189,0.0,0.43764509,0.909606935,0.0,2155.0
0.8356475367618073,0.0,0.445473281,0.9152618275,0.0,2155.0
0.8290527377881083,0.013441643,0.471255414,0.923946367,0.0,2155.0
0.8282190049115687,0.058203493,0.486738569,0.927409468,0.0,2155.0
0.8281266181620216,0.106055824,0.465224951,0.923497368,0.0,2155.0
0.8276861856340718,0.115289958,0.542955879,0.928502974,0.0,2155.0
0.8282326658782031,0.040415017500000004,0.6260159405,0.9292020165,0.0,2155.0
0.8365093896961937,0.0,0.644727706,0.916035849,0.0,2155.0
0.8365027233395524,0.0,0.6442762,0.894358941,0.0,2155.0
0.8227424688197316,0.0,0.6659285694999999,0.884429507,0.0,2155.0
0.7828475040024979,0.0,0.6632588509999999,0.8818757915,0.0,2155.0
0.6996990298788562,0.0,0.6456830835,0.880806478,0.0,2155.0
0.681222973600258,0.0,0.635569562,0.8842028230000001,0.0,2155.0
0.6805778632278289,0.0,0.644783077,0.8799756814999999,0.0,2155.0
0.7090604515793115,0.0,0.6328519845,0.846701021,0.0,2155.0
0.771853261658199,0.0,0.63620164,0.795378542,0.0,2155.0
0.7964458942935786,0.067794356,0.629638001,0.802791212,0.0,2155.0
0.7957107449646232,0.248026416,0.61676538,0.812276394,0.0,2155.0
0.7960650810151124,0.327350163,0.630868509,0.803498782,0.0,2155.0
0.7935335092591645,0.32635242249999996,0.645264692,0.817275121,0.0,2155.0
0.799901708066441,0.075565941,0.6892399355,0.8327576825,0.0,2155.0
0.8198797979117557,0.0,0.73293655,0.843616382,0.0,2155.0
0.8245313798721687,0.0,0.7567347170000001,0.85738112,0.0,2155.0
0.8163202370097742,0.0,0.778829038,0.8746953559999999,0.0,2155.0
0.7702341951424174,0.0,0.7887007180000001,0.9082083519999999,0.0,2155.0
0.7281335706930612,0.0,0.7465590875,0.9063842975,0.0,2155.0
0.7075251575072595,0.0,0.778297492,0.9197775109999999,0.0,2155.0
0.6979313846416586,0.0,0.7561574115,0.9283989615,0.0,2155.0
0.7188055032846135,0.0,0.6643357505,0.8984301269999999,0.0,2155.0
0.7753293314764664,0.0,0.551945212,0.86241971,0.0,2155.0
0.8034706573269056,0.033463144,0.508169831,0.847779617,0.0,2155.0
0.8056398648932463,0.116833236,0.492234241,0.834089241,0.0,2155.0
0.8056009953196843,0.110854357,0.385439867,0.783162833,0.0,2155.0
0.8078156453421788,0.073539221,0.359117713,0.7105108575000001,0.0,2155.0
0.8173709944335316,0.016388344,0.2991843065,0.6347455289999999,0.0,2155.0
0.8357667286800606,0.0,0.267632487,0.609612664,0.0,2155.0
0.8381849298564823,0.0,0.244182397,0.584925581,0.0,2155.0
0.8345392258963269,0.0,0.2035162365,0.5003501295,0.0,2155.0
0.8069698946414972,0.0,0.154987175,0.391191242,0.0,2155.0
0.7714604308682133,0.0,0.129525783,0.31066352,0.0,2155.0
0.7464542174543041,0.0,0.0951768935,0.2181727205,0.0,2155.0
0.7348585702645654,0.0,0.079584758,0.1678838355,0.0,2155.0
0.7505633094808546,0.0,0.0728377955,0.1655824525,0.0,2155.0
0.8567382097681312,0.0,0.0720086255,0.179519727,0.0,2155.0
0.8573369388798205,0.0,0.07439640950000001,0.199096778,0.0,2155.0
0.8606358172261753,0.028686018,0.08024212,0.222831557,0.0,2155.0
0.8619960784828805,0.159453492,0.082606096,0.243594807,0.0,2155.0
0.8616507556441866,0.19568813699999998,0.10647504799999999,0.30470829,0.0,2155.0
0.8614468759242853,0.11299034499999999,0.126270985,0.3469174465,0.0,2155.0
0.8663224764166646,0.001712392,0.151459965,0.359340379,0.0,2155.0
0.8734685440693415,0.0,0.1761069575,0.385423646,0.0,2155.0
0.8669254306179247,0.0,0.21948666,0.4236526145,0.0,2155.0
0.8443009428679875,0.0,0.286740612,0.44278970549999996,0.0,2155.0
0.8086326657464015,0.0,0.347431776,0.452906732,0.0,2155.0
0.7591211366517971,0.0,0.427723438,0.473527888,0.0,2155.0
0.7466308693402308,0.0,0.4624189045,0.489634569,0.0,2155.0
0.7603319272758363,0.0,0.46266192100000003,0.4604185315,0.0,2155.0
0.8649314196809845,0.0,0.445895536,0.4148937025,0.0,2155.0
0.8611212226516745,0.0,0.399231194,0.42503956499999995,0.0,2155.0
0.8625198845485819,0.10115926,0.352025482,0.502175834,0.0,2155.0
0.8600546449794725,0.253719994,0.34004749,0.515052911,0.0,2155.0
0.8566218345762582,0.239842881,0.3262618505,0.5142502975000001,0.0,2155.0
0.8579268892463944,0.0358366175,0.336615485,0.5250252455,0.0,2155.0
0.8660893974669447,0.0,0.3580439235,0.510651506,0.0,2155.0
0.8604055077968777,0.0,0.3450005765,0.4794461405,0.0,2155.0
0.8372681520081648,0.0,0.31887390000000004,0.4079295055,0.0,2155.0
0.7763446688004556,0.0,0.306461935,0.3788640975,0.0,2155.0
0.7400704803838433,0.0,0.2821767275,0.33534942700000003,0.0,2155.0
0.7390217421871328,0.0,0.2663364415,0.2940036895,0.0,2155.0
0.8057002356865944,0.0,0.23632873599999998,0.2677025915,0.0,2155.0
0.8800458330713897,0.0,0.212206861,0.245085314,0.0,2155.0
0.8624151983022548,0.0,0.2172839955,0.219631021,0.0,2155.0
0.8644205702440111,0.0887770545,0.249093946,0.28978597,0.0,2155.0
0.8641419081581299,0.2171182705,0.326513103,0.39717518500000004,0.0,2155.0
0.8636040659791062,0.107728291,0.375464731,0.4146931395,0.0,2155.0
0.8701788665081258,0.0006966565,0.4293511,0.405842673,0.0,2155.0
0.8727546602430032,0.0,0.44537376100000003,0.3529183855,0.0,2155.0
0.8565459721004396,0.0,0.45498651749999997,0.364541432,0.0,2155.0
0.8218067254306152,0.0,0.458849534,0.4118936465,0.0,2155.0
0.757527561353448,0.0,0.474808167,0.432868856,0.0,2155.0
0.7411371984234307,0.0,0.476812044,0.5358751685,0.0,2155.0
0.7502091610037092,0.0,0.455250182,0.593564261,0.0,2155.0
0.8566475130544123,0.0,0.4288922815,0.5788587119999999,0.0,2155.0
0.8550997556715266,0.0,0.3888880105,0.5182815625,0.0,2155.0
0.858974172499201,0.024106896,0.352783931,0.451504832,0.0,2155.0
0.8576223607963929,0.163220569,0.325771352,0.407044788,0.0,2155.0
0.8567783001315395,0.233586657,0.287021604,0.311960392,0.0,2155.0
0.8564116645842701,0.2410007895,0.250220377,0.236102005,0.0,2155.0
0.8613426126558485,0.0452140185,0.22059861050000001,0.14653036749999998,0.0,2155.0
0.8720982363843385,0.0,0.149846317,0.0736513125,0.0,2155.0
0.8656089211563004,0.0,0.0904087955,0.041499532,0.0,2155.0
0.8419489335110188,0.0,0.072794946,0.0438875935,0.0,2155.0
0.8060886541262878,0.0,0.076640331,0.07401183,0.0,2155.0
0.7563900274988589,0.0,0.1054014915,0.18426432650000002,0.0,2155.0
0.7446312952905334,0.0,0.1352962835,0.304077088,0.0,2155.0
0.7589202377849524,0.0,0.187734392,0.4014566055,0.0,2155.0
0.8458533945864259,0.0,0.23488309,0.409748589,0.0,2155.0
0.8717894828447661,0.0,0.294387358,0.41852204699999995,0.0,2155.0
0.8599105727076433,0.002727532,0.3800425935,0.47098262,0.0,2155.0
0.8638056923179032,0.037213151,0.44004099,0.53931852,0.0,2155.0
0.8609731597569541,0.09399363,0.453707629,0.5955818585,0.0,2155.0
0.8569348600987373,0.057787554000000005,0.5211621395,0.690946496,0.0,2155.0
0.8629927556979988,0.0,0.571103465,0.7312720180000001,0.0,2155.0
0.8658627028886059,0.0,0.587468546,0.7370635895,0.0,2155.0
0.8473719527394931,0.0,0.598606192,0.7428282855,0.0,2155.0
0.8090183612463863,0.0,0.5819051989999999,0.731245068,0.0,2155.0
0.743621638000019,0.0,0.57956471,0.648010557,0.0,2155.0
0.7295584978600667,0.0,0.5545955215,0.5886434505,0.0,2155.0
0.7287395057473776,0.0,0.5578824929999999,0.560598508,0.0,2155.0
0.7386684384152793,0.0,0.583129659,0.6058938305,0.0,2155.0
0.7803621256213236,0.0,0.5641070340000001,0.6383667264999999,0.0,2155.0
0.8168245141894004,0.007441755,0.528023771,0.6617674415000001,0.0,2155.0
0.8287073208501202,0.177857536,0.49302883,0.645768704,0.0,2155.0
0.8269195830689491,0.296854598,0.474561529,0.632878345,0.0,2155.0
0.8251232081605369,0.292943527,0.435780784,0.6380238380000001,0.0,2155.0
0.8278746202522163,0.087914382,0.42833202,0.675736216,0.0,2155.0
0.8416531366001746,0.0,0.408682049,0.630056628,0.0,2155.0
0.850100174826047,0.0,0.347649076,0.5263273845,0.0,2155.0
0.8369688346582784,0.0,0.2994110965,0.453675107,0.0,2155.0
0.7950796944648064,0.0,0.264601015,0.4387998915,0.0,2155.0
0.7570490101705563,0.0,0.282179929,0.45186533,0.0,2155.0
0.7440144925492951,0.0,0.2996183635,0.4798668105,0.0,2155.0
0.7392046377644326,0.0,0.344360022,0.5736976335,0.0,2155.0
0.7471950474419786,0.0,0.37326895299999996,0.642471998,0.0,2155.0
0.7724086141214953,0.0,0.371301489,0.63976547,0.0,2155.0
0.8041229501952938,0.0,0.34987220500000005,0.6344888615,0.0,2155.0
0.8294397475519892,0.096842329,0.320723287,0.5970502575000001,0.0,2155.0
0.8311933091572843,0.26223772,0.302027962,0.549113812,0.0,2155.0
0.8289242037794633,0.23808604749999998,0.2754386755,0.465692475,0.0,2155.0
0.8343572225428995,0.0288294735,0.278534334,0.457554688,0.0,2155.0
0.8511193380210067,0.0,0.2566427135,0.4533644015,0.0,2155.0
0.8480387043864714,0.0,0.21831502549999998,0.433361105,0.0,2155.0
0.8321847755849099,0.0,0.193726556,0.376087622,0.0,2155.0
0.7952398452110503,0.0,0.17658928499999998,0.3547101595,0.0,2155.0
0.7656327033929968,0.0,0.201350386,0.38945861,0.0,2155.0
0.7508968495873309,0.0,0.188807702,0.3906165735,0.0,2155.0
0.7463422080320098,0.0,0.174645689,0.411407191,0.0,2155.0
0.7606765460892463,0.0,0.19092584,0.5045795415,0.0,2155.0
0.8489133260636199,0.0,0.189480045,0.576627926,0.0,2155.0
0.874960108855114,0.0,0.18368832499999999,0.6125508980000001,0.0,2155.0
0.8629540733851584,0.006578296,0.199658221,0.644455283,0.0,2155.0
0.8664452831858767,0.108117258,0.208827039,0.656548073,0.0,2155.0
0.8640203218661419,0.17071937,0.255229562,0.748803272,0.0,2155.0
0.86386066412517,0.1557882655,0.267476793,0.7870329655,0.0,2155.0
0.8645924805884271,0.018182098,0.31832590949999995,0.803392753,0.0,2155.0
0.8723978357194853,0.0,0.382440755,0.820842422,0.0,2155.0
0.8721173894984814,0.0,0.4292612775,0.8143825044999999,0.0,2155.0
0.8565480379082002,0.0,0.458913426,0.785989536,0.0,2155.0
0.8222104004608548,0.0,0.4495976775,0.7632044179999999,0.0,2155.0
0.7649889072844638,0.0,0.431402361,0.747180332,0.0,2155.0
0.7509455780158469,0.0,0.397610851,0.7066356845,0.0,2155.0
0.7471165564383679,0.0,0.349426013,0.696918857,0.0,2155.0
0.812249780402728,0.0,0.306581382,0.709332506,0.0,2155.0
0.8853588142734139,0.0,0.272757493,0.677086958,0.0,2155.0
0.8648930659341181,0.0,0.24001600350000002,0.636097404,0.0,2155.0
0.8653450936209416,0.011282883,0.202404087,0.572303862,0.0,2155.0
0.8673877391997259,0.10758215,0.174372,0.534115018,0.0,2155.0
0.8664159898567638,0.179227121,0.127089693,0.49007008399999996,0.0,2155.0
0.8655893453768893,0.0790751505,0.116949867,0.476088952,0.0,2155.0
0.870891013717922,0.0,0.114302159,0.466120833,0.0,2155.0
0.8737908175829179,0.0,0.10263204549999999,0.3755730915,0.0,2155.0
0.8586454677209074,0.0,0.09863343799999999,0.261034696,0.0,2155.0
0.8242294330566233,0.0,0.1155652805,0.213258305,0.0,2155.0
0.7607337243842816,0.0,0.1517808295,0.252369744,0.0,2155.0
0.7481995170790461,0.0,0.181910952,0.3240700605,0.0,2155.0
0.7626442214160845,0.0,0.22852505350000002,0.369850184,0.0,2155.0
0.8685784375924137,0.0,0.28199297700000003,0.4218086695,0.0,2155.0
0.8663106933718248,0.0,0.320594092,0.483248722,0.0,2155.0
0.8674724273139959,0.007374637,0.35259077,0.548598005,0.0,2155.0
0.867884786990057,0.1182884765,0.352646299,0.6188068015,0.0,2155.0
0.8666278029912443,0.1592108115,0.3526199675,0.7013616659999999,0.0,2155.0
0.8678827211822964,0.020977124,0.421808219,0.7612625945,0.0,2155.0
0.8769625230778597,0.0,0.486590624,0.78521046,0.0,2155.0
0.8755874744765904,0.0,0.5294793395,0.805530199,0.0,2155.0
0.8594762900843946,0.0,0.5704799309999999,0.8603189635,0.0,2155.0
0.8239417108656106,0.0,0.6074945055000001,0.9110041520000001,0.0,2155.0
0.7597080827186468,0.0,0.6136780639999999,0.9266227570000001,0.0,2155.0
0.7446717379792062,0.0,0.647917351,0.9340131565,0.0,2155.0
0.754522555102807,0.0,0.6835412705,0.9353684840000001,0.0,2155.0
0.8590859002488572,0.0,0.721364306,0.930967563,0.0,2155.0
0.8587248506357683,0.0,0.760239881,0.9123076944999999,0.0,2155.0
0.8605344641581687,0.014774947,0.8077385109999999,0.8939086494999999,0.0,2155.0
0.8587491679566903,0.0497301395,0.8250741225,0.893616352,0.0,2155.0
0.859454038258611,0.026474353,0.8734791525,0.844655691,0.0,2155.0
0.8642379563393494,0.0,0.890373992,0.875254032,0.0,2155.0
0.8666835732357115,0.0,0.895548908,0.917042888,0.0,2155.0
0.8601573595173334,0.0,0.8939185030000001,0.913009009,0.0,2155.0
0.8374098774248402,0.0,0.8827514705,0.9271569045,0.0,2155.0
0.7788303291668902,0.0,0.8078399755000001,0.9324407425,0.0,2155.0
0.7413102357710211,0.0,0.7876835175,0.937474514,0.0,2155.0
0.7351868995835489,0.0,0.783221909,0.937387693,0.0,2155.0
0.798163121066432,0.0,0.781292328,0.9371467425,0.0,2155.0
0.8616487839357201,0.0,0.7654040355,0.9366765615,0.0,2155.0
0.8498351733941778,0.0,0.7996012555,0.9357488605,0.0,2155.0
0.8517221981229727,0.003476636,0.814178588,0.935458646,0.0,2155.0
0.8510400019994819,0.010495255,0.7632862555,0.937440178,0.0,2155.0
0.8505203744426375,0.0094379905,0.818889215,0.9374927344999999,0.0,2155.0
0.8569938219036506,0.0,0.8261306515,0.937410914,0.0,2155.0
0.860418746098244,0.0,0.823318674,0.937443813,0.0,2155.0
0.8541169738897225,0.0,0.8275774825,0.9374170905,0.0,2155.0
0.8291611792527798,0.0,0.8224386105,0.937447501,0.0,2155.0
0.7919110629843484,0.0,0.820754748,0.937423293,0.0,2155.0
0.7707092024395987,0.0,0.768153527,0.937435886,0.0,2155.0
0.7591410413098046,0.0,0.8049775925,0.93742843,0.0,1520.0
0.7646702017285101,0.0,0.806841661,0.937370343,0.0,1520.0
0.7769579976833654,0.0,0.8087316915,0.9371220095,0.0,1520.0
0.8183689387065878,0.0,0.8066564965,0.9370461175,0.0,1520.0
0.8457078670580704,0.0355770635,0.7966390910000001,0.936643282,0.0,1520.0
0.8473268863678939,0.092007786,0.765001055,0.934941501,0.0,1520.0
0.8470349856680242,0.094735271,0.7751478384999999,0.935353039,0.0,1520.0
0.8534449645619151,0.0085606925,0.7824583190000001,0.9330768675,0.0,1520.0
0.8716508561397318,0.0,0.757029634,0.930026385,0.0,1520.0
0.8740407024790044,0.0,0.7223721625,0.9242037325,0.0,1520.0
0.8665155587896479,0.0,0.673125902,0.9036247995,0.0,1520.0
0.8278510075818227,0.0,0.609958032,0.8875475675,0.0,1520.0
0.7851329460807037,0.0,0.5054688789999999,0.828653675,0.0,1520.0
0.7722506929970656,0.0,0.474888145,0.819417902,0.0,1520.0
0.7733197113110934,0.0,0.42106687200000004,0.78010453,0.0,1520.0
0.7813894573227866,0.0,0.3646123395,0.7602497945,0.0,1520.0
0.8198739299923148,0.0,0.3322794525,0.7853581665,0.0,1520.0
0.8449040846425916,0.007854891000000001,0.3094855815,0.7756563555,0.0,1520.0
0.8459131551411618,0.018467861000000002,0.26124386450000003,0.7459150825,0.0,1520.0
0.8461033735818065,0.0110054505,0.278177013,0.7325050479999999,0.0,1520.0
0.8615092181134774,0.0,0.287641094,0.7208342925,0.0,1520.0
0.871081607930499,0.0,0.30224231300000004,0.7614327505,0.0,1520.0
0.863663262875944,0.0,0.3104963005,0.811017211,0.0,1520.0
0.8251704813325267,0.0,0.315047446,0.822421371,0.0,1520.0
0.7942957460547089,0.0,0.304355212,0.821871234,0.0,1520.0
0.7804103610445674,0.0,0.3438997065,0.8383960815,0.0,1520.0
0.7779761520463574,0.0,0.37623927300000004,0.861672926,0.0,1520.0
0.8310419606028239,0.0,0.402899833,0.8776403755,0.0,1520.0
0.8865790876678525,0.0,0.420035192,0.8955101105000001,0.0,1520.0
0.8794072008570136,0.0007695025,0.444864273,0.9049050110000001,0.0,1520.0
0.8833475278315028,0.013173226,0.456533731,0.909353856,0.0,1520.0
0.8837990862723444,0.023823654,0.429105203,0.8920502290000001,0.0,1520.0
0.8828265384921821,0.0080344695,0.465891883,0.9000574985,0.0,1520.0
0.8905735417443168,0.0,0.4854640895,0.9079062094999999,0.0,1520.0
0.8971816728060538,0.0,0.497105674,0.908262238,0.0,1520.0
0.8928123208891449,0.0,0.4925031225,0.903288917,0.0,1520.0
0.8751607026026528,0.0,0.49750663100000003,0.8969682065,0.0,1520.0
0.8136277867230082,0.0,0.47722756,0.8748291324999999,0.0,1520.0
0.7748138114632307,0.0,0.493963914,0.8774861785000001,0.0,1520.0
0.7678970909885974,0.0,0.527746334,0.8771432215,0.0,1520.0
0.8184342851955043,0.0,0.5321227725,0.8727257545,0.0,1520.0
0.8730393312409557,0.0,0.5202489755,0.8791047025000001,0.0,1520.0
0.8628752535029515,0.0,0.5039125715,0.868420057,0.0,1520.0
0.8641684785475341,0.00342781,0.488032011,0.840905951,0.0,1520.0
0.8628418294961844,0.0063933515,0.4474160065,0.7938502595,0.0,1520.0
0.8611332873691524,0.002826331,0.484262111,0.8116924795,0.0,1520.0
0.8637201594983412,0.0,0.45469983,0.79739633,0.0,1520.0
0.8699781323932014,0.0,0.4184107735,0.749479268,0.0,1520.0
0.8651162866541284,0.0,0.3864275315,0.6410585825,0.0,1520.0
0.8492547995846753,0.0,0.3661077965,0.5635206075,0.0,1520.0
0.7901104160930297,0.0,0.34799223199999996,0.5660996045,0.0,1520.0
0.7590733942338255,0.0,0.355908248,0.5637409074999999,0.0,1520.0
0.7544762210480256,0.0,0.347636734,0.5496717545,0.0,1520.0
0.8095040952378594,0.0,0.3334684585,0.646212412,0.0,1520.0
0.8698922710076654,0.0,0.32228697900000003,0.703657909,0.0,1520.0
0.8640116375329427,0.0005776715,0.334950468,0.746679843,0.0,1520.0
0.8679068978232105,0.02368331,0.338124056,0.7750376205,0.0,1520.0
0.8680835493965151,0.026687128499999997,0.3648024855,0.7917551235,0.0,1520.0
0.8696116841066538,0.002421432,0.400874734,0.8065329569999999,0.0,1520.0
0.8804481466317752,0.0,0.415136966,0.831567104,0.0,1520.0
0.8813911659909005,0.0,0.43767653549999996,0.8566622205000001,0.0,1520.0
0.8715642907289118,0.0,0.4624705695,0.8596237744999999,0.0,1520.0
0.8422988100052575,0.0,0.4890661675,0.8547497675,0.0,1520.0
0.7867706492586883,0.0,0.523150817,0.84262989,0.0,1520.0
0.7747522201926584,0.0,0.543723159,0.842935914,0.0,1520.0
0.7719521500124671,0.0,0.5322251225000001,0.825876373,0.0,1520.0
0.8265695186887442,0.0,0.514753094,0.806911222,0.0,1520.0
0.885229388666141,0.0,0.4977066355,0.7633117125,0.0,1520.0
0.8796936087841303,0.001338181,0.480586477,0.6917864840000001,0.0,1520.0
0.8822630175223822,0.124142222,0.4501119145,0.6297024095,0.0,1520.0
0.8792372622210641,0.1565822115,0.39728115399999997,0.5241521714999999,0.0,1520.0
0.8840592989567445,0.0096762855,0.346834239,0.4356395465,0.0,1520.0
0.8962235372237679,0.0,0.296255754,0.36818880249999997,0.0,1520.0
0.8960074993123389,0.0,0.280590762,0.364577801,0.0,1520.0
0.8896872780149585,0.0,0.267446425,0.375899546,0.0,1520.0
0.8707200421780923,0.0,0.233308781,0.387110185,0.0,1520.0
0.8177519949727193,0.0,0.20647236400000002,0.43076977699999996,0.0,1520.0
0.7851173609241834,0.0,0.201611141,0.508402742,0.0,1520.0
0.7750727802237387,0.0,0.21583015449999998,0.5980228505,0.0,1520.0
0.7825763998718857,0.0,0.2194199695,0.64832868,0.0,1520.0
0.848552323031245,0.0,0.216426627,0.664876109,0.0,1520.0
0.8772127368525424,0.0,0.228578325,0.695464858,0.0,1520.0
0.8713484400782046,0.0,0.2603914825,0.7608400575,0.0,1520.0
0.8747029004704382,0.0104464695,0.2806945045,0.7796759995,0.0,1520.0
0.875003673389473,0.011892518500000001,0.281551141,0.7564860925000001,0.0,1520.0
0.8797437455758366,0.0008725055,0.303556035,0.734734432,0.0,1520.0
0.8907295849469521,0.0,0.329060684,0.741256967,0.0,1520.0
0.890022930509909,0.0,0.341142653,0.736621165,0.0,1520.0
0.8815280560793929,0.0,0.350745412,0.7087097295,0.0,1520.0
0.848115083001608,0.0,0.34803726599999996,0.653408984,0.0,1520.0
0.7804685487968149,0.0,0.298698657,0.586705948,0.0,1520.0
0.7665936322549951,0.0,0.35559641249999996,0.581129019,0.0,1520.0
0.7581951814650085,0.0,0.37222385599999996,0.658767087,0.0,1520.0
0.7593962779860141,0.0,0.37121195149999997,0.7177211925,0.0,1520.0
0.7876995618518653,0.0,0.3650299305,0.727684593,0.0,1520.0
0.8249271680685428,0.0,0.38284593749999996,0.7480769555,0.0,1520.0
0.8357858817942037,0.003327018,0.397934584,0.76641845,0.0,1520.0
0.8338181126806936,0.005950738,0.3811761265,0.783040643,0.0,1520.0
0.8342640376687741,0.001786915,0.4847522995,0.8182080055000001,0.0,1520.0
0.8506908295305271,0.0,0.536318599,0.8461242695,0.0,1520.0
0.8581220374271383,0.0,0.5739364235,0.8592154249999999,0.0,1520.0
0.847126386407027,0.0,0.5882232009999999,0.8816094135,0.0,1520.0
0.8036791375956875,0.0,0.605987821,0.9020218935,0.0,1520.0
0.7683115396064646,0.0,0.583424773,0.902836806,0.0,1520.0
0.7519266694492006,0.0,0.6180764645,0.913894618,0.0,1520.0
0.7443136460851281,0.0,0.6134127149999999,0.9155529920000001,0.0,1520.0
0.744811937486729,0.0,0.599553008,0.9086280615,0.0,1520.0
0.7744362141297454,0.0,0.6033632995,0.90208895,0.0,1520.0
0.8164043614661459,0.0,0.6205648694999999,0.9058231525,0.0,1520.0
0.8273142917807292,0.003982863,0.623718972,0.908370029,0.0,1520.0
0.8271451043760218,0.0116236475,0.6029093965000001,0.9225690234999999,0.0,1520.0
0.8266873494497655,0.0045204635,0.642930996,0.92840563,0.0,1520.0
0.8413554151868221,0.0,0.6310767605000001,0.922066099,0.0,1520.0
0.8504765751289762,0.0,0.5973587819999999,0.908929264,0.0,1520.0
0.8439504555098922,0.0,0.5584054675000001,0.8983730845,0.0,1520.0
0.8029807451391977,0.0,0.5065004445,0.880057292,0.0,1520.0
0.7752703931182212,0.0,0.452421981,0.844022691,0.0,1520.0
0.761012856028767,0.0,0.452409823,0.834430981,0.0,1520.0
0.7561596480421795,0.0,0.400191355,0.816548227,0.0,1520.0
0.810633484032613,0.0,0.334654669,0.7458012405000001,0.0,1520.0
0.8713486748575066,0.0,0.28507362999999997,0.604831249,0.0,1520.0
0.863858974401964,0.0,0.247207503,0.5043065999999999,0.0,1520.0
0.865490057804021,0.004254024,0.223232997,0.460312305,0.0,1520.0
0.8660105306914018,0.0111999145,0.17499981850000002,0.4031213695,0.0,1520.0
0.867418628777995,0.005641685,0.1726675085,0.38270396549999997,0.0,1520.0
0.8723809353612022,0.0,0.168439396,0.385981451,0.0,1520.0
0.882371740972314,0.0,0.14687684299999998,0.363280085,0.0,1520.0
0.8796533305347558,0.0,0.129908841,0.3652211675,0.0,1520.0
0.8613922795763285,0.0,0.1166972245,0.371941081,0.0,1520.0
0.8021426230464114,0.0,0.112784946,0.38346943,0.0,1520.0
0.7682317812322936,0.0,0.1208749965,0.4443218895,0.0,1520.0
0.7653121199152486,0.0,0.12080836049999999,0.5500025645,0.0,1520.0
0.8192759517992454,0.0,0.11890614799999999,0.5672201675,0.0,1520.0
0.8776340162663492,0.0,0.1217984305,0.57839093,0.0,1520.0
0.8708650532545077,0.0,0.130031073,0.593541832,0.0,1520.0
0.8735291962227053,0.011106054,0.130549558,0.536235514,0.0,1520.0
0.8730967440026708,0.037132532499999996,0.09454768150000001,0.4171147255,0.0,1520.0
0.874056194161475,0.018787261,0.10946266399999999,0.4475618935,0.0,1520.0
0.8783114242676154,0.0,0.120667484,0.538655337,0.0,1520.0
0.8878930151823985,0.0,0.123486657,0.5540045025,0.0,1520.0
0.8850802462868267,0.0,0.1207713975,0.5278057305,0.0,1520.0
0.8672045622624103,0.0,0.11657072299999999,0.5197304385,0.0,1520.0
0.8059096785192528,0.0,0.09951885399999999,0.47162503,0.0,1520.0
0.7704107297950041,0.0,0.10561895499999999,0.4313815055,0.0,1520.0
0.7779225334765592,0.0,0.12362274766666666,0.444615919,0.0,1520.0
0.8514376212243145,0.0,0.113740598,0.44590411,0.0,1520.0
0.88049058416296,0.0,0.10560581299999999,0.42206582000000004,0.0,1520.0
0.8756012292298967,0.0,0.1025941735,0.324000004,0.0,1520.0
0.880071746328846,0.01612103,0.104805335,0.272592898,0.0,1520.0
0.8793643875538967,0.020959164000000002,0.09217944,0.2102686535,0.0,1520.0
0.8792281549099746,0.008862311500000001,0.088663993,0.1836208525,0.0,1520.0
0.8876907786049895,0.0,0.089903804,0.20885904049999998,0.0,1520.0
0.8935209470346542,0.0,0.089351228,0.246643621,0.0,1520.0
0.8900742877788395,0.0,0.086466669,0.24890729649999999,0.0,1520.0
0.8733743734972941,0.0,0.078522171,0.2382844915,0.0,1520.0
0.8147402288913874,0.0,0.07361300100000001,0.2090647355,0.0,1520.0
0.7800577144046619,0.0,0.0718730035,0.2007242905,0.0,1520.0
0.7772319185403582,0.0,0.0736180385,0.252530888,0.0,1520.0
0.8306851829726418,0.0,0.07711209,0.2926380555,0.0,1520.0
0.8863146967872175,0.0,0.0807279135,0.321752078,0.0,1520.0
0.8803653364392996,0.0,0.08430500699999999,0.3516743535,0.0,1520.0
0.8833174835837702,0.009143981,0.089021092,0.377104613,0.0,1520.0
0.8837130838941782,0.024163616,0.0909878935,0.38338555249999995,0.0,1520.0
0.8835320193453369,0.0070459195,0.0932190715,0.38120075200000003,0.0,1520.0
0.8920019662163189,0.0,0.1010682095,0.384039139,0.0,1520.0
0.898183513915329,0.0,0.0948118895,0.3563200345,0.0,1520.0
0.8903701781637334,0.0,0.091922173,0.333126684,0.0,1520.0
0.8569729787536793,0.0,0.0926051815,0.355876213,0.0,1520.0
0.7971602942592346,0.0,0.101772646,0.378727279,0.0,1520.0
0.7849512947399182,0.0,0.091528139,0.3477199755,0.0,1520.0
0.781896128250903,0.0,0.08829637400000001,0.3239021325,0.0,1520.0
0.8369784581086859,0.0,0.088516395,0.3162253235,0.0,1520.0
0.8938423286369805,0.0,0.081825906,0.299039766,0.0,1520.0
0.8874846458166061,0.0,0.0794437095,0.2771121615,0.0,1520.0
0.8907643704235735,0.008590933,0.085146334,0.27732705,0.0,1520.0
0.8909363282865699,0.0234099275,0.08208668699999999,0.307565212,0.0,1520.0
0.890790471879618,0.0080260435,0.077855271,0.309961277,0.0,1520.0
0.898317164924795,0.0,0.07499376699999999,0.266893113,0.0,1520.0
0.9043750605240564,0.0,0.070883421,0.233794879,0.0,1520.0
0.9018623133162775,0.0,0.0698627295,0.2489345155,0.0,1520.0
0.8866556072756192,0.0,0.0720743825,0.26330068900000003,0.0,1520.0
0.8209937888107107,0.0,0.07286621700000001,0.2672359695,0.0,1520.0
0.7834430643751648,0.0,0.073802144,0.27290931949999997,0.0,1520.0
0.7791004941802941,0.0,0.0732309455,0.2876895795,0.0,1520.0
0.782700356778318,0.0,0.06945266550000001,0.29210362349999996,0.0,1520.0
0.808450944065612,0.0,0.071168776,0.30029445600000004,0.0,1520.0
0.845091111210168,0.0,0.0767187285,0.302598105,0.0,1520.0
0.8540976797829494,0.039452962,0.0730120995,0.298322034,0.0,1520.0
0.852128924658895,0.0662384635,0.077859028,0.31840762050000004,0.0,1520.0
0.8580999262813626,0.00340557,0.0844307105,0.3175373345,0.0,1520.0
0.8774681145213821,0.0,0.089446855,0.310077994,0.0,1520.0
0.8800756897457787,0.0,0.086639581,0.305788726,0.0,1520.0
0.8731903512294421,0.0,0.082695341,0.3095788235,0.0,1520.0
0.834380178393967,0.0,0.0851214185,0.33303806950000003,0.0,1520.0
0.7895433743715653,0.0,0.09334818750000001,0.3405193385,0.0,1520.0
0.778023871017661,0.0,0.0953748045,0.409126895,0.0,1520.0
0.7792184890679914,0.0,0.099602297,0.44918042849999995,0.0,1520.0
0.7863336202490632,0.0,0.0972390015,0.4613136015,0.0,1520.0
0.8166389431909725,0.0,0.09469536,0.475465953,0.0,1520.0
0.8418831174634981,0.0,0.09706638649999999,0.4828745895,0.0,1520.0
0.8516063396956622,0.015486692,0.097663814,0.518787785,0.0,1520.0
0.8510246982029774,0.0322887205,0.0969438255,0.501290016,0.0,1520.0
0.8565318418878234,0.001851626,0.13138207,0.5719506169999999,0.0,1520.0
0.8755000637352339,0.0,0.159741346,0.643304076,0.0,1520.0
0.8724115435794555,0.0,0.177940604,0.668100271,0.0,1520.0
0.8514283263398812,0.0,0.196697298,0.6643403484999999,0.0,1520.0
0.8057052116947852,0.0,0.21787045700000002,0.6445571315,0.0,1520.0
0.7825266391647339,0.0,0.2814522065,0.6875825435,0.0,1520.0
0.7786920541618756,0.0,0.334487661,0.7315586635,0.0,1520.0
0.8325695788610223,0.0,0.336353666,0.732229884,0.0,1520.0
0.8884707601514865,0.0,0.32500065300000003,0.7196585895000001,0.0,1520.0
0.8810842903731226,0.0,0.307964274,0.7169113815,0.0,1520.0
0.8838462653450401,0.004971246,0.290664007,0.707701378,0.0,1520.0
0.8834672358890742,0.021475903,0.27335959099999996,0.6665979305,0.0,1520.0
0.8828265384921821,0.012576055,0.249646343,0.617704378,0.0,1520.0
0.8904280607966749,0.0,0.23270881799999998,0.574072495,0.0,1520.0
0.8956179076013797,0.0,0.200114434,0.520335583,0.0,1520.0
0.8860102155431744,0.0,0.1684729125,0.4548532105,0.0,1520.0
0.8524339698734589,0.0,0.1394055595,0.40391470650000005,0.0,1520.0
0.791010669042374,0.0,0.121455439,0.307938937,0.0,1520.0
0.7785883304794248,0.0,0.106354614,0.26243684,0.0,1520.0
0.7754752116427085,0.0,0.0875768025,0.21258915350000002,0.0,1520.0
0.8303374188668774,0.0,0.070475926,0.20314528050000003,0.0,1520.0
0.8861981809153368,0.0,0.0551079955,0.182805047,0.0,1520.0
0.8802104199272165,0.0,0.0506938,0.15641346,0.0,1520.0
0.8838772956033171,0.020467741499999997,0.058880427,0.1892367465,0.0,1520.0
0.8829554479601371,0.041959598,0.0639735995,0.219123897,0.0,1520.0
0.8841792889995761,0.0023842605,0.0781841975,0.2207088235,0.0,1520.0
0.8948936959867277,0.0,0.0788905605,0.216944197,0.0,1520.0
0.8919177013925615,0.0,0.07874716600000001,0.2360979815,0.0,1520.0
0.8748123751516123,0.0,0.08714746000000001,0.2492376235,0.0,1520.0
0.8377021535840199,0.0,0.098079368,0.243524139,0.0,1520.0
0.7859201573291179,0.0,0.0941654125,0.283078993,0.0,1520.0
0.7744176474949243,0.0,0.099552683,0.2528412935,0.0,1520.0
0.7893555027860748,0.0,0.09727411550000001,0.218470309,0.0,1520.0
0.8567153949096935,0.0,0.099770061,0.2016122,0.0,1520.0
0.8865791817671467,0.0,0.10001668150000001,0.1911699335,0.0,1520.0
0.8803601725451426,0.0,0.0981029665,0.2151693615,0.0,1520.0
0.8838521804704391,0.015161501499999999,0.09299832050000001,0.2539857775,0.0,1520.0
0.8834136255516616,0.026122313,0.0896606625,0.29703307850000005,0.0,1520.0
0.8848100340674647,0.002531499,0.10461227000000001,0.3644466,0.0,1520.0
0.894987678672809,0.0,0.113356256,0.421356238,0.0,1520.0
0.8963857772244403,0.0,0.1127317125,0.4698378055,0.0,1520.0
0.8890985481256088,0.0,0.1056586795,0.501613503,0.0,1520.0
0.8565287906947631,0.0,0.1067277655,0.5075285755000001,0.0,1520.0
0.7967947850898952,0.0,0.100112744,0.489913806,0.0,1520.0
0.7836385173625925,0.0,0.1043964185,0.5075577405,0.0,1520.0
0.7798380850889424,0.0,0.100390038,0.522781009,0.0,1520.0
0.8360220125622283,0.0,0.10546838850000001,0.535655866,0.0,1520.0
0.8918683158320975,0.0,0.11064409250000001,0.5204925045,0.0,1520.0
0.8849295545516922,0.0,0.113028063,0.5131709655,0.0,1520.0
0.8886199494241367,0.007936329,0.114489906,0.520332946,0.0,1520.0
0.8889801071259753,0.0377654115,0.0997545045,0.52453443,0.0,1520.0
0.8891057775149038,0.013744528,0.09686917149999999,0.47847052599999995,0.0,1520.0
0.8976557178519811,0.0,0.10216062949999999,0.4641349505,0.0,1520.0
0.9036554966642435,0.0,0.107883152,0.487633799,0.0,1520.0
0.9011641087457537,0.0,0.11286304250000001,0.506022437,0.0,1520.0
0.8858392436907223,0.0,0.1184770775,0.5319256335,0.0,1520.0
0.8242594776169783,0.0,0.129914684,0.5553958205,0.0,1520.0
0.7890749396443533,0.0,0.134458164,0.5704114155,0.0,1520.0
0.786517665650961,0.0,0.13262620149999998,0.5439589155,0.0,1520.0
0.841189278662553,0.0,0.14188955749999999,0.522280336,0.0,1520.0
0.8997548842812304,0.0,0.16061452450000002,0.5129870205,0.0,1520.0
0.8943475915145289,0.0,0.1794009065,0.5329129745000001,0.0,1520.0
0.8961297421110305,0.005660968,0.183366963,0.540969033,0.0,1520.0
0.8957029705497153,0.018287715,0.1750920075,0.488732359,0.0,1520.0
0.896372022471134,0.006916897,0.188430078,0.4420831905,0.0,1520.0
0.9076804170284642,0.0,0.2114899765,0.4664224135,0.0,1520.0
0.9155842612951902,0.0,0.20816979949999997,0.4915131105,0.0,1520.0
0.9073396006393568,0.0,0.2079311545,0.49550206799999996,0.0,1520.0
0.870510200439456,0.0,0.21563562400000003,0.48826749849999995,0.0,1520.0
0.8024895193128383,0.0,0.183928535,0.358709664,0.0,1520.0
0.7924220531013297,0.0,0.1991665445,0.380552618,0.0,1520.0
0.7889647374912272,0.0,0.2184112585,0.435173461,0.0,1520.0
0.7902225661953318,0.0,0.2233809295,0.458953776,0.0,1520.0
0.812351837808641,0.0,0.2201567095,0.429290814,0.0,1520.0
0.84880305357049,0.0,0.2087635195,0.3986093345,0.0,1520.0
0.858391873561946,0.006704804,0.195582419,0.384485946,0.0,1520.0
0.857843750800567,0.019497017999999998,0.187633625,0.35702702,0.0,1520.0
0.8584186321499385,0.006094731000000001,0.1774578645,0.307403451,0.0,1520.0
0.8737488492977152,0.0,0.166826566,0.284819728,0.0,1520.0
0.8839852678220067,0.0,0.155746104,0.2546767875,0.0,1520.0
0.8770079655340133,0.0,0.1434943045,0.216348687,0.0,1520.0
0.8371338441793732,0.0,0.1141323195,0.201524507,0.0,1520.0
0.8001296228093818,0.0,0.096228747,0.185472634,0.0,1520.0
0.788078426868533,0.0,0.084949984,0.1504953295,0.0,1520.0
0.7829733385181024,0.0,0.0746119315,0.130898846,0.0,1520.0
0.7865522873135288,0.0,0.059733065,0.114319511,0.0,1520.0
0.8115343944265276,0.0,0.0523149505,0.1146436915,0.0,1520.0
0.8486898705643076,0.0,0.044264925999999996,0.1063600375,0.0,1520.0
0.858187290129383,0.017467311,0.0372768345,0.0935254615,0.0,1520.0
0.8576781307282378,0.045196146,0.034364401,0.086108554,0.0,1520.0
0.8586327924521953,0.014546737,0.0402976255,0.090058872,0.0,1520.0
0.874412690119019,0.0,0.048279606,0.136280278,0.0,1520.0
0.8863272779566358,0.0,0.050622282000000005,0.187329173,0.0,1520.0
0.8804237355241813,0.0,0.053267699,0.2206630565,0.0,1520.0
0.8404609360576245,0.0,0.062860291,0.276257565,0.0,1520.0
0.8234196889350316,0.0,0.0968221435,0.42348574,0.0,1520.0
0.814258438316847,0.0,0.09541062,0.4762685095,0.0,1520.0
0.830126732110327,0.0,0.10732778800000001,0.5075427065,0.0,1520.0
0.9136470531939753,0.0,0.123745413,0.47171027050000003,0.0,1520.0
0.9174483304855396,0.0,0.136137056,0.450718802,0.0,1520.0
0.9090388947752912,0.0,0.14702540149999999,0.4483859605,0.0,1520.0
0.9051526476968188,0.011125787,0.15847713,0.46271776,0.0,1520.0
0.9036146547569706,0.042904282,0.190511337,0.476380534,0.0,1520.0
0.9030705688865741,0.016480577,0.213222986,0.512526573,0.0,1520.0
0.9113498277583073,0.0,0.24038948,0.507711283,0.0,1520.0
0.9168641539391125,0.0,0.254700661,0.521637965,0.0,1520.0
0.9132532363934451,0.0,0.2810871615,0.5326309215,0.0,1520.0
0.8943582006628583,0.0,0.317126038,0.561391144,0.0,1520.0
0.8502306805431584,0.0,0.340474852,0.611470926,0.0,1520.0
0.8006853041512745,0.0,0.33621309,0.6172406635000001,0.0,1520.0
0.7819146714390561,0.0,0.3751950035,0.7162661445,0.0,1520.0
0.793284070162392,0.0,0.4034165335,0.799662917,0.0,1520.0
0.858526791941972,0.0,0.431726635,0.835708829,0.0,1520.0
0.8857630529615519,0.0,0.458421438,0.8376982230000001,0.0,1520.0
0.8768488239323594,0.0,0.49417012,0.8696688665000001,0.0,1520.0
0.8790827208556687,0.006879505,0.537247622,0.890455089,0.0,1520.0
0.875286231686329,0.039877475499999995,0.527289463,0.857555318,0.0,1520.0
0.8732712366067874,0.0312051675,0.536900093,0.859378733,0.0,1520.0
0.8779222080159661,0.0,0.521128916,0.851260448,0.0,1520.0
0.879702950874522,0.0,0.47968850949999997,0.8564387105,0.0,1520.0
0.8665330690739208,0.0,0.4408328345,0.8764467935,0.0,1520.0
0.8273329756488903,0.0,0.4312471075,0.8836749405,0.0,1520.0
0.7761559525096731,0.0,0.404278401,0.863566838,0.0,1520.0
0.7637208214446717,0.0,0.433478669,0.8442422675,0.0,1520.0
0.7616859213945004,0.0,0.44371336650000004,0.858213414,0.0,1520.0
0.8148546326874162,0.0,0.4382876605,0.8841658705,0.0,1520.0
0.8734472313607662,0.0,0.4203366505,0.8624229155,0.0,1520.0
0.868653689516998,0.0,0.408445628,0.8060273585,0.0,1520.0
0.8709354232701954,0.030644301,0.393308266,0.758083956,0.0,1520.0
0.870670046066394,0.16406066349999998,0.3028408975,0.674461515,0.0,1520.0
0.873264241684172,0.0749845815,0.264055761,0.6038033309999999,0.0,1520.0
0.8867813245578837,0.0,0.201912971,0.483872905,0.0,1520.0
0.8949589955823083,0.0,0.1216913785,0.3284510775,0.0,1520.0
0.8885054990473942,0.0,0.06843962549999999,0.199849411,0.0,1520.0
0.8552980488320028,0.0,0.059102225499999994,0.14461565599999998,0.0,1520.0
0.7904709492541784,0.0,0.06920387850000001,0.14057578199999998,0.0,1520.0
0.7783134711304682,0.0,0.075108322,0.173925944,0.0,1520.0
0.8146624261777413,0.0,0.08061070466666666,0.20000671300000003,0.0,1520.0
0.8874632393213588,0.0,0.082469546,0.199332382,0.0,1520.0
0.8801194884341955,0.0,0.0885568325,0.214038371,0.0,1520.0
0.8837135065594465,0.004488469,0.092394381,0.228912455,0.0,1520.0
0.8807058711557689,0.0241774445,0.081674068,0.2989734125,0.0,1520.0
0.8788232125091748,0.014473761,0.09443286649999999,0.3175426725,0.0,1520.0
0.8864488170426654,0.0,0.10268490999999999,0.28067775500000003,0.0,1520.0
0.892752185187721,0.0,0.098010708,0.26337988,0.0,1520.0
0.8889683240811355,0.0,0.092739179,0.24211110149999998,0.0,1520.0
0.8719679654465291,0.0,0.089499001,0.227583002,0.0,1520.0
0.8135442728178708,0.0,0.080703835,0.216301031,0.0,1520.0
0.7783973608075379,0.0,0.074956842,0.2121759775,0.0,1520.0
0.7742116084932128,0.0,0.08278478,0.249354011,0.0,1520.0
0.787943367808499,0.0,0.08662045800000001,0.29698649099999996,0.0,1520.0
0.8532090219924788,0.0,0.086594327,0.354918288,0.0,1520.0
0.8826066509504923,0.0,0.088063619,0.391310416,0.0,1520.0
0.8758008838602271,0.0,0.0822656905,0.386573463,0.0,1520.0
0.8801130574821008,0.016202157999999998,0.0721557475,0.3673952085,0.0,1520.0
0.8791943551312752,0.04881515,0.058544315,0.306225051,0.0,1520.0
0.8786696571543238,0.0172070325,0.053604196,0.2474007405,0.0,1520.0
0.8829627711361041,0.0,0.056410598,0.201137402,0.0,1520.0
0.8925115482827322,0.0,0.055925670999999996,0.16844589399999998,0.0,1520.0
0.8909407878428204,0.0,0.047795203,0.11670830800000001,0.0,1520.0
0.8748123751516123,0.0,0.06224104,0.14017976199999999,0.0,1520.0
0.8117849836605204,0.0,0.096841681,0.241251775,0.0,1520.0
0.774195670698806,0.0,0.134703338,0.35673477649999996,0.0,1520.0
0.7708195924786909,0.0,0.2094007505,0.5098948935000001,0.0,1520.0
0.7738152566389402,0.0,0.30904399,0.647230092,0.0,1520.0
0.8004546192626669,0.0,0.4225430655,0.7376743244999999,0.0,1520.0
0.8347791118826959,0.0,0.48957050750000003,0.7973421075,0.0,1520.0
0.8460322526474988,0.005497509,0.537527536,0.817845483,0.0,1520.0
0.8418413836449751,0.0410663925,0.547352255,0.7984372230000001,0.0,1520.0
0.837691450023774,0.028572074,0.5572734340000001,0.76303722,0.0,1520.0
0.8531449897674583,0.0,0.554528895,0.715062976,0.0,1520.0
0.8642129818864793,0.0,0.5537768435,0.6979853655,0.0,1520.0
0.858834559471,0.0,0.5450542865,0.661991016,0.0,1520.0
0.8211132627142245,0.0,0.5190390805,0.6459136050000001,0.0,1520.0
0.7827933303198092,0.0,0.456266841,0.63997916,0.0,1520.0
0.7711305521934093,0.0,0.43294083,0.617103645,0.0,1520.0
0.7667667161832992,0.0,0.3661756185,0.533701939,0.0,1520.0
0.7701828381861091,0.0,0.317452906,0.440234749,0.0,1520.0
0.7769644292607046,0.0,0.2606944205,0.32696173650000004,0.0,1520.0
0.8090974155952732,0.0,0.218109916,0.269703917,0.0,1520.0
0.8345366911552066,0.0,0.18848271049999998,0.2314315365,0.0,1520.0
0.8455129539692507,0.00801256,0.155981328,0.200060234,0.0,1520.0
0.8453294009473806,0.0478572725,0.129303141,0.205092429,0.0,1520.0
0.8453597740737095,0.016179535000000002,0.099070906,0.1860141025,0.0,1520.0
0.8542957856827039,0.0,0.098494017,0.204467055,0.0,1520.0
0.8694938067649185,0.0,0.10054123000000001,0.21837673400000002,0.0,1520.0
0.8702225251417792,0.0,0.108527432,0.249670008,0.0,1520.0
0.8639702322803937,0.0,0.1287413805,0.3196383565,0.0,1520.0
0.8262162621228488,0.0,0.17406871699999998,0.400249443,0.0,1520.0
0.7966562990648687,0.0,0.214358288,0.435620678,0.0,1520.0
0.7840287899647902,0.0,0.21886905750000002,0.46543990550000003,0.0,1520.0
0.7809132061017131,0.0,0.23066796750000002,0.453938711,0.0,1520.0
0.8365708396615135,0.0,0.262796583,0.42943050299999996,0.0,1520.0
0.8945627375147076,0.0,0.2920032445,0.4673469135,0.0,1520.0
0.88771767787299,0.0,0.358926648,0.562527282,0.0,1520.0
0.89001588900658,0.006265785,0.429395711,0.640124474,0.0,1520.0
0.8882375405217586,0.0159342395,0.515025148,0.742095089,0.0,1520.0
0.8850743314740499,0.0063886425,0.6115285054999999,0.8343825455,0.0,1520.0
0.8903969367517259,0.0,0.7542646105,0.8446781114999999,0.0,1520.0
0.8937138418342938,0.0,0.844550576,0.862848127,0.0,1520.0
0.881799253996677,0.0,0.8840094705,0.929919466,0.0,1520.0
0.8452153263425703,0.0,0.8789455395,0.937312164,0.0,1520.0
0.7786910919106216,0.0,0.791167744,0.9347361860000001,0.0,1520.0
