Demand,Avail_Sol,Avail_Wind_On,Avail_Wind_Off,Hyd_In,HydRoR_In
0.7710736424183442,0.0011252827,0.639487072,0.8176700981,0.0,0.0
0.9262430777584654,0.09288890649999999,0.8033785883333334,0.8768618306666666,0.0,0.0
0.8697362672170863,0.0,0.64625246,0.8783185022857144,0.0,0.0
0.6704710550821549,0.0,0.4766746420000001,0.7823907173333334,0.0,0.0
0.9189854190716972,0.164655919,0.3657639814545455,0.6526930017272726,0.0,0.0
0.8737192537921158,0.0,0.4959515648571428,0.6740140767142856,0.0,0.0
0.7641913073016895,0.0,0.8429655946999999,0.9048342823000001,0.0,0.0
0.940134991703459,0.05030774633333334,0.5314279483333334,0.7587359288333332,0.0,0.0
0.9007089019454868,0.0021657585714285714,0.16697590742857144,0.3400447505714285,0.0,0.0
0.706174619859768,0.0,0.35475107549999996,0.398920224875,0.0,0.0
0.9343576961662282,0.11405974877777779,0.3767758375555556,0.428462573,0.0,0.0
0.9039321464422265,0.0031758055714285714,0.14809008114285716,0.17782110599999998,0.0,0.0
0.6882328606610001,0.0,0.13046153314285713,0.1609529667142857,0.0,0.0
0.9283073617355279,0.06266331490909091,0.12127770409090911,0.18120324809090907,0.0,0.0
0.833463537701646,0.0,0.10452801411111111,0.15370845555555554,0.0,0.0
0.69110544725967,0.0,0.089630761375,0.12103833600000001,0.0,0.0
0.8150889445006914,0.19978188333333333,0.15082226783333333,0.336820144,0.0,0.0
0.8173073679904973,0.006471352428571429,0.346975866,0.5740564844285714,0.0,0.0
0.6813904595939574,0.0,0.17614557857142857,0.22358884471428572,0.0,0.0
0.7865965795940885,0.22883051844444444,0.11460837988888889,0.1980902791111111,0.0,0.0
0.8176404712177786,0.056236592125,0.27792090150000004,0.461852760625,0.0,0.0
0.7055376618192863,0.0,0.247020112,0.4342677728571428,0.0,0.0
0.9233842741279885,0.013022003800000001,0.1471863862,0.21647834919999998,0.0,0.0
0.9533837072375314,0.2374257765,0.09366585066666666,0.09798430333333334,0.0,0.0
0.9112440637348768,0.0,0.2589395738333333,0.23542993266666667,0.0,0.0
0.7731865260801084,0.0,0.7077827501818182,0.6991271449090909,0.0,0.0
0.941578161224306,0.33127660583333335,0.9076836101666667,0.9250934430000001,0.0,0.0
0.9015241737840516,0.005526820714285715,0.8640991805714286,0.9289338314285717,0.0,0.0
0.6858110610694987,0.0,0.6121705758571429,0.815510563,0.0,0.0
0.9086808343027833,0.0009606781999999999,0.40731777100000005,0.639844978,0.0,0.0
0.9395110015556793,0.0128278392,0.27129113660000004,0.49460006189999994,0.0,0.0
0.7271103113574462,0.0,0.1855943431,0.25710179499999997,0.0,0.0
0.9338597670939425,0.012606846799999998,0.13423140709999998,0.23026712079999995,0.0,0.0
0.8986822851247318,0.0,0.28706966600000006,0.4507726728333334,0.0,0.0
0.7672776841360719,0.0,0.39925946781818183,0.529710724,0.0,0.0
0.9470633542767697,0.05099485233333333,0.44556710322222215,0.6020055468888889,0.0,0.0
0.7976296154034384,0.0,0.478889306,0.6725369729999999,0.0,0.0
0.658578169436614,0.0,0.5042251493333333,0.7473845788333332,0.0,0.0
0.8042394408637396,0.025035833142857143,0.5571539165714287,0.7948787211428571,0.0,0.0
0.8162311018841778,0.006173428625,0.5565909847500001,0.7629901888749999,0.0,0.0
0.6856320597081896,0.0,0.4283335458,0.6742295742,0.0,0.0
0.8178409287580535,0.0913996225,0.499750389125,0.7484787822500001,0.0,0.0
0.8165766143684737,0.0,0.7323798558333333,0.8605195123333335,0.0,0.0
0.7012191456726689,0.0,0.8283524414285715,0.9151314077142857,0.0,0.0
0.9384571532502999,0.018983123909090908,0.914064192909091,0.9363720493636364,0.0,0.0
0.902205010391731,0.0,0.9269671771666667,0.9129563826666667,0.0,0.0
0.766185937648853,0.0,0.7956013633636364,0.9132214041818181,0.0,0.0
0.9244355899057584,0.06927173684615386,0.3912733586923076,0.6299960894615384,0.0,0.0
0.7881261032088344,0.00682107225,0.28994676083333326,0.3869949614166667,0.0,0.0
0.9485772824847404,0.21750881450000004,0.2144984841666667,0.36448497249999995,0.0,0.0
0.9063016384462065,0.0,0.26775034583333335,0.4271586168333333,0.0,0.0
0.7365652159178298,0.0,0.35015707766666665,0.4518394586666667,0.0,0.0
0.9469782345956254,0.04832536266666667,0.1868393891111111,0.2821479478888889,0.0,0.0
0.9059571869727209,0.0,0.0777401305,0.14714377466666667,0.0,0.0
0.7770609749483096,0.0,0.048286666181818184,0.05970423018181817,0.0,0.0
0.9508399909161095,0.22973027083333333,0.08578592366666667,0.13306274333333332,0.0,0.0
0.8922882359949784,0.016000280250000002,0.18164924999999998,0.28748425187500004,0.0,0.0
0.6842682807841902,0.00012401319999999998,0.21933205300000003,0.32727179850000004,0.0,0.0
0.8153239645303607,0.21179507800000003,0.2556913406,0.341884227,0.0,0.0
0.8127414452189097,0.0245674475,0.191114854125,0.27686548450000004,0.0,0.0
0.6887372979806551,0.00017126018181818183,0.056373950363636356,0.07726430918181819,0.0,0.0
0.8170332464578469,0.30132826149999997,0.036732289333333334,0.02359544466666667,0.0,0.0
0.8052854651917979,0.017862157125,0.182360902125,0.21341095975,0.0,0.0
0.7805332825475493,0.00011128740000000001,0.45566786430000006,0.6163839476,0.0,0.0
0.9533402075738636,0.05184162899999999,0.43363958066666664,0.6822480768888889,0.0,0.0
0.7618385985752568,0.0,0.18433994672727272,0.38250814918181814,0.0,0.0
0.9099107965619843,0.00032939825,0.37144307774999996,0.598158022,0.0,0.0
0.9478003715843178,0.05219513999999999,0.588925975142857,0.7973548444285715,0.0,0.0
0.8951336978353531,0.00027721399999999997,0.8549163373333334,0.9253856506666666,0.0,0.0
0.7463470210872418,0.0001620731818181818,0.8532544714545455,0.9310058731818182,0.0,0.0
0.9073147693758637,0.027900841,0.8869987922857143,0.8754172827142856,0.0,0.0
0.8541156060821341,0.00017319842857142857,0.897582534,0.9347388571428571,0.0,0.0
0.7078052948955993,0.0,0.84538641375,0.927605665375,0.0,0.0
0.9209041873165867,0.24903744755555554,0.737516441,0.8970303503333332,0.0,0.0
0.8659781035027809,0.0006968174285714286,0.5233089984285714,0.7401188847142858,0.0,0.0
0.6679460266941745,0.0,0.29481040025,0.52330864425,0.0,0.0
0.8406597285531695,0.021052797571428573,0.19989063,0.3592345127142857,0.0,0.0
0.9348409369753163,0.21422625566666664,0.18610119216666665,0.33559088016666666,0.0,0.0
0.891969703795375,0.0010123948333333333,0.2176379953333333,0.37534964533333337,0.0,0.0
0.6928611977966576,0.010004281166666667,0.23650690091666662,0.3807975540833333,0.0,0.0
0.8099920060026552,0.138440551875,0.5921336072500001,0.7054256878749999,0.0,0.0
0.7895790871756754,0.0,0.9050856285,0.9255974677500001,0.0,0.0
0.670122432104417,0.0005026219090909091,0.9193439180909092,0.9356083286363638,0.0,0.0
0.7995291491675562,0.2368954372222222,0.9032633177777777,0.9215346675555556,0.0,0.0
0.7118377298991817,0.0,0.6604854913636363,0.8261247776363636,0.0,0.0
0.9004729401514253,0.062049742,0.9083686506363636,0.9240155156363635,0.0,0.0
0.8885848688593135,0.001475876,0.9106554680000002,0.9366507365,0.0,0.0
0.7716285266678665,0.016929301249999997,0.8790113285,0.9351393891666667,0.0,0.0
0.9302349278770461,0.25788434837499996,0.690071295125,0.895571663125,0.0,0.0
0.8456455652876318,0.0,0.585490729,0.8420772157999998,0.0,0.0
0.7232013969064816,0.0,0.714463119,0.8757190612500001,0.0,0.0
0.9325717465309596,0.020891073222222223,0.8472361316666669,0.9271401641111111,0.0,0.0
0.8930804308842489,0.0010533761666666668,0.8003178746666667,0.9155691678333334,0.0,0.0
0.7495071478832908,0.0,0.8184847293333333,0.9160506226666665,0.0,0.0
0.9687855464096895,0.24636714188888892,0.7565609987777777,0.889479117111111,0.0,0.0
0.9288690435804402,0.0041383285,0.667872671,0.7551093058333332,0.0,0.0
0.7911923529300542,0.00033082272727272727,0.4791380410909092,0.7228586575454545,0.0,0.0
0.9758823000540607,0.1001176342857143,0.4699333868571429,0.6399164255714285,0.0,0.0
0.9439709723949319,0.0013672248333333333,0.3974252473333333,0.587196182,0.0,0.0
0.7554245041969677,0.00506846825,0.2718225945,0.5252188972499999,0.0,0.0
0.8598318159612074,0.10371080633333334,0.3710715528333333,0.6113573066666668,0.0,0.0
0.8523984652160648,0.0024080073333333334,0.49614125716666674,0.6957118263333334,0.0,0.0
0.7053650629939974,0.0,0.68192337875,0.78367340975,0.0,0.0
0.8342740140329086,0.15668317912500002,0.695260723875,0.8551185218749999,0.0,0.0
0.8542279424223214,0.0436946495,0.4813011975,0.722021922,0.0,0.0
0.8224801458927483,0.002868975090909091,0.23666186872727268,0.31968855900000004,0.0,0.0
0.9899172881090325,0.292244166,0.07845694142857143,0.07016440228571429,0.0,0.0
0.9495702511105447,0.007261813166666666,0.054297406,0.031446519,0.0,0.0
0.791965202963495,0.0,0.04996621611111111,0.028080279333333333,0.0,0.0
0.9918904674098757,0.1976334917142857,0.05944078142857143,0.07264526,0.0,0.0
0.9592435190608766,0.042882305,0.074914571,0.09216315800000001,0.0,0.0
0.84212303588221,0.03178036883333333,0.1904175539166667,0.2759326661666666,0.0,0.0
0.9883249758498892,0.405600315375,0.289681151625,0.42092356687500004,0.0,0.0
0.8144593932724182,0.0,0.31599992439999997,0.4509852618,0.0,0.0
0.9311833694315279,0.056763421499999994,0.394508281,0.5084197983333333,0.0,0.0
0.981567414032668,0.3124193608,0.4447951124,0.6162707973,0.0,0.0
0.7751384160847901,0.0,0.579281524125,0.729549526625,0.0,0.0
0.9326132649771854,0.0438316195,0.6244879226666668,0.7670159626666666,0.0,0.0
0.9887299371574766,0.225998604625,0.526103043125,0.7679653795,0.0,0.0
0.921658857830244,0.0,0.5044248165,0.7378294440000001,0.0,0.0
0.7351123468132097,0.0,0.3449873243,0.5390211407000001,0.0,0.0
0.853801824337203,0.16966271137499997,0.34944348575,0.5644861314999999,0.0,0.0
0.849306174731837,0.010025734,0.479749706,0.6437632878333334,0.0,0.0
0.6950357207735054,0.0,0.6849584238749999,0.781374313875,0.0,0.0
0.8337563905304041,0.0417782747,0.8863521051,0.9276650797,0.0,0.0
0.8268294990306272,0.006903737285714286,0.9119758457142858,0.8809668914285715,0.0,0.0
0.7729157936250171,0.0,0.9055944364444445,0.9099761945555556,0.0,0.0
0.9720798324252491,0.227347220875,0.861070499125,0.9351041524999999,0.0,0.0
0.9344784720634296,0.023545047166666666,0.6764876675,0.8973807708333333,0.0,0.0
0.7193253373265623,0.0,0.529787004,0.7812789898333333,0.0,0.0
0.9188635465720831,0.0649667615,0.39164565283333336,0.5833348903333334,0.0,0.0
0.9756439377208063,0.43598363883333335,0.29344452233333335,0.4738495490000001,0.0,0.0
0.9182958583136568,0.025160190428571427,0.3558521231428572,0.48094328057142854,0.0,0.0
0.7529434275349132,0.0,0.32425030214285716,0.4149799535714286,0.0,0.0
0.979360003467684,0.164032849,0.3903379815,0.49364301650000003,0.0,0.0
0.974726619746726,0.526816314375,0.5258606379999999,0.6331574170000001,0.0,0.0
0.8091116690415076,0.0,0.8634473056923078,0.8898811004615385,0.0,0.0
0.9848294156681409,0.05047060172727272,0.8825735497272728,0.9319304600909092,0.0,0.0
0.7968002867796986,0.0,0.5699134358,0.7865535551,0.0,0.0
0.9123900482611668,0.06408971549999999,0.5421411426666666,0.6799076993333334,0.0,0.0
0.9657450359252451,0.34078723183333337,0.6399715345,0.701432578,0.0,0.0
0.907467224673825,0.019549056714285716,0.36464686500000004,0.5604282921428572,0.0,0.0
0.6828985057252559,0.0,0.14144896512500002,0.20389965937500001,0.0,0.0
0.8348337082286589,0.19739664344444444,0.03799043444444445,0.05433474488888889,0.0,0.0
0.8408184691650796,0.025903031999999996,0.08987506216666667,0.12018350866666666,0.0,0.0
0.6915788564919056,0.0,0.21617444275,0.32729446475,0.0,0.0
0.8298263112938826,0.13644499699999998,0.3857431225,0.5906344388,0.0,0.0
0.8157583783879472,0.013120345,0.35382288525000005,0.551125394625,0.0,0.0
0.8314955291152554,0.0214729954,0.1432799305,0.1865929442,0.0,0.0
0.9727814887129954,0.12529962109999998,0.10576723910000001,0.17438101420000002,0.0,0.0
0.7530585665992868,0.0,0.194559202875,0.417646518875,0.0,0.0
0.9155502399442038,0.06411034833333333,0.3034390001666667,0.4682442114999999,0.0,0.0
0.9738613459402594,0.3823754361666667,0.23901298833333331,0.2917502805,0.0,0.0
0.9388179473916805,0.037525647333333335,0.14566224533333336,0.16603473683333334,0.0,0.0
0.7341692704318126,0.0,0.03916789783333333,0.05410452683333333,0.0,0.0
0.9293421194607848,0.0418033905,0.04573353166666667,0.08193871383333333,0.0,0.0
0.9769002664114126,0.2403409005,0.1115993025,0.11632164687499999,0.0,0.0
0.798549074979033,0.0,0.13253227350000002,0.1301979515,0.0,0.0
0.9203566342008461,0.053763140833333334,0.1616536155,0.18863439416666664,0.0,0.0
0.9826537481860992,0.36689960639999997,0.1395833108,0.1032930688,0.0,0.0
0.9327700908400689,0.065922294875,0.14020851612500002,0.127117391375,0.0,0.0
0.7617133013494808,0.0,0.057082810000000005,0.08161479814285713,0.0,0.0
0.9844258030938907,0.07629754799999999,0.06907339824999999,0.0535412415,0.0,0.0
0.98430946634521,0.35845747328571426,0.06408015828571427,0.05482337557142858,0.0,0.0
0.9145235759972765,0.0017481466666666669,0.14897319316666668,0.18333659466666666,0.0,0.0
0.7479522568268401,0.01914901409090909,0.298730913,0.48022204081818193,0.0,0.0
0.8593469291776104,0.43309495366666667,0.2917785236666667,0.37531643649999996,0.0,0.0
0.8537678432726162,0.03670604633333333,0.21740220966666668,0.2848480315,0.0,0.0
0.7201026771230943,0.0,0.11098597683333333,0.17624188783333336,0.0,0.0
0.7873716537323864,0.05035101616666667,0.18238832933333335,0.3640021895,0.0,0.0
0.8644931310772213,0.3743976602857143,0.41654370285714293,0.5906182557142857,0.0,0.0
0.8366393172438062,0.002312513,0.488618924,0.7723098253333333,0.0,0.0
0.8304668336937613,0.029260204899999996,0.49556604009999994,0.7772642081,0.0,0.0
0.9895908219029669,0.49951282133333347,0.49083862450000004,0.6735088148333334,0.0,0.0
0.9888582263185125,0.1297129564,0.4826901974,0.7599174138,0.0,0.0
0.7797081403937294,0.0,0.49604919433333333,0.8338689931111111,0.0,0.0
0.9668894125885414,0.1207108718,0.6811105974,0.9160411314000001,0.0,0.0
0.9914545811281886,0.463428406,0.7853323510000001,0.9134796648333333,0.0,0.0
0.9318936494674356,0.02222150014285714,0.867148841,0.91998393,0.0,0.0
0.7505985914389456,0.0,0.8182285896666667,0.8827687808333334,0.0,0.0
0.9705384214364852,0.131227066,0.7888330038,0.9014952004,0.0,0.0
0.992157382738316,0.46127207016666666,0.8212113548333333,0.9235020519999999,0.0,0.0
0.9315060648703731,0.027105908285714287,0.8276564094285713,0.9267467975714286,0.0,0.0
0.8344278272350582,0.04353990363636364,0.7950234591818183,0.9084578361818181,0.0,0.0
0.9848850564399703,0.29208825850000003,0.7681345131666667,0.862619365,0.0,0.0
0.9428464837145435,0.012556860000000001,0.752804346,0.9095868850000001,0.0,0.0
0.7393533161869605,0.0,0.6780983496666667,0.8232791315000001,0.0,0.0
0.9249432849025179,0.04219156583333333,0.6861931253333333,0.8154176529999999,0.0,0.0
0.9846144573735306,0.18581881916666665,0.7123126701666666,0.8298922910000001,0.0,0.0
0.9223805252774518,0.011821430714285713,0.6050155154285715,0.834850411,0.0,0.0
0.7312423294518449,0.014229897699999999,0.41835921740000004,0.6207456141000002,0.0,0.0
0.8489247862358978,0.24133163042857145,0.4991620551428571,0.5827817835714286,0.0,0.0
0.8447243550809175,0.020214695833333334,0.44199431933333333,0.5741011805,0.0,0.0
0.7150216096450099,0.0,0.41361363300000004,0.5323795533333333,0.0,0.0
0.8397536788697849,0.423103023375,0.5793803805,0.691202347875,0.0,0.0
0.8663207979670388,0.200798437,0.6280720195,0.77963920675,0.0,0.0
0.7540206878627523,0.0,0.6824580502222223,0.8451072012222222,0.0,0.0
0.921043494921562,0.008990174166666667,0.7999207801666666,0.8993676329999999,0.0,0.0
0.982534246319395,0.09509210616666665,0.6353597565000001,0.8127376568333332,0.0,0.0
0.9133230425350888,0.008016545142857143,0.46857708057142855,0.7316546685714285,0.0,0.0
0.7813304900242997,0.004272808444444444,0.12758605266666667,0.22498629177777774,0.0,0.0
0.9686703005237398,0.26620842459999994,0.2176499965,0.304620797,0.0,0.0
0.7938820740781254,0.0001419498181818182,0.44846803363636367,0.6019797776363637,0.0,0.0
0.9497666380788882,0.042804849199999995,0.3574473976,0.5805776220000001,0.0,0.0
0.9756325992229647,0.20263190533333333,0.19238007383333336,0.3149688948333333,0.0,0.0
0.9189529664508608,0.010914623142857143,0.15994214628571427,0.23311740728571426,0.0,0.0
0.8240281531870057,0.01138047190909091,0.11790374736363636,0.17977531963636365,0.0,0.0
0.9794140973679163,0.1365306755,0.135723128,0.1594946936666667,0.0,0.0
0.9152092240421931,0.021291981428571426,0.2117461954285714,0.2392724257142857,0.0,0.0
0.7031543777347213,0.0,0.1980809885,0.296771672,0.0,0.0
0.9617966795366716,0.1262202093,0.1772173832,0.3496353554999999,0.0,0.0
0.9643874535114848,0.051815172,0.0822424115,0.13093839716666666,0.0,0.0
0.7436833618260709,0.007383116666666666,0.15149007883333332,0.15849520358333336,0.0,0.0
0.843762273320529,0.15578722957142857,0.4802645428571428,0.5113262481428571,0.0,0.0
0.8295908971946563,0.010193292285714283,0.6993773640000001,0.767776804,0.0,0.0
0.7175399442176696,0.004872952454545454,0.5190024346363636,0.7123996967272727,0.0,0.0
0.8418310413396063,0.06442948200000001,0.4532175912222222,0.7297934028888888,0.0,0.0
0.7576508350705966,0.0,0.4831951770000001,0.6689133236666666,0.0,0.0
0.9550184227467603,0.115921964125,0.08919004225,0.1097458175,0.0,0.0
0.9238711669289285,0.020583957714285717,0.07923378942857141,0.07559213414285715,0.0,0.0
0.7069153303690782,0.0,0.17902623685714286,0.31456650942857145,0.0,0.0
0.9290989674360962,0.00782112725,0.2741237055,0.44437546550000007,0.0,0.0
0.9730136254024029,0.08035647700000001,0.31683234699999996,0.5336567436,0.0,0.0
0.7707534802908378,0.0,0.2470371235555555,0.3632186095555555,0.0,0.0
0.910529070254985,0.161855909,0.15188180966666667,0.1920547501666667,0.0,0.0
0.9682815894915944,0.41161926983333336,0.08194711366666667,0.0612498635,0.0,0.0
0.9137089812531973,0.031828507285714285,0.265721143,0.3407533814285714,0.0,0.0
0.7804726735914673,0.0063144172222222225,0.5657489942222222,0.7038508873333335,0.0,0.0
0.9807791371016346,0.21817894855555556,0.8697629893333334,0.8968414547777778,0.0,0.0
0.9099472122089435,0.013041410333333335,0.9247493193333334,0.9343865791666666,0.0,0.0
0.7464229251421853,0.0,0.9267393508571429,0.9355638487142857,0.0,0.0
0.9816568914425351,0.20766722654545455,0.9238748215454545,0.9341360235454546,0.0,0.0
0.9111073773948655,0.0131658275,0.9016813720000001,0.9348605775,0.0,0.0
0.7041882545251504,0.0,0.901948299,0.9353842128571429,0.0,0.0
0.8328336639392331,0.4027058554000001,0.9242533844,0.9321668146000001,0.0,0.0
0.8184084346562697,0.0375222735,0.87558642825,0.915630765375,0.0,0.0
0.7085971256253919,0.0005368430000000001,0.7495227367142858,0.8130749148571429,0.0,0.0
0.8372730365363091,0.56331333575,0.588013134125,0.55479253975,0.0,0.0
0.8343216881346086,0.16589914037500003,0.314046011625,0.324751422875,0.0,0.0
0.8007417293387363,0.02773651322222222,0.1320020653333333,0.18270166222222223,0.0,0.0
0.972727713353419,0.5947860727777778,0.3310419413333333,0.4875488651111112,0.0,0.0
0.8749874500296422,0.017420075857142857,0.6304076714285715,0.7635465254285714,0.0,0.0
0.7947929268692291,0.0332491705,0.7020827894999999,0.838094418875,0.0,0.0
0.9662269356635073,0.7011004297777778,0.3340775896666666,0.5242349324444444,0.0,0.0
0.8644424198765577,0.0315463455,0.17715225875,0.2791059265,0.0,0.0
0.8159290659546155,0.013385275714285714,0.31468401199999996,0.4546296971428572,0.0,0.0
0.9649185323285444,0.4399622088000001,0.517755536,0.6799555956,0.0,0.0
0.9629931277720006,0.17916696516666666,0.6126343861666667,0.8167249563333333,0.0,0.0
0.8299065034811333,0.0,0.6916152528,0.8497235352000001,0.0,0.0
0.7807895522874896,0.0034102385,0.529664110625,0.588582091,0.0,0.0
0.9685789344767974,0.20363594742857144,0.16392846642857142,0.19450744614285714,0.0,0.0
0.9685859204695809,0.09887880699999999,0.06453611740000001,0.08541551680000001,0.0,0.0
0.7483661036505238,0.0,0.03987621955555556,0.05782805988888889,0.0,0.0
0.944283834664344,0.0662438466,0.0898346756,0.22308454060000002,0.0,0.0
0.9708862456580342,0.15871889885714285,0.22602051314285715,0.44717454285714286,0.0,0.0
0.8997933779444295,0.011753426666666665,0.4250652675,0.6788696783333333,0.0,0.0
0.668267375031032,0.0,0.3655712741428572,0.6722856312857143,0.0,0.0
0.8102070183588455,0.1182548248,0.1796208457,0.42177621489999995,0.0,0.0
0.7993236700850155,0.018395726,0.1346153615,0.301491290875,0.0,0.0
0.7018206914627446,0.010491575875,0.10270920874999999,0.188679558625,0.0,0.0
0.8203350436756746,0.22503243614285715,0.063797625,0.09859004171428573,0.0,0.0
0.8317929487790398,0.0893198406,0.1132568762,0.14459023440000002,0.0,0.0
0.7488395133237271,0.0,0.1918149337,0.3272080549,0.0,0.0
0.9600786662190922,0.31028784499999995,0.1665562207777778,0.1962064115555556,0.0,0.0
0.9547571238661161,0.24841015025,0.16266634675,0.17383125725,0.0,0.0
0.7888545268606807,0.0011051481666666666,0.11728964166666667,0.17313787608333334,0.0,0.0
0.973003777380917,0.19740098639999998,0.17085569400000003,0.31236107240000005,0.0,0.0
0.910574827992074,0.02056140725,0.42113792250000004,0.6741177025,0.0,0.0
0.8071907362641167,0.013158105181818182,0.7150017201818182,0.864199765,0.0,0.0
0.9817712503059244,0.21987718380000004,0.8886023764000001,0.9201881253000002,0.0,0.0
0.7843997678359999,0.0007398851818181818,0.8544032096363636,0.9234597809999999,0.0,0.0
0.9719707066118044,0.07563268000000001,0.7479260868,0.8938075835999999,0.0,0.0
0.9813526577066348,0.21694079112499998,0.586336634625,0.72607934625,0.0,0.0
0.8645869281071267,0.00435672375,0.29214774,0.560037819,0.0,0.0
0.8142132389625785,0.039970735699999996,0.1676955779,0.32660137930000005,0.0,0.0
0.9716787687038437,0.5527555564,0.1918619986,0.23914632939999997,0.0,0.0
0.7550052478877703,0.004075626749999999,0.4658183006666667,0.5274690820833333,0.0,0.0
0.833373617432867,0.28138307900000004,0.5286331652222223,0.5967032376666667,0.0,0.0
0.8549726002567599,0.11682229225,0.3583007075,0.540718755,0.0,0.0
0.669144412693443,0.00020967249999999997,0.2395795817,0.42057164789999996,0.0,0.0
0.7185438126557584,0.10601893200000001,0.3496064056,0.5628316674,0.0,0.0
0.7766281585944627,0.44057275916666666,0.4296866590000001,0.6354250673333334,0.0,0.0
0.7747531828188345,0.16748416125,0.3922045665,0.57444538775,0.0,0.0
0.6776936099563351,0.0,0.311737904125,0.45416520574999997,0.0,0.0
0.8491875902665813,0.18062554360000002,0.20693726620000003,0.3621878424,0.0,0.0
0.8974208793606392,0.6588063502857143,0.0916113502857143,0.1526219142857143,0.0,0.0
0.876046087219066,0.09169784574999999,0.05484792775,0.0672567065,0.0,0.0
0.7282525376954254,0.0026050094166666666,0.4627779514166667,0.5604849684166666,0.0,0.0
0.9008833300460021,0.09172924819999999,0.40559216630000006,0.6956131325999999,0.0,0.0
0.7107355780082153,0.002081168,0.481561516,0.8171141233333333,0.0,0.0
0.8740369701445344,0.33103237216666664,0.44946311199999994,0.7140593786666667,0.0,0.0
0.8713669762819408,0.2791535713333333,0.18021345633333333,0.3027913846666667,0.0,0.0
0.8043946360214228,0.009789698999999999,0.347577242,0.43218263325,0.0,0.0
0.6484332417958412,0.0,0.40588906642857153,0.6565447911428571,0.0,0.0
0.8595522955102822,0.15584926000000002,0.33975595700000005,0.5761215948,0.0,0.0
0.8891027804575231,0.21871500375,0.66303250875,0.792635509625,0.0,0.0
0.8067950633141162,0.029024382,0.8682232452499999,0.935777874,0.0,0.0
0.7158008244749116,0.0425093717,0.7743247327,0.9140217053,0.0,0.0
0.8874770373810044,0.722332692875,0.367744562125,0.5613702813750001,0.0,0.0
0.8492887219964693,0.12892887599999997,0.1509299508,0.170378203,0.0,0.0
0.6585501242764487,0.0,0.61833535025,0.6198918095,0.0,0.0
0.6296469232837343,0.044178725714285716,0.8100662232857142,0.8949363868571429,0.0,0.0
0.7394371539610581,0.5915832261428571,0.5292658645714285,0.8128167204285713,0.0,0.0
0.7214939358257544,0.1344407075,0.285699650875,0.53125103625,0.0,0.0
0.6149531934250432,0.017070934875,0.23040863162500003,0.352103600125,0.0,0.0
0.7116342709672894,0.644059727125,0.11330160824999999,0.2898845165,0.0,0.0
0.7131397086134931,0.3517266335,0.10123660875,0.200942477,0.0,0.0
0.689686082423127,0.012514991833333334,0.15990468933333338,0.23074273741666665,0.0,0.0
0.8602829442371621,0.5442189684285715,0.10569200114285714,0.1674994497142857,0.0,0.0
0.8548452026324249,0.45628711899999996,0.150859665,0.35753759100000004,0.0,0.0
0.7567722682876847,0.011902140666666667,0.3425900278333333,0.5287833015,0.0,0.0
0.6711385688082644,0.00038454783333333333,0.6293413015,0.8097558708333334,0.0,0.0
0.8830295469770916,0.2934910691111111,0.7683744029999999,0.8889938134444445,0.0,0.0
0.8792644723542793,0.22098903475,0.7920201505,0.90261897475,0.0,0.0
0.7171206318021799,0.013137802416666669,0.8159710787500001,0.9145480021666668,0.0,0.0
0.8854638481738117,0.6964047178000001,0.7231937210999999,0.8291546202,0.0,0.0
0.8402202130351296,0.11508237950000001,0.77335583225,0.89839484975,0.0,0.0
0.7157907623768124,0.03246418572727273,0.780978431909091,0.9054543151818181,0.0,0.0
0.8767358195501567,0.658595731,0.825472829,0.9210611495714286,0.0,0.0
0.862045714194138,0.25316853600000006,0.8748925524000001,0.9350766392000001,0.0,0.0
0.6964182272402434,0.005959372454545455,0.8803864598181819,0.9360661746363637,0.0,0.0
0.8676809902169328,0.523521883625,0.7240449286249999,0.897094831875,0.0,0.0
0.804510592368958,0.137328291875,0.608565014125,0.829344985,0.0,0.0
0.6073975447065361,0.014450376374999999,0.417967357625,0.6808864589999999,0.0,0.0
0.7264744969634198,0.43596351625000007,0.20271966525000001,0.37428751650000003,0.0,0.0
0.7383381476629801,0.10618930019999999,0.11656902300000001,0.17351068179999998,0.0,0.0
0.6303949142619422,0.0052140119090909095,0.09339044572727273,0.137468402,0.0,0.0
0.7363478033921024,0.19769088050000003,0.048570112624999995,0.071177418375,0.0,0.0
0.7443694399947994,0.0665814244,0.0835699734,0.1519859636,0.0,0.0
0.6557617719062343,0.0,0.09214715475,0.11431658687499999,0.0,0.0
0.8243557789548597,0.07614609759999999,0.11130922480000001,0.12322267,0.0,0.0
0.8676513651696341,0.3253907013333334,0.09786059600000002,0.09438462511111112,0.0,0.0
0.7025231439171924,0.005686866181818182,0.16175398190909093,0.1905668188181818,0.0,0.0
0.8509253646542034,0.12152686225,0.17283735449999998,0.26991451775,0.0,0.0
0.8589466388742117,0.3672452449,0.23106859929999998,0.2905774149,0.0,0.0
0.6852652910506357,0.0004898591111111111,0.5004602885555555,0.6446700122222221,0.0,0.0
0.8152710630419321,0.2514438624285714,0.33582045842857144,0.5741535488571428,0.0,0.0
0.8362911429468545,0.6219805384285715,0.27258134985714283,0.31622939928571425,0.0,0.0
0.6991370634968846,0.014421342454545455,0.13815772736363638,0.17756397745454544,0.0,0.0
0.8214052435628961,0.21234617433333333,0.11182416833333332,0.10353908933333333,0.0,0.0
0.8371622397060875,0.7064781038000001,0.1340921802,0.18961159300000002,0.0,0.0
0.7500791406770683,0.02867912133333333,0.4163541776666666,0.47530406649999996,0.0,0.0
0.7049381277186177,0.08534293212499999,0.38467650849999996,0.554130970625,0.0,0.0
0.8385905250303166,0.8050731344285714,0.3245263018571429,0.6134997714285715,0.0,0.0
0.8088147117277166,0.24847589771428574,0.5187352092857143,0.8175330894285714,0.0,0.0
0.6057120755419841,0.0,0.44778549714285715,0.7771914778571428,0.0,0.0
0.6796563532889138,0.4044136792,0.34253289600000003,0.672055219,0.0,0.0
0.7118639858648699,0.6305719837777777,0.3142351812222222,0.5392236352222222,0.0,0.0
0.6420008159861711,0.019725172083333332,0.16548011399999998,0.27052455324999997,0.0,0.0
0.7234207309570224,0.5213081774545454,0.10079640254545455,0.12954805981818182,0.0,0.0
0.6693850166334897,0.012261406363636363,0.5373764044545454,0.727468546090909,0.0,0.0
0.8471833529771835,0.476139042125,0.572579158875,0.790699699,0.0,0.0
0.8532955011012279,0.39030371485714294,0.7690126881428572,0.8772607105714286,0.0,0.0
0.6699718022259747,0.0,0.576406465,0.8310938235555555,0.0,0.0
0.8510647453624027,0.0710624948,0.7423752023999999,0.8622795719999999,0.0,0.0
0.8697117059720643,0.3844302708749999,0.83035625925,0.9266492624999999,0.0,0.0
0.8034240319358372,0.03451532875,0.6028814325,0.8704667632499999,0.0,0.0
0.6469730624313341,0.0,0.2809001632857143,0.5629340905714285,0.0,0.0
0.8690985050056899,0.19446858828571426,0.17460981642857143,0.30391051257142854,0.0,0.0
0.8747895908429951,0.48495470983333333,0.5713706519999999,0.7119526161666666,0.0,0.0
0.7045989340387121,0.010884038363636363,0.41975081300000006,0.6900367851818182,0.0,0.0
0.8550377781346203,0.22425267999999998,0.3328715744,0.5789296866,0.0,0.0
0.8759394234147089,0.534615497375,0.571517921375,0.691044378125,0.0,0.0
0.7569897792817851,0.027957735999999997,0.5840565698333333,0.8201123100000002,0.0,0.0
0.7146056731013152,0.09150758275000001,0.541493689125,0.7980231568749999,0.0,0.0
0.8657086278886976,0.6149677080000001,0.28368141022222226,0.4411338766666667,0.0,0.0
0.8138659026525129,0.044829718,0.06656718980000001,0.1591956036,0.0,0.0
0.6085515693140028,0.0,0.04375232528571429,0.075660119,0.0,0.0
0.6852239940363434,0.3204875498,0.04893224920000001,0.0651816556,0.0,0.0
0.7279508912270225,0.309640559,0.07869201512499999,0.17918730012499998,0.0,0.0
0.6464917983773522,0.006577562090909091,0.08228077072727272,0.1902120369090909,0.0,0.0
0.6863938304156354,0.2918515204,0.0325459938,0.1007029616,0.0,0.0
0.7299141534834065,0.41590973737500003,0.044128002624999996,0.07076210999999999,0.0,0.0
0.7164749872954134,0.02077004075,0.2334496615,0.32398065649999996,0.0,0.0
0.6610145304021006,0.00198826,0.552516382625,0.6888277535000001,0.0,0.0
0.8617346883552399,0.124933917,0.84549146725,0.9122203070000001,0.0,0.0
0.8655668361493846,0.21259134471428573,0.6855323532857142,0.8089330539999999,0.0,0.0
0.8538848397035683,0.036441317333333334,0.3747835643333333,0.6662406226666667,0.0,0.0
0.6465936718242064,0.0,0.41061448244444443,0.6067486225555556,0.0,0.0
0.8171087294798467,0.2699623284,0.398857503,0.5800421227999999,0.0,0.0
0.8247209504730317,0.1595480258,0.5065896992000001,0.5957706551999999,0.0,0.0
0.6487757950247437,0.000403417125,0.48657927624999997,0.7414306890000001,0.0,0.0
0.7582861919109107,0.284983495,0.3589742476,0.5685169666000001,0.0,0.0
0.8281705853353741,0.6775466926666667,0.5043917718333333,0.642272394,0.0,0.0
0.8156826804572829,0.2338547352,0.4054807926,0.6440104076000001,0.0,0.0
0.6444932634754531,0.000384735125,0.5657575146249999,0.73391076425,0.0,0.0
0.729603094549622,0.09475752875,0.36283700325,0.5763519415,0.0,0.0
0.8325010669540381,0.7103019585714286,0.4496456305714286,0.6006448744285714,0.0,0.0
0.7945759579975243,0.26780217500000003,0.339440557,0.5226183051428572,0.0,0.0
0.6340075014160753,0.00034120814285714285,0.17646906928571426,0.2913110874285714,0.0,0.0
0.7912475094265994,0.228985799,0.09757758899999999,0.185118123,0.0,0.0
0.8300743644757826,0.7695620989999999,0.084846127,0.13681806766666668,0.0,0.0
0.8119140143237569,0.3637755318,0.1182787612,0.1687286696,0.0,0.0
0.6198345940423039,0.022598345727272727,0.1421020890909091,0.19766333154545457,0.0,0.0
0.68395128356987,0.685123455090909,0.08100097145454545,0.14290842909090912,0.0,0.0
0.6606457542428598,0.05084913833333333,0.09862064416666667,0.12314468683333334,0.0,0.0
0.5841822719495532,0.1100664195,0.11051532524999999,0.11850573575000001,0.0,0.0
0.6860158208611284,0.7185466648000001,0.06240135840000001,0.11237728360000002,0.0,0.0
0.6664596483791689,0.05071737566666667,0.1972444416666667,0.24513906,0.0,0.0
0.6388083723838079,0.06305148814285715,0.3146202274285714,0.4264483028571429,0.0,0.0
0.8192592420348672,0.786158603,0.10983510225,0.304195846875,0.0,0.0
0.8059797572393155,0.3942342716,0.17754656559999998,0.282926223,0.0,0.0
0.6592414055514219,0.039081015545454546,0.27706438336363637,0.3207221008181818,0.0,0.0
0.8187060806294719,0.6719327145,0.2281296155,0.41533574925,0.0,0.0
0.8157403681515175,0.7451977625714286,0.45650896142857145,0.586290803,0.0,0.0
0.7750399475568188,0.08476157975000001,0.64309393375,0.77661673575,0.0,0.0
0.6145837864977165,0.000906705,0.6022769338571428,0.8073304238571428,0.0,0.0
0.7889737064046453,0.5191228946666667,0.39493637183333336,0.6774704108333333,0.0,0.0
0.8182735733100975,0.7865022033333333,0.6209985543333333,0.8224690026666668,0.0,0.0
0.7819116734324407,0.1305950548,0.7036182034,0.8775550348000001,0.0,0.0
0.624597256116689,0.017710337875,0.590066300875,0.7566578239999999,0.0,0.0
0.8034154823368129,0.41170728900000003,0.34065551624999996,0.6002113732500001,0.0,0.0
0.8181684835354214,0.5319686617142858,0.2922418351428572,0.5807000998571429,0.0,0.0
0.7426343513138506,0.03580777157142857,0.39014966085714287,0.5018897427142857,0.0,0.0
0.6180764456197811,0.017664276166666666,0.425565749,0.61933242,0.0,0.0
0.8152668749702302,0.681778808,0.16795396466666665,0.2519983681111111,0.0,0.0
0.7870442295926351,0.27617000171428574,0.08096817499999999,0.06146603028571428,0.0,0.0
0.5887363836110299,0.056253022,0.0720721832,0.0439944272,0.0,0.0
0.6861820435511367,0.521811442,0.07123339440000001,0.1302832369,0.0,0.0
0.6157142153119538,0.027070242272727273,0.196208344,0.33711968572727274,0.0,0.0
0.6240654001110999,0.2966431795,0.22095737499999998,0.35141011349999995,0.0,0.0
0.6872447259419756,0.682570074111111,0.3847293241111111,0.48864082277777776,0.0,0.0
0.6658374199723507,0.0566938655,0.54837645,0.6941456613333333,0.0,0.0
0.6386854193015331,0.06920702642857143,0.46332586785714286,0.6186628545714286,0.0,0.0
0.8233444592405648,0.77559909375,0.209709309625,0.333499019375,0.0,0.0
0.8090793262847059,0.38842596079999997,0.17912009480000002,0.3308794818,0.0,0.0
0.6450326117894062,0.0016589535555555555,0.17861448766666665,0.30337299999999995,0.0,0.0
0.7717525600665676,0.34812196274999996,0.09286245925,0.11723584925,0.0,0.0
0.8209654058339513,0.761735201,0.059416714625000006,0.10628028287499999,0.0,0.0
0.7830869870191459,0.1328746654,0.1374701114,0.2708755628,0.0,0.0
0.6246835118475021,0.020184688125,0.2491268945,0.306826033,0.0,0.0
0.8052105479340529,0.44889129075,0.2305442865,0.37338553175,0.0,0.0
0.8202633357783722,0.6885335776250001,0.362415979625,0.498253399375,0.0,0.0
0.7321045735439672,0.05922897333333333,0.39535029616666667,0.5500145186666666,0.0,0.0
0.6177336401208046,0.028451990166666666,0.2474224873333333,0.4745561200000001,0.0,0.0
0.8040385718696517,0.48111510124999995,0.202689914,0.42644988525000005,0.0,0.0
0.8169413696342109,0.7846374527142858,0.25351483957142856,0.5545128721428572,0.0,0.0
0.7814321937671389,0.1459512074,0.3279063988,0.4893465248,0.0,0.0
0.624434351499329,0.01587251125,0.26756742637500003,0.38913419387500003,0.0,0.0
0.8115321048072914,0.45133622599999995,0.18073349525000001,0.31357835216666663,0.0,0.0
0.7738432829152688,0.06410324675000001,0.0885483305,0.185237814,0.0,0.0
0.5798448433855274,0.003450036142857143,0.06302616714285715,0.09747451399999998,0.0,0.0
0.6465601415687531,0.4411576341666667,0.045278200500000004,0.03533052133333333,0.0,0.0
0.6851807446182849,0.5779124138571429,0.068061834,0.045912221857142846,0.0,0.0
0.6156940114388519,0.031167959181818184,0.0819565870909091,0.07811950054545454,0.0,0.0
0.6236120674647212,0.3850122965,0.061645558249999996,0.05202531975,0.0,0.0
0.6873289287381987,0.7391969116249999,0.093373417625,0.08351973887500001,0.0,0.0
0.6600355996044531,0.101255296875,0.20401964925,0.220769062,0.0,0.0
0.6455734441501724,0.08287570999999999,0.21998630500000002,0.2748814426666667,0.0,0.0
0.8187750029599893,0.54027557025,0.27975954937499997,0.359257426875,0.0,0.0
0.8056512345211931,0.2579484394,0.38184991360000003,0.4176651168,0.0,0.0
0.659869883734155,0.04250119154545454,0.3049735030909091,0.3865356713636363,0.0,0.0
0.81779470626808,0.651944356,0.08082254670000003,0.1323266121,0.0,0.0
0.7427766568408966,0.09253435971428571,0.06887768542857144,0.1436625857142857,0.0,0.0
0.6384554823884857,0.07808074457142856,0.05229419771428572,0.045746766571428565,0.0,0.0
0.822384130604392,0.73795774875,0.049976096,0.057739373749999996,0.0,0.0
0.8084357224112599,0.3615082838,0.09737222760000001,0.1973451134,0.0,0.0
0.6473893254870812,0.000979362625,0.14804277412500003,0.21511118012500002,0.0,0.0
0.7227673636400886,0.259088181,0.17427216775,0.21175865724999998,0.0,0.0
0.8244444383834838,0.8427960820000001,0.2756741401428571,0.25426914857142857,0.0,0.0
0.8074175287485964,0.4258192358,0.3220529108,0.33218315140000004,0.0,0.0
0.6449787693647272,0.007600522777777779,0.42223522066666663,0.464645049,0.0,0.0
0.7717545831800863,0.39619807975,0.28837673825,0.358590041,0.0,0.0
0.8199979335162177,0.7306004538888888,0.22016848155555557,0.34478087644444444,0.0,0.0
0.7763350122214859,0.091584977,0.18484475075,0.36841228625,0.0,0.0
0.5798964608123244,0.0072823197142857145,0.154955253,0.24378941671428572,0.0,0.0
0.6250934966214288,0.38335095350000004,0.08850035725,0.15584915900000001,0.0,0.0
0.688629896971708,0.7613513847500001,0.152109919125,0.24906536912500002,0.0,0.0
0.6510171809873817,0.09124455000000001,0.129565588125,0.18966992275000003,0.0,0.0
0.5695578976572707,0.06484238716666667,0.176646451,0.26507901516666665,0.0,0.0
0.6818027647832855,0.4339941063,0.3447421325,0.4587669469000001,0.0,0.0
0.6775257835801408,0.10439676819999999,0.46727957699999995,0.7028427448000001,0.0,0.0
0.6249984570150234,0.0160359955,0.530589314125,0.713662489375,0.0,0.0
0.8033462400011148,0.30537322325,0.41204472225,0.5222902105,0.0,0.0
0.8169104435638848,0.41148336125000007,0.203332558,0.320270243625,0.0,0.0
0.6757566136105004,0.037702692749999996,0.21431898341666664,0.44151186925000013,0.0,0.0
0.8104405266168794,0.3409832758,0.2173769238,0.40846703560000003,0.0,0.0
0.8217626706716795,0.4580695445714285,0.34488015485714285,0.4744229537142858,0.0,0.0
0.7790464356100424,0.09656838474999999,0.5568792017499999,0.701740638,0.0,0.0
0.6260329199618171,0.03267423825,0.53952095875,0.6916475135000001,0.0,0.0
0.8217104269548975,0.7371401958888889,0.4463122861111111,0.6540954656666667,0.0,0.0
0.8132398276680994,0.4237226479999999,0.429547014,0.5874975410000001,0.0,0.0
0.6522174552234569,0.0286555503,0.49269949129999996,0.6837616349,0.0,0.0
0.8065261520893598,0.523271291,0.47631761949999996,0.70423713425,0.0,0.0
0.8204078096729039,0.685460382,0.3894835576250001,0.44842129687500004,0.0,0.0
0.777108096244535,0.08917378549999999,0.39947835675,0.52658647225,0.0,0.0
0.6236339157009302,0.02572082,0.37126656112499995,0.51339185475,0.0,0.0
0.8181724262883686,0.6897829896666665,0.1526451892222222,0.19551352888888893,0.0,0.0
0.8114879991092584,0.4188823638,0.0840996514,0.2117698846,0.0,0.0
0.6128048905024781,0.05467946818181819,0.07162931527272726,0.12116924909090909,0.0,0.0
0.6925931680527104,0.7034996220909092,0.01799784318181818,0.05292285381818182,0.0,0.0
0.6151541419750466,0.043669704818181825,0.12719131509090909,0.18608473054545457,0.0,0.0
0.6504940459884964,0.4462235488333333,0.144023738,0.26906021250000006,0.0,0.0
0.6926590986827046,0.6582574664285714,0.2654830614285714,0.44060856771428564,0.0,0.0
0.6417006477944258,0.045891432749999995,0.39930023358333333,0.6725723775,0.0,0.0
0.8035816388073205,0.38356777524999996,0.405064574,0.61695010575,0.0,0.0
0.8190805927278307,0.736912391875,0.388513891875,0.5114578886250001,0.0,0.0
0.6772221049175018,0.0444869959,0.2175258378,0.3980013219,0.0,0.0
0.7210525588650145,0.26456684025,0.27488209425,0.50829128375,0.0,0.0
0.821346101503363,0.797353196375,0.18812786337500004,0.27441068949999997,0.0,0.0
0.803222454238078,0.35811907775,0.09780869325000001,0.20031050975,0.0,0.0
0.6482299659389541,0.0305762417,0.156898278,0.2928908284,0.0,0.0
0.8139183348751554,0.6916924421111111,0.08648835288888888,0.19556035166666666,0.0,0.0
0.8053578427421646,0.3862369618,0.1319502552,0.2127762064,0.0,0.0
0.6485740104635064,0.028675636400000003,0.1991701018,0.304070234,0.0,0.0
0.8171260368824441,0.7157882670000001,0.09654208766666666,0.18722795299999995,0.0,0.0
0.8079264610047735,0.4289251183999999,0.0829527064,0.1848508374,0.0,0.0
0.6462705269706207,0.00366043775,0.05562398675,0.14367358924999998,0.0,0.0
0.723440573271379,0.27662979275,0.014918686499999998,0.031879109499999995,0.0,0.0
0.8322948715529312,0.8061283562857143,0.018600472857142857,0.04573742442857143,0.0,0.0
0.8115094141539911,0.3443163146,0.061442897600000004,0.1302820502,0.0,0.0
0.6134359663868463,0.03033403072727273,0.08423071636363634,0.10757418100000002,0.0,0.0
0.687875887490771,0.466981074,0.04678580858333333,0.09810866725,0.0,0.0
0.6059548057610863,0.05420306883333334,0.054104819500000005,0.10737685083333333,0.0,0.0
0.682644092193734,0.2525851552,0.0844416025,0.17330383089999998,0.0,0.0
0.6408864181843549,0.03726776690909091,0.33571496445454546,0.519369613090909,0.0,0.0
0.7400786925972287,0.1801636282,0.5815282908,0.777677987,0.0,0.0
0.8167989106567164,0.4714758504999999,0.74666370375,0.873873780875,0.0,0.0
0.7797009756006255,0.0832101146,0.7331984674,0.8898777213999999,0.0,0.0
0.6234433106896748,0.025346054875,0.46850546875,0.7077563289999999,0.0,0.0
0.8117171434538714,0.311228507625,0.199700304875,0.30789809962500003,0.0,0.0
0.8051830475673949,0.25813812383333334,0.21282172233333332,0.29463266149999995,0.0,0.0
0.645910942371677,0.00320019175,0.30598007537500005,0.4271362565,0.0,0.0
0.7200104378298853,0.20311464375,0.3543857055,0.421023578,0.0,0.0
0.8163032142295309,0.6309097656,0.5212105381,0.5475201895999999,0.0,0.0
0.7729629063184655,0.07572139024999999,0.44781301675,0.60722979025,0.0,0.0
0.6135700459069746,0.002956329,0.3454568622857143,0.5961920901428571,0.0,0.0
0.7875710902214674,0.21339004933333336,0.5788921706666667,0.6921400481666667,0.0,0.0
0.8202454365766615,0.47546720525,0.7772390497499999,0.7976050245,0.0,0.0
0.7880352736166476,0.06230019314285714,0.7511522480000001,0.8348137628571427,0.0,0.0
0.6550596732595868,0.10230465089999999,0.3571030684,0.5501430398,0.0,0.0
0.8208153737535302,0.6550746747142858,0.2806924177142857,0.29702858557142864,0.0,0.0
0.8040529323748091,0.268701595,0.1650241966,0.174445901,0.0,0.0
0.6232911901707336,0.002617633625,0.08446797812499998,0.132040708625,0.0,0.0
0.5926076673627519,0.12336695724999999,0.06062904325,0.0758092225,0.0,0.0
0.6859210681092773,0.36692375675000005,0.163611343375,0.171057919,0.0,0.0
0.6800319580573463,0.0591834828,0.24904336879999994,0.38253495660000003,0.0,0.0
0.5887753778597246,0.0373744263,0.1814605951,0.39473913670000005,0.0,0.0
0.674560028962504,0.41839863624999996,0.35835859449999996,0.44799851650000005,0.0,0.0
0.683460816718487,0.5045829931250001,0.614836625625,0.739443634,0.0,0.0
0.6369561291088355,0.03087950590909091,0.35548705863636365,0.5953807201818182,0.0,0.0
0.811710627135813,0.20534285900000004,0.5801280836666667,0.6621363405555555,0.0,0.0
0.8053051417107933,0.18455707075,0.55302390925,0.75484715925,0.0,0.0
0.662099387309676,0.019592902545454545,0.6036379754545455,0.8297055047272728,0.0,0.0
0.8023502844001668,0.2653198965,0.71701004,0.8871299244999999,0.0,0.0
0.8150936383311608,0.653312674125,0.65869162625,0.82283803075,0.0,0.0
0.7726645974627899,0.10784611899999999,0.5335932845,0.78427374975,0.0,0.0
0.6233343437695883,0.008750440875,0.293228292,0.5370358831250001,0.0,0.0
0.8024841056505355,0.14523124599999998,0.52715467525,0.5732122835,0.0,0.0
0.816864872544483,0.39145647437500003,0.828213803,0.884420645875,0.0,0.0
0.731539426049685,0.020667658,0.7524038008333332,0.8676696643333335,0.0,0.0
0.6586142116915518,0.051181276,0.55506509575,0.7811685751250002,0.0,0.0
0.8185887550506878,0.5443470844,0.7842545536000001,0.8503805210000002,0.0,0.0
0.7285073787378652,0.0643096825,0.7995050125,0.9201608905,0.0,0.0
0.6579724914767743,0.11965855637499999,0.5639510623749999,0.8283495306249999,0.0,0.0
0.8163641492805269,0.6437252452999999,0.7030374552999998,0.7258844915000001,0.0,0.0
0.648698184462268,0.04585578445454546,0.8349428069090908,0.8434208802727272,0.0,0.0
0.6363655665948629,0.3495045492,0.6828506706,0.6594949438,0.0,0.0
0.6843481849351919,0.35006126649999997,0.633541999,0.6094137892,0.0,0.0
0.619149301644763,0.0038710008333333336,0.6175177541666667,0.6677334048333332,0.0,0.0
0.5814994671218408,0.08690789433333333,0.40852929733333326,0.4271750231666666,0.0,0.0
0.6855749742026512,0.5041222495999998,0.1937611774,0.24682735179999998,0.0,0.0
0.6357550628805023,0.033443490181818185,0.26032744536363633,0.36424430254545453,0.0,0.0
0.7801621125979414,0.3049767986,0.2351748572,0.30289441580000004,0.0,0.0
0.8186910960705485,0.6544602073749999,0.20298360149999997,0.281914389,0.0,0.0
0.7317802387769827,0.07832069066666666,0.19116174249999998,0.280069835,0.0,0.0
0.6372352395169746,0.0849371042857143,0.09650354171428573,0.13838340671428573,0.0,0.0
0.8235946025878731,0.7058888325,0.041910457400000004,0.06477664799999999,0.0,0.0
0.8062217967838201,0.2714236013333333,0.054596803,0.06501000933333333,0.0,0.0
0.6594293546563237,0.05192880954545454,0.0573720519090909,0.0806720490909091,0.0,0.0
0.8251901021369463,0.696827112875,0.056728550125,0.063142646,0.0,0.0
0.8093238895131047,0.3637676402,0.08622771679999999,0.09944149059999999,0.0,0.0
0.6597757096854072,0.05923132318181818,0.05184224499999999,0.08012571909090908,0.0,0.0
0.8259982873820663,0.67442814025,0.03691491775,0.10466687775,0.0,0.0
0.826817468230925,0.7602257020000002,0.117277699,0.2394927364285714,0.0,0.0
0.7803416374330585,0.13089295425,0.3095664505,0.5257224465,0.0,0.0
0.6244861746689581,0.033044534125,0.42028851725,0.70676738,0.0,0.0
0.8070025731197616,0.49836808850000003,0.38516192549999995,0.6324468495000001,0.0,0.0
0.8180111085277463,0.7737926585,0.277114513875,0.5542307958749999,0.0,0.0
0.7744684297118627,0.136699002,0.2121317035,0.48598075975000005,0.0,0.0
0.5790846114506826,0.014371413,0.17156596242857144,0.18763803642857144,0.0,0.0
0.6377991227684058,0.462441341,0.1002855614,0.091737658,0.0,0.0
0.6895988471565108,0.8668596446000001,0.120398657,0.16509829400000003,0.0,0.0
0.6820787968265745,0.45525888600000003,0.1853373082,0.4012101574,0.0,0.0
0.59540158141264,0.06009152145454546,0.18949874109090906,0.3253175328181818,0.0,0.0
0.6828796029413677,0.7071500244,0.10709470880000001,0.1771612582,0.0,0.0
0.6401586703011307,0.08635134563636365,0.10195859099999999,0.2413890149090909,0.0,0.0
0.7383662469085979,0.3444063772,0.1073136718,0.15203018340000002,0.0,0.0
0.8228717529123527,0.821334474875,0.18427945875,0.320195251625,0.0,0.0
0.7421907732819827,0.14043873542857144,0.28494630071428567,0.49116076585714286,0.0,0.0
0.6131419602796679,0.0470042725,0.2236428726666667,0.3652020978333333,0.0,0.0
0.8012844463045176,0.5349443380000001,0.12852668925,0.237332014,0.0,0.0
0.8222458631158648,0.7805600045000001,0.127623053875,0.22003702862499996,0.0,0.0
0.6844847051855631,0.05815439288888889,0.13304114566666667,0.230650158,0.0,0.0
0.6913257402308787,0.1498129858,0.06862640919999999,0.09911524799999999,0.0,0.0
0.8221137840902671,0.6326695598571429,0.08087507671428572,0.09330568128571429,0.0,0.0
0.8073589116625512,0.39610014450000003,0.165930822,0.19290898900000003,0.0,0.0
0.6610204390267964,0.012629735999999999,0.19133529355555556,0.30507033777777776,0.0,0.0
0.7154499654583327,0.070067878,0.22730826175000002,0.26818299125,0.0,0.0
0.8146949817592193,0.3569637411,0.3419621636,0.3730245386,0.0,0.0
0.771537643747234,0.060895490499999996,0.439713491,0.5226465607499999,0.0,0.0
0.6206710573875153,0.02088924575,0.6261041453749999,0.5860002915,0.0,0.0
0.7991305962420573,0.45239738025,0.658526863,0.607467461,0.0,0.0
0.8144963461247693,0.7417616690000001,0.6790322735000001,0.6170824465,0.0,0.0
0.7710567193076847,0.1058036445,0.69527650075,0.7395768017500001,0.0,0.0
0.5845907593638138,0.0976306034,0.7123721626,0.7277495085,0.0,0.0
0.6889861268840446,0.710252139,0.5147357602,0.5716071109,0.0,0.0
0.6141585520677624,0.044436134818181816,0.3499689874545455,0.5344823317272728,0.0,0.0
0.6210777960309672,0.32909037225,0.15646979349999998,0.21018993675,0.0,0.0
0.691727684601455,0.6825048562222222,0.21137705533333334,0.2527706757777778,0.0,0.0
0.6728918009628815,0.099133362,0.49021828040000004,0.6453696192,0.0,0.0
0.6325096319995015,0.034700165500000005,0.68030130625,0.79618348225,0.0,0.0
0.8132645844078907,0.5535974115454545,0.6383258218181819,0.6255389319090908,0.0,0.0
0.7710360197680042,0.06528946149999999,0.31601602175,0.48273506,0.0,0.0
0.620360026992775,0.01805447525,0.25674843575,0.4728808472499999,0.0,0.0
0.8000745001566416,0.37957507325000006,0.314340695,0.4451388545,0.0,0.0
0.8149303393881921,0.5224222565,0.252416248875,0.277019594875,0.0,0.0
0.7296920725138292,0.04382968883333333,0.15800571183333334,0.2673165748333333,0.0,0.0
0.614591126666267,0.019537223333333336,0.1852788548333333,0.28817221816666666,0.0,0.0
0.8185863334013082,0.50312267075,0.13349807591666668,0.25368420258333335,0.0,0.0
0.7532095795989328,0.068939533,0.06743879220000001,0.2001760102,0.0,0.0
0.6350314962510192,0.055244392749999996,0.049486737749999996,0.10757284112499998,0.0,0.0
0.8341883159070287,0.6736933584285715,0.04972198,0.11084519942857142,0.0,0.0
0.8003201743565198,0.30450703450000005,0.12575753425000002,0.27320058812500003,0.0,0.0
0.6151462681041061,0.006563378,0.1880629952857143,0.34527605914285714,0.0,0.0
0.7909871973354322,0.49337529183333334,0.19090332533333335,0.313276874,0.0,0.0
0.8242757853517914,0.7471113498571427,0.3431695782857142,0.4805137852857143,0.0,0.0
0.6490511771163002,0.043876668909090914,0.4059360628181818,0.5974450866363636,0.0,0.0
0.6433273013952759,0.27385749733333337,0.3562380368333333,0.4347287495,0.0,0.0
0.6845482916087284,0.5770976532500001,0.38194249625000004,0.41311085462499997,0.0,0.0
0.6183613720481833,0.01553916975,0.330596691375,0.45645645475,0.0,0.0
0.5999341180822522,0.18142515950000002,0.24455002499999998,0.34775810949999997,0.0,0.0
0.6913180972625034,0.7289252648571428,0.11481228314285714,0.13409826428571428,0.0,0.0
0.6859323437258439,0.36547887075,0.09261601874999999,0.0927444675,0.0,0.0
0.6242798275011143,0.007357118555555556,0.069012927,0.0853144031111111,0.0,0.0
0.771709880855002,0.3822785595,0.061507375249999996,0.09515283024999999,0.0,0.0
0.8331570908836108,0.8318679431428572,0.06579416242857142,0.12163706328571429,0.0,0.0
0.812192135766954,0.3469232175,0.10474488825,0.22398706875000002,0.0,0.0
0.6581968333610281,0.032530912,0.10661285581818182,0.16977184345454546,0.0,0.0
0.832696093680365,0.54853553675,0.036018311125,0.04353412675,0.0,0.0
0.7932812378823595,0.1747887491428571,0.044698727,0.06157037128571429,0.0,0.0
0.662573706875262,0.0461917751,0.10738014320000003,0.18200059700000001,0.0,0.0
0.8271396215482589,0.5861620788571429,0.18745754414285715,0.29963167414285713,0.0,0.0
0.8122257853438538,0.44475229024999996,0.37894109049999997,0.4864440025,0.0,0.0
0.6683726933445621,0.05029637783333333,0.3545699858333333,0.5758577013333334,0.0,0.0
0.8215358035214235,0.7407709135,0.240401811875,0.334321246375,0.0,0.0
0.8070704255965764,0.442525864,0.3224820694,0.3673060588,0.0,0.0
0.645645780162852,0.0201728494,0.2942659098,0.42011875979999996,0.0,0.0
0.8148780603040291,0.7008802016666666,0.23450303022222224,0.32047803077777776,0.0,0.0
0.7918348396910301,0.3040757862857143,0.21431391157142857,0.3363135667142857,0.0,0.0
0.5778017914799084,0.0028109962857142856,0.14798288285714287,0.30627140457142854,0.0,0.0
0.6236568840574628,0.34447758100000003,0.12100808475,0.2375412905,0.0,0.0
0.6972657282601054,0.72518466475,0.1798249035,0.205544314375,0.0,0.0
0.6863169788424184,0.225057281,0.18272639933333332,0.225654189,0.0,0.0
0.6011605690753309,0.05778097208333333,0.15631960716666665,0.27735339749999993,0.0,0.0
0.6948258860948254,0.5813249256999999,0.2303460007,0.2613708888,0.0,0.0
0.6405454584354487,0.04242183966666666,0.25639581325,0.37416469225,0.0,0.0
0.8050668969524553,0.3067546285,0.29533111075,0.42372969824999995,0.0,0.0
0.8261474475511572,0.47431946775,0.267111153,0.32328720450000004,0.0,0.0
0.7820720897795901,0.08708753525,0.22724970025000002,0.3486416385,0.0,0.0
0.6271774242976984,0.019209690375,0.13374653074999998,0.2268374435,0.0,0.0
0.8269167026043589,0.627969798375,0.074365654875,0.09494090599999999,0.0,0.0
0.8257840377912883,0.4792363448333334,0.06466213883333334,0.07166906283333334,0.0,0.0
0.666573851771881,0.035192283909090905,0.057731036,0.06242167009090909,0.0,0.0
0.8419427320104623,0.623845112181818,0.06076718699999999,0.08850619427272727,0.0,0.0
0.787349182529967,0.102085757,0.167550953,0.27859189399999995,0.0,0.0
0.638005098678463,0.02009836425,0.17788012700000003,0.23383443512499996,0.0,0.0
0.8191106762062353,0.48760238575000003,0.123928078,0.160591734,0.0,0.0
0.8422818124209688,0.73130522575,0.09091335312500001,0.10197186475,0.0,0.0
0.6876776424865152,0.03697767181818182,0.2456679920909091,0.2924631440909091,0.0,0.0
0.7986739672320271,0.4325904662,0.1569417284,0.2661665904,0.0,0.0
0.8428487468322574,0.71298757925,0.337291617125,0.351767934375,0.0,0.0
0.7424869753287212,0.062899362,0.5114720465,0.6298702511666667,0.0,0.0
0.5967698780310416,0.059141154142857144,0.492362455,0.6234060840000001,0.0,0.0
0.6940944914838877,0.5932944222500001,0.5860107982499999,0.6633426005,0.0,0.0
0.7025161778963349,0.6177339918571427,0.5565212102857143,0.603973269,0.0,0.0
0.6669258587118304,0.025460235,0.21739813966666666,0.3688019443333333,0.0,0.0
0.5854708786707289,0.09558745662500001,0.196479290875,0.318228478,0.0,0.0
0.6913392915500849,0.6164799888,0.1299532543,0.1388979375,0.0,0.0
0.6522996623861396,0.02230028772727273,0.35779150136363636,0.40206942109090915,0.0,0.0
0.7955538426130564,0.2987646066,0.16341827999999997,0.3662152656,0.0,0.0
0.8394212288633216,0.545504475625,0.10484989975,0.21211539074999997,0.0,0.0
0.6960985350699282,0.024176585272727272,0.2404135824545455,0.3437786207272727,0.0,0.0
0.7910652254233134,0.23594826074999997,0.335304928,0.5506670570000001,0.0,0.0
0.850791772001083,0.42848564016666674,0.313317087,0.5235263026666667,0.0,0.0
0.820394834489368,0.21679383819999995,0.2669862056,0.494227369,0.0,0.0
0.6561069237651067,0.0008229288888888889,0.14686345766666664,0.2545524421111111,0.0,0.0
0.7730480934330111,0.25369608675,0.09402550674999999,0.18084139575,0.0,0.0
0.8246037762461466,0.5781872851111112,0.07478208411111112,0.08317723255555556,0.0,0.0
0.6755678869427643,0.02640508575,0.045677856583333336,0.04472044716666667,0.0,0.0
0.808435768133187,0.3112912765,0.02436361175,0.045160749,0.0,0.0
0.8294206962117903,0.7198188602499999,0.066105013625,0.06711378062500001,0.0,0.0
0.7166236445487881,0.05183300828571429,0.056603603999999995,0.06882159271428571,0.0,0.0
0.6437158189366653,0.06450035933333333,0.04028286516666667,0.07134070999999999,0.0,0.0
0.8347138691581419,0.6702155692857142,0.055808979714285716,0.09058442242857143,0.0,0.0
0.8245687773463759,0.43952558240000006,0.14186906179999997,0.16209263219999998,0.0,0.0
0.641406154352439,0.013604989454545453,0.19563234454545453,0.31021231490909096,0.0,0.0
0.657941036377719,0.31339806699999995,0.25209200675,0.40272909775,0.0,0.0
0.6948611709812527,0.6136635611666666,0.4064358555,0.5090665850000001,0.0,0.0
0.66758377887845,0.0773920285,0.521248275125,0.69421867125,0.0,0.0
0.5699037707495901,0.04190338428571429,0.6519810004285713,0.8786307547142858,0.0,0.0
0.6816073043850539,0.460702818875,0.646208525625,0.833680200125,0.0,0.0
0.6805779140155379,0.2256781096,0.650590184,0.8605573981999999,0.0,0.0
0.625703624615962,0.0,0.408996258875,0.6936262116249999,0.0,0.0
0.718856875320294,0.0815802545,0.23286006150000002,0.53112704875,0.0,0.0
0.8209156812316548,0.38082335440000004,0.301436773,0.35319438420000004,0.0,0.0
0.6739623294328749,0.01571353672727273,0.10438859881818184,0.12316717881818183,0.0,0.0
0.798096952405469,0.3885619571666667,0.07369651283333332,0.07401747900000001,0.0,0.0
0.8359834353706527,0.616744004125,0.18358447225000002,0.24431548275000003,0.0,0.0
0.6898207883912977,0.0104020298,0.4381979867,0.6870921373,0.0,0.0
0.8102201962971783,0.21530421333333336,0.21491625433333336,0.5129370926666666,0.0,0.0
0.8317608307975108,0.27852697475000004,0.32794342175,0.372997198375,0.0,0.0
0.7096143887955947,0.012296010166666664,0.42172601133333326,0.6098439633333333,0.0,0.0
0.6866818536251355,0.1533994545,0.0913892295,0.20198336662500002,0.0,0.0
0.8242609999716136,0.49060203037500005,0.07161905075,0.080875105125,0.0,0.0
0.7841195549659741,0.06427419640000001,0.5081666041999999,0.566056205,0.0,0.0
0.6390522668217902,0.0,0.766164885142857,0.8149090937142857,0.0,0.0
0.7898755787730298,0.2901462395,0.8846206675,0.8840405181666667,0.0,0.0
0.8183701787921709,0.5700625082499999,0.81440741975,0.914423017,0.0,0.0
0.8027991364760656,0.314030367,0.5928230682,0.8132707412,0.0,0.0
0.6851721297340736,0.00067619625,0.27613452475,0.5430431554999999,0.0,0.0
0.5764522943748445,0.031939129125,0.29532265962500004,0.413555905625,0.0,0.0
0.6842480041500384,0.3623128066,0.5012616858,0.6288130531,0.0,0.0
0.6189611868273788,0.022992581800000002,0.6031583264000001,0.8527381781000001,0.0,0.0
0.6221745824284829,0.14148730333333334,0.304860685,0.6532901,0.0,0.0
0.6861052056826068,0.1728530375,0.18288348399999999,0.456916954,0.0,0.0
0.6839509250819096,0.021730748749999997,0.13927278424999998,0.19579652549999998,0.0,0.0
0.6315107491807498,0.00059895,0.18552996110000003,0.2056203812,0.0,0.0
0.8102642401680478,0.10327026036363639,0.20146118836363636,0.3128506016363637,0.0,0.0
0.7797748584592279,0.0087944988,0.3113563476,0.3469344316,0.0,0.0
0.6146574342192268,0.0,0.15388430300000003,0.24625881371428568,0.0,0.0
0.7792336299639768,0.17152925400000002,0.10480967399999999,0.1890172836,0.0,0.0
0.8149935353111867,0.474625901625,0.185322041125,0.29297753025,0.0,0.0
0.6856609433282965,0.015461098,0.2566735051111111,0.4262192274444444,0.0,0.0
0.6940352388690023,0.09623110160000001,0.1802143628,0.3673404728,0.0,0.0
0.8163227514538028,0.41966295254545455,0.24867024745454544,0.2845786509090909,0.0,0.0
0.6742669206230062,0.002417000375,0.28972465325,0.4403559283749999,0.0,0.0
0.6756206206676917,0.03067978425,0.41945585825,0.66049036775,0.0,0.0
0.8220616588771119,0.443737486625,0.6756512328750001,0.77619415475,0.0,0.0
0.8064626293051251,0.20770639740000002,0.551835993,0.6860331064,0.0,0.0
0.6477081453500928,0.0,0.29112275425,0.489430600875,0.0,0.0
0.718892388035992,0.0655137455,0.20585634574999997,0.38586995625,0.0,0.0
0.8177631902184294,0.4126453482222222,0.2649885321111111,0.35191284800000006,0.0,0.0
0.7137093290393538,0.05339709725,0.253475807625,0.3694563115,0.0,0.0
0.5770163745817791,0.04161439328571429,0.36190827585714286,0.5395550264285714,0.0,0.0
0.6867485642045025,0.26561349949999996,0.7099941543333333,0.7824909063333334,0.0,0.0
0.6775484330834592,0.10164096725,0.714552068625,0.8220486602499999,0.0,0.0
0.5887245741842764,0.015228702,0.413329201,0.6676861946000001,0.0,0.0
0.6850097200387368,0.1327248429,0.3389373765,0.40229691589999994,0.0,0.0
0.6735420890372124,0.007165168600000001,0.43361252940000006,0.4993095126,0.0,0.0
0.6426022667796994,0.0180444485,0.40462006,0.6803986690000001,0.0,0.0
0.8175027866801049,0.639319476125,0.551421523625,0.7303475877499999,0.0,0.0
0.786691927429426,0.20181991457142856,0.549792567,0.78104526,0.0,0.0
0.6536125932356674,0.0588518578,0.2987877721,0.531938807,0.0,0.0
0.8157946660315952,0.5293006658,0.10118395759999999,0.13810388810000002,0.0,0.0
0.7291946661569292,0.022827710166666664,0.06062393816666667,0.09972011116666667,0.0,0.0
0.6569261814264865,0.05182152975,0.40434940075,0.5838801557500001,0.0,0.0
0.822993725192959,0.548975299,0.4944802581111111,0.7183548228888889,0.0,0.0
0.7817829819637824,0.0867111206,0.38449403839999996,0.6762659604,0.0,0.0
0.6163665959557176,0.0,0.2401040197142857,0.45327278171428576,0.0,0.0
0.7807273713548583,0.1514204934,0.143734438,0.1629257098,0.0,0.0
0.8192633911027959,0.316136030125,0.292239803375,0.300461632375,0.0,0.0
0.732384019367274,0.013698235833333334,0.2844414693333333,0.4205727651666667,0.0,0.0
0.6570098540021992,0.024145730375,0.24645217837500003,0.42522874475,0.0,0.0
0.8150608756868113,0.4037386461,0.48274645229999996,0.6898012062000001,0.0,0.0
0.769745104189846,0.03528013075,0.42407508275,0.6945205985,0.0,0.0
0.5856725444084665,0.0351719418,0.33227886560000003,0.5131127155999999,0.0,0.0
0.6876826795440335,0.40904718139999996,0.15288385080000003,0.2715269955,0.0,0.0
0.6592512609108113,0.020318328166666667,0.27739141333333334,0.4277892853333334,0.0,0.0
0.5763702448643688,0.05493845675,0.353244589375,0.6141355846250001,0.0,0.0
0.6841320958692396,0.5545666508,0.35955421299999996,0.5532633563,0.0,0.0
0.6355394202006044,0.005005308636363636,0.4393982534545454,0.5505736646363636,0.0,0.0
0.792011493656499,0.06012277771428571,0.7493794720000001,0.9042433288571428,0.0,0.0
0.8106606817286495,0.2854038351666667,0.5473150493333333,0.8370051065,0.0,0.0
0.6706284981649285,0.009205496545454547,0.4722719628181818,0.7255279466363637,0.0,0.0
0.7782370250774775,0.21661812600000002,0.316445994,0.4540804506000001,0.0,0.0
0.8138648442255759,0.37120653825,0.2388805515,0.24933121999999996,0.0,0.0
0.6721120647264595,0.009584663416666667,0.08529779441666664,0.059838077833333336,0.0,0.0
0.8110643196701882,0.44272343911111117,0.1539559881111111,0.17355234788888887,0.0,0.0
0.8027725825602336,0.189659994,0.2774382034,0.31097422659999996,0.0,0.0
0.6433146929760309,0.0,0.16527327055555555,0.26462282755555555,0.0,0.0
0.7781579393132957,0.061854738,0.2264615424,0.2820409604,0.0,0.0
0.8147598003986758,0.317449077,0.285086258,0.3458526344285714,0.0,0.0
0.7784444731302796,0.0620684754,0.3391573964,0.47695297959999994,0.0,0.0
0.6125407606891847,0.0,0.3509418558571428,0.5664628690000001,0.0,0.0
0.7670443220001064,0.175161929,0.35728402449999996,0.6014669205000001,0.0,0.0
0.8131976467675687,0.3897882189,0.2567881601,0.44953258209999997,0.0,0.0
0.6274636918258292,0.012580820666666668,0.14627441291666665,0.2795380605,0.0,0.0
0.6820735356760761,0.4310048855,0.0849337595,0.14633051074999998,0.0,0.0
0.6842113233030203,0.2067908308,0.077168642,0.0883646188,0.0,0.0
0.5990181925160208,0.010945344363636365,0.057848647363636374,0.04921089045454546,0.0,0.0
0.6813324153267681,0.5078511841250001,0.08256781775,0.06187023162500001,0.0,0.0
0.6829456220447155,0.1699524422,0.13059508879999998,0.1373887176,0.0,0.0
0.6293183960648613,0.0,0.21908679344444443,0.26067906055555556,0.0,0.0
0.775213213370785,0.14078988524999997,0.30971513025,0.37424592875,0.0,0.0
0.8188841432283441,0.34984976144444446,0.2703740998888889,0.27177225266666666,0.0,0.0
0.6761602407188986,0.006783298181818182,0.161109918,0.17258729336363635,0.0,0.0
0.785495605024951,0.2112707694,0.104264511,0.0897073358,0.0,0.0
0.8179822937733603,0.5389270025,0.0810500445,0.058306094,0.0,0.0
0.6937281338201856,0.026829884071428573,0.04997132464285715,0.03819617235714285,0.0,0.0
0.8236926253817343,0.5687875701428571,0.020757517000000003,0.01908286642857143,0.0,0.0
0.7937101725391527,0.1350825555714286,0.055650990428571426,0.06767560114285714,0.0,0.0
0.6741284494796164,0.06916859627272727,0.13994256954545456,0.14174057945454546,0.0,0.0
0.8189681555516337,0.4886498284444445,0.34178140333333334,0.34869438766666666,0.0,0.0
0.6944286168028487,0.007455208071428572,0.5550423943571429,0.6948633157857141,0.0,0.0
0.8195236550697973,0.1638421431818182,0.31910281263636364,0.5128015687272728,0.0,0.0
0.6287391199187308,0.008320704166666667,0.44183773175,0.6533567404166666,0.0,0.0
0.6847119810374168,0.2787928835,0.6309988430000001,0.8340657125000002,0.0,0.0
0.6066876212299578,0.0,0.561400684909091,0.738172518,0.0,0.0
0.654961673281035,0.1156708505,0.47556494274999994,0.681240563,0.0,0.0
0.6858746284698787,0.37586717987499996,0.31397157675000004,0.54329387725,0.0,0.0
0.6684054438300896,0.003643118166666667,0.45827456999999994,0.6442303420000001,0.0,0.0
0.6627582757374644,0.02498495925,0.483304038625,0.7801516034999999,0.0,0.0
0.8202177441759282,0.37625830699999996,0.4490005977,0.5978072071,0.0,0.0
0.7165559599586341,0.0016487404285714287,0.35430852528571427,0.6079780758571429,0.0,0.0
0.6710294002258912,0.002777090428571428,0.42300351371428574,0.6837989001428572,0.0,0.0
0.82327329672514,0.06429597737500001,0.8394843942500001,0.9196824385000001,0.0,0.0
0.8092503998764525,0.0580453435,0.8078219117500001,0.9294133275,0.0,0.0
0.6751019661377149,0.003475767,0.6470753400833333,0.8590395914166665,0.0,0.0
0.8270587152478713,0.2563958915,0.7240005751666666,0.8788638139999999,0.0,0.0
0.8064710860991696,0.168897978,0.6091819214285713,0.8253538522857143,0.0,0.0
0.6294396927025895,0.0,0.3351844705,0.643487609625,0.0,0.0
0.777924019602511,0.15344807524999998,0.24860438925,0.517545356,0.0,0.0
0.8239650227087781,0.4904218413333334,0.34196418749999996,0.5334579703333333,0.0,0.0
0.7771087591827488,0.091088617875,0.36546204150000006,0.620319767625,0.0,0.0
0.6393220516008893,0.00760785575,0.423288331,0.716349004375,0.0,0.0
0.8210665101544657,0.2226161244,0.4547819649,0.7022488210000001,0.0,0.0
0.7628180979478225,0.007216281666666667,0.5645473933333334,0.7685087238333335,0.0,0.0
0.5824848996232603,0.027996781000000002,0.38787808644444444,0.6948281445555555,0.0,0.0
0.6911580762299548,0.492781066,0.3567108965,0.6301604475,0.0,0.0
0.6918829158386386,0.0456981744,0.278572746,0.5756246032,0.0,0.0
0.5919604208110424,0.0,0.20423152125,0.38511058800000003,0.0,0.0
0.6431334747260242,0.11557394539999999,0.2919001968,0.4179538022,0.0,0.0
0.687204426664559,0.1874148774444444,0.6930928447777779,0.7816047488888889,0.0,0.0
0.6408218371920906,0.0,0.6525921212727274,0.8123357837272726,0.0,0.0
0.8072017505649927,0.14478647299999997,0.277250367,0.50566348175,0.0,0.0
0.8182080456765892,0.3408663606249999,0.23253296025,0.257016139,0.0,0.0
0.6761691851283032,0.00036474445454545457,0.35842667409090906,0.5609760177272727,0.0,0.0
0.7854841385126503,0.3035743376,0.4883216782,0.74916997,0.0,0.0
0.8202962487923526,0.5547651968888889,0.6873433311111111,0.8822080621111112,0.0,0.0
0.6750278318456742,0.0042083960000000005,0.6034919433333334,0.8124237120000001,0.0,0.0
0.8215017538590821,0.43954886725,0.6644746696250001,0.77442750625,0.0,0.0
0.8100819021338109,0.18869288625,0.76653830075,0.822967993,0.0,0.0
0.6898273641544319,0.0,0.8126066897142856,0.8913249855714286,0.0,0.0
0.7195661119460609,0.052312636375,0.611542622875,0.83439786575,0.0,0.0
0.823043352235656,0.1147410834,0.4789091326,0.7668198766000001,0.0,0.0
0.7619706903220879,0.020869186555555554,0.43791149366666665,0.5184638132222221,0.0,0.0
0.663160396741272,0.007702355625,0.8430949703749999,0.9163130506249999,0.0,0.0
0.8223169892852222,0.19686078036363638,0.9251401673636366,0.8539610377272727,0.0,0.0
0.7331863906058603,0.0,0.9008887525,0.860352527,0.0,0.0
0.5823760209401014,0.028329402555555556,0.8561899895555556,0.913138581111111,0.0,0.0
0.6972516986897737,0.48806270066666674,0.8895831329999999,0.9360127056666667,0.0,0.0
0.6808157839165032,0.021018747,0.8055529818333333,0.9314931051666667,0.0,0.0
0.5828365950344989,0.02643928,0.6677138873333334,0.8986285763333335,0.0,0.0
0.6989840242702949,0.4391153778888889,0.5217578175555555,0.7577346327777778,0.0,0.0
0.6851517997527191,0.017333048,0.7361035813333333,0.8634492643333335,0.0,0.0
0.6408845930503206,0.0032675955,0.8163334010000001,0.892563225875,0.0,0.0
0.8327855098130394,0.56834442475,0.800328910375,0.81865732075,0.0,0.0
0.8274231614061026,0.2378932365,0.81258745025,0.8831488825,0.0,0.0
0.6663694481783704,0.0,0.5794624835,0.7002434924000001,0.0,0.0
0.7772136284894158,0.06877338266666667,0.298107789,0.4887270653333333,0.0,0.0
0.8323664858604656,0.526216639,0.2717132681666667,0.4370983161666666,0.0,0.0
0.8222419609218161,0.1620717266,0.47761910199999996,0.7157825812,0.0,0.0
0.659357264855059,0.0,0.8044355788,0.8958651757,0.0,0.0
0.7875757002829056,0.0376198722,0.9344110628,0.9161249322,0.0,0.0
0.8221853156543922,0.08998301100000002,0.9238305,0.9347134480000001,0.0,0.0
0.766693397415569,0.004552510833333333,0.7835898625,0.9232390335000001,0.0,0.0
0.6084066904492312,0.0,0.6122299661666667,0.8824993156666667,0.0,0.0
0.7859893583445585,0.057121246800000004,0.7380485358,0.893939329,0.0,0.0
0.8190164481045785,0.3042652865,0.9015034196249999,0.9339147265000001,0.0,0.0
0.7009031906604125,0.00032961975,0.8482734090000001,0.932769380875,0.0,0.0
0.6856275121502309,0.039008939,0.80761293,0.9248665448333333,0.0,0.0
0.8310311166829207,0.6431183901428571,0.7034372674285715,0.799566213857143,0.0,0.0
0.8108954061265221,0.14074229166666666,0.6364931241666667,0.7991485446666667,0.0,0.0
0.6062366041851402,0.0,0.324731738,0.569855275375,0.0,0.0
0.6518511132477355,0.1140427356,0.33954690579999997,0.6091627774000001,0.0,0.0
0.6992516731667183,0.23179253762500002,0.70665201925,0.81565268625,0.0,0.0
0.6148734603955872,9.503583333333333e-5,0.7582267881666667,0.8989919830833334,0.0,0.0
0.6797628413151373,0.24612955566666667,0.6272929746666668,0.8114093145555556,0.0,0.0
0.6987708172877636,0.08735353075,0.31869853849999996,0.5440192115,0.0,0.0
0.6463920245005934,0.0,0.2499734503,0.46914936109999994,0.0,0.0
0.824622276214969,0.12601118975,0.23361223175,0.45922598625,0.0,0.0
0.8560137878644793,0.5123462221666667,0.3878238371666667,0.5064949098333335,0.0,0.0
0.8215612170837259,0.09002744714285714,0.5369800864285714,0.5635507120000001,0.0,0.0
0.6856851355969333,0.0011879497999999998,0.5233076323,0.7674540934,0.0,0.0
0.8613463994276145,0.20117669444444447,0.8865321682222221,0.93367831,0.0,0.0
0.7849888322924826,0.004772350333333334,0.9047355901666667,0.926141123,0.0,0.0
0.6210150954164623,0.0,0.859652988,0.9347780978333332,0.0,0.0
0.8276423137296852,0.22628554540000004,0.7696582356,0.9113317696,0.0,0.0
0.8523264415622326,0.5633364748333334,0.7604136455,0.8420054331666668,0.0,0.0
0.7944012503354122,0.03626864171428571,0.6315662901428573,0.8618457561428572,0.0,0.0
0.666161688061525,0.00028357075,0.22403088775,0.396774390875,0.0,0.0
0.8522732239812397,0.22762042971428573,0.3738382571428572,0.4915649911428572,0.0,0.0
0.8337232666739129,0.1329805992,0.5998966162,0.7963751675999999,0.0,0.0
0.6900099181408272,0.0,0.6610463159166667,0.8583890634166665,0.0,0.0
0.836893115850588,0.16099774919999998,0.4116761533,0.5537116364000001,0.0,0.0
0.7141587539073296,0.0016504813333333332,0.26888209722222217,0.4177155964444445,0.0,0.0
0.6040323005980169,0.006793024833333334,0.0865944255,0.17897197933333334,0.0,0.0
0.7147961278924063,0.12467493685714288,0.09773690014285716,0.21281845714285716,0.0,0.0
0.7187999201207611,0.018760655,0.24786114133333337,0.291713979,0.0,0.0
0.6193569281819006,0.019063375272727275,0.40261904518181824,0.5210476651818182,0.0,0.0
0.721198244312576,0.4890605325,0.150946270625,0.228553195125,0.0,0.0
0.7137973180207468,0.032156838285714286,0.21929547357142856,0.3234081695714286,0.0,0.0
0.6597255064832048,0.0,0.679935294,0.7920752992500001,0.0,0.0
0.8493956493603185,0.09064387563636364,0.770747594909091,0.8809684682727273,0.0,0.0
0.6886856140554143,0.0,0.6305994357272727,0.8353049181818182,0.0,0.0
0.8084028728714667,0.06432629775,0.6682826975,0.83846693675,0.0,0.0
0.8402792892918872,0.262190542,0.7640175735714286,0.8544171015714286,0.0,0.0
0.8057383806528433,0.019259371166666667,0.6493067679999999,0.8132486238333333,0.0,0.0
0.6250087477125107,0.0,0.41652860166666666,0.6075806205,0.0,0.0
0.7932464616095475,0.1980702015,0.18914405766666667,0.32154674,0.0,0.0
0.8342114543794811,0.6625686925,0.064366288,0.13245975916666666,0.0,0.0
0.7888288743829772,0.03688420042857143,0.46150499300000003,0.5385427287142858,0.0,0.0
0.6215983479119125,0.0,0.7239646971666666,0.855625114,0.0,0.0
0.812180522977188,0.23708388760000002,0.7728050881999999,0.9108614100000001,0.0,0.0
0.8345246945311069,0.7483050984999999,0.6396534035,0.873578185,0.0,0.0
0.8094473827323584,0.16826896562500002,0.574165475875,0.83230701075,0.0,0.0
0.6930979622474759,0.04932094381818182,0.518896398090909,0.7907158808181819,0.0,0.0
0.8308146539572165,0.5777583287142857,0.3934041942857143,0.671312947142857,0.0,0.0
0.8033460037860225,0.028891767666666665,0.5838555698333333,0.7243584418333332,0.0,0.0
0.5950462667046822,0.0,0.7221475265,0.8464996459999999,0.0,0.0
0.6408011490470827,0.11298349183333334,0.6517682135,0.8217828928333334,0.0,0.0
0.693508320563979,0.5852190832,0.5537306892,0.81183406,0.0,0.0
0.6839806142347058,0.07267151437500001,0.6967682448749999,0.8966788352499999,0.0,0.0
0.6075717957938422,0.056438455600000006,0.6755838425999999,0.8924263039,0.0,0.0
0.6969801007918834,0.595150235125,0.557175936125,0.8579448645000001,0.0,0.0
0.6735624674085974,0.000544699125,0.682195768,0.8430302395,0.0,0.0
0.6947262382848157,0.01680663785714286,0.24667158857142857,0.4590158452857144,0.0,0.0
0.8339875350569679,0.44597881725,0.111961757,0.24263761837500003,0.0,0.0
0.8044510540329052,0.026059090833333336,0.1851943215,0.285201591,0.0,0.0
0.6954597533598628,0.02639189927272727,0.09689545499999999,0.08872108690909092,0.0,0.0
0.8341871664035929,0.3375939787142857,0.076735347,0.035714344,0.0,0.0
0.8034629774006034,0.017317740333333335,0.13928798883333335,0.145505781,0.0,0.0
0.6941935201159375,0.018923178636363638,0.28616114572727275,0.3527310904545455,0.0,0.0
0.8338357655772949,0.3800448581428571,0.19080929600000002,0.34836314242857147,0.0,0.0
0.7679292990313753,0.01079182325,0.12090611025000002,0.126455704125,0.0,0.0
0.685041091653656,0.007436741125,0.277544668,0.45850941575,0.0,0.0
0.8485542893225263,0.5264587402500001,0.39286530199999997,0.616296810125,0.0,0.0
0.8161600860029566,0.026100980833333332,0.30223644483333334,0.46128759999999996,0.0,0.0
0.7148603312423091,0.023071999363636363,0.15456886572727274,0.16658572900000002,0.0,0.0
0.8572571169894947,0.29721007299999996,0.1437803105,0.150213547,0.0,0.0
0.821051012508545,0.019902692714285714,0.16187045214285714,0.2626859834285714,0.0,0.0
0.6255511992841739,0.056752353166666665,0.32998591208333333,0.5475855159166667,0.0,0.0
0.7117494420228908,0.38744315240000005,0.30712802780000004,0.4371887259999999,0.0,0.0
0.7066034582211757,0.01855479075,0.23751775925000002,0.36473817025,0.0,0.0
0.5882371843983903,0.0,0.2781699292857143,0.4055705594285714,0.0,0.0
0.6979860976146604,0.07794776309090909,0.5721625306363637,0.7339125409090909,0.0,0.0
0.6575128800115214,0.0,0.67854772925,0.8808503080833333,0.0,0.0
0.827554431488883,0.1586375532,0.7293100048000001,0.9010839874000001,0.0,0.0
0.8587500331981918,0.362337491,0.78330431825,0.910175648625,0.0,0.0
0.7961315737200763,0.0,0.8128833035,0.9079514615000001,0.0,0.0
0.6423318181997388,0.0,0.92712134825,0.8261433522499999,0.0,0.0
0.8432848660315104,0.020992990500000003,0.93093271925,0.8654299925,0.0,0.0
0.8531696023659671,0.16566626325,0.9083553557499999,0.93511397,0.0,0.0
0.7941382908603694,0.0,0.88615887125,0.9371421685,0.0,0.0
0.6857943597214395,0.0025982176,0.8196366835000001,0.9128078224999999,0.0,0.0
0.8656030689132365,0.45974823162499995,0.5586969241249999,0.6853520833750001,0.0,0.0
0.8192096820027707,0.004826935833333333,0.6801578326666666,0.8415543576666665,0.0,0.0
0.6967249184706031,0.015268909181818181,0.894324998090909,0.9327627876363636,0.0,0.0
0.8581673636184993,0.321640504,0.8687716422222223,0.9307429424444444,0.0,0.0
0.79514603070831,0.0,0.73654603225,0.844680399,0.0,0.0
0.6479399037002157,0.0,0.38587508600000003,0.5927656360000001,0.0,0.0
0.8561713909084604,0.02846070775,0.37470397175000003,0.401178476,0.0,0.0
0.8615234523648985,0.10162591025,0.4539185205,0.6237731435,0.0,0.0
0.7430627831221699,0.0,0.5980950121666667,0.7238978961666667,0.0,0.0
0.640734517335315,0.0531346502,0.7878905167,0.8718868893,0.0,0.0
0.7546126614020664,0.42691815475000006,0.6046219134999999,0.8431990647500001,0.0,0.0
0.7433242534352669,0.082368583125,0.396410719,0.695779890125,0.0,0.0
0.6269952342979296,0.026345085454545458,0.25892147281818184,0.5148136142727272,0.0,0.0
0.7586986427597829,0.43960267828571437,0.38136943585714284,0.6630307029999999,0.0,0.0
0.753450610199041,0.003314906666666667,0.5989421899999999,0.8755381026666668,0.0,0.0
0.6806476180743244,0.0003647315,0.7411231481,0.9192062839,0.0,0.0
0.8767602018764173,0.07807453044444444,0.8591480583333333,0.9345148006666667,0.0,0.0
0.8018288295331049,0.0,0.8898544547142857,0.9348266577142857,0.0,0.0
0.6647483982510506,0.0,0.902071561125,0.9346388825,0.0,0.0
0.855162489011088,0.05275095366666667,0.733569702,0.8994750897777778,0.0,0.0
0.8159910987416844,0.0,0.5537612398333334,0.7470171561666668,0.0,0.0
0.6356379079189304,0.0,0.5660878291428572,0.8291745082857143,0.0,0.0
0.8456989566368625,0.2421882193,0.704196737,0.8771213577999999,0.0,0.0
0.8426829751619572,0.0020891521666666665,0.31361526533333334,0.46990159216666666,0.0,0.0
0.6586489912654294,0.0,0.45197418685714297,0.5671001242857142,0.0,0.0
0.8497105127189533,0.101572551,0.6543636088,0.7981510644,0.0,0.0
0.8912303548247956,0.33647705457142857,0.4452042604285714,0.6673317048571429,0.0,0.0
0.8402430118915404,0.0,0.3013050628333333,0.5231683046666666,0.0,0.0
0.6451208887344383,0.0,0.26074597266666666,0.43087207499999997,0.0,0.0
0.8676552005331027,0.07922216355555556,0.5863679286666668,0.7718941251111112,0.0,0.0
0.8604560763628354,0.04514144066666667,0.6155306527777777,0.822001569,0.0,0.0
0.6474926506208835,0.0212205756,0.3451113987,0.5854322127,0.0,0.0
0.7546856706527094,0.42346532585714286,0.32712689785714283,0.4926061368571429,0.0,0.0
0.7356776868386884,0.0006346294444444445,0.4975326391111111,0.6396911513333333,0.0,0.0
0.6346807682369346,0.00028705057142857146,0.5080749604285716,0.690571248142857,0.0,0.0
0.7545054146592425,0.30324836233333335,0.4719588985,0.7313901031666666,0.0,0.0
0.763356504050517,0.023986337999999996,0.334879749,0.6284475328,0.0,0.0
0.6832451444185206,0.0,0.19364113636363636,0.3291791128181818,0.0,0.0
0.8917877916221426,0.0346790332,0.2079275967,0.335526373,0.0,0.0
0.8675156338801484,0.0003452435,0.2655947063333333,0.45043498116666664,0.0,0.0
0.6572708404645394,0.0,0.3378904274999999,0.5520472641666667,0.0,0.0
0.8166618356951897,0.04030489,0.2597937415,0.5273111161666667,0.0,0.0
0.8990650709013341,0.1765000344,0.1088074698,0.2502464622,0.0,0.0
0.8387871780707451,0.007902227666666666,0.18156343777777778,0.1828995038888889,0.0,0.0
0.7466878303111575,0.0272763751,0.4080933468,0.47632016970000013,0.0,0.0
0.8981171604963678,0.2140686665,0.2232565158333333,0.3961127061666667,0.0,0.0
0.8709531682422601,0.0003261031666666667,0.25701714633333334,0.32549253933333333,0.0,0.0
0.7412261927077922,0.017255468416666666,0.22739475974999998,0.2895934740833333,0.0,0.0
0.8959734448665024,0.26061167616666664,0.18740143216666663,0.2528442845,0.0,0.0
0.8313618359152672,0.000281124375,0.12989451375,0.12468681250000001,0.0,0.0
0.7159319128256666,0.0,0.07160447387499999,0.0436959995,0.0,0.0
0.9096837301905136,0.09222819366666667,0.1707780365,0.20151716383333332,0.0,0.0
0.8796020430010406,0.02016503125,0.43405143574999994,0.600825544,0.0,0.0
0.6303861568736195,0.0,0.5057504984285714,0.7366853195714286,0.0,0.0
0.7173277811810025,0.0260275938,0.7714542916,0.8826204831,0.0,0.0
0.7567395711642243,0.0013352549999999998,0.6325122200000001,0.8728604266666666,0.0,0.0
0.6344565860798755,0.0,0.6554967138000001,0.8868500625,0.0,0.0
0.7325949554065632,0.10641975385714286,0.5746632902857142,0.843207779,0.0,0.0
0.7354291927368134,0.0087768782,0.6163795063,0.8514863001,0.0,0.0
0.7438483508787342,0.0107543422,0.39061746529999997,0.6365215016999999,0.0,0.0
0.8978710031344355,0.039236596,0.139883188,0.3241640351,0.0,0.0
0.695202917302656,0.0,0.26705576975,0.399426954125,0.0,0.0
0.8174634068743734,0.022316255499999996,0.439643838,0.6172217218333333,0.0,0.0
0.899905863373164,0.13682204250000002,0.6602925220000001,0.8191124991666667,0.0,0.0
0.82849557165716,0.0,0.569898062375,0.784844142625,0.0,0.0
0.6539382554150349,0.0,0.4114251563333333,0.6324599731666668,0.0,0.0
0.8935112100232894,0.0615742603,0.3209138495,0.5018768346,0.0,0.0
0.8700179282562909,0.0,0.4202875846666667,0.6112403385,0.0,0.0
0.6571852000449325,0.0,0.4195817048333333,0.6211872081666666,0.0,0.0
0.8170343436998658,0.032146645,0.3365895791666667,0.5411692058333334,0.0,0.0
0.8974678546061247,0.19454294625,0.285517120625,0.47711975875,0.0,0.0
0.7322515315492427,0.0,0.4834930237500001,0.7095896972499999,0.0,0.0
0.9027766241645404,0.28400974,0.3646631063,0.5915408111,0.0,0.0
0.8809943341754671,0.0,0.4082391166666666,0.5586838568333333,0.0,0.0
0.6541877652674057,0.0015250740909090908,0.29687397427272727,0.36344724454545463,0.0,0.0
0.7789916113098825,0.20469712199999998,0.17941925057142857,0.19703622814285712,0.0,0.0
0.713175769937814,0.0,0.12486346775,0.09280545108333332,0.0,0.0
0.6878229289589372,0.013375811833333332,0.20625065266666667,0.4120554421666666,0.0,0.0
0.7755185288219282,0.11898377740000002,0.40739284319999997,0.644832351,0.0,0.0
0.7765133741447005,0.004696463,0.5191897675714285,0.7928815714285714,0.0,0.0
0.7518065488588875,0.010972904666666667,0.5956619805,0.8483373722499999,0.0,0.0
0.9287352223721863,0.18159859959999997,0.7507212188000001,0.8951391642,0.0,0.0
0.8949184108269612,0.0059019692857142855,0.7466797248571427,0.9118479745714286,0.0,0.0
0.7230957057893002,0.0,0.7451063608000001,0.8935208150999999,0.0,0.0
0.9293783649800275,0.11358494611111111,0.7937151915555556,0.9073327433333335,0.0,0.0
0.8532633046567925,0.0,0.8552966925,0.929735768,0.0,0.0
0.653667877377547,0.0,0.8603879595,0.9277392191666666,0.0,0.0
0.894096111248767,0.037983557,0.8160151655714286,0.9186789958571427,0.0,0.0
0.9280054804691883,0.047001688374999996,0.703780789875,0.8496633614999999,0.0,0.0
0.7011680499540389,0.0,0.463019672625,0.6133692749999999,0.0,0.0
0.8447398845324422,0.010340032166666667,0.33307544400000005,0.4483766523333333,0.0,0.0
0.9339048832054392,0.0748212278,0.28446118959999994,0.3120273544,0.0,0.0
0.898702647782301,0.0018908371428571428,0.22985370957142856,0.30102346799999996,0.0,0.0
0.7076954053225006,0.0,0.138785426,0.20129911911111112,0.0,0.0
0.9418609622846036,0.02279535611111111,0.10179325111111112,0.14893501033333334,0.0,0.0
0.8979401951353857,0.0,0.05975485283333334,0.07179248650000002,0.0,0.0
0.6622061757781047,0.00025190663636363636,0.060844905272727276,0.06507963699999998,0.0,0.0
0.7894908940599565,0.069457559,0.1308101156,0.195283046,0.0,0.0
0.7883933666258446,0.00605356575,0.247684082875,0.38754452987500004,0.0,0.0
0.639495986057162,0.0,0.27526725925,0.44600470975,0.0,0.0
0.7712502804798209,0.035835139545454545,0.36408817727272724,0.5976616621818182,0.0,0.0
0.7290095149391121,0.0,0.2825422767272727,0.4008760912727272,0.0,0.0
0.8862127338510547,0.059506673571428574,0.13603949385714284,0.17842168328571426,0.0,0.0
0.9266498435615294,0.10809240618181816,0.08919559290909092,0.13164127127272726,0.0,0.0
0.7085770702288198,0.0,0.070034791375,0.09674340475,0.0,0.0
0.9351384115594192,0.041636721,0.074228093,0.093444041,0.0,0.0
0.9539158833102352,0.1795599275,0.11853732012500001,0.140631712625,0.0,0.0
0.7683444066677807,0.0,0.32070001270000004,0.4212563737,0.0,0.0
0.851231713397115,0.0009755450000000001,0.6221710838,0.7222618238,0.0,0.0
0.9443227998983437,0.14497696983333333,0.851286398,0.8848713914999999,0.0,0.0
0.9035262086916275,0.0013226660000000001,0.9165441911428571,0.9336107218571428,0.0,0.0
0.670613022061958,0.0,0.9117408034999999,0.9360163775,0.0,0.0
0.8891453773815112,0.0065099294,0.8641871287,0.9365194311,0.0,0.0
0.8824898221228212,0.0011349128888888888,0.8860734171111111,0.936740921,0.0,0.0
0.6923537464641841,0.0,0.81107649475,0.9295648508750001,0.0,0.0
0.9208058800371054,0.09909249677777779,0.7655762935555556,0.9050304952222221,0.0,0.0
0.8806035383165977,0.0,0.7050009796666669,0.8883840171666667,0.0,0.0
0.646024864160348,0.0,0.598490561875,0.82997228375,0.0,0.0
0.7692671819982881,0.14172936255555557,0.4524221439999999,0.6875317376666666,0.0,0.0
0.7928055777179519,0.0016325668571428571,0.4349878248571429,0.6092217812857142,0.0,0.0
0.6406649846594343,0.0,0.561070158,0.754635113625,0.0,0.0
0.7707205225669272,0.0061397512,0.5721473095,0.8485401876,0.0,0.0
0.7207055532528386,0.0,0.3876208787692308,0.6271653464615384,0.0,0.0
0.8800694988376546,0.045756424272727275,0.7476041071818181,0.8897588391818182,0.0,0.0
0.8519474588185332,0.0,0.7625921952857143,0.9040322095714286,0.0,0.0
0.6606781923100832,0.0,0.8432924731666667,0.918988843,0.0,0.0
0.9063191155041727,0.22112689840000002,0.880961518,0.9363191955,0.0,0.0
0.9141002582377412,0.0030231703333333335,0.8402650074999999,0.9250198553333333,0.0,0.0
0.6942416914145414,0.0,0.43310050937500005,0.7045474285000001,0.0,0.0
0.9165354148939622,0.15985006950000002,0.23454602890000004,0.346710093,0.0,0.0
0.8984797451490806,0.0019439461428571428,0.3721158857142857,0.5207173022857143,0.0,0.0
0.6778804553121588,0.0,0.4045115241428571,0.5889129805714285,0.0,0.0
0.903738415093524,0.0017497655,0.3039941445,0.5404924776666666,0.0,0.0
0.9276548160521552,0.005457890714285715,0.3925599907142857,0.5858000485714285,0.0,0.0
0.7379483814316569,0.0,0.6481197537272726,0.8386087021818182,0.0,0.0
0.8768205009212712,0.010381282333333334,0.28984851800000005,0.43804758299999996,0.0,0.0
0.9033449065390489,0.011717837,0.7047906713333334,0.746776417,0.0,0.0
0.85893142340172,0.0,0.8188873132,0.925065262,0.0,0.0
0.6496758836574489,0.0,0.7838230347777779,0.9089234232222222,0.0,0.0
0.7792565527125404,0.05457828577777778,0.8388968893333335,0.9223234124444445,0.0,0.0
0.7708697147097275,0.0,0.9063990968571428,0.9198677414285713,0.0,0.0
0.6390711253064568,0.0,0.5785968457499999,0.7811362165000001,0.0,0.0
0.7823436006916134,0.14211362888888887,0.5503256954444444,0.6881461706666667,0.0,0.0
0.7943077657875137,0.0,0.7471216156666668,0.8768291338333333,0.0,0.0
0.6697203241433618,0.0,0.8727942902857142,0.9258510088571429,0.0,0.0
0.8921974209214643,0.027669571599999998,0.8614647334000001,0.9317846700000001,0.0,0.0
0.9179345832772845,0.14664039427272726,0.8269913732727274,0.9244957049090907,0.0,0.0
0.6969829944639234,0.0,0.8307960974999999,0.9288688503333334,0.0,0.0
0.8335165579394895,0.013681133,0.6437014691428572,0.8614384199999999,0.0,0.0
0.9203425927501314,0.1299971749090909,0.4440896564545454,0.7259393244545455,0.0,0.0
0.6912006240058444,0.0,0.2603458335,0.394617809875,0.0,0.0
0.9208174281508333,0.09308239172727273,0.21432558400000004,0.320595127,0.0,0.0
0.8754200030932399,0.0,0.248236897,0.35694343557142855,0.0,0.0
0.7832901865406533,0.004090297454545455,0.24569853163636363,0.3778733758181818,0.0,0.0
0.942419243243567,0.0813679306,0.37626046479999997,0.6083656057,0.0,0.0
0.7151639652215552,0.0,0.38884743955555545,0.6551446244444443,0.0,0.0
0.9220353916899025,0.11500008088888888,0.36035211322222227,0.5843894768888888,0.0,0.0
0.891142692221855,0.01834216522222222,0.29596275511111103,0.5242268722222222,0.0,0.0
0.6748296900283502,0.0,0.21487656930000001,0.4117386406,0.0,0.0
0.8150937043772474,0.06844430133333333,0.3058326334444444,0.5683736716666667,0.0,0.0
0.7086379630249366,0.0,0.6550288549000001,0.8126013049999999,0.0,0.0
0.7368614360845962,0.020941827857142856,0.7575001774285715,0.8666656994285714,0.0,0.0
0.8188071849722827,0.039133562200000006,0.356579372,0.5471742636,0.0,0.0
0.6959110223813333,0.0,0.066371291875,0.09617559825000001,0.0,0.0
0.915349494370157,0.0124514564,0.08076241719999999,0.08962827920000001,0.0,0.0
0.9507316507339951,0.120405354375,0.129741688125,0.11799816399999999,0.0,0.0
0.874856166227311,0.0,0.24221202875,0.24966885975000003,0.0,0.0
0.7619680930693783,0.0,0.24572752136363638,0.3001972488181818,0.0,0.0
0.9374122679434403,0.016429310166666666,0.307526609,0.5728733448333333,0.0,0.0
0.8958682419230494,0.00025013414285714284,0.4014149514285714,0.6672752301428572,0.0,0.0
0.7543324927033731,0.0,0.7644238953636363,0.8862268057272726,0.0,0.0
0.9357393477909631,0.008614637545454546,0.5335838144545456,0.8214842830909089,0.0,0.0
0.7733990108792484,0.0011279524285714286,0.33760777300000006,0.5805892245714287,0.0,0.0
0.9209944876780494,0.02548323054545454,0.3650299863636364,0.6491627484545455,0.0,0.0
0.7193894651583526,0.0,0.4262275421,0.7128703958,0.0,0.0
0.9093183666035832,0.004611329133333333,0.5518239902666667,0.8243009659999999,0.0,0.0
0.6585640065147906,0.0,0.37960092388888883,0.6601335621111112,0.0,0.0
0.8005245968420578,0.044056432666666666,0.13644834388888888,0.2271687146666666,0.0,0.0
0.8055700182281789,0.0,0.07967446766666668,0.08367404183333334,0.0,0.0
0.6752529270750004,0.0,0.12212177472727272,0.15272179554545454,0.0,0.0
0.8107583833017279,0.01850986423076923,0.1265402080769231,0.1889289286923077,0.0,0.0
0.7725067671401848,0.0,0.1934527571818182,0.32937202690909095,0.0,0.0
0.9460885646776385,0.19659397014285715,0.47044758471428566,0.4765623915714286,0.0,0.0
0.8977176321359018,0.0,0.6623282466666667,0.7612923205000001,0.0,0.0
0.6750021390756816,0.0,0.8282440442857142,0.9206019748571429,0.0,0.0
0.9037698549225468,0.11308724945454546,0.8447673672727273,0.9322484807272726,0.0,0.0
0.7684219861535593,0.0,0.8153825920769229,0.9065212924615386,0.0,0.0
0.8831249891941815,0.009952381,0.6177671229999999,0.720244435,0.0,0.0
0.9179314993173612,0.13659346916666665,0.4878193436666667,0.6483213245,0.0,0.0
0.7662023877416424,0.0,0.6708166426153845,0.8659100267692309,0.0,0.0
0.8959521035530389,0.02629783354545455,0.6219295271818182,0.8750706616363636,0.0,0.0
0.7733380547049711,0.0,0.6489885689166667,0.8583156989999999,0.0,0.0
0.8609992527568552,0.02442653057142857,0.45199658900000006,0.6625758097142856,0.0,0.0
0.9203417296354762,0.11445656250000001,0.37722760683333334,0.5857006911666667,0.0,0.0
0.8482655510303617,0.0,0.42847825750000007,0.6252257728333334,0.0,0.0
0.638339806112173,0.0,0.479065919625,0.74184495475,0.0,0.0
0.7799737001140321,0.012942900666666667,0.5008615673333333,0.6972420333333333,0.0,0.0
0.7876025223864777,0.0,0.5305903806666667,0.6526304340000001,0.0,0.0
0.6471208898387407,0.0,0.7466602284444445,0.818706303,0.0,0.0
0.782879177795078,0.22841043525,0.704241225875,0.7736366663750001,0.0,0.0
0.8195058077974583,0.0041455976,0.2954665988,0.3697518924,0.0,0.0
0.6915662029766767,0.0,0.17855889777777778,0.20062633900000001,0.0,0.0
0.893207129034448,0.0010766694,0.322465938,0.4922692564,0.0,0.0
0.9187589020227755,0.07880448466666667,0.5693058325,0.7612112311666667,0.0,0.0
0.836207364230954,0.0,0.8707262728749999,0.926985146125,0.0,0.0
