Demand,Avail_Sol,Avail_Wind_On,Avail_Wind_Off,Hyd_In,HydRoR_In
0.7908939407795391,0.0,0.305194398,0.739620511,11191.0,0.0
0.7797994194888307,0.0,0.326389724,0.692342437,11191.0,0.0
0.7836719786240913,0.0,0.341420411,0.656335322,11191.0,0.0
0.880950338579366,0.0,0.35467028899999997,0.6393845195,11191.0,0.0
0.8978201523382598,0.0,0.3644605775,0.640564487,11191.0,0.0
0.894489873783108,0.004824226,0.365007188,0.654690198,11191.0,0.0
0.8922435762506697,0.0072242455,0.356741055,0.6260167830000001,11191.0,0.0
0.8915591068807999,0.012113566499999999,0.344698194,0.6556432635,11191.0,0.0
0.8929090419846861,0.002842359,0.32834544050000003,0.6887852455,11191.0,0.0
0.8987617753316419,0.0,0.316433049,0.7048191745,11191.0,0.0
0.8922728794919134,0.0,0.29940105,0.7022636125,11191.0,0.0
0.8657346149187932,0.0,0.26979788250000003,0.6718395779999999,11191.0,0.0
0.8267566566674537,0.0,0.263282021,0.617194401,11191.0,0.0
0.7947382847265616,0.0,0.2502315845,0.6079559665000001,11191.0,0.0
0.7818924548470587,0.0,0.23791763100000002,0.6102802384999999,11191.0,0.0
0.7940405660630219,0.0,0.23346605799999998,0.6017830755,11191.0,0.0
0.8889670204356581,0.0,0.22662072,0.5882311689999999,11191.0,0.0
0.8980635247441966,0.0,0.20885023549999998,0.555396242,11191.0,0.0
0.8945395829871572,0.013067507,0.196084425,0.536199726,11191.0,0.0
0.8925633498927601,0.0438533015,0.1993674835,0.5296248450000001,11191.0,0.0
0.8910968783886004,0.049094118000000006,0.19570770599999998,0.482784622,11191.0,0.0
0.8933624214120459,0.008818185,0.195819089,0.493015187,11191.0,0.0
0.9008470980884247,0.0,0.19081194,0.49497897199999996,11191.0,0.0
0.8962887398719253,0.0,0.187009023,0.4875887275,11191.0,0.0
0.8677047069782673,0.0,0.1684470755,0.4802151695,11191.0,0.0
0.8290935721503294,0.0,0.143343954,0.495353926,11191.0,0.0
0.7981422808899352,0.0,0.125214828,0.524255452,11191.0,0.0
0.7835192723821909,0.0,0.11785365950000001,0.5387486615,11191.0,0.0
0.7987649282254804,0.0,0.13668168149999999,0.5655717345,11191.0,0.0
0.894857277344014,0.0,0.159322424,0.589047688,11191.0,0.0
0.9001855974801105,0.0,0.180652827,0.600239001,11191.0,0.0
0.9005768886160075,0.0068256689999999995,0.20722831,0.627810937,11191.0,0.0
0.8992207154596306,0.0270136165,0.229456362,0.636491924,11191.0,0.0
0.898445048198609,0.006964083,0.237889695,0.6601453905,11191.0,0.0
0.8994959054951722,0.0,0.250134165,0.668988484,11191.0,0.0
0.9045071114119161,0.0,0.261078716,0.6538384965,11191.0,0.0
0.8963790191464319,0.0,0.25721490199999997,0.5782043315000001,11191.0,0.0
0.8683372912348675,0.0,0.245140034,0.5134269805,11191.0,0.0
0.8174538928132351,0.0,0.269946972,0.502777213,11191.0,0.0
0.7907424436166159,0.0,0.274773103,0.5167908225,11191.0,0.0
0.7867056455466832,0.0,0.2773010365,0.5356764385,11191.0,0.0
0.8484965754095456,0.0,0.267711605,0.5209873745,11191.0,0.0
0.9132475754159598,0.0,0.260214267,0.512555786,11191.0,0.0
0.9017217490479967,0.0,0.25804418949999997,0.528258693,11191.0,0.0
0.90104047102477,0.004156126,0.2669105375,0.539767788,11191.0,0.0
0.8992917012263215,0.0091522085,0.276132855,0.5396563715,11191.0,0.0
0.8985418069871793,0.005157012,0.2961723865,0.53303524,11191.0,0.0
0.9040428522416623,0.0,0.31009146249999997,0.5236005340000001,11191.0,0.0
0.9070309201202834,0.0,0.325822144,0.539744308,11191.0,0.0
0.884597973012234,0.0,0.348713202,0.5500838965,11191.0,0.0
0.8634610450199561,0.0,0.36249134,0.548314048,11191.0,0.0
0.8204585707685297,0.0,0.39636376250000005,0.5253494169999999,11191.0,0.0
0.7912423409013817,0.0,0.3919199685,0.4898685205,11191.0,0.0
0.7869052079283403,0.0,0.38050064699999997,0.442265853,11191.0,0.0
0.8174837521835786,0.0,0.382205291,0.43318317,11191.0,0.0
0.8959908225364007,0.0,0.388655134,0.4174180965,11191.0,0.0
0.9026783619443512,0.0,0.388800417,0.388938757,11191.0,0.0
0.9028427699218035,0.001821581,0.390808399,0.387816461,11191.0,0.0
0.9011220464656031,0.0156715355,0.396071586,0.416138903,11191.0,0.0
0.9006868970918283,0.02319841,0.37735508500000003,0.4469612725,11191.0,0.0
0.9020499364550083,0.0031676485,0.36421036500000004,0.44882441250000005,11191.0,0.0
0.9105426762346738,0.0,0.3528295525,0.46131578,11191.0,0.0
0.902355493579605,0.0,0.3457121495,0.478691596,11191.0,0.0
0.876369108225298,0.0,0.33875815649999996,0.4989492715,11191.0,0.0
0.8434539385559359,0.0,0.349346766,0.511907208,11191.0,0.0
0.7978427921846787,0.0,0.344363482,0.4912238075,11191.0,0.0
0.785706891013349,0.0,0.3681513405,0.450311556,11191.0,0.0
0.7908573600399783,0.0,0.405977525,0.4254287295,11191.0,0.0
0.8009972266935939,0.0,0.4293272175,0.444180989,11191.0,0.0
0.8376951113268383,0.0,0.4564274055,0.4552167155,11191.0,0.0
0.8578835501189308,0.029257312,0.5039074729999999,0.500167907,11191.0,0.0
0.8593512789156663,0.1051393435,0.5055488275,0.5463533039999999,11191.0,0.0
0.8586425832948745,0.040976983,0.4987341785,0.6081971585,11191.0,0.0
0.8669853732729447,0.0,0.524527333,0.685189767,11191.0,0.0
0.8803597751305641,0.0,0.5493827835,0.751009847,11191.0,0.0
0.8780296294272942,0.0,0.5765582375,0.7941121579999999,11191.0,0.0
0.8573154235077791,0.0,0.5918815395,0.8106925135,11191.0,0.0
0.8314840653389696,0.0,0.571079943,0.77101614,11191.0,0.0
0.806280189444083,0.0,0.5800233515,0.750948792,11191.0,0.0
0.7942674490246763,0.0,0.594860974,0.707130155,11191.0,0.0
0.7922546349939281,0.0,0.5715273665,0.6753886335,11191.0,0.0
0.7995617268179778,0.0,0.528375656,0.660312548,11191.0,0.0
0.8069305684543494,0.0,0.4768141035,0.6488764665,11191.0,0.0
0.8408733123847727,0.0,0.4586128305,0.6364342335,11191.0,0.0
0.8586493046640918,0.03343104,0.507596238,0.63262233,11191.0,0.0
0.8610002916300854,0.11318906599999999,0.5589275515,0.63241592,11191.0,0.0
0.8569405247985968,0.12061110750000001,0.578882933,0.659099702,11191.0,0.0
0.8566704119501669,0.050333924,0.565042443,0.678147804,11191.0,0.0
0.8639211940301318,0.00165601,0.55125828,0.692721606,11191.0,0.0
0.8735098102096173,0.0,0.5720189935,0.6934969440000001,11191.0,0.0
0.8671933012059243,0.0,0.6539546115,0.7530288365,11191.0,0.0
0.8460575820958338,0.0,0.6794865305,0.7970780504999999,11191.0,0.0
0.8152590694961329,0.0,0.6463742555,0.8182174535,11191.0,0.0
0.7969422955876442,0.0,0.544686189,0.8192523389999999,11191.0,0.0
0.7949732431707868,0.0,0.4894748805,0.7712679105,11191.0,0.0
0.8246187716423291,0.0,0.471098014,0.721990642,11191.0,0.0
0.9051703046127244,0.0,0.4408308285,0.6555370475,11191.0,0.0
0.9119706085432207,0.0,0.43648171999999996,0.57274358,11191.0,0.0
0.9110976983897413,0.027856515,0.447004556,0.523210841,11191.0,0.0
0.905698827983662,0.098701179,0.4563224655,0.475641408,11191.0,0.0
0.9015879014075738,0.1105559625,0.4600249785,0.515559023,11191.0,0.0
0.9045206993815171,0.020495536499999998,0.471705739,0.5363344395,11191.0,0.0
0.9151552409016204,0.0,0.4363719925,0.561409461,11191.0,0.0
0.9099334960395478,0.0,0.4058210165,0.5410142925,11191.0,0.0
0.8861882340129995,0.0,0.363762172,0.5271247285,11191.0,0.0
0.8310483354341099,0.0,0.30690662300000005,0.43352638050000003,11191.0,0.0
0.7948689406267611,0.0,0.3060293605,0.4006682505,11191.0,0.0
0.7935574480945002,0.0,0.306609453,0.3398867545,11191.0,0.0
0.8242137475024554,0.0,0.299502098,0.322852766,11191.0,0.0
0.9049184700314777,0.0,0.305950839,0.34098361499999996,11191.0,0.0
0.9114453731429135,0.0,0.31072232,0.39580469,11191.0,0.0
0.91241663785668,0.020384509,0.30212533,0.415528651,11191.0,0.0
0.9099430704730578,0.058252873,0.30223401,0.420628549,11191.0,0.0
0.9051157114695381,0.12012009300000001,0.3064682245,0.4411518145,11191.0,0.0
0.9034402481845873,0.07419339550000001,0.312217788,0.46679847399999996,11191.0,0.0
0.9114848311519614,0.000936913,0.3046940115,0.4608429415,11191.0,0.0
0.9139580118428443,0.0,0.2790356895,0.4335619175,11191.0,0.0
0.8910648671174403,0.0,0.2528364665,0.4079233125,11191.0,0.0
0.8711424792272979,0.0,0.231549625,0.408495039,11191.0,0.0
0.8267437942633132,0.0,0.2568469705,0.4685973365,11191.0,0.0
0.79488351982859,0.0,0.2198707565,0.474786201,11191.0,0.0
0.7923763213936867,0.0,0.192536828,0.48729651949999997,11191.0,0.0
0.8224817572170413,0.0,0.173865652,0.489799654,11191.0,0.0
0.9031281631355383,0.0,0.1628899585,0.480760705,11191.0,0.0
0.9075987082522942,0.0,0.16595699,0.47188017849999997,11191.0,0.0
0.9076977399676531,0.009539491,0.172454116,0.484697749,11191.0,0.0
0.903945271263644,0.0910805935,0.19093201599999998,0.4733396175,11191.0,0.0
0.9022239188659706,0.10910588299999999,0.18027602599999998,0.45185512299999997,11191.0,0.0
0.902679184133799,0.006262158,0.163453667,0.45740465799999996,11191.0,0.0
0.9090547349198974,0.0,0.14618190250000002,0.441957004,11191.0,0.0
0.9000711403650707,0.0,0.1351758315,0.39510201300000003,11191.0,0.0
0.8718776734354297,0.0,0.1331949215,0.3647944555,11191.0,0.0
0.8212725115583965,0.0,0.1413829895,0.348844732,11191.0,0.0
0.7912879399453525,0.0,0.145557857,0.341378149,11191.0,0.0
0.7887145670673124,0.0,0.13520160850000001,0.3564331295,11191.0,0.0
0.8517629768503336,0.0,0.1224056635,0.3586930995,11191.0,0.0
0.9164449253409139,0.0,0.120932193,0.353761428,11191.0,0.0
0.9033742915881999,0.0,0.1258293105,0.3571628455,11191.0,0.0
0.9025932568745242,0.006877474,0.122366024,0.351132127,11191.0,0.0
0.9020561741139187,0.042616523999999996,0.11135129199999999,0.33762410649999997,11191.0,0.0
0.9017628992559583,0.049799993,0.1056469965,0.3223495775,11191.0,0.0
0.9031187337364044,0.007186464,0.129988257,0.36235171,11191.0,0.0
0.9125808043725592,0.0,0.15612451049999998,0.4123846545,11191.0,0.0
0.905368512881028,0.0,0.1697914925,0.45502022200000003,11191.0,0.0
0.8782384277633204,0.0,0.1838880885,0.4777754665,11191.0,0.0
0.8262591771470622,0.0,0.163078183,0.4313336555,11191.0,0.0
0.7932041640335203,0.0,0.1609475345,0.4262347285,11191.0,0.0
0.7894658634366163,0.0,0.1644181735,0.42857314950000003,11191.0,0.0
0.820649671171667,0.0,0.162363169,0.4358932,11191.0,0.0
0.9004922184525184,0.0,0.1555516435,0.438071572,11191.0,0.0
0.9060730015209643,0.0,0.163568519,0.448434436,11191.0,0.0
0.9073996777945426,0.0205269735,0.16671186049999998,0.4670231715,11191.0,0.0
0.9056635287418714,0.085134314,0.191443632,0.457686261,11191.0,0.0
0.9049976761183254,0.0725971215,0.189822112,0.413553721,11191.0,0.0
0.9075499660752787,0.0065551145,0.1712299095,0.3697808255,11191.0,0.0
0.9147861447482202,0.0,0.148651735,0.373224167,11191.0,0.0
0.9063245458366687,0.0,0.12722162450000002,0.3664489045,11191.0,0.0
0.878944221909431,0.0,0.09928328,0.3612533095,11191.0,0.0
0.8443446436598718,0.0,0.090334477,0.344993417,11191.0,0.0
0.796340151035682,0.0,0.0844686015,0.349835397,11191.0,0.0
0.782180289833572,0.0,0.076784643,0.3204792745,11191.0,0.0
0.7841362377943453,0.0,0.079934372,0.3198711825,11191.0,0.0
0.7942593253285071,0.0,0.092688826,0.33254646050000003,11191.0,0.0
0.8319061102566605,0.0,0.10748124349999999,0.3610581625,11191.0,0.0
0.8515491977543925,0.011949293,0.117065927,0.386855378,11191.0,0.0
0.8539467507913907,0.0637865245,0.1181272535,0.3983435365,11191.0,0.0
0.8539339366008489,0.0735697085,0.1182017715,0.3825410885,11191.0,0.0
0.8598660694794171,0.013205775999999999,0.134311438,0.3934899395,11191.0,0.0
0.8766143178645244,0.0,0.168521277,0.44114540999999996,11191.0,0.0
0.8727934747997534,0.0,0.186187895,0.4845597545,11191.0,0.0
0.8520016585651073,0.0,0.20214952149999998,0.4725517875,11191.0,0.0
0.8232765251314841,0.0,0.167769116,0.414517343,11191.0,0.0
0.7988534666938942,0.0,0.18752195500000002,0.44744233349999996,11191.0,0.0
0.7849225434678812,0.0,0.24277383600000002,0.5009517443333333,11191.0,0.0
0.7893646558120365,0.0,0.295294397,0.5695479385,11191.0,0.0
0.8154644346303624,0.0,0.32192093450000003,0.5942364554999999,11191.0,0.0
0.8471251704950427,0.00484738,0.34839129700000004,0.620212054,11191.0,0.0
0.8563928525606395,0.058610739999999995,0.34064555799999996,0.6402629975,11191.0,0.0
0.8566175596130732,0.064122632,0.38098548099999996,0.657643804,11191.0,0.0
0.8614372302203419,0.0073570515,0.4328329405,0.6784159845,11191.0,0.0
0.8778117405648553,0.0,0.495650146,0.7331393905,11191.0,0.0
0.8749956238287713,0.0,0.5653179375,0.8049111879999999,11191.0,0.0
0.8544460195282635,0.0,0.62156207,0.8555455005,11191.0,0.0
0.8274149659291246,0.0,0.574735781,0.820736135,11191.0,0.0
0.8076080745998486,0.0,0.6305200325,0.8440846694999999,11191.0,0.0
0.7963967992589076,0.0,0.66875416,0.8668589955,11191.0,0.0
0.811678262062699,0.0,0.7101051935,0.898323258,11191.0,0.0
0.9055496037475274,0.0,0.7471948845,0.923258967,11191.0,0.0
0.9102681149438149,0.0,0.7727400959999999,0.9326788564999999,11191.0,0.0
0.9126102526481789,0.007144835,0.78540402,0.936074627,11191.0,0.0
0.9131232057818496,0.020372501,0.7520115355,0.9348895945,11191.0,0.0
0.9120838083656846,0.019976672,0.7750695489999999,0.93634343,11191.0,0.0
0.9123299368183462,0.005782517,0.8035661485000001,0.937301129,11191.0,0.0
0.9173080678129089,0.0,0.8295912274999999,0.9374948635,11191.0,0.0
0.906829568718935,0.0,0.833817636,0.9374457494999999,11191.0,0.0
0.8783845574735893,0.0,0.8341186279999999,0.937070344,11191.0,0.0
0.825118620516706,0.0,0.8222513325,0.9374454999999999,11191.0,0.0
0.7927988498248945,0.0,0.863105173,0.9366856605,11191.0,0.0
0.7891798900853773,0.0,0.870864608,0.9305865265,11191.0,0.0
0.8209261669101734,0.0,0.868074145,0.918389894,11191.0,0.0
0.8996987078306515,0.0,0.8616675685,0.9001803685,11191.0,0.0
0.9030421872690845,0.0,0.847826296,0.8791814250000001,11191.0,0.0
0.9025932568745242,0.002437541,0.828183222,0.874039668,11191.0,0.0
0.9024309761991137,0.008847234,0.773939203,0.920521228,11191.0,0.0
0.9019716007712071,0.022471249,0.7694084525,0.9124853264999999,11191.0,0.0
0.9012847136369628,0.0142794065,0.7577847865,0.902570678,11191.0,0.0
0.904286756177924,0.001935257,0.724094707,0.881766265,11191.0,0.0
0.9104744469082879,0.0,0.6867673195,0.855322012,11191.0,0.0
0.9021866851765322,0.0,0.6372185095,0.8018036964999999,11191.0,0.0
0.8747626480457924,0.0,0.5865233365,0.7437964885,11191.0,0.0
0.8394854182227778,0.0,0.539094412,0.745874033,11191.0,0.0
0.8027194736995082,0.0,0.5343147020000001,0.7246896805,11191.0,0.0
0.7893278816277107,0.0,0.506253676,0.687776428,11191.0,0.0
0.8060001154694038,0.0,0.4715313795,0.646448578,11191.0,0.0
0.9000448350257055,0.0,0.452153437,0.623997505,11191.0,0.0
0.9073585758001796,0.0,0.4325295145,0.5949393175,11191.0,0.0
0.9094202528371249,0.007531333,0.41423981,0.56066172,11191.0,0.0
0.9079356481001581,0.0231875285,0.399445153,0.527836135,11191.0,0.0
0.9073813511169706,0.031068237,0.370687084,0.4993431575,11191.0,0.0
0.9095677848743458,0.0103292355,0.3533475225,0.48415357000000003,11191.0,0.0
0.9198513634738561,0.0,0.3402627075,0.4720423415,11191.0,0.0
0.9133270233579609,0.0,0.3127024735,0.429655723,11191.0,0.0
0.8883245234631975,0.0,0.282121424,0.384068735,11191.0,0.0
0.8317610443942026,0.0,0.2498457665,0.332829775,11191.0,0.0
0.7988436988156196,0.0,0.264740437,0.3482515445,11191.0,0.0
0.7948612282221059,0.0,0.25613875399999997,0.334584231,11191.0,0.0
0.8230723686826514,0.0,0.242778456,0.306585176,11191.0,0.0
0.9031822725684178,0.0,0.2223328865,0.294938863,11191.0,0.0
0.9079211897275108,0.0,0.2112958555,0.284184326,11191.0,0.0
0.9082078886442103,0.013492717,0.207474191,0.275670661,11191.0,0.0
0.9080165465827097,0.042391365,0.1924491175,0.2742826345,11191.0,0.0
0.9077941120634843,0.0545055865,0.175128285,0.263072021,11191.0,0.0
0.910595770426921,0.0117696165,0.1754314505,0.251138168,11191.0,0.0
0.918623525667662,0.0,0.175699523,0.29045362799999996,11191.0,0.0
0.9105842135289551,0.0,0.16394661900000002,0.287894032,11191.0,0.0
0.8832580474449856,0.0,0.150703339,0.22694439900000002,11191.0,0.0
0.8527712333983848,0.0,0.148878648,0.193754526,11191.0,0.0
0.8074672397266507,0.0,0.1459089245,0.1901021825,11191.0,0.0
0.7967054755081446,0.0,0.127143183,0.15740183149999998,11191.0,0.0
0.8124161639071668,0.0,0.11634079950000001,0.1212661265,11191.0,0.0
0.9079525724507782,0.0,0.114150259,0.10774815,11191.0,0.0
0.9137647839408751,0.0,0.1151566715,0.103834556,11191.0,0.0
0.9150000688785372,0.031099324,0.11457736,0.087050939,11191.0,0.0
0.9133660462638807,0.065329868,0.118163575,0.078854125,11191.0,0.0
0.9117236580979015,0.097362737,0.117541376,0.06431564449999999,11191.0,0.0
0.9111197967482507,0.0592538445,0.1335497205,0.064392726,11191.0,0.0
0.9179192786860895,0.0030816125,0.1624071835,0.08615296750000001,11191.0,0.0
0.922170000886339,0.0,0.174093641,0.112670467,11191.0,0.0
0.9142155039454972,0.0,0.1798683835,0.13457360000000002,11191.0,0.0
0.8883245234631975,0.0,0.18331997449999998,0.15680678850000002,11191.0,0.0
0.8510105196156507,0.0,0.185862502,0.151063193,11191.0,0.0
0.7986982460636323,0.0,0.1957148635,0.174351693,11191.0,0.0
0.7834224651832317,0.0,0.201883235,0.20192469149999998,11191.0,0.0
0.7840158814995358,0.0,0.20398661499999998,0.2257586775,11191.0,0.0
0.7941799984124777,0.0,0.1991483395,0.250657819,11191.0,0.0
0.8319982271580373,0.0,0.1881454515,0.25929296150000003,11191.0,0.0
0.8518489041096083,0.0357050625,0.1662831575,0.254595623,11191.0,0.0
0.8512074225745703,0.06827857500000001,0.14441263650000002,0.256042326,11191.0,0.0
0.8511579068152858,0.057551592,0.129741399,0.254133292,11191.0,0.0
0.8558837193215046,0.0154044955,0.1329149705,0.26766496949999996,11191.0,0.0
0.872909189010579,0.0,0.1320746715,0.2812588275,11191.0,0.0
0.8719193559608771,0.0,0.11116126900000001,0.2565904725,11191.0,0.0
0.8538258625726758,0.0,0.0951577175,0.2202492985,11191.0,0.0
0.8187420540963951,0.0,0.07904435900000001,0.16712942949999998,11191.0,0.0
0.7944302614272021,0.0,0.0747650855,0.1667560815,11191.0,0.0
0.7908753482384094,0.0,0.066342598,0.156660985,11191.0,0.0
0.7973504386553683,0.0,0.063629145,0.13024848,11191.0,0.0
0.8235355642018845,0.0,0.063992519,0.1111975335,11191.0,0.0
0.8471090197266914,0.0,0.062740414,0.096130951,11191.0,0.0
0.8595130272735908,0.059513773,0.061844786,0.07918480850000001,11191.0,0.0
0.8598751119890216,0.14267582750000002,0.0545091295,0.061236236,11191.0,0.0
0.8600541233734971,0.082950513,0.052296157999999995,0.0653277575,11191.0,0.0
0.868545702681364,0.007201907,0.059048644,0.085922039,11191.0,0.0
0.8819142051624238,0.0,0.064118653,0.1070635255,11191.0,0.0
0.8819496010282017,0.0,0.065686727,0.132216506,11191.0,0.0
0.8709208186839217,0.0,0.065216003,0.16519737950000002,11191.0,0.0
0.8391122121060894,0.0,0.0669475735,0.212368648,11191.0,0.0
0.8098930323538714,0.0,0.0679623015,0.25947757299999996,11191.0,0.0
0.7986838361013738,0.0,0.0618161465,0.26579172949999996,11191.0,0.0
0.8139252607586133,0.0,0.0545075305,0.25891076999999996,11191.0,0.0
0.9103051549916983,0.0,0.053878798,0.2568239,11191.0,0.0
0.9157169362123067,0.0,0.0541006325,0.261641729,11191.0,0.0
0.9157734151959618,0.041494298,0.051046892999999996,0.277869527,11191.0,0.0
0.915405383087163,0.0995379965,0.048754827,0.2889781095,11191.0,0.0
0.9147068420373852,0.071809976,0.047997234,0.278224179,11191.0,0.0
0.9159456083904425,0.0182779365,0.050793426,0.27309402,11191.0,0.0
0.9233078496835687,0.0,0.0607753655,0.27703425849999996,11191.0,0.0
0.9158514124006225,0.0,0.067055689,0.275468586,11191.0,0.0
0.8903650691686669,0.0,0.071504979,0.2721741875,11191.0,0.0
0.8354724111038485,0.0,0.093378581,0.24896797399999998,11191.0,0.0
0.8011017226823844,0.0,0.1079980185,0.233561841,11191.0,0.0
0.7985281805647739,0.0,0.12856972449999998,0.236995714,11191.0,0.0
0.8282328476394991,0.0,0.139712994,0.236347338,11191.0,0.0
0.909981222779141,0.0,0.161165597,0.292536564,11191.0,0.0
0.91448034576847,0.0,0.200408525,0.3666962105,11191.0,0.0
0.9150102232527609,0.01552921,0.213167514,0.463119235,11191.0,0.0
0.9131557003697364,0.06488629400000001,0.238991559,0.5056691645,11191.0,0.0
0.9119444000246328,0.06962715650000001,0.271775969,0.5794487715000001,11191.0,0.0
0.9131519770991876,0.010113305999999999,0.299597695,0.6618146505,11191.0,0.0
0.9170984472874348,0.0,0.34483037250000004,0.702720019,11191.0,0.0
0.903759683347537,0.0,0.39294199949999997,0.729244089,11191.0,0.0
0.872498362314923,0.0,0.443028427,0.7701208195,11191.0,0.0
0.833479785582737,0.0,0.507415613,0.791302541,11191.0,0.0
0.7996646270350516,0.0,0.550110785,0.8207526190000001,11191.0,0.0
0.7838953801703505,0.0,0.572807785,0.8855901315000001,11191.0,0.0
0.7906691853167167,0.0,0.548488995,0.9193370775,11191.0,0.0
0.8841492840792466,0.0,0.493848459,0.9301362205,11191.0,0.0
0.8974997017378881,0.0,0.45623404300000003,0.9238381099999999,11191.0,0.0
0.8915993868825052,0.0411556965,0.4040598595,0.905394129,11191.0,0.0
0.8890088960122899,0.0669684395,0.37555765350000003,0.893602971,11191.0,0.0
0.8861425867554302,0.030911865,0.3884617255,0.8947753279999999,11191.0,0.0
0.8883927525927932,0.001353242,0.453514537,0.891654497,11191.0,0.0
0.892560448614869,0.0,0.5435657905,0.9085958624999999,11191.0,0.0
0.882952151644458,0.0,0.6235812844999999,0.9193044615,11191.0,0.0
0.8545362019819926,0.0,0.649148791,0.901295229,11191.0,0.0
0.8111500769741121,0.0,0.683948127,0.904644167,11191.0,0.0
0.761470604972069,0.0,0.6941684855,0.9192364774999999,11191.0,0.0
0.7511187968493824,0.0,0.6733825845000001,0.9064201654999999,11191.0,0.0
0.7720019562063463,0.0,0.6319108585,0.8914316435,11191.0,0.0
0.8789473648456854,0.0,0.584435313,0.9190797820000001,11191.0,0.0
0.8965895580917607,0.000823112,0.553311662,0.922228013,11191.0,0.0
0.8900336420046233,0.037274115,0.534501183,0.920349089,11191.0,0.0
0.8875628790781147,0.1106773425,0.5302347119999999,0.8675893315000001,11191.0,0.0
0.8867646779618753,0.11739281500000001,0.543461771,0.845693356,11191.0,0.0
0.8883684783250629,0.0449577865,0.5594578665000001,0.8467226864999999,11191.0,0.0
0.8970590398770828,0.0,0.5518552745,0.8616910325,11191.0,0.0
0.8894332622671581,0.0,0.539398357,0.857321592,11191.0,0.0
0.8635813046907781,0.0,0.492377567,0.83056955,11191.0,0.0
0.8253979691227149,0.0,0.453625177,0.804390493,11191.0,0.0
0.7872988202046243,0.0,0.3978157195,0.718407943,11191.0,0.0
0.7810953173818402,0.0,0.35849273299999995,0.641320897,11191.0,0.0
0.7980754538905013,0.0,0.317339363,0.584622281,11191.0,0.0
0.89522874304819,0.0,0.27959316050000005,0.5312349890000001,11191.0,0.0
0.9002210419530674,0.0,0.2511295315,0.500254384,11191.0,0.0
0.8982938893180364,0.018773745,0.2289144,0.47122898,11191.0,0.0
0.894181608628595,0.1283518555,0.23602185450000002,0.44182340200000003,11191.0,0.0
0.8918690160206282,0.148174696,0.19958363499999998,0.3937487205,11191.0,0.0
0.8941892488112473,0.0404091295,0.1806594725,0.3452640175,11191.0,0.0
0.9024860530526073,0.0,0.1749940905,0.33900235,11191.0,0.0
0.8943509007419748,0.0,0.172608482,0.33218668949999997,11191.0,0.0
0.867263126304027,0.0,0.186879196,0.334144074,11191.0,0.0
0.8122921567606016,0.0,0.203007593,0.357095488,11191.0,0.0
0.7778375717579172,0.0,0.1994873645,0.37847608200000005,11191.0,0.0
0.7724369365373411,0.0,0.203791952,0.3972245595,11191.0,0.0
0.7780156645257479,0.0,0.189749965,0.42004417,11191.0,0.0
0.8048150476512921,0.0,0.164151811,0.424647397,11191.0,0.0
0.8317765180074821,0.002124279,0.140355574,0.414809179,11191.0,0.0
0.8434916557588911,0.061121937,0.120582312,0.41415901,11191.0,0.0
0.8436841582921899,0.188329009,0.0837206885,0.37674047450000003,11191.0,0.0
0.8424461173078028,0.20053537700000001,0.0702059065,0.380042502,11191.0,0.0
0.8470910317250504,0.06567265750000001,0.0888161145,0.410467331,11191.0,0.0
0.8635658792910972,0.0,0.143550756,0.4354688635,11191.0,0.0
0.8584741617813312,0.0,0.2218576325,0.4845049365,11191.0,0.0
0.8378847123854558,0.0,0.308054839,0.537653732,11191.0,0.0
0.8088158693243626,0.0,0.373577004,0.574436546,11191.0,0.0
0.7895890485905237,0.0,0.4173604785,0.615931071,11191.0,0.0
0.7708263661977572,0.0,0.431289562,0.6738825205,11191.0,0.0
0.765812041353163,0.0,0.40683390649999995,0.7070309475000001,11191.0,0.0
0.7725252573557959,0.0,0.38536786450000005,0.721102904,11191.0,0.0
0.8134745651559757,0.0010271935,0.36899895299999996,0.7122776639999999,11191.0,0.0
0.8311219806235388,0.039942327,0.34594887100000005,0.6682552165,11191.0,0.0
0.8291886869535847,0.0895617805,0.321273009,0.6446256865,11191.0,0.0
0.8284880184049749,0.0633749295,0.30858068149999995,0.6342408225,11191.0,0.0
0.8344399285016656,0.021685447,0.299177998,0.632060919,11191.0,0.0
0.8482257857996243,0.0,0.296084951,0.634472092,11191.0,0.0
0.8487191065527584,0.0,0.2859957105,0.6287806835,11191.0,0.0
0.8302246027575644,0.0,0.2655806675,0.624796679,11191.0,0.0
0.8009166426817789,0.0,0.235350616,0.623582295,11191.0,0.0
0.7941077799519854,0.0,0.239789367,0.6071982355,11191.0,0.0
0.7794514062565177,0.0,0.2257644215,0.5736775190000001,11191.0,0.0
0.7952301307339511,0.0,0.198609235,0.47120466149999995,11191.0,0.0
0.8876509822466104,0.0,0.1846295455,0.3563952615,11191.0,0.0
0.8991028253395841,0.0,0.200058383,0.346208258,11191.0,0.0
0.8940966483963537,0.004863186,0.211233858,0.385229708,11191.0,0.0
0.8918091522455651,0.038099294,0.20386860950000002,0.40024570950000005,11191.0,0.0
0.8935366938917602,0.0511398175,0.2147764465,0.451920266,11191.0,0.0
0.898322612421776,0.0114823115,0.219990211,0.516300011,11191.0,0.0
0.9053264922700202,0.0,0.212031363,0.5601317690000001,11191.0,0.0
0.8969899401476505,0.0,0.1864118485,0.5634521745000001,11191.0,0.0
0.8687444428735732,0.0,0.168580072,0.5531576444999999,11191.0,0.0
0.8302111598223395,0.0,0.165708152,0.561325991,11191.0,0.0
0.8003612578423762,0.0,0.1684649865,0.6086432655,11191.0,0.0
0.7868654358421363,0.0,0.154153798,0.6512279299999999,11191.0,0.0
0.8049819462054921,0.0,0.136961866,0.6490117440000001,11191.0,0.0
0.900411900304261,0.0,0.12050190250000001,0.6289064394999999,11191.0,0.0
0.9037223532309016,0.001744688,0.11068713,0.608913418,11191.0,0.0
0.9025932568745242,0.049406753,0.111674078,0.596777093,11191.0,0.0
0.9009759649689328,0.14520946,0.112029379,0.5718598205000001,11191.0,0.0
0.8991558711214427,0.175722895,0.1114217385,0.50225024,11191.0,0.0
0.9013781844549027,0.081446044,0.1096636505,0.453919524,11191.0,0.0
0.9086341887563556,0.0,0.116999194,0.423039684,11191.0,0.0
0.9000832291869423,0.0,0.11843300600000001,0.3710852015,11191.0,0.0
0.8792105628801333,0.0,0.125504799,0.365010314,11191.0,0.0
0.8498637251295942,0.0,0.1395610045,0.3476386215,11191.0,0.0
0.8006849724049744,0.0,0.174866453,0.388427203,11191.0,0.0
0.7872237968934379,0.0,0.2305116055,0.436632829,11191.0,0.0
0.8037854181134018,0.0,0.288432578,0.4833940935,11191.0,0.0
0.8983758516483993,0.0,0.342132586,0.551502658,11191.0,0.0
0.9010190980349309,0.000511701,0.40200139749999997,0.6660738705,11191.0,0.0
0.9011123268009271,0.007481422,0.452018869,0.735889108,11191.0,0.0
0.900436706692687,0.0428466875,0.488793461,0.7609193835,11191.0,0.0
0.8996067843740394,0.04898216,0.5185819905,0.7888807305000001,11191.0,0.0
0.8992729392488314,0.0065700665,0.549701031,0.8159936409999999,11191.0,0.0
0.9045252930551122,0.0,0.5609249215000001,0.8506629649999999,11191.0,0.0
0.8963248611063734,0.0,0.5642540055,0.8649862665000001,11191.0,0.0
0.868968521378114,0.0,0.560964147,0.8697570805,11191.0,0.0
0.8269415188213098,0.0,0.533226666,0.850005092,11191.0,0.0
0.8013286298492333,0.0,0.5453841580000001,0.8532757915,8924.0,0.0
0.7952615858760113,0.0,0.5327898504999999,0.859315777,8924.0,0.0
0.823760174827121,0.0,0.509078629,0.854082723,8924.0,0.0
0.9093584546144142,0.0,0.4970346845,0.848784034,8924.0,0.0
0.9503507018390369,0.0023622245,0.491855722,0.845078216,8924.0,0.0
0.9481631074130732,0.030444092,0.494709061,0.82931816,8924.0,0.0
0.946671829914068,0.082907472,0.49855408,0.78392289,8924.0,0.0
0.9459792850616273,0.079291277,0.4891955505,0.768993196,8924.0,0.0
0.9471932450262587,0.0351071035,0.4766547275,0.750060603,8924.0,0.0
0.9571631914121821,0.0,0.47513817950000004,0.7372026805,8924.0,0.0
0.951464953326818,0.0,0.46150313649999997,0.7015902505,8924.0,0.0
0.917977885562157,0.0,0.433279539,0.681552284,8924.0,0.0
0.8472851298332758,0.0,0.4050110885,0.6781950729999999,8924.0,0.0
0.8061192388736218,0.0,0.3746784225,0.6363093035,8924.0,0.0
0.8024343707513155,0.0,0.362181697,0.6139371135,8924.0,0.0
0.8686286802523588,0.0,0.34059504549999997,0.6012081794999999,8924.0,0.0
0.9475081833363906,0.0,0.332793108,0.583901246,8924.0,0.0
0.9656332042854452,0.002163716,0.328201556,0.5768090225,8924.0,0.0
0.964109334787405,0.049847484,0.314994386,0.578605684,8924.0,0.0
0.9629872982793858,0.2080055915,0.310303184,0.571410714,8924.0,0.0
0.9613861573389357,0.20519030049999998,0.28760277700000003,0.574414585,8924.0,0.0
0.9627570787399219,0.053847864999999995,0.30540155950000003,0.5792211735,8924.0,0.0
0.9754520882179931,0.0,0.3226090345,0.616962153,8924.0,0.0
0.9718545984858828,0.0,0.3246107615,0.647777928,8924.0,0.0
0.9411591311376319,0.0,0.3311602205,0.6653032695000001,8924.0,0.0
0.8671933012059244,0.0,0.3348601095,0.6652328540000001,8924.0,0.0
0.817684184968282,0.0,0.3231261125,0.6293416705,8924.0,0.0
0.8108209707536653,0.0,0.3253273955,0.6303852095,8924.0,0.0
0.8162883121444938,0.0,0.329212648,0.606698399,8924.0,0.0
0.8540317594340207,0.0,0.325003963,0.61586514,8924.0,0.0
0.8855280875180387,0.004225086,0.316986132,0.624435094,8924.0,0.0
0.8961388866943173,0.038714741,0.308559605,0.625865752,8924.0,0.0
0.8991500201552717,0.1255140615,0.3014190535,0.6443504339999999,8924.0,0.0
0.8973063288015428,0.13594434249999998,0.2799500065,0.6352420354999999,8924.0,0.0
0.902752925750425,0.041089138000000004,0.3045495265,0.6488767520000001,8924.0,0.0
0.9207367491419464,0.0,0.320400443,0.680127276,8924.0,0.0
0.922068986509734,0.0,0.3107364055,0.700942478,8924.0,0.0
0.9150841102973433,0.0,0.29194317449999996,0.7177459225,8924.0,0.0
0.8954863799884286,0.0,0.281943806,0.730900496,8924.0,0.0
0.8539708318111463,0.0,0.2921973505,0.7700108305,8924.0,0.0
0.8158065724945199,0.0,0.2597042915,0.7641851550000001,8924.0,0.0
0.8091960872726005,0.0,0.24263235849999998,0.728210625,8924.0,0.0
0.8133658623831195,0.0,0.2296243385,0.7365140375,8924.0,0.0
0.8519429068514539,0.0,0.216033467,0.7271507005,8924.0,0.0
0.884676357106424,0.007947331,0.207233676,0.7200614,8924.0,0.0
0.8960066830392096,0.085650102,0.195767276,0.706355023,8924.0,0.0
0.8975981047085638,0.223111623,0.181148906,0.6758755885,8924.0,0.0
0.8961683833803257,0.22676941150000002,0.1589006665,0.6357216210000001,8924.0,0.0
0.9019087388974752,0.0915665825,0.14935301499999998,0.599878081,8924.0,0.0
0.922212021497347,0.0,0.143116336,0.5740760455,8924.0,0.0
0.9195093948492692,0.0,0.13342005899999998,0.5563089055,8924.0,0.0
0.9074215344946888,0.0,0.132798007,0.515764907,8924.0,0.0
0.8783840739600726,0.0,0.140436115,0.450903918,8924.0,0.0
0.834841954739661,0.0,0.139140893,0.4321830285,8924.0,0.0
0.8232651612847024,0.0,0.131593293,0.427551636,8924.0,0.0
0.840547446118148,0.0,0.1262984315,0.40198399949999997,8924.0,0.0
0.9166072060163244,0.0,0.122500761,0.374893709,8924.0,0.0
0.9735381368598237,0.0,0.124359297,0.3583162755,8924.0,0.0
0.9798495684796146,0.02024233,0.122689423,0.341729543,8924.0,0.0
0.9710694050049501,0.110645423,0.119317049,0.330478853,8924.0,0.0
0.9713871959857941,0.195544715,0.122135729,0.308587529,8924.0,0.0
0.9672856019880623,0.25514974349999997,0.1169049795,0.28133489349999996,8924.0,0.0
0.9654864456337029,0.1923450285,0.09437293199999999,0.25176383950000003,8924.0,0.0
0.968596514186029,0.076973993,0.090468043,0.266420461,8924.0,0.0
0.984302657518635,0.001025825,0.08924255950000001,0.274528148,8924.0,0.0
0.9862765212590465,0.0,0.0893438995,0.2635790065,8924.0,0.0
0.9541166616918695,0.0,0.0799635775,0.2290626895,8924.0,0.0
0.8779960225812076,0.0,0.0803348685,0.219152774,8924.0,0.0
0.8303383345039339,0.0,0.073498573,0.24433955000000002,8924.0,0.0
0.8255874735573453,0.0,0.0683157265,0.3439453085,8924.0,0.0
0.85492710622836,0.0,0.073815311,0.425403499,8924.0,0.0
0.9350641858565378,0.0,0.0896210885,0.4747711975,8924.0,0.0
0.9735557865791141,0.0035468955,0.11514424300000001,0.5197321835,8924.0,0.0
0.968048358631345,0.038492968,0.122511501,0.494949965,8924.0,0.0
0.9671343462867124,0.1043216765,0.1459527865,0.48090548899999996,8924.0,0.0
0.9656155061557661,0.1316681275,0.141708406,0.4823128975,8924.0,0.0
0.9671210969930424,0.04428559,0.1579207915,0.4927127295,8924.0,0.0
0.9794395157598077,0.00051888,0.158084364,0.446095858,8924.0,0.0
0.9746511794654176,0.0,0.132991733,0.372649251,8924.0,0.0
0.9455267760373139,0.0,0.0981849035,0.32728786099999996,8924.0,0.0
0.9026365829917066,0.0,0.091144417,0.300519025,8924.0,0.0
0.832207073707662,0.0,0.0857609305,0.328867004,8924.0,0.0
0.819853839409413,0.0,0.08800081200000001,0.38447427450000005,8924.0,0.0
0.8355059697363367,0.0,0.0823893815,0.3969082725,8924.0,0.0
0.9097754709521721,0.0,0.081791827,0.373459727,8924.0,0.0
0.9640012607592319,0.0,0.08020905049999999,0.34371074700000004,8924.0,0.0
0.968763726817385,0.021781453,0.080877205,0.307638291,8924.0,0.0
0.9656997412161271,0.135982867,0.075573038,0.295207552,8924.0,0.0
0.9649537152819095,0.3175200715,0.06927470050000001,0.31698396900000003,8924.0,0.0
0.9631233702394182,0.277843748,0.07546835299999999,0.265677175,8924.0,0.0
0.9635596316746029,0.080791208,0.0912607265,0.26450706599999996,8924.0,0.0
0.9759092395230805,0.001030017,0.1038523665,0.29954800000000004,8924.0,0.0
0.971503925634042,0.0,0.10805635499999999,0.3186517605,8924.0,0.0
0.9400488931859419,0.0,0.1103591785,0.328530297,8924.0,0.0
0.865198354544426,0.0,0.1206936535,0.327991428,8924.0,0.0
0.8175047382838883,0.0,0.11198957400000001,0.3499238025,8924.0,0.0
0.8148819464673411,0.0,0.12093705900000001,0.3602929605,8924.0,0.0
0.8754459085334751,0.0,0.142712081,0.3820421625,8924.0,0.0
0.9603879101307322,0.0,0.1741551665,0.381001017,8924.0,0.0
0.9646582645147285,0.014645539,0.194678885,0.39233981,8924.0,0.0
0.9613780336427665,0.106369527,0.202690783,0.389144305,8924.0,0.0
0.9558048905601828,0.1960522745,0.2016839145,0.404951507,8924.0,0.0
0.949784025965226,0.196415333,0.203594309,0.3873966005,8924.0,0.0
0.953354340151715,0.10042044250000001,0.2316968885,0.4375782715,8924.0,0.0
0.9708629760229094,0.001536533,0.27363728,0.51935522,8924.0,0.0
0.9700134215205154,0.0,0.2810865105,0.5346499730000001,8924.0,0.0
0.9394526238053451,0.0,0.2717724925,0.5480181150000001,8924.0,0.0
0.8653833135190596,0.0,0.27118193349999997,0.5413869925,8924.0,0.0
0.816786758888709,0.0,0.306924152,0.573673978,8924.0,0.0
0.8127175626580867,0.0,0.3239542595,0.5862737425,8924.0,0.0
0.871411673459083,0.0,0.33478077549999996,0.5904836175,8924.0,0.0
0.9581845522195274,0.0,0.3586196275,0.59290767,8924.0,0.0
0.9630963395313827,0.0855860685,0.363532155,0.5859226230000001,8924.0,0.0
0.9589655871299931,0.2271687005,0.344473519,0.582508425,8924.0,0.0
0.9548912170882715,0.214780307,0.377140975,0.557432297,8924.0,0.0
0.9591616678994648,0.10554996800000001,0.4175088765,0.560343966,8924.0,0.0
0.9754074563978461,0.0016623805,0.43800992299999997,0.601625619,8924.0,0.0
0.9712337645720135,0.0,0.4321944935,0.6257397,8924.0,0.0
0.9406465162863117,0.0,0.402262458,0.6129734775,8924.0,0.0
0.900652564680281,0.0,0.356632535,0.587765579,8924.0,0.0
0.8265116886865904,0.0,0.3489811675,0.5450982185,8924.0,0.0
0.8100762507192028,0.0,0.3418652545,0.49564774349999996,8924.0,0.0
0.8087947864032754,0.0,0.329644468,0.484811466,8924.0,0.0
0.8132379141192563,0.0,0.3219241775,0.504140398,8924.0,0.0
0.8501792435772302,0.0,0.326803444,0.5261138830000001,8924.0,0.0
0.8817484428748279,0.020102545,0.336452204,0.547727748,8924.0,0.0
0.8917357489112898,0.051953146,0.334531572,0.537112591,8924.0,0.0
0.8919582314473238,0.090805812,0.3498851735,0.5627985345,8924.0,0.0
0.8916937281034916,0.0939523705,0.3613116415,0.495256788,8924.0,0.0
0.8974945761403874,0.054407868,0.35247899650000003,0.47002880599999997,8924.0,0.0
0.9156486102619334,0.003196412,0.375343753,0.500431342,8924.0,0.0
0.9181937435497511,0.0,0.4084281685,0.525293528,8924.0,0.0
0.9118287340274059,0.0,0.428283177,0.5422407570000001,8924.0,0.0
0.8932472389283357,0.0,0.434837261,0.546367969,8924.0,0.0
0.8504475672091787,0.0,0.440979487,0.549315437,8924.0,0.0
0.8119433941512142,0.0,0.44574380550000003,0.5554187669999999,8924.0,0.0
0.8051101845381072,0.0,0.44352453599999997,0.5302823985,8924.0,0.0
0.8079467552538052,0.0,0.446032637,0.5336858685,8924.0,0.0
0.8458395962158273,0.0,0.43328759,0.563385864,8924.0,0.0
0.8838965792917439,0.046289974,0.417022095,0.622268458,8924.0,0.0
0.889258506077137,0.1568548835,0.4314842405,0.656347295,8924.0,0.0
0.8883107904592205,0.17526102,0.445072606,0.6616861025,8924.0,0.0
0.8952198455729616,0.06996576,0.4416481425,0.6837401955,8924.0,0.0
0.9114607503289958,0.001438378,0.453531235,0.705895512,8924.0,0.0
0.9100506609877139,0.0,0.4411741555,0.7108847205,8924.0,0.0
0.8991802422099504,0.0,0.425662943,0.7092800635000001,8924.0,0.0
0.8666408900632057,0.0,0.4313972815,0.7256842655,8924.0,0.0
0.8148937208184759,0.0,0.430097581,0.732607437,8924.0,0.0
0.7997778752679043,0.0,0.4266529465,0.7589993749999999,8924.0,0.0
0.8154244931077979,0.0,0.42723305349999996,0.7664578295,8924.0,0.0
0.8901880888558265,0.0,0.436250011,0.788474606,8924.0,0.0
0.9454424445497558,0.0,0.442733429,0.793380865,8924.0,0.0
0.9486145527863656,0.01527523,0.443669137,0.791908874,8924.0,0.0
0.9486845711324429,0.083251766,0.437319059,0.786959884,8924.0,0.0
0.9479742801335147,0.1561152275,0.4037024765,0.7709934235,8924.0,0.0
0.9470386531406796,0.2004896785,0.4174335955,0.7693187015,8924.0,0.0
0.9479053738488472,0.068690594,0.4054592825,0.7680346935,8924.0,0.0
0.9567641634696455,0.003143467,0.394157089,0.76134555,8924.0,0.0
0.9589258392489834,0.0,0.378132834,0.760953715,8924.0,0.0
0.9516193999812308,0.0,0.3519475135,0.7813147149999999,8924.0,0.0
0.919734537201621,0.0,0.3188033635,0.808913075,8924.0,0.0
0.8478725985594218,0.0,0.312842932,0.794653888,8924.0,0.0
0.804784293869498,0.0,0.291908544,0.7842922244999999,8924.0,0.0
0.8004724509951897,0.0,0.2682877585,0.7593486895,8924.0,0.0
0.8623260006798401,0.0,0.244735353,0.69184252,8924.0,0.0
0.9485847658348151,0.0,0.225664992,0.6503149815,8924.0,0.0
0.9516182879198212,0.035256638,0.206210823,0.643223864,8924.0,0.0
0.950275267629917,0.111564481,0.192810192,0.634778709,8924.0,0.0
0.9495699085869345,0.1865571125,0.1641942405,0.5670385565,8924.0,0.0
0.9489024601916718,0.20704662699999998,0.1559061445,0.57299946,8924.0,0.0
0.9508469240668525,0.143123035,0.1537939095,0.5618945505,8924.0,0.0
0.9599149953404036,0.009299511,0.167678766,0.569087731,8924.0,0.0
0.9630648601841281,0.0,0.166228702,0.563570752,8924.0,0.0
0.9574433620108485,0.0,0.1623168475,0.5357806175,8924.0,0.0
0.9262957725278138,0.0,0.161169738,0.48987297949999997,8924.0,0.0
0.8899378984566851,0.0,0.172655668,0.459411286,8924.0,0.0
0.8216427923887895,0.0,0.1786774505,0.4407285485,8924.0,0.0
0.8088839052059836,0.0,0.2055084525,0.4215227575,8924.0,0.0
0.8250256816226718,0.0,0.240429951,0.409560064,8924.0,0.0
0.8985842146845071,0.0,0.265776539,0.404366345,8924.0,0.0
0.955046824608063,0.0,0.2876465245,0.422685958,8924.0,0.0
0.9584001201383693,0.035173474,0.298164002,0.433536829,8924.0,0.0
0.9530709782064052,0.147091174,0.304490605,0.429980266,8924.0,0.0
0.9486321058816688,0.21633966500000001,0.31415786,0.458492088,8924.0,0.0
0.946314580924176,0.212430489,0.31019120899999997,0.4448367405,8924.0,0.0
0.9485538668218547,0.1237601495,0.3160746255,0.44522282999999996,8924.0,0.0
0.9643952115146567,0.015508524,0.343242042,0.486682983,8924.0,0.0
0.9715313916419959,0.0,0.353071622,0.529937441,8924.0,0.0
0.9676108397067941,0.0,0.36387161300000004,0.5762575515,8924.0,0.0
0.9365698253009933,0.0,0.3754944675,0.6092001635,8924.0,0.0
0.862759022554783,0.0,0.374230438,0.634959359,8924.0,0.0
0.8146663301381103,0.0,0.4022729705,0.661586562,8924.0,0.0
0.8205123097766597,0.0,0.4330231256666666,0.6550599943333333,8924.0,0.0
0.9234976439901609,0.0,0.4620051935,0.6911860945,8924.0,0.0
0.9628624447381784,0.01530043,0.4862364695,0.7428372505,8924.0,0.0
0.9592728366502936,0.097062694,0.496559434,0.780863877,8924.0,0.0
0.9545798572111024,0.1674468295,0.4959448935,0.7762537605,8924.0,0.0
0.9521184752733389,0.1750541625,0.502478542,0.8180692165,8924.0,0.0
0.9539308323141893,0.0968468425,0.5069918425,0.830472012,8924.0,0.0
0.9650924950750684,0.0020172025,0.52139021,0.858193094,8924.0,0.0
0.9594702715331186,0.0,0.5262936970000001,0.8843021675,8924.0,0.0
0.9275340069569655,0.0,0.505111489,0.878672153,8924.0,0.0
0.8578160943748139,0.0,0.4519964445,0.849399911,8924.0,0.0
0.8095008224045395,0.0,0.44089789700000004,0.8218823495,8924.0,0.0
0.8013392923357487,0.0,0.4036275735,0.764280497,8924.0,0.0
0.8619911401172096,0.0,0.3615615505,0.7056419025,8924.0,0.0
0.9489728656240688,0.0,0.328190072,0.647440409,8924.0,0.0
0.9530678834837494,0.022689179,0.300289734,0.584960527,8924.0,0.0
0.950275267629917,0.138719046,0.309989815,0.544319279,8924.0,0.0
0.947690434477898,0.28257717699999996,0.246663023,0.4552220565,8924.0,0.0
0.9462872599505983,0.2705281885,0.21445734249999998,0.4114882485,8924.0,0.0
0.9488029449627962,0.13029554399999999,0.1940168045,0.378076486,8924.0,0.0
0.9599973927738945,0.00321724,0.2020070745,0.3584048125,8924.0,0.0
0.9531845649183988,0.0,0.17710688800000002,0.3123416325,8924.0,0.0
0.9201530522935281,0.0,0.1415022715,0.2621510115,8924.0,0.0
0.888205230819409,0.0,0.121587266,0.242601624,8924.0,0.0
0.8191619717120442,0.0,0.10133054699999999,0.254503159,8924.0,0.0
0.8014625983188379,0.0,0.0793695405,0.20962204299999998,8924.0,0.0
0.8039388737323767,0.0,0.066674065,0.137048802,8924.0,0.0
0.8198152760086059,0.0,0.062093448,0.11149073500000001,8924.0,0.0
0.8745845070643632,0.0191089465,0.057970365499999996,0.109875533,8924.0,0.0
0.890936338716073,0.134892614,0.040332399,0.097568809,8924.0,0.0
0.8880281052754022,0.221784635,0.0314853825,0.0820143005,8924.0,0.0
0.8853361169086453,0.2739992385,0.0284533335,0.058970049999999996,8924.0,0.0
0.8899310318563016,0.15748072200000002,0.0293490305,0.0548311935,8924.0,0.0
0.9101589284606518,0.012977073,0.039438215,0.05842269,8924.0,0.0
0.9160660615060294,0.0,0.0456107375,0.059346958,8924.0,0.0
0.9101743054499439,0.0,0.048031858999999996,0.0594004375,8924.0,0.0
0.8902858632786094,0.0,0.048838219,0.058590121,8924.0,0.0
0.8445016047026461,0.0,0.050517926500000004,0.072309136,8924.0,0.0
0.8049950262595915,0.0,0.0576902605,0.09279381,8924.0,0.0
0.7981368168132938,0.0,0.061755906,0.1094478425,8924.0,0.0
0.8028203912553358,0.0,0.06569607599999999,0.141729285,8924.0,0.0
0.8444003004540792,0.0,0.068903671,0.168070832,8924.0,0.0
0.8746995927272959,0.032179425,0.067669465,0.184126361,8924.0,0.0
0.8863934539160627,0.134706075,0.060512178,0.189389536,8924.0,0.0
0.8835999194455855,0.191909437,0.058820149,0.1865213095,8924.0,0.0
0.8813636798601738,0.21521202550000001,0.072225751,0.220107479,8924.0,0.0
0.8865714016495174,0.098934863,0.070788707,0.2394576295,8924.0,0.0
0.9058301612357234,0.00771629,0.081407189,0.265260482,8924.0,0.0
0.9082122402658617,0.0,0.089566119,0.289069199,8924.0,0.0
0.8994983234563367,0.0,0.0876601825,0.2856709,8924.0,0.0
0.8800126809084764,0.0,0.083756316,0.268339312,8924.0,0.0
0.8411000989192301,0.0,0.0802532685,0.252879893,8924.0,0.0
0.8072894374211524,0.0,0.083266003,0.228095546,8924.0,0.0
0.8041381218400874,0.0,0.084745218,0.19423616900000001,8924.0,0.0
0.8673569356011078,0.0,0.0874612865,0.19700343199999998,8924.0,0.0
0.9533674446077991,0.0,0.096723318,0.2202531325,8924.0,0.0
0.9587885099963751,0.07308324399999999,0.0950949695,0.2432373505,8924.0,0.0
0.9554231738577958,0.167589248,0.0941791105,0.2836400005,8924.0,0.0
0.9550987579349315,0.186735781,0.094003834,0.2870540815,8924.0,0.0
0.9598900439176016,0.0902491245,0.0979392615,0.305302197,8924.0,0.0
0.9730349998180261,0.0036909545,0.1164059845,0.34591768749999996,8924.0,0.0
0.9693944252335164,0.0,0.1209252735,0.3836692695,8924.0,0.0
0.9392135067906529,0.0,0.111529305,0.37531383799999996,8924.0,0.0
0.8654930801397267,0.0,0.1054965675,0.373486131,8924.0,0.0
0.8168478315459593,0.0,0.0940866695,0.3253876665,8924.0,0.0
0.8140311830827599,0.0,0.0835429915,0.2752642285,8924.0,0.0
0.8757507888965804,0.0,0.0747254005,0.23773026949999998,8924.0,0.0
0.9608374212531673,0.000703062,0.07217997300000001,0.20355298,8924.0,0.0
0.966024495421342,0.056483435,0.064407916,0.183820177,8924.0,0.0
0.9636764581436283,0.175930509,0.055587361,0.165288918,8924.0,0.0
0.9632995769699899,0.2720286955,0.0495204485,0.16475171849999998,8924.0,0.0
0.9606711756488449,0.29148470449999997,0.0424146725,0.120378943,8924.0,0.0
0.9624427207640842,0.160769936,0.047394538,0.10651480699999999,8924.0,0.0
0.9738521561597303,0.022206964,0.0610311,0.110136459,8924.0,0.0
0.976151064370899,0.0,0.06450046849999999,0.11443369149999999,8924.0,0.0
0.9611069537673029,0.0,0.055107910499999996,0.1001801985,8924.0,0.0
0.9300933083518882,0.0,0.051681523,0.084391349,8924.0,0.0
0.8689118973600827,0.0,0.0473303375,0.0691107335,8924.0,0.0
0.8217881485167895,0.0,0.047536835,0.061271309,8924.0,0.0
0.8168926568108712,0.0,0.047798356,0.055347526,8924.0,0.0
0.8776235416363996,0.0,0.053582580500000004,0.056204167,8924.0,0.0
0.9631964350945528,0.0010554465,0.0614681585,0.0521086835,8924.0,0.0
0.9665667519930468,0.063573933,0.058820875,0.043633042,8924.0,0.0
0.9629430049383795,0.210999958,0.051609626,0.036775502,8924.0,0.0
0.9647181282897916,0.310454574,0.055928508,0.035035051,8924.0,0.0
0.9614964558835086,0.37713397400000004,0.0612738655,0.0530100425,8924.0,0.0
0.9600821111509823,0.291768821,0.067796475,0.065736122,8924.0,0.0
0.9649632897154194,0.142797214,0.07712683,0.070947858,8924.0,0.0
0.9760125264328938,0.008795884,0.0878850395,0.08165491350000001,8924.0,0.0
0.9740266706913883,0.0,0.09299254800000001,0.107072504,8924.0,0.0
0.9447028015056149,0.0,0.089128518,0.131820492,8924.0,0.0
0.8716781596609515,0.0,0.098477078,0.1688719145,8924.0,0.0
0.8258860676543613,0.0,0.0741290795,0.164946934,8924.0,0.0
0.8227964534752295,0.0,0.0635166885,0.1449262265,8924.0,0.0
0.8838701289180025,0.0,0.061997478499999994,0.1357501345,8924.0,0.0
0.9696591222189033,0.001732795,0.065743246,0.1244369675,8924.0,0.0
0.9724080730828323,0.145997033,0.06176744,0.108460014,8924.0,0.0
0.9692709740192609,0.313527708,0.047523209,0.09677435,8924.0,0.0
0.9682134435670787,0.421608464,0.050580572,0.09211601,8924.0,0.0
0.9646266399363077,0.47761385,0.049779967,0.077521691,8924.0,0.0
0.9629700354496249,0.37439846349999995,0.065088871,0.067030713,8924.0,0.0
0.9666485690922433,0.174230512,0.089731437,0.067234847,8924.0,0.0
0.974710849795716,0.039134556,0.107693358,0.073867458,8924.0,0.0
0.9792547016227597,0.0,0.1243604565,0.08673139299999999,8924.0,0.0
0.963429507698309,0.0,0.1301475555,0.11329244999999999,8924.0,0.0
0.9183778323181286,0.0,0.127426302,0.13228791899999998,8924.0,0.0
0.833804829856704,0.0,0.1369531865,0.1547539455,8924.0,0.0
0.820105625580271,0.0,0.1418322205,0.190773138,8924.0,0.0
0.8363301377128006,0.0,0.14069232,0.22544412749999998,8924.0,0.0
0.9107996364134211,0.0,0.14105849,0.261077298,8924.0,0.0
0.9653376566974865,0.001380286,0.137504402,0.293859866,8924.0,0.0
0.9678665425929657,0.05133528,0.128413036,0.321635988,8924.0,0.0
0.9649199632046567,0.104928139,0.11288707,0.332620742,8924.0,0.0
0.9641432805062129,0.162272956,0.1139869815,0.351702742,8924.0,0.0
0.9640533395140569,0.1501644965,0.131417791,0.3700888605,8924.0,0.0
0.9649620324228436,0.0754077655,0.1376203525,0.401184635,8924.0,0.0
0.9739954812160955,0.014957021,0.145269106,0.436876368,8924.0,0.0
0.9770073886528992,0.0,0.163409077,0.483458416,8924.0,0.0
0.9626080959653603,0.0,0.16618440750000002,0.5161644544999999,8924.0,0.0
0.9166702129244322,0.0,0.155074602,0.515970789,8924.0,0.0
0.8283930970464843,0.0,0.15023906250000002,0.5153089705,8924.0,0.0
0.8146110599054488,0.0,0.14242091833333334,0.4987140463333333,8924.0,0.0
0.8200879756641904,0.0,0.13633461800000002,0.4644462295,8924.0,0.0
0.8599745303971198,0.002917661,0.1399416605,0.44404221,8924.0,0.0
0.892436900579836,0.088994996,0.134216436,0.414213431,8924.0,0.0
0.8979511469143903,0.172877205,0.121841591,0.394892258,8924.0,0.0
0.900111468777165,0.264679502,0.11115539399999999,0.3652888135,8924.0,0.0
0.8989987164371134,0.309909571,0.11730447299999999,0.356931365,8924.0,0.0
0.9000164021875082,0.248946631,0.12657665,0.375617285,8924.0,0.0
0.9069603214399119,0.140532702,0.138325901,0.392751562,8924.0,0.0
0.9234051888064335,0.022493289,0.157977537,0.42128303,8924.0,0.0
0.9241796957924469,0.0,0.17533314,0.466256234,8924.0,0.0
0.9212290548512385,0.0,0.185394628,0.4930490185,8924.0,0.0
0.9034182950572442,0.0,0.19312548,0.508445982,8924.0,0.0
0.8601629709839389,0.0,0.1850712075,0.528313418,8924.0,0.0
0.82291787361785,0.0,0.1766769815,0.531555679,8924.0,0.0
0.8167754436491065,0.0,0.176767069,0.583143213,8924.0,0.0
0.8228486770676402,0.0,0.19704751250000002,0.6597627745000001,8924.0,0.0
0.8623807872677912,0.0032543815,0.21399667049999999,0.7248514075,8924.0,0.0
0.89455824814387,0.133612918,0.20009814,0.745817987,8924.0,0.0
0.9034728397900419,0.284940747,0.187072793,0.757946487,8924.0,0.0
0.9019482935305103,0.4441125185,0.186535795,0.7416742805000001,8924.0,0.0
0.9007063358308098,0.5164622274999999,0.1866691305,0.762548276,8924.0,0.0
0.9008157155619475,0.422340207,0.194459159,0.791013802,8924.0,0.0
0.9092407577423425,0.286624695,0.207781677,0.798909751,8924.0,0.0
0.9235884555821535,0.065176159,0.221706265,0.7981566,8924.0,0.0
0.925164741920579,0.0,0.234561467,0.808729583,8924.0,0.0
0.9235779139248197,0.0,0.248717762,0.830438761,8924.0,0.0
0.9229775827945335,0.0,0.26741601849999996,0.841033063,8924.0,0.0
0.8932878576059722,0.0,0.29871906049999997,0.8320069875,8924.0,0.0
0.8395535509251764,0.0,0.3100753165,0.8378803655,8924.0,0.0
0.8261371284565489,0.0,0.312743179,0.8313817235000001,8924.0,0.0
0.8430826666901051,0.0,0.3210007285,0.808707482,8924.0,0.0
0.9194000151181314,0.0,0.327326274,0.790480329,8924.0,0.0
0.9773601405931833,0.006943681,0.331631637,0.773971002,8924.0,0.0
0.9798495684796146,0.29275222,0.312768463,0.746225843,8924.0,0.0
0.9708204717015945,0.445421019,0.284986879,0.725945608,8924.0,0.0
0.971154510074777,0.547640108,0.268788314,0.701530242,8924.0,0.0
0.9673492374440631,0.573397418,0.2485782415,0.6801319914999999,8924.0,0.0
0.9663318415656299,0.42015344600000004,0.2799267735,0.7337931645,8924.0,0.0
0.9690920594555629,0.230497195,0.337367619,0.794593309,8924.0,0.0
0.9798480213150769,0.08352894,0.379489601,0.83166149,8924.0,0.0
0.9835518446628478,0.0,0.402718899,0.868054638,8924.0,0.0
0.9801221959131963,0.0,0.4139996465,0.8863820225000001,8924.0,0.0
0.9519807593279912,0.0,0.4093291055,0.878815824,8924.0,0.0
0.9090522689419246,0.0,0.429702688,0.867205711,8924.0,0.0
0.8391893873180925,0.0,0.418042308,0.858662075,8924.0,0.0
0.826548390255333,0.0,0.4110697285,0.8571396984999999,8924.0,0.0
0.845663341271657,0.0,0.4244931885,0.8540993285,8924.0,0.0
0.9487559437886635,0.0,0.4350214315,0.8298263155,8924.0,0.0
0.9914628700585509,0.012544044,0.430849387,0.810773038,8924.0,0.0
0.9883751901302765,0.144163937,0.427439733,0.795847758,8924.0,0.0
0.9812216987627879,0.266421739,0.455230166,0.780733105,8924.0,0.0
0.9803151335496234,0.41733699599999996,0.426431178,0.7659287720000001,8924.0,0.0
0.9777313642454154,0.4245576345,0.38656929549999997,0.7525476455,8924.0,0.0
0.9791526718087323,0.349654727,0.362692575,0.755899748,8924.0,0.0
0.9854030791816616,0.257357972,0.330325406,0.761830433,8924.0,0.0
0.9974494510459296,0.089502661,0.323902793,0.766730612,8924.0,0.0
1.0,0.0,0.321034915,0.764725172,8924.0,0.0
0.9960808505885403,0.0,0.3083430355,0.752419351,8924.0,0.0
0.975901454109262,0.0,0.290289823,0.73279408,8924.0,0.0
0.934135473874475,0.0,0.2961028455,0.7241482585,8924.0,0.0
0.8571724367337648,0.0,0.2899859835,0.7006915985,8924.0,0.0
0.8468405512571571,0.0,0.2729435575,0.68090318,8924.0,0.0
0.8646104023047629,0.0,0.275650538,0.679311583,8924.0,0.0
0.9603795447761998,0.0,0.2719242925,0.6858407664999999,8924.0,0.0
0.9982226523289782,0.017093824,0.262268387,0.686430455,8924.0,0.0
0.9901138535713094,0.230386554,0.244828142,0.688286475,8924.0,0.0
0.9839620912209998,0.38001769,0.236781563,0.692070748,8924.0,0.0
0.9825780169535407,0.530320774,0.21717501649999998,0.666865107,8924.0,0.0
0.9785566444800792,0.5296943035,0.230623378,0.659795813,8924.0,0.0
0.9781412721276364,0.403851009,0.253470247,0.668630671,8924.0,0.0
0.9841630557328186,0.279050981,0.248893543,0.680881529,8924.0,0.0
0.9957302261470883,0.103821205,0.260300653,0.689469115,8924.0,0.0
0.9994588072761064,0.001052301,0.273548973,0.694555144,8924.0,0.0
0.9951002530996272,0.0,0.27715347349999997,0.691221388,8924.0,0.0
0.9613866408524525,0.0,0.27324878649999995,0.674916948,8924.0,0.0
0.9167971455540828,0.0,0.282765658,0.691886006,8924.0,0.0
0.838977542473009,0.0,0.279577228,0.676295079,9732.5,0.0
0.8258991719136551,0.0,0.275875442,0.6565229180000001,10541.0,0.0
0.8422459745918516,0.0,0.27623642800000003,0.6515481165,10541.0,0.0
0.9462225606467864,0.0,0.267804077,0.6554052845,10541.0,0.0
0.9885915318281777,0.014739299,0.24928812,0.648427267,10541.0,0.0
0.9842504821398228,0.171643533,0.223275147,0.63609648,10541.0,0.0
0.9780927235921759,0.273249733,0.196611564,0.619204082,10541.0,0.0
0.971979596864676,0.381571134,0.16397676249999998,0.5587956955,10541.0,0.0
0.9662644344286918,0.42146203849999997,0.162445951,0.5533763494999999,10541.0,0.0
0.9685451125862758,0.291324072,0.171181159,0.560379523,10541.0,0.0
0.9809217991595974,0.10555602,0.175980962,0.57069717,10541.0,0.0
0.9875589041916187,0.0006581895,0.1795670705,0.576452147,10541.0,0.0
0.9710326064186399,0.0,0.1770221535,0.585012351,10541.0,0.0
0.9358864681893232,0.0,0.174692541,0.587454205,10541.0,0.0
0.868835157447998,0.0,0.1848937745,0.5985400955,10541.0,0.0
0.8201245323953471,0.0,0.172990332,0.5651974234999999,10541.0,0.0
0.8161944544370243,0.0,0.1713886465,0.557087572,10541.0,0.0
0.8782432148816803,0.0,0.1710443305,0.574300738,10541.0,0.0
0.9680684743286082,0.0084281655,0.16896054649999998,0.579089983,10541.0,0.0
0.9692572412120741,0.244832757,0.15089368749999998,0.5667900495,10541.0,0.0
0.9664334846869181,0.4181783735,0.126923454,0.5016483845,10541.0,0.0
0.9650040048202531,0.44271966949999997,0.12079759300000001,0.466528797,10541.0,0.0
0.9667389934011259,0.2903848535,0.132643312,0.484789484,10541.0,0.0
0.9781731867748092,0.080951074,0.142076251,0.508768138,10541.0,0.0
0.9812076758868491,0.000619801,0.1435026995,0.5286023264999999,10541.0,0.0
0.9650180280897722,0.0,0.1259318435,0.4918852735,10541.0,0.0
0.9165508236566564,0.0,0.104439189,0.402274028,10541.0,0.0
0.8182866922045793,0.0,0.08542108,0.3182550555,10541.0,0.0
0.8021076338848544,0.0,0.0840723015,0.301539573,10541.0,0.0
0.8072711268803768,0.0,0.08523197066666666,0.3260692753333333,10541.0,0.0
0.850073490492654,0.008126312,0.081454332,0.33855144000000004,10541.0,0.0
0.8794043709196067,0.097114977,0.06396238,0.303414718,10541.0,0.0
0.8928414414029833,0.20065175200000002,0.0484115485,0.2791583435,10541.0,0.0
0.8938989718551653,0.285570469,0.041001801500000004,0.22534775550000002,10541.0,0.0
0.8940107695474675,0.20752159650000002,0.037728302000000005,0.186225731,10541.0,0.0
0.9027961554404101,0.105811417,0.04040916,0.183334283,10541.0,0.0
0.9181765289335887,0.016038490000000002,0.0534834405,0.19725768100000002,10541.0,0.0
0.9177565631043411,0.0,0.06319621249999999,0.20114111099999998,10541.0,0.0
0.9035930510504753,0.0,0.056648042499999995,0.1668627325,10541.0,0.0
0.8717876358192862,0.0,0.056898163,0.137964877,10541.0,0.0
0.8202062044601677,0.0,0.0548714685,0.116619623,10541.0,0.0
0.8036797860547973,0.0,0.0607710645,0.123244069,10541.0,0.0
0.8055681818442566,0.0,0.067225588,0.152886777,10541.0,0.0
0.8208681403684001,0.0,0.07329950099999999,0.17607758899999998,10541.0,0.0
0.8639173255284167,0.015464198,0.072939995,0.183670011,10541.0,0.0
0.8795652972848734,0.084758901,0.064432796,0.173012594,10541.0,0.0
0.8914723090216884,0.186175568,0.058029067,0.164504141,10541.0,0.0
0.893847908734553,0.28646417,0.066249541,0.166525275,10541.0,0.0
0.8933455938822032,0.33595758249999996,0.07367262050000001,0.1655439825,10541.0,0.0
0.8924233612174142,0.250301699,0.08304758500000001,0.18833850600000002,10541.0,0.0
0.9021143458868583,0.129299751,0.094237807,0.223387553,10541.0,0.0
0.9171071999250773,0.047516008,0.116819466,0.253508423,10541.0,0.0
0.9180134266591011,0.001190473,0.1455804625,0.294466002,10541.0,0.0
0.9106679164686204,0.0,0.149367995,0.3052870815,10541.0,0.0
0.8912514218637907,0.0,0.140800309,0.302403989,10541.0,0.0
0.847778934296717,0.0,0.125843909,0.3031911745,10541.0,0.0
0.8135170694772906,0.0,0.1311775465,0.311945466,10541.0,0.0
0.8090324044670283,0.0,0.14662667499999998,0.3462250615,10541.0,0.0
0.8706412282227591,0.0,0.1735884305,0.40005078,10541.0,0.0
0.9584774885983468,0.012597696,0.19764659699999998,0.47125762449999997,10541.0,0.0
0.9625231839467177,0.142268946,0.1943832185,0.5013607714999999,10541.0,0.0
0.9621820375115784,0.2734621015,0.2065251535,0.4974324055,10541.0,0.0
0.9602130573167238,0.2748549065,0.21934199100000001,0.496912826,10541.0,0.0
0.9621180631828565,0.15483125749999999,0.231207037,0.533951791,10541.0,0.0
0.9718490858020624,0.037987142,0.248971921,0.550411386,10541.0,0.0
0.9743255064467675,0.000884318,0.26685398299999996,0.5582287425,10541.0,0.0
0.9557894653572923,0.0,0.2504278045,0.5596452655,10541.0,0.0
0.9081631113961068,0.0,0.22985929,0.5329862565000001,10541.0,0.0
0.8172715690561445,0.0,0.222669251,0.4782439915,10541.0,0.0
0.8038582897205617,0.0,0.216670203,0.436487526,10541.0,0.0
0.8197207413428549,0.0,0.2170555395,0.4219384365,10541.0,0.0
0.9200286342490291,0.0,0.2246370105,0.4144121935,10541.0,0.0
0.9614020176449546,0.034473657,0.223624052,0.402372433,10541.0,0.0
0.9560413481521374,0.12338870099999999,0.19412533199999998,0.36180895199999996,10541.0,0.0
0.9515046529942291,0.191383762,0.179612546,0.307357936,10541.0,0.0
0.9481835619830576,0.2391218765,0.185790709,0.2653712665,10541.0,0.0
0.9472607491807645,0.19052272599999998,0.1991366135,0.2771810805,10541.0,0.0
0.95156828864702,0.112675488,0.222972152,0.344712167,10541.0,0.0
0.9611659473361098,0.050461532,0.250391669,0.415283206,10541.0,0.0
0.9648323435496778,0.003245955,0.268517339,0.485929225,10541.0,0.0
0.9627748250831996,0.0,0.2669171355,0.5309861025,10541.0,0.0
0.9293295846815719,0.0,0.246936827,0.510121085,10541.0,0.0
0.8884903337676016,0.0,0.228671504,0.489684968,10541.0,0.0
0.8151356666922662,0.0,0.21610870049999997,0.4329514255,10541.0,0.0
0.8019891634305139,0.0,0.22561956,0.4856301465,10541.0,0.0
0.8177106353420232,0.0,0.245998161,0.575200684,10541.0,0.0
0.9166091400703917,0.0,0.25869519900000004,0.5982796355,10541.0,0.0
0.9563750966533582,0.022598683,0.244011793,0.599708781,10541.0,0.0
0.9539264802989575,0.078000335,0.218310579,0.578483657,10541.0,0.0
0.9517051341893213,0.13878416,0.202429683,0.538680656,10541.0,0.0
0.9490920614470797,0.21590967449999998,0.185520187,0.4612669065,10541.0,0.0
0.9475866154473891,0.2304563075,0.180035272,0.445237766,10541.0,0.0
0.9505834841772511,0.1510057345,0.1959593705,0.49879795400000004,10541.0,0.0
0.9642292559790863,0.049098767,0.227770947,0.543075924,10541.0,0.0
0.9700852776902529,0.0012630885,0.250240867,0.5703304345,10541.0,0.0
0.9525793980625736,0.0,0.2216774045,0.518766945,10541.0,0.0
0.9058393969933022,0.0,0.191039807,0.438082897,10541.0,0.0
0.8228414239713076,0.0,0.169897967,0.385491147,10541.0,0.0
0.8078891884139348,0.0,0.161880675,0.35375119850000003,10541.0,0.0
0.8037428655784883,0.0,0.155546925,0.33799925,10541.0,0.0
0.8335150850213179,0.0,0.157319704,0.349999356,10541.0,0.0
0.9190784522595596,0.0,0.16044189650000001,0.365758301,10541.0,0.0
0.9614020176449546,0.048305704,0.157009561,0.368421141,10541.0,0.0
0.9593790250347882,0.159737965,0.147344285,0.355205478,10541.0,0.0
0.9599014557811915,0.222836694,0.139319882,0.345704748,10541.0,0.0
0.9586840626147635,0.3107402925,0.127342881,0.336276441,10541.0,0.0
0.9566340390997714,0.31833325749999997,0.1159060665,0.37985436100000003,10541.0,0.0
0.9580359563344951,0.2139594755,0.13047917950000001,0.42216492299999997,10541.0,0.0
0.9681646045692858,0.065509015,0.16185078,0.434700396,10541.0,0.0
0.9704505053419381,0.001402872,0.18339134499999998,0.441378182,10541.0,0.0
0.9522262108223711,0.0,0.16476108849999999,0.3993429165,10541.0,0.0
0.9063626499291533,0.0,0.148902735,0.35619650049999996,10541.0,0.0
0.8163874164754359,0.0,0.14824041100000002,0.37515876800000003,10541.0,0.0
0.8013613180786751,0.0,0.14978741550000002,0.3970609445,10541.0,0.0
0.8174153778228166,0.0,0.1517917935,0.4021384275,10541.0,0.0
0.9173939466617949,0.0,0.15328904399999999,0.42376856,10541.0,0.0
0.9585968296525239,0.030633028,0.142306749,0.439047405,10541.0,0.0
0.9566127629307097,0.12338193650000001,0.10877655750000001,0.4197953045,10541.0,0.0
0.9538671000374112,0.216780191,0.077005356,0.348890764,10541.0,0.0
0.9517888371289867,0.2741724475,0.0788173835,0.3378569595,10541.0,0.0
0.9515428053003123,0.2164505,0.08112264,0.3251567225,10541.0,0.0
0.9632625367253164,0.081656336,0.0862492945,0.3136373,10541.0,0.0
0.972229980708582,0.0023022935,0.1051236685,0.3076251995,10541.0,0.0
0.9557027643189582,0.0,0.0920800645,0.2527860945,10541.0,0.0
0.9094592271358658,0.0,0.0737677595,0.19344019,10541.0,0.0
0.8156368936884009,0.0,0.062260695,0.17186783449999998,10541.0,0.0
0.7982766602574736,0.0,0.058637668000000004,0.1771504175,10541.0,0.0
0.8016245401215272,0.0,0.0590487195,0.177719513,10541.0,0.0
0.8176216373684967,0.000537422,0.056166197,0.16241019699999998,10541.0,0.0
0.8684940590296673,0.0930197605,0.041340863000000005,0.148421929,10541.0,0.0
0.8879499148227671,0.253568593,0.025382314,0.141604666,10541.0,0.0
0.8888817699378746,0.4286881785,0.028220565,0.1832837225,10541.0,0.0
0.8863508045603717,0.4670676965,0.027369036,0.1758974665,10541.0,0.0
0.8900493090626675,0.2865185135,0.0290826125,0.1911653305,10541.0,0.0
0.9115727412692726,0.125795996,0.040903556,0.225044535,10541.0,0.0
0.9161007323967174,0.004648885,0.048796399000000004,0.2677456145,10541.0,0.0
0.9086780471910239,0.0,0.0499910205,0.28270909,10541.0,0.0
0.878649641348506,0.0,0.050542307,0.26773090099999997,10541.0,0.0
0.8218768320195795,0.0,0.053709499,0.268453641,10541.0,0.0
0.8030964034803254,0.0,0.058076836,0.27844435850000004,10541.0,0.0
0.7965020446247726,0.0,0.07058630199999999,0.295570062,10541.0,0.0
0.8012568464918691,0.0,0.0876879035,0.33717076599999996,10541.0,0.0
0.8414712257506847,0.0357294915,0.09850297899999999,0.3801490155,10541.0,0.0
0.8709070858767348,0.184302397,0.093364751,0.384655688,10541.0,0.0
0.8831839187420399,0.311512564,0.083632641,0.381001731,10541.0,0.0
0.8819157523269615,0.430542638,0.095248522,0.407534059,10541.0,0.0
0.8765419301644617,0.48484550449999997,0.0891250905,0.392200171,10541.0,0.0
0.8760215302929032,0.426192583,0.09761097399999999,0.43907016649999997,10541.0,0.0
0.8839047029879131,0.263539845,0.122293613,0.478265571,10541.0,0.0
0.899464087668777,0.144350491,0.151796772,0.515759058,10541.0,0.0
0.9018682172374066,0.0037110435,0.186735335,0.565431038,10541.0,0.0
0.8906524446500677,0.0,0.2038296905,0.5917771165,10541.0,0.0
0.8570549817168465,0.0,0.214928273,0.576002796,10541.0,0.0
0.8069355490174741,0.0,0.21958558,0.5242847125000001,10541.0,0.0
0.7887964325768977,0.0,0.2241497885,0.5333757895,10541.0,0.0
0.8031781963743276,0.0,0.232339648,0.573608557,10541.0,0.0
0.9024243032402852,0.0013104045,0.2383108255,0.544037662,10541.0,0.0
0.9447167279543565,0.1016172785,0.224000626,0.5065568325,10541.0,0.0
0.9414422030141896,0.246898764,0.161600518,0.4264520845,10541.0,0.0
0.9396210455156785,0.365608907,0.1130650885,0.3328735885,10541.0,0.0
0.9413592252464044,0.2788842695,0.094971432,0.275532685,10541.0,0.0
0.9479183812873636,0.12024661449999999,0.091233493,0.282752065,10541.0,0.0
0.9538490152149928,0.0024038865,0.0823500195,0.253682931,10541.0,0.0
0.9325849609515093,0.0,0.0691831315,0.219607579,10541.0,0.0
0.9014342767458187,0.0,0.081571169,0.19566895,10541.0,0.0
0.8409435243724048,0.0,0.1102269395,0.213291149,10541.0,0.0
0.7953674839949636,0.0,0.15807675599999998,0.344850098,10541.0,0.0
0.7895160079405836,0.0,0.199690011,0.4775136755,10541.0,0.0
0.8205581830149731,0.0,0.228464836,0.522542811,10541.0,0.0
0.9075144731919331,0.0011423985,0.258281647,0.590603675,10541.0,0.0
0.9460438395278532,0.13206871850000002,0.2644599795,0.651517162,10541.0,0.0
0.9453787122729777,0.242352314,0.243420448,0.66277157,10541.0,0.0
0.945572230243699,0.300911045,0.225157127,0.6491865,10541.0,0.0
0.9457079633310103,0.3668723675,0.22962981249999997,0.6757825045,10541.0,0.0
0.945232679186696,0.360658207,0.2657876025,0.71573116,10541.0,0.0
0.9533394950863283,0.22291169900000002,0.28932468899999997,0.7370480185,10541.0,0.0
0.9608246070626255,0.009499865,0.3234021575,0.7387008180000001,10541.0,0.0
0.9422008979077826,0.0,0.314269522,0.722796921,10541.0,0.0
0.9108123053727967,0.0,0.297368489,0.716627174,10541.0,0.0
0.8497562312389253,0.0,0.27928435149999997,0.6785234355,10541.0,0.0
0.8036738140626545,0.0,0.2686989065,0.6819326145,10541.0,0.0
0.8010070671874516,0.0,0.265919842,0.6882316239999999,10541.0,0.0
0.8617898369294599,0.0,0.2490084495,0.685374954,10541.0,0.0
0.9513265604231887,0.0538664545,0.2146006345,0.6555904205,10541.0,0.0
0.9550868143442263,0.217186903,0.18190244,0.625594051,10541.0,0.0
0.9558110802022849,0.3322665,0.163100575,0.5997986,10541.0,0.0
0.9539387625655937,0.4975177715,0.1303096975,0.5311767439999999,10541.0,0.0
0.9520945394847494,0.535179357,0.1158517735,0.46918333349999997,10541.0,0.0
0.9545932033255498,0.4108252215,0.09495770349999999,0.4470434755,10541.0,0.0
0.9675110344091664,0.229104272,0.10726813,0.434973685,10541.0,0.0
0.9719265510828174,0.031547036,0.129741863,0.446442895,10541.0,0.0
0.9693590293677385,0.0,0.1408625725,0.4820385005,10541.0,0.0
0.9374531800942386,0.0,0.139965034,0.5177585330000001,10541.0,0.0
0.8969411011498575,0.0,0.146904653,0.51414374,10541.0,0.0
0.8210403819732695,0.0,0.142622563,0.509904717,10541.0,0.0
0.8082941397414352,0.0,0.1537492165,0.5321131960000001,10541.0,0.0
0.8244429033908983,0.0,0.1654296615,0.592031102,10541.0,0.0
0.9259070924042658,0.004083418,0.170394823,0.6585628525,10541.0,0.0
0.9668866706695132,0.157198562,0.15537896,0.692960975,10541.0,0.0
0.961580448891926,0.3639610385,0.1126722855,0.6731810275,10541.0,0.0
0.9611609183625967,0.582766786,0.1053846895,0.596924182,10541.0,0.0
0.9607193859019547,0.5852032555,0.116960564,0.6040218235,10541.0,0.0
0.9618299623327856,0.44529440249999996,0.1441165115,0.6650510485000001,10541.0,0.0
0.9728341801437932,0.251253112,0.188058077,0.715667364,10541.0,0.0
0.9764199681403517,0.0179185355,0.2406914585,0.7741119635,10541.0,0.0
0.9609563270074262,0.0,0.24431587700000001,0.805118326,10541.0,0.0
0.9153231304912579,0.0,0.236052005,0.7895345645,10541.0,0.0
0.8298075864198065,0.0,0.225730815,0.768203693,10541.0,0.0
0.8154448988738131,0.0,0.2278987505,0.7582886695,10541.0,0.0
0.8137664860973729,0.0,0.238448207,0.7636808155,10541.0,0.0
0.8769705998273827,0.0,0.2468582905,0.799360446,10541.0,0.0
0.9586945072545294,0.015955714,0.245967324,0.816663299,10541.0,0.0
0.973893354974871,0.262347083,0.225114557,0.817306162,10541.0,0.0
0.9668771928599904,0.474158299,0.181073384,0.800192139,10541.0,0.0
0.9647957870153114,0.646063029,0.165967086,0.780283334,10541.0,0.0
0.9641400889627796,0.787361817,0.1656630435,0.733649848,10541.0,0.0
0.9629383144440069,0.7720032035,0.1814731165,0.7163437054999999,10541.0,0.0
0.965548969225084,0.5478430875,0.204250292,0.753875156,10541.0,0.0
0.9754627749097029,0.288712915,0.228268573,0.800959469,10541.0,0.0
0.9801032406877315,0.0332107755,0.2609735785,0.828906437,10541.0,0.0
0.9648536683259186,0.0,0.270450554,0.8041065425,10541.0,0.0
0.9163161550843931,0.0,0.272456346,0.754549695,10541.0,0.0
0.8281643764579597,0.0,0.293302674,0.72648355,10541.0,0.0
0.8123243616733169,0.0,0.3084669515,0.713818732,10541.0,0.0
0.8064610142502343,0.0,0.328571183,0.7016273475,10541.0,0.0
0.8135194872416649,0.0,0.3402696125,0.7260678295,10541.0,0.0
0.8377226739587793,0.010420119,0.339269745,0.739739936,10541.0,0.0
0.8681745272427304,0.127821096,0.320563276,0.725425638,10541.0,0.0
0.8795795138023671,0.227664863,0.30137441,0.701483712,10541.0,0.0
0.8916606045741315,0.312519144,0.297150143,0.669191904,10541.0,0.0
0.8935795851026045,0.413016804,0.295190588,0.5956313710000001,10541.0,0.0
0.8925342883098798,0.407487486,0.3285529865,0.5825329235,10541.0,0.0
0.8964905263764016,0.286254805,0.383595136,0.611598489,10541.0,0.0
0.9159585678121506,0.151630589,0.441098639,0.653331873,10541.0,0.0
0.918882565131643,0.027208499,0.5018729725,0.676658659,10541.0,0.0
0.914409360198569,0.0,0.5506026079999999,0.6602200725,10541.0,0.0
0.8957847324270812,0.0,0.565470832,0.628976034,10541.0,0.0
0.8519442607680171,0.0,0.5667610725,0.6141134145,10541.0,0.0
0.8143703954638319,0.0,0.6019778605,0.630638424,10541.0,0.0
0.8094056833960899,0.0,0.6366534134999999,0.6464322835,10541.0,0.0
0.8242323481119831,0.005593032,0.645860005,0.6490785929999999,10541.0,0.0
0.8685747158538556,0.162652751,0.627759829,0.632996362,10541.0,0.0
0.8783639580660192,0.269673216,0.606038491,0.610548419,10541.0,0.0
0.8899953442705838,0.39846963,0.558924566,0.592436667,10541.0,0.0
0.8879419845713626,0.46875693,0.532273988,0.575177527,10541.0,0.0
0.8806629630979654,0.5281639425,0.5758658725000001,0.5777808504999999,10541.0,0.0
0.8765238935556419,0.4617478365,0.6137506690000001,0.593180737,10541.0,0.0
0.8858750853129295,0.371442092,0.633562335,0.608772715,10541.0,0.0
0.90452611524456,0.24978232,0.600130068,0.61886038,10541.0,0.0
0.9161654317005291,0.064876543,0.579348771,0.609431826,10541.0,0.0
0.9160352593138466,0.0,0.566677978,0.612213565,10541.0,0.0
0.9108845482352734,0.0,0.5523706509999999,0.6357521180000001,10541.0,0.0
0.8801929009783488,0.0,0.5682130845,0.6533644015,10541.0,0.0
0.8229319933145662,0.0,0.561158118,0.656648133,10541.0,0.0
0.8094413697242002,0.0,0.5644303455,0.6809259445,10541.0,0.0
0.8254754826170686,0.0,0.560939181,0.7078269845,10541.0,0.0
0.9263836824483349,0.010500281,0.529022868,0.725201448,10541.0,0.0
0.9644986920660249,0.115987868,0.515166997,0.721121297,10541.0,0.0
0.9560970533567336,0.205118042,0.513952035,0.706899935,10541.0,0.0
0.9527166302976142,0.356194937,0.525280494,0.682887079,10541.0,0.0
0.9475182412834172,0.481583416,0.511612287,0.616115197,10541.0,0.0
0.9457222766692814,0.629508479,0.5686501975,0.64896802,10541.0,0.0
0.9439679459734143,0.589644057,0.5912448585000001,0.6866745304999999,10541.0,0.0
0.9480955068313703,0.40082138,0.583327095,0.717889015,10541.0,0.0
0.9579277854855448,0.221905046,0.548056966,0.731547856,10541.0,0.0
0.9635023791086789,0.060525094,0.518546627,0.750078296,10541.0,0.0
0.9652810808930539,0.0,0.48637013399999995,0.7674208140000001,10541.0,0.0
0.9330267350705144,0.0,0.4425547395,0.7638200815,10541.0,0.0
0.8580916230862867,0.0,0.4222376535,0.7319230935,10541.0,0.0
0.809929371435069,0.0,0.3531971465,0.7113581245,10541.0,0.0
0.8066351416955724,0.0,0.328829136,0.7391529210000001,10541.0,0.0
0.867997014809194,0.0,0.2948604715,0.779169844,10541.0,0.0
0.9474079911492332,0.040940161,0.251532847,0.782206323,10541.0,0.0
0.9616874110554795,0.225378284,0.204135106,0.754433079,10541.0,0.0
0.9561327396848439,0.342623589,0.160040409,0.708062831,10541.0,0.0
0.9527166302976142,0.461682262,0.158286176,0.646673195,10541.0,0.0
0.9492310830953921,0.525197276,0.140518991,0.545483265,10541.0,0.0
0.9456826736258576,0.5122949889999999,0.144633021,0.4669614645,10541.0,0.0
0.9434867138453613,0.3280936145,0.1423284135,0.421871128,10541.0,0.0
0.9476660149790015,0.194331777,0.146092335,0.421068786,10541.0,0.0
0.9664255542387233,0.123957364,0.188791643,0.443243772,10541.0,0.0
0.9745420899998222,0.048318621,0.254304268,0.473825252,10541.0,0.0
0.9707862361108248,0.0,0.32355423,0.504049956,10541.0,0.0
0.9413559372757738,0.0,0.395035988,0.490116904,10541.0,0.0
0.9010700645315559,0.0,0.426291982,0.484988874,10541.0,0.0
0.8272247359290337,0.0,0.4601445165,0.4973312215,10541.0,0.0
0.8096379098019943,0.0,0.4810069415,0.537367422,10541.0,0.0
0.8247666421586908,0.0,0.49113847850000003,0.6120757105,10541.0,0.0
0.9243828848206652,0.0151384625,0.4799797225,0.6515362485,10541.0,0.0
0.9613218445310733,0.162525054,0.448424727,0.615221919,10541.0,0.0
0.9508183944078779,0.283423711,0.406356228,0.569621254,10541.0,0.0
0.945129198832118,0.386630124,0.380025913,0.54512701,10541.0,0.0
0.942499250149645,0.513112536,0.4049369,0.499635775,10541.0,0.0
0.9417466964877652,0.5364187739999999,0.3859471335,0.5452144255,10541.0,0.0
0.9393408745234316,0.39915906,0.3537968625,0.6118395084999999,10541.0,0.0
0.9426685904766233,0.249138781,0.334111281,0.683601663,10541.0,0.0
0.9501361975712159,0.139901161,0.349226084,0.746729038,10541.0,0.0
0.953358498722182,0.0213348995,0.37371169400000004,0.795950471,10541.0,0.0
0.935274676588268,0.0,0.368231255,0.7949570495,10541.0,0.0
0.905579487126275,0.0,0.342407696,0.767297714,10541.0,0.0
0.8488040667849996,0.0,0.333224745,0.7185364995,10541.0,0.0
0.8040988572758043,0.0,0.3060120355,0.6302081070000001,10541.0,0.0
0.8010975881203217,0.0,0.3367000845,0.5611434505,10541.0,0.0
0.8613896969255135,0.0,0.365324623,0.551438748,10541.0,0.0
0.9399902865066645,0.070499657,0.360456648,0.565398607,10541.0,0.0
0.9553518013983654,0.181899507,0.313179598,0.569644301,10541.0,0.0
0.9503592124247356,0.276120071,0.307458493,0.552324093,10541.0,0.0
0.9470760800780924,0.391535129,0.330675315,0.515553338,10541.0,0.0
0.9458217432909782,0.493499977,0.309172636,0.456502408,10541.0,0.0
0.9433344913137678,0.54948187,0.32390187800000003,0.46983841449999997,10541.0,0.0
0.9416998399544283,0.5079862975,0.274962724,0.4630916075,10541.0,0.0
0.94528809432254,0.39527657,0.195637986,0.436315746,10541.0,0.0
0.9530060854578287,0.281655035,0.151959587,0.412723859,10541.0,0.0
0.9578769156129069,0.099096594,0.151545771,0.386863016,10541.0,0.0
0.957320442917289,0.0,0.14495505549999999,0.3466796505,10541.0,0.0
0.9300383767295608,0.0,0.107451772,0.28184789499999996,10541.0,0.0
0.8888092854170343,0.0,0.090554996,0.222206832,10541.0,0.0
0.8168118069354984,0.0,0.0696207135,0.1556550545,10541.0,0.0
0.8041244130413048,0.0,0.0528515585,0.139095834,10541.0,0.0
0.8221058912840351,0.0,0.055536493,0.10428588999999999,10541.0,0.0
0.920358175572604,0.021642341,0.0743606335,0.0717348675,10541.0,0.0
0.9576871693231231,0.152170314,0.073221664,0.051123167,10541.0,0.0
0.9489077794307275,0.2989641795,0.0778363975,0.050457285500000004,10541.0,0.0
0.9472931955550526,0.497698882,0.097498218,0.061759117,10541.0,0.0
0.9446614094424998,0.5505115684999999,0.1432432985,0.097013078,10541.0,0.0
0.9428638492534374,0.4277650465,0.1826577585,0.1626788405,10541.0,0.0
0.947511664948576,0.245986979,0.203267421,0.223120191,10541.0,0.0
0.9573156073885404,0.123570275,0.241764991,0.268184303,10541.0,0.0
0.9625483288142844,0.0179953925,0.29217883499999997,0.34188651000000003,10541.0,0.0
0.9473686299609629,0.0,0.308453988,0.4388698045,10541.0,0.0
0.8997828460702351,0.0,0.3060377915,0.4827775635,10541.0,0.0
0.8127056672809799,0.0,0.314816548,0.51755936,10541.0,0.0
0.7941786444959145,0.0,0.313291338,0.550064822,10541.0,0.0
0.787975939657384,0.0,0.31795432599999995,0.5872672445,10541.0,0.0
0.79420806876313,0.0,0.328132863,0.626098595,10541.0,0.0
0.8330505837991203,0.080695991,0.314294863,0.678286426,10541.0,0.0
0.8599154402043254,0.206340897,0.289080168,0.700981537,10541.0,0.0
0.8754714400937814,0.241351164,0.273667445,0.701436922,10541.0,0.0
0.8747492053073578,0.38219188400000004,0.235377476,0.6400836175,10541.0,0.0
0.8730193425207757,0.3953622175,0.2298289885,0.649217703,10541.0,0.0
0.8759882617291672,0.24572169900000002,0.2401710985,0.6339644165,10541.0,0.0
0.8957871015842767,0.0865759505,0.268493509,0.632600149,10541.0,0.0
0.8950897698102663,0.00105033,0.300833501,0.640867885,10541.0,0.0
0.8874304337646438,0.0,0.310940449,0.631324867,10541.0,0.0
0.8673754071162656,0.0,0.304902862,0.611420054,10541.0,0.0
0.8241838157133189,0.0,0.2815607415,0.569199732,10541.0,0.0
0.7845119586929754,0.0,0.283365355,0.5533591215,10541.0,0.0
0.7809422970627835,0.0,0.300790545,0.5563913254999999,10541.0,0.0
0.7942973083950199,0.0005106995,0.30802314900000005,0.5989324389999999,10541.0,0.0
0.8403216750211131,0.074051611,0.28875596,0.614556389,10541.0,0.0
0.85620001174499,0.18394355,0.267704635,0.61557122,10541.0,0.0
0.8682014127195996,0.338066261,0.224009096,0.583189307,10541.0,0.0
0.8646075494372606,0.474306015,0.217365161,0.539010059,10541.0,0.0
0.8563249617133945,0.59194071,0.220006545,0.47056306,10541.0,0.0
0.8509140991094308,0.670379115,0.2267165135,0.481381367,10541.0,0.0
0.8531861218437302,0.593349814,0.233548021,0.5262017035,10541.0,0.0
0.870321889683797,0.428896688,0.235305261,0.562627424,10541.0,0.0
0.8735301677620342,0.264468973,0.25534867,0.590911556,10541.0,0.0
0.8793192654561991,0.126736683,0.293375413,0.626605726,10541.0,0.0
0.8840718189952819,0.000828128,0.319654529,0.6420479455000001,10541.0,0.0
0.8542537588501182,0.0,0.318298333,0.6281992605,10541.0,0.0
0.8085239483829653,0.0,0.33140769400000003,0.6262492660000001,10541.0,0.0
0.7939438312828555,0.0,0.318442389,0.5980962675,10541.0,0.0
0.8110857401578453,0.0,0.31547463200000003,0.5653775750000001,10541.0,0.0
0.9150546136113349,0.00086478,0.31214224,0.5917653545,10541.0,0.0
0.9554739471064463,0.116796186,0.285354279,0.6014283,10541.0,0.0
0.950987444666104,0.228668659,0.257324998,0.591038459,10541.0,0.0
0.9502978012883447,0.353157571,0.213430106,0.559507132,10541.0,0.0
0.947922781712984,0.513017302,0.193991136,0.519558104,10541.0,0.0
0.945880156525491,0.615203195,0.169159562,0.473427251,10541.0,0.0
0.9431635554118629,0.6760411655,0.1668412125,0.42687551599999995,10541.0,0.0
0.9447918236843358,0.595357987,0.1706929625,0.4041799425,10541.0,0.0
0.95520663871513,0.426845655,0.174815167,0.395152751,10541.0,0.0
0.9585341610267667,0.292486086,0.192170682,0.394880039,10541.0,0.0
0.958243449164347,0.153509552,0.227198958,0.391964075,10541.0,0.0
0.9514322164901973,0.002735871,0.254231948,0.398126234,10541.0,0.0
0.9287352979622213,0.0,0.261555594,0.40026143950000004,10541.0,0.0
0.8565394657844253,0.0,0.28210603749999996,0.4383078735,10541.0,0.0
0.8086316841287878,0.0,0.27776610199999996,0.4365597975,10541.0,0.0
0.8067712860743979,0.0,0.2688194885,0.40054902699999995,10541.0,0.0
0.8674999705887209,0.0,0.2667832665,0.3812761295,10541.0,0.0
0.9548292740279749,0.058377922500000005,0.2499537965,0.37283184550000004,10541.0,0.0
0.9594417900877424,0.216683282,0.212239129,0.352743044,10541.0,0.0
0.9583676253536922,0.337786252,0.161156814,0.311536253,10541.0,0.0
0.9544113872871705,0.5212910905,0.14235847899999998,0.27888624900000003,10541.0,0.0
0.9490801176595842,0.6038196215,0.148389578,0.259858983,10541.0,0.0
0.9502856638592942,0.542498767,0.16411721950000002,0.245700212,10541.0,0.0
0.9618470799313803,0.426641884,0.182858755,0.254985591,10541.0,0.0
0.9665679122680549,0.298133571,0.205861023,0.274072381,10541.0,0.0
0.9704690252674848,0.153833883,0.229886189,0.308524242,10541.0,0.0
0.9646505275112985,0.003604106,0.252522838,0.352482277,10541.0,0.0
0.9384360501163598,0.0,0.2519931,0.399086654,10541.0,0.0
0.897289839750841,0.0,0.238966802,0.432268182,10541.0,0.0
0.8223615941702065,0.0,0.22506243,0.4207792575,10541.0,0.0
0.8093214485325189,0.0,0.1898434335,0.40076680600000003,10541.0,0.0
0.8260056261617075,0.0,0.1688546345,0.38304687049999997,10541.0,0.0
0.9267824203221194,0.001711521,0.1516285515,0.36965960249999996,10541.0,0.0
0.9669031113098261,0.140047668,0.130296678,0.35298038,10541.0,0.0
0.9605256262728702,0.297332506,0.09373453,0.322977476,10541.0,0.0
0.9606538646054854,0.438664523,0.073206437,0.290522194,10541.0,0.0
0.957450712124749,0.592787444,0.0723678,0.272415467,10541.0,0.0
0.9506618682714413,0.7288900005000001,0.066837769,0.2476464095,10541.0,0.0
0.9467699426192016,0.7433714815,0.0814434495,0.255462114,10541.0,0.0
0.9537828165666613,0.564632569,0.0933155415,0.280024491,10541.0,0.0
0.9627350772021899,0.338877036,0.119316406,0.314915458,10541.0,0.0
0.9685705957361932,0.178618732,0.158232357,0.359386377,10541.0,0.0
0.9550315442427583,0.002559713,0.2042866435,0.451161177,10541.0,0.0
0.9091790081268105,0.0,0.224465356,0.5294378925000001,10541.0,0.0
0.825946802029261,0.0,0.252407871,0.583028704,10541.0,0.0
0.8110510694639474,0.0,0.2658982725,0.592665057,10541.0,0.0
0.8070499819273196,0.0,0.277149649,0.6161753995,10541.0,0.0
0.8692316710021731,0.0,0.29152087449999997,0.6428711485,10541.0,0.0
0.9560366576577648,0.064448658,0.28567218149999996,0.6650835264999999,10541.0,0.0
0.9594486568849162,0.235486787,0.25841747,0.659557356,10541.0,0.0
0.9570675446850213,0.361194991,0.215807035,0.638547608,10541.0,0.0
0.9524823972220594,0.481568443,0.232326684,0.632437684,10541.0,0.0
0.9493541956337165,0.6092345594999999,0.2291467785,0.6008187115,10541.0,0.0
0.9461047187403387,0.6189712745,0.233979935,0.6260650415,10541.0,0.0
0.9492470400253981,0.532663719,0.224910151,0.632580103,10541.0,0.0
0.9573885272092988,0.424714528,0.202767191,0.629239002,10541.0,0.0
0.9613639139460503,0.298798928,0.197212761,0.621927747,10541.0,0.0
0.962841265193104,0.150180171,0.21742309,0.638268541,10541.0,0.0
0.9602713741240395,0.006074642,0.229672637,0.649394184,10541.0,0.0
0.9438286344531399,0.0,0.222424998,0.651844281,10541.0,0.0
0.9075487089794929,0.0,0.20005581,0.620985769,10541.0,0.0
0.8233412242385056,0.0,0.190484423,0.5892185,10541.0,0.0
0.8091413006846493,0.0,0.16455400450000002,0.5498798840000001,10541.0,0.0
0.8066057900439401,0.0,0.1404830595,0.49414964650000004,10541.0,0.0
0.8676184894534502,0.0,0.131108781,0.4478282415,10541.0,0.0
0.9488112623005204,0.006002974,0.130679707,0.426131874,10541.0,0.0
0.9644986920660249,0.147879985,0.118097725,0.39966687,10541.0,0.0
0.9577923906805841,0.291613719,0.089845864,0.364218322,10541.0,0.0
0.9523029025208574,0.452649503,0.072521345,0.326112323,10541.0,0.0
0.9465105164624814,0.575459728,0.066712418,0.29487953,10541.0,0.0
0.9434028174609312,0.676425108,0.0608855825,0.216919819,10541.0,0.0
0.9417204877723873,0.6587337630000001,0.072703172,0.18887850550000002,10541.0,0.0
0.9437492347247374,0.571093991,0.078123204,0.18713104,10541.0,0.0
0.9515218674136012,0.466661442,0.084968185,0.190621513,10541.0,0.0
0.9552709513262024,0.341884461,0.098569652,0.195169662,10541.0,0.0
0.9559596276769281,0.178460506,0.123666244,0.217812708,10541.0,0.0
0.9491492657994052,0.0041006,0.140252819,0.2536301395,10541.0,0.0
0.9082503927687351,0.0,0.1295644155,0.26185087949999997,10541.0,0.0
0.8160034752566492,0.0,0.1313319255,0.232668957,10541.0,0.0
0.7992681618912654,0.0,0.124676786,0.2259807225,10541.0,0.0
0.8007293867719525,0.0,0.107702801,0.2253260885,10541.0,0.0
0.8165253982843412,0.0042834075,0.096887905,0.220767725,10541.0,0.0
0.8582329654814056,0.15319468,0.07685024,0.212369315,10541.0,0.0
0.8709427718112649,0.3033107,0.050475007,0.181343002,10541.0,0.0
0.8805107403695817,0.445039669,0.036394356,0.162457463,10541.0,0.0
0.8776490731967057,0.547677391,0.03465952,0.160501346,10541.0,0.0
0.8741903146505753,0.630481197,0.036080126,0.17081779,10541.0,0.0
0.8723355499123973,0.679431598,0.044370919,0.208659807,10541.0,0.0
0.8758520449315489,0.6007594135000001,0.052510964,0.288596939,10541.0,0.0
0.8947909340548871,0.43084439,0.056585682,0.359523713,10541.0,0.0
0.8973762991308115,0.299054988,0.068560373,0.394686738,10541.0,0.0
0.899530334727497,0.165591434,0.080771304,0.420925891,10541.0,0.0
0.899634878733096,0.010310103,0.088693295,0.451911572,10541.0,0.0
0.8895202051606456,0.0,0.0879553705,0.46019241050000004,10541.0,0.0
0.8588392445954307,0.0,0.077196253,0.443177929,10541.0,0.0
0.7453817293028633,0.0,0.074727724,0.405051376,10541.0,0.0
0.7279101096679382,0.0,0.069309895,0.39349626000000004,12446.0,0.0
0.7223850077956843,0.0,0.069725829,0.394964461,14351.0,0.0
0.7278425330946395,0.0,0.08671375349999999,0.4444898095,14351.0,0.0
0.7522640683760956,0.066714274,0.102849496,0.4774947735,14351.0,0.0
0.7882142828930171,0.229598289,0.100612637,0.479894637,14351.0,0.0
0.8096471937731718,0.344462785,0.086764182,0.487318751,14351.0,0.0
0.8084799933243098,0.443278818,0.084112705,0.48920617,14351.0,0.0
0.8070120712795996,0.550762899,0.071873644,0.45636756700000003,14351.0,0.0
0.8056872082309068,0.5451894774999999,0.0856104095,0.49480943499999996,14351.0,0.0
0.8149462106680246,0.37754979899999996,0.090795867,0.497627723,14351.0,0.0
0.8224335951775299,0.221424282,0.098161392,0.476762493,14351.0,0.0
0.8223118363589784,0.114982469,0.113977113,0.458542654,14351.0,0.0
0.8132937403498244,0.0055360775,0.11366530550000001,0.4483254305,14351.0,0.0
0.7836777811798736,0.0,0.11111080649999999,0.4559529445,14351.0,0.0
0.7518286285399882,0.0,0.13949734400000002,0.485433557,14351.0,0.0
0.7394423677299469,0.0,0.14943804300000002,0.5229412415,14351.0,0.0
0.7493366618632108,0.0,0.1597835495,0.5592683085000001,14351.0,0.0
0.846012273120615,0.0099322155,0.1728655015,0.6016721275,14351.0,0.0
0.8655784272614976,0.200387731,0.161898683,0.609921899,14351.0,0.0
0.8652789145478367,0.354466499,0.121587009,0.585052109,14351.0,0.0
0.8658764892378178,0.513065951,0.090720473,0.564468723,14351.0,0.0
0.861443854965572,0.662240856,0.087489992,0.560502708,14351.0,0.0
0.8560035922995873,0.768090728,0.074012413,0.534289113,14351.0,0.0
0.8538062303889293,0.8133428505,0.08752214850000001,0.5803525915,14351.0,0.0
0.8535151312433995,0.6650046205,0.11567340300000001,0.625934192,14351.0,0.0
0.8591004599686322,0.494084951,0.132238759,0.612092416,14351.0,0.0
0.8648597707112466,0.275347667,0.1645099785,0.565399108,14351.0,0.0
0.8569755339716354,0.0090901345,0.226567185,0.5291155455,14351.0,0.0
0.8262552604317487,0.0,0.231627255,0.4682354085,14351.0,0.0
0.7526030633039986,0.0,0.244094007,0.3971931185,14351.0,0.0
0.7399435703240967,0.0,0.22986310599999998,0.3594683985,14351.0,0.0
0.7489570242492671,0.0,0.222120327,0.384655553,14351.0,0.0
0.8443990915718921,0.010704525,0.21072036,0.4320895805,14351.0,0.0
0.8656370337439848,0.149184205,0.182821434,0.444759746,14351.0,0.0
0.8657747498861226,0.298479851,0.136116703,0.434435388,14351.0,0.0
0.8683224945798695,0.422514655,0.123839275,0.410828615,14351.0,0.0
0.8646076462580382,0.543422447,0.13034509,0.391759797,14351.0,0.0
0.8616664343223834,0.6869644829999999,0.1414302815,0.36874301200000004,14351.0,0.0
0.8595292746659293,0.6802785440000001,0.162345858,0.40462271699999997,14351.0,0.0
0.862533735168055,0.44957224500000004,0.1548301955,0.44139148,14351.0,0.0
0.8650620891396287,0.250529013,0.166095927,0.486666186,14351.0,0.0
0.8668739628637523,0.127660692,0.209729115,0.52262633,14351.0,0.0
0.8477668454748455,0.0052239215,0.2584543635,0.5718959855000001,14351.0,0.0
0.807016326474054,0.0,0.27919335700000003,0.5812769985,14351.0,0.0
0.7412842938755986,0.0,0.29948023599999996,0.5558526815,14351.0,0.0
0.7222975331750815,0.0,0.30321461549999995,0.5482983225,14351.0,0.0
0.73107203932513,0.0,0.3232344995,0.579801988,14351.0,0.0
0.8305345118973928,0.0086256425,0.3559796415,0.6551327265,14351.0,0.0
0.8547764310580945,0.064569627,0.370774599,0.70089374,14351.0,0.0
0.8555034051428598,0.143726232,0.396026068,0.720716721,14351.0,0.0
0.8530431836768947,0.194385669,0.399246837,0.719639605,14351.0,0.0
0.8503702953731885,0.265134788,0.398567549,0.711212499,14351.0,0.0
0.8494266415049616,0.2631752785,0.3582903285,0.6966592555,14351.0,0.0
0.847662253058858,0.223533301,0.3627807795,0.701609726,14351.0,0.0
0.8483811030538736,0.1730238305,0.362582728,0.6549472430000001,14351.0,0.0
0.8505288041708712,0.0939538345,0.3125922755,0.5996110809999999,14351.0,0.0
0.837122584290066,0.015936328,0.268070228,0.54195625,14351.0,0.0
0.8321037867978488,0.0,0.242494646,0.484835561,14351.0,0.0
0.7970511676000707,0.0,0.2037218805,0.418235068,14351.0,0.0
0.7329850720666545,0.0,0.14852894,0.373751901,14351.0,0.0
0.7162568183528387,0.0,0.118411244,0.35399458100000003,14351.0,0.0
0.7120285333838194,0.0,0.1004107505,0.3628248705,14351.0,0.0
0.7625205438487777,0.0,0.10643601650000001,0.4567996835,14351.0,0.0
0.8541574349678855,0.046885691,0.1098959865,0.459175537,14351.0,0.0
0.8548679196083686,0.149448644,0.108356375,0.429497123,14351.0,0.0
0.8530706492912681,0.229785782,0.119162334,0.424863411,14351.0,0.0
0.8509304433225469,0.317685189,0.125922281,0.418552652,14351.0,0.0
0.8510751224922655,0.421199282,0.120458027,0.4470037665,14351.0,0.0
0.8486685753560517,0.39669729350000005,0.1389004895,0.5121364515,14351.0,0.0
0.8505849928889841,0.255420614,0.145788492,0.5532710665,14351.0,0.0
0.8517542244094811,0.11717396,0.162914915,0.584980131,14351.0,0.0
0.851363126718349,0.043660138,0.174160233,0.610483513,14351.0,0.0
0.8390170488924455,0.006559383,0.183463939,0.640810861,14351.0,0.0
0.8340022163291403,0.0,0.187916939,0.672461979,14351.0,0.0
0.8024193566431488,0.0,0.20608194000000002,0.701721313,14351.0,0.0
0.7468765854316217,0.0,0.250181177,0.725182813,14351.0,0.0
0.7281113886504935,0.0,0.2963443005,0.7389846705,14351.0,0.0
0.7229388936841477,0.0,0.3875648925,0.756376989,14351.0,0.0
0.777002644867741,0.0,0.48339323850000004,0.7482526469999999,14351.0,0.0
0.8590971233908229,0.035456057,0.571009698,0.7852411244999999,14351.0,0.0
0.8605864184253721,0.129900695,0.612942656,0.813370119,14351.0,0.0
0.8608560477602851,0.225795953,0.659153131,0.823188306,14351.0,0.0
0.8556545636298519,0.326598948,0.703928253,0.84484302,14351.0,0.0
0.8530172652270591,0.437886666,0.794735486,0.889389219,14351.0,0.0
0.8510130342008025,0.531453642,0.7461645939999999,0.8853156445,14351.0,0.0
0.8486188661520025,0.572622426,0.723078507,0.875747872,14351.0,0.0
0.8488429444597532,0.532379083,0.666042552,0.850111668,14351.0,0.0
0.8511699956371573,0.459932412,0.573629306,0.805908781,14351.0,0.0
0.852248222120897,0.325558809,0.467132933,0.751855,14351.0,0.0
0.8527653340218251,0.193293309,0.42210006,0.713083043,14351.0,0.0
0.843878014742052,0.044266823,0.407642487,0.677585267,14351.0,0.0
0.8313659813805782,0.0,0.3714977505,0.6178150570000001,14351.0,0.0
0.7948798691736244,0.0,0.343452847,0.557834048,14351.0,0.0
0.7356095082620973,0.0,0.306430634,0.503261543,14351.0,0.0
0.7175435531038525,0.0,0.27337182250000003,0.4541762545,14351.0,0.0
0.7105505291868884,0.0,0.292772939,0.413253639,14351.0,0.0
0.7190738295003734,0.0,0.308589795,0.447766053,14351.0,0.0
0.7388665767309485,0.0987361605,0.31153179750000004,0.5711552049999999,14351.0,0.0
0.7704688995579061,0.270234079,0.263622028,0.665717011,14351.0,0.0
0.7853722479038875,0.378217114,0.242453617,0.712366137,14351.0,0.0
0.7848949809015368,0.518370055,0.241167702,0.735964773,14351.0,0.0
0.77743341821788,0.6117108135,0.247400798,0.7442800425,14351.0,0.0
0.7745432938048222,0.5586313445,0.28505364499999997,0.7723241064999999,14351.0,0.0
0.7759574206905993,0.478941547,0.288959977,0.770169984,14351.0,0.0
0.7843927386647701,0.2924039705,0.252182318,0.755433671,14351.0,0.0
0.7924496763175732,0.120138992,0.258166799,0.75905052,14351.0,0.0
0.7914726570648328,0.024217514,0.281690185,0.759827013,14351.0,0.0
0.7773755367104827,0.0,0.270570225,0.739585808,14351.0,0.0
0.7343374733453039,0.0,0.22662915649999998,0.6494671245,14351.0,0.0
0.7044939782638213,0.0,0.174031271,0.5162031805,14351.0,0.0
0.7021543549478189,0.0,0.132963616,0.39002579849999996,14351.0,0.0
0.7105698713018828,0.0,0.101887004,0.3341857665,14351.0,0.0
0.7315535371199504,0.1378157035,0.069453097,0.3128230155,14351.0,0.0
0.7600332432643881,0.364473467,0.039518975,0.271275377,14351.0,0.0
0.7720682512818747,0.523156652,0.034831037,0.256135446,14351.0,0.0
0.7686092750857851,0.6670443770000001,0.0534607375,0.2819549735,14351.0,0.0
0.7522143831804506,0.7515783485,0.084820487,0.287073467,14351.0,0.0
0.7500947766192998,0.634087885,0.1152595595,0.2989325515,14351.0,0.0
0.7614450251981641,0.441691923,0.139344104,0.306279486,14351.0,0.0
0.7724386533350296,0.270989555,0.162341412,0.324955884,14351.0,0.0
0.7830701485428657,0.136582265,0.200634517,0.350114565,14351.0,0.0
0.7819385372077561,0.023275583,0.227010143,0.366994477,14351.0,0.0
0.771048099553507,0.0,0.2146699835,0.38373202949999996,14351.0,0.0
0.7417065806484431,0.0,0.193268755,0.394029785,14351.0,0.0
0.72205691701266,0.0,0.192499744,0.3792764615,14351.0,0.0
0.7105807028311784,0.0,0.182982401,0.305477475,14351.0,0.0
0.7160755828455438,0.0,0.1967505615,0.21690786950000002,14351.0,0.0
0.7738785776446706,0.0,0.23222722350000002,0.1429017055,14351.0,0.0
0.8560542203170716,0.113899676,0.2370206695,0.154634602,14351.0,0.0
0.852858466163834,0.249565936,0.252378799,0.20838823,14351.0,0.0
0.8460773109035674,0.4244392435,0.30701545799999996,0.2382063465,14351.0,0.0
0.8414984499034851,0.601223842,0.3794710705,0.31698105099999996,14351.0,0.0
0.8409659612100551,0.6855904535,0.37361134149999997,0.39489975850000003,14351.0,0.0
0.845053677366224,0.5117427845,0.32828362499999997,0.452485253,14351.0,0.0
0.8490472941565603,0.344938711,0.279462498,0.482359035,14351.0,0.0
0.8488241828758434,0.20597421,0.275495199,0.512267529,14351.0,0.0
0.8349376496804204,0.033799412,0.29983415599999996,0.5930047315,14351.0,0.0
0.7989312220434014,0.0,0.303346654,0.6700041935000001,14351.0,0.0
0.7358450950574251,0.0,0.289247081,0.7210854044999999,14351.0,0.0
0.7222149905104244,0.0,0.2604128435,0.793395166,14351.0,0.0
0.7291347079138906,0.0,0.22267573899999998,0.8234189975,14351.0,0.0
0.8331128653385577,0.043693355499999996,0.191371723,0.785968215,14351.0,0.0
0.8561324107697068,0.241419679,0.161222272,0.708507413,14351.0,0.0
0.8576611155997051,0.381688371,0.144206443,0.65169462,14351.0,0.0
0.8524125818847507,0.58453011,0.1519095565,0.6204980790000001,14351.0,0.0
0.8500562760732819,0.723213159,0.15028976,0.582445363,14351.0,0.0
0.8490912974288144,0.771762498,0.16680629400000002,0.5795698885,14351.0,0.0
0.8479133136642553,0.6836061155,0.178379833,0.590977945,14351.0,0.0
0.8516987124528597,0.4535088385,0.1796496245,0.6042217095,14351.0,0.0
0.8527718135358888,0.239198841,0.215365609,0.637060836,14351.0,0.0
0.8422144952445969,0.093811964,0.254264002,0.659082669,14351.0,0.0
0.8297141640122552,0.0,0.2652630335,0.675658019,14351.0,0.0
0.7702673063014043,0.0,0.23214317,0.6700016099999999,14351.0,0.0
0.7322909798528858,0.0,0.1941457615,0.6133160129999999,14351.0,0.0
0.7274380652806558,0.0,0.18561337449999998,0.5650365765,14351.0,0.0
0.7782740510398514,0.000965643,0.1955061075,0.557752343,14351.0,0.0
0.8618766347885712,0.084373543,0.189217685,0.566445636,14351.0,0.0
0.8564688669072636,0.246748847,0.164420796,0.583985498,14351.0,0.0
0.8597734690645236,0.389729749,0.127686756,0.581435373,14351.0,0.0
0.8542683136499625,0.519975559,0.123619951,0.583686535,14351.0,0.0
0.850187899197305,0.629358862,0.126300239,0.590777233,14351.0,0.0
0.8485892724484265,0.719717338,0.115646652,0.563765212,14351.0,0.0
0.8473789391303566,0.7582034645,0.12667456,0.6056302579999999,14351.0,0.0
0.8466730483602587,0.675814295,0.1298576115,0.6170023,14351.0,0.0
0.8496455458048229,0.530620478,0.128637082,0.610570992,14351.0,0.0
0.8506784152965354,0.373012536,0.126317554,0.612644334,14351.0,0.0
0.8512573252233842,0.219419393,0.149009085,0.62455604,14351.0,0.0
0.8412247590156725,0.091230807,0.168540952,0.628702235,14351.0,0.0
0.8273999756325718,0.0,0.1716998035,0.6066279800000001,14351.0,0.0
0.7873838290440444,0.0,0.15672263,0.567133184,14351.0,0.0
0.7417385921163935,0.0,0.165242488,0.5490692605,14351.0,0.0
0.7271378270015345,0.0,0.1500574455,0.5230348825,14351.0,0.0
0.7373725669968323,0.0,0.14608192199999998,0.5208177089999999,14351.0,0.0
0.8342800175738212,0.048356206,0.14909267850000002,0.5319909785,14351.0,0.0
0.8563815373210368,0.261046096,0.142760768,0.538877278,14351.0,0.0
0.8560624892444071,0.466730111,0.106819103,0.527421419,14351.0,0.0
0.8507395363641744,0.613570453,0.101860111,0.516561734,14351.0,0.0
0.8480252563909335,0.765676725,0.109287629,0.511522107,14351.0,0.0
0.8473954765914472,0.866545272,0.098776843,0.497582709,14351.0,0.0
0.8440810103255056,0.9286241545,0.1221178335,0.5260024075,14351.0,0.0
0.8419147406757825,0.835765875,0.14336696999999998,0.558645908,14351.0,0.0
0.8447129176238242,0.655272603,0.149498392,0.569661756,14351.0,0.0
0.8478331891575529,0.487033804,0.15853795,0.575007616,14351.0,0.0
0.8481861827562003,0.302621933,0.191608336,0.580756401,14351.0,0.0
0.8325267023153762,0.063495053,0.221522769,0.5823869755,14351.0,0.0
0.7959473367436515,0.0,0.21949998199999998,0.5741492305,14351.0,0.0
0.7345866967174115,0.0,0.225185632,0.587177576,14351.0,0.0
0.7173862773935513,0.0,0.2146882435,0.5854178320000001,14351.0,0.0
0.7137048426698319,0.0,0.2116537965,0.593231786,14351.0,0.0
0.7693741838266746,0.0028726315,0.2297734475,0.6029305995,14351.0,0.0
0.8559561072183576,0.135683306,0.241582831,0.602238149,14351.0,0.0
0.8530426031458102,0.297756455,0.243729103,0.602803307,14351.0,0.0
0.8527647534907405,0.402242093,0.194933453,0.598891058,14351.0,0.0
0.8482776709128942,0.562099213,0.183753726,0.601273909,14351.0,0.0
0.8407840969580772,0.710236812,0.203112649,0.607809421,14351.0,0.0
0.8305976640366668,0.7525947,0.24300693299999998,0.6391503135000001,14351.0,0.0
0.8256513510652896,0.6147290145,0.27268816399999996,0.6753023735,14351.0,0.0
0.8317018091670324,0.3926717275,0.31362613250000004,0.731473634,14351.0,0.0
0.8402016570086543,0.20736387,0.392141978,0.779502552,14351.0,0.0
0.8314913186320925,0.093427406,0.432049402,0.799289736,14351.0,0.0
0.8150659384149412,0.000646859,0.42071232599999997,0.808673016,14351.0,0.0
0.7381376929941004,0.0,0.387434573,0.7990336425,14351.0,0.0
0.6871764183937794,0.0,0.36526064199999997,0.781741268,14351.0,0.0
0.6813228388489716,0.0,0.3285098905,0.755018571,14351.0,0.0
0.6940246183034391,0.003634062,0.27568265999999997,0.7114488395,14351.0,0.0
0.704520815527092,0.136887552,0.222651967,0.665146309,14351.0,0.0
0.7312272597586018,0.291583993,0.188870465,0.628268714,14351.0,0.0
0.7533632571485309,0.475100118,0.116010617,0.577215283,14351.0,0.0
0.7689111331450273,0.628198174,0.087843953,0.525764361,14351.0,0.0
0.7668252786611293,0.715070464,0.080559175,0.482090976,14351.0,0.0
0.7545649832569148,0.788035311,0.074968599,0.412648462,14351.0,0.0
0.7482524873957324,0.8599784075,0.0763638945,0.411563371,14351.0,0.0
0.7466439239225892,0.8046260430000001,0.084344561,0.373044104,14351.0,0.0
0.7523575632024397,0.632039113,0.09308121,0.318464828,14351.0,0.0
0.7644775314521676,0.471587036,0.111109151,0.272491016,14351.0,0.0
0.7768348763040752,0.294774601,0.141693643,0.252665701,14351.0,0.0
0.7770302315080861,0.142594001,0.16639318,0.244853605,14351.0,0.0
0.7744333581413747,0.001973868,0.16664612,0.249573904,14351.0,0.0
0.7509781312157549,0.0,0.1590166315,0.27595293200000004,14351.0,0.0
0.7049962447057823,0.0,0.1866324945,0.3516292805,14351.0,0.0
0.6883927721143809,0.0,0.16385830699999998,0.38831908049999997,14351.0,0.0
0.6895338122582537,0.0,0.16344460049999998,0.410144044,14351.0,0.0
0.7004593076927206,0.06875431450000001,0.1614000685,0.40882128,14351.0,0.0
0.7331611819764488,0.265579356,0.126001276,0.423900834,14351.0,0.0
0.7584232534558888,0.383767703,0.088969042,0.394140941,14351.0,0.0
0.7749961655134707,0.511191017,0.072085073,0.362446411,14351.0,0.0
0.779046599766603,0.6734229035,0.054107891,0.3100372525,14351.0,0.0
0.7792759731082148,0.7704541389999999,0.043593904,0.280150996,14351.0,0.0
0.7814591427065734,0.6799494994999999,0.0425794035,0.26002421200000003,14351.0,0.0
0.7933465220628517,0.4606101295,0.0531324175,0.2233359545,14351.0,0.0
0.7960417503834307,0.244205886,0.086242036,0.20275888,14351.0,0.0
0.7873154302812979,0.059176837499999996,0.0962614725,0.191625541,14351.0,0.0
0.7537836580809067,0.0,0.063876245,0.126487519,14351.0,0.0
0.7226865271789955,0.0,0.048592429500000006,0.097053874,14351.0,0.0
0.7034988259750639,0.0,0.042143730000000004,0.115838734,14351.0,0.0
0.7108174989022737,0.0,0.047859889,0.14019853399999999,14351.0,0.0
0.8148651429459026,0.07734065,0.0441678605,0.1489510945,14351.0,0.0
0.8518599290836687,0.265684439,0.032011678,0.140539285,14351.0,0.0
0.8521279140396862,0.410819278,0.02020394,0.130210598,14351.0,0.0
0.8502935070507152,0.538439591,0.015235404,0.118036183,14351.0,0.0
0.846876285798866,0.7096189035,0.0120457145,0.1000955295,14351.0,0.0
0.8437910718485645,0.782509422,0.010703750000000001,0.0883409365,14351.0,0.0
0.8398298050053196,0.730425754,0.010246415,0.089989521,14351.0,0.0
0.8409536789434188,0.601166767,0.013013807,0.09613416,14351.0,0.0
0.8456472871272931,0.335363812,0.022410427,0.088831654,14351.0,0.0
0.8308979503325965,0.0703179745,0.0312788805,0.0880680195,14351.0,0.0
0.7927719401428306,0.0,0.0403974025,0.09300325400000001,14351.0,0.0
0.728655240993915,0.0,0.056631672,0.101906654,14351.0,0.0
0.7126569590699527,0.0,0.0729990335,0.09147902899999999,14351.0,0.0
0.7066968526615094,0.0,0.09907126599999999,0.093702648,14351.0,0.0
0.7550485847389532,0.0078707915,0.10707734999999999,0.1233865455,14351.0,0.0
0.8501524063139594,0.17869454350000002,0.079189619,0.18003682,14351.0,0.0
0.8519774325109756,0.347789931,0.045525097,0.219413945,14351.0,0.0
0.849592741878118,0.459011668,0.037115537,0.214788663,14351.0,0.0
0.84636608871192,0.565673542,0.035300955,0.216127418,14351.0,0.0
0.8471930613422877,0.661630891,0.039077054,0.198102737,14351.0,0.0
0.8442522364929528,0.7100296775,0.052784708,0.273537143,14351.0,0.0
0.839861912900467,0.615381451,0.063848031,0.35270430500000005,14351.0,0.0
0.8391389041381941,0.487336331,0.075310058,0.402644855,14351.0,0.0
0.8380516835552388,0.374477233,0.087014416,0.419487015,14351.0,0.0
0.8402016570086543,0.246265881,0.101636996,0.428030102,14351.0,0.0
0.8319712934675694,0.133997418,0.108236834,0.436870562,14351.0,0.0
0.82635347015445,0.004657518,0.114269691,0.434353054,14351.0,0.0
0.7864778195663993,0.0,0.1197463015,0.4263162745,14351.0,0.0
0.711441427538799,0.0,0.128513835,0.39238539100000003,14351.0,0.0
0.695784993410242,0.0,0.173758861,0.4204739625,14351.0,0.0
0.702444510877929,0.0,0.19635204150000002,0.471454837,14351.0,0.0
0.8070248854701414,0.069578249,0.18010383800000002,0.479277348,14351.0,0.0
0.8471929645215102,0.209737794,0.167477058,0.479047958,14351.0,0.0
0.8495416787575056,0.320076798,0.145656542,0.490552481,14351.0,0.0
0.8445179489157622,0.437914475,0.141508437,0.492121579,14351.0,0.0
0.8388337821167257,0.528050714,0.157482375,0.503392243,14351.0,0.0
0.8325494292217787,0.59197379,0.162511847,0.46960172,14351.0,0.0
0.8246849216834815,0.6510959475,0.208454532,0.524478282,14351.0,0.0
0.8187853804103676,0.5494885494999999,0.247323304,0.5724123125,14351.0,0.0
0.8174534819153013,0.423718234,0.283583944,0.575541984,14351.0,0.0
0.8175704048115238,0.336967271,0.322574103,0.588039661,14351.0,0.0
0.8197370129403877,0.210294253,0.366304229,0.610990792,14351.0,0.0
0.8154177231314015,0.09830933,0.402502273,0.617647432,14351.0,0.0
0.8202302372663248,0.003699429,0.422770956,0.626588407,14351.0,0.0
0.7760750209386836,0.0,0.4259538215,0.6310965024999999,14351.0,0.0
0.712923033980307,0.0,0.4168156,0.617961368,14351.0,0.0
0.6926667529481483,0.0,0.4006094275,0.6090641834999999,14351.0,0.0
0.6923758472473833,0.0,0.371596864,0.602841159,14351.0,0.0
0.7461604434665225,0.006750293,0.32996204549999997,0.6000282415,14351.0,0.0
0.8425020159571638,0.077135407,0.260388014,0.566335804,14351.0,0.0
0.8449906704581163,0.155612166,0.195968771,0.521278081,14351.0,0.0
0.8443412584748834,0.208891946,0.122209604,0.444428121,14351.0,0.0
0.8342022138139255,0.289277685,0.104318577,0.356749819,14351.0,0.0
0.8252000993335521,0.363585965,0.098122115,0.27040059,14351.0,0.0
0.8181207366690089,0.446579525,0.060101461999999994,0.1647560755,14351.0,0.0
0.815387307631958,0.3758595105,0.053896161,0.09573224050000001,14351.0,0.0
0.8139606810263758,0.314314419,0.056535375,0.091469282,14351.0,0.0
0.8125195962449364,0.247271341,0.072982302,0.104943307,14351.0,0.0
0.8130492802844625,0.195148291,0.099002189,0.138837368,14351.0,0.0
0.8163057200086308,0.129456629,0.132157917,0.179667136,14351.0,0.0
0.8151119241516515,0.059327996,0.171685631,0.225745417,14351.0,0.0
0.8205045084884317,0.003159514,0.209360341,0.278991589,14351.0,0.0
0.7772174634095085,0.0,0.237251528,0.3653426235,14351.0,0.0
0.7050882891883661,0.0,0.276331627,0.49692173100000003,14351.0,0.0
0.6870231320143747,0.0,0.27748515949999997,0.5484883455,14351.0,0.0
0.6972457347774124,0.0,0.295182835,0.5828085195,14351.0,0.0
0.8021359943042587,0.035304069,0.2996172795,0.614029285,14351.0,0.0
0.8402276722792675,0.139603077,0.259975297,0.59849638,14351.0,0.0
0.8346041432311433,0.225601471,0.195668219,0.552895368,14351.0,0.0
0.8229938399476657,0.341287412,0.16581206,0.517320907,14351.0,0.0
0.8148571882925135,0.425950542,0.171056798,0.489477277,14351.0,0.0
0.8093560950212224,0.49041129,0.153972723,0.443166798,14351.0,0.0
0.807208127843877,0.511507418,0.156089038,0.462308988,14351.0,0.0
0.80540024384423,0.4087402585,0.1637162055,0.5114872245000001,14351.0,0.0
0.8047844387070838,0.30630235,0.176955557,0.555105734,14351.0,0.0
0.8052501490082589,0.211545728,0.205358482,0.582608758,14351.0,0.0
0.810283743155474,0.118344895,0.243401948,0.615982295,14351.0,0.0
0.805040673713951,0.051196288,0.27729927,0.638660465,14351.0,0.0
0.8111671945727067,0.004204231,0.310767244,0.679926181,14351.0,0.0
0.7689231253429116,0.0,0.3274089875,0.7530969885000001,14351.0,0.0
0.6946610224545751,0.0,0.347190181,0.790674085,14351.0,0.0
0.67174253981042,0.0,0.3309492595,0.7867020645,14351.0,0.0
0.662934740891441,0.0,0.329972744,0.7793100260000001,14351.0,0.0
0.6738401446370487,0.010788492,0.359179991,0.7560689125,14351.0,0.0
0.6951370323611401,0.075742667,0.366144135,0.735753882,14351.0,0.0
0.7237726116921369,0.153616977,0.34266181,0.719426399,14351.0,0.0
0.7498051282111106,0.271035536,0.306876334,0.690378311,14351.0,0.0
0.7586412391391052,0.363609234,0.340720956,0.656159684,14351.0,0.0
0.7543524132399512,0.392617869,0.401968927,0.627323728,14351.0,0.0
0.7491780082279421,0.475197016,0.373994029,0.52785656,14351.0,0.0
0.7482921146443506,0.492833903,0.4134448885,0.542772537,14351.0,0.0
0.7468980552422384,0.42168596150000004,0.4321970425,0.5573017570000001,14351.0,0.0
0.7513935033714075,0.32797694,0.398641291,0.561357853,14351.0,0.0
0.7550311284644277,0.242209237,0.377057075,0.556387273,14351.0,0.0
0.7681711036049373,0.148475627,0.370426222,0.545297724,14351.0,0.0
0.771004482973992,0.077270964,0.374556947,0.549758778,14351.0,0.0
0.7691177069646538,0.005992089,0.375780908,0.555497698,14351.0,0.0
0.7455210654219122,0.0,0.3733793345,0.569843687,14351.0,0.0
0.7023424570554974,0.0,0.38305285349999996,0.574505663,14351.0,0.0
0.6883841891098892,0.0,0.34604142800000004,0.5369395610000001,14351.0,0.0
0.6948022200121082,0.0,0.29946360549999995,0.483107091,14351.0,0.0
0.706141492027301,0.051220459499999996,0.2380995315,0.41049108,14351.0,0.0
0.7312350931892289,0.180041768,0.151898533,0.316824611,14351.0,0.0
0.755500851711323,0.284816683,0.108417072,0.256259776,14351.0,0.0
0.7710247437056313,0.422997095,0.08740758,0.199561239,14351.0,0.0
0.768036579203023,0.569983635,0.051440041,0.1200059405,14351.0,0.0
0.7566814950954097,0.5931644574999999,0.0378408955,0.0757143435,14351.0,0.0
0.7559910537333971,0.53563852,0.034162828,0.0865509095,14351.0,0.0
0.7664778939767091,0.406065732,0.036800648,0.109956982,14351.0,0.0
0.7768378257955648,0.300545556,0.051647759,0.128880106,14351.0,0.0
0.7830701485428657,0.173801352,0.083601348,0.165432728,14351.0,0.0
0.7787638177620072,0.077809661,0.130807043,0.223393131,14351.0,0.0
0.7827085473409517,0.009787633,0.167519351,0.288880918,14351.0,0.0
0.7531090048029099,0.0,0.20527107649999998,0.377111777,14351.0,0.0
0.7287228899860065,0.0,0.244309772,0.454764465,14351.0,0.0
0.7067716583227366,0.0,0.278996907,0.5061686265,14351.0,0.0
0.6979503926569188,0.0,0.3109627695,0.5814754879999999,14351.0,0.0
0.7458789671648914,0.0112070775,0.34465432149999997,0.637683836,14351.0,0.0
0.845942979946418,0.093040183,0.3459765515,0.67906439,14351.0,0.0
0.8495572491915625,0.17447318,0.351807221,0.707453377,14351.0,0.0
0.8482776709128942,0.239241518,0.371499993,0.708715601,14351.0,0.0
0.8453071075223973,0.293317896,0.395756732,0.732474802,14351.0,0.0
0.8433146754460504,0.296446397,0.40214797199999996,0.7499428674999999,14351.0,0.0
0.8411603495838228,0.300011562,0.448074849,0.786988364,14351.0,0.0
0.840294112389172,0.238936177,0.4695810455,0.8007525474999999,14351.0,0.0
0.8455240295545927,0.1267414275,0.4899299125,0.7831035715,14351.0,0.0
0.8464817549059371,0.067192758,0.465548816,0.769916936,14351.0,0.0
0.830454580638665,0.018428457500000002,0.420608165,0.7737672685,14351.0,0.0
0.7865351447479065,0.0,0.3861043595,0.763052093,14351.0,0.0
0.7198156968641237,0.0,0.386137671,0.76418257,14351.0,0.0
0.697204487551883,0.0,0.3660864285,0.8031111735,14351.0,0.0
0.6929865265902386,0.0,0.344859238,0.8306593385000001,14351.0,0.0
0.7415967174037885,0.0047038075,0.311105847,0.8448489260000001,14351.0,0.0
0.846220152643206,0.0694854715,0.284762613,0.8537776065,14351.0,0.0
0.8512898200080611,0.150325555,0.276272962,0.865190123,14351.0,0.0
0.8482760753379677,0.238484953,0.267558469,0.853046105,14351.0,0.0
0.845632393848308,0.30269279250000003,0.234951724,0.7908974115,14351.0,0.0
0.8427144891533498,0.326744078,0.2481883725,0.7945261880000001,14351.0,0.0
0.8452947286317738,0.2738315995,0.2463288245,0.7987047715,14351.0,0.0
0.8486011680223233,0.156686755,0.22726233,0.7906523475,14351.0,0.0
0.8307023532734319,0.0376991345,0.263217761,0.7948727394999999,14351.0,0.0
0.7883938504065925,0.0,0.2981658345,0.7915292285,14351.0,0.0
0.721854259908347,0.0,0.333027701,0.759241446,14351.0,0.0
0.7004489356685376,0.0,0.32300301750000004,0.7339892835,14351.0,0.0
0.696599877021948,0.0,0.3078985785,0.6939176005000001,14351.0,0.0
0.747735811188303,0.0076021375,0.27929404049999995,0.6538648135,14351.0,0.0
0.8467827183569387,0.065503634,0.259071031,0.61341825,14351.0,0.0
0.8509897267633157,0.134452636,0.237432086,0.568011503,14351.0,0.0
0.8523110839946287,0.221125135,0.236871425,0.495589268,14351.0,0.0
0.8502935070507152,0.320508641,0.242332546,0.432206729,14351.0,0.0
0.8482915973616358,0.415932838,0.23115811,0.378845282,14351.0,0.0
0.8467156010919624,0.432639568,0.228987286,0.294260599,14351.0,0.0
0.8471514756376176,0.451395803,0.219609365,0.32362172,14351.0,0.0
0.8462219900732861,0.4542064815,0.213041178,0.3692399605,14351.0,0.0
0.8438759838672072,0.428362741,0.214612215,0.400554206,14351.0,0.0
0.8450921197410594,0.340363403,0.21733968650000002,0.4251422635,14351.0,0.0
0.846442780213616,0.222157322,0.22225471,0.471333241,14351.0,0.0
0.8336697251204954,0.117616942,0.241425263,0.525369878,14351.0,0.0
0.8276730865796703,0.020852449,0.263452836,0.56099431,14351.0,0.0
0.7904772873229065,0.0,0.2763000805,0.5670482705,14351.0,0.0
0.7255070201355057,0.0,0.275194658,0.533576078,14351.0,0.0
0.7079226115760504,0.0,0.26736649,0.5510142455,14351.0,0.0
0.7052382389899614,0.0,0.261285748,0.5645426695,14351.0,0.0
0.7573745474697715,0.017200887,0.2470202495,0.547538424,14351.0,0.0
0.848556874484527,0.104900353,0.215589729,0.51606816,14351.0,0.0
0.8518599290836687,0.207144183,0.171718859,0.479679846,14351.0,0.0
0.8519774325109756,0.291149807,0.168770641,0.430113963,14351.0,0.0
0.8495672103178117,0.400730369,0.169313611,0.380696897,14351.0,0.0
0.8475094019793716,0.4724042,0.162995291,0.352162894,14351.0,0.0
0.8464228095507287,0.5129776745000001,0.1299285885,0.322881835,14351.0,0.0
0.8442959012860662,0.5715570375000001,0.118251941,0.360415361,14351.0,0.0
0.8456912905963374,0.4734549375,0.12867106350000002,0.421527763,14351.0,0.0
0.8476716822612016,0.346704479,0.124523411,0.451679801,14351.0,0.0
0.8481803802004182,0.242021949,0.114736887,0.485437344,14351.0,0.0
0.8345513393044384,0.130304733,0.120815353,0.519812156,14351.0,0.0
0.8278136069821316,0.030536113,0.128193557,0.51621074,14351.0,0.0
0.7911613457948428,0.0,0.13522468199999998,0.5135604935,14351.0,0.0
0.719063167210648,0.0,0.1400722055,0.5413607570000001,14351.0,0.0
0.7035986796830804,0.0,0.1204924625,0.517974322,14351.0,0.0
0.7136272807650896,0.001455174,0.1083804625,0.5156588529999999,14351.0,0.0
0.7857490326503288,0.0508623,0.102588795,0.502440318,14351.0,0.0
0.8477383158158707,0.122061658,0.102942647,0.49115332,14351.0,0.0
0.8505955343495277,0.216493009,0.097235254,0.490056379,14351.0,0.0
0.8518455193182004,0.377394398,0.081887345,0.466813186,14351.0,0.0
0.8489989388690743,0.494001413,0.076901803,0.441858919,14351.0,0.0
0.8475094019793716,0.601990835,0.072008441,0.422277067,14351.0,0.0
0.8453606854249516,0.7154474765,0.061820554,0.3876889315,14351.0,0.0
0.8426098483269735,0.674529106,0.074501705,0.443598887,14351.0,0.0
0.8425730983478423,0.5306685255,0.07962141,0.47379463450000003,14351.0,0.0
0.8445726872901149,0.381701794,0.078271574,0.465323368,14351.0,0.0
0.8457011066882106,0.252414549,0.070790075,0.450023254,14351.0,0.0
0.8342430257395363,0.143786765,0.066751758,0.409576919,14351.0,0.0
0.8281957105740481,0.042022925,0.070175344,0.365208257,14351.0,0.0
0.7933272041530518,0.0,0.07620109550000001,0.335631148,14351.0,0.0
0.720607708141471,0.0,0.080006409,0.287249015,14351.0,0.0
0.698252323134954,0.0,0.072810542,0.243801092,14351.0,0.0
0.6891092043450222,0.0,0.06268123,0.180749962,14351.0,0.0
0.694483510217829,0.033644151500000004,0.060065722,0.132236617,14351.0,0.0
0.7040771555676182,0.140083485,0.04528057,0.108301825,14351.0,0.0
0.731325614318889,0.254329755,0.025094449,0.091116458,14351.0,0.0
0.7538280000290919,0.390219408,0.019238584,0.078023205,14351.0,0.0
0.7720721199803797,0.5434641345,0.024062052,0.08008544749999999,14351.0,0.0
0.7667959752230955,0.6863094905,0.0373059545,0.12422151399999999,14351.0,0.0
0.7597031942221022,0.662519258,0.046603021999999994,0.21824938,14351.0,0.0
0.7706871513014704,0.5071855175,0.048104501,0.284005858,14351.0,0.0
0.7830301101995236,0.2900638295,0.0391785985,0.2709564505,14351.0,0.0
0.7783951086949268,0.087922094,0.0479519535,0.2083263595,14351.0,0.0
0.7526496051698088,0.0,0.058474064,0.19033474,14351.0,0.0
0.713204558889117,0.0,0.060384048,0.171972629,14351.0,0.0
0.6888839169582943,0.0,0.061020617,0.14595665400000002,14351.0,0.0
0.6774365709149283,0.0,0.064595704,0.10916163849999999,14351.0,0.0
0.6839326718341812,0.0274879,0.0701890525,0.09951315599999999,14351.0,0.0
0.7154288304818388,0.151331574,0.050226688000000005,0.099308988,14351.0,0.0
0.7538596726243211,0.310958011,0.036310159,0.08197504,14351.0,0.0
0.7729740915199492,0.4750883195,0.032158762,0.07545200799999999,14351.0,0.0
0.7721855130508183,0.5966817010000001,0.0300501365,0.0672440355,14351.0,0.0
0.7665929796396418,0.5525496205,0.0284404985,0.0818618325,14351.0,0.0
0.7690485592184132,0.457507129,0.029787459000000002,0.0829636275,14351.0,0.0
0.7774261407195627,0.292275414,0.0406878775,0.08955855500000001,14351.0,0.0
0.7770302315080861,0.146540052,0.063220949,0.100721955,14351.0,0.0
0.7731882087014507,0.0588518,0.080383149,0.108068749,14351.0,0.0
0.7503550247686774,0.0,0.08815411000000001,0.124502946,14351.0,0.0
0.7146689751164474,0.0,0.107373231,0.2370471395,14351.0,0.0
0.7008141631234326,0.0,0.11001100450000001,0.30248184300000003,14351.0,0.0
0.7133272843411217,0.001853106,0.11845349150000001,0.363481418,14351.0,0.0
0.8143513434175895,0.080433774,0.1127877735,0.4141193635,14351.0,0.0
0.8505730006911,0.21674564,0.082908358,0.431153926,14351.0,0.0
0.8497844226155493,0.392552969,0.091206549,0.459114912,14351.0,0.0
0.8470133729995306,0.5307182005,0.1190189895,0.5059378425,14351.0,0.0
0.841902506819535,0.582267042,0.13867169,0.545007078,14351.0,0.0
0.8405727358233007,0.5520364005,0.16651685700000002,0.5642571455000001,14351.0,0.0
0.8421755209458561,0.5160351805,0.194784088,0.58666187,14351.0,0.0
0.848256152888679,0.3584644985,0.2172147735,0.5920976075,14351.0,0.0
0.8481861827562003,0.217974749,0.249288748,0.599499469,14351.0,0.0
0.8308322838049609,0.103957195,0.2701254315,0.6138305829999999,14351.0,0.0
0.7872872633066582,0.0,0.247999733,0.569680345,14351.0,0.0
0.6828174531225764,0.0,0.23791766,0.554557347,14351.0,0.0
0.6504765997064679,0.0,0.244095899,0.5784685045,10158.0,0.0
0.6408098412879455,0.0,0.27219201699999995,0.6056142019999999,5965.0,0.0
0.6652198434830497,0.039979311499999996,0.2810751335,0.6543916155,5965.0,0.0
0.753080619981521,0.118722721,0.278706361,0.653675368,5965.0,0.0
0.8093527102298144,0.212878382,0.28573082,0.643892871,5965.0,0.0
0.8305167655541151,0.25080096,0.298874491,0.64443193,5965.0,0.0
0.8326331807686229,0.38088441949999996,0.3192588265,0.6390001965000001,5965.0,0.0
0.8323743831597956,0.401698045,0.365254651,0.661372801,5965.0,0.0
0.83216887299119,0.4093436145,0.38012981199999996,0.700719181,5965.0,0.0
0.8311461100536832,0.3653664385,0.403891977,0.7005652615,5965.0,0.0
0.8293575919806448,0.2342101025,0.3808371565,0.6798180140000001,5965.0,0.0
0.8281177619765665,0.129154371,0.357977739,0.687731452,5965.0,0.0
0.8121913118203572,0.0469078595,0.3538134205,0.6886979259999999,5965.0,0.0
0.7697542079365673,0.0,0.320094059,0.7205690885,5965.0,0.0
0.6725409827818127,0.0,0.29179552,0.7421285870000001,5965.0,0.0
0.6454906834948766,0.0,0.26662474,0.728841089,5965.0,0.0
0.6481035143819647,0.001407749,0.2409533325,0.7001338445,5965.0,0.0
0.7207144768602598,0.039835952,0.221363472,0.634055466,5965.0,0.0
0.8096492250415969,0.110474882,0.214547459,0.571116448,5965.0,0.0
0.8293970497929024,0.182459956,0.205610279,0.545086835,5965.0,0.0
0.8328264086705922,0.252056484,0.198510664,0.527739257,5965.0,0.0
0.8327372898678839,0.352403652,0.199129905,0.4863858325,5965.0,0.0
0.8322272862257027,0.409976323,0.2164258735,0.46316699,5965.0,0.0
0.8303402685580011,0.3553184545,0.2014333305,0.46719602650000003,5965.0,0.0
0.8271270581302379,0.243671825,0.17423762,0.43192985500000003,5965.0,0.0
0.825780459604161,0.154605212,0.157704474,0.371880337,5965.0,0.0
0.8173573514778335,0.095460482,0.171264067,0.363040093,5965.0,0.0
0.8067477129701436,0.044364362,0.191506298,0.376889893,5965.0,0.0
0.7701799040995945,0.000543957,0.2105017905,0.382880766,5965.0,0.0
0.6822399699246642,0.0,0.2098959775,0.38707502699999996,5965.0,0.0
0.659372332554372,0.0,0.2209366515,0.357410122,5965.0,0.0
0.6618372445147096,0.001894174,0.2496556295,0.37313029249999996,5965.0,0.0
0.7280706251352713,0.0620697415,0.28738390199999997,0.41136545150000003,5965.0,0.0
0.8100788133211628,0.154758437,0.268800452,0.438538927,5965.0,0.0
0.8293502420635346,0.238766354,0.27882044,0.451565468,5965.0,0.0
0.8332902325409278,0.31733558,0.320661207,0.506078163,5965.0,0.0
0.8323074111259856,0.37224927500000005,0.41690222499999996,0.5566562475000001,5965.0,0.0
0.8326822130143905,0.33757691700000003,0.438484097,0.5828387995,5965.0,0.0
0.8303501330602631,0.27830405550000004,0.3832834345,0.601040923,5965.0,0.0
0.828179560002487,0.20020699,0.336206398,0.61001829,5965.0,0.0
0.8277785011851057,0.10944906,0.308320157,0.612537823,5965.0,0.0
0.8129945419101099,0.034735337,0.28181496699999997,0.6141354084999999,5965.0,0.0
0.770524363104139,0.0,0.2372982355,0.6375731655,5965.0,0.0
0.6909085053401773,0.0,0.24918007,0.676804752,5965.0,0.0
0.6667095498091131,0.0,0.241831306,0.687479783,5965.0,0.0
0.6653846625552258,0.0,0.236905317,0.6720202465,5965.0,0.0
0.6956142507563119,0.016401333,0.231522242,0.6169672435,5965.0,0.0
0.7661970948301496,0.089318305,0.21864323,0.581127028,5965.0,0.0
0.812458958494024,0.179989774,0.195026043,0.551502859,5965.0,0.0
0.8302703468359114,0.251305023,0.169874717,0.511539376,5965.0,0.0
0.8341969913956473,0.344427627,0.151932489,0.480572808,5965.0,0.0
0.8320124918891296,0.463813284,0.143741541,0.459201459,5965.0,0.0
0.8324591017336734,0.52591051,0.111019078,0.38108279,5965.0,0.0
0.831843393614095,0.516509675,0.096433801,0.35260314049999997,5965.0,0.0
0.8276446053310842,0.481906692,0.079360565,0.321504134,5965.0,0.0
0.8227508060208699,0.37138298049999996,0.078687096,0.313848069,5965.0,0.0
0.8241593960176322,0.235288048,0.072905097,0.306350248,5965.0,0.0
0.8117770519229044,0.10178776449999999,0.1185167575,0.313244804,5965.0,0.0
0.7684043938586529,0.001152782,0.1758069425,0.3281250775,5965.0,0.0
0.660723936045558,0.0,0.19060825850000002,0.349826111,5965.0,0.0
0.6371812589013199,0.0,0.17405618350000002,0.3426555535,5965.0,0.0
0.6363586866965728,0.0050128075,0.161988772,0.30594308449999996,5965.0,0.0
0.6384350637645286,0.0715778165,0.13186462399999999,0.25322215000000003,5965.0,0.0
0.6644937403917014,0.191188352,0.078124931,0.205468263,5965.0,0.0
0.6926561628804259,0.277190486,0.077060118,0.196110257,5965.0,0.0
0.7231761004563866,0.377615471,0.08432785,0.214597754,5965.0,0.0
0.7201120180343512,0.420646877,0.095775234,0.267832179,5965.0,0.0
0.7172822651150677,0.492646494,0.109028532,0.311260749,5965.0,0.0
0.7132384075903573,0.514587106,0.1412834875,0.36484531200000003,5965.0,0.0
0.710782779601197,0.4059837465,0.1526499745,0.419848957,5965.0,0.0
0.7114152188234211,0.28922718150000004,0.149835224,0.433664251,5965.0,0.0
0.7130465336049511,0.177365097,0.178661329,0.436046767,5965.0,0.0
0.7140767916907343,0.106330154,0.224641446,0.434283999,5965.0,0.0
0.7177804217905309,0.043369584,0.280063362,0.433417498,5965.0,0.0
0.7120565069136944,0.00094206,0.328857393,0.434982209,5965.0,0.0
0.646634987797766,0.0,0.35051761400000003,0.43879092249999996,5965.0,0.0
0.618969440093154,0.0,0.341438969,0.41988345,5965.0,0.0
0.6160456362184263,0.0,0.3453365405,0.4446709425,5965.0,0.0
0.622211131572713,0.037317990999999995,0.35336008399999996,0.50487969,5965.0,0.0
0.6339629710896547,0.12079983,0.336325296,0.555000064,5965.0,0.0
0.6593682708046824,0.175919879,0.313937837,0.542032936,5965.0,0.0
0.6831844215803543,0.24751706,0.305614345,0.517745489,5965.0,0.0
0.7084493941408952,0.334791248,0.345050224,0.493089128,5965.0,0.0
0.7110905614389835,0.443330676,0.372377446,0.469539815,5965.0,0.0
0.7111922767822745,0.635101091,0.3801784425,0.395397337,5965.0,0.0
0.7110331150347142,0.754823985,0.40538693150000005,0.4235823045,5965.0,0.0
0.7106036233791357,0.625336801,0.3486658755,0.445578926,5965.0,0.0
0.712423040071554,0.447114539,0.278524911,0.436712044,5965.0,0.0
0.7107791531514258,0.316296771,0.237388849,0.444595782,5965.0,0.0
0.7105454033925975,0.185301513,0.219006431,0.448218381,5965.0,0.0
0.7115020166825324,0.103777499,0.20742041,0.438773669,5965.0,0.0
0.7096288528479895,0.00249371,0.18418638450000002,0.392623084,5965.0,0.0
0.6622519155068862,0.0,0.14218489099999998,0.29586290849999997,5965.0,0.0
0.6367820375140186,0.0,0.157420193,0.252902687,5965.0,0.0
0.635450501309707,0.0,0.2325130175,0.2240977905,5965.0,0.0
0.6601238709756196,0.022853348,0.327442123,0.274865027,5965.0,0.0
0.7492059575526228,0.081604046,0.368487153,0.337123617,5965.0,0.0
0.808842126253339,0.151340027,0.346228538,0.369790166,5965.0,0.0
0.8241949855249651,0.241086906,0.334739138,0.393143819,5965.0,0.0
0.8235657862565633,0.32551533,0.35865212,0.430457986,5965.0,0.0
0.8230660828101426,0.3979710585,0.4208512995,0.46048387550000003,5965.0,0.0
0.8224795811110304,0.5014759745,0.480119068,0.4658708925,5965.0,0.0
0.8206061512161393,0.5173905169999999,0.481218279,0.438592365,5965.0,0.0
0.8168190602286213,0.485459502,0.43525378,0.472051561,5965.0,0.0
0.8158959571607859,0.401266899,0.398591394,0.477447046,5965.0,0.0
0.8156156897413419,0.284971925,0.342614755,0.472624096,5965.0,0.0
0.8098723363223139,0.171391178,0.308172274,0.468646486,5965.0,0.0
0.8035551985739379,0.097566421,0.289531271,0.456399219,5965.0,0.0
0.7568813957594175,0.0029224145,0.2799910205,0.43612623500000003,5965.0,0.0
0.6735598774143949,0.0,0.257716516,0.423285611,5965.0,0.0
0.6424039465852318,0.0,0.226208992,0.387774001,5965.0,0.0
0.6343784882796832,0.0,0.1778609395,0.3162333225,5965.0,0.0
0.6586658858519643,0.0376410155,0.14326745000000002,0.232757382,5965.0,0.0
0.7484001162537308,0.138289889,0.115314567,0.171485237,5965.0,0.0
0.8086639370583113,0.308613905,0.092839184,0.133791717,5965.0,0.0
0.8238603670142783,0.515631277,0.101289914,0.098828003,5965.0,0.0
0.824263069816975,0.69436509,0.117548044,0.085783341,5965.0,0.0
0.8232965442047601,0.812986059,0.132772048,0.092030461,5965.0,0.0
0.8238748736005241,0.886838128,0.140930179,0.112984074,5965.0,0.0
0.824349045880219,0.891842163,0.165600666,0.164934312,5965.0,0.0
0.822325472738968,0.7363735645,0.1946261285,0.221268124,5965.0,0.0
0.8169382076412435,0.534067409,0.212134307,0.228259895,5965.0,0.0
0.8158959571607859,0.376086117,0.221779838,0.242761252,5965.0,0.0
0.8156156897413419,0.226259729,0.250399259,0.278151443,5965.0,0.0
0.8101816169142495,0.119352402,0.302280383,0.329935131,5965.0,0.0
0.802970679732862,0.065100397,0.350622707,0.395904382,5965.0,0.0
0.7569431455717395,0.003016747,0.36957883049999996,0.48053198799999997,5965.0,0.0
0.6733887478709353,0.0,0.39298317,0.573819927,5965.0,0.0
0.6425898243733006,0.0,0.38193539649999997,0.641693946,5965.0,0.0
0.634013236619594,0.0006012245,0.382420648,0.691973988,5965.0,0.0
0.6578061523765719,0.1064843305,0.367772858,0.6827184905000001,5965.0,0.0
0.7478687398185007,0.263264714,0.323767346,0.655789083,5965.0,0.0
0.8082735163254607,0.419641325,0.241961244,0.618959791,5965.0,0.0
0.8240988554810778,0.583352443,0.225929857,0.597663402,5965.0,0.0
0.824162104244339,0.727165813,0.25096735,0.610277322,5965.0,0.0
0.8235545680345282,0.844486787,0.301326389,0.637921968,5965.0,0.0
0.8230764308259214,0.924621151,0.340219007,0.673616685,5965.0,0.0
0.8239027745148157,0.9592831195,0.4121356275,0.7201775155,5965.0,0.0
0.8214808021757114,0.8619066879999999,0.4496983115,0.753996316,5965.0,0.0
0.8168190602286213,0.691531293,0.42874293,0.779227942,5965.0,0.0
0.8158838683389144,0.544425603,0.411653158,0.800650432,5965.0,0.0
0.8152464487503559,0.386161434,0.442657395,0.822927604,5965.0,0.0
0.8061247997710407,0.191921564,0.473499553,0.8486500935,5965.0,0.0
0.7569394705147894,0.0064843555,0.48654243799999997,0.8451256535,5965.0,0.0
0.6734510780175516,0.0,0.479567772,0.860306281,5965.0,0.0
0.642563059725613,0.0,0.432360282,0.821779551,5965.0,0.0
0.6338635042711677,0.000866953,0.36430518,0.7627289415,5965.0,0.0
0.6577516320457587,0.11379105399999999,0.312961151,0.7340992900000001,5965.0,0.0
0.747997848357372,0.267419232,0.25790311,0.716898758,5965.0,0.0
0.8086639370583113,0.423454198,0.188404073,0.682364632,5965.0,0.0
0.8239643308823731,0.580912805,0.191710488,0.661510838,5965.0,0.0
0.8236192675351302,0.721616161,0.220354166,0.64487991,5965.0,0.0
0.8230721754346769,0.835701062,0.27058941,0.647308941,5965.0,0.0
0.8230768177154509,0.913692584,0.356370341,0.662342071,5965.0,0.0
0.8241422784190375,0.938950547,0.440749536,0.6717547275,5965.0,0.0
0.8222668176493019,0.8222009875,0.5090478775,0.6819276025000001,5965.0,0.0
0.8174241782804773,0.631914346,0.504639516,0.680810787,5965.0,0.0
0.8160668450458823,0.503016198,0.471726554,0.666551975,5965.0,0.0
0.8153786520118832,0.354059719,0.478890709,0.654053741,5965.0,0.0
0.8101816169142495,0.221445247,0.496537534,0.632968452,5965.0,0.0
0.8030190830371563,0.146941705,0.504235127,0.621147138,5965.0,0.0
0.7580421166942157,0.0080477005,0.487976152,0.5898653875,5965.0,0.0
0.6599609375471219,0.0,0.46324734,0.585571115,5965.0,0.0
0.6345653330947858,0.0,0.3673484265,0.5659454129999999,5965.0,0.0
0.637691068705156,0.0310343015,0.2898485205,0.526816242,5965.0,0.0
0.67449071709208,0.14340019,0.225694627,0.500994227,5965.0,0.0
0.7478687398185007,0.218176054,0.180971202,0.500107922,5965.0,0.0
0.8086688694078373,0.334144004,0.133125635,0.491260666,5965.0,0.0
0.8266664256065455,0.377513205,0.118843934,0.474241484,5965.0,0.0
0.8265083038951825,0.460916774,0.113367268,0.448620623,5965.0,0.0
0.8245017519253292,0.498361979,0.116773043,0.419483899,5965.0,0.0
0.8224601905856472,0.509711735,0.110615985,0.330536877,5965.0,0.0
0.8217244160432211,0.4161771955,0.1307362615,0.34463240500000003,5965.0,0.0
0.8198862373733127,0.24215379199999998,0.137618249,0.330196724,5965.0,0.0
0.816498029293955,0.138943975,0.1281700955,0.328544742,5965.0,0.0
0.8153482849228284,0.07499992,0.119864111,0.306816632,5965.0,0.0
0.8083201792172426,0.028889831999999997,0.108634761,0.274890062,5965.0,0.0
0.7583602221457965,0.0006626305,0.1006490325,0.2571567,5965.0,0.0
0.6592803606873712,0.0,0.097427367,0.273509788,5965.0,0.0
0.6241826019507348,0.0,0.1011388545,0.24649422,5965.0,0.0
0.6100002068934068,0.0,0.1095285365,0.174129095,5965.0,0.0
0.6150077137447963,0.012649800000000001,0.10310128299999999,0.1294347095,5965.0,0.0
0.6453433933128092,0.0666090635,0.078408813,0.1102517095,5965.0,0.0
0.6831761044394202,0.145519046,0.066004474,0.116167054,5965.0,0.0
0.7085041325152479,0.201949206,0.064586804,0.122109764,5965.0,0.0
0.7107030417872339,0.256932349,0.066059646,0.12789737,5965.0,0.0
0.710929393021773,0.2791403495,0.0658095075,0.1271876485,5965.0,0.0
0.7113873661227279,0.272869318,0.08114472,0.146724095,5965.0,0.0
0.7098804695824867,0.23182532649999998,0.087265384,0.181242021,5965.0,0.0
0.7118254893899771,0.136134813,0.0797368245,0.1860567945,5965.0,0.0
0.7111031819879704,0.056429392499999995,0.09423959700000001,0.18452547749999998,5965.0,0.0
0.7061150900639486,0.002879641,0.1003770115,0.2009740605,5965.0,0.0
0.6550733522809942,0.0,0.077989155,0.233817165,5965.0,0.0
0.6213634148939795,0.0,0.0711549975,0.234169769,5965.0,0.0
0.6079395696958685,0.0,0.06550142950000001,0.22933538650000002,5965.0,0.0
0.6135045646802983,0.0288982955,0.056706188000000005,0.22048263299999998,5965.0,0.0
0.6309993709235286,0.082010883,0.040714597,0.207540596,5965.0,0.0
0.6574453251505072,0.137245277,0.025891101,0.192573713,5965.0,0.0
0.6812588165034413,0.236261752,0.022828712,0.172194903,5965.0,0.0
0.708468059297608,0.332203058,0.027128807,0.161170123,5965.0,0.0
0.7127435390823147,0.43674137700000004,0.037730849,0.156510233,5965.0,0.0
0.7170276262734976,0.4857181955,0.05968815,0.21009603249999997,5965.0,0.0
0.7173336186980124,0.452026781,0.07225993,0.265244203,5965.0,0.0
0.7163060200349668,0.4094666685,0.078875992,0.31419354899999996,5965.0,0.0
0.7159146320782923,0.2925202215,0.09119182749999999,0.367802274,5965.0,0.0
0.7086574429030568,0.146607405,0.134748261,0.43405097950000004,5965.0,0.0
0.7018536815655695,0.010571275,0.16628518949999999,0.46435717600000004,5965.0,0.0
0.6602411083425787,0.0,0.152077671,0.4397996045,5965.0,0.0
0.6357173986062994,0.0,0.123029166,0.386236095,5965.0,0.0
0.6338736106285832,0.00184548,0.100779486,0.340313277,5965.0,0.0
0.6579537812345703,0.086697992,0.091213926,0.30305335050000004,5965.0,0.0
0.7480496852570435,0.195579369,0.072450946,0.263051107,5965.0,0.0
0.8084497714664212,0.329647469,0.041753492,0.227176371,5965.0,0.0
0.8247458493063559,0.455788617,0.0350716,0.205416967,5965.0,0.0
0.8254147002253605,0.559067175,0.046172167,0.212890417,5965.0,0.0
0.830278228676927,0.7171967275,0.0613444915,0.244061793,5965.0,0.0
0.8356115293761481,0.759750718,0.0713457675,0.27080405100000005,5965.0,0.0
0.8317265187346808,0.6657784625000001,0.069791017,0.26253511100000004,5965.0,0.0
0.8245573118987591,0.45398481599999996,0.06500603899999999,0.262448807,5965.0,0.0
0.8183240707316035,0.278446882,0.063275216,0.265623814,5965.0,0.0
0.8077797118620195,0.14149193399999999,0.0816159515,0.252455763,5965.0,0.0
0.7584195057833556,0.010574076,0.08812135900000001,0.218776452,5965.0,0.0
0.6715046316779149,0.0,0.097487976,0.235344092,5965.0,0.0
0.642067780516427,0.0,0.08001736849999999,0.21143301949999999,5965.0,0.0
0.6339676615840273,0.0024857475,0.0756253305,0.1829264005,5965.0,0.0
0.6578297982931994,0.0853259885,0.058073143499999993,0.1924034605,5965.0,0.0
0.7480496852570435,0.201377062,0.03278745,0.193662956,5965.0,0.0
0.8085448864664666,0.334206188,0.018229894,0.177003806,5965.0,0.0
0.8247458493063559,0.494070366,0.013694468,0.160043131,5965.0,0.0
0.8256311383504588,0.628500956,0.020741055,0.156010528,5965.0,0.0
0.8302825322817701,0.7601101505000001,0.037855676500000005,0.1607864255,5965.0,0.0
0.8354679140542407,0.7869861735,0.0514866955,0.17417763349999998,5965.0,0.0
0.8318595925960448,0.6984423145,0.04892763,0.2026053005,5965.0,0.0
0.8278255025560286,0.563512668,0.036804229,0.213239419,5965.0,0.0
0.8232239144527537,0.445277285,0.033962015,0.210710927,5965.0,0.0
0.8183240707316035,0.322226497,0.043376675,0.208802363,5965.0,0.0
0.8076085341049611,0.177817194,0.0781037765,0.206750843,5965.0,0.0
0.7583595693927092,0.01769342,0.11406754699999999,0.1669749935,5965.0,0.0
0.6718014365584495,0.0,0.091055271,0.142007823,5965.0,0.0
0.6421137422447329,0.0,0.074629225,0.112067742,5965.0,0.0
0.63390187422721,0.003489169,0.0652696,0.1063652645,5965.0,0.0
0.6580510721438364,0.11873799800000001,0.06524324749999999,0.125136399,5965.0,0.0
0.7476296712141972,0.254880365,0.050820906,0.121189373,5965.0,0.0
0.8086848267314238,0.394015551,0.032318501,0.087244741,5965.0,0.0
0.8252217623921433,0.543103955,0.038287944,0.063172034,5965.0,0.0
0.8274599364252025,0.667202271,0.062920777,0.054028688,5965.0,0.0
0.8285942551998581,0.749807982,0.099417474,0.057953358,5965.0,0.0
0.8345689404165498,0.7527826385,0.1430415975,0.07709692800000001,5965.0,0.0
0.8344506149965851,0.612611139,0.24773784399999998,0.0989905835,5965.0,0.0
0.8254991285336961,0.39078537950000003,0.355676749,0.10825481049999999,5965.0,0.0
0.8181189474525274,0.2363462555,0.44063543699999996,0.119723096,5965.0,0.0
0.8100019285714923,0.119889153,0.481208604,0.171573974,5965.0,0.0
0.8043428100160352,0.077688316,0.507503445,0.239941737,5965.0,0.0
0.7580156181068759,0.01015368,0.5253856530000001,0.367360519,5965.0,0.0
0.6599973976542914,0.0,0.4983612295,0.536998802,5965.0,0.0
0.6346334175835859,0.0,0.488879871,0.621099735,5965.0,0.0
0.6376662625135201,0.039466908,0.452222951,0.65886977,5965.0,0.0
0.6744477774708467,0.147337213,0.385434278,0.688600687,5965.0,0.0
0.7480074229876722,0.219020359,0.355912772,0.691390937,5965.0,0.0
0.8086639370583113,0.348616555,0.302722275,0.687041515,5965.0,0.0
0.8241949855249651,0.451873364,0.247179431,0.670742199,5965.0,0.0
0.8235096943592277,0.573163787,0.205453983,0.652120925,5965.0,0.0
0.8219787650128295,0.691067151,0.170454673,0.623794973,5965.0,0.0
0.8222375626216568,0.794937914,0.150982265,0.628752369,5965.0,0.0
0.8227261446668199,0.851869463,0.1337370255,0.6043707460000001,5965.0,0.0
0.8204430487448615,0.738725421,0.137404406,0.5458847945,5965.0,0.0
0.8175122820393435,0.576975683,0.142013647,0.520220156,5965.0,0.0
0.8162496281112952,0.438239914,0.148739984,0.486236332,5965.0,0.0
0.8140816660658681,0.308600152,0.149041277,0.455718906,5965.0,0.0
0.8090046001767239,0.209605591,0.151512395,0.445730971,5965.0,0.0
0.80287764401805,0.130681427,0.186875544,0.459180366,5965.0,0.0
0.7569360857233814,0.0171711055,0.24361570849999997,0.483820688,5965.0,0.0
0.6731964389791912,0.0,0.289516356,0.538855532,5965.0,0.0
0.6424639071810724,0.0,0.299021432,0.5668783980000001,5965.0,0.0
0.6340474478083791,0.002284777,0.31958145400000004,0.591701196,5965.0,0.0
0.6579368810891446,0.081968698,0.3215420995,0.6130040805,5965.0,0.0
0.7484795155885531,0.203515432,0.283798734,0.596656266,5965.0,0.0
0.8084664057482891,0.323272259,0.295989971,0.571179708,5965.0,0.0
0.8257175009096518,0.454027269,0.28773653,0.529893459,5965.0,0.0
0.8242549463175959,0.573595875,0.283760536,0.484091261,5965.0,0.0
0.8229192757480117,0.627822157,0.285332935,0.444383937,5965.0,0.0
0.8220281841481265,0.664138161,0.2637645585,0.395965665,5965.0,0.0
0.8211724886108096,0.652411309,0.248856544,0.36094989450000003,5965.0,0.0
0.8175219530968407,0.49151636499999996,0.211149271,0.3577501275,5965.0,0.0
0.8157136578056798,0.372140564,0.168672983,0.349221691,5965.0,0.0
0.8144296308877923,0.26138342,0.129329193,0.316576739,5965.0,0.0
0.8068584466178443,0.1501307485,0.0972843525,0.2746722815,5965.0,0.0
0.757377255499688,0.019703381,0.109340258,0.258347816,5965.0,0.0
0.6589724344055792,0.0,0.108281952,0.297301935,5965.0,0.0
0.6251910035331621,0.0,0.0843775575,0.2958008305,5965.0,0.0
0.613587445627306,0.002913115,0.0701920095,0.29301003049999996,5965.0,0.0
0.617286530267106,0.07545195099999999,0.069220714,0.25383361449999997,5965.0,0.0
0.6314879529686918,0.182445891,0.047930301,0.180613661,5965.0,0.0
0.6588626675881218,0.307735981,0.053876552,0.133719579,5965.0,0.0
0.681821382217174,0.422309354,0.088645577,0.112450166,5965.0,0.0
0.7076204874564603,0.522468536,0.12923512,0.109558808,5965.0,0.0
0.7111066878053502,0.572653246,0.167639904,0.1429236175,5965.0,0.0
0.7116186979203916,0.6018732945,0.24293994749999998,0.23433453,5965.0,0.0
0.7104792291462507,0.495392257,0.29528603750000004,0.3405668535,5965.0,0.0
0.7113447167670368,0.3685784015,0.269968587,0.3966496865,5965.0,0.0
0.7107781861243921,0.261723579,0.235634026,0.386744947,5965.0,0.0
0.7099302998125078,0.157413923,0.228625004,0.3722887225,5965.0,0.0
0.707719712616584,0.021712281500000003,0.22538323100000002,0.3355264455,5965.0,0.0
0.6551410496834745,0.0,0.192321212,0.327085646,5965.0,0.0
0.6222321662802015,0.0,0.166191332,0.31639941800000004,5965.0,0.0
0.610019307350038,0.002767779,0.137584162,0.2478607625,5965.0,0.0
0.6144095345153266,0.057435262,0.1174428265,0.17663848199999999,5965.0,0.0
0.6308933761805892,0.133874801,0.087946594,0.132069826,5965.0,0.0
0.6574453251505072,0.220636037,0.073415167,0.112776234,5965.0,0.0
0.6813219200355365,0.333102265,0.09898082,0.125968014,5965.0,0.0
0.7083321807823404,0.412478607,0.135270111,0.172372031,5965.0,0.0
0.7113704175669133,0.501097056,0.2081427455,0.2890256615,5965.0,0.0
0.7134532741489331,0.5324165445,0.302337853,0.4097677,5965.0,0.0
0.7120057338618342,0.4872677575,0.353564779,0.4661178995,5965.0,0.0
0.7102018872098923,0.416627163,0.357787293,0.485457546,5965.0,0.0
0.7118937429215575,0.355457066,0.349067055,0.494729641,5965.0,0.0
0.7121443202102281,0.261994843,0.324792104,0.507348551,5965.0,0.0
0.7088066673359816,0.139214391,0.338301744,0.530265851,5965.0,0.0
0.7056911831174029,0.018426231999999997,0.37641879300000003,0.532733813,5965.0,0.0
0.6736588125057666,0.0,0.363142711,0.499673623,5965.0,0.0
0.6429508934545187,0.0,0.331706068,0.4115660805,5965.0,0.0
0.634128636556473,0.0038320645,0.305110498,0.3070118445,5965.0,0.0
0.6578295080276572,0.085040367,0.29186360450000004,0.2463323485,5965.0,0.0
0.7478687398185007,0.182397656,0.234789788,0.239783503,5965.0,0.0
0.8082735163254607,0.282863245,0.23295087,0.217056042,5965.0,0.0
0.8240988554810778,0.327874769,0.246485344,0.2074003,5965.0,0.0
0.823641607552003,0.401518453,0.262241958,0.205092244,5965.0,0.0
0.8229697105175213,0.48083875,0.27168037700000003,0.230310188,5965.0,0.0
0.8230697576703025,0.531477821,0.24771464199999998,0.30177839799999995,5965.0,0.0
0.8205925634433286,0.4729230085,0.2143740465,0.36239145149999996,5965.0,0.0
0.8169743772860805,0.392003729,0.169234766,0.378372546,5965.0,0.0
0.8161712922307036,0.312078532,0.139213553,0.375101012,5965.0,0.0
0.8155911252080694,0.233351669,0.112220153,0.369634156,5965.0,0.0
0.8061885078426244,0.11332046650000001,0.1354425585,0.360528517,5965.0,0.0
0.7571213591687519,0.018798138,0.17135111050000001,0.370980992,5965.0,0.0
0.6729217808675549,0.0,0.148384776,0.394196367,5965.0,0.0
0.6424981185666477,0.0,0.1298940775,0.331291516,5965.0,0.0
0.6339509304813817,0.005807907,0.1021765315,0.261412414,5965.0,0.0
0.6580216962870097,0.09701190800000001,0.0823919875,0.2256743,5965.0,0.0
0.7477138576673794,0.192052093,0.051285583,0.199880844,5965.0,0.0
0.8084099749782325,0.298911251,0.042983984,0.163584576,5965.0,0.0
0.8239290314437923,0.447272765,0.062572062,0.158613498,5965.0,0.0
0.824263069816975,0.552377164,0.095503878,0.17077519,5965.0,0.0
0.823421687421139,0.635236777,0.128218468,0.190544329,5965.0,0.0
0.8242129739201864,0.630559579,0.126253152,0.22456739399999998,5965.0,0.0
0.8247205113876046,0.561690308,0.15010225,0.250867094,5965.0,0.0
0.8222668176493019,0.469020421,0.18934837399999999,0.268430395,5965.0,0.0
0.8165957553063494,0.33042616,0.262749373,0.275303723,5965.0,0.0
0.8151902600322428,0.241076364,0.307714426,0.2456108,5965.0,0.0
0.8061218258775664,0.147150726,0.338975968,0.22938903900000002,5965.0,0.0
0.7566260797627755,0.035937730499999994,0.3591115205,0.29034055950000004,5965.0,0.0
0.6613166754035806,0.0,0.30336933899999996,0.34042862900000004,5965.0,0.0
0.6352688787160925,0.0,0.277747297,0.3833801235,5965.0,0.0
0.6381819960959005,0.048528664,0.244451838,0.4028346715,5965.0,0.0
0.7112631897365924,0.19389003999999999,0.1894984185,0.3986293535,5965.0,0.0
0.8087253481947023,0.337631672,0.147471103,0.349424839,5965.0,0.0
0.8240624921946857,0.416377938,0.125251091,0.314288976,5965.0,0.0
0.8245158716220455,0.534052476,0.107035829,0.283632195,5965.0,0.0
0.8248584205809268,0.6786978075000001,0.0878182675,0.2457079165,5965.0,0.0
0.8266530794920981,0.7097642129999999,0.0789030315,0.225990026,5965.0,0.0
0.8240848806219472,0.601875172,0.0793908785,0.24298248249999999,5965.0,0.0
0.8198093526236421,0.512731555,0.079054415,0.241733765,5965.0,0.0
0.8177035754936651,0.428691678,0.077340796,0.228679597,5965.0,0.0
0.81526801538175,0.352831506,0.072438568,0.211282429,5965.0,0.0
0.8072273007193007,0.2175582595,0.0813625755,0.19891468299999998,5965.0,0.0
0.7580439059106971,0.04974,0.0895190875,0.199620219,5965.0,0.0
0.6606984286904463,0.0,0.06300284049999999,0.2036389675,5965.0,0.0
0.6349832198355901,0.0,0.0612520345,0.1765035935,5965.0,0.0
0.6374509364498316,0.027752555499999998,0.065831655,0.18687956849999998,5965.0,0.0
0.6745706001372093,0.127624265,0.062456596,0.194569879,5965.0,0.0
0.7480496852570435,0.193104115,0.039017297,0.179820082,5965.0,0.0
0.8085336678508513,0.271390202,0.032135486,0.169541141,5965.0,0.0
0.823539674558753,0.333435785,0.038655266,0.179864605,5965.0,0.0
0.8244437255803462,0.458453856,0.057388297,0.210870093,5965.0,0.0
0.8257590382039331,0.6160021155,0.09529026700000001,0.2548615985,5965.0,0.0
0.8269862476590246,0.6422037064999999,0.113219553,0.319562323,5965.0,0.0
0.8239298052228514,0.63908418,0.1105554845,0.3916038675,5965.0,0.0
0.8174115577314904,0.5057298535,0.099573961,0.4195467925,5965.0,0.0
0.8153709154020337,0.303700977,0.095888792,0.41242098,5965.0,0.0
0.8069474443945808,0.170053291,0.12248964300000001,0.426804897,5965.0,0.0
0.7575484090515521,0.0389046405,0.145770498,0.4253034695,5965.0,0.0
0.6722073793149681,0.0,0.132935393,0.424666949,5965.0,0.0
0.642329600232327,0.0,0.117622277,0.39625739849999997,5965.0,0.0
0.6338998191471709,0.013285317,0.1020488295,0.3693566675,5965.0,0.0
0.6578896620682626,0.13616630200000002,0.0932199655,0.375129538,5965.0,0.0
0.7478019610326652,0.268953761,0.0614454,0.355589743,5965.0,0.0
0.8084497714664212,0.411765199,0.045253407,0.343295124,5965.0,0.0
0.8242131673649512,0.558293536,0.059077727,0.348380906,5965.0,0.0
0.8245689656175026,0.719329827,0.083723776,0.375706566,5965.0,0.0
0.8248584205809268,0.8772535245,0.135022827,0.42726916849999996,5965.0,0.0
0.8269835396291081,0.933961027,0.1793812905,0.4696086465,5965.0,0.0
0.8258388246250752,0.8121818700000001,0.2052778955,0.511489896,5965.0,0.0
0.8204911625707745,0.665713952,0.236788971,0.527558541,5965.0,0.0
0.8191228039685385,0.535933588,0.251637873,0.52133992,5965.0,0.0
0.81690484225673,0.371573742,0.25001153,0.509482608,5965.0,0.0
0.8101148865388027,0.219574597,0.276700148,0.501940163,5965.0,0.0
0.8046663551422729,0.14683956,0.314240582,0.503079882,5965.0,0.0
0.758422987395541,0.0286136375,0.3418656965,0.5171112984999999,5965.0,0.0
0.6525426287586448,0.0,0.325761549,0.507535679,5965.0,0.0
0.6208365837219556,0.0,0.3003780675,0.471596148,5965.0,0.0
0.6075874463034772,0.012245996,0.26587749299999996,0.3936970635,5965.0,0.0
0.6132106612744452,0.11810753199999999,0.2370361575,0.330740193,5965.0,0.0
0.6304346775141737,0.2098303,0.209053364,0.296172426,5965.0,0.0
0.6582224917560483,0.345261151,0.202799834,0.27386496,5965.0,0.0
0.682257788883525,0.461579565,0.1965642,0.248095142,5965.0,0.0
0.7079881812829084,0.572940201,0.192970529,0.227586617,5965.0,0.0
0.7165021974284257,0.696706783,0.181855764,0.2093977305,5965.0,0.0
0.7185014476947673,0.726636963,0.1828980725,0.1882124765,5965.0,0.0
0.7170201795356099,0.634038024,0.20891008049999998,0.2131796055,5965.0,0.0
0.715787941107005,0.540972139,0.21655359,0.226879432,5965.0,0.0
0.7163931079628303,0.428000176,0.22480587,0.229442102,5965.0,0.0
0.715527402692085,0.267714574,0.234334639,0.225165502,5965.0,0.0
0.7102789656011178,0.1509229405,0.231490498,0.235617831,5965.0,0.0
0.7019421718203849,0.033956906,0.23018829349999997,0.2958125425,5965.0,0.0
0.6518156550674599,0.0,0.205479058,0.367598764,5965.0,0.0
0.6201692561558747,0.0,0.2030215495,0.436598239,5965.0,0.0
0.6071618471580178,0.01212963,0.1920501135,0.508636604,5965.0,0.0
0.6129177246988354,0.105647347,0.1644703415,0.556850991,5965.0,0.0
0.6310371845536809,0.212190608,0.123681341,0.535179901,5965.0,0.0
0.658238884379553,0.310388235,0.108875433,0.496437633,5965.0,0.0
0.6825390717403913,0.384882607,0.102893502,0.457947982,5965.0,0.0
0.7079580074418284,0.41783851,0.10446123,0.428738706,5965.0,0.0
0.7131949358484282,0.534363445,0.1123499,0.444410066,5965.0,0.0
0.7160956261240141,0.619915243,0.10800654,0.458751824,5965.0,0.0
0.7166725773980208,0.7033628705,0.1146373695,0.502148594,5965.0,0.0
0.7147081428599529,0.6510950074999999,0.1303469605,0.5731299995000001,5965.0,0.0
0.7140959405577543,0.43746412749999997,0.13243725550000002,0.6033227435,5965.0,0.0
0.7129262255237403,0.287529064,0.130824389,0.606720843,5965.0,0.0
0.7089286438044922,0.16781577250000002,0.1641479655,0.617028143,5965.0,0.0
0.7017768450294974,0.039032011,0.209694715,0.6375768964999999,5965.0,0.0
0.6713747009495956,0.0,0.204396915,0.658111385,5965.0,0.0
0.6418868106758995,0.0,0.19456093200000002,0.6170620710000001,5965.0,0.0
0.633635702299288,0.0187064615,0.17902273600000002,0.542722311,5965.0,0.0
0.6580906751872603,0.1350780685,0.15269387,0.484104066,5965.0,0.0
0.747871157582875,0.253991118,0.093156569,0.421207248,5965.0,0.0
0.8083656814404361,0.373320135,0.074864479,0.383476665,5965.0,0.0
0.8237652036038442,0.459025024,0.08149349,0.372505328,5965.0,0.0
0.8241286420390479,0.547330227,0.094015799,0.388840323,5965.0,0.0
0.8235631752442143,0.660250029,0.109179638,0.436899817,5965.0,0.0
0.8244936764427586,0.782483473,0.130219162,0.4721535675,5965.0,0.0
0.8254513051701158,0.770525173,0.170972621,0.5294280215,5965.0,0.0
0.8185648803387897,0.6008357035,0.2008767145,0.562285264,5965.0,0.0
0.8157709103716039,0.407445399,0.202215853,0.585152143,5965.0,0.0
0.8156156897413419,0.295190946,0.193749393,0.588274334,5965.0,0.0
0.8071038981122244,0.135336079,0.23025006050000002,0.6089506655000001,5965.0,0.0
0.7586352189333638,0.028927153499999997,0.27282912800000003,0.6168233935,5965.0,0.0
0.6714367890442684,0.0,0.289371984,0.584861456,5965.0,0.0
0.6418073629306885,0.0,0.280731779,0.52348462,5965.0,0.0
0.6335878789357074,0.0097121055,0.293860942,0.442526485,5965.0,0.0
0.658238690737998,0.1045193975,0.300826389,0.374020536,5965.0,0.0
0.7482389482301007,0.205638787,0.27367467,0.287670407,5965.0,0.0
0.8091795014011212,0.297430635,0.305793207,0.244707658,5965.0,0.0
0.8249460404326959,0.350687937,0.342841022,0.262937281,5965.0,0.0
0.8297456433595098,0.4839983545,0.38097177849999997,0.3279299725,5965.0,0.0
0.8330345296547563,0.594135482,0.426030405,0.330861834,5965.0,0.0
0.8362270924613506,0.6112012265,0.4426171685,0.3583272475,5965.0,0.0
0.8354955248997805,0.58590113,0.463572199,0.395746583,5965.0,0.0
0.8308151662063663,0.5025167749999999,0.4695073285,0.4287526155,5965.0,0.0
0.8277984234376042,0.374934056,0.452580289,0.447435194,5965.0,0.0
0.8247884020380596,0.279479379,0.42784687,0.451206002,5965.0,0.0
0.8122263936089787,0.1509281145,0.396230125,0.4581799725,5965.0,0.0
0.7619155706345073,0.026670454,0.373917447,0.478352291,5965.0,0.0
0.6721044792946844,0.0,0.338753554,0.536107435,5965.0,0.0
0.6426285810220823,0.0,0.3104429205,0.565951589,5965.0,0.0
0.6344847974933594,0.006326123,0.26677127450000004,0.5458498734999999,5965.0,0.0
0.6592325615289851,0.093210474,0.226142589,0.5376935465,5965.0,0.0
0.7483413161296887,0.195034696,0.194639269,0.526623619,5965.0,0.0
0.8100799255793627,0.304852391,0.167954825,0.485342686,5965.0,0.0
0.8293569152191533,0.420590851,0.154854067,0.451703555,5965.0,0.0
0.8348805421488723,0.5941873555,0.1518008615,0.39557039,5965.0,0.0
0.8379424004480884,0.726063583,0.145480637,0.351927174,5965.0,0.0
0.8393161749133671,0.7927712410000001,0.15222387250000002,0.35628394750000003,5965.0,0.0
0.8364990911502493,0.799948373,0.157081076,0.3781684405,5965.0,0.0
0.8295126191661422,0.6100184535,0.137307569,0.408710798,5965.0,0.0
0.825462958692069,0.410583241,0.114655264,0.433673996,5965.0,0.0
0.810231084263145,0.2415224325,0.1291250305,0.4629314375,5965.0,0.0
0.7607867883552861,0.06691291,0.1846596225,0.497025784,5965.0,0.0
0.6599455365494257,0.000545524,0.186926909,0.5507104389999999,5965.0,0.0
0.6346603272656496,0.0014841985,0.19297870299999997,0.548665053,5965.0,0.0
0.6376472346724722,0.0709959625,0.205527988,0.509730686,5965.0,0.0
0.6754543900335828,0.212500205,0.186131386,0.474695303,5965.0,0.0
0.7480791337294532,0.292717181,0.150738517,0.443969654,5965.0,0.0
0.8091843369298698,0.423879474,0.147336374,0.420745576,5965.0,0.0
0.8250994234360879,0.562933697,0.149874222,0.401854171,5965.0,0.0
0.8256653739412283,0.738351063,0.163218953,0.4180314985,5965.0,0.0
0.8286865655459996,0.8984763175,0.183309104,0.429624181,5965.0,0.0
0.8297961745562166,0.8692707024999999,0.19011097700000001,0.4676744315,5965.0,0.0
0.8247207530459679,0.6924770735,0.212922818,0.4987116945,5965.0,0.0
0.8195126441703046,0.498934276,0.220907359,0.525745233,5965.0,0.0
0.8177926458859845,0.342383699,0.205719484,0.548985177,5965.0,0.0
0.8077595235491731,0.21124396750000002,0.231612403,0.6089941335,5965.0,0.0
0.7597086342903394,0.0494735435,0.31128040050000005,0.694937334,5965.0,0.0
0.6529879327034339,0.0,0.2998038755,0.7185851825,5965.0,0.0
0.6322580113154859,0.001200008,0.27817312000000005,0.6280231535,4247.0,0.0
0.6346709171365819,0.052224586499999996,0.2633933095,0.489925693,4247.0,0.0
0.6700150463778234,0.161320795,0.210719939,0.37886634,4247.0,0.0
0.7401119676324457,0.233143309,0.158207388,0.308829955,4247.0,0.0
0.8005323145734626,0.355590446,0.147259295,0.249052807,4247.0,0.0
0.8216248526007469,0.4975259185,0.1575931485,0.192488502,4247.0,0.0
0.8249215725234107,0.6611061195000001,0.1851199895,0.162276644,4247.0,0.0
0.8315679133130108,0.6902039525,0.2032124125,0.16694374699999998,4247.0,0.0
0.8293840907647748,0.6278606255,0.21042674900000002,0.2218525455,4247.0,0.0
0.8236194125695062,0.46930711700000005,0.205249258,0.24121351200000002,4247.0,0.0
0.8187217447575769,0.309000194,0.187990309,0.235764272,4247.0,0.0
0.806925249412084,0.1737552435,0.179349912,0.2310039565,4247.0,0.0
0.7505698191052506,0.041658557,0.22186174549999998,0.2770593675,4247.0,0.0
0.6465085146732279,0.0,0.218382423,0.291217685,4247.0,0.0
0.6190311414950873,0.0,0.232541953,0.278558641,4247.0,0.0
0.6064979043833447,0.0137622895,0.227097958,0.28473345,4247.0,0.0
0.6124172712849698,0.103981927,0.21015950900000002,0.27729017499999997,4247.0,0.0
0.6320186040352516,0.200651921,0.179643169,0.222166394,4247.0,0.0
0.6649304371268043,0.319667436,0.174791449,0.177829633,4247.0,0.0
0.6921459177766714,0.417410435,0.178596432,0.132446622,4247.0,0.0
0.7189345179800992,0.531998868,0.181427738,0.083938762,4247.0,0.0
0.7248452050564549,0.6499062325,0.18431805299999998,0.055090982499999996,4247.0,0.0
0.7280041366149781,0.6982851045,0.2016090515,0.06809272549999999,4247.0,0.0
0.7236976609965338,0.632423011,0.22484647,0.13015618899999998,4247.0,0.0
0.7232943778595428,0.4182036615,0.2364052645,0.164932503,4247.0,0.0
0.7201346485135564,0.260125312,0.229847071,0.190761335,4247.0,0.0
0.7157025213696513,0.1311686855,0.2035237305,0.250125596,4247.0,0.0
0.7022978010301559,0.024522160999999997,0.2091611515,0.35450414399999997,4247.0,0.0
0.6468503864770375,0.0,0.18827625,0.455978809,4247.0,0.0
0.6190374277611765,0.0,0.18683735950000002,0.4551829515,4247.0,0.0
0.6066744982002361,0.0054324085,0.2040036045,0.4003191935,4247.0,0.0
0.6129963020410001,0.066175823,0.1924213375,0.3131757005,4247.0,0.0
0.6334526775755117,0.1377498,0.171448101,0.206854208,4247.0,0.0
0.6659661112724206,0.215235993,0.171060472,0.14440834,4247.0,0.0
0.6918239198149717,0.2898199,0.178063144,0.106321081,4247.0,0.0
0.7186772191254208,0.351088515,0.19159475,0.094147487,4247.0,0.0
0.7242318420856677,0.416123018,0.243818437,0.127508623,4247.0,0.0
0.7253964557273752,0.4475471555,0.325402211,0.26008783550000003,4247.0,0.0
0.7255285863733194,0.372393498,0.414229623,0.425430925,4247.0,0.0
0.7234557635331321,0.2869031675,0.476452284,0.5635184200000001,4247.0,0.0
0.7236730240444683,0.18985639399999998,0.4862987575,0.665065399,4247.0,0.0
0.7196240161266922,0.09671310699999999,0.4901756305,0.670229462,4247.0,0.0
0.7065156653678131,0.018581427,0.5654714105,0.718623153,4247.0,0.0
0.6599198597579533,0.0,0.6409324670000001,0.7765122925,4247.0,0.0
0.637785724396879,0.001473111,0.662333792,0.8312645525,4247.0,0.0
0.6396428340870581,0.055843064,0.6521235814999999,0.8074118975,4247.0,0.0
0.7077698087101627,0.172885172,0.675149198,0.8154143220000001,4247.0,0.0
0.8018618441081238,0.301169996,0.682093588,0.796958256,4247.0,0.0
0.8211565314840134,0.430542923,0.678960152,0.775322522,4247.0,0.0
0.8219364059226807,0.524132147,0.679569262,0.751996899,4247.0,0.0
0.8204205636936127,0.594705233,0.682424806,0.728843035,4247.0,0.0
0.8234659325485466,0.684850251,0.6750944015,0.6619393284999999,4247.0,0.0
0.8261050205614013,0.711440351,0.6945320925,0.627441789,4247.0,0.0
0.8211112709191832,0.5732952440000001,0.70131011,0.609746955,4247.0,0.0
0.8143094194305689,0.3683572705,0.6975528664999999,0.5991927834999999,4247.0,0.0
0.8038281642898703,0.18735888750000002,0.671074116,0.606403715,4247.0,0.0
0.7496825231947071,0.0487704955,0.636359084,0.64640087,4247.0,0.0
0.6529879327034339,0.0009340135,0.627078705,0.633405548,4247.0,0.0
0.6323148285814917,0.003064528,0.608682111,0.6525259815,4247.0,0.0
0.6346952640198952,0.066870474,0.5624605760000001,0.7092201925,4247.0,0.0
0.7040703373776234,0.195704248,0.6453572304999999,0.7800496495,4247.0,0.0
0.7984764402890897,0.33979421,0.672420099,0.797949173,4247.0,0.0
0.8174291106300033,0.432792839,0.663731511,0.768550401,4247.0,0.0
0.8162662621963731,0.5384666490000001,0.6331591194999999,0.6875555675,4247.0,0.0
0.8174839456283434,0.6541156269999999,0.562972317,0.524628471,4247.0,0.0
0.8177539616559959,0.6997109735,0.578992702,0.499309019,4247.0,0.0
0.8136488376356898,0.5815462929999999,0.5880771579999999,0.48887163749999996,4247.0,0.0
0.8091419294293323,0.434974356,0.56876103,0.446216167,4247.0,0.0
0.8066333042654924,0.340280312,0.522723426,0.433024938,4247.0,0.0
0.8020948196943126,0.232033891,0.451695679,0.397481353,4247.0,0.0
0.7936049327821496,0.172849327,0.3642433,0.34800946,4247.0,0.0
0.7441359273066422,0.06664170550000001,0.33228362850000004,0.3293712595,4247.0,0.0
0.6545614870035386,0.001337508,0.33879103050000003,0.3645173055,4247.0,0.0
0.6323384743013292,0.0040455985,0.30133653299999996,0.433047043,4247.0,0.0
0.6346521067487028,0.0673709365,0.25375409849999997,0.4601598785,4247.0,0.0
0.6691491962694924,0.167718041,0.252264272,0.437288423,4247.0,0.0
0.7388555035432895,0.233528804,0.265834221,0.39359071,4247.0,0.0
0.798556323334219,0.299360343,0.256708536,0.343801487,4247.0,0.0
0.8168543596672021,0.362063,0.243757874,0.287354129,4247.0,0.0
0.8171458453086811,0.472771968,0.2350434555,0.242471903,4247.0,0.0
0.8174884908915497,0.530071644,0.212082217,0.212909519,4247.0,0.0
0.8183345639785484,0.6005860915000001,0.263120452,0.197747707,4247.0,0.0
0.8168302784506563,0.5169620245,0.30020103899999995,0.19471280400000002,4247.0,0.0
0.8117612880440828,0.33085763199999996,0.278320408,0.237807804,4247.0,0.0
0.8072757526307741,0.204568001,0.23718203,0.27981675,4247.0,0.0
0.8026437010112474,0.115936311,0.200698728,0.302479898,4247.0,0.0
0.794982285483601,0.074542175,0.162148824,0.336960798,4247.0,0.0
0.7446637257024897,0.0204827425,0.16467927100000002,0.4234627955,4247.0,0.0
0.652919219666741,0.000512463,0.194368591,0.4875780175,4247.0,0.0
0.6329109531245027,0.0,0.223973222,0.435872944,4247.0,0.0
0.6311975791918323,0.0033362365,0.26354278,0.374690833,4247.0,0.0
0.6538786376105796,0.054997509,0.2993670225,0.3753887385,4247.0,0.0
0.7407997737769153,0.130777534,0.323722765,0.37648755,4247.0,0.0
0.8009601624405162,0.233700377,0.355184465,0.384801975,4247.0,0.0
0.8213776118898856,0.383259061,0.379690154,0.415895206,4247.0,0.0
0.8216643104130046,0.5048595105,0.429209335,0.49521763500000004,4247.0,0.0
0.8238216827842897,0.589631169,0.40902014,0.466383729,4247.0,0.0
0.8259333590940361,0.5682643595000001,0.4738669895,0.4963579415,4247.0,0.0
0.8258558455996826,0.4795812245,0.48230744999999997,0.514731343,4247.0,0.0
0.8196468302898684,0.3720266575,0.4408650095,0.5053190115,4247.0,0.0
0.814454485489817,0.240317207,0.37026928,0.449065543,4247.0,0.0
0.8060693846351966,0.155200401,0.29318679999999997,0.42486677149999996,4247.0,0.0
0.7485140896584634,0.0587827435,0.2323082045,0.437245206,4247.0,0.0
0.6527602759627203,0.0017085555,0.1921157915,0.400094495,4247.0,0.0
0.6320331108182875,0.004157323,0.157698797,0.313787806,4247.0,0.0
0.6346461109449459,0.053045198,0.1125555475,0.26045589950000003,4247.0,0.0
0.7055263156348379,0.146312723,0.0867982135,0.18754372749999998,4247.0,0.0
0.8125199345272871,0.258848483,0.093406217,0.093530172,4247.0,0.0
0.8237069840108865,0.38743139,0.091871036,0.064170268,4247.0,0.0
0.8248047460543853,0.5026193985,0.079634019,0.0652405795,4247.0,0.0
0.8288011190882365,0.603385913,0.077910256,0.095407988,4247.0,0.0
0.8249361757336438,0.533206512,0.095113507,0.174572699,4247.0,0.0
0.8160108011653551,0.3749936865,0.0977485855,0.20586968,4247.0,0.0
0.8107825767892188,0.239009733,0.097958263,0.229128403,4247.0,0.0
0.8026160417553189,0.11799562450000001,0.1148545425,0.263304341,4247.0,0.0
0.747453295047265,0.0236716955,0.148539363,0.30739454600000005,4247.0,0.0
0.646666926453343,0.001395746,0.124769713,0.341559815,4247.0,0.0
0.619036750802895,0.0,0.1172291095,0.348123636,4247.0,0.0
0.6064417154684416,0.0044667125,0.101600961,0.307574127,4247.0,0.0
0.6122748648452496,0.061250834000000004,0.072605262,0.22566351750000002,4247.0,0.0
0.6461849207430211,0.1502750145,0.0536003635,0.19291751699999998,4247.0,0.0
0.688089971036509,0.270812829,0.060322161,0.206617905,4247.0,0.0
0.7163009426510647,0.369205159,0.0696524615,0.2153212295,4247.0,0.0
0.7230790271970796,0.463440283,0.0745353845,0.267939262,4247.0,0.0
0.7239173392722442,0.45646852299999996,0.08370095699999999,0.299620083,4247.0,0.0
0.7229973795342435,0.37037733500000003,0.08033493350000001,0.30398634599999996,4247.0,0.0
0.7228684642433467,0.269292646,0.073026159,0.283826002,4247.0,0.0
0.719059419734905,0.17108726400000002,0.07448154,0.270620796,4247.0,0.0
0.7112258836283611,0.07255324199999999,0.10096327599999999,0.252864239,4247.0,0.0
0.6719775464682436,0.0043734415,0.0948486985,0.2316019765,4247.0,0.0
0.6190374277611765,0.0,0.0766688555,0.225724643,4247.0,0.0
0.6066744982002361,0.0082446525,0.0661477755,0.235568557,4247.0,0.0
0.6128408397523748,0.09875756549999999,0.045026214,0.20176579849999998,4247.0,0.0
0.646824395608409,0.2210430295,0.0179902885,0.156900455,4247.0,0.0
0.6882718354852773,0.366129884,0.020267236,0.167485275,4247.0,0.0
0.7188261536863838,0.4570469185,0.032007065,0.1913951665,4247.0,0.0
0.7254275721935044,0.5092369720000001,0.0619728785,0.24820060249999998,4247.0,0.0
0.7264029472641395,0.498915892,0.08651632,0.323483227,4247.0,0.0
0.722894430906781,0.45359161800000003,0.1153609555,0.38753221849999997,4247.0,0.0
0.7201805860366681,0.3197804795,0.1440930485,0.391186098,4247.0,0.0
0.7167252362903498,0.1681168355,0.1455274265,0.365689347,4247.0,0.0
0.7105924047635204,0.088414212,0.165437691,0.358003974,4247.0,0.0
0.7032686546491985,0.032597271500000004,0.186307643,0.339257327,4247.0,0.0
0.6552292978863461,0.000865502,0.20432618,0.340410856,4247.0,0.0
0.633610243354565,0.0020704915,0.2299372435,0.326790544,4247.0,0.0
0.6360747926305674,0.039118506,0.212185236,0.3857267955,4247.0,0.0
0.7064863137161808,0.09189613699999999,0.1931047665,0.3579076615,4247.0,0.0
0.8093378649676377,0.203179216,0.1906079145,0.33601705299999995,4247.0,0.0
0.8187973724114617,0.320448658,0.206980508,0.337855536,4247.0,0.0
0.8174548356350744,0.38573273350000004,0.2349093785,0.362506936,4247.0,0.0
0.8177879071780134,0.424490611,0.273811034,0.387599797,4247.0,0.0
0.8171262131249346,0.42668813699999997,0.2842270575,0.4142234105,4247.0,0.0
0.8151471267694547,0.388345862,0.293669038,0.47358798,4247.0,0.0
0.8111284137187307,0.2861496255,0.3130972545,0.504535811,4247.0,0.0
0.8081618638643249,0.193615025,0.325456104,0.522248638,4247.0,0.0
0.7999414852611031,0.10477622949999998,0.3156322115,0.49346780450000005,4247.0,0.0
0.7467309392348694,0.028679090499999997,0.3236813835,0.490598323,4247.0,0.0
0.6628700657928236,0.00182884,0.330677945,0.570281046,4247.0,0.0
0.6380257118146175,0.0,0.3214370275,0.5940651495,4247.0,0.0
0.6316492178130994,0.009672001,0.30076523050000004,0.574722564,4247.0,0.0
0.6541491613569433,0.061722937500000005,0.270302083,0.543809356,4247.0,0.0
0.7393705841757924,0.110441134,0.248453728,0.508820354,4247.0,0.0
0.7984434137772973,0.175957271,0.222670692,0.467859019,4247.0,0.0
0.8178564747867499,0.246346741,0.188346389,0.397930091,4247.0,0.0
0.8184058878308,0.3375567315,0.158610455,0.3037550695,4247.0,0.0
0.8189465970411768,0.47031231900000003,0.1405716575,0.2188649885,4247.0,0.0
0.8194772483045267,0.500948272,0.157134165,0.175487586,4247.0,0.0
0.8154931575373117,0.409710101,0.1615149525,0.1687978175,4247.0,0.0
0.8103746511746637,0.287649001,0.1601340195,0.149368603,4247.0,0.0
0.8013190072021249,0.15511684250000002,0.140814874,0.113406233,4247.0,0.0
0.7457370926490767,0.0653092355,0.129961821,0.0918307675,4247.0,0.0
0.6528881274058062,0.0028797650000000003,0.1209552485,0.11858583,4247.0,0.0
0.631924238805861,0.0045391145,0.1089726765,0.128903051,4247.0,0.0
0.6346738184144729,0.0636237995,0.086598711,0.121020972,4247.0,0.0
0.7046132707108195,0.176596661,0.0603535365,0.1203412185,4247.0,0.0
0.7996614356884084,0.300686159,0.053388033,0.108268863,4247.0,0.0
0.8187415705828783,0.315947471,0.047237215,0.111906264,4247.0,0.0
0.8186705366025886,0.3789694415,0.042402763,0.138191273,4247.0,0.0
0.8189443727215673,0.410243909,0.0528713995,0.181478957,4247.0,0.0
0.818333548541126,0.388109323,0.064538944,0.199867695,4247.0,0.0
0.817042364954103,0.3685625395,0.057539892999999995,0.194006162,4247.0,0.0
0.8127945444253248,0.321921282,0.044104015,0.16349537,4247.0,0.0
0.8090297450442908,0.225774099,0.0410305745,0.166664274,4247.0,0.0
0.799583027389024,0.143570156,0.057084115500000004,0.1840711745,4247.0,0.0
0.7452375338434518,0.069425341,0.126609593,0.23291504400000002,4247.0,0.0
0.6628355401333019,0.006237438,0.17351978,0.262170343,4247.0,0.0
0.6380367609938722,0.0020330625,0.18172123550000002,0.3030350455,4247.0,0.0
0.6314171608435555,0.0312599605,0.209100199,0.33669231450000003,4247.0,0.0
0.653966064017584,0.0870761785,0.2397314685,0.3754305435,4247.0,0.0
0.7393315614666629,0.145447028,0.283958561,0.40337598,4247.0,0.0
0.7986118350940504,0.197349604,0.359444941,0.424946163,4247.0,0.0
0.8168811483232938,0.222136384,0.450585961,0.446178764,4247.0,0.0
0.8176478700922787,0.254673071,0.515050164,0.474048645,4247.0,0.0
0.8177724333679439,0.241445124,0.556639887,0.5574220175,4247.0,0.0
0.8182521665450575,0.2348160935,0.6112305965,0.6594098255,4247.0,0.0
0.8173324968758089,0.1875606895,0.638583064,0.7455437175,4247.0,0.0
0.8124591035284001,0.128150439,0.628501325,0.791143055,4247.0,0.0
0.8062909485545857,0.064025505,0.632423572,0.796965749,4247.0,0.0
0.7966833285424563,0.030620622,0.656932484,0.795505675,4247.0,0.0
0.7489465554043065,0.007813001,0.6799883760000001,0.8379602184999999,4247.0,0.0
0.6535124911454594,0.0005166015,0.701843978,0.863567822,4247.0,0.0
0.6331223624728777,0.0,0.7038124175,0.8605573115,4247.0,0.0
0.6355513222415474,0.0074331779999999995,0.6627072025,0.817561199,4247.0,0.0
0.7053447414516121,0.06620002850000001,0.609959329,0.7656978215,4247.0,0.0
0.8001358012160779,0.158913442,0.595146485,0.722432812,4247.0,0.0
0.8187922468139611,0.250790491,0.565482051,0.68276843,4247.0,0.0
0.8189198081882947,0.342104489,0.539031058,0.654779639,4247.0,0.0
0.8186369779701004,0.4639420565,0.5040851245,0.6316579035000001,4247.0,0.0
0.8198630753637822,0.5696355995,0.4708511235,0.6387347205,4247.0,0.0
0.8184179768494617,0.5842652269999999,0.474390466,0.65673945,4247.0,0.0
0.8131541629659924,0.5242915705,0.436323989,0.670559423,4247.0,0.0
0.8101706403505777,0.337672141,0.381257571,0.655263296,4247.0,0.0
0.8017471693431248,0.193115353,0.314555829,0.623379203,4247.0,0.0
0.7458354714145583,0.0690400635,0.30288940649999996,0.5721623575,4247.0,0.0
0.63617423524386,0.002933559,0.2668603315,0.4037346625,4247.0,0.0
0.6093020771351431,0.008127538,0.2752803795,0.34804313,4247.0,0.0
0.6069593106860962,0.0813797525,0.24995261500000002,0.27283403500000003,4247.0,0.0
0.6223221796911506,0.191957136,0.2088002545,0.2117272305,4247.0,0.0
0.6595055032365132,0.323840022,0.219329561,0.191151206,4247.0,0.0
0.6835392528058719,0.4222072,0.226749592,0.201401544,4247.0,0.0
0.7085876904205373,0.507919897,0.23545726,0.218479957,4247.0,0.0
0.7128642340530551,0.6184405675,0.2314510005,0.24733720350000002,4247.0,0.0
0.7145098377708718,0.6448208535,0.222443682,0.309652057,4247.0,0.0
0.7146980849129263,0.5965499080000001,0.203180344,0.3441243185,4247.0,0.0
0.7148448193594741,0.525730267,0.172321221,0.33875828,4247.0,0.0
0.7140173632155896,0.36928938899999997,0.1452081785,0.321861823,4247.0,0.0
0.7118277863251697,0.228030848,0.122342594,0.296847994,4247.0,0.0
0.707944081189877,0.127556348,0.1270549185,0.26165071500000003,4247.0,0.0
0.6700153364465754,0.020843461,0.135291622,0.265001464,4247.0,0.0
0.6190982585632734,0.0017424559999999999,0.128822128,0.2807377345,4247.0,0.0
0.6067415426528391,0.032642114,0.131525817,0.275549378,4247.0,0.0
0.612467609233702,0.1309220025,0.1232746065,0.2462644595,4247.0,0.0
0.6439242616587131,0.2660895175,0.09692752900000001,0.2152579635,4247.0,0.0
0.6832100499614379,0.381990128,0.126799711,0.224598143,4247.0,0.0
0.7080803463978839,0.459221572,0.167558098,0.252461785,4247.0,0.0
0.7114458277676293,0.5099639315,0.2141098795,0.2927886535,4247.0,0.0
0.7120924833105569,0.5279203054999999,0.25918374099999997,0.42833540550000004,4247.0,0.0
0.7114803776323454,0.4353454065,0.292892179,0.500115325,4247.0,0.0
0.7119555893578666,0.274798344,0.305653902,0.554366814,4247.0,0.0
0.7110992410674626,0.14743824,0.28363397749999997,0.599312717,4247.0,0.0
0.7065478214765591,0.05618302,0.2722147705,0.6389587645,4247.0,0.0
0.6778140808332498,0.0073002445,0.275091835,0.6635821824999999,4247.0,0.0
0.6380928046776091,0.0012907925,0.254085394,0.6404251385,4247.0,0.0
0.6314171608435555,0.004756339,0.211081097,0.6079881245000001,4247.0,0.0
0.653966064017584,0.033586184,0.18676303649999998,0.6209726695,4247.0,0.0
0.7393705841757924,0.084403843,0.219782304,0.665455065,4247.0,0.0
0.7986388173916973,0.135454301,0.227552955,0.674789733,4247.0,0.0
0.8178564747867499,0.158853943,0.238299831,0.678810435,4247.0,0.0
0.8179395975889112,0.22989577449999998,0.2585212985,0.7144944615,4247.0,0.0
0.8183137227158247,0.2297728565,0.2708269635,0.7321663985,4247.0,0.0
0.818155697628449,0.2729480745,0.352037447,0.7866100115,4247.0,0.0
0.8156571786252345,0.260292039,0.379980337,0.809757157,4247.0,0.0
0.8111520596353583,0.1951433205,0.3958569285,0.8260140155,4247.0,0.0
0.8058850540116655,0.12560583749999998,0.355967888,0.8159068105,4247.0,0.0
0.7977922125775831,0.076755988,0.337990764,0.829328356,4247.0,0.0
0.7494638605532093,0.0337622965,0.3408708575,0.8410461309999999,4247.0,0.0
0.6540484130406862,0.002405904,0.3433928865,0.885703423,4247.0,0.0
0.6331643832806759,0.005742555,0.35485442899999997,0.8960158355000001,4247.0,0.0
0.6358582090775129,0.041447962500000005,0.358692861,0.8930207875,4247.0,0.0
0.7051611848039303,0.094425597,0.38010961499999996,0.9027763995,4247.0,0.0
0.7989999348833041,0.145286588,0.4526744,0.913764443,4247.0,0.0
0.8176720477360218,0.199115795,0.518140128,0.920885703,4247.0,0.0
0.8183907042862727,0.246729715,0.560697977,0.925877686,4247.0,0.0
0.8174884908915497,0.32586776,0.592291715,0.925233709,4247.0,0.0
0.8187689395732645,0.38955090800000003,0.5668942615,0.90354437,4247.0,0.0
0.8194385156641493,0.435813134,0.6288637834999999,0.9036888095,4247.0,0.0
0.8148850896003856,0.306934624,0.6569479615,0.879078113,4247.0,0.0
0.8096786489152319,0.2123397965,0.610904281,0.8675358695,4247.0,0.0
0.7999757208518727,0.09812887449999999,0.541453293,0.8556401145,4247.0,0.0
0.7461241285905194,0.023612421999999997,0.545185545,0.8654955209999999,4247.0,0.0
0.6528205992428961,0.0006523485,0.5545031045,0.8737494245,4247.0,0.0
0.6320574819067952,0.0011050585,0.5559448245,0.8718175225,4247.0,0.0
0.6346981895029806,0.036182138499999995,0.514892167,0.849522567,4247.0,0.0
0.7043406676792223,0.1401678655,0.486021646,0.809813519,4247.0,0.0
0.7986118350940504,0.268556046,0.521045224,0.775840356,4247.0,0.0
0.8167687704934876,0.329911349,0.511058266,0.744734643,4247.0,0.0
0.8166387913547797,0.391759608,0.502829187,0.739057122,4247.0,0.0
0.8152657908653502,0.429532687,0.494890411,0.75102369,4247.0,0.0
0.8169193006293771,0.444468612,0.4585175025,0.7313623825,4247.0,0.0
0.8175710819665956,0.3783931175,0.47075256099999996,0.740180136,4247.0,0.0
0.8139550235049695,0.3385241075,0.44869506550000005,0.676351387,4247.0,0.0
0.8082088410300532,0.22566947950000002,0.373830858,0.661968165,4247.0,0.0
0.79945162191496,0.11117670799999999,0.2849711235,0.645897742,4247.0,0.0
0.7468769723211512,0.039297034,0.25678818800000003,0.6455583094999999,4247.0,0.0
0.6530176712445959,0.001376741,0.264197809,0.6558453895,4247.0,0.0
0.6325082259198216,0.0039716175,0.25689210799999995,0.6227617435,4247.0,0.0
0.6350992483203621,0.0428246855,0.2378983935,0.5618848190000001,4247.0,0.0
0.669702671063232,0.094319945,0.228423052,0.526505782,4247.0,0.0
0.7392891055557367,0.137788164,0.225708964,0.497443386,4247.0,0.0
0.798536594329695,0.187430252,0.20866404,0.464938574,4247.0,0.0
0.8178118911802015,0.179961846,0.196762651,0.443741829,4247.0,0.0
0.8177358766367872,0.249515729,0.189131725,0.44654254,4247.0,0.0
0.81606471735026,0.313977358,0.184532393,0.470006465,4247.0,0.0
0.8164959015983329,0.3407250305,0.190823438,0.5315049245,4247.0,0.0
0.8150284628703495,0.3772168305,0.19621207899999998,0.5883033075,4247.0,0.0
0.8115089701461093,0.314743122,0.235272972,0.64977215,4247.0,0.0
0.8082386037764094,0.2048722455,0.28342148749999996,0.6224646665,4247.0,0.0
0.8005991417696867,0.1008314535,0.3119647225,0.6182343855,4247.0,0.0
0.7454610564156829,0.031551486,0.369260246,0.633379439,4247.0,0.0
0.6533960273607693,0.000866081,0.4447693825,0.6839606135,4247.0,0.0
0.6322929238645373,0.001279596,0.4755006045,0.787343423,4247.0,0.0
0.6344831775164484,0.0212327915,0.481039249,0.8447076680000001,4247.0,0.0
0.7046599820129902,0.080129531,0.5088398875,0.865226016,4247.0,0.0
0.7985174454626753,0.135531757,0.566071589,0.892307972,4247.0,0.0
0.8204027687431561,0.175799818,0.595247212,0.891019275,4247.0,0.0
0.8188227107237932,0.244654382,0.63817535,0.88380264,4247.0,0.0
0.8163699361925061,0.302350647,0.673111768,0.877225252,4247.0,0.0
0.8161489524106211,0.3718673345,0.6681208025,0.8695924909999999,4247.0,0.0
0.8165653882172946,0.340766381,0.6999349905000001,0.823578296,4247.0,0.0
0.8121034985238234,0.212917215,0.706983801,0.7659594384999999,4247.0,0.0
0.8066494064266647,0.112378958,0.6811114460000001,0.7099504514999999,4247.0,0.0
0.7979281879136284,0.047998001,0.6284770500000001,0.6643499105,4247.0,0.0
0.7445262032019069,0.008647219499999999,0.5983215985,0.5962488775,4247.0,0.0
0.6471508182009237,0.0,0.574928056,0.608524551,4247.0,0.0
0.6189984774708399,0.0,0.543431555,0.5706892875,4247.0,0.0
0.6061851905896125,0.001395425,0.521257654,0.5212014905,4247.0,0.0
0.6114629067166291,0.0340815245,0.49342595650000004,0.4931223705,4247.0,0.0
0.6280809345014552,0.07568877,0.483410848,0.44335611,4247.0,0.0
0.6581667379442732,0.130957514,0.494872874,0.422227533,4247.0,0.0
0.681345565952164,0.192022859,0.50410525,0.395307268,4247.0,0.0
0.709781800551463,0.28114944500000005,0.5149791905000001,0.357720807,4247.0,0.0
0.7116001295844563,0.348764208,0.452319494,0.268005617,4247.0,0.0
0.7116369761875748,0.3138537005,0.4546943575,0.27101279850000004,4247.0,0.0
0.7109130248002529,0.2673151775,0.4591418505,0.30051452,4247.0,0.0
0.7120091670636308,0.22312470299999998,0.42782658100000004,0.3043138055,4247.0,0.0
0.7114615432360623,0.153200069,0.364505499,0.279034852,4247.0,0.0
0.7085542286088267,0.0882163645,0.312759216,0.286976772,4247.0,0.0
0.7002831009621489,0.022278262,0.2987843825,0.327767617,4247.0,0.0
0.636568427657648,0.000767054,0.2816585765,0.3397338395,4247.0,0.0
0.6094246095359634,0.001870365,0.2912913525,0.303640927,4247.0,0.0
0.6069381069358275,0.0388365145,0.27071422,0.237768873,4247.0,0.0
0.6219514637576296,0.1124750415,0.22614336000000002,0.176531074,4247.0,0.0
0.6574238069295018,0.216698019,0.198869978,0.139448705,4247.0,0.0
0.6832671092793874,0.302918839,0.17390427,0.117413698,4247.0,0.0
0.7079774463776002,0.375288135,0.147338636,0.109118919,4247.0,0.0
0.7117600405123007,0.468981547,0.134927834,0.097878212,4247.0,0.0
0.7125767859560712,0.5026690335,0.11445274650000001,0.0973296265,4247.0,0.0
0.713946474269676,0.462105952,0.129579879,0.1830545205,4247.0,0.0
0.7132031323569707,0.3678859095,0.1326471415,0.2137221335,4247.0,0.0
0.7147347382680702,0.203166332,0.107052007,0.207456634,4247.0,0.0
0.7122825196690927,0.096555764,0.078012994,0.194454326,4247.0,0.0
0.7068517106074363,0.0481519845,0.08452071650000001,0.190945462,4247.0,0.0
0.678463395995705,0.0026380495,0.110769951,0.245955953,4247.0,0.0
0.6377324125546726,0.0,0.1384113985,0.29743826900000003,4247.0,0.0
0.6310911009353759,0.0037788015,0.148648446,0.33924919200000003,4247.0,0.0
0.6540331328721714,0.0368922165,0.14380639550000002,0.36169721600000004,4247.0,0.0
0.7393013392151939,0.072052754,0.139036987,0.352255367,4247.0,0.0
0.8001358012160779,0.11918597,0.14013129,0.317748146,4247.0,0.0
0.8191917584668047,0.184192016,0.148030924,0.286038043,4247.0,0.0
0.8206050875651185,0.246420386,0.164523743,0.25338468000000003,4247.0,0.0
0.8233502183377212,0.3033160785,0.169288083,0.231588395,4247.0,0.0
0.8244524294140194,0.257323234,0.2037863165,0.2508852025,4247.0,0.0
0.8196193160683161,0.2004306085,0.234521474,0.267333022,4247.0,0.0
0.8152648238383167,0.136684483,0.2852633505,0.2585518645,4247.0,0.0
0.8062984194976677,0.0929242425,0.323179718,0.2552749025,4247.0,0.0
0.7503197253300967,0.0321879345,0.368976178,0.28018364100000004,4247.0,0.0
0.6528454054345321,0.0018804849999999999,0.3658685335,0.3253580655,4247.0,0.0
0.6323740398002579,0.0038222775,0.356323627,0.3683896795,4247.0,0.0
0.6352334102347315,0.0292336835,0.313612227,0.371938848,4247.0,0.0
0.6703594327667849,0.091201595,0.291888904,0.319101719,4247.0,0.0
0.741826550250513,0.141786747,0.271195245,0.275996486,4247.0,0.0
0.8026528883584375,0.213697644,0.215191084,0.232651992,4247.0,0.0
0.8225646381640489,0.27956717,0.185475763,0.19465867,4247.0,0.0
0.8249326945150387,0.394376497,0.17078504,0.169714738,4247.0,0.0
0.8271909840485709,0.5280536735,0.160275853,0.156007643,4247.0,0.0
0.8298738334785265,0.631350569,0.158583428,0.198338977,4247.0,0.0
0.8276550981844488,0.714026034,0.19237010300000001,0.259503854,4247.0,0.0
0.8211932816599348,0.597972519,0.253003205,0.303326428,4247.0,0.0
0.8161448904641413,0.3855082145,0.29004889050000005,0.3215886785,4247.0,0.0
0.8106837385186246,0.268762639,0.303308744,0.332656112,4247.0,0.0
0.8076800033851692,0.202361645,0.331228667,0.343114619,4247.0,0.0
0.8007665476490173,0.147286701,0.382960628,0.360737286,4247.0,0.0
0.7501607330188971,0.0683737145,0.4180760955,0.3924874385,4247.0,0.0
0.6529017875974097,0.003656622,0.4131725955,0.427266329,4247.0,0.0
0.6324485311875386,0.00607143,0.401170962,0.394832403,4247.0,0.0
0.6350999252786437,0.0611335605,0.360528172,0.3755946765,4247.0,0.0
0.6703594327667849,0.13400007,0.349592923,0.359986271,4247.0,0.0
0.741927419395952,0.165208342,0.332747801,0.328972617,4247.0,0.0
0.8038546144668213,0.254556468,0.318308209,0.318296041,4247.0,0.0
0.8226754684357371,0.336798576,0.307379438,0.294268016,4247.0,0.0
0.825723207038237,0.429754675,0.295083136,0.261949518,4247.0,0.0
0.8285782012522844,0.534574079,0.256312594,0.218814132,4247.0,0.0
0.8328895123994774,0.575772219,0.2170791555,0.201879054,4247.0,0.0
0.8294952113020052,0.5349699495,0.1696630815,0.223320105,4247.0,0.0
0.8246439163131059,0.416134479,0.145736846,0.248973741,4247.0,0.0
0.821894626970036,0.343991513,0.136184132,0.270658752,4247.0,0.0
0.8162769004776941,0.257359149,0.123547901,0.27454601,4247.0,0.0
0.8069023046589323,0.1251531345,0.132980515,0.28106018600000005,4247.0,0.0
0.7698696804890295,0.047757773,0.172334647,0.296784553,4247.0,0.0
0.6974638897001991,0.003676188,0.179976011,0.3042861375,4247.0,0.0
0.6383500309167043,0.0,0.1673977935,0.3165437465,4247.0,0.0
0.6318819035273262,0.0077912419999999994,0.1352470615,0.33380334,4247.0,0.0
0.6556392785809404,0.053033934500000005,0.104761631,0.32753041,4247.0,0.0
0.7442908338597481,0.111394807,0.07231089,0.290551642,4247.0,0.0
0.8058306060996452,0.18803239,0.054022196,0.261166391,4247.0,0.0
0.827519896824253,0.248039018,0.058869455,0.251012691,4247.0,0.0
0.8332873314598269,0.302433451,0.076254131,0.252522625,4247.0,0.0
0.8346396359176986,0.34548634050000004,0.11822682649999999,0.272874418,4247.0,0.0
0.8367921243498464,0.352039603,0.170173305,0.307555594,4247.0,0.0
0.8388857642475631,0.318776854,0.2396141325,0.35026065500000003,4247.0,0.0
0.8327172223842193,0.269428468,0.303216825,0.40043719,4247.0,0.0
0.8265884285986751,0.21931460400000002,0.3697436425,0.454917631,4247.0,0.0
0.820843962527867,0.171607949,0.431604189,0.500064627,4247.0,0.0
0.8123601686338187,0.103188215,0.4997221125,0.5817770425,4247.0,0.0
0.7546841788831354,0.056270027,0.532565857,0.7048872245,4247.0,0.0
0.6655529148291986,0.005640147,0.57474138,0.778216413,4247.0,0.0
0.6400927561074268,0.0016407065,0.5815703185000001,0.8246336160000001,4247.0,0.0
0.6322558836198637,0.0224794935,0.5610967925,0.851847091,4247.0,0.0
0.6545796686467347,0.10751862000000001,0.5069776825,0.8559430185,4247.0,0.0
0.7401005557688557,0.192997808,0.551127959,0.844222257,4247.0,0.0
0.8001358012160779,0.266051268,0.577671749,0.838954603,4247.0,0.0
0.8188595573269118,0.301397862,0.572851612,0.820349933,4247.0,0.0
0.8194309721054841,0.41688178350000005,0.574189481,0.7719916305000001,4247.0,0.0
0.8200333343074054,0.48828638999999996,0.5874300935,0.681860304,4247.0,0.0
0.8201057706146471,0.454514678,0.5853705425,0.616724919,4247.0,0.0
0.816293679597148,0.40888577299999995,0.5816660364999999,0.5852841630000001,4247.0,0.0
0.8121868149675395,0.329365318,0.553442091,0.565285529,4247.0,0.0
0.8097707902185933,0.249354614,0.517062596,0.542254685,4247.0,0.0
0.8013190072021249,0.135279543,0.43129424,0.527900311,4247.0,0.0
0.7471131396475634,0.036386852,0.3829733455,0.549858298,4247.0,0.0
0.6469094282594431,0.002965024,0.35796028,0.532183031,4247.0,0.0
0.6185564857018757,0.0006005015,0.348953872,0.5523668455,4247.0,0.0
0.6061544850214169,0.017419478999999998,0.3209919255,0.6002879745,4247.0,0.0
0.6115715852842908,0.107002151,0.28347185750000004,0.618124895,4247.0,0.0
0.6285870210347425,0.182730542,0.272139975,0.592285384,4247.0,0.0
0.6581166902610833,0.258377293,0.23113675,0.563194302,4247.0,0.0
0.6834114981835636,0.322009718,0.19422725,0.527524995,4247.0,0.0
0.7087081917497225,0.442315478,0.17152077,0.489480745,4247.0,0.0
0.7115883308313368,0.513547471,0.166185929,0.448226632,4247.0,0.0
0.7124463475090409,0.567846698,0.115769116,0.330068333,4247.0,0.0
0.7141530722944966,0.582350929,0.1262751995,0.3145444855,4247.0,0.0
0.7149167233492297,0.5447546320000001,0.108810442,0.31558068699999997,4247.0,0.0
0.7149134595837937,0.453406252,0.0962482315,0.3247693365,4247.0,0.0
0.7132950800187773,0.353199096,0.083766709,0.316056654,4247.0,0.0
0.711386882609211,0.257533312,0.074598326,0.31603434,4247.0,0.0
0.7076799161283954,0.208732892,0.078547884,0.328533124,4247.0,0.0
0.6998831786081616,0.09399076549999999,0.0928366425,0.3587988995,4247.0,0.0
0.6408649179446488,0.0034969255000000003,0.0901816735,0.3678520565,4247.0,0.0
0.6147353523715625,0.0060692160000000005,0.086586312,0.367582239,3378.0,0.0
0.6121630433413333,0.09318201150000001,0.0864086605,0.3664237635,3378.0,0.0
0.627393056134983,0.2539305565,0.063168344,0.3676971505,3378.0,0.0
0.6656386004301102,0.432631024,0.054038423,0.370264762,3378.0,0.0
0.6939588549550261,0.558804162,0.064341218,0.379642778,3378.0,0.0
0.7227013480391877,0.69739067,0.079265634,0.391512427,3378.0,0.0
0.7283698235749858,0.8481124815,0.088881182,0.41417622249999997,3378.0,0.0
0.7325765181009969,0.9342516695,0.09038926,0.409935312,3378.0,0.0
0.7361534328275213,0.858017877,0.0879902045,0.40967885849999996,3378.0,0.0
0.7366110432441411,0.6457509445,0.0848948405,0.421382276,3378.0,0.0
0.7322345976900082,0.441832881,0.084536635,0.414301546,3378.0,0.0
0.7319402589842368,0.294507921,0.091701082,0.406153885,3378.0,0.0
0.7274468901403012,0.222729451,0.123058164,0.407250835,3378.0,0.0
0.7143516674523298,0.100578901,0.1543428535,0.427966783,3378.0,0.0
0.6546924573744747,0.0036338915,0.143500235,0.441442604,3378.0,0.0
0.6343279570829765,0.006304215,0.1188804995,0.4295389215,3378.0,0.0
0.6366535089158611,0.1038151205,0.1091131205,0.45775949699999996,3378.0,0.0
0.6703211354263255,0.225462814,0.094511563,0.470115053,3378.0,0.0
0.7398639049289266,0.300437264,0.064223015,0.45544751,3378.0,0.0
0.8063381433702732,0.444698634,0.062380155,0.443103368,3378.0,0.0
0.8328950731001061,0.591822443,0.074499274,0.444274516,3378.0,0.0
0.8406268938633591,0.72734912,0.097937404,0.454937726,3378.0,0.0
0.8422842237187123,0.8764935330000001,0.105760343,0.4626793425,3378.0,0.0
0.8462180733579725,0.947216441,0.0956678735,0.4504471075,3378.0,0.0
0.8455811854965294,0.8037860335,0.094670577,0.437525212,3378.0,0.0
0.8390425804527517,0.676943578,0.093258184,0.416158671,3378.0,0.0
0.8376204508967773,0.553211457,0.095382713,0.396193308,3378.0,0.0
0.8335761092681794,0.418204804,0.094864694,0.375370961,3378.0,0.0
0.826947079915519,0.248772823,0.1172828355,0.3630140385,3378.0,0.0
0.7677085608387915,0.095687038,0.164397904,0.347983225,3378.0,0.0
0.6545122855182006,0.003217284,0.125416111,0.31556840350000004,3378.0,0.0
0.6340978097655154,0.0056907929999999995,0.109762613,0.276461799,3378.0,0.0
0.6369343566695994,0.0859810595,0.14392504849999999,0.29060201350000003,3378.0,0.0
0.6707149409505841,0.180948013,0.136685887,0.286228214,3378.0,0.0
0.742227561051086,0.230300351,0.104390849,0.260245676,3378.0,0.0
0.8080594471607677,0.315836313,0.099369729,0.229392107,3378.0,0.0
0.8355911716269413,0.474043364,0.107257484,0.223676446,3378.0,0.0
0.8404517509805984,0.532286863,0.122916644,0.24167122,3378.0,0.0
0.8424512429053035,0.603274634,0.143945885,0.266562745,3378.0,0.0
0.8482313466970433,0.622780779,0.1647209095,0.25571354150000003,3378.0,0.0
0.8539419636730308,0.5692804739999999,0.2084770115,0.290331889,3378.0,0.0
0.8509233834741887,0.485420702,0.2668480875,0.28546611450000003,3378.0,0.0
0.8479051415576974,0.334171657,0.312791652,0.287877441,3378.0,0.0
0.8444178535493824,0.256950704,0.332908068,0.28604766,3378.0,0.0
0.8340523124227189,0.148006093,0.364683201,0.29948179649999995,3378.0,0.0
0.7896906671130373,0.079115142,0.410522209,0.352322289,3378.0,0.0
0.705182388554199,0.009839674500000001,0.449813737,0.4176745495,3378.0,0.0
0.6399672500099224,0.0,0.451542978,0.5106547180000001,3378.0,0.0
0.6339014631324862,0.009528906,0.418637511,0.533993187,3378.0,0.0
0.655190081929242,0.0752490825,0.3669834615,0.5344239934999999,3378.0,0.0
0.7437529775168737,0.143530632,0.341273442,0.475600001,3378.0,0.0
0.8100562800563154,0.237799942,0.311646139,0.409745852,3378.0,0.0
0.8357544193293853,0.315691087,0.278072736,0.360363088,3378.0,0.0
0.8433322765581619,0.39882507,0.263656914,0.325593066,3378.0,0.0
0.8483381634326403,0.5001378285,0.23798352849999999,0.2760155895,3378.0,0.0
0.8529603993538742,0.5475337650000001,0.22849283650000002,0.250943319,3378.0,0.0
0.8528910577692885,0.48773455050000003,0.2217963005,0.284139346,3378.0,0.0
0.843506452610679,0.3687121425,0.183296729,0.344228465,3378.0,0.0
0.8329185737855676,0.2060160015,0.1483137475,0.3962410455,3378.0,0.0
0.8231667583140265,0.11123451,0.149208695,0.418379474,3378.0,0.0
0.7624500902027821,0.0349725695,0.16275305,0.45796013199999996,3378.0,0.0
0.6543327422098195,0.0,0.12448993900000001,0.4446282785,3378.0,0.0
0.6347209406145775,0.0005798495,0.10515658,0.4157693805,3378.0,0.0
0.6367541364029368,0.023074472999999998,0.0929883445,0.366330378,3378.0,0.0
0.7066742949946775,0.124128773,0.069378277,0.335129075,3378.0,0.0
0.8189809292559337,0.2890198355,0.058210540500000005,0.31147232150000004,3378.0,0.0
0.8383553064289779,0.423318537,0.06994088300000001,0.29790278400000003,3378.0,0.0
0.8403624869467241,0.43420316849999996,0.0698482045,0.3008026655,3378.0,0.0
0.8404421765470886,0.43470775,0.074707443,0.33206895950000004,3378.0,0.0
0.8394346451709175,0.418620603,0.07963551,0.32246588,3378.0,0.0
0.8354636588597866,0.3236353275,0.0914223475,0.2850625285,3378.0,0.0
0.8320635554033222,0.205835119,0.104080292,0.259978686,3378.0,0.0
0.8244716264946378,0.129213766,0.130748922,0.28033599200000003,3378.0,0.0
0.7615947813582045,0.043063894500000005,0.1701001165,0.3376251135,3378.0,0.0
0.6642491593003678,0.001930963,0.182960157,0.385368533,3378.0,0.0
0.6399471583210633,0.0,0.21040191949999998,0.387114309,3378.0,0.0
0.6338350712361802,0.006487337,0.222583674,0.34363508249999997,3378.0,0.0
0.6551679351603439,0.0477821135,0.19557834149999997,0.3334541585,3378.0,0.0
0.7429591286126563,0.083637189,0.153983613,0.317566448,3378.0,0.0
0.8213384199411856,0.17321413400000002,0.125773363,0.306126858,3378.0,0.0
0.8408868519439848,0.28896526899999997,0.10014110700000001,0.2769217855,3378.0,0.0
0.8434216374128138,0.355385785,0.077018864,0.218399989,3378.0,0.0
0.848218435882514,0.3910056145,0.0814047805,0.2379612955,3378.0,0.0
0.8502947645400811,0.341557167,0.10211078000000001,0.2488284115,3378.0,0.0
0.8441252070425247,0.227621765,0.1301646415,0.278805192,3378.0,0.0
0.8383176376364116,0.135492031,0.152868427,0.285661022,3378.0,0.0
0.8271513327915486,0.068780853,0.1879280615,0.289891535,3378.0,0.0
0.7660061154529845,0.0133066645,0.243050991,0.30790090800000003,3378.0,0.0
0.6516125624664385,0.0,0.257673832,0.364887597,3378.0,0.0
0.6239509074687359,0.0,0.2754217095,0.389127036,3378.0,0.0
0.6124748141164361,0.003348506,0.291824739,0.41769784600000004,3378.0,0.0
0.6174184918702701,0.037426057,0.30955882599999995,0.445743741,3378.0,0.0
0.6520061023239294,0.1050576945,0.349142246,0.450215199,3378.0,0.0
0.6949824886891597,0.149963071,0.339777189,0.45248685,3378.0,0.0
0.7239503659808267,0.173321039,0.329747012,0.446775329,3378.0,0.0
0.7304290586423624,0.200478426,0.325090442,0.445417359,3378.0,0.0
0.7337581283153272,0.227231288,0.31731215,0.38850214,3378.0,0.0
0.7369212908631102,0.2435115555,0.317804782,0.371214384,3378.0,0.0
0.7401741043342972,0.2481405115,0.33667609499999995,0.38401530650000004,3378.0,0.0
0.7416296474883838,0.2132062295,0.338260723,0.41357235400000003,3378.0,0.0
0.7376662527527263,0.127000402,0.28003913449999995,0.4598967725,3378.0,0.0
0.7205457166707856,0.0368820185,0.2604283195,0.479726225,3378.0,0.0
0.6421723005136217,0.0008341985,0.24361069349999998,0.462683438,3378.0,0.0
0.617936183711912,0.0,0.232887564,0.462743085,3378.0,0.0
0.6124005645843089,0.017186648,0.210308789,0.463209152,3378.0,0.0
0.6175739301504912,0.1207512625,0.1466272505,0.4599179235,3378.0,0.0
0.6373934902423526,0.208530545,0.082454357,0.412572687,3378.0,0.0
0.6681446629919899,0.329982695,0.054836883,0.353434363,3378.0,0.0
0.6970004041122141,0.477320647,0.039086743,0.298925126,3378.0,0.0
0.7283538906533839,0.591617375,0.028708935,0.243790594,3378.0,0.0
0.7359024686493211,0.6679786285,0.023333169,0.178574625,3378.0,0.0
0.7403015690846437,0.6550703895,0.019874616499999997,0.13980478950000003,3378.0,0.0
0.7406357524922023,0.5156606045000001,0.023617712,0.165083484,3378.0,0.0
0.7414267485289174,0.314329973,0.041314577500000005,0.1934497195,3378.0,0.0
0.740162740684306,0.164424231,0.060660548,0.207032384,3378.0,0.0
0.7358150906527055,0.0767864905,0.0905186315,0.24115971400000003,3378.0,0.0
0.7276625064695318,0.014399927,0.114795795,0.28504669,3378.0,0.0
0.6898601138247966,0.001882286,0.118525268,0.27907035950000003,3378.0,0.0
0.6402079385911369,0.0,0.1195611935,0.233758509,3378.0,0.0
0.6334760330298068,0.0050273225,0.1483886575,0.1944430395,3378.0,0.0
0.6554283767544864,0.043218731999999996,0.159641014,0.1750387775,3378.0,0.0
0.7435793337818426,0.115824072,0.142498036,0.180978276,3378.0,0.0
0.8085636480503765,0.206195903,0.139121276,0.177517417,3378.0,0.0
0.8345745499211477,0.309123798,0.141172878,0.184578319,3378.0,0.0
0.8401847326580343,0.377806308,0.140746635,0.201300658,3378.0,0.0
0.8402685808288658,0.34675657000000004,0.135774049,0.2244234315,3378.0,0.0
0.8408791633509436,0.2920555925,0.1372926075,0.2707159015,3378.0,0.0
0.8403813455482017,0.29369385849999996,0.136662087,0.322330557,3378.0,0.0
0.8353685924669201,0.282712275,0.14654080149999998,0.3179556865,3378.0,0.0
0.8318654919726044,0.220947666,0.145832712,0.307135005,3378.0,0.0
0.825138204486854,0.143353212,0.15289738749999998,0.3040504665,3378.0,0.0
0.7650427085718294,0.0601712295,0.18245139999999999,0.300358966,3378.0,0.0
0.6652916514391887,0.001896452,0.187680746,0.328656157,3378.0,0.0
0.6402079385911369,0.0,0.17591721100000002,0.317348876,3378.0,0.0
0.6336661179955216,0.019710557,0.15335991999999998,0.2562514865,3378.0,0.0
0.6554909001490773,0.11917011699999999,0.118366251,0.2120742595,3378.0,0.0
0.743139590340892,0.220405544,0.061719717,0.184091374,3378.0,0.0
0.8080594471607677,0.334734662,0.050224956,0.181183413,3378.0,0.0
0.8345782247813076,0.504109198,0.049128032,0.186203359,3378.0,0.0
0.8416917744294415,0.6852122629999999,0.063403396,0.208341574,3378.0,0.0
0.8469283161433021,0.797648211,0.057422666000000004,0.180166883,3378.0,0.0
0.8499294882812171,0.7066854745,0.0707922535,0.1890520675,3378.0,0.0
0.8477380741575075,0.5723068435,0.06652804849999999,0.18908703100000002,3378.0,0.0
0.842799207924018,0.40569176900000004,0.060082751000000004,0.210380874,3378.0,0.0
0.8305672485372232,0.2067979745,0.0684317305,0.21166610349999998,3378.0,0.0
0.7692485082928096,0.068367976,0.078168562,0.2151734355,3378.0,0.0
0.6577012456866378,0.0010911065,0.0770380125,0.2204931145,3378.0,0.0
0.6345532444697044,0.0016724405,0.06637339,0.2160089315,3378.0,0.0
0.6370001680348207,0.052005531499999993,0.0603639245,0.23284909650000002,3378.0,0.0
0.7097588559951016,0.184987661,0.0450844215,0.2380031045,3378.0,0.0
0.810104344881469,0.366804881,0.024190716,0.23088925,3378.0,0.0
0.8375215158054057,0.515629091,0.029409602,0.242057643,3378.0,0.0
0.8484936257212656,0.675289511,0.045588421500000004,0.26148831100000003,3378.0,0.0
0.8541224740084454,0.720384173,0.042237261,0.192289313,3378.0,0.0
0.8566765047714914,0.726326764,0.0519374985,0.208862308,3378.0,0.0
0.8542244554120844,0.642767573,0.057640429,0.2402103515,3378.0,0.0
0.8481693552263577,0.43454718449999996,0.054640968,0.230736892,3378.0,0.0
0.8401518513774082,0.315887595,0.060465022,0.214076833,3378.0,0.0
0.830184322755859,0.1821004185,0.090300652,0.1978139205,3378.0,0.0
0.7895903784986829,0.093869993,0.13203269,0.185781152,3378.0,0.0
0.706679396583774,0.011892485500000001,0.13813769050000002,0.1720705635,3378.0,0.0
0.6407481156808179,0.0,0.101742925,0.17693334700000002,3378.0,0.0
0.6337275533371071,0.017143293,0.077245483,0.19141477099999998,3378.0,0.0
0.656654111463833,0.126183469,0.06407030250000001,0.233796145,3378.0,0.0
0.7458482613999057,0.207166095,0.033023251,0.22597925,3378.0,0.0
0.8112282192131486,0.337891602,0.036749991,0.212562867,3378.0,0.0
0.8395168491596435,0.47447366,0.054001539,0.209255896,3378.0,0.0
0.8497667244858703,0.570575255,0.060487314,0.209329755,3378.0,0.0
0.8578286669069923,0.646564396,0.0525516705,0.1963280745,3378.0,0.0
0.8609759205415777,0.7143022365,0.04259706,0.200285418,3378.0,0.0
0.8601501569901874,0.66388808,0.047041645,0.224024262,3378.0,0.0
0.8535928867896969,0.465888285,0.0529292175,0.2256619305,3378.0,0.0
0.8464936502830438,0.2848687605,0.053212262499999996,0.21857044450000002,3378.0,0.0
0.8318913620120514,0.145707352,0.0712935595,0.1756437465,3378.0,0.0
0.7690396857515891,0.038754012,0.1107420175,0.20072196949999999,3378.0,0.0
0.6696427102706012,0.0,0.101877714,0.202156905,3378.0,0.0
0.6441052072940462,0.0,0.0598364285,0.16685270400000002,3378.0,0.0
0.635281330222299,0.010451528,0.041637138500000004,0.16056288800000001,3378.0,0.0
0.6567375485399406,0.09907336650000001,0.039644531499999996,0.1681832535,3378.0,0.0
0.745546137673896,0.173546904,0.023968216,0.17013833,3378.0,0.0
0.812019311873851,0.273057143,0.017110648,0.155549418,3378.0,0.0
0.8402472080358169,0.375024293,0.01699936,0.143994747,3378.0,0.0
0.8534943385878546,0.485721194,0.017702,0.137209373,3378.0,0.0
0.8602127287951671,0.5854153719999999,0.018139609,0.14915280749999998,3378.0,0.0
0.8658352908162577,0.6601384299999999,0.023227745,0.17449956,3378.0,0.0
0.8589334405852507,0.591408564,0.039643882500000005,0.16825332199999998,3378.0,0.0
0.8505076244290066,0.4099575805,0.04595773,0.160972537,3378.0,0.0
0.8464020651087825,0.233227722,0.04587153,0.164494232,3378.0,0.0
0.8344350445625284,0.13821065700000001,0.044181857000000005,0.150006793,3378.0,0.0
0.7690182887533457,0.04027541,0.0562093355,0.1603560665,3378.0,0.0
0.6543846759302685,0.0,0.063911109,0.193607066,3378.0,0.0
0.6252858764812639,0.0,0.0662509915,0.201954677,3378.0,0.0
0.6124525707235506,0.009735288,0.0677069075,0.197801669,3378.0,0.0
0.6181828924988677,0.107993284,0.055869108,0.1760310625,3378.0,0.0
0.6376315918196224,0.214078253,0.028357036,0.149218181,3378.0,0.0
0.6677914273413987,0.321902423,0.021914744,0.134636605,3378.0,0.0
0.6950378072010164,0.420065559,0.019956424,0.120859004,3378.0,0.0
0.7239948043562091,0.510893082,0.01852251,0.115882476,3378.0,0.0
0.7321377902942587,0.6013346095000001,0.021663790000000002,0.13082950999999998,3378.0,0.0
0.7352210457885084,0.6334157005000001,0.0344965895,0.17464709,3378.0,0.0
0.7390426626323384,0.586184022,0.054135803499999996,0.270518726,3378.0,0.0
0.7405089891021222,0.4381711245,0.06663743550000001,0.3248741395,3378.0,0.0
0.740159549534453,0.300208572,0.071133159,0.328845065,3378.0,0.0
0.7389917685545063,0.206814624,0.07075538,0.314504604,3378.0,0.0
0.7293091496331752,0.11658296800000001,0.0864293935,0.3081657055,3378.0,0.0
0.6812135075282226,0.0077089785,0.0980450265,0.27501269,3378.0,0.0
0.6238699605757956,0.0,0.0874266575,0.2041380575,3378.0,0.0
0.6122944488153974,0.013104049999999999,0.07747909,0.178666216,3378.0,0.0
0.6190036272735349,0.1106403105,0.0588271635,0.175278239,3378.0,0.0
0.6381984129245996,0.1838009,0.02245357,0.162547817,3378.0,0.0
0.6694972575186138,0.2587609,0.018660045,0.152906049,3378.0,0.0
0.6979716204155918,0.346313974,0.023531349,0.141842772,3378.0,0.0
0.7289983702870907,0.467326554,0.040993288,0.136379138,3378.0,0.0
0.7351159214486152,0.5687022455,0.076124412,0.140768637,3378.0,0.0
0.739931941007338,0.539328671,0.10053967899999999,0.182257958,3378.0,0.0
0.7414759744162398,0.40358079700000005,0.1159138545,0.180651238,3378.0,0.0
0.7431607700827566,0.332021094,0.113166026,0.153811103,3378.0,0.0
0.7427712197529525,0.2440448,0.103150096,0.1317646675,3378.0,0.0
0.7399956006685329,0.1410592545,0.10147001850000001,0.1470310725,3378.0,0.0
0.7275416178572366,0.07766782,0.131616742,0.17428935,3378.0,0.0
0.6912190916350776,0.004103724,0.1308934265,0.19018718350000002,3378.0,0.0
0.6429141676805818,0.0,0.100810847,0.21095896349999999,3378.0,0.0
0.635125819523285,0.0069838999999999995,0.0818566285,0.21296518199999998,3378.0,0.0
0.6580438914662966,0.109763524,0.059377005,0.19518948349999998,3378.0,0.0
0.7458039678621092,0.231921316,0.030587082,0.147045181,3378.0,0.0
0.8116557766178698,0.364546899,0.019459391,0.115330492,3378.0,0.0
0.8406961384303772,0.500186108,0.019757934,0.101921312,3378.0,0.0
0.8560149073423997,0.651472056,0.025457433,0.09813193,3378.0,0.0
0.8663948582345316,0.7955610135,0.049940504499999996,0.1083081825,3378.0,0.0
0.8772743195218994,0.85315384,0.075906736,0.1429408775,3378.0,0.0
0.8737484439075829,0.7521087879999999,0.0828891375,0.193124939,3378.0,0.0
0.8682822627917627,0.614512961,0.085083182,0.225292008,3378.0,0.0
0.8569866073560846,0.43388215750000003,0.0827573665,0.2273202575,3378.0,0.0
0.8422448625304418,0.220160955,0.110242599,0.2104837265,3378.0,0.0
0.798746359692755,0.116062337,0.164058931,0.209041308,3378.0,0.0
0.7152726186193488,0.0077076515,0.1639900025,0.211579559,3378.0,0.0
0.6471252382302288,0.0,0.1253729475,0.2237655435,3378.0,0.0
0.6409873535246917,0.013065197,0.0965023505,0.22243077,3378.0,0.0
0.6615573641815855,0.1348353615,0.0840583625,0.25182051299999997,3378.0,0.0
0.7483563064262413,0.245373862,0.055693695,0.248451506,3378.0,0.0
0.8169494258632785,0.371354674,0.037520156,0.220226524,3378.0,0.0
0.8512385632458939,0.511866009,0.04027641,0.206574014,3378.0,0.0
0.8628036059645413,0.62590862,0.05794337,0.212322522,3378.0,0.0
0.8701450059949437,0.741642986,0.09560825,0.220488095,3378.0,0.0
0.872133860031908,0.69998871,0.1135663195,0.244047695,3378.0,0.0
0.8700346592367725,0.567388599,0.1375952845,0.2817700775,3378.0,0.0
0.8602517513075064,0.38367589999999996,0.1513313815,0.30029242899999997,3378.0,0.0
0.8483444012883409,0.234423279,0.137132708,0.320034216,3378.0,0.0
0.8396574181692839,0.1419936755,0.140859379,0.338335378,3378.0,0.0
0.7783523141080695,0.0473767355,0.18985343100000002,0.3442848745,3378.0,0.0
0.6826352021778591,0.0,0.153138709,0.381558974,3378.0,0.0
0.6517821206401663,0.0,0.1492259515,0.349899174,3378.0,0.0
0.6435456394821919,0.010265722,0.13472306,0.3233465285,3378.0,0.0
0.6633684879382641,0.129147715,0.112161483,0.332211605,3378.0,0.0
0.7471810304948087,0.2328689,0.071281442,0.328559932,3378.0,0.0
0.8123802361174834,0.349858292,0.057236271,0.284113814,3378.0,0.0
0.8402737066231567,0.485644835,0.076473353,0.243496048,3378.0,0.0
0.8488633504225587,0.586484571,0.121264438,0.22238075,3378.0,0.0
0.8554135609714812,0.658633733,0.189385647,0.240757119,3378.0,0.0
0.8584553033766439,0.664854159,0.211558104,0.327469563,3378.0,0.0
0.858904910926276,0.610392973,0.22675344349999998,0.3579847385,3378.0,0.0
0.8556329487848593,0.521109751,0.2403797045,0.355025637,3378.0,0.0
0.8508406959719458,0.38788421,0.218982103,0.317383491,3378.0,0.0
0.8487856918938291,0.27963969,0.202454291,0.30631185,3378.0,0.0
0.8456529446486993,0.196918787,0.177638462,0.303424046,3378.0,0.0
0.84051277522746,0.127203151,0.162273517,0.308214473,3378.0,0.0
0.8295546881875389,0.07795863,0.161556936,0.315765657,3378.0,0.0
0.7714228048179245,0.022487764,0.1654137525,0.37097507500000004,3378.0,0.0
0.6601966939756005,0.0,0.14851786150000001,0.432262556,3378.0,0.0
0.6396464609304098,0.0,0.13663243,0.4377749265,3378.0,0.0
0.6418014151437401,0.038638589,0.120255053,0.4177233505,3378.0,0.0
0.6763262363392509,0.110088645,0.088386274,0.384237054,3378.0,0.0
0.7457797902183664,0.160584069,0.065132479,0.338180593,3378.0,0.0
0.8113906931365337,0.25431951,0.053761823,0.291793603,3378.0,0.0
0.8377222870692499,0.325731244,0.055516478,0.258740141,3378.0,0.0
0.8488347241395966,0.396352583,0.0733648,0.242802281,3378.0,0.0
0.8554932503750556,0.463493066,0.100611229,0.239393669,3378.0,0.0
0.8575807492378493,0.473419835,0.106794645,0.194191165,3378.0,0.0
0.8584923434245273,0.4430719595,0.10867679599999999,0.17081554999999998,3378.0,0.0
0.8557340597854517,0.39603855450000003,0.098008088,0.17328560599999998,3378.0,0.0
0.8498277971431205,0.275846419,0.091641125,0.18303426,3378.0,0.0
0.845476254601401,0.179586613,0.093603511,0.183141909,3378.0,0.0
0.8400216785971452,0.112555455,0.095564921,0.187375383,3378.0,0.0
0.8270224175006518,0.070983435,0.099781841,0.198207075,3378.0,0.0
0.7690182887533457,0.01882008,0.108036257,0.222360155,3378.0,0.0
0.658151989699664,0.0,0.084002382,0.255470061,3378.0,0.0
0.6360134539129692,0.0,0.072363253,0.246334381,3378.0,0.0
0.6370673577185899,0.024431009,0.061547976,0.2225168735,3378.0,0.0
0.672889286082878,0.11194157,0.045501911,0.200342946,3378.0,0.0
0.74452811324757,0.170583518,0.025084603,0.170324301,3378.0,0.0
0.8104404145230768,0.268088985,0.019272181,0.143068065,3378.0,0.0
0.8366335189281764,0.319054012,0.02076779,0.129045164,3378.0,0.0
0.846703028559784,0.414747607,0.025021616,0.12823602,3378.0,0.0
0.8552791814071528,0.530759063,0.04139041,0.1276187315,3378.0,0.0
0.8586235796590209,0.6125644084999999,0.050116789499999995,0.141548426,3378.0,0.0
0.8566261668227592,0.5522941809999999,0.0498236145,0.182769956,3378.0,0.0
0.8502745518252502,0.39868574349999997,0.0524575825,0.208945153,3378.0,0.0
0.8460896897941911,0.252468683,0.054423641,0.228939028,3378.0,0.0
0.835463126935881,0.1377762305,0.0645587135,0.2506343085,3378.0,0.0
0.7697606392370326,0.028569280000000002,0.090949135,0.2782583525,3378.0,0.0
0.6554100984873031,0.0,0.07580852,0.270701504,3378.0,0.0
0.6267332961359713,0.0,0.07016206250000001,0.3104023455,3378.0,0.0
0.6139272867530612,0.0052401535,0.063214416,0.3431499355,3378.0,0.0
0.6195787169122673,0.082746537,0.0564742105,0.3349189025,3378.0,0.0
0.654352011906021,0.225134238,0.039705385999999995,0.2830443245,3378.0,0.0
0.7000467887981507,0.427374738,0.036482376,0.218163875,3378.0,0.0
0.7290181957188115,0.560276313,0.044852683,0.220137686,3378.0,0.0
0.7382991030696743,0.7083738985,0.0560047055,0.2242536035,3378.0,0.0
0.7417041148672603,0.670551176,0.073545658,0.208486661,3378.0,0.0
0.741183231285395,0.5307473505,0.093695419,0.24997342449999999,3378.0,0.0
0.7437471507558971,0.318638861,0.09094416699999999,0.2920541405,3378.0,0.0
0.742549268944034,0.18937412,0.096014259,0.332863602,3378.0,0.0
0.7401474121054026,0.09913311650000001,0.10828958999999999,0.352248836,3378.0,0.0
0.7221802714061378,0.016115909,0.12608056550000002,0.3406036085,3378.0,0.0
0.6448988147366905,0.0,0.11549648900000001,0.30696496149999997,3378.0,0.0
0.616371341510669,0.0014160616666666667,0.110098702,0.286798516,3378.0,0.0
0.6190460833812514,0.039219194,0.103392843,0.25469669250000004,3378.0,0.0
0.6538919353146384,0.1518870115,0.08717142,0.241346322,3378.0,0.0
0.6981282433728058,0.271350706,0.069414966,0.218593037,3378.0,0.0
0.728517814920529,0.349277099,0.066715835,0.216960466,3378.0,0.0
0.7335543589528144,0.414335427,0.072473568,0.238728927,3378.0,0.0
0.73980012443855,0.496003096,0.07213239299999999,0.2483665825,3378.0,0.0
0.7415868530983168,0.4598020265,0.088760958,0.338244936,3378.0,0.0
0.742103432878549,0.38159339049999996,0.10097073200000001,0.4268247005,3378.0,0.0
0.7429715799220727,0.24304626899999998,0.1013215755,0.432305184,3378.0,0.0
0.7401474121054026,0.1283614535,0.1026449435,0.43723771899999997,3378.0,0.0
0.7293668374990175,0.049148411,0.130555191,0.452445989,3378.0,0.0
0.692302782589039,0.001390729,0.13759120400000002,0.41361632049999997,3378.0,0.0
0.6441789733126565,0.0,0.125978184,0.3547840135,3378.0,0.0
0.6365844575968176,0.0038843165,0.11144887049999999,0.2947314505,3378.0,0.0
0.6583894143186523,0.0671133435,0.0961093535,0.245093294,3378.0,0.0
0.7458361725780341,0.123914622,0.082361306,0.237075745,3378.0,0.0
0.810104344881469,0.178871939,0.09188247,0.214703249,3378.0,0.0
0.8369460874907424,0.211845145,0.101594284,0.202088898,3378.0,0.0
0.8456513006633841,0.2618926015,0.1181595115,0.22172458099999998,3378.0,0.0
0.853467356290208,0.403313106,0.14388991,0.28574589,3378.0,0.0
0.8561167921220514,0.434538113,0.1436713255,0.34041973449999996,3378.0,0.0
0.8547133759363882,0.442810384,0.13461451800000002,0.36991600599999996,3378.0,0.0
0.849815273218121,0.3480309945,0.1355418745,0.373940712,3378.0,0.0
0.8461349503590211,0.217992468,0.119397208,0.359998069,3378.0,0.0
0.8388549134482014,0.1301610675,0.10661539449999999,0.3365919395,3378.0,0.0
0.7755280496674122,0.0340235205,0.11674677,0.3186790485,3378.0,0.0
0.6727908827186216,0.0,0.091215495,0.305215185,3378.0,0.0
0.6470429616259197,0.0,0.0798289315,0.2491432045,3378.0,0.0
0.6395905620842587,0.002783167,0.067392228,0.2202987075,3378.0,0.0
0.661172745807727,0.075470572,0.061828999,0.1791189465,3378.0,0.0
0.7475312682435215,0.17415521,0.042489618,0.146615801,3378.0,0.0
0.8145778882936837,0.277418661,0.041243162,0.12017975,3378.0,0.0
0.8449167836103242,0.375012438,0.049574679,0.115822436,3378.0,0.0
0.855817617690741,0.467376453,0.065074065,0.136804308,3378.0,0.0
0.8600127309168016,0.543385927,0.091945704,0.160342988,3378.0,0.0
0.8665067041404322,0.5010269764999999,0.091295644,0.1696862275,3378.0,0.0
0.869433119224299,0.4526872945,0.1392675215,0.2293717085,3378.0,0.0
0.8686012144411954,0.4466288905,0.1969856975,0.2836666335,3378.0,0.0
0.8636384124191163,0.336058364,0.216059048,0.296362415,3378.0,0.0
0.8562247695262372,0.266924957,0.205427536,0.289118124,3378.0,0.0
0.8499441883122276,0.184248485,0.203945546,0.290911789,3378.0,0.0
0.8375742229113332,0.097682095,0.2245483,0.30111091,3378.0,0.0
0.7788945706797742,0.014841093,0.231084055,0.316414201,3378.0,0.0
0.6781067271433172,0.0,0.196177379,0.343453206,3378.0,0.0
0.647859900514455,0.0,0.1567428165,0.3149965215,3378.0,0.0
0.6393029445509142,0.0006762215,0.1054995295,0.26390468,3378.0,0.0
0.6607289892242658,0.0425127875,0.0790838875,0.2473861135,3378.0,0.0
0.7476299128725606,0.131323978,0.055203401,0.229756102,3378.0,0.0
0.8220342771662412,0.212694041,0.047651949,0.21248278,3378.0,0.0
0.8546332996432843,0.371129575,0.069741317,0.219639442,3378.0,0.0
0.8674424279540448,0.422828815,0.108301605,0.246031707,3378.0,0.0
0.8817120797852263,0.42758412,0.15612785,0.30247876650000005,3378.0,0.0
0.8898933146533465,0.39552567800000005,0.189272307,0.3613455435,3378.0,0.0
0.8848084153335752,0.37769656549999997,0.1988465905,0.409524236,3378.0,0.0
0.8721632598971389,0.30772555300000004,0.1772389855,0.44312661200000003,3378.0,0.0
0.8584730011127427,0.255807926,0.154615753,0.439359576,3378.0,0.0
0.8499886750979987,0.163622734,0.134021628,0.414687557,3378.0,0.0
0.8385974213455485,0.091347443,0.138684265,0.407096173,3378.0,0.0
0.780940145358757,0.016943641500000002,0.174686538,0.4125879405,3378.0,0.0
0.6789822483091454,0.0,0.185291641,0.363922518,3378.0,0.0
0.6513573432905742,0.0,0.1716692835,0.276154277,3378.0,0.0
0.6414357765941212,0.000716028,0.1662284215,0.1987463535,3378.0,0.0
0.6614830418370847,0.031960537,0.150261256,0.181099739,3378.0,0.0
0.7479044741634194,0.127229983,0.119597473,0.200727338,3378.0,0.0
0.8206092461355855,0.272321928,0.099633238,0.197678097,3378.0,0.0
0.8518887490081858,0.442207222,0.087203259,0.207200941,3378.0,0.0
0.8646085164642943,0.530598912,0.08175853,0.21227315,3378.0,0.0
0.8722065864079017,0.639128478,0.074301508,0.205028332,3378.0,0.0
0.8846522760866683,0.6756044130000001,0.0418299555,0.1715038965,3378.0,0.0
0.8885388342862537,0.6625643235,0.040455224,0.1807503855,3378.0,0.0
0.8812227241577941,0.5380639425,0.044850422,0.1807328595,3378.0,0.0
0.8748730916247413,0.40603862,0.046401596,0.187183634,3378.0,0.0
0.8652729183504996,0.331172267,0.049031282,0.189959567,3378.0,0.0
0.8531422151954635,0.239512767,0.062480725,0.190381865,3378.0,0.0
0.8385974213455485,0.173912717,0.092967631,0.20281512,3378.0,0.0
0.8001701332340446,0.078595358,0.119379627,0.215618694,3378.0,0.0
0.7184073483289345,0.001257757,0.1266586,0.245096421,3378.0,0.0
0.6476067120166451,0.0,0.1261138875,0.26476978399999995,3378.0,0.0
0.6394542484658629,0.002081797,0.132081376,0.288213584,3378.0,0.0
0.6603403577078967,0.0872444045,0.126907626,0.33170222149999995,3378.0,0.0
0.7479320854025394,0.194767403,0.099314642,0.346101439,3378.0,0.0
0.8204553794218866,0.286254789,0.099948792,0.334477851,3378.0,0.0
0.8534118445303766,0.439697893,0.127947105,0.333007522,3378.0,0.0
0.8676089636271193,0.515998334,0.154442847,0.344449887,3378.0,0.0
0.8828998796416586,0.623276061,0.170476337,0.363182326,3378.0,0.0
0.8924165916345983,0.6376047970000001,0.1664974735,0.381588641,3378.0,0.0
0.8928113157755015,0.5892132695000001,0.1726123885,0.44536699550000003,3378.0,0.0
0.8840017036316371,0.500005554,0.17366249150000002,0.473619284,3378.0,0.0
0.8780732458100189,0.377006146,0.171231518,0.494961576,3378.0,0.0
0.8705081543613954,0.306517475,0.165397149,0.503659094,3378.0,0.0
0.856606969938931,0.21504913,0.190225777,0.517518635,3378.0,0.0
0.8438960997612606,0.145093168,0.247801884,0.564113671,3378.0,0.0
0.7910757084075297,0.0312731155,0.288616263,0.607045981,3378.0,0.0
0.6659983642019442,0.0,0.27737416000000004,0.66362888,3378.0,0.0
0.6385563388727731,0.0,0.236879368,0.613627508,3378.0,0.0
0.6316399820555204,0.0018904855,0.1988999015,0.58156529,3378.0,0.0
0.6355830432471653,0.10972251849999999,0.171855818,0.551922476,3378.0,0.0
0.6526893870168067,0.228142128,0.129451589,0.533280089,3378.0,0.0
0.6856759771624078,0.36725187,0.131048769,0.530357638,3378.0,0.0
0.7144876183863904,0.505497878,0.151839168,0.532814464,3378.0,0.0
0.7470391077653954,0.622970811,0.188063473,0.540008083,3378.0,0.0
0.7544540077540604,0.731683052,0.249014821,0.581871911,3378.0,0.0
0.7601246834042735,0.804132762,0.288543198,0.600017372,3378.0,0.0
0.7601797356589923,0.756891019,0.367223765,0.5582505275,3378.0,0.0
0.7538787004653689,0.5971928765000001,0.40131459599999997,0.5771879074999999,3378.0,0.0
0.7534411573356238,0.444891605,0.383304674,0.565385057,3378.0,0.0
0.7559605658151607,0.333126939,0.376539563,0.576920993,3378.0,0.0
0.7483609002966267,0.232583198,0.359135185,0.582584848,3378.0,0.0
0.7428718954536265,0.14606558,0.375551883,0.587046229,3378.0,0.0
0.7395341219469885,0.105418042,0.383208471,0.597789839,3378.0,0.0
0.7326905639245225,0.0242067095,0.38948268900000005,0.6089835415,3378.0,0.0
0.6629675015396757,0.0,0.448453987,0.6252715475,3378.0,0.0
0.6370151099209848,0.0,0.383330514,0.541632448,3378.0,0.0
0.630722440081894,0.0014980995,0.32211043650000004,0.47985733649999995,3378.0,0.0
0.6330988617874164,0.06875205849999999,0.32553412400000004,0.478356107,3378.0,0.0
0.659355698272504,0.1534708735,0.3382246195,0.44867468200000005,3378.0,0.0
0.7019424136755383,0.290069316,0.373616709,0.409580793,3378.0,0.0
0.7366082870006259,0.4146177365,0.390706367,0.39123177,3378.0,0.0
0.7430192824564714,0.45337713199999996,0.3537567975,0.365421718,3378.0,0.0
0.7418936435070851,0.4253807805,0.330761895,0.338196363,3378.0,0.0
0.74299155058496,0.3168231045,0.3361947225,0.357028704,3378.0,0.0
0.7445334805034339,0.22428621,0.306599459,0.2983725,3378.0,0.0
0.7426987834457108,0.163895393,0.269531072,0.287622638,3378.0,0.0
0.7426963172709478,0.103598028,0.242281559,0.290701428,3378.0,0.0
0.7371339577008513,0.067613838,0.247714798,0.284824974,3378.0,0.0
0.7252345379330902,0.0079086845,0.260254294,0.2627661565,3378.0,0.0
0.6618819733524244,0.0,0.2549959645,0.2358438145,3378.0,0.0
0.6399050328864765,0.0,0.2114697466666667,0.26354262066666667,3378.0,0.0
0.660802319942958,0.018084969,0.192343436,0.21549801600000001,3378.0,0.0
0.7473800609525602,0.066478559,0.194305729,0.186669,3378.0,0.0
0.8155744913197817,0.143641842,0.1860529,0.184867259,3378.0,0.0
0.8486003942432643,0.221559397,0.199007414,0.178787255,3378.0,0.0
0.857325142778875,0.285283342,0.193670233,0.170228673,3378.0,0.0
0.8619993606341564,0.386197335,0.209522506,0.168067138,3378.0,0.0
0.8692763512327089,0.42705753700000004,0.200233668,0.1149215645,3378.0,0.0
0.8768592374349988,0.526279563,0.201699357,0.121048812,3378.0,0.0
0.8711399166253379,0.46460068649999997,0.1854623125,0.13987833900000002,3378.0,0.0
0.8664142971703034,0.331640407,0.15530382,0.116161152,3378.0,0.0
0.8572732094520066,0.227808476,0.13716566,0.10129485,3378.0,0.0
0.850169910998874,0.137959368,0.12990371,0.115211747,3378.0,0.0
0.8387547696714327,0.093300087,0.133643943,0.143949982,3378.0,0.0
0.7889964300616827,0.0121401865,0.129942236,0.166412507,3378.0,0.0
0.6874238767545999,0.0,0.10182064,0.145582228,3378.0,0.0
0.6600364929790041,0.0,0.091828439,0.1373947215,3378.0,0.0
0.6514877333272158,0.0,0.0811555795,0.1383929985,3378.0,0.0
0.6684848910072745,0.027183910999999998,0.071351131,0.14299250600000002,3378.0,0.0
0.7510457321910382,0.086930116,0.061887969,0.144519047,3378.0,0.0
0.8231230453073146,0.184265823,0.059118865,0.140196033,3378.0,0.0
0.8546332996432843,0.303464996,0.067034796,0.131829443,3378.0,0.0
0.8682340043250542,0.438231272,0.083833454,0.136811052,3378.0,0.0
0.8805103534800521,0.559805114,0.104427432,0.14719096,3378.0,0.0
0.8915229852527712,0.645787624,0.10696356,0.137704097,3378.0,0.0
0.8931616501482016,0.6391884320000001,0.13219033800000002,0.1868340685,3378.0,0.0
0.889104542936241,0.5262686910000001,0.144935314,0.2505914235,3378.0,0.0
0.8810005312969319,0.36509838699999997,0.16370321,0.354627373,3378.0,0.0
0.8675885576643136,0.200764539,0.165757567,0.415228254,3378.0,0.0
0.8556693602848499,0.11578789,0.190983817,0.422786532,3378.0,0.0
0.8441747228018089,0.096284671,0.220293684,0.40782037,3378.0,0.0
0.7906274547744608,0.0112149145,0.240969401,0.354225395,3378.0,0.0
0.6900721037042561,0.0,0.268954014,0.324167688,3378.0,0.0
0.6624065073924653,0.0,0.234773585,0.274129398,3282.0,0.0
0.6512260344404974,0.0,0.18822650800000001,0.205763621,3186.0,0.0
0.6687312853234937,0.042580391,0.171143862,0.191109149,3186.0,0.0
0.7500829294557915,0.108833138,0.154553093,0.186186403,3186.0,0.0
0.8188002738861431,0.180454032,0.15619787,0.187201296,3186.0,0.0
0.8468756572509731,0.296639735,0.169673242,0.20816838,3186.0,0.0
0.8516874940340345,0.388746911,0.189490334,0.237948982,3186.0,0.0
0.8540802597558825,0.521360419,0.208564433,0.2627712975,3186.0,0.0
0.8580309371217757,0.574559018,0.19069157,0.26601238299999996,3186.0,0.0
0.8606150447083342,0.58746511,0.187881774,0.313460488,3186.0,0.0
0.8564599696288255,0.4632635275,0.1627983745,0.330274037,3186.0,0.0
0.846288527003968,0.2837522665,0.11250512,0.32606600750000003,3186.0,0.0
0.8366355498030211,0.152531809,0.093194699,0.308952406,3186.0,0.0
0.8298117449902734,0.072656353,0.099531202,0.311443517,3186.0,0.0
0.7709103834113691,0.0056501855,0.1037506865,0.300288868,3186.0,0.0
0.66168598920694,0.0,0.0788128095,0.270914075,3186.0,0.0
0.639044243828461,0.0,0.084357791,0.23307745566666668,3186.0,0.0
0.6598427571615335,0.0405966665,0.07848400450000001,0.2111774455,3186.0,0.0
0.7441888040457205,0.13597299,0.062807271,0.191590229,3186.0,0.0
0.8137672598764318,0.253419744,0.050106903,0.179854943,3186.0,0.0
0.8446259745335465,0.35501566,0.044689473,0.189213583,3186.0,0.0
0.8519404890870795,0.441809415,0.045233768,0.191359781,3186.0,0.0
0.8536630987773289,0.528846925,0.052746884,0.216114207,3186.0,0.0
0.8595292746659293,0.5684948249999999,0.0654815175,0.21173977649999998,3186.0,0.0
0.8597139919821997,0.5374417635,0.0847346165,0.3164949375,3186.0,0.0
0.8518668923080396,0.367853427,0.12112145899999999,0.4113704935,3186.0,0.0
0.8462938942598319,0.203218333,0.1312221465,0.40677759550000003,3186.0,0.0
0.8365959949731958,0.10702776,0.143657806,0.393326055,3186.0,0.0
0.8291281946306288,0.065794049,0.15932598,0.392518538,3186.0,0.0
0.7671368077778686,0.005184474,0.191615321,0.3910993915,3186.0,0.0
0.6671335533796461,0.0,0.205608744,0.449054001,3186.0,0.0
0.6419693773489608,0.0,0.19012572249999998,0.381725407,3186.0,0.0
0.6353456428333715,0.0,0.18710647149999998,0.296217132,3186.0,0.0
0.6567038448730764,0.0232415155,0.178339236,0.28680264099999997,3186.0,0.0
0.7441057294571578,0.091755013,0.151924915,0.258994171,3186.0,0.0
0.8110333473258642,0.178312456,0.144455371,0.214555196,3186.0,0.0
0.8433788910395551,0.248868039,0.150184902,0.190725442,3186.0,0.0
0.8526706541249077,0.372965757,0.1701336885,0.16844537399999998,3186.0,0.0
0.8599302368593233,0.401238572,0.1526922755,0.17073549300000002,3186.0,0.0
0.8646425586102992,0.347725178,0.188477766,0.22498261,3186.0,0.0
0.8581010038782416,0.2870176705,0.19467198000000002,0.2713582955,3186.0,0.0
0.851097946022655,0.211420913,0.187554149,0.297669062,3186.0,0.0
0.8435798075345655,0.128085768,0.1638650285,0.29521900199999995,3186.0,0.0
0.8315979903333136,0.069691615,0.152238391,0.310399431,3186.0,0.0
0.7751682136735754,0.0053276855,0.15588234750000002,0.33357431800000004,3186.0,0.0
0.6594256926101769,0.0,0.15607290000000001,0.3296100635,3186.0,0.0
0.6259668644357386,0.0,0.15465680999999998,0.33576199549999997,3186.0,0.0
0.6216941650997414,0.005154757,0.1672285095,0.332518317,3186.0,0.0
0.633959682922234,0.07141084149999999,0.160559499,0.32932987,3186.0,0.0
0.6684788950067275,0.17372093,0.15445018,0.311059666,3186.0,0.0
0.694894046844733,0.241629447,0.152260588,0.297550887,3186.0,0.0
0.7217740867944656,0.379877717,0.146778731,0.296630911,3186.0,0.0
0.7273924418347004,0.473242652,0.142615476,0.30337041,3186.0,0.0
0.7326782092390933,0.59659593,0.13149695,0.2880927555,3186.0,0.0
0.7324418000575275,0.5712323335,0.149620371,0.306527579,3186.0,0.0
0.7335700988232319,0.45986269,0.167297263,0.3094363025,3186.0,0.0
0.731968256719306,0.30863965449999997,0.14921601699999998,0.3227467625,3186.0,0.0
0.7279462068939824,0.131563718,0.12859378900000001,0.3184561375,3186.0,0.0
0.7137531013333307,0.004346654,0.145276803,0.3525120005,3186.0,0.0
0.644197614264175,0.0,0.1255313875,0.4094902745,3186.0,0.0
0.6165579608042044,0.0,0.116978675,0.445768041,3186.0,0.0
0.6129825692338133,0.0072399065,0.110286159,0.444565765,3186.0,0.0
0.6283178756069265,0.066081815,0.09245258249999999,0.40942029199999996,3186.0,0.0
0.6649966353815552,0.156593777,0.095611206,0.358783166,3186.0,0.0
0.6912065677100778,0.23337268,0.110784511,0.338123342,3186.0,0.0
0.7196373624379298,0.313796118,0.130220962,0.34687934,3186.0,0.0
0.7248589620688362,0.39566480800000003,0.136926949,0.3623046655,3186.0,0.0
0.7271067587490039,0.4309845755,0.166226279,0.43873087850000003,3186.0,0.0
0.726775742482894,0.38108969049999997,0.2260410075,0.51512134,3186.0,0.0
0.728461118483705,0.28729048,0.2732153075,0.582481485,3186.0,0.0
0.7275176822654373,0.174555174,0.276587046,0.615408491,3186.0,0.0
0.7240214481747151,0.099386367,0.27303519,0.605865403,3186.0,0.0
0.7189749430161806,0.053778224,0.288815499,0.604334508,3186.0,0.0
0.7112697658746434,0.002381823,0.324914037,0.5862360725,3186.0,0.0
0.6568786010630976,0.0,0.3736781635,0.569279569,3186.0,0.0
0.635392982683435,0.0,0.3939651715,0.594630627,3186.0,0.0
0.6376361372796189,0.003032876,0.419419808,0.6215904165,3186.0,0.0
0.706493518598915,0.0757083945,0.40241069500000004,0.620708765,3186.0,0.0
0.8051140768514362,0.215397744,0.416655925,0.618076762,3186.0,0.0
0.8302123204909282,0.275537704,0.412911762,0.600408988,3186.0,0.0
0.8337273163623504,0.3702518345,0.39215088200000003,0.5954029775,3186.0,0.0
0.8354719275903317,0.4213997205,0.3026734805,0.5559252665000001,3186.0,0.0
0.8379605818944942,0.3801839145,0.29950668150000004,0.532847616,3186.0,0.0
0.8337006725438444,0.32826220500000003,0.2751518515,0.5015112055000001,3186.0,0.0
0.8302372719137302,0.216606768,0.221298486,0.426439633,3186.0,0.0
0.8271059754059411,0.169924785,0.17201905,0.365848324,3186.0,0.0
0.8227423920591584,0.122434256,0.132897815,0.321745059,3186.0,0.0
0.8169977815443447,0.075973803,0.115592851,0.291744541,3186.0,0.0
0.7638441496048944,0.0033945275,0.12789359449999999,0.2569905245,3186.0,0.0
0.6665727284720061,0.0,0.114967651,0.23661857,3186.0,0.0
0.6410675750489618,0.0,0.11034077049999999,0.1847095045,3186.0,0.0
0.6341584715248321,0.0,0.09054593450000001,0.1438451535,3186.0,0.0
0.6557047516638113,0.039227472,0.063783051,0.1038916815,3186.0,0.0
0.7419154758052467,0.139643478,0.042243305,0.072367513,3186.0,0.0
0.8085190644438279,0.255522065,0.037004241,0.058203427,3186.0,0.0
0.834397375769962,0.338601799,0.038868764,0.052515093,3186.0,0.0
0.8404276697640527,0.44305387,0.042885613,0.054632076,3186.0,0.0
0.8506657463371599,0.5547100725,0.0558204005,0.073581584,3186.0,0.0
0.8578718479897988,0.5429221925000001,0.077041324,0.1202891365,3186.0,0.0
0.8569524685860923,0.515619408,0.08325896099999999,0.1809654665,3186.0,0.0
0.8522729802957244,0.424488401,0.086616482,0.22940424,3186.0,0.0
0.8494542523505014,0.360340235,0.074592786,0.246440248,3186.0,0.0
0.8453517879497233,0.258145649,0.066273469,0.267486359,3186.0,0.0
0.8370289684377502,0.168570284,0.077138191,0.297466785,3186.0,0.0
0.8284425161817816,0.108893823,0.111386764,0.371507811,3186.0,0.0
0.7764571003254058,0.0034990655,0.15216276350000002,0.46452669199999996,3186.0,0.0
0.6841567501419319,0.0,0.178942583,0.540739305,3186.0,0.0
0.6598878728887776,0.0,0.1789236425,0.531550528,3186.0,0.0
0.6509492728384332,0.0,0.16814745749999999,0.499509993,3186.0,0.0
0.6688847409424687,0.0369535255,0.16838256699999998,0.5081803585,3186.0,0.0
0.7513991610896039,0.149400151,0.149365744,0.539298535,3186.0,0.0
0.8226690857424508,0.254275901,0.107841921,0.572942076,3186.0,0.0
0.8549878408000499,0.477858172,0.120221683,0.622423226,3186.0,0.0
0.8631241051720921,0.6135676,0.157291692,0.680747864,3186.0,0.0
0.8747257044251061,0.688792971,0.218953528,0.74586243,3186.0,0.0
0.8758857484016229,0.743009457,0.326282906,0.771879641,3186.0,0.0
0.874751139361425,0.7458062805,0.3953177235,0.7947396824999999,3186.0,0.0
0.8700839333376935,0.502603856,0.3859070525,0.7917563135,3186.0,0.0
0.8645610313830644,0.309761894,0.36254234,0.799531516,3186.0,0.0
0.8531128151334424,0.219865785,0.357280967,0.799633339,3186.0,0.0
0.8425859607519826,0.121421894,0.364932763,0.76768058,3186.0,0.0
0.8381884322767628,0.059211253,0.392015619,0.756132503,3186.0,0.0
0.8314720729442951,0.021956947,0.403423728,0.781556547,3186.0,0.0
0.7826837653545103,0.000784667,0.3917349995,0.782314897,3186.0,0.0
0.6899816309849848,0.0,0.392777252,0.80263755,3186.0,0.0
0.6626892409866723,0.0,0.3667934885,0.7892855860000001,3186.0,0.0
0.6510649144336756,0.0,0.33451694499999995,0.736863485,3186.0,0.0
0.6638270413735132,0.0083248085,0.3180247885,0.64391909,3186.0,0.0
0.744135613229486,0.049069698,0.315557383,0.589851901,3186.0,0.0
0.8103139169965542,0.090731737,0.324029627,0.557685412,3186.0,0.0
0.834809459954984,0.166043631,0.312759875,0.521923961,3186.0,0.0
0.842783927361923,0.258205967,0.283779801,0.480423631,3186.0,0.0
0.8493695339734136,0.38633339899999997,0.25827634499999996,0.44841950799999997,3186.0,0.0
0.8522237544084019,0.4974941145,0.286710745,0.449291829,3186.0,0.0
0.8502407997479975,0.5081421275,0.303044624,0.4666155705,3186.0,0.0
0.8472992497267822,0.433097041,0.27723614,0.453256448,3186.0,0.0
0.8438830435187752,0.39712412,0.236775716,0.424868061,3186.0,0.0
0.8397495350706606,0.265082701,0.184478657,0.400138026,3186.0,0.0
0.8359041274726171,0.144264989,0.167346277,0.399913512,3186.0,0.0
0.8231351341291862,0.05428309,0.163492616,0.413511329,3186.0,0.0
0.7675097480309991,0.0013814155,0.1665110985,0.447203156,3186.0,0.0
0.6812024341437733,0.0,0.157833683,0.524431049,3186.0,0.0
0.6571521953269228,0.0,0.161117546,0.5352202295,3186.0,0.0
0.6469405693243471,0.0,0.181330197,0.5707124025,3186.0,0.0
0.6683829578172342,0.0287493715,0.210170162,0.639314387,3186.0,0.0
0.7469702981047153,0.075326635,0.243343638,0.682200301,3186.0,0.0
0.8110468384746876,0.129567593,0.275479714,0.711813692,3186.0,0.0
0.8348805421488723,0.189595226,0.301760262,0.736217839,3186.0,0.0
0.8382066137231684,0.246124244,0.340512895,0.75063418,3186.0,0.0
0.8395480384381462,0.29327450749999995,0.3744490775,0.7340746920000001,3186.0,0.0
0.8422675894368442,0.239642089,0.48573308400000004,0.7218076470000001,3186.0,0.0
0.8417792008364459,0.21341502299999998,0.5704872185000001,0.779826354,3186.0,0.0
0.8354161737785567,0.16223864100000002,0.6231056915,0.8757285385,3186.0,0.0
0.8285309096158193,0.102504168,0.654574818,0.901000515,3186.0,0.0
0.8226216974819984,0.06056979,0.654009248,0.902290086,3186.0,0.0
0.8157014721630308,0.020579957,0.654191598,0.891441465,3186.0,0.0
0.7616954814608632,0.0,0.636222244,0.870223705,3186.0,0.0
0.6402034173363347,0.0,0.6002621865,0.8289883524999999,3186.0,0.0
0.6128315071740182,0.0,0.5860848830000001,0.815551237,3186.0,0.0
0.6098827036628901,0.000621016,0.562227536,0.7876611305000001,3186.0,0.0
0.6251816951600001,0.038816307,0.531098121,0.7255891839999999,3186.0,0.0
0.6625285804849631,0.123458071,0.513117174,0.69720919,3186.0,0.0
0.6886927201279599,0.220882992,0.513978916,0.695103403,3186.0,0.0
0.7150468961294926,0.320562721,0.531268367,0.671244741,3186.0,0.0
0.7181829313452529,0.350709555,0.517327204,0.646672467,3186.0,0.0
0.7201168053495013,0.3685089915,0.444083914,0.537077182,3186.0,0.0
0.7186549275189367,0.342061301,0.4392623135,0.5736458935,3186.0,0.0
0.7191867634592796,0.2689692085,0.4310305315,0.619063115,3186.0,0.0
0.7200539432789792,0.20331828,0.406464307,0.627198904,3186.0,0.0
0.7179839008875015,0.118367897,0.384356411,0.615082528,3186.0,0.0
0.7133701031331734,0.054333294000000004,0.34938138350000003,0.5923204465,3186.0,0.0
0.7040293802208462,0.0,0.349770539,0.5646267865,3186.0,0.0
0.6379495762452313,0.0,0.36583779400000005,0.53031295,3186.0,0.0
0.6122338112612752,0.0,0.364322423,0.5668915535,3186.0,0.0
0.6098742898979688,0.0006216645,0.35987384749999995,0.6325786085,3186.0,0.0
0.6239764150206379,0.0404843835,0.35271432999999996,0.6400958895,3186.0,0.0
0.6588579772905394,0.109049893,0.368515758,0.648636839,3186.0,0.0
0.6842263819920599,0.179724314,0.364458553,0.624216214,3186.0,0.0
0.7148257673132318,0.22685021500000002,0.37386631950000004,0.6189972029999999,3186.0,0.0
0.7180837303903236,0.269437086,0.37523294900000004,0.620744774,3186.0,0.0
0.7179860283863335,0.2623514595,0.395053762,0.6381452445,3186.0,0.0
0.7184825892900799,0.2016879945,0.385780154,0.5963216225,3186.0,0.0
0.7177828395549052,0.1259503535,0.34315311849999997,0.537284397,3186.0,0.0
0.714017121360436,0.04745622049999999,0.336245086,0.4806990075,3186.0,0.0
0.7054559588096201,0.0,0.357617969,0.4686573855,3186.0,0.0
0.6522360075894469,0.0,0.371386355,0.4795242455,3186.0,0.0
0.631884756526022,0.0,0.36163270133333336,0.4457464713333333,3186.0,0.0
0.6525780972400059,0.006508561,0.373621132,0.4341300065,3186.0,0.0
0.7370843449239993,0.07259437,0.335204212,0.416873585,3186.0,0.0
0.8133863167563138,0.191328482,0.36601628249999996,0.3891254085,3186.0,0.0
0.8300013462456812,0.35359709500000003,0.338177498,0.3290405265,3186.0,0.0
0.8328434298419898,0.350018945,0.27225678,0.224802256,3186.0,0.0
0.8333626690449596,0.303958312,0.26054332950000003,0.2152960345,3186.0,0.0
0.8337972380844403,0.2130629175,0.2543723075,0.2022448805,3186.0,0.0
0.8292272261491975,0.155239224,0.2263971755,0.20001095600000002,3186.0,0.0
0.8237391885300211,0.082845197,0.1657301355,0.2166845985,3186.0,0.0
0.810880737707951,0.038542538,0.134187662,0.243951648,3186.0,0.0
0.7588136015731562,0.0,0.11661661200000001,0.27041488150000004,3186.0,0.0
0.6623986981670327,0.0,0.116233322,0.329407076,3186.0,0.0
0.6381228816979119,0.0,0.1061525375,0.342545989,3186.0,0.0
0.6321962130927752,0.0,0.0884012055,0.3221089975,3186.0,0.0
0.6537101674898576,0.0198009075,0.07422823,0.30074123350000004,3186.0,0.0
0.7716838509515557,0.12496459900000001,0.053760757,0.28551574700000004,3186.0,0.0
0.8272377917779388,0.234809132,0.045641404,0.258671305,3186.0,0.0
0.8318692634567517,0.3017193025,0.045341059,0.233252603,3186.0,0.0
0.8328434298419898,0.382225156,0.047973461,0.27889961,3186.0,0.0
0.8329576449050857,0.3710862775,0.039866102,0.287957348,3186.0,0.0
0.8338215609593496,0.336696396,0.034590445,0.27316677,3186.0,0.0
0.8302484419221665,0.252527029,0.035981823499999996,0.2869627405,3186.0,0.0
0.8256278501830381,0.176471235,0.043377014500000005,0.28828797500000003,3186.0,0.0
0.8151205797717263,0.069950305,0.0629830195,0.247110879,3186.0,0.0
0.7591203433747455,0.0,0.0758492435,0.232316182,3186.0,0.0
0.6546814806140128,0.0,0.0771426245,0.260883627,3186.0,0.0
0.6342755721882001,0.0,0.07700648966666666,0.25950301833333334,3186.0,0.0
0.6544270352172075,0.0227089835,0.07234155549999999,0.2611799425,3186.0,0.0
0.7398221743866708,0.120110564,0.060609899,0.257766724,3186.0,0.0
0.8041471643496917,0.206032842,0.061444801,0.248936235,3186.0,0.0
0.8272173862087138,0.270289247,0.075367053,0.221944974,3186.0,0.0
0.8323755438283842,0.350516,0.096134115,0.18807229,3186.0,0.0
0.8327972018565457,0.477937965,0.113704029,0.169202698,3186.0,0.0
0.833414795816593,0.543541963,0.134934963,0.166687537,3186.0,0.0
0.8335534791825546,0.4655483,0.145865271,0.178852645,3186.0,0.0
0.8347513367892234,0.37495346350000003,0.154085229,0.163446969,3186.0,0.0
0.8288960890539059,0.225817888,0.17127680099999998,0.14895753150000002,3186.0,0.0
0.823487644411107,0.100170977,0.17671134500000002,0.1627006755,3186.0,0.0
0.8140828267344566,0.026368465,0.21490641,0.205486107,3186.0,0.0
0.7604987357188138,0.0,0.25064698900000004,0.2574379735,3186.0,0.0
0.6552310146840348,0.0,0.279723222,0.285183028,3186.0,0.0
0.6352812013247192,0.0,0.265207429,0.2872718533333333,3186.0,0.0
0.6574522883748781,0.0044802915,0.295243748,0.3552597325,3186.0,0.0
0.7430041471255426,0.04410314,0.331175957,0.42104529,3186.0,0.0
0.807957949467436,0.079183591,0.346234367,0.462939952,3186.0,0.0
0.8325828914270696,0.103298801,0.403370665,0.508787957,3186.0,0.0
0.8349749317802474,0.158576182,0.451009488,0.558649934,3186.0,0.0
0.8364867122596259,0.205749523,0.494562602,0.62570402,3186.0,0.0
0.8414450656424857,0.211078869,0.5123952515000001,0.674654124,3186.0,0.0
0.8443446436598718,0.214317211,0.508864333,0.74410469,3186.0,0.0
0.8447085171982036,0.1608205905,0.504213036,0.7755615145,3186.0,0.0
0.8390365842554146,0.113805512,0.498295188,0.783725784,3186.0,0.0
0.8325808601586445,0.075624685,0.52143206,0.802232173,3186.0,0.0
0.8279321742572496,0.034787381,0.541712642,0.814964096,3186.0,0.0
0.819271641511934,0.004989575,0.565860246,0.827620035,3186.0,0.0
0.7679159810530601,0.0,0.5843843790000001,0.833615749,3186.0,0.0
0.6667852258733866,0.0,0.6492878555,0.8494862585,3186.0,0.0
0.6408207936464227,0.0,0.629417721,0.8324373300000001,3186.0,0.0
0.640696254575952,0.0,0.598096807,0.7985810525,3186.0,0.0
0.7082086331408879,0.024452273,0.5640334365,0.7500408890000001,3186.0,0.0
0.8084417928046279,0.084184314,0.541788413,0.745251268,3186.0,0.0
0.8323089098801345,0.167414006,0.529527403,0.743329758,3186.0,0.0
0.8360972101434202,0.253338362,0.503095648,0.7361522924999999,3186.0,0.0
0.8401200335510127,0.380092987,0.444793716,0.715622659,3186.0,0.0
0.843695086642263,0.4335483025,0.448583602,0.7225583785,3186.0,0.0
0.8381865464362939,0.44635370350000003,0.4351693525,0.738004433,3186.0,0.0
0.8282054784523227,0.305774161,0.3621575575,0.724156682,3186.0,0.0
0.82478434028837,0.157817532,0.287623392,0.673459821,3186.0,0.0
0.8157279225367722,0.057074474,0.247843072,0.6282788905000001,3186.0,0.0
0.7581279959366822,0.0,0.2372990845,0.576073896,3186.0,0.0
0.6484190330263909,0.0,0.20554283,0.523176709,3186.0,0.0
0.6211353228533476,0.0,0.1941134175,0.4882331835,3186.0,0.0
0.6093539624452032,0.0,0.1830468805,0.4421278985,3186.0,0.0
0.6136956890918397,0.0268545085,0.20132056799999998,0.395648282,3186.0,0.0
0.6449648681538556,0.21762966499999997,0.22046049099999998,0.372924342,3186.0,0.0
0.6870095200363697,0.394420496,0.274551391,0.397367122,3186.0,0.0
0.7147195789287372,0.487128608,0.346807441,0.441951981,3186.0,0.0
0.7176874828964964,0.532923037,0.430850614,0.526010544,3186.0,0.0
0.7198593132468484,0.498696999,0.561216478,0.6481227125,3186.0,0.0
0.7210372728062131,0.2986216485,0.632596027,0.7859418125,3186.0,0.0
0.7220712301541409,0.126055629,0.5972929174999999,0.85673021,3186.0,0.0
0.7228420622799941,0.05691406,0.5845226545,0.8743699075,3186.0,0.0
0.7197965479971039,0.0188486825,0.566456639,0.8827993445,3186.0,0.0
0.7119052514091345,0.0,0.5554059499999999,0.8963286005,3186.0,0.0
0.6530278260124001,0.0,0.58377682,0.89528336,3186.0,0.0
0.6251223147016636,0.0,0.517099628,0.9016567025,3186.0,0.0
0.6129516702208531,0.0,0.49245422250000004,0.8816770890000001,3186.0,0.0
0.6172077352749823,0.0059460935,0.5155438475,0.8607703625,3186.0,0.0
0.6479759047940324,0.11889665999999999,0.4959894835,0.8401954325000001,3186.0,0.0
0.6876074820094608,0.271819245,0.553919217,0.817611179,3186.0,0.0
0.7163887559475985,0.39076814000000004,0.583433573,0.7638161975,3186.0,0.0
0.7205799524583455,0.4764486795,0.555164385,0.6764121985,3186.0,0.0
0.7217710886957971,0.45480405150000003,0.570458844,0.6327970835,3186.0,0.0
0.7217677765199721,0.30300639799999995,0.5485844895,0.611993712,3186.0,0.0
0.7223337510335169,0.211326283,0.494389387,0.600797167,3186.0,0.0
0.7212355054765013,0.14696759,0.452307135,0.589679938,3186.0,0.0
0.720235227196663,0.077371334,0.437770282,0.58136078,3186.0,0.0
0.7174473504443819,0.018141501,0.418960243,0.565643341,3186.0,0.0
0.7094245033479725,0.0,0.404144695,0.5412192714999999,3186.0,0.0
0.666206292134924,0.0,0.399579321,0.557146805,3186.0,0.0
0.6416432208167939,0.0,0.3606404425,0.557361036,3186.0,0.0
0.6355047317685584,0.0,0.3383620355,0.5724708235,3186.0,0.0
0.6560690364936571,0.009097981,0.30850058950000003,0.567460387,3186.0,0.0
0.7410613760396463,0.077108525,0.262072201,0.545532483,3186.0,0.0
0.8045794608559644,0.145109542,0.289711964,0.524908995,3186.0,0.0
0.8272377917779388,0.168170434,0.299289032,0.499388046,3186.0,0.0
0.8312871621832599,0.224123466,0.295689208,0.487695478,3186.0,0.0
0.8314015226743124,0.30370701899999997,0.25117340200000005,0.4652581895,3186.0,0.0
0.8332046437607938,0.407856108,0.24918907299999998,0.4912463405,3186.0,0.0
0.8328086621305242,0.4254880635,0.287629574,0.516365965,3186.0,0.0
0.8275667531607998,0.32317870449999997,0.294628062,0.5331388255,3186.0,0.0
0.8196543254381448,0.159873867,0.2612269775,0.522670909,3186.0,0.0
0.805657880981259,0.016361144,0.283132483,0.550838145,3186.0,0.0
0.7522266412418925,0.0,0.3185102635,0.5598251535000001,3186.0,0.0
0.6525742531402756,0.0,0.3532918345,0.6365854099999999,3186.0,0.0
0.6322092207280817,0.0,0.331313303,0.655093854,3186.0,0.0
0.6345091925902714,0.0,0.3331840585,0.6172434095,3186.0,0.0
0.7025626912635177,0.06992050500000001,0.313568156,0.5714973165,3186.0,0.0
0.8008708019794447,0.215009569,0.325058842,0.522845719,3186.0,0.0
0.8248069703739949,0.326186727,0.360616697,0.476265766,3186.0,0.0
0.8299344708358585,0.40806307,0.388684464,0.412017875,3186.0,0.0
0.8307347512373314,0.464886559,0.405498614,0.367789271,3186.0,0.0
0.8333681815319898,0.5319327855,0.34371687500000003,0.3302565595,3186.0,0.0
0.8336290100156619,0.484435599,0.39224964,0.34433436399999995,3186.0,0.0
0.8305899754436257,0.3943182185,0.3634832315,0.33759569450000004,3186.0,0.0
0.8268548179797661,0.294918517,0.284180356,0.290009639,3186.0,0.0
0.8241033041202968,0.186302654,0.21586232,0.26316089,3186.0,0.0
0.8165664520651057,0.1108815,0.18672573,0.241866864,3186.0,0.0
0.801987132555669,0.012132481,0.178472517,0.241857822,3186.0,0.0
0.7482771003393937,0.0,0.17337256099999998,0.259924424,3186.0,0.0
0.6530731347908287,0.0,0.157837502,0.274696454,3186.0,0.0
0.6321613973645013,0.0,0.1624682225,0.244277826,3186.0,0.0
0.6344452428603243,0.0,0.187188308,0.262515789,3186.0,0.0
0.7030779895459796,0.049851268500000004,0.2067674465,0.314524953,3186.0,0.0
0.8027810298702752,0.137466637,0.206937357,0.355925837,3186.0,0.0
0.8279703747769315,0.173048071,0.225352236,0.407564022,3186.0,0.0
0.8342225229559534,0.237934058,0.274544523,0.484492635,3186.0,0.0
0.8329271809952535,0.297190769,0.331560293,0.571525221,3186.0,0.0
0.8354719275903317,0.358624447,0.43565287649999995,0.6801037155,3186.0,0.0
0.8377934658871253,0.273964249,0.5066997480000001,0.751594381,3186.0,0.0
0.8342984408753804,0.1666707045,0.5130371055,0.787794589,3186.0,0.0
0.8302372719137302,0.090852769,0.481152036,0.820560962,3186.0,0.0
0.8247296021108075,0.041606863,0.431525048,0.824454409,3186.0,0.0
0.8158747778125016,0.001850501,0.3944807,0.82960089,3186.0,0.0
0.7648131899990513,0.0,0.3673312475,0.803853756,3186.0,0.0
0.6697934822616441,0.0,0.360209396,0.760132676,3186.0,0.0
0.645268031522482,0.0,0.34299459,0.6785384235,3186.0,0.0
0.6377504007531039,0.0,0.3204890365,0.5986762645,3186.0,0.0
0.657990483000103,0.0025608795,0.2820183715,0.581249296,3186.0,0.0
0.7418365113767623,0.051750936,0.238821142,0.520760127,3186.0,0.0
0.8082354122329761,0.132590252,0.204657679,0.460070802,3186.0,0.0
0.8324175160290034,0.236272142,0.225467563,0.433307733,3186.0,0.0
0.8373463729226451,0.4204023435,0.23749898,0.3973199595,3186.0,0.0
0.8418414825726734,0.54219372,0.2268503215,0.433402481,3186.0,0.0
0.8448258755911345,0.49478568749999996,0.23491670050000002,0.4974980255,3186.0,0.0
0.8414041086824987,0.3486215975,0.2191676235,0.4982542765,3186.0,0.0
0.8345348982705448,0.260569513,0.180131125,0.512314999,3186.0,0.0
0.8285583756237732,0.15563772,0.168240036,0.513826079,3186.0,0.0
0.8191648729899353,0.044329862500000004,0.18619077150000002,0.5018032215,3186.0,0.0
0.7637892419909713,0.0,0.193804798,0.5134461455,3186.0,0.0
0.6570728200005047,0.0,0.16293381950000002,0.4866583415,3186.0,0.0
0.6368394109091243,0.0,0.1487820945,0.440925102,3186.0,0.0
0.6389597914461247,0.0,0.16105453,0.429004373,3186.0,0.0
0.7066587487658149,0.0288657225,0.1909812475,0.5029500985,3186.0,0.0
0.8050746676463575,0.106071206,0.194098183,0.506336798,3186.0,0.0
0.8289536318853722,0.17511427,0.203805306,0.486180652,3186.0,0.0
0.8331028075883211,0.194198794,0.244022344,0.521027764,3186.0,0.0
0.8327022320876665,0.226266963,0.27162195,0.59740106,3186.0,0.0
0.8329038253441683,0.27541848550000003,0.2810643105,0.600621148,3186.0,0.0
0.8328760210538637,0.2301072065,0.288656942,0.6834457955,3186.0,0.0
0.828716980848653,0.14193462550000002,0.285796657,0.7235375285,3186.0,0.0
0.8224139145833947,0.0866387285,0.2720134095,0.750096977,3186.0,0.0
0.8093590931198911,0.0159384065,0.23790549449999998,0.734946654,3186.0,0.0
0.751404044831951,0.0,0.215545826,0.719864383,3186.0,0.0
0.6486555386351538,0.0,0.213285368,0.634408396,3186.0,0.0
0.6209678441616437,0.0,0.2008716435,0.5823984209999999,3186.0,0.0
0.608859456818286,0.0,0.2126828395,0.564342103,3186.0,0.0
0.6129105196193111,0.0011770085,0.2214710055,0.6423485840000001,3186.0,0.0
0.6442862737585608,0.0532636485,0.221509318,0.6983491070000001,3186.0,0.0
0.6842881800179804,0.127849875,0.221344287,0.700481266,3186.0,0.0
0.712885728068866,0.2229933895,0.22542307550000001,0.6646256325,3186.0,0.0
0.7178457498390256,0.2811049405,0.20885065800000002,0.6224067455,3186.0,0.0
0.7177834923079924,0.302701618,0.2697445805,0.679721727,3186.0,0.0
0.7183665848137122,0.2800717285,0.2614582695,0.627923889,3186.0,0.0
0.7169624432593787,0.199127737,0.21796478,0.562374199,3186.0,0.0
0.716029088996542,0.115187755,0.179124293,0.509223252,3186.0,0.0
0.7156120486503799,0.026283903,0.1690587865,0.47221638050000003,3186.0,0.0
0.7056281520041007,0.0,0.1521120575,0.428223453,3186.0,0.0
0.6381688192210235,0.0,0.137829441,0.43509897249999996,3186.0,0.0
0.6111516920706263,0.0,0.10739497249999999,0.2986549985,3186.0,0.0
0.6087427755804269,0.0,0.099232332,0.2374988105,3186.0,0.0
0.6227519616122714,0.056495285,0.0822255175,0.2362328855,3186.0,0.0
0.6599870252365281,0.199919354,0.069433343,0.250814028,3186.0,0.0
0.68475113368206,0.297205567,0.072228095,0.255310231,3186.0,0.0
0.7103660051185925,0.399424094,0.08406086,0.264896957,3186.0,0.0
0.7139293080639023,0.493950341,0.095947762,0.292136647,3186.0,0.0
0.7179578614116939,0.5713094665,0.0983681975,0.2657626095,3186.0,0.0
0.7174195217520929,0.5695365415,0.11963847650000001,0.363873544,3186.0,0.0
0.7177955085142809,0.456125422,0.124440823,0.411460434,3186.0,0.0
0.7197475641617251,0.304410163,0.106278171,0.413116276,3186.0,0.0
0.7198360060061517,0.202805152,0.089804232,0.398584531,3186.0,0.0
0.7138169544392903,0.054536481,0.095753107,0.3535043575,3186.0,0.0
0.7050608231804124,0.0,0.104190753,0.34594025100000003,3186.0,0.0
0.6631780404850044,0.0,0.107426525,0.323263897,3186.0,0.0
0.6375837442508476,0.0,0.1025614995,0.296705362,3186.0,0.0
0.63121220680405,0.0,0.09637822700000001,0.2772351905,3186.0,0.0
0.6526074488916382,0.0025437915,0.091795561,0.29191272,3186.0,0.0
0.7687256422464881,0.1080463395,0.08184276,0.304048431,3186.0,0.0
0.8231169522892,0.284673886,0.077569625,0.314946089,3186.0,0.0
0.8247751527443896,0.4846346455,0.10972322649999999,0.3888881225,3186.0,0.0
0.824806196791726,0.601750021,0.17076079049999998,0.4654452025,3186.0,0.0
0.8240402488018002,0.457896606,0.2079699745,0.5492536445,3186.0,0.0
0.8215941468357612,0.316069457,0.233122749,0.628113692,3186.0,0.0
0.8180009607084939,0.19882419150000002,0.22384379599999998,0.6836672065,3186.0,0.0
0.8146209243421141,0.12955388,0.210561649,0.700399897,3186.0,0.0
0.8067582542338969,0.040454192,0.21347699250000002,0.6823020344999999,3186.0,0.0
0.7522951848422248,0.0,0.202762006,0.627997837,3186.0,0.0
0.6623192020114328,0.0,0.182044965,0.57589282,3186.0,0.0
0.6381273787475197,0.0,0.1539857785,0.509264748,3186.0,0.0
0.6321004455364327,0.0,0.1209021525,0.45861538150000003,3186.0,0.0
0.6537323142587558,0.001730852,0.10757082400000001,0.430834655,3186.0,0.0
0.7375735075002469,0.035544578,0.096562826,0.421076743,3186.0,0.0
0.8014324970933409,0.094476816,0.090883613,0.416501682,3186.0,0.0
0.8256067674587412,0.198928668,0.077794007,0.38974926,3186.0,0.0
0.8297077811221786,0.316704058,0.071003652,0.353316319,3186.0,0.0
0.8288379660849355,0.387266571,0.072447445,0.309625168,3186.0,0.0
0.83122314003452,0.3540062695,0.061035744,0.23094871449999999,3186.0,0.0
0.8313610010142436,0.28978659799999995,0.0694533245,0.259563156,3186.0,0.0
0.8281231292324305,0.24643737300000002,0.06674094850000001,0.23527637699999998,3186.0,0.0
0.8244916939783026,0.182895906,0.067091209,0.192110159,3186.0,0.0
0.8202783024850588,0.122290219,0.078805636,0.159947688,3186.0,0.0
0.8156767143817837,0.068519277,0.107663107,0.145971815,3186.0,0.0
0.8046756877206293,0.00127799,0.126877066,0.137339603,3186.0,0.0
0.751707716312869,0.0,0.13317572300000002,0.13498059950000002,3186.0,0.0
0.6525742531402756,0.0,0.1256932285,0.1231394345,3186.0,0.0
0.6324777860183936,0.0,0.116346696,0.1121772755,3186.0,0.0
0.6348021533710755,0.0,0.11577309799999999,0.099404574,3186.0,0.0
0.7032984173955548,0.017225848,0.1286165215,0.130160841,3186.0,0.0
0.8008303285329744,0.084429328,0.149849288,0.158603188,3186.0,0.0
0.8258791046267806,0.118674559,0.172155512,0.176319547,3186.0,0.0
0.8299344708358585,0.188119117,0.225757095,0.197928073,3186.0,0.0
0.8316826603000125,0.2831369475,0.27930804,0.2120417355,3186.0,0.0
0.833172874344787,0.267629829,0.338660817,0.240568501,3186.0,0.0
0.8326819713560272,0.179334133,0.381671861,0.266309289,3186.0,0.0
0.8285300394095632,0.140430166,0.377126488,0.282860473,3186.0,0.0
0.826710235434035,0.116002884,0.377272747,0.298081905,3186.0,0.0
0.8228886185902049,0.068370846,0.394388746,0.330948282,3186.0,0.0
0.8164991415521549,0.02922383,0.407459363,0.360548571,3186.0,0.0
0.8083491439793455,0.0,0.425462239,0.395723656,3186.0,0.0
0.7572105988006417,0.0,0.42918174750000004,0.424986984,3186.0,0.0
0.6526192234395634,0.0,0.41043901,0.44761378500000004,3186.0,0.0
0.6338655351460125,0.0,0.38807578,0.43588014,3186.0,0.0
0.632448216716802,0.0,0.3494286945,0.41879232099999997,3186.0,0.0
0.6538300160659557,0.0006696995,0.300913495,0.372715398,3186.0,0.0
0.770370835066371,0.022835595,0.283639693,0.320849226,3186.0,0.0
0.8270168081928442,0.06828768,0.283746123,0.277539204,3186.0,0.0
0.830334611036595,0.095724195,0.2577154235,0.260593406,3186.0,0.0
0.8317348358756149,0.137157741,0.22205731,0.20308586,3186.0,0.0
0.8317886552397422,0.170757288,0.2286232645,0.22027275,3186.0,0.0
0.8292058531593582,0.1680780775,0.2188536995,0.2490732465,3186.0,0.0
0.8232099880040119,0.1631287605,0.20010437,0.241096584,3186.0,0.0
0.8179115516402435,0.096036871,0.18849278,0.241491857,3186.0,0.0
0.8083491439793455,0.0,0.199714032,0.301725744,3186.0,0.0
0.7552305456149184,0.0,0.227253917,0.337793451,3186.0,0.0
0.6625016950080939,0.0,0.258008899,0.401482444,3186.0,0.0
0.6381310538044698,0.0,0.2635667335,0.4546760795,3186.0,0.0
0.6320768238249994,0.0,0.2646573255,0.484003018,3186.0,0.0
0.6537323142587558,0.001503261,0.2665718755,0.5353468004999999,3186.0,0.0
0.7692240647855089,0.11853015850000001,0.24613616300000002,0.5854763805000001,3186.0,0.0
0.8230495449554717,0.254175339,0.226921911,0.582971405,3186.0,0.0
0.8256206935139024,0.366384814,0.220387193,0.563223122,3186.0,0.0
0.8267954377182198,0.407576478,0.19295292149999999,0.522413702,3186.0,0.0
0.828444740501391,0.42357688849999997,0.15380084900000002,0.5080108205,3186.0,0.0
0.8278796602025065,0.3770899945,0.12948458000000002,0.488138553,3186.0,0.0
0.8216610706559726,0.2618935,0.1117779225,0.449641241,3186.0,0.0
0.813764455222528,0.1190256375,0.1318936615,0.4497766015,3186.0,0.0
0.8036177219685289,0.0,0.152035662,0.462074207,3186.0,0.0
0.7524119629008614,0.0,0.154498328,0.463113099,3186.0,0.0
0.6488874507671119,0.0,0.155056804,0.499356807,3186.0,0.0
0.6185462345068744,0.0,0.143662389,0.4469914625,3774.0,0.0
0.605687348581676,0.0,0.1377213715,0.403426036,4362.0,0.0
0.6133372070145663,0.001417875,0.1330345995,0.39559118449999997,4362.0,0.0
0.6472283074900829,0.1813829055,0.1264438715,0.3773943005,4362.0,0.0
0.6849165086865457,0.38297721,0.094805046,0.340243414,4362.0,0.0
0.7114017760849863,0.513273476,0.100971599,0.302944372,4362.0,0.0
0.7148730103425177,0.620665108,0.114307786,0.264884506,4362.0,0.0
0.7152942818747301,0.674941982,0.09383184,0.203738807,4362.0,0.0
0.7157901172130161,0.683846164,0.096417647,0.18021448699999998,4362.0,0.0
0.7139502701558077,0.5220310975,0.10247970349999999,0.178273176,4362.0,0.0
0.7148948910510682,0.2654616025,0.0849714415,0.1634516375,4362.0,0.0
0.7140614633086212,0.118557938,0.082435232,0.161890904,4362.0,0.0
0.7122006539627171,0.0201585535,0.10167246099999999,0.1611352625,4362.0,0.0
0.7022273713925646,0.0,0.1093443465,0.1364100275,4362.0,0.0
0.64946379769842,0.0,0.110736205,0.117303047,4362.0,0.0
0.6186261657656023,0.0,0.0999982315,0.093314896,4362.0,0.0
0.605422361527537,0.0,0.09514565550000001,0.095885488,4362.0,0.0
0.6131289163972513,0.0,0.0926757045,0.0948783875,4362.0,0.0
0.6485263332755049,0.067229652,0.07839392149999999,0.0851494245,4362.0,0.0
0.6847585802231574,0.173848003,0.041752712,0.071878817,4362.0,0.0
0.711779721106436,0.275032444,0.043824922,0.082602559,4362.0,0.0
0.7157452193325212,0.3963368265,0.064525782,0.0982015845,4362.0,0.0
0.7187838186046391,0.416366263,0.102709834,0.133423391,4362.0,0.0
0.7181557798080357,0.329410184,0.131438838,0.203655649,4362.0,0.0
0.7159817975568671,0.268810116,0.130563465,0.245379623,4362.0,0.0
0.7164636100192143,0.216785456,0.137118886,0.275384525,4362.0,0.0
0.7147401781395173,0.139372353,0.177177933,0.30274838,4362.0,0.0
0.7118757305179317,0.02327077,0.23515590349999999,0.32798164949999997,4362.0,0.0
0.7015278635125435,0.0,0.2341178985,0.319216123,4362.0,0.0
0.6668919217798022,0.0,0.224556115,0.321065658,4362.0,0.0
0.6395305774800139,0.0,0.2021545565,0.30380136599999996,4362.0,0.0
0.6318496023842042,0.0,0.185866325,0.312439158,4362.0,0.0
0.658527420332752,0.0,0.184703077,0.352175433,4362.0,0.0
0.7823644510207426,0.113777088,0.16826770600000002,0.3734759485,4362.0,0.0
0.8302246993815517,0.262050609,0.124498774,0.368815535,4362.0,0.0
0.8307212116781192,0.325024811,0.130482901,0.364555967,4362.0,0.0
0.8294969036977091,0.4233346885,0.150007096,0.358632382,4362.0,0.0
0.8307804953156783,0.5387160904999999,0.1927586725,0.3673382805,4362.0,0.0
0.8283146647386956,0.399124859,0.17724972,0.38374989800000003,4362.0,0.0
0.8234804875451811,0.24976361,0.148491153,0.388581356,4362.0,0.0
0.8200941651095022,0.13660656599999998,0.1356177805,0.3853930335,4362.0,0.0
0.8103773107941914,0.010957781,0.144362295,0.3970016885,4362.0,0.0
0.7566642080604546,0.0,0.12413647050000001,0.3812020575,4362.0,0.0
0.6670460785622531,0.0,0.106978501,0.362980783,4362.0,0.0
0.6395238077004077,0.0,0.1157640455,0.29281362050000004,4362.0,0.0
0.6317993852646537,0.0,0.1339408465,0.21318073199999998,4362.0,0.0
0.6580628951021502,0.0,0.138794649,0.18569222349999998,4362.0,0.0
0.7826924933933782,0.06337378099999999,0.11616794,0.15103486049999998,4362.0,0.0
0.8292144603690444,0.17666857,0.097768952,0.118025266,4362.0,0.0
0.8294291578848401,0.29918050350000003,0.086570832,0.1007790915,4362.0,0.0
0.8282577990623012,0.413673958,0.068449652,0.100356938,4362.0,0.0
0.8293374278729928,0.3832308605,0.061725251999999994,0.106532302,4362.0,0.0
0.8273729451213263,0.2786963295,0.058474436500000004,0.12529314600000002,4362.0,0.0
0.8219865018194692,0.1723753595,0.054001495999999996,0.1575527235,4362.0,0.0
0.8191348927904101,0.103191561,0.061849759,0.196269357,4362.0,0.0
0.8107645159752046,0.0141410145,0.0757427365,0.224500648,4362.0,0.0
0.7569888898468766,0.0,0.080421188,0.221101369,4362.0,0.0
0.6671749454427611,0.0,0.083622709,0.216875059,4362.0,0.0
0.639503305113615,0.0,0.0843050925,0.2236573175,4362.0,0.0
0.6317394972843962,0.0,0.0869339705,0.2474553325,4362.0,0.0
0.6580801821371054,0.0,0.0933953275,0.2744051045,4362.0,0.0
0.7513698578483603,0.041595042,0.095354138,0.30211337,4362.0,0.0
0.821369681638481,0.164190304,0.0691070585,0.290410938,4362.0,0.0
0.8306117353229943,0.278589074,0.060379081,0.266108466,4362.0,0.0
0.8288061480617499,0.38785479700000003,0.0818110425,0.2396090525,4362.0,0.0
0.8293374278729928,0.361043662,0.0790059485,0.217671761,4362.0,0.0
0.8273729451213263,0.271610418,0.07267547199999999,0.21494206999999999,4362.0,0.0
0.8211869467866666,0.188757401,0.0749911345,0.2025366585,4362.0,0.0
0.8201352671038653,0.100976971,0.081272614,0.182657898,4362.0,0.0
0.8108401196206851,0.0095141455,0.094314101,0.1742683495,4362.0,0.0
0.7577991313745989,0.0,0.08966330650000001,0.162874164,4362.0,0.0
0.6669239812645609,0.0,0.070371074,0.165128284,4362.0,0.0
0.6394393309816834,0.0,0.061155049,0.1484728395,4362.0,0.0
0.6318776001192734,0.0,0.0560142055,0.14868283,4362.0,0.0
0.6585547411095396,0.0,0.0587813655,0.1914218715,4362.0,0.0
0.7825955167580583,0.0517024535,0.0524313285,0.221825457,4362.0,0.0
0.8297167270077956,0.1740082605,0.0476680005,0.21641109749999998,4362.0,0.0
0.8287023776384199,0.3433975555,0.049683806,0.17337200749999998,4362.0,0.0
0.828276270577459,0.356942574,0.043774888,0.13484747400000002,4362.0,0.0
0.825186366132785,0.2705337385,0.046443258,0.15804079799999998,4362.0,0.0
0.821444390675721,0.18501112549999998,0.056574953,0.21349881650000002,4362.0,0.0
0.8200364292268516,0.100204992,0.075086887,0.286627247,4362.0,0.0
0.8105119320168832,0.009051421,0.10424261900000001,0.35734610899999997,4362.0,0.0
0.7584356321497221,0.0,0.1128139245,0.396511529,4362.0,0.0
0.6559805460420516,0.0,0.090909459,0.3737119895,4362.0,0.0
0.6335742669577025,0.0,0.0754843315,0.348669973,4362.0,0.0
0.6368316983076789,0.0,0.08308191100000001,0.40541318000000004,4362.0,0.0
0.7147532341852125,0.010414473,0.10542336899999999,0.476143056,4362.0,0.0
0.821617164204496,0.105183641,0.1148517195,0.4960957115,4362.0,0.0
0.829977217012327,0.2226271385,0.11556374050000001,0.455968035,4362.0,0.0
0.8284153404393699,0.4302814365,0.113544163,0.390144637,4362.0,0.0
0.8273148219555658,0.4508714315,0.123687251,0.3743973935,4362.0,0.0
0.8233684001777073,0.3078829535,0.1321220205,0.375516015,4362.0,0.0
0.8214265473148755,0.215205858,0.136085309,0.398930889,4362.0,0.0
0.8200081894398386,0.127092155,0.156022285,0.422499425,4362.0,0.0
0.8138396959868833,0.011406456,0.185815419,0.454119597,4362.0,0.0
0.7924636993903023,0.0,0.20454148700000002,0.477584895,4362.0,0.0
0.7407363313720989,0.0,0.203166188,0.494823424,4362.0,0.0
0.6369945105134146,0.0,0.19637586,0.4853818585,4362.0,0.0
0.6076972530693449,0.0,0.18005042933333334,0.46279266,4362.0,0.0
0.6133098862377787,0.0,0.187375187,0.4542945035,4362.0,0.0
0.6472678379179235,0.058011612,0.19742390199999998,0.4444517865,4362.0,0.0
0.6842991081712633,0.150669784,0.201056059,0.435995801,4362.0,0.0
0.7120757522079113,0.223519376,0.216713624,0.453154694,4362.0,0.0
0.7150688976672246,0.341583837,0.25566509,0.49117009,4362.0,0.0
0.7155659902980865,0.37909696849999996,0.31533035,0.5748295845,4362.0,0.0
0.7140113672150425,0.262903759,0.3240855475,0.6155899284999999,4362.0,0.0
0.7140549835977672,0.18610280099999998,0.3108325845,0.6127558280000001,4362.0,0.0
0.7148249451237839,0.096249941,0.303556181,0.591583059,4362.0,0.0
0.7129908282035649,0.006102937,0.307470147,0.56329885,4362.0,0.0
0.7091385057915391,0.0,0.30686962900000003,0.508446266,4362.0,0.0
0.6957692295314204,0.0,0.295473387,0.454181636,4362.0,0.0
0.6371819358596016,0.0,0.25085251399999997,0.4064010695,4362.0,0.0
0.6086508037134262,0.0,0.220321627,0.388216753,4362.0,0.0
0.6065865638777305,0.0,0.20464912400000002,0.363926869,4362.0,0.0
0.6256704464447336,0.0117634965,0.22012750050000002,0.3575594095,4362.0,0.0
0.6615105076482484,0.091385176,0.230948459,0.371945353,4362.0,0.0
0.6846717343472376,0.166392831,0.237752439,0.372031546,4362.0,0.0
0.7118456777028235,0.253031206,0.254273323,0.370676884,4362.0,0.0
0.7154063212253956,0.348479913,0.280696255,0.374250694,4362.0,0.0
0.7159243031357896,0.4402505015,0.2887491385,0.349830488,4362.0,0.0
0.7150147882343452,0.407584332,0.349491235,0.3505699285,4362.0,0.0
0.7135602847228755,0.280732182,0.35533888550000003,0.358919639,4362.0,0.0
0.7156419566279024,0.146732623,0.33263582,0.370897999,4362.0,0.0
0.7140614633086212,0.079383793,0.336224816,0.391505097,4362.0,0.0
0.7118327184779056,0.0020265835,0.3547175205,0.4286563805,4362.0,0.0
0.701415413067154,0.0,0.354420791,0.476999572,4362.0,0.0
0.655846215084902,0.0,0.35374005,0.4944622725,4362.0,0.0
0.6333266153489073,0.0,0.3545983303333333,0.5097056356666667,4362.0,0.0
0.658975045417928,0.0,0.3915807785,0.5452757565,4362.0,0.0
0.782262276172339,0.0244944685,0.4400869295,0.6037274495,4362.0,0.0
0.8302246993815517,0.094130975,0.496501232,0.66045507,4362.0,0.0
0.8298613577671254,0.152771881,0.528295701,0.68189447,4362.0,0.0
0.8290125284366117,0.200691413,0.559452989,0.708014318,4362.0,0.0
0.8288518921400969,0.210317062,0.521366958,0.6878828795,4362.0,0.0
0.8276263752774996,0.218486309,0.5271738855,0.6860774235,4362.0,0.0
0.8232787008439146,0.2099498305,0.5154407165,0.7260052995,4362.0,0.0
0.8203748678288644,0.1224510225,0.5033504520000001,0.715414215,4362.0,0.0
0.8135018859327633,0.003793287,0.474959876,0.702819373,4362.0,0.0
0.7905206862524623,0.0,0.45220525349999996,0.671333961,4362.0,0.0
0.7031024574552648,0.0,0.4399314725,0.6018442425,4362.0,0.0
0.6394635086254263,0.0,0.42137112099999996,0.5833987305,4362.0,0.0
0.6315423044535149,0.0,0.40750108,0.572156827,4362.0,0.0
0.6359444750127187,0.0,0.4052666135,0.5471907595000001,4362.0,0.0
0.7145993192579152,0.0024225115,0.4026057715,0.5610628475,4362.0,0.0
0.8132127212348812,0.045230117,0.418483727,0.60625467,4362.0,0.0
0.8293341879191707,0.079491744,0.422623842,0.644726076,4362.0,0.0
0.8292624287670008,0.15636328,0.390229358,0.696550961,4362.0,0.0
0.8279189247667896,0.239725077,0.381943525,0.749858641,4362.0,0.0
0.8276741986410799,0.3189737165,0.346943469,0.707049492,4362.0,0.0
0.8272984295288512,0.2496511055,0.411824255,0.860877882,4362.0,0.0
0.8231541375682495,0.171756417,0.4180121245,0.8909930500000001,4362.0,0.0
0.8202199858745334,0.084773227,0.3814335555,0.8941094549999999,4362.0,0.0
0.8100977685466276,0.001111018,0.34394716049999996,0.8634185165,4362.0,0.0
0.7571648305171005,0.0,0.32519196100000003,0.7835040714999999,4362.0,0.0
0.6561994023251043,0.0,0.3329497925,0.7369323435,4362.0,0.0
0.6329315523352828,0.0,0.330665745,0.6829834429999999,4362.0,0.0
0.6360058379355111,0.0,0.3411710905,0.6860526014999999,4362.0,0.0
0.7145827333864359,0.002407576,0.3449331,0.676466184,4362.0,0.0
0.8137276086194096,0.065421323,0.337180746,0.688531597,4362.0,0.0
0.831089292394097,0.150461391,0.322131046,0.705633042,4362.0,0.0
0.8301477178111037,0.247929395,0.346511594,0.71526426,4362.0,0.0
0.8281562525650004,0.30124317,0.376417832,0.717252048,4362.0,0.0
0.8275938804928226,0.3340105965,0.38833178,0.7282602735,4362.0,0.0
0.8268755140113236,0.392636373,0.42421468,0.7258663665,4362.0,0.0
0.8230785583247535,0.25293942550000004,0.46763936500000003,0.7549809955,4362.0,0.0
0.8200707128344296,0.103377059,0.4564004685,0.789742597,4362.0,0.0
0.8144675413387221,0.002478579,0.465504694,0.801208074,4362.0,0.0
0.7912854253602009,0.0,0.495510262,0.810061202,4362.0,0.0
0.7027075636812107,0.0,0.5543757665,0.8374529184999999,4362.0,0.0
0.6395092284985788,0.0,0.5315183235000001,0.8338708669999999,4362.0,0.0
0.6314719232263124,0.0,0.5080372195,0.831370787,4362.0,0.0
0.6581671008253985,0.0,0.458403809,0.8117420815,4362.0,0.0
0.7833714260710236,0.059595048,0.39436072450000004,0.7741234084999999,4362.0,0.0
0.8317581429195213,0.212679089,0.348751085,0.731421519,4362.0,0.0
0.830482916852875,0.333556584,0.376429295,0.702102154,4362.0,0.0
0.8279383637025615,0.423176726,0.348409842,0.64569816,4362.0,0.0
0.8275352740103352,0.447359854,0.2425435,0.50628909,4362.0,0.0
0.8276520036585832,0.4269425255,0.235098768,0.521888771,4362.0,0.0
0.8255213719265817,0.35885217150000004,0.2821729865,0.5792478775000001,4362.0,0.0
0.8215780930849776,0.205462932,0.24987775199999998,0.614649067,4362.0,0.0
0.8184393014289122,0.039578920999999996,0.232648663,0.6452799495,4362.0,0.0
0.7909271367276921,0.0,0.255473859,0.648708517,4362.0,0.0
0.7019483370605022,0.0,0.266490669,0.6534803709999999,4362.0,0.0
0.6393397673424188,0.0,0.242672928,0.605619283,4362.0,0.0
0.6314719232263124,0.0,0.23103295299999999,0.6385582725,4362.0,0.0
0.6579280562294992,0.0,0.223695638,0.669253498,4362.0,0.0
0.7828195710574049,0.050747413,0.21054113600000002,0.6953834825,4362.0,0.0
0.8305975190022907,0.20717324,0.20124916999999998,0.7129068515,4362.0,0.0
0.8276741502306912,0.3616855015,0.205516962,0.6740641105,4362.0,0.0
0.8275763275943098,0.4073776765,0.2405169435,0.6692529475,4362.0,0.0
0.8255119909378366,0.35212492,0.264819823,0.7064077625,4362.0,0.0
0.8214346712078351,0.2206143835,0.2502017275,0.702841721,4362.0,0.0
0.816790917262386,0.0464790685,0.2704153815,0.7024161904999999,4362.0,0.0
0.7903334061374414,0.0,0.323454358,0.6936204754999999,4362.0,0.0
0.6933437031613376,0.0,0.354192515,0.6982409475,4362.0,0.0
0.6185468872599617,0.0,0.32525738449999997,0.7076118535,4362.0,0.0
0.6056748728702751,0.0,0.33015718299999997,0.7274100605,4362.0,0.0
0.6132897945489195,0.0,0.3292639625,0.804589569,4362.0,0.0
0.6479934094789468,0.0286099625,0.3214386795,0.8568846535,4362.0,0.0
0.6864900387814562,0.13590727,0.309254879,0.844087932,4362.0,0.0
0.7130393771326058,0.205238064,0.324340734,0.82908186,4362.0,0.0
0.7160317004024713,0.263223027,0.335440363,0.804164501,4362.0,0.0
0.7162624518658407,0.282932919,0.286327292,0.661327051,4362.0,0.0
0.7149543199197934,0.3119681275,0.323666171,0.6411002755,4362.0,0.0
0.7144130545803167,0.2919406345,0.387886877,0.6623271245,4362.0,0.0
0.7142892648869205,0.217851115,0.399633236,0.686614611,4362.0,0.0
0.7169419888861847,0.136599414,0.366955221,0.7014408,4362.0,0.0
0.7175722035920088,0.063912127,0.380980996,0.722075204,4362.0,0.0
0.7199312174333943,0.0,0.39279749,0.742784065,4362.0,0.0
0.7179091918502615,0.0,0.4069691795,0.758378631,4362.0,0.0
0.6761261904440771,0.0,0.4115257205,0.7378822885,4362.0,0.0
0.6190193185367736,0.0,0.42057842199999995,0.697133088,4362.0,0.0
0.6072632240221678,0.0,0.4282837835,0.6872565975,4362.0,0.0
0.6155660966828677,0.0,0.41945813499999995,0.6424198864999999,4362.0,0.0
0.6522120718008575,0.044918767,0.4018806275,0.6093119469999999,4362.0,0.0
0.6903681832161204,0.179190666,0.387626252,0.587454148,4362.0,0.0
0.7161135175016679,0.283611258,0.398655584,0.589279164,4362.0,0.0
0.717890188214408,0.322220086,0.412857746,0.584507931,4362.0,0.0
0.7164078079938407,0.3356847455,0.3313674945,0.5755007265000001,4362.0,0.0
0.714538971772545,0.2913437205,0.33140568000000004,0.575027703,4362.0,0.0
0.7145114093373941,0.23084370399999998,0.311070858,0.6030117235000001,4362.0,0.0
0.7170909716607462,0.118379309,0.270969331,0.652078138,4362.0,0.0
0.7151210246356481,0.022812953,0.29259978600000003,0.691964384,4362.0,0.0
0.7094326994629347,0.0,0.33664331000000003,0.753612689,4362.0,0.0
0.6811060136375535,0.0,0.33764233099999996,0.738609045,4362.0,0.0
0.6450898179254698,0.0,0.324376587,0.705349968,4362.0,0.0
0.6331084844345248,0.0,0.30778669000000003,0.7017690255,4362.0,0.0
0.6362772078797269,0.0,0.2722968145,0.6833296905,4362.0,0.0
0.7143739350504097,0.002117481,0.24325015,0.6668226195,4362.0,0.0
0.8128973476248309,0.064486331,0.244835812,0.649109974,4362.0,0.0
0.8293609769688429,0.129347548,0.254354188,0.643660646,4362.0,0.0
0.8288140785099446,0.207038156,0.269768945,0.641495805,4362.0,0.0
0.8280669889247063,0.283173347,0.272015073,0.626252988,4362.0,0.0
0.8280787874810355,0.31108371349999997,0.3175483215,0.5803674655,4362.0,0.0
0.8273933510841318,0.337220729,0.319909436,0.5344319175000001,4362.0,0.0
0.8228515785423215,0.23740743350000001,0.2820370095,0.47170075899999997,4362.0,0.0
0.8209368049947042,0.121171819,0.246489617,0.448576705,4362.0,0.0
0.8188529809920705,0.049376173,0.255076007,0.436074874,4362.0,0.0
0.8104119814880892,0.0,0.2869138015,0.494425982,4362.0,0.0
0.7571787327606477,0.0,0.29142988599999997,0.553688716,4362.0,0.0
0.6668919217798022,0.0,0.288527776,0.568175126,4362.0,0.0
0.639464185583708,0.0,0.26365224200000004,0.5213949055,4362.0,0.0
0.6318776001192734,0.0,0.2460807135,0.510756569,4362.0,0.0
0.6584876722549522,0.0,0.23719467449999998,0.5490609630000001,4362.0,0.0
0.7825947189705951,0.040956849499999996,0.23454342,0.5816991575,4362.0,0.0
0.8295266420420809,0.155127003,0.216888287,0.583509535,4362.0,0.0
0.8300966546904914,0.274435984,0.232888822,0.58995312,4362.0,0.0
0.8292038222845136,0.325720298,0.24479211,0.606277047,4362.0,0.0
0.829722674597954,0.33875050149999997,0.2631867335,0.6133815155,4362.0,0.0
0.8322325568575795,0.37471564999999996,0.2837754145,0.6941947175000001,4362.0,0.0
0.8271251724865594,0.31442799,0.258847228,0.7423860090000001,4362.0,0.0
0.8237106588710466,0.189076404,0.26521391,0.748903155,4362.0,0.0
0.8192031703303945,0.056765291,0.272600844,0.731920414,4362.0,0.0
0.8136314781819417,0.0,0.280995323,0.713237862,4362.0,0.0
0.7936705510961867,0.0,0.3000932465,0.68502098,4362.0,0.0
0.7058800832093348,0.0,0.3394546535,0.662014831,4362.0,0.0
0.6409209134147873,0.0,0.3641090965,0.654528855,4362.0,0.0
0.6333796367287814,0.0,0.4037335915,0.66801248,4362.0,0.0
0.6593933188514718,0.0,0.424666926,0.712257935,4362.0,0.0
0.782262276172339,0.020942598,0.40144816650000004,0.7502442924999999,4362.0,0.0
0.8302246993815517,0.072181188,0.385638959,0.752753605,4362.0,0.0
0.8305107693567779,0.125550723,0.391137708,0.741436785,4362.0,0.0
0.8289844822911536,0.207481507,0.386952292,0.711931346,4362.0,0.0
0.8292038222845136,0.246628547,0.369926523,0.652356765,4362.0,0.0
0.8282101205363066,0.252216591,0.399288998,0.6816498445000001,4362.0,0.0
0.8256009647061687,0.254284038,0.366463789,0.657050174,4362.0,0.0
0.8211427502664379,0.171081262,0.3125772735,0.63662299,4362.0,0.0
0.8194449467678243,0.060291032,0.324678937,0.642047343,4362.0,0.0
0.8146787574391225,0.0,0.350811612,0.65276706,4362.0,0.0
0.7933458695065547,0.0,0.410593353,0.666750766,4362.0,0.0
0.7437560722395297,0.0,0.493425695,0.690660077,4362.0,0.0
0.6578361569780817,0.0,0.598206718,0.7429386435,4362.0,0.0
0.6350269814494811,0.0,0.6528720855000001,0.7827815025,4362.0,0.0
0.6376824857006643,0.0,0.7294287435,0.8700778965,4362.0,0.0
0.714657394013287,0.0,0.7648390745,0.913393743,4362.0,0.0
0.8130590477691568,0.063181279,0.78039519,0.913728313,4362.0,0.0
0.8301105807456527,0.172672015,0.77250275,0.91187715,4362.0,0.0
0.8290859803780659,0.293537194,0.7612885005,0.9231346575,4362.0,0.0
0.8284090543700708,0.366410302,0.687274331,0.923054211,4362.0,0.0
0.8280597838451819,0.3565582055,0.7118771429999999,0.9187296730000001,4362.0,0.0
0.8253421188837429,0.3038531895,0.7000948549999999,0.90128944,4362.0,0.0
0.8219145492225345,0.218241923,0.709157028,0.883810156,4362.0,0.0
0.8208360322764625,0.118278863,0.700194803,0.863918005,4362.0,0.0
0.8194720258862486,0.031863175,0.676542977,0.838347953,4362.0,0.0
0.8098572976153724,0.0,0.6426069575,0.7925359679999999,4362.0,0.0
0.7569664530092264,0.0,0.6065519804999999,0.7493909455000001,4362.0,0.0
0.6560382098994897,0.0,0.5815142915,0.7496657825,4362.0,0.0
0.6330476776408323,0.0,0.549574053,0.7491218749999999,4362.0,0.0
0.6365841673312753,0.0,0.5389043309999999,0.8083525444999999,4362.0,0.0
0.7148005256248874,0.000537987,0.5220756925,0.892151881,4362.0,0.0
0.8133971482856094,0.08339499,0.50138585,0.909383783,4362.0,0.0
0.8302246993815517,0.138505131,0.457171957,0.910725592,4362.0,0.0
0.8295949199756457,0.281184519,0.490670417,0.9157969405,4362.0,0.0
0.8285018964433277,0.3025551675,0.49309692799999993,0.9117712520000001,4362.0,0.0
0.8278710531896107,0.2911611075,0.5618010645,0.9259885255,4362.0,0.0
0.8228578648084108,0.180865468,0.58912389,0.9313070975,4362.0,0.0
0.820828295666613,0.103988276,0.604489506,0.922352524,4362.0,0.0
0.8170273748543404,0.0033844425,0.6207588100000001,0.9093187615,4362.0,0.0
0.7909934077948164,0.0,0.619954774,0.9080847734999999,4362.0,0.0
0.6930001143630493,0.0,0.6391456105,0.8901798599999999,4362.0,0.0
0.6184703407926417,0.0,0.663914945,0.879387996,4362.0,0.0
0.6052908590359052,0.0,0.6619718029999999,0.9162800125,4362.0,0.0
0.6129795711351448,0.0,0.684680838,0.9304535355,4362.0,0.0
0.6485850125703655,0.0192340245,0.711356055,0.935491973,4362.0,0.0
0.690487137380768,0.116824906,0.72437891,0.936093522,4362.0,0.0
0.7186094252957433,0.202117569,0.730251624,0.935635179,4362.0,0.0
0.721381199886852,0.286326995,0.742537316,0.936302094,4362.0,0.0
0.7215188674218109,0.36731428499999996,0.7621551879999999,0.9356854195,4362.0,0.0
0.720832995724989,0.3347987575,0.7790335465,0.9333958255,4362.0,0.0
0.7225009154512745,0.23569182149999998,0.8079239785,0.9324628374999999,4362.0,0.0
0.7316612970709673,0.120909124,0.780863445,0.936243678,4362.0,0.0
0.733020854821962,0.012440353,0.7395603900000001,0.9346156525,4362.0,0.0
0.7222588487483026,0.0,0.72050271,0.9332337995,4362.0,0.0
0.6765111953138847,0.0,0.6959602490000001,0.9306438185,4362.0,0.0
0.6188757276168507,0.0,0.6610902359999999,0.9197515789999999,4362.0,0.0
0.6056615027474235,0.0,0.647836184,0.9127870915,4362.0,0.0
0.6138751597846377,0.0,0.6318072539999999,0.903187935,4362.0,0.0
0.6502450744640393,0.0307921825,0.606545165,0.880948813,4362.0,0.0
0.6951501366204339,0.147878512,0.567452305,0.856061029,4362.0,0.0
0.7253003494951018,0.226903392,0.627786069,0.841158249,4362.0,0.0
0.7268249921818304,0.292661755,0.642857419,0.810609001,4362.0,0.0
0.7238005610168174,0.316873815,0.552333731,0.741890962,4362.0,0.0
0.7210716532345687,0.33546524099999997,0.572339667,0.6985810459999999,4362.0,0.0
0.720154860834807,0.28636647550000005,0.5929416745,0.666240778,4362.0,0.0
0.7244891649487502,0.149029671,0.564158719,0.644365948,4362.0,0.0
0.7361186411076518,0.011017927,0.5522934225,0.6196027735,4362.0,0.0
0.7249300444595146,0.0,0.5575477575000001,0.6479742055,4362.0,0.0
0.6882339732479461,0.0,0.603970778,0.7063281594999999,4362.0,0.0
0.6436864985605841,0.0,0.6118300265000001,0.7693861545,4362.0,0.0
0.6378330400417482,0.0,0.6164064995,0.796738282,4362.0,0.0
0.6735825075000198,0.0,0.630073809,0.8286197965,4362.0,0.0
0.792491261825453,0.0265335565,0.6270377055,0.86336263,4362.0,0.0
0.8360472588874274,0.163646086,0.578374549,0.862232145,4362.0,0.0
0.8396516638271002,0.298894729,0.669389123,0.863254113,4362.0,0.0
0.8388336852959482,0.363768181,0.692201993,0.861284838,4362.0,0.0
0.8381144486081932,0.420594594,0.700398016,0.842546921,4362.0,0.0
0.8383461672953862,0.4455437465,0.7123731935,0.8467855900000001,4362.0,0.0
0.8364728342212728,0.395340123,0.728407627,0.873929175,4362.0,0.0
0.8345476640506979,0.34711802,0.679026457,0.896563,4362.0,0.0
0.8337093763775179,0.204631957,0.62799808,0.897937849,4362.0,0.0
0.8326637414992326,0.021223439,0.610264226,0.887008462,4362.0,0.0
0.8231022524549797,0.0,0.582783007,0.864900735,4362.0,0.0
0.7982315691290041,0.0,0.559719249,0.8496502260000001,4362.0,0.0
0.7211978848975336,0.0,0.5339040420000001,0.8377887980000001,4362.0,0.0
0.6649235223128221,0.0,0.47509480800000004,0.788199085,4362.0,0.0
0.6639517982907333,0.0,0.42863279649999997,0.739487019,4362.0,0.0
0.6924998785991427,0.0,0.43314072400000003,0.7002961705,4362.0,0.0
0.7696651859546366,0.0,0.42350305,0.675449364,4362.0,0.0
0.8204323624467322,0.068174251,0.408646275,0.654476783,4362.0,0.0
0.8357255994048682,0.181494454,0.383672602,0.623084316,4362.0,0.0
0.8400634575497898,0.319255694,0.380969499,0.595032873,4362.0,0.0
0.8380254746430708,0.377836064,0.460686827,0.614433942,4362.0,0.0
0.8367959444411727,0.347339949,0.5405200925,0.629945505,4362.0,0.0
0.8323105542590301,0.330375735,0.5875355250000001,0.7334890425,4362.0,0.0
0.830494425340452,0.2400444215,0.5962179855,0.8026891190000001,4362.0,0.0
0.8311788464967236,0.100912215,0.593502399,0.861572695,4362.0,0.0
0.8323194515374682,0.007404979,0.58913441,0.860941067,4362.0,0.0
0.8217219018516498,0.0,0.585024345,0.86379877,4362.0,0.0
0.792643508562241,0.0,0.5977864675,0.877296004,4362.0,0.0
0.703005408204362,0.0,0.6067691015000001,0.9021851685,4362.0,0.0
0.6398120777900491,0.0,0.6013208045,0.9102868145,4362.0,0.0
0.6313963195808318,0.0,0.6264581659999999,0.9014706985000001,4362.0,0.0
0.6581703647876248,0.0,0.683479274,0.9186430685,4362.0,0.0
0.783505249506252,0.002661082,0.7438018555,0.924873164,4362.0,0.0
0.8356205716889624,0.018896083,0.760376018,0.875644767,4362.0,0.0
0.8367580822038414,0.08043201650000001,0.7697770955000001,0.8378135025,4362.0,0.0
0.8322365705904606,0.26393449550000003,0.743114321,0.8244145665,4362.0,0.0
0.8278819815396837,0.304991589,0.717152834,0.8459366515,4362.0,0.0
0.8233527329228729,0.22760671600000001,0.712114977,0.8924149164999999,4362.0,0.0
0.8219679336803241,0.104619631,0.736833771,0.917008514,4362.0,0.0
0.8174514992540551,0.003221011,0.768191011,0.9175945905,4362.0,0.0
0.7913062666229246,0.0,0.7965729404999999,0.930890778,4362.0,0.0
0.7029108495302065,0.0,0.836916802,0.9344257185,4362.0,0.0
0.6394871785504581,0.0,0.8306113545,0.9344983075,4362.0,0.0
0.6315940443356186,0.0,0.8199286145,0.9317541195000001,4362.0,0.0
0.6581280055006858,0.0,0.785182419,0.926678808,4362.0,0.0
0.7835527343906917,0.0170650055,0.682829716,0.9132996959999999,4362.0,0.0
0.8347425359379824,0.153627273,0.533834486,0.887218422,4362.0,0.0
0.834141479635816,0.256532954,0.525456262,0.882463986,4362.0,0.0
0.8315293259037996,0.295259142,0.484994865,0.854646437,4362.0,0.0
0.8288263605797906,0.381196529,0.36471366,0.7765568359999999,4362.0,0.0
0.8273812138518717,0.29885142099999995,0.254632766,0.6646792029999999,4362.0,0.0
0.8237736175655557,0.2227118175,0.20973338149999998,0.655638909,4362.0,0.0
0.8230836841190442,0.09093785,0.191885178,0.646786568,4362.0,0.0
0.8229273028201937,0.004222844,0.191312789,0.641501888,4362.0,0.0
0.8120742919065671,0.0,0.1941489345,0.6067701455000001,4362.0,0.0
0.7553235085173571,0.0,0.22377969050000002,0.6071927340000001,4362.0,0.0
0.6570346918996159,0.0,0.2650867095,0.6372555870000001,4362.0,0.0
0.632794319903452,0.0,0.28405092350000005,0.684898617,4362.0,0.0
0.6361090282213371,0.0,0.30873289400000004,0.7193239245,4362.0,0.0
0.7172000613231317,0.0,0.339576846,0.7531883465,4362.0,0.0
0.816137056639934,0.034975983,0.341515691,0.746381324,4362.0,0.0
0.8366071167680338,0.183845313,0.323415928,0.717347537,4362.0,0.0
0.8391267184955451,0.313830816,0.315389807,0.688011297,4362.0,0.0
0.8382046796691012,0.448446733,0.332093014,0.654304537,4362.0,0.0
0.8389789447999609,0.536633125,0.314855416,0.558848997,4362.0,0.0
0.838305210138609,0.5873822639999999,0.3287824955,0.5668606585,4362.0,0.0
0.8364786851874438,0.47636019549999997,0.36056725749999996,0.6167981415,4362.0,0.0
0.8342978605410861,0.362141642,0.343113749,0.61818887,4362.0,0.0
0.8338058937045152,0.190456247,0.30302469,0.612588139,4362.0,0.0
0.8330455550223971,0.007364199,0.284111322,0.604113416,4362.0,0.0
0.8220572941413956,0.0,0.247987935,0.579123565,4362.0,0.0
0.8004443562425528,0.0,0.22510579749999998,0.501248735,4362.0,0.0
0.7135017504623908,0.0,0.200668908,0.4055857175,4362.0,0.0
0.6539014611409693,0.0,0.1804643535,0.304437631,4362.0,0.0
0.650093214616781,0.0,0.1852128315,0.27096791649999996,4362.0,0.0
0.6482412545325067,0.0,0.246162118,0.321035868,4362.0,0.0
0.6647392643048742,0.0075279065,0.3463454185,0.41481739250000005,4362.0,0.0
0.708202153626824,0.079316364,0.410637198,0.526478823,4362.0,0.0
0.7337196375301032,0.131905837,0.390421571,0.581329551,4362.0,0.0
0.7377172194461417,0.205229137,0.451231138,0.653547541,4362.0,0.0
0.73583977621195,0.22616204150000002,0.489850248,0.7746037825,4362.0,0.0
0.7311959740529023,0.161534916,0.581934227,0.8780280765,4362.0,0.0
0.728600260961199,0.07902242550000001,0.61450738,0.907258906,4362.0,0.0
0.7341190041485708,0.019699711,0.6062160409999999,0.9130430705,4362.0,0.0
0.7325332398038324,0.0,0.614338547,0.918298623,4362.0,0.0
0.7219293556383263,0.0,0.6178567290000001,0.9192623145000001,4362.0,0.0
0.702195118266251,0.0,0.612329695,0.913329388,4362.0,0.0
0.6382861294003559,0.0,0.603864332,0.9142708454999999,4362.0,0.0
0.6088679916091793,0.0,0.5688724395,0.9097563165,4362.0,0.0
0.6065673425919178,0.0,0.543078483,0.902859784,4362.0,0.0
0.6263812935727617,0.0,0.5117568355,0.8997300085,4362.0,0.0
0.664157767570871,0.017873787,0.483426415,0.889310008,4362.0,0.0
0.6951360169237177,0.11889144,0.443424048,0.875755434,4362.0,0.0
0.7280775397524633,0.213948608,0.440970343,0.864542582,4362.0,0.0
0.7288936326399368,0.297834462,0.4740431,0.855021958,4362.0,0.0
0.7259557572820915,0.355803328,0.422751881,0.809800889,4362.0,0.0
0.7228941408380289,0.376380618,0.409350631,0.802188168,4362.0,0.0
0.7199504871295958,0.2797418775,0.3719710675,0.8025121355,4362.0,0.0
0.7231666714508331,0.181697266,0.325786422,0.799643055,4362.0,0.0
0.7293856962972852,0.082388678,0.321332537,0.800927702,4362.0,0.0
0.7336217664833329,0.001426003,0.31981021249999997,0.7962419624999999,4362.0,0.0
0.7241404747581556,0.0,0.3070531815,0.7534720395000001,4362.0,0.0
0.7021142923992825,0.0,0.28577270450000003,0.6849532425,4362.0,0.0
0.6739394182075611,0.0,0.244818344,0.531781513,6041.5,0.0
0.6685802958792817,0.0,0.220859941,0.4106772635,7721.0,0.0
0.7096840019234856,0.0,0.20409775,0.3490674535,7721.0,0.0
0.8148669079571897,0.0087464755,0.198657333,0.2851987045,7721.0,0.0
0.8395048571585496,0.112627921,0.191557421,0.217738396,7721.0,0.0
0.8380116450151065,0.218215165,0.183519465,0.172652177,7721.0,0.0
0.834670679965035,0.309705277,0.186342486,0.129690504,7721.0,0.0
0.8326242834901847,0.358824961,0.149553825,0.105762118,7721.0,0.0
0.8320257413795897,0.420953561,0.150662759,0.088722512,7721.0,0.0
0.8294018855184412,0.34291057,0.1503478645,0.1071241065,7721.0,0.0
0.8286411597500035,0.223343201,0.145583587,0.13566832,7721.0,0.0
0.8313260400548036,0.122198438,0.154011737,0.153100619,7721.0,0.0
0.8307054477992976,0.0013025,0.156900862,0.1626332145,7721.0,0.0
0.8138985445213143,0.0,0.139360593,0.1931188805,7721.0,0.0
0.7721855614612071,0.0,0.118524558,0.226554761,7721.0,0.0
0.706381503650234,0.0,0.10613691450000001,0.218947997,7721.0,0.0
0.6894898089859995,0.0,0.078918713,0.23517439899999998,7721.0,0.0
0.69205728248748,0.0,0.077590154,0.2653981725,7721.0,0.0
0.773520941765249,0.0,0.094467476,0.3348203035,7721.0,0.0
0.8348875053732432,0.008577978,0.112244743,0.37862277,7721.0,0.0
0.8414299789187358,0.064511887,0.117379547,0.393826513,7721.0,0.0
0.8402927584726088,0.15482250349999999,0.130125957,0.428517566,7721.0,0.0
0.8383419119041419,0.23688668149999997,0.17115719000000001,0.473022441,7721.0,0.0
0.8360488064455456,0.21257944699999998,0.1936351115,0.5101090455,7721.0,0.0
0.8322395200819503,0.12009858400000001,0.2046034615,0.563280453,7721.0,0.0
0.8344276464318195,0.046825437,0.216458681,0.60417445,7721.0,0.0
0.8286596798723402,0.000529479,0.2107160615,0.6266984849999999,7721.0,0.0
0.8104751092253787,0.0,0.1974305655,0.648265973,7721.0,0.0
0.7338040416332444,0.0,0.2041897695,0.6963625935,7721.0,0.0
0.6768457658077631,0.0,0.229554835,0.761955693,7721.0,0.0
0.6711328276913884,0.0,0.247316209,0.8297552205,7721.0,0.0
0.712807706659011,0.0,0.248134011,0.8655259415000001,7721.0,0.0
0.8169346294050708,0.0054883315,0.23050585750000002,0.8677927089999999,7721.0,0.0
0.8411825931734984,0.125093945,0.213583987,0.856685503,7721.0,0.0
0.8404967214766765,0.255636942,0.194191589,0.8304186,7721.0,0.0
0.8376965618673887,0.349201629,0.175909817,0.792498263,7721.0,0.0
0.8350422422931982,0.368597579,0.15932068300000002,0.763037968,7721.0,0.0
0.8324240923638446,0.3507664225,0.181233908,0.7279904319999999,7721.0,0.0
0.8311192243800236,0.26934867949999997,0.1872949955,0.6932323499999999,7721.0,0.0
0.8330131566649172,0.114101594,0.195182622,0.684283156,7721.0,0.0
0.8310949015051144,0.0007401235,0.2104255275,0.638510649,7721.0,0.0
0.813606212288403,0.0,0.224833948,0.613576841,7721.0,0.0
0.741208472776949,0.0,0.245058153,0.6223718655,7721.0,0.0
0.6939549142313083,0.0,0.2166001125,0.5831579905,7721.0,0.0
0.6865492017866237,0.0,0.185720737,0.5172734835,7721.0,0.0
0.7302769329315464,0.0,0.1326725395,0.4346174655,7721.0,0.0
0.8233529263676378,0.006249747,0.0816449085,0.3122737195,7721.0,0.0
0.8428734814645494,0.13339394,0.052327952,0.22010821,7721.0,0.0
0.8416294926932139,0.233306511,0.033684834,0.164768039,7721.0,0.0
0.8395735215880635,0.328098939,0.040675518,0.137908218,7721.0,0.0
0.8371903785133239,0.407330044,0.052507253,0.116147016,7721.0,0.0
0.8348712579809046,0.424728898,0.096213454,0.168779788,7721.0,0.0
0.8331203122732356,0.337389721,0.1378263675,0.27977898,7721.0,0.0
0.8280652481186135,0.1716813275,0.2007735085,0.4362209255,7721.0,0.0
0.8260786184012586,0.0254219,0.272218235,0.555014551,7721.0,0.0
0.8258604394700678,0.0,0.303589966,0.615764085,7721.0,0.0
0.8177747545083309,0.0,0.316861838,0.672572318,7721.0,0.0
0.8015099139637071,0.0,0.33759321600000003,0.7407101620000001,7721.0,0.0
0.7228816167162391,0.0,0.395126858,0.8241975685,7721.0,0.0
0.672541562919317,0.0,0.4733988185,0.8796816224999999,7721.0,0.0
0.6646683995641549,0.0,0.5209971935,0.9167532815,7721.0,0.0
0.6992381668537592,0.0,0.544044505,0.9301014434999999,7721.0,0.0
0.8027979544176855,0.001198823,0.5284542765,0.924728643,7721.0,0.0
0.8235929621957649,0.074035984,0.503681645,0.913220727,7721.0,0.0
0.8209957983667211,0.151959895,0.488538912,0.899899984,7721.0,0.0
0.8181403206391568,0.235927198,0.452925979,0.885390896,7721.0,0.0
0.8176668253177437,0.350958702,0.476801876,0.84510484,7721.0,0.0
0.8172856405392621,0.4126667245,0.552932832,0.8318354139999999,7721.0,0.0
0.8177087010911658,0.326826355,0.5059577479999999,0.8228818345,7721.0,0.0
0.8167274752511501,0.192292145,0.486253149,0.830915705,7721.0,0.0
0.8210180419563967,0.076614427,0.49674018,0.829641595,7721.0,0.0
0.8196178653309754,0.0,0.5138193475,0.8338678214999999,7721.0,0.0
0.8014577385848949,0.0,0.5202858095,0.851001161,7721.0,0.0
0.7500680359800161,0.0,0.516662788,0.858920611,7721.0,0.0
0.6699261934386729,0.0,0.5074054795,0.8427679875,7721.0,0.0
0.6442513852179137,0.0,0.4713779165,0.789573005,7721.0,0.0
0.6421903371224416,0.0,0.449610972,0.736773272,7721.0,0.0
0.6505780973997997,0.0,0.4344093515,0.692248484,7721.0,0.0
0.6826735959455155,0.002091713,0.411285236,0.6226885345,7721.0,0.0
0.73000889936835,0.112201545,0.376405484,0.553231443,7721.0,0.0
0.7517890012913699,0.238325915,0.331910883,0.492213962,7721.0,0.0
0.7513913756757852,0.367816715,0.347608087,0.438505953,7721.0,0.0
0.7498719554073349,0.465187153,0.279071428,0.308288139,7721.0,0.0
0.7443700155446111,0.4385420585,0.255184082,0.31438488,7721.0,0.0
0.7432097781233298,0.346526735,0.2122634215,0.2921260785,7721.0,0.0
0.7488773348456927,0.225850412,0.19128259,0.2523908,7721.0,0.0
0.7572597278671868,0.065688145,0.201272133,0.221279208,7721.0,0.0
0.7633035614204896,0.0,0.21353113,0.185942459,7721.0,0.0
0.7603934421393502,0.0,0.224828019,0.158852272,7721.0,0.0
0.7496564114968969,0.0,0.22979904750000002,0.1637340625,7721.0,0.0
0.7056594379065906,0.0,0.235557975,0.248162606,7721.0,0.0
0.6577674439413888,0.0,0.23628979249999998,0.3356220765,7721.0,0.0
0.6483595799524713,0.0,0.251556924,0.360814007,7721.0,0.0
0.6597431695138648,0.0,0.266420828,0.4039266265,7721.0,0.0
0.6928379305084165,0.001784708,0.25512212300000003,0.480421324,7721.0,0.0
0.740147653960556,0.150990439,0.212028056,0.4965797,7721.0,0.0
0.764062933075574,0.290448765,0.164307868,0.482840135,7721.0,0.0
0.7620853458678235,0.430746327,0.141932759,0.461976193,7721.0,0.0
0.7586176418296564,0.5038664159999999,0.107298587,0.409095174,7721.0,0.0
0.7530301371952031,0.49380256499999997,0.10414030099999999,0.33758655000000004,7721.0,0.0
0.757464657701498,0.335747257,0.1164215685,0.259482485,7721.0,0.0
0.7689083769015123,0.082672712,0.149482804,0.202070408,7721.0,0.0
0.7771057143243852,0.0,0.1658049285,0.1783193725,7721.0,0.0
0.7657974621513343,0.0,0.2158606105,0.217611544,7721.0,0.0
0.7233613256881586,0.0,0.30035428200000003,0.3478070555,7721.0,0.0
0.6844083188596208,0.0,0.394452303,0.5067777499999999,7721.0,0.0
0.6688426717242818,0.0,0.489926707,0.643812955,7721.0,0.0
0.70133038041612,0.0,0.5799637925000001,0.803550684,7721.0,0.0
0.8094487436497145,0.0008503075,0.657675985,0.892911783,7721.0,0.0
0.8377839882743929,0.046550355,0.684874723,0.921321086,7721.0,0.0
0.8366697853937908,0.053031708,0.690506922,0.927801325,7721.0,0.0
0.8343160423810724,0.077709579,0.6517674305000001,0.9305218795000001,7721.0,0.0
0.8322869567527913,0.1369079225,0.5874821815,0.9305627575,7721.0,0.0
0.8285451261333132,0.1978837565,0.5033243965,0.9137436725,7721.0,0.0
0.825238879990738,0.151077896,0.473308761,0.889961595,7721.0,0.0
0.8240534980954701,0.0198900865,0.47468953700000005,0.8698827419999999,7721.0,0.0
0.8135753858910258,0.0,0.49000167299999997,0.852943937,7721.0,0.0
0.7677285557068732,0.0,0.5075654009999999,0.8389975425,7721.0,0.0
0.687174266689753,0.0,0.5189431465,0.8466267350000001,7721.0,0.0
0.6661040204657429,0.0,0.4915273235,0.8670948365,7721.0,0.0
0.6706005082375288,0.0,0.47454399199999997,0.852820081,7721.0,0.0
0.7227859701858685,0.0,0.505338834,0.85497496,7721.0,0.0
0.8046613263655498,0.000788959,0.5238001379999999,0.8663988840000001,7721.0,0.0
0.8283253028232265,0.055205782,0.527115921,0.866612138,7721.0,0.0
0.8232565056646277,0.112417701,0.523695603,0.865626634,7721.0,0.0
0.8196250220001109,0.178855437,0.509654049,0.8758482,7721.0,0.0
0.8186999848782082,0.189293806,0.525929439,0.861895292,7721.0,0.0
0.8161925687933458,0.221976266,0.539099945,0.891579793,7721.0,0.0
0.812942946865592,0.1472612055,0.5365312375,0.8960195049999999,7721.0,0.0
0.8129848708526127,0.0074550685,0.5641900049999999,0.8852659359999999,7721.0,0.0
0.8075416586951385,0.0,0.5743484875,0.8588871455,7721.0,0.0
0.7657492520950144,0.0,0.563604532,0.8189069794999999,7721.0,0.0
0.6864749038441077,0.0,0.5744670845,0.8161063355,7721.0,0.0
0.6659642736455506,0.0,0.566754985,0.803850725,7721.0,0.0
0.6706005082375288,0.0,0.5385402455,0.8050854105,7721.0,0.0
0.7556367302265906,0.0,0.4919562185,0.773626067,7721.0,0.0
0.8234157884381597,0.002049501,0.45107778,0.714537488,7721.0,0.0
0.8298148397129294,0.127217232,0.402217579,0.666727477,7721.0,0.0
0.8211010197241819,0.246078534,0.354515199,0.604140378,7721.0,0.0
0.817072538598393,0.339725598,0.300173017,0.528054289,7721.0,0.0
0.8136132481283571,0.435174513,0.240909822,0.37078320249999996,7721.0,0.0
0.8105143013708689,0.40561096500000005,0.19151108,0.315551535,7721.0,0.0
0.8081673279409662,0.223400908,0.160878236,0.315090993,7721.0,0.0
0.809787907817188,0.128096538,0.176236394,0.334328939,7721.0,0.0
0.8149248860885743,0.03970296,0.203106495,0.345331104,7721.0,0.0
0.82282440279991,0.0,0.22302926,0.339932971,7721.0,0.0
0.8169340490707765,0.0,0.223948023,0.333643788,7721.0,0.0
0.8025790499210341,0.0,0.20324268350000002,0.325411956,7721.0,0.0
0.7235125083803451,0.0,0.1674957155,0.373623194,7721.0,0.0
0.6725802229441114,0.0,0.14693999749999997,0.4431203825,7721.0,0.0
0.6649336768838363,0.0,0.1301077865,0.467797555,7721.0,0.0
0.6993562748205548,0.0,0.11821224599999999,0.445964839,7721.0,0.0
0.8072261402475025,0.0007478115,0.12468152699999999,0.45153268950000003,7721.0,0.0
0.8336766883448663,0.081933221,0.128852815,0.470833871,7721.0,0.0
0.8234369677864438,0.140078497,0.121792489,0.472573138,7721.0,0.0
0.8169925591260666,0.216128329,0.098488716,0.472465102,7721.0,0.0
0.8123683891507654,0.310679604,0.086888681,0.4687657175,7721.0,0.0
0.8101107761819342,0.38522151299999996,0.11834877599999999,0.587563131,7721.0,0.0
0.8080996789488746,0.319852598,0.171551793,0.715154126,7721.0,0.0
0.8086163555498843,0.207723184,0.2346108,0.765337743,7721.0,0.0
0.811406166749813,0.047270878,0.286174036,0.80214905,7721.0,0.0
0.8128624350757797,0.0,0.307929341,0.826812589,7721.0,0.0
0.8089959929670378,0.0,0.3092584115,0.8309452655,7721.0,0.0
0.7669405577688266,0.0,0.302075255,0.7973191895,7721.0,0.0
0.6959173417061454,0.0,0.267608908,0.795905487,7721.0,0.0
0.672652320575422,0.0,0.2494871815,0.787234926,7721.0,0.0
0.664801763691061,0.0,0.2298609895,0.749241357,7721.0,0.0
0.6992917689615079,0.0,0.214808731,0.736734279,7721.0,0.0
0.8065229573105309,0.00060415,0.2083024845,0.737950424,7721.0,0.0
0.8309152133591475,0.077507142,0.187602412,0.728796388,7721.0,0.0
0.8223601916464645,0.164226169,0.167584735,0.708776284,7721.0,0.0
0.8169925591260666,0.238161524,0.135915473,0.665758902,7721.0,0.0
0.8129908670499499,0.292965635,0.117517052,0.574651787,7721.0,0.0
0.8099530413601008,0.31437006749999996,0.145429151,0.5808976084999999,7721.0,0.0
0.8070899958686771,0.2515483335,0.166900584,0.6022198235,7721.0,0.0
0.8063787616543292,0.148135679,0.217912776,0.626565008,7721.0,0.0
0.8105137212333647,0.030524956,0.274159763,0.648048577,7721.0,0.0
0.8127973490792286,0.0,0.298469259,0.679639682,7721.0,0.0
0.8103638680557569,0.0,0.3074406425,0.7033782445000001,7721.0,0.0
0.7670934814638961,0.0,0.31356425649999997,0.655192676,7721.0,0.0
0.66898111323509,0.0,0.33998917650000005,0.6455497135,7721.0,0.0
0.64330357297601,0.0,0.3931602945,0.6766905825,7721.0,0.0
0.641440273643729,0.0,0.43850433499999997,0.6835739765,7721.0,0.0
0.6542092185767713,0.0,0.48797400150000003,0.7401521805,7721.0,0.0
0.7003973888376183,0.0187155425,0.5101951815000001,0.801012844,7721.0,0.0
0.726423449654142,0.086283803,0.502628655,0.818308434,7721.0,0.0
0.7265627129608176,0.11057656,0.497299794,0.819960518,7721.0,0.0
0.7248565443044618,0.143498852,0.453040912,0.815012052,7721.0,0.0
0.7241059248934395,0.1626690045,0.44204220250000004,0.8306083865,7721.0,0.0
0.7227405883982765,0.132314038,0.442026488,0.8389387545,7721.0,0.0
0.7244640442863777,0.077489798,0.44938227,0.845149444,7721.0,0.0
0.7275524495833224,0.020134646,0.450282127,0.855620002,7721.0,0.0
0.7283457911624089,0.0,0.457961961,0.86329782,7721.0,0.0
0.7255814631123978,0.0,0.48922271100000003,0.8688524945,7721.0,0.0
0.693314206278539,0.0,0.5170269734999999,0.8912099815000001,7721.0,0.0
0.6512110201355403,0.0,0.5316285285,0.8945097985,7721.0,0.0
0.6398515840126955,0.0,0.530184768,0.8817224605,7721.0,0.0
0.642811316070687,0.0,0.522282366,0.867762734,7721.0,0.0
0.65419418006662,0.0,0.523970069,0.8775258785,7721.0,0.0
0.6902039684866427,0.0,0.540387367,0.896440877,7721.0,0.0
0.7138200249567519,0.078286141,0.547760262,0.902452383,7721.0,0.0
0.7301574468429932,0.17596373,0.564908342,0.908564239,7721.0,0.0
0.7292347310582677,0.269490396,0.519129587,0.905349463,7721.0,0.0
0.727164156546094,0.329857067,0.474401919,0.890370084,7721.0,0.0
0.7248484690186813,0.34100311299999997,0.512553428,0.899534236,7721.0,0.0
0.7236143689548021,0.2534269395,0.5972353765,0.909446601,7721.0,0.0
0.7274937462800576,0.131723072,0.633303561,0.918176177,7721.0,0.0
0.732553645766638,0.024355893,0.644594635,0.922782853,7721.0,0.0
0.7356814366538376,0.0,0.6487542895,0.9267282015,7721.0,0.0
0.7306671118092435,0.0,0.6246954215,0.927070279,7721.0,0.0
0.7034868579823741,0.0,0.5723209425,0.920628885,7721.0,0.0
0.6725099385376863,0.0,0.49926065099999994,0.897980534,7721.0,0.0
0.6647414646160796,0.0,0.4965462135,0.878089527,7721.0,0.0
0.6992816868092868,0.0,0.450765304,0.8663857285000001,7721.0,0.0
0.8067857926606437,0.0,0.36773320600000003,0.854175538,7721.0,0.0
0.8312167569476532,0.068077253,0.307972128,0.806872833,7721.0,0.0
0.8207959941299106,0.186456959,0.263456293,0.755701777,7721.0,0.0
0.8151465466319506,0.269584826,0.207837244,0.669392349,7721.0,0.0
0.8114129363326289,0.34623391,0.151589491,0.574018316,7721.0,0.0
0.8096992483228023,0.3612071475,0.118910451,0.5120674365,7721.0,0.0
0.8080799257391563,0.2187515135,0.099978967,0.473396846,7721.0,0.0
0.809019348421333,0.090274258,0.103818961,0.470469756,7721.0,0.0
0.8172647508661497,0.0078006975,0.1141616875,0.491848321,7721.0,0.0
0.8141672066324036,0.0,0.106891255,0.499377799,7721.0,0.0
0.7705758131142808,0.0,0.0995284515,0.4283176475,7721.0,0.0
0.6972635055226746,0.0,0.107825082,0.392352873,7721.0,0.0
0.6725383715726738,0.0,0.1186700175,0.34236017350000003,7721.0,0.0
0.6657274293608566,0.0,0.1356756985,0.24782252100000002,7721.0,0.0
0.7006177922852089,0.0,0.164366587,0.226458522,7721.0,0.0
0.8097400362400091,0.0,0.181451282,0.234735064,7721.0,0.0
0.8349272534510431,0.058676426,0.188345783,0.20390962,7721.0,0.0
0.8324176128497809,0.179059132,0.170811867,0.177221034,7721.0,0.0
0.8268115882897807,0.251826491,0.151693515,0.167718312,7721.0,0.0
0.819626569558229,0.33100905,0.142235854,0.133389999,7721.0,0.0
0.8161137495960276,0.409755612,0.1459883575,0.13352877000000002,7721.0,0.0
0.8138601987704663,0.27036581249999997,0.13933153850000002,0.12150717,7721.0,0.0
0.8151032201211879,0.116704809,0.154258614,0.119787876,7721.0,0.0
0.8236205246309158,0.00505422,0.174619901,0.1476032115,7721.0,0.0
0.8169600643413897,0.0,0.183304893,0.14363106949999999,7721.0,0.0
0.7718036269120707,0.0,0.2015917815,0.15761301100000003,7721.0,0.0
0.6883373085681481,0.0,0.2255835705,0.195032239,7721.0,0.0
0.6660335668197475,0.0,0.251929487,0.27269586999999995,7721.0,0.0
0.6706119443063131,0.0,0.274051146,0.3528497465,7721.0,0.0
0.7224186632489499,0.0,0.278771056,0.423274877,7721.0,0.0
0.8072485772819429,0.0,0.27335783150000004,0.4811174035,7721.0,0.0
0.8317023410909379,0.0309084165,0.2562110325,0.508646158,7721.0,0.0
0.8217507213825864,0.064460614,0.241295673,0.50774322,7721.0,0.0
0.8165718193209698,0.143688125,0.2243610875,0.5148285455,7721.0,0.0
0.8125943532989848,0.205471396,0.224815751,0.525239482,7721.0,0.0
0.8114335843473781,0.11600679950000001,0.2136733475,0.5255021449999999,7721.0,0.0
0.8191737218579848,0.002859417,0.22122757399999998,0.5228434865,7721.0,0.0
0.8142716540140152,0.0,0.228097523,0.5241130924999999,7721.0,0.0
0.7690760972515795,0.0,0.23872853700000002,0.49937711,7721.0,0.0
0.6874860132596613,0.0,0.270950474,0.4435099465,7721.0,0.0
0.6673513458148878,0.0,0.273947323,0.377510827,7721.0,0.0
0.6649336768838363,0.0,0.2682605655,0.344225413,7721.0,0.0
0.699437850261388,0.0,0.27699656699999997,0.37133549349999995,7721.0,0.0
0.8073566997205047,0.0,0.315858468,0.427319342,7721.0,0.0
0.833760343070933,0.035760993,0.337089968,0.464058737,7721.0,0.0
0.8325844385916074,0.202353219,0.328067212,0.481497827,7721.0,0.0
0.8287980243655806,0.325113091,0.313645958,0.488244742,7721.0,0.0
0.8234646270423722,0.37787723,0.281576553,0.416064308,7721.0,0.0
0.8199049025300253,0.377829403,0.3508552115,0.4213178815,7721.0,0.0
0.8189340731161772,0.2747009045,0.3979571825,0.4707097375,7721.0,0.0
0.8250025192195609,0.12758817,0.422705164,0.520627551,7721.0,0.0
0.8312747832926364,0.008847573,0.453089745,0.545289818,7721.0,0.0
0.8354646744939991,0.0,0.475755769,0.550069338,7721.0,0.0
0.8246729294855973,0.0,0.492325937,0.5450858045,7721.0,0.0
0.7885028190430062,0.0,0.49949629549999996,0.512381103,7721.0,0.0
0.7152934112748935,0.0,0.522809982,0.477670383,7721.0,0.0
0.7018288511687392,0.0,0.4905041415,0.42906901249999996,7721.0,0.0
0.6993020685668979,0.0,0.471059071,0.37940856,7721.0,0.0
0.7375853544669648,0.0,0.43128117050000003,0.3703293405,7721.0,0.0
0.824963738562375,0.0,0.3719866235,0.3543703075,7721.0,0.0
0.8480215811371931,0.034519231,0.336351736,0.330895483,7721.0,0.0
0.8436138978941691,0.145703774,0.299011249,0.320777252,7721.0,0.0
0.8395735215880635,0.226704723,0.243753121,0.307384282,7721.0,0.0
0.8345784180292821,0.238163752,0.183142131,0.285178293,7721.0,0.0
0.8317885102053663,0.261446513,0.1674876105,0.24548251199999999,7721.0,0.0
0.8300261526341073,0.1944761835,0.148998851,0.2037732275,7721.0,0.0
0.8337029936842314,0.033163987500000006,0.129726306,0.1882710045,7721.0,0.0
0.8376515913713107,0.0,0.109775162,0.199776323,7721.0,0.0
0.8250585632968782,0.0,0.101314924,0.211740947,7721.0,0.0
0.788604655412269,0.0,0.098402604,0.233283202,7721.0,0.0
0.6950914333171692,0.0,0.082766834,0.215433685,7721.0,0.0
0.6657850204059215,0.0,0.07708962750000001,0.22390537700000002,7721.0,0.0
0.6510679367375386,0.0,0.067953508,0.2286170385,7721.0,0.0
0.6574393775603489,0.0,0.07367008,0.223106094,7721.0,0.0
0.6886453802778965,0.0,0.1014468315,0.242871656,7721.0,0.0
0.7336289711692768,0.016278648,0.120159093,0.235654898,7721.0,0.0
0.7561322754961246,0.079874802,0.11114306,0.23351163,7721.0,0.0
0.7575770355313043,0.150868129,0.101510737,0.210337743,7721.0,0.0
0.7533368549883882,0.245908877,0.1029472055,0.1656315035,7721.0,0.0
0.7468406332399538,0.296889301,0.0944575895,0.1457873765,7721.0,0.0
0.7489711923563721,0.213438543,0.090547945,0.14899838,7721.0,0.0
0.7594709196025993,0.048012614,0.107014407,0.159454785,7721.0,0.0
0.7728071689573452,0.0,0.15033576799999998,0.200783818,7721.0,0.0
0.7613847985419757,0.0,0.212315313,0.2159344265,7721.0,0.0
0.7143598879692765,0.0,0.3076744775,0.2429710425,7721.0,0.0
0.6788915823418994,0.0,0.373911779,0.341505376,7721.0,0.0
0.664891583460455,0.0,0.4339804365,0.4373983655,7721.0,0.0
0.6643124804824219,0.0,0.49183177,0.5496562145,7721.0,0.0
0.6715165512602159,0.0,0.5184258285000001,0.6368149030000001,7721.0,0.0
0.7188285232371595,0.008443375,0.5344097025000001,0.7100780609999999,7721.0,0.0
0.7551047734570662,0.116401876,0.5336868785,0.7646616390000001,7721.0,0.0
0.75211578676501,0.144092801,0.552410152,0.80930345,7721.0,0.0
0.7463930565651662,0.1734399895,0.5489016395,0.8385835855,7721.0,0.0
0.7429946697096004,0.115685942,0.541985917,0.8602456510000001,7721.0,0.0
0.7441140708032863,0.008976117,0.528603078,0.86952838,7721.0,0.0
0.7435620225416929,0.0,0.520605092,0.867819432,7721.0,0.0
0.7376002721479344,0.0,0.5414147665,0.8559781315,7721.0,0.0
0.720266658330319,0.0,0.5708153765,0.8419534185,7721.0,0.0
0.6953995532405162,0.0,0.567075744,0.892307694,7721.0,0.0
0.6726338972738626,0.0,0.5501045575,0.885086469,7721.0,0.0
0.6647098886448376,0.0,0.52619825,0.8743592665,7721.0,0.0
0.6992875617838619,0.0,0.538522473,0.838154141,7721.0,0.0
0.8088406032939957,0.0,0.597106959,0.8511595365,7721.0,0.0
0.8378273147851557,0.031149415,0.616698783,0.883495427,7721.0,0.0
0.8369058560962159,0.176144898,0.60281312,0.895322775,7721.0,0.0
0.8342825805693617,0.306769696,0.596189308,0.90021887,7721.0,0.0
0.8335149882005404,0.4127876545,0.585470606,0.8890598355,7721.0,0.0
0.832757260333981,0.3499017035,0.6184379385000001,0.9044381595,7721.0,0.0
0.8317068865509344,0.247924326,0.631992112,0.916993322,7721.0,0.0
0.8317755509804484,0.12746598,0.615227574,0.914863041,7721.0,0.0
0.8340744107812283,0.00143576,0.575600734,0.9066332644999999,7721.0,0.0
0.8216709835686233,0.0,0.5334975945,0.8922379405,7721.0,0.0
0.7797703819143544,0.0,0.489497964,0.871962381,7721.0,0.0
0.7022741311051243,0.0,0.424974991,0.830011306,7721.0,0.0
0.674844436256188,0.0,0.3879996765,0.801663067,7721.0,0.0
0.66575968229038,0.0,0.317113702,0.7503174770000001,7721.0,0.0
0.7002690780862101,0.0,0.2636661655,0.6929152814999999,7721.0,0.0
0.7910761921178368,0.0,0.236723793,0.656504704,7721.0,0.0
0.8312980907301232,0.00464702,0.23145673700000002,0.6046359655,7721.0,0.0
0.8360263696078953,0.139040078,0.229659569,0.572715743,7721.0,0.0
0.8346472761003512,0.215051553,0.220501084,0.599495118,7721.0,0.0
0.8344222305687767,0.2845395675,0.254932861,0.6270684765000001,7721.0,0.0
0.8339009602941718,0.26346818699999996,0.30678291950000003,0.6596722605,7721.0,0.0
0.8331399442601919,0.1498892865,0.36515893050000003,0.677459641,7721.0,0.0
0.833942207322911,0.000964172,0.418660602,0.6881976439999999,7721.0,0.0
0.8228834445823154,0.0,0.4487620135,0.69673197,7721.0,0.0
0.7855661285589439,0.0,0.464672723,0.702103428,7721.0,0.0
0.7032109667833562,0.0,0.48662277200000004,0.7239610755000001,7721.0,0.0
0.6867723614777295,0.0,0.449089101,0.7290564155,7721.0,0.0
0.6974810559059726,0.0,0.42825172499999997,0.728511116,7721.0,0.0
0.7807868347741582,0.0,0.4179890335,0.727725826,7721.0,0.0
0.841598883945796,0.0136497665,0.40611895600000003,0.6977659789999999,7721.0,0.0
0.8434021016562644,0.169033831,0.389940106,0.677105425,7721.0,0.0
0.8409444915962285,0.261661552,0.364277946,0.660471714,7721.0,0.0
0.839890539183429,0.349640576,0.35219903,0.625260452,7721.0,0.0
0.8376229168747501,0.3992140665,0.3627851825,0.6245216925,7721.0,0.0
0.8361824604444135,0.310803818,0.3676281735,0.6128272295,7721.0,0.0
0.8365886452528759,0.109888194,0.362646274,0.609117308,7721.0,0.0
0.8393604198439846,0.0008856345,0.338491853,0.59299848,7721.0,0.0
0.8273381291962623,0.0,0.288176219,0.5700784415,7721.0,0.0
0.7893502460465682,0.0,0.2412254345,0.536612095,7721.0,0.0
0.7097780046653313,0.0,0.209237617,0.478923212,7721.0,0.0
0.6808511811544284,0.0,0.18689303000000002,0.517504486,7721.0,0.0
0.6687898195839782,0.0,0.18375503199999998,0.551380721,7721.0,0.0
0.7034419116914903,0.0,0.2035454535,0.573104438,7721.0,0.0
0.8127502026739298,0.0,0.237572542,0.5851523445,7721.0,0.0
0.8400920842263323,0.01302854,0.249969514,0.601807413,7721.0,0.0
0.838830204077343,0.129065916,0.245464261,0.615833849,7721.0,0.0
0.8379540055596528,0.259586789,0.225108695,0.632678888,7721.0,0.0
0.8363101186395246,0.373779086,0.196191547,0.619828569,7721.0,0.0
0.8351325701748837,0.3882137215,0.20185074749999998,0.607980009,7721.0,0.0
0.8344506634069739,0.274337487,0.19505849349999999,0.64447469,7721.0,0.0
0.8349183561726049,0.082184411,0.204575744,0.708180595,7721.0,0.0
0.8373598156610798,0.000581441,0.206828071,0.708616047,7721.0,0.0
0.8264058871916256,0.0,0.18140901450000002,0.6479562415,7721.0,0.0
0.7941471169350613,0.0,0.1524613655,0.5769210315,7721.0,0.0
0.7268691888988494,0.0,0.131461365,0.475286498,7721.0,0.0
0.705111112915546,0.0,0.1172764635,0.45391046,7721.0,0.0
0.6980251257025629,0.0,0.10241177800000001,0.465022281,7721.0,0.0
0.7353376786159789,0.0,0.08848274449999999,0.45206980350000003,7721.0,0.0
0.8093984541113711,0.0,0.080703148,0.414743676,7721.0,0.0
0.8429679679167021,0.006168947,0.075108173,0.358626958,7721.0,0.0
0.8444338106761786,0.1280985265,0.060438207,0.31032110749999997,7721.0,0.0
0.8410928940364959,0.274377812,0.0585728925,0.3157645745,7721.0,0.0
0.8404870986327779,0.27217710149999996,0.0700233375,0.357557657,7721.0,0.0
0.8405391773876028,0.0997866565,0.11085789400000001,0.414159089,7721.0,0.0
0.8416694342157787,0.0,0.158954947,0.490018554,7721.0,0.0
0.8299907565715391,0.0,0.1842477905,0.539099174,7721.0,0.0
0.7954327878382641,0.0,0.211144035,0.5741628345,7721.0,0.0
0.6990634834761114,0.0,0.25965867249999997,0.6234204569999999,7721.0,0.0
0.6781615861500614,0.0,0.2735018265,0.661690262,7721.0,0.0
0.677464520436399,0.0,0.28823347,0.69548384,7721.0,0.0
0.6807092584250153,0.0,0.3222657605,0.7344874525,7721.0,0.0
0.701252286587472,0.0,0.35943695350000004,0.7626347725,7721.0,0.0
0.7505627106497136,0.004616685,0.391522249,0.797362932,7721.0,0.0
0.7795428219944185,0.082844545,0.428590623,0.837084895,7721.0,0.0
0.7839648181821334,0.171537744,0.449728378,0.862166358,7721.0,0.0
0.7843739526788757,0.23033042050000002,0.4813922825,0.9024631635,7721.0,0.0
0.7847594652673945,0.226646025,0.4201924545,0.898015813,7721.0,0.0
0.7912532450462605,0.0839281925,0.360432862,0.892046222,7721.0,0.0
0.7981006229632626,0.0,0.3549752565,0.8757664035,7721.0,0.0
0.78939690874156,0.0,0.337417434,0.8577571079999999,7721.0,0.0
0.7600949448631117,0.0,0.310713385,0.8353046625,7721.0,0.0
0.7142672149387999,0.0,0.304191998,0.842628236,7721.0,0.0
0.6925353230720996,0.0,0.287838212,0.818794881,7721.0,0.0
0.6882375032705202,0.0,0.2609791805,0.7917185815000001,7721.0,0.0
0.6899228792713312,0.0,0.233124115,0.7824829135,7721.0,0.0
0.6935658956286195,0.0,0.20725848000000002,0.7568377589999999,7721.0,0.0
0.7264690006813046,0.008453476,0.1849465,0.754431789,7721.0,0.0
0.7601388515113786,0.120985705,0.176458005,0.736401279,7721.0,0.0
0.7848574573401367,0.250431647,0.185824862,0.718470435,7721.0,0.0
0.7878807762469497,0.3489930275,0.1277631495,0.6036883515,7721.0,0.0
0.7859538172534737,0.35145501599999995,0.107357475,0.5715502375,7721.0,0.0
0.7868553052795263,0.198672714,0.098380791,0.570940859,7721.0,0.0
0.7928587137967478,0.054468763,0.106817341,0.575730231,7721.0,0.0
0.7995845505451575,0.0,0.126121143,0.595336116,7721.0,0.0
0.8006651949900617,0.0,0.1373774475,0.5857725135,7721.0,0.0
0.7816419259687766,0.0,0.14719034549999999,0.5713373915,7721.0,0.0
0.7419866548199123,0.0,0.1635355265,0.5855468075,7721.0,0.0
0.7073856581066051,0.0,0.17232392733333335,0.5953824383333334,7721.0,0.0
0.7097405293175295,0.0,0.1856414975,0.6316614455,7721.0,0.0
0.7868553536899151,0.0,0.1998070955,0.663317999,7721.0,0.0
0.8393156913998503,0.004894452,0.210462507,0.685695522,7721.0,0.0
0.8512843075210309,0.130664888,0.22540687999999998,0.701909384,7721.0,0.0
0.8511929157915342,0.247894742,0.247369768,0.71357178,7721.0,0.0
0.8488325482303758,0.281231909,0.2760348365,0.7257723819999999,7721.0,0.0
0.8475648169184253,0.16643988199999998,0.317193699,0.731152965,7721.0,0.0
0.8484346323492489,0.0071923905,0.357817873,0.7440163580000001,7721.0,0.0
0.848633275917471,0.0,0.378989315,0.75759714,7721.0,0.0
0.8419584056656861,0.0,0.3889423305,0.76318589,7721.0,0.0
0.8219760573764934,0.0,0.422347168,0.776706538,7721.0,0.0
0.7504931276035547,0.0,0.429423844,0.7842923975,7721.0,0.0
0.6987577811203485,0.0,0.451235394,0.81686837,7721.0,0.0
0.6895792420626542,0.0,0.4667726755,0.8491986625000001,7721.0,0.0
0.7238372867907543,0.0,0.4855782825,0.8509061345,7721.0,0.0
0.8172927730032035,0.0,0.5123379514999999,0.8893579985,7721.0,0.0
0.8414734502670844,0.0393731025,0.5394243734999999,0.9188847849999999,7721.0,0.0
0.8378415313026494,0.053635426,0.523414383,0.929093418,7721.0,0.0
0.8369664936503382,0.036159363,0.544976076,0.9323688084999999,7721.0,0.0
0.8333742259429255,0.0300007915,0.550866807,0.932265271,7721.0,0.0
0.8298164356814361,0.005657296,0.5412554334999999,0.916216573,7721.0,0.0
0.8283509312043102,0.0,0.519220088,0.8901125135,7721.0,0.0
0.8178074425409825,0.0,0.49143522100000003,0.850158788,7721.0,0.0
0.7730068281597798,0.0,0.46069044049999996,0.8704484425,7721.0,0.0
0.6895680962594122,0.0,0.423814223,0.884247805,7721.0,0.0
0.6667622813170251,0.0,0.4508983545,0.8820257175,7721.0,0.0
0.6716704659907232,0.0,0.466079092,0.8838105535,7721.0,0.0
0.7241905948601384,0.0,0.485406001,0.885887463,7721.0,0.0
0.8105046787237604,0.000891187,0.488175852,0.878113577,7721.0,0.0
0.8381657051735701,0.0231439895,0.4822391255,0.8982309175000001,7721.0,0.0
0.8363101186395246,0.058053387,0.478310699,0.891900586,7721.0,0.0
0.8358207144049137,0.06521789850000001,0.5020874025000001,0.912290102,7721.0,0.0
0.8355055828468072,0.0493573255,0.509304369,0.917287358,7721.0,0.0
0.8355236678660158,0.019925659,0.508655926,0.905532795,7721.0,0.0
0.8345926831539549,0.0,0.489532224,0.8832579665,7721.0,0.0
0.8303179285411284,0.0,0.44648863650000004,0.818044239,7721.0,0.0
0.8125525503379359,0.0,0.406777101,0.7595700275,7721.0,0.0
0.7689124870615905,0.0,0.391201086,0.693428357,7721.0,0.0
0.7329017316145341,0.0,0.36166460450000004,0.6354037130000001,10964.0,0.0
0.7185485941000661,0.0,0.3476353245,0.6150015275,14207.0,0.0
0.7323981352644141,0.0,0.337843165,0.627527199,14207.0,0.0
0.8177325886661566,0.0,0.328047971,0.640818172,14207.0,0.0
0.8774854872119111,0.001083797,0.324167745,0.6416062570000001,14207.0,0.0
0.8794861880188032,0.056008204,0.312989351,0.629589438,14207.0,0.0
0.8729224383042489,0.173787982,0.289650459,0.60216776,14207.0,0.0
0.8720723518779493,0.244724159,0.260842582,0.579665057,14207.0,0.0
0.8693644063843962,0.30279692150000004,0.237001224,0.544471473,14207.0,0.0
0.8698414797451919,0.180972062,0.2374260075,0.5627975350000001,14207.0,0.0
0.8752098862414389,0.0099457785,0.27339937150000004,0.608277747,14207.0,0.0
0.8771320581165551,0.0,0.28520747,0.643550075,14207.0,0.0
0.8669158384403843,0.0,0.303223733,0.6255677925,14207.0,0.0
0.8406851134563168,0.0,0.305451876,0.595077897,14207.0,0.0
0.7916339221060307,0.0,0.2887843975,0.573250063,14207.0,0.0
0.7243342343872402,0.0,0.289277256,0.5610603695,14207.0,0.0
0.708187646843788,0.0,0.3003111935,0.5628049740000001,14207.0,0.0
0.720506476508487,0.0,0.323216293,0.5822952955,14207.0,0.0
0.8068658449453433,0.0,0.328780247,0.607624561,14207.0,0.0
0.870927830121891,0.000531491,0.33652161849999995,0.6442668385,14207.0,0.0
0.8732183727817371,0.0321710765,0.332038441,0.710666424,14207.0,0.0
0.8692263035495189,0.0466268475,0.33538917599999996,0.7356263075,14207.0,0.0
0.8690358803014535,0.0362991075,0.3014035465,0.7561782155000001,14207.0,0.0
0.8687556612923983,0.008235203,0.285983757,0.807888789,14207.0,0.0
0.8739997945817324,0.0,0.27604062,0.83590755,14207.0,0.0
0.8746186944415344,0.0,0.2703324405,0.839385057,14207.0,0.0
0.8491448267241897,0.0,0.2646377675,0.7969873009999999,14207.0,0.0
0.7915915386138974,0.0,0.276866621,0.7824512180000001,14207.0,0.0
0.7115142021283911,0.0,0.2983982755,0.7534686585,14207.0,0.0
0.6932545117430462,0.0,0.306756518,0.707412019,14207.0,0.0
0.6960367311707113,0.0,0.33039231849999995,0.6844756005,14207.0,0.0
0.7197034158550949,0.0,0.35320560349999996,0.6869633595,14207.0,0.0
0.7735581754546873,0.00143351,0.347333708,0.690414237,14207.0,0.0
0.7956747335152642,0.055560887,0.338197285,0.66737025,14207.0,0.0
0.8011919777516968,0.164142259,0.32155493,0.639705421,14207.0,0.0
0.7966845376214335,0.235256194,0.285940311,0.595317931,14207.0,0.0
0.7964354350785077,0.286128319,0.27153206350000003,0.5390378115000001,14207.0,0.0
0.7964524320447108,0.1362803585,0.2699812855,0.4960345415,14207.0,0.0
0.8064789538414865,0.025479468,0.265489677,0.488191129,14207.0,0.0
0.8286639834771832,0.0,0.27863549,0.51889722,14207.0,0.0
0.8240622664107318,0.0,0.29401419633333337,0.52525688,14207.0,0.0
0.7760716359504856,0.0,0.2971659875,0.46657813800000003,14207.0,0.0
0.7299902342116371,0.0,0.28505194300000003,0.472863605,14207.0,0.0
0.7114702470041389,0.0,0.27543153233333334,0.5038181126666667,14207.0,0.0
0.72047581915389,0.0,0.2891920515,0.5373846295,14207.0,0.0
0.7589026719654757,0.0007134025,0.318550815,0.5894713604999999,14207.0,0.0
0.8044483694590565,0.054786916000000005,0.3274062565,0.6079063655,14207.0,0.0
0.8079289122865402,0.10240646549999999,0.3037723885,0.652740195,14207.0,0.0
0.8040389933039509,0.113793667,0.3249513725,0.670367494,14207.0,0.0
0.8110366110913003,0.036100095,0.32886405500000004,0.6967721005,14207.0,0.0
0.8270172919031511,0.0,0.330390066,0.721727537,14207.0,0.0
0.8293770309164167,0.0,0.327391973,0.73656926,14207.0,0.0
0.8133829801785044,0.0,0.31351241399999996,0.7228777175000001,14207.0,0.0
0.76923064092356,0.0,0.28247524999999996,0.6736064115,14207.0,0.0
0.7281480660140418,0.0,0.26357907049999996,0.609974805,14207.0,0.0
0.7111952022653599,0.0,0.25681626599999996,0.578205744,14207.0,0.0
0.7235474695365751,0.0,0.2491152585,0.57818715,14207.0,0.0
0.8094147015037096,0.0,0.239361303,0.570177156,14207.0,0.0
0.8718578962173071,0.0,0.22653015199999998,0.556931853,14207.0,0.0
0.874357237016389,0.037667726000000006,0.19813554300000003,0.5089298,14207.0,0.0
0.8726864644226013,0.098198066,0.141791557,0.43459728,14207.0,0.0
0.8721801360341606,0.100972389,0.1526772025,0.411490551,14207.0,0.0
0.8718892303333955,0.0577554805,0.1709102885,0.3914733315,14207.0,0.0
0.8726938145365017,0.00247869,0.188698728,0.422271685,14207.0,0.0
0.8773003832029012,0.0,0.193832746,0.4662700655,14207.0,0.0
0.8671161259939215,0.0,0.1730369925,0.467567265,14207.0,0.0
0.8266532247232643,0.0,0.161388309,0.4783509765,14207.0,0.0
0.7497628657449491,0.0,0.15663476850000002,0.4674009175,14207.0,0.0
0.7128622998021976,0.0,0.1507984345,0.5441241514999999,14207.0,0.0
0.7076669811086719,0.0,0.147667718,0.6014141315,14207.0,0.0
0.7702097392647437,0.0,0.13903826749999998,0.639716397,14207.0,0.0
0.8713367711738685,0.0,0.133763188,0.6585462325,14207.0,0.0
0.8739707814092408,0.049666694,0.1199275535,0.639523552,14207.0,0.0
0.8700770185237113,0.11103383,0.092794521,0.506346563,14207.0,0.0
0.8689480185945311,0.1421895365,0.08271484700000001,0.4893522085,14207.0,0.0
0.8692486919767806,0.0836588735,0.081311894,0.48149515649999997,14207.0,0.0
0.8747987694770308,0.0092293705,0.0921601675,0.46099925399999997,14207.0,0.0
0.8761218191040478,0.0,0.09084088900000001,0.41334974550000003,14207.0,0.0
0.84917021325012,0.0,0.0830453885,0.33084060849999997,14207.0,0.0
0.8137626175956578,0.0,0.076134982,0.275161213,14207.0,0.0
0.7554544064695,0.0,0.06601274400000001,0.24276266,14207.0,0.0
0.7157011190426994,0.0,0.0571053905,0.20627452899999998,14207.0,0.0
0.7109217044287319,0.0,0.0463902235,0.17751419200000002,14207.0,0.0
0.7736437642348213,0.0,0.04336368,0.194248512,14207.0,0.0
0.8746491097441877,0.0,0.049498372,0.22540864300000002,14207.0,0.0
0.8751788421941026,0.043371683999999994,0.048203222000000004,0.2385597645,14207.0,0.0
0.8725272788634273,0.120374637,0.039834702,0.241243563,14207.0,0.0
0.8711001201371491,0.117850273,0.039839717999999996,0.2268116215,14207.0,0.0
0.8709781680706232,0.0669626755,0.049530810999999994,0.22963393399999998,14207.0,0.0
0.8726938145365017,0.013162385,0.073023754,0.271674584,14207.0,0.0
0.8770692446532122,0.0,0.095300297,0.3057098925,14207.0,0.0
0.8672212023170064,0.0,0.10461054850000001,0.2827638415,14207.0,0.0
0.8279287892690516,0.0,0.10827405100000001,0.2269085575,14207.0,0.0
0.7527468718738808,0.0,0.1078535165,0.181394883,14207.0,0.0
0.7151053091672153,0.0,0.113490458,0.157555689,14207.0,0.0
0.7117495472653557,0.0,0.11684943149999999,0.1306205355,14207.0,0.0
0.7774749071017726,0.0,0.115354228,0.11877073,14207.0,0.0
0.8752992951128992,0.0,0.111424845,0.09907650600000001,14207.0,0.0
0.8777088403477815,0.013025008000000001,0.104423387,0.07450689699999999,14207.0,0.0
0.8730567692613983,0.043813395,0.090829204,0.062778003,14207.0,0.0
0.8724811476987606,0.04590929,0.089452802,0.0534287215,14207.0,0.0
0.871862393266915,0.020084266,0.0906378305,0.044025529,14207.0,0.0
0.8724112261734609,0.00309087,0.091583751,0.049330763,14207.0,0.0
0.8772486911408157,0.0,0.0930509645,0.051419937,14207.0,0.0
0.8672391421050487,0.0,0.08566533900000001,0.0375741275,14207.0,0.0
0.827313371218225,0.0,0.0792496255,0.029068723999999997,14207.0,0.0
0.7568625857651189,0.0,0.07955227349999999,0.0318575065,14207.0,0.0
0.7181549336101838,0.0,0.0761250195,0.033901203000000005,14207.0,0.0
0.7117448569677733,0.0,0.0670843435,0.044217671,14207.0,0.0
0.7739129098594275,0.0,0.050503882,0.058179274,14207.0,0.0
0.8747435477859515,0.0,0.0402593285,0.0614440265,14207.0,0.0
0.8764934780561984,0.0241176195,0.033180513,0.0689591145,14207.0,0.0
0.8718404883531703,0.064906498,0.02435868,0.08438807200000001,14207.0,0.0
0.8720791216575554,0.061479276,0.024064437,0.1064630765,14207.0,0.0
0.8716064003119914,0.014407128,0.0304847455,0.1341992125,14207.0,0.0
0.8772241750179319,0.0,0.0415836205,0.1729259745,14207.0,0.0
0.8682442071096667,0.0,0.055669870499999996,0.224394447,14207.0,0.0
0.8285628240662021,0.0,0.0803140685,0.2856550855,14207.0,0.0
0.7487193095615268,0.0,0.12261610349999999,0.3389284225,14207.0,0.0
0.7000832969221285,0.0,0.1735790995,0.413750089,14207.0,0.0
0.6900009244928003,0.0,0.221351931,0.486798734,14207.0,0.0
0.696098819265384,0.0,0.253840786,0.54160532,14207.0,0.0
0.7172747217531927,0.0,0.28278653200000003,0.5819487685,14207.0,0.0
0.7806068805678432,0.001319346,0.33095962999999995,0.6305321795000001,14207.0,0.0
0.8029431653145194,0.028584771,0.36002327700000003,0.6495593479999999,14207.0,0.0
0.8040307487786,0.049552432,0.3987477025,0.6608009775000001,14207.0,0.0
0.804150790799463,0.016811826000000002,0.4430388435,0.717523576,14207.0,0.0
0.8118835301793608,0.0007864115,0.4732337265,0.77439843,14207.0,0.0
0.8184659452474181,0.0,0.4856544395,0.8045460455,14207.0,0.0
0.7996313100609269,0.0,0.49169943,0.8114811115,14207.0,0.0
0.7584880977940766,0.0,0.4779140975,0.7962484329999999,14207.0,0.0
0.710525964653616,0.0,0.491720811,0.8050973525,14207.0,0.0
0.6898379430474941,0.0,0.5390250015,0.8361521585,14207.0,0.0
0.6907641648463898,0.0,0.5698020885,0.8650744495,14207.0,0.0
0.711653054340343,0.0,0.5718901590000001,0.8719306285,14207.0,0.0
0.7732430679049851,0.0013189955,0.5668010705,0.8787566385000001,14207.0,0.0
0.794689542352756,0.008277709,0.553514635,0.878034532,14207.0,0.0
0.7967791689111721,0.016414917,0.5245561595,0.8481139375,14207.0,0.0
0.7969289736783911,0.011916093499999999,0.5398190615,0.851571371,14207.0,0.0
0.7982289577230748,0.0043771365,0.560831505,0.8613377085,14207.0,0.0
0.8105395186572286,0.0,0.5624400865,0.879714109,14207.0,0.0
0.8070422935310686,0.0,0.5416062165,0.8803044959999999,14207.0,0.0
0.780214017865424,0.0,0.5129608565,0.8782086035,14207.0,0.0
0.7372633565052651,0.0,0.4861460355,0.8836530135,14207.0,0.0
0.7110559387618941,0.0,0.492880834,0.8708932775,14207.0,0.0
0.7063489604551683,0.0,0.495647962,0.8557628755,14207.0,0.0
0.7698849608543343,0.0,0.4808666615,0.8293945954999999,14207.0,0.0
0.8712945085109168,0.0,0.471582111,0.773506244,14207.0,0.0
0.8741311276370035,0.018664535,0.466810165,0.7215341945,14207.0,0.0
0.8704629422069541,0.0442683825,0.450396792,0.650933777,14207.0,0.0
0.8703228567108307,0.043285312,0.45255529,0.6273160425,14207.0,0.0
0.8713724088947999,0.010720697999999999,0.4178329805,0.6140556100000001,14207.0,0.0
0.8770656664170395,0.0,0.3614650815,0.624506682,14207.0,0.0
0.8668692721725896,0.0,0.295762376,0.657768149,14207.0,0.0
0.8263459265957849,0.0,0.244158857,0.6504745215000001,14207.0,0.0
0.7493638618108167,0.0,0.19544539449999998,0.5953216355,14207.0,0.0
0.713142180332112,0.0,0.188270045,0.55123063,14207.0,0.0
0.7087525336979077,0.0,0.177508478,0.5084301715,14207.0,0.0
0.7732283194635858,0.0,0.1654572805,0.47060035499999997,14207.0,0.0
0.8742181671544782,0.0,0.15869210350000001,0.466778516,14207.0,0.0
0.8761711414185674,0.019391036,0.1745281255,0.47573703700000003,14207.0,0.0
0.8726974409862729,0.0510187925,0.1813077845,0.473950102,14207.0,0.0
0.8724641751345419,0.045566499499999996,0.1656659565,0.46383498349999996,14207.0,0.0
0.8722523304862486,0.0061670100000000005,0.16088666899999998,0.48022408299999997,14207.0,0.0
0.875600113726315,0.0,0.15774803399999998,0.5322135975,14207.0,0.0
0.8665807360226003,0.0,0.14350583249999999,0.535783358,14207.0,0.0
0.8274341144025639,0.0,0.1194164375,0.484308266,14207.0,0.0
0.7543198942500797,0.0,0.101377247,0.427433274,14207.0,0.0
0.7153568050725309,0.0,0.093762395,0.3599978425,14207.0,0.0
0.7104639731829305,0.0,0.086860438,0.3484794095,14207.0,0.0
0.7734767450482302,0.0,0.081040187,0.3276843065,14207.0,0.0
0.8741540479881706,0.0,0.073367568,0.30229558199999995,14207.0,0.0
0.874755491573447,0.031546126,0.0744348255,0.281902851,14207.0,0.0
0.8728111245190439,0.12711418200000002,0.07401587,0.208869909,14207.0,0.0
0.8725055189840585,0.063848383,0.076925377,0.1765627185,14207.0,0.0
0.8723814392219102,0.007025877999999999,0.09950328850000001,0.187490378,14207.0,0.0
0.8779824832187857,0.0,0.150697618,0.275884446,14207.0,0.0
0.8683505405285372,0.0,0.2094187545,0.343188111,14207.0,0.0
0.8277154940802078,0.0,0.273673621,0.437303883,14207.0,0.0
0.7532115663440528,0.0,0.3283063625,0.527985014,14207.0,0.0
0.7151046322089336,0.0,0.3653809845,0.5744282334999999,14207.0,0.0
0.7098120950249347,0.0,0.37570935299999997,0.5815400454999999,14207.0,0.0
0.7728685318801378,0.0,0.340429458,0.6004516305,14207.0,0.0
0.8718578962173071,0.0,0.31228381250000004,0.6246613480000001,14207.0,0.0
0.8747746400468863,0.0116658935,0.2958524925,0.6669915854999999,14207.0,0.0
0.8705373611754419,0.0552420725,0.2775448865,0.6981402875,14207.0,0.0
0.8694493182062486,0.06521874550000001,0.2763934685,0.681608897,14207.0,0.0
0.8713564031608247,0.014742075,0.2886187815,0.632698194,14207.0,0.0
0.8763303271745317,0.0,0.31020129949999997,0.635941908,14207.0,0.0
0.8658863539368699,0.0,0.32060294899999997,0.6278336365,14207.0,0.0
0.8270428232666671,0.0,0.31663397449999997,0.6548017925,14207.0,0.0
0.7742136800624545,0.0,0.320583366,0.65298693,14207.0,0.0
0.7264970706383764,0.0,0.31318120250000003,0.653515886,14207.0,0.0
0.7127291293168463,0.0,0.32931327099999996,0.6743775825,14207.0,0.0
0.7284596919515587,0.0,0.33546378499999996,0.710966183,14207.0,0.0
0.8163033990650339,0.0,0.33804114,0.724358383,14207.0,0.0
0.8772200648578536,0.0,0.335289724,0.7291661595,14207.0,0.0
0.8790577600142455,0.019493483,0.344858775,0.728454505,14207.0,0.0
0.8751887549099632,0.084922946,0.364908498,0.72931592,14207.0,0.0
0.8712112404775895,0.134570955,0.390506529,0.679240171,14207.0,0.0
0.8724669313780571,0.151700071,0.426503375,0.661657146,14207.0,0.0
0.8715945049348848,0.08001834099999999,0.4675028055,0.633032461,14207.0,0.0
0.8758110877747717,0.002924684,0.472054129,0.619845136,14207.0,0.0
0.8820219891218447,0.0,0.4759584375,0.640417265,14207.0,0.0
0.8736023624109124,0.0,0.480675673,0.6605259805,14207.0,0.0
0.8346885231290901,0.0,0.4685732545,0.663229281,14207.0,0.0
0.7627307443149653,0.0,0.4742887095,0.624928806,14207.0,0.0
0.7187208359017259,0.0,0.47043565750000005,0.565530547,14207.0,0.0
0.7103678911558515,0.0,0.475060752,0.5087532255,14207.0,0.0
0.7185110703418758,0.0,0.4708166665,0.4742014435,14207.0,0.0
0.7586217277845404,0.0,0.4590925295,0.44105003249999997,14207.0,0.0
0.8007315386727691,0.002955013,0.444373415,0.419979141,14207.0,0.0
0.8135683258458776,0.034629334,0.436979024,0.417331605,14207.0,0.0
0.8133662006654702,0.092227369,0.428706755,0.402798795,14207.0,0.0
0.8125287835921267,0.115423891,0.43813747599999997,0.406450895,14207.0,0.0
0.8128899008869434,0.048910552,0.46846683,0.43753491349999996,14207.0,0.0
0.8211384464648046,0.001828199,0.472886811,0.455418611,14207.0,0.0
0.8371171688206036,0.0,0.4576411575,0.476197679,14207.0,0.0
0.8370133497900947,0.0,0.40989320149999997,0.5026187365,14207.0,0.0
0.806481226768275,0.0,0.3396866295,0.523126999,14207.0,0.0
0.7582898653205785,0.0,0.291872708,0.5338720175,14207.0,0.0
0.7283800749667773,0.0,0.250889791,0.612083115,14207.0,0.0
0.7210574853242538,0.0,0.223166443,0.667413019,14207.0,0.0
0.7258523495430966,0.0,0.2216014625,0.7425646985000001,14207.0,0.0
0.7617933525076335,0.0,0.20915266500000002,0.782604138,14207.0,0.0
0.8012371414957493,0.006543468,0.1932209,0.793806936,14207.0,0.0
0.8145885263782146,0.049769473,0.176855792,0.774354483,14207.0,0.0
0.8150823308416556,0.103930747,0.158637391,0.734712769,14207.0,0.0
0.8150007554008225,0.1196055935,0.15905912,0.7005535700000001,14207.0,0.0
0.8159894763891146,0.0368831695,0.161580607,0.689420497,14207.0,0.0
0.8223696694559871,0.0,0.165315514,0.693641421,14207.0,0.0
0.8337344246210974,0.0,0.167112531,0.694640886,14207.0,0.0
0.8383908959363109,0.0,0.16276068900000001,0.682711123,14207.0,0.0
0.8227261446668199,0.0,0.1521226645,0.6460807785,14207.0,0.0
0.790845005354549,0.0,0.136413934,0.600024987,14207.0,0.0
0.7632245487784066,0.0,0.137655369,0.57580674,14207.0,0.0
0.744799217328228,0.0,0.13190329,0.553266847,14207.0,0.0
0.7411754944787552,0.0,0.1415361175,0.561717291,14207.0,0.0
0.8092193461029084,0.0,0.153186663,0.5852613154999999,14207.0,0.0
0.8858048249149086,0.0,0.16522121,0.6042855105,14207.0,0.0
0.8860313693974222,0.020140347000000003,0.1714055685,0.6008931405,14207.0,0.0
0.8840802811705919,0.14932467100000002,0.1733797895,0.5956316454999999,14207.0,0.0
0.8816949621866316,0.11813751549999998,0.178798446,0.601661227,14207.0,0.0
0.8831687351975125,0.02307933,0.189509747,0.606530358,14207.0,0.0
0.889795782085717,0.000714112,0.2090154565,0.615032019,14207.0,0.0
0.8928544972518884,0.0,0.245634033,0.6316605829999999,14207.0,0.0
0.863698179373402,0.0,0.2922176675,0.6303465779999999,14207.0,0.0
0.8296724816835978,0.0,0.322599381,0.618543489,14207.0,0.0
0.7809538539607495,0.0,0.35455876399999997,0.610626559,14207.0,0.0
0.7486433436252914,0.0,0.3601668165,0.5607147429999999,14207.0,0.0
0.7437030264576712,0.0,0.376841409,0.5272813615,14207.0,0.0
0.8104439927592495,0.0,0.3823871255,0.5296200145,14207.0,0.0
0.8864920023146952,0.0,0.366561854,0.5285307155,14207.0,0.0
0.8872929594776595,0.0293404845,0.323435439,0.538373996,14207.0,0.0
0.8858023587401456,0.137530504,0.270259963,0.530005621,14207.0,0.0
0.8846739393420497,0.158987442,0.2226962145,0.508099568,14207.0,0.0
0.8851299781921471,0.07193252850000001,0.209103896,0.523737637,14207.0,0.0
0.8914843978435598,0.0,0.2105970445,0.5647155755,14207.0,0.0
0.8947763306478638,0.0,0.198269369,0.596912149,14207.0,0.0
0.8651254347236673,0.0,0.17857958499999999,0.585406262,14207.0,0.0
0.8148183108145503,0.0,0.1663298275,0.545476555,14207.0,0.0
0.7591968900388557,0.0,0.1541887315,0.511418896,14207.0,0.0
0.7440221715518686,0.0,0.1493040575,0.4909781185,14207.0,0.0
0.7583419438786132,0.0,0.1726204285,0.490780907,14207.0,0.0
0.8480666484540487,0.0,0.196760382,0.49727507,14207.0,0.0
0.8864350396207328,0.0,0.211153971,0.518549921,14207.0,0.0
0.8860423461578841,0.0166388815,0.230523415,0.551967007,14207.0,0.0
0.8853501399813744,0.1097721055,0.2625512525,0.541256947,14207.0,0.0
0.8845491824248296,0.0957409425,0.252767437,0.4691853265,14207.0,0.0
0.8863024494696761,0.007005498,0.2618340705,0.4347701805,14207.0,0.0
0.8928794002643017,0.0,0.27278592049999995,0.40846433299999996,14207.0,0.0
0.8836586711592389,0.0,0.285138797,0.3914037715,14207.0,0.0
0.8419449629272515,0.0,0.2937232335,0.351046062,14207.0,0.0
0.7820137299553032,0.0,0.305671539,0.304333736,14207.0,0.0
0.7498199972849013,0.0,0.3111287205,0.332396356,14207.0,0.0
0.7452467938062252,0.0,0.3204068745,0.3420146455,14207.0,0.0
0.814050936095688,0.0,0.300812358,0.3374557415,14207.0,0.0
0.8888076412349288,0.0,0.27579688,0.3130539835,14207.0,0.0
0.8894495096594965,0.0264337625,0.24689599550000002,0.28403382,14207.0,0.0
0.8898806454971807,0.14172794,0.228364361,0.233315028,14207.0,0.0
0.8894497999250389,0.17023339650000002,0.18225961899999998,0.1923127965,14207.0,0.0
0.8906048631416408,0.062746016,0.1637907845,0.1381607985,14207.0,0.0
0.8982762880091347,0.0,0.145146365,0.09013104599999999,14207.0,0.0
0.9021511922931866,0.0,0.1320669,0.08017424549999999,14207.0,0.0
0.8741107218709883,0.0,0.1464157135,0.0810599385,14207.0,0.0
0.8433215416528536,0.0,0.163408111,0.089712371,14207.0,0.0
0.7923020956731734,0.0,0.2044098935,0.116165061,14207.0,0.0
0.7554677525839475,0.0,0.236162287,0.146988219,14207.0,0.0
0.7511056199745054,0.0,0.275742887,0.186020507,14207.0,0.0
0.778405214855552,0.0,0.31105493,0.193783415,14207.0,0.0
0.8749779258958824,0.0,0.3421256935,0.215255528,14207.0,0.0
0.8918674204457017,0.0009725305,0.3753745755,0.248374796,14207.0,0.0
0.8986174832482432,0.031938911,0.401404293,0.287489436,14207.0,0.0
0.898621012877237,0.098083874,0.409870886,0.332517813,14207.0,0.0
0.8974833093111735,0.075363267,0.41882625549999997,0.34634308849999995,14207.0,0.0
0.8980890563045028,0.004987221,0.4289334725,0.339146707,14207.0,0.0
0.9049097177874157,0.0,0.43950538699999997,0.335636051,14207.0,0.0
0.8958535418909712,0.0,0.4379797765,0.335563268,14207.0,0.0
0.8549322320226509,0.0,0.44113528700000004,0.3484237445,14207.0,0.0
0.8179150816628176,0.0,0.478483933,0.342816487,14207.0,0.0
0.7552382342079595,0.0,0.46331988300000004,0.3335312885,14207.0,0.0
0.7414272322392244,0.0,0.479209587,0.332328873,14207.0,0.0
0.7434023530754217,0.0,0.498396238,0.3593041115,14207.0,0.0
0.7670386704739602,0.0,0.4796857485,0.397231683,14207.0,0.0
0.8160718738226054,0.0007595755,0.4495572945,0.415810048,14207.0,0.0
0.8398475995621958,0.02046973,0.414234299,0.426496964,14207.0,0.0
0.8411207947539974,0.068570966,0.402914099,0.450716182,14207.0,0.0
0.8389488195660597,0.112938008,0.363796652,0.4483340305,14207.0,0.0
0.8382799204334564,0.076076088,0.363503449,0.436522633,14207.0,0.0
0.844004125379045,0.008266961,0.3677063745,0.4512040725,14207.0,0.0
0.8605070190905497,0.0,0.3629707255,0.490840822,14207.0,0.0
0.8549903551884115,0.0,0.36585838400000004,0.4993576635,14207.0,0.0
0.8217053157833804,0.0,0.381266127,0.5126283869999999,14207.0,0.0
0.7861333123482562,0.0,0.387731602,0.524454079,14207.0,0.0
0.7536165420735379,0.0,0.385729164,0.5125060084999999,14207.0,0.0
0.7389347092365569,0.0,0.38640739700000004,0.5254844875,14207.0,0.0
0.7406151772898264,0.0,0.374184407,0.5540821064999999,14207.0,0.0
0.758200432243924,0.0,0.361260987,0.584727193,14207.0,0.0
0.7900829256695481,0.0,0.34177735750000005,0.6095423605,14207.0,0.0
0.8326953172736843,0.0215894015,0.3206445845,0.57990529,14207.0,0.0
0.8395990531483698,0.077209559,0.271812391,0.497359548,14207.0,0.0
0.8372849615894637,0.0982245565,0.25668341149999996,0.44551449,14207.0,0.0
0.8383775498218635,0.0495281,0.2707473185,0.461793499,14207.0,0.0
0.8570770318617574,0.0,0.30411098150000004,0.499895454,14207.0,0.0
0.866211881921144,0.0,0.3157236485,0.45881967349999997,14207.0,0.0
0.8557433439534194,0.0,0.329819383,0.419037113,14207.0,0.0
0.8280036433406675,0.0,0.3445326735,0.386520116,14207.0,0.0
0.7942689481724057,0.0,0.335066795,0.335614452,14207.0,0.0
0.7675111745631455,0.0,0.354297518,0.3394130675,14207.0,0.0
0.7552414255546028,0.0,0.374442202,0.376788614,14207.0,0.0
0.754574243219688,0.0,0.3881418635,0.43547341799999995,14207.0,0.0
0.7816074967364519,0.0,0.397280176,0.470604342,14207.0,0.0
0.8786753179431882,0.0,0.404760933,0.4799227095,14207.0,0.0
0.8961112756519874,0.001926913,0.408660596,0.484942632,14207.0,0.0
0.9001907712912098,0.063909649,0.394066396,0.493699913,14207.0,0.0
0.9009704524819027,0.133093004,0.398036718,0.502498885,14207.0,0.0
0.8984405511490012,0.1691267905,0.3648006975,0.5025174365,14207.0,0.0
0.898156753706983,0.07235327899999999,0.35691086699999997,0.5339628375000001,14207.0,0.0
0.9026011871259286,0.0,0.359981293,0.566265352,14207.0,0.0
0.909428860046811,0.0,0.34749317300000004,0.5726818905,14207.0,0.0
0.8994672794090004,0.0,0.3497853125,0.5628305975,14207.0,0.0
0.860077333596626,0.0,0.367366456,0.550885699,14207.0,0.0
0.8187217447575769,0.0,0.39872458,0.536701084,14207.0,0.0
0.7677691741877194,0.0,0.3748535105,0.530028218,14207.0,0.0
0.7556883736814972,0.0,0.352457,0.5398265245,14207.0,0.0
0.769987063283945,0.0,0.3228447835,0.5595016070000001,14207.0,0.0
0.8591746368851764,0.0,0.293506506,0.56141353,14207.0,0.0
0.8987996859793619,0.0,0.255274609,0.539100723,14207.0,0.0
0.8985325710328104,0.003640054,0.211417743,0.516368778,14207.0,0.0
0.9014676417367519,0.065254093,0.175452052,0.495391045,14207.0,0.0
0.9016139650885758,0.1526063765,0.1270284645,0.4539115545,14207.0,0.0
0.9008022726267226,0.135804072,0.0902400815,0.385532145,14207.0,0.0
0.901823633630858,0.0226668265,0.08820955050000001,0.35935087750000005,14207.0,0.0
0.9093198672052027,0.0,0.0912610145,0.307460728,14207.0,0.0
0.9018090302238349,0.0,0.105990208,0.249646977,14207.0,0.0
0.8622372687666613,0.0,0.1407456465,0.240547799,14207.0,0.0
0.7981140657016972,0.0,0.16537096750000002,0.2428323035,14207.0,0.0
0.7600436881009444,0.0,0.181134026,0.283500866,14207.0,0.0
0.756047726161817,0.0,0.1956840345,0.31359175,14207.0,0.0
0.8205921041350062,0.0,0.2076752375,0.342287752,14207.0,0.0
0.8976765854267412,0.0,0.22497232350000002,0.381653376,14207.0,0.0
0.8985434995796736,0.002963294,0.238038039,0.427288883,14207.0,0.0
0.9011460306645815,0.08333498,0.2363350465,0.45295431350000004,14207.0,0.0
0.8989242974686256,0.13716628,0.22264516,0.5119635725,14207.0,0.0
0.897719428227197,0.06707267850000001,0.2489461475,0.601576825,14207.0,0.0
0.9017621256736895,0.0,0.293436338,0.684981857,14207.0,0.0
0.9069248285565663,0.0,0.32381376650000004,0.7580540819999999,14207.0,0.0
0.8954707613407732,0.0,0.380334132,0.8379699905,14207.0,0.0
0.8501109174300668,0.0,0.44176975399999996,0.8909161375000001,14207.0,0.0
0.7853294535138204,0.0,0.5014065525,0.914618277,14207.0,0.0
0.7510388655906546,0.0,0.5685988325,0.9298235155,14207.0,0.0
0.745246793806225,0.0,0.6422892065000001,0.935347913,14207.0,0.0
0.8116535282898562,0.0,0.7057061695,0.932163424,14207.0,0.0
0.8870970721529525,0.0,0.7451742965,0.907671281,14207.0,0.0
0.8881943992901135,0.0017847145,0.7589441729999999,0.8803703185,14207.0,0.0
0.8888769346059162,0.0144201965,0.6698987235,0.86697045,14207.0,0.0
0.8886544032659132,0.015042888,0.6545317820000001,0.8841954795,14207.0,0.0
0.8896062292406979,0.000754414,0.610207344,0.91919772,14207.0,0.0
0.8958846345454865,0.0,0.583077839,0.934071869,14207.0,0.0
0.8948155468017581,0.0,0.5688708035000001,0.9334493455,14207.0,0.0
0.8635976487071039,0.0,0.567774871,0.936157708,14207.0,0.0
0.8123211217194948,0.0,0.542668296,0.9340818595,14207.0,0.0
0.7572821162944483,0.0,0.5731603955,0.9359267515,14207.0,0.0
0.7423825880397932,0.0,0.634139732,0.936697384,14207.0,0.0
0.7558080048044264,0.0,0.659903586,0.93627924,14207.0,0.0
0.8680297998594133,0.0,0.6360428455,0.935199518,14207.0,0.0
0.8850119912513232,0.0,0.59548669,0.9342857760000001,14207.0,0.0
0.8866317491348875,0.004331819,0.578935737,0.93426493,14207.0,0.0
0.885795057036634,0.0173806175,0.529742792,0.929971264,14207.0,0.0
0.8848243726571617,0.018751332,0.5870458075,0.9290282625,14207.0,0.0
0.8848820605230041,0.001431028,0.6195223679999999,0.9281069685000001,14207.0,0.0
0.8897483454148759,0.0,0.638032061,0.930127149,14207.0,0.0
0.8889174560691947,0.0,0.6506443035,0.9291405690000001,14207.0,0.0
0.8604335673458858,0.0,0.6595481185000001,0.927256409,14207.0,0.0
0.8272886616505766,0.0,0.662400945,0.925039288,14207.0,0.0
0.7877058752193427,0.0,0.6258195575,0.916261649,14207.0,0.0
0.7670294347163814,0.0,0.668277503,0.9185441375000001,13348.0,0.0
0.7604615748417487,0.0,0.6667550255,0.912647363,13348.0,0.0
0.7627722574040524,0.0,0.6548783970000001,0.906060477,13348.0,0.0
0.7911405769509119,0.0,0.6479738355,0.899834114,13348.0,0.0
0.8273893857616396,0.0016349765,0.646258288,0.8912757675,13348.0,0.0
0.8351319896437993,0.009379886,0.630317982,0.860610328,13348.0,0.0
0.8346627015000321,0.017164804,0.610976609,0.851353646,13348.0,0.0
0.8343673955704367,0.00802739,0.596072674,0.8392313475,13348.0,0.0
0.8404369543256007,0.0,0.576506226,0.804439142,13348.0,0.0
0.852494931104643,0.0,0.5426989065000001,0.774387699,13348.0,0.0
0.8491670219034768,0.0,0.486090241,0.7431711045,13348.0,0.0
0.828223466650754,0.0,0.43762843149999997,0.7040595845,13348.0,0.0
0.7885856275712211,0.0,0.3847604135,0.691829324,13348.0,0.0
0.7612389829088629,0.0,0.3709139045,0.6632390935,13348.0,0.0
0.7512387906566468,0.0,0.350887709,0.642482067,13348.0,0.0
0.7537711097539226,0.0,0.332537272,0.6322358115,13348.0,0.0
0.7853555412032265,0.0,0.330121508,0.660945023,13348.0,0.0
0.8244354082426218,0.001708648,0.340624482,0.7017586474999999,13348.0,0.0
0.8310712559820672,0.015210801,0.346599947,0.718173995,13348.0,0.0
0.8303684115242367,0.01189376,0.40201772,0.7766383565,13348.0,0.0
0.8332088507416495,0.0005386275,0.4426283595,0.8221813135,13348.0,0.0
0.8481172280611442,0.0,0.48638560799999997,0.8609804485,13348.0,0.0
0.8441287370650987,0.0,0.503233795,0.8681780530000001,13348.0,0.0
0.8227299165445476,0.0,0.508974272,0.8529487555,13348.0,0.0
0.791060089563084,0.0,0.485691041,0.809131406,13348.0,0.0
0.7641389960293772,0.0,0.4853330475,0.8086542655,13348.0,0.0
0.7482888506821244,0.0,0.45416684100000004,0.805011562,13348.0,0.0
0.7617966164698597,0.0,0.409067555,0.8098938314999999,13348.0,0.0
0.8659757628083302,0.0,0.38158751700000004,0.8113240175,13348.0,0.0
0.890066185002899,0.0,0.36908933850000003,0.815789385,13348.0,0.0
0.8858474260570011,0.003836406,0.366469781,0.817493171,13348.0,0.0
0.8852197739531369,0.0083329055,0.350788615,0.8087535125,13348.0,0.0
0.8825241589398185,0.0078736245,0.379238546,0.850071815,13348.0,0.0
0.8830594520903621,0.0007773585,0.40389080200000005,0.8863784825000001,13348.0,0.0
0.8890211784757164,0.0,0.427376138,0.896224851,13348.0,0.0
0.8892822970281405,0.0,0.446395388,0.9045950945000001,13348.0,0.0
0.866871545099378,0.0,0.442775958,0.905487232,13348.0,0.0
0.8256133920071811,0.0,0.42037031,0.8926396940000001,13348.0,0.0
0.7597993728731686,0.0,0.4036050255,0.8834496295,13348.0,0.0
0.7466191417393575,0.0,0.3923468345,0.8842379305,13348.0,0.0
0.7629577967129805,0.0,0.38750746999999997,0.883954957,13348.0,0.0
0.870896447595414,0.0,0.3891137665,0.8829438885,13348.0,0.0
0.892999756559111,0.0,0.387717246,0.8724173694999999,13348.0,0.0
0.8868288451449913,0.02422587,0.391527339,0.855863322,13348.0,0.0
0.8869399658790118,0.043623503499999994,0.399115216,0.8151929755,13348.0,0.0
0.8875287401113323,0.041245263500000004,0.43238308000000003,0.7898849155000001,13348.0,0.0
0.8885773732850764,0.020025842,0.45428959,0.782657505,13348.0,0.0
0.8947567466777159,0.0,0.478325169,0.7781092435,13348.0,0.0
0.9010125215032994,0.0,0.501229199,0.7650784035,13348.0,0.0
0.8799737546265439,0.0,0.5222112435,0.745937565,13348.0,0.0
0.842603465436897,0.0,0.537891082,0.734323599,13348.0,0.0
0.7999513499601553,0.0,0.532641222,0.7486032775,13348.0,0.0
0.7884949372019905,0.0,0.5421816475000001,0.795922531,13348.0,0.0
0.8051570166694597,0.0,0.539131158,0.808579632,13348.0,0.0
0.900569393467731,0.0,0.525801211,0.7895352455,13348.0,0.0
0.9039461414699002,0.00051297,0.4932710455,0.7373833439999999,13348.0,0.0
0.9024290905554353,0.0884792825,0.426245536,0.6605826855,13348.0,0.0
0.896721906584454,0.14237745499999999,0.3755468065,0.623873372,13348.0,0.0
0.8958034940109911,0.060674412999999996,0.409053625,0.6506958725,13348.0,0.0
0.900501696262041,0.0,0.438597567,0.674451393,13348.0,0.0
0.9065147756399694,0.0,0.4509005105,0.6800029395,13348.0,0.0
0.8979757114476627,0.0,0.462244966,0.664661743,13348.0,0.0
0.8698260545423012,0.0,0.464274766,0.6703161655000001,13348.0,0.0
0.8323736093807365,0.0,0.480558039,0.688712787,13348.0,0.0
0.8001199405164787,0.0,0.4326990895,0.6728691250000001,13348.0,0.0
0.7866908730968798,0.0,0.4099473265,0.6520727395,13348.0,0.0
0.800335097537387,0.0,0.39838150699999997,0.6546786485,13348.0,0.0
0.895093638115191,0.0,0.37077337050000003,0.6407703925,13348.0,0.0
0.8998972547748861,0.0,0.3461535675,0.583626831,13348.0,0.0
0.8998086194856947,0.036032932,0.30217092349999997,0.5261196805,13348.0,0.0
0.8978228119577877,0.0819988445,0.2513067105,0.461027264,13348.0,0.0
0.8973870822497184,0.016161757,0.219138029,0.42296998350000004,13348.0,0.0
0.902717384850271,0.0,0.20539125600000002,0.441221245,13348.0,0.0
0.9052812315083999,0.0,0.197788381,0.489710501,13348.0,0.0
0.8946555874635249,0.0,0.1881929865,0.504066546,13348.0,0.0
0.87096540229047,0.0,0.185567046,0.53752658,13348.0,0.0
0.8364478827984709,0.0,0.179878631,0.5585434739999999,13348.0,0.0
0.7785280375219147,0.0,0.175998921,0.568909275,13348.0,0.0
0.7560454292266243,0.0,0.1721912035,0.5790084775,13348.0,0.0
0.7501052212590658,0.0,0.1519121675,0.5631030255,13348.0,0.0
0.7805778187881729,0.0,0.135134016,0.540752127,13348.0,0.0
0.8726201209366842,0.0,0.120026312,0.502590266,13348.0,0.0
0.8939397353703877,0.0,0.1013792555,0.44709509950000004,13348.0,0.0
0.8884981671982286,0.004805936,0.079930344,0.3685584675,13348.0,0.0
0.8874640890211192,0.0181947335,0.0653114385,0.2850995475,13348.0,0.0
0.8881573590454399,0.005394907,0.0597757245,0.305192016,13348.0,0.0
0.8926302253025828,0.0,0.076665017,0.3730693085,13348.0,0.0
0.8948983795351674,0.0,0.103011065,0.453848954,13348.0,0.0
0.8846160580314426,0.0,0.1296314105,0.5422749495,13348.0,0.0
0.8545007092954373,0.0,0.155158921,0.6196315445,13348.0,0.0
0.8097251911746225,0.0,0.170673851,0.63633383,13348.0,0.0
0.749650004401626,0.0,0.19066951399999998,0.6370178504999999,13348.0,0.0
0.7358219088427003,0.0,0.2177783485,0.6751993924999999,13348.0,0.0
0.7409761737554614,0.0,0.236206014,0.715001233,13348.0,0.0
0.7493526191867972,0.0,0.2544352725,0.7367400145,13348.0,0.0
0.8047055955013616,0.0,0.27054572,0.7736309754999999,13348.0,0.0
0.8263422515388347,0.006933147,0.279222624,0.792669408,13348.0,0.0
0.830170009614378,0.0102431165,0.2858493895,0.7721160165000001,13348.0,0.0
0.828787966418554,0.007176613,0.311240619,0.770945411,13348.0,0.0
0.8293907637236034,0.0007904585,0.33127587199999997,0.8225922015,13348.0,0.0
0.8430153559803641,0.0,0.35531953299999997,0.8541466845000001,13348.0,0.0
0.8406010720375107,0.0,0.3791919255,0.8594672895,13348.0,0.0
0.8218754298894178,0.0,0.3974921925,0.850431206,13348.0,0.0
0.790742782292547,0.0,0.39912934,0.846626843,13348.0,0.0
0.7524866717413112,0.0,0.3985045195,0.8251840665,13348.0,0.0
0.7363113370857154,0.0,0.390463923,0.795777684,13348.0,0.0
0.7407941404607034,0.0,0.358728433,0.76580873,13348.0,0.0
0.7520595978501068,0.0,0.312698328,0.7558631419999999,13348.0,0.0
0.8065875599903554,0.0,0.269277839,0.722004931,13348.0,0.0
0.827629566820933,0.005901379,0.245906565,0.710712845,13348.0,0.0
0.8303996006059489,0.0262302225,0.2394554815,0.682360109,13348.0,0.0
0.8305244541471563,0.033571305499999995,0.22777893249999998,0.623383113,13348.0,0.0
0.8375179373724427,0.0072528855,0.23380036599999998,0.6051171025,13348.0,0.0
0.85789462350338,0.0,0.252776401,0.5929549590000001,13348.0,0.0
0.8551353244268821,0.0,0.279987041,0.572345632,13348.0,0.0
0.833156385097295,0.0,0.30150694450000004,0.595717497,13348.0,0.0
0.8035902079437667,0.0,0.329759412,0.642481486,13348.0,0.0
0.7996770301308695,0.0,0.333442056,0.655796768,13348.0,0.0
0.7866811538257841,0.0,0.334592303,0.6594997574999999,13348.0,0.0
0.803016157750861,0.0,0.339154801,0.661070213,13348.0,0.0
0.8987361953609471,0.0,0.33157561700000004,0.6074058105,13348.0,0.0
0.9002833236892951,0.0,0.3262265155,0.55096661,13348.0,0.0
0.900021817853761,0.024268869,0.326018852,0.534015171,13348.0,0.0
0.8980905552554419,0.0465126305,0.321833066,0.515734288,13348.0,0.0
0.8962630146700642,0.031364420000000004,0.3361764015,0.535631883,13348.0,0.0
0.8963244744136342,0.009629704,0.341178667,0.562421002,13348.0,0.0
0.9008583165072499,0.0,0.34154108549999995,0.5641742759999999,13348.0,0.0
0.902613904495693,0.0,0.34100870299999997,0.5696366855,13348.0,0.0
0.8801454160939093,0.0,0.3420183,0.6012114230000001,13348.0,0.0
0.8422027449018662,0.0,0.33346761599999997,0.6498246409999999,13348.0,0.0
0.7972729975798076,0.0,0.33583146500000005,0.724494814,13348.0,0.0
0.7847262451140471,0.0,0.33451597499999997,0.7907425775,13348.0,0.0
0.7995117275451766,0.0,0.32641104200000004,0.7877314615,13348.0,0.0
0.893268322046213,0.0,0.305660143,0.7776726654999999,13348.0,0.0
0.8971613111526835,0.0,0.2767702925,0.78109158,13348.0,0.0
0.8966997116019573,0.007009777,0.263214138,0.76876033,13348.0,0.0
0.8959653393864833,0.0294236405,0.2511793885,0.7308096129999999,13348.0,0.0
0.8954187309963371,0.033237670500000004,0.2401179615,0.7610999549999999,13348.0,0.0
0.8955790288137111,0.010825431,0.235859436,0.762194207,13348.0,0.0
0.9005640746222559,0.0,0.22631978,0.7344343680000001,13348.0,0.0
0.9031389464512353,0.0,0.2018439735,0.7122970019999999,13348.0,0.0
0.8817345166228765,0.0,0.1873593585,0.688238932,13348.0,0.0
0.8450978258696445,0.0,0.1823035155,0.6584261135,13348.0,0.0
0.7998326132486766,0.0,0.167547867,0.648160122,13348.0,0.0
0.7878240556705279,0.0,0.154946051,0.6160037460000001,13348.0,0.0
0.820011380983272,0.0,0.141911439,0.595300301,13348.0,0.0
0.8995460017855412,0.0,0.126680094,0.571470046,13348.0,0.0
0.9014296828754333,0.0,0.1112993635,0.5244966625,13348.0,0.0
0.9012354395360418,0.009868909,0.099701486,0.46895134,13348.0,0.0
0.8995960978791199,0.0445941615,0.084090329,0.38763061649999997,13348.0,0.0
0.8987214471163381,0.04773822,0.08138884,0.363133994,13348.0,0.0
0.9023776403485033,0.0048470825,0.08262489049999999,0.36869110250000003,13348.0,0.0
0.911209399261266,0.0,0.083108995,0.378278337,13348.0,0.0
0.9124186689283149,0.0,0.0887809735,0.374982674,13348.0,0.0
0.8905252219516648,0.0,0.092928329,0.36572147850000003,13348.0,0.0
0.8580072912051481,0.0,0.094376155,0.31599678200000003,13348.0,0.0
0.8036691237650722,0.0,0.108758568,0.3098612945,13348.0,0.0
0.7915759681798404,0.0,0.11971501749999999,0.3665863965,13348.0,0.0
0.8063175439627029,0.0,0.129234083,0.42856201650000003,13348.0,0.0
0.9023034632351689,0.0,0.130979409,0.469754005,13348.0,0.0
0.9047160547823183,0.0,0.12816777950000002,0.48642240800000003,13348.0,0.0
0.9059059821375828,0.011197725,0.12285718,0.501118454,13348.0,0.0
0.9048648923257137,0.047338001500000004,0.1272831235,0.5050226915,13348.0,0.0
0.9030042768181548,0.049163084999999995,0.12352743100000001,0.483988001,13348.0,0.0
0.9059912810457549,0.006716292,0.1302397355,0.503347648,13348.0,0.0
0.9140877975367876,0.0,0.13216146550000002,0.5150078195,13348.0,0.0
0.9077234649727239,0.0,0.136378896,0.5155525235,13348.0,0.0
0.8802800855301995,0.0,0.13242156,0.514184281,13348.0,0.0
0.847028556544058,0.0,0.135917607,0.489505135,13348.0,0.0
0.8040342545959798,0.0,0.1375475445,0.45952931500000005,13348.0,0.0
0.7910769897085099,0.0,0.1342203295,0.429649449,13348.0,0.0
0.8062858953758779,0.0,0.117885286,0.39685542799999995,13348.0,0.0
0.9007552230422015,0.0,0.1015827105,0.382497466,13348.0,0.0
0.9039254454383425,0.0,0.0884351895,0.3845383525,13348.0,0.0
0.9058959241905561,0.008924228,0.083154946,0.369057359,13348.0,0.0
0.9056824839673362,0.052415166,0.0786460035,0.297529288,13348.0,0.0
0.9049584115540423,0.0499401805,0.069067074,0.23125675750000002,13348.0,0.0
0.9069505535616371,0.003471102,0.062018245,0.24836022600000002,13348.0,0.0
0.9156952247433267,0.0,0.058508849,0.268072076,13348.0,0.0
0.9155275768120523,0.0,0.051667894,0.262552488,13348.0,0.0
0.8962213807517956,0.0,0.0527634805,0.2598034775,13348.0,0.0
0.8635579490396927,0.0,0.0591752135,0.24123504750000002,13348.0,0.0
0.7984817593313551,0.0,0.0609556195,0.2221098145,13348.0,0.0
0.7839288419820611,0.0,0.0608399105,0.236592006,13348.0,0.0
0.785298070790553,0.0,0.0628424305,0.257074782,13348.0,0.0
0.7960390425503046,0.0,0.068574141,0.264518571,13348.0,0.0
0.8323273817888728,0.0,0.079490404,0.277782134,13348.0,0.0
0.8547793325327758,0.016805815,0.083832823,0.294898778,13348.0,0.0
0.8531398940550765,0.0496491795,0.0901487005,0.303508452,13348.0,0.0
0.853333218581033,0.0207224225,0.09503431300000001,0.30575475399999996,13348.0,0.0
0.8614506245483878,0.0,0.10820761,0.322337248,13348.0,0.0
0.8730166344908592,0.0,0.117757262,0.353791327,13348.0,0.0
0.8683249605578423,0.0,0.1404863455,0.394875428,13348.0,0.0
0.8453984992518939,0.0,0.16619106900000002,0.4196747245,13348.0,0.0
0.8066008578912042,0.0,0.20446137450000001,0.4164596275,13348.0,0.0
0.7826901240393926,0.0,0.2306060395,0.4729054585,13348.0,0.0
0.7766433165926155,0.0,0.252246247,0.5313873339999999,13348.0,0.0
0.7818934218740924,0.0,0.279853929,0.553358902,13348.0,0.0
0.795494174966251,0.0,0.299528371,0.554671825,13348.0,0.0
0.8268952912294463,0.0,0.31303108550000003,0.535659562,13348.0,0.0
0.8478741943311385,0.0089943835,0.31694032650000004,0.536487756,13348.0,0.0
0.8480071229613361,0.0252577155,0.31310208149999996,0.554411918,13348.0,0.0
0.8512351784544858,0.0108992845,0.31588355300000004,0.5644536325,13348.0,0.0
0.8647138342489522,0.0,0.31522945,0.5401494410000001,13348.0,0.0
0.8721606004744014,0.0,0.30125376550000005,0.500084828,13348.0,0.0
0.8616190944723199,0.0,0.2789262085,0.4627014345,13348.0,0.0
0.8301977172806951,0.0,0.24548108,0.4075196755,13348.0,0.0
0.805474614205539,0.0,0.21906378799999998,0.380777455,13348.0,0.0
0.7936136610178075,0.0,0.1813540925,0.3316898725,13348.0,0.0
0.8066695223207183,0.0,0.142741744,0.306939642,13348.0,0.0
0.9032689738035419,0.0,0.1125467955,0.2849847995,13348.0,0.0
0.9060884751342437,0.0,0.093627188,0.260695867,13348.0,0.0
0.9094198659475954,0.011720206,0.081116591,0.238138018,13348.0,0.0
0.9081619025139197,0.028933519499999998,0.0682263875,0.2214277315,13348.0,0.0
0.9070019553581805,0.030308485500000003,0.044236279,0.16265993750000002,13348.0,0.0
0.9099895883304636,0.00486795,0.040489321999999994,0.1377394925,13348.0,0.0
0.9178858168743786,0.0,0.040360675,0.145656236,13348.0,0.0
0.9106536033271393,0.0,0.044864155,0.1510646055,13348.0,0.0
0.8855117917153115,0.0,0.04569278,0.16126369950000002,13348.0,0.0
0.8512203817994881,0.0,0.047619175,0.148256015,13348.0,0.0
0.8062260073956204,0.0,0.052773543,0.1545217055,13348.0,0.0
0.7947530087659764,0.0,0.0605592635,0.163985426,13348.0,0.0
0.809566053829047,0.0,0.065787281,0.17920957599999998,13348.0,0.0
0.9045367049187021,0.0,0.072931508,0.1738977105,13348.0,0.0
0.9073301911755809,0.0,0.0797017155,0.1732048935,13348.0,0.0
0.9086621382778262,0.023956016,0.08408346950000001,0.20332601649999998,13348.0,0.0
0.9054647883528719,0.0438159905,0.0809776765,0.2400000485,13348.0,0.0
0.90477891665605,0.020027576499999998,0.093096448,0.2448941115,13348.0,0.0
0.9096356273112023,0.0,0.115944639,0.23650514150000002,13348.0,0.0
0.9103415182780902,0.0,0.131700168,0.251241863,13348.0,0.0
0.8858632863630198,0.0,0.1459569665,0.27335115750000005,13348.0,0.0
0.8647855937947024,0.0,0.162751068,0.277820767,13348.0,0.0
0.8235323728552413,0.0,0.1825788045,0.3416308185,13348.0,0.0
0.7931670997804425,0.0,0.1963720475,0.3814645725,13348.0,0.0
0.7882872995345529,0.0,0.210490561,0.411402689,13348.0,0.0
0.819683241986649,0.0,0.224209694,0.420403389,13348.0,0.0
0.8989070830492534,0.0,0.246273014,0.43370742549999997,13348.0,0.0
0.8999191596886309,0.0,0.274562328,0.4725867925,13348.0,0.0
0.8988764258914466,0.00736847,0.29870703249999997,0.5569868330000001,13348.0,0.0
0.8986507030080102,0.015252986999999999,0.3249698355,0.6108938325,13348.0,0.0
0.8980686019313084,0.006033166499999999,0.3561863295,0.6521801855,13348.0,0.0
0.8999374861694126,0.0,0.376572832,0.677834037,13348.0,0.0
0.9040102608329981,0.0,0.38641245,0.6912924375,13348.0,0.0
0.8957511253842044,0.0,0.3903249035,0.7006664085000001,13348.0,0.0
0.8669740098197434,0.0,0.393414403,0.7011545645,13348.0,0.0
0.8294241289113267,0.0,0.394551618,0.706500632,13348.0,0.0
0.7995422638738018,0.0,0.40863956749999997,0.706157261,13348.0,0.0
0.7857202611362006,0.0,0.416124513,0.6819219795,13348.0,0.0
0.8007553776405811,0.0,0.4191765725,0.654293169,13348.0,0.0
0.8960410154507568,0.0,0.4168397895,0.623770707,13348.0,0.0
0.8992329495126682,0.0,0.4119975695,0.6038096545,13348.0,0.0
0.899387299739884,0.001345386,0.405420659,0.60451883,13348.0,0.0
0.8999937236914948,0.006509053000000001,0.4038823225,0.621627548,13348.0,0.0
0.8991251171428585,0.006710689000000001,0.3950983605,0.5967498445,13348.0,0.0
0.9003216692433529,0.000633299,0.384974006,0.585204514,13348.0,0.0
0.9067802462076253,0.0,0.378334824,0.607198762,13348.0,0.0
0.9064030749652348,0.0,0.3707919815,0.6107085295,13348.0,0.0
0.8834382193012595,0.0,0.3569406835,0.5919296075,13348.0,0.0
0.8490177006497743,0.0,0.350771304,0.573394762,13348.0,0.0
0.8015584869011522,0.0,0.35491184600000003,0.5596113665,13348.0,0.0
0.7885736113649326,0.0,0.333444396,0.5477191275,13348.0,0.0
0.8041281123034494,0.0,0.314017775,0.5248963655,13348.0,0.0
0.8989022475205048,0.0,0.29792612500000004,0.484103065,13348.0,0.0
0.901412806935202,0.0,0.299410035,0.49773491550000004,13348.0,0.0
0.90202227719908,0.002487172,0.297978915,0.5086252,13348.0,0.0
0.901610676724365,0.0128832665,0.29331072950000003,0.49670622249999996,13348.0,0.0
0.9010016899740037,0.010827116,0.2839155965,0.491282916,13348.0,0.0
0.9018998900294259,0.001008827,0.2726343235,0.5176909395,13348.0,0.0
0.9093072464594257,0.0,0.2613992675,0.540872893,13348.0,0.0
0.9008555118533461,0.0,0.2474064775,0.5526892305,13348.0,0.0
0.8748811185001331,0.0,0.2320302705,0.5644313830000001,13348.0,0.0
0.8395719744235258,0.0,0.187440343,0.506770593,13348.0,0.0
0.79331199640333,0.0,0.199423958,0.533315235,13348.0,0.0
0.7812854021507648,0.0,0.199832188,0.5872992875,13348.0,0.0
0.783246113418284,0.0,0.182513398,0.59128983,13348.0,0.0
0.7961093995723125,0.0,0.15789882,0.5350217565,13348.0,0.0
0.8345493082328034,0.0,0.135613745,0.46361012700000004,13348.0,0.0
0.8553512792352536,0.003703623,0.119236886,0.429660021,13348.0,0.0
0.8578281831966854,0.027010895,0.096352564,0.395608375,13348.0,0.0
0.858302984024273,0.034468716999999996,0.083920246,0.362143219,13348.0,0.0
0.8646879159959069,0.008184877,0.080507757,0.350444664,13348.0,0.0
0.8806709417597586,0.0,0.075068892,0.32103153250000005,13348.0,0.0
0.8773384388849972,0.0,0.0667331715,0.271144099,13348.0,0.0
0.8563313930138597,0.0,0.0637939865,0.2551418565,13348.0,0.0
0.8274475571409986,0.0,0.070815886,0.256165598,13348.0,0.0
0.8036511113614466,0.0,0.069129282,0.2521623195,13348.0,0.0
0.7902360670145766,0.0,0.067373829,0.2395288955,13348.0,0.0
0.7920585302160523,0.0,0.072334068,0.21969428800000002,13348.0,0.0
0.8028397333703301,0.0,0.0722141645,0.202569515,13348.0,0.0
0.8386294810270976,0.0,0.08231355200000001,0.18676504100000002,13348.0,0.0
0.8591160784194976,0.0106925355,0.096998163,0.202746033,13348.0,0.0
0.8602749137106173,0.035043834,0.112851623,0.225460587,13348.0,0.0
0.8600227890606185,0.031146252,0.11586436850000001,0.238321308,13348.0,0.0
0.864760884227054,0.003100874,0.129436935,0.27247692700000004,13348.0,0.0
0.8808888790325862,0.0,0.1408414385,0.3122121785,13348.0,0.0
0.8780440393895528,0.0,0.16387724199999998,0.3238795115,13348.0,0.0
0.8562830377263737,0.0,0.1876537755,0.3338576975,13348.0,0.0
0.8214001455483133,0.0,0.228876103,0.3559708755,13348.0,0.0
0.8011485548137369,0.0,0.220280492,0.38910989549999997,13348.0,0.0
0.7982691895111818,0.0,0.2219817685,0.42994071,13348.0,0.0
0.8602623411784387,0.0,0.243997087,0.4365337435,13348.0,0.0
0.9274076546616092,0.0,0.263510467,0.425937974,13348.0,0.0
0.9137854801692228,0.0,0.278772959,0.4366435755,13348.0,0.0
0.9153858473306137,0.011567282,0.295925081,0.442217234,13348.0,0.0
0.9151836253294289,0.05495019550000001,0.3303225705,0.401606591,13348.0,0.0
0.9138558854048295,0.050806913499999995,0.31950365550000004,0.421222305,13348.0,0.0
0.9151011798791295,0.0042633015,0.299730117,0.44418395499999996,13348.0,0.0
0.9220606209584111,0.0,0.27511853,0.425411893,13348.0,0.0
0.9219126054076734,0.0,0.27940401449999996,0.42393367849999997,13348.0,0.0
0.9006550308550441,0.0,0.317558276,0.43095228900000004,13348.0,0.0
0.8792952814540111,0.0,0.359120989,0.485719126,13348.0,0.0
0.8269661801753599,0.0,0.3924544215,0.5501527705,13348.0,0.0
0.7917184472351437,0.0,0.444699532,0.6532395465,13348.0,0.0
0.785796493329574,0.0,0.5098120785,0.7489427255,13348.0,0.0
0.81384056658672,0.0,0.559006121,0.81550845,13348.0,0.0
0.8931393583449274,0.0,0.608742182,0.827774078,13348.0,0.0
0.8973415798297348,0.0,0.643396795,0.840194253,13348.0,0.0
0.8958391803391016,0.015170226,0.625285481,0.836258095,13348.0,0.0
0.8930450171239412,0.0730387995,0.6163356775,0.7972498685,13348.0,0.0
0.8890536248500047,0.0727915925,0.6496763889999999,0.789626849,13348.0,0.0
0.8915716792161882,0.0088992165,0.6771652484999999,0.7986994599999999,13348.0,0.0
0.898446740594313,0.0,0.643152935,0.832555191,13348.0,0.0
0.8894115023877894,0.0,0.634947476,0.8590883444999999,13348.0,0.0
0.861388874932856,0.0,0.6568494715,0.8596304665,13348.0,0.0
0.8240448908857841,0.0,0.705814753,0.850603954,13348.0,0.0
0.7887017528767705,0.0,0.6959044355,0.8652326125,13348.0,0.0
0.7804656345999215,0.0,0.6475049585,0.868277979,13348.0,0.0
0.79788304817798,0.0,0.5963412105,0.842636325,13348.0,0.0
0.8946775891980471,0.0,0.552193148,0.767221583,13348.0,0.0
0.8982701953846005,0.0,0.478756003,0.7010094195000001,13348.0,0.0
0.8987228978536786,0.020931004,0.398119168,0.641960052,13348.0,0.0
0.8952863825036435,0.066916748,0.2919883155,0.5628078615000001,13348.0,0.0
0.892757979924891,0.06877259050000001,0.22644646000000002,0.514025643,13348.0,0.0
0.8959065876728298,0.011978664,0.19653292049999999,0.49719129549999996,13348.0,0.0
0.8972944334244359,0.0,0.21241682350000002,0.43164721100000003,13348.0,0.0
0.8873472625520938,0.0,0.2627907255,0.421146203,13348.0,0.0
0.8593859494127739,0.0,0.31158203,0.4374971065,13348.0,0.0
0.8000980357995242,0.0,0.2975976755,0.44166738699999997,13348.0,0.0
0.7664195775629739,0.0,0.307524272,0.49465576749999995,13348.0,0.0
0.7750288052669271,0.0,0.320725255,0.48657923666666675,13348.0,0.0
0.8817394489724025,0.0,0.3000067495,0.47782007150000005,13348.0,0.0
0.8943475641641653,0.0,0.26842073850000003,0.44506859649999997,13348.0,0.0
0.8903740630710923,0.001923409,0.257617678,0.417376345,13348.0,0.0
0.8895674966003204,0.02423546,0.256588892,0.4023903615,13348.0,0.0
0.8887698758183752,0.023760366499999998,0.2655806965,0.4114680355,13348.0,0.0
0.8905414209336147,0.004035643,0.301144788,0.454290088,13348.0,0.0
0.8964368518498601,0.0,0.31211867,0.492574541,13348.0,0.0
0.8965605449192691,0.0,0.311574792,0.49676227700000003,13348.0,0.0
0.8767934744801662,0.0,0.326028283,0.517571726,13348.0,0.0
0.839548715593218,0.0,0.33278535499999995,0.5380995835,13348.0,0.0
0.7908504210208018,0.0,0.3728559305,0.5581858235,13348.0,0.0
0.7814957962585076,0.0,0.391037736,0.556476009,13348.0,0.0
0.7841505511326164,0.0,0.393961932,0.540986925,13348.0,0.0
0.8154782640615363,0.0,0.394446377,0.544995467,13348.0,0.0
0.89437720608134,0.0,0.381455967,0.512677038,13348.0,0.0
0.8991358520481667,0.0,0.35258486050000004,0.4646768065,13348.0,0.0
0.8988575188795802,0.034286588,0.33744142450000003,0.430861952,13348.0,0.0
0.8973130503675503,0.095692226,0.282868947,0.391854181,13348.0,0.0
0.8960975910583994,0.08613729649999999,0.2336554045,0.33589011150000003,13348.0,0.0
0.8979847055468784,0.01210557,0.186483129,0.287966213,13348.0,0.0
0.9032124948198867,0.0,0.15490625400000002,0.247825835,13348.0,0.0
0.9050871334001744,0.0,0.145424044,0.223958685,13348.0,0.0
0.8819230540304732,0.0,0.1857969545,0.22539290350000002,13348.0,0.0
0.8447551318763871,0.0,0.25769667100000004,0.264002509,13348.0,0.0
0.788377530595461,0.0,0.339383536,0.3852857695,13348.0,0.0
0.7698907634101166,0.0,0.4456035075,0.5195826305,13348.0,0.0
0.7703693119102375,0.0,0.509424433,0.605164703,13348.0,0.0
0.7747660668031886,0.0,0.5332280795,0.622287271,13348.0,0.0
0.8159557727222504,0.0,0.5163026225,0.628384194,13348.0,0.0
0.8368894150623224,0.003185905,0.502702111,0.644119192,13348.0,0.0
0.8357296129409593,0.025312662,0.4923669665,0.5582856565000001,13348.0,0.0
0.8367673663718092,0.0217450815,0.48978479399999997,0.5534009435,13348.0,0.0
0.8434731842437331,0.0010006175,0.484959019,0.5159355059999999,13348.0,0.0
0.859260322486088,0.0,0.4570039185,0.48293642049999996,13348.0,0.0
0.8565095339952888,0.0,0.41402193600000003,0.4746988755,13348.0,0.0
0.8341497965799598,0.0,0.360980988,0.4554269265,13348.0,0.0
0.8024762463279475,0.0,0.30914665,0.419285798,13348.0,0.0
0.786383260695454,0.0,0.27568360999999997,0.3817080485,13348.0,0.0
0.7711090755867698,0.0,0.24424728550000002,0.3614296465,13348.0,0.0
0.7716740588680867,0.0,0.26003773,0.322765061,13348.0,0.0
0.7772131113942766,0.0,0.2917207,0.317468448,13348.0,0.0
0.7935732117765317,0.0,0.310578837,0.354323158,13348.0,0.0
0.8254056093053674,0.0,0.3200021025,0.41366152700000003,13348.0,0.0
0.8444870016892033,0.004565603,0.324005928,0.453383771,13348.0,0.0
0.8446543593549354,0.06382777,0.32322392099999997,0.469615371,13348.0,0.0
0.842566522013001,0.082124995,0.2751662975,0.4885538915,13348.0,0.0
0.8448133030589561,0.024106683,0.247581466,0.497514447,13348.0,0.0
0.860724424636262,0.0,0.2505245245,0.46373092,13348.0,0.0
0.8724681886706329,0.0,0.260130945,0.48218378,13348.0,0.0
0.8669110029116356,0.0,0.2753482735,0.466788249,13348.0,0.0
0.8456005276115238,0.0,0.2984048265,0.460893224,13348.0,0.0
0.8145878494199329,0.0,0.301989249,0.450176003,13348.0,0.0
0.8023203489361941,0.0,0.2817549225,0.42941376,13348.0,0.0
0.7914277349791436,0.0,0.2602082605,0.3764497275,13348.0,0.0
0.8064183164841546,0.0,0.276870862,0.32163458349999996,13348.0,0.0
0.902705682917929,0.0,0.32735106950000004,0.358186789,13348.0,0.0
0.9045377205529146,0.0,0.4419780165,0.47501797850000005,13348.0,0.0
0.9046028067462559,0.009043086,0.534651942,0.570457621,13348.0,0.0
0.9001208497659101,0.0138699015,0.607808417,0.6867200765,13348.0,0.0
0.8960818273763679,0.007268057499999999,0.6809435644999999,0.7611896254999999,13348.0,0.0
0.8925298880810495,0.00091604,0.6766032835,0.80737766,13348.0,0.0
0.8955592029884096,0.0,0.6479939555,0.9036070315,13348.0,0.0
0.8867104715114282,0.0,0.6339342705,0.9334485015,13348.0,0.0
0.8562209976485093,0.0,0.610408592,0.9348458255000001,13348.0,0.0
0.7914372127886662,0.0,0.5504409195,0.9245002425,13348.0,0.0
