Demand,Avail_Sol,Avail_Wind_On,Avail_Wind_Off,Hyd_In,HydRoR_In
0.6474348943812062,0.0,0.7899897854,0.9353321382,3449.0,4517.0
0.8627508584131185,0.021689593,0.7679143554,0.8044497582,3449.0,4517.0
0.8982108688270399,0.1642608318,0.7989746578,0.7519224363999999,3449.0,4517.0
0.9059437332098408,0.08686223600000001,0.86311165,0.8484786955,3449.0,4517.0
0.873546378033593,0.0,0.8485359715999999,0.9318172631999999,3449.0,4517.0
0.6727323933938071,0.0,0.6748450015714287,0.8359266898571429,3449.0,4517.0
0.8721087177445384,0.0158994756,0.4626674114,0.705649059,3449.0,4517.0
0.9007328644740188,0.0931062858,0.4880410029999999,0.8478229049999999,3449.0,4517.0
0.8959399833364838,0.0098967912,0.6581368204,0.9028518628000001,3449.0,4517.0
0.7810653028967801,0.0,0.7464402033333334,0.9040444006666667,3449.0,4517.0
0.6449797526232678,0.0,0.8205242993333334,0.6716467956666667,3449.0,4517.0
0.844706501208304,0.03804789283333333,0.8727742461666668,0.744151129,3449.0,4517.0
0.8667755008440979,0.272905061,0.89184143925,0.8867772862500001,3449.0,4517.0
0.8602987987879569,0.03573152014285714,0.8223878491428571,0.9099972817142857,3449.0,4517.0
0.6631587213953273,0.0,0.7124002134285714,0.8552496818571429,3449.0,4517.0
0.8359446138342678,0.014056646666666667,0.7865206238333333,0.8776476910000001,3449.0,4517.0
0.8433135713680723,0.10349469216666668,0.8346930774999999,0.9247660188333332,3449.0,4517.0
0.8334097178793763,0.0002252866,0.7721460174000001,0.9199600266000001,3449.0,4517.0
0.6587289223469052,0.0,0.6015142137142856,0.8784263845714287,3449.0,4517.0
0.8401128318716149,0.0124087018,0.5000234748000001,0.8225768625999998,3449.0,4517.0
0.8647669787568071,0.163332929,0.42875645966666664,0.7738893221666667,3449.0,4517.0
0.8666356379015002,0.011437720166666667,0.2645772168333333,0.6809966653333333,3449.0,4517.0
0.6507933557724732,0.0,0.18502021257142856,0.28250651657142856,3449.0,4517.0
0.7017615325937596,0.0081324552,0.1638395798,0.09254555319999999,3449.0,4517.0
0.7425898169137483,0.12800188125,0.164210352,0.12011317225000001,3449.0,4517.0
0.7521655546301493,0.0631053825,0.20692449200000002,0.3435958575,3449.0,4517.0
0.7529038550090917,0.0,0.334787628,0.68767772125,3449.0,4517.0
0.6731277605676791,0.0,0.43304389699999996,0.8477668366666666,3449.0,4517.0
0.6254144102635066,0.0,0.571565794,0.90013059225,3449.0,4517.0
0.7087785209987758,0.006907041,0.6553768153999999,0.8760566918,3449.0,4517.0
0.7665720870656969,0.12450516975,0.617221859,0.86524719175,3449.0,4517.0
0.770293096940065,0.1045760285,0.6123733005,0.835935914,3449.0,4517.0
0.7869260927570294,0.007463340999999999,0.5852421295,0.8385938258333333,3449.0,4517.0
0.6843309391158426,0.0,0.5271611614285715,0.827531116142857,3449.0,4517.0
0.8888081563804603,0.020611736999999998,0.43267606020000005,0.7557653402,3449.0,4517.0
0.9100492683274318,0.24815509666666666,0.23988766633333333,0.5651486628333333,3449.0,4517.0
0.8979809402943012,0.017091620666666665,0.243605793,0.5210693056666665,3449.0,4517.0
0.7002167035384212,0.0,0.18438729171428572,0.3550641022857143,3449.0,4517.0
0.8986538468169908,0.0194575968,0.16963708859999999,0.29532680559999996,3449.0,4517.0
0.915391839972797,0.24321188339999997,0.2626037404,0.49521825920000007,3449.0,4517.0
0.8811994605803086,0.03881263785714286,0.4424362322857143,0.7215324118571429,3449.0,4517.0
0.6693177274435423,0.0,0.4348139085714286,0.7032516332857144,3449.0,4517.0
0.8564540130998777,0.019314477200000003,0.31747359160000005,0.5815623052000001,3449.0,4517.0
0.8861321761617292,0.26761021766666665,0.1918274995,0.31038504966666663,3449.0,4517.0
0.8656360590696118,0.022387542142857143,0.2454226917142857,0.5009867304285714,3449.0,4517.0
0.6764913617687399,0.0,0.285947844,0.5244819506666666,3449.0,4517.0
0.8815295098319014,0.001102789,0.20011694049999998,0.3473969115,3449.0,4517.0
0.9121386868949594,0.3028300642857143,0.17727103357142854,0.25916688685714284,3449.0,4517.0
0.8910397923825041,0.02601970216666667,0.195622857,0.191773537,3449.0,4517.0
0.6860235014018918,0.0,0.19635424485714287,0.1320763777142857,3449.0,4517.0
0.8671422169847145,0.00125549725,0.17155681825,0.1151688895,3449.0,4517.0
0.9068192071889957,0.19570269657142858,0.11917795171428572,0.14855481757142858,3449.0,4517.0
0.8906511716160875,0.015526542333333336,0.12001701549999999,0.32039135150000003,3449.0,4517.0
0.6725174171668893,0.0,0.18827172057142857,0.5292744817142857,3449.0,4517.0
0.7271732061095098,0.038392962200000005,0.30965002199999997,0.6419984405999999,3449.0,4517.0
0.7795871972088488,0.3922256598571429,0.257007267,0.564833325,3449.0,4517.0
0.7951031830401469,0.00043450880000000006,0.3203363416,0.5515357846,3449.0,4517.0
0.6787117649078672,0.0,0.239337142,0.31358905499999995,3449.0,4517.0
0.7596732640091916,0.0741767784,0.17578773340000003,0.19931666180000002,3449.0,4517.0
0.7674732927720768,0.3897005588,0.0991706596,0.062761165,3449.0,4517.0
0.7973887061285735,0.029093791500000004,0.10498310983333332,0.12224601833333333,3449.0,4517.0
0.6958196268150222,0.0,0.23466528571428574,0.5530610495714285,3449.0,4517.0
0.8914150677811226,0.0148488346,0.4134367472,0.8150794178,3449.0,4517.0
0.9002644643523904,0.13470456966666666,0.653487733,0.8763341275,3449.0,4517.0
0.8611826455594391,0.009716187166666666,0.7780219168333332,0.9031166246666666,3449.0,4517.0
0.6656276529021562,0.0,0.811056984857143,0.9163000457142857,3449.0,4517.0
0.8518411566646404,0.0116044724,0.8556694062,0.9300145812,3449.0,4517.0
0.8811515345944297,0.16915275666666665,0.8377984793333333,0.9333600211666666,3449.0,4517.0
0.8732015458319725,0.014466432166666666,0.8507667513333333,0.9328740940000001,3449.0,4517.0
0.6823520121822846,0.0,0.8804027652857143,0.9332299324285713,3449.0,4517.0
0.875355992939134,0.00164108675,0.87480164875,0.936755346,3449.0,4517.0
0.9189271032305346,0.278742714,0.7958665975,0.9363774125,3449.0,4517.0
0.9018124802843852,0.4726085778,0.805438215,0.932795078,3449.0,4517.0
0.9222421638244234,0.1254358085,0.703508421,0.91960066,3449.0,4517.0
0.8799186202633402,0.0,0.62162799725,0.89419778175,3449.0,4517.0
0.6835993381446694,0.0,0.6860494352857144,0.8194078628571427,3449.0,4517.0
0.845438273108595,0.0119686396,0.7504068422,0.7969944638,3449.0,4517.0
0.8834833184065559,0.1380126672857143,0.714857288,0.9007446658571429,3449.0,4517.0
0.8682293112873696,0.0013339324,0.7153826202,0.9115652204,3449.0,4517.0
0.6819617396895407,0.0,0.5979769357142857,0.8528284764285715,3449.0,4517.0
0.8888093805803065,0.0353458994,0.4389620506,0.7507673254,3449.0,4517.0
0.9048265446152434,0.3755604156666667,0.43249032616666666,0.6895369651666666,3449.0,4517.0
0.8995414558412747,0.03773213833333333,0.46208665000000004,0.8626605093333334,3449.0,4517.0
0.6966208910509818,0.0,0.476699406,0.840141087,3449.0,4517.0
0.6791887200446777,0.0005772198571428571,0.5597417662857143,0.816523442857143,3449.0,4517.0
0.775873192423407,0.04242107,0.70674502375,0.71486391725,3449.0,4517.0
0.77350463872116,0.0262599184,0.7693601264000001,0.7800988,3449.0,4517.0
0.7525519982369846,0.0,0.7720181415,0.8495499277499999,3449.0,4517.0
0.6430501774211196,0.0,0.6710279751666667,0.714392831,3449.0,4517.0
0.6807899919299223,0.001291255,0.48484385099999994,0.4917086244,3449.0,4517.0
0.7679765126523982,0.063054925,0.406379827,0.6215126193333335,3449.0,4517.0
0.7702011240670819,0.07146218074999999,0.50992210875,0.8123002945,3449.0,4517.0
0.798105815238989,0.012425614,0.6016207325,0.908929904,3449.0,4517.0
0.7628092491061835,0.0,0.6772570607499999,0.9230651945000001,3449.0,4517.0
0.6551009087095702,0.0,0.721676515142857,0.9220807792857144,3449.0,4517.0
0.8364602460771502,0.007053432399999999,0.7079562285999998,0.781858058,3449.0,4517.0
0.8625591562022609,0.124743928,0.6902288786666668,0.7971802711666666,3449.0,4517.0
0.8883606983779201,0.062193465,0.6110562555,0.8227582545000001,3449.0,4517.0
0.8419783047372114,0.0,0.47274024875,0.546647409,3449.0,4517.0
0.6636709929003182,0.0,0.31158040971428574,0.5591354137142857,3449.0,4517.0
0.8421605095519377,0.00270944075,0.29501688049999997,0.7734965085000001,3449.0,4517.0
0.8861835851647119,0.19219206966666666,0.3209354033333333,0.800577004,3449.0,4517.0
0.8751728012322393,0.22206858925,0.35413295699999997,0.82261380675,3449.0,4517.0
0.8848196865542941,0.0576105715,0.355415956,0.8209082999999999,3449.0,4517.0
0.8323343026173867,0.0,0.36915305,0.80684595,3449.0,4517.0
0.6583382126110046,0.0,0.3873650225714286,0.7817338254285715,3449.0,4517.0
0.8305012764083959,0.00449937125,0.45734914075,0.783077914,3449.0,4517.0
0.8673768177452119,0.2721192665,0.46067070099999996,0.781288921,3449.0,4517.0
0.8478989978367485,0.43963657166666664,0.5070938338333333,0.8518760343333334,3449.0,4517.0
0.8334300863294262,0.0050518068,0.6375013492000001,0.7931878789999999,3449.0,4517.0
0.6609959374313866,0.0,0.5902191718571429,0.7851693959999999,3449.0,4517.0
0.8437441443488956,0.0170046352,0.48030871699999994,0.6291205468000001,3449.0,4517.0
0.8754135527060473,0.13489951966666666,0.38132953416666665,0.5868402766666666,3449.0,4517.0
0.843881131999278,0.007904313428571428,0.33264922157142857,0.6738887455714285,3449.0,4517.0
0.6562461548561059,0.0,0.2849077145,0.6319639951666666,3449.0,4517.0
0.8710728771824705,0.00173076325,0.23573496449999998,0.45958723675,3449.0,4517.0
0.9272280394400092,0.152652716,0.2053777005,0.37644146599999995,3449.0,4517.0
0.9096936102420188,0.26951450180000003,0.20912071120000003,0.3875854294,3449.0,4517.0
0.8969264271816594,0.029075942499999997,0.253189167,0.42482638266666656,3449.0,4517.0
0.6680360063452724,0.0,0.22699967487499995,0.234923078625,3449.0,4517.0
0.7168431028850762,0.0041337936666666665,0.19569552333333337,0.31791912499999997,3449.0,4517.0
0.7799351326407975,0.25817623466666667,0.136359759,0.5176983343333333,3449.0,4517.0
0.7707790060419679,0.39538783466666666,0.12725902733333336,0.6182550283333333,3449.0,4517.0
0.7895769613385015,0.16638025066666667,0.14523004633333333,0.6199990886666668,3449.0,4517.0
0.7764948466886823,0.0,0.21539381024999998,0.6324991455,3449.0,4517.0
0.6673828066265405,0.0018178833636363636,0.23085457627272724,0.5528194975454546,3449.0,4517.0
0.7422082968699407,0.237487774,0.14334169728571428,0.4609318314285714,3449.0,4517.0
0.7421053975317154,0.033704006,0.15952114916666668,0.46868924066666673,3449.0,4517.0
0.6556426581583373,0.0,0.17360535742857142,0.5253357842857144,3449.0,4517.0
0.845783046155405,0.022194135799999997,0.17014688800000002,0.5459222014,3449.0,4517.0
0.8781374761793902,0.22386564583333335,0.1997264626666667,0.5479853478333333,3449.0,4517.0
0.8901573079824245,0.085744086,0.205872803,0.5392434054999999,3449.0,4517.0
0.8426300104410225,0.0,0.19294014525,0.44109202375,3449.0,4517.0
0.6721803659105893,0.0,0.10240419157142858,0.122992931,3449.0,4517.0
0.8754394006349221,0.0194360632,0.0579236928,0.07925958200000001,3449.0,4517.0
0.8861543838846436,0.1990556423333333,0.067188443,0.15349665216666666,3449.0,4517.0
0.8940498882452794,0.07413691950000001,0.098651747,0.246946004,3449.0,4517.0
0.8309572375277188,0.0,0.1593551728,0.47681848219999995,3449.0,4517.0
0.650038062155386,0.0,0.27376620133333335,0.6698612635,3449.0,4517.0
0.8542469652982048,0.0281097592,0.4197712664,0.7479895834,3449.0,4517.0
0.8847630878463542,0.24104918200000003,0.5292066769999999,0.8161866893333335,3449.0,4517.0
0.90393762855953,0.096534088,0.5936146165,0.8557897135,3449.0,4517.0
0.8624927177383312,0.0,0.58839651175,0.859978746,3449.0,4517.0
0.7471929494861033,0.0,0.5035007177142857,0.8400116001428571,3362.5714285714284,4404.142857142857
0.9327922996472651,0.00349626825,0.43898255524999996,0.8670974457499999,3328.0,4359.0
0.9499925022467107,0.27505399633333333,0.327958234,0.7192745916666666,3328.0,4359.0
0.9354767903851452,0.41254714875,0.29715319625000003,0.6595569545,3328.0,4359.0
0.9389138235144857,0.05400874566666667,0.23528041433333335,0.7099618963333333,3328.0,4359.0
0.7683420638839307,0.0,0.2591167838571429,0.7000621410000001,3328.0,4359.0
0.9412380593717858,0.007730043,0.28502179424999996,0.7107062655,3328.0,4359.0
0.9590168609396112,0.3307598585,0.253351763,0.669012574,3328.0,4359.0
0.9460599273637463,0.46560480975,0.33274085999999997,0.70825550575,3328.0,4359.0
0.9588215599605203,0.2713375065,0.3578653035,0.7269347025,3328.0,4359.0
0.9356373381610321,0.0152687814,0.32077006160000004,0.5708567216,3328.0,4359.0
0.7567530588080458,0.0029964663636363634,0.28109334109090905,0.2751401281818182,3328.0,4359.0
0.8205633405739814,0.2209360324285714,0.2642652581428572,0.47283208385714287,3328.0,4359.0
0.8527089709585327,0.0763177085,0.2492167825,0.5604937395,3328.0,4359.0
0.8118237855522973,0.0,0.222137369,0.5676553345,3328.0,4359.0
0.7538585515303169,0.004130491666666666,0.17738066877777778,0.6522090022222221,3328.0,4359.0
0.8268957925939272,0.318206525,0.2320926166,0.658950343,3328.0,4359.0
0.8358953709219078,0.29621198499999996,0.32721250599999996,0.744566674,3328.0,4359.0
0.8435638979097053,0.0134312236,0.381923063,0.8310346401999998,3328.0,4359.0
0.7884419969030128,0.0,0.39934614374999994,0.74088994325,3328.0,4359.0
0.9804269173839479,0.05653668975,0.390165335,0.7315739415000001,3328.0,4359.0
0.9787392026184811,0.3622060545,0.36349601725,0.7318641205,3328.0,4359.0
0.9769930409579858,0.21366522133333332,0.345253725,0.7656742643333333,3328.0,4359.0
0.952811939762188,0.0108271868,0.32251527560000004,0.7660774401999999,3328.0,4359.0
0.795249155351132,0.0,0.27622769150000004,0.6262458195,3328.0,4359.0
0.8413690037438053,0.0,0.23323647779999995,0.5538765247999999,3328.0,4359.0
0.988678780706007,0.038549076333333335,0.23250443933333334,0.6548635193333333,3328.0,4359.0
0.9778771369377227,0.20953853083333332,0.2261769265,0.66899701,3328.0,4359.0
0.9933643342256469,0.083276737,0.2694087335,0.783331422,3328.0,4359.0
0.9331416014995124,0.0,0.2858944752,0.7812435177999999,3328.0,4359.0
0.7786909961318802,0.0,0.2786642171666666,0.6933274673333333,3328.0,4359.0
0.9602009093694398,0.0093237915,0.284219333,0.6625511262499999,3328.0,4359.0
0.9867541291150962,0.2149329055,0.24180883949999998,0.5861540415,3328.0,4359.0
0.9825903452047798,0.3292292632,0.2733316364,0.560863893,3328.0,4359.0
0.9679866022344507,0.050226261,0.24559344716666665,0.4650678945,3328.0,4359.0
0.7971527049784637,0.0,0.16638760657142856,0.20462713700000004,3328.0,4359.0
0.9595625549813049,0.013372217,0.11579105675,0.10056871749999999,3328.0,4359.0
0.9855440878002779,0.32590521549999996,0.07967718600000001,0.1211920575,3328.0,4359.0
0.9724551497076781,0.4683047751999999,0.0878044558,0.2033102752,3328.0,4359.0
0.9851646635753548,0.0819702835,0.11166845525000002,0.3847056925,3328.0,4359.0
0.8240858276594153,0.0,0.18484437466666667,0.6853053892222223,3328.0,4359.0
0.9658243720564006,0.05128813559999999,0.27770861919999995,0.7924897430000001,3328.0,4359.0
0.9782645718946821,0.330704869,0.27754342260000003,0.8254998842000001,3328.0,4359.0
0.9776778438272753,0.2109729775,0.282970118,0.8693477115,3328.0,4359.0
0.9348409198899262,0.01601762,0.3572585826666667,0.8691809294999998,3328.0,4359.0
0.7398556360337019,0.0,0.366801443,0.6551742955,3328.0,4359.0
0.7705117368356649,0.012430509666666666,0.27827342716666664,0.2847128765,3328.0,4359.0
0.8320039291250884,0.4139505336666667,0.23057761300000001,0.4849665123333333,3328.0,4359.0
0.8231807708204157,0.5098236505,0.3145457575,0.7203160550000001,3328.0,4359.0
0.8421787436958127,0.060474865999999995,0.4071994776666666,0.839392807,3328.0,4359.0
0.7521015040831637,0.0,0.51220353925,0.904754376,3328.0,4359.0
0.7424850487920237,0.0038461972857142855,0.5488472360000001,0.8840281218571427,3328.0,4359.0
0.806866492336155,0.204708042,0.41429209142857143,0.7555050567142857,3328.0,4359.0
0.8275810982417443,0.032989302285714284,0.43494741185714286,0.8503024838571429,3328.0,4359.0
0.7797775619915468,0.0,0.3989228067142857,0.719808032142857,3328.0,4359.0
0.9714878559610312,0.037081409,0.305404991,0.44153149333333336,3328.0,4359.0
0.9642284956136357,0.5027716306666666,0.20092948533333335,0.25068200933333334,3328.0,4359.0
0.9477448255179066,0.64544803725,0.2309296775,0.2923915225,3328.0,4359.0
0.9723869296425216,0.3111980835,0.226359933,0.3995912415,3328.0,4359.0
0.944141847815264,0.0,0.24558053425,0.5631303307500001,3328.0,4359.0
0.7952917659962375,0.0,0.3454399988571429,0.852359781142857,3328.0,4359.0
0.9485175057454223,0.0,0.4485837163333333,0.9096369636666667,3328.0,4359.0
0.9863401068936823,0.2057293965,0.5059477134999999,0.8860851285,3328.0,4359.0
0.9625930474001739,0.38721597875,0.4807409469999999,0.87419824925,3328.0,4359.0
0.966308719766925,0.2539287063333333,0.5091481806666667,0.8728615096666666,3328.0,4359.0
0.9335960736852661,0.014113341,0.4311175148333333,0.7499004866666666,3328.0,4359.0
0.7823152014905642,0.0,0.2217079648571429,0.36683689671428565,3328.0,4359.0
0.9643962217915392,0.0,0.2311600125,0.6708626634999999,3328.0,4359.0
0.9802165795871021,0.110169612,0.2754275245,0.8178109435,3328.0,4359.0
0.9561383999527783,0.25425623340000003,0.3161078706,0.842524135,3328.0,4359.0
0.9560605101869483,0.10508635000000001,0.3952515305,0.8386120785,3328.0,4359.0
0.933931215523032,0.0042329446,0.45952020539999994,0.864841527,3328.0,4359.0
0.758201815552729,0.0,0.48679937028571435,0.840159759142857,3328.0,4359.0
0.9058862473737856,0.0043016195,0.410459928,0.772025637,3328.0,4359.0
0.9229909877459729,0.050694533,0.35742744000000004,0.699079902,3328.0,4359.0
0.9004961080101717,0.11155603379999998,0.2903542732,0.4702529028,3328.0,4359.0
0.9180275120414733,0.076931376,0.23200960599999998,0.352854338,3328.0,4359.0
0.8915612973745313,0.0,0.20582152850000002,0.40129057375,3328.0,4359.0
0.7589932445204242,0.0,0.13973156425,0.34507830762499997,3328.0,4359.0
0.9535240144486024,0.0658588925,0.092464513,0.18032822499999998,3328.0,4359.0
0.9200348498716607,0.41856037859999995,0.05756011080000001,0.1115730712,3328.0,4359.0
0.9244563441290554,0.27208283850000003,0.0661095005,0.093030052,3328.0,4359.0
0.9081479925045636,0.016654031833333336,0.16724409166666665,0.2290664545,3328.0,4359.0
0.7118733434324584,0.0,0.257060507,0.28429660142857144,3328.0,4359.0
0.7723623983511103,0.02397980625,0.32520621974999997,0.3622861115,3328.0,4359.0
0.7819845261396601,0.2960201052,0.31505669140000003,0.24463785060000004,3328.0,4359.0
0.8008444798488377,0.23749641966666665,0.24268862133333333,0.20481021733333335,3328.0,4359.0
0.8114354397786385,0.0003550556,0.2003165348,0.18334413100000002,3328.0,4359.0
0.739349320950699,0.0,0.20175731814285713,0.30949919128571424,3328.0,4359.0
0.7944154703710667,0.03277438033333333,0.21279379899999998,0.42229155999999995,3328.0,4359.0
0.8069244787617742,0.35192639233333334,0.1947299301666667,0.40586496799999994,3328.0,4359.0
0.813011944294866,0.244091832,0.192323898,0.347088647,3328.0,4359.0
0.8272100839757328,0.0227663,0.1797983416,0.3167258184,3328.0,4359.0
0.7679182833098966,0.0,0.10497671828571428,0.2354424967142857,3328.0,4359.0
0.9584869445023658,0.051123929600000007,0.06682846880000001,0.1925142282,3328.0,4359.0
0.9584701393661345,0.27999670000000004,0.07268691383333332,0.26217113233333333,3328.0,4359.0
0.9395945012899255,0.02632631733333333,0.15679180083333333,0.529800049,3328.0,4359.0
0.7644241941476878,0.0,0.24277627971428567,0.6587585420000001,3328.0,4359.0
0.9262368080541719,0.0,0.34666974733333333,0.6468313483333333,3328.0,4359.0
0.9682153479375766,0.093716834,0.36096496850000004,0.6162843929999999,3328.0,4359.0
0.9502003043745735,0.25402239550000005,0.402751401,0.6199994102499999,3328.0,4359.0
0.9470190890821418,0.224958162,0.45853655100000007,0.7961746999999999,3328.0,4359.0
0.9204153623017848,0.017014725833333334,0.4650016528333334,0.8011393091666666,3328.0,4359.0
0.7663054906107992,0.0,0.4819787370000001,0.7637385514999999,3328.0,4359.0
0.9597776832497246,0.056100910749999996,0.5200709895,0.7377918595,3328.0,4359.0
0.976450725420682,0.510454041,0.459448062,0.6367654515000001,3328.0,4359.0
0.9619240870794112,0.7194263160000001,0.514708893,0.59733840325,3328.0,4359.0
0.9707312548979102,0.41803567966666666,0.5601633006666666,0.7106091973333334,3328.0,4359.0
0.9235203541538317,0.0009091500000000001,0.5293679769999999,0.7529053915999999,3328.0,4359.0
0.7764537653111109,0.0,0.485730322,0.6375923156666666,3328.0,4359.0
0.9492293956055345,0.0005305076666666667,0.48800303333333334,0.637671761,3328.0,4359.0
0.9886342173647149,0.35595812,0.466692289,0.655357992,3328.0,4359.0
0.9680082658572955,0.7273252217999999,0.44594078719999997,0.5358469674,3328.0,4359.0
0.9696873134002286,0.4946568025,0.5633363604999999,0.677967114,3328.0,4359.0
0.9641101011191169,0.06321067775,0.5013272515,0.78089761,3328.0,4359.0
0.8170121922693754,0.0,0.39264855544444444,0.6826721585555556,3328.0,4359.0
0.9791929385092444,0.08742014566666667,0.36718760300000003,0.6644103316666666,3328.0,4359.0
0.9834164023982872,0.5775676405,0.277249644,0.612993712,3328.0,4359.0
0.9703609444605149,0.7690152378,0.284743628,0.5627668473999999,3328.0,4359.0
0.9845975676511958,0.3699525695,0.32481732750000003,0.6223095679999999,3328.0,4359.0
0.9331828883581303,0.0015304434,0.32664162379999995,0.6654020578,3328.0,4359.0
0.7669431378088932,0.00019355955555555555,0.28335236866666663,0.5493692822222224,3328.0,4359.0
0.8382909834920607,0.286097111,0.2785837195,0.550213681,3328.0,4359.0
0.8297004003031143,0.6894633760000001,0.22142389675,0.437234829,3328.0,4359.0
0.8220499056582367,0.6521399235,0.283605636,0.5291314985,3328.0,4359.0
0.8515922554438101,0.33881263,0.3338615375,0.6003628434999999,3328.0,4359.0
0.8409305412006107,0.00194987625,0.3963764475,0.6459486247499999,3328.0,4359.0
0.7682385019484788,0.00027593409999999996,0.39342881279999997,0.6908022058000001,3328.0,4359.0
0.8404074910848627,0.3869618885,0.425956739,0.744409463,3328.0,4359.0
0.8372365221133024,0.8038764540000001,0.40900477599999996,0.66984020375,3328.0,4359.0
0.8356008595568776,0.7756079965,0.550495118,0.708108596,3328.0,4359.0
0.8657284470285501,0.4469092225,0.559333726,0.7799524234999999,3328.0,4359.0
0.851944001332285,0.002845557,0.590587848,0.85530681875,3328.0,4359.0
0.7881007397358445,0.0,0.4663652219999999,0.8383943454285715,3328.0,4359.0
0.947419301630057,0.0014031436666666665,0.548812907,0.8672238746666667,3328.0,4359.0
0.9881656811961341,0.414935077,0.5909803090000001,0.8730503430000001,3328.0,4359.0
0.9849317395242009,0.7884839426,0.6253947099999999,0.858962116,3328.0,4359.0
0.9943844416227736,0.5616883775,0.7418530145,0.90586268,3328.0,4359.0
0.975990062521505,0.07934381375,0.68397902675,0.9155011767500001,3328.0,4359.0
0.8119956072702679,0.0,0.499583384125,0.8178060601249999,3328.0,4359.0
0.9447715527570056,0.0015841520000000001,0.3799373613333333,0.6095450866666666,3328.0,4359.0
0.9857716358791832,0.473799794,0.364969455,0.6191448623333334,3328.0,4359.0
0.984665228828424,0.6524163573999999,0.35861438,0.6950427774,3328.0,4359.0
0.9991145584837055,0.2948519965,0.3375311635,0.7463158635,3328.0,4359.0
0.937639335444701,0.0030842068,0.25760841180000005,0.7037571624,3328.0,4359.0
0.7872419691023711,0.0,0.24992450466666669,0.5948171999999999,3328.0,4359.0
0.9432949594571695,0.0017481953333333333,0.4021268576666667,0.7523616790000002,3328.0,4359.0
0.9890100043483362,0.232715141,0.475916027,0.843409377,3328.0,4359.0
0.9841125841774738,0.5266880684,0.5585411484,0.8943673411999999,3328.0,4359.0
0.9904553412707915,0.3266163656666667,0.7014200696666667,0.9253766273333334,3328.0,4359.0
0.9475166342919987,0.012685344500000001,0.7575007541666666,0.8989003929999999,3328.0,4359.0
0.7126203783046158,0.0,0.7023043786666667,0.8510715813333335,3023.8333333333335,3959.8333333333335
0.887269487785962,0.000591529,0.6836138376666666,0.8930647659999998,2963.0,3880.0
0.9577389544885002,0.12165150000000001,0.6451876193333334,0.9136875139999999,2963.0,3880.0
0.9522194276306069,0.2927806016666667,0.6185269573333333,0.924109199,2963.0,3880.0
0.9484045449285367,0.25501034133333333,0.6836924783333332,0.9137382296666666,2963.0,3880.0
0.8998345182357266,0.018204621333333334,0.7722577918333332,0.9121555901666668,2963.0,3880.0
0.6917470928531905,0.0,0.7448093001666667,0.8970037568333332,2963.0,3880.0
0.8775604148598095,0.0008245766666666667,0.6953470826666667,0.921696597,2963.0,3880.0
0.9506956539062785,0.1013830615,0.612682774,0.8967233875,2963.0,3880.0
0.9303294354496726,0.4010298163333333,0.4708965148333333,0.7362078163333333,2963.0,3880.0
0.9312724958573189,0.3074273775,0.407538285,0.671775048,2963.0,3880.0
0.8853981820498446,0.00342659,0.45877590760000003,0.7774652032,2963.0,3880.0
0.6843224114135331,0.00044425177777777784,0.4361370027777778,0.7192405512222222,2963.0,3880.0
0.7800481230873959,0.19363656550000002,0.3629209925,0.782268083,2963.0,3880.0
0.7553768620260416,0.4706362191666667,0.3958157735,0.7075867363333335,2963.0,3880.0
0.7757260993668446,0.09651313,0.3457012275,0.6206347761666666,2963.0,3880.0
0.6782466519860613,0.0010622681,0.42703473699999994,0.6842828190000001,2963.0,3880.0
0.763907911545624,0.153381682,0.37433571600000004,0.648353614,2963.0,3880.0
0.7515293182434105,0.23802581299999997,0.34708849475,0.6282784610000001,2963.0,3880.0
0.7578039158724333,0.225422096,0.36670179233333333,0.5591028826666666,2963.0,3880.0
0.7742242406623385,0.029129225800000002,0.3464071628,0.5892221398,2963.0,3880.0
0.6845075914255415,0.0,0.37751844785714284,0.7066517692857142,2963.0,3880.0
0.8685948135580435,0.003415388,0.4096795416666667,0.7111633826666667,2963.0,3880.0
0.9209464704339337,0.20599859450000002,0.371416592,0.6567600285,2963.0,3880.0
0.8777094521975464,0.50453823675,0.28853667375000003,0.623337756,2963.0,3880.0
0.8594834276569477,0.35307485133333333,0.22691685966666664,0.6208889299999999,2963.0,3880.0
0.8718599362405721,0.0356063255,0.2160417415,0.60022811925,2963.0,3880.0
0.7289186905943909,0.0,0.247394092,0.612129574,2963.0,3880.0
0.6608660018382803,0.0,0.21519367275,0.51978725225,2963.0,3880.0
0.8481350032244951,0.003658383666666667,0.18020253533333333,0.4577159513333333,2963.0,3880.0
0.9045289578682478,0.2689986233333333,0.16077992433333332,0.4563824806666667,2963.0,3880.0
0.8754129243317177,0.41935845950000006,0.21575707499999996,0.322456164,2963.0,3880.0
0.8842851333268316,0.26902070533333333,0.278708643,0.35596342266666675,2963.0,3880.0
0.8503171877959183,0.0038985635999999996,0.406880623,0.44181317680000004,2963.0,3880.0
0.6703172756429548,0.0,0.4610632121666667,0.4917298583333333,2963.0,3880.0
0.8590089330138483,0.005445259,0.49645287666666665,0.6179610613333333,2963.0,3880.0
0.9186102658430928,0.217807023,0.525389638,0.6625491795,2963.0,3880.0
0.8899430224566077,0.4772020163333333,0.5424112363333333,0.7201947626666666,2963.0,3880.0
0.905814123987106,0.2960573675,0.502735713,0.750792125,2963.0,3880.0
0.8666045913990021,0.0094657136,0.3886910552,0.6841255958000001,2963.0,3880.0
0.6840680770617681,0.0,0.43697743633333325,0.7752071626666668,2963.0,3880.0
0.8666480428802558,0.010289869333333333,0.49837899699999993,0.8083125126666667,2963.0,3880.0
0.9143469994968023,0.3088107615,0.4466067635,0.785063453,2963.0,3880.0
0.8852353055405089,0.601195617,0.419137142,0.71292509625,2963.0,3880.0
0.8825777834686446,0.42909880825,0.3846801435,0.54619132925,2963.0,3880.0
0.8776439822253282,0.013342147666666667,0.277433988,0.42325655366666665,2963.0,3880.0
0.7082985690282677,0.0,0.31504700166666666,0.3975714595,2963.0,3880.0
0.7697824843991314,0.0044252012,0.37830033999999996,0.4497298508,2963.0,3880.0
0.8990074645153321,0.1744047555,0.4140087055,0.555844596,2963.0,3880.0
0.8655115621973609,0.34232948459999996,0.3926784632,0.6951589182,2963.0,3880.0
0.8614296512480719,0.202372277,0.5079259395,0.765942711,2963.0,3880.0
0.8177565509628199,0.019072662,0.6259539618333334,0.8774185958333334,2963.0,3880.0
0.6135364448761766,0.0,0.6728894411666667,0.9108426816666665,2963.0,3880.0
0.6630333196725745,0.021195171,0.6475217975,0.8942754439999999,2963.0,3880.0
0.7181103342534596,0.222305753,0.5392814225,0.8679480774999999,2963.0,3880.0
0.7045395198079931,0.3769027535,0.42854228124999993,0.60937119175,2963.0,3880.0
0.7021390539381139,0.2781776365,0.34392085250000004,0.362703808,2963.0,3880.0
0.6979654096440607,0.023138563666666667,0.413831547,0.2894532183333333,2963.0,3880.0
0.635424795898361,0.0,0.4555203835,0.3709795495,2963.0,3880.0
0.6214700059442555,0.0017171112857142857,0.49222051285714297,0.6329413445714286,2963.0,3880.0
0.702437712636152,0.2816408563333333,0.47268289466666663,0.733368782,2963.0,3880.0
0.6932587018508516,0.5068692847499999,0.47525190425,0.74239866275,2963.0,3880.0
0.6986313980674985,0.347644148,0.4287595415,0.6817163965,2963.0,3880.0
0.7007200087384312,0.03555341771428571,0.436444718,0.8020104199999999,2963.0,3880.0
0.6588108981639181,0.0,0.6105939899999999,0.8914065133333332,2963.0,3880.0
0.863026990006597,0.09806233525000001,0.687772839,0.9233919185,2963.0,3880.0
0.8628397713693421,0.3752685504285714,0.7812915797142856,0.9302558208571429,2963.0,3880.0
0.8828684506484015,0.115282064,0.789422795,0.9328148215000001,2963.0,3880.0
0.7809962134459021,0.0,0.7261608641999999,0.9198046036,2963.0,3880.0
0.6400396306079501,0.0,0.647574196,0.86699310525,2963.0,3880.0
0.7938143383097533,0.00580171575,0.49863110325000004,0.6041842195,2963.0,3880.0
0.9061039483398932,0.175088351,0.412936423,0.33777619550000004,2963.0,3880.0
0.8903043788588857,0.36237889633333326,0.3346909196666667,0.168203858,2963.0,3880.0
0.880566422589946,0.37419960875,0.25988665925,0.16477186675,2963.0,3880.0
0.8684781504579118,0.055514445999999995,0.1350091082,0.2348640798,2963.0,3880.0
0.6956633087129511,0.0,0.19299858271428572,0.5543903838571429,2963.0,3880.0
0.8752387738802984,0.027327484666666665,0.3335596296666667,0.7630420096666667,2963.0,3880.0
0.9107829667530052,0.380318787,0.357205157,0.811805396,2963.0,3880.0
0.8542218625802319,0.6679708358333333,0.45925150033333334,0.8708178455,2963.0,3880.0
0.8537064565760684,0.268607484,0.6135253334999999,0.9227076315,2963.0,3880.0
0.8310469925711337,0.0055406785,0.7318227924999999,0.9143711355,2963.0,3880.0
0.658095097552919,0.0,0.6343280731666666,0.8157720915,2963.0,3880.0
0.7814979103809162,0.0032904595,0.47489692050000004,0.7908498867499999,2963.0,3880.0
0.8892313248184139,0.1230399805,0.376897256,0.6860224895,2963.0,3880.0
0.8809004258823713,0.323645806,0.33726242425,0.63887034325,2963.0,3880.0
0.8753753323337315,0.30865048533333334,0.38974319166666666,0.5850453753333333,2963.0,3880.0
0.8504772255155335,0.03399581366666667,0.3615228348333333,0.7118993531666667,2963.0,3880.0
0.6959554404338304,0.0,0.24449232362499998,0.59078089875,2963.0,3880.0
0.8985078345615757,0.12916163949999998,0.16229559999999998,0.47571474950000003,2963.0,3880.0
0.8597701766783897,0.4938341583333334,0.11211101683333331,0.3355569598333334,2963.0,3880.0
0.8618874531926134,0.37790577449999996,0.0874527025,0.21792353050000002,2963.0,3880.0
0.8841528331490955,0.1237165965,0.0641056905,0.1808780265,2963.0,3880.0
0.8218094942258802,0.0,0.0691963545,0.19340036175000003,2963.0,3880.0
0.6402991817983256,0.0,0.09892458742857144,0.30811626242857143,2963.0,3880.0
0.7183652945244727,0.07173636933333334,0.120314977,0.42901689600000004,2963.0,3880.0
0.783990766867296,0.3641545523333333,0.13222875083333333,0.5164473586666667,2963.0,3880.0
0.8088355721436574,0.2567524425,0.21338496099999998,0.6045510465,2963.0,3880.0
0.8044180699197538,0.0308494624,0.24136604359999997,0.6059800866,2963.0,3880.0
0.6877907921829204,0.0,0.21434200244444443,0.5009791683333334,2963.0,3880.0
0.7704232385021005,0.126408884,0.20661553966666668,0.4541805766666666,2963.0,3880.0
0.7956979129928599,0.37825949259999997,0.22068916720000004,0.43681692539999994,2963.0,3880.0
0.8135494102445944,0.24903988049999998,0.2802077215,0.59838754,2963.0,3880.0
0.8091532345701171,0.0407934668,0.27564433059999993,0.5686756182,2963.0,3880.0
0.7119879855740479,0.0,0.19774058085714286,0.35341096599999994,2963.0,3880.0
0.8881481575292406,0.024346936666666666,0.12320358733333332,0.418777429,2963.0,3880.0
0.9551847827450282,0.237841541,0.1380761165,0.5240982865,2963.0,3880.0
0.9420980358405651,0.42554218020000006,0.24184261359999998,0.6150801365999999,2963.0,3880.0
0.9466349631060496,0.21099239466666667,0.359298261,0.7669256149999999,2963.0,3880.0
0.9080584444422418,0.00936610975,0.40877638775,0.8610327984999999,2963.0,3880.0
0.7173329670305746,0.0,0.45514008916666665,0.8878476851666667,2963.0,3880.0
0.8496940697755804,0.03279466925,0.565826982,0.87537502325,2963.0,3880.0
0.94929936033433,0.390805952,0.5865414715,0.8987998165,2963.0,3880.0
0.9223304506936291,0.5900201899999999,0.6859631974000001,0.8976804489999999,2963.0,3880.0
0.9150433055284264,0.436919977,0.779892144,0.8869961024999999,2963.0,3880.0
0.9306129612274326,0.1913163915,0.6928916085,0.8659804769999999,2963.0,3880.0
0.8664888035818499,0.0,0.62993966125,0.725233153,2963.0,3880.0
0.691371944561991,0.0,0.568666342,0.5184581685999999,2963.0,3880.0
0.84325177556462,0.041288609,0.4872860655,0.4253548235,2963.0,3880.0
0.9379070526434888,0.5202743626666667,0.398339711,0.28277899866666667,2963.0,3880.0
0.9082471585134274,0.7138204095,0.459136373,0.28461177275,2963.0,3880.0
0.9090951632249503,0.4957258505,0.4896694325,0.352255657,2963.0,3880.0
0.9263701432301763,0.2062792075,0.4369201745,0.4395613765,2963.0,3880.0
0.8813500144738735,0.0,0.40179813033333334,0.484487426,2963.0,3880.0
0.7129046729242513,0.0,0.2932127487142857,0.4519911497142857,2963.0,3880.0
0.8764801602760289,0.042626596999999995,0.2727993146666667,0.48271840400000005,2963.0,3880.0
0.9325927182461231,0.352165303,0.2408553335,0.44034895900000004,2963.0,3880.0
0.9072834280907227,0.51429066525,0.301292494,0.39849010475,2963.0,3880.0
0.9030434045162351,0.3594786016666667,0.3454345783333333,0.46194852933333336,2963.0,3880.0
0.885213872546845,0.0488062804,0.3168411416,0.4733008118,2963.0,3880.0
0.6940471660508417,0.0,0.26814146057142857,0.6725199207142858,2963.0,3880.0
0.8643545238392156,0.028001643000000003,0.2778738486666667,0.7681112043333332,2963.0,3880.0
0.9254698867393214,0.216247599,0.241579775,0.6634891405000001,2963.0,3880.0
0.911418025454835,0.34312101159999997,0.2189410068,0.5473193128,2963.0,3880.0
0.913717982138196,0.2222371575,0.2128451875,0.4449316335,2963.0,3880.0
0.8706143730002346,0.02384684216666667,0.2443935205,0.6568214925000001,2963.0,3880.0
0.6554597642575369,0.0,0.2906431922857142,0.6149077921428571,2963.0,3880.0
0.7055614125303091,0.0425799085,0.2462244165,0.529260318,2963.0,3880.0
0.7535596636350882,0.24386981300000002,0.181757734,0.48962008149999997,2963.0,3880.0
0.7240729633098703,0.489849007,0.1470290822,0.3148707318,2963.0,3880.0
0.7301126416083616,0.23017021225,0.1147152735,0.32389164550000005,2963.0,3880.0
0.733118272276779,0.0,0.159724869,0.3788948245,2963.0,3880.0
0.6704877691224282,0.011473186111111111,0.160446366,0.3549227927777778,2963.0,3880.0
0.7463852013074191,0.293881636,0.125683459,0.37437634399999997,2963.0,3880.0
0.7145566099061323,0.5454649041999999,0.1324013992,0.3965985984,2963.0,3880.0
0.7241572803273734,0.3666243885,0.150250485,0.425747388,2963.0,3880.0
0.7318564561012051,0.163840375,0.179451532,0.37908377849999997,2963.0,3880.0
0.6782703915156367,0.0,0.22834961755555558,0.3962510502222222,2963.0,3880.0
0.8713197867854541,0.030451049249999997,0.21556705825,0.3649887565,2963.0,3880.0
0.8986188141698228,0.291931871,0.189709933,0.32908270500000003,2963.0,3880.0
0.8634342478303637,0.5346930082,0.2528796984,0.265983061,2963.0,3880.0
0.8725952536701045,0.40331300400000003,0.324072065,0.30977105699999996,2963.0,3880.0
0.8740700136230188,0.1740182215,0.289586122,0.24544601,2963.0,3880.0
0.7974696120844366,0.0,0.24625037900000002,0.24320462799999998,2963.0,3880.0
0.6737727905756871,0.0,0.27170972233333335,0.5519956426666667,2963.0,3880.0
0.8755915917029421,0.01029568275,0.34370385049999996,0.82884691325,2963.0,3880.0
0.9079306168325453,0.11433869566666666,0.4536485016666667,0.8905440866666666,2963.0,3880.0
0.8916106659769432,0.14944898774999998,0.6216473607499999,0.887402495,2963.0,3880.0
0.8840322282037518,0.1106598085,0.6403932569999999,0.8974461625,2963.0,3880.0
0.8676397621439513,0.0391902315,0.6349280835,0.891783788,2963.0,3880.0
0.7852223505019945,0.0,0.5995161146666667,0.8432880479999999,2963.0,3880.0
0.6510900986897362,0.0,0.4962194053333333,0.7393506438333334,2963.0,3880.0
0.8461263110532036,0.0061805935,0.46406323625,0.6736582175,2963.0,3880.0
0.8881162061697327,0.084591326,0.5544275270000001,0.694242569,2963.0,3880.0
0.8637876127211103,0.21088996775000002,0.6219338397499999,0.76968916,2963.0,3880.0
0.8663866952969377,0.264310893,0.6939967225,0.8414865284999999,2963.0,3880.0
0.8848933623877561,0.1757853445,0.6283307215,0.787773208,2963.0,3880.0
0.8195084641960457,0.020056585,0.40957916425,0.6379331735,2963.0,3880.0
0.6694802343301642,0.0,0.21634591783333332,0.45551424683333336,2963.0,3880.0
0.8768685001254324,0.0268100395,0.197450865,0.5865535857499999,2963.0,3880.0
0.8990677004223904,0.2929164815,0.2142253225,0.70657881,2963.0,3880.0
0.872026605273853,0.5090076755,0.286782773,0.77549778825,2963.0,3880.0
0.8648903781586663,0.515599192,0.330622019,0.7908989319999999,2963.0,3880.0
0.876672400738631,0.32035347550000004,0.305169633,0.7521237085000001,2963.0,3880.0
0.8566755376100125,0.06292990949999999,0.24617006400000002,0.646839594,2963.0,3880.0
0.7275039115490836,0.0,0.28679761150000005,0.5949552935,2963.0,3880.0
0.6890620343705278,0.0,0.37441660660000003,0.47439923520000005,2963.0,3880.0
0.892009348266614,0.023660063999999998,0.4665847263333333,0.5192922323333333,2963.0,3880.0
0.8961688798238013,0.189058795,0.5069856365000001,0.5631474160000001,2963.0,3880.0
0.8777545847718562,0.4129927795,0.503673732,0.5525174082500001,2963.0,3880.0
0.8865991746224541,0.48724695,0.468492713,0.5867797130000001,2963.0,3880.0
0.8908629731899314,0.30406886499999997,0.3430935705,0.6236076150000001,2963.0,3880.0
0.8324933200979081,0.03485959725,0.24552466799999997,0.61374920225,2963.0,3880.0
0.6555906622353846,0.0,0.20957099775,0.519917094375,2963.0,3880.0
0.7366639304561597,0.0636316365,0.17870680700000002,0.6486017845000001,2963.0,3880.0
0.7515655056310208,0.38591857966666665,0.234477907,0.711980451,2963.0,3880.0
0.7351500836811817,0.521300572,0.4357603108,0.7772736847999999,2963.0,3880.0
0.7496982215513578,0.30411555,0.5576148505,0.8285161845,2963.0,3880.0
0.7424774511968224,0.030330429000000002,0.5447527059999999,0.81917973525,2963.0,3880.0
0.5988846273971757,0.0,0.43778004737500004,0.5174206415,3518.75,4608.25
0.6638468816904981,0.0563822315,0.3215942045,0.2499326315,3704.0,4851.0
0.7214736545628175,0.3276797095,0.30507771,0.2367786305,3704.0,4851.0
0.7067398277122144,0.49215346475,0.230779069,0.24089180575,3704.0,4851.0
0.7085479921707536,0.46348714950000003,0.21689468550000002,0.3002186035,3704.0,4851.0
0.7127657931905971,0.2869162035,0.163476049,0.3690830225,3704.0,4851.0
0.6890359957214679,0.0161725735,0.26766111516666663,0.5949628736666667,3704.0,4851.0
0.6633896342400484,0.0,0.44341886383333334,0.8173630353333334,3704.0,4851.0
0.8318737875967998,0.07813994133333334,0.5039398876666666,0.8115740416666667,3704.0,4851.0
0.8145453212183733,0.36555752125,0.41386041025,0.71314684025,3704.0,4851.0
0.7959215163142019,0.34785937633333336,0.4934947296666666,0.726203495,3704.0,4851.0
0.8039410706142545,0.160805743,0.5458382825,0.7699094645,3704.0,4851.0
0.7711212596317697,0.020462599,0.6232005616666666,0.8146406303333333,3704.0,4851.0
0.6305723752161396,0.0,0.6901942674,0.8835295693999999,3704.0,4851.0
0.6519410050798763,0.0,0.714176359,0.8611734764999999,3704.0,4851.0
0.7950446060291703,0.066680151,0.6937498735000001,0.864872556,3704.0,4851.0
0.807685057090775,0.2920751965,0.6293484885,0.837851075,3704.0,4851.0
0.78897696775841,0.4657140244,0.6254373824,0.8047518658000001,3704.0,4851.0
0.7924368518015383,0.33104941050000003,0.573926808,0.7152442450000001,3704.0,4851.0
0.7674779235924805,0.07125203999999999,0.5685029902000001,0.8300607868000001,3704.0,4851.0
0.6118825518120973,0.0,0.606040082,0.891977224,3704.0,4851.0
0.7465317103751643,0.025270832,0.57898799975,0.8566159335000001,3704.0,4851.0
0.8118459045716805,0.36584925575000005,0.54536485375,0.886772986,3704.0,4851.0
0.8009380569615435,0.4550137465,0.65350490625,0.8649861324999999,3704.0,4851.0
0.8069745126997265,0.2659001635,0.60875073,0.8544460819999999,3704.0,4851.0
0.7623006370467003,0.027419547500000002,0.5834917789999999,0.8745760925,3704.0,4851.0
0.6195271618880046,0.0,0.6015114603333334,0.8814647383333334,3704.0,4851.0
0.6195361846839664,0.0,0.563258627,0.8323685667499999,3704.0,4851.0
0.791095471435451,0.040684428,0.407860351,0.5286737616666667,3704.0,4851.0
0.8343243724466318,0.3187032045,0.329988321,0.249640874,3704.0,4851.0
0.823216366794907,0.50168350875,0.18018776325,0.106526209,3704.0,4851.0
0.8165311771911805,0.4436841415,0.11834992700000001,0.174011851,3704.0,4851.0
0.7834351296440287,0.0419943495,0.21634165675,0.48596227225,3704.0,4851.0
0.6397710928399113,0.0,0.42836809379999996,0.765480898,3704.0,4851.0
0.7462727247321712,0.00589412275,0.518212766,0.836136686,3704.0,4851.0
0.8378342017478044,0.369799447,0.47788540599999996,0.844921142,3704.0,4851.0
0.798704692497712,0.82177692575,0.351189258,0.7322323275,3704.0,4851.0
0.7786984776175122,0.8539946020000001,0.40211321299999997,0.5135440923333333,3704.0,4851.0
0.7765386485834744,0.5175087425,0.439027392,0.37598343700000003,3704.0,4851.0
0.7521001474776473,0.06935367066666667,0.5331758710000001,0.422237183,3704.0,4851.0
0.6667137878486065,0.0,0.569859241,0.45424113349999995,3704.0,4851.0
0.5685162791502263,0.0,0.5856625633333333,0.6286459536666668,3704.0,4851.0
0.5975395709345351,0.0100584965,0.5532023724999999,0.5438054109999999,3704.0,4851.0
0.6581239809716366,0.1796465555,0.499861465,0.49158824149999997,3704.0,4851.0
0.6674232455243763,0.4208310245,0.383157046,0.458964278,3704.0,4851.0
0.6585018194416606,0.5756758262499999,0.33469899825,0.40048704625,3704.0,4851.0
0.6572433964840925,0.31893306833333335,0.2837318853333333,0.24799601433333338,3704.0,4851.0
0.6471970083098652,0.032927685,0.287416341,0.17099010666666667,3704.0,4851.0
0.6060975078409037,0.0,0.28247848525,0.1087759935,3704.0,4851.0
0.5666100295008443,0.0,0.2719829924,0.1332320894,3704.0,4851.0
0.630596806729999,0.073586317,0.27474366699999997,0.190581215,3704.0,4851.0
0.6705691975691437,0.3007366895,0.230532138,0.170369086,3704.0,4851.0
0.6586877169015397,0.44938365575000006,0.24672543949999998,0.16882948274999998,3704.0,4851.0
0.6580015352213227,0.3296013305,0.23176799650000002,0.2760399745,3704.0,4851.0
0.6597043755418226,0.1533613935,0.1848908985,0.369371844,3704.0,4851.0
0.6507216822153109,0.018303658666666667,0.18612412600000003,0.378956818,3704.0,4851.0
0.6198302229185014,0.0,0.18133066375,0.29686591249999994,3704.0,4851.0
0.7738190424259,0.025079266333333336,0.150996098,0.138902672,3704.0,4851.0
0.8093602190242065,0.17358302949999999,0.1127307505,0.0902026895,3704.0,4851.0
0.7926613393217713,0.29103900774999997,0.14187727149999999,0.114672786,3704.0,4851.0
0.7922931372493658,0.26150777449999996,0.1808401905,0.133215859,3704.0,4851.0
0.7964714611651074,0.17061544550000002,0.19854666399999998,0.2005445655,3704.0,4851.0
0.7139781335922774,0.012159773166666665,0.2873932835,0.3249450248333334,3704.0,4851.0
0.6326391504933672,0.0,0.35971099083333335,0.350418683,3704.0,4851.0
0.801596260835982,0.061639313,0.3548945775,0.3028164525,3704.0,4851.0
0.8133685250488636,0.26650651599999997,0.3531005255,0.289955664,3704.0,4851.0
0.7896603571756553,0.48509213300000004,0.3728431492,0.3353124276,3704.0,4851.0
0.788083749110668,0.32639285,0.32634956066666665,0.295678447,3704.0,4851.0
0.7337914131559864,0.023500359399999997,0.3650763286,0.276996431,3704.0,4851.0
0.6193922520176232,0.0,0.39650181050000005,0.31411869233333334,3704.0,4851.0
0.7738038134115363,0.0179076545,0.3893792695,0.3558251375,3704.0,4851.0
0.8224860911917422,0.295356641,0.32804102166666665,0.33906981466666664,3704.0,4851.0
0.7881167738959548,0.5170617968,0.3267542132,0.33846910399999997,3704.0,4851.0
0.7819365503126123,0.3420423555,0.361061698,0.4939718515,3704.0,4851.0
0.7752022360707129,0.14512522,0.329078948,0.5167313245,3704.0,4851.0
0.7422239694501699,0.0025923646666666665,0.3240871223333333,0.488161882,3704.0,4851.0
0.6122795411500775,0.0,0.24473888750000003,0.34640524433333325,3704.0,4851.0
0.7325626535467721,0.007999297666666667,0.19843783066666668,0.29670458866666666,3704.0,4851.0
0.8257305512835142,0.1881038745,0.1419131525,0.223653753,3704.0,4851.0
0.8060066837689215,0.47331581279999996,0.1233269404,0.18457977479999998,3704.0,4851.0
0.8018614526889404,0.3806572673333333,0.09052270999999999,0.24865187133333336,3704.0,4851.0
0.7698661050036423,0.0692919042,0.0793056018,0.194749601,3704.0,4851.0
0.6209562073134487,0.0,0.13231947414285714,0.06735050957142857,3704.0,4851.0
0.7864425346108597,0.06976015466666667,0.19052828333333335,0.08199076033333333,3704.0,4851.0
0.8130955264414945,0.4460529496666667,0.186642674,0.09675314833333333,3704.0,4851.0
0.7895865571049422,0.56887247825,0.2536013805,0.08029031225,3704.0,4851.0
0.7858296185545657,0.402417805,0.22103301050000002,0.11371704599999999,3704.0,4851.0
0.7759411685445726,0.19484738349999997,0.19001659850000002,0.12340568399999999,3704.0,4851.0
0.7172095898594366,0.002413352,0.20962290675,0.1340366375,3704.0,4851.0
0.5722432771710093,0.0,0.206402404,0.108900507,3704.0,4851.0
0.6092287113501738,0.0160347485,0.1917037815,0.080369406,3704.0,4851.0
0.6769560832467733,0.23488899833333332,0.135943287,0.09204634033333332,3704.0,4851.0
0.6718093655897303,0.5038909283999999,0.073668447,0.0639653984,3704.0,4851.0
0.6660811775667168,0.34589995500000004,0.06858829899999999,0.11546522,3704.0,4851.0
0.6632313264299599,0.15190449849999998,0.07435521,0.15212533550000001,3704.0,4851.0
0.6016298607886659,0.0016359374999999998,0.1438735306,0.3370093811,3704.0,4851.0
0.6017023923010177,0.0292250735,0.162149796,0.471678304,3704.0,4851.0
0.6669311783354814,0.216868151,0.1356281785,0.4874553125,3704.0,4851.0
0.6653624272806777,0.5166531323333333,0.16873456499999998,0.5519638323333333,3704.0,4851.0
0.6626990206567165,0.310584548,0.25781976599999995,0.571245602,3704.0,4851.0
0.6531978134155108,0.025773918,0.2283495638,0.5316759742,3704.0,4851.0
0.6311632499604195,0.0,0.16436674171428572,0.4370619167142857,3704.0,4851.0
0.806513428437685,0.14973189466666667,0.12206953133333333,0.37248140966666665,3704.0,4851.0
0.7919678277753477,0.4411657372000001,0.1172918566,0.2766028168,3704.0,4851.0
0.7808340066676309,0.29476506049999995,0.161976835,0.27894913125,3704.0,4851.0
0.7473068043275088,0.0391595765,0.18498821625,0.33485611275000005,3704.0,4851.0
0.6226310714480175,0.0,0.181433822,0.6386308228571428,3704.0,4851.0
0.7688285389900031,0.049394815,0.19564780850000002,0.726499819,3704.0,4851.0
0.8063105425220682,0.41735081100000004,0.149799208,0.720765492,3704.0,4851.0
0.7801185017885013,0.8685943426666666,0.119350603,0.5418034463333334,3704.0,4851.0
0.7737241050630206,0.704443296,0.0968554855,0.3613061955,3704.0,4851.0
0.762337785493284,0.3585481905,0.103007848,0.3370208225,3704.0,4851.0
0.7273862969774517,0.010843049666666667,0.16863323700000002,0.42578268133333336,3704.0,4851.0
0.6322714696111549,0.0,0.21089374262500005,0.45688400237500004,3704.0,4851.0
0.7869895371266598,0.220851328,0.2399698565,0.3622056945,3704.0,4851.0
0.7841029145375449,0.613700131,0.15847518249999998,0.41017881,3704.0,4851.0
0.7766843148394358,0.9118962178000001,0.1968771194,0.4330903528,3704.0,4851.0
0.7712099427460775,0.6937257985,0.228639476,0.3636426225,3704.0,4851.0
0.7624112395594813,0.3480312385,0.24114103999999997,0.324890267,3704.0,4851.0
0.7239744360440484,0.011973486666666667,0.32037429833333336,0.41813622733333333,3704.0,4851.0
0.6141946012567788,0.0,0.33234423814285713,0.3698921062857143,3704.0,4851.0
0.7614167258561437,0.15187226766666664,0.2718498693333333,0.3092294626666667,3704.0,4851.0
0.7817663550482123,0.6196051515000001,0.139333963,0.1886495905,3704.0,4851.0
0.7746002760563432,0.8895930248333334,0.108603935,0.1071474765,3704.0,4851.0
0.7709396351274567,0.5319975335,0.104192911,0.0899246935,3704.0,4851.0
0.7132545735669146,0.058402542599999996,0.1458881506,0.1229610732,3704.0,4851.0
0.6257202758191253,0.0,0.1406895902857143,0.18115582328571428,3704.0,4851.0
0.775162182300855,0.226740261,0.101579964,0.182777667,3704.0,4851.0
0.7804144473767467,0.6831049303333333,0.047609447,0.12751942533333332,3704.0,4851.0
0.7734692999936583,0.9133401175,0.0569115635,0.06377047075,3704.0,4851.0
0.771967016956567,0.644338369,0.07214861,0.0670552925,3704.0,4851.0
0.7605091505899766,0.3277395195,0.093335798,0.07689452599999999,3704.0,4851.0
0.7225100702652852,0.014639221333333334,0.152522712,0.11974763866666666,3704.0,4851.0
0.5757193457597449,0.0,0.167492857,0.212295126875,3704.0,4851.0
0.6188141187470002,0.227737545,0.12500194450000002,0.30058971749999996,3704.0,4851.0
0.655930625934334,0.583032621,0.057236341999999996,0.22264659050000002,3704.0,4851.0
0.6583459978040862,0.8710836636,0.052232535000000004,0.1293777002,3704.0,4851.0
0.660877223990798,0.6763978545,0.06004026,0.157530679,3704.0,4851.0
0.6487523046234087,0.324593099,0.0852234565,0.2300027965,3704.0,4851.0
0.6255126906156168,0.0094864896,0.16500010040000002,0.2982041384,3704.0,4851.0
0.5636279653544015,0.0,0.19832479516666668,0.2186283436666667,3704.0,4851.0
0.6164241985913925,0.203498758,0.1976897155,0.287220179,3704.0,4851.0
0.6556507077934731,0.6144007446666667,0.10274665166666667,0.238495276,3704.0,4851.0
0.6597630589970366,0.8011398988,0.155082143,0.325170984,3704.0,4851.0
0.6561166786464844,0.395280839,0.166163486,0.44534502649999996,3704.0,4851.0
0.6394398218609098,0.045031352250000004,0.1724510985,0.40363952724999996,3704.0,4851.0
0.6131979077085769,0.0,0.14257484642857143,0.36616418257142863,3704.0,4851.0
0.7634760729407262,0.08279522466666667,0.087246977,0.24174729733333333,3704.0,4851.0
0.7912634489090915,0.3651209895,0.053294947999999995,0.21877024150000002,3704.0,4851.0
0.7817241011709315,0.5174536316,0.0834250066,0.26419519020000004,3704.0,4851.0
0.7784319254806333,0.3103864823333333,0.12030722766666667,0.34425032600000005,3704.0,4851.0
0.7466919809596877,0.04091376175,0.10659288875,0.39161573974999997,3704.0,4851.0
0.61859200113978,0.0,0.08916442657142856,0.44315321957142856,3704.0,4851.0
0.7723871603290723,0.11030634233333332,0.06385481666666666,0.382604515,3704.0,4851.0
0.7942293807061422,0.466327497,0.054134176,0.3484841675,3704.0,4851.0
0.7790803118466768,0.6469998908333333,0.06966326016666667,0.31626434183333335,3704.0,4851.0
0.7723663571827868,0.4263890955,0.1129935195,0.43676086049999996,3704.0,4851.0
0.7555192829105277,0.13747143,0.1245121995,0.562369314,3704.0,4851.0
0.6723401802729825,0.0,0.20577395575000001,0.6562311105,3704.0,4851.0
0.6102257888774713,0.0,0.24475352679999998,0.6566044115999999,3704.0,4851.0
0.7651044093481575,0.07882415799999999,0.19476524233333334,0.45391223100000005,3704.0,4851.0
0.7910421107016823,0.2837629005,0.2158318165,0.49618937900000004,3704.0,4851.0
0.7813927592324796,0.46685994820000004,0.297024312,0.6165111402,3704.0,4851.0
0.778394932311631,0.351399856,0.4125996363333333,0.8210246510000001,3704.0,4851.0
0.7453298306879382,0.049273816750000005,0.3671415795,0.806699646,3704.0,4851.0
0.6182877165807579,0.0,0.3137341542857143,0.6744977775714285,3704.0,4851.0
0.7773965891028896,0.12628366366666666,0.236301371,0.569060966,3704.0,4851.0
0.8098033389735539,0.4711527095,0.22918245450000002,0.49781169449999996,3704.0,4851.0
0.7906894925168223,0.5948919441666668,0.19131737199999999,0.38484389900000004,3704.0,4851.0
0.7858760596367287,0.36208957350000004,0.17281364500000002,0.3249333955,3704.0,4851.0
0.7582414321192034,0.0576270275,0.12438108449999999,0.20787347775,3704.0,4851.0
0.6218484480027712,0.0,0.14081146166666667,0.26729597650000003,3704.0,4851.0
0.7322972694887684,0.000719445,0.2284165735,0.41754824,3704.0,4851.0
0.8097636400515675,0.207011031,0.23075866,0.6133405705,3704.0,4851.0
0.8066926724746657,0.505160458,0.25170481,0.7390806514999999,3704.0,4851.0
0.780080378991757,0.7253249804,0.3990265396,0.7543291106,3704.0,4851.0
0.7742092304961389,0.4543574035,0.529644421,0.7140389585,3704.0,4851.0
0.7656989322708442,0.21450759,0.4790090835,0.6962462975,3704.0,4851.0
0.728554465855359,0.012522582999999999,0.41753739133333334,0.6977546866666667,3704.0,4851.0
0.5757560728561189,0.000159846125,0.27307219349999995,0.6112458405000001,3704.0,4851.0
0.6285306213742807,0.1267643815,0.1456790685,0.391752366,3704.0,4851.0
0.679937502761353,0.3242705935,0.1301102055,0.28772753799999995,3704.0,4851.0
0.6757821332760995,0.41758425499999996,0.13789679175,0.1495103335,3704.0,4851.0
0.6702202572061431,0.28806754525,0.12760209225,0.13811972225000002,3704.0,4851.0
0.6563081073494443,0.0314576154,0.1645636414,0.183285205,3704.0,4851.0
0.5717739172737514,0.00021257585714285713,0.2383245374285714,0.33147521014285714,3704.0,4851.0
0.6332426851852404,0.086373144,0.331656069,0.551547901,3704.0,4851.0
0.6894465950361062,0.2405444745,0.320048008,0.615988851,3704.0,4851.0
0.681403258360946,0.35913579925,0.36012776,0.7225785975,3704.0,4851.0
0.6975493026956209,0.165259204,0.4108817195,0.837349901,3704.0,4851.0
0.6832452888726381,0.01549422275,0.4753416455,0.850034435,3704.0,4851.0
0.6120844619045045,0.0,0.5495335946666667,0.7642469241666666,3704.0,4851.0
0.7280894634181291,0.014975167333333332,0.5141116349999999,0.7062049526666666,3704.0,4851.0
0.8266880718178498,0.1571301605,0.5418012155,0.6879471850000001,3704.0,4851.0
0.8311940560823504,0.403095582,0.5339691155,0.654747654,3704.0,4851.0
0.841151701933464,0.329496475,0.5322639764999999,0.646307547,3704.0,4851.0
0.8255871028588085,0.11188629700000001,0.37034138066666666,0.5705084873333334,3704.0,4851.0
0.764034726379337,0.0,0.2356261475,0.49955522799999996,3704.0,4851.0
0.621781761370712,0.0,0.1668035774285714,0.43002659699999995,3874.714285714286,5073.857142857143
0.7716786415068643,0.08207236799999999,0.124991815,0.34029250333333333,3943.0,5163.0
0.8125771190284073,0.342766177,0.110160085,0.2330269795,3943.0,5163.0
0.7992523648137576,0.46631856679999995,0.1165636914,0.2822931652,3943.0,5163.0
0.7931139958962475,0.360603485,0.1453604175,0.358329848,3943.0,5163.0
0.7626544543254556,0.089378495,0.12746831479999998,0.40986746059999996,3943.0,5163.0
0.628586367772393,0.0,0.19904353628571428,0.714885368,3943.0,5163.0
0.750134710198851,0.0639992695,0.245967549,0.7810125395,3943.0,5163.0
0.8044371520386767,0.3543741625,0.212323431,0.792323036,3943.0,5163.0
0.7859938479454557,0.63747603,0.263822463,0.7848516704999999,3943.0,5163.0
0.7751028039681293,0.47512068166666666,0.31223790199999996,0.700749354,3943.0,5163.0
0.7664270418086965,0.16099398374999999,0.29932475824999993,0.7025249467500001,3943.0,5163.0
0.6493948684437726,0.0,0.27744597779999997,0.5674226488,3943.0,5163.0
0.6054119693414359,0.0,0.315117399,0.5520198019999999,3943.0,5163.0
0.7325087605918166,0.0506443325,0.33124669900000003,0.386655022,3943.0,5163.0
0.7984145797614266,0.235599311,0.3220895425,0.3067131455,3943.0,5163.0
0.7819529326078681,0.4623505751666666,0.36708131666666666,0.25692338466666664,3943.0,5163.0
0.7740023524491654,0.260043647,0.429118044,0.31762004866666665,3943.0,5163.0
0.7344064915890648,0.04657832375,0.45191338575,0.2962621005,3943.0,5163.0
0.6073278833163451,0.0,0.461001151,0.23100588814285716,3943.0,5163.0
0.729649771995821,0.07243537700000001,0.4157700165,0.172380735,3943.0,5163.0
0.7890252274333828,0.42660244066666664,0.32577066666666665,0.12736671966666668,3943.0,5163.0
0.774690940450158,0.7359432954,0.3931505514,0.18473364979999998,3943.0,5163.0
0.7689953188562961,0.49419641999999997,0.44332717499999996,0.37555235750000004,3943.0,5163.0
0.7524231061174206,0.18972389066666664,0.4414271963333334,0.41178125033333335,3943.0,5163.0
0.7052958288429583,0.0,0.4757184465,0.474858053,3943.0,5163.0
0.5677832461051893,0.016662453888888887,0.3899217165555556,0.4004995674444445,3943.0,5163.0
0.6355067885863763,0.38636549649999996,0.192998274,0.3119025835,3943.0,5163.0
0.652936150886568,0.7228049794999999,0.18673349100000003,0.37569375749999995,3943.0,5163.0
0.6525640232568559,0.5231749905,0.222896188,0.4676669785,3943.0,5163.0
0.6399621622302948,0.212546326,0.20308937733333332,0.5234038449999999,3943.0,5163.0
0.6135373541590827,0.0,0.2531083,0.5915164370000001,3943.0,5163.0
0.5508925429029932,0.0,0.19966283299999998,0.36476143320000004,3943.0,5163.0
0.5737460481871992,0.0801331755,0.1520702245,0.2598431815,3943.0,5163.0
0.6308561583066956,0.403064094,0.0673526235,0.1657255555,3943.0,5163.0
0.6532743680016839,0.733143075,0.0474450225,0.104949069,3943.0,5163.0
0.6625172601459468,0.8278850436,0.08044068239999999,0.1615751022,3943.0,5163.0
0.6607991789726967,0.4481839985,0.10247867050000001,0.221473431,3943.0,5163.0
0.6387943482171322,0.16006733299999998,0.132281807,0.2468330775,3943.0,5163.0
0.6228729687760055,0.0,0.17954795675000002,0.2821759375,3943.0,5163.0
0.5942066879671009,0.0,0.1348005312,0.13903654840000002,3943.0,5163.0
0.7190472290654455,0.089556413,0.080923,0.049667591,3943.0,5163.0
0.7739059217723787,0.435535202,0.0330986965,0.0265531365,3943.0,5163.0
0.7821088599674978,0.8169641258333332,0.062793988,0.067780261,3943.0,5163.0
0.7752852268210959,0.523379909,0.10827191133333335,0.19160230233333334,3943.0,5163.0
0.7253889674382757,0.0813489705,0.15526475425,0.22754511125000002,3943.0,5163.0
0.60007791382346,0.0,0.127459526,0.159181764,3943.0,5163.0
0.7190675442832526,0.0815053685,0.103118825,0.1975850275,3943.0,5163.0
0.7752278888383205,0.417919678,0.077052864,0.2689691513333334,3943.0,5163.0
0.7832895299435568,0.6932456035000001,0.131798336,0.42922901925,3943.0,5163.0
0.7778100789850025,0.5739458095000001,0.2127501175,0.606034324,3943.0,5163.0
0.7736404933372993,0.35403975,0.260882933,0.689043559,3943.0,5163.0
0.7249740359761394,0.0620484365,0.2925504605,0.67276702425,3943.0,5163.0
0.5945035265638459,0.0,0.2636145275,0.434912751,3943.0,5163.0
0.6920702584453723,0.040131793666666665,0.21475077533333334,0.29552058999999997,3943.0,5163.0
0.7761892536254228,0.2524024085,0.1601978495,0.1848079105,3943.0,5163.0
0.7766918554427569,0.48891645100000003,0.128196114,0.1569045535,3943.0,5163.0
0.7737431561416133,0.5917930672499999,0.14731382324999998,0.239874208,3943.0,5163.0
0.7697816239259464,0.37448336849999997,0.1977727475,0.378708165,3943.0,5163.0
0.7515610256386794,0.12806992333333334,0.22348383333333333,0.4553602829999999,3943.0,5163.0
0.6439603017368865,0.0,0.266889709,0.5010762048,3943.0,5163.0
0.5994525716279455,0.0,0.2780163605,0.7195893885,3943.0,5163.0
0.7437608726469799,0.06723343033333333,0.279178212,0.7200117809999999,3943.0,5163.0
0.7881999331881089,0.2741872745,0.3159323535,0.6757143125,3943.0,5163.0
0.7809582089250322,0.4316606298,0.25812374120000003,0.45411953260000004,3943.0,5163.0
0.7750983535211338,0.351299422,0.2306764745,0.351857682,3943.0,5163.0
0.7593429038131424,0.1749830516666667,0.16426578333333333,0.23462903866666665,3943.0,5163.0
0.7143550812810926,0.0,0.1337779535,0.13970279200000002,3943.0,5163.0
0.600465679547038,0.0,0.1551306388,0.20655961139999998,3943.0,5163.0
0.6643322954058742,0.0044154089999999995,0.21757647000000002,0.5091182096666667,3943.0,5163.0
0.7726983644432803,0.2672881855,0.1919161385,0.5607427229999999,3943.0,5163.0
0.7830214179524675,0.6096301390000001,0.1528542805,0.5466464415,3943.0,5163.0
0.7741028994355028,0.8004180838,0.12902236279999998,0.36834706819999996,3943.0,5163.0
0.7699439237998982,0.5150918725,0.1094133635,0.27407233249999996,3943.0,5163.0
0.7516151995190848,0.18224792566666667,0.08045495966666667,0.2627717253333333,3943.0,5163.0
0.6310843983203893,0.0,0.0961754714,0.3063444636,3943.0,5163.0
0.5496017442718923,0.0,0.0767919355,0.13401021775,3943.0,5163.0
0.5879790770136074,0.09771364033333334,0.07829679366666666,0.13309018066666667,3943.0,5163.0
0.6500829064390012,0.3348937075,0.0861259765,0.1170477045,3943.0,5163.0
0.652236617958168,0.42721392825,0.18792598825,0.15848875725,3943.0,5163.0
0.6516773545878679,0.25403601466666664,0.2855234913333333,0.317088741,3943.0,5163.0
0.6442438363731882,0.1023239885,0.2897404105,0.4099435125,3943.0,5163.0
0.5876214066319801,0.0028144636,0.25831286340000004,0.37927591229999996,3943.0,5163.0
0.5784376859220297,0.0276764295,0.232873946,0.3968960235,3943.0,5163.0
0.6535466495058821,0.1359653645,0.228618774,0.30957431999999996,3943.0,5163.0
0.6781135474561111,0.32384436120000004,0.2659009652,0.2662094354,3943.0,5163.0
0.6798617088505646,0.27337257675,0.345199973,0.40710753850000003,3943.0,5163.0
0.6457754094613726,0.031602026,0.34441195216666665,0.4704586958333334,3943.0,5163.0
0.5984410427869425,0.0,0.4367904926,0.563083671,3943.0,5163.0
0.7249456923125874,0.025933321,0.45241123699999997,0.6236363515000001,3943.0,5163.0
0.8003750418132154,0.11897203149999999,0.43898430850000003,0.6381690095,3943.0,5163.0
0.7998623858547451,0.24402423666666664,0.4705145998333333,0.7054989891666666,3943.0,5163.0
0.795733637628811,0.1846070585,0.46803849750000004,0.8115063525,3943.0,5163.0
0.7762798144806018,0.07985484933333334,0.3949906853333333,0.8031687590000001,3943.0,5163.0
0.6484268886849052,0.000277178,0.3851263904000001,0.7519282118,3943.0,5163.0
0.6012654046139039,0.0,0.39763672625,0.70729396075,3943.0,5163.0
0.7242609189380236,0.0494423265,0.378834365,0.6136993635,3943.0,5163.0
0.7909309537032464,0.22559373966666665,0.33531188333333334,0.567741189,3943.0,5163.0
0.7788069436609467,0.456553494,0.292468684,0.5201900196666666,3943.0,5163.0
0.7707981679620094,0.44277646066666665,0.35253909933333333,0.5293442823333333,3943.0,5163.0
0.7661183659476065,0.285999648,0.322076086,0.517839688,3943.0,5163.0
0.7467095793386782,0.1193216325,0.2995247565,0.51380693,3943.0,5163.0
0.6449753879607031,0.00037166019999999996,0.2899188532,0.48520540779999993,3943.0,5163.0
0.601181892711293,0.0,0.24146314949999997,0.4564262915,3943.0,5163.0
0.7240232132333414,0.059979698,0.212994018,0.489222948,3943.0,5163.0
0.781424441474552,0.29505583266666663,0.18254771266666667,0.5233076413333334,3943.0,5163.0
0.7750287583875726,0.561531542,0.185726197,0.56778539925,3943.0,5163.0
0.7690810597198658,0.411042508,0.28987916075,0.69645524225,3943.0,5163.0
0.7309725892539772,0.059725695749999995,0.346361881,0.7543987510000001,3943.0,5163.0
0.594986641178861,0.0,0.29340687860000003,0.7424576868,3943.0,5163.0
0.6475969399829509,0.005278413,0.29208865900000003,0.7162245580000001,3943.0,5163.0
0.7729423243796607,0.1338163605,0.277997427,0.691024994,3943.0,5163.0
0.7940082642659976,0.34327463199999997,0.26061716149999997,0.6274306345,3943.0,5163.0
0.7766282839049634,0.5867245168,0.1947241408,0.48892954839999997,3943.0,5163.0
0.7699612227601783,0.5164409475,0.253787127,0.497377595,3943.0,5163.0
0.7546961029713724,0.23642992966666668,0.24778006666666666,0.5495054916666666,3943.0,5163.0
0.6491807071130233,0.0005504054,0.28231458039999996,0.5701585236,3943.0,5163.0
0.6052673898159392,0.0,0.2197889365,0.43882603575,3943.0,5163.0
0.727068520702701,0.10359969,0.18067829600000002,0.3835452995,3943.0,5163.0
0.7961334213895599,0.39797195900000004,0.09799029449999999,0.2970985985,3943.0,5163.0
0.776502783320162,0.7628950482857142,0.10205068242857143,0.21300734857142856,3943.0,5163.0
0.7663177033845094,0.46931242549999996,0.1554091565,0.3494193185,3943.0,5163.0
0.7292087257045405,0.09193249275,0.25033660450000006,0.43556854349999996,3943.0,5163.0
0.568818307883406,0.0,0.23724957657142856,0.28732865899999993,3943.0,5163.0
0.5800366436423303,0.1058748855,0.158586524,0.2528052325,3943.0,5163.0
0.6441186184055168,0.42708249500000006,0.0790670915,0.2047571915,3943.0,5163.0
0.6591178737165093,0.7135460825,0.0732977435,0.152104903,3943.0,5163.0
0.6528387664991792,0.8266218582500001,0.0973118255,0.15569825875,3943.0,5163.0
0.6505484410974179,0.5533395506666666,0.13851586800000001,0.2731155353333333,3943.0,5163.0
0.6392108765453102,0.19636932399999998,0.1754151915,0.351135372,3943.0,5163.0
0.6203196842028321,0.0009454005,0.2531028055,0.37664169899999994,3943.0,5163.0
0.5561499503302966,0.006250474833333333,0.18665354833333334,0.24665803733333333,3943.0,5163.0
0.6251697924074507,0.3601667063333333,0.08069785166666667,0.17380738266666665,3943.0,5163.0
0.6533213783759216,0.7900311665,0.07030248500000001,0.1933460685,3943.0,5163.0
0.650863045963611,0.5886974495,0.109257684,0.3575193055,3943.0,5163.0
0.6396405195479863,0.24931932999999998,0.137997981,0.485689625,3943.0,5163.0
0.6145888392348683,0.0008448244,0.190632112,0.5205450046,3943.0,5163.0
0.5995199045683616,0.0,0.1443905835,0.34638076025,3943.0,5163.0
0.7198539823828893,0.105181474,0.12170829899999999,0.23522516,3943.0,5163.0
0.7753677887674391,0.49872420166666664,0.043044223,0.13475254,3943.0,5163.0
0.7754813351389946,0.7471315792000001,0.0507638176,0.2453764808,3943.0,5163.0
0.7711313432845048,0.5099042415,0.044824567499999995,0.2938625145,3943.0,5163.0
0.7519524852049404,0.198037634,0.047759201,0.2626888903333333,3943.0,5163.0
0.678961862645179,0.0013737303333333332,0.06339409566666666,0.27281646266666665,3943.0,5163.0
0.5959299676768528,0.0,0.0582259245,0.20729949400000003,3943.0,5163.0
0.7195161644758469,0.09604535650000001,0.0462749835,0.22358124299999999,3943.0,5163.0
0.7745892313615079,0.37239776150000004,0.0208438695,0.18461353549999998,3943.0,5163.0
0.7775204986217646,0.69058998125,0.02738512175,0.16725194275,3943.0,5163.0
0.7716824709532115,0.5624396595,0.07067898524999999,0.31924129975,3943.0,5163.0
0.7520165062065801,0.18293064300000003,0.09048474066666667,0.39624594566666665,3943.0,5163.0
0.7038857848400638,0.002268736,0.096826771,0.45815515500000004,3943.0,5163.0
0.5996207202040181,0.0,0.09868831600000001,0.463819751,3943.0,5163.0
0.7179405824729687,0.077027969,0.08619544400000001,0.455100909,3943.0,5163.0
0.7781521995616911,0.3326648725,0.045019773,0.400816662,3943.0,5163.0
0.7747020147375845,0.6427521231666666,0.044415297500000006,0.3591264246666667,3943.0,5163.0
0.7687665287929678,0.48237376600000004,0.0539993915,0.3858485035,3943.0,5163.0
0.7515771417727217,0.19425093000000002,0.06793088933333334,0.4029879166666666,3943.0,5163.0
0.7034785048294465,0.0023949645,0.088808996,0.3999698945,3943.0,5163.0
0.593269362866215,0.0,0.08463957033333332,0.2624045993333333,3943.0,5163.0
0.6599726649315374,0.0142938625,0.0623245775,0.142843407,3943.0,5163.0
0.7583577788141602,0.20179715650000002,0.0353704475,0.086271431,3943.0,5163.0
0.7766839599848151,0.5346701290000001,0.020298708666666665,0.04998888966666667,3943.0,5163.0
0.7765730247620805,0.6721714,0.038937733,0.10121429225,3943.0,5163.0
0.7735292919617877,0.5073056754999999,0.040945666000000006,0.24199527049999997,3943.0,5163.0
0.7523182181149192,0.218325272,0.042804872,0.22794146766666668,3943.0,5163.0
0.7026906251666598,0.002454126,0.0659538915,0.201425942,3943.0,5163.0
0.5989520989520755,0.0,0.08139689042857143,0.133752111,3943.0,5163.0
0.715550795397968,0.0765063145,0.0819411585,0.0894838895,3943.0,5163.0
0.7749188137775936,0.3977159246666666,0.04236604233333333,0.086856661,3943.0,5163.0
0.7810561122727926,0.6284504432,0.06895792079999999,0.0842012324,3943.0,5163.0
0.775822382232535,0.39440361749999997,0.09047469799999999,0.1571542065,3943.0,5163.0
0.753778370028808,0.16034503133333333,0.12822946333333332,0.23617754300000002,3943.0,5163.0
0.6502010717419537,0.0008040345,0.23918426174999996,0.331870729,3943.0,5163.0
0.5491738200878485,0.006154158166666666,0.2681678578333333,0.4076766246666667,3943.0,5163.0
0.600010463628493,0.18183999750000002,0.2736077045,0.41011165,3943.0,5163.0
0.6534588830565984,0.461191901,0.25988680166666667,0.444202638,3943.0,5163.0
0.6673902111111203,0.6355841665,0.34348319699999996,0.507102267,3943.0,5163.0
0.6661809350224464,0.4484454315,0.27448859449999996,0.41929152999999997,3943.0,5163.0
0.6487328174008417,0.17419135866666668,0.24605449799999998,0.37368034633333336,3943.0,5163.0
0.6075007298403199,0.0008177726,0.24928260279999997,0.3542926354,3943.0,5163.0
0.5481529327847082,0.0,0.18364945425,0.30357105900000003,3943.0,5163.0
0.5705030000963578,0.0605967535,0.15769290149999998,0.2647239065,3943.0,5163.0
0.6324927302050836,0.279442815,0.1052820755,0.2183441545,3943.0,5163.0
0.6618382190982989,0.5301984823333333,0.1069363845,0.126868482,3943.0,5163.0
0.659467690088046,0.36511084250000003,0.10058771550000001,0.12485006950000001,3943.0,5163.0
0.6431602699265616,0.13700252733333332,0.08243706666666667,0.12635925866666667,3943.0,5163.0
0.6040592891653589,0.0008648467142857143,0.11797297542857142,0.17864005685714288,3943.0,5163.0
0.6358340645419182,0.00917721,0.10636652633333334,0.14878115233333333,3943.0,5163.0
0.7570081259199748,0.1522953765,0.08825248050000001,0.153340239,3943.0,5163.0
0.7770974055573461,0.3439687475,0.08346412850000001,0.18951421750000003,3943.0,5163.0
0.7828799877397944,0.46335254624999994,0.10053673049999999,0.22277339375000002,3943.0,5163.0
0.7776564285911909,0.3773010685,0.1285894055,0.40752118849999996,3943.0,5163.0
0.7718518678605211,0.21462006900000002,0.119152111,0.4557075405,3943.0,5163.0
0.7475891214205257,0.069082825,0.131295885,0.504588095,3943.0,5163.0
0.6435788193791232,0.0006348056,0.16100932019999997,0.3964644796,3943.0,5163.0
0.5936366334671764,0.0,0.14125463625,0.39433402824999997,3943.0,5163.0
0.7331064328526372,0.08006685433333334,0.11924408466666668,0.3326159766666667,3943.0,5163.0
0.7765052482871351,0.26909555500000004,0.099074734,0.33885707099999995,3943.0,5163.0
0.7761187935438474,0.4456410865,0.10117464799999999,0.29367804975,3943.0,5163.0
0.771043761666585,0.37901893775,0.09540833674999999,0.36919375375,3943.0,5163.0
0.7242803470108421,0.05657232625,0.06433411725,0.26875678124999997,3943.0,5163.0
0.5976499612364294,0.0,0.10205498385714287,0.1578537142857143,3943.0,5163.0
0.7332883086695605,0.12170725433333333,0.07328496333333334,0.11460275633333333,3943.0,5163.0
0.7768835192058561,0.364847699,0.0643878905,0.147321904,3943.0,5163.0
0.7777597789195834,0.5440797452,0.07485857919999998,0.14349233560000002,3943.0,5163.0
0.7735256547457958,0.383331302,0.08135986,0.1946290185,3943.0,5163.0
0.75361014115819,0.142808162,0.056847399666666666,0.13904259433333332,3943.0,5163.0
0.7023931493117332,0.003442512,0.053661948,0.133863456,3943.0,5163.0
0.5929406010210676,0.0,0.09176694083333332,0.21329676283333332,3943.0,5163.0
0.656313354724352,0.014687574,0.068842978,0.170224454,3943.0,5163.0
0.7571405518552567,0.132742501,0.0612107255,0.145039405,3943.0,5163.0
0.7766553058082839,0.3152056305,0.055514521,0.1658968775,3943.0,5163.0
0.7786311860557664,0.5091730062,0.0803117342,0.1965429292,3943.0,5163.0
0.7733620685103454,0.3907546515,0.094856228,0.2238185855,3943.0,5163.0
0.753057697624822,0.1493404633333333,0.09449909166666666,0.16062481166666664,3943.0,5163.0
0.6416882363898131,0.0009906074,0.1033326778,0.136482061,3595.4,4707.8
0.5915516964515757,0.0,0.09382096449999999,0.16030231125,2205.0,2887.0
0.7099836741601462,0.0537292385,0.081967648,0.175089184,2205.0,2887.0
0.7726784928106227,0.2460436115,0.06728479,0.205335352,2205.0,2887.0
0.7758565218205832,0.4912981001666667,0.06267870483333333,0.21486836383333333,2205.0,2887.0
0.7693439597752764,0.3947926255,0.09117831700000001,0.334986061,2205.0,2887.0
0.7493296646395177,0.181841242,0.08919867,0.34076060133333336,2205.0,2887.0
0.6992252630620732,0.0050859955,0.103241348,0.26455181949999995,2205.0,2887.0
0.560133784292355,0.0,0.07061548528571429,0.2764174227142857,2205.0,2887.0
0.5676032702064259,0.0909773655,0.052078798499999995,0.24606480749999998,2205.0,2887.0
0.6295490652891325,0.335332105,0.0267295865,0.17048823400000002,2205.0,2887.0
0.6538713306005086,0.5846916956666667,0.027653888666666664,0.112960945,2205.0,2887.0
0.6535391976499629,0.461267658,0.030316548,0.1472123375,2205.0,2887.0
0.6396252017963445,0.19598977733333334,0.05433640666666667,0.14308997199999998,2205.0,2887.0
0.5750236219508543,0.001068321111111111,0.1440591748888889,0.16009323944444442,2205.0,2887.0
0.5828951147307552,0.15135278833333335,0.13293453866666669,0.166407672,2205.0,2887.0
0.6506993266475536,0.48618661,0.0912142825,0.155326999,2205.0,2887.0
0.6592492350322467,0.651329558,0.10801640700000001,0.18618840374999998,2205.0,2887.0
0.6595925531572258,0.4962536325,0.1083871085,0.285463456,2205.0,2887.0
0.6486651887285558,0.22039435233333335,0.094249048,0.314092486,2205.0,2887.0
0.6294199439948758,0.0131691095,0.12873938775,0.35964290625,2205.0,2887.0
0.5899533338396715,0.0,0.12336861933333333,0.37960519166666673,2205.0,2887.0
0.7295072254381565,0.08416199099999999,0.08462745599999999,0.408099017,2205.0,2887.0
0.7774705311819321,0.2971189065,0.056962202,0.4033480985,2205.0,2887.0
0.7811803632724216,0.4804658774,0.0685661222,0.4829708224,2205.0,2887.0
0.7742919107082324,0.359569869,0.10629331850000001,0.6126903515,2205.0,2887.0
0.7512772632956718,0.13942827666666668,0.10536564333333333,0.5683320756666667,2205.0,2887.0
0.6186959977648786,0.0006636565555555555,0.1115243231111111,0.49316797566666665,2205.0,2887.0
0.7099486326544366,0.0459248225,0.09391774850000001,0.483253714,2205.0,2887.0
0.7741931734696618,0.206061787,0.08080455966666666,0.46458567666666667,2205.0,2887.0
0.7758134666080546,0.4096452488333333,0.10898122300000002,0.4707075741666667,2205.0,2887.0
0.7683383126060788,0.247278055,0.19065106999999998,0.5976670245,2205.0,2887.0
0.7213624532126159,0.0409821775,0.18313554675,0.54726974425,2205.0,2887.0
0.5896454179486577,0.0,0.1886695082,0.48321039639999996,2205.0,2887.0
0.6346032792727468,0.010644722333333334,0.145924458,0.4625099246666667,2205.0,2887.0
0.7542138754456635,0.1092525865,0.120717856,0.515173901,2205.0,2887.0
0.7774721723406822,0.2850615153333333,0.10489138833333334,0.46667057400000006,2205.0,2887.0
0.7798431967205882,0.43821149525,0.088579376,0.36614429275,2205.0,2887.0
0.7764510447938902,0.340860218,0.094488791,0.341788916,2205.0,2887.0
0.7523543241811165,0.13580264566666667,0.07384125600000001,0.29981433100000004,2205.0,2887.0
0.6572627025958832,0.00153935625,0.06484960325,0.20556118475000001,2205.0,2887.0
0.5878598175676999,0.0,0.05437936880000001,0.1297258562,2205.0,2887.0
0.7099045424267665,0.06839352800000001,0.042392276,0.0802638005,2205.0,2887.0
0.774801003305639,0.252974066,0.033968687666666664,0.07253472733333334,2205.0,2887.0
0.7812930461504513,0.48617157320000004,0.0403612432,0.08694671639999998,2205.0,2887.0
0.7756579975640636,0.3868938205,0.0332225415,0.07893578949999999,2205.0,2887.0
0.7522522306182569,0.177220181,0.025414821333333334,0.08703492966666666,2205.0,2887.0
0.6570402665873631,0.003589298,0.0390888675,0.11844315250000001,2205.0,2887.0
0.6031773961591144,0.007461748833333334,0.055242439,0.122274212,2205.0,2887.0
0.7540720238195056,0.200305299,0.032250523,0.11497067550000001,2205.0,2887.0
0.7779382984797115,0.511696043,0.02732193066666667,0.11676378866666666,2205.0,2887.0
0.7805743668086763,0.61666111275,0.0479831265,0.18628671125,2205.0,2887.0
0.7754844311942655,0.418179958,0.06926737250000001,0.319382658,2205.0,2887.0
0.7512733303393738,0.16487013933333333,0.085278581,0.3999976646666667,2205.0,2887.0
0.6992340012794911,0.0042102195,0.12261125450000002,0.44028714700000005,2205.0,2887.0
0.5588992068706945,0.005435761625,0.12846388050000002,0.41662136775,2205.0,2887.0
0.6238525233383438,0.31985922349999996,0.064792189,0.37312270225,2205.0,2887.0
0.6581484508623859,0.6038375605,0.052549680999999994,0.2862535138333333,2205.0,2887.0
0.6561727006717948,0.3491767275,0.06818181200000001,0.3748348935,2205.0,2887.0
0.6206352204645388,0.04469119783333333,0.09138349550000001,0.377601087,2205.0,2887.0
0.5464835852099764,0.0066721675,0.07575037733333333,0.20759401983333337,2205.0,2887.0
0.5977810247135311,0.14797566,0.0612263095,0.1868252165,2205.0,2887.0
0.6540936786310543,0.4386388614,0.0525608372,0.21980343539999997,2205.0,2887.0
0.6589655761485698,0.441279455,0.07458564925,0.32576484099999997,2205.0,2887.0
0.6357907667977033,0.0818435234,0.0779820234,0.4029879108,2205.0,2887.0
0.5924112523134192,0.0,0.13259165433333334,0.3835571568333333,2205.0,2887.0
0.7027961932942483,0.055067454249999995,0.134173252,0.3932775085,2205.0,2887.0
0.7780865078306453,0.24628050625,0.151473626,0.371994512,2205.0,2887.0
0.7744848431056229,0.316709463,0.22274518199999999,0.6434499472,2205.0,2887.0
0.7295197901170148,0.0799455486,0.21428080879999997,0.720569537,2205.0,2887.0
0.5908481049190094,0.0,0.17940287683333336,0.6671911803333334,2205.0,2887.0
0.7031546591206149,0.076409154,0.1732039165,0.613890735,2205.0,2887.0
0.7755317214020021,0.39742138371428576,0.16824495657142857,0.5017766961428571,2205.0,2887.0
0.7663674121043037,0.30756633466666666,0.29924684733333334,0.574733714,2205.0,2887.0
0.7216094515275673,0.06268661824999999,0.3349952675,0.51656740025,2205.0,2887.0
0.5918394767591351,0.0,0.36689015016666665,0.32756204316666665,2205.0,2887.0
0.707552524756814,0.08648786424999999,0.37419661400000004,0.1860508675,2205.0,2887.0
0.7790166826794291,0.41449567125000003,0.317690738,0.11050678225,2205.0,2887.0
0.772070943874785,0.44299757149999996,0.35477363000000006,0.1998433825,2205.0,2887.0
0.7650261795324389,0.2794144035,0.350437042,0.241796163,2205.0,2887.0
0.7216219378699195,0.07264565775,0.282996438,0.27390665425,2205.0,2887.0
0.5917679137334326,0.0,0.25467667839999997,0.43560215820000003,2205.0,2887.0
0.6431876821692899,0.014826134999999999,0.22696492100000001,0.5136090733333334,2205.0,2887.0
0.7560318205188805,0.17313488800000001,0.20011299999999999,0.5864209945,2205.0,2887.0
0.7772345701543877,0.38600613133333334,0.21664000866666666,0.6467218,2205.0,2887.0
0.7745794285751657,0.43016452225,0.25729957625,0.65101771225,2205.0,2887.0
0.7618017833289902,0.22725854674999998,0.27610759025,0.55332682775,2205.0,2887.0
0.7121820192730594,0.024202776,0.22353373433333332,0.4044244006666667,2205.0,2887.0
0.5933254625598445,0.0,0.17350785175,0.307012666,2205.0,2887.0
0.6222880748772559,0.0070582865,0.12603720424999998,0.19968630625,2205.0,2887.0
0.7546914159422559,0.123857522,0.08564327399999999,0.1813530665,2205.0,2887.0
0.7775845122159764,0.3344375556666667,0.08959601266666667,0.14422145766666666,2205.0,2887.0
0.7783554847191283,0.411680087,0.115956542,0.185638103,2205.0,2887.0
0.7715329752576524,0.27007286366666666,0.15405008366666667,0.3112282583333334,2205.0,2887.0
0.7441621497553825,0.1179369025,0.1504489675,0.29903063799999996,2205.0,2887.0
0.6474912535727386,0.0034450325,0.15241692,0.28691562125000003,2205.0,2887.0
0.5478685383299099,0.005494152666666666,0.12164397316666664,0.25237544633333336,2205.0,2887.0
0.613832619639115,0.19295097266666664,0.074621798,0.31713363833333336,2205.0,2887.0
0.6535153782967711,0.500905969,0.116078628,0.39447953325,2205.0,2887.0
0.6537142721485246,0.4609498613333334,0.183912058,0.4452545843333333,2205.0,2887.0
0.6422392398263306,0.2162990715,0.22120127575000004,0.48133786624999997,2205.0,2887.0
0.6116248857627897,0.00370071475,0.220473495,0.53208380925,2205.0,2887.0
0.5469119788376745,0.005201259166666667,0.19147543933333333,0.5500730541666666,2205.0,2887.0
0.6233876910019882,0.20414922675,0.16017453275,0.45518352775000004,2205.0,2887.0
0.6528606164163129,0.3640946586,0.235252179,0.51657442,2205.0,2887.0
0.649771820539923,0.2616116433333333,0.32158761733333335,0.5542476613333333,2205.0,2887.0
0.633650120448129,0.1105673485,0.28192665549999996,0.5285310655,2205.0,2887.0
0.6025995955815717,0.0009251730000000001,0.23189061833333335,0.5699092268888888,2205.0,2887.0
0.7099316220270345,0.055403828,0.17473848,0.485224553,2205.0,2887.0
0.7741782401618574,0.19922140800000002,0.17642788100000004,0.48273103166666664,2205.0,2887.0
0.7768934772191596,0.30967696025,0.17626697525,0.42968232475,2205.0,2887.0
0.7709758742826973,0.26824498775,0.19169710075000002,0.448294697,2205.0,2887.0
0.7217798131553809,0.06749509125,0.19739235075,0.58686847075,2205.0,2887.0
0.5904644446828574,0.0,0.18885674966666666,0.513611088,2205.0,2887.0
0.7030673325527663,0.1001027905,0.12739015975,0.31351370824999997,2205.0,2887.0
0.7774837049977423,0.39319370249999996,0.09456428550000001,0.23316485199999998,2205.0,2887.0
0.7784388598458549,0.5764154388333333,0.09182417983333334,0.18090663133333332,2205.0,2887.0
0.7604535942455495,0.3112162465,0.13150611075,0.24397428125,2205.0,2887.0
0.6417335597264913,0.0045388384,0.21097105480000003,0.22287586100000004,2205.0,2887.0
0.5914753924406447,0.0,0.17733482750000001,0.1934863345,2205.0,2887.0
0.7099868012759953,0.12231859299999999,0.11800393349999999,0.17634421900000002,2205.0,2887.0
0.7738693720872853,0.4175836525,0.0390777235,0.1517769,2205.0,2887.0
0.7844201067728578,0.6981312495,0.028874517000000002,0.141206665,2205.0,2887.0
0.7896714817424774,0.8119998812,0.0365961604,0.15499053599999998,2205.0,2887.0
0.7696940422827165,0.38174013175000004,0.0707990865,0.28806313925000004,2205.0,2887.0
0.6630867247074885,0.00798070975,0.14896907875,0.419692381,2205.0,2887.0
0.579012522034986,0.0,0.14682333075,0.52416970925,2205.0,2887.0
0.7030697832556795,0.11798207675,0.1811834605,0.66363764075,2205.0,2887.0
0.777799522235519,0.468957409,0.19292234749999998,0.5874746115,2205.0,2887.0
0.7791142089469094,0.7463231842,0.19820744480000002,0.43945348959999997,2205.0,2887.0
0.770260657702699,0.5449056973333334,0.381024278,0.4207359376666666,2205.0,2887.0
0.7433830304816784,0.2134846245,0.487261927,0.44888867899999996,2205.0,2887.0
0.6570977302517538,0.00832392,0.49434448675,0.41977333075,2205.0,2887.0
0.6101260107585604,0.011553452666666667,0.39477604816666667,0.421906315,2205.0,2887.0
0.7595051889228579,0.2766502635,0.335448463,0.4213258055,2205.0,2887.0
0.7782335934629059,0.5879331059999999,0.39143196550000003,0.40082568500000004,2205.0,2887.0
0.7759163733597343,0.8150782434999999,0.38500990275,0.3729545315,2205.0,2887.0
0.7679680479361284,0.63979883275,0.462186101,0.44789774000000004,2205.0,2887.0
0.7429879040865861,0.2557411975,0.4363834125,0.468220535,2205.0,2887.0
0.6293413445130549,0.0072709540000000005,0.426348489,0.45612008660000003,2205.0,2887.0
0.5517824643711328,0.0143469508,0.3448161544,0.3749243132,2205.0,2887.0
0.6015512036706414,0.29122124250000003,0.23425964449999997,0.329932374,2205.0,2887.0
0.6510244364955995,0.6053769529999999,0.199694611,0.280367928,2205.0,2887.0
0.6534159136082526,0.8664870766,0.20100435760000002,0.24396786,2205.0,2887.0
0.6508939031329185,0.5892768386666667,0.2610006843333333,0.3338219966666667,2205.0,2887.0
0.6340210725915376,0.209202975,0.27552445049999996,0.3489780385,2205.0,2887.0
0.5823019098048057,0.0034283135714285712,0.275671064,0.35117319428571425,2205.0,2887.0
0.554048420354881,0.014650492666666667,0.20357949233333336,0.28770324433333333,2205.0,2887.0
0.5983794140943961,0.2169464685,0.126927556,0.24987896650000002,2205.0,2887.0
0.6497291867408794,0.4950547545,0.10047146400000001,0.2107817225,2205.0,2887.0
0.6537043659028517,0.7548656406666666,0.14410131899999998,0.2608258555,2205.0,2887.0
0.6460255718955673,0.4208429353333334,0.237811495,0.4194492203333333,2205.0,2887.0
0.6070308940882337,0.018413026000000002,0.30338358369999996,0.4594723425999999,2205.0,2887.0
0.7123847942966071,0.129858834,0.2398259665,0.36204565850000003,2205.0,2887.0
0.7742858486647061,0.5000957756666667,0.20493949999999997,0.290777516,2205.0,2887.0
0.7808028759549915,0.7423850071666666,0.2900157273333333,0.3126056293333333,2205.0,2887.0
0.7739869607751021,0.5110255435,0.33838173299999996,0.44115326600000004,2205.0,2887.0
0.7240171142539145,0.12928025425,0.3457736385,0.5478258012500001,2205.0,2887.0
0.6079142996079184,0.0082981855,0.31662374574999996,0.5145924989999999,2205.0,2887.0
0.754146276419964,0.2838762165,0.16460276699999998,0.43053824949999997,2205.0,2887.0
0.7780584746210155,0.6050854999999999,0.1228251705,0.34875997000000003,2205.0,2887.0
0.7854122252480016,0.8643859089999999,0.1718384514,0.4558231666,2205.0,2887.0
0.7791785611398959,0.627312429,0.2710712073333333,0.6040336216666667,2205.0,2887.0
0.7266308344056767,0.13901761250000003,0.319965774,0.6844289932500001,2205.0,2887.0
0.5912167949114563,0.0,0.3045527601666667,0.5499954228333334,2205.0,2887.0
0.6534863248615459,0.03340083,0.248847492,0.510666521,2205.0,2887.0
0.7540307281327179,0.286544756,0.155634615,0.469860701,2205.0,2887.0
0.7835887061238557,0.6766950573333333,0.13445523233333334,0.43583601833333335,2205.0,2887.0
0.7905042234397095,0.8828346629999999,0.219110036,0.490366795,2205.0,2887.0
0.7865409169340655,0.6814506579999999,0.3116832775,0.577021002,2205.0,2887.0
0.7683269573729543,0.39354538,0.3480066585,0.6595876615,2205.0,2887.0
0.6997928913086595,0.051427916500000004,0.4112982605,0.6785139405,2205.0,2887.0
0.5910012526538534,0.0,0.37304842616666667,0.6242929146666667,2205.0,2887.0
0.7296824626132912,0.19825181966666663,0.299162954,0.568977116,2205.0,2887.0
0.7836443142106029,0.574310272,0.2841952595,0.5024771095,2205.0,2887.0
0.7919145558007923,0.82520885475,0.35717737225,0.54705772275,2205.0,2887.0
0.7859033166103123,0.59626925425,0.46099760475,0.6992026595,2205.0,2887.0
0.7545178495218374,0.2156604805,0.415255116,0.790319466,2205.0,2887.0
0.665895524096387,0.008910889,0.411848266,0.7964732537500001,2205.0,2887.0
0.5887779053513865,0.0,0.3672397416,0.7444440095999999,2205.0,2887.0
0.7297616238920167,0.18995540333333336,0.27991841533333334,0.7263039509999999,2205.0,2887.0
0.7829275155878562,0.5479856835,0.2395255395,0.6675798865,2205.0,2887.0
0.7921694273767109,0.629534473,0.2658691408333333,0.6431853171666667,2205.0,2887.0
0.7842064865825815,0.351905967,0.2597384285,0.7195087490000001,2205.0,2887.0
0.7321957599906566,0.099493502,0.25491685225,0.7358914832500001,2205.0,2887.0
0.5633238296887846,0.0,0.2520663778571429,0.659574644,2205.0,2887.0
0.5837741688841245,0.199891776,0.17930570666666668,0.5463375869999999,2205.0,2887.0
0.6576316697931925,0.5873288990000001,0.1027591875,0.429998974,2205.0,2887.0
0.678117672580333,0.8346195200000001,0.0997898874,0.43764731139999996,2205.0,2887.0
0.6743375947951019,0.5657821576666666,0.10235278366666667,0.487165919,2205.0,2887.0
0.6469655309868129,0.1123725915,0.1851086375,0.59393095575,2205.0,2887.0
0.5750856543139297,0.0,0.1825241651666667,0.41545120249999995,1425.0,1866.3333333333333
0.5515309904678009,0.027069912,0.146815325,0.232632582,1035.0,1356.0
0.6152114294025458,0.22802008299999998,0.09110289099999999,0.167011683,1035.0,1356.0
0.6869629499398231,0.5272299995,0.059694154,0.114983502,1035.0,1356.0
0.7077730202131838,0.78278841525,0.07712631725,0.15474910449999998,1035.0,1356.0
0.701577746497276,0.655054362,0.10767704966666668,0.298186157,1035.0,1356.0
0.6864236654074088,0.3081934685,0.13519257499999998,0.3285660105,1035.0,1356.0
0.6676677155608992,0.0744655895,0.20073490300000002,0.32434277499999997,1035.0,1356.0
0.6114112323023615,0.0,0.18286031900000002,0.30537347575,1035.0,1356.0
0.706526495829506,0.08942631499999999,0.11561088650000001,0.23753575999999998,1035.0,1356.0
0.7920533024574556,0.2842716625,0.0760704205,0.220827131,1035.0,1356.0
0.8268812437350223,0.5693347344999999,0.075705094,0.31755362575,1035.0,1356.0
0.826302903461371,0.53984945325,0.08458296075,0.47730540099999996,1035.0,1356.0
0.7973838860694703,0.20390524899999998,0.07806535833333333,0.4769766803333333,1035.0,1356.0
0.6781467481720364,0.00483105225,0.10468149275,0.44867744099999995,1035.0,1356.0
0.6032498227188388,0.007239601500000001,0.07668774783333333,0.322779584,1035.0,1356.0
0.7547612328430817,0.20132176799999998,0.052092775499999994,0.2342697375,1035.0,1356.0
0.8027688209520794,0.454340116,0.0419821155,0.1993364275,1035.0,1356.0
0.825882427437969,0.6553990045,0.07652526516666668,0.3224839516666667,1035.0,1356.0
0.8108897147421729,0.3932750195,0.094958564,0.4063736945,1035.0,1356.0
0.776655838080091,0.1450396645,0.071974392,0.295140148,1035.0,1356.0
0.6694770665578271,0.0050872495,0.08557031275,0.22635651774999999,1035.0,1356.0
0.6009777278162954,0.007570214499999999,0.059190733333333335,0.1658918511666667,1035.0,1356.0
0.754059116164909,0.23733576899999997,0.031829952,0.109340612,1035.0,1356.0
0.8037981101011534,0.5472847345,0.0298224055,0.07847090200000001,1035.0,1356.0
0.8271665141983567,0.72128857,0.079994299,0.12459896933333332,1035.0,1356.0
0.8121288093909758,0.376613991,0.09154984050000001,0.179395759,1035.0,1356.0
0.7433678716691485,0.07250427,0.1120526365,0.181675972,1035.0,1356.0
0.6036605089273345,0.002925350125,0.138812874875,0.18768267125,1035.0,1356.0
0.7521873668402674,0.10737723999999998,0.118831189,0.1289774595,1035.0,1356.0
0.786750456373821,0.2781772185,0.1273563885,0.1242946785,1035.0,1356.0
0.8050171645316564,0.4990063032,0.18707736860000002,0.2497043714,1035.0,1356.0
0.7948744402932428,0.37542728666666675,0.25392232200000003,0.39730551100000006,1035.0,1356.0
0.7333563549756867,0.077290527,0.20616119625,0.304208011,1035.0,1356.0
0.6026962240485033,0.004507524375,0.173234196625,0.192689096375,1035.0,1356.0
0.752083617371295,0.195330222,0.1254953325,0.141706926,1035.0,1356.0
0.7900972761052992,0.428004604,0.11576997,0.1244224825,1035.0,1356.0
0.8128493073204984,0.6466144526000001,0.1258110914,0.13560661599999999,1035.0,1356.0
0.8096185504343648,0.46852992900000007,0.149081358,0.19668229699999998,1035.0,1356.0
0.7449269530435269,0.09635139125,0.14229071475,0.15873611399999998,1035.0,1356.0
0.5613872504318093,0.0,0.13875521714285716,0.12450982414285713,1035.0,1356.0
0.5830230532662674,0.18907948966666666,0.09206138333333334,0.09809237533333333,1035.0,1356.0
0.674428421828368,0.574611917,0.0769386465,0.08136101100000001,1035.0,1356.0
0.6936158998258533,0.7316811634999999,0.13008083166666667,0.08207415183333333,1035.0,1356.0
0.686033396074814,0.42525213,0.196824802,0.194038925,1035.0,1356.0
0.6681904995154336,0.207809947,0.195217323,0.2321212555,1035.0,1356.0
0.6284066896921778,0.006895677,0.2570587355,0.29658282175,1035.0,1356.0
0.5471273186143237,0.0,0.23300526659999998,0.3097827178,1035.0,1356.0
0.5835104260354911,0.18827593766666664,0.14944756066666667,0.270189894,1035.0,1356.0
0.672741815924534,0.5703225075,0.11139940549999999,0.21395880350000002,1035.0,1356.0
0.693533500502088,0.7885163634,0.1765777156,0.2643311246,1035.0,1356.0
0.6863527100068004,0.5121449366666667,0.255595937,0.4318221043333333,1035.0,1356.0
0.6640844099206242,0.21002273850000003,0.282203669,0.474459702,1035.0,1356.0
0.6074201571844976,0.0039001197142857144,0.31497244757142856,0.4156660015714286,1035.0,1356.0
0.6272661178799258,0.015417883,0.264716816,0.32666231333333334,1035.0,1356.0
0.7530974039711104,0.263283695,0.166594454,0.2649076505,1035.0,1356.0
0.8011187794807015,0.652909607,0.165890222,0.22252964366666664,1035.0,1356.0
0.8174511500877321,0.817441825,0.2169782375,0.23671986225000002,1035.0,1356.0
0.8074637189002392,0.5549144079999999,0.27662814733333335,0.2808120906666666,1035.0,1356.0
0.7733585199810112,0.2210522815,0.26417580799999996,0.29047974600000004,1035.0,1356.0
0.6476178377249631,0.0054076526,0.2813355042,0.41163594340000004,1035.0,1356.0
0.5868004104853448,0.0,0.22232654000000002,0.38911361675,1035.0,1356.0
0.7050709200357912,0.0967476095,0.1700678695,0.354638023,1035.0,1356.0
0.7751298021541806,0.35432285249999995,0.1246797625,0.2972746095,1035.0,1356.0
0.7883638032917325,0.6697059376000001,0.16487470740000001,0.23014121780000002,1035.0,1356.0
0.7809191709160646,0.50814214425,0.28734888725,0.42373380425,1035.0,1356.0
0.7254550695222844,0.10066315925000001,0.3256139915,0.46537376875,1035.0,1356.0
0.5918418962908286,0.0,0.25267965042857143,0.36578109842857137,1035.0,1356.0
0.7056525870208917,0.0950895925,0.18313159899999998,0.349020842,1035.0,1356.0
0.7773846720188652,0.41044021566666666,0.16702887266666666,0.31115565933333333,1035.0,1356.0
0.7870515650306545,0.6182975911999999,0.1619990502,0.22764231940000004,1035.0,1356.0
0.7855605529034946,0.481159074,0.201284997,0.24845926200000001,1035.0,1356.0
0.7605407914280686,0.23712345533333334,0.20440960900000002,0.29098597333333337,1035.0,1356.0
0.6764470941508809,0.0071344956666666666,0.21338161,0.3563804853333334,1035.0,1356.0
0.5862159638332752,0.0,0.17054382583333336,0.2750256763333333,1035.0,1356.0
0.7061216998046086,0.09399042099999999,0.11476447249999999,0.2424725115,1035.0,1356.0
0.77489945961876,0.372793807,0.0577328785,0.1841450815,1035.0,1356.0
0.7961526542960491,0.6587164188,0.06942367940000001,0.15617236980000002,1035.0,1356.0
0.798892741267104,0.47404128475000007,0.0856599435,0.3168741235,1035.0,1356.0
0.7631181023912093,0.179828197,0.112170143,0.36799603000000003,1035.0,1356.0
0.6576179858772395,0.00452921675,0.1536026635,0.33877010325,1035.0,1356.0
0.5993562296462532,0.005372683833333333,0.10743913183333333,0.2147700631666667,1035.0,1356.0
0.7519671375704216,0.23502989000000002,0.049752437,0.149323456,1035.0,1356.0
0.7950483763595159,0.5784166936666667,0.03134744133333334,0.11506174100000001,1035.0,1356.0
0.819496621034443,0.7031981975,0.05213383625,0.17060396049999998,1035.0,1356.0
0.8152974052857584,0.5427121454999999,0.067569924,0.2606066505,1035.0,1356.0
0.7820321234656865,0.254389904,0.08588646266666666,0.2948017206666667,1035.0,1356.0
0.7072955462315846,0.0107566235,0.14654743450000002,0.3466508145,1035.0,1356.0
0.5583844332000867,0.0,0.12290927942857142,0.2850669965714286,1035.0,1356.0
0.5817950624367382,0.16718613733333335,0.068071853,0.171647558,1035.0,1356.0
0.6674086079231314,0.514761867,0.028964142,0.0873678965,1035.0,1356.0
0.6937526097940968,0.71090745175,0.041165563749999995,0.10806776024999999,1035.0,1356.0
0.6883159960351407,0.55663949325,0.040051113750000006,0.20255487649999998,1035.0,1356.0
0.6658267051735617,0.193741981,0.0664820495,0.2521219095,1035.0,1356.0
0.6351574823318556,0.006800262666666667,0.145686131,0.3494943023333333,1035.0,1356.0
0.5509143928353128,0.0,0.12192598433333333,0.22137078116666667,1035.0,1356.0
0.5651115744168029,0.088317961,0.0651647135,0.0992419095,1035.0,1356.0
0.640255047234558,0.3965245505,0.020510813,0.061628534,1035.0,1356.0
0.6935154585581963,0.756216119,0.03414239,0.058724764500000005,1035.0,1356.0
0.6920885627910812,0.695825319,0.06074274100000001,0.129055798,1035.0,1356.0
0.6859032767013162,0.4171145595,0.08108198750000001,0.249811582,1035.0,1356.0
0.6648547023408731,0.1793272685,0.08726703450000001,0.257791248,1035.0,1356.0
0.6058961152082593,0.002134829888888889,0.12955810655555558,0.12773331044444444,1035.0,1356.0
0.705265356066868,0.0844050375,0.1154052165,0.1298838655,1035.0,1356.0
0.7832404939920417,0.29828013400000003,0.1052334755,0.157902767,1035.0,1356.0
0.825222804121425,0.5754845531666667,0.143279992,0.32572304216666664,1035.0,1356.0
0.8180644431804354,0.452054783,0.2800512785,0.603998958,1035.0,1356.0
0.7827683797487809,0.22211826433333334,0.31437407666666667,0.5498913866666667,1035.0,1356.0
0.714222477921875,0.007632991,0.3204259475,0.444102105,1035.0,1356.0
0.5974454974445921,0.0,0.24859875142857144,0.40218432285714284,1035.0,1356.0
0.7049791023644592,0.0870529075,0.148604275,0.2520305075,1035.0,1356.0
0.7779222118741418,0.32323194850000003,0.122600202,0.2184324965,1035.0,1356.0
0.8050125721995074,0.6060711188333334,0.13559898883333332,0.19168328166666668,1035.0,1356.0
0.801173751811001,0.446999433,0.15485551933333333,0.19437342766666665,1035.0,1356.0
0.7367068452312734,0.10077792399999999,0.138266121,0.18754455650000001,1035.0,1356.0
0.5922053395799295,0.0,0.10770519814285714,0.14856748314285714,1035.0,1356.0
0.7053115310384377,0.089830674,0.075082218,0.1211328575,1035.0,1356.0
0.7780258283131275,0.37289891350000004,0.043290590000000004,0.107726672,1035.0,1356.0
0.8138636454143127,0.6936169283333333,0.06030916233333333,0.13143733316666667,1035.0,1356.0
0.8160270672703929,0.5033098735,0.0612251005,0.3117488925,1035.0,1356.0
0.787990512064724,0.22937202,0.10979198033333333,0.32931617399999996,1035.0,1356.0
0.7116435110188748,0.007638637,0.1699573955,0.260235118,1035.0,1356.0
0.5937954006848546,0.0,0.15473997014285712,0.24032722228571426,1035.0,1356.0
0.7278349319005354,0.15181508233333332,0.08268013133333334,0.1925339703333333,1035.0,1356.0
0.806958056515796,0.520206008,0.037358802999999996,0.145886084,1035.0,1356.0
0.8299283298527615,0.7317939272,0.046674934599999995,0.17338878379999997,1035.0,1356.0
0.8186754666978753,0.4150225863333333,0.081107042,0.342992543,1035.0,1356.0
0.7520010480175238,0.0723960305,0.15531126125,0.33355333275000004,1035.0,1356.0
0.5974485833989559,0.0,0.1207336492857143,0.20878737085714288,1035.0,1356.0
0.7052598115309126,0.0646795055,0.068085061,0.18364960349999998,1035.0,1356.0
0.7770388995463159,0.269682445,0.048452869,0.1933360435,1035.0,1356.0
0.8014314030538889,0.5076037835000001,0.07906563966666667,0.22824258566666666,1035.0,1356.0
0.7942219287996028,0.399460594,0.15864946600000002,0.36711710249999996,1035.0,1356.0
0.7587764732329606,0.15859054266666667,0.16070008566666663,0.38561461766666666,1035.0,1356.0
0.7018732484834986,0.0052816675,0.17223895849999998,0.3767615195,1035.0,1356.0
0.5576109027912037,0.0,0.12842772242857142,0.1895382067142857,1035.0,1356.0
0.5645013197532911,0.050857924,0.0889716185,0.087538093,1035.0,1356.0
0.63254067941601,0.2462357295,0.071555598,0.080622262,1035.0,1356.0
0.6685070929301995,0.5126469756666666,0.08064337783333332,0.11690358899999999,1035.0,1356.0
0.6720036597626509,0.402054412,0.10366627049999999,0.1281616115,1035.0,1356.0
0.6552840138076476,0.19443387366666667,0.11270677200000001,0.130390339,1035.0,1356.0
0.5745213552901187,0.0010625848888888888,0.10696408366666668,0.09759750633333333,1035.0,1356.0
0.5814185805216104,0.13865711233333333,0.06694315299999999,0.09539278333333334,1035.0,1356.0
0.6613531011063556,0.49801719600000005,0.0672045825,0.089610947,1035.0,1356.0
0.6857874622528565,0.67056989975,0.092867884,0.1347830215,1035.0,1356.0
0.6847989920997847,0.404299617,0.15149828775000002,0.2031019345,1035.0,1356.0
0.6631540576225945,0.14674262100000002,0.1703260225,0.204729585,1035.0,1356.0
0.6085843339672056,0.0015590719999999999,0.1806651015714286,0.1748213192857143,1035.0,1356.0
0.6271260257288885,0.005028624666666667,0.13778338833333334,0.19564163766666665,1035.0,1356.0
0.7542614698087186,0.249084009,0.0799439545,0.15065152450000002,1035.0,1356.0
0.8121422198226537,0.64516473,0.07938300833333334,0.10774103866666666,1035.0,1356.0
0.832546281598293,0.75045389875,0.1003003985,0.09254526974999999,1035.0,1356.0
0.8240579620224604,0.4623033995,0.090981339,0.15652888,1035.0,1356.0
0.7983260149634891,0.23335473833333334,0.09062070233333332,0.21179003500000002,1035.0,1356.0
0.6983536460172601,0.003055336666666667,0.12681709233333335,0.20349488833333332,1035.0,1356.0
0.5896533074671583,0.0,0.09513581633333333,0.1367586938333333,1035.0,1356.0
0.7052791952350921,0.078018303,0.060742684000000005,0.06599989,1035.0,1356.0
0.7921661893856664,0.33579770750000004,0.024305371,0.0587649125,1035.0,1356.0
0.8336461017782684,0.6477291018000001,0.044377025199999996,0.087757361,1035.0,1356.0
0.8276618045971866,0.5173635575,0.07203151275,0.29358037574999996,1035.0,1356.0
0.7664124929194196,0.08896867924999999,0.12626105125,0.26084522649999997,1035.0,1356.0
0.607311344715435,0.0,0.12398160857142856,0.17875802285714285,1035.0,1356.0
0.7336426567504487,0.15000144133333335,0.065347965,0.11609574433333332,1035.0,1356.0
0.8182914590044068,0.5455352649999999,0.038629079999999996,0.098355624,1035.0,1356.0
0.8418450892932567,0.7439622969999999,0.0590328466,0.1131281676,1035.0,1356.0
0.8284013654200658,0.48691082166666666,0.06446497533333333,0.19141168066666667,1035.0,1356.0
0.7672486101260109,0.100520734,0.109274007,0.239506163,1035.0,1356.0
0.6175066598590087,0.00143642175,0.08414240725,0.15384169550000001,1035.0,1356.0
0.7688408257367553,0.242117745,0.0345587055,0.071716602,1035.0,1356.0
0.8290060016420742,0.571339818,0.015989558,0.0522961085,1035.0,1356.0
0.8466273160382429,0.7774227145,0.041634499166666665,0.1054900415,1035.0,1356.0
0.8300091204822231,0.46158723150000003,0.066342267,0.20689586999999998,1035.0,1356.0
0.8071145456925786,0.1783660185,0.102278765,0.2326331465,1035.0,1356.0
0.7274701452515471,0.0021085643333333334,0.13760146833333334,0.22808915666666665,1035.0,1356.0
0.6178901442735965,0.0014374571428571428,0.10828698157142858,0.159225645,1035.0,1356.0
0.7798912790121217,0.2321841815,0.0420787485,0.062249979,1035.0,1356.0
0.839236971369336,0.550556626,0.021864469,0.0407176255,1035.0,1356.0
0.8526891214975394,0.7524195055,0.0507092295,0.097926165,1035.0,1356.0
0.8383288637807413,0.588358286,0.07727200649999999,0.2216673735,1035.0,1356.0
0.823461901375044,0.3415323085,0.1066014505,0.33018027800000005,1035.0,1356.0
0.7856152886685466,0.100271731,0.1352642475,0.28167758649999997,1035.0,1356.0
0.6763860449959455,0.00089647675,0.16448913425,0.32354725675,1035.0,1356.0
0.553403937376167,0.0,0.20178755760000003,0.5909278054,1035.0,1356.0
0.567608992166317,0.0470982985,0.21160230949999997,0.7463647425,1035.0,1356.0
0.6347592288546612,0.27049477450000003,0.211306735,0.713824888,1035.0,1356.0
0.6632150365335125,0.5333358735,0.227492327,0.6523128775,1035.0,1356.0
0.6734197879807363,0.5996374933333334,0.25327598566666665,0.5994133403333334,1035.0,1356.0
0.6707826181131998,0.4127247635,0.253625763,0.574873744,1035.0,1356.0
0.6489460087870783,0.1621696075,0.1830848915,0.5121624965,1035.0,1356.0
0.5747789670942165,0.00030213755555555556,0.13237396166666668,0.47288190055555546,1035.0,1356.0
0.5819783281166747,0.121124516,0.18811068166666667,0.6743578666666666,1035.0,1356.0
0.6602663039748722,0.4421030385,0.22863213250000003,0.7159472375,1035.0,1356.0
0.6852041244961664,0.6014183508333334,0.2827924593333333,0.7707046148333333,1035.0,1356.0
0.6831947892116187,0.368438977,0.308225922,0.768421897,1035.0,1356.0
0.6631963070452944,0.15048139300000002,0.270460712,0.748541518,1035.0,1356.0
0.6169316549458367,0.000248559,0.217534342,0.6881121862222224,1035.0,1356.0
0.7307666796818421,0.11962598466666667,0.177519393,0.655657721,1035.0,1356.0
0.8048051767124567,0.4304456525,0.173402758,0.6408731505,1035.0,1356.0
0.8225884656800515,0.6378742076666667,0.16831590183333334,0.4767111251666667,1035.0,1356.0
0.8161351193077708,0.416713141,0.13790120449999999,0.273565253,1035.0,1356.0
0.7839780513671245,0.1823459415,0.10504862749999999,0.1564259355,1035.0,1356.0
0.6726106542297069,0.000952213,0.10933240699999999,0.161847348,1035.0,1356.0
0.5907226829146555,0.0,0.1060020214,0.3303820402,1035.0,1356.0
0.7069958525521518,0.068617767,0.09969824050000001,0.32328863350000003,1035.0,1356.0
0.7916208280454897,0.3315803,0.0745306385,0.281614598,1035.0,1356.0
0.8229162739074006,0.6422541621666666,0.06752236933333333,0.1428439175,1035.0,1356.0
0.8183047658839504,0.4261658453333333,0.09491537566666668,0.19672321366666667,1035.0,1356.0
0.7847431984426181,0.1576269175,0.1408262805,0.202523155,1035.0,1356.0
0.6557427856697041,0.0005482566,0.1904634062,0.18846171920000002,980.6,1284.6
0.5878070335114988,0.0,0.159249201,0.1863596475,763.0,999.0
0.7027351589288593,0.0549133475,0.1200590485,0.146595904,763.0,999.0
0.77137756538872,0.3205439605,0.067314227,0.099858905,763.0,999.0
0.794454415220235,0.7392790115,0.050783027333333335,0.0932399835,763.0,999.0
0.7869581327863218,0.5207880563333334,0.08758257266666665,0.205454814,763.0,999.0
0.731825251381777,0.10078916524999999,0.1509266465,0.26688092725,763.0,999.0
0.6060300196735262,0.000596712875,0.153165164375,0.176272922625,763.0,999.0
0.7491250709657905,0.241441937,0.09037649449999999,0.151578559,763.0,999.0
0.7892591332961204,0.6476637403333334,0.06141621133333333,0.09255422833333334,763.0,999.0
0.8043760067896554,0.87608804325,0.086229668,0.08941722900000001,763.0,999.0
0.7924067782166483,0.625453242,0.11833748433333334,0.16726589066666667,763.0,999.0
0.7637972424419195,0.230053789,0.1754916205,0.3068194915,763.0,999.0
0.6304757927168841,0.0003577996666666667,0.263519144,0.30605830611111107,763.0,999.0
0.7290313113698247,0.16393781733333332,0.143587457,0.2132741566666667,763.0,999.0
0.7944701912537686,0.585226475,0.0546566705,0.0874481905,763.0,999.0
0.8101793034013591,0.8651566618000001,0.060080016,0.07156215260000001,763.0,999.0
0.797351491124813,0.672130697,0.08317418900000001,0.22499713249999997,763.0,999.0
0.7759080195608435,0.29036123033333333,0.15840346766666666,0.31228794433333334,763.0,999.0
0.6779989638792449,0.0006731955,0.2681862755,0.350395377,763.0,999.0
0.5564739882779205,0.0005950388333333333,0.22348739383333335,0.32152196699999996,763.0,999.0
0.6078292906623762,0.231278484,0.134066287,0.2524546695,763.0,999.0
0.6703505428924342,0.5607242290000001,0.0913594885,0.26148419349999996,763.0,999.0
0.6856176809270197,0.8019895465000001,0.13730279666666667,0.32246656683333336,763.0,999.0
0.6706548053014862,0.490867424,0.2238266445,0.4754455225,763.0,999.0
0.6487078595478671,0.2001406705,0.27364213249999997,0.5204325725000001,763.0,999.0
0.6278674606142348,0.0005215375,0.371092621,0.53944350325,763.0,999.0
0.5534943483009493,0.020377389,0.2930608827142857,0.4070220755714286,763.0,999.0
0.6303618289499657,0.3705351445,0.12828861800000002,0.2512159055,763.0,999.0
0.667452809059744,0.6928252355,0.0796083965,0.1752545405,763.0,999.0
0.6803018125676955,0.83825012475,0.07573000225,0.20064832724999998,763.0,999.0
0.6724537214171548,0.5560971053333333,0.08084889866666667,0.2911734876666667,763.0,999.0
0.6504087038111255,0.19823995549999998,0.129325468,0.3299002055,763.0,999.0
0.6352811478105614,0.000485686,0.18814082875,0.28688440675,763.0,999.0
0.6004541084759663,0.000473609,0.10562592216666666,0.12900464166666667,763.0,999.0
0.7534169692325807,0.22481178400000001,0.041394013,0.0635362965,763.0,999.0
0.7945164106192872,0.5632132315,0.0121680915,0.025491452499999998,763.0,999.0
0.8078009750238757,0.8065881165,0.023952626333333334,0.052507904333333334,763.0,999.0
0.7926099302934786,0.5011543190000001,0.0431196135,0.13987727900000002,763.0,999.0
0.7649631491857386,0.1982795315,0.07658811,0.14748916099999998,763.0,999.0
0.6766684064322913,0.00040962525,0.170939414,0.14684900574999998,763.0,999.0
0.6043680611434344,0.00040901,0.18484613416666665,0.14157838083333332,763.0,999.0
0.7606461672746814,0.221343263,0.16579820750000002,0.23469226450000003,763.0,999.0
0.807871708640346,0.5909571516666666,0.14439289233333333,0.2506874076666667,763.0,999.0
0.8129802517228901,0.72623479875,0.24014484400000002,0.34153239925,763.0,999.0
0.7971662589667274,0.44050447849999996,0.29456172049999996,0.5072515885,763.0,999.0
0.7730949101961113,0.14429678033333335,0.31326585966666665,0.5220526580000001,763.0,999.0
0.7223088624780659,0.0,0.32318053199999996,0.423127132,763.0,999.0
0.6140842236533329,0.0,0.24581160883333333,0.4840140931666666,763.0,999.0
0.6747865401889813,0.026814559666666668,0.11667664500000001,0.38026166533333333,763.0,999.0
0.7690450867005287,0.23125771850000001,0.090667099,0.26643140649999997,763.0,999.0
0.7776030235815871,0.4454592855,0.081709686,0.25082320999999996,763.0,999.0
0.783950993989141,0.53421678225,0.09870503975,0.2488230695,763.0,999.0
0.7807097423599412,0.404558748,0.076274782,0.2343534495,763.0,999.0
0.7614140644464882,0.2311933235,0.052663831,0.254406393,763.0,999.0
0.6747563572171307,0.0177198302,0.1517169418,0.24153507960000004,763.0,999.0
0.5865741132814641,0.0,0.2689826038,0.3020595426,763.0,999.0
0.7025378840641912,0.027109162,0.35105966450000003,0.43623455,763.0,999.0
0.7661289227983307,0.12790064099999998,0.350710953,0.491394389,763.0,999.0
0.7688640092997526,0.3042322155,0.39572790716666667,0.4964127615,763.0,999.0
0.7618864152549967,0.334634479,0.3611432655,0.6120081985,763.0,999.0
0.7479815642342981,0.2187006435,0.30322426199999997,0.648751181,763.0,999.0
0.6848507891828252,0.02112312925,0.20042107,0.57106322825,763.0,999.0
0.5989010384332774,0.00020985899999999998,0.13124928771428573,0.4770151738571428,763.0,999.0
0.7473961712959278,0.1884701285,0.09922314900000001,0.4591768195,763.0,999.0
0.7715763261936138,0.5292962016666666,0.12764747033333332,0.53354977,763.0,999.0
0.7751440849581742,0.6517049785000001,0.208335335,0.58712865725,763.0,999.0
0.7683676764952262,0.4111564976666666,0.22122452466666664,0.6105415316666666,763.0,999.0
0.7376736805475426,0.1387498755,0.1832241805,0.5753051600000001,763.0,999.0
0.6418687645255678,0.0,0.16800684575,0.4936077045,763.0,999.0
0.5437699228133045,0.00022083750000000002,0.12326049966666665,0.22957777816666666,763.0,999.0
0.5939084270428965,0.20046593299999999,0.072146422,0.1279900565,763.0,999.0
0.6462490096111121,0.5133462155,0.058439015,0.114562323,763.0,999.0
0.6544386335361327,0.70755775725,0.07215249975,0.10946667075,763.0,999.0
0.6561535498713322,0.5297158965,0.0881970795,0.10832504125,763.0,999.0
0.6162868565029218,0.05917367933333333,0.10704320966666665,0.20695183783333335,763.0,999.0
0.5433067094302878,0.00020730933333333332,0.14290176616666667,0.38058556083333334,763.0,999.0
0.5938450195754198,0.20259650199999998,0.1404619665,0.47019815499999995,763.0,999.0
0.6503374453471497,0.5292210675,0.098632266,0.452043837,763.0,999.0
0.6731943985512786,0.7689279613333334,0.1717132835,0.37893032583333336,763.0,999.0
0.6659124238654669,0.412247588,0.2193259215,0.3271044285,763.0,999.0
0.6391716544406594,0.06254447925,0.21957931900000002,0.3322014845,763.0,999.0
0.5992786757240108,0.0,0.23924424000000002,0.4301951605714286,763.0,999.0
0.7220372611073912,0.05500194533333333,0.21529711799999998,0.45016832133333334,763.0,999.0
0.7741616804662885,0.37813784240000003,0.21150560399999999,0.4130053758000001,763.0,999.0
0.7708831473200223,0.41271922299999997,0.31374389975,0.5343034587500001,763.0,999.0
0.7532072968134587,0.2055607105,0.273696884,0.604049243,763.0,999.0
0.7060570725749934,0.021651805333333333,0.196701098,0.5956974906666667,763.0,999.0
0.5898410637094239,0.0,0.18442023542857142,0.4344662972857143,763.0,999.0
0.7018979993503183,0.0422274455,0.1662503265,0.33150164049999997,763.0,999.0
0.765734062564452,0.2451550445,0.1551161805,0.242891484,763.0,999.0
0.774608585452848,0.4946699856666667,0.16851489500000003,0.20555694566666668,763.0,999.0
0.7759971019085353,0.44490581500000004,0.260113983,0.39491236074999997,763.0,999.0
0.7682988354513567,0.260553932,0.3005139015,0.5161347965,763.0,999.0
0.7166543592179244,0.051431290000000005,0.22580608000000002,0.49910489825,763.0,999.0
0.6001480847568098,0.0,0.15070610250000002,0.3470605815,763.0,999.0
0.7467453749340797,0.170866243,0.097970324,0.3216746075,763.0,999.0
0.7725096429477931,0.5118885966666666,0.09633213,0.26643158466666667,763.0,999.0
0.7770284609782157,0.6924385383333335,0.103131439,0.24039952850000001,763.0,999.0
0.7602157333139063,0.3600512465,0.0912090465,0.29024871350000003,763.0,999.0
0.7070979239264735,0.03374763333333333,0.11637655300000001,0.297991425,763.0,999.0
0.5898737099883861,0.0,0.08114052185714285,0.2817738658571428,763.0,999.0
0.7222782935572694,0.13616181000000002,0.062638842,0.2537927926666667,763.0,999.0
0.7754483694882706,0.5471114405,0.0368188925,0.2614372935,763.0,999.0
0.7923868178872088,0.804028967,0.059045654,0.30693604360000004,763.0,999.0
0.7853783961611214,0.5109912103333333,0.109529166,0.38509160366666667,763.0,999.0
0.7237877808329469,0.06643336999999999,0.223119174,0.484920404,763.0,999.0
0.5929563242697452,0.0,0.227468204,0.4189266088571428,763.0,999.0
0.7222153075370245,0.07937696500000001,0.1734961673333333,0.3151691683333333,763.0,999.0
0.7708764717001495,0.3516437335,0.13762695800000002,0.242135617,763.0,999.0
0.7744795676263587,0.5463482303333332,0.14535981299999998,0.30734820250000006,763.0,999.0
0.7666507752392375,0.3615534525,0.194610846,0.49689927200000006,763.0,999.0
0.7151875057919108,0.0654999885,0.22908921275000002,0.518206049,763.0,999.0
0.5560279196828111,0.0,0.1932667304285714,0.40388550900000003,763.0,999.0
0.5788019845919197,0.10468288633333334,0.129095524,0.2929421993333334,763.0,999.0
0.6468568690261821,0.46041023049999996,0.100485505,0.28558562899999995,763.0,999.0
0.6546004233099418,0.63558817275,0.10125500975,0.250165391,763.0,999.0
0.657525798560053,0.5067319676666666,0.10039717999999999,0.36802309799999994,763.0,999.0
0.6436557155607894,0.280295524,0.115566132,0.428334,763.0,999.0
0.6255186698579317,0.022893590333333335,0.17161119533333333,0.39635309033333327,763.0,999.0
0.5576134142251452,0.012143540000000001,0.12797665644444445,0.3207647088888888,763.0,999.0
0.6265586488877164,0.37466464850000003,0.061675936,0.36570035700000003,763.0,999.0
0.6616742220579191,0.7720847425714286,0.08431866357142857,0.444838875,763.0,999.0
0.6625807518353763,0.494013486,0.1455615465,0.627747474,763.0,999.0
0.6329905747577205,0.0745645085,0.199073086,0.6483715185,763.0,999.0
0.5954121643126603,0.0,0.17316975385714287,0.4246766812857143,763.0,999.0
0.7222425275240871,0.09673420233333334,0.10259451600000001,0.185568253,763.0,999.0
0.7752453060980979,0.42202101999999997,0.0689433405,0.133714472,763.0,999.0
0.7821422898935501,0.587521408,0.10635505716666667,0.13613378116666666,763.0,999.0
0.7733927631043205,0.3449126825,0.1541871645,0.24718893949999998,763.0,999.0
0.7236365145764349,0.0559280295,0.17737403375,0.28691055025,763.0,999.0
0.5939944846589924,0.0,0.13864885014285716,0.24803625385714284,763.0,999.0
0.7019182923458407,0.039077236,0.096299901,0.1870712785,763.0,999.0
0.7718730997602258,0.34713622099999997,0.044102296333333325,0.11606770100000001,763.0,999.0
0.7890008980053582,0.6393459907500001,0.037149811500000005,0.0743268145,763.0,999.0
0.7847981263452216,0.4880623943333333,0.03849518333333333,0.147275034,763.0,999.0
0.7645753415659586,0.244819491,0.06854473950000001,0.21562306450000002,763.0,999.0
0.6765919205630918,0.0094787398,0.133577111,0.2084264036,763.0,999.0
0.57497708105683,0.0,0.0970712725,0.21572456425,763.0,999.0
0.644443683960854,0.0,0.071523791,0.1728275395,763.0,999.0
0.7470524317321536,0.16989713350000002,0.0490143605,0.12234695200000001,763.0,999.0
0.7774166825365586,0.492241866,0.015170488999999999,0.0799157975,763.0,999.0
0.7928278086835218,0.772396493,0.017919402749999997,0.06920546575,763.0,999.0
0.7891346102430821,0.5959423046666666,0.037682617333333335,0.21921560233333334,763.0,999.0
0.7670337923115134,0.2608977305,0.0672449595,0.28991408799999996,763.0,999.0
0.6753454273007367,0.009209281199999999,0.134687211,0.22530203220000003,763.0,999.0
0.5824686668674044,0.0,0.10478273900000001,0.21010831419999998,763.0,999.0
0.7218144591989145,0.099453173,0.08185623399999999,0.31734957933333335,763.0,999.0
0.7732374715517589,0.4231015905,0.062593012,0.374792798,763.0,999.0
0.7870179251588507,0.654840026,0.10902593099999999,0.48745464400000005,763.0,999.0
0.7780425063149429,0.45254945575,0.2475387345,0.5946218719999999,763.0,999.0
0.6843416669978892,0.030323448,0.2761913753333333,0.7042239193333334,763.0,999.0
0.5975077156859865,0.0,0.23483199433333335,0.6375989805,763.0,999.0
0.7466438431883731,0.0730147675,0.2083607485,0.4886623535,763.0,999.0
0.7706734970472546,0.2615254765,0.213862398,0.43951869450000003,763.0,999.0
0.7691039623236665,0.49268421999999995,0.29063642683333335,0.5354186383333334,763.0,999.0
0.7533216622238467,0.2804523743333333,0.39660265100000003,0.7426764693333334,763.0,999.0
0.7054628896853213,0.006405037333333333,0.324565761,0.7185073143333334,763.0,999.0
0.5562707438022816,0.0,0.285359834375,0.6130571393750001,763.0,999.0
0.5979526616423214,0.0807532865,0.2060421805,0.360857571,763.0,999.0
0.6494859808435709,0.26722925000000003,0.226153689,0.28387828800000003,763.0,999.0
0.649185765952853,0.44364714850000003,0.19737828175,0.20301197324999998,763.0,999.0
0.6473233943564118,0.3386984883333333,0.2530036066666667,0.2730328223333333,763.0,999.0
0.6378663689958799,0.16705981199999997,0.22120443699999998,0.241996456,763.0,999.0
0.6166767902300851,0.0053843702,0.1642135192,0.16531848840000002,763.0,999.0
0.5491994654311546,0.0,0.1304901275,0.17016599816666667,763.0,999.0
0.6019110445704747,0.1304926055,0.1389094115,0.39474113499999997,763.0,999.0
0.648801540195834,0.42804342250000005,0.151368746,0.557637268,763.0,999.0
0.6500706307780814,0.6266682004999999,0.2021124185,0.61088115225,763.0,999.0
0.6492443200615465,0.5612140313333334,0.26509138800000004,0.7013157973333334,763.0,999.0
0.6383379879369813,0.24358484600000002,0.2837042165,0.715860714,763.0,999.0
0.6181033082352344,0.0028440172,0.30112565999999996,0.7100542386,763.0,999.0
0.5974363241414038,0.0,0.24552935816666668,0.6069983026666668,763.0,999.0
0.7467136157458701,0.085310213,0.177056191,0.517442594,763.0,999.0
0.7719608292398621,0.34180400875,0.12782627975,0.3878903825,763.0,999.0
0.7734133888367941,0.45518466440000005,0.13328883860000001,0.393749047,763.0,999.0
0.7525415523458232,0.21267262850000002,0.1019484035,0.3258903015,763.0,999.0
0.6504445955174863,0.003766686,0.10249690616666667,0.22475467833333337,763.0,999.0
0.5877807856523682,0.0,0.09974895825,0.1600908265,763.0,999.0
0.7243444567244497,0.10307044300000001,0.11008675566666666,0.2088779593333333,763.0,999.0
0.7714955089244082,0.5171128405000001,0.0600856375,0.126119975,763.0,999.0
0.7821122458202588,0.7985976431666667,0.05937368266666667,0.07111989016666667,763.0,999.0
0.7760177276055749,0.4548014575,0.109891499,0.1921382535,763.0,999.0
0.7191259616329352,0.0452946025,0.25400617200000003,0.38614871675,763.0,999.0
0.6008083124030704,0.0,0.21983034500000004,0.36816724050000005,763.0,999.0
0.7467439998859231,0.0685695835,0.2563918585,0.432055733,763.0,999.0
0.7716443984341755,0.2911866886666667,0.24740840500000003,0.4317415293333333,763.0,999.0
0.7707696172616822,0.453666464,0.27987231325,0.437063167,763.0,999.0
0.7623564595017207,0.3356892495,0.3534522765,0.5362805884999999,763.0,999.0
0.7422891437158285,0.10857174799999998,0.3079206116666667,0.4833078263333333,763.0,999.0
0.6506540942501335,0.0,0.2373543925,0.36320500075000006,763.0,999.0
0.6173643504252222,0.004408940857142858,0.13444436985714284,0.1390665745714286,763.0,999.0
0.7679691790622294,0.24898087300000002,0.07412665333333333,0.076586296,763.0,999.0
0.7693265898656699,0.47329313019999997,0.0836444962,0.0507171834,763.0,999.0
0.7554769668969041,0.19830412425,0.110888459,0.16200873225,763.0,999.0
0.705247376956191,0.0014182356666666666,0.12919998266666669,0.202014236,763.0,999.0
0.5899124330823421,0.0,0.11127255171428573,0.14274254314285714,763.0,999.0
0.7047190410413994,0.011707329,0.10459130750000001,0.10697971,763.0,999.0
0.766457692084653,0.205648,0.083831043,0.0939140105,763.0,999.0
0.7704164815608147,0.5137688173333333,0.135935996,0.08984249816666667,763.0,999.0
0.7562676631963076,0.29844024075000003,0.17920591225,0.188296794,763.0,999.0
0.7057924278086984,0.003111548,0.18306385166666664,0.23091281533333333,763.0,999.0
0.5646196402832048,0.0,0.166109996125,0.20959416825000002,1440.25,1886.25
0.6068697297274703,0.1518120415,0.1648103335,0.179017394,1666.0,2182.0
0.6525455266723548,0.522839448,0.16008310799999997,0.13869033149999999,1666.0,2182.0
0.6548487124510971,0.7841738826,0.2180409724,0.07850934980000002,1666.0,2182.0
0.6541406919243924,0.5941140975,0.247699587,0.134424346,1666.0,2182.0
0.6442048471975645,0.3017476715,0.227478963,0.21755167600000003,1666.0,2182.0
0.607251948383599,0.001648823,0.2794247015,0.36064153349999994,1666.0,2182.0
0.5688059958265349,0.044671795285714286,0.20385131485714286,0.3074530055714286,1666.0,2182.0
0.6525455266723548,0.5551576885,0.092107716,0.17672578700000002,1666.0,2182.0
0.6564200095419089,0.8275318472000001,0.1308875094,0.1148411144,1666.0,2182.0
0.656882025317578,0.5596456885000001,0.18330963849999998,0.2114671535,1666.0,2182.0
0.64490603236211,0.26411066650000004,0.17775884549999998,0.31619903699999996,1666.0,2182.0
0.6097878187072118,0.0007755398000000001,0.16665219380000001,0.401851281,1666.0,2182.0
0.7385523724962325,0.08052315766666666,0.09863728366666664,0.30455576866666667,1666.0,2182.0
0.7785204903460643,0.469774202,0.044992035,0.202642569,1666.0,2182.0
0.7807223987356742,0.6722112093333333,0.06498497366666667,0.20953819799999998,1666.0,2182.0
0.7779130744823969,0.5319499536666666,0.10995501033333333,0.32114851833333335,1666.0,2182.0
0.7709446030482761,0.31515491549999997,0.1549632235,0.404230144,1666.0,2182.0
0.7253427592092097,0.036300017500000004,0.191579987,0.44171851725,1666.0,2182.0
0.5983737111387889,0.0,0.1531549174285714,0.3789288741428572,1666.0,2182.0
0.7450998541115315,0.141539439,0.1129717605,0.36826649225,1666.0,2182.0
0.778709078760945,0.5983521198333334,0.07591952216666668,0.30901653866666673,1666.0,2182.0
0.7764859532189929,0.3769160975,0.10892179299999999,0.441261389,1666.0,2182.0
0.7601370451150555,0.17990663299999998,0.1431719455,0.5264842935,1666.0,2182.0
0.6954254540799119,0.00089271175,0.1915857385,0.5866686087499999,1666.0,2182.0
0.6061457105182111,0.0,0.13719364628571426,0.5402195584285714,1666.0,2182.0
0.765013641456203,0.16034553,0.09849692033333335,0.495781596,1666.0,2182.0
0.7840542112470505,0.5585928486,0.0764943878,0.4126849728,1666.0,2182.0
0.7807149764251009,0.4288241093333333,0.09153568333333334,0.3900271516666667,1666.0,2182.0
0.7353734445113338,0.060889850200000005,0.1571255312,0.4763008156,1666.0,2182.0
0.6249105935913847,0.001519310111111111,0.1412056718888889,0.4546837943333333,1666.0,2182.0
0.7763877483028496,0.15844429299999999,0.12085950566666669,0.37234101699999994,1666.0,2182.0
0.7756622114626849,0.378493392,0.10924716366666666,0.2914530516666667,1666.0,2182.0
0.7684337674934025,0.2574749235,0.18842139349999998,0.505981118,1666.0,2182.0
0.7252812258801302,0.02697905275,0.169053141,0.573559371,1666.0,2182.0
0.5933982254573064,0.0,0.17465605250000002,0.49337966066666666,1666.0,2182.0
0.7088531194771994,0.039894465250000004,0.1434248125,0.36393358825,1666.0,2182.0
0.7793983468752128,0.348838486,0.1447734255,0.20116073,1666.0,2182.0
0.7756279979184685,0.5407862186666667,0.14795471433333335,0.213707112,1666.0,2182.0
0.7684314609316185,0.3496520445,0.157683974,0.3720842165,1666.0,2182.0
0.7266859360538119,0.040264502,0.13848603950000002,0.35882554725,1666.0,2182.0
0.5649040864634501,0.0,0.09668295625,0.217786954125,1666.0,2182.0
0.6068217805165439,0.126745018,0.083735923,0.1451401075,1666.0,2182.0
0.6528839434168179,0.5220402854999999,0.035469490500000006,0.1249234825,1666.0,2182.0
0.6551406748407707,0.8157208252,0.036700599,0.13280814300000002,1666.0,2182.0
0.6533098161735157,0.520388842,0.032858765666666664,0.12585995966666666,1666.0,2182.0
0.6340090963999483,0.03983150625,0.06168542225,0.13308544225000002,1666.0,2182.0
0.5665935594863396,0.002189245444444444,0.09321870677777777,0.14171968766666668,1666.0,2182.0
0.6336183612599194,0.300435605,0.06952117,0.16295799900000002,1666.0,2182.0
0.6668633944446712,0.6952518015,0.040889753333333334,0.17682347133333332,1666.0,2182.0
0.6686158547476873,0.513119403,0.0504289015,0.258463554,1666.0,2182.0
0.6404103299285779,0.0866940426,0.0980644914,0.33367014419999996,1666.0,2182.0
0.5991581405044298,0.0,0.11209452742857141,0.2841778032857143,1666.0,2182.0
0.7357287506915987,0.058282797,0.07431462900000001,0.175965669,1666.0,2182.0
0.778824686189503,0.39944969750000003,0.0368086775,0.163782035,1666.0,2182.0
0.7848641936598758,0.7418943182,0.0572663716,0.250758659,1666.0,2182.0
0.7809729529705143,0.5581552705,0.0946552975,0.3590841025,1666.0,2182.0
0.7464469231968865,0.12766061324999997,0.12395471524999999,0.34350486324999996,1666.0,2182.0
0.6255705002743991,0.0,0.107221776,0.37085859899999996,1666.0,2182.0
0.614749249546436,0.0,0.08301277,0.4394647164,1666.0,2182.0
0.7595597028194049,0.1283984375,0.079810327,0.43286194499999997,1666.0,2182.0
0.780923850478696,0.526629939,0.0536132495,0.422250239,1666.0,2182.0
0.7951677097075965,0.8167122776666668,0.054428957666666666,0.3153989861666666,1666.0,2182.0
0.786439607056864,0.460517497,0.054464033999999995,0.27964278200000003,1666.0,2182.0
0.7287186656587197,0.04077845475,0.07359963074999999,0.26814043475,1666.0,2182.0
0.6098465897632794,0.0,0.10492284962500001,0.2360862285,1666.0,2182.0
0.7585158648569843,0.11382023999999999,0.11110771150000001,0.224785758,1666.0,2182.0
0.78029563150249,0.4677466555,0.0482326245,0.1151641705,1666.0,2182.0
0.7876855104061465,0.7112081127500001,0.05352219975,0.13958297,1666.0,2182.0
0.7781980418317436,0.42204355125,0.10239293975,0.46735650525,1666.0,2182.0
0.7260068958009017,0.022188484,0.16422580425,0.41605792575,1666.0,2182.0
0.5988103930615839,0.0,0.1384261115714286,0.3245907925714286,1666.0,2182.0
0.7152290787763644,0.0035297265,0.129800679,0.321531254,1666.0,2182.0
0.7766283075547388,0.20516986133333334,0.121256777,0.301067708,1666.0,2182.0
0.777472101371108,0.3847017956,0.1283653526,0.1939076838,1666.0,2182.0
0.7656648222787621,0.19503958474999997,0.17677080050000002,0.22585051125,1666.0,2182.0
0.6764393347230184,0.0,0.1579215082,0.2390456024,1666.0,2182.0
0.6284956146663693,0.000760614,0.10767825200000002,0.18518865571428572,1666.0,2182.0
0.7779373817471937,0.169302081,0.067462638,0.1580218495,1666.0,2182.0
0.7782122136761747,0.4966969915,0.06316245175,0.16412206675000002,1666.0,2182.0
0.774726188989268,0.5355936516666667,0.11098684066666668,0.347032109,1666.0,2182.0
0.7684780350943883,0.31881826999999996,0.1501620905,0.5036448499999999,1666.0,2182.0
0.7257585556699803,0.02898315625,0.196068347,0.5269190355,1666.0,2182.0
0.5673423084910613,0.0,0.1845346446,0.446150497,1666.0,2182.0
0.5779083460999204,0.045350363,0.1278509278,0.290618713,1666.0,2182.0
0.6526082243428483,0.5036428875,0.059958690499999995,0.1572305295,1666.0,2182.0
0.6549321127259584,0.7643635761666666,0.05936750866666667,0.08373257666666667,1666.0,2182.0
0.6521001002118433,0.4071412765,0.0792240555,0.1034350275,1666.0,2182.0
0.6310382233690677,0.0242813734,0.1458534728,0.1841537238,1666.0,2182.0
0.5583054281836265,0.0,0.13924503285714285,0.2867204978571429,1666.0,2182.0
0.6082072954705038,0.100836572,0.110154391,0.3403772335,1666.0,2182.0
0.6525938307311525,0.4626967955,0.044661953500000004,0.251577353,1666.0,2182.0
0.6583276320627773,0.70956476875,0.037767815499999996,0.13519715075,1666.0,2182.0
0.6608349302078959,0.537650342,0.04536059166666667,0.10403836066666666,1666.0,2182.0
0.6464206021459533,0.165669654,0.052190327,0.092664232,1666.0,2182.0
0.6076813012310684,0.0,0.04964939287500001,0.085131753,1666.0,2182.0
0.6737742876186182,0.00145023725,0.059215508,0.11949995299999999,1666.0,2182.0
0.777916312490315,0.3037866695,0.091566441,0.2560351825,1666.0,2182.0
0.7832480789285676,0.6759603255,0.0714993805,0.269141178,1666.0,2182.0
0.7948432016059476,0.817632826,0.1501156618,0.29170047239999997,1666.0,2182.0
0.785180906936617,0.431057123,0.1620190375,0.3041097485,1666.0,2182.0
0.7507368477046502,0.056282554,0.20299118049999998,0.45688407999999997,1666.0,2182.0
0.6626689211542642,0.0,0.35523277299999995,0.65740909875,1666.0,2182.0
0.6074633581567974,0.0,0.36620973050000005,0.682031511,1666.0,2182.0
0.7580672447150101,0.0886576375,0.270406948,0.563347607,1666.0,2182.0
0.7813195534889239,0.4087848085,0.1967978265,0.5563875725,1666.0,2182.0
0.7880152776957796,0.6579448107499999,0.160761703,0.4762951665,1666.0,2182.0
0.7814658703263136,0.4880780443333333,0.144680328,0.359811519,1666.0,2182.0
0.7355457689439543,0.0634649848,0.1020963998,0.29865224599999995,1666.0,2182.0
0.5985910382274309,0.0,0.13477989285714284,0.5024933707142858,1666.0,2182.0
0.7145795687760153,0.002127176,0.11598828950000001,0.5653837100000001,1666.0,2182.0
0.7754265017983712,0.282819179,0.11018879649999999,0.589843892,1666.0,2182.0
0.7866614627549705,0.7174079681666666,0.18559599716666667,0.6387235658333333,1666.0,2182.0
0.7845195980673738,0.518155652,0.215558725,0.6250090265,1666.0,2182.0
0.7471224482285796,0.094709433,0.1624763695,0.5858207467500001,1666.0,2182.0
0.6157405075078984,0.0,0.15569505500000003,0.576787252,1666.0,2182.0
0.6223723075867519,0.0,0.15256056075,0.6171414685000001,1666.0,2182.0
0.7587317472150957,0.09550294299999999,0.1408796445,0.619938054,1666.0,2182.0
0.7789754090630655,0.4632243075,0.13565878599999998,0.62552375,1666.0,2182.0
0.7878593296493459,0.7795658896,0.15974500460000002,0.587991377,1666.0,2182.0
0.7820527640028926,0.4555002913333333,0.20758274633333332,0.6293012276666667,1666.0,2182.0
0.729393347888753,0.0139565185,0.24734703300000002,0.71858271575,1666.0,2182.0
0.6022208197982871,0.0,0.42756374271428577,0.8057021064285713,1666.0,2182.0
0.7447744669911294,0.0664511655,0.44379237850000003,0.7994873895000001,1666.0,2182.0
0.7780117762058083,0.38821083120000005,0.42015743800000005,0.6624943904,1666.0,2182.0
0.7723604282198674,0.3465335663333333,0.4384364023333333,0.6930841106666668,1666.0,2182.0
0.7600222952608302,0.103937457,0.33540653200000003,0.662683803,1666.0,2182.0
0.6934025383724888,0.0,0.22674823500000002,0.564115261,1666.0,2182.0
0.5619024367730638,0.00031510375,0.147051210625,0.413744195625,1666.0,2182.0
0.6422987217196274,0.20653572999999997,0.10061590549999999,0.414839565,1666.0,2182.0
0.6555250491934994,0.5356668788000001,0.165079257,0.47379091860000005,1666.0,2182.0
0.6545871607906005,0.3887208553333334,0.28134507133333336,0.58315213,1666.0,2182.0
0.6339327665136388,0.031395192,0.38660524333333335,0.7372609378333334,1666.0,2182.0
0.5537155977927749,0.0,0.4711862227142857,0.6809819344285714,1666.0,2182.0
0.5997695199496397,0.0360066485,0.4663412135,0.5905484595,1666.0,2182.0
0.6511443539168649,0.1819004115,0.4976840265,0.59398068,1666.0,2182.0
0.6547540885186098,0.33597562400000003,0.5360989476666668,0.8199996633333333,1666.0,2182.0
0.6538929395450592,0.31827151800000003,0.6266241192500001,0.8541650734999999,1666.0,2182.0
0.6384984824907496,0.030495237999999997,0.5925969748,0.8376952652,1666.0,2182.0
0.6322930329651503,0.0002020002222222222,0.41604329711111115,0.584172162,1666.0,2182.0
0.8003552588165952,0.23734702400000002,0.437642055,0.4108940015,1666.0,2182.0
0.7815788163789629,0.6689612185000001,0.40272026083333334,0.3487885786666666,1666.0,2182.0
0.7742634339387635,0.5538467785,0.475594301,0.42719131200000005,1666.0,2182.0
0.7591034090795572,0.08851540425,0.467123827,0.47807463,1666.0,2182.0
0.633277039192182,0.0,0.452689651,0.4855981705,1666.0,2182.0
0.6565856287873751,0.0002960936666666667,0.3809178675,0.4199762443333334,1666.0,2182.0
0.8085826965659234,0.3171118115,0.2903101645,0.374430931,1666.0,2182.0
0.7922851530710193,0.6731824765000001,0.2383759045,0.3109842315,1666.0,2182.0
0.7769722319076934,0.8360775605,0.2645801295,0.27398632700000003,1666.0,2182.0
0.7703542496302616,0.4828033863333334,0.304928076,0.33588765466666665,1666.0,2182.0
0.7202373277476595,0.0074606818000000005,0.32388127499999997,0.39509157540000006,1666.0,2182.0
0.648473025934273,0.0002036865,0.238046972,0.27391042525000003,1666.0,2182.0
0.8053992856459602,0.323456253,0.191429962,0.2618704705,1666.0,2182.0
0.7787634005199401,0.8110070973333334,0.12351009416666665,0.1991508435,1666.0,2182.0
0.7706384851037642,0.511649021,0.13489936966666669,0.2176441796666667,1666.0,2182.0
0.7121331474239204,0.006773520399999999,0.229089514,0.3845712196,1666.0,2182.0
0.6015232295770134,0.0,0.18774580283333334,0.3000329348333333,1666.0,2182.0
0.7588826031523918,0.073510182,0.1395166906666667,0.24544116766666665,1666.0,2182.0
0.7857749271328426,0.53966437,0.061358527999999996,0.2054827225,1666.0,2182.0
0.7810650899745587,0.8560801526,0.024266891,0.09590747220000001,1666.0,2182.0
0.7766915892984168,0.5140814730000001,0.030383534,0.064844413,1666.0,2182.0
0.7261997904710285,0.006735328,0.03976620025,0.06748432775,1666.0,2182.0
0.6033517166378883,0.0,0.04883744328571428,0.2190596694285714,1666.0,2182.0
0.7435604115082773,0.06339452866666666,0.09798255933333333,0.439264912,1666.0,2182.0
0.7809299272864583,0.4500770975,0.0937640445,0.4936862915,1666.0,2182.0
0.7765492763632766,0.7400466366,0.17620440899999998,0.5217684264000001,1666.0,2182.0
0.7711769415903182,0.505315403,0.382217877,0.656817406,1666.0,2182.0
0.7590423747647883,0.132882163,0.510311887,0.7928334975,1666.0,2182.0
0.6922523116777946,0.0,0.57983911025,0.8307497555,1666.0,2182.0
0.5591906098879317,0.0,0.46241034857142854,0.6947394502857144,1666.0,2182.0
0.6151013590856416,0.0875268505,0.3900724095,0.583153665,1666.0,2182.0
0.6690262175308246,0.4897952255,0.3087644195,0.4708756555,1666.0,2182.0
0.6569785114403991,0.837659336,0.20457383224999998,0.299349101,1666.0,2182.0
0.6538387138548398,0.722618008,0.187903946,0.25453920750000003,1666.0,2182.0
0.6535639484661623,0.39294587999999997,0.1735249155,0.294116379,1666.0,2182.0
0.6450460476378785,0.0033867934,0.203056314,0.3429311316,1666.0,2182.0
0.5910912418153087,0.020415125222222223,0.115102106,0.16476305444444445,1666.0,2182.0
0.6694256908376514,0.486970311,0.0577156365,0.1797685055,1666.0,2182.0
0.6548198630863011,0.7368753846,0.086958542,0.1609140834,1666.0,2182.0
0.6534517712843145,0.3815936773333333,0.2005020936666667,0.408477298,1666.0,2182.0
0.6432824746131762,0.0017150078,0.2922850884,0.603600302,1666.0,2182.0
0.6067917438675543,0.0,0.34172098616666663,0.8072610468333332,3115.1666666666665,4079.5
0.7765478303607317,0.088464648,0.41827833325,0.77392125675,3405.0,4459.0
0.7992344330228794,0.48158209533333335,0.4981659790000001,0.5640655618333333,3405.0,4459.0
0.7952904289421854,0.3936795805,0.5446524994999999,0.4667301775,3405.0,4459.0
0.797404940528366,0.1072792145,0.4672706305,0.42321463000000004,3405.0,4459.0
0.7046512690260971,0.0,0.3588996954,0.4034187838,3405.0,4459.0
0.6269963129708928,0.0,0.2883755585,0.5521431456666667,3405.0,4459.0
0.7944831434035547,0.0581213715,0.2852183905,0.6213108305,3405.0,4459.0
0.8107428508518665,0.303606094,0.27317764450000004,0.6373716855,3405.0,4459.0
0.7879197637008907,0.43137045816666664,0.3411873513333334,0.6137315124999999,3405.0,4459.0
0.7790627467420563,0.16940086599999998,0.3447699485,0.677857139,3405.0,4459.0
0.7368589431276826,0.00098776975,0.300018911,0.60375216075,3405.0,4459.0
0.6089764821278013,0.0,0.2365076385714286,0.4827025471428571,3405.0,4459.0
0.752137702531296,0.020665028,0.171516215,0.322981408,3405.0,4459.0
0.7906211246034478,0.207593195,0.1423675105,0.178902821,3405.0,4459.0
0.7797246617380345,0.37312826683333333,0.18716880800000002,0.12875001083333334,3405.0,4459.0
0.7735372760895138,0.1908908165,0.217288987,0.1560420775,3405.0,4459.0
0.7176537211150936,0.000967297,0.23323001339999996,0.2081738158,3405.0,4459.0
0.6070811172952576,0.0,0.204269285,0.2323622453333333,3405.0,4459.0
0.7619917467582805,0.049273743333333335,0.18133387666666667,0.23614616433333335,3405.0,4459.0
0.7947350430737121,0.436327193,0.0981280055,0.216460626,3405.0,4459.0
0.7801486567285512,0.82990362325,0.06883803599999999,0.12734372475,3405.0,4459.0
0.7723463968128511,0.732004349,0.0928100345,0.050257273500000005,3405.0,4459.0
0.7707648710828172,0.3857272555,0.115773985,0.072378027,3405.0,4459.0
0.7383898804087988,0.00129907025,0.22103008999999998,0.201445826,3405.0,4459.0
0.6150261687669606,0.0,0.27756185585714294,0.3089042797142857,3405.0,4459.0
0.7712524952996386,0.05652924166666667,0.24723603866666666,0.18814820233333332,3405.0,4459.0
0.7937033143328673,0.51443964,0.14929899000000002,0.138499972,3405.0,4459.0
0.7767013920425755,0.803814605,0.091665537,0.0787842735,3405.0,4459.0
0.7689088240042752,0.375201927,0.092023911,0.040153134,3405.0,4459.0
0.7341690187627897,0.00099970375,0.170044946,0.030043247000000002,3405.0,4459.0
0.5810003186358739,0.0,0.2646541155,0.049824746749999996,3405.0,4459.0
0.5800610839877339,0.023426685166666666,0.29595245483333327,0.071774979,3405.0,4459.0
0.6561987379001133,0.42180844949999996,0.2563402835,0.215322499,3405.0,4459.0
0.6533821465885339,0.6807970666666666,0.2698563916666667,0.34080210433333336,3405.0,4459.0
0.6538265824278527,0.5278922293333334,0.37944878266666665,0.457393887,3405.0,4459.0
0.6499631220983428,0.1753594235,0.4018962935,0.663940426,3405.0,4459.0
0.6383448963846408,0.00026126925,0.46120278475000004,0.88973947275,3405.0,4459.0
0.5701168947086456,0.0,0.471194911125,0.92270647625,3405.0,4459.0
0.6155225004867675,0.013737629,0.4212758515,0.9087248035,3405.0,4459.0
0.6744461643231773,0.112785624,0.379557368,0.8952898090000001,3405.0,4459.0
0.6706584979466391,0.25403880225,0.32625548000000004,0.7873837039999999,3405.0,4459.0
0.670199797796587,0.22617071049999998,0.2798970145,0.626074895,3405.0,4459.0
0.6718157440569924,0.08534154033333334,0.24326349833333336,0.5261508423333333,3405.0,4459.0
0.6630015753245315,0.0,0.22916149433333333,0.36369170633333336,3405.0,4459.0
0.6109824062048747,0.0,0.17025552949999997,0.22941644625000002,3405.0,4459.0
0.6212380454606693,0.0,0.16025993466666666,0.2214820753333333,3405.0,4459.0
0.7815450944669389,0.07629108975,0.1393113225,0.1579194215,3405.0,4459.0
0.7868597208334029,0.5284411621666667,0.08028771483333333,0.08613188183333333,3405.0,4459.0
0.7770376131848169,0.3572637535,0.062699619,0.08209275599999999,3405.0,4459.0
0.7673659326779239,0.039725801,0.0811341575,0.11233288475,3405.0,4459.0
0.6296499039298794,0.0,0.126882025875,0.181605370875,3405.0,4459.0
0.7764855392466833,0.032563389,0.17497824766666667,0.2941794176666667,3405.0,4459.0
0.7978642061908484,0.488305064,0.12024189333333334,0.2134846903333333,3405.0,4459.0
0.7766386721497973,0.7625163939999999,0.168213241,0.12085290174999999,3405.0,4459.0
0.7709984072997005,0.4744535585,0.1818648395,0.09032269700000001,3405.0,4459.0
0.7600540248193268,0.06598820166666666,0.27872452600000003,0.19923955766666665,3405.0,4459.0
0.6429123400642359,0.0,0.4068593265,0.5664962836666666,3405.0,4459.0
0.6682755660971793,0.0,0.38982620419999997,0.6539744234,3405.0,4459.0
0.8000332317916897,0.1941502845,0.41305788499999996,0.6833271320000001,3405.0,4459.0
0.7843883476352687,0.503777755,0.355677114,0.6268635825,3405.0,4459.0
0.7760474685142581,0.559522266,0.42538423675000003,0.586885639,3405.0,4459.0
0.7712887196315861,0.2817330305,0.44997575349999996,0.6104686724999999,3405.0,4459.0
0.739350337326987,0.0195543762,0.49120718659999996,0.7828020732000001,3405.0,4459.0
0.6067611675465611,0.0,0.5303618809999999,0.8517472497142856,3405.0,4459.0
0.7549417299334447,0.074980203,0.530482353,0.8967879402500001,3405.0,4459.0
0.7797343462501898,0.473464281,0.444112712,0.806039306,3405.0,4459.0
0.7773794675749818,0.5944074895,0.450189163,0.8066986544999999,3405.0,4459.0
0.7721888874357832,0.286794351,0.41242640799999997,0.749371894,3405.0,4459.0
0.7375545172463412,0.019696361000000003,0.4031931502,0.5777471451999999,3405.0,4459.0
0.6072688196366112,0.0,0.41294538742857145,0.7709439397142858,3405.0,4459.0
0.7282951068374873,0.0,0.452167156,0.853179599,3405.0,4459.0
0.7820534736648884,0.18191238666666668,0.45673970933333335,0.8603220433333334,3405.0,4459.0
0.7762033885002064,0.5781590443333333,0.3968230273333333,0.8374055225,3405.0,4459.0
0.7687960258133424,0.225810206,0.32060506099999997,0.8109182615,3405.0,4459.0
0.7300705030439842,0.0,0.36879599875,0.7915021055,3405.0,4459.0
0.5794246479716482,0.0,0.4196640785,0.8371966625,3405.0,4459.0
0.5744706978570651,0.014069718833333333,0.43449128116666674,0.8843609781666667,3405.0,4459.0
0.6529072526867407,0.5033970426666666,0.38276944333333335,0.861209827,3405.0,4459.0
0.6571763296880165,0.7461783827499999,0.38380494449999997,0.8204037919999999,3405.0,4459.0
0.6549738372674059,0.4584910365,0.381383461,0.7672426635,3405.0,4459.0
0.6359305100166878,0.02579390133333333,0.4462274571666667,0.6678364768333332,3405.0,4459.0
0.5602757740293253,0.0,0.5459538508,0.506808431,3405.0,4459.0
0.5853580085074404,0.01533101575,0.6452222400000001,0.607175847,3405.0,4459.0
0.652983456882998,0.362673566,0.641269765,0.706940091,3405.0,4459.0
0.6545341283223285,0.5170031366,0.5782531045999999,0.5832649018,3405.0,4459.0
0.6530766939458157,0.268935456,0.510856506,0.46443984699999996,3405.0,4459.0
0.6401547353100469,0.01699811325,0.50152276775,0.47113967775,3405.0,4459.0
0.6279871303506736,0.0,0.47644670566666664,0.416222651,3405.0,4459.0
0.5991977355334391,0.0,0.3875748502,0.2916003454,3405.0,4459.0
0.7455161865140765,0.012277287999999999,0.329263329,0.35697186000000003,3405.0,4459.0
0.7813212834355723,0.198361385,0.2855209955,0.324767468,3405.0,4459.0
0.7775806857106649,0.4052711299999999,0.25170574879999996,0.1828032748,3405.0,4459.0
0.7718805220539258,0.2519968145,0.2255023275,0.09106054599999999,3405.0,4459.0
0.7401132399618529,0.0138593134,0.22751576540000001,0.153073199,3405.0,4459.0
0.609465542590237,0.0,0.17816507514285712,0.22109351471428568,3405.0,4459.0
0.7570342001179408,0.015093419333333332,0.10389979466666666,0.20301694366666667,3405.0,4459.0
0.7856800045173258,0.341187085,0.07209950200000001,0.195203024,3405.0,4459.0
0.7770288040079486,0.6173946701999999,0.05475832700000001,0.179317615,3405.0,4459.0
0.7721480795762334,0.3500485485,0.051431863999999994,0.1634922715,3405.0,4459.0
0.7411134135646693,0.0207895614,0.05942128,0.12403916620000002,3405.0,4459.0
0.6122492014087947,0.0,0.053755425857142866,0.1322488962857143,3405.0,4459.0
0.7640447656718697,0.015537335,0.051902709,0.10270646900000001,3405.0,4459.0
0.7908784358133207,0.31707031466666663,0.031737010333333336,0.06863946233333333,3405.0,4459.0
0.7778211385453145,0.562112574,0.03059296833333333,0.031841277,3405.0,4459.0
0.7720397613270215,0.374395972,0.06309769733333333,0.056000098666666664,3405.0,4459.0
0.711340750374899,0.011511612285714286,0.21594312299999996,0.28959038642857143,3405.0,4459.0
0.6059638621451706,0.0,0.27574300279999997,0.6051042167999999,3405.0,4459.0
0.7623785933022136,0.013575006333333334,0.3198361113333333,0.6839103940000001,3405.0,4459.0
0.7950061491253537,0.34970572850000003,0.2630819825,0.658853449,3405.0,4459.0
0.7803160354069547,0.659933824,0.18765728275,0.57496129175,3405.0,4459.0
0.7741500295367286,0.4707765483333333,0.30089728033333335,0.6894470123333334,3405.0,4459.0
0.7478626226699892,0.0208149684,0.3788218958,0.7561752716,3405.0,4459.0
0.6132385698179973,0.0,0.24290406628571432,0.46815316700000004,3405.0,4459.0
0.7793508411988154,0.08669553425,0.1766859,0.40382928575,3405.0,4459.0
0.7853321768462229,0.6726724415,0.08989351416666667,0.28104888433333336,3405.0,4459.0
0.7757954579351584,0.44258334050000003,0.14174819100000002,0.3392387685,3405.0,4459.0
0.755796110861316,0.0232913904,0.24394798980000001,0.41239952139999997,3405.0,4459.0
0.5916545654928651,0.0032411626,0.2177018901,0.36033553100000004,3405.0,4459.0
0.6864824154079883,0.315620844,0.1505191515,0.30724677349999996,3405.0,4459.0
0.6629717441565885,0.6950505212,0.1090979388,0.20199136739999995,3405.0,4459.0
0.658971253765132,0.46595697,0.1523922245,0.20204721650000002,3405.0,4459.0
0.6443597229048674,0.01394632875,0.236591934,0.320841691,3405.0,4459.0
0.5978368535286228,0.004915895142857144,0.14546574599999998,0.20219777928571428,3405.0,4459.0
0.6922344582487328,0.39690210800000003,0.0803051725,0.1186459,3405.0,4459.0
0.661876757399459,0.7427571611666665,0.10169642083333334,0.10646220783333334,3405.0,4459.0
0.6575559535085398,0.2625943545,0.24955715850000001,0.24146149150000001,3405.0,4459.0
0.6507856071228649,0.0,0.33742597950000003,0.47619203399999993,3405.0,4459.0
0.608195163986147,0.0,0.319904786,0.7867485566,3405.0,4459.0
0.7661316285006947,0.009836804666666666,0.35689193433333327,0.839537179,3405.0,4459.0
0.8029926874547905,0.3731532653333333,0.33197793733333336,0.8292869399999999,3405.0,4459.0
0.7866586387277991,0.557760646,0.422212848,0.7555109755,3405.0,4459.0
0.7863435016488559,0.271435522,0.5112525256666667,0.7381129866666667,3405.0,4459.0
0.7569764887771602,0.0,0.49326039224999996,0.61412013175,3405.0,4459.0
0.6128765066477546,0.0,0.3583727142,0.4739224604,3405.0,4459.0
0.7398188557379883,0.0056725112,0.24611692559999998,0.47874432320000004,3405.0,4459.0
0.8264037032131197,0.353255908,0.157885392,0.48408834,3405.0,4459.0
0.7886524389395847,0.7160749016,0.177309212,0.5037974912,3405.0,4459.0
0.7811389787977359,0.4835755955,0.24324480399999998,0.560858689,3405.0,4459.0
0.7610573063090509,0.0179125224,0.325236209,0.5575114494,3405.0,4459.0
0.6090801027827298,0.0,0.25391912283333334,0.37364424216666664,3405.0,4459.0
0.7361654759296498,0.00608089425,0.241132304,0.24142824600000004,3405.0,4459.0
0.7997730078426774,0.40987018233333333,0.17454407633333333,0.16281295799999998,3405.0,4459.0
0.7830209389129033,0.5230083752,0.20096195919999998,0.1327826466,3405.0,4459.0
0.7803006437666382,0.163310095,0.2533044975,0.1987025665,3405.0,4459.0
0.7395793402939761,0.0,0.26089486375,0.2453286095,3405.0,4459.0
0.6106516187004934,0.0,0.19004028028571426,0.218313288,3405.0,4459.0
0.7599694224724131,0.005994009666666667,0.132609537,0.16278621333333335,3405.0,4459.0
0.8105828574890789,0.2688552825,0.07848988500000001,0.133418693,3405.0,4459.0
0.7940967019531416,0.5790349640000001,0.048235623000000005,0.06134729219999999,3405.0,4459.0
0.7897288966342682,0.46160614050000004,0.061586036499999997,0.0830900625,3405.0,4459.0
0.7733245608068676,0.0137703746,0.0888021592,0.12214263560000001,3405.0,4459.0
0.6131821596150043,0.0,0.06280659325,0.22803844025,3405.0,4459.0
0.64503347926543,0.0,0.06684234775,0.34393321499999996,3405.0,4459.0
0.8090607693343229,0.11477365325000001,0.08064280675,0.42861240825,3405.0,4459.0
0.8026805074667523,0.4413217425,0.10971816725,0.504238961,3405.0,4459.0
0.7997448563419871,0.21511625666666667,0.18763004166666666,0.6587385456666667,3405.0,4459.0
0.7757278677275045,0.0032015242,0.21111421260000002,0.7547597402,3405.0,4459.0
0.5938971782337612,0.0,0.1736585068,0.7047076214,3405.0,4459.0
0.6205459947248976,0.0008481386,0.20565725220000003,0.6610803764,3405.0,4459.0
0.7173259365375201,0.224244189,0.16037594233333333,0.5225565153333334,3405.0,4459.0
0.704894337383156,0.35141298725000003,0.16833129725,0.39666797475000004,3405.0,4459.0
0.7304974662028012,0.2159148635,0.238114742,0.5749241380000001,3405.0,4459.0
0.7232164332997763,0.0061180238,0.3529610798,0.7576937121999999,3405.0,4459.0
0.6143185316364954,0.0003363916,0.48426579080000004,0.8378083626999999,3405.0,4459.0
0.7033350342668232,0.104456437,0.5573054725,0.8799000125,3405.0,4459.0
0.7189442425244587,0.221870856,0.5755536944,0.88644514,3405.0,4459.0
0.7325589497482934,0.10960618899999999,0.588479186,0.8932795695,3405.0,4459.0
0.7349047664643487,0.002372755,0.5546677933999999,0.8968127396,3405.0,4459.0
0.6621461371997298,0.0,0.376427108125,0.848076642125,3405.0,4459.0
0.8121463892767057,0.018759859,0.3693467676666667,0.8054308463333334,3405.0,4459.0
0.8570011398208696,0.1371215084,0.41950418899999997,0.7347494544,3405.0,4459.0
0.8565695111246017,0.07412224433333334,0.5305494980000001,0.6934040530000001,3405.0,4459.0
0.8391325210226664,0.0020464706,0.5207791103999999,0.6675203202,3405.0,4459.0
0.6747976884443876,0.0,0.389577131375,0.5477779435,3405.0,4459.0
0.8186454226414576,0.08254265575,0.428723318,0.45703714100000004,3405.0,4459.0
0.8308672118634473,0.3764757186,0.4713809422,0.4877402068,3405.0,4459.0
0.8205406681596888,0.060427938,0.4163520324285714,0.5016968352857142,3405.0,4459.0
0.6543130311414972,0.0,0.3862669971666666,0.510210574,3405.0,4459.0
0.7517359966526004,0.0105112472,0.4340419302,0.554680017,3405.0,4459.0
0.8293883755589107,0.16541965375,0.41562027125,0.47755735250000003,3405.0,4459.0
0.8088512447094237,0.14871386066666667,0.4398451763333333,0.41438540533333335,3405.0,4459.0
0.8001141968719917,0.0099067475,0.4641719916666667,0.440475412,3405.0,4459.0
0.6646049206214916,0.0,0.40439198075000005,0.415698153,3520.0,4609.5
0.6684629805646117,0.0,0.31708352975,0.46984112675,3635.0,4760.0
0.8645957854300396,0.06065253375,0.29718820625,0.4696138945,3635.0,4760.0
0.8536215052768539,0.301648927,0.2793692466,0.4549756514,3635.0,4760.0
0.864840521577156,0.169219436,0.2804125505,0.4594422245,3635.0,4760.0
0.825337243521728,0.001170604,0.23079951166666668,0.3728417808333333,3635.0,4760.0
0.6565101120814492,0.0,0.11316128116666667,0.19629548933333332,3635.0,4760.0
0.8689288464346232,0.09130458020000001,0.0716023272,0.20323666199999998,3635.0,4760.0
0.8629530405791832,0.43662804716666664,0.10739521983333333,0.12151558133333334,3635.0,4760.0
0.8964169205613226,0.057646706250000006,0.2434375615,0.130842125,3635.0,4760.0
0.8248029417081164,0.0,0.26571662833333337,0.15177221233333335,3635.0,4760.0
0.6555665490148351,0.0,0.252587083,0.32260139849999997,3635.0,4760.0
0.7115505178949861,0.044861797999999994,0.23880848825,0.48578378324999993,3635.0,4760.0
0.7582598399917366,0.3943688775,0.136159391,0.494395852,3635.0,4760.0
0.7293715134816604,0.60089953775,0.09373216825,0.41235271825,3635.0,4760.0
0.7573676563490125,0.22784469766666668,0.11097859566666668,0.4139854043333333,3635.0,4760.0
0.7280867262595051,0.0,0.17849156125,0.51410775925,3635.0,4760.0
0.6655872252632696,0.0004894903333333334,0.15276571983333334,0.4970743133333333,3635.0,4760.0
0.7507585009503462,0.32705119200000005,0.12272583866666666,0.44785927833333333,3635.0,4760.0
0.7223479736737743,0.61912580725,0.1038042235,0.40081069924999996,3635.0,4760.0
0.7292340421006638,0.340539892,0.181832127,0.4382836135,3635.0,4760.0
0.7382177600111733,0.0018580996,0.4095468174,0.6282589872,3635.0,4760.0
0.6573729993985814,0.0,0.4961961714285715,0.6589640358571429,3635.0,4760.0
0.845672669758167,0.10054847019999999,0.4459948691999999,0.6002760696,3635.0,4760.0
0.827685527873166,0.40238230566666666,0.3128692398333333,0.37465690216666664,3635.0,4760.0
0.8153594450450129,0.022754993666666667,0.4220647583333334,0.42854893783333337,3635.0,4760.0
0.6536340631947766,0.0,0.4009562055714286,0.3516368008571429,3635.0,4760.0
0.8209856637306068,0.0497959366,0.3803197198,0.427929201,3635.0,4760.0
0.8254675181070009,0.3076252474,0.3664971318,0.5797319320000001,3635.0,4760.0
0.82284913740123,0.04857834071428572,0.4804413611428572,0.8468158835714286,3635.0,4760.0
0.6550739717089243,0.0,0.6384718255,0.8934628588333333,3635.0,4760.0
0.7749131768681398,0.000404184,0.69061145375,0.9102730139999999,3635.0,4760.0
0.8665682457944621,0.0945679725,0.66788885,0.923614281,3635.0,4760.0
0.8532491721390979,0.19030939533333333,0.5797839873333334,0.9133019051666665,3635.0,4760.0
0.8328459013721776,0.018069542833333334,0.44262533783333335,0.7826996218333333,3635.0,4760.0
0.6594378002256954,0.0,0.24567196528571425,0.6557485142857143,3635.0,4760.0
0.8612439312323765,0.103995927,0.2448770502,0.78149893,3635.0,4760.0
0.8637999393464861,0.5255201564,0.22367606780000004,0.7141560591999999,3635.0,4760.0
0.87648558951258,0.0721099272,0.36650595360000005,0.8130630604,3635.0,4760.0
0.6956401216113581,0.0,0.38249296666666666,0.7353185434444444,3635.0,4760.0
0.8520657506442969,0.0535044122,0.298430068,0.654822687,3635.0,4760.0
0.8458923904599763,0.3667827548333333,0.27650705999999997,0.7748174883333334,3635.0,4760.0
0.8401073760425651,0.0207626095,0.47238239516666675,0.8848521451666667,3635.0,4760.0
0.6491058690945694,0.0,0.66525065975,0.8923459177499999,3635.0,4760.0
0.6096454037891647,0.0,0.6935176964,0.8693641692,3635.0,4760.0
0.6868711322516176,0.04942344133333334,0.654849089,0.8400128316666667,3635.0,4760.0
0.7102452815843796,0.17767770557142856,0.6015201078571428,0.8334285452857142,3635.0,4760.0
0.6863288703422379,0.000327591125,0.605127292,0.8678524958749999,3635.0,4760.0
0.6333720652839028,0.04169601977777778,0.618690618,0.8769076108888889,3635.0,4760.0
0.7020236076607723,0.3921844834,0.5446197845999999,0.8066829457999999,3635.0,4760.0
0.7051374133491597,0.05789477285714286,0.4594554924285714,0.5684687847142857,3635.0,4760.0
0.6458142349938178,0.0,0.4493917791428572,0.544972126,3635.0,4760.0
0.8229898522024124,0.06723500099999999,0.46446192119999996,0.6455687313999999,3635.0,4760.0
0.839996780861282,0.3016997633333333,0.3691952608333333,0.6298595151666667,3635.0,4760.0
0.8500561506715845,0.02774402225,0.3199643665,0.6590172129999999,3635.0,4760.0
0.7408936078951024,0.0,0.32870886374999997,0.6943251757500001,3635.0,4760.0
0.6539374955042332,0.0,0.27041224366666666,0.6873756695000001,3635.0,4760.0
0.8483787857031929,0.03530564433333334,0.21163234666666667,0.5743184553333334,3635.0,4760.0
0.856357369517743,0.36602965649999997,0.15676897550000002,0.5267300305,3635.0,4760.0
0.8412485851011873,0.5013919720000001,0.11339427760000001,0.44923883300000006,3635.0,4760.0
0.8685691386356448,0.053804726250000004,0.11068478475,0.369739166,3635.0,4760.0
0.7568217627539022,0.0,0.1661037305,0.51623848075,3635.0,4760.0
0.6685503699774862,0.0,0.179823784,0.5153810356666667,3635.0,4760.0
0.8860542124734777,0.0876891475,0.2384187645,0.59677906975,3635.0,4760.0
0.8520036901611165,0.44578948616666664,0.14542998866666665,0.344040855,3635.0,4760.0
0.8720614471839625,0.04021582575,0.24296121650000002,0.44536799325000004,3635.0,4760.0
0.7574421195971566,0.0,0.28923024775,0.4373828755,3635.0,4760.0
0.6631729830280088,0.0,0.26564378966666663,0.4019113431666667,3635.0,4760.0
0.8765082230563146,0.04273441233333333,0.27670178166666665,0.4666863783333333,3635.0,4760.0
0.8717752821766481,0.4749579325,0.16118095600000001,0.3690192411666666,3635.0,4760.0
0.8687682764263274,0.278153237,0.125533155,0.3042712045,3635.0,4760.0
0.8509980045306618,0.0003307944,0.17983210079999998,0.3304184702,3635.0,4760.0
0.6663018757752203,0.0,0.1289350742857143,0.23235670414285714,3635.0,4760.0
0.8271372685918331,0.0,0.11665940100000001,0.21843189500000001,3635.0,4760.0
0.9057777073826195,0.17454118400000002,0.1106424515,0.25506327549999996,3635.0,4760.0
0.9016685498470198,0.469186833,0.070864157,0.21984341166666665,3635.0,4760.0
0.8731071639707685,0.029244545,0.1981700965714286,0.4159824915714285,3635.0,4760.0
0.6548321520046615,0.0,0.2155361495,0.4778472295,3635.0,4760.0
0.6915433936896966,0.017016511,0.23398344633333332,0.5207412046666667,3635.0,4760.0
0.7761887213536157,0.3113981,0.2159498325,0.519836784,3635.0,4760.0
0.7551192551349193,0.47841122900000005,0.24125921625000002,0.5209987825,3635.0,4760.0
0.7707189179291324,0.2443269485,0.36313090000000003,0.6724061450000001,3635.0,4760.0
0.7606644738235759,0.00017965657142857141,0.5241821307142857,0.8280252161428573,3635.0,4760.0
0.6600251237138979,0.0,0.5225398923333333,0.8528330861666666,3635.0,4760.0
0.7462373172421377,0.1419163265,0.501735665,0.8607937297499999,3635.0,4760.0
0.7649932759826232,0.662339394,0.34220429880000003,0.8055946744,3635.0,4760.0
0.7826861726671825,0.3502946885,0.426765861,0.8708189024999999,3635.0,4760.0
0.7955367397533066,0.0002429418,0.4492895087999999,0.8743858382,3635.0,4760.0
0.7220897698350536,0.0,0.38667511987500003,0.8355512457500001,3635.0,4760.0
0.9300332090034709,0.03958892666666667,0.40504534833333333,0.8344653260000001,3635.0,4760.0
0.93266331879886,0.4698192911666666,0.3751778538333333,0.8064176179999999,3635.0,4760.0
0.9149795084008173,0.06570591242857143,0.422943243,0.8461456202857143,3635.0,4760.0
0.7056377720029426,0.0,0.32154507857142856,0.7410780804285715,3635.0,4760.0
0.904940454693212,0.055953085,0.2204030506,0.5585691740000001,3635.0,4760.0
0.9394321127023189,0.32795074479999997,0.148692,0.30996982440000004,3635.0,4760.0
0.9479721887991946,0.08774062633333334,0.118134153,0.19157773133333333,3635.0,4760.0
0.8812565053745198,0.0,0.11297286440000001,0.1650809044,3635.0,4760.0
0.7101049507709706,0.0,0.13199316928571428,0.3698409552857142,3635.0,4760.0
0.9316422799555992,0.021965421333333332,0.165778565,0.5881169810000001,3635.0,4760.0
0.9312233046450958,0.4519229739999999,0.09451221416666668,0.4620388910000001,3635.0,4760.0
0.9326732250276596,0.246839456,0.0850426685,0.353763003,3635.0,4760.0
0.9024148750321122,0.0,0.183080798,0.49992901300000003,3635.0,4760.0
0.71638738943455,0.0,0.225794639375,0.47544497425,3635.0,4760.0
0.927709594146819,0.08436101325,0.22857322175,0.47119954399999997,3635.0,4760.0
0.9206275926627949,0.44525298516666667,0.11146467316666668,0.34810721149999996,3635.0,4760.0
0.9037540228297051,0.021658284833333333,0.2153849843333333,0.3437862901666667,3635.0,4760.0
0.698177040143193,0.0,0.2807813452857143,0.46692512857142854,3635.0,4760.0
0.8953963873771222,0.0462625822,0.2894619176,0.49159092959999995,3635.0,4760.0
0.9085544740821602,0.2631282748333333,0.2254529388333333,0.4255409261666667,3635.0,4760.0
0.8905654307862648,0.008317227,0.2707006846666667,0.40194668633333336,3635.0,4760.0
0.6696109632388265,0.005451884727272727,0.2760584579090909,0.28171445263636363,3635.0,4760.0
0.7506659440632356,0.3221499335,0.19296703125,0.2563771425,3635.0,4760.0
0.736646941949802,0.3575945123333333,0.13392318233333333,0.20567608433333331,3635.0,4760.0
0.7714374760269997,0.021204125666666667,0.155884735,0.17595366233333334,3635.0,4760.0
0.6607524274004541,0.0,0.24607419828571428,0.26282423085714285,3635.0,4760.0
0.6992419964930496,0.008981199,0.36854403925,0.564526114,3635.0,4760.0
0.7612799219890454,0.1392276676,0.3836912474,0.5990799616,3635.0,4760.0
0.7745555057120228,0.11228887900000001,0.35703657533333333,0.638249106,3635.0,4760.0
0.7865201138130904,0.0,0.27636165274999996,0.5247917355,3635.0,4760.0
0.692571339187817,0.0,0.15482624874999998,0.34778845775000006,3635.0,4760.0
0.8746902928148275,0.005250675,0.12875659525,0.26572339850000004,3635.0,4760.0
0.9150518514733056,0.15789810533333334,0.24718024133333336,0.22046320183333332,3635.0,4760.0
0.9151559706387525,0.0303939552,0.33349807039999996,0.2537217476,3635.0,4760.0
0.8137174320784372,0.0,0.3368990496666667,0.19281342466666665,3635.0,4760.0
0.6685462374424613,0.0,0.28433803966666665,0.17101326016666665,3635.0,4760.0
0.8780974106150164,0.0353844086,0.261784698,0.3835467428,3635.0,4760.0
0.904270407636923,0.255751972,0.31444518759999995,0.7203788696,3635.0,4760.0
0.9128863448733258,0.0863990205,0.334587218,0.8396808904999999,3635.0,4760.0
0.8423949787974399,0.0,0.380779145,0.8175952714285716,3635.0,4760.0
0.664163510623798,0.0,0.385533333,0.7705782862,3635.0,4760.0
0.8543327904039751,0.00868102475,0.36816124575000003,0.7834091757499999,3635.0,4760.0
0.8836064368106505,0.215393421,0.3148548603333333,0.7951202265,3635.0,4760.0
0.8778688245512491,0.089815164,0.327053484,0.7876053845,3635.0,4760.0
0.8508837425846665,0.0,0.3988762376,0.8142711276,3635.0,4760.0
0.6616147908752541,0.0,0.492984638,0.8606752064285714,3635.0,4760.0
0.8330016882690824,0.00828339125,0.63380698075,0.9014542692499999,3635.0,4760.0
0.858458897359877,0.33613494099999996,0.5977815932857142,0.8732295368571429,3635.0,4760.0
0.8392855415893473,0.015483022833333334,0.5490524805,0.8232045926666668,3635.0,4760.0
0.6680595429338125,0.0,0.41320021425000003,0.8257167524999999,3635.0,4760.0
0.8740646553695408,0.0766273738,0.3039947576,0.7347196497999999,3635.0,4760.0
0.8762136229877533,0.24723333616666668,0.2771599261666667,0.7339467361666667,3635.0,4760.0
0.8543326203537207,0.0,0.2807626998333333,0.6485140338333334,3635.0,4760.0
0.6664706396583695,0.0023513808,0.32412021620000003,0.7978958938,3898.7,5105.6
0.7583232400011649,0.13502236866666667,0.42929257183333336,0.8795470485,3928.0,5144.0
0.7555046706121705,0.009075756142857144,0.5352612505714286,0.8610416395714285,3928.0,5144.0
0.6335282070033689,0.0,0.6077150689999999,0.8682505118333333,3928.0,5144.0
0.6659321772323742,0.0034332670000000003,0.6328098409999999,0.872058366,3928.0,5144.0
0.7218207810255045,0.03548782142857143,0.5488960074285715,0.8625151028571428,3928.0,5144.0
0.715948680717543,0.0,0.606276816,0.876699475,3928.0,5144.0
0.6501149443928638,0.0,0.6051963557142858,0.8807505468571428,3928.0,5144.0
0.8385436461104515,0.01104075,0.6086550038,0.8803352669999999,3928.0,5144.0
0.8672494135979146,0.09357476714285716,0.6749920610000001,0.9023766657142859,3928.0,5144.0
0.8487631009584808,0.0,0.6929848003999999,0.8821163572000001,3928.0,5144.0
0.6638579422487518,0.0,0.4498281118571429,0.5466445881428571,3928.0,5144.0
0.8525371344594525,0.003448952,0.26453819025,0.224752262,3928.0,5144.0
0.8905321339408193,0.24492833516666668,0.12663554566666665,0.07767096833333333,3928.0,5144.0
0.9053512210917585,0.12909625600000002,0.0848118165,0.1219839735,3928.0,5144.0
0.8979390353524479,0.0,0.106686162,0.29809652620000004,3928.0,5144.0
0.6860339568385838,0.0,0.17288029157142856,0.5591422275714286,3928.0,5144.0
0.8683018472492406,0.0059225225,0.18815359275,0.6364209187500001,3928.0,5144.0
0.9030541831004769,0.23546115683333335,0.18850069783333334,0.6577574905,3928.0,5144.0
0.9000171481423418,0.079132357,0.2706604525,0.7426476375,3928.0,5144.0
0.8504218392297976,0.0,0.4044769061666667,0.7983428873333334,3928.0,5144.0
0.6476125090640764,0.0,0.45063530933333334,0.7402257363333332,3928.0,5144.0
0.8378430286771904,0.00216269675,0.40135134100000003,0.7206060655,3928.0,5144.0
0.8832406448099801,0.048201887,0.3401767055,0.744027022,3928.0,5144.0
0.8732420875640555,0.11289043116666668,0.400199099,0.8201430065,3928.0,5144.0
0.8659910809733673,0.0,0.35416057349999996,0.795040989,3928.0,5144.0
0.696234997438099,0.0,0.381196713,0.8214994092000001,3928.0,5144.0
0.6462935433901849,0.0,0.415585637,0.8707130633333334,3928.0,5144.0
0.8375946220312755,0.00344048275,0.49821597025,0.88217851375,3928.0,5144.0
0.8822915519379,0.115927315,0.564656857,0.887073921,3928.0,5144.0
0.8780898300824515,0.23393988325,0.6492184085,0.89241961975,3928.0,5144.0
0.8990347436605801,0.1164500655,0.7541156275,0.9098214204999999,3928.0,5144.0
0.8635419598583495,0.0,0.7854758331666667,0.9210924186666668,3928.0,5144.0
0.6634829075653642,0.013955451909090909,0.7139139494545454,0.9278811855454543,3928.0,5144.0
0.7441526279366736,0.17944011149999997,0.7251450706666667,0.9282603721666668,3928.0,5144.0
0.7331718103922997,0.0042580005,0.795285461625,0.9056063326250001,3928.0,5144.0
0.618969777853113,0.0,0.8661494805714286,0.927836998,3928.0,5144.0
0.7207208829207338,0.047740834333333336,0.8731296376666666,0.9242777480000001,3928.0,5144.0
0.7468728677535719,0.24528337785714283,0.8700366031428572,0.9309587134285715,3928.0,5144.0
0.7562181970284481,0.0,0.7612981148,0.9124796984,3928.0,5144.0
0.6666312597141719,0.0,0.5498730971428571,0.759343228857143,3928.0,5144.0
0.8674177586347483,0.00300828475,0.436437902,0.63110589475,3928.0,5144.0
0.921425785169883,0.21683466550000002,0.360237843,0.4701145295,3928.0,5144.0
0.9072197501086918,0.3409444788,0.3263728412,0.35280469579999996,3928.0,5144.0
0.900187653954673,0.01206986857142857,0.21186389685714285,0.2054219902857143,3928.0,5144.0
0.6830805642217722,0.0,0.13200513616666668,0.100344535,3928.0,5144.0
0.9057113946424886,0.0034067465,0.13059394325,0.17235145225,3928.0,5144.0
0.9379060324432036,0.3732730011666667,0.08410838466666666,0.2167887308333333,3928.0,5144.0
0.9422057152927401,0.2233319685,0.0883606275,0.196423821,3928.0,5144.0
0.9170922732199674,0.0,0.14396983966666668,0.368259079,3928.0,5144.0
0.7069799730002306,0.0,0.15384365633333333,0.40874203783333335,3928.0,5144.0
0.9353652918182137,0.0407056022,0.15037942259999998,0.33631713739999997,3928.0,5144.0
0.9622495074488734,0.4088726321666667,0.09355976849999999,0.28089975116666666,3928.0,5144.0
0.9553234111275041,0.0190081205,0.21715408383333337,0.5304176813333333,3928.0,5144.0
0.7354878091412059,0.0,0.3136770332857143,0.736409077,3928.0,5144.0
0.9234002859601861,0.00209595875,0.390398429,0.7988380675,3928.0,5144.0
0.9717915406605859,0.25773957814285714,0.30312287614285716,0.7020505061428572,3928.0,5144.0
0.9567367967073247,0.0069621945,0.35101520583333334,0.6711955226666667,3928.0,5144.0
0.7370275257867627,0.0,0.21812333971428574,0.38390369442857136,3928.0,5144.0
0.9225529465757669,0.002130653,0.18589948125,0.26750927074999997,3928.0,5144.0
0.9787950916644252,0.353027386,0.13324700849999999,0.2721327535,3928.0,5144.0
0.9724144660803173,0.5244236164,0.12147217880000001,0.1355220304,3928.0,5144.0
0.9589534018057445,0.023481244,0.17723613949999997,0.2534777283333333,3928.0,5144.0
0.7134010870538064,0.0,0.18102977850000002,0.6323605915,3928.0,5144.0
0.7778199039430093,0.039975725749999996,0.26781459775,0.8264489755,3928.0,5144.0
0.8207154701695071,0.15744795685714288,0.3253485172857143,0.8409772197142857,3928.0,5144.0
0.8278892329153569,0.0,0.48042582179999993,0.8625611952,3928.0,5144.0
0.6827066982569153,0.0,0.3661787657142857,0.7050157755714286,3928.0,5144.0
0.7417967586487096,0.022476016833333334,0.19491322366666666,0.49641572966666664,3928.0,5144.0
0.7813772610922436,0.12569139525,0.19367836025,0.6218069814999999,3928.0,5144.0
0.8004141641200662,0.044752140499999996,0.236244036,0.7763572605,3928.0,5144.0
0.7987626174693976,0.0,0.35788342160000003,0.8492549551999999,3928.0,5144.0
0.6813275896050813,0.0,0.4557573555714286,0.8425307619999999,3928.0,5144.0
0.8937115202582302,0.0327241084,0.38999504440000005,0.6406564681999999,3928.0,5144.0
0.9128932201394191,0.33892276425,0.28601523325,0.54206431175,3928.0,5144.0
0.9203084043196199,0.16973078966666666,0.24443556533333333,0.629498045,3928.0,5144.0
0.8985121371468549,0.0,0.27529648033333337,0.7462659344999999,3928.0,5144.0
0.68369737623097,0.0,0.3565445938333333,0.8386449973333333,3928.0,5144.0
0.8994191801496516,0.00233995275,0.509297015,0.883789545,3928.0,5144.0
0.9312915395116104,0.30420390599999997,0.5842065853333334,0.9107718231666667,3928.0,5144.0
0.9338694714416521,0.053564578,0.6843412259999999,0.9261368839999999,3928.0,5144.0
0.8673972512287693,0.0,0.6778944153333334,0.9016720936666666,3928.0,5144.0
0.6707988240162087,0.0,0.5596782692857142,0.8633893844285714,3928.0,5144.0
0.8666409990943269,0.021595416200000002,0.4344334624,0.8238702801999999,3928.0,5144.0
0.9059992230139643,0.2517846415,0.3710271643333333,0.7371616911666666,3928.0,5144.0
0.9062940596646466,0.013723467833333334,0.4484677438333333,0.823596447,3928.0,5144.0
0.6877132882670455,0.0,0.4695065641428572,0.887633479,3928.0,5144.0
0.8758659800720839,0.00132520525,0.471055311,0.842675721,3928.0,5144.0
0.9120029945007749,0.25214897328571423,0.4486947102857143,0.8004346034285713,3928.0,5144.0
0.918397355323249,0.02243101625,0.44863335775,0.8404514025,3928.0,5144.0
0.7895204661320758,0.0,0.57068990675,0.8784857385,3928.0,5144.0
0.6470922948054494,0.0,0.6553571892,0.8798610642,3928.0,5144.0
0.8508241098987414,0.006139729,0.7248706520000001,0.877550838,3928.0,5144.0
0.8809935076929176,0.052791300166666666,0.6911649491666667,0.8674407783333334,3928.0,5144.0
0.8626432853849327,0.0024946781666666668,0.6826852969999999,0.8748289675,3928.0,5144.0
0.6349565381860871,0.0,0.6397401186666666,0.8670018938888889,3928.0,5144.0
0.7143367029623419,0.016477738000000002,0.5426305653333333,0.8260310173333334,3928.0,5144.0
0.7337984278164765,0.124644376,0.43009777400000004,0.690906706,3928.0,5144.0
0.7476065357139572,0.0,0.3227962546,0.5753979144000001,3928.0,5144.0
0.6367841036243683,0.0,0.26580735211111106,0.5948602081111111,3928.0,5144.0
0.7228216440422212,0.017150458333333334,0.36931106166666666,0.7133467406666666,3928.0,5144.0
0.7296599866248074,0.11709151442857142,0.4725150190000001,0.7282490094285714,3928.0,5144.0
0.7226753923260809,0.0,0.4620788406,0.6898080716,3928.0,5144.0
0.6548638240067417,0.0,0.38066284571428577,0.43961877428571433,3928.0,5144.0
0.8627122329236597,0.010485581400000001,0.2445896938,0.2107795306,3928.0,5144.0
0.9040481423856531,0.15378717675,0.18158753725,0.15589252175,3928.0,5144.0
0.9109124872890823,0.10987562633333332,0.20310237866666667,0.147081825,3928.0,5144.0
0.8953591398785434,0.0,0.22373094666666668,0.20320685666666663,3928.0,5144.0
0.6996027726017878,0.0,0.18389217283333337,0.21916022300000002,3928.0,5144.0
0.9312932368621996,0.045176490599999994,0.16226347679999997,0.28817266640000005,3928.0,5144.0
0.9554316613026194,0.5266679136000001,0.056127543599999996,0.1976849498,3928.0,5144.0
0.965214552058752,0.29219187,0.1016496325,0.16643467,3928.0,5144.0
0.9340024222160027,0.0,0.16482819516666664,0.25187131533333335,3928.0,5144.0
0.716856069731605,0.0,0.132814627,0.1709724231666667,3928.0,5144.0
0.933798270659438,0.0452727724,0.1502542508,0.1645279492,3928.0,5144.0
0.9694030187685406,0.5272423818333334,0.06607177366666667,0.10147003799999998,3928.0,5144.0
0.9801471619280966,0.036488994,0.12149955975000001,0.13465656825,3928.0,5144.0
0.7753698143756512,0.0,0.09862051700000002,0.11148307355555555,3928.0,5144.0
0.9341753351055203,0.036994891200000005,0.05906532400000001,0.051990535000000004,3928.0,5144.0
0.9726691373994393,0.3243426228571429,0.02511927014285714,0.040039939571428575,3928.0,5144.0
0.935640871905882,0.0,0.034244245,0.024232893833333335,3928.0,5144.0
0.7171112961807052,0.0,0.043427414500000004,0.034455248333333334,3928.0,5144.0
0.924332235073637,0.0008684925,0.0559513525,0.06877453725,3928.0,5144.0
0.974229492431083,0.1468728622,0.050683095600000005,0.0571712488,3928.0,5144.0
0.9746186085536541,0.08363485675,0.08126276225,0.13411404375,3928.0,5144.0
0.9112957971184452,0.0,0.0984921036,0.13940544400000002,3928.0,5144.0
0.671655894852207,0.0,0.0911908805,0.124409291,3928.0,5144.0
0.7182068790379057,0.017693353571428573,0.10882439514285713,0.2358484527142857,3928.0,5144.0
0.7964393619270095,0.29610139533333335,0.10883429500000001,0.4362909748333333,3928.0,5144.0
0.8172197651803618,0.064204396,0.1708639085,0.5078839749999999,3928.0,5144.0
0.787414861257839,0.0,0.1859486862,0.40150122239999997,3928.0,5144.0
0.654503061136401,0.0,0.16306607033333329,0.213257061,3928.0,5144.0
0.7192303321109925,0.00110213075,0.1381336705,0.13602464425,3928.0,5144.0
0.7870779836588468,0.157835308,0.1260111686666667,0.172000312,3928.0,5144.0
0.7685206172101684,0.28034211533333336,0.12288944,0.24429091633333333,3928.0,5144.0
0.782354076669411,0.17002993,0.145900415,0.268471865,3928.0,5144.0
0.7841248088030695,0.0,0.1654808374,0.28243654399999996,3928.0,5144.0
0.6736606007243167,0.0,0.14533380442857144,0.20597275714285715,3928.0,5144.0
0.880565025344815,0.0225015178,0.1492604122,0.18926659219999997,3928.0,5144.0
0.9208904705549776,0.24889163074999998,0.0971576075,0.13577295725,3928.0,5144.0
0.9211768130031013,0.17862132433333333,0.119149277,0.17087211133333335,3928.0,5144.0
0.8478211609039844,0.0,0.1507558367142857,0.23177851057142856,3928.0,5144.0
