Demand,Avail_Sol,Avail_Wind_On,Avail_Wind_Off,Hyd_In,HydRoR_In
0.7736774746391977,0.0,0.332427692,0.818120122,0.0,1323.0
0.7732691990600773,0.0,0.354414862,0.8231332725,0.0,1323.0
0.798365357956463,0.0,0.366138911,0.814173468,0.0,1323.0
0.852490584823218,0.0,0.364281028,0.804088108,0.0,1323.0
0.8874072815035475,0.0,0.356544668,0.793736552,0.0,1323.0
0.8783633445691996,0.0,0.350775739,0.788311011,0.0,1323.0
0.8766328326016443,0.0,0.335011605,0.734521384,0.0,1323.0
0.8782492699643895,0.003855327,0.30751639,0.679009782,0.0,1323.0
0.8775711110445031,0.010149977,0.259201848,0.650830354,0.0,1323.0
0.8768230047741974,0.01288255,0.264187064,0.655791168,0.0,1323.0
0.8763468004464599,0.0070564315,0.2702071715,0.6593685685,0.0,1323.0
0.8795763888869654,0.0,0.282021218,0.688854027,0.0,1323.0
0.8867044291781849,0.0,0.28159051,0.678346615,0.0,1323.0
0.8886578805057348,0.0,0.276219824,0.648085654,0.0,1323.0
0.8875130941278048,0.0,0.266407508,0.604894923,0.0,1323.0
0.8781636430455332,0.0,0.255055253,0.568814885,0.0,1323.0
0.8556944475796113,0.0,0.257239681,0.542702552,0.0,1323.0
0.8188680516794349,0.0,0.270295561,0.530877765,0.0,1323.0
0.7781286038447021,0.0,0.238244395,0.465721829,0.0,1323.0
0.7663882269385638,0.0,0.269812433,0.424669958,0.0,1323.0
0.7571264445109964,0.0,0.2788043035,0.398812497,0.0,1323.0
0.7687362928785998,0.0,0.26609715,0.4271203265,0.0,1323.0
0.8394058603828689,0.0,0.24591253,0.447616442,0.0,1323.0
0.8758683427376179,0.0,0.228294075,0.421763825,0.0,1323.0
0.8677619799082226,0.0,0.214022257,0.383688993,0.0,1323.0
0.864842131330456,0.0,0.1995272915,0.35384096249999997,0.0,1323.0
0.8671840007850771,0.004328869,0.196089687,0.33636422,0.0,1323.0
0.8675933558487914,0.014118725,0.191259093,0.297894425,0.0,1323.0
0.8681054254503666,0.017120704,0.189862484,0.30261919,0.0,1323.0
0.8684936560040939,0.012713944500000001,0.19212058999999998,0.35526355,0.0,1323.0
0.8719159041523147,0.0,0.202636866,0.438375666,0.0,1323.0
0.8783665370675123,0.0,0.214593886,0.491459091,0.0,1323.0
0.8794998689665766,0.0,0.223433906,0.52527231,0.0,1323.0
0.8786372185328564,0.0,0.228347414,0.544640512,0.0,1323.0
0.8668808334923075,0.0,0.2370680895,0.588311901,0.0,1323.0
0.8459351721876435,0.0,0.256536601,0.629384288,0.0,1323.0
0.8109181081372295,0.0,0.268986019,0.654173922,0.0,1323.0
0.7758246185783431,0.0,0.301748542,0.702659052,0.0,1323.0
0.7662543414624181,0.0,0.34292061,0.743689302,0.0,1323.0
0.7577611567551079,0.0,0.376057327,0.766817501,0.0,1323.0
0.7566164641638498,0.0,0.403072616,0.738287925,0.0,1323.0
0.7578658895821488,0.0,0.425990546,0.693953218,0.0,1323.0
0.782214130094195,0.0,0.436343212,0.633121325,0.0,1323.0
0.8399168970805639,0.0,0.447953926,0.570724157,0.0,1323.0
0.8791375522955499,0.0,0.448826984,0.509953014,0.0,1323.0
0.8689215076752478,0.0,0.444047494,0.474601358,0.0,1323.0
0.8647219537142804,0.0,0.43053836,0.459796193,0.0,1323.0
0.867731654300474,0.0,0.411486936,0.443934031,0.0,1323.0
0.8680402668474163,0.005642295,0.377247902,0.417978964,0.0,1323.0
0.8684518752922351,0.02170623,0.328878419,0.373025547,0.0,1323.0
0.8682655061692288,0.030490604,0.299898702,0.358419866,0.0,1323.0
0.8680365110038274,0.018167403,0.268530096,0.377617004,0.0,1323.0
0.8680538809207147,0.004755517,0.236149477,0.420061778,0.0,1323.0
0.8721377634024707,0.0,0.212509682,0.454135835,0.0,1323.0
0.8804215762423709,0.0,0.191319906,0.471251976,0.0,1323.0
0.8831700778209979,0.0,0.173287531,0.483419732,0.0,1323.0
0.8820571195133009,0.0,0.15609643,0.483527149,0.0,1323.0
0.8715271105659335,0.0,0.139140077,0.44890819849999997,0.0,1323.0
0.8521677010710296,0.0,0.118682503,0.40905747,0.0,1323.0
0.8200795935347163,0.0,0.11302248,0.406729275,0.0,1323.0
0.7802865920241012,0.0,0.102982238,0.373551465,0.0,1323.0
0.7704457272295041,0.0,0.103669569,0.360175403,0.0,1323.0
0.7628588046962316,0.0,0.1047996075,0.37272004000000003,0.0,1323.0
0.7776005730020521,0.0,0.104629055,0.41121322849999997,0.0,1323.0
0.8477179330227572,0.0,0.117414541,0.456058881,0.0,1323.0
0.8839632510881473,0.0,0.122624515,0.482363789,0.0,1323.0
0.8743871523208728,0.0,0.127208355,0.515111049,0.0,1323.0
0.8721932519742999,0.0,0.14343837399999998,0.5780628839999999,0.0,1323.0
0.8738770541151417,0.004759005,0.155610659,0.621670097,0.0,1323.0
0.873403760925701,0.010459792,0.153505394,0.639650084,0.0,1323.0
0.8715080512384625,0.014034718,0.184419409,0.7031287399999999,0.0,1323.0
0.8737764994843356,0.0022696785,0.2362979855,0.7440105109999999,0.0,1323.0
0.8824339893748342,0.0,0.26491919,0.758278172,0.0,1323.0
0.8837460861735439,0.0,0.278097985,0.772682963,0.0,1323.0
0.8820571195133009,0.0,0.29389131,0.794450382,0.0,1323.0
0.8707098550697865,0.0,0.321583516,0.8239245215,0.0,1323.0
0.8505028638457424,0.0,0.36001144,0.852643489,0.0,1323.0
0.8173143791711501,0.0,0.388689213,0.867825016,0.0,1323.0
0.7780135432293475,0.0,0.386071659,0.854905365,0.0,1323.0
0.7688283979555088,0.0,0.424599001,0.839433183,0.0,1323.0
0.7606986803690678,0.0,0.4473212945,0.8193127714999999,0.0,1323.0
0.7732748794061742,0.0,0.45662141300000003,0.7744491245,0.0,1323.0
0.8436407162723978,0.0,0.468718982,0.735636101,0.0,1323.0
0.8774130017214851,0.0,0.474461256,0.705648781,0.0,1323.0
0.8669519075332792,0.0,0.479211765,0.687232387,0.0,1323.0
0.8636673000795485,0.0,0.490268902,0.68009453,0.0,1323.0
0.865113376141076,0.0,0.489296403,0.666112198,0.0,1323.0
0.8657235597316313,0.004324014,0.485698259,0.649904355,0.0,1323.0
0.865617934680718,0.010234457,0.443441289,0.585613,0.0,1323.0
0.8652896994610287,0.013206021,0.454629721,0.545696419,0.0,1323.0
0.8654684637354297,0.007109102,0.44707038099999996,0.49358336449999995,0.0,1323.0
0.8690622464561342,0.0,0.440542251,0.439993193,0.0,1323.0
0.876562275325235,0.0,0.428318118,0.397215068,0.0,1323.0
0.8789462068517307,0.0,0.410464321,0.356133582,0.0,1323.0
0.8784658715337167,0.0,0.39432552,0.327616766,0.0,1323.0
0.8668138907542347,0.0,0.37834068600000004,0.3157426295,0.0,1323.0
0.8472646376527515,0.0,0.35516456,0.322653466,0.0,1323.0
0.8141150231769656,0.0,0.338314102,0.33926918,0.0,1323.0
0.7714757343520954,0.0,0.314042626,0.384876945,0.0,1323.0
0.7606122790849237,0.0,0.32615129,0.420050446,0.0,1323.0
0.7554972152714436,0.0,0.326459077,0.45455178,0.0,1323.0
0.7535698650873159,0.0,0.312092189,0.522816536,0.0,1323.0
0.7555574450721616,0.0,0.2904688975,0.602624826,0.0,1323.0
0.785803547357943,0.0,0.281978336,0.6411118760000001,0.0,1323.0
0.8160119530288061,0.0,0.274067917,0.667458591,0.0,1323.0
0.8309438466138438,0.0,0.26587009,0.676775373,0.0,1323.0
0.8352210465605078,0.003753504,0.255440964,0.676575387,0.0,1323.0
0.8354069467501541,0.010327311,0.231959527,0.656557203,0.0,1323.0
0.836209978247013,0.012719476,0.23210064,0.691990811,0.0,1323.0
0.8367752824140686,0.011449451,0.240287414,0.755540772,0.0,1323.0
0.8392916913661422,0.004859411,0.260919875,0.816490759,0.0,1323.0
0.8487179434161962,0.0,0.269690539,0.860330575,0.0,1323.0
0.8642706297401188,0.0,0.287423714,0.879403185,0.0,1323.0
0.8692445790007802,0.0,0.314885841,0.900515988,0.0,1323.0
0.8684597621261004,0.0,0.352075814,0.914945408,0.0,1323.0
0.8653503513017704,0.0,0.41350986,0.920876892,0.0,1323.0
0.8585050096747925,0.0,0.481827459,0.922017477,0.0,1323.0
0.837704782111812,0.0,0.545414711,0.921932538,0.0,1323.0
0.8152266672207666,0.0,0.596278127,0.922066023,0.0,1323.0
0.7909340559605577,0.0,0.593705095,0.922094394,0.0,1323.0
0.781785292412497,0.0,0.644002724,0.928709754,0.0,1323.0
0.7747665854971991,0.0,0.679546692,0.931792059,0.0,1323.0
0.7731784557656448,0.0,0.674590975,0.930009264,0.0,1323.0
0.776531413695394,0.0,0.7015099105,0.930929071,0.0,1323.0
0.7763103997757743,0.0,0.732175677,0.93416143,0.0,1323.0
0.8038470576298348,0.0,0.7322601915,0.933236612,0.0,1323.0
0.8321840246662899,0.0,0.726439571,0.933443363,0.0,1323.0
0.8457997842490134,0.0,0.718271384,0.929778118,0.0,1323.0
0.8497820795087053,0.061022613,0.709344915,0.927369564,0.0,1323.0
0.8473372141562076,0.210421452,0.719097817,0.91281581,0.0,1323.0
0.8461583457016957,0.253990487,0.718115778,0.895993925,0.0,1323.0
0.8466242222411196,0.170926961,0.699611056,0.885660258,0.0,1323.0
0.8476593463645317,0.036848615,0.674071539,0.879600733,0.0,1323.0
0.8547985603998457,0.0,0.66010411,0.843787606,0.0,1323.0
0.8693733943694409,0.0,0.613641626,0.784749361,0.0,1323.0
0.8720917579136632,0.0,0.562112499,0.745444134,0.0,1323.0
0.8705752655683566,0.0,0.518824042,0.735312918,0.0,1323.0
0.86372466626055,0.0,0.45722316399999996,0.651734885,0.0,1323.0
0.8238709184972769,0.0,0.40900555699999996,0.621394444,0.0,1323.0
0.7828330686705756,0.0,0.439516989,0.73566107,0.0,1323.0
0.7714261612182874,0.0,0.5465359775,0.8358255425,0.0,1323.0
0.7865690229198914,0.0,0.615352473,0.905157165,0.0,1323.0
0.8556591450258053,0.0,0.634133578,0.91341502,0.0,1323.0
0.8927196999855401,0.0,0.650306857,0.91920106,0.0,1323.0
0.8844730673086181,0.0,0.665086951,0.921946177,0.0,1323.0
0.8844322726073034,0.0,0.655364827,0.923618496,0.0,1323.0
0.8882122843962507,0.065304823,0.631336372,0.915669538,0.0,1323.0
0.8871684281084365,0.224894625,0.589317506,0.895500585,0.0,1323.0
0.8868974646578323,0.287814433,0.590144632,0.861371009,0.0,1323.0
0.8862445618634542,0.225345565,0.591749817,0.824473939,0.0,1323.0
0.8871481483037414,0.067582242,0.570090406,0.810181639,0.0,1323.0
0.8930094407783551,0.0,0.561241636,0.815196163,0.0,1323.0
0.9017954643648766,0.0,0.556012438,0.770273479,0.0,1323.0
0.9035952199701897,0.0,0.531889715,0.743771537,0.0,1323.0
0.9016122871149386,0.0,0.528455688,0.749532677,0.0,1323.0
0.8942683020737177,0.0,0.5342204835,0.7053760204999999,0.0,1323.0
0.8755295915310266,0.0,0.537087468,0.689626694,0.0,1323.0
0.8447490740312142,0.0,0.535345459,0.678347364,0.0,1323.0
0.7967616427557661,0.0,0.546119072,0.651027065,0.0,1323.0
0.7874404524113494,0.0,0.529858009,0.616860383,0.0,1323.0
0.7767850544350693,0.0,0.5144676804999999,0.5905311805,0.0,1323.0
0.7855760546550259,0.0,0.45528651600000003,0.5101496480000001,0.0,1323.0
0.8518327994946989,0.0,0.411446765,0.502450038,0.0,1323.0
0.8889224595849582,0.0,0.381634203,0.527046483,0.0,1323.0
0.8800088404817555,0.0,0.335297523,0.522537783,0.0,1323.0
0.8802904130806892,0.0,0.30496739250000005,0.510727562,0.0,1323.0
0.8840880292532034,0.036506199,0.271673211,0.530335946,0.0,1323.0
0.8807951598189198,0.126272726,0.225448376,0.498829288,0.0,1323.0
0.8774379761743551,0.1828213525,0.1949973025,0.5225295245,0.0,1323.0
0.8779228185672003,0.064049577,0.177671531,0.501752078,0.0,1323.0
0.8851823033801173,0.001182198,0.162854474,0.439471846,0.0,1323.0
0.8943595624453349,0.0,0.144479678,0.370445974,0.0,1323.0
0.8963782661625073,0.0,0.132408421,0.291374092,0.0,1323.0
0.8961196963079772,0.0,0.12413094,0.212653882,0.0,1323.0
0.8895450833523013,0.0,0.121482506,0.1426075525,0.0,1323.0
0.8715907670190218,0.0,0.120122686,0.116605578,0.0,1323.0
0.843192397223205,0.0,0.119299999,0.120235631,0.0,1323.0
0.7974686254461609,0.0,0.122289531,0.129555058,0.0,1323.0
0.7890509277553596,0.0,0.132920892,0.146016358,0.0,1323.0
0.7809071502963061,0.0,0.13642998150000002,0.14301629249999998,0.0,1323.0
0.7947605896902524,0.0,0.125270712,0.1215599335,0.0,1323.0
0.8619855631212229,0.0,0.119166595,0.104021238,0.0,1323.0
0.8966359913117453,0.0,0.116749509,0.082127655,0.0,1323.0
0.8877338266874085,0.0,0.109727845,0.056669749,0.0,1323.0
0.8857508006707301,0.0,0.104418323,0.03666282,0.0,1323.0
0.8884100142114507,0.001149424,0.100704158,0.027387489,0.0,1323.0
0.8910081063528256,0.047253288,0.096183815,0.027681156,0.0,1323.0
0.8909782496784366,0.108045555,0.107368161,0.033890497,0.0,1323.0
0.8909366565399216,0.111570478,0.10037537,0.027820046,0.0,1323.0
0.8903818677345237,0.072541787,0.097132321,0.023004173,0.0,1323.0
0.8911802980572572,0.029781992,0.093602809,0.023923719,0.0,1323.0
0.8941075645355298,0.0,0.089062587,0.029047587,0.0,1323.0
0.9021727099983421,0.0,0.08019781,0.034502321,0.0,1323.0
0.9040926425945862,0.0,0.076901059,0.03872981,0.0,1323.0
0.9028146278724584,0.0,0.070722546,0.044032632,0.0,1323.0
0.8973241963473071,0.0,0.060181418,0.041906229,0.0,1323.0
0.88009578197713,0.0,0.051575582,0.035043184,0.0,1323.0
0.8491714263595459,0.0,0.047015601,0.032690251,0.0,1323.0
0.8023222088920585,0.0,0.044331672,0.043255264,0.0,1323.0
0.7907648916898962,0.0,0.03849039,0.0564177285,0.0,1323.0
0.7884542638261861,0.0,0.03734965,0.06978849749999999,0.0,1323.0
0.8428336950905149,0.0,0.039107164,0.075729717,0.0,1323.0
0.9054752500889915,0.0,0.043510349,0.085717108,0.0,1323.0
0.8951303894747841,0.0,0.045383141,0.097117473,0.0,1323.0
0.8920835559315703,0.0,0.048497067,0.1150434605,0.0,1323.0
0.8943804055953062,0.01064739,0.047929702,0.131922132,0.0,1323.0
0.893709288178749,0.027087955,0.066187049,0.199104713,0.0,1323.0
0.8929054119765981,0.034988153,0.058893305,0.190886353,0.0,1323.0
0.8915088155748291,0.018340009,0.058884153,0.1840219515,0.0,1323.0
0.8948256265581027,0.0,0.063977424,0.190961317,0.0,1323.0
0.9027273112303963,0.0,0.072562661,0.202400105,0.0,1323.0
0.9044276379575887,0.0,0.083439843,0.223854774,0.0,1323.0
0.902631732607781,0.0,0.096693445,0.263769551,0.0,1323.0
0.8959885337715399,0.0,0.112943725,0.320692655,0.0,1323.0
0.8777639583255623,0.0,0.126717713,0.361471773,0.0,1323.0
0.8471247435771568,0.0,0.13647673,0.379258063,0.0,1323.0
0.7996728535810476,0.0,0.161881072,0.375508277,0.0,1323.0
0.7911916866978793,0.0,0.175879051,0.388550089,0.0,1323.0
0.783291175609474,0.0,0.191556633,0.4125912745,0.0,1323.0
0.7978871350269232,0.0,0.20249256,0.439284294,0.0,1323.0
0.8672069091175643,0.0,0.2088116,0.460447181,0.0,1323.0
0.9024303407356639,0.0,0.20857917,0.458301373,0.0,1323.0
0.8932359005773919,0.0,0.219312039,0.456007002,0.0,1323.0
0.891988868907583,0.0,0.2409617265,0.4639490045,0.0,1323.0
0.8943804055953062,0.023075192,0.257373396,0.480531576,0.0,1323.0
0.8931908342057928,0.043380408,0.249588978,0.485301397,0.0,1323.0
0.8916480522058533,0.054439253,0.265850163,0.499753298,0.0,1323.0
0.8915492813975474,0.027312101999999998,0.2773425995,0.49868725,0.0,1323.0
0.8972558449334217,0.0,0.293334731,0.493971685,0.0,1323.0
0.9044085786301178,0.0,0.296707775,0.478769692,0.0,1323.0
0.9069689272632383,0.0,0.297168145,0.470923942,0.0,1323.0
0.9052885989807251,0.0,0.292463349,0.460313605,0.0,1323.0
0.8980503324644671,0.0,0.27772673800000003,0.451174957,0.0,1323.0
0.8797771230018899,0.0,0.265464937,0.444104473,0.0,1323.0
0.8489562328407867,0.0,0.260695691,0.43183186,0.0,1323.0
0.7932107668122285,0.0,0.22941631,0.385352714,0.0,1323.0
0.7799956304414398,0.0,0.227111428,0.37230523449999997,0.0,1323.0
0.7748128023186407,0.0,0.2106893245,0.35049769399999997,0.0,1323.0
0.7773760142588555,0.0,0.188543452,0.3783928505,0.0,1323.0
0.8043606296938943,0.0,0.1643387255,0.3644872885,0.0,1323.0
0.8407113374056512,0.0,0.14201917149999999,0.363048523,0.0,1323.0
0.8517786258120104,0.01761928,0.131000278,0.360654949,0.0,1323.0
0.8502962149180411,0.048950412,0.122542036,0.36128164,0.0,1323.0
0.8498571901280372,0.043424941,0.11514529,0.36904455,0.0,1323.0
0.8508723633253505,0.0439491755,0.1165029735,0.384988785,0.0,1323.0
0.8590930358514804,0.001151464,0.13043441,0.396349643,0.0,1323.0
0.8728984508421946,0.0,0.132659054,0.385058269,0.0,1323.0
0.876288588934922,0.0,0.144940795,0.400499775,0.0,1323.0
0.8742528910727949,0.0,0.151860418,0.412891174,0.0,1323.0
0.8682001124743541,0.0,0.15770258599999998,0.45791248149999997,0.0,1323.0
0.8429464085380931,0.0,0.157139679,0.482841436,0.0,1323.0
0.8174517385056245,0.0,0.157633369,0.488854888,0.0,1323.0
0.7920698294393146,0.0,0.145578641,0.446556545,0.0,1323.0
0.7788615469985112,0.0,0.161223058,0.4593944605,0.0,1323.0
0.7736700573639365,0.0,0.168897609,0.506077315,0.0,1323.0
0.7765800014439022,0.0,0.185097839,0.544343138,0.0,1323.0
0.7839528805956355,0.0,0.2097035995,0.5801744705,0.0,1323.0
0.8226600343991881,0.0,0.2292797065,0.6309164869999999,0.0,1323.0
0.8457997842490134,0.001359793,0.256916108,0.678790288,0.0,1323.0
0.8503071998383028,0.026974879,0.270044267,0.700431514,0.0,1323.0
0.849442014038218,0.067323967,0.255300941,0.716155423,0.0,1323.0
0.8494741240937111,0.074945504,0.275507975,0.723416971,0.0,1323.0
0.8511851543811497,0.042428416000000004,0.3037245595,0.725758201,0.0,1323.0
0.8593538590871148,0.001410326,0.332498246,0.738092254,0.0,1323.0
0.8738711393023648,0.0,0.348330021,0.757708421,0.0,1323.0
0.8770704952965493,0.0,0.37097764,0.775349492,0.0,1323.0
0.8754732582539054,0.0,0.392284198,0.785938527,0.0,1323.0
0.8698829761232321,0.0,0.4245813515,0.800391003,0.0,1323.0
0.833088831271179,0.0,0.453525277,0.8261046620000001,0.0,1323.0
0.802150580532903,0.0,0.433084025,0.806212284,0.0,1323.0
0.7917420634656073,0.0,0.4642872745,0.825896752,0.0,1323.0
0.7893290733893006,0.0,0.4906880135,0.835350492,0.0,1323.0
0.8181984367253622,0.0,0.494468049,0.848219217,0.0,1323.0
0.8726058933229991,0.0,0.503191445,0.856659215,0.0,1323.0
0.9087649270249626,0.0,0.511291572,0.864844287,0.0,1323.0
0.8985105755511301,0.0,0.521697723,0.871730298,0.0,1323.0
0.8963418844367295,0.00050463,0.536598232,0.8858786350000001,0.0,1323.0
0.8979848918762565,0.011115216,0.55016524,0.894600273,0.0,1323.0
0.8975076552698832,0.03499548,0.489137645,0.869801424,0.0,1323.0
0.8971905925437994,0.047665515,0.510711089,0.871821694,0.0,1323.0
0.897324149141349,0.0203372805,0.496492335,0.8739235385,0.0,1323.0
0.9016500306231929,0.001139142,0.494030377,0.878897075,0.0,1323.0
0.9112862178859328,0.0,0.512141434,0.888687584,0.0,1323.0
0.9126072337971437,0.0,0.520276129,0.897826974,0.0,1323.0
0.9116629001741223,0.0,0.532310457,0.905163313,0.0,1323.0
0.9046259783240231,0.0,0.55408713,0.9160994579999999,0.0,1323.0
0.8849857940421413,0.0,0.568486852,0.923480556,0.0,1323.0
0.8528759986505648,0.0,0.582598265,0.927353568,0.0,1323.0
0.8087642040547709,0.0,0.502191921,0.918249477,0.0,1323.0
0.8005171024444891,0.0,0.53833946,0.925153221,0.0,1323.0
0.793020078187735,0.0,0.581101264,0.931306704,0.0,1323.0
0.8072956420134021,0.0,0.6209177945,0.9340982115,0.0,1323.0
0.8746557686037008,0.0,0.648846986,0.93534663,0.0,1323.0
0.9105227137198285,0.0,0.672202711,0.935569125,0.0,1323.0
0.9021298025959309,0.0,0.689419987,0.935543588,0.0,1323.0
0.8988145406558555,0.000605493,0.711778146,0.9336137755,0.0,1323.0
0.8992728592400102,0.016833537,0.72766254,0.929599884,0.0,1323.0
0.8983267411692442,0.03165353,0.596993271,0.926823569,0.0,1323.0
0.8968830129007375,0.044708602,0.692640563,0.92944283,0.0,1323.0
0.8949221442979264,0.048559282,0.737556943,0.928950261,0.0,1323.0
0.8973705772954246,0.03189509,0.7615706790000001,0.9272524865,0.0,1323.0
0.9072993220773601,0.0,0.766393155,0.922069524,0.0,1323.0
0.9089998370031409,0.0,0.767550525,0.917906584,0.0,1323.0
0.9071162392393386,0.0,0.770016653,0.919456041,0.0,1323.0
0.9008606604055907,0.0,0.7668507795,0.9237672674999999,0.0,1323.0
0.8821112931959896,0.0,0.756920339,0.923980313,0.0,1323.0
0.8505887724372366,0.0,0.752131116,0.922546463,0.0,1323.0
0.8073204751610199,0.0,0.728268936,0.923040704,0.0,1323.0
0.8001263371496417,0.0,0.72969383,0.926127638,0.0,1323.0
0.7934415451748856,0.0,0.7250504785,0.9245217895,0.0,1323.0
0.8081387166677112,0.0,0.689934296,0.9192261315,0.0,1323.0
0.87534040568164,0.0,0.645820239,0.923289006,0.0,1323.0
0.9124687477721172,0.0,0.626847413,0.928918463,0.0,1323.0
0.9036382205340283,0.0,0.600875281,0.93060266,0.0,1323.0
0.899904590318443,0.0007859075,0.5656166775,0.9243655405,0.0,1323.0
0.9003294842705862,0.028682388,0.528586379,0.906161383,0.0,1323.0
0.9000090414728459,0.079114078,0.420155818,0.863319052,0.0,1323.0
0.8997414580938983,0.081093156,0.433473826,0.84580162,0.0,1323.0
0.8985985024318044,0.0565733185,0.432929257,0.8145774365,0.0,1323.0
0.9027667447744788,0.002613205,0.431481914,0.798852005,0.0,1323.0
0.911870957777636,0.0,0.425321262,0.784318737,0.0,1323.0
0.9129781888459003,0.0,0.415010146,0.760733922,0.0,1323.0
0.9118859799015024,0.0,0.400598427,0.721798109,0.0,1323.0
0.9039143947721253,0.0,0.3800976775,0.6609365465,0.0,1323.0
0.8822819830631812,0.0,0.375473069,0.61119522,0.0,1323.0
0.8500584882134823,0.0,0.37126396,0.586623994,0.0,1323.0
0.8045776070351539,0.0,0.342545729,0.517631732,0.0,1323.0
0.7957843537467151,0.0,0.348933564,0.496792945,0.0,1323.0
0.7865987151549821,0.0,0.35383523699999997,0.47238055050000005,0.0,1323.0
0.8003479147271597,0.0,0.347177867,0.44634114199999997,0.0,1323.0
0.8671913236484218,0.0,0.350597931,0.414074439,0.0,1323.0
0.9030367691078748,0.0,0.357158065,0.39635737,0.0,1323.0
0.8940125492581904,0.0,0.357667741,0.395584493,0.0,1323.0
0.8913426321572239,0.0,0.358291107,0.398046742,0.0,1323.0
0.8925016897404003,0.001621335,0.350098654,0.394803892,0.0,1323.0
0.8943804055953062,0.014426681,0.333682271,0.385915962,0.0,1323.0
0.8943526147286779,0.028341598,0.270837277,0.351196484,0.0,1323.0
0.8940355520025941,0.028643465,0.272937813,0.338865103,0.0,1323.0
0.8938585243447351,0.019383535,0.26485169,0.3259267885,0.0,1323.0
0.8970829960970421,0.00240789,0.260011944,0.310205601,0.0,1323.0
0.9058509932599726,0.0,0.245809225,0.306986803,0.0,1323.0
0.9087339436600215,0.0,0.229844409,0.307387149,0.0,1323.0
0.9086616491418257,0.0,0.206000963,0.298440354,0.0,1323.0
0.9032645431708077,0.0,0.174303345,0.2693428525,0.0,1323.0
0.8848782913820559,0.0,0.15635088,0.230053385,0.0,1323.0
0.8533251624050496,0.0,0.148046435,0.209857724,0.0,1323.0
0.8120890897578761,0.0,0.140864123,0.185898222,0.0,1323.0
0.8020769714381888,0.0,0.1209413255,0.167234222,0.0,1323.0
0.8087345666327795,0.0,0.09678401933333335,0.121261362,0.0,1323.0
0.8825019647041651,0.0,0.082988268,0.094777269,0.0,1323.0
0.9185246719755347,0.0,0.083134377,0.09154857,0.0,1323.0
0.9099543108411322,0.0,0.082427961,0.089406942,0.0,1323.0
0.9030374731331587,0.0011360245,0.08851890000000001,0.0945668875,0.0,1323.0
0.900403843971298,0.045036041,0.082864387,0.105587421,0.0,1323.0
0.8977219096714341,0.060331147,0.07287862,0.081125163,0.0,1323.0
0.8945291256219744,0.08754035,0.062810167,0.073392896,0.0,1323.0
0.8931466125394856,0.069955471,0.063983282,0.057851182,0.0,1323.0
0.8940983634377682,0.057231293,0.081696665,0.052723752,0.0,1323.0
0.8972372551645549,0.004969637,0.094544873,0.060082715,0.0,1323.0
0.907033616932829,0.0,0.098793266,0.075297714,0.0,1323.0
0.9087339436600215,0.0,0.093185093,0.089765691,0.0,1323.0
0.9080300590560231,0.0,0.085493246,0.101504483,0.0,1323.0
0.9002449840422821,0.0,0.0850960825,0.1129687255,0.0,1323.0
0.8805340545980249,0.0,0.095284335,0.123025162,0.0,1323.0
0.8491714263595459,0.0,0.100273982,0.134812563,0.0,1323.0
0.7955355483352227,0.0,0.104188112,0.141045763,0.0,1323.0
0.7869350485411709,0.0,0.105715899,0.154707026,0.0,1323.0
0.7794553473079681,0.0,0.106417607,0.172043921,0.0,1323.0
0.7784716267215779,0.0,0.103655123,0.165451943,0.0,1323.0
0.7809263271697393,0.0,0.10289446599999999,0.1624238925,0.0,1323.0
0.807407134671134,0.0,0.100552789,0.16737513199999998,0.0,1323.0
0.8434841566178224,0.0017173645,0.098088802,0.156664793,0.0,1323.0
0.852757040886369,0.060194394,0.095213809,0.120914923,0.0,1323.0
0.8522665659786296,0.11319521,0.094888755,0.104085089,0.0,1323.0
0.8519469685114257,0.132829603,0.084665992,0.094576703,0.0,1323.0
0.85175224299595,0.119807524,0.076675251,0.080392299,0.0,1323.0
0.8539928059632783,0.063086971,0.087273987,0.080830086,0.0,1323.0
0.8610125933010367,0.007687125,0.087313575,0.071647777,0.0,1323.0
0.8757587742697719,0.0,0.092073569,0.072726294,0.0,1323.0
0.8794708576227241,0.0,0.092609688,0.066394296,0.0,1323.0
0.8788170157111377,0.0,0.092622517,0.060849953,0.0,1323.0
0.8749293136887613,0.0,0.08907383699999999,0.0483698925,0.0,1323.0
0.8367281033413729,0.0,0.08774454849999999,0.037277604,0.0,1323.0
0.7954923123668374,0.0,0.07579549099999999,0.068497952,0.0,1323.0
0.7842464478846656,0.0,0.0780002575,0.062976555,0.0,1323.0
0.7854348694495811,0.0,0.079752799,0.0625550435,0.0,1323.0
0.7922492039523277,0.0,0.07864816150000001,0.07173645049999999,0.0,1323.0
0.8238499815606337,0.0,0.078297562,0.0761577,0.0,1323.0
0.8419548483237955,0.0,0.076292916,0.074909058,0.0,1323.0
0.8565122192150764,0.002771676,0.074777505,0.077799201,0.0,1323.0
0.8591995993943575,0.033337438,0.065014465,0.081732932,0.0,1323.0
0.858285216232397,0.04593781,0.054354289,0.082107926,0.0,1323.0
0.857210846138246,0.063068631,0.04733336,0.087211075,0.0,1323.0
0.8564269683807746,0.085836576,0.048967012,0.109811771,0.0,1323.0
0.8599754033698641,0.045056523,0.06141218,0.127959065,0.0,1323.0
0.867186816886213,0.006516948,0.068974748,0.13499448,0.0,1323.0
0.8829792957224548,0.0,0.069465922,0.139639326,0.0,1323.0
0.8856508090725779,0.0,0.065990325,0.151093928,0.0,1323.0
0.8849693638677069,0.0,0.062491881,0.171202669,0.0,1323.0
0.882758656949523,0.0,0.06196957,0.187389704,0.0,1323.0
0.8775200354482108,0.0,0.066977781,0.205978031,0.0,1323.0
0.8407055635855045,0.0,0.0720539575,0.2425799395,0.0,1323.0
0.8145310445973214,0.0,0.113963916,0.345877522,0.0,1323.0
0.7997241639566419,0.0,0.109339979,0.34140027100000003,0.0,1323.0
0.8118877919850532,0.0,0.098711835,0.3517693975,0.0,1323.0
0.8767232007493891,0.0,0.099991169,0.361051634,0.0,1323.0
0.912731730602184,0.0,0.096500349,0.361288536,0.0,1323.0
0.904016592858046,0.0,0.096816203,0.352510191,0.0,1323.0
0.9009848752253707,0.002092445,0.0851558615,0.3257791845,0.0,1323.0
0.9007616545053605,0.048928196,0.06348611,0.303197896,0.0,1323.0
0.8989541064780983,0.079775358,0.063438268,0.306986113,0.0,1323.0
0.8986247445678568,0.083034125,0.053382803,0.299568136,0.0,1323.0
0.8973443820527082,0.072233512,0.054910834,0.296794459,0.0,1323.0
0.8986542254703134,0.05226514,0.062449245,0.297085938,0.0,1323.0
0.911076517452549,0.0040636715,0.08202357099999999,0.289572629,0.0,1323.0
0.919655657332067,0.0,0.090097271,0.259877531,0.0,1323.0
0.9186963009599347,0.0,0.091465384,0.232677917,0.0,1323.0
0.9155247358323786,0.0,0.095319836,0.205553375,0.0,1323.0
0.91041962403528,0.0,0.097270444,0.184474928,0.0,1323.0
0.8945789807410426,0.0,0.105802302,0.180196227,0.0,1323.0
0.8607084868910589,0.0,0.116155312,0.181464773,0.0,1323.0
0.828102770712326,0.0,0.190531305,0.212641304,0.0,1323.0
0.8209543555792504,0.0,0.197698589,0.227282485,0.0,1323.0
0.8158416858268825,0.0,0.20229148749999998,0.2213562855,0.0,1323.0
0.8326506990176696,0.0,0.20731403399999998,0.2409602025,0.0,1323.0
0.90113908771217,0.0,0.2090303,0.253818941,0.0,1323.0
0.9329167988790408,0.0,0.205627602,0.265102858,0.0,1323.0
0.9230299279703916,0.0,0.193323261,0.273485037,0.0,1323.0
0.9159916452756828,0.0,0.188349864,0.283912706,0.0,1323.0
0.9108736703239058,0.00733571,0.190638773,0.296897857,0.0,1323.0
0.9102555061128131,0.05160654,0.182469015,0.312151288,0.0,1323.0
0.9069981268056792,0.085193794,0.193182578,0.324961091,0.0,1323.0
0.9048304210765783,0.083681322,0.186383709,0.337004043,0.0,1323.0
0.9041270060311839,0.069722241,0.187914974,0.334574265,0.0,1323.0
0.9050538765758908,0.038414635,0.198190664,0.373137503,0.0,1323.0
0.906909308326377,0.008770865,0.2021997,0.421919939,0.0,1323.0
0.9144142184791297,0.0,0.22705776,0.50841172,0.0,1323.0
0.9139846773973921,0.0,0.254019094,0.563118183,0.0,1323.0
0.9118859799015024,0.0,0.283762038,0.604425866,0.0,1323.0
0.9020088737485132,0.0,0.3113882955,0.652953429,0.0,1323.0
0.8788615187374607,0.0,0.33923223,0.715024,0.0,1323.0
0.845048861252327,0.0,0.37401568,0.744701262,0.0,1323.0
0.7978569497865602,0.0,0.40107323,0.752584703,0.0,1323.0
0.7837716284734504,0.0,0.449640528,0.8065982775,0.0,1323.0
0.7790232236539075,0.0,0.516799112,0.86617999,0.0,1323.0
0.7945579776535335,0.0,0.5892558674999999,0.907660234,0.0,1323.0
0.8628390124571815,0.0,0.661084086,0.926261018,0.0,1323.0
0.8993843053170284,0.0,0.700812154,0.932525127,0.0,1323.0
0.8899016262031814,0.0,0.735528638,0.935049187,0.0,1323.0
0.8882033177651689,0.0010185435,0.7679298324999999,0.9362281545,0.0,1323.0
0.8911188008859792,0.007818741,0.786895584,0.935480855,0.0,1323.0
0.8909782496784366,0.012194451,0.755412358,0.931356542,0.0,1323.0
0.890914123354122,0.014803906,0.780400168,0.923195416,0.0,1323.0
0.8887364656086397,0.014348419,0.781246688,0.907112777,0.0,1323.0
0.8871481483037414,0.010071464,0.76553035,0.901708309,0.0,1323.0
0.8891451635404061,0.003400825,0.739799926,0.894265714,0.0,1323.0
0.8943595624453349,0.0,0.716558106,0.901935544,0.0,1323.0
0.8943319591520504,0.0,0.69654897,0.906117288,0.0,1323.0
0.8875130941278048,0.0,0.681840332,0.916170298,0.0,1323.0
0.8713502239007047,0.0,0.7007726835000001,0.9284630195,0.0,1323.0
0.8494194808524184,0.0,0.729808997,0.92267735,0.0,1323.0
0.8149926957345522,0.0,0.750470639,0.871118862,0.0,1323.0
0.776590235445544,0.0,0.748559031,0.919785824,0.0,1323.0
0.7655620051239573,0.0,0.803371621,0.931873654,0.0,1323.0
0.7558547438202456,0.0,0.837996681,0.931749587,0.0,1323.0
0.753558246169152,0.0,0.872686773,0.9362855994999999,0.0,1323.0
0.7770325458952879,0.0,0.875455393,0.936388713,0.0,1323.0
0.8388395226866887,0.0,0.866975292,0.934657169,0.0,1323.0
0.8749167794126791,0.0,0.85505927,0.936084973,0.0,1323.0
0.8672861513524173,0.0,0.842788905,0.932867264,0.0,1323.0
0.8627256887709913,0.001636808,0.8278217175,0.915646389,0.0,1323.0
0.8602620454510382,0.024229059,0.817837868,0.906952429,0.0,1323.0
0.8598035861868757,0.033077338,0.773175388,0.929717071,0.0,1323.0
0.8592779969239185,0.047296057,0.801572281,0.933122375,0.0,1323.0
0.8588483614302644,0.059834482,0.830136911,0.936633708,0.0,1323.0
0.8589000941585049,0.035604169,0.833207014,0.937123593,0.0,1323.0
0.8640380669297169,0.018478835,0.822314323,0.937018559,0.0,1323.0
0.8719000366979119,0.0,0.822052908,0.936272064,0.0,1323.0
0.8744146618274853,0.0,0.819302897,0.93122172,0.0,1323.0
0.8746686311331346,0.0,0.811558522,0.921817005,0.0,1323.0
0.8649291190939219,0.0,0.7881155685000001,0.9211597615,0.0,1323.0
0.8454785905326531,0.0,0.76722225,0.914173676,0.0,1323.0
0.8109420499988416,0.0,0.757225154,0.917703278,0.0,1323.0
0.7751702133214806,0.0,0.735013341,0.918638506,0.0,1323.0
0.7661082030702059,0.0,0.70906431,0.883523363,0.0,1323.0
0.7573463323653085,0.0,0.668268781,0.8509912075,0.0,1323.0
0.7700865083322515,0.0,0.6306979715000001,0.8170476345,0.0,1323.0
0.8401036419755022,0.0,0.596306127,0.756445409,0.0,1323.0
0.8751803255880221,0.0,0.548145528,0.724389276,0.0,1323.0
0.8678853500227108,0.0,0.499819586,0.703095015,0.0,1323.0
0.8647305911541436,0.003215254,0.4512685945,0.6833009405,0.0,1323.0
0.8658188569942309,0.086527943,0.404676988,0.677948583,0.0,1323.0
0.8660833416615378,0.151252576,0.355221537,0.650644738,0.0,1323.0
0.8651111227599716,0.131158222,0.337296142,0.621366503,0.0,1323.0
0.8646261868930767,0.11960954,0.331551937,0.605572539,0.0,1323.0
0.8657433699777223,0.047012608,0.32807873,0.575001995,0.0,1323.0
0.8697501704443025,0.009267906,0.323250858,0.542578574,0.0,1323.0
0.8784216498674094,0.0,0.310792393,0.509820576,0.0,1323.0
0.8795048452873896,0.0,0.296262294,0.47797945,0.0,1323.0
0.8786095214528999,0.0,0.283285554,0.457648126,0.0,1323.0
0.8688590241808032,0.0,0.25687563999999996,0.41673611,0.0,1323.0
0.8495589997813252,0.0,0.226972537,0.377198439,0.0,1323.0
0.8165035552523423,0.0,0.209226351,0.353463658,0.0,1323.0
0.7717704983590593,0.0,0.187930769,0.328066056,0.0,1323.0
0.7616838324526941,0.0,0.187868125,0.280216152,0.0,1323.0
0.7540374551092361,0.0,0.1599066585,0.237224267,0.0,1323.0
0.7538803321093847,0.0,0.11764256249999999,0.2056470085,0.0,1323.0
0.7612546433835985,0.0,0.0897070975,0.189954488,0.0,1323.0
0.7956193911189563,0.0,0.075883988,0.170527554,0.0,1323.0
0.8151621651245199,0.0,0.069868662,0.171420554,0.0,1323.0
0.8305021939212923,0.006938884,0.068200271,0.18550666,0.0,1323.0
0.8330788789421752,0.048958217,0.062991266,0.196833555,0.0,1323.0
0.8330356901797483,0.072992353,0.057675957,0.207715144,0.0,1323.0
0.8342337117484033,0.083850646,0.05806692,0.208698566,0.0,1323.0
0.8337199521109997,0.06231627,0.064761254,0.242156184,0.0,1323.0
0.8357134934893359,0.044399584,0.076897318,0.281333285,0.0,1323.0
0.8463043427886553,0.011018689,0.090543764,0.298022607,0.0,1323.0
0.8616105708688617,0.0,0.095720009,0.306874206,0.0,1323.0
0.864579148500389,0.0,0.100278693,0.301029555,0.0,1323.0
0.8636404477048841,0.0,0.096196969,0.27774522,0.0,1323.0
0.8577314597056347,0.0,0.088511485,0.2270022555,0.0,1323.0
0.8193761312833638,0.0,0.08187317050000001,0.1915162515,0.0,1323.0
0.7812136501421518,0.0,0.067335377,0.147047257,0.0,1323.0
0.7704476517320122,0.0,0.067742936,0.1671165255,0.0,1323.0
0.7680954548016997,0.0,0.06647813550000001,0.2465755845,0.0,1323.0
0.770649254624141,0.0,0.0643772265,0.32981067350000004,0.0,1323.0
0.798113524485956,0.0,0.075205648,0.4068272545,0.0,1323.0
0.8335961124379073,0.003326599,0.09839854149999999,0.478188348,0.0,1323.0
0.8447586509009078,0.030577275,0.107661313,0.503194434,0.0,1323.0
0.8440250034091925,0.044133671,0.10038604,0.499040053,0.0,1323.0
0.8428461349546805,0.053822604,0.117598994,0.510383061,0.0,1323.0
0.8426235247859045,0.04463118,0.132268467,0.498585403,0.0,1323.0
0.844741562969281,0.026368317,0.141089694,0.510476699,0.0,1323.0
0.8524873923249053,0.008059152,0.164917772,0.532939082,0.0,1323.0
0.866360783270195,0.0,0.18099076,0.526264412,0.0,1323.0
0.8695088760947433,0.0,0.180830177,0.503101644,0.0,1323.0
0.8677179464405037,0.0,0.177931282,0.485704087,0.0,1323.0
0.860840729849957,0.0,0.17134079400000002,0.465068354,0.0,1323.0
0.8215741629328354,0.0,0.169967733,0.4410796925,0.0,1323.0
0.7879511133371121,0.0,0.156896052,0.380317639,0.0,1323.0
0.7768305203378909,0.0,0.17831612549999998,0.3328959145,0.0,1323.0
0.773095317007195,0.0,0.1782653145,0.28717333050000005,0.0,1323.0
0.8004243399230099,0.0,0.165407564,0.267013878,0.0,1323.0
0.8546128477835431,0.0,0.163800022,0.254043112,0.0,1323.0
0.8920611631131565,0.0,0.155803633,0.22507306,0.0,1323.0
0.8832741066227549,0.0,0.157313111,0.225557413,0.0,1323.0
0.8823293972278012,0.002907933,0.159375294,0.229314803,0.0,1323.0
0.8851694408506834,0.031103363,0.177670345,0.230336466,0.0,1323.0
0.8835786819660923,0.045151953,0.138149409,0.200289806,0.0,1323.0
0.8835600921972255,0.053914177,0.139930817,0.179926869,0.0,1323.0
0.8828563013798989,0.04312233,0.1334395875,0.1797431175,0.0,1323.0
0.8869641257232671,0.008613815,0.156894466,0.244463997,0.0,1323.0
0.8956474353971723,0.0,0.18356132,0.311308671,0.0,1323.0
0.8976937430328735,0.0,0.198006622,0.354461188,0.0,1323.0
0.8963255943170584,0.0,0.204498344,0.380728187,0.0,1323.0
0.8886939339781609,0.0,0.1901406465,0.386373604,0.0,1323.0
0.8703722780723279,0.0,0.180794761,0.358695972,0.0,1323.0
0.8403332942728519,0.0,0.186168413,0.339144528,0.0,1323.0
0.7945617331845001,0.0,0.203107914,0.346247801,0.0,1323.0
0.7818273547969938,0.0,0.2132842905,0.3818621725,0.0,1323.0
0.7797343848531595,0.0,0.2092713895,0.4584196115,0.0,1323.0
0.8339668796006978,0.0,0.1943124105,0.486612609,0.0,1323.0
0.8964709342720701,0.0,0.190835949,0.474143269,0.0,1323.0
0.8875244548199986,0.0,0.177559921,0.456104175,0.0,1323.0
0.8870011652062373,0.0036218625,0.1575295735,0.463706685,0.0,1323.0
0.8908875529647178,0.033508289,0.131362941,0.476205329,0.0,1323.0
0.8901702418607648,0.055828841,0.110572926,0.451185115,0.0,1323.0
0.8900522238390218,0.064260086,0.100813359,0.432070661,0.0,1323.0
0.8907207593085006,0.062108243,0.09194659699999999,0.4116783015,0.0,1323.0
0.8943522389567455,0.023580614,0.098904967,0.380872396,0.0,1323.0
0.9028376306168622,0.0,0.108188362,0.35854257,0.0,1323.0
0.9056357997412134,0.0,0.100705146,0.331988921,0.0,1323.0
0.9053174227512337,0.0,0.095617519,0.304006705,0.0,1323.0
0.9020959087179374,0.0,0.086795259,0.261612089,0.0,1323.0
0.8959673148496364,0.0,0.079259223,0.205778042,0.0,1323.0
0.8814286275138945,0.0,0.070879149,0.154489637,0.0,1323.0
0.8498509939552445,0.0,0.065243895,0.114878809,0.0,1323.0
0.8062635687704282,0.0,0.054489996,0.090666651,0.0,1323.0
0.7939338514237058,0.0,0.0543612245,0.065374236,0.0,1323.0
0.7888926780649557,0.0,0.050259184,0.058622982000000004,0.0,1323.0
0.8180927178877769,0.0,0.045413216,0.063332396,0.0,1323.0
0.8726058933229991,0.0,0.042015585,0.080334961,0.0,1323.0
0.9092467648054613,0.0,0.041601577,0.122002274,0.0,1323.0
0.9016498430498491,0.0,0.043296624,0.193175353,0.0,1323.0
0.9000624642369146,0.0,0.048572831,0.282572588,0.0,1323.0
0.8983271169411763,0.028245248,0.053541948,0.361722454,0.0,1323.0
0.8946196341371049,0.115500853,0.053695596,0.417386723,0.0,1323.0
0.8941823000081738,0.179356905,0.052794569,0.441638795,0.0,1323.0
0.8935913639436779,0.206592139,0.054913673,0.467992275,0.0,1323.0
0.8927613862854826,0.163356593,0.0795122035,0.5288702625,0.0,1323.0
0.8967251855629798,0.060806504,0.130380256,0.605714833,0.0,1323.0
0.9050981920288699,0.0,0.159763988,0.653682578,0.0,1323.0
0.9067028463467751,0.0,0.182439171,0.700316259,0.0,1323.0
0.9054246440513034,0.0,0.206678488,0.734164387,0.0,1323.0
0.8987226234649126,0.0,0.23744192050000001,0.7686948215,0.0,1323.0
0.8791312617108409,0.0,0.269968098,0.809480627,0.0,1323.0
0.8481822133130248,0.0,0.290781846,0.835256317,0.0,1323.0
0.8183372041104044,0.0,0.32066097299999996,0.849479775,0.0,1323.0
0.805760136608716,0.0,0.35820037650000003,0.8663039435,0.0,1357.0
0.8206882746627872,0.0,0.387525963,0.880547847,0.0,1357.0
0.8875466122338661,0.0,0.423039504,0.892944039,0.0,1357.0
0.9317067594862438,0.0,0.445145448,0.89410983,0.0,1357.0
0.9598947245107704,0.0,0.461605388,0.892702235,0.0,1357.0
0.9580020194358785,0.004290454,0.4746737525,0.884240514,0.0,1357.0
0.9597899441651491,0.042690281,0.483398739,0.874724425,0.0,1357.0
0.9588538725226808,0.057481439,0.483358018,0.880812326,0.0,1357.0
0.9594543854568705,0.074435503,0.529399963,0.878122789,0.0,1357.0
0.9570021972410279,0.0421996295,0.5680377075,0.8501357435,0.0,1357.0
0.959113099509159,0.017139777,0.590184668,0.830935208,0.0,1357.0
0.9707167279446793,0.0,0.575946433,0.828998129,0.0,1357.0
0.9721426173629392,0.0,0.561606541,0.821424334,0.0,1357.0
0.9697719241378094,0.0,0.541889062,0.792474751,0.0,1357.0
0.9532088530514204,0.0,0.5252945575,0.7630420145000001,0.0,1357.0
0.912686851803929,0.0,0.503065107,0.728036819,0.0,1357.0
0.8792765078791807,0.0,0.482025178,0.719433445,0.0,1357.0
0.8206680886447639,0.0,0.456542009,0.676809824,0.0,1357.0
0.811542844293047,0.0,0.466673911,0.665769302,0.0,1357.0
0.802164945212199,0.0,0.446052049,0.625025672,0.0,1357.0
0.8166892206626867,0.0,0.411851429,0.5769673625,0.0,1357.0
0.880845578283264,0.0,0.39802342,0.559158176,0.0,1357.0
0.9214586048104484,0.0,0.390544261,0.555899527,0.0,1357.0
0.9476668294780366,0.0,0.379048348,0.560764437,0.0,1357.0
0.946373041088178,0.0,0.368767656,0.562257816,0.0,1357.0
0.9463734168601102,0.008588781,0.351449219,0.552021102,0.0,1357.0
0.9481935460567904,0.036508713,0.335050064,0.53438498,0.0,1357.0
0.9476034546975864,0.065509119,0.296439196,0.510251642,0.0,1357.0
0.9454287074651566,0.074736073,0.284881902,0.515755693,0.0,1357.0
0.9444148016384034,0.090315989,0.269804113,0.521705429,0.0,1357.0
0.9440799000620729,0.061227494,0.286404564,0.538059477,0.0,1357.0
0.9528874245557581,0.0273993,0.304906757,0.541553048,0.0,1357.0
0.9650041548714895,0.001128258,0.327299789,0.542744318,0.0,1357.0
0.9679045689750976,0.0,0.327403626,0.543438782,0.0,1357.0
0.9659253925886798,0.0,0.318637058,0.553849039,0.0,1357.0
0.960097336234867,0.0,0.30552205,0.559141111,0.0,1357.0
0.938504405588586,0.0,0.307009274,0.557470431,0.0,1357.0
0.9096823151118921,0.0,0.298347173,0.552314571,0.0,1357.0
0.8793197904282795,0.0,0.293876856,0.548946063,0.0,1357.0
0.8133203480725764,0.0,0.327504964,0.553780347,0.0,1357.0
0.8053630810417817,0.0,0.32196258,0.550832661,0.0,1357.0
0.7975061810684492,0.0,0.3248347285,0.5458008545,0.0,1357.0
0.8008080637145283,0.0,0.34268533,0.5691539105,0.0,1357.0
0.808605250339083,0.0,0.353828888,0.5910859035,0.0,1357.0
0.8616764810156765,0.0,0.363472086,0.613807584,0.0,1357.0
0.8860926499637177,0.0,0.3648224,0.638222729,0.0,1357.0
0.8977476347303018,0.012602972,0.354742692,0.650257606,0.0,1357.0
0.9005130366672118,0.062908536,0.335182905,0.646840352,0.0,1357.0
0.9012585144097254,0.095302617,0.327431963,0.605913161,0.0,1357.0
0.9009473664964185,0.126065177,0.314657323,0.577681151,0.0,1357.0
0.9010960865230868,0.142024128,0.318930655,0.597268545,0.0,1357.0
0.9042111308001779,0.0782078,0.338379897,0.633948153,0.0,1357.0
0.9118303975430013,0.035351602,0.355765155,0.659005021,0.0,1357.0
0.9313687591982726,0.001373276,0.374236631,0.691745358,0.0,1357.0
0.9352869287588944,0.0,0.377699074,0.736050857,0.0,1357.0
0.9349584115539448,0.0,0.366340048,0.758411435,0.0,1357.0
0.9303956955914144,0.0,0.345970737,0.756017233,0.0,1357.0
0.9080855945211883,0.0,0.312476674,0.7349034875,0.0,1357.0
0.8669801679585117,0.0,0.282891693,0.707565541,0.0,1357.0
0.834521574932046,0.0,0.338868977,0.749389248,0.0,1357.0
0.8282603160648234,0.0,0.329884809,0.739208065,0.0,1357.0
0.822475354999388,0.0,0.31609591000000004,0.7070508950000001,0.0,1357.0
0.8262940018952174,0.0,0.294481941,0.666758,0.0,1357.0
0.8297265781443741,0.0,0.28362985549999997,0.642554347,0.0,1357.0
0.8773838028042886,0.0,0.285174766,0.64032551,0.0,1357.0
0.9006022315436907,0.0,0.282370206,0.619065872,0.0,1357.0
0.9075132013322232,0.030322909,0.281798323,0.600825007,0.0,1357.0
0.9091132544760031,0.122794132,0.282679195,0.576032993,0.0,1357.0
0.9066798436023713,0.151933625,0.274685278,0.581067978,0.0,1357.0
0.9034510067057303,0.16350272,0.289108952,0.554597481,0.0,1357.0
0.9028465503546078,0.14089538350000003,0.309345408,0.516039821,0.0,1357.0
0.9118303975430013,0.078616201,0.346956448,0.536807388,0.0,1357.0
0.9313687591982726,0.002658138,0.37489573,0.530916098,0.0,1357.0
0.9356188254102561,0.0,0.369090976,0.495733403,0.0,1357.0
0.9357632268733039,0.0,0.363868064,0.473580345,0.0,1357.0
0.9268515797911898,0.0,0.3563271315,0.449813507,0.0,1357.0
0.8811688371821403,0.0,0.3468155545,0.408013367,0.0,1357.0
0.8445750040923659,0.0,0.374729354,0.392458773,0.0,1357.0
0.8330985019275448,0.0,0.3827963205,0.4163259255,0.0,1357.0
0.8358167401102489,0.0,0.37321699700000005,0.4236145983333333,0.0,1357.0
0.9102220817934237,0.0,0.367635968,0.406114682,0.0,1357.0
0.956396426000765,0.0,0.367533562,0.387281269,0.0,1357.0
0.9855907857901116,0.0,0.357862293,0.379927598,0.0,1357.0
0.9842464851492366,0.0,0.340697832,0.367763995,0.0,1357.0
0.9758625875497567,0.086090472,0.332548303,0.34665561,0.0,1357.0
0.9742217859727536,0.210261868,0.299187348,0.347485941,0.0,1357.0
0.9731430029030658,0.317131796,0.313287751,0.378065764,0.0,1357.0
0.9703913088261261,0.345411192,0.300182222,0.361922528,0.0,1357.0
0.9681768466895978,0.354914565,0.305342378,0.342129591,0.0,1357.0
0.9685754988183107,0.290508596,0.309893249,0.317976475,0.0,1357.0
0.9748525313532643,0.155097175,0.342873192,0.319496751,0.0,1357.0
0.9912262755976364,0.005245771,0.377375252,0.331363142,0.0,1357.0
0.9935002635095986,0.0,0.399146405,0.34328998,0.0,1357.0
0.9931443305847085,0.0,0.420828231,0.361906651,0.0,1357.0
0.9758674697712755,0.0,0.4224059585,0.396854617,0.0,1357.0
0.9330877701062482,0.0,0.428269992,0.434769705,0.0,1357.0
0.8976090549186034,0.0,0.426701511,0.460549256,0.0,1357.0
0.8477657223340649,0.0,0.477237382,0.519601799,0.0,1357.0
0.8439609714967943,0.0,0.489725359,0.527358771,0.0,1357.0
0.8374682761970995,0.0,0.5022944275000001,0.575131106,0.0,1357.0
0.8509469581179867,0.0,0.5011096165,0.6481849625,0.0,1357.0
0.9138041286752465,0.0,0.490520982,0.677305268,0.0,1357.0
0.9573729640911961,0.0,0.489220439,0.68796842,0.0,1357.0
0.9846676704637491,0.0,0.472787228,0.707653542,0.0,1357.0
0.9815576969193874,0.0,0.462553674,0.71539415,0.0,1357.0
0.9744477762131862,0.038735469,0.434243534,0.691721441,0.0,1357.0
0.9735762060417203,0.09429454,0.424772452,0.642927499,0.0,1357.0
0.9732768883792116,0.080320437,0.327040639,0.544328712,0.0,1357.0
0.9727816253492475,0.088393847,0.305710774,0.518267711,0.0,1357.0
0.9719958693573594,0.085530558,0.294179107,0.4811836,0.0,1357.0
0.97313004658696,0.059449383,0.290373031,0.443308006,0.0,1357.0
0.9773416183720693,0.031736387,0.273960007,0.390444696,0.0,1357.0
0.9912262755976364,0.002895111,0.277736334,0.357244403,0.0,1357.0
0.9931151310422677,0.0,0.281474248,0.316041634,0.0,1357.0
0.9922324821638681,0.0,0.293302941,0.284783969,0.0,1357.0
0.9738152473227975,0.0,0.300408999,0.251351123,0.0,1357.0
0.9291964535455354,0.0,0.309615118,0.23743615,0.0,1357.0
0.8943847241589267,0.0,0.319120248,0.238856999,0.0,1357.0
0.8389210183026461,0.0,0.302933389,0.249811853,0.0,1357.0
0.8338767465448773,0.0,0.316233658,0.266586519,0.0,1357.0
0.8297685464295769,0.0,0.32981427750000003,0.30255986700000004,0.0,1357.0
0.8456253857441909,0.0,0.293948889,0.3299676885,0.0,1357.0
0.9105827090538665,0.0,0.271077779,0.329078929,0.0,1357.0
0.9555289874448202,0.0,0.264708053,0.327536417,0.0,1357.0
0.9827654829310799,0.0,0.263146357,0.333556805,0.0,1357.0
0.9797629176348872,0.001283056,0.256730852,0.334841126,0.0,1357.0
0.9733929350051106,0.035227308,0.234395945,0.315018384,0.0,1357.0
0.9735702912289435,0.076607873,0.205109953,0.291944152,0.0,1357.0
0.969295438450056,0.120772217,0.148454083,0.297196711,0.0,1357.0
0.9669410816126887,0.148600753,0.135019142,0.30635262,0.0,1357.0
0.965594903987886,0.123236932,0.128299179,0.308967761,0.0,1357.0
0.96604885648984,0.096092777,0.142868786,0.311684469,0.0,1357.0
0.9717234040695152,0.047471643,0.161813816,0.31274533,0.0,1357.0
0.9864299639208238,0.004927061,0.182666845,0.32073207,0.0,1357.0
0.9889966975505698,0.0,0.192409283,0.313692983,0.0,1357.0
0.990038299832035,0.0,0.192947976,0.308077528,0.0,1357.0
0.9727121941381458,0.0,0.181022027,0.301905119,0.0,1357.0
0.9278196677024795,0.0,0.16245012,0.288067374,0.0,1357.0
0.892657639468986,0.0,0.15539093,0.263683587,0.0,1357.0
0.8350313911525169,0.0,0.177755036,0.295760622,0.0,1357.0
0.8281889606638358,0.0,0.156982418,0.252753801,0.0,1357.0
0.8226251076173143,0.0,0.16764447799999999,0.312666856,0.0,1357.0
0.8389857545529504,0.0,0.199030302,0.4037773905,0.0,1357.0
0.9033322371401227,0.0,0.212922766,0.399527281,0.0,1357.0
0.9445664321781242,0.0,0.223618545,0.416572928,0.0,1357.0
0.9706464986089995,0.0,0.246072942,0.438935524,0.0,1357.0
0.9672027501788596,0.002064489,0.268399031,0.462930436,0.0,1357.0
0.9596979331875343,0.067162245,0.273004731,0.488368921,0.0,1357.0
0.9551434798308014,0.129128083,0.27901109,0.516482066,0.0,1357.0
0.9499986525043598,0.154322959,0.300323465,0.583658491,0.0,1357.0
0.9479620161502689,0.174827216,0.306692296,0.577664205,0.0,1357.0
0.9472391187995131,0.12817977600000002,0.32105317899999997,0.5607856295,0.0,1357.0
0.95560400427748,0.060482927,0.354311902,0.571815268,0.0,1357.0
0.9707167279446793,0.005172241,0.389680858,0.603438612,0.0,1357.0
0.9760903616126896,0.0,0.415672689,0.643099221,0.0,1357.0
0.9747291612387762,0.0,0.425355983,0.672295921,0.0,1357.0
0.9722961261370764,0.0,0.430597555,0.680560545,0.0,1357.0
0.9498646732415422,0.0,0.420974917,0.668634668,0.0,1357.0
0.919231655291174,0.0,0.398644109,0.646051291,0.0,1357.0
0.886536180890686,0.0,0.381708666,0.628589553,0.0,1357.0
0.8246900988085544,0.0,0.374981145,0.630819431,0.0,1357.0
0.8179136716281156,0.0,0.363524876,0.630243907,0.0,1357.0
0.8121117167303475,0.0,0.35412944150000003,0.6320980595,0.0,1357.0
0.8281740320140193,0.0,0.334629804,0.6542995015,0.0,1357.0
0.8941038093171854,0.0,0.321489414,0.660046715,0.0,1357.0
0.9394216992635991,0.0,0.312407739,0.66029537,0.0,1357.0
0.9684771034693149,0.0,0.311576815,0.65903998,0.0,1357.0
0.9678977150451124,0.001879982,0.310023798,0.666636871,0.0,1357.0
0.9635246544905728,0.027599758,0.30507079,0.67884675,0.0,1357.0
0.9633190384667517,0.074778704,0.283926518,0.686384734,0.0,1357.0
0.9625835127406197,0.099711516,0.239012366,0.661564491,0.0,1357.0
0.9620962297059484,0.125051021,0.229821372,0.639215099,0.0,1357.0
0.961940186503313,0.103540108,0.2319595995,0.6203375645,0.0,1357.0
0.9681569426568349,0.050757392,0.268752828,0.612021661,0.0,1357.0
0.9823559396687772,0.006212438,0.291012495,0.624089269,0.0,1357.0
0.9852897780917745,0.0,0.305154547,0.640850477,0.0,1357.0
0.9841792607385257,0.0,0.303898243,0.647106245,0.0,1357.0
0.9666691330894068,0.0,0.29717348099999996,0.645275607,0.0,1357.0
0.9225487479470856,0.0,0.29416566,0.631265711,0.0,1357.0
0.8882504030511926,0.0,0.291885058,0.624771749,0.0,1357.0
0.8193467907482926,0.0,0.277569228,0.598395885,0.0,1357.0
0.8110255170106431,0.0,0.2745593,0.593908857,0.0,1357.0
0.8048404954533044,0.0,0.273014639,0.587229305,0.0,1357.0
0.8035321076048476,0.0,0.25594750850000003,0.5714249885,0.0,1357.0
0.8086478760688562,0.0,0.237337758,0.554441786,0.0,1357.0
0.8129148889072142,0.0,0.2273892395,0.571162002,0.0,1357.0
0.8624138843509809,0.0,0.223741869,0.600385715,0.0,1357.0
0.8858829023243756,0.002362032,0.22486769,0.620589991,0.0,1357.0
0.8961271135832383,0.041822264,0.224307158,0.636630256,0.0,1357.0
0.8978004941490944,0.070711095,0.21370166,0.641098066,0.0,1357.0
0.8967251855629798,0.095445191,0.169541455,0.636295792,0.0,1357.0
0.8957716502169523,0.11434681,0.165178463,0.617040606,0.0,1357.0
0.8959074139275147,0.103613627,0.155264564,0.587839985,0.0,1357.0
0.89793259580274,0.082276661,0.147000741,0.55815366,0.0,1357.0
0.9083244003977188,0.057851174,0.146246666,0.539392282,0.0,1357.0
0.9274553783851197,0.005489311,0.157635899,0.540334275,0.0,1357.0
0.9297932106361362,0.0,0.157363188,0.533844615,0.0,1357.0
0.9285752850347183,0.0,0.156343784,0.535063173,0.0,1357.0
0.9242377139820842,0.0,0.153377786,0.540485847,0.0,1357.0
0.9014460102232837,0.0,0.14776906750000002,0.539504333,0.0,1357.0
0.8611429105069376,0.0,0.142819105,0.520845514,0.0,1357.0
0.8203193854217911,0.0,0.110334297,0.471420475,0.0,1357.0
0.8122726421545017,0.0,0.114923273,0.453314772,0.0,1357.0
0.8047135576938158,0.0,0.119199661,0.427925099,0.0,1357.0
0.8065101676941522,0.0,0.117884898,0.39415177349999997,0.0,1357.0
0.8131041219625592,0.0,0.12328799800000001,0.3566077435,0.0,1357.0
0.8624138843509809,0.0,0.131532161,0.347166693,0.0,1357.0
0.8858829023243756,0.002186938,0.13313823,0.361801118,0.0,1357.0
0.8948706929297018,0.037232465,0.119253964,0.376657416,0.0,1357.0
0.8956696872229559,0.090186088,0.095951993,0.370167882,0.0,1357.0
0.8955314825579452,0.155096952,0.07425951,0.299184636,0.0,1357.0
0.8947513606440627,0.144947874,0.070047659,0.276149328,0.0,1357.0
0.8944818052440264,0.104103666,0.0783745485,0.292470016,0.0,1357.0
0.9052192149755817,0.04689907,0.113581851,0.324116492,0.0,1357.0
0.923019600182078,0.006747536,0.157417396,0.35852015,0.0,1357.0
0.9255119734858677,0.0,0.186221117,0.403651529,0.0,1357.0
0.9234808761726211,0.0,0.198742682,0.42843846,0.0,1357.0
0.9190264137887961,0.0,0.20519045,0.452633687,0.0,1357.0
0.8963993909851165,0.0,0.2053163895,0.492357512,0.0,1357.0
0.8582933844262781,0.0,0.201566932,0.518985845,0.0,1357.0
0.822537321416648,0.0,0.202805761,0.512527897,0.0,1357.0
0.8114879196917384,0.0,0.2121014065,0.5474604795,0.0,1357.0
0.8075981515489792,0.0,0.223593868,0.5683266625000001,0.0,1357.0
0.8367342532460742,0.0,0.241658598,0.602300785,0.0,1357.0
0.8892737913357232,0.0,0.25323328,0.639363947,0.0,1357.0
0.9340022476801253,0.0,0.256947896,0.649130742,0.0,1357.0
0.9634664436042795,0.0,0.2705598,0.646162413,0.0,1357.0
0.9616530745509124,0.00315441,0.2740177,0.642264122,0.0,1357.0
0.9587718135614475,0.03395753,0.281344034,0.65499911,0.0,1357.0
0.9597899441651491,0.068985203,0.301364437,0.656620086,0.0,1357.0
0.9580483062847018,0.093397397,0.2431174,0.635401929,0.0,1357.0
0.9582721375559464,0.096661382,0.279467214,0.653311559,0.0,1357.0
0.9549719446330733,0.073233834,0.298121945,0.663395086,0.0,1357.0
0.9534233422322733,0.059044648,0.306865538,0.676642724,0.0,1357.0
0.9589654123863709,0.030067498,0.313196551,0.695844284,0.0,1357.0
0.9702681269102263,0.005724238,0.346194572,0.739583255,0.0,1357.0
0.9713735741559902,0.0,0.372267958,0.757432905,0.0,1357.0
0.9680898120327959,0.0,0.394534369,0.773593763,0.0,1357.0
0.9626758057034949,0.0,0.402379492,0.790714469,0.0,1357.0
0.9399747042464968,0.0,0.402451617,0.804831027,0.0,1357.0
0.9093666604363764,0.0,0.398020332,0.804479767,0.0,1357.0
0.8776777683740522,0.0,0.39055588,0.798691257,0.0,1357.0
0.8164374575321836,0.0,0.369287251,0.764889882,0.0,1357.0
0.8074519196827172,0.0,0.389489551,0.775496475,0.0,1357.0
0.7981470660386852,0.0,0.41053323399999997,0.8012087545,0.0,1357.0
0.8115928869854591,0.0,0.424932749,0.8125827864999999,0.0,1357.0
0.87642360110162,0.0,0.439243874,0.812828808,0.0,1357.0
0.9196742471009338,0.0,0.448087856,0.823275927,0.0,1357.0
0.945708871388278,0.0,0.452511916,0.834023943,0.0,1357.0
0.9441448710916794,0.003667292,0.456167791,0.842039962,0.0,1357.0
0.9423660530482539,0.048528611,0.452717534,0.838493565,0.0,1357.0
0.9434005206649625,0.086875338,0.46298828,0.84053598,0.0,1357.0
0.9414846246470785,0.102792869,0.443656652,0.823576443,0.0,1357.0
0.9388525448410383,0.121593048,0.466284272,0.832321717,0.0,1357.0
0.9379622911140336,0.133669031,0.462770161,0.84366899,0.0,1357.0
0.9383541830994333,0.113495907,0.424458159,0.850898234,0.0,1357.0
0.9460102548585472,0.059847607,0.424527333,0.851695042,0.0,1357.0
0.9586377405119577,0.014685403,0.457406696,0.853358613,0.0,1357.0
0.9616917565511306,0.0,0.463819112,0.846056023,0.0,1357.0
0.9598470289861347,0.0,0.468165704,0.836931316,0.0,1357.0
0.954790645617552,0.0,0.458613419,0.822182876,0.0,1357.0
0.9344386426918481,0.0,0.441689287,0.796292027,0.0,1357.0
0.9047859180502553,0.0,0.422396416,0.770426931,0.0,1357.0
0.8746633734523058,0.0,0.402773998,0.750630764,0.0,1357.0
0.8112683131974422,0.0,0.393099067,0.74292758,0.0,1357.0
0.8025593722513412,0.0,0.401804014,0.711433266,0.0,1357.0
0.7950510814016873,0.0,0.408991457,0.682904826,0.0,1357.0
0.7954633476036987,0.0,0.404943646,0.661738606,0.0,1357.0
0.8223171522023202,0.0,0.396525079,0.653230649,0.0,1357.0
0.8759592270246807,0.0,0.378137505,0.640862374,0.0,1357.0
0.92048525921833,0.0,0.36931087,0.616559981,0.0,1357.0
0.9480579705448164,0.0,0.362392507,0.588330389,0.0,1357.0
0.9467499109497113,0.004989046,0.348043103,0.564047413,0.0,1357.0
0.9456118847150945,0.050741707,0.341104889,0.555170864,0.0,1357.0
0.9436593718795083,0.095243644,0.341236233,0.557011495,0.0,1357.0
0.9402774019806622,0.164012794,0.348697765,0.582829522,0.0,1357.0
0.9382726874834759,0.167068598,0.34779365,0.587573243,0.0,1357.0
0.935825944521806,0.203190443,0.325013306,0.599551809,0.0,1357.0
0.9359036842941745,0.156581967,0.307062047,0.608857584,0.0,1357.0
0.9460102548585472,0.103551656,0.294975896,0.606577649,0.0,1357.0
0.9613961947322106,0.028157014,0.304073397,0.601867781,0.0,1357.0
0.9650463113552806,0.0,0.31732688,0.607404866,0.0,1357.0
0.9640767209815068,0.0,0.323236615,0.616282523,0.0,1357.0
0.9488168269560817,0.0,0.329318239,0.6291596934999999,0.0,1357.0
0.908876748873913,0.0,0.337170901,0.640827202,0.0,1357.0
0.8772120800332167,0.0,0.348031695,0.646666568,0.0,1357.0
0.8138374877816366,0.0,0.362470182,0.620010543,0.0,1357.0
0.8031014864132715,0.0,0.358508213,0.6186899275,0.0,1357.0
0.8117878317533322,0.0,0.345205948,0.6359490046666667,0.0,1357.0
0.8834656402651624,0.0,0.345557777,0.640783976,0.0,1357.0
0.9261495727963635,0.0,0.353088299,0.647943035,0.0,1357.0
0.9549075369487429,0.0,0.35892992,0.66766438,0.0,1357.0
0.9528052718078527,0.007374604,0.359642922,0.687768495,0.0,1357.0
0.9507957691884419,0.074259988,0.35905027,0.699037477,0.0,1357.0
0.9505866786810478,0.149369875,0.382637239,0.710682179,0.0,1357.0
0.9502657663247034,0.172955797,0.364445559,0.696358555,0.0,1357.0
0.9501477483029604,0.209706329,0.333430603,0.70821391,0.0,1357.0
0.9533986960327552,0.19022886249999998,0.29044582799999996,0.6949272465,0.0,1357.0
0.9632443023688632,0.09805819,0.249347644,0.685481369,0.0,1357.0
0.9780655952074191,0.02710132,0.259326041,0.696975849,0.0,1357.0
0.9805921437492181,0.0,0.267835672,0.709387704,0.0,1357.0
0.9802447554153859,0.0,0.268029276,0.721570847,0.0,1357.0
0.9654650554027228,0.0,0.25390908349999997,0.7233715755,0.0,1357.0
0.9224991748132777,0.0,0.230019059,0.696933238,0.0,1357.0
0.8882504030511926,0.0,0.215942087,0.675964924,0.0,1357.0
0.828560572219296,0.0,0.201677415,0.629036027,0.0,1357.0
0.8220910681752156,0.0,0.19173275,0.614672802,0.0,1357.0
0.8147432331911117,0.0,0.171413011,0.5654217175,0.0,1357.0
0.8305074512894988,0.0,0.1431132995,0.5056115145,0.0,1357.0
0.8954462317236436,0.0,0.130280397,0.466149609,0.0,1357.0
0.9443035431347291,0.0,0.127968825,0.45158508,0.0,1357.0
0.973715255412023,0.0,0.121356147,0.449794125,0.0,1357.0
0.9717581426528006,0.006184547,0.115259843,0.442703307,0.0,1357.0
0.96646788220992,0.043703917,0.093732293,0.413252379,0.0,1357.0
0.9644544361735764,0.086827927,0.075106677,0.374715674,0.0,1357.0
0.9624116023962038,0.137591158,0.060191041,0.325351161,0.0,1357.0
0.9614130006785773,0.117880165,0.053638376,0.290042079,0.0,1357.0
0.9590385519224809,0.087475894,0.0433648125,0.216890503,0.0,1357.0
0.9646174267802466,0.046388542,0.042582147,0.159559398,0.0,1357.0
0.9777379233330059,0.0166113,0.051001707,0.150187315,0.0,1357.0
0.9802013784543706,0.0,0.062601614,0.158753671,0.0,1357.0
0.9787768970866788,0.0,0.065855293,0.156395179,0.0,1357.0
0.9739147696749678,0.0,0.064973807,0.14892939,0.0,1357.0
0.9498646732415422,0.0,0.057116243,0.128345699,0.0,1357.0
0.9201562724547763,0.0,0.047990877,0.103644204,0.0,1357.0
0.8865695114234033,0.0,0.039593811,0.083557205,0.0,1357.0
0.8177941511438882,0.0,0.036957205,0.09127638,0.0,1357.0
0.8106338125985871,0.0,0.025829206,0.086203397,0.0,1357.0
0.8050917890252034,0.0,0.020362046,0.083856456,0.0,1357.0
0.806489747209449,0.0,0.022045851499999998,0.099217972,0.0,1357.0
0.8129962435305415,0.0,0.028208949,0.09366464899999999,0.0,1357.0
0.8744103429512426,0.004682757,0.02666696,0.08118410000000001,0.0,1357.0
0.8966397465300897,0.05700939,0.01598556,0.078724436,0.0,1357.0
0.8963547938594992,0.106892023,0.009635093,0.078480095,0.0,1357.0
0.8950875764842893,0.183679331,0.00890881,0.077734031,0.0,1357.0
0.8951951729310468,0.230972474,0.006660588,0.074256181,0.0,1357.0
0.8951683677623403,0.183313002,0.0081202205,0.073279522,0.0,1357.0
0.9064081292331471,0.111071078,0.015972849,0.08080283,0.0,1357.0
0.9241186630564608,0.032972927,0.028357267,0.095087308,0.0,1357.0
0.9290190973217023,0.0,0.040220468,0.103860405,0.0,1357.0
0.9285752850347183,0.0,0.042515616,0.105124356,0.0,1357.0
0.9246370232427451,0.0,0.041932052,0.098075128,0.0,1357.0
0.9032025767535476,0.0,0.036672124,0.071135219,0.0,1357.0
0.8636076805174429,0.0,0.031673281,0.053921982,0.0,1357.0
0.8249721409660924,0.0,0.028148477,0.052463769,0.0,1357.0
0.8167179034405652,0.0,0.022429181,0.051344599,0.0,1357.0
0.8102217814885002,0.0,0.022732846,0.055190441,0.0,1357.0
0.8122717036625378,0.0,0.0279408825,0.056742702000000006,0.0,1357.0
0.8180032416512824,0.0,0.038674165499999996,0.071696059,0.0,1357.0
0.8672249361663995,0.0,0.043292201,0.074862676,0.0,1357.0
0.8901771902026664,0.011357225,0.036335904,0.06527375,0.0,1357.0
0.9007900087172649,0.06380561,0.023191493,0.048977621,0.0,1357.0
0.9021125270909602,0.116021199,0.01399036,0.033108918,0.0,1357.0
0.9002148456952553,0.163019901,0.012999719,0.026639055,0.0,1357.0
0.8993577349276242,0.194377706,0.009467346,0.02431287,0.0,1357.0
0.8987618219170709,0.17718265,0.011540449,0.027228583,0.0,1357.0
0.9005035542094345,0.145661126,0.017470127,0.034280597,0.0,1357.0
0.9092539000954623,0.099733877,0.029497554,0.043698274,0.0,1357.0
0.9295784873012256,0.02093502,0.046127416,0.05820457,0.0,1357.0
0.9334042694870559,0.0,0.060160217,0.077994865,0.0,1357.0
0.932303798562105,0.0,0.064914948,0.08960319,0.0,1357.0
0.9285304056112187,0.0,0.06267228,0.089702012,0.0,1357.0
0.9060151105571952,0.0,0.057320229,0.075503661,0.0,1357.0
0.8662546886606776,0.0,0.057582305,0.063241206,0.0,1357.0
0.8478646344476232,0.0,0.08040523150000001,0.0801712275,0.0,1357.0
0.8407663095255402,0.0,0.0869479465,0.0914950405,0.0,1357.0
0.858212264582253,0.0,0.1006951975,0.11809135800000001,0.0,1357.0
0.923127854386028,0.0,0.11459883,0.1408751,0.0,1357.0
0.9671500783334107,0.0,0.121208102,0.155997605,0.0,1357.0
0.9943580320344222,0.0,0.120533722,0.161606525,0.0,1357.0
0.9896283814230444,0.016998555,0.113597209,0.157287569,0.0,1357.0
0.981199416826721,0.112826009,0.088913586,0.139694707,0.0,1357.0
0.9776291995704518,0.166718188,0.068839828,0.122838619,0.0,1357.0
0.973289845320562,0.250502404,0.084225538,0.16459329,0.0,1357.0
0.9730194452152338,0.30950883,0.079587276,0.162376801,0.0,1357.0
0.9686248843787748,0.325442303,0.097312322,0.1878242065,0.0,1357.0
0.9748497146268839,0.200783586,0.144759928,0.232593242,0.0,1357.0
0.9910368077629894,0.079276273,0.195409353,0.270288332,0.0,1357.0
0.9938627683792136,0.0,0.217085437,0.305436225,0.0,1357.0
0.9952339207695086,0.0,0.208335913,0.310470764,0.0,1357.0
0.9928611617366183,0.0,0.190028581,0.300322593,0.0,1357.0
0.9679727325030167,0.0,0.168451654,0.271747436,0.0,1357.0
0.9354939534585279,0.0,0.153754403,0.243877645,0.0,1357.0
0.8982381102632858,0.0,0.139114467,0.215917688,0.0,1357.0
0.8540754282697878,0.0,0.179127311,0.228521099,0.0,1357.0
0.849161286144576,0.0,0.173261769,0.221766203,0.0,1357.0
0.8450213517457146,0.0,0.1591945675,0.21743019549999998,0.0,1357.0
0.8612229977597048,0.0,0.1365771155,0.202381395,0.0,1357.0
0.9250766107527807,0.0,0.116449848,0.180012851,0.0,1357.0
0.9671177807045735,0.0,0.098545277,0.157437935,0.0,1357.0
0.9954359697735736,0.0,0.086684712,0.130748888,0.0,1357.0
0.9906881045400168,0.019865066,0.068484914,0.102113178,0.0,1357.0
0.9825086031123782,0.086667466,0.048474584,0.084893134,0.0,1357.0
0.9807413333344905,0.130941979,0.031570507,0.070810861,0.0,1357.0
0.9792461536977594,0.191290721,0.045092788,0.089313216,0.0,1357.0
0.9729247119231547,0.23945331,0.030855454,0.062293854,0.0,1357.0
0.9708083631503621,0.24252432,0.02829926,0.048276876,0.0,1357.0
0.9702973264526672,0.215373229,0.03153547,0.04361388,0.0,1357.0
0.9751345735108022,0.153094175,0.045501143,0.044937275,0.0,1357.0
0.9916680227021044,0.053884128,0.061257591,0.048655295,0.0,1357.0
0.9969586589169173,0.0,0.073401074,0.057096355,0.0,1357.0
0.9988316475323902,0.0,0.076373941,0.062880875,0.0,1357.0
0.993815636199854,0.0,0.069984346,0.063483327,0.0,1357.0
0.9687187729655619,0.0,0.059378198,0.059003283,0.0,1357.0
0.9358317655479109,0.0,0.052264156,0.058472646,0.0,1357.0
0.8983201692245193,0.0,0.047604399,0.058438944,0.0,1357.0
0.8545300379036898,0.0,0.071940205,0.069043306,0.0,1357.0
0.8491918943628294,0.0,0.075569212,0.060195104,0.0,1357.0
0.8442176631169076,0.0,0.0799842465,0.0564202615,0.0,1357.0
0.8611764289256212,0.0,0.092397068,0.0660347315,0.0,1357.0
0.9250766107527807,0.0,0.103333259,0.070074663,0.0,1357.0
0.9671177807045735,0.0,0.113141494,0.07133851,0.0,1357.0
0.9954359697735736,0.0,0.119386263,0.07756788,0.0,1357.0
0.9906881045400168,0.035280198,0.122313609,0.08187931,0.0,1357.0
0.9820699540943065,0.11718895,0.107772756,0.071798002,0.0,1357.0
0.9808225469651876,0.204336517,0.085148842,0.057940409,0.0,1357.0
0.9802122695879604,0.267221227,0.09239395,0.054911104,0.0,1357.0
0.9763459271674952,0.327838375,0.087755117,0.057153442,0.0,1357.0
0.9724187447077002,0.34798698,0.096795541,0.060538965,0.0,1357.0
0.973209852167089,0.325812755,0.116524299,0.067684463,0.0,1357.0
0.9777147323900138,0.223781057,0.146354504,0.078755177,0.0,1357.0
0.9942062132961131,0.118710266,0.175047128,0.090326475,0.0,1357.0
0.9995719607555024,0.00128352,0.183836209,0.105756546,0.0,1357.0
0.9990069379484626,0.0,0.179210903,0.116533765,0.0,1357.0
0.9936830649876043,0.0,0.171179354,0.127292696,0.0,1357.0
0.9683375845404082,0.0,0.170651015,0.148972119,0.0,1357.0
0.9353931171550838,0.0,0.172018324,0.167810116,0.0,1357.0
0.8979958767965182,0.0,0.175998288,0.175651181,0.0,1357.0
0.8545300379036898,0.0,0.196305449,0.171622688,0.0,1357.0
0.8491918943628294,0.0,0.20503068,0.170262306,0.0,1357.0
0.8442176631169076,0.0,0.204226503,0.16697350249999998,0.0,1357.0
0.8611764289256212,0.0,0.1947574765,0.19361653,0.0,1357.0
0.9250766107527807,0.0,0.190728553,0.193128916,0.0,1357.0
0.9671177807045735,0.0,0.19135164,0.180913797,0.0,1357.0
0.9954359697735736,0.0,0.188379188,0.171836033,0.0,1357.0
0.9906881045400168,0.06677816,0.177787244,0.163616686,0.0,1357.0
0.9820699540943065,0.210222641,0.153931918,0.156758916,0.0,1357.0
0.9807651807841862,0.304966656,0.125717361,0.137113908,0.0,1357.0
0.977831811919793,0.41117304,0.139265958,0.111495584,0.0,1357.0
0.9727700764584652,0.463186065,0.129363551,0.087644677,0.0,1357.0
0.9683131731201919,0.460601505,0.115759286,0.07858647,0.0,1357.0
0.967322176876415,0.404761333,0.107911027,0.067106394,0.0,1357.0
0.9734856975265899,0.298734667,0.112258215,0.059217192,0.0,1357.0
0.9917281111975699,0.146038402,0.12500375,0.05594991,0.0,1357.0
0.9969586589169173,0.001515861,0.129443634,0.04948605,0.0,1357.0
0.9986165478003028,0.0,0.119091784,0.043040722,0.0,1357.0
0.993815636199854,0.0,0.100875869,0.043999084,0.0,1357.0
0.9687762329332353,0.0,0.085695631,0.049066564,0.0,1357.0
0.9353931171550838,0.0,0.076401946,0.054106131,0.0,1357.0
0.8983535935439085,0.0,0.075750588,0.058800074,0.0,1357.0
0.8545300379036898,0.0,0.093563007,0.074819892,0.0,1357.0
0.8468006393477442,0.0,0.1149481115,0.09581704199999999,0.0,1357.0
0.845196313595813,0.0,0.131938529,0.139629426,0.0,1357.0
0.9005780076968184,0.0,0.1387142835,0.200922954,0.0,1357.0
0.9671177807045735,0.0,0.146553461,0.243202227,0.0,1357.0
0.9954359697735736,0.0,0.148724543,0.263165803,0.0,1357.0
0.9906881045400168,0.056111771,0.149191361,0.284272169,0.0,1357.0
0.9819095920154285,0.185068082,0.125746089,0.290743766,0.0,1357.0
0.9805328999590446,0.299039145,0.089846299,0.290349351,0.0,1357.0
0.9742915451245847,0.374492812,0.080611648,0.300278893,0.0,1357.0
0.9727816253492475,0.408403979,0.074992905,0.296606172,0.0,1357.0
0.9721228071168481,0.372045874,0.0991354625,0.29167272099999997,0.0,1357.0
0.9770437087601286,0.259758411,0.163255354,0.32231035,0.0,1357.0
0.9923930324413344,0.121118344,0.2201947,0.360002267,0.0,1357.0
0.9976455493759608,0.00192367,0.265433235,0.433141621,0.0,1357.0
0.9986184260347195,0.0,0.271375804,0.475377832,0.0,1357.0
0.9936282341729675,0.0,0.266600685,0.475558523,0.0,1357.0
0.9689086165721411,0.0,0.244737758,0.436001289,0.0,1357.0
0.9358317655479109,0.0,0.230657862,0.406032957,0.0,1357.0
0.8983201692245193,0.0,0.212762109,0.372969161,0.0,1357.0
0.8397115624167587,0.0,0.229023251,0.350054249,0.0,1357.0
0.8302323099552821,0.0,0.21529103049999998,0.317208965,0.0,1357.0
0.8285565039618822,0.0,0.2130623123333333,0.3220211396666667,0.0,1357.0
0.8325888263870818,0.0,0.208724962,0.29939861700000003,0.0,1357.0
0.878801805388683,0.0,0.203664502,0.280216867,0.0,1357.0
0.9014998087592846,0.140358103,0.188479604,0.279862438,0.0,1357.0
0.9082173672962376,0.327843214,0.146653364,0.260201187,0.0,1357.0
0.9086751694284521,0.439098934,0.108135573,0.239201426,0.0,1357.0
0.9084334993069606,0.520961002,0.124994945,0.239083419,0.0,1357.0
0.9079298798845269,0.548006274,0.122054661,0.239414218,0.0,1357.0
0.9076196710884284,0.529618452,0.133816211,0.270196565,0.0,1357.0
0.9097916953811497,0.480169996,0.160306134,0.307025157,0.0,1357.0
0.9176201470432837,0.353556575,0.2202179,0.378135983,0.0,1357.0
0.936237928738557,0.191440431,0.294958666,0.463973165,0.0,1357.0
0.9391700771257261,0.003367611,0.350948465,0.536245753,0.0,1357.0
0.9377778933868716,0.0,0.358254301,0.57344982,0.0,1357.0
0.9327272372577219,0.0,0.348196333,0.584436864,0.0,1357.0
0.9091389801601155,0.0,0.332607597,0.572954502,0.0,1357.0
0.8668991419011586,0.0,0.322892449,0.55433956,0.0,1357.0
0.8394328065442055,0.0,0.36833089,0.622151892,0.0,1357.0
0.8301499696340329,0.0,0.3723005445,0.5674934165000001,0.0,1357.0
0.8267688916464366,0.0,0.39884564499999997,0.5717359835,0.0,1357.0
0.8274621671021056,0.0,0.431603552,0.6421082245,0.0,1357.0
0.8605934262757045,0.0,0.4494526875,0.689899955,0.0,1357.0
0.9013139085696382,0.106061905,0.426163808,0.709050125,0.0,1357.0
0.9077173155188043,0.219914605,0.43237759,0.720714147,0.0,1357.0
0.9080924015578374,0.301607668,0.353949106,0.720524637,0.0,1357.0
0.9024253650400954,0.357677565,0.295468739,0.693199646,0.0,1357.0
0.9013324989637496,0.366526223,0.304524821,0.68982794,0.0,1357.0
0.8994543464541198,0.336410962,0.31849284,0.718484007,0.0,1357.0
0.9008631485659971,0.263379585,0.330324415,0.756006406,0.0,1357.0
0.9092237620610575,0.17243976,0.376995617,0.799214307,0.0,1357.0
0.9283349291771229,0.079360966,0.408116551,0.82514349,0.0,1357.0
0.93183078673268,0.002947768,0.436994969,0.845365422,0.0,1357.0
0.9310207137324923,0.0,0.427465645,0.846340084,0.0,1357.0
0.92717427534479,0.0,0.411357042,0.84300423,0.0,1357.0
0.903861582559291,0.0,0.378346023,0.8258831609999999,0.0,1357.0
0.8636076805174429,0.0,0.356630388,0.797332778,0.0,1357.0
0.8346900114181335,0.0,0.3332529575,0.7865212779999999,0.0,1357.0
0.8260472307166392,0.0,0.34007279300000004,0.7560357046666666,0.0,1357.0
0.8853031384408631,0.0,0.35888450400000005,0.7464868634999999,0.0,1357.0
0.956396426000765,0.0,0.360126159,0.757117428,0.0,1357.0
0.9849196683735543,0.001424699,0.360730421,0.768981893,0.0,1357.0
0.9814107607152194,0.095221606,0.361669866,0.764788631,0.0,1357.0
0.9733929350051106,0.214409589,0.396088976,0.753333961,0.0,1357.0
0.9735818394944813,0.305006932,0.412188335,0.74255134,0.0,1357.0
0.9732515384670315,0.354581253,0.395391517,0.713351339,0.0,1357.0
0.9728821802926758,0.400714634,0.426371922,0.733124121,0.0,1357.0
0.9719958693573594,0.366026962,0.450750782,0.768616607,0.0,1357.0
0.9735031606049045,0.307571477,0.46490677,0.810611408,0.0,1357.0
0.9787873186616645,0.21713057,0.462313641,0.840886502,0.0,1357.0
0.9949810781544114,0.132494133,0.465971195,0.849970999,0.0,1357.0
0.9990957564277648,0.003826143,0.499790336,0.867790439,0.0,1357.0
0.9986184260347195,0.0,0.526957806,0.880898797,0.0,1357.0
0.9933546415693266,0.0,0.529864957,0.883649582,0.0,1357.0
0.9687214021185985,0.0,0.519230329,0.88663739,0.0,1357.0
0.9359643367601607,0.0,0.499544164,0.886529869,0.0,1357.0
0.8983201692245193,0.0,0.479495637,0.885271936,0.0,1357.0
0.854808699989571,0.0,0.459473862,0.896301933,0.0,1357.0
0.8468163186035587,0.0,0.4357252025,0.8899801165000001,0.0,1357.0
0.8452320381896428,0.0,0.3934044715,0.857319156,0.0,1357.0
0.8760794046408561,0.0,0.369390271,0.832496518,0.0,1357.0
0.9250766107527807,0.0,0.370017205,0.823201283,0.0,1357.0
0.9671177807045735,0.0,0.358956988,0.802858608,0.0,1357.0
0.9954359697735736,0.00249145,0.351586631,0.785164096,0.0,1357.0
0.9906881045400168,0.212174109,0.329526118,0.757557291,0.0,1357.0
0.9820699540943065,0.413317322,0.288833499,0.714797085,0.0,1357.0
0.9807979479716274,0.545853702,0.254508847,0.664001509,0.0,1357.0
0.9803457792921738,0.646904905,0.219547342,0.641024779,0.0,1357.0
0.9802511397867668,0.703490721,0.191788532,0.587385817,0.0,1357.0
0.9794653837948788,0.696054934,0.187163708,0.571829438,0.0,1357.0
0.9801929282752291,0.62871556,0.19766496,0.581852158,0.0,1357.0
0.9842646997714157,0.487068877,0.216031461,0.605330539,0.0,1357.0
0.9973590010814586,0.283431135,0.243451001,0.629486271,0.0,1357.0
0.9992035410731105,0.008412871,0.290756589,0.653447567,0.0,1357.0
0.9980780015959954,0.0,0.306045784,0.65469937,0.0,1357.0
0.9804332369268662,0.0,0.291818372,0.6293935745,0.0,1357.0
0.9350353066210213,0.0,0.257435271,0.582773844,0.0,1357.0
0.8979958767965182,0.0,0.233504094,0.548827733,0.0,1357.0
0.8545300379036898,0.0,0.24564772,0.56334555,0.0,1357.0
0.8491918943628294,0.0,0.209796617,0.504817556,0.0,1357.0
0.8442176631169076,0.0,0.17754581400000002,0.448872712,0.0,1357.0
0.8611764289256212,0.0,0.161328413,0.417236137,0.0,1357.0
0.9250766107527807,0.0,0.161457423,0.403828654,0.0,1357.0
0.9671177807045735,0.0,0.162684188,0.394500265,0.0,1357.0
0.9954359697735736,0.003934447,0.161955037,0.387945003,0.0,1357.0
0.9906881045400168,0.231470674,0.15176813,0.381800466,0.0,1357.0
0.9820699540943065,0.393065421,0.116570596,0.368309116,0.0,1357.0
0.9807979479716274,0.551224339,0.092592744,0.351225895,0.0,1357.0
0.9803457792921738,0.6586088,0.080301038,0.3136782,0.0,1357.0
0.9800612023935157,0.692533763,0.0807533825,0.306847494,0.0,1357.0
0.9800359462680076,0.607950507,0.097621428,0.330179625,0.0,1357.0
0.9841077177641943,0.467806099,0.125874737,0.361399034,0.0,1357.0
0.997927967305431,0.273830842,0.168709401,0.412276706,0.0,1357.0
1.0,0.010957751,0.204186986,0.454640857,0.0,1357.0
0.9984358121300577,0.0,0.218316579,0.478354304,0.0,1357.0
0.9804332369268662,0.0,0.21634534700000002,0.4688969595,0.0,1357.0
0.9350353066210213,0.0,0.209264316,0.437836003,0.0,1357.0
0.8979958767965182,0.0,0.200083671,0.408363402,0.0,1357.0
0.8461497079492102,0.0,0.210009209,0.44137181,0.0,1357.0
0.836923908654065,0.0,0.19833513149999998,0.41495891,0.0,2133.0
0.8346241953706128,0.0,0.1909223205,0.356201106,0.0,2909.0
0.890336472171706,0.0,0.1833036105,0.279606946,0.0,2909.0
0.9608226279593575,0.0,0.177891041,0.239553855,0.0,2909.0
0.9892557369637041,0.005309627,0.166912299,0.227825444,0.0,2909.0
0.9855438411840957,0.211462041,0.139201071,0.21539139,0.0,2909.0
0.9798599987199871,0.346803374,0.103488006,0.198497368,0.0,2909.0
0.9782464252895806,0.469430255,0.06034234,0.176939992,0.0,2909.0
0.977206324220111,0.582294687,0.053771003,0.114196889,0.0,2909.0
0.9711170694839761,0.604456285,0.034065831,0.103267467,0.0,2909.0
0.9696234392030654,0.590918899,0.025675384,0.10246591999999999,0.0,2909.0
0.9746889767760736,0.442279786,0.033115022,0.111686434,0.0,2909.0
0.989380326930172,0.261209919,0.042769593,0.124582372,0.0,2909.0
0.9969524621188802,0.014575414,0.048612672,0.139342873,0.0,2909.0
0.9964428334717533,0.0,0.042795056,0.143697823,0.0,2909.0
0.990970898241419,0.0,0.037488572,0.148523625,0.0,2909.0
0.9641261065419707,0.0,0.030663143,0.149170339,0.0,2909.0
0.9306098562062933,0.0,0.026303734,0.15084007,0.0,2909.0
0.8931166614531802,0.0,0.024524338,0.154396118,0.0,2909.0
0.8461497079492102,0.0,0.02834429,0.195805563,0.0,2909.0
0.8396745698271243,0.0,0.02902112,0.18954218,0.0,2909.0
0.8338780139154375,0.0,0.030962010499999998,0.188597778,0.0,2909.0
0.8502180521677822,0.0,0.032392761500000006,0.20694337200000001,0.0,2909.0
0.9159024503992038,0.0,0.030070278,0.20263418,0.0,2909.0
0.9608226279593575,0.0,0.027856936,0.194556795,0.0,2909.0
0.9892557369637041,0.00537791,0.027062622,0.190850671,0.0,2909.0
0.9855438411840957,0.136945009,0.026348267,0.190184331,0.0,2909.0
0.9798599987199871,0.23634479,0.023097168,0.188609249,0.0,2909.0
0.9774286530288713,0.327285027,0.017599465,0.186113161,0.0,2909.0
0.9702729150324508,0.431191395,0.011607451,0.161727903,0.0,2909.0
0.9673947527546267,0.464616814,0.010871734,0.16110729,0.0,2909.0
0.9635438082299602,0.442975867,0.011491895,0.165414625,0.0,2909.0
0.9634308596904576,0.40079894,0.012962365,0.173334469,0.0,2909.0
0.9689863563445096,0.297951966,0.017840226,0.183822231,0.0,2909.0
0.9844768883652062,0.183960823,0.033889687,0.200971078,0.0,2909.0
0.9909627294222935,0.014662483,0.059067409,0.228193586,0.0,2909.0
0.9939326213177168,0.0,0.075630811,0.243452976,0.0,2909.0
0.9907262238202033,0.0,0.085610919,0.251056759,0.0,2909.0
0.9644265508950316,0.0,0.086288198,0.240615201,0.0,2909.0
0.9309677605270277,0.0,0.082886436,0.21311194,0.0,2909.0
0.8934745657739145,0.0,0.07338894,0.167715219,0.0,2909.0
0.8306495990588201,0.0,0.075051907,0.129998635,0.0,2909.0
0.8231413082091661,0.0,0.067977666,0.092503739,0.0,2909.0
0.8161861170669487,0.0,0.0632244555,0.079985009,0.0,2909.0
0.8185507072807132,0.0,0.06695116849999999,0.1008004405,0.0,2909.0
0.8232366992584377,0.0,0.0765449515,0.12293262299999999,0.0,2909.0
0.8695391079158198,0.006829855,0.080758793,0.125340005,0.0,2909.0
0.8938963144337032,0.114879054,0.073768037,0.120469354,0.0,2909.0
0.9036202878971095,0.236411061,0.044918197,0.100016587,0.0,2909.0
0.904083066350137,0.359394755,0.029506016,0.080589496,0.0,2909.0
0.898152953215656,0.436008904,0.024296567,0.07909901,0.0,2909.0
0.8954632255559762,0.4383832825,0.0258404855,0.0504319285,0.0,2909.0
0.8956449006560521,0.36172785,0.030804844,0.037879705,0.0,2909.0
0.9043497106118764,0.265171636,0.039402729,0.044254356,0.0,2909.0
0.9238787773827142,0.141914816,0.067682062,0.058863374,0.0,2909.0
0.9298221288185613,0.012343768,0.107822359,0.086052922,0.0,2909.0
0.9328642208202639,0.0,0.126871613,0.106702052,0.0,2909.0
0.9230833510470826,0.0,0.12997671500000002,0.117862572,0.0,2909.0
0.8759628887689752,0.0,0.10799159950000001,0.107596073,0.0,2909.0
0.8309282611447014,0.0,0.096961607,0.091310619,0.0,2909.0
0.8201017512612059,0.0,0.09621701699999999,0.08627963699999999,0.0,2909.0
0.8158831376601452,0.0,0.10222125800000001,0.1043157915,0.0,2909.0
0.8170370313491649,0.0,0.109775214,0.12126178800000001,0.0,2909.0
0.8513898316003846,0.0040391175,0.11449773099999999,0.136844843,0.0,2909.0
0.8938963144337032,0.097718797,0.10421692,0.140395553,0.0,2909.0
0.9031342253396624,0.208033289,0.068452373,0.123163753,0.0,2909.0
0.9029185628875435,0.293626239,0.048526081,0.105986131,0.0,2909.0
0.897618068443021,0.344386888,0.033361601,0.0870108,0.0,2909.0
0.8943764621783735,0.346926524,0.032728867,0.086199636,0.0,2909.0
0.8920949632044781,0.332622162,0.035131087,0.091245636,0.0,2909.0
0.8927638272399309,0.27769757,0.045825294,0.114383428,0.0,2909.0
0.9022956105542261,0.168276183,0.068294826,0.151248045,0.0,2909.0
0.9232029650053598,0.089732656,0.110725798,0.188728676,0.0,2909.0
0.9286363126473922,0.00957454,0.151475338,0.211315723,0.0,2909.0
0.9298135848527478,0.0,0.169176257,0.219827465,0.0,2909.0
0.9288036224429274,0.0,0.168674238,0.204448492,0.0,2909.0
0.9040037769093259,0.0,0.157095221,0.176349075,0.0,2909.0
0.8607561824156947,0.0,0.140783408,0.151998021,0.0,2909.0
0.8429035011356819,0.0,0.143472922,0.1362757265,0.0,2909.0
0.8340226026392068,0.0,0.1244974355,0.1087171415,0.0,2909.0
0.8502646210018657,0.0,0.12303077700000001,0.1218033025,0.0,2909.0
0.9159024503992038,0.0,0.140045884,0.153098448,0.0,2909.0
0.9608226279593575,0.0,0.140629706,0.165109698,0.0,2909.0
0.9892557369637041,0.010980676,0.145410709,0.194265796,0.0,2909.0
0.9847431574802578,0.145434904,0.120935074,0.218483948,0.0,2909.0
0.9754864686068434,0.258388609,0.080891533,0.231162027,0.0,2909.0
0.9706376732831703,0.347557816,0.064687884,0.23104532,0.0,2909.0
0.9649093271674941,0.412924455,0.035204894,0.185829413,0.0,2909.0
0.9614130944652491,0.42659943,0.04296269,0.198192782,0.0,2909.0
0.9593114870815516,0.390291329,0.049069087,0.218446735,0.0,2909.0
0.9600965853162472,0.329136425,0.056389471,0.250737035,0.0,2909.0
0.9661265024755364,0.21056599,0.076095719,0.298634956,0.0,2909.0
0.9819150378948457,0.103961248,0.111054189,0.35039435,0.0,2909.0
0.9838686767957394,0.01124914,0.16527095,0.415933187,0.0,2909.0
0.9863092229593723,0.0,0.199139374,0.463652913,0.0,2909.0
0.9823638265026426,0.0,0.212952073,0.494687672,0.0,2909.0
0.9557356363725215,0.0,0.216993874,0.519126949,0.0,2909.0
0.9228820532742598,0.0,0.212794304,0.524062542,0.0,2909.0
0.887249172805774,0.0,0.215319405,0.520603696,0.0,2909.0
0.8264364310245543,0.0,0.237879095,0.510985441,0.0,2909.0
0.8192475506940049,0.0,0.245917878,0.477031094,0.0,2909.0
0.8117781300431576,0.0,0.243680599,0.459649147,0.0,2909.0
0.8113471799729852,0.0,0.2361336125,0.47574870199999997,0.0,2909.0
0.8677407612989414,0.0,0.2456849265,0.538082758,0.0,2909.0
0.9433975163652382,0.0,0.268662307,0.587697185,0.0,2909.0
0.9716266981311031,0.013462039,0.283532732,0.613786534,0.0,2909.0
0.9697933312583012,0.099203464,0.280769115,0.616994271,0.0,2909.0
0.9642590535261527,0.167387654,0.220739821,0.599541831,0.0,2909.0
0.9629450791182708,0.23597446,0.191796909,0.570452469,0.0,2909.0
0.9585511747885155,0.32672002,0.160416617,0.505044398,0.0,2909.0
0.9578794940266823,0.396145882,0.163486743,0.473213038,0.0,2909.0
0.9566488934691743,0.407531139,0.177363117,0.480507356,0.0,2909.0
0.9573682697556434,0.329427373,0.19701347,0.497250251,0.0,2909.0
0.9640079947335558,0.230085024,0.221266357,0.515764069,0.0,2909.0
0.9766182048819956,0.11842486,0.284912795,0.558304834,0.0,2909.0
0.9812450465435961,0.024321778,0.325078777,0.603525141,0.0,2909.0
0.9827035162011978,0.0,0.336350164,0.639824753,0.0,2909.0
0.9784622753150435,0.0,0.331975389,0.636293848,0.0,2909.0
0.9538092249929799,0.0,0.321065786,0.60635685,0.0,2909.0
0.9228820532742598,0.0,0.300756823,0.557668135,0.0,2909.0
0.8882478683100724,0.0,0.29053372,0.513630283,0.0,2909.0
0.8335502007357719,0.0,0.275544945,0.459491444,0.0,2909.0
0.8273733479975589,0.0,0.272825998,0.440729379,0.0,2909.0
0.8246385536536578,0.0,0.283692645,0.465211878,0.0,2909.0
0.8449808387170379,0.0,0.309107331,0.49582985450000006,0.0,2909.0
0.9132627657445583,0.0,0.324468037,0.545867829,0.0,2909.0
0.9605189911079838,0.0,0.335984603,0.568425546,0.0,2909.0
0.9878219600863345,0.030940911,0.329366936,0.573729469,0.0,2909.0
0.9825701940703281,0.283733087,0.305638539,0.559223722,0.0,2909.0
0.9711365983700514,0.450347024,0.19385677,0.49408736,0.0,2909.0
0.9708372813327871,0.58376196,0.143801952,0.420614981,0.0,2909.0
0.9641967110243382,0.650414735,0.10631279,0.313182904,0.0,2909.0
0.9582340182757598,0.624935097,0.106910893,0.30241392,0.0,2909.0
0.9567124558229684,0.578789383,0.120494132,0.334967316,0.0,2909.0
0.9563736114549496,0.50020196,0.157263719,0.365196023,0.0,2909.0
0.9624772305577584,0.373991283,0.214445382,0.397239169,0.0,2909.0
0.9756609143176239,0.225650268,0.292934949,0.440591241,0.0,2909.0
0.9805848202606288,0.049878127,0.357712155,0.487264996,0.0,2909.0
0.9827035162011978,0.0,0.386339887,0.536627198,0.0,2909.0
0.9802259774479307,0.0,0.378237984,0.566778035,0.0,2909.0
0.9557356363725215,0.0,0.363011012,0.571080902,0.0,2909.0
0.9233811665597292,0.0,0.344428821,0.539600437,0.0,2909.0
0.8887562764799752,0.0,0.328153654,0.475698816,0.0,2909.0
0.8346500151540193,0.0,0.333301417,0.439374777,0.0,2909.0
0.8247074684128193,0.0,0.296196734,0.3775356855,0.0,2909.0
0.8218928684887892,0.0,0.26542738050000003,0.400765424,0.0,2909.0
0.876852344684024,0.0,0.278981355,0.445312563,0.0,2909.0
0.9486306926123778,0.0,0.301999909,0.493216183,0.0,2909.0
0.9733911511826102,0.02032867,0.301690153,0.522106452,0.0,2909.0
0.9713106683088997,0.159019865,0.298048744,0.513569735,0.0,2909.0
0.964650851099636,0.266498238,0.185934882,0.465127213,0.0,2909.0
0.9610601664653279,0.358564144,0.149764353,0.429168848,0.0,2909.0
0.9580099056444995,0.399789781,0.128720714,0.39058835,0.0,2909.0
0.955702399626476,0.392930552,0.128371667,0.385883116,0.0,2909.0
0.9514690461994316,0.369431786,0.140110555,0.422158124,0.0,2909.0
0.9526347695140048,0.280235372,0.162583249,0.464326062,0.0,2909.0
0.9579707540856772,0.183184499,0.215909082,0.517158514,0.0,2909.0
0.971712324737337,0.090933005,0.305151932,0.571565731,0.0,2909.0
0.9734322747625211,0.011937232,0.365077217,0.610681952,0.0,2909.0
0.972274907215173,0.0,0.384903095,0.61949765,0.0,2909.0
0.9660998376742159,0.0,0.382208858,0.604860095,0.0,2909.0
0.940165955903644,0.0,0.373213006,0.587908194,0.0,2909.0
0.907937578519804,0.0,0.359611146,0.551454515,0.0,2909.0
0.87545194554533,0.0,0.344757231,0.510954626,0.0,2909.0
0.8114743056184399,0.0,0.331662419,0.458522243,0.0,2909.0
0.798181992820559,0.0,0.352092973,0.491004114,0.0,2909.0
0.7934650643712295,0.0,0.3674078355,0.5336508655,0.0,2909.0
0.8204209732690998,0.0,0.374310643,0.540364766,0.0,2909.0
0.8713269394836629,0.0,0.386957712,0.54943833,0.0,2909.0
0.9152585611292434,0.0,0.39063977,0.570375953,0.0,2909.0
0.9408430825448945,0.007401033,0.382679944,0.584974803,0.0,2909.0
0.9386009227031652,0.030864724,0.404499836,0.592055176,0.0,2909.0
0.9413083013271258,0.06219316,0.326125187,0.596634943,0.0,2909.0
0.9428169074638114,0.090737166,0.276567903,0.565186818,0.0,2909.0
0.9402916731859084,0.114965628,0.220377228,0.497611539,0.0,2909.0
0.9385461387818645,0.127652976,0.2449163725,0.482536549,0.0,2909.0
0.9380659441438582,0.09951221,0.277755368,0.447140332,0.0,2909.0
0.9442314368151217,0.065396246,0.298658915,0.440757099,0.0,2909.0
0.9561564465403463,0.034578454,0.305990382,0.457920795,0.0,2909.0
0.9587988541347002,0.010166551,0.331805209,0.497567462,0.0,2909.0
0.9569720585813787,0.0,0.344586462,0.532183596,0.0,2909.0
0.9394266283784538,0.0,0.33390418850000003,0.577213592,0.0,2909.0
0.8972226088126208,0.0,0.30685989,0.580862728,0.0,2909.0
0.8650784493592022,0.0,0.280336268,0.55433767,0.0,2909.0
0.7932191225794535,0.0,0.244046652,0.467145646,0.0,2909.0
0.7805673899451249,0.0,0.2525766195,0.48560936450000003,0.0,2909.0
0.7760863340378499,0.0,0.2553450505,0.513428424,0.0,2909.0
0.7765455676673005,0.0,0.251489519,0.5025914135,0.0,2909.0
0.8175065699455056,0.0047862635,0.24571687650000001,0.475227772,0.0,2909.0
0.8578396194976681,0.030283666,0.23692644,0.468466896,0.0,2909.0
0.8726534012742909,0.061225077,0.223185824,0.462695565,0.0,2909.0
0.8761625902926417,0.103573737,0.196422263,0.444423455,0.0,2909.0
0.8743067833954676,0.145498604,0.200340482,0.475721987,0.0,2909.0
0.8732423659429428,0.146743899,0.179894199,0.427666778,0.0,2909.0
0.8728550745064237,0.152529925,0.175144862,0.398739609,0.0,2909.0
0.874936026313494,0.133583316,0.16295505,0.374626089,0.0,2909.0
0.885700757978318,0.089716397,0.153542788,0.362842606,0.0,2909.0
0.9059933282900156,0.04199994,0.179726691,0.371671392,0.0,2909.0
0.9089650984198555,0.011661732,0.211981788,0.380470402,0.0,2909.0
0.9074889774853508,0.0,0.233777162,0.389075715,0.0,2909.0
0.9032372218627834,0.0,0.228733145,0.38051581,0.0,2909.0
0.881503644971799,0.0,0.2030468115,0.3554303695,0.0,2909.0
0.8436336747690688,0.0,0.172602777,0.311147728,0.0,2909.0
0.7974814879755949,0.0,0.160336652,0.295904499,0.0,2909.0
0.7876998669711714,0.0,0.158549199,0.27137794,0.0,2909.0
0.7800929931991777,0.0,0.152866081,0.248841333,0.0,2909.0
0.7788173487788721,0.0,0.1498686055,0.23972303150000002,0.0,2909.0
0.7786092208353542,0.0,0.150772642,0.23858123199999998,0.0,2909.0
0.8178624553518155,0.0081157085,0.156090352,0.23878811449999998,0.0,2909.0
0.8566667602678495,0.050522432,0.151585703,0.235311556,0.0,2909.0
0.869742283610437,0.108397288,0.155449501,0.239179337,0.0,2909.0
0.8710248988814455,0.168318112,0.157456406,0.229264648,0.0,2909.0
0.867381167255001,0.188867104,0.160499734,0.247490362,0.0,2909.0
0.8672359210866613,0.192515754,0.164161274,0.223118066,0.0,2909.0
0.8663102710191787,0.216994088,0.173600041,0.217791233,0.0,2909.0
0.8682717967539378,0.171979712,0.166530333,0.220325594,0.0,2909.0
0.8786848202708203,0.170454981,0.168157082,0.229846791,0.0,2909.0
0.8991942741371053,0.10624091,0.170267737,0.240874485,0.0,2909.0
0.9058677054196673,0.045850257,0.195692428,0.245355553,0.0,2909.0
0.9072557581682453,0.0,0.218560964,0.260231468,0.0,2909.0
0.903407629744715,0.0,0.225320805,0.265073003,0.0,2909.0
0.882819590775525,0.0,0.20371465849999998,0.259396105,0.0,2909.0
0.8463200220444698,0.0,0.173156432,0.248842095,0.0,2909.0
0.8087063683151653,0.0,0.136043363,0.234404441,0.0,2909.0
0.7996252518430836,0.0,0.131533,0.253271294,0.0,2909.0
0.7922139489171021,0.0,0.123452912,0.278131395,0.0,2909.0
0.7911000514921966,0.0,0.116743818,0.295802153,0.0,2909.0
0.7916340909342955,0.0,0.112223211,0.314987647,0.0,2909.0
0.8180007069101621,0.0,0.113122251,0.371442423,0.0,2909.0
0.8692461752499365,0.0,0.12479739,0.432071596,0.0,2909.0
0.9132333786287737,0.0,0.132606646,0.451383453,0.0,2909.0
0.9403508231894102,0.036713628,0.131676708,0.467809997,0.0,2909.0
0.9388288849646864,0.089503628,0.131439432,0.502442096,0.0,2909.0
0.9391518625035469,0.123968477,0.149377601,0.512581814,0.0,2909.0
0.9397281522161088,0.135317636,0.169544163,0.49256998,0.0,2909.0
0.9380751452416197,0.158260863,0.154143517,0.499939097,0.0,2909.0
0.9365224118505433,0.130976222,0.17651073,0.501861942,0.0,2909.0
0.9382327850060337,0.079256018,0.1991632325,0.507907562,0.0,2909.0
0.9453996017093876,0.040824116,0.220608283,0.561062438,0.0,2909.0
0.9571740137987719,0.021126202,0.262900322,0.600824651,0.0,2909.0
0.9587988541347002,0.006807437,0.304365286,0.629530404,0.0,2909.0
0.9556398701765623,0.0,0.334785395,0.631920183,0.0,2909.0
0.9473303316525497,0.0,0.34329991,0.624327631,0.0,2909.0
0.9227686358013976,0.0,0.327989072,0.592238928,0.0,2909.0
0.8918649357604409,0.0,0.295484589,0.536005333,0.0,2909.0
0.858145133958214,0.0,0.264914209,0.47404402,0.0,2909.0
0.7939154023348468,0.0,0.204240892,0.331396378,0.0,2909.0
0.7834369382297539,0.0,0.217598516,0.304018295,0.0,2909.0
0.7754446506304133,0.0,0.221861031,0.321736002,0.0,2909.0
0.7741835356413241,0.0,0.224358943,0.348437756,0.0,2909.0
0.7893054366469947,0.0,0.20088593700000001,0.346429958,0.0,2909.0
0.8580625116517046,0.0,0.182002005,0.366807385,0.0,2909.0
0.9022314842299115,0.0,0.170588533,0.391822396,0.0,2909.0
0.9291138312390259,0.005729607,0.164297736,0.414131702,0.0,2909.0
0.9262730366975237,0.01822065,0.150759262,0.455032065,0.0,2909.0
0.9271119334682202,0.044606123,0.121318538,0.481730977,0.0,2909.0
0.9273716300133025,0.06036289,0.112840228,0.504872341,0.0,2909.0
0.9281353217527506,0.071529895,0.116810583,0.549877488,0.0,2909.0
0.9278701793282512,0.082401222,0.135448205,0.611001628,0.0,2909.0
0.9276932932882668,0.069567378,0.162438726,0.67476912,0.0,2909.0
0.9314400683311685,0.047365919,0.19791571149999998,0.7410699875,0.0,2909.0
0.9468151639645781,0.019779265,0.249937143,0.780952153,0.0,2909.0
0.9487292755347174,0.006775455,0.288766418,0.807048066,0.0,2909.0
0.947602046021774,0.0,0.311300597,0.825815458,0.0,2909.0
0.9415778567271621,0.0,0.324873297,0.834892634,0.0,2909.0
0.9200124349622489,0.0,0.344114834,0.835526232,0.0,2909.0
0.8901003889222617,0.0,0.364179183,0.833175512,0.0,2909.0
0.8588202885783759,0.0,0.386580867,0.829925383,0.0,2909.0
0.7950073292939843,0.0,0.384736236,0.830768434,0.0,2909.0
0.7897043938950136,0.0,0.432651988,0.844574203,0.0,2909.0
0.7855207070758268,0.0,0.47639809499999997,0.8674298785,0.0,2909.0
0.8033596808084916,0.0,0.5329277875,0.9017850789999999,0.0,2909.0
0.8709926950392803,0.0,0.563248097,0.916500425,0.0,2909.0
0.9170258309071311,0.0,0.58463898,0.92108166,0.0,2909.0
0.9461869533251877,0.019039064,0.605049864,0.923605391,0.0,2909.0
0.944877580091431,0.058018232,0.618365953,0.921484073,0.0,2909.0
0.9493093210908681,0.131094195,0.650039181,0.920178405,0.0,2909.0
0.95234681254369,0.176451528,0.671772166,0.918252338,0.0,2909.0
0.9522475718641578,0.234369645,0.635733037,0.904083281,0.0,2909.0
0.9499748050546641,0.272860192,0.650555214,0.903746715,0.0,2909.0
0.9494294987070435,0.303558229,0.665598546,0.899461101,0.0,2909.0
0.9502065225345299,0.295129133,0.673581432,0.902672307,0.0,2909.0
0.9578448492300686,0.264875058,0.637543595,0.904342377,0.0,2909.0
0.9729341943809321,0.20677861,0.609040439,0.9092705,0.0,2909.0
0.9758930075694217,0.096463584,0.60562857,0.911668544,0.0,2909.0
0.9757916072954569,0.0,0.592807673,0.90317047,0.0,2909.0
0.9719460142382912,0.0,0.577128261,0.886462885,0.0,2909.0
0.9477017562599104,0.0,0.547889975,0.862502233,0.0,2909.0
0.9176126359813503,0.0,0.518447426,0.826688171,0.0,2909.0
0.8842052025696545,0.0,0.496971138,0.789864812,0.0,2909.0
0.8234487002788842,0.0,0.478931108,0.779455904,0.0,2909.0
0.8194549511655707,0.0,0.462992161,0.73280683,0.0,2909.0
0.8171429852786745,0.0,0.45936842499999997,0.6784406135,0.0,2909.0
0.824049495198334,0.0,0.46750766,0.672536254,0.0,2909.0
0.8570095486780454,0.0,0.474365581,0.687642927,0.0,2909.0
0.9108727318319418,0.0,0.468039941,0.682191605,0.0,2909.0
0.9593926069255767,0.001058938,0.464625768,0.684451998,0.0,2909.0
0.9849564727646003,0.147211131,0.444588655,0.676618814,0.0,2909.0
0.9741643260050803,0.268898616,0.420511339,0.663748019,0.0,2909.0
0.9702909420812861,0.394939546,0.411576998,0.641879961,0.0,2909.0
0.9650649949108194,0.494092421,0.398162061,0.593941184,0.0,2909.0
0.9602815463886852,0.666437828,0.37346617,0.533557852,0.0,2909.0
0.9580903683565765,0.736692324,0.38406456,0.504038667,0.0,2909.0
0.9570930815280906,0.711761928,0.401660008,0.515309591,0.0,2909.0
0.9586843093460413,0.639453584,0.405951338,0.564384804,0.0,2909.0
0.9642272248306752,0.527256533,0.416445479,0.616817516,0.0,2909.0
0.9805317732684923,0.384501383,0.430282049,0.660680352,0.0,2909.0
0.9836455964431148,0.187493193,0.472702403,0.704633283,0.0,2909.0
0.9886812310736426,0.001470518,0.498107117,0.725956618,0.0,2909.0
0.9834937783300501,0.0,0.499427398,0.746759304,0.0,2909.0
0.9582482894810063,0.0,0.471971342,0.727272033,0.0,2909.0
0.9271556855759232,0.0,0.437258206,0.697584769,0.0,2909.0
0.8918212774394098,0.0,0.408989635,0.669510159,0.0,2909.0
0.8404932805797977,0.0,0.433323446,0.683191891,0.0,2909.0
0.8346047605838318,0.0,0.402714922,0.62205079,0.0,2909.0
0.8301540540435957,0.0,0.395332814,0.5781394485,0.0,2909.0
0.8489538390922966,0.0,0.3966878425,0.5681484050000001,0.0,2909.0
0.9147015183174966,0.0,0.397212136,0.61373962,0.0,2909.0
0.960021849843603,0.001710053,0.400221244,0.652503806,0.0,2909.0
0.9885389892050271,0.177887627,0.367149608,0.664402992,0.0,2909.0
0.983553210318812,0.322458166,0.324617681,0.672493839,0.0,2909.0
0.9711365983700514,0.476126598,0.283074561,0.656348187,0.0,2909.0
0.9685161612414652,0.60435779,0.279848129,0.627486453,0.0,2909.0
0.9635086938747426,0.695858091,0.238792915,0.632610695,0.0,2909.0
0.9582340182757598,0.736917367,0.263106586,0.60684863,0.0,2909.0
0.9573638567801065,0.74881929,0.296811989,0.582045664,0.0,2909.0
0.9584134403073535,0.674019352,0.310945233,0.584502501,0.0,2909.0
0.9640908046134092,0.552160772,0.352971072,0.610284597,0.0,2909.0
0.9766182048819956,0.386559045,0.395892404,0.635977261,0.0,2909.0
0.9819671457697737,0.193665441,0.457548289,0.67661663,0.0,2909.0
0.9841877109176672,0.001936147,0.498988001,0.721270564,0.0,2909.0
0.982754028452214,0.0,0.492143957,0.744234147,0.0,2909.0
0.9564925685939009,0.0,0.459955451,0.725195833,0.0,2909.0
0.9244357257825446,0.0,0.419188108,0.67608764,0.0,2909.0
0.8897128155004824,0.0,0.369669145,0.604367463,0.0,2909.0
0.8210957521173294,0.0,0.369946096,0.574723634,0.0,2909.0
0.816022093243776,0.0,0.326193041,0.47872684,0.0,2909.0
0.8113914957385865,0.0,0.298568473,0.408488066,0.0,2909.0
0.8122750834215722,0.0,0.2810089775,0.3764334965,0.0,2909.0
0.8148190015676362,0.0,0.2881412485,0.3930239175,0.0,2909.0
0.8316712973075222,0.002237488,0.278062245,0.448123791,0.0,2909.0
0.8673543148803365,0.155181117,0.251007103,0.465623568,0.0,2909.0
0.8905320895984318,0.330887866,0.195574672,0.452167158,0.0,2909.0
0.8956188929866794,0.491246432,0.137524395,0.41588513,0.0,2909.0
0.8949123798548887,0.644536222,0.123773439,0.381822168,0.0,2909.0
0.8895698227132471,0.731543507,0.132157963,0.354144058,0.0,2909.0
0.8884229705275565,0.728248402,0.147726633,0.355729002,0.0,2909.0
0.8844176725234607,0.636239887,0.171288777,0.33855135,0.0,2909.0
0.8845237671329782,0.504095707,0.201434587,0.355147786,0.0,2909.0
0.8949305938518234,0.350757427,0.252895614,0.412236947,0.0,2909.0
0.9145751439032839,0.219507949,0.314980206,0.515682105,0.0,2909.0
0.9194165219516958,0.095416881,0.3682334,0.595790274,0.0,2909.0
0.9202678123184663,0.002224409,0.408663046,0.691500756,0.0,2909.0
0.9183280688508867,0.0,0.416277059,0.73918873,0.0,2909.0
0.8949886174773951,0.0,0.411645547,0.7776742485,0.0,2909.0
0.8542617036061221,0.0,0.409097605,0.798677604,0.0,2909.0
0.8113602303883852,0.0,0.461272027,0.830827859,0.0,2909.0
0.8026718512322397,0.0,0.445035269,0.817151806,0.0,2909.0
0.7946015418752704,0.0,0.454107313,0.8452449895,0.0,2909.0
0.794530186474283,0.0,0.4840757255,0.871592805,0.0,2909.0
0.7982006766887201,0.0013615195,0.5156694945,0.900029151,0.0,2909.0
0.8456923753755998,0.099591115,0.515516909,0.907414917,0.0,2909.0
0.8664488508308772,0.25419025,0.512613358,0.906172045,0.0,2909.0
0.8750737614199006,0.410056934,0.482815644,0.90181238,0.0,2909.0
0.8772642823200613,0.52448089,0.479660075,0.903491655,0.0,2909.0
0.8720539206187371,0.616218427,0.495607448,0.90175226,0.0,2909.0
0.8667789642849831,0.641675432,0.548108514,0.904014989,0.0,2909.0
0.8657286298391161,0.628167644,0.587197562,0.904544154,0.0,2909.0
0.8664150507395556,0.521556649,0.648283694,0.910063028,0.0,2909.0
0.8767300546793743,0.427082587,0.678913906,0.917401091,0.0,2909.0
0.897174349942709,0.285408186,0.698066112,0.921218462,0.0,2909.0
0.9045467832951285,0.126176732,0.699533906,0.918653214,0.0,2909.0
0.9072557581682453,0.002705884,0.684209424,0.899770995,0.0,2909.0
0.9029633478991267,0.0,0.655915307,0.874940978,0.0,2909.0
0.8808714912280979,0.0,0.6005628519999999,0.9063094615,0.0,2909.0
0.8413931111764961,0.0,0.562737247,0.926080131,0.0,2909.0
0.798826915307022,0.0,0.536792003,0.920374599,0.0,2909.0
0.7862701276100287,0.0,0.4863360445,0.914274759,0.0,2909.0
0.7835182925404588,0.0,0.4366249955,0.8884871205,0.0,2909.0
0.839116870508674,0.0,0.422979518,0.8805963784999999,0.0,2909.0
0.9096320842208916,0.004308621,0.397635754,0.866375115,0.0,2909.0
0.9349919296600061,0.164306892,0.347002612,0.84749906,0.0,2909.0
0.9299847442785437,0.3011229,0.279395626,0.82850747,0.0,2909.0
0.9273306002200634,0.453540945,0.240487053,0.817938548,0.0,2909.0
0.9260177525027338,0.523625966,0.246485166,0.802439615,0.0,2909.0
0.9255476511863614,0.555848777,0.163158189,0.680818744,0.0,2909.0
0.9259824505741723,0.586209115,0.166151943,0.672515843,0.0,2909.0
0.9271851664783799,0.533360057,0.180169872,0.673375838,0.0,2909.0
0.928321879074345,0.428313648,0.184345078,0.629985635,0.0,2909.0
0.9384339886795623,0.31551169,0.180440681,0.595971325,0.0,2909.0
0.9523486901528622,0.220103339,0.185664967,0.585668713,0.0,2909.0
0.9560263162825449,0.11988863,0.195258783,0.651733763,0.0,2909.0
0.9617509065546321,0.003557212,0.219388011,0.762340897,0.0,2909.0
0.959087655810307,0.0,0.243710874,0.782791246,0.0,2909.0
0.9376550866176594,0.0,0.264924724,0.773902756,0.0,2909.0
0.907746796421261,0.0,0.282212504,0.777308329,0.0,2909.0
0.8775793730250564,0.0,0.29459912,0.793782269,0.0,2909.0
0.8134822119886944,0.0,0.322340005,0.805553657,0.0,2909.0
0.8088126504980266,0.0,0.342505081,0.811842559,0.0,2909.0
0.7995670878501262,0.0,0.3659687905,0.8033234685,0.0,2909.0
0.8017981214663414,0.0,0.369795633,0.786920572,0.0,2909.0
0.8285852649995281,0.0,0.373358994,0.771229719,0.0,2909.0
0.8782708640329806,0.0,0.371618007,0.754131949,0.0,2909.0
0.9256068949765349,0.004257121,0.367036443,0.739200104,0.0,2909.0
0.9536798462790429,0.109444651,0.343587781,0.720111935,0.0,2909.0
0.9519032816167219,0.25631293,0.321913696,0.692000937,0.0,2909.0
0.9524898991175973,0.353416115,0.296979705,0.668134112,0.0,2909.0
0.9524726236126266,0.482454543,0.290370566,0.646866371,0.0,2909.0
0.9498003593438836,0.577635994,0.241903538,0.565250652,0.0,2909.0
0.9496824351088126,0.648579827,0.262607093,0.51388582,0.0,2909.0
0.9499064539534011,0.634190079,0.272536912,0.480918166,0.0,2909.0
0.9547442643568124,0.592666682,0.268861562,0.460402963,0.0,2909.0
0.9615572139430367,0.493889507,0.267201014,0.46388824,0.0,2909.0
0.9758312284128834,0.363310436,0.257849009,0.475303538,0.0,2909.0
0.9783219116808447,0.210184736,0.277536108,0.483890152,0.0,2909.0
0.982336410782702,0.005865695,0.275116691,0.490501123,0.0,2909.0
0.9781044654062255,0.0,0.242360263,0.522353977,0.0,2909.0
0.9555366860800972,0.0,0.204872794,0.564219659,0.0,2909.0
0.9240241173377258,0.0,0.178871231,0.581367764,0.0,2909.0
0.8917125543021001,0.0,0.173462168,0.584861895,0.0,2909.0
0.8415944092619411,0.0,0.212229034,0.602852908,0.0,2909.0
0.8350599335630097,0.0,0.234537186,0.614811844,0.0,2909.0
0.8323541039822473,0.0,0.29908032149999997,0.6506853555000001,0.0,2909.0
0.8359131953256246,0.0,0.38018407,0.683151593,0.0,2909.0
0.8647704939442081,0.0,0.432233171,0.697735905,0.0,2909.0
0.9159024503992038,0.0,0.484733085,0.71764854,0.0,2909.0
0.9608226279593575,0.006921651,0.52766677,0.742252536,0.0,2909.0
0.9876366238672086,0.085168771,0.563077322,0.772271239,0.0,2909.0
0.973421101643671,0.13911962,0.596417146,0.79176513,0.0,2909.0
0.963424851091009,0.175637784,0.604993215,0.798695761,0.0,2909.0
0.9587781985580729,0.210063206,0.59177433,0.797241695,0.0,2909.0
0.9555893579255459,0.299706421,0.518656807,0.739471926,0.0,2909.0
0.9530761414717851,0.351578794,0.536128858,0.736522926,0.0,2909.0
0.9476511502222222,0.335964622,0.561840401,0.733427053,0.0,2909.0
0.9459465043061648,0.251126838,0.582410029,0.741979069,0.0,2909.0
0.9515460350531801,0.199194168,0.561195338,0.738666461,0.0,2909.0
0.9633976229444122,0.189101053,0.516693294,0.755026051,0.0,2909.0
0.9669976030883981,0.136560796,0.497083245,0.77635389,0.0,2909.0
0.9652291128332864,0.005825804,0.492588186,0.805851119,0.0,2909.0
0.9610431729456175,0.0,0.470134595,0.805838686,0.0,2909.0
0.9372063917965343,0.0,0.438010351,0.796052808,0.0,2909.0
0.9048261025129578,0.0,0.403055023,0.760655976,0.0,2909.0
0.8735797084737217,0.0,0.37826693,0.726153591,0.0,2909.0
0.8086596119077378,0.0,0.369077918,0.712861814,0.0,2909.0
0.7999674769080036,0.0,0.345836847,0.66011718,0.0,2909.0
0.7925403534209552,0.0,0.320778202,0.60618626,0.0,2909.0
0.8068771793259759,0.0,0.30242617699999996,0.564040181,0.0,2909.0
0.8713787659985753,0.0,0.305442039,0.592888324,0.0,2909.0
0.9142151744000335,0.004875712,0.313012746,0.620114856,0.0,2909.0
0.938990561932705,0.073606356,0.306097585,0.654128461,0.0,2909.0
0.932789954906224,0.143686581,0.29434459,0.714490272,0.0,2909.0
0.9331219459695022,0.187808573,0.252247678,0.791230334,0.0,2909.0
0.9307612047607539,0.242602511,0.257913508,0.840676618,0.0,2909.0
0.9284246867736334,0.310873447,0.243848393,0.856148131,0.0,2909.0
0.9273621469302807,0.307410644,0.30725223,0.87672559,0.0,2909.0
0.9264537723677689,0.351504424,0.351510108,0.894205891,0.0,2909.0
0.9276793972297083,0.354265982,0.389714944,0.898004748,0.0,2909.0
0.9334812583408044,0.352564567,0.423885271,0.891596067,0.0,2909.0
0.9467934754840706,0.239079132,0.467319621,0.872629209,0.0,2909.0
0.9522751757826867,0.127339166,0.487772719,0.848462215,0.0,2909.0
0.9556398701765623,0.007717098,0.515965377,0.81730456,0.0,2909.0
0.9528915555460347,0.0,0.508993231,0.7740025,0.0,2909.0
0.9311150718778836,0.0,0.493055976,0.736925412,0.0,2909.0
0.90259135994649,0.0,0.456602415,0.700402999,0.0,2909.0
0.8703725594323436,0.0,0.433273532,0.671680558,0.0,2909.0
0.8067509455917712,0.0,0.432781926,0.65448729,0.0,2909.0
0.800055920240618,0.0,0.400725791,0.564350128,0.0,2909.0
0.7943225040174569,0.0,0.371377046,0.499613258,0.0,2909.0
0.7961381733452643,0.0,0.3237063225,0.441817172,0.0,2909.0
0.8251510928138373,0.0,0.292336598,0.407991292,0.0,2909.0
0.8782375335002632,0.0,0.26880332,0.398726462,0.0,2909.0
0.9270432065950248,0.010477124,0.244893644,0.351031171,0.0,2909.0
0.954877023142406,0.164084625,0.19169115,0.273466259,0.0,2909.0
0.9536881088848407,0.296650605,0.138238969,0.193835395,0.0,2909.0
0.9532954653555764,0.441688203,0.107819039,0.140444612,0.0,2909.0
0.9501919699692676,0.541151515,0.090484461,0.106998748,0.0,2909.0
0.9467254063680677,0.638192268,0.065691304,0.08252517,0.0,2909.0
0.9440847825962139,0.677915489,0.064242091,0.064764987,0.0,2909.0
0.9428529609362375,0.69400082,0.064046495,0.050539569,0.0,2909.0
0.9405876107767607,0.667044863,0.058278607,0.035500676,0.0,2909.0
0.9452630877054499,0.573758744,0.053481911,0.027146972,0.0,2909.0
0.9595634843661124,0.415670267,0.069567775,0.033218786,0.0,2909.0
0.965376517970814,0.230641064,0.104585782,0.04341625,0.0,2909.0
0.9737260527589408,0.010796403,0.112105033,0.057145975,0.0,2909.0
0.9728895031560207,0.0,0.097060258,0.08732161,0.0,2909.0
0.9486898426158793,0.0,0.090651146,0.132142099,0.0,2909.0
0.9190896954078189,0.0,0.095327376,0.205797842,0.0,2909.0
0.8854277287199531,0.0,0.113521822,0.299038979,0.0,2909.0
0.8141837494249166,0.0,0.143657653,0.390370114,0.0,2909.0
0.8056439965087675,0.0,0.169081048,0.499783819,0.0,2909.0
0.7963611127052588,0.0,0.2215093805,0.606448494,0.0,2909.0
0.795085163165647,0.0,0.29208308,0.689813673,0.0,2909.0
0.7864667779406347,0.0,0.345861707,0.735808507,0.0,2909.0
0.8084948368533229,0.006137361,0.380230666,0.769485515,0.0,2909.0
0.8437561995530207,0.045900113,0.400721315,0.809364068,0.0,2909.0
0.8637452280505055,0.086384755,0.444279468,0.840820692,0.0,2909.0
0.8741376897774323,0.134007504,0.447245802,0.864091383,0.0,2909.0
0.8747137919166502,0.184784487,0.47845368,0.875572074,0.0,2909.0
0.8668185854024095,0.227443239,0.469264793,0.858845548,0.0,2909.0
0.8667789642849831,0.218195517,0.512015414,0.847976324,0.0,2909.0
0.8666950277145775,0.173683615,0.536621828,0.824836666,0.0,2909.0
0.8691616753342548,0.111516331,0.54160013,0.800427222,0.0,2909.0
0.8789589755944928,0.080424701,0.540360356,0.76515271,0.0,2909.0
0.8979521246888152,0.054373792,0.535791724,0.727376941,0.0,2909.0
0.901666930981476,0.026779789,0.527081976,0.729609613,0.0,2909.0
0.9008764806540351,0.002950663,0.515424969,0.739331723,0.0,2909.0
0.8940007190073923,0.0,0.496493061,0.739587718,0.0,2909.0
0.8710184207233926,0.0,0.46790431099999996,0.692507899,0.0,2909.0
0.8311543457970504,0.0,0.434746607,0.619479652,0.0,2909.0
0.7861224407998629,0.0,0.41439658,0.604303327,0.0,2909.0
0.7734280593017154,0.0,0.3666494795,0.5598598795,0.0,2909.0
0.7678069810668225,0.0,0.313011907,0.553016063,0.0,2909.0
0.7691255794702532,0.0,0.269152497,0.544547839,0.0,2909.0
0.8117156468613353,0.0051641725,0.21146235400000002,0.586772772,0.0,2909.0
0.8481249415439397,0.083873385,0.177780182,0.637791981,0.0,2909.0
0.8646824263835259,0.12491428,0.15280707,0.663184339,0.0,2909.0
0.8655314627439477,0.19733239,0.141835508,0.684628102,0.0,2909.0
0.8624503129700947,0.268719897,0.149908789,0.701253461,0.0,2909.0
0.8588733355705124,0.344258758,0.172146495,0.7132679,0.0,2909.0
0.8511719160797835,0.4680097005,0.2100234225,0.6996631879999999,0.0,2909.0
0.8556230921786239,0.502123471,0.249249992,0.713600898,0.0,2909.0
0.8770317195096593,0.446749827,0.252531384,0.706116469,0.0,2909.0
0.8888956072102936,0.341877457,0.272233395,0.704638242,0.0,2909.0
0.8907867160360291,0.201135182,0.314147022,0.720112909,0.0,2909.0
0.8952511304362356,0.016847779,0.368764257,0.743390442,0.0,2909.0
0.8934545679544796,0.0,0.373773822,0.73595621,0.0,2909.0
0.8705098249801461,0.0,0.354971652,0.691328654,0.0,2909.0
0.8272350495458762,0.0,0.313440885,0.6052933395,0.0,2909.0
0.7992420448161276,0.0,0.304052627,0.6713739985,0.0,2909.0
0.8086906580055416,0.0,0.2693616743333333,0.6974207023333333,0.0,2909.0
0.8859356673312518,0.0,0.282442873,0.69183594,0.0,2909.0
0.9373802741620388,0.0,0.287282837,0.665702285,0.0,2909.0
0.9696708058491049,0.037944513,0.283792246,0.653276791,0.0,2909.0
0.967194957131666,0.267541406,0.242588589,0.622596814,0.0,2909.0
0.9632150096649947,0.439587215,0.172875262,0.58418117,0.0,2909.0
0.9587182970107068,0.605153253,0.159741762,0.532449491,0.0,2909.0
0.9565586663140597,0.753762297,0.172618635,0.469794619,0.0,2909.0
0.9455913229251391,0.842847681,0.134740712,0.396131839,0.0,2909.0
0.9425343022736197,0.8593083575,0.1800599875,0.3652249015,0.0,2909.0
0.9469626628887778,0.743199971,0.220324654,0.387181262,0.0,2909.0
0.9605405858018194,0.597060605,0.239246768,0.423012842,0.0,2909.0
0.9642617758406167,0.444245428,0.276434102,0.455185865,0.0,2909.0
0.9651406695006719,0.266622733,0.323933056,0.483607418,0.0,2909.0
0.9672403992751973,0.028026557,0.368685298,0.507456049,0.0,2909.0
0.9459579587850306,0.0,0.366605612,0.501186494,0.0,2909.0
0.9165385478724598,0.0,0.333785457,0.470803675,0.0,2909.0
0.8834985950259475,0.0,0.300118136,0.440385141,0.0,2909.0
0.8234487002788842,0.0,0.264465046,0.399714294,0.0,2909.0
0.8186216872223908,0.0,0.305343906,0.43745747,0.0,2909.0
0.8127044372425882,0.0,0.259914393,0.368045598,0.0,2909.0
0.8199849534040647,0.0,0.2301307225,0.3096734015,0.0,2909.0
0.8817458781259444,0.0,0.21578514599999998,0.274257727,0.0,2909.0
0.9593128013454477,0.0,0.21180008,0.280531575,0.0,2909.0
0.9854522059784131,0.05107478,0.200256249,0.272770668,0.0,2909.0
0.9718490269398633,0.283464193,0.16324987,0.248798452,0.0,2909.0
0.9627368333161687,0.476667573,0.094699993,0.229477742,0.0,2909.0
0.9569379771300414,0.616763043,0.072724502,0.211658267,0.0,2909.0
0.9494777575769554,0.748679751,0.08190628,0.199679033,0.0,2909.0
0.9451451628451342,0.806795251,0.101825059,0.236425806,0.0,2909.0
0.9435659528513255,0.791480228,0.107447436,0.208994621,0.0,2909.0
0.9440468515146158,0.726225599,0.111903265,0.217280906,0.0,2909.0
0.9496582118871847,0.624141295,0.11844083,0.238466508,0.0,2909.0
0.9633976229444122,0.494763402,0.128907788,0.267330924,0.0,2909.0
0.9677376349514946,0.330415841,0.167074902,0.323843897,0.0,2909.0
0.9711140651842517,0.173995471,0.229685563,0.374964021,0.0,2909.0
0.970818972923936,0.023441797,0.271961706,0.392554419,0.0,2909.0
0.9491495223572661,0.0,0.283317617,0.40245531,0.0,2909.0
0.9194616827352112,0.0,0.255406179,0.395948707,0.0,2909.0
0.887249172805774,0.0,0.234096667,0.380577793,0.0,2909.0
0.8286992464429108,0.0,0.19402857,0.342887741,0.0,2909.0
0.8215076425474084,0.0,0.211093887,0.335298685,0.0,2909.0
0.8193797461343225,0.0,0.192705929,0.316311597,0.0,2909.0
0.8228713779750645,0.0,0.1792570055,0.28373814350000004,0.0,2909.0
0.8582204327761342,0.0,0.174836424,0.291474594,0.0,2909.0
0.9105371731236633,0.0,0.173466252,0.323198291,0.0,2909.0
0.9551223546955698,0.0,0.172813737,0.348336415,0.0,2909.0
0.9759616400307006,0.04305906,0.168306699,0.358612483,0.0,2909.0
0.9642432798584218,0.23018038,0.123087328,0.325438287,0.0,2909.0
0.9551938976699013,0.417243797,0.069174594,0.284197108,0.0,2909.0
0.9476119042514835,0.548241187,0.054218869,0.25865645,0.0,2909.0
0.9440265710846761,0.688692311,0.063169478,0.244346297,0.0,2909.0
0.9365224118505433,0.759195369,0.079080773,0.190632543,0.0,2909.0
0.9315822626812034,0.763827198,0.08602836,0.169262677,0.0,2909.0
0.9285564132805911,0.69841511,0.087853959,0.174314165,0.0,2909.0
0.9379861391889738,0.580316546,0.083732262,0.190851905,0.0,2909.0
0.9514899831360748,0.449293595,0.075974981,0.208897706,0.0,2909.0
0.9579840861737152,0.352237203,0.072922277,0.225421039,0.0,2909.0
0.9610489001850504,0.221199133,0.11260893,0.248973982,0.0,2909.0
0.9586031895020162,0.04067797,0.159220675,0.285031831,0.0,2909.0
0.939476905850168,0.0,0.170905757,0.320032863,0.0,2909.0
0.9121046472785903,0.0,0.162101639,0.333916122,0.0,2909.0
0.879679478571514,0.0,0.157205108,0.335296872,0.0,2909.0
0.8148076408754421,0.0,0.159304747,0.332456758,0.0,2909.0
0.8113762854161318,0.0,0.194521661,0.369780487,0.0,2909.0
0.8079914991035273,0.0,0.214492529,0.33927215899999996,0.0,2909.0
0.8283990837624879,0.0,0.27281105250000004,0.3589848835,0.0,2909.0
0.9032022950809097,0.0,0.31194608,0.370977934,0.0,2909.0
0.9531333194541981,0.0,0.32556858,0.36603487,0.0,2909.0
0.9803733825854583,0.049147554,0.331220098,0.365364554,0.0,2909.0
0.9690349909863537,0.239126529,0.32024355,0.361607277,0.0,2909.0
0.9564245926393254,0.377918359,0.272179326,0.356869827,0.0,2909.0
0.9495769982564877,0.555687497,0.223684136,0.344321333,0.0,2909.0
0.9446959990906495,0.706908402,0.232641804,0.345772589,0.0,2909.0
0.9378100972290367,0.791877043,0.220593731,0.316874301,0.0,2909.0
0.9338984064517123,0.815375318,0.260720606,0.339069216,0.0,2909.0
0.9316434784924656,0.766568724,0.307601901,0.373970504,0.0,2909.0
0.9358212501862533,0.700891127,0.336403099,0.398044072,0.0,2909.0
0.94593054306509,0.574302106,0.333780495,0.413016887,0.0,2909.0
0.9510977153787429,0.416049417,0.339127761,0.418435494,0.0,2909.0
0.9559134621549588,0.260838948,0.358008199,0.420977883,0.0,2909.0
0.9579668106687445,0.052698204,0.384517832,0.424847087,0.0,2909.0
0.9434745990056586,0.0,0.387589088,0.420632155,0.0,2909.0
0.9144020130816439,0.0,0.374344503,0.40295285,0.0,2909.0
0.8804980017508435,0.0,0.357501406,0.37642257,0.0,2909.0
0.8181317756599273,0.0,0.335377073,0.33716677,0.0,2909.0
0.8131364199040185,0.0,0.320562192,0.31217478,0.0,2909.0
0.8063116400669961,0.0,0.307626328,0.276593289,0.0,2909.0
0.8087485247989565,0.0,0.281979276,0.233452463,0.0,2909.0
0.8285559719830375,0.0,0.2395919675,0.182831067,0.0,2909.0
0.9023100693328164,0.0,0.199779068,0.147651716,0.0,2909.0
0.9551223546955698,0.0,0.174452907,0.132554677,0.0,2909.0
0.9775033885015153,0.091319632,0.133724513,0.122485303,0.0,2909.0
0.9659231392075753,0.292415198,0.0785175,0.113857931,0.0,2909.0
0.9537692287288657,0.426629837,0.033425438,0.106380918,0.0,2909.0
0.9441634614857907,0.592454295,0.021480137,0.097787352,0.0,2909.0
0.9331234478067421,0.749979112,0.019209877,0.097965601,0.0,2909.0
0.9251881512417152,0.836422891,0.027485025,0.092924321,0.0,2909.0
0.9214262127696947,0.866306832,0.028693633,0.098995879,0.0,2909.0
0.9214451783104939,0.835423067,0.027563035,0.105649144,0.0,2909.0
0.926491703449367,0.759415332,0.026118092,0.114687993,0.0,2909.0
0.9385240282613331,0.639348702,0.024735588,0.124036353,0.0,2909.0
0.941860556016648,0.458583173,0.030261163,0.132239628,0.0,2909.0
0.9459986128063373,0.27554936,0.052348473,0.140232487,0.0,2909.0
0.9547806929759262,0.066583719,0.073726357,0.150199981,0.0,2909.0
0.9393024601393873,0.0,0.079469845,0.167515403,0.0,2909.0
0.9118538698460092,0.0,0.079894639,0.190717223,0.0,2909.0
0.8804633563289854,0.0,0.084840788,0.21676758,0.0,2909.0
0.8107734253141659,0.0,0.090794269,0.222497216,0.0,2909.0
0.7993265916251453,0.0,0.1065906165,0.21819563,0.0,2909.0
0.7977967668791783,0.0,0.11213049750000001,0.188798461,0.0,2909.0
0.8038725016413091,0.0,0.11312491350000001,0.1867041245,0.0,2909.0
0.8240768171316027,0.0,0.111518606,0.186042189,0.0,2909.0
0.8579663696838129,0.10545161,0.105719245,0.179381513,0.0,2909.0
0.8769266578040221,0.30871393,0.082766445,0.15885315,0.0,2909.0
0.8829518800025143,0.496217433,0.041317158,0.128906341,0.0,2909.0
0.8779994316490166,0.670519949,0.023742093,0.10252007,0.0,2909.0
0.8671299202638157,0.799933436,0.023423202,0.094336696,0.0,2909.0
0.8631077225266814,0.879398402,0.026187496,0.083093008,0.0,2909.0
0.8597954651989527,0.8895964515,0.0312002775,0.0886458605,0.0,2909.0
0.867762919025431,0.782721139,0.032404894,0.104604277,0.0,2909.0
0.885695687870833,0.632662638,0.029324268,0.119397939,0.0,2909.0
0.892934705305711,0.45956013,0.036592388,0.134575919,0.0,2909.0
0.8943611580692468,0.276424334,0.057713579,0.154364528,0.0,2909.0
0.9038340727400562,0.071401676,0.073476896,0.174876442,0.0,2909.0
0.9007139589807246,0.0,0.074329214,0.194462601,0.0,2909.0
0.8769920046055609,0.0,0.066960944,0.204424252,0.0,2909.0
0.8507182449378455,0.0,0.059548366,0.200873922,0.0,2909.0
0.7286048224592759,0.0,0.054884565,0.191131749,0.0,2909.0
0.7147245072439972,0.0,0.0505613575,0.18569542249999998,0.0,2909.0
0.7096518575150339,0.0,0.0513573365,0.195547193,0.0,4989.0
0.7190908548611818,0.0,0.06597982,0.24187158250000002,0.0,4989.0
0.7470649643901355,0.0,0.089962196,0.248205057,0.0,4989.0
0.7752534927599382,0.113193126,0.105494738,0.232179554,0.0,4989.0
0.7948088485601642,0.300452805,0.110594569,0.237477199,0.0,4989.0
0.8102253960268366,0.486906516,0.076569773,0.248882183,0.0,4989.0
0.8126550516821242,0.64018908,0.045617882,0.242925301,0.0,4989.0
0.8054540591155163,0.771539478,0.050400029,0.244626096,0.0,4989.0
0.8004461221901894,0.843814711,0.041283146,0.204456199,0.0,4989.0
0.7982141969753465,0.872736404,0.048794264,0.211502491,0.0,4989.0
0.7978116014297008,0.822840026,0.053665981,0.222887285,0.0,4989.0
0.803754765292204,0.71344786,0.059952072,0.248497357,0.0,4989.0
0.8137956132831057,0.555822938,0.067616907,0.281166256,0.0,4989.0
0.8188231728811797,0.377039843,0.097384146,0.309331116,0.0,4989.0
0.8187986676742915,0.192884533,0.163130875,0.346074444,0.0,4989.0
0.8153460932930777,0.043096641,0.222403206,0.377011191,0.0,4989.0
0.8081592781450444,0.0,0.259138385,0.39710585,0.0,4989.0
0.7840428970433606,0.0,0.26286125,0.410221756,0.0,4989.0
0.7615716354570561,0.0,0.256788105,0.41358269,0.0,4989.0
0.728599893031799,0.0,0.247238382,0.413223627,0.0,4989.0
0.7129746305170426,0.0,0.263260569,0.46129340750000003,0.0,4989.0
0.7094206561744862,0.0,0.30765705600000004,0.49521771849999996,0.0,4989.0
0.7626187308238965,0.0,0.3570032165,0.5594137785,0.0,4989.0
0.8417934533410373,0.0,0.40813245,0.627085642,0.0,4989.0
0.8313449396970051,0.015310555,0.424392134,0.658610011,0.0,4989.0
0.8323824116134381,0.041605252,0.43157911,0.679026779,0.0,4989.0
0.8393815427493247,0.079362584,0.452789275,0.70431386,0.0,4989.0
0.8410457228426638,0.118824847,0.447080893,0.72515382,0.0,4989.0
0.840246916747998,0.140452205,0.431697603,0.759846399,0.0,4989.0
0.8400273102537019,0.154453167,0.368763143,0.76544742,0.0,4989.0
0.8389933128208419,0.153975246,0.424244232,0.807777493,0.0,4989.0
0.8387416906829689,0.139708914,0.475781211,0.842022058,0.0,4989.0
0.8415333816492673,0.109950134,0.501331981,0.850463707,0.0,4989.0
0.8455076962884219,0.08213713,0.510107839,0.854704622,0.0,4989.0
0.8461985301643983,0.052043037,0.509354868,0.862076766,0.0,4989.0
0.8449043660026074,0.027226585,0.491029428,0.869837373,0.0,4989.0
0.8373525112438387,0.009865694,0.477271981,0.872188431,0.0,4989.0
0.8329737234498662,0.0,0.463168211,0.875447728,0.0,4989.0
0.8193632215479716,0.0,0.440787158,0.883499549,0.0,4989.0
0.7883996205848933,0.0,0.415924319,0.884317259,0.0,4989.0
0.7327791202947351,0.0,0.394814282,0.8792969,0.0,4989.0
0.7222347460428272,0.0,0.411020052,0.877600044,0.0,4989.0
0.7156475984984471,0.0,0.398167192,0.870450023,0.0,4989.0
0.7147859340752714,0.0,0.394919571,0.866949355,0.0,4989.0
0.7153922211422299,0.0,0.401160362,0.856349063,0.0,4989.0
0.7367068660998062,0.0,0.411784125,0.836846277,0.0,4989.0
0.8026565471231131,0.0,0.422818912,0.817325686,0.0,4989.0
0.8461145935939927,0.0,0.427663752,0.788030879,0.0,4989.0
0.8337257731371046,0.056604681,0.435236852,0.756039727,0.0,4989.0
0.835019185755031,0.149056912,0.44617255,0.712988503,0.0,4989.0
0.8391405303850257,0.273228933,0.474953182,0.666451704,0.0,4989.0
0.839234043825125,0.350337879,0.49780166,0.618833354,0.0,4989.0
0.8344345396499997,0.448388725,0.531979321,0.567391175,0.0,4989.0
0.8285177592288012,0.513256342,0.609241877,0.495119789,0.0,4989.0
0.8254350125805473,0.534181783,0.633075238,0.460252193,0.0,4989.0
0.8243214909275741,0.527620499,0.626910569,0.458828487,0.0,4989.0
0.8267776231855939,0.488630328,0.614660379,0.465730135,0.0,4989.0
0.8310202721223162,0.432115156,0.587395861,0.466165502,0.0,4989.0
0.8330958730871303,0.352359171,0.515255091,0.456814602,0.0,4989.0
0.8349057682821688,0.231142691,0.494683633,0.444250653,0.0,4989.0
0.8359637075766408,0.0941777,0.502259004,0.450453182,0.0,4989.0
0.8347570482555005,0.0,0.512058127,0.463743728,0.0,4989.0
0.820226341540296,0.0,0.511804062,0.481333061,0.0,4989.0
0.7898387489297636,0.0,0.499307546,0.483453281,0.0,4989.0
0.7380830885975861,0.0,0.478341057,0.467291513,0.0,4989.0
0.7237351130203833,0.0,0.45248295650000003,0.4094718725,0.0,4989.0
0.7206699945149866,0.0,0.39130703,0.392473996,0.0,4989.0
0.7723261324949937,0.0,0.33888673199999997,0.42463455650000004,0.0,4989.0
0.8493463410036861,0.002365129,0.31872591,0.480454374,0.0,4989.0
0.8359653976124691,0.118442855,0.276566354,0.513797427,0.0,4989.0
0.8347185538286263,0.252776985,0.225165487,0.554275462,0.0,4989.0
0.8377459994783948,0.392671676,0.178234917,0.579196592,0.0,4989.0
0.8285968132650658,0.564201291,0.155069125,0.570608125,0.0,4989.0
0.8240604801185958,0.663763205,0.171252417,0.570789918,0.0,4989.0
0.8174944583346917,0.686035932,0.14616133,0.57001392,0.0,4989.0
0.8160669720420313,0.647190453,0.179978719,0.607223472,0.0,4989.0
0.8160066015613054,0.483723881,0.218643796,0.645347922,0.0,4989.0
0.8200149976517974,0.347459798,0.266611919,0.699024926,0.0,4989.0
0.8266507792127773,0.22354923,0.310304175,0.768545781,0.0,4989.0
0.8300773465498629,0.123121581,0.391989169,0.819628731,0.0,4989.0
0.8304368471197535,0.056950364,0.489226496,0.867039767,0.0,4989.0
0.822143645608748,0.012527681,0.566195718,0.887484087,0.0,4989.0
0.8166363140379358,0.0,0.608407556,0.882425192,0.0,4989.0
0.8001486821368529,0.0,0.613725669,0.860947145,0.0,4989.0
0.7661778221672736,0.0,0.59143543,0.798773919,0.0,4989.0
0.7203412900493154,0.0,0.551382445,0.719946135,0.0,4989.0
0.7075236788040653,0.0,0.462238105,0.620526698,0.0,4989.0
0.6991785569914755,0.0,0.432194998,0.520642067,0.0,4989.0
0.6969650339721555,0.0,0.385366365,0.433569578,0.0,4989.0
0.6986037228480622,0.0,0.325627071,0.335987166,0.0,4989.0
0.7208189962142929,0.0,0.256144768,0.250762569,0.0,4989.0
0.7878341282192494,0.0,0.199817589,0.207765388,0.0,4989.0
0.8317291330471277,0.0,0.154683165,0.174812719,0.0,4989.0
0.821823484796268,0.017790325,0.12599514,0.163659935,0.0,4989.0
0.8204656644940111,0.045989207,0.095869964,0.137844621,0.0,4989.0
0.8253191541532368,0.071483768,0.059979856,0.130447481,0.0,4989.0
0.824233517153564,0.097784295,0.038801162,0.149641835,0.0,4989.0
0.8226083954576197,0.146672081,0.042154085,0.191380393,0.0,4989.0
0.8212880366783568,0.160381605,0.048625376,0.208964233,0.0,4989.0
0.8167870992471202,0.182606067,0.061460527,0.254631464,0.0,4989.0
0.8132426076749635,0.200023533,0.081925033,0.268484576,0.0,4989.0
0.8156867221088412,0.191841221,0.119718509,0.292131798,0.0,4989.0
0.820288495843522,0.173680817,0.160757851,0.32597604,0.0,4989.0
0.8204737389012203,0.120309724,0.224280245,0.386967718,0.0,4989.0
0.8201975177697873,0.057621948,0.290751143,0.469781236,0.0,4989.0
0.8140882645889732,0.013318234,0.343167812,0.537446239,0.0,4989.0
0.8106127812500276,0.0,0.376004529,0.606125322,0.0,4989.0
0.7964187605588983,0.0,0.387341565,0.636610809,0.0,4989.0
0.7621128108144001,0.0,0.401271363,0.615158895,0.0,4989.0
0.7169036908986319,0.0,0.42241741,0.578530854,0.0,4989.0
0.705622242190016,0.0,0.423204082,0.539399816,0.0,4989.0
0.6982693377236717,0.0,0.4363771655,0.462329821,0.0,4989.0
0.7082385017476118,0.0,0.42224970549999996,0.4560479455,0.0,4989.0
0.7850860017873101,0.0,0.393585058,0.469284256,0.0,4989.0
0.8274014208494476,0.0,0.379528685,0.458622806,0.0,4989.0
0.820115177448538,0.00981784,0.355647279,0.451648962,0.0,4989.0
0.8204555242790413,0.024043693,0.328658822,0.457914469,0.0,4989.0
0.8258521606914553,0.035611931,0.296292648,0.475614951,0.0,4989.0
0.8259566590518163,0.04671068,0.272481849,0.489316575,0.0,4989.0
0.8257035350767034,0.077603361,0.244915089,0.490195578,0.0,4989.0
0.824971858980832,0.117083205,0.198279828,0.550171538,0.0,4989.0
0.8241632884431286,0.161971658,0.187022668,0.560688972,0.0,4989.0
0.8226985288260623,0.234670676,0.192079729,0.632310245,0.0,4989.0
0.8254919098281891,0.254618879,0.193370485,0.758426516,0.0,4989.0
0.8300378192191085,0.183002333,0.217409834,0.811559885,0.0,4989.0
0.8330562519697038,0.13039714,0.263153056,0.817002284,0.0,4989.0
0.8345199786828897,0.070703245,0.310997545,0.825637969,0.0,4989.0
0.8278232632959082,0.021937132,0.369415369,0.844552823,0.0,4989.0
0.8243121022564688,0.0,0.436867399,0.876610329,0.0,4989.0
0.8092512057294263,0.0,0.492689713,0.90364528,0.0,4989.0
0.7756919535794213,0.0,0.544634015,0.917298315,0.0,4989.0
0.7147892672535919,0.0,0.602696778,0.924648898,0.0,4989.0
0.7016429981233844,0.0,0.635645715,0.925747582,0.0,4989.0
0.6951842445328859,0.0,0.632923842,0.912733581,0.0,4989.0
0.6957856959590395,0.0,0.612310938,0.879293621,0.0,4989.0
0.7014846311996407,0.0,0.5845969145000001,0.8135530015,0.0,4989.0
0.7296372005089338,0.003096695,0.551068775,0.7027578005,0.0,4989.0
0.7692899553060678,0.177972003,0.474078505,0.612517034,0.0,4989.0
0.782454485326546,0.36815289,0.392546644,0.593142293,0.0,4989.0
0.7967720643307518,0.549445932,0.364774331,0.5955504,0.0,4989.0
0.7930405458783963,0.691452988,0.375712143,0.643527576,0.0,4989.0
0.7857254318136423,0.795893172,0.424175447,0.73611443,0.0,4989.0
0.7832160174715617,0.806907485,0.458850742,0.789200687,0.0,4989.0
0.7824929797534202,0.741287814,0.519889179,0.83784304,0.0,4989.0
0.7828022025389745,0.63388948,0.545820176,0.865438637,0.0,4989.0
0.7882724014653888,0.481942756,0.554446988,0.873724796,0.0,4989.0
0.8014796506896896,0.363003249,0.52218782,0.880352599,0.0,4989.0
0.8080601318774285,0.227593444,0.504988277,0.885181876,0.0,4989.0
0.8126832183206847,0.133050839,0.509776375,0.888654396,0.0,4989.0
0.8098350065039213,0.055512936,0.499388939,0.885803097,0.0,4989.0
0.8018949211914254,0.001298196,0.50922744,0.882355116,0.0,4989.0
0.7634528391597462,0.0,0.47796220899999997,0.8609052175,0.0,4989.0
0.7110335724729446,0.0,0.430571444,0.825278512,0.0,4989.0
0.6999472719450726,0.0,0.407921589,0.739600095,0.0,4989.0
0.6922959420400919,0.0,0.375475419,0.656719361,0.0,4989.0
0.689353747224625,0.0,0.344050342,0.569207703,0.0,4989.0
0.6888605493771769,0.0,0.304485259,0.443345817,0.0,4989.0
0.6937726256946282,0.0,0.270020656,0.325878682,0.0,4989.0
0.7155255901664355,0.0025914375,0.210944562,0.20115232049999998,0.0,4989.0
0.7584446208744033,0.082672014,0.14581819,0.166505387,0.0,4989.0
0.7787715077293625,0.184441072,0.093639009,0.168193707,0.0,4989.0
0.792698415225393,0.309203424,0.062951997,0.178427514,0.0,4989.0
0.7866276564714529,0.483851692,0.051517109,0.173337089,0.0,4989.0
0.7802138279473012,0.60565852,0.054400314,0.156696238,0.0,4989.0
0.7745115363943336,0.68516948,0.049260943,0.108417118,0.0,4989.0
0.768972329234708,0.70620665,0.043704184,0.081645517,0.0,4989.0
0.7669392605256174,0.578860593,0.034074437,0.084810457,0.0,4989.0
0.7695906341258086,0.499678743,0.029491302,0.09669475,0.0,4989.0
0.7785673466494456,0.411470005,0.022963871,0.106300056,0.0,4989.0
0.791334398125099,0.251675375,0.02516521,0.104245959,0.0,4989.0
0.7961603782777121,0.124410277,0.041674614,0.111589195,0.0,4989.0
0.7980953336230671,0.037369858,0.079599686,0.150221135,0.0,4989.0
0.7931808157259231,0.001204827,0.130276389,0.204710177,0.0,4989.0
0.7574962259758649,0.0,0.1699351025,0.268488658,0.0,4989.0
0.7204460697696922,0.0,0.199654977,0.352437746,0.0,4989.0
0.7033932740689393,0.0,0.232695863,0.40606614750000003,0.0,4989.0
0.6986817914990269,0.0,0.219434551,0.376666179,0.0,4989.0
0.7105771790165425,0.0,0.18910877199999998,0.29111106,0.0,4989.0
0.7871421676527209,0.0,0.165430002,0.218520441,0.0,4989.0
0.831951274282544,0.003368583,0.149353022,0.2041546,0.0,4989.0
0.821823484796268,0.030134332,0.132655342,0.21206568,0.0,4989.0
0.8195212364590734,0.066486836,0.118956676,0.238073112,0.0,4989.0
0.8151147515851443,0.13426105,0.10395511,0.285042246,0.0,4989.0
0.8107789649802549,0.185449887,0.094523845,0.345849355,0.0,4989.0
0.8085499496532199,0.228244282,0.1077731,0.396397631,0.0,4989.0
0.8057126289700464,0.259323165,0.111499257,0.473564782,0.0,4989.0
0.8052661875300257,0.27901575,0.158562188,0.535513082,0.0,4989.0
0.804277726027369,0.287028638,0.226746,0.607665574,0.0,4989.0
0.8076371627404157,0.296037674,0.306777935,0.646013022,0.0,4989.0
0.8157948825261192,0.265623651,0.383725332,0.664833363,0.0,4989.0
0.8186184953493225,0.210798954,0.436410778,0.666651809,0.0,4989.0
0.8223373382203434,0.145084399,0.479482372,0.678546007,0.0,4989.0
0.8197509825430948,0.069469258,0.50468403,0.71361456,0.0,4989.0
0.8173451749627473,0.001946532,0.52954631,0.74931791,0.0,4989.0
0.8026915676916588,0.0,0.553706145,0.789599033,0.0,4989.0
0.7715422547375224,0.0,0.559334219,0.810401958,0.0,4989.0
0.7218643543393468,0.0,0.568340136,0.826448438,0.0,4989.0
0.7125058906705244,0.0,0.626339192,0.851727308,0.0,4989.0
0.7070231574680279,0.0,0.612450662,0.863976098,0.0,4989.0
0.7079174721579274,0.0,0.585466587,0.849793257,0.0,4989.0
0.7277257412258769,0.0,0.541566436,0.811669959,0.0,4989.0
0.7946606918787721,0.0,0.51545447,0.774309203,0.0,4989.0
0.8414306671114065,0.010451306,0.476470419,0.728213783,0.0,4989.0
0.8292408907336147,0.136882761,0.444023287,0.676558445,0.0,4989.0
0.8271475453304703,0.284281581,0.357366335,0.587523596,0.0,4989.0
0.8314649297398367,0.433987518,0.297519253,0.482990375,0.0,4989.0
0.8268787414742984,0.575605613,0.243317857,0.398854781,0.0,4989.0
0.8226184412606731,0.705386165,0.215629913,0.365843015,0.0,4989.0
0.8136334673817274,0.817902986,0.147324317,0.305363045,0.0,4989.0
0.8099329326069352,0.8523306385,0.1435349155,0.32154765500000004,0.0,4989.0
0.8113501845853318,0.794197538,0.131328039,0.334679735,0.0,4989.0
0.8152113631116401,0.682901722,0.115233736,0.329300438,0.0,4989.0
0.8163057316504703,0.527854342,0.101114076,0.332014283,0.0,4989.0
0.8161307225944137,0.34793461,0.117489655,0.327380444,0.0,4989.0
0.8130105150484102,0.164997904,0.158404051,0.32760231,0.0,4989.0
0.8181954324256377,0.004219326,0.166842781,0.318294953,0.0,4989.0
0.7957789078672979,0.0,0.136537803,0.322551626,0.0,4989.0
0.7319471243473598,0.0,0.105336791,0.347703648,0.0,4989.0
0.723124201957876,0.0,0.096454695,0.386969605,0.0,4989.0
0.7165501289008084,0.0,0.085194294,0.3824896075,0.0,4989.0
0.7275750260440743,0.0,0.0999954755,0.354922609,0.0,4989.0
0.802717293375771,0.0,0.119486719,0.336105704,0.0,4989.0
0.8469706720829879,0.021357129,0.135473034,0.333763595,0.0,4989.0
0.8334901122403063,0.202024181,0.133426777,0.334469752,0.0,4989.0
0.8235983594227608,0.388643468,0.102078688,0.34027551,0.0,4989.0
0.8208235688147454,0.560350762,0.067963609,0.342152788,0.0,4989.0
0.8138778598176829,0.713618368,0.071751442,0.350972792,0.0,4989.0
0.8112881240687777,0.831902149,0.091163357,0.376242389,0.0,4989.0
0.8103504561771532,0.905354852,0.103323812,0.380210922,0.0,4989.0
0.8095107140759202,0.912520648,0.123743226,0.420783926,0.0,4989.0
0.8073171895012796,0.868789819,0.14019348,0.458785242,0.0,4989.0
0.809464427227097,0.776027456,0.147365829,0.477617752,0.0,4989.0
0.8142115409167894,0.630623186,0.144790404,0.478187331,0.0,4989.0
0.8163057316504703,0.475450358,0.154719899,0.466000113,0.0,4989.0
0.8161758833779291,0.299483158,0.187996472,0.442025361,0.0,4989.0
0.8136281152889822,0.138942738,0.217352459,0.409293536,0.0,4989.0
0.8197135210201008,0.005061202,0.23108388,0.372526081,0.0,4989.0
0.8120684341812486,0.0,0.222062789,0.323968822,0.0,4989.0
0.7887107684982001,0.0,0.20359567,0.272055588,0.0,4989.0
0.7343694089954775,0.0,0.181496045,0.225452724,0.0,4989.0
0.7237448540167529,0.0,0.179211686,0.195399814,0.0,4989.0
0.718056175911839,0.0,0.156775187,0.1603093,0.0,4989.0
0.7165763235182803,0.0,0.1270302975,0.130919253,0.0,4989.0
0.7705867011023149,0.0,0.102072372,0.1075133265,0.0,4989.0
0.8473016302423858,0.020442217,0.082918559,0.093829473,0.0,4989.0
0.8325587349333908,0.163733735,0.058496941,0.094481235,0.0,4989.0
0.8224474700334655,0.324891058,0.029098044,0.101228808,0.0,4989.0
0.8167347093869318,0.481363823,0.016646702,0.106541484,0.0,4989.0
0.8107704210144415,0.621951725,0.018349224,0.111823259,0.0,4989.0
0.8076213890726849,0.73122049,0.026348653,0.106424449,0.0,4989.0
0.8057264306166886,0.778774065,0.022357574,0.078986799,0.0,4989.0
0.8032854148944516,0.77673344,0.0302322285,0.085511425,0.0,4989.0
0.8023702801886266,0.725274475,0.038788596,0.097040634,0.0,4989.0
0.8071254682855283,0.628570676,0.044070939,0.094746774,0.0,4989.0
0.8094801064829115,0.490184387,0.048613831,0.091219007,0.0,4989.0
0.8102605103820543,0.310926468,0.075805106,0.092900212,0.0,4989.0
0.8076895526006043,0.141766802,0.104862737,0.105513246,0.0,4989.0
0.8166212919140695,0.00629623,0.119558035,0.123951711,0.0,4989.0
0.8038734404458951,0.0,0.120331388,0.125879554,0.0,4989.0
0.7790040705397646,0.0,0.114817277,0.114896004,0.0,4989.0
0.7319471243473598,0.0,0.10361094,0.102625766,0.0,4989.0
0.7196774017094311,0.0,0.100425163,0.114948157,0.0,4989.0
0.7150529537963206,0.0,0.0793698695,0.103589581,0.0,4989.0
0.7260556463197609,0.0,0.059741497000000005,0.14057124399999998,0.0,4989.0
0.80198514834654,0.0,0.061017375,0.178523673,0.0,4989.0
0.8447443796956615,0.037649954,0.064850096,0.199524621,0.0,4989.0
0.8295805810574143,0.218498688,0.062969813,0.211591258,0.0,4989.0
0.8200787482041799,0.403553198,0.043551035,0.209511614,0.0,4989.0
0.8118359651575187,0.583044561,0.021278837,0.197286945,0.0,4989.0
0.807713869608904,0.734212679,0.018890909,0.193140679,0.0,4989.0
0.8055765838994682,0.848347275,0.02385439,0.192928658,0.0,4989.0
0.8010717974632153,0.919983725,0.023993378,0.184186103,0.0,4989.0
0.7951898494119742,0.937548762,0.029233019,0.190832846,0.0,4989.0
0.794370951085957,0.903158795,0.035241731,0.202346394,0.0,4989.0
0.7950578415450006,0.821759015,0.040567047,0.210485517,0.0,4989.0
0.8000985456577688,0.697284821,0.04467519,0.220782904,0.0,4989.0
0.7997376370373102,0.538340882,0.060789936,0.240782339,0.0,4989.0
0.8093101675343397,0.356967527,0.096555973,0.275453059,0.0,4989.0
0.804295471090944,0.176227241,0.143724479,0.322998416,0.0,4989.0
0.8097007452558432,0.00862524,0.197817322,0.383918905,0.0,4989.0
0.8001486821368529,0.0,0.244036806,0.447045937,0.0,4989.0
0.7726486411004945,0.0,0.281534412,0.501091217,0.0,4989.0
0.71511083611664,0.0,0.311689587,0.541418321,0.0,4989.0
0.7052305377779602,0.0,0.363770297,0.561214393,0.0,4989.0
0.7028488833918589,0.0,0.37855275499999996,0.5763985549999999,0.0,4989.0
0.705301119126282,0.0,0.38804632549999996,0.5847843580000001,0.0,4989.0
0.7315057995955377,0.023866123,0.35785601499999997,0.5675576524999999,0.0,4989.0
0.7649358602923273,0.227940616,0.290523672,0.558998134,0.0,4989.0
0.7700022900892078,0.41421535,0.216788458,0.563366496,0.0,4989.0
0.7766136133366354,0.593911189,0.144073865,0.561183089,0.0,4989.0
0.7677334660714025,0.745938072,0.133696132,0.558187475,0.0,4989.0
0.7568920275380904,0.860328646,0.141630812,0.549307733,0.0,4989.0
0.7424533793190811,0.930204703,0.127730451,0.490524111,0.0,4989.0
0.7390122594167332,0.948282452,0.141323484,0.49240332,0.0,4989.0
0.7377666830034505,0.913585479,0.151970835,0.486484621,0.0,4989.0
0.7390037623442558,0.826288458,0.150365202,0.474944389,0.0,4989.0
0.7489828786971995,0.67778078,0.151925898,0.459349722,0.0,4989.0
0.7513730539150685,0.504623119,0.173388275,0.446244008,0.0,4989.0
0.7597378452937414,0.320700861,0.197353735,0.413859012,0.0,4989.0
0.7717798876554092,0.148266921,0.211237765,0.381064117,0.0,4989.0
0.7848429705085866,0.009048454,0.188824397,0.320794592,0.0,4989.0
0.7662884229137554,0.0,0.168678942,0.237837202,0.0,4989.0
0.728919654938301,0.0,0.127012411,0.1348298895,0.0,4989.0
0.7015417629139622,0.0,0.105847263,0.0846239225,0.0,4989.0
0.7038395510696618,0.0,0.0904639425,0.0972768,0.0,4989.0
0.7137191688297255,0.0,0.117680635,0.1235075955,0.0,4989.0
0.7420016333048958,0.052424223,0.161542822,0.163587083,0.0,4989.0
0.7602858276877348,0.209163452,0.176965436,0.174083824,0.0,4989.0
0.7664569531865146,0.375557268,0.139688325,0.171337812,0.0,4989.0
0.7699700862470427,0.54247917,0.088549133,0.180029274,0.0,4989.0
0.7611439719844906,0.679966739,0.058598762,0.187666631,0.0,4989.0
0.7453636047590627,0.800082411,0.049818831,0.198161112,0.0,4989.0
0.7423326383576295,0.849525102,0.033011476,0.183387384,0.0,4989.0
0.7474785445434206,0.8603305235,0.033317199000000006,0.1942990855,0.0,4989.0
0.7544063205909419,0.738270851,0.043154927,0.229023619,0.0,4989.0
0.7681204761479057,0.59612588,0.058605001,0.243320171,0.0,4989.0
0.7800737931916988,0.452473391,0.105708983,0.251106624,0.0,4989.0
0.7820041942562644,0.302828566,0.160960666,0.258171962,0.0,4989.0
0.7844612656314927,0.152595679,0.21392343,0.280642492,0.0,4989.0
0.7849173771026345,0.011036911,0.245833584,0.290414368,0.0,4989.0
0.7612317575599126,0.0,0.255658867,0.290200088,0.0,4989.0
0.7249321254444481,0.0,0.2274201045,0.25106278400000004,0.0,4989.0
0.7008935306958466,0.0,0.191309969,0.198555595,0.0,4989.0
0.693587500182892,0.0,0.1626785,0.16478177300000002,0.0,4989.0
0.7023865041574315,0.0,0.124156637,0.12686511250000002,0.0,4989.0
0.7813556100255069,0.0,0.103338986,0.108281995,0.0,4989.0
0.8255480549067219,0.046739547,0.088245291,0.099287755,0.0,4989.0
0.8182403112238931,0.113611357,0.070407021,0.09670983,0.0,4989.0
0.812851091461496,0.171668206,0.041686014,0.084434189,0.0,4989.0
0.8111204385013103,0.257541231,0.024574332,0.063215309,0.0,4989.0
0.8099001651068717,0.329323384,0.019141034,0.048007546,0.0,4989.0
0.80757754317831,0.379063072,0.018508231,0.040121538,0.0,4989.0
0.8053858018009251,0.431019301,0.020602167,0.041738548,0.0,4989.0
0.80333705383602,0.470524578,0.021960361,0.042365903,0.0,4989.0
0.7999917939163034,0.500239221,0.025326822,0.042222931,0.0,4989.0
0.7975919017739772,0.438659895,0.025654175,0.042745337,0.0,4989.0
0.8024174123679862,0.355946215,0.029840066,0.042931052,0.0,4989.0
0.8043627892883268,0.271787159,0.044323217,0.04326687,0.0,4989.0
0.806722403806523,0.183885798,0.059289088,0.048229524,0.0,4989.0
0.8026222780984318,0.087066423,0.071706862,0.056187733,0.0,4989.0
0.8018843114178514,0.007196027,0.077667585,0.069259552,0.0,4989.0
0.7875629771953011,0.0,0.071876343,0.076202331,0.0,4989.0
0.7525947353600752,0.0,0.066712517,0.081474012,0.0,4989.0
0.7072813521758702,0.0,0.066972467,0.086331932,0.0,4989.0
0.6962564550326044,0.0,0.07226731,0.089272584,0.0,4989.0
0.6901005154717443,0.0,0.062015806500000006,0.0911153985,0.0,4989.0
0.7020230370365625,0.0,0.0622988825,0.1043731105,0.0,4989.0
0.7861620619172894,0.0,0.082945147,0.12323686,0.0,4989.0
0.8290542396253483,0.030584204,0.098309438,0.144423525,0.0,4989.0
0.8187112572455574,0.066437716,0.097896208,0.155584585,0.0,4989.0
0.8154458035312142,0.109736965,0.0778883,0.149830504,0.0,4989.0
0.8137036960921628,0.164851137,0.05970809,0.158485754,0.0,4989.0
0.8114315864146172,0.202670496,0.052310544,0.199414819,0.0,4989.0
0.8106863906573639,0.224224574,0.053810183,0.250293557,0.0,4989.0
0.8097617728685171,0.266379536,0.049556532,0.22977206,0.0,4989.0
0.809961287131462,0.277742527,0.061649843,0.250262687,0.0,4989.0
0.8073171895012796,0.258243435,0.082203441,0.284028889,0.0,4989.0
0.8083559756816087,0.254857879,0.104045575,0.321887086,0.0,4989.0
0.812496191440486,0.208625385,0.125089705,0.376224487,0.0,4989.0
0.8134019374752057,0.163270944,0.145519108,0.421019633,0.0,4989.0
0.8155829752923447,0.108684262,0.172483015,0.458718119,0.0,4989.0
0.8072171979031274,0.057465973,0.195104829,0.475496146,0.0,4989.0
0.805536681422026,0.008718711,0.207206401,0.470794647,0.0,4989.0
0.7925050039738133,0.0,0.204099419,0.445696632,0.0,4989.0
0.7583538772673486,0.0,0.196599346,0.405765859,0.0,4989.0
0.7137794924171154,0.0,0.188907011,0.380304702,0.0,4989.0
0.701437147007639,0.0,0.188630246,0.328619483,0.0,4989.0
0.6934298841777682,0.0,0.185170879,0.311442245,0.0,4989.0
0.6943295740944586,0.0,0.176527195,0.299146248,0.0,4989.0
0.7516195824987886,0.0,0.170362316,0.266059084,0.0,4989.0
0.8294359920210226,0.056387119,0.150487456,0.223152121,0.0,4989.0
0.8191311282961737,0.167982195,0.117525097,0.202864696,0.0,4989.0
0.8141957672490585,0.31159479,0.076675248,0.157677597,0.0,4989.0
0.8105962572889212,0.471332486,0.045086952,0.124164802,0.0,4989.0
0.8055651294206023,0.592540538,0.026772587,0.119829382,0.0,4989.0
0.79744956611869,0.686979241,0.020833871,0.133476428,0.0,4989.0
0.7948758853975314,0.723759791,0.020681871,0.143900643,0.0,4989.0
0.7906172752197344,0.722213238,0.026268992,0.160997402,0.0,4989.0
0.7883569951677425,0.654552166,0.030899092,0.199716838,0.0,4989.0
0.7908251452499042,0.550452416,0.036282636,0.242829888,0.0,4989.0
0.795722387016833,0.429422972,0.051286647,0.313371819,0.0,4989.0
0.8030151085757954,0.289970495,0.080766397,0.315539777,0.0,4989.0
0.8089455974822086,0.15949833,0.103745641,0.316474678,0.0,4989.0
0.8026745741719482,0.07972498,0.122145449,0.383538942,0.0,4989.0
0.8026930701541433,0.011175828,0.139692651,0.40317905,0.0,4989.0
0.7879050140616327,0.0,0.14687862,0.426723384,0.0,4989.0
0.7525947353600752,0.0,0.151867931,0.469072417,0.0,4989.0
0.7056341193341501,0.0,0.156873255,0.485939077,0.0,4989.0
0.6924470092345365,0.0,0.176909767,0.534930933,0.0,4989.0
0.6867351170525849,0.0,0.1823026735,0.5511427904999999,0.0,4989.0
0.6984153113639635,0.0,0.22223736249999998,0.6017643205000001,0.0,4989.0
0.7793971830023885,0.0,0.259394102,0.608836653,0.0,4989.0
0.825561199421416,0.055995431,0.266404312,0.633625858,0.0,4989.0
0.8183835853711442,0.169004798,0.243597201,0.663959897,0.0,4989.0
0.8119495708289692,0.349618129,0.164755248,0.671196077,0.0,4989.0
0.8086477822821843,0.515344324,0.12113176,0.643677806,0.0,4989.0
0.8044784601422935,0.68174397,0.108255813,0.590908433,0.0,4989.0
0.7937253711549238,0.811476287,0.110816378,0.533409318,0.0,4989.0
0.7867274136029253,0.878582933,0.119172004,0.505260781,0.0,4989.0
0.7788934691680384,0.893064433,0.128375347,0.469542982,0.0,4989.0
0.7754312244430812,0.820798793,0.144548148,0.43617997649999996,0.0,4989.0
0.7768334542976113,0.662933532,0.191722447,0.424817378,0.0,4989.0
0.7781585074124269,0.521021211,0.232957739,0.397463744,0.0,4989.0
0.7791096011787615,0.353508545,0.282405184,0.381251973,0.0,4989.0
0.7839864693543231,0.183726085,0.316633147,0.334174828,0.0,4989.0
0.7982897771532825,0.031355806,0.310645144,0.281784094,0.0,4989.0
0.7828690042844172,0.0,0.282781624,0.245643859,0.0,4989.0
0.7512749399260884,0.0,0.251891355,0.241328094,0.0,4989.0
0.7062296090541909,0.0,0.220088472,0.285572876,0.0,4989.0
0.6989241656458024,0.0,0.216081003,0.361753249,0.0,4989.0
0.693802482369017,0.0,0.1986638805,0.4944925215,0.0,4989.0
0.7058650386894375,0.0,0.193008424,0.552311231,0.0,4989.0
0.787051001380398,0.0,0.191732632,0.584975027,0.0,4989.0
0.8286108968969684,0.015841388,0.200981569,0.622721481,0.0,4989.0
0.8182853775954921,0.044314047,0.206662167,0.632272717,0.0,4989.0
0.8121416671914083,0.094361827,0.205046058,0.642017199,0.0,4989.0
0.8073225409687804,0.144523877,0.194644113,0.627701237,0.0,4989.0
0.800823367823655,0.2522467,0.192612048,0.585930201,0.0,4989.0
0.7898251348564652,0.368823697,0.18779835,0.52508926,0.0,4989.0
0.7789971697164435,0.477788461,0.193269798,0.442350354,0.0,4989.0
0.7740236900143862,0.581956511,0.187112707,0.398520598,0.0,4989.0
0.7721629536897352,0.644550311,0.179940211,0.351766816,0.0,4989.0
0.7710164772759768,0.60193969,0.176435525,0.328276815,0.0,4989.0
0.7735203050586323,0.501908796,0.161299361,0.318608518,0.0,4989.0
0.7745170285418422,0.353054484,0.164433283,0.301292941,0.0,4989.0
0.778012744792147,0.184012308,0.17405081,0.296672975,0.0,4989.0
0.7778492377335366,0.066116126,0.174769504,0.311732169,0.0,4989.0
0.7883710781744006,0.01107176,0.169176751,0.32593556,0.0,4989.0
0.7752169703541525,0.0,0.154520607,0.344656878,0.0,4989.0
0.7364427565791871,0.0,0.130176172,0.378938995,0.0,4989.0
0.684321211305738,0.0,0.114372698,0.443456655,0.0,4989.0
0.6706665815242081,0.0,0.091062819,0.532440614,0.0,4989.0
0.6654259880018073,0.0,0.100175788,0.578642847,0.0,4989.0
0.6646184503679842,0.0,0.12130686,0.6301195159999999,0.0,4989.0
0.6717771926641288,0.0,0.180601658,0.660727906,0.0,4989.0
0.6899175261077726,0.008528662,0.244629415,0.6670879095,0.0,4989.0
0.7416918002807295,0.047031143,0.274228748,0.652106648,0.0,4989.0
0.7640399731125617,0.119889712,0.289628958,0.633580717,0.0,4989.0
0.7786236330332307,0.180474904,0.299418771,0.616943468,0.0,4989.0
0.7763347167840742,0.321236448,0.309093641,0.5923931,0.0,4989.0
0.7673790356089968,0.395072649,0.320986914,0.571758515,0.0,4989.0
0.7671033784480844,0.462082342,0.288668319,0.550884867,0.0,4989.0
0.7610594717561866,0.4866996455,0.2773708035,0.5538263265000001,0.0,4989.0
0.758039443069057,0.434991867,0.250561384,0.54799569,0.0,4989.0
0.7686612288399817,0.363292054,0.232758228,0.542355275,0.0,4989.0
0.7801328956766199,0.231567649,0.22297299,0.544645126,0.0,4989.0
0.7809778954586817,0.15153962,0.218052276,0.556888982,0.0,4989.0
0.7796858439979872,0.082604521,0.22210719,0.56828438,0.0,4989.0
0.7789616795892936,0.018391433,0.22836515,0.572987582,0.0,4989.0
0.7583862686828576,0.0,0.226359173,0.581803888,0.0,4989.0
0.7144744110152766,0.0,0.20804209550000002,0.5929365179999999,0.0,4989.0
0.6803430942422808,0.0,0.1898557505,0.5879216695,0.0,4989.0
0.6758102349541393,0.0,0.16852697700000002,0.581432527,0.0,4989.0
0.6879818904964239,0.0005601815,0.157455338,0.5655086855,0.0,4989.0
0.7158226075545039,0.031836461,0.13411412,0.527436662,0.0,4989.0
0.748077508434412,0.080043479,0.093804245,0.48268917,0.0,4989.0
0.7697369600913646,0.151514654,0.074871704,0.43818822,0.0,4989.0
0.78265014995923,0.256356898,0.065884698,0.397882727,0.0,4989.0
0.7854777061993661,0.309922196,0.057359206,0.355814742,0.0,4989.0
0.7839068519727824,0.307028996,0.049763283,0.312469942,0.0,4989.0
0.7829081564684839,0.364220479,0.03712725,0.218416548,0.0,4989.0
0.7814457437065718,0.3737073655,0.038232188,0.20262767450000002,0.0,4989.0
0.7846434099775503,0.356065337,0.038969123,0.193363,0.0,4989.0
0.7952825175215371,0.303354829,0.038035587,0.188028261,0.0,4989.0
0.7984882585123471,0.243546665,0.034108277,0.16824668,0.0,4989.0
0.8003815269325151,0.168810906,0.027888937,0.122348958,0.0,4989.0
0.7992809615956478,0.111212717,0.03328234,0.091964645,0.0,4989.0
0.7938626367027263,0.032932736,0.038936588,0.070690124,0.0,4989.0
0.7703717426754799,0.0,0.043639057,0.05693051,0.0,4989.0
0.7482722808432237,0.0,0.0530455,0.051068489,0.0,4989.0
0.7216728213221839,0.0,0.059264522,0.060453861,0.0,4989.0
0.7116229129135286,0.0,0.073608919,0.084749392,0.0,4989.0
0.7070988320578804,0.0,0.0768272725,0.14287759249999998,0.0,4989.0
0.7186027030493062,0.0,0.0874987495,0.217635795,0.0,4989.0
0.792735595388371,0.002357576,0.100137629,0.289283599,0.0,4989.0
0.8343772678809147,0.055888706,0.10268266,0.35750962,0.0,4989.0
0.8225304674866628,0.102685288,0.082269926,0.422516692,0.0,4989.0
0.819925240055287,0.186144035,0.060117951,0.469297268,0.0,4989.0
0.8149947615423128,0.364708012,0.065629027,0.497542266,0.0,4989.0
0.8118797172652217,0.524409778,0.083089317,0.521964532,0.0,4989.0
0.8107945504493974,0.525255928,0.10174208,0.536299792,0.0,4989.0
0.8097610219498972,0.495540917,0.096476994,0.523224953,0.0,4989.0
0.8049749442747263,0.498113198,0.120823794,0.54852141,0.0,4989.0
0.804885562450148,0.467961216,0.134275502,0.559684952,0.0,4989.0
0.8065755613890269,0.442792545,0.149729507,0.558488943,0.0,4989.0
0.8120632702870918,0.398903936,0.159877076,0.573623031,0.0,4989.0
0.8143478673473834,0.319286213,0.166398781,0.596465588,0.0,4989.0
0.8162089319253862,0.212540811,0.201166981,0.625144511,0.0,4989.0
0.8082039693699558,0.102353514,0.290637819,0.667972071,0.0,4989.0
0.8097655287121059,0.023620328,0.389464756,0.720852713,0.0,4989.0
0.7964099346078245,0.0,0.450199967,0.753435589,0.0,4989.0
0.7404911495590378,0.0,0.4736180975,0.8092518344999999,0.0,4989.0
0.7040758931703206,0.0,0.506865138,0.845730277,0.0,4989.0
0.6955921915460322,0.0,0.532971484,0.852153516,0.0,4989.0
0.700241738752494,0.0,0.5515277763333333,0.8519475883333333,0.0,4989.0
0.7861620619172894,0.002130722,0.55835934,0.849088942,0.0,4989.0
0.8287481624447708,0.02372093,0.548155333,0.851250445,0.0,4989.0
0.819124556351449,0.048512687,0.547656276,0.854830826,0.0,4989.0
0.8153620545341523,0.078609025,0.494339357,0.855644331,0.0,4989.0
0.813736463279604,0.152399929,0.491058657,0.852320039,0.0,4989.0
0.8109813891310077,0.1634952,0.482676539,0.84190733,0.0,4989.0
0.8102030504143809,0.16729541,0.496479981,0.830250278,0.0,4989.0
0.8078412769269968,0.178408959,0.449711855,0.801014088,0.0,4989.0
0.8047359033062714,0.204249336,0.488632978,0.810517401,0.0,4989.0
0.8058682967133717,0.1734334295,0.5157292795,0.8065997275,0.0,4989.0
0.811277139148516,0.150866398,0.516609673,0.80687708,0.0,4989.0
0.8118732391071688,0.13413177,0.490862503,0.808271373,0.0,4989.0
0.8130302315078292,0.102176239,0.459947171,0.811409373,0.0,4989.0
0.8065868282945489,0.060860831,0.439737622,0.803154901,0.0,4989.0
0.8044571474337181,0.025298919,0.433254929,0.779915158,0.0,4989.0
0.7906823400360128,0.0,0.416923253,0.739168103,0.0,4989.0
0.7570455832055637,0.0,0.384691655,0.680944552,0.0,4989.0
0.7114231641839038,0.0,0.349828291,0.622497261,0.0,4989.0
0.6985708149806129,0.0,0.31057676,0.537474639,0.0,4989.0
0.6926915423505,0.0,0.281210073,0.472417382,0.0,4989.0
0.6908350314280419,0.0,0.257370582,0.429970122,0.0,4989.0
0.6907957860825478,0.0,0.238903757,0.401157616,0.0,4989.0
0.7104445140176209,0.0,0.226194347,0.396631952,0.0,4989.0
0.7782429135414367,0.001748673,0.207252696,0.403941053,0.0,4989.0
0.8250670624567598,0.023828403,0.183516819,0.438179187,0.0,4989.0
0.8177418550703717,0.05788673,0.166156775,0.452871707,0.0,4989.0
0.8128818872530932,0.11425943,0.151964837,0.440889112,0.0,4989.0
0.811271411909083,0.164763877,0.139642879,0.429250971,0.0,4989.0
0.8108871247722884,0.23189831,0.141134452,0.423833965,0.0,4989.0
0.8088649465715432,0.300014923,0.137123054,0.409257659,0.0,4989.0
0.8099672019442388,0.367148946,0.085287545,0.335407424,0.0,4989.0
0.8081741126955669,0.381599413,0.11147987,0.329896499,0.0,4989.0
0.8073171895012796,0.423189421,0.125010728,0.350785508,0.0,4989.0
0.8076371627404157,0.412419056,0.138277446,0.398762413,0.0,4989.0
0.8112826781893606,0.306777055,0.143217068,0.436686897,0.0,4989.0
0.8108940724889455,0.242868788,0.150423673,0.439447106,0.0,4989.0
0.813503994255874,0.189573529,0.162325837,0.422346987,0.0,4989.0
0.8063832768279994,0.11651174,0.176274259,0.413758386,0.0,4989.0
0.8044086072037905,0.055742067,0.195117917,0.394223719,0.0,4989.0
0.7924352448219821,0.0,0.198672127,0.372384189,0.0,4989.0
0.7370709434592875,0.0,0.174405103,0.335190828,0.0,4989.0
0.7023910812596443,0.0,0.166171862,0.335630488,0.0,4989.0
0.7051102663751129,0.0,0.135043827,0.31276809499999997,0.0,4989.0
0.7860098680322926,0.002834285,0.115235898,0.243058983,0.0,4989.0
0.8274014208494476,0.079840206,0.092062242,0.207236373,0.0,4989.0
0.8189747096342285,0.169276759,0.053800317,0.178054497,0.0,4989.0
0.8155737741945831,0.288945796,0.040428357,0.1481933,0.0,4989.0
0.8114440731721189,0.413222674,0.046203533,0.134935545,0.0,4989.0
0.808689187222111,0.543569256,0.063437357,0.140206986,0.0,4989.0
0.8054850424804575,0.592635759,0.08092642,0.177803343,0.0,4989.0
0.8045599557582509,0.696243739,0.070599429,0.204226703,0.0,4989.0
0.8048160846583327,0.699313188,0.084382032,0.222506076,0.0,4989.0
0.8035040816462948,0.658975772,0.101424428,0.226090059,0.0,4989.0
0.8040020682412121,0.556884002,0.119765626,0.223029367,0.0,4989.0
0.8097067544805365,0.50975279,0.127619537,0.224761613,0.0,4989.0
0.811031244250076,0.430054698,0.131102498,0.229599159,0.0,4989.0
0.8105333514418308,0.291028017,0.124846983,0.237815338,0.0,4989.0
0.8028881708163066,0.17063036,0.135030745,0.26638907,0.0,4989.0
0.8030464677126687,0.085461962,0.162291814,0.297505404,0.0,4989.0
0.7932987405862387,0.0,0.188452166,0.325478015,0.0,4989.0
0.7648745506943933,0.0,0.197408536,0.340463491,0.0,4989.0
0.7204673824782677,0.0,0.183454545,0.290591073,0.0,4989.0
0.7078085376879838,0.0,0.218962967,0.286489134,0.0,4989.0
0.7007964027174108,0.0,0.17339899,0.228622142,0.0,4989.0
0.701294764771638,0.0,0.1339045425,0.1682355285,0.0,4989.0
0.7261155003485465,0.0,0.116149301,0.130314386,0.0,4989.0
0.7896353856618025,0.006901463,0.107970934,0.121623616,0.0,4989.0
0.8318174825930702,0.111739802,0.082055259,0.110412578,0.0,4989.0
0.8197260077776025,0.211120443,0.040688262,0.102873707,0.0,4989.0
0.8154132239171167,0.359284006,0.02004478,0.11196761,0.0,4989.0
0.8114440731721189,0.550329737,0.022420188,0.136230079,0.0,4989.0
0.8058288631692891,0.683880084,0.030426329,0.149080941,0.0,4989.0
0.8056270961504844,0.783942146,0.040465337,0.168848419,0.0,4989.0
0.8012858642914222,0.79944377,0.036226497,0.175864915,0.0,4989.0
0.7954702015336839,0.784087048,0.036375351,0.184376171,0.0,4989.0
0.7944931938846486,0.724050092,0.039578443,0.211418538,0.0,4989.0
0.7982038691870328,0.606901232,0.044850621,0.242952277,0.0,4989.0
0.8079010840624465,0.496352296,0.045387024,0.265396408,0.0,4989.0
0.8097595194874126,0.380309729,0.043296047,0.289658199,0.0,4989.0
0.8105333514418308,0.271233642,0.047292123,0.297876129,0.0,4989.0
0.8034597661933158,0.17200112,0.060660339,0.310782945,0.0,4989.0
0.8030464677126687,0.082992597,0.076324963,0.31563138,0.0,4989.0
0.7925050039738133,0.0,0.090143784,0.283401875,0.0,4989.0
0.7609684933698297,0.0,0.093217424,0.22894528,0.0,4989.0
0.7093838986767762,0.0,0.089259754,0.193229718,0.0,4989.0
0.6978974441829513,0.0,0.087688826,0.23612781,0.0,4989.0
0.6895501155699708,0.0,0.07363734250000001,0.229599476,0.0,4989.0
0.688931059447628,0.0,0.063080567,0.20590380149999998,0.0,4989.0
0.7000021502782897,0.008427504,0.063288825,0.18623945,0.0,4989.0
0.7241264651071749,0.10739884,0.054638082,0.178507973,0.0,4989.0
0.7507693484825662,0.197749806,0.034492474,0.179178021,0.0,4989.0
0.7673393207048984,0.342445397,0.018989437,0.177150032,0.0,4989.0
0.777395754790187,0.44090156,0.018091358,0.177360933,0.0,4989.0
0.7747426436355871,0.58607858,0.020726821,0.177118749,0.0,4989.0
0.7673790356089968,0.652618458,0.023728876,0.182606573,0.0,4989.0
0.7675007156876568,0.701074134,0.036018656,0.201310993,0.0,4989.0
0.7649804108372309,0.681014198,0.041016553,0.207503262,0.0,4989.0
0.7644963665689638,0.618086813,0.043600841,0.223713114,0.0,4989.0
0.7675187896298279,0.559422295,0.043599189,0.249936554,0.0,4989.0
0.7735717558016125,0.507385163,0.043848073,0.292890233,0.0,4989.0
0.7801328956766199,0.388363811,0.047239516,0.328087316,0.0,4989.0
0.781422787542882,0.27029664,0.05974103,0.365152553,0.0,4989.0
0.7794672710328159,0.156149288,0.073646578,0.38052446,0.0,4989.0
0.7823459497625802,0.082852225,0.091648583,0.369045049,0.0,4989.0
0.7606446711256772,0.001314397,0.109930882,0.34574626,0.0,4989.0
0.7212980404024567,0.0,0.13118337,0.3296715315,0.0,4989.0
0.6970167667003959,0.0,0.148146466,0.365149429,0.0,4989.0
0.6894308533117135,0.0,0.119160699,0.307902867,0.0,4989.0
0.6942295356029704,0.005198041,0.09370801233333333,0.231276175,0.0,4989.0
0.7245451625739031,0.110549755,0.087211022,0.176192445,0.0,4989.0
0.7485062992227742,0.199696004,0.055259987,0.153067364,0.0,4989.0
0.7643424826481386,0.306185461,0.031905688,0.134633534,0.0,4989.0
0.776093891993119,0.341364702,0.030541088,0.112955166,0.0,4989.0
0.7783813995664631,0.421927942,0.036007427,0.085601587,0.0,4989.0
0.7765133872718032,0.431328588,0.035790583,0.057722596,0.0,4989.0
0.7750626168747231,0.462567188,0.024364652,0.028229243,0.0,4989.0
0.7743840821829048,0.445774021,0.024765276,0.025608632,0.0,4989.0
0.777667187174151,0.443928853,0.024156589,0.026187438,0.0,4989.0
0.7795773559526019,0.353383337,0.023623991,0.027992762,0.0,4989.0
0.789566001656659,0.269356061,0.02396661,0.038583254,0.0,4989.0
0.7933351692053524,0.23982299,0.022749146,0.037724673,0.0,4989.0
0.7927145640398116,0.18197101,0.0281381,0.035115888,0.0,4989.0
0.7901274568186983,0.118893333,0.042414749,0.042710122,0.0,4989.0
0.7849173771026345,0.074740075,0.059582449,0.047366455,0.0,4989.0
0.7619735732455092,0.00152235,0.078497433,0.044703036,0.0,4989.0
0.7383680881615124,0.0,0.095075936,0.046264118,0.0,4989.0
0.7167994270049508,0.0,0.100359546,0.048886055,0.0,4989.0
0.7031255500099838,0.0,0.090437969,0.050107167,0.0,4989.0
0.6990733080251166,0.0,0.0877870595,0.0469497535,0.0,4989.0
0.7215328328346728,0.0,0.087948797,0.05074559,0.0,4989.0
0.7896348223165264,0.012848642,0.087733171,0.057165871,0.0,4989.0
0.8321326670847373,0.054791948,0.082356618,0.060298403,0.0,4989.0
0.8209912537569682,0.105622788,0.058972111,0.051360908,0.0,4989.0
0.8180949712688814,0.187064343,0.049643677,0.043524126,0.0,4989.0
0.813730266481567,0.31115353,0.039822137,0.035936142,0.0,4989.0
0.810201454790469,0.497426976,0.031944166,0.030438145,0.0,4989.0
0.8054152833286263,0.622565017,0.024683361,0.026615688,0.0,4989.0
0.8004896867245487,0.689007659,0.02020942,0.027127198,0.0,4989.0
0.7940356737376943,0.658806009,0.015875356,0.033791516,0.0,4989.0
0.7918415858177776,0.587884748,0.017824246,0.052704061,0.0,4989.0
0.791544333337785,0.498469951,0.024120153,0.088324354,0.0,4989.0
0.795722387016833,0.420645157,0.028957739,0.114001987,0.0,4989.0
0.7959330737733834,0.313398589,0.036036565,0.150432101,0.0,4989.0
0.7988612787436197,0.207541679,0.056542277,0.194784209,0.0,4989.0
0.7982158870111749,0.110454578,0.087315541,0.244015279,0.0,4989.0
0.8003527969486783,0.051451004,0.134498464,0.307089152,0.0,4989.0
0.7873722888834301,0.001849433,0.170362726,0.36849306,0.0,4989.0
0.7519927205886455,0.0,0.200694194,0.422379802,0.0,4989.0
0.6573953003875089,0.0,0.219219735,0.473140256,0.0,4989.0
0.6405247900254439,0.0,0.258942145,0.535482707,0.0,4989.0
0.6278567441373984,0.0,0.28915814100000004,0.593807585,0.0,3077.0
0.6298712465242902,0.0,0.3197537015,0.6414448420000001,0.0,1165.0
0.6711209097980942,0.010433404,0.328449816,0.676972932,0.0,1165.0
0.7308513946512976,0.036501907,0.316450676,0.704238486,0.0,1165.0
0.769960415590677,0.061764066,0.283571624,0.722632622,0.0,1165.0
0.7759239061512113,0.099529186,0.276324747,0.733988259,0.0,1165.0
0.7764615607568909,0.155770098,0.3001742,0.7484687,0.0,1165.0
0.7767394244055719,0.201453313,0.349958489,0.765273103,0.0,1165.0
0.7764129730083827,0.217510195,0.403990771,0.759349757,0.0,1165.0
0.7751128002471431,0.228496856,0.41894255,0.711256321,0.0,1165.0
0.7749763331365412,0.213094418,0.4382372,0.65444646,0.0,1165.0
0.7752354663363474,0.18781688,0.452681372,0.656705666,0.0,1165.0
0.7757550469998558,0.143424867,0.453748879,0.664124141,0.0,1165.0
0.776461466970219,0.113731814,0.468826913,0.632079332,0.0,1165.0
0.7763323227229618,0.075891468,0.479869884,0.570828544,0.0,1165.0
0.7763333087335061,0.0533251,0.502538526,0.562815672,0.0,1165.0
0.7720529162885295,0.030621408,0.528427109,0.613802082,0.0,1165.0
0.7680674285305247,0.012267047,0.559436006,0.678597263,0.0,1165.0
0.7503288224805669,0.0,0.56954891,0.730374314,0.0,1165.0
0.7210687407429938,0.0,0.560791516,0.76624083,0.0,1165.0
0.659509724032549,0.0,0.547199676,0.774146876,0.0,1165.0
0.6403696853147723,0.0,0.524226095,0.7661662915,0.0,1165.0
0.6311088657637036,0.0,0.501446984,0.7657585725,0.0,1165.0
0.6567469975167671,0.00171465,0.47565351300000003,0.7681862530000001,0.0,1165.0
0.733602666062969,0.014528303,0.459138983,0.749383629,0.0,1165.0
0.770391552921571,0.024589623,0.430403402,0.703657166,0.0,1165.0
0.7757000279866307,0.039457797,0.404085532,0.670761146,0.0,1165.0
0.7767068923100549,0.081876756,0.371693046,0.645906066,0.0,1165.0
0.7754553066720788,0.10328461,0.338920839,0.623311893,0.0,1165.0
0.7746563598974051,0.172110436,0.30474536,0.601049073,0.0,1165.0
0.7750750573641334,0.194435517,0.258948544,0.530421589,0.0,1165.0
0.7736265872414937,0.238418049,0.277051848,0.507762651,0.0,1165.0
0.7713095981404484,0.286569641,0.285454647,0.501025199,0.0,1165.0
0.7713101145923885,0.263175923,0.284778532,0.504343772,0.0,1165.0
0.7730047140801481,0.221719598,0.259454169,0.496565325,0.0,1165.0
0.7739835524450196,0.132429309,0.243577332,0.482861711,0.0,1165.0
0.7739172202581811,0.076269898,0.227974836,0.468808164,0.0,1165.0
0.77119711915955,0.04058874,0.207444855,0.449944894,0.0,1165.0
0.7675394920997913,0.018879923,0.200357945,0.417920294,0.0,1165.0
0.7491634736874367,0.001089667,0.200705352,0.389089523,0.0,1165.0
0.7187993064865763,0.0,0.19461666,0.377175733,0.0,1165.0
0.6561172850401367,0.0,0.182298356,0.362640427,0.0,1165.0
0.6412919087298846,0.0,0.177516266,0.370074688,0.0,1165.0
0.6336002768162392,0.0,0.1515760995,0.309527983,0.0,1165.0
0.6370531091108008,0.0,0.1323908835,0.27295299149999996,0.0,1165.0
0.6792206531641841,0.004520372,0.125177317,0.218949549,0.0,1165.0
0.7367043307334415,0.033367752,0.108463238,0.195117554,0.0,1165.0
0.7698266239012032,0.064823638,0.085604274,0.18314406,0.0,1165.0
0.775455165992071,0.128913218,0.070697372,0.18565386,0.0,1165.0
0.7738985829707338,0.200784581,0.064430064,0.230822272,0.0,1165.0
0.7700955684373828,0.252156646,0.070021293,0.300971519,0.0,1165.0
0.7658085571543454,0.298546363,0.078181357,0.324784654,0.0,1165.0
0.7658279922537486,0.28598341,0.078727605,0.300466679,0.0,1165.0
0.7646536305614455,0.30049382,0.089551188,0.339883986,0.0,1165.0
0.7612997804078239,0.312063563,0.104924955,0.371905164,0.0,1165.0
0.7598415458421465,0.27186185,0.12703486,0.407434078,0.0,1165.0
0.7629946149875076,0.170428418,0.154264071,0.443389797,0.0,1165.0
0.7641882235806258,0.10092513,0.188607377,0.486877246,0.0,1165.0
0.7657620352135979,0.065805546,0.231706572,0.540315149,0.0,1165.0
0.7683564652980558,0.029059784,0.301121339,0.601560309,0.0,1165.0
0.76497679567365,0.013635014,0.377451339,0.656928729,0.0,1165.0
0.7438759830776007,0.001008212,0.431736696,0.715332317,0.0,1165.0
0.7120357887289075,0.0,0.476586176,0.769247419,0.0,1165.0
0.647889993675946,0.0,0.521995709,0.803560237,0.0,1165.0
0.6280979447002858,0.0,0.532672261,0.838267433,0.0,1165.0
0.6188441195091123,0.0,0.586360362,0.870525675,0.0,1165.0
0.617563287935555,0.0,0.6177153360000001,0.8826222075,0.0,1165.0
0.6428588664328715,0.001616888,0.6058377404999999,0.8666823084999999,0.0,1165.0
0.7262625772327226,0.015949713,0.609134531,0.836451966,0.0,1165.0
0.7681360616170482,0.034423309,0.622497083,0.803461268,0.0,1165.0
0.7756090499128961,0.065783476,0.607186286,0.777050207,0.0,1165.0
0.7750884363455075,0.091090804,0.56892428,0.757061274,0.0,1165.0
0.7749029588211291,0.128647235,0.538577814,0.743616535,0.0,1165.0
0.7737304747379983,0.159943569,0.518838183,0.711483789,0.0,1165.0
0.7727167571098333,0.196497538,0.460307467,0.639865925,0.0,1165.0
0.7718691050406894,0.236878454,0.4165368375,0.6111851405,0.0,1165.0
0.7716442183567632,0.255466669,0.37081003,0.566697841,0.0,1165.0
0.772272005705641,0.207466236,0.324742243,0.499571401,0.0,1165.0
0.7732153539433626,0.156562099,0.28432692,0.454249191,0.0,1165.0
0.7741927836324216,0.097031043,0.241356483,0.410724861,0.0,1165.0
0.7709628669385642,0.047303061,0.204858333,0.358611754,0.0,1165.0
0.7678584324350471,0.023397688,0.182253182,0.313929366,0.0,1165.0
0.749508045920133,0.001934013,0.176661576,0.286605814,0.0,1165.0
0.7197954197311741,0.0,0.171378261,0.277254781,0.0,1165.0
0.6430025163520549,0.0,0.163619523,0.268305793,0.0,1165.0
0.6280336776959633,0.0,0.152963835,0.221240095,0.0,1165.0
0.6173522258447436,0.0,0.143271181,0.184655603,0.0,1165.0
0.6123961625152383,0.0,0.140002332,0.176485584,0.0,1165.0
0.6170101183257859,0.0047323925,0.14768008900000001,0.17200833399999998,0.0,1165.0
0.6261022431022727,0.052242103,0.136432864,0.167027827,0.0,1165.0
0.654844763090762,0.109333975,0.122810428,0.145100869,0.0,1165.0
0.6867854179709671,0.215794827,0.113168556,0.12969132,0.0,1165.0
0.719953810414208,0.298682645,0.104353812,0.137368746,0.0,1165.0
0.7226151366560252,0.326169818,0.091140632,0.166743197,0.0,1165.0
0.7129699358688676,0.410871308,0.08285742,0.230520359,0.0,1165.0
0.7043754921928452,0.506802923,0.055248919,0.334441822,0.0,1165.0
0.6993773197105558,0.60563667,0.07870812,0.40782338,0.0,1165.0
0.6924654114300595,0.609277263,0.097961555,0.451502881,0.0,1165.0
0.6892372310401219,0.616153051,0.113254825,0.491836509,0.0,1165.0
0.6925771388670934,0.571686749,0.118070816,0.508741872,0.0,1165.0
0.6933046833474437,0.463132966,0.117286407,0.508059245,0.0,1165.0
0.6954402790210512,0.334784053,0.112880883,0.50653917,0.0,1165.0
0.6980333010549412,0.20639962,0.134702289,0.510048402,0.0,1165.0
0.7071244170619848,0.116263031,0.173304969,0.514153114,0.0,1165.0
0.7050834608937843,0.006515124,0.197950809,0.511099255,0.0,1165.0
0.6688800648455056,0.0,0.215465257,0.5253932395,0.0,1165.0
0.628916655452959,0.0,0.2441271585,0.61897107,0.0,1165.0
0.6271206556912347,0.0,0.252821848,0.613637265,0.0,1165.0
0.6267483863785821,0.0,0.29395517849999997,0.6851811434999999,0.0,1165.0
0.6230857826228637,0.046029371,0.332063602,0.73352754,0.0,1165.0
0.6235118501588951,0.152216353,0.298090659,0.760512732,0.0,1165.0
0.6437604808520702,0.264507965,0.263753981,0.786466456,0.0,1165.0
0.6644593087663303,0.425616536,0.192443199,0.782989998,0.0,1165.0
0.6866249621054171,0.553734256,0.209790978,0.798333577,0.0,1165.0
0.6864856307498542,0.655256605,0.255054393,0.821888428,0.0,1165.0
0.6882846348113029,0.729939218,0.310445421,0.834268979,0.0,1165.0
0.6882528536344058,0.755612558,0.291061884,0.789918767,0.0,1165.0
0.6894754273032849,0.772550523,0.341129441,0.765602611,0.0,1165.0
0.6913807135475949,0.733340378,0.367544466,0.720103438,0.0,1165.0
0.6922281073907689,0.704097045,0.377837819,0.688278082,0.0,1165.0
0.6961739265127668,0.614572505,0.37007409,0.643663238,0.0,1165.0
0.6970239019903969,0.504693224,0.361812581,0.592282057,0.0,1165.0
0.7006335058974125,0.35613456,0.374252771,0.534585045,0.0,1165.0
0.6990923670399655,0.205260862,0.393125459,0.508990598,0.0,1165.0
0.6944799841569551,0.104502969,0.413092261,0.512388974,0.0,1165.0
0.697269796888837,0.008474992,0.418718736,0.504797004,0.0,1165.0
0.6869410857142925,0.0,0.393257959,0.481604149,0.0,1165.0
0.6462310249953442,0.0,0.351621579,0.442597211,0.0,1165.0
0.6298398170474129,0.0,0.356524136,0.363194619,0.0,1165.0
0.6238101350425724,0.0,0.291092513,0.316739919,0.0,1165.0
0.6286579911865126,0.0,0.239224706,0.27765813,0.0,1165.0
0.6399092312080976,0.0,0.1746259725,0.228232554,0.0,1165.0
0.6794017177130255,0.050961483,0.13371958,0.253197891,0.0,1165.0
0.7297592794935717,0.144828117,0.11424914,0.316954863,0.0,1165.0
0.7654336586886562,0.25161889,0.073388284,0.397640139,0.0,1165.0
0.7664047515249146,0.388648217,0.061569058,0.464719434,0.0,1165.0
0.7578804427726555,0.471878818,0.078275239,0.522806255,0.0,1165.0
0.7575624409293635,0.508677513,0.107277024,0.587380636,0.0,1165.0
0.7581918720459782,0.551699495,0.144017986,0.634896022,0.0,1165.0
0.7602520275964132,0.564170462,0.169793742,0.632009622,0.0,1165.0
0.7614266712739766,0.566169274,0.222135782,0.739960006,0.0,1165.0
0.7637131459434403,0.57572694,0.283431678,0.784336217,0.0,1165.0
0.7628112026456456,0.547342461,0.340114508,0.788232775,0.0,1165.0
0.7627673567512706,0.475651248,0.364448018,0.741960874,0.0,1165.0
0.7604576442454787,0.39279463,0.368262508,0.692723922,0.0,1165.0
0.7634182881498045,0.292421865,0.387984611,0.723042289,0.0,1165.0
0.7629291275059611,0.191336685,0.441004258,0.74627388,0.0,1165.0
0.7550021391895789,0.127718575,0.506365331,0.738983384,0.0,1165.0
0.7242674396052301,0.012348792,0.562778106,0.720161736,0.0,1165.0
0.6937484962596722,0.0,0.577544943,0.690445316,0.0,1165.0
0.643322489591191,0.0,0.576640883,0.671711182,0.0,1165.0
0.6257800171072767,0.0,0.557768624,0.713470594,0.0,1165.0
0.6160766520145395,0.0,0.47909738999999996,0.6837411165,0.0,1165.0
0.6194609692062112,0.000545779,0.3768821215,0.5668645885,0.0,1165.0
0.6573808409836742,0.069500775,0.284049819,0.44259803,0.0,1165.0
0.7224456203727216,0.161573424,0.200777838,0.350297979,0.0,1165.0
0.7621082571588554,0.25649986,0.113861087,0.284376802,0.0,1165.0
0.7681000081446222,0.365979185,0.087493709,0.242735463,0.0,1165.0
0.7615159593118829,0.446532556,0.074515519,0.213966136,0.0,1165.0
0.7569190205927627,0.555062046,0.070794689,0.200844447,0.0,1165.0
0.757596287914021,0.71903958,0.07931718,0.193308624,0.0,1165.0
0.7578505392049307,0.831473489,0.067325094,0.184480774,0.0,1165.0
0.7584251388816641,0.87798754,0.072000462,0.176457439,0.0,1165.0
0.7604532787885222,0.861724814,0.067247048,0.165495049,0.0,1165.0
0.7597407089134579,0.801807589,0.057507537,0.156385328,0.0,1165.0
0.760164523381007,0.694946867,0.045967083,0.148728755,0.0,1165.0
0.758517243645951,0.569384388,0.036443217,0.149099811,0.0,1165.0
0.7608403820264529,0.413454058,0.035127601,0.159711145,0.0,1165.0
0.7602940896682879,0.252214233,0.049967433,0.186787161,0.0,1165.0
0.7507582228822964,0.152996606,0.080860647,0.230996305,0.0,1165.0
0.7264176347374359,0.01332822,0.121084366,0.299552033,0.0,1165.0
0.7046778610484142,0.0,0.165169141,0.379909821,0.0,1165.0
0.6471003886790416,0.0,0.213812378,0.475535591,0.0,1165.0
0.6316583031016009,0.0,0.282876601,0.606558027,0.0,1165.0
0.6280548497245309,0.0,0.324511315,0.716262232,0.0,1165.0
0.6330764707505377,0.0,0.3548836915,0.7821560009999999,0.0,1165.0
0.6415570505291395,0.001204376,0.37594081,0.80395153,0.0,1165.0
0.6759116818088177,0.069333745,0.366135621,0.808348743,0.0,1165.0
0.7261496293184645,0.18072462,0.334944882,0.810564805,0.0,1165.0
0.7615273668974128,0.308140921,0.275468498,0.810152849,0.0,1165.0
0.7660695679633237,0.467112899,0.20897597,0.804792874,0.0,1165.0
0.7583178237949225,0.610518245,0.202785547,0.80081941,0.0,1165.0
0.7570288235272885,0.738894897,0.2156309,0.799249739,0.0,1165.0
0.7578668286993572,0.844964518,0.232598432,0.80257422,0.0,1165.0
0.7581917307407258,0.912197591,0.242935178,0.79852922,0.0,1165.0
0.7583414367779383,0.927974045,0.260605268,0.811484923,0.0,1165.0
0.7604532787885222,0.907689188,0.273495614,0.816846635,0.0,1165.0
0.7597132469254257,0.834276528,0.27447791,0.81051523,0.0,1165.0
0.7600519506134368,0.721805722,0.275368082,0.79964247,0.0,1165.0
0.7578996427801344,0.579508096,0.264784697,0.785390233,0.0,1165.0
0.7600946698172594,0.417520706,0.275180132,0.785705751,0.0,1165.0
0.7575255896449815,0.254560953,0.329825558,0.79276641,0.0,1165.0
0.7496593950998379,0.157217595,0.38548851,0.798524907,0.0,1165.0
0.7275711057611873,0.018899256,0.42225035,0.803393696,0.0,1165.0
0.7050041248722594,0.0,0.433366836,0.805837595,0.0,1165.0
0.6470331173749947,0.0,0.435908653,0.806272465,0.0,1165.0
0.631148580667802,0.0,0.463998661,0.819243645,0.0,1165.0
0.6279373006361474,0.0,0.458284757,0.826642926,0.0,1165.0
0.6301997871759077,0.0,0.449202991,0.832822887,0.0,1165.0
0.6375184691982845,0.000896069,0.4181756055,0.8238160685,0.0,1165.0
0.6760199353875231,0.083534618,0.366079804,0.809667259,0.0,1165.0
0.7253223745999777,0.195691781,0.310921649,0.792795063,0.0,1165.0
0.7635288420029503,0.330911738,0.209414178,0.765924164,0.0,1165.0
0.7668254203874869,0.497414122,0.155626326,0.699203753,0.0,1165.0
0.7580624458134608,0.658622945,0.148398304,0.641149241,0.0,1165.0
0.75755262959299,0.793471174,0.154650157,0.586653851,0.0,1165.0
0.7582755735244595,0.89407542,0.182593985,0.548607979,0.0,1165.0
0.7588294238378936,0.953227719,0.184120883,0.475649422,0.0,1165.0
0.7595975285528787,0.966377139,0.208262359,0.450288492,0.0,1165.0
0.7618877590659313,0.932772952,0.225477382,0.437296722,0.0,1165.0
0.7614021660670884,0.855141991,0.216298859,0.425244524,0.0,1165.0
0.7621278329382665,0.738137466,0.203967667,0.418080218,0.0,1165.0
0.7591636213889402,0.593264159,0.18959352,0.408202037,0.0,1165.0
0.762105393539139,0.430449002,0.194024044,0.410808665,0.0,1165.0
0.7617463625278523,0.265621476,0.244959974,0.429368312,0.0,1165.0
0.7545372955540353,0.164868398,0.315529155,0.45998265,0.0,1165.0
0.7229330440874008,0.02400709,0.367724482,0.51238597,0.0,1165.0
0.6934795986168285,0.0,0.389731075,0.581960419,0.0,1165.0
0.6432492090624509,0.0,0.384677958,0.657756586,0.0,1165.0
0.6265282171642543,0.0,0.408128054,0.774813267,0.0,1165.0
0.6188441195091123,0.0,0.373637617,0.79848036,0.0,1165.0
0.6192907956659106,0.0,0.342650071,0.787833014,0.0,1165.0
0.6229475782704752,0.0,0.326566756,0.768785713,0.0,1165.0
0.6341947104983539,0.002394888,0.311288314,0.746786782,0.0,1165.0
0.659183319528696,0.091908589,0.2803942,0.723931094,0.0,1165.0
0.7222625369094556,0.19806973,0.220274414,0.691856168,0.0,1165.0
0.7604596631599032,0.332825856,0.145143103,0.647963342,0.0,1165.0
0.7645505402516524,0.497707111,0.083486447,0.583011152,0.0,1165.0
0.7594925606339135,0.653960249,0.076221892,0.525523663,0.0,1165.0
0.7601736306920965,0.77884958,0.078924068,0.475810787,0.0,1165.0
0.7614929096741432,0.886949442,0.09359811,0.439823078,0.0,1165.0
0.7667025198316029,0.944772983,0.088105364,0.357105173,0.0,1165.0
0.7700128992375374,0.960820642,0.100980062,0.359506425,0.0,1165.0
0.7734183414393915,0.927158789,0.109464586,0.368846978,0.0,1165.0
0.7718204941581355,0.849752881,0.11063629,0.370098669,0.0,1165.0
0.7710932316630454,0.731309941,0.100139975,0.362731974,0.0,1165.0
0.7676559138723779,0.588623323,0.089225781,0.357289782,0.0,1165.0
0.7680435341874932,0.426967068,0.088153403,0.349763271,0.0,1165.0
0.7653989201053707,0.263575026,0.113933441,0.340183846,0.0,1165.0
0.7596509982102834,0.163035513,0.13860463,0.330257681,0.0,1165.0
0.7265819402332466,0.028120514,0.148611216,0.329386241,0.0,1165.0
0.6929846163216357,0.0,0.146783011,0.337176897,0.0,1165.0
0.6268852761544523,0.0,0.137161611,0.352335295,0.0,1165.0
0.6092713541077319,0.0,0.135145684,0.347214262,0.0,1165.0
0.5968906551389626,0.0,0.124704995,0.34721421,0.0,1165.0
0.5951312721324159,0.0,0.110607032,0.34614135,0.0,1165.0
0.6020446361071096,0.0015040105,0.09744072200000001,0.338843111,0.0,1165.0
0.6041895266651506,0.085386583,0.089274976,0.330916434,0.0,1165.0
0.6119640860671359,0.180834807,0.076623055,0.316737677,0.0,1165.0
0.6371072362127758,0.321446853,0.055203797,0.297274906,0.0,1165.0
0.6616895407472194,0.487302769,0.02622973,0.273323642,0.0,1165.0
0.6866919045308677,0.640873747,0.019512681,0.249202071,0.0,1165.0
0.6994597544437214,0.772247613,0.021382805,0.229771181,0.0,1165.0
0.7048600529130523,0.861119542,0.027413839,0.22121933,0.0,1165.0
0.712761550012002,0.910480647,0.023534226,0.177417128,0.0,1165.0
0.7169243933685954,0.908942564,0.02301472,0.172796596,0.0,1165.0
0.7222304268539623,0.869492418,0.022033855,0.170733803,0.0,1165.0
0.7197135958618649,0.789560753,0.021228748,0.167941064,0.0,1165.0
0.7192001175844772,0.672938062,0.01952689,0.162821168,0.0,1165.0
0.7196068910137354,0.540488662,0.018888803,0.153022591,0.0,1165.0
0.7229161443543621,0.400372178,0.02418449,0.139417652,0.0,1165.0
0.7205732888891967,0.251063992,0.036498777,0.125830197,0.0,1165.0
0.7061486298901737,0.157815334,0.04742022,0.113970523,0.0,1165.0
0.6969624986057907,0.031794471,0.05324041,0.106253078,0.0,1165.0
0.6527817432953661,0.0,0.048766463999999995,0.0976474675,0.0,1165.0
0.602125427447685,0.0,0.036414957,0.0730678795,0.0,1165.0
0.5995687873896708,0.0012129423333333332,0.021234579000000003,0.06393703766666667,0.0,1165.0
0.6089542445508367,0.149590859,0.016655032,0.065105147,0.0,1165.0
0.6357812908740879,0.329109922,0.015563779,0.064411304,0.0,1165.0
0.6626628394460018,0.489663002,0.009131305,0.060263901,0.0,1165.0
0.6904784413712037,0.632793348,0.006074305,0.056137157,0.0,1165.0
0.7065498642785873,0.766180358,0.007227126,0.055290403,0.0,1165.0
0.7171696305098428,0.860711632,0.008042831,0.054849789,0.0,1165.0
0.7236700716507728,0.901312754,0.007600017,0.02455666,0.0,1165.0
0.7298141103082084,0.920147719,0.009820683,0.024044103,0.0,1165.0
0.7403926597981256,0.881112966,0.0118742,0.025969589,0.0,1165.0
0.7415862690164882,0.803719612,0.013806612,0.030219406,0.0,1165.0
0.7451892534601985,0.670532052,0.017338308,0.036225793,0.0,1165.0
0.7413872718307278,0.535097706,0.023757927,0.042032745,0.0,1165.0
0.7365084785274136,0.384542821,0.038154371,0.047600747,0.0,1165.0
0.7359993194388909,0.23515075,0.064758831,0.060549188,0.0,1165.0
0.7176438634417363,0.148189224,0.092143752,0.074888666,0.0,1165.0
0.7026241836560322,0.034813774,0.107783092,0.094687331,0.0,1165.0
0.6623284546342335,0.0,0.105587778,0.1133189675,0.0,1165.0
0.6220733559057137,0.0,0.0969076295,0.146523116,0.0,1165.0
0.6146617941597798,0.0,0.070895477,0.142103259,0.0,1165.0
0.6183048924135666,0.0022363155,0.056208667500000004,0.129233637,0.0,1165.0
0.6556651163606831,0.103954513,0.047834163,0.116191793,0.0,1165.0
0.72022364717426,0.194313333,0.040685811,0.104976099,0.0,1165.0
0.7606231702185136,0.328079491,0.027120898,0.090426711,0.0,1165.0
0.7704949245913799,0.49124573,0.012949986,0.082330957,0.0,1165.0
0.7733763262608527,0.633902512,0.00826133,0.07688434,0.0,1165.0
0.7900115039794714,0.767006206,0.009732996,0.081345546,0.0,1165.0
0.8112009950000594,0.867082081,0.013609998,0.089880486,0.0,1165.0
0.8210840162784476,0.928973957,0.020593184,0.10814023,0.0,1165.0
0.83117687898285,0.945561801,0.035679463,0.125025247,0.0,1165.0
0.8344207380033574,0.909827977,0.047574759,0.147341159,0.0,1165.0
0.8341796318523865,0.83265582,0.059727508,0.185576314,0.0,1165.0
0.8309359597799785,0.719630848,0.069199089,0.220850595,0.0,1165.0
0.8208143677169839,0.584577273,0.077613226,0.246710652,0.0,1165.0
0.8170498007171714,0.424286998,0.092989901,0.257472003,0.0,1165.0
0.800898854214919,0.263284464,0.122024838,0.26169604,0.0,1165.0
0.7728967893800389,0.165194576,0.1445296,0.251161121,0.0,1165.0
0.7351424900312755,0.043397153,0.160115377,0.240089709,0.0,1165.0
0.6986190738505248,0.0,0.162569409,0.211376714,0.0,1165.0
0.6427922522607726,0.0,0.156700399,0.172153035,0.0,1165.0
0.6261432728955117,0.0,0.149538624,0.163503758,0.0,1165.0
0.616651768111951,0.0,0.12481948650000001,0.1324963305,0.0,1165.0
0.6175388064254327,0.002451239,0.1113517265,0.122325203,0.0,1165.0
0.6559551860320944,0.100554887,0.099814767,0.121398242,0.0,1165.0
0.7203178177463075,0.18631305,0.08395883,0.123624939,0.0,1165.0
0.7612687032562109,0.316321705,0.042605714,0.106646342,0.0,1165.0
0.7710280724348506,0.470778008,0.020957169,0.097960049,0.0,1165.0
0.7758076250586327,0.604985386,0.016132728,0.090842941,0.0,1165.0
0.8024889559675621,0.721538137,0.0168047,0.091213829,0.0,1165.0
0.816766913229097,0.821611022,0.019702902,0.096935054,0.0,1165.0
0.8281360068331269,0.891857471,0.027462099,0.099271936,0.0,1165.0
0.8389016300965788,0.8787239325,0.035587267,0.1462455925,0.0,1165.0
0.8372049179077227,0.767081631,0.043020136,0.188935511,0.0,1165.0
0.836167070844602,0.662776876,0.049326303,0.214830452,0.0,1165.0
0.82825177209901,0.530656469,0.055858836,0.238588842,0.0,1165.0
0.8200612851258653,0.377090415,0.070753587,0.263480896,0.0,1165.0
0.8102319685968059,0.244821497,0.101163683,0.293842464,0.0,1165.0
0.7833001891338915,0.155470713,0.134225366,0.318649043,0.0,1165.0
0.7399127002520437,0.051047489,0.152300191,0.332738456,0.0,1165.0
0.7029619488520792,0.0,0.165893585,0.33469069,0.0,1165.0
0.6436162675876106,0.0,0.169131218,0.310825639,0.0,1165.0
0.6263261681601894,0.0,0.188686539,0.321282245,0.0,1165.0
0.6168502256492008,0.0,0.185217642,0.2844258755,0.0,1165.0
0.6178280544630734,0.003314011,0.1575768435,0.180919629,0.0,1165.0
0.6561129664765163,0.116926984,0.128237244,0.121055755,0.0,1165.0
0.7201763267963122,0.201525312,0.085903323,0.09011277,0.0,1165.0
0.7615450650676518,0.332259537,0.039091404,0.061367548,0.0,1165.0
0.7710965642161216,0.490510914,0.01636844,0.038960099,0.0,1165.0
0.7729381474266297,0.621020484,0.013415611,0.025289743,0.0,1165.0
0.7873075992138394,0.758693405,0.017191822,0.020079577,0.0,1165.0
0.7971970986502805,0.834392858,0.025050772,0.021197782,0.0,1165.0
0.8143843903784137,0.833909391,0.027822572,0.035602174,0.0,1165.0
0.8165766006891582,0.804341693,0.033714523,0.051863338,0.0,1165.0
0.816489847392372,0.769128728,0.035578766,0.056485515,0.0,1165.0
0.8046791942572181,0.706021803,0.037004689,0.047637121,0.0,1165.0
0.7960864881356043,0.604050348,0.035320443,0.052041433,0.0,1165.0
0.7858752785308627,0.490083472,0.035308385,0.064069541,0.0,1165.0
0.7803047122343639,0.346489056,0.036132251,0.077959076,0.0,1165.0
0.7739409270278688,0.228202194,0.04178023,0.094398395,0.0,1165.0
0.7623414302078694,0.136787791,0.051658366,0.106864469,0.0,1165.0
0.7338412374728197,0.048652285,0.063266793,0.134023796,0.0,1165.0
0.6987203328192371,0.0,0.0752318,0.232453589,0.0,1165.0
0.6428500411070422,0.0,0.092189617,0.396338215,0.0,1165.0
0.6261432728955117,0.0,0.119991549,0.559319599,0.0,1165.0
0.6166232493669617,0.0,0.1616183825,0.6241024645,0.0,1165.0
0.617555706408569,0.0039595475,0.185999456,0.6645654535000001,0.0,1165.0
0.6559551860320944,0.112892023,0.178734508,0.673672348,0.0,1165.0
0.7202215813664996,0.190276897,0.153683482,0.66407761,0.0,1165.0
0.7606231702185136,0.309163177,0.132044349,0.654174046,0.0,1165.0
0.7676254938527128,0.465453726,0.126369426,0.641607487,0.0,1165.0
0.761818375060788,0.619446159,0.120288829,0.632888053,0.0,1165.0
0.7626899452322539,0.734362792,0.120441497,0.63498232,0.0,1165.0
0.7668397384860693,0.828717737,0.125531857,0.645156409,0.0,1165.0
0.7768910080519567,0.874937896,0.155277104,0.67417921,0.0,1165.0
0.7784240484302819,0.841663147,0.16877119299999999,0.7028426729999999,0.0,1165.0
0.7703622126991222,0.691378841,0.186524351,0.717218782,0.0,1165.0
0.7647093067066186,0.566409225,0.194114244,0.720335624,0.0,1165.0
0.760949716027619,0.453750853,0.206798424,0.710112787,0.0,1165.0
0.7640240118714869,0.316904172,0.210640415,0.682181978,0.0,1165.0
0.7652324081217916,0.202343075,0.214544501,0.669564378,0.0,1165.0
0.7601634904771268,0.126657847,0.23511278,0.645908759,0.0,1165.0
0.7329721088810466,0.041710526,0.263325669,0.585636659,0.0,1165.0
0.6987203328192371,0.0,0.278571957,0.540053594,0.0,1165.0
0.6427364354355917,0.0,0.278384593,0.52108369,0.0,1165.0
0.6263261681601894,0.0,0.329557342,0.534602796,0.0,1165.0
0.6169085306347883,0.0,0.308185248,0.5125603830000001,0.0,1165.0
0.6177831521243635,0.002720861,0.31333285050000004,0.573424158,0.0,1165.0
0.6557852001901867,0.086990128,0.304591357,0.594186383,0.0,1165.0
0.7205104774540227,0.15226414,0.277002327,0.579969273,0.0,1165.0
0.7613240505227877,0.262181709,0.272761338,0.570753091,0.0,1165.0
0.768097473403502,0.398885794,0.290077156,0.567694188,0.0,1165.0
0.7643734191197438,0.534551401,0.314277309,0.572824843,0.0,1165.0
0.7583977700550595,0.638669243,0.3300056,0.587734619,0.0,1165.0
0.7571072210568496,0.73945877,0.344292351,0.604241632,0.0,1165.0
0.7570349265386538,0.770875681,0.318214175,0.616389468,0.0,1165.0
0.7570259130142362,0.808171276,0.342469326,0.619893591,0.0,1165.0
0.7591483641731495,0.805626351,0.360705538,0.602069004,0.0,1165.0
0.7587985348848689,0.76716134,0.372044123,0.586960111,0.0,1165.0
0.7589219043741127,0.647669049,0.377617122,0.577648155,0.0,1165.0
0.7574203872593366,0.52702125,0.378856642,0.556211541,0.0,1165.0
0.7601873385520669,0.392235633,0.358556376,0.536741211,0.0,1165.0
0.7587850145982425,0.263617541,0.309944952,0.511185066,0.0,1165.0
0.7513562479687018,0.172453535,0.28878328,0.494923779,0.0,1165.0
0.724575770166912,0.073335015,0.287709299,0.489650096,0.0,1165.0
0.6988154887765843,0.00104311,0.288321159,0.4791232,0.0,1165.0
0.6290674406621434,0.0,0.285175806,0.478890528,0.0,1165.0
0.6103891007252269,0.0,0.308093501,0.514243609,0.0,1165.0
0.5991454426057746,0.0,0.278714736,0.512318061,0.0,1165.0
0.5978391201899316,0.0,0.252048458,0.483987176,0.0,1165.0
0.6032231288522137,0.0060888635,0.214465719,0.40837101600000003,0.0,1165.0
0.6066901151186819,0.133425575,0.155531033,0.317715584,0.0,1165.0
0.615109737812187,0.212366518,0.092709935,0.252617415,0.0,1165.0
0.6394201874849719,0.343330712,0.069710278,0.186791201,0.0,1165.0
0.6621643839177248,0.504265704,0.07039223,0.129749913,0.0,1165.0
0.6841253590997101,0.657126059,0.102374701,0.104101958,0.0,1165.0
0.6869448409326367,0.766743014,0.133195254,0.112891882,0.0,1165.0
0.6877778228905564,0.803751391,0.137897431,0.147169894,0.0,1165.0
0.6883930296952606,0.826563707,0.120845064,0.212980921,0.0,1165.0
0.6895986561125207,0.83567067,0.133905335,0.246136207,0.0,1165.0
0.6919900518076139,0.794506932,0.147202371,0.285342986,0.0,1165.0
0.6930393533496004,0.727777841,0.153539613,0.332790606,0.0,1165.0
0.6969476646805127,0.674552698,0.158113689,0.392137087,0.0,1165.0
0.6988056774402107,0.534577078,0.160221099,0.444169816,0.0,1165.0
0.7019651778502889,0.409542352,0.153316475,0.47228201,0.0,1165.0
0.7035482374743585,0.271142446,0.151474128,0.493896907,0.0,1165.0
0.6973941061205334,0.178688003,0.181730215,0.520649108,0.0,1165.0
0.6936789246811849,0.072194605,0.212908798,0.538374874,0.0,1165.0
0.687872416127872,0.001137508,0.238116255,0.532167118,0.0,1165.0
0.631647505754683,0.0,0.249757145,0.483801854,0.0,1165.0
0.6148091056982089,0.0,0.250521158,0.425383473,0.0,1165.0
0.606401266112068,0.0,0.242178935,0.372141685,0.0,1165.0
0.606615168375928,0.0,0.21569454500000002,0.294782941,0.0,1165.0
0.6136781207168233,0.012092906,0.177081065,0.220384823,0.0,1165.0
0.6135167727524499,0.108550896,0.140355429,0.159821654,0.0,1165.0
0.615486889283834,0.167096554,0.079835542,0.113932369,0.0,1165.0
0.6375845197124851,0.276093351,0.038528637,0.084793042,0.0,1165.0
0.6584054503706733,0.422126895,0.037111784,0.102651102,0.0,1165.0
0.6838562269901866,0.543710972,0.060959652,0.146443813,0.0,1165.0
0.6885547529313707,0.662825785,0.098572213,0.219023925,0.0,1165.0
0.6897130595959273,0.762007927,0.147096738,0.291772053,0.0,1165.0
0.6938446851208997,0.814910196,0.17773928,0.332495204,0.0,1165.0
0.7023772089603759,0.815200358,0.207137352,0.399081507,0.0,1165.0
0.7077766627244148,0.769588246,0.221362694,0.458660744,0.0,1165.0
0.7081680382578744,0.656198182,0.225755197,0.510452774,0.0,1165.0
0.7110456371904226,0.49201146,0.222577864,0.566592604,0.0,1165.0
0.7096364599318575,0.351204877,0.187517846,0.615935351,0.0,1165.0
0.7071849751160544,0.220312328,0.166025836,0.660665533,0.0,1165.0
0.7076094936088876,0.123013153,0.195739685,0.715320972,0.0,1165.0
0.7044722919179291,0.062560093,0.257427998,0.759286216,0.0,1165.0
0.6973260363792861,0.02222734,0.317710022,0.781954917,0.0,1165.0
0.6602418687491578,0.0006547395,0.387384824,0.778635572,0.0,1165.0
0.6259298631992527,0.0,0.462964683,0.793663346,0.0,1165.0
0.6162362161251507,0.0,0.4313406305,0.7275403435000001,0.0,1165.0
0.6181949955047954,0.0078040235,0.4014456635,0.6508731084999999,0.0,1165.0
0.6556770403981531,0.123149987,0.370206401,0.602363292,0.0,1165.0
0.7201254393986081,0.201246398,0.312912088,0.575834448,0.0,1165.0
0.7601372958596548,0.336135776,0.208113565,0.571871007,0.0,1165.0
0.7660038929084333,0.488071582,0.190262372,0.552071452,0.0,1165.0
0.7624221742799623,0.646300079,0.212892805,0.548539624,0.0,1165.0
0.766874852841287,0.779740328,0.246359567,0.526055818,0.0,1165.0
0.7713298779451435,0.875404285,0.304406862,0.508302465,0.0,1165.0
0.7788886810458138,0.93286863,0.293607003,0.439325231,0.0,1165.0
0.788864886573083,0.930996662,0.3489555245,0.5033824175,0.0,1165.0
0.7910363947264863,0.839031594,0.332956276,0.570582699,0.0,1165.0
0.7896640218589672,0.726063309,0.300036318,0.597772128,0.0,1165.0
0.7802534959580636,0.5888302,0.253811976,0.597102004,0.0,1165.0
0.7803047122343639,0.43893421,0.203492328,0.570850052,0.0,1165.0
0.7760582142926253,0.283648079,0.191339453,0.547173087,0.0,1165.0
0.7622866925546601,0.186948105,0.208231703,0.53231609,0.0,1165.0
0.7329721088810466,0.090156054,0.219124943,0.503173562,0.0,1165.0
0.6956013926437938,0.002030358,0.211662082,0.464027619,0.0,1165.0
0.6424700725338681,0.0,0.184987892,0.409811408,0.0,1165.0
0.6258292144691524,0.0,0.18681709,0.378203269,0.0,1165.0
0.6172371650418157,0.0,0.144193239,0.318299729,0.0,1165.0
0.614927264837631,0.0,0.117182293,0.300733172,0.0,1165.0
0.6187215476442511,0.0087352695,0.096721486,0.317346858,0.0,1165.0
0.6556651163606831,0.140090698,0.08808338,0.362228639,0.0,1165.0
0.7200315501865766,0.215259754,0.082733263,0.396412139,0.0,1165.0
0.7604612118904791,0.348538919,0.051145781,0.383460168,0.0,1165.0
0.7694360461796994,0.502562193,0.047806503,0.350910405,0.0,1165.0
0.7664221677098932,0.63857335,0.061000263,0.328444771,0.0,1165.0
0.772283929743111,0.754802374,0.07798424,0.312541258,0.0,1165.0
0.7796338768030671,0.859583005,0.090763478,0.30050725,0.0,1165.0
0.7903496918407866,0.916821393,0.105352099,0.30739682,0.0,1165.0
0.7917065736510797,0.91824353,0.112395219,0.310006204,0.0,1165.0
0.7941641139596674,0.854543452,0.121852033,0.3302785,0.0,1165.0
0.7908516218526365,0.693490811,0.128816111,0.354682194,0.0,1165.0
0.7894024470794684,0.523371639,0.129966809,0.366714142,0.0,1165.0
0.7779576326174945,0.374774643,0.127719951,0.372318344,0.0,1165.0
0.7772026255238677,0.246794673,0.117368094,0.370043486,0.0,1165.0
0.7731004340080159,0.146833554,0.1321188,0.355463427,0.0,1165.0
0.7621207914349375,0.079389898,0.160756261,0.33781534,0.0,1165.0
0.7336828943083662,0.03234206,0.18215626,0.319607381,0.0,1165.0
0.6986190738505248,0.001776509,0.197868562,0.312246492,0.0,1165.0
0.6428761888311783,0.0,0.204002774,0.325404104,0.0,1165.0
0.6262603993186269,0.0,0.238838467,0.426260162,0.0,1165.0
0.6182907386917579,0.0,0.242888692,0.498705433,0.0,1165.0
0.6167779234092357,0.0038497046666666665,0.24629555866666666,0.5657275176666666,0.0,1165.0
0.6560465867710972,0.073724464,0.246351424,0.570592369,0.0,1165.0
0.7203178177463075,0.143584311,0.230808056,0.565479787,0.0,1165.0
0.7604612118904791,0.238409487,0.204974868,0.564168302,0.0,1165.0
0.7658927757100112,0.370750427,0.190388902,0.553146243,0.0,1165.0
0.7615037539143971,0.549128652,0.202355737,0.559752461,0.0,1165.0
0.7612149985068818,0.690633347,0.217524642,0.581409464,0.0,1165.0
0.7671665650299462,0.826965139,0.240475135,0.616815887,0.0,1165.0
0.774147012610294,0.872859344,0.246751495,0.608554715,0.0,1165.0
0.7823102251687505,0.899900434,0.265082264,0.641508657,0.0,1165.0
0.7898934859577285,0.886962902,0.272592488,0.67092822,0.0,1165.0
0.7884181165670882,0.809667809,0.275432842,0.680854095,0.0,1165.0
0.7850990994086684,0.688286932,0.271646498,0.670694101,0.0,1165.0
0.7775611394579695,0.553167502,0.2577587,0.629227272,0.0,1165.0
0.7764609974116148,0.413070078,0.242113983,0.570567788,0.0,1165.0
0.7747454134686316,0.276879519,0.232366484,0.518783204,0.0,1165.0
0.7618893553150877,0.186560442,0.248960238,0.495745703,0.0,1165.0
0.7348847648820374,0.100862284,0.266749471,0.492281939,0.0,1165.0
0.7001578180216151,0.003158517,0.281675249,0.501553854,0.0,1165.0
0.642708925928979,0.0,0.27379912,0.483710408,0.0,1165.0
0.6220833081096685,0.0,0.2537118755,0.4317910615,0.0,1165.0
0.6148047398973682,0.0,0.202191201,0.3502743625,0.0,1165.0
0.621174956900038,0.02198106,0.154086374,0.322889531,0.0,1165.0
0.6559594583276234,0.136548376,0.109543498,0.305078676,0.0,1165.0
0.7218234189580244,0.200466131,0.059747375,0.27148301,0.0,1165.0
0.7608018407062427,0.332512213,0.040840983,0.257056207,0.0,1165.0
0.7640986535574592,0.490286325,0.032753949,0.250579651,0.0,1165.0
0.7583081531385569,0.596661186,0.036154905,0.245799719,0.0,1165.0
0.7579976629824426,0.726202131,0.042892729,0.245009461,0.0,1165.0
0.7590803888438186,0.747722041,0.052884732,0.268757352,0.0,1165.0
0.760200529960097,0.744814659,0.059557282,0.283396348,0.0,1165.0
0.761442444316463,0.779945642,0.067116944,0.310597106,0.0,1165.0
0.7639908689121133,0.781015898,0.070825637,0.318597945,0.0,1165.0
0.7625821612121526,0.703571407,0.077008138,0.315046759,0.0,1165.0
0.7622570709721955,0.583571486,0.078970756,0.307211191,0.0,1165.0
0.760949716027619,0.465706793,0.073537466,0.306563315,0.0,1165.0
0.7643879247916701,0.369570963,0.064153739,0.307678168,0.0,1165.0
0.7647089309346864,0.237894156,0.050428024,0.28965058,0.0,1165.0
0.7586174228174472,0.151516357,0.053306578,0.273720243,0.0,1165.0
0.7262581173638498,0.094257925,0.059290343,0.262430691,0.0,1165.0
0.6937225830022161,0.003648866,0.05972237,0.254409205,0.0,1165.0
0.6433963803585432,0.0,0.061424177,0.25391509,0.0,1165.0
0.6268469693009219,0.0,0.086024023,0.304640047,0.0,1165.0
0.6200386672507008,0.0,0.0945438995,0.32109104099999997,0.0,1165.0
0.6263551329233281,0.0117404975,0.11563549249999999,0.38457472449999996,0.0,1165.0
0.6568145039127384,0.143315697,0.117598797,0.435195579,0.0,1165.0
0.7209903901067686,0.215803203,0.089435241,0.447049328,0.0,1165.0
0.7604544992657464,0.346104711,0.052346628,0.447702703,0.0,1165.0
0.7658927757100112,0.50435863,0.055132431,0.46907954,0.0,1165.0
0.7610747755526911,0.650106155,0.073927018,0.49124478,0.0,1165.0
0.7607424093427252,0.777714725,0.096280322,0.519690511,0.0,1165.0
0.7622532213419347,0.872869995,0.118700149,0.550782974,0.0,1165.0
0.7665469927682855,0.93108406,0.14732905,0.556632437,0.0,1165.0
0.773924402441518,0.9295264675,0.1729783965,0.5796345380000001,0.0,1165.0
0.7756410661817174,0.841923722,0.195282595,0.600089813,0.0,1165.0
0.7748935232566878,0.732031194,0.203751217,0.60235985,0.0,1165.0
0.7699021109177117,0.594194967,0.202430267,0.597224144,0.0,1165.0
0.7716103244787696,0.435649148,0.177392067,0.587904322,0.0,1165.0
0.7667654250534489,0.279582723,0.207858624,0.583233263,0.0,1165.0
0.7603999967044615,0.181867201,0.282604846,0.582451421,0.0,1165.0
0.7302779210398718,0.087961079,0.347335905,0.575284389,0.0,1165.0
0.6936948852970151,0.003250406,0.380300842,0.558608355,0.0,1165.0
0.6250463693654634,0.0,0.379682925,0.531538252,0.0,1165.0
0.6076178776996876,0.0,0.371616114,0.505664675,0.0,1165.0
0.5951817373650472,0.0,0.352742808,0.460862461,0.0,1165.0
0.5899238449222699,0.0,0.3267064805,0.391308663,0.0,1165.0
0.5921324155989027,0.025712769,0.29325523,0.290858651,0.0,1165.0
0.599631692924139,0.127394186,0.242915865,0.230031411,0.0,1165.0
0.6086123483019886,0.196987903,0.170743796,0.195974806,0.0,1165.0
0.6349494825000563,0.314303305,0.114539417,0.206396868,0.0,1165.0
0.664145813685247,0.443198976,0.114326537,0.228357225,0.0,1165.0
0.6891755462955,0.554665952,0.136327282,0.249085434,0.0,1165.0
0.7017506889820582,0.673513952,0.168202534,0.242881543,0.0,1165.0
0.7068453323108352,0.770138492,0.1998704,0.221067533,0.0,1165.0
0.7163618115160039,0.831649384,0.191163634,0.205709718,0.0,1165.0
0.7234433298664757,0.860339916,0.209377814,0.190676657,0.0,1165.0
0.7285844482426643,0.838692225,0.219158909,0.171457294,0.0,1165.0
0.7300216989783626,0.774065158,0.223568747,0.152946478,0.0,1165.0
0.73079496696226,0.675700127,0.227885561,0.148202212,0.0,1165.0
0.7289209460681513,0.551879084,0.222519692,0.143233727,0.0,1165.0
0.7303045858411924,0.372564525,0.218378647,0.147463557,0.0,1165.0
0.7269574483123035,0.211981736,0.222092517,0.176928748,0.0,1165.0
0.7172654911177185,0.117913668,0.259828581,0.229115738,0.0,1165.0
0.7044572697940628,0.06393599,0.293467849,0.295736974,0.0,1165.0
0.686201053851196,0.004596598,0.326951487,0.366131276,0.0,1165.0
0.6249184928013887,0.0,0.340121883,0.457498057,0.0,1165.0
0.6068353142061123,0.0,0.386424675,0.585270157,0.0,1165.0
0.5918094379975177,0.0,0.34750745299999997,0.61726474,0.0,1165.0
0.5881141609660788,0.008184139,0.29515603300000004,0.626480076,0.0,1165.0
0.5988083347292489,0.086241265,0.235708874,0.637154297,0.0,1165.0
0.6090875197258458,0.154688497,0.186736226,0.59853684,0.0,1165.0
0.6346845282741453,0.284027477,0.150303378,0.539056217,0.0,1165.0
0.6615477221691167,0.439159159,0.125617426,0.479047827,0.0,1165.0
0.6852773751795576,0.604376405,0.130479973,0.40627874,0.0,1165.0
0.6893132814019066,0.734159521,0.1565646,0.364163028,0.0,1165.0
0.6903711738030427,0.848132076,0.17074407,0.377894334,0.0,1165.0
0.6938446851208997,0.905885051,0.149609615,0.365833766,0.0,1165.0
0.6966425728852351,0.93138226,0.155698129,0.384256832,0.0,1165.0
0.7004156832256166,0.910514598,0.151543989,0.389650244,0.0,1165.0
0.705591258825075,0.842711372,0.139418251,0.40197449,0.0,1165.0
0.7088469480963806,0.738388119,0.126643103,0.388185591,0.0,1165.0
0.7094502777569508,0.602396322,0.11543015,0.361959604,0.0,1165.0
0.7090873977406479,0.449290835,0.105229846,0.335063254,0.0,1165.0
0.7104296794670982,0.294182871,0.097793045,0.322114599,0.0,1165.0
0.7058580912854027,0.196348065,0.103514959,0.314276904,0.0,1165.0
0.7006007856033073,0.114869323,0.132382269,0.318082981,0.0,1165.0
0.6780585437627028,0.005779958,0.15243203,0.320832368,0.0,1165.0
0.6427304262108984,0.0,0.147885788,0.314452695,0.0,1165.0
0.6215240592165621,0.0,0.130544243,0.3656817535,0.0,1165.0
0.615486232026837,0.0,0.099351196,0.364015018,0.0,1165.0
0.6201704402133236,0.0151888825,0.086639261,0.40411941500000004,0.0,1165.0
0.6556651163606831,0.149153728,0.08630461,0.41175824,0.0,1165.0
0.7200315501865766,0.214946773,0.059857153,0.397128968,0.0,1165.0
0.7601324602188497,0.343045654,0.04792139,0.370698269,0.0,1165.0
0.767429641646685,0.487239112,0.058152648,0.354680215,0.0,1165.0
0.7619619311932995,0.637733337,0.074764899,0.346230521,0.0,1165.0
0.761547036463496,0.758230483,0.088508618,0.35608646,0.0,1165.0
0.7645676750766153,0.849774347,0.098858976,0.384950315,0.0,1165.0
0.7691511879210254,0.907343273,0.119438768,0.394116759,0.0,1165.0
0.7723135044322397,0.916311179,0.132291943,0.422082356,0.0,1165.0
0.7795932227817604,0.887321178,0.144366953,0.453816006,0.0,1165.0
0.779122276760096,0.821828716,0.171024579,0.48277403,0.0,1165.0
0.7774866390772497,0.715487324,0.197305751,0.502463757,0.0,1165.0
0.773426885405205,0.584426642,0.212197845,0.512606054,0.0,1165.0
0.7729137360064136,0.438668754,0.206114966,0.518992267,0.0,1165.0
0.7713663071895018,0.288566239,0.213336716,0.530123816,0.0,1165.0
0.7619543263446942,0.192735439,0.267432661,0.548909865,0.0,1165.0
0.7329721088810466,0.114254576,0.322995708,0.56582257,0.0,1165.0
0.6959956317969699,0.006455201,0.364710833,0.578196694,0.0,1165.0
0.6424706358791442,0.0,0.38617945,0.580093355,0.0,1165.0
0.6260927137511595,0.0,0.385407464,0.605085326,0.0,1165.0
0.6172574450340842,0.0,0.379485781,0.595662412,0.0,1165.0
0.6154343584310155,0.0,0.373398376,0.583204218,0.0,1165.0
0.6192033147408613,0.015971306,0.3547922155,0.5723008705,0.0,1165.0
0.6557852001901867,0.150916372,0.322145528,0.557693325,0.0,1165.0
0.7200216450635311,0.217919129,0.284794838,0.55018743,0.0,1165.0
0.7606231702185136,0.344208251,0.248021728,0.530430651,0.0,1165.0
0.7685630679576655,0.497417744,0.265056191,0.519509449,0.0,1165.0
0.7637643622197408,0.627021595,0.303928661,0.517554556,0.0,1165.0
0.7684604472064767,0.73766482,0.370897403,0.542955918,0.0,1165.0
0.777421198489039,0.828792983,0.451316594,0.570033675,0.0,1165.0
0.7898424103614361,0.895823404,0.498104296,0.587291605,0.0,1165.0
0.7943328318057705,0.92350846,0.586562826,0.634781728,0.0,1165.0
0.807916575744917,0.901898842,0.645541733,0.664920415,0.0,1165.0
0.8104215302181249,0.830593105,0.685477278,0.682893723,0.0,1165.0
0.8113725301977875,0.711176635,0.713097641,0.698508595,0.0,1165.0
0.8079057783979993,0.579242284,0.725011262,0.720533339,0.0,1165.0
0.8064203632043057,0.437635731,0.717419068,0.752321019,0.0,1165.0
0.795734968186251,0.289503661,0.721162081,0.786757626,0.0,1165.0
0.781004278274742,0.190967642,0.734301973,0.825956903,0.0,1165.0
0.7457662940913803,0.118208134,0.736776168,0.857778284,0.0,1165.0
0.7080024653915036,0.007951024,0.729467384,0.872727806,0.0,1165.0
0.649641865558035,0.0,0.703220818,0.877377518,0.0,1165.0
0.6292301030154618,0.0,0.69200969,0.884893808,0.0,1165.0
0.6183139291970788,0.0,0.6117257135,0.8632275014999999,0.0,1165.0
0.6182348748169297,0.0162020635,0.4949761645,0.7779162065,0.0,1165.0
0.6565400666038056,0.147456723,0.411293527,0.698815595,0.0,1165.0
0.7201681586024309,0.212131891,0.406350742,0.66395284,0.0,1165.0
0.7606231702185136,0.334182087,0.391230209,0.610520865,0.0,1165.0
0.7658927757100112,0.478022404,0.370276783,0.526169264,0.0,1165.0
0.7610747755526911,0.523954138,0.36201151,0.472904101,0.0,1165.0
0.7607424093427252,0.625152214,0.373471622,0.462419095,0.0,1165.0
0.762254301139151,0.689817773,0.406043753,0.478520058,0.0,1165.0
0.7665469927682855,0.745490975,0.352951338,0.476566302,0.0,1165.0
0.7707866139586155,0.748163268,0.4209400685,0.4823363345,0.0,1165.0
0.7706814350196383,0.661976498,0.454463934,0.476231528,0.0,1165.0
0.7695138334706485,0.580961221,0.48118181,0.489737802,0.0,1165.0
0.7657480459936118,0.488620628,0.494367242,0.489087091,0.0,1165.0
0.7674671037949236,0.379687463,0.492183269,0.493481576,0.0,1165.0
0.7653147015497048,0.260401606,0.466754501,0.502712021,0.0,1165.0
0.7614308960509251,0.179020249,0.419155897,0.532666971,0.0,1165.0
0.7340056836486384,0.110616519,0.402806289,0.574485603,0.0,1165.0
0.6998935209276521,0.009275911,0.371597196,0.604024147,0.0,1165.0
0.642708925928979,0.0,0.340448074,0.615403105,0.0,1165.0
0.6262684268325002,0.0,0.314235605,0.660956396,0.0,1165.0
0.6182907386917579,0.0,0.269491931,0.638380209,0.0,1165.0
0.6149022434601628,0.0006652815,0.208009857,0.5441118605,0.0,1165.0
0.6201050935680958,0.042362412,0.149739144,0.429715372,0.0,1165.0
0.6557985797968052,0.154218529,0.104087157,0.360256599,0.0,1165.0
0.7200315501865766,0.218695301,0.06635013,0.301046486,0.0,1165.0
0.7601224613091322,0.344082859,0.044588832,0.23803713,0.0,1165.0
0.7644164672021628,0.495399916,0.041083465,0.182917443,0.0,1165.0
0.7590190323525485,0.575312117,0.044210644,0.138704248,0.0,1165.0
0.7572919470373635,0.704578634,0.0462527,0.105127449,0.0,1165.0
0.7582755735244595,0.811592114,0.045513896,0.089341682,0.0,1165.0
0.7588294238378936,0.896757903,0.036348168,0.09262329,0.0,1165.0
0.7606781423384026,0.91674663,0.035354742999999994,0.08643839,0.0,1165.0
0.7617340633436945,0.837213535,0.035379235,0.07203231,0.0,1165.0
0.7624597302148727,0.730716369,0.036931857,0.073453162,0.0,1165.0
0.7606979525844936,0.585075918,0.04131469,0.085470398,0.0,1165.0
0.7634182881498045,0.433706026,0.046034529,0.10283509,0.0,1165.0
0.7629291275059611,0.286144186,0.044310212,0.129791292,0.0,1165.0
0.75658073957002,0.194209066,0.047648579,0.175210567,0.0,1165.0
0.7258312517032403,0.128449859,0.068692273,0.255805467,0.0,1165.0
0.693607474868281,0.010653956,0.104062292,0.356483491,0.0,1165.0
0.645824251566086,0.0,0.147847189,0.455009631,0.0,1165.0
0.6286351766406971,0.0,0.215509501,0.56310229,0.0,1165.0
0.6204703211585839,0.0,0.292933336,0.6304239814999999,0.0,1226.0
0.6216712533340779,0.001321338,0.350523039,0.680084762,0.0,1287.0
0.6262700224564121,0.039266702,0.356740091,0.704586288,0.0,1287.0
0.6545716869390612,0.139842277,0.347888612,0.715556266,0.0,1287.0
0.7174798393059414,0.184867659,0.286156527,0.695370803,0.0,1287.0
0.7567681884902425,0.29767289,0.269846955,0.665899834,0.0,1287.0
0.7665788214637629,0.444451346,0.298534927,0.627415504,0.0,1287.0
0.7601476705413045,0.575233076,0.330648721,0.571211422,0.0,1287.0
0.7605434584250564,0.637810009,0.352539191,0.521330271,0.0,1287.0
0.7616491407627446,0.74135108,0.364759321,0.506622659,0.0,1287.0
0.7623971063530425,0.785849741,0.298783172,0.46791534,0.0,1287.0
0.7705835558099603,0.7691391245,0.3713868215,0.4508754495,0.0,1287.0
0.7761494743516202,0.68014756,0.39561611,0.471418469,0.0,1287.0
0.7764400598497272,0.581283241,0.389702323,0.486641893,0.0,1287.0
0.7709779828491026,0.489889741,0.369732871,0.492848543,0.0,1287.0
0.7711489547015545,0.365419001,0.31611877,0.460415579,0.0,1287.0
0.7677867012621273,0.222542905,0.273119182,0.422287513,0.0,1287.0
0.7618386554907275,0.150186595,0.269951276,0.412231143,0.0,1287.0
0.7333242384437675,0.082531079,0.284628631,0.421965488,0.0,1287.0
0.7000492824576494,0.009422254,0.295596202,0.41931066,0.0,1287.0
0.6306481531184366,0.0,0.283669566,0.406223543,0.0,1287.0
0.6102330575225916,0.0,0.293975229,0.471597585,0.0,1287.0
0.5956959665610548,0.0,0.23289964,0.45460203,0.0,1287.0
0.5911267252970378,0.0217563175,0.1691825245,0.410002848,0.0,1287.0
0.6004203591789817,0.140796428,0.113237794,0.366872626,0.0,1287.0
0.6087213532369852,0.199653522,0.053104964,0.318585546,0.0,1287.0
0.6381215171862167,0.329250299,0.033208763,0.283321401,0.0,1287.0
0.6677143877990237,0.479608065,0.029333035,0.272916153,0.0,1287.0
0.6970839911111069,0.605125346,0.041127999,0.286141436,0.0,1287.0
0.7075041499179902,0.720692394,0.079042193,0.294426295,0.0,1287.0
0.7145683933887357,0.759712184,0.123353274,0.320524065,0.0,1287.0
0.7256580270949283,0.770580738,0.136741635,0.385193084,0.0,1287.0
0.7312392491204704,0.7884841149999999,0.1483104455,0.4099064065,0.0,1287.0
0.7299890724709291,0.749382146,0.171471862,0.426509484,0.0,1287.0
0.7305202013999754,0.631942265,0.186426793,0.430788603,0.0,1287.0
0.7259923184326468,0.515226091,0.197365482,0.417771699,0.0,1287.0
0.7288035376597758,0.38941486,0.19601652,0.399597547,0.0,1287.0
0.7294943721609966,0.266936999,0.192949754,0.387971101,0.0,1287.0
0.7188780322694891,0.182426003,0.212050983,0.394425583,0.0,1287.0
0.7069599233675856,0.113634469,0.244599849,0.402330102,0.0,1287.0
0.6895222774973843,0.01035102,0.277246458,0.405871814,0.0,1287.0
0.630509713986746,0.0,0.29466473,0.409383962,0.0,1287.0
0.6102169555389845,0.0,0.309426871,0.493751514,0.0,1287.0
0.5956182031231828,0.0,0.3098557625,0.613325903,0.0,1287.0
0.5911435548776458,0.0131499015,0.273615081,0.6415960105,0.0,1287.0
0.5997732772856597,0.117592674,0.213845613,0.587276096,0.0,1287.0
0.6094545312326209,0.173286589,0.152171006,0.522200331,0.0,1287.0
0.6366439882011441,0.284686005,0.123611403,0.407788699,0.0,1287.0
0.6660447155581761,0.411121204,0.115781305,0.33363373,0.0,1287.0
0.6888248241581028,0.563753176,0.136837098,0.309467298,0.0,1287.0
0.7043846463972707,0.693762581,0.189132301,0.311558767,0.0,1287.0
0.7076437626335689,0.754983444,0.230109725,0.326542822,0.0,1287.0
0.7160552641515778,0.770474181,0.25156143,0.348927268,0.0,1287.0
0.7197759852570152,0.742702217,0.27659028,0.400098161,0.0,1287.0
0.7261460610482195,0.727780849,0.298343183,0.464529162,0.0,1287.0
0.7265804377707622,0.61830247,0.322783655,0.536621032,0.0,1287.0
0.7284876022494888,0.481220152,0.340485643,0.566784814,0.0,1287.0
0.7252597507381475,0.343587769,0.355226717,0.576172936,0.0,1287.0
0.7271524558130394,0.231137163,0.351798449,0.572234409,0.0,1287.0
0.7272562970414524,0.130970175,0.33606618,0.574561106,0.0,1287.0
0.7133426278467885,0.072008654,0.344544614,0.591533897,0.0,1287.0
0.7049269953385029,0.028411778,0.364679838,0.606010322,0.0,1287.0
0.6894005974187243,0.005599562,0.387676482,0.608053413,0.0,1287.0
0.6485932680413324,0.0,0.398283774,0.648972389,0.0,1287.0
0.6304396259563186,0.0,0.462242656,0.642498487,0.0,1287.0
0.6221237036549074,0.0,0.4766612285,0.6573144685000001,0.0,1287.0
0.6228186219091842,0.013701140499999999,0.515719407,0.7751280955,0.0,1287.0
0.6576486594545463,0.098339194,0.549189326,0.885761381,0.0,1287.0
0.7184393832514175,0.147699012,0.624253,0.90687648,0.0,1287.0
0.7564652093960613,0.242437598,0.651165619,0.902053289,0.0,1287.0
0.7625989202651832,0.323054107,0.666709726,0.885175178,0.0,1287.0
0.7566747688368151,0.388674899,0.702048748,0.894990517,0.0,1287.0
0.7572859384379147,0.559906769,0.75232506,0.906383756,0.0,1287.0
0.7583075897932808,0.675235995,0.796139239,0.914864339,0.0,1287.0
0.7583777247170442,0.686881018,0.768837178,0.911544947,0.0,1287.0
0.758248627363123,0.760622999,0.814895835,0.917801757,0.0,1287.0
0.7586311778833756,0.7382076280000001,0.8364217875,0.9165913210000001,0.0,1287.0
0.7545575753587305,0.596113035,0.853803512,0.911181447,0.0,1287.0
0.7509672664963545,0.436726832,0.858922522,0.917944277,0.0,1287.0
0.7489629271458561,0.323254751,0.844400139,0.926230989,0.0,1287.0
0.7513650732945312,0.207990261,0.847514223,0.929997798,0.0,1287.0
0.7497273704291687,0.134330872,0.830229014,0.925977063,0.0,1287.0
0.7254030248853988,0.082667276,0.808567904,0.927645004,0.0,1287.0
0.6991196889732342,0.00735224,0.801830195,0.935465882,0.0,1287.0
0.6459308157342076,0.0,0.811664295,0.936944774,0.0,1287.0
0.6249492649587446,0.0,0.8159435159999999,0.9351014685,0.0,1287.0
0.620423611456919,0.0005224805,0.8062655745,0.9371627855,0.0,1287.0
0.6282905106213291,0.019345384,0.77472722,0.937051033,0.0,1287.0
0.6579897103103335,0.087208779,0.791057795,0.937093594,0.0,1287.0
0.7207436973963727,0.13318713,0.82252338,0.937233441,0.0,1287.0
0.7611357093786929,0.201188873,0.809995449,0.93658288,0.0,1287.0
0.7686803350607886,0.24650038,0.787071338,0.934622056,0.0,1287.0
0.7689547723697214,0.381834899,0.757667363,0.930776511,0.0,1287.0
0.766951090151171,0.426533356,0.729981087,0.922230947,0.0,1287.0
0.7646431151997879,0.483529544,0.70578542,0.901276735,0.0,1287.0
0.7643056782570926,0.549254014,0.630895623,0.85231179,0.0,1287.0
0.7671748745290797,0.503460323,0.61126844,0.80276004,0.0,1287.0
0.7679343883849155,0.5216205730000001,0.599442902,0.758799228,0.0,1287.0
0.764403510886057,0.46012975,0.596368552,0.755928918,0.0,1287.0
0.7603592957898186,0.400399703,0.585179243,0.750284283,0.0,1287.0
0.7598562859807526,0.288459338,0.574060983,0.731925595,0.0,1287.0
0.7568363520181617,0.201504494,0.535007651,0.705373644,0.0,1287.0
0.7551880393792254,0.161833466,0.442872484,0.697305771,0.0,1287.0
0.736443648177815,0.111749634,0.411550335,0.715110559,0.0,1287.0
0.7077858169288404,0.016103666,0.389579795,0.714197925,0.0,1287.0
0.6509771995678283,0.0,0.376233455,0.695308535,0.0,1287.0
0.6381273382123216,0.0,0.44827064,0.705742442,0.0,1287.0
0.6329539691006316,0.0,0.393160848,0.677677384,0.0,1287.0
0.6366187323882581,0.0009189035,0.340549803,0.6789969195,0.0,1287.0
0.6433934692202463,0.043949228,0.309557736,0.673150136,0.0,1287.0
0.6683782292455721,0.1464794,0.293817377,0.65733884,0.0,1287.0
0.7218036087119333,0.205319107,0.280488541,0.616313948,0.0,1287.0
0.7604303229374545,0.317357779,0.276682464,0.562556032,0.0,1287.0
0.7669658309150216,0.456211865,0.305915534,0.544684542,0.0,1287.0
0.7637029119417986,0.504576668,0.347808489,0.533832749,0.0,1287.0
0.7633502184085571,0.608482024,0.396423844,0.522531669,0.0,1287.0
0.7624328778402082,0.63371502,0.419190389,0.497692063,0.0,1287.0
0.7631428654555719,0.611764662,0.403314586,0.47683123,0.0,1287.0
0.7631406589678035,0.607649031,0.389684452,0.438429232,0.0,1287.0
0.76387055061593,0.620011226,0.368456111,0.387605783,0.0,1287.0
0.7625485955875108,0.558299923,0.333165013,0.363348789,0.0,1287.0
0.7611276818648196,0.488864508,0.296020991,0.361710388,0.0,1287.0
0.7602369116858748,0.415250605,0.271157693,0.380865684,0.0,1287.0
0.7594605449903367,0.342286521,0.243238202,0.413495973,0.0,1287.0
0.760464873947396,0.235491423,0.218987231,0.431855298,0.0,1287.0
0.7587919154215637,0.169187641,0.175782723,0.447901075,0.0,1287.0
0.7398550527110265,0.092510053,0.160591728,0.460447786,0.0,1287.0
0.7154066799208201,0.011473633,0.190569808,0.49373396,0.0,1287.0
0.6592725606732663,0.0,0.222135651,0.518245455,0.0,1287.0
0.6469310365224139,0.0,0.253993327,0.565766012,0.0,1287.0
0.6493700574021388,0.0,0.255632992,0.578865375,0.0,1287.0
0.6529374816913176,0.0074748765,0.26642165,0.583766843,0.0,1287.0
0.6763327264433223,0.068790781,0.255854937,0.538859643,0.0,1287.0
0.7243840964697411,0.101061107,0.247922369,0.547767414,0.0,1287.0
0.7606153777965646,0.14088233,0.295984982,0.580329259,0.0,1287.0
0.7657080022109171,0.197809977,0.373647658,0.635447737,0.0,1287.0
0.7640457003519946,0.172925022,0.441353412,0.70023462,0.0,1287.0
0.7596938118260225,0.292641803,0.49193903,0.74396871,0.0,1287.0
0.7556677175652915,0.321044221,0.506536389,0.76123782,0.0,1287.0
0.7544342527628226,0.380536642,0.405838819,0.694847475,0.0,1287.0
0.7578514542502265,0.3687451975,0.412719493,0.6731652945,0.0,1287.0
0.7586795777459177,0.3351453,0.424941907,0.678143616,0.0,1287.0
0.7586024006935808,0.27938875,0.420635998,0.632003795,0.0,1287.0
0.7538799797841204,0.285481157,0.395829739,0.558485421,0.0,1287.0
0.7538938752174346,0.22621251,0.374491283,0.465359798,0.0,1287.0
0.7511745731812485,0.17088283,0.350897114,0.405632505,0.0,1287.0
0.7450267317868879,0.12893399,0.302140711,0.382527643,0.0,1287.0
0.7218028571680688,0.078710467,0.272509206,0.356239417,0.0,1287.0
0.6922150097694106,0.016458751,0.250487223,0.309503862,0.0,1287.0
0.6453503944061247,0.0,0.251198022,0.270896111,0.0,1287.0
0.6286341437368169,0.0,0.301707004,0.32271672,0.0,1287.0
0.62045431311796,0.0,0.250077598,0.302943505,0.0,1287.0
0.6239149149505226,0.0014088445,0.2126713555,0.24983154750000003,0.0,1287.0
0.6403279518088717,0.05185697,0.170579765,0.207470866,0.0,1287.0
0.6607486809825265,0.145086792,0.127870555,0.151963681,0.0,1287.0
0.7197838245723004,0.219100154,0.089333515,0.119101425,0.0,1287.0
0.7606355638145877,0.34543198,0.068120687,0.101139034,0.0,1287.0
0.7650570239190471,0.489211075,0.070566235,0.088812018,0.0,1287.0
0.7635171999507405,0.530538998,0.088132533,0.082892043,0.0,1287.0
0.7566088593152446,0.585571378,0.110497949,0.103098578,0.0,1287.0
0.7550177246587214,0.59549102,0.131538707,0.141897215,0.0,1287.0
0.754688268961808,0.591581586,0.084618433,0.141502106,0.0,1287.0
0.755818291754464,0.5678437700000001,0.0957285595,0.1669446035,0.0,1287.0
0.7570428133725192,0.612953044,0.09841054,0.182318027,0.0,1287.0
0.7550028907334434,0.554416615,0.094362305,0.189394605,0.0,1287.0
0.7506359794583605,0.467876467,0.08938842,0.19216375,0.0,1287.0
0.7509312130239285,0.369723278,0.08680823,0.188805652,0.0,1287.0
0.7492408852064535,0.258982124,0.079790022,0.172230236,0.0,1287.0
0.7449087600332365,0.174103726,0.063423105,0.155420402,0.0,1287.0
0.7228126320045455,0.122143258,0.067761064,0.147710156,0.0,1287.0
0.6974848022090078,0.018475052,0.080820023,0.148467072,0.0,1287.0
0.6324330272798913,0.0,0.085369242,0.151210848,0.0,1287.0
0.6134171801853245,0.0,0.074126186,0.15113099400000002,0.0,1287.0
0.6160600337040413,0.0014061165,0.06688077349999999,0.134066026,0.0,1287.0
0.6132845856514557,0.070634952,0.052958129,0.135835017,0.0,1287.0
0.613525504416656,0.131687568,0.021300266,0.172709348,0.0,1287.0
0.6372585378739002,0.183225648,0.020758658,0.193093295,0.0,1287.0
0.6623105216846925,0.244676885,0.028621212,0.217290834,0.0,1287.0
0.6833519967038961,0.352570605,0.037939276,0.240002118,0.0,1287.0
0.6859378834477852,0.386991047,0.046543158,0.253409709,0.0,1287.0
0.6893916783062232,0.437543718,0.055116068,0.258847532,0.0,1287.0
0.6912324630795308,0.416593644,0.06076337,0.274935869,0.0,1287.0
0.6922810137028975,0.435086134,0.068696932,0.289799701,0.0,1287.0
0.6936863888497822,0.409781881,0.069883247,0.307167121,0.0,1287.0
0.6940761681340853,0.40909756,0.068394271,0.316515354,0.0,1287.0
0.6979502091898275,0.35557068,0.063641058,0.311736605,0.0,1287.0
0.6990415265355974,0.274558349,0.054774625,0.288064798,0.0,1287.0
0.7023574925009568,0.193940272,0.0422703,0.26071003,0.0,1287.0
0.7056881523368309,0.133890831,0.032420527,0.225919182,0.0,1287.0
0.6982686805917238,0.081260045,0.031152091,0.191819243,0.0,1287.0
0.6899866990929042,0.05932717,0.033419761,0.160523747,0.0,1287.0
0.6813503809183508,0.01015665,0.036996241,0.133644053,0.0,1287.0
0.6293035711175459,0.0,0.041758367,0.121816591,0.0,1287.0
0.607928250747511,0.0,0.043887825000000005,0.160120385,0.0,1287.0
0.6105747815999515,0.007264627,0.04305369566666667,0.16122571333333333,0.0,1287.0
0.6029282239776685,0.082735506,0.032822124,0.143278433,0.0,1287.0
0.6090416080862349,0.131451941,0.020115657,0.149609918,0.0,1287.0
0.6363217622061479,0.215907816,0.014788143,0.167860748,0.0,1287.0
0.6608977292625466,0.323110405,0.019056665,0.196529876,0.0,1287.0
0.6865640282794151,0.411719921,0.023012014,0.22399813,0.0,1287.0
0.6909625325328067,0.49947135,0.026522462,0.252455541,0.0,1287.0
0.6908644654371626,0.569647089,0.03024661,0.263566905,0.0,1287.0
0.7031672366225485,0.630318749,0.036437946,0.294302673,0.0,1287.0
0.7071106623086786,0.606437612,0.040767547,0.271922323,0.0,1287.0
0.7135574455936153,0.548048593,0.046975674,0.285293628,0.0,1287.0
0.7145433723551519,0.479712779,0.051711439,0.296200387,0.0,1287.0
0.71726051542215,0.426826334,0.051855115,0.307423114,0.0,1287.0
0.7169323739891327,0.344013325,0.048504342,0.319084791,0.0,1287.0
0.718036600132428,0.2701668,0.046448231,0.325593248,0.0,1287.0
0.7151054846491393,0.19044884,0.058363617,0.335253433,0.0,1287.0
0.7087155041999276,0.135451031,0.102036339,0.346559879,0.0,1287.0
0.703797606231127,0.09222686,0.153166338,0.354346393,0.0,1287.0
0.6818636241038142,0.0177972,0.188253898,0.368130289,0.0,1287.0
0.6464288954905522,0.0,0.202577483,0.384781115,0.0,1287.0
0.6265221611087496,0.0,0.2244274385,0.43643776850000005,0.0,1287.0
0.6195477693963332,0.001251376,0.204184884,0.39972506799999996,0.0,1287.0
0.6406684866816521,0.0765630005,0.1732945635,0.37973811150000003,0.0,1287.0
0.7182986438452866,0.166493989,0.116822659,0.392810317,0.0,1287.0
0.7585154598234508,0.285395863,0.082786114,0.379391748,0.0,1287.0
0.7675535751064493,0.411558608,0.073756446,0.322350879,0.0,1287.0
0.763090944528743,0.447112562,0.08041578,0.296383934,0.0,1287.0
0.7659841295556782,0.52200267,0.103170102,0.284300301,0.0,1287.0
0.7685248079974711,0.611529415,0.133433993,0.276916903,0.0,1287.0
0.7784112562408521,0.67109646,0.151055167,0.262270345,0.0,1287.0
0.7887143361432006,0.682872731,0.202872657,0.278269921,0.0,1287.0
0.7972197262479965,0.666557832,0.245760955,0.278510749,0.0,1287.0
0.7903897825168172,0.620875634,0.263596213,0.293100957,0.0,1287.0
0.7852911019844355,0.498709863,0.266265114,0.332512254,0.0,1287.0
0.7768158030207083,0.380960542,0.270004784,0.363650248,0.0,1287.0
0.7733083509315218,0.303464072,0.265847806,0.381891723,0.0,1287.0
0.7696449491137497,0.216819634,0.270019008,0.394279724,0.0,1287.0
0.7616661811757911,0.146513062,0.274527553,0.397951377,0.0,1287.0
0.7338264973342137,0.096688795,0.288062529,0.417072678,0.0,1287.0
0.7007641519819097,0.022576349,0.30439127,0.448595907,0.0,1287.0
0.6485932680413324,0.0,0.324494462,0.509129304,0.0,1287.0
0.631221438531274,0.0,0.351876768,0.568603005,0.0,1287.0
0.6221814453264809,0.0,0.34695382649999995,0.565021808,0.0,1287.0
0.6201359830213161,0.003652751,0.327443131,0.550549282,0.0,1287.0
0.6409600115783274,0.084258268,0.2951635595,0.5079533275,0.0,1287.0
0.7181980889018582,0.150396048,0.263903837,0.496800063,0.0,1287.0
0.7568295449815124,0.245799725,0.253744849,0.499576578,0.0,1287.0
0.7623182392648773,0.37367959,0.267429532,0.491440909,0.0,1287.0
0.7550526045472592,0.475212702,0.291664294,0.461216516,0.0,1287.0
0.756985916750122,0.594763162,0.338904927,0.448513404,0.0,1287.0
0.7584687027907788,0.668774069,0.359185783,0.436829558,0.0,1287.0
0.7588825183486105,0.695715432,0.356781573,0.417591299,0.0,1287.0
0.7611481029747671,0.738735554,0.346618759,0.416148204,0.0,1287.0
0.7646663993042074,0.692947289,0.333131251,0.404684249,0.0,1287.0
0.7628206857286673,0.607928902,0.305788339,0.412290032,0.0,1287.0
0.7635670550698087,0.498473739,0.281671867,0.443628899,0.0,1287.0
0.7606017637232663,0.397185469,0.267264396,0.473736735,0.0,1287.0
0.7620174666584646,0.320086201,0.247583052,0.477749748,0.0,1287.0
0.7616088625133702,0.221656421,0.223941359,0.467268174,0.0,1287.0
0.7567196007417343,0.15780238,0.186466652,0.457126168,0.0,1287.0
0.7266346120786954,0.097406023,0.163532538,0.431171114,0.0,1287.0
0.6898304211109667,0.019141409,0.15093197,0.38131759,0.0,1287.0
0.646665965063163,0.0,0.144241144,0.321805359,0.0,1287.0
0.6280416114231646,0.0,0.139630379,0.321224798,0.0,1287.0
0.6205619097522906,0.0,0.105252739,0.276072204,0.0,1287.0
0.6197419315352706,0.001835232,0.07653478999999999,0.23168694,0.0,1287.0
0.6272472176787911,0.048908489,0.054429756,0.190359344,0.0,1287.0
0.6552744448525075,0.135661748,0.032587037,0.154958381,0.0,1287.0
0.7176338170134384,0.18996022,0.019083403,0.113270717,0.0,1287.0
0.7562354633120398,0.310316976,0.013457157,0.080810294,0.0,1287.0
0.7620454457236813,0.451667837,0.014249872,0.054415529,0.0,1287.0
0.7563316990666032,0.511010406,0.019180567,0.041506408,0.0,1287.0
0.7580929602450421,0.558019864,0.025160462,0.044792587,0.0,1287.0
0.7584033566144845,0.573414282,0.0273746,0.052892931,0.0,1287.0
0.7581956741576584,0.540133548,0.026411965,0.061044576,0.0,1287.0
0.7588026658751456,0.524924531,0.026833354,0.097095054,0.0,1287.0
0.7606418543992969,0.528896808,0.031788283,0.137717971,0.0,1287.0
0.7591274272365063,0.500532515,0.036749964,0.157204259,0.0,1287.0
0.7591826338230753,0.459444907,0.037817062,0.147936286,0.0,1287.0
0.75701117287563,0.386965307,0.035392147,0.130060344,0.0,1287.0
0.7586941303111798,0.3034317,0.029790489,0.115424121,0.0,1287.0
0.7595929748973339,0.231195809,0.026107522,0.099848698,0.0,1287.0
0.7530092549431908,0.152785772,0.023479463,0.082968107,0.0,1287.0
0.7220868713466954,0.115305452,0.026700189,0.072167799,0.0,1287.0
0.6902007184025307,0.024915146,0.030001239,0.063726837,0.0,1287.0
0.6458606801851997,0.0,0.030835743,0.053538823,0.0,1287.0
0.628709536341409,0.0,0.042350903,0.059949531,0.0,1287.0
0.6191262789625146,0.0,0.0410881325,0.058036469,0.0,1287.0
0.6209432861884594,0.031979338,0.044219645,0.099070036,0.0,1287.0
0.6544747940525497,0.161477942,0.044547365,0.124233699,0.0,1287.0
0.7177111816391192,0.222525231,0.024407597,0.143493776,0.0,1287.0
0.7563916475073054,0.344051539,0.022079632,0.151780559,0.0,1287.0
0.7640083326156726,0.494927032,0.028554738,0.183059734,0.0,1287.0
0.7598263355196918,0.522089722,0.037657371,0.211627699,0.0,1287.0
0.7589376780418435,0.575566263,0.053659754,0.234744992,0.0,1287.0
0.7608867163938566,0.64157093,0.070774623,0.265047244,0.0,1287.0
0.7623910033416773,0.616770728,0.073638123,0.286590349,0.0,1287.0
0.765609043516645,0.572807933,0.093638691,0.339342078,0.0,1287.0
0.7704598102361622,0.496259802,0.113257972,0.383461884,0.0,1287.0
0.7682887250606492,0.347105391,0.129704424,0.414465421,0.0,1287.0
0.767920821204953,0.309214695,0.13434763,0.45513646,0.0,1287.0
0.7656055696583165,0.271732365,0.145560259,0.50879932,0.0,1287.0
0.7654783499135674,0.217584101,0.161103463,0.561648549,0.0,1287.0
0.7659876503073427,0.144700692,0.206890963,0.604379447,0.0,1287.0
0.7591697712936413,0.078673674,0.298858395,0.64540414,0.0,1287.0
0.7313591450640078,0.033877686,0.387752489,0.708269017,0.0,1287.0
0.6950179201226505,0.004908461,0.453186082,0.794480076,0.0,1287.0
0.646641929414879,0.0,0.484945859,0.845784356,0.0,1287.0
0.6304321148943853,0.0,0.560571705,0.872500604,0.0,1287.0
0.6230505742934007,0.0,0.550238644,0.886481326,0.0,1287.0
0.6198904637072349,0.0006230905,0.5469837835,0.893036022,0.0,1287.0
0.6249721033263747,0.013949951,0.531494259,0.887404451,0.0,1287.0
0.6568643115132261,0.056598639,0.509210977,0.879231338,0.0,1287.0
0.7186115286877577,0.096876314,0.487298731,0.869892138,0.0,1287.0
0.7600262249293244,0.191342089,0.443270088,0.864363445,0.0,1287.0
0.7670845066939572,0.298913969,0.430729134,0.862651661,0.0,1287.0
0.7611426570953501,0.327555273,0.463577805,0.860315952,0.0,1287.0
0.7612983248386754,0.482787411,0.517860334,0.848150224,0.0,1287.0
0.7610589556168688,0.542537325,0.578126558,0.836376468,0.0,1287.0
0.7631045586020414,0.550364165,0.594121036,0.807260877,0.0,1287.0
0.7677283021772456,0.648004038,0.649346146,0.821403176,0.0,1287.0
0.7708256013907618,0.584389131,0.690696007,0.829812055,0.0,1287.0
0.7682887250606492,0.525672415,0.650434086,0.833214481,0.0,1287.0
0.7677321518075064,0.506419641,0.619371967,0.840274018,0.0,1287.0
0.7630293535707933,0.446956698,0.575048584,0.831494573,0.0,1287.0
0.7644534597917971,0.362078839,0.510408374,0.822164716,0.0,1287.0
0.7659876503073427,0.266840575,0.423097804,0.809040641,0.0,1287.0
0.760003504170181,0.179203374,0.383422643,0.81593993,0.0,1287.0
0.7331449108240904,0.11716161,0.367200605,0.821390898,0.0,1287.0
0.6970082227345825,0.02851824,0.366266381,0.815234723,0.0,1287.0
0.6285100695970447,0.001007656,0.375307122,0.79348658,0.0,1287.0
0.6103997571420391,0.0,0.338151226,0.723338903,0.0,1287.0
0.5979504253993685,0.0,0.319796091,0.658031125,0.0,1287.0
0.5903754267785173,0.0023030445,0.297302138,0.570474483,0.0,1287.0
0.5913955759840211,0.05995275,0.242370918,0.489915664,0.0,1287.0
0.5990309451481227,0.147876412,0.193100267,0.45169522,0.0,1287.0
0.6096146586572457,0.202983848,0.11536326,0.412008325,0.0,1287.0
0.6360535685885882,0.318474858,0.088063227,0.393539503,0.0,1287.0
0.6660408665531597,0.454965897,0.09006467,0.386389975,0.0,1287.0
0.6901922682233892,0.562301919,0.127853255,0.389505578,0.0,1287.0
0.7022975446854993,0.624541632,0.191008563,0.389789874,0.0,1287.0
0.7054168606328749,0.696267918,0.24201823,0.398110312,0.0,1287.0
0.7115222172900924,0.652480017,0.23534882,0.401245252,0.0,1287.0
0.716848531205399,0.591520519,0.250761722,0.40450745,0.0,1287.0
0.7202205484626193,0.582054497,0.257906075,0.421374893,0.0,1287.0
0.7205945547044362,0.489203519,0.255951174,0.442322462,0.0,1287.0
0.7276899691134667,0.459911408,0.243673137,0.448078285,0.0,1287.0
0.7255754047884188,0.407199785,0.187786089,0.434566695,0.0,1287.0
0.7249478050128848,0.302174895,0.143216016,0.405597949,0.0,1287.0
0.7265919391429642,0.22592589,0.097994753,0.364566429,0.0,1287.0
0.7154378039657692,0.164270875,0.093901563,0.331770806,0.0,1287.0
0.7048746523716505,0.116008311,0.112174289,0.310456793,0.0,1287.0
0.6878572526987533,0.030028077,0.122087908,0.267218392,0.0,1287.0
0.628248166564194,0.001113702,0.118096859,0.22743185,0.0,1287.0
0.6042713977404179,0.0,0.1179531395,0.1831460635,0.0,1287.0
0.5904064100809339,0.002235807,0.0805038855,0.0882285675,0.0,1287.0
0.5954210130815419,0.073681383,0.054244772999999996,0.0526835965,0.0,1287.0
0.6089636803653758,0.149859318,0.021274644,0.042797133,0.0,1287.0
0.6388264346940954,0.249010873,0.011814889,0.045185092,0.0,1287.0
0.6699505384160598,0.369544455,0.011881468,0.042850694,0.0,1287.0
0.6956998817794615,0.443418788,0.015655925,0.036429418,0.0,1287.0
0.7057136898223549,0.583763602,0.020825617,0.03335546,0.0,1287.0
0.7119751368881659,0.697869932,0.028189848,0.039537613,0.0,1287.0
0.7204548013088496,0.705188766,0.028503001,0.046022683,0.0,1287.0
0.7266742800894578,0.681632178,0.030493327,0.066865068,0.0,1287.0
0.7298447654197977,0.644735477,0.030454537,0.090144098,0.0,1287.0
0.7302757620706837,0.551229817,0.031038917,0.135816505,0.0,1287.0
0.7348057577391088,0.48317262,0.033593123,0.21407201,0.0,1287.0
0.7350304337156452,0.390827456,0.042892048,0.309518676,0.0,1287.0
0.7354788934448461,0.292408475,0.055604167,0.396299621,0.0,1287.0
0.7343813330329475,0.213489726,0.069789161,0.454889663,0.0,1287.0
0.7256616885266007,0.155857606,0.103866892,0.499401049,0.0,1287.0
0.7184092452170128,0.09753023,0.156521345,0.530064721,0.0,1287.0
0.6926770366785738,0.022143896,0.209729652,0.565494751,0.0,1287.0
0.6433633780791777,0.0,0.2671983095,0.6123803335,0.0,1287.0
0.6237233583303805,0.0,0.3195947925,0.699190506,0.0,1287.0
0.6233291893608972,0.0139568945,0.329145617,0.7322385585,0.0,1287.0
0.6605925905739329,0.057943365,0.317231556,0.723953503,0.0,1287.0
0.7223230018020977,0.085813838,0.280038988,0.701709212,0.0,1287.0
0.7614807042766574,0.134463461,0.27743217,0.702168225,0.0,1287.0
0.7701602581069735,0.205269263,0.300344713,0.716904446,0.0,1287.0
0.7625656366258017,0.362402306,0.374237978,0.732848864,0.0,1287.0
0.7611705423738947,0.460884166,0.467442169,0.759413553,0.0,1287.0
0.7614484535411561,0.528077022,0.544207333,0.771183414,0.0,1287.0
0.7672665097347624,0.595561044,0.413343868,0.742016092,0.0,1287.0
0.7701434046420266,0.639881886,0.473149122,0.778932346,0.0,1287.0
0.7745157142779461,0.651034886,0.50363785,0.813381677,0.0,1287.0
0.7695327052247756,0.600409669,0.489227175,0.840082265,0.0,1287.0
0.7643211699395632,0.526893157,0.482051787,0.84916872,0.0,1287.0
0.7606017637232663,0.393710795,0.485313745,0.866267042,0.0,1287.0
0.7609239903435067,0.282383383,0.449989879,0.876385942,0.0,1287.0
0.7617180083159479,0.165033772,0.400267571,0.874377075,0.0,1287.0
0.7562215203601452,0.098950729,0.356768275,0.871126085,0.0,1287.0
0.7294314194205701,0.051313667,0.34035949,0.871084331,0.0,1287.0
0.6951832585223415,0.011859968,0.329060183,0.874979431,0.0,1287.0
0.6464920358043226,0.0,0.31296202,0.870105732,0.0,1287.0
0.626608444909456,0.0,0.30126991550000004,0.8784662165,0.0,1287.0
0.6199931311329243,0.0010415545,0.290744318,0.874161515,0.0,1287.0
0.6409182074198003,0.044654185500000006,0.267049694,0.8632173354999999,0.0,1287.0
0.718091525358981,0.082567332,0.277786928,0.862831242,0.0,1287.0
0.7585154598234508,0.119981167,0.340090922,0.869998286,0.0,1287.0
0.7666971208455218,0.145429602,0.400056555,0.878573273,0.0,1287.0
0.7596470079000146,0.159222981,0.459146106,0.891893792,0.0,1287.0
0.7581194368477744,0.156498646,0.51620273,0.911211255,0.0,1287.0
0.7552943215620868,0.14142158,0.543797938,0.911481652,0.0,1287.0
0.7546747017818456,0.124493029,0.48939921,0.909605067,0.0,1287.0
0.7541110401320379,0.159843338,0.526142675,0.899882805,0.0,1287.0
0.7548594049409358,0.22988818700000002,0.553628589,0.910694463,0.0,1287.0
0.7566780082284638,0.2650964,0.545092877,0.903275153,0.0,1287.0
0.7507288357665117,0.284184324,0.5128067,0.842214638,0.0,1287.0
0.7509083509595328,0.219792155,0.472890226,0.797507905,0.0,1287.0
0.75117236669348,0.17793631,0.448914104,0.778415767,0.0,1287.0
0.7476174066530016,0.128213403,0.450138863,0.82271285,0.0,1287.0
0.720652719322638,0.099384103,0.479914085,0.863942028,0.0,1287.0
0.6893625725504542,0.019249018,0.509725414,0.884376393,0.0,1287.0
0.6459002075159542,0.0,0.537057827,0.906966838,0.0,1287.0
0.630109700700801,0.0,0.531525283,0.919046611,0.0,1287.0
0.6212217370354933,0.0,0.5888078750000001,0.919015083,0.0,1287.0
0.6193884869896225,0.001959977,0.608301784,0.895271481,0.0,1287.0
0.6245700713135783,0.048603672,0.598422415,0.883085582,0.0,1287.0
0.6568911169945547,0.14181563,0.578373488,0.856565961,0.0,1287.0
0.7180942482986896,0.197409358,0.540907702,0.830223482,0.0,1287.0
0.756637354207157,0.317657388,0.612661885,0.841014501,0.0,1287.0
0.7666971208455218,0.463792375,0.665510194,0.868883999,0.0,1287.0
0.7592272312613146,0.557541265,0.697837372,0.877472653,0.0,1287.0
0.7586688272923358,0.634600642,0.732873822,0.865586414,0.0,1287.0
0.7595773425348554,0.665678013,0.761131571,0.848003402,0.0,1287.0
0.7607903862273768,0.704524415,0.697833086,0.813304262,0.0,1287.0
0.7616723779738283,0.761703776,0.727285924,0.801664321,0.0,1287.0
0.7637882102946808,0.756950177,0.724021713,0.782715013,0.0,1287.0
0.7620995725130341,0.667587742,0.710290167,0.775102602,0.0,1287.0
0.7619322627174989,0.670241618,0.686919644,0.777814461,0.0,1287.0
0.7569020270730522,0.535159265,0.670913539,0.778597459,0.0,1287.0
0.7596450365041705,0.365837831,0.603822318,0.790280645,0.0,1287.0
0.7603773691067455,0.241185764,0.507015266,0.811040465,0.0,1287.0
0.7550460794958703,0.158085955,0.44798511,0.823728661,0.0,1287.0
0.7241445390493461,0.108173552,0.414320366,0.795608789,0.0,1287.0
0.6914028709614622,0.035448632,0.390941371,0.74720132,0.0,1287.0
0.6459002075159542,0.001285002,0.374785247,0.693884489,0.0,1287.0
0.6294458598794971,0.0,0.382402318,0.678860688,0.0,1287.0
0.6209867097927129,0.0,0.327697508,0.586052254,0.0,1287.0
0.6178953258296447,0.0,0.284977048,0.515677565,0.0,1287.0
0.6181732368093328,0.00482043,0.241751684,0.427447419,0.0,1287.0
0.623720705886987,0.066449557,0.190330194,0.327204219,0.0,1287.0
0.6549306241636756,0.162200751,0.127640363,0.233600134,0.0,1287.0
0.7177111816391192,0.206418344,0.069966383,0.157265294,0.0,1287.0
0.7568295449815124,0.31672757,0.056119945,0.132318233,0.0,1287.0
0.7626638444014537,0.469183649,0.072338324,0.148725338,0.0,1287.0
0.7567768262427278,0.572985338,0.116130618,0.200269963,0.0,1287.0
0.7581194368477744,0.631392858,0.15281156,0.253702626,0.0,1287.0
0.757563849605176,0.660911852,0.154643265,0.27072689,0.0,1287.0
0.7570943110088352,0.557232549,0.138471246,0.28668845,0.0,1287.0
0.7556420856678511,0.569471761,0.127656546,0.311745694,0.0,1287.0
0.7563395859004687,0.481646038,0.117551569,0.326086174,0.0,1287.0
0.7541266256011804,0.371549963,0.116278928,0.338869306,0.0,1287.0
0.7537110737394288,0.326304242,0.116010162,0.344306767,0.0,1287.0
0.7506529736033154,0.231658505,0.101179708,0.299973832,0.0,1287.0
0.7509726179638553,0.162340169,0.085844765,0.270310606,0.0,1287.0
0.7511959796764958,0.101077539,0.077611658,0.259318169,0.0,1287.0
0.7463677461427782,0.062274701,0.097462912,0.302106609,0.0,1287.0
0.7206880681445356,0.036255771,0.126487978,0.344962629,0.0,1287.0
0.6900265546770105,0.015218659,0.163363595,0.412565975,0.0,1287.0
0.6463865520586617,0.001034571,0.206421857,0.47607168,0.0,1287.0
0.6304321148943853,0.0,0.245645607,0.534006159,0.0,1287.0
0.6230505742934007,0.0,0.298560296,0.601794264,0.0,1287.0
0.6204337044971929,0.0,0.38354185,0.671457337,0.0,1287.0
0.6199909247389426,0.001694499,0.473910137,0.708281299,0.0,1287.0
0.640123109931503,0.01200667,0.573902293,0.7415252649999999,0.0,1287.0
0.7174357120515505,0.04027824,0.618318188,0.757174386,0.0,1287.0
0.7562354633120398,0.082488167,0.618088647,0.777990618,0.0,1287.0
0.7655260454382034,0.154207356,0.624796359,0.79191566,0.0,1287.0
0.761750540411465,0.228079329,0.639134224,0.81328975,0.0,1287.0
0.7575330538135787,0.281359987,0.667959829,0.829712385,0.0,1287.0
0.7556485169325681,0.335065683,0.688990648,0.859157388,0.0,1287.0
0.7577118180879798,0.406350785,0.569330524,0.913282572,0.0,1287.0
0.7597332916381967,0.401584418,0.610434852,0.924293827,0.0,1287.0
0.7634745745335897,0.39846266,0.640267035,0.865623306,0.0,1287.0
0.7628511526416683,0.373814952,0.661377376,0.796686494,0.0,1287.0
0.762050750297846,0.334892259,0.655485642,0.805397359,0.0,1287.0
0.7599636010674942,0.262611917,0.627195827,0.780259184,0.0,1287.0
0.7593817723140879,0.170576187,0.604363761,0.733850593,0.0,1287.0
0.7568363520181617,0.106219541,0.599114215,0.737456037,0.0,1287.0
0.7524412272111822,0.060867252,0.59169674,0.753496405,0.0,1287.0
0.7275281520906847,0.044293774,0.578568587,0.744359872,0.0,1287.0
0.6941913225361119,0.010544475,0.570033962,0.701192726,0.0,1287.0
0.628537344011733,0.0,0.576183468,0.67226639,0.0,1287.0
0.6096242352768416,0.0,0.545269398,0.704246299,0.0,1287.0
0.5939305981516296,0.0,0.554546177,0.6353735444999999,0.0,1287.0
0.5906068158174576,0.007747573,0.540591974,0.604451056,0.0,1287.0
0.5987056672722975,0.054975176,0.538118007,0.570750588,0.0,1287.0
0.6080303783683787,0.090697135,0.53277904,0.560768437,0.0,1287.0
0.6362366989451902,0.157253751,0.510017558,0.542166736,0.0,1287.0
0.6584902316463708,0.220812342,0.518589453,0.533569538,0.0,1287.0
0.6808933297047562,0.302931505,0.521762007,0.530188751,0.0,1287.0
0.6875476072479308,0.385945229,0.545990768,0.557774121,0.0,1287.0
0.6890448526924225,0.438800907,0.52250332,0.5536594,0.0,1287.0
0.6898334254106911,0.49556635,0.449934328,0.534742702,0.0,1287.0
0.6929471079053057,0.5404263505,0.48639197300000003,0.5812022605,0.0,1287.0
0.6942264844099101,0.462103495,0.466382704,0.578072261,0.0,1287.0
0.6979747143967157,0.38643863,0.435547597,0.55417674,0.0,1287.0
0.6978988053401834,0.285908699,0.37489545,0.500572269,0.0,1287.0
0.6983103668916661,0.239596008,0.321058445,0.440710572,0.0,1287.0
0.7001030803684059,0.151096361,0.283942379,0.402531996,0.0,1287.0
0.6939252416196486,0.110853082,0.243950819,0.399136572,0.0,1287.0
0.6907759752112123,0.038972212,0.215098846,0.400264248,0.0,1287.0
0.681425116390995,0.006729588,0.208196157,0.394806439,0.0,1287.0
0.6283093354821202,0.0,0.199140986,0.388307458,0.0,1287.0
0.6056049009718505,0.0,0.1712974015,0.313427589,0.0,1287.0
0.5980796634020353,0.0016409935,0.135975426,0.2499272885,0.0,1287.0
0.598011922633171,0.050764597,0.105622782,0.194535598,0.0,1287.0
0.6005787496119178,0.143108646,0.072994143,0.170843786,0.0,1287.0
0.6082354785029798,0.201813328,0.040703962,0.157082423,0.0,1287.0
0.6359460190351668,0.327969036,0.029204891,0.14574806,0.0,1287.0
0.6584902316463708,0.462669857,0.028923405,0.127955425,0.0,1287.0
0.6813926774569053,0.49206699,0.035526487,0.132261108,0.0,1287.0
0.6893183508841471,0.482602284,0.045648068,0.158409888,0.0,1287.0
0.6909278877361933,0.375447577,0.053965514,0.187261931,0.0,1287.0
0.6914359670274999,0.362215804,0.043363708,0.202928162,0.0,1287.0
0.6915878320339004,0.38122817,0.055420846,0.251740009,0.0,1287.0
0.6942781230388563,0.38474219249999997,0.086195384,0.320326266,0.0,1287.0
0.698056914037957,0.359750549,0.100867087,0.352125319,0.0,1287.0
0.7004826731696477,0.296794757,0.108180479,0.36753478,0.0,1287.0
0.7035576267707082,0.26209565,0.120426766,0.38444623,0.0,1287.0
0.7066863313891892,0.200551383,0.133006184,0.390881012,0.0,1287.0
0.7039372189467057,0.147949388,0.162647866,0.395385509,0.0,1287.0
0.7004466196972218,0.09237515,0.199358175,0.397758007,0.0,1287.0
0.6834257936845765,0.032799168,0.230934053,0.408757255,0.0,1287.0
0.6469969232225609,0.001335278,0.250697506,0.419129823,0.0,1287.0
0.6304396259563186,0.0,0.212206712,0.357336034,0.0,1287.0
0.6221153475437977,0.0,0.22084362600000002,0.3336015235,0.0,1287.0
0.6224022953382603,0.0225067135,0.2045281245,0.3269098615,0.0,1287.0
0.6874259509285612,0.112035687,0.16022298299999999,0.337320186,0.0,1287.0
0.7566682906787621,0.193578422,0.106891463,0.317277206,0.0,1287.0
0.7625989202651832,0.2787056,0.084257003,0.299551859,0.0,1287.0
0.7566328943382842,0.362795477,0.072970887,0.278855717,0.0,1287.0
0.756985916750122,0.425402024,0.06806757,0.271169757,0.0,1287.0
0.758370870787059,0.490830911,0.06152399,0.272139445,0.0,1287.0
0.7587290101997177,0.512881658,0.049144608,0.229379237,0.0,1287.0
0.7581937965484863,0.530070013,0.04561835,0.249813359,0.0,1287.0
0.7598352080514793,0.5200144605,0.047409154999999994,0.26426198749999996,0.0,1287.0
0.7591826338230753,0.450000316,0.049671337,0.264808582,0.0,1287.0
0.7569020270730522,0.356699463,0.050637652,0.2485131,0.0,1287.0
0.7595358438082568,0.257045937,0.055048987,0.232792502,0.0,1287.0
0.7616088625133702,0.200539914,0.066447242,0.238119333,0.0,1287.0
0.757664873481964,0.145841246,0.092107319,0.273585348,0.0,1287.0
0.729731394215027,0.108481928,0.124149887,0.315537903,0.0,1287.0
0.6931064839736394,0.034955728,0.147492122,0.341009014,0.0,1287.0
0.6464162205344622,0.001258248,0.162490372,0.38279591,0.0,1287.0
0.630109700700801,0.0,0.193590674,0.421064991,0.0,1287.0
0.6222465102678083,0.0,0.19466207,0.445109734,0.0,1287.0
0.6190354415062636,0.0014855685,0.198455473,0.493332998,0.0,1287.0
0.6400764237702927,0.0838945195,0.167056938,0.5421073365,0.0,1287.0
0.7181926436476855,0.171488624,0.099912499,0.435666552,0.0,1287.0
0.7567897825588337,0.258977801,0.083337985,0.372042793,0.0,1287.0
0.7669102485565205,0.341116775,0.079367553,0.321396182,0.0,1287.0
0.7605120999134276,0.398285039,0.087546237,0.280907329,0.0,1287.0
0.7606307750671187,0.506411556,0.113225272,0.271066655,0.0,1287.0
0.7614484535411561,0.597243663,0.13867253,0.269195202,0.0,1287.0
0.766998598102463,0.631389653,0.135391531,0.245333845,0.0,1287.0
0.7677283021772456,0.569652362,0.145338369,0.283448541,0.0,1287.0
0.7726225865377859,0.478171681,0.150848093,0.314296437,0.0,1287.0
0.7713614715486967,0.412991556,0.156278061,0.322316204,0.0,1287.0
0.7700779646790603,0.382035228,0.16254657,0.337835889,0.0,1287.0
0.7656055696583165,0.322656534,0.155799285,0.345574476,0.0,1287.0
0.767551181045337,0.256025884,0.148147312,0.370284502,0.0,1287.0
0.7663083275717628,0.185386553,0.140444877,0.406346059,0.0,1287.0
0.7612031219879922,0.130957309,0.157992317,0.448520139,0.0,1287.0
0.7331449108240904,0.096691907,0.20056731,0.493495789,0.0,1287.0
0.6972754303415979,0.033258139,0.238928576,0.530232023,0.0,1287.0
0.6464920358043226,0.001263918,0.273388436,0.562964191,0.0,1287.0
0.6304321148943853,0.0,0.313172505,0.632402824,0.0,1287.0
0.6226122073231138,0.0,0.305253983,0.649019021,0.0,1287.0
0.6192989874627709,0.0019184285,0.317795661,0.631681662,0.0,1287.0
0.6240724604280691,0.053891976,0.302808173,0.575803807,0.0,1287.0
0.6562152114557729,0.142742528,0.263742373,0.525859945,0.0,1287.0
0.7181926436476855,0.208150523,0.210582558,0.529938633,0.0,1287.0
0.7573295498656097,0.318785371,0.203059555,0.519183929,0.0,1287.0
0.7669755953580591,0.464330129,0.206388152,0.48394281,0.0,1287.0
0.7612763549981519,0.593377591,0.224217816,0.459108274,0.0,1287.0
0.7611705423738947,0.727064069,0.259009956,0.451701048,0.0,1287.0
0.7663134914659196,0.818274461,0.291559942,0.456775248,0.0,1287.0
0.7720882182170911,0.863552603,0.302370797,0.452052283,0.0,1287.0
0.7816851601343368,0.863956238,0.326703895,0.456326418,0.0,1287.0
0.7894152164474748,0.832539482,0.338578746,0.472802665,0.0,1287.0
0.7923840754390178,0.769986713,0.336606052,0.481940316,0.0,1287.0
0.7934164772479658,0.679532069,0.316164652,0.499671886,0.0,1287.0
0.7903418050069212,0.558723163,0.259321699,0.496001875,0.0,1287.0
0.7908673948951228,0.425248887,0.208055875,0.487389858,0.0,1287.0
0.785133509738602,0.290383078,0.156708255,0.471583487,0.0,1287.0
0.7724961652302373,0.201106533,0.13604699,0.459938003,0.0,1287.0
0.7389942798864784,0.145288268,0.137413891,0.447260692,0.0,1287.0
0.7029180560643682,0.031842697,0.141105976,0.436625666,0.0,1287.0
0.6494479853730958,0.0,0.142542401,0.422480355,0.0,1287.0
0.6305955756849042,0.0,0.149342275,0.447075687,0.0,1287.0
0.6214172605504984,0.0,0.1337912925,0.4428381425,0.0,1287.0
0.6215017370195122,0.019959465,0.1284644235,0.4604216185,0.0,1287.0
0.6568911169945547,0.132662934,0.123790255,0.472244576,0.0,1287.0
0.7184823844405005,0.181723542,0.118196604,0.485761833,0.0,1287.0
0.7609132867832609,0.271702913,0.086456819,0.474062,0.0,1287.0
0.7718211043967476,0.385794272,0.099109844,0.457832822,0.0,1287.0
0.7697566765507836,0.491343249,0.117570326,0.460773728,0.0,1287.0
0.7765030594834895,0.578389148,0.132663221,0.460536256,0.0,1287.0
0.7895254414220243,0.626229071,0.152264395,0.454474334,0.0,1287.0
0.8016152262016638,0.637206657,0.157240308,0.422361819,0.0,1287.0
0.8156315155222722,0.613705579,0.200598343,0.42665595,0.0,1287.0
0.8233403529135068,0.587854234,0.231777478,0.430543425,0.0,1287.0
0.8183189901134699,0.51928341,0.244066457,0.436450711,0.0,1287.0
0.8162581299125065,0.415023657,0.240991494,0.43309302,0.0,1287.0
0.7937678089987309,0.306442053,0.221417114,0.427153717,0.0,1287.0
0.7919495574112227,0.198510421,0.206319447,0.434808418,0.0,1287.0
0.7832157361115458,0.113531992,0.218674951,0.431095025,0.0,1287.0
0.7684808214230883,0.05835257,0.231685382,0.415229911,0.0,1287.0
0.7379918285385912,0.023063672,0.224051709,0.433881635,0.0,1287.0
0.7046008253013297,0.003822521,0.214287169,0.467602205,0.0,1287.0
0.6521313283487723,0.0,0.211187702,0.518767084,0.0,1287.0
0.6341278612343307,0.0,0.197331326,0.57971429,0.0,1287.0
0.625549191226039,0.0,0.21226883,0.742486739,0.0,1287.0
0.6210511175395678,0.0,0.239332422,0.867976115,0.0,1287.0
0.6226594099050019,0.004411229,0.29541072349999997,0.899926,0.0,1287.0
0.6564254286537191,0.020368806,0.360618938,0.907932916,0.0,1287.0
0.7183697178862583,0.039555299,0.405124435,0.905409214,0.0,1287.0
0.7568413277137301,0.07081734,0.481288161,0.911527076,0.0,1287.0
0.7634050967417744,0.133636859,0.558919244,0.919880234,0.0,1287.0
0.7561492264671938,0.21479628,0.618457462,0.922146431,0.0,1287.0
0.7558211319275124,0.260438939,0.650800166,0.913821801,0.0,1287.0
0.7582639314722497,0.331253683,0.675615712,0.89868234,0.0,1287.0
0.7577118180879798,0.386426173,0.637596884,0.885900679,0.0,1287.0
0.7555277759711165,0.390775877,0.649219726,0.892867091,0.0,1287.0
0.7560121015993994,0.438162159,0.674111718,0.879586061,0.0,1287.0
0.7534095026958157,0.432442849,0.68917883,0.86315968,0.0,1287.0
0.7533294626490068,0.474128694,0.696366324,0.84747703,0.0,1287.0
0.7505980014834264,0.377341996,0.693221027,0.834592793,0.0,1287.0
0.7506594986547044,0.314980497,0.684663431,0.827337775,0.0,1287.0
0.7489652743136326,0.227734641,0.65525321,0.819397563,0.0,1287.0
0.7455455615317764,0.161059204,0.603134415,0.813009159,0.0,1287.0
0.7218425720721673,0.114746188,0.586356981,0.803846022,0.0,1287.0
0.6916256224354906,0.031522861,0.582317008,0.797419525,0.0,1287.0
0.628439042449409,0.001027426,0.578302219,0.79228715,0.0,1287.0
0.6094025168317424,0.0,0.610226046,0.807461377,0.0,1287.0
0.5974002368302291,0.0,0.609712349,0.831249473,0.0,1287.0
0.5910494078147909,0.0,0.601746429,0.858342978,0.0,1287.0
0.5920938272915697,0.025088856,0.5687724015,0.8672740955,0.0,1287.0
0.5988846663260006,0.148795191,0.52434114,0.866493456,0.0,1287.0
0.6087598007705235,0.203080626,0.519785317,0.861908858,0.0,1287.0
0.635911279826637,0.315234189,0.541292646,0.860544484,0.0,1287.0
0.6588068248138503,0.421736008,0.530732992,0.848318946,0.0,1287.0
0.6810804972649628,0.500302637,0.546537866,0.845944562,0.0,1287.0
0.6861166477221863,0.549059769,0.549791811,0.847291668,0.0,1287.0
0.6888769795516113,0.573323315,0.543094609,0.834538841,0.0,1287.0
0.6898334254106911,0.579561722,0.453649898,0.725245808,0.0,1287.0
0.6919633876315376,0.585648984,0.454862545,0.704370588,0.0,1287.0
0.6939883819334189,0.541124647,0.459854799,0.683843261,0.0,1287.0
0.6945232198127181,0.441177359,0.460820895,0.668085809,0.0,1287.0
0.6978378246208455,0.346349842,0.456535896,0.656932291,0.0,1287.0
0.696839410476563,0.278617852,0.439087032,0.655356146,0.0,1287.0
0.6979873893528057,0.20291303,0.400780588,0.63277013,0.0,1287.0
0.6995779600388083,0.175977076,0.332109985,0.582266171,0.0,1287.0
0.6941548470236623,0.131300099,0.281578848,0.533473469,0.0,1287.0
0.6899866990929042,0.096000832,0.265688358,0.50394809,0.0,1287.0
0.6777799760887379,0.019095227,0.257078639,0.480075779,0.0,1287.0
0.6340692745761051,0.0,0.262423994,0.468505195,0.0,1287.0
0.608215433258751,0.0,0.3015454055,0.500155296,0.0,1287.0
0.5962473757324674,0.0014172975,0.29461122,0.46526638,0.0,1346.0
0.5974014573699777,0.050232872,0.282490424,0.443423943,0.0,1346.0
0.6045335354275218,0.156619087,0.257090335,0.437524323,0.0,1346.0
0.6140957383238108,0.218359682,0.239215717,0.426426006,0.0,1346.0
0.6421945091596275,0.329176974,0.269006204,0.43570905,0.0,1346.0
0.6681005994383266,0.448462478,0.331904969,0.443067968,0.0,1346.0
0.6948837057679085,0.577786149,0.411007473,0.478390865,0.0,1346.0
0.7079183875158455,0.561316099,0.428924544,0.527971664,0.0,1346.0
0.714188331654134,0.52644535,0.430123568,0.561460953,0.0,1346.0
0.7159345231901261,0.637031783,0.349226515,0.576610469,0.0,1346.0
0.7174480112357083,0.686687554,0.390417548,0.613983896,0.0,1346.0
0.7261470470587638,0.6770697805,0.40325812149999996,0.659090621,0.0,1346.0
0.7363451590421473,0.618923229,0.3970608,0.688805369,0.0,1346.0
0.7406836216934093,0.514734217,0.389939685,0.691993343,0.0,1346.0
0.7441060105216379,0.418727175,0.381821378,0.688758244,0.0,1346.0
0.7473055078210749,0.298543431,0.341691679,0.677437405,0.0,1346.0
0.7440004798826411,0.213709702,0.362113528,0.679119903,0.0,1346.0
0.7386066595713632,0.152452681,0.387065334,0.678155035,0.0,1346.0
0.7114061706641934,0.035148275,0.413491418,0.666727377,0.0,1346.0
0.6469290885732377,0.001002853,0.422231062,0.647231761,0.0,1346.0
0.6299405132960937,0.0,0.389812068,0.621445907,0.0,1346.0
0.6216625216698717,0.0,0.412089983,0.614111077,0.0,1346.0
0.6197963870469084,0.003015379,0.415905222,0.613364823,0.0,1346.0
0.6235909984820271,0.05344692,0.394278618,0.610250523,0.0,1346.0
0.6547265099770946,0.14119114,0.359963488,0.600333084,0.0,1346.0
0.714638011860559,0.186827041,0.34951192,0.591155717,0.0,1346.0
0.7574567689851143,0.273320639,0.348951774,0.602548765,0.0,1346.0
0.7701127970490177,0.383898168,0.353687023,0.609265469,0.0,1346.0
0.7698266239012032,0.486450009,0.362629837,0.628737987,0.0,1346.0
0.7661677757389757,0.565340499,0.376279087,0.659738055,0.0,1346.0
0.7658627308370342,0.589478731,0.388120927,0.679801359,0.0,1346.0
0.765702462544828,0.584788993,0.309592148,0.645013695,0.0,1346.0
0.7659569014090815,0.572984835,0.331284673,0.628861252,0.0,1346.0
0.7675971396408084,0.517753875,0.328738648,0.61045035,0.0,1346.0
0.7669214216753706,0.437613768,0.316312567,0.582098962,0.0,1346.0
0.7674254168697364,0.356116829,0.289026512,0.550341264,0.0,1346.0
0.7666498479861542,0.273022878,0.260402668,0.50688251,0.0,1346.0
0.7681748374039382,0.187457698,0.225839666,0.452857863,0.0,1346.0
0.7700290011586199,0.119999629,0.208557926,0.390686005,0.0,1346.0
0.7662953706304125,0.074472002,0.206544749,0.360013432,0.0,1346.0
0.7369296169485902,0.068685846,0.206877181,0.336120642,0.0,1346.0
0.7013220394989484,0.021533484,0.211141698,0.317376317,0.0,1346.0
0.6474344449248358,0.0,0.207756602,0.305488059,0.0,1346.0
0.6267731260521501,0.0,0.19175879950000002,0.29086523799999997,0.0,1346.0
0.620449829927468,0.0012431215,0.1851906925,0.250117475,0.0,1346.0
0.6401302690433186,0.0439661595,0.15674742149999998,0.26806839250000003,0.0,1346.0
0.7151016350188784,0.071697251,0.11923537,0.272769484,0.0,1346.0
0.7571935047950314,0.102327039,0.099572302,0.233039321,0.0,1346.0
0.768053815082471,0.123126292,0.092699476,0.197978311,0.0,1346.0
0.7656053814597282,0.142179565,0.095040795,0.218643299,0.0,1346.0
0.7662412907343957,0.167351079,0.102605442,0.27881654,0.0,1346.0
0.7659296738877293,0.165801708,0.103273015,0.350265486,0.0,1346.0
0.7660445938230759,0.173037123,0.079984534,0.323546916,0.0,1346.0
0.766211997405283,0.181699108,0.075620915,0.320337804,0.0,1346.0
0.7691916068504079,0.179108766,0.071066785,0.332293752,0.0,1346.0
0.7663831568310788,0.171281851,0.064058492,0.327397003,0.0,1346.0
0.7655026675471118,0.136453198,0.054978357,0.320592642,0.0,1346.0
0.764086072388041,0.105545147,0.04820805,0.315183314,0.0,1346.0
0.7641226892057432,0.07779264,0.037720121,0.275966569,0.0,1346.0
0.7655601275147852,0.058706637,0.032527472,0.222083918,0.0,1346.0
0.7610206018700023,0.044175784,0.032136804,0.161119039,0.0,1346.0
0.7324176483290005,0.030897681,0.035359058,0.118081625,0.0,1346.0
0.6991218485676666,0.006842578,0.041977726,0.106544004,0.0,1346.0
0.6474257602790144,0.0,0.045921576,0.109056442,0.0,1346.0
0.6297459284606258,0.0,0.035566488,0.136952217,0.0,1346.0
0.6211470719341154,0.0,0.029499654,0.126186812,0.0,1346.0
0.6182877811603206,0.0,0.019524531,0.13146217100000002,0.0,1346.0
0.6383979023818012,0.027344609,0.014595898999999999,0.230504879,0.0,1346.0
0.7145441232737718,0.068411022,0.016889004,0.278363961,0.0,1346.0
0.7576505560086262,0.109822627,0.022806183,0.297515894,0.0,1346.0
0.7681870434266685,0.186056961,0.030735003,0.299612097,0.0,1346.0
0.773881307465763,0.22466409,0.034616337,0.287230493,0.0,1346.0
0.7764186533544798,0.283750052,0.036634013,0.299554536,0.0,1346.0
0.77912298078538,0.321071055,0.040016921,0.3501087,0.0,1346.0
0.7791967302474798,0.319599952,0.035029757,0.326954902,0.0,1346.0
0.7813209652288935,0.363226559,0.042256873,0.37998264,0.0,1346.0
0.7855440852795406,0.345491614,0.049027161,0.441251471,0.0,1346.0
0.7855114587721072,0.364238943,0.052108912,0.482114537,0.0,1346.0
0.7862139822188736,0.362112532,0.055544516,0.529930061,0.0,1346.0
0.7855499063056455,0.343660469,0.060259152,0.565180122,0.0,1346.0
0.7873346866804282,0.270005191,0.069291598,0.580296994,0.0,1346.0
0.7897504931704931,0.16066808,0.076787448,0.576409335,0.0,1346.0
0.7845669844690778,0.108343388,0.095882139,0.559483316,0.0,1346.0
0.7518891607202484,0.075100562,0.124666375,0.561454765,0.0,1346.0
0.7039267035850482,0.016163857,0.156935241,0.582001857,0.0,1346.0
0.6469734509195529,0.0,0.179524794,0.590465377,0.0,1346.0
0.6304112717444141,0.0,0.176546646,0.583250217,0.0,1346.0
0.6214944606430943,0.0,0.184315734,0.6020071545,0.0,1346.0
0.6220156376182835,0.007423300000000001,0.1905497565,0.600918564,0.0,1346.0
0.6555470045522682,0.052805931,0.199225275,0.587279137,0.0,1346.0
0.7156419187775946,0.088537865,0.197885946,0.573652655,0.0,1346.0
0.7571856179611661,0.166078891,0.217626839,0.573710687,0.0,1346.0
0.7743859597920769,0.244772357,0.258028231,0.587038461,0.0,1346.0
0.776142714208307,0.258799967,0.31928933,0.591868902,0.0,1346.0
0.7781686476273966,0.317125155,0.386995116,0.629055269,0.0,1346.0
0.7818591362865132,0.319733612,0.43951122,0.67769887,0.0,1346.0
0.7834720056916356,0.402231718,0.432282425,0.700690561,0.0,1346.0
0.7839775502418218,0.377493369,0.485854925,0.713080265,0.0,1346.0
0.7874761301118431,0.317756438,0.528788343,0.746405155,0.0,1346.0
0.7877238088327835,0.272822392,0.53465912,0.754198321,0.0,1346.0
0.7876247557265951,0.18704081,0.53932463,0.730615529,0.0,1346.0
0.7862538853215603,0.101993961,0.530637335,0.703467439,0.0,1346.0
0.7873346866804282,0.063016196,0.518967733,0.692308246,0.0,1346.0
0.789250910951664,0.040019897,0.51504963,0.68140709,0.0,1346.0
0.7850535159598846,0.025308177,0.516665393,0.678617651,0.0,1346.0
0.754074048167648,0.023592792,0.508642709,0.666614665,0.0,1346.0
0.7143016084469884,0.005791047,0.503875186,0.67850647,0.0,1346.0
0.6514422782952962,0.0,0.504050524,0.71744171,0.0,1346.0
0.6308563045086223,0.0,0.49310536,0.748447554,0.0,1346.0
0.621545348415945,0.0,0.47594772399999996,0.7336439640000001,0.0,1346.0
0.6221153006191995,0.010971232,0.440578119,0.721078648,0.0,1346.0
0.6553596025253818,0.044261051,0.433605536,0.703493411,0.0,1346.0
0.714956107490523,0.079295189,0.432857289,0.688003599,0.0,1346.0
0.7570329551428097,0.125739542,0.417843595,0.669353546,0.0,1346.0
0.7712938250979621,0.216855942,0.362825408,0.666777523,0.0,1346.0
0.7743054032933279,0.208402505,0.321441744,0.675738668,0.0,1346.0
0.7759693951880786,0.294222066,0.287909687,0.683997496,0.0,1346.0
0.7769684664643093,0.363091177,0.258640858,0.686908827,0.0,1346.0
0.7779251936834048,0.372686426,0.223525075,0.642589198,0.0,1346.0
0.783062509635291,0.4038203905,0.234038912,0.6590114735,0.0,1346.0
0.7876844690753727,0.460120347,0.241833867,0.649975031,0.0,1346.0
0.7928713584736891,0.397033603,0.237568487,0.636925122,0.0,1346.0
0.7931126528232484,0.329843905,0.215133545,0.61773716,0.0,1346.0
0.7983276144482088,0.25098097,0.196532006,0.6112467,0.0,1346.0
0.8012388258987345,0.183610341,0.181152436,0.608603853,0.0,1346.0
0.7934761899714992,0.112742121,0.203938897,0.619948865,0.0,1346.0
0.7631084082323022,0.080286576,0.254658838,0.623993771,0.0,1346.0
0.7170207229098307,0.018005151,0.316348914,0.626722858,0.0,1346.0
0.6403691691754545,0.0,0.355468248,0.634997877,0.0,1346.0
0.6197457810092202,0.0,0.419660075,0.699624231,0.0,1346.0
0.6038428890936272,0.0,0.4010900055,0.69237879,0.0,1346.0
0.5979255448894816,0.016123916999999998,0.370086692,0.6952693575,0.0,1346.0
0.6105154751394395,0.106606926,0.317840139,0.712269927,0.0,1346.0
0.6215274156539773,0.156707866,0.266443658,0.694803534,0.0,1346.0
0.6495198572260233,0.233020662,0.230458093,0.675536319,0.0,1346.0
0.684664750634554,0.323395982,0.235280933,0.673764246,0.0,1346.0
0.7203598798181823,0.434936098,0.280108278,0.699564529,0.0,1346.0
0.730928383505046,0.524950465,0.311497949,0.718207491,0.0,1346.0
0.7388567323534158,0.564616882,0.336783775,0.743194089,0.0,1346.0
0.7452940331805754,0.596006647,0.300389901,0.706623576,0.0,1346.0
0.7493893232478614,0.597686502,0.326254557,0.682760721,0.0,1346.0
0.7533375839495521,0.5073282585,0.3074764295,0.682331629,0.0,1346.0
0.7617761254155693,0.417418568,0.309726598,0.700384661,0.0,1346.0
0.7632148779885075,0.315242361,0.306029606,0.714395567,0.0,1346.0
0.7650257116755098,0.27692851,0.29669269,0.747431993,0.0,1346.0
0.7676525806940573,0.19406051,0.295005747,0.786191646,0.0,1346.0
0.7590474809763694,0.114935285,0.311433813,0.81132124,0.0,1346.0
0.7451656398519383,0.068435252,0.325014506,0.831165851,0.0,1346.0
0.7191387617184516,0.010430329,0.318895163,0.837671614,0.0,1346.0
0.6418070295245202,0.0,0.313828424,0.843591125,0.0,1346.0
0.6134794988965864,0.0,0.30748764100000003,0.8374010025,0.0,1346.0
0.5981393297636904,0.0,0.325689928,0.854164148,0.0,1346.0
0.5975598713121062,0.005134497,0.3147412485,0.8416689945,0.0,1346.0
0.6063439939053119,0.072650527,0.289689059,0.812505889,0.0,1346.0
0.6189819952330023,0.113337053,0.256866647,0.782217189,0.0,1346.0
0.6486183834868327,0.190667434,0.245067379,0.752800133,0.0,1346.0
0.6810982423285378,0.296320289,0.226561909,0.728346552,0.0,1346.0
0.707827972787387,0.326385952,0.229862015,0.716958991,0.0,1346.0
0.716777738524443,0.381550605,0.233334357,0.687845624,0.0,1346.0
0.7252397991868043,0.409860843,0.251957774,0.66269805,0.0,1346.0
0.7274427599511306,0.372154121,0.188481152,0.587818099,0.0,1346.0
0.728908646258749,0.366660947,0.20705625,0.577936438,0.0,1346.0
0.7312876020896764,0.352502784,0.198844799,0.555178287,0.0,1346.0
0.7351301908471178,0.327831471,0.184492324,0.524723489,0.0,1346.0
0.73823030616177,0.297253936,0.166093243,0.500729574,0.0,1346.0
0.7439225519116842,0.244542308,0.133821274,0.459221787,0.0,1346.0
0.7483126535045147,0.210797583,0.113186524,0.427959692,0.0,1346.0
0.7508944086328826,0.161743231,0.094615192,0.376794327,0.0,1346.0
0.7469458196778402,0.110936408,0.099378346,0.339317358,0.0,1346.0
0.7415954701142496,0.078203059,0.103700032,0.293260503,0.0,1346.0
0.7187175764039391,0.015920415,0.108565082,0.256461206,0.0,1346.0
0.6542881429442833,0.0,0.109558474,0.214641873,0.0,1346.0
0.6335006841240648,0.0,0.111934387,0.193575995,0.0,1346.0
0.6216146618309866,0.0,0.1057187655,0.1618361215,0.0,1346.0
0.6224473385132893,0.0135953135,0.0972565385,0.16129892899999998,0.0,1346.0
0.6554130252894504,0.089664323,0.082442386,0.156168796,0.0,1346.0
0.7182366777406489,0.145914176,0.059058464,0.15043569,0.0,1346.0
0.7657066879470209,0.232757942,0.05185328,0.141674279,0.0,1346.0
0.7784154341244646,0.347334336,0.053725954,0.130420352,0.0,1346.0
0.780568164623035,0.385863958,0.065946201,0.114944509,0.0,1346.0
0.7822899922573913,0.507893626,0.079422309,0.110828109,0.0,1346.0
0.78471514115047,0.59567037,0.092878619,0.132006411,0.0,1346.0
0.7882181333707836,0.649906009,0.076289114,0.131277673,0.0,1346.0
0.7915856444910397,0.648804224,0.08789257,0.17424579,0.0,1346.0
0.8000462495842523,0.633367698,0.103540305,0.238729921,0.0,1346.0
0.800387441745292,0.567624661,0.116195857,0.279614978,0.0,1346.0
0.802777382496481,0.45905104,0.122087634,0.299236465,0.0,1346.0
0.7998563128162457,0.388142384,0.122299495,0.296324481,0.0,1346.0
0.8028810355263057,0.301250978,0.112368898,0.301386033,0.0,1346.0
0.8025030389742202,0.234004162,0.098747293,0.297914025,0.0,1346.0
0.7948264998370672,0.158434196,0.107206785,0.28514919,0.0,1346.0
0.7637891956799806,0.123672796,0.119502702,0.268807452,0.0,1346.0
0.7170207229098307,0.020400542,0.12797106,0.261782498,0.0,1346.0
0.6537100694092214,0.0,0.125670653,0.25108377,0.0,1346.0
0.6308276214181217,0.0,0.149445052,0.279523889,0.0,1346.0
0.6219582715310688,0.0,0.127509506,0.187175764,0.0,1346.0
0.6224337950300927,0.017642702,0.1324778565,0.111741642,0.0,1346.0
0.6557081644431022,0.141381251,0.11879906,0.109131418,0.0,1346.0
0.7178755809216019,0.20374761,0.076088804,0.102638448,0.0,1346.0
0.7661220522354285,0.316699502,0.052281726,0.101307252,0.0,1346.0
0.782308112467654,0.458403194,0.057396659,0.107872956,0.0,1346.0
0.7823618172169831,0.508375657,0.086921462,0.110606508,0.0,1346.0
0.7856404623393564,0.596220812,0.114193859,0.112076906,0.0,1346.0
0.7890757143222634,0.644823052,0.119115025,0.115875055,0.0,1346.0
0.7873153453676969,0.675537309,0.094244754,0.125751239,0.0,1346.0
0.78837868364825,0.698229911,0.097734215,0.147645401,0.0,1346.0
0.7909034483675489,0.679183412,0.101589747,0.168806247,0.0,1346.0
0.7910855927136065,0.644160077,0.10029013,0.188120383,0.0,1346.0
0.7899396790198797,0.570180101,0.092626784,0.209951227,0.0,1346.0
0.789361136551458,0.470396739,0.084329089,0.227739143,0.0,1346.0
0.7905348404865686,0.353502201,0.068336145,0.231338012,0.0,1346.0
0.7949994430853635,0.244432877,0.061680019,0.228454227,0.0,1346.0
0.790261436081516,0.162052976,0.076246815,0.22699977,0.0,1346.0
0.7565128105087806,0.124427814,0.096915647,0.217814885,0.0,1346.0
0.7114352757947179,0.018605894,0.108288148,0.194459427,0.0,1346.0
0.646667185540387,0.0,0.113668139,0.163061005,0.0,1346.0
0.6267120512335181,0.0,0.142789689,0.1216914265,0.0,1346.0
0.6217979250311991,0.011400425333333332,0.12100683699999999,0.09381066,0.0,1346.0
0.6557081644431022,0.109945912,0.091021575,0.090356635,0.0,1346.0
0.7151724270745898,0.153043109,0.055857738,0.091726094,0.0,1346.0
0.7641776138070517,0.234880017,0.027381156,0.07992788,0.0,1346.0
0.7782651653672203,0.339416668,0.022327675,0.07930616,0.0,1346.0
0.7796567857607988,0.507795053,0.026007853,0.077334362,0.0,1346.0
0.7822899922573913,0.587954272,0.03769664,0.073705241,0.0,1346.0
0.7848803382449087,0.651418235,0.050648625,0.069955124,0.0,1346.0
0.7896161381357432,0.648129542,0.048803479,0.066308033,0.0,1346.0
0.7912887677829792,0.647209087,0.051657045,0.083526715,0.0,1346.0
0.7988625930075158,0.597166366,0.049512157,0.10628021,0.0,1346.0
0.7976159367970168,0.535000347,0.046012578,0.132354313,0.0,1346.0
0.8003437834242608,0.501507276,0.039619058,0.153141181,0.0,1346.0
0.7996004652761798,0.389739677,0.039272497,0.177582154,0.0,1346.0
0.7987618504907436,0.305318388,0.038194387,0.185998466,0.0,1346.0
0.8011365809194778,0.215608907,0.044886001,0.178543822,0.0,1346.0
0.7947626548727684,0.150335913,0.066888548,0.165526058,0.0,1346.0
0.7635272463790383,0.114634416,0.086661073,0.154418928,0.0,1346.0
0.7178482596135777,0.017369835,0.101734367,0.14575636,0.0,1346.0
0.6526492658697883,0.0,0.102756351,0.132188451,0.0,1346.0
0.6319263560391527,0.0,0.107652065,0.119081436,0.0,1346.0
0.622765809446252,0.0,0.10309492149999999,0.1279736135,0.0,1346.0
0.6221218024114938,0.01627069,0.09275109249999999,0.14360571,0.0,1346.0
0.6576399741834804,0.125858427,0.078774562,0.140164414,0.0,1346.0
0.7215032581455443,0.182909225,0.052193657,0.118295351,0.0,1346.0
0.7685076737977528,0.280618872,0.021212582,0.082606109,0.0,1346.0
0.7835463184990115,0.39633725,0.016528573,0.061005808,0.0,1346.0
0.7827451652365693,0.472691031,0.022323499,0.050848768,0.0,1346.0
0.7873029048782867,0.582980162,0.02822591,0.041480311,0.0,1346.0
0.7928236629490533,0.66847519,0.0318143,0.037021307,0.0,1346.0
0.8092222875470013,0.719819089,0.02621136,0.044693737,0.0,1346.0
0.8215921424630902,0.681746285,0.028231988,0.043110433,0.0,1346.0
0.8312091766116871,0.62259829,0.027321847,0.040894467,0.0,1346.0
0.8325701894122568,0.578467727,0.025058144,0.0390735,0.0,1346.0
0.8351148587895628,0.488808129,0.022704412,0.037668489,0.0,1346.0
0.8345645761211292,0.411531112,0.022104274,0.040829576,0.0,1346.0
0.8366063763693772,0.313075615,0.021041661,0.042670108,0.0,1346.0
0.83390603987399,0.234951047,0.021549188,0.037951853,0.0,1346.0
0.8174861957288941,0.149773577,0.03015531,0.033768624,0.0,1346.0
0.7721972702329969,0.0992298,0.039031181,0.035272897,0.0,1346.0
0.7240684886875615,0.012610532,0.043830791,0.035190865,0.0,1346.0
0.6552714405527831,0.0,0.043034652,0.035309214,0.0,1346.0
0.6363868270224264,0.0,0.05568224,0.078246788,0.0,1346.0
0.6238454372212316,0.0,0.047618538,0.08581324,0.0,1346.0
0.6202717932188055,0.0,0.040994848,0.100805747,0.0,1346.0
0.624030586054587,0.024794648,0.040115466,0.108910228,0.0,1346.0
0.6568915865531589,0.116938381,0.040186401,0.102227522,0.0,1346.0
0.7227360182974846,0.166326215,0.029076943,0.089377981,0.0,1346.0
0.773261547005514,0.269198936,0.012508514,0.079930682,0.0,1346.0
0.7907292846420285,0.375125285,0.009937972,0.081852131,0.0,1346.0
0.8097521966240679,0.471702149,0.013236467,0.08787866,0.0,1346.0
0.8262186089780029,0.622685778,0.020676223,0.094708271,0.0,1346.0
0.8465228219671548,0.704697947,0.026593703,0.10883723,0.0,1346.0
0.8635866497941276,0.723270886,0.020273193,0.113020167,0.0,1346.0
0.864682989728802,0.653091765,0.023470194,0.117640989,0.0,1346.0
0.8674906413109306,0.581327858,0.025182172,0.121677899,0.0,1346.0
0.8669667414585572,0.547257404,0.023112779,0.121192668,0.0,1346.0
0.8595532789381432,0.452208637,0.02014787,0.106687932,0.0,1346.0
0.8530408668664072,0.351299491,0.02007842,0.106631352,0.0,1346.0
0.8535240189108019,0.28379763,0.018265423,0.1125013,0.0,1346.0
0.8393597604821451,0.201608053,0.021811389,0.115534957,0.0,1346.0
0.8221941578597642,0.14284817,0.029982337,0.111348895,0.0,1346.0
0.778780896400468,0.087140258,0.037838611,0.107616509,0.0,1346.0
0.7285573145079841,0.010012468,0.043402738,0.087843237,0.0,1346.0
0.6448339593475931,0.0,0.04599354,0.075364507,0.0,1346.0
0.62360123235862,0.0,0.060632232,0.104618916,0.0,1346.0
0.6071086715927799,0.0,0.0563711035,0.0911687895,0.0,1346.0
0.5989902443585289,0.0066975645,0.042790565,0.076823589,0.0,1346.0
0.6116967375925393,0.092510423,0.033175213,0.091225316,0.0,1346.0
0.6245787090660638,0.137070445,0.020845854,0.083237991,0.0,1346.0
0.6586464627349723,0.226641287,0.009513772,0.070259559,0.0,1346.0
0.7008929673505705,0.337762582,0.00811593,0.06447896,0.0,1346.0
0.7418693909712423,0.544501354,0.008717758,0.060187199,0.0,1346.0
0.7684181037745862,0.655721009,0.008950743,0.068352153,0.0,1346.0
0.7812605009614957,0.729305997,0.010001801,0.082256441,0.0,1346.0
0.7876637197120734,0.774989703,0.00796014,0.056179509,0.0,1346.0
0.7897745288187771,0.762735941,0.009573137,0.059861539,0.0,1346.0
0.7939682617536394,0.742385697,0.014196105,0.080420913,0.0,1346.0
0.7968790974322331,0.624420322,0.021627663,0.127824471,0.0,1346.0
0.8002243567267053,0.552157804,0.030254854,0.185046334,0.0,1346.0
0.8033822139942911,0.4432676,0.035769399,0.217089117,0.0,1346.0
0.8035427642717576,0.362040776,0.037933423,0.223779623,0.0,1346.0
0.8069377842733816,0.252911198,0.037620725,0.205367347,0.0,1346.0
0.7884989550510975,0.174055489,0.043487427,0.193706803,0.0,1346.0
0.7716480673617795,0.120181313,0.052626571,0.187315777,0.0,1346.0
0.7385677424792206,0.011644825,0.053261379,0.1789558,0.0,1346.0
0.648361973226735,0.0,0.056717251,0.180830858,0.0,1346.0
0.624488904388644,0.0,0.090625077,0.174849901,0.0,1346.0
0.6125566654616976,0.0,0.089949735,0.153338447,0.0,1346.0
0.6040178040191274,0.0,0.073405028,0.159451493,0.0,1346.0
0.5997899425520182,0.0107565715,0.0760464415,0.209972811,0.0,1346.0
0.6123728780981966,0.133828131,0.078867165,0.247116103,0.0,1346.0
0.6259184087203868,0.201296083,0.05183102,0.265027593,0.0,1346.0
0.6593562152584117,0.316104424,0.026682048,0.269220327,0.0,1346.0
0.7085563625982737,0.46233034,0.024288944,0.257315462,0.0,1346.0
0.7473359278407397,0.616467657,0.028332605,0.244313037,0.0,1346.0
0.7783488668457017,0.73697191,0.030055445,0.242280783,0.0,1346.0
0.7846153371256616,0.806890289,0.03059213,0.238638527,0.0,1346.0
0.7877311323213727,0.831153464,0.032797513,0.216925271,0.0,1346.0
0.7899797696959103,0.820207235,0.039774938,0.224825527,0.0,1346.0
0.7946007909566504,0.737598569,0.046922019,0.247746093,0.0,1346.0
0.7958115812680674,0.657381426,0.056413094,0.277698375,0.0,1346.0
0.800055826453946,0.578782604,0.060832095,0.279620533,0.0,1346.0
0.8024465181237551,0.489748779,0.050613078,0.269432317,0.0,1346.0
0.8061540940892541,0.318813018,0.043788842,0.253709916,0.0,1346.0
0.8114605977584698,0.220050946,0.042381813,0.200407887,0.0,1346.0
0.8084605678286417,0.142621663,0.05060722,0.162466301,0.0,1346.0
0.7838352145865346,0.091130156,0.064047386,0.159952332,0.0,1346.0
0.7481977335691681,0.008018327,0.076155248,0.163846919,0.0,1346.0
0.6689838122872466,0.0,0.081957228,0.162853362,0.0,1346.0
0.6426616999629474,0.0,0.091285924,0.195654465,0.0,1346.0
0.6314450581572622,0.0,0.0993968965,0.200051025,0.0,1346.0
0.6284704953729543,0.009221772,0.08866642599999999,0.2264065085,0.0,1346.0
0.6633432992655728,0.130523653,0.065950277,0.220898155,0.0,1346.0
0.7279167108977638,0.195602336,0.038115806,0.184978707,0.0,1346.0
0.782571705536333,0.31514146,0.013971245,0.14255374,0.0,1346.0
0.8232619553839458,0.465597567,0.00838338,0.10848981,0.0,1346.0
0.8584548731957083,0.583734721,0.01010469,0.090718794,0.0,1346.0
0.8818227728803987,0.714910174,0.017121202,0.089027662,0.0,1346.0
0.8871473967598771,0.753605502,0.022504332,0.086638563,0.0,1346.0
0.8925768009849767,0.770987912,0.023326256,0.074154137,0.0,1346.0
0.8965710668628526,0.726805325,0.029475884,0.09070998150000001,0.0,1346.0
0.8934313770114876,0.679748609,0.032034403,0.134378409,0.0,1346.0
0.8953075581252732,0.589267863,0.032669013,0.164121353,0.0,1346.0
0.8913347453233584,0.51794781,0.035575573,0.188892272,0.0,1346.0
0.8924500507988319,0.395800068,0.041856398,0.204916037,0.0,1346.0
0.8944673464654361,0.273335096,0.058146526,0.2090763,0.0,1346.0
0.8852423925008273,0.182929378,0.086831918,0.206219642,0.0,1346.0
0.8309027236591774,0.125751113,0.112864226,0.207314255,0.0,1346.0
0.75996238059027,0.009991944,0.121482332,0.206398634,0.0,1346.0
0.6738012484740464,0.0,0.120362795,0.205964105,0.0,1346.0
0.6507174561294101,0.0,0.141229907,0.1963718,0.0,1346.0
0.6370486495545502,0.0,0.130762702,0.17762562,0.0,1346.0
0.6305847311320282,0.0,0.118489717,0.161699596,0.0,1346.0
0.6309867161264395,0.01903965,0.112546424,0.160763952,0.0,1346.0
0.6659352415022465,0.135842432,0.102607576,0.165377719,0.0,1346.0
0.7299601073951681,0.205816671,0.075754501,0.166482191,0.0,1346.0
0.7859357427982604,0.320599235,0.035494759,0.163322803,0.0,1346.0
0.8420717396549864,0.472863807,0.023263644,0.160248897,0.0,1346.0
0.8693926418955005,0.607411097,0.030442565,0.157873907,0.0,1346.0
0.8894546214178847,0.732595552,0.058943758,0.162913763,0.0,1346.0
0.8927944354581842,0.778469638,0.085060047,0.178545953,0.0,1346.0
0.8953063370228045,0.782236929,0.07880917,0.15768305,0.0,1346.0
0.8981027223246557,0.815753079,0.090638099,0.162527717,0.0,1346.0
0.9009261475745151,0.789207025,0.096308981,0.177037115,0.0,1346.0
0.8970721987501242,0.690370422,0.098937564,0.201961051,0.0,1346.0
0.895165879601934,0.637986077,0.097698988,0.23234063,0.0,1346.0
0.8927527485329972,0.5169414,0.094378572,0.263674648,0.0,1346.0
0.8922572035177728,0.390046557,0.090415167,0.289307533,0.0,1346.0
0.8958071403441021,0.255036972,0.102452555,0.311154636,0.0,1346.0
0.8921139287452772,0.17565222,0.151561495,0.327996166,0.0,1346.0
0.8437508480855199,0.117583777,0.20835978,0.336431806,0.0,1346.0
0.7752994982487456,0.008286635,0.248960869,0.337308797,0.0,1346.0
0.6785723040253508,0.0,0.269572146,0.351142245,0.0,1346.0
0.6583965306329276,0.0,0.311026541,0.425842918,0.0,1346.0
0.6401716738269341,0.0,0.29827243999999997,0.47623406199999996,0.0,1346.0
0.6350098767400725,0.008190594,0.27492831549999996,0.4786110255,0.0,1346.0
0.669060988714339,0.130554773,0.239621532,0.475350367,0.0,1346.0
0.7314993211248626,0.202480575,0.171362639,0.457344672,0.0,1346.0
0.7949463016813105,0.317340391,0.115196542,0.416544739,0.0,1346.0
0.8420717396549864,0.471795488,0.093238423,0.354117111,0.0,1346.0
0.8605101937305827,0.60742632,0.105429235,0.319074376,0.0,1346.0
0.8808495210749522,0.731216835,0.141559348,0.307790804,0.0,1346.0
0.8863582613215768,0.813351577,0.180886908,0.318492746,0.0,1346.0
0.8909786248251244,0.844043155,0.163617878,0.290076668,0.0,1346.0
0.8935333406307285,0.848068069,0.168069561,0.273596671,0.0,1346.0
0.8975453981528929,0.818492639,0.174594667,0.268977462,0.0,1346.0
0.8949358521578966,0.775606552,0.180082919,0.262983701,0.0,1346.0
0.8949970673439144,0.696431172,0.200676586,0.270616665,0.0,1346.0
0.8921927958334424,0.602502256,0.213594685,0.273045409,0.0,1346.0
0.8907392087099818,0.45560094,0.217171263,0.289152986,0.0,1346.0
0.8894868252600499,0.301240459,0.205431233,0.313641071,0.0,1346.0
0.8747283444819124,0.197510903,0.237934074,0.347862038,0.0,1346.0
0.8176412063402714,0.126767324,0.2718564,0.402600549,0.0,1346.0
0.7569078012058212,0.007743432,0.296794516,0.479390232,0.0,1346.0
0.6729424939386784,0.0,0.307980085,0.532795651,0.0,1346.0
0.6400560964470172,0.0,0.3536452015,0.568050065,0.0,1346.0
0.6281396782061865,0.0,0.2934591355,0.5250274425,0.0,1346.0
0.6298424930937856,0.015134663,0.253626341,0.497290811,0.0,1346.0
0.6627984618513117,0.132751156,0.215366211,0.462631333,0.0,1346.0
0.7269931266380417,0.202892724,0.154719462,0.401671478,0.0,1346.0
0.7771617364106366,0.31232095,0.107455382,0.317104005,0.0,1346.0
0.807479804961262,0.45079535,0.091647676,0.25681931,0.0,1346.0
0.8244892702817135,0.56948702,0.097837995,0.214690441,0.0,1346.0
0.8568350091805929,0.690251997,0.129341345,0.183378086,0.0,1346.0
0.8680578237124028,0.781334924,0.164890197,0.161073701,0.0,1346.0
0.8802638426912851,0.814911477,0.155286423,0.157925485,0.0,1346.0
0.8867348491978498,0.788508495,0.154905919,0.135334396,0.0,1346.0
0.891719689592101,0.740881872,0.167891729,0.147864161,0.0,1346.0
0.8897762846928491,0.654894974,0.170246458,0.166178359,0.0,1346.0
0.891435112693443,0.602162488,0.178389328,0.186499404,0.0,1346.0
0.8868996242522648,0.47102762,0.180822675,0.196772587,0.0,1346.0
0.8838838206547059,0.354150224,0.172185771,0.22075153,0.0,1346.0
0.8810449981342924,0.235484369,0.171305639,0.260533883,0.0,1346.0
0.8661151697317707,0.156174345,0.194047956,0.293989831,0.0,1346.0
0.8110103066881883,0.099721234,0.241397842,0.305125141,0.0,1346.0
0.7614749301438883,0.006013897,0.269051113,0.292819588,0.0,1346.0
0.6771598398565567,0.0,0.278854288,0.307951322,0.0,1346.0
0.6562505133843345,0.0,0.294560229,0.33483014,0.0,1346.0
0.644424227886702,0.0,0.2831584,0.37106203,0.0,1346.0
0.6370576159772171,0.004275719666666666,0.2559802246666667,0.36700894600000006,0.0,1346.0
0.6676485251707894,0.10027065,0.206078831,0.324990532,0.0,1346.0
0.7277755019330288,0.143730479,0.145606751,0.27726074,0.0,1346.0
0.773554715388566,0.206441659,0.093070873,0.22484053,0.0,1346.0
0.7855697171769809,0.272339385,0.080295268,0.180762425,0.0,1346.0
0.7864529294006565,0.33389469,0.087755344,0.151170793,0.0,1346.0
0.791587897872144,0.405808122,0.130396056,0.138909419,0.0,1346.0
0.8000833359605585,0.460613039,0.188660057,0.149651749,0.0,1346.0
0.7945970351130616,0.476410323,0.152370353,0.156262129,0.0,1346.0
0.8063133301028244,0.482045577,0.166094095,0.136582985,0.0,1346.0
0.8191344145811584,0.461550935,0.175118443,0.119275547,0.0,1346.0
0.8250408672140432,0.431218578,0.168083859,0.101042808,0.0,1346.0
0.8254282530624787,0.392815558,0.163814419,0.092356851,0.0,1346.0
0.8112912221551741,0.317544202,0.149298885,0.09896052,0.0,1346.0
0.8094534423068352,0.237772329,0.136989434,0.128360425,0.0,1346.0
0.8023054967323638,0.142672439,0.140031133,0.152974657,0.0,1346.0
0.7954875708253266,0.091750223,0.163879818,0.170047832,0.0,1346.0
0.7654184489914458,0.056659207,0.187832936,0.189618846,0.0,1346.0
0.7264635933329073,0.003667681,0.201553782,0.201108546,0.0,1346.0
0.6508469292552634,0.0,0.213337417,0.221148941,0.0,1346.0
0.6309677036923045,0.0,0.211724566,0.258343511,0.0,1346.0
0.6167219030669766,0.0,0.2195038465,0.31329518700000003,0.0,1346.0
0.6122667132737241,0.003629542,0.201902488,0.252160671,0.0,1346.0
0.6236052227939375,0.06731838200000001,0.158228406,0.2219622945,0.0,1346.0
0.655566345239755,0.132739439,0.137171762,0.145649182,0.0,1346.0
0.6903134787434451,0.174363909,0.13361997,0.11153525,0.0,1346.0
0.7198747563779434,0.239904124,0.135701045,0.109726873,0.0,1346.0
0.73062258705924,0.274549483,0.136394465,0.117463109,0.0,1346.0
0.7363676453346107,0.278099394,0.139516309,0.12133962,0.0,1346.0
0.7407656337613067,0.31038296,0.137908621,0.169756457,0.0,1346.0
0.7510443022434391,0.307100772,0.125412157,0.160880037,0.0,1346.0
0.7604252059366335,0.337900104,0.128385472,0.128826446,0.0,1346.0
0.7573638195155356,0.310254631,0.121647581,0.137520233,0.0,1346.0
0.7696648537717571,0.283126581,0.138305073,0.152305977,0.0,1346.0
0.7692116521884232,0.217864795,0.147972181,0.166706774,0.0,1346.0
0.7715362461380736,0.178394196,0.140827014,0.19407212,0.0,1346.0
0.7744129997400853,0.121083436,0.145940588,0.185023458,0.0,1346.0
0.7677396628694396,0.07301621,0.146858881,0.179337353,0.0,1346.0
0.7609969419936505,0.039473788,0.160291332,0.168250448,0.0,1346.0
0.7350207630592797,0.001935367,0.175126536,0.187838067,0.0,1346.0
0.6535859014827771,0.0,0.186667507,0.218747929,0.0,1346.0
0.6307396945374473,0.0,0.18867276,0.260611888,0.0,1346.0
0.613307353710344,0.0,0.17293622250000001,0.2412273385,0.0,1346.0
0.6093725427989647,0.0006091355,0.15181522600000003,0.2113935145,0.0,1346.0
0.6217303328412644,0.052281493,0.15397882899999998,0.1579242355,0.0,1346.0
0.6569765560274448,0.129935471,0.17474581,0.191205707,0.0,1346.0
0.6947334370106644,0.21227093,0.168447006,0.235868354,0.0,1346.0
0.7251782551221901,0.29365721,0.158649269,0.263723859,0.0,1346.0
0.7470114478393949,0.368255582,0.161022568,0.286137763,0.0,1346.0
0.7556679051386355,0.456354139,0.171118993,0.317340054,0.0,1346.0
0.7700469813141192,0.572106092,0.164519628,0.314859036,0.0,1346.0
0.7782305199453624,0.610101789,0.1948252,0.37694586,0.0,1346.0
0.7930598868785055,0.6301221850000001,0.2102768815,0.42126629250000003,0.0,1346.0
0.799724304949272,0.565033555,0.201747566,0.480840447,0.0,1346.0
0.7990385405555362,0.463496731,0.177855515,0.48858921,0.0,1346.0
0.7937771976698361,0.350330541,0.169132504,0.502325352,0.0,1346.0
0.7893283687387722,0.230519163,0.153612138,0.498491352,0.0,1346.0
0.7754819245800636,0.152061532,0.174213801,0.50733768,0.0,1346.0
0.7627806419459727,0.089611563,0.20198423,0.529498302,0.0,1346.0
0.7229737450020434,0.002882409,0.229225634,0.567122745,0.0,1346.0
0.6569245882072801,0.0,0.236277561,0.572910098,0.0,1346.0
0.6368465536571493,0.0,0.22596507,0.605796648,0.0,1346.0
0.6290043472417091,0.0,0.204072028,0.581026553,0.0,1346.0
0.6240859804645976,0.0,0.183986639,0.530349283,0.0,1346.0
0.6222331310988609,0.0026862715,0.15593268700000001,0.4131457425,0.0,1346.0
0.6568915865531589,0.086470266,0.135380032,0.304086068,0.0,1346.0
0.7215032581455443,0.155629854,0.111920132,0.273403704,0.0,1346.0
0.7713273432040233,0.256707538,0.091725479,0.260323793,0.0,1346.0
0.786469265788419,0.400754312,0.090599991,0.261829768,0.0,1346.0
0.7956300002672858,0.449081038,0.088428332,0.276544973,0.0,1346.0
0.8194713813400051,0.592068667,0.084816978,0.299439836,0.0,1346.0
0.8291366743585139,0.650533115,0.083224426,0.311372374,0.0,1346.0
0.8539114985459093,0.708333824,0.096334285,0.301216837,0.0,1346.0
0.8634711665135049,0.669200082,0.093372099,0.32743885,0.0,1346.0
0.8696056751945828,0.652759822,0.086988978,0.338440487,0.0,1346.0
0.8716887872213299,0.561232785,0.07475962,0.317766554,0.0,1346.0
0.8759452378046946,0.488414607,0.063178239,0.298396173,0.0,1346.0
0.8721899656893153,0.443319287,0.050420908,0.284357387,0.0,1346.0
0.8708104569065508,0.323952385,0.044655205,0.267139157,0.0,1346.0
0.8654915602665054,0.223211463,0.038997141,0.250179413,0.0,1346.0
0.8371507442250339,0.154426634,0.046285858,0.241190104,0.0,1346.0
0.7866870884602148,0.08473269,0.056938913,0.235499499,0.0,1346.0
0.7285573145079841,0.002728161,0.071069724,0.237460183,0.0,1346.0
0.6572492088886328,0.0,0.076473615,0.214741983,0.0,1346.0
0.6378866072080384,0.0,0.07108876,0.221153569,0.0,1346.0
0.6280858327768497,0.0,0.0490005725,0.13440607599999999,0.0,1346.0
0.6251810293632083,0.002838,0.0356363845,0.1352998045,0.0,1346.0
0.6597502199449079,0.081650964,0.03528231,0.165612441,0.0,1346.0
0.7228455867653306,0.143649583,0.031564149,0.186459035,0.0,1346.0
0.7733692378641877,0.244278137,0.019632458,0.167806299,0.0,1346.0
0.7967632383796781,0.388189493,0.019141534,0.153201861,0.0,1346.0
0.8174638501164384,0.5172006,0.02282389,0.144643444,0.0,1346.0
0.848410926493166,0.654509244,0.032721568,0.141108635,0.0,1346.0
0.8608544839780187,0.716502425,0.042300221,0.135550008,0.0,1346.0
0.8728346065031403,0.737013221,0.02717893,0.10983911,0.0,1346.0
0.8814558556604912,0.737325884,0.034659452,0.108457337,0.0,1346.0
0.8829275629942145,0.68610793,0.045008643,0.101314588,0.0,1346.0
0.8815116255923363,0.647263961,0.051436737,0.100490288,0.0,1346.0
0.8800349419378,0.543598641,0.054890971,0.098601417,0.0,1346.0
0.8736500309708288,0.448849984,0.054702619,0.087738708,0.0,1346.0
0.8742010645578825,0.346605786,0.051896633,0.074222989,0.0,1346.0
0.8716551747033522,0.247598348,0.054486171,0.067258503,0.0,1346.0
0.8423173531934106,0.15879169,0.078105326,0.064927408,0.0,1346.0
0.7970633075860512,0.084831377,0.101600037,0.071061907,0.0,1346.0
0.7470272208818811,0.002254223,0.115970532,0.090166266,0.0,1346.0
0.6725514941771511,0.0,0.12287097,0.110015914,0.0,1346.0
0.6492350452354408,0.0,0.162008244,0.207291493,0.0,1346.0
0.6334850045556282,0.0,0.144645138,0.21312007900000002,0.0,1346.0
0.6301184556866264,0.0025572935,0.102420388,0.217575733,0.0,1346.0
0.6637552365889878,0.095684769,0.069060802,0.222822504,0.0,1346.0
0.7272382699926172,0.177147698,0.051191047,0.25256825,0.0,1346.0
0.7784390946260608,0.292553626,0.034944366,0.265072693,0.0,1346.0
0.8136514000186462,0.447639618,0.035232128,0.266540354,0.0,1346.0
0.8445655216345885,0.562215151,0.047424563,0.281722639,0.0,1346.0
0.8657456233588267,0.670898873,0.06990102,0.298497918,0.0,1346.0
0.8727247566752785,0.694563763,0.094055967,0.3006463,0.0,1346.0
0.8856325944503987,0.742788448,0.117208222,0.296541913,0.0,1346.0
0.8906395453651812,0.7122602275000001,0.11827117549999999,0.2977306825,0.0,1346.0
0.8907994854040356,0.625691924,0.115152339,0.297388162,0.0,1346.0
0.8925086374570573,0.528540844,0.113326029,0.301071426,0.0,1346.0
0.8891983049444591,0.437432947,0.111983661,0.281053324,0.0,1346.0
0.8884868154918554,0.326753115,0.106062586,0.274019107,0.0,1346.0
0.8862229671696185,0.1931769,0.113997474,0.263692211,0.0,1346.0
0.8643950327584872,0.130079041,0.138210448,0.258778116,0.0,1346.0
0.8052864673347209,0.063092632,0.163137812,0.268901571,0.0,1346.0
0.7471124723414273,0.001556275,0.170650073,0.27681099,0.0,1346.0
0.6735264360184258,0.0,0.178719351,0.294540719,0.0,1346.0
0.6444212235869776,0.0,0.182045717,0.329237242,0.0,1346.0
0.6319724084212961,0.0,0.157004849,0.330207523,0.0,1346.0
0.6304021175399885,0.0013771675,0.1299159725,0.312539264,0.0,1346.0
0.6633432992655728,0.071387632,0.111806994,0.272304785,0.0,1346.0
0.727618707499151,0.1505948,0.082184378,0.227661007,0.0,1346.0
0.7784290950910988,0.240241929,0.055431386,0.178833064,0.0,1346.0
0.8124315961828118,0.378004031,0.0500792,0.142403561,0.0,1346.0
0.8389151972765412,0.447613683,0.049387329,0.126553341,0.0,1346.0
0.8588729604238245,0.527993354,0.05142874,0.131615426,0.0,1346.0
0.8701144591364178,0.655702778,0.052524024,0.150792112,0.0,1346.0
0.8804702102589705,0.719866658,0.053860204,0.18454453,0.0,1346.0
0.8885520678814777,0.735932209,0.054540623,0.244705041,0.0,1346.0
0.8913248870936488,0.598247422,0.0553326545,0.27645548200000003,0.0,1346.0
0.8909191934616069,0.479366134,0.062553934,0.292056758,0.0,1346.0
0.8853513976233971,0.432255582,0.066693177,0.303919199,0.0,1346.0
0.8845081816638357,0.274447863,0.070061222,0.311825676,0.0,1346.0
0.8802178372024776,0.217182362,0.074385007,0.310160978,0.0,1346.0
0.8579748198629544,0.133401973,0.085811174,0.301891146,0.0,1346.0
0.8067982659697193,0.07305115,0.102247561,0.303816383,0.0,1346.0
0.753035261987319,0.001473747,0.110945672,0.306089996,0.0,1346.0
0.6738012484740464,0.0,0.117596993,0.316907052,0.0,1346.0
0.6552047794873482,0.0,0.137448321,0.368385322,0.0,1346.0
0.6358578808218585,0.0,0.132729842,0.3765856475,0.0,1346.0
0.6337691122083045,0.0017950055,0.142912979,0.38805141249999997,0.0,1346.0
0.6664392366966124,0.081243741,0.14121364,0.383295073,0.0,1346.0
0.7293641950098592,0.166683629,0.112299854,0.364861174,0.0,1346.0
0.7826088388059753,0.27342003,0.099467589,0.33669975,0.0,1346.0
0.8150161680375602,0.408121283,0.094324814,0.307509176,0.0,1346.0
0.8480642890779536,0.548334264,0.10133073,0.315943778,0.0,1346.0
0.8710340999792071,0.648008956,0.106965877,0.33957771,0.0,1346.0
0.8848146346163455,0.722150708,0.111833894,0.364834087,0.0,1346.0
0.8909786248251244,0.711168628,0.122218175,0.429744051,0.0,1346.0
0.8935333406307285,0.691033976,0.128164837,0.447379666,0.0,1346.0
0.8966492296131114,0.628040309,0.139716806,0.457281575,0.0,1346.0
0.8938294657949244,0.58843634,0.143379609,0.459313769,0.0,1346.0
0.8937478763922951,0.509674457,0.149635788,0.446329154,0.0,1346.0
0.8897537515070495,0.45185063,0.156207126,0.431787821,0.0,1346.0
0.8896292547020092,0.354327265,0.166372253,0.424719799,0.0,1346.0
0.8895779915323728,0.228827899,0.182663476,0.427452948,0.0,1346.0
0.8761475681687753,0.14291146,0.229657356,0.455658512,0.0,1346.0
0.8297730531917857,0.073290979,0.277214924,0.500001187,0.0,1346.0
0.7791597851764259,0.001156733,0.310548686,0.543222893,0.0,1346.0
0.6742705988717987,0.0,0.321134861,0.565698638,0.0,1346.0
0.6505273780561511,0.0,0.324601869,0.631748492,0.0,1346.0
0.635321000894089,0.0,0.323151298,0.620095077,0.0,1346.0
0.6278397968857795,0.0,0.31398464,0.640329828,0.0,1346.0
0.6268922238711094,0.0,0.302487447,0.66320672,0.0,1346.0
0.6265382629673079,0.002905029,0.284694549,0.670904619,0.0,1346.0
0.6343177986275818,0.078701397,0.25641298,0.679396755,0.0,1346.0
0.6418465568552747,0.172415119,0.250984649,0.667874672,0.0,1346.0
0.6724631915245445,0.269990787,0.240423727,0.624506254,0.0,1346.0
0.7140864149282292,0.419982774,0.234984374,0.572217536,0.0,1346.0
0.7470614905318069,0.397591922,0.243063941,0.554117298,0.0,1346.0
0.7747824523263575,0.460516744,0.240309643,0.554998215,0.0,1346.0
0.7815962472431182,0.588273754,0.245745821,0.565951418,0.0,1346.0
0.7876517018879314,0.63927169,0.243935701,0.54675957,0.0,1346.0
0.7902291384526788,0.667656235,0.256095441,0.574114883,0.0,1346.0
0.7942543411147821,0.689838748,0.274623251,0.592298399,0.0,1346.0
0.796004992519647,0.637382437,0.291430033,0.625750932,0.0,1346.0
0.799951328093585,0.58788215,0.303420314,0.655962041,0.0,1346.0
0.8037021872334272,0.439044369,0.321833134,0.681501832,0.0,1346.0
0.8060310059600262,0.320948701,0.321957697,0.697012705,0.0,1346.0
0.8096632837328492,0.209884907,0.321234902,0.711999277,0.0,1346.0
0.8049133533167763,0.138703813,0.336083988,0.734164503,0.0,1346.0
0.7905361553757092,0.054055164,0.357232859,0.769630231,0.0,1346.0
0.7704117389395941,0.0,0.378136254,0.800962866,0.0,1346.0
0.6819410356228309,0.0,0.382516508,0.812544786,0.0,1346.0
0.6648836865791555,0.0,0.384153672,0.817787129,0.0,1346.0
0.6529421522675801,0.0,0.385900133,0.786320335,0.0,1346.0
0.648031202640681,0.0,0.376387397,0.766314846,0.0,1346.0
0.6412994666851537,0.000715982,0.36095410650000004,0.75156333,0.0,1346.0
0.6426062817311222,0.0768033205,0.324479957,0.7596948290000001,0.0,1346.0
0.6704551907423737,0.183497344,0.326909735,0.775293471,0.0,1346.0
0.7077454442675494,0.26659002,0.333158027,0.75535728,0.0,1346.0
0.7402291996328513,0.347571377,0.335289501,0.730190987,0.0,1346.0
0.7558115550578187,0.436123312,0.338525659,0.701967647,0.0,1346.0
0.7693905571428321,0.497337619,0.347150862,0.710082852,0.0,1346.0
0.7780338699273786,0.585389497,0.29769964,0.733958521,0.0,1346.0
0.7887616558959041,0.652336966,0.311673842,0.766988734,0.0,1346.0
0.7945104700148639,0.643090343,0.31356951,0.735242768,0.0,1346.0
0.7945776944255748,0.572213441,0.306972111,0.719579553,0.0,1346.0
0.800313926749872,0.511504732,0.293373348,0.706338076,0.0,1346.0
0.8027826401773098,0.449776461,0.273266346,0.662269021,0.0,1346.0
0.8046632336413878,0.350274132,0.255880594,0.607326804,0.0,1346.0
0.8096632837328492,0.203782787,0.270803585,0.562684008,0.0,1346.0
0.8049133533167763,0.119124285,0.313845494,0.547775105,0.0,1346.0
0.78560135767387,0.044411658,0.354542266,0.560671664,0.0,1346.0
0.7691396390302432,0.0,0.366774706,0.575306758,0.0,1346.0
0.694798924492211,0.0,0.370870893,0.614805861,0.0,1346.0
0.6706779422164021,0.0,0.382806489,0.6133941785,0.0,1346.0
0.6542043470538856,0.0,0.365569387,0.614611719,0.0,1346.0
0.6515899182121261,0.0010044465,0.331037272,0.576851417,0.0,1346.0
0.6764317320309303,0.060146419,0.290609783,0.553476611,0.0,1346.0
0.7343295065180353,0.139167446,0.235180799,0.509622224,0.0,1346.0
0.788906902064244,0.243247829,0.167484918,0.455633347,0.0,1346.0
0.8159377809014381,0.376223658,0.141482117,0.394325333,0.0,1346.0
0.8445655216345885,0.455967955,0.139005969,0.363413907,0.0,1346.0
0.8665087517529988,0.587150991,0.149737547,0.347703926,0.0,1346.0
0.8760091759304208,0.706273542,0.162028362,0.343324371,0.0,1346.0
0.8836273166079364,0.793548694,0.1484341,0.306205578,0.0,1346.0
0.8895778971204564,0.811337499,0.160705953,0.304679724,0.0,1346.0
0.8929155515663236,0.77549945,0.158317826,0.301409941,0.0,1346.0
0.8907994854040356,0.693622953,0.156387409,0.314734385,0.0,1346.0
0.8927904920412515,0.605963024,0.145697048,0.327507611,0.0,1346.0
0.8877253765082671,0.449797252,0.139513986,0.34839673,0.0,1346.0
0.8838838206547059,0.30885701,0.12702434,0.335963574,0.0,1346.0
0.8827992171841578,0.18401582,0.136597709,0.311458333,0.0,1346.0
0.8661151697317707,0.10784855,0.192596549,0.298093125,0.0,1346.0
0.8139480885281184,0.033612525,0.250335254,0.280334213,0.0,1346.0
0.7698972283835707,0.0,0.266057777,0.257001679,0.0,1346.0
0.6868641437538798,0.0,0.260622149,0.238686246,0.0,1346.0
0.662540127088706,0.0,0.272165895,0.238743469,0.0,1346.0
0.6500324432795387,0.0,0.262635429,0.272347987,0.0,1346.0
0.6446131792694089,0.0,0.250313237,0.303085053,0.0,1346.0
0.6450879752339562,0.000735532,0.2167673775,0.28332856500000003,0.0,1346.0
0.672380381644691,0.058452321,0.17535326,0.269212374,0.0,1346.0
0.7308367476741189,0.14163386,0.126263467,0.257508151,0.0,1346.0
0.7834986229743758,0.24591583,0.067423592,0.225558763,0.0,1346.0
0.8133702969783165,0.371901582,0.057742753,0.194169163,0.0,1346.0
0.8387430049468649,0.538038353,0.059109926,0.162870644,0.0,1346.0
0.8626418459872576,0.67700059,0.074072006,0.148941912,0.0,1346.0
0.8723456334326406,0.764407387,0.086872887,0.139379785,0.0,1346.0
0.8804702102589705,0.827072169,0.078935108,0.133859614,0.0,1346.0
0.8816623170148488,0.764072367,0.070182869,0.133408641,0.0,1346.0
0.8872148093691763,0.705352277,0.068111011,0.129708256,0.0,1346.0
0.8873203400081732,0.630109516,0.069746364,0.126334754,0.0,1346.0
0.8894668268153705,0.512692246,0.064023503,0.117454211,0.0,1346.0
0.8845921182342413,0.414724347,0.065134602,0.167498921,0.0,1346.0
0.8772201544404259,0.311753216,0.068945181,0.203337756,0.0,1346.0
0.8720324203368177,0.202648806,0.078018636,0.222496403,0.0,1346.0
0.8455182116500796,0.126824679,0.109101156,0.236176413,0.0,1346.0
0.8015493160548489,0.041836517,0.150930209,0.28324051,0.0,1346.0
0.7568972383255831,0.0,0.171708428,0.313786957,0.0,1346.0
0.6765676833148365,0.0,0.172244698,0.312078388,0.0,1346.0
0.6574820067909591,0.0,0.20128913,0.351671969,0.0,1346.0
0.6427864309220455,0.0,0.1724280025,0.3274477945,0.0,1264.0
0.6371426087939634,0.0005638905,0.129886664,0.262912178,0.0,1182.0
0.6674707931750241,0.056259913,0.09750928,0.219377478,0.0,1182.0
0.7291037944394929,0.161231976,0.060088633,0.191847615,0.0,1182.0
0.7752706744782369,0.266511107,0.026868619,0.196122515,0.0,1182.0
0.7986627035978832,0.418363037,0.024525377,0.195364771,0.0,1182.0
0.822739370420713,0.499037688,0.032473676,0.194490222,0.0,1182.0
0.8410549239404252,0.591975423,0.04722168,0.20175646,0.0,1182.0
0.8552534513937634,0.671731686,0.0633815,0.205526503,0.0,1182.0
0.861446265373051,0.700044866,0.065958666,0.170628463,0.0,1182.0
0.8642848071586933,0.709484428,0.073664699,0.192270145,0.0,1182.0
0.864971979602997,0.635721711,0.071492411,0.208533321,0.0,1182.0
0.8635499391897536,0.522294369,0.071582336,0.225037915,0.0,1182.0
0.8645398093682227,0.42090385,0.077354699,0.237065556,0.0,1182.0
0.8586019969732204,0.316754276,0.075718274,0.229859028,0.0,1182.0
0.8581182815835495,0.237144672,0.063163164,0.22330664,0.0,1182.0
0.8586778591364166,0.134975998,0.060028438,0.23117911,0.0,1182.0
0.8415733779133815,0.087083678,0.076931598,0.244793646,0.0,1182.0
0.7953926493346593,0.030680237,0.097345578,0.272425439,0.0,1182.0
0.754165308226643,0.0,0.112246353,0.313662152,0.0,1182.0
0.6790712291122319,0.0,0.116259916,0.34323187,0.0,1182.0
0.6593968692797184,0.0,0.138315852,0.469161689,0.0,1182.0
0.6458094170155635,0.0,0.1251178305,0.4595947165,0.0,1182.0
0.6405903944277082,0.0,0.1146276085,0.340968575,0.0,1182.0
0.6689348956601423,0.046409502,0.102875893,0.295995358,0.0,1182.0
0.7297322395455633,0.129576285,0.072554626,0.308356641,0.0,1182.0
0.7781367720385832,0.244292859,0.046119061,0.323905768,0.0,1182.0
0.8152284510432669,0.387164167,0.049051396,0.344715349,0.0,1182.0
0.8300845762517802,0.466156768,0.062968229,0.361246001,0.0,1182.0
0.8487765300744218,0.588097239,0.074275685,0.375393359,0.0,1182.0
0.8571476589311396,0.642192844,0.084577004,0.413484661,0.0,1182.0
0.8632782248205294,0.639518631,0.093086227,0.38561038,0.0,1182.0
0.8611353994450044,0.572254522,0.102484525,0.384490947,0.0,1182.0
0.862415668173481,0.449165619,0.11514554,0.423165077,0.0,1182.0
0.8583197672423384,0.370490356,0.119433815,0.478269845,0.0,1182.0
0.8610583168045839,0.32938843,0.118698498,0.496090558,0.0,1182.0
0.8517010736129856,0.289952884,0.104295779,0.476455823,0.0,1182.0
0.8452577641863773,0.22551805,0.081126268,0.4572168,0.0,1182.0
0.8425366777024464,0.155692045,0.061216559,0.39704722,0.0,1182.0
0.8209472202892495,0.095796995,0.068131492,0.345102453,0.0,1182.0
0.784033789732271,0.028818213,0.084395212,0.328514871,0.0,1182.0
0.7082316947109626,0.0,0.097122003,0.2916803905,0.0,1182.0
0.65188341484853,0.0,0.1161072635,0.385331494,0.0,1182.0
0.6432215588758304,0.0,0.117197259,0.358794973,0.0,1182.0
0.6426264680617677,0.0,0.0933533235,0.3081600355,0.0,1182.0
0.6706054601248624,0.025450818,0.07303545,0.294921964,0.0,1182.0
0.7295322563492588,0.072797982,0.060245372,0.299989358,0.0,1182.0
0.773511620412811,0.137532237,0.050185224,0.288715969,0.0,1182.0
0.7969346797907342,0.240462659,0.053869809,0.292739598,0.0,1182.0
0.8049865863269361,0.28881628,0.057260197,0.318375449,0.0,1182.0
0.8271370299688127,0.357880732,0.061181998,0.332390145,0.0,1182.0
0.8349887657353661,0.411046267,0.06934803,0.318068519,0.0,1182.0
0.8444017794840538,0.422687847,0.059204545,0.328327453,0.0,1182.0
0.8523151999952292,0.490026838,0.067800992,0.333215897,0.0,1182.0
0.8581443358336358,0.4693378405,0.080448099,0.35646869449999996,0.0,1182.0
0.8566563386928638,0.441424404,0.097345005,0.37314343,0.0,1182.0
0.8473000339932294,0.362454128,0.10709883,0.356012301,0.0,1182.0
0.8428885727984875,0.28687698,0.101601281,0.329109421,0.0,1182.0
0.8359516897524988,0.182663565,0.10017571,0.327180467,0.0,1182.0
0.8111396860273697,0.104055143,0.100812321,0.313922949,0.0,1182.0
0.7713510030803752,0.017942645,0.109608116,0.311329518,0.0,1182.0
0.7294281806541659,0.0,0.114779045,0.293811301,0.0,1182.0
0.6519255241263628,0.0,0.119244399,0.307916466,0.0,1182.0
0.6278743954143015,0.0,0.123754316,0.333268124,0.0,1182.0
0.6123088458731761,0.0,0.121870539,0.310054576,0.0,1182.0
0.6028691444392197,0.0,0.110654881,0.3073763725,0.0,1182.0
0.6050574586015142,0.008340465,0.099566764,0.291756442,0.0,1182.0
0.6183247733748082,0.083583186,0.090637735,0.260984491,0.0,1182.0
0.6480558016342411,0.151296039,0.072103074,0.216240485,0.0,1182.0
0.6858177996182816,0.235312009,0.06364121,0.164271008,0.0,1182.0
0.7137442842752257,0.338357206,0.065272838,0.137224078,0.0,1182.0
0.7306881214341225,0.399288336,0.063131045,0.143525142,0.0,1182.0
0.7344305310200677,0.397835165,0.063151259,0.172026654,0.0,1182.0
0.7344416097270015,0.388152458,0.075647989,0.181268868,0.0,1182.0
0.733823915074513,0.434877055,0.091964696,0.209926583,0.0,1182.0
0.7396906534285438,0.444567985,0.091380716,0.188482074,0.0,1182.0
0.7472716139430813,0.399435707,0.092036865,0.164428242,0.0,1182.0
0.7554346851962853,0.340866941,0.095325519,0.14963952,0.0,1182.0
0.7491287351041513,0.252262578,0.095681975,0.157640867,0.0,1182.0
0.7467946586967237,0.162909136,0.089570097,0.207648759,0.0,1182.0
0.7453665152721151,0.104586838,0.081892959,0.255537871,0.0,1182.0
0.7335376481400264,0.058069495,0.085073698,0.259230414,0.0,1182.0
0.7251646410488919,0.01315718,0.096480684,0.227643283,0.0,1182.0
0.7064183259702178,0.0,0.10591533,0.192180043,0.0,1182.0
0.6385542507662669,0.0,0.114008126,0.171483812,0.0,1182.0
0.6203416934570536,0.0,0.121997031,0.212045928,0.0,1182.0
0.6093999818405245,0.0,0.113412792,0.248478367,0.0,1182.0
0.6011613063999962,0.0,0.104120721,0.288374169,0.0,1182.0
0.6029631271565632,0.013496738,0.0980181665,0.28285711950000003,0.0,1182.0
0.615404220146513,0.116884624,0.079552203,0.241573674,0.0,1182.0
0.6427925811393689,0.190111886,0.061048223,0.210779939,0.0,1182.0
0.6731667478751913,0.317827706,0.045670683,0.169984425,0.0,1182.0
0.6995958933009717,0.457767135,0.040236152,0.138752624,0.0,1182.0
0.7157479658685316,0.570868247,0.042525195,0.125332622,0.0,1182.0
0.719430192547095,0.601594279,0.048609894,0.110613901,0.0,1182.0
0.7263221967948283,0.627582604,0.067754289,0.11075986,0.0,1182.0
0.7344269633750673,0.624391826,0.09348162,0.135105196,0.0,1182.0
0.743479067878052,0.584886999,0.110116848,0.191457616,0.0,1182.0
0.7472716139430813,0.460524441,0.114596102,0.242173715,0.0,1182.0
0.7474299102141988,0.411727367,0.11160197,0.267683047,0.0,1182.0
0.741505806304411,0.29664433,0.098169434,0.29063485,0.0,1182.0
0.7428208129909286,0.197223626,0.084684776,0.312328517,0.0,1182.0
0.744762340906253,0.101639395,0.079859363,0.361659561,0.0,1182.0
0.7282147142963764,0.053277044,0.09158037,0.455559819,0.0,1182.0
0.7217662409756112,0.007438057,0.117620155,0.534038017,0.0,1182.0
0.6778517303957033,0.0,0.161614825,0.5862386635,0.0,1182.0
0.633292720307223,0.0,0.20061988,0.604272462,0.0,1182.0
0.6257178152854702,0.0,0.21845136,0.620555679,0.0,1182.0
0.6203554481790976,0.0,0.248784913,0.6305235570000001,0.0,1182.0
0.6397091069253762,0.0071306775,0.280323212,0.6583798765,0.0,1182.0
0.7141221870406393,0.097587156,0.298545704,0.662933406,0.0,1182.0
0.7569869496540022,0.178071137,0.302744127,0.654916062,0.0,1182.0
0.7654245520028111,0.2922426,0.304142928,0.647641637,0.0,1182.0
0.7621196647443853,0.373833287,0.32435929,0.637928778,0.0,1182.0
0.761732748454554,0.42616832,0.351766222,0.623930598,0.0,1182.0
0.7630707585107199,0.494187652,0.374404517,0.630724983,0.0,1182.0
0.7646373410670191,0.512943438,0.325118758,0.64730171,0.0,1182.0
0.7654472727619546,0.501464605,0.338260011,0.711010826,0.0,1182.0
0.7688252054571962,0.4003174555,0.381843526,0.813821924,0.0,1182.0
0.767464287068543,0.293349316,0.391885765,0.822289534,0.0,1182.0
0.7649233260162452,0.236451559,0.395354385,0.790024269,0.0,1182.0
0.7669770040338717,0.185514264,0.384991299,0.771841407,0.0,1182.0
0.7686597732708332,0.138716118,0.351984082,0.736942232,0.0,1182.0
0.7647140948288432,0.085137503,0.320450916,0.684568411,0.0,1182.0
0.7361070102975646,0.013391534,0.297269167,0.608442082,0.0,1182.0
0.7015815484706869,0.0,0.289163089,0.530102651,0.0,1182.0
0.6455402380127039,0.0,0.273072895,0.485443168,0.0,1182.0
0.6290164588525229,0.0,0.304089573,0.481934836,0.0,1182.0
0.6228893671340842,0.0,0.267712993,0.395420396,0.0,1182.0
0.6198049778747956,0.0,0.223695667,0.32301110050000004,0.0,1182.0
0.6395437686819964,0.014030713,0.18119524599999998,0.24809023349999998,0.0,1182.0
0.7145347346026665,0.12656871,0.135330109,0.199191143,0.0,1182.0
0.7550363150528328,0.232772028,0.103893178,0.173141285,0.0,1182.0
0.7654245520028111,0.37245406,0.09153822,0.156063065,0.0,1182.0
0.7639319071072002,0.46446448,0.096150136,0.133939241,0.0,1182.0
0.7646921718816557,0.560439137,0.107183089,0.124659483,0.0,1182.0
0.7678649105931,0.618854776,0.124423571,0.134562812,0.0,1182.0
0.7750533219902898,0.662823159,0.144791387,0.132508111,0.0,1182.0
0.7781003903128054,0.641384109,0.164119917,0.141011408,0.0,1182.0
0.7900047444614026,0.608718258,0.164964725,0.161216697,0.0,1182.0
0.7933171427817616,0.536290921,0.168024826,0.201084047,0.0,1182.0
0.7951718229883835,0.486820076,0.146697642,0.23271831,0.0,1182.0
0.7931586583120557,0.424628985,0.11572318,0.259377991,0.0,1182.0
0.7914844324156632,0.32321287,0.083725862,0.269081118,0.0,1182.0
0.7893347537353976,0.215202399,0.055138882,0.273241173,0.0,1182.0
0.7720116051352747,0.136837403,0.054534046,0.279497799,0.0,1182.0
0.7397991889925095,0.01307279,0.062178704,0.303556068,0.0,1182.0
0.6981404754616749,0.0,0.076885673,0.329735616,0.0,1182.0
0.6453809082124616,0.0,0.086939132,0.344981024,0.0,1182.0
0.6295261812863218,0.0,0.104426459,0.314832723,0.0,1182.0
0.6205008819833056,0.0,0.108734478,0.31014275599999996,0.0,1182.0
0.6200556845609639,0.0,0.1202173645,0.331456304,0.0,1182.0
0.6539686392637513,0.0267011,0.120744129,0.374442204,0.0,1182.0
0.7136403492601407,0.138423191,0.109701002,0.415541903,0.0,1182.0
0.755709497651906,0.241761636,0.069922808,0.451069302,0.0,1182.0
0.7717288120591168,0.386016684,0.073518256,0.519921667,0.0,1182.0
0.7707427915109084,0.55609472,0.091201215,0.572309895,0.0,1182.0
0.7788540362492002,0.680257266,0.121828613,0.625426759,0.0,1182.0
0.7869432167350522,0.753065292,0.161904966,0.660794397,0.0,1182.0
0.8020949981744018,0.758441505,0.172263072,0.637437206,0.0,1182.0
0.8048047239661387,0.66089345,0.191373279,0.679235923,0.0,1182.0
0.809506771284232,0.651036642,0.209426294,0.717196366,0.0,1182.0
0.8160062257893731,0.548201819,0.225980881,0.72513835,0.0,1182.0
0.8211444805458453,0.46600042,0.222771485,0.711627414,0.0,1182.0
0.8135040886677904,0.404724754,0.188280339,0.702017107,0.0,1182.0
0.8110901122683173,0.33052796,0.171331165,0.706333746,0.0,1182.0
0.80988842926799,0.204988159,0.213511826,0.704093049,0.0,1182.0
0.7874369785530207,0.116265394,0.284925052,0.707954799,0.0,1182.0
0.7498659971342032,0.008802085,0.367452819,0.730698668,0.0,1182.0
0.7145127172435626,0.0,0.430723051,0.774229785,0.0,1182.0
0.6563930366129656,0.0,0.464836504,0.820691652,0.0,1182.0
0.6396682419778443,0.0,0.507366049,0.848512058,0.0,1182.0
0.631406634070392,0.0,0.513231658,0.866128878,0.0,1182.0
0.6286846559878332,0.0,0.520809305,0.866972857,0.0,1182.0
0.6280859737694798,0.0,0.524974809,0.880059963,0.0,1182.0
0.6322390057896995,0.0,0.563901225,0.885175518,0.0,1182.0
0.6647790944321225,0.008414845,0.573830334,0.881786674,0.0,1182.0
0.7263571235767021,0.067832756,0.55823059,0.887829719,0.0,1182.0
0.7689796527232974,0.143722097,0.51381631,0.892260747,0.0,1182.0
0.7872692460922176,0.246219627,0.495797384,0.897863493,0.0,1182.0
0.7990145055324968,0.353352781,0.540554074,0.894892166,0.0,1182.0
0.8271370299688127,0.443049667,0.578783676,0.876188504,0.0,1182.0
0.8390933982056661,0.51692402,0.629920536,0.858573814,0.0,1182.0
0.846156279893935,0.567503624,0.565749884,0.826497123,0.0,1182.0
0.8523151999952292,0.544182559,0.627513575,0.851381337,0.0,1182.0
0.8551115852970802,0.531187553,0.657992368,0.845950454,0.0,1182.0
0.8518416248205282,0.566491429,0.666278507,0.823927925,0.0,1182.0
0.8500521038421013,0.491755036,0.627483304,0.793010556,0.0,1182.0
0.8444820539975426,0.388466768,0.600162775,0.759004139,0.0,1182.0
0.8412494612573127,0.311809758,0.575363487,0.741857562,0.0,1182.0
0.8403233422564703,0.201017305,0.52689652,0.728322569,0.0,1182.0
0.8172760723176198,0.125018923,0.469508671,0.727042031,0.0,1182.0
0.7856901761531723,0.008270104,0.426933397,0.718413017,0.0,1182.0
0.7496578926373535,0.0,0.394190009,0.689393139,0.0,1182.0
0.6794574876448706,0.0,0.34854659,0.62427924,0.0,1182.0
0.6622457857470102,0.0,0.305092269,0.557631811,0.0,1182.0
0.6501212154907493,0.0,0.265508002,0.494074357,0.0,1182.0
0.6452842028992941,0.0,0.230468841,0.427282545,0.0,1182.0
0.6425604875749489,0.0,0.19240662349999998,0.368296507,0.0,1182.0
0.6671143913167742,0.014720447,0.162331237,0.412049106,0.0,1182.0
0.7286961763049428,0.115272551,0.13354012,0.463401808,0.0,1182.0
0.7724518497772583,0.193681498,0.110391566,0.500759679,0.0,1182.0
0.7972877015773275,0.323569341,0.111816635,0.525414022,0.0,1182.0
0.8157956334447392,0.41085411,0.129382985,0.540205511,0.0,1182.0
0.8369382736459833,0.53404214,0.159566517,0.561077675,0.0,1182.0
0.8482762900984002,0.627854606,0.206326658,0.583715428,0.0,1182.0
0.8570282322335842,0.690686048,0.198595353,0.509020021,0.0,1182.0
0.8593119845885839,0.65264677,0.265453383,0.525413055,0.0,1182.0
0.8567045975627756,0.571971184,0.329692991,0.551136541,0.0,1182.0
0.8443943622087926,0.451595502,0.374900536,0.565725789,0.0,1182.0
0.837164827231692,0.304380151,0.391937687,0.602823465,0.0,1182.0
0.8285144729438166,0.218863688,0.412607163,0.654028102,0.0,1182.0
0.8243579201719323,0.129358331,0.459811138,0.716062602,0.0,1182.0
0.8133413787958916,0.072435499,0.514072401,0.77684763,0.0,1182.0
0.8001729059837253,0.037534885,0.548188931,0.836790076,0.0,1182.0
0.7714984088431474,0.003427381,0.568531546,0.873182258,0.0,1182.0
0.7408263793887202,0.0,0.576459013,0.897011251,0.0,1182.0
0.662840665228439,0.0,0.573576728,0.914003207,0.0,1182.0
0.6441797885574104,0.0,0.522963543,0.907108293,0.0,1182.0
0.6290805851768376,0.0,0.510149776,0.919157482,0.0,1182.0
0.6206392741278736,0.0,0.496647263,0.919067046,0.0,1182.0
0.6147098652062499,0.0,0.485675919,0.913563931,0.0,1182.0
0.6113480579100212,0.0033454065,0.48034679199999997,0.9093406305,0.0,1182.0
0.6217461766301637,0.110683486,0.485214674,0.907588949,0.0,1182.0
0.6477916921136221,0.210669921,0.539895763,0.909716932,0.0,1182.0
0.6777952795726201,0.363328362,0.583414013,0.913148679,0.0,1182.0
0.703464019543937,0.402561974,0.617765691,0.914948782,0.0,1182.0
0.7150638921358686,0.535943475,0.671067993,0.9111009,0.0,1182.0
0.7186118575663539,0.601978623,0.702443783,0.906207999,0.0,1182.0
0.7273618745737853,0.628254781,0.664351625,0.834016018,0.0,1182.0
0.731046542206797,0.629034237,0.678619081,0.828840277,0.0,1182.0
0.7347563252853088,0.571104892,0.690060448,0.803766441,0.0,1182.0
0.7348723719112077,0.515138418,0.685422228,0.766528209,0.0,1182.0
0.7374357248440526,0.504960997,0.6613181,0.746497582,0.0,1182.0
0.7346907440170901,0.375509648,0.627781518,0.714682528,0.0,1182.0
0.732816769391073,0.246705087,0.553777596,0.681227577,0.0,1182.0
0.7324830882919666,0.143820694,0.473213574,0.661920507,0.0,1182.0
0.7274273620553321,0.066464567,0.42718703,0.656333463,0.0,1182.0
0.7214389442478858,0.003999449,0.3908019,0.651234395,0.0,1182.0
0.6654933065118125,0.0,0.342543192,0.5902885135,0.0,1182.0
0.6128695030982105,0.0,0.271639739,0.467355305,0.0,1182.0
0.6022683732165355,0.0,0.235501481,0.412675279,0.0,1182.0
0.5953762281012209,0.0,0.179835361,0.3599073775,0.0,1182.0
0.5991395980079528,0.006356638,0.1297966425,0.337180947,0.0,1182.0
0.6113817874425033,0.097698749,0.100207051,0.29068876,0.0,1182.0
0.6369919405054968,0.175422001,0.115289365,0.273838256,0.0,1182.0
0.6627118967531139,0.280832076,0.116093286,0.260601631,0.0,1182.0
0.6892729087406156,0.289820652,0.110158353,0.226241163,0.0,1182.0
0.6943061017914507,0.334613647,0.109601625,0.201486694,0.0,1182.0
0.695475393376269,0.414507955,0.110480552,0.214033299,0.0,1182.0
0.6967116280117823,0.455030409,0.095254594,0.209519725,0.0,1182.0
0.7007934922043584,0.446712907,0.097630619,0.224237039,0.0,1182.0
0.7011875906775266,0.391436954,0.095318712,0.227369027,0.0,1182.0
0.7024320404002571,0.39684157,0.095758176,0.246464354,0.0,1182.0
0.7098776129761645,0.299299892,0.093771555,0.312521137,0.0,1182.0
0.7071694834335839,0.238994221,0.089892786,0.382947674,0.0,1182.0
0.7059245641522491,0.160607084,0.093262102,0.427250551,0.0,1182.0
0.7070624972254386,0.085073585,0.096319513,0.4536093,0.0,1182.0
0.7007091329686846,0.044762275,0.104851526,0.45705843,0.0,1182.0
0.6983476408413164,0.002318152,0.124442686,0.46085231,0.0,1182.0
0.6647309293488826,0.0,0.150178645,0.4831384775,0.0,1182.0
0.6256988030076462,0.0,0.206912914,0.647149868,0.0,1182.0
0.6194412056033584,0.0,0.215748454,0.62988747,0.0,1182.0
0.6206861715904556,0.0,0.2242789325,0.620181062,0.0,1182.0
0.6533117930524406,0.004431278,0.243286197,0.650898029,0.0,1182.0
0.7138501437928189,0.080191056,0.240201203,0.69359822,0.0,1182.0
0.7524744170638917,0.16191995,0.261763791,0.730383718,0.0,1182.0
0.7590780416760422,0.295087937,0.296057361,0.765361076,0.0,1182.0
0.7584119943669699,0.315782439,0.319455744,0.760188357,0.0,1182.0
0.7592612658193161,0.387955134,0.356804814,0.747025494,0.0,1182.0
0.7600485705417801,0.367245098,0.376830468,0.71691132,0.0,1182.0
0.7611798372583282,0.434912893,0.300614281,0.622722444,0.0,1182.0
0.7612199279343589,0.456975814,0.332750397,0.613399203,0.0,1182.0
0.7636121214414079,0.415372244,0.371924955,0.610836742,0.0,1182.0
0.7625974178026989,0.437020079,0.408450387,0.589763955,0.0,1182.0
0.7635974750894737,0.417507035,0.435816087,0.542461234,0.0,1182.0
0.7619599129041192,0.302973667,0.432313241,0.484428051,0.0,1182.0
0.7642620199360616,0.213008086,0.410736402,0.453784558,0.0,1182.0
0.7657834417088452,0.116321371,0.372709636,0.424682277,0.0,1182.0
0.7548561421026192,0.069719776,0.332024049,0.384343801,0.0,1182.0
0.725489684395513,0.001940544,0.298281122,0.345186514,0.0,1182.0
0.6689756669147889,0.0,0.25705396199999997,0.31962728900000004,0.0,1182.0
0.6291574802439142,0.0,0.247363835,0.309589434,0.0,1182.0
0.620089648872748,0.0,0.213408938,0.2893398345,0.0,1182.0
0.6198843843926356,0.0,0.18390094499999998,0.24861699599999998,0.0,1182.0
0.6530657099554122,0.005399005,0.16140195,0.183306232,0.0,1182.0
0.7133218315901532,0.083229314,0.131866265,0.139758182,0.0,1182.0
0.7524482687145112,0.153909813,0.108761978,0.113340615,0.0,1182.0
0.7624416093793654,0.251449316,0.108251848,0.09790887,0.0,1182.0
0.7609236614649104,0.392155075,0.115887301,0.083644754,0.0,1182.0
0.7606575336551112,0.471982956,0.125678235,0.075317701,0.0,1182.0
0.7618724080634688,0.503344716,0.126304806,0.072751001,0.0,1182.0
0.7643374131658982,0.4034629,0.109641771,0.067462467,0.0,1182.0
0.7648651620232878,0.505857126,0.10964877,0.080525105,0.0,1182.0
0.7684598838612006,0.411815384,0.102793301,0.087266443,0.0,1182.0
0.7679439646293647,0.359190256,0.090318839,0.077677691,0.0,1182.0
0.7683975419846307,0.307453581,0.068028718,0.062950687,0.0,1182.0
0.7661260894390333,0.237027976,0.047944956,0.053544916,0.0,1182.0
0.7684427965548182,0.182556253,0.034484159,0.047885376,0.0,1182.0
0.7687664312256267,0.119498206,0.024888253,0.042166504,0.0,1182.0
0.7622257118353223,0.060819702,0.027687728,0.049862802,0.0,1182.0
0.7287640578476018,0.001950404,0.03573335,0.06350022,0.0,1182.0
0.671004135387621,0.0,0.044163958,0.086120271,0.0,1182.0
0.6259849994770799,0.0,0.061399889,0.162377076,0.0,1182.0
0.619682171324419,0.0,0.059463498,0.143772107,0.0,1182.0
0.6324814266839206,0.0018557206666666665,0.06452623833333333,0.13127552633333334,0.0,1182.0
0.7140105058716969,0.073365348,0.06650384,0.159650675,0.0,1182.0
0.7521527537889273,0.152931946,0.054170468,0.174714242,0.0,1182.0
0.7620523934403384,0.264521104,0.048408965,0.180715381,0.0,1182.0
0.7606599746095596,0.27265162,0.048354749,0.179610068,0.0,1182.0
0.760520643879241,0.353191623,0.042493851,0.155242752,0.0,1182.0
0.7610660440135337,0.4343652,0.03280829,0.12011669,0.0,1182.0
0.7609921532461814,0.448471158,0.026679314,0.093356972,0.0,1182.0
0.7621780632040225,0.438255806,0.021155308,0.076968636,0.0,1182.0
0.7659516437282526,0.358972989,0.019190647,0.076060542,0.0,1182.0
0.7656005933375035,0.317735051,0.018995183,0.086834924,0.0,1182.0
0.7675167707154034,0.283023185,0.020662813,0.098121654,0.0,1182.0
0.7659026808330568,0.220228567,0.021852218,0.091271866,0.0,1182.0
0.7686158335897862,0.173590743,0.022631061,0.071905365,0.0,1182.0
0.7692514608791936,0.119709226,0.030517458,0.059240228,0.0,1182.0
0.7652006269448944,0.080073425,0.044776682,0.060673346,0.0,1182.0
0.7333980354244477,0.001572102,0.055773555,0.073498912,0.0,1182.0
0.6959325383765355,0.0,0.060091719,0.085301094,0.0,1182.0
0.6451413038987307,0.0,0.064421317,0.100266952,0.0,1182.0
0.6253504754315569,0.0,0.081628066,0.09761704,0.0,1182.0
0.6179372002656512,0.0,0.074171762,0.116138236,0.0,1182.0
0.6199886244645021,0.0,0.066049617,0.1266351415,0.0,1182.0
0.6531308691836071,0.004127911,0.063489766,0.164053383,0.0,1182.0
0.7141044419770645,0.106355606,0.063780672,0.217573892,0.0,1182.0
0.7522581437479163,0.208088547,0.055053162,0.266190924,0.0,1182.0
0.7641543297026323,0.362047666,0.046345642,0.294539448,0.0,1182.0
0.7620294375892706,0.493404882,0.056438873,0.341576532,0.0,1182.0
0.7645244394208525,0.582560465,0.071138927,0.387230665,0.0,1182.0
0.7663465400133768,0.616897404,0.09573688,0.453287146,0.0,1182.0
0.772358148763815,0.570234619,0.114820013,0.466718646,0.0,1182.0
0.7754370457818083,0.590085737,0.144274716,0.517683555,0.0,1182.0
0.7815825869017282,0.508895057,0.17263194,0.560565215,0.0,1182.0
0.779001347600056,0.398203817,0.195961628,0.576901165,0.0,1182.0
0.7806380650801186,0.343139059,0.203099106,0.582354175,0.0,1182.0
0.7765149835209596,0.259613901,0.19347852,0.593844918,0.0,1182.0
0.776682762875099,0.202109654,0.198945825,0.6032499,0.0,1182.0
0.7747412824783549,0.129476015,0.233668706,0.630788603,0.0,1182.0
0.7665252105011059,0.057620387,0.302895908,0.683057886,0.0,1182.0
0.7374688678034261,0.0,0.36705187,0.742410242,0.0,1182.0
0.6740708032488381,0.0,0.40944761900000004,0.794279452,0.0,1182.0
0.6294607882166916,0.0,0.459488809,0.824803462,0.0,1182.0
0.6216055780916141,0.0,0.43305570250000003,0.8379420735,0.0,1182.0
0.619895158105312,0.0,0.453201615,0.849748078,0.0,1182.0
0.6397091538812367,0.0013560995,0.4820793255,0.8559183925,0.0,1182.0
0.714366673263267,0.083439696,0.493218341,0.855246029,0.0,1182.0
0.7574138622079476,0.15407076,0.459120462,0.849747714,0.0,1182.0
0.7702725488892836,0.266368552,0.484420338,0.85274285,0.0,1182.0
0.7663578069188988,0.325086426,0.522000728,0.853713053,0.0,1182.0
0.7715917340846583,0.3592978,0.566544516,0.855842909,0.0,1182.0
0.7803924046483584,0.453931004,0.623007029,0.855579667,0.0,1182.0
0.7926950351537363,0.505691738,0.570608753,0.836935319,0.0,1182.0
0.8036925165770616,0.493635384,0.609633311,0.843409433,0.0,1182.0
0.8082708180087345,0.498264803,0.645000423,0.847634174,0.0,1182.0
0.8079626750203964,0.458020453,0.665505117,0.848228695,0.0,1182.0
0.8087067440870975,0.423119782,0.588004485,0.848852396,0.0,1182.0
0.8026680953886509,0.359491538,0.569878931,0.854942563,0.0,1182.0
0.7985334186706181,0.222314382,0.557102396,0.860749761,0.0,1182.0
0.7929654352590644,0.125686132,0.56000285,0.872191261,0.0,1182.0
0.7739278762998465,0.050635788,0.567625341,0.883316237,0.0,1182.0
0.7463443676264423,0.0,0.567829778,0.888727166,0.0,1182.0
0.6751656410336503,0.0,0.557377551,0.8663360525,0.0,1182.0
0.6217607293829993,0.0,0.489155201,0.800872561,0.0,1182.0
0.6069552807084893,0.0,0.489597209,0.7506229795,0.0,1182.0
0.601013736635597,0.0,0.4754130165,0.7259808175,0.0,1182.0
0.607700312120231,0.001306084,0.455103542,0.678301093,0.0,1182.0
0.6176367559751146,0.065460345,0.422472925,0.621367626,0.0,1182.0
0.6445672675672733,0.137076822,0.390980489,0.575789742,0.0,1182.0
0.6766952782062734,0.256382397,0.369252727,0.563123101,0.0,1182.0
0.7035599739384847,0.359801023,0.342390779,0.569379914,0.0,1182.0
0.7170691230849949,0.465615881,0.316941453,0.588482472,0.0,1182.0
0.7181291275619829,0.558952744,0.316730918,0.624082332,0.0,1182.0
0.7233778423849291,0.61618327,0.328542831,0.624726883,0.0,1182.0
0.725343217749949,0.683166939,0.383320351,0.674564065,0.0,1182.0
0.7305873789173503,0.691494173,0.41689176,0.714875108,0.0,1182.0
0.7334400506029866,0.656453741,0.461505181,0.74327446,0.0,1182.0
0.7399374868189476,0.56522226,0.471527673,0.764753219,0.0,1182.0
0.7388884672622212,0.442763145,0.45049584,0.781812668,0.0,1182.0
0.7407878380685099,0.286226687,0.4324448,0.807485352,0.0,1182.0
0.738033796823794,0.132930423,0.449311541,0.839961707,0.0,1182.0
0.7264788974420341,0.040453,0.485804317,0.864647228,0.0,1182.0
0.7218099461899783,0.0,0.511893554,0.877329772,0.0,1182.0
0.670086583486638,0.0,0.5385767349999999,0.8939414555,0.0,1182.0
0.6115274325480832,0.0,0.631081298,0.921818787,0.0,1182.0
0.5993267184559878,0.0,0.6441463355,0.9277853675000001,0.0,1182.0
0.6034819803793818,0.0,0.6827619005000001,0.9210715325000001,0.0,1182.0
0.6154799415046526,0.03092889,0.681799074,0.906231255,0.0,1182.0
0.6409928255340557,0.070726586,0.658919117,0.897132269,0.0,1182.0
0.6714670307613664,0.153380453,0.613991264,0.883367194,0.0,1182.0
0.694381870167975,0.276101105,0.548957712,0.872799712,0.0,1182.0
0.7002592176703354,0.4120058,0.513896727,0.858808708,0.0,1182.0
0.700734764866125,0.518409063,0.511709887,0.83737378,0.0,1182.0
0.7070209040869234,0.578207123,0.478325378,0.780658319,0.0,1182.0
0.71663512150914,0.67023888,0.492261159,0.755752514,0.0,1182.0
0.7251141287978755,0.661700662,0.5124595615,0.7288321695,0.0,1182.0
0.7297465107508098,0.551464777,0.53806267,0.692439948,0.0,1182.0
0.7286617659750092,0.465066508,0.532103037,0.680750726,0.0,1182.0
0.72903572532349,0.331898173,0.513503962,0.678427234,0.0,1182.0
0.7284067168721436,0.201545455,0.486200535,0.680563315,0.0,1182.0
0.7226657895870493,0.089978316,0.473743436,0.677562797,0.0,1182.0
0.7054349808431375,0.0,0.468019791,0.664379613,0.0,1182.0
0.6656984067089379,0.0,0.45741595700000004,0.6394539135,0.0,1182.0
0.6287669494157465,0.0,0.431953007,0.594943979,0.0,1182.0
0.6212242485487812,0.0,0.37401985,0.542661334,0.0,1182.0
0.6182794720363336,0.0,0.339234063,0.493463189,0.0,1182.0
0.6199330422623122,0.0,0.303235869,0.4714318765,0.0,1182.0
0.6534020671008912,0.001902932,0.279475441,0.460669129,0.0,1182.0
0.7135386676261601,0.082093861,0.247589807,0.432445652,0.0,1182.0
0.7520023437264308,0.181388735,0.272034428,0.390904916,0.0,1182.0
0.7627419599457544,0.333618711,0.263556649,0.366734154,0.0,1182.0
0.7620422063320326,0.436932655,0.26246145,0.351181234,0.0,1182.0
0.761732748454554,0.506937821,0.276082567,0.333263716,0.0,1182.0
0.7617583803519944,0.52133532,0.302951072,0.329702448,0.0,1182.0
0.7630983618040044,0.519039145,0.27011738,0.362356618,0.0,1182.0
0.7631223974522884,0.471187892,0.239908126,0.379565091,0.0,1182.0
0.7636121214414079,0.470264431,0.206382912,0.375932092,0.0,1182.0
0.7629365916745583,0.415662979,0.181182988,0.392728932,0.0,1182.0
0.7626922924000301,0.330834426,0.15470662,0.419698957,0.0,1182.0
0.7606131244154601,0.229852569,0.12448216,0.458196868,0.0,1182.0
0.7637754884452548,0.125677336,0.090791152,0.471904096,0.0,1182.0
0.7598988182364761,0.067179984,0.081857421,0.463571375,0.0,1182.0
0.7504705472719976,0.022602877,0.091717222,0.464428923,0.0,1182.0
0.722447686180482,0.0,0.114813144,0.490643743,0.0,1182.0
0.6685476045362455,0.0,0.1523147445,0.5663087185,0.0,1182.0
0.6290890353559792,0.0,0.221620097,0.695664599,0.0,1182.0
0.6219436248352501,0.0,0.249701411,0.730986535,0.0,1182.0
0.6192663376024561,0.0,0.2762623525,0.7613418135000001,0.0,1182.0
0.6387516757122589,0.0,0.3053674475,0.7943868215000001,0.0,1182.0
0.71399191610283,0.055403582,0.321831304,0.791843582,0.0,1182.0
0.7520773142909991,0.165481084,0.307413006,0.788108785,0.0,1182.0
0.7585912750933111,0.322330755,0.322061802,0.783610669,0.0,1182.0
0.7532341184930713,0.472092999,0.351422722,0.770131665,0.0,1182.0
0.7573158420056395,0.543632803,0.413744463,0.768402057,0.0,1182.0
0.7594009254282308,0.620973241,0.469922998,0.771333903,0.0,1182.0
0.7601756020879407,0.659384217,0.477431412,0.797773508,0.0,1182.0
0.7600608228326019,0.673288239,0.57044607,0.82861821,0.0,1182.0
0.7629395021876108,0.681598521,0.633838023,0.836301011,0.0,1182.0
0.7620314089851147,0.625283951,0.665958777,0.848062331,0.0,1182.0
0.7615028616905247,0.492910116,0.664477786,0.851489928,0.0,1182.0
0.7585678496836391,0.412123194,0.655946312,0.833621978,0.0,1182.0
0.7569048906927687,0.29188555,0.606111545,0.797791487,0.0,1182.0
0.754554664845678,0.174326377,0.547465429,0.772297648,0.0,1182.0
0.7459105073558396,0.061129278,0.485457784,0.73424869,0.0,1182.0
0.7224250585827661,0.0,0.456140193,0.723474868,0.0,1182.0
0.693840788597303,0.0,0.444628399,0.717165249,0.0,1182.0
0.6443978925892221,0.0,0.446257452,0.705059874,0.0,1182.0
0.6275206220838437,0.0,0.470231486,0.7181142,0.0,1182.0
0.6195488021751646,0.0,0.427616837,0.653223647,0.0,1182.0
0.6177435075290069,0.0,0.40453223,0.597213629,0.0,1182.0
0.6182821947884688,0.0,0.374386672,0.514555477,0.0,1182.0
0.6251257524053733,0.0,0.34453396,0.408327922,0.0,1182.0
0.6562744552459465,0.001166979,0.306046299,0.33821177,0.0,1182.0
0.7173680649755714,0.100983221,0.266400004,0.304884355,0.0,1182.0
0.7542666609820273,0.240092027,0.21223355,0.246355874,0.0,1182.0
0.7585081832281974,0.413841781,0.172185625,0.216853195,0.0,1182.0
0.7546062568939105,0.547274366,0.192106099,0.24008376,0.0,1182.0
0.7592334274341073,0.623308072,0.256390201,0.311391937,0.0,1182.0
0.7600485705417801,0.65842494,0.315059196,0.434508079,0.0,1182.0
0.7608855428099685,0.634264662,0.32046146,0.539291737,0.0,1182.0
0.7620903714152725,0.579552072,0.319955254,0.671561729,0.0,1182.0
0.7660439366911278,0.495473286,0.323732271,0.748659107,0.0,1182.0
0.766617503463981,0.440365132,0.346463613,0.798327051,0.0,1182.0
0.7663926399141007,0.30518257,0.363920027,0.796829938,0.0,1182.0
0.7645075396878138,0.23222198,0.313923846,0.783968226,0.0,1182.0
0.7653247948713388,0.135526719,0.280828255,0.789117255,0.0,1182.0
0.7675253146812169,0.052231646,0.290799922,0.809933462,0.0,1182.0
0.7616992772418287,0.008266925,0.332854434,0.853817455,0.0,1182.0
0.7358070355031079,0.0,0.377078843,0.904757888,0.0,1182.0
0.6773474063227412,0.0,0.444458428,0.9165243375,0.0,1182.0
0.6349633779333705,0.0,0.466656615,0.893805304,0.0,1182.0
0.6290501182638367,0.0,0.519438333,0.852256596,0.0,1182.0
0.6273403553469583,0.0,0.545322535,0.773162722,0.0,1182.0
0.6293741752872911,0.0,0.5359815139999999,0.676125474,0.0,1182.0
0.6619038889354422,0.0,0.513908196,0.636408808,0.0,1182.0
0.720999731884538,0.008811564,0.494178498,0.634845786,0.0,1182.0
0.7603770408533936,0.031063828,0.490332065,0.668084715,0.0,1182.0
0.7683789046971834,0.067566783,0.497225999,0.640847935,0.0,1182.0
0.7635161670468602,0.048573553,0.495822228,0.607007016,0.0,1182.0
0.763945520555254,0.074953053,0.501913017,0.624825713,0.0,1182.0
0.7648318314905704,0.145318894,0.496124502,0.611391176,0.0,1182.0
0.7666374081219886,0.272749767,0.476274871,0.579810619,0.0,1182.0
0.7701969218180117,0.357241741,0.452708577,0.540452141,0.0,1182.0
0.7750751042574693,0.444140059,0.419864566,0.541060374,0.0,1182.0
0.7732676969102151,0.448784804,0.373756379,0.554820466,0.0,1182.0
0.7730065454212289,0.411445689,0.335131515,0.576350751,0.0,1182.0
0.7682674117268293,0.348352647,0.291348842,0.592231272,0.0,1182.0
0.7704411266806234,0.267533002,0.253115809,0.597684195,0.0,1182.0
0.7728942540136743,0.157879306,0.212661594,0.610401792,0.0,1182.0
0.7665252105011059,0.038695148,0.205483976,0.622337363,0.0,1182.0
0.7397991889925095,0.0,0.194771595,0.605064053,0.0,1182.0
0.7063597862053282,0.0,0.18605385,0.584994323,0.0,1182.0
0.6500705619344808,0.0,0.168944911,0.552792314,0.0,1182.0
0.633292720307223,0.0,0.147797048,0.519337226,0.0,1182.0
0.6257178152854702,0.0,0.155840525,0.500083931,0.0,1182.0
0.6226437539708066,0.0,0.19352128149999998,0.5276113394999999,0.0,1182.0
0.640314713726341,0.0,0.27290061050000003,0.632395464,0.0,1182.0
0.7154340018540888,0.028085478,0.3233067,0.653226859,0.0,1182.0
0.7574138622079476,0.106209543,0.343947088,0.683886619,0.0,1182.0
0.7688690044582351,0.205023275,0.35987771,0.728693115,0.0,1182.0
0.7658672844925789,0.316801736,0.386236964,0.771959341,0.0,1182.0
0.7715917340846583,0.382279366,0.427548623,0.833255663,0.0,1182.0
0.7788054953940281,0.497989852,0.458922508,0.858764446,0.0,1182.0
0.7926950351537363,0.550191987,0.416629522,0.830704527,0.0,1182.0
0.8023976959085672,0.509445554,0.498728792,0.844250848,0.0,1182.0
0.8072019875806726,0.554504179,0.557263889,0.823558722,0.0,1182.0
0.8071246235802364,0.550167384,0.577549858,0.788885814,0.0,1182.0
0.8042957524509597,0.386796169,0.568873959,0.752042403,0.0,1182.0
0.7892244343489317,0.260406302,0.569308776,0.772652617,0.0,1182.0
0.7833988664681478,0.143898898,0.591091433,0.800517903,0.0,1182.0
0.7783152549529684,0.053530617,0.602960333,0.803234837,0.0,1182.0
0.7715999966904559,0.009202371,0.606755152,0.795201341,0.0,1182.0
0.7428884131735719,0.0,0.582976686,0.7749404,0.0,1182.0
0.7089308852920307,0.0,0.565883145,0.748518864,0.0,1182.0
0.6384411146534205,0.0,0.55543373,0.728343661,0.0,1182.0
0.6211947674587511,0.0,0.563819486,0.71900193,0.0,1182.0
0.610045467609739,0.0,0.543779662,0.726168577,0.0,1182.0
0.6038657040458514,0.0,0.532045435,0.785108015,0.0,1182.0
0.6022277663074004,0.0,0.5371650729999999,0.8178689450000001,0.0,1182.0
0.611922845378934,0.0069043165,0.5259882570000001,0.802297354,0.0,1182.0
0.642326892173289,0.080833511,0.515601416,0.792997105,0.0,1182.0
0.6715958936486076,0.168509428,0.524240916,0.795329776,0.0,1182.0
0.6942300520549105,0.234621971,0.515300964,0.790479828,0.0,1182.0
0.6997143808813188,0.364185137,0.505893881,0.77890668,0.0,1182.0
0.6998601903949347,0.43281487,0.489599534,0.752753466,0.0,1182.0
0.701646331301705,0.485789955,0.419002917,0.699839501,0.0,1182.0
0.7030594057091113,0.501536252,0.412409903,0.723847717,0.0,1182.0
0.7063695037550299,0.39228507,0.419717144,0.71596178,0.0,1182.0
0.7064095000191442,0.31035954,0.412264041,0.723454739,0.0,1182.0
0.7128276477321608,0.189893361,0.384640256,0.726936255,0.0,1182.0
0.7164743836583297,0.152182318,0.342386199,0.709902356,0.0,1182.0
0.7193317027861826,0.145279176,0.312944827,0.703424566,0.0,1182.0
0.7222974167979934,0.069881691,0.270136547,0.684083358,0.0,1182.0
0.7084438836173752,0.014010174,0.242484304,0.663072956,0.0,1182.0
0.7019491228225423,0.0,0.226557498,0.639876489,0.0,1182.0
0.6593455123234102,0.0,0.2150475705,0.599328734,0.0,1182.0
0.6131891476463237,0.0,0.239790212,0.571664417,0.0,1182.0
0.6010367393800008,0.0,0.185453738,0.513406425,0.0,1182.0
0.5941807884796445,0.0,0.151933707,0.420062033,0.0,1182.0
0.5930118723541362,0.0,0.13270783,0.31621268,0.0,1182.0
0.5978416317032195,0.0,0.1261696315,0.23742987399999999,0.0,1182.0
0.6096647483680427,0.038087994,0.117905125,0.250520784,0.0,1182.0
0.6376466271223752,0.128481361,0.105362157,0.273176678,0.0,1182.0
0.6622419361167495,0.236248782,0.104422342,0.291214012,0.0,1182.0
0.6892729087406156,0.252355595,0.107877806,0.325445956,0.0,1182.0
0.6960196668200094,0.280421772,0.134874853,0.367257448,0.0,1182.0
0.6974421767918569,0.304081801,0.155882232,0.368339133,0.0,1182.0
0.7005488646764785,0.320415861,0.098816694,0.211211175,0.0,1182.0
0.7017863666825519,0.327627257,0.115554201,0.167630378,0.0,1182.0
0.7046391321548602,0.280635626,0.141475985,0.153329719,0.0,1182.0
0.7058773850795536,0.241350668,0.157567283,0.150604146,0.0,1182.0
0.7112578257842129,0.172789368,0.177463926,0.183025172,0.0,1182.0
0.7121306164329029,0.148917216,0.177395034,0.214542252,0.0,1182.0
0.7095023862571234,0.10253029,0.187163369,0.245382739,0.0,1182.0
0.707938292173853,0.065138593,0.207693927,0.306158491,0.0,1182.0
0.7032727678867898,0.010920133,0.213784727,0.388005123,0.0,1182.0
0.6976026332826515,0.0,0.22140855,0.402115989,0.0,1182.0
0.665544804773373,0.0,0.216242713,0.3811306925,0.0,1182.0
0.6291574802439142,0.0,0.230949305,0.35082611,0.0,1182.0
0.6214632895797605,0.0,0.225039129,0.315395408,0.0,1182.0
0.6190678566185384,0.0,0.222482702,0.307659862,0.0,1182.0
0.6179333508229637,0.0,0.219696579,0.319640869,0.0,1182.0
0.6376527066245479,0.0,0.2234490865,0.3322912135,0.0,1182.0
0.7137665361010095,0.029395318,0.239455668,0.323248514,0.0,1182.0
0.7523263072758356,0.143764574,0.231447842,0.280068354,0.0,1182.0
0.7582669826653101,0.271378173,0.195446903,0.250485408,0.0,1182.0
0.7561822281213151,0.348532537,0.166891578,0.253197867,0.0,1182.0
0.75931013492784,0.486793302,0.172987658,0.277154552,0.0,1182.0
0.759833752794953,0.569805837,0.18812951,0.29561698,0.0,1182.0
0.7605680574186165,0.553519287,0.132215663,0.274832283,0.0,1182.0
0.761407611321261,0.535364031,0.119966502,0.212701574,0.0,1182.0
0.7637998054535545,0.463472357,0.108883779,0.167995105,0.0,1182.0
0.7628590863688697,0.41240026,0.106522308,0.17127883,0.0,1182.0
0.7635974750894737,0.388004977,0.117820631,0.193136511,0.0,1182.0
0.7610996559062669,0.304183925,0.105861842,0.209436376,0.0,1182.0
0.76318079653717,0.211522036,0.090285136,0.228606883,0.0,1182.0
0.7598988182364761,0.114719759,0.083933507,0.244765859,0.0,1182.0
0.7457736175799695,0.012162126,0.092298988,0.270010688,0.0,1182.0
0.7224250585827661,0.0,0.103280604,0.302582072,0.0,1182.0
0.6691193405932625,0.0,0.1056561895,0.3437327515,0.0,1182.0
0.6275206220838437,0.0,0.09844417,0.291201661,0.0,1182.0
0.6194470266919877,0.0,0.083950908,0.264269069,0.0,1182.0
0.6173834908197982,0.0,0.078282404,0.278355925,0.0,1182.0
0.6196333491092312,0.0,0.06681649649999999,0.33362006,0.0,1182.0
0.6530768361809263,0.0,0.063512322,0.395328425,0.0,1182.0
0.7139729974553669,0.037021277,0.05959157,0.418355254,0.0,1182.0
0.7524437150589666,0.148749789,0.052929327,0.419277632,0.0,1182.0
0.7581541754310599,0.275060761,0.043541684,0.398638556,0.0,1182.0
0.753509400507296,0.282694579,0.039269708,0.377629703,0.0,1182.0
0.759259904662084,0.360582332,0.0435075,0.369698264,0.0,1182.0
0.7600485705417801,0.450985547,0.051563979,0.364888521,0.0,1182.0
0.7618625498337592,0.478862243,0.032695513,0.251787839,0.0,1182.0
0.7621811619156632,0.48200984,0.034295339,0.227782661,0.0,1182.0
0.7650581037162634,0.417374825,0.035327273,0.2245975395,0.0,1182.0
0.7646292191412294,0.299256075,0.036212966,0.215754133,0.0,1182.0
0.7618181874874441,0.265537228,0.033801985,0.188604552,0.0,1182.0
0.7651222769339139,0.141413031,0.036342889,0.17486843,0.0,1182.0
0.7661889946608793,0.078468526,0.042459384,0.178806553,0.0,1182.0
0.7554459989951433,0.005897536,0.054456154,0.197180958,0.0,1182.0
0.7253519023957704,0.0,0.061233389,0.214322966,0.0,1182.0
0.6928100299308472,0.0,0.07008139,0.231896461,0.0,1182.0
0.6451856199769542,0.0,0.072731028,0.230040382,0.0,1182.0
0.6254174182321541,0.0,0.077497276,0.2184452965,0.0,1182.0
0.6178074693514988,0.0,0.074819405,0.2293153305,0.0,1182.0
0.6374748578956382,0.0,0.0818275835,0.262316373,0.0,1182.0
0.7141468798208713,0.037900439,0.092978746,0.297941947,0.0,1182.0
0.7522016228974513,0.191377751,0.093723196,0.321239497,0.0,1182.0
0.7584897810326745,0.363056792,0.061628979,0.325793899,0.0,1182.0
0.7606055189416105,0.51861157,0.056671881,0.32616002,0.0,1182.0
0.761615622031439,0.667740775,0.076952086,0.34350496,0.0,1182.0
0.7644816733236938,0.758267368,0.093582889,0.374813334,0.0,1182.0
0.7670659162998458,0.785355785,0.072174001,0.293045964,0.0,1182.0
0.7718614770580385,0.76783698,0.087731735,0.292788874,0.0,1182.0
0.7784880575212567,0.695990464,0.102680279,0.279712842,0.0,1182.0
0.7765543226531259,0.557214572,0.113520145,0.270611375,0.0,1182.0
0.7752191762166765,0.44620826,0.118270531,0.274731755,0.0,1182.0
0.7692240920525889,0.339069374,0.116699011,0.296850379,0.0,1182.0
0.7704411266806234,0.231043626,0.143133157,0.331158986,0.0,1182.0
0.7694167054922126,0.126518204,0.215259274,0.38352985,0.0,1182.0
0.7588242599437368,0.007379183,0.277484538,0.415612434,0.0,1182.0
0.7222174236445205,0.0,0.318034984,0.431465555,0.0,1182.0
0.6912989828397132,0.0,0.326710498,0.439032605,0.0,1182.0
0.6450691037924513,0.0,0.325814449,0.448130418,0.0,1182.0
0.6287669494157465,0.0,0.336244818,0.4403375,0.0,1182.0
0.6206448604997252,0.0,0.314518401,0.470859521,0.0,1182.0
0.6179372002656512,0.0,0.289281507,0.494332966,0.0,1182.0
0.620205883259564,0.0,0.271949967,0.4771186545,0.0,1182.0
0.6533117930524406,0.0,0.270579223,0.405862353,0.0,1182.0
0.7135860342721997,0.026972598,0.262764791,0.352559808,0.0,1182.0
0.7523423154102462,0.160205914,0.253716483,0.316348004,0.0,1182.0
0.7582937412533026,0.277193839,0.214168138,0.278676688,0.0,1182.0
0.7535322156783559,0.335824595,0.229014115,0.242364749,0.0,1182.0
0.7574685054492405,0.379796023,0.234010067,0.223562472,0.0,1182.0
0.7594443961759181,0.384119571,0.205315781,0.202614437,0.0,1182.0
0.759980876572465,0.341817112,0.132054062,0.134192233,0.0,1182.0
0.7615001625101063,0.27825042850000004,0.155841112,0.131901327,0.0,1182.0
0.7620314089851147,0.183339915,0.172787488,0.148624446,0.0,1182.0
0.7626922924000301,0.142590572,0.152085248,0.16167237,0.0,1182.0
0.7610996559062669,0.131004394,0.126523664,0.167101742,0.0,1182.0
0.7637754884452548,0.066894498,0.112628473,0.172313399,0.0,1182.0
0.7656030811852877,0.031707196,0.105226253,0.171280364,0.0,1182.0
0.7537961838937227,0.002191248,0.100237735,0.161249064,0.0,1182.0
0.7253496959080019,0.0,0.086296567,0.146510304,0.0,1182.0
0.6697673380320761,0.0,0.0716939145,0.136742321,0.0,1182.0
0.6295261812863218,0.0,0.056365499,0.124050715,0.0,1182.0
0.6210629944961286,0.0,0.040364993,0.1345738675,0.0,1182.0
0.6212717563124996,0.0,0.035938176,0.166476108,0.0,1182.0
0.6836827672899501,0.0040023495,0.039901293000000004,0.20455572900000002,0.0,1182.0
0.7524482687145112,0.052052481,0.035216662,0.230218047,0.0,1182.0
0.7584134962042098,0.098933698,0.029384648,0.242223425,0.0,1182.0
0.7572869244484589,0.129544345,0.027607954,0.249352712,0.0,1182.0
0.7597594399875771,0.20146869,0.030507895,0.2348082,0.0,1182.0
0.7609522507687392,0.263511807,0.034926416,0.205197653,0.0,1182.0
0.7612610508890252,0.357416719,0.0484035,0.20362901,0.0,1182.0
0.7652759257628148,0.41820842599999997,0.0529329305,0.24192335399999998,0.0,1182.0
0.7667273063985068,0.373572707,0.053015386,0.280901068,0.0,1182.0
0.767464287068543,0.314242081,0.050127786,0.283621551,0.0,1182.0
0.7649233260162452,0.217487448,0.052172032,0.287453276,0.0,1182.0
0.7653247948713388,0.154016353,0.063998498,0.292277728,0.0,1182.0
0.7675253146812169,0.069126097,0.083571203,0.295511477,0.0,1182.0
0.7604702723082327,0.003500169,0.10334554,0.30464404,0.0,1182.0
0.7308420522482836,0.0,0.110955655,0.30551474,0.0,1182.0
0.6981404754616749,0.0,0.106567863,0.289949864,0.0,1182.0
0.6283397079832048,0.0,0.095026553,0.264892781,0.0,1182.0
0.6069042286526515,0.0,0.087633794,0.313256893,0.0,1182.0
0.5937745783956624,0.0,0.073440128,0.271916876,0.0,1182.0
0.5870869701321969,0.0,0.066149936,0.234001657,0.0,1628.0
0.586910412157991,0.0,0.062050322500000005,0.2195935735,0.0,1628.0
0.6014327859899185,0.003970897,0.057990699,0.20495583150000002,0.0,1628.0
0.632198868220333,0.060313009,0.048510951,0.192909801,0.0,1628.0
0.657562187517776,0.130080011,0.04102588,0.179304443,0.0,1628.0
0.682082995506186,0.139062869,0.040429923,0.167352517,0.0,1628.0
0.686514970972303,0.202500904,0.037874355,0.152016915,0.0,1628.0
0.6875314115401763,0.237794347,0.03448814,0.144924716,0.0,1628.0
0.6871321491728513,0.256712413,0.026897022,0.105811533,0.0,1628.0
0.6889930730708461,0.2492472135,0.023912634000000002,0.08657954500000001,0.0,1628.0
0.6909260095017766,0.237285472,0.025056202,0.074837849,0.0,1628.0
0.6950746760650399,0.211576814,0.024735635,0.080327239,0.0,1628.0
0.6965931404314352,0.203464644,0.026714724,0.093304925,0.0,1628.0
0.7000210220324169,0.147847165,0.030628072,0.117483596,0.0,1628.0
0.7017475908956619,0.070927449,0.039114104,0.128374864,0.0,1628.0
0.6980169646671788,0.002128571,0.049063603,0.145349568,0.0,1628.0
0.6937406094258068,0.0,0.051469533,0.151252195,0.0,1628.0
0.654558096625053,0.0,0.0470097525,0.12170790100000001,0.0,1628.0
0.6063903749784783,0.0,0.047000333,0.097005679,0.0,1628.0
0.5901861233831684,0.0,0.036665902,0.1054095615,0.0,1628.0
0.586535514004924,0.0,0.029170381,0.117470358,0.0,1628.0
0.6115928339230443,0.020793140999999998,0.027284333000000004,0.150168093,0.0,1628.0
0.6577549885307434,0.119888349,0.019595561,0.093416001,0.0,1628.0
0.6821384834527707,0.193003502,0.014332549,0.066091077,0.0,1628.0
0.6860898891341937,0.259444035,0.01396843,0.05616674,0.0,1628.0
0.6872244421357264,0.336672976,0.016806445,0.050633704,0.0,1628.0
0.6878734959250883,0.37609984,0.023596292,0.041192066,0.0,1628.0
0.6905863198032214,0.408310245,0.026922576,0.052825978,0.0,1628.0
0.6953333865995779,0.433689353,0.026845483,0.067021544,0.0,1628.0
0.6976950194069541,0.424793221,0.026699669,0.082925689,0.0,1628.0
0.6995213454016714,0.417925563,0.028051728,0.107529165,0.0,1628.0
0.7009204768571831,0.297305129,0.028232712,0.123044563,0.0,1628.0
0.7024141546566742,0.200078815,0.035163843,0.144891745,0.0,1628.0
0.7038482128940597,0.088744959,0.048735949,0.179045818,0.0,1628.0
0.6966139835814065,0.001984299,0.05487013,0.20782333,0.0,1628.0
0.6905105514266972,0.0,0.060336225,0.246038427,0.0,1628.0
0.6629232403289902,0.0,0.0672808775,0.27767205500000003,0.0,1628.0
0.6283407877804209,0.0,0.07137924,0.306361482,0.0,1628.0
0.6160235578789695,0.0,0.0786987355,0.34044533,0.0,1628.0
0.617055161532077,0.0,0.10428385849999999,0.38402656599999996,0.0,1628.0
0.6538754071836679,0.0,0.120823585,0.418117041,0.0,1628.0
0.7206505597282056,0.010022121,0.123312937,0.439202831,0.0,1628.0
0.7645980482029443,0.116547813,0.122508347,0.442427451,0.0,1628.0
0.7666133724737045,0.25148968,0.107860006,0.437128004,0.0,1628.0
0.7611763633999996,0.360045249,0.089078357,0.408102598,0.0,1628.0
0.7620681195894887,0.512363136,0.10178564,0.394791851,0.0,1628.0
0.7643110303498378,0.631479939,0.115647215,0.396046174,0.0,1628.0
0.7671718702293554,0.652519799,0.104746493,0.382232265,0.0,1628.0
0.7683635074266293,0.600023547,0.120849219,0.390333113,0.0,1628.0
0.7720459685718725,0.569210564,0.133322077,0.38953924,0.0,1628.0
0.7705975453425687,0.507787338,0.138522069,0.385709176,0.0,1628.0
0.7695745322047259,0.426651872,0.137919148,0.378843044,0.0,1628.0
0.7657867748871658,0.315011438,0.120446596,0.366997804,0.0,1628.0
0.7662878126751433,0.200647839,0.141729818,0.372703737,0.0,1628.0
0.7653733826198468,0.083459592,0.176817901,0.379322124,0.0,1628.0
0.7586140427457905,0.001409433,0.203456183,0.386126502,0.0,1628.0
0.7304707689461754,0.0,0.209439559,0.392503674,0.0,1628.0
0.674449152126188,0.0,0.211785376,0.4211353385,0.0,1628.0
0.6281281765213624,0.0,0.218500675,0.479117184,0.0,1628.0
0.617749093963383,0.0,0.193646175,0.461846249,0.0,1628.0
0.6147633818820395,0.0,0.169872614,0.420168277,0.0,1628.0
0.6171979429866783,0.0,0.1538817695,0.3789304415,0.0,1628.0
0.6867478154553429,0.0043453425,0.136684631,0.36727250300000003,0.0,1628.0
0.7634813815702389,0.090454514,0.107171467,0.343447726,0.0,1628.0
0.7670943649236667,0.192671841,0.077639696,0.300614534,0.0,1628.0
0.7607036798239265,0.280219264,0.067900942,0.248971293,0.0,1628.0
0.7587891924818551,0.363934035,0.072480093,0.226688556,0.0,1628.0
0.7598214067174593,0.454105957,0.073311263,0.203547902,0.0,1628.0
0.7606426991045887,0.523673681,0.062633979,0.146222976,0.0,1628.0
0.7623134042493167,0.495509729,0.054199908,0.10444993,0.0,1628.0
0.7645839651962864,0.408316874,0.04619219,0.079769865,0.0,1628.0
0.7634665939130524,0.336351331,0.042137214,0.064829777,0.0,1628.0
0.7639263205477751,0.27116437,0.038979145,0.061241886,0.0,1628.0
0.7625595336144366,0.197375167,0.040897593,0.076927453,0.0,1628.0
0.7647488809307091,0.129084193,0.047755294,0.101183236,0.0,1628.0
0.7647830092753826,0.049594933,0.063734897,0.138253287,0.0,1628.0
0.7588647732850355,0.0,0.075142684,0.187521709,0.0,1628.0
0.7169346973976187,0.0,0.074256825,0.23477457699999998,0.0,1628.0
0.6477392553600977,0.0,0.068087577,0.235479029,0.0,1628.0
0.6280804341033907,0.0,0.072073922,0.211718563,0.0,1628.0
0.6162340096999066,0.0,0.06577937049999999,0.220713203,0.0,1628.0
0.6296230904500312,0.0,0.07423017166666666,0.25835662466666665,0.0,1628.0
0.7188355006390102,0.003779966,0.078572009,0.257016664,0.0,1628.0
0.763310175251107,0.054730661,0.075606325,0.288325093,0.0,1628.0
0.7669572869492083,0.120240534,0.072901696,0.308781339,0.0,1628.0
0.7606886108067242,0.117427374,0.072121652,0.313929597,0.0,1628.0
0.7589553762120824,0.183965072,0.06696915,0.298564229,0.0,1628.0
0.7595618508523849,0.193801947,0.057785827,0.270510222,0.0,1628.0
0.7594560382281278,0.212457151,0.053861913,0.276992899,0.0,1628.0
0.7613779894261743,0.2541273605,0.050917049,0.2713228015,0.0,1628.0
0.7617268336417772,0.2096089,0.051697775,0.276961625,0.0,1628.0
0.762597887361303,0.174107258,0.050570093,0.287362827,0.0,1628.0
0.760459334281307,0.131825929,0.052796728,0.298962925,0.0,1628.0
0.7637621557319721,0.106283301,0.05766831,0.305425639,0.0,1628.0
0.7632222483704327,0.048903254,0.068183352,0.297107735,0.0,1628.0
0.7558944587243441,0.0,0.072324105,0.271694155,0.0,1628.0
0.7158847152770161,0.0,0.071287572,0.216988122,0.0,1628.0
0.6475752787428831,0.0,0.065777611,0.17860386,0.0,1628.0
0.6228933807972341,0.0,0.051459233,0.1583035465,0.0,1628.0
0.6164374511755314,0.0,0.044672114000000006,0.10395810566666668,0.0,1628.0
0.6866167467055776,0.000827329,0.042335704,0.14062587999999998,0.0,1628.0
0.7634074908028866,0.029268361,0.039074935,0.147522483,0.0,1628.0
0.7671552049629966,0.058528406,0.034391946,0.134574855,0.0,1628.0
0.7607875695009962,0.108419512,0.031178115,0.124747799,0.0,1628.0
0.7589999261317415,0.194448825,0.028895184,0.118484221,0.0,1628.0
0.760145464053536,0.269763627,0.023592292,0.105028967,0.0,1628.0
0.7607817484748913,0.254567538,0.021577774,0.083511233,0.0,1628.0
0.7634565712440446,0.2910965485,0.0211389465,0.0770448955,0.0,1628.0
0.7634665939130524,0.247252669,0.023934699,0.076969557,0.0,1628.0
0.7641898198297822,0.24528809,0.02614956,0.092749044,0.0,1628.0
0.7623822718025199,0.184754277,0.027567974,0.111176258,0.0,1628.0
0.7650253365288221,0.123224904,0.032224689,0.130741423,0.0,1628.0
0.7647830092753826,0.051388072,0.042054233,0.153519593,0.0,1628.0
0.7586140427457905,0.0,0.053338013,0.16490291,0.0,1628.0
0.7315646210330654,0.0,0.058873911,0.165675919,0.0,1628.0
0.7030139635655799,0.0,0.05745607,0.153638804,0.0,1628.0
0.6473892847665648,0.0,0.055738479,0.148095172,0.0,1628.0
0.6228450984493921,0.0,0.0570933475,0.1451393645,0.0,1628.0
0.614678975784292,0.0,0.051825799,0.158892802,0.0,1628.0
0.637318955373011,0.0,0.063574996,0.2126198915,0.0,1628.0
0.7188922090628191,0.002779947,0.073337765,0.247695158,0.0,1628.0
0.7630073368369337,0.067208936,0.077414167,0.265184925,0.0,1628.0
0.7669878951674615,0.126775917,0.076105391,0.266480229,0.0,1628.0
0.760780762464347,0.153500636,0.078392286,0.266477116,0.0,1628.0
0.7609553488551355,0.207266139,0.077313078,0.279099189,0.0,1628.0
0.7621590038765516,0.254131783,0.070891996,0.280157704,0.0,1628.0
0.7635126931885318,0.292238159,0.039156477,0.170757169,0.0,1628.0
0.7674607187982979,0.29601843,0.046294662,0.177412497,0.0,1628.0
0.7703620720191143,0.283219856,0.046192526,0.175020106,0.0,1628.0
0.769953374087348,0.274383048,0.046512652,0.184344766,0.0,1628.0
0.7695693214172332,0.268218212,0.049447657,0.221527533,0.0,1628.0
0.7665215959627694,0.226394875,0.058810726,0.27800672,0.0,1628.0
0.7664609903901194,0.144833916,0.081141073,0.346498992,0.0,1628.0
0.7665266660702544,0.05766315,0.121342366,0.405094952,0.0,1628.0
0.7609846421842483,0.0,0.152131044,0.440040635,0.0,1628.0
0.720592395422626,0.0,0.178774912,0.448378783,0.0,1628.0
0.628798871897896,0.0,0.180841605,0.410882304,0.0,1628.0
0.606863058366978,0.0,0.209373614,0.432156655,0.0,1628.0
0.5939553613343901,0.0,0.194145099,0.380294638,0.0,1628.0
0.5871272953999563,0.0,0.180655277,0.324210554,0.0,1628.0
0.5866083248187488,0.0,0.187078844,0.3281479115,0.0,1628.0
0.6011233518404678,0.0016038665,0.212816618,0.3902608385,0.0,1628.0
0.6321351176679505,0.092516186,0.210407355,0.4221057,0.0,1628.0
0.6579775049128476,0.177867532,0.177829978,0.415342257,0.0,1628.0
0.6826582992082035,0.352528414,0.174694114,0.39497564,0.0,1628.0
0.6884344815285234,0.442183093,0.177639493,0.379059113,0.0,1628.0
0.6987710795369332,0.527021671,0.177296982,0.401080071,0.0,1628.0
0.7045914835235604,0.568898372,0.155562044,0.395010595,0.0,1628.0
0.7110747429461914,0.596162722,0.164505374,0.409863707,0.0,1628.0
0.7172497180752322,0.56715379,0.153500803,0.426316781,0.0,1628.0
0.7188369086895783,0.505681744,0.139702922,0.432729324,0.0,1628.0
0.7148541444965265,0.435560285,0.128808064,0.41867436,0.0,1628.0
0.7117817256365861,0.298986884,0.130347344,0.40636662,0.0,1628.0
0.712541849731034,0.187181725,0.165720126,0.428615321,0.0,1628.0
0.706064646426432,0.058775663,0.221747243,0.466935864,0.0,1628.0
0.7030357927260954,0.0,0.254687486,0.501168334,0.0,1628.0
0.6926423446760022,0.0,0.2584180265,0.466741176,0.0,1628.0
0.6295078735027153,0.0,0.24387891,0.411771526,0.0,1628.0
0.6007238078942914,0.0,0.22161667200000001,0.37798783999999996,0.0,1628.0
0.5869272651852668,0.0,0.20046468950000002,0.36470322850000003,0.0,1628.0
0.596519559493564,0.000901117,0.210283769,0.31557038033333334,0.0,1628.0
0.6321083597052025,0.090267743,0.243975736,0.305823358,0.0,1628.0
0.6581422799672625,0.180539879,0.233851991,0.296448232,0.0,1628.0
0.6821172176375313,0.163508603,0.220952634,0.276493327,0.0,1628.0
0.6874896783468978,0.222504633,0.220260816,0.273711462,0.0,1628.0
0.6873303485466555,0.285578148,0.218061104,0.27176545,0.0,1628.0
0.6892959114850193,0.306666929,0.141315803,0.197408258,0.0,1628.0
0.6915301375995472,0.362249486,0.157854108,0.192175504,0.0,1628.0
0.6938044537648611,0.364940474,0.151073141,0.1857640665,0.0,1628.0
0.6969288867130575,0.299223933,0.138276608,0.155062554,0.0,1628.0
0.6986537186471383,0.2313839,0.133754193,0.155962091,0.0,1628.0
0.7013370616228148,0.143406689,0.164961245,0.194996564,0.0,1628.0
0.7025260696670521,0.032540723,0.214925152,0.26926297,0.0,1628.0
0.6990275842089472,0.0,0.242156998,0.323770074,0.0,1628.0
0.687424002979385,0.0,0.24231687,0.361215159,0.0,1628.0
0.6471315596173266,0.0,0.238001595,0.371820281,0.0,1628.0
0.6227962293408682,0.0,0.232346207,0.3880701245,0.0,1628.0
0.6163785828863507,0.0,0.19585719999999998,0.34505751133333334,0.0,1628.0
0.6545429100618886,0.0,0.175202857,0.322665083,0.0,1628.0
0.7189882578692831,0.002090315,0.180452461,0.331506612,0.0,1628.0
0.763464246745276,0.078339459,0.173858526,0.358344588,0.0,1628.0
0.7669406216828495,0.156782968,0.167993188,0.396303606,0.0,1628.0
0.7607714206865777,0.191796691,0.188259442,0.44354169,0.0,1628.0
0.7587403233733311,0.25920671,0.200044516,0.471350773,0.0,1628.0
0.7599127605631262,0.315893785,0.217825134,0.491891581,0.0,1628.0
0.760599886114094,0.321959336,0.165286775,0.444111827,0.0,1628.0
0.7608107604439883,0.337115556,0.214848885,0.475206248,0.0,1628.0
0.7637916372596734,0.348905293,0.248719903,0.519973787,0.0,1628.0
0.7618326931593703,0.343627636,0.258061989,0.56406478,0.0,1628.0
0.762635301990961,0.307298431,0.26482798,0.591945073,0.0,1628.0
0.7605178271528606,0.227399412,0.269421205,0.621921519,0.0,1628.0
0.7630732932518401,0.146770748,0.307205979,0.685212873,0.0,1628.0
0.7624339107440884,0.031315934,0.368194698,0.749690799,0.0,1628.0
0.7569083645510973,0.0,0.41904306,0.804571533,0.0,1628.0
0.7177764343413637,0.0,0.45994050249999996,0.848872488,0.0,1628.0
0.6469642967151275,0.0,0.478298495,0.860148766,0.0,1628.0
0.6273331731636214,0.0,0.484167197,0.826295038,0.0,1628.0
0.616394066722003,0.0,0.4676635155,0.7787814639999999,0.0,1628.0
0.6145701586414749,0.0,0.450278642,0.710632936,0.0,1628.0
0.6373179225941795,0.0,0.44196617299999996,0.639013504,0.0,1628.0
0.7185286250212323,0.001009025,0.439771271,0.585822871,0.0,1628.0
0.7629413797967829,0.029509389,0.449677884,0.582502687,0.0,1628.0
0.7669814163841641,0.066044398,0.462206123,0.593438893,0.0,1628.0
0.760594158874661,0.086853969,0.527754984,0.631711313,0.0,1628.0
0.7591374730395597,0.107764398,0.524257925,0.683329194,0.0,1628.0
0.7594153842068211,0.122470301,0.487085178,0.697638254,0.0,1628.0
0.7590704368274371,0.13212592,0.422871807,0.485357337,0.0,1628.0
0.7586306142254773,0.153187752,0.450586588,0.586459912,0.0,1628.0
0.759894921400257,0.192963975,0.504245578,0.7087959079999999,0.0,1628.0
0.7610370795630172,0.128851203,0.501312123,0.752396945,0.0,1628.0
0.7590667747705202,0.087738245,0.470228165,0.762393676,0.0,1628.0
0.7600442519781597,0.028778002,0.461177779,0.785139195,0.0,1628.0
0.7586367641301784,0.005569888,0.44365702,0.806110848,0.0,1628.0
0.7538375888336494,0.0,0.445756497,0.792645123,0.0,1628.0
0.7293583270904184,0.0,0.439438502,0.785273901,0.0,1628.0
0.6743247022144835,0.0,0.44185681050000003,0.7386654340000001,0.0,1628.0
0.6280804341033907,0.0,0.401476766,0.676637326,0.0,1628.0
0.6177268892185085,0.0,0.399359104,0.603439805,0.0,1628.0
0.6148091996099297,0.0,0.3849637135,0.562916872,0.0,1628.0
0.637318955373011,0.0,0.3404721385,0.550948516,0.0,1628.0
0.7188922090628191,0.0,0.333055494,0.527977699,0.0,1628.0
0.763464246745276,0.021142997,0.326129365,0.521875301,0.0,1628.0
0.7665943131462334,0.071879572,0.330488356,0.533719899,0.0,1628.0
0.760631714184327,0.148296304,0.344899015,0.541721864,0.0,1628.0
0.7599499876194402,0.208113642,0.370126564,0.547013674,0.0,1628.0
0.7596570543283125,0.292760847,0.397770452,0.565112536,0.0,1628.0
0.7592199546660614,0.315234804,0.420197109,0.611720236,0.0,1628.0
0.7590971947901851,0.313899593,0.396914466,0.63225373,0.0,1628.0
0.7601472009827003,0.366101903,0.453149369,0.667299483,0.0,1628.0
0.7595832573476323,0.324338385,0.505741622,0.70909798,0.0,1628.0
0.7610370795630172,0.267777854,0.568413626,0.739769495,0.0,1628.0
0.7588064210934898,0.172202593,0.60559051,0.767502485,0.0,1628.0
0.7598369452932657,0.106576423,0.599974042,0.788315056,0.0,1628.0
0.7582003684932112,0.017810842,0.591539149,0.789210143,0.0,1628.0
0.7564139924945165,0.0,0.597251409,0.797902326,0.0,1628.0
0.7170114749187332,0.0,0.614923211,0.7977818725,0.0,1628.0
0.6489674624817376,0.0,0.622804577,0.823348326,0.0,1628.0
0.6281368142738478,0.0,0.581858618,0.862010081,0.0,1628.0
0.6159216884840715,0.0,0.603678136,0.8396370559999999,0.0,1628.0
0.6170104704322146,0.0,0.6374774575,0.8764226675,0.0,1628.0
0.6539863843273263,0.0,0.655151416,0.896660238,0.0,1628.0
0.7198584193649366,0.0,0.66246507,0.90159357,0.0,1628.0
0.7643079316381971,0.057245976,0.672955868,0.900693729,0.0,1628.0
0.7692262516470214,0.165542554,0.669782858,0.895102938,0.0,1628.0
0.7620597631970192,0.257578429,0.704230823,0.875324878,0.0,1628.0
0.7599033712667763,0.335601727,0.686141535,0.846276022,0.0,1628.0
0.7602278981614572,0.378665757,0.654518509,0.795708671,0.0,1628.0
0.7593989065138063,0.446561432,0.537889194,0.68709609,0.0,1628.0
0.7595628134162613,0.424737088,0.5659457754999999,0.67838753,0.0,1628.0
0.7600382427534664,0.381839555,0.580527102,0.722442304,0.0,1628.0
0.7607521737857628,0.322150141,0.554303137,0.726234279,0.0,1628.0
0.7590674325277127,0.279531437,0.49097812,0.717660561,0.0,1628.0
0.7597167676770903,0.171300637,0.439208419,0.732568255,0.0,1628.0
0.7591608046625596,0.017951052,0.402909807,0.739460588,0.0,1628.0
0.7603462919551325,0.0,0.368505263,0.724306677,0.0,1628.0
0.724740334201315,0.0,0.3381895035,0.6926277329999999,0.0,1628.0
0.651417913768416,0.0,0.327438305,0.663406711,0.0,1628.0
0.6294775472697223,0.0,0.324560542,0.689528661,0.0,1628.0
0.6180776579366195,0.0,0.308483304,0.635099045,0.0,1628.0
0.6172184811528131,0.0,0.269639729,0.6192401723333334,0.0,1628.0
0.6882148284535134,0.0,0.2873188325,0.7056458210000001,0.0,1628.0
0.7679259382057738,0.075663693,0.303375267,0.783084059,0.0,1628.0
0.7727253010756467,0.190167466,0.308524675,0.814502557,0.0,1628.0
0.7645273499339048,0.297261917,0.319659057,0.846981125,0.0,1628.0
0.7599381573686422,0.398094138,0.308947121,0.86755487,0.0,1628.0
0.7599471708930599,0.418106443,0.306747098,0.866240283,0.0,1628.0
0.7600183856140394,0.353844059,0.244270934,0.794388843,0.0,1628.0
0.7594666473764573,0.342699641,0.278227481,0.773109629,0.0,1628.0
0.7601654149796349,0.283122776,0.302656521,0.827528391,0.0,1628.0
0.7600414352517791,0.24908233,0.320860747,0.84977311,0.0,1628.0
0.760384411235319,0.222331423,0.342118591,0.857106169,0.0,1628.0
0.7589383351737915,0.153721327,0.365350032,0.848420084,0.0,1628.0
0.7589492263073814,0.086922837,0.363297376,0.817000996,0.0,1628.0
0.7582003684932112,0.009035972,0.358279841,0.793214874,0.0,1628.0
0.7559250663173529,0.0,0.347187903,0.764842485,0.0,1628.0
0.7176295687898219,0.0,0.336675063,0.7080858990000001,0.0,1628.0
0.6308007227753656,0.0,0.314381251,0.689260084,0.0,1628.0
0.6084010984502599,0.0,0.296649304,0.686659093,0.0,1628.0
0.5936296609808699,0.0,0.270048517,0.683667728,0.0,1628.0
0.5870789895741839,0.0,0.255404271,0.696531687,0.0,1628.0
0.5869119848041682,0.0,0.26581673,0.7244858135000001,0.0,1628.0
0.5963964712184457,0.0,0.290308344,0.799464276,0.0,1628.0
0.6204197151208957,0.0107951285,0.3562461255,0.864686846,0.0,1628.0
0.6561774679475186,0.05227587,0.459036918,0.901798791,0.0,1628.0
0.6817486572751316,0.062939086,0.490467855,0.912382023,0.0,1628.0
0.685808786093864,0.089203438,0.522911679,0.921011459,0.0,1628.0
0.685213061281899,0.099958556,0.548824274,0.918272406,0.0,1628.0
0.685148794902821,0.116861401,0.486190751,0.867895398,0.0,1628.0
0.6853377456602833,0.122846133,0.521142237,0.826374544,0.0,1628.0
0.6869853542739356,0.111479018,0.557653106,0.815477367,0.0,1628.0
0.688117043655752,0.101552723,0.596138612,0.817002543,0.0,1628.0
0.6914360139208358,0.116572989,0.584575603,0.791783001,0.0,1628.0
0.6939833118259341,0.102250466,0.553979871,0.76286978,0.0,1628.0
0.694909947903961,0.056338787,0.489435953,0.731958694,0.0,1628.0
0.7040603545945141,0.006900192,0.436056838,0.70016186,0.0,1628.0
0.7050222457077665,0.0,0.387650589,0.657763026,0.0,1628.0
0.6942690391744346,0.0,0.334689827,0.632546682,0.0,1628.0
0.632919558770698,0.0,0.29827598,0.634372776,0.0,1628.0
0.6116583839707219,0.0,0.28840754,0.631272979,0.0,1628.0
0.5967596332200088,0.0,0.266743267,0.596454203,0.0,1628.0
0.5940209896209936,0.0,0.261070913,0.610272611,0.0,1628.0
0.5987282709856743,0.0,0.28209490449999997,0.6479663419999999,0.0,1628.0
0.6163783872786153,0.0,0.305432744,0.693945218,0.0,1628.0
0.6495810255187051,0.082011342,0.309648596,0.687502152,0.0,1628.0
0.669933122231081,0.250058011,0.309580662,0.679099487,0.0,1628.0
0.6970282211792619,0.345613039,0.34812452,0.672153572,0.0,1628.0
0.6881826249239705,0.454528898,0.375599528,0.674202198,0.0,1628.0
0.6865096663981383,0.509620621,0.403344749,0.697033648,0.0,1628.0
0.6863104341204537,0.558656934,0.303111478,0.740982274,0.0,1628.0
0.6873235890285868,0.541645461,0.35502368,0.748135576,0.0,1628.0
0.6883222845328852,0.491824369,0.39347643,0.709645085,0.0,1628.0
0.6886315542117755,0.406765423,0.41393133,0.70106336,0.0,1628.0
0.6930328282982114,0.316911114,0.417804445,0.705401576,0.0,1628.0
0.6929473423719855,0.23886313,0.36793382,0.702391903,0.0,1628.0
0.6947604300653367,0.133634051,0.341653842,0.712437476,0.0,1628.0
0.7090365566110354,0.006846791,0.346269981,0.744226534,0.0,1628.0
0.7122847823389883,0.0,0.351359423,0.744253099,0.0,1628.0
0.6976298139106678,0.0,0.36312492350000003,0.7258744180000001,0.0,1628.0
0.6456215222960271,0.0,0.35571962999999995,0.6765457850000001,0.0,1628.0
0.6258111880455617,0.0,0.320846174,0.573296344,0.0,1628.0
0.6219341420961129,0.0,0.294629873,0.4987971015,0.0,1628.0
0.6240413832139315,0.0,0.288478203,0.481914864,0.0,1628.0
0.6551564268307645,0.0,0.285347037,0.498409925,0.0,1628.0
0.7213398917669419,0.0,0.291137015,0.543810886,0.0,1628.0
0.7672290951051044,0.038059002,0.289926447,0.579261307,0.0,1628.0
0.7726803753840555,0.078647941,0.28217558,0.583202184,0.0,1628.0
0.7702936271311792,0.067243991,0.261746034,0.568256781,0.0,1628.0
0.769186489849587,0.081106777,0.254290294,0.54870778,0.0,1628.0
0.7685944739878748,0.1113395,0.246813064,0.523061958,0.0,1628.0
0.7637001896273345,0.12180559,0.199889339,0.497921841,0.0,1628.0
0.7613838576582374,0.12606906,0.205992765,0.488621203,0.0,1628.0
0.7603662903998119,0.14932313800000002,0.211073575,0.505137395,0.0,1628.0
0.759795070794735,0.194667522,0.208744672,0.537783686,0.0,1628.0
0.7591061145279309,0.128915617,0.202150231,0.545179961,0.0,1628.0
0.7595875765364972,0.067757007,0.202260602,0.590178836,0.0,1628.0
0.7609051185893796,0.004291481,0.226383536,0.616436195,0.0,1628.0
0.7575110370797193,0.0,0.266834223,0.621933182,0.0,1628.0
0.732975066287435,0.0,0.302084116,0.649846109,0.0,1628.0
0.704866061512501,0.0,0.335669857,0.704196055,0.0,1628.0
0.6491460385575504,0.0,0.362629419,0.721174563,0.0,1628.0
0.6277765158920012,0.0,0.369742754,0.7300906,0.0,1628.0
0.6169425887957689,0.0,0.371870507,0.699231468,0.0,1628.0
0.6145298802983137,0.0,0.365742901,0.6633938534999999,0.0,1628.0
0.6380454202749805,0.0,0.3761547965,0.5848871824999999,0.0,1628.0
0.7212978290698226,0.0,0.371571492,0.572100854,0.0,1628.0
0.7678824674580866,0.047545092,0.34273019,0.581704518,0.0,1628.0
0.7720754494743292,0.20041223,0.339609123,0.588776519,0.0,1628.0
0.768793001615031,0.309136328,0.358979641,0.609686257,0.0,1628.0
0.760974502594523,0.325185109,0.367492111,0.627288624,0.0,1628.0
0.7596433933616782,0.415782664,0.37526096,0.662545566,0.0,1628.0
0.7594956593455543,0.457213372,0.302936461,0.61022435,0.0,1628.0
0.7595479554190708,0.41945068,0.344777945,0.670599736,0.0,1628.0
0.7609901818503374,0.330681079,0.328108565,0.716122354,0.0,1628.0
0.7598407005116101,0.211372898,0.313723718,0.7251313,0.0,1628.0
0.7600251920254442,0.144222086,0.275402978,0.704945874,0.0,1628.0
0.7580302419712955,0.08414846,0.261882477,0.682197331,0.0,1628.0
0.7590551327183104,0.043961864,0.270871778,0.657923759,0.0,1628.0
0.7575742711801616,0.001377831,0.278283183,0.634421237,0.0,1628.0
0.7525340835193336,0.0,0.268219469,0.619161862,0.0,1628.0
0.7163728433296015,0.0,0.244270653,0.5716905944999999,0.0,1628.0
0.6473892847665648,0.0,0.203857691,0.521036212,0.0,1628.0
0.6279633076802755,0.0,0.174985745,0.505514143,0.0,1628.0
0.6162340096999066,0.0,0.179972133,0.5308508895,0.0,1628.0
0.6172633600344343,0.0,0.19491852799999998,0.5931658565,0.0,1628.0
0.654487938567244,0.0,0.227795954,0.670830604,0.0,1628.0
0.719051209984465,0.0,0.254244932,0.71373101,0.0,1628.0
0.763464246745276,0.024799704,0.277600894,0.7490895,0.0,1628.0
0.7668821763298763,0.146917782,0.30419647,0.760129114,0.0,1628.0
0.760618945441565,0.170208445,0.325454713,0.776609601,0.0,1628.0
0.7604470350971492,0.211994031,0.357940249,0.791608945,0.0,1628.0
0.7623689397144819,0.231038648,0.383471532,0.795641246,0.0,1628.0
0.7622437857774934,0.201809683,0.351645314,0.750314852,0.0,1628.0
0.7627182056574863,0.180647389,0.361729628,0.728791417,0.0,1628.0
0.7645997382387726,0.172575664,0.3515392,0.688222887,0.0,1628.0
0.7629899200267106,0.158174651,0.354008793,0.67636779,0.0,1628.0
0.7639995066645988,0.144678032,0.354872281,0.663226421,0.0,1628.0
0.7609443639348737,0.115089318,0.377175829,0.660535583,0.0,1628.0
0.7635976626628176,0.061763482,0.378433924,0.634408754,0.0,1628.0
0.7623584706209158,0.002266143,0.376547378,0.608625991,0.0,1628.0
0.7569083645510973,0.0,0.371798841,0.593738759,0.0,1628.0
0.7173520568411608,0.0,0.3610073455,0.5741729085,0.0,1628.0
0.6469642967151275,0.0,0.355015583,0.583247843,0.0,1628.0
0.6277687234700522,0.0,0.369653398,0.620366408,0.0,1628.0
0.6163642100476141,0.0,0.3627575715,0.6978260275,0.0,1628.0
0.6143563737360037,0.0,0.38267934,0.776754805,0.0,1628.0
0.6200382447417438,0.0,0.404148019,0.836761134,0.0,1628.0
0.6543117090339631,0.0,0.440738893,0.873895028,0.0,1628.0
0.718594769634727,0.0,0.471410083,0.919775908,0.0,1628.0
0.7629413797967829,0.021754558,0.524941193,0.932534197,0.0,1628.0
0.7669878951674615,0.089539674,0.604103818,0.932627589,0.0,1628.0
0.7609824832150603,0.113103868,0.670691187,0.927718247,0.0,1628.0
0.7604470350971492,0.21788646,0.740235285,0.933429705,0.0,1628.0
0.7608555454555717,0.305319869,0.779557721,0.934129373,0.0,1628.0
0.7619080388706265,0.336383849,0.700335375,0.93429013,0.0,1628.0
0.7627442602201948,0.42341232,0.769517455,0.933010224,0.0,1628.0
0.7639694624168661,0.416281277,0.812227447,0.919503224,0.0,1628.0
0.763091038315415,0.407982265,0.854805602,0.927573395,0.0,1628.0
0.7618993073314693,0.3762043,0.86353853,0.932196768,0.0,1628.0
0.7593424325566772,0.224859109,0.859041309,0.931727848,0.0,1628.0
0.7620917794658405,0.103211116,0.851742228,0.929885908,0.0,1628.0
0.7598200449349827,0.002051161,0.83238021,0.930124227,0.0,1628.0
0.7558139022255952,0.0,0.811682962,0.932689757,0.0,1628.0
0.7305550812885131,0.0,0.788012754,0.934369741,0.0,1628.0
0.7031377088267559,0.0,0.764861251,0.934501918,0.0,1628.0
0.6475263621157789,0.0,0.754808232,0.934470456,0.0,1628.0
0.6279058008192663,0.0,0.73125034,0.925576722,0.0,1628.0
0.6179872899139236,0.0,0.701661949,0.924912005,0.0,1628.0
0.6147411301813046,0.0,0.688454907,0.915138165,0.0,1628.0
0.6172078717127027,0.0,0.6515376205000001,0.8708320575,0.0,1628.0
0.6538636713447862,0.0,0.606817989,0.836233725,0.0,1628.0
0.7200144159868581,0.0,0.592157722,0.846834308,0.0,1628.0
0.7644477325523642,0.045112387,0.589444216,0.847238018,0.0,1628.0
0.771158953611272,0.222160905,0.571573555,0.861147565,0.0,1628.0
0.7679863086864996,0.180723705,0.644115384,0.897820145,0.0,1628.0
0.7618122726746672,0.233912353,0.690931946,0.912336798,0.0,1628.0
0.7601673401073875,0.203249772,0.697181294,0.918788424,0.0,1628.0
0.7593989065138063,0.224574555,0.652444901,0.91789715,0.0,1628.0
0.7595945711464903,0.236303811,0.662549828,0.916711853,0.0,1628.0
0.7625827245574287,0.209138471,0.607336305,0.905417254,0.0,1628.0
0.7632689578845242,0.210897435,0.576932233,0.894493565,0.0,1628.0
0.7638983883758944,0.141149834,0.565985568,0.89507839,0.0,1628.0
0.7625397702616816,0.077821056,0.587357959,0.915584931,0.0,1628.0
0.7653204287891378,0.032817503,0.633821359,0.922381423,0.0,1628.0
0.7666788130619152,0.001300367,0.689099222,0.925500223,0.0,1628.0
0.7639196072977978,0.0,0.717189874,0.93242214,0.0,1628.0
0.7259217373969472,0.0,0.752719471,0.9362134615,0.0,1628.0
0.6360801858713284,0.0,0.768241179,0.936355398,0.0,1628.0
0.6170764273160543,0.0,0.733854767,0.937151177,0.0,1628.0
0.5978820274047695,0.0,0.7420800465,0.9341062499999999,0.0,1628.0
0.5884539916572642,0.0,0.7610249915,0.935887362,0.0,1628.0
0.6011827834853453,0.0,0.804066422,0.9370959139999999,0.0,1628.0
0.6336945643090042,0.01195533,0.836364634,0.936546379,0.0,1628.0
0.6568435152565909,0.049381823,0.832632015,0.934443008,0.0,1628.0
0.6829336281157642,0.052959028,0.813897316,0.931595983,0.0,1628.0
0.6884850875662115,0.119022994,0.80424365,0.930631727,0.0,1628.0
0.6876900366898901,0.200575823,0.801721294,0.935062153,0.0,1628.0
0.686108620208313,0.270762717,0.766188698,0.936396555,0.0,1628.0
0.6872083402146438,0.321116086,0.803238028,0.93728121,0.0,1628.0
0.6888859930760288,0.3235499175,0.829256215,0.936681804,0.0,1628.0
0.6943443148583092,0.297501723,0.842318455,0.935583129,0.0,1628.0
0.70136926546498,0.21733539,0.845197276,0.934023131,0.0,1628.0
0.7028301760770299,0.120511915,0.832922511,0.934854121,0.0,1628.0
0.7074375832644717,0.001152979,0.815741907,0.936654728,0.0,1628.0
0.7051909166605338,0.0,0.797729756,0.936968494,0.0,1628.0
0.6932840277708163,0.0,0.763604665,0.9368752920000001,0.0,1628.0
0.619946750059758,0.0,0.7059966664999999,0.9355048555000001,0.0,1628.0
0.5914996517729008,0.0,0.653856657,0.931031242,0.0,1628.0
0.5933740642263647,0.0,0.6253310873333333,0.905334683,0.0,1628.0
0.6296220421442953,0.009770107,0.5801848585,0.8732460989999999,0.0,1628.0
0.6708953891162658,0.187862359,0.554116051,0.831056751,0.0,1628.0
0.7020665781242537,0.213221588,0.543617488,0.793031791,0.0,1628.0
0.7035562180948959,0.359967984,0.476310298,0.796783238,0.0,1628.0
0.7017762733609181,0.464773565,0.448284829,0.810179731,0.0,1628.0
0.6954636575373873,0.560222236,0.351046606,0.781642508,0.0,1628.0
0.6913809011209389,0.523334964,0.428092714,0.756546978,0.0,1628.0
0.6904221080940826,0.497035537,0.472337359,0.737081374,0.0,1628.0
0.6902684123718458,0.460322026,0.507869794,0.745341113,0.0,1628.0
0.6979595046995054,0.385098065,0.48824826,0.759595411,0.0,1628.0
0.7069226025245996,0.234050226,0.477827065,0.762089868,0.0,1628.0
0.7096575844418446,0.117839251,0.454726131,0.760907496,0.0,1628.0
0.7165144743343603,0.0,0.430971777,0.745778792,0.0,1628.0
0.7193962986691015,0.0,0.405865369,0.728782362,0.0,1628.0
0.7042585536556962,0.0,0.38214213799999996,0.6981072415,0.0,1628.0
0.6604549498794429,0.0,0.380896071,0.683838658,0.0,1628.0
0.6476799177832522,0.0,0.422776165,0.724742547,0.0,1628.0
0.6367590728884112,0.0,0.36748642649999996,0.7237559474999999,0.0,1628.0
0.6447940562449064,0.0,0.3332741555,0.7257312775,0.0,1628.0
0.7168080181767225,0.0,0.31803415150000003,0.7301985825,0.0,1628.0
0.7780005862879972,0.021725006,0.322736003,0.761272171,0.0,1628.0
0.7809280403396134,0.22844367,0.30691685,0.766063383,0.0,1628.0
0.7795365137327068,0.345463075,0.268339625,0.780455469,0.0,1628.0
0.7762645818603108,0.474130647,0.278726117,0.796344446,0.0,1628.0
0.7756723309066743,0.553327189,0.279923558,0.808933598,0.0,1628.0
0.7727051619509596,0.614801535,0.259651327,0.816185665,0.0,1628.0
0.7729815237624006,0.616979052,0.287134657,0.82425047,0.0,1628.0
0.7722875442814475,0.575731352,0.308165657,0.83807411,0.0,1628.0
0.7728800765950998,0.502172023,0.324417377,0.857176608,0.0,1628.0
0.7765013694476612,0.397311457,0.330444837,0.866807002,0.0,1628.0
0.7775340057232891,0.243786361,0.332679935,0.873263408,0.0,1628.0
0.7790118160683777,0.107770592,0.353069973,0.887113701,0.0,1628.0
0.7766149282257759,0.0,0.363505736,0.901196859,0.0,1628.0
0.7738964233763013,0.0,0.372986931,0.906892716,0.0,1628.0
0.7443446760307828,0.0,0.383460071,0.9089261424999999,0.0,1628.0
0.665890831637351,0.0,0.389730797,0.907169021,0.0,1628.0
0.6519910585012455,0.0,0.437075814,0.922194145,0.0,1628.0
0.6417755303328834,0.0,0.415501341,0.90844046,0.0,1628.0
0.6399333368837633,0.0,0.417440529,0.893561161,0.0,1628.0
0.6456575754558309,0.0,0.431129865,0.884886834,0.0,1628.0
0.7170062644438626,0.0,0.44639463999999995,0.889658506,0.0,1628.0
0.7776935230968752,0.018353989,0.407369755,0.850319075,0.0,1628.0
0.7824245348654851,0.270016754,0.357698199,0.842125994,0.0,1628.0
0.7814748022563826,0.439559343,0.324609516,0.810476432,0.0,1628.0
0.7791618034656059,0.573461984,0.353659039,0.755704848,0.0,1628.0
0.7780774813550737,0.635678694,0.376066508,0.760632866,0.0,1628.0
0.7753348945892236,0.631515251,0.345672551,0.773311109,0.0,1628.0
0.773783005903439,0.574178254,0.430364694,0.845190654,0.0,1628.0
0.77075199260867,0.532723675,0.515995926,0.900505935,0.0,1628.0
0.769455763264363,0.432695796,0.541321747,0.920087903,0.0,1628.0
0.7706528457158096,0.310113993,0.496955133,0.917557312,0.0,1628.0
0.7752839127796031,0.2056516,0.472512143,0.916928456,0.0,1628.0
0.7764520307805333,0.074027969,0.477290546,0.921832115,0.0,1628.0
0.7745571192178728,0.0,0.510898517,0.92199556,0.0,1628.0
0.7715110837992374,0.0,0.552169125,0.923414167,0.0,1628.0
0.7523022247342156,0.0,0.569473944,0.926127456,0.0,1628.0
0.7245077948375811,0.0,0.569834401,0.9256986,0.0,1628.0
0.6575560376130748,0.0,0.561059848,0.92301868,0.0,1628.0
0.6394591983637863,0.0,0.570487391,0.930621028,0.0,1628.0
0.6251893619963877,0.0,0.5278804495,0.924721066,0.0,1628.0
0.6224737916693535,0.0,0.47930958599999995,0.9194442565000001,0.0,1628.0
0.6551564268307645,0.0,0.51359988,0.929328768,0.0,1628.0
0.7211501419470346,0.0,0.567553003,0.933865489,0.0,1628.0
0.7673282419979648,0.002997672,0.602663346,0.934491087,0.0,1628.0
0.7758312380416483,0.019203348,0.643869297,0.926668649,0.0,1628.0
0.7749256333121811,0.026185797,0.691284675,0.896656973,0.0,1628.0
0.7757080086071682,0.037574505,0.719227744,0.875751212,0.0,1628.0
0.7760842682300894,0.032951989,0.759361537,0.898385782,0.0,1628.0
0.7757346734084887,0.023772507,0.71155745,0.936688783,0.0,1628.0
0.775158289909255,0.020991272,0.68802729,0.934149395,0.0,1628.0
0.7733636044114267,0.021394101999999998,0.665086321,0.934271738,0.0,1628.0
0.7728497509873512,0.081088072,0.65475914,0.9330079,0.0,1628.0
0.7708085134591349,0.112793258,0.668728207,0.930035544,0.0,1628.0
0.7733006991895807,0.068855887,0.682751489,0.917034835,0.0,1628.0
0.7707150469123716,0.0,0.687582659,0.90636626,0.0,1628.0
0.7663142892778756,0.0,0.674101217,0.882026144,0.0,1628.0
0.7284716879017501,0.0,0.664122896,0.88941742,0.0,1628.0
0.651417913768416,0.0,0.667914078,0.896224054,0.0,1628.0
0.6293474170119208,0.0,0.644774523,0.84801525,0.0,1628.0
0.6174957818522061,0.0,0.690254874,0.885134717,0.0,1628.0
0.6149811100793945,0.0,0.715496259,0.91692376,0.0,1628.0
0.6152021244366853,0.0,0.727097014,0.924794912,0.0,1628.0
0.6212001191138252,0.0,0.748440425,0.933560379,0.0,1628.0
0.655603055844129,0.0,0.767715432,0.927408296,0.0,1628.0
0.7226809054975876,0.0,0.775198222,0.922613579,0.0,1628.0
0.7706888522948996,0.00610015,0.792826873,0.907215295,0.0,1628.0
0.7767497521938855,0.141898012,0.800938024,0.897538009,0.0,1628.0
0.7765940375572241,0.231732216,0.831116485,0.90734082,0.0,1628.0
0.7752832556476551,0.337031634,0.862080221,0.930221432,0.0,1628.0
0.7742842312647604,0.36828105,0.864558597,0.936693629,0.0,1628.0
0.7728392350004492,0.355406404,0.818861824,0.932152531,0.0,1628.0
0.7710106562498719,0.34674269,0.760242036,0.913814427,0.0,1628.0
0.7698472560311624,0.3485200625,0.7337793065,0.8419163695,0.0,1628.0
0.7737401922876997,0.307875348,0.687755615,0.7240661,0.0,1628.0
0.7759792534177882,0.176370792,0.58404792,0.627354969,0.0,1628.0
0.7773305017753201,0.050187804,0.491139601,0.53662614,0.0,1628.0
0.7742139087676531,0.0,0.407697911,0.442807584,0.0,1628.0
0.7719995873111327,0.0,0.33551914,0.334403122,0.0,1628.0
0.7544545794608538,0.0,0.268941222,0.242878797,0.0,1628.0
0.695856230101403,0.0,0.2008710635,0.2095213705,0.0,1628.0
0.6486565021417747,0.0,0.184676156,0.224006519,0.0,1628.0
0.6389468001962371,0.0,0.158974075,0.25386397400000005,0.0,1628.0
0.6390429424767508,0.0,0.176268933,0.344640191,0.0,1628.0
0.6460566261778996,0.0,0.19407216,0.417701859,0.0,1628.0
0.6838751456376496,0.0,0.210410096,0.485631714,0.0,1628.0
0.7411162614867876,0.0,0.217654088,0.517915298,0.0,1628.0
0.7773013022328793,0.00604488,0.22391739,0.539698703,0.0,1628.0
0.7820278072392803,0.150458287,0.23195804,0.527875042,0.0,1628.0
0.7817687684513905,0.241009157,0.226539231,0.497472644,0.0,1628.0
0.7790666006149228,0.376104691,0.265028699,0.471880037,0.0,1628.0
0.7771322086148439,0.484747446,0.301047327,0.457292165,0.0,1628.0
0.7756543982697556,0.528563899,0.292765526,0.436121752,0.0,1628.0
0.7757677219559458,0.560336993,0.312847606,0.434672522,0.0,1628.0
0.7747992588979685,0.476441369,0.330109343,0.462407851,0.0,1628.0
0.7759004807415394,0.443431142,0.332970366,0.503880695,0.0,1628.0
0.7768057572176549,0.363696745,0.323441325,0.535096425,0.0,1628.0
0.7794794295369658,0.246588238,0.324406609,0.547943296,0.0,1628.0
0.7815339053665482,0.061612155,0.325917602,0.537022453,0.0,1628.0
0.7803143828907296,0.0,0.319170808,0.523414194,0.0,1628.0
0.7788025848809756,0.0,0.291715774,0.487731389,0.0,1628.0
0.7628235024550478,0.0,0.254782466,0.432393594,0.0,1628.0
0.7374601831576048,0.0,0.217973094,0.357931765,0.0,1628.0
0.6587153771815115,0.0,0.186597611,0.291045795,0.0,1628.0
0.6463869272053494,0.0,0.19603529,0.277092142,0.0,1628.0
0.6379745809820486,0.0,0.159321313,0.210012745,0.0,1628.0
0.6375501569011319,0.0,0.146876329,0.18094449,0.0,1628.0
0.6410974645744247,0.0,0.1365740025,0.1949366375,0.0,1628.0
0.6435392552871941,0.0,0.14976024300000002,0.300730725,0.0,1628.0
0.6735189718498286,0.006833079,0.162288706,0.345882617,0.0,1628.0
0.7016444536925328,0.195389242,0.150328545,0.421431704,0.0,1628.0
0.7335514497866688,0.294886525,0.133056914,0.542143001,0.0,1628.0
0.727340421185202,0.359897903,0.162718282,0.649169881,0.0,1628.0
0.7229376446362815,0.397895163,0.222359418,0.7276555,0.0,1628.0
0.7155123987584053,0.43421235,0.221196565,0.766322887,0.0,1628.0
0.712327689116155,0.441585188,0.284505057,0.828974328,0.0,1628.0
0.7100243616069886,0.402898869,0.335819902,0.871044376,0.0,1628.0
0.7117129049767189,0.346356346,0.392331599,0.89492225,0.0,1628.0
0.7159053236476853,0.244828735,0.435434101,0.909389482,0.0,1628.0
0.7277152252389748,0.098540529,0.511651605,0.921581813,0.0,1628.0
0.7329885390554809,0.008785425,0.58959852,0.926949623,0.0,1628.0
0.7339160667321357,0.0,0.614412602,0.929358113,0.0,1628.0
0.7284129136701807,0.0,0.623299323,0.931780702,0.0,1628.0
0.7034543019942354,0.0,0.6365856185000001,0.9315384824999999,0.0,1628.0
0.6423350603671701,0.0,0.644175045,0.916325298,0.0,1628.0
0.6164334296447217,0.0,0.587844682,0.920921188,0.0,1628.0
0.5942155038350974,0.0,0.6095117969999999,0.9199371905,0.0,1628.0
0.5896953899055744,0.0,0.581347622,0.9167262195000001,0.0,1628.0
0.6059497781675416,0.0,0.5346436995,0.924562678,0.0,1628.0
0.6555484360495041,0.0248327915,0.49067262,0.9166824055,0.0,1628.0
0.702332565254045,0.100416242,0.470903823,0.906163655,0.0,1628.0
0.7082983560890198,0.156012575,0.470516326,0.894244082,0.0,1628.0
0.7052571087926088,0.203787341,0.487740784,0.878305768,0.0,1628.0
0.7029287589993698,0.310039688,0.376454352,0.845404912,0.0,1628.0
0.7019663045408411,0.340023619,0.390652798,0.80710426,0.0,1628.0
0.7014075723185105,0.353687474,0.397976697,0.817462393,0.0,1628.0
0.7018015294864262,0.327294567,0.415339007,0.83915832,0.0,1628.0
0.7058706718295763,0.292328408,0.437954918,0.839668168,0.0,1628.0
0.7108178631274896,0.202044732,0.452654086,0.849271526,0.0,1628.0
0.7171911314170066,0.033683855,0.459955817,0.845150039,0.0,1628.0
0.7165144743343603,0.0,0.457205858,0.842031722,0.0,1628.0
0.7127768534958842,0.0,0.438905432,0.83808812,0.0,1628.0
0.705066983826014,0.0,0.426618849,0.830925285,0.0,1628.0
0.6825583545033872,0.0,0.4023131235,0.8067221135,0.0,1628.0
0.6581721366416514,0.0,0.377057428,0.794945087,0.0,1628.0
0.6485717208660772,0.0,0.333400435,0.704786007,0.0,1628.0
0.6501011232593981,0.0,0.307080837,0.624841659,0.0,1817.0
0.6580060235640501,0.0,0.2822714155,0.529730229,0.0,1817.0
0.7177450286237768,0.0,0.278056443,0.484304979,0.0,1817.0
0.7786710934659422,0.0,0.270899979,0.467312053,0.0,1817.0
0.7981127967013817,0.002866817,0.273642706,0.446668539,0.0,1817.0
0.7977644692503412,0.140105861,0.279560423,0.40319298,0.0,1817.0
0.793970984693348,0.200295613,0.250135224,0.374783704,0.0,1817.0
0.7903707231893462,0.250261533,0.250296242,0.346236767,0.0,1817.0
0.7850410292023831,0.286983784,0.25963459,0.303131766,0.0,1817.0
0.7813456111157895,0.304408601,0.148163092,0.237391552,0.0,1817.0
0.7788902772949702,0.34157309,0.130392659,0.183258987,0.0,1817.0
0.7786204874282541,0.348217849,0.114059981,0.179764426,0.0,1817.0
0.7786564940073439,0.294653458,0.11543654,0.21027455,0.0,1817.0
0.7825803901821544,0.234573197,0.117281143,0.240791299,0.0,1817.0
0.7893446119651072,0.151081359,0.117281151,0.265132415,0.0,1817.0
0.7943965823581529,0.018181578,0.121891493,0.256417969,0.0,1817.0
0.7925814294822857,0.0,0.122267479,0.2358528,0.0,1817.0
0.7967906540996186,0.0,0.111565776,0.195084375,0.0,1817.0
0.7840442113072567,0.0,0.097244378,0.173305472,0.0,1817.0
0.7462701954990743,0.0,0.086654482,0.163787769,0.0,1817.0
0.6829938110231462,0.0,0.0800829,0.152703804,0.0,1817.0
0.667286489234534,0.0,0.081480529,0.149432512,0.0,1817.0
0.6569431317080554,0.0,0.07793034,0.141756905,0.0,1817.0
0.6581131507648257,0.0,0.07271189,0.1193182225,0.0,1817.0
0.7022434175835244,0.0,0.0744493445,0.0850747265,0.0,1817.0
0.7887115194168202,0.0,0.078695186,0.102875326,0.0,1817.0
0.8015871533497751,0.00143037,0.082863202,0.125566629,0.0,1817.0
0.803484177613532,0.088135546,0.079818078,0.129442155,0.0,1817.0
0.8013012615619763,0.206899756,0.069519549,0.117626793,0.0,1817.0
0.7971696835555845,0.310219156,0.062527887,0.104035147,0.0,1817.0
0.794439677333908,0.362988012,0.069035619,0.100712227,0.0,1817.0
0.7929352028127433,0.439459638,0.075320023,0.105782493,0.0,1817.0
0.7910861560588826,0.454775869,0.077414659,0.098386389,0.0,1817.0
0.7882895831836876,0.490275959,0.073185905,0.085597804,0.0,1817.0
0.7913497960208975,0.365619363,0.079876035,0.072334206,0.0,1817.0
0.794948367489071,0.267664062,0.091031261,0.068200785,0.0,1817.0
0.7981113886508137,0.141555999,0.094994742,0.069021147,0.0,1817.0
0.8008518158222314,0.009770287,0.100046908,0.082621855,0.0,1817.0
0.7969480118787723,0.0,0.09964493,0.096392486,0.0,1817.0
0.801095457339567,0.0,0.091535424,0.112936362,0.0,1817.0
0.7712691323177301,0.0,0.0823716295,0.149032911,0.0,1817.0
0.6879684643090915,0.0,0.080862087,0.206844609,0.0,1817.0
0.6749745772624692,0.0,0.098682922,0.26749822,0.0,1817.0
0.6644841425391924,0.0,0.1028315745,0.32439792850000004,0.0,1817.0
0.6686115426619719,0.0,0.13828574300000002,0.4551392875,0.0,1817.0
0.7315859806349768,0.0,0.158541355,0.541933854,0.0,1817.0
0.7889580714472081,0.0,0.165866819,0.579034211,0.0,1817.0
0.8016159771202837,0.001122434,0.171685124,0.605516098,0.0,1817.0
0.8030746343512293,0.044234949,0.167770523,0.612211751,0.0,1817.0
0.8030364212843708,0.131502309,0.150763344,0.602267673,0.0,1817.0
0.8014514840511291,0.199668726,0.144304386,0.582432351,0.0,1817.0
0.8003812449472548,0.232986293,0.139860816,0.563321929,0.0,1817.0
0.7990445497802295,0.266645618,0.134402507,0.560809578,0.0,1817.0
0.7978598602996128,0.262953398,0.148863356,0.591734693,0.0,1817.0
0.7986141161619973,0.238806201,0.169093359,0.658281103,0.0,1817.0
0.8017010403812416,0.183022565,0.187401416,0.716907214,0.0,1817.0
0.8030340741165944,0.104769096,0.214388586,0.753853226,0.0,1817.0
0.8031773488890901,0.007084626,0.246984168,0.792206272,0.0,1817.0
0.8000564835858941,0.0,0.258707071,0.786480456,0.0,1817.0
0.8037003096242551,0.0,0.25960114,0.754088349,0.0,1817.0
0.7919067444207281,0.0,0.251529335,0.706272444,0.0,1817.0
0.7558721131118884,0.0,0.242646477,0.649618965,0.0,1817.0
0.6904161932813059,0.0,0.234747337,0.58292179,0.0,1817.0
0.6771728905845789,0.0,0.263622464,0.548239703,0.0,1817.0
0.6685468064116673,0.0,0.256444921,0.533193906,0.0,1817.0
0.6670877740340341,0.0,0.24918125,0.512829833,0.0,1817.0
0.6732940138880317,0.0,0.240919483,0.4684868615,0.0,1817.0
0.7367292110870175,0.0,0.23027797,0.413028797,0.0,1817.0
0.7930863637938599,0.0,0.214701987,0.370434733,0.0,1817.0
0.8046271801689618,0.001338874,0.202694834,0.352926605,0.0,1817.0
0.8106296816083105,0.143545829,0.185766777,0.329186689,0.0,1817.0
0.8154180126645858,0.202690765,0.172639528,0.29629437,0.0,1817.0
0.8116870575575065,0.321100575,0.176753569,0.273966711,0.0,1817.0
0.809261721091084,0.398049031,0.1988901,0.28119608,0.0,1817.0
0.8036605009334847,0.401594656,0.153088422,0.21622663,0.0,1817.0
0.8020566913208714,0.362418651,0.174318611,0.230875593,0.0,1817.0
0.8023210822015063,0.354665327,0.188845428,0.249401409,0.0,1817.0
0.8038418937356778,0.283350329,0.204307775,0.29830388,0.0,1817.0
0.8056372363654543,0.196717151,0.216765643,0.314219792,0.0,1817.0
0.8075190503067564,0.148879636,0.229573501,0.320374291,0.0,1817.0
0.8130189646023072,0.006671715,0.233087206,0.333386673,0.0,1817.0
0.8116440563684234,0.0,0.219245228,0.361898778,0.0,1817.0
0.8133813756852503,0.0,0.206210659,0.400276076,0.0,1817.0
0.8034371392208443,0.0,0.195464316,0.462856404,0.0,1817.0
0.7724280961142346,0.0,0.208145256,0.535417663,0.0,1817.0
0.7000744916898216,0.0,0.234052447,0.614884569,0.0,1817.0
0.6869553569195389,0.0,0.270490001,0.712262041,0.0,1817.0
0.6777470675960442,0.0,0.311433932,0.781849618,0.0,1817.0
0.6722120154986078,0.0,0.377565839,0.843110657,0.0,1817.0
0.6797250710238183,0.0,0.447515809,0.881923807,0.0,1817.0
0.7365939644536397,0.0,0.509733331,0.908548398,0.0,1817.0
0.788398681467685,0.0,0.577278697,0.927618551,0.0,1817.0
0.7999491684991525,0.0,0.646440626,0.935038364,0.0,1817.0
0.7999625005871905,0.010819898,0.702377431,0.936700597,0.0,1817.0
0.7990592899188356,0.01137821,0.752128119,0.935693871,0.0,1817.0
0.7941793236568777,0.016540699,0.787093343,0.933775056,0.0,1817.0
0.792275070316448,0.033178004,0.781564746,0.931086661,0.0,1817.0
0.785865842341177,0.071799271,0.687665992,0.916489105,0.0,1817.0
0.7827277959449266,0.166587261,0.674601391,0.917899614,0.0,1817.0
0.7813003565456019,0.236165842,0.654334818,0.874976171,0.0,1817.0
0.7806880608791946,0.294355215,0.630957417,0.825072697,0.0,1817.0
0.7826892077313803,0.284964757,0.634223558,0.780724613,0.0,1817.0
0.7900901828690482,0.207074256,0.646308362,0.765918583,0.0,1817.0
0.7947650964524612,0.008767807,0.663037182,0.797385666,0.0,1817.0
0.7946469840188018,0.0,0.671188867,0.842219843,0.0,1817.0
0.7984438486474515,0.0,0.661855821,0.87388458,0.0,1817.0
0.7680789771086849,0.0,0.6453342995,0.8819594694999999,0.0,1817.0
0.6761270160075848,0.0,0.627093212,0.882440367,0.0,1817.0
0.6597394694913261,0.0,0.619692228,0.892116306,0.0,1817.0
0.6462614919083451,0.0,0.603669987,0.897652587,0.0,1817.0
0.6428152550051763,0.0,0.587041505,0.9135176825,0.0,1817.0
0.6438844143118344,0.0,0.57666765,0.914524889,0.0,1817.0
0.6591648232338789,0.0,0.5600742194999999,0.9135840585,0.0,1817.0
0.6968226514235323,0.0,0.55387815,0.91659397,0.0,1817.0
0.723622423019473,0.104788171,0.535730662,0.915595861,0.0,1817.0
0.7456411401543918,0.24341573,0.509342604,0.904014778,0.0,1817.0
0.7447777381768071,0.323768918,0.525758042,0.885819413,0.0,1817.0
0.7406467235156914,0.380331999,0.569523443,0.851480604,0.0,1817.0
0.7394122727026782,0.437052032,0.39874516,0.759647964,0.0,1817.0
0.7360334953021447,0.473717801,0.46260635,0.720529067,0.0,1817.0
0.7335009375356525,0.452816686,0.505664013,0.69201933,0.0,1817.0
0.7379382182011787,0.371060899,0.506981999,0.688794513,0.0,1817.0
0.7466145795331821,0.242007058,0.484473525,0.660184188,0.0,1817.0
0.7521134615500972,0.108778637,0.471565891,0.619662572,0.0,1817.0
0.7586371867954467,0.004199085,0.442059534,0.585566624,0.0,1817.0
0.761454180780589,0.0,0.404050213,0.526163276,0.0,1817.0
0.7576667986097166,0.0,0.3495494,0.428252381,0.0,1817.0
0.7386519610348866,0.0,0.302172824,0.351652511,0.0,1817.0
0.6958225241093756,0.0,0.249668128,0.289858154,0.0,1817.0
0.6550025429099393,0.0,0.209721305,0.251634519,0.0,1817.0
0.6496145911433469,0.0,0.148056241,0.17493211949999998,0.0,1817.0
0.6563668885762073,0.0,0.11210424699999999,0.14866167600000002,0.0,1817.0
0.688076248641815,0.0,0.0856421645,0.1577975435,0.0,1817.0
0.7331846726215248,0.069121432,0.066186407,0.184683612,0.0,1817.0
0.756616886829118,0.164886464,0.050147806,0.171606363,0.0,1817.0
0.7570406537780867,0.249583503,0.037593568,0.171725701,0.0,1817.0
0.7540522659004685,0.331443445,0.04001112,0.211886141,0.0,1817.0
0.7511019966777923,0.416733445,0.031165019,0.270266318,0.0,1817.0
0.7483700665788521,0.444656201,0.038983354,0.31447647,0.0,1817.0
0.7480901364971662,0.463886414,0.047691399,0.330689752,0.0,1817.0
0.7476872595915047,0.441832537,0.061913634,0.337257821,0.0,1817.0
0.7555246309913842,0.365122108,0.092974105,0.343906819,0.0,1817.0
0.7647810378795384,0.222189046,0.134147548,0.338459511,0.0,1817.0
0.7730521751381041,0.004666541,0.149591453,0.321965589,0.0,1817.0
0.777113055500701,0.0,0.151885167,0.301732641,0.0,1817.0
0.7721453499314126,0.0,0.150660458,0.262405215,0.0,1817.0
0.7550376293167288,0.0,0.146468436,0.199404025,0.0,1817.0
0.7341429960897767,0.0,0.13861675,0.159118172,0.0,1817.0
0.6990317151992238,0.0,0.138003194,0.140282699,0.0,1817.0
0.68905133147572,0.0,0.140272728,0.171957736,0.0,1817.0
0.6827411090880569,0.0,0.152752379,0.234404926,0.0,1817.0
0.6821768840929731,0.0,0.177753525,0.315326799,0.0,1817.0
0.6850065999275416,0.0,0.200212103,0.422639133,0.0,1817.0
0.6958694449561011,0.0,0.22282547,0.554313285,0.0,1817.0
0.7511620857985023,0.0,0.250699404,0.659292913,0.0,1817.0
0.806397923805178,0.0,0.301906987,0.743257367,0.0,1817.0
0.8172449951660067,0.0,0.359655655,0.793094422,0.0,1817.0
0.8137260417046184,0.079096287,0.398145696,0.837269175,0.0,1817.0
0.815561850157113,0.155262714,0.4130972,0.866215129,0.0,1817.0
0.8058673575961635,0.206122209,0.4486007,0.88686164,0.0,1817.0
0.8006564331748076,0.223876182,0.486097639,0.904512661,0.0,1817.0
0.7982781351010727,0.18783218,0.534180087,0.919558597,0.0,1817.0
0.7961664812890772,0.134815525,0.619468969,0.929941426,0.0,1817.0
0.7957954324536488,0.074144935,0.703107513,0.93566408,0.0,1817.0
0.7965936752030385,0.038832461,0.75683022,0.937138858,0.0,1817.0
0.7981127967013817,0.020919703,0.779661238,0.93583978,0.0,1817.0
0.7986055256154702,0.006392995,0.791240688,0.92202655,0.0,1817.0
0.797667106179981,0.0,0.78032652,0.897250748,0.0,1817.0
0.7925814294822857,0.0,0.754089815,0.879380211,0.0,1817.0
0.7944379872980796,0.0,0.709933423,0.861420975,0.0,1817.0
0.7553528610143541,0.0,0.6281050834999999,0.8194995795,0.0,1817.0
0.6726235067100865,0.0,0.545285745,0.792401008,0.0,1817.0
0.6483477723614925,0.0,0.485273925,0.790534505,0.0,1817.0
0.6439895698041436,0.0,0.4397866163333333,0.822608132,0.0,1817.0
0.7016114989317476,0.0,0.428233029,0.88958791,0.0,1817.0
0.767896034638049,0.0,0.446183217,0.89441294,0.0,1817.0
0.7874498410824547,0.0,0.451543693,0.912647593,0.0,1817.0
0.7894102401266618,0.009802151,0.489369927,0.924143337,0.0,1817.0
0.7874442076296937,0.036141511,0.533362117,0.92708968,0.0,1817.0
0.7847699719651068,0.066655906,0.548273096,0.931489877,0.0,1817.0
0.7833114085208331,0.070978883,0.577875851,0.93400816,0.0,1817.0
0.7821516000190367,0.068829577,0.525300822,0.917739727,0.0,1817.0
0.780955432612886,0.049514781499999994,0.5948790669999999,0.9283816705,0.0,1817.0
0.7804152667127542,0.039765865,0.630359068,0.93285955,0.0,1817.0
0.7814965845235622,0.025665109,0.63211135,0.931417994,0.0,1817.0
0.7801016309516631,0.010518821,0.628004712,0.931819834,0.0,1817.0
0.7799468085388742,0.0,0.6431571,0.929318268,0.0,1817.0
0.7761446856041512,0.0,0.646439416,0.921683885,0.0,1817.0
0.7789455776682109,0.0,0.653710253,0.904635791,0.0,1817.0
0.7596448958241626,0.0,0.639193915,0.876055301,0.0,1817.0
0.718866108232019,0.0,0.610824964,0.843988459,0.0,1817.0
0.6678970485970215,0.0,0.597799007,0.83200904,0.0,1817.0
0.6524583430912374,0.0,0.564484733,0.849965136,0.0,1817.0
0.6427965239310571,0.0,0.545659354,0.820362818,0.0,1817.0
0.6402766417458995,0.0,0.54080156,0.830342534,0.0,1817.0
0.6401448214522697,0.0,0.539116051,0.810661985,0.0,1817.0
0.6506429088553543,0.0,0.522667391,0.832949508,0.0,1817.0
0.7016288682233903,0.0,0.536250361,0.873479694,0.0,1817.0
0.7662196022538881,0.0,0.550442241,0.890732256,0.0,1817.0
0.783561059262862,0.0,0.566774285,0.899089189,0.0,1817.0
0.7837179474834115,0.034116541,0.56511351,0.886537038,0.0,1817.0
0.7799281243580908,0.187228874,0.518583497,0.858761763,0.0,1817.0
0.7725385092873724,0.327650544,0.481153492,0.820192312,0.0,1817.0
0.7682848754303884,0.465196743,0.463381675,0.763645496,0.0,1817.0
0.7666573121547514,0.543661296,0.380838504,0.674697458,0.0,1817.0
0.7645131725153304,0.639166794,0.364233491,0.593516701,0.0,1817.0
0.7655519586956594,0.632813514,0.356532272,0.541098246,0.0,1817.0
0.7652013778635145,0.552159886,0.347085879,0.51291373,0.0,1817.0
0.7675152682529189,0.385530058,0.346631937,0.487436552,0.0,1817.0
0.7778577816993502,0.173944163,0.354982798,0.474468436,0.0,1817.0
0.7891586179887888,0.001558324,0.352622724,0.451165348,0.0,1817.0
0.7905248884701871,0.0,0.327270394,0.409119521,0.0,1817.0
0.7967904665262748,0.0,0.308414576,0.370252324,0.0,1817.0
0.7842033529089106,0.0,0.297910265,0.35027378,0.0,1817.0
0.7485401462074318,0.0,0.283652897,0.347422169,0.0,1817.0
0.6856947114890538,0.0,0.260760047,0.372404772,0.0,1817.0
0.6727813340478445,0.0,0.248542925,0.369005168,0.0,1817.0
0.6649357475607477,0.0,0.237101834,0.389624728,0.0,1817.0
0.6691704317164594,0.0,0.21007733433333334,0.427188023,0.0,1817.0
0.7365212003768397,0.0,0.179439871,0.431400687,0.0,1817.0
0.7909979002996119,0.0,0.176598992,0.440394713,0.0,1817.0
0.8032711436892053,0.0,0.176938697,0.425435876,0.0,1817.0
0.8039238589102394,0.048652415,0.177706984,0.404909962,0.0,1817.0
0.799922316124488,0.138777922,0.164563983,0.379959981,0.0,1817.0
0.7935755244377033,0.172677325,0.151172023,0.36121388,0.0,1817.0
0.7883814059627142,0.22078491,0.13646017,0.363958377,0.0,1817.0
0.782013442247362,0.229937625,0.103688939,0.312529899,0.0,1817.0
0.7770523092480429,0.201033276,0.105236886,0.367316416,0.0,1817.0
0.7760703259034393,0.170729745,0.119756837,0.423653644,0.0,1817.0
0.7758679017526864,0.118619047,0.135360906,0.485452778,0.0,1817.0
0.7795809704909384,0.06983166,0.174065687,0.539555951,0.0,1817.0
0.7809861574392348,0.025293594,0.222720652,0.578926546,0.0,1817.0
0.7835635002173104,0.0,0.251496233,0.618543957,0.0,1817.0
0.7807668335554434,0.0,0.256245785,0.651896588,0.0,1817.0
0.7784356673484459,0.0,0.265211167,0.6988827854999999,0.0,1817.0
0.7288575706624566,0.0,0.265046773,0.722256391,0.0,1817.0
0.6689271032381933,0.0,0.259938791,0.725793181,0.0,1817.0
0.6521634384042655,0.0,0.23319781,0.72652457,0.0,1817.0
0.6412266088216818,0.0,0.249260813,0.74728046,0.0,1817.0
0.6451682738193574,0.0,0.265771192,0.7683914510000001,0.0,1817.0
0.7013094583295304,0.0,0.256307557,0.772068194,0.0,1817.0
0.7687397670495506,0.0,0.250731435,0.782984023,0.0,1817.0
0.7895008430537086,0.0,0.248344643,0.78916547,0.0,1817.0
0.7909650393254988,0.020657036,0.251192828,0.789935355,0.0,1817.0
0.7892945692726951,0.102573282,0.250635612,0.782250168,0.0,1817.0
0.7863534073611084,0.171565407,0.225513032,0.775981847,0.0,1817.0
0.7831163078586697,0.26734902,0.194884291,0.780085014,0.0,1817.0
0.7802928357154744,0.368396866,0.130314094,0.678791412,0.0,1817.0
0.7739564890503432,0.422399676,0.152537386,0.700602374,0.0,1817.0
0.7711023852422265,0.367899033,0.182995058,0.734759806,0.0,1817.0
0.7747742372391402,0.274381216,0.235298144,0.733257242,0.0,1817.0
0.7809861574392348,0.132666058,0.290452513,0.725060052,0.0,1817.0
0.7835636877906542,0.0,0.328766007,0.720802784,0.0,1817.0
0.7834055321995446,0.0,0.33890912,0.727965047,0.0,1817.0
0.7866792954130214,0.0,0.356491641,0.762501664,0.0,1817.0
0.7496941805764593,0.0,0.37293063699999995,0.8053801335,0.0,1817.0
0.6566992082054595,0.0,0.363211647,0.790497076,0.0,1817.0
0.6380280975327892,0.0,0.316837617,0.772437109,0.0,1817.0
0.6236535284321365,0.0,0.310404199,0.777227048,0.0,1817.0
0.6182050650984013,0.0,0.333318244,0.807808506,0.0,1817.0
0.6210914897631876,0.0,0.328129699,0.793583679,0.0,1817.0
0.6388018825938713,0.0,0.328761582,0.7921992855,0.0,1817.0
0.6954509591346292,0.011052414,0.33276286450000003,0.8088112345,0.0,1817.0
0.726129818447129,0.093934382,0.348692891,0.863563566,0.0,1817.0
0.7234886313299991,0.133176867,0.345980296,0.883710318,0.0,1817.0
0.714165187604478,0.134608427,0.351483945,0.894179845,0.0,1817.0
0.7093054073605433,0.169253415,0.301151603,0.882795034,0.0,1817.0
0.7069781848831008,0.229314216,0.343894079,0.886124291,0.0,1817.0
0.7081119394474331,0.231637928,0.385310223,0.890874296,0.0,1817.0
0.7085752343524008,0.186800651,0.451670501,0.899163169,0.0,1817.0
0.713580776591371,0.148581699,0.498778461,0.907614184,0.0,1817.0
0.7182355041567607,0.056696403,0.526100716,0.919086472,0.0,1817.0
0.7238322644454871,0.0,0.551238101,0.921238778,0.0,1817.0
0.7282458383413254,0.0,0.571713383,0.921641396,0.0,1817.0
0.7249678503509001,0.0,0.571779935,0.923874007,0.0,1817.0
0.7061143605528701,0.0,0.582452991,0.928714543,0.0,1817.0
0.6534322051352959,0.0,0.584009406,0.930695042,0.0,1817.0
0.6350925690739637,0.0,0.587099001,0.928873762,0.0,1817.0
0.6193936274371115,0.0,0.5956198505,0.9284572715,0.0,1817.0
0.6168100177710925,0.0,0.6105986175,0.9287543855,0.0,1817.0
0.6297851269127842,0.0,0.622856117,0.927211027,0.0,1817.0
0.6432378489955013,0.0,0.632270612,0.926515049,0.0,1817.0
0.6810362287053195,0.0,0.649279832,0.924963218,0.0,1817.0
0.7056012108414565,0.033843711,0.657570885,0.925273501,0.0,1817.0
0.7165829192222954,0.278056775,0.644000948,0.924551162,0.0,1817.0
0.7091178177603129,0.443995176,0.642425943,0.924703876,0.0,1817.0
0.7084135573843822,0.561928845,0.591777257,0.922437213,0.0,1817.0
0.7046636373617483,0.6426504,0.562510181,0.90934991,0.0,1817.0
0.7039900783654983,0.650757796,0.578409239,0.913269971,0.0,1817.0
0.705125429178987,0.60851897,0.634727312,0.915121524,0.0,1817.0
0.7061455786971133,0.517398804,0.675607989,0.916651025,0.0,1817.0
0.713637156761828,0.364530588,0.705579925,0.915933415,0.0,1817.0
0.7161549743897141,0.123880485,0.743236292,0.916369026,0.0,1817.0
0.7189852060509784,0.0,0.759302982,0.919219489,0.0,1817.0
0.7272807078364243,0.0,0.760797942,0.923819467,0.0,1817.0
0.7280145429014836,0.0,0.762600021,0.928732289,0.0,1817.0
0.7107609899517604,0.0,0.7639462655,0.9309617545,0.0,1817.0
0.6688441051597515,0.0,0.761500076,0.930803389,0.0,1817.0
0.6521745640045351,0.0,0.752740082,0.931994357,0.0,1817.0
0.6424229872478443,0.0,0.756616118,0.931469072,0.0,1817.0
0.6399079400782473,0.0,0.765072898,0.929803549,0.0,1817.0
0.6401783401835754,0.0,0.767295322,0.928221982,0.0,1817.0
0.6503797853452794,0.0,0.772162087,0.9285642,0.0,1817.0
0.7014593988334228,0.0,0.77236638,0.929327293,0.0,1817.0
0.7684040201426837,0.0,0.76886469,0.929644139,0.0,1817.0
0.7871199158269372,0.0,0.765411528,0.92951055,0.0,1817.0
0.7892306305217243,0.034401959,0.745491272,0.928537087,0.0,1817.0
0.7830382861010409,0.277352813,0.697280195,0.924797692,0.0,1817.0
0.7722014481166094,0.392145091,0.592651664,0.914051044,0.0,1817.0
0.7667992720381065,0.468745484,0.542830163,0.884357664,0.0,1817.0
0.764553967216645,0.519420297,0.425362922,0.747957605,0.0,1817.0
0.7628823704732892,0.500486269,0.401495041,0.655993346,0.0,1817.0
0.7633601241568472,0.43504308,0.367308849,0.565052353,0.0,1817.0
0.7630931041231755,0.320313888,0.348532562,0.514996905,0.0,1817.0
0.7653165797841215,0.210079194,0.346280885,0.503120948,0.0,1817.0
0.7673101211624574,0.071783628,0.343251371,0.497125906,0.0,1817.0
0.7747148527689588,0.0,0.339363028,0.497807367,0.0,1817.0
0.7769858826492879,0.0,0.33348035,0.503932991,0.0,1817.0
0.7744452507882087,0.0,0.33570734449999995,0.501643375,0.0,1817.0
0.7276694079487557,0.0,0.345487374,0.484802503,0.0,1817.0
0.6691056799392505,0.0,0.354306983,0.475855403,0.0,1817.0
0.6528148862547396,0.0,0.36798308,0.471598678,0.0,1817.0
0.6416287582553912,0.0,0.3397682415,0.4471896165,0.0,1817.0
0.6459317776728395,0.0,0.314441769,0.4200173805,0.0,1817.0
0.7025148502801105,0.0,0.283997387,0.387635503,0.0,1817.0
0.7698644611961293,0.0,0.271207367,0.423119171,0.0,1817.0
0.7908230794421437,0.0,0.268358155,0.461966209,0.0,1817.0
0.7921593056758093,0.015792695,0.281437885,0.466211514,0.0,1817.0
0.7879783414837088,0.077123259,0.301291476,0.430079142,0.0,1817.0
0.7838961953058725,0.172151796,0.291058788,0.357231186,0.0,1817.0
0.7822576002166377,0.236506758,0.264527452,0.307694194,0.0,1817.0
0.7799930953876973,0.257625785,0.190081149,0.242916172,0.0,1817.0
0.7774291322162403,0.3258970375,0.15545670849999998,0.249185159,0.0,1817.0
0.7770050832820113,0.249204125,0.135295481,0.225401406,0.0,1817.0
0.780646655939268,0.171429132,0.142001641,0.19477045,0.0,1817.0
0.7836518966565889,0.028944576,0.143200956,0.174107372,0.0,1817.0
0.7895550167363973,0.0,0.142667033,0.187374266,0.0,1817.0
0.7892295982430886,0.0,0.144500878,0.183385966,0.0,1817.0
0.7861204925380645,0.0,0.1311358465,0.139885956,0.0,1817.0
0.7395005753552847,0.0,0.101739029,0.121980713,0.0,1817.0
0.6750093164709992,0.0,0.095510775,0.132410619,0.0,1817.0
0.6572872343821474,0.0,0.089804943,0.134044332,0.0,1817.0
0.6471825414269471,0.0,0.086817765,0.172807141,0.0,1817.0
0.6437818642132718,0.0,0.10453190200000001,0.2505157065,0.0,1817.0
0.6530537865431866,0.0,0.131315634,0.331172514,0.0,1817.0
0.7028620510405988,0.0,0.144583663,0.392328554,0.0,1817.0
0.7699465201573628,0.0,0.165279196,0.481344153,0.0,1817.0
0.7909520823841484,0.0,0.183109536,0.560451529,0.0,1817.0
0.7923235167597037,0.003761709,0.201856538,0.647489483,0.0,1817.0
0.7920272978088356,0.016485516,0.222296848,0.708108222,0.0,1817.0
0.7883814059627142,0.028383069,0.241646722,0.746192949,0.0,1817.0
0.7847111033216209,0.041106524,0.255626027,0.752164643,0.0,1817.0
0.782737654174636,0.046644594,0.282266102,0.730426956,0.0,1817.0
0.7799559627432997,0.055366834,0.314795063,0.745026915,0.0,1817.0
0.7780748997206175,0.079815202,0.338173848,0.761134905,0.0,1817.0
0.7774680017898024,0.101956255,0.362270091,0.76947409,0.0,1817.0
0.7797378118181519,0.082029771,0.385505307,0.77465472,0.0,1817.0
0.7823085820262582,0.017081592,0.418470727,0.773698929,0.0,1817.0
0.7842540996266067,0.0,0.440078921,0.784616861,0.0,1817.0
0.7827571830607113,0.0,0.441514538,0.808893657,0.0,1817.0
0.77580595815685,0.0,0.4384988745,0.8330433239999999,0.0,1817.0
0.7241657579712496,0.0,0.439896533,0.835395594,0.0,1817.0
0.6686669371345069,0.0,0.426997758,0.814250737,0.0,1817.0
0.6520435890414418,0.0,0.362513973,0.743340995,0.0,1817.0
0.642807227491303,0.0,0.360103476,0.69217564,0.0,1817.0
0.6403351346174531,0.0,0.355961266,0.644438315,0.0,1817.0
0.640422732619531,0.0,0.342661728,0.572625823,0.0,1817.0
0.6506747838189232,0.0,0.321496491,0.500809232,0.0,1817.0
0.7013783727760696,0.0,0.30073937,0.471779432,0.0,1817.0
0.7671736540518556,0.0,0.283476402,0.46725492,0.0,1817.0
0.785031123454093,0.0,0.272931651,0.446567687,0.0,1817.0
0.7856111690102436,0.002484367,0.256412737,0.454392404,0.0,1817.0
0.7828572684455355,0.01824288,0.254989646,0.477993428,0.0,1817.0
0.7802343428439207,0.029886116,0.258641916,0.507959684,0.0,1817.0
0.7782104283392556,0.045486719,0.262609295,0.548929804,0.0,1817.0
0.7779692277763682,0.070021934,0.190922151,0.529772161,0.0,1817.0
0.7772681598987502,0.125423095,0.207330253,0.547129147,0.0,1817.0
0.7790435978705191,0.17685057,0.238294677,0.614388436,0.0,1817.0
0.7804152667127542,0.176293178,0.259316847,0.678949721,0.0,1817.0
0.7831916535699259,0.16921845,0.291316129,0.725036544,0.0,1817.0
0.788747854249262,0.038109944,0.347399123,0.735900459,0.0,1817.0
0.7932938580520976,0.0,0.399662808,0.728718866,0.0,1817.0
0.7905248884701871,0.0,0.434236359,0.731068854,0.0,1817.0
0.7907845381219335,0.0,0.46571449499999995,0.7447468165,0.0,1817.0
0.7485401462074318,0.0,0.479789902,0.74957025,0.0,1817.0
0.6865977339588203,0.0,0.48914035,0.756545355,0.0,1817.0
0.6727674386145303,0.0,0.519715409,0.767811943,0.0,1817.0
0.6621499717198484,0.0,0.4934480915,0.761325213,0.0,1817.0
0.6687945320259435,0.0,0.513996866,0.760180128,0.0,1817.0
0.7358976378049104,0.0,0.545269431,0.745506757,0.0,1817.0
0.7922246518521036,0.0,0.554927855,0.75522849,0.0,1817.0
0.803596655969186,0.0,0.550028064,0.756259759,0.0,1817.0
0.8060604874877273,0.010680755,0.536876582,0.747102071,0.0,1817.0
0.804142807647343,0.267504171,0.507355006,0.727036767,0.0,1817.0
0.7992856559312005,0.432136946,0.465228156,0.69843835,0.0,1817.0
0.794439677333908,0.562518047,0.486370554,0.684453249,0.0,1817.0
0.7929924752070728,0.598571378,0.469863891,0.600243815,0.0,1817.0
0.7920761200240237,0.561952262,0.425490666,0.537334345,0.0,1817.0
0.7899048466499223,0.495242599,0.414421164,0.493569132,0.0,1817.0
0.7908223285235237,0.395066889,0.374687663,0.473172673,0.0,1817.0
0.7945587288847757,0.282915111,0.3569413,0.461089475,0.0,1817.0
0.8003068852465428,0.036325295,0.35569459,0.458852235,0.0,1817.0
0.8025382471161098,0.0,0.335596684,0.421623713,0.0,1817.0
0.800362561391716,0.0,0.297580387,0.356634882,0.0,1817.0
0.8004879029020484,0.0,0.235543885,0.2653606845,0.0,1817.0
0.759856427286005,0.0,0.18347916,0.191223859,0.0,1817.0
0.6831343628559331,0.0,0.156979047,0.151734468,0.0,1817.0
0.6675114471963308,0.0,0.142682488,0.127211351,0.0,1817.0
0.6576217833205915,0.0,0.0959496615,0.10049411150000001,0.0,1817.0
0.6562417349518412,0.0,0.06525003500000001,0.123038111,0.0,1817.0
0.6736486084771134,0.0,0.050289918,0.11316388150000001,0.0,1817.0
0.7252647970863423,0.0021909845,0.041385487,0.083384299,0.0,1817.0
0.7653554493576835,0.038499302,0.030886829,0.069621785,0.0,1817.0
0.7654779747668797,0.066828421,0.022921006,0.07132557,0.0,1817.0
0.7571540712509489,0.096912232,0.018992123,0.081371933,0.0,1817.0
0.7523292177888881,0.127908893,0.025798717,0.102883763,0.0,1817.0
0.7497802298479614,0.130799897,0.025523565,0.102091789,0.0,1817.0
0.7465607816224256,0.1006666895,0.04716438,0.1029152775,0.0,1817.0
0.7538260874614475,0.063604337,0.076801026,0.114640543,0.0,1817.0
0.7641642817190137,0.011751921,0.100660049,0.1304191,0.0,1817.0
0.7671483510330115,0.0,0.11720523,0.160191958,0.0,1817.0
0.7683720982857787,0.0,0.128458707,0.187530341,0.0,1817.0
0.762310164857668,0.0,0.140405198,0.243455992,0.0,1817.0
0.7307534685482835,0.0,0.170402555,0.296666377,0.0,1817.0
0.6795301579349986,0.0,0.194844283,0.298766563,0.0,1817.0
0.6635954372301414,0.0,0.19532339,0.291578003,0.0,1817.0
0.6543209101317246,0.0,0.2036506,0.367614463,0.0,1817.0
0.6509879500214102,0.0,0.236483862,0.462419159,0.0,1817.0
0.6521679920598104,0.0,0.270733002,0.549105793,0.0,1817.0
0.6598605393313739,0.0,0.3497183505,0.6535036215000001,0.0,1817.0
0.6771832183728925,0.0,0.430682408,0.754982431,0.0,1817.0
0.7067248727093995,0.0,0.478011587,0.799870155,0.0,1817.0
0.7365859838331024,0.003968951,0.531668122,0.837355022,0.0,1817.0
0.7560811098326106,0.063229877,0.568822101,0.863488916,0.0,1817.0
0.7521872579055329,0.095356598,0.605482244,0.88824304,0.0,1817.0
0.745874923442018,0.109556361,0.63372639,0.907593806,0.0,1817.0
0.740362334190377,0.102135728,0.647157384,0.909085392,0.0,1817.0
0.7395637156690551,0.114369339,0.683077133,0.922385247,0.0,1817.0
0.7389092166255206,0.13204925,0.714505968,0.92734684,0.0,1817.0
0.7409504535284924,0.076554073,0.737571754,0.93054195,0.0,1817.0
0.7466145795331821,0.030048303,0.724969519,0.926999664,0.0,1817.0
0.7492644044027974,0.003536025,0.712905365,0.916996115,0.0,1817.0
0.7494702555185427,0.0,0.696345651,0.902557096,0.0,1817.0
0.7485588766563065,0.0,0.66658436,0.88725331,0.0,1817.0
0.7365418562660893,0.0,0.614809912,0.866362855,0.0,1817.0
0.6879576672747959,0.0,0.5669714505000001,0.78035584,0.0,1817.0
0.6521271973584957,0.0,0.527116775,0.843899066,0.0,1817.0
0.642807227491303,0.0,0.551210562,0.858094179,0.0,1817.0
0.6399030581693508,0.0,0.53436246,0.84787734,0.0,1817.0
0.6451603638514463,0.0,0.554370382,0.8944583575,0.0,1817.0
0.7013598767938747,0.0,0.589817623,0.911738241,0.0,1817.0
0.7682166650091332,0.0,0.594029758,0.871661215,0.0,1817.0
0.7875075830353884,0.0,0.57540775,0.814743978,0.0,1817.0
0.7932282298905431,0.001198746,0.535826145,0.773309553,0.0,1817.0
0.794574689500606,0.119488375,0.507361909,0.747471506,0.0,1817.0
0.7964092774758764,0.28190804,0.492072147,0.746747431,0.0,1817.0
0.7948372027720688,0.446875247,0.473250573,0.774121157,0.0,1817.0
0.7933343245000606,0.517079774,0.383413617,0.795536102,0.0,1817.0
0.7927021704437373,0.534804285,0.424840289,0.817086777,0.0,1817.0
0.7919501207564988,0.444859842,0.442115113,0.854318341,0.0,1817.0
0.7932345204752521,0.346964939,0.445958945,0.884465518,0.0,1817.0
0.7952989483212161,0.222603466,0.455942151,0.905694366,0.0,1817.0
0.8006781216553153,0.014342323,0.483692515,0.917737908,0.0,1817.0
0.8015337305857064,0.0,0.518870649,0.920627424,0.0,1817.0
0.7977338616573324,0.0,0.511313689,0.917551558,0.0,1817.0
0.7961333852230397,0.0,0.483812475,0.9044193655,0.0,1817.0
0.7546739977565616,0.0,0.456538186,0.872825431,0.0,1817.0
0.6902418419824418,0.0,0.444214302,0.852627712,0.0,1817.0
0.6765503140231939,0.0,0.408290734,0.816088593,0.0,1817.0
0.668186320456477,0.0,0.385817265,0.785304272,0.0,1817.0
0.6666888399200608,0.0,0.365264951,0.720693078,0.0,1817.0
0.6736075555498287,0.0,0.318787378,0.602005103,0.0,1817.0
0.73668245467959,0.0,0.27508325,0.491477874,0.0,1817.0
0.7927031095609456,0.0,0.247435696,0.446325394,0.0,1817.0
0.8036319585229919,0.0,0.219343119,0.419790627,0.0,1817.0
0.8081574005358723,0.003014508,0.186532606,0.365983834,0.0,1817.0
0.8125046416196275,0.101421136,0.159557521,0.298920065,0.0,1817.0
0.8101776067155289,0.194497042,0.115399715,0.234628494,0.0,1817.0
0.8064366058053962,0.264583601,0.090506271,0.215698236,0.0,1817.0
0.8041710680725755,0.279649655,0.07210202,0.227062616,0.0,1817.0
0.8023826737847009,0.254032836,0.073171024,0.219809049,0.0,1817.0
0.8031719033222952,0.19487364699999998,0.0954464585,0.25944988750000003,0.0,1817.0
0.8067152678912776,0.097895884,0.116411402,0.345637392,0.0,1817.0
0.8075190503067564,0.003431404,0.125566607,0.395126784,0.0,1817.0
0.8077054194297625,0.0,0.132613628,0.417331668,0.0,1817.0
0.8041813958608892,0.0,0.141103834,0.430337234,0.0,1817.0
0.7999443803769279,0.0,0.1492792925,0.43242741549999997,0.0,1817.0
0.7577668839945408,0.0,0.163637801,0.432185699,0.0,1817.0
0.6909483082208964,0.0,0.172723359,0.438233874,0.0,1817.0
0.6702378382544264,0.0,0.1936928315,0.458729096,0.0,1817.0
0.6639173821777439,0.0,0.2065451625,0.493372453,0.0,1817.0
0.7057147930662391,0.0,0.201839087,0.521583312,0.0,1817.0
0.7925201205095961,0.0,0.186608799,0.538741429,0.0,1817.0
0.8037313867758682,0.0,0.173971359,0.538556423,0.0,1817.0
0.8068598569276693,0.001157612,0.160800266,0.522673936,0.0,1817.0
0.8111399673873856,0.049598803,0.149244986,0.507613001,0.0,1817.0
0.8089791155882698,0.122376121,0.145349268,0.494667862,0.0,1817.0
0.8066563998730362,0.192078364,0.133260153,0.48044616,0.0,1817.0
0.8047210687557489,0.234553409,0.107199933,0.446114498,0.0,1817.0
0.8037150497628611,0.2248336135,0.102448818,0.4366950345,0.0,1817.0
0.8061348471884392,0.172759764,0.093300457,0.450676105,0.0,1817.0
0.8087779119147411,0.090211324,0.094094529,0.448759887,0.0,1817.0
0.8149326072390868,0.005867753,0.098920313,0.464111597,0.0,1817.0
0.8174942701361034,0.0,0.097995946,0.49475081,0.0,1817.0
0.812284941963904,0.0,0.091200185,0.517541384,0.0,1817.0
0.8073046083318616,0.0,0.0881217635,0.549261785,0.0,1817.0
0.7704137109606827,0.0,0.095838343,0.504634052,0.0,1817.0
0.6981814108429973,0.0,0.09539753,0.453577926,0.0,1817.0
0.6858598616901563,0.0,0.103850627,0.422874506,0.0,1817.0
0.6792503688459428,0.0,0.106008435,0.35189044550000004,0.0,1817.0
0.6837488653227312,0.0,0.10891480049999999,0.287891955,0.0,1817.0
0.7415988501859062,0.0,0.11335799,0.2777544,0.0,1817.0
0.8006919233019576,0.0,0.12069509,0.264683564,0.0,1817.0
0.8124717806455143,0.0,0.116296959,0.251690372,0.0,1817.0
0.8146747883031766,0.001298909,0.113542771,0.248445908,0.0,1817.0
0.8206793555502859,0.066289961,0.103977785,0.259585814,0.0,1817.0
0.817200867911616,0.133894504,0.087033467,0.273084017,0.0,1817.0
0.8146291585863015,0.177453899,0.071777137,0.287105444,0.0,1817.0
0.8122383731298204,0.184759131,0.061959334,0.307421623,0.0,1817.0
0.8096943608844623,0.206678535,0.065109798,0.325530127,0.0,1817.0
0.8096637532914535,0.159411875,0.066532657,0.354957714,0.0,1817.0
0.813029104817277,0.126775643,0.069725247,0.400060905,0.0,1817.0
0.8156936698254983,0.063103539,0.09373859,0.494068962,0.0,1817.0
0.8188635449172261,0.003568931,0.109490833,0.56107566,0.0,1817.0
0.8191829548110862,0.0,0.121065304,0.591125921,0.0,1817.0
0.8133842861983026,0.0,0.116674542,0.589773296,0.0,1817.0
0.80713645320579,0.0,0.1158585125,0.5659791415,0.0,1817.0
0.7659734728887683,0.0,0.118314447,0.540596328,0.0,1817.0
0.6953804718856016,0.0,0.121790649,0.532360343,0.0,1817.0
0.6808846919522709,0.0,0.128999789,0.508509046,0.0,1817.0
0.6715360865131579,0.0,0.128645313,0.478960619,0.0,1817.0
0.6703974259680165,0.0,0.126092266,0.45695021300000005,0.0,1817.0
0.682579902303887,0.0,0.13031578,0.456413232,0.0,1817.0
0.7366155122541395,0.0,0.127651783,0.453335163,0.0,1817.0
0.793788745935374,0.0,0.132892104,0.455750503,0.0,1817.0
0.8046271801689618,0.0,0.137441133,0.452713733,0.0,1817.0
0.8114671697031945,0.0,0.134165675,0.423634116,0.0,1817.0
0.8198675925142698,0.039539502,0.129705708,0.380158049,0.0,1817.0
0.8166795965870347,0.140981929,0.127026146,0.338946337,0.0,1817.0
0.8159841621621778,0.202794707,0.115359834,0.297467296,0.0,1817.0
0.8159912974521788,0.202991813,0.080089023,0.244486582,0.0,1817.0
0.8157792964317323,0.221895351,0.078738064,0.223578171,0.0,1817.0
0.8171208272395627,0.1697609095,0.083778873,0.235439939,0.0,1817.0
0.8213194896019022,0.092705438,0.110186678,0.269510515,0.0,1817.0
0.8230299565440644,0.002797448,0.129609991,0.289224493,0.0,1817.0
0.8222718976321327,0.0,0.137057011,0.288084108,0.0,1817.0
0.8167880383643286,0.0,0.138655644,0.286153143,0.0,1817.0
0.8113974105513633,0.0,0.127912704,0.276030796,0.0,1817.0
0.7749514052643849,0.0,0.11852738,0.273465096,0.0,1817.0
0.6912639153778316,0.0,0.113782121,0.285908273,0.0,1817.0
0.6794149560143917,0.0,0.126230937,0.36402618,0.0,1817.0
0.6697231863931505,0.0,0.127999124,0.356923328,0.0,1817.0
0.6684214645887128,0.0,0.13883231699999998,0.4020528055,0.0,1817.0
0.669560054481228,0.0,0.16047545,0.492547036,0.0,1817.0
0.6831896632291741,0.0,0.1791091585,0.5962117655,0.0,1817.0
0.7341412594732346,0.0,0.2125048115,0.6749933355,0.0,1817.0
0.7744969363104909,0.075823766,0.234516599,0.713869741,0.0,1817.0
0.7783276954423786,0.170952667,0.247986429,0.740160876,0.0,1817.0
0.7760957696022913,0.25112152,0.283155041,0.772773941,0.0,1817.0
0.7711799849598316,0.309116034,0.347843939,0.826466135,0.0,1817.0
0.7714047078297042,0.294343266,0.341034242,0.819573647,0.0,1817.0
0.7739454337900776,0.22832752,0.323472843,0.82435563,0.0,1817.0
0.7787077571769803,0.155711728,0.329340919,0.848143871,0.0,1817.0
0.7866548839928053,0.069570458,0.361061738,0.871314219,0.0,1817.0
0.790746278161739,0.001844066,0.399260099,0.88520787,0.0,1817.0
0.7903538228310631,0.0,0.419039697,0.885654103,0.0,1817.0
0.7862967452053911,0.0,0.427223035,0.873830001,0.0,1817.0
0.7679355619688035,0.0,0.4229631865,0.842047306,0.0,1817.0
0.7111794288798964,0.0,0.422523377,0.8171044185,0.0,1817.0
0.6738006851287702,0.0,0.404183602,0.815773036,0.0,1817.0
0.6647893984611459,0.0,0.411196709,0.801547165,0.0,1817.0
0.6656201504846292,0.0,0.37995681400000003,0.7788793325000001,0.0,1817.0
0.6724558683485775,0.0,0.335506529,0.7603169224999999,0.0,1817.0
0.7071860549132707,0.0,0.29504277850000005,0.723735603,0.0,1817.0
0.7500350907522386,0.096062993,0.269569881,0.678675541,0.0,1817.0
0.7737093033346751,0.318686769,0.268718413,0.638846437,0.0,1817.0
0.7780029803491093,0.419947307,0.240429142,0.583190938,0.0,1817.0
0.7778620064762987,0.510263988,0.195538343,0.487277258,0.0,1817.0
0.7763731174242765,0.520229751,0.168791114,0.42164579,0.0,1817.0
0.7763791260237253,0.475947777,0.1559347,0.371407078,0.0,1817.0
0.7787346095516448,0.386590287,0.139486212,0.346146477,0.0,1817.0
0.7844772262473229,0.199837828,0.146440571,0.344484932,0.0,1817.0
0.794973154055975,0.002829841,0.158061129,0.356800487,0.0,1817.0
0.7985818657391184,0.0,0.150902744,0.3522811,0.0,1817.0
0.7984817797290497,0.0,0.130054714,0.340829794,0.0,1817.0
0.7946494249732501,0.0,0.110336619,0.338822811,0.0,1817.0
0.7768836142233633,0.0,0.08465033050000001,0.2994210075,0.0,1817.0
0.7453898000017791,0.0,0.062221253,0.256431034,0.0,1817.0
0.7038282378960483,0.0,0.058727329499999995,0.265531497,0.0,1817.0
0.6881147119106727,0.0,0.06746762933333333,0.26922573266666666,0.0,1817.0
0.7279211001140105,0.0,0.08871116400000001,0.3530775315,0.0,1817.0
0.8108505079545864,0.0,0.099238861,0.409964905,0.0,1817.0
0.820772680791797,0.0,0.109924505,0.448960417,0.0,1817.0
0.8250783293622816,0.07440863,0.113084582,0.482694469,0.0,1817.0
0.8283101705586471,0.217101209,0.102044894,0.510534189,0.0,1817.0
0.828657935289656,0.310563428,0.093767291,0.525754751,0.0,1817.0
0.8253538927365223,0.400103246,0.104199803,0.538659136,0.0,1817.0
0.8224176133590766,0.432136657,0.11061323,0.558550747,0.0,1817.0
0.8215842562544693,0.395638082,0.121949835,0.568677119,0.0,1817.0
0.8214147868645016,0.321433852,0.141802738,0.591616021,0.0,1817.0
0.8257637179840853,0.146309759,0.169315119,0.62255357,0.0,1817.0
0.8309793367409938,0.001849621,0.191831913,0.66419099,0.0,1817.0
0.8313135811853762,0.0,0.218228148,0.69221161,0.0,1817.0
0.830434687525321,0.0,0.233259067,0.705250823,0.0,1817.0
0.8256530228256871,0.0,0.252554849,0.7170533335,0.0,1817.0
0.7970058473057556,0.0,0.27967260650000003,0.73257673,0.0,1817.0
0.7042878004040951,0.0,0.309132452,0.72640375,0.0,1817.0
0.6910728519192727,0.0,0.326449533,0.757440955,0.0,1817.0
0.6808559385217663,0.0,0.35743001350000003,0.7979650844999999,0.0,1817.0
0.6826157203717664,0.0,0.41655480300000003,0.8233073095,0.0,1817.0
0.7393693184069311,0.0,0.450583863,0.828745391,0.0,1817.0
0.7962429067975496,0.0,0.467557992,0.848610405,0.0,1817.0
0.8068221134194149,0.0,0.501968813,0.883403796,0.0,1817.0
0.8122212851981935,0.014490579,0.539637175,0.900048552,0.0,1817.0
0.8194242491606455,0.067163066,0.547925706,0.909555896,0.0,1817.0
0.8185400040330896,0.098849606,0.552768135,0.915536723,0.0,1817.0
0.817060128505485,0.12705296,0.566489001,0.924770424,0.0,1817.0
0.816619319892981,0.138080115,0.609189638,0.9302442,0.0,1817.0
0.8158957188295635,0.095356803,0.699808781,0.934532202,0.0,1817.0
0.8157413653501341,0.038989631,0.739487886,0.93579503,0.0,1817.0
0.8179490679685937,0.005774123,0.770763835,0.933892484,0.0,1817.0
0.8187145435305421,0.0,0.797793577,0.930926962,0.0,1817.0
0.8179999553662977,0.0,0.813043293,0.928040335,0.0,1817.0
0.8133714702495825,0.0,0.8233322185,0.9159913605000001,0.0,1817.0
0.8023350248407788,0.0,0.8180834210000001,0.8850952999999999,0.0,1817.0
0.7587571293196977,0.0,0.798786903,0.883876617,0.0,1817.0
0.6904345016901569,0.0,0.64821015,0.811001186,0.0,1817.0
0.674653899998049,0.0,0.714445044,0.878325687,0.0,1817.0
0.663536357879266,0.0,0.73683697,0.908083216,0.0,1817.0
0.6659839461714724,0.0,0.7102195014999999,0.9069988055,0.0,1817.0
0.7279833719631986,0.0,0.693013343,0.900646445,0.0,1817.0
0.7858638240519968,0.0,0.676842586,0.898805818,0.0,1817.0
0.8002457632219526,0.0,0.66402199,0.89597964,0.0,1817.0
0.8011504763527921,0.003041755,0.64373127,0.897486073,0.0,1817.0
0.800615685366829,0.008090766,0.623817901,0.899059712,0.0,1817.0
0.7999675706946755,0.012436056,0.605735785,0.895997938,0.0,1817.0
0.7997509691253483,0.013532225,0.527676034,0.881950127,0.0,1817.0
0.7982781351010727,0.024178711,0.580073751,0.907162363,0.0,1817.0
0.7961664812890772,0.02667152,0.627168872,0.910683759,0.0,1817.0
0.7957954324536488,0.041236364,0.642365049,0.921520317,0.0,1817.0
0.7958123321866872,0.021796489,0.652096622,0.925609153,0.0,1817.0
0.7957857617972831,0.0,0.652295544,0.924206696,0.0,1817.0
0.7951116400810015,0.0,0.664236325,0.929979677,0.0,1817.0
0.7949071501224881,0.0,0.676837106,0.933209378,0.0,1817.0
0.7914588946175172,0.0,0.691545423,0.9356402825,0.0,1817.0
0.7763440116685075,0.0,0.691689509,0.936950883,0.0,1817.0
0.7340741291618179,0.0,0.686191413,0.937064731,0.0,1817.0
0.7076219803663892,0.0,0.652082019,0.936787762,0.0,1817.0
0.6964205723298267,0.0,0.690611889,0.936479966,0.0,1817.0
0.6882873577510115,0.0,0.7096022045,0.933936594,0.0,2155.0
0.6887499948987866,0.0,0.708035863,0.929573883,0.0,2155.0
0.7178017845661661,0.0,0.706615543,0.924046419,0.0,2155.0
0.7919719030236784,0.0,0.698907154,0.915358726,0.0,2155.0
0.8458999634205094,0.0,0.677342575,0.896955808,0.0,2155.0
0.842301204378992,0.0,0.670704388,0.866903229,0.0,2155.0
0.837945137344163,0.019258995,0.659232026,0.81948651,0.0,2155.0
0.8334852297061653,0.104090649,0.630145902,0.725264077,0.0,2155.0
0.8296220797840129,0.17211705,0.56843109,0.62595571,0.0,2155.0
0.8281747832452615,0.251677492,0.466450192,0.501958719,0.0,2155.0
0.8275054496512045,0.275826463,0.431715564,0.461800715,0.0,2155.0
0.8273732542108869,0.253508557,0.392986108,0.424397706,0.0,2155.0
0.8273341964387366,0.161142563,0.368328412,0.393140567,0.0,2155.0
0.833225626947755,0.031475851,0.355291302,0.376820337,0.0,2155.0
0.8432919192627532,0.0,0.332077841,0.37489683,0.0,2155.0
0.8459149855443757,0.0,0.294521595,0.392740985,0.0,2155.0
0.847630522594023,0.0,0.266715544,0.436815281,0.0,2155.0
0.8375533863513933,0.0,0.228961963,0.440772611,0.0,2155.0
0.815180285960027,0.0,0.182471787,0.395406975,0.0,2155.0
0.780741389231347,0.0,0.155502219,0.382664119,0.0,2155.0
0.7407893874243304,0.0,0.131306853,0.37145764,0.0,2155.0
0.7258443024312625,0.0,0.127092895,0.410313327,0.0,2155.0
0.7141528415269841,0.0,0.128771588,0.461101312,0.0,2155.0
0.7059662745241042,0.0,0.1514672935,0.5203452854999999,0.0,2155.0
0.7255409944584852,0.0,0.174321644,0.571717567,0.0,2155.0
0.7953980945888318,0.0,0.210310494,0.615685011,0.0,2155.0
0.8462773966273189,0.0,0.24124745,0.655071577,0.0,2155.0
0.8403608975661363,0.0,0.272975587,0.702990665,0.0,2155.0
0.8353663865155194,0.003692249,0.288427953,0.742285366,0.0,2155.0
0.8283320472377432,0.015589718,0.299277745,0.763599931,0.0,2155.0
0.8291234360571478,0.020536615,0.310463642,0.772561435,0.0,2155.0
0.8281747832452615,0.019713875,0.303522541,0.750028891,0.0,2155.0
0.8279743304903527,0.017375303,0.333745171,0.765885913,0.0,2155.0
0.8274327793610764,0.013344649,0.362023135,0.789626287,0.0,2155.0
0.8269483130527857,0.007277321,0.389505078,0.814733754,0.0,2155.0
0.8293336532550941,0.002096768,0.418017999,0.846990794,0.0,2155.0
0.8358328264002194,0.0,0.442941795,0.872678989,0.0,2155.0
0.8355213033402248,0.0,0.474220552,0.884417797,0.0,2155.0
0.8338583443493544,0.0,0.49672708,0.883548705,0.0,2155.0
0.8191016001877589,0.0,0.5113742084999999,0.8888409115,0.0,2155.0
0.7935333685791566,0.0,0.525958032,0.89072861,0.0,2155.0
0.7517801562229229,0.0,0.525151104,0.89121011,0.0,2155.0
0.6968184266465838,0.0,0.461910541,0.891619769,0.0,2155.0
0.6856530245638667,0.0,0.483668907,0.884453441,0.0,2155.0
0.6755774842577712,0.0,0.494910648,0.876020729,0.0,2155.0
0.6710105435182923,0.0,0.484990359,0.875946297,0.0,2155.0
0.6839078187257968,0.0,0.4569546745,0.8596235135,0.0,2155.0
0.7316026459013355,0.0,0.448020972,0.8115323105,0.0,2155.0
0.7678170274951204,0.00241997,0.46499725,0.777995618,0.0,2155.0
0.7780819881172826,0.017407608,0.470505606,0.77524147,0.0,2155.0
0.7807900707665271,0.047449918,0.459908061,0.772546636,0.0,2155.0
0.7802496000597114,0.077042735,0.421791544,0.750048221,0.0,2155.0
0.7797997316546982,0.130196123,0.451218951,0.721906145,0.0,2155.0
0.7803828277786647,0.160193873,0.452018873,0.678056931,0.0,2155.0
0.785870724875318,0.133070317,0.443635682,0.652653698,0.0,2155.0
0.7959891250652442,0.049713068,0.445654265,0.642263696,0.0,2155.0
0.8145750786902847,0.0,0.46026611,0.616238701,0.0,2155.0
0.8209780154556021,0.0,0.442171149,0.539551633,0.0,2155.0
0.823121685536419,0.0,0.410483338,0.482806135,0.0,2155.0
0.8050435771528349,0.0,0.3861729203333333,0.48480376033333333,0.0,2155.0
0.7481024828872822,0.0,0.335048484,0.467619153,0.0,2155.0
0.7245828591888214,0.0,0.29365344,0.496981887,0.0,2155.0
0.7158052617095292,0.0,0.2645035135,0.5721477374999999,0.0,2155.0
0.7148031389276158,0.0,0.2461328875,0.6532574315,0.0,2155.0
0.7326997370672521,0.0,0.240353752,0.6648392995,0.0,2155.0
0.7785972499045481,0.0052235145,0.224337217,0.7117800485,0.0,2155.0
0.7987585642057589,0.078008481,0.222931488,0.746398429,0.0,2155.0
0.7962000931818104,0.080608066,0.22701986,0.779489318,0.0,2155.0
0.7918992333587948,0.08122312,0.207734681,0.81078316,0.0,2155.0
0.7874835473871044,0.075282862,0.236916024,0.83860346,0.0,2155.0
0.7841675814217449,0.088835611,0.274584473,0.858732993,0.0,2155.0
0.7851488132224843,0.074343673,0.308223124,0.864124256,0.0,2155.0
0.7959959789952293,0.033206567,0.351585068,0.866707025,0.0,2155.0
0.8137961766283818,0.0,0.391410925,0.870090838,0.0,2155.0
0.8193744884534937,0.0,0.423844792,0.870446806,0.0,2155.0
0.8189159347774145,0.0,0.44868062,0.878297331,0.0,2155.0
0.8158652050232265,0.0,0.461859373,0.883176836,0.0,2155.0
0.791256563940814,0.0,0.464632658,0.8918143485,0.0,2155.0
0.7531375069665757,0.0,0.486142183,0.892448078,0.0,2155.0
0.7345549334131918,0.0,0.473281774,0.872218938,0.0,2155.0
0.7204839301986641,0.0,0.49648939950000004,0.8606514935,0.0,2155.0
0.7161108699567469,0.0,0.5191786755000001,0.789526959,0.0,2155.0
0.7774672508711824,0.0,0.529533024,0.7513693889999999,0.0,2155.0
0.8573361876485783,0.0,0.538181417,0.779407392,0.0,2155.0
0.8447811840867074,0.0,0.546101485,0.800070387,0.0,2155.0
0.8389199853987657,0.009401572,0.547607972,0.80932111,0.0,2155.0
0.8351759801889087,0.066556593,0.531487893,0.810177108,0.0,2155.0
0.8348246478128991,0.056778486,0.518171352,0.796948802,0.0,2155.0
0.8347321672766801,0.072094151,0.444635425,0.781010788,0.0,2155.0
0.8341084640247429,0.0560447695,0.45826660399999997,0.7625520575,0.0,2155.0
0.8342755862469341,0.042388509,0.429008378,0.726129786,0.0,2155.0
0.8369681303203722,0.007885035,0.405215424,0.695336566,0.0,2155.0
0.8436662543831663,0.0,0.380951417,0.671304849,0.0,2155.0
0.8446352807864197,0.0,0.366732285,0.668027592,0.0,2155.0
0.8447916994483651,0.0,0.344160799,0.671028309,0.0,2155.0
0.8295337302380705,0.0,0.307331782,0.6493712555,0.0,2155.0
0.8076242995857374,0.0,0.271433312,0.617610115,0.0,2155.0
0.7724929733571692,0.0,0.248004872,0.609708245,0.0,2155.0
0.727904411713606,0.0,0.190119283,0.532082374,0.0,2155.0
0.712733054182223,0.0,0.18292027900000002,0.538478668,0.0,2155.0
0.7068679827299746,0.0,0.171379347,0.54131357,0.0,2155.0
0.7330104620026685,0.0,0.173941655,0.531238348,0.0,2155.0
0.808474369475284,0.0,0.178406067,0.519933993,0.0,2155.0
0.8547431656146884,0.0,0.179765053,0.512479562,0.0,2155.0
0.8448132941422007,0.0,0.183114489,0.523034545,0.0,2155.0
0.8395758931181126,0.001946674,0.187862123,0.545288043,0.0,2155.0
0.8372427552026489,0.011155171,0.184144834,0.566233697,0.0,2155.0
0.8361858488120572,0.017283432,0.176182428,0.577803803,0.0,2155.0
0.835466660098932,0.022867873,0.125958434,0.496991382,0.0,2155.0
0.8343398063579207,0.023897557,0.138602828,0.5155078479999999,0.0,2155.0
0.8344827047332397,0.014458188,0.150926421,0.542482398,0.0,2155.0
0.8375511801762472,0.003877778,0.163146007,0.569515714,0.0,2155.0
0.8440850925299025,0.0,0.171517451,0.594817746,0.0,2155.0
0.8437329154486012,0.0,0.17927697,0.621462983,0.0,2155.0
0.8425815565007018,0.0,0.180534278,0.628888691,0.0,2155.0
0.8255216720906615,0.0,0.17592964049999998,0.60579424,0.0,2155.0
0.8027472438368319,0.0,0.167206198,0.591578376,0.0,2155.0
0.7655052491815679,0.0,0.16682311,0.573590452,0.0,2155.0
0.7162608808006432,0.0,0.156021488,0.519291852,0.0,2155.0
0.7023369776043374,0.0,0.155148401,0.475316295,0.0,2155.0
0.6918785591498819,0.0,0.1531025915,0.41813086050000003,0.0,2155.0
0.7039467723697315,0.0,0.1339997725,0.320469777,0.0,2155.0
0.7913813427311147,0.0,0.112185556,0.242257006,0.0,2155.0
0.8451774890476441,0.0,0.096291613,0.200670878,0.0,2155.0
0.8379907676862827,0.0,0.08395851,0.15897636,0.0,2155.0
0.8324949843810084,0.00145014,0.075413977,0.13099949,0.0,2155.0
0.8283320472377432,0.007947373,0.05925903,0.109505793,0.0,2155.0
0.8291441854204471,0.020091026,0.046018121,0.088790148,0.0,2155.0
0.8281747832452615,0.020607074,0.027011431,0.051104547,0.0,2155.0
0.8275529572898741,0.02305376,0.0216581795,0.044273254,0.0,2155.0
0.8269909384699365,0.011682005,0.02033931,0.044467889,0.0,2155.0
0.827999399042517,0.004890758,0.022951719,0.055355218,0.0,2155.0
0.8365300452728212,0.0,0.026271851,0.067111851,0.0,2155.0
0.8363186075976506,0.0,0.030631845,0.082250935,0.0,2155.0
0.8366181128335033,0.0,0.035599479,0.094710524,0.0,2155.0
0.8219435686257716,0.0,0.042700744,0.113725624,0.0,2155.0
0.8002168456647721,0.0,0.049160081,0.126047099,0.0,2155.0
0.7615872678195345,0.0,0.052406282,0.126034713,0.0,2155.0
0.7138722549385946,0.0,0.052587181,0.127132401,0.0,2155.0
0.7030441484933205,0.0,0.05585664,0.13490923,0.0,2155.0
0.6949287258714162,0.0,0.0560323435,0.127185694,0.0,2155.0
0.7084629429448464,0.0,0.062535498,0.1150904865,0.0,2155.0
0.7962329541559237,0.0,0.068235814,0.125124839,0.0,2155.0
0.8494664248331897,0.0,0.067442445,0.132104415,0.0,2155.0
0.8440838714274338,0.0,0.073196724,0.146191572,0.0,2155.0
0.837422739954274,0.001527816,0.077247491,0.154757362,0.0,2155.0
0.8349743069567759,0.007483352,0.078859833,0.148622671,0.0,2155.0
0.8345011069287626,0.016972235,0.073087532,0.127050932,0.0,2155.0
0.8343535135926464,0.019617712,0.057700433,0.106332527,0.0,2155.0
0.8339466935826746,0.0167519985,0.056539109500000004,0.099511126,0.0,2155.0
0.8342755862469341,0.009814181,0.064405509,0.092184054,0.0,2155.0
0.8369822139522747,0.002025957,0.077769962,0.094899578,0.0,2155.0
0.8434929353629379,0.0,0.086742643,0.096855976,0.0,2155.0
0.8444632766553318,0.0,0.098574861,0.104373228,0.0,2155.0
0.8438169458056787,0.0,0.102537386,0.104916265,0.0,2155.0
0.828663474643123,0.0,0.10317965700000001,0.1026164485,0.0,2155.0
0.8075360444517112,0.0,0.100927721,0.09578671,0.0,2155.0
0.7724829269288713,0.0,0.097167061,0.0885163,0.0,2155.0
0.7284498118478986,0.0,0.085986944,0.087895701,0.0,2155.0
0.7178599016657875,0.0,0.087043942,0.093065872,0.0,2155.0
0.7088897148187838,0.0,0.086784976,0.0995318795,0.0,2155.0
0.7234518506982434,0.0,0.088637381,0.107827014,0.0,2155.0
0.8135611728635316,0.0,0.087494045,0.109043383,0.0,2155.0
0.8573187245702637,0.0,0.081383661,0.096546038,0.0,2155.0
0.8450502693028952,0.0,0.079433893,0.088334101,0.0,2155.0
0.8403673757241892,0.001097745,0.078913121,0.085001609,0.0,2155.0
0.838441997248528,0.007026076,0.079603003,0.081049848,0.0,2155.0
0.8379566862349452,0.011774659,0.076697528,0.074388083,0.0,2155.0
0.836984561120051,0.016393787,0.07343701,0.079043886,0.0,2155.0
0.8363439575098308,0.013752327,0.072864041,0.073831825,0.0,2155.0
0.836298139281745,0.008610968,0.080442111,0.08168885000000001,0.0,2155.0
0.8403576112811516,0.001467642,0.10011159,0.108555423,0.0,2155.0
0.8471828606767783,0.0,0.113071176,0.128553447,0.0,2155.0
0.8472179750319959,0.0,0.126867612,0.155219014,0.0,2155.0
0.8475325030169594,0.0,0.13900426,0.182623138,0.0,2155.0
0.8319395847117539,0.0,0.1586412385,0.234690944,0.0,2155.0
0.8104909135980237,0.0,0.180812863,0.291899395,0.0,2155.0
0.7760131472957816,0.0,0.198823965,0.341356332,0.0,2155.0
0.727001154151915,0.0,0.210629219,0.370891421,0.0,2155.0
0.715165010424573,0.0,0.24206802,0.388892691,0.0,2155.0
0.7050112607875049,0.0,0.28375882750000003,0.42520819,0.0,2155.0
0.7062849800800579,0.0,0.3313235955,0.490338444,0.0,2155.0
0.7164376261606197,0.0,0.35521828,0.533298259,0.0,2155.0
0.7535177565871434,0.0,0.3885441795,0.575460424,0.0,2155.0
0.7898994007705051,0.0,0.415700815,0.619293704,0.0,2155.0
0.804075019891356,0.005546192,0.430062656,0.668651757,0.0,2155.0
0.806810095595273,0.012135063,0.441807547,0.695420032,0.0,2155.0
0.8059013458860733,0.015483795,0.39159996,0.642305725,0.0,2155.0
0.8050894887507629,0.013106693499999999,0.4215766525,0.6875567549999999,0.0,2155.0
0.805710469375614,0.005832659,0.436760614,0.713214794,0.0,2155.0
0.8127979506826876,0.001373883,0.449404477,0.726244266,0.0,2155.0
0.8244765953256233,0.0,0.462440582,0.741345792,0.0,2155.0
0.8263252669327964,0.0,0.468656331,0.75469014,0.0,2155.0
0.8225370397440099,0.0,0.47408527300000003,0.793194204,0.0,2155.0
0.793609794087629,0.0,0.469817465,0.8072321665,0.0,2155.0
0.7540414685535506,0.0,0.472884421,0.796778691,0.0,2155.0
0.7244503817632436,0.0,0.361773841,0.699277124,0.0,2155.0
0.70698611829768,0.0,0.4214686245,0.768170552,0.0,2155.0
0.6987884256945303,0.0,0.450454432,0.809328757,0.0,2155.0
0.7052553012108185,0.0,0.460394823,0.8254453595,0.0,2155.0
0.7493686679838563,0.0,0.4701990995,0.8186666524999999,0.0,2155.0
0.7863750014296997,0.0,0.474901789,0.83029532,0.0,2155.0
0.8023880252522015,0.004862397,0.475037037,0.835762317,0.0,2155.0
0.8039205726252547,0.01062965,0.477943377,0.844344473,0.0,2155.0
0.803681344083456,0.014673902,0.358158717,0.789757137,0.0,2155.0
0.8038828294296226,0.0134946025,0.43079496149999996,0.8359388525,0.0,2155.0
0.804460903277307,0.006076003,0.471831952,0.862013286,0.0,2155.0
0.8117497752060087,0.001282356,0.490282198,0.877677792,0.0,2155.0
0.8241068613793355,0.0,0.508064791,0.890959886,0.0,2155.0
0.8260596555749373,0.0,0.518567578,0.897130978,0.0,2155.0
0.8253751116584257,0.0,0.516181906,0.897981797,0.0,2155.0
0.812998168345672,0.0,0.5085361665,0.8899009055,0.0,2155.0
0.7660729949283163,0.0,0.5086946865,0.8898986225000001,0.0,2155.0
0.7269184377461113,0.0,0.4452841205,0.8837101315,0.0,2155.0
0.713284933099813,0.0,0.4851620365,0.8974974149999999,0.0,2155.0
0.7258992507918614,0.0,0.505499498,0.888606753,0.0,2155.0
0.8141811208971245,0.0,0.509339935,0.88031718,0.0,2155.0
0.8571440912861392,0.0,0.51279941,0.882009737,0.0,2155.0
0.844552095134634,0.0,0.526996946,0.893376743,0.0,2155.0
0.8399834643593268,0.0,0.54122156,0.90540754,0.0,2155.0
0.8392062523332522,0.007890339,0.56007931,0.914047631,0.0,2155.0
0.838841212722517,0.011290133,0.56739913,0.918008529,0.0,2155.0
0.8385740989021735,0.0161352,0.513573678,0.907916601,0.0,2155.0
0.8382696173455079,0.013260938,0.555909595,0.913274848,0.0,2155.0
0.8379741962065959,0.008703614,0.583148377,0.912834523,0.0,2155.0
0.8408979419332038,0.0,0.602900529,0.908627429,0.0,2155.0
0.8472153465042038,0.0,0.614977949,0.901267889,0.0,2155.0
0.8465521152962675,0.0,0.620928873,0.885851344,0.0,2155.0
0.8454169057880311,0.0,0.6288949,0.864987008,0.0,2155.0
0.8296799152109964,0.0,0.6361419015,0.8437248775,0.0,2155.0
0.8061212331151408,0.0,0.629819294,0.863013303,0.0,2155.0
0.7688214502388518,0.0,0.614121028,0.869269166,0.0,2155.0
0.7212600861868128,0.0,0.53403509,0.826481758,0.0,2155.0
0.7081270084646355,0.0,0.566745863,0.805557942,0.0,2155.0
0.6986915556294423,0.0,0.5584254150000001,0.7773420835,0.0,2155.0
0.7129644903020727,0.0,0.514025167,0.7414416374999999,0.0,2155.0
0.806330136049191,0.0,0.473418205,0.688891606,0.0,2155.0
0.8555216919046591,0.0,0.435329098,0.646003893,0.0,2155.0
0.8448132941422007,0.0,0.399525935,0.625459744,0.0,2155.0
0.8395758931181126,0.0,0.359103552,0.628065682,0.0,2155.0
0.8372693255920531,0.004341494,0.317893393,0.636190913,0.0,2155.0
0.8348124424154133,0.010958627,0.288355316,0.635635672,0.0,2155.0
0.8344722831582541,0.014983838,0.264212251,0.608388114,0.0,2155.0
0.8342530530611346,0.026419985,0.277023657,0.604887722,0.0,2155.0
0.8341197306176427,0.0323940855,0.250790138,0.5775316239999999,0.0,2155.0
0.8369681303203722,0.002179572,0.224849946,0.526866516,0.0,2155.0
0.8433407414779411,0.0,0.219762814,0.491660768,0.0,2155.0
0.8435981846419189,0.0,0.223637065,0.486238616,0.0,2155.0
0.8424861654514302,0.0,0.220283053,0.471289116,0.0,2155.0
0.8259912103743801,0.0,0.218241077,0.454964127,0.0,2155.0
0.8041582993298135,0.0,0.206147998,0.414055798,0.0,2155.0
0.768425285957923,0.0,0.194350841,0.368959508,0.0,2155.0
0.7212600861868128,0.0,0.176463047,0.30414989,0.0,2155.0
0.70923377059954,0.0,0.16992569,0.279794364,0.0,2155.0
0.7008521257559199,0.0,0.156837458,0.231401069,0.0,2155.0
0.6990606327564044,0.0,0.146065506,0.202748685,0.0,2155.0
0.7125860479506732,0.0,0.1329398505,0.193303618,0.0,2155.0
0.7978874635928972,0.0,0.118491948,0.197869918,0.0,2155.0
0.8496434052850904,0.0,0.110936595,0.198412345,0.0,2155.0
0.8440838714274338,0.0,0.100911069,0.173733741,0.0,2155.0
0.837422739954274,0.0,0.091538167,0.147865215,0.0,2155.0
0.8349192879435507,0.011937253,0.084412386,0.120702129,0.0,2155.0
0.8343264736446381,0.036556588,0.081458087,0.095860157,0.0,2155.0
0.833783045531434,0.055249466,0.055759836,0.064815346,0.0,2155.0
0.8327333682175153,0.069186174,0.049395137,0.06543453,0.0,2155.0
0.8324991153712851,0.0474028605,0.051030892,0.085332113,0.0,2155.0
0.8361199386652423,0.002976971,0.055003598,0.113411911,0.0,2155.0
0.8438768467278003,0.0,0.056306874,0.141084299,0.0,2155.0
0.8443654446516121,0.0,0.055642877,0.178830391,0.0,2155.0
0.8452887469260739,0.0,0.05736665,0.236129716,0.0,2155.0
0.8298181195633848,0.0,0.0686025335,0.30104062099999995,0.0,2155.0
0.8078751708049903,0.0,0.087932642,0.380535744,0.0,2155.0
0.7725509028834467,0.0,0.100980292,0.436655809,0.0,2155.0
0.7326435447827611,0.0,0.098564959,0.48602843,0.0,2155.0
0.7203122780802184,0.0,0.130737227,0.581973898,0.0,2155.0
0.7095556683411842,0.0,0.187924273,0.6465430955,0.0,2155.0
0.721293087840934,0.0,0.2707825115,0.667727831,0.0,2155.0
0.8087885210630708,0.0,0.325337615,0.711604179,0.0,2155.0
0.8547431656146884,0.0,0.365039429,0.74201343,0.0,2155.0
0.8439034171172045,0.0,0.403444488,0.785728329,0.0,2155.0
0.8374930630766259,0.0,0.444187332,0.81492344,0.0,2155.0
0.8349743069567759,0.008063068,0.473849741,0.844778362,0.0,2155.0
0.8343264736446381,0.021325585,0.485675885,0.870999562,0.0,2155.0
0.8331257297615192,0.02226952,0.466555226,0.892735118,0.0,2155.0
0.8310462791664444,0.023701675,0.510396032,0.907235128,0.0,2155.0
0.8302361595855428,0.01998559,0.548710774,0.914935625,0.0,2155.0
0.8333607335263694,0.0014962,0.565137628,0.916713888,0.0,2155.0
0.839485665962998,0.0,0.566718335,0.912563639,0.0,2155.0
0.8396954136023401,0.0,0.558968355,0.903997711,0.0,2155.0
0.8385467775941493,0.0,0.554934109,0.88387837,0.0,2155.0
0.8222462663599368,0.0,0.5333152685,0.866258387,0.0,2155.0
0.7993027438628273,0.0,0.498829606,0.875392945,0.0,2155.0
0.7599950539910395,0.0,0.497046613,0.87607889,0.0,2155.0
0.7102960284576324,0.0,0.465159395,0.848760212,0.0,2155.0
0.6991890729783775,0.0,0.466994279,0.855926782,0.0,2155.0
0.6903215065699405,0.0,0.4623397625,0.8786868210000001,0.0,2155.0
0.7029354722493469,0.0,0.4408235785,0.8935079610000001,0.0,2155.0
0.7910425915245234,0.0,0.438902836,0.905137779,0.0,2155.0
0.8447531112348189,0.0,0.43764509,0.909606935,0.0,2155.0
0.8373647166413246,0.0,0.442947093,0.913108217,0.0,2155.0
0.8339303568822899,0.0,0.447999469,0.917415438,0.0,2155.0
0.8290527377881083,0.013441643,0.471255414,0.923946367,0.0,2155.0
0.8282190049115687,0.058203493,0.486738569,0.927409468,0.0,2155.0
0.8281266181620216,0.106055824,0.465224951,0.923497368,0.0,2155.0
0.8277713429943239,0.119326642,0.521284739,0.928029953,0.0,2155.0
0.8276010282738199,0.111253274,0.564627019,0.928975995,0.0,2155.0
0.8270720589392062,0.077863578,0.611941851,0.930137567,0.0,2155.0
0.8293932728171999,0.002966457,0.64009003,0.928266466,0.0,2155.0
0.8365093896961937,0.0,0.644727706,0.916035849,0.0,2155.0
0.8363873338456016,0.0,0.643926414,0.899081063,0.0,2155.0
0.8366181128335033,0.0,0.644625986,0.889636819,0.0,2155.0
0.8227424688197316,0.0,0.6659285694999999,0.884429507,0.0,2155.0
0.7828475040024979,0.0,0.6632588509999999,0.8818757915,0.0,2155.0
0.7063857463561204,0.0,0.650669907,0.882808865,0.0,2155.0
0.6930123134015921,0.0,0.64069626,0.878804091,0.0,2155.0
0.6835727298887445,0.0,0.645506699,0.879260094,0.0,2155.0
0.6786266652813834,0.0,0.6322766580000001,0.8878124385,0.0,2155.0
0.6827756132046624,0.0,0.650645263,0.873472038,0.0,2155.0
0.7090604515793115,0.0,0.6328519845,0.846701021,0.0,2155.0
0.7610906430070938,0.0,0.63478979,0.803077039,0.0,2155.0
0.7826158803093043,0.0,0.63761349,0.787680045,0.0,2155.0
0.7964458942935786,0.067794356,0.629638001,0.802791212,0.0,2155.0
0.7957107449646232,0.248026416,0.61676538,0.812276394,0.0,2155.0
0.7960650810151124,0.327350163,0.630868509,0.803498782,0.0,2155.0
0.7934112189418926,0.359935933,0.639310298,0.811151298,0.0,2155.0
0.7936557995764365,0.292768912,0.651219086,0.823398944,0.0,2155.0
0.7956877422202194,0.147011447,0.673027576,0.832151552,0.0,2155.0
0.8041156739126627,0.004120435,0.705452295,0.833363813,0.0,2155.0
0.8198797979117557,0.0,0.73293655,0.843616382,0.0,2155.0
0.8233178197277072,0.0,0.75169588,0.852623391,0.0,2155.0
0.8257449400166301,0.0,0.761773554,0.862138849,0.0,2155.0
0.8163202370097742,0.0,0.778829038,0.8746953559999999,0.0,2155.0
0.7702341951424174,0.0,0.7887007180000001,0.9082083519999999,0.0,2155.0
0.7281335706930612,0.0,0.7465590875,0.9063842975,0.0,2155.0
0.7075251575072595,0.0,0.778297492,0.9197775109999999,0.0,2155.0
0.6979313846416586,0.0,0.7561574115,0.9283989615,0.0,2155.0
0.7060764766772302,0.0,0.692019733,0.910606627,0.0,2155.0
0.7315345298919966,0.0,0.636651768,0.886253627,0.0,2155.0
0.7642930501943386,0.0,0.573877009,0.869601467,0.0,2155.0
0.7863656127585944,0.0,0.530013415,0.855237953,0.0,2155.0
0.8034706573269056,0.033463144,0.508169831,0.847779617,0.0,2155.0
0.8056398648932463,0.116833236,0.492234241,0.834089241,0.0,2155.0
0.8056009953196843,0.110854357,0.385439867,0.783162833,0.0,2155.0
0.8060618955382953,0.088167891,0.372437348,0.739378445,0.0,2155.0
0.8095693951460622,0.058910551,0.345798078,0.68164327,0.0,2155.0
0.8127128874217296,0.030816179,0.312954079,0.64509047,0.0,2155.0
0.8220291014453335,0.001960509,0.285414534,0.624400588,0.0,2155.0
0.8357667286800606,0.0,0.267632487,0.609612664,0.0,2155.0
0.8381849298564823,0.0,0.244182397,0.584925581,0.0,2155.0
0.8374933444366416,0.0,0.2147581,0.529778851,0.0,2155.0
0.825738649431921,0.0,0.177965871,0.4456394815,0.0,2155.0
0.7827540143216889,0.0,0.137921382,0.3363442245,0.0,2155.0
0.7464542174543041,0.0,0.0951768935,0.2181727205,0.0,2155.0
0.7348585702645654,0.0,0.079584758,0.1678838355,0.0,2155.0
0.7505633094808546,0.0,0.0728377955,0.1655824525,0.0,2155.0
0.8379344344091616,0.0,0.072467982,0.176294558,0.0,2155.0
0.8755419851271008,0.0,0.071549269,0.182744896,0.0,2155.0
0.858752970380993,0.0,0.073006946,0.192269734,0.0,2155.0
0.8559209073786481,0.0,0.075785873,0.205923822,0.0,2155.0
0.8606358172261753,0.028686018,0.08024212,0.222831557,0.0,2155.0
0.8619960784828805,0.159453492,0.082606096,0.243594807,0.0,2155.0
0.8617130978333787,0.197766913,0.10495584,0.28912731,0.0,2155.0
0.8615884134549944,0.193609361,0.107994256,0.32028927,0.0,2155.0
0.8608433114844131,0.159994057,0.116624334,0.339069907,0.0,2155.0
0.8620504403641576,0.065986633,0.135917636,0.354764986,0.0,2155.0
0.8663224764166646,0.001712392,0.151459965,0.359340379,0.0,2155.0
0.8728877479071931,0.0,0.169936901,0.375425745,0.0,2155.0
0.8740493402314898,0.0,0.182277014,0.395421547,0.0,2155.0
0.8718570361340734,0.0,0.207483431,0.41705836,0.0,2155.0
0.856701592950429,0.0,0.250971579,0.4350322095,0.0,2155.0
0.8371925249368929,0.0,0.303027955,0.445761861,0.0,2155.0
0.8086326657464015,0.0,0.347431776,0.452906732,0.0,2155.0
0.764681046281386,0.0,0.416062406,0.4666619,0.0,2155.0
0.750522209660234,0.0,0.4496702075,0.4856855065,0.0,2155.0
0.7554808003112915,0.0,0.463401902,0.469709688,0.0,2155.0
0.8474762635265102,0.0,0.454010907,0.419793147,0.0,2155.0
0.8823865758354588,0.0,0.437780165,0.409994258,0.0,2155.0
0.863360847127039,0.0,0.413416388,0.414914368,0.0,2155.0
0.8588815981763099,0.0,0.385046,0.435164762,0.0,2155.0
0.8622477006207534,0.033405621,0.362959853,0.481505826,0.0,2155.0
0.8627920684764103,0.168912899,0.341091111,0.522845842,0.0,2155.0
0.8600546449794725,0.253719994,0.34004749,0.515052911,0.0,2155.0
0.8571445608447433,0.26311381,0.322271322,0.510124907,0.0,2155.0
0.856099108307773,0.216571952,0.330252379,0.518375688,0.0,2155.0
0.8559878498040987,0.069987548,0.330731977,0.524613454,0.0,2155.0
0.85986592868869,0.001685687,0.342498993,0.525437037,0.0,2155.0
0.8659766837067442,0.0,0.35896125,0.516289487,0.0,2155.0
0.8662021112271452,0.0,0.357126597,0.505013525,0.0,2155.0
0.8645604643196056,0.0,0.353094768,0.494139801,0.0,2155.0
0.8506457628463058,0.0,0.33034821999999997,0.4432868735,0.0,2155.0
0.8294953295978682,0.0,0.313957745,0.394037744,0.0,2155.0
0.7996112626230976,0.0,0.301054959,0.368320208,0.0,2155.0
0.7530780749778138,0.0,0.311868911,0.389407987,0.0,2155.0
0.7416911425235369,0.0,0.285922201,0.351490583,0.0,2155.0
0.7382273018620455,0.0,0.274624234,0.312605859,0.0,2155.0
0.7540202027383112,0.0,0.25471450900000003,0.27816645500000003,0.0,2155.0
0.8433987647908906,0.0,0.225084123,0.261076205,0.0,2155.0
0.8800458330713897,0.0,0.212206861,0.245085314,0.0,2155.0
0.8637472932330216,0.0,0.209822354,0.216694087,0.0,2155.0
0.861083103371488,0.0,0.224745637,0.222567955,0.0,2155.0
0.8642511008540436,0.029838435,0.244707873,0.268003567,0.0,2155.0
0.8645900396339787,0.147715674,0.253480019,0.311568373,0.0,2155.0
0.8640141256933492,0.23400388,0.321007538,0.389049431,0.0,2155.0
0.8642696906229104,0.200232661,0.332018668,0.405300939,0.0,2155.0
0.8636642957798242,0.148554612,0.357909673,0.413480385,0.0,2155.0
0.8635438361783884,0.06690197,0.393019789,0.415905894,0.0,2155.0
0.8669109715267121,0.001393313,0.424929696,0.411824392,0.0,2155.0
0.8734467614895396,0.0,0.433772504,0.399860954,0.0,2155.0
0.8737994081294451,0.0,0.444479483,0.364317501,0.0,2155.0
0.8717099123565614,0.0,0.446268039,0.34151927,0.0,2155.0
0.8565459721004396,0.0,0.45498651749999997,0.364541432,0.0,2155.0
0.8361574939749082,0.0,0.456812977,0.397136975,0.0,2155.0
0.807455956886322,0.0,0.460886091,0.426650318,0.0,2155.0
0.7630930103365037,0.0,0.476463559,0.405272345,0.0,2155.0
0.7519621123703922,0.0,0.473152775,0.460465367,0.0,2155.0
0.7411371984234307,0.0,0.476812044,0.5358751685,0.0,2155.0
0.7502091610037092,0.0,0.455250182,0.593564261,0.0,2155.0
0.8384839655337307,0.0,0.435752825,0.583486332,0.0,2155.0
0.874811060575094,0.0,0.422031738,0.574231092,0.0,2155.0
0.8566453537726021,0.0,0.398619802,0.53848831,0.0,2155.0
0.8535541575704512,0.0,0.379156219,0.498074815,0.0,2155.0
0.858974172499201,0.024106896,0.352783931,0.451504832,0.0,2155.0
0.8576223607963929,0.163220569,0.325771352,0.407044788,0.0,2155.0
0.8567783001315395,0.233586657,0.287021604,0.311960392,0.0,2155.0
0.8559919814196199,0.25548712,0.25675004,0.260966614,0.0,2155.0
0.8568313477489204,0.226514459,0.243690714,0.211237396,0.0,2155.0
0.859101486030622,0.089136092,0.235639621,0.166958052,0.0,2155.0
0.8635837392810752,0.001291945,0.2055576,0.126102683,0.0,2155.0
0.8715344337419006,0.0,0.168742151,0.089139227,0.0,2155.0
0.8726620390267763,0.0,0.130950483,0.058163398,0.0,2155.0
0.8656089211563004,0.0,0.0904087955,0.041499532,0.0,2155.0
0.8497360740198979,0.0,0.073044855,0.039966186,0.0,2155.0
0.8341617930021397,0.0,0.072545037,0.047809001,0.0,2155.0
0.8060886541262878,0.0,0.076640331,0.07401183,0.0,2155.0
0.7620821088094749,0.0,0.101821035,0.159402324,0.0,2155.0
0.7506979461882427,0.0,0.108981948,0.209126329,0.0,2155.0
0.7446312952905334,0.0,0.1352962835,0.304077088,0.0,2155.0
0.7589202377849524,0.0,0.187734392,0.4014566055,0.0,2155.0
0.8458533945864259,0.0,0.23488309,0.409748589,0.0,2155.0
0.8809854723588585,0.0,0.272103137,0.40929424,0.0,2155.0
0.8625934933306738,0.0,0.316671579,0.427749854,0.0,2155.0
0.8574671626116717,0.0,0.358130087,0.455746817,0.0,2155.0
0.8623539828036147,0.005455064,0.4019551,0.486218423,0.0,2155.0
0.8638056923179032,0.037213151,0.44004099,0.53931852,0.0,2155.0
0.8619258497724451,0.078342946,0.433189022,0.567799653,0.0,2155.0
0.8600204697414632,0.109644314,0.474226236,0.623364064,0.0,2155.0
0.8569348600987373,0.057787554000000005,0.5211621395,0.690946496,0.0,2155.0
0.8600088276892534,0.0,0.563990571,0.728471113,0.0,2155.0
0.8659766837067442,0.0,0.578216359,0.734072923,0.0,2155.0
0.8666835732357115,0.0,0.582459941,0.735588419,0.0,2155.0
0.8650418325415001,0.0,0.592477151,0.73853876,0.0,2155.0
0.8473719527394931,0.0,0.598606192,0.7428282855,0.0,2155.0
0.8244204502470905,0.0,0.590096537,0.739268945,0.0,2155.0
0.793616272245682,0.0,0.573713861,0.723221191,0.0,2155.0
0.743621638000019,0.0,0.57956471,0.648010557,0.0,2155.0
0.7295584978600667,0.0,0.5545955215,0.5886434505,0.0,2155.0
0.7287395057473776,0.0,0.5578824929999999,0.560598508,0.0,2155.0
0.7386684384152793,0.0,0.583129659,0.6058938305,0.0,2155.0
0.7803621256213236,0.0,0.5641070340000001,0.6383667264999999,0.0,2155.0
0.8091785354392982,0.0,0.537339202,0.665933049,0.0,2155.0
0.8244704929395027,0.01488351,0.51870834,0.657601834,0.0,2155.0
0.8287073208501202,0.177857536,0.49302883,0.645768704,0.0,2155.0
0.8269195830689491,0.296854598,0.474561529,0.632878345,0.0,2155.0
0.8249469786272561,0.323515067,0.441141785,0.623122289,0.0,2155.0
0.8252994376938178,0.262371987,0.430419783,0.652925387,0.0,2155.0
0.8278746202522163,0.087914382,0.42833202,0.675736216,0.0,2155.0
0.8355078774655148,0.0,0.420064518,0.65600529,0.0,2155.0
0.8477983957348344,0.0,0.39729958,0.604107966,0.0,2155.0
0.8503148046869079,0.0,0.360852785,0.546652143,0.0,2155.0
0.8498855449651862,0.0,0.334445367,0.506002626,0.0,2155.0
0.8369688346582784,0.0,0.2994110965,0.453675107,0.0,2155.0
0.7950796944648064,0.0,0.264601015,0.4387998915,0.0,2155.0
0.7570490101705563,0.0,0.282179929,0.45186533,0.0,2155.0
0.7440144925492951,0.0,0.2996183635,0.4798668105,0.0,2155.0
0.7392046377644326,0.0,0.344360022,0.5736976335,0.0,2155.0
0.7471950474419786,0.0,0.37326895299999996,0.642471998,0.0,2155.0
0.7838291822277956,0.0,0.363487901,0.638024337,0.0,2155.0
0.8129961500564917,0.0,0.344070097,0.632694519,0.0,2155.0
0.8273886521066857,0.018955892,0.333437077,0.613534372,0.0,2155.0
0.8314908429972928,0.174728766,0.308009497,0.580566143,0.0,2155.0
0.8311933091572843,0.26223772,0.302027962,0.549113812,0.0,2155.0
0.8293834139622458,0.268953411,0.278303538,0.481420163,0.0,2155.0
0.8284649935966807,0.207218684,0.272573813,0.449964787,0.0,2155.0
0.8302866246306009,0.057658947,0.276954828,0.455479684,0.0,2155.0
0.8384278204551979,0.0,0.28011384,0.459629692,0.0,2155.0
0.8497396416648983,0.0,0.268028698,0.452380622,0.0,2155.0
0.8524990343771152,0.0,0.245256729,0.454348181,0.0,2155.0
0.8480387043864714,0.0,0.21831502549999998,0.433361105,0.0,2155.0
0.8193890879120918,0.0,0.18699597099999998,0.361766402,0.0,2155.0
0.783886290182827,0.0,0.172913184,0.361975137,0.0,2155.0
0.7656327033929968,0.0,0.201350386,0.38945861,0.0,2155.0
0.7508968495873309,0.0,0.188807702,0.3906165735,0.0,2155.0
0.7463422080320098,0.0,0.174645689,0.411407191,0.0,2155.0
0.7606765460892463,0.0,0.19092584,0.5045795415,0.0,2155.0
0.8489133260636199,0.0,0.189480045,0.576627926,0.0,2155.0
0.884639813758877,0.0,0.183357034,0.601172146,0.0,2155.0
0.8652804039513509,0.0,0.184019616,0.62392965,0.0,2155.0
0.8616622098104302,0.0,0.193402718,0.643891288,0.0,2155.0
0.8642459369598867,0.013156592,0.205913724,0.645019278,0.0,2155.0
0.8664452831858767,0.108117258,0.208827039,0.656548073,0.0,2155.0
0.8640203218661419,0.17071937,0.255229562,0.748803272,0.0,2155.0
0.8641633146533773,0.176411155,0.258301213,0.783147909,0.0,2155.0
0.8635580135969629,0.135165376,0.276652373,0.790918022,0.0,2155.0
0.8632106246378862,0.036364196,0.300559977,0.793573044,0.0,2155.0
0.8659743365389679,0.0,0.336091842,0.813212462,0.0,2155.0
0.8723978357194853,0.0,0.382440755,0.820842422,0.0,2155.0
0.8728208986431699,0.0,0.416037855,0.816838059,0.0,2155.0
0.8714138803537929,0.0,0.4424847,0.81192695,0.0,2155.0
0.8565480379082002,0.0,0.458913426,0.785989536,0.0,2155.0
0.8361574939749082,0.0,0.456934388,0.769771281,0.0,2155.0
0.8082633069468013,0.0,0.442260967,0.756637555,0.0,2155.0
0.7649889072844638,0.0,0.431402361,0.747180332,0.0,2155.0
0.7509455780158469,0.0,0.397610851,0.7066356845,0.0,2155.0
0.7471165564383679,0.0,0.349426013,0.696918857,0.0,2155.0
0.812249780402728,0.0,0.306581382,0.709332506,0.0,2155.0
0.8853588142734139,0.0,0.272757493,0.677086958,0.0,2155.0
0.8665761643622981,0.0,0.253304845,0.654606239,0.0,2155.0
0.8632099675059381,0.0,0.226727162,0.617588569,0.0,2155.0
0.8653450936209416,0.011282883,0.202404087,0.572303862,0.0,2155.0
0.8673877391997259,0.10758215,0.174372,0.534115018,0.0,2155.0
0.866808820959372,0.174378875,0.133887494,0.5047199,0.0,2155.0
0.8660231587541558,0.184075367,0.120291892,0.475420268,0.0,2155.0
0.8654179514844135,0.12878567,0.116334752,0.475627575,0.0,2155.0
0.8657607392693649,0.029364631,0.117564982,0.476550329,0.0,2155.0
0.8679404628226078,0.0,0.116273389,0.476659641,0.0,2155.0
0.8738415646132363,0.0,0.112330929,0.455582025,0.0,2155.0
0.8746730441086715,0.0,0.105143328,0.409759199,0.0,2155.0
0.8729085910571643,0.0,0.100120763,0.341386984,0.0,2155.0
0.8586454677209074,0.0,0.09863343799999999,0.261034696,0.0,2155.0
0.8386712737739452,0.0,0.11043153,0.216381068,0.0,2155.0
0.8097875923393014,0.0,0.120699031,0.210135542,0.0,2155.0
0.7661627056314908,0.0,0.149187593,0.237046738,0.0,2155.0
0.7553047431370724,0.0,0.154374066,0.26769275,0.0,2155.0
0.7481995170790461,0.0,0.181910952,0.3240700605,0.0,2155.0
0.7626442214160845,0.0,0.22852505350000002,0.369850184,0.0,2155.0
0.8501046812756335,0.0,0.27054485,0.408993155,0.0,2155.0
0.8870521939091939,0.0,0.293441104,0.434624184,0.0,2155.0
0.8678817823777104,0.0,0.312479591,0.464527307,0.0,2155.0
0.864739604365939,0.0,0.328708593,0.501970137,0.0,2155.0
0.8674724273139959,0.007374637,0.35259077,0.548598005,0.0,2155.0
0.8680603590787676,0.094505181,0.370430064,0.596779465,0.0,2155.0
0.8677092149013464,0.142071772,0.334862534,0.640834138,0.0,2155.0
0.8669509684160709,0.168098757,0.340918973,0.680204817,0.0,2155.0
0.8663046375664177,0.150322866,0.364320962,0.722518515,0.0,2155.0
0.8666884551446081,0.041954248,0.40216479,0.750673303,0.0,2155.0
0.8690769872199847,0.0,0.441451648,0.771851886,0.0,2155.0
0.8769625230778597,0.0,0.486590624,0.78521046,0.0,2155.0
0.8766254625323412,0.0,0.516007897,0.794173319,0.0,2155.0
0.8745494864208395,0.0,0.542950782,0.816887079,0.0,2155.0
0.8594762900843946,0.0,0.5704799309999999,0.8603189635,0.0,2155.0
0.8384964529164769,0.0,0.60075438,0.902353135,0.0,2155.0
0.8093869688147444,0.0,0.614234631,0.919655169,0.0,2155.0
0.765566136114234,0.0,0.60817309,0.924154138,0.0,2155.0
0.7538500293230596,0.0,0.619183038,0.929091376,0.0,2155.0
0.7446717379792062,0.0,0.647917351,0.9340131565,0.0,2155.0
0.754522555102807,0.0,0.6835412705,0.9353684840000001,0.0,2155.0
0.8407263129488038,0.0,0.714879654,0.933916887,0.0,2155.0
0.8774454875489106,0.0,0.727848958,0.928018239,0.0,2155.0
0.8607831285770311,0.0,0.752688883,0.91617275,0.0,2155.0
0.8566665726945056,0.0,0.767790879,0.908442639,0.0,2155.0
0.8605012746180815,0.004217626,0.795898928,0.895953437,0.0,2155.0
0.860567653698256,0.025332268,0.819578094,0.891863862,0.0,2155.0
0.8591745314674377,0.040875145,0.809479226,0.91425371,0.0,2155.0
0.858323804445943,0.058585134,0.840669019,0.872978994,0.0,2155.0
0.8588917377660353,0.042402053,0.865836658,0.862890621,0.0,2155.0
0.8600163387511867,0.010546653,0.881121647,0.826420761,0.0,2155.0
0.8622687319693131,0.0,0.887171504,0.860910783,0.0,2155.0
0.8662071807093856,0.0,0.89357648,0.889597281,0.0,2155.0
0.8666835732357115,0.0,0.895548908,0.917042888,0.0,2155.0
0.8650418325415001,0.0,0.895305706,0.910987186,0.0,2155.0
0.8501701218638443,0.0,0.8903807275,0.9198766695,0.0,2155.0
0.8297523976151583,0.0,0.877272786,0.929591302,0.0,2155.0
0.80170451423957,0.0,0.869718277,0.927433039,0.0,2155.0
0.7559561440942104,0.0,0.745961674,0.937448446,0.0,2155.0
0.7413102357710211,0.0,0.7876835175,0.937474514,0.0,2155.0
0.7435971175788486,0.0,0.7817939076666667,0.9373563423333334,0.0,2155.0
0.8359086885634158,0.0,0.783646751,0.936999844,0.0,2155.0
0.8708092364293266,0.0,0.758761086,0.936656161,0.0,2155.0
0.8524883314421137,0.0,0.772046985,0.936696962,0.0,2155.0
0.8498351733941778,0.0,0.7996012555,0.9357488605,0.0,2155.0
0.8517221981229727,0.003476636,0.814178588,0.935458646,0.0,2155.0
0.851490668216451,0.007152501,0.733487603,0.937398815,0.0,2155.0
0.8505893357825127,0.013838009,0.793084908,0.937481541,0.0,2155.0
0.8505203744426375,0.0094379905,0.818889215,0.9374927344999999,0.0,2155.0
0.8537877526594888,0.0,0.828922295,0.937429346,0.0,2155.0
0.8601998911478124,0.0,0.823339008,0.937392482,0.0,2155.0
0.860418746098244,0.0,0.823318674,0.937443813,0.0,2155.0
0.8594288759197748,0.0,0.828223202,0.937423827,0.0,2155.0
0.8429766403591696,0.0,0.82559474,0.937431261,0.0,2155.0
0.8211741496468903,0.0,0.820619504,0.937442834,0.0,2155.0
0.7919110629843484,0.0,0.820754748,0.937423293,0.0,2155.0
0.7750576874472462,0.0,0.753615626,0.937438113,0.0,2155.0
0.762923540946536,0.0,0.7922106965,0.937434922,0.0,1837.5
0.7606560315052491,0.0,0.807618913,0.9374057225000001,0.0,1520.0
0.7673905369811986,0.0,0.8077635665,0.9372853944999999,0.0,1520.0
0.7975686639376492,0.0,0.8083073765,0.937030644,0.0,1520.0
0.8358187430809392,0.002905023,0.803068806,0.9369745885,0.0,1520.0
0.8473377775014838,0.065344081,0.792445776,0.93639148,0.0,1520.0
0.8473268863678939,0.092007786,0.765001055,0.934941501,0.0,1520.0
0.8470349856680242,0.094735271,0.7751478384999999,0.935353039,0.0,1520.0
0.8497541004434886,0.017121385,0.793819585,0.933819946,0.0,1520.0
0.8571358286803417,0.0,0.771097053,0.932333789,0.0,1520.0
0.8716508561397318,0.0,0.757029634,0.930026385,0.0,1520.0
0.8749307686326653,0.0,0.732612883,0.928008784,0.0,1520.0
0.871370879477332,0.0,0.6997094415,0.913993634,0.0,1520.0
0.8516376044206191,0.0,0.643467874,0.8980446150000001,0.0,1520.0
0.8158668012723828,0.0,0.591944679,0.878666917,0.0,1520.0
0.7851329460807037,0.0,0.5054688789999999,0.828653675,0.0,1520.0
0.7722506929970656,0.0,0.474888145,0.819417902,0.0,1520.0
0.7733197113110934,0.0,0.42106687200000004,0.78010453,0.0,1520.0
0.7813894573227866,0.0,0.3646123395,0.7602497945,0.0,1520.0
0.81156049556995,0.0,0.338107144,0.783325776,0.0,1520.0
0.8357172024395887,0.000711529,0.32186997149999996,0.785627013,0.0,1520.0
0.8465611288206852,0.014286724,0.301682981,0.767449242,0.0,1520.0
0.8462920436044975,0.021638526,0.262264608,0.738567469,0.0,1520.0
0.8455342666778262,0.015297196,0.260223121,0.753262696,0.0,1520.0
0.8461033735818065,0.0110054505,0.278177013,0.7325050479999999,0.0,1520.0
0.8615092181134774,0.0,0.287641094,0.7208342925,0.0,1520.0
0.8715284251424519,0.0,0.300175487,0.747360345,0.0,1520.0
0.8706347907185461,0.0,0.304309139,0.775505156,0.0,1520.0
0.863663262875944,0.0,0.3104963005,0.811017211,0.0,1520.0
0.8251704813325267,0.0,0.315047446,0.822421371,0.0,1520.0
0.7942957460547089,0.0,0.304355212,0.821871234,0.0,1520.0
0.7804103610445674,0.0,0.3438997065,0.8383960815,0.0,1520.0
0.7779761520463574,0.0,0.37623927300000004,0.861672926,0.0,1520.0
0.8046363812667233,0.0,0.39298735,0.872539444,0.0,1520.0
0.8574475399389245,0.0,0.412812316,0.882741307,0.0,1520.0
0.8923351308634851,0.0,0.410707491,0.890992503,0.0,1520.0
0.8808230444722199,0.0,0.429362893,0.900027718,0.0,1520.0
0.8794072008570136,0.0007695025,0.444864273,0.9049050110000001,0.0,1520.0
0.8833475278315028,0.013173226,0.456533731,0.909353856,0.0,1520.0
0.8838580955958381,0.022335836,0.423778614,0.888830985,0.0,1520.0
0.8837400769488507,0.025311472,0.434431792,0.895269473,0.0,1520.0
0.8828265384921821,0.0080344695,0.465891883,0.9000574985,0.0,1520.0
0.8861594048158246,0.0,0.482271416,0.907086373,0.0,1520.0
0.894987678672809,0.0,0.488656763,0.908726046,0.0,1520.0
0.8971816728060538,0.0,0.497105674,0.908262238,0.0,1520.0
0.8948426200778131,0.0,0.493622561,0.904638953,0.0,1520.0
0.8869688203714421,0.0,0.4938541165,0.9003053169999999,0.0,1520.0
0.867165786162898,0.0,0.498688713,0.89526466,0.0,1520.0
0.8368964929341244,0.0,0.507259576,0.893502819,0.0,1520.0
0.790359080511892,0.0,0.447195544,0.856155446,0.0,1520.0
0.7748138114632307,0.0,0.493963914,0.8774861785000001,0.0,1520.0
0.7678970909885974,0.0,0.527746334,0.8771432215,0.0,1520.0
0.7904285583037073,0.0,0.530183308,0.872312384,0.0,1520.0
0.8464400120873014,0.0,0.534062237,0.873139125,0.0,1520.0
0.8793468303762878,0.0,0.520260271,0.87571466,0.0,1520.0
0.8667318321056234,0.0,0.52023768,0.882494745,0.0,1520.0
0.861962841736835,0.0,0.510139288,0.875973569,0.0,1520.0
0.8637876652690679,0.0,0.497685855,0.860866545,0.0,1520.0
0.8641684785475341,0.00342781,0.488032011,0.840905951,0.0,1520.0
0.8635240259322974,0.006965734,0.42109162,0.781124566,0.0,1520.0
0.8621596330600713,0.005820969,0.473740393,0.806575953,0.0,1520.0
0.8611332873691524,0.002826331,0.484262111,0.8116924795,0.0,1520.0
0.8637201594983412,0.0,0.45469983,0.79739633,0.0,1520.0
0.8700346535562887,0.0,0.427672919,0.771983751,0.0,1520.0
0.8699216112301142,0.0,0.409148628,0.726974785,0.0,1520.0
0.8691964139175402,0.0,0.390548454,0.667514841,0.0,1520.0
0.8591591335716391,0.0,0.3764700595,0.5936221435,0.0,1520.0
0.8412274914167892,0.0,0.361582083,0.554399252,0.0,1520.0
0.8072615133561065,0.0,0.359390705,0.567280727,0.0,1520.0
0.7729593188299528,0.0,0.336593759,0.564918482,0.0,1520.0
0.7630206220316358,0.0,0.354604473,0.576450402,0.0,1520.0
0.7551261664360152,0.0,0.357212023,0.551031413,0.0,1520.0
0.7544762210480256,0.0,0.347636734,0.5496717545,0.0,1520.0
0.780131300052708,0.0,0.336447871,0.623696373,0.0,1520.0
0.8388768904230107,0.0,0.330489046,0.668728451,0.0,1520.0
0.8745146534256376,0.0,0.321717408,0.69379997,0.0,1520.0
0.8652698885896932,0.0,0.32285655,0.713515848,0.0,1520.0
0.8621847016122355,0.0,0.330129029,0.735725543,0.0,1520.0
0.8658385734536499,0.001155343,0.339771907,0.757634143,0.0,1520.0
0.8674484854523838,0.016722129,0.344395675,0.775342563,0.0,1520.0
0.8683653101940373,0.030644491,0.331852437,0.774732678,0.0,1520.0
0.8681003553428818,0.03297869,0.3527667,0.790168243,0.0,1520.0
0.8680667434501486,0.020395567,0.376838271,0.793342004,0.0,1520.0
0.8676842401358542,0.004842864,0.397003449,0.803328996,0.0,1520.0
0.8715391280774534,0.0,0.404746019,0.809736918,0.0,1520.0
0.8804481466317752,0.0,0.415136966,0.831567104,0.0,1520.0
0.8819759996692758,0.0,0.427998338,0.85118355,0.0,1520.0
0.8808063323125253,0.0,0.447354733,0.862140891,0.0,1520.0
0.8715642907289118,0.0,0.4624705695,0.8596237744999999,0.0,1520.0
0.8422988100052575,0.0,0.4890661675,0.8547497675,0.0,1520.0
0.7867706492586883,0.0,0.523150817,0.84262989,0.0,1520.0
0.7747522201926584,0.0,0.543723159,0.842935914,0.0,1520.0
0.7719521500124671,0.0,0.5322251225000001,0.825876373,0.0,1520.0
0.7988837181427473,0.0,0.519711657,0.817227712,0.0,1520.0
0.8542553192347411,0.0,0.509794531,0.796594732,0.0,1520.0
0.8907390205113934,0.0,0.501763121,0.775013607,0.0,1520.0
0.8797197568208885,0.0,0.49365015,0.751609818,0.0,1520.0
0.8796936087841303,0.001338181,0.480586477,0.6917864840000001,0.0,1520.0
0.8831507365082666,0.074232114,0.458254252,0.647442406,0.0,1520.0
0.8813752985364978,0.17405233,0.441969577,0.611962413,0.0,1520.0
0.879549536512301,0.182217313,0.410286043,0.549035231,0.0,1520.0
0.8789249879298273,0.13094711,0.384276265,0.499269112,0.0,1520.0
0.8840592989567445,0.0096762855,0.346834239,0.4356395465,0.0,1520.0
0.895499372502452,0.0,0.307527909,0.372822208,0.0,1520.0
0.8969477019450838,0.0,0.284983599,0.363555397,0.0,1520.0
0.8960074993123389,0.0,0.280590762,0.364577801,0.0,1520.0
0.8896872780149585,0.0,0.267446425,0.375899546,0.0,1520.0
0.8707200421780923,0.0,0.233308781,0.387110185,0.0,1520.0
0.8402754585332463,0.0,0.217066228,0.433583095,0.0,1520.0
0.7952285314121924,0.0,0.1958785,0.427956459,0.0,1520.0
0.7851173609241834,0.0,0.201611141,0.508402742,0.0,1520.0
0.7750727802237387,0.0,0.21583015449999998,0.5980228505,0.0,1520.0
0.7825763998718857,0.0,0.2194199695,0.64832868,0.0,1520.0
0.848552323031245,0.0,0.216426627,0.664876109,0.0,1520.0
0.883023047830158,0.0,0.222599999,0.679225005,0.0,1520.0
0.871402425874927,0.0,0.234556651,0.711704711,0.0,1520.0
0.8713484400782046,0.0,0.2603914825,0.7608400575,0.0,1520.0
0.8744970959354066,0.006569733,0.275096066,0.777907707,0.0,1520.0
0.8749087050054698,0.014323206,0.286292943,0.781444292,0.0,1520.0
0.8751538483600454,0.014427804,0.276005279,0.763393685,0.0,1520.0
0.8748534984189008,0.009357233,0.287097003,0.7495785,0.0,1520.0
0.8774639835311054,0.001745011,0.299226487,0.738006912,0.0,1520.0
0.8820235076205677,0.0,0.307885583,0.731461952,0.0,1520.0
0.8897202327757437,0.0,0.321490444,0.737192059,0.0,1520.0
0.8917389371181605,0.0,0.336630924,0.745321875,0.0,1520.0
0.890022930509909,0.0,0.341142653,0.736621165,0.0,1520.0
0.8815280560793929,0.0,0.350745412,0.7087097295,0.0,1520.0
0.8629466095291835,0.0,0.349726102,0.665639438,0.0,1520.0
0.8332835564740325,0.0,0.34634843,0.64117853,0.0,1520.0
0.7804685487968149,0.0,0.298698657,0.586705948,0.0,1520.0
0.7665936322549951,0.0,0.35559641249999996,0.581129019,0.0,1520.0
0.7581951814650085,0.0,0.37222385599999996,0.658767087,0.0,1520.0
0.7593962779860141,0.0,0.37121195149999997,0.7177211925,0.0,1520.0
0.7876995618518653,0.0,0.3650299305,0.727684593,0.0,1520.0
0.8249271680685428,0.0,0.38284593749999996,0.7480769555,0.0,1520.0
0.8357858817942037,0.003327018,0.397934584,0.76641845,0.0,1520.0
0.8348663347380862,0.005802366,0.347032005,0.76825137,0.0,1520.0
0.8327698906233009,0.00609911,0.415320248,0.797829916,0.0,1520.0
0.8342640376687741,0.001786915,0.4847522995,0.8182080055000001,0.0,1520.0
0.8439159044999506,0.0,0.523980832,0.840792753,0.0,1520.0
0.8574657545611036,0.0,0.548656366,0.851455786,0.0,1520.0
0.8594640846869088,0.0,0.569246902,0.855154852,0.0,1520.0
0.8567799901673678,0.0,0.578625945,0.863275998,0.0,1520.0
0.847126386407027,0.0,0.5882232009999999,0.8816094135,0.0,1520.0
0.8036791375956875,0.0,0.605987821,0.9020218935,0.0,1520.0
0.7683115396064646,0.0,0.583424773,0.902836806,0.0,1520.0
0.75643394404586,0.0,0.613421459,0.909982684,0.0,1520.0
0.745905554794317,0.0,0.6196686775,0.91647354,0.0,1520.0
0.7442355774341632,0.0,0.610219545,0.915965456,0.0,1520.0
0.744811937486729,0.0,0.599553008,0.9086280615,0.0,1520.0
0.7744362141297454,0.0,0.6033632995,0.90208895,0.0,1520.0
0.8164043614661459,0.0,0.6205648694999999,0.9058231525,0.0,1520.0
0.8273142917807292,0.003982863,0.623718972,0.908370029,0.0,1520.0
0.8273420832726021,0.009187401,0.588998699,0.919929165,0.0,1520.0
0.8269481254794417,0.014059894,0.616820094,0.925208882,0.0,1520.0
0.8266873494497655,0.0045204635,0.642930996,0.92840563,0.0,1520.0
0.834605793487712,0.0,0.640496055,0.926215262,0.0,1520.0
0.8481050368859323,0.0,0.621657466,0.917916936,0.0,1520.0
0.8504351698764273,0.0,0.606133889,0.911194543,0.0,1520.0
0.8505179803815253,0.0,0.588583675,0.906663985,0.0,1520.0
0.8439504555098922,0.0,0.5584054675000001,0.8983730845,0.0,1520.0
0.8029807451391977,0.0,0.5065004445,0.880057292,0.0,1520.0
0.7752703931182212,0.0,0.452421981,0.844022691,0.0,1520.0
0.761012856028767,0.0,0.452409823,0.834430981,0.0,1520.0
0.7645127033735558,0.0,0.3837402623333334,0.802270744,0.0,1520.0
0.8400481540289175,0.0,0.318471261,0.717886703,0.0,1520.0
0.87609076533305,0.0,0.293657719,0.641868641,0.0,1520.0
0.866606584381963,0.0,0.276489541,0.567793857,0.0,1520.0
0.863858974401964,0.0,0.247207503,0.5043065999999999,0.0,1520.0
0.865490057804021,0.004254024,0.223232997,0.460312305,0.0,1520.0
0.8664536389531018,0.009873678,0.175182384,0.41014134,0.0,1520.0
0.8655674224297017,0.012526151,0.174817253,0.396101399,0.0,1520.0
0.867418628777995,0.005641685,0.1726675085,0.38270396549999997,0.0,1520.0
0.8723809353612022,0.0,0.168439396,0.385981451,0.0,1520.0
0.8809815289419258,0.0,0.150815019,0.366925085,0.0,1520.0
0.8837619530027022,0.0,0.142938667,0.359635085,0.0,1520.0
0.8829701884113653,0.0,0.133289139,0.359641694,0.0,1520.0
0.8727772406347611,0.0,0.12246320499999999,0.370085556,0.0,1520.0
0.8535665505412809,0.0,0.114996582,0.374511691,0.0,1520.0
0.8224355459959954,0.0,0.11470647,0.396422872,0.0,1520.0
0.7818497000968273,0.0,0.110863422,0.370515988,0.0,1520.0
0.7682317812322936,0.0,0.1208749965,0.4443218895,0.0,1520.0
0.7739324143242793,0.0,0.11972432566666664,0.554690828,0.0,1520.0
0.84737890045615,0.0,0.12025604,0.57037298,0.0,1520.0
0.8832791767302397,0.0,0.11972698,0.570386557,0.0,1520.0
0.8719888558024587,0.0,0.123869881,0.586395303,0.0,1520.0
0.8708650532545077,0.0,0.130031073,0.593541832,0.0,1520.0
0.8735291962227053,0.011106054,0.130549558,0.536235514,0.0,1520.0
0.8729209840279941,0.039015374,0.094149516,0.426313938,0.0,1520.0
0.8732725039773475,0.035249691,0.094945847,0.407915513,0.0,1520.0
0.874056194161475,0.018787261,0.10946266399999999,0.4475618935,0.0,1520.0
0.8783114242676154,0.0,0.120667484,0.538655337,0.0,1520.0
0.8868704247098239,0.0,0.122982742,0.557867007,0.0,1520.0
0.888915605654973,0.0,0.123990572,0.550141998,0.0,1520.0
0.8877626504579171,0.0,0.121511494,0.534945252,0.0,1520.0
0.8787120949981306,0.0,0.118397505,0.52041973,0.0,1520.0
0.8593827766442953,0.0,0.116377737,0.519287626,0.0,1520.0
0.8286635687424172,0.0,0.110410331,0.511644074,0.0,1520.0
0.7831557882960883,0.0,0.088627377,0.431605986,0.0,1520.0
0.7735401621980593,0.0,0.099632194,0.425967961,0.0,1520.0
0.7676280757997913,0.0,0.1153293825,0.442513661,0.0,1520.0
0.7828963731110218,0.0,0.12590759699999998,0.4428077425,0.0,1520.0
0.8514376212243145,0.0,0.113740598,0.44590411,0.0,1520.0
0.8860850444898681,0.0,0.10739068,0.437907689,0.0,1520.0
0.8748961238360518,0.0,0.103820946,0.406223951,0.0,1520.0
0.8756012292298967,0.0,0.1025941735,0.324000004,0.0,1520.0
0.880071746328846,0.01612103,0.104805335,0.272592898,0.0,1520.0
0.8794917007726953,0.021440714,0.096135002,0.229416812,0.0,1520.0
0.879237074335098,0.020477614,0.088223878,0.191120495,0.0,1520.0
0.8792281549099746,0.008862311500000001,0.088663993,0.1836208525,0.0,1520.0
0.8841068065954142,0.0,0.090221547,0.191641289,0.0,1520.0
0.8912747506145648,0.0,0.089586061,0.226076792,0.0,1520.0
0.8935209470346542,0.0,0.089351228,0.246643621,0.0,1520.0
0.8920629475609012,0.0,0.087054927,0.243510454,0.0,1520.0
0.884553295241393,0.0,0.0821379115,0.2479990965,0.0,1520.0
0.8657277845085798,0.0,0.07864693,0.234874929,0.0,1520.0
0.8377021535840199,0.0,0.074552748,0.225011333,0.0,1520.0
0.791778304198755,0.0,0.072673254,0.193118138,0.0,1520.0
0.7800577144046619,0.0,0.0718730035,0.2007242905,0.0,1520.0
0.7772319185403582,0.0,0.0736180385,0.252530888,0.0,1520.0
0.8306851829726418,0.0,0.07711209,0.2926380555,0.0,1520.0
0.8918063491022152,0.0,0.080314954,0.316961854,0.0,1520.0
0.8808230444722199,0.0,0.081140873,0.326542302,0.0,1520.0
0.8803653364392996,0.0,0.08430500699999999,0.3516743535,0.0,1520.0
0.8833174835837702,0.009143981,0.089021092,0.377104613,0.0,1520.0
0.8834620719949173,0.020108196,0.092425626,0.380822984,0.0,1520.0
0.8839640957934392,0.028219036,0.089550161,0.385948121,0.0,1520.0
0.8835320193453369,0.0070459195,0.0932190715,0.38120075200000003,0.0,1520.0
0.887479481609827,0.0,0.10167408,0.387464574,0.0,1520.0
0.8965244508228107,0.0,0.100462339,0.380613704,0.0,1520.0
0.8988588092154988,0.0,0.097195376,0.364942685,0.0,1520.0
0.8975082186151593,0.0,0.092428403,0.347697384,0.0,1520.0
0.8903701781637334,0.0,0.091922173,0.333126684,0.0,1520.0
0.8719012578003805,0.0,0.092224458,0.348530959,0.0,1520.0
0.842044699706978,0.0,0.092985905,0.363221467,0.0,1520.0
0.7971602942592346,0.0,0.101772646,0.378727279,0.0,1520.0
0.7849512947399182,0.0,0.091528139,0.3477199755,0.0,1520.0
0.7910851231550023,0.0,0.08888251800000001,0.32281820066666667,0.0,1520.0
0.8644938032541708,0.0,0.086977984,0.31180031,0.0,1520.0
0.8994575383271881,0.0,0.08403796,0.304299734,0.0,1520.0
0.8882271189467731,0.0,0.079613852,0.293779798,0.0,1520.0
0.8874846458166061,0.0,0.0794437095,0.2771121615,0.0,1520.0
0.8907643704235735,0.008590933,0.085146334,0.27732705,0.0,1520.0
0.891360846779403,0.024538938,0.085391917,0.301799517,0.0,1520.0
0.8905118097937367,0.022280917,0.078781457,0.313330907,0.0,1520.0
0.890790471879618,0.0080260435,0.077855271,0.309961277,0.0,1520.0
0.8939595960527259,0.0,0.076365537,0.280437409,0.0,1520.0
0.9026747337968639,0.0,0.073621997,0.253348817,0.0,1520.0
0.9043750605240564,0.0,0.070883421,0.233794879,0.0,1520.0
0.903438706896328,0.0,0.069725068,0.240741527,0.0,1520.0
0.8975945492466773,0.0,0.071425514,0.2617726125,0.0,1520.0
0.8784080357941111,0.0,0.071298128,0.260183657,0.0,1520.0
0.847520296994229,0.0,0.07291643,0.262835025,0.0,1520.0
0.7944672806271924,0.0,0.072816004,0.271636914,0.0,1520.0
0.7834430643751648,0.0,0.073802144,0.27290931949999997,0.0,1520.0
0.7808985594371567,0.0,0.07244677666666667,0.289242539,0.0,1520.0
0.7889279096535132,0.0,0.069097478,0.2958732625,0.0,1520.0
0.8288573551406846,0.0,0.074161478,0.300546046,0.0,1520.0
0.8524196045689183,0.0,0.077283989,0.304805294,0.0,1520.0
0.8547563101293826,0.019936082,0.075042395,0.304618944,0.0,1520.0
0.853439049436516,0.058969842,0.070981804,0.292025124,0.0,1520.0
0.8523978223017387,0.081840788,0.074437907,0.310663785,0.0,1520.0
0.8530063158564658,0.0287236395,0.08187763,0.3227326815,0.0,1520.0
0.8620472478658449,0.0,0.08638631,0.315760762,0.0,1520.0
0.8774681145213821,0.0,0.089446855,0.310077994,0.0,1520.0
0.8806140483767423,0.0,0.087469804,0.306124004,0.0,1520.0
0.879537331114815,0.0,0.085809358,0.305453448,0.0,1520.0
0.8731903512294421,0.0,0.082695341,0.3095788235,0.0,1520.0
0.834380178393967,0.0,0.0851214185,0.33303806950000003,0.0,1520.0
0.7939013187029443,0.0,0.091290375,0.324916826,0.0,1520.0
0.7819746195671359,0.0,0.094541837,0.372520604,0.0,1520.0
0.7771658911602034,0.0,0.09825416449999999,0.43845055099999997,0.0,1520.0
0.7799986585004544,0.0,0.0989528895,0.4534821455,0.0,1520.0
0.8053489977225015,0.0,0.095517892,0.4709615265,0.0,1520.0
0.8347989227540313,0.0,0.095493835,0.477551698,0.0,1520.0
0.8489673121729648,0.0,0.098638938,0.488197481,0.0,1520.0
0.8518515774621542,0.00727956,0.104078398,0.526648182,0.0,1520.0
0.8513611019291702,0.023693824,0.09124923,0.510927388,0.0,1520.0
0.8511941672803228,0.037562923,0.09237233,0.496598893,0.0,1520.0
0.850855229125632,0.027014518,0.101515321,0.505981139,0.0,1520.0
0.8530873419138189,0.003703252,0.12340512,0.549632782,0.0,1520.0
0.859976341861828,0.0,0.13935902,0.594268452,0.0,1520.0
0.8738425031052002,0.0,0.1546743,0.626527463,0.0,1520.0
0.8771576243652677,0.0,0.164808392,0.660080689,0.0,1520.0
0.8724115435794555,0.0,0.177940604,0.668100271,0.0,1520.0
0.8634399949499754,0.0,0.191923713,0.667133244,0.0,1520.0
0.8275971320628455,0.0,0.2116358495,0.6607432744999999,0.0,1520.0
0.7956328169936663,0.0,0.213940098,0.629175167,0.0,1520.0
0.7825266391647339,0.0,0.2814522065,0.6875825435,0.0,1520.0
0.7786920541618756,0.0,0.334487661,0.7315586635,0.0,1520.0
0.8325695788610223,0.0,0.336353666,0.732229884,0.0,1520.0
0.8939494558377561,0.0,0.327699072,0.717396093,0.0,1520.0
0.8829920644652169,0.0,0.322302234,0.721921086,0.0,1520.0
0.8810842903731226,0.0,0.307964274,0.7169113815,0.0,1520.0
0.8838462653450401,0.004971246,0.290664007,0.707701378,0.0,1520.0
0.8834620719949173,0.016816593,0.282827672,0.671155266,0.0,1520.0
0.883472399783231,0.026135213,0.26389151,0.662040595,0.0,1520.0
0.8828265384921821,0.012576055,0.249646343,0.617704378,0.0,1520.0
0.8862877506258812,0.0,0.238683905,0.583135009,0.0,1520.0
0.8945683709674687,0.0,0.226733731,0.565009981,0.0,1520.0
0.896726875598808,0.0,0.209604231,0.540058757,0.0,1520.0
0.8945089396039513,0.0,0.190624637,0.500612409,0.0,1520.0
0.8860102155431744,0.0,0.1684729125,0.4548532105,0.0,1520.0
0.8524339698734589,0.0,0.1394055595,0.40391470650000005,0.0,1520.0
0.791010669042374,0.0,0.121455439,0.307938937,0.0,1520.0
0.7785883304794248,0.0,0.106354614,0.26243684,0.0,1520.0
0.7754752116427085,0.0,0.0875768025,0.21258915350000002,0.0,1520.0
0.8303374188668774,0.0,0.070475926,0.20314528050000003,0.0,1520.0
0.8910443473985954,0.0,0.057396646,0.190289337,0.0,1520.0
0.8813520144320782,0.0,0.052819345,0.175320757,0.0,1520.0
0.8788592653563564,0.0,0.050466975,0.158203186,0.0,1520.0
0.8815615744980765,0.0,0.050920625,0.154623734,0.0,1520.0
0.8842925192117168,0.008531186,0.050743651,0.160505585,0.0,1520.0
0.8834620719949173,0.032404297,0.067017203,0.217967908,0.0,1520.0
0.8829554479601371,0.041959598,0.0639735995,0.219123897,0.0,1520.0
0.8823898614951989,0.004768521,0.078303605,0.224538905,0.0,1520.0
0.8859687165039534,0.0,0.07806479,0.216878742,0.0,1520.0
0.8938705893748353,0.0,0.079955377,0.215888718,0.0,1520.0
0.8959168025986202,0.0,0.077825744,0.217999676,0.0,1520.0
0.894273935839101,0.0,0.077486787,0.230235361,0.0,1520.0
0.8895614669460221,0.0,0.080007545,0.241960602,0.0,1520.0
0.8824589641403265,0.0,0.084723065,0.251376975,0.0,1520.0
0.867165786162898,0.0,0.089571855,0.247098272,0.0,1520.0
0.8377021535840199,0.0,0.098079368,0.243524139,0.0,1520.0
0.7902858475017323,0.0,0.091056914,0.281890803,0.0,1520.0
0.7815544671565037,0.0,0.097273911,0.284267183,0.0,1520.0
0.7744176474949243,0.0,0.099552683,0.2528412935,0.0,1520.0
0.7893555027860748,0.0,0.09727411550000001,0.218470309,0.0,1520.0
0.8567153949096935,0.0,0.099770061,0.2016122,0.0,1520.0
0.8918063491022152,0.0,0.099678289,0.189743711,0.0,1520.0
0.8813520144320782,0.0,0.100355074,0.192596156,0.0,1520.0
0.8803601725451426,0.0,0.0981029665,0.2151693615,0.0,1520.0
0.8838462653450401,0.006751055,0.097812867,0.259400416,0.0,1520.0
0.8838580955958381,0.023571948,0.088183774,0.248571139,0.0,1520.0
0.8837400769488507,0.029317371,0.088159061,0.286373747,0.0,1520.0
0.8830094809628177,0.0139951265,0.09685120850000001,0.328420476,0.0,1520.0
0.8866882803637663,0.0,0.106684387,0.379744658,0.0,1520.0
0.894987678672809,0.0,0.113356256,0.421356238,0.0,1520.0
0.8971816728060538,0.0,0.114019655,0.455247583,0.0,1520.0
0.8955898816428269,0.0,0.11144377,0.484428028,0.0,1520.0
0.8890985481256088,0.0,0.1056586795,0.501613503,0.0,1520.0
0.8714526567659274,0.0,0.105273563,0.507120863,0.0,1520.0
0.8416049246235987,0.0,0.108181968,0.507936288,0.0,1520.0
0.7967947850898952,0.0,0.100112744,0.489913806,0.0,1520.0
0.7836385173625925,0.0,0.1043964185,0.5075577405,0.0,1520.0
0.7798380850889424,0.0,0.100390038,0.522781009,0.0,1520.0
0.8360220125622283,0.0,0.10546838850000001,0.535655866,0.0,1520.0
0.8976520561076864,0.0,0.109716215,0.525915483,0.0,1520.0
0.8860845755565084,0.0,0.11157197,0.515069526,0.0,1520.0
0.8849295545516922,0.0,0.113028063,0.5131709655,0.0,1520.0
0.8886199494241367,0.007936329,0.114489906,0.520332946,0.0,1520.0
0.8890390695561331,0.032476074,0.101886917,0.536739015,0.0,1520.0
0.8889211446958175,0.043054749,0.097622092,0.512329845,0.0,1520.0
0.8891057775149038,0.013744528,0.09686917149999999,0.47847052599999995,0.0,1520.0
0.8931859516716517,0.0,0.099689037,0.45715793,0.0,1520.0
0.9021254840323105,0.0,0.104632222,0.471111971,0.0,1520.0
0.9036554966642435,0.0,0.107883152,0.487633799,0.0,1520.0
0.9022816207089955,0.0,0.111074083,0.501703733,0.0,1520.0
0.8969967117336157,0.0,0.1157872565,0.5184858535000001,0.0,1520.0
0.8777316606967251,0.0,0.120031644,0.537220701,0.0,1520.0
0.8471415495235235,0.0,0.125770421,0.544429583,0.0,1520.0
0.801377405710433,0.0,0.134058947,0.566362058,0.0,1520.0
0.792552605711777,0.0,0.135048867,0.577653807,0.0,1520.0
0.7854454785979106,0.0,0.13323364,0.556565676,0.0,1520.0
0.8011117002532798,0.0,0.1340323695,0.531791515,0.0,1520.0
0.8678968045015768,0.0,0.14836696,0.518933145,0.0,1520.0
0.9042413626212545,0.0,0.155720148,0.510865792,0.0,1520.0
0.8952684059412064,0.0,0.165508901,0.515108249,0.0,1520.0
0.8943475915145289,0.0,0.1794009065,0.5329129745000001,0.0,1520.0
0.8961297421110305,0.005660968,0.183366963,0.540969033,0.0,1520.0
0.8958778386131417,0.016673555,0.177880485,0.503678876,0.0,1520.0
0.8955281024862887,0.019901875,0.17230353,0.473785842,0.0,1520.0
0.896372022471134,0.006916897,0.188430078,0.4420831905,0.0,1520.0
0.9076804170284642,0.0,0.2114899765,0.4664224135,0.0,1520.0
0.915859731195381,0.0,0.207937412,0.489414458,0.0,1520.0
0.9153087913949994,0.0,0.208402187,0.493611763,0.0,1520.0
0.9073396006393568,0.0,0.2079311545,0.49550206799999996,0.0,1520.0
0.8867051807220493,0.0,0.213733726,0.484714985,0.0,1520.0
0.8543152201568627,0.0,0.217537522,0.491820012,0.0,1520.0
0.8024895193128383,0.0,0.183928535,0.358709664,0.0,1520.0
0.7924220531013297,0.0,0.1991665445,0.380552618,0.0,1520.0
0.7889647374912272,0.0,0.2184112585,0.435173461,0.0,1520.0
0.7902225661953318,0.0,0.2233809295,0.458953776,0.0,1520.0
0.812351837808641,0.0,0.2201567095,0.429290814,0.0,1520.0
0.841760498580252,0.0,0.211723701,0.40184103,0.0,1520.0
0.855845608560728,0.0,0.205803338,0.395377639,0.0,1520.0
0.858391873561946,0.006704804,0.195582419,0.384485946,0.0,1520.0
0.8580093708728961,0.017141819,0.195175762,0.385356653,0.0,1520.0
0.8576781307282378,0.021852217,0.180091488,0.328697387,0.0,1520.0
0.8584186321499385,0.006094731000000001,0.1774578645,0.307403451,0.0,1520.0
0.8662813534619982,0.0,0.174744163,0.29503009,0.0,1520.0
0.8812163451334322,0.0,0.158908969,0.274609366,0.0,1520.0
0.8844571998542153,0.0,0.158464602,0.266794565,0.0,1520.0
0.8835133357897981,0.0,0.153027606,0.24255901,0.0,1520.0
0.8770079655340133,0.0,0.1434943045,0.216348687,0.0,1520.0
0.8371338441793732,0.0,0.1141323195,0.201524507,0.0,1520.0
0.8001296228093818,0.0,0.096228747,0.185472634,0.0,1520.0
0.788078426868533,0.0,0.084949984,0.1504953295,0.0,1520.0
0.7829733385181024,0.0,0.0746119315,0.130898846,0.0,1520.0
0.7865522873135288,0.0,0.059733065,0.114319511,0.0,1520.0
0.8115343944265276,0.0,0.0523149505,0.1146436915,0.0,1520.0
0.8486898705643076,0.0,0.044264925999999996,0.1063600375,0.0,1520.0
0.8584570327901409,0.00688603,0.038050273,0.09100724,0.0,1520.0
0.857917547468625,0.028048592,0.036503396,0.096043683,0.0,1520.0
0.8576781307282378,0.045196146,0.034364401,0.086108554,0.0,1520.0
0.8586327924521953,0.014546737,0.0402976255,0.090058872,0.0,1520.0
0.8664417155408762,0.0,0.046898504,0.118859275,0.0,1520.0
0.8823836646971618,0.0,0.049660708,0.153701281,0.0,1520.0
0.886702927340945,0.0,0.049753838,0.176580525,0.0,1520.0
0.8859516285723265,0.0,0.051490726,0.198077821,0.0,1520.0
0.8804237355241813,0.0,0.053267699,0.2206630565,0.0,1520.0
0.8404609360576245,0.0,0.062860291,0.276257565,0.0,1520.0
0.8272887542952053,0.0,0.098333156,0.411357025,0.0,1520.0
0.8170267507668094,0.0,0.09393065749999999,0.446967004,0.0,1520.0
0.8140139986749332,0.0,0.098271056,0.494217466,0.0,1520.0
0.830126732110327,0.0,0.10732778800000001,0.5075427065,0.0,1520.0
0.8976650130490368,0.0,0.119535485,0.481308246,0.0,1520.0
0.9296290933389137,0.0,0.127955341,0.462112295,0.0,1520.0
0.9174483304855396,0.0,0.136137056,0.450718802,0.0,1520.0
0.9090388947752912,0.0,0.14702540149999999,0.4483859605,0.0,1520.0
0.9051526476968188,0.011125787,0.15847713,0.46271776,0.0,1520.0
0.9035984118432578,0.039222838,0.186979553,0.470093921,0.0,1520.0
0.9036308976706834,0.046585726,0.194043121,0.482667147,0.0,1520.0
0.9023455594599663,0.027152332,0.203114425,0.506210071,0.0,1520.0
0.9037955783131819,0.005808822,0.223331547,0.518843075,0.0,1520.0
0.9063799625945865,0.0,0.234295505,0.503416497,0.0,1520.0
0.9163196929220281,0.0,0.246483455,0.512006069,0.0,1520.0
0.9168641539391125,0.0,0.254700661,0.521637965,0.0,1520.0
0.9153951695450977,0.0,0.268887017,0.519787248,0.0,1520.0
0.9073875778366306,0.0,0.3024697745,0.5497767204999999,0.0,1520.0
0.8850525488942481,0.0,0.322599833,0.568703442,0.0,1520.0
0.8502306805431584,0.0,0.340474852,0.611470926,0.0,1520.0
0.8069771240307922,0.0,0.330486388,0.602319099,0.0,1520.0
0.7943934842717566,0.0,0.341939792,0.632162228,0.0,1520.0
0.7819146714390561,0.0,0.3751950035,0.7162661445,0.0,1520.0
0.793284070162392,0.0,0.4034165335,0.799662917,0.0,1520.0
0.858526791941972,0.0,0.431726635,0.835708829,0.0,1520.0
0.8918063491022152,0.0,0.450454778,0.835592218,0.0,1520.0
0.8797197568208885,0.0,0.466388098,0.839804228,0.0,1520.0
0.8768488239323594,0.0,0.49417012,0.8696688665000001,0.0,1520.0
0.8790827208556687,0.006879505,0.537247622,0.890455089,0.0,1520.0
0.8759984723701748,0.032401578,0.519742566,0.864053934,0.0,1520.0
0.8745739910024831,0.047353373,0.53483636,0.851056702,0.0,1520.0
0.8732712366067874,0.0312051675,0.536900093,0.859378733,0.0,1520.0
0.875888622542313,0.0,0.52722614,0.857213334,0.0,1520.0
0.879955793489619,0.0,0.515031692,0.845307562,0.0,1520.0
0.8807435208773513,0.0,0.493689941,0.844273356,0.0,1520.0
0.8786623808716926,0.0,0.465687078,0.868604065,0.0,1520.0
0.8665330690739208,0.0,0.4408328345,0.8764467935,0.0,1520.0
0.8273329756488903,0.0,0.4312471075,0.8836749405,0.0,1520.0
0.7761559525096731,0.0,0.404278401,0.863566838,0.0,1520.0
0.7637208214446717,0.0,0.433478669,0.8442422675,0.0,1520.0
0.7616859213945004,0.0,0.44371336650000004,0.858213414,0.0,1520.0
0.8148546326874162,0.0,0.4382876605,0.8841658705,0.0,1520.0
0.8785744070976824,0.0,0.424480879,0.875311499,0.0,1520.0
0.8683200556238498,0.0,0.416192422,0.849534332,0.0,1520.0
0.8664181494511963,0.0,0.409512948,0.817924528,0.0,1520.0
0.8708892295827996,0.0,0.407378308,0.794130189,0.0,1520.0
0.8709354232701954,0.030644301,0.393308266,0.758083956,0.0,1520.0
0.8708638796706196,0.148433175,0.309681984,0.692838283,0.0,1520.0
0.8704762124621683,0.179688152,0.295999811,0.656084747,0.0,1520.0
0.8719285791084048,0.131444442,0.275459997,0.626228284,0.0,1520.0
0.8745999042599394,0.018524721,0.252651525,0.581378378,0.0,1520.0
0.8820604995849574,0.0,0.221280949,0.513592182,0.0,1520.0
0.89150214953081,0.0,0.182544993,0.454153628,0.0,1520.0
0.8947985866100943,0.0,0.140885727,0.374239314,0.0,1520.0
0.8951194045545223,0.0,0.10249703,0.282662841,0.0,1520.0
0.8885054990473942,0.0,0.06843962549999999,0.199849411,0.0,1520.0
0.8552980488320028,0.0,0.059102225499999994,0.14461565599999998,0.0,1520.0
0.7956349765880988,0.0,0.064679631,0.138708512,0.0,1520.0
0.7820112829655518,0.0,0.07523083450000001,0.15268620849999998,0.0,1520.0
0.7877300366846297,0.0,0.07780685700000001,0.19488963999999998,0.0,1520.0
0.8587084667294255,0.0,0.081894644,0.200273742,0.0,1520.0
0.89349362572663,0.0,0.08172573,0.188781337,0.0,1520.0
0.8814328529160875,0.0,0.083213362,0.209883427,0.0,1520.0
0.8801194884341955,0.0,0.0885568325,0.214038371,0.0,1520.0
0.8837135065594465,0.004488469,0.092394381,0.228912455,0.0,1520.0
0.8813752985364978,0.019097753,0.082079896,0.291116724,0.0,1520.0
0.88003644377504,0.029257136,0.08126824,0.306830101,0.0,1520.0
0.8788232125091748,0.014473761,0.09443286649999999,0.3175426725,0.0,1520.0
0.8824776476958653,0.0,0.10467101,0.291562055,0.0,1520.0
0.8904199863894656,0.0,0.10069881,0.269793455,0.0,1520.0
0.892752185187721,0.0,0.098010708,0.26337988,0.0,1520.0
0.8911357012442622,0.0,0.093863549,0.25049562,0.0,1520.0
0.8830796158865811,0.0,0.0914152455,0.231307034,0.0,1520.0
0.8645776460379044,0.0,0.08778232,0.226278519,0.0,1520.0
0.8360121540198966,0.0,0.087194461,0.22649435,0.0,1520.0
0.791076391615845,0.0,0.074213209,0.206107712,0.0,1520.0
0.7783973608075379,0.0,0.074956842,0.2121759775,0.0,1520.0
0.7742116084932128,0.0,0.08278478,0.249354011,0.0,1520.0
0.787943367808499,0.0,0.08662045800000001,0.29698649099999996,0.0,1520.0
0.8532090219924788,0.0,0.086594327,0.354918288,0.0,1520.0
0.8886354411066072,0.0,0.08784188,0.386189791,0.0,1520.0
0.8765778607943774,0.0,0.088285358,0.396431041,0.0,1520.0
0.8758008838602271,0.0,0.0822656905,0.386573463,0.0,1520.0
0.880071746328846,0.004777704,0.077271045,0.37720445,0.0,1520.0
0.8801543686353555,0.027626612,0.06704045,0.357585967,0.0,1520.0
0.8791943551312752,0.04881515,0.058544315,0.306225051,0.0,1520.0
0.8784813632161872,0.028925943,0.053860854,0.270331398,0.0,1520.0
0.8788579510924602,0.005488122,0.053347538,0.224470083,0.0,1520.0
0.8829627711361041,0.0,0.056410598,0.201137402,0.0,1520.0
0.89150214953081,0.0,0.058406424,0.186854473,0.0,1520.0
0.8935209470346542,0.0,0.053444918,0.150037315,0.0,1520.0
0.892671816262316,0.0,0.049715833,0.122782293,0.0,1520.0
0.8858343617818257,0.0,0.050200220000000004,0.11448369650000001,0.0,1520.0
0.867165786162898,0.0,0.069956213,0.162026454,0.0,1520.0
0.8374492165570062,0.0,0.09219368,0.225896887,0.0,1520.0
0.7861207507640345,0.0,0.101489682,0.256606663,0.0,1520.0
0.7768589448897993,0.0,0.115964639,0.306365318,0.0,1520.0
0.7715323965078128,0.0,0.153442037,0.407104235,0.0,1520.0
0.7704981170896926,0.0,0.187920336,0.474517646,0.0,1520.0
0.7711410678676892,0.0,0.230881165,0.545272141,0.0,1520.0
0.7738152566389402,0.0,0.30904399,0.647230092,0.0,1520.0
0.8004546192626669,0.0,0.4225430655,0.7376743244999999,0.0,1520.0
0.8275595295472212,0.0,0.474022578,0.789615311,0.0,1520.0
0.8419986942181706,0.0,0.505118437,0.805068904,0.0,1520.0
0.8460322526474988,0.005497509,0.537527536,0.817845483,0.0,1520.0
0.8439606895115339,0.02592262,0.534592852,0.80032614,0.0,1520.0
0.8397220777784162,0.056210165,0.560111658,0.796548306,0.0,1520.0
0.837691450023774,0.028572074,0.5572734340000001,0.76303722,0.0,1520.0
0.8458085157881706,0.0,0.554087212,0.72452278,0.0,1520.0
0.8604814637467461,0.0,0.554970578,0.705603172,0.0,1520.0
0.8644482673239676,0.0,0.553018941,0.70381294,0.0,1520.0
0.863977696448991,0.0,0.554534746,0.692157791,0.0,1520.0
0.858834559471,0.0,0.5450542865,0.661991016,0.0,1520.0
0.832431233828626,0.0,0.532001401,0.647641073,0.0,1520.0
0.8097952915998229,0.0,0.50607676,0.644186137,0.0,1520.0
0.7827933303198092,0.0,0.456266841,0.63997916,0.0,1520.0
0.7711305521934093,0.0,0.43294083,0.617103645,0.0,1520.0
0.7667667161832992,0.0,0.3661756185,0.533701939,0.0,1520.0
0.7701828381861091,0.0,0.317452906,0.440234749,0.0,1520.0
0.7682778339270594,0.0,0.280072001,0.359188506,0.0,1520.0
0.7973742200948115,0.0,0.229713378,0.28221944200000004,0.0,1520.0
0.8345366911552066,0.0,0.18848271049999998,0.2314315365,0.0,1520.0
0.8455129539692507,0.00801256,0.155981328,0.200060234,0.0,1520.0
0.8456475903640165,0.044094306,0.141472764,0.223271328,0.0,1520.0
0.8450112115307447,0.051620239,0.117133518,0.18691353,0.0,1520.0
0.8450464202978788,0.027765178,0.102295469,0.180934901,0.0,1520.0
0.8456731278495404,0.004593892,0.095846343,0.191093304,0.0,1520.0
0.8542957856827039,0.0,0.098494017,0.204467055,0.0,1520.0
0.8677094024746903,0.0,0.098800497,0.21128076,0.0,1520.0
0.8712782110551468,0.0,0.102281963,0.225472708,0.0,1520.0
0.8702225251417792,0.0,0.108527432,0.249670008,0.0,1520.0
0.8639702322803937,0.0,0.1287413805,0.3196383565,0.0,1520.0
0.8262162621228488,0.0,0.17406871699999998,0.400249443,0.0,1520.0
0.7966562990648687,0.0,0.214358288,0.435620678,0.0,1520.0
0.7840287899647902,0.0,0.21886905750000002,0.46543990550000003,0.0,1520.0
0.7809132061017131,0.0,0.23066796750000002,0.453938711,0.0,1520.0
0.8365708396615135,0.0,0.262796583,0.42943050299999996,0.0,1520.0
0.8995529293764596,0.0,0.283606245,0.447798212,0.0,1520.0
0.8895725456529556,0.0,0.300400244,0.486895615,0.0,1520.0
0.8869368982019149,0.0,0.333018028,0.539216502,0.0,1520.0
0.8884984575440651,0.0,0.384835268,0.585838062,0.0,1520.0
0.89001588900658,0.006265785,0.429395711,0.640124474,0.0,1520.0
0.8887039804064587,0.015967413,0.499197135,0.714084122,0.0,1520.0
0.8877711006370587,0.015901066,0.530853161,0.770106056,0.0,1520.0
0.8855934428915765,0.009818588,0.571666605,0.821524398,0.0,1520.0
0.8845552200565234,0.002958697,0.651390406,0.847240693,0.0,1520.0
0.8866882803637663,0.0,0.723302214,0.848183762,0.0,1520.0
0.8941055931396856,0.0,0.785227007,0.841172461,0.0,1520.0
0.895565188862595,0.0,0.829601865,0.854941362,0.0,1520.0
0.8918624948059926,0.0,0.859499287,0.870754892,0.0,1520.0
0.881799253996677,0.0,0.8840094705,0.929919466,0.0,1520.0
0.8606506517766979,0.0,0.884220677,0.937372574,0.0,1520.0
0.8297800009084428,0.0,0.873670402,0.937251754,0.0,1520.0
0.7844310331851716,0.0,0.781277506,0.93438109,0.0,1520.0
0.7729511506360716,0.0,0.801057982,0.935091282,0.0,1520.0
