Demand,Avail_Sol,Avail_Wind_On,Avail_Wind_Off,Hyd_In,HydRoR_In
0.7771496824422901,0.0,0.55280215,0.5393400483999999,24971.0,1231.0
0.8685146420022747,0.0,0.5316118245,0.5239906814999999,24971.0,1231.0
0.8750635531558628,0.0,0.488422909,0.47708738100000003,24971.0,1231.0
0.8747908818531698,0.01045834,0.46752096600000004,0.4063209895,24971.0,1231.0
0.8741427113486328,0.013947641666666665,0.39045658766666663,0.3352856513333333,24971.0,1231.0
0.8785003434431038,0.0,0.317128404,0.2575453715,24971.0,1231.0
0.87877471858246,0.0,0.27354547766666665,0.207067546,24971.0,1231.0
0.855920987317822,0.0,0.26238741649999997,0.1653928595,24971.0,1231.0
0.8030174054691868,0.0,0.25958989899999996,0.19088426749999998,24971.0,1231.0
0.7799877627787501,0.0,0.2527553628,0.19830688759999998,24971.0,1231.0
0.8734843495799147,0.0,0.2652520195,0.102952747,24971.0,1231.0
0.8813649715581539,0.0,0.258637591,0.07209298966666668,24971.0,1231.0
0.8810816512245397,0.06255640850000001,0.23615759,0.0970586285,24971.0,1231.0
0.8798029002355469,0.07564465266666666,0.18573231833333334,0.10722452366666667,24971.0,1231.0
0.8898000550264478,0.0,0.1258001385,0.119177405,24971.0,1231.0
0.8943400571514907,0.0,0.12414525633333333,0.154957629,24971.0,1231.0
0.8646002509934139,0.0,0.16060747666666667,0.18865016066666665,24971.0,1231.0
0.7937758871544276,0.0,0.217582796,0.18149569,24971.0,1231.0
0.7836326550686868,0.0,0.261333018,0.1658252215,24971.0,1231.0
0.7943425434234175,0.0,0.2923635625,0.182578652,24971.0,1231.0
0.8766316983272254,0.0,0.31989690299999995,0.1881662915,24971.0,1231.0
0.8801207066070555,0.0,0.336467108,0.192098835,24971.0,1231.0
0.8770590686931107,0.003645733,0.3580203555,0.205219822,24971.0,1231.0
0.8762600800981754,0.0417505465,0.3529560725,0.227456855,24971.0,1231.0
0.8752393603674147,0.018664542,0.355686411,0.236458699,24971.0,1231.0
0.8825504076497387,0.0,0.35829753799999997,0.267979698,24971.0,1231.0
0.8698046333703859,0.0,0.34533927124999997,0.32122182325,24971.0,1231.0
0.807255566312395,0.0,0.346254712,0.31111844349999995,24971.0,1231.0
0.7839442946850188,0.0,0.33312651000000004,0.26857007800000005,24971.0,1231.0
0.877305930539531,0.0,0.31703572199999996,0.24607758899999999,24971.0,1231.0
0.885847139056317,0.0,0.31273353400000004,0.260798609,24971.0,1231.0
0.8865719648830793,0.003519963,0.3191452425,0.301587967,24971.0,1231.0
0.881231349232694,0.01574818875,0.30729039325,0.32111973824999995,24971.0,1231.0
0.8864768830516172,0.0,0.33198419599999995,0.355046869,24971.0,1231.0
0.8882917167241603,0.0,0.36236797033333334,0.37775474200000003,24971.0,1231.0
0.8683150605359684,0.0,0.3676507465,0.39655828299999996,24971.0,1231.0
0.8003454174170769,0.0,0.361056578,0.3759324585,24971.0,1231.0
0.7943284081580856,0.0,0.3351181273333333,0.43909784733333335,24971.0,1231.0
0.8832142437729626,0.0,0.30372535349999996,0.4573547845,24971.0,1231.0
0.8918545248586129,0.0,0.25931410799999993,0.4776913666666667,24971.0,1231.0
0.892123993796121,0.0428549735,0.22920548149999997,0.4556623275,24971.0,1231.0
0.8908002104614171,0.05200099825,0.19440542225000002,0.46919814675000004,24971.0,1231.0
0.9037253258894649,0.0,0.1898873735,0.60331213325,24971.0,1231.0
0.8867540823860178,0.0,0.221309205,0.6932275925,24971.0,1231.0
0.8144474104728513,0.0,0.27546950000000003,0.628229723,24971.0,1231.0
0.7863220714624428,0.0,0.3293863855,0.61698651075,24971.0,1231.0
0.7908085258553476,0.0,0.35846372849999997,0.513813528,24971.0,1231.0
0.8354007078936349,0.0,0.3653007959999999,0.5957450166666667,24971.0,1231.0
0.8507510359583721,0.0999143615,0.414006702,0.746022677,24971.0,1231.0
0.8491383397487502,0.146370974,0.439556628,0.7467856575,24971.0,1231.0
0.8548597079075135,0.036982459,0.454656386,0.7872526715,24971.0,1231.0
0.8750774519785638,0.0,0.4572167025,0.755342438,24971.0,1231.0
0.8732928608717769,0.0,0.460773212,0.7289213865,24971.0,1231.0
0.8570957589838273,0.0,0.4486196075,0.7072400765,24971.0,1231.0
0.8104968292442606,0.0,0.42336674166666666,0.744923508,24971.0,1231.0
0.791639354470777,0.0,0.37623330825,0.47538480725,24971.0,1231.0
0.8130436428762662,0.0,0.587188382,0.57765691175,24971.0,1231.0
0.8493151566566286,0.0,0.692180854,0.779083303,24971.0,1231.0
0.8495385912149113,0.050577125,0.6686810599999999,0.659116951,24971.0,1231.0
0.846738203009386,0.0664682915,0.612925357,0.42753461699999995,24971.0,1231.0
0.8486635467229664,0.011284746,0.6206356935,0.7205322045,24971.0,1231.0
0.8617351653877612,0.0,0.641090697,0.795181241,24971.0,1231.0
0.8537975054389813,0.0,0.64335909575,0.83338763975,24971.0,1231.0
0.7926570450090067,0.0,0.5975086544999999,0.8559937405,24971.0,1231.0
0.7935191019661185,0.0,0.4973023386666666,0.7842185053333334,24971.0,1231.0
0.8832292465238709,0.0,0.4660936685,0.6134596315,24971.0,1231.0
0.8922470305332224,0.0,0.48625272133333336,0.5440773010000001,24971.0,1231.0
0.892057971557883,0.08095594,0.4539332106666667,0.63937503,24971.0,1231.0
0.8908258386335004,0.07498339849999999,0.415340049,0.7615978205,24971.0,1231.0
0.8956780781984938,0.001898342,0.377908718,0.778989806,24971.0,1231.0
0.9077226352234113,0.0,0.3499960075,0.793584749,24971.0,1231.0
0.9063838253209504,0.0,0.32901946800000004,0.822634181,24971.0,1231.0
0.8907389446204994,0.0,0.32203654849999996,0.847706489,24971.0,1231.0
0.830502812947969,0.0,0.3356453465,0.8574727529999999,24971.0,1231.0
0.7980801178005372,0.0,0.341394282,0.876085554,24971.0,1231.0
0.8043482800808196,0.0,0.33731724566666665,0.835804678,24971.0,1231.0
0.8925502758355608,0.0,0.33269543349999997,0.7819969984999999,24971.0,1231.0
0.9008330266689669,0.0003925353333333334,0.339334152,0.7536596233333334,24971.0,1231.0
0.8967088469826852,0.19323722666666665,0.3816308853333334,0.6709494836666666,24971.0,1231.0
0.8936232926032355,0.165535433,0.37126734149999996,0.60735411,24971.0,1231.0
0.9025153421513608,0.0011270673333333332,0.3727262013333333,0.6184642603333333,24971.0,1231.0
0.8933391598734524,0.0,0.388397101,0.56684092825,24971.0,1231.0
0.8070385207791693,0.0,0.45492026974999994,0.49666421875,24971.0,1231.0
0.7955912567405893,0.0,0.4596486343333333,0.5201059843333333,24971.0,1231.0
0.883785727406579,0.0,0.45337456600000003,0.4831190205,24971.0,1231.0
0.8925221946661049,0.0,0.4608534583333333,0.44076419099999997,24971.0,1231.0
0.8915455057307813,0.093295509,0.465634283,0.49924652449999996,24971.0,1231.0
0.8856351102834426,0.173461261,0.4711458375,0.458109357,24971.0,1231.0
0.8873825487626994,0.022777998,0.4495843035,0.42439670949999997,24971.0,1231.0
0.894254314734912,0.0,0.4037347185,0.4298518225,24971.0,1231.0
0.8563346326204521,0.0,0.3782710413333334,0.4643474060000001,24971.0,1231.0
0.78533220573463,0.0,0.36495386249999995,0.5531475175,24971.0,1231.0
0.8770425511906096,0.0,0.328852528,0.587982936,24971.0,1231.0
0.8833131588744867,0.0,0.298216957,0.5418404195,24971.0,1231.0
0.8831556992659158,0.005242293,0.27004944399999997,0.53759103,24971.0,1231.0
0.8808376447076535,0.03146915066666667,0.232632148,0.5957167303333333,24971.0,1231.0
0.8827757039262312,0.0084362415,0.2083983635,0.5856161049999999,24971.0,1231.0
0.8941066990442161,0.0,0.1988328245,0.54470988,24971.0,1231.0
0.8916137051741843,0.0,0.185233824,0.524247994,24971.0,1231.0
0.8764309334741811,0.0,0.183211668,0.5481764179999999,24971.0,1231.0
0.8173849548029106,0.0,0.1791575165,0.641451371,24971.0,1231.0
0.7917168797638151,0.0,0.18652732219999998,0.6426762258000001,24971.0,1231.0
0.8829855556320088,0.0,0.20032527449999998,0.525216389,24971.0,1231.0
0.8915721986195637,0.0,0.19439276,0.4765665855,24971.0,1231.0
0.8927145982173796,0.020407148,0.18462192100000002,0.421707874,24971.0,1231.0
0.8897979724811759,0.0778776668,0.20157933020000002,0.40335376199999995,24971.0,1231.0
0.9029693579794338,0.0,0.222603203,0.38717940949999996,24971.0,1231.0
0.8906884458592325,0.0,0.252368555,0.4224456925,24971.0,1231.0
0.811102310152611,0.0,0.28885134966666665,0.478609891,24971.0,1231.0
0.7827338874419197,0.0,0.317426195,0.44764459749999996,24971.0,1231.0
0.8050261883029498,0.0,0.3508330479999999,0.3920171455,24971.0,1231.0
0.845092755733022,0.00103397,0.357176735,0.403119578,24971.0,1231.0
0.8468734659360491,0.123435312,0.36247578350000004,0.37822708225,24971.0,1231.0
0.8567244564488359,0.02407377366666667,0.3657709519999999,0.3602560796666667,24971.0,1231.0
0.8592114461671864,0.0,0.38687330059999997,0.4933287,24971.0,1231.0
0.7984065219164466,0.0,0.410458559,0.6271701996666667,24971.0,1231.0
0.7781132868840439,0.0,0.4437233272,0.7404108158,24971.0,1231.0
0.812201862134625,0.0,0.5295538716666667,0.8583626070000001,24971.0,1231.0
0.845805891836116,0.022464963499999997,0.5906034600000001,0.877608206,24971.0,1231.0
0.8459898708501612,0.12770795533333332,0.6435436299999999,0.8645216666666666,24971.0,1231.0
0.8495785360055501,0.0251604985,0.7166630629999999,0.85729279,24971.0,1231.0
0.8667437762348804,0.0,0.772933818,0.850165838,24971.0,1231.0
0.852206367101958,0.0,0.8205468204999999,0.84291464775,24971.0,1231.0
0.794244890131647,0.0,0.846531319,0.8264449160000001,24971.0,1231.0
0.7835727143765342,0.0,0.87440433925,0.8182968425,24971.0,1231.0
0.8744513517540492,0.0,0.862600756,0.8416414385,24971.0,1231.0
0.88014782550678,0.0,0.8601146543333332,0.8722604003333334,24971.0,1231.0
0.8805144742985217,0.01596599,0.858892421,0.9180781849999999,24971.0,1231.0
0.8790431938396092,0.01547891575,0.862541174,0.9263906825,24971.0,1231.0
0.8880350103040386,0.0,0.8658276275000001,0.9255577319999999,24971.0,1231.0
0.8714779802213619,0.0,0.85236323925,0.9198532655,24971.0,1231.0
0.807170234063376,0.0,0.8366325370000001,0.8950602145,24971.0,1231.0
0.7845085561802023,0.0,0.768836828,0.8281509384,24971.0,1231.0
0.8765448517408194,0.0,0.6904341565000001,0.7895823485,24971.0,1231.0
0.8840045082906465,0.0,0.641991144,0.8010354223333334,24971.0,1231.0
0.8844655446354452,0.024356198,0.6007103516666668,0.7885900303333333,24971.0,1231.0
0.8844523875177445,0.018845811,0.574037925,0.8254530076666667,24971.0,1231.0
0.8950894617592613,0.0,0.5444492114999999,0.837920824,24971.0,1231.0
0.8838874823049095,0.0,0.5270697930000001,0.83158724575,24971.0,1231.0
0.8158870288818103,0.0,0.5118099895,0.8086710585000001,24971.0,1231.0
0.7902456087073804,0.0,0.4766118874,0.7770782385999999,24971.0,1231.0
0.8871931190729286,0.0,0.434222419,0.7427472165,24971.0,1231.0
0.8933381895957366,0.001526548,0.417736778,0.729992399,24971.0,1231.0
0.8926982225804572,0.02633136,0.415024897,0.726845683,24971.0,1231.0
0.8909842921295329,0.06927684966666667,0.42270645100000004,0.7199224190000001,24971.0,1231.0
0.8933276354180053,0.026515445500000002,0.4391075415,0.717787006,24971.0,1231.0
0.9036984435014058,0.0,0.44410420549999996,0.7141843575,24971.0,1231.0
0.8935736457603002,0.0,0.44050178875,0.7247634445000001,24971.0,1231.0
0.8084172754722692,0.0,0.4557868495,0.7191917895,24971.0,1231.0
0.7974868314640187,0.0,0.495199962,0.7394535196666667,24971.0,1231.0
0.8851341922453964,0.0,0.514492925,0.7436808235,24971.0,1231.0
0.8926313009627755,0.0,0.516393759,0.757621871,24971.0,1231.0
0.8934595383050399,0.002094012,0.509404423,0.762449546,24971.0,1231.0
0.8943130958571754,0.079149375,0.503296783,0.746531313,24971.0,1231.0
0.8916981537835903,0.09359780699999999,0.4595814946666667,0.7587443036666667,24971.0,1231.0
0.8982350122309253,0.002832168,0.4485496915,0.774631558,24971.0,1231.0
0.901281473772585,0.0,0.42749107166666667,0.7998669193333333,24971.0,1231.0
0.8815919400535794,0.0,0.401647281,0.816762698,24971.0,1231.0
0.8123293790626333,0.0,0.39238257233333335,0.8017289383333334,24971.0,1231.0
0.7935359704047112,0.0,0.37819628875,0.7839337559999999,24971.0,1231.0
0.8837137891320976,0.0,0.372992722,0.7483578785,24971.0,1231.0
0.8923531078789818,0.000664653,0.384397633,0.7600570823333334,24971.0,1231.0
0.8930450884761558,0.0444270115,0.3810230185,0.7242557224999999,24971.0,1231.0
0.8906827664727226,0.061432263,0.370667218,0.6993244695,24971.0,1231.0
0.8911733196252112,0.013004549,0.36789802400000005,0.6724730345000001,24971.0,1231.0
0.9004187660632219,0.0,0.3784156845,0.650560313,24971.0,1231.0
0.8856483146551525,0.0,0.38430885025,0.657840935,24971.0,1231.0
0.817860788935648,0.0,0.392884598,0.6295910935,24971.0,1231.0
0.7829253404247842,0.0,0.4002837125,0.6063337715,24971.0,1231.0
0.7797643691302202,0.0,0.4036350246666667,0.5716077519999999,24971.0,1231.0
0.8040389531978788,0.0,0.40576361225,0.56305082225,24971.0,1231.0
0.8454586945755622,0.0095058295,0.406622157,0.52885665,24971.0,1231.0
0.8460016398252574,0.0387832055,0.3765255745,0.445163332,24971.0,1231.0
0.8480289750178679,0.017880386666666664,0.3356310933333333,0.37146142400000004,24971.0,1231.0
0.867920204310954,0.0,0.32231975700000004,0.3493392095,24971.0,1231.0
0.8582355556071564,0.0,0.28156953549999997,0.29837980524999996,24971.0,1231.0
0.8100576585616865,0.0,0.237062998,0.224042414,24971.0,1231.0
0.7858877083661556,0.0,0.18533538100000002,0.18717166675,24971.0,1231.0
0.7832935273707617,0.0,0.145053414,0.17906890450000001,24971.0,1231.0
0.8171409324771594,0.0,0.12793654233333332,0.20821245966666668,24971.0,1231.0
0.8477376250925108,0.005022152,0.127868929,0.261609876,24971.0,1231.0
0.8498849364535819,0.154230709,0.14452726300000002,0.309101046,24971.0,1231.0
0.8480386775188877,0.2366576095,0.143284643,0.3815876385,24971.0,1231.0
0.8521181953667869,0.09551847249999999,0.1449070355,0.4692503725,24971.0,1231.0
0.8725299361637204,0.0,0.1615482225,0.5084527225,24971.0,1231.0
0.8609831496249338,0.0,0.191774825,0.51467531075,24971.0,1231.0
0.8005716918757173,0.0,0.26273010875,0.5456195135,24971.0,1231.0
0.7974431164316745,0.0,0.28616274199999997,0.5370264983333333,24971.0,1231.0
0.8853415829458173,0.0,0.2991121825,0.5069891845,24971.0,1231.0
0.8923389412030233,0.001125061,0.32211189133333334,0.5003638103333333,24971.0,1231.0
0.8911295885768991,0.0728084775,0.35191262300000004,0.5257653055,24971.0,1231.0
0.8894372396083194,0.0594018095,0.35278689100000005,0.49712088475,24971.0,1231.0
0.8988333306189029,0.0,0.3632265135,0.4951133945,24971.0,1231.0
0.8986148654979284,0.0,0.381719148,0.496016078,24971.0,1231.0
0.8825960947171755,0.0,0.3841983073333333,0.5149122230000001,24971.0,1231.0
0.8034799284686002,0.0,0.41342881725,0.517091659,24971.0,1231.0
0.7930220965185963,0.0,0.43337325600000004,0.5482375223333333,24971.0,1231.0
0.879730346588916,0.0,0.458507994,0.5946667425000001,24971.0,1231.0
0.88206200015372,0.0,0.4790268905,0.6095906655000001,24971.0,1231.0
0.8773795569798795,0.021919881000000002,0.4986577936666667,0.6702740770000001,24971.0,1231.0
0.8751975698745341,0.024234271999999998,0.53267528825,0.648578665,24971.0,1231.0
0.882698654348863,0.0,0.6264865315,0.7083100855,24971.0,1231.0
0.8656267208708879,0.0,0.6925056267499999,0.79143179975,24971.0,1231.0
0.7904143797866378,0.0,0.6610563963333335,0.8486537323333333,24971.0,1231.0
0.7687826453406431,0.0,0.62148968875,0.87398130625,24971.0,1231.0
0.8699271888690702,0.0,0.585171823,0.8440726265,24971.0,1231.0
0.8767692801865636,0.0,0.5610126234999999,0.7989964755,24971.0,1231.0
0.8725163531041125,0.0240733045,0.55422372,0.73525954,24971.0,1231.0
0.8682725839107353,0.027615625499999998,0.66365108875,0.64901008975,24971.0,1231.0
0.8694865666013287,0.001920928,0.7588728425,0.7120559735,24971.0,1231.0
0.8726409672069575,0.0,0.771415337,0.65077422,24971.0,1231.0
0.8581815543193732,0.0,0.78711109275,0.65676575375,24971.0,1231.0
0.786915219523169,0.0,0.7499316795,0.5624302495,24971.0,1231.0
0.7562798081947555,0.0,0.6885325094000001,0.3934945484,24971.0,1231.0
0.8583845435625574,0.0,0.684418189,0.45182567399999995,24971.0,1231.0
0.8733395892532699,0.0042593733333333335,0.6283922106666666,0.4877949543333333,24971.0,1231.0
0.8704351585583316,0.11380686,0.5841994395,0.4969500235,24971.0,1231.0
0.8690345855605677,0.1327550375,0.529150209,0.49746609649999995,24971.0,1231.0
0.8715173568248262,0.069473482,0.43277739849999997,0.478867134,24971.0,1231.0
0.8815113881567981,0.0,0.3534716955,0.450811737,24971.0,1231.0
0.8720427749447279,0.0,0.30743164866666667,0.46870391666666666,24971.0,1231.0
0.8349031661182882,0.0,0.297171649,0.5504916215,24971.0,1231.0
0.7836617694751808,0.0,0.28762249666666667,0.5930488420000001,24971.0,1231.0
0.7864001110613493,0.0,0.2735887906666667,0.5508243706666667,24971.0,1231.0
0.8799047497109297,0.0,0.269845655,0.471804545,24971.0,1231.0
0.8883387604545404,0.0,0.277535297,0.407262119,24971.0,1231.0
0.8883575496702248,0.09219206699999999,0.3037908075,0.3379221875,24971.0,1231.0
0.8794305248378033,0.24728476600000002,0.29434334933333334,0.309468478,24971.0,1231.0
0.8832058194428362,0.11694816350000001,0.28544986299999997,0.372733341,24971.0,1231.0
0.8993065616736018,0.0,0.270715223,0.45016435,24971.0,1231.0
0.899341395161354,0.0,0.26294928650000005,0.4214664245,24971.0,1231.0
0.8842430090424,0.0,0.2409790115,0.35401927899999996,24971.0,1231.0
0.8247662051124262,0.0,0.20554683350000003,0.263650793,24971.0,1231.0
0.7894858548710411,0.0,0.176125931,0.1522858425,24971.0,1231.0
0.7850507983772267,0.0,0.15399446475,0.166353256,24971.0,1231.0
0.8183884628908338,0.0,0.13332769733333333,0.23813995799999998,24971.0,1231.0
0.8481215485554471,0.019593932,0.150820269,0.32882732,24971.0,1231.0
0.8490152874098869,0.159095752,0.2061151115,0.4658591675,24971.0,1231.0
0.8469897819725842,0.1799578013333333,0.321690877,0.5299892783333334,24971.0,1231.0
0.8595785776746806,0.0105472455,0.494837515,0.61428638,24971.0,1231.0
0.867944152463223,0.0,0.59761315,0.680942543,24971.0,1231.0
0.8443694444507496,0.0,0.6456029957499999,0.7733104837499999,24971.0,1231.0
0.7852912985361907,0.0,0.6182768773333334,0.8172153576666666,24971.0,1231.0
0.7643602491588677,0.0,0.6206616165000001,0.8021265209999999,24971.0,1231.0
0.7809468473417521,0.0,0.5703026345000001,0.7099762227499999,24971.0,1231.0
0.8247698965169097,0.011057736,0.55255236,0.687394651,24971.0,1231.0
0.8277564726284097,0.1172289805,0.550220676,0.687470991,24971.0,1231.0
0.830281247494571,0.10555223799999999,0.52934292325,0.7113308765,24971.0,1231.0
0.8511817191443941,0.0,0.5170166205,0.749128757,24971.0,1231.0
0.8404651103997517,0.0,0.49551169325000005,0.75458222325,24971.0,1231.0
0.7927718112590189,0.0,0.412050831,0.7167411733333333,24971.0,1231.0
0.7848319306479536,0.0,0.35034800525,0.702071216,24971.0,1231.0
0.8785063067678737,0.0,0.305196008,0.6410619575000001,24971.0,1231.0
0.8869251410011304,0.0016461153333333332,0.3033535103333333,0.6347353379999999,24971.0,1231.0
0.8827073151906547,0.050168688,0.2999801145,0.6185527605000001,24971.0,1231.0
0.8799908391286424,0.0667888465,0.29535968,0.6035641565,24971.0,1231.0
0.8890137502497455,0.0,0.309898442,0.5681361985,24971.0,1231.0
0.8752967691214213,0.0,0.35165355425,0.629138145,24971.0,1231.0
0.8018654141704745,0.0,0.35769278833333334,0.6769227663333334,24971.0,1231.0
0.790160572325756,0.0,0.36211303125,0.72497556475,24971.0,1231.0
0.8836456369081862,0.0,0.3672395535,0.7278371865,24971.0,1231.0
0.8920109275513657,0.0,0.364857016,0.7375007579999999,24971.0,1231.0
0.8934196883675908,0.037453749,0.359479783,0.739440518,24971.0,1231.0
0.8881667711183917,0.18941808799999998,0.32892313,0.7333550225000001,24971.0,1231.0
0.8846181293837603,0.2434029865,0.3401826905,0.7800118575,24971.0,1231.0
0.8891848875640112,0.114158289,0.339652335,0.8114681754999999,24971.0,1231.0
0.8973060613043868,0.0,0.351527113,0.7883258295,24971.0,1231.0
0.8834866627551254,0.0,0.40003871550000003,0.766797001,24971.0,1231.0
0.8471497185334457,0.0,0.47184850500000003,0.8078817253333334,24971.0,1231.0
0.780422987154426,0.0,0.56101229475,0.79570542675,24971.0,1231.0
0.787361828518323,0.0,0.630307468,0.7862011895000001,24971.0,1231.0
0.8695427921757004,0.0,0.6632359085,0.8014744335,24971.0,1231.0
0.8770675876693239,0.0,0.689521324,0.8047534915000001,24971.0,1231.0
0.8771010482710615,0.005005114,0.69559723,0.799188504,24971.0,1231.0
0.8786721907065711,0.049401020000000004,0.7146317120000001,0.762430793,24971.0,1231.0
0.87936159186997,0.04413643999999999,0.6741413965,0.71517009425,24971.0,1231.0
0.8899229178660348,0.0,0.6225360955,0.6984857315,24971.0,1231.0
0.8733484475332878,0.0,0.56704021075,0.68633867275,24971.0,1231.0
0.8062768332010883,0.0,0.5020517918571429,0.6628204035714286,19791.0,975.2857142857143
0.9024721791866719,0.0,0.4516002645,0.646442037,17719.0,873.0
0.9513665250518208,0.0,0.447535059,0.6405745119999999,17719.0,873.0
0.9517239923447428,0.017777895,0.453898238,0.656476848,17719.0,873.0
0.9439945038748232,0.109884593,0.4752835405,0.624043732,17719.0,873.0
0.9372893791135529,0.14244621899999999,0.484128447,0.5808621125,17719.0,873.0
0.9392025124464367,0.0740889015,0.5152686774999999,0.5477383105,17719.0,873.0
0.9582842936819773,0.0009761275,0.5150106935000001,0.527965012,17719.0,873.0
0.9368747399924956,0.0,0.51079191725,0.42595537925,17719.0,873.0
0.8274246809341659,0.0,0.450370366,0.38117780749999997,17719.0,873.0
0.8174872776467957,0.0,0.37122225766666667,0.4016377823333333,17719.0,873.0
0.9152259912038205,0.0,0.3175591585,0.3924197465,17719.0,873.0
0.9693649718536206,0.0,0.278328295,0.42895403249999997,17719.0,873.0
0.9662325312111314,0.098439021,0.243013717,0.436008192,17719.0,873.0
0.9651676550424262,0.329924537,0.247273702,0.382688783,17719.0,873.0
0.9555871430944395,0.465762158,0.2024565073333333,0.312821872,17719.0,873.0
0.9536673681053142,0.346354823,0.182621741,0.274551997,17719.0,873.0
0.9722667363731299,0.0879790545,0.1826766545,0.284681752,17719.0,873.0
0.9844414450218237,0.0,0.194932892,0.321142784,17719.0,873.0
0.9803646248980494,0.0,0.220603873,0.352798061,17719.0,873.0
0.9369243869389825,0.0,0.2532040005,0.4092217425,17719.0,873.0
0.8333473581091964,0.0,0.30977834225,0.4130602685,17719.0,873.0
0.8065031955749669,0.0,0.351600423,0.39605067875,17719.0,873.0
0.8562799531392659,0.0,0.3888506063333333,0.466619396,17719.0,873.0
0.8934056318704463,0.165866246,0.40973792249999996,0.534392744,17719.0,873.0
0.8928919355751833,0.3734879795,0.3950107655,0.531964172,17719.0,873.0
0.8945772641305889,0.26611194266666666,0.40945759066666665,0.54267149,17719.0,873.0
0.9219372685820338,0.002834122,0.41951051500000003,0.548265131,17719.0,873.0
0.9177390365134964,0.0,0.39017690033333335,0.5654446133333334,17719.0,873.0
0.859419997845797,0.0,0.371693722,0.533568513,17719.0,873.0
0.8114515107208157,0.0,0.34560650066666665,0.6413412278333334,17719.0,873.0
0.8618652064875517,0.0,0.3093838793333334,0.7144361839999999,17719.0,873.0
0.8978101028703966,0.191070357,0.276944305,0.7439526675,17719.0,873.0
0.8918967099518084,0.3451540473333334,0.254110769,0.7612307936666666,17719.0,873.0
0.8968429109898827,0.209235947,0.23341601,0.782849923,17719.0,873.0
0.9207467838017128,0.007695559,0.231963447,0.789861704,17719.0,873.0
0.9231160157288514,0.0,0.22012344433333333,0.8147365839999999,17719.0,873.0
0.899752626609085,0.0,0.231248348,0.8468114325,17719.0,873.0
0.8275101786585095,0.0,0.26704794000000004,0.880103325,17719.0,873.0
0.8712535042454712,0.0,0.28283289050000004,0.8820485485,17719.0,873.0
0.9643129141725869,0.0,0.27951366066666666,0.8847997293333334,17719.0,873.0
0.9661297352058474,0.096521809,0.275815943,0.885762602,17719.0,873.0
0.9662262841552046,0.234251867,0.2735413745,0.881366442,17719.0,873.0
0.9592548456021199,0.302273326,0.25568837099999997,0.880753834,17719.0,873.0
0.961315263157293,0.2143055015,0.242413193,0.8767653705,17719.0,873.0
0.9799935747526224,0.009416023,0.228979194,0.87035619,17719.0,873.0
0.976710442145483,0.0,0.20929844900000003,0.852932724,17719.0,873.0
0.9334993654197346,0.0,0.18210369199999998,0.8089056075,17719.0,873.0
0.8339630460215581,0.0,0.15741427725,0.688004166,17719.0,873.0
0.8194426747720277,0.0,0.12519870733333335,0.5246754803333333,17719.0,873.0
0.9154062155779223,0.0,0.097774428,0.364077336,17719.0,873.0
0.967854740491531,0.0,0.1014389255,0.239416347,17719.0,873.0
0.9635064476393576,0.088923276,0.10820642,0.206213264,17719.0,873.0
0.9597764457775841,0.239848651,0.11247955400000001,0.20338262299999998,17719.0,873.0
0.9549398716932086,0.34560389550000004,0.11913058800000001,0.284713053,17719.0,873.0
0.9574225010918885,0.208294268,0.119433366,0.36874645699999997,17719.0,873.0
0.9759218182980369,0.005681524,0.14782787400000003,0.43408936249999996,17719.0,873.0
0.9730759952075363,0.0,0.16494797,0.4986307625,17719.0,873.0
0.9161029762511969,0.0,0.1759884336666667,0.49043276099999994,17719.0,873.0
0.8160670638256703,0.0,0.20722878566666666,0.5029052066666667,17719.0,873.0
0.8869034018098254,0.0,0.226529679,0.493060837,17719.0,873.0
0.9485590847808744,0.00042125066666666666,0.23210824733333335,0.498196833,17719.0,873.0
0.9549395403283537,0.1241536615,0.2454228685,0.455644043,17719.0,873.0
0.9527628384234094,0.248922456,0.21825681433333333,0.41592765833333334,17719.0,873.0
0.9562936373341889,0.16528391,0.2199431435,0.4577837355,17719.0,873.0
0.9728789693926732,0.005427308,0.23733661550000001,0.630421597,17719.0,873.0
0.9488027994895855,0.0,0.25835296375,0.7082845312499999,17719.0,873.0
0.852918745725704,0.0,0.2807086325,0.7804911215,17719.0,873.0
0.8153709849079711,0.0,0.366013088,0.8941921896,17719.0,873.0
0.8870500233024049,0.0,0.414523064,0.910336186,17719.0,873.0
0.9482460270058048,0.00046146100000000003,0.44308281433333335,0.9157723703333334,17719.0,873.0
0.954739154266759,0.05896723449999999,0.443676691,0.9169027075,17719.0,873.0
0.9503657777854139,0.13137359533333334,0.42674924833333333,0.9143421910000001,17719.0,873.0
0.9491139090464114,0.055022491,0.44075432449999996,0.909383898,17719.0,873.0
0.9579666293141156,0.001732086,0.45506488700000003,0.8892196864999999,17719.0,873.0
0.9447621140819278,0.0,0.45810439999999997,0.8526235870000001,17719.0,873.0
0.9012663604976907,0.0,0.47209784600000004,0.83399902,17719.0,873.0
0.8265073965357559,0.0,0.517781591,0.7925539484999999,17719.0,873.0
0.7935580747807967,0.0,0.5968991768,0.781375259,17719.0,873.0
0.8640348726882144,0.0,0.647425338,0.754180178,17719.0,873.0
0.9277914070443738,0.000504248,0.6780744263333333,0.7479986133333334,17719.0,873.0
0.9333998824416904,0.053128813,0.706287447,0.798587847,17719.0,873.0
0.9347090177929838,0.1371188835,0.705426926,0.8328923535,17719.0,873.0
0.9350341759770388,0.14618556433333332,0.688501216,0.879188328,17719.0,873.0
0.9474924571418082,0.0220873375,0.6515196225,0.8828177845,17719.0,873.0
0.9540332753991588,0.0,0.5963652823333333,0.8454275553333334,17719.0,873.0
0.9008603822184251,0.0,0.5460218769999999,0.7798483913333333,17719.0,873.0
0.7979384180080163,0.0,0.5151779697500001,0.7599449454999999,17719.0,873.0
0.7932837248113627,0.0,0.4834092673333334,0.7373675116666666,17719.0,873.0
0.8404890187537211,0.0005771006666666667,0.483901538,0.6823078716666666,17719.0,873.0
0.8758204515107926,0.042779346,0.498059742,0.682971643,17719.0,873.0
0.8765365220567797,0.11137168150000001,0.52518782,0.655978777,17719.0,873.0
0.8726469305317275,0.153793457,0.5771053129999999,0.6602521415,17719.0,873.0
0.8761053652261181,0.108565517,0.610100809,0.7013799304999999,17719.0,873.0
0.8967231716782591,0.002914199,0.641643257,0.7556267215,17719.0,873.0
0.8832743737572886,0.0,0.6917367484999999,0.7959620310000001,17719.0,873.0
0.8056895234784508,0.0,0.72060816725,0.7885940840000001,17719.0,873.0
0.7857907928444278,0.0,0.7579153475000001,0.7937220870000001,17719.0,873.0
0.8378463899729258,0.0008045,0.7632423006666667,0.735759626,17719.0,873.0
0.8753901469091172,0.067242076,0.751813753,0.695449077,17719.0,873.0
0.8775155457336435,0.177794446,0.7257557715,0.6731075615,17719.0,873.0
0.8773229686990605,0.216650948,0.723510823,0.7021160645,17719.0,873.0
0.8847909707417922,0.097399878,0.72331777,0.696900525,17719.0,873.0
0.9087068176297567,0.003684208,0.737464833,0.701750792,17719.0,873.0
0.8883233126392115,0.0,0.7161651082,0.7140324824,17719.0,873.0
0.8074997779441265,0.0,0.6561399934,0.6608843499999999,17719.0,873.0
0.8577019814591091,0.0,0.599369748,0.6375625435000001,17719.0,873.0
0.9461930082755666,0.0012741246666666667,0.5554646613333333,0.6665413603333333,17719.0,873.0
0.954594425903016,0.107054211,0.518728095,0.681568142,17719.0,873.0
0.9515536119920676,0.221816784,0.47385664949999995,0.6770813855,17719.0,873.0
0.9461425724045877,0.258273221,0.46123124449999997,0.7244742104999999,17719.0,873.0
0.9490076579412059,0.122486021,0.4533388535,0.741655465,17719.0,873.0
0.9661220208249226,0.009033694,0.456839385,0.7254310804999999,17719.0,873.0
0.9633802717725307,0.0,0.4449678005,0.7139154745,17719.0,873.0
0.9261756661440104,0.0,0.42765811,0.7190862490000001,17719.0,873.0
0.8292200862365436,0.0,0.391101118,0.7649640710000001,17719.0,873.0
0.8176955517797267,0.0,0.34460835000000006,0.803392073,17719.0,873.0
0.930726521917772,0.0,0.29905481133333334,0.7982601336666667,17719.0,873.0
0.9619703752032653,0.009077556,0.297325127,0.812177699,17719.0,873.0
0.9541571166625143,0.190307927,0.29426426,0.812778247,17719.0,873.0
0.948663206038475,0.350452775,0.290494272,0.7653741814999999,17719.0,873.0
0.939338911333243,0.36928395950000004,0.3010716835,0.73155951,17719.0,873.0
0.9437949222014137,0.213238375,0.3447157035,0.7246334255,17719.0,873.0
0.9611162972012046,0.018106198,0.401604395,0.760414625,17719.0,873.0
0.9602804557258641,0.0,0.459381123,0.7908526186666668,17719.0,873.0
0.8942416150042624,0.0,0.5270439450000001,0.8064923736666666,17719.0,873.0
0.7939750520536908,0.0,0.6416059528,0.8465019644,17719.0,873.0
0.8429542945059161,0.0,0.6665321694999999,0.8764411745,17719.0,873.0
0.9255764010880629,0.0,0.6588684865000001,0.877207472,17719.0,873.0
0.9329576037638805,0.057573901000000004,0.653996182,0.864840184,17719.0,873.0
0.9327444864574581,0.24904831,0.6532402285,0.843315473,17719.0,873.0
0.9320548882355221,0.322668575,0.6635939273333333,0.8219464623333333,17719.0,873.0
0.942605242430587,0.09278563100000001,0.6804444425,0.8113342025,17719.0,873.0
0.9452084629556707,0.0,0.702971406,0.8179858330000002,17719.0,873.0
0.9021226157739513,0.0,0.720104868,0.8174803275,17719.0,873.0
0.8190565742419947,0.0,0.7380237966666666,0.8155936306666667,17719.0,873.0
0.7977174798697093,0.0,0.75928801425,0.82412107175,17719.0,873.0
0.8964384944745987,0.0,0.776220388,0.83812877,17719.0,873.0
0.9448208953077428,0.0029183055,0.7904678945,0.854156973,17719.0,873.0
0.9440871717133175,0.12878247850000002,0.809008689,0.8649032855000001,17719.0,873.0
0.9399513493157561,0.21778600133333334,0.8134516916666668,0.8680101463333334,17719.0,873.0
0.942331119611761,0.11368515099999998,0.8053041955,0.8748476755000001,17719.0,873.0
0.9594484639507594,0.006589497,0.7984404855,0.8664732685000001,17719.0,873.0
0.9552381317493739,0.0,0.7560232425,0.8526356715,17719.0,873.0
0.9151162854128998,0.0,0.6886541534999999,0.8413088774999999,17719.0,873.0
0.8196528340948457,0.0,0.6151759105,0.79802117625,17719.0,873.0
0.8071771914136759,0.0,0.533861459,0.8030924323333334,17719.0,873.0
0.8805349673508693,0.0,0.495575577,0.778241366,17719.0,873.0
0.9410523842935642,0.0031081226666666664,0.45097375533333334,0.7689816240000001,17719.0,873.0
0.9459035197922819,0.133814912,0.400286941,0.77257117,17719.0,873.0
0.9418419861505727,0.2727148145,0.369270114,0.738806431,17719.0,873.0
0.9379726038086424,0.2781828273333334,0.30660241033333335,0.6662283526666667,17719.0,873.0
0.9501745733607078,0.082104537,0.26296155099999996,0.622930089,17719.0,873.0
0.9617986700124797,0.0,0.23912864550000001,0.6272421260000001,17719.0,873.0
0.9454355893326429,0.0,0.20859349300000002,0.6220727385,17719.0,873.0
0.8923963655587919,0.0,0.184581638,0.59821937,17719.0,873.0
0.8053489799896661,0.0,0.15170525099999999,0.5495187796666666,17719.0,873.0
0.798029973806768,0.0,0.11935965525,0.5158933807499999,17719.0,873.0
0.844564545519046,0.007373533333333334,0.11851070166666666,0.457017582,17719.0,873.0
0.8781208687604474,0.20152362,0.121129829,0.443492026,17719.0,873.0
0.8746480938377552,0.363907883,0.1446626465,0.44565739400000004,17719.0,873.0
0.8711564192444271,0.40007232033333334,0.141330548,0.44579208366666667,17719.0,873.0
0.8908220523758272,0.12419836299999999,0.16126884549999998,0.43784824,17719.0,873.0
0.9017695500418174,0.0,0.17259991,0.442686184,17719.0,873.0
0.8757484376437036,0.0,0.20389237000000002,0.42525337160000004,17719.0,873.0
0.7969351309335481,0.0,0.251117361,0.39763190633333334,17719.0,873.0
0.7887768008723047,0.0,0.1997596275,0.323942873,17719.0,873.0
0.838475124548037,0.006504632666666666,0.14602716699999999,0.276253181,17719.0,873.0
0.871658630502854,0.219571437,0.1188917575,0.25202336849999996,17719.0,873.0
0.8679575461271062,0.34826460275000004,0.11244591425000001,0.1826824055,17719.0,873.0
0.8857638892283077,0.1316127735,0.10922130899999999,0.1679448355,17719.0,873.0
0.902021050167794,0.0,0.11092084699999999,0.1885426765,17719.0,873.0
0.8908915295759177,0.0,0.11605336666666666,0.19748060366666667,17719.0,873.0
0.8232526843328426,0.0,0.12601855725,0.146646799,17719.0,873.0
0.8181830284166405,0.0,0.13404749933333335,0.13329238366666665,17719.0,873.0
0.9308629522842397,0.0,0.15529947,0.15410877066666667,17719.0,873.0
0.956520195627538,0.0990836395,0.1714432465,0.1727229335,17719.0,873.0
0.9421919046414458,0.3386592445,0.19069386175,0.17973966225,17719.0,873.0
0.9388264926565986,0.2632834525,0.20855671650000002,0.180181623,17719.0,873.0
0.9598663214529699,0.046983161,0.23402850349999998,0.21737413,17719.0,873.0
0.9458107571005979,0.0,0.26947738825,0.272063175,17719.0,873.0
0.8507282237662462,0.0,0.26533217350000005,0.325747772,17719.0,873.0
0.8153354132221635,0.0,0.2429360334,0.3296766948,17719.0,873.0
0.9313102321551562,0.0,0.1858326406666667,0.31491168766666666,17719.0,873.0
0.9602942124758834,0.123720116,0.1579780685,0.2983977205,17719.0,873.0
0.9541329794251749,0.3235139145,0.12380510249999999,0.286809454,17719.0,873.0
0.9489442388500406,0.39586903549999997,0.11358539,0.28406889150000003,17719.0,873.0
0.9510249599582852,0.273028161,0.11836860699999999,0.3036596155,17719.0,873.0
0.9684564665528351,0.063784855,0.134356598,0.367619461,17719.0,873.0
0.971174552012527,0.0,0.1561888975,0.4472808095,17719.0,873.0
0.9524004018312481,0.0,0.1719105845,0.5380703835,17719.0,873.0
0.8997107888967126,0.0,0.195341178,0.603243059,17719.0,873.0
0.8157859364370523,0.0,0.20662820299999998,0.5670532358333333,17719.0,873.0
0.9232593874986854,0.0,0.218872264,0.4682381066666667,17719.0,873.0
0.9543412217332731,0.036965171,0.22032671,0.438558543,17719.0,873.0
0.9497931109031281,0.24353846950000002,0.2061897,0.40727501600000005,17719.0,873.0
0.9421808535199836,0.41413391050000004,0.1758156385,0.3625603725,17719.0,873.0
0.9381961805776753,0.4251386655,0.1570625865,0.2903703435,17719.0,873.0
0.9467624253660724,0.28744845,0.152552952,0.219146037,17719.0,873.0
0.9654719256428532,0.0657680845,0.144324735,0.2076130865,17719.0,873.0
0.9583127535048144,0.0,0.13783759666666665,0.1802858323333333,17719.0,873.0
0.9013206927361228,0.0,0.13642798750000001,0.17568171700000002,17719.0,873.0
0.8200588517236879,0.0,0.12449906683333334,0.24036767333333334,17719.0,873.0
0.935689161828229,0.0,0.09780715599999999,0.245495779,17719.0,873.0
0.9696840561198855,0.075044996,0.080850461,0.241051377,17719.0,873.0
0.9635064476393576,0.226535087,0.069645852,0.246997837,17719.0,873.0
0.9554284371398082,0.42797273966666666,0.08672854466666667,0.25059576499999997,17719.0,873.0
0.9497368381092646,0.452581815,0.07392354549999999,0.230359496,17719.0,873.0
0.9634911135235946,0.229893062,0.077124528,0.22153087700000001,17719.0,873.0
0.9768667186434532,0.002405748,0.085320564,0.235563281,17719.0,873.0
0.9667328181371978,0.0,0.093273745,0.247939868,17719.0,873.0
0.9060380481659029,0.0,0.10728008950000001,0.254411773,17719.0,873.0
0.8180037427370415,0.0,0.14093907225,0.310792481,17719.0,873.0
0.8503733123318705,0.0,0.19289255033333333,0.45515235433333334,17719.0,873.0
0.9556691939339488,0.0,0.217187326,0.644139528,17719.0,873.0
0.9686599763494961,0.054904305,0.224851164,0.700871603,17719.0,873.0
0.9583146781823464,0.238308927,0.22810623000000002,0.704201708,17719.0,873.0
0.9443718644497053,0.3639398403333333,0.23237624999999998,0.6969290953333332,17719.0,873.0
0.9450630244356231,0.2207920895,0.2341777425,0.6883772785,17719.0,873.0
0.9694979632742036,0.078027608,0.255637653,0.698560338,17719.0,873.0
0.9719432979726716,0.002407216,0.270969635,0.69588819,17719.0,873.0
0.9585115620625967,0.0,0.268960405,0.667243214,17719.0,873.0
0.8989764502062754,0.0,0.2576642685,0.638156741,17719.0,873.0
0.8098747080489235,0.0,0.2543218788,0.5913471294000001,17719.0,873.0
0.8215325067224402,0.0,0.23357864624999997,0.51664466075,17719.0,873.0
0.8749372196145925,0.089739058,0.215607472,0.516270455,17719.0,873.0
0.882210657054921,0.201974581,0.207506388,0.539922242,17719.0,873.0
0.8837463506995633,0.332047493,0.203600329,0.5582862835,17719.0,873.0
0.8807476586463503,0.358883295,0.2173111315,0.6138702355000001,17719.0,873.0
0.8859848629883367,0.22073113049999998,0.233894,0.6804431675,17719.0,873.0
0.9086566976599394,0.063823947,0.256158744,0.707685394,17719.0,873.0
0.9115455890690423,0.002211373,0.271376644,0.71608013,17719.0,873.0
0.8990459983046379,0.0,0.29485584625,0.71981913075,17719.0,873.0
0.8307002645666706,0.0,0.29064706933333334,0.6838066163333334,17719.0,873.0
0.8066428363491207,0.0,0.29461796275,0.6585009982500001,17719.0,873.0
0.8282964834352118,0.000362161,0.31704579966666663,0.6154371063333334,17719.0,873.0
0.8795228142300197,0.098699236,0.312251764,0.556250923,17719.0,873.0
0.8878829933632093,0.233782225,0.298858476,0.52185511,17719.0,873.0
0.8881164142227032,0.359519536,0.26754608950000003,0.46069348899999996,17719.0,873.0
0.8843963512355459,0.398679455,0.2390768855,0.376771974,17719.0,873.0
0.8905620332736374,0.2762177845,0.2017656625,0.3253214225,17719.0,873.0
0.9160816786035609,0.076839969,0.177770828,0.295835415,17719.0,873.0
0.9208723922062256,0.002414044,0.166639598,0.277091507,17719.0,873.0
0.9075913714563408,0.0,0.1206117085,0.17168083474999998,17719.0,873.0
0.8301904219263255,0.0,0.09795035614285716,0.10353151442857143,17719.0,873.0
0.9442309221365326,0.000635265,0.11310777500000001,0.12368715400000001,17719.0,873.0
0.9754126180025455,0.162755579,0.120914298,0.16461062,17719.0,873.0
0.9666351966702603,0.295594272,0.109672148,0.18251378,17719.0,873.0
0.9662460040919251,0.4755980126666666,0.11013969266666666,0.23117100333333332,17719.0,873.0
0.9590645404878231,0.4904342425,0.12922496349999998,0.30063243100000003,17719.0,873.0
0.9728677054728434,0.2749910035,0.1739832475,0.33954650200000003,17719.0,873.0
0.9853030011002472,0.007835037,0.226267733,0.360952207,17719.0,873.0
0.9721160763023469,0.0,0.26502902733333333,0.3306862373333333,17719.0,873.0
0.9081789701912626,0.0,0.350521625,0.27356345449999997,17719.0,873.0
0.8250035543022747,0.0,0.391325311,0.21017215849999998,17719.0,873.0
0.8249375318224168,0.0,0.4372755815,0.203004503,17719.0,873.0
0.9305788591111359,0.0,0.458581613,0.189561604,17719.0,873.0
0.9859624672804128,0.002716019,0.477948026,0.20364902,17719.0,873.0
0.983036092293131,0.208003476,0.482744795,0.220604878,17719.0,873.0
0.9721980639063963,0.4610474795,0.5099144755,0.265879909,17719.0,873.0
0.969583563514549,0.6681337393333333,0.539373828,0.292114378,17719.0,873.0
0.9736456805655058,0.51940801,0.511255369,0.324587309,17719.0,873.0
0.9920218984204019,0.124649053,0.501737418,0.349468785,17719.0,873.0
0.9823990909933027,0.0,0.49406700333333337,0.3612732656666667,17719.0,873.0
0.9152261804959938,0.0,0.48446897200000005,0.3757165305,17719.0,873.0
0.8376944990888101,0.0,0.47659724233333334,0.36594119666666663,17719.0,873.0
0.850399752900123,0.0,0.44038030133333333,0.31664075266666664,17719.0,873.0
0.9482816489348086,0.0,0.4244109875,0.28444780849999995,17719.0,873.0
1.0,0.003347687,0.428939911,0.295657664,17719.0,873.0
0.9929354678045824,0.22522808,0.427833142,0.30521793,17719.0,873.0
0.9802912667251646,0.4651317745,0.4146217665,0.323178111,17719.0,873.0
0.9784356051746443,0.634711888,0.392977678,0.35877850333333333,17719.0,873.0
0.980083213502137,0.505912646,0.37166939050000003,0.33992303150000003,17719.0,873.0
0.9956005930834446,0.2687637,0.366976777,0.31468422,17719.0,873.0
0.9973466748997577,0.005210374666666667,0.35849882200000005,0.3018560426666666,17719.0,873.0
0.9368526378186058,0.0,0.3205323073333333,0.3027078143333333,17719.0,873.0
0.838002918929495,0.0,0.29409515199999997,0.27473429899999996,19659.833333333332,968.8333333333334
0.9602176676086099,0.0017247986666666668,0.25432333700000004,0.22651379033333333,20048.0,988.0
0.9889388207861396,0.263038301,0.245980042,0.223783916,20048.0,988.0
0.9781852251999459,0.4959400445,0.22482827300000002,0.21343028800000002,20048.0,988.0
0.9707201573930043,0.6604476196666667,0.219897296,0.187933524,20048.0,988.0
0.9688560082768976,0.525012083,0.213605624,0.170451113,20048.0,988.0
0.9864265640557838,0.290618339,0.227259359,0.165693207,20048.0,988.0
0.9826348704457027,0.00541438675,0.2325993455,0.15828531225,20048.0,988.0
0.9102908806022676,0.0,0.2407975765,0.178125185,20048.0,988.0
0.829128349222637,0.0,0.24107726833333332,0.2218050433333333,20048.0,988.0
0.8378099160910736,0.0,0.244097102,0.18319427966666665,20048.0,988.0
0.9552405770149001,0.0023657913333333335,0.24194591966666668,0.14814050966666667,20048.0,988.0
0.977132369912661,0.331148754,0.227497328,0.1072004715,20048.0,988.0
0.9676148828697311,0.5794896025,0.2007688415,0.091162568,20048.0,988.0
0.9590759464803345,0.617801151,0.1938769005,0.082097317,20048.0,988.0
0.9553776069446518,0.40056677100000004,0.204856676,0.077337555,20048.0,988.0
0.9756216178935431,0.074597204,0.21915129,0.0811839785,20048.0,988.0
0.9647559658279551,0.0,0.22230169133333333,0.09449278966666667,20048.0,988.0
0.8986997715289029,0.0,0.2286174705,0.1233531155,20048.0,988.0
0.8035479030671423,0.0,0.22797665066666664,0.148063508,20048.0,988.0
0.8068071191397429,0.0012770546666666667,0.1695479565,0.14464558349999998,20048.0,988.0
0.878836181723535,0.13934851,0.143443981,0.1285468965,20048.0,988.0
0.8841823820107918,0.28354954775,0.1092812865,0.10858563099999999,20048.0,988.0
0.8864883364707232,0.18314908400000002,0.09369632250000001,0.1136627605,20048.0,988.0
0.9140581293234519,0.026752519000000002,0.0883408795,0.128692369,20048.0,988.0
0.9020352485305169,0.0,0.08258722225,0.14204853025,20048.0,988.0
0.8077892756543446,0.0,0.08266333128571428,0.10752654214285713,20048.0,988.0
0.8175229630183622,0.0038045723333333336,0.091211052,0.09205728,20048.0,988.0
0.8772959444454228,0.22361960199999997,0.10487664499999999,0.0887885885,20048.0,988.0
0.8805698006315184,0.43451839000000003,0.10065840949999999,0.089593778,20048.0,988.0
0.8778253536478988,0.4885616335,0.1198962885,0.143370573,20048.0,988.0
0.8833993903648809,0.3125743945,0.1417449625,0.2003175405,20048.0,988.0
0.9071736324170658,0.117319087,0.169760356,0.229859636,20048.0,988.0
0.9140005314843749,0.00982386,0.19116582399999998,0.2660134445,20048.0,988.0
0.895683662938917,0.0,0.21506974566666667,0.3234479643333333,20048.0,988.0
0.8194340612187623,0.0,0.24976920949999998,0.372618739,20048.0,988.0
0.8107331215182908,0.0,0.31209281266666666,0.5485595146666667,20048.0,988.0
0.9257424900587644,0.004035232333333334,0.36912369933333333,0.6122359986666667,20048.0,988.0
0.9583124536886549,0.208117237,0.3875684765,0.618956043,20048.0,988.0
0.9545313851890944,0.4156597635,0.4140138325,0.57428029,20048.0,988.0
0.9512295582884945,0.479874895,0.44608861850000003,0.550348101,20048.0,988.0
0.9532475702547754,0.34197279150000004,0.4421294445,0.549623137,20048.0,988.0
0.969423374287986,0.159698475,0.442509364,0.556831138,20048.0,988.0
0.9728343865295812,0.0120874705,0.4445980815,0.561991414,20048.0,988.0
0.9557382924116238,0.0,0.413469676,0.5692861835,20048.0,988.0
0.8987006707702779,0.0,0.38902432600000003,0.5579654345,20048.0,988.0
0.8115560107008315,0.0,0.36942526750000004,0.53527904,20048.0,988.0
0.8102019610180397,0.0,0.34447394975,0.534342534,20048.0,988.0
0.9271606214588798,0.006426771,0.33313743933333334,0.532658375,20048.0,988.0
0.9618713654556545,0.190289218,0.328555134,0.5449629,20048.0,988.0
0.9554010814522813,0.3612619215,0.30787708,0.5271395125,20048.0,988.0
0.9509634810083452,0.52979312,0.3055992165,0.5070102525,20048.0,988.0
0.9459024310516306,0.48007593400000004,0.3091888735,0.48685797799999997,20048.0,988.0
0.9509227318295211,0.326421091,0.309527936,0.486835689,20048.0,988.0
0.9667629345081719,0.106427254,0.3403384755,0.5249939635,20048.0,988.0
0.9647149168329718,0.0,0.37604399450000003,0.5831197674999999,20048.0,988.0
0.9081610488753608,0.0,0.37088374,0.616357433,20048.0,988.0
0.8032334728202644,0.0,0.35272100266666667,0.6028613713333334,20048.0,988.0
0.897361292784194,0.0,0.3553072685,0.6227863145,20048.0,988.0
0.9463864530028291,0.018001822,0.358884983,0.635066695,20048.0,988.0
0.9446300221098228,0.1673613695,0.3429037145,0.6285434415,20048.0,988.0
0.9427374764753734,0.2832511645,0.30771841200000005,0.53058602,20048.0,988.0
0.9404406087646237,0.306931183,0.2997845725,0.46541597450000005,20048.0,988.0
0.9415545169909068,0.22204973249999999,0.299495262,0.4579048755,20048.0,988.0
0.95588860551579,0.0541766465,0.3200686535,0.44665199899999997,20048.0,988.0
0.9420090061874818,0.0,0.33192099366666666,0.46246892300000003,20048.0,988.0
0.8804254034255272,0.0,0.32204895050000004,0.483823745,20048.0,988.0
0.7991861376793469,0.0,0.2957700018333333,0.4013160353333333,20048.0,988.0
0.9111266113465191,0.009977465333333333,0.3110197546666667,0.4085219406666667,20048.0,988.0
0.9428487442373787,0.1655666975,0.326449028,0.381713762,20048.0,988.0
0.9414949785963984,0.2893978145,0.291672948,0.3190591115,20048.0,988.0
0.93832297195472,0.30917563000000003,0.2871773145,0.2775212125,20048.0,988.0
0.9404975440810939,0.20424099350000002,0.2881202835,0.2664359905,20048.0,988.0
0.9588924092860958,0.044477024000000004,0.29887885000000003,0.3007393805,20048.0,988.0
0.9500898250041767,0.0,0.308954549,0.28499218633333334,20048.0,988.0
0.8910376781142013,0.0,0.2861685225,0.27413431850000003,20048.0,988.0
0.8024092899686199,0.0,0.23762062350000002,0.24290040049999997,20048.0,988.0
0.836736331101707,0.0,0.2101932586666667,0.22210117166666668,20048.0,988.0
0.9436655751729257,0.0177436715,0.21539995350000002,0.26415694,20048.0,988.0
0.951543152667526,0.203947291,0.18777156,0.302663543,20048.0,988.0
0.9455983179875784,0.3634426443333334,0.14284030033333336,0.25170363366666665,20048.0,988.0
0.9407643313104448,0.3330397955,0.13341150149999997,0.283703877,20048.0,988.0
0.9519027021743549,0.159265177,0.1400819495,0.3070682295,20048.0,988.0
0.9636433198256316,0.011014832666666667,0.17370290033333333,0.35972436199999996,20048.0,988.0
0.9089021712256865,0.0,0.15606188233333332,0.34465138933333334,20048.0,988.0
0.7996429618245652,0.0,0.12008309933333333,0.24330035399999997,20048.0,988.0
0.8022535577029066,0.0,0.1070261635,0.1932467995,20048.0,988.0
0.8574662414598371,0.09722549899999999,0.099983505,0.1608763805,20048.0,988.0
0.8764416295174908,0.3478423295,0.0759228205,0.102968121,20048.0,988.0
0.866724419142676,0.5574805825,0.05929153349999999,0.056403287999999996,20048.0,988.0
0.8640259749205516,0.510068863,0.051721944500000006,0.0424522485,20048.0,988.0
0.8840998896621306,0.312734085,0.051730046,0.0299280165,20048.0,988.0
0.9034216229584549,0.043441704,0.064106473,0.029715741,20048.0,988.0
0.8806962842534543,0.0,0.0784523275,0.049666183749999995,20048.0,988.0
0.8060007159800419,0.0,0.1131060295,0.097313179,20048.0,988.0
0.7950002346270275,0.0,0.13344058150000002,0.15207784800000002,20048.0,988.0
0.8142287241658362,0.015294116000000002,0.18144579800000002,0.28552181233333335,20048.0,988.0
0.8633609242070658,0.159144873,0.203123247,0.341831586,20048.0,988.0
0.8757860442410852,0.3487444615,0.2084620965,0.33952239900000003,20048.0,988.0
0.8716593641653531,0.3978564285,0.21972202100000002,0.283685542,20048.0,988.0
0.8868743425617727,0.1509428945,0.2570735765,0.2918362495,20048.0,988.0
0.8992834183237243,0.007456352,0.303915849,0.29587129749999996,20048.0,988.0
0.8796678896294138,0.0,0.33002249266666667,0.2866986173333333,20048.0,988.0
0.8242416232745771,0.0,0.3553365845,0.316700562,20048.0,988.0
0.7950298698631357,0.0,0.3575194296666666,0.3451313253333333,20048.0,988.0
0.8294746942542046,0.0,0.33732093366666666,0.4074223403333333,20048.0,988.0
0.9318807535190409,0.015540786,0.32327566350000003,0.449176692,20048.0,988.0
0.9427454275750664,0.1047819625,0.26875047750000003,0.45574177,20048.0,988.0
0.9342243098129841,0.27983652525,0.15483695575,0.39007570975,20048.0,988.0
0.93772968575627,0.285897034,0.11588626166666667,0.3496940503333334,20048.0,988.0
0.9554190662797805,0.0430598265,0.1419020615,0.33918337249999997,20048.0,988.0
0.9313092539384907,0.0,0.16888555533333335,0.327576898,20048.0,988.0
0.8432802415454286,0.0,0.2129838745,0.279898326,20048.0,988.0
0.8006586093949126,0.0,0.21985468525000001,0.2945038755,20048.0,988.0
0.8552343077989486,0.0,0.242537143,0.3136552115,20048.0,988.0
0.9448610291834519,0.055911155,0.2430684575,0.3070046725,20048.0,988.0
0.9467925259281815,0.3317907535,0.2130487225,0.2946686005,20048.0,988.0
0.9321918551369172,0.587242725,0.22419244400000002,0.256866431,20048.0,988.0
0.9287390839511369,0.5852342545,0.20154579350000001,0.2109919635,20048.0,988.0
0.9383087261654023,0.38515496299999996,0.17796535400000002,0.193044159,20048.0,988.0
0.9470103757460411,0.06428889,0.168800836,0.218127682,20048.0,988.0
0.9242798074823212,0.0,0.143467486,0.20986208366666667,20048.0,988.0
0.8437551290101961,0.0,0.163365558,0.160857906,20048.0,988.0
0.8062809913329699,0.0,0.119817214,0.12479033479999999,20048.0,988.0
0.905776277800455,0.001112725,0.1018917845,0.2040619985,20048.0,988.0
0.9540468425808677,0.094662676,0.109596288,0.223894683,20048.0,988.0
0.9467239002667338,0.2685774925,0.094567064,0.20090234899999998,20048.0,988.0
0.9349996581143108,0.5680126329999999,0.0881567385,0.2053360495,20048.0,988.0
0.9298153663194564,0.6465916780000001,0.0697517665,0.206357823,20048.0,988.0
0.9320304513200921,0.48623556749999997,0.0698096255,0.234225584,20048.0,988.0
0.9482976457802814,0.18270992049999998,0.0940523065,0.2587502395,20048.0,988.0
0.9612866771396738,0.0,0.12000778,0.243739289,20048.0,988.0
0.9210438608853462,0.0,0.131401039,0.22646468050000002,20048.0,988.0
0.8447727722253822,0.0,0.1677925005,0.2357110465,20048.0,988.0
0.8008113362849436,0.0,0.21666666125,0.22407360425,20048.0,988.0
0.8530032259528401,0.0,0.251070064,0.208227998,20048.0,988.0
0.9392521593929235,0.06726404750000001,0.28330121,0.2568071095,20048.0,988.0
0.9482287838142716,0.3306510925,0.30614551850000005,0.307473714,20048.0,988.0
0.9446850168708617,0.5385093875,0.32783528100000003,0.31521081250000005,20048.0,988.0
0.9399850309654658,0.5990322535,0.369518947,0.280491534,20048.0,988.0
0.9433466804059372,0.481006183,0.3616873105,0.242161939,20048.0,988.0
0.9613322066707357,0.295897248,0.386256525,0.267449303,20048.0,988.0
0.9670602953229623,0.054694212,0.42304625500000004,0.2638896785,20048.0,988.0
0.9506612928289282,0.0,0.444824192,0.304718705,20048.0,988.0
0.8954217032812958,0.0,0.4566386495,0.33930260349999997,20048.0,988.0
0.8121552442080834,0.0,0.4563518735,0.35885841983333333,20048.0,988.0
0.9184242175038481,0.002090737,0.434261016,0.3771404655,20048.0,988.0
0.9706133858378737,0.218264601,0.427578992,0.354405577,20048.0,988.0
0.9654631699478718,0.413246168,0.421082354,0.349771488,20048.0,988.0
0.9623806131777407,0.6330217629999999,0.38830043000000003,0.3234640005,20048.0,988.0
0.9560228747620945,0.7482420430000001,0.3856473705,0.3023362675,20048.0,988.0
0.9528220928106235,0.6864452400000001,0.369926906,0.314686275,20048.0,988.0
0.9651537406179633,0.44482967799999995,0.3479159825,0.283625983,20048.0,988.0
0.9799476666372139,0.0919171015,0.34952791,0.29885283149999997,20048.0,988.0
0.9638668019485778,0.0,0.361580764,0.35903967000000003,20048.0,988.0
0.903660581131777,0.0,0.375187096,0.4871761,20048.0,988.0
0.8124607769634358,0.0,0.379138429,0.5989700825,20048.0,988.0
0.8033918349148245,0.0,0.35744349259999997,0.6948419736,20048.0,988.0
0.8420993644819721,0.06289230999999999,0.3259494625,0.719782404,20048.0,988.0
0.8799500897427153,0.26262098,0.306033148,0.718105474,20048.0,988.0
0.8882955502703598,0.48659263650000006,0.2993132235,0.7093971825000001,20048.0,988.0
0.8846023220375638,0.6146499595,0.31629850299999995,0.6997249575,20048.0,988.0
0.8811018601315244,0.5519648269999999,0.3346429885,0.710456806,20048.0,988.0
0.8992244007933472,0.3610207735,0.35333694250000003,0.7306301005,20048.0,988.0
0.9156439907787126,0.0819777055,0.379647799,0.744867993,20048.0,988.0
0.9037187629323764,0.0,0.4068876133333333,0.7547261263333334,20048.0,988.0
0.8262055630202854,0.0,0.44488641949999996,0.772794128,20048.0,988.0
0.815518780177708,0.001005785,0.47296714959999997,0.7956613364,20048.0,988.0
0.8622667044378419,0.154709367,0.512275687,0.791736476,20048.0,988.0
0.8834895025519318,0.3378176545,0.5179787745,0.8064208855,20048.0,988.0
0.8794420412852664,0.5027662940000001,0.5141330869999999,0.801977705,20048.0,988.0
0.869184283568722,0.495192383,0.5464819750000001,0.8080863030000001,20048.0,988.0
0.8879664797028837,0.308072183,0.5998739280000001,0.8291074565000001,20048.0,988.0
0.9099602010513179,0.06289291100000001,0.6313216800000001,0.8552875394999999,20048.0,988.0
0.8951592072268156,0.0,0.644965447,0.8761253830000001,20048.0,988.0
0.8153704548898858,0.0,0.6498202754,0.8913466626,20048.0,988.0
0.8135567950083066,0.0,0.629180115,0.8687923,20048.0,988.0
0.9026357441926942,0.003391481,0.657662635,0.9067372655,20048.0,988.0
0.9494213035890077,0.076664228,0.673802257,0.911192325,20048.0,988.0
0.9394918749420422,0.19798859400000002,0.650999653,0.9079021785,20048.0,988.0
0.9284644718859094,0.4368922583333334,0.6424061096666667,0.8733039666666667,20048.0,988.0
0.9242409512252305,0.517746847,0.7075449815,0.8818003139999999,20048.0,988.0
0.9376006069262113,0.33864263299999997,0.6954946744999999,0.887697439,20048.0,988.0
0.9476089308527867,0.14187869,0.676649859,0.883290143,20048.0,988.0
0.9461879598629679,0.00204495,0.6419206035,0.869856779,20048.0,988.0
0.9117950065669058,0.0,0.5824399490000001,0.8119856400000001,20048.0,988.0
0.8412874081305437,0.0,0.5452178955,0.661294896,20048.0,988.0
0.7997934090279459,0.0,0.42461453475,0.45750351775,20048.0,988.0
0.854949110145363,0.0,0.30910345149999996,0.170608262,20048.0,988.0
0.9295316832103608,0.012520453,0.265475967,0.119062769,20048.0,988.0
0.9515561676435109,0.131970825,0.236117529,0.121092371,20048.0,988.0
0.9431643734037223,0.216203262,0.189350082,0.147540547,20048.0,988.0
0.9343605431209144,0.311411894,0.176548303,0.252528054,20048.0,988.0
0.9310441864927368,0.369298049,0.225624838,0.478387555,20048.0,988.0
0.9269746073123508,0.418207157,0.293847312,0.737256629,20048.0,988.0
0.9233511404940428,0.3284934145,0.38022269750000004,0.8409300479999999,20048.0,988.0
0.9356122699253041,0.18264928600000002,0.432729516,0.863282692,20048.0,988.0
0.9466437271614022,0.067543728,0.467331103,0.849840333,20048.0,988.0
0.9485049418346158,0.003148396,0.489798094,0.839513762,20048.0,988.0
0.9327682451104506,0.0,0.496118976,0.8219621615,20048.0,988.0
0.8828480682116542,0.0,0.48508940700000003,0.7980310225,20048.0,988.0
0.7963896931988351,0.0,0.4722251403333333,0.7830554296666667,20048.0,988.0
0.7894038828687535,0.0,0.476996383,0.817446372,20048.0,988.0
0.8435608483460528,0.0,0.46389460000000005,0.7584581269999999,20048.0,988.0
0.9285247360384844,0.0432239045,0.4390002245,0.66195183,20048.0,988.0
0.9321137957941881,0.138879094,0.414675012,0.600170662,20048.0,988.0
0.9294277988786315,0.19193393,0.4107624315,0.612917017,20048.0,988.0
0.9287109239444592,0.21467022949999998,0.479161577,0.7089598245,20048.0,988.0
0.928316872314733,0.1608730685,0.4591039145,0.657463739,20048.0,988.0
0.9398783066298271,0.08693970349999999,0.40574822050000003,0.5851209835,20048.0,988.0
0.9489879698983525,0.015508168499999999,0.3347406885,0.558658655,20048.0,988.0
0.9119124428237536,0.0,0.25955819333333335,0.6529576233333333,20048.0,988.0
0.8108186191045658,0.0,0.2801049635,0.7120477965,20048.0,988.0
0.8021613077983355,0.0,0.319641083,0.6259122986666666,20048.0,988.0
0.8978747051411969,0.0120503615,0.281162649,0.4456963855,20048.0,988.0
0.9428992429986458,0.142624072,0.233047026,0.328905363,20048.0,988.0
0.9319143561934601,0.308321262,0.2045501205,0.2545289035,20048.0,988.0
0.9284736219741024,0.519679265,0.2282026885,0.24212664,20048.0,988.0
0.9223716433796425,0.5662754185,0.215377342,0.217314149,20048.0,988.0
0.9234186299882443,0.45009684549999995,0.146532631,0.1864168995,20048.0,988.0
0.9381193202924805,0.265354721,0.09853902,0.161402905,20048.0,988.0
0.9470218291651473,0.06296167550000001,0.0800784155,0.132653617,20048.0,988.0
0.9155859983393208,0.0,0.07162897433333333,0.12887381099999998,20048.0,988.0
0.8238126754048793,0.0,0.12119129666666666,0.20248784466666667,20048.0,988.0
0.7994046937185534,0.0,0.20145889125,0.3183234455,20048.0,988.0
0.8924382981243539,0.009189522,0.27393935049999996,0.429688533,20048.0,988.0
0.9369347041908426,0.074988783,0.304198301,0.473758195,20048.0,988.0
0.9310023959998562,0.168424719,0.3273238395,0.4942640675,20048.0,988.0
0.9273001125320569,0.33194256466666666,0.36726060833333335,0.48065168166666666,20048.0,988.0
0.9234021599123381,0.2780858355,0.453216021,0.5146075715,20048.0,988.0
0.9334808129228184,0.148234768,0.5115723935,0.5263469414999999,20048.0,988.0
0.9433205551865715,0.030434395,0.5473080225,0.5319320625,20048.0,988.0
0.9201819262225759,0.0,0.5601155584999999,0.4839687755,20048.0,988.0
0.8608996396755135,0.0,0.5532050705,0.404186372,20048.0,988.0
0.7814424724130337,0.0,0.5415904493333333,0.4586371593333333,20048.0,988.0
0.770040087049713,0.0,0.488601871,0.43761486475,20048.0,988.0
0.8034973570173491,0.063112182,0.4360038785,0.3516217185,20048.0,988.0
0.8440833003362971,0.279219529,0.401530968,0.33008556450000004,20048.0,988.0
0.8429243518943877,0.5369815713333334,0.44766321299999995,0.4064512513333333,20048.0,988.0
0.8404319572424684,0.5257992155,0.474655068,0.537673691,20048.0,988.0
0.8585972820775304,0.31756571349999996,0.482377883,0.634491275,20048.0,988.0
0.8789762720148246,0.072333792,0.480310128,0.701244467,20048.0,988.0
0.8584942494570296,0.0,0.44422240325,0.7004291215,20048.0,988.0
0.7855114803756372,0.0,0.35350451759999996,0.756142716,20048.0,988.0
0.8052274893457501,0.012815793666666667,0.28439696099999995,0.8059229366666667,20048.0,988.0
0.8509531730761217,0.20806405,0.231785798,0.75569853,20048.0,988.0
0.8560443238020484,0.3955329305,0.202017061,0.741884566,20048.0,988.0
0.8422807246781484,0.583550248,0.2711231293333333,0.6926893853333334,20048.0,988.0
0.8427888365781602,0.540834346,0.2947377015,0.6138113165,20048.0,988.0
0.8668759628530719,0.359193632,0.2733543665,0.587996621,20048.0,988.0
0.8774812803295144,0.0940542095,0.2544641065,0.5349429315,20048.0,988.0
0.8531735114523255,0.0,0.22981513633333336,0.4670904363333333,20048.0,988.0
0.7948197894465739,0.0,0.20451995583333335,0.31617275699999997,20048.0,988.0
0.8943140897446371,0.0,0.18826303900000002,0.307643151,20048.0,988.0
0.9452123910789224,0.11918316350000001,0.169954465,0.285604312,20048.0,988.0
0.9374307474376674,0.3782893165,0.162376474,0.274520423,20048.0,988.0
0.9294572208331315,0.6201739113333334,0.16476275666666665,0.2442585806666667,20048.0,988.0
0.9291122165175736,0.5716561185,0.1881768245,0.29587226899999997,20048.0,988.0
0.9446071152716105,0.3768525825,0.18093636600000002,0.3385131335,20048.0,988.0
0.9443910165099059,0.098830921,0.18409500499999998,0.3464173775,20048.0,988.0
0.900516971284579,0.0,0.17743336366666665,0.3085253826666667,20048.0,988.0
0.8065859245388449,0.0,0.20567336,0.3614684985,20048.0,988.0
0.806406268041263,0.0,0.19089809925,0.294536585,20048.0,988.0
0.9078353701033117,0.0,0.2204938565,0.2743305305,20048.0,988.0
0.9547596945385985,0.1353280785,0.224113062,0.25956349850000004,20048.0,988.0
0.9508684940300727,0.356144911,0.222876471,0.239811367,20048.0,988.0
0.9474473538287909,0.57127,0.22803854,0.230044702,20048.0,988.0
0.9389309454861571,0.732913597,0.251940076,0.2216978125,20048.0,988.0
0.9353454354764614,0.7177432105,0.263214672,0.24102682800000003,20048.0,988.0
0.9488759919800427,0.5110571985,0.2381060815,0.24054468699999998,20048.0,988.0
0.9583525405519753,0.1521386515,0.2248502375,0.2181248005,20048.0,988.0
0.9129092935156046,0.0,0.210802128,0.18577307333333334,20048.0,988.0
0.8128151205212912,0.0,0.2287926965,0.167557869,20048.0,988.0
0.8123954172132875,0.0,0.21225203699999998,0.1406241895,20048.0,988.0
0.9148337380568443,0.0006339495,0.20402044,0.1153226815,20048.0,988.0
0.9656469440679817,0.16979455,0.204576572,0.106342345,20048.0,988.0
0.954080682181158,0.522659436,0.1950875885,0.10017398,20048.0,988.0
0.9405599222724086,0.7635549975,0.202834873,0.1012143285,20048.0,988.0
0.9338688540082829,0.818902085,0.23788485250000002,0.12165936999999999,20048.0,988.0
0.94149360612459,0.6682411850000001,0.26126116099999996,0.1623035955,20048.0,988.0
0.9558431236184259,0.36317514149999996,0.289210767,0.203587745,20048.0,988.0
0.9604482171916362,0.045271192,0.305540435,0.212234888,20048.0,988.0
0.9119319103709097,0.0,0.2975137003333333,0.184381358,20048.0,988.0
0.8083881214745783,0.0,0.31617865766666664,0.17589997633333332,20048.0,988.0
0.8136426793249809,0.0,0.310155123,0.16055406966666666,20048.0,988.0
0.9121171673487454,0.0014047485,0.291655946,0.1424523785,20048.0,988.0
0.9625561992722863,0.1976132695,0.269178381,0.12057404000000001,20048.0,988.0
0.9491972535205072,0.5552984795,0.22395511299999998,0.091715173,20048.0,988.0
0.9375530426078373,0.7848137264999999,0.203135475,0.0862049085,20048.0,988.0
0.9301904868679196,0.8307369255,0.2087335605,0.0966008505,20048.0,988.0
0.9384511830230651,0.675399582,0.176010591,0.116491521,20048.0,988.0
0.9469773883747368,0.455615992,0.147024901,0.136470309,20048.0,988.0
0.9472357038473662,0.273157828,0.137442492,0.145302924,20048.0,988.0
0.947828106337169,0.0269229255,0.1206157685,0.1408376805,20048.0,988.0
0.8967281883350591,0.0,0.1023968505,0.108463853,20048.0,988.0
0.810692656139658,0.0,0.10586450650000001,0.0818602095,20048.0,988.0
0.8023034648398389,0.0,0.10088635766666666,0.055113136666666666,20048.0,988.0
0.8575029678693228,0.0,0.110844836,0.0646184415,20048.0,988.0
0.9498504724376429,0.053275709500000004,0.118436417,0.079694652,20048.0,988.0
0.9599606457015325,0.299238917,0.114799785,0.098798169,20048.0,988.0
0.9488521386809634,0.5438869685,0.10261790600000001,0.1196004825,20048.0,988.0
0.9363720708982941,0.7634199695,0.113447463,0.1532252455,20048.0,988.0
0.9301465665274343,0.8065024795,0.135769409,0.1674028125,20048.0,988.0
0.9385801986866984,0.6665753809999999,0.14580830849999998,0.1600869235,20048.0,988.0
0.9466437271614022,0.460352776,0.139802626,0.142612427,20048.0,988.0
0.9456685841811951,0.286851268,0.135641774,0.129346602,20048.0,988.0
0.9447004458398145,0.0353754065,0.130431711,0.112894884,20048.0,988.0
0.897350360022116,0.0,0.1202695945,0.09378458349999999,20048.0,988.0
0.8012320099051803,0.0,0.1123327945,0.11480946933333332,20048.0,988.0
0.8068776061742287,0.00232558,0.105987184,0.16776973150000002,20048.0,988.0
0.8623419555324601,0.2126475825,0.10169047,0.21551243,20048.0,988.0
0.8772646132770838,0.477216273,0.08520091,0.230840765,20048.0,988.0
0.871348112639397,0.6743458849999999,0.07125003399999999,0.215966445,20048.0,988.0
0.8604607686019959,0.8029534320000001,0.066736562,0.199561918,20048.0,988.0
0.8738593278485932,0.6433976985000001,0.0657226635,0.1367028435,20048.0,988.0
0.8865350966080151,0.3551736195,0.0725908425,0.11795775750000001,20048.0,988.0
0.8932030213151603,0.073721638,0.075159097,0.120391966,20048.0,988.0
0.8739965312616534,0.0,0.07865012866666667,0.14874495233333332,20048.0,988.0
0.7537293509369366,0.0,0.12972372599999998,0.276297951,18229.5,898.5
0.7504031383789077,0.00179625175,0.15080041,0.325075876,16411.0,809.0
0.7896020448508627,0.22448472349999998,0.147457838,0.3645207285,16411.0,809.0
0.8152563378043343,0.53788832,0.106315731,0.32695022149999997,16411.0,809.0
0.8071719381071422,0.758210358,0.0859602405,0.2480107505,16411.0,809.0
0.8029460350712254,0.7818067175000001,0.088170287,0.240267698,16411.0,809.0
0.8103450805018606,0.6057190115,0.0943044905,0.21078583,16411.0,809.0
0.8188018560110023,0.33433886349999997,0.113052102,0.14912368599999998,16411.0,809.0
0.8170829086961753,0.0444105825,0.121435035,0.116366093,16411.0,809.0
0.7728920272389863,0.0,0.13627220625,0.08452694625,16411.0,809.0
0.7612945999698026,0.0,0.133121618,0.08946750225000001,16411.0,809.0
0.8524142783558557,0.004013635,0.111916661,0.09916121550000001,16411.0,809.0
0.8468985024147633,0.2447568345,0.0972801805,0.10130460799999999,16411.0,809.0
0.8515482732900492,0.502034722,0.065612002,0.111547694,16411.0,809.0
0.8443935816880888,0.720382603,0.0461932655,0.08738197049999999,16411.0,809.0
0.8367121781935715,0.847383159,0.042181821,0.0356039865,16411.0,809.0
0.8335318892944481,0.7522421395,0.054011725,0.0353942825,16411.0,809.0
0.8373974382282477,0.585610678,0.064682126,0.043534957,16411.0,809.0
0.8393116598875767,0.3531582445,0.060491799,0.052883789,16411.0,809.0
0.82988486899322,0.030108126333333332,0.05848053533333333,0.044282098666666665,16411.0,809.0
0.7836400616945027,0.0,0.06623245550000001,0.032701176,16411.0,809.0
0.7563889430440311,0.0,0.08782915533333334,0.041362892000000005,16411.0,809.0
0.7659394727547757,0.0,0.1131334245,0.061544664,16411.0,809.0
0.8522955799440824,0.0044613805,0.14089314349999998,0.0722418925,16411.0,809.0
0.8469656133246182,0.1440138145,0.1774236635,0.1008889755,16411.0,809.0
0.8488581117395759,0.3416366515,0.202588537,0.1388804085,16411.0,809.0
0.8424511366485538,0.4819429226666667,0.2684633063333333,0.17801046366666665,16411.0,809.0
0.840713936514901,0.3942829125,0.322291569,0.12363927549999999,16411.0,809.0
0.8455546754412964,0.214886161,0.343748983,0.1493601415,16411.0,809.0
0.8390937624360194,0.049038167,0.378760089,0.2317752775,16411.0,809.0
0.8064906536913466,0.0,0.39117078433333335,0.31272773800000003,16411.0,809.0
0.7514489536127475,0.0,0.40714949,0.42249798475,16411.0,809.0
0.7567652308251958,0.0,0.4249847415,0.4993410935,16411.0,809.0
0.8417980283244381,0.0036387915,0.4210403655,0.540578734,16411.0,809.0
0.836855297573841,0.061859767999999996,0.419079435,0.560905761,16411.0,809.0
0.8372260165615161,0.188954672,0.40185714149999996,0.5526820134999999,16411.0,809.0
0.8353757820769753,0.3728125925,0.36019173250000003,0.5242120955,16411.0,809.0
0.8329485264378869,0.47239806900000003,0.41637259400000004,0.4453635575,16411.0,809.0
0.8319786368332481,0.365048402,0.3808506285,0.36840391250000004,16411.0,809.0
0.8345459829707293,0.200351193,0.3042411395,0.3986533245,16411.0,809.0
0.8210204431239481,0.0289658455,0.284924457,0.4806060955,16411.0,809.0
0.7911383063720252,0.0,0.2294716475,0.5112928489999999,16411.0,809.0
0.7524574350384192,0.0,0.202934857,0.48591509400000005,16411.0,809.0
0.7444802248993152,0.0,0.19801717949999997,0.4200559775,16411.0,809.0
0.7972735564831526,0.0,0.19111226399999998,0.43772148349999995,16411.0,809.0
0.8496973288563069,0.0264978495,0.187677349,0.3959584315,16411.0,809.0
0.8378175198099437,0.096960758,0.185245776,0.317777827,16411.0,809.0
0.8396456052462744,0.1741027655,0.1980825735,0.2660201045,16411.0,809.0
0.8360545579227505,0.25820882900000003,0.2156025275,0.2300062045,16411.0,809.0
0.8345742850500885,0.259206934,0.2883273725,0.264355816,16411.0,809.0
0.8367431307775637,0.21325271299999998,0.3316363765,0.39076922000000003,16411.0,809.0
0.8391481423081494,0.13201493050000002,0.38190902250000003,0.501675937,16411.0,809.0
0.8230167786511432,0.021008303,0.45887424450000003,0.582897281,16411.0,809.0
0.7922528060845744,0.0,0.5375536905,0.6507395575,16411.0,809.0
0.7502362605734589,0.0,0.6104246608,0.6269200128000001,16411.0,809.0
0.7964829922183437,0.0,0.588414779,0.5276433045,16411.0,809.0
0.8491840111453905,0.0438758875,0.55974665,0.4537430785,16411.0,809.0
0.8366413286597413,0.194319961,0.489844981,0.42914009,16411.0,809.0
0.8357326338596793,0.351503094,0.48549609,0.486456837,16411.0,809.0
0.8299830584747464,0.5652715145,0.508364973,0.584319509,16411.0,809.0
0.8258689438578632,0.6939659545,0.489626009,0.6965439625000001,16411.0,809.0
0.8240423731731255,0.640059961,0.4313452155,0.6943250784999999,16411.0,809.0
0.8276113654732169,0.511051552,0.349238448,0.688781285,16411.0,809.0
0.8282540778463193,0.361025132,0.309143703,0.674772405,16411.0,809.0
0.8288991561644856,0.221122738,0.269654086,0.677348304,16411.0,809.0
0.8235128693245629,0.071207028,0.249074742,0.643823537,16411.0,809.0
0.811474038905647,0.0,0.257541998,0.5776821515,16411.0,809.0
0.7645123725506566,0.0,0.271161737,0.48006376650000004,16411.0,809.0
0.738460667513624,0.0,0.3049528445,0.533024768,16411.0,809.0
0.7307426205543863,0.0,0.3580283675,0.61846297525,16411.0,809.0
0.7551233809285376,0.032161378500000004,0.3759673605,0.633015879,16411.0,809.0
0.7921531574241029,0.126868564,0.33970805400000004,0.586961933,16411.0,809.0
0.7925289166783238,0.278041647,0.345031051,0.505973082,16411.0,809.0
0.7857705246024239,0.393634056,0.3483733095,0.4291546985,16411.0,809.0
0.7836767172747506,0.3739248165,0.3258961695,0.354975706,16411.0,809.0
0.7956199218025333,0.2205105305,0.27924457950000003,0.28263100799999996,16411.0,809.0
0.7971104649146666,0.108589701,0.239696967,0.249993103,16411.0,809.0
0.7826291391108485,0.014666878333333334,0.16742326600000002,0.22260920299999998,16411.0,809.0
0.7475639176295894,0.0,0.1089987345,0.17215983750000002,16411.0,809.0
0.7345321252924978,0.0,0.0810334785,0.14185037150000002,16411.0,809.0
0.7296773536858068,0.0,0.0659965115,0.1200143525,16411.0,809.0
0.7327905712317548,0.008820484,0.081201258,0.11564817466666666,16411.0,809.0
0.7711614848465775,0.142835399,0.129329749,0.18066402199999998,16411.0,809.0
0.7901290874869655,0.2954875395,0.156299142,0.235311655,16411.0,809.0
0.78849237250294,0.39187403249999997,0.15393112650000002,0.29967752449999996,16411.0,809.0
0.7870758739031471,0.3761250765,0.16388180549999998,0.36041804850000003,16411.0,809.0
0.7956087287119412,0.2431111815,0.157652081,0.39387128650000003,16411.0,809.0
0.8034540519799787,0.0784227845,0.1675833235,0.46999417450000003,16411.0,809.0
0.7841902479566206,0.005639097,0.17116806033333334,0.5969155563333334,16411.0,809.0
0.7501258761197018,0.0,0.1874799243333333,0.6296761223333334,16411.0,809.0
0.7406968292519925,0.0,0.20292553766666668,0.6726103743333333,16411.0,809.0
0.7920233607749272,0.0,0.20815720100000001,0.6196240289999999,16411.0,809.0
0.8469139786032079,0.0438684335,0.202175985,0.584679196,16411.0,809.0
0.8355782505595799,0.13498764,0.197922054,0.529612288,16411.0,809.0
0.8338562269362813,0.2514144435,0.2219941225,0.443386355,16411.0,809.0
0.8304543491811169,0.4068354875,0.27498886850000004,0.3773882555,16411.0,809.0
0.829195901676161,0.4748748935,0.279180054,0.34489959800000003,16411.0,809.0
0.8305501405475748,0.384753064,0.2302109355,0.33172327749999997,16411.0,809.0
0.8324862279381628,0.224496152,0.176963571,0.320391822,16411.0,809.0
0.8186127810887294,0.040277273,0.1681715355,0.31343567299999997,16411.0,809.0
0.78691017904952,0.0,0.1778794925,0.312326918,16411.0,809.0
0.7545412482640003,0.0,0.20858112,0.2942010435,16411.0,809.0
0.7498018854444857,0.0,0.25475538475,0.2107915655,16411.0,809.0
0.8428652708524134,0.0184221215,0.3053386635,0.17587331099999998,16411.0,809.0
0.8365931488311493,0.237438668,0.3234649635,0.18907129,16411.0,809.0
0.82693992542402,0.4690627755,0.3296132,0.199406426,16411.0,809.0
0.8224167247397381,0.6574632136666666,0.33801357900000006,0.18510355766666664,16411.0,809.0
0.8190619697592788,0.671651781,0.309177618,0.14975188849999999,16411.0,809.0
0.8221521936908429,0.4993552825,0.269069385,0.1314790975,16411.0,809.0
0.8244705009148071,0.295106868,0.266805657,0.132649133,16411.0,809.0
0.8080986013735636,0.04781280433333334,0.28813632433333336,0.153434246,16411.0,809.0
0.7651119217519671,0.0,0.283641265,0.17856982700000001,16411.0,809.0
0.7468897088199268,0.0,0.25475063174999996,0.179989079,16411.0,809.0
0.797310330319233,0.0,0.2083530695,0.128342128,16411.0,809.0
0.8496934951720388,0.114900157,0.17187028199999999,0.1241411045,16411.0,809.0
0.8355387792064776,0.347005132,0.149285674,0.106045762,16411.0,809.0
0.8255553494788317,0.5951127825,0.13594461800000002,0.0979840015,16411.0,809.0
0.8184814779720821,0.8182564736666667,0.1428868533333333,0.09684419233333334,16411.0,809.0
0.8117680392666027,0.7780472695,0.1541686625,0.1587496515,16411.0,809.0
0.8165219316065921,0.5596123135,0.146788318,0.1958046175,16411.0,809.0
0.8153649080493177,0.249468921,0.166914269,0.2077243255,16411.0,809.0
0.7943656708263614,0.001461864,0.18686984333333334,0.22124842600000003,16411.0,809.0
0.752694736801673,0.0,0.2551181611666667,0.16901154066666665,16411.0,809.0
0.8450894903394801,0.024937713,0.28015105149999997,0.143539948,16411.0,809.0
0.8392106621579397,0.248082974,0.281921749,0.136591206,16411.0,809.0
0.8284333555524515,0.505190598,0.2565426255,0.12216238,16411.0,809.0
0.8189475308356122,0.790066667,0.23254160299999999,0.107580978,16411.0,809.0
0.8101968023921096,0.9225443763333333,0.27507322900000003,0.087930118,16411.0,809.0
0.8040487263900676,0.765448044,0.2846644445,0.0906702415,16411.0,809.0
0.8070016051810617,0.546318172,0.29460185,0.112585156,16411.0,809.0
0.8087387262013555,0.2797748635,0.331012786,0.14737252950000002,16411.0,809.0
0.7870639944730993,0.0019444956666666666,0.38326649199999996,0.2271980756666667,16411.0,809.0
0.7378581840765236,0.0,0.4252969153333333,0.33979063400000004,16411.0,809.0
0.7627222207273985,0.001253795,0.40518080300000003,0.39621026649999996,16411.0,809.0
0.8538573043691069,0.067182671,0.415955524,0.387414474,16411.0,809.0
0.8316362199249323,0.30832572199999997,0.41036993050000004,0.37688947949999996,16411.0,809.0
0.821475121681731,0.526122974,0.371660042,0.377150937,16411.0,809.0
0.8146652131402534,0.6938527514999999,0.366135751,0.33816596899999996,16411.0,809.0
0.8057033075315536,0.7777389985000001,0.39718650099999997,0.299535063,16411.0,809.0
0.7995947505163119,0.702052456,0.3782311385,0.2819335235,16411.0,809.0
0.8025292186759684,0.473839809,0.3686453955,0.2542556635,16411.0,809.0
0.8048943328425102,0.185972097,0.386482961,0.222830881,16411.0,809.0
0.7931787989584738,0.002945328,0.37315964700000004,0.21025264700000001,16411.0,809.0
0.7324762039441994,0.0,0.351177452,0.1764898885,16411.0,809.0
0.7001773026335282,0.0010696883333333334,0.29207546749999996,0.10263186949999999,16411.0,809.0
0.7364914032524554,0.162016728,0.21592578350000002,0.055893726,16411.0,809.0
0.7661628837033123,0.419900874,0.180023124,0.054211392,16411.0,809.0
0.765384269697789,0.6373594844999999,0.146762008,0.064267047,16411.0,809.0
0.7464974241932892,0.8498335396666666,0.15332280333333334,0.14141722,16411.0,809.0
0.7436791772860128,0.8093197255,0.1406790875,0.2020530045,16411.0,809.0
0.7531293641269146,0.5898864585,0.10476898400000001,0.2642744565,16411.0,809.0
0.7722264086489805,0.261561626,0.0925830315,0.2694282685,16411.0,809.0
0.7546138019106309,0.002962771333333333,0.088516533,0.17945928766666666,16411.0,809.0
0.7156160508190088,0.0,0.11651077600000001,0.11892298300000001,16411.0,809.0
0.717770733632897,0.0012262816666666666,0.15202965133333335,0.12139131433333335,16411.0,809.0
0.7425475924015454,0.156773901,0.1648515495,0.103282774,16411.0,809.0
0.7678062247418174,0.476536512,0.1379611095,0.153035493,16411.0,809.0
0.753468420788499,0.7396075049999999,0.107853155,0.155798036,16411.0,809.0
0.7450736921058172,0.8611334245,0.093766002,0.0949487745,16411.0,809.0
0.7453279371754106,0.7951308095,0.088384185,0.071737863,16411.0,809.0
0.7629435020354335,0.5747181210000001,0.100256226,0.0849228875,16411.0,809.0
0.7778031664927304,0.333594452,0.117040078,0.093427945,16411.0,809.0
0.7752160372521033,0.095958189,0.135181367,0.10668955150000001,16411.0,809.0
0.7441350233526345,0.0,0.13567942999999996,0.12371051233333334,16411.0,809.0
0.7320335086579257,0.0,0.1180097642,0.153881348,16411.0,809.0
0.8323242721227171,0.0486425455,0.0862224095,0.14982890100000001,16411.0,809.0
0.8315532070227942,0.3058465315,0.074615773,0.1472526645,16411.0,809.0
0.8245106345834133,0.498161343,0.059706328,0.159801465,16411.0,809.0
0.8206657682012377,0.6494816735,0.055821974499999996,0.1770215315,16411.0,809.0
0.8177667011987504,0.704501945,0.055314730666666666,0.154353716,16411.0,809.0
0.8183695632201976,0.533586812,0.0545225795,0.1322811365,16411.0,809.0
0.819758777652045,0.31037603599999997,0.054732627,0.1135110155,16411.0,809.0
0.8073299657993362,0.121771546,0.042735852,0.096106637,16411.0,809.0
0.78463099635011,0.0028546933333333333,0.032517512,0.07858402633333333,16411.0,809.0
0.7232989884982871,0.0,0.026455808,0.06352306966666667,16411.0,809.0
0.7478688508561748,0.00183968625,0.0321788375,0.11211440725,16411.0,809.0
0.840972725217964,0.1322851995,0.0399280995,0.1162655785,16411.0,809.0
0.8246463711547158,0.3915040945,0.032884487500000004,0.133933133,16411.0,809.0
0.8181894809187773,0.671958424,0.044753975,0.14363892,16411.0,809.0
0.8126454503249205,0.7564887140000001,0.082190393,0.1475417825,16411.0,809.0
0.8140273283388808,0.6866393035,0.1327913275,0.1466573935,16411.0,809.0
0.8199099899975861,0.451438731,0.190973375,0.14585352899999998,16411.0,809.0
0.813604217668205,0.181889929,0.2394132565,0.15326871250000002,16411.0,809.0
0.7846288192830134,0.002828777666666667,0.25599857966666667,0.172226281,16411.0,809.0
0.7254478775012393,0.0,0.25906255499999997,0.22373747,16411.0,809.0
0.7176956361742133,0.0,0.2253262365,0.27082239874999997,16411.0,809.0
0.818826466478775,0.0368042435,0.168386245,0.2991197705,16411.0,809.0
0.8323315604927004,0.126691379,0.157015566,0.345634099,16411.0,809.0
0.8285109734205456,0.213697165,0.148873735,0.369296303,16411.0,809.0
0.8220319811487858,0.346665647,0.145723849,0.373727512,16411.0,809.0
0.8197645040509437,0.444237765,0.165671381,0.390090175,16411.0,809.0
0.8114196274848214,0.5966538933333333,0.2286341013333333,0.42212487233333335,16411.0,809.0
0.8035655090341575,0.5342610475,0.271391956,0.473813457,16411.0,809.0
0.8044426831666041,0.365527632,0.2422062115,0.488852038,16411.0,809.0
0.8056042031378562,0.198422774,0.199944239,0.507583572,16411.0,809.0
0.8012172907473604,0.100267216,0.183552962,0.527679832,16411.0,809.0
0.7797707583968972,0.004092740333333333,0.163467432,0.5307260540000001,16411.0,809.0
0.7168497338750862,0.0,0.15371953766666666,0.44010747833333336,16411.0,809.0
0.7370167661793984,0.000912736,0.13253030375,0.47763943675000003,16411.0,809.0
0.8356914586699137,0.0469748455,0.13688307649999998,0.4474610925,16411.0,809.0
0.8236388558992164,0.103399316,0.155149138,0.488349748,16411.0,809.0
0.8111001961829055,0.182375447,0.161812375,0.531625742,16411.0,809.0
0.8034651742413331,0.282740845,0.169899018,0.585080756,16411.0,809.0
0.7913439224065453,0.39094682199999997,0.198826384,0.647500062,16411.0,809.0
0.7864065634944518,0.4834011525,0.2406743405,0.636414165,16411.0,809.0
0.7860165110243182,0.44159031699999995,0.27503711,0.699594242,16411.0,809.0
0.7868401339038751,0.345683144,0.300431289,0.747782199,16411.0,809.0
0.7883859559224103,0.24153531,0.308176347,0.769369484,16411.0,809.0
0.7904947896107375,0.12475831,0.318146708,0.797203208,16411.0,809.0
0.7937394919026939,0.019620251,0.31845267,0.819140611,16411.0,809.0
0.748877052278544,0.0,0.31913276366666665,0.81268653,16411.0,809.0
0.7124027625366053,0.0,0.28022534725,0.75588686875,16411.0,809.0
0.7941697966424378,0.010925088,0.22657242566666666,0.7327010133333333,16411.0,809.0
0.833377411348262,0.087012411,0.219219292,0.75131779,16411.0,809.0
0.8285153275547389,0.179411007,0.21927323,0.777016352,16411.0,809.0
0.821475121681731,0.265846833,0.213706615,0.789974532,16411.0,809.0
0.8189737032744696,0.3650911635,0.225403181,0.7846506565,16411.0,809.0
0.8169611814025253,0.36942821449999996,0.2795875165,0.7899245465,16411.0,809.0
0.8136535332498371,0.270187092,0.34141461149999996,0.799180147,16411.0,809.0
0.8179725773546815,0.18044768049999999,0.409780932,0.816233609,16411.0,809.0
0.8125733225511627,0.1155960805,0.45965448649999996,0.8396069565,16411.0,809.0
0.7818631378872176,0.005365369333333334,0.49157039366666666,0.8395974833333333,16411.0,809.0
0.7060888497532267,0.0,0.5349428106,0.8118875341999999,16411.0,809.0
0.7093408247029495,0.019467611,0.529553069,0.7586169083333334,16411.0,809.0
0.7480355631034579,0.113001008,0.524617751,0.736012018,16411.0,809.0
0.7643622487386638,0.202324456,0.505724901,0.717253294,16411.0,809.0
0.7710630191586378,0.2937104095,0.5427149515,0.6944947530000001,16411.0,809.0
0.7702797591417115,0.4309843926666667,0.565712785,0.6227796193333334,16411.0,809.0
0.7699524713861892,0.432550526,0.5660743165,0.581789589,16411.0,809.0
0.7803635079913853,0.3256180525,0.528562773,0.5827113705,16411.0,809.0
0.781722219459928,0.14691651849999998,0.479783786,0.5514353144999999,16411.0,809.0
0.7598442224546599,0.008381033666666668,0.3911700386666667,0.4596404956666667,16411.0,809.0
0.7387912526255902,0.0,0.3019212415,0.448208882,16411.0,809.0
0.7313075967000103,0.0,0.155750297,0.3266472265,16411.0,809.0
0.7365088436060774,0.0162536395,0.08318046700000001,0.212567299,16411.0,809.0
0.7638275625508738,0.1152067135,0.083211113,0.1476089955,16411.0,809.0
0.7736192904613594,0.263137974,0.094420037,0.169569153,16411.0,809.0
0.7668538229173953,0.42911614200000003,0.1254013835,0.21573480499999997,16411.0,809.0
0.7645460858180962,0.5067379523333333,0.18866939566666666,0.19291582999999998,16411.0,809.0
0.7741509243646298,0.348476161,0.229834461,0.18612997450000002,16411.0,809.0
0.7834105217387688,0.161297762,0.275726376,0.214242068,16411.0,809.0
0.7809886141213352,0.047952305,0.318449252,0.260624808,16411.0,809.0
0.7502768204048823,0.004858840666666667,0.35097358466666667,0.34668746833333336,16411.0,809.0
0.7182726927088625,0.0,0.40547690733333336,0.5026411643333333,16411.0,809.0
0.7392199008171971,0.0052600765,0.4265033965,0.55139433225,16411.0,809.0
0.8383700253499085,0.070405745,0.386180906,0.5714499955,16411.0,809.0
0.8280053226639593,0.150154457,0.378866607,0.568429554,16411.0,809.0
0.8246016934384341,0.214112601,0.374105318,0.556933433,16411.0,809.0
0.8240365674537647,0.300957821,0.432015783,0.584934031,16411.0,809.0
0.8233571133455522,0.264732354,0.4323978555,0.5428088925000001,16411.0,809.0
0.8265413303679271,0.1716102425,0.3939869555,0.527615301,16411.0,809.0
0.8238249491591044,0.093881205,0.381719374,0.540642501,16411.0,809.0
0.8083108349713388,0.0386605915,0.3881997915,0.552623658,16411.0,809.0
0.776502313398882,0.0,0.359680367,0.5607625675,16411.0,809.0
0.7257099694976994,0.0,0.3232434662,0.5213700612000001,16411.0,809.0
0.7783742715420002,0.0020792195,0.25654871349999997,0.5766452415000001,16411.0,809.0
0.8418932518143758,0.06565731799999999,0.22157214749999998,0.6253990389999999,16411.0,809.0
0.8280053226639593,0.165239529,0.196556498,0.651094133,16411.0,809.0
0.824401402022926,0.264778512,0.22814380499999998,0.6808623155,16411.0,809.0
0.8224025344540336,0.37962107625,0.335605302,0.7111233875,16411.0,809.0
0.8226559038919978,0.3645395815,0.4287758325,0.7386441509999999,16411.0,809.0
0.8222922367626408,0.2094258225,0.4233160795,0.7276202775,16411.0,809.0
0.808283905570891,0.063886539,0.418378312,0.715897145,16411.0,809.0
0.7777573058039167,0.0,0.4063963705,0.6951014885,16411.0,809.0
0.7404860388862291,0.0,0.447393437,0.671620887,16411.0,809.0
0.7373951600948704,0.0,0.3642596786666667,0.630203352,16411.0,809.0
0.7919665673240355,0.002776822,0.30573832850000005,0.599514629,16411.0,809.0
0.845565703056564,0.086445087,0.2628303455,0.5561546420000001,16411.0,809.0
0.8288027020683182,0.238704759,0.264049252,0.512947057,16411.0,809.0
0.8227147797638995,0.3840171585,0.28890457199999997,0.5149819689999999,16411.0,809.0
0.8195737729257053,0.476288684,0.31347737750000004,0.510800089,16411.0,809.0
0.8183330577206153,0.46481241766666664,0.29819711200000004,0.50831881,16411.0,809.0
0.8214598820049515,0.339807163,0.2604749715,0.448672843,16411.0,809.0
0.8202829334789526,0.220719651,0.221600283,0.430728313,16411.0,809.0
0.8088731373132384,0.0959117155,0.18690534050000002,0.4173778975,16411.0,809.0
0.781439790566808,0.0,0.15874517,0.377783021,16411.0,809.0
0.741547531281298,0.0,0.1353107484,0.3328571278,16411.0,809.0
0.7923894652998948,0.0044043245,0.110256363,0.3210773375,16411.0,809.0
0.845516718632684,0.12356265550000001,0.100006283,0.32286995549999997,16411.0,809.0
0.8288718951920799,0.262773589,0.077613837,0.335668465,16411.0,809.0
0.8227407627034806,0.4660465465,0.0877000365,0.3898508555,16411.0,809.0
0.8195696555102803,0.591489625,0.10101150549999999,0.446061445,16411.0,809.0
0.8177850644034933,0.5923294100000001,0.11323487800000001,0.4745212585,16411.0,809.0
0.8197084205492535,0.464806079,0.1077226325,0.441818544,16411.0,809.0
0.8212968848754494,0.263082946,0.093263078,0.37036475599999996,16411.0,809.0
0.8104877738711886,0.112946633,0.08127303,0.337729776,16411.0,809.0
0.7895342554024332,0.018672583666666666,0.09006607866666666,0.36655355566666664,16411.0,809.0
0.7490421789104793,0.0,0.0871328865,0.3605162645,16411.0,809.0
0.744359728004792,0.000382646,0.08444031100000002,0.33826419225000004,16411.0,809.0
0.8388820652351031,0.0531688175,0.079045196,0.353479557,16411.0,809.0
0.8356557733673815,0.170542249,0.07611784,0.370437614,16411.0,809.0
0.8304286973992878,0.330011613,0.070725451,0.373948866,16411.0,809.0
0.8239687310619808,0.49706482,0.0770057665,0.3709629975,16411.0,809.0
0.8210478773725591,0.6334314033333334,0.075192592,0.3372233263333333,16411.0,809.0
0.8188073458982357,0.5672654585000001,0.095215147,0.356699423,16411.0,809.0
0.8224567956561248,0.4074001565,0.088164649,0.31469459499999997,16411.0,809.0
0.8163613010434629,0.20291723,0.06729811150000001,0.309371079,16411.0,809.0
0.7920020711352752,0.025577304999999998,0.06834939233333333,0.34177421066666663,16411.0,809.0
0.7371906407399514,0.0,0.06739409266666667,0.37832977933333334,16411.0,809.0
0.7278084799281787,0.000584029,0.07360970233333335,0.40793291266666665,16411.0,809.0
0.7325408064221026,0.046727572,0.0842074055,0.4277806495,16411.0,809.0
0.7674759473849604,0.21743998450000002,0.0704024405,0.383238032,16411.0,809.0
0.7852028508362265,0.4350111055,0.065789131,0.327637186,16411.0,809.0
0.7820416821034364,0.5911208400000001,0.0714075575,0.3510957635,16411.0,809.0
0.7749455113987769,0.58485522,0.092471182,0.313901429,16411.0,809.0
0.7783255474466342,0.495217252,0.104178831,0.20775527249999998,16411.0,809.0
0.7889713065538948,0.3114912475,0.101827268,0.132251963,16411.0,809.0
0.7859864817056528,0.121708384,0.099273022,0.11716241250000001,16411.0,809.0
0.7529401315992326,0.0,0.09352031133333334,0.10695891566666667,16411.0,809.0
0.7357691332013983,0.0006886158,0.08165228420000001,0.1027071614,16411.0,809.0
0.739858590006755,0.054366173999999996,0.080310345,0.0951317265,16411.0,809.0
0.7698877270427074,0.2455693425,0.060139278500000004,0.0938982115,16411.0,809.0
0.7800830196536968,0.5035654430000001,0.0553613545,0.095992227,16411.0,809.0
0.770359017541975,0.6200171649999999,0.058013927,0.14710857900000002,16411.0,809.0
0.7651366268658264,0.6520101695,0.0726941705,0.203894768,16411.0,809.0
0.7698635185619243,0.5626402564999999,0.079361373,0.228972978,16411.0,809.0
0.7809443390133521,0.35237960300000004,0.087175154,0.2348036775,16411.0,809.0
0.777750419420923,0.15253984,0.08747038300000001,0.2292756285,16411.0,809.0
0.7500750854121907,0.000759171,0.0756637315,0.18832025749999998,16411.0,809.0
0.7457565146413312,0.0,0.06190133725,0.14023607425,16411.0,809.0
0.7558425981980279,0.0024517815,0.06721519649999999,0.133097732,16411.0,809.0
0.8412369093692766,0.07193997199999999,0.0753419485,0.13201456350000002,16411.0,809.0
0.836026066551218,0.211333662,0.06948441,0.111281317,16411.0,809.0
0.8239942879906201,0.42187200049999996,0.073007601,0.1228741475,16411.0,809.0
0.8121347352778365,0.617187701,0.14024073250000002,0.1556563185,16411.0,809.0
0.8044319399038025,0.6648969069999999,0.213554915,0.203583881,16411.0,809.0
0.80265875499663,0.5904366135,0.244273662,0.300226909,16411.0,809.0
0.8091747576161354,0.41977820450000003,0.28123568050000003,0.3776838905,16411.0,809.0
0.8108608119986418,0.259489723,0.306399547,0.425247555,16411.0,809.0
0.8034753970542095,0.1204868665,0.323527695,0.46865963050000004,16411.0,809.0
0.7696976110134808,0.001030556,0.3572412385,0.46297588,16411.0,809.0
0.6634209231987226,0.0,0.429763798,0.394545481,13841.0,682.3333333333334
0.6728906169708742,0.015538727749999998,0.5053293995,0.48418998150000003,8701.0,429.0
0.7780106044126432,0.12686519100000002,0.560804326,0.6157798425,8701.0,429.0
0.8029447570384007,0.206422153,0.576104113,0.669978384,8701.0,429.0
0.8033676314045142,0.2859977625,0.5712628955,0.6663307835,8701.0,429.0
0.8003357940984505,0.36461282533333333,0.5651227246666667,0.610947494,8701.0,429.0
0.7987725239254123,0.3454717815,0.5409545015,0.591566474,8701.0,429.0
0.8030925144911236,0.226051895,0.48292255549999996,0.602649089,8701.0,429.0
0.807756010705802,0.137528987,0.42508256,0.62319962,8701.0,429.0
0.7964715390063406,0.05968968250000001,0.3959538215,0.639627796,8701.0,429.0
0.7621238783154689,0.00100334,0.3662615215,0.6534682105,8701.0,429.0
0.6766367694521235,0.0,0.3050505495,0.6681304455000001,8701.0,429.0
0.6883980655129635,0.013552208666666668,0.27265850700000005,0.6385996766666667,8701.0,429.0
0.7776019994455934,0.1259234795,0.24864949200000003,0.5545166665,8701.0,429.0
0.8001318743068158,0.3695494375,0.29152515749999997,0.4972681315,8701.0,429.0
0.798120346322333,0.5710184595000001,0.40198868099999996,0.42274313900000005,8701.0,429.0
0.794279739221161,0.6210023,0.5073131655,0.3275599645,8701.0,429.0
0.7933857636479533,0.5454198175,0.555177783,0.28262647350000003,8701.0,429.0
0.7948425147934939,0.453325441,0.563872796,0.303839609,8701.0,429.0
0.7997634742518158,0.32697442649999997,0.5763530845,0.38222028750000003,8701.0,429.0
0.7903749794698762,0.133052056,0.601551528,0.5509700165,8701.0,429.0
0.7518555827132986,0.001540045,0.6323749375000001,0.6707577305,8701.0,429.0
0.6657947772513807,0.0,0.6588542113333333,0.7003899356666667,8701.0,429.0
0.6727651744558918,0.014059224,0.62269259675,0.719053657,8701.0,429.0
0.7775214711585581,0.128326419,0.5833978980000001,0.7266912185,8701.0,429.0
0.8014348098216741,0.256439501,0.5955022125,0.8038113825,8701.0,429.0
0.7998946669825457,0.390673623,0.614737644,0.84294046,8701.0,429.0
0.7981033399186023,0.42523219999999995,0.6131647219999999,0.814912116,8701.0,429.0
0.7970268365023107,0.406331228,0.564919028,0.796652126,8701.0,429.0
0.7996545728490805,0.3139111515,0.45751322699999997,0.779884307,8701.0,429.0
0.8041157424467328,0.215834217,0.393037433,0.739880656,8701.0,429.0
0.7934031091483855,0.110377056,0.366435132,0.7080640555,8701.0,429.0
0.7603364006065898,0.0015392795,0.341197988,0.6893967075,8701.0,429.0
0.6798100893341423,0.0,0.28002882475,0.63828540275,8701.0,429.0
0.6948488816930434,0.008909293333333334,0.19904625166666667,0.6201637653333333,8701.0,429.0
0.7792444886693184,0.1038481645,0.1792214185,0.637456208,8701.0,429.0
0.8021055397145667,0.2682704555,0.16867980049999998,0.65303267,8701.0,429.0
0.8007085164628107,0.482035678,0.194400423,0.649334851,8701.0,429.0
0.7972821070770956,0.5692319423333333,0.249812323,0.6111697863333333,8701.0,429.0
0.794727271274539,0.45068835949999997,0.2845243235,0.577565117,8701.0,429.0
0.7973231087835528,0.28145590600000003,0.2811512195,0.5630414925,8701.0,429.0
0.8019971591759625,0.153239479,0.26828252,0.547983037,8701.0,429.0
0.7903529482632927,0.0766200725,0.2791458335,0.583675962,8701.0,429.0
0.7506930688545849,0.001699728,0.2940536415,0.6777593865,8701.0,429.0
0.6516047308198194,0.0,0.271394139,0.7341988835,8701.0,429.0
0.6292328080996041,0.005172945399999999,0.267498267,0.8447212538000001,8701.0,429.0
0.659180900706339,0.088864835,0.27164007300000004,0.8746774465,8701.0,429.0
0.6974732423293882,0.195699529,0.263639384,0.879511584,8701.0,429.0
0.7278488190429948,0.303014633,0.257768971,0.88070172,8701.0,429.0
0.7277360129196506,0.385179325,0.27023774349999996,0.8867945989999999,8701.0,429.0
0.7243164343787987,0.38543208549999997,0.36824377275000003,0.88108965625,8701.0,429.0
0.7275788608590856,0.33047038500000003,0.427005396,0.831538691,8701.0,429.0
0.7338477647062994,0.216658039,0.452395386,0.846176753,8701.0,429.0
0.7342314042309758,0.1111926895,0.49084739,0.8768215690000001,8701.0,429.0
0.6851183563189812,0.000838458,0.5153813905,0.9098346709999999,8701.0,429.0
0.6231685780647522,0.0,0.511102068,0.9190711596666666,8701.0,429.0
0.628422583709431,0.012228291,0.475199142,0.9167937565,8701.0,429.0
0.656978617986872,0.0555876525,0.44053064200000003,0.896206388,8701.0,429.0
0.6995216860155299,0.109927381,0.39724399,0.808292669,8701.0,429.0
0.7265937792113651,0.166198972,0.406481799,0.716362082,8701.0,429.0
0.7272072664468845,0.2766364855,0.4184483955,0.6182638095,8701.0,429.0
0.724722704500757,0.42530629366666667,0.42217710633333333,0.536398375,8701.0,429.0
0.7240063896422239,0.4222737295,0.388715652,0.471913106,8701.0,429.0
0.7319038921055487,0.2915174225,0.332409021,0.4373088165,8701.0,429.0
0.7332462515469147,0.113300817,0.293582699,0.41409119299999997,8701.0,429.0
0.7220390659364865,0.002773851,0.3217852165,0.4121805665,8701.0,429.0
0.6639898354410652,0.0,0.380687474,0.4496234295,8701.0,429.0
0.6477480717837673,0.0004207586666666666,0.45824917233333334,0.7139918743333333,8701.0,429.0
0.6705003479662341,0.010183764500000001,0.4843964235,0.8048112430000001,8701.0,429.0
0.768399526680098,0.1000577225,0.41480404950000005,0.787770982,8701.0,429.0
0.7964055638495258,0.24561745499999998,0.3996360925,0.6937010315000001,8701.0,429.0
0.7930141218091573,0.3485482105,0.38446269850000003,0.5874472550000001,8701.0,429.0
0.7898037559576708,0.390078629,0.309769801,0.58452816825,8701.0,429.0
0.7890119610866322,0.32659259900000004,0.275136905,0.60612102,8701.0,429.0
0.7936047970596538,0.21552473,0.247497452,0.563407053,8701.0,429.0
0.7858304890078739,0.10393170799999998,0.2483920725,0.486998547,8701.0,429.0
0.7414803966788559,0.004015024,0.2250889095,0.3572765445,8701.0,429.0
0.6592952921343764,0.0,0.22979868066666667,0.2987088626666667,8701.0,429.0
0.6480987079902056,0.000599266,0.2274291035,0.31476475000000004,8701.0,429.0
0.6706638183261697,0.0306663595,0.2468709575,0.326818124,8701.0,429.0
0.7675716915319264,0.239854937,0.2515807615,0.399734222,8701.0,429.0
0.7976729087079387,0.44966392,0.260281762,0.447660583,8701.0,429.0
0.7949259060728756,0.6348067989999999,0.3133074715,0.474626753,8701.0,429.0
0.7977166397562507,0.8092807184999999,0.3964692475,0.482723357,8701.0,429.0
0.7962121350001625,0.8314254219999999,0.46334751949999997,0.432051443,8701.0,429.0
0.7945304347518494,0.6873876065,0.5083068150000001,0.4246944735,8701.0,429.0
0.7972085282014106,0.490900447,0.51090005,0.454594345,8701.0,429.0
0.8000205591182156,0.34684701,0.510817547,0.526002477,8701.0,429.0
0.793928211643263,0.183867995,0.5489843755,0.6620198465,8701.0,429.0
0.7435088917865272,0.006486591,0.5671049095,0.740661622,8701.0,429.0
0.6679423254002543,0.0,0.584767723,0.794679306,8701.0,429.0
0.6532134868942134,0.00666097475,0.53555227025,0.81964480575,8701.0,429.0
0.7198176390267343,0.171426265,0.503767807,0.8383401269999999,8701.0,429.0
0.7921243819072071,0.372302004,0.460999619,0.776775876,8701.0,429.0
0.798188592985228,0.615896384,0.43888652949999996,0.6957076,8701.0,429.0
0.7989858305240082,0.8583782675,0.5448206065000001,0.614999013,8701.0,429.0
0.796760286198831,0.9415313595,0.6368596225,0.4695293075,8701.0,429.0
0.7980412141168518,0.7898188115,0.6623985145,0.3369530905,8701.0,429.0
0.795637432985393,0.532306586,0.6134963609999999,0.32776892150000003,8701.0,429.0
0.8001107661584562,0.351046253,0.563313094,0.336041275,8701.0,429.0
0.7949922125945452,0.1948806735,0.5383019405,0.34928616199999996,8701.0,429.0
0.7459120812246172,0.0088966685,0.5475914735,0.47494747449999997,8701.0,429.0
0.6631908626549947,0.0,0.585846296,0.687210776,8701.0,429.0
0.6511972618129127,0.0014113275,0.5729195205,0.70620514,8701.0,429.0
0.672663088296258,0.0692366335,0.540123565,0.715815817,8701.0,429.0
0.7492313010522441,0.217510544,0.50674778,0.703183945,8701.0,429.0
0.7930304972389768,0.421730666,0.4501479075,0.671040751,8701.0,429.0
0.7936862481978101,0.6922375949999999,0.497533551,0.63365341,8701.0,429.0
0.7918832940933833,0.8582475393333334,0.6275716453333333,0.6322151303333333,8701.0,429.0
0.7888437580081565,0.7565027255,0.6308078125000001,0.5809079340000001,8701.0,429.0
0.7874373401485584,0.48174051,0.570385804,0.5890967775,8701.0,429.0
0.7928918030292413,0.276390059,0.519233275,0.604561338,8701.0,429.0
0.7857552613158985,0.1333911825,0.49284115,0.608579671,8701.0,429.0
0.739727444495517,0.009189156,0.4566865755,0.6244634179999999,8701.0,429.0
0.6641817497459384,0.0,0.4394620385,0.606166788,8701.0,429.0
0.64799813627151,0.0016253816666666667,0.36933225033333333,0.5022117753333334,8701.0,429.0
0.6694175816161163,0.047258539,0.2934276825,0.498845187,8701.0,429.0
0.7476853845947252,0.104927656,0.254332024,0.425068877,8701.0,429.0
0.7949712937383591,0.181442989,0.21638512799999998,0.2457818035,8701.0,429.0
0.7958372511704677,0.26277529450000003,0.202892917,0.1614846265,8701.0,429.0
0.7919549956490967,0.3091504616666667,0.178590881,0.27245868766666664,8701.0,429.0
0.789046273917356,0.296714456,0.15756856949999998,0.33003599699999997,8701.0,429.0
0.7873747490553243,0.222769404,0.14666379699999998,0.414881127,8701.0,429.0
0.7936600285394608,0.164556242,0.141283688,0.530903894,8701.0,429.0
0.7859688756696035,0.0889927295,0.1452468965,0.58853168,8701.0,429.0
0.7460524082346751,0.0053528305,0.1270743975,0.5622616885,8701.0,429.0
0.6427466389897485,0.0,0.105167045,0.3752146246666667,8701.0,429.0
0.6300283937431622,0.013174293,0.109966695,0.15984692825,8701.0,429.0
0.6600413682512142,0.12294588749999999,0.11387323799999999,0.0761139565,8701.0,429.0
0.6975500079684964,0.245330814,0.107242273,0.070516329,8701.0,429.0
0.728106945016348,0.4330304015,0.10885787799999999,0.074285592,8701.0,429.0
0.7251669157260143,0.590902713,0.122005604,0.08100998549999999,8701.0,429.0
0.7245908412394364,0.6631707835,0.1297309835,0.0626697645,8701.0,429.0
0.7248793281034129,0.535201719,0.1371760365,0.0503141175,8701.0,429.0
0.7306175923490241,0.342837314,0.131176745,0.052905138,8701.0,429.0
0.7341986769810827,0.191114861,0.116858182,0.047887816,8701.0,429.0
0.7240259281566864,0.037316535000000005,0.10026788066666666,0.06263618833333333,8701.0,429.0
0.6394402970911253,0.0008387774000000001,0.07977290340000001,0.1217635208,8701.0,429.0
0.6323762096287635,0.0316744065,0.0991907545,0.14932007149999998,8701.0,429.0
0.6583840183492626,0.13959864849999998,0.10634450649999999,0.132123977,8701.0,429.0
0.7082221994289225,0.3390352725,0.1006583385,0.11602632900000001,8701.0,429.0
0.7262500606604787,0.4800375005,0.14893900100000002,0.144381421,8701.0,429.0
0.7317297806536418,0.48011550633333333,0.22625791800000003,0.21355502433333332,8701.0,429.0
0.7333810176333986,0.40626172,0.2576252175,0.29197354,8701.0,429.0
0.7413860960400392,0.2994950175,0.23206034250000002,0.342220155,8701.0,429.0
0.7408626499552301,0.170462538,0.204673776,0.279073218,8701.0,429.0
0.6945383480552387,0.00827248325,0.220703982,0.1513255935,8701.0,429.0
0.6522685747439242,0.001614817,0.20565719766666668,0.157800026,8701.0,429.0
0.674011032478047,0.0592905625,0.1797425305,0.188282991,8701.0,429.0
0.7716079519761531,0.2062360015,0.147934864,0.173976197,8701.0,429.0
0.7989409637226561,0.42706896299999997,0.125991779,0.1467405685,8701.0,429.0
0.7988875779450908,0.6712016615,0.1550696465,0.129583914,8701.0,429.0
0.7977516151095813,0.721746207,0.205244974,0.1066815745,8701.0,429.0
0.7966537511553657,0.6218054749999999,0.189478008,0.0808347905,8701.0,429.0
0.7953891512405695,0.472557448,0.1156126565,0.055856654500000005,8701.0,429.0
0.7999960430894265,0.316817437,0.065954368,0.051121758,8701.0,429.0
0.7925543791679796,0.18479349150000002,0.05140438,0.0789216245,8701.0,429.0
0.7390179766013666,0.020079007,0.0460260765,0.19872122949999999,8701.0,429.0
0.6607356360252646,0.0,0.061801353333333336,0.21373326,8701.0,429.0
0.658193795765525,0.02915365325,0.08202896075,0.12914402675,8701.0,429.0
0.7702211987567653,0.238234893,0.080211429,0.1132939275,8701.0,429.0
0.7998301117241342,0.480547965,0.069814273,0.10860093,8701.0,429.0
0.7986448335140957,0.6499282040000001,0.081279188,0.1122985055,8701.0,429.0
0.7998258208254008,0.818675648,0.08089957666666668,0.09558028366666667,8701.0,429.0
0.8033018929664677,0.7674733515,0.10120075049999999,0.17757966,8701.0,429.0
0.7995709446438276,0.605792749,0.10164539,0.176528318,8701.0,429.0
0.8005309423862388,0.424479433,0.0899763455,0.130340017,8701.0,429.0
0.794296280333408,0.2225375035,0.0750782395,0.080033189,8701.0,429.0
0.7406227689307872,0.0275109815,0.06385856349999999,0.049769391499999996,8701.0,429.0
0.6612306222182024,0.0,0.06848231833333333,0.1305094973333333,8701.0,429.0
0.6500247382503448,0.0020110165,0.0989373425,0.262208017,8701.0,429.0
0.6711970137863188,0.0649210645,0.14588575850000002,0.31664995799999995,8701.0,429.0
0.7690185510223426,0.21802061,0.203507788,0.559068133,8701.0,429.0
0.798342503054894,0.378720253,0.227484022,0.65893239,8701.0,429.0
0.794690024208025,0.48719812,0.314209898,0.7151627565,8701.0,429.0
0.7927153649128127,0.4690865385,0.4179980645,0.7151159005000001,8701.0,429.0
0.7892458079570676,0.3890370745,0.527559458,0.6959936870000001,8701.0,429.0
0.7876028457100122,0.291809739,0.6147322909999999,0.6212786045,8701.0,429.0
0.7920182964844293,0.193386681,0.6347717505,0.5556153865,8701.0,429.0
0.7849729559058918,0.100166166,0.5995645825,0.466335567,8701.0,429.0
0.7438066786122592,0.018856112,0.517432153,0.35395258949999997,8701.0,429.0
0.6722447103441223,0.0,0.429516467,0.260983246,8701.0,429.0
0.6544028948423077,0.00113155875,0.3501371055,0.21987208425000002,8701.0,429.0
0.6841356174207849,0.0669104675,0.270670651,0.2213437905,8701.0,429.0
0.7522830475181675,0.182121976,0.238138667,0.274054089,8701.0,429.0
0.7945936175384525,0.3326882585,0.21020068949999998,0.328334417,8701.0,429.0
0.7972870923232687,0.581445939,0.1892929575,0.38444534799999996,8701.0,429.0
0.7929581408925035,0.813729171,0.21672435366666667,0.459226393,8701.0,429.0
0.787923752068773,0.7621324245000001,0.318921465,0.5684291509999999,8701.0,429.0
0.7874967602872343,0.554516236,0.37659134800000005,0.624713317,8701.0,429.0
0.792311137482599,0.37175935,0.382892975,0.691344924,8701.0,429.0
0.7857227707847736,0.21020944949999998,0.342229236,0.652637671,8701.0,429.0
0.7443011124614044,0.0242312855,0.2941480065,0.5209861675,8701.0,429.0
0.6617094222044596,0.0,0.24681747066666668,0.41975666833333336,8701.0,429.0
0.6729960870905372,0.026316903500000002,0.18972480725000002,0.217814124,8701.0,429.0
0.770423975201582,0.225087665,0.126809742,0.14135339349999998,8701.0,429.0
0.7968822500041461,0.46720526650000005,0.12478337750000001,0.232071368,8701.0,429.0
0.7933812674410785,0.6633470690000001,0.1523805695,0.3507012515,8701.0,429.0
0.790809724981916,0.7337662180000001,0.18909007200000003,0.34852308000000004,8701.0,429.0
0.7880884766446843,0.6179469315,0.206123777,0.30342296950000003,8701.0,429.0
0.7920323293718279,0.4076451505,0.1902784055,0.23076375100000002,8701.0,429.0
0.7866789352571227,0.18925419300000001,0.1697051135,0.2064917775,8701.0,429.0
0.7435776354967045,0.026618102,0.14448810550000002,0.268931164,8701.0,429.0
0.6465131148714431,0.0,0.13367149766666667,0.41700260600000005,8701.0,429.0
0.6396368211781773,0.001265077,0.169272404,0.6248913815,8701.0,429.0
0.6403731714603866,0.0503647995,0.20146042,0.7075862610000001,8701.0,429.0
0.6584269445951833,0.20068678499999998,0.210000898,0.729708784,8701.0,429.0
0.7081176523674835,0.4187138335,0.2480378165,0.7152329005,8701.0,429.0
0.7253062724583565,0.5937824469999999,0.3032458435,0.6328639885,8701.0,429.0
0.7272217249310186,0.6596374585,0.342983075,0.449394232,8701.0,429.0
0.7282733968315656,0.5713012614999999,0.37385644,0.3493306455,8701.0,429.0
0.7319198415244268,0.461312955,0.34148624400000005,0.3108086075,8701.0,429.0
0.7365503739775469,0.351941287,0.31479961,0.310325962,8701.0,429.0
0.7330174687598742,0.208019598,0.26871343000000003,0.373713999,8701.0,429.0
0.7204569909460021,0.0344519005,0.232852757,0.5422100034999999,8701.0,429.0
0.6493157433795249,0.0,0.2170579115,0.694496497,8701.0,429.0
0.6280654242751695,0.00570317275,0.27306939575,0.8331482542499999,8701.0,429.0
0.6397292288952605,0.096153179,0.35439040899999996,0.8939737395,8701.0,429.0
0.6836200277895822,0.26149798949999997,0.347292023,0.9020175585,8701.0,429.0
0.7212004877326161,0.391851986,0.423161667,0.900100983,8701.0,429.0
0.7263943396106374,0.458151254,0.5239026575,0.89749137,8701.0,429.0
0.7283327225312577,0.5029983060000001,0.6211254245,0.901105423,8701.0,429.0
0.7281836632288612,0.4736904825,0.6628999765000001,0.9007342315,8701.0,429.0
0.7313696789410891,0.3611297195,0.6368308205,0.8886680775,8701.0,429.0
0.7368551178084072,0.242436821,0.59096345,0.87680632,8701.0,429.0
0.7340498073850654,0.1273020655,0.5580817175,0.860526238,8701.0,429.0
0.718781751069741,0.0192225005,0.51294699,0.8494520135,8701.0,429.0
0.6611362031164499,0.0,0.4245060136666667,0.869360377,8701.0,429.0
0.6611381436718815,0.02914402925,0.35433798125,0.833660191,8701.0,429.0
0.770944226307881,0.219594742,0.309221847,0.8678179605,8701.0,429.0
0.7998787647831596,0.366499484,0.332076703,0.871765628,8701.0,429.0
0.7975146917235711,0.5196307554999999,0.3695107965,0.839519036,8701.0,429.0
0.7971037126654048,0.6818938753333333,0.372074058,0.6506753573333334,8701.0,429.0
0.7948321260910871,0.6859432955,0.3750185985,0.5556588205,8701.0,429.0
0.7951579072410693,0.5007155765,0.321561486,0.48156793350000004,8701.0,429.0
0.7976581426757987,0.309587577,0.240604171,0.399018982,8701.0,429.0
0.7899253175688934,0.1345719345,0.2094745965,0.390870822,8701.0,429.0
0.7166174487686323,0.013779840666666666,0.14089243433333334,0.34282090466666665,8701.0,429.0
0.6500559980716885,0.00044670675,0.071044675,0.2292319015,8701.0,429.0
0.6697615130689221,0.0352036725,0.060850689,0.14239919150000002,8701.0,429.0
0.768347252838724,0.143000807,0.066307865,0.1751714035,8701.0,429.0
0.7959984498172199,0.339849142,0.1329062615,0.34721199,8701.0,429.0
0.7939957011374645,0.4246510335,0.181208249,0.401276953,8701.0,429.0
0.7961867671565934,0.41272494449999997,0.22395497450000001,0.4631603525,8701.0,429.0
0.795910419844076,0.4610041045,0.30814933450000004,0.5036652575,8701.0,429.0
0.7956724791679614,0.40537355249999996,0.35468306699999996,0.4897779635,8701.0,429.0
0.7996674935931848,0.294875844,0.34771858,0.461300756,8701.0,429.0
0.7906209658917704,0.17879245,0.32518421249999996,0.4281163975,8701.0,429.0
0.7396279140908779,0.0411201755,0.278370489,0.39441251,8701.0,429.0
0.6547201664392648,0.0023233148,0.1818908122,0.311991515,8701.0,429.0
0.669162153159785,0.0735689565,0.1431328115,0.2710204705,8701.0,429.0
0.7687829056691573,0.23024692149999998,0.114083034,0.24756528849999998,8701.0,429.0
0.7967623211932461,0.463366881,0.0986717035,0.21468479699999998,8701.0,429.0
0.793027823124598,0.6995738515000001,0.1048080045,0.2021444,8701.0,429.0
0.793411817623875,0.791180075,0.147479288,0.269460894,8701.0,429.0
0.7932328946852407,0.720767835,0.1686054525,0.327413532,8701.0,429.0
0.7929011738202347,0.5723594755,0.16686152399999998,0.3308035145,8701.0,429.0
0.7965708326922114,0.398044432,0.1333095,0.294395763,8701.0,429.0
0.7894633030074294,0.2447497845,0.117848614,0.2196996685,8701.0,429.0
0.7401519280522071,0.0613422955,0.091471973,0.1635649225,8701.0,429.0
0.6640407363964247,0.0,0.054984937,0.1113976045,8701.0,429.0
0.651458594362546,0.0072734079999999994,0.087957396,0.21210760875,8701.0,429.0
0.7175573088475029,0.1440003945,0.11615320700000001,0.23711954600000001,8701.0,429.0
0.7928559284345358,0.3334809135,0.1044489475,0.221940261,8701.0,429.0
0.7950327724811959,0.513636095,0.147921761,0.222133449,8701.0,429.0
0.7971767238026383,0.6683554035,0.19006772649999998,0.18794496249999998,8701.0,429.0
0.796566194412655,0.7498155,0.2432843745,0.1715860195,8701.0,429.0
0.7978710232634532,0.7255983619999999,0.24000272299999997,0.174499482,8701.0,429.0
0.7968229953407947,0.5691371494999999,0.215070353,0.17456285100000002,8701.0,429.0
0.7993102628119281,0.395814583,0.186235641,0.167655163,8701.0,429.0
0.7944608392268919,0.23827036199999999,0.1557928915,0.197927517,8701.0,429.0
0.7421671710509191,0.060991446500000004,0.119676715,0.320066859,8701.0,429.0
0.6560827822970513,0.0030826702,0.09515187080000001,0.45789229039999996,8701.0,429.0
0.6701032200280364,0.111125724,0.1059487985,0.485971146,8701.0,429.0
0.7709845496828664,0.3026008615,0.1128747145,0.5024161965,8701.0,429.0
0.801396474221612,0.516211555,0.137611464,0.546964779,8701.0,429.0
0.8008652663292831,0.7208467175,0.213002541,0.5924321189999999,8701.0,429.0
0.8076056030936178,0.9039162799999999,0.286893219,0.6133634840000001,8701.0,429.0
0.8153744681324845,0.8216057585000001,0.34123653099999995,0.5827256905,8701.0,429.0
0.8104638733526175,0.6160009455,0.3583893255,0.4402031735,8701.0,429.0
0.8115170597976543,0.391260071,0.351701062,0.382285361,8701.0,429.0
0.7998143515974296,0.2155798445,0.33468661,0.350635245,8701.0,429.0
0.7498940092233087,0.049947376,0.2976009995,0.31804810699999997,8701.0,429.0
0.6521754808944882,0.0,0.29056546699999997,0.2909451795,8701.0,429.0
0.6288277811067059,0.0091143875,0.287936065,0.370773771,8701.0,429.0
0.6446644105331543,0.16211254600000002,0.2646950685,0.3866946955,8701.0,429.0
0.6900356720065174,0.38143184500000005,0.22122377199999999,0.38540453900000005,8701.0,429.0
0.7285956520523885,0.579540403,0.212427611,0.407643511,8701.0,429.0
0.7349387660943703,0.7357863625000001,0.20993848850000002,0.3875113195,8701.0,429.0
0.7409100253956368,0.787087604,0.22458696299999997,0.39082929050000004,8701.0,429.0
0.7451351710557571,0.755008348,0.2663418815,0.4591652585,8701.0,429.0
0.7501099425096888,0.5762187095,0.28245320799999996,0.4562403765,8701.0,429.0
0.7497391760954188,0.383028978,0.279444901,0.413736821,8701.0,429.0
0.7467773525243732,0.2128013275,0.2563937175,0.363929512,8701.0,429.0
0.7261735551427817,0.0482041695,0.2039633865,0.333708303,8701.0,429.0
0.6459608778060452,0.0,0.15351978733333335,0.26926833366666664,8701.0,429.0
0.6296358803712233,0.04133576,0.140797613,0.2950118725,8701.0,429.0
0.6650382889604589,0.2516439695,0.14695887800000001,0.293414818,8701.0,429.0
0.7199748385138942,0.4680115505,0.16621123799999998,0.3041087415,8701.0,429.0
0.7399899246030635,0.665635513,0.2013648235,0.3241156535,8701.0,429.0
0.7483404490069998,0.732799838,0.2342889665,0.3133019125,8701.0,429.0
0.7497583911149418,0.613669573,0.245242235,0.282151421,8701.0,429.0
0.7502584573382081,0.44060228199999996,0.23274147950000001,0.24421616299999999,8701.0,429.0
0.7499652141459457,0.319643759,0.218729549,0.242354914,8701.0,429.0
0.7486885927284203,0.18966583,0.219463701,0.238660124,8701.0,429.0
0.6994816345668284,0.023866813,0.22287392649999999,0.200250541,8701.0,429.0
0.6545781576835338,0.004544268666666667,0.20228140633333333,0.270012849,8701.0,429.0
0.6762477701009193,0.09016986049999999,0.19114965550000002,0.3439995765,8701.0,429.0
0.7523953093747375,0.191901081,0.167116792,0.377714221,8701.0,429.0
0.7992803043225004,0.32748725700000003,0.13755589750000002,0.3916594765,8701.0,429.0
0.8007442491919378,0.5436585515,0.180151008,0.42113660350000004,8701.0,429.0
0.8037286008097464,0.6884641455,0.2122090985,0.38330521824999997,8701.0,429.0
0.7988801947219177,0.5313665224999999,0.2172533545,0.440855977,8701.0,429.0
0.7982404169988115,0.3194585625,0.198364317,0.404067356,8701.0,429.0
0.7950325831890226,0.148916097,0.204208532,0.43981997500000003,8701.0,429.0
0.7444857858228893,0.044758311,0.21118943699999998,0.5262348775000001,8701.0,429.0
0.663212160164562,0.0,0.23645610266666664,0.5758644653333332,8701.0,429.0
0.6514941255804207,0.0035900085,0.2586343775,0.5103587669999999,8701.0,429.0
0.6740364713579567,0.0760751195,0.2760089885,0.438712455,8701.0,429.0
0.7523553645840988,0.184724932,0.277576669,0.435937887,8701.0,429.0
0.796693506446728,0.327407744,0.28292895900000004,0.467254292,8701.0,429.0
0.8004771308048351,0.51598512,0.334817508,0.5022850145,8701.0,429.0
0.8026454084486871,0.602188833,0.3548209015,0.521300242,8701.0,429.0
0.8134760065998601,0.550671513,0.3683771885,0.506608789,8701.0,429.0
0.815984334792758,0.443660043,0.3600601865,0.479918858,8701.0,429.0
0.8193589517826194,0.3156584995,0.35310488799999995,0.48193273950000004,8701.0,429.0
0.8064729529401763,0.1852167415,0.314183596,0.45907856599999997,8701.0,429.0
0.7527025852472954,0.0523571565,0.262849178,0.435357349,8701.0,429.0
0.6654860105131134,0.0,0.23633320566666668,0.3670341763333333,8701.0,429.0
0.6543287557874322,0.001021389,0.24411345950000002,0.344852814,8701.0,429.0
0.6773239342134063,0.0820663225,0.24012337649999999,0.349030571,8701.0,429.0
0.7573091225357576,0.196908326,0.224239848,0.388702827,8701.0,429.0
0.8039983222748873,0.36164737300000005,0.18636092399999998,0.4134724145,8701.0,429.0
0.8130729151297895,0.6041522495,0.2143607355,0.4459971055,8701.0,429.0
0.8505011923805323,0.772459422,0.177792643,0.4740340023333333,8701.0,429.0
0.8566177479910964,0.723775362,0.171228522,0.5357432769999999,8701.0,429.0
0.8491430252477984,0.528830138,0.161346214,0.565468682,8701.0,429.0
0.8428798954331809,0.377235995,0.150568255,0.575607132,8701.0,429.0
0.8200172822097449,0.23009233499999998,0.1453294075,0.5489109995000001,8701.0,429.0
0.7558237853725975,0.074134707,0.1439486205,0.4277447855,8701.0,429.0
0.6641633274132792,0.00106504975,0.15354025225,0.248939001,8701.0,429.0
0.6576132131636478,0.045113852,0.1986385525,0.24151810099999999,8701.0,429.0
0.7260053994909009,0.21728569450000002,0.198218128,0.389393382,8701.0,429.0
0.8038038521114675,0.4444906275,0.15295021199999997,0.3709240415,8701.0,429.0
0.8176267527730392,0.688341465,0.2179421975,0.23173523150000003,8701.0,429.0
0.8415094388754253,0.7713844226666667,0.19893414833333334,0.12935844633333335,8701.0,429.0
0.844852898318325,0.6676070505,0.2423180335,0.1592316555,8701.0,429.0
0.8391041273215774,0.504185833,0.2184531045,0.104384533,8701.0,429.0
0.8294906594129132,0.340265476,0.176726686,0.054417835,8701.0,429.0
0.815213032766964,0.19115405400000002,0.14627507950000002,0.0872378895,8701.0,429.0
0.7536495918305706,0.054740335,0.14972808599999998,0.10720940849999999,8701.0,429.0
0.644940789325333,0.0007797946666666666,0.11305649566666666,0.09979955433333333,7983.666666666667,393.6666666666667
0.6317258303013311,0.00982939,0.0901449255,0.07914072550000001,6549.0,323.0
0.6516144804022623,0.0885372415,0.08655842550000001,0.0810080085,6549.0,323.0
0.7489474758704668,0.21903780499999997,0.102043011,0.07423803,6549.0,323.0
0.7797799082089528,0.4068156855,0.126164138,0.0650139705,6549.0,323.0
0.7979086014877188,0.5369213565,0.1684388745,0.0906382125,6549.0,323.0
0.8133433937636239,0.5884483815,0.19941426350000002,0.137119079,6549.0,323.0
0.8133868880931677,0.5295925465,0.247295818,0.20923443,6549.0,323.0
0.8124895050537365,0.4017266395,0.264448759,0.2567955355,6549.0,323.0
0.8027119989086167,0.29558688,0.248634426,0.275920078,6549.0,323.0
0.783570584632481,0.1807321225,0.219418185,0.266115659,6549.0,323.0
0.7244522891023824,0.053587593,0.188186839,0.23450672449999999,6549.0,323.0
0.6264869380696151,0.0,0.162609394,0.19904243200000002,6549.0,323.0
0.6067969784777367,0.03818778675,0.1773793635,0.23356366075,6549.0,323.0
0.638183809070818,0.22668334150000002,0.1704042085,0.22518991900000002,6549.0,323.0
0.6932281240668454,0.428963285,0.194963244,0.21422648849999998,6549.0,323.0
0.7258120888973704,0.5854909285000001,0.2205520315,0.23791351300000002,6549.0,323.0
0.7461599489704751,0.6217542659999999,0.27750913075,0.29595925325,6549.0,323.0
0.743508087191239,0.44885236100000003,0.2941986905,0.36745123749999997,6549.0,323.0
0.7378112350612646,0.323152328,0.266825736,0.393540758,6549.0,323.0
0.7250939599543254,0.181072383,0.2269718315,0.3729394425,6549.0,323.0
0.701952278084501,0.050258839,0.20203415749999998,0.3412640355,6549.0,323.0
0.6166268007132496,0.0009041832,0.18295194939999998,0.2941233912,6549.0,323.0
0.6087938820885548,0.0747770785,0.2048353765,0.299845962,6549.0,323.0
0.6352082367577367,0.225497581,0.2147551615,0.334073701,6549.0,323.0
0.6769409572113367,0.370835324,0.240710681,0.404377477,6549.0,323.0
0.7086115419498545,0.507048218,0.3085201015,0.48321134450000003,6549.0,323.0
0.7266036706593867,0.572015329,0.48427709199999996,0.6494808855,6549.0,323.0
0.7333092924679394,0.5216879704999999,0.5716884935,0.6982520605,6549.0,323.0
0.7357669087905478,0.4197599555,0.6290196855000001,0.7477771845,6549.0,323.0
0.7318525413223986,0.2983831175,0.6258180584999999,0.7609816845,6549.0,323.0
0.7235420327454418,0.180773429,0.61733904,0.748375045,6549.0,323.0
0.708900312959194,0.0887994315,0.608644371,0.7443803565,6549.0,323.0
0.6753975253689205,0.0023278165,0.6252787035,0.732814774,6549.0,323.0
0.6341166792980187,0.0019190455,0.6018838224999999,0.7503468265000001,6549.0,323.0
0.651513553708966,0.0579297445,0.5740215875,0.7834914070000001,6549.0,323.0
0.7411423102949874,0.1608563535,0.568850045,0.7938985695,6549.0,323.0
0.7728388545704433,0.308885875,0.575383016,0.786922704,6549.0,323.0
0.7689415960910612,0.487129142,0.579312991,0.8123937055,6549.0,323.0
0.7711468840826589,0.6676654550000001,0.5737997865,0.8250371759999999,6549.0,323.0
0.7723306796420749,0.6910905876666668,0.6476281713333334,0.850166669,6549.0,323.0
0.7698399730179539,0.5144274035,0.6797201900000001,0.87184726,6549.0,323.0
0.7676201078721835,0.369183099,0.666154033,0.863658252,6549.0,323.0
0.7601595364792195,0.206340764,0.61794275,0.8433213955000001,6549.0,323.0
0.7129880184184515,0.0591117465,0.54337162,0.8219000925,6549.0,323.0
0.636871285016836,0.0027170868,0.5074813136,0.8380484444,6549.0,323.0
0.6500648485163081,0.07694343000000001,0.4654869215,0.790547922,6549.0,323.0
0.7410205593915915,0.2210973435,0.44560837750000004,0.760050978,6549.0,323.0
0.7694179034542317,0.381032412,0.427415193,0.73567144,6549.0,323.0
0.7680868551521874,0.529071944,0.43182780350000005,0.7195730124999999,6549.0,323.0
0.7691952730770313,0.680586388,0.45278111050000003,0.687295744,6549.0,323.0
0.7702291498564585,0.7083859305,0.535591213,0.7242480625000001,6549.0,323.0
0.7675963494262938,0.620276872,0.568742182,0.712466876,6549.0,323.0
0.7634776203467035,0.429287932,0.53557963,0.652613848,6549.0,323.0
0.7565571301755731,0.219537123,0.414321846,0.567174276,6549.0,323.0
0.7092546563099464,0.072397993,0.29221307399999996,0.503456737,6549.0,323.0
0.6367454497102388,0.0043715692,0.1927234344,0.44145417159999994,6549.0,323.0
0.6499285442755884,0.087946044,0.14901275749999998,0.4001245275,6549.0,323.0
0.7231576830644608,0.192897903,0.12946661,0.338126575,6549.0,323.0
0.7647747346094735,0.327311151,0.115528506,0.263676429,6549.0,323.0
0.764932927776992,0.503234201,0.130461492,0.244824485,6549.0,323.0
0.7676272781934372,0.647202718,0.177263707,0.268015997,6549.0,323.0
0.7692918456361344,0.7381248685,0.28224599699999997,0.3125052105,6549.0,323.0
0.7709289866311015,0.632223392,0.35463827000000003,0.35289044849999995,6549.0,323.0
0.7682103098922466,0.4404783285,0.3323079605,0.4845878265,6549.0,323.0
0.7661838499860933,0.300707452,0.28593912,0.604428422,6549.0,323.0
0.7595073586690372,0.161824552,0.2381904825,0.6334719795,6549.0,323.0
0.7133695046928801,0.0433517135,0.215802775,0.587139853,6549.0,323.0
0.6458742521985767,0.000708584,0.21192563250000002,0.593670056,6549.0,323.0
0.6314456496497173,0.0030747583333333335,0.24213599233333336,0.5611386,6549.0,323.0
0.651059537880893,0.071031037,0.2805210295,0.5752776945,6549.0,323.0
0.740944811249691,0.2182456705,0.2767903875,0.5500144745,6549.0,323.0
0.7733860116745471,0.352795932,0.313288583,0.490354357,6549.0,323.0
0.7713243399033981,0.497901527,0.36587255350000003,0.4145762825,6549.0,323.0
0.7762276066875679,0.6285710476666667,0.42155315599999993,0.30096711833333334,6549.0,323.0
0.7816440101055677,0.6053604164999999,0.464601685,0.256703919,6549.0,323.0
0.7788780291697499,0.479817768,0.458656274,0.2522070845,6549.0,323.0
0.7737087403329067,0.32956096,0.405643434,0.228229051,6549.0,323.0
0.7645658293645626,0.2021928245,0.3170768505,0.1892501975,6549.0,323.0
0.7164903262338358,0.0683340635,0.2307082205,0.160956174,6549.0,323.0
0.6457842818771043,0.002128189,0.17605601999999998,0.1502857575,6549.0,323.0
0.6331811379387227,0.01184860225,0.12322933949999999,0.14278895775,6549.0,323.0
0.6937955613213775,0.1440415375,0.09055307100000001,0.12980629100000002,6549.0,323.0
0.7679687012142915,0.29614748,0.09239422550000001,0.16809075299999998,6549.0,323.0
0.7722424288970963,0.438577853,0.114227244,0.260849642,6549.0,323.0
0.7738768013387007,0.5799505675,0.125493876,0.345127547,6549.0,323.0
0.7875527018197944,0.6565092095,0.17514688675,0.4189619215,6549.0,323.0
0.7882753742927576,0.457306827,0.193310433,0.4210479285,6549.0,323.0
0.7828344000326991,0.324508017,0.19748575,0.476984554,6549.0,323.0
0.7699555476946607,0.1830127895,0.196877718,0.528635839,6549.0,323.0
0.7190789462021039,0.057604457,0.17356352949999998,0.497142191,6549.0,323.0
0.6286682625833193,0.0009371575,0.107693626,0.4205470855,6549.0,323.0
0.6064091859159134,0.009306312,0.09180015825,0.325359989,6549.0,323.0
0.6144058045778087,0.1439007145,0.078635549,0.263959518,6549.0,323.0
0.6596090994843615,0.3028683795,0.07595855400000001,0.2576230185,6549.0,323.0
0.7024186229633094,0.477173262,0.094677399,0.2401183875,6549.0,323.0
0.7143772326431959,0.5936998680000001,0.12539734,0.22738526650000002,6549.0,323.0
0.7174618012122023,0.5397688169999999,0.1703493565,0.247137494,6549.0,323.0
0.7223517136475481,0.424810905,0.17425481199999998,0.26080982750000004,6549.0,323.0
0.7197561366741515,0.2743338515,0.1491936975,0.26481138699999995,6549.0,323.0
0.7081540001926223,0.1520929345,0.1127066695,0.258613588,6549.0,323.0
0.6631472460656264,0.02602464425,0.06517152825,0.201591072,6549.0,323.0
0.6068127070557457,0.0021303126666666664,0.040642931666666667,0.13021407699999998,6549.0,323.0
0.6118188094709134,0.09337373133333333,0.04028081333333334,0.16281023966666666,6549.0,323.0
0.6579963322383989,0.2625824015,0.0506430675,0.194117564,6549.0,323.0
0.6965063818137291,0.4248591815,0.090482793,0.240632613,6549.0,323.0
0.7051590627793526,0.47686170066666667,0.15182495699999998,0.333137624,6549.0,323.0
0.7038845081810752,0.3684216045,0.21546233250000002,0.39025343,6549.0,323.0
0.7036453843253256,0.2556196935,0.23910591949999999,0.39017325,6549.0,323.0
0.7000797441949475,0.10986954966666666,0.21319825699999997,0.34715736266666664,6549.0,323.0
0.6885172526188634,0.0227115825,0.242432268,0.37028254650000003,6549.0,323.0
0.6458543270227493,0.0,0.247364887,0.3906404,6549.0,323.0
0.6331667858019968,0.0030282060000000003,0.25993328375,0.40278214775,6549.0,323.0
0.6938286671556175,0.030462086,0.27339255149999997,0.3780133845,6549.0,323.0
0.7659211805863737,0.086574715,0.27454577950000003,0.3593531615,6549.0,323.0
0.765091546955452,0.200530432,0.3124085795,0.382161523,6549.0,323.0
0.7632692595756698,0.317099433,0.3275886135,0.41531545049999996,6549.0,323.0
0.762024095659334,0.369864209,0.3720190063333333,0.44203781,6549.0,323.0
0.7573870715616038,0.299822347,0.381691483,0.4859919105,6549.0,323.0
0.7547584829858478,0.203257588,0.368304536,0.472776867,6549.0,323.0
0.7485510580885738,0.112828785,0.3369851315,0.4395894505,6549.0,323.0
0.709432325032605,0.035915573,0.30488042699999995,0.386635089,6549.0,323.0
0.6415796763507547,0.0003575256666666666,0.2720456553333333,0.37673482766666666,6549.0,323.0
0.6323909443883453,0.008460724000000001,0.2536674346666667,0.35379503500000004,6549.0,323.0
0.6938493967196304,0.0713798415,0.224994526,0.29471822400000003,6549.0,323.0
0.7665188126348954,0.17774351,0.19561654,0.2551363115,6549.0,323.0
0.764195276059315,0.28595366,0.187391727,0.261057962,6549.0,323.0
0.7633224796708076,0.4009313495,0.1938317255,0.26374916049999997,6549.0,323.0
0.7661336587728323,0.4964717325,0.28385816175,0.308256026,6549.0,323.0
0.7611115201626152,0.33076803,0.3120534916666667,0.310511851,6549.0,323.0
0.7497005565570967,0.1654356185,0.22954212699999998,0.238376999,6549.0,323.0
0.7104031138786189,0.06561497100000001,0.1746124195,0.18225042,6549.0,323.0
0.645866490391057,0.003914667,0.1425838115,0.1350435725,6549.0,323.0
0.6321666183550515,0.019769830999999998,0.1154881405,0.087431031,6549.0,323.0
0.6939234884514627,0.11550474749999999,0.085862221,0.0639943685,6549.0,323.0
0.7666069136443803,0.224807914,0.0671084925,0.055860639000000004,6549.0,323.0
0.7663783201495131,0.33021385150000004,0.0707384515,0.047263336,6549.0,323.0
0.7637562629821502,0.40663551600000003,0.0908075645,0.051033202,6549.0,323.0
0.7652450233513641,0.42479273366666664,0.10515059866666666,0.048307645333333336,6549.0,323.0
0.7623860272652635,0.394655194,0.102817643,0.036843563,6549.0,323.0
0.756422743087642,0.286534745,0.13304957950000001,0.028362331,6549.0,323.0
0.7495465756581929,0.1347076565,0.1605824455,0.0209107715,6549.0,323.0
0.7096935749481277,0.062243065,0.212530165,0.0593697205,6549.0,323.0
0.641419818765184,0.005462931,0.22876079633333335,0.161529734,6549.0,323.0
0.6313962867105247,0.0199702715,0.29789768650000004,0.29551039349999997,6549.0,323.0
0.6748960159136425,0.05665404666666666,0.40628356233333335,0.4052159393333333,6549.0,323.0
0.7661712135944553,0.10555767099999999,0.580652618,0.5758662560000001,6549.0,323.0
0.7656833109465999,0.138472174,0.681922866,0.663587036,6549.0,323.0
0.7634358062440769,0.1423911835,0.7404087055,0.7031506605,6549.0,323.0
0.762655346329209,0.1323648665,0.7904338479999999,0.7326769655,6549.0,323.0
0.761561434315094,0.10540873649999999,0.810974892,0.791988567,6549.0,323.0
0.7573637859319415,0.095031536,0.8234246725,0.8126442025,6549.0,323.0
0.7549929215496523,0.09289924299999999,0.8496959310000001,0.8382655004999999,6549.0,323.0
0.7488329425078166,0.053498064,0.871561594,0.90750909,6549.0,323.0
0.7102427672537497,0.023549067,0.879103127,0.894623288,6549.0,323.0
0.6386186100864711,0.0047911555,0.8386962255,0.82651506825,6549.0,323.0
0.6331180261884604,0.0141340865,0.76316188,0.7947630404999999,6549.0,323.0
0.6939234884514627,0.0900566075,0.7228702185,0.7950545855,6549.0,323.0
0.7666045470780073,0.230431861,0.736644131,0.804600866,6549.0,323.0
0.7661119591382068,0.358383322,0.765174204,0.796239185,6549.0,323.0
0.7632065974460948,0.44897702949999996,0.760241469,0.7898303185,6549.0,323.0
0.7632190091309409,0.54555693475,0.7510680215000001,0.7972330259999999,6549.0,323.0
0.7575362014861349,0.43278511799999997,0.7518966705000001,0.7789778985,6549.0,323.0
0.7547584829858478,0.293301105,0.717117022,0.763998452,6549.0,323.0
0.7489412760340319,0.17765882900000002,0.6265510599999999,0.7086233074999999,6549.0,323.0
0.7102125956552998,0.0724053615,0.529814268,0.697715246,6549.0,323.0
0.6294495507032216,0.003895204,0.448727902,0.7916422115,6549.0,323.0
0.6054486555044979,0.020693433,0.3937238235,0.793907554,6549.0,323.0
0.6139002248575632,0.1543524255,0.3341205985,0.8181150644999999,6549.0,323.0
0.6554343813420644,0.32961782549999996,0.348113439,0.8366043955,6549.0,323.0
0.6890539978250204,0.448608686,0.338416007,0.841858095,6549.0,323.0
0.6942585931729461,0.5253703064999999,0.3151977805,0.80648986,6549.0,323.0
0.6967082822127106,0.5469402640000001,0.30137133250000003,0.7504860545,6549.0,323.0
0.700562298821148,0.49063663399999996,0.29558504999999996,0.6246510166666667,6549.0,323.0
0.7017704209100766,0.33835568000000005,0.28943937750000004,0.4395925795,6549.0,323.0
0.6954860406673151,0.17207077399999998,0.2700798255,0.3651193105,6549.0,323.0
0.6586091685490814,0.030947933250000004,0.2606664865,0.33354939875,6549.0,323.0
0.6056008619446036,0.02015234325,0.27963643025,0.285482099,6549.0,323.0
0.6139687556658213,0.110016796,0.2767144505,0.271760601,6549.0,323.0
0.6562569156880731,0.1939316155,0.2855801335,0.278149261,6549.0,323.0
0.6930343402428816,0.3005749225,0.3272879525,0.303524399,6549.0,323.0
0.6939900078750515,0.378728254,0.338527989,0.35255198,6549.0,323.0
0.6952979598396068,0.4246245945,0.3364158135,0.415666153,6549.0,323.0
0.6953341894089132,0.379799707,0.28921368950000004,0.41191400749999996,6549.0,323.0
0.6972430158270955,0.3007415205,0.2476129965,0.3798613435,6549.0,323.0
0.6964681882863485,0.215063683,0.241205784,0.360245534,6549.0,323.0
0.6946766635770759,0.1246016385,0.224149224,0.4401289935,6549.0,323.0
0.676979087779395,0.030593995,0.21985948866666669,0.5503051353333334,6549.0,323.0
0.6333647463764052,0.0047170585,0.22564132925,0.5252438094999999,6549.0,323.0
0.6510519417558007,0.0377253045,0.2050887615,0.41778714549999996,6549.0,323.0
0.7413759206537577,0.09759232600000001,0.189528025,0.398290897,6549.0,323.0
0.7715255069505352,0.178251503,0.237252808,0.410825672,6549.0,323.0
0.7655170007898577,0.240002023,0.36486584499999997,0.42911981450000003,6549.0,323.0
0.7632720991653732,0.249077681,0.402272609,0.34903110849999996,6549.0,323.0
0.7628541944436709,0.27205647050000004,0.434328249,0.34948422349999997,6549.0,323.0
0.7592259946997197,0.20750069399999999,0.43241105199999996,0.35329651,6549.0,323.0
0.7545279965692471,0.179133916,0.4258320565,0.35659318549999997,6549.0,323.0
0.7491448094404389,0.115478252,0.4200730365,0.5029289045,6549.0,323.0
0.7099946271674016,0.0318056335,0.447459298,0.6666222045,6549.0,323.0
0.6386872709554348,0.00232129225,0.4591254575,0.7092263855,6549.0,323.0
0.6336554811367159,0.014078891,0.4436310545,0.6330822625,6549.0,323.0
0.6939853695954952,0.10293971500000001,0.435890224,0.5793382765,6549.0,323.0
0.7668687784488117,0.231878099,0.5255503455,0.6388985775,6549.0,323.0
0.7680703614665354,0.389880396,0.594421852,0.6313568655,6549.0,323.0
0.7637564878960454,0.40768460475,0.65233597325,0.64821686675,6549.0,323.0
0.7594218135180988,0.364794083,0.7116457,0.7194899025,6549.0,323.0
0.7546044782700951,0.263178719,0.7251605015,0.7484951655000001,6549.0,323.0
0.7495359504441208,0.14883278,0.708903785,0.7850008145,6549.0,323.0
0.7112592272893008,0.050484975499999994,0.681586528,0.775256677,6549.0,323.0
0.6407916363267624,0.0019492413333333334,0.6155233116666666,0.7420102683333333,6549.0,323.0
0.629897579596779,0.004912615,0.543338533,0.7707044855,6549.0,323.0
0.6499651524292416,0.07277792,0.505933296,0.755585155,6549.0,323.0
0.7423944392934698,0.178908117,0.4880412265,0.767365371,6549.0,323.0
0.7715944635626317,0.3213553175,0.498728243,0.7829341205,6549.0,323.0
0.7716912726334,0.38820805950000004,0.446291349,0.7701552979999999,6549.0,323.0
0.771020881630106,0.302438916,0.3921162186666667,0.7419172559999999,6549.0,323.0
0.7686448977988773,0.2432664585,0.351059816,0.736454462,6549.0,323.0
0.7644956895728312,0.212050035,0.3465632535,0.729297206,6549.0,323.0
0.7550183127958643,0.118317401,0.3432746495,0.6923865155,6549.0,323.0
0.7180285757370246,0.041161029,0.2973366295,0.6095529854999999,6549.0,323.0
0.6475042702988849,0.00057285,0.260196541,0.5140427795,6549.0,323.0
0.6327345759559574,0.0,0.27146471650000004,0.410364274,6549.0,323.0
0.6357699471991642,0.012130979,0.2768558555,0.3122243575,6549.0,323.0
0.6946129603405476,0.0849148155,0.2443454475,0.21573695450000002,6549.0,323.0
0.7707872399297433,0.203467807,0.25982503749999997,0.18134044,6549.0,323.0
0.7716721756626066,0.3236542515,0.294102929,0.2122148605,6549.0,323.0
0.7713749253718022,0.445363506,0.317771125,0.21150297666666665,6549.0,323.0
0.7698022055015148,0.41915994300000003,0.366990715,0.213663131,6549.0,323.0
0.7635884146711722,0.315659619,0.4199070365,0.24048396299999997,6549.0,323.0
0.7620587079610455,0.220280921,0.445513343,0.278868247,6549.0,323.0
0.7548835230996346,0.13904568550000002,0.4341712715,0.297376928,6549.0,323.0
0.7153917051109269,0.044300429,0.42567744750000003,0.34421913849999997,6549.0,323.0
0.6456423456764697,0.0005471185,0.4707883695,0.451317703,6549.0,323.0
0.6315798596300367,0.00510322925,0.51743804075,0.58000080725,6549.0,323.0
0.6936068177639596,0.0622120065,0.5138116155,0.5636944165,6549.0,323.0
0.7670538776141351,0.1357653255,0.5749333194999999,0.5344797045,6549.0,323.0
0.769589443169693,0.2455834275,0.6510928105,0.5895776580000001,6549.0,323.0
0.7680112963024603,0.32093387,0.672787722,0.625459473,6549.0,323.0
0.7650111133145032,0.34318891549999997,0.730677998,0.6598460235,6549.0,323.0
0.7613526713499676,0.315043293,0.7504710825,0.6494191885,6549.0,323.0
0.7585192245296942,0.21802836650000001,0.725754471,0.6322592935,6549.0,323.0
0.753343688222718,0.1035200515,0.6772231825,0.6915951705000001,6549.0,323.0
0.714211159412325,0.0324552065,0.6365104385,0.712935288,6549.0,323.0
0.6225893326926504,0.0,0.610122192,0.7527252976666667,6549.0,323.0
0.6039441665572748,0.004074684,0.6105008813333334,0.758784352,6549.0,323.0
0.6141019123546254,0.04776867,0.556912801,0.6849947295,6549.0,323.0
0.6564051227614833,0.13003076,0.539061228,0.5984937435,6549.0,323.0
0.6945415663328403,0.237539584,0.526809748,0.557460729,6549.0,323.0
0.6943352484951714,0.299191791,0.51738157,0.5817024623333333,6549.0,323.0
0.696954245024859,0.272514958,0.542684672,0.5601362535000001,6549.0,323.0
0.6987875125933143,0.2462353155,0.5178109385,0.5244395065,6549.0,323.0
0.6974436622172043,0.173707298,0.498609742,0.463061445,6549.0,323.0
0.6947590377734562,0.0927111485,0.45620643299999997,0.41147324750000003,6549.0,323.0
0.6584838089788643,0.0124752365,0.36136616875000005,0.33033162475,6549.0,323.0
0.605519047892897,0.001594326,0.31238475,0.3348626276666667,6549.0,323.0
0.6110758570201077,0.05598864233333334,0.27541286733333337,0.3396386343333333,6549.0,323.0
0.6547891847680656,0.148260754,0.2536738565,0.397591133,6549.0,323.0
0.6916341224268214,0.2357780585,0.2676724235,0.508633926,6549.0,323.0
0.6960699243880076,0.2804234295,0.2608505275,0.542946994,6549.0,323.0
0.6997271241485434,0.199124906,0.320114345,0.69358930125,6549.0,323.0
0.7022402442914493,0.104344461,0.325459526,0.7896302504999999,6549.0,323.0
0.7008076778098427,0.058435461,0.295581865,0.788824933,6549.0,323.0
0.6938597613980853,0.0200040295,0.2932965295,0.7764984075000001,6549.0,323.0
0.668799101333543,0.0017560955,0.295178583,0.748231801,6549.0,323.0
0.6396826187005656,0.007153043666666667,0.32013388783333335,0.7270825563333333,6549.0,323.0
0.7411404882024917,0.0801098605,0.271914017,0.706912115,6549.0,323.0
0.7705842033635156,0.127696269,0.279091169,0.737657874,6549.0,323.0
0.7683130112514439,0.2013881975,0.297431345,0.774630971,6549.0,323.0
0.7690597262121082,0.267155072,0.2633897785,0.7636194350000001,6549.0,323.0
0.7706642112006258,0.294864702,0.3307379525,0.8327672915,6549.0,323.0
0.7697892375379187,0.328220457,0.4248076415,0.848983878,6549.0,323.0
0.7670246054641634,0.2874414365,0.4551560255,0.8457671250000001,6549.0,323.0
0.7604290684450841,0.1741136415,0.4435808965,0.8356113765,6549.0,323.0
0.7148196770034332,0.058976215,0.41707984,0.8142873214999999,6549.0,323.0
0.6458613314544726,0.0006805875,0.386628399,0.7971811055,6549.0,323.0
0.6329880523626389,0.01074034875,0.34096565975,0.7660464950000001,6549.0,323.0
0.6936585235217105,0.1240918125,0.30999423800000003,0.7376621625,6549.0,323.0
0.7649506284591281,0.284419428,0.2914867275,0.7694760195,6549.0,323.0
0.7688925170210943,0.5314607465,0.3115721735,0.7925058745,6549.0,323.0
0.7712988538039964,0.7094825375,0.3747661525,0.814132038,6549.0,323.0
0.7734425211181444,0.7509299636666666,0.4705208,0.7911103119999999,6549.0,323.0
0.7707943390075533,0.5259099269999999,0.47297294349999996,0.7762118360000001,6549.0,323.0
0.7678286817522395,0.37063654,0.471388192,0.782209696,6549.0,323.0
0.7614402751050671,0.2241518565,0.45104536549999996,0.7413227419999999,6549.0,323.0
0.7151205165278907,0.082898848,0.40748428800000003,0.700521758,6549.0,323.0
0.6458613314544726,0.003501374,0.3851959355,0.707209127,6549.0,323.0
0.6327416516311244,0.01354837725,0.33752274225,0.61959373125,6549.0,323.0
0.6936491527307173,0.1280541555,0.2914961275,0.4901917265,6549.0,323.0
0.7659983012000826,0.261879411,0.264166659,0.427589669,6549.0,323.0
0.768940128766063,0.421642003,0.248058073,0.40058192,6549.0,323.0
0.7702475368780504,0.545204665,0.25403597099999997,0.358592915,6549.0,323.0
0.7782551235095394,0.649510104,0.29655482850000003,0.303771259,6549.0,323.0
0.7832186074338954,0.64376424,0.345359514,0.252041982,6549.0,323.0
0.7802839025554709,0.488685489,0.35303079449999997,0.23091594450000003,6549.0,323.0
0.7700955433398637,0.280450303,0.3250588795,0.187786367,6549.0,323.0
0.7461386159082203,0.134123967,0.2761089155,0.1929785675,6549.0,323.0
0.6782206549373339,0.006532429,0.23036248450000002,0.219269379,6549.0,323.0
0.6336325153776903,0.0009462827499999999,0.17744785875000002,0.2679477575,6549.0,323.0
0.6513991624189972,0.034135377,0.179431006,0.321584537,6549.0,323.0
0.7424218895580489,0.10893084050000001,0.19346631549999999,0.31052862449999996,6549.0,323.0
0.7745259974864981,0.194822531,0.242894085,0.29828886,6549.0,323.0
0.7718996334044337,0.26488687850000003,0.37571135899999997,0.26078561499999997,6549.0,323.0
0.7751329769233704,0.304033706,0.479574485,0.302197579,6549.0,323.0
0.7773759618092726,0.292796891,0.5726546365,0.48654899949999997,6549.0,323.0
0.7769280747812938,0.29667086750000005,0.637547461,0.480865347,6549.0,323.0
0.7694714785239702,0.2856935035,0.637509671,0.4916445665,6549.0,323.0
0.7615343392322187,0.163706036,0.5642625109999999,0.5076527559999999,6549.0,323.0
0.7151205165278907,0.06983247149999999,0.5144806209999999,0.505128682,6549.0,323.0
0.6458835045266345,0.002650734,0.4747672315,0.4303311255,6549.0,323.0
0.6315383966015706,0.003753471333333333,0.398229058,0.419493587,6549.0,323.0
0.6504691701784023,0.0667489955,0.370346889,0.460216799,6549.0,323.0
0.741213018170342,0.191543987,0.3740305335,0.41521155499999995,6549.0,323.0
0.7691727452373717,0.311197985,0.378303749,0.387376905,6549.0,323.0
0.768372975656894,0.4439624065,0.385820145,0.372289994,6549.0,323.0
0.7701720724673067,0.5654028845,0.453256318,0.47608185999999997,6549.0,323.0
0.7719853914572914,0.6180832915000001,0.5002626145,0.514537865,6549.0,323.0
0.7705699813910467,0.5407117225,0.4984117765,0.5708456165,6549.0,323.0
0.7676479605379583,0.39715865149999996,0.4241382075,0.5539680739999999,6549.0,323.0
0.7601206802221291,0.20160520850000002,0.3717592185,0.5408747295,6549.0,323.0
0.7124434407826399,0.067048823,0.32098836399999997,0.487311877,6549.0,323.0
0.6226908349943134,0.0005529483333333333,0.22991123566666669,0.4374978526666667,6549.0,323.0
0.6056457878738721,0.04868833375,0.1951742135,0.3705946485,6549.0,323.0
0.6306143834946105,0.2450307645,0.148362445,0.305731424,6549.0,323.0
0.6677176600286389,0.386009204,0.124720057,0.285236188,6549.0,323.0
0.695931253788018,0.5671449365,0.125233168,0.2690162435,6549.0,323.0
0.7006573962543721,0.7522574679999999,0.10796026133333332,0.2743830973333334,6549.0,323.0
0.7053801628031982,0.754444416,0.112788773,0.3027580955,6549.0,323.0
0.7090313163977505,0.604449654,0.1185354035,0.360293173,6549.0,323.0
0.7082111722278608,0.446251422,0.133182355,0.408795555,6549.0,323.0
0.7057358314062672,0.271909411,0.1487039685,0.38612296749999997,6549.0,323.0
0.6913838763097175,0.09918003,0.14530961,0.296600099,6549.0,323.0
0.6217448028653318,0.00132062125,0.09856061425,0.19508915175000002,6007.0,296.0
0.6081478571024188,0.0418763395,0.1140764645,0.1408981795,5465.0,269.0
0.6193933072765684,0.22196356699999997,0.101611598,0.152671061,5465.0,269.0
0.6695163784618079,0.44633734049999996,0.070642279,0.1745658475,5465.0,269.0
0.7208495990675791,0.710221554,0.081459585,0.160472695,5465.0,269.0
0.7384878808523321,0.8850247044999999,0.07357318,0.1172963675,5465.0,269.0
0.7465925372973097,0.8947835365,0.073171558,0.1036911315,5465.0,269.0
0.7537883332597979,0.7495476595,0.0816363215,0.1100413975,5465.0,269.0
0.7572748097050337,0.594681842,0.096965579,0.092927362,5465.0,269.0
0.7508367325016285,0.3975497355,0.1199004195,0.0766426355,5465.0,269.0
0.7355594708706352,0.2056473095,0.14653196699999999,0.0975712715,5465.0,269.0
0.6837515757020158,0.0265695695,0.125380159,0.1533689385,5465.0,269.0
0.6341039835713612,0.012472694,0.12058792574999999,0.17852487,5465.0,269.0
0.6513509825904054,0.143712172,0.1085432575,0.20153550650000002,5465.0,269.0
0.7475592085207954,0.333202458,0.07728323549999999,0.22012904049999998,5465.0,269.0
0.792161345035461,0.6232207750000001,0.08806465150000001,0.246123435,5465.0,269.0
0.7983575534395,0.84968383,0.127052893,0.2921128625,5465.0,269.0
0.8054703128901044,0.9118922764999999,0.1550106865,0.32719973449999995,5465.0,269.0
0.8072322808898358,0.8198199145,0.1987993355,0.47949966450000003,5465.0,269.0
0.8017821959601952,0.61876445,0.25403962150000003,0.409237843,5465.0,269.0
0.7957544275605031,0.422996187,0.292017382,0.389038092,5465.0,269.0
0.7893352578286148,0.245883451,0.2910056615,0.4959108505,5465.0,269.0
0.7307548194408645,0.0936995885,0.252092359,0.47949725649999997,5465.0,269.0
0.6467105350795179,0.0047284805,0.211663721,0.4357361915,5465.0,269.0
0.6335880509775338,0.01918552125,0.18598053150000002,0.4118834145,5465.0,269.0
0.6946111382480518,0.12955967,0.159406791,0.341789346,5465.0,269.0
0.7779181966955602,0.2856374705,0.139327975,0.3116964005,5465.0,269.0
0.7932570793491749,0.46435098499999994,0.14614571850000002,0.28681932649999997,5465.0,269.0
0.8057256227799487,0.60322441675,0.17225837300000002,0.25309365625,5465.0,269.0
0.8160289176558502,0.5447507389999999,0.230021789,0.1991411585,5465.0,269.0
0.8111273150826297,0.36596180700000003,0.2301316255,0.170913524,5465.0,269.0
0.7934688950130269,0.1960218205,0.233436413,0.16688556799999998,5465.0,269.0
0.7351204341837243,0.0642292675,0.229992113,0.17230258199999998,5465.0,269.0
0.6467978787132063,0.00063633,0.1892457815,0.1763836425,5465.0,269.0
0.6336744715529982,0.00627423125,0.15471378575000003,0.20468998324999998,5465.0,269.0
0.6947530744486863,0.128949332,0.119558903,0.216005224,5465.0,269.0
0.779186417392705,0.2851522465,0.0950248145,0.21965886299999998,5465.0,269.0
0.7933198359177334,0.4871872945,0.096052828,0.2488255735,5465.0,269.0
0.8060981639636711,0.6516968325,0.099382386,0.2903322765,5465.0,269.0
0.8230446549266639,0.6750523589999999,0.129091485,0.346706454,5465.0,269.0
0.8277623413070929,0.5751044654999999,0.156315811,0.39585802849999996,5465.0,269.0
0.8198362058137599,0.39348293850000005,0.1708792445,0.439956954,5465.0,269.0
0.7984118620681862,0.21568658549999997,0.172256741,0.4361972635,5465.0,269.0
0.7379140072496997,0.073468286,0.1527593595,0.399725596,5465.0,269.0
0.6423857326819076,0.0006654606666666667,0.10634371966666667,0.3331644333333333,5465.0,269.0
0.633642292539354,0.021079230333333334,0.09421929166666666,0.2378810783333333,5465.0,269.0
0.6950128806489568,0.185857595,0.092714328,0.194168182,5465.0,269.0
0.7728685289145079,0.38297261650000003,0.096160576,0.1933903965,5465.0,269.0
0.7866142615357756,0.6315843145,0.14646823949999999,0.22128269849999999,5465.0,269.0
0.7936406714472564,0.753149047,0.2000620135,0.243269793,5465.0,269.0
0.796126045789553,0.6975593463333333,0.25536099766666664,0.278650552,5465.0,269.0
0.7942692086531755,0.48961032950000005,0.3282508325,0.30829198199999996,5465.0,269.0
0.7888939730382666,0.330112182,0.35500455,0.336748811,5465.0,269.0
0.7804892344446277,0.184759864,0.364843943,0.45082627799999997,5465.0,269.0
0.7226591081901447,0.059950785,0.373269968,0.4656547,5465.0,269.0
0.6424697868290677,0.003041015333333333,0.36299697,0.4545736853333333,5465.0,269.0
0.633502643929802,0.018971695,0.313186696,0.37377194133333336,5465.0,269.0
0.6945785294610942,0.08155863099999999,0.252410174,0.31242778449999997,5465.0,269.0
0.7729567481798252,0.1566388345,0.205177011,0.31299047950000003,5465.0,269.0
0.7866997594672223,0.24846978349999999,0.18928631499999998,0.332898134,5465.0,269.0
0.7926707977205169,0.30904641066666666,0.216578399,0.3366568296666667,5465.0,269.0
0.7966023531527238,0.3518390005,0.2831077525,0.3418489085,5465.0,269.0
0.794059617275912,0.2964227865,0.2960238125,0.3315412845,5465.0,269.0
0.7888939730382666,0.20475986,0.307103301,0.322570885,5465.0,269.0
0.7811539065737667,0.1056630925,0.305047503,0.281576117,5465.0,269.0
0.7264194469185894,0.0211341915,0.285074787,0.245451078,5465.0,269.0
0.6194635274242772,0.0009385954,0.2756220612,0.2267307926,5465.0,269.0
0.6127518857518265,0.0413052185,0.237445746,0.1752136655,5465.0,269.0
0.6365642266853055,0.1438725705,0.20789997500000001,0.1759797495,5465.0,269.0
0.6774837601812473,0.204727394,0.201503812,0.197714496,5465.0,269.0
0.7147888428823765,0.308610302,0.19948029750000001,0.21720423900000002,5465.0,269.0
0.7235315020739049,0.48775336075,0.2113609385,0.22393973849999999,5465.0,269.0
0.7298976174966343,0.5108403005,0.235385265,0.27590832200000004,5465.0,269.0
0.7333671978550222,0.3635005065,0.202185141,0.2192693265,5465.0,269.0
0.7300027326416965,0.19742493649999998,0.16946781,0.219568845,5465.0,269.0
0.6700986529919238,0.031519169,0.09966457125,0.22158894975,5465.0,269.0
0.6093834292488235,0.004024530666666667,0.06521678766666666,0.28679011099999996,5465.0,269.0
0.6119252578072418,0.0836211325,0.06553347849999999,0.3298153625,5465.0,269.0
0.6368131473429898,0.24004092300000002,0.062961406,0.369195527,5465.0,269.0
0.6812221865802502,0.422159922,0.075789282,0.396969859,5465.0,269.0
0.7158408463548814,0.593239589,0.116092809,0.45143689200000003,5465.0,269.0
0.7269335299442518,0.6469421266666666,0.18027493433333333,0.4648423396666667,5465.0,269.0
0.7382784079380043,0.506810262,0.2494307745,0.4958277625,5465.0,269.0
0.7376299219465114,0.34208007149999997,0.292769067,0.49716211600000004,5465.0,269.0
0.7323114557585421,0.216632421,0.304271349,0.51835897,5465.0,269.0
0.72990303655463,0.116193372,0.284565023,0.545618368,5465.0,269.0
0.6933356528597039,0.016519069333333334,0.28246399,0.45490999233333335,5465.0,269.0
0.634209512715389,0.001971839,0.34212456599999996,0.34473958150000006,5465.0,269.0
0.6755891164549915,0.04372192433333333,0.3570377553333333,0.161335221,5465.0,269.0
0.7727353722257037,0.168462048,0.370247075,0.15374337700000001,5465.0,269.0
0.7793115049330865,0.234126685,0.392792522,0.160870103,5465.0,269.0
0.7802960895335246,0.24073907649999998,0.396320765,0.135705191,5465.0,269.0
0.7848721710781739,0.2301366505,0.3777362555,0.14360991750000002,5465.0,269.0
0.7905500212976476,0.2579473245,0.35417714050000004,0.1790821575,5465.0,269.0
0.7894888363263228,0.253358546,0.33078739,0.21629127850000002,5465.0,269.0
0.7890821008783637,0.187329369,0.308390471,0.255205531,5465.0,269.0
0.7832695083892551,0.1280023185,0.2851678955,0.2743140795,5465.0,269.0
0.7313758789846272,0.051748526,0.2528620515,0.24527120400000002,5465.0,269.0
0.6424288326182396,0.0004471236666666667,0.20087110866666666,0.14203226866666666,5465.0,269.0
0.6419046649519419,0.05102562425,0.16119845,0.104235864,5465.0,269.0
0.7498295250012381,0.2642353235,0.10685572,0.116827776,5465.0,269.0
0.7941186826470903,0.5184864625000001,0.1311467425,0.12090138,5465.0,269.0
0.8113877127691662,0.7100868945000001,0.143261525,0.163192595,5465.0,269.0
0.8372092942341139,0.695970156,0.14734283433333334,0.2707145416666667,5465.0,269.0
0.8389225304756671,0.46874800650000004,0.146556462,0.336028192,5465.0,269.0
0.8319152647544715,0.36267645699999995,0.12395053,0.3425683155,5465.0,269.0
0.8067304638175177,0.2178619505,0.086579772,0.33355901,5465.0,269.0
0.7397657564858333,0.079634902,0.06118161,0.3211184295,5465.0,269.0
0.6410120074031547,0.0048782942,0.039483332,0.2284711906,5465.0,269.0
0.651822580844782,0.073690861,0.032919192,0.17329496900000002,5465.0,269.0
0.7531174849039699,0.21427798800000003,0.0285591895,0.2076505225,5465.0,269.0
0.7939627373759061,0.403891806,0.019148643,0.22610303,5465.0,269.0
0.8062097156639363,0.5667465815,0.0316220185,0.2372432895,5465.0,269.0
0.8346382249363508,0.683472126,0.04303805199999999,0.395168159,5465.0,269.0
0.8349735900553827,0.613203096,0.051820701999999996,0.4550828735,5465.0,269.0
0.8257540791303581,0.4512737235,0.049680665,0.3885833975,5465.0,269.0
0.811209618242669,0.299973726,0.050587716,0.358947544,5465.0,269.0
0.7961740597286144,0.179682858,0.047429238,0.34411004700000003,5465.0,269.0
0.7123415991081381,0.04604526866666667,0.050163820000000005,0.23112385233333332,5465.0,269.0
0.6356680621365767,0.00709086275,0.049407941999999996,0.14305261325000002,5465.0,269.0
0.6517103902316557,0.0794072785,0.052910179,0.14010654849999998,5465.0,269.0
0.7492036142759998,0.20023084400000002,0.034845899,0.14801048049999999,5465.0,269.0
0.7909630986547234,0.41263381099999996,0.035186921999999995,0.2009271715,5465.0,269.0
0.7970260319070224,0.517349364,0.0552221425,0.23939523099999999,5465.0,269.0
0.8056044240477593,0.5600382603333333,0.09198369066666667,0.2886580136666666,5465.0,269.0
0.7995197833599539,0.4370639745,0.12854477,0.35791485199999995,5465.0,269.0
0.7931230942482335,0.299626502,0.1092096715,0.386029852,5465.0,269.0
0.7833464399178938,0.161727432,0.07906420950000001,0.3747797625,5465.0,269.0
0.727171060487324,0.0532286455,0.071156721,0.33817984700000003,5465.0,269.0
0.6469451865452416,0.0005303015,0.062058072,0.3403248465,5465.0,269.0
0.6336724482599045,0.01109334175,0.0449979195,0.27926211925,5465.0,269.0
0.6947757919947254,0.1172288275,0.031169624,0.21350818649999997,5465.0,269.0
0.7752750788064324,0.2959925215,0.023821153999999997,0.178013004,5465.0,269.0
0.7892390874636043,0.465521812,0.026093472,0.164823375,5465.0,269.0
0.7936292890644908,0.5960815385,0.033564796,0.16803778000000003,5465.0,269.0
0.796751719796023,0.6846422320000001,0.07765570999999999,0.216039985,5465.0,269.0
0.8003457013553369,0.6406499075000001,0.12422967300000001,0.26870240599999995,5465.0,269.0
0.7956577839650592,0.5134303195,0.1402647035,0.278024223,5465.0,269.0
0.7890014069089009,0.354844938,0.127561581,0.252360878,5465.0,269.0
0.7811874384189482,0.21078753,0.10197266499999999,0.2234778975,5465.0,269.0
0.7232302132394143,0.065555899,0.08351279,0.169510147,5465.0,269.0
0.6196224637603239,0.0033594560000000002,0.037817829399999996,0.06569091619999999,5465.0,269.0
0.613032350479769,0.071456623,0.0251712555,0.024088332,5465.0,269.0
0.6365642266853055,0.1974785175,0.0215042085,0.0211162555,5465.0,269.0
0.6777760571197459,0.334832188,0.023272125,0.021120603,5465.0,269.0
0.715196666863884,0.470587087,0.042639633999999996,0.029363021000000003,5465.0,269.0
0.7248697680202463,0.623849168,0.082900218,0.0587341095,5465.0,269.0
0.732336870821603,0.671219742,0.1632350465,0.087192893,5465.0,269.0
0.7363644227903403,0.51319712,0.204827219,0.100667494,5465.0,269.0
0.7340110695909107,0.3366872005,0.199239116,0.096029818,5465.0,269.0
0.7301821524205101,0.135478427,0.147293763,0.11995548,5465.0,269.0
0.687575538967836,0.02234104666666667,0.09861447699999999,0.1709493883333333,5465.0,269.0
0.6140871935419773,0.00251433575,0.070070616,0.383705158,5465.0,269.0
0.6130709464083455,0.05970305,0.073978083,0.5394646315,5465.0,269.0
0.6363917403018744,0.15659826699999999,0.0599293785,0.5711988645,5465.0,269.0
0.6984928258929027,0.35623064449999997,0.0691384605,0.589071138,5465.0,269.0
0.7221477070107079,0.5354709559999999,0.113472917,0.573242501,5465.0,269.0
0.7367231677018808,0.5771805590000001,0.1567970375,0.5729429135,5465.0,269.0
0.7462915086877817,0.4405651475,0.18631995699999998,0.5604541055,5465.0,269.0
0.7550566483959265,0.294308433,0.202357306,0.520746638,5465.0,269.0
0.7545391184163954,0.22321453,0.202593203,0.4609960055,5465.0,269.0
0.7426908536473934,0.14263761349999998,0.1805886555,0.356569124,5465.0,269.0
0.6993340782801862,0.034762731666666664,0.1336724393333333,0.242883904,5465.0,269.0
0.6341944862511834,0.00075219625,0.10337178525,0.23361495075,5465.0,269.0
0.6518601828858965,0.0708156595,0.1135719865,0.1887364975,5465.0,269.0
0.7475448682924939,0.24732206150000002,0.10305750550000001,0.1457331255,5465.0,269.0
0.7926220815641004,0.489782747,0.1329299205,0.1554693605,5465.0,269.0
0.8060447307595109,0.6961094695000001,0.2095438375,0.1877653095,5465.0,269.0
0.8301821192840246,0.7673376965,0.2642587105,0.189820183,5465.0,269.0
0.8385877333021894,0.7346383615000001,0.26306337150000003,0.19892250449999999,5465.0,269.0
0.8366528765178312,0.5879271195,0.2237146605,0.21712927399999998,5465.0,269.0
0.8245185856831064,0.405264825,0.193971138,0.221781208,5465.0,269.0
0.8054041012216246,0.254154223,0.163351098,0.200771036,5465.0,269.0
0.7388339185429966,0.0836717205,0.141776093,0.221585924,5465.0,269.0
0.6403238605178625,0.0043683098,0.0830748464,0.15152532280000003,5465.0,269.0
0.6514472001749076,0.106156282,0.0809549095,0.0514080965,5465.0,269.0
0.7520064639010877,0.2928752005,0.080334262,0.025175008999999998,5465.0,269.0
0.7973784823360412,0.5336583755,0.1024119145,0.034019385,5465.0,269.0
0.8205599903264658,0.698389362,0.1875165325,0.11944503000000001,5465.0,269.0
0.8392382070686055,0.639802086,0.2076129955,0.27869045400000003,5465.0,269.0
0.8385039158047631,0.5091081855,0.1394483715,0.3555910215,5465.0,269.0
0.8380923053584796,0.371624397,0.10296997999999999,0.3130905735,5465.0,269.0
0.8255058446050264,0.258155472,0.094477033,0.253189572,5465.0,269.0
0.811847124252592,0.1500797885,0.082746286,0.214651391,5465.0,269.0
0.7437077160841401,0.043256639,0.0991649695,0.137911184,5465.0,269.0
0.6469112903644021,0.0025962516,0.14490111420000001,0.090129277,5465.0,269.0
0.6541777563438103,0.0682434915,0.19278269250000002,0.090827584,5465.0,269.0
0.7529157735900587,0.183821189,0.184463465,0.187674759,5465.0,269.0
0.7938572200367513,0.36654314200000004,0.23006460150000002,0.297167337,5465.0,269.0
0.7972561871658714,0.515028406,0.346755443,0.3419353895,5465.0,269.0
0.7959553814986178,0.5341639094999999,0.3608009935,0.2408272795,5465.0,269.0
0.7971222967110165,0.456874516,0.30655754550000003,0.184087422,5465.0,269.0
0.7948412839801611,0.31363621100000005,0.231833843,0.197850167,5465.0,269.0
0.7918563644858324,0.19827474,0.170188557,0.202406138,5465.0,269.0
0.7862053964473148,0.112910289,0.14971519249999998,0.1815255395,5465.0,269.0
0.732868622773603,0.028987179,0.1596389875,0.2152154815,5465.0,269.0
0.6380895225564281,0.0019667284,0.1258379272,0.3471340854,5465.0,269.0
0.651828141975459,0.0387260735,0.1107334995,0.19965255,5465.0,269.0
0.7464198380119593,0.11726900950000001,0.08249730499999999,0.1637316435,5465.0,269.0
0.7880591096415226,0.222605998,0.076588219,0.140275223,5465.0,269.0
0.7931605306069207,0.34649923650000003,0.08609210049999999,0.119013083,5465.0,269.0
0.8011146210749273,0.4005947736666666,0.10475162233333334,0.08778315800000001,5465.0,269.0
0.8089545412319028,0.38971441,0.1355158305,0.08205362499999999,5465.0,269.0
0.806495528620637,0.315424227,0.140156693,0.0679797185,5465.0,269.0
0.7978577713615969,0.216204253,0.126965561,0.052669906,5465.0,269.0
0.7903595741106693,0.142560171,0.12172116699999999,0.051395377,5465.0,269.0
0.7332236524638112,0.041348574,0.097403638,0.0577236725,5465.0,269.0
0.6381399929860001,0.00044857100000000004,0.0460553852,0.0484751066,5465.0,269.0
0.651575884473686,0.0582029035,0.039610083,0.085900527,5465.0,269.0
0.745855382419812,0.20100825449999998,0.029410239999999997,0.0705043945,5465.0,269.0
0.7913045454924265,0.4127023535,0.032606943,0.09760214049999999,5465.0,269.0
0.7974304009957116,0.580467942,0.0675016065,0.184338956,5465.0,269.0
0.8085602528834086,0.642138613,0.108606416,0.2085860765,5465.0,269.0
0.8173469977871952,0.598608974,0.1245236995,0.305152438,5465.0,269.0
0.8159349717845311,0.4749347275,0.134658328,0.4080700425,5465.0,269.0
0.8053012105702538,0.311920411,0.13330062,0.420577618,5465.0,269.0
0.7924870551491026,0.18111645450000002,0.12482973950000001,0.3520664545,5465.0,269.0
0.7350540332230711,0.044337062,0.1068219335,0.274803183,5465.0,269.0
0.6266845317609983,0.0,0.05768749833333333,0.16970368700000002,5465.0,269.0
0.6108356880188955,0.026488382,0.046280062250000004,0.0834833625,5465.0,269.0
0.6382348048793673,0.17650286850000002,0.046748089,0.098773902,5465.0,269.0
0.6990284113220677,0.3844515985,0.048123226,0.07029546850000001,5465.0,269.0
0.7218578478820261,0.5417287305,0.0675937325,0.068813223,5465.0,269.0
0.7278784933870592,0.6000932800000001,0.11346489700000001,0.07411825799999999,5465.0,269.0
0.7347771416437794,0.474126393,0.169247101,0.0888564925,5465.0,269.0
0.738764086299271,0.307109172,0.19823631800000002,0.0893889615,5465.0,269.0
0.7344258741872924,0.176604536,0.214866687,0.06882766,5465.0,269.0
0.7320774195959334,0.104695807,0.2040954735,0.0584677895,5465.0,269.0
0.7210999160139206,0.028537804,0.180698772,0.0426510835,5465.0,269.0
0.6280385813402386,0.0,0.12822710366666665,0.03375079933333333,5465.0,269.0
0.6105216796408985,0.01438173775,0.08921253975,0.0441305455,5465.0,269.0
0.6383893540689972,0.1317604565,0.046075677499999995,0.049570445500000004,5465.0,269.0
0.6845497122750681,0.231179106,0.043003406,0.077338902,5465.0,269.0
0.7158365868667749,0.34102588,0.056044557,0.108596009,5465.0,269.0
0.7279687950733866,0.515929654,0.1392327465,0.16794332325,5465.0,269.0
0.7392814508034776,0.4387069615,0.22745311000000001,0.22379051849999998,5465.0,269.0
0.7384091748648955,0.240891466,0.242247316,0.2476808805,5465.0,269.0
0.7323189336278018,0.121942528,0.215705298,0.270021466,5465.0,269.0
0.7012427470239252,0.020749323,0.19060049399999998,0.3895113243333333,5465.0,269.0
0.6358891897741601,0.000715326,0.19167083075000002,0.6496481627499999,5465.0,269.0
0.6771361215841273,0.039235063,0.18653615866666665,0.613367455,5465.0,269.0
0.7824142944270511,0.137562232,0.1808484525,0.4946037465,5465.0,269.0
0.7941089330646471,0.226177865,0.192971612,0.51763031,5465.0,269.0
0.7982909159671816,0.3376292125,0.207709245,0.516049909,5465.0,269.0
0.8064069307709727,0.4202337195,0.2352406295,0.44278307549999996,5465.0,269.0
0.8175153903649472,0.321536221,0.2565228115,0.410921336,5465.0,269.0
0.8170939833238317,0.27754215699999996,0.2630760425,0.376022796,5465.0,269.0
0.8041460323010152,0.15979533899999998,0.21862205699999998,0.317481103,5465.0,269.0
0.7891862223430672,0.107106577,0.194720143,0.276258003,5465.0,269.0
0.715436161641168,0.024386678999999998,0.17017259333333334,0.2222377676666667,5465.0,269.0
0.6413650446379111,0.0007870825,0.1219447745,0.279431067,5465.0,269.0
0.6559050569524232,0.0396792665,0.098375674,0.337191485,5465.0,269.0
0.7559850550556907,0.16376806500000002,0.077384354,0.30416043,5465.0,269.0
0.794805551458137,0.3896775265,0.1166330425,0.337383808,5465.0,269.0
0.7991939311736307,0.49454731900000004,0.241318627,0.4244659905,5465.0,269.0
0.8065753705682166,0.45340231599999997,0.3474320153333334,0.42607317733333333,5465.0,269.0
0.8144835216482564,0.3687983735,0.34519658249999996,0.262204058,5465.0,269.0
0.8059492231242102,0.23255121299999998,0.2446694395,0.1663390195,5465.0,269.0
0.7936255974529044,0.1100416635,0.125567452,0.082972936,5465.0,269.0
0.7407083851180662,0.022365582,0.11289647750000001,0.0376478,5465.0,269.0
0.6534710333242423,0.0,0.107827084,0.04453801133333333,5465.0,269.0
0.6481954934512281,0.00974143175,0.10747898449999999,0.04568447875,5465.0,269.0
0.752973300599898,0.08600904849999999,0.0847056275,0.027250551999999997,5465.0,269.0
0.790466866322828,0.199612423,0.097805069,0.051556144,5465.0,269.0
0.7948082964017538,0.288871602,0.1225819595,0.067205332,5465.0,269.0
0.8044578283353655,0.36415202733333335,0.15418489666666668,0.05508682766666667,5465.0,269.0
0.8138533988615065,0.37055833250000003,0.21256657099999998,0.06478165599999999,5465.0,269.0
0.8092282852592791,0.303948043,0.2382407805,0.0422826645,5465.0,269.0
0.798635841307449,0.233084297,0.223773824,0.048258145,5465.0,269.0
0.7904186392747443,0.1175592,0.19247660100000002,0.0550474075,5465.0,269.0
0.7344436695155152,0.0223392795,0.163456877,0.047682896,5465.0,269.0
0.6423977066890076,0.0,0.14157030233333334,0.07205293833333333,5465.0,269.0
0.6336468675834505,0.0021610136666666666,0.12194584733333332,0.07248226366666667,5465.0,269.0
0.6946807575898581,0.079400023,0.096025162,0.0691937485,5465.0,269.0
0.7730682050269009,0.203036687,0.075021993,0.080665757,5465.0,269.0
0.7900416730240394,0.367756641,0.070491235,0.083553223,5465.0,269.0
0.7981582084848589,0.5820316065,0.0792603305,0.0803701755,5465.0,269.0
0.8228710563999385,0.743540849,0.07824122,0.0948164495,5465.0,269.0
0.8450069504606724,0.7538146225,0.1127726535,0.144989869,5465.0,269.0
0.8548863533697013,0.6692434155,0.1350233805,0.214247711,5465.0,269.0
0.8523873487483049,0.4675744965,0.1335827655,0.283647505,5465.0,269.0
0.82480525066169,0.2439063925,0.1540426345,0.356174033,5465.0,269.0
0.719649333501291,0.03614852333333333,0.189750342,0.326783208,5465.0,269.0
0.6397633001195845,0.0063752394000000006,0.2161812286,0.37713831340000004,5465.0,269.0
0.7031149101990475,0.1622963285,0.2183081485,0.4646704785,5465.0,269.0
0.7836284666169211,0.324723499,0.184149196,0.482432925,5465.0,269.0
0.8071077140064825,0.484827406,0.178554692,0.474537416,5465.0,269.0
0.8543711897494403,0.6831177985,0.251887173,0.426572848,5465.0,269.0
0.8964513205726163,0.8387677315,0.335119305,0.29246358650000004,5465.0,269.0
0.9039025686011819,0.818544793,0.352710113,0.1661786035,5465.0,269.0
0.9005625953926931,0.6895948605,0.3400469055,0.15389139149999997,5465.0,269.0
0.8925319598503099,0.490795788,0.294264694,0.181634779,5465.0,269.0
0.8709185177798204,0.239650048,0.2640082,0.204135548,5465.0,269.0
0.7857745473717621,0.048142499000000005,0.340826335,0.235534875,5465.0,269.0
0.6687537374849086,0.0,0.4370435885,0.3152997995,5465.0,269.0
0.6489098598844144,0.0021760063333333335,0.44618022966666665,0.41695668566666666,5465.0,269.0
0.6458653544309139,0.0737393505,0.399315737,0.5280071184999999,5465.0,269.0
0.6739419337932688,0.26652728400000003,0.3527092845,0.5481789195,5465.0,269.0
0.7494035271071611,0.521246541,0.4062794475,0.551420099,5465.0,269.0
0.7867068349352864,0.7000631900000001,0.568191112,0.5738844715,5465.0,269.0
0.787764777708609,0.720697353,0.6170302085,0.4633376555,5465.0,269.0
0.790712971000555,0.543562481,0.634935951,0.410419219,5465.0,269.0
0.7958352636026474,0.424957338,0.635206934,0.437221403,5465.0,269.0
0.7914045729443479,0.294558382,0.6509412725,0.526796897,5465.0,269.0
0.7647910153932064,0.130329588,0.6537331200000001,0.724838752,5465.0,269.0
0.7021640228155638,0.014164603500000001,0.65011240725,0.78066241575,5465.0,269.0
0.6261637488969485,0.0192955596,0.6255071074,0.7424290468,5465.0,269.0
0.6459894953033256,0.12952623400000002,0.590565435,0.792403526,5465.0,269.0
0.687928636386734,0.255924905,0.58598081,0.83037582,5465.0,269.0
0.7220532881160584,0.421708332,0.5940934295,0.811265776,5465.0,269.0
0.7424331535814302,0.5481567079999999,0.52914764975,0.651610067,5465.0,269.0
0.7540672836503537,0.48110632799999997,0.488603527,0.597287662,5465.0,269.0
0.7554435299115019,0.32663208499999996,0.46573292450000003,0.523463209,5465.0,269.0
0.7456169210866692,0.1608747735,0.41957319800000004,0.415052913,5465.0,269.0
0.6906372204769695,0.01165807975,0.4219634925,0.27883162175,5465.0,269.0
0.640992432659468,0.001102585,0.421491754,0.225652508,5465.0,269.0
0.661146520782516,0.0289869505,0.44822907749999996,0.351273269,5465.0,269.0
0.7554524512889107,0.132911066,0.45799586049999996,0.484811997,5465.0,269.0
0.7936277983368499,0.236504646,0.481292056,0.518867923,5465.0,269.0
0.7966164568693599,0.37628579549999996,0.5478237145,0.47362213249999996,5465.0,269.0
0.8035548604174425,0.5125116795,0.5824340514999999,0.4295220535,5465.0,269.0
0.812460398379089,0.5993338775,0.5597605245,0.3261770385,5465.0,269.0
0.8114659457332724,0.5134710180000001,0.4920444825,0.22373905900000002,5465.0,269.0
0.8076348514957752,0.34369360849999997,0.36624891400000004,0.231321932,5465.0,269.0
0.7967524297452246,0.16051417699999998,0.29125795600000004,0.1665875205,5465.0,269.0
0.7431166622492971,0.0203091515,0.24215930200000002,0.1134894185,5465.0,269.0
0.663119855032515,0.0,0.215506559,0.0971165625,5465.0,269.0
0.6498070537007067,0.0008420273333333332,0.21873034133333333,0.13834743800000002,5465.0,269.0
0.668690436649576,0.039470896,0.261493857,0.2768211685,5465.0,269.0
0.7612765918432121,0.16796075249999998,0.26327845699999997,0.30236125999999997,5465.0,269.0
0.7961787688374086,0.320798921,0.3098009745,0.263967051,5465.0,269.0
0.8070151880335668,0.4419036015,0.414122524,0.2944823585,5465.0,269.0
0.8156852229218126,0.4726807685,0.4452651915,0.2384195365,5465.0,269.0
0.8132599076310525,0.4074089575,0.4291672225,0.1925752795,5465.0,269.0
0.8046457197328317,0.2768820255,0.381632223,0.191716065,5465.0,269.0
0.7947264666792507,0.178572597,0.342051767,0.245963836,5465.0,269.0
0.7886237545258432,0.0958928185,0.3412905055,0.402608093,5465.0,269.0
0.7368794443379199,0.010929939,0.34760498,0.514560269,5465.0,269.0
0.6460771308142237,0.0,0.29300998933333333,0.495157869,5298.666666666667,260.6666666666667
0.6437649211523127,0.0187661945,0.26743940650000003,0.49025614625,4966.0,244.0
0.7476231482689888,0.13576311800000002,0.21300907,0.433627451,4966.0,244.0
0.7745819627323556,0.372428492,0.1996556555,0.3838274075,4966.0,244.0
0.7733846628124847,0.5629058785000001,0.223493062,0.4543882635,4966.0,244.0
0.77785264775679,0.5527690350000001,0.2247330395,0.41619611850000005,4966.0,244.0
0.7823966647812559,0.41990237249999995,0.2184719845,0.32090792199999996,4966.0,244.0
0.7789768968446792,0.329681259,0.18286289249999998,0.28947201,4966.0,244.0
0.7751334501538037,0.247358429,0.158202218,0.267650445,4966.0,244.0
0.7661280504226633,0.143956953,0.14606472399999998,0.24048917,4966.0,244.0
0.719602699627816,0.013901506,0.13942627400000002,0.21068141099999999,4966.0,244.0
0.6430597286586853,0.0,0.09820134466666668,0.16355595266666667,4966.0,244.0
0.6345797308934099,0.002249693,0.077621973,0.13654534766666668,4966.0,244.0
0.6977971065336848,0.077650579,0.0696457315,0.1306459515,4966.0,244.0
0.7721895163499644,0.2027281105,0.057712809000000004,0.130289484,4966.0,244.0
0.7701733502930284,0.293351548,0.067304282,0.169391597,4966.0,244.0
0.7707800934253386,0.33090280549999995,0.099977386,0.224055852,4966.0,244.0
0.7721018179487783,0.368733289,0.15726500650000003,0.2554824245,4966.0,244.0
0.7721805241433178,0.296112849,0.2021460605,0.37136564,4966.0,244.0
0.7701027846974583,0.19659387849999999,0.2000029605,0.3542395285,4966.0,244.0
0.7684324430150616,0.127747034,0.187701396,0.312209705,4966.0,244.0
0.7636952100431518,0.077433246,0.166581761,0.271381501,4966.0,244.0
0.685446882619683,0.00357746225,0.131418641,0.24137181200000002,4966.0,244.0
0.6434587336683311,0.004308835400000001,0.0915251046,0.2421150012,4966.0,244.0
0.7487141024375679,0.0928952475,0.061790782,0.2774322635,4966.0,244.0
0.7768122161663269,0.184558119,0.067093941,0.287510193,4966.0,244.0
0.7706791431222964,0.24501540300000002,0.080371495,0.3263184685,4966.0,244.0
0.7724411349388767,0.260992412,0.11249625399999999,0.35801594800000003,4966.0,244.0
0.7732111983504568,0.24076092966666665,0.13971584233333334,0.2665743596666667,4966.0,244.0
0.7699696988378918,0.1760684585,0.130700446,0.16367093500000002,4966.0,244.0
0.7672928834211552,0.114822624,0.102758062,0.146752056,4966.0,244.0
0.762594175341481,0.067946594,0.092879891,0.160921075,4966.0,244.0
0.7199166489814481,0.007331687,0.119013476,0.1819048055,4966.0,244.0
0.6329852953034947,0.0,0.138939974,0.14469889,4966.0,244.0
0.6123311727820133,0.013145388,0.15225530283333336,0.14386426216666667,4966.0,244.0
0.661503703930075,0.158617867,0.154127603,0.1647610895,4966.0,244.0
0.696150760223049,0.356303025,0.1688808965,0.170579807,4966.0,244.0
0.7008238403377429,0.4636159615,0.186190444,0.19373136800000001,4966.0,244.0
0.7018545223457631,0.49647011249999995,0.2449776175,0.2532850205,4966.0,244.0
0.7030442969697794,0.435783975,0.243401074,0.253053521,4966.0,244.0
0.7057575074311468,0.29304982150000003,0.2364162455,0.2535143875,4966.0,244.0
0.7036520101727022,0.10748554799999999,0.21688507299999998,0.26134350549999996,4966.0,244.0
0.661211111351995,0.00266284625,0.21186751699999998,0.290293387,4966.0,244.0
0.605655691230318,0.00126262925,0.2811883155,0.43077346275,4966.0,244.0
0.6152078458714697,0.042181324,0.3175512545,0.482090132,4966.0,244.0
0.6443373751671964,0.123338011,0.324399582,0.532404009,4966.0,244.0
0.6808140784533798,0.261200347,0.368799623,0.5563026019999999,4966.0,244.0
0.698239574710771,0.42747067250000004,0.39297474050000003,0.5669284885000001,4966.0,244.0
0.6990579676174027,0.47769509450000003,0.441343355,0.5380740605000001,4966.0,244.0
0.6999056092713634,0.44996100699999997,0.52634547,0.44058697,4966.0,244.0
0.702728620376841,0.3205320155,0.5479578695,0.32421547,4966.0,244.0
0.7025604172983655,0.210526095,0.508796946,0.299145064,4966.0,244.0
0.6998526020781447,0.1075149725,0.44863925849999997,0.3454171775,4966.0,244.0
0.6673590452813553,0.00226930875,0.382586553,0.3503993945,4966.0,244.0
0.6338680779932133,0.00071101375,0.28962053875000004,0.265931807,4966.0,244.0
0.6969548129013792,0.047238577999999996,0.19453578700000002,0.194989889,4966.0,244.0
0.7686352192527752,0.15297449600000002,0.187320291,0.164330453,4966.0,244.0
0.7662659402442136,0.2514815605,0.17392516549999998,0.1426974485,4966.0,244.0
0.7690202074324111,0.323685134,0.143427207,0.13197369949999999,4966.0,244.0
0.7691313333288379,0.267600751,0.1654518475,0.13878337400000001,4966.0,244.0
0.7664625164383891,0.25331300300000004,0.17102981750000001,0.15774874849999998,4966.0,244.0
0.7627256756202169,0.159934725,0.15018704500000002,0.151599828,4966.0,244.0
0.7571217516572509,0.08935841750000001,0.132539145,0.14335970650000002,4966.0,244.0
0.7128887721591756,0.0044369225,0.1205093285,0.1265012815,4966.0,244.0
0.6466825641579106,0.0,0.10199038099999999,0.112638884,4966.0,244.0
0.6343287789001308,0.00084685375,0.09581300549999999,0.1544770335,4966.0,244.0
0.6969818371550166,0.051737573,0.0821920315,0.1595497735,4966.0,244.0
0.7714051521286935,0.1920427295,0.0809343305,0.1347591795,4966.0,244.0
0.7707901267389385,0.324872874,0.106799018,0.131310843,4966.0,244.0
0.7720544665323236,0.453808428,0.155452424,0.132021457,4966.0,244.0
0.7762723946516983,0.4540912975,0.2521052705,0.20927321450000003,4966.0,244.0
0.7797026929491573,0.4244883015,0.3017640155,0.25144947149999997,4966.0,244.0
0.7728450307971324,0.32513828850000004,0.267389024,0.19402403899999998,4966.0,244.0
0.7692234805103039,0.238793667,0.223754951,0.170909578,4966.0,244.0
0.764103720364115,0.1315810975,0.216333104,0.1855243195,4966.0,244.0
0.7205994950231567,0.004729613,0.23126832749999998,0.18451574850000002,4966.0,244.0
0.6462787474130138,0.0,0.26305106266666667,0.257917607,4966.0,244.0
0.6372495890288807,0.0015198153333333333,0.248145875,0.311104392,4966.0,244.0
0.6998883346001687,0.0557249935,0.2461545645,0.339919501,4966.0,244.0
0.7710567718956078,0.141584309,0.236412372,0.301235315,4966.0,244.0
0.7760407250554626,0.2756088745,0.2608123485,0.2853440675,4966.0,244.0
0.7706599278956703,0.3561255755,0.34586781850000003,0.233189749,4966.0,244.0
0.7712350084947865,0.3385332425,0.3949256395,0.163327101,4966.0,244.0
0.771100763272434,0.273737683,0.41760732300000003,0.14915324600000002,4966.0,244.0
0.7667547657431898,0.205166395,0.376771629,0.2198489055,4966.0,244.0
0.7629177794243666,0.105336118,0.3550254085,0.249256608,4966.0,244.0
0.7297210608482355,0.010460798333333333,0.34278292099999996,0.26994886,4966.0,244.0
0.6464415709901734,0.0,0.329676375,0.3549113525,4966.0,244.0
0.6330641829202923,0.0,0.288364977,0.33252086533333336,4966.0,244.0
0.6535241352325819,0.006203597,0.254233233,0.511615716,4966.0,244.0
0.7461682904593878,0.08476492699999999,0.23059688750000001,0.603885599,4966.0,244.0
0.7733481967315131,0.2208258795,0.235338141,0.6454574934999999,4966.0,244.0
0.7705178498294573,0.3977573015,0.3115931635,0.6656025855,4966.0,244.0
0.7723276192805371,0.405966014,0.35006616599999996,0.6730071485,4966.0,244.0
0.7722416717284029,0.38760297450000003,0.35277613750000003,0.5975014115,4966.0,244.0
0.7683088936289157,0.3005875305,0.31178399199999995,0.48989738450000003,4966.0,244.0
0.7631169584894772,0.173277242,0.2238667345,0.33979927649999997,4966.0,244.0
0.7551916750180275,0.055180724,0.167948628,0.247913682,4966.0,244.0
0.7125104334366623,0.0024908575,0.1408196175,0.1961761795,4966.0,244.0
0.6531800617070946,0.0,0.125576349,0.18040226,4966.0,244.0
0.6351996182478052,0.0005493750000000001,0.1560922288,0.14868251640000002,4966.0,244.0
0.697177585144158,0.0152293355,0.25754242,0.2112693865,4966.0,244.0
0.7687653234499567,0.0467539145,0.306615463,0.323361273,4966.0,244.0
0.7666372507181546,0.072084152,0.325297104,0.39393115,4966.0,244.0
0.7664837192328353,0.0854814805,0.36872402950000005,0.46133705,4966.0,244.0
0.7673588583708669,0.0934532485,0.443698986,0.6182663545,4966.0,244.0
0.7651545876693736,0.086390915,0.524088277,0.7277344695,4966.0,244.0
0.7603452507405548,0.0792930275,0.6063817935,0.767619888,4966.0,244.0
0.7551664490400368,0.064553859,0.639635652,0.801754798,4966.0,244.0
0.7508028931084411,0.0307850765,0.6609249075000001,0.7834092505,4966.0,244.0
0.7100190483430009,0.0007292925,0.6647974194999999,0.696846875,4966.0,244.0
0.6281650730391928,0.0,0.635525355,0.657208029,4966.0,244.0
0.6049749748291113,0.0003157555,0.546581421,0.49772728625,4966.0,244.0
0.6148655710358354,0.035180381,0.41804208200000004,0.4699431725,4966.0,244.0
0.6566226890552889,0.1771548785,0.3466578905,0.5049592669999999,4966.0,244.0
0.6926124835810785,0.343959664,0.3546850245,0.54311814,4966.0,244.0
0.6978426832842386,0.432952208,0.3010566905,0.649886179,4966.0,244.0
0.6993054921935327,0.42764521899999997,0.32398755199999996,0.6733709605,4966.0,244.0
0.7000011405164099,0.3877571865,0.32839263399999996,0.6498238574999999,4966.0,244.0
0.6997839768309031,0.2493724785,0.3425714885,0.6114700855,4966.0,244.0
0.695215751325654,0.1026204015,0.32174501899999997,0.557125636,4966.0,244.0
0.6588037569683336,0.00068114925,0.30313933800000004,0.50082504875,4966.0,244.0
0.6046563757017044,0.0,0.3115612585,0.45806859225,4966.0,244.0
0.6149712066308228,0.0295737765,0.2873146545,0.424249237,4966.0,244.0
0.6588247112391388,0.1575699545,0.281081055,0.36576218000000005,4966.0,244.0
0.6983244097054048,0.2800457745,0.298699984,0.35670825,4966.0,244.0
0.6955527729928233,0.330490448,0.26701959249999996,0.4443601565,4966.0,244.0
0.6965927549625988,0.33141404399999996,0.2816065035,0.4746719355,4966.0,244.0
0.6994844623516588,0.2990253635,0.3099355105,0.525415309,4966.0,244.0
0.7014041032760867,0.2166590765,0.3119174515,0.5313885905,4966.0,244.0
0.6959766646490413,0.0995851155,0.2879617195,0.5694812499999999,4966.0,244.0
0.6942407270154856,0.001032253,0.261948531,0.5530057855,4966.0,244.0
0.6375644770148851,0.0,0.22184468279999997,0.4808816408,4966.0,244.0
0.6521993341935675,0.002823193,0.1860478645,0.358660963,4966.0,244.0
0.7471309387064322,0.120016865,0.17663895000000002,0.306745383,4966.0,244.0
0.7738242201564237,0.215757419,0.182816949,0.282819816,4966.0,244.0
0.767710385948765,0.37009811550000005,0.181985628,0.27486710950000004,4966.0,244.0
0.7710966062312951,0.4677761836666667,0.18425579833333336,0.2848483936666667,4966.0,244.0
0.7722432809189794,0.37930336249999996,0.17499170800000002,0.2664681965,4966.0,244.0
0.769236117109045,0.2593974365,0.1679541155,0.246193015,4966.0,244.0
0.7644379732708184,0.16698431549999998,0.14190366450000003,0.2219554505,4966.0,244.0
0.7246928090396864,0.027612016,0.09839733933333332,0.1778030316666667,4966.0,244.0
0.6418612297503145,0.0,0.049266900333333336,0.125705221,4966.0,244.0
0.641258284784102,0.002613615,0.050375267,0.08455275925,4966.0,244.0
0.7460858926532618,0.1478706905,0.048134962,0.040920217499999995,4966.0,244.0
0.7705571318903863,0.332440913,0.037858296,0.0360446335,4966.0,244.0
0.7691404678152689,0.489697,0.059497418,0.027088931,4966.0,244.0
0.7706937911057067,0.5641461594999999,0.0913148215,0.023920894499999998,4966.0,244.0
0.7710482529193947,0.490676023,0.0964147845,0.034147001999999996,4966.0,244.0
0.769563460023009,0.354570708,0.09813994449999999,0.0611181625,4966.0,244.0
0.7639133916400722,0.259107654,0.095866181,0.106652465,4966.0,244.0
0.7563134392837111,0.1114371545,0.104126864,0.138788237,4966.0,244.0
0.710834649086524,0.00085847,0.095426209,0.15001615699999998,4966.0,244.0
0.6381367730032502,0.00030862133333333335,0.07993902366666668,0.14639481666666668,4966.0,244.0
0.6971741302513397,0.060861646,0.12317921,0.2005506475,4966.0,244.0
0.7687445228496033,0.19828370150000002,0.1368449975,0.249906475,4966.0,244.0
0.7675477435867604,0.305564917,0.200743908,0.25672286,4966.0,244.0
0.769000140598108,0.359184163,0.26220408100000003,0.237810879,4966.0,244.0
0.7701732320371959,0.301494163,0.311549177,0.2193872555,4966.0,244.0
0.7695962110897512,0.238437872,0.31851215899999996,0.24013788400000002,4966.0,244.0
0.7658003287172497,0.175318475,0.2953403725,0.26302293050000003,4966.0,244.0
0.7622731030931899,0.092871115,0.2852711495,0.27573096799999997,4966.0,244.0
0.7304642184691138,0.012247485,0.373202477,0.29865663400000003,4966.0,244.0
0.6502180250270265,0.0,0.451974305,0.3769867135,4966.0,244.0
0.6447859862688037,0.0033700905999999994,0.4771280212,0.5480780288,4966.0,244.0
0.7485606181717404,0.045755577000000006,0.5202772115000001,0.567108102,4966.0,244.0
0.775354045122383,0.064267563,0.549550256,0.54246229,4966.0,244.0
0.7685158347086494,0.104424286,0.546501873,0.521860911,4966.0,244.0
0.7691150682849354,0.12548452766666665,0.5088326543333334,0.47238048966666674,4966.0,244.0
0.768563517489959,0.0934413825,0.4546408415,0.287954665,4966.0,244.0
0.764435157290861,0.048362403,0.451233864,0.18539756400000001,4966.0,244.0
0.7613842864565665,0.02532631,0.435826734,0.159652286,4966.0,244.0
0.7563725990938729,0.007604992499999999,0.414341761,0.1452674675,4966.0,244.0
0.7136929903128302,0.0,0.3898592815,0.1387786405,4966.0,244.0
0.6397199997627427,0.0,0.32477134399999996,0.26705850200000003,4966.0,244.0
0.6462694711300386,0.00107208,0.360287176,0.4806946646666666,4966.0,244.0
0.7456610543290738,0.0783667005,0.3785814945,0.6906134275,4966.0,244.0
0.772546179047598,0.152663214,0.402206431,0.733935746,4966.0,244.0
0.7662979811546511,0.28583654599999997,0.435658721,0.7550378305000001,4966.0,244.0
0.7662153230200108,0.41892536950000003,0.496702108,0.7760382969999999,4966.0,244.0
0.7684137722623128,0.443430512,0.5148248875,0.7977150639999999,4966.0,244.0
0.7639065999031651,0.377427139,0.5165996995,0.815961536,4966.0,244.0
0.7592479310531135,0.239653019,0.457622661,0.8631024635,4966.0,244.0
0.7517983160319734,0.098450159,0.392217642,0.884740372,4966.0,244.0
0.7099936807065348,0.0,0.39583242799999996,0.889565683,4966.0,244.0
0.6219336683719199,0.0,0.3543549406666666,0.8254953813333333,4966.0,244.0
0.6061411328728168,0.00400213575,0.46922566425,0.832866394,4966.0,244.0
0.6317692301918911,0.080671346,0.596801556,0.8907351434999999,4966.0,244.0
0.6680331475365069,0.143391822,0.67706892,0.878836722,4966.0,244.0
0.6929258410342387,0.1849049445,0.737521773,0.8706590359999999,4966.0,244.0
0.695197175426095,0.171080344,0.7082400975,0.8375888255,4966.0,244.0
0.6954561296044823,0.151737867,0.6584716595,0.8203398755,4966.0,244.0
0.696085471612793,0.193065997,0.6215132265,0.7984402655,4966.0,244.0
0.6973740428753981,0.200701937,0.598437026,0.781742599,4966.0,244.0
0.6975657917049469,0.139889622,0.581981021,0.7851883875,4966.0,244.0
0.6896518272427342,0.014710795333333334,0.5924789703333334,0.8142692239999999,4966.0,244.0
0.628062513545574,0.0,0.63525888,0.804648586,4966.0,244.0
0.6066001135819313,0.0006213082,0.5597934309999999,0.78492153,4966.0,244.0
0.6323984063106713,0.0716940295,0.4905589345,0.7784896375,4966.0,244.0
0.6786123874272817,0.2370201605,0.514150804,0.783455035,4966.0,244.0
0.6972360113953723,0.31084531299999996,0.534671691,0.791168133,4966.0,244.0
0.6991679102651602,0.363583493,0.530449102,0.7796522356666666,4966.0,244.0
0.700936693680579,0.33397929400000004,0.5055621204999999,0.7770091555,4966.0,244.0
0.7031449633345617,0.20460037650000001,0.4481350165,0.765577725,4966.0,244.0
0.7013722990844172,0.117093196,0.40500523,0.762744378,4966.0,244.0
0.6905684413866906,0.018219092666666666,0.3833120433333333,0.7578669556666666,4966.0,244.0
0.6417543634800628,0.0,0.3512328536666667,0.671576761,4966.0,244.0
0.6412538716255438,0.00063150075,0.30896057475,0.53022489925,4966.0,244.0
0.746087596489925,0.0487953695,0.284908748,0.401985088,4966.0,244.0
0.7757426068648757,0.094170871,0.257730898,0.346954196,4966.0,244.0
0.768123628988268,0.1951033915,0.2918604345,0.34590036700000004,4966.0,244.0
0.7663844964797537,0.35747597649999996,0.35559710050000004,0.3621966075,4966.0,244.0
0.764093615807071,0.37707170850000005,0.4142314675,0.422336213,4966.0,244.0
0.7583167320231377,0.24542100449999998,0.4246919655,0.40641563199999997,4966.0,244.0
0.7541482377412276,0.132924949,0.36794307,0.411799628,4966.0,244.0
0.7247416987484455,0.016009475333333332,0.333470285,0.39848131766666667,4966.0,244.0
0.6382264751953276,0.0,0.3182289045,0.47006707525,4966.0,244.0
0.6450569792361204,0.0021244143333333334,0.2893160356666667,0.4627687626666666,4966.0,244.0
0.7469022741752243,0.1007733095,0.2406008275,0.366348878,4966.0,244.0
0.7754793693815328,0.232572173,0.223970857,0.302212911,4966.0,244.0
0.7664689529935924,0.37267652,0.242214283,0.3205229815,4966.0,244.0
0.768936035167487,0.486157766,0.20596678899999998,0.3364078175,4966.0,244.0
0.7691952732841343,0.47190585500000004,0.2358869005,0.3446916135,4966.0,244.0
0.766742602374882,0.3810584755,0.238680736,0.275225561,4966.0,244.0
0.763052640156937,0.248560187,0.223190465,0.221613604,4966.0,244.0
0.7590619090366691,0.1481654135,0.213203914,0.190761185,4966.0,244.0
0.7233483354905461,0.013160438666666668,0.26599714300000005,0.261591295,4966.0,244.0
0.6463608770207105,0.0,0.38067724049999996,0.36038999800000004,4966.0,244.0
0.6327124741272392,0.0,0.4459126115,0.434719918,4966.0,244.0
0.6353908511008546,0.0,0.47292001699999997,0.5454914295,4966.0,244.0
0.69710877039764,0.0106622525,0.5302922809999999,0.6278769774999999,4966.0,244.0
0.768725686414427,0.0439789005,0.5934840205,0.7076182495000001,4966.0,244.0
0.7689754118745026,0.0897979215,0.659536063,0.7727475985000001,4966.0,244.0
0.7692580772792876,0.138469444,0.6963955239999999,0.6975978405000001,4966.0,244.0
0.7692764640937765,0.12524531849999998,0.644500353,0.6247309139999999,4966.0,244.0
0.7665215579927183,0.1037873,0.5744708645,0.7203380905000001,4966.0,244.0
0.7635408267430525,0.096810757,0.514854956,0.759133951,4966.0,244.0
0.7590912288203389,0.06720053,0.479805736,0.790309693,4966.0,244.0
0.7241728654123589,0.005077512,0.4484264306666667,0.8001951943333333,4966.0,244.0
0.6462690371801474,0.0,0.45313468300000004,0.8224022195,4966.0,244.0
0.6326228666502828,0.0,0.38509535166666664,0.8072394393333333,4966.0,244.0
0.652752478232187,0.002890384,0.3154415595,0.808715796,4966.0,244.0
0.7456423363568332,0.0742080845,0.292338136,0.816841594,4966.0,244.0
0.7740742059450135,0.208584808,0.267933751,0.819475797,4966.0,244.0
0.7661604465148046,0.3576436575,0.284175043,0.8345960055,4966.0,244.0
0.7667641839607778,0.4048793885,0.255426293,0.8059082125,4966.0,244.0
0.7688517204156753,0.32175326049999997,0.2692533125,0.78690296,4966.0,244.0
0.7668236040994538,0.265488271,0.2651938085,0.7089301555,4966.0,244.0
0.7599280323583082,0.1880447515,0.23827006350000002,0.5739372275000001,4966.0,244.0
0.7513040474510495,0.0526985255,0.23641306499999998,0.4476360385,4966.0,244.0
0.7103824079243519,0.0,0.248332532,0.3757633415,4966.0,244.0
0.6463467022677335,0.0,0.240344506,0.2919753385,4966.0,244.0
0.6337222017609027,0.0,0.24772621300000003,0.35435923725,4966.0,244.0
0.6972553446707277,0.01686887,0.2661751465,0.4252190415,4966.0,244.0
0.770647906600044,0.09514519,0.24355474600000002,0.411047016,4966.0,244.0
0.7685951089868119,0.213430867,0.2494797065,0.4059811585,4966.0,244.0
0.766111296408497,0.301913144,0.28730524150000003,0.508927576,4966.0,244.0
0.7657511313914502,0.286662409,0.280135161,0.47352335300000004,4966.0,244.0
0.7647174205015534,0.2444364365,0.27701869300000004,0.462183099,4966.0,244.0
0.7608527946259778,0.13188622249999998,0.269377365,0.47101362,4966.0,244.0
0.7595519887516211,0.057958791,0.256585554,0.493596911,4966.0,244.0
0.7288755647817103,0.0038649659999999996,0.25201377333333336,0.5380624986666667,4966.0,244.0
0.6224703504806859,0.0,0.22089015199999998,0.48351093600000006,4966.0,244.0
0.6109324852226601,0.0052166756,0.1601044406,0.5057883623999999,4966.0,244.0
0.6621323832086758,0.13670814,0.12675206049999999,0.5293364405000001,4966.0,244.0
0.7024384060664555,0.282592342,0.14596328,0.5469768325,4966.0,244.0
0.69573332873178,0.39992485600000005,0.1624499965,0.5267506765,4966.0,244.0
0.69551767938366,0.4440893935,0.200522947,0.42317119000000003,4966.0,244.0
0.6960333872706952,0.3277157155,0.24461674949999998,0.435536479,4966.0,244.0
0.697508738132644,0.238648254,0.239005343,0.367594104,4966.0,244.0
0.7052866193330749,0.1084298385,0.21616252200000002,0.38066044649999997,4966.0,244.0
0.6999848044361668,0.003946027,0.2114429866666667,0.44139340266666666,4966.0,244.0
0.6315451326967958,0.0,0.2121778245,0.5103427455,4966.0,244.0
0.6065517019014924,0.0,0.22888006125,0.46214165725,4966.0,244.0
0.6175589983940568,0.03057446,0.22606602650000002,0.45838773600000005,4966.0,244.0
0.6621821958375902,0.18930699699999998,0.207928395,0.4133167525,4966.0,244.0
0.7034796186424608,0.428703754,0.21872497600000002,0.40222320349999996,4966.0,244.0
0.6970558106310163,0.5663985650000001,0.20578517600000001,0.3875885105,4966.0,244.0
0.6956360700403244,0.5854625855,0.22843641450000002,0.37207721000000005,4966.0,244.0
0.6960951501588952,0.490372614,0.21052797499999998,0.343089625,4966.0,244.0
0.6975785939861155,0.350751781,0.184098002,0.305371821,4966.0,244.0
0.698474439078414,0.182062764,0.1566976805,0.2571083435,4966.0,244.0
0.697956285994887,0.0040551116666666664,0.13691972966666666,0.2262737393333333,4966.0,244.0
0.6455173527821749,0.0,0.130168679,0.19659382450000001,4966.0,244.0
0.6323889880930832,0.0,0.20318847499999998,0.2202452085,4966.0,244.0
0.6965002764162778,0.020428147,0.28275770850000004,0.26954092399999996,4966.0,244.0
0.7711418910356047,0.093937939,0.3410555595,0.2941111625,4966.0,244.0
0.7704620266562812,0.203951753,0.435263944,0.268159033,4966.0,244.0
0.766163570042768,0.25857299850000004,0.4502378415,0.207018068,4966.0,244.0
0.7671541653945707,0.19594127900000002,0.44652104433333334,0.16003504533333332,4966.0,244.0
0.7619423288961535,0.122826343,0.3105440685,0.19402377399999998,4966.0,244.0
0.7562606213826659,0.060110063000000005,0.2189315475,0.202799924,4966.0,244.0
0.7224615379704388,0.0011721543333333333,0.15476543666666667,0.18085672366666664,4966.0,244.0
0.6422182553614986,0.0,0.107745478,0.062292782,4966.0,244.0
0.6425336874002705,0.0010165285,0.07484686474999999,0.0492323825,4966.0,244.0
0.7457335368703295,0.066735413,0.0658295845,0.063295347,4966.0,244.0
0.7728884540903354,0.156901582,0.059619434,0.066818481,4966.0,244.0
0.7663801660588578,0.269737186,0.0632106885,0.07453480900000001,4966.0,244.0
0.7688351557972339,0.36234641574999993,0.1246590025,0.14010992025,4966.0,244.0
0.7663540408394922,0.332142728,0.1550372615,0.18011524299999998,4966.0,244.0
0.7622441148814779,0.22568313699999998,0.144430272,0.160457873,4966.0,244.0
0.7549726888258188,0.126791692,0.183919456,0.202693182,4966.0,244.0
0.7229132190569717,0.0023039373333333334,0.25272446033333335,0.2990362303333333,4966.0,244.0
0.6379483531478748,0.0,0.273897848,0.31927629116666667,4966.0,244.0
0.69692291385652,0.012455291,0.34057337499999996,0.29574035649999997,4966.0,244.0
0.7690287738352188,0.101075421,0.381007396,0.4168839805,4966.0,244.0
0.7662917100747723,0.210367349,0.462891684,0.498393405,4966.0,244.0
0.7660482559016786,0.30094880300000004,0.5591176415000001,0.5235247245000001,4966.0,244.0
0.7663057901816627,0.308809504,0.6278789945,0.480032945,4966.0,244.0
0.7655479295570011,0.1992740495,0.607389969,0.40748535649999995,4966.0,244.0
0.7601357306067351,0.1236393275,0.5602368745,0.5625706155,4966.0,244.0
0.7577808862654586,0.069513348,0.55360682,0.749184983,4966.0,244.0
0.7504461595815697,0.015194235,0.5661449965,0.8065296230000001,4966.0,244.0
0.7105541843585814,0.0,0.5385730310000001,0.8349898305000001,4966.0,244.0
0.6463535412241324,0.0,0.4518705005,0.7302662595,4966.0,244.0
0.6399780833628151,0.0003239032,0.3506649984,0.7238694526,4966.0,244.0
0.7464646337769707,0.0365847765,0.3073791795,0.7706112605,4966.0,244.0
0.7728114517324591,0.179964566,0.2879706025,0.782271693,4966.0,244.0
0.7659452229705231,0.342085755,0.310804201,0.78305619,4966.0,244.0
0.7679382616245153,0.460841874,0.33344967333333336,0.7449420133333332,4966.0,244.0
0.7685110073440227,0.4481898825,0.3575735645,0.7298792304999999,4966.0,244.0
0.7637686866789721,0.3544910145,0.36395838199999997,0.6800840164999999,4966.0,244.0
0.7563298621401255,0.166851936,0.3146163935,0.5626262235,4966.0,244.0
0.7268094362913319,0.0013090976666666667,0.2581795536666667,0.4289595216666666,4966.0,244.0
0.6410987625328608,0.0,0.215953046,0.308530762,4966.0,244.0
0.6415848115050076,0.00077702275,0.17361623025,0.17215695825,4966.0,244.0
0.7497887994321599,0.0877531665,0.153121912,0.1142236025,4966.0,244.0
0.7728307613980687,0.32396726600000003,0.14382329849999997,0.109418704,4966.0,244.0
0.7671739484977168,0.5435049745,0.131749814,0.08603026999999999,4966.0,244.0
0.7692208774322655,0.586623106,0.121254735,0.054945459,4966.0,244.0
0.7687319336774567,0.5061138425,0.09282873850000001,0.0489816505,4966.0,244.0
0.7649317209876111,0.3297569645,0.06602889549999999,0.0436879275,4966.0,244.0
0.7589403474254467,0.205134671,0.088252814,0.040871997,4966.0,244.0
0.7260942181123996,0.001240407,0.11792695199999999,0.10628099,4966.0,244.0
0.6378203944000599,0.0,0.20351901900000002,0.3870083093333334,5837.666666666667,287.0
0.6206653800487307,0.0126855106,0.23806381999999998,0.6423591762,7581.0,373.0
0.6745922184746146,0.292943666,0.2251180855,0.6816300145,7581.0,373.0
0.7029723350855519,0.529496536,0.2148890375,0.6298848855000001,7581.0,373.0
0.7017706418890143,0.6592194843333333,0.28163505866666666,0.5436188936666667,7581.0,373.0
0.7017335998545042,0.519779548,0.3084826515,0.5232986319999999,7581.0,373.0
0.703727995033371,0.304665175,0.24410995950000003,0.5365821275,7581.0,373.0
0.7050380534428883,0.0969401,0.19808292449999998,0.572594214,7581.0,373.0
0.6987502261081894,0.00045333166666666665,0.20935033233333333,0.6459928963333333,7581.0,373.0
0.6356514225468367,0.0,0.20246855100000002,0.717932296,7581.0,373.0
0.6178975439253523,0.00138337,0.2274460684,0.8139140166000001,7581.0,373.0
0.6696875395929225,0.084934592,0.22376546949999998,0.8359424395,7581.0,373.0
0.7011516802989892,0.2085321665,0.226755084,0.821114001,7581.0,373.0
0.7018373108409938,0.3638127596666667,0.2416771166666667,0.767905752,7581.0,373.0
0.7013900233762993,0.39524058549999996,0.328550782,0.7170207045,7581.0,373.0
0.7042424487044305,0.27323693849999997,0.3641466,0.7577750475,7581.0,373.0
0.7056132522978371,0.102124346,0.41140513349999996,0.776022042,7581.0,373.0
0.699566741832918,0.0003487153333333333,0.3919696483333333,0.6940015769999999,7581.0,373.0
0.6561660068446834,0.0,0.3158636046666667,0.6875688816666666,7581.0,373.0
0.6530492475607115,0.0003351395,0.31388473925,0.82661988575,7581.0,373.0
0.761861232525495,0.05469423,0.29012262349999995,0.8704716455,7581.0,373.0
0.7797367454513671,0.141800672,0.277161937,0.875211383,7581.0,373.0
0.7715118526474833,0.266850921,0.2833484465,0.829351765,7581.0,373.0
0.7694492658951289,0.4039557946666667,0.28753164533333336,0.565127788,7581.0,373.0
0.7684409858081237,0.3319165625,0.2545355125,0.32020214700000005,7581.0,373.0
0.7666237148780385,0.241636816,0.216483291,0.222012131,7581.0,373.0
0.7646611477076899,0.142670739,0.17589197950000002,0.194181453,7581.0,373.0
0.761834941830805,0.058849834,0.173209616,0.239833602,7581.0,373.0
0.7345166176243919,0.0,0.16248257733333335,0.25849277966666667,7581.0,373.0
0.6563486133178859,0.0,0.13119591733333333,0.295300269,7581.0,373.0
0.6529894725509864,0.0,0.1319273965,0.21340057500000004,7581.0,373.0
0.7625638144508577,0.050173466,0.0988401995,0.18220466149999998,7581.0,373.0
0.7776964895836866,0.16659985700000002,0.0793700595,0.17936860999999998,7581.0,373.0
0.7701835733130078,0.3090179245,0.074134106,0.161261594,7581.0,373.0
0.7693922280626566,0.38662511450000003,0.072883428,0.133437688,7581.0,373.0
0.7679920102465966,0.35503466100000003,0.0598892025,0.12257101549999999,7581.0,373.0
0.7656846596015592,0.2562484995,0.053970797,0.143140673,7581.0,373.0
0.763252079550562,0.1174539385,0.0639853775,0.16564876550000002,7581.0,373.0
0.7188253162285225,0.0,0.06568097975,0.18615024674999997,7581.0,373.0
0.6447904065931268,0.0,0.07229501899999999,0.1056049036,7581.0,373.0
0.7152399482915084,0.007478523,0.10616136649999999,0.111470712,7581.0,373.0
0.7789683306489742,0.1290100455,0.10624993199999999,0.1180172825,7581.0,373.0
0.7732883741916415,0.259577972,0.098318627,0.130978509,7581.0,373.0
0.7710435674203466,0.3777093505,0.14010438949999998,0.1211329565,7581.0,373.0
0.7692318576899728,0.3999712876666666,0.151787323,0.100224001,7581.0,373.0
0.7665500255474018,0.322775625,0.1412186465,0.055489369000000004,7581.0,373.0
0.7644147824943459,0.223450888,0.132268696,0.039367845,7581.0,373.0
0.7630977908965492,0.10247935849999999,0.1421435865,0.041685941500000004,7581.0,373.0
0.7340635166394559,0.0,0.17114988533333333,0.06371027833333333,7581.0,373.0
0.6542944769216058,0.0,0.16098794514285714,0.09122881228571426,7581.0,373.0
0.7604962029646849,0.040468861,0.163665848,0.0731255885,7581.0,373.0
0.7764444550241879,0.13003231999999998,0.201415861,0.092511727,7581.0,373.0
0.7730191733835289,0.207006756,0.238204943,0.113997384,7581.0,373.0
0.7725268220589452,0.27009989,0.24184905750000002,0.1237909355,7581.0,373.0
0.7683976333441584,0.214304983,0.2281349015,0.1564885505,7581.0,373.0
0.7658130363523317,0.131973583,0.2077460685,0.19929578850000002,7581.0,373.0
0.7617941454324892,0.033133506,0.232408828,0.251016932,7581.0,373.0
0.735292147382494,0.0,0.24854748333333335,0.2681082953333333,7581.0,373.0
0.6488458332219809,0.0,0.2761156516666667,0.24269049349999997,7581.0,373.0
0.7139843169736129,0.004786774,0.2775033605,0.18769421,7581.0,373.0
0.7751915214304173,0.10247813049999999,0.287487637,0.2035119305,7581.0,373.0
0.7698096359441796,0.2549634175,0.3103863405,0.2345881135,7581.0,373.0
0.7692691757237932,0.410323325,0.360622198,0.192883728,7581.0,373.0
0.7697539784534311,0.4633452285,0.388100452,0.210087093,7581.0,373.0
0.7668742685431482,0.386737965,0.3939007865,0.2643025125,7581.0,373.0
0.7644777995985217,0.215049298,0.373742457,0.337231563,7581.0,373.0
0.7618309662809586,0.050875053,0.378193794,0.35179653,7581.0,373.0
0.7352413173944408,0.0,0.38611824166666664,0.30225972733333334,7581.0,373.0
0.6346018802867915,0.0,0.41824855566666663,0.2627301676666667,7581.0,373.0
0.6171651643881991,0.0027974188,0.4255510163999999,0.326709329,7581.0,373.0
0.66829487047536,0.129110357,0.4515142125,0.465049286,7581.0,373.0
0.7016265915806055,0.29768701249999996,0.458863172,0.4841805025,7581.0,373.0
0.7030771110648782,0.469929607,0.488276688,0.436089652,7581.0,373.0
0.7026606102256113,0.403410218,0.47911540649999995,0.4350673885,7581.0,373.0
0.7037251080170728,0.269846543,0.45694767999999997,0.423799257,7581.0,373.0
0.7042351129078523,0.135523959,0.43496896,0.442328955,7581.0,373.0
0.7022614709027444,0.00809982375,0.44978061300000005,0.49750678700000006,7581.0,373.0
0.6247848576401079,0.0,0.5485266207142857,0.5123827608571428,7581.0,373.0
0.644238199737158,0.0427831065,0.5595433894999999,0.546031198,7581.0,373.0
0.6954038323604654,0.1957058905,0.5329491135,0.616323372,7581.0,373.0
0.7071055936856173,0.313392541,0.536328483,0.644719603,7581.0,373.0
0.7046370209911847,0.4109077405,0.5635504899999999,0.614196162,7581.0,373.0
0.7034967355011433,0.393656561,0.5922049226666667,0.693262261,7581.0,373.0
0.7039497733886881,0.2325465825,0.6126233274999999,0.6864424975000001,7581.0,373.0
0.7044586897459195,0.063003053,0.6702487035,0.7272720800000001,7581.0,373.0
0.6991114637808852,0.0,0.7387676930000001,0.8203512773333332,7581.0,373.0
0.6491809253930205,0.0,0.722489415,0.838278965,7581.0,373.0
0.6660566423319496,0.0,0.679683995,0.8316290639999999,7581.0,373.0
0.7612689010720333,0.04104549,0.6519619275,0.8149560535,7581.0,373.0
0.7822546337274315,0.12943442,0.613186929,0.782995553,7581.0,373.0
0.7768886742574292,0.24200630950000002,0.574503577,0.7710804585,7581.0,373.0
0.7737405683414249,0.36239621050000004,0.5737873575000001,0.722242512,7581.0,373.0
0.7720182213612553,0.40680361733333337,0.6432741286666667,0.707034052,7581.0,373.0
0.7678225055255503,0.24396013449999998,0.6313951609999999,0.6280748835000001,7581.0,373.0
0.7657625848105565,0.07498112700000001,0.5903728545,0.5936691885000001,7581.0,373.0
0.7485774432222474,0.0,0.5654151645000001,0.5889004885,7581.0,373.0
0.693145253030286,0.0,0.5299321375,0.5481840625000001,7581.0,373.0
0.6479975209683952,0.0,0.456965452,0.49383324500000003,7581.0,373.0
0.6424917311904453,0.0,0.4016709526666667,0.6249241946666667,7581.0,373.0
0.7153639945178335,0.002795597,0.3783556535,0.713142742,7581.0,373.0
0.7813093786145174,0.0780859095,0.401168321,0.699598911,7581.0,373.0
0.7815028785002214,0.19912766199999998,0.46389185099999997,0.5443764695,7581.0,373.0
0.7789903852582005,0.26712891699999997,0.481439179,0.344129564,7581.0,373.0
0.7734744908541725,0.2209548835,0.512694785,0.300214213,7581.0,373.0
0.7709493376107676,0.195460836,0.475740842,0.2458486625,7581.0,373.0
0.7687601409036262,0.1076214495,0.420844946,0.2656406515,7581.0,373.0
0.7665611473945503,0.010434851,0.423154748,0.275390754,7581.0,373.0
0.737509819652303,0.0,0.43354323,0.3339606206666667,7581.0,373.0
0.6639155780268055,0.0,0.45627902200000003,0.3186562555,7581.0,373.0
0.6424724806872693,0.0,0.4233271265,0.326215491,7581.0,373.0
0.7155227083423802,0.0024290545,0.389831892,0.3416874645,7581.0,373.0
0.7817785158635374,0.11672460850000001,0.4010531975,0.3520948265,7581.0,373.0
0.7825959861261511,0.300354054,0.44428113550000004,0.4072247,7581.0,373.0
0.7813187494055107,0.41217548400000004,0.539293879,0.527343298,7581.0,373.0
0.7754501916705445,0.378869752,0.6103964825,0.565284652,7581.0,373.0
0.770209201277988,0.22705932850000002,0.620992515,0.48992316049999995,7581.0,373.0
0.7702151646027579,0.10753721699999999,0.5830928555,0.4712262885,7581.0,373.0
0.7670203697929057,0.008666934,0.554883469,0.468993841,7581.0,373.0
0.7395099572460362,0.0,0.5457231186666666,0.4481615763333333,7581.0,373.0
0.6568436624701461,0.0,0.5269011016666666,0.4610018056666667,7581.0,373.0
0.6530262816981341,0.0,0.40150088925000005,0.38337762075000004,7581.0,373.0
0.7636962277474624,0.036599275,0.350604027,0.5077418455,7581.0,373.0
0.783775561339934,0.188733117,0.360093651,0.6023908445,7581.0,373.0
0.7809957131991452,0.310807507,0.4257447,0.664218469,7581.0,373.0
0.7773774840165748,0.353820163,0.4636396363333333,0.6894939543333333,7581.0,373.0
0.7752422805201984,0.28231123950000003,0.514857617,0.6555804125,7581.0,373.0
0.7735986555434333,0.151600254,0.4586712435,0.6209321864999999,7581.0,373.0
0.7714895377097429,0.03415448,0.4174780385,0.5770497029999999,7581.0,373.0
0.7401679719100688,0.0,0.40188939733333334,0.5787513186666666,7581.0,373.0
0.6639386739500883,0.0,0.356670452,0.5765150240000001,7581.0,373.0
0.6507676574680169,0.0,0.3169209116,0.7158219690000001,7581.0,373.0
0.7640062013441451,0.027444979499999998,0.321531848,0.7658498185,7581.0,373.0
0.7845943802575073,0.145978615,0.332076284,0.7728779445,7581.0,373.0
0.7811058452081104,0.2849237475,0.389495628,0.7839052755,7581.0,373.0
0.7754322544767434,0.3560372625,0.449004007,0.7773820920000001,7581.0,373.0
0.7734017954109977,0.2651160625,0.4700454895,0.7175798545000001,7581.0,373.0
0.7727566934830854,0.160120311,0.474248941,0.639157157,7581.0,373.0
0.7742716811734609,0.0741500235,0.4485408795,0.5551947349999999,7581.0,373.0
0.7484759722621769,0.00074266975,0.4245790905,0.48875089699999996,7581.0,373.0
0.6387074759274617,0.0,0.3587348529999999,0.3401204543333333,7581.0,373.0
0.6159170062176141,0.0,0.368249928,0.339731486,7581.0,373.0
0.6379964619056087,0.01636884425,0.364690067,0.42780805325,7581.0,373.0
0.693805192440885,0.181608165,0.341314247,0.459466065,7581.0,373.0
0.7191866169986094,0.2912156585,0.3894740975,0.5254352965,7581.0,373.0
0.7121666279715356,0.367755866,0.4452979213333333,0.6062871906666666,7581.0,373.0
0.7063593283456405,0.3511926245,0.5199716759999999,0.668272065,7581.0,373.0
0.7093277305445711,0.278638568,0.524805732,0.632286162,7581.0,373.0
0.7169344506138874,0.143909632,0.475464386,0.5907426735000001,7581.0,373.0
0.7187625199652157,0.002654357,0.4159119803333333,0.5366044736666667,7581.0,373.0
0.6828317590548055,0.0,0.399316606,0.537313384,7581.0,373.0
0.6258417847801505,0.0,0.35680484925,0.43944455625,7581.0,373.0
0.6315942906730188,0.0,0.30008615833333335,0.49423302399999997,7581.0,373.0
0.6821340993472593,0.07845495699999999,0.285490641,0.495635745,7581.0,373.0
0.7229100640493471,0.19472248450000001,0.29754853049999996,0.3880580515,7581.0,373.0
0.7218034205833013,0.2862158415,0.3560789725,0.3738017885,7581.0,373.0
0.7166693436114537,0.3027629195,0.47408591850000004,0.290183338,7581.0,373.0
0.714718418945282,0.1727053355,0.487881001,0.32350689,7581.0,373.0
0.7156714596825647,0.067400178,0.456962404,0.343018741,7581.0,373.0
0.7119359679335578,0.018567705,0.458785777,0.3727124805,7581.0,373.0
0.6939014809581765,0.0,0.42013225499999995,0.47147847575,7581.0,373.0
0.6439306277072612,0.0,0.400704157,0.5943506155,7581.0,373.0
0.6659372577878238,0.0,0.407910545,0.706190899,7581.0,373.0
0.7632226415110595,0.018675122500000002,0.422235272,0.7396915155,7581.0,373.0
0.7840919006625822,0.159817351,0.38823552100000003,0.7627626515,7581.0,373.0
0.77913501918296,0.268657507,0.438090368,0.7855387315,7581.0,373.0
0.7737780281717894,0.267919193,0.497151656,0.8114214646666666,7581.0,373.0
0.7697570073353078,0.160261612,0.484533129,0.8203000025,7581.0,373.0
0.7677180767199439,0.073301558,0.41679372849999996,0.807502682,7581.0,373.0
0.762546303060895,0.000987768,0.394390413,0.814896054,7581.0,373.0
0.7239590620426182,0.0,0.3831928865,0.8156407345,7581.0,373.0
0.6630212710887428,0.0,0.31805584,0.750995686,7581.0,373.0
0.6423773754531642,0.0,0.34835879675,0.659399874,7581.0,373.0
0.7139076457734885,0.0,0.39936288350000004,0.6249319485,7581.0,373.0
0.7760774276480993,0.041886564,0.43122669049999995,0.5948692085,7581.0,373.0
0.7700166006336591,0.1502014265,0.44386352149999997,0.527298028,7581.0,373.0
0.7692294912616686,0.28185192800000003,0.4819730475,0.4901356065,7581.0,373.0
0.7700006984342729,0.377066281,0.514558847,0.41281153400000004,7581.0,373.0
0.7664871977353995,0.3122206865,0.4668885325,0.319603076,7581.0,373.0
0.7643680227712603,0.191910656,0.448231952,0.25691024,7581.0,373.0
0.7634601091638438,0.045070601,0.479647836,0.3295407395,7581.0,373.0
0.7351980595075278,0.0,0.5272878463333334,0.42187136,7581.0,373.0
0.6553768307915137,0.0,0.5548640456666667,0.503865305,7581.0,373.0
0.6529341226082436,0.0,0.580748744,0.6718896062499999,7581.0,373.0
0.7590029623355297,0.015201263,0.577271214,0.802269922,7581.0,373.0
0.7752936549130944,0.12089712150000001,0.5875812035000001,0.862519488,7581.0,373.0
0.7694757380120769,0.2644440005,0.6602879745,0.8739003235,7581.0,373.0
0.7686392303207921,0.41384811750000006,0.6679129055,0.8262707145,7581.0,373.0
0.7652787049320395,0.2061758555,0.657484697,0.778015303,7581.0,373.0
0.7655811300373278,0.042780873,0.691069581,0.631215914,7581.0,373.0
0.7514617202376771,0.0,0.745016121,0.617311823,7581.0,373.0
0.6911248274852435,0.0,0.7838525015,0.689338275,7581.0,373.0
0.6452259869098842,0.0,0.8315792796666667,0.7484420673333334,7581.0,373.0
0.6439319883741965,0.0,0.855654863,0.7859402265,7581.0,373.0
0.7153944972740353,0.0,0.853984436,0.813673663,7581.0,373.0
0.7818155262112831,0.0944091615,0.83402595,0.5212684925,7581.0,373.0
0.7818047353147836,0.274417308,0.8114824654999999,0.383944474,7581.0,373.0
0.7764851807313348,0.34585323933333334,0.8031041143333333,0.6729347143333334,7581.0,373.0
0.7721307353312524,0.3161714025,0.831458755,0.668636197,7581.0,373.0
0.7703996484649663,0.2002274735,0.8100458500000001,0.756031005,7581.0,373.0
0.7735321125100985,0.085658826,0.785119548,0.785406263,7581.0,373.0
0.7578201369847951,0.000538914,0.7462833703333334,0.8681034093333334,7581.0,373.0
0.7159916799089726,0.0,0.702248946,0.889943258,7581.0,373.0
0.6567955616858789,0.0,0.6076191276666667,0.8933891543333333,7581.0,373.0
0.6533606765739677,0.0,0.5274410795,0.8606167309999999,7581.0,373.0
0.7645055812279555,0.013974357,0.520288791,0.739506753,7581.0,373.0
0.7850208751988665,0.092535537,0.54194415,0.6939237135,7581.0,373.0
0.7794985442396354,0.1180514675,0.6022893865,0.7458666709999999,7581.0,373.0
0.7770830260269476,0.12180684400000001,0.6876694803333333,0.7205527253333334,7581.0,373.0
0.7749065604955998,0.12151391049999999,0.6917957905000001,0.5157411255,7581.0,373.0
0.7767317587085293,0.072482301,0.668105919,0.448436927,7581.0,373.0
0.7753465202407346,0.016155182,0.6449325480000001,0.48552018500000005,7581.0,373.0
0.7588239921774036,0.0,0.6199744899999999,0.61458515,7581.0,373.0
0.6913715712829342,0.0,0.6413048245,0.6217418265000001,7581.0,373.0
0.6276920312766672,0.0,0.672462513,0.7128383255,7581.0,373.0
0.6178467989185774,0.0,0.75426293225,0.7066306189999999,7581.0,373.0
0.6479482764231039,0.0070692365,0.7553214960000001,0.6474308225000001,7581.0,373.0
0.7068054879272103,0.102247451,0.759438407,0.6126413255000001,7581.0,373.0
0.7225505615549069,0.248072419,0.7592449945,0.659005917,7581.0,373.0
0.717471511307,0.35855483800000004,0.7508000573333334,0.6978337953333332,7581.0,373.0
0.7158958647256661,0.2552537755,0.752578094,0.748483719,7581.0,373.0
0.7226222633177233,0.131915337,0.722428787,0.807449912,7581.0,373.0
0.7253635391396818,0.023500367,0.700891783,0.8343012675,7581.0,373.0
0.6992226448702707,0.0,0.645513714,0.84296061175,7581.0,373.0
0.6237368056934977,0.0,0.6387011086,0.8314963138000001,7581.0,373.0
0.6334286389051069,0.0,0.6501198695,0.862094479,7581.0,373.0
0.6834922663419247,0.065071305,0.6384348900000001,0.881236769,7581.0,373.0
0.7238114464554739,0.2413721805,0.650779043,0.8856404845,7581.0,373.0
0.7252925947526618,0.35633896700000006,0.6683446283333333,0.886159276,7581.0,373.0
0.7249113926235964,0.324521758,0.690077498,0.8957823334999999,7581.0,373.0
0.7276892293797159,0.186227403,0.703976783,0.9136068875,7581.0,373.0
0.7336501710149164,0.0400879115,0.7180417649999999,0.9233715485,7581.0,373.0
0.7212141812471758,0.0,0.7289231666666667,0.9217718793333334,7581.0,373.0
0.67469846957982,0.0,0.7399960236666666,0.9164012260000001,7581.0,373.0
0.6800002171682418,0.0,0.72189240625,0.9124367375,7581.0,373.0
0.7794382014569416,0.007439911,0.70424953,0.9168383625000001,7581.0,373.0
0.7954702710138709,0.136609248,0.68364711,0.912925074,7581.0,373.0
0.7933651287300271,0.24134083,0.705114239,0.903101754,7581.0,373.0
0.791951943157474,0.380573387,0.742271087,0.8900719850000001,7581.0,373.0
0.7891406694093626,0.4543495015,0.762762998,0.862905077,7581.0,373.0
0.7860207943292736,0.4214554805,0.753752274,0.7769344300000001,7581.0,373.0
0.7841503979501372,0.2915811325,0.7044666225,0.7642969315,7581.0,373.0
0.7862212276103602,0.106374321,0.656586015,0.780562177,7581.0,373.0
0.7735157215475513,0.0,0.5990846773333334,0.8195436906666668,7581.0,373.0
0.7202571727609275,0.0,0.5209954830000001,0.8513479655,7581.0,373.0
0.6802211553065489,0.0,0.488664421,0.8643354894999999,7581.0,373.0
0.6837760560055315,0.0,0.48630765425,0.8702980005,7581.0,373.0
0.776942769984196,0.008037821,0.5139807305,0.8842265920000001,7581.0,373.0
0.7936255736360555,0.092440756,0.542530471,0.903806694,7581.0,373.0
0.7896373039353503,0.162282951,0.539883604,0.910631225,7581.0,373.0
0.7859115143421916,0.1982890615,0.60532999,0.9175460595,7581.0,373.0
0.7820827866710675,0.184431115,0.695915507,0.9240694119999999,7581.0,373.0
0.7803899407587569,0.12553469,0.727625865,0.9281055565,7581.0,373.0
0.7774909920121023,0.06019039,0.729704149,0.906360877,7581.0,373.0
0.775140170647267,0.010230928,0.743713035,0.858210771,7581.0,373.0
0.7584823639864767,0.0,0.788366714,0.783922173,7581.0,373.0
0.696245557909148,0.0,0.805604786,0.7098811110000001,7581.0,373.0
0.6480782149378581,0.0,0.7927974945,0.7095623630000001,7581.0,373.0
0.6530354159774623,0.0,0.7913659085,0.8224695310000001,7581.0,373.0
0.7610599249978847,0.004934741,0.7808046355,0.8453819055,7581.0,373.0
0.7791499274948845,0.0533550955,0.7472488315,0.7028713245,7581.0,373.0
0.7743231738221896,0.133245826,0.721032727,0.6504725745,7581.0,373.0
0.7719938514091398,0.2930999685,0.71380538125,0.5465199175,7581.0,373.0
0.7719243623351421,0.195511308,0.7506202465,0.887143242,7581.0,373.0
0.7743435960452996,0.048397665,0.790703031,0.929078402,7581.0,373.0
0.7592419915451926,0.0,0.7999188913333333,0.9256236539999999,7581.0,373.0
0.6970410441846702,0.0,0.796716459,0.9153418255,7581.0,373.0
0.6444469507938598,0.0,0.6964553425000001,0.758772473,7581.0,373.0
0.6667400088235833,0.0,0.4931332195,0.4768463565,7581.0,373.0
0.7650541344136136,0.0051597475,0.313158208,0.3408307775,7581.0,373.0
0.7876551191371802,0.109429791,0.234373818,0.28531919,7581.0,373.0
0.7855283716576946,0.1476330225,0.208236494,0.23857405199999998,7581.0,373.0
0.7853439824415729,0.1707693395,0.2149847945,0.197476794,7581.0,373.0
0.7862631600378536,0.140631041,0.23208203000000002,0.1689468293333333,7581.0,373.0
0.7846673598460452,0.0678302935,0.246307514,0.20696172000000002,7581.0,373.0
0.7850061797888612,0.013233217,0.277081106,0.261056429,7581.0,373.0
0.7761758220925952,0.0,0.34923432050000003,0.30492692,7581.0,373.0
0.7467100523223449,0.0,0.44131595199999996,0.3076316455,7581.0,373.0
0.6681378683573919,0.0,0.492810945,0.3061110043333333,7581.0,373.0
0.6725053210361296,0.0,0.49732123100000003,0.46565076024999996,7581.0,373.0
0.7766035476401844,0.004328401,0.44423020049999995,0.49553379799999997,7581.0,373.0
0.7939709722067563,0.13644855,0.394720203,0.44876111,7581.0,373.0
0.7922718082021782,0.264561341,0.390294475,0.451966383,7581.0,373.0
0.7916495418690346,0.396944292,0.443114083,0.440342952,7581.0,373.0
0.7885059162129715,0.5354486716666668,0.49825859166666664,0.43833291333333335,7581.0,373.0
0.7852380152746274,0.4618557995,0.5041338985,0.416050944,7581.0,373.0
0.7843669699422751,0.33537234,0.431796047,0.368052653,7581.0,373.0
0.784695803998086,0.196663753,0.362465166,0.352936532,7581.0,373.0
0.7844187467363668,0.0230147405,0.33241452699999996,0.408917132,7581.0,373.0
0.7695605259943219,0.0,0.3329360475,0.531594052,7581.0,373.0
0.7080841441320478,0.0,0.364855519,0.7123139685,7581.0,373.0
0.6359164860576332,0.0,0.41791768875,0.79282311375,7581.0,373.0
0.6312701738720546,0.0,0.5859495526666667,0.8979244146666666,7581.0,373.0
0.6823080054219905,0.0159074665,0.6749586595,0.890563009,7581.0,373.0
0.7226576646819954,0.055940201,0.678623544,0.885926031,7581.0,373.0
0.725646465080084,0.086331066,0.701755999,0.832679589,7581.0,373.0
0.7260266022853471,0.12863121,0.7455439264999999,0.8136899639999999,7581.0,373.0
0.7249517398154308,0.145412549,0.788505699,0.813938603,7581.0,373.0
0.7255305592456254,0.135280888,0.7984306075000001,0.8851725375,7581.0,373.0
0.7271663985980217,0.054639441500000004,0.784201707,0.9163885540000001,7581.0,373.0
0.7188095323540034,0.0,0.7414902886666667,0.9142530176666668,7581.0,373.0
0.6811597611694435,0.0,0.6842462925,0.8954541035,7581.0,373.0
0.6227303222253151,0.0,0.6063881643333332,0.8288979121666666,7581.0,373.0
0.6533018834397282,0.0017953835,0.4817019065,0.7471125175,7581.0,373.0
0.6953329824124292,0.117359563,0.441725664,0.725841895,7581.0,373.0
0.7228884352439593,0.2199095665,0.4183795725,0.707643511,7581.0,373.0
0.7220545660108143,0.3029379366666667,0.46670762699999996,0.6534793846666667,7581.0,373.0
0.721249897960335,0.274397864,0.459437221,0.5407798745,7581.0,373.0
0.7268152736284225,0.1582830755,0.40586683349999997,0.5223941510000001,7581.0,373.0
0.7303187642092356,0.026317874,0.345351021,0.53212587,7581.0,373.0
0.7315053678786938,0.0,0.306031288,0.5260061215,7581.0,373.0
0.7162443160641269,0.0,0.24682491966666664,0.4699901336666667,7581.0,373.0
0.7047184957390871,0.0,0.2039107235,0.4456296415,11143.0,549.0
0.7227247043484066,0.0,0.2108478895,0.52656852825,14705.0,725.0
0.8174209714702978,0.0017733825,0.255668915,0.49709710249999994,14705.0,725.0
0.8188969846477503,0.061293665,0.268034966,0.45219335,14705.0,725.0
0.8128146000713661,0.160163559,0.253993745,0.447628165,14705.0,725.0
0.8085974053038358,0.3207911625,0.2609802955,0.47303920450000003,14705.0,725.0
0.8043879249172304,0.404900642,0.2412826845,0.5024563725,14705.0,725.0
0.8018902929747453,0.35681772050000005,0.1998700735,0.5330438725,14705.0,725.0
0.8039853543112911,0.2123555845,0.1672063565,0.4765568195,14705.0,725.0
0.8049432226203037,0.015387084,0.130277903,0.440415965,14705.0,725.0
0.7848430566026453,0.0,0.11622823066666667,0.4728917023333334,14705.0,725.0
0.7143154225355042,0.0,0.1385121165,0.49225013949999996,14705.0,725.0
0.7062179837348237,0.0,0.149031456,0.52179017875,14705.0,725.0
0.7923689486378014,0.0,0.156688658,0.523728915,14705.0,725.0
0.8191459293293866,0.030039569500000002,0.167767849,0.4486517385,14705.0,725.0
0.8140578076924395,0.154024014,0.17928412,0.3180767955,14705.0,725.0
0.8120176936903376,0.293795621,0.17888473249999998,0.265491069,14705.0,725.0
0.8116483471744709,0.3167143145,0.1872982425,0.264352911,14705.0,725.0
0.8119193464653335,0.18530106600000001,0.19041005,0.2637900175,14705.0,725.0
0.8103905151797328,0.054179012,0.22935128500000002,0.2328182255,14705.0,725.0
0.7875379355805514,0.0,0.30488594425000004,0.21682763,14705.0,725.0
0.7021498638369345,0.0,0.3741608676666666,0.32602129333333335,14705.0,725.0
0.7125932926683488,0.0,0.33683168075000003,0.33404827249999997,14705.0,725.0
0.8159297656284548,0.001385197,0.3076102055,0.3096373655,14705.0,725.0
0.8172831052584935,0.121551698,0.30270419,0.27982187,14705.0,725.0
0.8094387050486799,0.2874030355,0.292801954,0.2478978825,14705.0,725.0
0.8035959408575698,0.4753073535,0.41686256899999996,0.19287081849999999,14705.0,725.0
0.8003759437830246,0.3133874225,0.41831813549999997,0.1937214705,14705.0,725.0
0.8058608147738224,0.090970327,0.3383165935,0.189049024,14705.0,725.0
0.7978590019678267,0.0,0.2685962453333333,0.1837555803333333,14705.0,725.0
0.7404489100755476,0.0,0.201289241,0.14834868,14705.0,725.0
0.7038570226054287,0.0,0.148259587,0.21560398825,14705.0,725.0
0.7382396939606981,0.0,0.160292382,0.261252023,14705.0,725.0
0.8165164889388505,0.0011942485,0.1979858585,0.3260461175,14705.0,725.0
0.8177511775837111,0.043017513,0.241411652,0.394756693,14705.0,725.0
0.81155141984787,0.11343778,0.2694557445,0.45950268299999997,14705.0,725.0
0.8085374408983856,0.18449529850000002,0.310377927,0.5155507025,14705.0,725.0
0.8044135294795678,0.172821739,0.3396316,0.60829413,14705.0,725.0
0.8008007112779746,0.0930074355,0.36239097,0.635641094,14705.0,725.0
0.7983482298679987,0.0116997545,0.416416531,0.6786104335,14705.0,725.0
0.7893863716858938,0.0,0.461787657,0.709438424,14705.0,725.0
0.7646210373726925,0.0,0.5274463883333333,0.7386428039999999,14705.0,725.0
0.6807057096160971,0.0,0.5950097537500001,0.78409253425,14705.0,725.0
0.697234993760096,0.0,0.6047190743333334,0.8112950366666668,14705.0,725.0
0.8051340483916287,0.000972943,0.574167555,0.8038839689999999,14705.0,725.0
0.812523628178081,0.108314317,0.549947502,0.772171915,14705.0,725.0
0.8055735821258219,0.283578952,0.545511174,0.7435329635,14705.0,725.0
0.8023370204328351,0.4307854595,0.6020929429999999,0.7277626365000001,14705.0,725.0
0.8001735227270148,0.442813678,0.6423692089999999,0.7270418845,14705.0,725.0
0.7997840145236552,0.3205313715,0.626602782,0.6868755235,14705.0,725.0
0.802970692965593,0.163307912,0.607510018,0.687678244,14705.0,725.0
0.8040435202339913,0.007065591,0.602298029,0.695739671,14705.0,725.0
0.7843095141758796,0.0,0.5951762705,0.70087690275,14705.0,725.0
0.6810920823830686,0.0,0.523449887,0.5674302357500001,14705.0,725.0
0.6731152112025974,0.0,0.4247200393333333,0.6379244286666667,14705.0,725.0
0.7018240431993071,0.000568133,0.32162964650000003,0.5971906570000001,14705.0,725.0
0.7378974661374526,0.09656891,0.265674066,0.559740634,14705.0,725.0
0.7567631958307807,0.1991085115,0.21710395500000002,0.5367633350000001,14705.0,725.0
0.7529028373132268,0.34282789733333335,0.19760521,0.351209871,14705.0,725.0
0.751393142347996,0.310239595,0.1929843165,0.26733075500000003,14705.0,725.0
0.7591035576639712,0.20518598,0.187252618,0.327426059,14705.0,725.0
0.7680976932681789,0.060282392,0.19478787050000002,0.3922505295,14705.0,725.0
0.7662355555367413,0.0,0.209252244,0.3873454275,14705.0,725.0
0.7378961885188341,0.0,0.21201098149999997,0.388451171,14705.0,725.0
0.7015667691442855,0.0,0.20951408,0.3614504635,14705.0,725.0
0.7005010762647645,0.0,0.18935988625,0.26013082025,14705.0,725.0
0.7385465676391634,0.0435545285,0.168037704,0.35196276049999997,14705.0,725.0
0.7668481199211397,0.254963444,0.1546081325,0.510489486,14705.0,725.0
0.7612331211234142,0.3678418165,0.1746932235,0.6742683485000001,14705.0,725.0
0.7541915429857011,0.409281416,0.2515522725,0.7863896765,14705.0,725.0
0.7538435175201131,0.338257048,0.328969344,0.837308474,14705.0,725.0
0.7636981442789418,0.150139449,0.420877717,0.856337632,14705.0,725.0
0.765452800506047,0.0013721145,0.5238588479999999,0.8620524995000001,14705.0,725.0
0.7397423686853407,0.0,0.6219680436666666,0.8859415866666667,14705.0,725.0
0.6965223784520991,0.0,0.6957847930000001,0.8952046245,14705.0,725.0
0.6761233452902475,0.0,0.7681229345,0.9151171255,14705.0,725.0
0.6954510813989868,0.0,0.7844156993333332,0.921056476,14705.0,725.0
0.8007342867075755,0.0,0.7424119254999999,0.902512082,14705.0,725.0
0.8054522808431135,0.0750093945,0.6677135795,0.8899270115,14705.0,725.0
0.7977806743576339,0.21495125099999998,0.6068645029999999,0.887799674,14705.0,725.0
0.7919578352387999,0.353807897,0.6225092105000001,0.901970749,14705.0,725.0
0.7903734885351322,0.34503231199999995,0.626418575,0.9077566955,14705.0,725.0
0.7930803570873831,0.144150765,0.5944743445,0.899058205,14705.0,725.0
0.7968975841199093,0.001581783,0.579187224,0.890880698,14705.0,725.0
0.7842309656557834,0.0,0.5718105796666667,0.9127063853333333,14705.0,725.0
0.7043852367888794,0.0,0.5875535966666666,0.925774595,14705.0,725.0
0.6855726468485189,0.0,0.611870607,0.9070190525999999,14705.0,725.0
0.7936352759990065,0.0038020556666666667,0.647438123,0.875896027,14705.0,725.0
0.7887676074650602,0.031255448,0.647902854,0.831938211,14705.0,725.0
0.7845001506550313,0.057349871,0.6503096605,0.7997818445,14705.0,725.0
0.7821134668110179,0.06407211675,0.6517205585,0.7643572857500001,14705.0,725.0
0.7794042199910727,0.0243689835,0.62820283,0.7246282310000001,14705.0,725.0
0.7789669579700628,0.0,0.608904245,0.716351161,14705.0,725.0
0.7774962217779245,0.0,0.5789494745,0.6896394905000001,14705.0,725.0
0.7272270257331815,0.0,0.5595982239999999,0.7416287800000001,14705.0,725.0
0.6756640836113498,0.0,0.4906510433333333,0.7816881786666667,14705.0,725.0
0.6945007853982177,0.0,0.3544200846666667,0.685945981,14705.0,725.0
0.794723153859114,0.0,0.2817009965,0.5124733859999999,14705.0,725.0
0.7996580277418988,0.034781883,0.251308344,0.396796032,14705.0,725.0
0.7919567469123547,0.093591095,0.240700896,0.406014835,14705.0,725.0
0.7815677649163848,0.14805711900000001,0.2396563485,0.42307190549999996,14705.0,725.0
0.777573176709206,0.197661042,0.2600848765,0.469287221,14705.0,725.0
0.7761894289690522,0.1822958335,0.287322579,0.6099505025,14705.0,725.0
0.7754917694686089,0.134741728,0.286207325,0.637765739,14705.0,725.0
0.7764623686082432,0.089249897,0.292392841,0.648946411,14705.0,725.0
0.7787401393481996,0.000844217,0.288238668,0.6633367745000001,14705.0,725.0
0.759911854021543,0.0,0.2375659893333333,0.5655050023333333,14705.0,725.0
0.6879124500419846,0.0,0.22035945099999998,0.5477887135,14705.0,725.0
0.6859819758891972,0.0,0.2364916224,0.580696216,14705.0,725.0
0.7987064069030192,0.0,0.28103786350000004,0.540339978,14705.0,725.0
0.7987936795003667,0.0733603055,0.3142216785,0.5442464410000001,14705.0,725.0
0.7846161747453224,0.2523317315,0.339487997,0.5008533465,14705.0,725.0
0.7765203926653648,0.392365151,0.379914769,0.435006462,14705.0,725.0
0.7739367419273018,0.38360823099999997,0.4209241,0.4363838025,14705.0,725.0
0.7741001886774915,0.185715427,0.4571988885,0.46634739849999995,14705.0,725.0
0.7741578025325365,0.00037345233333333335,0.4622520473333333,0.5152078489999999,14705.0,725.0
0.7409972505663895,0.0,0.445777403,0.565907175,14705.0,725.0
0.6828299605720556,0.0,0.44156556566666666,0.6154516746666666,14705.0,725.0
0.6882961015786371,0.0,0.42607050225000004,0.62297161525,14705.0,725.0
0.7901765101468641,0.0,0.437034814,0.6369706485,14705.0,725.0
0.7880014879855967,0.0823042375,0.4406304295,0.6277260385,14705.0,725.0
0.7808966090125508,0.214369591,0.456530362,0.616940341,14705.0,725.0
0.780130418393195,0.28827271125,0.48253397625,0.6178584277499999,14705.0,725.0
0.7775413489077907,0.149344985,0.5448781035,0.661167324,14705.0,725.0
0.7760270945692598,0.0087266905,0.5960043545,0.724762516,14705.0,725.0
0.7568771731217839,0.0,0.690348804,0.79893272325,14705.0,725.0
0.6602447004570233,0.0,0.77832001625,0.76857971825,14705.0,725.0
0.6493414583277795,0.0,0.793724861,0.8637943056666666,14705.0,725.0
0.6838968564095514,0.0013952363333333334,0.7683180219999999,0.8975401753333334,14705.0,725.0
0.7138715346671178,0.016191812,0.742512156,0.903954303,14705.0,725.0
0.718742752947072,0.035886577,0.7020650669999999,0.8962178105,14705.0,725.0
0.7187822715196661,0.0501778965,0.6198700455,0.8818813974999999,14705.0,725.0
0.7183029114577699,0.023594797,0.57942446,0.8599143145,14705.0,725.0
0.7203986119142798,0.006889096,0.6154300275,0.7702319185,14705.0,725.0
0.7219385180346398,0.0,0.632121382,0.664228047,14705.0,725.0
0.7067620127339869,0.0,0.6390215666000001,0.5278122328,14705.0,725.0
0.6526400794805114,0.0,0.6305936326000001,0.4106968014,14705.0,725.0
0.6663083474899303,0.0,0.6874823633333333,0.561482892,14705.0,725.0
0.7021919225972788,0.007090247,0.683056005,0.648490856,14705.0,725.0
0.7143741089081295,0.0639475685,0.6711660175,0.641724636,14705.0,725.0
0.7181504606360836,0.088959198,0.6250026533333334,0.7005455003333333,14705.0,725.0
0.7202640117173263,0.051499076500000004,0.617771919,0.7098533929999999,14705.0,725.0
0.7278199488800124,0.018348902,0.605717166,0.7927150055000001,14705.0,725.0
0.7382705042649059,0.0,0.601685963,0.799604378,14705.0,725.0
0.737527267806806,0.0,0.5627981113333334,0.635851272,14705.0,725.0
0.6973104659717205,0.0,0.3740680193333333,0.506822759,14705.0,725.0
0.6743585372866066,0.0,0.3189579435,0.4990590605,14705.0,725.0
0.6978192559961008,0.0,0.25228568300000004,0.381261767,14705.0,725.0
0.8039422385660941,0.0,0.1700816605,0.3566355715,14705.0,725.0
0.8107179763495292,0.005892757,0.162094897,0.364672091,14705.0,725.0
0.8060980218909894,0.0733625515,0.1623512145,0.40092500600000003,14705.0,725.0
0.8010051675355024,0.16420962,0.15201015633333334,0.42727713833333336,14705.0,725.0
0.7978956337312257,0.124923613,0.163461261,0.510373067,14705.0,725.0
0.8007256492684267,0.0284863325,0.1704620055,0.6158013515,14705.0,725.0
0.7993273956175441,0.0,0.17903882466666665,0.7204720313333333,14705.0,725.0
0.769570843453285,0.0,0.2063862005,0.7895805835,14705.0,725.0
0.704953833475232,0.0,0.25162489233333335,0.8361943943333334,14705.0,725.0
0.7209491531855154,0.0,0.27461731699999997,0.8261569719999999,14705.0,725.0
0.8188897909928881,0.003408378,0.26618454966666666,0.7225723579999999,14705.0,725.0
0.8140806194703594,0.20339668500000002,0.2897499865,0.654844298,14705.0,725.0
0.8032564582885956,0.39843820466666663,0.30212083166666664,0.6454218113333333,14705.0,725.0
0.797589233076091,0.3273291145,0.33197753249999995,0.6572688815,14705.0,725.0
0.7988604116187719,0.1039379415,0.363589004,0.6585094405,14705.0,725.0
0.7921163362304618,0.0,0.42750183700000005,0.692066906,14705.0,725.0
0.7546052828653833,0.0,0.45979189600000003,0.760230123,14705.0,725.0
0.6805327974288274,0.0,0.42060284550000004,0.813016237,14705.0,725.0
0.6947495563204082,0.0,0.3616586256666667,0.826032122,14705.0,725.0
0.798712449134045,0.00111505,0.3670265443333333,0.8466398723333333,14705.0,725.0
0.7961444087871928,0.02803858,0.365801845,0.854259869,14705.0,725.0
0.7947339917680023,0.085864817,0.3614461925,0.8628914685,14705.0,725.0
0.7910634023130582,0.17883894333333336,0.4441711483333333,0.8708433769999999,14705.0,725.0
0.7902728221703499,0.1579593045,0.4536138315,0.8785661655,14705.0,725.0
0.7910603101266872,0.03680173,0.454612526,0.892228868,14705.0,725.0
0.7926727538777102,0.0,0.4986382673333334,0.893485798,14705.0,725.0
0.7575424723589108,0.0,0.5148658045000001,0.898985127,14705.0,725.0
0.6909304993945053,0.0,0.5531190095,0.8974303115,14705.0,725.0
0.675963377042622,0.0,0.5352073165,0.905818601,14705.0,725.0
0.7052437006809321,0.0,0.5499352953333333,0.9078828313333333,14705.0,725.0
0.8120798509717492,0.0035271523333333336,0.5790894249999999,0.89526115,14705.0,725.0
0.8090438962502604,0.22661955749999999,0.565321779,0.8878333389999999,14705.0,725.0
0.8044609519323632,0.31234291150000004,0.605768474,0.877408867,14705.0,725.0
0.7999851579610464,0.2857956705,0.6206500214999999,0.865553887,14705.0,725.0
0.8008093249002746,0.2131511655,0.5825532145000001,0.856516719,14705.0,725.0
0.8067807732866114,0.046343941,0.560599107,0.849246962,14705.0,725.0
0.8028108823233765,0.0,0.5079011063333333,0.8375559006666666,14705.0,725.0
0.7735569599037424,0.0,0.4386005995,0.8318312175,14705.0,725.0
0.7081248304205836,0.0,0.42526534499999996,0.8420514863333333,14705.0,725.0
0.7180732532462033,0.0,0.352839822,0.8392945337500001,14705.0,725.0
0.8160016566834443,0.0,0.253476353,0.6929378365000001,14705.0,725.0
0.8164128411187864,0.036815423,0.21518984749999998,0.5733851745,14705.0,725.0
0.8114789607092573,0.1258618295,0.17668119599999998,0.5201343085,14705.0,725.0
0.8072135391007462,0.13626444,0.1898510145,0.604865095,14705.0,725.0
0.8047693875819131,0.081027513,0.2029366915,0.6661475775000001,14705.0,725.0
0.8060270300773749,0.01724887,0.20274002800000002,0.6217276715,14705.0,725.0
0.8016570928180516,0.0,0.21857184400000004,0.6669832283333333,14705.0,725.0
0.7693735337001618,0.0,0.19556203900000002,0.7482168295,14705.0,725.0
0.6846187163827938,0.0,0.16556667933333333,0.733329123,14705.0,725.0
0.6733734556388862,0.0,0.20966803425000002,0.73512216525,14705.0,725.0
0.7137138225309135,0.0012209506666666667,0.285393334,0.7096728426666666,14705.0,725.0
0.7593061918290033,0.08032178749999999,0.27968867,0.7496163849999999,14705.0,725.0
0.7553683022195266,0.165135877,0.2641083155,0.8153277485,14705.0,725.0
0.7485781139599412,0.198225242,0.29200855200000003,0.8615673099999999,14705.0,725.0
0.7568287921961456,0.043288686,0.3464463715,0.897739693,14705.0,725.0
0.7539171834481068,0.0,0.47483365899999996,0.91851941825,14705.0,725.0
0.7006401374610769,0.0,0.564349766,0.8839546455,14705.0,725.0
0.6641921146314963,0.0,0.5839875765,0.8424228765,14705.0,725.0
0.6532501069908082,0.0,0.5638543106666667,0.8812540966666668,14705.0,725.0
0.6650704957604269,0.0,0.5614498575,0.913178324,14705.0,725.0
0.7120466678190431,0.000790291,0.5834210225,0.8840191075,14705.0,725.0
0.7394826412532577,0.043361454,0.588269763,0.846713982,14705.0,725.0
0.7364347044476502,0.0683052775,0.6015040359999999,0.857915443,14705.0,725.0
0.7359328401558403,0.077346265,0.6178243880000001,0.904999055,14705.0,725.0
0.7438198592706715,0.0312478055,0.640464767,0.9066443445,14705.0,725.0
0.7532632545817693,0.0007799185,0.649753567,0.9027104165,14705.0,725.0
0.7345026401370552,0.0,0.70652768225,0.92197794175,14705.0,725.0
0.6945631477116332,0.0,0.754265312,0.9026822649999999,14705.0,725.0
0.699046703573311,0.0,0.7886907282,0.9256170495999999,14705.0,725.0
0.8124873752061316,0.0011125026666666666,0.7871570946666666,0.9297758066666666,14705.0,725.0
0.8120242248916275,0.120120205,0.782836401,0.931565897,14705.0,725.0
0.8096876493161101,0.2274848975,0.7538095069999999,0.9183347325,14705.0,725.0
0.8063267100319433,0.2648344325,0.7713780299999999,0.9255881525,14705.0,725.0
0.8061035119853259,0.2094016915,0.774053619,0.9303391775000001,14705.0,725.0
0.809034808983321,0.088189834,0.714290243,0.928691168,14705.0,725.0
0.8075070664383717,0.001799051,0.6344537029999999,0.905003878,14705.0,725.0
0.796775951472346,0.0,0.6394770545,0.8407517695,14705.0,725.0
0.759988067592996,0.0,0.5978488375,0.7629327020000001,14705.0,725.0
0.6860565994754285,0.0,0.502219263,0.7282467406666667,14705.0,725.0
0.6742127437919582,0.0,0.43424835100000003,0.753136538,14705.0,725.0
0.7420728387943725,0.0,0.46075170666666665,0.7331890496666666,14705.0,725.0
0.815348627265585,0.001180534,0.5173874635,0.6335271575,14705.0,725.0
0.8081614685351425,0.1715172525,0.5195392640000001,0.6719343805,14705.0,725.0
0.8055951162851229,0.3067431645,0.550274902,0.6768849065,14705.0,725.0
0.8064350908466847,0.29304473833333333,0.599144075,0.5623141433333333,14705.0,725.0
0.8109811666133804,0.0931081085,0.5667727045,0.48357045,14705.0,725.0
0.8108618533126983,0.0,0.537400947,0.466871517,14705.0,725.0
0.7902967701155159,0.0,0.53084656575,0.54771986825,14705.0,725.0
0.7153475480516732,0.0,0.555832925,0.6982363325000001,14705.0,725.0
0.7074153901056542,0.0,0.5451447487500001,0.73690459325,14705.0,725.0
0.7927535584401934,0.0,0.5384652815,0.748660843,14705.0,725.0
0.8220315077112494,0.000907916,0.522317986,0.7046432355,14705.0,725.0
0.8173088518935123,0.115568021,0.499743574,0.684647542,14705.0,725.0
0.8131658671136469,0.226186102,0.4630110335,0.6731405975,14705.0,725.0
0.8103764587516227,0.24702044233333334,0.460577159,0.672055066,14705.0,725.0
0.8111008587055122,0.1295279875,0.394304776,0.6674238925,14705.0,725.0
0.8111191272641685,0.002217042,0.3223768725,0.6087568775000001,14705.0,725.0
0.7853259978211766,0.0,0.30864372500000004,0.42855534549999996,14705.0,725.0
0.6990138580537785,0.0,0.34133842533333336,0.35809727166666666,14705.0,725.0
0.7145025569023457,0.0,0.361048559,0.24555342424999999,14705.0,725.0
0.8146345446325899,0.00038862466666666665,0.4245309163333333,0.296569235,14705.0,725.0
0.8116729102156488,0.1669851345,0.392062169,0.306273039,14705.0,725.0
0.8108452254242798,0.38015026700000004,0.3493971833333333,0.32553932,14705.0,725.0
0.8099687295542708,0.31604440450000004,0.3137828115,0.26734920900000003,14705.0,725.0
0.8135975916137255,0.077077702,0.277198715,0.179497775,14705.0,725.0
0.8143380831282088,0.0,0.241529293,0.120239477,14705.0,725.0
0.7960159847133771,0.0,0.174834658,0.06340398850000001,14705.0,725.0
0.719722498274459,0.0,0.1041941755,0.03640398225,14705.0,725.0
0.7205015499922451,0.0,0.0677076095,0.0200308445,14705.0,725.0
0.7987630584883324,0.0,0.06474865499999999,0.038918736499999995,14705.0,725.0
0.8238181812390465,0.0,0.0729775735,0.076566769,14705.0,725.0
0.8260977738643955,0.11847875999999999,0.081602708,0.10155447649999999,14705.0,725.0
0.8155745939691166,0.29196152599999997,0.118501787,0.08754143475000001,14705.0,725.0
0.8153000214260515,0.1657468335,0.13517762649999998,0.1143522635,14705.0,725.0
0.818051330768713,0.004889829,0.151256049,0.133692505,14705.0,725.0
0.8028352689541898,0.0,0.16900448040000002,0.1367648344,14705.0,725.0
0.7148497065292014,0.0,0.19869388500000001,0.11516327900000001,14705.0,725.0
0.7015290172641254,0.0,0.18913081133333334,0.178020154,14705.0,725.0
0.7046531597022362,0.0,0.209339004,0.276036674,14705.0,725.0
0.7348352761558526,0.0,0.23885826866666668,0.267286772,14705.0,725.0
0.7785836023836465,0.100556483,0.263716838,0.23003307,14705.0,725.0
0.7775694142683818,0.2934957875,0.297696576,0.200347159,14705.0,725.0
0.7718054984480445,0.39950386449999997,0.26642903900000003,0.149872898,14705.0,725.0
0.7710781167627356,0.336817363,0.23475665,0.1480028975,14705.0,725.0
0.7846496121515203,0.0800756235,0.21320413700000002,0.2005349005,14705.0,725.0
0.7852118036932966,0.0,0.20187000433333332,0.19762452133333333,14705.0,725.0
0.7535712167937829,0.0,0.1925849135,0.17876692849999998,14705.0,725.0
0.7203852813132704,0.0,0.188681362,0.119371124,14705.0,725.0
0.7149329444487862,0.0,0.16344899699999998,0.09850252599999999,14705.0,725.0
0.726707665722205,0.0,0.14917605466666667,0.101090163,14705.0,725.0
0.7604945229448705,0.097687025,0.152061495,0.13776271,14705.0,725.0
0.779860223594069,0.242054782,0.169977312,0.183829497,14705.0,725.0
0.7800707380295564,0.4144000605,0.15875772449999997,0.245412819,14705.0,725.0
0.7770918290794895,0.48049540749999997,0.148061853,0.31323544849999996,14705.0,725.0
0.7792112645792458,0.361897117,0.149033485,0.359597538,14705.0,725.0
0.7911273263904554,0.10481056450000001,0.17703285400000002,0.464711486,14705.0,725.0
0.8016543162567051,0.0,0.2209963505,0.5517752899999999,14705.0,725.0
0.7877270418789343,0.0,0.29111818999999994,0.6240834423333332,14705.0,725.0
0.7362818450945185,0.0,0.36375177280000004,0.6955439584,14705.0,725.0
0.7496896081932567,0.0,0.4306777863333333,0.7318933980000001,14705.0,725.0
0.8312215808038749,0.0,0.4615397885,0.6908030585,14705.0,725.0
0.8328388204398633,0.081197661,0.488935906,0.682222949,14705.0,725.0
0.8327244289427915,0.289913212,0.519304041,0.670789195,14705.0,725.0
0.8283046239651468,0.39258502533333334,0.598288458,0.6793265066666666,14705.0,725.0
0.8280554900603716,0.26352949,0.609929456,0.706538942,14705.0,725.0
0.8300541447273447,0.0575975085,0.5997068175,0.716602508,14705.0,725.0
0.8195983833934779,0.0,0.6254474414000001,0.6975622415999999,14705.0,725.0
0.7533060627789605,0.0,0.5927488075,0.6942559215,14705.0,725.0
0.7169654386124984,0.0,0.61191485125,0.7104019115,14705.0,725.0
0.7518526482704054,0.0,0.6178249195000001,0.666784869,14705.0,725.0
0.8216156852034541,0.0,0.6209800735,0.656842067,14705.0,725.0
0.8251974563820713,0.0780521345,0.636342132,0.6560458465000001,14705.0,725.0
0.8211406084465134,0.19457834899999998,0.62947482,0.6815687025,14705.0,725.0
0.8170709504289055,0.13722743966666665,0.6596316000000001,0.7218658050000001,14705.0,725.0
0.8181304157547022,0.01570927,0.6988750715,0.7366128605,14705.0,725.0
0.8096910002017845,0.0,0.651575842,0.6805443016,14705.0,725.0
0.7612319853703742,0.0,0.571761744,0.489653686,14705.0,725.0
0.7003704442862103,0.0,0.5019876274,0.46382022840000003,14705.0,725.0
0.7315583514621664,0.0,0.47133481749999995,0.558825519,14705.0,725.0
0.8122786120339025,0.0,0.439087545,0.5707329685,14705.0,725.0
0.8171159432869713,0.008762686,0.429098059,0.57387882,14705.0,725.0
0.8127454067405013,0.045602319,0.425911473,0.5510088925000001,14705.0,725.0
0.8124033209899373,0.0521049305,0.47090941249999996,0.5499719005,14705.0,725.0
0.8117139909664307,0.060955863,0.523116978,0.5967600985,14705.0,725.0
0.8108787019729512,0.031743308,0.524933161,0.599672102,14705.0,725.0
0.8111096144004935,0.000580073,0.499108203,0.5559952754999999,14705.0,725.0
0.8013961783749275,0.0,0.44015098175,0.6933013587500001,14705.0,725.0
0.7388333506664766,0.0,0.3771268335,0.8188093980000001,20632.0,1017.0
0.72362438291787,0.0,0.3767499445,0.7978332785,26559.0,1309.0
0.7870128804087173,0.0,0.404343856,0.6825789204999999,26559.0,1309.0
0.8617965494845115,0.0,0.4521303605,0.7251618154999999,26559.0,1309.0
0.8496230714420472,0.057375334,0.4863635585,0.768926511,26559.0,1309.0
0.8455206626338349,0.14741128299999998,0.5164747223333334,0.7386384069999999,26559.0,1309.0
0.8435059005974028,0.0837233265,0.5563272109999999,0.69558771,26559.0,1309.0
0.8453225326146272,0.0042945265,0.5844594765,0.6750420845,26559.0,1309.0
0.8394419377061354,0.0,0.6008849683333334,0.7532641823333334,26559.0,1309.0
0.7951214965256422,0.0,0.613131422,0.7916369969999999,26559.0,1309.0
0.7185201936062124,0.0,0.56368505925,0.802299189,26559.0,1309.0
0.7291448917846053,0.0,0.46701391449999996,0.703083221,26559.0,1309.0
0.8453221695630081,0.0,0.419827569,0.6601240986666667,26559.0,1309.0
0.8497211347287914,0.0107458455,0.3822741415,0.675170721,26559.0,1309.0
0.846546880087227,0.042202634,0.3396711985,0.6879453725,26559.0,1309.0
0.846431281904326,0.0394591085,0.31650464850000004,0.633631292,26559.0,1309.0
0.8522057516952916,0.0,0.318110819,0.61169841,26559.0,1309.0
0.8469189479024474,0.0,0.33238950933333333,0.5566814093333333,26559.0,1309.0
0.8066943842598424,0.0,0.3892941286666667,0.631012212,26559.0,1309.0
0.7384988138215131,0.0,0.37097535049999997,0.6866775155,26559.0,1309.0
0.7270072942807039,0.0,0.30065436125,0.6871617805,26559.0,1309.0
0.7517262040670806,0.0,0.2893945056666667,0.6164300813333333,26559.0,1309.0
0.7897988811664493,0.020483182,0.318935057,0.60641526,26559.0,1309.0
0.8015041450181174,0.16619236450000002,0.35553728399999995,0.6578156225,26559.0,1309.0
0.8004043879350653,0.171076393,0.424143569,0.709238303,26559.0,1309.0
0.7988110488176479,0.037268662,0.467236758,0.755343201,26559.0,1309.0
0.8010235305331423,0.00581281,0.50443353,0.774370289,26559.0,1309.0
0.806554924942464,0.0,0.5281837695,0.8230249455,26559.0,1309.0
0.7730142987579899,0.0,0.5499941906,0.866745907,26559.0,1309.0
0.6994249635138301,0.0,0.5610165113333333,0.872346108,26559.0,1309.0
0.6896568834562138,0.0,0.6259284217500001,0.8660531527499999,26559.0,1309.0
0.735425698671613,0.0,0.6880037649999999,0.8476030784999999,26559.0,1309.0
0.7709541651824974,0.004824935,0.703819785,0.861372534,26559.0,1309.0
0.7811341470803665,0.04429097,0.680140376,0.865408158,26559.0,1309.0
0.7811019881211996,0.0751195485,0.634217985,0.861369689,26559.0,1309.0
0.7824475659437184,0.042748451,0.5989455015,0.8490891005000001,26559.0,1309.0
0.7914479252012101,0.005071841,0.582790148,0.8481069935,26559.0,1309.0
0.7987053655889627,0.0,0.5647535405,0.8384086335000001,26559.0,1309.0
0.7768912221079916,0.0,0.5270184480000001,0.8309469666666667,26559.0,1309.0
0.727897456086052,0.0,0.46544412500000004,0.874914487,26559.0,1309.0
0.7178305323214026,0.0,0.4197475512500001,0.88188508775,26559.0,1309.0
0.8429722477847195,0.0,0.405413362,0.8635817383333334,26559.0,1309.0
0.8475200115792134,0.032844569000000004,0.384892962,0.850558849,26559.0,1309.0
0.8424045975592338,0.12977894966666667,0.34750558866666664,0.806866963,26559.0,1309.0
0.841266173580299,0.07905810733333334,0.34351656866666663,0.7633446090000001,26559.0,1309.0
0.8471568176802899,0.0,0.3267803765,0.621284114,26559.0,1309.0
0.8268885038116318,0.0,0.3011719805,0.5310943929999999,26559.0,1309.0
0.7423471825231017,0.0,0.27754809199999997,0.4586963876666667,26559.0,1309.0
0.7226513108644546,0.0,0.27744146849999995,0.503894627,26559.0,1309.0
0.8445650820539736,0.0,0.2688913126666666,0.46616368466666663,26559.0,1309.0
0.8488158003825641,0.022420143,0.24699861,0.351964572,26559.0,1309.0
0.8418782804050603,0.08944328133333333,0.22205911166666667,0.19540161533333333,26559.0,1309.0
0.8412603364503113,0.06571899049999999,0.190502954,0.1160172705,26559.0,1309.0
0.8441434066073257,0.010014382,0.19851135050000002,0.101363751,26559.0,1309.0
0.8304208220164642,0.0,0.2134390432,0.15775396960000002,26559.0,1309.0
0.7466696817278675,0.0,0.202896807,0.18954331000000002,26559.0,1309.0
0.711297550877387,0.0,0.17532292049999998,0.201027944,26559.0,1309.0
0.7715541401876462,0.0,0.1545271025,0.2415726085,26559.0,1309.0
0.8553918620536062,0.0,0.16640364149999998,0.2513218185,26559.0,1309.0
0.8444256698180181,0.039336523000000005,0.18443056200000002,0.306122148,26559.0,1309.0
0.8355310173989579,0.14093772766666665,0.21547972933333334,0.30674105,26559.0,1309.0
0.8348527146455472,0.057648210666666665,0.250436482,0.3337913126666667,26559.0,1309.0
0.8445135577184807,0.0,0.2959520655,0.3791911645,26559.0,1309.0
0.8241532858569784,0.0,0.37338700225,0.42264331099999997,26559.0,1309.0
0.7460340214201864,0.0,0.4094132545,0.4239163185,26559.0,1309.0
0.7175956774183683,0.0,0.40800844979999995,0.43624397740000004,26559.0,1309.0
0.8393569369600399,0.0,0.3988616,0.5115513316666667,26559.0,1309.0
0.8445122798927589,0.018138036,0.37947676399999997,0.544816474,26559.0,1309.0
0.8420982601395588,0.08557405033333333,0.32765037199999997,0.5117340756666667,26559.0,1309.0
0.8411454719299092,0.0509405175,0.2788485575,0.46105587449999996,26559.0,1309.0
0.8444711519224852,0.00342311,0.2467227525,0.4383385065,26559.0,1309.0
0.8402313662869384,0.0,0.20768049,0.40275407300000005,26559.0,1309.0
0.8103138914062031,0.0,0.180396497,0.37255587,26559.0,1309.0
0.745432058640114,0.0,0.1601271755,0.3043647195,26559.0,1309.0
0.7199266398803468,0.0,0.1409677822,0.28415991620000003,26559.0,1309.0
0.8444214577565065,0.0,0.13790638366666666,0.321290653,26559.0,1309.0
0.8495486719551061,0.026712342,0.14912743950000001,0.333263016,26559.0,1309.0
0.8424871688486683,0.12452332599999999,0.16477575225,0.24244993225,26559.0,1309.0
0.8414241853945936,0.059093851499999996,0.1924539305,0.158142054,26559.0,1309.0
0.8498604206318958,0.0,0.2379642175,0.1686821775,26559.0,1309.0
0.8285476521963333,0.0,0.308320473,0.1946140655,26559.0,1309.0
0.7471780774280705,0.0,0.4027068365,0.33237897,26559.0,1309.0
0.7068947955189729,0.0,0.456094635,0.4201384185,26559.0,1309.0
0.6979959939977233,0.0,0.533705561,0.514503085,26559.0,1309.0
0.7188407215877294,0.0,0.622907844,0.668592096,26559.0,1309.0
0.7719208205280835,0.019390705,0.7055574516666666,0.7445562646666666,26559.0,1309.0
0.7813058906680548,0.1002201822,0.7955595974,0.8627463406,26559.0,1309.0
0.790620800209343,0.0010026665,0.8386098195,0.8987976405,26559.0,1309.0
0.784160762752854,0.0,0.7598249478000001,0.8679918348,26559.0,1309.0
0.7178933128103614,0.0,0.7075486569999999,0.7769980466666665,26559.0,1309.0
0.7069815476072231,0.0,0.7089567348571428,0.764214105,26559.0,1309.0
0.7760286563332415,0.0053715595,0.6707279485,0.7342668825,26559.0,1309.0
0.7814853829191236,0.027681469333333333,0.6966855706666667,0.7247989169999999,26559.0,1309.0
0.779796449528303,0.025089190500000004,0.688502682,0.6819343179999999,26559.0,1309.0
0.7887913186914581,0.002177831,0.6721842405,0.6926317815,26559.0,1309.0
0.7827585998250957,0.0,0.6309167698,0.6776186639999999,26559.0,1309.0
0.7220658889895262,0.0,0.6042579887499999,0.62159310725,26559.0,1309.0
0.7173190997658558,0.0,0.5607790276666668,0.593261135,26559.0,1309.0
0.8392663198557914,0.0,0.5380146446666667,0.5982560913333334,26559.0,1309.0
0.8448773669205192,0.0079492605,0.5136822255,0.6238791180000001,26559.0,1309.0
0.8410498695449703,0.07249978225,0.3942170325,0.50176740525,26559.0,1309.0
0.8413616181182084,0.040130913000000004,0.325280491,0.4278116675,26559.0,1309.0
0.8423438601762254,0.0,0.256644748,0.38617786499999995,26559.0,1309.0
0.8109459073217897,0.0,0.2229319395,0.41424296949999995,26559.0,1309.0
0.7480037589117885,0.0,0.172203877,0.3225481155,26559.0,1309.0
0.7135614189977535,0.0,0.17882579450000002,0.34541888075,26559.0,1309.0
0.7745720000408904,0.0,0.19134085750000002,0.383816645,26559.0,1309.0
0.8562542070565217,0.0,0.19101794633333333,0.34615919266666667,26559.0,1309.0
0.8441513577070188,0.049072156,0.172528695,0.297577055,26559.0,1309.0
0.841742638825016,0.09331189466666667,0.14769872433333334,0.30143764966666664,26559.0,1309.0
0.8445054647532091,0.020375882,0.137824317,0.3693918865,26559.0,1309.0
0.8504479957570719,0.0,0.128526202,0.394266856,26559.0,1309.0
0.8451838777544682,0.0,0.1310725256666667,0.44332155033333337,26559.0,1309.0
0.8150193671988325,0.0,0.146701777,0.4942946095,26559.0,1309.0
0.7534082432740266,0.0,0.1515770035,0.5051939845,26559.0,1309.0
0.7192123278048034,0.0,0.186671537,0.6933645735,26559.0,1309.0
0.78196354399252,0.0,0.212415694,0.8314124675,26559.0,1309.0
0.8589985591869517,0.0,0.24763304266666666,0.8553683946666667,26559.0,1309.0
0.8475839041079151,0.026170372,0.271559592,0.85933042,26559.0,1309.0
0.8473239324323202,0.0452432755,0.27542597950000003,0.8510929545,26559.0,1309.0
0.8454940959398345,0.026969642,0.330002274,0.866229284,26559.0,1309.0
0.8431892301170028,0.005859449500000001,0.3805180885,0.8830824775,26559.0,1309.0
0.8480852007303082,0.0,0.425019358,0.897397323,26559.0,1309.0
0.8414322627581033,0.0,0.453291108,0.9021589616666666,26559.0,1309.0
0.809697777690003,0.0,0.4774321065,0.889495759,26559.0,1309.0
0.7413302018305223,0.0,0.45697325099999997,0.866267122,26559.0,1309.0
0.7080779323871882,0.0,0.46390367475,0.89410209925,26559.0,1309.0
0.7657165822561642,0.0,0.429052255,0.90821915,26559.0,1309.0
0.8484026755988934,0.0,0.41106569099999996,0.914947216,26559.0,1309.0
0.8360110163737149,0.035613886,0.39043678849999996,0.915086422,26559.0,1309.0
0.8315420611516939,0.059124479,0.37814462525000003,0.903757685,26559.0,1309.0
0.839034792125134,0.003982052,0.3757307555,0.8754676505,26559.0,1309.0
0.836615045904001,0.0,0.39996579699999996,0.8506482846666668,26559.0,1309.0
0.8072879383805844,0.0,0.44056232100000003,0.812035587,26559.0,1309.0
0.7414669556919294,0.0,0.4914935925,0.8281048435,26559.0,1309.0
0.71513767754094,0.0,0.4774021628,0.8774406912,26559.0,1309.0
0.8393343142671905,0.0,0.43799785500000005,0.8969927990000001,26559.0,1309.0
0.8473968643871603,0.0,0.444019805,0.908357024,26559.0,1309.0
0.842321237483376,0.045424284,0.455458442,0.910097374,26559.0,1309.0
0.8417267997920552,0.103903723,0.45714277550000004,0.9123789449999999,26559.0,1309.0
0.8404444517685281,0.1055254035,0.436036752,0.878733258,26559.0,1309.0
0.8414801270307053,0.031436183,0.4142502825,0.860641574,26559.0,1309.0
0.847601983374398,0.0,0.406118465,0.888686487,26559.0,1309.0
0.8434421499342796,0.0,0.38398690333333335,0.892500556,26559.0,1309.0
0.8004926700906708,0.0,0.35466552400000007,0.8638794276666667,26559.0,1309.0
0.709954919302634,0.0,0.32458890450000005,0.7692281409999999,26559.0,1309.0
0.7079277573862289,0.0,0.3007882783333334,0.5711914153333334,26559.0,1309.0
0.7639647422161193,0.0,0.27127828933333337,0.3909514313333333,26559.0,1309.0
0.7999029494470937,0.0641363105,0.22881517899999998,0.2559035385,26559.0,1309.0
0.7989994135836163,0.1229548575,0.187408181,0.165793095,26559.0,1309.0
0.7975965216531773,0.0841832345,0.1513483275,0.1042779965,26559.0,1309.0
0.8099774378226572,0.0025923635,0.10151408149999999,0.068151994,26559.0,1309.0
0.8178537844348903,0.0,0.09066618766666668,0.05454610333333334,26559.0,1309.0
0.7722818294209609,0.0,0.09476735875,0.0493463595,26559.0,1309.0
0.728181509875062,0.0,0.10968020849999999,0.066989677,26559.0,1309.0
0.7298889802645885,0.0,0.1540001405,0.094676362,26559.0,1309.0
0.7757721078637004,0.0,0.170208342,0.14065537733333333,26559.0,1309.0
0.8078901380865279,0.051309215,0.173750747,0.16771365,26559.0,1309.0
0.8042011219152437,0.19896427500000002,0.17518496233333333,0.19969361933333332,26559.0,1309.0
0.8021501227847617,0.131637812,0.1638217485,0.197820498,26559.0,1309.0
0.816262622660707,0.002525297,0.1532321595,0.174059142,26559.0,1309.0
0.8165031236687934,0.0,0.1314832414,0.1932031824,26559.0,1309.0
0.7614172855291924,0.0,0.1467198995,0.3074162425,26559.0,1309.0
0.7854727378802435,0.0,0.15329308075,0.33902616324999996,26559.0,1309.0
0.8732444288607235,0.0,0.15358790933333336,0.3400280163333333,26559.0,1309.0
0.8654642680081597,0.063645651,0.160331889,0.342907408,26559.0,1309.0
0.8610435636510714,0.2666189095,0.18051950049999999,0.36300909000000003,26559.0,1309.0
0.8587338703255444,0.227179381,0.17583222433333334,0.33342421999999994,26559.0,1309.0
0.8644045503618331,0.0028965705,0.184617513,0.358921107,26559.0,1309.0
0.8638902070766908,0.0,0.20510262933333334,0.380070009,26559.0,1309.0
0.8371352418518583,0.0,0.21815939099999998,0.361775379,26559.0,1309.0
0.7782638557328436,0.0,0.21496431333333332,0.22922074,26559.0,1309.0
0.7641698491913811,0.0,0.19450335925,0.20555301575,26559.0,1309.0
0.8737796750551183,0.0,0.19233741166666665,0.24575952599999998,26559.0,1309.0
0.8693260779037779,0.029201459,0.20276001049999998,0.282005585,26559.0,1309.0
0.8654077269468324,0.2718941143333333,0.1927379836666667,0.29722292433333336,26559.0,1309.0
0.8638436681254396,0.20055740700000002,0.18978185,0.406064004,26559.0,1309.0
0.8744748266068504,0.001632044,0.23388217866666663,0.437543448,26559.0,1309.0
0.8698071181925916,0.0,0.294326918,0.3145790885,26559.0,1309.0
0.8283898454830769,0.0,0.33502192233333333,0.17943952333333332,26559.0,1309.0
0.7583738569631462,0.0,0.3637770924,0.1158190522,26559.0,1309.0
0.8182316497889015,0.0,0.3535681385,0.14218025499999998,26559.0,1309.0
0.8711339542260209,0.0,0.3387297173333333,0.14303432766666666,26559.0,1309.0
0.8615353946292814,0.0839732505,0.32104919649999997,0.129772016,26559.0,1309.0
0.8583188997705977,0.2193178345,0.294206623,0.12449749700000001,26559.0,1309.0
0.8580227223425454,0.131974372,0.25187597100000003,0.11275294599999999,26559.0,1309.0
0.8641797903441308,0.0014977995,0.2056490915,0.106373569,26559.0,1309.0
0.8630926383801586,0.0,0.174808345,0.11193043233333333,26559.0,1309.0
0.8359030614318463,0.0,0.156848893,0.11160964500000001,26559.0,1309.0
0.7853751951469761,0.0,0.162477735,0.1075568385,26559.0,1309.0
0.7663685705670702,0.0,0.15854943459999998,0.0941513746,26559.0,1309.0
0.85934032945056,0.0,0.151079292,0.088956531,26559.0,1309.0
0.8793677365824806,0.0,0.14378320566666666,0.09087907033333333,26559.0,1309.0
0.8721207397104046,0.045872996,0.138618083,0.095158613,26559.0,1309.0
0.8660597153267725,0.29985986833333333,0.14613458166666668,0.10611372633333334,26559.0,1309.0
0.8660535941894907,0.20478123999999998,0.13623770349999997,0.10974682399999999,26559.0,1309.0
0.8734788592784752,0.003941957,0.140513601,0.119702223,26559.0,1309.0
0.8792421914134275,0.0,0.13745641633333333,0.16205180433333333,26559.0,1309.0
0.8538474915512041,0.0,0.14947234699999998,0.2192977673333333,26559.0,1309.0
0.7949438670835258,0.0,0.186161371,0.237524304,26559.0,1309.0
0.7694379231104636,0.0,0.222285416,0.3144975632,26559.0,1309.0
0.8779323144952027,0.0,0.2527149695,0.48537305099999994,26559.0,1309.0
0.8738156759136403,0.011545263666666666,0.2905209733333333,0.598987839,26559.0,1309.0
0.8736618525165943,0.24380129475,0.33763825350000004,0.625797055,26559.0,1309.0
0.8740977183524983,0.059263277,0.3377498775,0.633563945,26559.0,1309.0
0.8762308077411005,0.0,0.34476154625,0.6917752862500001,26559.0,1309.0
0.8476212458205157,0.0,0.36307949549999996,0.7536632245,26559.0,1309.0
0.7827281489965281,0.0,0.4055807493333334,0.7751880733333333,26559.0,1309.0
0.7566401552967902,0.0,0.38568357125,0.79124765925,26559.0,1309.0
0.7928250469904359,0.0,0.36401668750000005,0.74277646375,26559.0,1309.0
0.8291625829400018,0.023378895,0.340747635,0.63323403,26559.0,1309.0
0.8295950332671812,0.19174501333333335,0.3547912693333333,0.6161135853333334,26559.0,1309.0
0.8279083320328645,0.09350691500000001,0.3638877276666667,0.6370382426666666,26559.0,1309.0
0.8452737376900233,0.0,0.363668468,0.652810256,26559.0,1309.0
0.8343820299778825,0.0,0.36395544339999997,0.6087072584000001,26559.0,1309.0
0.7739999168439896,0.0,0.310510509,0.444574815,26559.0,1309.0
0.7562790320140036,0.0,0.26547195,0.41261044449999995,26559.0,1309.0
0.7928941455716624,0.0,0.24889504099999998,0.4213362625,26559.0,1309.0
0.830964543156967,0.09533380250000001,0.22928561,0.424807213,26559.0,1309.0
0.8274364103525826,0.23353580633333335,0.1950562693333333,0.409022153,26559.0,1309.0
0.8384426891753535,0.03372658866666666,0.19898905433333333,0.46262190833333333,26559.0,1309.0
0.8426101739680399,0.0,0.21819218875000002,0.5039983115,26559.0,1309.0
0.7982965479270965,0.0,0.24568285,0.5339929665,26559.0,1309.0
0.7702639201777851,0.0,0.28925087766666663,0.5999262049999999,26559.0,1309.0
0.7731681300318547,0.0,0.26325580899999995,0.568381428,26559.0,1309.0
0.8796494633272799,0.0,0.227651195,0.5103818285,26559.0,1309.0
0.8741067577786366,0.0,0.19747096349999999,0.432697175,26559.0,1309.0
0.8742622298193874,0.066692468,0.183149346,0.3535990995,26559.0,1309.0
0.8747812743434084,0.194234401,0.18529308649999998,0.38498278649999995,26559.0,1309.0
0.87378762629288,0.1259944895,0.174785739,0.418890198,26559.0,1309.0
0.8774896572330462,0.000888036,0.1574382675,0.36556728,26559.0,1309.0
0.8750629537996816,0.0,0.140510957,0.22268113733333336,26559.0,1309.0
0.8384382404641078,0.0,0.13721888233333332,0.13484864900000001,26559.0,1309.0
0.7687587804437939,0.0,0.11320016875,0.0645928875,26559.0,1309.0
0.7776873550972554,0.0,0.0923065325,0.049284185499999994,26559.0,1309.0
0.8796975485097851,0.0,0.0990667525,0.07741281250000001,26559.0,1309.0
0.8740211417984606,0.0,0.11390831300000001,0.14723618100000002,26559.0,1309.0
0.8733718984311712,0.014930804,0.127555036,0.251052108,26559.0,1309.0
0.8748501363094183,0.1591031015,0.15661907749999998,0.410332588,26559.0,1309.0
0.8734825193413661,0.15236225233333334,0.18536380433333333,0.5166701383333333,26559.0,1309.0
0.8770867554693551,0.00051819,0.21137223900000002,0.600822049,26559.0,1309.0
0.8753768635966342,0.0,0.241913511,0.6557020173333333,26559.0,1309.0
0.8482402937725062,0.0,0.26838018750000003,0.6838921855,26559.0,1309.0
0.7953269387316821,0.0,0.2937767905,0.6980947065,26559.0,1309.0
0.7694782086270143,0.0,0.285147121,0.7065478049999999,26559.0,1309.0
0.8630294400608279,0.0,0.310072601,0.663280626,26559.0,1309.0
0.881022570320634,0.0,0.353469706,0.6420168673333333,26559.0,1309.0
0.8739706902566853,0.0367934725,0.415933463,0.641908447,26559.0,1309.0
0.8739591423985954,0.1024035025,0.4627728655,0.629288942,26559.0,1309.0
0.87067780834324,0.0358677495,0.5173244265,0.6187809390000001,26559.0,1309.0
0.8715376605850005,0.0,0.561525404,0.6145005800000001,26559.0,1309.0
0.8618768176501357,0.0,0.6157597763333333,0.607156872,26559.0,1309.0
0.8273294336273793,0.0,0.671557422,0.565628199,26559.0,1309.0
0.7643863503542813,0.0,0.7009169630000001,0.622863397,26559.0,1309.0
0.7524616944574914,0.0,0.7357586723333333,0.7251923539999999,26559.0,1309.0
0.8574602781350673,0.0,0.7012643525,0.7744818975000001,26559.0,1309.0
0.8582551018879827,0.0,0.6706029124999999,0.8126768449999999,26559.0,1309.0
0.8510814315710615,0.001489446,0.64771323,0.816606693,26559.0,1309.0
0.8477362050905561,0.01836718325,0.61347015675,0.8408259627500001,26559.0,1309.0
0.8468691592284507,0.001618572,0.6260367925,0.8278421604999999,26559.0,1309.0
0.8470819686762128,0.0,0.69122746875,0.85515316625,26559.0,1309.0
0.8144866926028147,0.0,0.7565580199999999,0.8796028499999999,26559.0,1309.0
0.7430550336328977,0.0,0.7527204980000001,0.848794487,26559.0,1309.0
0.7161503229042818,0.0,0.7523125500000001,0.8519734313333333,26559.0,1309.0
0.7768831367364979,0.0,0.7432689815,0.8840332805,26559.0,1309.0
0.8569645347044017,0.0,0.736261603,0.8647046556666668,26559.0,1309.0
0.8471713946273596,0.0141569355,0.7595447805,0.8557232705,26559.0,1309.0
0.8465070379161418,0.06291152866666667,0.7892553986666666,0.8424049813333333,26559.0,1309.0
0.8461811068235628,0.0069232145,0.7988322925,0.8625704615,26559.0,1309.0
0.8517862379901158,0.0,0.799611866,0.881695603,26559.0,1309.0
0.8454631749735722,0.0,0.7978152866666667,0.8883205403333334,26559.0,1309.0
0.8022910019315092,0.0,0.7826168189999999,0.8980565136666666,26559.0,1309.0
0.7375774984386779,0.0,0.7648777051666666,0.8979556466666665,27694.833333333332,1365.6666666666667
0.7647851820255905,0.0,0.732406597,0.9071890345,27922.0,1377.0
0.8149641357190256,0.0104477315,0.7043444735,0.9080305854999999,27922.0,1377.0
0.8153326067068146,0.0520679025,0.6623551212500001,0.89467245725,27922.0,1377.0
0.8290848706329239,0.0,0.56694898,0.8955077575,27922.0,1377.0
0.8305165945779663,0.0,0.5161869798,0.9085922562000001,27922.0,1377.0
0.78143860718007,0.0,0.485969575,0.906852215,27922.0,1377.0
0.7557246218509839,0.0,0.47820630399999997,0.91102335925,27922.0,1377.0
0.7490739360207255,0.0,0.48980952566666663,0.8877418796666667,27922.0,1377.0
0.8001505213807842,0.00034731366666666667,0.5575280653333333,0.844374052,27922.0,1377.0
0.817075691051878,0.02610678125,0.63019837825,0.8390856867500001,27922.0,1377.0
0.8241179398927679,0.0008774346666666666,0.6178343213333334,0.8412938306666667,27922.0,1377.0
0.8277439592973945,0.0,0.48862070100000005,0.7858467862,27922.0,1377.0
0.7709087936020161,0.0,0.36685856366666664,0.691484424,27922.0,1377.0
0.7598262773564262,0.0,0.27803385225,0.616291516,27922.0,1377.0
0.856141061836476,0.0,0.26099198,0.5736151135,27922.0,1377.0
0.8683935460277077,0.0,0.28292806966666667,0.5400195933333333,27922.0,1377.0
0.8644417974283469,0.01328375,0.2875352955,0.4744732565,27922.0,1377.0
0.8632913837024812,0.010462800333333333,0.27586699933333336,0.46407342300000004,27922.0,1377.0
0.8683784798342367,0.0,0.2748352215,0.41008922950000004,27922.0,1377.0
0.8683035598973703,0.0,0.2943160676666667,0.35778210899999996,27922.0,1377.0
0.8494720009620846,0.0,0.371396459,0.3058002615,27922.0,1377.0
0.7888787490322834,0.0,0.4750771063333333,0.3289305536666667,27922.0,1377.0
0.7757867519121533,0.0,0.613140817,0.35736487949999995,27922.0,1377.0
0.8682965554656471,0.0,0.6518611235,0.436232801,27922.0,1377.0
0.8734976957136513,0.0,0.6568232895,0.5244598165000001,27922.0,1377.0
0.8724522238566426,0.0381836445,0.6595265035,0.613118151,27922.0,1377.0
0.8727694150976222,0.09260133599999999,0.67419642175,0.68209094625,27922.0,1377.0
0.8790157435750301,0.0,0.659310429,0.684276648,27922.0,1377.0
0.8802830570228162,0.0,0.627318034,0.7262079273333333,27922.0,1377.0
0.8613638785235661,0.0,0.593508224,0.7668820935,27922.0,1377.0
0.8019055323753873,0.0,0.5624780693333333,0.7559288009999999,27922.0,1377.0
0.790103826301459,0.0,0.47837930875,0.775531752,27922.0,1377.0
0.8803717809291938,0.0,0.41434629700000003,0.6316302715,27922.0,1377.0
0.8856464214227644,0.0,0.36486377950000004,0.6674032585,27922.0,1377.0
0.8861854381350016,0.003131439,0.393598726,0.780756316,27922.0,1377.0
0.8783923410746404,0.08458641,0.421858859,0.751440415,27922.0,1377.0
0.8754690267940682,0.070505677,0.3660372456666667,0.6073113299999999,27922.0,1377.0
0.8833915339112745,0.0,0.3130241365,0.5280785505000001,27922.0,1377.0
0.8867968825061906,0.0,0.2791983,0.5093423723333333,27922.0,1377.0
0.8547904199305622,0.0,0.2542408016666667,0.4574969096666666,27922.0,1377.0
0.7853388473218371,0.0,0.20453500475,0.40056440224999995,27922.0,1377.0
0.7967297121991854,0.0,0.195694375,0.4026038735,27922.0,1377.0
0.8821603945982159,0.0,0.183512004,0.26454171649999997,27922.0,1377.0
0.8877435181679314,0.0,0.184444984,0.18538438000000002,27922.0,1377.0
0.8857145736466756,0.010980708499999998,0.1963687875,0.1996951865,27922.0,1377.0
0.8799613301563505,0.027597721500000002,0.21645639675,0.22223106175000001,27922.0,1377.0
0.8829150370488275,0.0,0.26792491350000003,0.30158219799999997,27922.0,1377.0
0.8771177079497957,0.0,0.29218588525,0.32566733625,27922.0,1377.0
0.8323872181905521,0.0,0.289693778,0.31039971450000003,27922.0,1377.0
0.7796359212050383,0.0,0.2604719113333333,0.2692192426666667,27922.0,1377.0
0.7793564820513216,0.0,0.22586472833333335,0.24949895666666666,27922.0,1377.0
0.8675058965547515,0.0,0.187716566,0.2286186885,27922.0,1377.0
0.8730346874718288,0.0,0.1660019165,0.2340893915,27922.0,1377.0
0.8723204156156946,0.0044776695,0.161386922,0.258759944,27922.0,1377.0
0.8722347051965348,0.0205194145,0.16516321,0.22272622199999997,27922.0,1377.0
0.8715144225890361,0.0063799665000000005,0.196351406,0.214698773,27922.0,1377.0
0.8763757964333576,0.0,0.2480138555,0.24876568500000001,27922.0,1377.0
0.8763618822159979,0.0,0.29801939266666666,0.3549432156666667,27922.0,1377.0
0.8402052726853029,0.0,0.29847558,0.400776969,27922.0,1377.0
0.7764670541072913,0.0,0.293918115,0.41697979100000004,27922.0,1377.0
0.7649120799571466,0.0,0.265694123,0.3758125921666667,27922.0,1377.0
0.8151693178036544,0.0,0.2329284276666667,0.3016754623333333,27922.0,1377.0
0.8311541385291652,0.02037044,0.207686463,0.29399474400000003,27922.0,1377.0
0.8325205643786326,0.0190797625,0.19848901675,0.32773276875,27922.0,1377.0
0.8516344099272537,0.0,0.199044026,0.372275856,27922.0,1377.0
0.8521785540964143,0.0,0.21534201966666666,0.425913306,27922.0,1377.0
0.8114994065421132,0.0,0.24087529824999998,0.56247639925,27922.0,1377.0
0.7745450704333395,0.0,0.311430106,0.637898243,27922.0,1377.0
0.7694513736241296,0.0,0.3715070692,0.6302546452,27922.0,1377.0
0.8065616454359271,0.0,0.409780947,0.598198966,27922.0,1377.0
0.8281715377604085,0.001108285,0.422699697,0.571029559,27922.0,1377.0
0.8300601080521145,0.040409469499999996,0.474765004,0.5518023065,27922.0,1377.0
0.8294381256572311,0.04566365533333334,0.4825494576666667,0.6394296976666667,27922.0,1377.0
0.8437613290537341,0.0,0.5021440835,0.6357032235,27922.0,1377.0
0.8420958812160381,0.0,0.5152479976,0.6084398034,27922.0,1377.0
0.7897470098643394,0.0,0.551978638,0.6172184156666666,27922.0,1377.0
0.7802020727294162,0.0,0.54477844625,0.7516520675,27922.0,1377.0
0.8682418918623601,0.0,0.559376914,0.7800289915,27922.0,1377.0
0.8734836868502048,0.0,0.567820404,0.796214982,27922.0,1377.0
0.8696504155456111,0.017334861,0.5805589689999999,0.7647411005,27922.0,1377.0
0.8653916039756117,0.077473723,0.5937383343333335,0.7553465816666667,27922.0,1377.0
0.8647033310750266,0.011387339,0.580067838,0.7453921445,27922.0,1377.0
0.8725310721238636,0.0,0.566439549,0.722647245,27922.0,1377.0
0.8703057168837568,0.0,0.5336455613333334,0.6579146296666666,27922.0,1377.0
0.839618439058024,0.0,0.47651046666666663,0.5068643046666667,27922.0,1377.0
0.7833781968900713,0.0,0.440584545,0.4259812285,27922.0,1377.0
0.7805166846056554,0.0,0.3831368425,0.38777660125,27922.0,1377.0
0.8755196832297787,0.0,0.3090654465,0.176555033,27922.0,1377.0
0.8827254891032241,0.0,0.269518082,0.1237478715,27922.0,1377.0
0.8841847010470185,0.0231249585,0.244100122,0.0775951325,27922.0,1377.0
0.8782132054411899,0.08827201325,0.1850130325,0.04432474875,27922.0,1377.0
0.8912274151448749,0.0,0.155807385,0.0635835025,27922.0,1377.0
0.8956446016498226,0.0,0.14804827099999998,0.108930356,27922.0,1377.0
0.8649370674905104,0.0,0.15115495666666665,0.18339918566666666,27922.0,1377.0
0.7933986367583596,0.0,0.17363737999999998,0.36420206850000003,27922.0,1377.0
0.8851113802603736,0.0,0.1590221745,0.4290742575,27922.0,1377.0
0.8915735553515415,0.0,0.162552952,0.4465607483333333,27922.0,1377.0
0.8922632324797335,0.0768074495,0.199953577,0.4786152255,27922.0,1377.0
0.8911283579706692,0.11482485399999999,0.20130007649999998,0.48464455100000003,27922.0,1377.0
0.8919479816906337,0.0093366875,0.20043028699999998,0.4783389135,27922.0,1377.0
0.9029955304182913,0.0,0.192863991,0.481419531,27922.0,1377.0
0.9022389159325872,0.0,0.19021851933333334,0.5097659276666667,27922.0,1377.0
0.8831821082164384,0.0,0.1952656855,0.5380155360000001,27922.0,1377.0
0.8143145770718837,0.0,0.21033280799999998,0.579477226,27922.0,1377.0
0.7947729782929015,0.0,0.20329454425,0.539565831,27922.0,1377.0
0.8874288826819465,0.0,0.1862022985,0.49556956249999995,27922.0,1377.0
0.8929872537112076,0.0,0.1862125725,0.5122375225,27922.0,1377.0
0.8941428103576899,0.014412921,0.19705731599999998,0.5303362755,27922.0,1377.0
0.8933602444120661,0.101486658,0.19679951066666668,0.5215182893333333,27922.0,1377.0
0.8946461419744981,0.0081233315,0.1934793865,0.486843136,27922.0,1377.0
0.9029249172925747,0.0,0.18602247374999997,0.47966831175,27922.0,1377.0
0.8836964198148163,0.0,0.1770126215,0.44027695499999997,27922.0,1377.0
0.8148848775258651,0.0,0.19282904966666667,0.480986731,27922.0,1377.0
0.7968518772050983,0.0,0.17393858675,0.463726498,27922.0,1377.0
0.8909647931717499,0.0,0.15653435,0.4233552475,27922.0,1377.0
0.8966548301621744,0.0,0.1590848265,0.3966691615,27922.0,1377.0
0.8972755349384394,0.0171351345,0.1754180155,0.426100005,27922.0,1377.0
0.8951891815251081,0.12987437500000001,0.1742780203333333,0.4453994846666667,27922.0,1377.0
0.8966518957192813,0.0096240935,0.165434204,0.43173231450000005,27922.0,1377.0
0.9045571835998718,0.0,0.18052081425,0.42271802300000005,27922.0,1377.0
0.8851399662779929,0.0,0.20660754850000002,0.4269738905,27922.0,1377.0
0.8122253368493574,0.0,0.23459048066666666,0.43973401533333334,27922.0,1377.0
0.7826115425048906,0.0,0.24285351580000003,0.432402957,27922.0,1377.0
0.815372322545049,0.0,0.2848221016666666,0.4269929256666667,27922.0,1377.0
0.8468544872210884,0.0,0.322383235,0.418127126,27922.0,1377.0
0.847100663142259,0.063404171,0.36156697475,0.47203237475,27922.0,1377.0
0.8548755784891698,0.0027093053333333336,0.36426477566666665,0.46499043,27922.0,1377.0
0.8551088983376104,0.0,0.4476702372,0.4924151062,27922.0,1377.0
0.7909213239707077,0.0,0.544211887,0.4906828283333334,27922.0,1377.0
0.7712508279565105,0.0,0.5962887355,0.59664547125,27922.0,1377.0
0.793119213240922,0.0,0.64134102625,0.67465955725,27922.0,1377.0
0.8338524881052028,0.007265264,0.6714066835,0.7275336715,27922.0,1377.0
0.8330509910783159,0.07181214450000001,0.6797694295000001,0.7564876265,27922.0,1377.0
0.8338925275419284,0.0326584215,0.6639310945,0.7700514380000001,27922.0,1377.0
0.8471280423704972,0.0,0.642174542,0.7599345915,27922.0,1377.0
0.8536580538534494,0.0,0.5955803116666667,0.7507991683333333,27922.0,1377.0
0.8335409761471814,0.0,0.513439611,0.755984752,27922.0,1377.0
0.7916030816169366,0.0,0.4130266966666667,0.7069946133333334,27922.0,1377.0
0.7830526996783491,0.0,0.300733429,0.64203364025,27922.0,1377.0
0.8772619629795539,0.0,0.21749710849999998,0.5382647445,27922.0,1377.0
0.8838680146887192,0.0,0.1617763693333333,0.44261692733333335,27922.0,1377.0
0.8862364577603999,0.025648574,0.1266004465,0.299220213,27922.0,1377.0
0.8862703443730793,0.0417781275,0.1087321105,0.198873419,27922.0,1377.0
0.8879765132235866,0.005511778,0.09651156450000001,0.1577391615,27922.0,1377.0
0.8966261494984685,0.0,0.092206329,0.149590198,27922.0,1377.0
0.8974322056915525,0.0,0.09447728466666667,0.16440838633333332,27922.0,1377.0
0.8671906300258211,0.0,0.105056522,0.1724719796666667,27922.0,1377.0
0.7954870172961904,0.0,0.108379061,0.184012323,27922.0,1377.0
0.8863136494104497,0.0,0.13641003899999998,0.226822057,27922.0,1377.0
0.8916099661360029,0.0,0.1602185365,0.2577271545,27922.0,1377.0
0.8914353737218159,0.0089972625,0.197920198,0.33746999749999995,27922.0,1377.0
0.8894723332174826,0.05529011749999999,0.2718007175,0.462423249,27922.0,1377.0
0.8916772665451342,0.0,0.3733662045,0.495847914,27922.0,1377.0
0.8918609932386492,0.0,0.4345300065,0.5376526804999999,27922.0,1377.0
0.8670990978022982,0.0,0.492229116,0.6758694763333333,27922.0,1377.0
0.8040304104048166,0.0,0.532216196,0.7126636275,27922.0,1377.0
0.7791070674805141,0.0,0.5901265594,0.7697560404000001,27922.0,1377.0
0.868317805686688,0.0,0.631759433,0.809957531,27922.0,1377.0
0.8728438776474373,0.0,0.649514233,0.8114841476666665,27922.0,1377.0
0.8712578583796645,0.0071161135,0.6678239575,0.8038676250000001,27922.0,1377.0
0.8710233252733249,0.005327251999999999,0.67609483975,0.8039006077499999,27922.0,1377.0
0.8758624078932036,0.0,0.6780062757499999,0.80661654975,27922.0,1377.0
0.852694837729885,0.0,0.652688908,0.788736825,27922.0,1377.0
0.7921169041069818,0.0,0.6505454533333334,0.7517053703333333,27922.0,1377.0
0.7756121711992877,0.0,0.664209249,0.7583209135000001,27922.0,1377.0
0.86857455898113,0.0,0.656799288,0.774885568,27922.0,1377.0
0.8741030189475583,0.0,0.6562006625000001,0.79368205,27922.0,1377.0
0.8712396372476032,0.004397057,0.6494024764999999,0.79756308,27922.0,1377.0
0.8715478266102247,0.022773124,0.6675414573999999,0.7746857375999999,27922.0,1377.0
0.8769659275206315,0.0,0.6779090240000001,0.80111613175,27922.0,1377.0
0.8542353117267653,0.0,0.66646641,0.8000857185,27922.0,1377.0
0.8002817616071434,0.0,0.668365906,0.786368595,27922.0,1377.0
0.7791464535900076,0.0,0.6560959242,0.7803290810000001,27922.0,1377.0
0.8684619189544193,0.0,0.642281676,0.770623704,27922.0,1377.0
0.8752774751266079,0.0,0.6253956246666666,0.7426805916666667,27922.0,1377.0
0.8756482730895734,0.0236574,0.592430259,0.668581219,27922.0,1377.0
0.8763655026876921,0.018424256249999996,0.5898380835,0.6526009595,27922.0,1377.0
0.8840752317677629,0.0,0.5469917632499999,0.5975026354999999,27922.0,1377.0
0.8645307264357629,0.0,0.501500387,0.5539548384999999,27922.0,1377.0
0.7992379458840654,0.0,0.42298849833333335,0.432032505,27922.0,1377.0
0.7756326760565083,0.0,0.3692848485,0.42873872700000004,27922.0,1377.0
0.7813645392650868,0.0,0.3243926835,0.44386122699999997,27922.0,1377.0
0.827112309291449,0.0,0.279099939,0.4392638993333333,27922.0,1377.0
0.8440784255450757,0.016366456,0.2107332165,0.3558247285,27922.0,1377.0
0.8439992303112378,0.02261618233333333,0.18212961866666666,0.315666051,27922.0,1377.0
0.8571803338570501,0.0,0.163023385,0.270195108,27922.0,1377.0
0.8572525087674585,0.0,0.14917694659999997,0.227215779,27922.0,1377.0
0.801043266485831,0.0,0.14906946666666668,0.1962434673333333,27922.0,1377.0
0.7850552352490823,0.0,0.15570076683333334,0.2758322741666666,27922.0,1377.0
0.8321013894940208,0.0,0.14887372133333335,0.33649459833333334,27922.0,1377.0
0.8476735430645327,0.0484202005,0.1507514145,0.36640856200000005,27922.0,1377.0
0.8478003107282801,0.041751196000000004,0.14773260325,0.47457264875,27922.0,1377.0
0.8669038863480845,0.0,0.162836892,0.515979821,27922.0,1377.0
0.8681022904032657,0.0,0.18819085766666666,0.5590402203333333,27922.0,1377.0
0.8507100500607798,0.0,0.232171073,0.6554841185,27922.0,1377.0
0.8052730029989128,0.0,0.31823544633333334,0.746690749,27922.0,1377.0
0.794414718209564,0.0,0.407943549,0.79124332875,27922.0,1377.0
0.8869835751222599,0.0,0.4396737555,0.5846412645000001,27922.0,1377.0
0.892543870760019,0.0,0.4088554846666666,0.5027770266666667,27922.0,1377.0
0.893027009209673,0.024787824,0.3681841375,0.415397956,27922.0,1377.0
0.8913437469902752,0.0197589175,0.353332879,0.441181907,27922.0,1377.0
0.8900867670174202,0.002153449,0.37811907,0.5775793659999999,27922.0,1377.0
0.8937359330441523,0.0,0.431330483,0.709047129,27922.0,1377.0
0.8833928749034216,0.0,0.5226901153333333,0.8254220123333335,27922.0,1377.0
0.8423983818448996,0.0,0.6349677916666666,0.916103394,27922.0,1377.0
0.7784269789190595,0.0,0.715029259,0.931691052,27922.0,1377.0
0.7776811237121249,0.0,0.752821136,0.9238518476666666,27922.0,1377.0
0.8685082054470716,0.0,0.763163093,0.9160074085000001,27922.0,1377.0
0.8736575694532589,0.0,0.7510948036666667,0.8914473736666667,27922.0,1377.0
0.8736232566915695,0.040867266,0.7288952505,0.8745022775,27922.0,1377.0
0.8715638802433497,0.03882023066666667,0.7239364593333333,0.8540076609999999,27922.0,1377.0
0.8750876747914402,0.0,0.7076312465000001,0.8219947595,27922.0,1377.0
0.8740145790484751,0.0,0.6976677836666667,0.7900603236666667,27922.0,1377.0
0.8399429188415729,0.0,0.6761801689999999,0.7736754513333333,27922.0,1377.0
0.7829809112083957,0.0,0.5943475405,0.7834827361666665,27922.0,1377.0
0.8702922758968303,0.0,0.45470553700000005,0.6398853865,27922.0,1377.0
0.8736545719820091,0.0,0.3166500883333333,0.38256958066666663,27922.0,1377.0
0.8723247227374991,0.009789606,0.27995827399999995,0.34529192249999996,27922.0,1377.0
0.8701258710940015,0.012870219,0.287901813,0.47556551449999995,27922.0,1377.0
0.8710569044415498,0.0019245165,0.2971980065,0.5492492710000001,27922.0,1377.0
0.8771444955882166,0.0,0.301758635,0.566623034,27922.0,1377.0
0.8739081860776912,0.0,0.31867931066666666,0.6220784183333334,27922.0,1377.0
0.8395013182881318,0.0,0.3346767883333333,0.669659777,27922.0,1377.0
0.7783340744308312,0.0,0.3229096166666667,0.774971803,27922.0,1377.0
0.8684223055286354,0.0,0.3229606405,0.787828454,27922.0,1377.0
0.8733316066739155,0.0,0.333936627,0.7494658466666667,27922.0,1377.0
0.8679283921294153,0.013667133500000001,0.361676864,0.6715683365,27922.0,1377.0
0.8648991735721859,0.013477831333333334,0.33984685266666664,0.5686275283333333,27922.0,1377.0
0.870394503818491,0.0,0.3299989875,0.5229325555,27922.0,1377.0
0.8739088486693323,0.0,0.3433573573333333,0.5035756776666667,27922.0,1377.0
0.8400332203207972,0.0,0.3859803593333333,0.5155137126666666,27922.0,1377.0
0.783976728387071,0.0,0.41355786549999995,0.4790999055,27922.0,1377.0
0.7810101127624659,0.0,0.396096513,0.41209289475,27922.0,1377.0
0.8747563325107808,0.0,0.323736637,0.34725392050000004,27922.0,1377.0
0.8810039863440566,0.0,0.28770431350000003,0.40066412949999997,27922.0,1377.0
0.879801858852456,0.0069407265,0.249383423,0.522837272,27922.0,1377.0
0.8758644665663988,0.053096309333333334,0.24608616766666666,0.7740402263333334,27922.0,1377.0
0.8781929018881185,0.005208691,0.272624562,0.8508897925,27922.0,1377.0
0.8868255474300658,0.0,0.322666111,0.877518375,27922.0,1377.0
0.8746057668099471,0.0,0.3953994453333333,0.865303577,27922.0,1377.0
0.8373646873686087,0.0,0.455289848,0.8613459514999999,27922.0,1377.0
0.7816472757062126,0.0,0.5339972095000001,0.846664386,27922.0,1377.0
0.7747283949327619,0.0,0.5455082155,0.8367681785000001,27922.0,1377.0
0.7806067967927063,0.0,0.48906079575000005,0.83539023525,27922.0,1377.0
0.8260261353370392,0.0,0.43161668933333336,0.813173045,27922.0,1377.0
0.8396198588183585,0.0094248855,0.396049177,0.774323849,27922.0,1377.0
0.8364625475866855,0.00978725775,0.3714933395,0.722566401,27922.0,1377.0
0.853530836879669,0.0,0.40096706950000005,0.656331684,27922.0,1377.0
0.8454742182596361,0.0,0.3699566123333333,0.5732020033333333,27922.0,1377.0
0.8081975796415133,0.0,0.32474807,0.452008118,27922.0,1377.0
0.7736996768828163,0.0,0.34581349075,0.411926845,27922.0,1377.0
0.7713111118183908,0.0,0.408499054,0.3250336755,27922.0,1377.0
0.7978285583395412,0.0,0.37851051325,0.15923906775000002,27922.0,1377.0
0.842350202085342,0.0,0.341545737,0.241392304,27922.0,1377.0
0.8421284237300247,0.060641865999999996,0.299822776,0.40981809599999997,27922.0,1377.0
0.836299526778403,0.04668792133333333,0.25045042100000003,0.5972091503333333,27922.0,1377.0
0.8516563228780045,0.0,0.2450733075,0.6017913635,27922.0,1377.0
0.8620724707860874,0.0,0.264747098,0.640783039,27922.0,1377.0
0.8476270671761555,0.0,0.3155323535,0.72681887525,27922.0,1377.0
0.7908809218965692,0.0,0.34953853633333337,0.7923477946666667,27922.0,1377.0
0.7780520635406689,0.0,0.42602562675000005,0.8092164500000001,27922.0,1377.0
0.8665618005975204,0.0,0.5236322445,0.7837432455,27922.0,1377.0
0.8712225518685821,0.0,0.604311643,0.740992461,27922.0,1377.0
0.8652334028001093,0.0,0.657800413,0.753227441,27922.0,1377.0
0.865028141947293,0.011061239,0.694892237,0.7757713165,27922.0,1377.0
0.8638429109567463,0.024038266500000002,0.6970164169999999,0.7706282865,27922.0,1377.0
0.8621382566507287,0.0037782735,0.711290698,0.770286952,27922.0,1377.0
0.8692163246862625,0.0,0.725495035,0.804533978,27922.0,1377.0
0.8628469437664398,0.0,0.7153100119999999,0.8269637780000001,27922.0,1377.0
0.8435028244960341,0.0,0.686393995,0.836537128,27922.0,1377.0
0.7843555641568667,0.0,0.666185351,0.858531887,27922.0,1377.0
