Demand,Avail_Sol,Avail_Wind_On,Avail_Wind_Off,Hyd_In,HydRoR_In
0.6496811738577752,0.0,0.7014354048,0.8904594458,0.0,1930.0
0.7024965351708938,0.0,0.6437510335000001,0.855138138,0.0,1930.0
0.8711109527059577,0.0,0.5947838435,0.7897695735,0.0,1930.0
0.9130691700957396,0.003469527,0.561334428,0.764311219,0.0,1930.0
0.9196317221452202,0.1507373735,0.532173123,0.741304798,0.0,1930.0
0.9147062902209155,0.2771243696666666,0.5741951493333334,0.7688271566666667,0.0,1930.0
0.9144863042758815,0.17087373,0.630010586,0.79713502,0.0,1930.0
0.930607528504401,0.0,0.6816794263333333,0.8655201296666667,0.0,1930.0
0.8724988408075672,0.0,0.6359559645,0.8687744159999999,0.0,1930.0
0.7717832618542617,0.0,0.557841691,0.82714325,0.0,1930.0
0.6744016152070089,0.0,0.5151417970000001,0.7681198975000001,0.0,1930.0
0.6392488392829416,0.0,0.4754463629999999,0.6533173113333333,0.0,1930.0
0.7158397322054257,0.0,0.49857601399999996,0.6472509635,0.0,1930.0
0.8860632462226675,0.000614228,0.5736547356666666,0.7468677009999999,0.0,1930.0
0.9156060593638322,0.050821951500000004,0.6843063085000001,0.8156094475,0.0,1930.0
0.906317219552534,0.08107148933333334,0.776827225,0.895610994,0.0,1930.0
0.8961069369175091,0.024684073,0.726032189,0.890017077,0.0,1930.0
0.9070036807346805,0.0,0.6571372083333334,0.8479202730000001,0.0,1930.0
0.8418543537832573,0.0,0.6979316896666666,0.7433412766666666,0.0,1930.0
0.7164341102314749,0.0,0.7226396829999999,0.711419164,0.0,1930.0
0.6380439174374475,0.0,0.7168587965,0.755451693,0.0,1930.0
0.6279454389138351,0.0,0.729163729,0.800613025,0.0,1930.0
0.690445483624949,0.0,0.730627889,0.807923964,0.0,1930.0
0.850470789004063,0.0,0.7342740185000001,0.8097370349999999,0.0,1930.0
0.903760624151298,0.062249385500000004,0.744678739,0.8669757265,0.0,1930.0
0.902464185653548,0.2579483695,0.7533751584999999,0.8810774955,0.0,1930.0
0.8982750315098188,0.309073159,0.7416244195,0.875673868,0.0,1930.0
0.9002776670121856,0.191813644,0.732402623,0.881642881,0.0,1930.0
0.9092729586440793,0.033506911,0.7197337435,0.8811098895,0.0,1930.0
0.8959941117406696,0.0,0.67091268425,0.8616638422499999,0.0,1930.0
0.7706576261878796,0.0,0.5235832135,0.753352862,0.0,1930.0
0.6711803516015489,0.0,0.429974587,0.66943507,0.0,1930.0
0.6325824057413664,0.0,0.3572365373333333,0.5501453763333334,0.0,1930.0
0.6993731829837706,0.0,0.360867571,0.5457822135,0.0,1930.0
0.8548099742465995,0.0,0.41364402850000004,0.579618567,0.0,1930.0
0.8959939328624764,0.0153791005,0.522081287,0.6484653555,0.0,1930.0
0.8975291466904748,0.13377237125000002,0.58516686325,0.723294233,0.0,1930.0
0.9088898539152618,0.1129158925,0.5426556874999999,0.7810676235,0.0,1930.0
0.9290616940620144,0.0,0.4767373303333334,0.742060788,0.0,1930.0
0.8729841723658308,0.0,0.3884379705,0.627082335,0.0,1930.0
0.7242941852825758,0.0,0.29491987925,0.621739589,0.0,1930.0
0.638586809357756,0.0,0.294069536,0.5137513476666666,0.0,1930.0
0.7113768775570513,0.0,0.303457337,0.457735122,0.0,1930.0
0.8891518146870422,0.0015347846666666665,0.3172351903333333,0.4525100383333333,0.0,1930.0
0.9217772337536145,0.139876005,0.3461521575,0.44950983899999997,0.0,1930.0
0.9176263588010127,0.2399673245,0.3672898285,0.4535090785,0.0,1930.0
0.9169114863727115,0.18217306700000002,0.332638786,0.4202979215,0.0,1930.0
0.93471559293239,0.0365822055,0.297180428,0.39819163599999996,0.0,1930.0
0.9511999624301544,0.0,0.29594404,0.3809569525,0.0,1930.0
0.8893466836416364,0.0,0.307535587,0.356808814,0.0,1930.0
0.7477522018798654,0.0,0.35880766599999997,0.33014133199999995,0.0,1930.0
0.6301005874415062,0.0,0.4737859095,0.38440268475,0.0,1930.0
0.6316368297010333,0.0,0.5691005655,0.5192670054999999,0.0,1930.0
0.7097074332224315,0.001446609,0.6188499003333333,0.6354028086666667,0.0,1930.0
0.7930798059623447,0.209382417,0.609869067,0.72554253,0.0,1930.0
0.79078475508583,0.40476969900000004,0.583473527,0.7352163469999999,0.0,1930.0
0.7850147964539486,0.320301031,0.5746177509999999,0.763383556,0.0,1930.0
0.8102948783048743,0.0673595995,0.545942578,0.773711182,0.0,1930.0
0.8295099925846574,0.0,0.5158021385,0.7642301605,0.0,1930.0
0.7976584595784806,0.0,0.4734647855,0.74462246,0.0,1930.0
0.7140272404213762,0.0,0.39304859666666664,0.6750031766666668,0.0,1930.0
0.62967878989526,0.0,0.37320934699999997,0.6488092972499999,0.0,1930.0
0.6336008283908374,0.0,0.377615814,0.6161739085,0.0,1930.0
0.6876815577140489,0.0,0.37833891799999997,0.6178596925,0.0,1930.0
0.7553639132639757,0.00797739,0.384129514,0.632600728,0.0,1930.0
0.7940867806098734,0.31390373699999996,0.3398467825,0.6063815735,0.0,1930.0
0.7918433798501372,0.5072088505000001,0.33956297199999996,0.6154384184999999,0.0,1930.0
0.7885338863808207,0.472893083,0.352415282,0.620971831,0.0,1930.0
0.791192231445544,0.362111176,0.380149654,0.639255716,0.0,1930.0
0.8189717284939938,0.08276227800000001,0.4295423145,0.673499692,0.0,1930.0
0.8191328274364102,0.0,0.485359078,0.7390276775,0.0,1930.0
0.7098361856771629,0.0,0.5268501575,0.7928210265,0.0,1930.0
0.652309474043635,0.0,0.5436697793333334,0.815487368,0.0,1930.0
0.7320783504607826,0.0,0.5355819319999999,0.8268083915,0.0,1930.0
0.8936346213276737,0.0,0.5254327175,0.8156173250000001,0.0,1930.0
0.9336874215225991,0.003531318,0.539866422,0.79735043,0.0,1930.0
0.9427061010565402,0.144922899,0.480770772,0.709006007,0.0,1930.0
0.9407851217962475,0.27587114349999997,0.443687983,0.726173759,0.0,1930.0
0.9390803572167588,0.2643697425,0.4770888155,0.6987700729999999,0.0,1930.0
0.9389483030052589,0.162588094,0.510305965,0.703951857,0.0,1930.0
0.948629444669008,0.0240817555,0.5640423480000001,0.727678085,0.0,1930.0
0.9537487469294103,0.0,0.607434831,0.7499471440000001,0.0,1930.0
0.8861434416599011,0.0,0.631684487,0.753092422,0.0,1930.0
0.7780514757408368,0.0,0.6074035145000001,0.692470327,0.0,1930.0
0.6773050856766283,0.0,0.6212426685,0.702552566,0.0,1930.0
0.6414657069388309,0.0,0.6042729086666667,0.684286871,0.0,1930.0
0.7160652036809112,0.0,0.5765752975,0.617846957,0.0,1930.0
0.8930583469533603,0.000749131,0.5806415246666666,0.629981674,0.0,1930.0
0.934515432147709,0.023568174,0.589889969,0.644523048,0.0,1930.0
0.9335275523930648,0.0722126145,0.6011845405,0.6511368835,0.0,1930.0
0.9252689110528286,0.0708922035,0.5986361605,0.6932543635,0.0,1930.0
0.9265513080060149,0.02271001066666667,0.5889797326666667,0.6928639140000001,0.0,1930.0
0.9315060902813659,0.0,0.580536172,0.7329722320000001,0.0,1930.0
0.8721140367696516,0.0,0.5323537014999999,0.74597263,0.0,1930.0
0.7218992218258922,0.0,0.38466451725,0.62917285175,0.0,1930.0
0.6319662124479078,0.0,0.28145086033333333,0.49969807833333335,0.0,1930.0
0.7000376351756512,0.0,0.18259116600000003,0.37271707249999997,0.0,1930.0
0.883471889590597,0.0017123203333333332,0.130232624,0.23219455866666663,0.0,1930.0
0.9213566548192771,0.131442644,0.1011880755,0.1668738655,0.0,1930.0
0.9150986814562332,0.214808803,0.086869066,0.13224426449999999,0.0,1930.0
0.9115739571024379,0.1535375825,0.0873229025,0.132630709,0.0,1930.0
0.9252639025983684,0.0301103015,0.114966976,0.17066404699999999,0.0,1930.0
0.9441670595168495,0.0,0.143690896,0.2197869055,0.0,1930.0
0.8552246950944195,0.0,0.14940448333333334,0.22222537,0.0,1930.0
0.6725077726435714,0.0,0.15449733633333337,0.22869645849999998,0.0,1930.0
0.716371839500308,0.0,0.131034821,0.222892445,0.0,1930.0
0.87939745363317,0.0,0.1158125915,0.1763263925,0.0,1930.0
0.9280200474765505,0.0247445595,0.09047952549999999,0.1428790965,0.0,1930.0
0.92714585742045,0.13801874433333336,0.06629226433333334,0.11505360166666667,0.0,1930.0
0.9196191114687594,0.1316997415,0.0687637925,0.1122094075,0.0,1930.0
0.9310239784631054,0.028169327999999997,0.1061129395,0.123177378,0.0,1930.0
0.9416210475958515,0.0,0.14694904749999999,0.1395131345,0.0,1930.0
0.8799092586242322,0.0,0.204831247,0.177505686,0.0,1930.0
0.7754441992869436,0.0,0.280106211,0.21351417150000002,0.0,1930.0
0.6520983334666903,0.0,0.35579323079999997,0.2656701688,0.0,1930.0
0.7075416938709123,0.0,0.4338503245,0.377399561,0.0,1930.0
0.8726630477501575,0.0,0.48776548000000003,0.44647357600000004,0.0,1930.0
0.9160793615491563,0.02061845,0.5274138705,0.504560564,0.0,1930.0
0.9169238286756526,0.11162784533333332,0.571973599,0.542387952,0.0,1930.0
0.9134919402373378,0.11115217299999999,0.6096850805,0.5738357414999999,0.0,1930.0
0.9242025500596964,0.0165801045,0.647818247,0.6092826585,0.0,1930.0
0.9305037216629692,0.0,0.693470891,0.6585242115,0.0,1930.0
0.8727532900105572,0.0,0.7273784565,0.7103198075,0.0,1930.0
0.7401194279427444,0.0,0.7170207003333333,0.7446559233333333,0.0,1930.0
0.6162540595257189,0.0,0.714985006,0.7754150424999999,0.0,1930.0
0.6428744601256905,0.0,0.693485099,0.825519703,0.0,1930.0
0.7350448295762885,0.002916664,0.670859508,0.847822917,0.0,1930.0
0.7749645470269717,0.051201076500000005,0.637659191,0.81996996,0.0,1930.0
0.779035643924791,0.09668247599999999,0.610630915,0.7835381015,0.0,1930.0
0.7767809293048886,0.0888139395,0.5381483119999999,0.7527298435,0.0,1930.0
0.786403936702911,0.046055069,0.498926075,0.746116927,0.0,1930.0
0.8128981897716807,0.0008802003333333333,0.494153179,0.7543902513333333,0.0,1930.0
0.78592526830674,0.0,0.457187802,0.72075356,0.0,1930.0
0.7097817854178109,0.0,0.4113020893333334,0.6050461886666666,0.0,1930.0
0.617358717631536,0.0,0.3787644432,0.5455023338,0.0,1930.0
0.6603231465226976,0.0,0.46464917633333336,0.5856650173333334,0.0,1930.0
0.7596136388297735,0.052275037499999996,0.5296927185,0.5736286255,0.0,1930.0
0.7827260062242306,0.17425131233333335,0.597758276,0.5463990790000001,0.0,1930.0
0.7806273597803056,0.112325972,0.6835520045,0.556004344,0.0,1930.0
0.8019887458501977,0.019280658,0.7218223275,0.590559541,0.0,1930.0
0.8050773963088453,0.0,0.8029124704999999,0.7032960902500001,0.0,1930.0
0.7130168969349455,0.0,0.8645217736666667,0.8604302596666668,0.0,1930.0
0.6336943350601818,0.0,0.82211772225,0.91557799475,0.0,1930.0
0.6837470539184978,0.0,0.741438483,0.9006766104999999,0.0,1930.0
0.8420376555287642,0.0,0.7196529389999999,0.901830039,0.0,1930.0
0.8896416925808975,0.00106659,0.709420557,0.890609827,0.0,1930.0
0.8994964320562185,0.08002551150000001,0.6782174320000001,0.8644357165000001,0.0,1930.0
0.8985260372907193,0.22037499500000002,0.7543035805,0.9109592385,0.0,1930.0
0.8989442014031853,0.267014143,0.799552458,0.9229783899999999,0.0,1930.0
0.9184591542659724,0.073309416,0.798944425,0.9287524935,0.0,1930.0
0.902305300286601,0.0,0.8055629625,0.9315392739999999,0.0,1930.0
0.7724493909532941,0.0,0.834871664,0.9348535760000001,0.0,1930.0
0.6523356911045993,0.0,0.8368237174000001,0.9343505646000001,0.0,1930.0
0.7161522485357784,0.0,0.8482202095,0.9363626629999999,0.0,1930.0
0.8942085107043939,0.005056064666666666,0.8659121339999999,0.936316228,0.0,1930.0
0.9308174080676802,0.23071594333333334,0.8410227636666666,0.9326725693333334,0.0,1930.0
0.9285239968741991,0.24659240633333335,0.8544011836666666,0.9291402783333332,0.0,1930.0
0.946948157464401,0.049401663000000005,0.824353787,0.9206255415,0.0,1930.0
0.9235767795517471,0.0,0.8201168672499999,0.92498449875,0.0,1930.0
0.7818653957287769,0.0,0.8095792024999999,0.917682315,0.0,1930.0
0.6601707930257927,0.0,0.8542768358,0.9264357738,0.0,1930.0
0.6695173319022721,0.0,0.902192794,0.934515989,0.0,1930.0
0.845117802008343,0.0,0.899793481,0.936687906,0.0,1930.0
0.9240387456773858,0.018826892,0.899346674,0.937092067,0.0,1930.0
0.9333718867323831,0.229779892,0.857038461,0.932312501,0.0,1930.0
0.9227617596939552,0.39619625733333336,0.8565155756666666,0.9355026009999999,0.0,1930.0
0.9166674566389215,0.308593295,0.8404189595,0.9349960315,0.0,1930.0
0.9321101498618953,0.055233385999999995,0.7375100185000001,0.915367832,0.0,1930.0
0.9458288048017783,0.0,0.674280304,0.8503192955000001,0.0,1930.0
0.8794356880204046,0.0,0.615234141,0.778948119,0.0,1930.0
0.7713400552670676,0.0,0.5432264950000001,0.719452049,0.0,1930.0
0.6684511273179108,0.0,0.603054888,0.6117132255,0.0,1930.0
0.625898964174178,0.0,0.6336451953333334,0.7344491903333333,0.0,1930.0
0.6943972711969808,0.0,0.638491951,0.7329051385,0.0,1930.0
0.8684691086316271,0.0,0.623807079,0.781313546,0.0,1930.0
0.9158260750881605,0.017959699,0.594314743,0.830901193,0.0,1930.0
0.9195434922138879,0.2400479375,0.5181733175000001,0.7888830665,0.0,1930.0
0.917284738068695,0.3529859513333333,0.5590333576666667,0.8206312206666667,0.0,1930.0
0.9208639894575166,0.209459049,0.5814235295,0.8025382645,0.0,1930.0
0.9446132622969121,0.009133155,0.570000387,0.793256727,0.0,1930.0
0.950379822310597,0.0,0.5766117900000001,0.828596256,0.0,1930.0
0.8866508195675002,0.0,0.5933575035,0.8598026080000001,0.0,1930.0
0.7524327246365363,0.0,0.5712077623333333,0.8256041093333334,0.0,1930.0
0.6551630124525843,0.0,0.6079679435,0.85168001025,0.0,1930.0
0.7330208631698836,0.0,0.6242524620000001,0.8428841149999999,0.0,1930.0
0.8955067231843972,0.0,0.6232637245,0.8276765264999999,0.0,1930.0
0.9362286038673303,0.023330191,0.624825869,0.820325188,0.0,1930.0
0.9402467538995521,0.2578140225,0.584441773,0.7921840415,0.0,1930.0
0.9289676805148925,0.384206429,0.6495629915000001,0.853159617,0.0,1930.0
0.9224862033364892,0.30308915849999996,0.6884294055,0.8795735975000001,0.0,1930.0
0.9403433461671238,0.084219986,0.6395391795,0.863912667,0.0,1930.0
0.9203773162790656,0.0,0.55521290625,0.83331804025,0.0,1930.0
0.7817801172538958,0.0,0.4765549315,0.7999743435,0.0,1930.0
0.6624558760887373,0.0,0.371974536,0.7015666715,0.0,1930.0
0.6229641682935464,0.0,0.2386497736666667,0.44713429299999996,0.0,1930.0
0.6591068176780206,0.0,0.1594355715,0.266579251,0.0,1930.0
0.7736072016852376,0.016599037,0.182382393,0.2088942305,0.0,1930.0
0.8019871807503514,0.100493986,0.1918901365,0.240241935,0.0,1930.0
0.8016004985026522,0.17591417433333334,0.23016992,0.3276266636666667,0.0,1930.0
0.8216599904136053,0.0606003885,0.240769964,0.3728163,0.0,1930.0
0.8187687504621135,0.0,0.17981360200000002,0.37940240275000003,0.0,1930.0
0.736071212069195,0.0,0.11785442400000001,0.2449371695,0.0,1930.0
0.6435726859846848,0.0,0.2023470285,0.26838054575,0.0,1930.0
0.6196325538917071,0.0,0.293570995,0.3595708315,0.0,1930.0
0.6707414603579883,0.0,0.38500001633333336,0.4884509146666667,0.0,1930.0
0.7546679120464724,0.002278253,0.492153474,0.590402438,0.0,1930.0
0.7921414743876256,0.0279702395,0.556300377,0.6331490179999999,0.0,1930.0
0.7928633229305131,0.037143829,0.6539679905,0.7238040004999999,0.0,1930.0
0.7862787245316971,0.026768038,0.7613062895,0.8284319465000001,0.0,1930.0
0.8018470324186884,0.007104791500000001,0.7833730605,0.8804006925000001,0.0,1930.0
0.8131009292543194,0.0,0.7205100259999999,0.895954045,0.0,1930.0
0.7790176223010663,0.0,0.701776229,0.8861830184999999,0.0,1930.0
0.6968494857293981,0.0,0.6419889645,0.79437932225,0.0,1930.0
0.6265503510605369,0.0,0.5811234243333333,0.7754190126666667,0.0,1930.0
0.6904336331976786,0.0,0.5932071915,0.7548768045,0.0,1930.0
0.8712762774741895,0.0040138330000000005,0.6470447853333333,0.7725245413333334,0.0,1930.0
0.9080114007192603,0.220459715,0.6358441969999999,0.7780466239999999,0.0,1930.0
0.8988936246230421,0.329686542,0.6905553395,0.8015784930000001,0.0,1930.0
0.8964812320133903,0.2341593275,0.653110328,0.8012599645,0.0,1930.0
0.911488410276529,0.06942240549999999,0.6043602065,0.7437462610000001,0.0,1930.0
0.9251821121470426,0.0,0.595212628,0.72715796,0.0,1930.0
0.8891380413585548,0.0,0.6200731039999999,0.7411708149999999,0.0,1930.0
0.7199869738591986,0.0,0.7073840235,0.8021817517500001,0.0,1930.0
0.6257635859276691,0.0,0.7730169293333334,0.8706321803333332,0.0,1930.0
0.6812373311265548,0.0,0.8085326260000001,0.9107133055,0.0,1930.0
0.8322953387374787,0.0,0.8278277064999999,0.9261737354999999,0.0,1930.0
0.8775252624385637,0.003177201,0.842717778,0.927160716,0.0,1930.0
0.8797001541997906,0.043751147500000004,0.8536583295,0.9320444185000001,0.0,1930.0
0.8736494518777898,0.1456492205,0.8871884315,0.9354208079999999,0.0,1930.0
0.8729246966148684,0.1957997905,0.8766362585,0.9361504625,0.0,1930.0
0.8819804925979426,0.07316892800000001,0.8598871425000001,0.935708451,0.0,1930.0
0.8950129844860011,0.0,0.868796951,0.9332712464999999,0.0,1930.0
0.862176567783097,0.0,0.856847545,0.930889579,0.0,1930.0
0.7427522983955929,0.0,0.8227242499999999,0.9213773256666666,0.0,1930.0
0.6291342508358481,0.0,0.8326796154999999,0.83354344325,0.0,1930.0
0.6777137470453315,0.0,0.9041389595,0.8745916579999999,0.0,1930.0
0.8281054690809764,0.0,0.9200326295000001,0.8759312349999999,0.0,1930.0
0.8843571996490558,0.046201012,0.9169554074999999,0.8823410604999999,0.0,1930.0
0.9009612363639454,0.16325935349999998,0.9119995425,0.8887560035,0.0,1930.0
0.905080048125767,0.253312103,0.9104976665,0.912246012,0.0,1930.0
0.9101955492076932,0.215692612,0.888935068,0.9204193395,0.0,1930.0
0.9261779966164911,0.018350037,0.860377478,0.917626232,0.0,1930.0
0.9012801698398338,0.0,0.8240018927499999,0.91974426725,0.0,1930.0
0.7714813662057731,0.0,0.8014633205,0.9233772805,0.0,1930.0
0.6487148394990593,0.0,0.7743985538,0.9098628100000001,0.0,1930.0
0.7020011642342877,0.0,0.7092951885,0.8859201125,0.0,1930.0
0.885027234199078,0.012577878666666667,0.637745148,0.8467352810000001,0.0,1930.0
0.9144856334320499,0.262323388,0.5492101075,0.8090470670000001,0.0,1930.0
0.9079882364318238,0.3965482535,0.5557743575,0.7588254080000001,0.0,1930.0
0.9034833684847337,0.297099497,0.5125720995,0.6859373185,0.0,1930.0
0.922186320017068,0.0932794635,0.4695565895,0.6457929565,0.0,1930.0
0.9236496038938901,0.0,0.43889328033333336,0.6292172843333333,0.0,1930.0
0.8209619769345102,0.0,0.4210209025,0.590079378,0.0,1930.0
0.7025041224582633,0.0,0.393980102,0.5843834413333333,0.0,1930.0
0.6465405737237903,0.0,0.340926396,0.5110071123333333,0.0,1930.0
0.7249818352635993,0.0,0.28576230950000003,0.4059526665,0.0,1930.0
0.8851031068703463,0.0,0.2306826865,0.329947184,0.0,1930.0
0.9269474258816051,0.038735985,0.182172951,0.275207459,0.0,1930.0
0.934515432147709,0.229324665,0.136606457,0.208578127,0.0,1930.0
0.9198380241671256,0.3984022166666667,0.12989658533333334,0.20727499533333335,0.0,1930.0
0.9136487685050623,0.2601252555,0.1703177195,0.226762935,0.0,1930.0
0.9275373096183515,0.054082568,0.243119546,0.26310044099999996,0.0,1930.0
0.9416468055833527,0.0,0.3348102485,0.3201054935,0.0,1930.0
0.8809974871559827,0.0,0.4246837435,0.39392931600000003,0.0,1930.0
0.7754269378449334,0.0,0.5200450945,0.4870739145,0.0,1930.0
0.6603951509895857,0.0,0.583221898,0.5578802654999999,0.0,1930.0
0.6118457056418148,0.0,0.67242399975,0.6867044554999999,0.0,1930.0
0.6567776130322888,0.0,0.8125329973333333,0.8217497823333333,0.0,1930.0
0.7326802859049393,0.007387968,0.882411532,0.899696258,0.0,1930.0
0.7623335839167835,0.0287802655,0.8818142525,0.9159907885,0.0,1930.0
0.7613808380839915,0.06976641733333333,0.9018926510000002,0.9315140246666668,0.0,1930.0
0.7600380859459992,0.07189427550000001,0.90391126,0.933066073,0.0,1930.0
0.7780924380373877,0.008573909,0.89542262,0.928819986,0.0,1930.0
0.7747549730388383,0.0,0.8714147645,0.9090368265000001,0.0,1930.0
0.7084442653263974,0.0,0.8282875283333334,0.880791426,0.0,1930.0
0.6078780318171421,0.0,0.8006272865000001,0.86613008625,0.0,1930.0
0.6307330992484579,0.0,0.76675490525,0.8445082285000001,0.0,1930.0
0.7156443564630217,0.01383626,0.774895036,0.859013654,0.0,1930.0
0.7483344089013915,0.062014727500000005,0.76965872,0.8659189055000001,0.0,1930.0
0.7475000929380513,0.11705578,0.7913987165,0.8935001985,0.0,1930.0
0.7437233789395548,0.1175530165,0.782379618,0.8871986235,0.0,1930.0
0.7566241297035585,0.0411460795,0.7667341795,0.885345638,0.0,1930.0
0.7695027669461252,0.0,0.810283744,0.88257242825,0.0,1930.0
0.712894218792748,0.0,0.8590845246666667,0.9081375146666667,0.0,1930.0
0.636328711054288,0.0,0.8628707095,0.926578022,0.0,1930.0
0.621880381869858,0.0,0.8298305315000001,0.9241693975,0.0,1930.0
0.6782937256804629,0.0,0.8042778275,0.9065526175,0.0,1930.0
0.8351412787143152,0.0,0.779431369,0.9063010810000001,0.0,1930.0
0.8832456727555684,0.01330464,0.75712301,0.914234442,0.0,1930.0
0.8939096857869773,0.17669662549999998,0.7325340645,0.898621122,0.0,1930.0
0.8967191576553517,0.319662299,0.696500785,0.85542460575,0.0,1930.0
0.914908984944645,0.1479246335,0.51478768,0.7429658965,0.0,1930.0
0.9343929030144429,0.0,0.428391011,0.6383401055,0.0,1930.0
0.8829328658071931,0.0,0.41020362050000003,0.5542997915000001,0.0,1930.0
0.7503237927977117,0.0,0.38001677333333334,0.47641480933333336,0.0,1930.0
0.65480473775112,0.0,0.376005081,0.41709530875,0.0,1930.0
0.7359733229853291,0.0,0.4011391935,0.40452411499999996,0.0,1930.0
0.8953673797708661,0.0,0.4417043625,0.405941233,0.0,1930.0
0.9326283048601294,0.052521306,0.464906443,0.422342585,0.0,1930.0
0.9353597651549213,0.248977285,0.4477255135,0.41633683,0.0,1930.0
0.9179934094987556,0.342259029,0.5011250005,0.47840015999999996,0.0,1930.0
0.9135917075084954,0.19035001899999998,0.5351831055,0.5361059945,0.0,1930.0
0.9271250482838362,0.0349947635,0.595762334,0.6154680775000001,0.0,1930.0
0.936941150879119,0.0,0.6843230745,0.708219134,0.0,1930.0
0.8474761147896975,0.0,0.777298294,0.8501505246666667,0.0,1930.0
0.6781302901880363,0.0,0.83992661025,0.92248474275,0.0,1930.0
0.6278083539134044,0.0,0.8656205644999999,0.935292705,0.0,1930.0
0.694899059211647,0.0,0.8671765905,0.9361669465,0.0,1930.0
0.8618476173308125,0.0,0.861640124,0.9349826135,0.0,1930.0
0.9102588708735488,0.027060723,0.852502169,0.934636806,0.0,1930.0
0.9238786975347066,0.255303304,0.829943747,0.9293798615,0.0,1930.0
0.9255972354651745,0.364860472,0.8420438485,0.9323049655,0.0,1930.0
0.9229464030146657,0.32924492549999995,0.8417488755,0.9252593794999999,0.0,1930.0
0.9382424637570287,0.1347938455,0.811090537,0.9215001205,0.0,1930.0
0.9186285262067452,0.0,0.806338395,0.9240264475000001,0.0,1930.0
0.7786634058943945,0.0,0.8003995245,0.911362794,0.0,1930.0
0.6743607467692158,0.0,0.8257965178,0.9124363823999999,0.0,1563.0
0.756241516805428,0.0,0.855026603,0.906782285,0.0,1563.0
0.9228626897071069,0.0,0.8645674765,0.9066062800000001,0.0,1563.0
0.9531314506324814,0.094436258,0.868066369,0.89919762,0.0,1563.0
0.9527308608470433,0.376772932,0.8340775439999999,0.8954080385000001,0.0,1563.0
0.9461106664974748,0.503413688,0.8661132915,0.9060868295,0.0,1563.0
0.9435315179815855,0.4253351525,0.877726441,0.9158325005,0.0,1563.0
0.9563930951634954,0.17626084050000002,0.8752141065,0.921025641,0.0,1563.0
0.970804307898792,0.0,0.86371577,0.921357038,0.0,1563.0
0.9068742052436306,0.0,0.8501081955,0.9135012204999999,0.0,1563.0
0.803645661491384,0.0,0.8021834409999999,0.912549962,0.0,1563.0
0.6932012707467444,0.0,0.7895651539999999,0.910022738,0.0,1563.0
0.6617778890726272,0.0,0.7191001613333334,0.8979020483333332,0.0,1563.0
0.7562309408599812,0.0,0.627192793,0.86285838,0.0,1563.0
0.9241481721685527,0.0,0.5270579925,0.798404706,0.0,1563.0
0.9555453636055624,0.08775199,0.438074604,0.724819091,0.0,1563.0
0.9564964399985182,0.307801739,0.329457997,0.637869626,0.0,1563.0
0.9474805628221296,0.503955565,0.28772026866666667,0.5466320863333333,0.0,1563.0
0.942520250324894,0.400033195,0.237989346,0.46257736,0.0,1563.0
0.9444452990472146,0.216735509,0.19542479899999998,0.406957479,0.0,1563.0
0.9646984673689816,0.034448155,0.19839626,0.373458423,0.0,1563.0
0.970711650816521,0.0,0.20983467150000001,0.3130468375,0.0,1563.0
0.9084594369501974,0.0,0.2405277,0.2539326545,0.0,1563.0
0.8258766465903512,0.0,0.257198344,0.279181248,0.0,1563.0
0.7112262129060061,0.0,0.2822058686666667,0.2982507566666667,0.0,1563.0
0.6381985209624671,0.0,0.30370851,0.36811062175,0.0,1563.0
0.7114430685613796,0.0,0.336066919,0.4436540216666667,0.0,1563.0
0.8203157923829115,0.055839738,0.3648702315,0.4955510765,0.0,1563.0
0.8386762883955343,0.1818719525,0.40138016249999997,0.5148322515,0.0,1563.0
0.8329281822776723,0.21855758466666667,0.4368264943333333,0.5536246813333333,0.0,1563.0
0.857232741589034,0.113105932,0.463818253,0.582238431,0.0,1563.0
0.8666898726271218,0.0,0.458406535,0.6174491726666667,0.0,1563.0
0.7800546628573981,0.0,0.446409036,0.6619310086666667,0.0,1563.0
0.6754493061345314,0.0,0.43156039999999996,0.650503787,0.0,1563.0
0.6388830965462365,0.0,0.39984785125,0.63053435775,0.0,1563.0
0.7131402905899161,0.0,0.35279473966666663,0.582514243,0.0,1563.0
0.8091744077716263,0.092385405,0.310162249,0.528105879,0.0,1563.0
0.8323522656597453,0.317098467,0.218118092,0.462543685,0.0,1563.0
0.829375642825907,0.5102009173333334,0.23052299866666667,0.44965474333333333,0.0,1563.0
0.8214590247782683,0.3926925925,0.215432254,0.4371666745,0.0,1563.0
0.8380488856493749,0.253399143,0.184588039,0.436675073,0.0,1563.0
0.8724461772051368,0.029166074333333333,0.17228520466666666,0.4399901016666667,0.0,1563.0
0.8376545565332256,0.0,0.169344392,0.4418589055,0.0,1563.0
0.7472289637540159,0.0,0.16040727800000001,0.40081572866666665,0.0,1563.0
0.6770688519101874,0.0,0.18385743233333332,0.41845697600000004,0.0,1563.0
0.6893567185260945,0.0,0.192053409,0.4248431755,0.0,1563.0
0.906705973710381,0.0,0.19959292066666667,0.41812201499999996,0.0,1563.0
0.9682252488557372,0.118908661,0.215070252,0.417010956,0.0,1563.0
0.9715626915198158,0.38939670699999995,0.2116406735,0.3929113265,0.0,1563.0
0.9667387112861199,0.5232687469999999,0.2354632585,0.3837458735,0.0,1563.0
0.9650216491850911,0.3547323115,0.240676797,0.362144428,0.0,1563.0
0.9680661398404417,0.207779685,0.225128772,0.366312484,0.0,1563.0
0.987977508686649,0.020072248333333334,0.24002395933333331,0.37327255100000006,0.0,1563.0
0.9170346415459163,0.0,0.236410789,0.35895886,0.0,1563.0
0.8141578099731113,0.0,0.197371166,0.33149921400000004,0.0,1563.0
0.7036039031969943,0.0,0.241818042,0.3376389635,0.0,1563.0
0.6796974592006432,0.0,0.3407602056666666,0.34118960433333334,0.0,1563.0
0.7753961490685012,0.0,0.4237068525,0.414329672,0.0,1563.0
0.942457778381063,0.0,0.441544625,0.4669920085,0.0,1563.0
0.9710194493104363,0.090088375,0.440913164,0.514882486,0.0,1563.0
0.9760167590046764,0.339043754,0.404846929,0.534947462,0.0,1563.0
0.971748721197131,0.48748260050000003,0.48731338,0.6044751315,0.0,1563.0
0.9692637054580004,0.414416914,0.514875561,0.6641179454999999,0.0,1563.0
0.9807539850690036,0.1966413975,0.501038455,0.6908365215000001,0.0,1563.0
0.9920485311137406,0.0,0.465851442,0.6959407405,0.0,1563.0
0.8918699934165577,0.0,0.4381164106666667,0.6820345706666666,0.0,1563.0
0.7156825461588229,0.0,0.37792722016666663,0.5848944110000001,0.0,1563.0
0.7303357761863825,0.0,0.287102222,0.5135168,0.0,1563.0
0.9175545704139441,0.0,0.2546973896666667,0.4732319326666667,0.0,1563.0
0.9775699274529872,0.148651726,0.244075753,0.446177427,0.0,1563.0
0.9784711871800387,0.315837933,0.210614614,0.386000385,0.0,1563.0
0.9698036981930662,0.4055670196666667,0.2668398396666667,0.3661722533333333,0.0,1563.0
0.9633554767492234,0.298716565,0.3754603305,0.3577025485,0.0,1563.0
0.9772510833824577,0.10340278900000001,0.449956618,0.425634061,0.0,1563.0
0.9873697076661676,0.0,0.506743806,0.501979588,0.0,1563.0
0.9146067315397699,0.0,0.5265874905,0.5207742129999999,0.0,1563.0
0.8110043845223288,0.0,0.4894777825,0.4715743625,0.0,1563.0
0.6831171424242336,0.0,0.443283394,0.5073375556,0.0,1563.0
0.704339927516189,0.0,0.404993967,0.555484571,0.0,1563.0
0.8962693551006584,0.0,0.3829507216666667,0.5772267913333334,0.0,1563.0
0.9563862979271023,0.0685862735,0.385604314,0.6032131685,0.0,1563.0
0.9465614155906374,0.14629294966666664,0.424962377,0.6152274213333333,0.0,1563.0
0.9412749251743915,0.12490312649999999,0.501418715,0.6494183305000001,0.0,1563.0
0.9515877178570454,0.05318357,0.5639268415,0.6935205605,0.0,1563.0
0.9597907738952025,0.0,0.591076293,0.768193394,0.0,1563.0
0.897049516697498,0.0,0.641215181,0.7875737185,0.0,1563.0
0.7977782161334889,0.0,0.680266487,0.7535790360000001,0.0,1563.0
0.6705824497223253,0.0,0.6512459486,0.8514778948,0.0,1563.0
0.6910356804491405,0.0,0.650523541,0.886383299,0.0,1563.0
0.8896868286794662,0.0,0.6406752833333333,0.8759835703333333,0.0,1563.0
0.9608404995537388,0.079879545,0.622343611,0.868961905,0.0,1563.0
0.9670059500437638,0.3684829205,0.553520633,0.826679085,0.0,1563.0
0.9592605895015369,0.5703473893333334,0.6016841083333334,0.808662077,0.0,1563.0
0.9545352586908651,0.4091798595,0.5327664805000001,0.802799559,0.0,1563.0
0.9776800247879859,0.169451753,0.474586602,0.77373571,0.0,1563.0
0.9822921279515066,0.0006465945,0.462349078,0.731113214,0.0,1563.0
0.9136337877431475,0.0,0.48467492749999996,0.6874554854999999,0.0,1563.0
0.8301433429126607,0.0,0.545254608,0.660931781,0.0,1563.0
0.6992739411799576,0.0,0.620137197,0.70539756775,0.0,1563.0
0.6436201473873066,0.0,0.7389997316666667,0.696386469,0.0,1563.0
0.7123811467421938,0.0003851903333333333,0.7966655876666667,0.7422324873333332,0.0,1563.0
0.7974420213505419,0.029965913,0.781531308,0.834307889,0.0,1563.0
0.8166083475646387,0.09726229049999999,0.7187307575,0.8711757075,0.0,1563.0
0.8135543316961031,0.17497085499999998,0.6639235205,0.8443859215,0.0,1563.0
0.806659609454335,0.1951287895,0.6546042935,0.800172125,0.0,1563.0
0.8229427450332104,0.085188997,0.5608394329999999,0.7820268335,0.0,1563.0
0.8219564974830386,0.00026807275,0.5675408719999999,0.80094957325,0.0,1563.0
0.7107664231654569,0.0,0.7120622935,0.87548842925,0.0,1563.0
0.6337542580741032,0.0,0.7420546435,0.9025156525,0.0,1563.0
0.7099396274185982,0.0006622126666666668,0.7238725296666667,0.9151722436666666,0.0,1563.0
0.8075130201756082,0.161195495,0.725376649,0.920417982,0.0,1563.0
0.8342584430363165,0.40791988199999996,0.725811934,0.9190402360000001,0.0,1563.0
0.8332761977085952,0.5353973025000001,0.7795802135000001,0.926456301,0.0,1563.0
0.8317200779387848,0.4673913475,0.779683119,0.928985465,0.0,1563.0
0.8614294084819292,0.22855688899999999,0.7914881385,0.931769661,0.0,1563.0
0.870435566789752,0.0007568936666666667,0.7302838843333334,0.9218183646666667,0.0,1563.0
0.8042517781373981,0.0,0.6623362335,0.8870941765,0.0,1563.0
0.7040914528178642,0.0,0.6290609679999999,0.8596884938,0.0,1563.0
0.7024893354416971,0.0,0.598673112,0.8187663475,0.0,1563.0
0.9138019895420865,0.000857755,0.5699704663333333,0.7607891566666667,0.0,1563.0
0.9686749397268307,0.196054623,0.555221482,0.722783687,0.0,1563.0
0.9688813162419561,0.45735110049999994,0.513281347,0.656202701,0.0,1563.0
0.9548443540010748,0.6492921405000001,0.634589531,0.694617806,0.0,1563.0
0.94587316564905,0.5153185535,0.641813866,0.730140619,0.0,1563.0
0.9508903304853649,0.306933162,0.626440085,0.762533132,0.0,1563.0
0.9725526732113136,0.131218404,0.645536862,0.789422375,0.0,1563.0
0.9799130060785222,0.0005132025,0.6989923915,0.832501811,0.0,1563.0
0.909769156833288,0.0,0.7745746090000001,0.87737632,0.0,1563.0
0.8042579045974353,0.0,0.8175015565,0.9070323065,0.0,1563.0
0.6931970672104161,0.0,0.8181388935,0.9061569575,0.0,1563.0
0.6620339630240201,0.0,0.8225393986666667,0.9097285020000001,0.0,1563.0
0.6921746646392273,0.0,0.788293855,0.909781067,0.0,1563.0
0.8601320308567958,0.0,0.7430261535,0.8656834035000001,0.0,1563.0
0.9411221663012193,0.001606877,0.692449016,0.81752631,0.0,1563.0
0.9552663191570654,0.073610061,0.651759672,0.825497132,0.0,1563.0
0.962659743882748,0.219000179,0.542258531,0.8386660865,0.0,1563.0
0.9619817643564454,0.36969345600000003,0.5340316145,0.835895636,0.0,1563.0
0.9592844245203457,0.4228583495,0.47431155199999997,0.7887850064999999,0.0,1563.0
0.9626211070701854,0.32237365,0.425580433,0.719737927,0.0,1563.0
0.9787892262649606,0.199833328,0.399273186,0.653329942,0.0,1563.0
0.9823753493609029,0.0014960355,0.4058080105,0.580268375,0.0,1563.0
0.8859186558729105,0.0,0.4602055176666667,0.5328322153333334,0.0,1563.0
0.7499429389696952,0.0,0.519823812,0.6029387454999999,0.0,1563.0
0.678636643229075,0.0,0.604420416,0.6784242203333332,0.0,1563.0
0.6901236434290268,0.0,0.7201834535,0.7427237175,0.0,1563.0
0.871751502695682,0.0,0.812620396,0.8010148595,0.0,1563.0
0.9484300889374104,0.001944257,0.861905025,0.825005,0.0,1563.0
0.9575318556714958,0.057094581,0.886085528,0.839418572,0.0,1563.0
0.9537336320257194,0.1170729345,0.8881426265,0.8756031945,0.0,1563.0
0.945260698973372,0.14370259333333332,0.9054104199999999,0.9273374256666665,0.0,1563.0
0.943574000776517,0.16203782,0.882318998,0.930761605,0.0,1563.0
0.9467454477160727,0.13832686,0.859752008,0.926716279,0.0,1563.0
0.9644746356215137,0.031792842333333335,0.8095626536666667,0.8937305289999999,0.0,1563.0
0.897953683279535,0.0,0.775035965,0.873809684,0.0,1563.0
0.764180255718114,0.0,0.7590458080000001,0.8951002566666667,0.0,1563.0
0.6558846709163054,0.0,0.798304932,0.9073332027500001,0.0,1563.0
0.7353275184571118,0.0,0.824861326,0.894458413,0.0,1563.0
0.9110089368947506,0.001630681,0.829501043,0.8942857305,0.0,1563.0
0.9449892567693674,0.33585175,0.8100273874999999,0.8772947664999999,0.0,1563.0
0.9442045635691395,0.6123475496666667,0.8690542163333334,0.8479266776666666,0.0,1563.0
0.9399101118873842,0.5729601360000001,0.8744583164999999,0.8575716645,0.0,1563.0
0.954811754108239,0.323438282,0.8280007075,0.8653589660000001,0.0,1563.0
0.9748834094439398,0.0028465235,0.7705906275000001,0.8642330035,0.0,1563.0
0.9098380235881838,0.0,0.7407615175,0.8589669295,0.0,1563.0
0.7509900709619051,0.0,0.6891805667500001,0.83949890325,0.0,1563.0
0.6710944246622909,0.0,0.6274797036666667,0.7552154130000001,0.0,1563.0
0.7087511099157414,0.0,0.57191296,0.673787963,0.0,1563.0
0.8776168015152578,0.0,0.5559838615,0.6079688335,0.0,1563.0
0.9575745173446208,0.006318351,0.546666357,0.558648961,0.0,1563.0
0.9612459189154441,0.214601085,0.530830527,0.539882726,0.0,1563.0
0.952981508939033,0.411550635,0.49136871849999997,0.49851712,0.0,1563.0
0.93614244589113,0.494487493,0.5672371736666667,0.543983617,0.0,1563.0
0.932011768812391,0.2439820245,0.5552723390000001,0.5509072475000001,0.0,1563.0
0.9613993933688649,0.038472382,0.5314453644999999,0.583213248,0.0,1563.0
0.952969434897152,0.0,0.5509332455,0.628544402,0.0,1563.0
0.8479981157253169,0.0,0.5590857715,0.6602175675,0.0,1563.0
0.7111836407506994,0.0,0.5011954423333332,0.611011217,0.0,1563.0
0.6423802742318113,0.0,0.42158942725,0.472217314,0.0,1563.0
0.7139951026249167,0.0017054183333333334,0.349983989,0.34270822033333337,0.0,1563.0
0.8061330025120756,0.170699448,0.276878765,0.294022589,0.0,1563.0
0.8169425300185182,0.35987836949999996,0.221879848,0.25950675050000005,0.0,1563.0
0.8055596795267376,0.45703378333333333,0.24245036333333334,0.28813688333333337,0.0,1563.0
0.7994586538184982,0.3225359045,0.2030087235,0.275952582,0.0,1563.0
0.8421100550436325,0.169528467,0.173923653,0.256906131,0.0,1563.0
0.8518206514434014,0.0012441696666666668,0.16941047466666667,0.24439617466666666,0.0,1563.0
0.7971269783910127,0.0,0.1578026475,0.2488677515,0.0,1563.0
0.697863950780376,0.0,0.15034724600000002,0.26287209633333336,0.0,1563.0
0.6375132858370529,0.0,0.18196518550000002,0.2954061205,0.0,1563.0
0.7051147528164278,0.0015229816666666666,0.21657465466666667,0.3604803153333333,0.0,1563.0
0.7998805296366058,0.0722078505,0.24486014849999999,0.3857593285,0.0,1563.0
0.8063441416675312,0.12452141800000001,0.2574774735,0.34788659624999996,0.0,1563.0
0.8007150691470808,0.054897944,0.25955577500000004,0.33478465550000003,0.0,1563.0
0.8322758861556836,0.008695793,0.28340929449999996,0.3651157055,0.0,1563.0
0.8222023531891413,0.0,0.300421151,0.40717312933333333,0.0,1563.0
0.7168277015003803,0.0,0.23656152175,0.37719513974999996,0.0,1563.0
0.6474120508726813,0.0,0.22993783033333334,0.41157399333333333,0.0,1563.0
0.7654120161751249,0.0,0.21616110633333332,0.38713842299999995,0.0,1563.0
0.9159206550941403,0.0213294165,0.209182689,0.367598763,0.0,1563.0
0.9269853472488703,0.068945717,0.1753625,0.34162482,0.0,1563.0
0.9207285216931892,0.11671717533333333,0.21153012200000001,0.33970368433333337,0.0,1563.0
0.9066439936647128,0.1045905085,0.242959982,0.3422749935,0.0,1563.0
0.9159877330671033,0.05045452,0.2638176895,0.3340069745,0.0,1563.0
0.9271584978986969,0.0011767155,0.3212176415,0.344457925,0.0,1563.0
0.8862209838384814,0.0,0.3499966125,0.3911534455,0.0,1563.0
0.7927546118846434,0.0,0.39034853049999996,0.47662765949999997,0.0,1563.0
0.6613732776654624,0.0,0.45350179839999993,0.6221172394,0.0,1563.0
0.7783796212300055,0.0,0.4944945756666666,0.63601225,0.0,1563.0
0.9278460919760676,0.005322584,0.525513555,0.675825751,0.0,1563.0
0.9364283173553143,0.19937146,0.507506368,0.681335452,0.0,1563.0
0.9417152251090275,0.4162724155,0.458854847,0.6367790794999999,0.0,1563.0
0.9327854015463573,0.5295865755,0.5321497745,0.6382029840000001,0.0,1563.0
0.9229159495926735,0.4498103685,0.513046495,0.683929383,0.0,1563.0
0.9279467088342986,0.307750163,0.449718741,0.654307946,0.0,1563.0
0.9521990666396061,0.09974390649999999,0.369382652,0.5885980485,0.0,1563.0
0.9420407769431154,0.0,0.31326690749999997,0.5292185805,0.0,1563.0
0.8424603810014208,0.0,0.233396137,0.4457562425,0.0,1563.0
0.7207185524491334,0.0,0.1754514113333333,0.3463083896666667,0.0,1563.0
0.6618677437748541,0.0,0.13334651266666667,0.2902036426666667,0.0,1563.0
0.8078222944764709,0.0,0.09304707133333334,0.24802475866666665,0.0,1563.0
0.9459539275676334,0.011282286,0.077532311,0.211547126,0.0,1563.0
0.9565951787369334,0.180072049,0.076820449,0.193487523,0.0,1563.0
0.952853032223923,0.299921262,0.073957216,0.179653643,0.0,1563.0
0.9460851767935254,0.4371810365,0.061090198,0.16898434699999998,0.0,1563.0
0.943158564438416,0.47327302299999996,0.06778213550000001,0.161782659,0.0,1563.0
0.9415593358337352,0.388656379,0.077975577,0.173444693,0.0,1563.0
0.953023455031909,0.21451441599999999,0.086047333,0.19127646399999998,0.0,1563.0
0.9556977647673318,0.004317052,0.15458356266666665,0.24409273233333337,0.0,1563.0
0.8484224062978201,0.0,0.2283916815,0.31309508649999995,0.0,1563.0
0.6938806142277052,0.0,0.25462857133333333,0.3792253311666667,0.0,1563.0
0.8103767730961899,0.0,0.301435951,0.46617374399999995,0.0,1563.0
0.9475357157846349,0.009910521,0.340829341,0.537775523,0.0,1563.0
0.95746415172607,0.155109302,0.347098309,0.560821814,0.0,1563.0
0.9611006727914378,0.251289132,0.373657702,0.569785682,0.0,1563.0
0.96081814025191,0.3202162465,0.427371713,0.5564012810000001,0.0,1563.0
0.9572115807103716,0.30004242999999997,0.4425932725,0.5277565625,0.0,1563.0
0.9556826498861329,0.229129733,0.397869129,0.502921997,0.0,1563.0
0.9590465659830101,0.175146968,0.364389435,0.499359462,0.0,1563.0
0.9795294988569009,0.105694642,0.355155706,0.51144921,0.0,1563.0
0.9739840576834741,0.0037526036666666665,0.406214401,0.57127922,0.0,1563.0
0.8581585966290683,0.0,0.45555638249999997,0.667059071,0.0,1563.0
0.7189772042652036,0.0,0.47176402349999996,0.6956577174999999,0.0,1563.0
0.6917056106141892,0.0,0.462834047,0.65453615,0.0,1563.0
0.882743169295605,0.0,0.49587556050000003,0.6752019995,0.0,1563.0
0.9585669137230384,0.020161672,0.524223805,0.722915178,0.0,1563.0
0.9621152495260156,0.190651892,0.530699358,0.755668716,0.0,1563.0
0.9679968259238005,0.304266144,0.567184983,0.762018183,0.0,1563.0
0.9661109210717552,0.405112671,0.620848103,0.7848575539999999,0.0,1563.0
0.961633406058783,0.3574165555,0.635303797,0.7949918185,0.0,1563.0
0.9671080874003753,0.264381657,0.635944611,0.805813718,0.0,1563.0
0.9821775587291518,0.178223118,0.63596754,0.821151782,0.0,1563.0
0.9735726162017219,0.006721901,0.6855793426666666,0.8601302693333333,0.0,1563.0
0.8551324404824603,0.0,0.6909003985,0.870828303,0.0,1563.0
0.6911055757097884,0.0,0.6569096388,0.8280699544000001,0.0,1563.0
0.6686461527712438,0.0,0.615322342,0.8025643783333333,0.0,1563.0
0.7324009731728902,0.0,0.571415363,0.779128259,0.0,1563.0
0.7762620141249398,0.037048505,0.561717197,0.777874646,0.0,1563.0
0.8119215641386789,0.230345341,0.529755955,0.781489873,0.0,1563.0
0.8392125545578034,0.437432971,0.568656796,0.766656911,0.0,1563.0
0.8369952694744793,0.6056302065,0.5349072785,0.7241198255,0.0,1563.0
0.8255902683383571,0.56726959,0.49311603000000004,0.700466493,0.0,1563.0
0.8378462207724153,0.411645971,0.467045414,0.70299769,0.0,1563.0
0.8682405963618074,0.255079805,0.480995843,0.72424755,0.0,1563.0
0.8567949459491038,0.00617253675,0.56428110475,0.7999752635,0.0,1563.0
0.7411743858053031,0.0,0.5489466756666667,0.8490305733333333,0.0,1563.0
0.6596935153114215,0.0,0.536089348,0.8086465837500001,0.0,1563.0
0.6947778418517983,0.0,0.5333729443333333,0.7927444906666666,0.0,1563.0
0.7739464821338874,0.040448762,0.530940898,0.81130779,0.0,1563.0
0.8118770243457382,0.284746484,0.527065185,0.809713511,0.0,1563.0
0.838119049220565,0.522841297,0.5052264959999999,0.7766816169999999,0.0,1563.0
0.8353061116968439,0.681941615,0.4701341965,0.7162987705,0.0,1563.0
0.8288950217042412,0.6675988205000001,0.4414926685,0.6893741760000001,0.0,1563.0
0.8443079769505202,0.50930767,0.438610842,0.688306179,0.0,1563.0
0.8727410818269002,0.324387209,0.450006775,0.713509993,0.0,1563.0
0.879279217441591,0.04865705,0.495416234,0.751680086,0.0,1563.0
0.8530661255803432,0.0,0.549656,0.8113713826666666,0.0,1563.0
0.7719618234513524,0.0,0.527126774,0.814750341,0.0,1563.0
0.7004662009032356,0.0,0.5457827299999999,0.8203474789999999,0.0,1563.0
0.8384692112122994,0.0,0.5464951273333333,0.7949033853333334,0.0,1563.0
0.9686385387229948,0.048710755,0.536697845,0.804293318,0.0,1563.0
0.9748019320125832,0.31092759,0.533109042,0.812270131,0.0,1563.0
0.9793779920636061,0.45585891,0.605589065,0.799720793,0.0,1563.0
0.9803775881712202,0.48566606300000004,0.5801511655,0.7666053625,0.0,1563.0
0.9785557948785639,0.36407037,0.5106086940000001,0.6963398315,0.0,1563.0
0.97881659402125,0.296932398,0.467887109,0.655042963,0.0,1563.0
0.981762748498465,0.230465557,0.435071661,0.643769459,0.0,1563.0
0.9959079746234707,0.160833525,0.365456284,0.63142164,0.0,1563.0
0.9838686096062178,0.008519096,0.33496494666666665,0.6489109936666666,0.0,1563.0
0.8637544208147979,0.0,0.34434458,0.647216746,0.0,1563.0
0.7652192563772888,0.0,0.3204574845,0.5780805815000001,0.0,1563.0
0.6995755237747391,0.0,0.3413655325,0.4885136955,0.0,1563.0
0.7906307217308342,0.0,0.3580389995,0.541961015,0.0,1563.0
0.9265175901525861,0.0,0.353428656,0.599483259,0.0,1563.0
0.9640853746758568,0.046890511,0.358880591,0.629322585,0.0,1563.0
0.9764690435758345,0.26863268,0.34702208,0.627693498,0.0,1563.0
0.9831430345805012,0.444942942,0.311628841,0.60745201,0.0,1563.0
0.9809089501290513,0.646487041,0.3908950176666666,0.570725391,0.0,1563.0
0.979225948703207,0.64941761,0.471585805,0.544593575,0.0,1563.0
0.9796825261485766,0.575783511,0.495400567,0.549835955,0.0,1563.0
0.9828985128810728,0.430279258,0.484357513,0.550564519,0.0,1563.0
0.9981134092795244,0.271234363,0.478759442,0.599472395,0.0,1563.0
0.9830125753156179,0.021719371333333334,0.49362074799999994,0.7051536193333333,0.0,1563.0
0.860665256157255,0.0,0.5108236215,0.735104204,0.0,1563.0
0.7454294254681827,0.0,0.527446598,0.6841372963333333,0.0,1563.0
0.693799397702553,0.0,0.5740891143333333,0.739456643,0.0,1563.0
0.7874438914690841,0.0,0.6388469415,0.821733563,0.0,1563.0
0.9212480331787662,0.0,0.668854189,0.862354105,0.0,1563.0
0.9595823849160583,0.050700382,0.671729407,0.886030253,0.0,1563.0
0.9762029228237676,0.3603742215,0.7048331545,0.9184515465,0.0,1563.0
0.9819852983417774,0.5907432826666666,0.7678782713333333,0.9267401423333332,0.0,1563.0
0.9805309284828653,0.583565282,0.786170442,0.923968415,0.0,1563.0
0.9807296581745242,0.510472371,0.808796908,0.918928011,0.0,1563.0
0.9829507443688487,0.391078315,0.819893442,0.928368398,0.0,1563.0
0.9944774845197846,0.10114705866666666,0.802887241,0.9337117513333334,0.0,1563.0
0.8908183000754034,0.0,0.7809930886666666,0.9308461803333333,0.0,1563.0
0.7553170033855809,0.0,0.7936100749999999,0.9286418715,0.0,1467.0
0.675863132602631,0.0,0.8162686587499999,0.92977012675,0.0,1371.0
0.7471608572258186,0.0,0.8433273225,0.9339069365,0.0,1371.0
0.8839992715367425,0.0,0.856354967,0.93561568,0.0,1371.0
0.9457961601050496,0.022893019,0.865786149,0.936203609,0.0,1371.0
0.9690736959264432,0.2517775595,0.8584497415000001,0.936357911,0.0,1371.0
0.9780235235951356,0.3665981343333333,0.897570428,0.9366909146666668,0.0,1371.0
0.9775183667415672,0.264074232,0.915762797,0.935438108,0.0,1371.0
0.980623764308378,0.166828424,0.913780249,0.934994455,0.0,1371.0
0.995183353569801,0.05769667,0.9068779835,0.9304813055,0.0,1371.0
0.9743179867434487,0.0,0.909468109,0.9286375315,0.0,1371.0
0.8593235622863156,0.0,0.9039992445,0.9321832725,0.0,1371.0
0.7332629699799648,0.0,0.9045332663333333,0.9314365953333333,0.0,1371.0
0.6768913337579782,0.0,0.9022553740000001,0.9237179456666667,0.0,1371.0
0.7531451077497466,0.0,0.900070752,0.9277285449999999,0.0,1371.0
0.8917812119385067,0.0,0.895898427,0.927968024,0.0,1371.0
0.9612748966429485,0.032141154,0.8885266315,0.9276507615,0.0,1371.0
0.9794970331058412,0.109385415,0.8763741469999999,0.9307804879999999,0.0,1371.0
0.9797960221017717,0.1560344355,0.877472603,0.927621593,0.0,1371.0
0.9792500519830758,0.1480828555,0.869879318,0.9226808865,0.0,1371.0
0.9887167230115363,0.0808666705,0.8549155225,0.912265638,0.0,1371.0
0.9809725699027373,0.0035280636666666664,0.839336575,0.9049331669999999,0.0,1371.0
0.8593098336717536,0.0,0.7896763010000001,0.8722581385,0.0,1371.0
0.7196190250593236,0.0,0.7496269093333333,0.836674903,0.0,1371.0
0.648311351967861,0.0,0.7267192504,0.84956496,0.0,1371.0
0.6826450744377148,0.0,0.725310797,0.848066417,0.0,1371.0
0.7500700069937298,0.0487164885,0.707569424,0.8292070575,0.0,1371.0
0.807674007445671,0.147812062,0.706277143,0.809802516,0.0,1371.0
0.8133372375139801,0.24095661566666662,0.6992645686666666,0.7821321616666667,0.0,1371.0
0.8112950557834857,0.2296326985,0.679215577,0.767798593,0.0,1371.0
0.8322480711701732,0.120954906,0.6496107680000001,0.757305517,0.0,1371.0
0.827189250892743,0.00549487175,0.6254151105,0.7474796512499999,0.0,1371.0
0.7259978431136908,0.0,0.5477127353333334,0.7337027786666667,0.0,1371.0
0.6337458845031527,0.0,0.53059996125,0.7667929907500001,0.0,1371.0
0.6429753789716068,0.0,0.5378604713333334,0.7746612713333333,0.0,1371.0
0.7104984912969864,0.036574646,0.540914827,0.77595845,0.0,1371.0
0.755203104939582,0.104404849,0.539154828,0.759794122,0.0,1371.0
0.7894379186186543,0.2029041735,0.5471720470000001,0.6866281965000001,0.0,1371.0
0.7887548859014742,0.226342318,0.5465523555,0.6593991795,0.0,1371.0
0.7859189182320925,0.198632919,0.5018821090000001,0.633178963,0.0,1371.0
0.7943315705928536,0.140269869,0.450670028,0.59370552,0.0,1371.0
0.8222737539505615,0.061471253999999996,0.412850514,0.5578529050000001,0.0,1371.0
0.8094277538137026,0.0,0.3782053943333333,0.5444960179999999,0.0,1371.0
0.7122682321487497,0.0,0.31208637925,0.53312543675,0.0,1371.0
0.6446930224886164,0.0,0.2816746236666667,0.5056366963333333,0.0,1371.0
0.7205576397622581,0.0,0.2454446335,0.4741433495,0.0,1371.0
0.8690485730341251,0.0,0.238693642,0.440654597,0.0,1371.0
0.9340905155352675,0.070590237,0.2192086595,0.422014351,0.0,1371.0
0.9426697895255386,0.1649043505,0.2144457105,0.393324384,0.0,1371.0
0.93763071254914,0.2141635315,0.21237233900000002,0.3602952425,0.0,1371.0
0.935174719273931,0.17509379349999998,0.2252025845,0.37673584250000003,0.0,1371.0
0.940873798889325,0.126127688,0.269901908,0.406817351,0.0,1371.0
0.9587888971074928,0.053983741,0.319804449,0.460786543,0.0,1371.0
0.9471493467143484,0.0,0.36053866349999997,0.49967713750000003,0.0,1371.0
0.8407209147946701,0.0,0.3585658595,0.5107290115,0.0,1371.0
0.7326521131630425,0.0,0.35725880499999996,0.514065803,0.0,1371.0
0.6458508331418382,0.0,0.362466606,0.475881051,0.0,1371.0
0.6686616851023695,0.0,0.342455942,0.389944313,0.0,1371.0
0.8179545132554584,0.0,0.3258417685,0.3523011445,0.0,1371.0
0.9269620934885989,0.02377681,0.304437748,0.330753682,0.0,1371.0
0.9415265123937647,0.1316384085,0.272526807,0.2962341945,0.0,1371.0
0.9411578965286995,0.29096910600000003,0.24496013249999998,0.2523595035,0.0,1371.0
0.9347233291612151,0.33249738900000003,0.2391659005,0.2243088725,0.0,1371.0
0.9291041171409139,0.308672892,0.218885719,0.186800148,0.0,1371.0
0.9423501405368772,0.1949348575,0.209271867,0.16692894549999998,0.0,1371.0
0.9605843511091265,0.031535417,0.22887633000000002,0.1687766225,0.0,1371.0
0.8748621174194243,0.0,0.252692015,0.19329588833333333,0.0,1371.0
0.7127802457860536,0.0,0.255233735,0.246332141,0.0,1371.0
0.6443263593490463,0.0,0.2712036416666667,0.2846455776666667,0.0,1371.0
0.7203800396944975,0.0,0.2925225355,0.31120000400000003,0.0,1371.0
0.8688074499528933,0.0,0.295694746,0.326105751,0.0,1371.0
0.9312783381932609,0.073084306,0.286527554,0.330788612,0.0,1371.0
0.945709584813874,0.218101715,0.28224293,0.34376385,0.0,1371.0
0.9417898158311565,0.438759057,0.29157622549999995,0.400547879,0.0,1371.0
0.9322446188277906,0.600380744,0.35289721350000003,0.44334961100000003,0.0,1371.0
0.9260236278395797,0.564395543,0.3981209285,0.493504363,0.0,1371.0
0.9402767154233818,0.36311404999999997,0.363851137,0.5301242150000001,0.0,1371.0
0.9551167800463883,0.03227657133333333,0.3377273413333333,0.5545109113333333,0.0,1371.0
0.8480896548020109,0.0,0.33690219,0.5960060954999999,0.0,1371.0
0.7388429638167062,0.0,0.32778335449999996,0.5570354015000001,0.0,1371.0
0.6512979902171566,0.0,0.37496416,0.56699804525,0.0,1371.0
0.7199116788252697,0.0,0.4031907935,0.5755880375,0.0,1371.0
0.8687678292765297,0.0,0.410698814,0.569576323,0.0,1371.0
0.9363118700131436,0.16577170800000002,0.39782328499999997,0.5687848074999999,0.0,1371.0
0.949364440522936,0.45199222250000004,0.35400025,0.5147237145,0.0,1371.0
0.9401878593846352,0.574670545,0.398443273,0.58026351,0.0,1371.0
0.9279625839871798,0.552570279,0.414493284,0.6247710245,0.0,1371.0
0.9371079515217737,0.363819877,0.365744822,0.6068403505,0.0,1371.0
0.9462200930111337,0.041292684333333336,0.30794746500000003,0.5588083726666667,0.0,1371.0
0.8427434501080528,0.0,0.284281626,0.4953718345,0.0,1371.0
0.6988102646117231,0.0,0.26884820675000004,0.40355041975,0.0,1371.0
0.6668029541712972,0.0,0.21883311400000002,0.30432365933333333,0.0,1371.0
0.8343941641495647,0.000573041,0.20670892600000002,0.27239445149999997,0.0,1371.0
0.9420760599413747,0.20487507649999998,0.216499673,0.31634570549999996,0.0,1371.0
0.942390685473469,0.439575639,0.234823519,0.3506319426666667,0.0,1371.0
0.9343464851016865,0.401705262,0.2861974335,0.3836766495,0.0,1371.0
0.9377809672625577,0.23777222600000003,0.31866883700000004,0.445736063,0.0,1371.0
0.9560385507347475,0.04611706499999999,0.40596741633333333,0.5917119306666666,0.0,1371.0
0.8677908458871414,0.0,0.45929322066666667,0.6967574843333333,0.0,1371.0
0.7219181825095247,0.0,0.454404284,0.729254565,0.0,1371.0
0.6099211041487153,0.0,0.48333550975000006,0.7558097015,0.0,1371.0
0.6094203335332941,0.0,0.5544574785,0.784461855,0.0,1371.0
0.6598253458745729,0.01517792,0.58460519,0.802125517,0.0,1371.0
0.7396887723834547,0.0913764115,0.5865306655,0.795433624,0.0,1371.0
0.7595288299185843,0.12435650300000001,0.637392955,0.8028557645000001,0.0,1371.0
0.7541222550826974,0.1443952095,0.666430584,0.8223926045000001,0.0,1371.0
0.7499543645696911,0.163277793,0.655546958,0.808797845,0.0,1371.0
0.7788974185843126,0.0955644565,0.6497100315,0.7916364175,0.0,1371.0
0.7739347434127087,0.0,0.5687730085,0.6952671705,0.0,1371.0
0.7000320676846646,0.0,0.362945882,0.46117748999999997,0.0,1371.0
0.6213313708893521,0.0,0.24553980475,0.3340386315,0.0,1371.0
0.6285619750065573,0.0,0.21948619733333333,0.3599769986666666,0.0,1371.0
0.7000699220485176,0.048525617,0.214714276,0.372310889,0.0,1371.0
0.7511037905634486,0.18700611849999998,0.189390548,0.3755163245,0.0,1371.0
0.7670072647681203,0.3462459365,0.2099354565,0.390247861,0.0,1371.0
0.7644544556107293,0.382377984,0.22637199149999998,0.38796750999999996,0.0,1371.0
0.7664367888767516,0.271614385,0.252834159,0.3913779985,0.0,1371.0
0.794360906009269,0.1038685825,0.275710179,0.472922709,0.0,1371.0
0.7909506017564377,0.0,0.274987489,0.5216473083333334,0.0,1371.0
0.7343224667332919,0.0,0.2104320865,0.4915279795,0.0,1371.0
0.6578012826629696,0.0,0.19672246766666668,0.4803855046666667,0.0,1371.0
0.627655438429034,0.0,0.1764641075,0.43638167,0.0,1371.0
0.6522661267719828,0.0,0.173283417,0.440582549,0.0,1371.0
0.7775211572278873,0.000529836,0.1813129035,0.45634807850000003,0.0,1371.0
0.9153555006772014,0.060702253000000005,0.187060747,0.466306051,0.0,1371.0
0.9325452176599849,0.1902800815,0.205238292,0.4903201215,0.0,1371.0
0.9278813749068511,0.24879119300000002,0.2574024435,0.49530054599999995,0.0,1371.0
0.9220693658645956,0.22056846566666666,0.3149951406666667,0.476284425,0.0,1371.0
0.9436452822183325,0.101404563,0.356355406,0.448371136,0.0,1371.0
0.9137577479019598,0.0,0.312402067,0.47073512199999995,0.0,1371.0
0.790221747274686,0.0,0.2485671215,0.49045851349999997,0.0,1371.0
0.6606900705234882,0.0,0.2142401575,0.50925679075,0.0,1371.0
0.6552595711509741,0.0,0.172969366,0.44673455149999997,0.0,1371.0
0.8170967199847122,0.000858642,0.15501726100000002,0.366846146,0.0,1371.0
0.9256771477292087,0.17998706949999999,0.135836605,0.2623562605,0.0,1371.0
0.9367753341677407,0.371284713,0.122032183,0.154982707,0.0,1371.0
0.9270506365073763,0.4947371945,0.20154473550000002,0.1541431155,0.0,1371.0
0.9198801789624731,0.4440432895,0.27082415449999997,0.2164013585,0.0,1371.0
0.9167243834937124,0.311524366,0.3052701295,0.270538599,0.0,1371.0
0.9394010346706867,0.1536370715,0.34026846850000003,0.330246211,0.0,1371.0
0.9139227895194842,0.0,0.4290929536666666,0.45772899633333336,0.0,1371.0
0.7916790387657711,0.0,0.5247211235,0.618957973,0.0,1371.0
0.6806363794787234,0.0,0.578929962,0.7147542805,0.0,1371.0
0.6413322665056779,0.0,0.6353033973333333,0.7643053026666666,0.0,1371.0
0.7048953333077597,0.0,0.6992884914999999,0.7912608605,0.0,1371.0
0.8471299030528465,0.00279663,0.743063644,0.823933993,0.0,1371.0
0.9160291873292926,0.088277206,0.778145096,0.8576258345000001,0.0,1371.0
0.9195447443612408,0.2151255875,0.8102971075000001,0.8871729775,0.0,1371.0
0.9137314980837717,0.263022186,0.861729394,0.900460388,0.0,1371.0
0.9115880434733863,0.1794769105,0.8787287770000001,0.9077541695,0.0,1371.0
0.9115110825983275,0.125288623,0.87805156,0.916827528,0.0,1371.0
0.9259834705286364,0.072521338,0.891912032,0.921665994,0.0,1371.0
0.9293609810982995,0.0152321355,0.8971216395,0.9297647170000001,0.0,1371.0
0.8861884286145869,0.0,0.900414024,0.9284740235,0.0,1371.0
0.7868319837849487,0.0,0.872075192,0.9161685989999999,0.0,1371.0
0.6702758049286546,0.0,0.851847075,0.8908046665,0.0,1371.0
0.6285081561069563,0.0,0.84744034,0.8827351525,0.0,1371.0
0.6391255498779932,0.0,0.8066722719999999,0.8639739305,0.0,1371.0
0.7740798331616816,0.0008148275,0.762441948,0.842090706,0.0,1371.0
0.9116213588789952,0.061253086,0.733807235,0.8156480545,0.0,1371.0
0.9199962686157329,0.1877363835,0.703003807,0.7537906974999999,0.0,1371.0
0.9127954024527307,0.29958080200000003,0.7082235475,0.763733322,0.0,1371.0
0.9046175230985536,0.2967752825,0.706427137,0.7421195485000001,0.0,1371.0
0.9032944769587533,0.24249109,0.71195297,0.759080443,0.0,1371.0
0.9254668805627729,0.13209823650000002,0.6908787805000001,0.774303569,0.0,1371.0
0.9246009485703979,0.0007559675,0.6451418925,0.804312616,0.0,1371.0
0.8384371329744285,0.0,0.6117457264999999,0.7703891295,0.0,1371.0
0.7020143338573069,0.0,0.5675487953333334,0.7320633866666667,0.0,1371.0
0.6291281728233941,0.0,0.5346278830000001,0.6651609276666667,0.0,1371.0
0.6896766804672495,0.0,0.5282599290000001,0.6246571910000001,0.0,1371.0
0.8324756890490264,0.002557667,0.522577432,0.610230325,0.0,1371.0
0.9063484927598132,0.074102615,0.514282011,0.612955466,0.0,1371.0
0.920791411064455,0.208299513,0.5178623335,0.602530755,0.0,1371.0
0.9170178720020687,0.323337911,0.5606336795,0.5791737025,0.0,1371.0
0.9105446678220217,0.339417408,0.5890990505,0.5349363195,0.0,1371.0
0.9057103575244846,0.291767574,0.593600102,0.502738995,0.0,1371.0
0.9106320033623875,0.235071542,0.594157183,0.497485117,0.0,1371.0
0.9312533851913672,0.1309050995,0.5932044945,0.5388318999999999,0.0,1371.0
0.936768134438544,0.0011455575,0.630058738,0.6295369485,0.0,1371.0
0.8381709676208957,0.0,0.646848019,0.6930367635,0.0,1371.0
0.7244088104085834,0.0,0.6844424035000001,0.760866865,0.0,1371.0
0.6242686889592564,0.0,0.7713696488,0.843850207,0.0,1371.0
0.6572522120788912,0.001374147,0.834774921,0.8994946115,0.0,1371.0
0.7201949267426194,0.087082553,0.849218353,0.915060372,0.0,1371.0
0.7891375434010706,0.20230432799999998,0.8721545475,0.9250633725,0.0,1371.0
0.8168642276582234,0.3452436215,0.883197163,0.9299539835,0.0,1371.0
0.8163702654126928,0.39314864,0.8770286795,0.928634569,0.0,1371.0
0.8224862123242581,0.32809626150000004,0.854545094,0.9272603945,0.0,1371.0
0.8495664883477259,0.171958444,0.8105465215000001,0.9244239395,0.0,1371.0
0.8265390789408649,0.0009191926666666667,0.7852149239999999,0.921549529,0.0,1371.0
0.7227690890710436,0.0,0.7496580475,0.89651942775,0.0,1371.0
0.6567735883381667,0.0,0.770361312,0.8844401659999999,0.0,1371.0
0.692345534541483,0.004571077,0.78110074,0.88334861,0.0,1371.0
0.738363177280007,0.128693658,0.762598831,0.882883283,0.0,1371.0
0.7819226803399543,0.251636722,0.821370833,0.882858297,0.0,1371.0
0.81612407429592,0.3547543016666667,0.8523949423333335,0.8797598073333334,0.0,1371.0
0.8178744221132309,0.3159235225,0.8603957915,0.8838737795,0.0,1371.0
0.8178559085913437,0.266375886,0.844575384,0.887462897,0.0,1371.0
0.8273300028286601,0.211222063,0.813747445,0.893365978,0.0,1371.0
0.8476633965019061,0.150025428,0.766134326,0.896752035,0.0,1371.0
0.8514351467823598,0.089504417,0.728900427,0.896780107,0.0,1371.0
0.8246638169926946,0.0014217196666666666,0.6920203386666667,0.8834864589999999,0.0,1371.0
0.7692647966352221,0.0,0.61137397,0.818077353,0.0,1371.0
0.6949783118665607,0.0,0.6115903947500001,0.81879515675,0.0,1371.0
0.6606362740033418,0.0,0.6142440140000001,0.8226337735,0.0,1371.0
0.7405443967814107,0.0,0.6111018675,0.8185965115,0.0,1371.0
0.8841915617483951,0.009819292,0.602013249,0.819982489,0.0,1371.0
0.9438841693558864,0.178414223,0.581970438,0.820613673,0.0,1371.0
0.9602529858349709,0.339488859,0.583568667,0.816093982,0.0,1371.0
0.9694321159369189,0.448106194,0.617604172,0.804132687,0.0,1371.0
0.9680894830735474,0.4689852765,0.6029639755,0.79525358,0.0,1371.0
0.9616456142424399,0.45978941949999996,0.589441873,0.7687666445,0.0,1371.0
0.954533291030739,0.415191785,0.576217194,0.758201558,0.0,1371.0
0.9564921469218797,0.340960541,0.560321444,0.757184742,0.0,1371.0
0.9733625280034468,0.249308855,0.512916567,0.755292465,0.0,1371.0
0.9782284095936016,0.0750009345,0.47899652849999996,0.7445780055,0.0,1371.0
0.9115527604751272,0.0,0.4523560345,0.7134665245,0.0,1371.0
0.8003032103053693,0.0,0.353868118,0.5881930355,0.0,1371.0
0.6706360472565072,0.0,0.304451706,0.54770784925,0.0,1371.0
0.668968276185349,0.0,0.2850826575,0.5276474,0.0,1371.0
0.7850708736541903,0.0,0.273611358,0.520174927,0.0,1371.0
0.8801865590272139,0.008795795,0.26063581,0.503638328,0.0,1371.0
0.9344391421839575,0.208850405,0.237846567,0.482420089,0.0,1371.0
0.9477416004690732,0.406109312,0.212895503,0.452379681,0.0,1371.0
0.9524737286735815,0.569193079,0.223026844,0.423709201,0.0,1371.0
0.9449966353092817,0.6748909375,0.20593558899999997,0.384114128,0.0,1371.0
0.9386283858005213,0.645143073,0.176831709,0.34940364300000004,0.0,1371.0
0.9353389262165213,0.523771413,0.157990134,0.334076193,0.0,1371.0
0.9523517361748951,0.339804644,0.136547706,0.313138953,0.0,1371.0
0.9573967159292447,0.197005381,0.135296044,0.290280737,0.0,1371.0
0.9542652921588564,0.003909588,0.152554058,0.2776877405,0.0,1371.0
0.8489889469364122,0.0,0.1653021085,0.24518708299999997,0.0,1371.0
0.7220209683754972,0.0,0.19706229033333333,0.23043433966666668,0.0,1371.0
0.6730518496853287,0.0,0.250821603,0.272159983,0.0,1371.0
0.6874703961566467,0.0,0.30503038650000003,0.319626992,0.0,1371.0
0.8442591442158922,0.009822933,0.3774436805,0.35617389850000003,0.0,1371.0
0.9389329197505404,0.135471521,0.406345647,0.380801939,0.0,1371.0
0.9471562332886245,0.240620975,0.406360437,0.390155062,0.0,1371.0
0.9432446925678462,0.350822632,0.421105984,0.377863395,0.0,1371.0
0.9383669604829452,0.481757181,0.5077388015,0.44020627599999995,0.0,1371.0
0.9247681963747979,0.38310531800000003,0.592375721,0.510315893,0.0,1371.0
0.9201453158507393,0.23033332350000002,0.6176265160000001,0.6019122785,0.0,1371.0
0.944031293667184,0.09208981499999999,0.604520414,0.675884982,0.0,1371.0
0.9142315271632752,0.0017860956666666667,0.5900432686666667,0.7090852473333333,0.0,1371.0
0.7901613770652813,0.0,0.5561754615000001,0.7124111525000001,0.0,1371.0
0.6781190099307898,0.0,0.5757844935,0.7374713660000001,0.0,1371.0
0.6378130723062917,0.0,0.5612604033333334,0.7160070306666667,0.0,1371.0
0.7069738786830206,0.0,0.5263236305,0.675487855,0.0,1371.0
0.8497657100050231,0.01448442,0.51412031,0.67599092,0.0,1371.0
0.9099466452286947,0.120187216,0.507234827,0.685288146,0.0,1371.0
0.926626345934873,0.251668455,0.513658522,0.694501845,0.0,1371.0
0.9240774272263655,0.3497319665,0.60787512,0.6996578840000001,0.0,1371.0
0.9214342416667989,0.331884242,0.6381580849999999,0.689378983,0.0,1371.0
0.9209685416359996,0.2580719945,0.6788367785,0.70838538,0.0,1371.0
0.928236128083054,0.146016002,0.68878713,0.729386817,0.0,1371.0
0.9490220298071175,0.05908163550000001,0.661670277,0.7604825095000001,0.0,1371.0
0.9133888190169254,0.0004864383333333334,0.64225447,0.8075739376666666,0.0,1371.0
0.7563980768120921,0.0,0.630306613,0.82346656,0.0,1371.0
0.635488894738325,0.0,0.70141949375,0.8689282895,0.0,1371.0
0.6927969022522525,0.0,0.7129465125000001,0.8854325215000001,0.0,1371.0
0.836066775997963,0.008000456,0.676431182,0.894574949,0.0,1371.0
0.9147050679203327,0.1327295665,0.6491802655000001,0.877774199,0.0,1371.0
0.919961835227039,0.3124168543333333,0.562472677,0.7863743343333334,0.0,1371.0
0.9149631392886539,0.322041643,0.492464605,0.6283895465,0.0,1371.0
0.9135028068008073,0.2549380135,0.40084604599999996,0.4793698755,0.0,1371.0
0.9324594920233584,0.10627122350000001,0.316273992,0.40515132249999997,0.0,1371.0
0.9364408385589406,0.0016028565,0.3036403995,0.39384118349999997,0.0,1371.0
0.8382217680156494,0.0,0.294774513,0.4144891275,0.0,1371.0
0.698690992498808,0.0,0.29115704866666664,0.408120233,0.0,1371.0
0.6121210048492264,0.0,0.29690952249999997,0.3977022535,0.0,1371.0
0.6402543828824321,0.007837387,0.234726083,0.344491589,0.0,1371.0
0.7221490873342207,0.21603941650000003,0.170506645,0.289737723,0.0,1371.0
0.7758065992866129,0.47261037766666664,0.16197742333333331,0.20366205366666668,0.0,1371.0
0.7689193002537007,0.482882778,0.173208262,0.1977682115,0.0,1371.0
0.7683297295369235,0.39232337100000003,0.2009395115,0.2246592415,0.0,1371.0
0.7938191394269014,0.19731763349999998,0.176896551,0.23309972499999998,0.0,1371.0
0.8065408813645936,0.005962,0.17153531300000002,0.2296607905,0.0,1371.0
0.7638763328284186,0.0,0.163643919,0.20631428950000003,0.0,1371.0
0.7005014123502176,0.0,0.16968787899999999,0.19848852649999998,0.0,1371.0
0.6125993082016306,0.0,0.20521315266666665,0.2433755466666667,0.0,1371.0
0.6334887037921402,0.0,0.205337452,0.2681317833333334,0.0,1371.0
0.7074836490780203,0.043424369,0.1977696,0.263611006,0.0,1371.0
0.7623630535424506,0.33330704099999997,0.163564219,0.2277286235,0.0,1371.0
0.7708232417540694,0.6051291176666667,0.15342902233333333,0.17922028033333334,0.0,1371.0
0.7627651189549007,0.5755944045000001,0.179145782,0.17140660400000002,0.0,1371.0
0.7714145565838378,0.46723762700000004,0.2106848895,0.187299673,0.0,1371.0
0.7898378375602608,0.2615474005,0.1814102805,0.170703828,0.0,1371.0
0.7717462646122734,0.006386014333333333,0.1730032713333333,0.16871977933333335,0.0,1371.0
0.6690838739179544,0.0,0.14666419883333334,0.17593850983333334,0.0,1371.0
0.7258333231961152,0.0,0.132642347,0.17241123149999998,0.0,1371.0
0.9030353770576898,0.033534147,0.1374361235,0.17095154699999998,0.0,1371.0
0.9395259786258244,0.238600022,0.12548251,0.141889942,0.0,1371.0
0.9380863061981843,0.401905842,0.113370893,0.119417407,0.0,1371.0
0.9206414097449422,0.5477160346666666,0.16678784266666666,0.1567113086666667,0.0,1371.0
0.9062248904248632,0.3840597135,0.2510723635,0.22425483699999998,0.0,1371.0
0.9120439054059828,0.25537946349999996,0.250740091,0.289450072,0.0,1371.0
0.9250075305391455,0.159850956,0.276416114,0.347879756,0.0,1371.0
0.9306182907503727,0.08105977,0.317537126,0.409949648,0.0,1371.0
0.8653900801576251,0.0014606213333333334,0.42919982,0.544227118,0.0,1371.0
0.7287613218403537,0.0,0.54289123,0.6713752820000001,0.0,1371.0
0.6358704342998202,0.0,0.60911153425,0.74345966375,0.0,1371.0
0.6924489911163354,0.0,0.672543581,0.756644022,0.0,1371.0
0.8739001893076623,0.0028336,0.6427416109999999,0.7982548665,0.0,1371.0
0.9301091241957923,0.032450874,0.614061058,0.836855152,0.0,1371.0
0.9334466563327055,0.07754916749999999,0.60637918,0.856495785,0.0,1371.0
0.9198869762663419,0.1551973625,0.6065399455,0.8363558685000001,0.0,1371.0
0.909512382348737,0.1781103815,0.608086625,0.774133264,0.0,1371.0
0.9170827588352467,0.180829401,0.61495107,0.701230215,0.0,1371.0
0.9295412866734298,0.119009842,0.578590914,0.663596329,0.0,1371.0
0.9314405774082493,0.094831513,0.51989071,0.677118665,0.0,1371.0
0.8651381650511274,0.006180215333333333,0.43784363633333334,0.6641398719999999,0.0,1371.0
0.7298917646810563,0.0,0.3136928685,0.5343527,0.0,1371.0
0.6424874648805139,0.0,0.28888438575,0.4743441165,0.0,1371.0
0.709774451546838,0.0,0.2451294175,0.3592199275,0.0,1371.0
0.8573201217983413,0.0,0.238871628,0.340153839,0.0,1371.0
0.9219868748801117,0.021184323,0.241976843,0.352011471,0.0,1371.0
0.9398777356091589,0.094713718,0.240469101,0.338065491,0.0,1371.0
0.9483234796934427,0.191164115,0.27596163,0.337532979,0.0,1371.0
0.9497834543574268,0.324797617,0.24742203899999998,0.336970642,0.0,1371.0
0.942918425220985,0.47988753500000003,0.262207295,0.3689828205,0.0,1371.0
0.9392099966063872,0.44190241399999997,0.28374260900000003,0.4094165735,0.0,1371.0
0.9510303893441931,0.362179061,0.294932128,0.395643501,0.0,1371.0
0.9523969020077745,0.253056807,0.269129633,0.368535402,0.0,1371.0
0.9552321541643831,0.139873934,0.221933692,0.339453691,0.0,1371.0
0.873083388202729,0.00649924,0.18750730266666668,0.3170954066666667,0.0,1371.0
0.7141910895625959,0.0,0.18933344633333335,0.3017965316666667,0.0,1371.0
0.6520579912317271,0.0,0.170863644,0.311869827,0.0,1371.0
0.731885814232573,0.0,0.16104993750000002,0.287725468,0.0,1371.0
0.9048505519921465,0.0343937365,0.185015151,0.321092001,0.0,1371.0
0.9456166595155268,0.19070291,0.177085094,0.359761046,0.0,1371.0
0.9419434691627708,0.321995759,0.174922744,0.396564729,0.0,1371.0
0.9419465994299395,0.4215812035,0.182869157,0.395581978,0.0,1371.0
0.9388713422651516,0.4919102245,0.2351410925,0.4535708665,0.0,1371.0
0.9410874646739573,0.411566522,0.26104597350000003,0.462288042,0.0,1371.0
0.9581776826016596,0.309691225,0.291475771,0.473722683,0.0,1371.0
0.9602545958061859,0.211284804,0.313359028,0.48386629,0.0,1371.0
0.9447564960918506,0.071975808,0.339432555,0.5594054335,0.0,1371.0
0.8412651855367919,0.0,0.3666256405,0.6024130299999999,0.0,1371.0
0.7351770178620884,0.0,0.33458805,0.5541743845,0.0,1371.0
0.651732707771159,0.0,0.3356859966666667,0.49531545466666665,0.0,1371.0
0.6560741438470207,0.0,0.3184802685,0.413144776,0.0,1371.0
0.820013628383395,0.0,0.2902274035,0.3262682185,0.0,1371.0
0.9275752757895097,0.043687579,0.271949885,0.292303415,0.0,1371.0
0.9394292969528939,0.13407797,0.277351227,0.293072927,0.0,1371.0
0.942719874474995,0.239357537,0.285331865,0.288454026,0.0,1371.0
0.9412846738672355,0.29859590599999997,0.3019428945,0.301858633,0.0,1371.0
0.9392491254520637,0.35563880049999996,0.3214858545,0.337262719,0.0,1371.0
0.940475445047565,0.3240949945,0.36641746350000004,0.4002164015,0.0,1371.0
0.9574060174603435,0.234718162,0.414403535,0.467804646,0.0,1371.0
0.9609720618670762,0.183792974,0.423839917,0.513369108,0.0,1371.0
0.9451635253572951,0.0695486025,0.4425355175,0.5751331614999999,0.0,1371.0
0.8410023292611454,0.0,0.4808645125,0.6382327975,0.0,1371.0
0.6596351872666086,0.0,0.48780121633333334,0.671753668,0.0,1371.0
0.624260845295554,0.0,0.477223874,0.671875993,0.0,1371.0
0.6598948610713538,0.0,0.461744966,0.661870885,0.0,1371.0
0.7080820740291995,0.025979304,0.463105959,0.655485839,0.0,1371.0
0.7533379791974447,0.112415922,0.492978072,0.654480021,0.0,1371.0
0.7891139766883057,0.23248857150000002,0.4696245355,0.639211557,0.0,1371.0
0.787885853353749,0.36962542233333334,0.39675420266666667,0.588091413,0.0,1371.0
0.7898123032548459,0.3931168955,0.372877955,0.562839887,0.0,1371.0
0.8167610169649764,0.317476071,0.352655666,0.538261015,0.0,1371.0
0.8227674479125402,0.253015793,0.335184068,0.521409448,0.0,1371.0
0.8216120073335266,0.1689339,0.306856132,0.513640564,0.0,1371.0
0.7806321595772783,0.015564328666666667,0.28051057366666665,0.47981704799999997,0.0,1371.0
0.6564314235174488,0.0,0.1910317485,0.3439707065,0.0,1020.5
0.5904108355869215,0.0,0.176901899,0.272252318,0.0,670.0
0.5905572445203975,0.0,0.19046539699999998,0.246893703,0.0,670.0
0.616405342771879,0.0,0.196997051,0.234906649,0.0,670.0
0.6584745070837331,0.082807814,0.19719096,0.226102522,0.0,670.0
0.7379215805965522,0.26027237449999996,0.199034005,0.208121192,0.0,670.0
0.7730425392339367,0.378839091,0.2209190905,0.168277553,0.0,670.0
0.7693161336645558,0.39496611400000003,0.23808986599999998,0.177369146,0.0,670.0
0.7693512377846216,0.30829442900000004,0.28570111499999995,0.230681835,0.0,670.0
0.7916272545746921,0.235762181,0.323161048,0.287295914,0.0,670.0
0.7971783601567635,0.146501744,0.33848911,0.332548855,0.0,670.0
0.7918056372935895,0.051221224999999995,0.369510556,0.4124590225,0.0,670.0
0.7514718473919875,0.0,0.436607274,0.54320144,0.0,670.0
0.6975242678839062,0.0,0.47530285549999995,0.6373084385000001,0.0,670.0
0.6275093090475591,0.0,0.54996874875,0.7259576972499999,0.0,670.0
0.6544273793240067,0.0,0.602340527,0.812043541,0.0,670.0
0.7880756094914014,0.009179246,0.617536555,0.8362137825,0.0,670.0
0.859319761242791,0.052344405,0.621790545,0.847158756,0.0,670.0
0.8798481282331131,0.109316864,0.6429836005,0.845315314,0.0,670.0
0.8755479823634188,0.1539625,0.6410663095,0.8332551835,0.0,670.0
0.8671982492431851,0.17929284950000002,0.6387821815,0.8267190125,0.0,670.0
0.864397206815676,0.166558139,0.617304681,0.816298025,0.0,670.0
0.8722693446739468,0.10931117400000001,0.592957465,0.8009544390000001,0.0,670.0
0.8550618297495248,0.01961407633333333,0.5638534716666667,0.7823780923333334,0.0,670.0
0.7740122632230801,0.0,0.5253056075,0.7505009155,0.0,670.0
0.6406758115612862,0.0,0.48089518966666667,0.725498525,0.0,670.0
0.5971041003626658,0.0,0.46240724850000003,0.6948588689999999,0.0,670.0
0.6230367615762552,0.0,0.45730667,0.683786717,0.0,670.0
0.7610826690082995,0.007811848,0.47598308899999997,0.7128739534999999,0.0,670.0
0.850612010469934,0.0717976765,0.5356443209999999,0.746411811,0.0,670.0
0.85854103058153,0.17215097,0.451631756,0.703341591,0.0,670.0
0.8521678172197752,0.3196057835,0.4507277545,0.7415613745,0.0,670.0
0.8478845750357045,0.40815196,0.4865258595,0.7683095369999999,0.0,670.0
0.8530110322214104,0.31837918649999997,0.45862934050000004,0.766030539,0.0,670.0
0.8641139140944334,0.166121027,0.399080714,0.7446586479999999,0.0,670.0
0.8288002032164957,0.011831726333333334,0.33402112599999995,0.7037362846666667,0.0,670.0
0.6732131721748801,0.0,0.305809551,0.6545902695,0.0,670.0
0.6032691930288283,0.0,0.3792206615,0.64192958,0.0,670.0
0.6279741035538946,0.0,0.4644559265,0.649019,0.0,670.0
0.7694658070069764,0.020470219,0.501646927,0.6444145125,0.0,670.0
0.8611898507029712,0.1566821845,0.549599443,0.6318182075,0.0,670.0
0.8709211667215353,0.300438906,0.5615618295,0.6145151440000001,0.0,670.0
0.8676443624829375,0.3908494695,0.6203210375,0.731202253,0.0,670.0
0.8654891469181163,0.3912845965,0.6658806534999999,0.8582064525,0.0,670.0
0.876633930147598,0.2867767875,0.670034577,0.871174771,0.0,670.0
0.8768466120684294,0.1201362085,0.617706674,0.8450101830000001,0.0,670.0
0.8124233074844034,0.0,0.5406022214999999,0.7909034610000001,0.0,670.0
0.6980135794088712,0.0,0.43073084466666667,0.759613159,0.0,670.0
0.6212224810327648,0.0,0.391722105,0.711546922,0.0,670.0
0.6251375768479864,0.0,0.34294236450000004,0.5874913915,0.0,670.0
0.7269308307220663,0.0008523785,0.30856946799999996,0.476805009,0.0,670.0
0.8269373730890848,0.163049499,0.273703778,0.394326386,0.0,670.0
0.8739302403043265,0.4485917035,0.2690284205,0.334688753,0.0,670.0
0.8794072023260142,0.6871533935,0.350742326,0.263466237,0.0,670.0
0.8677191768196771,0.737148267,0.3966560885,0.237219788,0.0,670.0
0.8628092473347444,0.60311477,0.42108292599999997,0.2740984575,0.0,670.0
0.8731508835356511,0.3548017115,0.42546420799999995,0.3627486755,0.0,670.0
0.872350195997889,0.0793840335,0.4344732225,0.5147789629999999,0.0,670.0
0.8126480634471156,0.0,0.506231676,0.6796726835,0.0,670.0
0.7560397015830176,0.0,0.573844125,0.779124007,0.0,670.0
0.6395788070107654,0.0,0.6250032155,0.83568703775,0.0,670.0
0.6134796917436725,0.0,0.6860569555,0.884313539,0.0,670.0
0.7112166058672373,0.0009838625,0.7362681470000001,0.906924403,0.0,670.0
0.8114326998204427,0.036046222,0.767923804,0.915753286,0.0,670.0
0.853915780039493,0.08836793,0.758211786,0.919950144,0.0,670.0
0.8709237156851827,0.149804253,0.765797132,0.923129856,0.0,670.0
0.8679728210370595,0.221577804,0.771366106,0.912534143,0.0,670.0
0.8607501321393322,0.32627935100000005,0.8022475745,0.9075523569999999,0.0,670.0
0.8441739551463701,0.39932769599999995,0.7930484145000001,0.8668384425,0.0,670.0
0.8340564041318198,0.354689113,0.760107312,0.819641745,0.0,670.0
0.837419783661593,0.269585941,0.736799444,0.795380665,0.0,670.0
0.839179015537584,0.181259081,0.713434541,0.774066688,0.0,670.0
0.84719537112207,0.111738925,0.688368357,0.752322234,0.0,670.0
0.8407366557382994,0.0251240875,0.653734335,0.7359954945,0.0,670.0
0.7742624194169073,0.0,0.5967325915,0.6627170925,0.0,670.0
0.6459117399520846,0.0,0.506285072,0.590493908,0.0,670.0
0.5770107787684868,0.0,0.34771406074999994,0.4398391685,0.0,670.0
0.5876828187142192,0.0007729705,0.232484236,0.3637222765,0.0,670.0
0.6344276763414289,0.053636025,0.198769171,0.345121672,0.0,670.0
0.684999287977747,0.107797575,0.174830462,0.313048551,0.0,670.0
0.7412888729771552,0.17558690300000002,0.1592225705,0.28106038099999997,0.0,670.0
0.7322874548852243,0.2422500695,0.1210220975,0.25641920799999995,0.0,670.0
0.7222356626253962,0.29026688,0.1131561955,0.2806135735,0.0,670.0
0.7314176546434852,0.241135016,0.10797511500000001,0.289203573,0.0,670.0
0.7504101594988752,0.180749083,0.101613052,0.252219753,0.0,670.0
0.7528243109762139,0.044509650000000005,0.09695723033333332,0.227512712,0.0,670.0
0.71838196541737,0.0,0.0784687285,0.19783529249999998,0.0,670.0
0.6458509002464641,0.0,0.061932333500000006,0.126606743,0.0,670.0
0.5809222077494357,0.0,0.0610823845,0.09387061899999999,0.0,670.0
0.5774193507543233,0.0,0.05324829066666667,0.06512241966666667,0.0,670.0
0.5980929639136352,0.001836581,0.051025769,0.056655534,0.0,670.0
0.6377585900526666,0.041295179,0.053812943,0.053933386,0.0,670.0
0.7141515806260621,0.1353819165,0.054291282499999996,0.050646996,0.0,670.0
0.7495708126791283,0.290773256,0.037130637499999994,0.042275467,0.0,670.0
0.7470220281798725,0.35167399,0.0383530455,0.0469341645,0.0,670.0
0.7430600447532512,0.31323185750000004,0.043688726,0.050123601500000003,0.0,670.0
0.757892574270129,0.275774083,0.043344733,0.056373731,0.0,670.0
0.7639080383302881,0.209262111,0.044258569,0.064992781,0.0,670.0
0.7566114742456967,0.069141914,0.04370729733333333,0.08646784433333332,0.0,670.0
0.7069456984963001,0.0,0.05959415199999999,0.13588218166666666,0.0,670.0
0.6175070762585969,0.0,0.06489556366666667,0.14418562566666668,0.0,670.0
0.6092100440323875,0.0,0.063197381,0.141208769,0.0,670.0
0.7037493953375574,0.001083507,0.065383474,0.154796164,0.0,670.0
0.8102560625466427,0.051824524,0.073382273,0.165002053,0.0,670.0
0.8608998502181701,0.1492333125,0.07581410799999999,0.171404269,0.0,670.0
0.8675123977442725,0.30652573800000005,0.0991895275,0.180354392,0.0,670.0
0.8623993114167416,0.3563868805,0.17603056,0.2124370345,0.0,670.0
0.8617601477161465,0.3072207065,0.255557716,0.2573484205,0.0,670.0
0.8731380046431141,0.251298073,0.292855995,0.283737475,0.0,670.0
0.874006261984526,0.172753005,0.282757914,0.309450495,0.0,670.0
0.8694390563028568,0.0731324015,0.30851151499999996,0.377004136,0.0,670.0
0.8142001584913153,0.0,0.367372675,0.4726875725,0.0,670.0
0.7187845227954583,0.0,0.394956706,0.5479594379999999,0.0,670.0
0.6095629189538233,0.0,0.45295745475,0.6030412142499999,0.0,670.0
0.6251259500353266,0.0,0.5086233325,0.6339510985,0.0,670.0
0.7685378054286227,0.010517108,0.5296061935,0.643240848,0.0,670.0
0.8630253726101895,0.0614900025,0.5526687205,0.6408410689999999,0.0,670.0
0.8736611830304394,0.14173157633333333,0.5285844436666666,0.5885666043333333,0.0,670.0
0.8647943084426073,0.200169807,0.4605069,0.5106273785,0.0,670.0
0.8689217955606376,0.16946397400000002,0.4356018655,0.492210841,0.0,670.0
0.873281998687243,0.096283904,0.432787056,0.51947985,0.0,670.0
0.8550143385676087,0.021049234333333333,0.421861081,0.5295235613333333,0.0,670.0
0.774101253336127,0.0,0.342863749,0.43879036650000003,0.0,670.0
0.6298056008029778,0.0,0.273362025,0.374755733,0.0,670.0
0.6023167080122727,0.0,0.26327562849999997,0.3809407885,0.0,670.0
0.6438806633567934,0.0,0.269224003,0.402463616,0.0,670.0
0.7345862844033172,0.002986749,0.27934566,0.402912961,0.0,670.0
0.8040401694857264,0.033529186,0.277698205,0.396058716,0.0,670.0
0.865510209403651,0.10549114600000001,0.2831337685,0.389162312,0.0,670.0
0.8799760235997178,0.2379483703333333,0.23480803733333333,0.35100991433333334,0.0,670.0
0.8751220818871761,0.304674798,0.221067377,0.35933672699999997,0.0,670.0
0.871053220933035,0.250620752,0.226462298,0.367133353,0.0,670.0
0.880889715102545,0.209299479,0.235260023,0.374056557,0.0,670.0
0.8849485591477657,0.159383198,0.245100901,0.393074171,0.0,670.0
0.8845704182044671,0.094247563,0.251755325,0.4123957,0.0,670.0
0.8321758951799478,0.010152436666666667,0.28061688999999995,0.4386539166666667,0.0,670.0
0.7192552089462472,0.0,0.2778341405,0.4209990125,0.0,670.0
0.6126778751005737,0.0,0.33596825575,0.48027153325000005,0.0,670.0
0.6357842838359193,0.0,0.337956121,0.5031914885,0.0,670.0
0.7458653130515593,0.003977413,0.337785112,0.494847708,0.0,670.0
0.8110851464409122,0.051716211,0.337349109,0.479338024,0.0,670.0
0.855446857402051,0.105251424,0.328494325,0.442594139,0.0,670.0
0.8799492817933996,0.2090803115,0.30392372349999996,0.371898638,0.0,670.0
0.878475682922319,0.3127845203333333,0.27916678366666664,0.3241706583333333,0.0,670.0
0.87257132979527,0.270841949,0.26290246100000003,0.30781050050000003,0.0,670.0
0.88550056632114,0.194756195,0.255255584,0.312473618,0.0,670.0
0.8861090977890255,0.133492028,0.255974224,0.317280951,0.0,670.0
0.886930221704908,0.072504297,0.244673497,0.316889248,0.0,670.0
0.8313454996472126,0.0074933203333333335,0.23273986933333335,0.3034034896666667,0.0,670.0
0.6947230614903428,0.0,0.1955730033333333,0.2148828606666667,0.0,670.0
0.6097074607660294,0.0,0.148652026,0.1370658105,0.0,670.0
0.6626924153403563,0.0,0.126828843,0.115466161,0.0,670.0
0.7805678839618675,0.013681709,0.1172250195,0.108602354,0.0,670.0
0.8575370967958112,0.065324857,0.104678634,0.099083626,0.0,670.0
0.8782782351123235,0.123695792,0.1011365205,0.0940213125,0.0,670.0
0.8734315825568291,0.16825047450000002,0.100587542,0.103158682,0.0,670.0
0.8651730754933205,0.1885313825,0.10726593000000001,0.1278574035,0.0,670.0
0.8675185242043095,0.1639777955,0.1034298155,0.1450913415,0.0,670.0
0.869698648102083,0.1004947625,0.0843030335,0.119542131,0.0,670.0
0.8458975462677154,0.013658648,0.0839605175,0.0947206995,0.0,670.0
0.77401029563043,0.0,0.123456806,0.13084568400000002,0.0,670.0
0.611872570400182,0.0,0.1836658085,0.21520699100000001,0.0,670.0
0.5708149643967801,0.0,0.180941688,0.24459438849999998,0.0,670.0
0.5892106987387205,0.004118171,0.177771768,0.26228902600000004,0.0,670.0
0.6305151070204323,0.086039615,0.191552137,0.288450179,0.0,670.0
0.7090896748516182,0.25728384,0.27375578899999997,0.30385492599999997,0.0,670.0
0.7301045808111395,0.3979586846666667,0.33301537733333336,0.3016752786666667,0.0,670.0
0.7128376347372207,0.38666807049999996,0.37966023800000004,0.311765512,0.0,670.0
0.712173629842037,0.327797749,0.3840283815,0.33517288,0.0,670.0
0.7253602892268673,0.207308508,0.370062992,0.39282524,0.0,670.0
0.7381912341085917,0.027286800333333333,0.4278871933333333,0.4945959076666666,0.0,670.0
0.6448947707301065,0.0,0.467115965,0.6132582805,0.0,670.0
0.5682032681917878,0.0,0.46569002100000007,0.5681169916666667,0.0,670.0
0.5805273420661824,0.007268961,0.48454255300000004,0.6050008739999999,0.0,670.0
0.6545567057611416,0.142802646,0.513131088,0.6605862524999999,0.0,670.0
0.7412574358263135,0.2909149705,0.5539707570000001,0.687611555,0.0,670.0
0.7400106796502648,0.4152920015,0.5937696755,0.71097314,0.0,670.0
0.731995755091325,0.4639506255,0.6237411655,0.7249903280000001,0.0,670.0
0.7439488950839817,0.339525063,0.609971123,0.7339262955,0.0,670.0
0.7586428639059412,0.235757448,0.620143867,0.748547954,0.0,670.0
0.7579634086851508,0.1010312385,0.623174547,0.779445575,0.0,670.0
0.7273692449796035,0.0,0.608262113,0.7951746116666666,0.0,670.0
0.6225363597967375,0.0,0.5643436024,0.7885789184,0.0,670.0
0.6244323637071705,0.0,0.48960136499999996,0.731795461,0.0,670.0
0.7642989018248286,0.062251259499999996,0.49383173950000003,0.7093496495,0.0,670.0
0.8402079023926721,0.239190537,0.572161933,0.734359372,0.0,670.0
0.8560371436316012,0.3423758335,0.601408249,0.7109474285,0.0,670.0
0.8502640844893538,0.39601963833333326,0.658994694,0.7256455303333333,0.0,670.0
0.8404487570554005,0.355414418,0.7190651514999999,0.749360865,0.0,670.0
0.8520658587413568,0.195265465,0.732973104,0.7588320454999999,0.0,670.0
0.8575455038684678,0.086906804,0.735917451,0.76964613,0.0,670.0
0.825769798797142,0.0077048583333333325,0.7771650889999999,0.8126044736666667,0.0,670.0
0.6899416385223063,0.0,0.8304573656666667,0.8593946156666666,0.0,670.0
0.5997869625359864,0.0,0.88898814575,0.8940178145000001,0.0,670.0
0.6830157473682648,0.0054296865,0.902839994,0.9219654655,0.0,670.0
0.7858588163737157,0.066289209,0.905076809,0.926862141,0.0,670.0
0.8291887785636254,0.159779425,0.895477989,0.92797996,0.0,670.0
0.8436729721173116,0.3250211495,0.8855291970000001,0.9292665765,0.0,670.0
0.8356092594252098,0.482991968,0.88015025,0.9267317180000001,0.0,670.0
0.8275236793294416,0.437445124,0.8820203615,0.921020242,0.0,670.0
0.8257759401918101,0.34555137150000004,0.8763222239999999,0.9123124985,0.0,670.0
0.8293992244733028,0.266869531,0.856969043,0.905160478,0.0,670.0
0.8316564433879112,0.170531226,0.845575112,0.895467726,0.0,670.0
0.8141987573575231,0.027231462999999997,0.8024720996666667,0.872607982,0.0,670.0
0.7200382996875591,0.0,0.760872793,0.8835287025,0.0,670.0
0.6070855501731106,0.0,0.7173881755,0.8471476987500001,0.0,670.0
0.6216899027746089,0.0,0.6561025300000001,0.774661848,0.0,670.0
0.7230772676558161,0.02338934,0.6328894,0.740822011,0.0,670.0
0.7801757013840375,0.083232946,0.617853898,0.720641169,0.0,670.0
0.8147200575350649,0.167758202,0.62879257,0.706242868,0.0,670.0
0.8312341204080583,0.258697004,0.66796337,0.697468452,0.0,670.0
0.8262572918283558,0.314085662,0.605037127,0.67996638,0.0,670.0
0.8211040033859889,0.40546775349999997,0.659505639,0.715449149,0.0,670.0
0.8122099994561576,0.5013253285,0.699785362,0.73483224,0.0,670.0
0.807341390091638,0.48530447,0.711096367,0.7412611259999999,0.0,670.0
0.8075748214780347,0.390267076,0.702967697,0.768168465,0.0,670.0
0.8073798480260074,0.252558665,0.732515161,0.806622338,0.0,670.0
0.8024001277058858,0.03572910766666667,0.7810969743333334,0.8504714026666668,0.0,670.0
0.6911687035223344,0.0,0.699547446,0.787389465,0.0,670.0
0.599663885634643,0.0,0.5629571245,0.6445231415,0.0,670.0
0.5995258167029356,0.0,0.45153314499999997,0.5367761865,0.0,670.0
0.6395832901328327,0.0,0.381042085,0.464991881,0.0,670.0
0.7233378879877846,0.042817158,0.338316857,0.423709201,0.0,670.0
0.7785210216865294,0.157819077,0.296589475,0.376860195,0.0,670.0
0.8085917236966007,0.28057976,0.277366041,0.327399768,0.0,670.0
0.819273847757093,0.414235145,0.283962873,0.293069096,0.0,670.0
0.8191220726127704,0.5869140985,0.2632282475,0.2522937335,0.0,670.0
0.8159974906802407,0.720854015,0.256562096,0.2370089345,0.0,670.0
0.8080845694036123,0.6680976725,0.229587573,0.2378654185,0.0,670.0
0.8071578647090286,0.545853069,0.200725618,0.250568104,0.0,670.0
0.8073929954045237,0.416601055,0.175075151,0.239785649,0.0,670.0
0.8058870499220525,0.266903034,0.152867671,0.220438621,0.0,670.0
0.8069846246538432,0.122016691,0.156725327,0.214572398,0.0,670.0
0.7864800479459126,0.0010191386666666667,0.160225697,0.19306582366666666,0.0,670.0
0.6284825882323595,0.0,0.174213604,0.18981840649999998,0.0,670.0
0.6128837933541941,0.0,0.20727142466666668,0.21502664466666666,0.0,670.0
0.7272695074652483,0.039161728,0.215787927,0.221789169,0.0,670.0
0.7834386427313458,0.15259356,0.213467949,0.224559763,0.0,670.0
0.8204480702090218,0.303087028,0.2601615,0.228991122,0.0,670.0
0.8319070019395906,0.523589364,0.259594754,0.22310169,0.0,670.0
0.8221445617226784,0.7270497245,0.28436141049999997,0.224874195,0.0,670.0
0.8134597964940163,0.7408342755,0.291497736,0.240259842,0.0,670.0
0.8078196113260636,0.663759347,0.270924723,0.235503079,0.0,670.0
0.8084814474159331,0.578603503,0.248062472,0.225073802,0.0,670.0
0.8095019271983644,0.439571904,0.205968205,0.211561113,0.0,670.0
0.810417228627423,0.284062054,0.167990255,0.207806086,0.0,670.0
0.8069600591651386,0.046044581,0.13785249666666669,0.18942265533333333,0.0,670.0
0.7137524442681167,0.0,0.09595335099999999,0.147280515,0.0,670.0
0.5906119502986655,0.0,0.08600704933333335,0.124011447,0.0,670.0
0.571424978981485,0.0,0.08368199999999999,0.13615938633333333,0.0,670.0
0.5883359795153557,0.057997672,0.099763299,0.178017051,0.0,670.0
0.6231808450932186,0.184310572,0.106209141,0.205437141,0.0,670.0
0.6658953443021223,0.342390871,0.091810056,0.222481942,0.0,670.0
0.7020158096417625,0.497886726,0.109785501,0.240682763,0.0,670.0
0.7014425164357188,0.7274345630000001,0.20106290233333332,0.27991830933333334,0.0,670.0
0.6920172325310836,0.7849386135,0.27098007550000003,0.323879213,0.0,670.0
0.6902138409530092,0.6269491645,0.283641272,0.3467952985,0.0,670.0
0.6950770841741578,0.448887488,0.27194652,0.372980878,0.0,670.0
0.6981260020479231,0.279493253,0.279666587,0.400276246,0.0,670.0
0.7028564905019218,0.04496890533333333,0.368543993,0.477378104,0.0,670.0
0.679721994775102,0.0,0.34385809599999995,0.46049369799999995,0.0,670.0
0.5825764290504873,0.0,0.34828642974999996,0.41832914925,0.0,670.0
0.5685895404568756,0.0,0.32978474449999995,0.390434985,0.0,670.0
0.5799348645618956,0.041605596,0.343406443,0.459863458,0.0,670.0
0.6153748460805272,0.148276136,0.334150615,0.485586709,0.0,670.0
0.6615183270302036,0.260225219,0.336623425,0.51081736,0.0,670.0
0.7046926012924365,0.419243708,0.3857177465,0.534219836,0.0,670.0
0.7019922130597357,0.5178206903333333,0.5222318556666666,0.6003542363333333,0.0,670.0
0.6977376205810933,0.474519692,0.564541078,0.6364333225000001,0.0,670.0
0.7054636179243918,0.427419633,0.579609704,0.69456401,0.0,670.0
0.7114399978752913,0.356925392,0.582273623,0.729583555,0.0,670.0
0.7184743317466668,0.233145152,0.582812565,0.728329513,0.0,670.0
0.7294121868918123,0.036446632,0.6035484546666666,0.7584018936666667,0.0,670.0
0.6743621211151383,0.0,0.6372279693333334,0.787161346,0.0,670.0
0.6010528917418293,0.0,0.628075342,0.783545018,0.0,670.0
0.6016670130351721,0.0,0.6044484434999999,0.7434109445,0.0,670.0
0.6862701475011403,0.021526739,0.5671707675,0.7037439705,0.0,670.0
0.7926431729969329,0.113849632,0.555216414,0.66811009,0.0,670.0
0.8480868374873359,0.2382561065,0.6231820379999999,0.6719458895,0.0,670.0
0.8523342601060434,0.286987018,0.6973617729999999,0.6795511063333333,0.0,670.0
0.8373860657631803,0.233739848,0.743686294,0.7771320214999999,0.0,670.0
0.8350803271339136,0.184193839,0.7517392785,0.8201501285,0.0,670.0
0.8377748497902895,0.114066361,0.731338427,0.831275987,0.0,670.0
0.8436311600987358,0.05696129,0.69259308,0.8454217145,0.0,670.0
0.8128990244915988,0.001401854,0.7012723700000001,0.8550303515,0.0,670.0
0.6540263245767224,0.0,0.6845167633999999,0.8189900446000001,0.0,670.0
0.5995657057978026,0.0,0.622427092,0.783390806,0.0,670.0
0.6832310229891607,0.02000468,0.5251874990000001,0.7107281135,0.0,670.0
0.7882763069106621,0.070135279,0.460429805,0.626450714,0.0,670.0
0.845271395668909,0.15339348800000002,0.4432320895,0.586787963,0.0,670.0
0.8566154676603138,0.2160849255,0.38461019675,0.5123081495,0.0,670.0
0.8529409133191618,0.16931899,0.4010099535,0.5137168435,0.0,670.0
0.8595515379890311,0.145137035,0.434361294,0.526958204,0.0,670.0
0.8525571825504057,0.0805936215,0.45248392449999997,0.5687362375,0.0,670.0
0.8127980944784472,0.0038647785,0.435852393,0.6188813925000001,0.0,670.0
0.7174251874591273,0.0,0.45882339299999997,0.6976583135000001,0.0,670.0
0.6127889749114322,0.0,0.482340634,0.7534086103333332,0.0,670.0
0.6029008677817859,0.0,0.493100822,0.7247601754999999,0.0,670.0
0.6922807819175567,0.0315603985,0.49778338899999997,0.6960422275,0.0,670.0
0.7966809098202017,0.186028511,0.528055428,0.709735984,0.0,670.0
0.8512627116453062,0.3759302295,0.5491194985000001,0.7467729160000001,0.0,670.0
0.8575642856739073,0.5568860250000001,0.569455503,0.7103395294999999,0.0,670.0
0.853831231989524,0.6169346920000001,0.6304502363333333,0.7949646466666667,0.0,670.0
0.856288328290695,0.481635187,0.6844247864999999,0.8286927150000001,0.0,670.0
0.86252644657914,0.343202842,0.677412066,0.825850662,0.0,670.0
0.8617410975596793,0.177496667,0.6707345,0.8548981135,0.0,670.0
0.8144080108358798,0.0046066695,0.6602711975,0.8682619315,0.0,670.0
0.6576042641741331,0.0,0.6996845855999998,0.8877609406,0.0,670.0
0.6094823582479039,0.0,0.701223456,0.874442717,0.0,670.0
0.7033445573468495,0.0347690455,0.6792470145,0.8537439849999999,0.0,670.0
0.8019726471501818,0.204692688,0.658073018,0.840969685,0.0,670.0
0.852770401105817,0.3865483965,0.7145386225,0.8508899169999999,0.0,670.0
0.8607329601701565,0.567500726,0.660215777,0.8106657305,0.0,670.0
0.8526497948962596,0.6553274055,0.6121230705,0.7921018115,0.0,670.0
0.8442572660286009,0.570910087,0.557797214,0.747980647,0.0,670.0
0.851530576375413,0.439376008,0.50879305,0.691132346,0.0,670.0
0.8554516870457937,0.342114991,0.435513913,0.624421571,0.0,670.0
0.8594930907708109,0.206312934,0.341192729,0.554852981,0.0,670.0
0.8274209308000465,0.03167840166666667,0.224024271,0.40736455666666666,0.0,670.0
0.7197129491336108,0.0,0.170236799,0.3088062105,0.0,670.0
0.6179048598741033,0.0,0.13457933925,0.1928764195,0.0,670.0
0.6382523510855334,0.0,0.133488226,0.176928905,0.0,670.0
0.748624364717251,0.034173496,0.146426362,0.234755782,0.0,670.0
0.809483771365388,0.105638632,0.150832052,0.259521804,0.0,670.0
0.854650775893421,0.182198576,0.157369004,0.274364408,0.0,670.0
0.8750948929416045,0.256343483,0.17834644,0.295683385,0.0,670.0
0.8762495882285505,0.35514330533333327,0.14912292766666665,0.27174644600000003,0.0,670.0
0.8686270102359868,0.408798176,0.154943823,0.320619875,0.0,670.0
0.8698538665335436,0.3631478085,0.172682998,0.3317726395,0.0,670.0
0.8733355715927789,0.236078072,0.17800256949999999,0.347876667,0.0,670.0
0.8301449825732026,0.036514767,0.1701034903333333,0.3488676766666667,0.0,670.0
0.6839534379459224,0.0,0.1400120566666667,0.31467449399999997,0.0,670.0
0.5827471164421055,0.0,0.12591915033333334,0.2663855423333334,0.0,670.0
0.5830898551125244,0.0,0.12334640799999999,0.240180853,0.0,670.0
0.6026341434592025,0.044533756,0.119857499,0.227595265,0.0,670.0
0.6463451531774933,0.131253163,0.113156835,0.211232269,0.0,670.0
0.721386678987586,0.306435974,0.120625798,0.187893441,0.0,670.0
0.7557310086306601,0.467104666,0.0878259795,0.1352117085,0.0,670.0
0.7514073407846182,0.545157121,0.0875682705,0.13726484249999998,0.0,670.0
0.7491045983482199,0.471075519,0.09206665650000001,0.148814357,0.0,670.0
0.7677868003475132,0.3269323635,0.10554509000000001,0.168581046,0.0,670.0
0.7747298634932221,0.142751044,0.10533366450000001,0.2019567295,0.0,670.0
0.7316345401456288,0.004643120666666667,0.11291231833333333,0.22707370933333335,0.0,670.0
0.6137631051655232,0.0,0.1019968098,0.23235041,0.0,670.0
0.5849705652545685,0.0,0.116363582,0.29640697000000005,0.0,670.0
0.624878655892592,0.09985413900000001,0.160385736,0.353027033,0.0,670.0
0.7215115334024134,0.30188294400000004,0.2019290845,0.3959851215,0.0,670.0
0.7596162101953674,0.46903163950000004,0.22571220749999998,0.379455027,0.0,670.0
0.7568233959623216,0.5350987920000001,0.25260825600000003,0.416466972,0.0,670.0
0.7576690704547697,0.482145362,0.26643074,0.4724480125,0.0,670.0
0.781612064531364,0.3455660605,0.2776548835,0.531493785,0.0,670.0
0.7830821009081615,0.18185688,0.2792544835,0.559963457,0.0,670.0
0.7464429439357074,0.011917133,0.29074913999999996,0.56050445,0.0,670.0
0.6652036361949956,0.0,0.2910186185,0.56413328475,0.0,670.0
0.6147810493579995,0.0,0.3134306665,0.5840387875,0.0,670.0
0.6535907380791053,0.0,0.32424939399999997,0.602191532,0.0,670.0
0.7595660358405522,0.07586608,0.334052286,0.612976865,0.0,670.0
0.8376508896314772,0.2159826165,0.352258987,0.6226591269999999,0.0,670.0
0.8779388651908391,0.43161493799999995,0.34618549200000004,0.5999168319999999,0.0,670.0
0.8708797125268218,0.570050081,0.3366548455,0.5746760975,0.0,670.0
0.8647943084426073,0.535481967,0.3125228645,0.5351462565,0.0,670.0
0.8673977391165588,0.4446463985,0.286093908,0.533683455,0.0,670.0
0.8716980639319222,0.341317702,0.279445588,0.536635226,0.0,670.0
0.8651162827128298,0.1993114365,0.253019282,0.501841925,0.0,670.0
0.8134863593321737,0.0134658395,0.23852894600000002,0.45344778750000003,0.0,670.0
0.6901079770236008,0.0,0.2657030203333333,0.44638532766666666,0.0,568.3333333333334
0.6090125440861349,0.0,0.35121400775,0.5233927635,0.0,365.0
0.6736160649074083,0.0481790555,0.4125579735,0.529620599,0.0,365.0
0.7582205409260883,0.201987201,0.42058611,0.541111746,0.0,365.0
0.8115978458229408,0.3678774845,0.519863461,0.5881406330000001,0.0,365.0
0.8173469506717591,0.45484895066666664,0.7044761483333334,0.6845000286666667,0.0,365.0
0.811683392581374,0.356599499,0.7912889045,0.800700194,0.0,365.0
0.8086051392237176,0.2014728965,0.768632506,0.8406903459999999,0.0,365.0
0.8128467931387746,0.116632702,0.709876862,0.835977417,0.0,365.0
0.8108902625291952,0.05191747,0.654818826,0.8342503165,0.0,365.0
0.7797792704659863,0.0015486965,0.6317213850000001,0.8430995455,0.0,365.0
0.6562791789106479,0.0,0.63760907775,0.8687109257500001,0.0,365.0
0.5849990734183811,0.0,0.6485920206666665,0.8285023100000001,0.0,365.0
0.6394155503627943,0.014971315,0.5822926315,0.835431654,0.0,365.0
0.7427853603848048,0.080186905,0.56690217,0.832350875,0.0,365.0
0.7964504298227805,0.16282027,0.613984531,0.822617888,0.0,365.0
0.8228817041149257,0.2976178815,0.599294148,0.8003854435,0.0,365.0
0.823048236339077,0.479718772,0.5669113324999999,0.739586187,0.0,365.0
0.8142544469096245,0.6011656065,0.603762618,0.711907917,0.0,365.0
0.8089454481376341,0.575152657,0.65016919,0.735011972,0.0,365.0
0.8106459645118531,0.487066333,0.6638625515000001,0.7419872165,0.0,365.0
0.8091106389440252,0.21733385849999998,0.5967888725,0.6832806305000001,0.0,365.0
0.7802776598624558,0.0124450545,0.49087070850000003,0.6290033615,0.0,365.0
0.6818779258976803,0.0,0.43932829700000003,0.583862711,0.0,365.0
0.6014075107087806,0.0,0.42294220800000004,0.5830224445000001,0.0,365.0
0.5985399716793054,0.0,0.37947257450000005,0.483269187,0.0,365.0
0.6583949973799783,0.0340505475,0.3479998505,0.393619033,0.0,365.0
0.7457341979674432,0.11369038,0.342465991,0.333683925,0.0,365.0
0.7953051850983562,0.205354743,0.38561193,0.337340742,0.0,365.0
0.8176946530377289,0.318417391,0.447191703,0.357182474,0.0,365.0
0.8149391789808865,0.3286492716666667,0.5403811643333333,0.390195755,0.0,365.0
0.8035081069272614,0.255587871,0.546437285,0.4824124665,0.0,365.0
0.7947419984090189,0.1644973505,0.51282846,0.5558951670000001,0.0,365.0
0.7942934702799194,0.104125263,0.457778124,0.581664286,0.0,365.0
0.7977409208061622,0.0451347635,0.379966157,0.5643019695,0.0,365.0
0.7805949834346047,0.00297296,0.33482174249999996,0.5205293555,0.0,365.0
0.6569074648468004,0.0,0.31150251525,0.45353970175,0.0,365.0
0.584069909188001,0.0,0.29605966933333333,0.34222993199999996,0.0,365.0
0.6359457628691931,0.017856274000000002,0.291842454,0.2801058395,0.0,365.0
0.7598079637049644,0.1110966645,0.2687740595,0.24943033799999997,0.0,365.0
0.8061247742501365,0.215587088,0.266170354,0.231230683,0.0,365.0
0.804462999253389,0.314790073,0.2710521613333333,0.22968374233333333,0.0,365.0
0.7955281076101943,0.3354803555,0.314034244,0.261228785,0.0,365.0
0.7862296681149831,0.2981722565,0.3324508585,0.27464879249999996,0.0,365.0
0.7841081703810988,0.201125439,0.300695854,0.280869553,0.0,365.0
0.7833851591636929,0.10149016350000001,0.26676479799999997,0.27747343150000003,0.0,365.0
0.7775700346989323,0.008219375,0.248875723,0.278380815,0.0,365.0
0.699091053004522,0.0,0.21710463600000002,0.27389481299999996,0.0,365.0
0.5663241247240242,0.0,0.246590034,0.3015968668,0.0,365.0
0.550361881171938,0.035392850000000003,0.29370284999999996,0.3184086975,0.0,365.0
0.5754914400933696,0.136703866,0.308715026,0.325814749,0.0,365.0
0.6246329492516502,0.252768948,0.341155258,0.3365125,0.0,365.0
0.6774978230500261,0.40065263100000004,0.372403758,0.34370492799999997,0.0,365.0
0.6822134275922924,0.5534244655,0.42194452849999997,0.36236204650000003,0.0,365.0
0.6743210992375068,0.586215434,0.4356992475,0.38450234,0.0,365.0
0.6696859658608496,0.48598182199999995,0.3951137175,0.37557064900000003,0.0,365.0
0.6725442928995363,0.361534927,0.346744842,0.379935797,0.0,365.0
0.674959860512774,0.1918474095,0.29326152699999997,0.3971033785,0.0,365.0
0.6741486193640359,0.00827445675,0.2276764465,0.3579444435,0.0,365.0
0.5769207526553821,0.0,0.10931583333333333,0.20030218666666666,0.0,365.0
0.5498669575320285,0.0,0.0671492615,0.1241990455,0.0,365.0
0.5488121785476631,0.0459221195,0.062707873,0.1338145055,0.0,365.0
0.5758554499967784,0.173573292,0.060113855,0.146756553,0.0,365.0
0.6233470196284591,0.304015485,0.061303438,0.15037323,0.0,365.0
0.6763503870508654,0.5024451295000001,0.111716175,0.1605965755,0.0,365.0
0.6805043923830953,0.6888197903333334,0.22751454733333332,0.19419031666666667,0.0,365.0
0.6717016145999567,0.6725888285,0.29470480099999996,0.220880599,0.0,365.0
0.6707711982672073,0.530824614,0.276817409,0.233236192,0.0,365.0
0.673008517235848,0.404935029,0.246072404,0.242046234,0.0,365.0
0.6737633234279579,0.2102854775,0.219026811,0.251972398,0.0,365.0
0.6768466523109622,0.015585338,0.180661346,0.21854464299999998,0.0,365.0
0.6730131680013973,0.0,0.10162677249999999,0.1491483925,0.0,365.0
0.6001918489292937,0.0,0.04934559,0.09668436833333333,0.0,365.0
0.5842279001752275,0.0,0.043341781499999996,0.0798021535,0.0,365.0
0.6052961555606258,0.003811581,0.057153448,0.091053525,0.0,365.0
0.6660725643465013,0.071136162,0.071898426,0.10668208,0.0,365.0
0.7319733286511321,0.17501133,0.081810669,0.120854724,0.0,365.0
0.7768462185633945,0.293337452,0.092553839,0.129212928,0.0,365.0
0.7984079442961609,0.4640822385,0.1220371555,0.12906040500000002,0.0,365.0
0.7999751542440514,0.6357747715,0.1766757615,0.144249774,0.0,365.0
0.7952428472963013,0.7094400785,0.21605152649999998,0.16505316949999999,0.0,365.0
0.785411093162748,0.630306357,0.20502660849999998,0.17910629849999998,0.0,365.0
0.783360653458496,0.442932279,0.178783081,0.190107188,0.0,365.0
0.77929648787137,0.2218767575,0.167868847,0.20499599000000002,0.0,365.0
0.7736816581981149,0.0197819245,0.200715278,0.23519232299999998,0.0,365.0
0.6800459069036643,0.0,0.25087767333333333,0.26326024266666664,0.0,365.0
0.5872380470271785,0.0,0.27210377750000003,0.29626083049999996,0.0,365.0
0.5847369549899784,0.0,0.2729718415,0.319791885,0.0,365.0
0.6063005365755655,0.00497602,0.279079389,0.34354558,0.0,365.0
0.665025521793388,0.081312898,0.273931,0.357319545,0.0,365.0
0.7318465513125961,0.165073269,0.260428905,0.371414519,0.0,365.0
0.7766729785082092,0.291062689,0.27857314,0.374732163,0.0,365.0
0.7982703897320383,0.404533235,0.320457548,0.383118028,0.0,365.0
0.8007228949162162,0.565192581,0.354886861,0.38825802,0.0,365.0
0.7978918909648773,0.6294007895,0.42548856300000004,0.4654530895,0.0,365.0
0.7875735085242417,0.494502223,0.4630667595,0.5300152600000001,0.0,365.0
0.7835711888410081,0.412933578,0.465859732,0.539548357,0.0,365.0
0.7839024646423294,0.335567614,0.440771712,0.529132949,0.0,365.0
0.7846624582345684,0.186056477,0.3667195435,0.5065274525,0.0,365.0
0.7783256905455911,0.024133399,0.27540316600000003,0.457694184,0.0,365.0
0.7056477916814105,0.0,0.247473663,0.3924620725,0.0,365.0
0.5967947479024015,0.0,0.29659589625,0.38054624025000006,0.0,365.0
0.5982136148596098,0.002735814,0.3698261685,0.365748451,0.0,365.0
0.6657971869347041,0.068319154,0.401789518,0.365464813,0.0,365.0
0.73363279318849,0.131423753,0.418906021,0.380071643,0.0,365.0
0.7870230217817725,0.208566157,0.47216201,0.424761763,0.0,365.0
0.8063392896893178,0.3117118245,0.5640663435,0.4748719755,0.0,365.0
0.8052409101068712,0.32607615749999996,0.6347755134999999,0.547306081,0.0,365.0
0.7986016207294666,0.3122067395,0.651745637,0.6078466775,0.0,365.0
0.7928871579943056,0.274237829,0.629573395,0.641268578,0.0,365.0
0.7911823040094581,0.247461167,0.613488062,0.64821324,0.0,365.0
0.7939484210601432,0.198712695,0.599327698,0.635554601,0.0,365.0
0.7971693717131096,0.09714625899999998,0.5558860655,0.6096278195,0.0,365.0
0.7799306878539225,0.0188920285,0.500761076,0.59678022,0.0,365.0
0.6773129561596889,0.0,0.48782091099999997,0.6288785663333333,0.0,365.0
0.5883617374353811,0.0,0.4903381455,0.653760581,0.0,365.0
0.5860980119698785,0.0,0.489020739,0.655851414,0.0,365.0
0.6081698657865553,0.005460021,0.470440028,0.646713053,0.0,365.0
0.6698521851325074,0.11809031,0.457806865,0.646797685,0.0,365.0
0.7378675605292709,0.244517981,0.480203342,0.640027099,0.0,365.0
0.8044008254398802,0.446725822,0.536346699,0.648433788,0.0,365.0
0.8116323834841488,0.6396322693333334,0.4167600523333333,0.5106604963333333,0.0,365.0
0.8013584363840045,0.607689613,0.40973366099999997,0.4330287615,0.0,365.0
0.792090584587513,0.4820744235,0.3691539485,0.37585943099999997,0.0,365.0
0.7912819370713639,0.353321416,0.328243566,0.348465484,0.0,365.0
0.7913551415718396,0.19222622150000002,0.285148411,0.342144404,0.0,365.0
0.7792450167002605,0.029209028,0.3373167105,0.376915961,0.0,365.0
0.7028731109468704,0.0,0.4423074985,0.48932205949999996,0.0,365.0
0.6022607873557534,0.0,0.5226884203333334,0.58220572,0.0,365.0
0.5883259848059545,0.0,0.6038550255,0.6858877505000001,0.0,365.0
0.6082022419973048,0.00752158,0.658253938,0.750454505,0.0,365.0
0.6670580741506429,0.054423906,0.69699161,0.782743563,0.0,365.0
0.7347098867382673,0.127774253,0.693513285,0.808334119,0.0,365.0
0.8017835766785324,0.2381264155,0.7679234155000001,0.8364532680000001,0.0,365.0
0.8098493314565042,0.3415154713333333,0.7934446696666667,0.8112494246666667,0.0,365.0
0.8022634525531147,0.3118271805,0.7458758015,0.78404392,0.0,365.0
0.7952016167161984,0.2906923835,0.6631533195,0.7045464735,0.0,365.0
0.7939484210601432,0.20902788,0.594531589,0.611351898,0.0,365.0
0.7941303366064889,0.12069078,0.4811651065,0.5245738904999999,0.0,365.0
0.7803228704317524,0.02023487,0.309436587,0.439730332,0.0,365.0
0.6675542574277126,0.0,0.19288796600000002,0.3686906856666667,0.0,365.0
0.5636642501191707,0.0,0.1254705585,0.2705091045,0.0,365.0
0.5549042457264944,0.0,0.079646389,0.168344655,0.0,365.0
0.5578878072708657,0.0569318875,0.0616749905,0.116169961,0.0,365.0
0.5778795056735906,0.233196299,0.0406851,0.092511148,0.0,365.0
0.6628041896499824,0.43237833449999996,0.049425010500000005,0.0804479515,0.0,365.0
0.6995100445045422,0.5889884940000001,0.069649215,0.068738724,0.0,365.0
0.6952140126983417,0.595336682,0.1085488745,0.09262785700000001,0.0,365.0
0.6904593463812868,0.5129321325,0.08881475250000001,0.10010280699999999,0.0,365.0
0.6946286455178928,0.412242347,0.080981708,0.123662114,0.0,365.0
0.709962158131305,0.2596031805,0.0855501775,0.1699733375,0.0,365.0
0.7052311703793039,0.04958440966666666,0.08161741433333332,0.16761433,0.0,365.0
0.6144493755712539,0.0,0.093038298,0.15097025339999998,0.0,365.0
0.5530402156554634,0.0,0.1175861015,0.16785259,0.0,365.0
0.5561628969987551,0.040185999,0.1082858435,0.1745649045,0.0,365.0
0.5778795056735906,0.176373525,0.083305632,0.152255188,0.0,365.0
0.6356535041062432,0.301621816,0.095072633,0.139473097,0.0,365.0
0.6945498065230182,0.45491254950000004,0.106578896,0.132759263,0.0,365.0
0.691405026739118,0.5476903706666666,0.12481710233333333,0.13094085733333335,0.0,365.0
0.6784928354629791,0.4903544795,0.17347427850000002,0.19562824950000002,0.0,365.0
0.6784946465793826,0.397896821,0.198666939,0.247028087,0.0,365.0
0.6849544352323129,0.21474075950000002,0.193519777,0.25680467549999997,0.0,365.0
0.6982176305974517,0.0336308875,0.205227312,0.2535104835,0.0,365.0
0.6760151313278264,0.0,0.242593919,0.27699355449999996,0.0,365.0
0.6012537679493155,0.0,0.25368908,0.3715234996666667,0.0,365.0
0.5860643612098295,0.0,0.235600726,0.4321934885,0.0,365.0
0.6086088687699454,0.015125964,0.205054521,0.423833286,0.0,365.0
0.6667504992038624,0.117432046,0.179049134,0.412207263,0.0,365.0
0.7335020358607605,0.221897484,0.135380502,0.394313359,0.0,365.0
0.7855928298309004,0.341019047,0.119193518,0.385773166,0.0,365.0
0.804378823826962,0.520730273,0.1222799665,0.3551470535,0.0,365.0
0.8022124286112262,0.646490643,0.1318210775,0.3363727865,0.0,365.0
0.7945312393444205,0.6336801145,0.13692910749999998,0.34709953000000004,0.0,365.0
0.7853162896096335,0.515455386,0.135994026,0.3592480715,0.0,365.0
0.7834443666985791,0.362884613,0.131820026,0.370664853,0.0,365.0
0.7829915903642097,0.1872322685,0.1305150125,0.3565671695,0.0,365.0
0.7768848107744913,0.0250965145,0.1342107425,0.3258844185,0.0,365.0
0.679514962373268,0.0,0.12785338533333332,0.306949425,0.0,365.0
0.5873736563331214,0.0,0.1324423385,0.3281029735,0.0,365.0
0.5844309228760494,0.0,0.1451432195,0.3364858645,0.0,365.0
0.6354880450837759,0.064522394,0.1538969735,0.34132389799999996,0.0,365.0
0.7323390825325807,0.175071664,0.132434118,0.329880956,0.0,365.0
0.7896994333415892,0.34074845750000005,0.16371873850000002,0.31356426800000003,0.0,365.0
0.8007177522300122,0.5005674913333333,0.19135954600000002,0.26299390933333333,0.0,365.0
0.7929701557890914,0.471013605,0.2697399,0.31896482049999997,0.0,365.0
0.7853581462296749,0.394086068,0.361254519,0.377878864,0.0,365.0
0.7827889254197745,0.2687824795,0.4332636475,0.46222892,0.0,365.0
0.782984703722458,0.1213059895,0.49911004049999996,0.622823785,0.0,365.0
0.776925594192849,0.014509364,0.518889021,0.721387862,0.0,365.0
0.6789942136074935,0.0,0.43513312,0.6942673309999999,0.0,365.0
0.5874129416550449,0.0,0.45976291199999997,0.7323545825,0.0,365.0
0.5845740672656292,0.0,0.470587977,0.7424171505,0.0,365.0
0.6355483705567633,0.0477985665,0.4577479895,0.7410778545000001,0.0,365.0
0.7339742648444006,0.144598662,0.46924622,0.718740941,0.0,365.0
0.7999202844547453,0.30233165500000003,0.457940674,0.6801534755,0.0,365.0
0.8128828363187484,0.490963921,0.344437761,0.5595325955,0.0,365.0
0.8071672555780105,0.5937163905,0.31767216,0.510561963,0.0,365.0
0.8004173770349204,0.5839810485000001,0.30635302200000003,0.528182591,0.0,365.0
0.8050276021461011,0.44477980250000004,0.3024288965,0.5641540485000001,0.0,365.0
0.8059479120296198,0.23340506049999998,0.282229332,0.5583852364999999,0.0,365.0
0.7798075774171349,0.0468924295,0.28540630450000004,0.5713679970000001,0.0,365.0
0.733749330003495,0.0,0.219289497,0.502458625,0.0,365.0
0.6237726629209093,0.0,0.197766346,0.458962496,0.0,365.0
0.5981632616940771,0.0,0.1696953955,0.4035687735,0.0,365.0
0.6299100188396848,0.017552935,0.163415705,0.390985316,0.0,365.0
0.7110885539794018,0.13920104049999998,0.1452117105,0.3753751915,0.0,365.0
0.7936347643897429,0.300176628,0.124809192,0.344482875,0.0,365.0
0.8158394550015806,0.411385231,0.129319201,0.326589228,0.0,365.0
0.811316192784732,0.6093628943333332,0.09064109433333334,0.2248878413333333,0.0,365.0
0.799723030457574,0.62532162,0.09497825800000001,0.2170818525,0.0,365.0
0.7912420480439726,0.498866545,0.10391254650000001,0.228279607,0.0,365.0
0.7919729298344068,0.347809535,0.111363648,0.237764888,0.0,365.0
0.797667000860389,0.203779466,0.109537722,0.244588841,0.0,365.0
0.7799215652684925,0.037111882,0.123750725,0.24470127749999998,0.0,365.0
0.6803277537097134,0.0,0.10937947199999999,0.20588408233333336,0.0,365.0
0.6013198397464989,0.0,0.09307186149999999,0.20172108049999998,0.0,365.0
0.5978114153053837,0.0,0.09027059600000001,0.19516933949999998,0.0,365.0
0.6547983653420018,0.061936319,0.086265079,0.165491058,0.0,365.0
0.7377139071976567,0.166428632,0.073571548,0.13966334,0.0,365.0
0.7911002004706872,0.278593708,0.077744025,0.124307658,0.0,365.0
0.8106882236246984,0.46473803599999997,0.083597518,0.10306676549999999,0.0,365.0
0.802540991460354,0.590853107,0.08328185566666667,0.08403037966666667,0.0,365.0
0.7900561540429667,0.4899704445,0.0898314355,0.0934370515,0.0,365.0
0.7849007638661736,0.3102284585,0.08765154950000001,0.10418271700000001,0.0,365.0
0.7852269417402001,0.162909038,0.07505477899999999,0.0969273875,0.0,365.0
0.7780363161682045,0.0341419795,0.0665736925,0.08358492949999999,0.0,365.0
0.6685525119601233,0.0,0.07555974033333333,0.08556579066666666,0.0,365.0
0.5651393620213165,0.0,0.0917419835,0.086171233,0.0,365.0
0.5546357325545026,0.0,0.11180756950000001,0.10584481500000001,0.0,365.0
0.5525537437571522,0.09257784050000001,0.131350583,0.143386065,0.0,365.0
0.5758070643564203,0.264542311,0.129598857,0.155649398,0.0,365.0
0.6246329492516502,0.4127527,0.153552124,0.164168315,0.0,365.0
0.6780084206301527,0.633506538,0.232056967,0.1880876095,0.0,365.0
0.6824778042988439,0.776859537,0.335723875,0.24322557900000003,0.0,365.0
0.6751650296844395,0.7690546705,0.42342451999999997,0.300258539,0.0,365.0
0.6706308710573513,0.6186451565,0.462859389,0.32453838199999996,0.0,365.0
0.6741186578402063,0.423176026,0.445710646,0.332555528,0.0,365.0
0.6773401003913353,0.216086693,0.4435549435,0.353917922,0.0,365.0
0.6893123128749299,0.0264423345,0.48123922649999995,0.38863478799999995,0.0,365.0
0.6683899745248452,0.0,0.5037822045,0.4224399245,0.0,365.0
0.5702331970134538,0.0,0.49115725025,0.43006655875,0.0,365.0
0.5507088755824179,0.008018334,0.470696665,0.42548000249999995,0.0,365.0
0.5479900931699262,0.080784006,0.455364478,0.422650136,0.0,365.0
0.5757868515929104,0.155595534,0.435358737,0.41951528,0.0,365.0
0.6264500471098158,0.257466548,0.435653114,0.422504203,0.0,365.0
0.680835757679743,0.383788168,0.4539935875,0.425592088,0.0,365.0
0.6828575551458822,0.479558241,0.4784613495,0.421232734,0.0,365.0
0.6758037909597068,0.465581661,0.4488872095,0.410110994,0.0,365.0
0.6715102187117947,0.364511196,0.37493177099999997,0.3916378225,0.0,365.0
0.6745204549691044,0.237704565,0.322431418,0.363740518,0.0,365.0
0.678641949903825,0.11395386599999999,0.29030484850000005,0.33891935949999996,0.0,365.0
0.6863935933598437,0.013407841,0.250532756,0.3328149375,0.0,365.0
0.6588782718502652,0.0,0.188685531,0.268181465,0.0,365.0
0.5877438821019261,0.0,0.1653198985,0.24656370900000002,0.0,365.0
0.5850729709622078,0.0,0.157296577,0.237538541,0.0,365.0
0.605432279099202,0.023628774,0.164287261,0.24060515,0.0,365.0
0.6654621099549068,0.084908758,0.167989677,0.238050027,0.0,365.0
0.7323390825325807,0.162880496,0.16514647,0.22390641,0.0,365.0
0.7892661095890152,0.30825692,0.179968782,0.202277045,0.0,365.0
0.8007448815720114,0.48517090999999996,0.19535836766666667,0.208557221,0.0,365.0
0.7932043474246784,0.48202305749999996,0.2357789185,0.2657609035,0.0,365.0
0.7844786645009312,0.3567140985,0.2551903135,0.4140692815,0.0,365.0
0.7831130014244233,0.236420138,0.295944984,0.489237762,0.0,365.0
0.7831808843829939,0.12364330200000001,0.3349995275,0.530977161,0.0,365.0
0.7642768480081775,0.015418927333333332,0.37349664,0.5737536973333334,0.0,365.0
0.649530082917481,0.0,0.382359748,0.533601266,0.0,365.0
0.5871866652614276,0.0,0.41012555900000003,0.564623438,0.0,365.0
0.5841059300110121,0.0,0.441966038,0.606309872,0.0,365.0
0.6053011640150859,0.019811431,0.450523662,0.62469568,0.0,365.0
0.6653937351656495,0.102073488,0.433501523,0.604515497,0.0,365.0
0.7324673803694974,0.172822244,0.412727522,0.566918522,0.0,365.0
0.7827158104596089,0.291588357,0.390925276,0.529621341,0.0,365.0
0.8029027057265445,0.47960706350000004,0.3009955525,0.424963037,0.0,365.0
0.8013531596459922,0.659880389,0.21351307,0.312269156,0.0,365.0
0.7939685445532458,0.692364899,0.18072006499999999,0.3139603995,0.0,365.0
0.7848684323243655,0.5536432685,0.187294609,0.39000836699999997,0.0,365.0
0.7831130014244233,0.399378943,0.205180422,0.441880384,0.0,365.0
0.783368971058318,0.2203641215,0.21661811450000001,0.47780659449999996,0.0,365.0
0.7778373181255177,0.0392020085,0.2381207595,0.5227482194999999,0.0,365.0
0.7042489922124384,0.0,0.17176415849999999,0.4466916745,0.0,365.0
0.6005289381706826,0.0,0.16989490966666665,0.429662888,0.0,365.0
0.5851307027351307,0.0,0.154644852,0.42747289450000003,0.0,365.0
0.6356298478531683,0.0745515205,0.16231349750000001,0.4120052115,0.0,365.0
0.7332374803434913,0.225192966,0.13587862,0.377778009,0.0,365.0
0.787389088750666,0.364543086,0.125654774,0.358624962,0.0,365.0
0.8081268284489818,0.5889617665,0.10999886,0.31616540299999996,0.0,365.0
0.8028285622336366,0.7898029,0.109935102,0.28419960899999996,0.0,365.0
0.7943567024729407,0.8226313795,0.1266250875,0.2917046715,0.0,365.0
0.7853649882699609,0.6296838555,0.14820991300000003,0.3230993085,0.0,365.0
0.7841489537994564,0.473352391,0.163234009,0.342221672,0.0,365.0
0.7854280862537304,0.271585835,0.1834803605,0.357585756,0.0,365.0
0.778237773701704,0.0584713345,0.243648509,0.418022435,0.0,365.0
0.7047736985654599,0.0,0.2134013795,0.42664013300000003,0.0,365.0
0.5955363537127196,0.0,0.200612967,0.44633997525,0.0,365.0
0.5956052204676154,0.016014153,0.1990355345,0.425143649,0.0,365.0
0.6993178212963019,0.1762658935,0.1683523575,0.39459382750000005,0.0,365.0
0.7863979444521256,0.358789396,0.143446211,0.353326927,0.0,365.0
0.8064035950840229,0.5730272064999999,0.1267683875,0.2846358745,0.0,365.0
0.8018624156734071,0.7322729845,0.1282048065,0.239405069,0.0,365.0
0.7945703233862041,0.701208458,0.12753448750000002,0.23703231600000002,0.0,365.0
0.7860983294162565,0.5240805985,0.1276229055,0.229079892,0.0,365.0
0.7841654997961692,0.347078717,0.129425066,0.213647294,0.0,365.0
0.7836803917850403,0.1788010115,0.1360987445,0.23426800450000002,0.0,365.0
0.7762291011446589,0.035693133499999995,0.17065250199999998,0.2826963515,0.0,365.0
0.6798899878715696,0.0,0.19020658899999998,0.2945989073333333,0.0,365.0
0.5870678254318565,0.0,0.221740203,0.2574954175,0.0,365.0
0.5837693104007905,0.0,0.2581432925,0.30293697350000004,0.0,365.0
0.6059536092359736,0.026307615,0.29183187,0.34853509,0.0,365.0
0.6649651068475663,0.081462893,0.309071318,0.367282414,0.0,365.0
0.7323414078816175,0.171375668,0.291889291,0.374755522,0.0,365.0
0.7917650774898424,0.333667261,0.3223252335,0.383527196,0.0,365.0
0.8039370780671002,0.5264806476666667,0.34068325566666663,0.37354674866666665,0.0,365.0
0.7954447519915462,0.5674063659999999,0.4042903925,0.4399364055,0.0,365.0
0.7861136232656163,0.441189624,0.42223250999999995,0.486606647,0.0,365.0
0.7840772251958955,0.314005906,0.425874749,0.494817839,0.0,365.0
0.7828884244073799,0.188246911,0.41086318,0.49583300799999996,0.0,365.0
0.7757805730155596,0.043245939000000004,0.42252877050000004,0.4956829495,0.0,365.0
0.6998150257512581,0.0,0.40323241099999996,0.455401882,0.0,365.0
0.5885458217870412,0.0,0.38957028299999996,0.46986652,0.0,365.0
0.549622570041852,0.0,0.38856266149999996,0.500914671,0.0,365.0
0.5489650268936697,0.012786142,0.3999350515,0.5461999405,0.0,365.0
0.5609459372703709,0.122901792,0.4032189655,0.588354193,0.0,365.0
0.6243456765412141,0.249715843,0.416112503,0.60908674,0.0,365.0
0.680364847846868,0.39963685849999997,0.382908111,0.582976757,0.0,365.0
0.6822924902017775,0.5432766025,0.40434607499999997,0.6087606830000001,0.0,365.0
0.6745588235655906,0.606761084,0.45305959,0.677066405,0.0,365.0
0.6699681405765154,0.5351203165,0.4847449895,0.7268768365,0.0,365.0
0.6722147164073133,0.395354402,0.501689655,0.764922635,0.0,365.0
0.6744553223217966,0.231152865,0.5288520324999999,0.795420837,0.0,365.0
0.6750973480060085,0.052347994999999994,0.5885105255,0.825481742,0.0,365.0
0.6442783166204112,0.0,0.5841409576666666,0.7752287346666668,0.0,365.0
0.5539257008697036,0.0,0.5928988695,0.7883536655000001,0.0,365.0
0.5481875260452909,0.0950832395,0.5563149334999999,0.7525942295,0.0,365.0
0.597414268942035,0.2920112945,0.4472534165,0.6817640444999999,0.0,365.0
0.6750664250203245,0.5290184645,0.390689768,0.5722888245,0.0,365.0
0.6814978620531645,0.6868623355,0.3749931515,0.5164702704999999,0.0,365.0
0.6746952825935584,0.6686736055,0.369228478,0.46870322600000003,0.0,365.0
0.6706805311120574,0.558332812,0.3493939015,0.4154954125,0.0,365.0
0.6723575030405066,0.410615261,0.278187438,0.401627008,0.0,365.0
0.6736256793910007,0.226710454,0.204051604,0.38417144000000003,0.0,365.0
0.672613461473428,0.023485406,0.16250748674999999,0.299502001,0.0,365.0
0.5992354510844001,0.0,0.10494889566666667,0.21919896233333333,0.0,365.0
0.5839116051358211,0.0,0.0763656375,0.166871708,0.0,365.0
0.6061409803310489,0.040488216,0.074477465,0.177508093,0.0,365.0
0.6982495597814073,0.1473359735,0.0684948735,0.150592911,0.0,365.0
0.7873223685340895,0.37889043,0.0584886765,0.11817771199999999,0.0,365.0
0.8007364893890021,0.6039186635,0.042802734999999995,0.08450433099999999,0.0,365.0
0.7976884658387274,0.6742329235,0.041217128000000006,0.0909935135,0.0,365.0
0.787825185081498,0.6174560325,0.0501190515,0.126704977,0.0,365.0
0.7816644300934399,0.436456288,0.0705592095,0.1962800995,0.0,365.0
0.7787297236181672,0.2359205315,0.1009024255,0.287029811,0.0,365.0
0.772574245435597,0.056927391,0.1424830615,0.3540499205,0.0,365.0
0.6798032635039871,0.0,0.15235288466666666,0.38701557100000006,0.0,365.0
0.5870036094425101,0.0,0.164806565,0.40907219250000004,0.0,365.0
0.5839263175467082,0.0,0.1901908835,0.44315616700000005,0.0,365.0
0.6062495573026184,0.023752414,0.214912251,0.46798649,0.0,365.0
0.6980232386513728,0.132636924,0.22838035750000002,0.4935995645,0.0,365.0
0.7880958223898626,0.323453054,0.231350843,0.496507256,0.0,365.0
0.8020226426268038,0.5482954485,0.23373807600000002,0.427390908,0.0,365.0
0.7989356243726284,0.671819511,0.2729369975,0.487549092,0.0,365.0
0.7887508165743977,0.584923897,0.304420963,0.514620255,0.0,365.0
0.7833420951327157,0.431595445,0.31733102550000003,0.533424895,0.0,365.0
0.7828729964837199,0.22306873100000002,0.32765507299999996,0.565699994,0.0,365.0
0.7758116971464319,0.053240340000000004,0.3411910415,0.576557651,0.0,365.0
0.6798321964725824,0.0,0.25321326666666666,0.40264423299999996,0.0,365.0
0.5870515478536472,0.0,0.216892586,0.3195674285,0.0,365.0
0.5838834323939243,0.0,0.21155621949999998,0.30658842750000004,0.0,365.0
0.6060677312291074,0.018564797,0.209850465,0.298294997,0.0,365.0
0.6984003509944534,0.1189443505,0.190124807,0.275278327,0.0,365.0
0.7910898258053803,0.286720855,0.17156700749999998,0.2476774595,0.0,365.0
0.8031923335878037,0.4499430163333333,0.11386339266666667,0.13581281466666664,0.0,365.0
0.7956933430180511,0.474945205,0.1230093825,0.143593105,0.0,365.0
0.7862450960386432,0.356247925,0.1117430915,0.15882787199999998,0.0,365.0
0.7841654997961692,0.253378134,0.10395675,0.162002392,0.0,365.0
0.7826254786588989,0.139923219,0.0928469935,0.1582456925,0.0,365.0
0.7749607011795543,0.0266072155,0.0906209,0.16310909499999998,0.0,365.0
0.7074726706397698,0.0,0.0810238405,0.1591230085,0.0,365.0
0.6076090043113033,0.0,0.06707205050000001,0.1556100995,0.0,365.0
0.5804732101241201,0.0,0.059860443,0.1303035085,0.0,365.0
0.5959229241306216,0.0076428175,0.052302415,0.1057498575,0.0,365.0
0.6980674206879269,0.083465218,0.041133067499999995,0.1167950005,0.0,365.0
0.7870257943600303,0.2257974295,0.0427331715,0.13847315300000002,0.0,365.0
0.7997365653267874,0.390523988,0.049907978666666665,0.09376464833333333,0.0,365.0
0.7933546468070377,0.408298753,0.0510364045,0.06524130850000001,0.0,365.0
0.7828659756327164,0.3595369865,0.045726073,0.0759665675,0.0,365.0
0.780367097137248,0.266101803,0.047160248,0.089174121,0.0,365.0
0.7799850210086487,0.143467189,0.045279783500000004,0.074775011,0.0,365.0
0.7730869000812084,0.030800854,0.046353318000000004,0.0547675935,0.0,365.0
0.677916926267384,0.0,0.04041882833333333,0.03744376233333333,0.0,339.3333333333333
0.5827220889020083,0.0,0.027279307500000002,0.0459873825,0.0,288.0
0.5796287653770784,0.0,0.0238744105,0.0519872705,0.0,288.0
0.6295068578236043,0.0378659685,0.020288695500000002,0.0508897625,0.0,288.0
0.7484202240108524,0.1361672235,0.012437578500000001,0.0550934765,0.0,288.0
0.7966333291654513,0.29361791,0.015169733500000001,0.0640611875,0.0,288.0
0.7998912620582992,0.410951167,0.0273890665,0.072961944,0.0,288.0
0.7942042117483691,0.4405478315,0.037136223499999996,0.1212762345,0.0,288.0
0.784019225071945,0.373955943,0.057081817,0.1897285935,0.0,288.0
0.7801961824310993,0.278235572,0.061088896,0.204504302,0.0,288.0
0.776667701702721,0.136009017,0.053019064,0.198570828,0.0,288.0
0.76672379323616,0.029117452500000002,0.047317158,0.1624819045,0.0,288.0
0.6649373664002595,0.0,0.045976626666666666,0.15574448733333335,0.0,288.0
0.5550880169907093,0.0,0.047646865499999996,0.1646363605,0.0,288.0
0.543266975878494,0.0,0.052686662999999995,0.1573528615,0.0,288.0
0.5438618682046521,0.033039463500000005,0.053324768,0.1361829765,0.0,288.0
0.5933645251477735,0.129735779,0.0513521015,0.11865407750000001,0.0,288.0
0.6734146073739089,0.2639704885,0.043853233000000005,0.1041310485,0.0,288.0
0.6781437393180729,0.39569266625000005,0.045026992,0.11990170274999999,0.0,288.0
0.6713336023728835,0.339557299,0.0664096235,0.1497922705,0.0,288.0
0.673099653887214,0.262927301,0.061940391,0.146154321,0.0,288.0
0.6725953168414249,0.148477953,0.0498042315,0.1155681425,0.0,288.0
0.6716539444723716,0.0349020015,0.051422804,0.082801265,0.0,288.0
0.6069391815496431,0.0,0.040744250800000006,0.06895648959999999,0.0,288.0
0.5440035144977977,0.0,0.0367876325,0.062144445,0.0,288.0
0.544326405560933,0.051700532,0.0302106385,0.06838650099999999,0.0,288.0
0.5701665215670325,0.148441027,0.023724942,0.068701068,0.0,288.0
0.641964424267409,0.3022480635,0.023176336999999998,0.0644870645,0.0,288.0
0.6811912262337677,0.47668029199999995,0.023143995,0.062013588499999994,0.0,288.0
0.6807367729247709,0.5182337269999999,0.028626322500000002,0.072453059,0.0,288.0
0.6731295259382092,0.490519939,0.0345461985,0.1072050115,0.0,288.0
0.6729193035756664,0.365444996,0.043864159,0.15365205850000002,0.0,288.0
0.6733926505648835,0.23299916,0.056510254,0.181411132,0.0,288.0
0.6726163122560715,0.116477498,0.0639537855,0.18226603800000002,0.0,288.0
0.6668577345552444,0.003656721,0.074873003,0.1755817985,0.0,288.0
0.6140081768394855,0.0,0.06609916525,0.17726387400000002,0.0,288.0
0.5801303745135513,0.0,0.06767985800000001,0.1980143485,0.0,288.0
0.6298274458721735,0.060832207,0.0740017415,0.2100892465,0.0,288.0
0.7255395662692553,0.138586968,0.071320137,0.205374997,0.0,288.0
0.7832869570598576,0.262510083,0.0828514135,0.2178702535,0.0,288.0
0.798541742553176,0.390481544,0.090568529,0.2058757555,0.0,288.0
0.7941695697921552,0.424849201,0.12705929900000001,0.2622970523333333,0.0,288.0
0.7823918237253673,0.34443286,0.14729631199999998,0.318930094,0.0,288.0
0.7787254753454216,0.285091556,0.165530131,0.360855436,0.0,288.0
0.7771636763447951,0.1577704315,0.181130396,0.3887096765,0.0,288.0
0.7686194617381724,0.036535706,0.198052517,0.41241576,0.0,288.0
0.6387389392580439,0.0,0.1730733126,0.391020458,0.0,288.0
0.5800554260350357,0.0,0.16503129,0.3638650115,0.0,288.0
0.6297297803354424,0.0501699445,0.148428927,0.34275039100000004,0.0,288.0
0.7261330275698673,0.135292614,0.134889906,0.319805314,0.0,288.0
0.7912226401985947,0.2598345945,0.136665078,0.3103617575,0.0,288.0
0.804363530045078,0.44606821399999996,0.09887627800000001,0.227639231,0.0,288.0
0.7992722664522722,0.5778315199999999,0.1063720225,0.2328849755,0.0,288.0
0.7881150960934646,0.585973144,0.10229917999999999,0.24198035750000002,0.0,288.0
0.78101529408539,0.45058048,0.1031851215,0.25063087,0.0,288.0
0.7784757663808157,0.2178110905,0.10726957100000001,0.26264213449999996,0.0,288.0
0.7701843910734434,0.0506108775,0.11769146150000001,0.258556898,0.0,288.0
0.6387331973692534,0.0,0.08640434799999999,0.21033421900000002,0.0,288.0
0.5820140137101,0.0,0.079765564,0.224324738,0.0,288.0
0.6009144427867404,0.041374168,0.07471623,0.218519834,0.0,288.0
0.6926956816885539,0.167221785,0.06414123099999999,0.209906462,0.0,288.0
0.7754909750235622,0.325676073,0.058718141,0.19427849,0.0,288.0
0.799064324702349,0.5250592119999999,0.048517843,0.148487396,0.0,288.0
0.798406423865256,0.7271706355,0.0438589775,0.12708681,0.0,288.0
0.7928965041268703,0.7537400615000001,0.049324817,0.1295230885,0.0,288.0
0.7829849719385343,0.6318690149999999,0.052893313,0.139385075,0.0,288.0
0.7792297229183763,0.4538423,0.058271176,0.153526031,0.0,288.0
0.7761308095679892,0.2575121515,0.06554806299999999,0.162329981,0.0,288.0
0.768003193973986,0.06889669250000001,0.08635939349999999,0.1793615875,0.0,288.0
0.7021539007729889,0.0,0.070295653,0.146542923,0.0,288.0
0.5967086234391533,0.0,0.07664349366666667,0.17852054466666667,0.0,288.0
0.5808496964947379,0.0,0.0861023175,0.20487801649999998,0.0,288.0
0.6299245300379077,0.10041998900000002,0.089588001,0.2060979185,0.0,288.0
0.7259637675038754,0.241257669,0.067081591,0.186495618,0.0,288.0
0.7839966868244469,0.424521238,0.06451564,0.16539571349999999,0.0,288.0
0.7987057407033271,0.6898662033333333,0.05907097533333333,0.120153768,0.0,288.0
0.7930671505494669,0.7226189645000001,0.0855310025,0.145540212,0.0,288.0
0.7830551802461418,0.5689686355,0.0949820765,0.18166546249999999,0.0,288.0
0.7792297229183763,0.41440131,0.095676773,0.198065245,0.0,288.0
0.7758772547559657,0.2284416385,0.089945052,0.197276576,0.0,288.0
0.766958476702434,0.0540636665,0.09848277999999999,0.1885291745,0.0,288.0
0.7024604919234444,0.0,0.080233159,0.163912044,0.0,288.0
0.5914569838502819,0.0,0.07652264225,0.16377972400000002,0.0,288.0
0.5918757293000072,0.018419728,0.078481803,0.17248213950000002,0.0,288.0
0.6921130198805234,0.1257637175,0.0640555115,0.15177833400000001,0.0,288.0
0.7724653107751168,0.253512872,0.051420363,0.133842036,0.0,288.0
0.797120225891037,0.3890845555,0.0428180675,0.126170282,0.0,288.0
0.7985547109185476,0.501079175,0.040899037,0.1244312705,0.0,288.0
0.7927668648047175,0.523836121,0.0432020405,0.121419597,0.0,288.0
0.7827594111251659,0.434757898,0.045195175000000004,0.137318345,0.0,288.0
0.77875302204738,0.310711693,0.050323859,0.15175178,0.0,288.0
0.7759519349509292,0.188114395,0.053854192999999995,0.1551987645,0.0,288.0
0.7677587170784508,0.046075832500000004,0.0563709705,0.1514959535,0.0,288.0
0.6950043045684322,0.0,0.042872568,0.11934158950000001,0.0,288.0
0.565064905542177,0.0,0.030196332750000002,0.12071209050000001,0.0,288.0
0.5453124071957616,0.021567159,0.032667944500000004,0.1521474385,0.0,288.0
0.5566417219386485,0.1424452595,0.0295417235,0.152706583,0.0,288.0
0.6438980813425259,0.301398284,0.029034360000000002,0.1441618155,0.0,288.0
0.6806987173482539,0.4554648415,0.023749195,0.10833032000000001,0.0,288.0
0.6793006109226327,0.5642028205,0.0249879,0.109978543,0.0,288.0
0.6714678701935906,0.518643135,0.027878438999999998,0.11614605850000001,0.0,288.0
0.6709929580370513,0.3474545115,0.044029720499999994,0.135257299,0.0,288.0
0.672300196162334,0.16926294949999998,0.058779642,0.1390270035,0.0,288.0
0.6661739527223716,0.0194245765,0.06000877624999999,0.12778907,0.0,288.0
0.5722431366187449,0.0,0.04500294333333333,0.10579792133333334,0.0,288.0
0.5451719085975196,0.013757827666666667,0.05041407366666667,0.12252609166666667,0.0,288.0
0.5567113936116761,0.125633788,0.049705729500000004,0.12912282349999998,0.0,288.0
0.6440324385011161,0.283053328,0.0517793785,0.1382064425,0.0,288.0
0.6806214062066158,0.42867182,0.03864509733333333,0.11042078966666667,0.0,288.0
0.6752235217065525,0.4685384735,0.047267439499999994,0.142395722,0.0,288.0
0.670871166751029,0.3718391985,0.060992492,0.1820259525,0.0,288.0
0.6723009787459953,0.285790704,0.07430884,0.213342834,0.0,288.0
0.6723527628695984,0.1671608985,0.08910902849999999,0.2467776935,0.0,288.0
0.6725870662450151,0.0417374775,0.115489006,0.27763848599999996,0.0,288.0
0.6680325159087479,0.0,0.1171817245,0.264449259,0.0,288.0
0.5917076542767423,0.0,0.094441783,0.27528028875,0.0,288.0
0.5923836661766568,0.022660214,0.092692782,0.319631609,0.0,288.0
0.6920678987840614,0.143732257,0.1008895185,0.3153416945,0.0,288.0
0.7829221423057926,0.352933935,0.1221186415,0.3224418005,0.0,288.0
0.7993365719144532,0.5025511595,0.1176772565,0.294396893,0.0,288.0
0.7993859859526022,0.5380614845,0.12144363999999999,0.3381642925,0.0,288.0
0.7918275047647317,0.500604204,0.144006241,0.397580767,0.0,288.0
0.7846801667033723,0.450830865,0.18055042999999998,0.4638437645,0.0,288.0
0.7801965401874859,0.312358848,0.238916878,0.525964858,0.0,288.0
0.776495356038502,0.168629631,0.2530090785,0.543064921,0.0,288.0
0.7671149472812475,0.042840113500000006,0.247507362,0.5266426515,0.0,288.0
0.6756747627653535,0.0,0.202852495,0.4401823603333333,0.0,288.0
0.5816719011021116,0.0,0.2064441246666667,0.407236144,0.0,288.0
0.5923759745492976,0.0183763495,0.19242538450000002,0.4343488725,0.0,288.0
0.6921698796644262,0.1144472745,0.19066550399999999,0.4065121735,0.0,288.0
0.7737128718018217,0.211434399,0.193185231,0.368851241,0.0,288.0
0.7987216457029784,0.28424413000000004,0.1749775055,0.31735629750000005,0.0,288.0
0.7990039544929444,0.3127917335,0.132657172,0.269423246,0.0,288.0
0.7920172906816785,0.347010942,0.10395204150000001,0.2741770135,0.0,288.0
0.7824252285363351,0.3157594555,0.1026251255,0.2758634635,0.0,288.0
0.7787254753454216,0.245684524,0.095910694,0.288754633,0.0,288.0
0.7768328029688019,0.1565436775,0.0866253475,0.2665578845,0.0,288.0
0.7687135945149313,0.0437031065,0.073847816,0.21694246350000002,0.0,288.0
0.7014234215428343,0.0,0.0494218955,0.13800827,0.0,288.0
0.5923157944190596,0.0,0.04821771625,0.09113879500000001,0.0,288.0
0.5918493453400431,0.0231007085,0.10644015500000001,0.101289403,0.0,288.0
0.6923701297869901,0.13481545749999999,0.1510607975,0.151820318,0.0,288.0
0.7833794351964596,0.29025370500000003,0.2774547905,0.22821485249999998,0.0,288.0
0.798816985823197,0.329003393,0.45308802049999997,0.33521703950000004,0.0,288.0
0.7952436820387113,0.24953974999999998,0.5712588623333333,0.47985115100000003,0.0,288.0
0.7850812483194972,0.203144965,0.658860465,0.601698326,0.0,288.0
0.7797207785113489,0.136000609,0.6863668775,0.6775932625000001,0.0,288.0
0.7759485810016742,0.057661198500000004,0.7256688245,0.7609155645000001,0.0,288.0
0.7677779013092183,0.008174415,0.7845495255,0.8147789085,0.0,288.0
0.6754387078771059,0.0,0.8443768466666667,0.857940567,0.0,288.0
0.5825033252575571,0.0,0.8883833025,0.8807598889999999,0.0,288.0
0.5796287653770784,0.0,0.9061571335,0.9029052005,0.0,288.0
0.6008948112592761,0.019875105,0.915402665,0.913508816,0.0,288.0
0.6920327946639955,0.078667823,0.9181119765,0.9144764775,0.0,288.0
0.7717921162236152,0.196056872,0.922238492,0.923599837,0.0,288.0
0.7975540862781909,0.3444070165,0.911858193,0.914398791,0.0,288.0
0.7984212257489773,0.5475784115,0.872357865,0.8647604565,0.0,288.0
0.7928965041268703,0.653418571,0.8215834584999999,0.8166962885,0.0,288.0
0.7829644460875795,0.5477580635,0.7744597265,0.751530787,0.0,288.0
0.7778235448420143,0.34945286649999996,0.7042490625,0.6662180375,0.0,288.0
0.7754041314488348,0.177650409,0.620256245,0.598376492,0.0,288.0
0.7681054208034321,0.064740382,0.571672534,0.532922219,0.0,288.0
0.6539664865350034,0.0,0.5057638425000001,0.519674671,0.0,288.0
0.578689852498838,0.0,0.4419681995,0.4941980535,0.0,288.0
0.5921253041228371,0.019835154,0.3801447745,0.4293829,0.0,288.0
0.6923968044999285,0.1311688865,0.3516440375,0.380605655,0.0,288.0
0.7724653107751168,0.242841497,0.374921986,0.354480624,0.0,288.0
0.7971161117600674,0.33380751,0.385815963,0.331912698,0.0,288.0
0.7984029805106422,0.3894357975,0.385364579,0.338880669,0.0,288.0
0.7920670178072726,0.395594718,0.379751733,0.39554323449999995,0.0,288.0
0.7823918237253673,0.354926128,0.3376416405,0.4127500965,0.0,288.0
0.7786374690287,0.271116352,0.307420947,0.409107015,0.0,288.0
0.7766820116882801,0.1595709925,0.27216723350000005,0.4000790325,0.0,288.0
0.7686830963565218,0.03595751,0.243017431,0.378864936,0.0,288.0
0.6946808992726636,0.0,0.2797882435,0.370305283,0.0,288.0
0.5650458889211539,0.0,0.3292708455,0.4137363105,0.0,288.0
0.5450663874673748,0.0135078245,0.368653958,0.50323718,0.0,288.0
0.5568740353194683,0.0807236115,0.397095089,0.5754036595,0.0,288.0
0.6203196560709153,0.168777571,0.452970736,0.603265194,0.0,288.0
0.6788930227556134,0.2703913975,0.48525189550000003,0.596600022,0.0,288.0
0.6823886576420747,0.303212996,0.541954633,0.6042427265,0.0,288.0
0.6731555670764178,0.37184229766666665,0.554154812,0.6481200343333333,0.0,288.0
0.6709407713531685,0.3253743095,0.5396120145,0.6929063344999999,0.0,288.0
0.6746813080299153,0.168848706,0.511262406,0.6862829235000001,0.0,288.0
0.6765539016498499,0.036273191,0.41539408749999995,0.6231222745,0.0,288.0
0.6620076386451365,0.0,0.35561405300000004,0.576853266,0.0,288.0
0.5650389351410385,0.0,0.317557128,0.56307018675,0.0,288.0
0.5450110929182699,0.0140540115,0.29252684650000005,0.555712627,0.0,288.0
0.5572904778558412,0.062268913499999995,0.30672975199999997,0.5135322185,0.0,288.0
0.6467143280790848,0.157890426,0.3821407575,0.535861358,0.0,288.0
0.6833074024257468,0.210771992,0.422354077,0.573905501,0.0,288.0
0.6829931197154079,0.214497343,0.50171875,0.611757723,0.0,288.0
0.6746466286696482,0.194537792,0.5900274105000001,0.684660982,0.0,288.0
0.6702483253650602,0.14362834149999998,0.630910619,0.7411608275,0.0,288.0
0.67349380412517,0.110941628,0.622741919,0.762888803,0.0,288.0
0.6766921493922746,0.0568230005,0.568928083,0.7456738795,0.0,288.0
0.671640111472836,0.007705924,0.5426275033333333,0.7538834163333333,0.0,288.0
0.613780581295103,0.0,0.57676126975,0.76957718225,0.0,288.0
0.5798562491816315,0.0,0.5617144464999999,0.7345280645000001,0.0,288.0
0.6297226030081922,0.0615590625,0.529072388,0.6781376765,0.0,288.0
0.7256231455025138,0.144175471,0.600555629,0.656589738,0.0,288.0
0.7833771099148985,0.2476732215,0.596240184,0.633300222,0.0,288.0
0.7986015759930494,0.381606561,0.6192219505000001,0.6216199825,0.0,288.0
0.7981462506950328,0.4498743195,0.693771554,0.7086792985,0.0,288.0
0.7882881126015152,0.354794251,0.7487708474999999,0.7680049419999999,0.0,288.0
0.7802274855751163,0.192975089,0.7345379089999999,0.7857666969999999,0.0,288.0
0.7763349501394364,0.09140798850000001,0.6821737225,0.815405548,0.0,288.0
0.7666400798611255,0.030588840000000003,0.639407519,0.806920223,0.0,288.0
0.6539037127047008,0.0,0.5447936922500001,0.729126813,0.0,288.0
0.5770996124052868,0.0,0.4319329765,0.620681308,0.0,288.0
0.5916096309498866,0.020685664,0.34671249449999997,0.4816105905,0.0,288.0
0.691904027263387,0.10102749899999999,0.3161365445,0.352130886,0.0,288.0
0.7714497501092625,0.167632532,0.311134105,0.299316723,0.0,288.0
0.7942850630723113,0.220756144,0.317772141,0.287899442,0.0,288.0
0.7985907094295799,0.25821773449999996,0.36908502,0.303704991,0.0,288.0
0.797742530642426,0.25445185049999997,0.4380293625,0.359620372,0.0,288.0
0.7890978333193484,0.2492952315,0.4538738705,0.43375908100000005,0.0,288.0
0.7827737657796665,0.1970136255,0.4498356705,0.513574582,0.0,288.0
0.7780729853881168,0.09110713349999999,0.43935766600000004,0.604999462,0.0,288.0
0.7674302585243289,0.020973965,0.478139317,0.623233514,0.0,288.0
0.676093284656698,0.0,0.5364144276666666,0.627956947,0.0,288.0
0.5827163425328286,0.0,0.554022196,0.655981748,0.0,288.0
0.5795926550587409,0.0,0.561249518,0.703970651,0.0,288.0
0.6295486474402336,0.026816503,0.5473794064999999,0.727840292,0.0,288.0
0.7254242816690789,0.088486453,0.55454264,0.723039254,0.0,288.0
0.7714114709856107,0.146974628,0.55588106,0.7121272,0.0,288.0
0.7964181430173897,0.251665012,0.5370410005,0.6664334415,0.0,288.0
0.7978494679084697,0.39532592000000005,0.48374572433333335,0.6254844526666666,0.0,288.0
0.7875747158677018,0.4008855645,0.474280158,0.587079484,0.0,288.0
0.779679100702025,0.30749945300000003,0.474021739,0.541819913,0.0,288.0
0.7761632305826316,0.1504139495,0.48996576700000005,0.5195998804999999,0.0,288.0
0.7685845811652414,0.039680186,0.4831437985,0.5176743385,0.0,288.0
0.702012097936121,0.0,0.5298671605,0.595425475,0.0,288.0
0.6057540521567606,0.0,0.5941138225,0.7365569075,0.0,288.0
0.578877693225081,0.0,0.5969062755,0.826109344,0.0,288.0
0.591852319130965,0.036611003,0.5600531505,0.809997636,0.0,288.0
0.6926902036029261,0.2291921885,0.5681013875,0.785155751,0.0,288.0
0.7891212210864441,0.462923824,0.6335116620000001,0.7492648335000001,0.0,288.0
0.7999532719507377,0.591242892,0.5427040196666667,0.6394023959999999,0.0,288.0
0.7920326738689214,0.612680835,0.5399321775,0.6029110185,0.0,288.0
0.7823918237253673,0.536385817,0.50207535,0.5443349405,0.0,288.0
0.7786374690287,0.434472694,0.468080974,0.511164461,0.0,288.0
0.7767149246010852,0.272443488,0.422122817,0.497985794,0.0,288.0
0.7695944178638624,0.08288467899999999,0.41027904699999995,0.505071313,0.0,288.0
0.7003198992966757,0.0,0.386494346,0.46978178849999996,0.0,288.0
0.5933434514950033,0.0,0.35384956175,0.517947543,0.0,288.0
0.5933423670586083,0.034533622,0.2734869365,0.484419172,0.0,288.0
0.6926665474173268,0.227021232,0.216679191,0.4178840535,0.0,288.0
0.7857208593167894,0.4757073825,0.1756380945,0.34274586500000004,0.0,288.0
0.798911565829177,0.668871391,0.14646440500000002,0.2479036445,0.0,288.0
0.7970216659633393,0.7667755345,0.161679718,0.2566820655,0.0,288.0
0.7875192647073985,0.7375399975,0.178645051,0.2764308525,0.0,288.0
0.7802186312732386,0.553216039,0.17763986650000002,0.28432240649999996,0.0,288.0
0.7762978784267203,0.29225272999999996,0.164084182,0.2606830065,0.0,288.0
0.7674179161988959,0.089711178,0.18333474,0.2266364555,0.0,288.0
0.6646801894453965,0.0,0.159961139,0.16288413933333334,0.0,288.0
0.5538856665557929,0.0,0.15475597333333335,0.14987282799999999,0.0,288.0
0.5461330168790107,0.0253797935,0.15908972999999998,0.154649722,0.0,288.0
0.5568449235851393,0.181294259,0.15170757899999998,0.1515048215,0.0,288.0
0.6427362459524475,0.4258712605,0.14668111150000002,0.1474619575,0.0,288.0
0.6810091020749183,0.666922778,0.12434246199999999,0.12070723033333335,0.0,288.0
0.6761140266099639,0.685282221,0.14550124749999999,0.14377406999999998,0.0,288.0
0.6714886866625682,0.5300290365,0.1492980345,0.143784978,0.0,288.0
0.6727542470460028,0.386247943,0.13076179,0.126430757,0.0,288.0
0.6723813828407164,0.231017788,0.110929257,0.11902718200000001,0.0,288.0
0.6657607970981035,0.03302595225,0.09210180575,0.09609580749999999,0.0,288.0
0.5727163792229885,0.0,0.07346235366666666,0.072371066,0.0,288.0
0.5458800732622624,0.017877940666666665,0.071880972,0.08056885133333334,0.0,288.0
0.5565070740945599,0.21099431349999997,0.057179565,0.07140287449999999,0.0,288.0
0.6419733456401746,0.516597661,0.0476267425,0.055319507500000004,0.0,288.0
0.6814542166511902,0.794562852,0.0456819455,0.0375213015,0.0,288.0
0.6816989394958068,0.9168171215,0.052232932999999995,0.0408360245,0.0,288.0
0.6753516182633295,0.8625156085,0.056577942,0.058120429,0.0,288.0
0.6743357222430351,0.6510001355,0.054190722,0.074238287,0.0,288.0
0.6748117075337826,0.427062363,0.05176022,0.08144398,0.0,288.0
0.6738164045028068,0.224238616,0.057585732,0.079534199,0.0,288.0
0.6669693522536724,0.0174520155,0.0695726595,0.0824298435,0.0,288.0
0.6143547017537493,0.0,0.0679659775,0.07749640549999999,0.0,288.0
0.5805747214407933,0.000508072,0.072361692,0.0719571725,0.0,288.0
0.6297166553588726,0.1344705275,0.0653762035,0.0651184365,0.0,288.0
0.7253744203342329,0.321274181,0.039561024,0.049522163,0.0,288.0
0.7882514432466514,0.559283011,0.0358571175,0.042715998,0.0,288.0
0.8076245932725703,0.795492192,0.0270600045,0.0372262775,0.0,288.0
0.8102416630882492,0.8836065580000001,0.026890866,0.047079290499999996,0.0,288.0
0.7995120925822581,0.7879036065,0.028689409,0.0658087655,0.0,288.0
0.7905957740195393,0.5565791154999999,0.034256729,0.092777463,0.0,288.0
0.7829525509238918,0.266943727,0.045766819,0.10405450499999999,0.0,288.0
0.7694929512161308,0.061305286,0.0637820905,0.1008197625,0.0,288.0
0.7025873811367613,0.0,0.053160245,0.0798750375,0.0,288.0
0.5912718262294625,0.0,0.047955968749999994,0.0704424605,0.0,288.0
0.59196114198414,0.030070269,0.047529639,0.08704207,0.0,288.0
0.6918899408924384,0.205206469,0.03846149,0.0983783545,0.0,288.0
0.7769287691964349,0.41649199,0.026635497,0.087419655,0.0,288.0
0.7977119430786577,0.573878278,0.030908462,0.088661212,0.0,288.0
0.8055830525391375,0.7414166685000001,0.034284578999999996,0.0873286455,0.0,288.0
0.8067579904588555,0.861510163,0.054221522999999994,0.13275551366666669,0.0,288.0
0.7929951535274022,0.7047375325,0.077046061,0.1890359245,0.0,288.0
0.787313245881184,0.526172584,0.082500852,0.215110508,0.0,288.0
0.7818596270251263,0.3102487265,0.0857597195,0.229838217,0.0,288.0
0.7679483688536215,0.089813772,0.12008152450000001,0.252658712,0.0,288.0
0.7025603039310191,0.0,0.1165100205,0.2523566105,0.0,288.0
0.5911561054998246,0.0,0.08301301775,0.251591198,0.0,288.0
0.5918977756493428,0.0379078645,0.08569732199999999,0.260386006,0.0,288.0
0.6584562171089805,0.182712269,0.089959028,0.28041482,0.0,288.0
0.725338466559618,0.28938714,0.076222851,0.279211641,0.0,288.0
0.771601793604613,0.451390384,0.064529449,0.277623525,0.0,288.0
0.7983097421248497,0.6870258095,0.06707711799999999,0.259667872,0.0,288.0
0.8048133550579475,0.89846825,0.080436362,0.23971577700000002,0.0,288.0
0.8021655187328315,0.932061512,0.1017493025,0.23692409450000002,0.0,288.0
0.7905939853050823,0.793846279,0.111567578,0.254937181,0.0,288.0
0.7841209599357528,0.5192413755,0.1117574395,0.2943784395,0.0,288.0
0.7779057823876097,0.22703023900000002,0.14061033750000002,0.33690447349999997,0.0,288.0
0.7478425931941801,0.0172073785,0.17466143150000002,0.369866444,0.0,288.0
0.6143674912746656,0.0,0.12265770374999999,0.33189387375000007,0.0,288.0
0.5800934368751355,0.0,0.0949086915,0.282857979,0.0,288.0
0.6297891219446289,0.12087326000000001,0.09771948150000001,0.27782924,0.0,288.0
0.7252967886828182,0.291233602,0.086601216,0.269811534,0.0,288.0
0.7836376407740325,0.5354033085,0.07087017500000001,0.2624099165,0.0,288.0
0.8026330522819807,0.815996654,0.063815961,0.2334241775,0.0,288.0
0.8069043098970051,0.9369308704999999,0.0987757135,0.290141597,0.0,288.0
0.7976126677056627,0.8621374255,0.130785245,0.3400688945,0.0,288.0
0.7882724163268273,0.640146887,0.1564035835,0.3731553645,0.0,288.0
0.7819545199835998,0.3462226695,0.162864059,0.41507203449999996,0.0,288.0
0.76962782267483,0.101810653,0.197896711,0.454216913,0.0,288.0
0.7025873811367613,0.0,0.210134357,0.4538119815,0.0,288.0
0.5958228363047035,0.0,0.18623560166666664,0.41402701233333333,0.0,288.0
0.5800797082605735,0.0,0.1637709765,0.3709224955,0.0,288.0
0.6297156492280767,0.128236782,0.140139138,0.35898992399999996,0.0,288.0
0.7252388333627607,0.286874574,0.098791957,0.332774886,0.0,288.0
0.7841877696926395,0.532914077,0.0929603465,0.3089755575,0.0,288.0
0.802955429045007,0.7951431554999999,0.08089513200000001,0.2467889545,0.0,288.0
0.8064229583279352,0.9119532315,0.1085250895,0.2630415465,0.0,288.0
0.7971488905310964,0.8586086325,0.1392120135,0.3050536995,0.0,288.0
0.7876159017788631,0.6442753855,0.170182141,0.3326754955,0.0,288.0
0.7815822371493103,0.3440930365,0.180207122,0.3374741875,0.0,288.0
0.7678321450585857,0.09869815900000001,0.21198852299999998,0.39213253,0.0,288.0
0.6648115281441233,0.0,0.210797143,0.470156257,0.0,288.0
0.5556237912548159,0.0,0.18948329600000002,0.469440507,0.0,288.0
0.5440091713941431,0.0,0.18176698800000002,0.4608533685,0.0,288.0
0.5440608214434459,0.11313717749999999,0.165291032,0.44707911499999997,0.0,288.0
0.5702687483964787,0.275831722,0.138257851,0.422085793,0.0,288.0
0.6422542906104339,0.5334855645000001,0.1328296305,0.398656373,0.0,288.0
0.684340984692834,0.8576953970000001,0.13650942433333335,0.35782772533333335,0.0,288.0
0.6819847140423331,0.8999484185,0.175097762,0.3951373545,0.0,288.0
0.6757677701142036,0.7264271705,0.1935322765,0.4126094555,0.0,288.0
0.6754072258998793,0.548154183,0.195107401,0.426722009,0.0,288.0
0.6748567616268324,0.328534678,0.19056394599999998,0.4549426385,0.0,288.0
0.6714801006442426,0.09062477399999999,0.224831028,0.5185098125000001,0.0,288.0
0.6183795595495297,0.0,0.22595812224999998,0.5473556107499999,0.0,258.5
0.54024502333569,0.0,0.2434812295,0.521228158,0.0,229.0
0.5401194086041966,0.035464245,0.26582407799999996,0.4876529395,0.0,229.0
0.5381446550907526,0.16401258,0.250430184,0.444207763,0.0,229.0
0.5670499442818314,0.243449421,0.230586217,0.402739265,0.0,229.0
0.6425149556788197,0.4542932665,0.2353876645,0.3565669925,0.0,229.0
0.6872121459776079,0.6602054559999999,0.24261450699999998,0.33686518099999996,0.0,229.0
0.6920160922585117,0.7390361795,0.249830319,0.3888437435,0.0,229.0
0.6840755124726197,0.633131084,0.2589768315,0.4885987875,0.0,229.0
0.6778158621349482,0.499365759,0.28729223,0.563131666,0.0,229.0
0.6779881183938083,0.373607046,0.301753428,0.604290493,0.0,229.0
0.6767159620541207,0.274971945,0.319828238,0.631440305,0.0,229.0
0.674826106992176,0.1143346365,0.3539111615,0.6547593005,0.0,229.0
0.6664413591572355,0.006652142,0.3580340445,0.6280824524999999,0.0,229.0
0.6096793215933145,0.0,0.3271966045,0.5864158429999999,0.0,229.0
0.5732272451316508,0.0,0.3419432915,0.529765615,0.0,229.0
0.5939422678392267,0.056326824,0.345912394,0.511716677,0.0,229.0
0.6514738911107704,0.152054879,0.31448805,0.492825693,0.0,229.0
0.7198319007704873,0.259002677,0.277721222,0.477781995,0.0,229.0
0.7698154621209332,0.414149639,0.25839002,0.485382216,0.0,229.0
0.7991269307879559,0.6220539235,0.235639528,0.46108692949999996,0.0,229.0
0.8079333755628109,0.8212372755,0.24210552400000002,0.46697184,0.0,229.0
0.8046669013880543,0.881325431,0.2502969165,0.5031428855,0.0,229.0
0.790582716248809,0.761747996,0.2568859905,0.533056881,0.0,229.0
0.7837756424999003,0.564968634,0.27120282,0.569427841,0.0,229.0
0.7776956941668429,0.33755967350000005,0.2772097615,0.6056661955,0.0,229.0
0.7615476535938015,0.096466725,0.322129011,0.6579210959999999,0.0,229.0
0.696547679520006,0.0,0.32897414950000003,0.647208776,0.0,229.0
0.585302824852215,0.0,0.29583438250000005,0.5542903057499999,0.0,229.0
0.5846313071403894,0.0288621005,0.259831704,0.4815850615,0.0,229.0
0.6516200316932186,0.17360504,0.234759982,0.464743523,0.0,229.0
0.719609112467901,0.296242524,0.203399292,0.45115521,0.0,229.0
0.7802252048275453,0.5359128985,0.208567249,0.4317891035,0.0,229.0
0.7986024257150742,0.7964455135,0.1705135155,0.37226169200000003,0.0,229.0
0.8020860536980182,0.8964532635,0.1760474665,0.3593690265,0.0,229.0
0.7915908983072732,0.8239116609999999,0.166678721,0.35595764900000004,0.0,229.0
0.7824991484821082,0.6123832745,0.155366481,0.3474995175,0.0,229.0
0.7724944673808145,0.332080271,0.1449566935,0.3290968015,0.0,229.0
0.7601298485698281,0.0958185315,0.1717624135,0.318819537,0.0,229.0
0.6962657731553681,0.0,0.1442084045,0.31112971,0.0,229.0
0.5858251052498675,0.0,0.10243092775000001,0.2956562995,0.0,229.0
0.5851175330896192,0.0266423155,0.081346638,0.273409955,0.0,229.0
0.68498424021242,0.198418876,0.059707563000000005,0.23592984449999999,0.0,229.0
0.7774767963806156,0.45296716300000006,0.045209569,0.1757752695,0.0,229.0
0.7980409830037767,0.6832420994999999,0.046175389,0.1282946345,0.0,229.0
0.8035521100856222,0.7363103285,0.060087163,0.117849241,0.0,229.0
0.7924754780307874,0.6145756044999999,0.077841844,0.1139513905,0.0,229.0
0.783430906435045,0.4157513685,0.0963505255,0.0985008805,0.0,229.0
0.7786907736506838,0.233842071,0.09155735300000001,0.09464460799999999,0.0,229.0
0.7639295927814611,0.072080706,0.114187186,0.1104221135,0.0,229.0
0.6724651110604142,0.0,0.147982276,0.11681783600000001,0.0,229.0
0.5754387615563082,0.0,0.163320947,0.16211163466666667,0.0,229.0
0.584628422822302,0.024300448,0.184231402,0.19581051649999998,0.0,229.0
0.6862796501774274,0.1624707685,0.1582589365,0.185780822,0.0,229.0
0.781925676465347,0.39446924299999997,0.1113471465,0.147565163,0.0,229.0
0.8036349737386319,0.621452019,0.076628089,0.1478600525,0.0,229.0
0.8038484754897343,0.692394061,0.06924399999999999,0.20734735433333332,0.0,229.0
0.7905223460394044,0.5458883415,0.098355413,0.2834763385,0.0,229.0
0.784193672538066,0.404770721,0.117998441,0.284974247,0.0,229.0
0.7790152075466708,0.2369050265,0.126275627,0.2544071415,0.0,229.0
0.7633666743082,0.061141962,0.13002534999999998,0.1965868305,0.0,229.0
0.6701699261095991,0.0,0.07615448333333334,0.10011208833333334,0.0,229.0
0.5751865930109217,0.0,0.058094684666666674,0.07179489900000001,0.0,229.0
0.5844987163617854,0.0191563285,0.055601282,0.0642912675,0.0,229.0
0.6854887784033974,0.1525806365,0.041688637,0.0478808135,0.0,229.0
0.7800029531595389,0.362907786,0.0403053085,0.0431010765,0.0,229.0
0.8018559314794754,0.6001240923333334,0.05495483733333333,0.05579995833333332,0.0,229.0
0.8015856071685881,0.6100572820000001,0.0752453425,0.0883300725,0.0,229.0
0.7902411551875396,0.45098425799999997,0.08264490599999999,0.1230885155,0.0,229.0
0.7840976169050743,0.307683204,0.086196126,0.141589918,0.0,229.0
0.7796544159836831,0.1822000195,0.09000042150000001,0.1520394785,0.0,229.0
0.7674470727371181,0.050593157,0.09919360599999999,0.147725063,0.0,229.0
0.7354377275994158,0.0,0.0966125,0.127109467,0.0,229.0
0.5892027387603334,0.0,0.07259707800000001,0.09973011849999999,0.0,229.0
0.5388337920009748,0.0,0.054204791,0.075433804,0.0,229.0
0.539678415558734,0.0906615415,0.0438551095,0.061344815500000004,0.0,229.0
0.5709948004756944,0.22380429,0.038112048,0.063896533,0.0,229.0
0.6425351237733878,0.43175850250000003,0.045122907000000004,0.0652862305,0.0,229.0
0.6882684006564612,0.6205522365,0.0630610965,0.071040569,0.0,229.0
0.6939385919497093,0.640390677,0.08330982549999999,0.090717487,0.0,229.0
0.6845867360926847,0.5548105729999999,0.095631443,0.114994984,0.0,229.0
0.6819957595514716,0.401545404,0.107646112,0.14518419,0.0,229.0
0.6814678111239761,0.22370918499999998,0.121121912,0.164549713,0.0,229.0
0.6758676044562493,0.062815293,0.126026755,0.1698976795,0.0,229.0
0.6585020091167498,0.0,0.115195411,0.154147874,0.0,229.0
0.5676064380972575,0.0,0.12010256066666665,0.14715675766666667,0.0,229.0
0.5388337920009748,0.0,0.12721775200000002,0.1475465145,0.0,229.0
0.539976711376362,0.0869419555,0.1106251355,0.1392253665,0.0,229.0
0.5725793612709539,0.205924613,0.097059905,0.123968837,0.0,229.0
0.6464323098396659,0.3913446465,0.110161865,0.1069301785,0.0,229.0
0.6926855305029059,0.553818644,0.11376023699999999,0.098772926,0.0,229.0
0.6907882073607368,0.500823073,0.11281404749999999,0.1233140945,0.0,229.0
0.6841540159781028,0.43134405249999996,0.115910065,0.156176329,0.0,229.0
0.6829646338860659,0.348611224,0.123846955,0.177553477,0.0,229.0
0.6818832250601308,0.21397713,0.12488846949999999,0.1927701815,0.0,229.0
0.6725572016838273,0.035675943,0.132690587,0.207539603,0.0,229.0
0.6125063902581391,0.0,0.09892730625000001,0.16301529025,0.0,229.0
0.5735946759877268,0.0,0.0903135495,0.1555730625,0.0,229.0
0.5941244516691244,0.031894511,0.093980878,0.171191894,0.0,229.0
0.6892065980219286,0.1373999185,0.085971911,0.179646668,0.0,229.0
0.7713429620545772,0.257974901,0.082272703,0.185322067,0.0,229.0
0.8004509607915571,0.378986303,0.0823865025,0.183430218,0.0,229.0
0.8063749751803808,0.456816802,0.092495996,0.2179923305,0.0,229.0
0.7989478773601784,0.47896321399999997,0.12097698600000001,0.30526105800000003,0.0,229.0
0.7864790641270956,0.44425674049999997,0.149988592,0.3800563245,0.0,229.0
0.7811875056753087,0.36456632,0.169716973,0.417128799,0.0,229.0
0.7736249549579346,0.2291333175,0.17845107799999999,0.44963703099999996,0.0,229.0
0.7602024717667826,0.065806266,0.1933482045,0.4642356995,0.0,229.0
0.6698049622341434,0.0,0.17894600733333332,0.3816040383333333,0.0,229.0
0.5770209970250226,0.0,0.15527252149999998,0.368924389,0.0,229.0
0.5734872394236807,0.0,0.134848346,0.34382634,0.0,229.0
0.6227023554402895,0.056140695000000004,0.1150775365,0.3196637695,0.0,229.0
0.718685895729397,0.146776353,0.102512731,0.297155672,0.0,229.0
0.7638677021411515,0.22883077,0.090545894,0.269180894,0.0,229.0
0.7898664127949615,0.341285875,0.06558005750000001,0.2034491235,0.0,229.0
0.7928595218195129,0.4933924946666666,0.056797196333333334,0.18134336733333334,0.0,229.0
0.7855820972742553,0.5013178325000001,0.0692142515,0.2243871825,0.0,229.0
0.7774364601240034,0.371472158,0.077581275,0.25883815450000003,0.0,229.0
0.7707390812847652,0.1901163795,0.1002966625,0.300048141,0.0,229.0
0.7598727163963663,0.0484675505,0.12568710700000002,0.298260242,0.0,229.0
0.6327077073854148,0.0,0.08708852759999999,0.2329345774,0.0,229.0
0.5735019518345679,0.0,0.07305951050000001,0.224066393,0.0,229.0
0.6227023554402895,0.0479470035,0.07026438400000001,0.2178913065,0.0,229.0
0.7187395134388259,0.109475121,0.064561735,0.198964887,0.0,229.0
0.775689659978804,0.2180427795,0.06052845,0.176376433,0.0,229.0
0.7935349822514302,0.3848861236666667,0.06100997433333333,0.14509984333333334,0.0,229.0
0.79019218824366,0.33866455549999996,0.0635448095,0.16545984349999998,0.0,229.0
0.7799386477648337,0.246365058,0.084119119,0.209148388,0.0,229.0
0.7760845704659504,0.190507119,0.101398813,0.246497454,0.0,229.0
0.771214977170154,0.1163839405,0.11096060699999999,0.264878685,0.0,229.0
0.7677102867016754,0.05146072,0.121073102,0.264932324,0.0,229.0
0.7407332661078718,0.0026527595,0.1169801755,0.2279478485,0.0,229.0
0.6085183805942023,0.0,0.09191927825000001,0.171227505,0.0,229.0
0.5734618615945125,0.0,0.0759068115,0.14764992100000002,0.0,229.0
0.622532357459578,0.040287722,0.069069437,0.14745682799999998,0.0,229.0
0.7413359393992724,0.128877203,0.065107092,0.146291045,0.0,229.0
0.7898273286857022,0.2855068945,0.051113940999999996,0.12781274,0.0,229.0
0.7929196535021679,0.40896459,0.04906462466666667,0.10402884233333333,0.0,229.0
0.7848869905151943,0.40239055850000005,0.052746987,0.1367835985,0.0,229.0
0.7762553062264299,0.30453277700000003,0.06380585899999999,0.164812929,0.0,229.0
0.7706167310296924,0.163510333,0.067278952,0.16608924749999998,0.0,229.0
0.759937513689234,0.046742609,0.0781461725,0.15174031799999999,0.0,229.0
0.696787885808325,0.0,0.0525364595,0.1004052875,0.0,229.0
0.5855714833669561,0.0,0.03316682525,0.08103770025000001,0.0,229.0
0.5847376928372223,0.01170575,0.025260748,0.0746083545,0.0,229.0
0.6850583613708572,0.133347166,0.0182110785,0.0689120415,0.0,229.0
0.7645734519840229,0.253683363,0.017631771,0.053635678,0.0,229.0
0.7902569408001106,0.360411728,0.02477298,0.0469525165,0.0,229.0
0.7941664692592971,0.406545289,0.0324887655,0.054985723,0.0,229.0
0.790454507817251,0.446017314,0.047227660500000004,0.08444426,0.0,229.0
0.7802694764044098,0.39647506050000003,0.062994823,0.11297159300000001,0.0,229.0
0.7762122869318699,0.329623244,0.073794592,0.130345455,0.0,229.0
0.7708663505214639,0.192017852,0.08016295200000001,0.13880343550000002,0.0,229.0
0.7600564205896931,0.05542199,0.087899729,0.1247561465,0.0,229.0
0.7293465548115508,0.0,0.096804785,0.110656441,0.0,229.0
0.5879017724715748,0.0,0.1176517145,0.139621789,0.0,229.0
0.5388143617536503,0.0,0.150693639,0.18239529999999998,0.0,229.0
0.5395637569310203,0.074237258,0.1714488985,0.192699871,0.0,229.0
0.5662215312313934,0.209792742,0.178286925,0.19040468,0.0,229.0
0.6402626335463177,0.3983992075,0.258044184,0.21067121,0.0,229.0
0.6822051099249945,0.5435852305,0.31340374049999997,0.231498563,0.0,229.0
0.6871961367504266,0.5663145465,0.36328788700000003,0.28576808600000003,0.0,229.0
0.6808745287015574,0.4772432835,0.385142513,0.3352712375,0.0,229.0
0.6814317231401095,0.3434725795,0.3781944685,0.37305728400000004,0.0,229.0
0.679682217555016,0.1770634775,0.3240638305,0.38789202300000003,0.0,229.0
0.6706127451161287,0.029242218333333334,0.28786921633333334,0.3810360676666667,0.0,229.0
0.5889559141475527,0.0,0.26405361575,0.34012371124999996,0.0,229.0
0.5389155823848248,0.0,0.23288382149999998,0.30768539100000003,0.0,229.0
0.5397965622774785,0.0567391705,0.2249746445,0.279735148,0.0,229.0
0.5682044457334614,0.156384036,0.237979676,0.286131589,0.0,229.0
0.6181548260225017,0.239998871,0.26078189,0.288705667,0.0,229.0
0.67281882072426,0.35573248199999996,0.2668888,0.275698392,0.0,229.0
0.6860616467146908,0.44723358700000004,0.278639595,0.27946257350000003,0.0,229.0
0.6840360482050273,0.43998321,0.2846459195,0.3109765485,0.0,229.0
0.6797976140299734,0.36680507,0.278495961,0.328380044,0.0,229.0
0.6777187779017382,0.2767722435,0.27189932650000004,0.3474111625,0.0,229.0
0.6766847484504138,0.143398533,0.2386793575,0.3495311175,0.0,229.0
0.6678424691305809,0.021339249666666667,0.1948849633333333,0.33736982266666665,0.0,229.0
0.6095421135846052,0.0,0.15777649875,0.288421954,0.0,229.0
0.5734706040216092,0.0,0.134756757,0.196643825,0.0,229.0
0.5939833195411364,0.016572269,0.119465132,0.159936725,0.0,229.0
0.6516654210057569,0.100118404,0.107853049,0.138370421,0.0,229.0
0.7213882888238498,0.184711241,0.095009444,0.119811683,0.0,229.0
0.769950870281688,0.291388142,0.098480703,0.107582809,0.0,229.0
0.7947390022161505,0.41641920649999997,0.1187097305,0.10457468,0.0,229.0
0.803369300215786,0.4973179405,0.14840217049999999,0.11925268050000001,0.0,229.0
0.7979294546432317,0.488245822,0.1845200615,0.1921306715,0.0,229.0
0.7860190880635296,0.37179070599999997,0.22075746200000002,0.2464657885,0.0,229.0
0.7812436722134336,0.284890411,0.225335793,0.265599818,0.0,229.0
0.7732106813618275,0.17043398650000002,0.2121514025,0.271632975,0.0,229.0
0.7604953789041419,0.041157555,0.18254141499999998,0.2840637335,0.0,229.0
0.6967693946209084,0.0,0.150335471,0.294890082,0.0,229.0
0.5901665823284887,0.0,0.14343437533333334,0.25942224266666664,0.0,229.0
0.5734530743635229,0.0,0.1286137005,0.2576238245,0.0,229.0
0.5939290311228274,0.01725757,0.115489072,0.265838498,0.0,229.0
0.6514756797577517,0.108931454,0.096984939,0.256744289,0.0,229.0
0.7179838129232254,0.18261507,0.093907569,0.240645273,0.0,229.0
0.764504406350934,0.307351151,0.106412441,0.22666759,0.0,229.0
0.7905794965088058,0.42393964100000003,0.11042882300000001,0.2118624215,0.0,229.0
0.7935460426277239,0.4148629285,0.121092596,0.18556874,0.0,229.0
0.7879673904111699,0.4218164645,0.13866120050000003,0.20196118149999998,0.0,229.0
0.7786186872232607,0.366131703,0.153234525,0.2375076795,0.0,229.0
0.7746346127108865,0.276006772,0.143310273,0.234886959,0.0,229.0
0.7707761977338987,0.1592002775,0.108535946,0.20378868049999999,0.0,229.0
0.7597700423376992,0.036783996,0.07700247199999999,0.16804827449999998,0.0,229.0
0.6327190390996625,0.0,0.0685269164,0.1394330196,0.0,229.0
0.5730703721275091,0.0,0.061005498000000005,0.1114305995,0.0,229.0
0.5936758340671904,0.017306054,0.051896182,0.099771859,0.0,229.0
0.6508616479372432,0.088372674,0.039016629,0.083010321,0.0,229.0
0.718787585991739,0.167452901,0.029456277,0.068332071,0.0,229.0
0.7650297611458405,0.273364158,0.029597515,0.05328724,0.0,229.0
0.7914424323757883,0.4039385995,0.0357426085,0.0423092885,0.0,229.0
0.794813369323669,0.518008815,0.045371813,0.032816347999999995,0.0,229.0
0.7905173375849441,0.46131225750000004,0.0517223665,0.049106301000000005,0.0,229.0
0.7817773894120552,0.35928283800000005,0.0553898945,0.0765964895,0.0,229.0
0.7774581486494765,0.273263231,0.058191247,0.09541148,0.0,229.0
0.7730639147394407,0.1596834335,0.058262640000000004,0.100879216,0.0,229.0
0.760805100321766,0.03691582,0.070973095,0.099842922,0.0,229.0
0.6965845724220046,0.0,0.072168022,0.0795894125,0.0,229.0
0.5902583151955152,0.0,0.052431393,0.07056961433333335,0.0,229.0
0.5735019518345679,0.0,0.03927175,0.0685151185,0.0,229.0
0.622651733923729,0.0696243835,0.0356626065,0.0768356305,0.0,229.0
0.7186752974494796,0.195539162,0.027249295,0.074185966,0.0,229.0
0.7781267820432147,0.395099308,0.0413724845,0.081553471,0.0,229.0
0.7993967333764025,0.5790835156666666,0.08321641733333333,0.10434431533333333,0.0,229.0
0.7982400257154049,0.5402288955,0.125294985,0.157100042,0.0,229.0
0.7866671954713613,0.462022225,0.1383346185,0.211590442,0.0,229.0
0.7823414257559417,0.332832765,0.147604944,0.2438865,0.0,229.0
0.7776178837047106,0.19839953250000003,0.15948294950000003,0.278889612,0.0,229.0
0.7618186039221353,0.0412338015,0.1897465715,0.313610091,0.0,229.0
0.6972286329047064,0.0,0.1890643905,0.2946439025,0.0,229.0
0.5903930376227912,0.0,0.19695454166666668,0.266251085,0.0,229.0
0.5734706040216092,0.0,0.186704163,0.2172934,0.0,229.0
0.6226308055799703,0.0252595715,0.16573059,0.17470534,0.0,229.0
0.7420055341873891,0.12207650650000001,0.1566109165,0.164227222,0.0,229.0
0.7915970247673103,0.24657603299999997,0.163993194,0.1939479475,0.0,229.0
0.79623940247463,0.29861738400000004,0.18607904949999998,0.23478131000000002,0.0,229.0
0.7938840262600793,0.25522057600000003,0.173330345,0.2593291885,0.0,229.0
0.7794645853303193,0.171330704,0.1595032535,0.24764973550000002,0.0,229.0
0.7729301164824255,0.102730753,0.148939076,0.208179367,0.0,229.0
0.7693552625102323,0.061270864,0.1405303785,0.1934724255,0.0,229.0
0.7595503395658643,0.012053705,0.1284043245,0.1678116745,0.0,229.0
0.6601620400904737,0.0,0.104089785,0.1492509,0.0,229.0
0.5449947482016969,0.0,0.09117763074999999,0.10788246975,0.0,229.0
0.5397035027024037,0.032465955500000004,0.066233562,0.099776259,0.0,229.0
0.5890716907471052,0.146481381,0.053624045999999995,0.081049467,0.0,229.0
0.670355448909137,0.2879693895,0.048126766,0.081089486,0.0,229.0
0.6806526347899375,0.3497051365,0.068772192,0.098827434,0.0,229.0
0.6765359247625423,0.387873099,0.096827803,0.1252622195,0.0,229.0
0.6740293100382487,0.3622249535,0.129084792,0.14712001000000002,0.0,229.0
0.6754009653655421,0.275157301,0.144721628,0.155875427,0.0,229.0
0.6731041033726237,0.147862725,0.16117004299999999,0.16954301100000002,0.0,229.0
0.6700071576148868,0.029381327500000002,0.183930865,0.1836768635,0.0,229.0
0.6386839084806131,0.0,0.19489000466666664,0.21397972466666668,0.0,229.0
0.5450776006874712,0.0,0.21335119624999999,0.23529325025,0.0,229.0
0.5398978500470167,0.0281190675,0.19782926950000002,0.2158218535,0.0,229.0
0.568628289211695,0.094268468,0.184542962,0.189720127,0.0,229.0
0.6413416722867988,0.198518379,0.2007838065,0.171206764,0.0,229.0
0.682154689621098,0.326540194,0.19378326,0.16193175650000002,0.0,229.0
0.686137981549811,0.3669145625,0.2276315535,0.1897865575,0.0,229.0
0.683028201501003,0.3211254955,0.222008792,0.2238239285,0.0,229.0
0.6818238163125805,0.2023866895,0.203751239,0.2495668675,0.0,229.0
0.6798469834666567,0.10171021599999999,0.1895275955,0.265490066,0.0,229.0
0.6739604283487219,0.016909892333333332,0.17341553133333332,0.2838538293333333,0.0,229.0
0.619622738161713,0.0,0.166149025,0.25002084750000003,0.0,229.0
0.5777199495640255,0.0,0.1609699215,0.20483716149999998,0.0,229.0
0.5973442842490382,0.007319641,0.157785705,0.181509266,0.0,229.0
0.6926160377080716,0.0978895825,0.180324291,0.1769870705,0.0,229.0
0.7729722414534949,0.214525569,0.208128095,0.182480029,0.0,229.0
0.8035035455670708,0.3248481915,0.207112536,0.18458107899999998,0.0,229.0
0.8128171893713315,0.402911811,0.2456287335,0.2223453895,0.0,229.0
0.8093252884575068,0.4060011875,0.2514845095,0.2969251715,0.0,229.0
0.7941439758156921,0.348001875,0.224259398,0.3710949095,0.0,229.0
0.785908990661055,0.24778682,0.1932030115,0.4187465805,0.0,229.0
0.7784183476278622,0.111570854,0.176400843,0.426526169,0.0,229.0
0.7578133924759908,0.020374249,0.15837574699999998,0.37483263399999994,0.0,229.0
0.6122819361818986,0.0,0.1267322015,0.2634262435,0.0,229.0
0.5735946759877268,0.0,0.0888357355,0.1652332385,0.0,229.0
0.6230296960563102,0.0475961655,0.0731991805,0.12254315900000001,0.0,229.0
0.7212618692417003,0.164123003,0.066832093,0.108121888,0.0,229.0
0.7698154621209332,0.273082667,0.086437018,0.104358893,0.0,229.0
0.7942551910887918,0.3760220135,0.12059083949999999,0.09575174750000001,0.0,229.0
0.8031239736881934,0.4638871373333333,0.16406502266666667,0.12805452733333333,0.0,229.0
0.7930422422165145,0.41575931349999995,0.19444947099999998,0.16745273849999998,0.0,229.0
0.7847771615312235,0.34270055600000005,0.1782624045,0.19072606,0.0,229.0
0.7788900399769225,0.2149686505,0.153645774,0.18848187649999998,0.0,229.0
0.76285947534627,0.052276368000000004,0.140694874,0.19134787250000002,0.0,229.0
0.6706572699744383,0.0,0.13773800266666666,0.19310586833333335,0.0,229.0
0.5753669321664799,0.0,0.1509080595,0.177829393,0.0,229.0
0.6226921819876465,0.066091103,0.168321642,0.1941258105,0.0,229.0
0.7193750549066142,0.20308829,0.147656456,0.172486117,0.0,229.0
0.768908836183035,0.347799386,0.169783461,0.167814624,0.0,229.0
0.7910970701360428,0.499546156,0.210650954,0.168851194,0.0,229.0
0.8019194320010324,0.6795233233333334,0.19807034666666667,0.14119029733333335,0.0,229.0
0.8029067751210969,0.6357369185,0.22154974500000002,0.16639244749999998,0.0,229.0
0.7923999929851677,0.5386020825,0.2295628475,0.199000899,0.0,229.0
0.7873098472629876,0.430464955,0.220531109,0.235429951,0.0,229.0
0.7814190141379966,0.270106187,0.2241260885,0.270312687,0.0,229.0
0.7644010615833866,0.062712791,0.27119053000000004,0.30706369499999997,0.0,229.0
0.6705830370311876,0.0,0.30339808399999996,0.2677624893333333,0.0,229.0
0.5752985834453509,0.0,0.34335647533333336,0.270030716,0.0,229.0
0.5847173682664073,0.0049635045,0.37828451949999997,0.29219178199999996,0.0,229.0
0.6522971615649721,0.133433759,0.37893351,0.300246576,0.0,229.0
0.724748448546144,0.237825659,0.354991983,0.302268576,0.0,229.0
0.7727396150527057,0.370467462,0.400310841,0.315946359,0.0,229.0
0.8014057040862614,0.490081424,0.434803504,0.329801812,0.0,229.0
0.8115715960047527,0.6095582205,0.4229572955,0.329458362,0.0,229.0
0.8196595461184993,0.662303366,0.45432540050000003,0.346103237,0.0,229.0
0.8072919311821202,0.566444948,0.4505642775,0.36113438649999996,0.0,229.0
0.7937110991573875,0.3951116215,0.4143803155,0.3787958005,0.0,229.0
0.7860545946763993,0.1968111465,0.34747010199999995,0.3942166695,0.0,229.0
0.7788718842114218,0.079067043,0.325401251,0.409634975,0.0,229.0
0.758123546165713,0.001031152,0.3130750735,0.4277910135,0.0,229.0
0.6131839986003825,0.0,0.2763322896,0.41117157039999996,0.0,229.0
0.5888129933388455,0.003287735,0.2458149135,0.40474254,0.0,229.0
0.6577960356592678,0.090593982,0.236160279,0.393997606,0.0,229.0
0.7271298511666995,0.149579179,0.237111059,0.356242954,0.0,229.0
0.7726215577393198,0.249529682,0.268916644,0.3343333,0.0,229.0
0.7989358927236563,0.340181058,0.316196958,0.349160579,0.0,229.0
0.8072465864710476,0.4737555645,0.315039979,0.28314941849999997,0.0,229.0
0.8110008517623564,0.5399390645,0.34921526,0.361490996,0.0,229.0
0.7975615095545223,0.41431533249999997,0.3520657765,0.37677106650000003,0.0,229.0
0.7855940819107776,0.287127214,0.320577873,0.385368445,0.0,229.0
0.7818244781686433,0.198918951,0.280347896,0.376963173,0.0,229.0
0.7733874989134026,0.0977823285,0.237064368,0.38694709,0.0,229.0
0.7612355620907234,0.0117114175,0.256689594,0.3999074855,0.0,229.0
0.6910025885906664,0.0,0.3019545055,0.502408608,0.0,229.0
0.5685811110272563,0.0,0.39944162200000005,0.608638591,0.0,229.0
0.5391738326313393,0.0,0.47630542649999996,0.6912284735,0.0,229.0
0.5397504349827449,0.020988294,0.501535019,0.7547157744999999,0.0,229.0
0.5661138933872075,0.092510479,0.528530022,0.816156765,0.0,229.0
0.6143434549307332,0.179303626,0.543336061,0.82388125,0.0,229.0
0.6726587502471102,0.32362274599999996,0.5956304375,0.82110883,0.0,229.0
0.6776736568052762,0.50041242,0.7076984975,0.8351503075,0.0,229.0
0.6717772114528816,0.5315889025,0.7781392205,0.841655883,0.0,229.0
0.6684450678612861,0.506784037,0.800326721,0.854156993,0.0,229.0
0.6677357853933935,0.42992777,0.794616317,0.856824966,0.0,229.0
0.6698362653106847,0.339188511,0.777156517,0.859254582,0.0,229.0
0.6718916241315139,0.203950794,0.733715702,0.85332202,0.0,229.0
0.6725235881029126,0.039401069999999996,0.6587743749999999,0.8356051245,0.0,229.0
0.6559846618358114,0.0,0.6314055439999999,0.8102064984999999,0.0,229.0
0.5671605632942871,0.0,0.587353805,0.7805932276666666,0.0,229.0
0.538867487497441,0.0,0.573011358,0.7822137364999999,0.0,229.0
0.5397465891353275,0.0221543995,0.571729903,0.816215007,0.0,229.0
0.5661315571870701,0.080391915,0.576905925,0.817240194,0.0,229.0
0.6391303348527944,0.1485431275,0.586973012,0.79849905,0.0,229.0
0.6793066927137283,0.22972159,0.570860893,0.7780760045,0.0,229.0
0.6759421952458541,0.27492874450000004,0.5544924225000001,0.7443749075,0.0,229.0
0.6690853272329875,0.3050574495,0.5258511005,0.7060898985,0.0,229.0
0.6693681280560675,0.2503968135,0.4720107185,0.653611181,0.0,229.0
0.6702110523047284,0.13055986749999998,0.4170109285,0.582824598,0.0,229.0
0.6655944772538517,0.01188496225,0.4020073905,0.5977107962500001,0.0,229.0
0.5902825228828495,0.0,0.397079021,0.6548057483333333,0.0,229.0
0.5733887912358127,0.0,0.361200984,0.6199502859999999,0.0,229.0
0.622706670783923,0.036904228,0.3539416015,0.589432587,0.0,229.0
0.7193353447574162,0.12414952,0.370723451,0.573027888,0.0,229.0
0.7650297611458405,0.205224822,0.400276257,0.591857881,0.0,229.0
0.789002180044209,0.311158986,0.407872033,0.602782953,0.0,229.0
0.7928740554196823,0.468545836,0.40188375,0.5254948315,0.0,229.0
0.7927344884590166,0.558942723,0.45481234000000004,0.516388465,0.0,229.0
0.7833423634837435,0.5298010959999999,0.45352660050000004,0.500919396,0.0,229.0
0.7750690098000961,0.405448001,0.387905725,0.4906237175,0.0,229.0
0.7695030576653614,0.19684362700000002,0.2759124385,0.4934382485,0.0,229.0
0.7599031697508828,0.038446885,0.23075851549999998,0.46839659,0.0,229.0
0.696609212403929,0.0,0.234607341,0.41946530449999997,0.0,229.0
0.5900215448394784,0.0,0.301875565,0.4309528083333333,0.0,229.0
0.5730703721275091,0.0,0.34544740100000004,0.4402444855,0.0,229.0
0.6225666119925705,0.034280089500000006,0.40508728400000005,0.4968812255,0.0,229.0
0.7187820856391163,0.141985952,0.448507831,0.561847371,0.0,229.0
0.7637697682533925,0.251700018,0.502072802,0.593776923,0.0,229.0
0.7902569408001106,0.3890116325,0.5659170600000001,0.5654835405,0.0,229.0
0.7944688120695311,0.48370899349999996,0.6663983175,0.551812658,0.0,229.0
0.7906207270889087,0.3520647385,0.717451088,0.5950799474999999,0.0,229.0
0.7799386477648337,0.2789631435,0.7110743150000001,0.632757451,0.0,229.0
0.7761892121172678,0.211483748,0.675543557,0.647952859,0.0,229.0
0.7709217569453498,0.12917440200000002,0.5999578025,0.631214757,0.0,229.0
0.7598727163963663,0.0256086635,0.5438730835000001,0.6082123675,0.0,229.0
0.6720997745389248,0.0,0.5491231883333333,0.6003366216666667,0.0,280.6666666666667
0.5796568710480874,0.0,0.44382121975,0.4920361695,0.0,384.0
0.6272213991636868,0.041725442,0.376091874,0.3986160145,0.0,384.0
0.7227673226910574,0.149375513,0.384953999,0.380870206,0.0,384.0
0.7697143085606467,0.244593593,0.440711366,0.404048893,0.0,384.0
0.7959274899172208,0.360445833,0.477498221,0.416470433,0.0,384.0
0.7978573682158085,0.32693582050000003,0.5275409575000001,0.438309874,0.0,384.0
0.7931001976715235,0.30566431299999997,0.5390375705,0.47902240549999997,0.0,384.0
0.7836312012265504,0.232563164,0.5174825125,0.4989986245,0.0,384.0
0.7796900567383289,0.163020516,0.484352239,0.52797898,0.0,384.0
0.7763246201430709,0.0775694955,0.451170135,0.544595547,0.0,384.0
0.7658497223872046,0.008032556,0.442919988,0.5845035885000001,0.0,384.0
0.6745751459027091,0.0,0.413844532,0.5710452366666666,0.0,384.0
0.5790623439681232,0.0,0.3346300853333333,0.508464282,0.0,384.0
0.5891686855074807,0.001049079,0.2726659805,0.435131963,0.0,384.0
0.6897588734113791,0.064936651,0.2545829665,0.3727903255,0.0,384.0
0.7742573662260298,0.156169948,0.303133145,0.338640518,0.0,384.0
0.7982018359971119,0.2527934795,0.2630972435,0.2742684045,0.0,384.0
0.8056227179519184,0.32924874800000004,0.2463252125,0.2424500035,0.0,384.0
0.8036571988986851,0.343312315,0.261820391,0.262179892,0.0,384.0
0.7918564376883432,0.272225871,0.268793377,0.2741762935,0.0,384.0
0.7875994453224606,0.180296709,0.246351725,0.270020146,0.0,384.0
0.7831270878628476,0.1048238625,0.2036721125,0.26938668499999996,0.0,384.0
0.7745462486377783,0.0112807915,0.1972565265,0.26033681900000005,0.0,384.0
0.7158560097836351,0.0,0.19307464000000002,0.2873331825,0.0,384.0
0.5931777934798239,0.0,0.14599841740000002,0.2287759392,0.0,384.0
0.6305395233877462,0.023778222499999998,0.0821922055,0.1415608265,0.0,384.0
0.7312955280704986,0.09257268,0.086081685,0.124950683,0.0,384.0
0.786755380733752,0.21022798050000002,0.091575976,0.113965175,0.0,384.0
0.8062743582546741,0.3824126665,0.1019281745,0.09755652549999999,0.0,384.0
0.8057143763032334,0.42309138566666665,0.12924038833333332,0.10337694366666667,0.0,384.0
0.7917217451078373,0.3758741835,0.1569109225,0.1149075075,0.0,384.0
0.7866131306676628,0.295872146,0.169036125,0.138969323,0.0,384.0
0.7808498797318641,0.180504052,0.1760913945,0.1671628925,0.0,384.0
0.7738807903825776,0.0303635775,0.1795808235,0.18726142099999998,0.0,384.0
0.7048136993326808,0.0,0.173308003,0.190410886,0.0,384.0
0.5665889731872291,0.0,0.14837732125,0.195443025,0.0,384.0
0.5436232941545435,0.0009059305,0.13338689,0.2204749345,0.0,384.0
0.540934338989154,0.049353441,0.128857518,0.226591082,0.0,384.0
0.5701928160541622,0.105027298,0.135750362,0.229339784,0.0,384.0
0.6430599195317682,0.222943811,0.15377654,0.21942233049999998,0.0,384.0
0.6813713977345979,0.42181604149999996,0.158275324,0.173912983,0.0,384.0
0.6827809744291563,0.5133408755,0.197471548,0.20596921699999998,0.0,384.0
0.6762474447086462,0.49500179050000004,0.2107464625,0.2320601365,0.0,384.0
0.6748198240558922,0.39822849650000003,0.2032715775,0.259337245,0.0,384.0
0.6742783034900817,0.208568311,0.204160423,0.2606750415,0.0,384.0
0.6702924849996678,0.0238455895,0.20995743900000002,0.2450096255,0.0,384.0
0.6577518536901895,0.0,0.1606985935,0.187084531,0.0,384.0
0.5634505955692495,0.0,0.12163466975,0.1490205765,0.0,384.0
0.5432959088695812,0.0008043645,0.086466195,0.1122747845,0.0,384.0
0.540471322063778,0.07567598,0.073090855,0.102539878,0.0,384.0
0.5685062967130087,0.15119065,0.073280909,0.103594269,0.0,384.0
0.6190667288333638,0.275170643,0.082695539,0.108961711,0.0,384.0
0.675481034105823,0.46756979899999995,0.1148966425,0.106356141,0.0,384.0
0.6876390525846465,0.5634988325,0.148901537,0.11409279350000001,0.0,384.0
0.6881807296941795,0.5198736245,0.171285668,0.1459681055,0.0,384.0
0.6808536450942161,0.424367196,0.184235082,0.1917334135,0.0,384.0
0.6805332359238401,0.290955349,0.176005109,0.215533009,0.0,384.0
0.6775660636975076,0.1616888545,0.17122444850000001,0.2327249035,0.0,384.0
0.671843014944021,0.0178988995,0.1940109345,0.273502335,0.0,384.0
0.6676642578675451,0.0,0.250554514,0.330186255,0.0,384.0
0.5895347300744278,0.0,0.2779819985,0.3437736625,0.0,384.0
0.5891969253202656,0.0006441795,0.2705935025,0.294580522,0.0,384.0
0.6905399070197304,0.0875768885,0.262538743,0.26920523399999996,0.0,384.0
0.7855614820179417,0.2464215035,0.27762863299999996,0.227505805,0.0,384.0
0.8029880736742601,0.380088127,0.2570649395,0.19899618600000002,0.0,384.0
0.8074539915863911,0.429858686,0.280394347,0.2159721825,0.0,384.0
0.7976466538876275,0.4173036015,0.2708900485,0.225392122,0.0,384.0
0.7886321331535976,0.3011871375,0.218953297,0.2247775685,0.0,384.0
0.7813940163996858,0.12770737100000001,0.1609973185,0.2006147285,0.0,384.0
0.7696636870440863,0.0157916585,0.13494572700000002,0.183488052,0.0,384.0
0.7049895107534601,0.0,0.110554707,0.16777374,0.0,384.0
0.5901245579749974,0.0,0.11994855175000002,0.17642334399999998,0.0,384.0
0.5891686855074807,0.000535611,0.1363647465,0.1953087315,0.0,384.0
0.655712504029066,0.045071664,0.143646406,0.203274022,0.0,384.0
0.7233759436317774,0.104103195,0.164870145,0.206701346,0.0,384.0
0.7740120396759455,0.201454015,0.223180894,0.215100733,0.0,384.0
0.7977923473083303,0.337107166,0.26144288849999997,0.231514106,0.0,384.0
0.8040546583494788,0.438173414,0.2874076745,0.2381319035,0.0,384.0
0.7994878550931375,0.4783806835,0.312766329,0.2677247755,0.0,384.0
0.787645594951665,0.37511925199999996,0.3017434235,0.28026783450000003,0.0,384.0
0.7831367024139156,0.263562091,0.287252928,0.279455029,0.0,384.0
0.7755035856325473,0.1386274815,0.2757288025,0.3442409285,0.0,384.0
0.7654007023599425,0.017252687,0.27422725400000003,0.41723381800000003,0.0,384.0
0.6741314474173522,0.0,0.25969405500000003,0.452979278,0.0,384.0
0.5788608416982063,0.0,0.25904702333333335,0.4427863106666667,0.0,384.0
0.5895894209855406,0.000518547,0.2220299605,0.39573009400000003,0.0,384.0
0.6550996796194933,0.081478219,0.210863582,0.365891342,0.0,384.0
0.7224494625518044,0.175688076,0.210583782,0.374667889,0.0,384.0
0.7689969318376396,0.298378068,0.250540255,0.405761452,0.0,384.0
0.7948397533511089,0.4262248785,0.2560487675,0.38144039799999996,0.0,384.0
0.7974670190213771,0.5620291305,0.3054555925,0.40631141849999997,0.0,384.0
0.7917826966882391,0.5787723665,0.380422934,0.431895026,0.0,384.0
0.7819123950125304,0.520253013,0.39217940549999997,0.408043684,0.0,384.0
0.7763748392343034,0.3423450945,0.3309883765,0.396655916,0.0,384.0
0.7738554349553559,0.153436233,0.266687782,0.355270812,0.0,384.0
0.7657626104614493,0.031391794,0.248278669,0.30287708,0.0,384.0
0.7009676714175431,0.0,0.208518558,0.24378219,0.0,384.0
0.5942479049726512,0.0,0.20527589266666665,0.231978057,0.0,384.0
0.578103523789059,0.0,0.21155039250000002,0.205169524,0.0,384.0
0.6268237609021756,0.036253566,0.228902678,0.209666667,0.0,384.0
0.7460434945577927,0.21431082299999998,0.237682993,0.2393415065,0.0,384.0
0.7956516205397856,0.3947360805,0.25237394949999997,0.25746597800000004,0.0,384.0
0.7967766077642826,0.47173784900000004,0.2570097985,0.275112613,0.0,384.0
0.7906721982600184,0.452861575,0.2752612405,0.3461470955,0.0,384.0
0.7808460340193981,0.380712387,0.27434013199999996,0.426894163,0.0,384.0
0.7770279551640711,0.293022692,0.252298951,0.440947595,0.0,384.0
0.7749249262831326,0.208509156,0.219874679,0.415848242,0.0,384.0
0.7755344415473433,0.121159698,0.190077986,0.371754143,0.0,384.0
0.7670031506371506,0.0228791635,0.1778026035,0.32591142900000003,0.0,384.0
0.7323332690925128,0.0,0.18915015,0.354741197,0.0,384.0
0.644047016770227,0.0,0.17504010650000001,0.3696658765,0.0,384.0
0.5803855690086087,0.0,0.17554516166666664,0.401024461,0.0,384.0
0.5899266891051229,0.0,0.1737582245,0.39037897050000003,0.0,384.0
0.6892418362837704,0.11243857500000001,0.1604106905,0.377963913,0.0,384.0
0.7698751168850404,0.275532123,0.173277305,0.419510356,0.0,384.0
0.7959119278517848,0.4190434195,0.189421416,0.44008930150000003,0.0,384.0
0.7993315633925171,0.5155812774999999,0.19960639000000002,0.40550854950000004,0.0,384.0
0.7931741622862383,0.513556387,0.2218229135,0.4232086115,0.0,384.0
0.7809187018178183,0.4685097345,0.2412318345,0.43200165300000004,0.0,384.0
0.7770753570081042,0.376173249,0.222821823,0.416761157,0.0,384.0
0.7754359710250045,0.224359254,0.167572489,0.37391322849999997,0.0,384.0
0.7679501576355543,0.028927078,0.131633678,0.33197261850000004,0.0,384.0
0.6910856311893452,0.0,0.118574442,0.2722904675,0.0,384.0
0.5845503664110885,0.0,0.128156657,0.2370559155,0.0,384.0
0.5465106435222005,0.0,0.1495808965,0.207009106,0.0,384.0
0.5462171326118976,0.0,0.178675782,0.19461808149999998,0.0,384.0
0.5566057681640335,0.134616663,0.186465016,0.22094084949999998,0.0,384.0
0.6172359470295777,0.293536722,0.183122074,0.249168555,0.0,384.0
0.6662020695943537,0.40254371,0.221393342,0.276717057,0.0,384.0
0.6794082711012894,0.438930005,0.2800360645,0.32698403249999997,0.0,384.0
0.6783610496025072,0.32854756949999997,0.3697565095,0.411201152,0.0,384.0
0.6701308047537299,0.2469133455,0.416517585,0.485079094,0.0,384.0
0.669517689591183,0.11431818699999999,0.41359362600000005,0.559423751,0.0,384.0
0.6709558415204422,0.036859011,0.408604957,0.63625339,0.0,384.0
0.6699858491802708,0.0023501515,0.4051271945,0.6765053605,0.0,384.0
0.6581723208172217,0.0,0.375191725,0.6683527585,0.0,384.0
0.5634732791257591,0.0,0.32516867450000003,0.63836624125,0.0,384.0
0.5433531934807587,0.0,0.287041178,0.597539762,0.0,384.0
0.5546695398582739,0.0312973325,0.288261883,0.5617418439999999,0.0,384.0
0.6404681604068939,0.11043336499999999,0.30745701150000004,0.5121236845,0.0,384.0
0.6798512764083439,0.214800502,0.24930090700000002,0.39813690749999997,0.0,384.0
0.6782192243636926,0.2511343195,0.236810335,0.3576401035,0.0,384.0
0.6701771555955983,0.2350987635,0.20383591750000002,0.301762117,0.0,384.0
0.6697213830008848,0.16779321600000002,0.177080067,0.232441487,0.0,384.0
0.6711407531921805,0.084953873,0.1587543605,0.1956637035,0.0,384.0
0.6699347581000186,0.0132323865,0.15803846500000002,0.163103564,0.0,384.0
0.6225919003758945,0.0,0.12459938019999998,0.157111578,0.0,384.0
0.5777598609933634,0.0,0.1187058575,0.19657776300000002,0.0,384.0
0.6270930119214113,0.01024886,0.119219358,0.198548819,0.0,384.0
0.722500173406248,0.073320956,0.110073136,0.203388943,0.0,384.0
0.7808083808682091,0.17638129,0.12734402050000002,0.2344676545,0.0,384.0
0.7974491166947649,0.3015909106666667,0.1451660916666667,0.29669950333333334,0.0,384.0
0.7924073267886649,0.333119296,0.2090344485,0.3676987465,0.0,384.0
0.7824447705909647,0.27516291,0.2461645435,0.36454,0.0,384.0
0.7766891666135838,0.17735555549999998,0.214387019,0.3316250245,0.0,384.0
0.7682199900032951,0.020093195666666664,0.18204761433333336,0.28693700066666666,0.0,384.0
0.6741031703129737,0.0,0.187055003,0.326577894,0.0,384.0
0.5792716198146886,0.0,0.23796369675,0.35346681825000004,0.0,384.0
0.6271219449124985,0.016837473,0.25777119550000005,0.3381004965,0.0,384.0
0.7460804545306794,0.1178231305,0.3423971525,0.3670052605,0.0,384.0
0.793222726737314,0.237321143,0.428854073,0.429962499,0.0,384.0
0.7978259757339083,0.222593715,0.4487016515,0.4615205215,0.0,384.0
0.797346904777458,0.2160242705,0.510515396,0.5333129245,0.0,384.0
0.7882019844720851,0.20481899650000002,0.5698514815,0.584705331,0.0,384.0
0.7805474921852129,0.16989137799999998,0.535079997,0.6003935615,0.0,384.0
0.7762917967031004,0.076603534,0.47158071349999997,0.6105969904999999,0.0,384.0
0.7658559829890177,0.0031975025,0.4627810965,0.6012373504999999,0.0,384.0
0.701916914292149,0.0,0.4667156315,0.5976855590000001,0.0,384.0
0.5895302023171569,0.0,0.50067974975,0.6254740665,0.0,384.0
0.5894326150522868,0.0,0.5010147075,0.6547276075,0.0,384.0
0.6899849485923324,0.034101141,0.534554261,0.6835419875,0.0,384.0
0.7739736710794591,0.108103461,0.629507171,0.699663976,0.0,384.0
0.7966471025164303,0.21939888600000002,0.678025995,0.6928909265000001,0.0,384.0
0.8002109109794848,0.33562721100000004,0.7208025755,0.728149366,0.0,384.0
0.7962082783437576,0.364695537,0.7605072975,0.781887471,0.0,384.0
0.7840181964717269,0.296771991,0.7268601015,0.812740518,0.0,384.0
0.7777741306689137,0.176816725,0.681779584,0.8172859305,0.0,384.0
0.7684997498745977,0.024385947666666668,0.6524709636666667,0.8093440876666667,0.0,384.0
0.7018013165370518,0.0,0.5814597024999999,0.8033486105,0.0,384.0
0.5942684457132533,0.0,0.5889980126666666,0.7897124033333333,0.0,384.0
0.5776963381148434,0.0,0.573368622,0.7567652579999999,0.0,384.0
0.6266728801488193,0.0119506625,0.5523442005000001,0.7327510195,0.0,384.0
0.7225651049083675,0.082342818,0.532150781,0.751090543,0.0,384.0
0.7812528843391735,0.2003322165,0.563143509,0.7654898925,0.0,384.0
0.7972317840308762,0.3881663613333333,0.5346210216666667,0.6811221999999999,0.0,384.0
0.7905958188234323,0.5455823435,0.557496945,0.6276764255,0.0,384.0
0.7807373676424698,0.4817383825,0.584473794,0.618343715,0.0,384.0
0.7771177502627254,0.33815203,0.553560086,0.590805242,0.0,384.0
0.7742807987295428,0.1756634475,0.4918365985,0.571380487,0.0,384.0
0.76661128107929,0.0089316585,0.460024384,0.559504284,0.0,384.0
0.6520211020408946,0.0,0.46374944175,0.56957839925,0.0,384.0
0.578321385687688,0.0,0.450466338,0.5212931436666667,0.0,384.0
0.6270747890850226,0.023067611,0.438155858,0.479216192,0.0,384.0
0.722435644464408,0.093307418,0.464752165,0.490086631,0.0,384.0
0.7818514882360218,0.20810456900000002,0.5376392139999999,0.523499297,0.0,384.0
0.7972399377771037,0.282922974,0.6495016505,0.579826119,0.0,384.0
0.7952073406159559,0.22737147549999998,0.7339163989999999,0.6588663705,0.0,384.0
0.785363736122608,0.153311504,0.7624364695,0.732681487,0.0,384.0
0.7779325241714361,0.0904238135,0.7596396145,0.760221606,0.0,384.0
0.7742759691532759,0.041288091,0.7178687345,0.7437044945,0.0,384.0
0.7655748815425116,0.0023191785,0.6839234685,0.7286846525,0.0,384.0
0.6640024037094263,0.0,0.6887049853333332,0.7627698246666667,0.0,384.0
0.5483518670621813,0.0,0.6879504015,0.748823547,0.0,384.0
0.5425389785410987,0.00969401,0.6434597479999999,0.7228449594999999,0.0,384.0
0.5684665865638107,0.063885143,0.642348859,0.719767815,0.0,384.0
0.6405404034455153,0.1708146565,0.716459298,0.741001833,0.0,384.0
0.6798876998141263,0.2710073365,0.6619857755,0.68659956,0.0,384.0
0.6799405348724183,0.3302542565,0.647429793,0.7052898775,0.0,384.0
0.6728315655424968,0.3138973725,0.626733039,0.69073954,0.0,384.0
0.6718382747731128,0.229004078,0.556100859,0.649840554,0.0,384.0
0.672567255974309,0.134573874,0.4546711955,0.5976469040000001,0.0,384.0
0.6711132064452383,0.011475903,0.4095539753333333,0.568437377,0.0,384.0
0.6598327020800165,0.0,0.422113816,0.6370608305000001,0.0,384.0
0.5616974789725651,0.0,0.43310255620000004,0.6779170372,0.0,384.0
0.5426220434742481,0.0053257925,0.45285133,0.7346147949999999,0.0,384.0
0.5684912712146766,0.033807753,0.465477498,0.753766098,0.0,384.0
0.6160070784029534,0.071420644,0.464113224,0.748394857,0.0,384.0
0.6728970560136669,0.147097166,0.4013929675,0.7031753325,0.0,384.0
0.680100895990083,0.2658188753333333,0.3650604446666666,0.6388290733333334,0.0,384.0
0.6727490819803443,0.2940853905,0.308906535,0.5616280535,0.0,384.0
0.6722560811291922,0.2136996085,0.2307338455,0.4803726395,0.0,384.0
0.6725940200926062,0.127302528,0.16392315,0.418480554,0.0,384.0
0.6709979962932976,0.017427738,0.12333582333333333,0.3334461576666667,0.0,384.0
0.6537744869863575,0.0,0.08390482700000002,0.21864500966666667,0.0,384.0
0.5819842422654369,0.0,0.07572966725,0.15601175575000004,0.0,384.0
0.627821970720661,0.0103896415,0.070480812,0.1107902005,0.0,384.0
0.7249726678742765,0.042466805,0.071312012,0.099732443,0.0,384.0
0.7842176864800519,0.107953655,0.07026343,0.089941015,0.0,384.0
0.7994725165748362,0.197892601,0.0682854435,0.09314671050000001,0.0,384.0
0.7984274862833148,0.2182149395,0.0809798875,0.127523292,0.0,384.0
0.7884168576001773,0.2254830155,0.09142892650000001,0.1623259615,0.0,384.0
0.7808844920212432,0.16532304650000001,0.0838062565,0.1804039215,0.0,384.0
0.7774681656933484,0.087717018,0.079961138,0.186804667,0.0,384.0
0.7694297786491741,0.014590711000000001,0.07518013833333333,0.1723629666666667,0.0,384.0
0.6537895348079144,0.0,0.05013864925,0.13187604725000002,0.0,384.0
0.5778045274382726,0.0,0.049611507666666665,0.08490115833333334,0.0,384.0
0.6273738003479481,0.008064228,0.080011824,0.082975567,0.0,384.0
0.723102131252351,0.062126895,0.11385448,0.109665695,0.0,384.0
0.7814536710963174,0.151209894,0.15580048600000002,0.16076553799999999,0.0,384.0
0.7981332375257681,0.234185502,0.23715347850000001,0.23176774899999997,0.0,384.0
0.7994567756312068,0.3111376815,0.331990365,0.296204276,0.0,384.0
0.791401827835624,0.305850894,0.41706958000000005,0.3472700935,0.0,384.0
0.7844948973427233,0.260307587,0.42646271,0.394506111,0.0,384.0
0.7818272506794255,0.1810765445,0.4360595055,0.4564096105,0.0,384.0
0.7700688082529772,0.03088896266666667,0.508013081,0.5340815496666668,0.0,384.0
0.7038059644359618,0.0,0.541502729,0.571000157,0.0,384.0
0.6045505390248338,0.0,0.5203212580000001,0.52658454,0.0,384.0
0.5755512960026652,0.0,0.4593218915,0.4899777445,0.0,384.0
0.5893517189919275,0.0,0.396761517,0.467925484,0.0,384.0
0.6559680264337397,0.020621101,0.364673743,0.469210676,0.0,384.0
0.7234420377409395,0.044613605,0.349847363,0.459072323,0.0,384.0
0.7700461209290721,0.095536143,0.348566728,0.458638215,0.0,384.0
0.793363679919633,0.164663692,0.343892154,0.465404698,0.0,384.0
0.7971763925641132,0.2414824175,0.317792672,0.423718036,0.0,384.0
0.7967723146876441,0.30201118849999997,0.3009970395,0.4015842895,0.0,384.0
0.7880675601751312,0.305309319,0.2989465045,0.3917159855,0.0,384.0
0.7809726772161582,0.300274889,0.286540937,0.384558628,0.0,384.0
0.7771026800279762,0.180876251,0.2633782845,0.3745719595,0.0,384.0
0.7682610118809267,0.018456853333333332,0.21959360433333333,0.3327978546666667,0.0,384.0
0.7012529988023241,0.0,0.2079815455,0.29546527,0.0,384.0
0.5940389495571409,0.0,0.24756933599999997,0.29564649633333334,0.0,384.0
0.5776805076983795,0.0,0.301349076,0.333442142,0.0,384.0
0.6271471885324151,0.0048334685,0.3224437575,0.39026355349999997,0.0,384.0
0.7229942251246131,0.066168043,0.318497926,0.439202576,0.0,384.0
0.7822366052939067,0.17435611,0.3503777065,0.47919263199999995,0.0,384.0
0.7972677974315556,0.321384377,0.409292922,0.526584893,0.0,384.0
0.7952091294653644,0.4675310125,0.496468093,0.5886107115,0.0,384.0
0.785363736122608,0.4330242945,0.5718797440000001,0.641505632,0.0,384.0
0.7778583358746352,0.3009828375,0.6019186065,0.6739893690000001,0.0,384.0
0.7755390028400582,0.1401361775,0.5846926610000001,0.7274968405,0.0,384.0
0.7673354549712144,0.002059596,0.5632813240000001,0.7966280665,0.0,384.0
0.6997961544729843,0.0,0.583618526,0.8093741495,0.0,384.0
0.5903160768039621,0.0,0.586762199,0.820558004,0.0,384.0
0.5899744486380668,0.0,0.5562293805,0.801456882,0.0,384.0
0.6892136188054563,0.08747381700000001,0.5243716199999999,0.7710916285,0.0,384.0
0.7855583069468801,0.326974527,0.560847042,0.7499755925,0.0,384.0
0.798693070400802,0.48227250050000003,0.542842635,0.718449499,0.0,384.0
0.7964050404427663,0.547874192,0.585787565,0.7627019585000001,0.0,384.0
0.7882183961920703,0.5106404815,0.594798135,0.8011727795,0.0,384.0
0.7865022284145322,0.360351894,0.5863995925,0.7877473355,0.0,384.0
0.7889423464693842,0.208902962,0.504294249,0.758513742,0.0,384.0
0.7767611339013377,0.033034897333333334,0.44018319866666666,0.730169951,0.0,384.0
0.6617831062520508,0.0,0.41488745,0.7007616753333333,0.0,384.0
0.5583705675310111,0.0,0.39594017800000003,0.6875718295,0.0,384.0
0.5466039788481427,0.0,0.36707678066666666,0.6456067863333333,0.0,384.0
0.55896418530787,0.1114001375,0.288556919,0.5481324625,0.0,384.0
0.6503795807879245,0.4315193125,0.2499316885,0.4295793395,0.0,384.0
0.6842140284311209,0.624098642,0.174837408,0.2798878105,0.0,384.0
0.6793170226426181,0.641798466,0.1453957395,0.245160718,0.0,384.0
0.6703549122070813,0.5607759885000001,0.127310103,0.19969566049999998,0.0,384.0
0.6689729269508985,0.435784289,0.109668405,0.160019349,0.0,384.0
0.6731411974872863,0.22655144700000002,0.087890654,0.118740276,0.0,384.0
0.6849223421497787,0.02654192666666667,0.08243251466666666,0.083108585,0.0,384.0
0.6630707128273776,0.0,0.1680489705,0.1537571525,0.0,384.0
0.5646434545513441,0.0,0.28111794375,0.2963415915,0.0,384.0
0.5440457736106431,0.0,0.406325372,0.49033454349999994,0.0,384.0
0.5417368599777903,0.005082575,0.47471609,0.621381272,0.0,384.0
0.569262578599606,0.02377974,0.511126565,0.709287222,0.0,384.0
0.6485782240083398,0.0603063,0.559498769,0.81797793,0.0,384.0
0.6902985381243689,0.07354090199999999,0.6391073395,0.8522995525,0.0,384.0
0.6869133359273465,0.08599803,0.716752724,0.8859552285000001,0.0,384.0
0.6766009457374962,0.093071739,0.695973352,0.853355038,0.0,384.0
0.6719078123043644,0.086879661,0.631720829,0.825634994,0.0,384.0
0.6711624641196001,0.0598519475,0.5811986845,0.8414806525,0.0,384.0
0.6719793770318389,0.008011019333333333,0.5664630003333334,0.8418512926666667,0.0,384.0
0.6653184513326938,0.0,0.5962614255,0.8234119315,0.0,384.0
0.6026759106064095,0.0,0.629330164,0.8283264685,0.0,384.0
0.5752851082471859,0.0,0.613105656,0.8418291179999999,0.0,384.0
0.5896019869255841,0.0,0.5731292785,0.8295467910000001,0.0,384.0
0.6888026990911285,0.049432584,0.5548565465,0.794108058,0.0,384.0
0.7822048997245616,0.228529526,0.6292130730000001,0.787250765,0.0,384.0
0.7976487556220537,0.2936815195,0.597433246,0.7236487855,0.0,384.0
0.7926713457388299,0.2973727493333333,0.5492977116666666,0.687575694,0.0,384.0
0.7808460340193981,0.25137902,0.4423766965,0.5798500289999999,0.0,384.0
0.775877701917711,0.1555770385,0.293384154,0.427374644,0.0,384.0
0.76916063199242,0.019515424666666666,0.18816570733333335,0.2915707916666667,0.0,384.0
0.6738240364366259,0.0,0.199237195,0.25835542166666664,0.0,384.0
0.5813802832912395,0.0,0.20877556800000002,0.2222240485,0.0,384.0
0.5781844198494185,0.0,0.221468644,0.2095675165,0.0,384.0
0.6267745704111614,0.005330139,0.2662918435,0.2173357585,0.0,384.0
0.7227448739163937,0.109768403,0.319006805,0.263662322,0.0,384.0
0.7817150068735832,0.2659664365,0.394236911,0.312404723,0.0,384.0
0.7972554998425398,0.357478321,0.46386059199999996,0.387532841,0.0,384.0
0.795193656805287,0.351215441,0.45603068150000003,0.3718557965,0.0,384.0
0.7851874104691954,0.2887223455,0.3992511065,0.34006536899999995,0.0,384.0
0.7777425145724031,0.17800316249999998,0.3112276805,0.2905109285,0.0,384.0
0.7747845096679177,0.074695477,0.253720713,0.289847343,0.0,384.0
0.7693578114513878,0.007953381333333334,0.23226138066666668,0.33108603466666664,0.0,384.0
0.6267230917502443,0.0,0.22319605466666667,0.320749419,0.0,384.0
0.5895310407707328,0.0,0.229189267,0.331489085,0.0,384.0
0.688650968683223,0.0525905865,0.24773235,0.37113443999999995,0.0,384.0
0.7722335786978183,0.217676154,0.260981341,0.379235264,0.0,384.0
0.7975684856691085,0.3766426845,0.333532106,0.3903835165,0.0,384.0
0.7971426746657007,0.50223137,0.3409002675,0.404425982,0.0,384.0
0.7906195196779731,0.516946529,0.380097043,0.411873791,0.0,384.0
0.7806717653639945,0.448784022,0.381883294,0.40066102800000003,0.0,384.0
0.7769708941675043,0.323830907,0.343403591,0.400645759,0.0,384.0
0.7757762800063968,0.13415056649999998,0.28634189649999997,0.35383030849999997,0.0,384.0
0.7670785910138289,0.0,0.223550528,0.31378140099999996,0.0,384.0
0.6994558678260627,0.0,0.17505926100000002,0.241280071,0.0,384.0
0.5951970435072673,0.0,0.12639868733333334,0.172618818,0.0,384.0
0.57927410167371,0.0,0.09421906499999999,0.13380626950000002,0.0,384.0
0.627982846048467,0.0053925015,0.076534408,0.1040089025,0.0,384.0
0.7504202658131545,0.1956100705,0.04575051,0.0715695955,0.0,384.0
0.7978972572431997,0.402066369,0.03253283,0.05131106,0.0,384.0
0.79716953563418,0.5569939336666666,0.039064576,0.03538829366666666,0.0,384.0
0.7906623154253982,0.446437635,0.046143330999999996,0.034569644,0.0,384.0
0.780768357631566,0.2945375895,0.0445922035,0.036211409,0.0,384.0
0.7765103814693584,0.1734333555,0.051311626,0.047234564,0.0,384.0
0.7707381570920125,0.020213674666666667,0.09519627733333334,0.07376015333333334,0.0,384.0
0.6729341352161904,0.0,0.13619800233333335,0.09742037066666666,0.0,384.0
0.5804379382256206,0.0,0.17450176875,0.1404451185,0.0,384.0
0.6275495446978394,0.0047594695,0.2457841705,0.22123565150000002,0.0,384.0
0.7223870352094393,0.14396359,0.274309763,0.264210532,0.0,384.0
0.7702487859409831,0.278210573,0.263796672,0.284905525,0.0,384.0
0.7954059809697318,0.493549324,0.33118161150000003,0.3078913215,0.0,384.0
0.7970289550978948,0.6635221805,0.41441401600000005,0.32974860250000004,0.0,384.0
0.7915077663707115,0.520112555,0.42890071900000004,0.32422170949999995,0.0,384.0
0.7813738035687003,0.3498960835,0.386946246,0.32934228249999997,0.0,384.0
0.7761225813060499,0.181727597,0.35354089850000003,0.332252477,0.0,384.0
0.7689036189586277,0.01839803233333333,0.3522634903333333,0.3593133083333333,0.0,384.0
0.6659053016974377,0.0,0.32413208600000004,0.377209742,0.0,513.6666666666666
0.5530249665695112,0.0,0.22809803839999993,0.3279584498,0.0,773.0
0.5470208162750524,0.005532501,0.17133342,0.285577101,0.0,773.0
0.574368196914388,0.063659361,0.151135324,0.270323064,0.0,773.0
0.646165317098579,0.161343795,0.131394279,0.247847247,0.0,773.0
0.6838401953866321,0.32934210966666666,0.12184806066666666,0.19885076133333335,0.0,773.0
0.6781100438216068,0.33036474149999995,0.14642455199999999,0.199011368,0.0,773.0
0.6734466929666355,0.2266124255,0.14375860499999998,0.1988721395,0.0,773.0
0.6752893922685799,0.1064649495,0.1119365025,0.2098213015,0.0,773.0
0.6763691242323472,0.011319294,0.14963752466666666,0.26632994433333335,0.0,773.0
0.6440227047429029,0.0,0.22807207533333332,0.3636586376666666,0.0,773.0
0.5526105587641523,0.0,0.3277675342,0.45795350560000003,0.0,773.0
0.5605146929177522,0.0444225055,0.372663417,0.47852202099999996,0.0,773.0
0.6206563875559179,0.166706867,0.396948935,0.463782841,0.0,773.0
0.6701733545520737,0.258382675,0.427746451,0.456756279,0.0,773.0
0.6839085851105206,0.38141882,0.43162001166666664,0.4217335976666667,0.0,773.0
0.6787991806643532,0.43252166550000004,0.41575635850000003,0.43195697099999997,0.0,773.0
0.6740523624509045,0.30358536150000004,0.339460861,0.4115546755,0.0,773.0
0.6748675835213603,0.1406989495,0.284524657,0.37742834150000004,0.0,773.0
0.676609785104743,0.007122125666666666,0.258727947,0.319743784,0.0,773.0
0.6549270804938936,0.0,0.194885784,0.22501648533333332,0.0,773.0
0.5858916018518335,0.0,0.19983659925,0.24931538125,0.0,773.0
0.6362346900848346,0.001739079,0.1868211075,0.33215402299999996,0.0,773.0
0.7328577295639289,0.090193405,0.174975217,0.345680307,0.0,773.0
0.7896333391649513,0.264399995,0.17385181,0.3432383615,0.0,773.0
0.8025843089527118,0.420481699,0.187900097,0.327256628,0.0,773.0
0.8019249323536553,0.47031884199999996,0.1899252565,0.33428759649999995,0.0,773.0
0.7954106316678056,0.447979641,0.213541532,0.3556067,0.0,773.0
0.7884371151001044,0.364973591,0.228303158,0.372538517,0.0,773.0
0.7853901648189894,0.262206965,0.2412220285,0.386152646,0.0,773.0
0.7845360385174673,0.139141439,0.246972136,0.391284797,0.0,773.0
0.7799251874338239,0.01840235,0.237523159,0.372187471,0.0,773.0
0.679703123564304,0.0,0.197119774,0.356772821,0.0,773.0
0.5863977164111064,0.0,0.15095487575,0.35026543025,0.0,773.0
0.6367903640924815,0.001461019,0.1255319545,0.3286934285,0.0,773.0
0.7591405378571134,0.1300903495,0.125564165,0.3340696905,0.0,773.0
0.8057509710524178,0.32578998550000005,0.10982915700000001,0.3135162025,0.0,773.0
0.8037168535953165,0.461104274,0.1058082225,0.2766699655,0.0,773.0
0.7967936008552651,0.4217477395,0.113438105,0.282046215,0.0,773.0
0.7882705828759531,0.283772618,0.1215954525,0.2966600905,0.0,773.0
0.7866055284456623,0.126734921,0.12771293099999997,0.3279859555,0.0,773.0
0.7865890272528425,0.018355499,0.1444435215,0.35718230149999997,0.0,773.0
0.7563101376112424,0.0,0.14581196400000002,0.359662575,0.0,773.0
0.6107009327077819,0.0,0.1362983368,0.3680433598,0.0,773.0
0.596863536385436,0.0,0.13927651149999998,0.3486593825,0.0,773.0
0.6993688453056662,0.0442924155,0.13887614250000002,0.3367158595,0.0,773.0
0.7808698243467734,0.17565785,0.132070924,0.329461487,0.0,773.0
0.8034245277614787,0.33111513400000003,0.1398939125,0.305326419,0.0,773.0
0.8015138337836261,0.37882638766666665,0.20192667933333333,0.28971199233333333,0.0,773.0
0.7906558759453919,0.2318681645,0.242085626,0.28935928499999997,0.0,773.0
0.7857247497656726,0.157431723,0.251357916,0.276719585,0.0,773.0
0.7848737537987951,0.1008092655,0.24079463099999998,0.30301360850000003,0.0,773.0
0.7797893023095376,0.0068270679999999995,0.23234495366666666,0.32910077033333335,0.0,773.0
0.707578989198239,0.0,0.20104758849999999,0.34233725000000004,0.0,773.0
0.5941195504471141,0.0,0.18297932779999998,0.2917706656,0.0,773.0
0.6366787016576364,0.001325454,0.173510964,0.28298181099999997,0.0,773.0
0.7587585958028145,0.13639698349999999,0.1766599265,0.264459998,0.0,773.0
0.8050728127153977,0.273419563,0.211384698,0.276011346,0.0,773.0
0.8028262144826532,0.35771055399999996,0.22211900425,0.26180635524999996,0.0,773.0
0.7934534750182873,0.29748153,0.280908632,0.378246952,0.0,773.0
0.790522569654015,0.2091993205,0.3021857215,0.44663791799999997,0.0,773.0
0.7926124064874956,0.109070227,0.295393048,0.471785663,0.0,773.0
0.7859628617643889,0.011193184333333333,0.28611426833333337,0.473836003,0.0,773.0
0.7039644696783136,0.0,0.28496558800000005,0.46219662100000003,0.0,773.0
0.5967939988204465,0.0,0.28468705575000003,0.4814532255,0.0,773.0
0.5990964953415014,0.0,0.30138904850000003,0.5204589095,0.0,773.0
0.7043319676727533,0.061971682,0.280737167,0.5018440035,0.0,773.0
0.8024456811194296,0.3156038095,0.287181228,0.461733436,0.0,773.0
0.8076496804162401,0.420618569,0.2915919605,0.4170232905,0.0,773.0
0.8026759374347647,0.33360080599999997,0.3328349755,0.477478449,0.0,773.0
0.7928632782615715,0.30287312499999997,0.3475958435,0.5129957325000001,0.0,773.0
0.7882551102158757,0.20668870150000002,0.3152605295,0.4678575245,0.0,773.0
0.7892653046708833,0.103445154,0.259125588,0.416239423,0.0,773.0
0.7857542939745271,0.0053497553333333335,0.274183456,0.3723523343333333,0.0,773.0
0.667804026040875,0.0,0.316998904,0.392344831,0.0,773.0
0.5604473913301787,0.0,0.34579763399999996,0.3694402495,0.0,773.0
0.549222092131195,0.0,0.317106605,0.38480186099999997,0.0,773.0
0.5470614655516339,0.001632537,0.280031058,0.431069259,0.0,773.0
0.5752953040342996,0.041415756,0.266238292,0.455407678,0.0,773.0
0.653995084104175,0.114165571,0.270680961,0.4995172925,0.0,773.0
0.6868391774773155,0.20863575466666665,0.3006338393333334,0.51820436,0.0,773.0
0.6778280479841343,0.1876087355,0.3575475305,0.5081086775,0.0,773.0
0.6740534580545348,0.1458063635,0.392899866,0.5073402810000001,0.0,773.0
0.6776328734543944,0.103663562,0.383002413,0.497584585,0.0,773.0
0.6801862862497773,0.01737832425,0.3866877755,0.5431776879999999,0.0,773.0
0.6632143715170664,0.0,0.3919611435,0.610529171,0.0,773.0
0.5638152382129382,0.0,0.4554804539999999,0.6272698014,0.0,773.0
0.5480815428412616,0.0,0.509961136,0.6544111485,0.0,773.0
0.597954984522238,0.0756807075,0.5599301385,0.68921929,0.0,773.0
0.6719900051810183,0.260137256,0.632686665,0.728878736,0.0,773.0
0.6839909941119775,0.3689051965,0.6234338185,0.730897322,0.0,773.0
0.6792345167684868,0.469298145,0.7006707753333333,0.7740119123333334,0.0,773.0
0.6729287839174827,0.37409399099999996,0.727972286,0.7830096735000001,0.0,773.0
0.6769830218660955,0.1938671145,0.6910142045000001,0.7666233905,0.0,773.0
0.6815970629329398,0.007125119333333333,0.6516042493333333,0.7218533643333332,0.0,773.0
0.6290871688133393,0.0,0.6541891229999999,0.6716210206000001,0.0,773.0
0.584253792304505,0.0,0.599011167,0.610215597,0.0,773.0
0.6359776919181972,0.0006526295,0.575897139,0.5867845365,0.0,773.0
0.7329041474766853,0.058858714,0.562040231,0.596356222,0.0,773.0
0.7918068447045252,0.15138414649999998,0.560888865,0.614857034,0.0,773.0
0.8042713201920278,0.1898482405,0.615743903,0.6384286935,0.0,773.0
0.8011532672798148,0.184165804,0.6655941245,0.7090693404999999,0.0,773.0
0.7936193812699758,0.157497115,0.689025157,0.757275973,0.0,773.0
0.7875126016802574,0.1337448905,0.6766763545,0.7634159954999999,0.0,773.0
0.7852569926693884,0.06304013,0.6553447485,0.7692257135,0.0,773.0
0.7838448222747654,0.0010880975,0.6979528669999999,0.8261608444999999,0.0,773.0
0.7561540917922276,0.0,0.7430046530000001,0.880024626,0.0,773.0
0.6484706309005712,0.0,0.7647492025,0.8967969725,0.0,773.0
0.5848556755449289,0.0,0.7666533360000001,0.891172577,0.0,773.0
0.5963121105830589,0.0,0.7424819125,0.8542596565,0.0,773.0
0.6984340689603419,0.0216866275,0.6967654025000001,0.8124948495,0.0,773.0
0.7883438767817876,0.159655757,0.6813932890000001,0.789513364,0.0,773.0
0.8027989584661934,0.31773131,0.6772553075000001,0.7257633400000001,0.0,773.0
0.8009658513808464,0.3803995725,0.6988437485000001,0.7097062245,0.0,773.0
0.7907744250894645,0.3342330625,0.69180599,0.6911012925,0.0,773.0
0.7855350533215604,0.18793236400000002,0.632000192,0.6649768094999999,0.0,773.0
0.7845834403615004,0.059211452,0.585488202,0.651893599,0.0,773.0
0.7796789068667086,0.0013286496666666666,0.530074931,0.6260187760000001,0.0,773.0
0.707573846534527,0.0,0.5208676155,0.603029154,0.0,773.0
0.5954771239108385,0.0,0.49495193174999996,0.5969314047500001,0.0,773.0
0.5969464894438045,0.0,0.44036558449999996,0.5484128985000001,0.0,773.0
0.7005971550307157,0.0395663865,0.399636414,0.48190709249999997,0.0,773.0
0.790346065122409,0.220353356,0.378846135,0.432787003,0.0,773.0
0.8141796773767778,0.362883184,0.40081924,0.423465505,0.0,773.0
0.809416693392425,0.5103571685,0.411736182,0.410581919,0.0,773.0
0.8036001379021182,0.5510957375000001,0.425346587,0.3886757865,0.0,773.0
0.7946452271957782,0.44976844149999995,0.420269452,0.362980594,0.0,773.0
0.7896136629685456,0.301670003,0.38332325899999997,0.331864437,0.0,773.0
0.7904922057048572,0.139196814,0.345210635,0.334679791,0.0,773.0
0.7865134974708056,0.005389726,0.351014959,0.38475934166666664,0.0,773.0
0.6772924153291194,0.0,0.44283462200000007,0.43570876833333333,0.0,773.0
0.5883068676123373,0.0,0.5053647505000001,0.45534603625,0.0,773.0
0.6406787629952455,0.0,0.4963985395,0.49317889000000004,0.0,773.0
0.7654759191220102,0.15579686650000002,0.470892365,0.4914603425,0.0,773.0
0.807148831461482,0.336534256,0.497548488,0.490490439,0.0,773.0
0.8042039888026681,0.44979424100000004,0.5758575406666667,0.4772020666666667,0.0,773.0
0.796711631525746,0.37337535850000003,0.5875295195,0.49094057950000003,0.0,773.0
0.7883652970237089,0.2490119085,0.574198424,0.520313726,0.0,773.0
0.7883354696416552,0.104504697,0.5072475385,0.5233254515,0.0,773.0
0.7828002988610213,0.001637273,0.45226026666666663,0.5049207326666667,0.0,773.0
0.7064210219900489,0.0,0.4688950315,0.520474595,0.0,773.0
0.5943357114712076,0.0,0.5392414362,0.5663399422,0.0,773.0
0.6367428952450362,0.0,0.554429029,0.614582434,0.0,773.0
0.7595402331841095,0.065529819,0.5310589095,0.6295170635,0.0,773.0
0.8065305513682279,0.21487919449999998,0.515366667,0.6279030885000001,0.0,773.0
0.8040613661130371,0.333551376,0.516692398,0.633243702,0.0,773.0
0.7973819194921652,0.360679922,0.5515945765,0.647945032,0.0,773.0
0.7898174011821405,0.350742339,0.558875258,0.671276134,0.0,773.0
0.7875126911530919,0.2720331775,0.5072858554999999,0.6670908455,0.0,773.0
0.7883617194598435,0.129880696,0.436983318,0.659908559,0.0,773.0
0.7822740496976404,0.0028614926666666665,0.38230102466666666,0.6397066326666666,0.0,773.0
0.6685538087539258,0.0,0.328824156,0.5945346666666667,0.0,773.0
0.5600522572958977,0.0,0.2850149165,0.450341679,0.0,773.0
0.5488808552571302,0.0,0.25315879775,0.36056938575,0.0,773.0
0.5753965023984791,0.071429717,0.221474427,0.318652553,0.0,773.0
0.6523802264306459,0.22011407700000002,0.2276690425,0.3023237595,0.0,773.0
0.685254154563188,0.370774301,0.269963401,0.2619373626666667,0.0,773.0
0.6777018295471731,0.2673644585,0.3942136395,0.356373834,0.0,773.0
0.6736403918018877,0.224544417,0.427052217,0.389977189,0.0,773.0
0.6752626057483362,0.1191702665,0.4150708505,0.440538938,0.0,773.0
0.6822667695283618,0.011685665999999999,0.49113561400000005,0.5372037626666667,0.0,773.0
0.6769025730349572,0.0,0.609885577,0.640177493,0.0,773.0
0.5955590484364646,0.0,0.75720332875,0.7256536495,0.0,773.0
0.5482014335830298,0.0,0.7593640736666667,0.7820973749999999,0.0,773.0
0.5603693796553824,0.0112322815,0.708354185,0.817189221,0.0,773.0
0.6478123052362035,0.12146258499999998,0.6810392555,0.7988272995000001,0.0,773.0
0.6842079467749766,0.326073864,0.6835739835000001,0.730468813,0.0,773.0
0.681769438421437,0.33221589399999996,0.6629266885,0.666255305,0.0,773.0
0.6732480304133404,0.28229696,0.6282452075,0.5988878495,0.0,773.0
0.6722506255129868,0.21124221,0.550293105,0.533113982,0.0,773.0
0.6762850754578886,0.129592349,0.43372639749999997,0.4891653625,0.0,773.0
0.6764025849019835,0.0010416405,0.36322338625,0.48761870875,0.0,773.0
0.6172064551031778,0.0,0.34456004725,0.44678672750000004,0.0,773.0
0.5837233619167744,0.0,0.320209337,0.3656132265,0.0,773.0
0.6358145583122425,0.0,0.344355016,0.415590946,0.0,773.0
0.731961120534951,0.025212851,0.405225564,0.500437564,0.0,773.0
0.7776073300937347,0.069826855,0.470446579,0.554597456,0.0,773.0
0.8006122609466377,0.121316067,0.563682134,0.6245872690000001,0.0,773.0
0.801023389318453,0.22534102899999997,0.6755703523333333,0.7230051053333333,0.0,773.0
0.7909827245957743,0.275821127,0.713908947,0.7535497485,0.0,773.0
0.7840524510047193,0.220587666,0.7390481044999999,0.7716661955,0.0,773.0
0.7822054810955587,0.044880232,0.784711683,0.8427579735,0.0,773.0
0.7750284946652903,0.0,0.7775002719999999,0.883428503,0.0,773.0
0.7078927129395273,0.0,0.6892817555,0.8461020175,0.0,773.0
0.5949766327124668,0.0,0.57814655225,0.829765605,0.0,773.0
0.5970405104132579,0.0,0.543571313,0.8136194335,0.0,773.0
0.6649511994222869,0.0,0.531160529,0.79324806,0.0,773.0
0.7318287532360062,0.009791717,0.526159973,0.775956394,0.0,773.0
0.7776014271808324,0.042579776,0.520770171,0.777565299,0.0,773.0
0.7989030692836857,0.090289416,0.546918809,0.790811615,0.0,773.0
0.8025009980704811,0.2209828415,0.5940231845,0.7954908335,0.0,773.0
0.7999875860423188,0.387723811,0.7051222095,0.8218616315,0.0,773.0
0.7895605371572794,0.37281554,0.783075827,0.8409908705,0.0,773.0
0.7835981988409109,0.299884498,0.800534972,0.871553405,0.0,773.0
0.7837793094691246,0.1703371505,0.8137037899999999,0.893005154,0.0,773.0
0.7778690534741571,0.0011033136666666666,0.8325808473333334,0.895234173,0.0,773.0
0.6799801705059049,0.0,0.8397745999999998,0.9009434399999999,0.0,773.0
0.5852433154983326,0.0,0.8156367107500001,0.89639219225,0.0,773.0
0.635621329040682,0.0,0.822075595,0.8986646119999999,0.0,773.0
0.7320237265530821,0.04484418,0.80365412,0.871726865,0.0,773.0
0.7776076878501211,0.125050039,0.787495846,0.818073223,0.0,773.0
0.8007336273379096,0.2460743365,0.8103759715000001,0.7720227879999999,0.0,773.0
0.8021863576037556,0.360237508,0.864777763,0.793908233,0.0,773.0
0.7957291179819486,0.424172263,0.900879647,0.8779242745,0.0,773.0
0.7878075658831014,0.3419570195,0.924413903,0.9004354045,0.0,773.0
0.7865075945579033,0.200046266,0.909546956,0.916463365,0.0,773.0
0.7868313278307641,0.03433167733333333,0.8716900893333334,0.8992021106666667,0.0,773.0
0.7566214017942421,0.0,0.7934989215,0.866901441,0.0,773.0
0.6299883063103325,0.0,0.7100164896666668,0.832484524,0.0,773.0
0.5819756674480845,0.0,0.6277735099999999,0.7446585815,0.0,773.0
0.5967731599157846,0.0,0.5564017845,0.6780228150000001,0.0,773.0
0.6653784413837653,0.0,0.518737242,0.641628837,0.0,773.0
0.7329041474766853,0.037234268,0.490848681,0.62319823,0.0,773.0
0.794536873906295,0.1478764455,0.46324679550000003,0.586845747,0.0,773.0
0.8078199690824501,0.23036869766666668,0.45580751366666666,0.5504677803333333,0.0,773.0
0.7995094094768348,0.20671001849999998,0.4552261645,0.545475223,0.0,773.0
0.7902333294184042,0.131063487,0.4164646215,0.6065705925,0.0,773.0
0.7891637933542102,0.065905326,0.418978304,0.623519328,0.0,773.0
0.7871437323763035,0.006032487333333334,0.439733305,0.672284554,0.0,773.0
0.7695595819598728,0.0,0.510558144,0.732113191,0.0,773.0
0.67985965374669,0.0,0.5490144113333334,0.7883422526666667,0.0,773.0
0.5863828474564968,0.0,0.6964574140000002,0.8547833422500001,0.0,773.0
0.6361093436368932,0.0,0.757956724,0.894190578,0.0,773.0
0.7657381716921888,0.12444350200000001,0.787957078,0.895545201,0.0,773.0
0.8175072819426534,0.3546714015,0.8117577455,0.9117676889999999,0.0,773.0
0.8097392341664893,0.49238678799999996,0.795417166,0.917599392,0.0,773.0
0.797629526654869,0.4571304175,0.794492867,0.9080357299999999,0.0,773.0
0.792683598658904,0.369309054,0.777203148,0.903742636,0.0,773.0
0.7963605006498258,0.21039753900000002,0.7026678795,0.8851328895,0.0,773.0
0.7984989467382753,0.00072124,0.6292366119999999,0.8546009274999999,0.0,773.0
0.7518054262753506,0.0,0.5985151415000001,0.821176643,0.0,773.0
0.6326602608724403,0.0,0.554082368,0.7729908384999999,0.0,773.0
0.5556469890439587,0.0,0.46683113425,0.67040423475,0.0,773.0
0.5501861816259397,0.0,0.377620462,0.5299104925,0.0,773.0
0.5762779517873488,0.023175229,0.343371842,0.466850523,0.0,773.0
0.6366645034119068,0.08176066,0.316045584,0.442667868,0.0,773.0
0.7036660621208559,0.1699255415,0.338213021,0.40762423049999996,0.0,773.0
0.7080555558824755,0.273196264,0.3048647523333334,0.37839542500000006,0.0,773.0
0.7070228680288466,0.24893665399999998,0.2740153275,0.38792232449999997,0.0,773.0
0.7166440419759948,0.195994144,0.25327859,0.386896714,0.0,773.0
0.7226458220905335,0.12021554300000001,0.227206623,0.3523546365,0.0,773.0
0.7007244913720401,0.0,0.22043505525,0.33055941725000004,0.0,773.0
0.5886560845185798,0.0,0.21281701160000002,0.3321336066,0.0,773.0
0.5510733773839893,0.0,0.279049138,0.4455015855,0.0,773.0
0.5727540770881028,0.009634209,0.3330785015,0.540054303,0.0,773.0
0.6712621419853989,0.21858025849999999,0.3767213895,0.647595544,0.0,773.0
0.7156260218193278,0.42168421,0.441442626,0.749552144,0.0,773.0
0.7130335471816802,0.5566256645,0.5026257795,0.7811051815,0.0,773.0
0.7042079180411065,0.5541450080000001,0.58634902,0.826166052,0.0,773.0
0.6998975092459347,0.458149902,0.6098452415,0.8517427495000001,0.0,773.0
0.7169854688954882,0.22638997849999998,0.5412879774999999,0.8428525309999999,0.0,773.0
0.7119964917806851,0.0,0.4502551563333333,0.7699779206666667,0.0,773.0
0.6610260044901985,0.0,0.37127709400000003,0.60052391,0.0,773.0
0.6000107570031065,0.0,0.312552604,0.532297733,0.0,773.0
0.6648150310798175,0.0,0.265351285,0.457976559,0.0,773.0
0.7588000946664695,0.06786154,0.242089187,0.402885571,0.0,773.0
0.8061825507594764,0.28387085,0.203069375,0.359237733,0.0,773.0
0.8204385897997297,0.525943293,0.1890356225,0.30492918199999997,0.0,773.0
0.8129058217279919,0.698886585,0.2110989495,0.262381713,0.0,773.0
0.8028110325080744,0.562405116,0.234815031,0.251926976,0.0,773.0
0.796103591956023,0.445041751,0.221091936,0.240274385,0.0,773.0
0.7949765924024583,0.345227646,0.196620212,0.239723301,0.0,773.0
0.7976411087985874,0.229153117,0.173694058,0.220250284,0.0,773.0
0.8076607707292717,0.109600022,0.162918,0.206656772,0.0,773.0
0.8044006912306285,0.0,0.175523335,0.1941748415,0.0,773.0
0.7539586741800457,0.0,0.215026464,0.193014703,0.0,773.0
0.6546977036798778,0.0,0.2655207855,0.2143166335,0.0,773.0
0.6040823346993285,0.0,0.3250696235,0.262153277,0.0,773.0
0.6652385167341888,0.0,0.410308044,0.347385968,0.0,773.0
0.7586557428659539,0.052668444,0.479500105,0.399352336,0.0,773.0
0.8048395601397184,0.177630042,0.521103893,0.428493896,0.0,773.0
0.8167606145396483,0.3452668625,0.5704274460000001,0.461991887,0.0,773.0
0.8073273483221552,0.43167394449999996,0.6612707645,0.5277708985,0.0,773.0
0.7989346405763034,0.4184846745,0.7168658914999999,0.5706905875,0.0,773.0
0.7903376133133351,0.3229765605,0.726552461,0.5936883799999999,0.0,773.0
0.7912193310532327,0.158969805,0.710280358,0.601128141,0.0,773.0
0.7959131799991377,0.048739703,0.727913113,0.617442707,0.0,773.0
0.7983199379794392,0.0,0.7463096685,0.6407306349999999,0.0,773.0
0.7535156688055156,0.0,0.7505392550000001,0.6618140035,0.0,773.0
0.6490165786173206,0.0,0.754286646,0.663000264,0.0,773.0
0.586642539862055,0.0,0.7364273495,0.6504170172499999,0.0,773.0
0.636238424057471,0.0,0.6921054965,0.642393148,0.0,773.0
0.7344538277664894,0.035981223,0.639432843,0.627002083,0.0,773.0
0.7861938485496199,0.121523275,0.591532571,0.610456979,0.0,773.0
0.8040011301128842,0.2473659365,0.5367138135,0.567732683,0.0,773.0
0.7985737387068061,0.37036838974999997,0.50429263,0.5289367885,0.0,773.0
0.7856220757744812,0.2487031435,0.4022333385,0.4844983225,0.0,773.0
0.783660626183276,0.130049657,0.3420867,0.451974861,0.0,773.0
0.7843553751859504,0.014884269333333333,0.3479747083333333,0.434074805,0.0,773.0
0.7563119486601702,0.0,0.3848098815,0.4075413035,0.0,773.0
0.6486002479557289,0.0,0.409743558,0.407493932,0.0,773.0
0.5874957383046424,0.0,0.4403597035,0.423483539,0.0,773.0
0.5847521369645573,0.0,0.4521562055,0.4173593805,0.0,773.0
0.6367955738270815,0.0,0.4702287825,0.42635904150000004,0.0,773.0
0.7338916248734771,0.042939305,0.484417277,0.450169661,0.0,773.0
0.7862171021749397,0.21289745,0.467176646,0.459274674,0.0,773.0
0.8043538261561267,0.351880562,0.43768645,0.45332731,0.0,773.0
0.8030128030615433,0.48684385350000003,0.40010133950000004,0.426372329,0.0,773.0
0.7973195517983562,0.5444096803333333,0.39014671466666667,0.40034024633333337,0.0,773.0
0.7873484841430259,0.441593294,0.392921252,0.400774151,0.0,773.0
0.7844535773572615,0.32498215,0.389238145,0.420299383,0.0,773.0
0.7852926781604515,0.190090011,0.38489895,0.452768585,0.0,773.0
0.7884524089494642,0.023684125,0.3956367915,0.511414373,0.0,773.0
0.7800993666163929,0.0,0.392248887,0.572636594,0.0,773.0
0.6784677855884111,0.0,0.3797006916666666,0.5952087636666666,0.0,773.0
0.5879419634191758,0.0,0.3428191065,0.6066288525000001,0.0,773.0
0.5850039477310653,0.0,0.340241079,0.6036836075,0.0,773.0
0.6374695734316664,0.0,0.3250069585,0.59054534,0.0,773.0
0.7414168801285733,0.024190174,0.300521611,0.562948804,0.0,773.0
0.795651665208727,0.226370241,0.270954952,0.53527241,0.0,773.0
0.8183195515566581,0.404391241,0.248399588,0.505084405,0.0,773.0
0.8119208486259056,0.5832594090000001,0.20928039333333334,0.3999195466666667,0.0,773.0
0.8025218370088809,0.547686307,0.188166824,0.36925708150000003,0.0,773.0
0.7954441706880249,0.43183221,0.188235537,0.370706472,0.0,773.0
0.7950411661481912,0.341319017,0.177263822,0.373140388,0.0,773.0
0.7977843873299433,0.241280158,0.166091863,0.373414641,0.0,773.0
0.8109515270620903,0.078843904,0.172477099,0.378190232,0.0,773.0
0.8039242139742426,0.0,0.1932270505,0.370202915,0.0,773.0
0.75338511269045,0.0,0.197961835,0.323999245,0.0,773.0
0.638196251483345,0.0,0.19955042150000002,0.2968137955,0.0,773.0
0.577525937708804,0.0,0.222794116,0.2887239285,0.0,773.0
0.5661531265278902,0.0,0.287269814,0.30886399999999997,0.0,773.0
0.5714202537901917,0.0,0.348894403,0.336064562,0.0,773.0
0.6035371919681867,0.028073698,0.360291492,0.343489514,0.0,773.0
0.6527367905883008,0.242405045,0.36357526,0.340632882,0.0,773.0
0.6983911837400822,0.412292668,0.363291085,0.334992814,0.0,773.0
0.7015044518124456,0.586061778,0.424959337,0.345400811,0.0,773.0
0.6890890326741811,0.5944933525,0.46259837400000003,0.357118778,0.0,773.0
0.6792146169349786,0.4754976325,0.477867304,0.379250914,0.0,773.0
0.6801767387695973,0.298586334,0.47545589,0.388510411,0.0,773.0
0.6891953288307038,0.178160407,0.450722037,0.384536112,0.0,773.0
0.711850217011477,0.009984862333333334,0.471476187,0.42824142100000007,0.0,773.0
0.6865267431749738,0.0,0.4953983785,0.479926627,0.0,773.0
0.5838097881990186,0.0,0.45216131249999997,0.4939794165,0.0,773.0
0.5584725260769052,0.0,0.434358746,0.514256338,0.0,773.0
0.5898889689505217,0.022458811,0.437863788,0.525387371,0.0,773.0
0.6376173685867955,0.142748262,0.436623896,0.539632976,0.0,773.0
0.6975442571002812,0.256495983,0.441443689,0.55257938,0.0,773.0
0.7050532199774885,0.354249421,0.579495127,0.5874512873333333,0.0,773.0
0.6956474259237504,0.2947508935,0.6544227705,0.640977874,0.0,773.0
0.6948383312458558,0.291093508,0.670529068,0.674520335,0.0,773.0
0.7028078216883643,0.230575232,0.657862415,0.687125913,0.0,773.0
0.7117662652221525,0.17112226,0.642573012,0.71700193,0.0,773.0
0.7172349095090665,0.0276058545,0.610961746,0.775410282,0.0,773.0
0.6943342327493082,0.0,0.5608671326666667,0.8174020376666667,0.0,773.0
0.6560967044289896,0.0,0.48381801750000003,0.7781536115,0.0,1168.5
0.5971218648025981,0.0,0.390646551,0.7080905254999998,0.0,1564.0
0.6834197804408408,0.0,0.3124931245,0.6464417925,0.0,1564.0
0.791311809122359,0.024091529,0.256105781,0.594210995,0.0,1564.0
0.8361681978418015,0.201203192,0.202380907,0.552930515,0.0,1564.0
0.8490709609348729,0.3682815215,0.187817455,0.476624229,0.0,1564.0
0.8382646084994919,0.4460478875,0.2320404715,0.4471255035,0.0,1564.0
0.8248794652371325,0.32032782049999997,0.3631953705,0.467941352,0.0,1564.0
0.8206801152388138,0.1853451345,0.47541031,0.546464292,0.0,1564.0
0.8291911932505452,0.0371609455,0.571164186,0.6088487455,0.0,1564.0
0.8127504095286907,0.0,0.7015788096666666,0.6740193156666666,0.0,1564.0
0.7182671949823511,0.0,0.768520809,0.7962089325,0.0,1564.0
0.5995809660442427,0.0,0.8158783315,0.8872756669999999,0.0,1564.0
0.6036238119957795,0.0,0.8062797085,0.9045865345,0.0,1564.0
0.7225722599686226,0.0028513775,0.785629115,0.8970194254999999,0.0,1564.0
0.8092686746901611,0.12391756200000001,0.7775235315,0.8856406015,0.0,1564.0
0.8188416418751443,0.268931174,0.799425654,0.8385582405,0.0,1564.0
0.8139041210193118,0.301329226,0.81337983,0.81404926,0.0,1564.0
0.8058902696620558,0.2961231575,0.7880756505,0.7946697295,0.0,1564.0
0.8041909160973069,0.160115493,0.695471064,0.771430151,0.0,1564.0
0.8082261932948113,0.016233703,0.616992822,0.7346307,0.0,1564.0
0.8001148255671988,0.0,0.543574575,0.677788037,0.0,1564.0
0.6886099616952387,0.0,0.440449952,0.576860056,0.0,1564.0
0.5894897878561591,0.0,0.35107583825,0.5328041142500001,0.0,1564.0
0.6526858560517711,0.0,0.26314086049999996,0.471627767,0.0,1564.0
0.758877547372215,0.008690882,0.249664974,0.431219339,0.0,1564.0
0.8145791490891632,0.0839995615,0.3035934465,0.380283825,0.0,1564.0
0.8234316988242809,0.1369717615,0.3211158685,0.34938574099999997,0.0,1564.0
0.815793528919511,0.162801811,0.4283071565,0.398418636,0.0,1564.0
0.805918621282146,0.13050544549999998,0.4708762105,0.4411531945,0.0,1564.0
0.8024650890322833,0.082572982,0.449875411,0.456632835,0.0,1564.0
0.8041726261225542,0.048730557,0.413608413,0.457128579,0.0,1564.0
0.8089280377316767,0.0025281,0.4088027066666666,0.4732788743333334,0.0,1564.0
0.7712103712084977,0.0,0.40155516550000003,0.4676884985,0.0,1564.0
0.654771578821758,0.0,0.40956628900000003,0.459899836,0.0,1564.0
0.5908651771560889,0.0,0.4130295475,0.46727133249999997,0.0,1564.0
0.5883273040241955,0.0,0.414487256,0.4455969715,0.0,1564.0
0.6529680978383248,0.0,0.4465822525,0.4358490615,0.0,1564.0
0.7599257526673224,0.007626039,0.486140574,0.487082602,0.0,1564.0
0.8085599733908383,0.063550677,0.533987309,0.534675824,0.0,1564.0
0.8271427212064191,0.109109433,0.603692995,0.58084583,0.0,1564.0
0.8272238408139134,0.19569874650000002,0.636115888,0.6064021095000001,0.0,1564.0
0.8161580306536066,0.272867647,0.6461976869999999,0.6323486915,0.0,1564.0
0.8041680648298394,0.25994071350000003,0.5646697315,0.607104279,0.0,1564.0
0.8018775753135152,0.173578192,0.480645875,0.576040302,0.0,1564.0
0.8044319049018112,0.106692652,0.408715987,0.549425142,0.0,1564.0
0.8093350371503509,0.007592553,0.366119964,0.517426231,0.0,1564.0
0.8017175421504509,0.0,0.31559991633333334,0.4472918303333333,0.0,1564.0
0.6654481466597127,0.0,0.2502086355,0.35369947150000003,0.0,1564.0
0.5880732126450678,0.0,0.22830283633333334,0.293918122,0.0,1564.0
0.6533606829089587,0.0,0.2106746615,0.269155141,0.0,1564.0
0.7615062888044467,0.004660024,0.204870464,0.25764408,0.0,1564.0
0.8139474087323753,0.088089872,0.196218175,0.251621502,0.0,1564.0
0.8374552007341524,0.18416882,0.182824485,0.254659188,0.0,1564.0
0.8322454774026329,0.3002409275,0.1873415595,0.23829576,0.0,1564.0
0.8207642757755937,0.34981184099999996,0.202114216,0.232737152,0.0,1564.0
0.808307313037257,0.2800917125,0.197351426,0.219915886,0.0,1564.0
0.8065786685900826,0.196382209,0.170354416,0.217609677,0.0,1564.0
0.8109361438073717,0.09442313,0.159414856,0.213289565,0.0,1564.0
0.8098835784996892,0.00194120425,0.171668516,0.2248694195,0.0,1564.0
0.7116754639252265,0.0,0.1910066835,0.24609380549999998,0.0,1564.0
0.5953696872793167,0.0,0.2148496305,0.2720825845,0.0,1564.0
0.5583202068531791,0.0,0.2441964533333333,0.3383351106666666,0.0,1564.0
0.564202215590538,0.0,0.28990588500000003,0.4016688695,0.0,1564.0
0.6141496443556514,0.002192143,0.315046658,0.441301687,0.0,1564.0
0.6697754479395348,0.090551381,0.314856688,0.471049398,0.0,1564.0
0.725337706242952,0.2068422,0.29842434,0.510849009,0.0,1564.0
0.7372766928612478,0.316197317,0.309740933,0.54016846,0.0,1564.0
0.736730968759109,0.397428154,0.34741840850000005,0.5895135925,0.0,1564.0
0.7331109041501436,0.41135350849999996,0.3838605345,0.6666042985,0.0,1564.0
0.7341438379978374,0.372724751,0.38665932,0.696053734,0.0,1564.0
0.7437167159124135,0.304492985,0.368399947,0.695085382,0.0,1564.0
0.7479716064089185,0.208951184,0.341178031,0.680812931,0.0,1564.0
0.755417530838453,0.012694244,0.31734126100000004,0.6523698410000001,0.0,1564.0
0.7342106029508313,0.0,0.29892017449999997,0.6071816325,0.0,1564.0
0.6466602408397021,0.0,0.30862802725,0.552956413,0.0,1564.0
0.5793841878414734,0.0,0.403386976,0.51939011575,0.0,1564.0
0.6116919293693979,0.003283282,0.5015690555,0.5186555865,0.0,1564.0
0.685683483504397,0.099463502,0.553437396,0.535804842,0.0,1564.0
0.7331694185067275,0.15691588,0.584556311,0.558335592,0.0,1564.0
0.7353145276897937,0.2637766155,0.6240044505,0.5720627469999999,0.0,1564.0
0.7206912144046628,0.3554419735,0.683756936,0.576639907,0.0,1564.0
0.7083932488068405,0.271153241,0.7208310035,0.585020313,0.0,1564.0
0.7144001045816788,0.142402121,0.721496134,0.597633915,0.0,1564.0
0.7340553845868463,0.039469641,0.726359487,0.6030531285,0.0,1564.0
0.7307632120731448,0.0,0.7608707476666666,0.6340413256666667,0.0,1564.0
0.6897991648640984,0.0,0.767555764,0.6849078545,0.0,1564.0
0.6126678469569422,0.0,0.7322482525,0.6860579474999999,0.0,1564.0
0.5878264848937155,0.0,0.6813922616666668,0.6635956563333333,0.0,1564.0
0.6537812395088252,0.0,0.628516565,0.6302180454999999,0.0,1564.0
0.765521845136604,0.003872673,0.60668446,0.62115477,0.0,1564.0
0.8149218282234852,0.067223226,0.592898122,0.626910367,0.0,1564.0
0.8314082100503172,0.19869196249999999,0.601448992,0.6462157079999999,0.0,1564.0
0.822431476676728,0.28691973800000004,0.659043109,0.680851613,0.0,1564.0
0.8138441085662936,0.23787569600000003,0.692865288,0.7164290275,0.0,1564.0
0.8121247657176939,0.1528220265,0.7160202419999999,0.7333834295,0.0,1564.0
0.8149953456089789,0.062055334,0.715758197,0.728813315,0.0,1564.0
0.813178903660014,0.0012311120000000001,0.7386736690000001,0.7094046596666667,0.0,1564.0
0.7413989330205601,0.0,0.7534627669999999,0.7197195783333333,0.0,1564.0
0.5976662943353848,0.0,0.7628456870000001,0.723655137,0.0,1564.0
0.6893878427019507,0.0014976036666666667,0.7554717336666666,0.7176292196666667,0.0,1564.0
0.8090720019965111,0.11456066,0.749476533,0.720219809,0.0,1564.0
0.8235088385100573,0.2850099575,0.7208391574999999,0.688568901,0.0,1564.0
0.8111697764739082,0.4182780582500001,0.683717506,0.63229462375,0.0,1564.0
0.8002096588996077,0.3011965555,0.6000357245,0.578937994,0.0,1564.0
0.8025288577924087,0.146341749,0.568940805,0.571336093,0.0,1564.0
0.8127156779871827,0.0032816595,0.564668972,0.576864948,0.0,1564.0
0.8004117424730459,0.0,0.5582773225,0.5980649085,0.0,1564.0
0.7554562125223844,0.0,0.54500765,0.622495193,0.0,1564.0
0.6357019493051901,0.0,0.5564085963333333,0.6136511943333334,0.0,1564.0
0.5880672352389458,0.0,0.5234297236666667,0.6015474183333334,0.0,1564.0
0.6538282611945252,0.0,0.531084042,0.6158015944999999,0.0,1564.0
0.7634214993610888,0.004456627,0.551399734,0.666010377,0.0,1564.0
0.8068477854675423,0.195039241,0.555175563,0.703040841,0.0,1564.0
0.8191791335418614,0.377412642,0.552625729,0.732394523,0.0,1564.0
0.8141948816858274,0.540026148,0.532864708,0.72943894,0.0,1564.0
0.810888026585517,0.708007921,0.569099381,0.764232417,0.0,1564.0
0.804551750862178,0.7548548145,0.6068706625,0.7949953985,0.0,1564.0
0.7979284708469065,0.62930985,0.61730972,0.815286852,0.0,1564.0
0.7953820117641633,0.470744207,0.673778386,0.840779772,0.0,1564.0
0.7972386408258578,0.261714058,0.711675687,0.86688864,0.0,1564.0
0.7985776962603153,0.0098432,0.737676906,0.882158834,0.0,1564.0
0.79330438300188,0.0,0.7476057420000001,0.8922162953333334,0.0,1564.0
0.7178862815282703,0.0,0.7227787915,0.878694334,0.0,1564.0
0.5969497852424646,0.0,0.706186268,0.8890303235999999,0.0,1564.0
0.6519832812799613,0.0,0.719272801,0.9074787275,0.0,1564.0
0.7550084893788925,0.001995099,0.718816868,0.915155267,0.0,1564.0
0.7960650445488192,0.076285481,0.690811172,0.914126693,0.0,1564.0
0.815592563284174,0.178940429,0.6745628395000001,0.8902543940000001,0.0,1564.0
0.8155437752184878,0.23867774549999998,0.6353199585,0.853516531,0.0,1564.0
0.8104574306747835,0.26709985599999997,0.6235088785,0.78638164,0.0,1564.0
0.8031207539256984,0.266942343,0.608747149,0.673565792,0.0,1564.0
0.8028706872047059,0.232529264,0.571986681,0.590139568,0.0,1564.0
0.8089755885621489,0.050191674,0.51229828,0.5767385119999999,0.0,1564.0
0.7978670274358182,0.0,0.5417081695,0.687546172,0.0,1564.0
0.6884704096692039,0.0,0.5664371336666666,0.7830978853333334,0.0,1564.0
0.5894930522651037,0.0,0.7059172517500001,0.8181167042500002,0.0,1564.0
0.6520774363911908,0.0,0.892988715,0.890760244,0.0,1564.0
0.7547524302721632,0.0,0.926877222,0.921724738,0.0,1564.0
0.7964446163827126,0.037582447,0.928513091,0.923941228,0.0,1564.0
0.8141712703041211,0.090779276,0.926722486,0.906147824,0.0,1564.0
0.8175304462300902,0.138173959,0.916982458,0.888474447,0.0,1564.0
0.8157314147320666,0.1506277,0.901899887,0.855278249,0.0,1564.0
0.8045099389785538,0.118309947,0.8885902889999999,0.8667429165,0.0,1564.0
0.8006299248139758,0.080594647,0.867385765,0.907573886,0.0,1564.0
0.8006286727340987,0.045922395,0.874777617,0.914256415,0.0,1564.0
0.7931446703598384,0.000669182,0.8620371345,0.9063943520000001,0.0,1564.0
0.6514695980678696,0.0,0.68602064775,0.8401288339999999,0.0,1564.0
0.5540408700751146,0.0,0.5334646493333333,0.7131883910000001,0.0,1564.0
0.5693203848882404,0.0,0.4233552893333333,0.590318612,0.0,1564.0
0.6390374094869713,0.024654324,0.357907657,0.525148529,0.0,1564.0
0.687346167781758,0.068549606,0.338748336,0.557305001,0.0,1564.0
0.692370442874435,0.147557563,0.36768820700000004,0.6478419475,0.0,1564.0
0.6847478797715185,0.2034948475,0.4860721145,0.7708426595,0.0,1564.0
0.6804762195962147,0.154198816,0.587762967,0.806638012,0.0,1564.0
0.682381905142099,0.082451764,0.600548347,0.817158205,0.0,1564.0
0.6868329765015668,0.028901805,0.583999598,0.837519406,0.0,1564.0
0.6890019654398593,0.0004444403333333333,0.613327313,0.83534583,0.0,1564.0
0.6857184534826868,0.0,0.5854443,0.7297323330000001,0.0,1564.0
0.6394996884976276,0.0,0.43432788899999997,0.5692428025,0.0,1564.0
0.5616805156968641,0.0,0.32641003333333335,0.5097238616666667,0.0,1564.0
0.5571156801006489,0.0,0.18976197233333333,0.35653113200000003,0.0,1564.0
0.602547210276689,0.0,0.158705945,0.279823152,0.0,1564.0
0.6622492087531621,0.047926651,0.16026679,0.29316494,0.0,1564.0
0.7198526502360527,0.133698523,0.148568426,0.319942677,0.0,1564.0
0.7305526617560018,0.26856773399999995,0.13038717633333333,0.29914450633333334,0.0,1564.0
0.7264268738346102,0.36199529750000004,0.177319237,0.3090560805,0.0,1564.0
0.7282661969203045,0.334917915,0.168899613,0.303446786,0.0,1564.0
0.7414475571651761,0.278258676,0.153279775,0.326872361,0.0,1564.0
0.7474587729525896,0.160015879,0.154073641,0.352337428,0.0,1564.0
0.7482386812005081,0.0006965516666666668,0.17127269433333334,0.39072785633333335,0.0,1564.0
0.7006896928158741,0.0,0.19916658133333334,0.43140597833333333,0.0,1564.0
0.6137634092921895,0.0,0.20588513800000002,0.4327378105,0.0,1564.0
0.589035543182158,0.0,0.21709296866666664,0.3910402753333333,0.0,1564.0
0.6551323689851636,0.0,0.2233749,0.3639181385,0.0,1564.0
0.772705628870741,0.0,0.218201105,0.363043392,0.0,1564.0
0.8249178786375118,0.062785255,0.221921074,0.352243307,0.0,1564.0
0.84804922914004,0.187141584,0.221356228,0.339626663,0.0,1564.0
0.8414759147321283,0.374353619,0.192966135,0.29090329266666665,0.0,1564.0
0.8346126147065709,0.45023595400000005,0.18424792350000002,0.2667618665,0.0,1564.0
0.8332441791867566,0.3337252,0.1711324025,0.2427206005,0.0,1564.0
0.8387486133721991,0.05442017400000001,0.21232167633333335,0.25012853333333335,0.0,1564.0
0.8060263932681078,0.0,0.2712540915,0.2699609725,0.0,1564.0
0.6881808414789928,0.0,0.3364515606666667,0.314719247,0.0,1564.0
0.5900450258355582,0.0,0.4265460925,0.38346122025,0.0,1564.0
0.6529955998038659,0.0,0.497940414,0.449888532,0.0,1564.0
0.7599910419258283,0.0,0.539691434,0.486876366,0.0,1564.0
0.8097657672028605,0.039246195,0.558210288,0.507214736,0.0,1564.0
0.8271427212064191,0.082494883,0.568916133,0.529980453,0.0,1564.0
0.8239234251936094,0.18611144266666668,0.5976389996666667,0.6055605113333334,0.0,1564.0
0.812067436437575,0.258723517,0.625390787,0.6767990125000001,0.0,1564.0
0.8074062768573402,0.23349356799999998,0.5688232135,0.674261558,0.0,1564.0
0.8144385089268135,0.04281580566666666,0.5279103633333334,0.6573550396666666,0.0,1564.0
0.8027709646024899,0.0,0.5079162214999999,0.630302965,0.0,1564.0
0.6657834582864044,0.0,0.41206812800000003,0.5186210057499999,0.0,1564.0
0.5880138560787586,0.0,0.305742746,0.3722665756666667,0.0,1564.0
0.6908824892363944,0.0,0.23450224066666667,0.29052243466666666,0.0,1564.0
0.8197194243622656,0.045268264,0.225161589,0.239947908,0.0,1564.0
0.8371201238893065,0.23266369,0.214971423,0.2147314735,0.0,1564.0
0.8273606798652627,0.4096653926666667,0.23430541066666666,0.196401806,0.0,1564.0
0.8182342283453599,0.35550090199999995,0.232927468,0.223863227,0.0,1564.0
0.8188697699480998,0.244600002,0.216530242,0.250785333,0.0,1564.0
0.8299086892256811,0.03974057966666667,0.21671292266666667,0.2966060206666667,0.0,1564.0
0.8059867277878514,0.0,0.244105246,0.3285999695,0.0,1564.0
0.7163946459638824,0.0,0.2234838405,0.341495198,0.0,1564.0
0.6140350080624086,0.0,0.1896320325,0.34423350399999997,0.0,1564.0
0.5942196278682728,0.0,0.16410064466666668,0.34601237933333334,0.0,1564.0
0.7117081011321478,0.0,0.14411685233333335,0.323333777,0.0,1564.0
0.8385171794477145,0.125319697,0.133791243,0.33258881,0.0,1564.0
0.852156548163502,0.275813796,0.113010234,0.321458252,0.0,1564.0
0.8453072600381653,0.45764629749999997,0.107195314,0.29006528649999996,0.0,1564.0
0.8305571246780808,0.5830907750000001,0.1245536445,0.2725396075,0.0,1564.0
0.8223228102997997,0.4284060795,0.132778915,0.25638323799999996,0.0,1564.0
0.8316128873912957,0.252878054,0.123515305,0.253881387,0.0,1564.0
0.8449263166923303,0.036622718666666665,0.16272446299999999,0.28044401166666666,0.0,1564.0
0.8059532782404665,0.0,0.22979285,0.30752194850000003,0.0,1564.0
0.6923237416310362,0.0,0.29284430466666667,0.28465216433333335,0.0,1564.0
0.6010949161065666,0.0,0.36047492049999996,0.30834063850000004,0.0,1564.0
0.6804208132398044,0.0,0.4081492035,0.3578032215,0.0,1564.0
0.7892560031397844,0.0,0.425107548,0.377048352,0.0,1564.0
0.8385141385859046,0.081776965,0.423335853,0.372669962,0.0,1564.0
0.8517027432289144,0.19984399600000002,0.362433026,0.334717565,0.0,1564.0
0.8346461984632076,0.34517540550000003,0.32421922550000004,0.292062634,0.0,1564.0
0.8223986531692817,0.352671516,0.277229763,0.254495486,0.0,1564.0
0.8175342920100319,0.2088072715,0.21126601,0.2047770765,0.0,1564.0
0.8360148427529691,0.020935466666666666,0.16947506666666667,0.15134594733333337,0.0,1564.0
0.8065682044519412,0.0,0.196816478,0.1722444185,0.0,1564.0
0.6797795477597991,0.0,0.2622785683333333,0.24164565233333332,0.0,1564.0
0.5651688540151922,0.0,0.300453922,0.2821698665,0.0,1564.0
0.5808164630721561,0.0,0.36566573266666663,0.3453712873333334,0.0,1564.0
0.6922253531592001,0.1099795515,0.440297366,0.391264159,0.0,1564.0
0.7098692550999527,0.282240635,0.3895710405,0.39005326549999997,0.0,1564.0
0.6926032034394921,0.33613792899999995,0.4098222793333333,0.41172434866666663,0.0,1564.0
0.6881126678574156,0.1901703415,0.407865617,0.409596483,0.0,1564.0
0.7007013495202878,0.051730009,0.417306811,0.413499647,0.0,1564.0
0.7136225365724442,0.0,0.40690826466666663,0.39805045133333333,0.0,1564.0
0.7041749604593599,0.0,0.3824003535,0.3737255095,0.0,1564.0
0.6413126498903529,0.0,0.384189646,0.3812574535,0.0,1564.0
0.5628619974590702,0.0,0.40019359966666673,0.40195389966666667,0.0,1564.0
0.556311049842795,0.0,0.4188552035,0.414443464,0.0,1564.0
0.5833449526899237,0.0,0.430610214,0.443099513,0.0,1564.0
0.685936166259925,0.084615042,0.44146806,0.4831555315,0.0,1564.0
0.7094122528273086,0.199551162,0.441235881,0.48506107600000004,0.0,1564.0
0.6997778197618145,0.342009558,0.4842491605,0.4944264785,0.0,1564.0
0.6906656782949463,0.357451561,0.536824009,0.513016914,0.0,1564.0
0.6962405294005001,0.211920077,0.574525027,0.540363545,0.0,1564.0
0.7100237580186403,0.077839457,0.595772216,0.573606484,0.0,1564.0
0.7223045740829712,0.0,0.610286685,0.7019705092499999,0.0,1564.0
0.6900001304994354,0.0,0.604270005,0.809648602,0.0,1564.0
0.6055925209422458,0.0,0.5582869536666667,0.8024035763333334,0.0,1564.0
0.5984241950460149,0.0,0.5094163635,0.800676953,0.0,1564.0
0.7198023864308949,0.0,0.4651780753333334,0.7512700250000001,0.0,1564.0
0.841284459240394,0.122603076,0.423963776,0.699376202,0.0,1564.0
0.8553238810395638,0.4432643885,0.3804591295,0.6316444665000001,0.0,1564.0
0.8426962719461062,0.598949426,0.47959321050000003,0.573091359,0.0,1564.0
0.8328290559361005,0.5305794745,0.5330328745,0.5202582155,0.0,1564.0
0.829468717335613,0.429730775,0.553593269,0.509595921,0.0,1564.0
0.836443307104998,0.304087311,0.565812341,0.512094685,0.0,1564.0
0.8499058582017345,0.112851318,0.579832396,0.532584245,0.0,1564.0
0.8527615915403565,0.0,0.6186139035,0.5775892455,0.0,1564.0
0.8062511492308202,0.0,0.6682994170000001,0.609314636,0.0,1564.0
0.6900457137822413,0.0,0.7220379983333333,0.6623759976666667,0.0,1564.0
0.594524035188815,0.0,0.7650727255,0.7120663645,0.0,1564.0
0.5997387446853079,0.0,0.7966589079999999,0.739544681,0.0,1564.0
0.731838054767105,0.0,0.804383354,0.768133665,0.0,1564.0
0.8363369661445823,0.116419625,0.803662147,0.7898216285,0.0,1564.0
0.8402610728054042,0.333049796,0.7645481535,0.763907825,0.0,1564.0
0.8245553891874998,0.37979570733333334,0.7425407446666666,0.7635723953333334,0.0,1564.0
0.817973965769778,0.279439124,0.699560437,0.758365411,0.0,1564.0
0.8196582492347292,0.184663807,0.709646048,0.760796573,0.0,1564.0
0.8270098173403703,0.063403777,0.725984807,0.76032171,0.0,1564.0
0.8163286547079944,0.0,0.7379449012500001,0.76613687975,0.0,1564.0
0.7181951532238694,0.0,0.6593437165,0.7278396945000001,0.0,1564.0
0.5998071641997366,0.0,0.58536489825,0.6919409304999999,0.0,1564.0
0.6037124667543863,0.0,0.5084927939999999,0.6024445005,0.0,1564.0
0.7287482639346718,0.0,0.4803653275,0.5678290235,0.0,1564.0
0.8207484900280713,0.058430542,0.472171146,0.548558193,0.0,1564.0
0.8445765572608758,0.154914268,0.463395314,0.521565049,0.0,1564.0
0.8415185166667292,0.247345098,0.396186533,0.418897026,0.0,1564.0
0.8308705577338706,0.38499692733333335,0.41520322033333334,0.39847824133333337,0.0,1564.0
0.8209324625724259,0.34751689900000005,0.45151024949999996,0.396556921,0.0,1564.0
0.8306700839292205,0.12719147549999998,0.487193598,0.439375423,0.0,1564.0
0.8441002140787901,0.0,0.4966819555,0.511421093,0.0,1564.0
0.8062802162962077,0.0,0.500977533,0.548039948,0.0,1564.0
0.6883035941593939,0.0,0.44828397533333336,0.525999091,0.0,1564.0
0.5926951316060585,0.0,0.432452551,0.507548605,0.0,1564.0
0.700115952470577,0.0,0.366889654,0.48071229033333335,0.0,1564.0
0.833203708855844,0.069722249,0.306138375,0.450198486,0.0,1564.0
0.8515867430484892,0.173013357,0.275294263,0.414959616,0.0,1564.0
0.8459713022699265,0.2783909603333334,0.31849284233333336,0.3527676816666667,0.0,1564.0
0.8368364287427359,0.20011907699999998,0.367639245,0.3637007335,0.0,1564.0
0.834083235321005,0.115996502,0.37879192,0.380816226,0.0,1564.0
0.8404661972406523,0.064486005,0.400946787,0.397525813,0.0,1564.0
0.8427423768388933,0.014320197,0.433894383,0.422628891,0.0,1564.0
0.8408206373294103,0.0,0.4776404345,0.47541306250000004,0.0,1564.0
0.8058967986148967,0.0,0.5294720335,0.5586768595,0.0,1564.0
0.716829959778529,0.0,0.5524771555000001,0.6556448109999999,0.0,1564.0
0.6129438058072121,0.0,0.5843670830000001,0.716348964,0.0,1564.0
0.5874575932552908,0.0,0.599650399,0.7615141965000001,0.0,1564.0
0.6051617311961962,0.0,0.6127835765,0.7973486465,0.0,1564.0
0.7382602350052634,0.0,0.6260675955,0.842783489,0.0,1564.0
0.8497590915793476,0.143521821,0.6345230225,0.8624115395,0.0,1564.0
0.861206083544763,0.4454964385,0.648395107,0.8791635805,0.0,1564.0
0.8540058881581166,0.541758864,0.734410993,0.8861266795,0.0,1564.0
0.8511292712121532,0.469092818,0.7748600165,0.896672597,0.0,1564.0
0.8627373397180387,0.272726491,0.787283648,0.905212019,0.0,1564.0
0.8662565189827939,0.023625536,0.7598992779999999,0.9112406613333334,0.0,1564.0
0.809062119161891,0.0,0.7401287505,0.9044568964999999,0.0,1564.0
0.714185812757108,0.0,0.728456445,0.887121569,0.0,1564.0
0.6032945186992476,0.0,0.7030940623333333,0.8777917430000001,0.0,1564.0
0.5811131788103231,0.0,0.6646900600000001,0.8789895135,0.0,1564.0
0.6039707243782485,0.0,0.658738098,0.8781156156666666,0.0,1564.0
0.70076744362945,0.070410711,0.652947159,0.870344193,0.0,1564.0
0.7627337264730005,0.4107584625,0.5851050124999999,0.8291705985,0.0,1564.0
0.761150373021201,0.6136509415,0.6152540989999999,0.785002293,0.0,1564.0
0.7576626309747633,0.555842827,0.6826744275000001,0.790616719,0.0,1564.0
0.7655703202497967,0.425071916,0.681759127,0.818455897,0.0,1564.0
0.7805902433311722,0.291952207,0.688178225,0.837442376,0.0,1564.0
0.7868483209667304,0.024964598666666667,0.6903309033333334,0.8712793946666667,0.0,1564.0
0.7460984314179868,0.0,0.6435538795,0.8737186105,0.0,1564.0
0.6669215480068033,0.0,0.5466747923333334,0.7919269143333333,0.0,1564.0
0.5966958301845795,0.0,0.5301840265000001,0.7602661777499999,0.0,1564.0
0.5796907305330996,0.0,0.470645334,0.7319177263333333,0.0,1564.0
0.630273357899262,0.049971876,0.402649876,0.690514627,0.0,1564.0
0.6857014155878116,0.324166414,0.343998594,0.656937078,0.0,1564.0
0.7427596695356673,0.548720965,0.2695034785,0.5641618995,0.0,1564.0
0.7403439007097656,0.631075585,0.25289783849999997,0.5235159684999999,0.0,1564.0
0.7358613921319803,0.558666517,0.235227832,0.490227992,0.0,1564.0
0.7358778486558586,0.45545811,0.206497668,0.473540033,0.0,1564.0
0.7476851834879827,0.328302512,0.185272849,0.475270215,0.0,1564.0
0.7797204654239038,0.0353834545,0.19559175,0.4917597025,0.0,1564.0
0.7774832209259911,0.0,0.23980694233333333,0.5439380676666666,0.0,1564.0
0.6808699316736894,0.0,0.31960394540000003,0.5471992038,0.0,1564.0
0.6178531837229341,0.0,0.36318042199999995,0.5219682213333333,0.0,1564.0
0.700912421469904,0.0,0.383314888,0.5485903569999999,0.0,1564.0
0.8029159425104195,0.05778926,0.41101149,0.562198863,0.0,1564.0
0.8604493544964203,0.318574566,0.4046063755,0.538594171,0.0,1564.0
0.8669709442718417,0.5018323179999999,0.4060983673333333,0.5100510943333334,0.0,1564.0
0.8621953495885364,0.432188416,0.392260077,0.500196222,0.0,1564.0
0.8630988453267416,0.2732080295,0.39170374750000003,0.5226969505,0.0,1564.0
0.8833466773294156,0.0067330613333333325,0.4351731486666666,0.5902855166666666,0.0,1564.0
0.8503108750706356,0.0,0.416870516,0.6116683905,0.0,1564.0
0.7802367870387394,0.0,0.3591106465,0.577762842,0.0,1564.0
0.6424788453604822,0.0,0.31384374574999996,0.49214654599999996,0.0,1564.0
0.6153352924075759,0.0,0.304947239,0.4716807985,0.0,1564.0
0.6965924205256107,0.0,0.3325999745,0.4685609045,0.0,1564.0
0.8243632778315487,0.068992543,0.328640394,0.4777664065,0.0,1564.0
0.8677624197288476,0.2433271305,0.275523343,0.44736571999999997,0.0,1564.0
0.860938308264999,0.2967668403333333,0.245024519,0.4120430656666667,0.0,1564.0
0.8566704492231872,0.167604761,0.2066802965,0.3931610595,0.0,1564.0
0.8722106291046989,0.009956214,0.1886274825,0.3818929435,0.0,1564.0
0.8517629345826178,0.0,0.18250208133333334,0.37518531133333327,0.0,1564.0
0.7938087199577015,0.0,0.178769127,0.385754809,0.0,1564.0
0.6655729854471579,0.0,0.2047868176,0.41347826899999995,0.0,1564.0
0.6171967958494304,0.0,0.2545229205,0.4595211115,0.0,1564.0
0.7006210794323913,0.0,0.2876352035,0.5194920515,0.0,1564.0
0.8024555192176325,0.038104468,0.315689434,0.550766595,0.0,1564.0
0.8565964846084726,0.23954541000000001,0.315800693,0.56277541,0.0,1564.0
0.852651673083551,0.3844339355,0.3319403395,0.5697240025,0.0,1564.0
0.8443924058383279,0.3453282145,0.363264936,0.546118078,0.0,1564.0
0.8412196172111089,0.25653799,0.331196263,0.525629118,0.0,1564.0
0.8498112783307061,0.08803113550000001,0.3172870445,0.518210755,0.0,1564.0
0.8579932270119597,0.0,0.31804304699999997,0.503042745,0.0,1564.0
0.837954797676509,0.0,0.3009159325,0.4494767285,0.0,1564.0
0.7194764097807783,0.0,0.23118033200000002,0.36556658025,0.0,1697.5
0.6212098032179403,0.0,0.1779009675,0.3692328025,0.0,1831.0
0.6308768809126873,0.0,0.16508742799999998,0.363700291,0.0,1831.0
0.7471996283151088,0.0,0.1718513365,0.393264083,0.0,1831.0
0.8594200204795869,0.008098393,0.186859631,0.41487737,0.0,1831.0
0.8884843738820681,0.16228845,0.181119466,0.41151288,0.0,1831.0
0.9016583107156567,0.291946252,0.134359741,0.359858759,0.0,1831.0
0.8956998629831231,0.422234212,0.14399853299999998,0.37782462650000004,0.0,1831.0
0.89034842628757,0.4521963505,0.21149110850000002,0.411373761,0.0,1831.0
0.8918859430626587,0.312943972,0.24356458250000002,0.4345167835,0.0,1831.0
0.9246719021475807,0.011407141,0.27111475133333335,0.5251538976666666,0.0,1831.0
0.8523243921835624,0.0,0.270349752,0.5573879396666667,0.0,1831.0
0.6883732434867047,0.0,0.28249904550000005,0.5049569775,0.0,1831.0
0.638361978924316,0.0,0.258199258,0.44597077350000003,0.0,1831.0
0.6646019467336581,0.0,0.251429211,0.389126807,0.0,1831.0
0.7845488951430094,0.0,0.228454344,0.344957395,0.0,1831.0
0.8988145172771396,0.164345079,0.214654234,0.2599898085,0.0,1831.0
0.9069298800185444,0.441327234,0.1952423735,0.1960655605,0.0,1831.0
0.8901865894304339,0.489525212,0.264775832,0.2402739735,0.0,1831.0
0.8856959867999613,0.304642497,0.3532931755,0.34962659,0.0,1831.0
0.8913794596135017,0.116859305,0.42103083,0.423059364,0.0,1831.0
0.9215361107848423,0.001241778,0.5313803483333333,0.487555722,0.0,1831.0
0.8440483702391549,0.0,0.7071815463333334,0.6233561106666666,0.0,1831.0
0.7111634577215002,0.0,0.8070638944999999,0.7265408295,0.0,1831.0
0.6005891593036802,0.0,0.8464965254999999,0.810041971,0.0,1831.0
0.5988722163423207,0.0,0.8739387479999999,0.8705740670000001,0.0,1831.0
0.6560741885834379,0.013890516,0.880850473,0.897076559,0.0,1831.0
0.7185244614325403,0.1115816675,0.878047903,0.9136141415000001,0.0,1831.0
0.7388368820256106,0.17586328950000002,0.8929846825,0.920123991,0.0,1831.0
0.7326912866776606,0.1546032055,0.889369933,0.916921586,0.0,1831.0
0.730571443583933,0.120451231,0.884376486,0.910294663,0.0,1831.0
0.7491175220446499,0.0442245885,0.8768274885,0.9123628180000001,0.0,1831.0
0.7601194470491757,0.0,0.8722173686,0.9186634622,0.0,1831.0
0.6692345160995773,0.0,0.8666485280000001,0.9212721076666667,0.0,1831.0
0.5875988036214022,0.0,0.8070296092499999,0.85913507825,0.0,1831.0
0.6043492156331102,0.0,0.704057714,0.766831756,0.0,1831.0
0.6563900364610991,0.004127942,0.662189932,0.732853503,0.0,1831.0
0.7229859969301498,0.16062147000000002,0.6084144005000001,0.674049702,0.0,1831.0
0.7482597511758502,0.324174473,0.521241536,0.565058042,0.0,1831.0
0.7450771915213166,0.2945409835,0.40878392799999996,0.467098963,0.0,1831.0
0.7482344627520408,0.1480753725,0.3243527495,0.4243877615,0.0,1831.0
0.7762249870136895,0.0020471465,0.300601144,0.462516877,0.0,1831.0
0.7683464841686319,0.0,0.2931262886666666,0.5442498643333332,0.0,1831.0
0.7106036099568191,0.0,0.2565819086666667,0.518142903,0.0,1831.0
0.621318961493031,0.0,0.2654611185,0.525502819,0.0,1831.0
0.6950668287159959,0.0,0.22880869033333331,0.4662901873333334,0.0,1831.0
0.8520554392721569,0.034350577,0.2081297245,0.450569597,0.0,1831.0
0.8730821658571624,0.12435884200000001,0.16709591999999998,0.378746997,0.0,1831.0
0.8555531536260494,0.142613343,0.13998086999999998,0.32664529649999996,0.0,1831.0
0.8517433477690789,0.104088764,0.157392972,0.335693363,0.0,1831.0
0.8694521588774802,0.036114435,0.2015997335,0.416534045,0.0,1831.0
0.866945924176568,0.0,0.31434359375,0.5515605795,0.0,1831.0
0.7431877984882725,0.0,0.38488274800000005,0.5889059276666666,0.0,1831.0
0.6205367651426856,0.0,0.47240744225,0.64591918375,0.0,1831.0
0.6925786827546805,0.0,0.594047726,0.7469151976666666,0.0,1831.0
0.8370029163654213,0.0411405735,0.6831997975,0.8093316845,0.0,1831.0
0.8631562044761226,0.127979941,0.723651582,0.8338607656666667,0.0,1831.0
0.8513555476057705,0.139040065,0.743638601,0.870350196,0.0,1831.0
0.8483614994538355,0.1065209075,0.7500447895,0.906014446,0.0,1831.0
0.8625594190955176,0.0024093006666666664,0.7300136496666667,0.9149544893333333,0.0,1831.0
0.8440943112333636,0.0,0.701001245,0.8868719435000001,0.0,1831.0
0.774074198599807,0.0,0.651764856,0.829798182,0.0,1831.0
0.6386544053307479,0.0,0.5609252742499999,0.7838806982500001,0.0,1831.0
0.620664436872188,0.0,0.532251893,0.783783563,0.0,1831.0
0.7228314939439864,0.0,0.5967505315,0.783238126,0.0,1831.0
0.8387350934376168,0.018279796,0.6812205315,0.830636454,0.0,1831.0
0.8715558287554801,0.11297319099999999,0.719318474,0.7725179966666667,0.0,1831.0
0.8722328990011692,0.214112884,0.740006218,0.7754497229999999,0.0,1831.0
0.8728196078018056,0.189878427,0.705560245,0.79484645,0.0,1831.0
0.88743518472316,0.059899690500000005,0.6159285864999999,0.8088638385,0.0,1831.0
0.9008976017455961,0.0,0.5398390645,0.805902117,0.0,1831.0
0.8643864295900895,0.0,0.5076802745,0.7326534,0.0,1831.0
0.7715344025442049,0.0,0.4890300755,0.6599806515,0.0,1831.0
0.6402559123011059,0.0,0.514805159,0.7351199924,0.0,1831.0
0.6418399723453854,0.0,0.547684697,0.804218257,0.0,1831.0
0.7409717059487289,0.0,0.586742503,0.7963777045,0.0,1831.0
0.8599773043909733,0.07395393,0.6326665419999999,0.83471343,0.0,1831.0
0.8748993829674568,0.28730648799999997,0.632413042,0.8338273536666666,0.0,1831.0
0.8674680815659424,0.2925823045,0.6516477235,0.8432567075,0.0,1831.0
0.8745858604613244,0.1533368705,0.6162938330000001,0.8404760995,0.0,1831.0
0.8987106656992907,0.0017038663333333332,0.653260049,0.8694376563333334,0.0,1831.0
0.863266406151111,0.0,0.7172836105,0.8874954015000001,0.0,1831.0
0.7708792294814766,0.0,0.7269201495,0.8720827795,0.0,1831.0
0.6349473160219196,0.0,0.7244222324,0.8181402426,0.0,1831.0
0.6989476030622885,0.0,0.76419733,0.844659207,0.0,1831.0
0.8541430849658527,0.056541904000000004,0.806785188,0.8695458585,0.0,1831.0
0.8785303588988007,0.14882381649999998,0.8367901055,0.8986330325,0.0,1831.0
0.8713965259723442,0.153399387,0.889965031,0.925195599,0.0,1831.0
0.8712535157245405,0.0904159565,0.9058628065000001,0.909770258,0.0,1831.0
0.8784686471366845,0.0196056355,0.9068918564999999,0.8602150005,0.0,1831.0
0.8837931632376936,0.0,0.910346481,0.8777808225,0.0,1831.0
0.856375127196481,0.0,0.9101621520000001,0.899910037,0.0,1831.0
0.7713595973216973,0.0,0.8798596155,0.9251247794999999,0.0,1831.0
0.649019194651856,0.0,0.8106354954999999,0.919384692,0.0,1831.0
0.5884004040947138,0.0,0.7117930146666667,0.9017162063333334,0.0,1831.0
0.5948175013627006,0.0,0.598067125,0.8422598729999999,0.0,1831.0
0.6456914782786751,0.00284753,0.5348937155,0.7813944625,0.0,1831.0
0.7078043264644727,0.153046529,0.495084271,0.751883571,0.0,1831.0
0.7500486240209102,0.3439395316666667,0.43470043799999997,0.708781451,0.0,1831.0
0.7497916109871179,0.348526564,0.414217703,0.6880762465,0.0,1831.0
0.7563445933568989,0.192622901,0.39351091699999996,0.6556213435,0.0,1831.0
0.7766820474099381,0.0009810358,0.3603726056,0.6176716040000001,0.0,1831.0
0.7065406667602437,0.0,0.34258964833333333,0.646716228,0.0,1831.0
0.6033642760664681,0.0,0.3583128135,0.67774105075,0.0,1831.0
0.6046682460041647,0.0,0.35325681266666664,0.6501775756666667,0.0,1831.0
0.6875799345225948,0.0547485125,0.40743678149999996,0.655949219,0.0,1831.0
0.7526383409924389,0.3289302863333334,0.4306595203333334,0.662122303,0.0,1831.0
0.7475205741200646,0.3636919875,0.5343162005,0.7689455279999999,0.0,1831.0
0.751461316182958,0.182828143,0.5623167495,0.802704519,0.0,1831.0
0.7742788132828111,0.0005380374,0.5936718195999999,0.8216857574,0.0,1831.0
0.6939856136016713,0.0,0.643306299,0.8324650849999999,0.0,1831.0
0.6147702647325731,0.0,0.6260695233333333,0.8190851363333334,0.0,1831.0
0.6956851982820843,0.0,0.639695955,0.8452674349999999,0.0,1831.0
0.8543461076666744,0.0517005585,0.6774779365000001,0.877303827,0.0,1831.0
0.8698333630507974,0.32153988625,0.6766613395000001,0.874017369,0.0,1831.0
0.8642905080313981,0.297799839,0.705034371,0.889602563,0.0,1831.0
0.8730194107626241,0.128662453,0.676378857,0.882318404,0.0,1831.0
0.893957162079246,0.0010572036666666666,0.6750140486666667,0.8871402063333332,0.0,1831.0
0.8615869075934852,0.0,0.674278165,0.8803788594999999,0.0,1831.0
0.7715989986244086,0.0,0.6598403675,0.8656991105,0.0,1831.0
0.6399251306448894,0.0,0.60849585275,0.8540719720000001,0.0,1831.0
0.6235754872293371,0.0,0.5672396385,0.856428584,0.0,1831.0
0.7716428154372608,0.001170682,0.559515444,0.8367450949999999,0.0,1831.0
0.8799126572424287,0.2401904655,0.5663648565,0.8056910749999999,0.0,1831.0
0.870509620922285,0.423791547,0.6184498896666667,0.796448951,0.0,1831.0
0.8648036993115891,0.31384948450000005,0.630289048,0.7960087044999999,0.0,1831.0
0.8717183661682664,0.124990378,0.633211259,0.780260526,0.0,1831.0
0.8895444146023391,0.0003841063333333333,0.6720269146666668,0.811942679,0.0,1831.0
0.8574128683534468,0.0,0.734330638,0.842248197,0.0,1831.0
0.7716359585972952,0.0,0.7773704674999999,0.8682529800000001,0.0,1831.0
0.6386851718064472,0.0,0.800506014,0.8915224095000001,0.0,1831.0
0.6205086147352594,0.0,0.786060016,0.8895266159999999,0.0,1831.0
0.7534561855872376,0.0006726466666666667,0.7675586346666666,0.8813695836666667,0.0,1831.0
0.8456186806974118,0.067824722,0.76356944,0.877356908,0.0,1831.0
0.8590704994399303,0.14839827700000002,0.7685435085,0.857085312,0.0,1831.0
0.8524473088300176,0.19143006150000003,0.7925527125,0.81785474,0.0,1831.0
0.8494342553255085,0.153803143,0.774246074,0.7957512655,0.0,1831.0
0.8609532442455128,0.073945499,0.756435663,0.789011781,0.0,1831.0
0.8829404828513648,0.0,0.7640162886666667,0.7975735856666667,0.0,1831.0
0.8569083524294643,0.0,0.753730769,0.7738325235,0.0,1831.0
0.7713381994817226,0.0,0.7025879515,0.7500655635,0.0,1831.0
0.638736061572822,0.0,0.6176236075,0.68988486725,0.0,1831.0
0.6207187477599192,0.0,0.5747769734999999,0.6036320755,0.0,1831.0
0.7560320099331662,0.00048807,0.5998989653333333,0.6257224356666666,0.0,1831.0
0.85715358957419,0.1572698385,0.636528348,0.6642749065,0.0,1831.0
0.8553421039096903,0.2524239985,0.692728243,0.697148986,0.0,1831.0
0.8506873614412535,0.17416074,0.691398218,0.688333799,0.0,1831.0
0.8550234611530385,0.085880447,0.64580724,0.657262257,0.0,1831.0
0.870835113062833,0.0006172766666666667,0.5814513823333334,0.614897043,0.0,1831.0
0.8482028376677612,0.0,0.478309216,0.519709311,0.0,1831.0
0.7719429075041371,0.0,0.36775585450000003,0.3838117215,0.0,1831.0
0.6334774049070904,0.0,0.3330409786,0.3472573686,0.0,1831.0
0.691431842993672,0.0,0.3616623736666667,0.41440796366666666,0.0,1831.0
0.8199838010688171,0.0,0.399651414,0.473288267,0.0,1831.0
0.8520548579011599,0.024973666,0.423706701,0.482039922,0.0,1831.0
0.8697885772750376,0.1066778045,0.443067806,0.466253773,0.0,1831.0
0.8679323506386711,0.14755875200000002,0.4640314645,0.499192626,0.0,1831.0
0.8683375911221829,0.10799847700000001,0.46052765549999997,0.534838411,0.0,1831.0
0.8725999496989122,0.045068619,0.463639559,0.541500666,0.0,1831.0
0.8860104185642154,0.00035808600000000003,0.4890569226666667,0.571005895,0.0,1831.0
0.8360501406633674,0.0,0.4906266833333333,0.6036861543333334,0.0,1831.0
0.6603599126940058,0.0,0.48859546125,0.6203843059999999,0.0,1831.0
0.5840788082038041,0.0,0.521429252,0.6769680543333333,0.0,1831.0
0.6070344590928582,0.0,0.5287167755,0.7096121765,0.0,1831.0
0.6607868192673065,0.001239659,0.53059986,0.699829175,0.0,1831.0
0.7272886023581326,0.1214518735,0.511673124,0.687207418,0.0,1831.0
0.7582732195081336,0.294364661,0.498165092,0.697611365,0.0,1831.0
0.7563745101443112,0.373867262,0.500692913,0.7064416505,0.0,1831.0
0.7559311246114481,0.28274188,0.540563619,0.750191641,0.0,1831.0
0.7614177459206211,0.116398829,0.571463165,0.78812883,0.0,1831.0
0.792722056683241,0.0,0.6181059433333335,0.834549653,0.0,1831.0
0.751162248982642,0.0,0.6454012115000001,0.853606795,0.0,1831.0
0.6285482463470116,0.0,0.58781484425,0.8016340317499999,0.0,1831.0
0.5961906547864281,0.0,0.5826230115,0.7948314105000001,0.0,1831.0
0.6183280660776871,0.0,0.597118567,0.7974456505,0.0,1831.0
0.6750585545822477,0.001380521,0.591003641,0.794987053,0.0,1831.0
0.7227881616294571,0.149683808,0.575080412,0.781111437,0.0,1831.0
0.7574981855728992,0.5062550453333333,0.4791367713333334,0.7288988249999999,0.0,1831.0
0.7571883002566966,0.5770092659999999,0.4504672195,0.7264163379999999,0.0,1831.0
0.7560550847027846,0.426024534,0.525125549,0.765415688,0.0,1831.0
0.7621070392396142,0.194353106,0.556205706,0.792180764,0.0,1831.0
0.79851473239583,0.0005616283333333333,0.5864680656666666,0.808896242,0.0,1831.0
0.7809319384667419,0.0,0.5751947234999999,0.813447688,0.0,1831.0
0.6967355538154308,0.0,0.56354039775,0.801371201,0.0,1831.0
0.6207667382398375,0.0,0.5927551993333333,0.8299129603333334,0.0,1831.0
0.6371624903155727,0.0,0.583948512,0.813794941,0.0,1831.0
0.7774746945562216,0.0,0.5935778956666666,0.8384572853333334,0.0,1831.0
0.8876552899877987,0.053164975,0.593456822,0.851586035,0.0,1831.0
0.9032551692348834,0.1870680855,0.5157023384999999,0.807747802,0.0,1831.0
0.9038649975415552,0.24757479699999999,0.636629072,0.839495915,0.0,1831.0
0.9049837688781648,0.125246934,0.5913077455,0.8441233195,0.0,1831.0
0.9219000013911383,0.0,0.6175059136666667,0.8562989593333333,0.0,1831.0
0.869051882179487,0.0,0.6610629690000001,0.8731846425,0.0,1831.0
0.7445077143384121,0.0,0.6450921350000001,0.8690374716666667,0.0,1831.0
0.6319103737631697,0.0,0.6615388125,0.86441304975,0.0,1831.0
0.7186885937694513,0.0,0.6894970646666666,0.874049374,0.0,1831.0
0.8827804198865143,0.0342446965,0.7089334359999999,0.8848343925,0.0,1831.0
0.9161847783842951,0.285710656,0.6999258286666666,0.8500170873333333,0.0,1831.0
0.9174986423350932,0.263646832,0.7624363679999999,0.850503853,0.0,1831.0
0.9189764149407158,0.176798857,0.740680677,0.844583912,0.0,1831.0
0.9320771027398385,0.037493324,0.7212614930000001,0.84547297,0.0,1831.0
0.9397083413339153,0.0,0.6993924025,0.8242593954999999,0.0,1831.0
0.8529175403967294,0.0,0.651706778,0.7461107726666668,0.0,1831.0
0.6736639585686331,0.0,0.5602425724,0.6498683376000001,0.0,1831.0
0.643333709509248,0.0,0.533452193,0.6484149189999999,0.0,1831.0
0.8086576985536341,0.0,0.5330872346666667,0.6675791313333334,0.0,1831.0
0.9183202134127209,0.104768557,0.5349404285,0.705573934,0.0,1831.0
0.922419214768885,0.2454798075,0.522494781,0.697374449,0.0,1831.0
0.9142431689330579,0.2356899595,0.5097066834999999,0.632163408,0.0,1831.0
0.9173228979852018,0.1071118655,0.5059422014999999,0.5973437765,0.0,1831.0
0.9410197009675155,0.0,0.5333550466666667,0.6344147943333334,0.0,1831.0
0.8823807245595185,0.0,0.5029416895000001,0.627437487,0.0,1831.0
0.7808235405083173,0.0,0.44540318450000005,0.602398189,0.0,1831.0
0.6551474123105868,0.0,0.3771933528,0.5466704904,0.0,1831.0
0.6627461225226197,0.0,0.37783942,0.562209205,0.0,1831.0
0.8159282512793111,0.0,0.3862247163333334,0.5631890786666667,0.0,1831.0
0.9159039750231273,0.063958765,0.390177759,0.54151615,0.0,1831.0
0.9258672616007558,0.23854429433333335,0.34324043233333335,0.494365011,0.0,1831.0
0.9156789955132802,0.234914016,0.336370119,0.432099297,0.0,1831.0
0.9162539432245291,0.14829047,0.351266488,0.437666559,0.0,1831.0
0.9347394130165676,0.022223729666666667,0.3877361876666667,0.480466585,0.0,1831.0
0.8987660274317432,0.0,0.3931026973333333,0.4972418893333334,0.0,1831.0
0.7768287783106669,0.0,0.3713522045,0.49708489299999997,0.0,1831.0
0.6468630668015015,0.0,0.36333457119999996,0.46313263559999995,0.0,1831.0
0.6840729634414966,0.0,0.3871019735,0.493410746,0.0,1831.0
0.8365530913525517,0.0,0.399297745,0.5329190635000001,0.0,1831.0
0.897606621798167,0.025395739,0.397204635,0.543840344,0.0,1831.0
0.9112530112974819,0.132457068,0.3527773995,0.4824534245,0.0,1831.0
0.9097439802842595,0.1721121725,0.3565168635,0.4959316335,0.0,1831.0
0.9073760827311311,0.1196373015,0.34162186699999997,0.5056430275,0.0,1831.0
0.9092180888547731,0.028869762,0.348799941,0.52199691,0.0,1831.0
0.9195105047403875,0.0,0.36945674066666667,0.5498407756666667,0.0,1831.0
0.8680429398718323,0.0,0.3617116395,0.5660512725,0.0,1831.0
0.739144993606971,0.0,0.31110565766666665,0.50467533,0.0,1831.0
0.6031589280166094,0.0,0.3331762525,0.50519904925,0.0,1831.0
0.620275261620724,0.0,0.3535401145,0.51548163225,0.0,1831.0
0.7131832652605182,0.016259467,0.355477378,0.508897635,0.0,1831.0
0.7609944390544753,0.14432728766666666,0.33993240366666666,0.4641522046666667,0.0,1831.0
0.7643791047068856,0.205734543,0.32941865,0.437008918,0.0,1831.0
0.762941981242893,0.137192816,0.32033938549999996,0.3901609685,0.0,1831.0
0.7743324935827387,0.036714315,0.330742861,0.381061916,0.0,1831.0
0.8018166983387928,0.0,0.352036364,0.4166522273333333,0.0,1831.0
0.7807194354915796,0.0,0.3536351405,0.4411788655,0.0,1831.0
0.7077689391262236,0.0,0.30704661166666664,0.3878411066666667,0.0,1831.0
0.6087787661443249,0.0,0.29408762725000004,0.430788628,0.0,1831.0
0.6280242778749718,0.0,0.324101789,0.53380591275,0.0,1831.0
0.746877944662909,0.106057508,0.334971186,0.5640283319999999,0.0,1831.0
0.7751546608985188,0.29322418233333336,0.3134428553333333,0.513732677,0.0,1831.0
0.7727056735396824,0.22199289099999997,0.316661184,0.518777993,0.0,1831.0
0.7857219773223663,0.059943452,0.334274973,0.546877486,0.0,1831.0
0.8080224104460128,0.0,0.3530681175,0.6045337435,0.0,1831.0
0.7587619049481764,0.0,0.32393916899999997,0.5849974885,0.0,1831.0
0.6842982932404147,0.0,0.29177257233333337,0.5456229983333333,0.0,1831.0
0.6267937248626344,0.0,0.26515279433333333,0.470133682,0.0,1831.0
0.682269907285338,0.0,0.2449563925,0.3779828555,0.0,1831.0
0.8379339587381092,0.0,0.23907200750000002,0.325512839,0.0,1831.0
0.9042354469024785,0.12302803,0.226597995,0.294343844,0.0,1831.0
0.910415117837752,0.331516977,0.2054966655,0.2485083125,0.0,1831.0
0.9077308805762758,0.3250841105,0.208844843,0.191718398,0.0,1831.0
0.9102178191041634,0.143360568,0.2262464435,0.18384434,0.0,1831.0
0.9372515282059436,0.0,0.290401563,0.23521734100000002,0.0,1831.0
0.8538410104391706,0.0,0.37445441399999996,0.350757172,0.0,1831.0
0.6847012382104138,0.0,0.46105362375,0.482093747,0.0,1831.0
0.6301631264224873,0.0,0.5115419095,0.591536113,0.0,1831.0
0.6907299166187635,0.0,0.5964360685000001,0.644252839,0.0,1831.0
0.8430096155290614,0.0,0.7083543409999999,0.7459438215,0.0,1831.0
0.9067228773285289,0.021855704,0.780885425,0.761069428,0.0,1831.0
0.916602390995026,0.09855037650000001,0.782582652,0.8223791874999999,0.0,1831.0
0.9105504067013941,0.13756603833333333,0.8008963423333334,0.8841488670000001,0.0,1831.0
0.9065610852752857,0.06344356500000001,0.7359726069999999,0.8399519095,0.0,1831.0
0.9168573171615475,0.0,0.6786598296666666,0.7285087126666667,0.0,1831.0
0.8674707199349483,0.0,0.6566582805,0.6361570009999999,0.0,1831.0
0.7709362010726848,0.0,0.6276647049999999,0.694160152,0.0,1831.0
0.664599129418983,0.0,0.6291551074999999,0.8341302939999999,0.0,1831.0
0.6138860427654454,0.0,0.6867941846666668,0.8727922793333333,0.0,1831.0
0.6302845375501765,0.0,0.767627547,0.885041218,0.0,1831.0
0.7524527883686228,0.0,0.851495706,0.9033965540000001,0.0,1831.0
0.8479040723539168,0.007202864,0.8559450120000001,0.8540335434999999,0.0,1831.0
0.8554583947418763,0.021989482999999997,0.87502513,0.8000329719999999,0.0,1831.0
0.853857735246601,0.027980495,0.893774431,0.7410462525,0.0,1831.0
0.8525336605740583,0.017547327,0.9211357250000001,0.8035842625,0.0,1831.0
0.8707610887545781,0.0,0.9243647890000001,0.8981389023333333,0.0,1831.0
0.8477606148768921,0.0,0.9165739945,0.933900936,0.0,1831.0
0.718455304025884,0.0,0.8502974944999999,0.92084508875,0.0,1831.0
0.6132559718260018,0.0,0.720493194,0.8894526043333334,0.0,1831.0
0.6551842649835478,0.0,0.657438359,0.83371785,0.0,1831.0
0.7964205577717853,0.0,0.6530459875,0.839952009,0.0,1831.0
0.8609620985473904,0.003064552,0.694667419,0.84959143,0.0,1831.0
0.8737273070088635,0.0510315035,0.7133795629999999,0.889781647,0.0,1831.0
0.8752762717858944,0.19863997049999998,0.762112883,0.9024707949999999,0.0,1831.0
0.8779501343820639,0.2042345135,0.8356772505,0.9274881644999999,0.0,1831.0
0.8829120716052103,0.044467825,0.869300732,0.932514657,0.0,1831.0
0.8970944142468252,0.0,0.88611886,0.9355516119999999,0.0,1831.0
0.8623948842658029,0.0,0.896465026,0.936094278,0.0,1831.0
0.7422213091062875,0.0,0.9021367033333334,0.935091199,0.0,1831.0
0.6253257604409689,0.0,0.8969220973333334,0.9344310573333333,0.0,1831.0
0.6262977799998548,0.0,0.87878839,0.9298857785000001,0.0,1831.0
0.7794372323737097,0.0,0.8586828703333333,0.9156016156666666,0.0,1831.0
0.8952564775177355,0.149428132,0.8286793564999999,0.885473847,0.0,1831.0
0.891854341878287,0.389872964,0.8209038593333333,0.8795089673333333,0.0,1831.0
0.8903656429256872,0.2839247205,0.8382396625,0.9010892715000001,0.0,1831.0
0.8980371729050075,0.070460927,0.797608464,0.894777496,0.0,1831.0
0.919335774101067,0.0,0.7252644603333334,0.872331569,0.0,1831.0
0.8440253252488309,0.0,0.5998043970000001,0.8082293316666668,0.0,1831.0
0.7128966186574964,0.0,0.5374578185000001,0.7719648315,0.0,1914.5
0.6079974417492613,0.0,0.48090854175000003,0.653818307,0.0,1998.0
0.626965776152681,0.0,0.42334871074999997,0.67966284875,0.0,1998.0
0.7312879258484981,0.012388872,0.395709798,0.7006766465,0.0,1998.0
0.756826526296966,0.04874688925,0.35811719075,0.6579370935000001,0.0,1998.0
0.753021236996293,0.018383818,0.271880821,0.5704817865,0.0,1998.0
0.7782024012306104,0.0,0.24872513200000002,0.558463309,0.0,1998.0
0.7698130175197675,0.0,0.25430630099999996,0.5491643073333333,0.0,1998.0
0.7243603800318079,0.0,0.24350178349999999,0.5158605439999999,0.0,1998.0
0.6208296611465474,0.0,0.3123960555,0.53645419325,0.0,1998.0
0.5915621621024414,0.0,0.377566389,0.5507241563333333,0.0,1998.0
0.6578368190776255,0.0016374536666666666,0.42170827133333333,0.6045261009999999,0.0,1998.0
0.7377601462659578,0.053467502,0.45802349375,0.7055708525,0.0,1998.0
0.7365990412670537,0.05390489033333334,0.563426689,0.7836272010000002,0.0,1998.0
0.7612411668508116,0.0,0.614765858,0.818658827,0.0,1998.0
0.7517170174658251,0.0,0.6494596994999999,0.8552852264999999,0.0,1998.0
0.70980377211859,0.0,0.6093305796666667,0.8698293483333334,0.0,1998.0
0.6224412432438963,0.0,0.57477948975,0.8211475115000001,0.0,1998.0
0.6625044182053423,0.0,0.4900124345,0.7051703715,0.0,1998.0
0.8373571775085104,0.005421621333333334,0.421948163,0.677963596,0.0,1998.0
0.8861146875470072,0.194814649,0.4118768645,0.630478027,0.0,1998.0
0.8879644151222865,0.33241087966666666,0.39698204433333334,0.6661187606666666,0.0,1998.0
0.8993239075138062,0.168710869,0.3515942315,0.6453232125,0.0,1998.0
0.9257105972765937,0.0,0.2695525303333333,0.5410764723333333,0.0,1998.0
0.8717680932938605,0.0,0.2184184655,0.45148310700000005,0.0,1998.0
0.7454932538768643,0.0,0.18588892366666665,0.36280641033333333,0.0,1998.0
0.6417505014339357,0.0,0.17347064099999998,0.29151703075,0.0,1998.0
0.7094596769383366,0.0,0.13098091550000002,0.1978620335,0.0,1998.0
0.8759991488615243,0.0,0.10865193749999999,0.14441535700000002,0.0,1998.0
0.9284757305309538,0.040739281,0.104085457,0.120323097,0.0,1998.0
0.9351622427392464,0.172682515,0.099020099,0.116678996,0.0,1998.0
0.9235547108679407,0.24072153,0.12123162133333332,0.13365869866666666,0.0,1998.0
0.9182271092361802,0.139525019,0.137986304,0.140781329,0.0,1998.0
0.9239699235914315,0.0369097345,0.1584191995,0.1545186265,0.0,1998.0
0.9408091655400196,0.0,0.21510966099999998,0.22222584999999997,0.0,1998.0
0.8762925927009391,0.0,0.2843216185,0.3226114855,0.0,1998.0
0.7436043378523357,0.0,0.355250568,0.43456504600000007,0.0,1998.0
0.6322811808692337,0.0,0.3971640545,0.5582548425,0.0,1998.0
0.6750465476112548,0.0,0.396567409,0.68626168,0.0,1998.0
0.8261468367369705,0.0,0.3968696235,0.7854265094999999,0.0,1998.0
0.8776232856642058,0.001564875,0.399988932,0.819660797,0.0,1998.0
0.8870370992324278,0.0204165325,0.36910620699999996,0.7954172935,0.0,1998.0
0.8784013008576775,0.04020546666666666,0.346855842,0.7291620616666666,0.0,1998.0
0.8754922628520878,0.017632797,0.294259579,0.606948246,0.0,1998.0
0.886280638490129,0.0,0.239792789,0.5330760406666667,0.0,1998.0
0.8345418102282869,0.0,0.25491469966666663,0.4744040413333333,0.0,1998.0
0.6729302372437618,0.0,0.34631696475,0.460798154,0.0,1998.0
0.6140120449876358,0.0,0.478385848,0.624769464,0.0,1998.0
0.6624501297195575,0.0,0.5784025239999999,0.6986152315,0.0,1998.0
0.8085187428107354,0.0,0.6871384810000001,0.8086707285,0.0,1998.0
0.8661214239769599,0.004876369,0.753106939,0.8754290485,0.0,1998.0
0.8708367825701449,0.018859189999999998,0.7666003645,0.9081165959999999,0.0,1998.0
0.8671503555009896,0.0359917005,0.7377599025,0.908694567,0.0,1998.0
0.8659807390781931,0.0150854135,0.6862144779999999,0.8682963054999999,0.0,1998.0
0.8724864537794549,0.0,0.60227763475,0.7826654797499999,0.0,1998.0
0.813083667879785,0.0,0.5982165605,0.7728868019999999,0.0,1998.0
0.6917755505707689,0.0,0.6817999330000001,0.8759268139999999,0.0,1998.0
0.6153612813870356,0.0,0.8416370996666668,0.924376997,0.0,1998.0
0.6623430732463688,0.0,0.8829046205,0.9269691605,0.0,1998.0
0.813699980312913,0.0,0.8992904475000001,0.9167435534999999,0.0,1998.0
0.8844386770804123,0.05750697,0.8907901819999999,0.9243845685000001,0.0,1998.0
0.9008638838471835,0.2638923175,0.88641719,0.928487516,0.0,1998.0
0.905229095428249,0.33516868499999997,0.9031477235,0.9202203185,0.0,1998.0
0.9098055579045998,0.13456482549999998,0.913969018,0.9220890589999999,0.0,1998.0
0.9252366391595771,0.0,0.9218413443333334,0.9321833096666667,0.0,1998.0
0.8438301432517754,0.0,0.9254069066666667,0.9274581963333333,0.0,1998.0
0.7097363289669087,0.0,0.923574542,0.9295498675,0.0,1998.0
0.60072979946603,0.0,0.9189574205,0.9190203745,0.0,1998.0
0.6506986708075353,0.0,0.8632980925,0.9345282355,0.0,1998.0
0.7152718500141217,0.023512856,0.847012853,0.927521743,0.0,1998.0
0.7543715168180823,0.1891542805,0.8185262295,0.902457945,0.0,1998.0
0.7593063993049088,0.2556893295,0.7770056675,0.853775792,0.0,1998.0
0.7570031649703479,0.17378910050000002,0.7186456240000001,0.8360887115,0.0,1998.0
0.761001325718719,0.044992499,0.701513866,0.838420945,0.0,1998.0
0.7816943468358685,0.0,0.7113000063333333,0.8415411120000001,0.0,1998.0
0.7462976083388668,0.0,0.698946685,0.826585891,0.0,1998.0
0.6521032391151094,0.0,0.6934322934999999,0.8277118485,0.0,1998.0
0.5949116341259642,0.0,0.707629955,0.8614373922,0.0,1998.0
0.6507258374186362,0.0,0.6843908814999999,0.8601529459999999,0.0,1998.0
0.715508143451611,0.011779768,0.659301185,0.863780194,0.0,1998.0
0.7567455408312478,0.2608902285,0.6247993695,0.8649862965,0.0,1998.0
0.7594719477552269,0.40766469133333333,0.607276558,0.857624634,0.0,1998.0
0.7624337984846379,0.167323952,0.596883158,0.831503656,0.0,1998.0
0.7979430192917395,0.0,0.5508713926666666,0.778719514,0.0,1998.0
0.7816047753968084,0.0,0.5067420855,0.747816183,0.0,1998.0
0.7116813593708132,0.0,0.45796637966666665,0.6871955446666668,0.0,1998.0
0.6318049159590093,0.0,0.3938010985,0.6823409327500001,0.0,1998.0
0.6837665288347639,0.0,0.30556429799999996,0.594225246,0.0,1998.0
0.8461707772761446,0.0,0.243670794,0.5015686665,0.0,1998.0
0.9001264285024427,0.015613911,0.214062848,0.420666015,0.0,1998.0
0.9092763125933343,0.108954837,0.169962213,0.314684472,0.0,1998.0
0.9073580015263257,0.204298651,0.18562254533333333,0.276839851,0.0,1998.0
0.8989208135686138,0.133841278,0.20003863049999998,0.2518364455,0.0,1998.0
0.9015094871627366,0.017568517,0.191425083,0.270008648,0.0,1998.0
0.9216746193659956,0.0,0.20192477666666667,0.26600986599999993,0.0,1998.0
0.8436525505163789,0.0,0.22891456766666665,0.285222245,0.0,1998.0
0.7170432230703575,0.0,0.285769404,0.31556292900000005,0.0,1998.0
0.6322406433999572,0.0,0.30824306075,0.31602614,0.0,1998.0
0.6845862441945223,0.0,0.3404099525,0.32628681800000003,0.0,1998.0
0.8499859940803792,0.0,0.39909200349999996,0.41111881699999997,0.0,1998.0
0.9084564854262704,0.031449038,0.42846623650000004,0.4725528945,0.0,1998.0
0.9009318115084334,0.12983466025,0.4580050035,0.4994181475,0.0,1998.0
0.9031454743252127,0.0437356135,0.4868639765,0.542928925,0.0,1998.0
0.9234941021767704,0.0,0.5009742066666667,0.595993238,0.0,1998.0
0.8436404467176956,0.0,0.4782103733333333,0.6462243496666666,0.0,1998.0
0.6935791880979245,0.0,0.404708769,0.6434018576666667,0.0,1998.0
0.6212953425765336,0.0,0.35578722733333334,0.625893433,0.0,1998.0
0.6761970468066962,0.0,0.360264902,0.5922138525,0.0,1998.0
0.8408133481948548,0.0,0.3803222725,0.5918276085,0.0,1998.0
0.9006489212462567,0.009083592,0.42484176,0.61805375,0.0,1998.0
0.9116883026427065,0.1031118745,0.46268951,0.6544948185,0.0,1998.0
0.9097247065131818,0.1684747125,0.546848393,0.6837617364999999,0.0,1998.0
0.9096090640891432,0.12218716399999999,0.686580065,0.7668158795,0.0,1998.0
0.9164406882796658,0.016870029,0.7503773,0.813265811,0.0,1998.0
0.9364213710874982,0.0,0.8003771943333332,0.8672234246666667,0.0,1998.0
0.8799737429646064,0.0,0.838265374,0.90497379,0.0,1998.0
0.7461844850092135,0.0,0.8430034373333334,0.9200961203333332,0.0,1998.0
0.6388814419398177,0.0,0.8626320782500001,0.9240999114999999,0.0,1998.0
0.6986273877047369,0.0,0.861122992,0.926838493,0.0,1998.0
0.863264170207433,0.0,0.863407425,0.92727729,0.0,1998.0
0.9250756817812682,0.04006763,0.8358780585000001,0.922020399,0.0,1998.0
0.9256691579940193,0.17696280733333333,0.8101118833333333,0.9082887789999999,0.0,1998.0
0.9230062365894904,0.164323744,0.760588079,0.889303076,0.0,1998.0
0.9479292176144436,0.004544142,0.723124185,0.8782261295,0.0,1998.0
0.8875620068655891,0.0,0.659195547,0.821725059,0.0,1998.0
0.7508230915197786,0.0,0.5894422229999999,0.7628711296666667,0.0,1998.0
0.6468929120106462,0.0,0.55328731325,0.68662008375,0.0,1998.0
0.7089923222673806,0.0,0.5587134574999999,0.6563560415,0.0,1998.0
0.8692811099620796,0.0,0.589767253,0.694705693,0.0,1998.0
0.9317848216424178,0.0781820325,0.5890394065,0.719615883,0.0,1998.0
0.9346833656406042,0.28009213699999996,0.5838386986666667,0.6789147926666667,0.0,1998.0
0.9310479476686742,0.19294047,0.6263023265000001,0.6429417565,0.0,1998.0
0.940066627202615,0.013399313,0.663177185,0.655649872,0.0,1998.0
0.9562278895574248,0.0,0.7202775533333333,0.7135872146666666,0.0,1998.0
0.8871627138964454,0.0,0.747860137,0.766695291,0.0,1998.0
0.7434768002871013,0.0,0.764096191,0.7716176066666667,0.0,1998.0
0.6154532467934641,0.0,0.7927434102,0.8331599794000001,0.0,1998.0
0.6549137096357183,0.0,0.853075676,0.9035144246666666,0.0,1998.0
0.7445100695117272,0.00352673,0.889238392,0.92380726,0.0,1998.0
0.7921732246596501,0.033219497,0.87736656675,0.9044950635,0.0,1998.0
0.7897725931056478,0.0219241325,0.8993867335000001,0.871310518,0.0,1998.0
0.7926658005823141,0.009243404,0.901141443,0.879181543,0.0,1998.0
0.8161509651336617,0.0,0.9043639996666667,0.8761510100000001,0.0,1998.0
0.783800461360018,0.0,0.9049174775,0.873476362,0.0,1998.0
0.7077476977624958,0.0,0.8112557753333333,0.8818067313333332,0.0,1998.0
0.6107038483346139,0.0,0.71427474475,0.87039834825,0.0,1998.0
0.6095987833230794,0.0,0.6253414995,0.7633696675,0.0,1998.0
0.6692284269536257,0.0,0.570411884,0.6766110065,0.0,1998.0
0.7608506239110315,0.0884767885,0.48098069,0.5849225765,0.0,1998.0
0.7797222094694194,0.27115299400000004,0.4129869025,0.5555749379999999,0.0,1998.0
0.7761850085809394,0.22734786899999998,0.395173918,0.579678232,0.0,1998.0
0.781619443138754,0.0739690645,0.401761663,0.5987373375,0.0,1998.0
0.8134191621070818,0.0,0.42350810033333336,0.6316035066666666,0.0,1998.0
0.7837431768163163,0.0,0.4203907905,0.6490220120000001,0.0,1998.0
0.7115311047023792,0.0,0.39817519799999995,0.6122944713333333,0.0,1998.0
0.6343965409758454,0.0,0.4070137335,0.61666568675,0.0,1998.0
0.696736504042574,0.0,0.449237475,0.6134658875,0.0,1998.0
0.8613040621014636,0.0,0.46688695150000004,0.6138187610000001,0.0,1998.0
0.9162693264792477,0.011272895,0.504273552,0.631862017,0.0,1998.0
0.9150630854380046,0.2062731805,0.5220303245,0.6560630249999999,0.0,1998.0
0.898440177512317,0.2815888455,0.5762399444999999,0.720454844,0.0,1998.0
0.8930106171997109,0.146098647,0.6448787490000001,0.7606303425000001,0.0,1998.0
0.8993195250992846,0.011051926,0.722209017,0.787915721,0.0,1998.0
0.9060102706906757,0.0,0.7919289203333334,0.844763504,0.0,1998.0
0.8399883337176295,0.0,0.8499923956666665,0.8914278499999999,0.0,1998.0
0.6532139684453206,0.0,0.8712410611666668,0.8771568805,0.0,1998.0
0.6625194436361985,0.0,0.8953249655,0.771495665,0.0,1998.0
0.8129829614137682,0.0,0.896443833,0.8220525240000001,0.0,1998.0
0.8810024062050841,0.010471610000000001,0.884307824,0.921596453,0.0,1998.0
0.8945322365549233,0.06651106325,0.82964925825,0.91246800725,0.0,1998.0
0.8984598089723054,0.047213471,0.7267196215,0.854378376,0.0,1998.0
0.9209343765758415,0.0,0.623352126,0.8170998805,0.0,1998.0
0.8867784465830773,0.0,0.5522603463333334,0.7991684103333334,0.0,1998.0
0.7687677487914641,0.0,0.493765607,0.7523521705,0.0,1998.0
0.6438461764238487,0.0,0.5409193365999999,0.7456048722,0.0,1998.0
0.6809689074273975,0.0,0.5551090295000001,0.757347269,0.0,1998.0
0.8606103117847616,0.001548354,0.573786939,0.7962451973333334,0.0,1998.0
0.9115879540005518,0.134006604,0.5773725590000001,0.8092271015000001,0.0,1998.0
0.9063660672217926,0.24162742450000002,0.6044582055000001,0.8327285625,0.0,1998.0
0.9060804491515131,0.1721046775,0.6228972345,0.828120252,0.0,1998.0
0.9124898846389107,0.023390794,0.641003331,0.841833763,0.0,1998.0
0.9278310962570299,0.0,0.6444493363333333,0.8476754363333333,0.0,1998.0
0.8705507620745374,0.0,0.621153648,0.823777792,0.0,1998.0
0.742021968309321,0.0,0.561520072,0.7785188743333333,0.0,1998.0
0.6304084418053362,0.0,0.5350963175,0.74724988975,0.0,1998.0
0.6778156609222841,0.0,0.515538947,0.738486387,0.0,1998.0
0.8394035926221031,0.0,0.5299937235000001,0.7942994130000001,0.0,1998.0
0.9045081859452695,0.0576550825,0.542368993,0.808314708,0.0,1998.0
0.9016143672283441,0.20403659466666668,0.596157068,0.845024263,0.0,1998.0
0.896568299270204,0.13439592549999999,0.636332399,0.8626943075,0.0,1998.0
0.91511793289284,0.00512441675,0.5925528965,0.8574379052500001,0.0,1998.0
0.8700759393908325,0.0,0.486533796,0.7973471729999999,0.0,1998.0
0.7687288435603981,0.0,0.405964037,0.707711857,0.0,1998.0
0.6372613097009954,0.0,0.330264298,0.5711228906,0.0,1998.0
0.6655296798935082,0.0,0.3016833565,0.5114665725,0.0,1998.0
0.8350154701924893,0.00041384066666666665,0.369484077,0.5131061003333333,0.0,1998.0
0.8909659908680508,0.045366634,0.4318269475,0.5450637805,0.0,1998.0
0.8875846568191788,0.11187647349999999,0.46161407275,0.6082931300000001,0.0,1998.0
0.901203969247703,0.00518911,0.43324318075,0.64892716625,0.0,1998.0
0.8662855861156571,0.0,0.4677678295,0.7077084499999999,0.0,1998.0
0.7367645151791681,0.0,0.49427829733333334,0.7317007183333334,0.0,1998.0
0.6014011047642182,0.0,0.55300059225,0.78715947025,0.0,1998.0
0.5995507473703585,0.0,0.5389685989999999,0.8241248735,0.0,1998.0
0.6573889617923576,0.0,0.522279838,0.8185224289999999,0.0,1998.0
0.7242137028822557,0.007648611,0.528056666,0.821547889,0.0,1998.0
0.758135485998342,0.20299498700000002,0.485516741,0.775362245,0.0,1998.0
0.7589852299303264,0.31379112533333336,0.4853275716666667,0.7856211599999999,0.0,1998.0
0.7616806021287919,0.10283298049999999,0.43071716699999996,0.744252778,0.0,1998.0
0.8005832683519779,0.0,0.394903364,0.7007751713333333,0.0,1998.0
0.7808331102554924,0.0,0.3527550395,0.605820723,0.0,1998.0
0.7077785685894309,0.0,0.312970506,0.4974032403333333,0.0,1998.0
0.6050722194281843,0.0,0.2549338843333333,0.4381613553333333,0.0,1998.0
0.6798740233358215,0.0,0.18887167933333335,0.415120117,0.0,1998.0
0.7601989389393343,0.034344625000000004,0.1605308845,0.389145643,0.0,1998.0
0.7607689676689576,0.0921759375,0.153413378,0.36485671399999997,0.0,1998.0
0.7591124545205753,0.0854915655,0.15637136000000001,0.379256426,0.0,1998.0
0.7659103608801612,0.009919701,0.171472058,0.405103968,0.0,1998.0
0.8022098050868834,0.0,0.185326548,0.4164404353333333,0.0,1998.0
0.783914628089569,0.0,0.1832891465,0.38326910999999997,0.0,1998.0
0.7132100517357781,0.0,0.15743649033333332,0.30842038366666663,0.0,1998.0
0.6338276078498526,0.0,0.17639093150000001,0.261773957,0.0,1998.0
0.6901905201893257,0.0,0.1989623425,0.23605112649999999,0.0,1998.0
0.856586914726346,0.0,0.2184264705,0.271333629,0.0,1998.0
0.9132416946381521,0.003913943,0.227240608,0.278885,0.0,1998.0
0.9199935855103095,0.128798811,0.2150656095,0.259069334,0.0,1998.0
0.9128486623382972,0.22021567749999998,0.22214512,0.285503211,0.0,1998.0
0.9101337928441111,0.16417583400000002,0.235081764,0.30186853449999995,0.0,1998.0
0.9235244810605591,0.013945747,0.252812238,0.333522065,0.0,1998.0
0.9461011413742573,0.0,0.26906530300000003,0.350798829,0.0,1998.0
0.8560447159618478,0.0,0.2538137596666667,0.3511489026666667,0.0,1998.0
0.6997116063780316,0.0,0.2527370613333333,0.3365378296666666,0.0,1998.0
0.6302917522364962,0.0,0.2664276923333333,0.33455788533333336,0.0,1998.0
0.6880390385971409,0.0,0.2791580425,0.3303460945,0.0,1998.0
0.8664303255643131,0.0014096409999999999,0.32376077166666667,0.3888828656666667,0.0,1998.0
0.9104833585527091,0.055432499999999996,0.3686882035,0.424868042,0.0,1998.0
0.8984903219528863,0.10083172666666668,0.37330114200000003,0.4317499673333334,0.0,1998.0
0.8947202560918837,0.0273529085,0.357353123,0.41935209100000004,0.0,1998.0
0.9107348860560504,0.0,0.36432732266666673,0.4235100686666667,0.0,1998.0
0.8428095741314608,0.0,0.3718398803333334,0.425946255,0.0,1998.0
0.6737347481932571,0.0,0.372768934,0.42130274225000003,0.0,1998.0
0.616317895424208,0.0,0.3873889155,0.409620915,0.0,1998.0
0.6656266299174665,0.0,0.38032218900000003,0.410089668,0.0,1998.0
0.8232181225124833,0.0,0.38230951950000003,0.4190982595,0.0,1998.0
0.8864453820448069,0.001389669,0.38749756,0.426798731,0.0,1998.0
0.8961784867778282,0.049360354499999995,0.33238177150000003,0.3638680265,0.0,1998.0
0.8931928905024429,0.094950309,0.3670439445,0.4094624865,0.0,1998.0
0.8907542927435446,0.055173055,0.3173176055,0.37905874100000003,0.0,1998.0
0.89421274417746,0.010884105,0.294758621,0.354724636,0.0,1998.0
0.9131678790548605,0.0,0.27289794866666667,0.3248596523333333,0.0,1998.0
0.8444978523852852,0.0,0.24410290466666665,0.26819414399999997,0.0,1998.0
0.6584923349396173,0.0,0.236413816,0.23400669,0.0,1998.0
0.6797501228480574,0.0,0.17049158949999998,0.16772371349999998,0.0,1998.0
0.8616522266762695,0.000599511,0.15106292433333332,0.139749845,0.0,1998.0
0.9110498544548842,0.0473908595,0.12656950150000001,0.1265043375,0.0,1998.0
0.8999186954774827,0.13459525033333333,0.13073927466666665,0.124769236,0.0,1998.0
0.8995730798438324,0.069179466,0.127056091,0.12150983300000001,0.0,1998.0
0.9218307172987755,0.0,0.13418639166666665,0.11963544366666667,0.0,1998.0
0.8436558298824465,0.0,0.17304611166666664,0.160038192,0.0,1998.0
0.7156671629265963,0.0,0.24938850299999998,0.22774755200000002,0.0,1998.0
0.6251360676517925,0.0,0.35243066925,0.3281670435,0.0,1998.0
0.6683656922993073,0.0,0.415536507,0.393916671,0.0,1998.0
0.8295430843756557,0.0,0.39640348400000003,0.4281621645,0.0,1998.0
0.896901497995234,0.025114892,0.35759457650000004,0.4167710315,0.0,1998.0
0.8945853101849487,0.17475734933333334,0.29363144799999996,0.356081673,0.0,1998.0
0.8885572652276232,0.150952489,0.2279689065,0.275516026,0.0,1998.0
0.8990968262020571,0.0096137015,0.23623218699999998,0.255187697,0.0,1998.0
0.897407862237246,0.0,0.32835445966666665,0.35098795433333335,0.0,1998.0
0.8171006999064301,0.0,0.4305867685,0.48926358550000004,0.0,1998.0
0.7081302136530008,0.0,0.5214983115,0.5970648885000001,0.0,1998.0
0.6133365920905098,0.0,0.635673923,0.6637588324999999,0.0,1998.0
0.589969071192509,0.0,0.76471870025,0.756092372,0.0,1998.0
0.6659164664587052,0.0005873993333333333,0.7727042996666666,0.8257231973333333,0.0,1998.0
0.7501700650178615,0.04339363,0.6248500260000001,0.7851620914999999,0.0,1998.0
0.7497654841772083,0.11560773374999998,0.523295935,0.7183492382500001,0.0,1998.0
0.7653212819940709,0.009199222,0.3785247925,0.5361792830000001,0.0,1998.0
0.7792369375597121,0.0,0.3151137846666667,0.43852536066666664,0.0,1998.0
0.7501680078849011,0.0,0.293425167,0.431802504,0.0,1998.0
0.653530144288828,0.0,0.340166873,0.457920431,0.0,1998.0
0.587582559544899,0.0,0.3715203595,0.46828967050000003,0.0,1998.0
0.5997789466876846,0.0,0.41644608,0.45987682350000003,0.0,1998.0
0.6486021484774911,0.0,0.427759908,0.47314974499999995,0.0,1998.0
0.7131151587548128,0.001715149,0.442890445,0.498594356,0.0,1998.0
0.7532483183080421,0.0484222585,0.4465737975,0.5168369694999999,0.0,1998.0
0.7576933079663822,0.09358040333333333,0.4835527293333333,0.5538110803333334,0.0,1998.0
0.7581433118349532,0.0345924565,0.424060134,0.4887723475,0.0,1998.0
0.776654464918846,0.0,0.403132318,0.453773109,0.0,1998.0
0.7730888006704464,0.0,0.41842988724999997,0.42992582375,0.0,1998.0
0.711284958322024,0.0,0.45702751233333333,0.45135195233333336,0.0,1998.0
0.624042797130138,0.0,0.5126374742500001,0.48585110275,0.0,1998.0
0.6652999378108064,0.0,0.50713875,0.45719019699999996,0.0,1998.0
0.8209856777890511,0.0,0.5027825125,0.45165442899999997,0.0,1998.0
0.8819379203976523,0.002419084,0.511311078,0.465946145,0.0,1998.0
0.8950631587733406,0.0861644695,0.5296143715,0.469038888,0.0,1998.0
0.894615167278821,0.1903856625,0.5623435425000001,0.4959375305,0.0,1998.0
0.8923968089263372,0.103000555,0.5661958355000001,0.5206475655,0.0,1998.0
0.89421274417746,0.027594625,0.55983425,0.523504692,0.0,1998.0
0.9048134503876765,0.0,0.5832706616666666,0.5558735939999999,0.0,1998.0
0.8638583917572353,0.0,0.5994995755,0.613077348,0.0,1998.0
0.7681176289196134,0.0,0.5751399435,0.6261950595,0.0,1998.0
