Demand,Avail_Sol,Avail_Wind_On,Avail_Wind_Off,Hyd_In,HydRoR_In
0.6599634792213459,0.0,0.5659068666,0.7751394142,0.0,0.0
0.8290785307231756,0.0,0.686062891,0.8464493909999999,0.0,0.0
0.9175873222101206,0.0037509423333333333,0.7310702016666667,0.869368376,0.0,0.0
0.9256426575663059,0.09894939024999999,0.7940336640000001,0.8560280505,0.0,0.0
0.9274439181427843,0.080767939,0.822068437,0.918529391,0.0,0.0
0.9278532913339125,0.0,0.6745093315,0.89083449525,0.0,0.0
0.7922469017279848,0.0,0.6085766313333334,0.8616305116666667,0.0,0.0
0.679302305264541,0.0,0.531285102,0.8213453,0.0,0.0
0.666055429990962,0.0,0.449369412,0.7629134260000001,0.0,0.0
0.8648298819563951,0.0,0.38162668050000004,0.6892874105,0.0,0.0
0.9320984776487227,0.022890116333333335,0.3864168993333333,0.6841550133333333,0.0,0.0
0.9304332937989486,0.362248638,0.34880046825,0.6358410045,0.0,0.0
0.9305756188669583,0.14677510400000002,0.352848932,0.60260957,0.0,0.0
0.9337253332277213,0.0,0.44013715875000003,0.6164088277499999,0.0,0.0
0.7937111478779749,0.0,0.570370773,0.7508210753333334,0.0,0.0
0.6818886170507936,0.0,0.682873353,0.830946897,0.0,0.0
0.6702331951549909,0.0,0.862237541,0.9162886299999999,0.0,0.0
0.8993007645738361,0.0,0.90373976925,0.93032362725,0.0,0.0
0.9446858744359241,0.004905388,0.7446258375,0.89156462,0.0,0.0
0.9378595503372265,0.0730089255,0.42482900375,0.69232158325,0.0,0.0
0.9407779768890737,0.005053436666666667,0.19633917266666667,0.41579099599999997,0.0,0.0
0.8706570957377965,0.0,0.14495345850000002,0.2832350665,0.0,0.0
0.7227021560860816,0.0,0.245036912,0.3526428655,0.0,0.0
0.6672185822139611,0.0,0.371483903,0.3898018545,0.0,0.0
0.7675591589250679,0.0,0.430999584,0.46343432500000004,0.0,0.0
0.9237016169133788,0.0,0.43111557300000003,0.49161911399999997,0.0,0.0
0.9427782700974299,0.10501824,0.38937519,0.461025738,0.0,0.0
0.9381394686402645,0.20412531475,0.32972135975,0.36481358475000003,0.0,0.0
0.9441483491938011,0.00555765975,0.17966693475,0.2123305465,0.0,0.0
0.8503105427734603,0.0,0.10598760966666666,0.13180851866666668,0.0,0.0
0.6968397473890762,0.0,0.12044608125,0.14129527274999998,0.0,0.0
0.6767570116902321,0.0,0.143815469,0.18716322533333332,0.0,0.0
0.8691846276551605,0.0,0.122244155,0.1997829675,0.0,0.0
0.9374608069367295,0.009057062999999999,0.11467904833333332,0.17628148466666668,0.0,0.0
0.9433710931935514,0.13342471725,0.12391833725,0.16940202249999997,0.0,0.0
0.9435724650980465,0.064213203,0.1249279705,0.193608625,0.0,0.0
0.942011118145107,0.0,0.11463661224999999,0.17338436999999998,0.0,0.0
0.8221347759268807,0.0,0.095296788,0.1351768075,0.0,0.0
0.6962859382935417,0.0,0.097204034,0.139828335,0.0,0.0
0.6443660887009202,0.0,0.0810029615,0.0962714695,0.0,0.0
0.7378448058184199,0.0,0.09825856124999999,0.1458052025,0.0,0.0
0.8156013087602547,0.0821460785,0.12444783000000001,0.2701031505,0.0,0.0
0.8148327623709097,0.25859978575,0.16400948675,0.37017864075,0.0,0.0
0.8367324937299933,0.015099822333333334,0.31615334033333337,0.5804519883333333,0.0,0.0
0.8027385236858754,0.0,0.37009276025000004,0.5692598565,0.0,0.0
0.6984458538690559,0.0,0.2398650893333333,0.3188130363333333,0.0,0.0
0.6685989138876335,0.0,0.1283559455,0.152170701,0.0,0.0
0.7116000670157403,0.0,0.0739884255,0.0874469565,0.0,0.0
0.7917708387610162,0.04178015066666666,0.08810395266666667,0.11377352066666667,0.0,0.0
0.8213391178543273,0.44865790800000005,0.132967114,0.2584753795,0.0,0.0
0.8190891651618063,0.5184091989999999,0.17662624100000002,0.37482363900000004,0.0,0.0
0.8252117960653675,0.2249463685,0.233892161,0.423489838,0.0,0.0
0.842683173349764,0.0,0.2769338825,0.45148364750000003,0.0,0.0
0.8013334577279912,0.0,0.30042878125,0.4862187785,0.0,0.0
0.7063188708859174,0.0,0.27136722199999996,0.47154702125,0.0,0.0
0.704496049730445,0.0,0.2145572986666667,0.3845621083333333,0.0,0.0
0.8854843031175332,0.0,0.164791467,0.27236662,0.0,0.0
0.9486509214682918,0.02170333966666667,0.13544966566666666,0.179219502,0.0,0.0
0.9559640754210048,0.27044600399999996,0.095598863,0.11547656249999999,0.0,0.0
0.9516625016775682,0.314221921,0.0841148315,0.089417514,0.0,0.0
0.9525245446140214,0.1276094045,0.10128385749999999,0.0890588335,0.0,0.0
0.9519973062480768,0.0,0.20768799625,0.18195775025,0.0,0.0
0.8297375787084764,0.0,0.36144272899999996,0.34237429750000004,0.0,0.0
0.7040505046385866,0.0,0.560134268,0.506430983,0.0,0.0
0.6834167258771072,0.0,0.7270888563333333,0.7292204873333334,0.0,0.0
0.9096498976738814,0.0,0.8409516527500001,0.8692533,0.0,0.0
0.9466610981006199,0.23299124100000002,0.892820379,0.9109573360000001,0.0,0.0
0.9402048512703083,0.448943734,0.9137237605,0.9286241295,0.0,0.0
0.9378685343019896,0.3118948425,0.9165066909999999,0.9356988635,0.0,0.0
0.9424294753381582,0.00967193625,0.8987372585,0.93483179925,0.0,0.0
0.8469837717119096,0.0,0.8179150766666666,0.9210698743333333,0.0,0.0
0.6945981042405985,0.0,0.67959952825,0.8608724345000001,0.0,0.0
0.6740950035080323,0.0,0.522265306,0.7550280676666666,0.0,0.0
0.8680803165497032,0.0,0.4393539905,0.6641771335,0.0,0.0
0.93574784613817,0.0016011303333333332,0.3859602913333333,0.6236235410000001,0.0,0.0
0.9411221235001654,0.02307518175,0.24995646175,0.4939582415,0.0,0.0
0.9405658531598051,0.0179888325,0.262487194,0.4917068595,0.0,0.0
0.9373724538091303,0.0,0.29702778274999997,0.4966884835,0.0,0.0
0.817919977971449,0.0,0.2745789685,0.337133652,0.0,0.0
0.7214880494063509,0.0,0.17260037900000003,0.24749836549999998,0.0,0.0
0.6654868839969421,0.0,0.15798156800000002,0.22096438925,0.0,0.0
0.7651697614155467,0.0,0.164829232,0.258948179,0.0,0.0
0.92093064373723,0.0,0.119286834,0.21115913266666667,0.0,0.0
0.9398872372995872,0.017639816666666665,0.100240503,0.17855393066666667,0.0,0.0
0.9390360069572433,0.018287254499999996,0.17093301500000002,0.2833830045,0.0,0.0
0.9384694725942362,0.0,0.26893677800000004,0.43361082975000004,0.0,0.0
0.8191079101857229,0.0,0.323335442,0.48509635900000003,0.0,0.0
0.697267179849536,0.0,0.36172544375000004,0.47642705825,0.0,0.0
0.6784758093178898,0.0,0.41111432600000003,0.5431194386666668,0.0,0.0
0.9038895945362446,0.0,0.42790234825,0.57293785375,0.0,0.0
0.9466875696991461,0.026773850000000002,0.42506116549999995,0.5755268265,0.0,0.0
0.9452686772927877,0.09401365066666667,0.4364641186666667,0.566019782,0.0,0.0
0.9485972543035679,0.03084125475,0.4626473105,0.64223423075,0.0,0.0
0.8764614725611809,0.0,0.48664551875,0.6699920495,0.0,0.0
0.6925204725264482,0.0,0.468547689,0.6759302043333334,0.0,0.0
0.6405629728493392,0.0,0.49585486074999996,0.7363186549999999,0.0,0.0
0.6946085626111635,0.0,0.5209657265000001,0.7695164265000001,0.0,0.0
0.7856381495537513,0.0035801456666666666,0.5291602333333333,0.7881140000000001,0.0,0.0
0.8181904093462307,0.04112759875,0.5781491790000001,0.7999522619999999,0.0,0.0
0.8231629181814326,0.0246937145,0.515097938,0.727647028,0.0,0.0
0.8412525615285993,0.0,0.5416465805,0.755905901,0.0,0.0
0.8002544639133398,0.0,0.58480971025,0.78420391325,0.0,0.0
0.6901479760519423,0.0,0.469609916,0.6843495636666667,0.0,0.0
0.6543478877367205,0.0,0.407379165,0.6391541716666667,0.0,0.0
0.7057082514289768,0.0,0.41309205375,0.692946134,0.0,0.0
0.8055852885491461,0.0117342295,0.4411710045,0.7580455875000001,0.0,0.0
0.8205741832519602,0.103003533,0.464884956,0.7470476195,0.0,0.0
0.8226021216155539,0.12543036375,0.5464727979999999,0.744410961,0.0,0.0
0.8433762366799489,0.0,0.627326032,0.8124584775,0.0,0.0
0.8031768032127363,0.0,0.78490676775,0.88455002975,0.0,0.0
0.7092555661792214,0.0,0.8044634249999999,0.9009462583333333,0.0,0.0
0.6951918302927546,0.0,0.84626920375,0.9257702697500001,0.0,0.0
0.8837297679424976,0.0,0.9005321515,0.9343134399999999,0.0,0.0
0.9472985968779524,0.006869913333333334,0.9107915593333332,0.936675466,0.0,0.0
0.9530391185933101,0.039857497000000006,0.9135557795,0.9370971815,0.0,0.0
0.9518987805119565,0.02712240725,0.9235388954999999,0.9368112255000001,0.0,0.0
0.9540918580852054,0.0,0.9267673795,0.89560639,0.0,0.0
0.8762615865449936,0.0,0.927067076,0.9216313789999999,0.0,0.0
0.6982555118096667,0.0,0.89817726875,0.93246861625,0.0,0.0
0.6785801414241196,0.0,0.80161383,0.916313386,0.0,0.0
0.8998207106565896,0.0,0.6885161080000001,0.8916552057499999,0.0,0.0
0.9436655502444282,0.09453349300000001,0.528651367,0.826299517,0.0,0.0
0.9429864222470986,0.1422931186,0.36793437419999997,0.6612931788,0.0,0.0
0.9512753481389855,0.0,0.3692289395,0.585198722,0.0,0.0
0.878212190193135,0.0,0.36278029475,0.51512169775,0.0,0.0
0.7113939173358527,0.0,0.3550966693333333,0.4683970526666667,0.0,0.0
0.6830203713085661,0.0,0.320624583,0.40345409,0.0,0.0
0.877528362142239,0.0,0.23343587500000001,0.3181539345,0.0,0.0
0.9453977589932375,0.027284289,0.2215670133333333,0.3295413833333333,0.0,0.0
0.9509951327771984,0.2271122325,0.204290872,0.3386722365,0.0,0.0
0.9473683573385113,0.2127071055,0.21960229025,0.3773913405,0.0,0.0
0.9565869592349001,0.0,0.2821307195,0.43582350049999996,0.0,0.0
0.8811589780518595,0.0,0.260560159,0.42282617499999997,0.0,0.0
0.7053139199120206,0.0,0.32781545275,0.4456586095,0.0,0.0
0.685134593904857,0.0,0.38040231166666666,0.4767858813333333,0.0,0.0
0.8762137409489068,0.0,0.3494724765,0.426781523,0.0,0.0
0.9410278801690142,0.007609473333333333,0.259160504,0.35342864333333335,0.0,0.0
0.9498053717601638,0.079970349,0.1345955055,0.241873828,0.0,0.0
0.9500274318333143,0.0630397865,0.15872049475,0.24882448625000003,0.0,0.0
0.9566686600525096,0.0,0.10284265000000001,0.20296972600000002,0.0,0.0
0.8806014504328266,0.0,0.06518887074999999,0.119230799,0.0,0.0
0.715669293772688,0.0,0.05849328033333334,0.07111937866666666,0.0,0.0
0.6880021497962547,0.0,0.037722898750000004,0.044757719,0.0,0.0
0.9121635609820807,0.0,0.051195473000000005,0.06608938,0.0,0.0
0.9534850675423718,0.132354478,0.07983149,0.105866897,0.0,0.0
0.9495174526029782,0.27841816725,0.0887631405,0.1466606665,0.0,0.0
0.9538121455011108,0.06400112100000001,0.126894298,0.2143051575,0.0,0.0
0.9424287894597058,0.0,0.19260518766666665,0.30126609933333337,0.0,0.0
0.8011317428594964,0.0,0.20719661366666664,0.3224884673333333,0.0,0.0
0.6653197217109286,0.0,0.2052058575,0.30681506000000003,0.0,0.0
0.643165194966921,0.0,0.20292262,0.31692222275000004,0.0,0.0
0.7348456461380899,0.000310033,0.24280458375000002,0.34784974350000003,0.0,0.0
0.8151336887177232,0.153538422,0.244342419,0.3571739585,0.0,0.0
0.815450815072119,0.25063284866666663,0.26325728833333334,0.3316910726666667,0.0,0.0
0.8290176322675581,0.049134895,0.21125265825000003,0.2917549195,0.0,0.0
0.7964652581702611,0.0,0.17097705000000002,0.2619760495,0.0,0.0
0.6937638931151364,0.0,0.0789797805,0.1046387725,0.0,0.0
0.647805973830542,0.0,0.0667996095,0.10346263725000002,0.0,0.0
0.6619235330908846,0.0,0.04585124,0.063225538,0.0,0.0
0.757837176684332,0.000627954,0.03441765833333333,0.03344274366666666,0.0,0.0
0.8173894478422874,0.237888488,0.0311607345,0.024324198,0.0,0.0
0.8168551457656266,0.33304814824999995,0.03951806675,0.023231068,0.0,0.0
0.8378810309647818,0.047632419,0.08095502366666667,0.07457737266666666,0.0,0.0
0.8187293061966177,0.0,0.202938226,0.23886083966666663,0.0,0.0
0.7362263550250925,0.0,0.303603734,0.3834865205,0.0,0.0
0.6892019348181155,0.0,0.38024511425,0.5015067799999999,0.0,0.0
0.7002967887576748,0.0,0.471017774,0.630806548,0.0,0.0
0.9119828771719201,0.0002782185,0.5234156595,0.724049815,0.0,0.0
0.9530521944550132,0.031000097499999997,0.5139591215,0.7545429185,0.0,0.0
0.9525119259715886,0.091304787,0.5239290575,0.739880103,0.0,0.0
0.9516215064306367,0.07340376500000001,0.3911121066666667,0.660401269,0.0,0.0
0.9570345540098298,0.0008767985,0.326821774,0.585091421,0.0,0.0
0.8796269601692446,0.0,0.220968874,0.4812213405,0.0,0.0
0.7016181536379621,0.0,0.13109286825,0.30561127475,0.0,0.0
0.685081376366333,0.0,0.20649748166666668,0.3534197266666667,0.0,0.0
0.8777550856735774,0.0,0.302812389,0.5298212275,0.0,0.0
0.9420665074503912,0.0006587965,0.44007376649999996,0.6664948165,0.0,0.0
0.9507162584532062,0.04720702933333334,0.5381165956666667,0.7605408910000001,0.0,0.0
0.9456134564326516,0.055936223,0.62703300975,0.8249653095000001,0.0,0.0
0.9454934653220048,0.000831642,0.7941986225,0.9075410985000001,0.0,0.0
0.8699538140920274,0.0,0.8852751947499999,0.93430792675,0.0,0.0
0.698047773344839,0.0,0.9144781463333334,0.937459304,0.0,0.0
0.659112795314991,0.0,0.878931063,0.9366017719999999,0.0,0.0
0.8698056826662948,0.00044570125,0.7816601237499999,0.9205699012499999,0.0,0.0
0.9205997405308586,0.0271284005,0.8685562360000001,0.9275857705,0.0,0.0
0.9089010564168963,0.0329023745,0.8917845415,0.896039403,0.0,0.0
0.897400597245179,0.025081445666666664,0.8961033303333332,0.8268902106666666,0.0,0.0
0.9011840918102287,0.00030309725,0.9055766460000001,0.93364704625,0.0,0.0
0.7913576251113411,0.0,0.8869237179999999,0.936194605,0.0,0.0
0.6634046193331393,0.0,0.8570554275000001,0.92550423475,0.0,0.0
0.6680798593155688,0.0,0.837253026,0.9274566015000001,0.0,0.0
0.8363320816005497,0.0,0.8301817739999999,0.9319575904999999,0.0,0.0
0.9177985771831381,0.05947828366666666,0.8039653396666667,0.9304186743333333,0.0,0.0
0.9228121345777915,0.39605136225,0.73345080525,0.90188220575,0.0,0.0
0.9217467079943498,0.239348364,0.6459743645,0.8372441535,0.0,0.0
0.9222082930323631,0.0012194305,0.5708256644999999,0.77186015375,0.0,0.0
0.7910045174633383,0.0,0.45995344366666663,0.6977971926666667,0.0,0.0
0.6679460266941745,0.0,0.29481040025,0.52330864425,0.0,0.0
0.6783597273007047,0.0,0.2229991185,0.399207679,0.0,0.0
0.865974883495937,0.0,0.189252235,0.332703847,0.0,0.0
0.9319829594263012,0.049123194333333335,0.19157723433333337,0.35027284566666667,0.0,0.0
0.9360247773050372,0.24433110025,0.19270137375000002,0.34346953075,0.0,0.0
0.9324732563158749,0.1540165665,0.17290082899999998,0.319833579,0.0,0.0
0.929983664427994,0.00151859225,0.19916355149999998,0.34511753,0.0,0.0
0.8159417825301372,0.0,0.254586883,0.435813876,0.0,0.0
0.675436416447519,0.0,0.280697131,0.46573523525,0.0,0.0
0.6407075724940343,0.0,0.22207711525,0.36860859850000005,0.0,0.0
0.7286460005056774,0.0,0.184619814,0.2859331165,0.0,0.0
0.7962332083911617,0.060025687,0.228873099,0.3301645405,0.0,0.0
0.8068248382326859,0.192140091,0.37295989100000004,0.503515712,0.0,0.0
0.80239716985065,0.241098156,0.541751678,0.648732495,0.0,0.0
0.8046943051638838,0.1190070515,0.6675083595,0.7921023359999999,0.0,0.0
0.8260517107634011,0.001516909,0.7863145005000001,0.8773522085000001,0.0,0.0
0.7895790871756754,0.0,0.9050856285,0.9255974677500001,0.0,0.0
0.6730084316233721,0.0,0.9196999683333332,0.937397968,0.0,0.0
0.6261631293323076,0.0,0.9116588117500001,0.93653365275,0.0,0.0
0.7119172352373102,0.00138221025,0.92676198675,0.933340775,0.0,0.0
0.7937993715022291,0.189098242,0.9257124409999999,0.917075893,0.0,0.0
0.7932901008800095,0.342790354,0.9128908655,0.918585142,0.0,0.0
0.7941285982874898,0.3534040526666667,0.91322549,0.9241596896666667,0.0,0.0
0.8195988014405293,0.0040347925,0.8562433885,0.9250054345000001,0.0,0.0
0.7850085907621362,0.0,0.683596549,0.8886314915,0.0,0.0
0.6843838477409934,0.0,0.5263990676666667,0.8277650080000001,0.0,0.0
0.6592572806548684,0.0,0.7379392515000001,0.7623878909999999,0.0,0.0
0.8227917207927229,0.0,0.8980818665,0.882235171,0.0,0.0
0.9121173079736623,0.0023244636666666665,0.9283753069999999,0.9304446030000001,0.0,0.0
0.9194187577224833,0.059602338,0.9223524805,0.9367043315000001,0.0,0.0
0.9211073651785691,0.13909227375,0.8915151355,0.9337394645000001,0.0,0.0
0.9317614022547103,0.004427628,0.896053244,0.9352935490000001,0.0,0.0
0.8669966021616151,0.0,0.9179565799999999,0.93732933025,0.0,0.0
0.7014664407727594,0.0,0.923414901,0.9374229553333334,0.0,0.0
0.6648943351803587,0.0,0.89722603625,0.9359429255,0.0,0.0
0.8548890248921663,0.0,0.8687941955,0.9328651029999999,0.0,0.0
0.9285958690634512,0.06771720499999999,0.8171329009999999,0.9333006319999999,0.0,0.0
0.9277242477722287,0.38542582324999997,0.768499345,0.9218765322500001,0.0,0.0
0.9267192625366147,0.25432749099999996,0.6503794940000001,0.8871263035,0.0,0.0
0.9387719534271124,0.006358256,0.5729069965,0.8514072845,0.0,0.0
0.8958768241487413,0.0,0.5639967746666666,0.8322408936666665,0.0,0.0
0.7702986769959678,0.0,0.6177316605000001,0.856831699,0.0,0.0
0.6721661510088477,0.0,0.669199683,0.86374304125,0.0,0.0
0.6802669201269915,0.0,0.73532184,0.8734191275000001,0.0,0.0
0.8682063654812393,0.0,0.78413127,0.9019710350000001,0.0,0.0
0.9362501520940297,0.004082524333333334,0.8502528706666667,0.927119323,0.0,0.0
0.9388662729614752,0.016445181,0.839304994,0.934341522,0.0,0.0
0.9266656791433995,0.035720431,0.84893914625,0.923555116,0.0,0.0
0.937106937281383,0.0031601285,0.807039652,0.919030011,0.0,0.0
0.8710671776856819,0.0,0.7969569860000001,0.9138387462500001,0.0,0.0
0.7146333791621431,0.0,0.8116089687500001,0.911516024,0.0,0.0
0.7007326108300517,0.0,0.8285447220000001,0.9198830303333333,0.0,0.0
0.8924164909054453,0.0,0.8171462615,0.9193712085,0.0,0.0
0.9702555634583009,0.08544989266666668,0.7952104016666666,0.9184202653333333,0.0,0.0
0.96978693761265,0.350736186,0.748950164,0.898912394,0.0,0.0
0.9671823380217511,0.31487055675000003,0.7313793639999999,0.8630566175000001,0.0,0.0
0.9763029399247238,0.0124149855,0.763553836,0.7963144775,0.0,0.0
0.9051520954082983,0.0,0.6200320884999999,0.73450672,0.0,0.0
0.7515583066528895,0.0,0.5124308385,0.8115689145,0.0,0.0
0.6877642478780491,0.0,0.4658787885,0.76565175225,0.0,0.0
0.7894851334092967,0.0,0.44463483400000003,0.6791996315,0.0,0.0
0.9566573368646761,0.0012130166666666667,0.49762398433333327,0.635767044,0.0,0.0
0.9741287751165966,0.094581847,0.5026038796666666,0.646204374,0.0,0.0
0.9744959643303281,0.1368738665,0.4437643975,0.6409719345,0.0,0.0
0.9798989231839894,0.071665083,0.447096637,0.629428994,0.0,0.0
0.9904500454940011,0.0041016745,0.4292445265,0.611826765,0.0,0.0
0.9740229495166015,0.0,0.4032588745,0.5806306815,0.0,0.0
0.8674399221741931,0.0,0.359772341,0.5691310995000001,0.0,0.0
0.7369327913500496,0.0,0.30105278625,0.53991755475,0.0,0.0
0.7093081322744244,0.0,0.26162470400000004,0.5131916292500001,0.0,0.0
0.7898474611752211,0.0,0.221704824,0.49228100399999997,0.0,0.0
0.8502177167576361,0.0304108095,0.2838757625,0.5528140115,0.0,0.0
0.8582306014871173,0.122504611,0.3587659785,0.602528355,0.0,0.0
0.863034244909388,0.066123197,0.39568270149999996,0.6290152099999999,0.0,0.0
0.8787666316811875,0.004816014666666667,0.43983969500000003,0.670739359,0.0,0.0
0.8260302987509417,0.0,0.5524428193333334,0.7206842936666668,0.0,0.0
0.7208373452268103,0.0,0.65104525375,0.75076472625,0.0,0.0
0.6898927807611844,0.0,0.7128015037500001,0.8165820932499999,0.0,0.0
0.7793575574189084,0.0,0.7503416395,0.875674013,0.0,0.0
0.8460404545571006,0.078137788,0.7367222585,0.898546103,0.0,0.0
0.8558490220778122,0.27429746425,0.64698949875,0.8231269857500001,0.0,0.0
0.8608484368401191,0.16131664950000002,0.5395430025,0.7636190275,0.0,0.0
0.8783867933288745,0.0134619485,0.4995438085,0.765211844,0.0,0.0
0.838838269760146,0.0,0.44305898950000006,0.67962840825,0.0,0.0
0.7399410217642418,0.0,0.28392152219999994,0.4099341128,0.0,0.0
0.798358803759398,0.0,0.2289338656666667,0.29504877366666665,0.0,0.0
0.9841666949069428,0.010519575333333335,0.16562378266666666,0.193919088,0.0,0.0
0.991553899380188,0.2569031545,0.10961715,0.1131947505,0.0,0.0
0.989213513368461,0.35140423649999997,0.08479569849999999,0.065825345,0.0,0.0
0.9892953970886428,0.27636479333333336,0.053457631000000005,0.044370208333333334,0.0,0.0
0.99802212473109,0.0217854395,0.0478506085,0.0460629315,0.0,0.0
0.9253443143002723,0.0,0.05752080475,0.02413831275,0.0,0.0
0.7589086687312806,0.0,0.049931672499999996,0.018354065250000003,0.0,0.0
0.7470420642257837,0.0,0.048756348000000005,0.03160870633333333,0.0,0.0
0.9254629795344914,0.0,0.0518501055,0.042240067,0.0,0.0
0.9952214489996948,0.06998827666666667,0.051358855,0.041468628333333334,0.0,0.0
0.9893922312175116,0.293367403,0.06550222625,0.09602773375,0.0,0.0
0.9897034444776638,0.148368418,0.049531471,0.0803145455,0.0,0.0
0.9978708385146885,0.023160802,0.0573874685,0.075631726,0.0,0.0
0.9246998966255768,0.0,0.09636967225000001,0.10635318025,0.0,0.0
0.7657048635887703,0.0,0.141664271,0.18036672099999998,0.0,0.0
0.7434521768766268,0.0,0.17800461375,0.28701122275,0.0,0.0
0.9487038038216875,0.0,0.2198167706666667,0.30286982833333337,0.0,0.0
0.9942208604243208,0.190682213,0.2442745335,0.3567187275,0.0,0.0
0.9870253048980229,0.577631894,0.278118816,0.45571485075,0.0,0.0
0.9846888736992072,0.419860098,0.2823937365,0.370700774,0.0,0.0
0.9945604199043034,0.0472773755,0.320093238,0.40156379200000003,0.0,0.0
0.9214626750151607,0.0,0.31240253625,0.4641671955,0.0,0.0
0.7765097296620429,0.0,0.3014249305,0.4468516545,0.0,0.0
0.7264309433348639,0.0,0.3268848095,0.43987013175,0.0,0.0
0.8279334834765709,0.0,0.37183714349999997,0.47028450450000003,0.0,0.0
0.9734683707834928,0.0,0.3966348495,0.5044382075,0.0,0.0
0.9921482540345202,0.17029026449999998,0.41505285000000003,0.550536683,0.0,0.0
0.9803013698970707,0.5425759047500001,0.412174138,0.600261001,0.0,0.0
0.9785821073827521,0.408667817,0.42004313299999996,0.599111945,0.0,0.0
0.9926989465524723,0.0682771775,0.4617642835,0.6267391065,0.0,0.0
0.9759532764339747,0.0,0.5178198695,0.654980933,0.0,0.0
0.8221890678910524,0.0,0.55479132525,0.70339111975,0.0,0.0
0.7280877642785278,0.0,0.603771723,0.7557079334999999,0.0,0.0
0.9026359861033475,0.0,0.6272925345,0.7655117862499999,0.0,0.0
0.9925678227248611,0.1314948585,0.6188786989999999,0.7700243155,0.0,0.0
0.9860789322074762,0.32026287875,0.5440307745,0.7866546947499999,0.0,0.0
0.9872797573808809,0.2352326925,0.490921805,0.7525996825,0.0,0.0
0.9954821268340727,0.0282359685,0.5254288185,0.745952446,0.0,0.0
0.921658857830244,0.0,0.5044248165,0.7378294440000001,0.0,0.0
0.7474789758851754,0.0,0.3391944396666666,0.5858169566666667,0.0,0.0
0.7011920470787034,0.0,0.323115638,0.4978750986666667,0.0,0.0
0.7512775998101149,0.0,0.3657357525,0.53478381025,0.0,0.0
0.8481180443545299,0.104919209,0.391237703,0.6098825615,0.0,0.0
0.8546633072134944,0.220484156,0.3437109315,0.5847785670000001,0.0,0.0
0.8536822104584665,0.1904052295,0.32623296749999997,0.5289166265,0.0,0.0
0.8587437353223213,0.162842251,0.336592341,0.534366771,0.0,0.0
0.8758841636437363,0.020051468,0.42730446699999997,0.6035215576666667,0.0,0.0
0.8227281858199379,0.0,0.532194945,0.684005018,0.0,0.0
0.7103498646880378,0.0,0.6055328125,0.72199731425,0.0,0.0
0.6797215768589728,0.0,0.76438403525,0.8407513135,0.0,0.0
0.7703377901276183,0.0,0.8654965889999999,0.9040604995,0.0,0.0
0.839552478403936,0.0239278535,0.8876563895,0.9291516369999999,0.0,0.0
0.8530426848144339,0.0484836375,0.8869810257499999,0.9353365622500001,0.0,0.0
0.8528063144915992,0.087996245,0.9046454955000001,0.9344401375,0.0,0.0
0.8662509537101978,0.016108720333333333,0.9113352126666666,0.9052567799999999,0.0,0.0
0.7972634080209493,0.0,0.9124563204999999,0.862749475,0.0,0.0
0.6954105071885621,0.0,0.9127183117500001,0.8967406045,0.0,0.0
0.7076698277822022,0.0,0.9022231315,0.9075970904999999,0.0,0.0
0.919753486102167,0.0,0.8983434726666667,0.9292097173333334,0.0,0.0
0.9750873473566852,0.068080954,0.898086386,0.933807783,0.0,0.0
0.9733309377461461,0.1884780915,0.8742737165,0.9365768945,0.0,0.0
0.9699520767851451,0.336647241,0.848597235,0.9354962495,0.0,0.0
0.9699489678130198,0.316182597,0.823324659,0.934535683,0.0,0.0
0.9812248371433268,0.0706351415,0.751014645,0.925173726,0.0,0.0
0.911105289523481,0.0,0.63922417875,0.88348429325,0.0,0.0
0.7587458841042508,0.0,0.610354034,0.8600765925,0.0,0.0
0.6996150639377181,0.0,0.489503489,0.7418801884999999,0.0,0.0
0.8098507667189319,0.0,0.41285716,0.6055308335,0.0,0.0
0.9629047670265576,0.0,0.4025626115,0.5770827005,0.0,0.0
0.9838351059707596,0.1949002845,0.359517187,0.567391137,0.0,0.0
0.9765382358714578,0.47125628525,0.306110946,0.49863871000000004,0.0,0.0
0.9738553414195033,0.365438346,0.268111675,0.424271227,0.0,0.0
0.9842501941054849,0.0880606665,0.2961827165,0.427345019,0.0,0.0
0.96917292342154,0.0,0.36175657299999997,0.49422512,0.0,0.0
0.8404082577138491,0.0,0.39169542766666665,0.5078208953333333,0.0,0.0
0.7233539917941317,0.0,0.34221414274999995,0.431472338,0.0,0.0
0.7923960085226218,0.0,0.3002985146666667,0.39299010766666664,0.0,0.0
0.9719717856106356,0.0,0.3901091135,0.46438345150000004,0.0,0.0
0.9867482213247325,0.328065698,0.3905668495,0.5229025815,0.0,0.0
0.9716800031289852,0.7076094077499999,0.43280597374999996,0.5698223400000001,0.0,0.0
0.9710162917969767,0.56508291,0.5607871605,0.657228648,0.0,0.0
0.9845301809319571,0.126963532,0.6770434439999999,0.73575634,0.0,0.0
0.9123652300939658,0.0,0.8309250285,0.85773683375,0.0,0.0
0.7286052987005673,0.0,0.8643796455000001,0.8913605067499999,0.0,0.0
0.7119695880081127,0.0,0.8826666146666667,0.9105493246666666,0.0,0.0
0.9093304091685632,0.0,0.8977982170000001,0.9202084850000001,0.0,0.0
0.9836311050926203,0.024275159,0.9107201453333333,0.9276373903333334,0.0,0.0
0.9830257548053523,0.08724796025,0.88619423375,0.933144933,0.0,0.0
0.9844311065996008,0.0534438575,0.8713533035000001,0.934956535,0.0,0.0
0.990632512325539,0.013235793000000001,0.8443325345,0.932915044,0.0,0.0
0.9153065087651969,0.0,0.6679180895,0.885548729,0.0,0.0
0.7598197002005158,0.0,0.508101679,0.7788981925,0.0,0.0
0.6967843580837918,0.0,0.5028146605,0.6913860624999999,0.0,0.0
0.8040161235331506,0.0,0.520533385,0.6766550965,0.0,0.0
0.958015056498719,0.0,0.5354893095,0.6810721099999999,0.0,0.0
0.9751389647516304,0.1922691465,0.5704007335,0.6819958915,0.0,0.0
0.9688702597232519,0.3551694085,0.654071606,0.6821517775,0.0,0.0
0.9647206579508016,0.38293666299999995,0.673271492,0.717194289,0.0,0.0
0.9636441901016817,0.284255624,0.5925715055,0.7049516675,0.0,0.0
0.9738264466777571,0.0684216985,0.45187317250000003,0.6500118404999999,0.0,0.0
0.9567495380686659,0.0,0.3439219605,0.562366792,0.0,0.0
0.83037286774131,0.0,0.32031259633333337,0.4994135933333333,0.0,0.0
0.6723480806894956,0.0,0.2033301465,0.303674024,0.0,0.0
0.6934489307610163,0.0,0.07956778375,0.10412529475,0.0,0.0
0.8221859818839391,0.072883603,0.033784522,0.044428240333333334,0.0,0.0
0.8403536685175144,0.27732104674999997,0.03786738075,0.0552046585,0.0,0.0
0.8427653771680272,0.22431739750000002,0.0445454105,0.0674546745,0.0,0.0
0.8650851649700311,0.05180606399999999,0.06527961433333333,0.08465164233333333,0.0,0.0
0.8165517733601281,0.0,0.11447051000000001,0.155715375,0.0,0.0
0.7004573102533651,0.0,0.18063208025,0.27993437774999996,0.0,0.0
0.6827004027304462,0.0,0.25171680525,0.37465455175,0.0,0.0
0.7739281727481044,0.0,0.331643119,0.49177593750000004,0.0,0.0
0.837876580855768,0.0785544745,0.39227071550000003,0.586978765,0.0,0.0
0.8452284059689356,0.21077359025000003,0.42393901125,0.6286797885,0.0,0.0
0.8468699909276698,0.18212333,0.3569237555,0.6170579145,0.0,0.0
0.8669103826124633,0.03498758666666667,0.372662263,0.5941433033333333,0.0,0.0
0.8168609292945915,0.0,0.370478676,0.5674330633333334,0.0,0.0
0.7373765456912063,0.0,0.30058013250000004,0.4621370285,0.0,0.0
0.6997036798995093,0.0,0.19510411075,0.27097813075,0.0,0.0
0.8871195101201362,0.0,0.116402782,0.13271760075,0.0,0.0
0.9838312655369863,0.107364977,0.093385867,0.12557325800000002,0.0,0.0
0.9729705300856275,0.24413473474999997,0.09477938375,0.12699257475,0.0,0.0
0.9716414157771991,0.11647570600000001,0.0954938195,0.1319472025,0.0,0.0
0.9731624838082618,0.010876465,0.12189180424999999,0.24298635950000003,0.0,0.0
0.8088527536684276,0.0,0.15582285775,0.39612342874999995,0.0,0.0
0.6972643795301462,0.0,0.233295548,0.439169609,0.0,0.0
0.8044716506759538,0.0,0.27658713300000004,0.4767614155,0.0,0.0
0.9606576489894639,0.0008820235,0.3049083375,0.47596984099999995,0.0,0.0
0.9815214201671939,0.1914490215,0.32882153000000003,0.452001378,0.0,0.0
0.9756246440634936,0.31934206600000004,0.333612352,0.427199808,0.0,0.0
0.9725394857638694,0.44721515749999996,0.2144184275,0.2636175435,0.0,0.0
0.9734199079934154,0.380569085,0.1690081855,0.18443349,0.0,0.0
0.9853364764873062,0.07505129466666667,0.16625160166666667,0.181681576,0.0,0.0
0.8922994182960547,0.0,0.12507288900000002,0.15038789766666666,0.0,0.0
0.768328436813221,0.0,0.0560009385,0.069448766,0.0,0.0
0.7170896872411083,0.0,0.0307513775,0.046432407249999995,0.0,0.0
0.8241891858518404,0.0,0.0329149745,0.0666990455,0.0,0.0
0.9727693181930128,0.000911492,0.045098639499999996,0.08659158049999999,0.0,0.0
0.9910678543375009,0.1244986795,0.059186981,0.0925255155,0.0,0.0
0.9754221976342567,0.35988162200000007,0.087490231,0.10984438125,0.0,0.0
0.9728304909653285,0.19552697349999998,0.1306018395,0.13791524649999998,0.0,0.0
0.9839261794118083,0.0460733845,0.1408149085,0.10768257849999999,0.0,0.0
0.9153403640982004,0.0,0.13957261575000002,0.0882661005,0.0,0.0
0.7580358359551553,0.0,0.125990746,0.12754235149999998,0.0,0.0
0.7020144053718049,0.0,0.128762695,0.17345760249999997,0.0,0.0
0.8105677184925424,0.0,0.13510907900000002,0.18991027900000002,0.0,0.0
0.963998791218676,0.001040077,0.160364945,0.19630905599999998,0.0,0.0
0.9865033928913198,0.1602493455,0.18948682249999999,0.1796838475,0.0,0.0
0.983819744161346,0.342486954,0.152065282,0.11315601133333335,0.0,0.0
0.980904754223229,0.403518585,0.120860354,0.088498655,0.0,0.0
0.9868396605709255,0.259441098,0.113119799,0.093691365,0.0,0.0
0.9935810146822067,0.0042480815,0.1599161825,0.128175361,0.0,0.0
0.8753298440535716,0.0,0.14389904150000002,0.14330141975000002,0.0,0.0
0.7339765851979834,0.0,0.058714559500000006,0.09799877450000001,0.0,0.0
0.7986955895514777,0.0,0.054907144,0.05976949633333333,0.0,0.0
0.9770243951446422,0.001777855,0.06859418449999999,0.0510081395,0.0,0.0
0.9918272110431393,0.150817241,0.069552612,0.0560743435,0.0,0.0
0.983691980769027,0.378144423,0.06356791275,0.0568104565,0.0,0.0
0.9851327804467872,0.33220820700000003,0.06476315233333334,0.05217393433333334,0.0,0.0
0.9938820325546268,0.00524444,0.09181019300000001,0.0931766765,0.0,0.0
0.8748443477186012,0.0,0.17755469325,0.22841655375,0.0,0.0
0.7126711170543327,0.0,0.20208744950000002,0.3267658065,0.0,0.0
0.7046599697060543,0.0,0.2697663198,0.45851932039999993,0.0,0.0
0.7898475069566044,0.001528393,0.3682959115,0.5803338094999999,0.0,0.0
0.849568864271548,0.10379118450000001,0.398220861,0.5878233075,0.0,0.0
0.8582051585204686,0.3384602075,0.35734216100000005,0.4846814995,0.0,0.0
0.8571895434199033,0.5419032005,0.280490895,0.355568313,0.0,0.0
0.8626460855924594,0.418921453,0.237502515,0.285699497,0.0,0.0
0.8790396691265346,0.07341209266666666,0.23324903500000002,0.2975924856666667,0.0,0.0
0.8284960174186978,0.0,0.20155538433333334,0.2721035773333333,0.0,0.0
0.7477851371771046,0.0,0.1287468795,0.20427655849999998,0.0,0.0
0.7062614470960891,0.0,0.1021055255,0.16222455249999998,0.0,0.0
0.7547853557291049,0.00105063875,0.13855424975,0.2935873955,0.0,0.0
0.8525442497389493,0.148951771,0.27005648849999997,0.5048317775,0.0,0.0
0.8602333711636002,0.4274024435,0.353176569,0.521783395,0.0,0.0
0.8600413945874346,0.412601007,0.428953788,0.573123013,0.0,0.0
0.8703007953461596,0.3135922403333333,0.45051506866666663,0.648171658,0.0,0.0
0.8818864453484442,0.006937539,0.4904857885,0.778965587,0.0,0.0
0.8140157531914872,0.0,0.48768549175000003,0.7689819445,0.0,0.0
0.7383443838305997,0.0,0.51458746425,0.80714391825,0.0,0.0
0.8002731593903047,0.0,0.4733188996666667,0.7558406569999999,0.0,0.0
0.9834904411481001,0.09753401633333332,0.4924512816666667,0.7588481456666667,0.0,0.0
0.9916047852391648,0.504879078,0.5226277075,0.703838233,0.0,0.0
0.9887578718465196,0.5468122255000001,0.46581444250000004,0.6447221925,0.0,0.0
0.9884098086232164,0.4468471605,0.4840737235,0.6719660190000001,0.0,0.0
0.9942329761404203,0.312313456,0.47153811,0.7077438355,0.0,0.0
0.9852750597705738,0.00797929,0.4901249223333333,0.7946997993333333,0.0,0.0
0.8712257332574227,0.0,0.508051802,0.8247706255,0.0,0.0
0.7670291621440679,0.0,0.4781505526666667,0.8192269766666667,0.0,0.0
0.7434585776491293,0.0,0.50347187175,0.84939968925,0.0,0.0
0.9478985903469903,0.0036116223333333333,0.6344137019999999,0.9091907603333333,0.0,0.0
0.995375645950868,0.296359746,0.7511559405,0.926316688,0.0,0.0
0.9913261014355886,0.52414311525,0.7681866375,0.9109688334999999,0.0,0.0
0.9917115405133883,0.3419989875,0.819623778,0.9185013275,0.0,0.0
0.9997787171698809,0.07777525049999999,0.859177291,0.9232446285,0.0,0.0
0.981358887040491,0.0,0.8733079020000001,0.928174167,0.0,0.0
0.8536601126171016,0.0,0.868357167,0.912349973,0.0,0.0
0.7451008254717566,0.0,0.833189482,0.8853819145,0.0,0.0
0.7615941233733236,0.0,0.7883068049999999,0.8775425135,0.0,0.0
0.9524975243325521,0.004476605333333334,0.7762852476666667,0.8929538340000001,0.0,0.0
0.9975997670923848,0.321352757,0.807654638,0.91430725,0.0,0.0
0.99207064503953,0.50562809325,0.8121195704999999,0.9261488725,0.0,0.0
0.9923308581358878,0.372560024,0.8393949235,0.918208411,0.0,0.0
0.9995784653857094,0.094870679,0.811502159,0.925599041,0.0,0.0
0.9811229738626062,0.0,0.8227902125,0.928131665,0.0,0.0
0.8530465251986602,0.0,0.841670041,0.9265887236666667,0.0,0.0
0.7342791346286142,0.0,0.8187818685,0.918080378,0.0,0.0
0.731418733936379,0.0,0.7795721485,0.9012725935000001,0.0,0.0
0.937326452301039,0.003977834666666667,0.7860490480000001,0.9112821476666667,0.0,0.0
0.9862467688398893,0.233502718,0.815629288,0.9089693125,0.0,0.0
0.984811950816967,0.3456084595,0.770358203,0.86310173275,0.0,0.0
0.9850312676859764,0.1850478565,0.7636871335,0.8616546295,0.0,0.0
0.9910826065212208,0.025113720000000003,0.752143522,0.9068094616666666,0.0,0.0
0.894610360907866,0.0,0.75346517,0.9123643083333333,0.0,0.0
0.7728774450358624,0.0,0.7055158655,0.876697111,0.0,0.0
0.7225912517625097,0.0,0.66438959175,0.79657014175,0.0,0.0
0.8221820956687824,0.0,0.6308499245,0.780683713,0.0,0.0
0.9653972164977177,0.0065064695,0.693140898,0.8267793564999999,0.0,0.0
0.9872505425410535,0.120068228,0.7345885535,0.8387898895,0.0,0.0
0.9843871471815104,0.21069947374999998,0.7409870205,0.824574944,0.0,0.0
0.9850690777575707,0.13605751,0.6549639695,0.840526985,0.0,0.0
0.9906618948322512,0.027583338333333332,0.5973697786666666,0.8488094500000001,0.0,0.0
0.9211803793502861,0.0,0.6225095015,0.8428521765,0.0,0.0
0.8211586168724185,0.0,0.5989901344999999,0.805910087,0.0,0.0
0.7034112647194379,0.0,0.48141983725,0.6877226595000001,0.0,0.0
0.7040764353082677,0.0,0.37305444266666665,0.5648439033333333,0.0,0.0
0.7955163099052975,0.04743299233333333,0.37958316566666667,0.5873445976666667,0.0,0.0
0.8466352207979606,0.2541638055,0.466141936,0.616665212,0.0,0.0
0.8485165363661805,0.270401422,0.5277546545,0.5843349635,0.0,0.0
0.8507233297743341,0.213396986,0.502113735,0.5591573780000001,0.0,0.0
0.8704390361474599,0.0606440875,0.4337468835,0.5733551975,0.0,0.0
0.8318670145476463,0.0,0.44611803725,0.574474172,0.0,0.0
0.7263970307999047,0.0,0.41325852533333335,0.5278728816666667,0.0,0.0
0.7093338990675626,0.0,0.4137911868333333,0.5346328891666667,0.0,0.0
0.8160163511879168,0.1369812255,0.477449464,0.6403849845,0.0,0.0
0.8471713287495304,0.45630111100000004,0.6276348890000001,0.7148800455,0.0,0.0
0.8479135177708462,0.5495648785,0.6062185845,0.70477218075,0.0,0.0
0.8622406898819729,0.363292712,0.623789755,0.750515454,0.0,0.0
0.8704009060521045,0.038304162,0.632354284,0.8087629595,0.0,0.0
0.819050196831122,0.0,0.6542877029999999,0.8269867966666666,0.0,0.0
0.7443903429569223,0.0,0.63897339,0.823142324,0.0,0.0
0.7100637285893899,0.0,0.72532814075,0.86967994325,0.0,0.0
0.8136491277725192,0.0,0.8063645325,0.9045549024999999,0.0,0.0
0.962858133039241,0.002390488,0.814508809,0.9066000505,0.0,0.0
0.9866232239529259,0.0245800345,0.778888999,0.886947946,0.0,0.0
0.9838019135016496,0.094317321,0.63744637125,0.8133004952499999,0.0,0.0
0.9799989119548862,0.0966416765,0.631186527,0.81161198,0.0,0.0
0.9836506121238807,0.018705272,0.5674321793333333,0.7968565639999999,0.0,0.0
0.9118563252768905,0.0,0.4453170535,0.7515226660000001,0.0,0.0
0.8092984054100995,0.0,0.34355445949999996,0.6139838280000001,0.0,0.0
0.7067969264083223,0.0,0.2189872215,0.4069141115,0.0,0.0
0.707524942338303,0.0,0.0985324125,0.18632324175,0.0,0.0
0.9294269293496136,0.012818425333333333,0.10539012699999999,0.155251812,0.0,0.0
0.9739901684853783,0.13948334,0.120542325,0.18672791,0.0,0.0
0.9644204935246247,0.32055029133333335,0.131623842,0.2119697336666667,0.0,0.0
0.961466337191884,0.3910444886666667,0.24404743166666668,0.34723044599999997,0.0,0.0
0.9805310880585567,0.12416661300000001,0.40420074699999997,0.4975758055,0.0,0.0
0.966683765899398,0.000780724,0.48726637250000004,0.5735831874999999,0.0,0.0
0.8570775761284162,0.0,0.5078925005,0.6275553414999999,0.0,0.0
0.7428365167853282,0.0,0.4497056383333334,0.6218679216666666,0.0,0.0
0.7141676451119413,0.0,0.39842842725,0.58847418275,0.0,0.0
0.9304195931130245,0.005126709,0.392162967,0.5984379986666667,0.0,0.0
0.9787872055276836,0.09932205949999999,0.30537404349999997,0.553787057,0.0,0.0
0.9749530689242063,0.2146001005,0.23075225300000002,0.3997566895,0.0,0.0
0.9739319217082955,0.244322586,0.18602280399999999,0.30792935499999996,0.0,0.0
0.9780128070363927,0.14897302950000002,0.1603651645,0.23722063999999998,0.0,0.0
0.9870761069731046,0.025467454,0.16966574966666667,0.23814980266666666,0.0,0.0
0.9174610904007858,0.0,0.163075886,0.235869494,0.0,0.0
0.8182601317175705,0.0,0.1422230015,0.22281672749999998,0.0,0.0
0.7136945273272625,0.0,0.13447016599999997,0.20125762733333333,0.0,0.0
0.7207701679585119,0.0,0.11608039566666667,0.192262381,0.0,0.0
0.932335122263482,0.003642456666666667,0.109626146,0.164338718,0.0,0.0
0.9819551162046469,0.0571289105,0.108205549,0.1519761685,0.0,0.0
0.9807056911942962,0.11894388750000001,0.1145408975,0.14051160899999998,0.0,0.0
0.9793960076272095,0.14780838400000001,0.14260066,0.1634740385,0.0,0.0
0.9781405932822432,0.142839755,0.15002782650000002,0.1744984335,0.0,0.0
0.9853577817756314,0.049681289999999996,0.16261464533333334,0.18507504966666666,0.0,0.0
0.8625978057421142,0.0,0.248594858,0.27992045774999996,0.0,0.0
0.6982412701205769,0.0,0.2018441105,0.29779715575,0.0,0.0
0.7129805929630102,0.0,0.19055474449999998,0.2947207045,0.0,0.0
0.9234917639704535,0.010759723333333334,0.1981524436666667,0.35657313366666665,0.0,0.0
0.9791828628839072,0.1197645105,0.1773913225,0.365033858,0.0,0.0
0.9778375486174434,0.2120385773333333,0.17139062833333332,0.36193275033333333,0.0,0.0
0.9778065659176056,0.177139085,0.1543809855,0.3053840935,0.0,0.0
0.9835144744172657,0.130390172,0.1005480655,0.20298112000000001,0.0,0.0
0.9548239430585946,0.012527672,0.0730895845,0.09491703575,0.0,0.0
0.7658419423777992,0.0,0.07652622625000001,0.08207310625,0.0,0.0
0.6930931409259434,0.0,0.108180111,0.10896698,0.0,0.0
0.7327876699845746,0.0,0.2174083495,0.2209962015,0.0,0.0
0.8114423343643655,0.044298699999999996,0.322119449,0.3478948475,0.0,0.0
0.8434544019261789,0.14634456133333332,0.41598530499999997,0.4594841543333334,0.0,0.0
0.8410643796791438,0.1988009875,0.5025185945,0.5154396705,0.0,0.0
0.846921974053439,0.126937474,0.554429348,0.5849759665,0.0,0.0
0.86803883371122,0.023784348666666663,0.673926913,0.7160462180000001,0.0,0.0
0.8007549448072335,0.0,0.71846520225,0.8065747435,0.0,0.0
0.6815925598687246,0.0,0.5657390973333333,0.7212700293333333,0.0,0.0
0.6705082784682941,0.0,0.487524788,0.6860781615,0.0,0.0
0.7581997864467321,0.002343329,0.5185813459999999,0.725681469,0.0,0.0
0.8248645100107752,0.0244579095,0.5122738225,0.738455496,0.0,0.0
0.8355117501369883,0.08458483800000001,0.43401821600000007,0.7022048233333334,0.0,0.0
0.8310468506890356,0.0991427,0.38033441450000005,0.689017727,0.0,0.0
0.8458997296450563,0.0584861785,0.42086835499999997,0.7130994915,0.0,0.0
0.8580254804886543,0.0054265335,0.587249067,0.8286458594999999,0.0,0.0
0.7897430947453405,0.0,0.69507823375,0.8597074505,0.0,0.0
0.6889366125639658,0.0,0.50430505925,0.71045632,0.0,0.0
0.7004416056038192,0.0,0.29149087900000004,0.499171829,0.0,0.0
0.8881039902011477,0.0,0.208913597,0.373980572,0.0,0.0
0.9614235892958567,0.0391563495,0.143541296,0.244802138,0.0,0.0
0.9578463968418913,0.1248191245,0.0848045755,0.114479787,0.0,0.0
0.9504018524246465,0.14985619125,0.06420714875,0.039850672499999996,0.0,0.0
0.9544817547164485,0.06345159,0.056522455,0.029437348999999998,0.0,0.0
0.9638261540068863,0.008592262,0.07330512,0.0668583735,0.0,0.0
0.8768274503519433,0.0,0.09832712533333333,0.11218449800000001,0.0,0.0
0.7160527211451544,0.0,0.143558626,0.23637307375,0.0,0.0
0.6947321426676435,0.0,0.22631638466666668,0.41882442366666667,0.0,0.0
0.8910677628787829,0.0,0.2482324795,0.4280456125,0.0,0.0
0.9671301719934096,0.0156422545,0.3000149315,0.4607053185,0.0,0.0
0.9714184412655082,0.065524624,0.30978968949999997,0.5062495615,0.0,0.0
0.9701034086342891,0.12165103000000001,0.3115502205,0.53407014275,0.0,0.0
0.9750041376857552,0.078815868,0.3246665445,0.5618495370000001,0.0,0.0
0.978438730792173,0.014139833,0.32660506,0.5320443340000001,0.0,0.0
0.8834262812941148,0.0,0.29652874166666665,0.44584669233333335,0.0,0.0
0.7531071951239178,0.0,0.23176011349999998,0.3563609295,0.0,0.0
0.6950720221218404,0.0,0.217556915,0.3046763875,0.0,0.0
0.8034220659375673,0.0,0.190748424,0.241455222,0.0,0.0
0.9545457622185117,0.0808114245,0.16101312750000002,0.1929963505,0.0,0.0
0.9736193826088759,0.4047563025,0.1038838775,0.14171267799999998,0.0,0.0
0.9682975989787607,0.496567433,0.08563788374999999,0.067568379,0.0,0.0
0.9682495705172619,0.2417229435,0.07456557350000001,0.048612832499999994,0.0,0.0
0.9805115200102255,0.11089296900000001,0.14316586050000002,0.1474469515,0.0,0.0
0.9652964047767265,0.0005068065,0.32863768250000003,0.358627224,0.0,0.0
0.8347823397328252,0.0,0.305480305,0.4577084396666667,0.0,0.0
0.7002876220389803,0.0,0.40527001474999996,0.56019771025,0.0,0.0
0.718667310404842,0.0,0.638165589,0.7580636835,0.0,0.0
0.9285896511192004,0.018943251666666668,0.731443237,0.8592465926666666,0.0,0.0
0.9809223562732903,0.189430121,0.8082018755,0.8908475335,0.0,0.0
0.9793363206688813,0.2405132025,0.8694016175,0.88359898825,0.0,0.0
0.9826074128975355,0.20756582833333334,0.911285561,0.9184940243333334,0.0,0.0
0.987845948755115,0.039124231,0.9249956345,0.9333430844999999,0.0,0.0
0.8709978439358577,0.0,0.92462616175,0.9349083265000001,0.0,0.0
0.7204240859196194,0.0,0.927627036,0.9352695783333335,0.0,0.0
0.7659220545591098,0.0,0.9260735870000001,0.9357845515000001,0.0,0.0
0.9635779423589708,0.049819193500000004,0.9196861700000001,0.9363471585,0.0,0.0
0.9861337956957358,0.2617564915,0.9311981425,0.936816133,0.0,0.0
0.9846790896378813,0.29507262975,0.9263812665,0.9331485035,0.0,0.0
0.9866953237356492,0.16029920099999997,0.9184431153333333,0.9321918873333335,0.0,0.0
0.9903959591744526,0.0394974825,0.901951824,0.9345923585,0.0,0.0
0.9211630059098599,0.0,0.903755013,0.935212191,0.0,0.0
0.8217631671002841,0.0,0.899337279,0.934777183,0.0,0.0
0.7071953802935936,0.0,0.90188682,0.9350406603333333,0.0,0.0
0.7019329101988183,0.0,0.90199440825,0.9356418772499999,0.0,0.0
0.7772706408537442,0.0873600485,0.912813768,0.9356098905,0.0,0.0
0.8393748577845175,0.3871968455,0.9303383945,0.9338122015,0.0,0.0
0.847739646133915,0.58878614675,0.92831284325,0.931408677,0.0,0.0
0.8520435287900745,0.3614000895,0.921489073,0.9285946270000001,0.0,0.0
0.8704563029132992,0.10005939600000001,0.8926597486666666,0.9263832676666667,0.0,0.0
0.8196242824963971,0.0,0.8733042040000001,0.9166705356666668,0.0,0.0
0.7385128605105348,0.0,0.853399784,0.8979423565,0.0,0.0
0.6972020408561234,0.0,0.783840598,0.8438177685,0.0,0.0
0.7237905719844168,0.0012526336666666667,0.7037655883333334,0.7720844433333335,0.0,0.0
0.8154875126660068,0.276089994,0.6551354265,0.679124821,0.0,0.0
0.8460903803447946,0.5624912995,0.6331157475,0.5839560855,0.0,0.0
0.8437571265672178,0.70733602475,0.53190068125,0.47804462625000005,0.0,0.0
0.8588776023169132,0.53750271,0.4238487595,0.397079048,0.0,0.0
0.8705867561724658,0.1260938515,0.3540285135,0.369801508,0.0,0.0
0.8344794778715038,0.0,0.29203260750000004,0.3200472915,0.0,0.0
0.7733429161775518,0.0,0.18627416600000002,0.21207784400000002,0.0,0.0
0.7273925406764752,0.0,0.098741335,0.11475936675,0.0,0.0
0.7423097813828771,0.0,0.12281025,0.1689233765,0.0,0.0
0.9374952795256574,0.08320953966666667,0.18247758266666667,0.2824769133333333,0.0,0.0
0.984269899275005,0.5249833945,0.199225607,0.3409504615,0.0,0.0
0.9721824005113575,0.7621913276666668,0.2892157376666667,0.39027579233333337,0.0,0.0
0.964720109243085,0.6633755594999999,0.386445531,0.5772837980000001,0.0,0.0
0.9700111008052592,0.344891382,0.4701939915,0.690321945,0.0,0.0
0.9692167532991252,0.04064684366666667,0.6201309693333333,0.7435540633333333,0.0,0.0
0.853853476086766,0.0,0.6245895955,0.7608873395,0.0,0.0
0.7547774690682943,0.0,0.6516408005000001,0.7961944045,0.0,0.0
0.7033273121415142,0.0,0.7244210867499999,0.81616181425,0.0,0.0
0.8131337764758786,0.0,0.7074335485,0.865521575,0.0,0.0
0.959383306718009,0.132996682,0.652055436,0.854532472,0.0,0.0
0.9732905672615021,0.5606873565,0.5078749170000001,0.7642249834999999,0.0,0.0
0.964658723096822,0.8449477583333334,0.33458723033333326,0.49985281933333336,0.0,0.0
0.9595083955782621,0.788378,0.266533131,0.4321446925,0.0,0.0
0.9682341630007854,0.53846494,0.22706026,0.41290829100000004,0.0,0.0
0.9744409789317939,0.08412358800000001,0.2105352116666667,0.35038115333333336,0.0,0.0
0.8629751295494682,0.0,0.1500611345,0.2454905965,0.0,0.0
0.7554220543727141,0.0,0.16183005533333336,0.23024091966666668,0.0,0.0
0.7288853311969424,0.0,0.26193580125,0.37125506775000006,0.0,0.0
0.931987378964846,0.03123231,0.3850149596666667,0.5657958696666667,0.0,0.0
0.9709348651474243,0.30363518700000003,0.4454408965,0.626278782,0.0,0.0
0.9609076437826243,0.53084689,0.5659652956666666,0.715740138,0.0,0.0
0.9541665637898535,0.3605358775,0.616593517,0.7677048335,0.0,0.0
0.962329614541092,0.15734812450000002,0.5963536365,0.8290479165,0.0,0.0
0.9724832049850565,0.0196168935,0.624956005,0.853422119,0.0,0.0
0.8819034530580462,0.0,0.680165513,0.8569264136666668,0.0,0.0
0.7519110791157639,0.0,0.7087898625,0.8389192175,0.0,0.0
0.6921984084467132,0.0,0.6346531907499999,0.72048803775,0.0,0.0
0.7928463008317901,0.0,0.4811387185,0.5008227485000001,0.0,0.0
0.9459150914247418,0.013640954,0.3682113425,0.41252954,0.0,0.0
0.9707060842780104,0.09356249950000001,0.25232794950000004,0.324104199,0.0,0.0
0.9687470302114553,0.22835344833333335,0.13821481633333332,0.15562068466666668,0.0,0.0
0.9661996410735976,0.276633144,0.1140994585,0.12324083549999999,0.0,0.0
0.9708202461774027,0.2027513345,0.0745311455,0.0929266555,0.0,0.0
0.9670963699976997,0.029630455333333333,0.05787276533333333,0.080408091,0.0,0.0
0.8338574627890862,0.0,0.045807746,0.053373873666666675,0.0,0.0
0.707615307134075,0.0,0.033448406,0.044769355,0.0,0.0
0.704622982554826,0.0,0.0386414815,0.067698052,0.0,0.0
0.901367930373898,0.002755692,0.0731812455,0.155346252,0.0,0.0
0.9728944375246411,0.10856928300000002,0.10093696233333334,0.26824339966666666,0.0,0.0
0.9720469790802498,0.18655128166666665,0.149756309,0.37460270833333337,0.0,0.0
0.9671797777573423,0.171059167,0.2407392585,0.46158149049999997,0.0,0.0
0.9728516134254022,0.10463005650000001,0.325698074,0.541625347,0.0,0.0
0.9792619578043655,0.03526028,0.39482138,0.62318586,0.0,0.0
0.9114992095282297,0.0,0.442965954,0.7001338185,0.0,0.0
0.8086189665006933,0.0,0.43740846850000004,0.7132893565,0.0,0.0
0.6727515942475409,0.0,0.39855915066666664,0.6994504723333334,0.0,0.0
0.6649042106186502,0.0,0.34083036675,0.6519120005,0.0,0.0
0.7540223185272532,0.0244823985,0.268068466,0.5513801574999999,0.0,0.0
0.8192722721151866,0.098961119,0.197273264,0.486041422,0.0,0.0
0.826163586566442,0.17158553575000002,0.148011393,0.36583568099999997,0.0,0.0
0.8254133280189035,0.124659535,0.1367397125,0.339788133,0.0,0.0
0.8498899224986166,0.04905526933333334,0.11762963666666666,0.30243481499999997,0.0,0.0
0.8059866456628259,0.0,0.15694842166666667,0.33125563333333335,0.0,0.0
0.7134798280978976,0.0,0.1265943585,0.255429491,0.0,0.0
0.6551960433810428,0.0,0.11202724075,0.22409790275,0.0,0.0
0.7043230392071476,0.0,0.09929293850000001,0.166664365,0.0,0.0
0.7925676398817453,0.0419663035,0.087489415,0.139858064,0.0,0.0
0.82398591658399,0.14216963500000002,0.0687749515,0.1146905535,0.0,0.0
0.8195551849616652,0.2664851466666667,0.05746581233333333,0.097179469,0.0,0.0
0.8178539588383732,0.24571617150000002,0.0683180175,0.084605389,0.0,0.0
0.8394693143657486,0.16432938149999998,0.08472115899999999,0.11146659249999999,0.0,0.0
0.8266753717212337,0.03931348,0.13228068766666667,0.16667266233333333,0.0,0.0
0.7286585620328614,0.0,0.169827473,0.285089147,0.0,0.0
0.6953532662269855,0.0,0.20914469,0.36697167975,0.0,0.0
0.8961739100989417,0.0,0.2011303425,0.331918621,0.0,0.0
0.9689368884324745,0.09946552333333332,0.17411379000000002,0.257771558,0.0,0.0
0.9624812664883176,0.3117466135,0.15630929,0.20727596250000002,0.0,0.0
0.9533626762163572,0.4198162665,0.156728869,0.144084006,0.0,0.0
0.9511047226325287,0.5155341375,0.1752941495,0.1449115465,0.0,0.0
0.9591362838253321,0.39292518,0.165710879,0.167284861,0.0,0.0
0.9503779639069003,0.10389512050000001,0.15962181450000001,0.1803776535,0.0,0.0
0.8500261974007408,0.0,0.166421561,0.18657898750000002,0.0,0.0
0.7496117492689455,0.0,0.140100896,0.1724842435,0.0,0.0
0.6911978922842091,0.0,0.10563590325,0.16204099100000002,0.0,0.0
0.7975741641361518,0.0,0.08792341349999999,0.16248227650000002,0.0,0.0
0.9535192657898279,0.006630889,0.098020173,0.19319976700000002,0.0,0.0
0.9780175618343862,0.071019883,0.103522995,0.2212456565,0.0,0.0
0.9728454869695977,0.169445103,0.113494666,0.24120565100000002,0.0,0.0
0.9675047525966224,0.2408550165,0.1509176175,0.28438595,0.0,0.0
0.9676035526122806,0.30479899099999996,0.209195253,0.357693405,0.0,0.0
0.9790475328916988,0.2008859385,0.27714793849999997,0.4572746995,0.0,0.0
0.9645899456353979,0.0411228145,0.3764140185,0.6138984805000001,0.0,0.0
0.8565597103487501,0.0,0.46586182649999996,0.7343369245,0.0,0.0
0.7415325634966199,0.0,0.5709325959999999,0.8027757473333333,0.0,0.0
0.717673434995501,0.0,0.725467065,0.873171978,0.0,0.0
0.9094726884923499,0.0,0.792239097,0.896124743,0.0,0.0
0.9824306457243601,0.0723695785,0.83293734,0.9064663875000001,0.0,0.0
0.9825038427986492,0.2044775435,0.891289149,0.9164539734999999,0.0,0.0
0.9797580154436933,0.30773810850000005,0.8926292364999999,0.9146556535,0.0,0.0
0.9785138937904119,0.2734452715,0.8965401225,0.920724134,0.0,0.0
0.982259791608268,0.21005357200000002,0.8883038745,0.9246623519999999,0.0,0.0
0.9858207078885997,0.1036714235,0.8742494995000001,0.9244445134999999,0.0,0.0
0.9195476869421892,0.0040693685,0.8913050730000001,0.9242127465000001,0.0,0.0
0.8197678724609236,0.0,0.8953276495,0.927152184,0.0,0.0
0.712018828016448,0.0,0.861185008,0.9261852063333333,0.0,0.0
0.7534274608351071,0.0,0.8104037092499999,0.91919302775,0.0,0.0
0.9658294800089297,0.028649389666666667,0.733537325,0.8998781916666667,0.0,0.0
0.9811825465161166,0.1461076155,0.7695092295,0.8847016715,0.0,0.0
0.9797580154436933,0.268608376,0.7534817229999999,0.8474908655,0.0,0.0
0.9788449493784334,0.3196695165,0.6841927315,0.7866939975,0.0,0.0
0.9822510133996085,0.18621842700000002,0.543678164,0.6709171765,0.0,0.0
0.9845566526048037,0.093266845,0.36399391999999997,0.5992153455,0.0,0.0
0.9152310714874202,0.0087134475,0.304570128,0.591007218,0.0,0.0
0.8139427847268331,0.0,0.27972535200000004,0.52906842,0.0,0.0
0.7169038142424421,0.0,0.2170778396666667,0.439847972,0.0,0.0
0.7687433764185717,0.0,0.1558825305,0.28934189849999997,0.0,0.0
0.9721491470747233,0.13323578566666666,0.134064046,0.26303409433333336,0.0,0.0
0.9781537148510092,0.5591564375,0.129893203,0.2412849085,0.0,0.0
0.9679645088318748,0.6614120655,0.16624674849999999,0.17970108825,0.0,0.0
0.9689471601101256,0.538606999,0.20544884400000002,0.238086154,0.0,0.0
0.9753639508943339,0.3431902145,0.29147444899999997,0.356958408,0.0,0.0
0.9140727655508608,0.024453760499999998,0.37220858700000004,0.4391856745,0.0,0.0
0.7573389321540369,0.0,0.44961502425,0.51770294925,0.0,0.0
0.6855659469536711,0.0,0.48242589025000004,0.524951065,0.0,0.0
0.7301489635603453,0.0,0.558619388,0.6403207895,0.0,0.0
0.8087165322026908,0.0710147355,0.6031663174999999,0.655768729,0.0,0.0
0.8415475443593408,0.217702747,0.5850215245,0.6444682155,0.0,0.0
0.8389705593655968,0.403760487,0.49436476533333334,0.5712303019999999,0.0,0.0
0.8414613628374745,0.3718656425,0.4491142535,0.528082172,0.0,0.0
0.8604084771513525,0.1942752975,0.39225424750000004,0.5368428965,0.0,0.0
0.8495367233621673,0.039369287,0.32434716750000003,0.5445946134999999,0.0,0.0
0.796709469372523,0.0010483625,0.26822711850000003,0.486250077,0.0,0.0
0.7021542158824687,0.0,0.201175191,0.384562664,0.0,0.0
0.61597447205805,0.0,0.21060868900000002,0.3732466405,0.0,0.0
0.6149094340961239,0.0,0.307278221,0.4855522175,0.0,0.0
0.6827105867843132,0.036777855000000005,0.34832321633333335,0.5643105396666667,0.0,0.0
0.7722936514629263,0.20988054750000001,0.3515311895,0.560613359,0.0,0.0
0.7747758596906503,0.43833431675000006,0.426997907,0.630849157,0.0,0.0
0.7803327564020875,0.445049644,0.435064163,0.644576888,0.0,0.0
0.7877463257744985,0.30097175600000003,0.39933829249999997,0.6084765495,0.0,0.0
0.7617600398631704,0.0339965665,0.3850708405,0.540414226,0.0,0.0
0.696555165776491,0.0,0.33295561775,0.42860900125,0.0,0.0
0.6588320541361791,0.0,0.2905201905,0.47972141025000004,0.0,0.0
0.8117598417100464,0.045629191000000006,0.24705722,0.41490837533333336,0.0,0.0
0.9053292131013835,0.3831200725,0.1467573355,0.283107043,0.0,0.0
0.9033584242852406,0.6622381865,0.11951834650000001,0.2053967325,0.0,0.0
0.897117013879803,0.789360693,0.0993141505,0.1719369535,0.0,0.0
0.8936650930647954,0.569482231,0.067871486,0.10456200933333333,0.0,0.0
0.8962472900014826,0.171092212,0.043709213499999996,0.054934765499999996,0.0,0.0
0.8558448844366492,0.012303479499999999,0.065986642,0.0795786475,0.0,0.0
0.7657356786217235,0.0,0.1567914,0.19447159,0.0,0.0
0.6687775861039417,0.0,0.287148631,0.372885483,0.0,0.0
0.643090694906896,0.0,0.5490898055,0.6043686374999999,0.0,0.0
0.7657999602918442,0.0,0.6524550075,0.804443672,0.0,0.0
0.8830206113412509,0.0156300565,0.582093059,0.7823717905,0.0,0.0
0.9115099993679018,0.061664288,0.49302506300000004,0.741649781,0.0,0.0
0.9023287047654149,0.10257524425,0.36484415000000003,0.6710748447499999,0.0,0.0
0.8944079906694544,0.1195555925,0.3663999745,0.6677873235,0.0,0.0
0.8938412506618241,0.07227587199999999,0.438847494,0.7264788689999999,0.0,0.0
0.8505627167901975,0.012487007999999999,0.46481855299999997,0.791678815,0.0,0.0
0.7580975802515588,0.0,0.47107902700000004,0.8255262375000001,0.0,0.0
0.6444804562820956,0.0,0.49207975000000004,0.81880773725,0.0,0.0
0.6298902821262471,0.0,0.44870752550000004,0.7952632895,0.0,0.0
0.7369019763170965,0.0,0.5206044905,0.8526009235,0.0,0.0
0.8612851047285086,0.0794371875,0.5318707309999999,0.85990039,0.0,0.0
0.8833852251292066,0.42924779999999996,0.475531641,0.7320000625,0.0,0.0
0.8774405805758878,0.48441212899999997,0.340986964,0.5502776835000001,0.0,0.0
0.8693025842069426,0.3603276525,0.2086408135,0.3739382095,0.0,0.0
0.8688930280389218,0.297894946,0.16900427899999998,0.28042402899999996,0.0,0.0
0.8759053165999586,0.1792381155,0.1629952765,0.2540119155,0.0,0.0
0.8497003081229202,0.019579397999999998,0.280026718,0.33821205,0.0,0.0
0.7590889639199254,0.0,0.415127766,0.5261532165,0.0,0.0
0.6515367575489694,0.0,0.4251002423333334,0.626414683,0.0,0.0
0.646105604980995,0.0,0.3914806845,0.6791423722500001,0.0,0.0
0.840512589869626,0.06961243866666667,0.33802471733333334,0.6113229003333334,0.0,0.0
0.8881118539712665,0.28520449200000003,0.3423528165,0.5233196365,0.0,0.0
0.8872039999975908,0.23840836650000002,0.394723461,0.573255851,0.0,0.0
0.8875439709154604,0.265601616,0.571636486,0.786667834,0.0,0.0
0.8875227569669406,0.1875906015,0.7980391085,0.8785324560000001,0.0,0.0
0.8941403939501,0.183259431,0.8877309794999999,0.9320858975,0.0,0.0
0.8522111825199152,0.058048764,0.8828596,0.936405124,0.0,0.0
0.7613789441083172,0.0,0.8535868904999999,0.935150624,0.0,0.0
0.656649427377585,0.0,0.8163026756666666,0.9300725236666666,0.0,0.0
0.659021504709653,0.0,0.7999858445000001,0.92722863575,0.0,0.0
0.8506579812592495,0.14169790566666665,0.6981319739999999,0.8803616463333334,0.0,0.0
0.8960322250412938,0.584777647,0.5953240295,0.7859015515000001,0.0,0.0
0.8890688717252923,0.83589799,0.40077814866666667,0.6334942963333333,0.0,0.0
0.8801817445965231,0.7004707596666666,0.18299133066666665,0.339558753,0.0,0.0
0.8828375043878706,0.29497402699999997,0.0834402525,0.141341263,0.0,0.0
0.8269228670688685,0.018232108666666667,0.19592308299999997,0.18973616299999999,0.0,0.0
0.6998717108426802,0.0,0.522198215,0.48243645949999997,0.0,0.0
0.6172285377102174,0.0,0.7144724855,0.7573471595,0.0,0.0
0.6008100941169934,0.0,0.79068394925,0.87311701925,0.0,0.0
0.668096028839389,0.10308369333333334,0.8359092553333333,0.924028877,0.0,0.0
0.7462087484385123,0.474905432,0.7549079255,0.9206628084999999,0.0,0.0
0.7398321222713634,0.670854877,0.5746172325000001,0.852515173,0.0,0.0
0.7346594454358852,0.616520655,0.34860357866666664,0.7144536933333333,0.0,0.0
0.7411276098192632,0.385989524,0.2347674955,0.553382912,0.0,0.0
0.7450861038213457,0.1503751625,0.2918571215,0.531461731,0.0,0.0
0.6998810148312045,0.00069907175,0.30808699325,0.520079751,0.0,0.0
0.6157175965062925,0.0,0.23587939800000002,0.3587909335,0.0,0.0
0.5999746141931921,0.0,0.23169827625,0.33952981250000003,0.0,0.0
0.6441459488074961,0.0682837395,0.222358576,0.37056384200000003,0.0,0.0
0.7125598127010594,0.38359725050000004,0.1591473155,0.3497817635,0.0,0.0
0.7224250496220996,0.6513142869999999,0.1170425065,0.313811643,0.0,0.0
0.7111434654225158,0.7857582505,0.09583704400000001,0.2793540095,0.0,0.0
0.7004087561234822,0.7555691204999999,0.08117956700000001,0.21659065,0.0,0.0
0.7050157367321881,0.5215232655,0.0791956415,0.1842764565,0.0,0.0
0.721263680494798,0.1819300015,0.123277576,0.2176084975,0.0,0.0
0.7188869473347727,0.0,0.1509158895,0.269047011,0.0,0.0
0.6699628817762747,0.0,0.14054482333333335,0.2600411603333333,0.0,0.0
0.6223678696453884,0.0,0.18523707966666667,0.26660271766666666,0.0,0.0
0.6657674308649963,0.0,0.1690491335,0.190058322,0.0,0.0
0.8149659892064989,0.075089951,0.1507902585,0.13538527449999999,0.0,0.0
0.8709408086808378,0.392655072,0.10604055800000001,0.12633572433333332,0.0,0.0
0.8567602364496197,0.6573770430000001,0.097782169,0.1694997235,0.0,0.0
0.847818855359191,0.6584067385,0.113078998,0.227244764,0.0,0.0
0.8478176666039523,0.60766149,0.1391937595,0.3330760165,0.0,0.0
0.8618727386608978,0.304912748,0.1625255705,0.3819991655,0.0,0.0
0.8479915839851067,0.035706422,0.2525138875,0.4176810705,0.0,0.0
0.7584264870130584,0.0,0.346566821,0.524311884,0.0,0.0
0.6638987338648887,0.0,0.428689375,0.6443569499999999,0.0,0.0
0.6320426577829052,0.0,0.58529108575,0.7707331527500001,0.0,0.0
0.7493303908589826,0.0011536435,0.717441733,0.8878013069999999,0.0,0.0
0.8669793887330695,0.07857481350000001,0.7640728035,0.904775495,0.0,0.0
0.8924800411139178,0.23323028,0.7681777974999999,0.8914255474999999,0.0,0.0
0.8894973557454815,0.384782518,0.7672303989999999,0.8842087483333333,0.0,0.0
0.8799274979317027,0.4317309405,0.774588614,0.8779579955,0.0,0.0
0.8811485768337033,0.3179438705,0.7739772604999999,0.8896374119999999,0.0,0.0
0.8773803678748553,0.124034199,0.8100630405,0.9156005375,0.0,0.0
0.7564942626580098,0.00033915075,0.8374258772500001,0.9284868745,0.0,0.0
0.6374610812311314,0.0,0.82965104825,0.9168528464999999,0.0,0.0
0.6840824032693192,0.0,0.792074044,0.9051409374999999,0.0,0.0
0.8307306997654779,0.078148513,0.7695985775,0.8914676335,0.0,0.0
0.8940427063873749,0.520426893,0.748774969,0.8562382796666667,0.0,0.0
0.8879566359069657,0.8623706963333332,0.6805285706666666,0.7816267863333333,0.0,0.0
0.8766820010389603,0.8239144585,0.7434268245,0.8280520014999999,0.0,0.0
0.8776382263885876,0.5839127465,0.7285864715,0.8609235005,0.0,0.0
0.8763994539480793,0.22941619800000002,0.751042242,0.888493246,0.0,0.0
0.80404097212218,0.000748561,0.7956694225000001,0.9082964535,0.0,0.0
0.6904982948011278,0.0,0.7776307610000001,0.891188623,0.0,0.0
0.6360784406818966,0.0,0.7729334095,0.902025013,0.0,0.0
0.7585147943964345,0.0020681875,0.7850771495,0.9155107945000001,0.0,0.0
0.8704300751105488,0.17648483399999998,0.7979912655,0.9236549785,0.0,0.0
0.8890343382183874,0.520079473,0.8083566075,0.9243171914999999,0.0,0.0
0.8769266618302618,0.706510055,0.8195132260000001,0.9154073010000001,0.0,0.0
0.8641510374617686,0.725240503,0.851528455,0.9262858805,0.0,0.0
0.8677525071293164,0.47727220000000004,0.8530245875,0.9324454095,0.0,0.0
0.8582411855706856,0.10376609333333332,0.8894711956666667,0.9368307923333333,0.0,0.0
0.75787099399005,0.0,0.891616007,0.9365245255,0.0,0.0
0.6493392909333244,0.0,0.882572251,0.9349945336666666,0.0,0.0
0.6416579685209265,0.0,0.87563337425,0.93638690975,0.0,0.0
0.8151043823894493,0.0327765485,0.8753843969999999,0.936573815,0.0,0.0
0.8780474625328473,0.2283144025,0.8433235459999999,0.935345502,0.0,0.0
0.8755569789856368,0.5438681785,0.7528147385,0.9194448500000001,0.0,0.0
0.8585597596746235,0.6609524767499999,0.650020715,0.86679448775,0.0,0.0
0.8552224579163448,0.4108684045,0.5830743140000001,0.8395281625,0.0,0.0
0.8600951608089017,0.1376874555,0.6234059949999999,0.8525747340000001,0.0,0.0
0.8063330325393387,0.0007573075,0.659791521,0.8417545145,0.0,0.0
0.6963917182112473,0.0,0.5679882265,0.7835225290000001,0.0,0.0
0.5989603364515602,0.0,0.47770420474999997,0.7365020757499999,0.0,0.0
0.5966664472688008,0.0,0.38853370200000004,0.6556118980000001,0.0,0.0
0.635003058654223,0.057801505499999996,0.327927319,0.5949297865000001,0.0,0.0
0.7196402234155369,0.42829750166666664,0.2504582256666667,0.5442791493333333,0.0,0.0
0.7324535969128739,0.509056205,0.18341651333333334,0.3127072563333333,0.0,0.0
0.7277572573610627,0.337823505,0.16006655250000001,0.21167045750000002,0.0,0.0
0.7392979573530515,0.18419606649999998,0.136864559,0.19530879299999998,0.0,0.0
0.737698274536266,0.05418478933333334,0.10303866566666665,0.15897860766666666,0.0,0.0
0.6704108614443121,0.0,0.109958276,0.16138966449999997,0.0,0.0
0.5925026952213867,0.0,0.0931783735,0.13742252375,0.0,0.0
0.6275632767395227,0.019118043666666668,0.07158276833333334,0.10563455633333334,0.0,0.0
0.722057692667163,0.117444331,0.0598282795,0.0891599475,0.0,0.0
0.7453790291653709,0.208637898,0.049285142000000004,0.053748726499999996,0.0,0.0
0.7389772458679378,0.23234064650000003,0.0425835145,0.07090049975000001,0.0,0.0
0.747547783892295,0.1185182885,0.0675995675,0.16445940850000001,0.0,0.0
0.7422505440631357,0.031956848333333336,0.09421691066666667,0.14367033366666668,0.0,0.0
0.6816013608318217,0.0,0.0900637755,0.1237097905,0.0,0.0
0.6299221829806467,0.0,0.094230534,0.10492338325,0.0,0.0
0.7821251626162417,0.016298521333333333,0.11734108866666666,0.11798917966666667,0.0,0.0
0.8877017034627865,0.16591746200000002,0.102261429,0.1310729055,0.0,0.0
0.8835236183864773,0.402409393,0.1101408245,0.1172002835,0.0,0.0
0.8664711392239774,0.3927017156666666,0.090750014,0.09729493333333333,0.0,0.0
0.8594875473902943,0.2686885625,0.09239820500000001,0.088171551,0.0,0.0
0.8617132686506163,0.204107627,0.10170863150000001,0.0734165785,0.0,0.0
0.8442925944712655,0.031277764,0.120001991,0.08839530400000001,0.0,0.0
0.7588982675131243,0.0,0.146646343,0.12662839650000002,0.0,0.0
0.649132257360592,0.0,0.1859385,0.20855845066666667,0.0,0.0
0.6434940217596405,0.0,0.17204540825,0.2601280635,0.0,0.0
0.8175367563550862,0.035091546,0.177920325,0.2796909415,0.0,0.0
0.8843139729533206,0.20796217849999998,0.167754384,0.260138094,0.0,0.0
0.8786150711976348,0.44528058000000004,0.212818343,0.27757633849999996,0.0,0.0
0.8580116274582403,0.513501322,0.24605428499999998,0.27599526500000005,0.0,0.0
0.8491562906941688,0.29520271249999996,0.208979479,0.287588856,0.0,0.0
0.8509385775627749,0.068740288,0.24143660449999998,0.33573135,0.0,0.0
0.7825334690862732,0.0014695773333333335,0.40932828699999996,0.49142313,0.0,0.0
0.6605131978890075,0.0,0.52030427,0.6408059495,0.0,0.0
0.6246902041047215,0.0,0.558887299,0.76153720525,0.0,0.0
0.7667129349677516,0.04004920033333333,0.4566307563333334,0.7212229250000001,0.0,0.0
0.855131521596485,0.1951224295,0.29385704749999997,0.5581906244999999,0.0,0.0
0.8482477965986503,0.6248572885,0.1965684225,0.369512409,0.0,0.0
0.8426545528503955,0.8100917485,0.2780238175,0.312026904,0.0,0.0
0.8352673179553218,0.6675918985,0.3274644885,0.33974490999999996,0.0,0.0
0.8327314196721822,0.4661654916666667,0.232364279,0.3033540556666667,0.0,0.0
0.8251599043537241,0.0793173835,0.1832147365,0.266555152,0.0,0.0
0.7640242113169293,0.0,0.159819757,0.2444809605,0.0,0.0
0.6487378497023578,0.0,0.12662741666666666,0.15858012300000002,0.0,0.0
0.641481479504338,0.0,0.113445941,0.1138477895,0.0,0.0
0.807178342082888,0.1250727775,0.115810209,0.100713414,0.0,0.0
0.8498590465229128,0.386892968,0.103852087,0.10919044,0.0,0.0
0.8461602399116437,0.6351535475000001,0.091155234,0.123872958,0.0,0.0
0.839074434326877,0.8705612249999999,0.10894844599999999,0.15173968975,0.0,0.0
0.831087952709648,0.7296949145,0.15268977,0.223526893,0.0,0.0
0.8304141372553926,0.426419607,0.208719005,0.2971787345,0.0,0.0
0.8240727381533783,0.08603736399999999,0.3462963055,0.3872851805,0.0,0.0
0.7130823419389133,0.0,0.45138311375,0.5193135095,0.0,0.0
0.6245126748622687,0.0,0.4116290635,0.533375962,0.0,0.0
0.733571166708286,0.021817963,0.374055907,0.5469770185,0.0,0.0
0.8371559944416478,0.3195537655,0.341392,0.60279494,0.0,0.0
0.8427609880760842,0.7148908956666666,0.2878524666666667,0.5983586636666667,0.0,0.0
0.8354626777459906,0.8727098134999999,0.35203167825,0.62485560225,0.0,0.0
0.8291844021045541,0.5197912823333334,0.4845286123333333,0.7745330333333333,0.0,0.0
0.8226617400132874,0.0894299245,0.533372905,0.844579057,0.0,0.0
0.7644131478768892,0.000548794,0.5554074090000001,0.854987206,0.0,0.0
0.6241015108956652,0.0,0.48936426366666663,0.8189907393333332,0.0,0.0
0.5919199990267234,0.0,0.41660142224999996,0.7458420317500001,0.0,0.0
0.6523870657853819,0.22926932066666664,0.3585185393333334,0.6934803199999999,0.0,0.0
0.7205602845442116,0.667130217,0.318554431,0.6399175675,0.0,0.0
0.7136760260991215,0.8733579283333333,0.2983588636666667,0.5417326213333333,0.0,0.0
0.7039178949226674,0.760840392,0.37309764349999996,0.5717820140000001,0.0,0.0
0.709352628880565,0.532815588,0.32705259600000003,0.548286995,0.0,0.0
0.7196033734399992,0.2338810545,0.2663697805,0.4938384175,0.0,0.0
0.7088954024507328,0.00254874,0.2520909603333333,0.43303398333333337,0.0,0.0
0.6413894002106227,0.0,0.2183093485,0.366016885,0.0,0.0
0.599170395150589,0.0,0.1474814515,0.23787092099999999,0.0,0.0
0.6326210678194178,0.07635194833333332,0.06764799466666667,0.08789174500000001,0.0,0.0
0.7202949051748131,0.387170285,0.041864754500000004,0.0411784565,0.0,0.0
0.7354356345787842,0.6618489065,0.043927225,0.0598701355,0.0,0.0
0.7235915622432305,0.7547789604999999,0.0583508185,0.0808898225,0.0,0.0
0.7157112414854452,0.5829773425,0.094733137,0.121262543,0.0,0.0
0.722520451187567,0.32027965433333333,0.210336186,0.27287558100000003,0.0,0.0
0.7282863244926079,0.067437735,0.42331067899999997,0.5103167985,0.0,0.0
0.7005944919390259,0.0,0.5654030655,0.7047968275000001,0.0,0.0
0.6486551885905038,0.0,0.649139189,0.840385123,0.0,0.0
0.639876996083402,0.0,0.49657384824999995,0.7626928465,0.0,0.0
0.8264237615488069,0.129599207,0.4667387376666667,0.7760022763333333,0.0,0.0
0.8637821260207694,0.5129155839999999,0.5376635785,0.812291583,0.0,0.0
0.8568770957098361,0.7981611826666667,0.7016966336666667,0.7910025323333333,0.0,0.0
0.8506562591558493,0.6899945185,0.7944407465,0.8377322155,0.0,0.0
0.8578775319283336,0.4999535705,0.814090116,0.8893879115,0.0,0.0
0.8520003085134097,0.11740994199999999,0.7220090306666668,0.89552824,0.0,0.0
0.7592264885200389,0.0,0.634499726,0.8676806515,0.0,0.0
0.6491510634015797,0.0,0.5821192169999999,0.8509431926666666,0.0,0.0
0.6409600131972388,0.0,0.5430752705,0.79791338275,0.0,0.0
0.8106802801244887,0.0163503235,0.662342687,0.7979437334999999,0.0,0.0
0.8779877221876787,0.10753727566666667,0.7957302126666667,0.9051701310000001,0.0,0.0
0.8699928586259233,0.37345113674999997,0.859108277,0.930886288,0.0,0.0
0.8664155289392885,0.465845442,0.8442619855,0.9315327505,0.0,0.0
0.8724455776971216,0.324973368,0.7589464975,0.9132917235,0.0,0.0
0.8483154616319148,0.068366181,0.6180968735,0.873738979,0.0,0.0
0.7585326022397597,0.0006644765,0.5876659915,0.8671945475,0.0,0.0
0.6492157108272977,0.0,0.43060963900000004,0.7503396446666667,0.0,0.0
0.6452910761343615,0.0,0.1686180565,0.422379925,0.0,0.0
0.8405854059030832,0.047667449,0.11143103733333333,0.23802090866666667,0.0,0.0
0.8930319680941714,0.1644970345,0.15547595,0.2746203455,0.0,0.0
0.8879346905711183,0.444641851,0.28851185149999997,0.4320350855,0.0,0.0
0.8726178034462512,0.6105510633333334,0.48497593766666663,0.6261374749999999,0.0,0.0
0.8769613782397391,0.35935835633333335,0.6577653663333334,0.7977677573333333,0.0,0.0
0.8490908659015519,0.059862211,0.5149289180000001,0.802340445,0.0,0.0
0.7586762074399738,0.0,0.4565655995,0.743487891,0.0,0.0
0.6500675278674832,0.0,0.4040156053333333,0.652369947,0.0,0.0
0.646212886035083,0.0,0.365555773,0.6354095310000001,0.0,0.0
0.816869067356635,0.0670077025,0.336850581,0.5916363309999999,0.0,0.0
0.8804835853199436,0.329082665,0.3302189033333333,0.5704585903333333,0.0,0.0
0.875923101515432,0.63605869275,0.52354949175,0.63807492425,0.0,0.0
0.8736387220029799,0.556112092,0.6190608155,0.73167065,0.0,0.0
0.8782727686249915,0.310232512,0.6199118865,0.756357014,0.0,0.0
0.8494705214008397,0.082292886,0.6000788085,0.7984679050000001,0.0,0.0
0.7107494082222579,0.000790161,0.5760454505,0.8309345124999999,0.0,0.0
0.628893480684513,0.0,0.5602324762499999,0.82331754,0.0,0.0
0.7410537726974519,0.054049694,0.5403301549999999,0.7911832825,0.0,0.0
0.8595819583387829,0.311980637,0.505179649,0.754274265,0.0,0.0
0.8777335060685539,0.5730765689999999,0.428773593,0.6736988585,0.0,0.0
0.86893088396622,0.7578810970000001,0.2751122065,0.472170148,0.0,0.0
0.8609274860535145,0.7386097315,0.28014789,0.3967491555,0.0,0.0
0.8587312996072343,0.4651915256666667,0.19502177099999998,0.294989522,0.0,0.0
0.8602987044677706,0.1057942485,0.08614828050000001,0.1854427755,0.0,0.0
0.7829107014423412,0.004186697666666667,0.05351312933333333,0.141697489,0.0,0.0
0.6262653888400008,0.0,0.03719031266666667,0.093840414,0.0,0.0
0.5952662046695045,0.0,0.04867383475,0.06202489775,0.0,0.0
0.6364107192125534,0.1111679495,0.0614680925,0.0674484195,0.0,0.0
0.7177661772522033,0.46003394999999997,0.04057502033333333,0.06367047966666667,0.0,0.0
0.7227436466167291,0.4158252185,0.05803852425,0.1222837285,0.0,0.0
0.7264818406391866,0.25375778449999997,0.08885364500000001,0.2161425355,0.0,0.0
0.7398344310354452,0.1531540145,0.10983736699999999,0.256039208,0.0,0.0
0.7317303814879497,0.034407654,0.1357425825,0.2790705515,0.0,0.0
0.7005587391311867,0.0017689375,0.1146623465,0.25079413,0.0,0.0
0.6253671664716807,0.0,0.06851755333333333,0.14587018566666668,0.0,0.0
0.5926825103743899,0.0,0.049681489999999995,0.1487481215,0.0,0.0
0.636091893645449,0.13163379,0.037456179,0.126836825,0.0,0.0
0.719928454929093,0.3986633406666667,0.029272537,0.083280386,0.0,0.0
0.726881692788982,0.5662170945,0.02520185825,0.04596394375,0.0,0.0
0.725427066774228,0.354067865,0.0475557945,0.071651721,0.0,0.0
0.740466161581434,0.1771368955,0.0785524995,0.11946883149999998,0.0,0.0
0.731899201156658,0.040355166,0.196165313,0.2559981045,0.0,0.0
0.7010507734341689,0.0011849155,0.27073400999999997,0.3919632085,0.0,0.0
0.6415620145317209,0.0,0.44597051925,0.6075222005,0.0,0.0
0.6270213090186163,0.0,0.5819952305,0.6998292675,0.0,0.0
0.7339127835263443,0.00795304,0.7361292615,0.8404373455,0.0,0.0
0.8532462741803659,0.07681157,0.8178804344999999,0.8982846495000001,0.0,0.0
0.8702231025301139,0.17305626400000002,0.8731025,0.9261559644999999,0.0,0.0
0.8643804431677905,0.262709237,0.8025351336666665,0.8879393076666666,0.0,0.0
0.8643313098340422,0.2750806625,0.7056541515,0.764633645,0.0,0.0
0.8685819519371185,0.0749251885,0.4899063845,0.7347230825,0.0,0.0
0.8538848397035683,0.036441317333333334,0.3747835643333333,0.6662406226666667,0.0,0.0
0.7590455303931803,0.0,0.3831064065,0.61020672,0.0,0.0
0.6296603125759147,0.0,0.39655035266666666,0.5840732510000001,0.0,0.0
0.6030677619759381,0.0,0.43491661774999996,0.6220261025,0.0,0.0
0.732439103834938,0.090792918,0.403126658,0.6169438014999999,0.0,0.0
0.8327580894585153,0.23114772500000003,0.467987509,0.6344412326666667,0.0,0.0
0.8432736875950964,0.40148484533333334,0.3437657106666667,0.536472054,0.0,0.0
0.8390568779838785,0.3100698685,0.3735310275,0.5268968825,0.0,0.0
0.8332675580703538,0.23631017233333332,0.47411945800000005,0.5466734879999999,0.0,0.0
0.8119010390770487,0.044404806000000005,0.555295061,0.6694164060000001,0.0,0.0
0.6927645198893275,0.00080683425,0.5669585265,0.7780629925,0.0,0.0
0.6047870701601596,0.0,0.406200026,0.7047983855,0.0,0.0
0.7116979373819436,0.14057809433333335,0.35218046433333333,0.572034371,0.0,0.0
0.8281685737043614,0.501591596,0.3691649225,0.5632408600000001,0.0,0.0
0.8347245806216146,0.7102874745000001,0.481163977,0.6217460575,0.0,0.0
0.8287832735757359,0.7378313445,0.543120222,0.6604227505,0.0,0.0
0.8210039018087715,0.584521259,0.4888911165,0.644648374,0.0,0.0
0.8213538243309841,0.33541207166666664,0.38714689566666666,0.6232573536666667,0.0,0.0
0.807175964646731,0.0815187305,0.432981638,0.6751399885,0.0,0.0
0.6914690323414278,0.00076947025,0.624780382,0.77697457525,0.0,0.0
0.5975174946094785,0.0,0.5067346472500001,0.6908469532499999,0.0,0.0
0.6637634267633721,0.026956429,0.382630649,0.608425054,0.0,0.0
0.795442762335872,0.1625586285,0.34304335750000003,0.544278829,0.0,0.0
0.8359383444364396,0.5974184236666668,0.38747591833333334,0.592491365,0.0,0.0
0.8334342364932239,0.8302519635000001,0.49571005199999996,0.63296559,0.0,0.0
0.8264119811912501,0.759677256,0.49683577749999996,0.5805544229999999,0.0,0.0
0.8228894845338862,0.5275972733333333,0.41911411933333337,0.5567968876666667,0.0,0.0
0.807043697919585,0.1450205795,0.305111289,0.5265384555,0.0,0.0
0.7396379282709212,0.000891123,0.2542594815,0.467430281,0.0,0.0
0.6400288460450202,0.0,0.20206994066666664,0.37521977900000003,0.0,0.0
0.6294914929443667,0.00059711425,0.15726841575,0.22837956874999998,0.0,0.0
0.7505352392944125,0.1883892555,0.1113101895,0.2085745345,0.0,0.0
0.8319597795587863,0.2695823425,0.0838449885,0.1616617115,0.0,0.0
0.8369543252182821,0.6524523605000001,0.0691150575,0.118208982,0.0,0.0
0.8266343841045328,0.82811696825,0.09271166175,0.1461226105,0.0,0.0
0.8156028174897075,0.51758218,0.11555219066666667,0.17606481666666665,0.0,0.0
0.8063808095748313,0.13306555949999999,0.12236861700000001,0.157724449,0.0,0.0
0.7389741254876268,0.0006441505,0.1443904875,0.187198179,0.0,0.0
0.6267021405370592,0.0,0.1572409585,0.2125972875,0.0,0.0
0.5805029361940763,0.0,0.16190466474999998,0.213192759,0.0,0.0
0.5882720858798883,0.08243116733333333,0.10408047633333332,0.173978226,0.0,0.0
0.6676797900758045,0.4474506605,0.06377912,0.1571035555,0.0,0.0
0.694834577422905,0.7655586225,0.08166677750000001,0.150595598,0.0,0.0
0.6872620066676685,0.87373764175,0.091016764,0.1508657625,0.0,0.0
0.6831291192001593,0.5384629576666667,0.078683945,0.11771045433333334,0.0,0.0
0.6863759037934027,0.1505965265,0.087434052,0.107706495,0.0,0.0
0.6477806794675882,0.00097544425,0.10421394025000001,0.13086378275,0.0,0.0
0.5699150896091433,0.0,0.11688309000000001,0.12574526566666666,0.0,0.0
0.571713744164603,0.001805271,0.12388520049999999,0.10800715799999999,0.0,0.0
0.6067618061465966,0.292306938,0.09523431033333334,0.11826525766666666,0.0,0.0
0.6861213142636764,0.6732242289999999,0.060449555,0.126515503,0.0,0.0
0.6910499550949138,0.8483478470000001,0.051232858,0.108185343,0.0,0.0
0.686893129599867,0.870836632,0.057738146000000004,0.09800903250000001,0.0,0.0
0.6832219147446081,0.740147082,0.065602345,0.10078530050000001,0.0,0.0
0.6827927906025766,0.46017753400000005,0.076983888,0.128391239,0.0,0.0
0.6823811770964803,0.1511453665,0.12061917800000001,0.17211017699999998,0.0,0.0
0.6584988840205132,0.00050338025,0.2355570735,0.2816535015,0.0,0.0
0.5956532857828304,0.0,0.33031813466666665,0.395748676,0.0,0.0
0.6123522915169565,0.0022122385,0.3475712615,0.475004373,0.0,0.0
0.7299970831521255,0.21846797,0.2581223325,0.423941673,0.0,0.0
0.8131519728663991,0.5438990340000001,0.1172515445,0.3094741175,0.0,0.0
0.8240370768339854,0.810668468,0.0930361525,0.28646500249999995,0.0,0.0
0.819923959219542,0.895033455,0.114526356,0.31042213375000005,0.0,0.0
0.8093206403726532,0.5513918063333333,0.15237164266666667,0.2886087786666666,0.0,0.0
0.8009684325393089,0.1584979695,0.21530895,0.2744023895,0.0,0.0
0.746256022473351,0.0,0.2338295715,0.24666919599999998,0.0,0.0
0.6295723481069915,0.0,0.252689803,0.25633196199999997,0.0,0.0
0.6028879581939603,0.00127681425,0.2961042645,0.34487425275,0.0,0.0
0.7294372695110614,0.21239195700000002,0.3187813035,0.44305591,0.0,0.0
0.8132039102851054,0.5371663835,0.2203590935,0.41696011850000003,0.0,0.0
0.8242082509738384,0.8066990455,0.2359001375,0.41371137999999996,0.0,0.0
0.8239526784821374,0.9215499570000001,0.355342541,0.5009207215,0.0,0.0
0.8167929899198556,0.8561434505,0.474365396,0.5878953265,0.0,0.0
0.8095637467522124,0.553665841,0.5120489520000001,0.6421345083333333,0.0,0.0
0.8007371828196121,0.1679324,0.6164131015000001,0.7445277685,0.0,0.0
0.7493427122940256,0.0015907595,0.669774766,0.808705703,0.0,0.0
0.6299922216101793,0.0,0.6803999423333332,0.847845375,0.0,0.0
0.6030274601633694,0.00158673375,0.5436846774999999,0.7769442105,0.0,0.0
0.729139772122974,0.22021092050000002,0.4520441745,0.7133063465,0.0,0.0
0.813369003824858,0.5372244660000001,0.35223469249999995,0.6569162115,0.0,0.0
0.8244123432661037,0.7999332975,0.3805302485,0.6621886745,0.0,0.0
0.8251412964509962,0.9138001495,0.5360146605,0.7703617705000001,0.0,0.0
0.8182329742901389,0.844312335,0.6612662745,0.840528892,0.0,0.0
0.8114464491891573,0.6013941254999999,0.665714728,0.8565163455,0.0,0.0
0.8030590676031985,0.21765842466666666,0.7010015383333333,0.8713359860000001,0.0,0.0
0.750190582176304,0.0,0.707543201,0.886883608,0.0,0.0
0.6300098846029912,0.0,0.6855018973333333,0.8543429536666666,0.0,0.0
0.5938271689623187,0.0,0.586592328,0.755511798,0.0,0.0
0.6396980190666338,0.047227567666666664,0.49694668633333333,0.6597367116666666,0.0,0.0
0.7839927470890957,0.3057708445,0.35700529849999996,0.6239663735000001,0.0,0.0
0.8228382175845302,0.5176437334999999,0.324305734,0.5764563730000001,0.0,0.0
0.824088404676545,0.6449253863333334,0.2832396363333333,0.5346925236666666,0.0,0.0
0.8171700851547345,0.5728268385,0.280941177,0.612578257,0.0,0.0
0.8102870002044222,0.321675398,0.3170457915,0.6178333069999999,0.0,0.0
0.8029668969449043,0.08198677966666666,0.36675540100000004,0.462273503,0.0,0.0
0.7500112470589422,0.002347031,0.4134885645,0.47666966,0.0,0.0
0.6447586371221785,0.0,0.401902147,0.586534185,0.0,0.0
0.5966967364475688,0.0,0.45546647575,0.65049333275,0.0,0.0
0.6608358639642057,0.0529928285,0.3657642955,0.5570105945,0.0,0.0
0.7655819692621021,0.227749452,0.279798265,0.479263847,0.0,0.0
0.8219950111604399,0.4366405505,0.189701008,0.3675716475,0.0,0.0
0.8261353318722179,0.785363648,0.16527836,0.2398096395,0.0,0.0
0.8188898048511634,0.8660628557500001,0.13045717024999998,0.143489723,0.0,0.0
0.8089312314072821,0.5328392630000001,0.082232544,0.07654061699999999,0.0,0.0
0.8018316184496175,0.1667836115,0.078668739,0.051804086,0.0,0.0
0.7394263380136816,0.0005525,0.0813710575,0.048516094499999995,0.0,0.0
0.6069750270931106,0.0,0.065470066,0.028315133666666662,0.0,0.0
0.5623622583099175,0.00179231575,0.0705367455,0.036406851500000004,0.0,0.0
0.6056632405304322,0.185120319,0.08072155066666666,0.06979048833333333,0.0,0.0
0.6877189854742228,0.4425079315,0.052117371499999995,0.048525944,0.0,0.0
0.6887040712295587,0.638084777,0.061273743500000005,0.06571443725,0.0,0.0
0.6826980824466979,0.5175961725,0.08466649600000001,0.1899048165,0.0,0.0
0.6830850073756454,0.372783552,0.0968356175,0.2815565495,0.0,0.0
0.6846231745304361,0.1415738785,0.164953075,0.34678494000000004,0.0,0.0
0.6724385597529248,0.002756383,0.2144928815,0.369790422,0.0,0.0
0.6059708266192779,0.0,0.20835394166666665,0.3395593943333333,0.0,0.0
0.5602051050017343,0.0022780355,0.1935845115,0.31412190900000003,0.0,0.0
0.5868482100659012,0.1694084315,0.2218218565,0.355200536,0.0,0.0
0.6612825901562986,0.4238779275,0.2200928935,0.347619691,0.0,0.0
0.690714830463484,0.6820959394999999,0.27537675699999997,0.3580551715,0.0,0.0
0.6889933430061389,0.8221020773333333,0.35853706266666663,0.4455102023333333,0.0,0.0
0.6848323416444557,0.703841167,0.442584332,0.558117947,0.0,0.0
0.6835640801217422,0.45247511100000004,0.4755152755,0.6144452805,0.0,0.0
0.6817414228428125,0.1694371785,0.5373639585000001,0.6809547045,0.0,0.0
0.6578854185371198,0.000322209,0.55388269575,0.7007411397500001,0.0,0.0
0.5960147753877466,0.0,0.5339102146666667,0.6776211936666666,0.0,0.0
0.6121895525226692,0.007403913,0.4645263595,0.6144101245,0.0,0.0
0.7291872519510767,0.23482067950000002,0.356248856,0.5344780760000001,0.0,0.0
0.8142973401367648,0.5489073609999999,0.208578342,0.39555752450000004,0.0,0.0
0.8269308071165196,0.80934008,0.19100101800000002,0.31359266399999997,0.0,0.0
0.8260748448544872,0.8720744669999999,0.21962893925,0.31242294449999997,0.0,0.0
0.814627938505516,0.610329796,0.19172122400000002,0.300936769,0.0,0.0
0.8053802514708326,0.2404900706666667,0.17071934200000002,0.35084129033333333,0.0,0.0
0.7513475850528071,0.0007229005,0.222737198,0.37568207200000003,0.0,0.0
0.6302254372290522,0.0,0.21157025866666665,0.3717901403333333,0.0,0.0
0.6029805060779712,0.00337119525,0.13183630425,0.21590560875000003,0.0,0.0
0.7292077799963705,0.1613618645,0.10279325049999999,0.1300522655,0.0,0.0
0.8142973401367648,0.534882061,0.082931668,0.104419433,0.0,0.0
0.8260582257664008,0.8424675065,0.0624960195,0.06452120025000001,0.0,0.0
0.8191104247430687,0.7901764364999999,0.039602288,0.1043866685,0.0,0.0
0.8126347470599349,0.5718293544999999,0.07307253150000001,0.19169206249999998,0.0,0.0
0.8041457613733597,0.22087032033333334,0.13116816266666667,0.282451807,0.0,0.0
0.7514988254878253,0.000881183,0.1469230345,0.2535111965,0.0,0.0
0.6302612509053217,0.0,0.18110997733333334,0.25752627633333336,0.0,0.0
0.5937392273840871,0.0,0.259601553,0.3086045835,0.0,0.0
0.639735295765293,0.053825834999999995,0.310160706,0.3549400893333334,0.0,0.0
0.7855286054054842,0.3318021385,0.2363886895,0.340765174,0.0,0.0
0.8248924904626216,0.5659804429999999,0.2246998835,0.4060058895,0.0,0.0
0.8296732055499096,0.769803745,0.2720015285,0.46994100699999997,0.0,0.0
0.8253741006567558,0.817236226,0.33869538099999996,0.49683542150000004,0.0,0.0
0.8165731701616732,0.7048857454999999,0.41985025,0.512581843,0.0,0.0
0.8094328667451507,0.462208594,0.419116759,0.5136553260000001,0.0,0.0
0.8011946530699938,0.1763405085,0.4041067665,0.5623194005000001,0.0,0.0
0.7503778038801556,0.0013464115,0.3989973835,0.5607329475,0.0,0.0
0.6447412636817522,0.0,0.38294673850000005,0.526991208,0.0,0.0
0.596396895959362,0.0,0.27382626374999997,0.4777257095,0.0,0.0
0.6604071284436897,0.0853559705,0.1946149345,0.468216941,0.0,0.0
0.7853139062504397,0.328454919,0.186766154,0.4146372545,0.0,0.0
0.8227632374888637,0.6337752834999999,0.218613674,0.438262516,0.0,0.0
0.8229911648872611,0.8884448273333333,0.22986437666666668,0.5206494226666666,0.0,0.0
0.8151187384205169,0.8205937395,0.2594631465,0.5536554725,0.0,0.0
0.8096893079683294,0.5929701039999999,0.28304222700000004,0.606165446,0.0,0.0
0.8028482088571538,0.24193598500000002,0.32226467266666664,0.49248094800000003,0.0,0.0
0.7493081711321167,0.001974041,0.33636898800000004,0.48464489,0.0,0.0
0.6298871274718322,0.0,0.27463563133333335,0.39973838233333336,0.0,0.0
0.5933555714391455,0.0,0.2677313065,0.363742891,0.0,0.0
0.6397007622336147,0.04232669666666666,0.26038996799999997,0.39545754066666666,0.0,0.0
0.7846207514318084,0.2886478695,0.22500430999999999,0.4254347855,0.0,0.0
0.8227141346512642,0.515035549,0.22396211049999998,0.3375059415,0.0,0.0
0.8212068053086378,0.53081449775,0.185498274,0.259900682,0.0,0.0
0.8119695270604075,0.509081179,0.1527556135,0.30584373750000005,0.0,0.0
0.8074746050829942,0.33362376299999996,0.1116823895,0.2928842845,0.0,0.0
0.8008900234477558,0.1264679535,0.08853341649999999,0.199805322,0.0,0.0
0.7467965423827818,0.00173854,0.0885632445,0.170670306,0.0,0.0
0.6060117608739118,0.0,0.06848369133333333,0.13047747666666668,0.0,0.0
0.5602196552692392,0.00603756325,0.058933024,0.072722292,0.0,0.0
0.5869776193955691,0.18719918149999998,0.043418249000000006,0.0440727535,0.0,0.0
0.6621142523883774,0.434301442,0.041723281,0.0338507105,0.0,0.0
0.6905885529223126,0.701972279,0.0506930715,0.0280681,0.0,0.0
0.6900010104783698,0.755038129,0.060107794000000006,0.0360526115,0.0,0.0
0.6839008964347439,0.6288520965,0.069214233,0.0521505745,0.0,0.0
0.6828204661672554,0.42586881533333326,0.07259626133333333,0.04832639366666667,0.0,0.0
0.6821946183308423,0.153524201,0.07885028,0.059058771499999996,0.0,0.0
0.6717478967495886,0.001587619,0.092599471,0.06474651000000001,0.0,0.0
0.6057757411453074,0.0,0.091614374,0.08879573,0.0,0.0
0.5618554680576471,0.00815597775,0.0709449585,0.08632918825000001,0.0,0.0
0.5867165833862773,0.2360130905,0.0623852395,0.05125118,0.0,0.0
0.6605075515431651,0.5340115025,0.060905877,0.0527994595,0.0,0.0
0.6911966920836246,0.8064705685,0.06744544899999999,0.054501657499999995,0.0,0.0
0.6904789401762909,0.8562128410000001,0.0729931785,0.065922354,0.0,0.0
0.6847791013143341,0.7073260134999999,0.0934333835,0.09347956900000001,0.0,0.0
0.6828609813785453,0.5867782235,0.1396216595,0.120175375,0.0,0.0
0.6823071113898073,0.26609306166666663,0.14271109466666665,0.14323337700000002,0.0,0.0
0.6723230949421172,0.005881595,0.194265941,0.221301114,0.0,0.0
0.6295724242606563,0.0,0.271830676,0.29795004566666666,0.0,0.0
0.6033864503846936,0.00969189525,0.226759753,0.27574925775000003,0.0,0.0
0.7299474316811297,0.22924333949999998,0.20643940900000002,0.27314581250000003,0.0,0.0
0.8134289422091923,0.45262163499999997,0.2141723645,0.3118658265,0.0,0.0
0.8236441626447429,0.5583794375,0.2486485885,0.35713926900000004,0.0,0.0
0.8227184780113707,0.598888392,0.307707907,0.386976253,0.0,0.0
0.8153084289746515,0.5512128165,0.3485093375,0.381048359,0.0,0.0
0.8098519782905417,0.41477966099999997,0.385971092,0.385008751,0.0,0.0
0.8028507386749607,0.15339429166666665,0.37910246133333336,0.4394360273333333,0.0,0.0
0.7493018846644318,0.005331549,0.3820553765,0.475104005,0.0,0.0
0.6299915510417349,0.0,0.37323169866666667,0.463886889,0.0,0.0
0.6029528229449952,0.0087677165,0.27031634075,0.333932208,0.0,0.0
0.7290895034208273,0.21088957149999998,0.194818661,0.287147438,0.0,0.0
0.8169639202639328,0.5810566446666666,0.10411960066666666,0.16727431733333334,0.0,0.0
0.8238893415732919,0.811897262,0.09248554333333332,0.112837105,0.0,0.0
0.8167683928311531,0.6517790305,0.0597119715,0.097223634,0.0,0.0
0.8109252457534106,0.5185118895,0.049493046,0.14424229300000002,0.0,0.0
0.8033525874610971,0.21399797766666664,0.06273689466666667,0.18928104566666668,0.0,0.0
0.7499028001774675,0.0028732925,0.0762410945,0.1395952395,0.0,0.0
0.6447866175740249,0.0,0.0707254625,0.079302242,0.0,0.0
0.5962797280587968,0.0,0.05583008425,0.04251280874999999,0.0,0.0
0.6946898214947375,0.182188404,0.04757968233333334,0.05005871033333333,0.0,0.0
0.815115355206014,0.5397769115,0.045855789499999994,0.038566889,0.0,0.0
0.8266117300490883,0.7962755880000001,0.0445250695,0.036565952,0.0,0.0
0.8276018336224107,0.8963169,0.046780317,0.050020217,0.0,0.0
0.8202076035400551,0.7194615955,0.062743208,0.105804437,0.0,0.0
0.8140051005473246,0.529081724,0.08682466650000001,0.16796350300000001,0.0,0.0
0.8047228036538837,0.24979265699999997,0.104403935,0.21693285366666668,0.0,0.0
0.7511383722317244,0.0039174505,0.138261272,0.2502517225,0.0,0.0
0.6450027112032515,0.0,0.12963625,0.2345978915,0.0,0.0
0.5967081092566744,0.0,0.16213678725,0.18779755325,0.0,0.0
0.6600080420915798,0.11842489149999999,0.1953183605,0.208001559,0.0,0.0
0.7855266851885975,0.3997514705,0.15322597500000001,0.2155157555,0.0,0.0
0.8252432511210692,0.7611824223333334,0.21627904333333334,0.22810200266666666,0.0,0.0
0.8238453288302947,0.90400632675,0.32022046275,0.273894508,0.0,0.0
0.8128476174865389,0.6509674274999999,0.3385401385,0.301172751,0.0,0.0
0.8037974695899682,0.27572044133333334,0.31106142566666667,0.3528567516666667,0.0,0.0
0.7512425214601557,0.004507897,0.385312901,0.42269477,0.0,0.0
0.6301644320493006,0.0,0.4680124956666667,0.5249212299999999,0.0,0.0
0.6029576463035832,0.01484722775,0.40636342425,0.44041305275,0.0,0.0
0.729211826223408,0.25122175599999996,0.3136498175,0.37918285500000004,0.0,0.0
0.8142973401367648,0.5411744035,0.263103659,0.337997227,0.0,0.0
0.8262304972102065,0.83877541475,0.2263539585,0.28403181125,0.0,0.0
0.818041714014254,0.7707915996666665,0.22522057166666665,0.373240671,0.0,0.0
0.8104671353811865,0.45396381350000004,0.20021939249999998,0.42358931499999997,0.0,0.0
0.8015443622678059,0.175803192,0.174791299,0.3848766425,0.0,0.0
0.7511256621751659,0.007366762,0.1948982025,0.35194793,0.0,0.0
0.6061758485362244,0.0,0.19088950899999999,0.3307562723333333,0.0,0.0
0.5601869200193994,0.0127440595,0.12800456100000002,0.178564275,0.0,0.0
0.5869879749066624,0.2262989,0.0883609695,0.1485119785,0.0,0.0
0.663199018336195,0.540403007,0.08863974499999999,0.1631863395,0.0,0.0
0.6923249145975197,0.78210668,0.12514069,0.1870406765,0.0,0.0
0.692902673054457,0.888984553,0.1636600755,0.2271492515,0.0,0.0
0.6861176795488466,0.806876037,0.1619740125,0.2750443295,0.0,0.0
0.6831743206860084,0.5674382689999999,0.15766489849999998,0.30702721899999996,0.0,0.0
0.6821532954051457,0.23939409033333336,0.13716981366666667,0.19496918600000002,0.0,0.0
0.6709842194258944,0.005887064500000001,0.1222134775,0.196494059,0.0,0.0
0.6065697076106095,0.0,0.12686276966666668,0.17982123533333336,0.0,0.0
0.5607834121292279,0.01155981,0.170753061,0.25558403749999997,0.0,0.0
0.5871068687133565,0.17140754149999998,0.18843323099999998,0.2840689705,0.0,0.0
0.6609578895593964,0.2649446505,0.19404497,0.275965076,0.0,0.0
0.6910299299016327,0.5174339935000001,0.2739689825,0.3278535265,0.0,0.0
0.6871324944785288,0.5171652372500001,0.39689480174999997,0.5226296745000001,0.0,0.0
0.6827610154983401,0.353261413,0.4619071065,0.644756783,0.0,0.0
0.6818501744380403,0.16878891366666668,0.45673509999999995,0.6931903886666667,0.0,0.0
0.6710391972932919,0.00780855,0.48309629249999997,0.717321279,0.0,0.0
0.6307815704482236,0.0,0.5378812983333333,0.78504357,0.0,0.0
0.5941507722924287,0.0,0.5654409535,0.757244242,0.0,0.0
0.6397804667302199,0.04276265466666667,0.5000629036666667,0.613226907,0.0,0.0
0.7840337575469414,0.21159202049999998,0.4386398715,0.5582858159999999,0.0,0.0
0.8226587224552881,0.399154426,0.385449573,0.486294605,0.0,0.0
0.8218913190397984,0.47008603150000006,0.20978591275,0.31085202824999997,0.0,0.0
0.8138820690994675,0.4327122325,0.193305279,0.3261952035,0.0,0.0
0.8099770670764743,0.27304914950000003,0.2004531275,0.3331817145,0.0,0.0
0.8015803435366395,0.1259329725,0.2218463175,0.39563147750000005,0.0,0.0
0.7519380537149439,0.00810063,0.27851570150000005,0.505180199,0.0,0.0
0.6311490949709507,0.0,0.210312383,0.42916183900000004,0.0,0.0
0.5943865710911755,0.0,0.1685825665,0.42008771850000004,0.0,0.0
0.6399407139092123,0.061455036,0.20100049366666664,0.45628604133333334,0.0,0.0
0.7870163667369394,0.279496791,0.2052501255,0.462752328,0.0,0.0
0.8260566332035056,0.38197426566666665,0.225461456,0.3722768406666666,0.0,0.0
0.8283225268349853,0.45788413599999994,0.2787120593333333,0.3973915046666667,0.0,0.0
0.8196333654188095,0.5216752259999999,0.3654909415,0.4884229065,0.0,0.0
0.8140521916795911,0.394741976,0.4235215115,0.5759701745000001,0.0,0.0
0.8045566891496444,0.18653066699999998,0.548739381,0.7031923965,0.0,0.0
0.7535361820704403,0.0066061025,0.5650190225,0.7002888795,0.0,0.0
0.6317877062755366,0.0,0.562214145,0.6814977646666667,0.0,0.0
0.5945287590008361,0.0,0.5437352394999999,0.6832826295000001,0.0,0.0
0.641280907622085,0.08713130200000001,0.5140182520000001,0.7073738516666667,0.0,0.0
0.7897006555887558,0.40151695249999997,0.4360566665,0.703092917,0.0,0.0
0.8286286956332777,0.702098089,0.4389182265,0.6794708665,0.0,0.0
0.8346959297004176,0.901971577,0.4546825186666667,0.6451637483333333,0.0,0.0
0.8273236755243787,0.8605584745,0.4514066165,0.5931201895,0.0,0.0
0.8200228506864862,0.6434880435,0.43338235950000004,0.5903512195,0.0,0.0
0.8087178123225085,0.27721238433333334,0.42699011700000006,0.5855950886666667,0.0,0.0
0.7549416480951858,0.009196477000000002,0.461363845,0.6148981010000001,0.0,0.0
0.6490447119350128,0.0,0.47304658499999996,0.6573098075,0.0,0.0
0.5977452811087319,0.0,0.51517128475,0.705067272,0.0,0.0
0.6616103538696226,0.13408127450000001,0.498744457,0.7364657219999999,0.0,0.0
0.7886994421520005,0.38133818350000004,0.4710163825,0.7388954325,0.0,0.0
0.8243528620267191,0.6652043985,0.4816188565,0.669578836,0.0,0.0
0.8264797147107886,0.8220907262499999,0.40595706975,0.47529134100000003,0.0,0.0
0.8170407901298843,0.66409127,0.3833726105,0.42147950300000003,0.0,0.0
0.8116310191401541,0.4335688055,0.3626474805,0.42162300249999995,0.0,0.0
0.8021119710069138,0.170135661,0.3762520995,0.475163972,0.0,0.0
0.7521042214821563,0.00821191,0.42270461400000003,0.5780089724999999,0.0,0.0
0.6205374704322941,0.0,0.43404548475,0.6395913710000001,0.0,0.0
0.5955440540776407,0.0,0.3366653525,0.4365265515,0.0,0.0
0.6579166678614914,0.10288328,0.2803099225,0.33785812550000005,0.0,0.0
0.7972738473035513,0.4125693346666666,0.16192178000000002,0.24779828100000004,0.0,0.0
0.8286347763076987,0.7435033325,0.16178409,0.1970344045,0.0,0.0
0.8286151855173165,0.8708330595,0.14111829574999998,0.15553952699999998,0.0,0.0
0.8183972905125396,0.6346439285,0.080709915,0.162857085,0.0,0.0
0.8068818048404042,0.27504132066666664,0.08635947566666667,0.24437841766666665,0.0,0.0
0.7504112935566556,0.0087268775,0.101568006,0.22991143349999998,0.0,0.0
0.6057343496714033,0.0,0.09004949066666668,0.12565701766666668,0.0,0.0
0.5595059723681537,0.02207438575,0.05780188025,0.0812271945,0.0,0.0
0.5924021349635622,0.247861426,0.041715231500000005,0.085579521,0.0,0.0
0.6667532138945835,0.540152704,0.024791151,0.054486495499999996,0.0,0.0
0.7012748909197153,0.7890102050000001,0.015096772,0.033058223,0.0,0.0
0.7014922533101209,0.8721660115000001,0.009822181499999999,0.05059206975,0.0,0.0
0.6921665419035775,0.530501993,0.026303901,0.06823122533333333,0.0,0.0
0.6828696680987585,0.18875830700000001,0.054675736,0.08229299600000001,0.0,0.0
0.6704230342756602,0.0089793145,0.07900465549999999,0.107225457,0.0,0.0
0.6068937224281531,0.0,0.12702998466666668,0.22113648500000002,0.0,0.0
0.5598572474230541,0.0212228775,0.18766343224999998,0.25112141875000005,0.0,0.0
0.5915113344065516,0.2219404455,0.1430039305,0.254568412,0.0,0.0
0.6641672679134754,0.4498479745,0.127306913,0.253957052,0.0,0.0
0.6958035356454622,0.6668822265000001,0.1617603705,0.29865517350000004,0.0,0.0
0.698470527260064,0.8074717640000001,0.20785032033333337,0.3627475883333333,0.0,0.0
0.6908479659221076,0.645902362,0.2767804975,0.4485666895,0.0,0.0
0.6857530885772622,0.4467911245,0.340634737,0.5494419150000001,0.0,0.0
0.6818192147032147,0.179674391,0.349889361,0.611327614,0.0,0.0
0.6708658285455336,0.0107412125,0.37601728599999995,0.646607897,0.0,0.0
0.6217711451231961,0.0,0.40949274550000003,0.690302604,0.0,0.0
0.5958762755302092,0.0,0.4278493265,0.7072222,0.0,0.0
0.658100277741205,0.084932993,0.423059937,0.6896713459999999,0.0,0.0
0.783415148644039,0.2484392715,0.42496287050000003,0.647220065,0.0,0.0
0.8237481289706019,0.518696279,0.3851662775,0.5866801465,0.0,0.0
0.8253672427021432,0.837326597,0.39839168475,0.51368933475,0.0,0.0
0.8162432575475072,0.769413048,0.4050785695,0.5149125545,0.0,0.0
0.8093446279595292,0.5035833255,0.3521936285,0.5035403304999999,0.0,0.0
0.8003710602526568,0.210840425,0.3045467945,0.491430074,0.0,0.0
0.7496969705708878,0.0115945545,0.28890972800000003,0.470550431,0.0,0.0
0.6202614155652016,0.0,0.1692459675,0.3226588255,0.0,0.0
0.5955196626335613,0.0,0.1556807315,0.38270845350000005,0.0,0.0
0.6578846641476199,0.1379396035,0.2347671665,0.506278901,0.0,0.0
0.7842204535824091,0.391194077,0.314997022,0.5103036665,0.0,0.0
0.8240041586815734,0.680216122,0.30256059199999996,0.3991463985,0.0,0.0
0.8259936925959535,0.859315938,0.2252871655,0.287755943,0.0,0.0
0.8176932773679625,0.8249403627499999,0.112331848,0.20537020825000002,0.0,0.0
0.8071290564170366,0.5014103475,0.08384074,0.20705861650000001,0.0,0.0
0.7993158520591196,0.214827808,0.1117766465,0.193562403,0.0,0.0
0.7477078253523439,0.0132797065,0.158875608,0.2139502295,0.0,0.0
0.6440790610915834,0.0,0.16471368050000001,0.301090739,0.0,0.0
0.5957793499500542,0.0,0.15717220324999998,0.31481697875000003,0.0,0.0
0.6578042433507341,0.139601502,0.146557695,0.31977921600000003,0.0,0.0
0.7831638965474321,0.3887866105,0.11260919050000001,0.27963019899999997,0.0,0.0
0.8237192341545354,0.6711111685,0.0913029905,0.206127585,0.0,0.0
0.8255774004207549,0.8677228100000001,0.06757418166666668,0.15113489366666666,0.0,0.0
0.8173832756050998,0.7511339955,0.0839241345,0.167561458,0.0,0.0
0.8090151116218829,0.506251302,0.116230357,0.19575572966666668,0.0,0.0
0.7998719394225872,0.2062154515,0.1555301025,0.2383069215,0.0,0.0
0.7489333847356399,0.0133551215,0.226595299,0.3523518025,0.0,0.0
0.6442530241054805,0.0,0.24581386500000002,0.388289651,0.0,0.0
0.5950860885311564,0.0,0.19165452666666669,0.297254018,0.0,0.0
0.6380363404531179,0.08668204033333334,0.15730637,0.22255245966666667,0.0,0.0
0.7866686920608315,0.370742534,0.1107042875,0.21471676499999998,0.0,0.0
0.8258110885689062,0.6552049099999999,0.1214199145,0.2178706805,0.0,0.0
0.8288190415944894,0.8853691256666667,0.08248286166666667,0.15309246899999998,0.0,0.0
0.821358822949527,0.8670460689999999,0.07859089999999999,0.1802996395,0.0,0.0
0.8141545121795819,0.648839131,0.077368004,0.185084311,0.0,0.0
0.8037744268882344,0.2823157766666667,0.08667584133333332,0.18469518833333332,0.0,0.0
0.7492091425068234,0.014641751,0.108322298,0.2127418115,0.0,0.0
0.6442530241054805,0.0,0.0631701095,0.180151393,0.0,0.0
0.5958099706350893,0.0,0.02550176975,0.09090057625,0.0,0.0
0.6578863557548715,0.1500149615,0.0146687075,0.031380359,0.0,0.0
0.7889947907878865,0.403244624,0.0151686655,0.032377859999999994,0.0,0.0
0.8321936962670259,0.7522255750000001,0.014348511,0.027221008666666668,0.0,0.0
0.8323707530173604,0.84655544225,0.021789444249999998,0.059624736250000004,0.0,0.0
0.8185973594684592,0.5549892734999999,0.052656088000000004,0.128534851,0.0,0.0
0.8067841172776791,0.20386767533333336,0.06730077066666666,0.13144684966666667,0.0,0.0
0.7506017156467586,0.0109308815,0.078231331,0.12174485600000001,0.0,0.0
0.606091053982177,0.0,0.09347385833333333,0.10846473699999999,0.0,0.0
0.5597058241597841,0.0102593845,0.087570027,0.087773137,0.0,0.0
0.5947478701880623,0.1353875185,0.0696867675,0.13166976,0.0,0.0
0.6761727000295953,0.4284675116666667,0.04556782266666667,0.100611373,0.0,0.0
0.6967817749286914,0.5777205325,0.045513339,0.06591604074999999,0.0,0.0
0.6897127712354897,0.49221922200000007,0.04433884433333333,0.11583900266666668,0.0,0.0
0.6848635681896162,0.2654152785,0.054828173,0.1321443585,0.0,0.0
0.6671069120927038,0.044659736000000005,0.06420352274999999,0.11301503425000001,0.0,0.0
0.5744184124951788,0.0,0.04855134975,0.109441384,0.0,0.0
0.560795973619252,0.0365448945,0.056887661,0.115174954,0.0,0.0
0.5918822117715004,0.1993540465,0.042231511,0.0841733145,0.0,0.0
0.6733506732780382,0.3143523603333333,0.02708802,0.072312384,0.0,0.0
0.6916478835213252,0.30072103333333333,0.084574999,0.16046610033333333,0.0,0.0
0.684232112034646,0.1906638815,0.108447918,0.2552817375,0.0,0.0
0.6814905137349789,0.149651804,0.146265566,0.26206969049999995,0.0,0.0
0.6807315455765357,0.14919182,0.153105981,0.245798315,0.0,0.0
0.6719782625021201,0.03718726533333334,0.205446249,0.34316874533333336,0.0,0.0
0.6445522360658315,0.0,0.386602435,0.6451894055,0.0,0.0
0.5958120623092025,0.0,0.49927725749999996,0.72539601675,0.0,0.0
0.6578193308434496,0.0607497905,0.553122627,0.7634906205,0.0,0.0
0.7949182670997482,0.25977285333333333,0.6004654,0.7871362313333333,0.0,0.0
0.8233894740211131,0.521389986,0.661336782,0.8222804243333334,0.0,0.0
0.8163481992546573,0.504398759,0.7818896913333333,0.8967170366666667,0.0,0.0
0.8075891327132103,0.3472202845,0.821815105,0.916998932,0.0,0.0
0.8012695417019874,0.13181052133333335,0.7641976766666666,0.9007249109999999,0.0,0.0
0.7473481264485827,0.0103095045,0.6866996535,0.8736069369999999,0.0,0.0
0.6293550733279832,0.0,0.556882753,0.819253738,0.0,0.0
0.5927883740636042,0.0,0.446864249,0.6913723675000001,0.0,0.0
0.6379681724687468,0.06758947966666666,0.3945556643333334,0.607181561,0.0,0.0
0.7819276387385901,0.2078022605,0.301203171,0.428716842,0.0,0.0
0.8223835362825129,0.270253431,0.167934468,0.27056207600000004,0.0,0.0
0.8212786993971911,0.3834291695,0.16483179025,0.26615674025,0.0,0.0
0.8110718685116242,0.3742256095,0.1905019375,0.2690586625,0.0,0.0
0.8056875175606908,0.2744244515,0.224755865,0.2914134605,0.0,0.0
0.7987897566298701,0.1257643105,0.2232073645,0.32342586149999997,0.0,0.0
0.7478715700506569,0.012800767,0.2562370365,0.3614156785,0.0,0.0
0.6442530241054805,0.0,0.326010924,0.454182596,0.0,0.0
0.5957595876652855,0.0,0.3208361705,0.44647337575,0.0,0.0
0.657669324870733,0.096742129,0.3392157985,0.439955487,0.0,0.0
0.7823515507890375,0.3094871585,0.3695556125,0.402091669,0.0,0.0
0.822389342640236,0.5739047595,0.406722711,0.407861151,0.0,0.0
0.8237856190927555,0.739530696,0.47872488700000004,0.46982766600000003,0.0,0.0
0.8169872677785134,0.7518464333333332,0.5708681743333334,0.5873786476666666,0.0,0.0
0.8065734718312615,0.47556248166666676,0.5762018873333333,0.652562773,0.0,0.0
0.7989505524422585,0.1397553875,0.532595502,0.6657533535,0.0,0.0
0.7469752601946724,0.011687393,0.3630305315,0.548706227,0.0,0.0
0.6292241628990931,0.0,0.3715491876666667,0.6252262346666667,0.0,0.0
0.6018294581628858,0.00517357575,0.32588761825,0.5744164817499999,0.0,0.0
0.7267100957658961,0.091468092,0.4465315565,0.601688593,0.0,0.0
0.811621600958293,0.204495255,0.631292929,0.7063182729999999,0.0,0.0
0.8243815739402134,0.344206801,0.6588520265,0.7684132785,0.0,0.0
0.8242209153233342,0.4992756305,0.7410972535,0.783142722,0.0,0.0
0.8162699578299889,0.45165878,0.813380846,0.8120673270000001,0.0,0.0
0.8081021979878199,0.13893554,0.8203164345,0.8289112445,0.0,0.0
0.8033270606486195,0.0530799815,0.809763687,0.8382515525,0.0,0.0
0.7644627993478849,0.017356769666666664,0.6659684976666665,0.8364569153333333,0.0,0.0
0.6442943318450363,0.0,0.46723982350000004,0.716836093,0.0,0.0
0.5957776468974568,0.00027402125,0.37519900225,0.58587596175,0.0,0.0
0.6577388186324378,0.1439723735,0.268275547,0.441701064,0.0,0.0
0.7817099220255461,0.36700283850000004,0.299601967,0.4204261185,0.0,0.0
0.8230468513503882,0.6225166503333334,0.3029431693333333,0.357761636,0.0,0.0
0.8191417655558867,0.679493193,0.26400435400000005,0.25147879775,0.0,0.0
0.8073206520019173,0.3517150703333333,0.19784569666666665,0.19696619833333331,0.0,0.0
0.7991513529341466,0.144181382,0.11579194649999999,0.140665455,0.0,0.0
0.7471625276799074,0.0104705345,0.093114535,0.135405891,0.0,0.0
0.6223548471705258,0.0,0.0947960195,0.140073416,0.0,0.0
0.5618236929162506,0.0,0.074980679,0.12634176375,0.0,0.0
0.5655154015550864,0.07504182699999999,0.0590764945,0.0819071205,0.0,0.0
0.6196999331704175,0.1716920875,0.06218159200000001,0.0697113245,0.0,0.0
0.686945394672565,0.42870667433333337,0.09446307566666667,0.09637345766666666,0.0,0.0
0.6896282814199686,0.455088637,0.182053199,0.1837749185,0.0,0.0
0.6824252660055289,0.24636425233333334,0.2204650406666667,0.23726438066666666,0.0,0.0
0.6810655957575446,0.090879719,0.234429179,0.29933276350000004,0.0,0.0
0.6793428662572142,0.03805265866666667,0.258786162,0.4380030853333334,0.0,0.0
0.6516826640069022,0.0010670285,0.21525778099999998,0.503295491,0.0,0.0
0.5733536031800481,0.0,0.16362122375,0.40719905475,0.0,0.0
0.5603860746110989,0.024235827,0.1612375695,0.309967342,0.0,0.0
0.5851009443205252,0.16156927599999998,0.2035651775,0.346034741,0.0,0.0
0.659301034316855,0.31986356299999996,0.2981972485,0.39775558450000004,0.0,0.0
0.6898190236081532,0.5169337095,0.41851994049999997,0.4982414485,0.0,0.0
0.6894994436143886,0.6577348765,0.594278823,0.7044692075000001,0.0,0.0
0.6828687765509096,0.6423903445,0.683074508,0.798933427,0.0,0.0
0.6810701219459029,0.496699323,0.6213000184999999,0.7535509965,0.0,0.0
0.6804049247627468,0.2215074285,0.560693153,0.700820905,0.0,0.0
0.6702231025152499,0.031056109749999998,0.41445805275,0.6375366435,0.0,0.0
0.6029228308621364,0.0,0.337582195,0.59556502075,0.0,0.0
0.6379778955625487,0.07181670866666667,0.300732218,0.5389270883333332,0.0,0.0
0.7817293528783682,0.243826781,0.45409682549999997,0.5847034955,0.0,0.0
0.8224940862834467,0.284773626,0.5546076875,0.6384897174999999,0.0,0.0
0.823790099574051,0.196521012,0.6256744110000001,0.664629735,0.0,0.0
0.8164561889168618,0.13261429766666666,0.6507983016666666,0.7278603896666667,0.0,0.0
0.8072763191484519,0.204575651,0.5726661664999999,0.7738620645000001,0.0,0.0
0.8033339642731347,0.1645384905,0.5333816520000001,0.735832254,0.0,0.0
0.7649027742971125,0.03868734,0.5349268403333333,0.7510414156666667,0.0,0.0
0.6203979799825515,0.0,0.62879429275,0.8535512299999999,0.0,0.0
0.5955577470961742,0.0,0.6118542995,0.8536837285000001,0.0,0.0
0.6578387616962716,0.04972995399999999,0.6481757195,0.876031964,0.0,0.0
0.7819140143178114,0.1197649295,0.7426597925,0.8954754764999999,0.0,0.0
0.822786554482522,0.41087486349999996,0.6913602875,0.8787843725,0.0,0.0
0.821854583381465,0.74071302075,0.6658798515,0.8148176145,0.0,0.0
0.8110718685116242,0.6645635795,0.671731088,0.8358489835,0.0,0.0
0.8055935180500889,0.46726107549999996,0.631275714,0.8258679105,0.0,0.0
0.798749066270106,0.194920397,0.581716973,0.8052268785,0.0,0.0
0.7465801286554739,0.020771841,0.485469596,0.7633206210000001,0.0,0.0
0.6200432759317648,0.0,0.37716131025,0.6705860175,0.0,0.0
0.5954755203872191,0.0,0.2188607615,0.45102514650000003,0.0,0.0
0.6577753028276045,0.0350017635,0.199729786,0.35594635100000005,0.0,0.0
0.7824320172929864,0.072931618,0.36417120449999996,0.4362509025,0.0,0.0
0.8225361940080846,0.21753087399999999,0.690138146,0.7101736645000001,0.0,0.0
0.8235988544595333,0.53113790375,0.84599851,0.8775409344999999,0.0,0.0
0.8135937155765431,0.35559319450000004,0.8201346345,0.889337377,0.0,0.0
0.8066680656823224,0.1479568955,0.8007235575,0.8932633375000001,0.0,0.0
0.7995369519866666,0.053265028,0.787826565,0.8896114150000001,0.0,0.0
0.7501077840175814,0.008737946,0.781088696,0.8723233415,0.0,0.0
0.6449735421448073,0.0,0.6882961415,0.8410742365,0.0,0.0
0.5959335621245283,0.0,0.605014441,0.8251655652500001,0.0,0.0
0.657949311622885,0.034537395,0.5071440359999999,0.766643339,0.0,0.0
0.7846404108942657,0.170187709,0.503087465,0.707699831,0.0,0.0
0.825895715456069,0.42769738850000005,0.5505863235,0.7478297110000001,0.0,0.0
0.8224619910811289,0.6869327257500001,0.80695687825,0.84343995375,0.0,0.0
0.8123614811040465,0.5407196295,0.868332023,0.8959383345,0.0,0.0
0.8097625965310651,0.3794529525,0.8884406650000001,0.921254652,0.0,0.0
0.802171680781613,0.1668672275,0.853485423,0.9259489464999999,0.0,0.0
0.7394525810768932,0.02606182,0.804209413,0.915677296,0.0,0.0
0.6438978743550898,0.0,0.7408202015,0.918856429,0.0,0.0
0.5953004600693695,0.00025469025,0.6195729925,0.8759595379999999,0.0,0.0
0.6580421224525684,0.131868854,0.525281377,0.8099116024999999,0.0,0.0
0.7832469233157899,0.346255991,0.49137688749999997,0.751567444,0.0,0.0
0.822555213274379,0.638779131,0.4718786765,0.6527281345,0.0,0.0
0.8233765658510681,0.8124727350000001,0.612234002,0.625268027,0.0,0.0
0.8183782710976044,0.8089045655,0.7389603245,0.731925677,0.0,0.0
0.8105743478746801,0.6052587629999999,0.8361098285,0.7908741365,0.0,0.0
0.8069363483049026,0.35321103200000004,0.856004445,0.8286264825,0.0,0.0
0.8004392739193175,0.183241396,0.8433647824999999,0.8546371075000001,0.0,0.0
0.7403997081197795,0.0243906775,0.8516509505000001,0.8600139175,0.0,0.0
0.6054716448960046,0.0,0.852327707,0.8611974273333333,0.0,0.0
0.5593967825796852,0.0222873705,0.80933907225,0.81618383775,0.0,0.0
0.5852321138551992,0.203506809,0.728800697,0.708766427,0.0,0.0
0.6704545350879719,0.446836376,0.6522173196666666,0.6266472883333333,0.0,0.0
0.6895458033593277,0.5051980546666667,0.6405516956666667,0.596352656,0.0,0.0
0.6824348061967584,0.446776308,0.6295046040000001,0.5971540115,0.0,0.0
0.6809482564369131,0.3324535515,0.6485661645,0.6066287429999999,0.0,0.0
0.6826927713355309,0.14218626066666665,0.6192077886666666,0.632504805,0.0,0.0
0.6702342123786829,0.0116130025,0.607901703,0.6970315524999999,0.0,0.0
0.5936068462778031,0.0,0.62232577975,0.6530843310000001,0.0,0.0
0.5620230646722394,0.03718400325,0.44652582099999993,0.46962484475,0.0,0.0
0.6204522720210435,0.1863556765,0.33253625,0.34227538,0.0,0.0
0.6854259878021521,0.348206178,0.237475875,0.256868716,0.0,0.0
0.6904388897897284,0.541725572,0.2143279885,0.231293758,0.0,0.0
0.6848419999556181,0.6225820049999999,0.167027487,0.22857189249999998,0.0,0.0
0.6823259935101393,0.385515488,0.18294704950000001,0.2888305,0.0,0.0
0.6786358126763328,0.11394314900000001,0.21809594333333335,0.3517723466666666,0.0,0.0
0.6617723383629295,0.0,0.26908092250000004,0.36343301100000003,0.0,0.0
0.6029515084767534,0.0,0.27283494275,0.371720264,0.0,0.0
0.611023771511827,0.0130244725,0.2899062265,0.368811605,0.0,0.0
0.7266829840455273,0.09200805549999999,0.25628266899999996,0.33274144400000005,0.0,0.0
0.8158148649662174,0.44695596066666665,0.2211029826666667,0.282996397,0.0,0.0
0.8236620161208106,0.7349105704999999,0.202195617,0.27348084525,0.0,0.0
0.8164339996613712,0.68946608,0.2201075,0.2935695765,0.0,0.0
0.8110063523792019,0.45855360850000004,0.187435672,0.28712628900000003,0.0,0.0
0.801246316172002,0.2061959505,0.220587519,0.31391997699999996,0.0,0.0
0.74980006831391,0.028766121500000002,0.21054040699999998,0.2911748195,0.0,0.0
0.6442943318450363,0.0,0.1423573015,0.2351147085,0.0,0.0
0.5958286128366945,0.0,0.115257203,0.17131171850000002,0.0,0.0
0.6924440750906813,0.1981865766666667,0.07149866,0.09447899100000001,0.0,0.0
0.815179956974216,0.5207120435,0.0499374355,0.053394424499999996,0.0,0.0
0.8305869573697545,0.7773312025000001,0.0447697665,0.044681301,0.0,0.0
0.8304990538188083,0.8653738636666667,0.03851892066666667,0.059850294666666665,0.0,0.0
0.8176383452447881,0.6222267473333333,0.03804446933333333,0.09068804833333334,0.0,0.0
0.8062217967838201,0.2714236013333333,0.054596803,0.06501000933333333,0.0,0.0
0.7505483151561154,0.0265540835,0.0818309605,0.0921015355,0.0,0.0
0.6449455616929609,0.0,0.065440025,0.1132642975,0.0,0.0
0.5958361222470148,0.0,0.051049495,0.07945982575,0.0,0.0
0.6931302195111164,0.17270291266666668,0.044117540000000004,0.05294052366666666,0.0,0.0
0.8157030348454659,0.49927811499999997,0.041943761499999996,0.057548189,0.0,0.0
0.8305195666531882,0.7452679755,0.0525133815,0.0576639515,0.0,0.0
0.8272689035245655,0.7713811805,0.06622852875,0.06867922174999999,0.0,0.0
0.8149660806206249,0.5358958730000001,0.0819601695,0.0921340895,0.0,0.0
0.805562428774758,0.249015485,0.08907274833333334,0.10431309133333333,0.0,0.0
0.720501611044007,0.014022132333333333,0.06542339800000001,0.09291770033333334,0.0,0.0
0.6029804032556597,0.0,0.04572340725,0.07148375125,0.0,0.0
0.6110015746013323,0.0507931535,0.054005647000000004,0.080267621,0.0,0.0
0.7310516055910777,0.2539459255,0.041544789,0.078079781,0.0,0.0
0.8182098401990527,0.5464048515,0.035933117,0.0983362195,0.0,0.0
0.83378673456508,0.802451429,0.037896718499999996,0.110997536,0.0,0.0
0.8341387907276738,0.918178601,0.06106546433333334,0.166004381,0.0,0.0
0.8264476880690652,0.828687927,0.102302704,0.226347623,0.0,0.0
0.8196194057881291,0.5794520613333333,0.17848159866666669,0.31736279633333336,0.0,0.0
0.8076103008803469,0.231259614,0.258460274,0.458398513,0.0,0.0
0.75307297398577,0.0305262945,0.360672627,0.59304638,0.0,0.0
0.631039703229107,0.0,0.4464294436666667,0.710774795,0.0,0.0
0.5930880660595967,0.0,0.4212806535,0.707558676,0.0,0.0
0.6388647185150501,0.08811875766666666,0.39348616666666664,0.7022324343333334,0.0,0.0
0.7887351034713934,0.372432942,0.389527635,0.6574314880000001,0.0,0.0
0.8252700427681299,0.624303235,0.380796216,0.607462211,0.0,0.0
0.825093016563491,0.879568075,0.29138385475,0.5314896455,0.0,0.0
0.8141015688338887,0.799915643,0.27471551650000003,0.588938331,0.0,0.0
0.8077568321501142,0.536118841,0.2509748295,0.5650055615,0.0,0.0
0.7998778829758194,0.2432496605,0.2162936445,0.5144097940000001,0.0,0.0
0.7490589764479059,0.0301483435,0.2079697625,0.4575517255,0.0,0.0
0.6054078203460606,0.0,0.18205191833333334,0.26774329033333333,0.0,0.0
0.5593422047791491,0.02514997275,0.16370149550000002,0.127559096,0.0,0.0
0.5860067637724966,0.254584394,0.11568722149999999,0.111226873,0.0,0.0
0.6723273620990119,0.601012639,0.090017788,0.07874484799999999,0.0,0.0
0.6919542657678855,0.8726903066666667,0.11145628466666667,0.10958621400000002,0.0,0.0
0.6860657192394486,0.8581136515000001,0.1338122155,0.248366414,0.0,0.0
0.6830541999481493,0.5948638253333334,0.18112966933333333,0.38119508599999996,0.0,0.0
0.6806156921442124,0.24585147699999998,0.1916487665,0.43123276450000003,0.0,0.0
0.6449962875772175,0.01547428575,0.22722573625,0.44839069649999996,0.0,0.0
0.5601792734507302,0.0,0.1961714385,0.30679286725000005,0.0,0.0
0.5762383838090832,0.19970319766666667,0.130299151,0.18591953533333336,0.0,0.0
0.6606574660274354,0.5323822725,0.102717082,0.133246464,0.0,0.0
0.6918601291360951,0.764491575,0.104999388,0.1286256665,0.0,0.0
0.6888576433936708,0.8129653312499999,0.10818378475,0.16504453825,0.0,0.0
0.6841651327559666,0.6129456120000001,0.1113895045,0.293845084,0.0,0.0
0.6823935823154185,0.2971544346666667,0.10843580800000001,0.33219759600000004,0.0,0.0
0.6557598688759464,0.014600374499999999,0.10729066975,0.2765333235,0.0,0.0
0.5928812877155992,0.0,0.0917685995,0.1381382705,0.0,0.0
0.6888819852907986,0.20355468933333332,0.104260275,0.15309406733333333,0.0,0.0
0.8125926393352969,0.5556839090000001,0.111893767,0.1504343575,0.0,0.0
0.8272643772618868,0.810404162,0.1348676475,0.1841660125,0.0,0.0
0.8292189356114589,0.9288483885000001,0.14543744549999998,0.251908311,0.0,0.0
0.8211026560430463,0.8754599224999999,0.19285762950000002,0.3819553725,0.0,0.0
0.8139010427330192,0.6706254265,0.2639551125,0.4627513105,0.0,0.0
0.8047904382157728,0.30979161633333335,0.291965759,0.4811718996666667,0.0,0.0
0.7483010827398837,0.0268481495,0.274354771,0.47738287599999996,0.0,0.0
0.6421809664233965,0.0,0.285008643,0.519921955,0.0,0.0
0.5930887289606502,0.0,0.22727236900000003,0.39157269699999997,0.0,0.0
0.6532484229177031,0.1410128175,0.21638388,0.3124608995,0.0,0.0
0.7794251309637265,0.38249222400000005,0.1471007715,0.250828599,0.0,0.0
0.8231437616453086,0.687396452,0.10995260700000001,0.223835429,0.0,0.0
0.8284061098545829,0.89964485375,0.1056886105,0.2062298645,0.0,0.0
0.8192109621473618,0.794558114,0.1499672765,0.241761271,0.0,0.0
0.8129602706069314,0.5283921965,0.14914771799999998,0.22592711450000003,0.0,0.0
0.8014651759332216,0.2357813145,0.138743374,0.22859747,0.0,0.0
0.7183820506679023,0.017275635666666667,0.160885851,0.27592205366666667,0.0,0.0
0.6005714606999796,0.0,0.1093065025,0.19772258025,0.0,0.0
0.633381415092488,0.07255444033333334,0.07422370966666665,0.10730561333333333,0.0,0.0
0.7782422279384645,0.26570080399999996,0.0602304585,0.08682970000000001,0.0,0.0
0.8225939225488261,0.5282318706666667,0.062549833,0.07493991266666666,0.0,0.0
0.8217536802463479,0.7109978267500001,0.09461900949999999,0.10708000775,0.0,0.0
0.8105705531479697,0.529252119,0.148376487,0.165892481,0.0,0.0
0.8041472701771328,0.26294817000000004,0.183485157,0.219925497,0.0,0.0
0.7630503991777018,0.037889208,0.19691630833333332,0.3097802343333333,0.0,0.0
0.6428287444590636,0.0,0.164571245,0.32228626250000003,0.0,0.0
0.5935938161974835,0.0,0.20053155675,0.292929953,0.0,0.0
0.6534448114517301,0.034092883000000004,0.2149165215,0.2739647365,0.0,0.0
0.7774551194649354,0.10604287300000001,0.23970000200000002,0.26240124600000003,0.0,0.0
0.8203307721091011,0.213413943,0.2484644755,0.27974017549999997,0.0,0.0
0.8220304895029403,0.342387536,0.28735506050000004,0.32090919549999997,0.0,0.0
0.8153205751621263,0.452707716,0.3600931493333333,0.39187531433333334,0.0,0.0
0.8054218562939107,0.3666371016666667,0.4225677053333334,0.4511069003333333,0.0,0.0
0.7967272086180935,0.1119084695,0.42693147200000003,0.497828642,0.0,0.0
0.7463480788763743,0.0098825115,0.45249551,0.5474644795,0.0,0.0
0.6277151724329771,0.0,0.5969453586666666,0.606389652,0.0,0.0
0.5906281690100247,0.0,0.6460717615,0.565572081,0.0,0.0
0.6336555345937135,0.05570465533333333,0.641951188,0.579229738,0.0,0.0
0.7774594170436586,0.303573619,0.6499054195,0.6097074165,0.0,0.0
0.820801775440456,0.6012211415,0.6671483065,0.6052275055,0.0,0.0
0.82262141526048,0.8663469806666667,0.6193279006666668,0.5406585343333333,0.0,0.0
0.8148732241581989,0.8373899625000001,0.6858309265,0.6022867199999999,0.0,0.0
0.8061200249667725,0.5534241616666667,0.7342042110000001,0.7033701763333333,0.0,0.0
0.7968064863668037,0.190882357,0.697230681,0.7688025755,0.0,0.0
0.7453069522485658,0.020724931999999998,0.6933223205,0.710351028,0.0,0.0
0.6041718672757448,0.0,0.7297419273333334,0.750705348,0.0,0.0
0.5577242455039693,0.01702855525,0.72637837925,0.7456921734999999,0.0,0.0
0.600831669931675,0.3027306043333333,0.6763274423333333,0.6808701156666667,0.0,0.0
0.6841593949959983,0.665254521,0.6024061860000001,0.5771800494999999,0.0,0.0
0.691819473038048,0.8644678320000001,0.5105648300000001,0.5289433240000001,0.0,0.0
0.6897303732360038,0.724842081,0.48324115700000003,0.5768881834999999,0.0,0.0
0.6874019201121246,0.432228429,0.466901798,0.6460806735,0.0,0.0
0.6832653025642902,0.192870176,0.421554704,0.6469363965,0.0,0.0
0.6466876725363218,0.0093124045,0.40025850650000006,0.61197102775,0.0,0.0
0.5618214259945694,0.0,0.299654442,0.4782835296666666,0.0,0.0
0.5584992497439051,0.0329037565,0.253276051,0.35134907800000004,0.0,0.0
0.5831941857484964,0.2181514775,0.1800920535,0.2431367465,0.0,0.0
0.6589614063134381,0.440029267,0.1328475335,0.177243127,0.0,0.0
0.6926343905061972,0.7009422510000001,0.1090471115,0.168062882,0.0,0.0
0.6960855798100098,0.8339700210000001,0.15153666,0.213868263,0.0,0.0
0.6924838130837132,0.752601791,0.21573625600000002,0.26296380750000004,0.0,0.0
0.6877138648710849,0.5225051933333333,0.316584481,0.328382059,0.0,0.0
0.6824635638173158,0.2260890375,0.436678358,0.5437231835,0.0,0.0
0.666510625726592,0.014496245,0.525911562,0.7131339096666668,0.0,0.0
0.600595234875748,0.0,0.61589207525,0.7527241902499999,0.0,0.0
0.6068141854993386,0.0167595725,0.731342256,0.824320693,0.0,0.0
0.7220338727471715,0.1220410895,0.7580788185,0.8549648555,0.0,0.0
0.8084590394197826,0.30742106950000003,0.7482511350000001,0.8191658115,0.0,0.0
0.8220048407801879,0.530772626,0.7020766110000001,0.743318951,0.0,0.0
0.8209303389293379,0.73565059,0.6289192625,0.592608486,0.0,0.0
0.8133955212047677,0.7840099684999999,0.5955830365,0.5224576155,0.0,0.0
0.8054436492728817,0.4579543396666666,0.5573079833333333,0.508608841,0.0,0.0
0.7969203281681145,0.12149068999999998,0.372859585,0.4845415005,0.0,0.0
0.7451517113678938,0.009088233,0.25917245850000004,0.4809286195,0.0,0.0
0.6271985410660661,0.0,0.23886479566666666,0.48026869733333327,0.0,0.0
0.5902864378871489,0.0,0.264496194,0.4611440015,0.0,0.0
0.6335705723232347,0.04814526733333333,0.2694669036666667,0.473317561,0.0,0.0
0.7784576129967349,0.258792122,0.264270483,0.448917382,0.0,0.0
0.8216913873165483,0.5003580245,0.364410907,0.441360327,0.0,0.0
0.8234034032547387,0.5842735045,0.38747850949999996,0.3565611325,0.0,0.0
0.8195058077825941,0.6201034085,0.309083039,0.27960135399999997,0.0,0.0
0.811091116461874,0.54997536,0.199922661,0.238267327,0.0,0.0
0.8057210300535619,0.335336753,0.113180786,0.233648566,0.0,0.0
0.7975225924482694,0.1195817945,0.098375907,0.23758474950000003,0.0,0.0
0.7480078601884688,0.011907272,0.1473799935,0.263396998,0.0,0.0
0.6435457649047494,0.0,0.228261235,0.300967977,0.0,0.0
0.5938171792563698,0.0,0.19661479825,0.27764215000000003,0.0,0.0
0.6561390214860612,0.058611670000000005,0.16260696800000002,0.3092323545,0.0,0.0
0.784566573698134,0.279480656,0.1294870185,0.2855188795,0.0,0.0
0.8279446390470668,0.5316197764999999,0.15806700299999998,0.23508308,0.0,0.0
0.8346090929696621,0.6479364950000001,0.14243390166666667,0.16465081700000003,0.0,0.0
0.8264144956742755,0.626299757,0.1355527125,0.2914637125,0.0,0.0
0.8137857683559204,0.40628739499999994,0.109487246,0.3087088786666667,0.0,0.0
0.8018586844629234,0.158946575,0.082206733,0.248022574,0.0,0.0
0.720776843022939,0.008934838333333334,0.05759349833333333,0.168278301,0.0,0.0
0.6013384640114474,0.0,0.0405240225,0.09717668399999999,0.0,0.0
0.6070726841349133,0.023631821,0.0511843115,0.0997272525,0.0,0.0
0.7303763728462689,0.19734575,0.0657145945,0.136210744,0.0,0.0
0.8200377095695666,0.5205405525,0.053726205,0.114734901,0.0,0.0
0.8392507747026104,0.7670957700000001,0.0595118605,0.105857882,0.0,0.0
0.8402470809349488,0.7135269546666666,0.040525909666666665,0.11157694333333334,0.0,0.0
0.8257684321365517,0.5873086765,0.0860582555,0.2103588025,0.0,0.0
0.8177498553170048,0.41778331,0.13491832450000002,0.264905047,0.0,0.0
0.8054661890235086,0.198891444,0.14951798900000002,0.31315452850000003,0.0,0.0
0.7522962209490136,0.0140447075,0.132535568,0.3043839745,0.0,0.0
0.6363391528770855,0.0,0.11955123699999999,0.26802521766666665,0.0,0.0
0.5992516045243714,0.0114859115,0.239446814,0.40321419025,0.0,0.0
0.7258731071374156,0.2205924415,0.216303094,0.38157637499999997,0.0,0.0
0.8140940251618515,0.4897933455,0.1810903995,0.2808088075,0.0,0.0
0.8329944597070295,0.7697400885,0.1753164825,0.2774454395,0.0,0.0
0.8320906291068595,0.8758172559999999,0.2851407195,0.41198310825,0.0,0.0
0.813855993678367,0.575503475,0.42054139000000007,0.5718880213333334,0.0,0.0
0.7992982499347379,0.209792731,0.42916493,0.6331531115,0.0,0.0
0.7477307993572291,0.0119496435,0.418684616,0.6249912559999999,0.0,0.0
0.6043960914606518,0.0,0.40103013066666665,0.5949882103333333,0.0,0.0
0.5580791438283536,0.00978965225,0.39162680175,0.56766064675,0.0,0.0
0.5828066435883982,0.1595089375,0.38478274749999997,0.4762421165,0.0,0.0
0.6579981858508492,0.266215454,0.36279852,0.420662332,0.0,0.0
0.6891770747465802,0.3958481005,0.321132843,0.4072818,0.0,0.0
0.688838681205465,0.618158719,0.317167207,0.375337688,0.0,0.0
0.6841868724471911,0.730561461,0.3566682885,0.395760943,0.0,0.0
0.683313445404927,0.6188117799999999,0.42201189149999996,0.4305076495,0.0,0.0
0.6818541673773308,0.34085865299999996,0.431922598,0.450837138,0.0,0.0
0.6782140875787863,0.062156679,0.367527561,0.45515404000000004,0.0,0.0
0.6515313549741294,0.0,0.325876216,0.47304672049999996,0.0,0.0
0.5718500228199089,0.0,0.31449149425,0.44881252925000004,0.0,0.0
0.5584992497439051,0.0143929515,0.26579522,0.4181514595,0.0,0.0
0.5830663309048911,0.1568529205,0.2459254945,0.3486935055,0.0,0.0
0.6582367735979604,0.3730296065,0.2219293605,0.2764293635,0.0,0.0
0.6911034927067459,0.6069157515,0.1340676455,0.1693138175,0.0,0.0
0.6934686816747597,0.813250712,0.105743011,0.1248538595,0.0,0.0
0.6900274440248371,0.7540479756666668,0.10802155633333332,0.11678416533333334,0.0,0.0
0.6882041617854322,0.505301808,0.09471137299999999,0.101652987,0.0,0.0
0.6836605256662555,0.22565593350000002,0.0905206645,0.083835948,0.0,0.0
0.6674089699804133,0.009698370666666666,0.07366822233333332,0.07230908633333334,0.0,0.0
0.6007266901353057,0.0,0.06382800475,0.08721284325,0.0,0.0
0.6066923885137832,0.0185594775,0.0723998285,0.101025498,0.0,0.0
0.7274606514465038,0.23291421950000002,0.0617938215,0.091326608,0.0,0.0
0.8159591102635004,0.5316428995,0.061220929,0.0989790525,0.0,0.0
0.835068757778402,0.7973023015,0.0637833365,0.1041057425,0.0,0.0
0.8391073981120315,0.9097618525,0.0585571785,0.105417592,0.0,0.0
0.8279157748014695,0.8029824313333332,0.07195936900000001,0.14413759133333334,0.0,0.0
0.8185070175633791,0.4858311515,0.0917057735,0.20456255299999998,0.0,0.0
0.805877253970529,0.20801528349999998,0.117784003,0.2434115845,0.0,0.0
0.7206664149570535,0.008183542666666667,0.14059912433333333,0.26384424666666667,0.0,0.0
0.6012840005528892,0.0,0.10998547025,0.18627041875,0.0,0.0
0.6071229299463683,0.0096587035,0.088953959,0.09816604300000001,0.0,0.0
0.7293920299979268,0.1569859985,0.066547121,0.0672718885,0.0,0.0
0.8203989857757616,0.4188428915,0.0423714855,0.041602746999999995,0.0,0.0
0.8404867583062352,0.6233322904999999,0.031649648,0.03831452675,0.0,0.0
0.829411872333228,0.5286346745,0.038402463,0.0559047065,0.0,0.0
0.8145108811565867,0.3095483866666667,0.026628425,0.03904472366666667,0.0,0.0
0.8030031830761317,0.1377977285,0.0413366025,0.0647966845,0.0,0.0
0.7517148277772465,0.009640313499999999,0.0751663045,0.0921325295,0.0,0.0
0.6456534839309996,0.0,0.09243098366666667,0.167377411,0.0,0.0
0.6018424082744255,0.0,0.09653532449999999,0.16729968099999998,0.0,0.0
0.6395195602118863,0.02953964766666667,0.116867785,0.183023817,0.0,0.0
0.7832665598875554,0.18664940400000002,0.1264172385,0.217101462,0.0,0.0
0.8257401926780154,0.47857639233333327,0.14277469366666665,0.27853585166666667,0.0,0.0
0.8281891932009415,0.6668513437500001,0.220969682,0.315453541,0.0,0.0
0.8158897993300473,0.559665002,0.35337708599999995,0.431841535,0.0,0.0
0.8085617713576603,0.3298395785,0.404505095,0.54104647,0.0,0.0
0.7650993685253095,0.060984830999999996,0.360842269,0.576227839,0.0,0.0
0.6435425873348694,0.0,0.397443198,0.599034292,0.0,0.0
0.5933497649699421,0.0,0.34939821975000007,0.5714703165,0.0,0.0
0.6882299933364364,0.14020068033333333,0.32661124933333335,0.5658863496666667,0.0,0.0
0.8115247667922639,0.472471726,0.2661564395,0.4403919585,0.0,0.0
0.8252120246750027,0.745744628,0.23471517449999998,0.3329668095,0.0,0.0
0.8247032113092135,0.87243365,0.23036781675,0.28196310875,0.0,0.0
0.8121439473183482,0.5885980543333333,0.314919433,0.33802346766666663,0.0,0.0
0.7994601430139188,0.2234175785,0.333826024,0.4112299455,0.0,0.0
0.7469493830109256,0.007572272,0.315231841,0.45779791049999996,0.0,0.0
0.6421473854070912,0.0,0.3102439255,0.48442446000000006,0.0,0.0
0.5930525876056156,0.0,0.28440817125,0.3900427615,0.0,0.0
0.6530269571850118,0.093291975,0.27703743999999997,0.37828590549999996,0.0,0.0
0.7928313200632084,0.43596935400000003,0.228871881,0.30832720033333333,0.0,0.0
0.8256268385673502,0.7733530609999999,0.2537406745,0.31477464499999996,0.0,0.0
0.8260387263529841,0.86332690775,0.22910757,0.3324428465,0.0,0.0
0.8139101256554316,0.5601155393333334,0.23123157833333333,0.3432368106666666,0.0,0.0
0.8022873970927477,0.2173622,0.2055681125,0.319976677,0.0,0.0
0.7482693533427105,0.006729743,0.19768321049999998,0.3422655905,0.0,0.0
0.6043935921142201,0.0,0.150613565,0.3110416833333333,0.0,0.0
0.5578579410041746,0.0049192435,0.14600987125000003,0.3026936955,0.0,0.0
0.5846467201634578,0.219010894,0.1182287475,0.252652626,0.0,0.0
0.6626670479514679,0.469944268,0.123787422,0.222429955,0.0,0.0
0.6985259317391024,0.797702971,0.14146747625,0.19403358699999998,0.0,0.0
0.6983489969114292,0.7544531825,0.211289181,0.207368385,0.0,0.0
0.6936620526507872,0.5508795345,0.22507548049999998,0.2267416985,0.0,0.0
0.6863169788424184,0.225057281,0.18272639933333332,0.225654189,0.0,0.0
0.6477248558337252,0.00204232975,0.17961709425,0.2618512395,0.0,0.0
0.5607188126500952,0.0026713354,0.131781907,0.27021200580000004,0.0,0.0
0.6064777807728645,0.22394855633333335,0.166152458,0.309925261,0.0,0.0
0.6879992465430728,0.55301035,0.1902092705,0.283797112,0.0,0.0
0.6993754017773461,0.6915741585,0.23628382675,0.26506311825,0.0,0.0
0.6961593255176953,0.557260211,0.22766627,0.235384331,0.0,0.0
0.6912200548586664,0.41320575049999997,0.2612868095,0.2575467645,0.0,0.0
0.6845191167904512,0.1909058115,0.278931755,0.2904464965,0.0,0.0
0.6691715823242891,0.003727314666666667,0.269181496,0.35604061266666664,0.0,0.0
0.6013499510882105,0.0,0.23755767025,0.38408283325,0.0,0.0
0.6348642387729246,0.038689503,0.25370369333333337,0.43487671433333325,0.0,0.0
0.784072299154504,0.22099833400000002,0.297306363,0.435639063,0.0,0.0
0.8260614947504066,0.392510923,0.2933558585,0.4118203335,0.0,0.0
0.8318592422040402,0.5363849643333334,0.2530371063333334,0.32628450433333334,0.0,0.0
0.8273027359668774,0.5014976305,0.25817809199999997,0.286337308,0.0,0.0
0.8196654606211274,0.39413519599999997,0.2871405736666667,0.34492316900000003,0.0,0.0
0.8073295825922266,0.1673842255,0.242557946,0.357172584,0.0,0.0
0.7568145969669537,0.006790844999999999,0.21194145450000001,0.340110693,0.0,0.0
0.637216664272766,0.0,0.15779828033333335,0.2760395776666667,0.0,0.0
0.5937267002301008,0.0,0.1218186365,0.20282554,0.0,0.0
0.6394386670343629,0.051225841,0.11764671066666667,0.193643245,0.0,0.0
0.7861434425466883,0.27012807699999997,0.087984753,0.12896450399999998,0.0,0.0
0.8328503058734191,0.5638608039999999,0.0723381695,0.1003735895,0.0,0.0
0.8443365309986641,0.8389451562500001,0.0685698485,0.07521276525000001,0.0,0.0
0.8363588275900946,0.7520420525,0.07248309550000001,0.0766145295,0.0,0.0
0.8282576355143976,0.482216767,0.063082928,0.076094606,0.0,0.0
0.8127356502693723,0.203450215,0.058420393,0.062298053000000006,0.0,0.0
0.7583606051498123,0.006137324499999999,0.0571835995,0.049902553,0.0,0.0
0.6423908879145293,0.0,0.04738795033333334,0.05623206633333333,0.0,0.0
0.6018628449055936,0.00248667675,0.06905556625,0.08092899375,0.0,0.0
0.7404835579125519,0.1824468835,0.0511440405,0.0472105455,0.0,0.0
0.8325698161206136,0.40405230849999996,0.036810367499999996,0.0327767605,0.0,0.0
0.8535895826056756,0.6737671064999999,0.032967552500000004,0.033495185499999997,0.0,0.0
0.8491600167859641,0.793347858,0.0449761405,0.076021456,0.0,0.0
0.8308037291728826,0.5110886573333334,0.11632621833333334,0.17897947366666667,0.0,0.0
0.8143805498076946,0.198611393,0.15045174,0.260703682,0.0,0.0
0.7603178152522394,0.0055601209999999995,0.184650166,0.29648010599999997,0.0,0.0
0.6538089756506458,0.0,0.17343758,0.24931615366666668,0.0,0.0
0.6048481972625726,0.0,0.1738483085,0.21798303349999998,0.0,0.0
0.6443058226502073,0.053595638,0.185010553,0.22892031766666668,0.0,0.0
0.7965590061805361,0.3386418505,0.134514242,0.18761470000000002,0.0,0.0
0.8416623462319346,0.636562921,0.11334191399999999,0.133568768,0.0,0.0
0.8512158897828606,0.8594379209999999,0.08159319025,0.0778897785,0.0,0.0
0.8373947878333818,0.753567054,0.0858762855,0.10529761,0.0,0.0
0.8293006822847723,0.45277800700000004,0.1145907465,0.146810292,0.0,0.0
0.8126557781058825,0.19321204349999999,0.188925382,0.2067961965,0.0,0.0
0.7349730971121051,0.003956080666666666,0.27476510066666665,0.3181036486666667,0.0,0.0
0.6225927490887315,0.0,0.24313858349999998,0.316405206,0.0,0.0
0.6219261117243302,0.0042310305,0.2638237565,0.291785211,0.0,0.0
0.7420144785283745,0.21397773,0.164068755,0.2914161705,0.0,0.0
0.8364469597011288,0.5783322903333333,0.15219037733333332,0.24933353700000002,0.0,0.0
0.8548260233170899,0.8534131155,0.23569288049999998,0.2957331345,0.0,0.0
0.850118962449041,0.844894555,0.3175977585,0.31277085,0.0,0.0
0.8373276257264507,0.6923332664999999,0.368012135,0.349398776,0.0,0.0
0.8291223758364483,0.46130938,0.4278636945,0.449168977,0.0,0.0
0.8124016229790552,0.186067924,0.460277154,0.5696582855000001,0.0,0.0
0.7623485424527168,0.002630162,0.5090612155,0.6314759475,0.0,0.0
0.6527107605543911,0.0,0.56507777,0.6884765205000001,0.0,0.0
0.5939352653486573,0.0,0.45421357366666665,0.5473896503333333,0.0,0.0
0.5873260026426335,0.003527389,0.4852010945,0.642463235,0.0,0.0
0.6104656724430265,0.2034666505,0.5567471374999999,0.7183735835,0.0,0.0
0.6784456573222442,0.48028430050000004,0.6044412465,0.7073521025,0.0,0.0
0.7097433256455312,0.706304544,0.56758035,0.6193330985000001,0.0,0.0
0.7108010484707346,0.818707255,0.5815418560000001,0.5606808755,0.0,0.0
0.7034654309706063,0.7436212824999999,0.642186944,0.654841389,0.0,0.0
0.6963600954638874,0.399826956,0.4827302906666667,0.5989227846666666,0.0,0.0
0.6841838092564491,0.072451613,0.2412800335,0.3921462155,0.0,0.0
0.6582968834395211,0.001964546,0.20545719275,0.35712980875,0.0,0.0
0.5784537419776283,0.0,0.24846088999999996,0.38763035300000004,0.0,0.0
0.5625574809422372,0.0024987675,0.1944526405,0.34156211999999997,0.0,0.0
0.6077636138494906,0.2532340393333334,0.145848792,0.23327084166666667,0.0,0.0
0.6872101035478393,0.5365846455000001,0.1381900535,0.1851185225,0.0,0.0
0.6948649809436507,0.71349002525,0.1131638395,0.13859393075,0.0,0.0
0.6914147746018129,0.6971725395,0.102995558,0.1005550965,0.0,0.0
0.6883416177134707,0.4216627085,0.182252981,0.131628207,0.0,0.0
0.6839085315952276,0.118494499,0.2752633115,0.2151708925,0.0,0.0
0.671307514140429,0.00140707225,0.37860010375,0.366911076,0.0,0.0
0.618415852668567,0.0,0.397565016,0.49474714299999994,0.0,0.0
0.6335008042448318,0.001342939,0.3390422145,0.520268057,0.0,0.0
0.7425865678230983,0.083239389,0.2304818795,0.4502971105,0.0,0.0
0.8308653591396951,0.44244808499999994,0.11870921366666669,0.3101607023333333,0.0,0.0
0.8472666541365597,0.67572686925,0.1228899225,0.25689793424999996,0.0,0.0
0.8352566652368387,0.49567402399999994,0.1033633665,0.20643348350000001,0.0,0.0
0.8278949419433286,0.33489014,0.07025638749999999,0.12823221099999998,0.0,0.0
0.8130000466767959,0.1282090095,0.07962712050000001,0.13601860600000001,0.0,0.0
0.7627194655247285,0.0026487855,0.13403671350000002,0.247065689,0.0,0.0
0.6617322422940775,0.0,0.24578718400000002,0.358072726,0.0,0.0
0.6301120336209822,0.001056712,0.36996504674999997,0.48529451500000004,0.0,0.0
0.7483782345527639,0.1558143085,0.359559265,0.5467823625,0.0,0.0
0.8337522162938628,0.316082213,0.311050591,0.5545517515,0.0,0.0
0.8522087136696325,0.431522515,0.2831682925,0.5051490865,0.0,0.0
0.8557432040585009,0.4503269485,0.308301441,0.49359891,0.0,0.0
0.8444233982751155,0.403607457,0.3484815275,0.5718309115,0.0,0.0
0.8280678076904332,0.28464849099999995,0.32764308366666667,0.5927593863333334,0.0,0.0
0.8088853746877702,0.115011859,0.1760008885,0.346429343,0.0,0.0
0.7602835712977203,0.0022945685,0.1619558875,0.2894874685,0.0,0.0
0.6522506690225299,0.0,0.15071941833333333,0.25344664,0.0,0.0
0.6069107910557325,0.00070430575,0.13642527225,0.23791428050000002,0.0,0.0
0.7316773239860797,0.131990429,0.103214943,0.21356233800000002,0.0,0.0
0.8144188628799427,0.37540174449999997,0.0848360705,0.1481204535,0.0,0.0
0.8292019736832401,0.5678778805,0.0746341285,0.1099169445,0.0,0.0
0.8300755074496379,0.7183972283333334,0.06580253366666668,0.07006959333333333,0.0,0.0
0.8218354954430955,0.5814867555,0.07481367650000001,0.0779059035,0.0,0.0
0.8145662628068671,0.3748823045,0.08836777300000001,0.0813703085,0.0,0.0
0.8035050013661195,0.109229115,0.0831843665,0.0687300705,0.0,0.0
0.701725754715811,0.001168406,0.05254533,0.043795517,0.0,0.0
0.5948822096128388,0.0,0.03414000633333333,0.040109397666666664,0.0,0.0
0.6360849976263908,0.031243058333333334,0.02305473566666667,0.03455832133333333,0.0,0.0
0.7866168231655593,0.2115590095,0.017471554,0.040042189000000006,0.0,0.0
0.8302547131008148,0.41102354350000003,0.0312556695,0.050279309,0.0,0.0
0.8365914031118984,0.7471514109999999,0.0551245495,0.0595247245,0.0,0.0
0.8364280013280383,0.8816979730000001,0.06858401950000001,0.06678975749999999,0.0,0.0
0.8263957506503589,0.7614323665,0.0747025425,0.072812072,0.0,0.0
0.8182676297568654,0.4889936905,0.066008943,0.06932856849999999,0.0,0.0
0.8067036812946523,0.1791332455,0.060200044,0.0614356135,0.0,0.0
0.7526655209372081,0.0022822835,0.0512866065,0.060117996,0.0,0.0
0.6325423691259321,0.0,0.05775064233333333,0.07954797666666667,0.0,0.0
0.600691406066403,0.00069118025,0.045158369,0.07991069825,0.0,0.0
0.7297646446771899,0.19211871749999998,0.030531857500000002,0.0542007335,0.0,0.0
0.8264485415648551,0.541290326,0.03671776533333333,0.07530234,0.0,0.0
0.8409128648531071,0.76690950175,0.0701273905,0.10204598425,0.0,0.0
0.8295721651697363,0.562921332,0.13686118833333333,0.16391400133333334,0.0,0.0
0.8170636956113353,0.254431958,0.149380872,0.1593605785,0.0,0.0
0.7736693235678462,0.029673885666666663,0.161859881,0.20661266166666667,0.0,0.0
0.6413060076371209,0.0,0.2007517505,0.2964224865,0.0,0.0
0.5758432065132748,0.0,0.22465423325,0.371277312,0.0,0.0
0.5742374429229744,0.0303166135,0.1831278565,0.357271629,0.0,0.0
0.628257635425213,0.184439764,0.212170623,0.3704635415,0.0,0.0
0.6876244373302248,0.44235636999999994,0.29201339049999997,0.434994654,0.0,0.0
0.6971736833024277,0.6431084257499999,0.39582954174999996,0.5116782925000001,0.0,0.0
0.6902361463389028,0.554773832,0.427648483,0.50384317,0.0,0.0
0.6848093447488788,0.24896970000000002,0.437953799,0.574811874,0.0,0.0
0.6807380148724724,0.058310807000000006,0.4707333495,0.6532264235,0.0,0.0
0.6523938779462243,0.0011438035,0.588152976,0.7744181937499999,0.0,0.0
0.563771324787776,0.0,0.6703414437499999,0.880750682,0.0,0.0
0.5780803653653418,0.09777456333333334,0.6275004093333334,0.8758041850000001,0.0,0.0
0.6606676386359566,0.36679568100000004,0.678364647,0.8534873789999999,0.0,0.0
0.6910070244201817,0.3736435345,0.635246042,0.8289025485,0.0,0.0
0.6904049659332907,0.4943969115,0.607215098,0.8110588905,0.0,0.0
0.6843495885507866,0.6079751485,0.6640083155000001,0.8412719824999999,0.0,0.0
0.6814970668395844,0.31417117899999997,0.690020852,0.8694490109999999,0.0,0.0
0.679199184779468,0.09293850549999999,0.591444182,0.847219979,0.0,0.0
0.6563548636521211,0.0,0.45440918925,0.7333016904999999,0.0,0.0
0.5950523855798029,0.0,0.3635833285,0.65395073275,0.0,0.0
0.655610685816164,0.0240699365,0.255213946,0.5669189375000001,0.0,0.0
0.7821030648244238,0.1390905725,0.21050617700000002,0.49533516,0.0,0.0
0.8233198277786644,0.29522922949999997,0.25292796,0.4392065265,0.0,0.0
0.8274315281397149,0.406590271,0.2592304875,0.37854381849999996,0.0,0.0
0.8213793510691415,0.4611790465,0.362324765,0.339394174,0.0,0.0
0.8110683481016119,0.2799391785,0.27037588749999997,0.269433228,0.0,0.0
0.8022871684831125,0.085873601,0.1591354265,0.2237513695,0.0,0.0
0.7521890085298405,0.0,0.11632279449999999,0.17757226250000002,0.0,0.0
0.6333532975937733,0.0,0.07652867766666667,0.09567465199999999,0.0,0.0
0.6011433442385995,0.0002754255,0.09194302800000001,0.06629193674999999,0.0,0.0
0.7320754044112026,0.134600579,0.0796147955,0.0647477215,0.0,0.0
0.8216399527498547,0.36249878,0.06830955899999999,0.0717197495,0.0,0.0
0.8405755000553499,0.6685865124999999,0.073165184,0.085584966,0.0,0.0
0.8495753107511135,0.8415322329999999,0.1074381955,0.132213007,0.0,0.0
0.8407809638567851,0.7865155955,0.1700320635,0.185444131,0.0,0.0
0.8306057938077971,0.569207321,0.199001384,0.251336637,0.0,0.0
0.822971673066915,0.269720867,0.257866246,0.408268156,0.0,0.0
0.7769620183665361,0.03467343266666666,0.36138068500000003,0.6144326410000001,0.0,0.0
0.6679034427118501,0.0,0.4921330086666667,0.738170835,0.0,0.0
0.6409028751694543,0.0,0.45535969649999997,0.70327773625,0.0,0.0
0.7525426267591806,0.1228668615,0.29098062,0.6466612005000001,0.0,0.0
0.8308556056488383,0.172283242,0.20831814799999998,0.49600928850000003,0.0,0.0
0.847262356483516,0.3507625365,0.145449995,0.396140789,0.0,0.0
0.8520304987097549,0.4401646955,0.186052725,0.3088489335,0.0,0.0
0.8391236742856653,0.339007877,0.261446848,0.294520672,0.0,0.0
0.8246887639011804,0.2210601575,0.4333052845,0.37526985700000004,0.0,0.0
0.8112003862934432,0.113875169,0.43096882950000004,0.513349331,0.0,0.0
0.7717839695019139,0.02459202033333333,0.4974005733333333,0.6091745686666666,0.0,0.0
0.6474448080892756,0.0,0.3460514493333333,0.6105133580000001,0.0,0.0
0.6027203045012797,0.0,0.1289314285,0.2996741135,0.0,0.0
0.7275403864144843,0.1571666765,0.055499083000000005,0.12148076099999999,0.0,0.0
0.813746419083498,0.4564311415,0.052194978,0.0871044785,0.0,0.0
0.8299415795494555,0.60983800425,0.0424174765,0.04219428375,0.0,0.0
0.8229280109305348,0.46126276050000004,0.058414971499999996,0.058379575,0.0,0.0
0.8142328298570091,0.2814693525,0.1432262785,0.180732278,0.0,0.0
0.8078476312744647,0.1459166155,0.31615466999999997,0.41191347450000004,0.0,0.0
0.7683008374269803,0.009845917000000001,0.6361745603333332,0.6688180253333332,0.0,0.0
0.6557522413333066,0.0,0.6746808206666666,0.7118643536666666,0.0,0.0
0.626527285938153,0.0,0.8347779335000001,0.89219264875,0.0,0.0
0.7335062906233858,0.10942436999999999,0.8918303065,0.8900842630000001,0.0,0.0
0.8125980343294532,0.322789567,0.888303608,0.864194565,0.0,0.0
0.8235224113662503,0.4382247815,0.873728088,0.8978427265,0.0,0.0
0.8222181227189994,0.540440309,0.8378717185,0.9235742905,0.0,0.0
0.8145222348653425,0.5996847075,0.790943121,0.9052717435,0.0,0.0
0.8061954927530847,0.4353123703333333,0.6817365383333334,0.8592359443333333,0.0,0.0
0.797704602060537,0.132107362,0.459452863,0.7443229364999999,0.0,0.0
0.7479973446654948,0.0013523925,0.314186626,0.6123527129999999,0.0,0.0
0.6223469148026524,0.0,0.2380824235,0.473733598,0.0,0.0
0.5615579249253366,0.0,0.25045885675,0.39966685675,0.0,0.0
0.5646728351785182,0.018072492,0.336429388,0.37348595149999997,0.0,0.0
0.6180204924701864,0.1096840245,0.343943537,0.4814039575,0.0,0.0
0.683476069945756,0.284371206,0.3451674615,0.566340025,0.0,0.0
0.6868712413049477,0.4483539195,0.38676812149999995,0.59299986775,0.0,0.0
0.6818552417534316,0.337958535,0.646354162,0.6281851595000001,0.0,0.0
0.682166226441109,0.292526453,0.7412505625000001,0.7635403455,0.0,0.0
0.6809395925330713,0.1130986135,0.709122354,0.874031097,0.0,0.0
0.6453888703345134,0.00093214775,0.6460415935000001,0.87371475625,0.0,0.0
0.5615443004673977,0.0,0.5072930455,0.8211151405,0.0,0.0
0.5647499412843353,0.032560381,0.37879351949999995,0.746864026,0.0,0.0
0.6181864088857127,0.114327349,0.290164871,0.6533736539999999,0.0,0.0
0.6835873971154005,0.27757418,0.2456236645,0.5596326199999999,0.0,0.0
0.6868904321027889,0.223718529,0.2082294325,0.49210756874999995,0.0,0.0
0.6845347528422425,0.0711220545,0.132191587,0.3865357245,0.0,0.0
0.6854744734086008,0.034428449,0.11925894649999999,0.23775703799999998,0.0,0.0
0.6824273767552183,0.0090330485,0.159286622,0.153836013,0.0,0.0
0.6559578918276558,0.0,0.17702505475000002,0.14406616775,0.0,0.0
0.5944317801577083,0.0,0.169003755,0.19194933633333333,0.0,0.0
0.6359935280079164,0.0019965,0.21339604233333334,0.3013637106666667,0.0,0.0
0.7797694909487658,0.043838634,0.230587305,0.374910362,0.0,0.0
0.8213451985287483,0.1354981015,0.223768097,0.35724881249999996,0.0,0.0
0.8226171785997339,0.12103269033333335,0.17623470533333332,0.28159550800000005,0.0,0.0
0.8144187713914963,0.13741685,0.17751478650000002,0.281244924,0.0,0.0
0.8069940921556522,0.069683811,0.21181428949999997,0.2848809485,0.0,0.0
0.8026639893269729,0.019953454,0.28219549450000003,0.332725701,0.0,0.0
0.7645154378807314,0.0013551953333333334,0.33079691633333336,0.3564069186666667,0.0,0.0
0.631132620708604,0.0,0.20412070866666668,0.28285972266666665,0.0,0.0
0.6023010443521939,0.0,0.11620699875,0.218808132,0.0,0.0
0.7255289986527031,0.031074914500000002,0.105154717,0.20880129949999998,0.0,0.0
0.8150367175048259,0.2651654803333333,0.10457964533333335,0.17582793966666665,0.0,0.0
0.823316779873157,0.5589384303333333,0.13762088966666666,0.19932332166666666,0.0,0.0
0.8130300539705688,0.5271255126666667,0.18801378433333335,0.31383287033333335,0.0,0.0
0.8054538904791574,0.26940769200000003,0.2528361535,0.402175833,0.0,0.0
0.7983144557941124,0.069574941,0.2350187995,0.36638212299999995,0.0,0.0
0.7491298418674215,0.0,0.2693557795,0.39292912950000003,0.0,0.0
0.6152119789263203,0.0,0.2602624776,0.46347010839999997,0.0,0.0
0.6360314600145589,0.021060843333333332,0.207452384,0.41821413766666665,0.0,0.0
0.7810409071506675,0.208986489,0.139357331,0.2910299755,0.0,0.0
0.8223736150999983,0.4276398345,0.2004267585,0.259569676,0.0,0.0
0.8248142641993204,0.5274645345,0.2321806735,0.24349121299999998,0.0,0.0
0.8190004234003047,0.5574076136666667,0.26075079533333334,0.29229463633333336,0.0,0.0
0.8096680026056837,0.396732429,0.3026134495,0.311854751,0.0,0.0
0.804418615990455,0.1201980205,0.2413392865,0.3118249855,0.0,0.0
0.7651595964620297,0.006445334333333334,0.2386159366666667,0.37283817533333335,0.0,0.0
0.6475171517916423,0.0,0.30325015850000003,0.45234458499999997,0.0,0.0
0.6012074240048918,0.0,0.33181636633333333,0.49988124366666664,0.0,0.0
0.6186711508683436,0.0,0.383803223,0.620050175,0.0,0.0
0.7325700904670398,0.0613595685,0.45510849350000004,0.7009305605,0.0,0.0
0.81771567233001,0.32098490100000004,0.6171214466666667,0.742258542,0.0,0.0
0.8278531085106153,0.5453429503333332,0.713716962,0.799198669,0.0,0.0
0.8198934642475099,0.47545816949999997,0.7063473185,0.7925908025,0.0,0.0
0.8107405081107558,0.30836031133333336,0.5877838946666666,0.71953516,0.0,0.0
0.8000458110966788,0.0567255265,0.49791414050000005,0.6357800259999999,0.0,0.0
0.7505377996331416,0.0,0.37677612699999996,0.5816307275,0.0,0.0
0.6488872994114476,0.0,0.3044327405,0.5328418965,0.0,0.0
0.5957037411778909,0.0,0.24164107474999996,0.42162488975,0.0,0.0
0.6557198642336072,0.015779258,0.23069231499999998,0.38701816099999997,0.0,0.0
0.7820649118383767,0.115248233,0.1810203765,0.3847217515,0.0,0.0
0.822722638468905,0.2629800455,0.175331269,0.332045084,0.0,0.0
0.8237234708648282,0.443752792,0.24383816466666666,0.339041736,0.0,0.0
0.814429058304835,0.508099262,0.341433335,0.3853437795,0.0,0.0
0.8071974529119491,0.4201955715,0.30992654350000004,0.3576563485,0.0,0.0
0.7999670210138407,0.14239225933333333,0.23371003133333332,0.3244363826666667,0.0,0.0
0.747153909557449,0.0,0.247684395,0.36635639799999997,0.0,0.0
0.6051552500528038,0.0,0.27710252566666665,0.41654284933333335,0.0,0.0
0.5586130115392756,0.0,0.316364314,0.47119694225,0.0,0.0
0.6015541919717838,0.09710025100000001,0.4226335583333334,0.6306991386666666,0.0,0.0
0.6838635435080995,0.189316386,0.581670747,0.7422184295,0.0,0.0
0.6900209670738964,0.2890046675,0.7506772115,0.7832280815,0.0,0.0
0.6863611820315112,0.31851944499999996,0.7976345045,0.822026208,0.0,0.0
0.6821781363639445,0.248206291,0.8053671695,0.827541051,0.0,0.0
0.6806061595832134,0.124789148,0.786798047,0.827832801,0.0,0.0
0.6788118026312502,0.0321451695,0.674762384,0.822414057,0.0,0.0
0.6685976337554291,0.0014232605,0.5912806740000001,0.8104067319999999,0.0,0.0
0.6082200020687676,0.0,0.48426020566666667,0.7327589303333334,0.0,0.0
0.5618776877473529,0.0,0.427040381,0.701465274,0.0,0.0
0.6050249948823497,0.050762339999999996,0.324116623,0.5575746863333334,0.0,0.0
0.6851523103340563,0.1558256295,0.361508349,0.47804425949999996,0.0,0.0
0.6890423962843999,0.1583357365,0.31120605675,0.39057422249999996,0.0,0.0
0.6815950515106053,0.11499675200000001,0.33965229100000005,0.366540333,0.0,0.0
0.680216445780222,0.07613036000000001,0.371114129,0.385751542,0.0,0.0
0.6788622313452773,0.0179129215,0.4263709695,0.44797635950000003,0.0,0.0
0.6699953274985022,0.0,0.438440236,0.5335316146666667,0.0,0.0
0.6145645940382829,0.0,0.40357883475,0.6765036627500001,0.0,0.0
0.6147324993056109,0.0,0.4005097055,0.69365135,0.0,0.0
0.7265473797366209,0.072177794,0.410812865,0.6749360005,0.0,0.0
0.8106474992419064,0.3497071925,0.4962979125,0.7130869805,0.0,0.0
0.8232415558826207,0.659934139,0.49466751750000004,0.6781217465,0.0,0.0
0.818061045797946,0.7738182865000001,0.6073603322500001,0.765090812,0.0,0.0
0.8068098878611591,0.518062256,0.6409453625,0.8192011939999999,0.0,0.0
0.8021703091981227,0.1797594755,0.5626264985,0.800833052,0.0,0.0
0.7629610326291392,0.005698646333333332,0.4804680823333333,0.7424161093333334,0.0,0.0
0.6434093833528116,0.0,0.43482270749999996,0.6884717659999999,0.0,0.0
0.594804173894727,0.0,0.32959504349999996,0.5744852425,0.0,0.0
0.6552752868680358,0.0190457895,0.230700532,0.4574780355,0.0,0.0
0.779769948168036,0.2752134995,0.169225534,0.3647737485,0.0,0.0
0.8213451985287483,0.559143423,0.163314546,0.256068501,0.0,0.0
0.8209598966464579,0.6065606935000001,0.1092214575,0.140620925,0.0,0.0
0.8106961905672985,0.518200762,0.07777550999999999,0.0878406115,0.0,0.0
0.8050121477690135,0.356037757,0.046386817,0.06536847800000001,0.0,0.0
0.7978097571416345,0.06848313049999999,0.024721031499999997,0.048610399,0.0,0.0
0.7463569713155309,0.0,0.042090301499999996,0.0706250325,0.0,0.0
0.643417270013622,0.0,0.1150604815,0.179924902,0.0,0.0
0.5949408983239575,0.0,0.33962339025,0.48052337800000006,0.0,0.0
0.6557198642336072,0.0107670875,0.4795079075,0.6709120345,0.0,0.0
0.7821030648244238,0.1965190315,0.458642915,0.7035618324999999,0.0,0.0
0.8239590791803193,0.42350976650000005,0.44486394149999997,0.7226499925000001,0.0,0.0
0.8296663476324573,0.6424917075000001,0.47934337650000003,0.7142883915,0.0,0.0
0.8268310012481949,0.6609083385000001,0.5524973335000001,0.7208615625,0.0,0.0
0.8153435568715625,0.49565268866666673,0.49897100666666666,0.7165311710000001,0.0,0.0
0.8063602814552168,0.21115864,0.407680451,0.6958528045,0.0,0.0
0.7653981156361596,0.0037461076666666666,0.36903642999999997,0.6632080643333333,0.0,0.0
0.6349051425561832,0.0,0.29856357466666666,0.5895964616666667,0.0,0.0
0.6024626860053682,0.0,0.19625935349999998,0.35103002175,0.0,0.0
0.7261939672262243,0.0409075885,0.1336630915,0.17515072850000002,0.0,0.0
0.8170829741072808,0.22509576333333334,0.15044866899999998,0.15477569733333332,0.0,0.0
0.8281034690098261,0.3603348,0.192887593,0.2301153695,0.0,0.0
0.8251213626718409,0.383636781,0.263467544,0.27672886750000003,0.0,0.0
0.8158130819200664,0.33933532,0.350273945,0.35337524,0.0,0.0
0.8080156508094499,0.1812372195,0.3623301315,0.34162705250000003,0.0,0.0
0.7991710123966038,0.0404931435,0.3212141335,0.3702262505,0.0,0.0
0.698990522852609,0.000300782,0.26605513725,0.4457460225,0.0,0.0
0.5963761735289898,0.0,0.24144289825,0.43054773175,0.0,0.0
0.6557478675018247,0.004969966,0.23488951800000002,0.397528005,0.0,0.0
0.7795392014489929,0.0916129555,0.268033399,0.44229151050000004,0.0,0.0
0.821251519116228,0.28647343000000003,0.3355515415,0.563108928,0.0,0.0
0.8225266842634569,0.426589127,0.4478319965,0.6684210845,0.0,0.0
0.8174953800920961,0.5255402155,0.5010423575,0.688428042,0.0,0.0
0.8093875586342614,0.47748443949999997,0.596408348,0.7629945499999999,0.0,0.0
0.8046432363280143,0.3026060185,0.532898018,0.7660534265000001,0.0,0.0
0.7975874228261065,0.0705602615,0.44486032200000003,0.719126704,0.0,0.0
0.7419027855535856,0.0,0.40328984349999997,0.669914493,0.0,0.0
0.6047016812037195,0.0,0.348144512,0.5931385463333333,0.0,0.0
0.5589597604058175,0.0,0.37098233199999997,0.5233786935,0.0,0.0
0.602260452950079,0.117239806,0.26480859733333334,0.4193989143333334,0.0,0.0
0.6863328359231613,0.3751355505,0.2247884275,0.3248262685,0.0,0.0
0.6894677485160925,0.4877089725,0.1317040155,0.25625116225,0.0,0.0
0.6847261808593323,0.45106174200000004,0.11255205400000001,0.2293056185,0.0,0.0
0.6884188839054889,0.2436206695,0.1636707415,0.291000766,0.0,0.0
0.686072760059473,0.060954984499999997,0.189930554,0.31843718899999995,0.0,0.0
0.6458405113364803,0.0,0.321121843,0.4824653335,0.0,0.0
0.5612043181413423,0.0,0.35367272125,0.5957036760000001,0.0,0.0
0.5641648676906754,0.006480159,0.35244692600000005,0.6289273525,0.0,0.0
0.6189074754841153,0.213273668,0.353185989,0.636207634,0.0,0.0
0.6858838695647411,0.5511006430000001,0.4522662985,0.6408214615000001,0.0,0.0
0.6896891114264725,0.641020696,0.39563343,0.6117921405,0.0,0.0
0.6844843470189071,0.7157232975000001,0.389641467,0.57746575,0.0,0.0
0.6802431688790751,0.5864269525,0.31725984399999996,0.51217809,0.0,0.0
0.680359982457002,0.278561665,0.24297002550000002,0.4240593395,0.0,0.0
0.6824764109950632,0.027529197499999998,0.1700530165,0.35305761150000003,0.0,0.0
0.6664176778252666,0.0,0.24217360200000002,0.33970753300000006,0.0,0.0
0.6122483023004057,0.0,0.47557924349999997,0.548485164,0.0,0.0
0.6005577905349777,0.0,0.7038988655,0.8085255402500001,0.0,0.0
0.7498148509194583,0.020323096333333335,0.8010908733333334,0.914122565,0.0,0.0
0.8233223880430731,0.074031499,0.7689413684999999,0.9099201455,0.0,0.0
0.8239955633754861,0.1059135785,0.6522504735,0.883747658,0.0,0.0
0.8157150133908297,0.3057770693333333,0.5614234023333333,0.871354029,0.0,0.0
0.8056063500664692,0.265030601,0.5332066963333333,0.802656184,0.0,0.0
0.7978867032355712,0.050630231000000005,0.543585472,0.7963854619999999,0.0,0.0
0.7466201561513446,0.0,0.50142369,0.782871439,0.0,0.0
0.6284975566542088,0.0,0.47944564100000003,0.7528723350000001,0.0,0.0
0.6006017727694393,0.0,0.416659086,0.6409191514999999,0.0,0.0
0.7242086853321453,0.0584521705,0.3247195095,0.512431434,0.0,0.0
0.8142559182410323,0.3220620963333334,0.31093031699999996,0.415179795,0.0,0.0
0.8204761832957046,0.453199658,0.31057154,0.33586388349999996,0.0,0.0
0.809861487960849,0.3522201815,0.219084785,0.218929998,0.0,0.0
0.8046455223500454,0.22620665550000002,0.115294341,0.106667115,0.0,0.0
0.7976366170778318,0.054416965,0.07414240899999999,0.048365056000000003,0.0,0.0
0.6950551287542159,0.0,0.06964039275,0.049955132250000006,0.0,0.0
0.5948520766060625,0.0,0.08941827575,0.06344966325000001,0.0,0.0
0.6552213605603678,0.0030910155,0.1195270205,0.08385382,0.0,0.0
0.7794477393121082,0.12484770249999999,0.135264305,0.1302629825,0.0,0.0
0.8221735461440787,0.4533550366666666,0.14606775533333335,0.17078449566666665,0.0,0.0
0.8223729749781556,0.6442783475,0.14249884000000002,0.16090998550000002,0.0,0.0
0.8147084050094648,0.543096871,0.19593716849999998,0.233635854,0.0,0.0
0.8061914694415124,0.295009756,0.24265383,0.288300981,0.0,0.0
0.7976442522383156,0.031635351,0.3296147635,0.344984095,0.0,0.0
0.7489098391323465,0.0,0.304225918,0.4223289235,0.0,0.0
0.6444037616141653,0.0,0.16826171899999998,0.343228992,0.0,0.0
0.594724126496056,0.0,0.091622653,0.169298851,0.0,0.0
0.6095163279015432,0.0,0.133808101,0.171296532,0.0,0.0
0.7241824194525626,0.007675263000000001,0.191901512,0.252086934,0.0,0.0
0.8141416192204511,0.09797438800000001,0.24950156266666668,0.30201031133333334,0.0,0.0
0.8215520644593696,0.2569267313333333,0.2706634856666667,0.3197831313333333,0.0,0.0
0.8130896570459077,0.3979239455,0.274745157,0.34423304050000003,0.0,0.0
0.8062415476604032,0.327757727,0.3170615175,0.386576483,0.0,0.0
0.8023686407654075,0.1528325135,0.3316567065,0.43923288149999995,0.0,0.0
0.7624950280401945,0.0015591166666666667,0.34415785633333335,0.5020997116666667,0.0,0.0
0.6284975566542088,0.0,0.3343069636666667,0.5520322263333334,0.0,0.0
0.6005731637154166,0.0,0.363418025,0.5772858510000001,0.0,0.0
0.723999335241233,0.0717128125,0.36546116149999996,0.6292493045,0.0,0.0
0.8100893087589799,0.2786110455,0.3491068875,0.5736845365000001,0.0,0.0
0.8225937092491992,0.4861378165,0.2877100975,0.499726573,0.0,0.0
0.817426823548143,0.5079822875,0.26035115575,0.44787988425,0.0,0.0
0.8061564176982663,0.33304488200000004,0.2525780305,0.4364705915,0.0,0.0
0.8023844597940915,0.113793821,0.22295036099999999,0.4157059775,0.0,0.0
0.7626723743676883,0.0,0.17407960966666666,0.31278105466666667,0.0,0.0
0.6066647282095653,0.0,0.137806562,0.25494752433333334,0.0,0.0
0.5613524953484583,0.0,0.144203248,0.27133767675,0.0,0.0
0.5880715063921784,0.07548492400000001,0.121410724,0.282960141,0.0,0.0
0.6630262211125245,0.2668713365,0.1094173245,0.2326315445,0.0,0.0
0.6914441494535211,0.4642716015,0.08219588950000001,0.1370541885,0.0,0.0
0.6869118860691295,0.496438302,0.07406091199999999,0.107818155,0.0,0.0
0.6836763217794743,0.307219457,0.08647874500000001,0.10492399266666667,0.0,0.0
0.6850138255883392,0.056147891500000005,0.06320348749999999,0.06352555800000001,0.0,0.0
0.6639708260421551,0.0,0.052803662333333334,0.04018348966666666,0.0,0.0
0.5882269301011022,0.0,0.0424677845,0.037817453,0.0,0.0
0.5611175880975604,0.0,0.05900602525,0.054193948,0.0,0.0
0.5881817134786593,0.060199394,0.078482232,0.064179314,0.0,0.0
0.6618337398192006,0.25520530750000003,0.07362361649999999,0.0558864175,0.0,0.0
0.690697571253555,0.5778871004999999,0.0764364585,0.057081293000000005,0.0,0.0
0.6863991751171585,0.59915616425,0.09010559800000001,0.06725660800000001,0.0,0.0
0.6821101055998562,0.303917088,0.100980068,0.09970512449999999,0.0,0.0
0.6835026330079549,0.08064267833333334,0.150338436,0.162511113,0.0,0.0
0.6739667829831499,0.0,0.19648211799999998,0.212095306,0.0,0.0
0.63161875711587,0.0,0.22819760300000003,0.26815861700000004,0.0,0.0
0.6052689318174606,0.0,0.223556024,0.2793612705,0.0,0.0
0.7335198693371018,0.061248293999999995,0.269805587,0.363145161,0.0,0.0
0.8169065574044683,0.22033147649999998,0.34962467350000004,0.3853466965,0.0,0.0
0.8266033633526362,0.32578342299999996,0.3303353395,0.33809859,0.0,0.0
0.8249103210479976,0.4265249495,0.30138090100000003,0.27916792749999997,0.0,0.0
0.8152405658526742,0.40205588233333334,0.24273696733333336,0.24082304066666668,0.0,0.0
0.8106041113479039,0.21893173049999998,0.220861758,0.24447405849999998,0.0,0.0
0.7807419924720268,0.018654070000000002,0.205602332,0.23952325824999998,0.0,0.0
0.6316176293777024,0.0,0.16945647733333333,0.18017826866666667,0.0,0.0
0.6049854474716676,0.0,0.11035758450000001,0.099958097,0.0,0.0
0.7583624034564242,0.10542743133333332,0.10804463200000002,0.09382072266666668,0.0,0.0
0.8261954073777411,0.37003577649999997,0.0985943295,0.0835372555,0.0,0.0
0.825677099639266,0.633801095,0.095209947,0.06067896033333333,0.0,0.0
0.8167651924449019,0.640953428,0.07668117299999999,0.051898799999999995,0.0,0.0
0.8110988887930933,0.376035293,0.069802723,0.060204757,0.0,0.0
0.7806320597394041,0.0225180615,0.07922666575000001,0.0739083555,0.0,0.0
0.6168532026357522,0.0,0.044418543,0.030063377800000003,0.0,0.0
0.6427824609916567,0.0006935996666666667,0.03266908466666666,0.015989435666666666,0.0,0.0
0.7885261191856254,0.141732666,0.0312959565,0.0204138975,0.0,0.0
0.8260257877487241,0.502537025,0.020110241,0.017340359333333336,0.0,0.0
0.8219427536064919,0.618475479,0.021242974,0.02038974675,0.0,0.0
0.8111126351489205,0.29250250033333336,0.021570108,0.04540370733333334,0.0,0.0
0.7806583255818266,0.017017597,0.08121165225,0.0843795215,0.0,0.0
0.6316176293777024,0.0,0.11423647766666667,0.10733565733333333,0.0,0.0
0.6050188456225609,0.0,0.120905183,0.11508753125,0.0,0.0
0.7333164399830503,0.054740382,0.1580642565,0.1527648945,0.0,0.0
0.8169258968431644,0.3256868975,0.1984547935,0.23562974399999997,0.0,0.0
0.8257712439012872,0.6328680047499999,0.29831128725,0.29836685575,0.0,0.0
0.8168886353306459,0.535695559,0.363165344,0.3376672585,0.0,0.0
0.8112837178994211,0.26499510633333334,0.3854855976666666,0.42314918300000004,0.0,0.0
0.8051980435964377,0.016914377,0.501906841,0.5944781045,0.0,0.0
0.7018340872924684,0.0,0.576859543,0.71076024075,0.0,0.0
0.599808926424461,0.0,0.6038994557499999,0.744466521,0.0,0.0
0.6641889618976369,0.0,0.531043986,0.7030826475,0.0,0.0
0.7883272846920075,0.0352720795,0.49082793599999996,0.656028935,0.0,0.0
0.826193441528112,0.09350531249999999,0.4249098945,0.6098378055,0.0,0.0
0.8243252245264858,0.19505171025,0.27941083825,0.4617025195,0.0,0.0
0.8144434599934186,0.23155869966666667,0.25154004766666666,0.47926879066666667,0.0,0.0
0.8108710223126732,0.070185005,0.394023827,0.5682625975,0.0,0.0
0.7686811634947124,0.0,0.4019277903333333,0.5819727496666667,0.0,0.0
0.6234540833799082,0.0,0.4068586885,0.6372609730000001,0.0,0.0
0.563173735403723,0.0,0.44048951880000004,0.6498356316,0.0,0.0
0.5880245523811006,0.049924225,0.5400522194999999,0.785331266,0.0,0.0
0.6664546649467668,0.1856128535,0.539111161,0.8005012835,0.0,0.0
0.6949204158816777,0.25578657400000004,0.592285752,0.8304956885,0.0,0.0
0.6877079098353467,0.39053666425,0.68524871675,0.8508905627500001,0.0,0.0
0.684269579266108,0.333364322,0.7107115395,0.8713522765,0.0,0.0
0.6872114064592548,0.116920223,0.573387172,0.800263901,0.0,0.0
0.6786087161916518,0.0,0.4986112833333333,0.726509985,0.0,0.0
0.6236817669825296,0.0,0.5393488425,0.7410633245,0.0,0.0
0.5635456414079814,0.0,0.603317096,0.7594877609999999,0.0,0.0
0.5680957926787984,0.0,0.5938038075000001,0.710145025,0.0,0.0
0.6229034137526478,0.046634989,0.5087361324999999,0.680690967,0.0,0.0
0.6870199328094224,0.184706712,0.442393753,0.681790159,0.0,0.0
0.6886742049711836,0.47622709825,0.30038454025,0.57611670625,0.0,0.0
0.6824987908081301,0.412381534,0.33414826,0.5001128960000001,0.0,0.0
0.6836513131290175,0.138632989,0.3209689665,0.5208292004999999,0.0,0.0
0.6845665279464788,0.0109293545,0.3692949265,0.5697533340000001,0.0,0.0
0.660324901771895,0.0,0.50276439175,0.681468846,0.0,0.0
0.5983314634640771,0.0,0.5602288613333334,0.7865629283333333,0.0,0.0
0.6156079380532078,0.0,0.475301025,0.782336871,0.0,0.0
0.7586186464670229,0.066626558,0.4117145583333333,0.7722834336666667,0.0,0.0
0.8262570374436475,0.3776532795,0.4062231195,0.6895082450000001,0.0,0.0
0.823785070385039,0.57150424775,0.45180741925,0.5408936627500001,0.0,0.0
0.8152488106140781,0.280469482,0.51559363,0.5950054895,0.0,0.0
0.8120127320518378,0.080160278,0.41957140049999997,0.6227349755,0.0,0.0
0.7947788528284437,0.003847061,0.3437995086666667,0.592087763,0.0,0.0
0.6578887903062769,0.0,0.36219028775,0.6198958105,0.0,0.0
0.5971708258231971,0.0,0.329567679,0.6047076306666667,0.0,0.0
0.6636393209394142,0.0,0.4000231815,0.673629846,0.0,0.0
0.7892073411164091,0.009719816499999999,0.5861375980000001,0.8126048585,0.0,0.0
0.8282424565332356,0.025763822999999998,0.7698362185000001,0.881919201,0.0,0.0
0.8272021529298417,0.038302195,0.8490834535,0.9243936155,0.0,0.0
0.8188242887187411,0.09655894575,0.8695089525,0.9362084687500001,0.0,0.0
0.8124004799308795,0.1076513475,0.843194111,0.933755798,0.0,0.0
0.8061003198220257,0.0084393395,0.7724497125,0.9250708569999999,0.0,0.0
0.7004963547872611,0.0,0.66201002975,0.8828149914999999,0.0,0.0
0.598324171131339,0.0,0.6135213749999999,0.84249925375,0.0,0.0
0.6636147237020709,0.0,0.639338398,0.8308712145,0.0,0.0
0.7893560212870185,0.020854602,0.6920508329999999,0.8727378435,0.0,0.0
0.8289506072818157,0.086597633,0.714055616,0.887069707,0.0,0.0
0.8261127692308992,0.34129502075,0.72897305475,0.8747608675,0.0,0.0
0.8170112552662957,0.3876938905,0.7191648159999999,0.8626470075,0.0,0.0
0.8143410480545283,0.196046025,0.6218569805,0.8469981129999999,0.0,0.0
0.7941976653508463,0.004935338333333333,0.5274099523333334,0.7860622416666666,0.0,0.0
0.6550618335091583,0.0,0.39345119500000003,0.6962794845,0.0,0.0
0.6038175518960207,0.0,0.276917746,0.5906957347499999,0.0,0.0
0.7342025543398221,0.0485949025,0.247263929,0.5108245895,0.0,0.0
0.8216454848652,0.258301248,0.2499448495,0.5242661225,0.0,0.0
0.8276306825827734,0.4377404415,0.31238352950000003,0.520205963,0.0,0.0
0.8221321927717804,0.5167625412500001,0.35675451650000006,0.540083974,0.0,0.0
0.8143736918902422,0.2889538985,0.3472280875,0.5616409659999999,0.0,0.0
0.8130938175777624,0.075400573,0.343769015,0.5898131385000001,0.0,0.0
0.7404837636314953,0.0,0.38542553175,0.664912483,0.0,0.0
0.6046231997116833,0.0,0.43213122525000003,0.714426805,0.0,0.0
0.6143123133097986,0.0,0.4251912725,0.7274955665,0.0,0.0
0.7337294936703916,0.030431423,0.403699601,0.7090468409999999,0.0,0.0
0.8187894274587508,0.18255411500000002,0.3652005365,0.6824674825,0.0,0.0
0.8271901287021887,0.34509101649999996,0.413562406,0.679725518,0.0,0.0
0.8256859082202068,0.298405776,0.417305704,0.664734675,0.0,0.0
0.8189037264050114,0.19686601199999998,0.5044713525,0.713755308,0.0,0.0
0.8147633599861707,0.0901637025,0.5733698254999999,0.7705611215,0.0,0.0
0.8118785450334847,0.021648845,0.5816950155,0.7643357705,0.0,0.0
0.7382878744049916,0.0,0.55597358225,0.7705952005,0.0,0.0
0.5887143239109085,0.0,0.43897877350000003,0.7188355465,0.0,0.0
0.5611464599857751,0.0,0.38315074625,0.689068347,0.0,0.0
0.6067832029481418,0.08399034300000001,0.360114082,0.68650294,0.0,0.0
0.6915227414476461,0.410435893,0.395859872,0.703863345,0.0,0.0
0.6939066143977323,0.6269575436666667,0.35216030600000003,0.621619028,0.0,0.0
0.6881664279170496,0.4135013703333334,0.33516217,0.589566602,0.0,0.0
0.6931543594796423,0.11030257900000001,0.3107356,0.614275354,0.0,0.0
0.6910352867446362,0.0026285713333333333,0.2571308433333333,0.549857436,0.0,0.0
0.6207926200407626,0.0,0.22730852175,0.45631807675,0.0,0.0
0.5631282215813224,0.0,0.18115452075,0.31390309925000004,0.0,0.0
0.6103623460655956,0.07117577566666666,0.2542646516666667,0.34093968700000005,0.0,0.0
0.6922901677166673,0.1821712,0.34835351449999996,0.533474975,0.0,0.0
0.6941985949309355,0.2658635995,0.5253865275,0.6777831015,0.0,0.0
0.6869570684298553,0.30467860550000003,0.6951316755000001,0.7793871065,0.0,0.0
0.6838048166953751,0.195528609,0.7590640525,0.8179056174999999,0.0,0.0
0.6849729599562334,0.05153075633333332,0.7595570306666666,0.8280970296666667,0.0,0.0
0.6741539132357155,0.0,0.777348812,0.86795278875,0.0,0.0
0.6091268502640972,0.0,0.7338676443333334,0.8897226159999999,0.0,0.0
0.5987561984893923,0.0,0.5465688285,0.77867383,0.0,0.0
0.6637658041995291,0.0,0.387188748,0.618683479,0.0,0.0
0.7882709124247482,0.0748591235,0.2998544535,0.544109284,0.0,0.0
0.826132588705237,0.21471382249999998,0.25464628050000004,0.4672176795,0.0,0.0
0.8237774123710239,0.464366012,0.22461716775,0.2771187745,0.0,0.0
0.8142268405223936,0.29782899,0.254807794,0.22402159449999998,0.0,0.0
0.8110505174419154,0.1369044285,0.2260897115,0.2498054125,0.0,0.0
0.8052302302128813,0.0020060945,0.256603263,0.399374899,0.0,0.0
0.7559641897109584,0.0,0.29945046200000003,0.504530531,0.0,0.0
0.6316610934501431,0.0,0.3744236893333333,0.5786807063333334,0.0,0.0
0.6051222290533067,0.0,0.42682872425,0.6567208040000001,0.0,0.0
0.7585409231548285,0.12342930099999999,0.48637096799999996,0.7195401443333332,0.0,0.0
0.8258989615493832,0.5737918925000001,0.4912477435,0.7936147085,0.0,0.0
0.8286234836160138,0.7966372465,0.5057216204999999,0.8208151829999999,0.0,0.0
0.8266717599218691,0.8150352295000001,0.6391730575,0.880164123,0.0,0.0
0.8181790556374748,0.5430433506666666,0.7745000596666666,0.9077174696666667,0.0,0.0
0.8087692925714913,0.070205884,0.7864002225,0.907380769,0.0,0.0
0.787464693122158,0.0,0.7401897465,0.8924696285,0.0,0.0
0.7022425003751531,0.0,0.6619998229999999,0.8567761005,0.0,0.0
0.6059047885221063,0.0,0.57020800275,0.7974672347499999,0.0,0.0
0.6151346488484627,0.0,0.560578251,0.769193345,0.0,0.0
0.7335155716840582,0.025250376,0.517767834,0.7611687285,0.0,0.0
0.8168884981351366,0.2575607895,0.6131753200000001,0.7502749805,0.0,0.0
0.8267755891265391,0.48451455,0.69307794,0.7841252224999999,0.0,0.0
0.8211714640873262,0.50806006475,0.67582270925,0.7816549110000001,0.0,0.0
0.8117413405314525,0.325558263,0.759227102,0.8064736775,0.0,0.0
0.8084224637361694,0.0518275095,0.7738494995,0.8394623085,0.0,0.0
0.7717586103315471,0.0,0.8082843023333334,0.8782565043333334,0.0,0.0
0.6283789295215955,0.0,0.81584848025,0.9011263465,0.0,0.0
0.6318028013860959,0.0,0.6079249365,0.8267311009999999,0.0,0.0
0.7884264504384897,0.071287089,0.6209987880000001,0.832063569,0.0,0.0
0.8262323945735617,0.1379634565,0.6093218305,0.852065692,0.0,0.0
0.8261602032776185,0.13507501533333333,0.513853573,0.7991142876666667,0.0,0.0
0.8183680756727121,0.0842401855,0.42649247199999996,0.71837826,0.0,0.0
0.8135380291381893,0.061514359500000004,0.373950683,0.5690307655,0.0,0.0
0.8078034204055945,0.021597986666666666,0.3013060126666667,0.37475067766666664,0.0,0.0
0.7564323126055027,0.0,0.4382332325,0.44486413199999997,0.0,0.0
0.647192634097312,0.0,0.706458787,0.7570662455,0.0,0.0
0.5996143095407862,0.0,0.79463887025,0.89763157375,0.0,0.0
0.6645280869747205,0.0,0.870451807,0.9332282575,0.0,0.0
0.7888848809087953,0.0308094225,0.9126503340000001,0.9367607975,0.0,0.0
0.8255866052782155,0.1309758125,0.930625604,0.9072299635000001,0.0,0.0
0.8245757907941871,0.21540494374999997,0.9240590949999999,0.910944734,0.0,0.0
0.8196365048870836,0.3069537213333333,0.9235771539999998,0.7801631496666667,0.0,0.0
0.8185504968715074,0.060518010000000004,0.9241613955,0.7974215515,0.0,0.0
0.7331863906058603,0.0,0.9008887525,0.860352527,0.0,0.0
0.5880764441670645,0.0,0.889369965,0.891494276,0.0,0.0
0.5608440820123706,0.0,0.8694368625,0.9121587489999999,0.0,0.0
0.6072849906924337,0.08498820766666666,0.8164075086666666,0.9288745606666667,0.0,0.0
0.69616970384516,0.434703617,0.8568632105,0.9352633825000001,0.0,0.0
0.6982884755948211,0.591481903,0.9036063675000001,0.93643524625,0.0,0.0
0.6965906593794524,0.3857431533333333,0.8926987686666666,0.935948867,0.0,0.0
0.7018669368099655,0.063056241,0.862876653,0.9344315544999999,0.0,0.0
0.6702902074697722,0.0,0.7768911462499999,0.9300238805,0.0,0.0
0.5740593307854083,0.0,0.7103040492499999,0.9168024485000001,0.0,0.0
0.5617070965026131,0.0,0.673037759,0.9006594720000001,0.0,0.0
0.6086259463878766,0.07931784,0.607377757,0.8730428163333334,0.0,0.0
0.6981244450973041,0.40482444100000003,0.5845801515,0.8416655959999999,0.0,0.0
0.6995661972532772,0.5998021683333333,0.459246335,0.7290288533333333,0.0,0.0
0.6955135591130408,0.42838860749999996,0.5105817885,0.718673098,0.0,0.0
0.7024408091260667,0.24310289950000002,0.5638787365,0.7559238735,0.0,0.0
0.7059688302189984,0.051999144,0.6315873544999999,0.8111417375,0.0,0.0
0.6747432845195794,0.0,0.78836169475,0.88960302775,0.0,0.0
0.6045762457006055,0.0,0.8294137395,0.916412625,0.0,0.0
0.6155849868646939,0.0,0.8036503875000001,0.8812899999999999,0.0,0.0
0.7388008939353776,0.013070382,0.8028557375,0.8561376535,0.0,0.0
0.8296218167645995,0.3070420455,0.8074248485,0.833417116,0.0,0.0
0.8369518564423196,0.5920502975,0.7977289825,0.8165513865,0.0,0.0
0.8322841830226193,0.6871426780000001,0.79808090525,0.81233039025,0.0,0.0
0.8286241693705989,0.39566833349999997,0.8294878735,0.8867941585000001,0.0,0.0
0.8262221534416063,0.0801181395,0.795687027,0.8795036064999999,0.0,0.0
0.7816109848143789,0.0,0.7508267135,0.8295200885,0.0,0.0
0.6933559599566126,0.0,0.670861084,0.7799689745,0.0,0.0
0.6207445802082383,0.0,0.5641280200000001,0.6961240335,0.0,0.0
0.6180678579563113,0.0,0.4557483,0.59780218275,0.0,0.0
0.7521737838416156,0.0113942885,0.32323453950000003,0.5115166995,0.0,0.0
0.8272933177850164,0.183531571,0.247854288,0.443147797,0.0,0.0
0.8370806484665163,0.467992143,0.22358535499999999,0.4533355965,0.0,0.0
0.8336840027015225,0.6061782745,0.2611816045,0.389849508,0.0,0.0
0.826334806413358,0.5044794995,0.33037284499999997,0.468109844,0.0,0.0
0.8227209925439429,0.25255016566666666,0.459000434,0.6826239159999999,0.0,0.0
0.821523413488626,0.026354068,0.505547104,0.7655205789999999,0.0,0.0
0.7810140469306257,0.0,0.5991340215000001,0.8231034705,0.0,0.0
0.6920659359263035,0.0,0.7436068155,0.8803441519999999,0.0,0.0
0.6045992655240344,0.0,0.87745688675,0.92067740425,0.0,0.0
0.614507810370297,0.0,0.9245232835,0.9345234474999999,0.0,0.0
0.759652854259402,0.014346052,0.9338551143333333,0.9195690726666665,0.0,0.0
0.829459969318161,0.0725306025,0.9352449855,0.9109587215,0.0,0.0
0.8262263138248203,0.10269654175000001,0.93375565625,0.9327161455,0.0,0.0
0.8167973180938214,0.07303163666666666,0.9105969583333334,0.9373765179999999,0.0,0.0
0.8114484607458495,0.0136575325,0.8531555715,0.9349564054999999,0.0,0.0
0.7443158657504286,0.0,0.748807008,0.9173803475,0.0,0.0
0.6051704746790948,0.0,0.6293312012500001,0.884087633,0.0,0.0
0.614879121989504,0.0,0.578027496,0.879322681,0.0,0.0
0.7588184106596426,0.016582169,0.6642815459999999,0.8798319506666666,0.0,0.0
0.8267457798719322,0.11792986350000001,0.8486990205,0.9151003965,0.0,0.0
0.8267763205881872,0.26242575,0.893768642,0.9257479639999999,0.0,0.0
0.8217904616489046,0.466362238,0.9106013235,0.936332502,0.0,0.0
0.8154066803569135,0.37527173,0.9023244515,0.936924424,0.0,0.0
0.812092329824309,0.113001428,0.8993192615000001,0.936654016,0.0,0.0
0.780016822605659,0.0006592395,0.8687525610000001,0.93570805475,0.0,0.0
0.6217895587151661,0.0,0.827794257,0.929830707,0.0,0.0
0.6303450321003393,0.0,0.825750043,0.93144263425,0.0,0.0
0.7961924722500142,0.117026817,0.7713387039999999,0.911714366,0.0,0.0
0.8354760279243917,0.444669006,0.746405969,0.8747446,0.0,0.0
0.835282085349956,0.664178304,0.7055918645,0.8028056594999999,0.0,0.0
0.8303183090163504,0.749272224,0.68716119,0.77253208,0.0,0.0
0.8252705000617208,0.6151293345,0.6960743970000001,0.785771709,0.0,0.0
0.8256879199255398,0.370857907,0.729072136,0.8370091625,0.0,0.0
0.8250991430192953,0.051368968,0.6549202945,0.839117909,0.0,0.0
0.7818991554347309,0.0,0.525486942,0.7213185625,0.0,0.0
0.6831824586985048,0.0,0.4293773875,0.6434469549999999,0.0,0.0
0.5963642864225254,0.0,0.3362040505,0.620684505,0.0,0.0
0.5726998358097656,0.0,0.266672757,0.5076448207500001,0.0,0.0
0.6193746077864541,0.03899809866666667,0.30427028733333333,0.5763549633333334,0.0,0.0
0.7005658714396574,0.226609691,0.39246183349999997,0.6583744985,0.0,0.0
0.7023976727323911,0.3841332285,0.5974148535,0.713566238,0.0,0.0
0.6965708933167285,0.3165130695,0.7220999035,0.8056511825,0.0,0.0
0.6958946547935736,0.1643228025,0.76927401,0.8651389279999999,0.0,0.0
0.7021434718241802,0.06220105,0.73781931,0.8782543965,0.0,0.0
0.6856400355014888,0.0002851075,0.77517361925,0.89682993125,0.0,0.0
0.6233203535808254,0.0,0.773719943,0.9081123975000001,0.0,0.0
0.5632710495756653,0.0,0.7521695962499999,0.90260554725,0.0,0.0
0.5680982386383896,0.0,0.720954355,0.886968544,0.0,0.0
0.6253301412238013,0.040963093500000006,0.6897797385,0.8742164735,0.0,0.0
0.6956207486415222,0.22305367399999998,0.692298101,0.8665104765,0.0,0.0
0.6972411425795885,0.34548193233333335,0.6233804356666667,0.8084151276666667,0.0,0.0
0.6921201821834121,0.32534333449999997,0.505669893,0.697992274,0.0,0.0
0.6958289556842588,0.15876708750000001,0.36015822,0.587234729,0.0,0.0
0.7017126788912683,0.015939974000000003,0.27723885699999995,0.500803694,0.0,0.0
0.677454890810708,0.0,0.26359693075,0.48860835299999994,0.0,0.0
0.6252766949517747,0.0,0.2634013895,0.4810474295,0.0,0.0
0.6258868229648882,0.0,0.22963600025000003,0.443741335,0.0,0.0
0.7862717546095638,0.0024089115,0.218308315,0.44531820099999997,0.0,0.0
0.8629727978203743,0.249613468,0.2489161485,0.4731337715,0.0,0.0
0.8604360003839286,0.4814914515,0.30604961500000005,0.481089047,0.0,0.0
0.856518196890251,0.5671700655,0.3822228565,0.4975485335,0.0,0.0
0.8510871663192584,0.4883771495,0.47519904,0.540847149,0.0,0.0
0.853001628575205,0.2935753155,0.5415987945,0.5636236055,0.0,0.0
0.8554928892911263,0.0215207495,0.5579018975000001,0.569374705,0.0,0.0
0.7779798279511394,0.0,0.5199530736666667,0.5596194543333334,0.0,0.0
0.6583117308772557,0.0,0.5350218195,0.6184675989999999,0.0,0.0
0.6151860490791187,0.0,0.5045571459999999,0.7856831550000001,0.0,0.0
0.7013349207181756,0.0,0.471462045,0.8052904865,0.0,0.0
0.838406928230998,0.005939748999999999,0.600940005,0.8421460715,0.0,0.0
0.8707628223801422,0.0278425105,0.8193897125,0.925711245,0.0,0.0
0.8627027321392564,0.2362298105,0.89819716075,0.9369835297500001,0.0,0.0
0.8532603405104068,0.269995329,0.915740482,0.934582727,0.0,0.0
0.8256998070320041,0.0071585255,0.9082549817500001,0.9234998714999999,0.0,0.0
0.7035668828134399,0.0,0.897696807,0.931423626,0.0,0.0
0.6152177555856003,0.0,0.8719849575,0.93487609925,0.0,0.0
0.632609775078186,0.0,0.834989049,0.934582095,0.0,0.0
0.803194687222113,0.077527444,0.7868274043333333,0.9254818213333333,0.0,0.0
0.8643137534910437,0.44942269749999997,0.7439044825000001,0.890106692,0.0,0.0
0.8543570087632161,0.6335570260000001,0.74612037675,0.8290513469999999,0.0,0.0
0.8482653071602655,0.4228953725,0.789000183,0.8679136055,0.0,0.0
0.8514399995762426,0.08462683066666665,0.7422943923333335,0.905212063,0.0,0.0
0.799512080581266,0.0,0.615415241,0.8728948755,0.0,0.0
0.7037322962283127,0.0,0.481625186,0.7857471765,0.0,0.0
0.6193109623115802,0.0,0.2862821425,0.5149381835,0.0,0.0
0.6419085919410366,0.0,0.1665428425,0.31877662949999996,0.0,0.0
0.7841162356819028,0.001134283,0.1570164235,0.238444567,0.0,0.0
0.8599443318117703,0.040208635,0.235695181,0.307721427,0.0,0.0
0.8578127929646224,0.22647612350000002,0.33217049499999995,0.43582485049999997,0.0,0.0
0.8434661061052976,0.353324497,0.49371214933333335,0.651287461,0.0,0.0
0.8342331864404748,0.21574409866666666,0.595509543,0.7789883136666665,0.0,0.0
0.83295838702407,0.00883535,0.606477226,0.8224554485,0.0,0.0
0.7992518446313768,0.0,0.649399325,0.8576432469999999,0.0,0.0
0.7076342579512556,0.0,0.67741465,0.8685429835,0.0,0.0
0.6159048753625531,0.0,0.7260337605,0.8958807759999999,0.0,0.0
0.6327633700586696,0.0,0.6397868835,0.861668915,0.0,0.0
0.7686002854785561,0.0,0.5476095160000001,0.770717683,0.0,0.0
0.839793009184305,0.0514278085,0.457339315,0.657937514,0.0,0.0
0.845147642294757,0.1374489835,0.47031202800000005,0.5923909525,0.0,0.0
0.8356024425495916,0.226500867,0.3986179265,0.528572515,0.0,0.0
0.8283200426746944,0.16311022,0.3334935705,0.46108468550000004,0.0,0.0
0.8308039425468301,0.007427166,0.31255467150000005,0.439854096,0.0,0.0
0.7800669274436495,0.0,0.30758023933333334,0.4584303940000001,0.0,0.0
0.6064050294353396,0.0,0.2180222035,0.37611024849999997,0.0,0.0
0.5756030947762498,0.0,0.10465573933333333,0.20953948733333336,0.0,0.0
0.632461506419784,0.013586049666666667,0.06853311166666667,0.14840447133333334,0.0,0.0
0.7157047721895087,0.105580296,0.0568855275,0.1518650105,0.0,0.0
0.714906233704918,0.14563739666666667,0.106118288,0.241407155,0.0,0.0
0.7137223248765365,0.112325888,0.126016191,0.230888857,0.0,0.0
0.7222831132127656,0.0543501895,0.174440078,0.255537309,0.0,0.0
0.7259693239979734,0.0019317755,0.24956272200000001,0.283177086,0.0,0.0
0.7081473231515445,0.0,0.319580624,0.336427542,0.0,0.0
0.6340331632139142,0.0,0.38412607825,0.46796320275000003,0.0,0.0
0.5820761588081345,0.0,0.43992051025,0.58785573275,0.0,0.0
0.6494963073042372,0.06989904266666667,0.3775410476666667,0.502749525,0.0,0.0
0.726359495020235,0.488012851,0.2336092085,0.3734010735,0.0,0.0
0.7238257608488516,0.6494685885,0.1631202255,0.2619883495,0.0,0.0
0.7162981667725576,0.43499620149999996,0.130402868,0.18548169949999999,0.0,0.0
0.7183095546086593,0.383764489,0.0766527805,0.093341658,0.0,0.0
0.7355533244688722,0.07503262266666667,0.10667558433333334,0.13167053966666667,0.0,0.0
0.718482328941638,0.0,0.240555281,0.3938057155,0.0,0.0
0.6764782974276672,0.0,0.3669655,0.5406170685,0.0,0.0
0.6255654142798435,0.0,0.5179557695,0.6680366584999999,0.0,0.0
0.6064426681611883,0.0,0.655175871,0.769594459,0.0,0.0
0.6326215021727699,0.0,0.7564285545,0.848473375,0.0,0.0
0.7742724413190176,0.0,0.790180981,0.8821967045000001,0.0,0.0
0.8577373099426224,0.049305383999999994,0.807439214,0.898956723,0.0,0.0
0.8580023463975681,0.1345489765,0.798399896,0.8913679729999999,0.0,0.0
0.8495431698417327,0.18077783749999998,0.814623745,0.892647593,0.0,0.0
0.842311229189398,0.08199274,0.7491151923333333,0.871771942,0.0,0.0
0.8429264015157305,0.010920008,0.6949761285,0.8546963734999999,0.0,0.0
0.7932098401321643,0.0,0.66515837225,0.8440024595,0.0,0.0
0.6325469906302388,0.0,0.6187362905,0.83774856475,0.0,0.0
0.6241714771866483,0.0,0.6003383806666666,0.8204500010000001,0.0,0.0
0.7704394019080122,0.0,0.652425956,0.829355061,0.0,0.0
0.8463663438349214,0.1286525955,0.684139439,0.8475788125,0.0,0.0
0.8463023669033273,0.2852034913333334,0.7855468590000001,0.8602593173333334,0.0,0.0
0.838387451671113,0.27871653949999997,0.7783091855,0.861831287,0.0,0.0
0.8331365104955013,0.2111451205,0.7174320335,0.8382395925,0.0,0.0
0.8341394613208917,0.0577781135,0.6622683844999999,0.826342584,0.0,0.0
0.7915378403188192,0.0,0.6428259597499999,0.80670164375,0.0,0.0
0.6557064911645143,0.0,0.553995936,0.7496102255,0.0,0.0
0.6096598759865088,0.0,0.3477949345,0.536565818,0.0,0.0
0.6950935332034296,0.0,0.2345500985,0.3671504705,0.0,0.0
0.8312294548647237,0.1030426285,0.201967643,0.3127992935,0.0,0.0
0.8534163967604895,0.491167976,0.13091443149999998,0.284690456,0.0,0.0
0.842089321473124,0.7154741090000001,0.048728997999999996,0.140064323,0.0,0.0
0.8326855781388111,0.7381745435,0.0446993195,0.10353203550000001,0.0,0.0
0.8278594635265079,0.534057425,0.0996705465,0.15378291900000002,0.0,0.0
0.8341094692380328,0.253664562,0.195281262,0.245389457,0.0,0.0
0.8392350015296304,0.0022624205,0.3624658065,0.400625964,0.0,0.0
0.7987510321940556,0.0,0.5145866530000001,0.6021881554999999,0.0,0.0
0.7058602919977182,0.0,0.6405743850000001,0.7593907025,0.0,0.0
0.6159308555544123,0.0,0.7158488685,0.8429878657500001,0.0,0.0
0.6329333326269126,0.0,0.7401963545,0.8808996105,0.0,0.0
0.7912545426783271,0.06706090966666667,0.78467498,0.9098636423333333,0.0,0.0
0.8435694934254792,0.4921183545,0.7550002505,0.9123580615,0.0,0.0
0.8375148931373654,0.7384494255,0.6785618499999999,0.884330686,0.0,0.0
0.8315344959248483,0.7581607715,0.6007449570000001,0.8628256839999999,0.0,0.0
0.8253169968535281,0.5419583375,0.5508549755000001,0.84316844,0.0,0.0
0.8277964161700481,0.131117525,0.5861487910000001,0.8472185434999999,0.0,0.0
0.7923380589529287,0.0,0.5798290685,0.81942052975,0.0,0.0
0.6412524852609764,0.0,0.5597013513333332,0.7988541530000001,0.0,0.0
0.6197477101687497,0.0,0.46805532025,0.7612764125,0.0,0.0
0.7700771198491505,0.0,0.5386418105,0.809960672,0.0,0.0
0.8405875242830031,0.271265191,0.5396257115,0.818142618,0.0,0.0
0.8381985382856894,0.5971599835,0.442145308,0.7529823440000001,0.0,0.0
0.8338073998058833,0.702369969,0.3917648485,0.668659631,0.0,0.0
0.8238969005057902,0.48174946533333324,0.36200301566666665,0.61863556,0.0,0.0
0.8259457327322091,0.086675303,0.43624888500000003,0.6343909485,0.0,0.0
0.7920461393129292,0.0,0.6576589122500001,0.7693421885,0.0,0.0
0.6329992602715422,0.0,0.7741030984999999,0.8536516359999999,0.0,0.0
0.5760697699212521,0.0,0.6961697405,0.842923651,0.0,0.0
0.6135789138681675,0.023160798,0.6507766815,0.81542311025,0.0,0.0
0.6952456194049134,0.2926288795,0.6537512775000001,0.834502458,0.0,0.0
0.6965853407123751,0.5967944546666667,0.5499453753333333,0.8031579133333334,0.0,0.0
0.6888927903413848,0.5678560260000001,0.55940866,0.8248482800000001,0.0,0.0
0.6890350240324289,0.288394262,0.6075522870000001,0.8677940239999999,0.0,0.0
0.6925961232153326,0.0022917955,0.6893441499999999,0.8920387645,0.0,0.0
0.6771456548455308,0.0,0.74508827125,0.9134412762499999,0.0,0.0
0.599125681380159,0.0,0.7241028734999999,0.9109367675,0.0,0.0
0.5732852485399231,0.0,0.6931163936666667,0.8886626963333334,0.0,0.0
0.5843312092131017,0.0,0.669976393,0.886602356,0.0,0.0
0.6629828103773773,0.18812818533333334,0.6294435706666667,0.8877322343333333,0.0,0.0
0.7001391361791287,0.69252863975,0.49032317525,0.8429292877500001,0.0,0.0
0.6924016777145636,0.6580030939999999,0.5566832214999999,0.8516810969999999,0.0,0.0
0.6952404530947125,0.337540567,0.6913741725,0.8942397855,0.0,0.0
0.6972287982538539,0.00108939825,0.75671780475,0.91592620775,0.0,0.0
0.6744884435638465,0.0,0.69013491,0.8634427094999999,0.0,0.0
0.6253038295628351,0.0,0.5252125525,0.676825833,0.0,0.0
0.6197289651448331,0.0,0.27916998075,0.47591959925000005,0.0,0.0
0.7947226024714591,0.03921548833333333,0.203340399,0.4364775066666667,0.0,0.0
0.8438768662146978,0.3446040615,0.138231328,0.350848069,0.0,0.0
0.8358008503572482,0.5438312216666668,0.10273086999999999,0.22479994033333336,0.0,0.0
0.8255813323182011,0.4157095833333333,0.10367959666666667,0.188334996,0.0,0.0
0.8294416815135147,0.0781772725,0.193367855,0.3113650605,0.0,0.0
0.7919557402926003,0.0,0.18110755475,0.27211985625,0.0,0.0
0.6412498030367462,0.0,0.129792295,0.16051385466666668,0.0,0.0
0.618813544534108,0.0,0.09263002275,0.08713389325,0.0,0.0
0.7738045469597882,0.0,0.077869297,0.041351051,0.0,0.0
0.8517223028961214,0.145155446,0.07510721749999999,0.0315763585,0.0,0.0
0.8432870834557868,0.3471282825,0.0648769195,0.025380363,0.0,0.0
0.8360798008349053,0.440171048,0.0738170945,0.0296436,0.0,0.0
0.8268587987479221,0.26285306333333336,0.086586467,0.04665082733333333,0.0,0.0
0.8283906794845748,0.051953221,0.0933030945,0.075883316,0.0,0.0
0.7909991263586176,0.0,0.16228043600000003,0.18031701349999998,0.0,0.0
0.6324606034637494,0.0,0.27657000000000004,0.32118447099999997,0.0,0.0
0.6239355031403334,0.0,0.25335327333333335,0.31960870300000005,0.0,0.0
0.77171712739397,0.0,0.315438858,0.376527312,0.0,0.0
0.8455227716056866,0.1040774825,0.3252775335,0.441711689,0.0,0.0
0.8409042543608792,0.39370195,0.254512189,0.45331473833333336,0.0,0.0
0.8314473086246359,0.4547248795,0.175801754,0.340315291,0.0,0.0
0.8256214893545771,0.28487919899999997,0.1102624985,0.1989836,0.0,0.0
0.8320683636357704,0.043167293,0.1029669575,0.12618446900000002,0.0,0.0
0.7920662445121506,0.0,0.12008002175,0.10623914074999999,0.0,0.0
0.6555163434654299,0.0,0.14049744,0.167160066,0.0,0.0
0.6086173511313365,0.0,0.1980397216666667,0.31142242400000003,0.0,0.0
0.633003215010133,0.0,0.280673981,0.46587021100000003,0.0,0.0
0.7961567499383237,0.019831309666666668,0.3549634056666666,0.6006892106666667,0.0,0.0
0.8564050409178456,0.3775975415,0.4103269185,0.6780933775,0.0,0.0
0.8480874427450712,0.6503523969999999,0.388181293,0.6136915396666667,0.0,0.0
0.843787301503102,0.5018058826666667,0.3859082333333333,0.577704369,0.0,0.0
0.8556677667435639,0.0783029425,0.3411489605,0.5397036295,0.0,0.0
0.7964062456326529,0.0,0.282780187,0.42207958524999994,0.0,0.0
0.6509475843414317,0.0,0.205830875,0.23152300366666667,0.0,0.0
0.6419445618388447,0.0,0.15039462625,0.16876916600000003,0.0,0.0
0.7985142046519507,0.0,0.119091165,0.1086639865,0.0,0.0
0.8729071169909117,0.1268959965,0.1215020315,0.1227346855,0.0,0.0
0.8643125191030625,0.380925026,0.13390571,0.150151214,0.0,0.0
0.8537294159327108,0.2553525965,0.14871761075,0.1502447135,0.0,0.0
0.8535012522572876,0.0696594245,0.11841655449999999,0.147307291,0.0,0.0
0.8435952182771228,0.0,0.16333501066666667,0.250964902,0.0,0.0
0.7547844641069354,0.0,0.203127512,0.39564629799999995,0.0,0.0
0.6182017325935205,0.0,0.2740269616666667,0.4699946246666667,0.0,0.0
0.5766354356271022,0.0,0.33608899975,0.5416229735,0.0,0.0
0.6356242508113198,0.012403161666666667,0.374664116,0.6244981263333333,0.0,0.0
0.7192973493435794,0.3219093765,0.33470085650000003,0.560528022,0.0,0.0
0.7159430169478465,0.4791285115,0.32236063049999997,0.453854117,0.0,0.0
0.708953725406254,0.3263195796666667,0.29697295933333334,0.4260784653333333,0.0,0.0
0.7196582826353217,0.074219163,0.277697446,0.40813279,0.0,0.0
0.7273436092589418,0.0,0.24423668599999998,0.38518778200000003,0.0,0.0
0.6897059704952196,0.0,0.2140684525,0.3328160545,0.0,0.0
0.5955761263644933,0.0,0.254317007,0.38873274666666663,0.0,0.0
0.5827329779238132,0.0,0.296059621,0.418198919,0.0,0.0
0.6541091857591123,0.0070391145,0.403439119,0.575200496,0.0,0.0
0.7154233679981624,0.076266074,0.47771858300000003,0.670317544,0.0,0.0
0.7096440760656068,0.1379764126666667,0.583439144,0.745522888,0.0,0.0
0.7010984361648438,0.1031018945,0.6686837675,0.812824447,0.0,0.0
0.7038264328601033,0.035340995,0.721893733,0.859892156,0.0,0.0
0.7048486087450518,0.0,0.7680703576666668,0.889523833,0.0,0.0
0.6824597691153788,0.0,0.682929557,0.8883390453333333,0.0,0.0
0.6159686199189437,0.0,0.61836724025,0.8722278825,0.0,0.0
0.6321774734405949,0.0,0.658052023,0.873851766,0.0,0.0
0.8021492172094243,0.013299581999999999,0.7134662386666667,0.8980562253333333,0.0,0.0
0.8656622529080711,0.37664451,0.7530756540000001,0.9056256305,0.0,0.0
0.8594346498631446,0.53745877975,0.833219767,0.9131087847499999,0.0,0.0
0.855797015987031,0.3416161995,0.76776731,0.9155865135000001,0.0,0.0
0.860333817079447,0.032816205,0.699010429,0.8988985115,0.0,0.0
0.838054750182903,0.0,0.7586715265,0.9025542605,0.0,0.0
0.7542083972572496,0.0,0.8670950805,0.9133486625,0.0,0.0
0.6405611745303406,0.0,0.9242461226666666,0.837128523,0.0,0.0
0.6060985824185268,0.0,0.931809976,0.814294984,0.0,0.0
0.6682579523899452,0.0,0.926870822,0.8230570936666667,0.0,0.0
0.8267395620020018,0.0012650625,0.9320149634999999,0.8400416345,0.0,0.0
0.859830170061019,0.0407209185,0.929850475,0.8908183505,0.0,0.0
0.8551143081679393,0.1888522285,0.9193105065,0.9335323795,0.0,0.0
0.8502100815971525,0.2595623705,0.9017885370000001,0.9370338725,0.0,0.0
0.8522397115308376,0.0253982255,0.8930118730000001,0.9363572485,0.0,0.0
0.7941382908603694,0.0,0.88615887125,0.9371421685,0.0,0.0
0.6551634795884294,0.0,0.8576576225,0.936510672,0.0,0.0
0.6118425408590954,0.0,0.8487546677500001,0.93054276825,0.0,0.0
0.7065901824375225,0.0,0.8405438590000001,0.9177448665000001,0.0,0.0
0.8435330548630549,0.012991088,0.7024726004999999,0.8486980375,0.0,0.0
0.872003972182487,0.385865099,0.5546766235,0.7486931699999999,0.0,0.0
0.8661602764465748,0.5805301486666666,0.47973816866666663,0.5950974176666667,0.0,0.0
0.8607785925337311,0.3882217363333333,0.64033588,0.733379358,0.0,0.0
0.8640894988843086,0.0144808075,0.6036371835,0.8088479749999999,0.0,0.0
0.7967697735620017,0.0,0.71841815725,0.8579075489999999,0.0,0.0
0.6410068491131572,0.0,0.8991207646666667,0.9206890256666665,0.0,0.0
0.619537845817639,0.0,0.90037977775,0.93720712675,0.0,0.0
0.7736413280041796,0.0,0.8884607499999999,0.937307432,0.0,0.0
0.8577597582791237,0.0839790005,0.880886037,0.9374401080000001,0.0,0.0
0.8625274432117717,0.38698990099999997,0.8820692015,0.9374494865,0.0,0.0
0.8585628686095885,0.4761660635,0.881118699,0.937417663,0.0,0.0
0.8550720251461862,0.3739091993333334,0.8673511859999999,0.9356066243333333,0.0,0.0
0.8580547867426077,0.0233625045,0.8452577105,0.910066155,0.0,0.0
0.79514603070831,0.0,0.73654603225,0.844680399,0.0,0.0
0.6422916459648353,0.0,0.5352318316666667,0.7520493406666667,0.0,0.0
0.6107930932418977,0.0,0.3773704705,0.632956996,0.0,0.0
0.6783527017411412,0.0,0.242188084,0.4066876913333333,0.0,0.0
0.840887307618801,0.0032135035,0.3316060805,0.3343752715,0.0,0.0
0.8714554741981198,0.053707912000000003,0.417801863,0.4679816805,0.0,0.0
0.8639848467295441,0.1309905835,0.4531260325,0.60694099825,0.0,0.0
0.8588205442207486,0.1337494555,0.4421602115,0.613882786,0.0,0.0
0.8593035717797567,0.0107730185,0.4672618055,0.6673277915,0.0,0.0
0.7960202008062086,0.0,0.554100882,0.7172963502499999,0.0,0.0
0.6371479477540927,0.0,0.6860832725,0.737100988,0.0,0.0
0.5877745805281789,0.0,0.7649270253333333,0.7882494456666667,0.0,0.0
0.589699146794892,0.0,0.8175948155,0.8831585325,0.0,0.0
0.6539112808901756,0.0032294766666666665,0.8139965643333333,0.9198695926666666,0.0,0.0
0.7514446477541508,0.260829036,0.7534723835,0.9140973565,0.0,0.0
0.7561638472289911,0.415731721,0.655896893,0.872728927,0.0,0.0
0.7530614755751417,0.4381045885,0.553346934,0.8136692025000001,0.0,0.0
0.758950616444038,0.3122924145,0.474777272,0.7649357055,0.0,0.0
0.7683334659279126,0.017181918,0.443460007,0.754441073,0.0,0.0
0.7230064656845584,0.0,0.3337027985,0.631871391,0.0,0.0
0.627672607489069,0.0,0.244502686,0.49077893699999997,0.0,0.0
0.6027026452616494,0.0,0.225532898,0.4547841035,0.0,0.0
0.6148992386712315,0.0,0.276272805,0.5528633165000001,0.0,0.0
0.6866603482104788,0.14489797000000001,0.3299754705,0.6328749495,0.0,0.0
0.7586875307021277,0.5069152063333333,0.3197465943333333,0.63261181,0.0,0.0
0.7579519177132692,0.47355168300000006,0.391483741,0.6502960495,0.0,0.0
0.7594620358927793,0.3046848815,0.463689393,0.721393696,0.0,0.0
0.7707199373678807,0.00994472,0.5449341185000001,0.8414803625,0.0,0.0
0.7448159466146214,0.0,0.6259462257499999,0.89256697275,0.0,0.0
0.6809265853434434,0.0,0.6502791885,0.903562602,0.0,0.0
0.6314245402792379,0.0,0.7475701184,0.9188793518,0.0,0.0
0.7625001028867225,0.0012157716666666666,0.7909408373333333,0.9301802919999999,0.0,0.0
0.8727847713719601,0.0800965615,0.7956974135,0.932900609,0.0,0.0
0.8795537097328884,0.13290770333333332,0.8744139569999999,0.9331576723333334,0.0,0.0
0.877133344907858,0.058566242500000004,0.8818615409999999,0.9359451510000001,0.0,0.0
0.8761722275647279,0.013311028,0.8769863725,0.9367343345,0.0,0.0
0.8687073455606716,0.0,0.8971488996666667,0.93697917,0.0,0.0
0.7516699425124299,0.0,0.884383621,0.9332122734999999,0.0,0.0
0.6209663316658134,0.0,0.89751434625,0.9351174055,0.0,0.0
0.6379612535837704,0.0,0.908049849,0.935651376,0.0,0.0
0.7790996760888049,0.0,0.9052077030000001,0.932669343,0.0,0.0
0.8599660029795606,0.0243668525,0.87867351,0.9265652639999999,0.0,0.0
0.8583582886514513,0.05484822366666667,0.7563759353333334,0.9113952766666666,0.0,0.0
0.8503638822965793,0.06537005175,0.643913123,0.8769898625,0.0,0.0
0.8466947019630249,0.0,0.5780614425,0.7621449100000001,0.0,0.0
0.754583892299003,0.0,0.5051608345,0.7167616485,0.0,0.0
0.6376551952256334,0.0,0.4992885025,0.7871768429999999,0.0,0.0
0.632948191509993,0.0,0.655153598,0.8851713953333333,0.0,0.0
0.7778602864914661,0.0010867355,0.765838846,0.9088958575,0.0,0.0
0.8600641171663134,0.1279983435,0.830058884,0.9236190055,0.0,0.0
0.8657124378510958,0.3780857853333333,0.7589955759999999,0.92161393,0.0,0.0
0.8613344818332592,0.3431515596666667,0.5243950606666666,0.780447354,0.0,0.0
0.8683111090501296,0.0062674565,0.28208541,0.502773135,0.0,0.0
0.8298689082178707,0.0,0.329380193,0.45346582075,0.0,0.0
0.6876832175050164,0.0,0.367727208,0.457671132,0.0,0.0
0.6368733215857392,0.0,0.515159421,0.6491718685000001,0.0,0.0
0.8169458762550623,0.0011750243333333334,0.638599636,0.7885020546666667,0.0,0.0
0.8988574674147898,0.252168841,0.678009568,0.812624579,0.0,0.0
0.888131040929219,0.5503670079999999,0.4922095383333333,0.731083317,0.0,0.0
0.8876702026752484,0.3091050855,0.39563839450000005,0.6287232675000001,0.0,0.0
0.8994394778177077,0.0430140935,0.42426220950000004,0.610312724,0.0,0.0
0.8984138349343609,0.0,0.3844679406666667,0.6246205606666666,0.0,0.0
0.7820721888487201,0.0,0.21814218500000002,0.4217160486666667,0.0,0.0
0.6469766661067683,0.0,0.21856824425000002,0.39588384875,0.0,0.0
0.6414093339897782,0.0,0.3451014295,0.5008485275,0.0,0.0
0.8154737205783434,0.0007040573333333333,0.534402257,0.6947526133333333,0.0,0.0
0.8982275427808699,0.053397031,0.6037227365,0.7841965285,0.0,0.0
0.8915051393752887,0.1510233095,0.6166647785,0.8235990572499999,0.0,0.0
0.8912288787149323,0.200386694,0.6767131820000001,0.824799404,0.0,0.0
0.9068003629997564,0.0018331926666666665,0.6462524543333333,0.8476452613333333,0.0,0.0
0.8660088532080783,0.0,0.5853540815,0.8194712155,0.0,0.0
0.7546140672101137,0.0,0.5384419925,0.783268549,0.0,0.0
0.6467122125840961,0.0,0.44468846650000005,0.7227457079999999,0.0,0.0
0.6108761543462928,0.0,0.3396916695,0.60410693575,0.0,0.0
0.6473909199575338,0.0,0.29685440949999997,0.5005067940000001,0.0,0.0
0.7216078118702021,0.106102878,0.3046307785,0.49569469,0.0,0.0
0.7606709990786806,0.411328123,0.286998926,0.47313871750000003,0.0,0.0
0.7528951933544709,0.552644703,0.2845244305,0.4698062395,0.0,0.0
0.7518891032342209,0.3454372096666667,0.382280524,0.520784348,0.0,0.0
0.7858257827698105,0.0028558325,0.469739146,0.612795398,0.0,0.0
0.7786722054771924,0.0,0.5010149206666666,0.6397702406666667,0.0,0.0
0.678357749894249,0.0,0.5088176745,0.653079711,0.0,0.0
0.6132855351076006,0.0,0.5095871226666667,0.6714722543333332,0.0,0.0
0.6507271930839351,0.0005023385,0.5069408387500001,0.7048954935,0.0,0.0
0.7495062741640868,0.27759589,0.5090235304999999,0.7420667919999999,0.0,0.0
0.7587084398378008,0.3939912215,0.46567269899999997,0.748053125,0.0,0.0
0.7553015299758397,0.2381579755,0.441180466,0.7040503925,0.0,0.0
0.7544002138215349,0.05882612499999999,0.3494966075,0.64603454,0.0,0.0
0.7693273642031718,0.0007598133333333334,0.32513517666666664,0.6167228613333333,0.0,0.0
0.7291879034439446,0.0,0.22676533975,0.43878274575000004,0.0,0.0
0.6465951703965341,0.0,0.153236807,0.251678025,0.0,0.0
0.670854764413937,0.0,0.203347971,0.28637571933333333,0.0,0.0
0.8575563060343805,0.0,0.22421136800000002,0.31702070849999997,0.0,0.0
0.9004779983997242,0.0159797185,0.210538781,0.35411187,0.0,0.0
0.9018241813481186,0.058046378333333336,0.19328632366666668,0.33264800733333333,0.0,0.0
0.898778921102954,0.04689725333333333,0.20997223266666665,0.338351517,0.0,0.0
0.9026599661095402,0.0010357305,0.2536427865,0.42079947900000003,0.0,0.0
0.8499434677654524,0.0,0.27157066625000004,0.46525273225,0.0,0.0
0.7027025766713269,0.0,0.318997516,0.526393315,0.0,0.0
0.6345549723611456,0.0,0.34733688324999995,0.5648742387500001,0.0,0.0
0.6919955506167497,0.0,0.3151080475,0.586089512,0.0,0.0
0.8580888478688751,0.0005319985,0.2605632925,0.5414175555,0.0,0.0
0.8999011085999442,0.1203826715,0.2037098845,0.454426281,0.0,0.0
0.899910785887589,0.1838132246666667,0.12595207833333336,0.28823858900000005,0.0,0.0
0.8977964984219517,0.16553024900000002,0.083090557,0.193258272,0.0,0.0
0.9069638943984422,0.017780012249999998,0.12150066225,0.15142012249999998,0.0,0.0
0.8377625866975805,0.0,0.214023238,0.18053857800000003,0.0,0.0
0.703970632475097,0.0,0.2529992885,0.2493996555,0.0,0.0
0.6371171784653626,0.0,0.389589025,0.40362914675,0.0,0.0
0.6937395473781199,0.0,0.44597794999999996,0.5046895929999999,0.0,0.0
0.8628777925314264,0.0,0.447904515,0.5361863105,0.0,0.0
0.9025874547155155,0.1363818755,0.36740621900000003,0.5334666514999999,0.0,0.0
0.9001744965156542,0.22922207966666666,0.2525625226666666,0.4219884876666667,0.0,0.0
0.8960598244770815,0.19891525333333335,0.193950509,0.37023692466666663,0.0,0.0
0.9067470234518638,0.0009783095,0.243672799,0.3613307885,0.0,0.0
0.8530562406374581,0.0,0.26368931999999995,0.30757341475,0.0,0.0
0.7039994129863458,0.0,0.24696016999999998,0.26658020699999996,0.0,0.0
0.6375566122999441,0.0,0.21968738324999998,0.24948881150000002,0.0,0.0
0.6954502832212663,0.0,0.24092076099999998,0.305476302,0.0,0.0
0.8653841863728058,0.0,0.229445115,0.3403844115,0.0,0.0
0.9074100490664473,0.1035328105,0.207667746,0.32614230099999997,0.0,0.0
0.9000370329078381,0.289315338,0.18536846866666665,0.26859517233333335,0.0,0.0
0.8919098568251665,0.23190801433333333,0.18943439566666664,0.23709339666666665,0.0,0.0
0.9068414115839812,0.00056224875,0.16637391075,0.167838852,0.0,0.0
0.7558822602465534,0.0,0.09341511675,0.081534773,0.0,0.0
0.6427570447555885,0.0,0.05301766425,0.02462053025,0.0,0.0
0.7055894490364087,0.0,0.080489909,0.044687677,0.0,0.0
0.8726241127550809,0.0,0.099892658,0.0808552605,0.0,0.0
0.9152095832965226,0.025661569000000002,0.1223083205,0.137987157,0.0,0.0
0.9069208036375089,0.125511506,0.19501289450000003,0.23328216725,0.0,0.0
0.9042726790314187,0.080660125,0.3318845425,0.4108416525,0.0,0.0
0.9086286134111022,0.0,0.43624065050000005,0.56726299,0.0,0.0
0.8527534397808209,0.0,0.484040275,0.71259876675,0.0,0.0
0.6925801213583969,0.0,0.45172444300000003,0.684742929,0.0,0.0
0.6157597271216222,0.0,0.475802355,0.7142380305,0.0,0.0
0.5986744670517665,0.0,0.5617332976666666,0.7862784393333334,0.0,0.0
0.6290640376303754,0.0,0.6847733495,0.8329224055,0.0,0.0
0.7019109190444273,0.007522226,0.789844026,0.8713361265,0.0,0.0
0.7509606144167967,0.038645754500000004,0.843977544,0.905413799,0.0,0.0
0.7523516674067069,0.041984994250000005,0.7693382692499999,0.90171504225,0.0,0.0
0.7569671632783994,0.004005765,0.667213734,0.886505557,0.0,0.0
0.7566257751071366,0.0,0.615161463,0.8660378615,0.0,0.0
0.6733524487311188,0.0,0.6817884485000001,0.88528007975,0.0,0.0
0.5992882030986763,0.0,0.6637588247499999,0.893336452,0.0,0.0
0.6270016267397878,0.0,0.5863890225,0.877017249,0.0,0.0
0.7132205370579241,0.022881815,0.589801041,0.8700820103333333,0.0,0.0
0.7471257691680425,0.169073208,0.56330997725,0.8230521055,0.0,0.0
0.7458944718761373,0.043884390999999995,0.6043715455,0.8372843525,0.0,0.0
0.7584694863598658,0.0,0.601579928,0.8593279405,0.0,0.0
0.7441548756272824,0.0,0.64111733875,0.86056264025,0.0,0.0
0.6844722541934993,0.0,0.5937113805,0.839693927,0.0,0.0
0.6345309809839276,0.0,0.46603840100000005,0.75416077625,0.0,0.0
0.6920369954031739,0.0,0.3815941755,0.638860113,0.0,0.0
0.8579437338896612,0.0,0.3401923845,0.5255040765000001,0.0,0.0
0.9001990631329813,0.053771711,0.2992239645,0.5099217665,0.0,0.0
0.8984820409707909,0.08866814749999999,0.17816489800000002,0.35963599700000004,0.0,0.0
0.8970742203262596,0.018846685,0.125302302,0.322453989,0.0,0.0
0.897658356702168,0.0,0.108891921,0.28954709624999997,0.0,0.0
0.8087050565341133,0.0,0.20006304149999998,0.3307685695,0.0,0.0
0.7024326939299415,0.0,0.2371190345,0.377352287,0.0,0.0
0.6348369593732847,0.0,0.3155205015,0.44479347999999996,0.0,0.0
0.6920256341137345,0.0,0.41448553050000003,0.5413555655,0.0,0.0
0.8578601584879073,0.0,0.4280898995,0.6238476230000001,0.0,0.0
0.9025044280214783,0.06694876649999999,0.47635608399999996,0.686461977,0.0,0.0
0.9005980580338051,0.15345613425000001,0.6673032855000001,0.818206298,0.0,0.0
0.8985214740518821,0.103553859,0.6462709950000001,0.8209249015,0.0,0.0
0.9014504084716991,0.0,0.5541194417499999,0.7833392462500001,0.0,0.0
0.7555407348426209,0.0,0.585676683,0.7863490390000001,0.0,0.0
0.6346578757190895,0.0,0.45534821225,0.6683510852500001,0.0,0.0
0.6924990148069259,0.0,0.32357904449999997,0.560677749,0.0,0.0
0.8609357612615203,0.0,0.285728773,0.4864184485,0.0,0.0
0.9040008302917633,0.0616145095,0.28688286350000003,0.491715087,0.0,0.0
0.9034815471472237,0.141584755,0.3242286875,0.47245943749999997,0.0,0.0
0.89956895570797,0.052336018500000005,0.35386446174999997,0.5293956,0.0,0.0
0.9053463122994321,0.0,0.350961673,0.5557753085,0.0,0.0
0.8523537362347204,0.0,0.4549505405,0.6389728534999999,0.0,0.0
0.7024402376762993,0.0,0.456544987,0.6525904309999999,0.0,0.0
0.6345576812292492,0.0,0.40110006375,0.60548559675,0.0,0.0
0.6918659812752013,0.0,0.34622138,0.547052063,0.0,0.0
0.857976834870325,0.0,0.344286264,0.5385623239999999,0.0,0.0
0.901260214954071,0.096439935,0.3192610935,0.5378932304999999,0.0,0.0
0.8918470534007368,0.29654996475,0.23792175475,0.46544814275,0.0,0.0
0.8953374243224741,0.1850718555,0.28185814649999996,0.4324010245,0.0,0.0
0.9108398873005512,0.0,0.3843668265,0.545181725,0.0,0.0
0.8565555269262037,0.0,0.46768140925,0.694642142,0.0,0.0
0.6859594211349486,0.0,0.49604674833333334,0.724642482,0.0,0.0
0.6605836014962504,0.0,0.4886100806,0.7125160706000001,0.0,0.0
0.8729544825141968,0.0,0.4823537,0.70031965,0.0,0.0
0.9160711690137057,0.204907005,0.44829985549999996,0.6673409539999999,0.0,0.0
0.9080320183674816,0.49883110766666666,0.293481465,0.5415283906666667,0.0,0.0
0.9085396278290513,0.3112633556666667,0.30162651900000004,0.518500577,0.0,0.0
0.9248651501028895,0.0,0.39123738750000003,0.5601457395,0.0,0.0
0.8590589262117561,0.0,0.41673998125000006,0.5579529155,0.0,0.0
0.6595958685439017,0.0,0.3666702635,0.468517293,0.0,0.0
0.6143056497031042,0.0,0.253108813,0.28814067925,0.0,0.0
0.7001531149844795,0.0055919383333333334,0.26216580366666664,0.3237626003333333,0.0,0.0
0.7773869057982747,0.1364091965,0.24945625600000002,0.3117906185,0.0,0.0
0.7798804067548437,0.2798074275,0.1649438755,0.1834392115,0.0,0.0
0.7794688846876469,0.20014886866666667,0.14237816366666667,0.129597979,0.0,0.0
0.8071392976233125,0.0,0.1510656535,0.1262865445,0.0,0.0
0.7747489194646682,0.0,0.1250493735,0.08152214725,0.0,0.0
0.6790425494246138,0.0,0.1384578795,0.08959267600000001,0.0,0.0
0.6216874668248102,0.0,0.10477926325,0.08895459575,0.0,0.0
0.6523742528569648,0.0,0.16089760725000002,0.31703154175,0.0,0.0
0.7587202811628819,0.040127435499999996,0.2969567435,0.602103243,0.0,0.0
0.776015348443826,0.12902693166666668,0.38942125166666663,0.6322978293333333,0.0,0.0
0.7747732993890812,0.103919046,0.4343502305,0.6636341335,0.0,0.0
0.7879584646651343,0.0164376205,0.5158138895,0.7818504205000001,0.0,0.0
0.7973631681450508,0.0,0.5347448815,0.8099298239999999,0.0,0.0
0.7549834511308444,0.0,0.511070277,0.7888701703333333,0.0,0.0
0.68549052104692,0.0,0.467072013,0.7625971535,0.0,0.0
0.6444738040464265,0.0,0.53872548075,0.8264591127500001,0.0,0.0
0.8034649280888653,0.0,0.64864670075,0.8813961925,0.0,0.0
0.9294713078358215,0.065837428,0.7321555070000001,0.9117164695,0.0,0.0
0.9300475575880796,0.2041419275,0.7468488769999999,0.892109909,0.0,0.0
0.9278603322282573,0.1665697143333333,0.75330278,0.8971586676666666,0.0,0.0
0.9351892060414305,0.01032844625,0.7405894705,0.90972021675,0.0,0.0
0.8412240172076689,0.0,0.754800064,0.9146849850000001,0.0,0.0
0.7091134239023031,0.0,0.7838976580000001,0.9130065065,0.0,0.0
0.6473805987824781,0.0,0.72800631775,0.8831037414999999,0.0,0.0
0.7223064530227953,0.0,0.7291608545,0.8832700045,0.0,0.0
0.8892974544564465,0.0,0.756460656,0.9051200815,0.0,0.0
0.9287541959760098,0.054913612,0.7549591375,0.9104847535,0.0,0.0
0.9288624447439983,0.182670733,0.7634924823333332,0.8933219263333333,0.0,0.0
0.9277060743095601,0.1663060215,0.822704416,0.9067477740000001,0.0,0.0
0.9324487050085557,0.0159065245,0.8488160849999999,0.9257819279999999,0.0,0.0
0.9015187592223884,0.0,0.86061865475,0.93063055175,0.0,0.0
0.7567523955256004,0.0,0.844652768,0.9279462005,0.0,0.0
0.6545593066110542,0.0,0.86278479125,0.9276746057499999,0.0,0.0
0.6518850189105325,0.0,0.855594296,0.927868446,0.0,0.0
0.8479091058253717,0.0,0.846446162,0.9272774866666667,0.0,0.0
0.9278231621298646,0.0273571625,0.824142935,0.9200424845,0.0,0.0
0.9296495685027621,0.105585287,0.7622409015,0.904417771,0.0,0.0
0.9282033662625486,0.1307049655,0.7174637575,0.87675832,0.0,0.0
0.928944800968685,0.057301788,0.7268943925,0.8484465415,0.0,0.0
0.9274368773227597,0.0,0.68538250475,0.83672429225,0.0,0.0
0.8078545806803634,0.0,0.58699811,0.7590458659999999,0.0,0.0
0.707904780740163,0.0,0.45511679149999995,0.6088654455,0.0,0.0
0.6444564191978147,0.0,0.4049818945,0.5427828942499999,0.0,0.0
0.8021056617228577,0.0,0.352860278,0.47563368375,0.0,0.0
0.9300083301516113,0.0310200965,0.293505776,0.39386258949999997,0.0,0.0
0.9340148906672517,0.095537403,0.3016156216666666,0.32476735166666665,0.0,0.0
0.9337398720127204,0.043746965,0.2587295415,0.2929173585,0.0,0.0
0.940644468044622,0.003308965,0.24466338599999998,0.30413777599999997,0.0,0.0
0.8427802207658731,0.0,0.21010747433333332,0.29687105733333335,0.0,0.0
0.683477978754457,0.0,0.14535870875,0.213169467,0.0,0.0
0.6572380061703432,0.0,0.126534534,0.17920538733333335,0.0,0.0
0.831816357186824,0.0,0.1440151985,0.210699021,0.0,0.0
0.9337578550540667,0.007873753333333334,0.13251395933333335,0.2045181706666667,0.0,0.0
0.9458734180286825,0.040337552250000006,0.09467102375,0.13561609375,0.0,0.0
0.9459907116422508,0.010093368,0.0699566435,0.092198103,0.0,0.0
0.9406206023804073,0.0,0.063928698,0.078351657,0.0,0.0
0.8125793806453421,0.0,0.0514071625,0.058674145500000004,0.0,0.0
0.6797488256881435,0.0,0.04183155833333333,0.032282389,0.0,0.0
0.6184059314736654,0.0,0.059985661,0.05452493875,0.0,0.0
0.6928494326500148,0.00069274325,0.07596415975,0.10023227125,0.0,0.0
0.7883249529629135,0.049445849,0.116234581,0.1684650305,0.0,0.0
0.790268188124652,0.082798699,0.14052713866666666,0.21316172300000003,0.0,0.0
0.7941262208513328,0.024214263,0.21175734750000003,0.309499154,0.0,0.0
0.8111233030783176,0.0,0.2539720145,0.3868184275,0.0,0.0
0.774161971286864,0.0,0.26250348474999996,0.426930269,0.0,0.0
0.6653735488999198,0.0,0.283183389,0.473742643,0.0,0.0
0.6201803546836335,0.0,0.248398426,0.402053563,0.0,0.0
0.6264955107967566,0.0,0.28526368500000004,0.447567541,0.0,0.0
0.6895511982048432,0.0,0.344535533,0.5459139319999999,0.0,0.0
0.771657920545604,0.0131648705,0.36650300150000004,0.6212922359999999,0.0,0.0
0.7917925708467836,0.071638639,0.36662092500000004,0.6193698283333333,0.0,0.0
0.7899728242778519,0.0727479285,0.3612041235,0.5681527565,0.0,0.0
0.8030057433405404,0.00372251,0.3803109295,0.622725475,0.0,0.0
0.8050312280771523,0.0,0.38863258799999995,0.586778546,0.0,0.0
0.7517534836153064,0.0,0.348160042,0.470201747,0.0,0.0
0.6934289665724195,0.0,0.2581196076666667,0.34353243533333333,0.0,0.0
0.6734057043836353,0.0,0.15712945766666667,0.22610018866666667,0.0,0.0
0.8007222477085465,0.0,0.16948046166666667,0.22252711933333333,0.0,0.0
0.9451885156760061,0.0038286265,0.1324245325,0.171058809,0.0,0.0
0.9554726812398652,0.204444731,0.0894930035,0.11962640349999999,0.0,0.0
0.9473102706104692,0.29079046849999995,0.07225145725000001,0.11653939925,0.0,0.0
0.9575892241075175,0.008618198,0.11105364266666667,0.157844389,0.0,0.0
0.8827848811030985,0.0,0.08974619125,0.127090805,0.0,0.0
0.7124875909832878,0.0,0.07415813166666667,0.09991525466666668,0.0,0.0
0.673112969473319,0.0,0.070755749,0.098162663,0.0,0.0
0.7283092833113524,0.0,0.06543081266666666,0.09262538266666666,0.0,0.0
0.914034589674122,0.0,0.0693014025,0.0942471065,0.0,0.0
0.9562422334447165,0.083273442,0.07915478349999999,0.0926409755,0.0,0.0
0.9509317882505093,0.300383949,0.065473187,0.0819293745,0.0,0.0
0.9525526621870566,0.11747181200000001,0.13335539500000002,0.1624112855,0.0,0.0
0.9612472945528656,0.0,0.2098475115,0.23625681599999998,0.0,0.0
0.8829348414059124,0.0,0.23765986975000003,0.313854488,0.0,0.0
0.7313219683681047,0.0,0.324504781,0.415596466,0.0,0.0
0.672265191079487,0.0,0.4018377715,0.5314882132500001,0.0,0.0
0.7463689499104416,0.0,0.538491579,0.647430329,0.0,0.0
0.9211402223882305,0.0016259083333333335,0.6779574203333333,0.7721494870000001,0.0,0.0
0.9482365495843005,0.1679369095,0.8018775954999999,0.853754616,0.0,0.0
0.9423659250553653,0.13349699999999998,0.8759907992499999,0.90042977925,0.0,0.0
0.947278663098797,0.003086220666666667,0.9076021873333332,0.9295877053333333,0.0,0.0
0.8707118678862504,0.0,0.923250694,0.93662798425,0.0,0.0
0.7110523004930209,0.0,0.9154841524999999,0.9374013235,0.0,0.0
0.6503933828464267,0.0,0.909869129,0.9353239044999999,0.0,0.0
0.7305794364694962,0.0,0.9106378135,0.9370002475,0.0,0.0
0.9176539584876402,0.0016215545,0.88507987975,0.9373148035000001,0.0,0.0
0.9399197667313897,0.014653269,0.82006903525,0.9354836504999999,0.0,0.0
0.9371378436541415,0.005107107999999999,0.8663297815,0.9360237135,0.0,0.0
0.9382136867409742,0.0,0.9016716966666666,0.937182414,0.0,0.0
0.8133729128935461,0.0,0.88424652525,0.936768405,0.0,0.0
0.6542419783032832,0.0,0.8283956895,0.93356102725,0.0,0.0
0.7304655146250849,0.0,0.7937573,0.9255686744999999,0.0,0.0
0.9175655901739003,0.0217343,0.7896370066666667,0.9210518169999999,0.0,0.0
0.9233187533728355,0.17610184475000001,0.7700653435,0.90155892475,0.0,0.0
0.9206405681604524,0.061111096,0.720507124,0.8879416535,0.0,0.0
0.9243189228800922,0.0,0.7147695980000001,0.8913673403333333,0.0,0.0
0.8368881537531032,0.0,0.6952323613333333,0.885400694,0.0,0.0
0.664580298710125,0.0,0.6231995850000001,0.8516198134999999,0.0,0.0
0.627469429610571,0.0,0.57378153875,0.8083247539999999,0.0,0.0
0.7403591663265501,0.02780550625,0.49392630274999993,0.7301022749999999,0.0,0.0
0.7933807476474836,0.25505260333333335,0.4368172163333333,0.6761197133333333,0.0,0.0
0.7909128648679712,0.199592214,0.392821218,0.6195086995,0.0,0.0
0.8108957413859708,0.0038093226666666667,0.3863923613333333,0.5701550243333333,0.0,0.0
0.7792379549669376,0.0,0.4714344225,0.638521849,0.0,0.0
0.6546804177677041,0.0,0.5181012155,0.70235113775,0.0,0.0
0.6266495515511645,0.0,0.6040391005000001,0.8069190895,0.0,0.0
0.7396837621988354,0.00092133675,0.64069995,0.88830178675,0.0,0.0
0.7913505385347068,0.0097386315,0.5721937615,0.8720984675000001,0.0,0.0
0.7914422749511293,0.0095587255,0.503571443,0.7969994485,0.0,0.0
0.8107157128342465,0.0,0.3911616275,0.73426763,0.0,0.0
0.7745964217509771,0.0,0.37561419924999995,0.65069598225,0.0,0.0
0.6773969488216984,0.0,0.3388089636666667,0.5117186993333332,0.0,0.0
0.6542910582873512,0.0,0.43446612025,0.63666855425,0.0,0.0
0.8129994980433997,0.0,0.6332612815,0.7958262955,0.0,0.0
0.8927835278366206,0.019409649333333334,0.7169805060000001,0.8994357809999999,0.0,0.0
0.8959780930146822,0.0880341625,0.7771516525,0.9052164629999999,0.0,0.0
0.8961146803970441,0.0672558485,0.8129694482500001,0.9217385927499999,0.0,0.0
0.9083705567343365,0.0,0.7866293086666668,0.9206453153333333,0.0,0.0
0.8627020463475112,0.0,0.7468168374999999,0.8960570880000001,0.0,0.0
0.75655822441585,0.0,0.742311883,0.8870876725000001,0.0,0.0
0.6704528663466386,0.0,0.806082674,0.8990643684999999,0.0,0.0
0.6557908552918055,0.0,0.86189737275,0.9289510802500001,0.0,0.0
0.8386085973057229,0.0,0.867636988,0.9352515325,0.0,0.0
0.9217873070143087,0.07446848633333333,0.8779988516666667,0.9360856000000001,0.0,0.0
0.9247277627726056,0.41885050700000004,0.871275919,0.936253177,0.0,0.0
0.9237188379473814,0.3833875036666667,0.8992642703333334,0.9373085786666667,0.0,0.0
0.9327807205935399,0.009069511,0.895693021,0.9365627095,0.0,0.0
0.9047600270598417,0.0,0.81255100075,0.91924842825,0.0,0.0
0.761549683993912,0.0,0.6283745945000001,0.837425878,0.0,0.0
0.6771201776171649,0.0,0.4809549705,0.747375849,0.0,0.0
0.6691484520235447,0.0,0.31153623625,0.6166939935,0.0,0.0
0.8611709886104997,0.0,0.2287862175,0.45408242099999996,0.0,0.0
0.9312444965463276,0.000827147,0.215145366,0.337665219,0.0,0.0
0.9376447825472671,0.190869985,0.2381164085,0.2945063355,0.0,0.0
0.9263084033828581,0.30377660775,0.24534107625,0.32364824475,0.0,0.0
0.9389453830928477,0.004535874333333333,0.31411743333333336,0.43789298966666673,0.0,0.0
0.8681305166912553,0.0,0.415614725,0.58283553675,0.0,0.0
0.69708702178208,0.0,0.42462642033333337,0.6187994216666667,0.0,0.0
0.663475530459718,0.0,0.389425352,0.56649814975,0.0,0.0
0.8534641280145986,0.0,0.3303974965,0.5520650385,0.0,0.0
0.9238552957273043,0.0,0.28182455100000003,0.5256838015,0.0,0.0
0.9338958215386691,0.0052492965,0.299760386,0.543728593,0.0,0.0
0.9291148549882143,0.009282478,0.32950602325,0.5255751252499999,0.0,0.0
0.9257080974707428,0.000358441,0.47663194733333336,0.6660999463333334,0.0,0.0
0.8828583220103239,0.0,0.6675901283333333,0.8398691023333335,0.0,0.0
0.7561531030220616,0.0,0.7408624975,0.8701784575,0.0,0.0
0.6630535081300084,0.0,0.7096494136666666,0.8929426086666666,0.0,0.0
0.6557968330943681,0.0,0.5052912233333333,0.7619678919999999,0.0,0.0
0.8590493250530024,0.0,0.26254092875,0.4544003505,0.0,0.0
0.9123628526578087,0.031143847000000002,0.34446369649999997,0.405342048,0.0,0.0
0.9044603808452325,0.0175767555,0.63375533225,0.662546371,0.0,0.0
0.9011139579266816,0.0,0.8468613495,0.915236509,0.0,0.0
0.8932224359408844,0.0,0.8111143173333333,0.9218508413333334,0.0,0.0
0.8074949045929735,0.0,0.8305468069999999,0.9298868929999999,0.0,0.0
0.6773524788965912,0.0,0.8388506513333334,0.9295555093333333,0.0,0.0
0.6216228421659167,0.0,0.7589449235,0.9047784702499999,0.0,0.0
0.6642670737818,0.0,0.7510378325,0.8862652,0.0,0.0
0.7604426754780839,0.010461603333333333,0.7885228226666667,0.9117034610000001,0.0,0.0
0.7912297474018177,0.079590018,0.8336172195,0.9196376535,0.0,0.0
0.7873803632937442,0.0751599315,0.87931727425,0.9316312554999999,0.0,0.0
0.8016778176758701,0.0,0.91399605525,0.92868115875,0.0,0.0
0.7297922440882042,0.0,0.896269819,0.9081165183333333,0.0,0.0
0.6367006614832575,0.0,0.6888135612499999,0.8580647765,0.0,0.0
0.641441589129656,0.0,0.46838013025,0.7042076565,0.0,0.0
0.7611900688988197,0.030177767666666664,0.4343223843333333,0.6300677886666667,0.0,0.0
0.7932682469582879,0.262441166,0.5399864059999999,0.689681812,0.0,0.0
0.7927464264028711,0.16590175625,0.6424978235000001,0.7309371364999999,0.0,0.0
0.8170289488048033,0.0,0.688834248,0.850754697,0.0,0.0
0.7829471742788692,0.0,0.7762652995,0.8898663522499999,0.0,0.0
0.6817222358353132,0.0,0.8646910936666666,0.9182204306666666,0.0,0.0
0.6607188903743983,0.0,0.87887168775,0.9315739425,0.0,0.0
0.8459860482881114,0.0,0.8682082105,0.9313404860000001,0.0,0.0
0.9230050026770327,0.04611595266666666,0.856969082,0.9320807926666667,0.0,0.0
0.9282417707489224,0.352425133,0.846846784,0.923624005,0.0,0.0
0.9244555025702897,0.29944526633333335,0.8143221413333332,0.91963523,0.0,0.0
0.931581358492072,0.004929136,0.8049538405000001,0.922716893,0.0,0.0
0.9010669124643177,0.0,0.83758435825,0.9294663169999999,0.0,0.0
0.7599968864913558,0.0,0.8525339894999999,0.9313263855,0.0,0.0
0.6654760484502072,0.0,0.8199271515,0.92764008275,0.0,0.0
0.6711567652235584,0.0,0.7369801735,0.8993640075,0.0,0.0
0.8548012432514949,0.0,0.647205095,0.8637640950000001,0.0,0.0
0.9275666295421069,0.03192264366666667,0.5791799156666667,0.834604245,0.0,0.0
0.9302045586737577,0.2840161805,0.550892975,0.8349953525,0.0,0.0
0.9283941846291714,0.283517348,0.4996597813333333,0.8012933430000001,0.0,0.0
0.9337893405811438,0.0056922595,0.44700449600000003,0.7554080405,0.0,0.0
0.9026495419635319,0.0,0.34755298375,0.6001614385,0.0,0.0
0.7182106974034321,0.0,0.27921499075,0.43549066825000005,0.0,0.0
0.6641905506082564,0.0,0.24147667625000002,0.35374495149999996,0.0,0.0
0.856737193698339,0.0,0.2551773465,0.38856184699999996,0.0,0.0
0.9318440937883928,0.024560744333333332,0.24170745800000001,0.387091295,0.0,0.0
0.9362868192041556,0.20826925525,0.18668822,0.26385876475,0.0,0.0
0.9374188820403434,0.0585735275,0.18767573850000002,0.2663568795,0.0,0.0
0.9463877101601365,0.0,0.24851824533333333,0.35998404,0.0,0.0
0.8221942227930675,0.0,0.24802588574999998,0.35466298225000004,0.0,0.0
0.6741884429522786,0.0,0.20826681925,0.28022161074999996,0.0,0.0
0.6837288306727216,0.0,0.2232457445,0.3366458175,0.0,0.0
0.866198452348087,0.0,0.25665163150000003,0.4113998375,0.0,0.0
0.9398612380321515,0.014997757333333334,0.30327393966666666,0.5132097936666667,0.0,0.0
0.9431183781364885,0.1672918685,0.33516273774999994,0.53788133075,0.0,0.0
0.9425486662779217,0.072255916,0.34879472050000004,0.5767069389999999,0.0,0.0
0.9416553968334681,0.0,0.431091064,0.694679214,0.0,0.0
0.8148196407649835,0.0,0.4439726075,0.7109272865,0.0,0.0
0.7045877022267182,0.0,0.37611012666666666,0.6437860583333334,0.0,0.0
0.6732683246959688,0.0,0.37083784025,0.635772218,0.0,0.0
0.8613191200733925,0.0,0.373060624,0.6227136099999999,0.0,0.0
0.9348240969821457,0.02604274366666667,0.38982598399999996,0.6223733763333333,0.0,0.0
0.9428019985289753,0.23921812425,0.33189245475000007,0.5367394857500001,0.0,0.0
0.943737330028164,0.0825397435,0.293988144,0.5074343365,0.0,0.0
0.9492271712453233,0.0,0.291679071,0.5104546743333332,0.0,0.0
0.8212820140510996,0.0,0.30016282375000003,0.5429522885,0.0,0.0
0.6577670048032276,0.0,0.23998516949999998,0.4328672695,0.0,0.0
0.6356808402924152,0.0,0.20401351875,0.3800257045,0.0,0.0
0.7225098823768465,0.0,0.21318531975,0.43288726225,0.0,0.0
0.8083156170106599,0.1008018715,0.2699779565,0.5425743027500001,0.0,0.0
0.8120685099538644,0.07093040866666667,0.2931215243333333,0.5627337046666666,0.0,0.0
0.8331876707454968,0.0,0.396608651,0.62843236,0.0,0.0
0.7909346045220353,0.0,0.54769101075,0.7457341465,0.0,0.0
0.6828607299525389,0.0,0.6572802289999999,0.835304646,0.0,0.0
0.6392299380640372,0.0,0.7612410119999999,0.868116793,0.0,0.0
0.6681543517949101,0.0,0.7732245373333333,0.8662873326666666,0.0,0.0
0.7654126239250097,0.0,0.7757392215000001,0.874959833,0.0,0.0
0.8113708746787112,0.0732963975,0.7156745935,0.858939116,0.0,0.0
0.8145546957984842,0.13227287100000001,0.630275082,0.8124787855,0.0,0.0
0.8150798310078098,0.061894013,0.468996028,0.7008996685,0.0,0.0
0.829207048579315,0.001500927,0.315043258,0.538819334,0.0,0.0
0.8175971747379018,0.0,0.184291246,0.341836765,0.0,0.0
0.7065147793471425,0.0,0.06784348825,0.12568792750000002,0.0,0.0
0.6853072654155241,0.0,0.06489909549999999,0.066663269,0.0,0.0
0.8721229802939987,0.0,0.07386506949999999,0.07809925749999999,0.0,0.0
0.9441671704209295,0.020752427333333334,0.085360649,0.09731429366666666,0.0,0.0
0.9493133146408104,0.2144367665,0.0900185905,0.08595531449999999,0.0,0.0
0.9494771964603121,0.0527478845,0.1352723045,0.1138105515,0.0,0.0
0.9548227771940476,0.0,0.203657267,0.1862714755,0.0,0.0
0.874856166227311,0.0,0.24221202875,0.24966885975000003,0.0,0.0
0.7044521741210236,0.0,0.25504599033333336,0.295652378,0.0,0.0
0.671416646813649,0.0,0.21566708575,0.25041428025,0.0,0.0
0.8614372137463636,0.0,0.252034263,0.288642222,0.0,0.0
0.9298757433263839,0.0,0.2855639475,0.418135519,0.0,0.0
0.9399863573142329,0.010165826,0.3295111155,0.542526343,0.0,0.0
0.936125223258044,0.01956105225,0.29653435575000003,0.58804684575,0.0,0.0
0.9382609912719617,0.0008754695,0.3015977995,0.606796922,0.0,0.0
0.938113774173289,0.0,0.364996792,0.6471894895,0.0,0.0
0.8394427208569478,0.0,0.49223849233333333,0.7209845960000001,0.0,0.0
0.6858804748305718,0.0,0.67438575625,0.8261618245,0.0,0.0
0.6652290445216261,0.0,0.8174214810000001,0.9104955966666667,0.0,0.0
0.8896120967124851,0.0,0.81471384525,0.92809019375,0.0,0.0
0.9365278528736977,0.011289271,0.7242097075,0.9164325529999999,0.0,0.0
0.9365469636284383,0.021571791,0.6068157345,0.8908206835,0.0,0.0
0.9376640152866029,0.009679629666666667,0.5153717293333333,0.8248096346666666,0.0,0.0
0.9334977867091285,0.0,0.41531397175,0.7368479342500001,0.0,0.0
0.8092140070582514,0.0,0.34670127900000003,0.6617385675,0.0,0.0
0.6969743534507734,0.0,0.337979995,0.602436104,0.0,0.0
0.6625109155972673,0.0,0.30920316174999996,0.526301695,0.0,0.0
0.8477353256645002,0.0,0.358803942,0.5673812275000001,0.0,0.0
0.9242402547075287,0.005263778,0.35491524933333335,0.5858314873333333,0.0,0.0
0.931902675800151,0.052465748,0.3605931095,0.6298166015,0.0,0.0
0.9303764643495793,0.043846010000000005,0.344214383,0.6180764965000001,0.0,0.0
0.9367613885906522,0.0,0.37600964266666664,0.6777562153333333,0.0,0.0
0.867671994843984,0.0,0.3946285855,0.6877911990000001,0.0,0.0
0.7167626778801242,0.0,0.42411470149999997,0.70379528325,0.0,0.0
0.6596779123502846,0.0,0.42960833325000003,0.71251951275,0.0,0.0
0.8440661453309455,0.0,0.423691641,0.731722387,0.0,0.0
0.9213962520496551,0.0016258193333333335,0.44960523366666666,0.7694446629999999,0.0,0.0
0.9276171953277759,0.015115433499999999,0.49322298750000004,0.794127763,0.0,0.0
0.9268215829622852,0.008515403000000001,0.5586276457499999,0.840399185,0.0,0.0
0.9246392495959657,0.0,0.6373498685000001,0.8699101815,0.0,0.0
0.8072545110081137,0.0,0.5790940605,0.8133437545,0.0,0.0
0.6816846086415177,0.0,0.4952723886666666,0.7404702573333334,0.0,0.0
0.6304573765679962,0.0,0.33603769375,0.6516152165,0.0,0.0
0.6800963632182893,0.0,0.29322018699999997,0.5566652105000001,0.0,0.0
0.7779722384977187,0.0035224650000000002,0.223735261,0.4019067486666666,0.0,0.0
0.8108941564780796,0.0692139295,0.119906241,0.207026558,0.0,0.0
0.8122540857823011,0.06187816,0.0792542075,0.1061862675,0.0,0.0
0.834201777141383,0.0,0.0777528455,0.0950118655,0.0,0.0
0.7912541387715768,0.0,0.08063527875000001,0.07800512999999999,0.0,0.0
0.6728482911685137,0.0,0.105327761,0.085041619,0.0,0.0
0.6334052617306735,0.0,0.13517672,0.1593738845,0.0,0.0
0.7189040693491924,0.0,0.12166233974999999,0.196829839,0.0,0.0
0.8069373083761857,0.022039397999999998,0.10261843749999999,0.2065136395,0.0,0.0
0.8103754218926159,0.05077024533333333,0.088983942,0.15827200566666666,0.0,0.0
0.818650074130197,0.022119351500000002,0.1014937525,0.1256570275,0.0,0.0
0.8370811514671699,0.0,0.141935963,0.17876275000000003,0.0,0.0
0.7958489123243777,0.0,0.17149364325,0.2398483055,0.0,0.0
0.7071475956774176,0.0,0.1496826215,0.2573227815,0.0,0.0
0.6815041723803146,0.0,0.16738083875,0.28346339075,0.0,0.0
0.779690784649823,0.0,0.2194597035,0.36632534299999997,0.0,0.0
0.9326269961220982,0.0,0.24005744133333332,0.41398082799999997,0.0,0.0
0.950417404766863,0.17091557666666668,0.348937546,0.38167495833333337,0.0,0.0
0.9426003293799299,0.32702883250000003,0.520701051,0.473246043,0.0,0.0
0.9430835398415102,0.10467669800000001,0.6024591765,0.6222098899999999,0.0,0.0
0.9505791606009876,0.0,0.6414624203333333,0.7104737130000002,0.0,0.0
0.8448561036708161,0.0,0.6831940730000001,0.812110928,0.0,0.0
0.6862804984375934,0.0,0.80793269625,0.9120141895,0.0,0.0
0.6599643265931326,0.0,0.8553258416666667,0.9320523553333334,0.0,0.0
0.8377518121679167,0.0,0.857831454,0.9354127210000001,0.0,0.0
0.9171685916560147,0.021944924,0.850407648,0.9352017360000001,0.0,0.0
0.920208838046949,0.2213852935,0.8474085650000001,0.93295777,0.0,0.0
0.9185103321875594,0.18383859624999999,0.8326845145,0.9280967744999999,0.0,0.0
0.926252465518498,0.0,0.843507051,0.9311310905,0.0,0.0
0.8579806524505669,0.0,0.85016179125,0.9289257550000001,0.0,0.0
0.6925253644951775,0.0,0.8378620853333333,0.9103031693333333,0.0,0.0
0.6568705464178686,0.0,0.7496815434999999,0.86897552325,0.0,0.0
0.8335621142275207,0.0,0.6772871285,0.7764630205,0.0,0.0
0.9161669058386218,0.01658730166666667,0.5780871193333333,0.682765378,0.0,0.0
0.9205953057566261,0.21707193149999998,0.41522947600000004,0.538238979,0.0,0.0
0.9176131537858983,0.1602352375,0.48085071300000004,0.6504267045000001,0.0,0.0
0.9155860384095592,0.0324732385,0.567377842,0.7562982899999999,0.0,0.0
0.9195869143786572,0.0,0.6269615399999999,0.826315704,0.0,0.0
0.8568743068234055,0.0,0.6773950852499999,0.85780778325,0.0,0.0
0.7067934974867562,0.0,0.662725848,0.8691013665,0.0,0.0
0.6560745979233804,0.0,0.6863322474,0.8869530147999999,0.0,0.0
0.8186556062455421,0.0,0.671713064,0.8843795830000001,0.0,0.0
0.909560454922107,0.0029957520000000004,0.6084948283333333,0.8629633086666667,0.0,0.0
0.9164395775283716,0.061060581,0.5885945404999999,0.870244623,0.0,0.0
0.9141503516923195,0.03954193775,0.62378127625,0.881909735,0.0,0.0
0.9189778074662848,0.0,0.5929931033333333,0.8535085273333333,0.0,0.0
0.8097294040619549,0.0,0.6666504870000001,0.8634703567500001,0.0,0.0
0.6703299720942907,0.0,0.7131040515,0.8836426015000001,0.0,0.0
0.6478485578748,0.0,0.6386911553333333,0.8393653919999999,0.0,0.0
0.7823785101525299,0.0,0.5246520926666666,0.7481726886666666,0.0,0.0
0.9159883708549832,0.0,0.4167706075,0.6136318175,0.0,0.0
0.9239412485652152,0.08549285699999999,0.37823931499999996,0.5831244835,0.0,0.0
0.919104816518651,0.195009816,0.409432735,0.6005547106666667,0.0,0.0
0.9215786427523017,0.033903309,0.34502247866666663,0.5708466716666666,0.0,0.0
0.8940873820809726,0.0,0.3924085425,0.580986262,0.0,0.0
0.7566218889291401,0.0,0.5006176875,0.7137047944999999,0.0,0.0
0.6364431801828554,0.0,0.49819676125,0.76199487175,0.0,0.0
0.6402364320414905,0.0,0.459935078,0.72169503775,0.0,0.0
0.758056874656107,0.0019257553333333333,0.46689483600000004,0.7327733096666665,0.0,0.0
0.7911120194596708,0.0190182115,0.4567271745,0.637600419,0.0,0.0
0.7908421595346565,0.01816810425,0.54840381225,0.70041438325,0.0,0.0
0.8107157128342465,0.0,0.5310861790000001,0.7028462925000001,0.0,0.0
0.7760459271625931,0.0,0.5303424815,0.62752250475,0.0,0.0
0.6644893624398122,0.0,0.715186601,0.7230101750000001,0.0,0.0
0.6234828181097737,0.0,0.768202471,0.870180659,0.0,0.0
0.6533904889666361,0.0,0.7565916133333334,0.8629280750000001,0.0,0.0
0.7630945642899621,0.025413243000000002,0.7892455943333333,0.8039141733333333,0.0,0.0
0.7954033520711521,0.327882232,0.7308298945,0.80403691,0.0,0.0
0.7943143417828109,0.36509309633333337,0.6015110783333334,0.7230923303333333,0.0,0.0
0.814417628417641,0.010363994,0.3910452515,0.517730126,0.0,0.0
0.822897927384003,0.0,0.231747497,0.2710997366666667,0.0,0.0
0.7579165078198827,0.0,0.1729106635,0.17709792600000002,0.0,0.0
0.6836165662729385,0.0,0.15465024800000002,0.18683776533333332,0.0,0.0
0.6643532780828774,0.0,0.19931450225,0.22273197575,0.0,0.0
0.8521859910164333,0.0,0.28771916799999997,0.37623145700000005,0.0,0.0
0.920554554379791,0.001794449,0.3456304513333333,0.5696277893333334,0.0,0.0
0.9214601376414437,0.0562040225,0.459086067,0.693976755,0.0,0.0
0.9174082842134416,0.09010471575000001,0.6244157152500001,0.79482846925,0.0,0.0
0.92122893362881,0.0,0.80454489,0.910239535,0.0,0.0
0.8575417671750611,0.0,0.876949427,0.9315482365000001,0.0,0.0
0.7085169889448834,0.0,0.9244613475000001,0.9346045765,0.0,0.0
