Demand,Avail_Sol,Avail_Wind_On,Avail_Wind_Off,Hyd_In,HydRoR_In
0.7834975932524002,0.0,0.3193246153333333,0.708101795,11191.0,0.0
0.7836719786240913,0.0,0.341420411,0.656335322,11191.0,0.0
0.880950338579366,0.0,0.35467028899999997,0.6393845195,11191.0,0.0
0.8978201523382598,0.0,0.3644605775,0.640564487,11191.0,0.0
0.894489873783108,0.004824226,0.365007188,0.654690198,11191.0,0.0
0.8922435762506697,0.0072242455,0.356741055,0.6260167830000001,11191.0,0.0
0.8915961954046686,0.009970617,0.34031143300000005,0.663788899,11191.0,0.0
0.8963259249541846,0.0,0.3223041285,0.701401878,11191.0,0.0
0.8945217237519025,0.0,0.30407097033333336,0.7029507129999999,11191.0,0.0
0.8657346149187932,0.0,0.26979788250000003,0.6718395779999999,11191.0,0.0
0.8131492306164665,0.0,0.26042214799999996,0.613240395,11191.0,0.0
0.7862624692975164,0.0,0.24127462,0.6084247764999999,11191.0,0.0
0.7897586227042575,0.0,0.2343730106666667,0.6046342063333333,11191.0,0.0
0.8889670204356581,0.0,0.22662072,0.5882311689999999,11191.0,0.0
0.8968888774918501,0.004355835666666667,0.20459496533333332,0.5489974033333334,11191.0,0.0
0.8925633498927601,0.0438533015,0.1993674835,0.5296248450000001,11191.0,0.0
0.8912880430765356,0.038608202,0.196674745,0.484856881,11191.0,0.0
0.8973115512198209,0.0,0.19246816500000002,0.4987546495,11191.0,0.0
0.8982343479509146,0.0,0.18791165033333335,0.4882183583333333,11191.0,0.0
0.8548343287022879,0.0,0.16007936833333333,0.48526142166666664,11191.0,0.0
0.7981422808899352,0.0,0.125214828,0.524255452,11191.0,0.0
0.7835192723821909,0.0,0.11785365950000001,0.5387486615,11191.0,0.0
0.7987649282254804,0.0,0.13668168149999999,0.5655717345,11191.0,0.0
0.894857277344014,0.0,0.159322424,0.589047688,11191.0,0.0
0.9001855974801105,0.0,0.180652827,0.600239001,11191.0,0.0
0.9005768886160075,0.0068256689999999995,0.20722831,0.627810937,11191.0,0.0
0.8992207154596306,0.0270136165,0.229456362,0.636491924,11191.0,0.0
0.898445048198609,0.006964083,0.237889695,0.6601453905,11191.0,0.0
0.8994959054951722,0.0,0.250134165,0.668988484,11191.0,0.0
0.9045071114119161,0.0,0.261078716,0.6538384965,11191.0,0.0
0.8963790191464319,0.0,0.25721490199999997,0.5782043315000001,11191.0,0.0
0.8683372912348675,0.0,0.245140034,0.5134269805,11191.0,0.0
0.8174538928132351,0.0,0.269946972,0.502777213,11191.0,0.0
0.7907424436166159,0.0,0.274773103,0.5167908225,11191.0,0.0
0.7971108217935727,0.0,0.27540381399999997,0.532530141,11191.0,0.0
0.8961597759738495,0.0,0.262014054,0.5141464945,11191.0,0.0
0.9017217490479967,0.0,0.25804418949999997,0.528258693,11191.0,0.0
0.90104047102477,0.004156126,0.2669105375,0.539767788,11191.0,0.0
0.8989167541067504,0.00715461025,0.28615262075000003,0.53634580575,11191.0,0.0
0.9040428522416623,0.0,0.31009146249999997,0.5236005340000001,11191.0,0.0
0.901829855218569,0.0,0.3320493023333333,0.5431054033333332,11191.0,0.0
0.870614632814642,0.0,0.3577070625,0.5493271235,11191.0,0.0
0.8204585707685297,0.0,0.39636376250000005,0.5253494169999999,11191.0,0.0
0.7912423409013817,0.0,0.3919199685,0.4898685205,11191.0,0.0
0.7970980560134198,0.0,0.38106886166666665,0.439238292,11191.0,0.0
0.8959908225364007,0.0,0.388655134,0.4174180965,11191.0,0.0
0.902733164603502,0.0006071936666666667,0.3894697443333333,0.3885646583333333,11191.0,0.0
0.9011220464656031,0.0156715355,0.396071586,0.416138903,11191.0,0.0
0.9006868970918283,0.02319841,0.37735508500000003,0.4469612725,11191.0,0.0
0.9020499364550083,0.0031676485,0.36421036500000004,0.44882441250000005,11191.0,0.0
0.9105426762346738,0.0,0.3528295525,0.46131578,11191.0,0.0
0.902355493579605,0.0,0.3457121495,0.478691596,11191.0,0.0
0.876369108225298,0.0,0.33875815649999996,0.4989492715,11191.0,0.0
0.8130465076417644,0.0,0.3460245766666667,0.4981182743333334,11191.0,0.0
0.785706891013349,0.0,0.3681513405,0.450311556,11191.0,0.0
0.7908573600399783,0.0,0.405977525,0.4254287295,11191.0,0.0
0.8009972266935939,0.0,0.4293272175,0.444180989,11191.0,0.0
0.8376951113268383,0.0,0.4564274055,0.4552167155,11191.0,0.0
0.8561522365950082,0.009485505,0.472956244,0.476890703,11191.0,0.0
0.8597026769393873,0.0760052655,0.5239416564999999,0.530089225,11191.0,0.0
0.8581630921697045,0.083994562,0.4960334585,0.5719013374999999,11191.0,0.0
0.8634282115593481,0.0106310585,0.5140009085,0.656877339,11191.0,0.0
0.8803597751305641,0.0,0.5493827835,0.751009847,11191.0,0.0
0.8780296294272942,0.0,0.5765582375,0.7941121579999999,11191.0,0.0
0.8573154235077791,0.0,0.5918815395,0.8106925135,11191.0,0.0
0.8146814814090452,0.0,0.5770422153333333,0.757637908,11191.0,0.0
0.7942674490246763,0.0,0.594860974,0.707130155,11191.0,0.0
0.7946903322686113,0.0,0.5571434630000001,0.6703632716666666,11191.0,0.0
0.8069305684543494,0.0,0.4768141035,0.6488764665,11191.0,0.0
0.8408733123847727,0.0,0.4586128305,0.6364342335,11191.0,0.0
0.8586493046640918,0.03343104,0.507596238,0.63262233,11191.0,0.0
0.8620847561663157,0.096984408,0.548143502,0.62829221,11191.0,0.0
0.8599158270938551,0.129393724,0.569711601,0.63653963,11191.0,0.0
0.8569405247985968,0.12061110750000001,0.578882933,0.659099702,11191.0,0.0
0.8566704119501669,0.050333924,0.565042443,0.678147804,11191.0,0.0
0.8639211940301318,0.00165601,0.55125828,0.692721606,11191.0,0.0
0.8735098102096173,0.0,0.5720189935,0.6934969440000001,11191.0,0.0
0.856625441650879,0.0,0.6667205709999999,0.7750534434999999,11191.0,0.0
0.8152590694961329,0.0,0.6463742555,0.8182174535,11191.0,0.0
0.7969422955876442,0.0,0.544686189,0.8192523389999999,11191.0,0.0
0.8048550859946343,0.0,0.48334925833333336,0.7548421543333333,11191.0,0.0
0.9051703046127244,0.0,0.4408308285,0.6555370475,11191.0,0.0
0.9119706085432207,0.0,0.43648171999999996,0.57274358,11191.0,0.0
0.9110976983897413,0.027856515,0.447004556,0.523210841,11191.0,0.0
0.90722975713327,0.081678554,0.453059429,0.468362051,11191.0,0.0
0.9029740063530873,0.1210871205,0.4598320695,0.4964944965,11191.0,0.0
0.9015922534228056,0.067117717,0.46778705750000005,0.5258951895,11191.0,0.0
0.9072525808604499,0.001417127,0.467808683,0.541928318,11191.0,0.0
0.9151552409016204,0.0,0.4363719925,0.561409461,11191.0,0.0
0.9099334960395478,0.0,0.4058210165,0.5410142925,11191.0,0.0
0.8861882340129995,0.0,0.363762172,0.5271247285,11191.0,0.0
0.8310483354341099,0.0,0.30690662300000005,0.43352638050000003,11191.0,0.0
0.7948689406267611,0.0,0.3060293605,0.4006682505,11191.0,0.0
0.8037762145638186,0.0,0.30424033466666667,0.3342087583333333,11191.0,0.0
0.9049184700314777,0.0,0.305950839,0.34098361499999996,11191.0,0.0
0.9117691280475023,0.006794836333333333,0.3078566566666667,0.40237934366666667,11191.0,0.0
0.9099430704730578,0.058252873,0.30223401,0.420628549,11191.0,0.0
0.9051157114695381,0.12012009300000001,0.3064682245,0.4411518145,11191.0,0.0
0.9034402481845873,0.07419339550000001,0.312217788,0.46679847399999996,11191.0,0.0
0.9085809981369112,0.001873826,0.310108702,0.466600759,11191.0,0.0
0.9146432065813845,0.0,0.2920867745,0.448614946,11191.0,0.0
0.9054421580704569,0.0,0.266453564,0.41786315799999996,11191.0,0.0
0.8777030860055979,0.0,0.2387462905,0.40679720750000004,11191.0,0.0
0.8267437942633132,0.0,0.2568469705,0.4685973365,11191.0,0.0
0.79488351982859,0.0,0.2198707565,0.474786201,11191.0,0.0
0.8024114666681382,0.0,0.18631310266666667,0.4881308976666667,11191.0,0.0
0.9031281631355383,0.0,0.1628899585,0.480760705,11191.0,0.0
0.9075987082522942,0.0,0.16595699,0.47188017849999997,11191.0,0.0
0.9076977399676531,0.009539491,0.172454116,0.484697749,11191.0,0.0
0.903945271263644,0.0910805935,0.19093201599999998,0.4733396175,11191.0,0.0
0.9022239188659706,0.10910588299999999,0.18027602599999998,0.45185512299999997,11191.0,0.0
0.902679184133799,0.006262158,0.163453667,0.45740465799999996,11191.0,0.0
0.9090547349198974,0.0,0.14618190250000002,0.441957004,11191.0,0.0
0.9000711403650707,0.0,0.1351758315,0.39510201300000003,11191.0,0.0
0.8718776734354297,0.0,0.1331949215,0.3647944555,11191.0,0.0
0.8350352790688274,0.0,0.140136604,0.354318835,11191.0,0.0
0.7945453832995313,0.0,0.1430911895,0.34607514275,11191.0,0.0
0.8051969097816356,0.0,0.128105223,0.3565548905,11191.0,0.0
0.8994551421767403,0.0,0.12065831099999999,0.3563652305,11191.0,0.0
0.9033742915881999,0.0,0.1258293105,0.3571628455,11191.0,0.0
0.9024334907842655,0.017593275499999998,0.1188068105,0.3493199655,11191.0,0.0
0.9017881406819157,0.05217465233333333,0.10624966000000001,0.3241465213333333,11191.0,0.0
0.9031187337364044,0.007186464,0.129988257,0.36235171,11191.0,0.0
0.9125808043725592,0.0,0.15612451049999998,0.4123846545,11191.0,0.0
0.905368512881028,0.0,0.1697914925,0.45502022200000003,11191.0,0.0
0.8782384277633204,0.0,0.1838880885,0.4777754665,11191.0,0.0
0.8262591771470622,0.0,0.163078183,0.4313336555,11191.0,0.0
0.7971979452223881,0.0,0.162618917,0.4291017912,11191.0,0.0
0.9004922184525184,0.0,0.1555516435,0.438071572,11191.0,0.0
0.9060730015209643,0.0,0.163568519,0.448434436,11191.0,0.0
0.9073996777945426,0.0205269735,0.16671186049999998,0.4670231715,11191.0,0.0
0.9052196269928406,0.07677618566666666,0.19036261866666668,0.4282645676666667,11191.0,0.0
0.9075499660752787,0.0065551145,0.1712299095,0.3697808255,11191.0,0.0
0.9147861447482202,0.0,0.148651735,0.373224167,11191.0,0.0
0.9063245458366687,0.0,0.12722162450000002,0.3664489045,11191.0,0.0
0.878944221909431,0.0,0.09928328,0.3612533095,11191.0,0.0
0.8123416485770786,0.0,0.08642389333333333,0.34822140366666665,11191.0,0.0
0.7831582638139587,0.0,0.07835950750000001,0.3201752285,11191.0,0.0
0.8130827177925838,0.0,0.10008503475,0.3468023115,11191.0,0.0
0.8515491977543925,0.011949293,0.117065927,0.386855378,11191.0,0.0
0.8539467507913907,0.0637865245,0.1181272535,0.3983435365,11191.0,0.0
0.8539339366008489,0.0735697085,0.1182017715,0.3825410885,11191.0,0.0
0.8598660694794171,0.013205775999999999,0.134311438,0.3934899395,11191.0,0.0
0.875615635749983,0.0,0.161597722,0.426378973,11191.0,0.0
0.8743999831928576,0.0,0.182606874,0.47501045199999997,11191.0,0.0
0.8520016585651073,0.0,0.20214952149999998,0.4725517875,11191.0,0.0
0.806994486173091,0.0,0.1809376753333333,0.43646733666666665,11191.0,0.0
0.7849225434678812,0.0,0.24277383600000002,0.5009517443333333,11191.0,0.0
0.7893646558120365,0.0,0.295294397,0.5695479385,11191.0,0.0
0.8239388961428445,0.0,0.32909399433333336,0.6005170543333332,11191.0,0.0
0.8549057332385208,0.0209684465,0.3412020375,0.629882159,11191.0,0.0
0.8565239598975535,0.07107487033333333,0.37140016099999995,0.654465047,11191.0,0.0
0.8614372302203419,0.0073570515,0.4328329405,0.6784159845,11191.0,0.0
0.8778117405648553,0.0,0.495650146,0.7331393905,11191.0,0.0
0.8749956238287713,0.0,0.5653179375,0.8049111879999999,11191.0,0.0
0.8544460195282635,0.0,0.62156207,0.8555455005,11191.0,0.0
0.8142103717096072,0.0,0.611925282,0.8363018246666667,11191.0,0.0
0.8040375306608033,0.0,0.68942967675,0.88259112675,11191.0,0.0
0.9055496037475274,0.0,0.7471948845,0.923258967,11191.0,0.0
0.9102681149438149,0.0,0.7727400959999999,0.9326788564999999,11191.0,0.0
0.9126102526481789,0.007144835,0.78540402,0.936074627,11191.0,0.0
0.9131232057818496,0.020372501,0.7520115355,0.9348895945,11191.0,0.0
0.9120838083656846,0.019976672,0.7750695489999999,0.93634343,11191.0,0.0
0.9123299368183462,0.005782517,0.8035661485000001,0.937301129,11191.0,0.0
0.9173080678129089,0.0,0.8295912274999999,0.9374948635,11191.0,0.0
0.906829568718935,0.0,0.833817636,0.9374457494999999,11191.0,0.0
0.8783845574735893,0.0,0.8341186279999999,0.937070344,11191.0,0.0
0.825118620516706,0.0,0.8222513325,0.9374454999999999,11191.0,0.0
0.7969767293461434,0.0,0.8672027413999999,0.9305868536,11191.0,0.0
0.8996987078306515,0.0,0.8616675685,0.9001803685,11191.0,0.0
0.902892543804231,0.0008125136666666667,0.8412786046666666,0.877467506,11191.0,0.0
0.9024309761991137,0.008847234,0.773939203,0.920521228,11191.0,0.0
0.9019716007712071,0.022471249,0.7694084525,0.9124853264999999,11191.0,0.0
0.9022853944839498,0.010164689999999999,0.74655476,0.8956358736666666,11191.0,0.0
0.9104744469082879,0.0,0.6867673195,0.855322012,11191.0,0.0
0.9021866851765322,0.0,0.6372185095,0.8018036964999999,11191.0,0.0
0.8747626480457924,0.0,0.5865233365,0.7437964885,11191.0,0.0
0.8246225917336554,0.0,0.5385454255,0.7418491145,11191.0,0.0
0.7972670352697425,0.0,0.4972406152000001,0.6760010354,11191.0,0.0
0.8819022127677494,0.0,0.454750962,0.629567515,11191.0,0.0
0.9109682029613403,0.0,0.4382049803333334,0.60276871,11191.0,0.0
0.9094202528371249,0.007531333,0.41423981,0.56066172,11191.0,0.0
0.9080695923645683,0.019687538,0.402611237,0.536203245,11191.0,0.0
0.9075214686898964,0.029607997666666667,0.3792177456666666,0.5060517800000001,11191.0,0.0
0.9095677848743458,0.0103292355,0.3533475225,0.48415357000000003,11191.0,0.0
0.9185609536658922,0.0,0.34268911,0.481761546,11191.0,0.0
0.9211417732818201,0.0,0.337836305,0.462323137,11191.0,0.0
0.9133270233579609,0.0,0.3127024735,0.429655723,11191.0,0.0
0.8883245234631975,0.0,0.282121424,0.384068735,11191.0,0.0
0.8317610443942026,0.0,0.2498457665,0.332829775,11191.0,0.0
0.7988436988156196,0.0,0.264740437,0.3482515445,11191.0,0.0
0.8042649417089544,0.0,0.2516853213333333,0.3252512126666667,11191.0,0.0
0.9031822725684178,0.0,0.2223328865,0.294938863,11191.0,0.0
0.9079211897275108,0.0,0.2112958555,0.284184326,11191.0,0.0
0.9082078886442103,0.013492717,0.207474191,0.275670661,11191.0,0.0
0.9080165465827097,0.042391365,0.1924491175,0.2742826345,11191.0,0.0
0.9082058575069786,0.04355465033333333,0.17438081433333333,0.25723029966666666,11191.0,0.0
0.9152655878565819,0.0009432275,0.17835672800000002,0.2679066235,11191.0,0.0
0.9188780680820351,0.0,0.172662618,0.301823488,11191.0,0.0
0.9105842135289551,0.0,0.16394661900000002,0.287894032,11191.0,0.0
0.8832580474449856,0.0,0.150703339,0.22694439900000002,11191.0,0.0
0.8225685709505619,0.0,0.14689883233333334,0.19131963033333332,11191.0,0.0
0.8045608197076557,0.0,0.12174199125,0.139333979,11191.0,0.0
0.9079525724507782,0.0,0.114150259,0.10774815,11191.0,0.0
0.9137647839408751,0.0,0.1151566715,0.103834556,11191.0,0.0
0.9150000688785372,0.031099324,0.11457736,0.087050939,11191.0,0.0
0.9129667280558018,0.08124383,0.117335642,0.073133646,11191.0,0.0
0.9110338694889759,0.08445185599999999,0.1230168385,0.0617191135,11191.0,0.0
0.9129794936391649,0.026667442,0.1472593505,0.072501653,11191.0,0.0
0.9209313309604789,0.0,0.169936473,0.093867976,11191.0,0.0
0.922170000886339,0.0,0.174093641,0.112670467,11191.0,0.0
0.9142155039454972,0.0,0.1798683835,0.13457360000000002,11191.0,0.0
0.8883245234631975,0.0,0.18331997449999998,0.15680678850000002,11191.0,0.0
0.8277276795260665,0.0,0.1895602315,0.15704033550000002,11191.0,0.0
0.7890398531964329,0.0,0.1989008145,0.190807353,11191.0,0.0
0.7832495465544839,0.0,0.20403661233333334,0.21981264666666667,11191.0,0.0
0.8130891127852574,0.0,0.1936468955,0.25497539025,11191.0,0.0
0.8518489041096083,0.0357050625,0.1662831575,0.254595623,11191.0,0.0
0.8512074225745703,0.06827857500000001,0.14441263650000002,0.256042326,11191.0,0.0
0.8543084484860984,0.029453527666666663,0.13185711333333336,0.2631544103333333,11191.0,0.0
0.872909189010579,0.0,0.1320746715,0.2812588275,11191.0,0.0
0.8628726092667764,0.0,0.10315949325,0.23841988549999998,11191.0,0.0
0.8187420540963951,0.0,0.07904435900000001,0.16712942949999998,11191.0,0.0
0.7926528048328058,0.0,0.07055384175,0.16170853325,11191.0,0.0
0.7973504386553683,0.0,0.063629145,0.13024848,11191.0,0.0
0.8313933827101535,0.0,0.06357515066666666,0.10617533933333334,11191.0,0.0
0.858179484596419,0.028469696,0.05969106,0.083048523,11191.0,0.0
0.8603621948864553,0.1151750475,0.060900288999999996,0.069886508,11191.0,0.0
0.8597132668103196,0.128654896,0.050935893999999995,0.059292902999999994,11191.0,0.0
0.864549909981807,0.0306762755,0.0564926825,0.078006149,11191.0,0.0
0.8819142051624238,0.0,0.064118653,0.1070635255,11191.0,0.0
0.8784535121686456,0.0,0.065760769,0.1430370005,11191.0,0.0
0.8574047841656409,0.0,0.0643288395,0.187400933,11191.0,0.0
0.8123358458573045,0.0,0.06746408975,0.254437649,11191.0,0.0
0.8086533149793832,0.0,0.056183420333333324,0.2590274143333333,11191.0,0.0
0.9103051549916983,0.0,0.053878798,0.2568239,11191.0,0.0
0.9158255260931858,0.0055825879999999994,0.05346241566666667,0.26598624066666665,11191.0,0.0
0.915492229159873,0.0829323795,0.049837632,0.285715405,11191.0,0.0
0.9150186372144724,0.085631021,0.047869714,0.28290668900000004,11191.0,0.0
0.9159456083904425,0.0182779365,0.050793426,0.27309402,11191.0,0.0
0.9233078496835687,0.0,0.0607753655,0.27703425849999996,11191.0,0.0
0.9225928195830891,0.0,0.066428643,0.277767143,11191.0,0.0
0.8966133811851632,0.0,0.07023089766666667,0.2725061346666666,11191.0,0.0
0.8354724111038485,0.0,0.093378581,0.24896797399999998,11191.0,0.0
0.8011017226823844,0.0,0.1079980185,0.233561841,11191.0,0.0
0.808429736256349,0.0,0.13228414766666666,0.23677958866666668,11191.0,0.0
0.909981222779141,0.0,0.161165597,0.292536564,11191.0,0.0
0.91448034576847,0.0,0.200408525,0.3666962105,11191.0,0.0
0.9150102232527609,0.01552921,0.213167514,0.463119235,11191.0,0.0
0.9131557003697364,0.06488629400000001,0.238991559,0.5056691645,11191.0,0.0
0.9119444000246328,0.06962715650000001,0.271775969,0.5794487715000001,11191.0,0.0
0.9131519770991876,0.010113305999999999,0.299597695,0.6618146505,11191.0,0.0
0.9170984472874348,0.0,0.34483037250000004,0.702720019,11191.0,0.0
0.903759683347537,0.0,0.39294199949999997,0.729244089,11191.0,0.0
0.872498362314923,0.0,0.443028427,0.7701208195,11191.0,0.0
0.8109363465509466,0.0,0.535879061,0.8109359263333333,11191.0,0.0
0.7872822827435337,0.0,0.56064839,0.9024636045000001,11191.0,0.0
0.8841492840792466,0.0,0.493848459,0.9301362205,11191.0,0.0
0.8974997017378881,0.0,0.45623404300000003,0.9238381099999999,11191.0,0.0
0.8915993868825052,0.0411556965,0.4040598595,0.905394129,11191.0,0.0
0.8890088960122899,0.0669684395,0.37555765350000003,0.893602971,11191.0,0.0
0.8861425867554302,0.030911865,0.3884617255,0.8947753279999999,11191.0,0.0
0.8906623091523296,0.000676621,0.486272087,0.899429371,11191.0,0.0
0.892189031517872,0.0,0.568101944,0.90998748,11191.0,0.0
0.8687441768132252,0.0,0.63636503775,0.91029984525,11191.0,0.0
0.7895614135397897,0.0,0.690646874,0.9125142035,11191.0,0.0
0.7524020178458118,0.0,0.6792521730000001,0.910309682,11191.0,0.0
0.7720019562063463,0.0,0.6319108585,0.8914316435,11191.0,0.0
0.8789473648456854,0.0,0.584435313,0.9190797820000001,11191.0,0.0
0.8965895580917607,0.000823112,0.553311662,0.922228013,11191.0,0.0
0.8900336420046233,0.037274115,0.534501183,0.920349089,11191.0,0.0
0.8875628790781147,0.1106773425,0.5302347119999999,0.8675893315000001,11191.0,0.0
0.8867646779618753,0.11739281500000001,0.543461771,0.845693356,11191.0,0.0
0.8883684783250629,0.0449577865,0.5594578665000001,0.8467226864999999,11191.0,0.0
0.8970590398770828,0.0,0.5518552745,0.8616910325,11191.0,0.0
0.883033823840472,0.0,0.528818023,0.8501312903333332,11191.0,0.0
0.8411628157585858,0.0,0.465361478,0.8148894529999999,11191.0,0.0
0.784782409823756,0.0,0.38660943266666664,0.6936306600000001,11191.0,0.0
0.7928639844942212,0.0,0.32915577766666665,0.6026034206666667,11191.0,0.0
0.89522874304819,0.0,0.27959316050000005,0.5312349890000001,11191.0,0.0
0.9002210419530674,0.0,0.2511295315,0.500254384,11191.0,0.0
0.8982938893180364,0.018773745,0.2289144,0.47122898,11191.0,0.0
0.8952125920830486,0.096569247,0.24558253,0.454663064,11191.0,0.0
0.8922962190717992,0.1521612853333333,0.20854281633333335,0.405493727,11191.0,0.0
0.8941892488112473,0.0404091295,0.1806594725,0.3452640175,11191.0,0.0
0.9024860530526073,0.0,0.1749940905,0.33900235,11191.0,0.0
0.8943509007419748,0.0,0.172608482,0.33218668949999997,11191.0,0.0
0.867263126304027,0.0,0.186879196,0.334144074,11191.0,0.0
0.8122921567606016,0.0,0.203007593,0.357095488,11191.0,0.0
0.7778375717579172,0.0,0.1994873645,0.37847608200000005,11191.0,0.0
0.7752263005315445,0.0,0.19677095849999998,0.40863436475,11191.0,0.0
0.8138022044366888,0.000708093,0.15621973200000003,0.42136799099999994,11191.0,0.0
0.8434916557588911,0.061121937,0.120582312,0.41415901,11191.0,0.0
0.8436841582921899,0.188329009,0.0837206885,0.37674047450000003,11191.0,0.0
0.8424461173078028,0.20053537700000001,0.0702059065,0.380042502,11191.0,0.0
0.8435310169471613,0.112193149,0.077964484,0.402444656,11191.0,0.0
0.8569638804496822,0.009576083,0.1131312655,0.4262957905,11191.0,0.0
0.8638550441857695,0.0,0.160506726,0.436836152,11191.0,0.0
0.8584741617813312,0.0,0.2218576325,0.4845049365,11191.0,0.0
0.8378847123854558,0.0,0.308054839,0.537653732,11191.0,0.0
0.7959979888351367,0.0,0.402765987,0.6020995626666666,11191.0,0.0
0.7683192037754601,0.0,0.41906173425,0.6904567340000001,11191.0,0.0
0.7929999112558859,0.00051359675,0.37718340875000006,0.716690284,11191.0,0.0
0.8319985658339684,0.02545508,0.353350109,0.677748237,11191.0,0.0
0.8298564254175993,0.073254058,0.33155835450000004,0.6517853755,11191.0,0.0
0.8286669813790617,0.081344365,0.3147169955,0.6400014345,11191.0,0.0
0.831495960519286,0.0363957975,0.302441156,0.6324912565,11191.0,0.0
0.8482257857996243,0.0,0.296084951,0.634472092,11191.0,0.0
0.8394718546551614,0.0,0.275788189,0.62678868125,11191.0,0.0
0.7963774008619166,0.0,0.23830978333333333,0.6126595886666667,11191.0,0.0
0.7794514062565177,0.0,0.2257644215,0.5736775190000001,11191.0,0.0
0.7952301307339511,0.0,0.198609235,0.47120466149999995,11191.0,0.0
0.8876509822466104,0.0,0.1846295455,0.3563952615,11191.0,0.0
0.8991028253395841,0.0,0.200058383,0.346208258,11191.0,0.0
0.8940966483963537,0.004863186,0.211233858,0.385229708,11191.0,0.0
0.8918091522455651,0.038099294,0.20386860950000002,0.40024570950000005,11191.0,0.0
0.8935366938917602,0.0511398175,0.2147764465,0.451920266,11191.0,0.0
0.898322612421776,0.0114823115,0.219990211,0.516300011,11191.0,0.0
0.9051700143471821,0.0,0.217528304,0.556115009,11191.0,0.0
0.9054829701928581,0.0,0.206534422,0.564148529,11191.0,0.0
0.8969899401476505,0.0,0.1864118485,0.5634521745000001,11191.0,0.0
0.8687444428735732,0.0,0.168580072,0.5531576444999999,11191.0,0.0
0.8103112251690306,0.0,0.16754604166666667,0.5928708406666666,11191.0,0.0
0.7959236910238142,0.0,0.145557832,0.650119837,11191.0,0.0
0.900411900304261,0.0,0.12050190250000001,0.6289064394999999,11191.0,0.0
0.9037223532309016,0.001744688,0.11068713,0.608913418,11191.0,0.0
0.9025932568745242,0.049406753,0.111674078,0.596777093,11191.0,0.0
0.9009759649689328,0.14520946,0.112029379,0.5718598205000001,11191.0,0.0
0.8991558711214427,0.175722895,0.1114217385,0.50225024,11191.0,0.0
0.9013781844549027,0.081446044,0.1096636505,0.453919524,11191.0,0.0
0.9086341887563556,0.0,0.116999194,0.423039684,11191.0,0.0
0.9000832291869423,0.0,0.11843300600000001,0.3710852015,11191.0,0.0
0.8596460043797739,0.0,0.13487560266666668,0.3534291856666667,11191.0,0.0
0.7939543846492062,0.0,0.20268902924999999,0.412530016,11191.0,0.0
0.8037854181134018,0.0,0.288432578,0.4833940935,11191.0,0.0
0.8983758516483993,0.0,0.342132586,0.551502658,11191.0,0.0
0.9010190980349309,0.000511701,0.40200139749999997,0.6660738705,11191.0,0.0
0.9011123268009271,0.007481422,0.452018869,0.735889108,11191.0,0.0
0.900436706692687,0.0428466875,0.488793461,0.7609193835,11191.0,0.0
0.8996067843740394,0.04898216,0.5185819905,0.7888807305000001,11191.0,0.0
0.8992729392488314,0.0065700665,0.549701031,0.8159936409999999,11191.0,0.0
0.9043688637394531,0.0,0.561417795,0.846213306,11191.0,0.0
0.9046817223707712,0.0,0.560432048,0.855112624,11191.0,0.0
0.8963248611063734,0.0,0.5642540055,0.8649862665000001,11191.0,0.0
0.868968521378114,0.0,0.560964147,0.8697570805,11191.0,0.0
0.8269415188213098,0.0,0.533226666,0.850005092,11191.0,0.0
0.8033881212555221,0.0,0.5330853292000001,0.855853172,8924.0,0.0
0.9093584546144142,0.0,0.4970346845,0.848784034,8924.0,0.0
0.9503507018390369,0.0023622245,0.491855722,0.845078216,8924.0,0.0
0.9481631074130732,0.030444092,0.494709061,0.82931816,8924.0,0.0
0.946671829914068,0.082907472,0.49855408,0.78392289,8924.0,0.0
0.9459792850616273,0.079291277,0.4891955505,0.768993196,8924.0,0.0
0.9471932450262587,0.0351071035,0.4766547275,0.750060603,8924.0,0.0
0.9571631914121821,0.0,0.47513817950000004,0.7372026805,8924.0,0.0
0.951464953326818,0.0,0.46150313649999997,0.7015902505,8924.0,0.0
0.917977885562157,0.0,0.433279539,0.681552284,8924.0,0.0
0.8472851298332758,0.0,0.4050110885,0.6781950729999999,8924.0,0.0
0.8061192388736218,0.0,0.3746784225,0.6363093035,8924.0,0.0
0.8145139624409472,0.0,0.356603845,0.610746618,8924.0,0.0
0.9230461990104488,0.0,0.334267529,0.590975989,8924.0,0.0
0.9656332042854452,0.002163716,0.328201556,0.5768090225,8924.0,0.0
0.964109334787405,0.049847484,0.314994386,0.578605684,8924.0,0.0
0.9638518910951409,0.173524028,0.314075223,0.570376688,8924.0,0.0
0.9616316733805007,0.21762258533333334,0.29391223299999997,0.5737579700000001,8924.0,0.0
0.9605508677644243,0.090386051,0.294697832,0.571812565,8924.0,0.0
0.969352742904859,0.0086548395,0.319098732,0.5975130965,8924.0,0.0
0.9771619803416879,0.0,0.323125892,0.625527895,8924.0,0.0
0.9718545984858828,0.0,0.3246107615,0.647777928,8924.0,0.0
0.9411591311376319,0.0,0.3311602205,0.6653032695000001,8924.0,0.0
0.9019826259420576,0.0,0.334992099,0.669670508,8924.0,0.0
0.8225907821354518,0.0,0.3269934483333333,0.6398261803333334,8924.0,0.0
0.8135546414490795,0.0,0.32727002175,0.6185418042499999,8924.0,0.0
0.8645305354620266,0.001408362,0.3223313526666667,0.6187217913333334,8924.0,0.0
0.8976046812401953,0.07462664799999999,0.30958825349999997,0.636302393,8924.0,0.0
0.8980220840739025,0.1489384745,0.28588535049999997,0.6392772505,8924.0,0.0
0.8983116356613142,0.088176956,0.28817073800000004,0.6372179645,8924.0,0.0
0.906680634157972,0.020325668,0.313108094,0.657208979,8924.0,0.0
0.9218968899392406,0.0,0.317738922,0.6875938580000001,8924.0,0.0
0.91708305429254,0.0,0.2967605863333333,0.7141054536666666,8924.0,0.0
0.8678093478702404,0.0,0.2887795023333333,0.7569740523333334,8924.0,0.0
0.8158065724945199,0.0,0.2597042915,0.7641851550000001,8924.0,0.0
0.81128097482786,0.0,0.23612834849999997,0.7323623312499999,8924.0,0.0
0.8628540569364439,0.0026491103333333333,0.21310020333333335,0.7247876003333333,8924.0,0.0
0.8960066830392096,0.085650102,0.195767276,0.706355023,8924.0,0.0
0.8982731932864788,0.207115343,0.185564395,0.687490957,8924.0,0.0
0.8964199276304333,0.230882242,0.16484491666666667,0.6452344873333332,8924.0,0.0
0.9019087388974752,0.0915665825,0.14935301499999998,0.599878081,8924.0,0.0
0.9205321097699676,0.0,0.145972951,0.576083211,8924.0,0.0
0.9209702409744217,0.0,0.13569994633333335,0.5615622303333333,8924.0,0.0
0.9074215344946888,0.0,0.132798007,0.515764907,8924.0,0.0
0.8493559944797981,0.0,0.13957263366666667,0.43842332500000003,8924.0,0.0
0.8238371885399681,0.0,0.13071927033333333,0.42331106766666665,8924.0,0.0
0.8863604276010606,0.0,0.1230631995,0.3820158885,8924.0,0.0
0.9756419473997541,0.006747443333333333,0.12380267233333332,0.35278736466666666,8924.0,0.0
0.9710694050049501,0.110645423,0.119317049,0.330478853,8924.0,0.0
0.9691751340441255,0.22737150350000002,0.1212880425,0.29989900550000004,8924.0,0.0
0.966578985652504,0.243030533,0.1050908585,0.26245375049999997,8924.0,0.0
0.9670097830110473,0.1133520895,0.09120089649999999,0.258249972,8924.0,0.0
0.98171879159044,0.00205165,0.088445245,0.271875604,8924.0,0.0
0.9864798553216408,0.0,0.089575891,0.2681129016666667,8924.0,0.0
0.9541166616918695,0.0,0.0799635775,0.2290626895,8924.0,0.0
0.8779960225812076,0.0,0.0803348685,0.219152774,8924.0,0.0
0.8303383345039339,0.0,0.073498573,0.24433955000000002,8924.0,0.0
0.8353673511143502,0.0,0.07014892133333334,0.3710980386666667,8924.0,0.0
0.9350641858565378,0.0,0.0896210885,0.4747711975,8924.0,0.0
0.9735557865791141,0.0035468955,0.11514424300000001,0.5197321835,8924.0,0.0
0.968048358631345,0.038492968,0.122511501,0.494949965,8924.0,0.0
0.9671343462867124,0.1043216765,0.1459527865,0.48090548899999996,8924.0,0.0
0.9656155061557661,0.1316681275,0.141708406,0.4823128975,8924.0,0.0
0.9671210969930424,0.04428559,0.1579207915,0.4927127295,8924.0,0.0
0.9794395157598077,0.00051888,0.158084364,0.446095858,8924.0,0.0
0.9746511794654176,0.0,0.132991733,0.372649251,8924.0,0.0
0.9312300450221115,0.0,0.09583807466666668,0.31836491566666664,8924.0,0.0
0.8282697265162101,0.0,0.08623818133333333,0.343589603,8924.0,0.0
0.8301081953860644,0.0,0.08452923466666666,0.39657676433333333,8924.0,0.0
0.9097754709521721,0.0,0.081791827,0.373459727,8924.0,0.0
0.965588749445283,0.007260484333333333,0.08043176866666667,0.33168659500000003,8924.0,0.0
0.9656997412161271,0.135982867,0.075573038,0.295207552,8924.0,0.0
0.9659857143705757,0.269806151,0.06819915,0.322673695,8924.0,0.0
0.9633894855573599,0.30697382933333334,0.073762319,0.28088286433333337,8924.0,0.0
0.9635596316746029,0.080791208,0.0912607265,0.26450706599999996,8924.0,0.0
0.9759092395230805,0.001030017,0.1038523665,0.29954800000000004,8924.0,0.0
0.971503925634042,0.0,0.10805635499999999,0.3186517605,8924.0,0.0
0.9400488931859419,0.0,0.1103591785,0.328530297,8924.0,0.0
0.865198354544426,0.0,0.1206936535,0.327991428,8924.0,0.0
0.8175047382838883,0.0,0.11198957400000001,0.3499238025,8924.0,0.0
0.8252696986477007,0.0,0.12621406533333335,0.365825043,8924.0,0.0
0.9048466140585304,0.0,0.148656084,0.387195117,8924.0,0.0
0.9618113615920643,0.004881846333333334,0.180996406,0.38478061466666663,8924.0,0.0
0.9613780336427665,0.106369527,0.202690783,0.389144305,8924.0,0.0
0.9579626012138185,0.192903327,0.203285247,0.410257964,8924.0,0.0
0.9510717439456663,0.19734396266666668,0.20242373333333333,0.391479417,8924.0,0.0
0.953354340151715,0.10042044250000001,0.2316968885,0.4375782715,8924.0,0.0
0.9708629760229094,0.001536533,0.27363728,0.51935522,8924.0,0.0
0.9700134215205154,0.0,0.2810865105,0.5346499730000001,8924.0,0.0
0.9394526238053451,0.0,0.2717724925,0.5480181150000001,8924.0,0.0
0.8653833135190596,0.0,0.27118193349999997,0.5413869925,8924.0,0.0
0.8203812604403767,0.0,0.31850013979999997,0.5821983372,8924.0,0.0
0.8999256878098736,0.0,0.338817675,0.58987099,8924.0,0.0
0.9603027082401279,0.012864863666666665,0.36011729800000003,0.5921941893333333,8924.0,0.0
0.9616536587814365,0.132577546,0.363951671,0.581078018,8924.0,0.0
0.9589655871299931,0.2271687005,0.344473519,0.582508425,8924.0,0.0
0.9549211812821939,0.19298558533333332,0.38813243833333333,0.5562168163333333,8924.0,0.0
0.9685971911443105,0.0325142775,0.43173583000000004,0.5792113125,8924.0,0.0
0.9769627566359619,0.0,0.437450574,0.61173069,8924.0,0.0
0.9712337645720135,0.0,0.4321944935,0.6257397,8924.0,0.0
0.9406465162863117,0.0,0.402262458,0.6129734775,8924.0,0.0
0.900652564680281,0.0,0.356632535,0.587765579,8924.0,0.0
0.8265116886865904,0.0,0.3489811675,0.5450982185,8924.0,0.0
0.8100762507192028,0.0,0.3418652545,0.49564774349999996,8924.0,0.0
0.8117568715472627,0.0,0.32449760766666663,0.49769742066666667,8924.0,0.0
0.8607023100097627,0.006700848333333333,0.3300196973333333,0.5333185046666667,8924.0,0.0
0.8917357489112898,0.051953146,0.334531572,0.537112591,8924.0,0.0
0.8919582314473238,0.090805812,0.3498851735,0.5627985345,8924.0,0.0
0.8916937281034916,0.0939523705,0.3613116415,0.495256788,8924.0,0.0
0.8974945761403874,0.054407868,0.35247899650000003,0.47002880599999997,8924.0,0.0
0.9169414378342717,0.001598206,0.3884530395,0.5096543425,8924.0,0.0
0.90876448216901,0.0,0.4266744065,0.5406397989999999,8924.0,0.0
0.8504475672091787,0.0,0.440979487,0.549315437,8924.0,0.0
0.8119433941512142,0.0,0.44574380550000003,0.5554187669999999,8924.0,0.0
0.8065284698959562,0.0,0.44477858649999996,0.5319841335,8924.0,0.0
0.8564587446754389,0.004871996333333333,0.428362192,0.5777676586666667,8924.0,0.0
0.8900961169888256,0.077963959,0.415532794,0.638005668,8924.0,0.0
0.889258506077137,0.1568548835,0.4314842405,0.656347295,8924.0,0.0
0.8883107904592205,0.17526102,0.445072606,0.6616861025,8924.0,0.0
0.8952198455729616,0.06996576,0.4416481425,0.6837401955,8924.0,0.0
0.9114435357128334,0.000719189,0.450082273,0.7086204215,8924.0,0.0
0.9023451617662192,0.0,0.42901362866666665,0.7096614123333334,8924.0,0.0
0.8666408900632057,0.0,0.4313972815,0.7256842655,8924.0,0.0
0.805964714683871,0.0,0.4275562986,0.7478983024,8924.0,0.0
0.8602783469124139,0.0,0.43321783999999997,0.7825561885,8924.0,0.0
0.9454424445497558,0.0,0.442733429,0.793380865,8924.0,0.0
0.9486145527863656,0.01527523,0.443669137,0.791908874,8924.0,0.0
0.9486845711324429,0.083251766,0.437319059,0.786959884,8924.0,0.0
0.9479742801335147,0.1561152275,0.4037024765,0.7709934235,8924.0,0.0
0.9470386531406796,0.2004896785,0.4174335955,0.7693187015,8924.0,0.0
0.9479053738488472,0.068690594,0.4054592825,0.7680346935,8924.0,0.0
0.9567641634696455,0.003143467,0.394157089,0.76134555,8924.0,0.0
0.9589258392489834,0.0,0.378132834,0.760953715,8924.0,0.0
0.9516193999812308,0.0,0.3519475135,0.7813147149999999,8924.0,0.0
0.919734537201621,0.0,0.3188033635,0.808913075,8924.0,0.0
0.8478725985594218,0.0,0.312842932,0.794653888,8924.0,0.0
0.804784293869498,0.0,0.291908544,0.7842922244999999,8924.0,0.0
0.8110541401781992,0.0,0.26226289033333333,0.743387144,8924.0,0.0
0.8924344828154619,0.0,0.239257552,0.672220987,8924.0,0.0
0.9485847658348151,0.0,0.225664992,0.6503149815,8924.0,0.0
0.9516182879198212,0.035256638,0.206210823,0.643223864,8924.0,0.0
0.950275267629917,0.111564481,0.192810192,0.634778709,8924.0,0.0
0.9495699085869345,0.1865571125,0.1641942405,0.5670385565,8924.0,0.0
0.9489024601916718,0.20704662699999998,0.1559061445,0.57299946,8924.0,0.0
0.9508469240668525,0.143123035,0.1537939095,0.5618945505,8924.0,0.0
0.9599149953404036,0.009299511,0.167678766,0.569087731,8924.0,0.0
0.9630648601841281,0.0,0.166228702,0.563570752,8924.0,0.0
0.9574433620108485,0.0,0.1623168475,0.5357806175,8924.0,0.0
0.9262957725278138,0.0,0.161169738,0.48987297949999997,8924.0,0.0
0.8899378984566851,0.0,0.172655668,0.459411286,8924.0,0.0
0.8216427923887895,0.0,0.1786774505,0.4407285485,8924.0,0.0
0.8094457778246386,0.0,0.2144719793333333,0.41829517633333335,8924.0,0.0
0.8690330274339513,0.0,0.257118704,0.40582322950000005,8924.0,0.0
0.955046824608063,0.0,0.2876465245,0.422685958,8924.0,0.0
0.9584001201383693,0.035173474,0.298164002,0.433536829,8924.0,0.0
0.9530709782064052,0.147091174,0.304490605,0.429980266,8924.0,0.0
0.9486321058816688,0.21633966500000001,0.31415786,0.458492088,8924.0,0.0
0.9462040083820508,0.19572139433333335,0.30997609966666667,0.44304032299999996,8924.0,0.0
0.9511248703459095,0.085217094,0.32260337,0.450998172,8924.0,0.0
0.9643952115146567,0.015508524,0.343242042,0.486682983,8924.0,0.0
0.9689176903518613,0.0,0.36027161600000007,0.5608175146666666,8924.0,0.0
0.9365698253009933,0.0,0.3754944675,0.6092001635,8924.0,0.0
0.8480623609204052,0.0,0.381049017,0.6437275896666667,8924.0,0.0
0.8180501379886375,0.0,0.42723228575,0.656772264,8924.0,0.0
0.9234976439901609,0.0,0.4620051935,0.6911860945,8924.0,0.0
0.9628624447381784,0.01530043,0.4862364695,0.7428372505,8924.0,0.0
0.9573496009273663,0.1267914745,0.4896772595,0.7685299240000001,8924.0,0.0
0.9526567665881479,0.17616057633333335,0.5046839286666667,0.8108166609999999,8924.0,0.0
0.9539308323141893,0.0968468425,0.5069918425,0.830472012,8924.0,0.0
0.9650924950750684,0.0020172025,0.52139021,0.858193094,8924.0,0.0
0.9594702715331186,0.0,0.5262936970000001,0.8843021675,8924.0,0.0
0.9275340069569655,0.0,0.505111489,0.878672153,8924.0,0.0
0.8578160943748139,0.0,0.4519964445,0.849399911,8924.0,0.0
0.8095008224045395,0.0,0.44089789700000004,0.8218823495,8924.0,0.0
0.8115863869508789,0.0,0.39221678666666665,0.7498046846666666,8924.0,0.0
0.8919017040532798,0.0,0.353727888,0.690430745,8924.0,0.0
0.9489728656240688,0.0,0.328190072,0.647440409,8924.0,0.0
0.9530678834837494,0.022689179,0.300289734,0.584960527,8924.0,0.0
0.950275267629917,0.138719046,0.309989815,0.544319279,8924.0,0.0
0.947690434477898,0.28257717699999996,0.246663023,0.4552220565,8924.0,0.0
0.9467131896379938,0.24239250466666665,0.2070240723333333,0.4016930726666666,8924.0,0.0
0.9544110972184184,0.040452215500000006,0.20024608700000002,0.3703393445,8924.0,0.0
0.9598605956419819,0.0,0.19208875549999999,0.3387223485,8924.0,0.0
0.9392908752506304,0.0,0.1593942895,0.2841381665,8924.0,0.0
0.8988954777408986,0.0,0.1276187735,0.24802353449999998,8924.0,0.0
0.8140185946761721,0.0,0.095445198,0.24585379566666665,8924.0,0.0
0.8034935937959918,0.0,0.067429874,0.144319973,8924.0,0.0
0.8606320981533241,0.012739297666666668,0.059606947333333334,0.110079755,8924.0,0.0
0.890936338716073,0.134892614,0.040332399,0.097568809,8924.0,0.0
0.8880281052754022,0.221784635,0.0314853825,0.0820143005,8924.0,0.0
0.885416096577762,0.25170318,0.02799043966666667,0.05734264066666667,8924.0,0.0
0.9022224681286299,0.060413727,0.035535812,0.056998627499999996,8924.0,0.0
0.9166390234491394,0.0,0.044659279,0.060387064,8924.0,0.0
0.9119472368209358,0.0,0.04754197133333333,0.059035909,8924.0,0.0
0.8788926750785115,0.0,0.048570425,0.063515047,8924.0,0.0
0.8104979250153538,0.0,0.05603791433333333,0.08725530633333334,8924.0,0.0
0.8004786040343149,0.0,0.063725991,0.12558856375,8924.0,0.0
0.8444003004540792,0.0,0.068903671,0.168070832,8924.0,0.0
0.8746995927272959,0.032179425,0.067669465,0.184126361,8924.0,0.0
0.8855893536200539,0.1574739295,0.057843613,0.18704984349999998,8924.0,0.0
0.8820342711916909,0.21647426749999998,0.06674237799999999,0.20081019649999998,8924.0,0.0
0.8817862568985606,0.17221493599999999,0.07171477200000001,0.230553554,8924.0,0.0
0.8982369268208645,0.031104375,0.0764935275,0.254997833,8924.0,0.0
0.9082122402658617,0.0,0.089566119,0.289069199,8924.0,0.0
0.8930031092737166,0.0,0.08635889366666667,0.279893704,8924.0,0.0
0.8411000989192301,0.0,0.0802532685,0.252879893,8924.0,0.0
0.8072894374211524,0.0,0.083266003,0.228095546,8924.0,0.0
0.8149701787958034,0.0,0.08517854600000001,0.19328638366666664,8924.0,0.0
0.8980795784949802,0.0,0.088877371,0.202620051,8924.0,0.0
0.9533674446077991,0.0,0.096723318,0.2202531325,8924.0,0.0
0.9587885099963751,0.07308324399999999,0.0950949695,0.2432373505,8924.0,0.0
0.955544062273301,0.163762723,0.093051285,0.284348559,8924.0,0.0
0.9551666004373845,0.18162911166666665,0.09443820133333332,0.2856798683333333,8924.0,0.0
0.9598900439176016,0.0902491245,0.0979392615,0.305302197,8924.0,0.0
0.9730349998180261,0.0036909545,0.1164059845,0.34591768749999996,8924.0,0.0
0.9693944252335164,0.0,0.1209252735,0.3836692695,8924.0,0.0
0.9392135067906529,0.0,0.111529305,0.37531383799999996,8924.0,0.0
0.8654930801397267,0.0,0.1054965675,0.373486131,8924.0,0.0
0.82164049076999,0.0,0.0862858772,0.2891021736,8924.0,0.0
0.9050571532006493,0.0,0.073280737,0.231253461,8924.0,0.0
0.9608374212531673,0.000703062,0.07217997300000001,0.20355298,8924.0,0.0
0.966024495421342,0.056483435,0.064407916,0.183820177,8924.0,0.0
0.9636764581436283,0.175930509,0.055587361,0.165288918,8924.0,0.0
0.9632995769699899,0.2720286955,0.0495204485,0.16475171849999998,8924.0,0.0
0.9606711756488449,0.29148470449999997,0.0424146725,0.120378943,8924.0,0.0
0.9624427207640842,0.160769936,0.047394538,0.10651480699999999,8924.0,0.0
0.9738521561597303,0.022206964,0.0610311,0.110136459,8924.0,0.0
0.976151064370899,0.0,0.06450046849999999,0.11443369149999999,8924.0,0.0
0.9611069537673029,0.0,0.055107910499999996,0.1001801985,8924.0,0.0
0.9160379671469729,0.0,0.049730184499999996,0.07800528000000001,8924.0,0.0
0.8264724886038958,0.0,0.04731849966666667,0.06304829133333334,8924.0,0.0
0.8272369215716827,0.0,0.049150263,0.05563107366666667,8924.0,0.0
0.9073216321794934,0.0,0.055311084,0.056210165,8924.0,0.0
0.9631964350945528,0.0010554465,0.0614681585,0.0521086835,8924.0,0.0
0.9665667519930468,0.063573933,0.058820875,0.043633042,8924.0,0.0
0.9629430049383795,0.210999958,0.051609626,0.036775502,8924.0,0.0
0.9648160961573394,0.284095894,0.054731038,0.033029932,8924.0,0.0
0.9633106503544391,0.361024907,0.058579643,0.042561183,8924.0,0.0
0.9605369413156826,0.3304001045,0.065155449,0.0618370055,8924.0,0.0
0.9649632897154194,0.142797214,0.07712683,0.070947858,8924.0,0.0
0.9749544638600159,0.017591768,0.085636952,0.077687453,8924.0,0.0
0.9770705890057717,0.0,0.090133127,0.085622374,8924.0,0.0
0.9675213824249451,0.0,0.09269854666666667,0.11399627066666666,8924.0,0.0
0.9199086162365704,0.0,0.0953098915,0.14934617,8924.0,0.0
0.8300686730922185,0.0,0.08024634133333335,0.16824751233333335,8924.0,0.0
0.8332712130306649,0.0,0.06290022266666667,0.14275860233333335,8924.0,0.0
0.9135195256944696,0.0,0.062327666,0.133076915,8924.0,0.0
0.9696591222189033,0.001732795,0.065743246,0.1244369675,8924.0,0.0
0.9724080730828323,0.145997033,0.06176744,0.108460014,8924.0,0.0
0.9692709740192609,0.313527708,0.047523209,0.09677435,8924.0,0.0
0.9682134435670787,0.421608464,0.050580572,0.09211601,8924.0,0.0
0.9646266399363077,0.47761385,0.049779967,0.077521691,8924.0,0.0
0.9629700354496249,0.37439846349999995,0.065088871,0.067030713,8924.0,0.0
0.9666485690922433,0.174230512,0.089731437,0.067234847,8924.0,0.0
0.974710849795716,0.039134556,0.107693358,0.073867458,8924.0,0.0
0.9800092377490957,0.0,0.1211356,0.083723011,8924.0,0.0
0.9785001654964239,0.0,0.127585313,0.089739775,8924.0,0.0
0.963429507698309,0.0,0.1301475555,0.11329244999999999,8924.0,0.0
0.9183778323181286,0.0,0.127426302,0.13228791899999998,8924.0,0.0
0.8269552277184875,0.0,0.1393927035,0.17276354175,8924.0,0.0
0.8363301377128006,0.0,0.14069232,0.22544412749999998,8924.0,0.0
0.9107996364134211,0.0,0.14105849,0.261077298,8924.0,0.0
0.9653376566974865,0.001380286,0.137504402,0.293859866,8924.0,0.0
0.9678665425929657,0.05133528,0.128413036,0.321635988,8924.0,0.0
0.9649199632046567,0.104928139,0.11288707,0.332620742,8924.0,0.0
0.9638010216160836,0.152596077,0.108447608,0.349205633,8924.0,0.0
0.9641974061414853,0.157426276,0.127453979,0.364792524,8924.0,0.0
0.9649620324228436,0.0754077655,0.1376203525,0.401184635,8924.0,0.0
0.9739954812160955,0.014957021,0.145269106,0.436876368,8924.0,0.0
0.9770705890057717,0.0,0.160346859,0.468794288,8924.0,0.0
0.9769441883000266,0.0,0.166471295,0.498122544,8924.0,0.0
0.9626080959653603,0.0,0.16618440750000002,0.5161644544999999,8924.0,0.0
0.9166702129244322,0.0,0.155074602,0.515970789,8924.0,0.0
0.820123874761863,0.0,0.145548176,0.505352016,8924.0,0.0
0.8278594155420668,0.0,0.13745352400000002,0.4592533903333333,8924.0,0.0
0.8765467654964202,0.005835322,0.140191985,0.439216708,8924.0,0.0
0.892436900579836,0.088994996,0.134216436,0.414213431,8924.0,0.0
0.8979511469143903,0.172877205,0.121841591,0.394892258,8924.0,0.0
0.900111468777165,0.264679502,0.11115539399999999,0.3652888135,8924.0,0.0
0.8989987164371134,0.309909571,0.11730447299999999,0.356931365,8924.0,0.0
0.9000164021875082,0.248946631,0.12657665,0.375617285,8924.0,0.0
0.9069603214399119,0.140532702,0.138325901,0.392751562,8924.0,0.0
0.9234051888064335,0.022493289,0.157977537,0.42128303,8924.0,0.0
0.9249937576082854,0.0,0.173736219,0.45509401,8924.0,0.0
0.9233656339766083,0.0,0.176930061,0.477418458,8924.0,0.0
0.9152921349199071,0.0,0.18797157866666667,0.4981813396666667,8924.0,0.0
0.8493326871735049,0.0,0.18273304,0.5268569453333333,8924.0,0.0
0.8188359842226576,0.0,0.17997178375,0.58614013675,8924.0,0.0
0.848943168920503,0.0021695876666666665,0.21034420899999998,0.7100405336666666,8924.0,0.0
0.89455824814387,0.133612918,0.20009814,0.745817987,8924.0,0.0
0.9034728397900419,0.284940747,0.187072793,0.757946487,8924.0,0.0
0.9019482935305103,0.4441125185,0.186535795,0.7416742805000001,8924.0,0.0
0.9007063358308098,0.5164622274999999,0.1866691305,0.762548276,8924.0,0.0
0.9008157155619475,0.422340207,0.194459159,0.791013802,8924.0,0.0
0.9092407577423425,0.286624695,0.207781677,0.798909751,8924.0,0.0
0.9235884555821535,0.065176159,0.221706265,0.7981566,8924.0,0.0
0.925164741920579,0.0,0.234561467,0.808729583,8924.0,0.0
0.9235779139248197,0.0,0.248717762,0.830438761,8924.0,0.0
0.916791762030229,0.0,0.2699727996666666,0.8376253266666667,8924.0,0.0
0.8634395267989508,0.0,0.31633075850000003,0.8341038464999999,8924.0,0.0
0.8345646466512167,0.0,0.315465738,0.8241871139999999,8924.0,0.0
0.9194000151181314,0.0,0.327326274,0.790480329,8924.0,0.0
0.9773601405931833,0.006943681,0.331631637,0.773971002,8924.0,0.0
0.9798495684796146,0.29275222,0.312768463,0.746225843,8924.0,0.0
0.9708204717015945,0.445421019,0.284986879,0.725945608,8924.0,0.0
0.971154510074777,0.547640108,0.268788314,0.701530242,8924.0,0.0
0.9673492374440631,0.573397418,0.2485782415,0.6801319914999999,8924.0,0.0
0.9663318415656299,0.42015344600000004,0.2799267735,0.7337931645,8924.0,0.0
0.9690920594555629,0.230497195,0.337367619,0.794593309,8924.0,0.0
0.9798480213150769,0.08352894,0.379489601,0.83166149,8924.0,0.0
0.9835518446628478,0.0,0.402718899,0.868054638,8924.0,0.0
0.9746716821178071,0.0,0.41221553299999997,0.8853252890000002,8924.0,0.0
0.9246215665354391,0.0,0.41985679649999996,0.8708127685,8924.0,0.0
0.8391893873180925,0.0,0.418042308,0.858662075,8924.0,0.0
0.836105865763495,0.0,0.41778145850000004,0.8556195135,8924.0,0.0
0.9487559437886635,0.0,0.4350214315,0.8298263155,8924.0,0.0
0.9914628700585509,0.012544044,0.430849387,0.810773038,8924.0,0.0
0.9883751901302765,0.144163937,0.427439733,0.795847758,8924.0,0.0
0.9812216987627879,0.266421739,0.455230166,0.780733105,8924.0,0.0
0.9807855341483807,0.391520473,0.435081731,0.773333272,8924.0,0.0
0.9784358204805655,0.4307562626666666,0.39697307200000004,0.7545398543333334,8924.0,0.0
0.9791526718087323,0.349654727,0.362692575,0.755899748,8924.0,0.0
0.9854030791816616,0.257357972,0.330325406,0.761830433,8924.0,0.0
0.9974494510459296,0.089502661,0.323902793,0.766730612,8924.0,0.0
1.0,0.0,0.321034915,0.764725172,8924.0,0.0
0.9893543850954476,0.0,0.30232529799999996,0.745877594,8924.0,0.0
0.934135473874475,0.0,0.2961028455,0.7241482585,8924.0,0.0
0.853569031357105,0.0,0.2848191566666667,0.6945920286666666,8924.0,0.0
0.8588465621733515,0.0,0.27423422933333336,0.6793455456666667,8924.0,0.0
0.9603795447761998,0.0,0.2719242925,0.6858407664999999,8924.0,0.0
0.9982226523289782,0.017093824,0.262268387,0.686430455,8924.0,0.0
0.9901138535713094,0.230386554,0.244828142,0.688286475,8924.0,0.0
0.9839620912209998,0.38001769,0.236781563,0.692070748,8924.0,0.0
0.9836616110867248,0.501981401,0.216892312,0.673981025,8924.0,0.0
0.9795359039268384,0.5393495846666666,0.22623482566666667,0.6597802716666666,8924.0,0.0
0.9781412721276364,0.403851009,0.253470247,0.668630671,8924.0,0.0
0.9841630557328186,0.279050981,0.248893543,0.680881529,8924.0,0.0
0.9957302261470883,0.103821205,0.260300653,0.689469115,8924.0,0.0
0.9994588072761064,0.001052301,0.273548973,0.694555144,8924.0,0.0
0.9951002530996272,0.0,0.27715347349999997,0.691221388,8924.0,0.0
0.946523475752996,0.0,0.27642107699999996,0.6805733006666667,8924.0,0.0
0.838977542473009,0.0,0.279577228,0.676295079,9732.5,0.0
0.8340725732527533,0.0,0.27605593500000003,0.6540355172500001,10541.0,0.0
0.9462225606467864,0.0,0.267804077,0.6554052845,10541.0,0.0
0.9885915318281777,0.014739299,0.24928812,0.648427267,10541.0,0.0
0.9842504821398228,0.171643533,0.223275147,0.63609648,10541.0,0.0
0.9780927235921759,0.273249733,0.196611564,0.619204082,10541.0,0.0
0.973910569394243,0.357763895,0.166075643,0.563049424,10541.0,0.0
0.9675258310641642,0.41610081666666665,0.16225659466666667,0.5537648886666666,10541.0,0.0
0.9685451125862758,0.291324072,0.171181159,0.560379523,10541.0,0.0
0.9809217991595974,0.10555602,0.175980962,0.57069717,10541.0,0.0
0.9875589041916187,0.0006581895,0.1795670705,0.576452147,10541.0,0.0
0.9710326064186399,0.0,0.1770221535,0.585012351,10541.0,0.0
0.9194127810950747,0.0,0.18239483750000002,0.597058136,10541.0,0.0
0.8249934285619548,0.0,0.17522369299999999,0.5736043236666667,10541.0,0.0
0.8264761957376482,0.0,0.170996909,0.5612167246666667,10541.0,0.0
0.9342668551433446,0.0,0.1716091185,0.579362426,10541.0,0.0
0.9770499897949917,0.016856331,0.166578083,0.57858156,10541.0,0.0
0.9715819710523012,0.1800291,0.159700895,0.573606543,10541.0,0.0
0.9669325113718472,0.309636414,0.14208648,0.559973556,10541.0,0.0
0.9664334846869181,0.4181783735,0.126923454,0.5016483845,10541.0,0.0
0.9650040048202531,0.44271966949999997,0.12079759300000001,0.466528797,10541.0,0.0
0.9667389934011259,0.2903848535,0.132643312,0.484789484,10541.0,0.0
0.9799111732575605,0.041095338,0.14371346699999998,0.5186318560000001,10541.0,0.0
0.9702674160709769,0.0,0.131172801,0.5041598753333333,10541.0,0.0
0.9165508236566564,0.0,0.104439189,0.402274028,10541.0,0.0
0.8131430249687616,0.0,0.084600934,0.3124850926666667,10541.0,0.0
0.811449773568534,0.0,0.0849738078,0.325104994,10541.0,0.0
0.8660710710563502,0.016252624,0.078919498,0.331919715,10541.0,0.0
0.8858456368405196,0.133474131,0.057992435499999995,0.292431004,10541.0,0.0
0.893395980044534,0.231470219,0.044800606,0.276869397,10541.0,0.0
0.8936956217213713,0.266974371,0.03989990200000001,0.21385465233333334,10541.0,0.0
0.8987643865407811,0.1455362175,0.0390848305,0.18245864950000001,10541.0,0.0
0.9181765289335887,0.016038490000000002,0.0534834405,0.19725768100000002,10541.0,0.0
0.9106748070774081,0.0,0.0599221275,0.18400192175000002,10541.0,0.0
0.8374000149132073,0.0,0.05554703333333333,0.12373470766666668,10541.0,0.0
0.8046239839495269,0.0,0.06399832625,0.138065423,10541.0,0.0
0.8352178687550723,0.005154732666666667,0.07317966566666666,0.17860839633333334,10541.0,0.0
0.8795652972848734,0.084758901,0.064432796,0.173012594,10541.0,0.0
0.8914723090216884,0.186175568,0.058029067,0.164504141,10541.0,0.0
0.8937907527926162,0.3158918055,0.068667532,0.16557709399999998,10541.0,0.0
0.8922790691340153,0.3067121375,0.078894252,0.17192160950000002,10541.0,0.0
0.8976802604836915,0.17153729899999998,0.0894020955,0.211340199,10541.0,0.0
0.9171071999250773,0.047516008,0.116819466,0.253508423,10541.0,0.0
0.9180134266591011,0.001190473,0.1455804625,0.294466002,10541.0,0.0
0.9041957516003438,0.0,0.14651209966666667,0.3043260506666667,10541.0,0.0
0.8306480018870038,0.0,0.12851072775,0.30756832025,10541.0,0.0
0.8191862137061818,0.0,0.15295008,0.3599774,10541.0,0.0
0.9258302558681938,0.0,0.18866447349999999,0.433117211,10541.0,0.0
0.9670830897213353,0.025195392,0.199544218,0.48890031,10541.0,0.0
0.9625231839467177,0.142268946,0.1943832185,0.5013607714999999,10541.0,0.0
0.9621820375115784,0.2734621015,0.2065251535,0.4974324055,10541.0,0.0
0.9602130573167238,0.2748549065,0.21934199100000001,0.496912826,10541.0,0.0
0.9621180631828565,0.15483125749999999,0.231207037,0.533951791,10541.0,0.0
0.9718490858020624,0.037987142,0.248971921,0.550411386,10541.0,0.0
0.9743255064467675,0.000884318,0.26685398299999996,0.5582287425,10541.0,0.0
0.9557894653572923,0.0,0.2504278045,0.5596452655,10541.0,0.0
0.9081631113961068,0.0,0.22985929,0.5329862565000001,10541.0,0.0
0.8172715690561445,0.0,0.222669251,0.4782439915,10541.0,0.0
0.8117895155317083,0.0,0.21686287125,0.42921298125,10541.0,0.0
0.8954339629512531,0.0,0.221088426,0.414546331,10541.0,0.0
0.9530126615958798,0.0172368285,0.2259048235,0.40832524449999996,10541.0,0.0
0.9560970533567336,0.102378132,0.199922109,0.377534506,10541.0,0.0
0.9537451479708852,0.16789151600000002,0.1839705505,0.326720667,10541.0,0.0
0.9481835619830576,0.2391218765,0.185790709,0.2653712665,10541.0,0.0
0.9472607491807645,0.19052272599999998,0.1991366135,0.2771810805,10541.0,0.0
0.95156828864702,0.112675488,0.222972152,0.344712167,10541.0,0.0
0.9611659473361098,0.050461532,0.250391669,0.415283206,10541.0,0.0
0.9648323435496778,0.003245955,0.268517339,0.485929225,10541.0,0.0
0.9627748250831996,0.0,0.2669171355,0.5309861025,10541.0,0.0
0.9157165010435818,0.0,0.240848386,0.5033090459999999,10541.0,0.0
0.8109038517662697,0.0,0.2176413443333333,0.44258935866666665,10541.0,0.0
0.8123197918769325,0.0,0.24084293666666667,0.5532654786666668,10541.0,0.0
0.9166091400703917,0.0,0.25869519900000004,0.5982796355,10541.0,0.0
0.9563750966533582,0.022598683,0.244011793,0.599708781,10541.0,0.0
0.9539264802989575,0.078000335,0.218310579,0.578483657,10541.0,0.0
0.9517051341893213,0.13878416,0.202429683,0.538680656,10541.0,0.0
0.9490920614470797,0.21590967449999998,0.185520187,0.4612669065,10541.0,0.0
0.9475866154473891,0.2304563075,0.180035272,0.445237766,10541.0,0.0
0.9505834841772511,0.1510057345,0.1959593705,0.49879795400000004,10541.0,0.0
0.9642292559790863,0.049098767,0.227770947,0.543075924,10541.0,0.0
0.9699763814726321,0.002526177,0.251674737,0.571017624,10541.0,0.0
0.9701941739078738,0.0,0.248806997,0.569643245,10541.0,0.0
0.9525793980625736,0.0,0.2216774045,0.518766945,10541.0,0.0
0.9058393969933022,0.0,0.191039807,0.438082897,10541.0,0.0
0.8171625280009378,0.0,0.168331917,0.3752327015,10541.0,0.0
0.811323890243899,0.0,0.15635225925000001,0.34213149924999997,10541.0,0.0
0.9190784522595596,0.0,0.16044189650000001,0.365758301,10541.0,0.0
0.9614020176449546,0.048305704,0.157009561,0.368421141,10541.0,0.0
0.9596402404079898,0.1912873295,0.14333208349999998,0.350455113,10541.0,0.0
0.9586840626147635,0.3107402925,0.127342881,0.336276441,10541.0,0.0
0.9566340390997714,0.31833325749999997,0.1159060665,0.37985436100000003,10541.0,0.0
0.9580359563344951,0.2139594755,0.13047917950000001,0.42216492299999997,10541.0,0.0
0.9695257582887874,0.0341573795,0.1732722785,0.441321332,10541.0,0.0
0.9700140986755873,0.0,0.182088913,0.434814096,10541.0,0.0
0.9522262108223711,0.0,0.16476108849999999,0.3993429165,10541.0,0.0
0.9063626499291533,0.0,0.148902735,0.35619650049999996,10541.0,0.0
0.8088743672770555,0.0,0.14901391325000002,0.38610985625000005,10541.0,0.0
0.8174153778228166,0.0,0.1517917935,0.4021384275,10541.0,0.0
0.8927514035900497,0.0,0.153384106,0.415477474,10541.0,0.0
0.950316659693032,0.015316514,0.1477503655,0.43555352550000004,10541.0,0.0
0.9566127629307097,0.12338193650000001,0.10877655750000001,0.4197953045,10541.0,0.0
0.9524815914317948,0.2550416953333334,0.07821337433333332,0.3415348943333334,10541.0,0.0
0.9515428053003123,0.2164505,0.08112264,0.3251567225,10541.0,0.0
0.9632625367253164,0.081656336,0.0862492945,0.3136373,10541.0,0.0
0.9698106517210157,0.0015348623333333335,0.10250851666666667,0.29465184699999997,10541.0,0.0
0.9350158789794407,0.0,0.0836201275,0.22701481,10541.0,0.0
0.8953202312048837,0.0,0.06717718,0.169717807,10541.0,0.0
0.8156368936884009,0.0,0.062260695,0.17186783449999998,10541.0,0.0
0.7999506001895004,0.0,0.05884319375000001,0.17743496525,10541.0,0.0
0.8176216373684967,0.000537422,0.056166197,0.16241019699999998,10541.0,0.0
0.8684940590296673,0.0930197605,0.041340863000000005,0.148421929,10541.0,0.0
0.8879499148227671,0.253568593,0.025382314,0.141604666,10541.0,0.0
0.8897680744193998,0.39532397,0.027327982,0.187622775,10541.0,0.0
0.8876623456998116,0.476925511,0.029181951999999997,0.17825242,10541.0,0.0
0.88544781758338,0.39220553199999997,0.025659131,0.1773141755,10541.0,0.0
0.9030740537026588,0.1783793585,0.0366189175,0.21349080399999998,10541.0,0.0
0.9161007323967174,0.004648885,0.048796399000000004,0.2677456145,10541.0,0.0
0.9086780471910239,0.0,0.0499910205,0.28270909,10541.0,0.0
0.878649641348506,0.0,0.050542307,0.26773090099999997,10541.0,0.0
0.8149910843433252,0.0,0.0552299805,0.270867377,10541.0,0.0
0.797916691331858,0.0,0.07103813875000001,0.29994227149999997,10541.0,0.0
0.8282936462336,0.023819661000000002,0.09626834133333333,0.36987273499999995,10541.0,0.0
0.8709070858767348,0.184302397,0.093364751,0.384655688,10541.0,0.0
0.8825498355345007,0.371027601,0.0894405815,0.39426789500000003,10541.0,0.0
0.8765419301644617,0.48484550449999997,0.0891250905,0.392200171,10541.0,0.0
0.8760215302929032,0.426192583,0.09761097399999999,0.43907016649999997,10541.0,0.0
0.8916843953283451,0.203945168,0.1370451925,0.4970123145,10541.0,0.0
0.9018682172374066,0.0037110435,0.186735335,0.565431038,10541.0,0.0
0.8837417777590071,0.0,0.20540811866666667,0.590547994,10541.0,0.0
0.8291911529315577,0.0,0.2199314915,0.548337007,10541.0,0.0
0.7924237255941451,0.0,0.22296644166666668,0.5275209443333334,10541.0,0.0
0.8031781963743276,0.0,0.232339648,0.573608557,10541.0,0.0
0.8793608511608692,0.0,0.237611547,0.552658168,10541.0,0.0
0.9358038771142773,0.0360127675,0.23687945100000002,0.5262031545,10541.0,0.0
0.9424041835599883,0.1670578375,0.19948334750000002,0.48038039050000003,10541.0,0.0
0.9410278949031383,0.3286025925,0.129230118,0.372230759,10541.0,0.0
0.939779844185323,0.3422432835,0.10122091899999999,0.294255968,10541.0,0.0
0.9427418969901212,0.1998130635,0.091698314,0.2764063135,10541.0,0.0
0.9520875278499898,0.081673387,0.09172812,0.284798496,10541.0,0.0
0.9538490152149928,0.0024038865,0.0823500195,0.253682931,10541.0,0.0
0.9222013995496124,0.0,0.07331247733333333,0.21162803600000002,10541.0,0.0
0.8409435243724048,0.0,0.1102269395,0.213291149,10541.0,0.0
0.7953674839949636,0.0,0.15807675599999998,0.344850098,10541.0,0.0
0.7895160079405836,0.0,0.199690011,0.4775136755,10541.0,0.0
0.8522317330701952,0.0,0.2401742815,0.5440486769999999,10541.0,0.0
0.9394972074118935,0.041038447000000006,0.2710555235,0.63127395,10541.0,0.0
0.944797819881673,0.21334882700000002,0.2474544635,0.6594554005,10541.0,0.0
0.945572230243699,0.300911045,0.225157127,0.6491865,10541.0,0.0
0.9457079633310103,0.3668723675,0.22962981249999997,0.6757825045,10541.0,0.0
0.945232679186696,0.360658207,0.2657876025,0.71573116,10541.0,0.0
0.9533394950863283,0.22291169900000002,0.28932468899999997,0.7370480185,10541.0,0.0
0.9608246070626255,0.009499865,0.3234021575,0.7387008180000001,10541.0,0.0
0.931738033729454,0.0,0.30863584433333335,0.7207403386666668,10541.0,0.0
0.8497562312389253,0.0,0.27928435149999997,0.6785234355,10541.0,0.0
0.8036738140626545,0.0,0.2686989065,0.6819326145,10541.0,0.0
0.8110535597783081,0.0,0.26205308099999997,0.6883426663333333,10541.0,0.0
0.9177633328839472,0.0024684145,0.2351290935,0.6729833430000001,10541.0,0.0
0.9595595839773818,0.10279608,0.202640422,0.647399312,10541.0,0.0
0.9550868143442263,0.217186903,0.18190244,0.625594051,10541.0,0.0
0.9558110802022849,0.3322665,0.163100575,0.5997986,10541.0,0.0
0.9539387625655937,0.4975177715,0.1303096975,0.5311767439999999,10541.0,0.0
0.9520945394847494,0.535179357,0.1158517735,0.46918333349999997,10541.0,0.0
0.9545932033255498,0.4108252215,0.09495770349999999,0.4470434755,10541.0,0.0
0.9675110344091664,0.229104272,0.10726813,0.434973685,10541.0,0.0
0.9719265510828174,0.031547036,0.129741863,0.446442895,10541.0,0.0
0.9693590293677385,0.0,0.1408625725,0.4820385005,10541.0,0.0
0.9374531800942386,0.0,0.139965034,0.5177585330000001,10541.0,0.0
0.8617837927153142,0.0,0.14385694599999999,0.512364577,10541.0,0.0
0.8118905900277189,0.0,0.147570812,0.5140430545,10541.0,0.0
0.8089603792545106,0.0,0.160393574,0.560932829,10541.0,0.0
0.8705075258135025,0.0,0.168849321,0.6245359985,10541.0,0.0
0.9500255605475023,0.008166836,0.169955875,0.675614557,10541.0,0.0
0.9668866706695132,0.157198562,0.15537896,0.692960975,10541.0,0.0
0.9620700947849002,0.291246673,0.113038598,0.683524036,10541.0,0.0
0.9610908029989518,0.436675404,0.112305973,0.662838019,10541.0,0.0
0.9611609183625967,0.582766786,0.1053846895,0.596924182,10541.0,0.0
0.9607193859019547,0.5852032555,0.116960564,0.6040218235,10541.0,0.0
0.9618299623327856,0.44529440249999996,0.1441165115,0.6650510485000001,10541.0,0.0
0.9728341801437932,0.251253112,0.188058077,0.715667364,10541.0,0.0
0.9764199681403517,0.0179185355,0.2406914585,0.7741119635,10541.0,0.0
0.9609563270074262,0.0,0.24431587700000001,0.805118326,10541.0,0.0
0.9153231304912579,0.0,0.236052005,0.7895345645,10541.0,0.0
0.8202324613891442,0.0,0.22717610533333335,0.7615936773333333,10541.0,0.0
0.8242599108095211,0.0,0.24069365566666667,0.7725299576666668,10541.0,0.0
0.9336944733377388,0.007977857,0.24724967599999997,0.8125779745,10541.0,0.0
0.973893354974871,0.262347083,0.225114557,0.817306162,10541.0,0.0
0.9668771928599904,0.474158299,0.181073384,0.800192139,10541.0,0.0
0.9648597127368543,0.702708356,0.163081292,0.7602626180000001,10541.0,0.0
0.9632958052890523,0.809719824,0.174905076,0.7201495545000001,10541.0,0.0
0.9630765139028715,0.6822270945,0.189907432,0.728411642,10541.0,0.0
0.9675864684214962,0.471168696,0.21295239,0.770373124,10541.0,0.0
0.9754627749097029,0.288712915,0.228268573,0.800959469,10541.0,0.0
0.9797781962169742,0.066421551,0.254722179,0.828265471,10541.0,0.0
0.9804282851584887,0.0,0.267224978,0.829547403,10541.0,0.0
0.9648536683259186,0.0,0.270450554,0.8041065425,10541.0,0.0
0.9163161550843931,0.0,0.272456346,0.754549695,10541.0,0.0
0.8225344161093703,0.0,0.297275902,0.722871941,10541.0,0.0
0.8095410541139302,0.0,0.33067327280000003,0.7127534971999999,10541.0,0.0
0.8377226739587793,0.010420119,0.339269745,0.739739936,10541.0,0.0
0.8681745272427304,0.127821096,0.320563276,0.725425638,10541.0,0.0
0.8795795138023671,0.227664863,0.30137441,0.701483712,10541.0,0.0
0.8927346244705958,0.351899039,0.28881086349999996,0.6375785064999999,10541.0,0.0
0.8930646977180763,0.4260153885,0.315103107,0.5842490475,10541.0,0.0
0.8921679483999947,0.362891685,0.350456046,0.5901223255,10541.0,0.0
0.9084467153933602,0.198027849,0.422093085,0.6390747925,10541.0,0.0
0.918882565131643,0.027208499,0.5018729725,0.676658659,10541.0,0.0
0.9082011509414064,0.0,0.5555586826666666,0.649805393,10541.0,0.0
0.8331573281159246,0.0,0.5843694665,0.62237591925,10541.0,0.0
0.8183016822256258,0.0033558192,0.6421773684,0.6480200692,10541.0,0.0
0.8685747158538556,0.162652751,0.627759829,0.632996362,10541.0,0.0
0.8783639580660192,0.269673216,0.606038491,0.610548419,10541.0,0.0
0.8899953442705838,0.39846963,0.558924566,0.592436667,10541.0,0.0
0.8879419845713626,0.46875693,0.532273988,0.575177527,10541.0,0.0
0.8806629630979654,0.5281639425,0.5758658725000001,0.5777808504999999,10541.0,0.0
0.8765238935556419,0.4617478365,0.6137506690000001,0.593180737,10541.0,0.0
0.8858750853129295,0.371442092,0.633562335,0.608772715,10541.0,0.0
0.90452611524456,0.24978232,0.600130068,0.61886038,10541.0,0.0
0.9161654317005291,0.064876543,0.579348771,0.609431826,10541.0,0.0
0.9160352593138466,0.0,0.566677978,0.612213565,10541.0,0.0
0.9040697699265272,0.0,0.5510553326666666,0.6393561013333334,10541.0,0.0
0.8699455886476627,0.0,0.588001473,0.660164735,10541.0,0.0
0.8161866815193832,0.0,0.56279423175,0.66878703875,10541.0,0.0
0.8254754826170686,0.0,0.560939181,0.7078269845,10541.0,0.0
0.9263836824483349,0.010500281,0.529022868,0.725201448,10541.0,0.0
0.9644986920660249,0.115987868,0.515166997,0.721121297,10541.0,0.0
0.9560970533567336,0.205118042,0.513952035,0.706899935,10541.0,0.0
0.9527166302976142,0.356194937,0.525280494,0.682887079,10541.0,0.0
0.9475182412834172,0.481583416,0.511612287,0.616115197,10541.0,0.0
0.9457222766692814,0.629508479,0.5686501975,0.64896802,10541.0,0.0
0.9439679459734143,0.589644057,0.5912448585000001,0.6866745304999999,10541.0,0.0
0.9480955068313703,0.40082138,0.583327095,0.717889015,10541.0,0.0
0.9579277854855448,0.221905046,0.548056966,0.731547856,10541.0,0.0
0.9635023791086789,0.060525094,0.518546627,0.750078296,10541.0,0.0
0.9652810808930539,0.0,0.48637013399999995,0.7674208140000001,10541.0,0.0
0.9330267350705144,0.0,0.4425547395,0.7638200815,10541.0,0.0
0.8580916230862867,0.0,0.4222376535,0.7319230935,10541.0,0.0
0.809929371435069,0.0,0.3531971465,0.7113581245,10541.0,0.0
0.8066351416955724,0.0,0.328829136,0.7391529210000001,10541.0,0.0
0.867997014809194,0.0,0.2948604715,0.779169844,10541.0,0.0
0.9474079911492332,0.040940161,0.251532847,0.782206323,10541.0,0.0
0.9616874110554795,0.225378284,0.204135106,0.754433079,10541.0,0.0
0.9561327396848439,0.342623589,0.160040409,0.708062831,10541.0,0.0
0.9527166302976142,0.461682262,0.158286176,0.646673195,10541.0,0.0
0.9492310830953921,0.525197276,0.140518991,0.545483265,10541.0,0.0
0.9456826736258576,0.5122949889999999,0.144633021,0.4669614645,10541.0,0.0
0.9434867138453613,0.3280936145,0.1423284135,0.421871128,10541.0,0.0
0.9476660149790015,0.194331777,0.146092335,0.421068786,10541.0,0.0
0.9664255542387233,0.123957364,0.188791643,0.443243772,10541.0,0.0
0.9745420899998222,0.048318621,0.254304268,0.473825252,10541.0,0.0
0.9740618247020126,0.0,0.303565044,0.501105852,10541.0,0.0
0.959323319830192,0.0,0.36179606799999997,0.501992265,10541.0,0.0
0.9163229734711782,0.0,0.41815761900000004,0.484116106,10541.0,0.0
0.8217061217704352,0.0,0.4656521253333333,0.5062277723333333,10541.0,0.0
0.8093231891418216,0.0,0.489243076,0.57037145,10541.0,0.0
0.8706279789290894,0.0,0.48821307599999997,0.6451879734999999,10541.0,0.0
0.947003643967641,0.030276925,0.472670638,0.646819041,10541.0,0.0
0.9613218445310733,0.162525054,0.448424727,0.615221919,10541.0,0.0
0.9508183944078779,0.283423711,0.406356228,0.569621254,10541.0,0.0
0.945129198832118,0.386630124,0.380025913,0.54512701,10541.0,0.0
0.942499250149645,0.513112536,0.4049369,0.499635775,10541.0,0.0
0.9417466964877652,0.5364187739999999,0.3859471335,0.5452144255,10541.0,0.0
0.9393408745234316,0.39915906,0.3537968625,0.6118395084999999,10541.0,0.0
0.9464023940239197,0.194519971,0.3416686825,0.7151653505,10541.0,0.0
0.95412473697765,0.042669799,0.369577023,0.788512413,10541.0,0.0
0.9525922604667141,0.0,0.377846365,0.803388529,10541.0,0.0
0.9253762801009371,0.0,0.359623402,0.785737271,10541.0,0.0
0.8488040667849996,0.0,0.333224745,0.7185364995,10541.0,0.0
0.8040988572758043,0.0,0.3060120355,0.6302081070000001,10541.0,0.0
0.8109968228027032,0.0,0.343818851,0.5562022343333334,10541.0,0.0
0.9159871940951126,0.0352498285,0.36652475500000004,0.5609781505,10541.0,0.0
0.9553518013983654,0.181899507,0.313179598,0.569644301,10541.0,0.0
0.9503592124247356,0.276120071,0.307458493,0.552324093,10541.0,0.0
0.9470760800780924,0.391535129,0.330675315,0.515553338,10541.0,0.0
0.9447983516087883,0.5264443015,0.317022262,0.459020247,10541.0,0.0
0.9422444174697298,0.534286346,0.3108895465,0.4723926465,10541.0,0.0
0.9435464809964371,0.44112579350000003,0.2233581045,0.4479262055,10541.0,0.0
0.9530060854578287,0.281655035,0.151959587,0.412723859,10541.0,0.0
0.9578769156129069,0.099096594,0.151545771,0.386863016,10541.0,0.0
0.9617266754229725,0.0,0.150525215,0.357205459,10541.0,0.0
0.9376636546235758,0.0,0.11809614666666668,0.29994987733333334,10541.0,0.0
0.8888092854170343,0.0,0.090554996,0.222206832,10541.0,0.0
0.8168118069354984,0.0,0.0696207135,0.1556550545,10541.0,0.0
0.8131151521626699,0.0,0.05419402575,0.121690862,10541.0,0.0
0.920358175572604,0.021642341,0.0743606335,0.0717348675,10541.0,0.0
0.9576871693231231,0.152170314,0.073221664,0.051123167,10541.0,0.0
0.9489077794307275,0.2989641795,0.0778363975,0.050457285500000004,10541.0,0.0
0.9455386714800174,0.5329073396666667,0.12799493833333334,0.08526175766666666,10541.0,0.0
0.9428638492534374,0.4277650465,0.1826577585,0.1626788405,10541.0,0.0
0.9524136361685582,0.184778627,0.222516206,0.245652247,10541.0,0.0
0.9625483288142844,0.0179953925,0.29217883499999997,0.34188651000000003,10541.0,0.0
0.9473686299609629,0.0,0.308453988,0.4388698045,10541.0,0.0
0.8997828460702351,0.0,0.3060377915,0.4827775635,10541.0,0.0
0.800354318757603,0.0,0.3137997413333333,0.539229668,10541.0,0.0
0.7910920042102569,0.0,0.3230435945,0.60668291975,10541.0,0.0
0.8330505837991203,0.080695991,0.314294863,0.678286426,10541.0,0.0
0.8676934401490535,0.22384603050000002,0.2813738065,0.7012092295,10541.0,0.0
0.8753080959641403,0.356668902,0.236188431,0.637607892,10541.0,0.0
0.8739092736488625,0.408096709,0.23173549,0.6469616425,10541.0,0.0
0.8723635476474664,0.337844398,0.2362227515,0.6438070565,10541.0,0.0
0.8871962973130763,0.1576989735,0.24660428350000002,0.6285974775000001,10541.0,0.0
0.8959656294552353,0.028402384500000002,0.291631082,0.638129706,10541.0,0.0
0.8874304337646438,0.0,0.310940449,0.631324867,10541.0,0.0
0.8550634682571445,0.0,0.2908166545,0.589368663,10541.0,0.0
0.7985222811882141,0.0,0.2842451115,0.5654389385,10541.0,0.0
0.7798266837212346,0.0,0.2954042043333333,0.5532350696666667,10541.0,0.0
0.809638763937051,0.02502433666666667,0.3016007526666667,0.6041404223333333,10541.0,0.0
0.85620001174499,0.18394355,0.267704635,0.61557122,10541.0,0.0
0.8682014127195996,0.338066261,0.224009096,0.583189307,10541.0,0.0
0.8646075494372606,0.474306015,0.217365161,0.539010059,10541.0,0.0
0.8527177199774187,0.64423298,0.22447985733333334,0.47777526466666664,10541.0,0.0
0.8531861218437302,0.593349814,0.233548021,0.5262017035,10541.0,0.0
0.870321889683797,0.428896688,0.235305261,0.562627424,10541.0,0.0
0.8735301677620342,0.264468973,0.25534867,0.590911556,10541.0,0.0
0.8793192654561991,0.126736683,0.293375413,0.626605726,10541.0,0.0
0.8844023759530693,0.001656256,0.316271731,0.639980324,10541.0,0.0
0.8640829265792437,0.0,0.31987799766666664,0.633504696,10541.0,0.0
0.8045178399412221,0.0,0.321774905,0.5965743695,10541.0,0.0
0.9150546136113349,0.00086478,0.31214224,0.5917653545,10541.0,0.0
0.9554739471064463,0.116796186,0.285354279,0.6014283,10541.0,0.0
0.950987444666104,0.228668659,0.257324998,0.591038459,10541.0,0.0
0.9502978012883447,0.353157571,0.213430106,0.559507132,10541.0,0.0
0.947922781712984,0.513017302,0.193991136,0.519558104,10541.0,0.0
0.9440690891164056,0.655761842,0.16761399566666668,0.44239276099999997,10541.0,0.0
0.9447918236843358,0.595357987,0.1706929625,0.4041799425,10541.0,0.0
0.95520663871513,0.426845655,0.174815167,0.395152751,10541.0,0.0
0.9585341610267667,0.292486086,0.192170682,0.394880039,10541.0,0.0
0.958243449164347,0.153509552,0.227198958,0.391964075,10541.0,0.0
0.9514322164901973,0.002735871,0.254231948,0.398126234,10541.0,0.0
0.9287352979622213,0.0,0.261555594,0.40026143950000004,10541.0,0.0
0.8900545312841556,0.0,0.255674219,0.414462204,10541.0,0.0
0.8175092837438847,0.0,0.2948641345,0.45318076500000004,10541.0,0.0
0.8139688894407253,0.0,0.26983219475,0.403358486,10541.0,0.0
0.9223533156788675,0.000942283,0.26375203999999997,0.37795907100000004,10541.0,0.0
0.9628880733160523,0.114871279,0.238622035,0.368873526,10541.0,0.0
0.9594417900877424,0.216683282,0.212239129,0.352743044,10541.0,0.0
0.9583676253536922,0.337786252,0.161156814,0.311536253,10541.0,0.0
0.9544113872871705,0.5212910905,0.14235847899999998,0.27888624900000003,10541.0,0.0
0.9490801176595842,0.6038196215,0.148389578,0.259858983,10541.0,0.0
0.9502856638592942,0.542498767,0.16411721950000002,0.245700212,10541.0,0.0
0.9618470799313803,0.426641884,0.182858755,0.254985591,10541.0,0.0
0.9665679122680549,0.298133571,0.205861023,0.274072381,10541.0,0.0
0.9704690252674848,0.153833883,0.229886189,0.308524242,10541.0,0.0
0.9646505275112985,0.003604106,0.252522838,0.352482277,10541.0,0.0
0.9247206466611869,0.0,0.24765100066666668,0.41014716333333334,10541.0,0.0
0.8223615941702065,0.0,0.22506243,0.4207792575,10541.0,0.0
0.8176635373471132,0.0,0.17934903400000002,0.39190683825000006,10541.0,0.0
0.9267824203221194,0.001711521,0.1516285515,0.36965960249999996,10541.0,0.0
0.9669031113098261,0.140047668,0.130296678,0.35298038,10541.0,0.0
0.9605256262728702,0.297332506,0.09373453,0.322977476,10541.0,0.0
0.9606538646054854,0.438664523,0.073206437,0.290522194,10541.0,0.0
0.957450712124749,0.592787444,0.0723678,0.272415467,10541.0,0.0
0.9506618682714413,0.7288900005000001,0.066837769,0.2476464095,10541.0,0.0
0.9467699426192016,0.7433714815,0.0814434495,0.255462114,10541.0,0.0
0.9537828165666613,0.564632569,0.0933155415,0.280024491,10541.0,0.0
0.9627350772021899,0.338877036,0.119316406,0.314915458,10541.0,0.0
0.9685705957361932,0.178618732,0.158232357,0.359386377,10541.0,0.0
0.9635641771345995,0.005119426,0.196431679,0.426119814,10541.0,0.0
0.9216189758681793,0.0,0.22035744000000002,0.5116927750000001,10541.0,0.0
0.8160163136523853,0.0,0.26140147199999997,0.5894529393333333,10541.0,0.0
0.8173915225214183,0.0,0.28111746,0.6227191186666666,10541.0,0.0
0.9241771814040852,0.001832099,0.294666683,0.6569625889999999,10541.0,0.0
0.9641076908020898,0.125233118,0.275999664,0.666177615,10541.0,0.0
0.9594486568849162,0.235486787,0.25841747,0.659557356,10541.0,0.0
0.9570675446850213,0.361194991,0.215807035,0.638547608,10541.0,0.0
0.9524823972220594,0.481568443,0.232326684,0.632437684,10541.0,0.0
0.9493541956337165,0.6092345594999999,0.2291467785,0.6008187115,10541.0,0.0
0.9461047187403387,0.6189712745,0.233979935,0.6260650415,10541.0,0.0
0.9533177836173484,0.4786891235,0.213838671,0.6309095525,10541.0,0.0
0.9613639139460503,0.298798928,0.197212761,0.621927747,10541.0,0.0
0.962841265193104,0.150180171,0.21742309,0.638268541,10541.0,0.0
0.9520500042885898,0.003037321,0.2260488175,0.6506192325,10541.0,0.0
0.9075487089794929,0.0,0.20005581,0.620985769,10541.0,0.0
0.8175789638076114,0.0,0.1814312815,0.576046369,10541.0,0.0
0.8065591593601539,0.0,0.14589866266666665,0.508394941,10541.0,0.0
0.8676184894534502,0.0,0.131108781,0.4478282415,10541.0,0.0
0.9488112623005204,0.006002974,0.130679707,0.426131874,10541.0,0.0
0.9644986920660249,0.147879985,0.118097725,0.39966687,10541.0,0.0
0.9577923906805841,0.291613719,0.089845864,0.364218322,10541.0,0.0
0.9523029025208574,0.452649503,0.072521345,0.326112323,10541.0,0.0
0.9465105164624814,0.575459728,0.066712418,0.29487953,10541.0,0.0
0.9434028174609312,0.676425108,0.0608855825,0.216919819,10541.0,0.0
0.9417204877723873,0.6587337630000001,0.072703172,0.18887850550000002,10541.0,0.0
0.9437492347247374,0.571093991,0.078123204,0.18713104,10541.0,0.0
0.9515218674136012,0.466661442,0.084968185,0.190621513,10541.0,0.0
0.9552709513262024,0.341884461,0.098569652,0.195169662,10541.0,0.0
0.9559596276769281,0.178460506,0.123666244,0.217812708,10541.0,0.0
0.9491492657994052,0.0041006,0.140252819,0.2536301395,10541.0,0.0
0.9082503927687351,0.0,0.1295644155,0.26185087949999997,10541.0,0.0
0.8160034752566492,0.0,0.1313319255,0.232668957,10541.0,0.0
0.7999987743316088,0.0,0.1161897935,0.2256534055,10541.0,0.0
0.8165253982843412,0.0042834075,0.096887905,0.220767725,10541.0,0.0
0.8582329654814056,0.15319468,0.07685024,0.212369315,10541.0,0.0
0.8709427718112649,0.3033107,0.050475007,0.181343002,10541.0,0.0
0.8805107403695817,0.445039669,0.036394356,0.162457463,10541.0,0.0
0.8776490731967057,0.547677391,0.03465952,0.160501346,10541.0,0.0
0.8741903146505753,0.630481197,0.036080126,0.17081779,10541.0,0.0
0.8722384363766963,0.6682460126666667,0.04657919666666666,0.22799398766666668,10541.0,0.0
0.8872254073063452,0.4932441875,0.055305929000000004,0.335027621,10541.0,0.0
0.8973762991308115,0.299054988,0.068560373,0.394686738,10541.0,0.0
0.899530334727497,0.165591434,0.080771304,0.420925891,10541.0,0.0
0.899634878733096,0.010310103,0.088693295,0.451911572,10541.0,0.0
0.8792932183055738,0.0,0.08436899800000001,0.45452091666666666,10541.0,0.0
0.7309809498653776,0.0,0.07023928774999999,0.39582642349999997,12446.0,0.0
0.7237168822823464,0.0,0.07642583650000001,0.4140380165,14351.0,0.0
0.7359302489312213,0.0046899545,0.0971614535,0.46766687949999997,14351.0,0.0
0.7629671052829327,0.124048639,0.10379394,0.479226498,14351.0,0.0
0.7882142828930171,0.229598289,0.100612637,0.479894637,14351.0,0.0
0.8096471937731718,0.344462785,0.086764182,0.487318751,14351.0,0.0
0.8084799933243098,0.443278818,0.084112705,0.48920617,14351.0,0.0
0.8070120712795996,0.550762899,0.071873644,0.45636756700000003,14351.0,0.0
0.8056872082309068,0.5451894774999999,0.0856104095,0.49480943499999996,14351.0,0.0
0.8149462106680246,0.37754979899999996,0.090795867,0.497627723,14351.0,0.0
0.8224335951775299,0.221424282,0.098161392,0.476762493,14351.0,0.0
0.8223118363589784,0.114982469,0.113977113,0.458542654,14351.0,0.0
0.8132937403498244,0.0055360775,0.11366530550000001,0.4483254305,14351.0,0.0
0.7836777811798736,0.0,0.11111080649999999,0.4559529445,14351.0,0.0
0.7518286285399882,0.0,0.13949734400000002,0.485433557,14351.0,0.0
0.7443895147965789,0.0,0.15461079625000002,0.541104775,14351.0,0.0
0.846012273120615,0.0099322155,0.1728655015,0.6016721275,14351.0,0.0
0.8655784272614976,0.200387731,0.161898683,0.609921899,14351.0,0.0
0.8652789145478367,0.354466499,0.121587009,0.585052109,14351.0,0.0
0.8658764892378178,0.513065951,0.090720473,0.564468723,14351.0,0.0
0.8587237236325796,0.7151657920000001,0.08075120250000001,0.5473959105,14351.0,0.0
0.8538062303889293,0.8133428505,0.08752214850000001,0.5803525915,14351.0,0.0
0.8535151312433995,0.6650046205,0.11567340300000001,0.625934192,14351.0,0.0
0.8591004599686322,0.494084951,0.132238759,0.612092416,14351.0,0.0
0.8632014736320697,0.346181446,0.14284246,0.577172982,14351.0,0.0
0.8665180677904235,0.204513888,0.186177497,0.553625234,14351.0,0.0
0.8588659364307449,0.018180269,0.221695505,0.537881027,14351.0,0.0
0.8478666507724734,0.0,0.232118768,0.5033489634999999,14351.0,0.0
0.7845438249297595,0.0,0.2403939295,0.43342628250000004,14351.0,0.0
0.7426226560759162,0.0,0.232527402,0.365531141,14351.0,0.0
0.7489570242492671,0.0,0.222120327,0.384655553,14351.0,0.0
0.8443990915718921,0.010704525,0.21072036,0.4320895805,14351.0,0.0
0.8657058918150538,0.22383202800000002,0.1594690685,0.43959756699999997,14351.0,0.0
0.8683224945798695,0.422514655,0.123839275,0.410828615,14351.0,0.0
0.8646076462580382,0.543422447,0.13034509,0.391759797,14351.0,0.0
0.862959793621837,0.663093321,0.139880118,0.366630136,14351.0,0.0
0.860020274672257,0.717821459,0.151610122,0.382103633,14351.0,0.0
0.8598238552268542,0.5774827735000001,0.162473706,0.4249069605,14351.0,0.0
0.8649364620161524,0.3152288855,0.1576304115,0.4677646405,14351.0,0.0
0.8668739628637523,0.127660692,0.209729115,0.52262633,14351.0,0.0
0.8526128212246893,0.010447843,0.248321271,0.5581738,14351.0,0.0
0.8189845075577032,0.0,0.2756580566666667,0.582724056,14351.0,0.0
0.73179091352534,0.0,0.30134742574999995,0.552075502,14351.0,0.0
0.73107203932513,0.0,0.3232344995,0.579801988,14351.0,0.0
0.8305345118973928,0.0086256425,0.3559796415,0.6551327265,14351.0,0.0
0.8551399181004772,0.10414792950000001,0.3834003335,0.7108052305,14351.0,0.0
0.8530431836768947,0.194385669,0.399246837,0.719639605,14351.0,0.0
0.8503702953731885,0.265134788,0.398567549,0.711212499,14351.0,0.0
0.8494266415049616,0.2631752785,0.3582903285,0.6966592555,14351.0,0.0
0.847662253058858,0.223533301,0.3627807795,0.701609726,14351.0,0.0
0.8483811030538736,0.1730238305,0.362582728,0.6549472430000001,14351.0,0.0
0.8505288041708712,0.0939538345,0.3125922755,0.5996110809999999,14351.0,0.0
0.8346131855439574,0.007968164,0.25528243700000003,0.5133959055,14351.0,0.0
0.7970511676000707,0.0,0.2037218805,0.418235068,14351.0,0.0
0.7329850720666545,0.0,0.14852894,0.373751901,14351.0,0.0
0.7162568183528387,0.0,0.118411244,0.35399458100000003,14351.0,0.0
0.7120285333838194,0.0,0.1004107505,0.3628248705,14351.0,0.0
0.7625205438487777,0.0,0.10643601650000001,0.4567996835,14351.0,0.0
0.8541574349678855,0.046885691,0.1098959865,0.459175537,14351.0,0.0
0.8548679196083686,0.149448644,0.108356375,0.429497123,14351.0,0.0
0.8530706492912681,0.229785782,0.119162334,0.424863411,14351.0,0.0
0.8509304433225469,0.317685189,0.125922281,0.418552652,14351.0,0.0
0.8510751224922655,0.421199282,0.120458027,0.4470037665,14351.0,0.0
0.8486685753560517,0.39669729350000005,0.1389004895,0.5121364515,14351.0,0.0
0.8505849928889841,0.255420614,0.145788492,0.5532710665,14351.0,0.0
0.8515586755639151,0.08041704899999999,0.168537574,0.5977318220000001,14351.0,0.0
0.8390170488924455,0.006559383,0.183463939,0.640810861,14351.0,0.0
0.8340022163291403,0.0,0.187916939,0.672461979,14351.0,0.0
0.8024193566431488,0.0,0.20608194000000002,0.701721313,14351.0,0.0
0.7468765854316217,0.0,0.250181177,0.725182813,14351.0,0.0
0.7255251411673207,0.0,0.3419545965,0.7476808297499999,14351.0,0.0
0.777002644867741,0.0,0.48339323850000004,0.7482526469999999,14351.0,0.0
0.8590971233908229,0.035456057,0.571009698,0.7852411244999999,14351.0,0.0
0.8605864184253721,0.129900695,0.612942656,0.813370119,14351.0,0.0
0.8608560477602851,0.225795953,0.659153131,0.823188306,14351.0,0.0
0.8556545636298519,0.326598948,0.703928253,0.84484302,14351.0,0.0
0.8530172652270591,0.437886666,0.794735486,0.889389219,14351.0,0.0
0.8510130342008025,0.531453642,0.7461645939999999,0.8853156445,14351.0,0.0
0.8487309053058778,0.5525007545,0.6945605294999999,0.86292977,14351.0,0.0
0.8511699956371573,0.459932412,0.573629306,0.805908781,14351.0,0.0
0.852248222120897,0.325558809,0.467132933,0.751855,14351.0,0.0
0.8527653340218251,0.193293309,0.42210006,0.713083043,14351.0,0.0
0.843878014742052,0.044266823,0.407642487,0.677585267,14351.0,0.0
0.8313659813805782,0.0,0.3714977505,0.6178150570000001,14351.0,0.0
0.7948798691736244,0.0,0.343452847,0.557834048,14351.0,0.0
0.7356095082620973,0.0,0.306430634,0.503261543,14351.0,0.0
0.7175435531038525,0.0,0.27337182250000003,0.4541762545,14351.0,0.0
0.7105505291868884,0.0,0.292772939,0.413253639,14351.0,0.0
0.7190738295003734,0.0,0.308589795,0.447766053,14351.0,0.0
0.7388665767309485,0.0987361605,0.31153179750000004,0.5711552049999999,14351.0,0.0
0.7704688995579061,0.270234079,0.263622028,0.665717011,14351.0,0.0
0.7853722479038875,0.378217114,0.242453617,0.712366137,14351.0,0.0
0.7848949809015368,0.518370055,0.241167702,0.735964773,14351.0,0.0
0.7793404547620674,0.606662561,0.239569827,0.733060011,14351.0,0.0
0.7751145151386296,0.5999972295,0.2660271285,0.7610418525,14351.0,0.0
0.7751706798483384,0.5064844215,0.2911223895,0.774117283,14351.0,0.0
0.7843927386647701,0.2924039705,0.252182318,0.755433671,14351.0,0.0
0.7924496763175732,0.120138992,0.258166799,0.75905052,14351.0,0.0
0.7820745768285994,0.008072504666666666,0.27427687833333336,0.7463328763333333,14351.0,0.0
0.7343374733453039,0.0,0.22662915649999998,0.6494671245,14351.0,0.0
0.7044939782638213,0.0,0.174031271,0.5162031805,14351.0,0.0
0.7021543549478189,0.0,0.132963616,0.39002579849999996,14351.0,0.0
0.7149516360294745,0.022449478999999998,0.09522896666666668,0.3303903133333333,14351.0,0.0
0.7393919087552429,0.20828297,0.056993302,0.302846624,14351.0,0.0
0.7600332432643881,0.364473467,0.039518975,0.271275377,14351.0,0.0
0.7720682512818747,0.523156652,0.034831037,0.256135446,14351.0,0.0
0.7736601564647457,0.625186232,0.044690357,0.279234887,14351.0,0.0
0.7591873156053458,0.730000387,0.0695133715,0.281800453,14351.0,0.0
0.7492031528987189,0.7227665505,0.101816976,0.2966130085,14351.0,0.0
0.7564204007481801,0.5081965185,0.12953731,0.30306983,14351.0,0.0
0.7724386533350296,0.270989555,0.162341412,0.324955884,14351.0,0.0
0.7830701485428657,0.136582265,0.200634517,0.350114565,14351.0,0.0
0.7819385372077561,0.023275583,0.227010143,0.366994477,14351.0,0.0
0.771048099553507,0.0,0.2146699835,0.38373202949999996,14351.0,0.0
0.7286068048912543,0.0,0.192756081,0.38419423599999997,14351.0,0.0
0.7142439561740886,0.0,0.19216117466666668,0.24643107133333333,14351.0,0.0
0.7738785776446706,0.0,0.23222722350000002,0.1429017055,14351.0,0.0
0.8560542203170716,0.113899676,0.2370206695,0.154634602,14351.0,0.0
0.852858466163834,0.249565936,0.252378799,0.20838823,14351.0,0.0
0.8460773109035674,0.4244392435,0.30701545799999996,0.2382063465,14351.0,0.0
0.8414984499034851,0.601223842,0.3794710705,0.31698105099999996,14351.0,0.0
0.8409659612100551,0.6855904535,0.37361134149999997,0.39489975850000003,14351.0,0.0
0.845053677366224,0.5117427845,0.32828362499999997,0.452485253,14351.0,0.0
0.8490472941565603,0.344938711,0.279462498,0.482359035,14351.0,0.0
0.8488241828758434,0.20597421,0.275495199,0.512267529,14351.0,0.0
0.8349376496804204,0.033799412,0.29983415599999996,0.5930047315,14351.0,0.0
0.7989312220434014,0.0,0.303346654,0.6700041935000001,14351.0,0.0
0.7358450950574251,0.0,0.289247081,0.7210854044999999,14351.0,0.0
0.7222149905104244,0.0,0.2604128435,0.793395166,14351.0,0.0
0.7291347079138906,0.0,0.22267573899999998,0.8234189975,14351.0,0.0
0.8331128653385577,0.043693355499999996,0.191371723,0.785968215,14351.0,0.0
0.8561324107697068,0.241419679,0.161222272,0.708507413,14351.0,0.0
0.8576611155997051,0.381688371,0.144206443,0.65169462,14351.0,0.0
0.8524125818847507,0.58453011,0.1519095565,0.6204980790000001,14351.0,0.0
0.8494129569769703,0.755579385,0.16130078266666667,0.58052838,14351.0,0.0
0.8479133136642553,0.6836061155,0.178379833,0.590977945,14351.0,0.0
0.8514965870756621,0.520481623,0.17906624,0.598574175,14351.0,0.0
0.8519008378300572,0.386536054,0.180233009,0.609869244,14351.0,0.0
0.8527718135358888,0.239198841,0.215365609,0.637060836,14351.0,0.0
0.8422144952445969,0.093811964,0.254264002,0.659082669,14351.0,0.0
0.8297141640122552,0.0,0.2652630335,0.675658019,14351.0,0.0
0.7702673063014043,0.0,0.23214317,0.6700016099999999,14351.0,0.0
0.7298645225667708,0.0,0.189879568,0.58917629475,14351.0,0.0
0.7782740510398514,0.000965643,0.1955061075,0.557752343,14351.0,0.0
0.8618766347885712,0.084373543,0.189217685,0.566445636,14351.0,0.0
0.8564688669072636,0.246748847,0.164420796,0.583985498,14351.0,0.0
0.8597734690645236,0.389729749,0.127686756,0.581435373,14351.0,0.0
0.8542683136499625,0.519975559,0.123619951,0.583686535,14351.0,0.0
0.850187899197305,0.629358862,0.126300239,0.590777233,14351.0,0.0
0.8477823835697132,0.7453747556666667,0.12299859066666667,0.5916752426666667,14351.0,0.0
0.8466730483602587,0.675814295,0.1298576115,0.6170023,14351.0,0.0
0.8496455458048229,0.530620478,0.128637082,0.610570992,14351.0,0.0
0.8506784152965354,0.373012536,0.126317554,0.612644334,14351.0,0.0
0.8512573252233842,0.219419393,0.149009085,0.62455604,14351.0,0.0
0.8412247590156725,0.091230807,0.168540952,0.628702235,14351.0,0.0
0.8140612601030627,0.0,0.16670741233333333,0.593463048,14351.0,0.0
0.7417385921163935,0.0,0.165242488,0.5490692605,14351.0,0.0
0.7322551969991834,0.0,0.14806968375,0.5219262957499999,14351.0,0.0
0.8342800175738212,0.048356206,0.14909267850000002,0.5319909785,14351.0,0.0
0.8563815373210368,0.261046096,0.142760768,0.538877278,14351.0,0.0
0.8560624892444071,0.466730111,0.106819103,0.527421419,14351.0,0.0
0.8507395363641744,0.613570453,0.101860111,0.516561734,14351.0,0.0
0.8477103664911904,0.8161109984999999,0.104032236,0.504552408,14351.0,0.0
0.8432748950290613,0.9134358173333333,0.12778281566666666,0.5349531323333334,14351.0,0.0
0.8421668169153925,0.788472607,0.14762116,0.564437234,14351.0,0.0
0.8447129176238242,0.655272603,0.149498392,0.569661756,14351.0,0.0
0.8478331891575529,0.487033804,0.15853795,0.575007616,14351.0,0.0
0.8481861827562003,0.302621933,0.191608336,0.580756401,14351.0,0.0
0.8363449343677983,0.126990106,0.215585992,0.583843859,14351.0,0.0
0.806867714583419,0.0,0.22215317,0.5764095176666667,14351.0,0.0
0.7231197505015047,0.0,0.21818737300000002,0.5860044133333333,14351.0,0.0
0.7137048426698319,0.0,0.2116537965,0.593231786,14351.0,0.0
0.7693741838266746,0.0028726315,0.2297734475,0.6029305995,14351.0,0.0
0.8559561072183576,0.135683306,0.241582831,0.602238149,14351.0,0.0
0.8530426031458102,0.297756455,0.243729103,0.602803307,14351.0,0.0
0.8527647534907405,0.402242093,0.194933453,0.598891058,14351.0,0.0
0.8482776709128942,0.562099213,0.183753726,0.601273909,14351.0,0.0
0.8407840969580772,0.710236812,0.203112649,0.607809421,14351.0,0.0
0.8305976640366668,0.7525947,0.24300693299999998,0.6391503135000001,14351.0,0.0
0.8256513510652896,0.6147290145,0.27268816399999996,0.6753023735,14351.0,0.0
0.8317018091670324,0.3926717275,0.31362613250000004,0.731473634,14351.0,0.0
0.8402016570086543,0.20736387,0.392141978,0.779502552,14351.0,0.0
0.8314913186320925,0.093427406,0.432049402,0.799289736,14351.0,0.0
0.8150659384149412,0.000646859,0.42071232599999997,0.808673016,14351.0,0.0
0.7381376929941004,0.0,0.387434573,0.7990336425,14351.0,0.0
0.6842496286213755,0.0,0.34688526625,0.7683799195000001,14351.0,0.0
0.6940246183034391,0.003634062,0.27568265999999997,0.7114488395,14351.0,0.0
0.704520815527092,0.136887552,0.222651967,0.665146309,14351.0,0.0
0.7312272597586018,0.291583993,0.188870465,0.628268714,14351.0,0.0
0.7533632571485309,0.475100118,0.116010617,0.577215283,14351.0,0.0
0.7689111331450273,0.628198174,0.087843953,0.525764361,14351.0,0.0
0.7668252786611293,0.715070464,0.080559175,0.482090976,14351.0,0.0
0.7503566526827932,0.8359973753333333,0.075898796,0.411925068,14351.0,0.0
0.7466439239225892,0.8046260430000001,0.084344561,0.373044104,14351.0,0.0
0.7523575632024397,0.632039113,0.09308121,0.318464828,14351.0,0.0
0.7644775314521676,0.471587036,0.111109151,0.272491016,14351.0,0.0
0.7768348763040752,0.294774601,0.141693643,0.252665701,14351.0,0.0
0.7770302315080861,0.142594001,0.16639318,0.244853605,14351.0,0.0
0.7587965401909615,0.000657956,0.16155979433333334,0.2671599226666667,14351.0,0.0
0.6966945084100815,0.0,0.17524540075,0.36997418049999997,14351.0,0.0
0.6919179385624199,0.0031806046666666664,0.16472764799999998,0.406568608,14351.0,0.0
0.7186968030955687,0.1967730855,0.140753835,0.421062829,14351.0,0.0
0.7584232534558888,0.383767703,0.088969042,0.394140941,14351.0,0.0
0.7749961655134707,0.511191017,0.072085073,0.362446411,14351.0,0.0
0.779046599766603,0.6734229035,0.054107891,0.3100372525,14351.0,0.0
0.7792759731082148,0.7704541389999999,0.043593904,0.280150996,14351.0,0.0
0.7814591427065734,0.6799494994999999,0.0425794035,0.26002421200000003,14351.0,0.0
0.7933465220628517,0.4606101295,0.0531324175,0.2233359545,14351.0,0.0
0.7960417503834307,0.244205886,0.086242036,0.20275888,14351.0,0.0
0.7873154302812979,0.059176837499999996,0.0962614725,0.191625541,14351.0,0.0
0.7457185564555404,0.0,0.060504194000000004,0.117134102,14351.0,0.0
0.7088834701815715,0.0,0.044686401,0.12155100320000001,14351.0,0.0
0.8148651429459026,0.07734065,0.0441678605,0.1489510945,14351.0,0.0
0.8519939215616774,0.3382518585,0.026107809000000003,0.1353749415,14351.0,0.0
0.8502935070507152,0.538439591,0.015235404,0.118036183,14351.0,0.0
0.846876285798866,0.7096189035,0.0120457145,0.1000955295,14351.0,0.0
0.8424706495674829,0.7651481993333333,0.010551305000000002,0.08889046466666667,14351.0,0.0
0.8409536789434188,0.601166767,0.013013807,0.09613416,14351.0,0.0
0.8456472871272931,0.335363812,0.022410427,0.088831654,14351.0,0.0
0.833840709432789,0.137157799,0.029102551,0.087011693,14351.0,0.0
0.8044996905060219,0.0011593833333333333,0.038083338333333334,0.09171028466666666,14351.0,0.0
0.7179897197112735,0.0,0.06754324633333333,0.09495490399999999,14351.0,0.0
0.7066968526615094,0.0,0.09907126599999999,0.093702648,14351.0,0.0
0.7550485847389532,0.0078707915,0.10707734999999999,0.1233865455,14351.0,0.0
0.8501524063139594,0.17869454350000002,0.079189619,0.18003682,14351.0,0.0
0.8519774325109756,0.347789931,0.045525097,0.219413945,14351.0,0.0
0.849592741878118,0.459011668,0.037115537,0.214788663,14351.0,0.0
0.84636608871192,0.565673542,0.035300955,0.216127418,14351.0,0.0
0.8471930613422877,0.661630891,0.039077054,0.198102737,14351.0,0.0
0.8442522364929528,0.7100296775,0.052784708,0.273537143,14351.0,0.0
0.839861912900467,0.615381451,0.063848031,0.35270430500000005,14351.0,0.0
0.8391389041381941,0.487336331,0.075310058,0.402644855,14351.0,0.0
0.8380516835552388,0.374477233,0.087014416,0.419487015,14351.0,0.0
0.8402016570086543,0.246265881,0.101636996,0.428030102,14351.0,0.0
0.8319712934675694,0.133997418,0.108236834,0.436870562,14351.0,0.0
0.82635347015445,0.004657518,0.114269691,0.434353054,14351.0,0.0
0.7864778195663993,0.0,0.1197463015,0.4263162745,14351.0,0.0
0.711441427538799,0.0,0.128513835,0.39238539100000003,14351.0,0.0
0.6991147521440856,0.0,0.18505545125,0.44596439975,14351.0,0.0
0.8070248854701414,0.069578249,0.18010383800000002,0.479277348,14351.0,0.0
0.8471929645215102,0.209737794,0.167477058,0.479047958,14351.0,0.0
0.8495416787575056,0.320076798,0.145656542,0.490552481,14351.0,0.0
0.8445179489157622,0.437914475,0.141508437,0.492121579,14351.0,0.0
0.8388337821167257,0.528050714,0.157482375,0.503392243,14351.0,0.0
0.8325494292217787,0.59197379,0.162511847,0.46960172,14351.0,0.0
0.8246849216834815,0.6510959475,0.208454532,0.524478282,14351.0,0.0
0.8187853804103676,0.5494885494999999,0.247323304,0.5724123125,14351.0,0.0
0.8174534819153013,0.423718234,0.283583944,0.575541984,14351.0,0.0
0.8175704048115238,0.336967271,0.322574103,0.588039661,14351.0,0.0
0.8197370129403877,0.210294253,0.366304229,0.610990792,14351.0,0.0
0.8154177231314015,0.09830933,0.402502273,0.617647432,14351.0,0.0
0.8202302372663248,0.003699429,0.422770956,0.626588407,14351.0,0.0
0.7760750209386836,0.0,0.4259538215,0.6310965024999999,14351.0,0.0
0.6994188466255346,0.0,0.406011485,0.6120299116666666,14351.0,0.0
0.6923758472473833,0.0,0.371596864,0.602841159,14351.0,0.0
0.7461604434665225,0.006750293,0.32996204549999997,0.6000282415,14351.0,0.0
0.8425020159571638,0.077135407,0.260388014,0.566335804,14351.0,0.0
0.8449906704581163,0.155612166,0.195968771,0.521278081,14351.0,0.0
0.8443412584748834,0.208891946,0.122209604,0.444428121,14351.0,0.0
0.8342022138139255,0.289277685,0.104318577,0.356749819,14351.0,0.0
0.8252000993335521,0.363585965,0.098122115,0.27040059,14351.0,0.0
0.8181207366690089,0.446579525,0.060101461999999994,0.1647560755,14351.0,0.0
0.815387307631958,0.3758595105,0.053896161,0.09573224050000001,14351.0,0.0
0.813240138635656,0.28079288,0.0647588385,0.0982062945,14351.0,0.0
0.8130492802844625,0.195148291,0.099002189,0.138837368,14351.0,0.0
0.8163057200086308,0.129456629,0.132157917,0.179667136,14351.0,0.0
0.8151119241516515,0.059327996,0.171685631,0.225745417,14351.0,0.0
0.8205045084884317,0.003159514,0.209360341,0.278991589,14351.0,0.0
0.7772174634095085,0.0,0.237251528,0.3653426235,14351.0,0.0
0.7140075471237163,0.0,0.276684767,0.48449258,14351.0,0.0
0.6892877200149885,0.0,0.28010798775,0.5451045695000001,14351.0,0.0
0.7367865488112367,0.0040337045,0.30353689500000003,0.6033963875,14351.0,0.0
0.8382547757626798,0.062540729,0.293043294,0.612792129,14351.0,0.0
0.8402276722792675,0.139603077,0.259975297,0.59849638,14351.0,0.0
0.8346041432311433,0.225601471,0.195668219,0.552895368,14351.0,0.0
0.8229938399476657,0.341287412,0.16581206,0.517320907,14351.0,0.0
0.8148571882925135,0.425950542,0.171056798,0.489477277,14351.0,0.0
0.8093560950212224,0.49041129,0.153972723,0.443166798,14351.0,0.0
0.807208127843877,0.511507418,0.156089038,0.462308988,14351.0,0.0
0.80540024384423,0.4087402585,0.1637162055,0.5114872245000001,14351.0,0.0
0.8047844387070838,0.30630235,0.176955557,0.555105734,14351.0,0.0
0.8052501490082589,0.211545728,0.205358482,0.582608758,14351.0,0.0
0.810283743155474,0.118344895,0.243401948,0.615982295,14351.0,0.0
0.805040673713951,0.051196288,0.27729927,0.638660465,14351.0,0.0
0.7830044817528433,0.0014014103333333334,0.32186173966666665,0.7287067193333333,14351.0,0.0
0.685732238692894,0.0,0.3396957815,0.7877905765,14351.0,0.0
0.664183702157503,0.0,0.329880875,0.7823723710000001,14351.0,0.0
0.6809391072117458,0.03243988366666667,0.3615013723333333,0.7492972356666666,14351.0,0.0
0.7237726116921369,0.153616977,0.34266181,0.719426399,14351.0,0.0
0.7498051282111106,0.271035536,0.306876334,0.690378311,14351.0,0.0
0.7586412391391052,0.363609234,0.340720956,0.656159684,14351.0,0.0
0.7543524132399512,0.392617869,0.401968927,0.627323728,14351.0,0.0
0.7491780082279421,0.475197016,0.373994029,0.52785656,14351.0,0.0
0.7482921146443506,0.492833903,0.4134448885,0.542772537,14351.0,0.0
0.7468980552422384,0.42168596150000004,0.4321970425,0.5573017570000001,14351.0,0.0
0.7513935033714075,0.32797694,0.398641291,0.561357853,14351.0,0.0
0.7550311284644277,0.242209237,0.377057075,0.556387273,14351.0,0.0
0.7681711036049373,0.148475627,0.370426222,0.545297724,14351.0,0.0
0.771004482973992,0.077270964,0.374556947,0.549758778,14351.0,0.0
0.7533866126028261,0.001997363,0.374179859,0.5650616906666667,14351.0,0.0
0.7023424570554974,0.0,0.38305285349999996,0.574505663,14351.0,0.0
0.6883841891098892,0.0,0.34604142800000004,0.5369395610000001,14351.0,0.0
0.6948022200121082,0.0,0.29946360549999995,0.483107091,14351.0,0.0
0.706141492027301,0.051220459499999996,0.2380995315,0.41049108,14351.0,0.0
0.7312350931892289,0.180041768,0.151898533,0.316824611,14351.0,0.0
0.755500851711323,0.284816683,0.108417072,0.256259776,14351.0,0.0
0.7710247437056313,0.422997095,0.08740758,0.199561239,14351.0,0.0
0.768036579203023,0.569983635,0.051440041,0.1200059405,14351.0,0.0
0.7563984714980475,0.590852384,0.036706043,0.07692642133333334,14351.0,0.0
0.7613137885700902,0.4455572675,0.035344982999999996,0.101854112,14351.0,0.0
0.7768378257955648,0.300545556,0.051647759,0.128880106,14351.0,0.0
0.7830701485428657,0.173801352,0.083601348,0.165432728,14351.0,0.0
0.7787638177620072,0.077809661,0.130807043,0.223393131,14351.0,0.0
0.7827085473409517,0.009787633,0.167519351,0.288880918,14351.0,0.0
0.7531090048029099,0.0,0.20527107649999998,0.377111777,14351.0,0.0
0.7140887355438266,0.0,0.26743452866666667,0.48903390599999996,14351.0,0.0
0.6979503926569188,0.0,0.3109627695,0.5814754879999999,14351.0,0.0
0.7458789671648914,0.0112070775,0.34465432149999997,0.637683836,14351.0,0.0
0.845942979946418,0.093040183,0.3459765515,0.67906439,14351.0,0.0
0.8495572491915625,0.17447318,0.351807221,0.707453377,14351.0,0.0
0.8482776709128942,0.239241518,0.371499993,0.708715601,14351.0,0.0
0.8453071075223973,0.293317896,0.395756732,0.732474802,14351.0,0.0
0.8433146754460504,0.296446397,0.40214797199999996,0.7499428674999999,14351.0,0.0
0.8411603495838228,0.300011562,0.448074849,0.786988364,14351.0,0.0
0.840294112389172,0.238936177,0.4695810455,0.8007525474999999,14351.0,0.0
0.8455240295545927,0.1267414275,0.4899299125,0.7831035715,14351.0,0.0
0.8464817549059371,0.067192758,0.465548816,0.769916936,14351.0,0.0
0.830454580638665,0.018428457500000002,0.420608165,0.7737672685,14351.0,0.0
0.7865351447479065,0.0,0.3861043595,0.763052093,14351.0,0.0
0.7102446817967496,0.0,0.3789000425,0.7760184965,14351.0,0.0
0.6932361205182893,0.0,0.35007630633333336,0.8265622003333334,14351.0,0.0
0.7415967174037885,0.0047038075,0.311105847,0.8448489260000001,14351.0,0.0
0.846220152643206,0.0694854715,0.284762613,0.8537776065,14351.0,0.0
0.8512898200080611,0.150325555,0.276272962,0.865190123,14351.0,0.0
0.8482760753379677,0.238484953,0.267558469,0.853046105,14351.0,0.0
0.845632393848308,0.30269279250000003,0.234951724,0.7908974115,14351.0,0.0
0.8427144891533498,0.326744078,0.2481883725,0.7945261880000001,14351.0,0.0
0.8452947286317738,0.2738315995,0.2463288245,0.7987047715,14351.0,0.0
0.8486011680223233,0.156686755,0.22726233,0.7906523475,14351.0,0.0
0.8307023532734319,0.0376991345,0.263217761,0.7948727394999999,14351.0,0.0
0.7883938504065925,0.0,0.2981658345,0.7915292285,14351.0,0.0
0.7130932207019276,0.0,0.329926803,0.749840461,14351.0,0.0
0.6965884812951545,0.0,0.3116590956666667,0.7051247640000001,14351.0,0.0
0.747735811188303,0.0076021375,0.27929404049999995,0.6538648135,14351.0,0.0
0.8488862225601272,0.099978135,0.2482515585,0.5907148765000001,14351.0,0.0
0.8523110839946287,0.221125135,0.236871425,0.495589268,14351.0,0.0
0.8502935070507152,0.320508641,0.242332546,0.432206729,14351.0,0.0
0.8482915973616358,0.415932838,0.23115811,0.378845282,14351.0,0.0
0.84693353836479,0.4420176855,0.2242983255,0.3089411595,14351.0,0.0
0.8462219900732861,0.4542064815,0.213041178,0.3692399605,14351.0,0.0
0.8438759838672072,0.428362741,0.214612215,0.400554206,14351.0,0.0
0.8450921197410594,0.340363403,0.21733968650000002,0.4251422635,14351.0,0.0
0.846442780213616,0.222157322,0.22225471,0.471333241,14351.0,0.0
0.8306714058500828,0.0692346955,0.2524390495,0.5431820940000001,14351.0,0.0
0.7904772873229065,0.0,0.2763000805,0.5670482705,14351.0,0.0
0.7103657442535058,0.0,0.26649982679999995,0.5529379816,14351.0,0.0
0.7573745474697715,0.017200887,0.2470202495,0.547538424,14351.0,0.0
0.8502084017840978,0.15602226800000002,0.193654294,0.497874003,14351.0,0.0
0.8519774325109756,0.291149807,0.168770641,0.430113963,14351.0,0.0
0.8495672103178117,0.400730369,0.169313611,0.380696897,14351.0,0.0
0.8475094019793716,0.4724042,0.162995291,0.352162894,14351.0,0.0
0.8464228095507287,0.5129776745000001,0.1299285885,0.322881835,14351.0,0.0
0.8442959012860662,0.5715570375000001,0.118251941,0.360415361,14351.0,0.0
0.8456912905963374,0.4734549375,0.12867106350000002,0.421527763,14351.0,0.0
0.8476716822612016,0.346704479,0.124523411,0.451679801,14351.0,0.0
0.8481803802004182,0.242021949,0.114736887,0.485437344,14351.0,0.0
0.8345513393044384,0.130304733,0.120815353,0.519812156,14351.0,0.0
0.8278136069821316,0.030536113,0.128193557,0.51621074,14351.0,0.0
0.7911613457948428,0.0,0.13522468199999998,0.5135604935,14351.0,0.0
0.719063167210648,0.0,0.1400722055,0.5413607570000001,14351.0,0.0
0.708612980224085,0.000727587,0.1144364625,0.5168165875,14351.0,0.0
0.8167436742330998,0.086461979,0.102765721,0.496796819,14351.0,0.0
0.8505955343495277,0.216493009,0.097235254,0.490056379,14351.0,0.0
0.8518455193182004,0.377394398,0.081887345,0.466813186,14351.0,0.0
0.8489989388690743,0.494001413,0.076901803,0.441858919,14351.0,0.0
0.8475094019793716,0.601990835,0.072008441,0.422277067,14351.0,0.0
0.8467813644403756,0.701098206,0.05828861,0.375375398,14351.0,0.0
0.8435693144844107,0.7191386369999999,0.06804007649999999,0.4155961245,14351.0,0.0
0.8421249413387606,0.606218235,0.07803869,0.4648242875,14351.0,0.0
0.8429173881128164,0.489478266,0.081441195,0.473948684,14351.0,0.0
0.8445726872901149,0.381701794,0.078271574,0.465323368,14351.0,0.0
0.8399720662138734,0.198100657,0.0687709165,0.4298000865,14351.0,0.0
0.8281957105740481,0.042022925,0.070175344,0.365208257,14351.0,0.0
0.7933272041530518,0.0,0.07620109550000001,0.335631148,14351.0,0.0
0.7057041181371263,0.0,0.07520916433333334,0.258283733,14351.0,0.0
0.6901882369470101,0.0012679899999999999,0.06241091000000001,0.16796607766666663,14351.0,0.0
0.700348936926145,0.101783909,0.051770871999999996,0.11518837500000001,14351.0,0.0
0.731325614318889,0.254329755,0.025094449,0.091116458,14351.0,0.0
0.7538280000290919,0.390219408,0.019238584,0.078023205,14351.0,0.0
0.7720721199803797,0.5434641345,0.024062052,0.08008544749999999,14351.0,0.0
0.7667959752230955,0.6863094905,0.0373059545,0.12422151399999999,14351.0,0.0
0.7597031942221022,0.662519258,0.046603021999999994,0.21824938,14351.0,0.0
0.7706871513014704,0.5071855175,0.048104501,0.284005858,14351.0,0.0
0.7830301101995236,0.2900638295,0.0391785985,0.2709564505,14351.0,0.0
0.7783951086949268,0.087922094,0.0479519535,0.2083263595,14351.0,0.0
0.7395012564095782,0.0,0.059110725333333336,0.18421403633333333,14351.0,0.0
0.682852684865329,0.0007914298,0.06427845800000001,0.12169933240000001,14351.0,0.0
0.6933824840153137,0.077025921,0.0647972765,0.103432205,14351.0,0.0
0.7420976303227669,0.255293984,0.0386937195,0.0872474205,14351.0,0.0
0.7729740915199492,0.4750883195,0.032158762,0.07545200799999999,14351.0,0.0
0.7721855130508183,0.5966817010000001,0.0300501365,0.0672440355,14351.0,0.0
0.7665929796396418,0.5525496205,0.0284404985,0.0818618325,14351.0,0.0
0.7690485592184132,0.457507129,0.029787459000000002,0.0829636275,14351.0,0.0
0.7774261407195627,0.292275414,0.0406878775,0.08955855500000001,14351.0,0.0
0.7751092201047685,0.102695926,0.071802049,0.104395352,14351.0,0.0
0.7503550247686774,0.0,0.08815411000000001,0.124502946,14351.0,0.0
0.70774156911994,0.0,0.10869211775000001,0.26976449125,14351.0,0.0
0.7133272843411217,0.001853106,0.11845349150000001,0.363481418,14351.0,0.0
0.8143513434175895,0.080433774,0.1127877735,0.4141193635,14351.0,0.0
0.8505730006911,0.21674564,0.082908358,0.431153926,14351.0,0.0
0.8497844226155493,0.392552969,0.091206549,0.459114912,14351.0,0.0
0.8482776709128942,0.500053524,0.108348313,0.491863177,14351.0,0.0
0.843825790952851,0.5718249595,0.134180678,0.532509793,14351.0,0.0
0.8405727358233007,0.5520364005,0.16651685700000002,0.5642571455000001,14351.0,0.0
0.8421755209458561,0.5160351805,0.194784088,0.58666187,14351.0,0.0
0.848256152888679,0.3584644985,0.2172147735,0.5920976075,14351.0,0.0
0.8481861827562003,0.217974749,0.249288748,0.599499469,14351.0,0.0
0.8308322838049609,0.103957195,0.2701254315,0.6138305829999999,14351.0,0.0
0.7872872633066582,0.0,0.247999733,0.569680345,14351.0,0.0
0.661256884178504,0.0,0.24203648600000002,0.5704981186666668,11555.666666666666,0.0
0.6408098412879455,0.0,0.27219201699999995,0.6056142019999999,5965.0,0.0
0.6652198434830497,0.039979311499999996,0.2810751335,0.6543916155,5965.0,0.0
0.7812166651056677,0.1658005515,0.2822185905,0.6487841195,5965.0,0.0
0.8305167655541151,0.25080096,0.298874491,0.64443193,5965.0,0.0
0.8326331807686229,0.38088441949999996,0.3192588265,0.6390001965000001,5965.0,0.0
0.8322373763807253,0.4067950913333333,0.375171425,0.687603721,5965.0,0.0
0.8311461100536832,0.3653664385,0.403891977,0.7005652615,5965.0,0.0
0.8293575919806448,0.2342101025,0.3808371565,0.6798180140000001,5965.0,0.0
0.8281177619765665,0.129154371,0.357977739,0.687731452,5965.0,0.0
0.8121913118203572,0.0469078595,0.3538134205,0.6886979259999999,5965.0,0.0
0.7697542079365673,0.0,0.320094059,0.7205690885,5965.0,0.0
0.6590158331383447,0.0,0.27921013,0.7354848380000001,5965.0,0.0
0.6610212165024048,0.007691071,0.23567749666666668,0.686080881,5965.0,0.0
0.7821107790094158,0.0849445355,0.216074289,0.590626213,5965.0,0.0
0.8293970497929024,0.182459956,0.205610279,0.545086835,5965.0,0.0
0.8328264086705922,0.252056484,0.198510664,0.527739257,5965.0,0.0
0.8327372898678839,0.352403652,0.199129905,0.4863858325,5965.0,0.0
0.8322272862257027,0.409976323,0.2164258735,0.46316699,5965.0,0.0
0.8303402685580011,0.3553184545,0.2014333305,0.46719602650000003,5965.0,0.0
0.8275349835480028,0.268214615,0.179141663,0.449679161,5965.0,0.0
0.8262497961583171,0.1868671235,0.16351902550000003,0.393030443,5965.0,0.0
0.8120525322239885,0.069912422,0.1813851825,0.36996499299999996,5965.0,0.0
0.7701799040995945,0.000543957,0.2105017905,0.382880766,5965.0,0.0
0.6749428231556642,0.0,0.21218803333333333,0.3777027456666666,5965.0,0.0
0.6577937250755596,0.0,0.232136271,0.361564149,5965.0,0.0
0.6819902630390398,0.0208767455,0.2722203495,0.3897181755,5965.0,0.0
0.7843613559415028,0.1204663885,0.279633716,0.4304139135,5965.0,0.0
0.8293502420635346,0.238766354,0.27882044,0.451565468,5965.0,0.0
0.8332902325409278,0.31733558,0.320661207,0.506078163,5965.0,0.0
0.8323038811034114,0.367920911,0.391935846,0.54064367,5965.0,0.0
0.8325584557257802,0.3505771576666667,0.439612266,0.579448808,5965.0,0.0
0.8303501330602631,0.27830405550000004,0.3832834345,0.601040923,5965.0,0.0
0.828179560002487,0.20020699,0.336206398,0.61001829,5965.0,0.0
0.8277785011851057,0.10944906,0.308320157,0.612537823,5965.0,0.0
0.8129945419101099,0.034735337,0.28181496699999997,0.6141354084999999,5965.0,0.0
0.770524363104139,0.0,0.2372982355,0.6375731655,5965.0,0.0
0.6722490011306397,0.0,0.24261604825,0.682581506,5965.0,0.0
0.6857764756863068,0.010934222,0.23307786900000002,0.6331377579999999,5965.0,0.0
0.7893280266620868,0.1346540395,0.2068346365,0.5663149435,5965.0,0.0
0.8302703468359114,0.251305023,0.169874717,0.511539376,5965.0,0.0
0.8341969913956473,0.344427627,0.151932489,0.480572808,5965.0,0.0
0.8320124918891296,0.463813284,0.143741541,0.459201459,5965.0,0.0
0.8320486296539545,0.5196432866666667,0.10129555999999999,0.362096357,5965.0,0.0
0.8276446053310842,0.481906692,0.079360565,0.321504134,5965.0,0.0
0.8227508060208699,0.37138298049999996,0.078687096,0.313848069,5965.0,0.0
0.8241593960176322,0.235288048,0.072905097,0.306350248,5965.0,0.0
0.8117770519229044,0.10178776449999999,0.1185167575,0.313244804,5965.0,0.0
0.7684043938586529,0.001152782,0.1758069425,0.3281250775,5965.0,0.0
0.660723936045558,0.0,0.19060825850000002,0.349826111,5965.0,0.0
0.6366321650116132,0.011104339000000001,0.163664795,0.31312797420000005,5965.0,0.0
0.6526414670292391,0.1444239525,0.09781005749999999,0.22173498400000002,5965.0,0.0
0.6926561628804259,0.277190486,0.077060118,0.196110257,5965.0,0.0
0.7231761004563866,0.377615471,0.08432785,0.214597754,5965.0,0.0
0.7201120180343512,0.420646877,0.095775234,0.267832179,5965.0,0.0
0.7172822651150677,0.492646494,0.109028532,0.311260749,5965.0,0.0
0.7132384075903573,0.514587106,0.1412834875,0.36484531200000003,5965.0,0.0
0.710782779601197,0.4059837465,0.1526499745,0.419848957,5965.0,0.0
0.7108550708740626,0.321618813,0.145501884,0.434101038,5965.0,0.0
0.7119753667727795,0.25683555,0.154168564,0.433227464,5965.0,0.0
0.7130465336049511,0.177365097,0.178661329,0.436046767,5965.0,0.0
0.7159286067406326,0.074849869,0.252352404,0.4338507485,5965.0,0.0
0.7120565069136944,0.00094206,0.328857393,0.434982209,5965.0,0.0
0.646634987797766,0.0,0.35051761400000003,0.43879092249999996,5965.0,0.0
0.6170202375100023,0.0,0.34403735,0.43640844500000003,5965.0,0.0
0.622211131572713,0.037317990999999995,0.35336008399999996,0.50487969,5965.0,0.0
0.6339629710896547,0.12079983,0.336325296,0.555000064,5965.0,0.0
0.6593682708046824,0.175919879,0.313937837,0.542032936,5965.0,0.0
0.6831844215803543,0.24751706,0.305614345,0.517745489,5965.0,0.0
0.7084493941408952,0.334791248,0.345050224,0.493089128,5965.0,0.0
0.7110905614389835,0.443330676,0.372377446,0.469539815,5965.0,0.0
0.7114333038426297,0.55955359,0.36955347,0.399107911,5965.0,0.0
0.7110058265971159,0.7400988540000001,0.40052575933333334,0.41295045733333335,5965.0,0.0
0.7106036233791357,0.625336801,0.3486658755,0.445578926,5965.0,0.0
0.712423040071554,0.447114539,0.278524911,0.436712044,5965.0,0.0
0.7107791531514258,0.316296771,0.237388849,0.444595782,5965.0,0.0
0.7105454033925975,0.185301513,0.219006431,0.448218381,5965.0,0.0
0.7115020166825324,0.103777499,0.20742041,0.438773669,5965.0,0.0
0.7096288528479895,0.00249371,0.18418638450000002,0.392623084,5965.0,0.0
0.6622519155068862,0.0,0.14218489099999998,0.29586290849999997,5965.0,0.0
0.6358943467111443,0.0,0.20748207600000002,0.23369942266666666,5965.0,0.0
0.6601238709756196,0.022853348,0.327442123,0.274865027,5965.0,0.0
0.7492059575526228,0.081604046,0.368487153,0.337123617,5965.0,0.0
0.808842126253339,0.151340027,0.346228538,0.369790166,5965.0,0.0
0.8241949855249651,0.241086906,0.334739138,0.393143819,5965.0,0.0
0.8235657862565633,0.32551533,0.35865212,0.430457986,5965.0,0.0
0.8230660828101426,0.3979710585,0.4208512995,0.46048387550000003,5965.0,0.0
0.8224795811110304,0.5014759745,0.480119068,0.4658708925,5965.0,0.0
0.8206061512161393,0.5173905169999999,0.481218279,0.438592365,5965.0,0.0
0.8168190602286213,0.485459502,0.43525378,0.472051561,5965.0,0.0
0.8158959571607859,0.401266899,0.398591394,0.477447046,5965.0,0.0
0.8156156897413419,0.284971925,0.342614755,0.472624096,5965.0,0.0
0.8098723363223139,0.171391178,0.308172274,0.468646486,5965.0,0.0
0.8035551985739379,0.097566421,0.289531271,0.456399219,5965.0,0.0
0.7568813957594175,0.0029224145,0.2799910205,0.43612623500000003,5965.0,0.0
0.6527892568616195,0.0,0.2367115,0.3996112043333333,5965.0,0.0
0.6343784882796832,0.0,0.1778609395,0.3162333225,5965.0,0.0
0.6586658858519643,0.0376410155,0.14326745000000002,0.232757382,5965.0,0.0
0.7484001162537308,0.138289889,0.115314567,0.171485237,5965.0,0.0
0.8086639370583113,0.308613905,0.092839184,0.133791717,5965.0,0.0
0.8238603670142783,0.515631277,0.101289914,0.098828003,5965.0,0.0
0.824263069816975,0.69436509,0.117548044,0.085783341,5965.0,0.0
0.8232965442047601,0.812986059,0.132772048,0.092030461,5965.0,0.0
0.8239262269866787,0.8977355275,0.149148711,0.129016442,5965.0,0.0
0.8244916939783025,0.8339011080000001,0.1806981615,0.198917442,5965.0,0.0
0.8203880689089358,0.679996312,0.201690023,0.229521178,5965.0,0.0
0.8169382076412435,0.534067409,0.212134307,0.228259895,5965.0,0.0
0.8158959571607859,0.376086117,0.221779838,0.242761252,5965.0,0.0
0.8156156897413419,0.226259729,0.250399259,0.278151443,5965.0,0.0
0.8101816169142495,0.119352402,0.302280383,0.329935131,5965.0,0.0
0.802970679732862,0.065100397,0.350622707,0.395904382,5965.0,0.0
0.7569431455717395,0.003016747,0.36957883049999996,0.48053198799999997,5965.0,0.0
0.6611858742722152,0.0,0.388886646,0.5979108215,5965.0,0.0
0.636345098825367,0.01277783325,0.38045353175,0.68301900775,5965.0,0.0
0.6744550307639696,0.163059777,0.357653556,0.678695102,5965.0,0.0
0.7478687398185007,0.263264714,0.323767346,0.655789083,5965.0,0.0
0.8082735163254607,0.419641325,0.241961244,0.618959791,5965.0,0.0
0.8240988554810778,0.583352443,0.225929857,0.597663402,5965.0,0.0
0.824162104244339,0.727165813,0.25096735,0.610277322,5965.0,0.0
0.8233154994302248,0.8845539689999999,0.32077269799999997,0.6557693265,5965.0,0.0
0.8239027745148157,0.9592831195,0.4121356275,0.7201775155,5965.0,0.0
0.8214808021757114,0.8619066879999999,0.4496983115,0.753996316,5965.0,0.0
0.8168190602286213,0.691531293,0.42874293,0.779227942,5965.0,0.0
0.8158838683389144,0.544425603,0.411653158,0.800650432,5965.0,0.0
0.8152464487503559,0.386161434,0.442657395,0.822927604,5965.0,0.0
0.8061247997710407,0.191921564,0.473499553,0.8486500935,5965.0,0.0
0.7569394705147894,0.0064843555,0.48654243799999997,0.8451256535,5965.0,0.0
0.652859065822926,0.0,0.448096112,0.8346217943333333,5965.0,0.0
0.6338635042711677,0.000866953,0.36430518,0.7627289415,5965.0,0.0
0.6577516320457587,0.11379105399999999,0.312961151,0.7340992900000001,5965.0,0.0
0.747997848357372,0.267419232,0.25790311,0.716898758,5965.0,0.0
0.8086639370583113,0.423454198,0.188404073,0.682364632,5965.0,0.0
0.8239643308823731,0.580912805,0.191710488,0.661510838,5965.0,0.0
0.8236192675351302,0.721616161,0.220354166,0.64487991,5965.0,0.0
0.8230721754346769,0.835701062,0.27058941,0.647308941,5965.0,0.0
0.8237871248511753,0.9305312259999999,0.41262313766666664,0.6686171753333333,5965.0,0.0
0.8222668176493019,0.8222009875,0.5090478775,0.6819276025000001,5965.0,0.0
0.8174241782804773,0.631914346,0.504639516,0.680810787,5965.0,0.0
0.8160668450458823,0.503016198,0.471726554,0.666551975,5965.0,0.0
0.8153786520118832,0.354059719,0.478890709,0.654053741,5965.0,0.0
0.8066003499757028,0.18419347600000002,0.5003863305,0.627057795,5965.0,0.0
0.7580421166942157,0.0080477005,0.487976152,0.5898653875,5965.0,0.0
0.6599609375471219,0.0,0.46324734,0.585571115,5965.0,0.0
0.6343484917465716,0.0007921159999999999,0.34777503266666665,0.5580450096666666,5965.0,0.0
0.6579790227261244,0.1015462225,0.2483817115,0.506191254,5965.0,0.0
0.7478687398185007,0.218176054,0.180971202,0.500107922,5965.0,0.0
0.8086688694078373,0.334144004,0.133125635,0.491260666,5965.0,0.0
0.8266664256065455,0.377513205,0.118843934,0.474241484,5965.0,0.0
0.8265083038951825,0.460916774,0.113367268,0.448620623,5965.0,0.0
0.8245017519253292,0.498361979,0.116773043,0.419483899,5965.0,0.0
0.8219696742240298,0.4473553753333333,0.12402950266666668,0.33993389566666665,5965.0,0.0
0.8198862373733127,0.24215379199999998,0.137618249,0.330196724,5965.0,0.0
0.816498029293955,0.138943975,0.1281700955,0.328544742,5965.0,0.0
0.8153482849228284,0.07499992,0.119864111,0.306816632,5965.0,0.0
0.8083201792172426,0.028889831999999997,0.108634761,0.274890062,5965.0,0.0
0.7583602221457965,0.0006626305,0.1006490325,0.2571567,5965.0,0.0
0.6358818548629469,0.0,0.099901692,0.2554994093333333,5965.0,0.0
0.6100002068934068,0.0,0.1095285365,0.174129095,5965.0,0.0
0.6150077137447963,0.012649800000000001,0.10310128299999999,0.1294347095,5965.0,0.0
0.6453433933128092,0.0666090635,0.078408813,0.1102517095,5965.0,0.0
0.6831761044394202,0.145519046,0.066004474,0.116167054,5965.0,0.0
0.7085041325152479,0.201949206,0.064586804,0.122109764,5965.0,0.0
0.7107030417872339,0.256932349,0.066059646,0.12789737,5965.0,0.0
0.710929393021773,0.2791403495,0.0658095075,0.1271876485,5965.0,0.0
0.7113873661227279,0.272869318,0.08114472,0.146724095,5965.0,0.0
0.7098804695824867,0.23182532649999998,0.087265384,0.181242021,5965.0,0.0
0.7119428719881025,0.155905657,0.07866932,0.187445971,5965.0,0.0
0.7115062476717924,0.09424403249999999,0.085636762,0.1831148385,5965.0,0.0
0.7077107185173683,0.015497990333333331,0.09958800733333333,0.19647900566666665,5965.0,0.0
0.6227358642921379,0.0,0.07026040180000001,0.2321654952,5965.0,0.0
0.6135045646802983,0.0288982955,0.056706188000000005,0.22048263299999998,5965.0,0.0
0.6442223480370179,0.10962808,0.033302848999999995,0.2000571545,5965.0,0.0
0.6812588165034413,0.236261752,0.022828712,0.172194903,5965.0,0.0
0.708468059297608,0.332203058,0.027128807,0.161170123,5965.0,0.0
0.7127435390823147,0.43674137700000004,0.037730849,0.156510233,5965.0,0.0
0.7171296237483359,0.474487724,0.06387874333333333,0.22847875599999998,5965.0,0.0
0.7163060200349668,0.4094666685,0.078875992,0.31419354899999996,5965.0,0.0
0.7159146320782923,0.2925202215,0.09119182749999999,0.367802274,5965.0,0.0
0.7086574429030568,0.146607405,0.134748261,0.43405097950000004,5965.0,0.0
0.7018536815655695,0.010571275,0.16628518949999999,0.46435717600000004,5965.0,0.0
0.6602411083425787,0.0,0.152077671,0.4397996045,5965.0,0.0
0.6344882066211551,0.00123032,0.10819604599999999,0.355620883,5965.0,0.0
0.6579537812345703,0.086697992,0.091213926,0.30305335050000004,5965.0,0.0
0.7480496852570435,0.195579369,0.072450946,0.263051107,5965.0,0.0
0.8084497714664212,0.329647469,0.041753492,0.227176371,5965.0,0.0
0.8247458493063559,0.455788617,0.0350716,0.205416967,5965.0,0.0
0.8254147002253605,0.559067175,0.046172167,0.212890417,5965.0,0.0
0.830278228676927,0.7171967275,0.0613444915,0.244061793,5965.0,0.0
0.8356115293761481,0.759750718,0.0713457675,0.27080405100000005,5965.0,0.0
0.8317265187346808,0.6657784625000001,0.069791017,0.26253511100000004,5965.0,0.0
0.8245573118987591,0.45398481599999996,0.06500603899999999,0.262448807,5965.0,0.0
0.8183240707316035,0.278446882,0.063275216,0.265623814,5965.0,0.0
0.8077797118620195,0.14149193399999999,0.0816159515,0.252455763,5965.0,0.0
0.7584195057833556,0.010574076,0.08812135900000001,0.218776452,5965.0,0.0
0.6518800642369229,0.0,0.08584090433333334,0.21940337699999998,5965.0,0.0
0.6339676615840273,0.0024857475,0.0756253305,0.1829264005,5965.0,0.0
0.6578297982931994,0.0853259885,0.058073143499999993,0.1924034605,5965.0,0.0
0.7480496852570435,0.201377062,0.03278745,0.193662956,5965.0,0.0
0.8085448864664666,0.334206188,0.018229894,0.177003806,5965.0,0.0
0.8247458493063559,0.494070366,0.013694468,0.160043131,5965.0,0.0
0.8256311383504588,0.628500956,0.020741055,0.156010528,5965.0,0.0
0.8275305349087838,0.730361604,0.034612377,0.160078738,5965.0,0.0
0.8346567859210793,0.7879436813333333,0.048024122333333336,0.16994979333333335,5965.0,0.0
0.8318595925960448,0.6984423145,0.04892763,0.2026053005,5965.0,0.0
0.8278255025560286,0.563512668,0.036804229,0.213239419,5965.0,0.0
0.8232239144527537,0.445277285,0.033962015,0.210710927,5965.0,0.0
0.8183240707316035,0.322226497,0.043376675,0.208802363,5965.0,0.0
0.8076085341049611,0.177817194,0.0781037765,0.206750843,5965.0,0.0
0.7583595693927092,0.01769342,0.11406754699999999,0.1669749935,5965.0,0.0
0.6520096403493052,0.0,0.08010457366666666,0.12204776899999999,5965.0,0.0
0.63390187422721,0.003489169,0.0652696,0.1063652645,5965.0,0.0
0.6580510721438364,0.11873799800000001,0.06524324749999999,0.125136399,5965.0,0.0
0.7476296712141972,0.254880365,0.050820906,0.121189373,5965.0,0.0
0.8086848267314238,0.394015551,0.032318501,0.087244741,5965.0,0.0
0.8252217623921433,0.543103955,0.038287944,0.063172034,5965.0,0.0
0.8280270958125303,0.7085051265,0.0811691255,0.055991023,5965.0,0.0
0.8345689404165498,0.7527826385,0.1430415975,0.07709692800000001,5965.0,0.0
0.8344506149965851,0.612611139,0.24773784399999998,0.0989905835,5965.0,0.0
0.8254991285336961,0.39078537950000003,0.355676749,0.10825481049999999,5965.0,0.0
0.8181189474525274,0.2363462555,0.44063543699999996,0.119723096,5965.0,0.0
0.8071723692937638,0.0987887345,0.4943560245,0.20575785549999998,5965.0,0.0
0.7580156181068759,0.01015368,0.5253856530000001,0.367360519,5965.0,0.0
0.6715046316779149,0.0,0.499396091,0.486699592,5965.0,0.0
0.6379055488661778,0.00177373275,0.485858255,0.619338438,5965.0,0.0
0.6579575529155077,0.10958804899999999,0.410766635,0.6792419785,5965.0,0.0
0.7480074229876722,0.219020359,0.355912772,0.691390937,5965.0,0.0
0.8086639370583113,0.348616555,0.302722275,0.687041515,5965.0,0.0
0.8241949855249651,0.451873364,0.247179431,0.670742199,5965.0,0.0
0.8235096943592277,0.573163787,0.205453983,0.652120925,5965.0,0.0
0.8219787650128295,0.691067151,0.170454673,0.623794973,5965.0,0.0
0.8222375626216568,0.794937914,0.150982265,0.628752369,5965.0,0.0
0.8227261446668199,0.851869463,0.1337370255,0.6043707460000001,5965.0,0.0
0.8204430487448615,0.738725421,0.137404406,0.5458847945,5965.0,0.0
0.8175122820393435,0.576975683,0.142013647,0.520220156,5965.0,0.0
0.8162496281112952,0.438239914,0.148739984,0.486236332,5965.0,0.0
0.8140816660658681,0.308600152,0.149041277,0.455718906,5965.0,0.0
0.8059411220973869,0.170143509,0.16919396949999999,0.45245566849999996,5965.0,0.0
0.7569360857233814,0.0171711055,0.24361570849999997,0.483820688,5965.0,0.0
0.6527080844471119,0.0,0.2958530733333333,0.5575374426666667,5965.0,0.0
0.6340474478083791,0.002284777,0.31958145400000004,0.591701196,5965.0,0.0
0.6579368810891446,0.081968698,0.3215420995,0.6130040805,5965.0,0.0
0.7484795155885531,0.203515432,0.283798734,0.596656266,5965.0,0.0
0.8084664057482891,0.323272259,0.295989971,0.571179708,5965.0,0.0
0.8257175009096518,0.454027269,0.28773653,0.529893459,5965.0,0.0
0.8242549463175959,0.573595875,0.283760536,0.484091261,5965.0,0.0
0.822543506635783,0.652953077,0.2768528885,0.426927451,5965.0,0.0
0.8214112026647727,0.6516716476666667,0.2522897876666667,0.36812005133333336,5965.0,0.0
0.8175219530968407,0.49151636499999996,0.211149271,0.3577501275,5965.0,0.0
0.8157136578056798,0.372140564,0.168672983,0.349221691,5965.0,0.0
0.8144296308877923,0.26138342,0.129329193,0.316576739,5965.0,0.0
0.8068584466178443,0.1501307485,0.0972843525,0.2746722815,5965.0,0.0
0.757377255499688,0.019703381,0.109340258,0.258347816,5965.0,0.0
0.6364514804906345,0.0,0.092345689,0.29630119866666665,5965.0,0.0
0.613587445627306,0.002913115,0.0701920095,0.29301003049999996,5965.0,0.0
0.617286530267106,0.07545195099999999,0.069220714,0.25383361449999997,5965.0,0.0
0.6314879529686918,0.182445891,0.047930301,0.180613661,5965.0,0.0
0.6588626675881218,0.307735981,0.053876552,0.133719579,5965.0,0.0
0.681821382217174,0.422309354,0.088645577,0.112450166,5965.0,0.0
0.7076204874564603,0.522468536,0.12923512,0.109558808,5965.0,0.0
0.7111066878053502,0.572653246,0.167639904,0.1429236175,5965.0,0.0
0.7116186979203916,0.6018732945,0.24293994749999998,0.23433453,5965.0,0.0
0.7104792291462507,0.495392257,0.29528603750000004,0.3405668535,5965.0,0.0
0.7113447167670368,0.3685784015,0.269968587,0.3966496865,5965.0,0.0
0.7107781861243921,0.261723579,0.235634026,0.386744947,5965.0,0.0
0.7099302998125078,0.157413923,0.228625004,0.3722887225,5965.0,0.0
0.707719712616584,0.021712281500000003,0.22538323100000002,0.3355264455,5965.0,0.0
0.6421142257582497,0.0,0.18461303299999998,0.32583549850000004,5965.0,0.0
0.6117819551868393,0.00862048575,0.13880105799999998,0.24825962000000001,5965.0,0.0
0.6240000849456697,0.10989947,0.0991370745,0.14812166,5965.0,0.0
0.6574453251505072,0.220636037,0.073415167,0.112776234,5965.0,0.0
0.6813219200355365,0.333102265,0.09898082,0.125968014,5965.0,0.0
0.7083321807823404,0.412478607,0.135270111,0.172372031,5965.0,0.0
0.7113704175669133,0.501097056,0.2081427455,0.2890256615,5965.0,0.0
0.7134532741489331,0.5324165445,0.302337853,0.4097677,5965.0,0.0
0.7120057338618342,0.4872677575,0.353564779,0.4661178995,5965.0,0.0
0.7102018872098923,0.416627163,0.357787293,0.485457546,5965.0,0.0
0.7118937429215575,0.355457066,0.349067055,0.494729641,5965.0,0.0
0.7121443202102281,0.261994843,0.324792104,0.507348551,5965.0,0.0
0.7088066673359816,0.139214391,0.338301744,0.530265851,5965.0,0.0
0.7056911831174029,0.018426231999999997,0.37641879300000003,0.532733813,5965.0,0.0
0.6531868664716014,0.0,0.342184949,0.44093526133333333,5965.0,0.0
0.634128636556473,0.0038320645,0.305110498,0.3070118445,5965.0,0.0
0.6578295080276572,0.085040367,0.29186360450000004,0.2463323485,5965.0,0.0
0.7478687398185007,0.182397656,0.234789788,0.239783503,5965.0,0.0
0.8082735163254607,0.282863245,0.23295087,0.217056042,5965.0,0.0
0.8240988554810778,0.327874769,0.246485344,0.2074003,5965.0,0.0
0.823641607552003,0.401518453,0.262241958,0.205092244,5965.0,0.0
0.8229864898337653,0.457598713,0.268997143,0.221440383,5965.0,0.0
0.8230308155139608,0.5223448096666666,0.25659763166666666,0.280912263,5965.0,0.0
0.8205925634433286,0.4729230085,0.2143740465,0.36239145149999996,5965.0,0.0
0.8169743772860805,0.392003729,0.169234766,0.378372546,5965.0,0.0
0.8161712922307036,0.312078532,0.139213553,0.375101012,5965.0,0.0
0.8155911252080694,0.233351669,0.112220153,0.369634156,5965.0,0.0
0.8061885078426244,0.11332046650000001,0.1354425585,0.360528517,5965.0,0.0
0.7571213591687519,0.018798138,0.17135111050000001,0.370980992,5965.0,0.0
0.6729217808675549,0.0,0.148384776,0.394196367,5965.0,0.0
0.6424981185666477,0.0,0.1298940775,0.331291516,5965.0,0.0
0.6339509304813817,0.005807907,0.1021765315,0.261412414,5965.0,0.0
0.6580216962870097,0.09701190800000001,0.0823919875,0.2256743,5965.0,0.0
0.7477138576673794,0.192052093,0.051285583,0.199880844,5965.0,0.0
0.8084099749782325,0.298911251,0.042983984,0.163584576,5965.0,0.0
0.8239290314437923,0.447272765,0.062572062,0.158613498,5965.0,0.0
0.824263069816975,0.552377164,0.095503878,0.17077519,5965.0,0.0
0.8235856120818645,0.633836929,0.1222494855,0.2031280015,5965.0,0.0
0.8246984612426937,0.5951861924999999,0.14316402550000001,0.242145104,5965.0,0.0
0.8222668176493019,0.469020421,0.18934837399999999,0.268430395,5965.0,0.0
0.8165957553063494,0.33042616,0.262749373,0.275303723,5965.0,0.0
0.8151902600322428,0.241076364,0.307714426,0.2456108,5965.0,0.0
0.8061218258775664,0.147150726,0.338975968,0.22938903900000002,5965.0,0.0
0.7566260797627755,0.035937730499999994,0.3591115205,0.29034055950000004,5965.0,0.0
0.6613166754035806,0.0,0.30336933899999996,0.34042862900000004,5965.0,0.0
0.6351379566899485,0.006881107333333333,0.27037059700000005,0.388379254,5965.0,0.0
0.6579822868851408,0.1184249985,0.2157105145,0.4067651025,5965.0,0.0
0.7480496852570435,0.227344089,0.180862287,0.39102033,5965.0,0.0
0.8087253481947023,0.337631672,0.147471103,0.349424839,5965.0,0.0
0.8240624921946857,0.416377938,0.125251091,0.314288976,5965.0,0.0
0.8245158716220455,0.534052476,0.107035829,0.283632195,5965.0,0.0
0.8248584205809268,0.6786978075000001,0.0878182675,0.2457079165,5965.0,0.0
0.8266530794920981,0.7097642129999999,0.0789030315,0.225990026,5965.0,0.0
0.8240848806219472,0.601875172,0.0793908785,0.24298248249999999,5965.0,0.0
0.8198093526236421,0.512731555,0.079054415,0.241733765,5965.0,0.0
0.8177035754936651,0.428691678,0.077340796,0.228679597,5965.0,0.0
0.81526801538175,0.352831506,0.072438568,0.211282429,5965.0,0.0
0.8072273007193007,0.2175582595,0.0813625755,0.19891468299999998,5965.0,0.0
0.7580439059106971,0.04974,0.0895190875,0.199620219,5965.0,0.0
0.6606984286904463,0.0,0.06300284049999999,0.2036389675,5965.0,0.0
0.6362170781427109,0.013876277749999999,0.06354184474999999,0.181691581,5965.0,0.0
0.7113101426971264,0.16036419,0.050736946500000005,0.1871949805,5965.0,0.0
0.8085336678508513,0.271390202,0.032135486,0.169541141,5965.0,0.0
0.823539674558753,0.333435785,0.038655266,0.179864605,5965.0,0.0
0.8244437255803462,0.458453856,0.057388297,0.210870093,5965.0,0.0
0.8257590382039331,0.6160021155,0.09529026700000001,0.2548615985,5965.0,0.0
0.8269862476590246,0.6422037064999999,0.113219553,0.319562323,5965.0,0.0
0.8239298052228514,0.63908418,0.1105554845,0.3916038675,5965.0,0.0
0.8189633279470321,0.574438873,0.099595948,0.418553486,5965.0,0.0
0.8158597875159488,0.437020834,0.099551974,0.420540099,5965.0,0.0
0.8153709154020337,0.303700977,0.095888792,0.41242098,5965.0,0.0
0.8069474443945808,0.170053291,0.12248964300000001,0.426804897,5965.0,0.0
0.7575484090515521,0.0389046405,0.145770498,0.4253034695,5965.0,0.0
0.6522888599265407,0.0,0.12272664900000001,0.4057272486666667,5965.0,0.0
0.6338998191471709,0.013285317,0.1020488295,0.3693566675,5965.0,0.0
0.6578896620682626,0.13616630200000002,0.0932199655,0.375129538,5965.0,0.0
0.7478019610326652,0.268953761,0.0614454,0.355589743,5965.0,0.0
0.8084497714664212,0.411765199,0.045253407,0.343295124,5965.0,0.0
0.8242131673649512,0.558293536,0.059077727,0.348380906,5965.0,0.0
0.8245689656175026,0.719329827,0.083723776,0.375706566,5965.0,0.0
0.8241017565621787,0.833144473,0.118245988,0.41511903,5965.0,0.0
0.8265273879526305,0.9297615433333334,0.1701874156666667,0.45954553333333337,5965.0,0.0
0.8258388246250752,0.8121818700000001,0.2052778955,0.511489896,5965.0,0.0
0.8204911625707745,0.665713952,0.236788971,0.527558541,5965.0,0.0
0.8191228039685385,0.535933588,0.251637873,0.52133992,5965.0,0.0
0.81690484225673,0.371573742,0.25001153,0.509482608,5965.0,0.0
0.8073906208405378,0.1832070785,0.295470365,0.5025100225,5965.0,0.0
0.758422987395541,0.0286136375,0.3418656965,0.5171112984999999,5965.0,0.0
0.6405005606960099,0.0,0.3191129345,0.495429305,5965.0,0.0
0.6104094622193308,0.0007768545,0.279020527,0.4392292405,5965.0,0.0
0.608643163727564,0.049842085,0.253767815,0.3527918685,5965.0,0.0
0.6235701577933825,0.1846497385,0.218797898,0.31043704299999997,5965.0,0.0
0.6582224917560483,0.345261151,0.202799834,0.27386496,5965.0,0.0
0.682257788883525,0.461579565,0.1965642,0.248095142,5965.0,0.0
0.7079881812829084,0.572940201,0.192970529,0.227586617,5965.0,0.0
0.7165021974284257,0.696706783,0.181855764,0.2093977305,5965.0,0.0
0.7185014476947673,0.726636963,0.1828980725,0.1882124765,5965.0,0.0
0.7170201795356099,0.634038024,0.20891008049999998,0.2131796055,5965.0,0.0
0.715787941107005,0.540972139,0.21655359,0.226879432,5965.0,0.0
0.7163931079628303,0.428000176,0.22480587,0.229442102,5965.0,0.0
0.715527402692085,0.267714574,0.234334639,0.225165502,5965.0,0.0
0.7102789656011178,0.1509229405,0.231490498,0.235617831,5965.0,0.0
0.7019421718203849,0.033956906,0.23018829349999997,0.2958125425,5965.0,0.0
0.6307180557930697,0.0,0.203840719,0.41359841399999997,5965.0,0.0
0.6071618471580178,0.01212963,0.1920501135,0.508636604,5965.0,0.0
0.6129177246988354,0.105647347,0.1644703415,0.556850991,5965.0,0.0
0.6446380344666169,0.2612894215,0.116278387,0.515808767,5965.0,0.0
0.6825390717403913,0.384882607,0.102893502,0.457947982,5965.0,0.0
0.7079580074418284,0.41783851,0.10446123,0.428738706,5965.0,0.0
0.7146452809862212,0.577139344,0.11017822,0.451580945,5965.0,0.0
0.7166725773980208,0.7033628705,0.1146373695,0.502148594,5965.0,0.0
0.7147081428599529,0.6510950074999999,0.1303469605,0.5731299995000001,5965.0,0.0
0.7140959405577543,0.43746412749999997,0.13243725550000002,0.6033227435,5965.0,0.0
0.7129262255237403,0.287529064,0.130824389,0.606720843,5965.0,0.0
0.7089286438044922,0.16781577250000002,0.1641479655,0.617028143,5965.0,0.0
0.7017768450294974,0.039032011,0.209694715,0.6375768964999999,5965.0,0.0
0.6597551133013602,0.0,0.2013896135,0.6450013365,5965.0,0.0
0.63430316676575,0.012470974333333334,0.18292834133333336,0.5625591586666667,5965.0,0.0
0.6580906751872603,0.1350780685,0.15269387,0.484104066,5965.0,0.0
0.747871157582875,0.253991118,0.093156569,0.421207248,5965.0,0.0
0.8160654425221401,0.4161725795,0.07817898449999999,0.3779909965,5965.0,0.0
0.8238459086416311,0.603790128,0.10159771849999999,0.41287007,5965.0,0.0
0.8244936764427586,0.782483473,0.130219162,0.4721535675,5965.0,0.0
0.8254513051701158,0.770525173,0.170972621,0.5294280215,5965.0,0.0
0.8185648803387897,0.6008357035,0.2008767145,0.562285264,5965.0,0.0
0.8157709103716039,0.407445399,0.202215853,0.585152143,5965.0,0.0
0.8156156897413419,0.295190946,0.193749393,0.588274334,5965.0,0.0
0.8071038981122244,0.135336079,0.23025006050000002,0.6089506655000001,5965.0,0.0
0.7586352189333638,0.028927153499999997,0.27282912800000003,0.6168233935,5965.0,0.0
0.6516838383018818,0.0,0.2836118473333334,0.5439435653333332,5965.0,0.0
0.6335878789357074,0.0097121055,0.293860942,0.442526485,5965.0,0.0
0.658238690737998,0.1045193975,0.300826389,0.374020536,5965.0,0.0
0.7482389482301007,0.205638787,0.27367467,0.287670407,5965.0,0.0
0.8170627709169085,0.324059286,0.3243171145,0.2538224695,5965.0,0.0
0.8297456433595098,0.4839983545,0.38097177849999997,0.3279299725,5965.0,0.0
0.8344945700552409,0.6109701169999999,0.43156895500000003,0.33874881850000005,5965.0,0.0
0.8359975496833782,0.5902494155,0.45584951549999997,0.38288263749999996,5965.0,0.0
0.8308151662063663,0.5025167749999999,0.4695073285,0.4287526155,5965.0,0.0
0.8262934127378319,0.3272067175,0.4402135795,0.449320598,5965.0,0.0
0.8122263936089787,0.1509281145,0.396230125,0.4581799725,5965.0,0.0
0.7619155706345073,0.026670454,0.373917447,0.478352291,5965.0,0.0
0.652453880446283,0.0,0.3198797983333333,0.5560035376666667,5965.0,0.0
0.6344847974933594,0.006326123,0.26677127450000004,0.5458498734999999,5965.0,0.0
0.6592325615289851,0.093210474,0.226142589,0.5376935465,5965.0,0.0
0.7483413161296887,0.195034696,0.194639269,0.526623619,5965.0,0.0
0.819718420399258,0.362721621,0.161404446,0.4685231205,5965.0,0.0
0.8348805421488723,0.5941873555,0.1518008615,0.39557039,5965.0,0.0
0.8388582500916075,0.7705353549999999,0.14997612733333335,0.3548316896666667,5965.0,0.0
0.8364990911502493,0.799948373,0.157081076,0.3781684405,5965.0,0.0
0.8295126191661422,0.6100184535,0.137307569,0.408710798,5965.0,0.0
0.825462958692069,0.410583241,0.114655264,0.433673996,5965.0,0.0
0.810231084263145,0.2415224325,0.1291250305,0.4629314375,5965.0,0.0
0.7607867883552861,0.06691291,0.1846596225,0.497025784,5965.0,0.0
0.6599455365494257,0.000545524,0.186926909,0.5507104389999999,5965.0,0.0
0.6346603272656496,0.0014841985,0.19297870299999997,0.548665053,5965.0,0.0
0.6376472346724722,0.0709959625,0.205527988,0.509730686,5965.0,0.0
0.711766761881518,0.252608693,0.16843495149999999,0.45933247850000003,5965.0,0.0
0.8091843369298698,0.423879474,0.147336374,0.420745576,5965.0,0.0
0.8250994234360879,0.562933697,0.149874222,0.401854171,5965.0,0.0
0.8256653739412283,0.738351063,0.163218953,0.4180314985,5965.0,0.0
0.8292054662698288,0.8959100906666667,0.184483086,0.44078037866666664,5965.0,0.0
0.8278469721698549,0.80506176,0.200560926,0.4803073715,5965.0,0.0
0.8213046436587383,0.5607643355,0.2195110235,0.517404984,5965.0,0.0
0.8177926458859845,0.342383699,0.205719484,0.548985177,5965.0,0.0
0.8077595235491731,0.21124396750000002,0.231612403,0.6089941335,5965.0,0.0
0.7597086342903394,0.0494735435,0.31128040050000005,0.694937334,5965.0,0.0
0.6464469098952819,0.0,0.29283218333333333,0.6973325136666667,5392.333333333333,0.0
0.6313297586417457,0.0114840815,0.276265105,0.5641296465000001,4247.0,0.0
0.6539242608597449,0.1226009105,0.2312168945,0.415838782,4247.0,0.0
0.7401119676324457,0.233143309,0.158207388,0.308829955,4247.0,0.0
0.8005323145734626,0.355590446,0.147259295,0.249052807,4247.0,0.0
0.8216248526007469,0.4975259185,0.1575931485,0.192488502,4247.0,0.0
0.8249215725234107,0.6611061195000001,0.1851199895,0.162276644,4247.0,0.0
0.8315679133130108,0.6902039525,0.2032124125,0.16694374699999998,4247.0,0.0
0.8293840907647748,0.6278606255,0.21042674900000002,0.2218525455,4247.0,0.0
0.8236194125695062,0.46930711700000005,0.205249258,0.24121351200000002,4247.0,0.0
0.8187217447575769,0.309000194,0.187990309,0.235764272,4247.0,0.0
0.806925249412084,0.1737552435,0.179349912,0.2310039565,4247.0,0.0
0.7505698191052506,0.041658557,0.22186174549999998,0.2770593675,4247.0,0.0
0.6281902658878008,0.0,0.2278221096666667,0.28277832233333333,4247.0,0.0
0.6064979043833447,0.0137622895,0.227097958,0.28473345,4247.0,0.0
0.6124172712849698,0.103981927,0.21015950900000002,0.27729017499999997,4247.0,0.0
0.648474520581028,0.2601596785,0.177217309,0.1999980135,4247.0,0.0
0.6921459177766714,0.417410435,0.178596432,0.132446622,4247.0,0.0
0.7189345179800992,0.531998868,0.181427738,0.083938762,4247.0,0.0
0.7248452050564549,0.6499062325,0.18431805299999998,0.055090982499999996,4247.0,0.0
0.7267972363675114,0.6871631206666667,0.20820061266666667,0.08447888733333332,4247.0,0.0
0.7230118861204894,0.599926869,0.228309205,0.143061167,4247.0,0.0
0.7232943778595428,0.4182036615,0.2364052645,0.164932503,4247.0,0.0
0.7201346485135564,0.260125312,0.229847071,0.190761335,4247.0,0.0
0.7157025213696513,0.1311686855,0.2035237305,0.250125596,4247.0,0.0
0.7022978010301559,0.024522160999999997,0.2091611515,0.35450414399999997,4247.0,0.0
0.6283084139997969,0.0,0.18731698966666666,0.45544823733333334,4247.0,0.0
0.6066744982002361,0.0054324085,0.2040036045,0.4003191935,4247.0,0.0
0.6129963020410001,0.066175823,0.1924213375,0.3131757005,4247.0,0.0
0.6497093944239661,0.1764928965,0.1712542865,0.175631274,4247.0,0.0
0.6918239198149717,0.2898199,0.178063144,0.106321081,4247.0,0.0
0.7210584763596917,0.378005536,0.2020704515,0.10235795,4247.0,0.0
0.7251391812746815,0.440165364,0.286516917,0.176080297,4247.0,0.0
0.7255335429280398,0.40724028,0.383545466,0.36894741750000004,4247.0,0.0
0.7234557635331321,0.2869031675,0.476452284,0.5635184200000001,4247.0,0.0
0.7236730240444683,0.18985639399999998,0.4862987575,0.665065399,4247.0,0.0
0.7221090921946819,0.120486089,0.474932916,0.67693614,4247.0,0.0
0.7149025312337206,0.051611932,0.527110335,0.680917722,4247.0,0.0
0.6851683190625981,0.0034395575,0.607340585,0.747396334,4247.0,0.0
0.6404843737182624,0.008064202,0.6564176617499999,0.8178255845,4247.0,0.0
0.6580869517199214,0.111363144,0.6628624255,0.8082268109999999,4247.0,0.0
0.7720077349505146,0.253294797,0.6796177465,0.8072747015,4247.0,0.0
0.8211565314840134,0.430542923,0.678960152,0.775322522,4247.0,0.0
0.8219364059226807,0.524132147,0.679569262,0.751996899,4247.0,0.0
0.8204205636936127,0.594705233,0.682424806,0.728843035,4247.0,0.0
0.8234659325485466,0.684850251,0.6750944015,0.6619393284999999,4247.0,0.0
0.8252053538942293,0.6889594920000001,0.6967748739999999,0.6227038806666667,4247.0,0.0
0.8174235981429732,0.45854239150000003,0.7003838665,0.6039485204999999,4247.0,0.0
0.812588163853673,0.322222472,0.695697783,0.596754372,4247.0,0.0
0.8038281642898703,0.18735888750000002,0.671074116,0.606403715,4247.0,0.0
0.7496825231947071,0.0487704955,0.636359084,0.64640087,4247.0,0.0
0.6404239368114262,0.0088613508,0.6096266956,0.6529888476,4247.0,0.0
0.6534962921635097,0.1314988475,0.5877429295000001,0.7458128395,4247.0,0.0
0.768750448634914,0.282818144,0.6679790035,0.7958909995000001,4247.0,0.0
0.8174291106300033,0.432792839,0.663731511,0.768550401,4247.0,0.0
0.8162662621963731,0.5384666490000001,0.6331591194999999,0.6875555675,4247.0,0.0
0.8174839456283434,0.6541156269999999,0.562972317,0.524628471,4247.0,0.0
0.8177539616559959,0.6997109735,0.578992702,0.499309019,4247.0,0.0
0.8136488376356898,0.5815462929999999,0.5880771579999999,0.48887163749999996,4247.0,0.0
0.8091419294293323,0.434974356,0.56876103,0.446216167,4247.0,0.0
0.8066333042654924,0.340280312,0.522723426,0.433024938,4247.0,0.0
0.7978498762382311,0.202441609,0.4079694895,0.3727454065,4247.0,0.0
0.7441359273066422,0.06664170550000001,0.33228362850000004,0.3293712595,4247.0,0.0
0.6545614870035386,0.001337508,0.33879103050000003,0.3645173055,4247.0,0.0
0.6321423290502692,0.015600350333333334,0.29097761166666664,0.4419315926666667,4247.0,0.0
0.6533516856093743,0.13187503,0.24475635,0.448953744,4247.0,0.0
0.7388555035432895,0.233528804,0.265834221,0.39359071,4247.0,0.0
0.8077053415007105,0.3307116715,0.250233205,0.315577808,4247.0,0.0
0.81708443417229,0.442671938,0.241282864,0.259829516,4247.0,0.0
0.8173478736683109,0.516471821,0.22044313199999999,0.2190119045,4247.0,0.0
0.8183345639785484,0.6005860915000001,0.263120452,0.197747707,4247.0,0.0
0.8168302784506563,0.5169620245,0.30020103899999995,0.19471280400000002,4247.0,0.0
0.8117612880440828,0.33085763199999996,0.278320408,0.237807804,4247.0,0.0
0.8072757526307741,0.204568001,0.23718203,0.27981675,4247.0,0.0
0.7988129932474242,0.095239243,0.18142377599999998,0.31972034800000004,4247.0,0.0
0.7446637257024897,0.0204827425,0.16467927100000002,0.4234627955,4247.0,0.0
0.652919219666741,0.000512463,0.194368591,0.4875780175,4247.0,0.0
0.6317687038360558,0.002224157666666667,0.25035292733333336,0.39508487,4247.0,0.0
0.6538786376105796,0.054997509,0.2993670225,0.3753887385,4247.0,0.0
0.7407997737769153,0.130777534,0.323722765,0.37648755,4247.0,0.0
0.8009601624405162,0.233700377,0.355184465,0.384801975,4247.0,0.0
0.8213776118898856,0.383259061,0.379690154,0.415895206,4247.0,0.0
0.8216643104130046,0.5048595105,0.429209335,0.49521763500000004,4247.0,0.0
0.8252294669907873,0.5753866293333334,0.45225137299999996,0.4863665373333334,4247.0,0.0
0.8258558455996826,0.4795812245,0.48230744999999997,0.514731343,4247.0,0.0
0.8196468302898684,0.3720266575,0.4408650095,0.5053190115,4247.0,0.0
0.814454485489817,0.240317207,0.37026928,0.449065543,4247.0,0.0
0.8060693846351966,0.155200401,0.29318679999999997,0.42486677149999996,4247.0,0.0
0.7485140896584634,0.0587827435,0.2323082045,0.437245206,4247.0,0.0
0.6527602759627203,0.0017085555,0.1921157915,0.400094495,4247.0,0.0
0.6333396108816167,0.028601260500000003,0.13512717225,0.28712185275,4247.0,0.0
0.7055263156348379,0.146312723,0.0867982135,0.18754372749999998,4247.0,0.0
0.8125199345272871,0.258848483,0.093406217,0.093530172,4247.0,0.0
0.8237069840108865,0.38743139,0.091871036,0.064170268,4247.0,0.0
0.8248047460543853,0.5026193985,0.079634019,0.0652405795,4247.0,0.0
0.8288011190882365,0.603385913,0.077910256,0.095407988,4247.0,0.0
0.8249361757336438,0.533206512,0.095113507,0.174572699,4247.0,0.0
0.8160108011653551,0.3749936865,0.0977485855,0.20586968,4247.0,0.0
0.8107825767892188,0.239009733,0.097958263,0.229128403,4247.0,0.0
0.8026160417553189,0.11799562450000001,0.1148545425,0.263304341,4247.0,0.0
0.747453295047265,0.0236716955,0.148539363,0.30739454600000005,4247.0,0.0
0.6360056686959408,0.000697873,0.1228744925,0.3464523075,4247.0,0.0
0.6084507940276487,0.01177867925,0.0995820185,0.301232923,4247.0,0.0
0.6236361868085631,0.1003279115,0.058431538,0.1989051215,4247.0,0.0
0.6747732570447319,0.2275137055,0.0571115655,0.2005443825,4247.0,0.0
0.7163009426510647,0.369205159,0.0696524615,0.2153212295,4247.0,0.0
0.7230790271970796,0.463440283,0.0745353845,0.267939262,4247.0,0.0
0.7239173392722442,0.45646852299999996,0.08370095699999999,0.299620083,4247.0,0.0
0.7229973795342435,0.37037733500000003,0.08033493350000001,0.30398634599999996,4247.0,0.0
0.7212090551027601,0.23654922650000001,0.0728462255,0.2794920715,4247.0,0.0
0.7157339525033073,0.1160004385,0.08537236000000001,0.26297130300000005,4247.0,0.0
0.6697131399081925,0.015055302750000001,0.09374279275,0.23239244250000002,4247.0,0.0
0.6086931469947623,0.005496435,0.06927936933333333,0.2340299686666667,4247.0,0.0
0.6190692776643744,0.12515620466666666,0.03623306566666667,0.18710197466666667,4247.0,0.0
0.6751972366068608,0.31513123,0.018800522,0.161755929,4247.0,0.0
0.7188261536863838,0.4570469185,0.032007065,0.1913951665,4247.0,0.0
0.7257526972170494,0.505796612,0.07015402566666666,0.27329481066666667,4247.0,0.0
0.722894430906781,0.45359161800000003,0.1153609555,0.38753221849999997,4247.0,0.0
0.7201805860366681,0.3197804795,0.1440930485,0.391186098,4247.0,0.0
0.7183933252562056,0.19990735,0.143609036,0.368707897,4247.0,0.0
0.7128247760440072,0.11237026650000001,0.156441754,0.3603373855,4247.0,0.0
0.7032686546491985,0.032597271500000004,0.186307643,0.339257327,4247.0,0.0
0.6552292978863461,0.000865502,0.20432618,0.340410856,4247.0,0.0
0.6348425179925662,0.02059449875,0.22106123975,0.35625866975,4247.0,0.0
0.7064863137161808,0.09189613699999999,0.1931047665,0.3579076615,4247.0,0.0
0.8093378649676377,0.203179216,0.1906079145,0.33601705299999995,4247.0,0.0
0.8181429316515056,0.347432941,0.2131881335,0.3465437825,4247.0,0.0
0.8176045437783062,0.410769427,0.26211701600000004,0.37869082,4247.0,0.0
0.8171262131249346,0.42668813699999997,0.2842270575,0.4142234105,4247.0,0.0
0.8151471267694547,0.388345862,0.293669038,0.47358798,4247.0,0.0
0.8111284137187307,0.2861496255,0.3130972545,0.504535811,4247.0,0.0
0.8081618638643249,0.193615025,0.325456104,0.522248638,4247.0,0.0
0.7999414852611031,0.10477622949999998,0.3156322115,0.49346780450000005,4247.0,0.0
0.7467309392348694,0.028679090499999997,0.3236813835,0.490598323,4247.0,0.0
0.6463071631406861,0.0006096133333333333,0.3245173333333333,0.586137115,4247.0,0.0
0.6338605706540873,0.021452388,0.29115937500000005,0.5665762216666667,4247.0,0.0
0.7046928152768079,0.09443692349999999,0.258555115,0.5230777645,4247.0,0.0
0.8081499442820237,0.211152006,0.2055085405,0.43289455499999996,4247.0,0.0
0.8185706826977819,0.294776285,0.166253474,0.332591716,4247.0,0.0
0.8183807431600234,0.411142154,0.1437209295,0.2530852255,4247.0,0.0
0.81932845897473,0.5013703144999999,0.1496306025,0.19343498650000002,4247.0,0.0
0.8183546796758117,0.47031680249999996,0.15924364200000002,0.1691735815,4247.0,0.0
0.812717514444488,0.3473806025,0.1633423085,0.163880405,4247.0,0.0
0.8092616085690698,0.257156817,0.15780206,0.140808016,4247.0,0.0
0.8013190072021249,0.15511684250000002,0.140814874,0.113406233,4247.0,0.0
0.7457370926490767,0.0653092355,0.129961821,0.0918307675,4247.0,0.0
0.6528881274058062,0.0028797650000000003,0.1209552485,0.11858583,4247.0,0.0
0.633299028610167,0.034081457,0.09778569375,0.1249620115,4247.0,0.0
0.7046132707108195,0.176596661,0.0603535365,0.1203412185,4247.0,0.0
0.8092015031356434,0.30831681499999997,0.050312624,0.11008756350000001,4247.0,0.0
0.8186705366025886,0.3789694415,0.042402763,0.138191273,4247.0,0.0
0.8189443727215673,0.410243909,0.0528713995,0.181478957,4247.0,0.0
0.8174727594831106,0.375078134,0.05987291,0.19596000633333333,4247.0,0.0
0.8127945444253248,0.321921282,0.044104015,0.16349537,4247.0,0.0
0.8090297450442908,0.225774099,0.0410305745,0.166664274,4247.0,0.0
0.799583027389024,0.143570156,0.057084115500000004,0.1840711745,4247.0,0.0
0.7452375338434518,0.069425341,0.126609593,0.23291504400000002,4247.0,0.0
0.6463030207070154,0.003434521,0.178987417,0.28941347799999995,4247.0,0.0
0.6314171608435555,0.0312599605,0.209100199,0.33669231450000003,4247.0,0.0
0.653966064017584,0.0870761785,0.2397314685,0.3754305435,4247.0,0.0
0.7393315614666629,0.145447028,0.283958561,0.40337598,4247.0,0.0
0.8077464917086721,0.20974299400000002,0.405015451,0.4355624635,4247.0,0.0
0.8176478700922787,0.254673071,0.515050164,0.474048645,4247.0,0.0
0.8177724333679439,0.241445124,0.556639887,0.5574220175,4247.0,0.0
0.8182521665450575,0.2348160935,0.6112305965,0.6594098255,4247.0,0.0
0.8173324968758089,0.1875606895,0.638583064,0.7455437175,4247.0,0.0
0.8124591035284001,0.128150439,0.628501325,0.791143055,4247.0,0.0
0.8062909485545857,0.064025505,0.632423572,0.796965749,4247.0,0.0
0.7966833285424563,0.030620622,0.656932484,0.795505675,4247.0,0.0
0.7489465554043065,0.007813001,0.6799883760000001,0.8379602184999999,4247.0,0.0
0.6535124911454594,0.0005166015,0.701843978,0.863567822,4247.0,0.0
0.6331223624728777,0.0,0.7038124175,0.8605573115,4247.0,0.0
0.6355513222415474,0.0074331779999999995,0.6627072025,0.817561199,4247.0,0.0
0.7053447414516121,0.06620002850000001,0.609959329,0.7656978215,4247.0,0.0
0.8094640240150195,0.20485196649999998,0.580314268,0.702600621,4247.0,0.0
0.8189198081882947,0.342104489,0.539031058,0.654779639,4247.0,0.0
0.8186369779701004,0.4639420565,0.5040851245,0.6316579035000001,4247.0,0.0
0.8198630753637822,0.5696355995,0.4708511235,0.6387347205,4247.0,0.0
0.8184179768494617,0.5842652269999999,0.474390466,0.65673945,4247.0,0.0
0.8131541629659924,0.5242915705,0.436323989,0.670559423,4247.0,0.0
0.8101706403505777,0.337672141,0.381257571,0.655263296,4247.0,0.0
0.8017471693431248,0.193115353,0.314555829,0.623379203,4247.0,0.0
0.7458354714145583,0.0690400635,0.30288940649999996,0.5721623575,4247.0,0.0
0.63617423524386,0.002933559,0.2668603315,0.4037346625,4247.0,0.0
0.6093020771351431,0.008127538,0.2752803795,0.34804313,4247.0,0.0
0.6069593106860962,0.0813797525,0.24995261500000002,0.27283403500000003,4247.0,0.0
0.6223221796911506,0.191957136,0.2088002545,0.2117272305,4247.0,0.0
0.6715223780211925,0.37302361100000003,0.2230395765,0.196276375,4247.0,0.0
0.7085876904205373,0.507919897,0.23545726,0.218479957,4247.0,0.0
0.7128642340530551,0.6184405675,0.2314510005,0.24733720350000002,4247.0,0.0
0.7145098377708718,0.6448208535,0.222443682,0.309652057,4247.0,0.0
0.7146980849129263,0.5965499080000001,0.203180344,0.3441243185,4247.0,0.0
0.7148448193594741,0.525730267,0.172321221,0.33875828,4247.0,0.0
0.7140173632155896,0.36928938899999997,0.1452081785,0.321861823,4247.0,0.0
0.710223985765192,0.1870898115,0.122447696,0.2840257035,4247.0,0.0
0.7003214951233856,0.07298831750000001,0.13683192649999998,0.25673762899999997,4247.0,0.0
0.6359944260719212,0.0030501765,0.1282063335,0.2728698885,4247.0,0.0
0.6087329955995551,0.043293345750000004,0.13064270025000002,0.273798866,4247.0,0.0
0.6227810958107348,0.193003101,0.105122876,0.2251319395,4247.0,0.0
0.6709230139179398,0.342088289,0.113573541,0.2188218905,4247.0,0.0
0.7096323584685791,0.4692197595,0.1848996915,0.26241586149999996,4247.0,0.0
0.7117072849959845,0.540709916,0.225978474,0.313207369,4247.0,0.0
0.7120924833105569,0.5279203054999999,0.25918374099999997,0.42833540550000004,4247.0,0.0
0.7114803776323454,0.4353454065,0.292892179,0.500115325,4247.0,0.0
0.7119555893578666,0.274798344,0.305653902,0.554366814,4247.0,0.0
0.7114615432360623,0.183724386,0.291273515,0.59050199,4247.0,0.0
0.7093769940615484,0.093770508,0.27430188899999997,0.620297051,4247.0,0.0
0.6869022517984612,0.016859202333333333,0.274001291,0.6575370786666666,4247.0,0.0
0.6347549827605823,0.00302356575,0.23258324549999998,0.6242066315,4247.0,0.0
0.653966064017584,0.033586184,0.18676303649999998,0.6209726695,4247.0,0.0
0.7690047007837448,0.109929072,0.22366762950000002,0.670122399,4247.0,0.0
0.8178564747867499,0.158853943,0.238299831,0.678810435,4247.0,0.0
0.8179395975889112,0.22989577449999998,0.2585212985,0.7144944615,4247.0,0.0
0.8183137227158247,0.2297728565,0.2708269635,0.7321663985,4247.0,0.0
0.818155697628449,0.2729480745,0.352037447,0.7866100115,4247.0,0.0
0.8139038635635798,0.23939955949999997,0.39055435,0.8192200095,4247.0,0.0
0.809252662880243,0.161103997,0.377007657,0.8195175765,4247.0,0.0
0.80060528280461,0.088769615,0.34324836000000003,0.8227259965,4247.0,0.0
0.7494638605532093,0.0337622965,0.3408708575,0.8410461309999999,4247.0,0.0
0.643606398160681,0.0040742295,0.34912365775,0.8908596292500001,4247.0,0.0
0.6358582090775129,0.041447962500000005,0.358692861,0.8930207875,4247.0,0.0
0.7051611848039303,0.094425597,0.38010961499999996,0.9027763995,4247.0,0.0
0.8083359913096629,0.17220119150000002,0.485407264,0.917325073,4247.0,0.0
0.8183907042862727,0.246729715,0.560697977,0.925877686,4247.0,0.0
0.8174884908915497,0.32586776,0.592291715,0.925233709,4247.0,0.0
0.8187689395732645,0.38955090800000003,0.5668942615,0.90354437,4247.0,0.0
0.8194385156641493,0.435813134,0.6288637834999999,0.9036888095,4247.0,0.0
0.8148850896003856,0.306934624,0.6569479615,0.879078113,4247.0,0.0
0.8096786489152319,0.2123397965,0.610904281,0.8675358695,4247.0,0.0
0.7999757208518727,0.09812887449999999,0.541453293,0.8556401145,4247.0,0.0
0.7461241285905194,0.023612421999999997,0.545185545,0.8654955209999999,4247.0,0.0
0.6462580019317421,0.00043489900000000004,0.5565312556666666,0.8739036886666667,4247.0,0.0
0.631248158995718,0.0079220315,0.5443297635,0.86422457,4247.0,0.0
0.6535808655062214,0.0863024545,0.47794776299999997,0.8294291575,4247.0,0.0
0.7394018218646837,0.166461153,0.508574664,0.800787545,4247.0,0.0
0.7986118350940504,0.268556046,0.521045224,0.775840356,4247.0,0.0
0.8167687704934876,0.329911349,0.511058266,0.744734643,4247.0,0.0
0.8166387913547797,0.391759608,0.502829187,0.739057122,4247.0,0.0
0.815814188471978,0.43850632450000004,0.473715125,0.7330872625,4247.0,0.0
0.8175393930377798,0.399414499,0.4686667626666667,0.7426447340000001,4247.0,0.0
0.8139550235049695,0.3385241075,0.44869506550000005,0.676351387,4247.0,0.0
0.8082088410300532,0.22566947950000002,0.373830858,0.661968165,4247.0,0.0
0.79945162191496,0.11117670799999999,0.2849711235,0.645897742,4247.0,0.0
0.7468769723211512,0.039297034,0.25678818800000003,0.6455583094999999,4247.0,0.0
0.6530176712445959,0.001376741,0.264197809,0.6558453895,4247.0,0.0
0.6325082259198216,0.0039716175,0.25689210799999995,0.6227617435,4247.0,0.0
0.6350992483203621,0.0428246855,0.2378983935,0.5618848190000001,4247.0,0.0
0.7044958883094843,0.1160540545,0.22706600799999999,0.511974584,4247.0,0.0
0.8081742427549483,0.183696049,0.2027133455,0.4543402015,4247.0,0.0
0.8177358766367872,0.249515729,0.189131725,0.44654254,4247.0,0.0
0.81606471735026,0.313977358,0.184532393,0.470006465,4247.0,0.0
0.81606471735026,0.327062787,0.194202281,0.514275839,4247.0,0.0
0.8160661194804217,0.367925975,0.190376197,0.5584451455,4247.0,0.0
0.8139376638544312,0.35693696399999997,0.21116673149999998,0.629235302,4247.0,0.0
0.8092564831683593,0.2639152235,0.2604904645,0.6383737795,4247.0,0.0
0.8079586264257175,0.170495345,0.293190886,0.617705804,4247.0,0.0
0.8005991417696867,0.1008314535,0.3119647225,0.6182343855,4247.0,0.0
0.7454610564156829,0.031551486,0.369260246,0.633379439,4247.0,0.0
0.6533960273607693,0.000866081,0.4447693825,0.6839606135,4247.0,0.0
0.6322929238645373,0.001279596,0.4755006045,0.787343423,4247.0,0.0
0.6344831775164484,0.0212327915,0.481039249,0.8447076680000001,4247.0,0.0
0.7046599820129902,0.080129531,0.5088398875,0.865226016,4247.0,0.0
0.8094601071029157,0.15566578749999999,0.5806594005,0.8916636235,4247.0,0.0
0.8175963234581496,0.27350251449999996,0.655643559,0.880513946,4247.0,0.0
0.8161489524106211,0.3718673345,0.6681208025,0.8695924909999999,4247.0,0.0
0.8165653882172946,0.340766381,0.6999349905000001,0.823578296,4247.0,0.0
0.8121034985238234,0.212917215,0.706983801,0.7659594384999999,4247.0,0.0
0.8066494064266647,0.112378958,0.6811114460000001,0.7099504514999999,4247.0,0.0
0.7979281879136284,0.047998001,0.6284770500000001,0.6643499105,4247.0,0.0
0.7445262032019069,0.008647219499999999,0.5983215985,0.5962488775,4247.0,0.0
0.6283825910475346,0.0,0.5539303886666666,0.583301042,4247.0,0.0
0.6067047764713148,0.006646251666666668,0.5143202450000001,0.5152369683333333,4247.0,0.0
0.6216313998499969,0.063351957,0.484908667,0.4631464635,4247.0,0.0
0.6581667379442732,0.130957514,0.494872874,0.422227533,4247.0,0.0
0.681345565952164,0.192022859,0.50410525,0.395307268,4247.0,0.0
0.709781800551463,0.28114944500000005,0.5149791905000001,0.357720807,4247.0,0.0
0.7116246939865354,0.3254905363333333,0.4539027363333334,0.27001040466666665,4247.0,0.0
0.7109130248002529,0.2673151775,0.4591418505,0.30051452,4247.0,0.0
0.7120091670636308,0.22312470299999998,0.42782658100000004,0.3043138055,4247.0,0.0
0.7114615432360623,0.153200069,0.364505499,0.279034852,4247.0,0.0
0.7085542286088267,0.0882163645,0.312759216,0.286976772,4247.0,0.0
0.7002831009621489,0.022278262,0.2987843825,0.327767617,4247.0,0.0
0.636568427657648,0.000767054,0.2816585765,0.3397338395,4247.0,0.0
0.6083145891686358,0.007203153666666667,0.28768845066666665,0.28809160333333333,4247.0,0.0
0.6172281976509779,0.094918127,0.237744171,0.19053564599999998,4247.0,0.0
0.6703454581044446,0.259808429,0.18638712400000002,0.1284312015,4247.0,0.0
0.7079774463776002,0.375288135,0.147338636,0.109118919,4247.0,0.0
0.7117600405123007,0.468981547,0.134927834,0.097878212,4247.0,0.0
0.7125767859560712,0.5026690335,0.11445274650000001,0.0973296265,4247.0,0.0
0.713946474269676,0.462105952,0.129579879,0.1830545205,4247.0,0.0
0.7132031323569707,0.3678859095,0.1326471415,0.2137221335,4247.0,0.0
0.7147347382680702,0.203166332,0.107052007,0.207456634,4247.0,0.0
0.7122825196690927,0.096555764,0.078012994,0.194454326,4247.0,0.0
0.7068517106074363,0.0481519845,0.08452071650000001,0.190945462,4247.0,0.0
0.678463395995705,0.0026380495,0.110769951,0.245955953,4247.0,0.0
0.6344117567450243,0.00188940075,0.14352992225,0.3183437305,4247.0,0.0
0.6540331328721714,0.0368922165,0.14380639550000002,0.36169721600000004,4247.0,0.0
0.7697185702156359,0.095619362,0.1395841385,0.33500175649999997,4247.0,0.0
0.8191917584668047,0.184192016,0.148030924,0.286038043,4247.0,0.0
0.8206050875651185,0.246420386,0.164523743,0.25338468000000003,4247.0,0.0
0.8233502183377212,0.3033160785,0.169288083,0.231588395,4247.0,0.0
0.8244524294140194,0.257323234,0.2037863165,0.2508852025,4247.0,0.0
0.8196193160683161,0.2004306085,0.234521474,0.267333022,4247.0,0.0
0.8152648238383167,0.136684483,0.2852633505,0.2585518645,4247.0,0.0
0.8062984194976677,0.0929242425,0.323179718,0.2552749025,4247.0,0.0
0.7503197253300967,0.0321879345,0.368976178,0.28018364100000004,4247.0,0.0
0.6528454054345321,0.0018804849999999999,0.3658685335,0.3253580655,4247.0,0.0
0.6338037250174947,0.0165279805,0.334967927,0.37016426375000006,4247.0,0.0
0.7060929915086489,0.116494171,0.2815420745,0.2975491025,4247.0,0.0
0.8026528883584375,0.213697644,0.215191084,0.232651992,4247.0,0.0
0.8225646381640489,0.27956717,0.185475763,0.19465867,4247.0,0.0
0.8249326945150387,0.394376497,0.17078504,0.169714738,4247.0,0.0
0.8254655697044178,0.49107974,0.165733996,0.155531415,4247.0,0.0
0.8293951159356253,0.598189088,0.156700569,0.17741142399999998,4247.0,0.0
0.8276550981844488,0.714026034,0.19237010300000001,0.259503854,4247.0,0.0
0.8211932816599348,0.597972519,0.253003205,0.303326428,4247.0,0.0
0.8161448904641413,0.3855082145,0.29004889050000005,0.3215886785,4247.0,0.0
0.8106837385186246,0.268762639,0.303308744,0.332656112,4247.0,0.0
0.8042232755170933,0.174824173,0.3570946475,0.3519259525,4247.0,0.0
0.7501607330188971,0.0683737145,0.4180760955,0.3924874385,4247.0,0.0
0.6529017875974097,0.003656622,0.4131725955,0.427266329,4247.0,0.0
0.6337742282330912,0.03360249525,0.380849567,0.38521353975,4247.0,0.0
0.7061434260813684,0.14960420600000002,0.341170362,0.344479444,4247.0,0.0
0.8038546144668213,0.254556468,0.318308209,0.318296041,4247.0,0.0
0.8226754684357371,0.336798576,0.307379438,0.294268016,4247.0,0.0
0.825723207038237,0.429754675,0.295083136,0.261949518,4247.0,0.0
0.8285782012522844,0.534574079,0.256312594,0.218814132,4247.0,0.0
0.8328895123994774,0.575772219,0.2170791555,0.201879054,4247.0,0.0
0.8294952113020052,0.5349699495,0.1696630815,0.223320105,4247.0,0.0
0.8246439163131059,0.416134479,0.145736846,0.248973741,4247.0,0.0
0.821894626970036,0.343991513,0.136184132,0.270658752,4247.0,0.0
0.8162769004776941,0.257359149,0.123547901,0.27454601,4247.0,0.0
0.8116080982886654,0.151670831,0.121119838,0.277127261,4247.0,0.0
0.7860330957591144,0.07319660550000001,0.1585879195,0.29088883200000004,4247.0,0.0
0.6974638897001991,0.003676188,0.179976011,0.3042861375,4247.0,0.0
0.6351159672220152,0.0038956209999999997,0.1513224275,0.32517354325,4247.0,0.0
0.6556392785809404,0.053033934500000005,0.104761631,0.32753041,4247.0,0.0
0.7442908338597481,0.111394807,0.07231089,0.290551642,4247.0,0.0
0.8058306060996452,0.18803239,0.054022196,0.261166391,4247.0,0.0
0.827519896824253,0.248039018,0.058869455,0.251012691,4247.0,0.0
0.8332873314598269,0.302433451,0.076254131,0.252522625,4247.0,0.0
0.8337786213381163,0.340605003,0.105365266,0.267652208,4247.0,0.0
0.8361463874235637,0.35120364049999997,0.15063084599999998,0.292826111,4247.0,0.0
0.8388857642475631,0.318776854,0.2396141325,0.35026065500000003,4247.0,0.0
0.8309625532092113,0.2502158175,0.3278906945,0.4182780215,4247.0,0.0
0.822406467845507,0.189616995,0.40926345500000005,0.486890518,4247.0,0.0
0.8123601686338187,0.103188215,0.4997221125,0.5817770425,4247.0,0.0
0.7546841788831354,0.056270027,0.532565857,0.7048872245,4247.0,0.0
0.6554027483734027,0.0035309455,0.5778617845,0.7958953555,4247.0,0.0
0.6331482325123247,0.015606218666666666,0.5681173443333333,0.846462372,4247.0,0.0
0.6545796686467347,0.10751862000000001,0.5069776825,0.8559430185,4247.0,0.0
0.7401005557688557,0.192997808,0.551127959,0.844222257,4247.0,0.0
0.8001358012160779,0.266051268,0.577671749,0.838954603,4247.0,0.0
0.8188595573269118,0.301397862,0.572851612,0.820349933,4247.0,0.0
0.8199735669595394,0.398206755,0.577301061,0.794798004,4247.0,0.0
0.8188883772514288,0.435556812,0.571077901,0.749185257,4247.0,0.0
0.8200333343074054,0.48828638999999996,0.5874300935,0.681860304,4247.0,0.0
0.8201057706146471,0.454514678,0.5853705425,0.616724919,4247.0,0.0
0.816293679597148,0.40888577299999995,0.5816660364999999,0.5852841630000001,4247.0,0.0
0.8121868149675395,0.329365318,0.553442091,0.565285529,4247.0,0.0
0.8097707902185933,0.249354614,0.517062596,0.542254685,4247.0,0.0
0.8013190072021249,0.135279543,0.43129424,0.527900311,4247.0,0.0
0.7471131396475634,0.036386852,0.3829733455,0.549858298,4247.0,0.0
0.6280074665543983,0.0013886756666666668,0.351956008,0.5456389073333333,4247.0,0.0
0.6061544850214169,0.017419478999999998,0.3209919255,0.6002879745,4247.0,0.0
0.6115715852842908,0.107002151,0.28347185750000004,0.618124895,4247.0,0.0
0.6285870210347425,0.182730542,0.272139975,0.592285384,4247.0,0.0
0.6581166902610833,0.258377293,0.23113675,0.563194302,4247.0,0.0
0.6834114981835636,0.322009718,0.19422725,0.527524995,4247.0,0.0
0.7087081917497225,0.442315478,0.17152077,0.489480745,4247.0,0.0
0.7115883308313368,0.513547471,0.166185929,0.448226632,4247.0,0.0
0.7135841640326781,0.5775161853333333,0.12277317166666668,0.3197191013333333,4247.0,0.0
0.7149167233492297,0.5447546320000001,0.108810442,0.31558068699999997,4247.0,0.0
0.7149134595837937,0.453406252,0.0962482315,0.3247693365,4247.0,0.0
0.7132950800187773,0.353199096,0.083766709,0.316056654,4247.0,0.0
0.7095333993688032,0.233133102,0.076573105,0.32228373200000004,4247.0,0.0
0.6998831786081616,0.09399076549999999,0.0928366425,0.3587988995,4247.0,0.0
0.6408649179446488,0.0034969255000000003,0.0901816735,0.3678520565,4247.0,0.0
0.6147353523715625,0.0060692160000000005,0.086586312,0.367582239,3378.0,0.0
0.6121630433413333,0.09318201150000001,0.0864086605,0.3664237635,3378.0,0.0
0.627393056134983,0.2539305565,0.063168344,0.3676971505,3378.0,0.0
0.6656386004301102,0.432631024,0.054038423,0.370264762,3378.0,0.0
0.6939588549550261,0.558804162,0.064341218,0.379642778,3378.0,0.0
0.7227013480391877,0.69739067,0.079265634,0.391512427,3378.0,0.0
0.726541436791756,0.811968701,0.087983228,0.409040226,3378.0,0.0
0.7309857491847298,0.9085311604999999,0.09010882149999999,0.41623989699999997,3378.0,0.0
0.7346249214422876,0.9166942284999999,0.089853617,0.4064129005,3378.0,0.0
0.7371721584173232,0.764895076,0.0861170685,0.417836161,3378.0,0.0
0.7353145406148526,0.580056314,0.084168732,0.420327195,3378.0,0.0
0.7322345976900082,0.441832881,0.084536635,0.414301546,3378.0,0.0
0.7319402589842368,0.294507921,0.091701082,0.406153885,3378.0,0.0
0.7246275094419907,0.1850512595,0.13571087999999998,0.41292150299999997,3378.0,0.0
0.6856760015643923,0.0298491775,0.155794405,0.442062671,3378.0,0.0
0.6369098162431261,0.01969054625,0.12120178525,0.43617373175,3378.0,0.0
0.6547864601163201,0.184146731,0.1007127165,0.468059112,3378.0,0.0
0.7398639049289266,0.300437264,0.064223015,0.45544751,3378.0,0.0
0.8063381433702732,0.444698634,0.062380155,0.443103368,3378.0,0.0
0.8328950731001061,0.591822443,0.074499274,0.444274516,3378.0,0.0
0.8406268938633591,0.72734912,0.097937404,0.454937726,3378.0,0.0
0.8422842237187123,0.8764935330000001,0.105760343,0.4626793425,3378.0,0.0
0.8462180733579725,0.947216441,0.0956678735,0.4504471075,3378.0,0.0
0.8455811854965294,0.8037860335,0.094670577,0.437525212,3378.0,0.0
0.8390425804527517,0.676943578,0.093258184,0.416158671,3378.0,0.0
0.8376204508967773,0.553211457,0.095382713,0.396193308,3378.0,0.0
0.8335761092681794,0.418204804,0.094864694,0.375370961,3378.0,0.0
0.826947079915519,0.248772823,0.1172828355,0.3630140385,3378.0,0.0
0.7677085608387915,0.095687038,0.164397904,0.347983225,3378.0,0.0
0.6545122855182006,0.003217284,0.125416111,0.31556840350000004,3378.0,0.0
0.6355160832175575,0.04583592625,0.12684383075,0.28353190625,3378.0,0.0
0.7064712510008351,0.205624182,0.120538368,0.27323694499999995,3378.0,0.0
0.8080594471607677,0.315836313,0.099369729,0.229392107,3378.0,0.0
0.8355911716269413,0.474043364,0.107257484,0.223676446,3378.0,0.0
0.8404517509805984,0.532286863,0.122916644,0.24167122,3378.0,0.0
0.8424512429053035,0.603274634,0.143945885,0.266562745,3378.0,0.0
0.8482313466970433,0.622780779,0.1647209095,0.25571354150000003,3378.0,0.0
0.8539419636730308,0.5692804739999999,0.2084770115,0.290331889,3378.0,0.0
0.8509233834741887,0.485420702,0.2668480875,0.28546611450000003,3378.0,0.0
0.8479051415576974,0.334171657,0.312791652,0.287877441,3378.0,0.0
0.8444178535493824,0.256950704,0.332908068,0.28604766,3378.0,0.0
0.8340523124227189,0.148006093,0.364683201,0.29948179649999995,3378.0,0.0
0.7671818989063381,0.048155154,0.422266105,0.374110742,3378.0,0.0
0.6552455938858636,0.0012420915,0.4621883375,0.46793355950000004,3378.0,0.0
0.635549254960516,0.016747128,0.41444219875,0.53499458375,3378.0,0.0
0.7074370032275714,0.1230490485,0.349536673,0.498674124,3378.0,0.0
0.8100562800563154,0.237799942,0.311646139,0.409745852,3378.0,0.0
0.8357544193293853,0.315691087,0.278072736,0.360363088,3378.0,0.0
0.8433322765581619,0.39882507,0.263656914,0.325593066,3378.0,0.0
0.8460692838313856,0.473103582,0.253898376,0.307691783,3378.0,0.0
0.8514090642414607,0.5399889250000001,0.223015807,0.245447511,3378.0,0.0
0.8543718908253178,0.5225918039999999,0.2305331055,0.26320697000000004,3378.0,0.0
0.8483617609388792,0.439069936,0.206529606,0.3113630755,3378.0,0.0
0.8410374304902631,0.331831661,0.169083376,0.362926543,3378.0,0.0
0.8356751164217601,0.242657925,0.153177626,0.39126054,3378.0,0.0
0.8266643947317007,0.140304294,0.146329282,0.4098005125,3378.0,0.0
0.7624500902027821,0.0349725695,0.16275305,0.45796013199999996,3378.0,0.0
0.648141199376924,0.0,0.11926632033333334,0.43904630966666663,3378.0,0.0
0.6357306801079651,0.01576954833333333,0.09582358866666667,0.37877238166666666,3378.0,0.0
0.7066742949946775,0.124128773,0.069378277,0.335129075,3378.0,0.0
0.8189809292559337,0.2890198355,0.058210540500000005,0.31147232150000004,3378.0,0.0
0.8383553064289779,0.423318537,0.06994088300000001,0.29790278400000003,3378.0,0.0
0.8403624869467241,0.43420316849999996,0.0698482045,0.3008026655,3378.0,0.0
0.8401063327550315,0.4293453676666667,0.076350132,0.328867933,3378.0,0.0
0.8354636588597866,0.3236353275,0.0914223475,0.2850625285,3378.0,0.0
0.8320635554033222,0.205835119,0.104080292,0.259978686,3378.0,0.0
0.8244716264946378,0.129213766,0.130748922,0.28033599200000003,3378.0,0.0
0.7615947813582045,0.043063894500000005,0.1701001165,0.3376251135,3378.0,0.0
0.6480478253141647,0.0006436543333333333,0.20125466533333336,0.3865323836666667,3378.0,0.0
0.6356430924641918,0.014013283666666668,0.216967422,0.3424619566666666,3378.0,0.0
0.7070179320065645,0.0750681195,0.169702689,0.32217953,3378.0,0.0
0.8213384199411856,0.17321413400000002,0.125773363,0.306126858,3378.0,0.0
0.8408868519439848,0.28896526899999997,0.10014110700000001,0.2769217855,3378.0,0.0
0.8434216374128138,0.355385785,0.077018864,0.218399989,3378.0,0.0
0.848218435882514,0.3910056145,0.0814047805,0.2379612955,3378.0,0.0
0.8502947645400811,0.341557167,0.10211078000000001,0.2488284115,3378.0,0.0
0.8441252070425247,0.227621765,0.1301646415,0.278805192,3378.0,0.0
0.8383176376364116,0.135492031,0.152868427,0.285661022,3378.0,0.0
0.8271513327915486,0.068780853,0.1879280615,0.289891535,3378.0,0.0
0.7660061154529845,0.0133066645,0.243050991,0.30790090800000003,3378.0,0.0
0.6516125624664385,0.0,0.257673832,0.364887597,3378.0,0.0
0.618212860792586,0.001674253,0.28362322425,0.40341244099999995,3378.0,0.0
0.6174184918702701,0.037426057,0.30955882599999995,0.445743741,3378.0,0.0
0.6520061023239294,0.1050576945,0.349142246,0.450215199,3378.0,0.0
0.6949824886891597,0.149963071,0.339777189,0.45248685,3378.0,0.0
0.7239503659808267,0.173321039,0.329747012,0.446775329,3378.0,0.0
0.7304290586423624,0.200478426,0.325090442,0.445417359,3378.0,0.0
0.7337581283153272,0.227231288,0.31731215,0.38850214,3378.0,0.0
0.7369212908631102,0.2435115555,0.317804782,0.371214384,3378.0,0.0
0.7401741043342972,0.2481405115,0.33667609499999995,0.38401530650000004,3378.0,0.0
0.7416296474883838,0.2132062295,0.338260723,0.41357235400000003,3378.0,0.0
0.7376662527527263,0.127000402,0.28003913449999995,0.4598967725,3378.0,0.0
0.7205457166707856,0.0368820185,0.2604283195,0.479726225,3378.0,0.0
0.6421723005136217,0.0008341985,0.24361069349999998,0.462683438,3378.0,0.0
0.6142457709601765,0.011457765333333333,0.21783504733333334,0.46305379633333327,3378.0,0.0
0.6175739301504912,0.1207512625,0.1466272505,0.4599179235,3378.0,0.0
0.6373934902423526,0.208530545,0.082454357,0.412572687,3378.0,0.0
0.6681446629919899,0.329982695,0.054836883,0.353434363,3378.0,0.0
0.6970004041122141,0.477320647,0.039086743,0.298925126,3378.0,0.0
0.7283538906533839,0.591617375,0.028708935,0.243790594,3378.0,0.0
0.7335543589528144,0.67191217,0.024184036,0.205822438,3378.0,0.0
0.7396179055050384,0.6580619553333332,0.020743845,0.14364546366666667,3378.0,0.0
0.7406357524922023,0.5156606045000001,0.023617712,0.165083484,3378.0,0.0
0.7414267485289174,0.314329973,0.041314577500000005,0.1934497195,3378.0,0.0
0.740162740684306,0.164424231,0.060660548,0.207032384,3378.0,0.0
0.7358150906527055,0.0767864905,0.0905186315,0.24115971400000003,3378.0,0.0
0.7024609113730417,0.006054833,0.11728211033333334,0.28106246966666665,3378.0,0.0
0.6368419858104719,0.00251366125,0.1339749255,0.21410077425000001,3378.0,0.0
0.6554283767544864,0.043218731999999996,0.159641014,0.1750387775,3378.0,0.0
0.7435793337818426,0.115824072,0.142498036,0.180978276,3378.0,0.0
0.821569098985762,0.2576598505,0.140147077,0.181047868,3378.0,0.0
0.8401847326580343,0.377806308,0.140746635,0.201300658,3378.0,0.0
0.8402685808288658,0.34675657000000004,0.135774049,0.2244234315,3378.0,0.0
0.8408791633509436,0.2920555925,0.1372926075,0.2707159015,3378.0,0.0
0.8403813455482017,0.29369385849999996,0.136662087,0.322330557,3378.0,0.0
0.8353685924669201,0.282712275,0.14654080149999998,0.3179556865,3378.0,0.0
0.8318654919726044,0.220947666,0.145832712,0.307135005,3378.0,0.0
0.825138204486854,0.143353212,0.15289738749999998,0.3040504665,3378.0,0.0
0.7650427085718294,0.0601712295,0.18245139999999999,0.300358966,3378.0,0.0
0.648569176207154,0.0006321506666666667,0.17983838933333332,0.32111796966666667,3378.0,0.0
0.6336661179955216,0.019710557,0.15335991999999998,0.2562514865,3378.0,0.0
0.6554909001490773,0.11917011699999999,0.118366251,0.2120742595,3378.0,0.0
0.743139590340892,0.220405544,0.061719717,0.184091374,3378.0,0.0
0.8080594471607677,0.334734662,0.050224956,0.181183413,3378.0,0.0
0.8345782247813076,0.504109198,0.049128032,0.186203359,3378.0,0.0
0.8404517509805984,0.639554717,0.056294952,0.201831285,3378.0,0.0
0.8447582264022527,0.76675217,0.061362282500000004,0.193487525,3378.0,0.0
0.8480624414731929,0.767839135,0.0660847785,0.1894699825,3378.0,0.0
0.8510060709764318,0.67035457,0.072047557,0.187374749,3378.0,0.0
0.8477380741575075,0.5723068435,0.06652804849999999,0.18908703100000002,3378.0,0.0
0.842799207924018,0.40569176900000004,0.060082751000000004,0.210380874,3378.0,0.0
0.8305672485372232,0.2067979745,0.0684317305,0.21166610349999998,3378.0,0.0
0.7692485082928096,0.068367976,0.078168562,0.2151734355,3378.0,0.0
0.6437687994094458,0.006740413400000001,0.0695976092,0.2199584988,3378.0,0.0
0.6565978499333467,0.1133976915,0.056434229,0.24089602599999999,3378.0,0.0
0.7459873314586067,0.219016029,0.036862993,0.233123948,3378.0,0.0
0.810104344881469,0.366804881,0.024190716,0.23088925,3378.0,0.0
0.8375215158054057,0.515629091,0.029409602,0.242057643,3378.0,0.0
0.8484936257212656,0.675289511,0.045588421500000004,0.26148831100000003,3378.0,0.0
0.8558251611838094,0.7243459003333333,0.048704086,0.2033379763333333,3378.0,0.0
0.8542244554120844,0.642767573,0.057640429,0.2402103515,3378.0,0.0
0.8481693552263577,0.43454718449999996,0.054640968,0.230736892,3378.0,0.0
0.8401518513774082,0.315887595,0.060465022,0.214076833,3378.0,0.0
0.830184322755859,0.1821004185,0.090300652,0.1978139205,3378.0,0.0
0.7895903784986829,0.093869993,0.13203269,0.185781152,3378.0,0.0
0.706679396583774,0.011892485500000001,0.13813769050000002,0.1720705635,3378.0,0.0
0.6372378345089624,0.0085716465,0.089494204,0.184174059,3378.0,0.0
0.656654111463833,0.126183469,0.06407030250000001,0.233796145,3378.0,0.0
0.7458482613999057,0.207166095,0.033023251,0.22597925,3378.0,0.0
0.8112282192131486,0.337891602,0.036749991,0.212562867,3378.0,0.0
0.8395168491596435,0.47447366,0.054001539,0.209255896,3378.0,0.0
0.8497667244858703,0.570575255,0.060487314,0.209329755,3378.0,0.0
0.8578286669069923,0.646564396,0.0525516705,0.1963280745,3378.0,0.0
0.8607006660244476,0.6974975176666667,0.044078588333333335,0.208198366,3378.0,0.0
0.8535928867896969,0.465888285,0.0529292175,0.2256619305,3378.0,0.0
0.8464936502830438,0.2848687605,0.053212262499999996,0.21857044450000002,3378.0,0.0
0.8318913620120514,0.145707352,0.0712935595,0.1756437465,3378.0,0.0
0.7690396857515891,0.038754012,0.1107420175,0.20072196949999999,3378.0,0.0
0.6595282301429157,0.0,0.0852929975,0.18812091250000001,3378.0,0.0
0.6373447480653371,0.02221463375,0.043883320999999996,0.1609883305,3378.0,0.0
0.7095007837549445,0.15186907900000002,0.030981424,0.1716488895,3378.0,0.0
0.812019311873851,0.273057143,0.017110648,0.155549418,3378.0,0.0
0.8402472080358169,0.375024293,0.01699936,0.143994747,3378.0,0.0
0.8534943385878546,0.485721194,0.017702,0.137209373,3378.0,0.0
0.8602127287951671,0.5854153719999999,0.018139609,0.14915280749999998,3378.0,0.0
0.8658352908162577,0.6601384299999999,0.023227745,0.17449956,3378.0,0.0
0.8589334405852507,0.591408564,0.039643882500000005,0.16825332199999998,3378.0,0.0
0.8505076244290066,0.4099575805,0.04595773,0.160972537,3378.0,0.0
0.8464020651087825,0.233227722,0.04587153,0.164494232,3378.0,0.0
0.8344350445625284,0.13821065700000001,0.044181857000000005,0.150006793,3378.0,0.0
0.7690182887533457,0.04027541,0.0562093355,0.1603560665,3378.0,0.0
0.6543846759302685,0.0,0.063911109,0.193607066,3378.0,0.0
0.6188692236024073,0.004867644,0.0669789495,0.199878173,3378.0,0.0
0.6181828924988677,0.107993284,0.055869108,0.1760310625,3378.0,0.0
0.6527115095805105,0.267990338,0.02513589,0.141927393,3378.0,0.0
0.6950378072010164,0.420065559,0.019956424,0.120859004,3378.0,0.0
0.7270282538256321,0.5458431295,0.018994630999999998,0.12142655,3378.0,0.0
0.734739910481233,0.6225728005,0.027046386999999998,0.14472156349999998,3378.0,0.0
0.736882703453899,0.6314929465,0.043925969499999995,0.22310161699999997,3378.0,0.0
0.7397820396161314,0.5253427955,0.061878663,0.3019361075,3378.0,0.0
0.7409499652368737,0.378600651,0.068698446,0.335249731,3378.0,0.0
0.740159549534453,0.300208572,0.071133159,0.328845065,3378.0,0.0
0.7352372205652637,0.1744150475,0.075259095,0.31202818600000004,3378.0,0.0
0.6965208805822581,0.03552280733333333,0.09639534333333333,0.28560167433333333,3378.0,0.0
0.6238699605757956,0.0,0.0874266575,0.2041380575,3378.0,0.0
0.6122944488153974,0.013104049999999999,0.07747909,0.178666216,3378.0,0.0
0.6190036272735349,0.1106403105,0.0588271635,0.175278239,3378.0,0.0
0.6538478352216066,0.2212809,0.0205568075,0.157726933,3378.0,0.0
0.6979716204155918,0.346313974,0.023531349,0.141842772,3378.0,0.0
0.7289983702870907,0.467326554,0.040993288,0.136379138,3378.0,0.0
0.7351159214486152,0.5687022455,0.076124412,0.140768637,3378.0,0.0
0.739931941007338,0.539328671,0.10053967899999999,0.182257958,3378.0,0.0
0.7414759744162398,0.40358079700000005,0.1159138545,0.180651238,3378.0,0.0
0.7431607700827566,0.332021094,0.113166026,0.153811103,3378.0,0.0
0.7427712197529525,0.2440448,0.103150096,0.1317646675,3378.0,0.0
0.7399956006685329,0.1410592545,0.10147001850000001,0.1470310725,3378.0,0.0
0.7033266003757972,0.028625089333333336,0.1311345316666667,0.18488790566666669,3378.0,0.0
0.6390199936019334,0.0034919499999999997,0.09133373775,0.21196207274999998,3378.0,0.0
0.6580438914662966,0.109763524,0.059377005,0.19518948349999998,3378.0,0.0
0.7458039678621092,0.231921316,0.030587082,0.147045181,3378.0,0.0
0.8116557766178698,0.364546899,0.019459391,0.115330492,3378.0,0.0
0.8406961384303772,0.500186108,0.019757934,0.101921312,3378.0,0.0
0.8560149073423997,0.651472056,0.025457433,0.09813193,3378.0,0.0
0.8663948582345316,0.7955610135,0.049940504499999996,0.1083081825,3378.0,0.0
0.8772743195218994,0.85315384,0.075906736,0.1429408775,3378.0,0.0
0.8737484439075829,0.7521087879999999,0.0828891375,0.193124939,3378.0,0.0
0.8682822627917627,0.614512961,0.085083182,0.225292008,3378.0,0.0
0.858996689348512,0.486918587,0.083719504,0.229482327,3378.0,0.0
0.8549765253636571,0.380845728,0.081795229,0.225158188,3378.0,0.0
0.8422448625304418,0.220160955,0.110242599,0.2104837265,3378.0,0.0
0.7772075989072466,0.06573882,0.16986245649999998,0.2073752385,3378.0,0.0
0.6633777480978276,0.0,0.1441943965,0.22025793700000001,3378.0,0.0
0.6414486954770484,0.008710131333333334,0.10255860866666666,0.22310890066666667,3378.0,0.0
0.6615573641815855,0.1348353615,0.0840583625,0.25182051299999997,3378.0,0.0
0.7483563064262413,0.245373862,0.055693695,0.248451506,3378.0,0.0
0.8169494258632785,0.371354674,0.037520156,0.220226524,3378.0,0.0
0.8512385632458939,0.511866009,0.04027641,0.206574014,3378.0,0.0
0.8628036059645413,0.62590862,0.05794337,0.212322522,3378.0,0.0
0.8701450059949437,0.741642986,0.09560825,0.220488095,3378.0,0.0
0.872133860031908,0.69998871,0.1135663195,0.244047695,3378.0,0.0
0.8700346592367725,0.567388599,0.1375952845,0.2817700775,3378.0,0.0
0.8602517513075064,0.38367589999999996,0.1513313815,0.30029242899999997,3378.0,0.0
0.8483444012883409,0.234423279,0.137132708,0.320034216,3378.0,0.0
0.8396574181692839,0.1419936755,0.140859379,0.338335378,3378.0,0.0
0.7783523141080695,0.0473767355,0.18985343100000002,0.3442848745,3378.0,0.0
0.6620664811527305,0.0,0.150530204,0.3604524406666667,3378.0,0.0
0.6435456394821919,0.010265722,0.13472306,0.3233465285,3378.0,0.0
0.6633684879382641,0.129147715,0.112161483,0.332211605,3378.0,0.0
0.7471810304948087,0.2328689,0.071281442,0.328559932,3378.0,0.0
0.8123802361174834,0.349858292,0.057236271,0.284113814,3378.0,0.0
0.8402737066231567,0.485644835,0.076473353,0.243496048,3378.0,0.0
0.8488633504225587,0.586484571,0.121264438,0.22238075,3378.0,0.0
0.8569344321740626,0.6617439460000001,0.2004718755,0.284113341,3378.0,0.0
0.858904910926276,0.610392973,0.22675344349999998,0.3579847385,3378.0,0.0
0.8556329487848593,0.521109751,0.2403797045,0.355025637,3378.0,0.0
0.8498131939328875,0.33376195,0.210718197,0.3118476705,3378.0,0.0
0.8456529446486993,0.196918787,0.177638462,0.303424046,3378.0,0.0
0.8350337317074994,0.1025808905,0.1619152265,0.311990065,3378.0,0.0
0.7714228048179245,0.022487764,0.1654137525,0.37097507500000004,3378.0,0.0
0.6601966939756005,0.0,0.14851786150000001,0.432262556,3378.0,0.0
0.6394503639585452,0.004715969333333334,0.13367611999999998,0.4333236733333334,3378.0,0.0
0.6604354483059576,0.0866089575,0.10056644,0.397631294,3378.0,0.0
0.7457797902183664,0.160584069,0.065132479,0.338180593,3378.0,0.0
0.8113906931365337,0.25431951,0.053761823,0.291793603,3378.0,0.0
0.8377222870692499,0.325731244,0.055516478,0.258740141,3378.0,0.0
0.8488347241395966,0.396352583,0.0733648,0.242802281,3378.0,0.0
0.8554932503750556,0.463493066,0.100611229,0.239393669,3378.0,0.0
0.8581884786956345,0.453187918,0.10804941233333332,0.17860742166666665,3378.0,0.0
0.8557340597854517,0.39603855450000003,0.098008088,0.17328560599999998,3378.0,0.0
0.8498277971431205,0.275846419,0.091641125,0.18303426,3378.0,0.0
0.845476254601401,0.179586613,0.093603511,0.183141909,3378.0,0.0
0.8335220480488985,0.091769445,0.097673381,0.192791229,3378.0,0.0
0.7690182887533457,0.01882008,0.108036257,0.222360155,3378.0,0.0
0.658151989699664,0.0,0.084002382,0.255470061,3378.0,0.0
0.635498767976007,0.0021696093333333335,0.06968619666666666,0.2397393263333333,3378.0,0.0
0.6562773027089875,0.07714738,0.0521328895,0.20941373800000002,3378.0,0.0
0.7774842638853234,0.2193362515,0.022178391999999998,0.156696183,3378.0,0.0
0.8366335189281764,0.319054012,0.02076779,0.129045164,3378.0,0.0
0.846703028559784,0.414747607,0.025021616,0.12823602,3378.0,0.0
0.8552791814071528,0.530759063,0.04139041,0.1276187315,3378.0,0.0
0.8586235796590209,0.6125644084999999,0.050116789499999995,0.141548426,3378.0,0.0
0.8566261668227592,0.5522941809999999,0.0498236145,0.182769956,3378.0,0.0
0.8502745518252502,0.39868574349999997,0.0524575825,0.208945153,3378.0,0.0
0.8460896897941911,0.252468683,0.054423641,0.228939028,3378.0,0.0
0.835463126935881,0.1377762305,0.0645587135,0.2506343085,3378.0,0.0
0.7697606392370326,0.028569280000000002,0.090949135,0.2782583525,3378.0,0.0
0.6362922302530819,0.0,0.07204421500000001,0.29716873166666663,3378.0,0.0
0.6167530018326641,0.043993345249999996,0.059844313249999996,0.339034419,3378.0,0.0
0.654352011906021,0.225134238,0.039705385999999995,0.2830443245,3378.0,0.0
0.7000467887981507,0.427374738,0.036482376,0.218163875,3378.0,0.0
0.7290181957188115,0.560276313,0.044852683,0.220137686,3378.0,0.0
0.7382991030696743,0.7083738985,0.0560047055,0.2242536035,3378.0,0.0
0.7417041148672603,0.670551176,0.073545658,0.208486661,3378.0,0.0
0.741183231285395,0.5307473505,0.093695419,0.24997342449999999,3378.0,0.0
0.7437471507558971,0.318638861,0.09094416699999999,0.2920541405,3378.0,0.0
0.742549268944034,0.18937412,0.096014259,0.332863602,3378.0,0.0
0.7401474121054026,0.09913311650000001,0.10828958999999999,0.352248836,3378.0,0.0
0.7221802714061378,0.016115909,0.12608056550000002,0.3406036085,3378.0,0.0
0.6370004583659598,0.0,0.11466856433333333,0.3056250486666667,3378.0,0.0
0.6165006114175028,0.02067164325,0.10601726925,0.26671092750000003,3378.0,0.0
0.6538919353146384,0.1518870115,0.08717142,0.241346322,3378.0,0.0
0.6981282433728058,0.271350706,0.069414966,0.218593037,3378.0,0.0
0.728517814920529,0.349277099,0.066715835,0.216960466,3378.0,0.0
0.7335543589528144,0.414335427,0.072473568,0.238728927,3378.0,0.0
0.73980012443855,0.496003096,0.07213239299999999,0.2483665825,3378.0,0.0
0.7415868530983168,0.4598020265,0.088760958,0.338244936,3378.0,0.0
0.742103432878549,0.38159339049999996,0.10097073200000001,0.4268247005,3378.0,0.0
0.7429715799220727,0.24304626899999998,0.1013215755,0.432305184,3378.0,0.0
0.7401474121054026,0.1283614535,0.1026449435,0.43723771899999997,3378.0,0.0
0.7046574675590319,0.017309956333333334,0.13524586633333333,0.42655954333333335,3378.0,0.0
0.6441789733126565,0.0,0.125978184,0.3547840135,3378.0,0.0
0.6365844575968176,0.0038843165,0.11144887049999999,0.2947314505,3378.0,0.0
0.6583894143186523,0.0671133435,0.0961093535,0.245093294,3378.0,0.0
0.7458361725780341,0.123914622,0.082361306,0.237075745,3378.0,0.0
0.8235252161861057,0.19535854200000002,0.096738377,0.2083960735,3378.0,0.0
0.8435757941952647,0.231033822,0.110993281,0.209678708,3378.0,0.0
0.8505970817108557,0.34803224349999995,0.13460782599999999,0.259758172,3378.0,0.0
0.8561167921220514,0.434538113,0.1436713255,0.34041973449999996,3378.0,0.0
0.8547133759363882,0.442810384,0.13461451800000002,0.36991600599999996,3378.0,0.0
0.849815273218121,0.3480309945,0.1355418745,0.373940712,3378.0,0.0
0.8445263626806835,0.185671543,0.11300977649999999,0.3518866625,3378.0,0.0
0.8347920518940569,0.106971517,0.106608444,0.329408623,3378.0,0.0
0.7755280496674122,0.0340235205,0.11674677,0.3186790485,3378.0,0.0
0.6727908827186216,0.0,0.091215495,0.305215185,3378.0,0.0
0.6433167618550892,0.0013915835,0.07361057975,0.23472095599999998,3378.0,0.0
0.661172745807727,0.075470572,0.061828999,0.1791189465,3378.0,0.0
0.7475312682435215,0.17415521,0.042489618,0.146615801,3378.0,0.0
0.8145778882936837,0.277418661,0.041243162,0.12017975,3378.0,0.0
0.8449167836103242,0.375012438,0.049574679,0.115822436,3378.0,0.0
0.855817617690741,0.467376453,0.065074065,0.136804308,3378.0,0.0
0.8627150190857387,0.5289596665,0.0870655485,0.157138418,3378.0,0.0
0.8688207798249289,0.4642983786666666,0.126313646,0.21472734133333335,3378.0,0.0
0.8686012144411954,0.4466288905,0.1969856975,0.2836666335,3378.0,0.0
0.8636384124191163,0.336058364,0.216059048,0.296362415,3378.0,0.0
0.8562247695262372,0.266924957,0.205427536,0.289118124,3378.0,0.0
0.8437592056117804,0.14096529,0.214246923,0.29601134949999997,3378.0,0.0
0.7788945706797742,0.014841093,0.231084055,0.316414201,3378.0,0.0
0.657942176057409,0.0,0.16988767066666666,0.324482083,3378.0,0.0
0.65001596688759,0.0215945045,0.0922917085,0.25564539675000003,3378.0,0.0
0.7476299128725606,0.131323978,0.055203401,0.229756102,3378.0,0.0
0.8220342771662412,0.212694041,0.047651949,0.21248278,3378.0,0.0
0.8546332996432843,0.371129575,0.069741317,0.219639442,3378.0,0.0
0.8674424279540448,0.422828815,0.108301605,0.246031707,3378.0,0.0
0.8768026620241466,0.443882492,0.156270789,0.289954988,3378.0,0.0
0.8888027089509997,0.4007790346666667,0.17817650833333332,0.34589787733333327,3378.0,0.0
0.8848084153335752,0.37769656549999997,0.1988465905,0.409524236,3378.0,0.0
0.8721632598971389,0.30772555300000004,0.1772389855,0.44312661200000003,3378.0,0.0
0.8584730011127427,0.255807926,0.154615753,0.439359576,3378.0,0.0
0.8499886750979987,0.163622734,0.134021628,0.414687557,3378.0,0.0
0.8385974213455485,0.091347443,0.138684265,0.407096173,3378.0,0.0
0.780940145358757,0.016943641500000002,0.174686538,0.4125879405,3378.0,0.0
0.6605656449634312,0.0,0.1762100693333333,0.3054103573333333,3378.0,0.0
0.6431675172183705,0.0029037663333333335,0.16339718266666667,0.190486484,3378.0,0.0
0.7121197796853598,0.091935907,0.13119264,0.1944800355,3378.0,0.0
0.8206092461355855,0.272321928,0.099633238,0.197678097,3378.0,0.0
0.8518887490081858,0.442207222,0.087203259,0.207200941,3378.0,0.0
0.8646085164642943,0.530598912,0.08175853,0.21227315,3378.0,0.0
0.8722065864079017,0.639128478,0.074301508,0.205028332,3378.0,0.0
0.8846522760866683,0.6756044130000001,0.0418299555,0.1715038965,3378.0,0.0
0.8885388342862537,0.6625643235,0.040455224,0.1807503855,3378.0,0.0
0.8812227241577941,0.5380639425,0.044850422,0.1807328595,3378.0,0.0
0.8748730916247413,0.40603862,0.046401596,0.187183634,3378.0,0.0
0.8652729183504996,0.331172267,0.049031282,0.189959567,3378.0,0.0
0.8531422151954635,0.239512767,0.062480725,0.190381865,3378.0,0.0
0.8385974213455485,0.173912717,0.092967631,0.20281512,3378.0,0.0
0.8001701332340446,0.078595358,0.119379627,0.215618694,3378.0,0.0
0.7184073483289345,0.001257757,0.1266586,0.245096421,3378.0,0.0
0.6476067120166451,0.0,0.1261138875,0.26476978399999995,3378.0,0.0
0.6413593671583758,0.018108142666666667,0.13222867433333332,0.2992388896666667,3378.0,0.0
0.7117215981374654,0.159547689,0.1103033115,0.34410819049999997,3378.0,0.0
0.8204553794218866,0.286254789,0.099948792,0.334477851,3378.0,0.0
0.8534118445303766,0.439697893,0.127947105,0.333007522,3378.0,0.0
0.8676089636271193,0.515998334,0.154442847,0.344449887,3378.0,0.0
0.8828998796416586,0.623276061,0.170476337,0.363182326,3378.0,0.0
0.8924165916345983,0.6376047970000001,0.1664974735,0.381588641,3378.0,0.0
0.8928113157755015,0.5892132695000001,0.1726123885,0.44536699550000003,3378.0,0.0
0.8840017036316371,0.500005554,0.17366249150000002,0.473619284,3378.0,0.0
0.8780732458100189,0.377006146,0.171231518,0.494961576,3378.0,0.0
0.8705081543613954,0.306517475,0.165397149,0.503659094,3378.0,0.0
0.8502515348500959,0.18007114899999999,0.2190138305,0.540816153,3378.0,0.0
0.7910757084075297,0.0312731155,0.288616263,0.607045981,3378.0,0.0
0.6659983642019442,0.0,0.27737416000000004,0.66362888,3378.0,0.0
0.6385563388727731,0.0,0.236879368,0.613627508,3378.0,0.0
0.6316399820555204,0.0018904855,0.1988999015,0.58156529,3378.0,0.0
0.6355830432471653,0.10972251849999999,0.171855818,0.551922476,3378.0,0.0
0.6526893870168067,0.228142128,0.129451589,0.533280089,3378.0,0.0
0.6856759771624078,0.36725187,0.131048769,0.530357638,3378.0,0.0
0.7144876183863904,0.505497878,0.151839168,0.532814464,3378.0,0.0
0.7470391077653954,0.622970811,0.188063473,0.540008083,3378.0,0.0
0.7544540077540604,0.731683052,0.249014821,0.581871911,3378.0,0.0
0.7601246834042735,0.804132762,0.288543198,0.600017372,3378.0,0.0
0.7601797356589923,0.756891019,0.367223765,0.5582505275,3378.0,0.0
0.7538787004653689,0.5971928765000001,0.40131459599999997,0.5771879074999999,3378.0,0.0
0.7534411573356238,0.444891605,0.383304674,0.565385057,3378.0,0.0
0.7559605658151607,0.333126939,0.376539563,0.576920993,3378.0,0.0
0.7483609002966267,0.232583198,0.359135185,0.582584848,3378.0,0.0
0.7428718954536265,0.14606558,0.375551883,0.587046229,3378.0,0.0
0.7395341219469885,0.105418042,0.383208471,0.597789839,3378.0,0.0
0.7326905639245225,0.0242067095,0.38948268900000005,0.6089835415,3378.0,0.0
0.6629675015396757,0.0,0.448453987,0.6252715475,3378.0,0.0
0.6328199966949243,0.0009987330000000001,0.342517129,0.5004490403333333,3378.0,0.0
0.6330988617874164,0.06875205849999999,0.32553412400000004,0.478356107,3378.0,0.0
0.659355698272504,0.1534708735,0.3382246195,0.44867468200000005,3378.0,0.0
0.7019424136755383,0.290069316,0.373616709,0.409580793,3378.0,0.0
0.7366082870006259,0.4146177365,0.390706367,0.39123177,3378.0,0.0
0.7430192824564714,0.45337713199999996,0.3537567975,0.365421718,3378.0,0.0
0.7418936435070851,0.4253807805,0.330761895,0.338196363,3378.0,0.0
0.74299155058496,0.3168231045,0.3361947225,0.357028704,3378.0,0.0
0.7445334805034339,0.22428621,0.306599459,0.2983725,3378.0,0.0
0.7426987834457108,0.163895393,0.269531072,0.287622638,3378.0,0.0
0.7399151374858995,0.085605933,0.2449981785,0.28776320099999997,3378.0,0.0
0.7252345379330902,0.0079086845,0.260254294,0.2627661565,3378.0,0.0
0.6618819733524244,0.0,0.2549959645,0.2358438145,3378.0,0.0
0.6399050328864765,0.0,0.2114697466666667,0.26354262066666667,3378.0,0.0
0.660802319942958,0.018084969,0.192343436,0.21549801600000001,3378.0,0.0
0.7473800609525602,0.066478559,0.194305729,0.186669,3378.0,0.0
0.8155744913197817,0.143641842,0.1860529,0.184867259,3378.0,0.0
0.8486003942432643,0.221559397,0.199007414,0.178787255,3378.0,0.0
0.857325142778875,0.285283342,0.193670233,0.170228673,3378.0,0.0
0.8619993606341564,0.386197335,0.209522506,0.168067138,3378.0,0.0
0.8692763512327089,0.42705753700000004,0.200233668,0.1149215645,3378.0,0.0
0.8768592374349988,0.526279563,0.201699357,0.121048812,3378.0,0.0
0.8711399166253379,0.46460068649999997,0.1854623125,0.13987833900000002,3378.0,0.0
0.8664142971703034,0.331640407,0.15530382,0.116161152,3378.0,0.0
0.8572732094520066,0.227808476,0.13716566,0.10129485,3378.0,0.0
0.850169910998874,0.137959368,0.12990371,0.115211747,3378.0,0.0
0.8387547696714327,0.093300087,0.133643943,0.143949982,3378.0,0.0
0.7889964300616827,0.0121401865,0.129942236,0.166412507,3378.0,0.0
0.6767799784509458,0.0,0.098323503,0.1417692815,3378.0,0.0
0.6523041241550493,0.0,0.08371389033333333,0.137873035,3378.0,0.0
0.6684848910072745,0.027183910999999998,0.071351131,0.14299250600000002,3378.0,0.0
0.7510457321910382,0.086930116,0.061887969,0.144519047,3378.0,0.0
0.8231230453073146,0.184265823,0.059118865,0.140196033,3378.0,0.0
0.8546332996432843,0.303464996,0.067034796,0.131829443,3378.0,0.0
0.8682340043250542,0.438231272,0.083833454,0.136811052,3378.0,0.0
0.8860166693664117,0.602796369,0.105695496,0.1424475285,3378.0,0.0
0.8931616501482016,0.6391884320000001,0.13219033800000002,0.1868340685,3378.0,0.0
0.889104542936241,0.5262686910000001,0.144935314,0.2505914235,3378.0,0.0
0.8810005312969319,0.36509838699999997,0.16370321,0.354627373,3378.0,0.0
0.8675885576643136,0.200764539,0.165757567,0.415228254,3378.0,0.0
0.8499220415433294,0.1060362805,0.2056387505,0.415303451,3378.0,0.0
0.7906274547744608,0.0112149145,0.240969401,0.354225395,3378.0,0.0
0.671628372829729,0.0,0.24616706133333333,0.290808828,3314.0,0.0
0.6512260344404974,0.0,0.18822650800000001,0.205763621,3186.0,0.0
0.6687312853234937,0.042580391,0.171143862,0.191109149,3186.0,0.0
0.7844416016709672,0.144643585,0.1553754815,0.1866938495,3186.0,0.0
0.8468756572509731,0.296639735,0.169673242,0.20816838,3186.0,0.0
0.8516874940340345,0.388746911,0.189490334,0.237948982,3186.0,0.0
0.8540802597558825,0.521360419,0.208564433,0.2627712975,3186.0,0.0
0.8580309371217757,0.574559018,0.19069157,0.26601238299999996,3186.0,0.0
0.8593970712076118,0.537433138,0.181123939,0.3227078565,3186.0,0.0
0.8515777274133673,0.38667395849999997,0.1373780315,0.3283976635,3186.0,0.0
0.8441624407319629,0.233282505,0.101484822,0.323929537,3186.0,0.0
0.8332236473966472,0.112594081,0.0963629505,0.3101979615,3186.0,0.0
0.7709103834113691,0.0056501855,0.1037506865,0.300288868,3186.0,0.0
0.6544378021993179,0.0,0.08184443699999999,0.26332447999999997,3186.0,0.0
0.6405986735979338,0.004493705,0.08216017833333333,0.22270520433333332,3186.0,0.0
0.7096348004381476,0.101842604,0.069230213,0.19845829199999998,3186.0,0.0
0.8137672598764318,0.253419744,0.050106903,0.179854943,3186.0,0.0
0.8446259745335465,0.35501566,0.044689473,0.189213583,3186.0,0.0
0.8519404890870795,0.441809415,0.045233768,0.191359781,3186.0,0.0
0.856533373159891,0.5419197425,0.05953243750000001,0.2087095195,3186.0,0.0
0.8599888435386007,0.5717932685,0.06946241,0.24040154600000002,3186.0,0.0
0.8560663575493318,0.468538625,0.10498516199999999,0.393641989,3186.0,0.0
0.8494264964705858,0.2714226575,0.1277241045,0.408190404,3186.0,0.0
0.8444410637725113,0.175515035,0.134458135,0.406992896,3186.0,0.0
0.8328620948019123,0.0864109045,0.151491893,0.3929222965,3186.0,0.0
0.7671368077778686,0.005184474,0.191615321,0.3910993915,3186.0,0.0
0.6568961055512219,0.0,0.1991986805,0.4302176075,3186.0,0.0
0.6359904608806223,0.0,0.187225257,0.31483462133333334,3186.0,0.0
0.6567038448730764,0.0232415155,0.178339236,0.28680264099999997,3186.0,0.0
0.7441057294571578,0.091755013,0.151924915,0.258994171,3186.0,0.0
0.8110333473258642,0.178312456,0.144455371,0.214555196,3186.0,0.0
0.8433788910395551,0.248868039,0.150184902,0.190725442,3186.0,0.0
0.8512727020158861,0.349715862,0.163152245,0.171158981,3186.0,0.0
0.8540686062339293,0.396215652,0.177115132,0.165731767,3186.0,0.0
0.8599302368593233,0.401238572,0.1526922755,0.17073549300000002,3186.0,0.0
0.862943900976629,0.3379885653333334,0.18995306466666664,0.23613579466666668,3186.0,0.0
0.8538766840349248,0.233470457,0.1919972235,0.29097174449999996,3186.0,0.0
0.8458394029678526,0.154058762,0.172419669,0.298038461,3186.0,0.0
0.8364591012172959,0.0859021945,0.1537743895,0.30139948699999997,3186.0,0.0
0.7751682136735754,0.0053276855,0.15588234750000002,0.33357431800000004,3186.0,0.0
0.6594256926101769,0.0,0.15607290000000001,0.3296100635,3186.0,0.0
0.62383051476774,0.0025773785,0.16094265975,0.33414015625,3186.0,0.0
0.633959682922234,0.07141084149999999,0.160559499,0.32932987,3186.0,0.0
0.6684788950067275,0.17372093,0.15445018,0.311059666,3186.0,0.0
0.694894046844733,0.241629447,0.152260588,0.297550887,3186.0,0.0
0.7217740867944656,0.379877717,0.146778731,0.296630911,3186.0,0.0
0.7273924418347004,0.473242652,0.142615476,0.30337041,3186.0,0.0
0.7326782092390933,0.59659593,0.13149695,0.2880927555,3186.0,0.0
0.7324418000575275,0.5712323335,0.149620371,0.306527579,3186.0,0.0
0.7335700988232319,0.45986269,0.167297263,0.3094363025,3186.0,0.0
0.7326987120226763,0.342888386,0.155425128,0.332208424,3186.0,0.0
0.7312378014159356,0.274390923,0.143006906,0.313285101,3186.0,0.0
0.7279462068939824,0.131563718,0.12859378900000001,0.3184561375,3186.0,0.0
0.7137531013333307,0.004346654,0.145276803,0.3525120005,3186.0,0.0
0.644197614264175,0.0,0.1255313875,0.4094902745,3186.0,0.0
0.6147702650190089,0.00361995325,0.113632417,0.44516690300000006,3186.0,0.0
0.6283178756069265,0.066081815,0.09245258249999999,0.40942029199999996,3186.0,0.0
0.6649966353815552,0.156593777,0.095611206,0.358783166,3186.0,0.0
0.6912065677100778,0.23337268,0.110784511,0.338123342,3186.0,0.0
0.7196373624379298,0.313796118,0.130220962,0.34687934,3186.0,0.0
0.7248589620688362,0.39566480800000003,0.136926949,0.3623046655,3186.0,0.0
0.7271067587490039,0.4309845755,0.166226279,0.43873087850000003,3186.0,0.0
0.726775742482894,0.38108969049999997,0.2260410075,0.51512134,3186.0,0.0
0.728461118483705,0.28729048,0.2732153075,0.582481485,3186.0,0.0
0.7275176822654373,0.174555174,0.276587046,0.615408491,3186.0,0.0
0.7214981955954478,0.07658229550000001,0.28092534449999995,0.6050999555000001,3186.0,0.0
0.7112697658746434,0.002381823,0.324914037,0.5862360725,3186.0,0.0
0.6568786010630976,0.0,0.3736781635,0.569279569,3186.0,0.0
0.636514559981527,0.001516438,0.40669248975,0.60811052175,3186.0,0.0
0.706493518598915,0.0757083945,0.40241069500000004,0.620708765,3186.0,0.0
0.8051140768514362,0.215397744,0.416655925,0.618076762,3186.0,0.0
0.8302123204909282,0.275537704,0.412911762,0.600408988,3186.0,0.0
0.8345274517294473,0.361334916,0.403574861,0.596318394,3186.0,0.0
0.8329271809952535,0.379168753,0.380726903,0.594487561,3186.0,0.0
0.8354719275903317,0.4213997205,0.3026734805,0.5559252665000001,3186.0,0.0
0.8379605818944942,0.3801839145,0.29950668150000004,0.532847616,3186.0,0.0
0.8337006725438444,0.32826220500000003,0.2751518515,0.5015112055000001,3186.0,0.0
0.8302372719137302,0.216606768,0.221298486,0.426439633,3186.0,0.0
0.8271059754059411,0.169924785,0.17201905,0.365848324,3186.0,0.0
0.8198700868017516,0.09920402950000001,0.124245333,0.30674480000000004,3186.0,0.0
0.7638441496048944,0.0033945275,0.12789359449999999,0.2569905245,3186.0,0.0
0.6560665703188941,0.0,0.1141115955,0.2177337325,3186.0,0.0
0.636168106114744,0.00229091875,0.08976749825,0.143060984,3186.0,0.0
0.7067721178278493,0.10446737349999999,0.049628642,0.0830836805,3186.0,0.0
0.8085190644438279,0.255522065,0.037004241,0.058203427,3186.0,0.0
0.834397375769962,0.338601799,0.038868764,0.052515093,3186.0,0.0
0.8404276697640527,0.44305387,0.042885613,0.054632076,3186.0,0.0
0.8506657463371599,0.5547100725,0.0558204005,0.073581584,3186.0,0.0
0.8578718479897988,0.5429221925000001,0.077041324,0.1202891365,3186.0,0.0
0.8569524685860923,0.515619408,0.08325896099999999,0.1809654665,3186.0,0.0
0.8522729802957244,0.424488401,0.086616482,0.22940424,3186.0,0.0
0.8494542523505014,0.360340235,0.074592786,0.246440248,3186.0,0.0
0.8453517879497233,0.258145649,0.066273469,0.267486359,3186.0,0.0
0.8370289684377502,0.168570284,0.077138191,0.297466785,3186.0,0.0
0.8284425161817816,0.108893823,0.111386764,0.371507811,3186.0,0.0
0.7764571003254058,0.0034990655,0.15216276350000002,0.46452669199999996,3186.0,0.0
0.667977498639829,0.0,0.17892995599999997,0.5346134536666667,3186.0,0.0
0.6529193165531152,0.0031312933333333334,0.168007287,0.4996664133333333,3186.0,0.0
0.716154619496031,0.10695666100000001,0.159201966,0.527839999,3186.0,0.0
0.8226690857424508,0.254275901,0.107841921,0.572942076,3186.0,0.0
0.8549878408000499,0.477858172,0.120221683,0.622423226,3186.0,0.0
0.8631241051720921,0.6135676,0.157291692,0.680747864,3186.0,0.0
0.8753057264133646,0.7159012140000001,0.272618217,0.7588710354999999,3186.0,0.0
0.874751139361425,0.7458062805,0.3953177235,0.7947396824999999,3186.0,0.0
0.8700839333376935,0.502603856,0.3859070525,0.7917563135,3186.0,0.0
0.8588369232582533,0.2648138395,0.3599116535,0.7995824275000001,3186.0,0.0
0.8403871965143727,0.0903165735,0.378474191,0.7619065414999999,3186.0,0.0
0.8314720729442951,0.021956947,0.403423728,0.781556547,3186.0,0.0
0.7826837653545103,0.000784667,0.3917349995,0.782314897,3186.0,0.0
0.6797951012427969,0.0,0.384309018,0.8010216635,3186.0,0.0
0.6526332464466956,0.0,0.3422600276666667,0.7509641216666667,3186.0,0.0
0.6638270413735132,0.0083248085,0.3180247885,0.64391909,3186.0,0.0
0.7772247651130201,0.0699007175,0.31979350500000003,0.5737686565,3186.0,0.0
0.834809459954984,0.166043631,0.312759875,0.521923961,3186.0,0.0
0.842783927361923,0.258205967,0.283779801,0.480423631,3186.0,0.0
0.8493695339734136,0.38633339899999997,0.25827634499999996,0.44841950799999997,3186.0,0.0
0.8522237544084019,0.4974941145,0.286710745,0.449291829,3186.0,0.0
0.8502407997479975,0.5081421275,0.303044624,0.4666155705,3186.0,0.0
0.8455911466227787,0.41511058050000005,0.257005928,0.4390622545,3186.0,0.0
0.8397495350706606,0.265082701,0.184478657,0.400138026,3186.0,0.0
0.8359041274726171,0.144264989,0.167346277,0.399913512,3186.0,0.0
0.8231351341291862,0.05428309,0.163492616,0.413511329,3186.0,0.0
0.7675097480309991,0.0013814155,0.1665110985,0.447203156,3186.0,0.0
0.6812024341437733,0.0,0.157833683,0.524431049,3186.0,0.0
0.6571521953269228,0.0,0.161117546,0.5352202295,3186.0,0.0
0.6500805696658095,0.002330243,0.18784818566666664,0.588696428,3186.0,0.0
0.7136878216952246,0.0629173245,0.2313998995,0.668082298,3186.0,0.0
0.82296369031178,0.1595814095,0.288619988,0.7240157655,3186.0,0.0
0.8382066137231684,0.246124244,0.340512895,0.75063418,3186.0,0.0
0.8395480384381462,0.29327450749999995,0.3744490775,0.7340746920000001,3186.0,0.0
0.8422675894368442,0.239642089,0.48573308400000004,0.7218076470000001,3186.0,0.0
0.8417792008364459,0.21341502299999998,0.5704872185000001,0.779826354,3186.0,0.0
0.8354161737785567,0.16223864100000002,0.6231056915,0.8757285385,3186.0,0.0
0.8285309096158193,0.102504168,0.654574818,0.901000515,3186.0,0.0
0.8191615848225147,0.0405748735,0.654100423,0.8968657755,3186.0,0.0
0.7616954814608632,0.0,0.636222244,0.870223705,3186.0,0.0
0.6402034173363347,0.0,0.6002621865,0.8289883524999999,3186.0,0.0
0.6128315071740182,0.0,0.5860848830000001,0.815551237,3186.0,0.0
0.6098827036628901,0.000621016,0.562227536,0.7876611305000001,3186.0,0.0
0.6251816951600001,0.038816307,0.531098121,0.7255891839999999,3186.0,0.0
0.6625285804849631,0.123458071,0.513117174,0.69720919,3186.0,0.0
0.6886927201279599,0.220882992,0.513978916,0.695103403,3186.0,0.0
0.7150468961294926,0.320562721,0.531268367,0.671244741,3186.0,0.0
0.7181829313452529,0.350709555,0.517327204,0.646672467,3186.0,0.0
0.7201168053495013,0.3685089915,0.444083914,0.537077182,3186.0,0.0
0.7186549275189367,0.342061301,0.4392623135,0.5736458935,3186.0,0.0
0.7191867634592796,0.2689692085,0.4310305315,0.619063115,3186.0,0.0
0.7200539432789792,0.20331828,0.406464307,0.627198904,3186.0,0.0
0.7179839008875015,0.118367897,0.384356411,0.615082528,3186.0,0.0
0.7133701031331734,0.054333294000000004,0.34938138350000003,0.5923204465,3186.0,0.0
0.7040293802208462,0.0,0.349770539,0.5646267865,3186.0,0.0
0.6379495762452313,0.0,0.36583779400000005,0.53031295,3186.0,0.0
0.611054050579622,0.00031083225,0.36209813525,0.599735081,3186.0,0.0
0.6239764150206379,0.0404843835,0.35271432999999996,0.6400958895,3186.0,0.0
0.6715421796412997,0.1443871035,0.3664871555,0.6364265265,3186.0,0.0
0.7132027212622469,0.208937375,0.370125776,0.611416025,3186.0,0.0
0.7164488133642166,0.244763055,0.377606863,0.626578381,3186.0,0.0
0.7180837303903236,0.269437086,0.37523294900000004,0.620744774,3186.0,0.0
0.7179860283863335,0.2623514595,0.395053762,0.6381452445,3186.0,0.0
0.7184825892900799,0.2016879945,0.385780154,0.5963216225,3186.0,0.0
0.7177828395549052,0.1259503535,0.34315311849999997,0.537284397,3186.0,0.0
0.714017121360436,0.04745622049999999,0.336245086,0.4806990075,3186.0,0.0
0.7054559588096201,0.0,0.357617969,0.4686573855,3186.0,0.0
0.6522360075894469,0.0,0.371386355,0.4795242455,3186.0,0.0
0.631884756526022,0.0,0.36163270133333336,0.4457464713333333,3186.0,0.0
0.6525780972400059,0.006508561,0.373621132,0.4341300065,3186.0,0.0
0.769125105488943,0.10941008499999999,0.3494529165,0.4089715895,3186.0,0.0
0.8256067674587412,0.236431164,0.368330944,0.377181223,3186.0,0.0
0.8300013462456812,0.35359709500000003,0.338177498,0.3290405265,3186.0,0.0
0.8331895893106364,0.3193118563333333,0.26444781300000003,0.21846477500000003,3186.0,0.0
0.8337972380844403,0.2130629175,0.2543723075,0.2022448805,3186.0,0.0
0.8292272261491975,0.155239224,0.2263971755,0.20001095600000002,3186.0,0.0
0.8237391885300211,0.082845197,0.1657301355,0.2166845985,3186.0,0.0
0.810880737707951,0.038542538,0.134187662,0.243951648,3186.0,0.0
0.7588136015731562,0.0,0.11661661200000001,0.27041488150000004,3186.0,0.0
0.6462148205209521,0.0,0.109512799,0.33816635133333334,3186.0,0.0
0.6429531902913164,0.00990045375,0.08131471775,0.3114251155,3186.0,0.0
0.7716838509515557,0.12496459900000001,0.053760757,0.28551574700000004,3186.0,0.0
0.8296493194772772,0.2580682405,0.0453636565,0.24984397200000003,3186.0,0.0
0.8316776797368879,0.322111256,0.045596209,0.225488567,3186.0,0.0
0.8329532930866442,0.371382292,0.044920059,0.283859537,3186.0,0.0
0.8333368472191112,0.3591647615,0.036227996,0.280131001,3186.0,0.0
0.8302484419221665,0.252527029,0.035981823499999996,0.2869627405,3186.0,0.0
0.8256278501830381,0.176471235,0.043377014500000005,0.28828797500000003,3186.0,0.0
0.8151205797717263,0.069950305,0.0629830195,0.247110879,3186.0,0.0
0.7591203433747455,0.0,0.0758492435,0.232316182,3186.0,0.0
0.6546814806140128,0.0,0.0771426245,0.260883627,3186.0,0.0
0.6355267336014756,0.000512997,0.0764209925,0.25974502374999997,3186.0,0.0
0.7046980134898917,0.0817382715,0.0653142545,0.2598277845,3186.0,0.0
0.8041471643496917,0.206032842,0.061444801,0.248936235,3186.0,0.0
0.8272173862087138,0.270289247,0.075367053,0.221944974,3186.0,0.0
0.8323755438283842,0.350516,0.096134115,0.18807229,3186.0,0.0
0.8332168292066526,0.5077980115,0.121696104,0.1659434905,3186.0,0.0
0.8333733071294904,0.5074870840000001,0.143023509,0.17477171800000002,3186.0,0.0
0.8347513367892234,0.37495346350000003,0.154085229,0.163446969,3186.0,0.0
0.8288960890539059,0.225817888,0.17127680099999998,0.14895753150000002,3186.0,0.0
0.823487644411107,0.100170977,0.17671134500000002,0.1627006755,3186.0,0.0
0.8140828267344566,0.026368465,0.21490641,0.205486107,3186.0,0.0
0.7604987357188138,0.0,0.25064698900000004,0.2574379735,3186.0,0.0
0.6552310146840348,0.0,0.279723222,0.285183028,3186.0,0.0
0.6352812013247192,0.0,0.265207429,0.2872718533333333,3186.0,0.0
0.6574522883748781,0.0044802915,0.295243748,0.3552597325,3186.0,0.0
0.7754810482964893,0.0616433655,0.338705162,0.44199262100000003,3186.0,0.0
0.8325828914270696,0.103298801,0.403370665,0.508787957,3186.0,0.0
0.8349749317802474,0.158576182,0.451009488,0.558649934,3186.0,0.0
0.8364867122596259,0.205749523,0.494562602,0.62570402,3186.0,0.0
0.8414450656424857,0.211078869,0.5123952515000001,0.674654124,3186.0,0.0
0.8443446436598718,0.214317211,0.508864333,0.74410469,3186.0,0.0
0.8447085171982036,0.1608205905,0.504213036,0.7755615145,3186.0,0.0
0.8390365842554146,0.113805512,0.498295188,0.783725784,3186.0,0.0
0.8325808601586445,0.075624685,0.52143206,0.802232173,3186.0,0.0
0.8236019078845918,0.019888478,0.553786444,0.8212920655,3186.0,0.0
0.7679159810530601,0.0,0.5843843790000001,0.833615749,3186.0,0.0
0.6788225790396643,0.0,0.656399445,0.851777167,3186.0,0.0
0.6454631533333182,0.0,0.6336705693333333,0.83735667,3186.0,0.0
0.6514951397231128,0.001396552,0.5887247866666666,0.7848896963333334,3186.0,0.0
0.7758830745344847,0.064449602,0.54993727,0.743913031,3186.0,0.0
0.8323089098801345,0.167414006,0.529527403,0.743329758,3186.0,0.0
0.8360972101434202,0.253338362,0.503095648,0.7361522924999999,3186.0,0.0
0.841772576288006,0.39105219199999997,0.4475655385,0.718840401,3186.0,0.0
0.8426573816218019,0.455918991,0.4461518855,0.725175243,3186.0,0.0
0.8321524807612657,0.40781227,0.406730045,0.743621949,3186.0,0.0
0.8259568597794975,0.1998479735,0.311671597,0.6916231405,3186.0,0.0
0.8157279225367722,0.057074474,0.247843072,0.6282788905000001,3186.0,0.0
0.7581279959366822,0.0,0.2372990845,0.576073896,3186.0,0.0
0.6302298929110287,0.0,0.19792322166666668,0.4998810253333333,3186.0,0.0
0.6093539624452032,0.0,0.1830468805,0.4421278985,3186.0,0.0
0.6136956890918397,0.0268545085,0.20132056799999998,0.395648282,3186.0,0.0
0.6449648681538556,0.21762966499999997,0.22046049099999998,0.372924342,3186.0,0.0
0.6870095200363697,0.394420496,0.274551391,0.397367122,3186.0,0.0
0.7147195789287372,0.487128608,0.346807441,0.441951981,3186.0,0.0
0.7176874828964964,0.532923037,0.430850614,0.526010544,3186.0,0.0
0.7198593132468484,0.498696999,0.561216478,0.6481227125,3186.0,0.0
0.7210372728062131,0.2986216485,0.632596027,0.7859418125,3186.0,0.0
0.7220712301541409,0.126055629,0.5972929174999999,0.85673021,3186.0,0.0
0.7239085870281821,0.064662433,0.586727535,0.871831243,3186.0,0.0
0.7212768975396164,0.038489932,0.5757267635,0.8793451075000001,3186.0,0.0
0.7142084470883501,0.0032943959999999998,0.558196475,0.8921580823333333,3186.0,0.0
0.6422051337774395,0.0,0.5614323345,0.898520584,3186.0,0.0
0.6158361997705039,0.0023784374,0.5022215094,0.8772901,3186.0,0.0
0.6479759047940324,0.11889665999999999,0.4959894835,0.8401954325000001,3186.0,0.0
0.6876074820094608,0.271819245,0.553919217,0.817611179,3186.0,0.0
0.714711600266944,0.373628039,0.578645341,0.782028253,3186.0,0.0
0.7191902692766592,0.444109797,0.567274175,0.71222338,3186.0,0.0
0.7214624851277399,0.46073136966666667,0.5683066376666667,0.6465253153333334,3186.0,0.0
0.7217677765199721,0.30300639799999995,0.5485844895,0.611993712,3186.0,0.0
0.7223337510335169,0.211326283,0.494389387,0.600797167,3186.0,0.0
0.7212355054765013,0.14696759,0.452307135,0.589679938,3186.0,0.0
0.720235227196663,0.077371334,0.437770282,0.58136078,3186.0,0.0
0.7120987857134423,0.006047167,0.409083211,0.549360628,3186.0,0.0
0.6498309112561707,0.0,0.37362006866666664,0.5572896256666667,3186.0,0.0
0.6355047317685584,0.0,0.3383620355,0.5724708235,3186.0,0.0
0.6560690364936571,0.009097981,0.30850058950000003,0.567460387,3186.0,0.0
0.7728204184478054,0.11110903350000001,0.27589208249999997,0.535220739,3186.0,0.0
0.8272377917779388,0.168170434,0.299289032,0.499388046,3186.0,0.0
0.8312871621832599,0.224123466,0.295689208,0.487695478,3186.0,0.0
0.8306356228979852,0.275093568,0.278109421,0.472841085,3186.0,0.0
0.8327472025837446,0.35009858,0.2305145575,0.46907444600000003,3186.0,0.0
0.8335386339203777,0.43460375949999996,0.2725647535,0.5042159575,3186.0,0.0
0.8300228160562979,0.4017809305,0.29750006399999995,0.535301078,3186.0,0.0
0.8247262171226094,0.23811563549999998,0.275483173,0.517630917,3186.0,0.0
0.8165664520651057,0.115916145,0.25745966,0.532074577,3186.0,0.0
0.770037054488348,0.005453714666666667,0.30671767,0.556829484,3186.0,0.0
0.6423917369341787,0.0,0.34230256875000004,0.6458396319999999,3186.0,0.0
0.6457651483585384,0.008092436333333333,0.330423952,0.6046306476666666,3186.0,0.0
0.736848322631963,0.115563701,0.302232573,0.563589509,3186.0,0.0
0.8008708019794447,0.215009569,0.325058842,0.522845719,3186.0,0.0
0.8248069703739949,0.326186727,0.360616697,0.476265766,3186.0,0.0
0.8299344708358585,0.40806307,0.388684464,0.412017875,3186.0,0.0
0.8307347512373314,0.464886559,0.405498614,0.367789271,3186.0,0.0
0.8333681815319898,0.5319327855,0.34371687500000003,0.3302565595,3186.0,0.0
0.8336290100156619,0.484435599,0.39224964,0.34433436399999995,3186.0,0.0
0.8305899754436257,0.3943182185,0.3634832315,0.33759569450000004,3186.0,0.0
0.8268548179797661,0.294918517,0.284180356,0.290009639,3186.0,0.0
0.8241033041202968,0.186302654,0.21586232,0.26316089,3186.0,0.0
0.8165664520651057,0.1108815,0.18672573,0.241866864,3186.0,0.0
0.7661804444114854,0.004044160333333334,0.17507254633333333,0.2539022233333333,3186.0,0.0
0.6530731347908287,0.0,0.157837502,0.274696454,3186.0,0.0
0.6321613973645013,0.0,0.1624682225,0.244277826,3186.0,0.0
0.6344452428603243,0.0,0.187188308,0.262515789,3186.0,0.0
0.7030779895459796,0.049851268500000004,0.2067674465,0.314524953,3186.0,0.0
0.8027810298702752,0.137466637,0.206937357,0.355925837,3186.0,0.0
0.8279703747769315,0.173048071,0.225352236,0.407564022,3186.0,0.0
0.8342225229559534,0.237934058,0.274544523,0.484492635,3186.0,0.0
0.8329271809952535,0.297190769,0.331560293,0.571525221,3186.0,0.0
0.8354719275903317,0.358624447,0.43565287649999995,0.6801037155,3186.0,0.0
0.8377934658871253,0.273964249,0.5066997480000001,0.751594381,3186.0,0.0
0.8342984408753804,0.1666707045,0.5130371055,0.787794589,3186.0,0.0
0.8302372719137302,0.090852769,0.481152036,0.820560962,3186.0,0.0
0.8247296021108075,0.041606863,0.431525048,0.824454409,3186.0,0.0
0.7818337192702014,0.0006168336666666666,0.37638106500000007,0.812436134,3186.0,0.0
0.6600261205612408,0.0,0.35269724300000005,0.734633909,3186.0,0.0
0.6385927018967781,0.0,0.327260721,0.615098078,3186.0,0.0
0.657990483000103,0.0025608795,0.2820183715,0.581249296,3186.0,0.0
0.7750359618048692,0.092170594,0.2217394105,0.49041546449999995,3186.0,0.0
0.8324175160290034,0.236272142,0.225467563,0.433307733,3186.0,0.0
0.8359124446135513,0.374983823,0.234362634,0.396967462,3186.0,0.0
0.838780301231739,0.465820864,0.240635326,0.397672457,3186.0,0.0
0.8418414825726734,0.54219372,0.2268503215,0.433402481,3186.0,0.0
0.8448258755911345,0.49478568749999996,0.23491670050000002,0.4974980255,3186.0,0.0
0.8414041086824987,0.3486215975,0.2191676235,0.4982542765,3186.0,0.0
0.8345348982705448,0.260569513,0.180131125,0.512314999,3186.0,0.0
0.8285583756237732,0.15563772,0.168240036,0.513826079,3186.0,0.0
0.8191648729899353,0.044329862500000004,0.18619077150000002,0.5018032215,3186.0,0.0
0.7637892419909713,0.0,0.193804798,0.5134461455,3186.0,0.0
0.6570728200005047,0.0,0.16293381950000002,0.4866583415,3186.0,0.0
0.6378996011776245,0.0,0.15491831225,0.4349647375,3186.0,0.0
0.7066587487658149,0.0288657225,0.1909812475,0.5029500985,3186.0,0.0
0.8050746676463575,0.106071206,0.194098183,0.506336798,3186.0,0.0
0.8289536318853722,0.17511427,0.203805306,0.486180652,3186.0,0.0
0.8331028075883211,0.194198794,0.244022344,0.521027764,3186.0,0.0
0.8327022320876665,0.226266963,0.27162195,0.59740106,3186.0,0.0
0.8329038253441683,0.27541848550000003,0.2810643105,0.600621148,3186.0,0.0
0.8328760210538637,0.2301072065,0.288656942,0.6834457955,3186.0,0.0
0.828716980848653,0.14193462550000002,0.285796657,0.7235375285,3186.0,0.0
0.8224139145833947,0.0866387285,0.2720134095,0.750096977,3186.0,0.0
0.8151428717717907,0.02983806,0.24705296,0.73608028,3186.0,0.0
0.7687944680439646,0.0006795843333333333,0.2199498936666667,0.7245139313333334,3186.0,0.0
0.6301970756528138,0.0,0.20500955166666668,0.5997350793333333,3186.0,0.0
0.608859456818286,0.0,0.2126828395,0.564342103,3186.0,0.0
0.6183598568717024,0.010900547000000002,0.220291645,0.6580560196666667,3186.0,0.0
0.6593140161406368,0.076179673,0.225085712,0.707227323,3186.0,0.0
0.6842881800179804,0.127849875,0.221344287,0.700481266,3186.0,0.0
0.712885728068866,0.2229933895,0.22542307550000001,0.6646256325,3186.0,0.0
0.7178457498390256,0.2811049405,0.20885065800000002,0.6224067455,3186.0,0.0
0.7177834923079924,0.302701618,0.2697445805,0.679721727,3186.0,0.0
0.7183665848137122,0.2800717285,0.2614582695,0.627923889,3186.0,0.0
0.7169624432593787,0.199127737,0.21796478,0.562374199,3186.0,0.0
0.7167041533692626,0.0823198925,0.175479905,0.498231368,3186.0,0.0
0.7083670611889926,0.0010385919999999999,0.15683539033333335,0.437880061,3186.0,0.0
0.6381688192210235,0.0,0.137829441,0.43509897249999996,3186.0,0.0
0.6111516920706263,0.0,0.10739497249999999,0.2986549985,3186.0,0.0
0.6087427755804269,0.0,0.099232332,0.2374988105,3186.0,0.0
0.6227519616122714,0.056495285,0.0822255175,0.2362328855,3186.0,0.0
0.6599870252365281,0.199919354,0.069433343,0.250814028,3186.0,0.0
0.68475113368206,0.297205567,0.072228095,0.255310231,3186.0,0.0
0.7103660051185925,0.399424094,0.08406086,0.264896957,3186.0,0.0
0.7139293080639023,0.493950341,0.095947762,0.292136647,3186.0,0.0
0.7179578614116939,0.5713094665,0.0983681975,0.2657626095,3186.0,0.0
0.7174195217520929,0.5695365415,0.11963847650000001,0.363873544,3186.0,0.0
0.7177955085142809,0.456125422,0.124440823,0.411460434,3186.0,0.0
0.7197475641617251,0.304410163,0.106278171,0.413116276,3186.0,0.0
0.7198360060061517,0.202805152,0.089804232,0.398584531,3186.0,0.0
0.7150618376220764,0.106144188,0.091801062,0.360522328,3186.0,0.0
0.7075645725391096,0.0009762579999999999,0.10269555266666668,0.3461222963333333,3186.0,0.0
0.6528219047490706,0.0,0.104246153,0.31557951100000003,3186.0,0.0
0.6317492649658807,0.0,0.101642654,0.280941745,3186.0,0.0
0.634345751836643,0.0,0.09212208150000001,0.2821498775,3186.0,0.0
0.7024454294945739,0.0368443395,0.0909551065,0.30139133900000004,3186.0,0.0
0.8119141875339578,0.21608273449999998,0.0761101275,0.308944224,3186.0,0.0
0.8247751527443896,0.4846346455,0.10972322649999999,0.3888881225,3186.0,0.0
0.824806196791726,0.601750021,0.17076079049999998,0.4654452025,3186.0,0.0
0.8238299999252235,0.506870085,0.198989706,0.519606318,3186.0,0.0
0.822922322257069,0.362496292,0.22503649599999997,0.6035073315,3186.0,0.0
0.8180009607084939,0.19882419150000002,0.22384379599999998,0.6836672065,3186.0,0.0
0.812382750505845,0.104254523,0.211224887,0.696358622,3186.0,0.0
0.7693207671608892,0.0006510726666666667,0.20686329066666667,0.6427607986666667,3186.0,0.0
0.6461913198354907,0.0,0.16333884066666668,0.5314741053333333,3186.0,0.0
0.6321004455364327,0.0,0.1209021525,0.45861538150000003,3186.0,0.0
0.6537323142587558,0.001730852,0.10757082400000001,0.430834655,3186.0,0.0
0.7695030022967939,0.065010697,0.09372321950000001,0.4187892125,3186.0,0.0
0.8256067674587412,0.198928668,0.077794007,0.38974926,3186.0,0.0
0.8297077811221786,0.316704058,0.071003652,0.353316319,3186.0,0.0
0.8288379660849355,0.387266571,0.072447445,0.309625168,3186.0,0.0
0.83122314003452,0.3540062695,0.061035744,0.23094871449999999,3186.0,0.0
0.8313610010142436,0.28978659799999995,0.0694533245,0.259563156,3186.0,0.0
0.8281231292324305,0.24643737300000002,0.06674094850000001,0.23527637699999998,3186.0,0.0
0.8244916939783026,0.182895906,0.067091209,0.192110159,3186.0,0.0
0.8202783024850588,0.122290219,0.078805636,0.159947688,3186.0,0.0
0.8156767143817837,0.068519277,0.107663107,0.145971815,3186.0,0.0
0.7693637067821225,0.00042599666666666663,0.13107617066666666,0.13576693399999998,3186.0,0.0
0.6525742531402756,0.0,0.1256932285,0.1231394345,3186.0,0.0
0.6336399696947346,0.0,0.116059897,0.10579092474999999,3186.0,0.0
0.7032984173955548,0.017225848,0.1286165215,0.130160841,3186.0,0.0
0.8008303285329744,0.084429328,0.149849288,0.158603188,3186.0,0.0
0.8258791046267806,0.118674559,0.172155512,0.176319547,3186.0,0.0
0.8299344708358585,0.188119117,0.225757095,0.197928073,3186.0,0.0
0.8316826603000125,0.2831369475,0.27930804,0.2120417355,3186.0,0.0
0.833172874344787,0.267629829,0.338660817,0.240568501,3186.0,0.0
0.8326819713560272,0.179334133,0.381671861,0.266309289,3186.0,0.0
0.8285300394095632,0.140430166,0.377126488,0.282860473,3186.0,0.0
0.826710235434035,0.116002884,0.377272747,0.298081905,3186.0,0.0
0.8228886185902049,0.068370846,0.394388746,0.330948282,3186.0,0.0
0.8124241427657501,0.014611915,0.41646080100000005,0.3781361135,3186.0,0.0
0.7572105988006417,0.0,0.42918174750000004,0.424986984,3186.0,0.0
0.6526192234395634,0.0,0.41043901,0.44761378500000004,3186.0,0.0
0.6329206561932055,0.0,0.3623110563333333,0.4244882606666667,3186.0,0.0
0.6538300160659557,0.0006696995,0.300913495,0.372715398,3186.0,0.0
0.770370835066371,0.022835595,0.283639693,0.320849226,3186.0,0.0
0.8284756395143513,0.0764093625,0.275134648,0.2722759345,3186.0,0.0
0.8307347512373314,0.106917345,0.248907674,0.254174147,3186.0,0.0
0.8317707154516999,0.159557439,0.226434613,0.21454378666666665,3186.0,0.0
0.8292058531593582,0.1680780775,0.2188536995,0.2490732465,3186.0,0.0
0.8232099880040119,0.1631287605,0.20010437,0.241096584,3186.0,0.0
0.8179115516402435,0.096036871,0.18849278,0.241491857,3186.0,0.0
0.7729367450697274,0.0,0.21807395533333332,0.325770882,3186.0,0.0
0.6462546008723445,0.0,0.261714122,0.4369448676666667,3186.0,0.0
0.6429045690418775,0.0007516305,0.26561460049999996,0.50967490925,3186.0,0.0
0.7692240647855089,0.11853015850000001,0.24613616300000002,0.5854763805000001,3186.0,0.0
0.8230495449554717,0.254175339,0.226921911,0.582971405,3186.0,0.0
0.8256206935139024,0.366384814,0.220387193,0.563223122,3186.0,0.0
0.8267954377182198,0.407576478,0.19295292149999999,0.522413702,3186.0,0.0
0.828444740501391,0.42357688849999997,0.15380084900000002,0.5080108205,3186.0,0.0
0.8278796602025065,0.3770899945,0.12948458000000002,0.488138553,3186.0,0.0
0.8216610706559726,0.2618935,0.1117779225,0.449641241,3186.0,0.0
0.813764455222528,0.1190256375,0.1318936615,0.4497766015,3186.0,0.0
0.7694805492567506,0.0,0.1536774393333333,0.4627668016666666,3186.0,0.0
0.6286599732602869,0.0,0.14746052733333334,0.4644465773333333,3578.0,0.0
0.6141990437048804,0.022959367799999998,0.1348499608,0.39669141979999994,4362.0,0.0
0.6615105076482484,0.250804722,0.120149881,0.369365943,4362.0,0.0
0.6849165086865457,0.38297721,0.094805046,0.340243414,4362.0,0.0
0.7114017760849863,0.513273476,0.100971599,0.302944372,4362.0,0.0
0.7148730103425177,0.620665108,0.114307786,0.264884506,4362.0,0.0
0.7156248387669208,0.6808781033333333,0.09555571133333333,0.18805592699999998,4362.0,0.0
0.7139502701558077,0.5220310975,0.10247970349999999,0.178273176,4362.0,0.0
0.7148948910510682,0.2654616025,0.0849714415,0.1634516375,4362.0,0.0
0.7140614633086212,0.118557938,0.082435232,0.161890904,4362.0,0.0
0.7134920792081035,0.040317107,0.09493414,0.166734864,4362.0,0.0
0.7051213238341534,0.0,0.10903315833333334,0.14278523866666668,4362.0,0.0
0.6289053764098748,0.0,0.103577556,0.10131094633333333,4362.0,0.0
0.6142644587346427,0.0064384552,0.092570808,0.0941845412,4362.0,0.0
0.6628329287273725,0.102267028,0.069576523,0.080903894,4362.0,0.0
0.6847585802231574,0.173848003,0.041752712,0.071878817,4362.0,0.0
0.711779721106436,0.275032444,0.043824922,0.082602559,4362.0,0.0
0.7154024527236807,0.372108247,0.057063803,0.095070671,4362.0,0.0
0.71788520771688,0.41776597733333337,0.09246914300000002,0.12272642666666667,4362.0,0.0
0.7181557798080357,0.329410184,0.131438838,0.203655649,4362.0,0.0
0.7159817975568671,0.268810116,0.130563465,0.245379623,4362.0,0.0
0.7164636100192143,0.216785456,0.137118886,0.275384525,4362.0,0.0
0.7147401781395173,0.139372353,0.177177933,0.30274838,4362.0,0.0
0.7129613797311549,0.04654154,0.224066423,0.322738772,4362.0,0.0
0.7046152694432651,0.0,0.23816039366666666,0.323885591,4362.0,0.0
0.6486510255799433,0.0,0.20962174266666667,0.30955613,4362.0,0.0
0.6451885113584781,0.0,0.185284701,0.3323072955,4362.0,0.0
0.7823644510207426,0.113777088,0.16826770600000002,0.3734759485,4362.0,0.0
0.8302246993815517,0.262050609,0.124498774,0.368815535,4362.0,0.0
0.8298072479406655,0.3570495515,0.138020566,0.3646955775,4362.0,0.0
0.8301005231922063,0.457595085,0.154455961,0.352429576,4362.0,0.0
0.8307804953156783,0.5387160904999999,0.1927586725,0.3673382805,4362.0,0.0
0.8283146647386956,0.399124859,0.17724972,0.38374989800000003,4362.0,0.0
0.8234804875451811,0.24976361,0.148491153,0.388581356,4362.0,0.0
0.8200941651095022,0.13660656599999998,0.1356177805,0.3853930335,4362.0,0.0
0.8138396959868833,0.021915562,0.147487183,0.398718411,4362.0,0.0
0.773414447240803,0.0,0.12983678266666668,0.38589636033333335,4362.0,0.0
0.6486978979876895,0.0,0.11283553066666667,0.3162026746666667,4362.0,0.0
0.644931140183402,0.0,0.13636774775,0.19943647775,4362.0,0.0
0.7826924933933782,0.06337378099999999,0.11616794,0.15103486049999998,4362.0,0.0
0.8292144603690444,0.17666857,0.097768952,0.118025266,4362.0,0.0
0.8298461742225981,0.249437067,0.090120493,0.105223059,4362.0,0.0
0.8286349703046916,0.381298949,0.0757354115,0.098346031,4362.0,0.0
0.8293374278729928,0.3832308605,0.061725251999999994,0.106532302,4362.0,0.0
0.8273729451213263,0.2786963295,0.058474436500000004,0.12529314600000002,4362.0,0.0
0.8219865018194692,0.1723753595,0.054001495999999996,0.1575527235,4362.0,0.0
0.8191348927904101,0.103191561,0.061849759,0.196269357,4362.0,0.0
0.8144281801504518,0.028282029,0.07271494,0.219614555,4362.0,0.0
0.7911449775733226,0.0,0.079794689,0.22721452250000002,4362.0,0.0
0.7029818108949132,0.0,0.08182312,0.2170177465,4362.0,0.0
0.6363815587554253,0.0,0.08675782779999999,0.2412844642,4362.0,0.0
0.7140540165707335,0.020797521,0.09541689,0.29336327900000003,4362.0,0.0
0.821369681638481,0.164190304,0.0691070585,0.290410938,4362.0,0.0
0.8306117353229943,0.278589074,0.060379081,0.266108466,4362.0,0.0
0.8288061480617499,0.38785479700000003,0.0818110425,0.2396090525,4362.0,0.0
0.8293289012160945,0.33987171266666666,0.07697232433333334,0.21646334066666664,4362.0,0.0
0.8236917036455816,0.226695097,0.07397282799999999,0.212768936,4362.0,0.0
0.8204245286225249,0.16981763,0.074482481,0.195373085,4362.0,0.0
0.8173156691491762,0.060002631,0.086452498,0.1803857915,4362.0,0.0
0.7742608102653602,0.0,0.09210747766666667,0.16539044733333333,4362.0,0.0
0.6558147357376474,0.0,0.0666957,0.15973793149999999,4362.0,0.0
0.6430075708420517,0.0,0.0577761828,0.16456150060000002,4362.0,0.0
0.7825955167580583,0.0517024535,0.0524313285,0.221825457,4362.0,0.0
0.8297167270077956,0.1740082605,0.0476680005,0.21641109749999998,4362.0,0.0
0.8291469562145386,0.319876752,0.052427053,0.204888977,4362.0,0.0
0.8282701134057397,0.3602678356666667,0.04483011166666667,0.13718332866666666,4362.0,0.0
0.8270837318162654,0.286241024,0.044117729,0.146884713,4362.0,0.0
0.8224019223855106,0.2340321815,0.0516684025,0.181824292,4362.0,0.0
0.8207051831282886,0.1284946665,0.06683438750000001,0.2595865895,4362.0,0.0
0.8138396959868833,0.018102842,0.097568237,0.336323039,4362.0,0.0
0.7746851441154425,0.0,0.11218161666666666,0.390464079,4362.0,0.0
0.6559805460420516,0.0,0.090909459,0.3737119895,4362.0,0.0
0.6352029826326907,0.0,0.07928312125,0.37704157650000003,4362.0,0.0
0.7147532341852125,0.010414473,0.10542336899999999,0.476143056,4362.0,0.0
0.821617164204496,0.105183641,0.1148517195,0.4960957115,4362.0,0.0
0.829977217012327,0.2226271385,0.11556374050000001,0.455968035,4362.0,0.0
0.8284153404393699,0.4302814365,0.113544163,0.390144637,4362.0,0.0
0.8273148219555658,0.4508714315,0.123687251,0.3743973935,4362.0,0.0
0.8233684001777073,0.3078829535,0.1321220205,0.375516015,4362.0,0.0
0.8214265473148755,0.215205858,0.136085309,0.398930889,4362.0,0.0
0.8200081894398386,0.127092155,0.156022285,0.422499425,4362.0,0.0
0.8138396959868833,0.011406456,0.185815419,0.454119597,4362.0,0.0
0.7752212433842344,0.0,0.204083054,0.48333107133333336,4362.0,0.0
0.628611295499263,0.0,0.190566455,0.48141211433333336,4362.0,0.0
0.6056234468685375,0.0,0.1806018215,0.457452677,4362.0,0.0
0.6198816468877187,0.006181023333333333,0.1897988953333333,0.45288028666666663,4362.0,0.0
0.6615105076482484,0.097480154,0.200201492,0.43885172,4362.0,0.0
0.6842991081712633,0.150669784,0.201056059,0.435995801,4362.0,0.0
0.7120757522079113,0.223519376,0.216713624,0.453154694,4362.0,0.0
0.7148730103425177,0.299698102,0.238557561,0.483132142,4362.0,0.0
0.7154655885293683,0.380554503,0.30114443966666665,0.5496224023333334,4362.0,0.0
0.7140113672150425,0.262903759,0.3240855475,0.6155899284999999,4362.0,0.0
0.7140549835977672,0.18610280099999998,0.3108325845,0.6127558280000001,4362.0,0.0
0.7148249451237839,0.096249941,0.303556181,0.591583059,4362.0,0.0
0.7129908282035649,0.006102937,0.307470147,0.56329885,4362.0,0.0
0.7046820803714996,0.0,0.3030708816666667,0.490358056,4362.0,0.0
0.6371819358596016,0.0,0.25085251399999997,0.4064010695,4362.0,0.0
0.609733740213126,0.0,0.21330719939999998,0.3715332136,4362.0,0.0
0.6473287173271993,0.0574560845,0.22730448250000002,0.366842674,4362.0,0.0
0.6846717343472376,0.166392831,0.237752439,0.372031546,4362.0,0.0
0.7118456777028235,0.253031206,0.254273323,0.370676884,4362.0,0.0
0.7154063212253956,0.348479913,0.280696255,0.374250694,4362.0,0.0
0.7159243031357896,0.4402505015,0.2887491385,0.349830488,4362.0,0.0
0.7144500788193874,0.3836447516666666,0.35416453233333334,0.35119030533333334,4362.0,0.0
0.7147209330420906,0.18621569799999999,0.339901232,0.368153109,4362.0,0.0
0.7140614633086212,0.079383793,0.336224816,0.391505097,4362.0,0.0
0.7136351141957166,0.004053167,0.35159271,0.415406999,4362.0,0.0
0.7042870496314677,0.0,0.3555613043333334,0.4653016353333333,4362.0,0.0
0.655846215084902,0.0,0.35374005,0.4944622725,4362.0,0.0
0.6333266153489073,0.0,0.3545983303333333,0.5097056356666667,4362.0,0.0
0.658975045417928,0.0,0.3915807785,0.5452757565,4362.0,0.0
0.782262276172339,0.0244944685,0.4400869295,0.6037274495,4362.0,0.0
0.8302246993815517,0.094130975,0.496501232,0.66045507,4362.0,0.0
0.8298613577671254,0.152771881,0.528295701,0.68189447,4362.0,0.0
0.8290125284366117,0.200691413,0.559452989,0.708014318,4362.0,0.0
0.8288518921400969,0.210317062,0.521366958,0.6878828795,4362.0,0.0
0.8276263752774996,0.218486309,0.5271738855,0.6860774235,4362.0,0.0
0.8240651032070346,0.23316456,0.520511175,0.72640084,4362.0,0.0
0.8217847635285913,0.171332245,0.5126515730000001,0.7222300895,4362.0,0.0
0.816587196507052,0.0463829715,0.483363946,0.7073986915,4362.0,0.0
0.7905206862524623,0.0,0.45220525349999996,0.671333961,4362.0,0.0
0.7031024574552648,0.0,0.4399314725,0.6018442425,4362.0,0.0
0.6394635086254263,0.0,0.42137112099999996,0.5833987305,4362.0,0.0
0.6344770848263174,0.0,0.40601143566666664,0.555512782,4362.0,0.0
0.7145993192579152,0.0024225115,0.4026057715,0.5610628475,4362.0,0.0
0.8132127212348812,0.045230117,0.418483727,0.60625467,4362.0,0.0
0.8293341879191707,0.079491744,0.422623842,0.644726076,4362.0,0.0
0.8292624287670008,0.15636328,0.390229358,0.696550961,4362.0,0.0
0.8279189247667896,0.239725077,0.381943525,0.749858641,4362.0,0.0
0.8276741986410799,0.3189737165,0.346943469,0.707049492,4362.0,0.0
0.8272984295288512,0.2496511055,0.411824255,0.860877882,4362.0,0.0
0.8231541375682495,0.171756417,0.4180121245,0.8909930500000001,4362.0,0.0
0.8210988920285598,0.10351316,0.393309093,0.893489595,4362.0,0.0
0.819341079720507,0.066033294,0.369558018,0.894729315,4362.0,0.0
0.81336068817844,0.002222036,0.349877475,0.879718273,4362.0,0.0
0.7737215033163388,0.0,0.32946692266666666,0.8047089676666666,4362.0,0.0
0.6561994023251043,0.0,0.3329497925,0.7369323435,4362.0,0.0
0.6344686951353969,0.0,0.33591841775,0.6845180222499999,4362.0,0.0
0.7145827333864359,0.002407576,0.3449331,0.676466184,4362.0,0.0
0.8137276086194096,0.065421323,0.337180746,0.688531597,4362.0,0.0
0.831089292394097,0.150461391,0.322131046,0.705633042,4362.0,0.0
0.8301477178111037,0.247929395,0.346511594,0.71526426,4362.0,0.0
0.8281562525650004,0.30124317,0.376417832,0.717252048,4362.0,0.0
0.8275938804928226,0.3340105965,0.38833178,0.7282602735,4362.0,0.0
0.8268755140113236,0.392636373,0.42421468,0.7258663665,4362.0,0.0
0.8230785583247535,0.25293942550000004,0.46763936500000003,0.7549809955,4362.0,0.0
0.8200707128344296,0.103377059,0.4564004685,0.789742597,4362.0,0.0
0.8144675413387221,0.002478579,0.465504694,0.801208074,4362.0,0.0
0.7735366732392848,0.0,0.5062690063333334,0.8132253443333334,4362.0,0.0
0.6487981384540421,0.0,0.5480005616666667,0.841031314,4362.0,0.0
0.6448195120258555,0.0,0.48322051425,0.82155643425,4362.0,0.0
0.7833714260710236,0.059595048,0.39436072450000004,0.7741234084999999,4362.0,0.0
0.8317581429195213,0.212679089,0.348751085,0.731421519,4362.0,0.0
0.830482916852875,0.333556584,0.376429295,0.702102154,4362.0,0.0
0.8279383637025615,0.423176726,0.348409842,0.64569816,4362.0,0.0
0.8276130937758338,0.4337483016666666,0.2375803453333333,0.5166888773333334,4362.0,0.0
0.8255213719265817,0.35885217150000004,0.2821729865,0.5792478775000001,4362.0,0.0
0.8215780930849776,0.205462932,0.24987775199999998,0.614649067,4362.0,0.0
0.8184393014289122,0.039578920999999996,0.232648663,0.6452799495,4362.0,0.0
0.7727649225623834,0.0,0.25715167433333336,0.6525421066666667,4362.0,0.0
0.6562100404096352,0.0,0.259879989,0.6262041780000001,4362.0,0.0
0.6425031185332858,0.0,0.22950341859999995,0.6442410414,4362.0,0.0
0.7828195710574049,0.050747413,0.21054113600000002,0.6953834825,4362.0,0.0
0.8305975190022907,0.20717324,0.20124916999999998,0.7129068515,4362.0,0.0
0.8276741502306912,0.3616855015,0.205516962,0.6740641105,4362.0,0.0
0.8275763275943098,0.4073776765,0.2405169435,0.6692529475,4362.0,0.0
0.8255119909378366,0.35212492,0.264819823,0.7064077625,4362.0,0.0
0.8223635768314528,0.264836711,0.262886447,0.706033389,4362.0,0.0
0.8201061088969976,0.1339558205,0.245484928,0.7011156860000001,4362.0,0.0
0.8138753823149938,0.001438552,0.287377915,0.702251062,4362.0,0.0
0.7728260114876232,0.0,0.33023489033333336,0.695480484,4362.0,0.0
0.6286566528848705,0.0,0.338367948,0.704168367,4362.0,0.0
0.6056748728702751,0.0,0.33015718299999997,0.7274100605,4362.0,0.0
0.6198285204874757,0.0010057269999999999,0.329108151,0.8224716563333333,4362.0,0.0
0.6630808465933058,0.054202744,0.314080831,0.855533476,4362.0,0.0
0.6864900387814562,0.13590727,0.309254879,0.844087932,4362.0,0.0
0.7130393771326058,0.205238064,0.324340734,0.82908186,4362.0,0.0
0.7160317004024713,0.263223027,0.335440363,0.804164501,4362.0,0.0
0.7153903639018092,0.30228972466666665,0.311219878,0.647842534,4362.0,0.0
0.7144130545803167,0.2919406345,0.387886877,0.6623271245,4362.0,0.0
0.7142892648869205,0.217851115,0.399633236,0.686614611,4362.0,0.0
0.7172570962390967,0.10025577050000001,0.3739681085,0.7117580020000001,4362.0,0.0
0.7185832003779723,0.0,0.402245283,0.7531804423333334,4362.0,0.0
0.6761261904440771,0.0,0.4115257205,0.7378822885,4362.0,0.0
0.6131412712794707,0.0,0.42443110274999996,0.69219484275,4362.0,0.0
0.6232577824131945,0.000791478,0.4171439443333333,0.6330672053333333,4362.0,0.0
0.6657829897278669,0.0874631,0.391245692,0.604262051,4362.0,0.0
0.6903681832161204,0.179190666,0.387626252,0.587454148,4362.0,0.0
0.7161135175016679,0.283611258,0.398655584,0.589279164,4362.0,0.0
0.717890188214408,0.322220086,0.412857746,0.584507931,4362.0,0.0
0.7164078079938407,0.3356847455,0.3313674945,0.5755007265000001,4362.0,0.0
0.714538971772545,0.2913437205,0.33140568000000004,0.575027703,4362.0,0.0
0.7145114093373941,0.23084370399999998,0.311070858,0.6030117235000001,4362.0,0.0
0.7170909716607462,0.118379309,0.270969331,0.652078138,4362.0,0.0
0.7151210246356481,0.022812953,0.29259978600000003,0.691964384,4362.0,0.0
0.6952693565502441,0.0,0.3371428205,0.746110867,4362.0,0.0
0.6359409934005332,0.0,0.30513555425,0.6983584925,4362.0,0.0
0.6586204558507738,0.0,0.25448121,0.6765781365000001,4362.0,0.0
0.7822507674879715,0.034360646499999994,0.2431875355,0.655856185,4362.0,0.0
0.8293609769688429,0.129347548,0.254354188,0.643660646,4362.0,0.0
0.8288140785099446,0.207038156,0.269768945,0.641495805,4362.0,0.0
0.8280669889247063,0.283173347,0.272015073,0.626252988,4362.0,0.0
0.8279222131310005,0.293357953,0.31217604,0.588357594,4362.0,0.0
0.8276740213331113,0.33441697733333337,0.32091315833333334,0.5470803906666667,4362.0,0.0
0.8228515785423215,0.23740743350000001,0.2820370095,0.47170075899999997,4362.0,0.0
0.8209368049947042,0.121171819,0.246489617,0.448576705,4362.0,0.0
0.8188529809920705,0.049376173,0.255076007,0.436074874,4362.0,0.0
0.8104119814880892,0.0,0.2869138015,0.494425982,4362.0,0.0
0.7571787327606477,0.0,0.29142988599999997,0.553688716,4362.0,0.0
0.6558966980680103,0.0,0.279622854,0.550718069,4362.0,0.0
0.634358662651172,0.0,0.24639164025,0.5185988485,4362.0,0.0
0.7145993192579152,0.001579211,0.23819151649999998,0.5637855635,4362.0,0.0
0.8133135903803201,0.078755277,0.230274574,0.590595657,4362.0,0.0
0.8295266420420809,0.155127003,0.216888287,0.583509535,4362.0,0.0
0.8300966546904914,0.274435984,0.232888822,0.58995312,4362.0,0.0
0.8292038222845136,0.325720298,0.24479211,0.606277047,4362.0,0.0
0.829722674597954,0.33875050149999997,0.2631867335,0.6133815155,4362.0,0.0
0.8322325568575795,0.37471564999999996,0.2837754145,0.6941947175000001,4362.0,0.0
0.8271251724865594,0.31442799,0.258847228,0.7423860090000001,4362.0,0.0
0.8237106588710466,0.189076404,0.26521391,0.748903155,4362.0,0.0
0.8192031703303945,0.056765291,0.272600844,0.731920414,4362.0,0.0
0.8136314781819417,0.0,0.280995323,0.713237862,4362.0,0.0
0.7767920495092221,0.0,0.308807353,0.6781426316666667,4362.0,0.0
0.650188982304317,0.0,0.36029731133333337,0.6562338123333333,4362.0,0.0
0.6463864777901266,0.0,0.41420025875,0.6901352075,4362.0,0.0
0.782262276172339,0.020942598,0.40144816650000004,0.7502442924999999,4362.0,0.0
0.8302246993815517,0.072181188,0.385638959,0.752753605,4362.0,0.0
0.8305107693567779,0.125550723,0.391137708,0.741436785,4362.0,0.0
0.8290941522878337,0.22705502700000002,0.3784394075,0.6821440555,4362.0,0.0
0.8282101205363066,0.252216591,0.399288998,0.6816498445000001,4362.0,0.0
0.8256009647061687,0.254284038,0.366463789,0.657050174,4362.0,0.0
0.8217940478933492,0.205574137,0.317911424,0.636347825,4362.0,0.0
0.8204914526395265,0.136588387,0.307243123,0.636898155,4362.0,0.0
0.8194449467678243,0.060291032,0.324678937,0.642047343,4362.0,0.0
0.8146787574391225,0.0,0.350811612,0.65276706,4362.0,0.0
0.7933458695065547,0.0,0.410593353,0.666750766,4362.0,0.0
0.7064963474580133,0.0,0.5391351325,0.7105461475,4362.0,0.0
0.6388298847262096,0.0,0.6391043456666666,0.7736693579999999,4362.0,0.0
0.6376824857006643,0.0,0.7294287435,0.8700778965,4362.0,0.0
0.714657394013287,0.0,0.7648390745,0.913393743,4362.0,0.0
0.8130590477691568,0.063181279,0.78039519,0.913728313,4362.0,0.0
0.8301105807456527,0.172672015,0.77250275,0.91187715,4362.0,0.0
0.8297629063860609,0.275349258,0.765865552,0.921951039,4362.0,0.0
0.8284090543700708,0.31172513,0.756711449,0.924318276,4362.0,0.0
0.8284090543700708,0.366410302,0.687274331,0.923054211,4362.0,0.0
0.8280597838451819,0.3565582055,0.7118771429999999,0.9187296730000001,4362.0,0.0
0.8253421188837429,0.3038531895,0.7000948549999999,0.90128944,4362.0,0.0
0.8219145492225345,0.218241923,0.709157028,0.883810156,4362.0,0.0
0.8208360322764625,0.118278863,0.700194803,0.863918005,4362.0,0.0
0.8194720258862486,0.031863175,0.676542977,0.838347953,4362.0,0.0
0.8136063331175848,0.0,0.651785362,0.808056304,4362.0,0.0
0.7904052136999999,0.0,0.6242577035,0.7647001855,4362.0,0.0
0.7392307407316128,0.0,0.598017107,0.746397152,4362.0,0.0
0.6487498638505373,0.0,0.5722376493333333,0.7480021553333334,4362.0,0.0
0.6323767718385787,0.0,0.5436617165,0.7703782100000001,4362.0,0.0
0.6589972404004247,0.0,0.5323463635,0.8539503399999999,4362.0,0.0
0.7826703466244799,0.042235482,0.5083967389999999,0.9076521915,4362.0,0.0
0.8302246993815517,0.138505131,0.457171957,0.910725592,4362.0,0.0
0.8306117353229943,0.234032528,0.484411556,0.915018646,4362.0,0.0
0.828540677494094,0.31322307000000005,0.48502369599999995,0.9117359785000001,4362.0,0.0
0.8284245279833502,0.303461029,0.530947742,0.920668161,4362.0,0.0
0.8273935929392854,0.282400862,0.574782387,0.927286511,4362.0,0.0
0.8228578648084108,0.180865468,0.58912389,0.9313070975,4362.0,0.0
0.820828295666613,0.103988276,0.604489506,0.922352524,4362.0,0.0
0.8170273748543404,0.0033844425,0.6207588100000001,0.9093187615,4362.0,0.0
0.7909934077948164,0.0,0.619954774,0.9080847734999999,4362.0,0.0
0.6930001143630493,0.0,0.6391456105,0.8901798599999999,4362.0,0.0
0.6184703407926417,0.0,0.663914945,0.879387996,4362.0,0.0
0.6091352150855249,0.0,0.6733263205,0.923366774,4362.0,0.0
0.6485850125703655,0.0192340245,0.711356055,0.935491973,4362.0,0.0
0.690487137380768,0.116824906,0.72437891,0.936093522,4362.0,0.0
0.7186094252957433,0.202117569,0.730251624,0.935635179,4362.0,0.0
0.7216612012459481,0.318579609,0.7590506404999999,0.936327127,4362.0,0.0
0.7209208412295186,0.3511312873333334,0.7689378346666667,0.9339367766666666,4362.0,0.0
0.7225009154512745,0.23569182149999998,0.8079239785,0.9324628374999999,4362.0,0.0
0.7316612970709673,0.120909124,0.780863445,0.936243678,4362.0,0.0
0.733020854821962,0.012440353,0.7395603900000001,0.9346156525,4362.0,0.0
0.6993850220310935,0.0,0.7082314795,0.931938809,4362.0,0.0
0.6114719203374323,0.0,0.6515122705999999,0.9146441742,4362.0,0.0
0.6271746349550582,0.0,0.6204470744999999,0.8926058054999999,4362.0,0.0
0.6803780971245295,0.1047314385,0.5817772405,0.865489692,4362.0,0.0
0.7253003494951018,0.226903392,0.627786069,0.841158249,4362.0,0.0
0.7268249921818304,0.292661755,0.642857419,0.810609001,4362.0,0.0
0.7238005610168174,0.316873815,0.552333731,0.741890962,4362.0,0.0
0.7210716532345687,0.33546524099999997,0.572339667,0.6985810459999999,4362.0,0.0
0.720154860834807,0.28636647550000005,0.5929416745,0.666240778,4362.0,0.0
0.7244891649487502,0.149029671,0.564158719,0.644365948,4362.0,0.0
0.7357629876926863,0.022035854,0.556445277,0.610623725,4362.0,0.0
0.7364742945226173,0.0,0.548141568,0.628581822,4362.0,0.0
0.7175466076157112,0.0,0.5626915513333334,0.6526114156666666,4362.0,0.0
0.6536870698963186,0.0,0.6195408233333334,0.7631809306666666,4362.0,0.0
0.6557077737708841,0.0,0.62324015425,0.8126790392500001,4362.0,0.0
0.792491261825453,0.0265335565,0.6270377055,0.86336263,4362.0,0.0
0.8360472588874274,0.163646086,0.578374549,0.862232145,4362.0,0.0
0.8396516638271002,0.298894729,0.669389123,0.863254113,4362.0,0.0
0.8388336852959482,0.363768181,0.692201993,0.861284838,4362.0,0.0
0.8381144486081932,0.420594594,0.700398016,0.842546921,4362.0,0.0
0.8383461672953862,0.4455437465,0.7123731935,0.8467855900000001,4362.0,0.0
0.8364728342212728,0.395340123,0.728407627,0.873929175,4362.0,0.0
0.8345476640506979,0.34711802,0.679026457,0.896563,4362.0,0.0
0.8337093763775179,0.204631957,0.62799808,0.897937849,4362.0,0.0
0.8326637414992326,0.021223439,0.610264226,0.887008462,4362.0,0.0
0.8231022524549797,0.0,0.582783007,0.864900735,4362.0,0.0
0.7982315691290041,0.0,0.559719249,0.8496502260000001,4362.0,0.0
0.7211978848975336,0.0,0.5339040420000001,0.8377887980000001,4362.0,0.0
0.6649235223128221,0.0,0.47509480800000004,0.788199085,4362.0,0.0
0.6782258384449381,0.0,0.43088676024999994,0.71989159475,4362.0,0.0
0.7696651859546366,0.0,0.42350305,0.675449364,4362.0,0.0
0.8204323624467322,0.068174251,0.408646275,0.654476783,4362.0,0.0
0.8357255994048682,0.181494454,0.383672602,0.623084316,4362.0,0.0
0.8400634575497898,0.319255694,0.380969499,0.595032873,4362.0,0.0
0.837911356203962,0.3702232635,0.48460603300000005,0.6037854229999999,4362.0,0.0
0.8342913812238126,0.33458339000000004,0.5847852035,0.6956108944999999,4362.0,0.0
0.8310506081641083,0.2967049815,0.5843647925,0.7571690765,4362.0,0.0
0.8307206315406152,0.210333005,0.601721975,0.833550487,4362.0,0.0
0.8311788464967236,0.100912215,0.593502399,0.861572695,4362.0,0.0
0.8323194515374682,0.007404979,0.58913441,0.860941067,4362.0,0.0
0.8217219018516498,0.0,0.585024345,0.86379877,4362.0,0.0
0.792643508562241,0.0,0.5977864675,0.877296004,4362.0,0.0
0.703005408204362,0.0,0.6067691015000001,0.9021851685,4362.0,0.0
0.6398120777900491,0.0,0.6013208045,0.9102868145,4362.0,0.0
0.6447833421842283,0.0,0.65496872,0.9100568835,4362.0,0.0
0.783505249506252,0.002661082,0.7438018555,0.924873164,4362.0,0.0
0.8356205716889624,0.018896083,0.760376018,0.875644767,4362.0,0.0
0.8380201557975954,0.042107829,0.766155371,0.848230018,4362.0,0.0
0.8345907004927087,0.166324776,0.760651861,0.818883883,4362.0,0.0
0.8276844017208778,0.29790243025,0.71966223675,0.851036318,4362.0,0.0
0.8222437522637588,0.1460910815,0.727522093,0.914012366,4362.0,0.0
0.8202955169044309,0.006442022,0.758628149,0.914044972,4362.0,0.0
0.7990733382831762,0.0,0.790299918,0.9276419216666666,4362.0,0.0
0.7029108495302065,0.0,0.836916802,0.9344257185,4362.0,0.0
0.6394871785504581,0.0,0.8306113545,0.9344983075,4362.0,0.0
0.6315940443356186,0.0,0.8199286145,0.9317541195000001,4362.0,0.0
0.6581280055006858,0.0,0.785182419,0.926678808,4362.0,0.0
0.7835527343906917,0.0170650055,0.682829716,0.9132996959999999,4362.0,0.0
0.8347425359379824,0.153627273,0.533834486,0.887218422,4362.0,0.0
0.834141479635816,0.256532954,0.525456262,0.882463986,4362.0,0.0
0.8315293259037996,0.295259142,0.484994865,0.854646437,4362.0,0.0
0.8288263605797906,0.381196529,0.36471366,0.7765568359999999,4362.0,0.0
0.8262939285249412,0.2858028486666666,0.24309359233333336,0.6605258426666666,4362.0,0.0
0.8234278772600311,0.185717931,0.199451518,0.659058696,4362.0,0.0
0.8230836841190442,0.09093785,0.191885178,0.646786568,4362.0,0.0
0.8229273028201937,0.004222844,0.191312789,0.641501888,4362.0,0.0
0.8120742919065671,0.0,0.1941489345,0.6067701455000001,4362.0,0.0
0.7553235085173571,0.0,0.22377969050000002,0.6071927340000001,4362.0,0.0
0.6493540150065532,0.0,0.27120006,0.6502123383333334,4362.0,0.0
0.632009537517243,0.0,0.291003092,0.7007869765,4362.0,0.0
0.659030871648496,0.0,0.3280863315,0.739800944,4362.0,0.0
0.7861351979919349,0.0174879915,0.34231570499999997,0.7519507089999999,4362.0,0.0
0.8366071167680338,0.183845313,0.323415928,0.717347537,4362.0,0.0
0.8391267184955451,0.313830816,0.315389807,0.688011297,4362.0,0.0
0.8382046796691012,0.448446733,0.332093014,0.654304537,4362.0,0.0
0.8389789447999609,0.536633125,0.314855416,0.558848997,4362.0,0.0
0.838305210138609,0.5873822639999999,0.3287824955,0.5668606585,4362.0,0.0
0.8364786851874438,0.47636019549999997,0.36056725749999996,0.6167981415,4362.0,0.0
0.8342978605410861,0.362141642,0.343113749,0.61818887,4362.0,0.0
0.8338058937045152,0.190456247,0.30302469,0.612588139,4362.0,0.0
0.8330455550223971,0.007364199,0.284111322,0.604113416,4362.0,0.0
0.8220572941413956,0.0,0.247987935,0.579123565,4362.0,0.0
0.8004443562425528,0.0,0.22510579749999998,0.501248735,4362.0,0.0
0.7135017504623908,0.0,0.200668908,0.4055857175,4362.0,0.0
0.6539014611409693,0.0,0.1804643535,0.304437631,4362.0,0.0
0.650093214616781,0.0,0.1852128315,0.27096791649999996,4362.0,0.0
0.6485963517527754,0.0,0.27183178933333335,0.33671462566666666,4362.0,0.0
0.6801719824164352,0.015055813,0.369519705,0.461562644,4362.0,0.0
0.708202153626824,0.079316364,0.410637198,0.526478823,4362.0,0.0
0.7337196375301032,0.131905837,0.390421571,0.581329551,4362.0,0.0
0.7377172194461417,0.205229137,0.451231138,0.653547541,4362.0,0.0
0.73583977621195,0.22616204150000002,0.489850248,0.7746037825,4362.0,0.0
0.7311959740529023,0.161534916,0.581934227,0.8780280765,4362.0,0.0
0.728600260961199,0.07902242550000001,0.61450738,0.907258906,4362.0,0.0
0.7334581804985382,0.036752868,0.606122396,0.911230828,4362.0,0.0
0.7347798277986033,0.002646554,0.606309686,0.914855313,4362.0,0.0
0.7254639836934951,0.0,0.6166840016666667,0.9189410840000001,4362.0,0.0
0.6764492522535881,0.0,0.6142910955,0.9130893675,4362.0,0.0
0.6189220520294919,0.0,0.5823023825,0.914182551,4362.0,0.0
0.6093965633905055,0.0,0.54225025875,0.90327122875,4362.0,0.0
0.6491147690286845,0.0089368935,0.49435614949999995,0.8941222765000001,4362.0,0.0
0.6951360169237177,0.11889144,0.443424048,0.875755434,4362.0,0.0
0.7280775397524633,0.213948608,0.440970343,0.864542582,4362.0,0.0
0.7288936326399368,0.297834462,0.4740431,0.855021958,4362.0,0.0
0.7239146796527164,0.3695215213333333,0.4138177143333334,0.8047257416666667,4362.0,0.0
0.7199504871295958,0.2797418775,0.3719710675,0.8025121355,4362.0,0.0
0.7231666714508331,0.181697266,0.325786422,0.799643055,4362.0,0.0
0.7293856962972852,0.082388678,0.321332537,0.800927702,4362.0,0.0
0.7342861201559396,0.002852006,0.320151562,0.802849874,4362.0,0.0
0.730569434207238,0.0,0.316011098,0.7772481529999999,4362.0,0.0
0.7081093595703755,0.0,0.291032813,0.703996103,4362.0,0.0
0.6739394182075611,0.0,0.244818344,0.531781513,6041.5,0.0
0.6685802958792817,0.0,0.220859941,0.4106772635,7721.0,0.0
0.7096840019234856,0.0,0.20409775,0.3490674535,7721.0,0.0
0.8148669079571897,0.0087464755,0.198657333,0.2851987045,7721.0,0.0
0.8395048571585496,0.112627921,0.191557421,0.217738396,7721.0,0.0
0.8380116450151065,0.218215165,0.183519465,0.172652177,7721.0,0.0
0.8336474817276098,0.334265119,0.1679481555,0.117726311,7721.0,0.0
0.8320257413795897,0.420953561,0.150662759,0.088722512,7721.0,0.0
0.8294018855184412,0.34291057,0.1503478645,0.1071241065,7721.0,0.0
0.8286411597500035,0.223343201,0.145583587,0.13566832,7721.0,0.0
0.8313260400548036,0.122198438,0.154011737,0.153100619,7721.0,0.0
0.8350929185242809,0.002605,0.159448399,0.160522236,7721.0,0.0
0.8263179770743142,0.0,0.154353325,0.164744193,7721.0,0.0
0.7999942168346119,0.0,0.132415248,0.204264174,7721.0,0.0
0.706381503650234,0.0,0.10613691450000001,0.218947997,7721.0,0.0
0.6907735457367399,0.0,0.0782544335,0.25028628575,7721.0,0.0
0.773520941765249,0.0,0.094467476,0.3348203035,7721.0,0.0
0.8381587421459895,0.0365449325,0.114812145,0.3862246415,7721.0,0.0
0.8402927584726088,0.15482250349999999,0.130125957,0.428517566,7721.0,0.0
0.8383419119041419,0.23688668149999997,0.17115719000000001,0.473022441,7721.0,0.0
0.8360488064455456,0.21257944699999998,0.1936351115,0.5101090455,7721.0,0.0
0.8322395200819503,0.12009858400000001,0.2046034615,0.563280453,7721.0,0.0
0.8339020725523717,0.023942197499999998,0.21566836499999997,0.610816378,7721.0,0.0
0.8239428610717565,0.0,0.206554074,0.635938664,7721.0,0.0
0.7948778218995964,0.0,0.19787322,0.657727,7721.0,0.0
0.685872122544661,0.0,0.22291022666666668,0.7466625063333333,7721.0,0.0
0.6711328276913884,0.0,0.247316209,0.8297552205,7721.0,0.0
0.712807706659011,0.0,0.248134011,0.8655259415000001,7721.0,0.0
0.8169346294050708,0.0054883315,0.23050585750000002,0.8677927089999999,7721.0,0.0
0.8411825931734984,0.125093945,0.213583987,0.856685503,7721.0,0.0
0.8404967214766765,0.255636942,0.194191589,0.8304186,7721.0,0.0
0.8376965618673887,0.349201629,0.175909817,0.792498263,7721.0,0.0
0.8350422422931982,0.368597579,0.15932068300000002,0.763037968,7721.0,0.0
0.8324240923638446,0.3507664225,0.181233908,0.7279904319999999,7721.0,0.0
0.8311192243800236,0.26934867949999997,0.1872949955,0.6932323499999999,7721.0,0.0
0.8330131566649172,0.114101594,0.195182622,0.684283156,7721.0,0.0
0.8358718259359147,0.001480247,0.204951568,0.652725056,7721.0,0.0
0.81784346721704,0.0,0.22185579433333336,0.6171499746666668,7721.0,0.0
0.741208472776949,0.0,0.245058153,0.6223718655,7721.0,0.0
0.6939549142313083,0.0,0.2166001125,0.5831579905,7721.0,0.0
0.6865492017866237,0.0,0.185720737,0.5172734835,7721.0,0.0
0.7302769329315464,0.0,0.1326725395,0.4346174655,7721.0,0.0
0.8233529263676378,0.006249747,0.0816449085,0.3122737195,7721.0,0.0
0.8428734814645494,0.13339394,0.052327952,0.22010821,7721.0,0.0
0.8416294926932139,0.233306511,0.033684834,0.164768039,7721.0,0.0
0.8395735215880635,0.328098939,0.040675518,0.137908218,7721.0,0.0
0.8360308182471142,0.416029471,0.0743603535,0.142463402,7721.0,0.0
0.8331203122732356,0.337389721,0.1378263675,0.27977898,7721.0,0.0
0.8280652481186135,0.1716813275,0.2007735085,0.4362209255,7721.0,0.0
0.8260786184012586,0.0254219,0.272218235,0.555014551,7721.0,0.0
0.8258604394700678,0.0,0.303589966,0.615764085,7721.0,0.0
0.8177747545083309,0.0,0.316861838,0.672572318,7721.0,0.0
0.7839555662877582,0.0,0.350973448,0.7621116596666667,7721.0,0.0
0.6872833561553484,0.0,0.43355249149999997,0.856207012,7721.0,0.0
0.6660825506551262,0.0,0.501995701,0.8995761025,7721.0,0.0
0.6876936025167102,0.0,0.5394348176666667,0.9283289826666666,7721.0,0.0
0.8027979544176855,0.001198823,0.5284542765,0.924728643,7721.0,0.0
0.8235929621957649,0.074035984,0.503681645,0.913220727,7721.0,0.0
0.8209957983667211,0.151959895,0.488538912,0.899899984,7721.0,0.0
0.8181403206391568,0.235927198,0.452925979,0.885390896,7721.0,0.0
0.8171359323960303,0.379795215,0.510911646,0.841037722,7721.0,0.0
0.8181861615382813,0.393233525,0.5446401114999999,0.825051647,7721.0,0.0
0.8168693979805632,0.238089763,0.484866335,0.826638152,7721.0,0.0
0.8210180419563967,0.076614427,0.49674018,0.829641595,7721.0,0.0
0.8232586333602498,0.0,0.508276079,0.831215791,7721.0,0.0
0.7922401526128766,0.0,0.51914925575,0.84936069625,7721.0,0.0
0.6699261934386729,0.0,0.5074054795,0.8427679875,7721.0,0.0
0.6442513852179137,0.0,0.4713779165,0.789573005,7721.0,0.0
0.6477821773073469,0.0,0.4394765583333333,0.7070900800000001,7721.0,0.0
0.6826735959455155,0.002091713,0.411285236,0.6226885345,7721.0,0.0
0.73000889936835,0.112201545,0.376405484,0.553231443,7721.0,0.0
0.7517890012913699,0.238325915,0.331910883,0.492213962,7721.0,0.0
0.7513913756757852,0.367816715,0.347608087,0.438505953,7721.0,0.0
0.7498719554073349,0.465187153,0.279071428,0.308288139,7721.0,0.0
0.7443700155446111,0.4385420585,0.255184082,0.31438488,7721.0,0.0
0.7432097781233298,0.346526735,0.2122634215,0.2921260785,7721.0,0.0
0.7488773348456927,0.225850412,0.19128259,0.2523908,7721.0,0.0
0.7572597278671868,0.065688145,0.201272133,0.221279208,7721.0,0.0
0.7633035614204896,0.0,0.21353113,0.185942459,7721.0,0.0
0.7575781475927139,0.0,0.22769889100000001,0.1583930955,7721.0,0.0
0.7349044152794627,0.0,0.229844952,0.1853445615,7721.0,0.0
0.6752192381445928,0.0,0.236998327,0.309384684,7721.0,0.0
0.6494189964419124,0.0,0.2427657125,0.35423548299999996,7721.0,0.0
0.6610100181233814,0.0,0.26236385475,0.4097059075,7721.0,0.0
0.7101597213677182,0.003569416,0.250250215,0.490674399,7721.0,0.0
0.740147653960556,0.150990439,0.212028056,0.4965797,7721.0,0.0
0.764062933075574,0.290448765,0.164307868,0.482840135,7721.0,0.0
0.7620853458678235,0.430746327,0.141932759,0.461976193,7721.0,0.0
0.7586176418296564,0.5038664159999999,0.107298587,0.409095174,7721.0,0.0
0.7530301371952031,0.49380256499999997,0.10414030099999999,0.33758655000000004,7721.0,0.0
0.757464657701498,0.335747257,0.1164215685,0.259482485,7721.0,0.0
0.7689083769015123,0.082672712,0.149482804,0.202070408,7721.0,0.0
0.7786106284001703,0.0,0.157834065,0.181515142,7721.0,0.0
0.7756008002486002,0.0,0.173775792,0.175123603,7721.0,0.0
0.7657974621513343,0.0,0.2158606105,0.217611544,7721.0,0.0
0.7360278783196283,0.0,0.271445593,0.305640248,7721.0,0.0
0.700717960463962,0.0,0.3499114455,0.429168176,7721.0,0.0
0.67399318935809,0.0,0.4417487415,0.577572336,7721.0,0.0
0.6729487145580229,0.0,0.5369474160000001,0.7229079684999999,7721.0,0.0
0.724537786296584,0.0,0.60073337,0.83895968,7721.0,0.0
0.8094487436497145,0.0008503075,0.657675985,0.892911783,7721.0,0.0
0.8377839882743929,0.046550355,0.684874723,0.921321086,7721.0,0.0
0.8366697853937908,0.053031708,0.690506922,0.927801325,7721.0,0.0
0.8343160423810724,0.077709579,0.6517674305000001,0.9305218795000001,7721.0,0.0
0.8322869567527913,0.1369079225,0.5874821815,0.9305627575,7721.0,0.0
0.8285451261333132,0.1978837565,0.5033243965,0.9137436725,7721.0,0.0
0.8248821145143629,0.0954290345,0.471803169,0.8824709505,7721.0,0.0
0.8235816471529526,0.0,0.479081497,0.864785178,7721.0,0.0
0.8051837731175557,0.0,0.4950726966666667,0.849375788,7721.0,0.0
0.7071350324075457,0.0,0.5159341169999999,0.8430030216666666,7721.0,0.0
0.6657096023335977,0.0,0.484336166,0.8638752353333333,7721.0,0.0
0.6995331102958096,0.0,0.49223648350000004,0.8515895444999999,7721.0,0.0
0.8046613263655498,0.000788959,0.5238001379999999,0.8663988840000001,7721.0,0.0
0.8283253028232265,0.055205782,0.527115921,0.866612138,7721.0,0.0
0.8232565056646277,0.112417701,0.523695603,0.865626634,7721.0,0.0
0.8195006521692106,0.182492371,0.51144329,0.8626807655,7721.0,0.0
0.8174610734907748,0.212180537,0.54121324,0.8796992525,7721.0,0.0
0.8145880912750865,0.193929098,0.534036662,0.8976601655,7721.0,0.0
0.8121963892042592,0.11871398,0.539388908,0.894757013,7721.0,0.0
0.8130895116789891,0.014910137,0.554201537,0.889622323,7721.0,0.0
0.8128802300262363,0.0,0.574178473,0.880909549,7721.0,0.0
0.8075416586951385,0.0,0.5743484875,0.8588871455,7721.0,0.0
0.7657492520950144,0.0,0.563604532,0.8189069794999999,7721.0,0.0
0.6953995532405162,0.0,0.56941761,0.821247387,7721.0,0.0
0.6698262672462668,0.0,0.571008843,0.8062222446666666,7721.0,0.0
0.68786694030858,0.0,0.5288967223333333,0.7983162073333334,7721.0,0.0
0.8061447222203294,0.0010247505,0.4626902705,0.7385059105,7721.0,0.0
0.8298148397129294,0.127217232,0.402217579,0.666727477,7721.0,0.0
0.8211010197241819,0.246078534,0.354515199,0.604140378,7721.0,0.0
0.817072538598393,0.339725598,0.300173017,0.528054289,7721.0,0.0
0.8143836933646809,0.398047827,0.245902108,0.399751335,7721.0,0.0
0.8119174272909897,0.45818193100000004,0.22267938250000002,0.330596205,7721.0,0.0
0.809101939496379,0.2952800875,0.1672295835,0.31340836149999995,7721.0,0.0
0.809787907817188,0.128096538,0.176236394,0.334328939,7721.0,0.0
0.8149248860885743,0.03970296,0.203106495,0.345331104,7721.0,0.0
0.82282440279991,0.0,0.22302926,0.339932971,7721.0,0.0
0.8169340490707765,0.0,0.223948023,0.333643788,7721.0,0.0
0.7849754764889562,0.0,0.19429664633333335,0.3329727116666667,7721.0,0.0
0.6874894948718467,0.0,0.1548692645,0.4149808235,7721.0,0.0
0.6792036093378402,0.0,0.127873678,0.45659121420000004,7721.0,0.0
0.8072261402475025,0.0007478115,0.12468152699999999,0.45153268950000003,7721.0,0.0
0.8336766883448663,0.081933221,0.128852815,0.470833871,7721.0,0.0
0.8234369677864438,0.140078497,0.121792489,0.472573138,7721.0,0.0
0.8169925591260666,0.216128329,0.098488716,0.472465102,7721.0,0.0
0.813483317596828,0.27494102,0.081719171,0.452806875,7721.0,0.0
0.8109334452074588,0.3673287985,0.0997566575,0.513735647,7721.0,0.0
0.8088539008012641,0.3510281075,0.1503971105,0.6737668269999999,7721.0,0.0
0.8086163555498843,0.207723184,0.2346108,0.765337743,7721.0,0.0
0.811406166749813,0.047270878,0.286174036,0.80214905,7721.0,0.0
0.8102848070032852,0.0,0.30881538799999997,0.8295677066666668,7721.0,0.0
0.7669405577688266,0.0,0.302075255,0.7973191895,7721.0,0.0
0.6804073276189965,0.0,0.25552775699999997,0.7901251129999999,7721.0,0.0
0.664801763691061,0.0,0.2298609895,0.749241357,7721.0,0.0
0.6992917689615079,0.0,0.214808731,0.736734279,7721.0,0.0
0.8065229573105309,0.00060415,0.2083024845,0.737950424,7721.0,0.0
0.8309152133591475,0.077507142,0.187602412,0.728796388,7721.0,0.0
0.8223601916464645,0.164226169,0.167584735,0.708776284,7721.0,0.0
0.8169925591260666,0.238161524,0.135915473,0.665758902,7721.0,0.0
0.8129908670499499,0.292965635,0.117517052,0.574651787,7721.0,0.0
0.8091760359257321,0.3035380593333333,0.148568393,0.58413982,7721.0,0.0
0.8065579666803598,0.221222624,0.178954291,0.613815404,7721.0,0.0
0.8063787616543292,0.148135679,0.217912776,0.626565008,7721.0,0.0
0.8105137212333647,0.030524956,0.274159763,0.648048577,7721.0,0.0
0.8127973490792286,0.0,0.298469259,0.679639682,7721.0,0.0
0.8027511787651201,0.0,0.3079825813333334,0.6932780640000001,7721.0,0.0
0.7466611627439458,0.0,0.318062054,0.637307649,7721.0,0.0
0.66898111323509,0.0,0.33998917650000005,0.6455497135,7721.0,0.0
0.64330357297601,0.0,0.3931602945,0.6766905825,7721.0,0.0
0.6447574076631931,0.0,0.4510760266666667,0.6946947803333333,7721.0,0.0
0.6737212388827898,0.0,0.505624254,0.7799589325,7721.0,0.0
0.7103790613610781,0.037431085,0.508870448,0.805475796,7721.0,0.0
0.726423449654142,0.086283803,0.502628655,0.818308434,7721.0,0.0
0.7265627129608176,0.11057656,0.497299794,0.819960518,7721.0,0.0
0.7248565443044618,0.143498852,0.453040912,0.815012052,7721.0,0.0
0.7241059248934395,0.1626690045,0.44204220250000004,0.8306083865,7721.0,0.0
0.7227405883982765,0.132314038,0.442026488,0.8389387545,7721.0,0.0
0.7244640442863777,0.077489798,0.44938227,0.845149444,7721.0,0.0
0.7275524495833224,0.020134646,0.450282127,0.855620002,7721.0,0.0
0.7288031599206654,0.0,0.455026557,0.861258306,7721.0,0.0
0.7263504495429828,0.0,0.4797809290000001,0.8676807743333333,7721.0,0.0
0.693314206278539,0.0,0.5170269734999999,0.8912099815000001,7721.0,0.0
0.6512110201355403,0.0,0.5316285285,0.8945097985,7721.0,0.0
0.6408381613653593,0.0,0.527550634,0.8770692183333333,7721.0,0.0
0.6661974428732943,0.0,0.5294425016666667,0.8838308779999999,7721.0,0.0
0.7138200249567519,0.078286141,0.547760262,0.902452383,7721.0,0.0
0.7301574468429932,0.17596373,0.564908342,0.908564239,7721.0,0.0
0.7292347310582677,0.269490396,0.519129587,0.905349463,7721.0,0.0
0.7256203648611521,0.33728776433333335,0.49983625833333334,0.8964795186666666,7721.0,0.0
0.7236143689548021,0.2534269395,0.5972353765,0.909446601,7721.0,0.0
0.7274937462800576,0.131723072,0.633303561,0.918176177,7721.0,0.0
0.732553645766638,0.024355893,0.644594635,0.922782853,7721.0,0.0
0.7353796270049842,0.0,0.650259956,0.925995514,7721.0,0.0
0.7324391566403928,0.0,0.6322131553333333,0.9272004823333333,7721.0,0.0
0.7034868579823741,0.0,0.5723209425,0.920628885,7721.0,0.0
0.6775502544476992,0.0,0.505133749,0.904798121,7721.0,0.0
0.6661224437673021,0.0,0.4949984705,0.88804978,7721.0,0.0
0.6877570126479339,0.0,0.466004549,0.8680046326666666,7721.0,0.0
0.8067857926606437,0.0,0.36773320600000003,0.854175538,7721.0,0.0
0.8312167569476532,0.068077253,0.307972128,0.806872833,7721.0,0.0
0.8207959941299106,0.186456959,0.263456293,0.755701777,7721.0,0.0
0.8151465466319506,0.269584826,0.207837244,0.669392349,7721.0,0.0
0.8114129363326289,0.34623391,0.151589491,0.574018316,7721.0,0.0
0.8096992483228023,0.3612071475,0.118910451,0.5120674365,7721.0,0.0
0.8080799257391563,0.2187515135,0.099978967,0.473396846,7721.0,0.0
0.809019348421333,0.090274258,0.103818961,0.470469756,7721.0,0.0
0.8140628072676003,0.015601395,0.111755434,0.484651551,7721.0,0.0
0.8162670359098354,0.0,0.11011681699999999,0.4992668963333333,7721.0,0.0
0.7705758131142808,0.0,0.0995284515,0.4283176475,7721.0,0.0
0.6807800828893407,0.0,0.11505503900000001,0.35902440666666663,7721.0,0.0
0.6831726108230328,0.0,0.15002114275,0.2371405215,7721.0,0.0
0.8097400362400091,0.0,0.181451282,0.234735064,7721.0,0.0
0.8349272534510431,0.058676426,0.188345783,0.20390962,7721.0,0.0
0.8324176128497809,0.179059132,0.170811867,0.177221034,7721.0,0.0
0.8268115882897807,0.251826491,0.151693515,0.167718312,7721.0,0.0
0.817284689583428,0.383506758,0.144737523,0.133482513,7721.0,0.0
0.8138601987704663,0.27036581249999997,0.13933153850000002,0.12150717,7721.0,0.0
0.8151032201211879,0.116704809,0.154258614,0.119787876,7721.0,0.0
0.8217017859575964,0.01010844,0.171416613,0.141292457,7721.0,0.0
0.8198197973290049,0.0,0.18147765833333332,0.14705870166666668,7721.0,0.0
0.7718036269120707,0.0,0.2015917815,0.15761301100000003,7721.0,0.0
0.6883373085681481,0.0,0.2255835705,0.195032239,7721.0,0.0
0.6660335668197475,0.0,0.251929487,0.27269586999999995,7721.0,0.0
0.6878808506205254,0.0,0.27562444933333335,0.37632478999999996,7721.0,0.0
0.8072485772819429,0.0,0.27335783150000004,0.4811174035,7721.0,0.0
0.8333561895308959,0.016591672,0.25999982,0.504660948,7721.0,0.0
0.8300484926509799,0.045225161,0.252422245,0.512631368,7721.0,0.0
0.8202153435937594,0.0870934125,0.23257016149999998,0.5106149765000001,7721.0,0.0
0.8132174598116588,0.19619761033333336,0.22483634233333336,0.5222164406666666,7721.0,0.0
0.8114335843473781,0.11600679950000001,0.2136733475,0.5255021449999999,7721.0,0.0
0.8154525388596754,0.005718834,0.221141393,0.523933172,7721.0,0.0
0.8171460709614417,0.0,0.225836267,0.523326662,7721.0,0.0
0.7690760972515795,0.0,0.23872853700000002,0.49937711,7721.0,0.0
0.6874860132596613,0.0,0.270950474,0.4435099465,7721.0,0.0
0.6660905777273083,0.0,0.2716861785,0.362291449,7721.0,0.0
0.6879710815502399,0.0,0.2736964103333333,0.361349914,7721.0,0.0
0.8161579141706475,0.011920331,0.3229356346666667,0.439565807,7721.0,0.0
0.8325844385916074,0.202353219,0.328067212,0.481497827,7721.0,0.0
0.8287980243655806,0.325113091,0.313645958,0.488244742,7721.0,0.0
0.8218713195325492,0.3820981685,0.30567237550000004,0.41596400499999997,7721.0,0.0
0.818877739166898,0.348980652,0.38325660699999997,0.44156286749999996,7721.0,0.0
0.8196444609358828,0.220780204,0.401343376,0.485065801,7721.0,0.0
0.8250025192195609,0.12758817,0.422705164,0.520627551,7721.0,0.0
0.8312747832926364,0.008847573,0.453089745,0.545289818,7721.0,0.0
0.8282701778217313,0.0,0.48680254766666664,0.5467469823333334,7721.0,0.0
0.7885028190430062,0.0,0.49949629549999996,0.512381103,7721.0,0.0
0.7063170378707907,0.0,0.5012727549999999,0.4452694693333333,7721.0,0.0
0.6993020685668979,0.0,0.471059071,0.37940856,7721.0,0.0
0.7375853544669648,0.0,0.43128117050000003,0.3703293405,7721.0,0.0
0.824963738562375,0.0,0.3719866235,0.3543703075,7721.0,0.0
0.8480215811371931,0.034519231,0.336351736,0.330895483,7721.0,0.0
0.8436138978941691,0.145703774,0.299011249,0.320777252,7721.0,0.0
0.8370759698086728,0.2324342375,0.213447626,0.29628128750000005,7721.0,0.0
0.8317885102053663,0.261446513,0.1674876105,0.24548251199999999,7721.0,0.0
0.8300261526341073,0.1944761835,0.148998851,0.2037732275,7721.0,0.0
0.8337029936842314,0.033163987500000006,0.129726306,0.1882710045,7721.0,0.0
0.8292562393216891,0.0,0.10413500333333332,0.20775273900000002,7721.0,0.0
0.788604655412269,0.0,0.098402604,0.233283202,7721.0,0.0
0.6755538247096706,0.0,0.07898202966666666,0.2210814796666667,7721.0,0.0
0.6542536571489438,0.0,0.07081179400000001,0.22586156625,7721.0,0.0
0.7036399105750233,0.005426216,0.107684252,0.24046607,7721.0,0.0
0.7561322754961246,0.079874802,0.11114306,0.23351163,7721.0,0.0
0.7575770355313043,0.150868129,0.101510737,0.210337743,7721.0,0.0
0.7533368549883882,0.245908877,0.1029472055,0.1656315035,7721.0,0.0
0.7475508196120932,0.26907238166666664,0.09315437466666666,0.146857711,7721.0,0.0
0.7594709196025993,0.048012614,0.107014407,0.159454785,7721.0,0.0
0.7742337955629275,0.0,0.139232093,0.187623161,7721.0,0.0
0.7647167131452383,0.0,0.19535668966666667,0.21527110933333335,7721.0,0.0
0.7143598879692765,0.0,0.3076744775,0.2429710425,7721.0,0.0
0.6725220273595578,0.0,0.3948235095,0.372073953,7721.0,0.0
0.6640852185028457,0.0,0.47862972433333334,0.5238222100000001,7721.0,0.0
0.6715165512602159,0.0,0.5184258285000001,0.6368149030000001,7721.0,0.0
0.7188285232371595,0.008443375,0.5344097025000001,0.7100780609999999,7721.0,0.0
0.7551047734570662,0.116401876,0.5336868785,0.7646616390000001,7721.0,0.0
0.749746787592181,0.163585433,0.5497363765000001,0.8198661305,7721.0,0.0
0.7445313045942131,0.141542659,0.546881695,0.8504633340000001,7721.0,0.0
0.7430447658031791,0.065020357,0.5367403065,0.8682005445000001,7721.0,0.0
0.7444736649419694,0.0,0.524674665,0.868958665,7721.0,0.0
0.7435620225416929,0.0,0.520605092,0.867819432,7721.0,0.0
0.7376002721479344,0.0,0.5414147665,0.8559781315,7721.0,0.0
0.720266658330319,0.0,0.5708153765,0.8419534185,7721.0,0.0
0.6866172858818433,0.0,0.55926542,0.889269848,7721.0,0.0
0.66561751777141,0.0,0.5337168396666666,0.8775531563333333,7721.0,0.0
0.6992875617838619,0.0,0.538522473,0.838154141,7721.0,0.0
0.8088406032939957,0.0,0.597106959,0.8511595365,7721.0,0.0
0.8378273147851557,0.031149415,0.616698783,0.883495427,7721.0,0.0
0.8369058560962159,0.176144898,0.60281312,0.895322775,7721.0,0.0
0.8342825805693617,0.306769696,0.596189308,0.90021887,7721.0,0.0
0.8340762968184873,0.384350677,0.571583247,0.882734559,7721.0,0.0
0.8331584159721398,0.4148514915,0.6062648420000001,0.898775858,7721.0,0.0
0.831929127428605,0.279624691,0.627848135,0.9118515185,7721.0,0.0
0.8317755509804484,0.12746598,0.615227574,0.914863041,7721.0,0.0
0.8344276464318195,0.00287152,0.590971419,0.912483592,7721.0,0.0
0.8337211751306373,0.0,0.560230049,0.900782937,7721.0,0.0
0.8216709835686233,0.0,0.5334975945,0.8922379405,7721.0,0.0
0.7797703819143544,0.0,0.489497964,0.871962381,7721.0,0.0
0.6839876678725,0.0,0.4003247813333333,0.8111124799999999,7721.0,0.0
0.66575968229038,0.0,0.317113702,0.7503174770000001,7721.0,0.0
0.7002690780862101,0.0,0.2636661655,0.6929152814999999,7721.0,0.0
0.7910761921178368,0.0,0.236723793,0.656504704,7721.0,0.0
0.8312980907301232,0.00464702,0.23145673700000002,0.6046359655,7721.0,0.0
0.8360263696078953,0.139040078,0.229659569,0.572715743,7721.0,0.0
0.8346472761003512,0.215051553,0.220501084,0.599495118,7721.0,0.0
0.8344222305687767,0.2845395675,0.254932861,0.6270684765000001,7721.0,0.0
0.8335269157856429,0.24085021466666665,0.3208045676666667,0.6638696983333333,7721.0,0.0
0.8335010617517987,0.104164303,0.381469997,0.682654708,7721.0,0.0
0.8345034673336791,0.001928344,0.408785437,0.685483599,7721.0,0.0
0.833380947312143,0.0,0.428535767,0.690911689,7721.0,0.0
0.8042247865706298,0.0,0.45671736825,0.699417699,7721.0,0.0
0.7032109667833562,0.0,0.48662277200000004,0.7239610755000001,7721.0,0.0
0.6921267086918511,0.0,0.438670413,0.72878376575,7721.0,0.0
0.7807868347741582,0.0,0.4179890335,0.727725826,7721.0,0.0
0.841598883945796,0.0136497665,0.40611895600000003,0.6977659789999999,7721.0,0.0
0.8434021016562644,0.169033831,0.389940106,0.677105425,7721.0,0.0
0.8409444915962285,0.261661552,0.364277946,0.660471714,7721.0,0.0
0.839890539183429,0.349640576,0.35219903,0.625260452,7721.0,0.0
0.8372394108902849,0.38858023399999997,0.36507525933333335,0.621104221,7721.0,0.0
0.8358925219674723,0.254295067,0.365600934,0.611385181,7721.0,0.0
0.8365886452528759,0.109888194,0.362646274,0.609117308,7721.0,0.0
0.838890551365923,0.001771269,0.351098746,0.600256309,7721.0,0.0
0.8398302883220462,0.0,0.32588496,0.585740651,7721.0,0.0
0.8273381291962623,0.0,0.288176219,0.5700784415,7721.0,0.0
0.7893502460465682,0.0,0.2412254345,0.536612095,7721.0,0.0
0.6904934556580627,0.0,0.19434122566666667,0.5046440613333334,7721.0,0.0
0.6861158656377342,0.0,0.19365024275,0.5622425795,7721.0,0.0
0.8218641631913973,0.004342846666666666,0.241704866,0.5907040339999999,7721.0,0.0
0.838830204077343,0.129065916,0.245464261,0.615833849,7721.0,0.0
0.8379540055596528,0.259586789,0.225108695,0.632678888,7721.0,0.0
0.835525086329764,0.38340217633333334,0.19996434733333335,0.611929529,7721.0,0.0
0.8344506634069739,0.274337487,0.19505849349999999,0.64447469,7721.0,0.0
0.8349183561726049,0.082184411,0.204575744,0.708180595,7721.0,0.0
0.8370269375629052,0.001162882,0.210228422,0.714335572,7721.0,0.0
0.8376926937592541,0.0,0.20342772,0.702896522,7721.0,0.0
0.8264058871916256,0.0,0.18140901450000002,0.6479562415,7721.0,0.0
0.7941471169350613,0.0,0.1524613655,0.5769210315,7721.0,0.0
0.7186593519529614,0.0,0.12667839549999999,0.46540437700000004,7721.0,0.0
0.6988814257793686,0.0,0.10862540949999999,0.458471105,7721.0,0.0
0.7044822761346891,0.0,0.096300053,0.46347061300000003,7721.0,0.0
0.7845846848721789,0.0,0.0826493845,0.4286715365,7721.0,0.0
0.8429679679167021,0.006168947,0.075108173,0.358626958,7721.0,0.0
0.8461285676657347,0.093576319,0.064132062,0.317547703,7721.0,0.0
0.8427390536866224,0.162620734,0.056744352,0.303094512,7721.0,0.0
0.8410928940364959,0.274377812,0.0585728925,0.3157645745,7721.0,0.0
0.8404870986327779,0.27217710149999996,0.0700233375,0.357557657,7721.0,0.0
0.8405391773876028,0.0997866565,0.11085789400000001,0.414159089,7721.0,0.0
0.8410909113752497,0.0,0.149843288,0.47027772,7721.0,0.0
0.8340764900664618,0.0,0.17885406233333334,0.5293192453333333,7721.0,0.0
0.7954327878382641,0.0,0.211144035,0.5741628345,7721.0,0.0
0.6990634834761114,0.0,0.25965867249999997,0.6234204569999999,7721.0,0.0
0.6779292309121739,0.0,0.2784123743333333,0.6729547880000001,7721.0,0.0
0.6807092584250153,0.0,0.3222657605,0.7344874525,7721.0,0.0
0.7176890946082192,0.001538895,0.37013205200000004,0.7742108256666667,7721.0,0.0
0.7795428219944185,0.082844545,0.428590623,0.837084895,7721.0,0.0
0.7839648181821334,0.171537744,0.449728378,0.862166358,7721.0,0.0
0.7846819275678466,0.215529558,0.488610856,0.900376104,7721.0,0.0
0.7842752594426575,0.240101968,0.4568729465,0.9019745505,7721.0,0.0
0.7868527666859705,0.1720987405,0.3826602855,0.896179598,7721.0,0.0
0.7938353461599587,0.041878301,0.356357878,0.888365996,7721.0,0.0
0.7975639756993655,0.0,0.356087459,0.880594622,7721.0,0.0
0.7924770292367599,0.0,0.34289930733333335,0.8621508003333332,7721.0,0.0
0.7600949448631117,0.0,0.310713385,0.8353046625,7721.0,0.0
0.6997792870276665,0.0,0.293289474,0.8267393326666667,7721.0,0.0
0.6890801912709257,0.0,0.24705164775,0.7871007475,7721.0,0.0
0.7045335973128478,0.002817825333333333,0.19982115333333336,0.7560357689999999,7721.0,0.0
0.7601388515113786,0.120985705,0.176458005,0.736401279,7721.0,0.0
0.7848574573401367,0.250431647,0.185824862,0.718470435,7721.0,0.0
0.7878807762469497,0.3489930275,0.1277631495,0.6036883515,7721.0,0.0
0.7859538172534737,0.35145501599999995,0.107357475,0.5715502375,7721.0,0.0
0.7868553052795263,0.198672714,0.098380791,0.570940859,7721.0,0.0
0.7928587137967478,0.054468763,0.106817341,0.575730231,7721.0,0.0
0.7986775984424634,0.0,0.12166699,0.591310435,7721.0,0.0
0.8014755815521599,0.0,0.132831318,0.595322855,7721.0,0.0
0.7873848604870695,0.0,0.14468274866666667,0.5743119656666666,7721.0,0.0
0.721226056791928,0.0,0.16880856700000002,0.591448186,7721.0,0.0
0.727472792322147,0.0,0.189399035,0.6398512246666667,7721.0,0.0
0.8250445402241493,0.002447226,0.206581294,0.6780503685,7721.0,0.0
0.8491031928059212,0.079480027,0.219936004,0.698015783,7721.0,0.0
0.8523291690138375,0.2148722455,0.239123762,0.7096873825000001,7721.0,0.0
0.8484158705029521,0.264296988,0.287013744,0.7265804459999999,7721.0,0.0
0.8475471187887462,0.102452618,0.325415839,0.734109356,7721.0,0.0
0.8484346323492489,0.0071923905,0.357817873,0.7440163580000001,7721.0,0.0
0.8441833624162811,0.0,0.3856246586666667,0.7613229733333333,7721.0,0.0
0.8219760573764934,0.0,0.422347168,0.776706538,7721.0,0.0
0.7504931276035547,0.0,0.429423844,0.7842923975,7721.0,0.0
0.6941685115915013,0.0,0.45900403475,0.83303351625,7721.0,0.0
0.7238372867907543,0.0,0.4855782825,0.8509061345,7721.0,0.0
0.8172927730032035,0.0,0.5123379514999999,0.8893579985,7721.0,0.0
0.8414734502670844,0.0393731025,0.5394243734999999,0.9188847849999999,7721.0,0.0
0.8378564247784248,0.0448488675,0.5291886295,0.9300558455,7721.0,0.0
0.8342700403107757,0.032085999999999996,0.5522409633333333,0.932749962,7721.0,0.0
0.8298164356814361,0.005657296,0.5412554334999999,0.916216573,7721.0,0.0
0.8283509312043102,0.0,0.519220088,0.8901125135,7721.0,0.0
0.8095725655511066,0.0,0.48716159833333333,0.8552816243333333,7721.0,0.0
0.7529108447482049,0.0,0.442766528,0.875369588,7721.0,0.0
0.6823321431736344,0.0,0.4303432466666666,0.884352748,7721.0,0.0
0.6657971092277929,0.0,0.460152792,0.8784863055000001,7721.0,0.0
0.7008008170089852,0.0,0.477827008,0.8880123799999999,7721.0,0.0
0.8105046787237604,0.000891187,0.488175852,0.878113577,7721.0,0.0
0.8374236445618451,0.017322154,0.482201136,0.895377184,7721.0,0.0
0.8376089422124099,0.043509606,0.48029390699999996,0.8964926185,7721.0,0.0
0.8358207144049137,0.06521789850000001,0.5020874025000001,0.912290102,7721.0,0.0
0.8355055828468072,0.0493573255,0.509304369,0.917287358,7721.0,0.0
0.8355236678660158,0.019925659,0.508655926,0.905532795,7721.0,0.0
0.8345926831539549,0.0,0.489532224,0.8832579665,7721.0,0.0
0.8303179285411284,0.0,0.44648863650000004,0.818044239,7721.0,0.0
0.8125525503379359,0.0,0.406777101,0.7595700275,7721.0,0.0
0.7540580743373895,0.0,0.379911316,0.670155079,7721.0,0.0
0.7230283509659967,0.0,0.352415006,0.620447862,14207.0,0.0
0.7179509223925173,0.0,0.34341875,0.6147249585,14207.0,0.0
0.7821336511469843,0.0,0.33102255049999996,0.6397278045,14207.0,0.0
0.8774854872119111,0.001083797,0.324167745,0.6416062570000001,14207.0,0.0
0.8794861880188032,0.056008204,0.312989351,0.629589438,14207.0,0.0
0.8729224383042489,0.173787982,0.289650459,0.60216776,14207.0,0.0
0.8720723518779493,0.244724159,0.260842582,0.579665057,14207.0,0.0
0.8693644063843962,0.30279692150000004,0.237001224,0.544471473,14207.0,0.0
0.8698414797451919,0.180972062,0.2374260075,0.5627975350000001,14207.0,0.0
0.8752098862414389,0.0099457785,0.27339937150000004,0.608277747,14207.0,0.0
0.8703212449991079,0.0,0.29721831200000004,0.6315618866666667,14207.0,0.0
0.8406851134563168,0.0,0.305451876,0.595077897,14207.0,0.0
0.7916339221060307,0.0,0.2887843975,0.573250063,14207.0,0.0
0.7243342343872402,0.0,0.289277256,0.5610603695,14207.0,0.0
0.708187646843788,0.0,0.3003111935,0.5628049740000001,14207.0,0.0
0.720506476508487,0.0,0.323216293,0.5822952955,14207.0,0.0
0.8068658449453433,0.0,0.328780247,0.607624561,14207.0,0.0
0.870927830121891,0.000531491,0.33652161849999995,0.6442668385,14207.0,0.0
0.8750643850790628,0.021252452,0.333762031,0.697412747,14207.0,0.0
0.8713723604844112,0.043089701,0.330314851,0.723920101,14207.0,0.0
0.8692263035495189,0.0466268475,0.33538917599999996,0.7356263075,14207.0,0.0
0.8690358803014535,0.0362991075,0.3014035465,0.7561782155000001,14207.0,0.0
0.8687556612923983,0.008235203,0.285983757,0.807888789,14207.0,0.0
0.8739997945817324,0.0,0.27604062,0.83590755,14207.0,0.0
0.8690477918809533,0.0,0.268504321,0.8284305853333334,14207.0,0.0
0.8078555813054611,0.0,0.27272023166666665,0.7841184653333334,14207.0,0.0
0.7115142021283911,0.0,0.2983982755,0.7534686585,14207.0,0.0
0.6946456214568788,0.0,0.31857441825,0.6959438097499999,14207.0,0.0
0.7376550023882924,0.0004778366666666667,0.351248305,0.6881136520000001,14207.0,0.0
0.7956747335152642,0.055560887,0.338197285,0.66737025,14207.0,0.0
0.8011919777516968,0.164142259,0.32155493,0.639705421,14207.0,0.0
0.7966845376214335,0.235256194,0.285940311,0.595317931,14207.0,0.0
0.7964354350785077,0.286128319,0.27153206350000003,0.5390378115000001,14207.0,0.0
0.7964524320447108,0.1362803585,0.2699812855,0.4960345415,14207.0,0.0
0.8064789538414865,0.025479468,0.265489677,0.488191129,14207.0,0.0
0.8266574315073298,0.0,0.274149201,0.512258783,14207.0,0.0
0.8306705354470364,0.0,0.283121779,0.525535657,14207.0,0.0
0.8048660142266332,0.0,0.2952749128,0.5017853832,14207.0,0.0
0.7240830044110789,0.0,0.28113785900000005,0.47928441966666674,14207.0,0.0
0.7157734586275586,0.0,0.28284225225000004,0.5235243869999999,14207.0,0.0
0.7589026719654757,0.0007134025,0.318550815,0.5894713604999999,14207.0,0.0
0.7990480969228155,0.039766421,0.327606147,0.592820418,14207.0,0.0
0.8098496334243157,0.084642998,0.3102101355,0.636955114,14207.0,0.0
0.8050359832195785,0.11272386449999999,0.3186622385,0.6587903865,14207.0,0.0
0.8058369645877372,0.08424021500000001,0.3268363795,0.6835414815,14207.0,0.0
0.8144125128956173,0.011193711,0.330964491,0.704177928,14207.0,0.0
0.8270172919031511,0.0,0.330390066,0.721727537,14207.0,0.0
0.8293770309164167,0.0,0.327391973,0.73656926,14207.0,0.0
0.80275437017736,0.0,0.31039922233333334,0.7186831806666666,14207.0,0.0
0.7377534212333776,0.0,0.2626452673333333,0.6189561086666667,14207.0,0.0
0.7173713359009676,0.0,0.25296576224999995,0.5781964470000001,14207.0,0.0
0.8094147015037096,0.0,0.239361303,0.570177156,14207.0,0.0
0.8718578962173071,0.0,0.22653015199999998,0.556931853,14207.0,0.0
0.874357237016389,0.037667726000000006,0.19813554300000003,0.5089298,14207.0,0.0
0.8723489121636409,0.10004761466666667,0.149048654,0.419192794,14207.0,0.0
0.8718892303333955,0.0577554805,0.1709102885,0.3914733315,14207.0,0.0
0.8726938145365017,0.00247869,0.188698728,0.422271685,14207.0,0.0
0.8773003832029012,0.0,0.193832746,0.4662700655,14207.0,0.0
0.8671161259939215,0.0,0.1730369925,0.467567265,14207.0,0.0
0.8266532247232643,0.0,0.161388309,0.4783509765,14207.0,0.0
0.7386493808979907,0.0,0.154616758,0.488246083,14207.0,0.0
0.714498861108805,0.0,0.14735804575,0.599439946,14207.0,0.0
0.8070601847119321,0.0,0.13499592,0.642813162,14207.0,0.0
0.8713367711738685,0.0,0.133763188,0.6585462325,14207.0,0.0
0.8739707814092408,0.049666694,0.1199275535,0.639523552,14207.0,0.0
0.8693243519042578,0.131804301,0.08607473833333333,0.4950169933333333,14207.0,0.0
0.8692486919767806,0.0836588735,0.081311894,0.48149515649999997,14207.0,0.0
0.8747987694770308,0.0092293705,0.0921601675,0.46099925399999997,14207.0,0.0
0.8698760860230982,0.0,0.089082395,0.39220316633333335,14207.0,0.0
0.8273592121173494,0.0,0.078330176,0.29346621100000003,14207.0,0.0
0.7554544064695,0.0,0.06601274400000001,0.24276266,14207.0,0.0
0.7157011190426994,0.0,0.0571053905,0.20627452899999998,14207.0,0.0
0.7109217044287319,0.0,0.0463902235,0.17751419200000002,14207.0,0.0
0.7736437642348213,0.0,0.04336368,0.194248512,14207.0,0.0
0.8746491097441877,0.0,0.049498372,0.22540864300000002,14207.0,0.0
0.8751788421941026,0.043371683999999994,0.048203222000000004,0.2385597645,14207.0,0.0
0.8715758397125754,0.11869172766666668,0.039838046,0.2316222686666667,14207.0,0.0
0.8709781680706232,0.0669626755,0.049530810999999994,0.22963393399999998,14207.0,0.0
0.8726938145365017,0.013162385,0.073023754,0.271674584,14207.0,0.0
0.8770692446532122,0.0,0.095300297,0.3057098925,14207.0,0.0
0.8672212023170064,0.0,0.10461054850000001,0.2827638415,14207.0,0.0
0.8279287892690516,0.0,0.10827405100000001,0.2269085575,14207.0,0.0
0.7527468718738808,0.0,0.1078535165,0.181394883,14207.0,0.0
0.7190452030993372,0.0,0.11571337720000001,0.1397563496,14207.0,0.0
0.8134335115720014,0.0,0.112821349,0.115112161,14207.0,0.0
0.8752992951128992,0.0,0.111424845,0.09907650600000001,14207.0,0.0
0.8777088403477815,0.013025008000000001,0.104423387,0.07450689699999999,14207.0,0.0
0.8726730215529731,0.04521065833333333,0.08991160266666666,0.05654514866666666,14207.0,0.0
0.871862393266915,0.020084266,0.0906378305,0.044025529,14207.0,0.0
0.8748680626512279,0.001545435,0.092819802,0.051548059,14207.0,0.0
0.870550255787578,0.0,0.08779225133333333,0.041407591333333334,14207.0,0.0
0.827313371218225,0.0,0.0792496255,0.029068723999999997,14207.0,0.0
0.7568625857651189,0.0,0.07955227349999999,0.0318575065,14207.0,0.0
0.7194934182796013,0.0,0.06821360060000001,0.0425122146,14207.0,0.0
0.8101583094767627,0.0,0.046358487,0.060035223,14207.0,0.0
0.8747435477859515,0.0,0.0402593285,0.0614440265,14207.0,0.0
0.8764934780561984,0.0241176195,0.033180513,0.0689591145,14207.0,0.0
0.8718404883531703,0.064906498,0.02435868,0.08438807200000001,14207.0,0.0
0.8720791216575554,0.061479276,0.024064437,0.1064630765,14207.0,0.0
0.8716064003119914,0.014407128,0.0304847455,0.1341992125,14207.0,0.0
0.8772241750179319,0.0,0.0415836205,0.1729259745,14207.0,0.0
0.8682442071096667,0.0,0.055669870499999996,0.224394447,14207.0,0.0
0.8285628240662021,0.0,0.0803140685,0.2856550855,14207.0,0.0
0.7487193095615268,0.0,0.12261610349999999,0.3389284225,14207.0,0.0
0.7000832969221285,0.0,0.1735790995,0.413750089,14207.0,0.0
0.6920335560836616,0.0,0.23218154933333332,0.505067596,14207.0,0.0
0.7172747217531927,0.0,0.28278653200000003,0.5819487685,14207.0,0.0
0.7806068805678432,0.001319346,0.33095962999999995,0.6305321795000001,14207.0,0.0
0.8017454525454363,0.017477514,0.358541385,0.65907048,14207.0,0.0
0.8040674585469342,0.04626563066666667,0.38633352466666665,0.6538833903333333,14207.0,0.0
0.804150790799463,0.016811826000000002,0.4430388435,0.717523576,14207.0,0.0
0.8118835301793608,0.0007864115,0.4732337265,0.77439843,14207.0,0.0
0.8013833293772008,0.0,0.49075660879999994,0.8089102186,14207.0,0.0
0.7224353295420235,0.0,0.4800648373333334,0.7967315973333333,14207.0,0.0
0.690301053946942,0.0,0.5544135450000001,0.850613304,14207.0,0.0
0.7285776788923825,0.0,0.5716137046666667,0.8738906553333333,14207.0,0.0
0.7893743750831324,0.00545785,0.55802799,0.87886855,14207.0,0.0
0.7968107288112144,0.015130404333333333,0.5284540510000001,0.8486409383333333,14207.0,0.0
0.7968399514996702,0.009108398,0.5487878205000001,0.8551590525,14207.0,0.0
0.8044610144100279,0.0009041425,0.5675656095,0.872150545,14207.0,0.0
0.7972863484959357,0.0,0.5332717516000001,0.8795916882,14207.0,0.0
0.7241596476335795,0.0,0.48951343475,0.8772731455,14207.0,0.0
0.7152006658912207,0.0,0.4923092233333333,0.851681401,14207.0,0.0
0.8068658449453433,0.0,0.476101577,0.815270739,14207.0,0.0
0.8712945085109168,0.0,0.471582111,0.773506244,14207.0,0.0
0.8741311276370035,0.018664535,0.466810165,0.7215341945,14207.0,0.0
0.8710268134268612,0.039884532,0.439702526,0.657000531,14207.0,0.0
0.8701815948029029,0.045074285666666665,0.45540054599999996,0.6331663693333334,14207.0,0.0
0.8713724088947999,0.010720697999999999,0.4178329805,0.6140556100000001,14207.0,0.0
0.8770042066734695,0.0,0.379764443,0.61316943,14207.0,0.0
0.8702885568352628,0.0,0.31156349066666666,0.6504600773333333,14207.0,0.0
0.8263459265957849,0.0,0.244158857,0.6504745215000001,14207.0,0.0
0.7493638618108167,0.0,0.19544539449999998,0.5953216355,14207.0,0.0
0.7109473570150098,0.0,0.18288926149999998,0.52983040075,14207.0,0.0
0.7732283194635858,0.0,0.1654572805,0.47060035499999997,14207.0,0.0
0.8754284683301491,0.0021594,0.16070253633333334,0.470764725,14207.0,0.0
0.874493212155644,0.032303872,0.184332849,0.472736931,14207.0,0.0
0.8727450709050886,0.048155404,0.177636865,0.479453074,14207.0,0.0
0.872526053778847,0.04833839333333334,0.172103539,0.4653723656666666,14207.0,0.0
0.8722523304862486,0.0061670100000000005,0.16088666899999998,0.48022408299999997,14207.0,0.0
0.875578402257335,0.0,0.160413786,0.51916012,14207.0,0.0
0.8695944324134985,0.0,0.147364649,0.538944597,14207.0,0.0
0.8274341144025639,0.0,0.1194164375,0.484308266,14207.0,0.0
0.7543198942500797,0.0,0.101377247,0.427433274,14207.0,0.0
0.7153568050725309,0.0,0.093762395,0.3599978425,14207.0,0.0
0.7104639731829305,0.0,0.086860438,0.3484794095,14207.0,0.0
0.7734767450482302,0.0,0.081040187,0.3276843065,14207.0,0.0
0.8751161575627426,0.0028658433333333335,0.072835106,0.29751377733333334,14207.0,0.0
0.8724706064350073,0.054494722,0.077099469,0.275855534,14207.0,0.0
0.8728111245190439,0.12711418200000002,0.07401587,0.208869909,14207.0,0.0
0.8725055189840585,0.063848383,0.076925377,0.1765627185,14207.0,0.0
0.8723814392219102,0.007025877999999999,0.09950328850000001,0.187490378,14207.0,0.0
0.8774882436522163,0.0,0.137204973,0.244744084,14207.0,0.0
0.8717259346141432,0.0,0.19434259066666668,0.33113367666666665,14207.0,0.0
0.8277154940802078,0.0,0.273673621,0.437303883,14207.0,0.0
0.7532115663440528,0.0,0.3283063625,0.527985014,14207.0,0.0
0.7124583636169342,0.0,0.37054516875,0.5779841394999999,14207.0,0.0
0.7728685318801378,0.0,0.340429458,0.6004516305,14207.0,0.0
0.8731427773358479,0.0012822373333333332,0.3075677586666667,0.6365176146666668,14207.0,0.0
0.8738367405208433,0.019485075,0.293569334,0.673753023,14207.0,0.0
0.8711168512397948,0.042902807,0.276071388,0.691072766,14207.0,0.0
0.8697586471101778,0.05623295125,0.27866831400000003,0.676832637,14207.0,0.0
0.8725347254045246,0.002571174,0.294369629,0.626491443,14207.0,0.0
0.8770086553126885,0.0,0.30582795,0.638558009,14207.0,0.0
0.8691415689700382,0.0,0.31859351566666666,0.62966436,14207.0,0.0
0.8270428232666671,0.0,0.31663397449999997,0.6548017925,14207.0,0.0
0.7538884923520479,0.0,0.315262877,0.651615533,14207.0,0.0
0.7203616958343844,0.0,0.3291948258,0.6854950334,14207.0,0.0
0.8163033990650339,0.0,0.33804114,0.724358383,14207.0,0.0
0.8772200648578536,0.0,0.335289724,0.7291661595,14207.0,0.0
0.8790577600142455,0.019493483,0.344858775,0.728454505,14207.0,0.0
0.8751887549099632,0.084922946,0.364908498,0.72931592,14207.0,0.0
0.8719011741208911,0.14619711349999998,0.40162519750000003,0.673959632,14207.0,0.0
0.8723968162112024,0.12467479949999999,0.4508582035,0.6452073815,14207.0,0.0
0.8707381324392862,0.056263953,0.473552088,0.630285358,14207.0,0.0
0.8758110877747717,0.002924684,0.472054129,0.619845136,14207.0,0.0
0.8816854845738991,0.0,0.472335441,0.632078562,14207.0,0.0
0.8765210728305384,0.0,0.4803109266666667,0.6566026429999999,14207.0,0.0
0.8192983657520342,0.0,0.47122390266666664,0.656100282,14207.0,0.0
0.7300566261079431,0.0,0.47080144850000005,0.593687626,14207.0,0.0
0.7122618962531182,0.0,0.472599563,0.5348097835,14207.0,0.0
0.7158353292362639,0.0,0.4726254496666667,0.48266364700000003,14207.0,0.0
0.7586217277845404,0.0,0.4590925295,0.44105003249999997,14207.0,0.0
0.8007315386727691,0.002955013,0.444373415,0.419979141,14207.0,0.0
0.8135683258458776,0.034629334,0.436979024,0.417331605,14207.0,0.0
0.8133662006654702,0.092227369,0.428706755,0.402798795,14207.0,0.0
0.8125287835921267,0.115423891,0.43813747599999997,0.406450895,14207.0,0.0
0.8128899008869434,0.048910552,0.46846683,0.43753491349999996,14207.0,0.0
0.8211384464648046,0.001828199,0.472886811,0.455418611,14207.0,0.0
0.8342542443551517,0.0,0.464539512,0.469343202,14207.0,0.0
0.8380022642887482,0.0,0.4235097353333333,0.496096543,14207.0,0.0
0.7823855460444268,0.0,0.31577966875,0.52849950825,14207.0,0.0
0.7247187801455156,0.0,0.23702811699999998,0.639748067,14207.0,0.0
0.7258523495430966,0.0,0.2216014625,0.7425646985000001,14207.0,0.0
0.7617933525076335,0.0,0.20915266500000002,0.782604138,14207.0,0.0
0.8012371414957493,0.006543468,0.1932209,0.793806936,14207.0,0.0
0.8145885263782146,0.049769473,0.176855792,0.774354483,14207.0,0.0
0.8150823308416556,0.103930747,0.158637391,0.734712769,14207.0,0.0
0.8150007554008225,0.1196055935,0.15905912,0.7005535700000001,14207.0,0.0
0.8159894763891146,0.0368831695,0.161580607,0.689420497,14207.0,0.0
0.8223696694559871,0.0,0.165315514,0.693641421,14207.0,0.0
0.8337344246210974,0.0,0.167112531,0.694640886,14207.0,0.0
0.8354810828607198,0.0,0.16052875766666666,0.6750868653333333,14207.0,0.0
0.8033179189893257,0.0,0.142297184,0.616174097,14207.0,0.0
0.7540118830533173,0.0,0.1347793295,0.5645367935000001,14207.0,0.0
0.7509972316723861,0.0,0.14399262966666668,0.5671226453333333,14207.0,0.0
0.8477979861461691,0.0,0.157467672,0.592589277,14207.0,0.0
0.8857058415443416,0.0017185243333333333,0.16690242866666669,0.6036962403333334,14207.0,0.0
0.8865548639916365,0.035125121,0.172546271,0.599268581,14207.0,0.0
0.8840802811705919,0.14932467100000002,0.1733797895,0.5956316454999999,14207.0,0.0
0.8816949621866316,0.11813751549999998,0.178798446,0.601661227,14207.0,0.0
0.8831687351975125,0.02307933,0.189509747,0.606530358,14207.0,0.0
0.889795782085717,0.000714112,0.2090154565,0.615032019,14207.0,0.0
0.8865578621559019,0.0,0.2572977636666667,0.632646006,14207.0,0.0
0.8415521242332364,0.0,0.3132047455,0.6223098965,14207.0,0.0
0.7715922740424827,0.0,0.35616535433333335,0.597762316,14207.0,0.0
0.7511442196831042,0.0,0.37424179825,0.53262691425,14207.0,0.0
0.8481347327460586,0.0,0.382444974,0.532690751,14207.0,0.0
0.8864920023146952,0.0,0.366561854,0.5285307155,14207.0,0.0
0.8872929594776595,0.0293404845,0.323435439,0.538373996,14207.0,0.0
0.8850500791414149,0.15183512933333335,0.23855079733333331,0.5154015856666666,14207.0,0.0
0.8851299781921471,0.07193252850000001,0.209103896,0.523737637,14207.0,0.0
0.888456678314336,0.0,0.212387924,0.552995678,14207.0,0.0
0.8950279717843457,0.0,0.206225633,0.5856525495,14207.0,0.0
0.8848627184080097,0.0,0.187860524,0.596607217,14207.0,0.0
0.8280569631200785,0.0,0.16899713800000002,0.5558352906666667,14207.0,0.0
0.7544763963125153,0.0,0.15180076233333334,0.5053912453333333,14207.0,0.0
0.7435179222518711,0.0,0.15786919100000002,0.4886360895,14207.0,0.0
0.8103618129757177,0.0,0.18892307400000002,0.49509249899999996,14207.0,0.0
0.8861259846815578,0.001380386,0.21605310366666666,0.529659092,14207.0,0.0
0.8862188915643867,0.0591332,0.25136497950000003,0.5565701915000001,14207.0,0.0
0.8847055635268901,0.1260261835,0.25432270599999995,0.5021625915000001,14207.0,0.0
0.8848320610534126,0.041927465,0.25769778249999997,0.449861523,14207.0,0.0
0.889864156643269,0.0,0.26606626099999997,0.418588736,14207.0,0.0
0.8869383861784947,0.0,0.282148986,0.3959505376666666,14207.0,0.0
0.8419449629272515,0.0,0.2937232335,0.351046062,14207.0,0.0
0.7820137299553032,0.0,0.305671539,0.304333736,14207.0,0.0
0.7531591103817761,0.0,0.3137019422,0.3376325392,14207.0,0.0
0.8524399024647481,0.0,0.296186195,0.33557079,14207.0,0.0
0.8883600967025406,0.0010562096666666668,0.27007800733333337,0.30591423766666664,14207.0,0.0
0.8914340116812292,0.049698896,0.235151729,0.276432894,14207.0,0.0
0.8895934151157529,0.16073157766666668,0.19762786633333332,0.205980207,14207.0,0.0
0.8906048631416408,0.062746016,0.1637907845,0.1381607985,14207.0,0.0
0.8946080541686966,0.0,0.152091128,0.095874246,14207.0,0.0
0.9020823021453154,0.0,0.13411180066666667,0.081578779,14207.0,0.0
0.8638476617982768,0.0,0.152079846,0.08394408266666666,14207.0,0.0
0.7923020956731734,0.0,0.2044098935,0.116165061,14207.0,0.0
0.7554677525839475,0.0,0.236162287,0.146988219,14207.0,0.0
0.7602054849348544,0.0,0.287513568,0.18860814299999998,14207.0,0.0
0.8749779258958824,0.0,0.3421256935,0.215255528,14207.0,0.0
0.8918674204457017,0.0009725305,0.3753745755,0.248374796,14207.0,0.0
0.8986174832482432,0.031938911,0.401404293,0.287489436,14207.0,0.0
0.898621012877237,0.098083874,0.409870886,0.332517813,14207.0,0.0
0.8974833093111735,0.075363267,0.41882625549999997,0.34634308849999995,14207.0,0.0
0.8980890563045028,0.004987221,0.4289334725,0.339146707,14207.0,0.0
0.9045703119615789,0.0,0.437737789,0.336624498,14207.0,0.0
0.898985402465065,0.0,0.43907751266666667,0.33525804666666664,14207.0,0.0
0.8549322320226509,0.0,0.44113528700000004,0.3484237445,14207.0,0.0
0.7761305166929122,0.0,0.46837456633333335,0.33662635466666674,14207.0,0.0
0.742414792657323,0.0,0.48880291249999996,0.34581649225,14207.0,0.0
0.7915552721482828,0.00037978775,0.46462152149999997,0.4065208655,14207.0,0.0
0.8398475995621958,0.02046973,0.414234299,0.426496964,14207.0,0.0
0.8396728112953723,0.09814899399999999,0.37683580099999997,0.449128081,14207.0,0.0
0.8382799204334564,0.076076088,0.363503449,0.436522633,14207.0,0.0
0.844004125379045,0.008266961,0.3677063745,0.4512040725,14207.0,0.0
0.8587905024184151,0.0,0.364082591,0.487929557,14207.0,0.0
0.8574014153798357,0.0,0.3645252093333333,0.497489138,14207.0,0.0
0.8217053157833804,0.0,0.381266127,0.5126283869999999,14207.0,0.0
0.764455465498444,0.0,0.3863966433333333,0.5164886986666667,14207.0,0.0
0.7397749432631917,0.0,0.380295902,0.539783297,14207.0,0.0
0.7665269506244612,0.0,0.3546990045,0.5971910895,14207.0,0.0
0.8156358782509784,0.001120276,0.3305073085,0.601084905,14207.0,0.0
0.8395151567639396,0.059073904999999996,0.293752318,0.5322150265,14207.0,0.0
0.8372849615894637,0.0982245565,0.25668341149999996,0.44551449,14207.0,0.0
0.8355658337081902,0.068855213,0.261464102,0.450791604,14207.0,0.0
0.8459105817857282,0.0151004935,0.289418921,0.4846968935,14207.0,0.0
0.8635221660875951,0.0,0.309414656,0.503192515,14207.0,0.0
0.8573342821092569,0.0,0.32558680325,0.43232940925,14207.0,0.0
0.8045531071062104,0.0,0.3415258045,0.3580067535,14207.0,0.0
0.7634212582269647,0.0,0.36101241266666667,0.35187158300000004,14207.0,0.0
0.7635853277252759,0.0,0.3911879676666667,0.447183726,14207.0,0.0
0.8786753179431882,0.0,0.404760933,0.4799227095,14207.0,0.0
0.8961112756519874,0.001926913,0.408660596,0.484942632,14207.0,0.0
0.9001907712912098,0.063909649,0.394066396,0.493699913,14207.0,0.0
0.9009704524819027,0.133093004,0.398036718,0.502498885,14207.0,0.0
0.8984405511490012,0.1691267905,0.3648006975,0.5025174365,14207.0,0.0
0.898156753706983,0.07235327899999999,0.35691086699999997,0.5339628375000001,14207.0,0.0
0.9056791959967058,0.0,0.356138434,0.5691421210000001,14207.0,0.0
0.9030116913480467,0.0,0.3474204653333333,0.5663353619999999,14207.0,0.0
0.860077333596626,0.0,0.367366456,0.550885699,14207.0,0.0
0.8187217447575769,0.0,0.39872458,0.536701084,14207.0,0.0
0.7617287739346084,0.0,0.36365525525,0.53492737125,14207.0,0.0
0.769987063283945,0.0,0.3228447835,0.5595016070000001,14207.0,0.0
0.8804310509660074,0.0,0.28109517549999996,0.5549624545,14207.0,0.0
0.8972222389723479,0.001820027,0.226641558,0.5230294225000001,14207.0,0.0
0.9014676417367519,0.065254093,0.175452052,0.495391045,14207.0,0.0
0.9016139650885758,0.1526063765,0.1270284645,0.4539115545,14207.0,0.0
0.9008022726267226,0.135804072,0.0902400815,0.385532145,14207.0,0.0
0.9009251919170727,0.045333653,0.086976038,0.365956694,14207.0,0.0
0.9058733909257086,0.0,0.08952552350000001,0.33876033800000005,14207.0,0.0
0.9044110294504338,0.0,0.101631487,0.26314659833333337,14207.0,0.0
0.8622372687666613,0.0,0.1407456465,0.240547799,14207.0,0.0
0.7981140657016972,0.0,0.16537096750000002,0.2428323035,14207.0,0.0
0.7600436881009444,0.0,0.181134026,0.283500866,14207.0,0.0
0.7650605676758907,0.0,0.19861037699999998,0.3205845826666667,14207.0,0.0
0.8580979575659744,0.0,0.210887413,0.350005256,14207.0,0.0
0.8979655568110521,0.0009877646666666667,0.229327562,0.39686521166666666,14207.0,0.0
0.9011460306645815,0.08333498,0.2363350465,0.45295431350000004,14207.0,0.0
0.8989242974686256,0.13716628,0.22264516,0.5119635725,14207.0,0.0
0.897719428227197,0.06707267850000001,0.2489461475,0.601576825,14207.0,0.0
0.9041559068329599,0.0,0.3022832475,0.7102245684999999,14207.0,0.0
0.8994138306008163,0.0,0.36572188,0.8188602883333332,14207.0,0.0
0.8501109174300668,0.0,0.44176975399999996,0.8909161375000001,14207.0,0.0
0.7853294535138204,0.0,0.5014065525,0.914618277,14207.0,0.0
0.7510388655906546,0.0,0.5685988325,0.9298235155,14207.0,0.0
0.754863238612403,0.0,0.6590550203333334,0.9350647773333334,14207.0,0.0
0.8694694823139006,0.0,0.7287645025,0.9235796605,14207.0,0.0
0.8855848081600572,0.0,0.7572967745,0.8902075295,14207.0,0.0
0.8896852902931696,0.003569429,0.754940076,0.878337161,14207.0,0.0
0.8888769346059162,0.0144201965,0.6698987235,0.86697045,14207.0,0.0
0.8886544032659132,0.015042888,0.6545317820000001,0.8841954795,14207.0,0.0
0.8896062292406979,0.000754414,0.610207344,0.91919772,14207.0,0.0
0.8958846345454865,0.0,0.583077839,0.934071869,14207.0,0.0
0.8881139037682907,0.0,0.5681293966666667,0.9342098823333332,14207.0,0.0
0.8407207515708286,0.0,0.5771359665,0.936674495,14207.0,0.0
0.7700832175330268,0.0,0.5487628696666668,0.934417564,14207.0,0.0
0.7422269000984073,0.0,0.643294587,0.9365918576666666,14207.0,0.0
0.8088148540837303,0.0,0.6507821625,0.935804904,14207.0,0.0
0.8860514531490766,0.0,0.6065658736666667,0.9345128183333333,14207.0,0.0
0.8862372180451685,0.006918256499999999,0.5431880499999999,0.9320281295,14207.0,0.0
0.8851320574773806,0.020919735,0.5753789453333334,0.9294025746666668,14207.0,0.0
0.8848820605230041,0.001431028,0.6195223679999999,0.9281069685000001,14207.0,0.0
0.8897483454148759,0.0,0.638032061,0.930127149,14207.0,0.0
0.8828279912639253,0.0,0.6531214536666666,0.9286376106666667,14207.0,0.0
0.8232616960717003,0.0,0.6444129073333333,0.9226614080000001,14207.0,0.0
0.7769937231873182,0.0,0.6536893779999999,0.9173385965,13777.5,0.0
0.762490611961246,0.0,0.66548060525,0.91272798125,13348.0,0.0
0.7906948135994054,0.0,0.6489110485,0.89988507575,13348.0,0.0
0.8345613486442862,0.0063249195,0.6377402649999999,0.8743320555,13348.0,0.0
0.8346627015000321,0.017164804,0.610976609,0.851353646,13348.0,0.0
0.8343673955704367,0.00802739,0.596072674,0.8392313475,13348.0,0.0
0.8460278919650606,0.0,0.565751194,0.7952329035,13348.0,0.0
0.8530672644998603,0.0,0.515807298,0.7573900650000001,13348.0,0.0
0.8340058269045022,0.0,0.44874146666666664,0.7141433269999999,13348.0,0.0
0.7885856275712211,0.0,0.3847604135,0.691829324,13348.0,0.0
0.7562388867827547,0.0,0.36090080674999997,0.65286058025,13348.0,0.0
0.7592526274514476,0.0,0.3318996456666667,0.640304221,13348.0,0.0
0.8087596564010551,0.0,0.334344172,0.6769462115,13348.0,0.0
0.8318469232430887,0.003417296,0.342179243,0.715073878,13348.0,0.0
0.8310712559820672,0.015210801,0.346599947,0.718173995,13348.0,0.0
0.8303684115242367,0.01189376,0.40201772,0.7766383565,13348.0,0.0
0.8377751232695475,0.00035908500000000004,0.45524909566666666,0.833461063,13348.0,0.0
0.845861420642381,0.0,0.49958274599999997,0.867432147,13348.0,0.0
0.8227299165445476,0.0,0.508974272,0.8529487555,13348.0,0.0
0.7731126938739461,0.0,0.4854523786666667,0.8088133123333333,13348.0,0.0
0.7482888506821244,0.0,0.45416684100000004,0.805011562,13348.0,0.0
0.7617966164698597,0.0,0.409067555,0.8098938314999999,13348.0,0.0
0.8659757628083302,0.0,0.38158751700000004,0.8113240175,13348.0,0.0
0.888659932020933,0.001278802,0.3682161526666667,0.8163573136666665,13348.0,0.0
0.8852197739531369,0.0083329055,0.350788615,0.8087535125,13348.0,0.0
0.8822508869527411,0.005767322000000001,0.38513038000000005,0.8607683523333334,13348.0,0.0
0.8867178698389271,0.0,0.419121847,0.8934101945,13348.0,0.0
0.8837690502565994,0.0,0.44724355899999996,0.9051820680000001,13348.0,0.0
0.8518544650070272,0.0,0.431543024,0.9020710510000001,13348.0,0.0
0.7760390444106279,0.0,0.40715887933333333,0.8842183313333334,13348.0,0.0
0.7547884692261689,0.0,0.38992715225,0.8840964437500001,13348.0,0.0
0.870896447595414,0.0,0.3891137665,0.8829438885,13348.0,0.0
0.892999756559111,0.0,0.387717246,0.8724173694999999,13348.0,0.0
0.8868288451449913,0.02422587,0.391527339,0.855863322,13348.0,0.0
0.8869876442082162,0.04057623,0.389385141,0.816953141,13348.0,0.0
0.8873165892574907,0.043053768,0.4245371503333333,0.7977342136666666,13348.0,0.0
0.8885773732850764,0.020025842,0.45428959,0.782657505,13348.0,0.0
0.8947567466777159,0.0,0.478325169,0.7781092435,13348.0,0.0
0.8963153833624476,0.0,0.5061362596666666,0.7602234729999999,13348.0,0.0
0.8655471413590078,0.0,0.5341139585000001,0.739698427,13348.0,0.0
0.8271390503281222,0.0,0.536026353,0.730611862,13348.0,0.0
0.7999513499601553,0.0,0.532641222,0.7486032775,13348.0,0.0
0.7884949372019905,0.0,0.5421816475000001,0.795922531,13348.0,0.0
0.8051570166694597,0.0,0.539131158,0.808579632,13348.0,0.0
0.900569393467731,0.0,0.525801211,0.7895352455,13348.0,0.0
0.9039461414699002,0.00051297,0.4932710455,0.7373833439999999,13348.0,0.0
0.9053537648332092,0.053703428,0.44652368,0.683812309,13348.0,0.0
0.8983271578817725,0.1363846975,0.392408025,0.6309304415,13348.0,0.0
0.8958467237009764,0.1159482905,0.3856892635,0.6340234725,13348.0,0.0
0.8962074543030539,0.024692897,0.418973678,0.656583723,13348.0,0.0
0.9034599773859016,0.0,0.4415730995,0.6791952560000001,13348.0,0.0
0.9008542385551674,0.0,0.46058077366666667,0.6684634153333334,13348.0,0.0
0.857341906155113,0.0,0.4697025236666667,0.6764483726666667,13348.0,0.0
0.7934054068066791,0.0,0.421323208,0.6624709322500001,13348.0,0.0
0.800335097537387,0.0,0.39838150699999997,0.6546786485,13348.0,0.0
0.895093638115191,0.0,0.37077337050000003,0.6407703925,13348.0,0.0
0.8998972547748861,0.0,0.3461535675,0.583626831,13348.0,0.0
0.8998086194856947,0.036032932,0.30217092349999997,0.5261196805,13348.0,0.0
0.8978228119577877,0.0819988445,0.2513067105,0.461027264,13348.0,0.0
0.8973870822497184,0.016161757,0.219138029,0.42296998350000004,13348.0,0.0
0.902717384850271,0.0,0.20539125600000002,0.441221245,13348.0,0.0
0.9052812315083999,0.0,0.197788381,0.489710501,13348.0,0.0
0.8867588590725065,0.0,0.187317673,0.5152198906666666,13348.0,0.0
0.8364478827984709,0.0,0.179878631,0.5585434739999999,13348.0,0.0
0.763539631991721,0.0,0.1734604426666667,0.5756420766666667,13348.0,0.0
0.7602627537687682,0.0,0.14631945033333335,0.555652726,13348.0,0.0
0.8726201209366842,0.0,0.120026312,0.502590266,13348.0,0.0
0.8939397353703877,0.0,0.1013792555,0.44709509950000004,13348.0,0.0
0.8884981671982286,0.004805936,0.079930344,0.3685584675,13348.0,0.0
0.8874640890211192,0.0181947335,0.0653114385,0.2850995475,13348.0,0.0
0.8881573590454399,0.005394907,0.0597757245,0.305192016,13348.0,0.0
0.8926302253025828,0.0,0.076665017,0.3730693085,13348.0,0.0
0.8880434985326842,0.0,0.120757962,0.5127996176666666,13348.0,0.0
0.839575536588499,0.0,0.16033056433333334,0.6251989729999999,13348.0,0.0
0.749650004401626,0.0,0.19066951399999998,0.6370178504999999,13348.0,0.0
0.7420502339283196,0.0,0.2361398783333333,0.7089802133333333,13348.0,0.0
0.8047055955013616,0.0,0.27054572,0.7736309754999999,13348.0,0.0
0.8263422515388347,0.006933147,0.279222624,0.792669408,13348.0,0.0
0.830170009614378,0.0102431165,0.2858493895,0.7721160165000001,13348.0,0.0
0.828787966418554,0.007176613,0.311240619,0.770945411,13348.0,0.0
0.8293907637236034,0.0007904585,0.33127587199999997,0.8225922015,13348.0,0.0
0.8417595686526994,0.0,0.349618633,0.849411522,13348.0,0.0
0.8418244291276834,0.0,0.3731347613333333,0.859272142,13348.0,0.0
0.7986360370413829,0.0,0.39756250925000003,0.84264965625,13348.0,0.0
0.740556014481449,0.0,0.398688595,0.8185562565,13348.0,0.0
0.7444281918437252,0.0,0.34545538100000006,0.7650090724,13348.0,0.0
0.8065875599903554,0.0,0.269277839,0.722004931,13348.0,0.0
0.827629566820933,0.005901379,0.245906565,0.710712845,13348.0,0.0
0.8303996006059489,0.0262302225,0.2394554815,0.682360109,13348.0,0.0
0.8312984130724677,0.02721612733333333,0.22881917933333332,0.6183849370000001,13348.0,0.0
0.8493362654096775,0.0,0.241744457,0.599312116,13348.0,0.0
0.8565256362876545,0.0,0.2729130096666667,0.5779408566666666,13348.0,0.0
0.833156385097295,0.0,0.30150694450000004,0.595717497,13348.0,0.0
0.8009814227351687,0.0,0.332214508,0.6513583406666666,13348.0,0.0
0.7948486557883225,0.0,0.336873552,0.66028498525,13348.0,0.0
0.8987361953609471,0.0,0.33157561700000004,0.6074058105,13348.0,0.0
0.9002833236892951,0.0,0.3262265155,0.55096661,13348.0,0.0
0.900021817853761,0.024268869,0.326018852,0.534015171,13348.0,0.0
0.8990312110250002,0.045335154,0.322300927,0.515732726,13348.0,0.0
0.8965586429420039,0.036806315666666665,0.33123933600000005,0.528999872,13348.0,0.0
0.8972544436882728,0.004814852,0.3412056565,0.5641098665,13348.0,0.0
0.9035322200515883,0.0,0.341849525,0.562549821,13348.0,0.0
0.897449347783553,0.0,0.34128701533333333,0.5756198636666667,13348.0,0.0
0.8525253625440925,0.0,0.336376064,0.6381619693333334,13348.0,0.0
0.7972729975798076,0.0,0.33583146500000005,0.724494814,13348.0,0.0
0.7921189863296119,0.0,0.3304635085,0.7892370195,13348.0,0.0
0.893268322046213,0.0,0.305660143,0.7776726654999999,13348.0,0.0
0.8971613111526835,0.0,0.2767702925,0.78109158,13348.0,0.0
0.8966997116019573,0.007009777,0.263214138,0.76876033,13348.0,0.0
0.8960288298081079,0.018682674,0.256353388,0.72971466,13348.0,0.0
0.8955797703191776,0.03554664933333333,0.24208043733333331,0.7513681586666667,13348.0,0.0
0.8955790288137111,0.010825431,0.235859436,0.762194207,13348.0,0.0
0.9005640746222559,0.0,0.22631978,0.7344343680000001,13348.0,0.0
0.8983156493285985,0.0,0.19814463566666665,0.7083710096666666,13348.0,0.0
0.8549985433005723,0.0,0.1828599293333333,0.6642703553333332,13348.0,0.0
0.795673186219533,0.0,0.164557439,0.6423771373333333,13348.0,0.0
0.7987097386112034,0.0,0.149391003,0.6041667903333333,13348.0,0.0
0.8995460017855412,0.0,0.126680094,0.571470046,13348.0,0.0
0.9014296828754333,0.0,0.1112993635,0.5244966625,13348.0,0.0
0.9012354395360418,0.009868909,0.099701486,0.46895134,13348.0,0.0
0.8995960978791199,0.0445941615,0.084090329,0.38763061649999997,13348.0,0.0
0.8987214471163381,0.04773822,0.08138884,0.363133994,13348.0,0.0
0.9023776403485033,0.0048470825,0.08262489049999999,0.36869110250000003,13348.0,0.0
0.911209399261266,0.0,0.083108995,0.378278337,13348.0,0.0
0.9073407166305216,0.0,0.08984384433333333,0.3719352143333334,13348.0,0.0
0.8779660421848923,0.0,0.093336315,0.358014504,13348.0,0.0
0.8170954591463503,0.0,0.10449462933333332,0.3004299356666667,13348.0,0.0
0.7989467560712716,0.0,0.12447455025000001,0.3975742065,13348.0,0.0
0.9023034632351689,0.0,0.130979409,0.469754005,13348.0,0.0
0.9047160547823183,0.0,0.12816777950000002,0.48642240800000003,13348.0,0.0
0.9058462149865069,0.021713572,0.1269365995,0.5087077795,13348.0,0.0
0.9033172968174353,0.053590917999999994,0.12353503,0.48724142666666664,13348.0,0.0
0.9059912810457549,0.006716292,0.1302397355,0.503347648,13348.0,0.0
0.9140877975367876,0.0,0.13216146550000002,0.5150078195,13348.0,0.0
0.9077234649727239,0.0,0.136378896,0.5155525235,13348.0,0.0
0.8802800855301995,0.0,0.13242156,0.514184281,13348.0,0.0
0.8183656885786724,0.0,0.137004232,0.469521255,13348.0,0.0
0.798681442542194,0.0,0.12605280775,0.41325243850000004,13348.0,0.0
0.9007552230422015,0.0,0.1015827105,0.382497466,13348.0,0.0
0.9039254454383425,0.0,0.0884351895,0.3845383525,13348.0,0.0
0.9058959241905561,0.008924228,0.083154946,0.369057359,13348.0,0.0
0.9060249363022302,0.034446682,0.079393383,0.320821231,13348.0,0.0
0.9050856182468423,0.05675467033333334,0.07201092399999999,0.24558362000000003,13348.0,0.0
0.9069505535616371,0.003471102,0.062018245,0.24836022600000002,13348.0,0.0
0.9156952247433267,0.0,0.058508849,0.268072076,13348.0,0.0
0.9110785497851084,0.0,0.051486192333333326,0.2627037783333333,13348.0,0.0
0.8837188251998442,0.0,0.0548732335,0.25551715750000004,13348.0,0.0
0.8499405134520677,0.0,0.063008132,0.228036376,13348.0,0.0
0.7984817593313551,0.0,0.0609556195,0.2221098145,13348.0,0.0
0.7853383411888969,0.0,0.06253983939999999,0.24995206559999997,13348.0,0.0
0.822831656093033,0.0,0.076931525,0.27405821933333335,13348.0,0.0
0.8534116508888216,0.006310818,0.08371723,0.288814451,13348.0,0.0
0.8549911287706804,0.0390199785,0.08738724349999999,0.30261925199999995,13348.0,0.0
0.8525210428024533,0.0407936545,0.08991239200000001,0.3003253805,13348.0,0.0
0.8577597604255347,0.004208375,0.103961391,0.31797875,13348.0,0.0
0.8720373429017009,0.0,0.114576813,0.340756685,13348.0,0.0
0.8702152823985673,0.0,0.133970134,0.3855256083333333,13348.0,0.0
0.8453984992518939,0.0,0.16619106900000002,0.4196747245,13348.0,0.0
0.7999960221878896,0.0,0.21175325666666667,0.4280414193333333,13348.0,0.0
0.7786377193260066,0.0,0.2532241555,0.52718001975,13348.0,0.0
0.7883053359465828,0.0,0.2928535795,0.555025066,13348.0,0.0
0.8268952912294463,0.0,0.31303108550000003,0.535659562,13348.0,0.0
0.8478741943311385,0.0089943835,0.31694032650000004,0.536487756,13348.0,0.0
0.8480071229613361,0.0252577155,0.31310208149999996,0.554411918,13348.0,0.0
0.8512351784544858,0.0108992845,0.31588355300000004,0.5644536325,13348.0,0.0
0.8647138342489522,0.0,0.31522945,0.5401494410000001,13348.0,0.0
0.8700805001358968,0.0,0.29629837800000003,0.491348037,13348.0,0.0
0.8488096276824186,0.0,0.26324625,0.43755415799999997,13348.0,0.0
0.8103477656977943,0.0,0.22468735000000004,0.3843381196666667,13348.0,0.0
0.8001415916692629,0.0,0.16204791825,0.31931475725,13348.0,0.0
0.9032689738035419,0.0,0.1125467955,0.2849847995,13348.0,0.0
0.9060884751342437,0.0,0.093627188,0.260695867,13348.0,0.0
0.9094198659475954,0.011720206,0.081116591,0.238138018,13348.0,0.0
0.9081619025139197,0.028933519499999998,0.0682263875,0.2214277315,13348.0,0.0
0.9070019553581805,0.030308485500000003,0.044236279,0.16265993750000002,13348.0,0.0
0.9099895883304636,0.00486795,0.040489321999999994,0.1377394925,13348.0,0.0
0.9175437514290141,0.0,0.039790444,0.145161101,13348.0,0.0
0.9131783629913407,0.0,0.043553072,0.14942686066666666,13348.0,0.0
0.8740813217433704,0.0,0.046334911666666666,0.15692780466666667,13348.0,0.0
0.8062260073956204,0.0,0.052773543,0.1545217055,13348.0,0.0
0.8021595312975117,0.0,0.06317327225,0.17159750099999999,13348.0,0.0
0.9045367049187021,0.0,0.072931508,0.1738977105,13348.0,0.0
0.9073301911755809,0.0,0.0797017155,0.1732048935,13348.0,0.0
0.9086621382778262,0.023956016,0.08408346950000001,0.20332601649999998,13348.0,0.0
0.905121852504461,0.0319217835,0.08703706224999999,0.24244708,13348.0,0.0
0.9096356273112023,0.0,0.115944639,0.23650514150000002,13348.0,0.0
0.9103415182780902,0.0,0.131700168,0.251241863,13348.0,0.0
0.8788373888402473,0.0,0.15155500033333333,0.2748410273333334,13348.0,0.0
0.8235323728552413,0.0,0.1825788045,0.3416308185,13348.0,0.0
0.7931670997804425,0.0,0.1963720475,0.3814645725,13348.0,0.0
0.7987526136852515,0.0,0.21506360533333332,0.41440292233333337,13348.0,0.0
0.8989070830492534,0.0,0.246273014,0.43370742549999997,13348.0,0.0
0.8995204057436469,0.001089062,0.280387538,0.4921193913333333,13348.0,0.0
0.8989324211647948,0.013721077500000001,0.311154426,0.593578411,13348.0,0.0
0.898309507965692,0.012486271,0.341325295,0.6312144485,13348.0,0.0
0.8989610958581455,0.000813682,0.3696509135,0.6685927155,13348.0,0.0
0.9039404357348955,0.0,0.382445509,0.68685963,13348.0,0.0
0.8985274455665032,0.0,0.390343066,0.6990193539999999,13348.0,0.0
0.8669740098197434,0.0,0.393414403,0.7011545645,13348.0,0.0
0.8095028855529768,0.0,0.4039435843333334,0.706271718,13348.0,0.0
0.7932378193883909,0.0,0.41765054274999996,0.66810757425,13348.0,0.0
0.8960410154507568,0.0,0.4168397895,0.623770707,13348.0,0.0
0.8992329495126682,0.0,0.4119975695,0.6038096545,13348.0,0.0
0.8997730783887506,0.0029462585,0.4045900945,0.6137317579999999,13348.0,0.0
0.899359608210363,0.007297451,0.39806727866666664,0.6046033663333333,13348.0,0.0
0.9003216692433529,0.000633299,0.384974006,0.585204514,13348.0,0.0
0.9026722934266163,0.0,0.37039557125,0.606691567,13348.0,0.0
0.8695469475946556,0.0,0.348620172,0.58339111,13348.0,0.0
0.8214598402805962,0.0,0.358390855,0.5643987715,13348.0,0.0
0.7960631815444524,0.0,0.32889729139999996,0.5402744496,13348.0,0.0
0.8989022475205048,0.0,0.29792612500000004,0.484103065,13348.0,0.0
0.901615963689828,0.0008290573333333334,0.298932995,0.5013650103333334,13348.0,0.0
0.901610676724365,0.0128832665,0.29331072950000003,0.49670622249999996,13348.0,0.0
0.9014507900017148,0.0059179715,0.27827495999999996,0.50448692775,13348.0,0.0
0.9086506295934588,0.0,0.263947157,0.535771192,13348.0,0.0
0.9038916290106949,0.0,0.2512214443333333,0.5504510183333333,13348.0,0.0
0.8748811185001331,0.0,0.2320302705,0.5644313830000001,13348.0,0.0
0.8087319890767287,0.0,0.1954294196666667,0.524467021,13348.0,0.0
0.7822657577845243,0.0,0.19117279299999998,0.58929455875,13348.0,0.0
0.7961093995723125,0.0,0.15789882,0.5350217565,13348.0,0.0
0.8345493082328034,0.0,0.135613745,0.46361012700000004,13348.0,0.0
0.8553512792352536,0.003703623,0.119236886,0.429660021,13348.0,0.0
0.8578281831966854,0.027010895,0.096352564,0.395608375,13348.0,0.0
0.859228633622869,0.02843572933333333,0.082934488,0.3593492596666667,13348.0,0.0
0.8737633373833582,0.0,0.0779993025,0.339532846,13348.0,0.0
0.8789293285648491,0.0,0.06921935466666666,0.2841378526666667,13348.0,0.0
0.8563313930138597,0.0,0.0637939865,0.2551418565,13348.0,0.0
0.8115832599546305,0.0,0.06969148333333332,0.25349674566666663,13348.0,0.0
0.7950447768669863,0.0,0.07064068716666666,0.22059756616666668,13348.0,0.0
0.8386294810270976,0.0,0.08231355200000001,0.18676504100000002,13348.0,0.0
0.8574028981283821,0.003492092,0.089620977,0.186307917,13348.0,0.0
0.8605520862106151,0.0264684065,0.10861348600000001,0.222322368,13348.0,0.0
0.8600227890606185,0.031146252,0.11586436850000001,0.238321308,13348.0,0.0
0.864760884227054,0.003100874,0.129436935,0.27247692700000004,13348.0,0.0
0.8795014683841081,0.0,0.136459629,0.303110283,13348.0,0.0
0.8794547894867234,0.0,0.15765924399999998,0.32302436566666665,13348.0,0.0
0.8562830377263737,0.0,0.1876537755,0.3338576975,13348.0,0.0
0.8155195272926684,0.0,0.228323119,0.36478303000000006,13348.0,0.0
0.8056778516441463,0.0,0.22361526975,0.42361243775,13348.0,0.0
0.91014906415518,0.0,0.257175466,0.430124791,13348.0,0.0
0.9137854801692228,0.0,0.278772959,0.4366435755,13348.0,0.0
0.9153858473306137,0.011567282,0.295925081,0.442217234,13348.0,0.0
0.9151836253294289,0.05495019550000001,0.3303225705,0.401606591,13348.0,0.0
0.9138558854048295,0.050806913499999995,0.31950365550000004,0.421222305,13348.0,0.0
0.9151011798791295,0.0042633015,0.299730117,0.44418395499999996,13348.0,0.0
0.9220606209584111,0.0,0.27511853,0.425411893,13348.0,0.0
0.9171028799866479,0.0,0.2876149593333333,0.423130485,13348.0,0.0
0.8938266325654914,0.0,0.331079703,0.44038048,13348.0,0.0
0.862087947512959,0.0,0.37099947499999997,0.505478615,13348.0,0.0
0.7974962137497003,0.0,0.4304766486666667,0.6271821766666666,13348.0,0.0
0.7951445177486227,0.0,0.5262100926666666,0.7711313003333333,13348.0,0.0
0.8931393583449274,0.0,0.608742182,0.827774078,13348.0,0.0
0.8973415798297348,0.0,0.643396795,0.840194253,13348.0,0.0
0.8958391803391016,0.015170226,0.625285481,0.836258095,13348.0,0.0
0.8930450171239412,0.0730387995,0.6163356775,0.7972498685,13348.0,0.0
0.8892459984201272,0.054460539333333335,0.6600315019999999,0.7912236586666667,13348.0,0.0
0.8935126128720045,0.0,0.673588769,0.802981642,13348.0,0.0
0.8986229957352733,0.0,0.650156207,0.818809882,13348.0,0.0
0.8923644967429771,0.0,0.635348205,0.8548257296666666,13348.0,0.0
0.8489408802504986,0.0,0.673171232,0.856621629,13348.0,0.0
0.7845836937383459,0.0,0.671704697,0.86675529575,13348.0,0.0
0.79788304817798,0.0,0.5963412105,0.842636325,13348.0,0.0
0.8946775891980471,0.0,0.552193148,0.767221583,13348.0,0.0
0.8982701953846005,0.0,0.478756003,0.7010094195000001,13348.0,0.0
0.8987228978536786,0.020931004,0.398119168,0.641960052,13348.0,0.0
0.8952863825036435,0.066916748,0.2919883155,0.5628078615000001,13348.0,0.0
0.892757979924891,0.06877259050000001,0.22644646000000002,0.514025643,13348.0,0.0
0.8959065876728298,0.011978664,0.19653292049999999,0.49719129549999996,13348.0,0.0
0.8986598423383919,0.0,0.202944607,0.438274711,13348.0,0.0
0.8902078498715559,0.0,0.24915683033333336,0.4224373723333333,13348.0,0.0
0.8458303764638511,0.0,0.30670731133333334,0.4345373483333333,13348.0,0.0
0.7732337353266286,0.0,0.3125769643333333,0.4839610311666666,13348.0,0.0
0.8817394489724025,0.0,0.3000067495,0.47782007150000005,13348.0,0.0
0.8943475641641653,0.0,0.26842073850000003,0.44506859649999997,13348.0,0.0
0.8903740630710923,0.001923409,0.257617678,0.417376345,13348.0,0.0
0.8895674966003204,0.02423546,0.256588892,0.4023903615,13348.0,0.0
0.8890118619029628,0.018530672999999998,0.274794958,0.4200266523333333,13348.0,0.0
0.8940119298224758,0.0,0.3105923825,0.4820054155,13348.0,0.0
0.8920170477737589,0.0,0.315810514,0.5034132716666667,13348.0,0.0
0.8499181088880099,0.0,0.331115106,0.5315424526666667,13348.0,0.0
0.7908504210208018,0.0,0.3728559305,0.5581858235,13348.0,0.0
0.7913187906463192,0.0,0.39335199425,0.5458613315,13348.0,0.0
0.89437720608134,0.0,0.381455967,0.512677038,13348.0,0.0
0.8991358520481667,0.0,0.35258486050000004,0.4646768065,13348.0,0.0
0.8988575188795802,0.034286588,0.33744142450000003,0.430861952,13348.0,0.0
0.8965027441614497,0.089322273,0.25005991866666666,0.3545448013333334,13348.0,0.0
0.8992960532415535,0.006052785,0.1755708745,0.273951027,13348.0,0.0
0.9058439906668974,0.0,0.14300186050000002,0.232729514,13348.0,0.0
0.8893833274103485,0.0,0.17386405466666668,0.2229866593333333,13348.0,0.0
0.8447551318763871,0.0,0.25769667100000004,0.264002509,13348.0,0.0
0.788377530595461,0.0,0.339383536,0.3852857695,13348.0,0.0
0.7698907634101166,0.0,0.4456035075,0.5195826305,13348.0,0.0
0.7703693119102375,0.0,0.509424433,0.605164703,13348.0,0.0
0.7747660668031886,0.0,0.5332280795,0.622287271,13348.0,0.0
0.8159557727222504,0.0,0.5163026225,0.628384194,13348.0,0.0
0.8368894150623224,0.003185905,0.502702111,0.644119192,13348.0,0.0
0.8357296129409593,0.025312662,0.4923669665,0.5582856565000001,13348.0,0.0
0.8367673663718092,0.0217450815,0.48978479399999997,0.5534009435,13348.0,0.0
0.8434731842437331,0.0010006175,0.484959019,0.5159355059999999,13348.0,0.0
0.859260322486088,0.0,0.4570039185,0.48293642049999996,13348.0,0.0
0.8524478973945312,0.0,0.40108051866666666,0.471910361,13348.0,0.0
0.8132256076474257,0.0,0.327955471,0.4319031595,13348.0,0.0
0.7787461681411119,0.0,0.25996544774999997,0.37156884749999997,13348.0,0.0
0.7745615478668111,0.0,0.2728795975,0.3170505065,13348.0,0.0
0.7852751988497748,0.0,0.30414938599999997,0.338962051,13348.0,0.0
0.8254056093053674,0.0,0.3200021025,0.41366152700000003,13348.0,0.0
0.8444870016892033,0.004565603,0.324005928,0.453383771,13348.0,0.0
0.8446543593549354,0.06382777,0.32322392099999997,0.469615371,13348.0,0.0
0.8433154490283193,0.06278555766666667,0.26597135366666663,0.49154074333333336,13348.0,0.0
0.860724424636262,0.0,0.2505245245,0.46373092,13348.0,0.0
0.8724681886706329,0.0,0.260130945,0.48218378,13348.0,0.0
0.8562557652615798,0.0,0.28687655,0.4638407365,13348.0,0.0
0.8064095157641069,0.0,0.288499698,0.43633450766666665,13348.0,0.0
0.7989230257316491,0.0,0.26853956125,0.3490421555,13348.0,0.0
0.902705682917929,0.0,0.32735106950000004,0.358186789,13348.0,0.0
0.9045377205529146,0.0,0.4419780165,0.47501797850000005,13348.0,0.0
0.9046028067462559,0.009043086,0.534651942,0.570457621,13348.0,0.0
0.9001208497659101,0.0138699015,0.607808417,0.6867200765,13348.0,0.0
0.8960818273763679,0.007268057499999999,0.6809435644999999,0.7611896254999999,13348.0,0.0
0.8925298880810495,0.00091604,0.6766032835,0.80737766,13348.0,0.0
0.8961055213098039,0.0,0.653939427,0.887970066,13348.0,0.0
0.8894779425632905,0.0,0.6366390083333334,0.9287136666666665,13348.0,0.0
0.8562209976485093,0.0,0.610408592,0.9348458255000001,13348.0,0.0
0.7914372127886662,0.0,0.5504409195,0.9245002425,13348.0,0.0
