Demand,Avail_Sol,Avail_Wind_On,Avail_Wind_Off,Hyd_In,HydRoR_In
0.688199568444994,0.0,0.720137841,0.816425424,1116.0,3161.0
0.6829281749871282,0.0,0.766631331,0.8597468260000001,1116.0,3161.0
0.6870622271945948,0.0,0.79400601,0.929631453,1116.0,3161.0
0.7327099810367121,0.0,0.810998285,0.936700012,1116.0,3161.0
0.8199801310788586,0.0,0.823165743,0.936704072,1116.0,3161.0
0.8901307916290018,0.0,0.835775627,0.936994581,1116.0,3161.0
0.9214051198799015,0.0,0.839754111,0.937268136,1116.0,3161.0
0.9293182691640195,0.004641622,0.832547587,0.937075544,1116.0,3161.0
0.9250302834731265,0.131864073,0.821688645,0.936889592,1116.0,3161.0
0.9218771925929667,0.264220503,0.65688447,0.93550838,1116.0,3161.0
0.9206670507066576,0.347946761,0.654396311,0.927463177,1116.0,3161.0
0.9205103705296588,0.380767304,0.673500976,0.920540743,1116.0,3161.0
0.9199140245143129,0.338029116,0.649237363,0.90450047,1116.0,3161.0
0.922410940639912,0.264591362,0.569006091,0.862050467,1116.0,3161.0
0.9269591980823968,0.109289976,0.489502662,0.801317147,1116.0,3161.0
0.9325917552325382,0.001425999,0.438029607,0.742635337,1116.0,3161.0
0.9349306065665455,0.0,0.418552286,0.718793503,1116.0,3161.0
0.916579185901434,0.0,0.416284027,0.716170643,1116.0,3161.0
0.8339875690309331,0.0,0.437670634,0.666427006,1116.0,3161.0
0.7869544343851541,0.0,0.4508507,0.632026086,1116.0,3161.0
0.744980684775563,0.0,0.43929954,0.670909133,1116.0,3161.0
0.7171482492428356,0.0,0.452664215,0.638046296,1116.0,3161.0
0.7085273140100458,0.0,0.462976792,0.589299849,1116.0,3161.0
0.7032169355982247,0.0,0.46963175300000004,0.5484856005000001,1116.0,3161.0
0.7048464768470086,0.0,0.483894106,0.59033114,1116.0,3161.0
0.7457671339336601,0.0,0.493986681,0.612420241,1116.0,3161.0
0.8421619133639755,0.0,0.491392458,0.623336764,1116.0,3161.0
0.909338876457902,0.0,0.483241623,0.637641218,1116.0,3161.0
0.9365625945864013,0.0020460945,0.4588984015,0.6173311805,1116.0,3161.0
0.9385803286757556,0.091075205,0.444568999,0.591754594,1116.0,3161.0
0.933924785806535,0.176729361,0.384576201,0.619358033,1116.0,3161.0
0.9314221456351612,0.22105026,0.435874038,0.62670931,1116.0,3161.0
0.9277859946048348,0.213904177,0.458820125,0.630614023,1116.0,3161.0
0.9270090554755446,0.184268898,0.423875376,0.664952688,1116.0,3161.0
0.9265559100263915,0.145820462,0.409302541,0.711307158,1116.0,3161.0
0.9279449833565714,0.088277272,0.388757533,0.747553165,1116.0,3161.0
0.9357643274875721,0.001811267,0.388192891,0.779450678,1116.0,3161.0
0.9353211533844858,0.0,0.409436508,0.811863603,1116.0,3161.0
0.9302830035241357,0.0,0.445855493,0.835322016,1116.0,3161.0
0.8936999118032319,0.0,0.47255499,0.854334372,1116.0,3161.0
0.8312764519010457,0.0,0.483402401,0.852358111,1116.0,3161.0
0.784017114048467,0.0,0.509290456,0.861820685,1116.0,3161.0
0.7410150160193246,0.0,0.541973383,0.864999542,1116.0,3161.0
0.707046512780044,0.0,0.596837618,0.878958102,1116.0,3161.0
0.6968924267503999,0.0,0.648197085,0.892805113,1116.0,3161.0
0.6903721367794938,0.0,0.709670695,0.894659955,1116.0,3161.0
0.6886503131885199,0.0,0.759157318,0.919770142,1116.0,3161.0
0.6892289322927673,0.0,0.806839746,0.933093839,1116.0,3161.0
0.7326987636037927,0.0,0.846074641,0.936328386,1116.0,3161.0
0.8198046157688373,0.0,0.872792729,0.903110126,1116.0,3161.0
0.8908821561512728,0.0,0.887306953,0.88183456,1116.0,3161.0
0.9228120129148815,0.0,0.888107037,0.90781944,1116.0,3161.0
0.9305204705607059,0.00196471,0.873566662,0.867697292,1116.0,3161.0
0.9265508322224685,0.042412081,0.863337293,0.685014361,1116.0,3161.0
0.9243811259108557,0.103783418,0.806411063,0.642036685,1116.0,3161.0
0.9214827676611046,0.1779148,0.830182589,0.661917045,1116.0,3161.0
0.9207433138732678,0.186748016,0.848304621,0.660479456,1116.0,3161.0
0.9206624342199946,0.187948675,0.857780408,0.746347698,1116.0,3161.0
0.9203722477673892,0.14999372,0.8696525,0.759889503,1116.0,3161.0
0.9211822406760615,0.078937922,0.878579112,0.798533286,1116.0,3161.0
0.9275668085903251,0.003082165,0.89008586,0.828803787,1116.0,3161.0
0.9273289717045722,0.0,0.902406576,0.855620807,1116.0,3161.0
0.9211822406760615,0.0,0.90613425,0.875125015,1116.0,3161.0
0.8910431764222657,0.0,0.904607271,0.865079219,1116.0,3161.0
0.8313847527560035,0.0,0.90371046,0.841867853,1116.0,3161.0
0.784175640820131,0.0,0.900244257,0.830448418,1116.0,3161.0
0.7387207600127627,0.0,0.888258523,0.855216357,1116.0,3161.0
0.7053485099951261,0.0,0.879466196,0.853613916,1116.0,3161.0
0.6926396181576289,0.0,0.8651056214999999,0.8622200520000001,1116.0,3161.0
0.6916813468788408,0.0,0.82840245,0.8741786885,1116.0,3161.0
0.7362375541565999,0.0,0.790094349,0.864554331,1116.0,3161.0
0.8218615890006084,0.0,0.738931459,0.826196349,1116.0,3161.0
0.8932715104574673,0.0,0.689834065,0.784754696,1116.0,3161.0
0.9228369412800493,0.0,0.630238554,0.739195824,1116.0,3161.0
0.9300787738659144,0.002401998,0.572764264,0.685129666,1116.0,3161.0
0.9256195201652926,0.030253188,0.525367837,0.638378076,1116.0,3161.0
0.9238816319961062,0.061867617,0.418744496,0.58406764,1116.0,3161.0
0.9215789735198491,0.08851929,0.427560113,0.538314604,1116.0,3161.0
0.914782438687216,0.100372114,0.439210593,0.527538197,1116.0,3161.0
0.9102960401775783,0.078950191,0.44595102,0.532495095,1116.0,3161.0
0.9093183796548058,0.058142145,0.424341124,0.530173249,1116.0,3161.0
0.9083019419696887,0.016577585,0.424941126,0.513247658,1116.0,3161.0
0.9098827801126937,0.0,0.460787354,0.512312069,1116.0,3161.0
0.9114322274720148,0.0,0.507452758,0.524114928,1116.0,3161.0
0.9072638064658499,0.0,0.544406282,0.542261386,1116.0,3161.0
0.883037699393325,0.0,0.583731316,0.603355681,1116.0,3161.0
0.8317738221656494,0.0,0.61467561,0.63403303,1116.0,3161.0
0.7833887303447736,0.0,0.661638304,0.662515724,1116.0,3161.0
0.7389382843571985,0.0,0.669647591,0.69309825,1116.0,3161.0
0.7052415480207224,0.0,0.70221291,0.714862018,1116.0,3161.0
0.6899575384968673,0.0,0.7618402255,0.72738087,1116.0,3161.0
0.6872912006247984,0.0,0.8072151205,0.7692715459999999,1116.0,3161.0
0.7336549112324345,0.0,0.800540361,0.782120489,1116.0,3161.0
0.8194693726715263,0.0,0.77162782,0.798411015,1116.0,3161.0
0.8883688977291679,0.0,0.744108278,0.778158874,1116.0,3161.0
0.9190012705346786,0.0,0.713706823,0.736039491,1116.0,3161.0
0.9281518907759007,0.008317679,0.667825909,0.686755237,1116.0,3161.0
0.9227667720083967,0.086467152,0.619078492,0.612301765,1116.0,3161.0
0.9204033621584042,0.137408353,0.493805418,0.517168216,1116.0,3161.0
0.9155127522954285,0.138855892,0.458481243,0.482448597,1116.0,3161.0
0.9119921499709802,0.12610335849999998,0.38406329699999997,0.4910920525,1116.0,3161.0
0.9103738728833727,0.080056657,0.305984943,0.484099159,1116.0,3161.0
0.9187775595015834,0.033453361,0.278664633,0.476394435,1116.0,3161.0
0.9268521903739544,0.002306569,0.270533187,0.478233319,1116.0,3161.0
0.9277787010198759,0.0,0.264993263,0.481275565,1116.0,3161.0
0.9238167254529679,0.0,0.26150957,0.500517944,1116.0,3161.0
0.8932663398598423,0.0,0.25412595,0.503792256,1116.0,3161.0
0.8324462464230139,0.0,0.263853962,0.48724006,1116.0,3161.0
0.7879685641583458,0.0,0.271999531,0.451976134,1116.0,3161.0
0.7463231325846651,0.0,0.268538505,0.437463426,1116.0,3161.0
0.7036036974273513,0.0,0.265200265,0.412523467,1116.0,3161.0
0.6938238159191419,0.0,0.266189446,0.400825763,1116.0,3161.0
0.6881239979170862,0.0,0.26463322300000003,0.3693227565,1116.0,3161.0
0.6902859022668165,0.0,0.244935986,0.290084633,1116.0,3161.0
0.6976871391876395,0.0,0.224057494,0.221342481,1116.0,3161.0
0.7045827425647165,0.0,0.198544846,0.167277264,1116.0,3161.0
0.7266769521194142,0.0,0.177193424,0.129581915,1116.0,3161.0
0.7615834147589781,0.0,0.159267696,0.120033564,1116.0,3161.0
0.7942736376967413,0.006236634,0.14420083,0.133887009,1116.0,3161.0
0.8085790176664527,0.085201383,0.122728384,0.186664308,1116.0,3161.0
0.8027013300455994,0.160511412,0.088163172,0.195006464,1116.0,3161.0
0.8008956733103874,0.180666892,0.080964119,0.206182073,1116.0,3161.0
0.799311418370721,0.205985296,0.067254043,0.199205121,1116.0,3161.0
0.7973630223865765,0.17151651,0.055872782,0.207724607,1116.0,3161.0
0.801680922115671,0.127152041,0.053656984,0.255711178,1116.0,3161.0
0.8112894885544883,0.059309868,0.064454028,0.347816847,1116.0,3161.0
0.8271684137450577,0.002695184,0.082088386,0.44497399,1116.0,3161.0
0.826621278218196,0.0,0.102003235,0.531076271,1116.0,3161.0
0.8242851974389984,0.0,0.118679009,0.605213779,1116.0,3161.0
0.8040724000720119,0.0,0.1402432,0.661542005,1116.0,3161.0
0.7738842167978095,0.0,0.166514939,0.7043675,1116.0,3161.0
0.739504439278862,0.0,0.188857093,0.719268708,1116.0,3161.0
0.7045635846421744,0.0,0.207243186,0.697059,1116.0,3161.0
0.702906252011117,0.0,0.223165337,0.690018908,1116.0,3161.0
0.6929898179426345,0.0,0.250422641,0.694565017,1116.0,3161.0
0.6892075121923384,0.0,0.263437975,0.703841257,1116.0,3161.0
0.6913438880004941,0.0,0.28828027349999996,0.6872636475,1116.0,3161.0
0.6981633206732566,0.0,0.306238683,0.661824186,1116.0,3161.0
0.7063914462474072,0.0,0.327361464,0.630478396,1116.0,3161.0
0.7317884103297855,0.0,0.349022895,0.588781889,1116.0,3161.0
0.7638148421385094,0.0,0.366314546,0.562640076,1116.0,3161.0
0.7969330508388157,0.004000485,0.376353451,0.545268857,1116.0,3161.0
0.8145524498287902,0.064640068,0.368620026,0.538960136,1116.0,3161.0
0.8158475330812612,0.139546316,0.309415623,0.52165114,1116.0,3161.0
0.8153718599725673,0.220048643,0.311270392,0.493738971,1116.0,3161.0
0.815791582455968,0.266664805,0.328886307,0.480841633,1116.0,3161.0
0.8156017563686977,0.271185001,0.353452012,0.486132669,1116.0,3161.0
0.8189825278639519,0.228778195,0.375896665,0.493999454,1116.0,3161.0
0.8268737950675686,0.126324065,0.406471105,0.495482186,1116.0,3161.0
0.8412890454314219,0.004837683,0.458164879,0.499227766,1116.0,3161.0
0.8422590425200526,0.0,0.470111968,0.50373337,1116.0,3161.0
0.8400043027113885,0.0,0.458155855,0.507164869,1116.0,3161.0
0.8169035797579778,0.0,0.442490283,0.521503004,1116.0,3161.0
0.7665169105568501,0.0,0.422522088,0.545309958,1116.0,3161.0
0.715302706460543,0.0,0.369831105,0.571641137,1116.0,3161.0
0.7357089309732407,0.0,0.382784325,0.579012885,1116.0,3161.0
0.7296466335967808,0.0,0.393663525,0.579835502,1116.0,3161.0
0.7297945885145648,0.0,0.398753428,0.58099471,1116.0,3161.0
0.7301899367437596,0.0,0.4042939285,0.5880138374999999,1116.0,3161.0
0.7767747273516398,0.0,0.402478473,0.60115304,1116.0,3161.0
0.8708715569232508,0.0,0.406873958,0.612088514,1116.0,3161.0
0.9281793119775852,0.0,0.412434581,0.614648131,1116.0,3161.0
0.9483067059983376,0.0,0.428642303,0.620705336,1116.0,3161.0
0.955870393538785,0.005957337,0.447259701,0.628481321,1116.0,3161.0
0.9552661998275183,0.154799634,0.440393917,0.633124867,1116.0,3161.0
0.9506994764383815,0.284666156,0.357681184,0.633761473,1116.0,3161.0
0.947674536311612,0.395528715,0.359924581,0.64376845,1116.0,3161.0
0.9446778492157822,0.455502286,0.361690443,0.646406263,1116.0,3161.0
0.9420273919915528,0.445055908,0.400711166,0.654847703,1116.0,3161.0
0.9423757448504873,0.349968525,0.452914686,0.671702367,1116.0,3161.0
0.9459283384664322,0.202324183,0.512835869,0.690237086,1116.0,3161.0
0.954263887995059,0.007689205,0.568777128,0.708559849,1116.0,3161.0
0.955419648795259,0.0,0.598012038,0.72887091,1116.0,3161.0
0.9508399992434661,0.0,0.61405335,0.756251115,1116.0,3161.0
0.914283498220616,0.0,0.620010332,0.774544919,1116.0,3161.0
0.8454417703829328,0.0,0.622460036,0.786012991,1116.0,3161.0
0.7956267958874639,0.0,0.630024906,0.806504657,1116.0,3161.0
0.758166588933714,0.0,0.56451406,0.821511416,1116.0,3161.0
0.7343316749209812,0.0,0.60092598,0.818522564,1116.0,3161.0
0.7278988426825854,0.0,0.625951161,0.827049127,1116.0,3161.0
0.727497562284599,0.0,0.6444836860000001,0.8271692390000001,1116.0,3161.0
0.7746347508164494,0.0,0.628254334,0.865461147,1116.0,3161.0
0.8673645734001609,0.0,0.609615942,0.842433645,1116.0,3161.0
0.9264332983941846,0.0,0.580855056,0.828087877,1116.0,3161.0
0.9510390122386176,0.003187893,0.5451363485,0.816563057,1116.0,3161.0
0.9536861921881442,0.114287862,0.509118636,0.795610092,1116.0,3161.0
0.9481984051433798,0.210383843,0.408674713,0.756209929,1116.0,3161.0
0.9440580522435633,0.269125373,0.381542194,0.719446944,1116.0,3161.0
0.9405873530463014,0.29433554,0.359705154,0.700436395,1116.0,3161.0
0.9356982205916203,0.270585435,0.345157692,0.684199198,1116.0,3161.0
0.9329092714187508,0.196689316,0.344574014,0.664668627,1116.0,3161.0
0.9342459945192658,0.103052455,0.348392723,0.674688537,1116.0,3161.0
0.9403410222227757,0.00506818,0.351000326,0.673994651,1116.0,3161.0
0.9389843557673143,0.0,0.3365659605,0.6656340519999999,1116.0,3161.0
0.8997361268585612,0.0,0.314285726,0.655190218,1116.0,3161.0
0.8327351403919161,0.0,0.291593539,0.668675928,1116.0,3161.0
0.7858556396384695,0.0,0.266510062,0.642398632,1116.0,3161.0
0.7428648061019096,0.0,0.228503112,0.583779114,1116.0,3161.0
0.7141708122004377,0.0,0.209274116,0.549933454,1116.0,3161.0
0.7030639711461695,0.0,0.17963301,0.508240181,1116.0,3161.0
0.7018628080447247,0.0,0.16433794499999999,0.413315308,1116.0,3161.0
0.744900636951545,0.0,0.156603505,0.40497295,1116.0,3161.0
0.8403896789317039,0.0,0.157232249,0.421561741,1116.0,3161.0
0.909338876457902,0.0,0.1562632,0.437101234,1116.0,3161.0
0.9318667964837298,0.0,0.164013787,0.461307593,1116.0,3161.0
0.9402368765372208,0.010501438,0.170444203,0.4708551,1116.0,3161.0
0.9360968928237747,0.113630831,0.159039722,0.461309044,1116.0,3161.0
0.9305649730944494,0.197270778,0.119442139,0.461845009,1116.0,3161.0
0.92671969952657,0.282994303,0.091990027,0.415906061,1116.0,3161.0
0.9246903324210751,0.336287171,0.086238502,0.381183118,1116.0,3161.0
0.9231360836504996,0.305405145,0.071362004,0.351047081,1116.0,3161.0
0.923742031825542,0.234856296,0.066889125,0.380900447,1116.0,3161.0
0.9274771579437984,0.134013074,0.079199912,0.422284418,1116.0,3161.0
0.9328813882369936,0.00512749,0.095196688,0.462262031,1116.0,3161.0
0.9333275164938567,0.0,0.107660936,0.496257355,1116.0,3161.0
0.9318944026100057,0.0,0.110813433,0.480721339,1116.0,3161.0
0.8977074974629954,0.0,0.103929405,0.430410402,1116.0,3161.0
0.8331285498955562,0.0,0.092804157,0.387505166,1116.0,3161.0
0.7880337477569649,0.0,0.08017681,0.325106927,1116.0,3161.0
0.746922156361119,0.0,0.063958768,0.25433506,1116.0,3161.0
0.7207602096179233,0.0,0.050689349,0.178929307,1116.0,3161.0
0.7146341828527134,0.0,0.0369031925,0.136901462,1116.0,3161.0
0.7166408837709274,0.0,0.0287355045,0.1253825415,1116.0,3161.0
0.7609145451632032,0.0,0.025363667,0.128784666,1116.0,3161.0
0.8619204577226972,0.0,0.023196163,0.113514976,1116.0,3161.0
0.9221968317665132,0.0,0.021022984,0.096215224,1116.0,3161.0
0.9427290840452672,0.002642951,0.016902896,0.070816387,1116.0,3161.0
0.9424047362541681,0.059078498,0.011500554,0.05321464,1116.0,3161.0
0.937366493600116,0.10306337,0.011609728,0.074199099,1116.0,3161.0
0.9334938916242538,0.150418789,0.010120965,0.090439037,1116.0,3161.0
0.9304431462318348,0.151247817,0.013573771500000002,0.130505571,1116.0,3161.0
0.9287941232767707,0.120930608,0.020905887,0.164045159,1116.0,3161.0
0.9323600122417427,0.067523653,0.027906404,0.191228387,1116.0,3161.0
0.9414032549253395,0.005718098,0.037434001,0.22493833,1116.0,3161.0
0.9418056203468246,0.0,0.043504698,0.256612227,1116.0,3161.0
0.9373736029232959,0.0,0.044326913,0.264255362,1116.0,3161.0
0.901028348088145,0.0,0.041910369,0.251962605,1116.0,3161.0
0.8347473353600869,0.0,0.03896945,0.237688442,1116.0,3161.0
0.7883863479161917,0.0,0.037506403,0.224533236,1116.0,3161.0
0.7478147827240278,0.0,0.03538605,0.204135265,1116.0,3161.0
0.7227245787122027,0.0,0.039689834,0.22962634,1116.0,3161.0
0.7154538011195075,0.0,0.044407851,0.2765449765,1116.0,3161.0
0.715692283915706,0.0,0.046922648,0.32344798399999997,1116.0,3161.0
0.7608485303981412,0.0,0.049423076,0.34019897,1116.0,3161.0
0.8613083235218078,0.0,0.052503406,0.340230868,1116.0,3161.0
0.9221968317665132,0.0,0.055729769,0.328293379,1116.0,3161.0
0.9429882485691534,0.0021538615,0.059500025,0.3216622015,1116.0,3161.0
0.9442134399368589,0.028532995,0.065766223,0.31553213,1116.0,3161.0
0.9423196099634147,0.049062033,0.053250046,0.30519395,1116.0,3161.0
0.9415260514821379,0.075269821,0.051617265,0.290258091,1116.0,3161.0
0.940713011625987,0.074975079,0.054940819,0.291128658,1116.0,3161.0
0.9382022460403989,0.067824277,0.062435707,0.316236629,1116.0,3161.0
0.9378206544774913,0.047986961,0.065543611,0.344299761,1116.0,3161.0
0.9388907355387883,0.02395929,0.071431748,0.362261714,1116.0,3161.0
0.9461440168790152,0.003136443,0.084446857,0.385346681,1116.0,3161.0
0.9467299295682214,0.0,0.094204959,0.396129937,1116.0,3161.0
0.9237087941157869,0.0,0.1036319975,0.414983536,1116.0,3161.0
0.8371568172830072,0.0,0.110855827,0.424890598,1116.0,3161.0
0.7888839031053866,0.0,0.11781874,0.42268125,1116.0,3161.0
0.7487973367889442,0.0,0.098629706,0.33354156,1116.0,3161.0
0.7046265060629068,0.0,0.11488269749999999,0.372312442,1116.0,3161.0
0.6930980031368712,0.0,0.132869923,0.41010561050000005,1116.0,3161.0
0.6961341838949855,0.0,0.1521697195,0.45752834499999995,1116.0,3161.0
0.7195982395934506,0.0,0.17817263849999998,0.49113666,1116.0,3161.0
0.763803300590446,0.0,0.202501978,0.510027814,1116.0,3161.0
0.7968518026619841,0.005756031,0.214377818,0.529171605,1116.0,3161.0
0.8136162442294702,0.077094478,0.220712959,0.545372044,1116.0,3161.0
0.8136324016013846,0.14091404,0.212794946,0.530236756,1116.0,3161.0
0.8139596120781832,0.197140808,0.206197212,0.513654977,1116.0,3161.0
0.811989518938129,0.199896031,0.199253642,0.498161954,1116.0,3161.0
0.8110226609278666,0.18918313,0.200340744,0.497907352,1116.0,3161.0
0.8141765823116572,0.141944354,0.204709133,0.533549445,1116.0,3161.0
0.8227113751626595,0.086333856,0.210595771,0.580924062,1116.0,3161.0
0.8388061630275909,0.012035191,0.23879257,0.649184493,1116.0,3161.0
0.8386325864431244,0.0,0.274798119,0.699899396,1116.0,3161.0
0.8234434435660536,0.0,0.30616531,0.7195807685,1116.0,3161.0
0.779805667916853,0.0,0.305832259,0.711100094,1116.0,3161.0
0.7432028184284062,0.0,0.297615767,0.706991363,1116.0,3161.0
0.7091842271373476,0.0,0.24057079,0.625989511,1116.0,3161.0
0.7107382909833317,0.0,0.248502564,0.618163828,1116.0,3161.0
0.701957721419766,0.0,0.257776466,0.630573543,1116.0,3161.0
0.69956061154854,0.0,0.259626227,0.644588139,1116.0,3161.0
0.700856295308824,0.0,0.2744772995,0.6809466985,1116.0,3161.0
0.7133486550316819,0.0,0.286836201,0.7115274115,1116.0,3161.0
0.7404166391475344,0.0,0.291313413,0.702812062,1116.0,3161.0
0.7727081898531432,0.0,0.287736774,0.70073563,1116.0,3161.0
0.803350210552389,0.010390055,0.286091111,0.709706219,1116.0,3161.0
0.8190574057531571,0.181062444,0.264244872,0.711357938,1116.0,3161.0
0.8168301792770671,0.3219045,0.222587299,0.625635856,1116.0,3161.0
0.8156072040218035,0.42723371,0.214125853,0.600075766,1116.0,3161.0
0.8146724758307784,0.474371097,0.20112152,0.572885073,1116.0,3161.0
0.8143905990541663,0.460856078,0.194086274,0.538417254,1116.0,3161.0
0.8177262217738254,0.368121293,0.193334137,0.517570888,1116.0,3161.0
0.8271878944571196,0.226771479,0.211254775,0.542999435,1116.0,3161.0
0.8415375920359832,0.020023781,0.238143421,0.591527749,1116.0,3161.0
0.8427300998048954,0.0,0.259030598,0.674718043,1116.0,3161.0
0.8402235815196,0.0,0.279282613,0.710581388,1116.0,3161.0
0.8167356357512087,0.0,0.288705113,0.713957363,1116.0,3161.0
0.785193186727172,0.0,0.29064612,0.730362302,1116.0,3161.0
0.7487968748088718,0.0,0.289768775,0.741595282,1116.0,3161.0
0.7167192937861091,0.0,0.284922907,0.761573248,1116.0,3161.0
0.73769555067158,0.0,0.302135204,0.791574101,1116.0,3161.0
0.7296466335967808,0.0,0.320944888,0.8163242,1116.0,3161.0
0.7271009676371459,0.0,0.33880112149999997,0.857398644,1116.0,3161.0
0.7283159573315602,0.0,0.362096353,0.894603918,1116.0,3161.0
0.7730093180088113,0.0,0.377844727,0.90705017,1116.0,3161.0
0.8663943913869389,0.0,0.401244451,0.92055923,1116.0,3161.0
0.9254586848188909,0.0,0.431272704,0.927579224,1116.0,3161.0
0.9470846997744453,0.0067084715,0.4762684405,0.9324238869999999,1116.0,3161.0
0.9470254715430432,0.12135376,0.522712856,0.934867604,1116.0,3161.0
0.9423196099634147,0.174470857,0.446634994,0.933201156,1116.0,3161.0
0.9372290177425102,0.222157222,0.496920906,0.93521429,1116.0,3161.0
0.9344096918885547,0.2183782935,0.5659622950000001,0.935444224,1116.0,3161.0
0.9350389995523929,0.146745844,0.646595967,0.933963536,1116.0,3161.0
0.937681147100629,0.071831318,0.688473909,0.936651155,1116.0,3161.0
0.9439270388044734,0.00446264,0.734665855,0.936653442,1116.0,3161.0
0.942517283746606,0.0,0.764586934,0.936778611,1116.0,3161.0
0.916782076679101,0.0,0.795165424,0.9367806144999999,1116.0,3161.0
0.8327351403919161,0.0,0.824873514,0.936743246,1116.0,3161.0
0.7861822038734165,0.0,0.839198521,0.936864952,1116.0,3161.0
0.7450380206782612,0.0,0.789161776,0.93672656,1116.0,3161.0
0.7161396585908275,0.0,0.796207755,0.936688229,1116.0,3161.0
0.7077619157660067,0.0,0.8032969169999999,0.9373582535,1116.0,3161.0
0.7090405191884499,0.0,0.782858301,0.937027566,1116.0,3161.0
0.7503772516346164,0.0,0.738354806,0.934450631,1116.0,3161.0
0.8466776718008526,0.0,0.708194014,0.926936441,1116.0,3161.0
0.913075479984453,0.0,0.679654602,0.916183845,1116.0,3161.0
0.9361965144849625,0.0048157105,0.649738558,0.900924925,1116.0,3161.0
0.9362004843983678,0.0808517,0.647880549,0.882614792,1116.0,3161.0
0.9340108353946212,0.125164708,0.577961974,0.830353513,1116.0,3161.0
0.9331821001466283,0.181100955,0.590529748,0.815926318,1116.0,3161.0
0.9330020604808337,0.238412388,0.63240724,0.841129074,1116.0,3161.0
0.9325345581889866,0.1932332115,0.6746923775,0.867243028,1116.0,3161.0
0.9382241281209003,0.117101859,0.691876068,0.864440538,1116.0,3161.0
0.9470780981653766,0.016672437,0.671528835,0.872254811,1116.0,3161.0
0.9474489793466637,0.0,0.642887365,0.867183886,1116.0,3161.0
0.9252169244165835,0.0,0.599635702,0.864521849,1116.0,3161.0
0.8392476754606031,0.0,0.575142388,0.869959277,1116.0,3161.0
0.7899501060527617,0.0,0.574164467,0.88071592,1116.0,3161.0
0.749575199215567,0.0,0.481796244,0.875825158,1116.0,3161.0
0.7246469841747003,0.0,0.494229741,0.8604328889999999,1116.0,3161.0
0.7191478872347207,0.0,0.502661032,0.8315115385,1116.0,3161.0
0.7240124605106045,0.0,0.520105421,0.794714575,1116.0,3161.0
0.7689068653708576,0.0,0.543754597,0.775412045,1116.0,3161.0
0.8641924631251996,0.0,0.570184082,0.770034192,1116.0,3161.0
0.9248535678102916,0.0,0.608564128,0.770907264,1116.0,3161.0
0.948665030534745,0.003422219,0.6477050664999999,0.7891989445,1116.0,3161.0
0.952418437343656,0.081707028,0.673171914,0.804724131,1116.0,3161.0
0.9502262033725027,0.150580862,0.545258425,0.753093254,1116.0,3161.0
0.9476982649867783,0.231218175,0.608880558,0.787884999,1116.0,3161.0
0.9455184030673196,0.295018761,0.664603064,0.811935519,1116.0,3161.0
0.9442909027934704,0.270405643,0.709250572,0.845269552,1116.0,3161.0
0.9436648276645146,0.231142209,0.755589243,0.867900977,1116.0,3161.0
0.945485534212529,0.151016135,0.759197449,0.881987256,1116.0,3161.0
0.9503104984968133,0.024426793,0.743396743,0.89549561,1116.0,3161.0
0.949552763686916,0.0,0.736231663,0.895154672,1116.0,3161.0
0.944386277485772,0.0,0.735639329,0.893258035,1116.0,3161.0
0.9066759550510888,0.0,0.721732316,0.886036052,1116.0,3161.0
0.8381545126288036,0.0,0.708843015,0.887400718,1116.0,3161.0
0.7896297278436619,0.0,0.69478676,0.893672164,1116.0,3161.0
0.7490124604277529,0.0,0.640580145,0.898679374,1116.0,3161.0
0.7263469717506178,0.0,0.639040032,0.905292973,1116.0,3161.0
0.7179404227781137,0.0,0.6535702825,0.9019157065000001,1116.0,3161.0
0.7168939318642427,0.0,0.6586921605,0.89626764,1116.0,3161.0
0.7614813463267184,0.0,0.683312863,0.880416309,1116.0,3161.0
0.8608470533212527,0.0,0.705365539,0.793606008,1116.0,3161.0
0.9097758645351409,0.0,0.724483351,0.699275892,1116.0,3161.0
0.9247965089630744,0.0,0.75416593,0.615835198,1116.0,3161.0
0.9298727904067299,0.00323746,0.785824137,0.572161562,1116.0,3161.0
0.9259653808505224,0.036049598,0.819340185,0.619755066,1116.0,3161.0
0.9268107347876895,0.066301862,0.841913504,0.752314341,1116.0,3161.0
0.9318372516318989,0.110943304,0.862946527,0.832024518,1116.0,3161.0
0.9307173138402663,0.16845419099999998,0.8627137355,0.9013751409999999,1116.0,3161.0
0.9264964511363593,0.157021126,0.84708889,0.900461859,1116.0,3161.0
0.9301025946719705,0.112565373,0.816799092,0.844188463,1116.0,3161.0
0.9393678860557766,0.022927423,0.780963598,0.753972624,1116.0,3161.0
0.9425031572311363,0.0,0.728786743,0.650072374,1116.0,3161.0
0.9421498186991684,0.0,0.678088505,0.607852369,1116.0,3161.0
0.9066760471819784,0.0,0.624959611,0.557330048,1116.0,3161.0
0.8380974537815864,0.0,0.572018629,0.529824806,1116.0,3161.0
0.7895250280471449,0.0,0.512918114,0.510437383,1116.0,3161.0
0.7503052357682987,0.0,0.390466127,0.499898246,1116.0,3161.0
0.7287035499957236,0.0,0.352844497,0.476924618,1116.0,3161.0
0.7225131933339509,0.0,0.327385569,0.417110853,1116.0,3161.0
0.721981523203113,0.0,0.31799364,0.40846290350000003,1116.0,3161.0
0.7230751473521728,0.0,0.325075503,0.429762006,1116.0,3161.0
0.7680054216178444,0.0,0.332869199,0.446577692,1116.0,3161.0
0.8649170526876374,0.0,0.344500878,0.445650426,1116.0,3161.0
0.9243579513466516,0.0,0.352664476,0.45999263,1116.0,3161.0
0.9474478714561458,0.0038212855,0.3563400745,0.467658843,1116.0,3161.0
0.9501482785358187,0.102417368,0.351529453,0.466235331,1116.0,3161.0
0.9465641085487863,0.209016565,0.286155697,0.542600627,1116.0,3161.0
0.9429291585340858,0.300925862,0.305254474,0.547703933,1116.0,3161.0
0.9418616631030075,0.323694273,0.31755784,0.575334163,1116.0,3161.0
0.9382942967297406,0.316381948,0.308479417,0.617152418,1116.0,3161.0
0.9372644715647073,0.262408109,0.305872661,0.629485576,1116.0,3161.0
0.941541377687609,0.188895363,0.287224509,0.615485118,1116.0,3161.0
0.9482618342782233,0.031432333,0.271976966,0.618431097,1116.0,3161.0
0.9499635302524717,0.0,0.263154549,0.629914419,1116.0,3161.0
0.9283405625758021,0.0,0.274533826,0.6495642855,1116.0,3161.0
0.8418550154284938,0.0,0.283549751,0.634567205,1116.0,3161.0
0.7929864942710808,0.0,0.294004877,0.631053652,1116.0,3161.0
0.7534208419698171,0.0,0.310177662,0.6570646,1116.0,3161.0
0.7122515918817534,0.0,0.321300035,0.633403744,1116.0,3161.0
0.7043253785700508,0.0,0.348871111,0.612498305,1116.0,3161.0
0.6999128421899901,0.0,0.361641919,0.5994342455,1116.0,3161.0
0.703432913601902,0.0,0.3620413645,0.612816433,1116.0,3161.0
0.7263315530828508,0.0,0.354275158,0.5685493415,1116.0,3161.0
0.7682617237874371,0.0,0.347028092,0.514779244,1116.0,3161.0
0.7992046870549475,0.013573508,0.33199488,0.487380251,1116.0,3161.0
0.8150108580064578,0.125450918,0.305082101,0.46281215,1116.0,3161.0
0.8151848037772949,0.210316519,0.238088888,0.435940547,1116.0,3161.0
0.8139058772339259,0.229884667,0.232913509,0.423469367,1116.0,3161.0
0.8144057403350462,0.203556038,0.204310378,0.401361058,1116.0,3161.0
0.8156017563686977,0.142896431,0.14785323,0.347136514,1116.0,3161.0
0.819088520144172,0.084038081,0.108295281,0.265797302,1116.0,3161.0
0.827471341435728,0.045373705,0.096554058,0.205765426,1116.0,3161.0
0.8415242966869563,0.005787459,0.104697897,0.168883148,1116.0,3161.0
0.8409202879002808,0.0,0.122489266,0.169254407,1116.0,3161.0
0.8254495443078608,0.0,0.126645907,0.182018675,1116.0,3161.0
0.7834766265275247,0.0,0.120330116,0.237856261,1116.0,3161.0
0.7478068886312559,0.0,0.114664462,0.26564648,1116.0,3161.0
0.7147936561201355,0.0,0.093461404,0.341764384,1116.0,3161.0
0.7163509054413388,0.0,0.106011389,0.370108764,1116.0,3161.0
0.7062481535503249,0.0,0.13042046899999998,0.3955306005,1116.0,3161.0
0.7029659190241659,0.0,0.165951088,0.38430802,1116.0,3161.0
0.7095110684277757,0.0,0.19457912,0.371157116,1116.0,3161.0
0.7211784553558415,0.0,0.205533582,0.346500962,1116.0,3161.0
0.7419115204961552,0.0,0.212413527,0.298430038,1116.0,3161.0
0.7739137623124523,0.0,0.210936179,0.227258663,1116.0,3161.0
0.8043056198082897,0.012068009,0.209808805,0.167129202,1116.0,3161.0
0.8190574057531571,0.142205279,0.208766241,0.092167554,1116.0,3161.0
0.8165409161217944,0.267362764,0.151870295,0.078908314,1116.0,3161.0
0.8156072040218035,0.353027196,0.133735968,0.057579818,1116.0,3161.0
0.8155982481039586,0.364610516,0.120518384,0.057558484,1116.0,3161.0
0.8139934042303064,0.332340114,0.106628049,0.059609679,1116.0,3161.0
0.8172502716096506,0.230137987,0.089240858,0.071785577,1116.0,3161.0
0.8265340282772965,0.148657231,0.083532026,0.126084443,1116.0,3161.0
0.8399085581699043,0.024647122,0.070423324,0.202998318,1116.0,3161.0
0.8395802401339938,0.0,0.086367267,0.299886348,1116.0,3161.0
0.8367452188881963,0.0,0.106514891,0.393704468,1116.0,3161.0
0.8129811210517799,0.0,0.130552624,0.492157241,1116.0,3161.0
0.7821122045070318,0.0,0.154253523,0.573875614,1116.0,3161.0
0.7456278572154279,0.0,0.177359147,0.610040522,1116.0,3161.0
0.7102675571508207,0.0,0.16790024,0.624127752,1116.0,3161.0
0.7314067266359883,0.0,0.192735008,0.638854695,1116.0,3161.0
0.7258556953809717,0.0,0.225500871,0.683776341,1116.0,3161.0
0.7198472017812334,0.0,0.270349912,0.696339612,1116.0,3161.0
0.7179057069972519,0.0,0.32161365,0.707503785,1116.0,3161.0
0.761601003142336,0.0,0.352830459,0.718947802,1116.0,3161.0
0.8621258870709199,0.0,0.37794982,0.737558634,1116.0,3161.0
0.9217668608815645,0.0,0.393928115,0.744488327,1116.0,3161.0
0.940463818448168,0.00369344,0.39717386050000003,0.7305147665,1116.0,3161.0
0.9365279719306474,0.037700172,0.379435564,0.685804353,1116.0,3161.0
0.9330167411072654,0.067748517,0.288989304,0.640798034,1116.0,3161.0
0.9308987381206538,0.086020878,0.277882713,0.620844362,1116.0,3161.0
0.9278413917819782,0.080370666,0.260612645,0.588717138,1116.0,3161.0
0.9270090554755446,0.087331734,0.240896296,0.554411205,1116.0,3161.0
0.9265559100263915,0.088997047,0.23035815,0.528290778,1116.0,3161.0
0.9294760575629423,0.058858031,0.225161948,0.561181242,1116.0,3161.0
0.9381770406197503,0.016639255,0.235977132,0.592229093,1116.0,3161.0
0.9401739087196376,0.0,0.251376187,0.599207301,1116.0,3161.0
0.9370444537209422,0.0,0.255324914,0.575949601,1116.0,3161.0
0.9022873319393796,0.0,0.259085974,0.555203333,1116.0,3161.0
0.8354668471186015,0.0,0.262086129,0.536849126,1116.0,3161.0
0.788617813851506,0.0,0.266975086,0.535027112,1116.0,3161.0
0.7480303683429089,0.0,0.259707221,0.524447012,1116.0,3161.0
0.7241019262325398,0.0,0.271475124,0.482625937,1116.0,3161.0
0.7179445776161103,0.0,0.26481204,0.42908805800000005,1116.0,3161.0
0.7165880032915384,0.0,0.2608610385,0.41703683,1116.0,3161.0
0.7586521419203975,0.0,0.242713967,0.40387365,1116.0,3161.0
0.8588381823560417,0.0,0.227555546,0.411314026,1116.0,3161.0
0.9171824105813293,0.0,0.225257982,0.443136772,1116.0,3161.0
0.9375601056704186,0.0,0.219290491,0.486288654,1116.0,3161.0
0.9413509053584872,0.014720419,0.215843755,0.570395465,1116.0,3161.0
0.9387450421360788,0.100071803,0.208622453,0.641519472,1116.0,3161.0
0.9278529326672296,0.150711415,0.20547599,0.69350017,1116.0,3161.0
0.92671969952657,0.215016115,0.23077905,0.730196901,1116.0,3161.0
0.9243445638667349,0.243240995,0.254916445,0.766318965,1116.0,3161.0
0.9228054577026638,0.218343425,0.278631449,0.797686608,1116.0,3161.0
0.9222742952859371,0.196380924,0.315925519,0.824464133,1116.0,3161.0
0.9234860067114303,0.112842039,0.333248665,0.85438306,1116.0,3161.0
0.9278990040773453,0.02367893,0.37316903,0.881482996,1116.0,3161.0
0.9273289717045722,0.0,0.423203984,0.903504696,1116.0,3161.0
0.9210600903611148,0.0,0.475982525,0.918782794,1116.0,3161.0
0.890602864342067,0.0,0.522406751,0.927974743,1116.0,3161.0
0.8319550621842576,0.0,0.560669511,0.933557942,1116.0,3161.0
0.7836211195774205,0.0,0.579432549,0.935312667,1116.0,3161.0
0.7353073967181989,0.0,0.572650198,0.93648868,1116.0,3161.0
0.7002032596326316,0.0,0.597895926,0.936246484,1116.0,3161.0
0.6895208732091481,0.0,0.610533307,0.936461388,1116.0,3161.0
0.6832077670502403,0.0,0.60664937,0.9364029645,1116.0,3161.0
0.685446442280692,0.0,0.594138719,0.935945052,1116.0,3161.0
0.7302598289599312,0.0,0.581215843,0.932235682,1116.0,3161.0
0.8143640083561126,0.0,0.558531242,0.927725057,1116.0,3161.0
0.8840411187848962,0.0,0.550959213,0.923127658,1116.0,3161.0
0.9046651450289169,0.0044994745,0.551261096,0.92133138,1116.0,3161.0
0.8975159175747615,0.045693592,0.551745508,0.923107605,1116.0,3161.0
0.8910433606840448,0.082165468,0.511971331,0.897725131,1116.0,3161.0
0.8855234438200432,0.143701934,0.524625128,0.879879001,1116.0,3161.0
0.8832315878562963,0.176397697,0.541260714,0.857200952,1116.0,3161.0
0.8819439824505634,0.191325028,0.563614777,0.854096094,1116.0,3161.0
0.8807707717947457,0.174634865,0.59489887,0.864615882,1116.0,3161.0
0.8825188162345907,0.132436654,0.627325734,0.88472946,1116.0,3161.0
0.8903258804447868,0.036259068,0.663787165,0.92122571,1116.0,3161.0
0.8931603475796221,0.0,0.697761216,0.934331121,1116.0,3161.0
0.8755939914580149,0.0,0.7193564665000001,0.933167327,1116.0,3161.0
0.8235463892302012,0.0,0.725517812,0.922846584,1116.0,3161.0
0.7795303463524587,0.0,0.720182379,0.913624065,1116.0,3161.0
0.7343116400979574,0.0,0.660875381,0.930316782,1116.0,3161.0
0.6964286173164772,0.0,0.660515281,0.925427765,1116.0,3161.0
0.687602714715537,0.0,0.649758032,0.922979898,1116.0,3161.0
0.6836110554376518,0.0,0.6193782635,0.9042334185,1116.0,3161.0
0.6875521653464989,0.0,0.576220075,0.903375239,1116.0,3161.0
0.7327181985818159,0.0,0.538356182,0.899956278,1116.0,3161.0
0.8198478251560656,0.0,0.495342132,0.897505686,1116.0,3161.0
0.8879782587803381,0.0,0.452611257,0.89895056,1116.0,3161.0
0.9177179124292381,0.0,0.409103943,0.896900533,1116.0,3161.0
0.9267675254004614,0.012797587,0.370669341,0.89250782,1116.0,3161.0
0.9188459749722725,0.069075102,0.32893829,0.885887833,1116.0,3161.0
0.9122831218559899,0.14263127,0.236168152,0.856530624,1116.0,3161.0
0.9104227141854861,0.193895118,0.237118124,0.855981254,1116.0,3161.0
0.9097259150111034,0.200779302,0.218500864,0.84889597,1116.0,3161.0
0.9083921460643654,0.173008773,0.182913393,0.815805569,1116.0,3161.0
0.9089939397328171,0.12729194,0.156949349,0.771783741,1116.0,3161.0
0.9123080502211577,0.064517846,0.147578174,0.725443013,1116.0,3161.0
0.9212688443751094,0.011511924,0.154416659,0.6877104,1116.0,3161.0
0.9238519943505735,0.0,0.160677552,0.659262015,1116.0,3161.0
0.9052767711842891,0.0,0.1637389145,0.6280428085,1116.0,3161.0
0.8304820622533259,0.0,0.157715379,0.58603798,1116.0,3161.0
0.783509494719503,0.0,0.15101842,0.519788889,1116.0,3161.0
0.7400913673962906,0.0,0.130437885,0.513907811,1116.0,3161.0
0.7065072720087663,0.0,0.132248705,0.463450506,1116.0,3161.0
0.6978824593248667,0.0,0.129694366,0.410579992,1116.0,3161.0
0.6936714751733251,0.0,0.126444002,0.372222444,1116.0,3161.0
0.6965387183692493,0.0,0.1200704,0.344625188,1116.0,3161.0
0.7014946046245457,0.0,0.109734611,0.30834993,1116.0,3161.0
0.7441638595991921,0.0,0.099001505,0.27634936,1116.0,3161.0
0.8403896789317039,0.0,0.089040094,0.261639043,1116.0,3161.0
0.9077653318998561,0.0,0.080069592,0.233984966,1116.0,3161.0
0.9326497373770879,0.0,0.072573331,0.208169864,1116.0,3161.0
0.9397811461206613,0.011308431,0.067188317,0.167583132,1116.0,3161.0
0.9345334117426856,0.082341268,0.058311592,0.129330474,1116.0,3161.0
0.9278006752312669,0.153083392,0.033063688,0.101453087,1116.0,3161.0
0.9262018324588703,0.200439296,0.02778509,0.086884506,1116.0,3161.0
0.9245724294064208,0.212837305,0.028044414,0.085184156,1116.0,3161.0
0.9227910547945252,0.18635888,0.026962336,0.085123192,1116.0,3161.0
0.9217242056052982,0.147153192,0.028452526,0.090667974,1116.0,3161.0
0.9234868378778732,0.094814877,0.026929531,0.095177812,1116.0,3161.0
0.9296436323833408,0.027755421,0.029814416,0.096605039,1116.0,3161.0
0.931079146972819,0.0,0.032882234,0.079648731,1116.0,3161.0
0.9272974881271866,0.0,0.03422291,0.071943652,1116.0,3161.0
0.8954055780222915,0.0,0.037794826,0.089744082,1116.0,3161.0
0.83239325061431,0.0,0.044121432,0.109485803,1116.0,3161.0
0.786579767883647,0.0,0.046226382,0.125641295,1116.0,3161.0
0.743147144858594,0.0,0.049181172,0.161868962,1116.0,3161.0
0.7009406832268361,0.0,0.049892516,0.172415393,1116.0,3161.0
0.6903080614027988,0.0,0.04882069,0.18134959,1116.0,3161.0
0.6852159917735996,0.0,0.04776625,0.210919327,1116.0,3161.0
0.6834839893763539,0.0,0.048193307000000005,0.2579394645,1116.0,3161.0
0.6929506248656624,0.0,0.048030760500000005,0.2778816745,1116.0,3161.0
0.7206989962641155,0.0,0.052935061,0.301145545,1116.0,3161.0
0.7568441759476358,0.0,0.061493789,0.379729468,1116.0,3161.0
0.7889928502021959,0.016662833,0.067037711,0.476217345,1116.0,3161.0
0.8051722102469188,0.086935421,0.077601911,0.576110358,1116.0,3161.0
0.8022242716595007,0.136431188,0.089437493,0.670847893,1116.0,3161.0
0.8020500488331825,0.22226874,0.101466273,0.72843294,1116.0,3161.0
0.8016238632684538,0.249871447,0.133544436,0.769006967,1116.0,3161.0
0.8003846378475742,0.211242933,0.148851477,0.784324521,1116.0,3161.0
0.8022278727179414,0.161785918,0.161835507,0.80329615,1116.0,3161.0
0.8106812324675207,0.11049937,0.187409621,0.819770158,1116.0,3161.0
0.8271684137450577,0.041312562,0.227585001,0.843690259,1116.0,3161.0
0.8276477800430819,0.0,0.298325907,0.877052021,1116.0,3161.0
0.8242851974389984,0.0,0.373993479,0.910226876,1116.0,3161.0
0.8029189471837371,0.0,0.444813061,0.926600229,1116.0,3161.0
0.77214171214196,0.0,0.505061052,0.933343824,1116.0,3161.0
0.7369394768689443,0.0,0.562743362,0.935979915,1116.0,3161.0
0.7026163883480313,0.0,0.592192153,0.93670407,1116.0,3161.0
0.6941708305603344,0.0,0.6593567659999999,0.9368968870000001,1116.0,3161.0
0.6764731382101175,0.0,0.6998591435,0.9365319270000001,1116.0,3161.0
0.6731732460367303,0.0,0.7194708775,0.933995122,1116.0,3161.0
0.6846481751818624,0.0,0.714889611,0.930847731,1116.0,3161.0
0.7067909032491538,0.0,0.697016945,0.929499497,1116.0,3161.0
0.7495694751697923,0.0,0.676283812,0.926510428,1116.0,3161.0
0.7763834414981461,0.008996648,0.649198362,0.928069574,1116.0,3161.0
0.7877972033549151,0.066569765,0.633558792,0.929346285,1116.0,3161.0
0.7833468134412485,0.131310319,0.509245507,0.931960307,1116.0,3161.0
0.777715917961181,0.159936518,0.569310754,0.934139221,1116.0,3161.0
0.7771903874593394,0.165276538,0.598824519,0.935953431,1116.0,3161.0
0.7746004045533643,0.118574962,0.62106882,0.936780509,1116.0,3161.0
0.7759522702603838,0.086471773,0.628189889,0.936945099,1116.0,3161.0
0.7816450246732984,0.046214877,0.64626649,0.936679261,1116.0,3161.0
0.7931112295534338,0.016798655,0.657161876,0.935320642,1116.0,3161.0
0.7926976003021786,0.0,0.65765487,0.930487021,1116.0,3161.0
0.7824089922372996,0.0,0.661414868,0.9213520915,1116.0,3161.0
0.7543525689474022,0.0,0.672389329,0.920832979,1116.0,3161.0
0.7285492698615398,0.0,0.674375271,0.920609414,1116.0,3161.0
0.6980587130076292,0.0,0.607932784,0.922412642,1116.0,3161.0
0.6928071011785439,0.0,0.6411527850000001,0.9327562485,1116.0,3161.0
0.6818716901915768,0.0,0.6578111925000001,0.9355972645,1116.0,3161.0
0.6848359704126884,0.0,0.659659089,0.936766908,1116.0,3161.0
0.7298947182212698,0.0,0.665687623,0.937132663,1116.0,3161.0
0.8143640083561126,0.0,0.676684294,0.937130389,1116.0,3161.0
0.8844416376117157,0.0,0.695404881,0.937159433,1116.0,3161.0
0.9085153114761282,0.0096325805,0.7249313715,0.93719551,1116.0,3161.0
0.9061216180701575,0.050559837,0.736154483,0.937167767,1116.0,3161.0
0.9053675757867785,0.080363255,0.651539037,0.9369769,1116.0,3161.0
0.9032474498128328,0.104816099,0.706408553,0.937055009,1116.0,3161.0
0.902598615371488,0.114574125,0.7448044495,0.9365757404999999,1116.0,3161.0
0.902665230312957,0.100733535,0.746226546,0.930369304,1116.0,3161.0
0.9039777634210455,0.064198392,0.731239154,0.92462709,1116.0,3161.0
0.9083878987640731,0.025719421,0.751167922,0.922283013,1116.0,3161.0
0.9091087957999927,0.0,0.769372309,0.922381544,1116.0,3161.0
0.8937024046397486,0.0,0.7833146085,0.9236601925,1116.0,3161.0
0.8317738221656494,0.0,0.779210814,0.910533947,1116.0,3161.0
0.7839522996362184,0.0,0.759987285,0.898099876,1116.0,3161.0
0.7409946120099302,0.0,0.690663518,0.897678318,1116.0,3161.0
0.7141807371496539,0.0,0.669242407,0.885990388,1116.0,3161.0
0.7091648385561754,0.0,0.651160697,0.853229107,1116.0,3161.0
0.7120109619055772,0.0,0.6054691999999999,0.796364787,1116.0,3161.0
0.7178665599857246,0.0,0.53910292,0.769170858,1116.0,3161.0
0.7620892332273155,0.0,0.486833025,0.741742728,1116.0,3161.0
0.8611895900035227,0.0,0.443850911,0.715313439,1116.0,3161.0
0.9229161586004365,0.0,0.414477157,0.707257048,1116.0,3161.0
0.9456981653462271,0.021922794,0.375203336,0.6775421395000001,1116.0,3161.0
0.9457955712263791,0.177702222,0.342846285,0.665284101,1116.0,3161.0
0.9385851300870098,0.267059538,0.341273977,0.679524735,1116.0,3161.0
0.9339986482675181,0.306511666,0.356992518,0.69278641,1116.0,3161.0
0.9277859946048348,0.312329872,0.332460805,0.666591934,1116.0,3161.0
0.9256986453547901,0.288090476,0.303296628,0.667702148,1116.0,3161.0
0.923742031825542,0.25253115,0.264027567,0.654151308,1116.0,3161.0
0.9255846204540576,0.181388417,0.204112625,0.628772908,1116.0,3161.0
0.9350389995523929,0.068387403,0.174440904,0.619139149,1116.0,3161.0
0.9386235380629837,0.0,0.159285984,0.64204218,1116.0,3161.0
0.9378779903801896,0.0,0.16439159,0.678190052,1116.0,3161.0
0.9012414408705093,0.0,0.177702816,0.694491308,1116.0,3161.0
0.8368512118312287,0.0,0.190224799,0.730964789,1116.0,3161.0
0.7886202145571333,0.0,0.210822061,0.7706798,1116.0,3161.0
0.7470643414990896,0.0,0.232623776,0.773463304,1116.0,3161.0
0.7181956170571885,0.0,0.246073698,0.800099281,1116.0,3161.0
0.7060716685461201,0.0,0.267834685,0.806577464,1116.0,3161.0
0.696345337620389,0.0,0.3327905935,0.8081071915,1116.0,3161.0
0.6962802004186208,0.0,0.401528598,0.83559716,1116.0,3161.0
0.737252653623975,0.0,0.463741538,0.867285156,1116.0,3161.0
0.822985589167942,0.0,0.525051663,0.889641049,1116.0,3161.0
0.8918404274300609,0.0,0.5865589,0.903428145,1116.0,3161.0
0.9217271597590754,0.0,0.636708105,0.916425548,1116.0,3161.0
0.9293416279900032,0.029748176,0.673021972,0.925236758,1116.0,3161.0
0.9231375610587943,0.059795484,0.695016553,0.933862876,1116.0,3161.0
0.9215064035425692,0.089165806,0.625882462,0.935662668,1116.0,3161.0
0.9208703570675463,0.106148968,0.663441368,0.935788611,1116.0,3161.0
0.9201559231129547,0.120826655,0.683459725,0.935939503,1116.0,3161.0
0.9184179428128787,0.119042194,0.694032056,0.934800469,1116.0,3161.0
0.9195139670047535,0.104185652,0.697975448,0.930373104,1116.0,3161.0
0.9228386957438248,0.076628861,0.695489478,0.918520643,1116.0,3161.0
0.9296436323833408,0.037986375,0.692787296,0.917320972,1116.0,3161.0
0.9322148729499953,0.0,0.670890577,0.920774812,1116.0,3161.0
0.9114774683784996,0.0,0.6472043249999999,0.9189029285,1116.0,3161.0
0.8324115316363705,0.0,0.606735508,0.921691898,1116.0,3161.0
0.786579767883647,0.0,0.566153065,0.921237227,1116.0,3161.0
0.7469795843947068,0.0,0.453315199,0.914777161,1116.0,3161.0
0.7716085182059768,0.0,0.437306221,0.909175315,1116.0,3161.0
0.7643820814208593,0.0,0.450928638,0.915655966,1052.0,2979.0
0.766405355294209,0.0,0.433986416,0.9165307145,1052.0,2979.0
0.8152143486291256,0.0,0.418804132,0.918520112,1052.0,2979.0
0.8949738526735672,0.0,0.395212931,0.917424026,1052.0,2979.0
0.9490187385844898,0.0,0.380520586,0.908651878,1052.0,2979.0
0.9774503828182625,0.0,0.36781289,0.872781835,1052.0,2979.0
0.9806657024804522,0.044362073,0.355736449,0.830554764,1052.0,2979.0
0.9729092340361452,0.202353561,0.358541762,0.835763531,1052.0,2979.0
0.9682451044354503,0.309571992,0.334912321,0.825161646,1052.0,2979.0
0.9649600774816804,0.337039463,0.398149654,0.854365076,1052.0,2979.0
0.961740048539126,0.326695178,0.410305279,0.875660607,1052.0,2979.0
0.9599333763756918,0.304326473,0.396360308,0.891531537,1052.0,2979.0
0.9584511434714342,0.277951312,0.362796628,0.878286099,1052.0,2979.0
0.9615535464548154,0.20814996,0.330808925,0.878745607,1052.0,2979.0
0.9722753105484563,0.105214517,0.323207079,0.882968001,1052.0,2979.0
0.975784694777173,0.0,0.332836223,0.88421222,1052.0,2979.0
0.9721723652157147,0.0,0.3597144,0.882665623,1052.0,2979.0
0.9464791671826244,0.0,0.386232028,0.880551796,1052.0,2979.0
0.8930448452705951,0.0,0.406156642,0.88361816,1052.0,2979.0
0.8468806089753707,0.0,0.41898999,0.861072468,1052.0,2979.0
0.8076462288637943,0.0,0.41585406,0.86705434,1052.0,2979.0
0.7778184941075519,0.0,0.396194509,0.848428099,1052.0,2979.0
0.7712021139386225,0.0,0.3855594275,0.7825568275,1052.0,2979.0
0.770849305987785,0.0,0.3768136525,0.6601620225,1052.0,2979.0
0.8167189242683324,0.0,0.37635579,0.647100852,1052.0,2979.0
0.8959057181788929,0.0,0.374832528,0.610572563,1052.0,2979.0
0.9490556698149811,0.0,0.364438192,0.579909902,1052.0,2979.0
0.9765623729420168,0.0,0.358098932,0.567152563,1052.0,2979.0
0.9802626914799278,0.075029755,0.344108402,0.564818152,1052.0,2979.0
0.971664469494082,0.167608823,0.316914173,0.551528878,1052.0,2979.0
0.9678071009299892,0.263439897,0.290758084,0.510846114,1052.0,2979.0
0.9648018271026852,0.317376172,0.329449246,0.518392178,1052.0,2979.0
0.9613655669622102,0.333974832,0.324681004,0.536068763,1052.0,2979.0
0.9599991134224607,0.289524525,0.301765512,0.565801071,1052.0,2979.0
0.9593151482798447,0.204900612,0.271157378,0.589751049,1052.0,2979.0
0.9651102024464614,0.149365249,0.235257231,0.604404563,1052.0,2979.0
0.9735836898127663,0.083328166,0.222580305,0.595344095,1052.0,2979.0
0.9755498127080092,0.0,0.219705963,0.567737488,1052.0,2979.0
0.9705444389087476,0.0,0.220089973,0.518762213,1052.0,2979.0
0.9435075005828522,0.0,0.220328746,0.463855784,1052.0,2979.0
0.8894906821154657,0.0,0.218137991,0.392870042,1052.0,2979.0
0.8429162327028356,0.0,0.21033332,0.301637782,1052.0,2979.0
0.8046498188234457,0.0,0.199095328,0.169922365,1052.0,2979.0
0.7602904080969901,0.0,0.185062911,0.150842043,1052.0,2979.0
0.7511905682148423,0.0,0.1611955615,0.17654110550000002,1052.0,2979.0
0.7462856015091728,0.0,0.13591187500000002,0.22932378250000002,1052.0,2979.0
0.7549287184135582,0.0,0.124255865,0.255969899,1052.0,2979.0
0.7688805981251357,0.0,0.109011272,0.208398694,1052.0,2979.0
0.807504043725824,0.0,0.098139458,0.183552162,1052.0,2979.0
0.8375944516020976,0.055815577,0.088226054,0.171554079,1052.0,2979.0
0.8513007156644652,0.157917563,0.080659586,0.153475255,1052.0,2979.0
0.8510224392834819,0.244953298,0.060661387,0.142421743,1052.0,2979.0
0.8505500895149356,0.289342992,0.057292338,0.125651959,1052.0,2979.0
0.8495101080792437,0.320337887,0.055591959,0.119907725,1052.0,2979.0
0.8489229950372237,0.268835277,0.055224544,0.120032887,1052.0,2979.0
0.8517003111939524,0.221605009,0.055728175,0.131367377,1052.0,2979.0
0.86160802000322,0.182525939,0.060662165,0.152324813,1052.0,2979.0
0.8745261732374168,0.075039468,0.062971087,0.190219224,1052.0,2979.0
0.8740413592862867,0.0,0.070126342,0.236620598,1052.0,2979.0
0.871555152879496,0.0,0.07014818,0.282722087,1052.0,2979.0
0.8443507315326855,0.0,0.068286981,0.35163751249999997,1052.0,2979.0
0.8038370560227756,0.0,0.068687781,0.433888248,1052.0,2979.0
0.7713021743814571,0.0,0.065234694,0.442011341,1052.0,2979.0
0.7740687808193775,0.0,0.069579942,0.499941918,1052.0,2979.0
0.7621578326283778,0.0,0.0781734965,0.5764644704999999,1052.0,2979.0
0.7632486640184205,0.0,0.0908350485,0.645191768,1052.0,2979.0
0.7768224604318292,0.0,0.104913548,0.656823505,1052.0,2979.0
0.7875305606528847,0.0,0.109995925,0.651593653,1052.0,2979.0
0.8261727492557058,0.0,0.117816525,0.699404426,1052.0,2979.0
0.8528588418861504,0.072543545,0.120615608,0.756896716,1052.0,2979.0
0.8624485731919452,0.229421705,0.116427679,0.813985951,1052.0,2979.0
0.8601280956737001,0.33508576,0.122700346,0.850185484,1052.0,2979.0
0.8593910419286783,0.361687425,0.150747662,0.904453677,1052.0,2979.0
0.8568860010516773,0.363433959,0.169171738,0.909107695,1052.0,2979.0
0.8543828061065294,0.332093748,0.175942407,0.895731408,1052.0,2979.0
0.8569953173348573,0.267323125,0.169511446,0.879368043,1052.0,2979.0
0.8678874261408944,0.192527988,0.164731661,0.865384983,1052.0,2979.0
0.8824386756168711,0.096624452,0.164064001,0.862164977,1052.0,2979.0
0.881339419552926,0.001590902,0.181141413,0.865979213,1052.0,2979.0
0.8687911320717943,0.0,0.2075627795,0.8712876119999999,1052.0,2979.0
0.8397228872520367,0.0,0.219055636,0.865385211,1052.0,2979.0
0.8120729835588085,0.0,0.223418492,0.848137068,1052.0,2979.0
0.7777511875215988,0.0,0.190686602,0.724764275,1052.0,2979.0
0.794589999264179,0.0,0.207892394,0.7112580225,1052.0,2979.0
0.793045445447002,0.0,0.2120669255,0.6727189995,1052.0,2979.0
0.7959288924116913,0.0,0.213496054,0.654130588,1052.0,2979.0
0.8426226301163808,0.0,0.224147492,0.633360121,1052.0,2979.0
0.9146171717787429,0.0,0.231037984,0.606906944,1052.0,2979.0
0.9630333786534457,0.0,0.232154571,0.57414649,1052.0,2979.0
0.991772197215369,0.0,0.230389694,0.555244721,1052.0,2979.0
0.9937999033136025,0.114996475,0.234843574,0.533106641,1052.0,2979.0
0.9863098005158448,0.304665903,0.228006013,0.508602549,1052.0,2979.0
0.9833866988255169,0.451514928,0.232404249,0.470666416,1052.0,2979.0
0.9803821633709541,0.529647647,0.239917834,0.457390238,1052.0,2979.0
0.9779485842493091,0.53185334,0.234811879,0.40976845,1052.0,2979.0
0.9754813979001321,0.462664512,0.22829385,0.368655458,1052.0,2979.0
0.9741003565276525,0.407241903,0.216054843,0.35486675,1052.0,2979.0
0.977767621948994,0.314290645,0.188453262,0.340566033,1052.0,2979.0
0.9874295540456981,0.169507181,0.199132598,0.34913501,1052.0,2979.0
0.9897189165101161,0.002143722,0.228327945,0.36390026,1052.0,2979.0
0.9750276058777213,0.0,0.2467505405,0.3670524395,1052.0,2979.0
0.9094108923242198,0.0,0.237562349,0.351078499,1052.0,2979.0
0.8656043418332132,0.0,0.220832534,0.333367555,1052.0,2979.0
0.8325655340522611,0.0,0.191036232,0.323935179,1052.0,2979.0
0.8073886342104986,0.0,0.171424074,0.291278604,1052.0,2979.0
0.8017141601568322,0.0,0.157126698,0.256992665,1052.0,2979.0
0.8022287960152741,0.0,0.147614296,0.22735655,1052.0,2979.0
0.8036642642079013,0.0,0.13124448300000002,0.1965090555,1052.0,2979.0
0.8495341131470788,0.0,0.119961844,0.166535358,1052.0,2979.0
0.9189174367276285,0.0,0.114556304,0.16147986,1052.0,2979.0
0.9670335779345485,0.0,0.110013819,0.158938892,1052.0,2979.0
0.9944910699102876,0.0,0.112655486,0.161454961,1052.0,2979.0
0.9948098785802034,0.102597054,0.106130032,0.15969407,1052.0,2979.0
0.9877214942992668,0.267698236,0.086590372,0.139015725,1052.0,2979.0
0.9856712605414928,0.397966882,0.080007575,0.125086575,1052.0,2979.0
0.984768662832517,0.473201871,0.067587528,0.135081299,1052.0,2979.0
0.9842403624386776,0.512917724,0.061396319,0.146905302,1052.0,2979.0
0.9844009207295982,0.487349299,0.063352032,0.142653439,1052.0,2979.0
0.9843295517679441,0.422677269,0.068625389,0.133576389,1052.0,2979.0
0.9873106356028217,0.300216131,0.074568999,0.130677935,1052.0,2979.0
0.993572684015768,0.144628028,0.096756301,0.128704392,1052.0,2979.0
0.9937206859932152,0.001688692,0.130456224,0.129548937,1052.0,2979.0
0.9749839348418268,0.0,0.1368589515,0.125324539,1052.0,2979.0
0.9093273355726508,0.0,0.119728258,0.11834245,1052.0,2979.0
0.8653862627150031,0.0,0.1053328,0.117782926,1052.0,2979.0
0.8306761356408885,0.0,0.091530794,0.107070877,1052.0,2979.0
0.8072289064232088,0.0,0.082101403,0.091632857,1052.0,2979.0
0.8013887962746986,0.0,0.074352861,0.072753172,1052.0,2979.0
0.8001889027899376,0.0,0.0690590345,0.0605146095,1052.0,2979.0
0.8022937946893017,0.0,0.065664287,0.052565777,1052.0,2979.0
0.8480721927841384,0.0,0.067384948,0.046815973,1052.0,2979.0
0.918246582009448,0.0,0.068987404,0.043960425,1052.0,2979.0
0.9669834434859196,0.0,0.066578683,0.044465466,1052.0,2979.0
0.9931446518563742,0.0,0.069610529,0.046473471,1052.0,2979.0
0.9953280227033843,0.120432707,0.058974361,0.045534471,1052.0,2979.0
0.9877214942992668,0.31495017,0.036245197,0.042194766,1052.0,2979.0
0.9853136747092327,0.443897755,0.028704007,0.045742066,1052.0,2979.0
0.9845169771495873,0.550497076,0.024658605,0.037957778,1052.0,2979.0
0.9818352206097515,0.589107678,0.02464252,0.034200749,1052.0,2979.0
0.9805865779537666,0.585854893,0.029546312,0.031453773,1052.0,2979.0
0.9796938587971562,0.506914896,0.039860077,0.027847199,1052.0,2979.0
0.983410519631573,0.366697992,0.050340093,0.024239359,1052.0,2979.0
0.9893111040983374,0.185059441,0.071159712,0.022369273,1052.0,2979.0
0.9934092637019601,0.002934219,0.086398627,0.021487345,1052.0,2979.0
0.9871139765850404,0.0,0.084470115,0.022014294,1052.0,2979.0
0.9656662010974664,0.0,0.07464496,0.024329073,1052.0,2979.0
0.913230498491378,0.0,0.061202137,0.030892404,1052.0,2979.0
0.8704594972111795,0.0,0.047989811,0.044168317,1052.0,2979.0
0.8362534805384779,0.0,0.033775938,0.087625362,1052.0,2979.0
0.8104188364029704,0.0,0.034501183,0.109085588,1052.0,2979.0
0.8072801487623555,0.0,0.034838022499999996,0.135057987,1052.0,2979.0
0.8072146881082554,0.0,0.0321018085,0.1433329345,1052.0,2979.0
0.852951723741935,0.0,0.028735071,0.130207951,1052.0,2979.0
0.9201445671522948,0.0,0.025758366,0.125263594,1052.0,2979.0
0.9683490658592262,0.0,0.023846106,0.128191532,1052.0,2979.0
0.9942514792235713,0.0,0.02213434,0.129058894,1052.0,2979.0
0.9967712928578937,0.107337789,0.019025851,0.143399858,1052.0,2979.0
0.9866569536847778,0.269624923,0.014785835,0.164218483,1052.0,2979.0
0.9858836149511161,0.394201281,0.010544841,0.174731297,1052.0,2979.0
0.9828709547451512,0.482101438,0.011535552,0.20403715,1052.0,2979.0
0.980407645847084,0.502953668,0.013730944,0.265132563,1052.0,2979.0
0.9782823499383255,0.468412104,0.017124311,0.335123009,1052.0,2979.0
0.976219744128857,0.401438087,0.019872093,0.38672102,1052.0,2979.0
0.9782525280310137,0.282906039,0.022327836,0.411857613,1052.0,2979.0
0.988482276719455,0.147468074,0.03178022,0.428692952,1052.0,2979.0
0.992810055663727,0.0032546,0.044622388,0.459393415,1052.0,2979.0
0.9873935461125392,0.0,0.054704173,0.513449022,1052.0,2979.0
0.9636037802125894,0.0,0.062128874,0.566005114,1052.0,2979.0
0.9105337842696295,0.0,0.069472024,0.601996486,1052.0,2979.0
0.8671419705889898,0.0,0.075457669,0.619434372,1052.0,2979.0
0.8332350962867383,0.0,0.079189809,0.624896947,1052.0,2979.0
0.8090536760097364,0.0,0.084442131,0.629795887,1052.0,2979.0
0.8036683729804531,0.0,0.095172633,0.652004101,1052.0,2979.0
0.8041035605284717,0.0,0.10841666650000001,0.686399102,1052.0,2979.0
0.8499076720894742,0.0,0.116296866,0.702837287,1052.0,2979.0
0.9187353662053894,0.0,0.125975071,0.709789717,1052.0,2979.0
0.9671391088975085,0.0,0.140064502,0.713997091,1052.0,2979.0
0.9935852409920539,0.0,0.157320746,0.724961196,1052.0,2979.0
0.9952573914516593,0.125013449,0.167902303,0.739132893,1052.0,2979.0
0.986666278788993,0.261864697,0.155580437,0.739101398,1052.0,2979.0
0.9855730238263041,0.362933782,0.130289997,0.733249151,1052.0,2979.0
0.9814049726693217,0.435398347,0.130008237,0.709102413,1052.0,2979.0
0.9811891099949597,0.422013679,0.126661045,0.694127962,1052.0,2979.0
0.9805865779537666,0.379551984,0.126737065,0.689630833,1052.0,2979.0
0.9804591649103054,0.337467494,0.127921768,0.673912085,1052.0,2979.0
0.983410519631573,0.220780199,0.124635508,0.65504082,1052.0,2979.0
0.9897265799442578,0.115146462,0.132607491,0.638188309,1052.0,2979.0
0.9910168624482868,0.002162957,0.143268094,0.612634992,1052.0,2979.0
0.9856708913551222,0.0,0.146215095,0.581104024,1052.0,2979.0
0.9615580708105887,0.0,0.144513933,0.544501278,1052.0,2979.0
0.9077933993433923,0.0,0.132059034,0.496163744,1052.0,2979.0
0.8619304290687644,0.0,0.118027775,0.428765504,1052.0,2979.0
0.8278015981971932,0.0,0.093761239,0.345423782,1052.0,2979.0
0.7834962000332883,0.0,0.083670104,0.272964363,1052.0,2979.0
0.7733911859643878,0.0,0.078000325,0.223264428,1052.0,2979.0
0.7639879335444781,0.0,0.07255189449999999,0.19554942349999999,1052.0,2979.0
0.7610901526041142,0.0,0.070582346,0.216948279,1052.0,2979.0
0.7686529171786352,0.0,0.0634593665,0.20462717549999998,1052.0,2979.0
0.779568662197543,0.0,0.061159038,0.195940008,1052.0,2979.0
0.8173868241699237,0.0,0.066535171,0.197466243,1052.0,2979.0
0.8459986002003805,0.08514557,0.069057989,0.203156958,1052.0,2979.0
0.8586599892849124,0.175025203,0.055254934,0.206717485,1052.0,2979.0
0.8566060623378079,0.249041431,0.063276261,0.29629968,1052.0,2979.0
0.852213100457729,0.30410146,0.075527676,0.32556684,1052.0,2979.0
0.8509788607098829,0.302269416,0.081072786,0.353531052,1052.0,2979.0
0.8493049551236899,0.240644574,0.087762816,0.402806308,1052.0,2979.0
0.8511846592444762,0.206381406,0.092875648,0.463959589,1052.0,2979.0
0.8593265973656126,0.146338668,0.088360934,0.492397742,1052.0,2979.0
0.8745649510625735,0.073544429,0.103529159,0.541340535,1052.0,2979.0
0.8743140958832746,0.003133386,0.141259956,0.602480809,1052.0,2979.0
0.8710162348977378,0.0,0.186645024,0.669667064,1052.0,2979.0
0.8427520276194356,0.0,0.23380046100000001,0.714442976,1052.0,2979.0
0.8022249179013522,0.0,0.26942354,0.74539904,1052.0,2979.0
0.7676486662892149,0.0,0.277968222,0.735884283,1052.0,2979.0
0.766797495512571,0.0,0.303006603,0.747802699,1052.0,2979.0
0.7551017176886372,0.0,0.3495275445,0.7674873355,1052.0,2979.0
0.7490915163533803,0.0,0.42513121,0.814595476,1052.0,2979.0
0.754340035169542,0.0,0.496644416,0.8554721285,1052.0,2979.0
0.766408425440113,0.0,0.55595556,0.877699415,1052.0,2979.0
0.8055956259196497,0.001041343,0.59072197,0.89367514,1052.0,2979.0
0.832724891990368,0.049556723,0.612136015,0.91202175,1052.0,2979.0
0.8438431125351276,0.111188814,0.598999384,0.925053222,1052.0,2979.0
0.8415419314671652,0.152903602,0.493536671,0.931738983,1052.0,2979.0
0.8379813052307077,0.197433141,0.528322651,0.933691656,1052.0,2979.0
0.8374575291926416,0.22748844,0.515653859,0.929512508,1052.0,2979.0
0.8400075339206464,0.244167554,0.508394996,0.926379441,1052.0,2979.0
0.8426791348526359,0.217265236,0.491443994,0.924889541,1052.0,2979.0
0.8549125839086633,0.180806648,0.470807244,0.924528499,1052.0,2979.0
0.8695815514747027,0.106247117,0.443194543,0.917878142,1052.0,2979.0
0.8722191753299777,0.005080688,0.430374744,0.9068505,1052.0,2979.0
0.8678170726074625,0.0,0.421974628,0.907553391,1052.0,2979.0
0.8393824278230619,0.0,0.4297053445,0.9148934045,1052.0,2979.0
0.8004594236058898,0.0,0.439841962,0.914318089,1052.0,2979.0
0.7656757111262733,0.0,0.420523148,0.907770733,1052.0,2979.0
0.7788046949649476,0.0,0.419002768,0.9274585664999999,1052.0,2979.0
0.7747905540929665,0.0,0.4171174755,0.9273908805,1052.0,2979.0
0.7771193870212437,0.0,0.413162621,0.929470444,1052.0,2979.0
0.8245160171324614,0.0,0.413806576,0.929814734,1052.0,2979.0
0.9021734913004262,0.0,0.408340815,0.930518429,1052.0,2979.0
0.9543536307724753,0.0,0.401169047,0.928613015,1052.0,2979.0
0.9837411455794088,0.001430476,0.397710003,0.922029518,1052.0,2979.0
0.9854214214532284,0.144170178,0.38338051,0.909455478,1052.0,2979.0
0.9774101282476233,0.296182026,0.392561318,0.895802913,1052.0,2979.0
0.9725230266493866,0.389970913,0.333033604,0.886201738,1052.0,2979.0
0.9675625245702394,0.442553042,0.313740892,0.870217144,1052.0,2979.0
0.9656433042515551,0.485030283,0.298552016,0.858391053,1052.0,2979.0
0.9636251081821288,0.445772576,0.296344411,0.848715097,1052.0,2979.0
0.9615773672608714,0.381324215,0.300827192,0.825555837,1052.0,2979.0
0.9664879198159813,0.289711433,0.289845211,0.812640386,1052.0,2979.0
0.9754877681877586,0.173910027,0.282167571,0.793712173,1052.0,2979.0
0.9796468640897079,0.008470391,0.271506493,0.77318334,1052.0,2979.0
0.9788284693741528,0.0,0.274009426,0.772410449,1052.0,2979.0
0.9545480733464087,0.0,0.263110462,0.769696837,1052.0,2979.0
0.9020565122459168,0.0,0.261407848,0.771257018,1052.0,2979.0
0.857688514787987,0.0,0.252473048,0.760988283,1052.0,2979.0
0.8260796824753297,0.0,0.271424751,0.795843256,1052.0,2979.0
0.7969097848065338,0.0,0.234820968,0.783092581,1052.0,2979.0
0.7919869983960641,0.0,0.2179865065,0.757799797,1052.0,2979.0
0.7933260761367616,0.0,0.207751567,0.734909815,1052.0,2979.0
0.8410364364511596,0.0,0.208861558,0.743475815,1052.0,2979.0
0.9123592000980085,0.0,0.213639371,0.74147749,1052.0,2979.0
0.9617476198423781,0.0,0.221853563,0.746497686,1052.0,2979.0
0.9908515955398137,0.002282618,0.226696531,0.749240623,1052.0,2979.0
0.9915146946929627,0.234418836,0.219183714,0.755961297,1052.0,2979.0
0.9807411344806194,0.464931379,0.187620459,0.742994606,1052.0,2979.0
0.9725160094570966,0.631788054,0.132331894,0.700242755,1052.0,2979.0
0.965169292150123,0.707406567,0.147442933,0.672593051,1052.0,2979.0
0.9597031101303788,0.732734832,0.160177738,0.656231243,1052.0,2979.0
0.9575105069728551,0.658771196,0.161568809,0.65720956,1052.0,2979.0
0.9567205488872067,0.567457134,0.149895854,0.650935115,1052.0,2979.0
0.9600091775622296,0.447133267,0.134202293,0.625247541,1052.0,2979.0
0.9723106722397635,0.285636885,0.14317041,0.630039428,1052.0,2979.0
0.9795403176985257,0.012395079,0.179627797,0.641547826,1052.0,2979.0
0.9777798090760969,0.0,0.206692747,0.652654757,1052.0,2979.0
0.9546861961086782,0.0,0.219920472,0.660790057,1052.0,2979.0
0.9032024859618291,0.0,0.221536987,0.660988226,1052.0,2979.0
0.8590235768812405,0.0,0.214590974,0.644031602,1052.0,2979.0
0.828571982777078,0.0,0.211762844,0.651061098,1052.0,2979.0
0.8026657840925129,0.0,0.183308627,0.612625388,1052.0,2979.0
0.797946257977487,0.0,0.157242153,0.571752693,1052.0,2979.0
0.7981397308572367,0.0,0.13796780549999998,0.5201740100000001,1052.0,2979.0
0.8017276397676383,0.0,0.132753025,0.510569586,1052.0,2979.0
0.8473854577495246,0.0,0.131755788,0.529812461,1052.0,2979.0
0.9174075983599072,0.0,0.13453436,0.549385713,1052.0,2979.0
0.9668009116464205,0.0,0.143559693,0.573153894,1052.0,2979.0
0.9938860450325779,0.003158726,0.156046179,0.605371069,1052.0,2979.0
0.9932750190536125,0.268223444,0.149747224,0.61955649,1052.0,2979.0
0.9830772159226289,0.491733553,0.128011082,0.64387443,1052.0,2979.0
0.9765927489602904,0.658968786,0.103871509,0.660404197,1052.0,2979.0
0.9703805572776796,0.762062405,0.119540051,0.650891363,1052.0,2979.0
0.9653450845156253,0.78793914,0.140738085,0.673858556,1052.0,2979.0
0.9628804831338548,0.746346954,0.158624415,0.701545448,1052.0,2979.0
0.9607955339266251,0.648326649,0.16632465,0.717567377,1052.0,2979.0
0.9664879198159813,0.489905874,0.174877646,0.735333834,1052.0,2979.0
0.9764231426206352,0.283714952,0.213611339,0.760009172,1052.0,2979.0
0.981168428267272,0.00959797,0.268523341,0.787287938,1052.0,2979.0
0.9771739530319441,0.0,0.315966833,0.810910508,1052.0,2979.0
0.9510335185200668,0.0,0.348713317,0.828962453,1052.0,2979.0
0.8986256063020337,0.0,0.385772564,0.843335858,1052.0,2979.0
0.8520306600863072,0.0,0.419138383,0.850310084,1052.0,2979.0
0.814210743650151,0.0,0.423126772,0.850198648,1052.0,2979.0
0.7828726170780371,0.0,0.437051427,0.860996592,1052.0,2979.0
0.7783505801530172,0.0,0.4472308335,0.8690240069999999,1052.0,2979.0
0.7804867713679875,0.0,0.4585890735,0.884233976,1052.0,2979.0
0.8295898978704895,0.0,0.484778987,0.892076516,1052.0,2979.0
0.9063045197588396,0.0,0.494767771,0.896829812,1052.0,2979.0
0.9569688190990991,0.0,0.503280701,0.899502461,1052.0,2979.0
0.985327062189149,0.001852012,0.506565393,0.902357254,1052.0,2979.0
0.9869908115046837,0.033515846,0.506892357,0.901989545,1052.0,2979.0
0.9791634354159829,0.086370702,0.467769133,0.901373001,1052.0,2979.0
0.973393309614534,0.145082177,0.374205101,0.887811415,1052.0,2979.0
0.9676984308886609,0.178477002,0.387351449,0.901247094,1052.0,2979.0
0.9605456027074709,0.152739112,0.38399445649999997,0.8874743855,1052.0,2979.0
0.9547694758047662,0.09980134,0.388945571,0.875006605,1052.0,2979.0
0.9553337841317645,0.08024465,0.402051166,0.847755873,1052.0,2979.0
0.9618429945346796,0.044441234,0.394161285,0.848496056,1052.0,2979.0
0.963449407947516,0.006191577,0.374191656,0.855060437,1052.0,2979.0
0.9607048685146884,0.0,0.361223499,0.861026321,1052.0,2979.0
0.9367067184499268,0.0,0.345331904,0.859092956,1052.0,2979.0
0.8867622072608505,0.0,0.330434716,0.853727797,1052.0,2979.0
0.842961288684729,0.0,0.30211635,0.851294319,1052.0,2979.0
0.8071351940637933,0.0,0.231554592,0.817875295,1052.0,2979.0
0.7779716666826237,0.0,0.237332824,0.818365471,1052.0,2979.0
0.7724933200713899,0.0,0.246579229,0.8154001625,1052.0,2979.0
0.7749630688523599,0.0,0.26559085950000005,0.8329838540000001,1052.0,2979.0
0.8230084866766654,0.0,0.270552573,0.828790921,1052.0,2979.0
0.9024510293086686,0.0,0.272121166,0.831298105,1052.0,2979.0
0.9562456141512541,0.0,0.268532731,0.816747932,1052.0,2979.0
0.985327062189149,0.002670587,0.267232052,0.799083267,1052.0,2979.0
0.9847333018040219,0.1743926,0.243902353,0.767744829,1052.0,2979.0
0.9712685671539254,0.323191167,0.220317493,0.742041073,1052.0,2979.0
0.9609672639164264,0.454841473,0.173072317,0.708502663,1052.0,2979.0
0.9546466792479681,0.52799952,0.212175338,0.711693586,1052.0,2979.0
0.9500548425690721,0.531866754,0.221396978,0.706835909,1052.0,2979.0
0.9475285665162337,0.527752869,0.221407865,0.692635089,1052.0,2979.0
0.9452627464767664,0.487176739,0.217054498,0.665205812,1052.0,2979.0
0.9482740220681384,0.362670455,0.189490968,0.622377206,1052.0,2979.0
0.9573542881131165,0.22675002,0.170733225,0.569951644,1052.0,2979.0
0.9667587176874144,0.018419634,0.170086363,0.520350752,1052.0,2979.0
0.9717109100905683,0.0,0.173101785,0.480497647,1052.0,2979.0
0.9476238484148335,0.0,0.171696023,0.458888798,1052.0,2979.0
0.8989101615025661,0.0,0.163446595,0.439756763,1052.0,2979.0
0.8526556276561513,0.0,0.154804507,0.419298858,1052.0,2979.0
0.8171510188034273,0.0,0.14994338,0.387760965,1052.0,2979.0
0.7745739066490124,0.0,0.14415258,0.357257058,1052.0,2979.0
0.7694235784825947,0.0,0.14611721,0.330436742,1052.0,2979.0
0.7682187450588389,0.0,0.152540655,0.289030125,1052.0,2979.0
0.7655212924643491,0.0,0.144084591,0.25364128,1052.0,2979.0
0.7695651863111777,0.0,0.121996498,0.20666496750000002,1052.0,2979.0
0.7679439769425944,0.0,0.12028669,0.167778765,1052.0,2979.0
0.7801845817186525,0.0,0.125695549,0.148946176,1052.0,2979.0
0.8177188353951645,0.002702579,0.125726362,0.140868606,1052.0,2979.0
0.8447025929877648,0.04534787,0.113642868,0.121170007,1052.0,2979.0
0.8548939337002323,0.09357067,0.09278692,0.097668797,1052.0,2979.0
0.8507576431761167,0.154401454,0.067303192,0.081808325,1052.0,2979.0
0.8445865372305879,0.207824523,0.061075964,0.07149354,1052.0,2979.0
0.837991738225441,0.2124453985,0.0544742675,0.0529921105,1052.0,2979.0
0.8366015570047434,0.191784184,0.064701807,0.040220219,1052.0,2979.0
0.8434788786969478,0.142564412,0.072865466,0.037867832,1052.0,2979.0
0.859542644301754,0.103978907,0.083139065,0.040270267,1052.0,2979.0
0.8677675844006854,0.01885636,0.094971161,0.048998202,1052.0,2979.0
0.868359960834032,0.0,0.097764162,0.066478524,1052.0,2979.0
0.8426298776358949,0.0,0.0915538065,0.112881654,1052.0,2979.0
0.8069805447432389,0.0,0.081288667,0.169835506,1052.0,2979.0
0.775785802999097,0.0,0.062358172,0.179579338,1052.0,2979.0
0.7823271438840613,0.0,0.064416869,0.194161549,1052.0,2979.0
0.7743774328872286,0.0,0.06998583850000001,0.22319649949999998,1052.0,2979.0
0.7720648262633298,0.0,0.07427637249999999,0.263788233,1052.0,2979.0
0.7786891926559205,0.0,0.0736275275,0.259244728,1052.0,2979.0
0.7866229772708754,0.0,0.077187953,0.279392096,1052.0,2979.0
0.8242792884686323,0.004004922,0.083330725,0.285137299,1052.0,2979.0
0.8462884174666154,0.163598925,0.080416902,0.269735505,1052.0,2979.0
0.8530653794562969,0.307384471,0.056208722,0.252445524,1052.0,2979.0
0.8491961929514719,0.424246555,0.046267716,0.25778743,1052.0,2979.0
0.8431272939659433,0.510401324,0.056321046,0.267608934,1052.0,2979.0
0.8360645777485401,0.521057216,0.062100509,0.283823361,1052.0,2979.0
0.833351521893098,0.435277965,0.065746893,0.28972451,1052.0,2979.0
0.8342675070819904,0.35259845,0.067554295,0.281829605,1052.0,2979.0
0.841640445237835,0.269505004,0.066604392,0.264540026,1052.0,2979.0
0.8582129377307167,0.154206169,0.082771484,0.297097968,1052.0,2979.0
0.8624749789654077,0.022298392,0.119489962,0.316859412,1052.0,2979.0
0.864378780947731,0.0,0.15016426,0.357156131,1052.0,2979.0
0.8382354840815602,0.0,0.1775510715,0.435002181,1052.0,2979.0
0.8013533424525017,0.0,0.184681897,0.467216744,1052.0,2979.0
0.7734969939828288,0.0,0.178487207,0.46291698,1052.0,2979.0
0.7903391761252198,0.0,0.165907481,0.420609118,1052.0,2979.0
0.7882409315689631,0.0,0.15417990999999998,0.39059758450000004,1052.0,2979.0
0.7897279652216629,0.0,0.1344607625,0.35914366600000003,1052.0,2979.0
0.8386772732386474,0.0,0.117035969,0.321187793,1052.0,2979.0
0.9123143283778944,0.0,0.106218297,0.310416004,1052.0,2979.0
0.9619295054400256,0.0,0.094255286,0.300727645,1052.0,2979.0
0.9894271605183266,0.00529479,0.083649869,0.295874996,1052.0,2979.0
0.9889747541047268,0.081507294,0.068678981,0.289387863,1052.0,2979.0
0.9815754095126078,0.177534132,0.040187556,0.272585242,1052.0,2979.0
0.9773263865714626,0.288021429,0.025146625,0.216968015,1052.0,2979.0
0.9715534908780162,0.383539192,0.018096411,0.182669173,1052.0,2979.0
0.9682478743274481,0.431281825,0.016315088,0.17525153,1052.0,2979.0
0.9651511039217643,0.435971707,0.014673108,0.154650766,1052.0,2979.0
0.9642966091421606,0.380539118,0.013740965,0.141164375,1052.0,2979.0
0.9668981329333871,0.278597578,0.011986416,0.127809963,1052.0,2979.0
0.9752892632381241,0.151773246,0.014797767,0.115918432,1052.0,2979.0
0.9763108715208662,0.016622442,0.020285738,0.107663447,1052.0,2979.0
0.9742665467334582,0.0,0.026446333,0.105027611,1052.0,2979.0
0.9487560661272707,0.0,0.031679435,0.103132296,1052.0,2979.0
0.8956441532807858,0.0,0.033466029,0.102856154,1052.0,2979.0
0.8503242554945064,0.0,0.034249133,0.110163672,1052.0,2979.0
0.8155049970618033,0.0,0.025224809,0.094818783,1052.0,2979.0
0.7867201057641402,0.0,0.026956764,0.092582075,1052.0,2979.0
0.7865260327079835,0.0,0.029709555999999998,0.071215573,1052.0,2979.0
0.7947831032889643,0.0,0.04171672,0.08125349400000001,1052.0,2979.0
0.8444016040226493,0.0,0.054049332,0.104091096,1052.0,2979.0
0.9136839209960123,0.0,0.059239206,0.111027255,1052.0,2979.0
0.9624738710748897,0.0,0.065297444,0.127662685,1052.0,2979.0
0.9908460557558182,0.006315456,0.069751922,0.135277314,1052.0,2979.0
0.9927967603147,0.176987806,0.059471902,0.137495654,1052.0,2979.0
0.9823567808667818,0.339067263,0.043058492,0.122551246,1052.0,2979.0
0.9748702791274648,0.486355123,0.047168617,0.145182084,1052.0,2979.0
0.969243815872281,0.546147516,0.049817604,0.141475702,1052.0,2979.0
0.9652390922354052,0.554185487,0.054999635,0.141770425,1052.0,2979.0
0.9611696469799823,0.459224147,0.063068754,0.143080928,1052.0,2979.0
0.9593151482798447,0.35862107,0.077008148,0.150529615,1052.0,2979.0
0.9651895118977382,0.252498433,0.091765297,0.181174521,1052.0,2979.0
0.9735836898127663,0.155094878,0.114875813,0.236792298,1052.0,2979.0
0.9793864995444144,0.021673075,0.157671417,0.315370184,1052.0,2979.0
0.9781922379745385,0.0,0.182138794,0.38014477,1052.0,2979.0
0.9554026602569018,0.0,0.194796075,0.417852424,1052.0,2979.0
0.9039279988215994,0.0,0.189147963,0.388317048,1052.0,2979.0
0.8602212545849657,0.0,0.178137254,0.346012861,1052.0,2979.0
0.8279752669125494,0.0,0.149052082,0.308085138,1052.0,2979.0
0.8015809309367066,0.0,0.140316132,0.259503468,1052.0,2979.0
0.7962738758650332,0.0,0.1384675255,0.2065624485,1052.0,2979.0
0.7984482447287535,0.0,0.149818278,0.1461137485,1052.0,2979.0
0.8461506645535286,0.0,0.15170622,0.119092816,1052.0,2979.0
0.9162521139523757,0.0,0.148702473,0.107721124,1052.0,2979.0
0.966094048995081,0.0,0.145822054,0.093562681,1052.0,2979.0
0.993682277354429,0.008955345,0.145163037,0.090091642,1052.0,2979.0
0.9937999033136025,0.219377438,0.125016018,0.079602215,1052.0,2979.0
0.9828238679068133,0.407729096,0.110299916,0.066601404,1052.0,2979.0
0.9791516174752504,0.539534887,0.085371894,0.055817304,1052.0,2979.0
0.9713158389168546,0.644921954,0.097359347,0.052107075,1052.0,2979.0
0.9677383169357417,0.67900477,0.124740627,0.053539372,1052.0,2979.0
0.9649054193400904,0.591169313,0.153509254,0.062527949,1052.0,2979.0
0.9636287085777572,0.488110913,0.174534363,0.074833135,1052.0,2979.0
0.9671916433889521,0.349747847,0.191554779,0.09662928,1052.0,2979.0
0.976579268686672,0.216963495,0.198746104,0.124992866,1052.0,2979.0
0.9830552417112381,0.044061234,0.239077958,0.159804893,1052.0,2979.0
0.9808648543347501,0.0,0.267718536,0.190070604,1052.0,2979.0
0.9590232073634638,0.0,0.277922955,0.204009528,1052.0,2979.0
0.9077933993433923,0.0,0.28441268,0.207612578,1052.0,2979.0
0.8647720055267795,0.0,0.28004309,0.205837652,1052.0,2979.0
0.8298187788383975,0.0,0.2288806,0.229558574,1052.0,2979.0
0.8043408893687074,0.0,0.246774756,0.213450342,1052.0,2979.0
0.7996394593511504,0.0,0.263684529,0.19784146,1052.0,2979.0
0.8009496848787198,0.0,0.27680800699999997,0.1957172275,1052.0,2979.0
0.8475963347508532,0.0,0.290456891,0.208192756,1052.0,2979.0
0.918246582009448,0.0,0.302589857,0.228107966,1052.0,2979.0
0.9669834434859196,0.0,0.30702177,0.246149944,1052.0,2979.0
0.9938860450325779,0.011346189,0.303004384,0.257900756,1052.0,2979.0
0.9931729042245019,0.195536843,0.309585909,0.248006027,1052.0,2979.0
0.9856906497854772,0.342675537,0.31413321,0.224411469,1052.0,2979.0
0.9798926408022715,0.47077624,0.272299785,0.184436543,1052.0,2979.0
0.9735904292867632,0.531342763,0.302897482,0.177766074,1052.0,2979.0
0.9701604473030251,0.543475219,0.345968105,0.188044241,1052.0,2979.0
0.9677661073237969,0.47956201,0.380091136,0.204848329,1052.0,2979.0
0.9671475107043914,0.404202184,0.387066285,0.233744115,1052.0,2979.0
0.9705147097951377,0.307928221,0.379192385,0.277904155,1052.0,2979.0
0.9812171774384959,0.207697176,0.342598539,0.321962156,1052.0,2979.0
0.9865846607629789,0.043752494,0.36153852,0.366811305,1052.0,2979.0
0.9819401046680477,0.0,0.37739295,0.399048586,1052.0,2979.0
0.959336199193903,0.0,0.370752577,0.420790122,1052.0,2979.0
0.9082460834752852,0.0,0.36165469,0.439367683,1052.0,2979.0
0.8647720055267795,0.0,0.344426066,0.436187563,1052.0,2979.0
0.8302898354604283,0.0,0.294837228,0.434828777,1052.0,2979.0
0.8017749121933797,0.0,0.2800985585,0.4152557045,1052.0,2979.0
0.8004994939147497,0.0,0.277497016,0.3979612335,1052.0,2979.0
0.8035430835871381,0.0,0.277586709,0.377321696,1052.0,2979.0
0.8488128475876008,0.0,0.284953939,0.386735232,1052.0,2979.0
0.9195147981711964,0.0,0.291961377,0.398241845,1052.0,2979.0
0.9672285746194437,0.0,0.307582003,0.41007857,1052.0,2979.0
0.9930506624414775,0.014190873,0.317839796,0.422211754,1052.0,2979.0
0.9957905853876425,0.199506801,0.336253315,0.445450564,1052.0,2979.0
0.9868683847970682,0.344626556,0.363244434,0.472992091,1052.0,2979.0
0.9852949323699118,0.453884862,0.226699056,0.423020847,1052.0,2979.0
0.9814049726693217,0.510598963,0.253523979,0.428731604,1052.0,2979.0
0.97971689483362,0.5901861685,0.29693873,0.468195983,1052.0,2979.0
0.9770429395928544,0.567003993,0.327424835,0.497891495,1052.0,2979.0
0.9802240985793624,0.48301614,0.344924685,0.513939763,1052.0,2979.0
0.9874624222376764,0.300103257,0.340238117,0.532223231,1052.0,2979.0
0.9899358874064024,0.060773198,0.387315159,0.572051349,1052.0,2979.0
0.9863938192474861,0.0,0.410727952,0.613625476,1052.0,2979.0
0.9635956554611875,0.0,0.418883129,0.662737524,1052.0,2979.0
0.9104337009597755,0.0,0.417472474,0.685796791,1052.0,2979.0
0.8674488685244715,0.0,0.413243168,0.696512183,1052.0,2979.0
0.8325681196824796,0.0,0.329837029,0.684952027,1052.0,2979.0
0.7922502252956511,0.0,0.34641414299999995,0.6930668885,1052.0,2979.0
0.784287403874383,0.0,0.36343465399999997,0.7192810355,1052.0,2979.0
0.7842407322878605,0.0,0.381525529,0.752223424,1052.0,2979.0
0.7891421443319401,0.0,0.421718453,0.797949853,1052.0,2979.0
0.7944309647784039,0.0,0.469524375,0.83817731,1052.0,2979.0
0.8284161331037099,0.02222302,0.493642632,0.863370459,1052.0,2979.0
0.8548391834277527,0.246003805,0.477773648,0.873884327,1052.0,2979.0
0.8634699044192061,0.398675826,0.557054157,0.885435844,1052.0,2979.0
0.8602522768450911,0.522908577,0.499997201,0.86516371,1052.0,2979.0
0.8576004343434567,0.598799947,0.528318433,0.857402185,1052.0,2979.0
0.8526128802489954,0.637034725,0.550807218,0.845400907,1052.0,2979.0
0.8508453544342763,0.629814875,0.5745948,0.835037173,1052.0,2979.0
0.8535730902533383,0.573650238,0.593133523,0.833181776,1052.0,2979.0
0.8625992522676883,0.478756088,0.594938453,0.831618321,1052.0,2979.0
0.8801952917688668,0.307725637,0.562987486,0.842247411,1052.0,2979.0
0.8820728722395069,0.068040729,0.573468452,0.856469537,1052.0,2979.0
0.879470702206429,0.0,0.586092852,0.856152304,1052.0,2979.0
0.8541788541666013,0.0,0.578419301,0.8316762725,1052.0,2979.0
0.8185968739253432,0.0,0.54629873,0.781242877,1052.0,2979.0
0.7872987248683876,0.0,0.425973542,0.705410591,1052.0,2979.0
0.7959272307416174,0.0,0.417755485,0.681270366,1052.0,2979.0
0.786936060900798,0.0,0.397736882,0.638433903,1052.0,2979.0
0.7851075527223075,0.0,0.3674230495,0.5761120805,1052.0,2979.0
0.7887488272905958,0.0,0.34302602449999997,0.573202846,1052.0,2979.0
0.7949434769866996,0.0,0.32865369,0.580509659,1052.0,2979.0
0.8301268771266928,0.031273434,0.324955054,0.600596173,1052.0,2979.0
0.8550896687578687,0.276700482,0.32359074,0.615776676,1052.0,2979.0
0.8670812192152544,0.462916177,0.311852959,0.614478051,1052.0,2979.0
0.8662823980054629,0.606595271,0.236367516,0.586813595,1052.0,2979.0
0.8643207988031812,0.696458899,0.242074733,0.559918513,1052.0,2979.0
0.863436666378045,0.70699726,0.253283938,0.548491115,1052.0,2979.0
0.8628061590242054,0.679961364,0.268916571,0.574703922,1052.0,2979.0
0.864781884741957,0.583800579,0.290954283,0.625742552,1052.0,2979.0
0.8735496209365683,0.438624398,0.314367932,0.690877281,1052.0,2979.0
0.8876555726593127,0.268135726,0.316700833,0.76263957,1052.0,2979.0
0.8879681946405691,0.065729057,0.313744285,0.809812321,1052.0,2979.0
0.8845707123252508,0.0,0.338821308,0.840195693,1052.0,2979.0
0.8686319583954665,0.0,0.350166152,0.849281599,1052.0,2979.0
0.8494674528029774,0.0,0.347376822,0.844011066,1052.0,2979.0
0.8225393687801893,0.0,0.34091786,0.833995755,1052.0,2979.0
0.7903214485513091,0.0,0.315154779,0.815044755,1052.0,2979.0
0.8089487452231832,0.0,0.30277742399999996,0.8150571035,1052.0,2979.0
0.8061828314239654,0.0,0.28799303200000004,0.8055073385,1052.0,2979.0
0.8090091734759928,0.0,0.274584328,0.778860401,1052.0,2979.0
0.852951723741935,0.0,0.278453856,0.759811343,1052.0,2979.0
0.9207772902871701,0.0,0.276662048,0.740542636,1052.0,2979.0
0.9693146313857854,0.0,0.281139538,0.722329863,1052.0,2979.0
0.9955900489187517,0.037470778,0.296586252,0.708695763,1052.0,2979.0
0.9966701013261157,0.249580789,0.362749596,0.70381531,1052.0,2979.0
0.9897650807139335,0.39238353,0.400123031,0.715665017,1052.0,2979.0
0.9874616838649353,0.468456455,0.328479409,0.667870273,1052.0,2979.0
0.9857430921460315,0.478277407,0.360515045,0.646398096,1052.0,2979.0
0.9864251185630927,0.480122615,0.4108201,0.668396491,1052.0,2979.0
0.9870478703519009,0.416435572,0.459715883,0.689865022,1052.0,2979.0
0.9870541485086376,0.360248746,0.477665199,0.688380765,1052.0,2979.0
0.9901007851285049,0.271904581,0.476107483,0.687442899,1052.0,2979.0
0.9958771890866904,0.182441285,0.418313114,0.6944052,1052.0,2979.0
0.996141616007685,0.060145495,0.353474903,0.712219202,1052.0,2979.0
0.9929431920901507,0.0,0.317054685,0.731500866,1052.0,2979.0
0.9703271916197926,0.0,0.296468347,0.741756655,1052.0,2979.0
0.917155450696905,0.0,0.280386622,0.749367495,1052.0,2979.0
0.8730886271286822,0.0,0.263565927,0.735722998,1052.0,2979.0
0.8380698476553105,0.0,0.222747825,0.72828981,1052.0,2979.0
0.8144288227683609,0.0,0.210386301,0.73103878,1052.0,2979.0
0.808866804076243,0.0,0.204733073,0.716768214,1052.0,2979.0
0.8081419374583241,0.0,0.19918332500000002,0.6830787620000001,1052.0,2979.0
0.8126574188397202,0.0,0.19144858,0.640869594,1052.0,2979.0
0.8546250745543539,0.0,0.189437401,0.622899916,1052.0,2979.0
0.9207536544057056,0.0,0.186921233,0.6089112,1052.0,2979.0
0.9664718545749565,0.0,0.185656833,0.60267165,1052.0,2979.0
0.9945009491254653,0.031411481,0.187300807,0.59872695,1052.0,2979.0
0.9985626388158566,0.230528288,0.18750375,0.592031628,1052.0,2979.0
0.9913315159487998,0.399429051,0.18427213,0.581796864,1052.0,2979.0
0.9892498907445297,0.539240262,0.135190922,0.517452681,1052.0,2979.0
0.9865264022257602,0.603313969,0.165236706,0.496271843,1052.0,2979.0
0.9857685746221612,0.633283904,0.195433668,0.500174524,1052.0,2979.0
0.9870775994655109,0.604135496,0.211578717,0.50767185,1052.0,2979.0
0.9873120202174145,0.52051575,0.230076264,0.529400454,1052.0,2979.0
0.9901007851285049,0.358603778,0.252620919,0.565289665,1052.0,2979.0
0.9958771890866904,0.187820495,0.261795441,0.605156895,1052.0,2979.0
0.9970275950274864,0.053617391,0.253625831,0.648596786,1052.0,2979.0
0.9934454565597105,0.0,0.264440258,0.680745425,1052.0,2979.0
0.9702336635221565,0.0,0.276438229,0.698763816,1052.0,2979.0
0.9180989498811838,0.0,0.28546603,0.713511308,1052.0,2979.0
0.8737863496003972,0.0,0.287770733,0.728562905,1052.0,2979.0
0.8381991994243264,0.0,0.280499292,0.719002682,1052.0,2979.0
0.8146976812514272,0.0,0.265236013,0.725436246,1052.0,2979.0
0.8094878014012756,0.0,0.258110882,0.73563502,1052.0,2979.0
0.8104288077490376,0.0,0.2466964385,0.7582193165,1052.0,2979.0
0.813305191787398,0.0,0.249892965,0.768976247,1052.0,2979.0
0.8551866129893544,0.0,0.261913812,0.778035623,1052.0,2979.0
0.922007282734724,0.0,0.279257797,0.795358604,1052.0,2979.0
0.9673185016586393,0.0,0.303670449,0.820791327,1052.0,2979.0
0.9952502827912916,0.066228966,0.324342709,0.844908407,1052.0,2979.0
0.9969683203992334,0.331549694,0.33676561,0.868209439,1052.0,2979.0
0.992459948341017,0.519344457,0.350364198,0.881109936,1052.0,2979.0
0.9911741895299493,0.630142967,0.31887413,0.908332063,1052.0,2979.0
0.9900465883041749,0.683536215,0.342643215,0.911927829,1052.0,2979.0
0.9883857938052295,0.702266656,0.355785345,0.909581799,1052.0,2979.0
0.9884167239344654,0.685201274,0.366057046,0.90567823,1052.0,2979.0
0.988632955795198,0.641478578,0.39832683,0.909088094,1052.0,2979.0
0.9917977724852006,0.509340053,0.442720168,0.915658978,1052.0,2979.0
0.999244573102028,0.335244151,0.485616757,0.920268133,1052.0,2979.0
1.0,0.098358449,0.499008483,0.923696811,1052.0,2979.0
0.9952710559870567,0.0,0.556769711,0.927071653,1052.0,2979.0
0.9720761593569702,0.0,0.606991172,0.927864185,1052.0,2979.0
0.9193421448840626,0.0,0.639671125,0.929021278,1052.0,2979.0
0.874741481800817,0.0,0.651696543,0.926642362,1052.0,2979.0
0.8384730435804261,0.0,0.574151798,0.925827211,1052.0,2979.0
0.7890403529551614,0.0,0.590653142,0.9078722695,1060.0,3001.5
0.7846426353978668,0.0,0.5967508695,0.8811333685,1068.0,3024.0
0.7868467797720481,0.0,0.580650175,0.870244427,1068.0,3024.0
0.8267728805912716,0.0,0.575403783,0.87088445,1068.0,3024.0
0.8949696053732749,0.0,0.584330368,0.879536362,1068.0,3024.0
0.9418795749386971,0.0,0.591560726,0.88180207,1068.0,3024.0
0.9712906334962057,0.05487457,0.570266649,0.884489427,1068.0,3024.0
0.9812201315922727,0.238617639,0.555804808,0.888666969,1068.0,3024.0
0.9808765794817806,0.399297156,0.540535138,0.889851486,1068.0,3024.0
0.9795390252148226,0.557547806,0.440900495,0.897738241,1068.0,3024.0
0.9788828504602618,0.671707517,0.467579119,0.899756459,1068.0,3024.0
0.9792826302515283,0.7146008315,0.5049411850000001,0.8987543090000001,1068.0,3024.0
0.9794780889164959,0.634300851,0.5404319,0.905216683,1068.0,3024.0
0.9816106790730253,0.504793011,0.562942351,0.91205242,1068.0,3024.0
0.9872624398797477,0.326038462,0.56104153,0.917363318,1068.0,3024.0
0.9878417058886588,0.097362745,0.592317139,0.92564704,1068.0,3024.0
0.9819319799166458,0.0,0.613700127,0.92599679,1068.0,3024.0
0.9479252993600212,0.0,0.610418189,0.920284243,1068.0,3024.0
0.8863045381187362,0.0,0.597654786,0.908126903,1068.0,3024.0
0.8409817783095695,0.0,0.576866363,0.891228903,1068.0,3024.0
0.8073914041024963,0.0,0.482334998,0.875896584,1068.0,3024.0
0.7942727143994087,0.0,0.484655874,0.838283182,1068.0,3024.0
0.7845859460684264,0.0,0.4635059655,0.7819964294999999,1068.0,3024.0
0.7858065209494689,0.0,0.438006541,0.7582745795,1068.0,3024.0
0.8281842051883231,0.0,0.431511352,0.743121214,1068.0,3024.0
0.896184640801728,0.0,0.435274453,0.737543128,1068.0,3024.0
0.9453557211262529,0.0,0.44158988,0.737227837,1068.0,3024.0
0.9754060580308546,0.07672545,0.426985074,0.743903622,1068.0,3024.0
0.9804115239610057,0.270085677,0.397212325,0.758117267,1068.0,3024.0
0.9803174417524074,0.435255481,0.371710866,0.7724325,1068.0,3024.0
0.9798955956188607,0.565372371,0.291871386,0.802212017,1068.0,3024.0
0.9781053572200095,0.649485211,0.305226163,0.824015021,1068.0,3024.0
0.979040269672814,0.686490899,0.308151524,0.848584394,1068.0,3024.0
0.9790391614508901,0.665162429,0.308205169,0.865927452,1068.0,3024.0
0.979510772846695,0.565577601,0.306797366,0.884379149,1068.0,3024.0
0.981643270872335,0.420123899,0.297337489,0.895740734,1068.0,3024.0
0.9870355904310961,0.250620462,0.283773309,0.907368632,1068.0,3024.0
0.9878536159602807,0.066329476,0.282182843,0.913552861,1068.0,3024.0
0.9819319799166458,0.0,0.299320076,0.915152727,1068.0,3024.0
0.9484712345340695,0.0,0.305113341,0.910700181,1068.0,3024.0
0.8858764131656406,0.0,0.303571079,0.901278871,1068.0,3024.0
0.8409057000675507,0.0,0.288895343,0.882643292,1068.0,3024.0
0.8071495048410423,0.0,0.253298467,0.829464554,1068.0,3024.0
0.7788876518715162,0.0,0.233782877,0.793878846,1068.0,3024.0
0.768205172654331,0.0,0.227423414,0.774209496,1068.0,3024.0
0.7645839335718787,0.0,0.225587344,0.7321480785,1068.0,3024.0
0.7642421816592008,0.0,0.225603123,0.714258539,1068.0,3024.0
0.7642870066510581,0.0,0.2465272735,0.720792374,1068.0,3024.0
0.7627801691653706,0.0,0.269474081,0.726655651,1068.0,3024.0
0.7963558170119733,0.07590293,0.278930097,0.725922624,1068.0,3024.0
0.8250749699372433,0.263592078,0.233888723,0.707770481,1068.0,3024.0
0.8410347741182737,0.412339417,0.210769416,0.682534524,1068.0,3024.0
0.8420693085636718,0.557606943,0.191773052,0.650261736,1068.0,3024.0
0.8418317487333998,0.676230664,0.195459103,0.621910747,1068.0,3024.0
0.8390715132459181,0.730072425,0.207479481,0.612356783,1068.0,3024.0
0.8368868499152049,0.685758183,0.214519301,0.622577057,1068.0,3024.0
0.8374182900502247,0.582620977,0.227776219,0.670928738,1068.0,3024.0
0.8450938788412586,0.454888291,0.240374142,0.716049225,1068.0,3024.0
0.8633017754878457,0.285069388,0.240322196,0.755856074,1068.0,3024.0
0.8653473006280672,0.090535744,0.277935985,0.802351767,1068.0,3024.0
0.8628339500750728,0.0,0.296623321,0.825038973,1068.0,3024.0
0.8391568244612628,0.0,0.304287943,0.833337459,1068.0,3024.0
0.7980925512251971,0.0,0.2935330305,0.794966976,1068.0,3024.0
0.7532288922324005,0.0,0.290333492,0.726878213,1068.0,3024.0
0.773286717157907,0.0,0.27929159400000003,0.6924273135000001,1068.0,3024.0
0.7637148738265643,0.0,0.273908849,0.67114209,1068.0,3024.0
0.7679137629818926,0.0,0.2651048185,0.656231754,1068.0,3024.0
0.760764465932461,0.0,0.26511006,0.660122222,1068.0,3024.0
0.7655203691670164,0.0,0.268716965,0.667726148,1068.0,3024.0
0.8002442993042689,0.070828109,0.268131768,0.67015493,1068.0,3024.0
0.8231358069264247,0.25076797,0.214090275,0.652833619,1068.0,3024.0
0.832329913610356,0.431787274,0.162174475,0.619571171,1068.0,3024.0
0.82586049646082,0.578437177,0.124054898,0.546514638,1068.0,3024.0
0.8183599603369229,0.675670142,0.128944487,0.514342726,1068.0,3024.0
0.8134058292082141,0.736853649,0.141597868,0.527400847,1068.0,3024.0
0.8058550671676108,0.686921476,0.154810509,0.549612424,1068.0,3024.0
0.8057146364934158,0.610958525,0.185114217,0.60098978,1068.0,3024.0
0.8141165693106631,0.462141964,0.216931934,0.643995102,1068.0,3024.0
0.8368126182678512,0.284851816,0.29513902,0.702973122,1068.0,3024.0
0.8420948838335034,0.07964638,0.398210464,0.766403409,1068.0,3024.0
0.8425497830836199,0.0,0.458577002,0.806515798,1068.0,3024.0
0.8074853938487989,0.0,0.4667264825,0.8223942475,1068.0,3024.0
0.7665395310100925,0.0,0.455345801,0.835675943,1068.0,3024.0
0.7322388322837917,0.0,0.401703943,0.835510446,1068.0,3024.0
0.7642804517702464,0.0,0.388869276,0.859439933,1068.0,3024.0
0.7560042925305938,0.0,0.367691585,0.8799225534999999,1068.0,3024.0
0.7564074881243035,0.0,0.337911697,0.890005078,1068.0,3024.0
0.8043460599663323,0.0,0.304073778,0.886547002,1068.0,3024.0
0.8849210039097399,0.0,0.285252852,0.884011595,1068.0,3024.0
0.9395886422722828,0.0,0.275256049,0.87100764,1068.0,3024.0
0.9677171738907937,0.039957405,0.253182709,0.847870476,1068.0,3024.0
0.9683181363928025,0.192072519,0.226436296,0.818401574,1068.0,3024.0
0.9566120637704698,0.336190224,0.165610249,0.780307737,1068.0,3024.0
0.9486758327158491,0.508672056,0.119420826,0.673310705,1068.0,3024.0
0.9423958724672129,0.618667235,0.120736552,0.629737906,1068.0,3024.0
0.9311122928830905,0.654851449,0.12803489,0.5934851,1068.0,3024.0
0.9239404446442867,0.620939883,0.117065,0.548566749,1068.0,3024.0
0.9185536648695211,0.526244587,0.110396151,0.493708441,1068.0,3024.0
0.9207107220739583,0.39557458,0.111983546,0.419713332,1068.0,3024.0
0.9329207195103002,0.264052381,0.140165879,0.357525479,1068.0,3024.0
0.9448634286655724,0.092273757,0.198120837,0.311961458,1068.0,3024.0
0.9500411780336747,0.0,0.240427914,0.304914468,1068.0,3024.0
0.9217465490030597,0.0,0.249916736,0.3378799,1068.0,3024.0
0.8649931309296562,0.0,0.234508878,0.386181709,1068.0,3024.0
0.8211833485665794,0.0,0.213209399,0.422768097,1068.0,3024.0
0.7830938346118035,0.0,0.184825454,0.440709985,1068.0,3024.0
0.7653044607586156,0.0,0.164138313,0.416998122,1068.0,3024.0
0.7593707297187674,0.0,0.15631761,0.424843031,1068.0,3024.0
0.7566755625005896,0.0,0.1403667655,0.4271406585,1068.0,3024.0
0.7597124352345943,0.0,0.131394585,0.395671721,1068.0,3024.0
0.8067205493843158,0.0,0.133140396,0.400669063,1068.0,3024.0
0.8858776135184542,0.0,0.133240981,0.417488454,1068.0,3024.0
0.940168368935642,0.0,0.128574035,0.436773101,1068.0,3024.0
0.9676054569019867,0.076077571,0.117478436,0.463653552,1068.0,3024.0
0.9683181363928025,0.235593094,0.090129595,0.464259709,1068.0,3024.0
0.9566120637704698,0.36269504,0.055829728,0.429929388,1068.0,3024.0
0.9486758327158491,0.465671575,0.042002169,0.350178091,1068.0,3024.0
0.9450709816639413,0.529752032,0.045524074,0.345201303,1068.0,3024.0
0.9416847631783933,0.505211564,0.054275899,0.360182486,1068.0,3024.0
0.9364636188356593,0.448637465,0.059902942,0.36583288,1068.0,3024.0
0.9347348708460969,0.363701182,0.0654559,0.37326436,1068.0,3024.0
0.9396120010982663,0.261495934,0.069040035,0.37665744,1068.0,3024.0
0.9478871677767162,0.150556075,0.08352481,0.394609086,1068.0,3024.0
0.9548782379769843,0.04895961,0.104486641,0.402874087,1068.0,3024.0
0.9507617052204115,0.0,0.116205018,0.389253435,1068.0,3024.0
0.9219762604745985,0.0,0.115444478,0.350855933,1068.0,3024.0
0.866265871447178,0.0,0.110241367,0.297091615,1068.0,3024.0
0.8212487164269776,0.0,0.105618855,0.258428491,1068.0,3024.0
0.7814111580323568,0.0,0.11747776,0.287236959,1068.0,3024.0
0.7614901633854168,0.0,0.11220422199999999,0.23412459549999998,1068.0,3024.0
0.7552827956496735,0.0,0.110532605,0.2023971505,1068.0,3024.0
0.7567448316733351,0.0,0.112988717,0.178224863,1068.0,3024.0
0.8038557983620963,0.0,0.120909858,0.171743914,1068.0,3024.0
0.8816349615277477,0.0,0.1342223,0.172934902,1068.0,3024.0
0.9393726868042188,0.0,0.144308879,0.184216689,1068.0,3024.0
0.9674080595114642,0.043555992,0.147760781,0.192836352,1068.0,3024.0
0.9690319234427303,0.125803517,0.139697339,0.206088948,1068.0,3024.0
0.9604576137310181,0.221197458,0.145335029,0.215119943,1068.0,3024.0
0.9546985674975603,0.283289673,0.166835451,0.227322823,1068.0,3024.0
0.9512832654774418,0.340120078,0.186647726,0.224256996,1068.0,3024.0
0.9490809680293317,0.422564037,0.203627472,0.209692383,1068.0,3024.0
0.9484798206027316,0.39855433,0.205985303,0.191275088,1068.0,3024.0
0.9478092429400322,0.309454107,0.209563459,0.171998941,1068.0,3024.0
0.9528641964141483,0.247402475,0.203819559,0.161282957,1068.0,3024.0
0.961530926001573,0.175850892,0.193574024,0.157405162,1068.0,3024.0
0.9626063619222741,0.075362834,0.203862166,0.155771522,1068.0,3024.0
0.9599751083546255,0.0,0.22795523,0.180313349,1068.0,3024.0
0.9278682588727009,0.0,0.256349338,0.205866562,1068.0,3024.0
0.867066169402452,0.0,0.282120484,0.238747884,1068.0,3024.0
0.8216381556858063,0.0,0.308762356,0.26887252,1068.0,3024.0
0.7830011376806101,0.0,0.285863903,0.291208042,1068.0,3024.0
0.7648740278935945,0.0,0.31991066,0.312485294,1068.0,3024.0
0.7565087260529323,0.0,0.35408426849999997,0.3520921895,1068.0,3024.0
0.7570676559906949,0.0,0.37645753400000004,0.41585198749999996,1068.0,3024.0
0.8043460599663323,0.0,0.381973557,0.46707679,1068.0,3024.0
0.8842235591563178,0.0,0.389319145,0.517867786,1068.0,3024.0
0.9386508671337788,0.0,0.396185517,0.556415329,1068.0,3024.0
0.9643987233084591,0.059205889,0.386935733,0.57849347,1068.0,3024.0
0.9642921769172771,0.180953095,0.392352001,0.614741074,1068.0,3024.0
0.955340431474872,0.312561868,0.428237691,0.634977848,1068.0,3024.0
0.9500108020154009,0.407764799,0.398037319,0.639120134,1068.0,3024.0
0.9484141756868523,0.450120258,0.446819454,0.672272611,1068.0,3024.0
0.9483141845078878,0.451917022,0.471661366,0.718746411,1068.0,3024.0
0.9462152937097796,0.448186684,0.462882158,0.752063395,1068.0,3024.0
0.9444898697231771,0.382399299,0.437249557,0.762651203,1068.0,3024.0
0.9447282607198921,0.29174368,0.390969747,0.756058324,1068.0,3024.0
0.9520347227934143,0.204604061,0.390075016,0.736820033,1068.0,3024.0
0.955192153104756,0.084527899,0.432568001,0.72267836,1068.0,3024.0
0.9550350109476848,0.0,0.492220186,0.72433575,1068.0,3024.0
0.9216036248295358,0.0,0.547096764,0.751150419,1068.0,3024.0
0.8642661406615912,0.0,0.580003407,0.790260285,1068.0,3024.0
0.8209231682830649,0.0,0.581977857,0.830813638,1068.0,3024.0
0.7813162453201277,0.0,0.547848488,0.826043054,1068.0,3024.0
0.7578803955929394,0.0,0.538923515,0.8236103539999999,1068.0,3024.0
0.7533804250101999,0.0,0.5042469365,0.802535795,1068.0,3024.0
0.7553224275082925,0.0,0.482930835,0.781106951,1068.0,3024.0
0.8006612525584839,0.0,0.478017592,0.775652685,1068.0,3024.0
0.8822041627340779,0.0,0.465471882,0.743756694,1068.0,3024.0
0.9382510873425126,0.0,0.433885133,0.695076237,1068.0,3024.0
0.9643987233084591,0.081836506,0.401220652,0.649802047,1068.0,3024.0
0.9642921769172771,0.20927351,0.354957584,0.602926146,1068.0,3024.0
0.9547458399233016,0.325382012,0.343126603,0.566124347,1068.0,3024.0
0.9472054184151361,0.417408274,0.295062401,0.477048999,1068.0,3024.0
0.9430428142484476,0.449882705,0.296503402,0.467298981,1068.0,3024.0
0.939741999109134,0.435214439,0.303867713,0.435587354,1068.0,3024.0
0.9332078596782389,0.363172944,0.27866713,0.390548861,1068.0,3024.0
0.9307893297065841,0.330788772,0.228122152,0.341945808,1068.0,3024.0
0.9334309238066706,0.236856398,0.158387412,0.299776263,1068.0,3024.0
0.941602036930455,0.164137963,0.109460875,0.255810695,1068.0,3024.0
0.9473208285932735,0.062140344,0.098324895,0.224231841,1068.0,3024.0
0.9464579313439748,0.0,0.106355644,0.225787162,1068.0,3024.0
0.9177770021328997,0.0,0.124517709,0.24882648,1068.0,3024.0
0.8617341399001659,0.0,0.133252108,0.28060918,1068.0,3024.0
0.8170561060911983,0.0,0.142681275,0.323012586,1068.0,3024.0
0.7761000873132393,0.0,0.14516563,0.339458077,1068.0,3024.0
0.7300663560801814,0.0,0.15931762,0.380625883,1068.0,3024.0
0.7146306977863999,0.0,0.17769705,0.418942035,1068.0,3024.0
0.6960188197822929,0.0,0.19859828699999998,0.477763288,1068.0,3024.0
0.6955530255573705,0.0,0.22512022999999998,0.5625077270000001,1068.0,3024.0
0.6966650695876374,0.0,0.253428466,0.625394169,1068.0,3024.0
0.7169081965760469,0.0,0.263624191,0.668308375,1068.0,3024.0
0.762936433759148,0.032116165,0.266072438,0.712506191,1068.0,3024.0
0.7841908748947126,0.075314181,0.259307924,0.744569043,1068.0,3024.0
0.7885236395120182,0.125512547,0.236522433,0.76472486,1068.0,3024.0
0.7868163116228847,0.198448789,0.198270583,0.75115004,1068.0,3024.0
0.7828052176983823,0.230630291,0.190056975,0.7562378,1068.0,3024.0
0.7793215008703865,0.277223642,0.194487073,0.746183742,1068.0,3024.0
0.7769281763193806,0.266952724,0.197414912,0.722162567,1068.0,3024.0
0.7779428602035342,0.213946133,0.200644433,0.712344786,1068.0,3024.0
0.7838149159095024,0.139662847,0.203742021,0.679131808,1068.0,3024.0
0.7992737487674882,0.083033903,0.232352736,0.644296478,1068.0,3024.0
0.7996740826697166,0.028897652,0.26124827,0.612382814,1068.0,3024.0
0.79821049997389,0.0,0.286397999,0.602045698,1068.0,3024.0
0.7753195928595471,0.0,0.2948346055,0.6089110495000001,1068.0,3024.0
0.7470973946156594,0.0,0.289130292,0.592772622,1068.0,3024.0
0.7170574903743849,0.0,0.257799068,0.584284639,1068.0,3024.0
0.7078657843960808,0.0,0.238959813,0.512546588,1068.0,3024.0
0.6944278253686295,0.0,0.22235758,0.413801919,1068.0,3024.0
0.6846370956138713,0.0,0.203628194,0.3352131,1068.0,3024.0
0.6818680662661165,0.0,0.192053942,0.25241391599999996,1068.0,3024.0
0.6937329652512076,0.0,0.192193678,0.201682725,1068.0,3024.0
0.7126895953872144,0.0,0.23016838,0.210953595,1068.0,3024.0
0.7532800414464395,0.105595133,0.244863047,0.24184651,1068.0,3024.0
0.7752446692363032,0.226652914,0.219889266,0.231925936,1068.0,3024.0
0.7798841468644989,0.343916965,0.180861585,0.220299917,1068.0,3024.0
0.7739268263400371,0.446839428,0.148193005,0.307008839,1068.0,3024.0
0.7700218632234953,0.524335438,0.157861382,0.397688032,1068.0,3024.0
0.7672234040218188,0.558928939,0.186047931,0.469985442,1068.0,3024.0
0.7628261941786354,0.492925617,0.181051653,0.531407342,1068.0,3024.0
0.7610727027484967,0.413105753,0.157744414,0.537015296,1068.0,3024.0
0.7654803916518583,0.295986209,0.14293524,0.49844467,1068.0,3024.0
0.7740914470066586,0.178862335,0.166766104,0.48400404,1068.0,3024.0
0.7787461129753973,0.063662564,0.207232021,0.517670852,1068.0,3024.0
0.7819467526739672,0.001548578,0.230386475,0.54202109,1068.0,3024.0
0.7708871605156091,0.0,0.2224695605,0.5315657535,1068.0,3024.0
0.7456785915090574,0.0,0.19988019,0.479988618,1068.0,3024.0
0.7181112291391762,0.0,0.161437968,0.405269814,1068.0,3024.0
0.7246454607009608,0.0,0.139511526,0.334955594,1068.0,3024.0
0.7137301773307193,0.0,0.113896871,0.253320829,1068.0,3024.0
0.7100121318817096,0.0,0.100881124,0.169146854,1068.0,3024.0
0.7108582248544304,0.0,0.100198774,0.129016388,1068.0,3024.0
0.7150480659610241,0.0,0.112397574,0.147164612,1068.0,3024.0
0.7582035201642056,0.0,0.121539461,0.178746137,1068.0,3024.0
0.8331013129556508,0.0,0.134748558,0.190251349,1068.0,3024.0
0.9024794659385753,0.0,0.151944115,0.196256687,1068.0,3024.0
0.9428626824517634,0.02511232,0.166644376,0.20492922,1068.0,3024.0
0.9413359476765744,0.082633367,0.175633699,0.208120476,1068.0,3024.0
0.9258043605795294,0.137493853,0.19026879,0.214144752,1068.0,3024.0
0.9192618200045635,0.195625664,0.19257461,0.194577436,1068.0,3024.0
0.9124079492692324,0.241690144,0.221491057,0.195427557,1068.0,3024.0
0.9104365629826628,0.26355203,0.258334553,0.184194558,1068.0,3024.0
0.9097027411097112,0.290085897,0.297207498,0.166987977,1068.0,3024.0
0.9070564383920725,0.282050562,0.318795419,0.162309677,1068.0,3024.0
0.9149831594178861,0.227656076,0.318116627,0.158986656,1068.0,3024.0
0.9245876634810024,0.152741505,0.319925808,0.159114064,1068.0,3024.0
0.9279033435085271,0.07145083,0.33646743,0.17303739,1068.0,3024.0
0.9263221355163396,0.001419878,0.370950031,0.193112972,1068.0,3024.0
0.9036039280859813,0.0,0.408656482,0.218510519,1068.0,3024.0
0.8572592822757795,0.0,0.440465677,0.236644426,1068.0,3024.0
0.8092689845731365,0.0,0.461139165,0.248370563,1068.0,3024.0
0.7627320198391475,0.0,0.424212568,0.269050709,1068.0,3024.0
0.7257918963969454,0.0,0.437997374,0.269810677,1068.0,3024.0
0.7141781521822474,0.0,0.456026827,0.273833428,1068.0,3024.0
0.7089896924325249,0.0,0.476360706,0.286525198,1068.0,3024.0
0.7097576763067822,0.0,0.495131763,0.32404865,1068.0,3024.0
0.7137679390648416,0.0,0.505448681,0.377940389,1068.0,3024.0
0.7583141753279395,0.0,0.509548376,0.48783129,1068.0,3024.0
0.8330292049584433,0.0,0.513823956,0.586974879,1068.0,3024.0
0.9047168486853238,0.0,0.510528963,0.629029852,1068.0,3024.0
0.9481142942808486,0.045062845,0.503143307,0.643996219,1068.0,3024.0
0.9532073793382698,0.10176893,0.51453681,0.641364908,1068.0,3024.0
0.9453696627171313,0.170268487,0.586581018,0.603831275,1068.0,3024.0
0.9438943548742743,0.18139744,0.451546698,0.506701263,1068.0,3024.0
0.9428166110416478,0.199966492,0.48262171,0.486002356,1068.0,3024.0
0.9420837118032166,0.2151731,0.453699973,0.487100119,1068.0,3024.0
0.9415920655843878,0.21115628,0.454783396,0.489281914,1068.0,3024.0
0.9444898697231771,0.188000917,0.430192913,0.511003992,1068.0,3024.0
0.9475746379263493,0.14942196,0.42361838,0.53390791,1068.0,3024.0
0.9538758333508232,0.084388141,0.415541715,0.542937391,1068.0,3024.0
0.955192153104756,0.041298569,0.39875514,0.530765366,1068.0,3024.0
0.9514735535447844,0.001417062,0.377544284,0.499598361,1068.0,3024.0
0.9196032484649096,0.0,0.362953176,0.459447516,1068.0,3024.0
0.8632956822557003,0.0,0.341300423,0.41195936,1068.0,3024.0
0.8188976786286795,0.0,0.312738491,0.367480699,1068.0,3024.0
0.7768340019798927,0.0,0.252121233,0.312213464,1068.0,3024.0
0.7486197899596664,0.0,0.243427094,0.267878697,1068.0,3024.0
0.7428534958752884,0.0,0.238417409,0.246129422,1068.0,3024.0
0.7411831456134973,0.0,0.235368858,0.22055348,1068.0,3024.0
0.7523650948841947,0.0,0.20947308250000002,0.18840653000000002,1068.0,3024.0
0.7989282572686291,0.0,0.177001491,0.15924522,1068.0,3024.0
0.8815389399307825,0.0,0.150299772,0.139774698,1068.0,3024.0
0.9386916764781921,0.0,0.129169248,0.131026224,1068.0,3024.0
0.9643641927835949,0.043235137,0.126099062,0.1219672,1068.0,3024.0
0.9631433411784773,0.126206861,0.115459136,0.111919582,1068.0,3024.0
0.950360632945442,0.207525825,0.091202189,0.109190241,1068.0,3024.0
0.9464599628632314,0.282158121,0.060978601,0.114015176,1068.0,3024.0
0.9422086313473489,0.308982187,0.051444437,0.140358515,1068.0,3024.0
0.938748273345337,0.296902364,0.05370911,0.207903195,1068.0,3024.0
0.9336295215500066,0.283351857,0.05601112,0.270010699,1068.0,3024.0
0.9322687920560319,0.238724063,0.05688146,0.315980814,1068.0,3024.0
0.9319513686635211,0.214685859,0.054580986,0.368338986,1068.0,3024.0
0.9388757785196876,0.163421378,0.055934583,0.450211984,1068.0,3024.0
0.94474940376484,0.09487599,0.08716047,0.541929257,1068.0,3024.0
0.946844785635397,0.002798171,0.148533724,0.607676652,1068.0,3024.0
0.9176663933660164,0.0,0.200239256,0.648899315,1068.0,3024.0
0.8619859183767973,0.0,0.240111111,0.698547653,1068.0,3024.0
0.8188976786286795,0.0,0.270545251,0.712749136,1068.0,3024.0
0.7779266100379182,0.0,0.291288592,0.731099685,1068.0,3024.0
0.7531153286489283,0.0,0.32190131,0.762209742,1068.0,3024.0
0.7434756478190959,0.0,0.35183621,0.809472434,1068.0,3024.0
0.7411831456134973,0.0,0.371150714,0.827593827,1068.0,3024.0
0.7412768579729129,0.0,0.389768009,0.84214305,1068.0,3024.0
0.7429905568124849,0.0,0.41202993,0.862206852,1068.0,3024.0
0.7852217161507805,0.0,0.436196195,0.886496102,1068.0,3024.0
0.8642541377962676,0.0,0.464757781,0.903973606,1068.0,3024.0
0.9300151604692917,0.002335281,0.489164956,0.911638387,1068.0,3024.0
0.9596903688923138,0.122321978,0.504234859,0.914713241,1068.0,3024.0
0.9604992542418743,0.239266283,0.476381546,0.917662758,1068.0,3024.0
0.9493176966931608,0.348141058,0.470907541,0.91426655,1068.0,3024.0
0.9471834442037451,0.438464805,0.391275044,0.876611278,1068.0,3024.0
0.9449138395068701,0.497850007,0.433759027,0.88069649,1068.0,3024.0
0.9420837118032166,0.488567852,0.484931901,0.892674679,1068.0,3024.0
0.9394177434489244,0.46545978,0.530108978,0.904925911,1068.0,3024.0
0.9357029292091728,0.378021422,0.557112376,0.907237966,1068.0,3024.0
0.9396120010982663,0.271054822,0.570708708,0.899021574,1068.0,3024.0
0.9487633597122297,0.150397039,0.547692374,0.88434524,1068.0,3024.0
0.9523876921390116,0.064641023,0.563507043,0.87809146,1068.0,3024.0
0.9504802897610596,0.001783415,0.576757338,0.8953913,1068.0,3024.0
0.9177727548326071,0.0,0.576032589,0.897995696,1068.0,3024.0
0.8630611687100949,0.0,0.563273267,0.883375739,1068.0,3024.0
0.8188976786286795,0.0,0.532560772,0.877956134,1068.0,3024.0
0.7779266100379182,0.0,0.44402394,0.881782977,1068.0,3024.0
0.7502230178972835,0.0,0.440362697,0.855400973,1068.0,3024.0
0.740190020026107,0.0,0.4348192185,0.839067809,1068.0,3024.0
0.7411433288302869,0.0,0.4169364295,0.83489597,1068.0,3024.0
0.7902924578104403,0.0,0.413566767,0.824700323,1068.0,3024.0
0.871963427271347,0.0,0.415477742,0.8284394,1068.0,3024.0
0.9302737705508097,0.001226402,0.405478466,0.837515732,1068.0,3024.0
0.9599265441079929,0.044612925,0.393894328,0.832605657,1068.0,3024.0
0.9624797800452558,0.089544218,0.384597615,0.830100628,1068.0,3024.0
0.955340431474872,0.128179511,0.403610266,0.825286836,1068.0,3024.0
0.952608079169147,0.181298945,0.371211811,0.806929782,1068.0,3024.0
0.9512832654774418,0.202582525,0.377870094,0.801794675,1068.0,3024.0
0.9490809680293317,0.227182315,0.390604263,0.798432853,1068.0,3024.0
0.9484274710358793,0.235499383,0.405207853,0.795366613,1068.0,3024.0
0.9478941849690062,0.222702862,0.408012463,0.800979454,1068.0,3024.0
0.9510601092181206,0.180212513,0.407318095,0.817282193,1068.0,3024.0
0.961695731592786,0.116910066,0.387203938,0.846100416,1068.0,3024.0
0.9654680653342027,0.066213698,0.396458177,0.8801858,1068.0,3024.0
0.964631482390289,0.002607932,0.425317885,0.907619764,1068.0,3024.0
0.9325050594026005,0.0,0.439874938,0.915329516,1068.0,3024.0
0.872683677402603,0.0,0.440712948,0.918002648,1068.0,3024.0
0.8279757288926217,0.0,0.44181939,0.920412713,1068.0,3024.0
0.7918703417996683,0.0,0.358344574,0.922072413,1068.0,3024.0
0.7595688654820311,0.0,0.403478003,0.929284511,1068.0,3024.0
0.7575981492985506,0.0,0.4601433315,0.9337453835,1068.0,3024.0
0.7612893498610449,0.0,0.4968899875,0.9350176995,1068.0,3024.0
0.7667424678532044,0.0,0.5270646885,0.9365083679999999,1068.0,3024.0
0.7652000373547674,0.0026341,0.55955717,0.936744965,1068.0,3024.0
0.8004210149671037,0.067780879,0.59709518,0.937019605,1068.0,3024.0
0.827626359942653,0.149909688,0.637113726,0.937221945,1068.0,3024.0
0.8410462228726353,0.236449819,0.663571344,0.937338912,1068.0,3024.0
0.8423340125401474,0.305836735,0.603153576,0.935934573,1068.0,3024.0
0.8424966944812141,0.368870786,0.651259069,0.936856453,1068.0,3024.0
0.8423973495441013,0.392607809,0.694957106,0.936931734,1068.0,3024.0
0.8418789283654394,0.370764155,0.725505268,0.936602998,1068.0,3024.0
0.8452959848493335,0.320987894,0.760398186,0.934450717,1068.0,3024.0
0.8535459461071346,0.233876055,0.780855016,0.934249245,1068.0,3024.0
0.8678910271993352,0.154236975,0.787856617,0.93506741,1068.0,3024.0
0.867877823981198,0.077278129,0.777844803,0.936788623,1068.0,3024.0
0.8626499401644668,0.003020728,0.768624897,0.936902108,1068.0,3024.0
0.826044413246318,0.0,0.7720806615,0.9372089195,1068.0,3024.0
0.7857466004107705,0.0,0.765350139,0.937289621,1068.0,3024.0
0.7536310720664818,0.0,0.581506552,0.937122675,1068.0,3024.0
0.778822745328378,0.0,0.635178704,0.937359401,1068.0,3024.0
0.7666633426637068,0.0,0.68382734,0.9372618325,1068.0,3024.0
0.7641459297350115,0.0,0.6988465214999999,0.9368179919999999,1068.0,3024.0
0.767042902707358,0.0,0.6945041224999999,0.9363939715,1068.0,3024.0
0.765134669494369,0.004861549,0.684764823,0.935812606,1068.0,3024.0
0.8001215034102828,0.11661423,0.7073912,0.935325133,1068.0,3024.0
0.827626359942653,0.248053033,0.724202905,0.935213695,1068.0,3024.0
0.8406977772199992,0.379036111,0.719244699,0.93329902,1068.0,3024.0
0.8418136526359308,0.515843714,0.562812626,0.91848759,1068.0,3024.0
0.8416579878871542,0.586170646,0.600316582,0.918222823,1068.0,3024.0
0.842327088141559,0.630695758,0.637443086,0.923464024,1068.0,3024.0
0.8412709493339527,0.603222912,0.657462413,0.927299811,1068.0,3024.0
0.8428366461960777,0.537816792,0.666638805,0.926844654,1068.0,3024.0
0.8504708721945485,0.436687638,0.669599361,0.924715081,1068.0,3024.0
0.8653615192744266,0.295287053,0.631188046,0.92161633,1068.0,3024.0
0.8659013605535173,0.149591862,0.585609266,0.919099396,1068.0,3024.0
0.8626226110936719,0.005099664,0.570070845,0.916710564,1068.0,3024.0
0.839003375493522,0.0,0.545201717,0.907685895,1068.0,3024.0
0.8113362990001574,0.0,0.509780161,0.887867569,1068.0,3024.0
0.7848158424645566,0.0,0.467953252,0.856012092,1068.0,3024.0
0.7534088391044933,0.0,0.385620867,0.786348716,1068.0,3024.0
0.791103651071926,0.0,0.357344798,0.74185486,1068.0,3024.0
0.7838003280767721,0.0,0.333836837,0.703189854,1068.0,3024.0
0.7833886839479227,0.0,0.2972225235,0.6472748715000001,1068.0,3024.0
0.7856104170368678,0.0,0.269122801,0.601591943,1068.0,3024.0
0.8280486680562722,0.0,0.256764986,0.577561654,1068.0,3024.0
0.8982579569928167,0.0,0.237435907,0.548749771,1068.0,3024.0
0.9465437966702815,0.007994985,0.225679139,0.52434191,1068.0,3024.0
0.9787552531550214,0.201331096,0.20092374,0.493049747,1068.0,3024.0
0.9831785917161862,0.388982835,0.202787015,0.471052574,1068.0,3024.0
0.9803917655306507,0.552299388,0.179587941,0.441143665,1068.0,3024.0
0.9800922539738298,0.697006958,0.116916222,0.392706442,1068.0,3024.0
0.9767368728238157,0.780586206,0.117800073,0.396828703,1068.0,3024.0
0.9740410818993996,0.800963329,0.121403009,0.39882526,1068.0,3024.0
0.9704113024823239,0.762910731,0.125619259,0.394758493,1068.0,3024.0
0.9682074348322177,0.67606449,0.131377221,0.397502004,1068.0,3024.0
0.9681597938829178,0.556762581,0.133329622,0.405175851,1068.0,3024.0
0.9750149571019522,0.39304943,0.132218054,0.419917207,1068.0,3024.0
0.9781725716750731,0.201150662,0.133255527,0.451008557,1068.0,3024.0
0.9774374573184182,0.008248208,0.141855706,0.507487756,1068.0,3024.0
0.947008760060167,0.0,0.139928651,0.576401607,1068.0,3024.0
0.8846192765718831,0.0,0.134335965,0.650735652,1068.0,3024.0
0.8391801832872464,0.0,0.131980633,0.683333209,1068.0,3024.0
0.8054818780743982,0.0,0.119460652,0.663422896,1068.0,3024.0
0.7912840599240912,0.0,0.133599262,0.68538481,1068.0,3024.0
0.784647205487679,0.0,0.1557940725,0.698734416,1068.0,3024.0
0.7834721943026409,0.0,0.177271188,0.70828089,1068.0,3024.0
0.7856821558477048,0.0,0.194854664,0.735951554,1068.0,3024.0
0.8288673398273083,0.0,0.206672527,0.789584633,1068.0,3024.0
0.8991341489283302,0.0,0.221782253,0.830028319,1068.0,3024.0
0.9482926722765694,0.007123779,0.236822773,0.861820989,1068.0,3024.0
0.9787789818301877,0.133610215,0.239738276,0.881663728,1068.0,3024.0
0.9811504243006925,0.26268841,0.253192739,0.882518632,1068.0,3024.0
0.975855326028898,0.396884174,0.304392291,0.860547883,1068.0,3024.0
0.9712444692923883,0.484572254,0.299974768,0.804994958,1068.0,3024.0
0.9646522562488662,0.597169961,0.33125833,0.748081461,1068.0,3024.0
0.9588557246739549,0.615520388,0.359342078,0.699319985,1068.0,3024.0
0.9534395843091377,0.627468131,0.38130752,0.636880464,1068.0,3024.0
0.9478941849690062,0.574303175,0.389116749,0.572064917,1068.0,3024.0
0.9496825767731922,0.470938101,0.368607251,0.542274854,1068.0,3024.0
0.9592549503542593,0.339735179,0.302539877,0.55424955,1068.0,3024.0
0.9636610233215857,0.188080482,0.285647249,0.559960275,1068.0,3024.0
0.9665643672443708,0.011183422,0.2830736,0.547245157,1068.0,3024.0
0.9354288079975921,0.0,0.265596431,0.519871907,1068.0,3024.0
0.8760368427715811,0.0,0.237390267,0.470651419,1068.0,3024.0
0.8318277419344982,0.0,0.202050326,0.411553928,1068.0,3024.0
0.803587770382661,0.0,0.15613078,0.328437078,1068.0,3024.0
0.7878285948014111,0.0,0.13363958,0.280510961,1068.0,3024.0
0.7823932501172008,0.0,0.119025107,0.244509117,1068.0,3024.0
0.7829877502006937,0.0,0.113333785,0.20884728,1068.0,3024.0
0.7829326300790314,0.0,0.115944459,0.189766319,1068.0,3024.0
0.784280063561167,0.0,0.115700633,0.168263745,1068.0,3024.0
0.8275629308078095,0.0,0.114293839,0.1625147,1068.0,3024.0
0.8991341489283302,0.0,0.107344161,0.173314703,1068.0,3024.0
0.9477473833443728,0.011694222,0.103970879,0.208404577,1068.0,3024.0
0.9779576322980436,0.180989235,0.088063179,0.251820971,1068.0,3024.0
0.9807537835877945,0.335130688,0.073120251,0.269482544,1068.0,3024.0
0.974017168962454,0.473472044,0.075596116,0.284203469,1068.0,3024.0
0.9692780693416644,0.585261458,0.062685215,0.308558105,1068.0,3024.0
0.9645163492676324,0.640428273,0.076581488,0.33858193,1068.0,3024.0
0.9595847457984643,0.631183998,0.095290319,0.377737095,1068.0,3024.0
0.9550381500260532,0.566043484,0.113148194,0.417247165,1068.0,3024.0
0.9526723394704336,0.504386414,0.125223055,0.470431316,1068.0,3024.0
0.9515752991875245,0.397708371,0.128075881,0.540817744,1068.0,3024.0
0.9588542472656603,0.279933268,0.131947937,0.612176747,1068.0,3024.0
0.96295157570284,0.14199758,0.14390421,0.639887422,1068.0,3024.0
0.9641270949333952,0.007839315,0.171323903,0.683366515,1068.0,3024.0
0.9307543372016475,0.0,0.19719652,0.736638925,1068.0,3024.0
0.8724548885655845,0.0,0.224574217,0.800904263,1068.0,3024.0
0.8265956108174748,0.0,0.242412319,0.843249167,1068.0,3024.0
0.78826179755843,0.0,0.257386574,0.884174199,1068.0,3024.0
0.7688302787519155,0.0,0.261640998,0.882030436,1068.0,3024.0
0.7613757225700566,0.0,0.282161488,0.890844142,1068.0,3024.0
0.7580640127873431,0.0,0.306020592,0.904370802,1068.0,3024.0
0.7583633861478298,0.0,0.351062596,0.915364678,1068.0,3024.0
0.8049894006891264,0.0,0.401319613,0.920973494,1068.0,3024.0
0.8840032649198841,0.0,0.430257251,0.917019599,1068.0,3024.0
0.9395873497885795,0.005783385,0.442302651,0.905776587,1068.0,3024.0
0.9679947112362238,0.067402515,0.437929013,0.8910805,1068.0,3024.0
0.9735570991147126,0.119198059,0.425135785,0.869879583,1068.0,3024.0
0.9695028879338714,0.161154544,0.407943602,0.837171083,1068.0,3024.0
0.9665004761294548,0.198367285,0.33523328,0.765682945,1068.0,3024.0
0.9629654251628289,0.194204619,0.356485829,0.70500613,1068.0,3024.0
0.960434901146886,0.184064957,0.353186885,0.628168104,1068.0,3024.0
0.9558039174564626,0.183853217,0.322634731,0.538755924,1068.0,3024.0
0.9535991271718361,0.132765934,0.297533598,0.4708281,1068.0,3024.0
0.9548133314338462,0.094263045,0.250456193,0.40791974,1068.0,3024.0
0.9609700338084242,0.065397689,0.220668856,0.350692226,1068.0,3024.0
0.9605159650619384,0.029959843,0.206631321,0.289155125,1068.0,3024.0
0.9556549000507936,0.002895474,0.201823325,0.233708474,1068.0,3024.0
0.9213499082901617,0.0,0.186083422,0.182059837,1068.0,3024.0
0.863108533266726,0.0,0.169875616,0.158219796,1068.0,3024.0
0.8191632137715981,0.0,0.152838806,0.159485711,1068.0,3024.0
0.778757561729759,0.0,0.117143337,0.174046852,1068.0,3024.0
0.7529035283502671,0.0,0.116991242,0.196295103,1068.0,3024.0
0.7449836395921522,0.0,0.110521012,0.217292585,1068.0,3024.0
0.747590033395691,0.0,0.09965913100000001,0.244817612,1068.0,3024.0
0.7546362001877899,0.0,0.088847409,0.290808191,1068.0,3024.0
0.798131282653503,0.0,0.084498257,0.338652849,1068.0,3024.0
0.8820442506850089,0.0,0.086301851,0.383837149,1068.0,3024.0
0.9373041726871965,0.004371018,0.089201872,0.418958535,1068.0,3024.0
0.964356806404934,0.032844124,0.082252815,0.444902634,1068.0,3024.0
0.9672358682044027,0.078945787,0.07022424,0.473591663,1068.0,3024.0
0.9607462313072513,0.133424068,0.072130489,0.501856074,1068.0,3024.0
0.9581735133323024,0.174211192,0.071304876,0.497698239,1068.0,3024.0
0.955370161251294,0.210593779,0.076409576,0.511436073,1068.0,3024.0
0.9538591225307591,0.224584662,0.080516899,0.51343572,1068.0,3024.0
0.9523288794908311,0.204321786,0.084170075,0.506107239,1068.0,3024.0
0.9509572560162688,0.177160756,0.084675193,0.497364029,1068.0,3024.0
0.9538766645172663,0.138587734,0.079060951,0.491359071,1068.0,3024.0
0.9599244204578469,0.085019945,0.070106956,0.488354317,1068.0,3024.0
0.9607499244965818,0.05393019,0.065059794,0.483901,1068.0,3024.0
0.9577771496748854,0.00465542,0.070462139,0.493357574,1068.0,3024.0
0.923206622771335,0.0,0.077657653,0.511289338,1068.0,3024.0
0.8644318695501367,0.0,0.081887648,0.514527173,1068.0,3024.0
0.8209231682830649,0.0,0.084403507,0.500085403,1068.0,3024.0
0.7815828880221581,0.0,0.081520112,0.448503337,1068.0,3024.0
0.7483058290978559,0.0,0.080676358,0.423639825,1068.0,3024.0
0.7344787996665405,0.0,0.08489749299999999,0.3896604095,1068.0,3024.0
0.7298087839624989,0.0,0.0911644125,0.3327421565,1068.0,3024.0
0.739800165515463,0.0,0.100682354,0.269746982,1068.0,3024.0
0.7301927994294592,0.0,0.107540963,0.2492174,1068.0,3024.0
0.7439270388044735,0.014524403,0.108569356,0.237368397,1068.0,3024.0
0.776856898825804,0.123212361,0.087774265,0.227614383,1068.0,3024.0
0.8049729662617312,0.249891052,0.0598072,0.220646094,1068.0,3024.0
0.8123035261967904,0.356282732,0.068768582,0.199055466,1068.0,3024.0
0.8056204621539279,0.512863048,0.072498254,0.114270481,1068.0,3024.0
0.7976552403584385,0.580505796,0.072329869,0.078311845,1068.0,3024.0
0.7913656772872935,0.553480139,0.062362481,0.055752561,1068.0,3024.0
0.7887751409331686,0.449060339,0.051846257,0.039658692,1068.0,3024.0
0.7895422015100935,0.393186027,0.046201844,0.029113786,1068.0,3024.0
0.7925629858046481,0.307016185,0.045089078,0.031621348,1068.0,3024.0
0.8079195195717443,0.228020922,0.047110122,0.046587847,1068.0,3024.0
0.8098691159087023,0.121731867,0.063831848,0.071751,1068.0,3024.0
0.8252832619711654,0.010729142,0.102566327,0.110291331,1068.0,3024.0
0.8169080119828616,0.0,0.129025579,0.158484058,1068.0,3024.0
0.7929354371879316,0.0,0.129291711,0.183183505,1068.0,3024.0
0.7665395310100925,0.0,0.115945992,0.18319928,1068.0,3024.0
0.7333642170657182,0.0,0.080341589,0.154073009,1068.0,3024.0
0.7516708581416052,0.0,0.068463623,0.136006057,1068.0,3024.0
0.7429565340017316,0.0,0.062965807,0.116057217,1068.0,3024.0
0.7403939265634024,0.0,0.052487804,0.095461038,1068.0,3024.0
0.7469754988205803,0.0,0.0384111295,0.0855522605,1068.0,3024.0
0.7487312298929926,0.0,0.034374462,0.094830986,1068.0,3024.0
0.7575569475693413,0.0,0.036217452,0.099160681,1068.0,3024.0
0.7930631266240616,0.032956636,0.035741013,0.092963635,1068.0,3024.0
0.8169430038249862,0.194054724,0.026950902,0.093199796,1068.0,3024.0
0.8211475248951996,0.35870406,0.013666528,0.087029821,1068.0,3024.0
0.8114893787815276,0.499211714,0.008861867,0.079754643,1068.0,3024.0
0.7910313581501273,0.63968071,0.009879487,0.083985319,1068.0,3024.0
0.7835656763348324,0.726241747,0.011691258999999999,0.0871875695,1068.0,3024.0
0.7803878880795411,0.59154089,0.015977488,0.087276721,1068.0,3024.0
0.7840047419967726,0.441406714,0.022767829,0.08595207,1068.0,3024.0
0.7984848067728744,0.299624232,0.029547438,0.086842283,1068.0,3024.0
0.8010667570583372,0.190880249,0.037361404,0.100276277,1068.0,3024.0
0.8036044818655372,0.095270183,0.052387612,0.135154402,1068.0,3024.0
0.7939139282143349,0.010153435,0.070217601,0.170705843,1068.0,3024.0
0.7811493160787686,0.0,0.077664113,0.18430132,1068.0,3024.0
0.7589464371455548,0.0,0.074468287,0.177250856,1068.0,3024.0
0.7261834129090694,0.0,0.06683177,0.164850252,1068.0,3024.0
0.7340349793216029,0.0,0.061796080499999996,0.1442725235,1068.0,3024.0
0.7336961358286633,0.0,0.057198005999999996,0.15481234100000002,1068.0,3024.0
0.7690308616176573,0.0,0.0624818015,0.1692682335,1068.0,3024.0
0.8819338268427172,0.0,0.066272758,0.157456972,1068.0,3024.0
0.9373440580714651,0.0,0.066112126,0.132110515,1068.0,3024.0
0.9643987233084591,0.017194789,0.063805177,0.104591744,1068.0,3024.0
0.9682367954222691,0.091375578,0.054563144,0.088102268,1068.0,3024.0
0.9607462313072513,0.180447092,0.038526707,0.083133708,1068.0,3024.0
0.952341620728896,0.263650777,0.037725655,0.079663603,1068.0,3024.0
0.9455822013885337,0.392169384,0.045791065,0.087784584,1068.0,3024.0
0.9419157671336353,0.474736262,0.057575668,0.09717977,1068.0,3024.0
0.9359730808387544,0.481078969,0.065487002,0.107577039,1068.0,3024.0
0.9303300910252857,0.437510075,0.075814945,0.126531394,1068.0,3024.0
0.9306438212284661,0.396674963,0.085241525,0.126661048,1068.0,3024.0
0.936088675278671,0.320485986,0.088142954,0.12652582,1068.0,3024.0
0.9362411088181898,0.243545456,0.084222256,0.109575424,1068.0,3024.0
0.9410098460845119,0.148320852,0.073323077,0.079749664,1068.0,3024.0
0.9177770021328997,0.020515768,0.071915511,0.062760526,1068.0,3024.0
0.8631563591406172,0.0,0.064953379,0.051241456,1068.0,3024.0
0.8205950351717458,0.0,0.055827824,0.050616233,1068.0,3024.0
0.7814867749571154,0.0,0.046005701,0.052138764,1068.0,3024.0
0.7571269766843927,0.0,0.044784977,0.061307026,1068.0,3024.0
0.7581963651069871,0.0,0.043322268,0.071382821,1068.0,3024.0
0.7593166256881393,0.0,0.043540612,0.078387797,1068.0,3024.0
0.7601500006212207,0.0,0.0458424575,0.0930350845,1068.0,3024.0
0.8059629060424962,0.0,0.048937999,0.117593095,1068.0,3024.0
0.8863871715729729,0.0,0.04628156,0.133452945,1068.0,3024.0
0.942253503067463,0.0,0.046533173,0.159974325,1068.0,3024.0
0.9691391160757641,0.031656102,0.048843216,0.191627354,1068.0,3024.0
0.9707592861548877,0.157909059,0.048181919,0.235796556,1068.0,3024.0
0.9580873716133268,0.3097589,0.043400066,0.260839446,1068.0,3024.0
0.9494175957412357,0.438093997,0.046610168,0.276281274,1068.0,3024.0
0.9454464793318913,0.542203246,0.054258437,0.304456773,1068.0,3024.0
0.9434136954297349,0.565304767,0.081238627,0.338488808,1068.0,3024.0
0.9424226474270458,0.538994391,0.106837705,0.332944834,1068.0,3024.0
0.9416887327603924,0.477400194,0.118528169,0.311411457,1068.0,3024.0
0.9458102511899987,0.364178191,0.118330828,0.293803278,1068.0,3024.0
0.9515235951997115,0.251426705,0.108518871,0.281098251,1068.0,3024.0
0.9520869802293771,0.14970555,0.112859496,0.281566831,1068.0,3024.0
0.9480618525831067,0.072954158,0.126862803,0.298784546,1068.0,3024.0
0.9176196757140491,0.005559136,0.165553407,0.34887199,1068.0,3024.0
0.861533603431275,0.0,0.203462863,0.402550039,1068.0,3024.0
0.8165752617220674,0.0,0.229910362,0.433097075,1068.0,3024.0
0.774552855734954,0.0,0.246845119,0.455771476,1068.0,3024.0
0.7409846400010509,0.0,0.251261401,0.492042157,1068.0,3024.0
0.7330696447850799,0.0,0.260778143,0.540413792,1068.0,3024.0
0.7298218718513212,0.0,0.2578621805,0.5881813295,1068.0,3024.0
0.7323361914356867,0.0,0.256206881,0.644545836,1068.0,3024.0
0.7739790380419611,0.0,0.254918625,0.65224832,1068.0,3024.0
0.8558888591540308,0.0,0.262747364,0.677856732,1068.0,3024.0
0.9235898753415044,0.0,0.271871949,0.644216931,1068.0,3024.0
0.9576703262282223,0.008719842,0.281871837,0.591364103,1068.0,3024.0
0.9619861951008724,0.030442696,0.282657246,0.563096252,1068.0,3024.0
0.9550004797600085,0.064517207,0.279117402,0.552992506,1068.0,3024.0
0.9516532233613962,0.09896872,0.303736281,0.543793797,1068.0,3024.0
0.9490476371944688,0.144167457,0.285122603,0.544630979,1068.0,3024.0
0.949036835344771,0.169840771,0.314348339,0.544459156,1068.0,3024.0
0.9484798206027316,0.166888649,0.333021547,0.534633793,1068.0,3024.0
0.9478092429400322,0.130868851,0.332288514,0.537102074,1068.0,3024.0
0.9498012181605877,0.10356109,0.339632867,0.563176528,1068.0,3024.0
0.9593823633977205,0.067978431,0.339253921,0.61940965,1068.0,3024.0
0.9605159650619384,0.040105012,0.354426343,0.701593887,1068.0,3024.0
0.9564271312253433,0.018924129,0.396456636,0.750614279,1068.0,3024.0
0.9226589331335113,0.003728604,0.449922837,0.756780922,1068.0,3024.0
0.8664619756911851,0.0,0.493176023,0.749554624,1068.0,3024.0
0.8214510994905336,0.0,0.52726856,0.729119859,1068.0,3024.0
0.7831326124369602,0.0,0.541963066,0.708715536,1068.0,3024.0
0.7649416115350286,0.0,0.476719076,0.692742864,1068.0,3024.0
0.7558191979278954,0.0,0.5190089419999999,0.6378094225,1068.0,3024.0
0.7544191371606142,0.0,0.5349950525,0.5327582685000001,1068.0,3024.0
0.798131282653503,0.0,0.499284716,0.506865457,1068.0,3024.0
0.8796858265080498,0.0,0.462459336,0.474140598,1068.0,3024.0
0.9368318229186504,0.0,0.427598437,0.427112033,1068.0,3024.0
0.9638905505313453,0.016538419,0.395234557,0.370332946,1068.0,3024.0
0.9667618567657827,0.082736926,0.412426747,0.322376645,1068.0,3024.0
0.9576657104043714,0.228402794,0.427371963,0.298062795,1068.0,3024.0
0.95410397594599,0.347069622,0.400170681,0.28573807,1068.0,3024.0
0.948305782701005,0.416081801,0.255151108,0.260840342,1068.0,3024.0
0.9458911308432718,0.488215497,0.253074557,0.246693189,1068.0,3024.0
0.9412622701401827,0.495310106,0.24676224,0.223320462,1068.0,3024.0
0.9386271391214246,0.50523882,0.233940199,0.198659205,1068.0,3024.0
0.9364192090956173,0.47313446,0.21850849,0.169834462,1068.0,3024.0
0.937396315507428,0.398374867,0.1846571,0.147267664,1068.0,3024.0
0.9367003481623003,0.280500749,0.14880664,0.144265247,1068.0,3024.0
0.9360176755033875,0.149965018,0.116794789,0.173050474,1068.0,3024.0
0.9175322408485583,0.027017215,0.112328231,0.219016868,1068.0,3024.0
0.8619859183767973,0.0,0.126096804,0.287432813,1068.0,3024.0
0.8175687104303836,0.0,0.143194389,0.397468695,1068.0,3024.0
0.776620170161975,0.0,0.1524557,0.483506318,1068.0,3024.0
0.7473971838907734,0.0,0.150230503,0.466555064,1068.0,3024.0
0.7414133647991472,0.0,0.146402663,0.499441102,1068.0,3024.0
0.7411831456134973,0.0,0.145946505,0.523896097,1068.0,3024.0
0.752846584832365,0.0,0.143401219,0.530521933,1068.0,3024.0
0.7990517921981686,0.0,0.132937673,0.495850747,1068.0,3024.0
0.8825135535060762,0.0,0.137247335,0.473267205,1068.0,3024.0
0.9381831345147077,0.0,0.147118397,0.481197383,1068.0,3024.0
0.9644097107455606,0.049051046,0.155922868,0.5116462,1068.0,3024.0
0.9665486718525287,0.149273243,0.136335399,0.496768444,1068.0,3024.0
0.9537920002065852,0.270933303,0.1071811,0.465689331,1068.0,3024.0
0.945816437215846,0.40148042,0.114285489,0.453968565,1068.0,3024.0
0.933016833238155,0.538301781,0.110682765,0.440067101,1068.0,3024.0
0.9236331775224343,0.643383313,0.147747249,0.462461026,1068.0,3024.0
0.911626947101429,0.644311679,0.192344462,0.508035072,1068.0,3024.0
0.9032796724257717,0.587467788,0.22749922,0.553885421,1068.0,3024.0
0.9032913054419127,0.499601386,0.262282442,0.602637984,1068.0,3024.0
0.9109344880210405,0.370946679,0.277448183,0.667762035,1068.0,3024.0
0.9206707438959879,0.246214185,0.284470656,0.714280233,1068.0,3024.0
0.924873787557907,0.140352074,0.347547604,0.757837706,1068.0,3024.0
0.9048534019084091,0.016954333,0.412075812,0.790371384,1068.0,3024.0
0.8619849022857631,0.0,0.456058908,0.815601592,1068.0,3024.0
0.8153038143510609,0.0,0.457454903,0.828907045,1068.0,3024.0
0.7734959778917945,0.0,0.44126821,0.829058476,1068.0,3024.0
0.7234895153075753,0.0,0.375813236,0.795177111,1068.0,3024.0
0.721718573359007,0.0,0.3375708795,0.7767688770000001,1068.0,3024.0
0.7341821269341815,0.0,0.2902556465,0.736246256,1068.0,3024.0
0.7300030654730785,0.0,0.262426818,0.693791259,1068.0,3024.0
0.746045872294716,0.0,0.240901099,0.672701752,1068.0,3024.0
0.7826996867354222,0.014864209,0.218807773,0.65088867,1068.0,3024.0
0.8084902909800706,0.076826175,0.193746521,0.622902407,1068.0,3024.0
0.8161392897358629,0.158821623,0.161192861,0.581748753,1068.0,3024.0
0.8119324600909118,0.239828755,0.152943337,0.538227678,1068.0,3024.0
0.8034597117601604,0.318113289,0.114166382,0.459235784,1068.0,3024.0
0.7977880075984918,0.345491937,0.127074987,0.436709476,1068.0,3024.0
0.790517922644499,0.330594567,0.133833861,0.427208836,1068.0,3024.0
0.7908911124005237,0.340453347,0.132866015,0.439198576,1068.0,3024.0
0.7968168101570474,0.293895398,0.128596899,0.437354352,1068.0,3024.0
0.8117227834423969,0.247160813,0.141272373,0.428475038,1068.0,3024.0
0.8171543428063871,0.174176526,0.158370511,0.455816356,1068.0,3024.0
0.8190352472799871,0.096125385,0.173833235,0.510075442,1068.0,3024.0
0.8085069096692451,0.023952102,0.18742966,0.544007853,1068.0,3024.0
0.786054052457214,0.0,0.191879172,0.54666393,1068.0,3024.0
0.7618173271339583,0.0,0.189097878,0.521598649,1068.0,3024.0
0.7275270153369463,0.0,0.186050531,0.481757594,1068.0,3024.0
0.6606716301421212,0.0,0.174381493,0.418180343,1068.0,3024.0
0.6415922503101356,0.0,0.207250499,0.375804985,1068.0,3024.0
0.6238579035860645,0.0,0.246242651,0.355583966,635.0,1800.0
0.6247637328025639,0.0,0.2851298955,0.336908024,635.0,1800.0
0.6301909525696691,0.0,0.321366952,0.351796932,635.0,1800.0
0.6268364945844253,0.0,0.342871288,0.403313353,635.0,1800.0
0.6320989089923019,0.0,0.36114769,0.467710164,635.0,1800.0
0.6650560059535378,0.027063991,0.390266786,0.517573657,635.0,1800.0
0.7105603285708324,0.089562388,0.430362974,0.524580257,635.0,1800.0
0.7493366239570728,0.13829736,0.432415091,0.494514434,635.0,1800.0
0.7523295721295336,0.190783776,0.405781873,0.431819287,635.0,1800.0
0.7494445092288091,0.259687172,0.377047522,0.385734307,635.0,1800.0
0.7497761048708285,0.316242259,0.398872277,0.34682145,635.0,1800.0
0.7487388005334324,0.382190301,0.417675642,0.354627795,635.0,1800.0
0.7512463342469502,0.373120577,0.446666094,0.399248564,635.0,1800.0
0.7563577003264319,0.336459442,0.463401304,0.436025654,635.0,1800.0
0.7613996819038531,0.280445798,0.472144552,0.437639401,635.0,1800.0
0.760668352204606,0.209660042,0.439458244,0.408867141,635.0,1800.0
0.7594236333965818,0.131568205,0.412934478,0.376679639,635.0,1800.0
0.7443986959343171,0.033960455,0.368945624,0.344368665,635.0,1800.0
0.7255482890685668,0.0,0.338874433,0.32037154,635.0,1800.0
0.7059419475907336,0.0,0.322728352,0.300576454,635.0,1800.0
0.6794191838060196,0.0,0.30359391,0.280133497,635.0,1800.0
0.6856067235161314,0.0,0.260880184,0.237127768,635.0,1800.0
0.6720947171031056,0.0,0.261357389,0.254756854,635.0,1800.0
0.6584448192492527,0.0,0.2525207935,0.28131134199999996,635.0,1800.0
0.6613198644733402,0.0,0.220842359,0.303608095,635.0,1800.0
0.6856236656576378,0.0,0.197650348,0.316899667,635.0,1800.0
0.7339602860255829,0.0,0.183697186,0.332748942,635.0,1800.0
0.7853052729023496,0.0,0.167858103,0.347310784,635.0,1800.0
0.8385028654877379,0.0641393,0.153230586,0.367315467,635.0,1800.0
0.8690823346154339,0.171283312,0.128915349,0.38102247,635.0,1800.0
0.8683516511580387,0.29322662,0.11302299,0.396921776,635.0,1800.0
0.8638374622603457,0.42642359,0.115433923,0.422523624,635.0,1800.0
0.8595790214212835,0.476292562,0.083135095,0.42330026,635.0,1800.0
0.85081405511867,0.525146342,0.104825097,0.44393042,635.0,1800.0
0.8464237703368872,0.483886243,0.127593145,0.468010486,635.0,1800.0
0.839869965269339,0.452412469,0.142346809,0.502187431,635.0,1800.0
0.8356605506569814,0.392558327,0.144373868,0.511736289,635.0,1800.0
0.8331263341145203,0.316168764,0.139304995,0.535200814,635.0,1800.0
0.8327514826884219,0.222837829,0.14203411,0.576586809,635.0,1800.0
0.8300510759401549,0.113501691,0.181429992,0.625733641,635.0,1800.0
0.8171737313875593,0.015923323,0.249030652,0.662322541,635.0,1800.0
0.8040363921388529,0.0,0.323557268,0.692808684,635.0,1800.0
0.7610173055713533,0.0,0.381393173,0.727246373,635.0,1800.0
0.7247407889964115,0.0,0.419307007,0.749961131,635.0,1800.0
0.6653010442933601,0.0,0.410863422,0.745873485,635.0,1800.0
0.6378762823795461,0.0,0.419726946,0.725860351,635.0,1800.0
0.6154930633609281,0.0,0.4260115645,0.7305189765,635.0,1800.0
0.6188497602924926,0.0,0.420285201,0.732362369,635.0,1800.0
0.6425097590390485,0.0,0.411611031,0.739574923,635.0,1800.0
0.6845696041033268,0.0,0.409843006,0.752939962,635.0,1800.0
0.7525329242244608,0.0,0.407231871,0.778115968,635.0,1800.0
0.8150106730818664,0.033845194,0.411471409,0.792258838,635.0,1800.0
0.844487469348956,0.142306825,0.388076529,0.782276128,635.0,1800.0
0.8410508393592983,0.30943041,0.316474255,0.770513208,635.0,1800.0
0.8361814646721601,0.475608594,0.307011803,0.760878173,635.0,1800.0
0.8278525631494529,0.615477211,0.229627048,0.68457215,635.0,1800.0
0.8257234812576623,0.705816654,0.245133917,0.662655104,635.0,1800.0
0.8215610620155652,0.725082902,0.241381589,0.658353001,635.0,1800.0
0.8164705619255503,0.700551834,0.241239193,0.640922149,635.0,1800.0
0.8133634503246167,0.61028485,0.242111268,0.601763624,635.0,1800.0
0.8130274695173766,0.504334111,0.224621482,0.526735113,635.0,1800.0
0.8128206548917489,0.345049743,0.215165418,0.514010229,635.0,1800.0
0.8086775314371225,0.178351805,0.238844998,0.541089171,635.0,1800.0
0.7974227583320898,0.031416439,0.274932392,0.590583544,635.0,1800.0
0.7905277097287869,0.0,0.311812729,0.636228405,635.0,1800.0
0.760408403242534,0.0,0.345290032,0.705453918,635.0,1800.0
0.7273646104513605,0.0,0.374777643,0.738443226,635.0,1800.0
0.6613005218250504,0.0,0.371540611,0.725511045,635.0,1800.0
0.6339522996693591,0.0,0.35715015,0.718258369,635.0,1800.0
0.6119603663716724,0.0,0.355118327,0.7776549989999999,635.0,1800.0
0.6168774051071141,0.0,0.330826898,0.821834841,635.0,1800.0
0.6427092334840226,0.0,0.326032622,0.82508428,635.0,1800.0
0.6848141804630767,0.0,0.30724089,0.839145261,635.0,1800.0
0.7525329242244608,0.0,0.28289472,0.822736607,635.0,1800.0
0.8131343850949294,0.082119306,0.251130773,0.82145965,635.0,1800.0
0.8384686120183544,0.220335893,0.2018831,0.790370996,635.0,1800.0
0.8362846877231948,0.351337031,0.148638228,0.744209447,635.0,1800.0
0.8279251331267328,0.461001079,0.159091065,0.691937647,635.0,1800.0
0.827658305500111,0.542887276,0.10881476,0.538463816,635.0,1800.0
0.8249081334895859,0.562905323,0.128684324,0.482387627,635.0,1800.0
0.8215610620155652,0.565022659,0.179324983,0.473732771,635.0,1800.0
0.81786240581054,0.538358162,0.219249053,0.47451343,635.0,1800.0
0.8173007745818378,0.461769353,0.270161192,0.464628155,635.0,1800.0
0.815632501573342,0.352647294,0.311697017,0.447606956,635.0,1800.0
0.8145697147598162,0.248241215,0.351398278,0.441172069,635.0,1800.0
0.8103594696438279,0.124011339,0.385426854,0.483661635,635.0,1800.0
0.8022569562525119,0.030379794,0.391225463,0.588878269,635.0,1800.0
0.797167010273459,0.0,0.366331483,0.660841816,635.0,1800.0
0.7596908308723863,0.0,0.366315119,0.693383188,635.0,1800.0
0.7247620712319119,0.0,0.388157538,0.695723196,635.0,1800.0
0.6637057104485147,0.0,0.382261932,0.657469919,635.0,1800.0
0.6365134761625258,0.0,0.415377124,0.692931025,635.0,1800.0
0.614970833564199,0.0,0.454936462,0.779148727,635.0,1800.0
0.611340268979844,0.0,0.479191068,0.816009475,635.0,1800.0
0.6174885697463826,0.0,0.488914775,0.829111791,635.0,1800.0
0.6425097590390485,0.0,0.494784125,0.841208704,635.0,1800.0
0.685138805972469,0.0,0.507609868,0.847466631,635.0,1800.0
0.7533468409810935,0.0,0.511055565,0.840999166,635.0,1800.0
0.8201021886001034,0.068466227,0.518142271,0.838619183,635.0,1800.0
0.851361651962792,0.186258132,0.493045511,0.838318032,635.0,1800.0
0.8532207671495925,0.320312312,0.613074315,0.846371733,635.0,1800.0
0.8525219371187654,0.396111826,0.607136316,0.843770397,635.0,1800.0
0.8525219371187654,0.470083647,0.503695069,0.829708591,635.0,1800.0
0.8521325899908265,0.52396584,0.543564589,0.825223839,635.0,1800.0
0.8505443654691609,0.541657105,0.589027799,0.831244702,635.0,1800.0
0.8481565807021505,0.521283338,0.643318792,0.809799033,635.0,1800.0
0.8480596364706648,0.424787733,0.682940493,0.75673312,635.0,1800.0
0.8496851620720046,0.355653272,0.678195727,0.743949136,635.0,1800.0
0.8487489564726849,0.268072911,0.636271478,0.703846138,635.0,1800.0
0.8457612252947,0.182133588,0.574460511,0.677303074,635.0,1800.0
0.8344550252573354,0.060884619,0.513228642,0.645245364,635.0,1800.0
0.8077197221384067,0.0,0.448376608,0.605301145,635.0,1800.0
0.771087419929019,0.0,0.391644976,0.58069915,635.0,1800.0
0.7392584776417072,0.0,0.33865165,0.564292089,635.0,1800.0
0.6854346707368104,0.0,0.261456057,0.575780869,635.0,1800.0
0.672463936614319,0.0,0.232142231,0.589151054,635.0,1800.0
0.6640265957089135,0.0,0.215698296,0.608770095,635.0,1800.0
0.6651265447429672,0.0,0.20115331749999998,0.6189064209999999,635.0,1800.0
0.6888640528755481,0.0,0.192030315,0.61135862,635.0,1800.0
0.7349377152269132,0.0,0.187588444,0.611307462,635.0,1800.0
0.7866008181348931,0.0,0.188909707,0.598876973,635.0,1800.0
0.8387094030578844,0.123754702,0.187455128,0.590427211,635.0,1800.0
0.8668607400542293,0.325530434,0.162629248,0.593317253,635.0,1800.0
0.8658391317714873,0.523730806,0.135294063,0.565098921,635.0,1800.0
0.8581413838444713,0.694842825,0.135014143,0.540075135,635.0,1800.0
0.8500060009355527,0.836597977,0.128362063,0.50343521,635.0,1800.0
0.8414170119230329,0.926528818,0.145903462,0.526850559,635.0,1800.0
0.8347311779881726,0.947357967,0.162634496,0.547751272,635.0,1800.0
0.8250908509164886,0.911891022,0.173684077,0.561879667,635.0,1800.0
0.8202698562142038,0.823426118,0.185087563,0.579880893,635.0,1800.0
0.8171379083789918,0.678978656,0.204894637,0.608116639,635.0,1800.0
0.8166173635501839,0.496093778,0.215556414,0.626093526,635.0,1800.0
0.815030800698592,0.291058334,0.254884972,0.652445827,635.0,1800.0
0.8119236890976583,0.080130195,0.343565699,0.690028423,635.0,1800.0
0.8014734612481917,0.0,0.429539236,0.719099279,635.0,1800.0
0.7615583472032575,0.0,0.482382704,0.74778863,635.0,1800.0
0.7244309833040037,0.0,0.510268907,0.774199168,635.0,1800.0
0.6472345018171443,0.0,0.534345459,0.804203513,635.0,1800.0
0.6172671674205872,0.0,0.516898006,0.818462033,635.0,1800.0
0.5898991409679397,0.0,0.497689009,0.834922229,635.0,1800.0
0.5860993392634407,0.0,0.47227881800000004,0.8281986125,635.0,1800.0
0.5924994182746265,0.0,0.458070966,0.810376145,635.0,1800.0
0.6031683710201863,0.0,0.446976972,0.823223061,635.0,1800.0
0.6172087238262148,0.001270344,0.450937446,0.84138207,635.0,1800.0
0.6484329181587355,0.135705727,0.424202447,0.853735683,635.0,1800.0
0.6796368924122347,0.332524391,0.365126568,0.861454534,635.0,1800.0
0.7063105672569462,0.535587397,0.276527878,0.842545598,635.0,1800.0
0.7017576462681354,0.709570504,0.250112032,0.790648731,635.0,1800.0
0.6942264583961077,0.840539329,0.185267843,0.678625195,635.0,1800.0
0.6915258667232496,0.916590115,0.190257779,0.649939934,635.0,1800.0
0.6873023255954223,0.932686603,0.195085079,0.616835051,635.0,1800.0
0.6860406646458915,0.89520854,0.205074846,0.57746791,635.0,1800.0
0.6862665914600226,0.800563479,0.204437341,0.520792747,635.0,1800.0
0.6859769584555669,0.663869117,0.203843606,0.500273101,635.0,1800.0
0.6850425537168737,0.488768861,0.207395208,0.48702818,635.0,1800.0
0.6821922526624559,0.287117218,0.260286436,0.481375109,635.0,1800.0
0.6761580691263831,0.083785874,0.320741257,0.481656682,635.0,1800.0
0.6718768235722992,0.0,0.360647544,0.482204961,635.0,1800.0
0.6726834460811606,0.0,0.373658461,0.478324636,635.0,1800.0
0.6606530261316973,0.0,0.36429732,0.471268825,635.0,1800.0
0.641128717997975,0.0,0.346937096,0.473259207,635.0,1800.0
0.6116142982593786,0.0,0.334994481,0.463835755,635.0,1800.0
0.5842819103546758,0.0,0.310006259,0.415663451,635.0,1800.0
0.5768768419156256,0.0,0.28469095,0.338151924,635.0,1800.0
0.5787396038286243,0.0,0.25557086,0.269624241,635.0,1800.0
0.5913845125197378,0.0,0.2249346525,0.226289746,635.0,1800.0
0.6062583556213034,0.001597014,0.203354947,0.205297738,635.0,1800.0
0.642366327615382,0.147293265,0.188894131,0.197885102,635.0,1800.0
0.6707856458629052,0.327367034,0.134236103,0.187343749,635.0,1800.0
0.6967538426708703,0.504753027,0.099080357,0.180143558,635.0,1800.0
0.6939058495283777,0.657207442,0.080460169,0.172239711,635.0,1800.0
0.6906802350677891,0.791080634,0.065585704,0.13130259,635.0,1800.0
0.6887968377576724,0.858551233,0.068303795,0.123716569,635.0,1800.0
0.6863914188732652,0.881934119,0.073358469,0.132282123,635.0,1800.0
0.6855982295783589,0.855863884,0.079587716,0.155679572,635.0,1800.0
0.6863543027181823,0.766109985,0.082539443,0.195123091,635.0,1800.0
0.6860676245303159,0.640541327,0.080334924,0.227316616,635.0,1800.0
0.6850026219357543,0.470961969,0.078285877,0.270925113,635.0,1800.0
0.6823508258309707,0.282566609,0.099608213,0.344650782,635.0,1800.0
0.6764671828429005,0.090429351,0.134177329,0.405618889,635.0,1800.0
0.6716744405087431,0.0,0.153676226,0.418378438,635.0,1800.0
0.6736323001248437,0.0,0.147890691,0.375675759,635.0,1800.0
0.6638867655425316,0.0,0.129584749,0.293199394,635.0,1800.0
0.660066789990159,0.0,0.118206575,0.226657433,635.0,1800.0
0.6342335305355257,0.0,0.111155179,0.203582338,635.0,1800.0
0.6130017560512105,0.0,0.099754649,0.226928862,635.0,1800.0
0.6105877964344927,0.0,0.082251872,0.284356157,635.0,1800.0
0.6161849918933268,0.0,0.074197293,0.311419923,635.0,1800.0
0.6424274948374639,0.0,0.081173855,0.330231599,635.0,1800.0
0.6846240773203255,0.0,0.087279268,0.374913849,635.0,1800.0
0.7525979692953395,0.00203683,0.091101136,0.417283991,635.0,1800.0
0.8131343850949294,0.138669125,0.092080439,0.43083582,635.0,1800.0
0.8372371421625061,0.303502992,0.070297986,0.422284705,635.0,1800.0
0.829898457476045,0.471457338,0.044510758,0.397980612,635.0,1800.0
0.8250240977786855,0.615386227,0.042920478,0.378888685,635.0,1800.0
0.8216520972766848,0.737083793,0.038211562,0.379616156,635.0,1800.0
0.8197091482828341,0.809188374,0.046015147,0.403195611,635.0,1800.0
0.8168193767645571,0.803662419,0.052546242,0.426853109,635.0,1800.0
0.8120879405779092,0.751641076,0.057696037,0.416077495,635.0,1800.0
0.8096157678928867,0.660770125,0.064621678,0.412175865,635.0,1800.0
0.8073282513603216,0.498809622,0.072393218,0.429979616,635.0,1800.0
0.8074362751597984,0.326559949,0.084461688,0.478282772,635.0,1800.0
0.8039280912838951,0.173063599,0.125562444,0.533066888,635.0,1800.0
0.7924540393706508,0.046195184,0.184157024,0.59112794,635.0,1800.0
0.7842699079533206,0.0,0.234438915,0.645484705,635.0,1800.0
0.7560434624091404,0.0,0.258760101,0.68905862,635.0,1800.0
0.7253301648791302,0.0,0.266536782,0.705675741,635.0,1800.0
0.6593815782967223,0.0,0.259916588,0.698961823,635.0,1800.0
0.6319067745954188,0.0,0.247982287,0.694227432,635.0,1800.0
0.6095407054767773,0.0,0.23088634149999998,0.6828252995,635.0,1800.0
0.6136058114335805,0.0,0.216064455,0.670647532,635.0,1800.0
0.641421074365015,0.0,0.208968637,0.71041393,635.0,1800.0
0.6835889894267774,0.0,0.207326702,0.783442557,635.0,1800.0
0.7520179191796484,0.002334925,0.208953963,0.822186614,635.0,1800.0
0.8082216167587838,0.108369659,0.203307518,0.814621804,635.0,1800.0
0.827334973137234,0.280274809,0.180364741,0.789630219,635.0,1800.0
0.8249370320995651,0.440326105,0.149558731,0.734230009,635.0,1800.0
0.8213910864895395,0.591585826,0.155752492,0.674228844,635.0,1800.0
0.8194732507854481,0.71102456,0.149072013,0.619714818,635.0,1800.0
0.8177565056612094,0.770624516,0.157522855,0.620515822,635.0,1800.0
0.8139236041450243,0.771598064,0.182475112,0.635280952,635.0,1800.0
0.8104021249200942,0.721815373,0.21275129,0.673844752,635.0,1800.0
0.8080060311399025,0.629295737,0.248797159,0.715695767,635.0,1800.0
0.8056195388565953,0.511284548,0.279336718,0.749376787,635.0,1800.0
0.8064655396984264,0.335500924,0.301192015,0.756448687,635.0,1800.0
0.8042253870596803,0.190361716,0.350477218,0.741276911,635.0,1800.0
0.7932153752389889,0.067614082,0.395886542,0.739252713,635.0,1800.0
0.78643555122642,0.0,0.41354511,0.751195448,635.0,1800.0
0.7593204110083593,0.0,0.40242888,0.774937708,635.0,1800.0
0.7266630105285357,0.0,0.375389717,0.792081267,635.0,1800.0
0.6614267340517296,0.0,0.293254778,0.747784656,635.0,1800.0
0.6236729246440873,0.0,0.28451983950000004,0.7372481305,635.0,1800.0
0.6126328136617595,0.0,0.2576818245,0.7640395155,635.0,1800.0
0.6420390251402562,0.0,0.252791898,0.770598913,635.0,1800.0
0.6842351921724588,0.0,0.256510959,0.761106803,635.0,1800.0
0.7525979692953395,0.002551256,0.260637379,0.75394496,635.0,1800.0
0.8158387620880077,0.108901191,0.252639857,0.743719553,635.0,1800.0
0.8461309061231737,0.228214081,0.210145975,0.732556937,635.0,1800.0
0.8431551771477003,0.368009882,0.197379211,0.728628302,635.0,1800.0
0.8381871965590026,0.48126932,0.190031503,0.71951977,635.0,1800.0
0.8333537376741338,0.569750997,0.156446455,0.687923224,635.0,1800.0
0.8281984238346827,0.615277068,0.183354199,0.713096205,635.0,1800.0
0.8264133560334564,0.652505846,0.204046588,0.72394387,635.0,1800.0
0.8211146567032213,0.59523501,0.221899542,0.735242079,635.0,1800.0
0.8186297427801338,0.508003385,0.230126683,0.748533806,635.0,1800.0
0.8160436379880804,0.393932692,0.240293946,0.769825853,635.0,1800.0
0.81662327252055,0.316959238,0.254761912,0.79217356,635.0,1800.0
0.8123062039578985,0.218140921,0.280684763,0.803465051,635.0,1800.0
0.8023255553221683,0.082601259,0.345101627,0.810171423,635.0,1800.0
0.7973246137477905,0.0,0.401787416,0.815627633,635.0,1800.0
0.7595552009466335,0.0,0.425683847,0.814696971,635.0,1800.0
0.7247722268397583,0.0,0.434789923,0.814387127,635.0,1800.0
0.6636233540497593,0.0,0.386131653,0.771059387,635.0,1800.0
0.6360984621641154,0.0,0.396409826,0.782932289,635.0,1800.0
0.6142180378979221,0.0,0.39804741050000003,0.785707385,635.0,1800.0
0.6188497602924926,0.0,0.411290896,0.800337099,635.0,1800.0
0.6432788506049802,0.0,0.419183396,0.808032248,635.0,1800.0
0.6853918762699915,0.0,0.429441764,0.811873565,635.0,1800.0
0.753020138218406,0.003566858,0.433459585,0.818805275,635.0,1800.0
0.8166084076323389,0.105979887,0.426085726,0.826834642,635.0,1800.0
0.8450642418585382,0.210924676,0.380979665,0.832416998,635.0,1800.0
0.8414897661620918,0.330953297,0.366569566,0.835740053,635.0,1800.0
0.8367031177228921,0.446569263,0.362755406,0.82940299,635.0,1800.0
0.8279323345808021,0.538957431,0.2691816,0.789695512,635.0,1800.0
0.8235469433411631,0.598377465,0.282875186,0.800809942,635.0,1800.0
0.8193541474179802,0.612389805,0.299581477,0.78726441,635.0,1800.0
0.8142273630021376,0.529269143,0.311869767,0.775508183,635.0,1800.0
0.8118840801060586,0.436225602,0.318594881,0.75937149,635.0,1800.0
0.8096634095049987,0.27758904,0.28462928,0.746342561,635.0,1800.0
0.809246641175375,0.197640244,0.246999091,0.763909884,635.0,1800.0
0.805324735917327,0.116715191,0.256748989,0.749756031,635.0,1800.0
0.7936677816525886,0.041215417,0.294084722,0.701694856,635.0,1800.0
0.785620111327454,0.0,0.323368332,0.701768457,635.0,1800.0
0.7567985665175926,0.0,0.334122529,0.707745852,635.0,1800.0
0.7269142348942053,0.0,0.327217909,0.704309129,635.0,1800.0
0.6610883522074562,0.0,0.274142231,0.657786477,635.0,1800.0
0.6234702879223193,0.0,0.263673187,0.6201706579999999,635.0,1800.0
0.6126991051177558,0.0,0.243539746,0.5929614175,635.0,1800.0
0.6420390251402562,0.0,0.246974675,0.554533968,635.0,1800.0
0.6838903475782634,0.0,0.244398203,0.534686325,635.0,1800.0
0.7524182988159155,0.003292089,0.241752955,0.498620952,635.0,1800.0
0.8112634519673966,0.07257622,0.236393464,0.485549435,635.0,1800.0
0.8381183197710532,0.142566479,0.216747394,0.500141554,635.0,1800.0
0.8359207309404959,0.237556491,0.179748701,0.49593471,635.0,1800.0
0.8284281353062215,0.31005652,0.183253609,0.462476212,635.0,1800.0
0.8241518754251711,0.374096666,0.157205447,0.38050781,635.0,1800.0
0.822934162898422,0.418418319,0.18170589,0.385722047,635.0,1800.0
0.8198069236807628,0.396717979,0.214152512,0.383126144,635.0,1800.0
0.8155661176219093,0.347252193,0.242827501,0.365563888,635.0,1800.0
0.8151487958441359,0.278977468,0.271001922,0.347765288,635.0,1800.0
0.8133116548687263,0.210278906,0.277780116,0.390908861,635.0,1800.0
0.8125355462430668,0.141346585,0.266722608,0.43014075,635.0,1800.0
0.8078470423881662,0.090036716,0.252412741,0.417676023,635.0,1800.0
0.7981527027539317,0.032741821,0.255183894,0.395010398,635.0,1800.0
0.7908436557130031,0.0,0.259442729,0.397767547,635.0,1800.0
0.7608552705349504,0.0,0.256584706,0.401352222,635.0,1800.0
0.7255414110668293,0.0,0.253413141,0.371270878,635.0,1800.0
0.6441644138427165,0.0,0.211631014,0.322481854,635.0,1800.0
0.6154249023106847,0.0,0.230648039,0.322243016,635.0,1800.0
0.587336902715981,0.0,0.256208793,0.328436708,635.0,1800.0
0.5812889854469219,0.0,0.259366162,0.324098003,635.0,1800.0
0.5883619733968609,0.0,0.237353997,0.314657206,635.0,1800.0
0.5979442726562376,0.0,0.227085896,0.307103734,635.0,1800.0
0.6108249868795504,0.003671887,0.219596396,0.307425727,635.0,1800.0
0.6457215241722108,0.090221672,0.209232505,0.341236816,635.0,1800.0
0.6798900561662712,0.185128291,0.197405338,0.388828648,635.0,1800.0
0.7090607850015099,0.293769647,0.191973225,0.416899745,635.0,1800.0
0.7054602733807841,0.412732925,0.201733108,0.428286456,635.0,1800.0
0.7004083661913345,0.503513579,0.153208054,0.386736341,635.0,1800.0
0.6971443894888106,0.537390867,0.16846911,0.379034733,635.0,1800.0
0.6937939018809405,0.503698903,0.183906564,0.401362206,635.0,1800.0
0.6923183169826025,0.47012711,0.181178774,0.417608242,635.0,1800.0
0.6914600368827789,0.410213649,0.174207178,0.43244639,635.0,1800.0
0.6910862472817534,0.357119516,0.147861354,0.430853906,635.0,1800.0
0.6897214560748899,0.280646309,0.119241062,0.41798689,635.0,1800.0
0.6882039078761759,0.185280094,0.093599256,0.381662824,635.0,1800.0
0.6848862891230963,0.079352945,0.087774723,0.370184688,635.0,1800.0
0.6823096015661482,0.00104216,0.087669194,0.354393218,635.0,1800.0
0.6791669433493157,0.0,0.094031029,0.343308003,635.0,1800.0
0.6654243021674185,0.0,0.097370606,0.336372731,635.0,1800.0
0.6437917783302162,0.0,0.097141079,0.300963856,635.0,1800.0
0.6134820920434182,0.0,0.096026371,0.260348508,635.0,1800.0
0.5821387946748358,0.0,0.08556039,0.237976721,635.0,1800.0
0.5834892290058649,0.0,0.07039988450000001,0.1958841495,635.0,1800.0
0.5963156543733802,0.0,0.070384699,0.175851875,635.0,1800.0
0.6071775262191338,0.005606997,0.069762298,0.15921877,635.0,1800.0
0.6427569670281805,0.085784175,0.061006752,0.13228271,635.0,1800.0
0.6734349033971333,0.195150652,0.039603949,0.129955477,635.0,1800.0
0.6984731734253273,0.300617734,0.029302439,0.126373025,635.0,1800.0
0.6977530154249612,0.433652935,0.027449885,0.116462226,635.0,1800.0
0.6922290361852586,0.52168531,0.016566282,0.088189606,635.0,1800.0
0.6916177331508121,0.604851357,0.015657259,0.086814215,635.0,1800.0
0.689360499842819,0.600858518,0.017616019,0.078401538,635.0,1800.0
0.6883570797884357,0.573530537,0.022267935,0.081211163,635.0,1800.0
0.6884704127132779,0.50419153,0.026024148,0.100007781,635.0,1800.0
0.6882134179049828,0.425752348,0.031646496,0.107503539,635.0,1800.0
0.6884182010113539,0.29903937,0.036416208,0.116229145,635.0,1800.0
0.6860101964967281,0.155666855,0.047807625,0.142370465,635.0,1800.0
0.679089019175444,0.059700137,0.070214721,0.174185666,635.0,1800.0
0.6766595945603894,0.001059775,0.085774819,0.226304839,635.0,1800.0
0.6693432990057283,0.0,0.0899951765,0.284671263,635.0,1800.0
0.6474882189199086,0.0,0.0797810165,0.277056679,635.0,1800.0
0.6112919583914234,0.0,0.07912843550000001,0.338652972,635.0,1800.0
0.6288365943243985,0.0,0.0694912385,0.355367772,635.0,1800.0
0.6840236231952399,0.0,0.068023466,0.330868271,635.0,1800.0
0.7524554607050371,0.003435027,0.068441845,0.351219653,635.0,1800.0
0.8119690221350327,0.068540205,0.066815338,0.358281513,635.0,1800.0
0.839218499795143,0.177854466,0.051026666,0.346856438,635.0,1800.0
0.8402710375443084,0.289622308,0.050448956,0.354721585,635.0,1800.0
0.8335168809324607,0.405432779,0.048752825,0.361673903,635.0,1800.0
0.8281345327197668,0.483832995,0.039946184,0.332118477,635.0,1800.0
0.8261573302565327,0.525281669,0.04478953,0.359709711,635.0,1800.0
0.8222918376038503,0.504277083,0.048523878,0.376935394,635.0,1800.0
0.8180766982829057,0.482636446,0.055410269,0.384452405,635.0,1800.0
0.8156739571596068,0.386583846,0.066308093,0.388293896,635.0,1800.0
0.8143468355559761,0.340174173,0.071280902,0.363480584,635.0,1800.0
0.8137385788061962,0.265124679,0.071355702,0.333372882,635.0,1800.0
0.8089995713162962,0.165565788,0.067084607,0.30776398,635.0,1800.0
0.7980673922013991,0.071304175,0.069704935,0.295573613,635.0,1800.0
0.7956616955986989,0.001714329,0.071851154,0.26007884,635.0,1800.0
0.7595254711702114,0.0,0.070642047,0.249234431,635.0,1800.0
0.7246727897717559,0.0,0.069204013,0.252868853,635.0,1800.0
0.6637487349111516,0.0,0.064132674,0.28928457,635.0,1800.0
0.6272690739666119,0.0,0.063922461,0.3293348955,635.0,1800.0
0.619171661544504,0.0,0.07019193800000001,0.4246895595,635.0,1800.0
0.6485226609361517,0.0,0.077484452,0.4952529,635.0,1800.0
0.6917878008077274,0.0,0.076341317,0.522840978,635.0,1800.0
0.7599241434023659,0.008696523,0.072386753,0.552685468,635.0,1800.0
0.816829995015288,0.125557624,0.062990076,0.585302707,635.0,1800.0
0.8378758670614495,0.282309996,0.047834695,0.582017398,635.0,1800.0
0.8282636074333016,0.438092184,0.036101528,0.554946803,635.0,1800.0
0.8219343439024795,0.616727131,0.041942906,0.539838524,635.0,1800.0
0.8199201180778644,0.749142205,0.058666637,0.522700867,635.0,1800.0
0.8192611734313059,0.773971803,0.066851017,0.532640763,635.0,1800.0
0.8158257437944617,0.754348386,0.065084352,0.509640154,635.0,1800.0
0.8112819179140485,0.719631571,0.055445282,0.450329994,635.0,1800.0
0.808566461352979,0.688797784,0.046457076,0.393771145,635.0,1800.0
0.8057644010928618,0.582520007,0.040428453,0.350026636,635.0,1800.0
0.8050802516884666,0.447317673,0.032289994,0.320894056,635.0,1800.0
0.8004408655283484,0.280736728,0.028762319,0.315359828,635.0,1800.0
0.7908471639777421,0.11716272,0.035112045,0.321793273,635.0,1800.0
0.7828580292453071,0.002294889,0.044811329,0.336417313,635.0,1800.0
0.7555069908670482,0.0,0.056885797,0.367464028,635.0,1800.0
0.7261520214625733,0.0,0.073338274,0.415541745,635.0,1800.0
0.6613005218250504,0.0,0.087346536,0.485075558,635.0,1800.0
0.634579298559616,0.0,0.091939614,0.530793993,635.0,1800.0
0.6135017117140484,0.0,0.0903999935,0.5804773215,635.0,1800.0
0.6178579737844999,0.0,0.080876158,0.576101049,635.0,1800.0
0.6425579080338655,0.0,0.07558368,0.544349433,635.0,1800.0
0.6857078229170198,0.0,0.073675861,0.495389801,635.0,1800.0
0.7532942600927989,0.016771307,0.069495543,0.442912227,635.0,1800.0
0.81100604157588,0.189996279,0.062509637,0.401085602,635.0,1800.0
0.8240456988831718,0.383841482,0.041354247,0.352062199,635.0,1800.0
0.82007172045094,0.569733469,0.025376483,0.313365798,635.0,1800.0
0.8168712650141493,0.729648157,0.034792937,0.30571281,635.0,1800.0
0.8161269176841686,0.851959599,0.041776527,0.247904431,635.0,1800.0
0.8171783478742223,0.923734828,0.059440504,0.246429799,635.0,1800.0
0.8158623058385827,0.944507027,0.073590626,0.21703919,635.0,1800.0
0.8128745739977856,0.910241059,0.080951298,0.186494214,635.0,1800.0
0.8110456505674797,0.822794149,0.088118048,0.162318084,635.0,1800.0
0.8085966524466615,0.690447494,0.09212666,0.149081623,635.0,1800.0
0.8080314208223306,0.52101013,0.086754323,0.144563371,635.0,1800.0
0.8026977296499708,0.327671073,0.096148305,0.151646814,635.0,1800.0
0.7872218161227379,0.141798714,0.12481294,0.169164124,635.0,1800.0
0.780706881011236,0.002813811,0.162550855,0.211361703,635.0,1800.0
0.7546989830807819,0.0,0.187570011,0.277621007,635.0,1800.0
0.7247520992230326,0.0,0.203115635,0.345915099,635.0,1800.0
0.6591327084386728,0.0,0.228713806,0.466242363,635.0,1800.0
0.6309622138511918,0.0,0.227630452,0.535173951,635.0,1800.0
0.6098984300356217,0.0,0.228864318,0.581979312,635.0,1800.0
0.6101547092387732,0.0,0.2230672155,0.5846557415,635.0,1800.0
0.64057747416253,0.0,0.219072058,0.54558864,635.0,1800.0
0.6838062831125832,0.0,0.213197308,0.509491005,635.0,1800.0
0.749731048888935,0.020978169,0.204718539,0.489641833,635.0,1800.0
0.8007284670135473,0.197397514,0.177932519,0.477619463,635.0,1800.0
0.8188998944097153,0.394501492,0.128711847,0.46403819,635.0,1800.0
0.8173204408813032,0.58297792,0.080521731,0.442934212,635.0,1800.0
0.8172632899031964,0.743478805,0.075608804,0.423079773,635.0,1800.0
0.8189766188935858,0.863597964,0.057938999,0.343824801,635.0,1800.0
0.8215726950317062,0.935237889,0.06357766,0.298474915,635.0,1800.0
0.8184057553543697,0.953800002,0.068298179,0.252126498,635.0,1800.0
0.8147083916330478,0.917221825,0.075177517,0.216751178,635.0,1800.0
0.8131788869658608,0.828968513,0.082990235,0.206040788,635.0,1800.0
0.8106515026910984,0.695338766,0.095223511,0.216796892,635.0,1800.0
0.8090497978958145,0.524848365,0.099287679,0.231642668,635.0,1800.0
0.8032973068745746,0.332564987,0.130619492,0.263293814,635.0,1800.0
0.7898241704175951,0.145270144,0.191587715,0.305137857,635.0,1800.0
0.7784771616986293,0.003340323,0.249609827,0.35465066,635.0,1800.0
0.7522878858846386,0.0,0.26674394,0.395217676,635.0,1800.0
0.7239551710047573,0.0,0.259942727,0.429619853,635.0,1800.0
0.6593009298986101,0.0,0.265712545,0.421425422,635.0,1800.0
0.6309289296120235,0.0,0.24693246,0.427788862,635.0,1800.0
0.607045751242018,0.0,0.214702675,0.44100978550000003,635.0,1800.0
0.6236541128089121,0.0,0.1882576325,0.43322537699999997,635.0,1800.0
0.6791983347958117,0.0,0.181238751,0.421331825,635.0,1800.0
0.7457608557769234,0.025452777,0.17923575,0.416759489,635.0,1800.0
0.7998984392818512,0.199643153,0.158565759,0.404972764,635.0,1800.0
0.8186664890860339,0.395654627,0.11161396,0.387949936,635.0,1800.0
0.817688182984222,0.582296424,0.074957277,0.366041342,635.0,1800.0
0.8181921084610433,0.741337755,0.074608483,0.371088844,635.0,1800.0
0.8200584251019132,0.859953553,0.062172902,0.349804643,635.0,1800.0
0.8201343184193406,0.930574836,0.070693262,0.382368207,635.0,1800.0
0.8193731674755941,0.948314063,0.081690799,0.392240117,635.0,1800.0
0.818658918445594,0.910961765,0.090810836,0.400413525,635.0,1800.0
0.8155780283563434,0.821028084,0.096654493,0.418548153,635.0,1800.0
0.8132491483684031,0.686232429,0.095600044,0.451645885,635.0,1800.0
0.8114315815615692,0.517805151,0.087710934,0.493018611,635.0,1800.0
0.8025022709850032,0.324201369,0.096855164,0.523847424,635.0,1800.0
0.7899951620346553,0.141955059,0.120861926,0.520168534,635.0,1800.0
0.7786271024016311,0.003870853,0.138397119,0.490013968,635.0,1800.0
0.7519784023189384,0.0,0.139886963,0.460369668,635.0,1800.0
0.7239551710047573,0.0,0.131042278,0.452941387,635.0,1800.0
0.6408794326229852,0.0,0.130403116,0.495472796,635.0,1800.0
0.6105660070151309,0.0,0.120121148,0.495982432,635.0,1800.0
0.5821976999178745,0.0,0.115450182,0.472091642,635.0,1800.0
0.5769977914800712,0.0,0.108848603,0.425700113,635.0,1800.0
0.5912630089768924,0.0,0.097034247,0.35546380499999997,635.0,1800.0
0.6061359749791327,0.030155067,0.08393897,0.30104446,635.0,1800.0
0.6383833011344159,0.197910598,0.061983225,0.26793014,635.0,1800.0
0.6648934168061729,0.381019525,0.036835249,0.231176946,635.0,1800.0
0.6896398844457264,0.561375134,0.026925224,0.197974019,635.0,1800.0
0.6902852560249649,0.714030357,0.029641823,0.18239737,635.0,1800.0
0.6881310615062272,0.825270821,0.02922927,0.151116976,635.0,1800.0
0.6882366846000768,0.900601682,0.035627342,0.156787733,635.0,1800.0
0.6859799132721561,0.899649114,0.040450442,0.158992995,635.0,1800.0
0.6856859408365187,0.865607882,0.048039574,0.163278171,635.0,1800.0
0.6867975689521579,0.774840431,0.053180466,0.174722559,635.0,1800.0
0.6865079366105146,0.645671647,0.056687686,0.187613647,635.0,1800.0
0.6856418545488087,0.480156051,0.058918913,0.189840651,635.0,1800.0
0.6817239652696107,0.307243338,0.068664468,0.184496254,635.0,1800.0
0.6736794797568831,0.138954364,0.101191452,0.200063524,635.0,1800.0
0.670891776670866,0.004439323,0.126853746,0.237947626,635.0,1800.0
0.670057409507988,0.0,0.140209061,0.286902741,635.0,1800.0
0.6598526815144476,0.0,0.133204116,0.321416796,635.0,1800.0
0.641128717997975,0.0,0.102757886,0.376107118,635.0,1800.0
0.6116142982593786,0.0,0.097119428,0.380758176,635.0,1800.0
0.5843347219016006,0.0,0.089959185,0.372894447,635.0,1800.0
0.5773759204459975,0.0,0.080775739,0.353596304,635.0,1800.0
0.5789521426988703,0.0,0.080255452,0.317251519,635.0,1800.0
0.5870077075144641,0.0,0.081484935,0.292001368,635.0,1800.0
0.5961710226631813,0.0,0.086820375,0.289474698,635.0,1800.0
0.6062746053229509,0.034150025,0.092328718,0.304630281,635.0,1800.0
0.6367718096525314,0.186177022,0.086036379,0.308548465,635.0,1800.0
0.6609888688751654,0.355494539,0.061082385,0.315327754,635.0,1800.0
0.6870708596601078,0.52403416,0.039424393,0.322074012,635.0,1800.0
0.6875766323944065,0.66312674,0.042317474,0.341824704,635.0,1800.0
0.687421706018371,0.759446929,0.037712663,0.336679643,635.0,1800.0
0.6887611068799944,0.826035478,0.047691092,0.34028009,635.0,1800.0
0.6896567801903819,0.836380638,0.062944606,0.355568861,635.0,1800.0
0.6907919520565962,0.802664867,0.08023666,0.378883408,635.0,1800.0
0.6916921490599449,0.687360314,0.094348304,0.414261343,635.0,1800.0
0.6895506951164599,0.584389179,0.104205166,0.45766848,635.0,1800.0
0.6886493905539995,0.438808319,0.105629238,0.490911687,635.0,1800.0
0.6829339228941406,0.259315042,0.124688146,0.551578658,635.0,1800.0
0.6732506628278973,0.106121912,0.165582468,0.63537391,635.0,1800.0
0.6681427592791158,0.00440447,0.203320548,0.698238924,635.0,1800.0
0.6686402223374212,0.0,0.223861733,0.741724591,635.0,1800.0
0.6576907309667102,0.0,0.23750282,0.758164073,635.0,1800.0
0.6592872653632127,0.0,0.251499565,0.793882348,635.0,1800.0
0.6309160037144921,0.0,0.234929308,0.764167241,635.0,1800.0
0.6090887603141566,0.0,0.235975256,0.730656733,635.0,1800.0
0.6079944436920974,0.0,0.259987821,0.681237647,635.0,1800.0
0.6369794551794771,0.0,0.283283435,0.644310898,635.0,1800.0
0.6797622739364393,0.0,0.285287971,0.606095941,635.0,1800.0
0.7457608557769234,0.032391828,0.281577618,0.583988699,635.0,1800.0
0.8012949911215813,0.145879245,0.246459523,0.616179015,635.0,1800.0
0.8224303295524904,0.287464918,0.20334216,0.699476671,635.0,1800.0
0.8223051329528771,0.423432181,0.202512975,0.759920451,635.0,1800.0
0.8201554614642884,0.537512847,0.243653594,0.775491735,635.0,1800.0
0.8205066770089223,0.621186295,0.201097873,0.734077189,635.0,1800.0
0.8197091482828341,0.664523865,0.257113041,0.737307256,635.0,1800.0
0.8162699333257699,0.62014077,0.305407907,0.747302445,635.0,1800.0
0.8122615171623757,0.598341204,0.33279929,0.775569331,635.0,1800.0
0.8102267017409626,0.502138662,0.342299676,0.8045618,635.0,1800.0
0.808706614971693,0.410692067,0.335571769,0.818844983,635.0,1800.0
0.8085877893225183,0.303176624,0.318882619,0.808096607,635.0,1800.0
0.8049251403878398,0.195237544,0.28098901,0.811209109,635.0,1800.0
0.7942474168478704,0.084078838,0.24575538,0.816688087,635.0,1800.0
0.7901740934785259,0.005102755,0.217452584,0.819351449,635.0,1800.0
0.7605480955439877,0.0,0.196387124,0.815063444,635.0,1800.0
0.725739823885574,0.0,0.194409427,0.821301065,635.0,1800.0
0.662376188205538,0.0,0.211047303,0.85414469,635.0,1800.0
0.6352210237440623,0.0,0.204572895,0.857128458,635.0,1800.0
0.6148730121671068,0.0,0.208788753,0.864566876,635.0,1800.0
0.6154849154442413,0.0,0.2351660855,0.8724679799999999,635.0,1800.0
0.6432788506049802,0.0,0.270351376,0.887540087,635.0,1800.0
0.6852505222984641,0.0,0.292369568,0.897734288,635.0,1800.0
0.752633561645277,0.022638348,0.31084615,0.897676558,635.0,1800.0
0.8137785569841665,0.09440709,0.316725388,0.897251344,635.0,1800.0
0.8426364789135575,0.173834039,0.319061527,0.89865534,635.0,1800.0
0.8400153816165674,0.263350024,0.404482587,0.903094929,635.0,1800.0
0.8349986518566459,0.299382285,0.480331118,0.902155016,635.0,1800.0
0.8291440460062954,0.343894007,0.371609114,0.860744979,635.0,1800.0
0.8284731912881149,0.356307908,0.397540119,0.833313451,635.0,1800.0
0.8236678929718901,0.368036881,0.391708381,0.7925734195,635.0,1800.0
0.8201267477789006,0.319009943,0.345306087,0.75105515,635.0,1800.0
0.816992307107172,0.276944262,0.301049494,0.722645196,635.0,1800.0
0.8156931608161878,0.21300043,0.237213664,0.704442818,635.0,1800.0
0.8099036464335666,0.12402314,0.182469377,0.657260049,635.0,1800.0
0.7965702022780409,0.049484533,0.152172399,0.643108064,635.0,1800.0
0.7889282207145388,0.003002899,0.131864787,0.637560287,635.0,1800.0
0.7593204110083593,0.0,0.12657529,0.629272066,635.0,1800.0
0.7267833599828559,0.0,0.13464069,0.601166902,635.0,1800.0
0.659923220038752,0.0,0.195865474,0.596008097,635.0,1800.0
0.632552100573181,0.0,0.221595935,0.599704294,635.0,1800.0
0.6113582267484161,0.0,0.260909395,0.636935602,635.0,1800.0
0.6085802642835546,0.0,0.313056053,0.670145378,635.0,1800.0
0.6134691199478796,0.0,0.367805632,0.68321559,635.0,1800.0
0.6386320787290133,0.0,0.430226667,0.708517038,635.0,1800.0
0.6825950330043501,0.0,0.485420195,0.722275219,635.0,1800.0
0.7489051292669787,0.022633396,0.531334393,0.734564946,635.0,1800.0
0.8052556742047862,0.09623576,0.54829734,0.719063148,635.0,1800.0
0.8310735153893399,0.20843775,0.537704153,0.699385923,635.0,1800.0
0.8302304687012858,0.326853354,0.611081405,0.721471514,635.0,1800.0
0.8278589340998914,0.449882007,0.690140932,0.722176162,635.0,1800.0
0.825960025659712,0.539036537,0.599295311,0.668537758,635.0,1800.0
0.8252832619711654,0.606950829,0.669371006,0.704804174,635.0,1800.0
0.8226914324705251,0.608029699,0.680260735,0.735285367,635.0,1800.0
0.8196008480906884,0.568458333,0.659397201,0.750731425,635.0,1800.0
0.8173007745818378,0.532748223,0.628426936,0.729722273,635.0,1800.0
0.8171379083789918,0.419741439,0.582305645,0.702966431,635.0,1800.0
0.8194756514910753,0.338333205,0.484684904,0.738328378,635.0,1800.0
0.8169672866111145,0.220550286,0.370633026,0.776856723,635.0,1800.0
0.8105694233478239,0.107888827,0.303318185,0.780309047,635.0,1800.0
0.7996639263990581,0.006884787,0.241942513,0.75790657,635.0,1800.0
0.7614020362126294,0.0,0.207782725,0.728488311,635.0,1800.0
0.7243552742483556,0.0,0.202687396,0.716136416,635.0,1800.0
0.6655485290728482,0.0,0.248857589,0.693098771,635.0,1800.0
0.6277357223906996,0.0,0.2521133505,0.708931424,635.0,1800.0
0.6180272570032292,0.0,0.2868416205,0.7182618795,635.0,1800.0
0.646288094478252,0.0,0.32183232,0.741680702,635.0,1800.0
0.6892464749420865,0.0,0.346938118,0.762733066,635.0,1800.0
0.756396386020699,0.034690269,0.366614118,0.765668481,635.0,1800.0
0.8201021886001034,0.120168212,0.36432546,0.746171414,635.0,1800.0
0.8498145131782086,0.231782409,0.432180738,0.760659594,635.0,1800.0
0.8503451214839732,0.34319295,0.432943496,0.778840827,635.0,1800.0
0.8456897635393442,0.450859395,0.441624439,0.782322157,635.0,1800.0
0.842750780869771,0.570198031,0.427859419,0.795703353,635.0,1800.0
0.8407507736915153,0.616460628,0.421308823,0.80648685,635.0,1800.0
0.8375817103640326,0.637422613,0.436540586,0.80682263,635.0,1800.0
0.8325051518648964,0.606380311,0.441607296,0.845004745,635.0,1800.0
0.8277397386015339,0.541394808,0.449749668,0.844877385,635.0,1800.0
0.8255031870212286,0.488604742,0.446413862,0.846524817,635.0,1800.0
0.8260276099639583,0.363910845,0.402075084,0.845371486,635.0,1800.0
0.8265516630575053,0.238096453,0.324464399,0.840577679,635.0,1800.0
0.8160008899181124,0.116627679,0.255646696,0.837917608,635.0,1800.0
0.8045358860536027,0.008999126,0.208850017,0.832139815,635.0,1800.0
0.7617538979991149,0.0,0.182484777,0.809684373,635.0,1800.0
0.7275101653263295,0.0,0.172147774,0.799946519,635.0,1800.0
0.6705783235231665,0.0,0.162761405,0.815853591,635.0,1800.0
0.652197312139623,0.0,0.148905952,0.783865108,635.0,1800.0
0.6375665683872,0.0,0.148348406,0.7163127844999999,635.0,1800.0
0.6438023960506973,0.0,0.147198539,0.642861381,635.0,1800.0
0.6738410077419872,0.0,0.145216806,0.580722026,635.0,1800.0
0.7226206630224657,0.0,0.146692096,0.53177539,635.0,1800.0
0.776229254157664,0.049417937,0.141007475,0.495924436,635.0,1800.0
0.8289425869028841,0.166607022,0.114682289,0.474169693,635.0,1800.0
0.8498145131782086,0.318914882,0.074399716,0.43095496,635.0,1800.0
0.8422038302675006,0.486519104,0.083891115,0.380980932,635.0,1800.0
0.8330700143028567,0.620128444,0.106198357,0.332594491,635.0,1800.0
0.827658305500111,0.691487246,0.084269231,0.246037298,635.0,1800.0
0.8243104949905369,0.708480713,0.091161874,0.190371864,635.0,1800.0
0.8207331572712031,0.660696797,0.091857622,0.135534112,635.0,1800.0
0.8170149275604144,0.609521363,0.084622098,0.107066339,635.0,1800.0
0.8133634503246167,0.524817542,0.075033399,0.089513209,635.0,1800.0
0.810745769161476,0.438338817,0.069872038,0.090610469,635.0,1800.0
0.8099957899166101,0.349869564,0.066764688,0.110138648,635.0,1800.0
0.8054481780531647,0.220644903,0.059565513,0.139797375,635.0,1800.0
0.7945803513704438,0.098089436,0.088743758,0.175983476,635.0,1800.0
0.7882196963931256,0.007884188,0.136135694,0.230974779,635.0,1800.0
0.7596231544372504,0.0,0.18117067,0.292931305,635.0,1800.0
0.7273646104513605,0.0,0.209773208,0.350098675,635.0,1800.0
0.6436772917145361,0.0,0.248945569,0.361348437,635.0,1800.0
0.6133612348087057,0.0,0.25084845,0.397395714,635.0,1800.0
0.5852502455743891,0.0,0.247567498,0.41135087,635.0,1800.0
0.579282284263583,0.0,0.22434429449999999,0.38719301100000003,635.0,1800.0
0.5870938494322833,0.0,0.204758071,0.366255423,635.0,1800.0
0.5963855465895519,0.0,0.197352323,0.352114001,635.0,1800.0
0.6068504546014817,0.058892587,0.191985649,0.318405832,635.0,1800.0
0.6410968187048055,0.168773567,0.170774018,0.26616842,635.0,1800.0
0.6707241090567656,0.283869247,0.141984292,0.222954819,635.0,1800.0
0.6981451317820857,0.4396692,0.155090365,0.205637228,635.0,1800.0
0.6983867539880586,0.553972816,0.16503911,0.203694994,635.0,1800.0
0.6942933957956903,0.632855471,0.111616557,0.218370999,635.0,1800.0
0.6924428673403641,0.682766519,0.135967447,0.220232507,635.0,1800.0
0.6901119564959795,0.661218633,0.159395497,0.243815868,635.0,1800.0
0.6899663558869717,0.598420449,0.166333142,0.250434548,635.0,1800.0
0.6907980452887417,0.4894632,0.14569926,0.239630327,635.0,1800.0
0.6906154206555406,0.386205348,0.122502974,0.232932991,635.0,1800.0
0.6893214913590322,0.290952274,0.08405594,0.212042234,635.0,1800.0
0.6865974023324498,0.178289372,0.062241576,0.161505212,635.0,1800.0
0.6807192527315242,0.070823517,0.061682692,0.11709431,635.0,1800.0
0.6793365496889708,0.006172082,0.069368559,0.091168248,635.0,1800.0
0.6730611595301466,0.0,0.0669850085,0.0868380135,635.0,1800.0
0.6436772917145361,0.0,0.050725313,0.0799624,635.0,1800.0
0.6005564603328117,0.0,0.054614742,0.0782911255,635.0,1800.0
0.5831968264739582,0.0,0.0556295625,0.089096167,635.0,1800.0
0.589595982220952,0.0,0.054610102,0.05677525,635.0,1800.0
0.5991968394253078,0.0,0.058499356,0.042883934,635.0,1800.0
0.6102680648649317,0.044341414,0.067764344,0.030222356,635.0,1800.0
0.6428230276598439,0.145949378,0.065565438,0.028753132,635.0,1800.0
0.6722655701924253,0.289245842,0.04363211,0.040745919,635.0,1800.0
0.7001313365600155,0.438639023,0.048035645,0.049027705,635.0,1800.0
0.7016561783436885,0.568899854,0.060378532,0.067331608,635.0,1800.0
0.6979582605114045,0.638347571,0.059446566,0.091572777,635.0,1800.0
0.6951780823317885,0.662218552,0.074866777,0.169453852,635.0,1800.0
0.6902783316263765,0.65426219,0.088016574,0.252496279,635.0,1800.0
0.6897945331034686,0.612507631,0.104541966,0.333533561,635.0,1800.0
0.6884579021338431,0.567963606,0.124882579,0.440179525,635.0,1800.0
0.6882134179049828,0.475342988,0.158888289,0.569343186,635.0,1800.0
0.6872789667694387,0.366088053,0.179614271,0.675772312,635.0,1800.0
0.684686722348389,0.233879599,0.234342954,0.761858188,635.0,1800.0
0.6771646282591347,0.102981567,0.323394891,0.810521415,635.0,1800.0
0.6721093977295376,0.005484389,0.418324897,0.851536146,635.0,1800.0
0.6728052729437755,0.0,0.466835344,0.878725731,635.0,1800.0
0.660584472597236,0.0,0.488887455,0.903287136,635.0,1800.0
0.6591248605439082,0.0,0.484142626,0.919345202,635.0,1800.0
0.631326493622254,0.0,0.497976624,0.926656297,635.0,1800.0
0.6084490663507014,0.0,0.498141748,0.9260143015,635.0,1800.0
0.6134691199478796,0.0,0.508522533,0.929664904,635.0,1800.0
0.6396732145183553,0.0,0.516630141,0.928996431,635.0,1800.0
0.6821675549559181,0.0,0.542061196,0.919819186,635.0,1800.0
0.7472543982449901,0.053701119,0.54388099,0.908702697,635.0,1800.0
0.8025201828206929,0.139025497,0.516367177,0.895054445,635.0,1800.0
0.8245089999401711,0.254808347,0.487337088,0.870023114,635.0,1800.0
0.8244515719065835,0.342654413,0.507528202,0.828013339,635.0,1800.0
0.8229991615724498,0.435831123,0.537945425,0.749824863,635.0,1800.0
0.8219343439024795,0.49378827,0.424759405,0.64856374,635.0,1800.0
0.8227200540250234,0.550787541,0.48029213,0.579163251,635.0,1800.0
0.8222918376038503,0.563203953,0.515800138,0.529801668,635.0,1800.0
0.8250151418608405,0.560591101,0.53747833,0.537676294,635.0,1800.0
0.8241491055331733,0.57295507,0.54797307,0.539165645,635.0,1800.0
0.8250603821045132,0.482345856,0.526620828,0.561913783,635.0,1800.0
0.8311663972451246,0.406733394,0.474655325,0.598265296,635.0,1800.0
0.828512985204306,0.260769098,0.39484705,0.627129746,635.0,1800.0
0.8141156460133304,0.121715689,0.383247553,0.634624873,635.0,1800.0
0.8029284572125439,0.010511989,0.385404018,0.631716285,635.0,1800.0
0.7620192482174419,0.0,0.401830043,0.629180387,635.0,1800.0
0.7249104881297683,0.0,0.433797534,0.662247188,635.0,1800.0
0.6579938897136978,0.0,0.467258672,0.65551607,635.0,1800.0
0.6332353272104934,0.0,0.512607195,0.71430874,635.0,1800.0
0.6147107920072687,0.0,0.540663183,0.742192586,467.0,1323.0
0.6143522826788324,0.0,0.567575205,0.7695417055,467.0,1323.0
0.6406096965766253,0.0,0.567679276,0.812359622,467.0,1323.0
0.6786063282116479,0.0,0.562875698,0.822115094,467.0,1323.0
0.7421373081197336,0.042867799,0.557206718,0.843044864,467.0,1323.0
0.8038244069156004,0.105172781,0.577237057,0.862515129,467.0,1323.0
0.8410526859539634,0.209060267,0.598898153,0.845313122,467.0,1323.0
0.8426128430320928,0.281704718,0.604725584,0.808719834,467.0,1323.0
0.8398514999854992,0.341627025,0.595085489,0.800849716,467.0,1323.0
0.8362702841522438,0.380939016,0.536044417,0.807929735,467.0,1323.0
0.8344608420968118,0.414981025,0.530071853,0.825869611,467.0,1323.0
0.8295017246322575,0.409765516,0.517322516,0.835246282,467.0,1323.0
0.8237623440354529,0.420560641,0.49432096,0.833836287,467.0,1323.0
0.8215377031895816,0.406535519,0.470981052,0.823396179,467.0,1323.0
0.8212067995234525,0.373344468,0.420750017,0.805075417,467.0,1323.0
0.8204017001569244,0.30887199,0.364005911,0.792354953,467.0,1323.0
0.8179906486948199,0.220030189,0.278502804,0.781793251,467.0,1323.0
0.8062526311778413,0.117270981,0.21512808,0.771209755,467.0,1323.0
0.7917398824715405,0.017003092,0.184054525,0.760268758,467.0,1323.0
0.7535153854956755,0.0,0.16673369,0.75577193,467.0,1323.0
0.7179984509881081,0.0,0.154753236,0.749296037,467.0,1323.0
0.6621862235242459,0.0,0.161696999,0.758904999,467.0,1323.0
0.6471906460555019,0.0,0.153376591,0.736069145,467.0,1323.0
0.6350305512492374,0.0,0.1355712315,0.7097850864999999,467.0,1323.0
0.6515060069820566,0.0,0.135966798,0.670745207,467.0,1323.0
0.7115996180306341,0.0,0.150919621,0.688650038,467.0,1323.0
0.7603999093047614,0.074376148,0.160487255,0.685501301,467.0,1323.0
0.8076789127939935,0.191328188,0.144805981,0.671759298,467.0,1323.0
0.8359873919474096,0.328221381,0.104392315,0.660146509,467.0,1323.0
0.8357819619363748,0.481389293,0.113312333,0.659874542,467.0,1323.0
0.8304224184387023,0.605331951,0.136911061,0.663419602,467.0,1323.0
0.8250421017452649,0.684279404,0.1354274,0.639317157,467.0,1323.0
0.8236124961261528,0.703759264,0.141692411,0.65394631,467.0,1323.0
0.8206474768694879,0.696893575,0.150155959,0.646226885,467.0,1323.0
0.8163191444770661,0.648291632,0.144704136,0.629411019,467.0,1323.0
0.8139269281479841,0.558578628,0.137426068,0.59765674,467.0,1323.0
0.8114979648501898,0.435979257,0.139410209,0.575409752,467.0,1323.0
0.8104101575406065,0.303176653,0.14727536,0.570063268,467.0,1323.0
0.8043985023268865,0.191103473,0.142676601,0.592328244,467.0,1323.0
0.7917531778205673,0.090776151,0.15346506,0.626031039,467.0,1323.0
0.7849209121102564,0.014521566,0.170639018,0.646448437,467.0,1323.0
0.7543069124576959,0.0,0.177093552,0.644150581,467.0,1323.0
0.7204016076946287,0.0,0.166789598,0.637709971,467.0,1323.0
0.6543847451634903,0.0,0.151229618,0.598247216,467.0,1323.0
0.6293879766544435,0.0,0.13703174,0.544260137,467.0,1323.0
0.6084778726640879,0.0,0.1278478455,0.470522833,467.0,1323.0
0.6132929583297255,0.0,0.126865764,0.476354276,467.0,1323.0
0.6363611350853029,0.0,0.134674016,0.468607521,467.0,1323.0
0.6765819003823355,0.0,0.150352181,0.41720224,467.0,1323.0
0.7397888088919908,0.059984126,0.160095863,0.352782608,467.0,1323.0
0.7997944778580756,0.160340738,0.132854703,0.30618016,467.0,1323.0
0.8304105083670804,0.316239806,0.120759654,0.294253687,467.0,1323.0
0.8325614716765601,0.473012749,0.124658691,0.304768043,467.0,1323.0
0.8251420001305275,0.599093343,0.122634868,0.326861772,467.0,1323.0
0.8222504748112871,0.663636081,0.07548078,0.313528717,467.0,1323.0
0.8208504140440059,0.709279961,0.098438995,0.31909123,467.0,1323.0
0.8184010467368171,0.663393589,0.119236989,0.302903001,467.0,1323.0
0.8147759752744818,0.613358258,0.134768939,0.263489404,467.0,1323.0
0.8129289557467068,0.563353219,0.149262942,0.218951216,467.0,1323.0
0.8111764790819781,0.473963208,0.158215319,0.19315578,467.0,1323.0
0.8104101575406065,0.350770558,0.159744019,0.172673731,467.0,1323.0
0.8054105084499319,0.240990069,0.167759782,0.151186859,467.0,1323.0
0.7936321435686124,0.125721845,0.19767219,0.136224931,467.0,1323.0
0.7895124717336713,0.023509492,0.235431432,0.120444562,467.0,1323.0
0.7522574177354753,0.0,0.258173163,0.103286084,467.0,1323.0
0.7169402806612454,0.0,0.26149244,0.088360217,467.0,1323.0
0.6575554705587341,0.0,0.192723765,0.095751925,467.0,1323.0
0.6328845272490808,0.0,0.201339961,0.093792772,467.0,1323.0
0.6220055285360733,0.0,0.203616337,0.076843589,467.0,1323.0
0.6324558949132802,0.0,0.199511587,0.060536506000000004,467.0,1323.0
0.6632044620699894,0.0,0.1903601,0.051105685,467.0,1323.0
0.7089219702633501,0.0,0.184972925,0.0548873,467.0,1323.0
0.7597666320589241,0.078135911,0.17226786,0.048411764,467.0,1323.0
0.8038750026814894,0.185719227,0.139801148,0.040739951,467.0,1323.0
0.8306039355127915,0.351928503,0.124848512,0.032844205,467.0,1323.0
0.8295726322766513,0.505561714,0.12745649,0.024417272,467.0,1323.0
0.8229968536605244,0.659243744,0.141851847,0.021009879,467.0,1323.0
0.8201468753956263,0.772154126,0.099993096,0.027224803,467.0,1323.0
0.819423209130521,0.824362364,0.129990501,0.024008946,467.0,1323.0
0.8165852330681345,0.825480249,0.154089636,0.018735475,467.0,1323.0
0.8129297862503376,0.781893732,0.16820744,0.022609683,467.0,1323.0
0.8108492692679916,0.711168493,0.18466296,0.048079241,467.0,1323.0
0.8083109896870172,0.604040829,0.206734275,0.07598978,467.0,1323.0
0.8072314920534274,0.467151255,0.219304422,0.089747322,467.0,1323.0
0.8017803591836734,0.315651346,0.210541798,0.094191922,467.0,1323.0
0.7893796116999163,0.155481692,0.242785436,0.100446976,467.0,1323.0
0.7807722488716343,0.02867316,0.291496221,0.11437315,467.0,1323.0
0.7543368271587094,0.0,0.321521915,0.143461681,467.0,1323.0
0.7196047716072429,0.0,0.325114311,0.172932185,467.0,1323.0
0.6371360894898748,0.0,0.264321339,0.19306182,467.0,1323.0
0.6099403930708729,0.0,0.275719282,0.207916473,467.0,1323.0
0.5821998696003249,0.0,0.274728786,0.1968898935,467.0,1323.0
0.5885486143071774,0.0,0.256400665,0.2020222445,467.0,1323.0
0.602203036417382,0.0,0.246421592,0.181887974,467.0,1323.0
0.6100253347684409,0.096114975,0.230693942,0.151294082,467.0,1323.0
0.6335636914444109,0.22815969,0.180769299,0.136490394,467.0,1323.0
0.6637111574388085,0.399741733,0.15900447,0.121817448,467.0,1323.0
0.6919811358225488,0.563076474,0.168967263,0.110727041,467.0,1323.0
0.6923451847361373,0.695139003,0.185468588,0.104278363,467.0,1323.0
0.6907600986300279,0.801279483,0.162886944,0.110149564,467.0,1323.0
0.6912919536854572,0.875978621,0.188746285,0.120169166,467.0,1323.0
0.689715177255341,0.900074691,0.20994185,0.135906242,467.0,1323.0
0.6893399566428718,0.863417939,0.22543339,0.166823889,467.0,1323.0
0.6902592201006852,0.772226378,0.236583013,0.211813518,467.0,1323.0
0.6899608618370149,0.647143775,0.243539598,0.253836171,467.0,1323.0
0.6891414980900885,0.491632088,0.240903787,0.282464339,467.0,1323.0
0.684919388636517,0.329222853,0.229057479,0.311154601,467.0,1323.0
0.6748908683928567,0.16668982,0.264631705,0.337051095,467.0,1323.0
0.6689964692891274,0.032989991,0.314038468,0.371221786,467.0,1323.0
0.6637846043497106,0.0,0.3290169075,0.413900147,467.0,1323.0
0.6356159564563167,0.0,0.29514989,0.438542642,467.0,1323.0
0.6082461757387373,0.0,0.296258334,0.423248293,467.0,1323.0
0.5811252649454887,0.0,0.284832779,0.397298502,467.0,1323.0
0.5761988318419612,0.0,0.26699948149999997,0.3442195065,467.0,1323.0
0.5854185593640597,0.0,0.239116573,0.246598452,467.0,1323.0
0.5941808020389638,0.001031885,0.215621519,0.211123501,467.0,1323.0
0.6035017671251447,0.105640916,0.191270036,0.218314611,467.0,1323.0
0.6325792911825167,0.244742955,0.133678572,0.219414123,467.0,1323.0
0.6593535567860686,0.417795545,0.090008694,0.195314276,467.0,1323.0
0.6867778111846151,0.591341514,0.086062361,0.177394497,467.0,1323.0
0.6900660700104552,0.747424336,0.097690952,0.161251702,467.0,1323.0
0.6908860342651945,0.86673574,0.082901489,0.131448509,467.0,1323.0
0.6919081038651966,0.93411017,0.106524229,0.146097406,467.0,1323.0
0.6912071508470357,0.950617672,0.139465872,0.173267999,467.0,1323.0
0.6944197927481172,0.913976064,0.168692577,0.184223379,467.0,1323.0
0.6961460479011627,0.828268749,0.191633454,0.196515685,467.0,1323.0
0.6964286173164772,0.699894395,0.20216881,0.21893333,467.0,1323.0
0.6947134417314227,0.538754045,0.213377387,0.260893875,467.0,1323.0
0.6897352591380279,0.357001246,0.205107674,0.312764986,467.0,1323.0
0.6763138724029002,0.176708436,0.251152361,0.38240262,467.0,1323.0
0.6685974278706022,0.036686957,0.310803372,0.455334115,467.0,1323.0
0.6668034041515312,0.0,0.345447361,0.525557968,467.0,1323.0
0.6550582311796468,0.0,0.348865154,0.550462777,467.0,1323.0
0.6524633088649265,0.0,0.337490072,0.541448877,467.0,1323.0
0.6263107794231172,0.0,0.31086153,0.548089771,467.0,1323.0
0.6071428571002477,0.0,0.289549656,0.536235858,467.0,1323.0
0.6041897947760241,0.0,0.268443072,0.510271479,467.0,1323.0
0.6098564670003707,0.0,0.24572337,0.497666177,467.0,1323.0
0.6351809534352024,0.0,0.22650811,0.478899824,467.0,1323.0
0.675403242073412,0.001275545,0.217168849,0.433534628,467.0,1323.0
0.7374727172017785,0.110441259,0.200858214,0.371796976,467.0,1323.0
0.7905343570718943,0.24976625,0.149445052,0.322555553,467.0,1323.0
0.8142929157871273,0.435086538,0.098666046,0.270271638,467.0,1323.0
0.817952240718846,0.611875472,0.096251926,0.223535985,467.0,1323.0
0.8185152558993288,0.762720217,0.111013851,0.168580652,467.0,1323.0
0.8210512269055655,0.874947753,0.109166419,0.133916009,467.0,1323.0
0.8241082047206827,0.940737944,0.128580241,0.147450874,467.0,1323.0
0.8245597806306515,0.955347363,0.149558693,0.173959189,467.0,1323.0
0.8221048735394673,0.917230346,0.167109179,0.196228132,467.0,1323.0
0.819554129775909,0.829395772,0.184259154,0.210273552,467.0,1323.0
0.8172896956766589,0.697475449,0.196906979,0.236480054,467.0,1323.0
0.8161149148188449,0.533691793,0.203691009,0.266553329,467.0,1323.0
0.8096432818882731,0.35192846,0.193475657,0.309636958,467.0,1323.0
0.7927108956512056,0.175866465,0.232904919,0.354781093,467.0,1323.0
0.7784443856375405,0.040222817,0.295541044,0.414023886,467.0,1323.0
0.7496615258591339,0.0,0.333268745,0.466507831,467.0,1323.0
0.7199657278393138,0.0,0.344546122,0.504263786,467.0,1323.0
0.652857549071041,0.0,0.327948502,0.531331932,467.0,1323.0
0.626052953713504,0.0,0.328075808,0.537236113,467.0,1323.0
0.6055338123231541,0.0,0.318954326,0.539938152,467.0,1323.0
0.605717406352273,0.0,0.29847155999999997,0.5411172904999999,467.0,1323.0
0.6344232182276179,0.0,0.270100139,0.535180951,467.0,1323.0
0.6749676392735781,0.001533897,0.252232551,0.52343774,467.0,1323.0
0.7344023983035958,0.112436736,0.227741851,0.506730825,467.0,1323.0
0.7885515226937752,0.250433259,0.171356278,0.482720563,467.0,1323.0
0.8142463823969393,0.433849271,0.113310092,0.450459629,467.0,1323.0
0.818787716103648,0.609231603,0.11216809,0.40693317,467.0,1323.0
0.8215930997039128,0.757751564,0.136384268,0.376083935,467.0,1323.0
0.8259768292734779,0.868131986,0.163610228,0.351216898,467.0,1323.0
0.8300329791798737,0.933635004,0.194045036,0.400645677,467.0,1323.0
0.8306517613866828,0.945380438,0.21330465,0.440120733,467.0,1323.0
0.8272093145575484,0.900543339,0.215243617,0.449457833,467.0,1323.0
0.8253504764262289,0.806798033,0.218946598,0.443608821,467.0,1323.0
0.8229083112359217,0.678277633,0.218339735,0.438489631,467.0,1323.0
0.8208199458948425,0.514406538,0.220743717,0.43344297,467.0,1323.0
0.8134305733116027,0.343732568,0.206883564,0.440590051,467.0,1323.0
0.7950503004333628,0.173261343,0.229133983,0.461732956,467.0,1323.0
0.7782944449345387,0.043010357,0.280847094,0.499662065,467.0,1323.0
0.7496854387960796,0.0,0.308330073,0.528268602,467.0,1323.0
0.7198817091076722,0.0,0.309636436,0.544593517,467.0,1323.0
0.653327405870508,0.0,0.323435464,0.574942602,467.0,1323.0
0.6264388382444616,0.0,0.294533488,0.567973712,467.0,1323.0
0.6052214669334101,0.0,0.268451631,0.563032613,467.0,1323.0
0.6040655906381918,0.0,0.23605349650000002,0.55755116,467.0,1323.0
0.6278833085529409,0.0,0.195977606,0.460525698,467.0,1323.0
0.6710292531912838,0.001737833,0.171904116,0.406387086,467.0,1323.0
0.7304386682729123,0.102020709,0.134406869,0.370491124,467.0,1323.0
0.7888653450278451,0.226754387,0.087072014,0.340094674,467.0,1323.0
0.8142463823969393,0.410188747,0.053886879,0.311301721,467.0,1323.0
0.8184581049212222,0.580121892,0.052552982,0.294732854,467.0,1323.0
0.82065883349296,0.717120744,0.060238323,0.299479899,467.0,1323.0
0.8243775251838212,0.796551958,0.062504784,0.336414912,467.0,1323.0
0.8287361414636271,0.832144008,0.096346415,0.383776214,467.0,1323.0
0.8279780368045472,0.791405934,0.120163531,0.405443703,467.0,1323.0
0.8258026064471599,0.691654213,0.132425973,0.414851585,467.0,1323.0
0.823419530297702,0.623742668,0.131241313,0.400888723,467.0,1323.0
0.8201226854031997,0.501217684,0.132178936,0.388884998,467.0,1323.0
0.8161818528812396,0.369450511,0.125423052,0.390448055,467.0,1323.0
0.8096432818882731,0.251634595,0.124875693,0.389528339,467.0,1323.0
0.7906400722966335,0.11568154,0.14326199,0.41034443,467.0,1323.0
0.777954031902415,0.035317858,0.166813019,0.453565027,467.0,1323.0
0.7498083274837674,0.0,0.179731071,0.499307245,467.0,1323.0
0.7198898345218864,0.0,0.1786309,0.52264874,467.0,1323.0
0.6529128073227566,0.0,0.169598205,0.532874369,467.0,1323.0
0.6264596120367575,0.0,0.160475556,0.526137738,467.0,1323.0
0.6052214669334101,0.0,0.160229344,0.523872389,467.0,1323.0
0.603746389914886,0.0,0.1530172205,0.494556989,467.0,1323.0
0.6282496657098607,0.0,0.15870764,0.389135334,467.0,1323.0
0.6710292531912838,0.00196513,0.168148691,0.323621123,467.0,1323.0
0.7326565696447866,0.095807087,0.164789662,0.307039422,467.0,1323.0
0.7908401467854519,0.206834365,0.127981715,0.32372561,467.0,1323.0
0.8168195616891485,0.339140199,0.11069877,0.342809579,467.0,1323.0
0.8200357125177812,0.463882059,0.114420291,0.341702461,467.0,1323.0
0.8185445243584908,0.573747975,0.119008137,0.375114287,467.0,1323.0
0.8184105561028119,0.649825109,0.095696225,0.486768711,467.0,1323.0
0.8182367031256765,0.653937176,0.114599362,0.487291715,467.0,1323.0
0.8161197162300993,0.612004397,0.15556352,0.48881349,467.0,1323.0
0.8125902043846568,0.515575191,0.204881004,0.508444781,467.0,1323.0
0.8104132966189749,0.426334023,0.241786012,0.535832116,467.0,1323.0
0.8080059383462008,0.319832767,0.277762085,0.557705009,467.0,1323.0
0.8071223600320266,0.22006699,0.306040202,0.526395609,467.0,1323.0
0.8017803591836734,0.142200714,0.294650373,0.461605217,467.0,1323.0
0.7893071345163383,0.067391502,0.273795501,0.390263025,467.0,1323.0
0.7806037507539032,0.021672667,0.250404419,0.335754241,467.0,1323.0
0.753679729106816,0.0,0.218937112,0.313606129,467.0,1323.0
0.7209096883408528,0.0,0.198629882,0.295799521,467.0,1323.0
0.6541995353640392,0.0,0.1123615,0.174546888,467.0,1323.0
0.6287315251758078,0.0,0.133795479,0.20052856,467.0,1323.0
0.6087291430952022,0.0,0.146646444,0.26344892,467.0,1323.0
0.6068981881456397,0.0,0.142625688,0.274995594,467.0,1323.0
0.6136382647051496,0.0,0.129236076,0.263845105,467.0,1323.0
0.6371973029099638,0.0,0.118736214,0.244480685,467.0,1323.0
0.676664026122461,0.001066912,0.106411863,0.233205328,467.0,1323.0
0.7388950749699703,0.057423253,0.09272099,0.234135845,467.0,1323.0
0.7967654760184172,0.148261987,0.07931487,0.22028952,467.0,1323.0
0.8284366299068062,0.248809547,0.063191906,0.190400587,467.0,1323.0
0.8271774617937923,0.317142272,0.048908226,0.155517334,467.0,1323.0
0.8239171782805987,0.391417276,0.039044847,0.117189738,467.0,1323.0
0.8206973342626356,0.444594749,0.024370595,0.076896185,467.0,1323.0
0.8188943546257198,0.441013881,0.025420925,0.073575553,467.0,1323.0
0.8166014832337506,0.414453006,0.025730914,0.07197789,467.0,1323.0
0.8128579553086112,0.368014358,0.026848746,0.081591439,467.0,1323.0
0.8108250792755649,0.314469574,0.027903746,0.093301377,467.0,1323.0
0.8081791457442967,0.262901588,0.025548118,0.116858246,467.0,1323.0
0.806835774637862,0.209787075,0.023029488,0.161105526,467.0,1323.0
0.8012416261265068,0.139974492,0.027170134,0.195310151,467.0,1323.0
0.7884126615587644,0.079783135,0.044268442,0.200997484,467.0,1323.0
0.7789869040149273,0.030037991,0.075074538,0.224225111,467.0,1323.0
0.7508484010503491,0.0,0.100997137,0.260912478,467.0,1323.0
0.720583031975016,0.0,0.11078762,0.301955992,467.0,1323.0
0.6350377528690097,0.0,0.097741152,0.346399412,467.0,1323.0
0.6072686077445417,0.0,0.09404027,0.36355379,467.0,1323.0
0.5804322054235684,0.0,0.085796033,0.374563291,467.0,1323.0
0.5743680384528616,0.0,0.076517543,0.3484272505,467.0,1323.0
0.5827980160454693,0.0,0.074927715,0.302917367,467.0,1323.0
0.5920715245766919,0.001850864,0.075350801,0.276892127,467.0,1323.0
0.6011690560829458,0.073092465,0.068673902,0.263668543,467.0,1323.0
0.6313877993720762,0.166305834,0.051956019,0.260436012,467.0,1323.0
0.657355626794827,0.277054705,0.036342691,0.254391362,467.0,1323.0
0.6867466967936001,0.411197907,0.032819986,0.243219769,467.0,1323.0
0.69011888155738,0.541217945,0.038775423,0.220581759,467.0,1323.0
0.6910297425454983,0.632439618,0.041811325,0.211158773,467.0,1323.0
0.6918811446435844,0.637480149,0.054762209,0.243252747,467.0,1323.0
0.6904905475082592,0.669609063,0.064833512,0.258994617,467.0,1323.0
0.6906988395421814,0.610199969,0.07502639,0.259315143,467.0,1323.0
0.6915141409134068,0.519063653,0.08485378,0.261627302,467.0,1323.0
0.6910892942292323,0.441748888,0.091531795,0.281865694,467.0,1323.0
0.690666478401502,0.333522665,0.10385764,0.339739926,467.0,1323.0
0.6866063582502947,0.213293507,0.122799949,0.424319303,467.0,1323.0
0.67551879077929,0.112588221,0.174525958,0.530281958,467.0,1323.0
0.6686477465810101,0.028097813,0.247504764,0.630620821,467.0,1323.0
0.6671319992429227,0.0,0.293800531,0.678009498,467.0,1323.0
0.6551824584164826,0.0,0.301413146,0.69413203,467.0,1323.0
0.6355617599633931,0.0,0.260670504,0.683627714,467.0,1323.0
0.5925535917016872,0.0,0.2496989305,0.6497698350000001,467.0,1323.0
0.5717956210300845,0.0,0.227332998,0.642091195,467.0,1323.0
0.5844089535489543,0.0013894165,0.2228052225,0.6442114299999999,467.0,1323.0
0.5989406293866048,0.083896557,0.198823631,0.601844835,467.0,1323.0
0.6298545096497943,0.190467986,0.142450273,0.556816536,467.0,1323.0
0.6572147805374104,0.319674259,0.114849961,0.513060379,467.0,1323.0
0.686826791014469,0.455373024,0.110130639,0.480947313,467.0,1323.0
0.69032717292849,0.553808467,0.122934758,0.449414046,467.0,1323.0
0.6906104349825071,0.640349072,0.113659291,0.389502763,467.0,1323.0
0.6914153964841069,0.678428835,0.137742213,0.425284965,467.0,1323.0
0.689873474031187,0.673134689,0.160919005,0.465190009,467.0,1323.0
0.6894394401077252,0.626821819,0.192676404,0.49877943,467.0,1323.0
0.690845594769964,0.517281197,0.244165713,0.536613497,467.0,1323.0
0.6904369047948914,0.455448622,0.281321516,0.574968165,467.0,1323.0
0.6891668420384778,0.303114952,0.301876404,0.651098038,467.0,1323.0
0.6854095110502003,0.201224804,0.304788097,0.70414392,467.0,1323.0
0.6753213012578779,0.10140755,0.323893749,0.653500267,467.0,1323.0
0.6706913329956768,0.027940889,0.347238285,0.656055272,467.0,1323.0
0.6693462074254666,0.0,0.35928733,0.697507666,467.0,1323.0
0.656205867228445,0.0,0.365139452,0.710028548,467.0,1323.0
0.6524758192455178,0.0,0.297357014,0.602524383,467.0,1323.0
0.6265854550107848,0.0,0.296137341,0.608944443,467.0,1323.0
0.6061825082367583,0.0,0.291736849,0.640200759,467.0,1323.0
0.6061024137839052,0.0,0.28844098149999997,0.682774298,467.0,1323.0
0.6336227813469162,0.0,0.293576474,0.665820969,467.0,1323.0
0.6742443421948434,0.003935212,0.288973562,0.648490525,467.0,1323.0
0.7332902160769946,0.094215366,0.261439921,0.625480118,467.0,1323.0
0.7908303603639762,0.19596697,0.222371862,0.600396157,467.0,1323.0
0.8164837651436877,0.309070637,0.179127971,0.565488064,467.0,1323.0
0.8195343720083662,0.442661239,0.180554495,0.545696497,467.0,1323.0
0.8184105561028119,0.563539525,0.210354046,0.551180229,467.0,1323.0
0.817985478760007,0.652643621,0.19335271,0.605551184,467.0,1323.0
0.8178909345713364,0.698344796,0.254770904,0.650311429,467.0,1323.0
0.8165382383606863,0.668766121,0.297016941,0.670645795,467.0,1323.0
0.8136861364456419,0.621522545,0.316085773,0.678880123,467.0,1323.0
0.8122288325693644,0.564026495,0.334367767,0.6944254,467.0,1323.0
0.8114193016407646,0.486216796,0.347080321,0.718910366,467.0,1323.0
0.8097980233397171,0.392218511,0.355074868,0.756529136,467.0,1323.0
0.8026537812271891,0.259815461,0.338151432,0.786326213,467.0,1323.0
0.7882088010869137,0.140647223,0.350979645,0.79313016,467.0,1323.0
0.7780691643622593,0.053983569,0.369921512,0.791655176,467.0,1323.0
0.7497975707052961,0.0,0.376918907,0.781832106,467.0,1323.0
0.7201477983615527,0.0,0.3640659,0.756059614,467.0,1323.0
0.6525959379086453,0.0,0.321268455,0.713628546,467.0,1323.0
0.626187429351888,0.0,0.281272771,0.670303709,467.0,1323.0
0.6056043046494513,0.0,0.260734567,0.628398539,467.0,1323.0
0.6061003363980474,0.0,0.24825742500000003,0.561396824,467.0,1323.0
0.6344232182276179,0.0,0.242479964,0.498459969,467.0,1323.0
0.6749301539321245,0.004109591,0.223260172,0.430802919,467.0,1323.0
0.7356531646097269,0.10550395,0.196465569,0.380557033,467.0,1323.0
0.7908303603639762,0.214980779,0.13751496,0.323402688,467.0,1323.0
0.8148803058846282,0.356028576,0.11483911,0.275339412,467.0,1323.0
0.8183045638225918,0.505812292,0.119488428,0.231443301,467.0,1323.0
0.8177615834651326,0.63059945,0.14366924,0.205547838,467.0,1323.0
0.8185152558993288,0.715127194,0.139333904,0.216950873,467.0,1323.0
0.8193121383835655,0.710486906,0.156281743,0.204126085,467.0,1323.0
0.8179800311069012,0.694700238,0.163883718,0.226450728,467.0,1323.0
0.8144547665617511,0.641006789,0.167089971,0.254662752,467.0,1323.0
0.8123888374121352,0.545043552,0.168296298,0.295965192,467.0,1323.0
0.8086005305605832,0.426154989,0.165429,0.350240685,467.0,1323.0
0.8067656053662093,0.29902053,0.16182161,0.410104583,467.0,1323.0
0.8006268141645091,0.193366474,0.145021783,0.466485281,467.0,1323.0
0.7882643825258363,0.105356043,0.150040564,0.528933077,467.0,1323.0
0.7781024024034204,0.036371642,0.15931301,0.562667953,467.0,1323.0
0.7501677599106928,0.0,0.158591464,0.555852716,467.0,1323.0
0.7207510694382991,0.0,0.15314566,0.536945917,467.0,1323.0
0.6524633088649265,0.0,0.128908232,0.508553496,467.0,1323.0
0.6263443867832114,0.0,0.130728295,0.518711703,467.0,1323.0
0.6056043046494513,0.0,0.135957892,0.51465643,467.0,1323.0
0.6057292012602828,0.0,0.1384170225,0.503003359,467.0,1323.0
0.6341428644607767,0.0,0.137734651,0.496175583,467.0,1323.0
0.6750447786778578,0.003217662,0.134595113,0.489295261,467.0,1323.0
0.7359845753271549,0.062270152,0.132539203,0.502849289,467.0,1323.0
0.7911254403587256,0.128074515,0.12100831,0.542867989,467.0,1323.0
0.815880586860643,0.193403103,0.106034278,0.601350467,467.0,1323.0
0.8188089512794854,0.294394879,0.105766748,0.641218868,467.0,1323.0
0.8182532296839614,0.383477217,0.114679136,0.66911496,467.0,1323.0
0.818023886735981,0.44936364,0.105584573,0.71667607,467.0,1323.0
0.8178909345713364,0.502105766,0.127077721,0.730484036,467.0,1323.0
0.8159381991560101,0.55013219,0.153109583,0.725926928,467.0,1323.0
0.8122434204020945,0.538752757,0.181752418,0.716475606,467.0,1323.0
0.8101501621816836,0.488029857,0.210775104,0.707616948,467.0,1323.0
0.8076246245015863,0.418185719,0.231496017,0.70554597,467.0,1323.0
0.8069785132239824,0.310820782,0.226961756,0.708326567,467.0,1323.0
0.8016079829520205,0.210249859,0.224394943,0.733414391,467.0,1323.0
0.7886484669252608,0.110238973,0.247643438,0.77354798,467.0,1323.0
0.7791783924350836,0.040567277,0.27063913,0.799767795,467.0,1323.0
0.7508723603841455,0.0,0.290463141,0.813099749,467.0,1323.0
0.7208325946706117,0.0,0.291405872,0.81820129,467.0,1323.0
0.6532121344189545,0.0,0.265888516,0.825839659,467.0,1323.0
0.627931780734965,0.0,0.281079428,0.823287716,467.0,1323.0
0.6060593197259919,0.0,0.29139645599999997,0.7978847465,467.0,1323.0
0.6104499969919928,0.0,0.304586354,0.782580114,467.0,1323.0
0.6358365278145127,0.0,0.315750489,0.773478381,467.0,1323.0
0.6750589051933277,0.004278946,0.318421167,0.758847197,467.0,1323.0
0.7381368317831498,0.074109108,0.310379572,0.731725747,467.0,1323.0
0.7967199580564513,0.15662369,0.297607975,0.704161234,467.0,1323.0
0.8292313887408966,0.195559113,0.278415912,0.687698011,467.0,1323.0
0.831300456968881,0.303341758,0.252676168,0.677633955,467.0,1323.0
0.8250622286991783,0.410071853,0.237020278,0.674926064,467.0,1323.0
0.8218462627951371,0.529067162,0.206964872,0.631402953,467.0,1323.0
0.819824466330082,0.631319266,0.220775647,0.659575215,467.0,1323.0
0.8166022216064918,0.650811509,0.231391451,0.68525325,467.0,1323.0
0.8128725431413412,0.645538816,0.245741979,0.711733376,467.0,1323.0
0.8108250792755649,0.582003902,0.25868181,0.720570275,467.0,1323.0
0.8084321239109296,0.495658809,0.271691052,0.721460033,467.0,1323.0
0.807518631558554,0.375914472,0.274416797,0.709657928,467.0,1323.0
0.8021383148651164,0.261890992,0.265562045,0.700391679,467.0,1323.0
0.7902751000857124,0.13739413,0.253220713,0.689638535,467.0,1323.0
0.7824650817217395,0.049035607,0.253648892,0.670463255,467.0,1323.0
0.7542419137836682,0.0,0.24279117,0.647814806,467.0,1323.0
0.7196024636953176,0.0,0.226300593,0.626811236,467.0,1323.0
0.6551546676970214,0.0,0.184157793,0.5480163,467.0,1323.0
0.6305018206836809,0.0,0.175858513,0.513940491,467.0,1323.0
0.611653445270906,0.0,0.162874153,0.488271125,467.0,1323.0
0.6115199852595878,0.0,0.1474571005,0.4362972165,467.0,1323.0
0.6375181423700426,0.0,0.131991307,0.394646458,467.0,1323.0
0.6760079898956407,0.005354901,0.115098562,0.359719342,467.0,1323.0
0.738846972040598,0.077636408,0.10352976,0.325804592,467.0,1323.0
0.8002998807431915,0.165444588,0.088360417,0.287555784,467.0,1323.0
0.8351668735817083,0.191512632,0.08066526,0.262585349,467.0,1323.0
0.8381663305695358,0.285126826,0.076989256,0.256738382,467.0,1323.0
0.8352242088215943,0.374126583,0.072530586,0.253664989,467.0,1323.0
0.8334649926828686,0.477526277,0.059103962,0.241083269,467.0,1323.0
0.8259374973373592,0.545951256,0.059936391,0.241042281,467.0,1323.0
0.8223343079555251,0.600166805,0.05960896,0.252605832,467.0,1323.0
0.8170779875088873,0.600681113,0.062501984,0.254210943,467.0,1323.0
0.8141980024120861,0.571625827,0.067366025,0.255606442,467.0,1323.0
0.8119444629562356,0.491531403,0.067638824,0.23967349,467.0,1323.0
0.8112911502245622,0.370372819,0.06970813,0.213617607,467.0,1323.0
0.8064219604620154,0.247572992,0.072377137,0.207827583,467.0,1323.0
0.7936321435686124,0.126922247,0.077894178,0.220030052,467.0,1323.0
0.7851948490600579,0.042375118,0.088053891,0.219142556,467.0,1323.0
0.7539045476990232,0.0,0.097046327,0.195619164,467.0,1323.0
0.719118619438371,0.0,0.092262857,0.164820121,467.0,1323.0
0.6373284546779503,0.0,0.065050503,0.111932695,467.0,1323.0
0.6103819975022122,0.0,0.055351116,0.103687803,467.0,1323.0
0.5850348445486933,0.0,0.047147587,0.097362856,467.0,1323.0
0.5806148992874991,0.0,0.0394929775,0.0852766585,467.0,1323.0
0.5889149252992307,0.0,0.036986797,0.069416792,467.0,1323.0
0.5961703302233226,0.005168193,0.037902141,0.070016558,467.0,1323.0
0.6063940776779457,0.075071268,0.034496878,0.069239188,467.0,1323.0
0.6349742312718705,0.16100399,0.020291013,0.059664559,467.0,1323.0
0.6674041359949099,0.224450767,0.01898358,0.054770986,467.0,1323.0
0.7007749079414397,0.33169759,0.021134831,0.057139149,467.0,1323.0
0.701295407036209,0.401128115,0.024739095,0.057605965,467.0,1323.0
0.6991183607427865,0.46047855,0.027351754,0.056111893,467.0,1323.0
0.6974292210820118,0.489960521,0.035125632,0.062561986,467.0,1323.0
0.6930864851186392,0.510328843,0.044432896,0.065935437,467.0,1323.0
0.6920836655720688,0.508826707,0.049220532,0.068003723,467.0,1323.0
0.691139658673679,0.468202962,0.05300608,0.071952684,467.0,1323.0
0.6904369047948914,0.383984158,0.053585828,0.077470977,467.0,1323.0
0.6890813922953926,0.296220053,0.060553637,0.085884972,467.0,1323.0
0.6854095110502003,0.213509163,0.067377914,0.094842776,467.0,1323.0
0.6754296942437252,0.117311626,0.087214122,0.109358641,467.0,1323.0
0.6728425733606376,0.046652022,0.115441307,0.12664166,467.0,1323.0
0.673909237625273,0.0,0.14096237,0.144002206,467.0,1323.0
0.6616843289701503,0.0,0.153728957,0.149000068,467.0,1323.0
0.6374428489638971,0.0,0.131509191,0.191484599,467.0,1323.0
0.6104143122460407,0.0,0.131371912,0.185606426,467.0,1323.0
0.5855438021616802,0.0,0.13688311,0.180565894,467.0,1323.0
0.5802101105916331,0.0,0.1441993915,0.16587661250000002,467.0,1323.0
0.5889122478032474,0.0,0.151496009,0.161438472,467.0,1323.0
0.5959510514151111,0.008867979,0.162254771,0.179142841,467.0,1323.0
0.605693493448468,0.108244196,0.150278222,0.182373398,467.0,1323.0
0.6337256346150493,0.219112348,0.112162003,0.178744862,467.0,1323.0
0.66199958264707,0.356769629,0.099175456,0.171891048,467.0,1323.0
0.6898316492585517,0.506057369,0.119253581,0.175087779,467.0,1323.0
0.69032717292849,0.650965931,0.140154624,0.1667918,467.0,1323.0
0.690409667854986,0.762172359,0.115598726,0.157877197,467.0,1323.0
0.6916099775857807,0.806796459,0.140965364,0.163930369,467.0,1323.0
0.6902591273069835,0.80930646,0.160594449,0.190996806,467.0,1323.0
0.6900135812530501,0.770339023,0.179430126,0.235683373,467.0,1323.0
0.6907125034147668,0.712173004,0.199209321,0.297006272,467.0,1323.0
0.6902878416551835,0.606433886,0.221619423,0.400254161,467.0,1323.0
0.6892892230120545,0.456207289,0.24080473,0.518284846,467.0,1323.0
0.6852989944142068,0.298421824,0.240988328,0.607847713,467.0,1323.0
0.6747071355377318,0.162199784,0.279920347,0.668720225,467.0,1323.0
0.6688474518834581,0.072671333,0.335158152,0.708802488,467.0,1323.0
0.6671440021082463,0.0,0.385122581,0.729635741,467.0,1323.0
0.6563195690745329,0.0,0.403135229,0.720493279,467.0,1323.0
0.6525977383053033,0.0,0.391696556,0.659162044,467.0,1323.0
0.6265854550107848,0.0,0.387516687,0.632836531,467.0,1323.0
0.6066817714928779,0.0,0.376831227,0.608655292,467.0,1323.0
0.6062519619032674,0.0,0.35121445500000004,0.5938371,467.0,1323.0
0.6349864185315358,0.0,0.337292529,0.582824802,467.0,1323.0
0.6750447786778578,0.009587503,0.336104015,0.566285556,467.0,1323.0
0.7326788209116585,0.122262744,0.318419457,0.574074418,467.0,1323.0
0.7897351666757323,0.246968943,0.249123214,0.55593965,467.0,1323.0
0.8142999329794174,0.410223943,0.217699481,0.527403143,467.0,1323.0
0.81817622814461,0.577491377,0.223855463,0.508727089,467.0,1323.0
0.8181443747180417,0.719976581,0.257479078,0.515039524,467.0,1323.0
0.8191272058384391,0.832155376,0.249523409,0.564623909,467.0,1323.0
0.8215530293950529,0.892143819,0.261500199,0.619762465,467.0,1323.0
0.8221686718606813,0.891210278,0.268695963,0.664489886,467.0,1323.0
0.8191412395602072,0.840454453,0.270632377,0.695967718,467.0,1323.0
0.8174716740680082,0.734455743,0.262539356,0.712464258,467.0,1323.0
0.8146578879980483,0.605685522,0.251479703,0.730479716,467.0,1323.0
0.8127464232443953,0.462981413,0.238852426,0.750529554,467.0,1323.0
0.8048778686249106,0.306374484,0.225091894,0.781182232,467.0,1323.0
0.7891243249585459,0.167441513,0.244350027,0.818567513,467.0,1323.0
0.7776808333253548,0.071488098,0.277338023,0.819159319,467.0,1323.0
0.7496361819107447,0.0,0.298213931,0.79416218,467.0,1323.0
0.7197820877778907,0.0,0.296790734,0.760154403,467.0,1323.0
0.6533765242943836,0.0,0.265670774,0.712963631,467.0,1323.0
0.6264965432009678,0.0,0.229091137,0.632962956,467.0,1323.0
0.604785125164304,0.0,0.201225452,0.555881448,467.0,1323.0
0.6053568196711194,0.0,0.1661682055,0.4242812665,467.0,1323.0
0.6328680005582336,0.0,0.134745743,0.355717887,467.0,1323.0
0.6742443421948434,0.010592991,0.122805892,0.326540501,467.0,1323.0
0.7326565696447866,0.116241879,0.102955843,0.310586478,467.0,1323.0
0.7887810499035348,0.233486683,0.060799045,0.267924962,467.0,1323.0
0.8139956200113422,0.39148671,0.042755009,0.22411291,467.0,1323.0
0.817952240718846,0.538137258,0.042458532,0.205471484,467.0,1323.0
0.8184455486077485,0.666775321,0.054392754,0.202555448,467.0,1323.0
0.8202125203115056,0.747103649,0.052524633,0.211447589,467.0,1323.0
0.8225010522722929,0.759306686,0.050401638,0.217177343,467.0,1323.0
0.8213371667206908,0.727074627,0.043638173,0.263236567,467.0,1323.0
0.8167972182913871,0.661541371,0.039499045,0.347064739,467.0,1323.0
0.8130872975937794,0.558200606,0.04203683,0.430854411,467.0,1323.0
0.8086453094869956,0.440029537,0.053306609,0.499947913,467.0,1323.0
0.8066761396442741,0.351513108,0.06433214,0.581374519,467.0,1323.0
0.8010188383907442,0.228954089,0.075464203,0.650973538,467.0,1323.0
0.7882643825258363,0.119508466,0.107432097,0.682993981,467.0,1323.0
0.7781529981693094,0.043744999,0.144712198,0.677559527,467.0,1323.0
0.7498146056405042,0.0,0.181012921,0.67113926,467.0,1323.0
0.7199564027350983,0.0,0.190184952,0.649312746,467.0,1323.0
0.6529315498609208,0.0,0.160651326,0.545458431,467.0,1323.0
0.6261855827572227,0.0,0.146296853,0.468071747,467.0,1323.0
0.6029066905939203,0.0,0.13870010900000002,0.41010093550000004,467.0,1323.0
0.6067559108104983,0.0,0.13451655,0.445660229,467.0,1323.0
0.6275903520757754,0.0,0.13763351,0.475511538,467.0,1323.0
0.6680567560878807,0.009966454,0.141365809,0.494690906,467.0,1323.0
0.7296938125660083,0.086929352,0.133641394,0.500230114,467.0,1323.0
0.7884551325732514,0.175816582,0.099393337,0.481442941,467.0,1323.0
0.8142929157871273,0.287523157,0.081203793,0.442844332,467.0,1323.0
0.8183293079259802,0.4228481,0.084921856,0.412686564,467.0,1323.0
0.818023886735981,0.525698423,0.098361115,0.388713826,467.0,1323.0
0.8184455486077485,0.614259663,0.101895116,0.373798071,467.0,1323.0
0.8190230594900719,0.667857838,0.116794574,0.382078833,467.0,1323.0
0.8172638433513463,0.678734054,0.130660213,0.387469219,467.0,1323.0
0.8147833616531426,0.628884074,0.146722861,0.398035417,467.0,1323.0
0.812949175494322,0.567866165,0.167753845,0.444238688,467.0,1323.0
0.8102125758883048,0.467772816,0.189228805,0.506030126,467.0,1323.0
0.8096599005774475,0.340899466,0.209579179,0.56188925,467.0,1323.0
0.8026785253305778,0.226078449,0.225470751,0.606116235,467.0,1323.0
0.7890668969249581,0.121907821,0.254912475,0.623727502,467.0,1323.0
0.777954031902415,0.054017582,0.291695361,0.64434782,467.0,1323.0
0.7497939239128165,0.001154983,0.313357132,0.659669273,467.0,1323.0
0.7197675920760501,0.0,0.324368905,0.658595355,467.0,1323.0
0.6536178694448755,0.0,0.298538852,0.65213906,467.0,1323.0
0.6267270860377934,0.0,0.296589385,0.671413471,467.0,1323.0
0.6032037787769383,0.0,0.2800354455,0.66886939,467.0,1323.0
0.6063442667479301,0.0,0.273516321,0.661847799,467.0,1323.0
0.6271364679887562,0.0,0.264617397,0.666831958,467.0,1323.0
0.6680158546125778,0.011322743,0.261130473,0.673206368,467.0,1323.0
0.7293975786152963,0.090995259,0.246155062,0.679582169,467.0,1323.0
0.7888568510900726,0.177431578,0.198471617,0.690269477,467.0,1323.0
0.81427592724877,0.284192519,0.188162918,0.675415794,467.0,1323.0
0.81817622814461,0.395195205,0.19362859,0.661759995,467.0,1323.0
0.8177928827807389,0.481685208,0.207122339,0.656818703,467.0,1323.0
0.8189318399671732,0.527161184,0.2002594,0.654351029,467.0,1323.0
0.8203106648958048,0.581356428,0.226022676,0.701498414,467.0,1323.0
0.8195587462625721,0.591052738,0.245482171,0.735689055,467.0,1323.0
0.815371952103457,0.571658264,0.248552998,0.771877878,467.0,1323.0
0.8138971983715619,0.502559817,0.243117055,0.776753679,467.0,1323.0
0.8099078016029694,0.430716066,0.232669459,0.764810869,467.0,1323.0
0.8073035079197451,0.318712461,0.230340362,0.775135364,467.0,1323.0
0.8012433799274702,0.197257483,0.216047097,0.776592069,467.0,1323.0
0.7879790896153749,0.10453206,0.224713868,0.78649949,467.0,1323.0
0.7777308749802817,0.047933414,0.23503451,0.795309016,467.0,1323.0
0.7496361819107447,0.001052951,0.246005868,0.790044806,467.0,1323.0
0.7198898345218864,0.0,0.245825516,0.766734761,467.0,1323.0
0.653327405870508,0.0,0.235803675,0.745120561,467.0,1323.0
0.6158710769643986,0.0,0.214958741,0.7356847289999999,467.0,1323.0
0.6037501523018056,0.0,0.20381871899999998,0.690947924,467.0,1323.0
0.6271364679887562,0.0,0.192556396,0.653286238,467.0,1323.0
0.6677611677162082,0.013397758,0.185563851,0.635095256,467.0,1323.0
0.7289851497168547,0.091403045,0.166449184,0.619935224,467.0,1323.0
0.788617536796025,0.187912063,0.120466478,0.602125928,467.0,1323.0
0.8141893242125343,0.329144054,0.107466148,0.574961274,467.0,1323.0
0.8188574233952282,0.466065105,0.102624703,0.546660944,467.0,1323.0
0.8202125203115056,0.575311626,0.114878839,0.524559587,467.0,1323.0
0.8226803535653462,0.675567836,0.111384807,0.539375325,467.0,1323.0
0.8253233322800254,0.691373191,0.116259739,0.552063268,467.0,1323.0
0.8258874556824323,0.682651833,0.109833333,0.548944062,467.0,1323.0
0.8224886802205985,0.628882869,0.10521098,0.534963693,467.0,1323.0
0.8206792381651666,0.536719571,0.106510226,0.53432527,467.0,1323.0
0.8162620856298489,0.450653175,0.109631344,0.537604561,467.0,1323.0
0.814218037897922,0.349946753,0.110776961,0.526859222,467.0,1323.0
0.8077941380475396,0.258573936,0.113053881,0.525862723,467.0,1323.0
0.7927793104590826,0.14559233,0.127512623,0.547404338,467.0,1323.0
0.7790952970007746,0.062627159,0.153450597,0.574025927,467.0,1323.0
0.7493889735239253,0.001398295,0.166495529,0.597080017,467.0,1323.0
0.7200547322439889,0.0,0.168055321,0.602090149,467.0,1323.0
0.6364655579589013,0.0,0.166563382,0.56882276,467.0,1323.0
0.6068420065965915,0.0,0.149037558,0.515203142,467.0,1323.0
0.5785666274868458,0.0,0.123812666,0.481672674,467.0,1323.0
0.5709846587254942,0.0,0.107931789,0.472058871,467.0,1323.0
0.5726204786612646,0.0,0.103135146,0.446932375,467.0,1323.0
0.57922174021749,0.0,0.101368702,0.440985737,467.0,1323.0
0.5894633531772333,0.015403729,0.104193917,0.45537157,467.0,1323.0
0.5975728374302697,0.123483725,0.090220598,0.43979044,467.0,1323.0
0.6295971917205734,0.246823614,0.05472962,0.421720116,467.0,1323.0
0.6581895325741635,0.396052237,0.03877609,0.391349594,467.0,1323.0
0.6882757852147532,0.561734743,0.039234644,0.35500512,467.0,1323.0
0.6953297304389029,0.706909657,0.044571838,0.340455105,467.0,1323.0
0.7007313293678408,0.799934468,0.044463836,0.338905356,467.0,1323.0
0.7086164105456104,0.820257417,0.052471625,0.378778919,467.0,1323.0
0.7107766996221179,0.782472441,0.053777192,0.424417393,467.0,1323.0
0.7112448942212612,0.730484216,0.0510526,0.458511834,467.0,1323.0
0.7134622414821735,0.637790024,0.049823386,0.48373087,467.0,1323.0
0.7121121302389298,0.513526667,0.054230339,0.522185611,467.0,1323.0
0.7079695615580773,0.402869049,0.062682664,0.542605007,467.0,1323.0
0.7012279612597032,0.272622421,0.082569777,0.564453176,467.0,1323.0
0.685812984030797,0.157498057,0.112874157,0.598451869,467.0,1323.0
0.6752476237214862,0.077424542,0.148889081,0.660940749,467.0,1323.0
0.6689288849848811,0.001664126,0.176576189,0.70394488,467.0,1323.0
0.6618987605667874,0.0,0.185024299,0.702366729,467.0,1323.0
0.646371974350747,0.0,0.177304927,0.664705764,467.0,1323.0
0.6123949307768429,0.0,0.178568162,0.669636355,467.0,1323.0
0.5813258473472618,0.0,0.167975199,0.664666023,467.0,1323.0
0.5724343225317586,0.0,0.152070498,0.6359365185,467.0,1323.0
0.5780010728078705,0.0,0.138710997,0.60792168,467.0,1323.0
0.5878615561184973,0.012307471,0.131498489,0.609880139,467.0,1323.0
0.5980528041698254,0.113046561,0.117307578,0.594046562,467.0,1323.0
0.6302760789267037,0.218267133,0.083013633,0.578874637,467.0,1323.0
0.6588369820695095,0.337391108,0.061491711,0.585433611,467.0,1323.0
0.6890462155286766,0.470482013,0.056600989,0.583835336,467.0,1323.0
0.6979498587045216,0.588870411,0.060208312,0.576511453,467.0,1323.0
0.7037175374034924,0.694866445,0.060399623,0.536718508,467.0,1323.0
0.7092472413517819,0.720955082,0.065603935,0.564304331,467.0,1323.0
0.7070860753747927,0.73170663,0.061035839,0.573590471,467.0,1323.0
0.7041373062837439,0.670946183,0.055878021,0.578858919,467.0,1323.0
0.7019139115247248,0.588115649,0.058723741,0.575958584,467.0,1323.0
0.6961276747482126,0.465145175,0.057957152,0.572413588,467.0,1323.0
0.6933352630446428,0.33406756,0.061445159,0.599980531,467.0,1323.0
0.6901206353583433,0.216325077,0.072581283,0.626289808,467.0,1323.0
0.6773271252756101,0.111303821,0.1005792,0.645775193,467.0,1323.0
0.6703388249673399,0.052439817,0.138688983,0.615701358,467.0,1323.0
0.6680890708317093,0.001621422,0.170984671,0.610045733,467.0,1323.0
0.6608284953099925,0.0,0.187415236,0.634029445,467.0,1323.0
0.6557677712606883,0.0,0.188107685,0.606262336,467.0,1323.0
0.6282471728733441,0.0,0.181575004,0.567456586,467.0,1323.0
0.6058183207954294,0.0,0.165428261,0.500956399,467.0,1323.0
0.6018448041444264,0.0,0.152156926,0.426944701,467.0,1323.0
0.6064768957916488,0.0,0.13399029,0.361088339,467.0,1323.0
0.6254492675837858,0.0,0.122102144,0.338474965,467.0,1323.0
0.6655518530758081,0.012615032,0.122298015,0.338402146,467.0,1323.0
0.7277236736919154,0.110058765,0.111750459,0.330005404,467.0,1323.0
0.7878197316772679,0.228561186,0.074549103,0.299449551,467.0,1323.0
0.8180543555479566,0.365716054,0.054574711,0.268879331,467.0,1323.0
0.8267907924269614,0.520584588,0.04702232,0.236593409,467.0,1323.0
0.8320623469481809,0.659851773,0.05061246,0.20272075,467.0,1323.0
0.8345614795176279,0.773028568,0.050958091,0.171972711,467.0,1323.0
0.8436185709984015,0.826452581,0.062767356,0.177511981,467.0,1323.0
0.8484547997752682,0.812662887,0.068000371,0.19679666,467.0,1323.0
0.845198763562367,0.763638704,0.077938594,0.213993341,467.0,1323.0
0.8417267718814019,0.691068715,0.097357076,0.245659546,467.0,1323.0
0.8371423215811666,0.55879255,0.123558934,0.327127535,467.0,1323.0
0.835946398341217,0.38933082,0.131901118,0.447357548,467.0,1323.0
0.8283056164677164,0.251516851,0.146009217,0.57934123,467.0,1323.0
0.8099655060292259,0.128434984,0.176340166,0.68312722,467.0,1323.0
0.7920304387733286,0.064538521,0.221815894,0.74053446,467.0,1323.0
0.7599124175925231,0.001866731,0.25370593,0.769019276,467.0,1323.0
0.734547906781714,0.0,0.266583705,0.757645775,467.0,1323.0
0.6795991306781124,0.0,0.257851215,0.736954929,467.0,1323.0
0.6437911320220834,0.0,0.250826412,0.72669162,467.0,1323.0
0.6188027653862007,0.0,0.233369727,0.665336817,467.0,1323.0
0.6123725874122221,0.0,0.22030539700000001,0.5722988265,467.0,1323.0
0.6266944942384837,0.0,0.202407114,0.50432893,467.0,1323.0
0.6641065977988928,0.018982089,0.19692904,0.46392984,467.0,1323.0
0.7270073938054709,0.119192363,0.17718452,0.55077154,467.0,1323.0
0.7894630763205959,0.240211156,0.128220533,0.671899738,467.0,1323.0
0.8207876311510139,0.379971853,0.111265364,0.680579909,467.0,1323.0
0.8294808586427905,0.525364911,0.112857857,0.639285062,467.0,1323.0
0.8328113114276368,0.66479351,0.123581712,0.617782932,467.0,1323.0
0.8390079919801849,0.769032795,0.108592951,0.625692801,467.0,1323.0
0.8432425192194895,0.814382174,0.131280952,0.641072866,467.0,1323.0
0.8413102806072592,0.807735351,0.149955485,0.657006532,467.0,1323.0
0.8370886788677989,0.734228261,0.169791198,0.692414346,467.0,1323.0
0.8333038809437983,0.616600314,0.192825058,0.723238245,467.0,1323.0
0.822316211858056,0.486852774,0.197925726,0.723613249,467.0,1323.0
0.8161913622472343,0.333625011,0.194034384,0.73341586,467.0,1323.0
0.8097652472786282,0.210246301,0.177065315,0.738339621,467.0,1323.0
0.7932580305152551,0.113579888,0.1683647,0.689175877,467.0,1323.0
0.7805771600558493,0.052627093,0.174504117,0.649525192,467.0,1323.0
0.75102022317104,0.001490458,0.184491246,0.649237817,467.0,1323.0
0.7251510485106681,0.0,0.184296405,0.647876177,467.0,1323.0
0.6627685818832685,0.0,0.150393526,0.495856302,467.0,1323.0
0.6322328306522863,0.0,0.133075316,0.509372043,467.0,1323.0
0.6079819332120844,0.0,0.122142581,0.503405817,467.0,1323.0
0.6045074489597274,0.0,0.1183565225,0.4559035685,467.0,1323.0
0.6253057900283934,0.0,0.119669427,0.430861414,467.0,1323.0
0.6651496268448759,0.02015378,0.111687648,0.405117113,467.0,1323.0
0.7270921045130028,0.116716934,0.089233602,0.358040879,467.0,1323.0
0.7878407825913262,0.22756317,0.05265853,0.307370412,467.0,1323.0
0.8155991714012912,0.329841995,0.038444316,0.26910684,467.0,1323.0
0.8247217235361649,0.466906955,0.030354671,0.223658007,467.0,1323.0
0.8290350995722982,0.575676686,0.029398836,0.191012748,467.0,1323.0
0.8325814150315065,0.672251497,0.024993135,0.155572156,467.0,1323.0
0.8348851810668755,0.730119336,0.033370692,0.187559255,467.0,1323.0
0.8378673724608647,0.724927155,0.041126015,0.199151856,467.0,1323.0
0.833185423818182,0.716524232,0.046600373,0.201435664,467.0,1323.0
0.8317899795375636,0.635171855,0.049781154,0.211542861,467.0,1323.0
0.8252238030811332,0.520941892,0.052696929,0.233887775,467.0,1323.0
0.8233397595291649,0.402886078,0.057356979,0.262932859,467.0,1323.0
0.8154985339804752,0.26688558,0.060675289,0.285771153,467.0,1323.0
0.8005783420487663,0.13980334,0.068161571,0.305844923,467.0,1323.0
0.7866600927631461,0.065018745,0.083857347,0.328818793,467.0,1323.0
0.7540970972814405,0.002310897,0.099945473,0.352524176,467.0,1323.0
0.7275999538377845,0.0,0.101135729,0.354404065,467.0,1323.0
0.6640285350972805,0.0,0.092557711,0.35842354,467.0,1323.0
0.6337567491386267,0.0,0.081326619,0.329055318,467.0,1323.0
0.606517750936382,0.0,0.0679163985,0.292195345,467.0,1323.0
0.606794134524693,0.0,0.065251125,0.297024456,467.0,1323.0
0.6247214004815204,0.0,0.062617353,0.287274419,467.0,1323.0
0.664510763418192,0.021149159,0.058465821,0.281363722,467.0,1323.0
0.7274140058644359,0.119585267,0.044289413,0.265258638,467.0,1323.0
0.787992569226181,0.236321854,0.024144625,0.272152263,467.0,1323.0
0.8158112487554334,0.364384799,0.017593729,0.275750988,467.0,1323.0
0.8228127516190288,0.505067564,0.020215277,0.274664687,467.0,1323.0
0.8265513860020243,0.611206636,0.027106308,0.280898141,467.0,1323.0
0.8301277076303236,0.719691156,0.029138725,0.214233745,467.0,1323.0
0.8327477894990915,0.768837658,0.03461298,0.244555822,467.0,1323.0
0.8329743625550741,0.739688949,0.044546057,0.286522356,467.0,1323.0
0.8293269476949773,0.687764841,0.054887319,0.343041001,467.0,1323.0
0.830095946997457,0.605387976,0.059865808,0.40048995,467.0,1323.0
0.8280948315972774,0.460598951,0.063762143,0.433262374,467.0,1323.0
0.8261020258730911,0.329675968,0.065071177,0.463408031,467.0,1323.0
0.8193354050786595,0.202438503,0.067565238,0.499127535,467.0,1323.0
0.7998801582597909,0.104142895,0.080200622,0.516096581,467.0,1323.0
0.7855891811982183,0.046997978,0.102291008,0.501551044,467.0,1323.0
0.754360740095655,0.002268316,0.115064343,0.476924912,467.0,1323.0
0.7260431207626149,0.0,0.120340201,0.454549845,467.0,1323.0
0.6620234493860083,0.0,0.140340781,0.422808489,467.0,1323.0
0.6321814039850792,0.0,0.129754578,0.393767242,467.0,1323.0
0.6109166684488029,0.0,0.135769745,0.37589091,501.0,1420.0
0.605148204715115,0.0,0.141379341,0.3638438,501.0,1420.0
0.6055099455179345,0.0,0.135803405,0.33571458,501.0,1420.0
0.6228031494593324,0.0,0.124439308,0.303472771,501.0,1420.0
0.661913209871777,0.017645777,0.115777139,0.25503211,501.0,1420.0
0.7248725414710546,0.074831589,0.10341296,0.197094128,501.0,1420.0
0.7857412455513663,0.167582467,0.083581648,0.180509927,501.0,1420.0
0.8122864455275435,0.284837112,0.088205434,0.221891324,501.0,1420.0
0.8183197978971734,0.349631976,0.081758292,0.253869885,501.0,1420.0
0.8188089512794854,0.411390042,0.075298017,0.257723937,501.0,1420.0
0.8189542754958242,0.494024729,0.049686738,0.256706949,501.0,1420.0
0.820995645466643,0.541549391,0.061114948,0.260634067,501.0,1420.0
0.8190168741270369,0.552893122,0.069503424,0.24292118,501.0,1420.0
0.8150217526498575,0.528749693,0.081060542,0.234738892,501.0,1420.0
0.8124917827448765,0.454743719,0.087797969,0.228015214,501.0,1420.0
0.8088985647091096,0.381358293,0.088248434,0.237811701,501.0,1420.0
0.8053792091343256,0.273241346,0.08462988,0.241107528,501.0,1420.0
0.7979363787623094,0.177215087,0.079419858,0.2577522,501.0,1420.0
0.7844333282671285,0.091865196,0.075562316,0.256590483,501.0,1420.0
0.7736708469599641,0.04333742,0.078495166,0.257166676,501.0,1420.0
0.7451330719182307,0.001515582,0.08765682,0.271482446,501.0,1420.0
0.7160228637980971,0.0,0.098240068,0.26461911,501.0,1420.0
0.6360190601179804,0.0,0.082825542,0.199670829,501.0,1420.0
0.6062166695752521,0.0,0.101597126,0.190709843,501.0,1420.0
0.5778392219669655,0.0,0.122198628,0.203882104,501.0,1420.0
0.57010943625218,0.0,0.1326371435,0.2321976415,501.0,1420.0
0.5762983151411115,0.0,0.125915692,0.219255069,501.0,1420.0
0.5857044065843269,0.016479956,0.116626585,0.215007333,501.0,1420.0
0.5964606553362308,0.067834278,0.107127147,0.208797777,501.0,1420.0
0.6280118751546775,0.124808535,0.098109087,0.191071666,501.0,1420.0
0.6551040719974135,0.195940925,0.101946389,0.17722966,501.0,1420.0
0.6854688320753042,0.273660418,0.103654524,0.1823553,501.0,1420.0
0.6893797962931016,0.334401822,0.105149504,0.203137056,501.0,1420.0
0.6896705832535199,0.42405232,0.08014051,0.244374428,501.0,1420.0
0.6903078764782073,0.433422106,0.081911258,0.259694807,501.0,1420.0
0.6886279704535706,0.471259096,0.084202527,0.247461304,501.0,1420.0
0.6873653855438951,0.459669894,0.085807516,0.246453018,501.0,1420.0
0.6881679927367188,0.415245634,0.091940751,0.234059689,501.0,1420.0
0.6876267661802231,0.336157308,0.097736858,0.214700489,501.0,1420.0
0.6870520709239363,0.260305922,0.09199851,0.206767262,501.0,1420.0
0.6826682028266307,0.192038887,0.082404989,0.202092911,501.0,1420.0
0.6720051128534299,0.115201722,0.070194294,0.181706283,501.0,1420.0
0.6658758780773875,0.052765117,0.061122002,0.160531317,501.0,1420.0
0.663922357892469,0.002417912,0.05829524,0.1604344,501.0,1420.0
0.6526779712527564,0.0,0.057869351,0.164095055,501.0,1420.0
0.6351233870064366,0.0,0.079738769,0.188158175,501.0,1420.0
0.6056565160862505,0.0,0.070116959,0.188974536,501.0,1420.0
0.5775081802370644,0.0,0.063547495,0.19522818,501.0,1420.0
0.5699766456148578,0.0,0.058088959999999995,0.188825885,501.0,1420.0
0.5765529093763418,0.0,0.05120846,0.13656567,501.0,1420.0
0.586292812441456,0.014279449,0.04609263,0.103270834,501.0,1420.0
0.5959253842132335,0.090659943,0.043105571,0.103110996,501.0,1420.0
0.6280778896546148,0.173390725,0.033648039,0.10093034,501.0,1420.0
0.6555211171836745,0.251834063,0.031931205,0.102618328,501.0,1420.0
0.6856365454234432,0.370170902,0.032631914,0.122831582,501.0,1420.0
0.68942300568033,0.47253301,0.037160904,0.142810446,501.0,1420.0
0.6900808421049645,0.531519789,0.032481377,0.120809454,501.0,1420.0
0.6910331122824968,0.557109247,0.033331472,0.118272325,501.0,1420.0
0.6894999150887917,0.606017685,0.032655441,0.125950629,501.0,1420.0
0.6893721328589599,0.594359249,0.034475558,0.150710091,501.0,1420.0
0.6930032054225511,0.549354077,0.03825288,0.172518651,501.0,1420.0
0.6927413177349241,0.465558893,0.045297745,0.187733467,501.0,1420.0
0.6920705087507824,0.354511269,0.05352744,0.197712985,501.0,1420.0
0.6887305465999414,0.256855991,0.061368001,0.202216654,501.0,1420.0
0.6745490700833281,0.147326411,0.06907573,0.189437484,501.0,1420.0
0.6670076338097524,0.077354989,0.088119874,0.181645063,501.0,1420.0
0.6644114648779302,0.003386045,0.106055279,0.176377397,501.0,1420.0
0.6532622223381701,0.0,0.116993155,0.172944833,501.0,1420.0
0.6391885621939695,0.0,0.114778818,0.204971301,501.0,1420.0
0.6014791393942248,0.0,0.097097694,0.2267768395,501.0,1420.0
0.6043266247231843,0.0,0.085654089,0.225789162,501.0,1420.0
0.6228982472287152,0.0,0.08318794,0.223252479,501.0,1420.0
0.662465469334288,0.021497932,0.077053163,0.214425448,501.0,1420.0
0.7264196338587872,0.111160846,0.064527988,0.204778255,501.0,1420.0
0.7856218651284175,0.218519843,0.047036677,0.193300791,501.0,1420.0
0.8120731678205877,0.292720154,0.047506429,0.204339253,501.0,1420.0
0.818651347805154,0.419806976,0.056608921,0.227518847,501.0,1420.0
0.820258407459842,0.524330501,0.064711941,0.256490619,501.0,1420.0
0.8226652116216542,0.562133126,0.070521386,0.266988792,501.0,1420.0
0.825750071955716,0.595933561,0.069576869,0.266430833,501.0,1420.0
0.8252671045992511,0.594319629,0.070263231,0.287579746,501.0,1420.0
0.8213506463314969,0.592386243,0.079939111,0.323261345,501.0,1420.0
0.8187670343759603,0.536350768,0.096167449,0.350988062,501.0,1420.0
0.8149691253647119,0.47024515,0.113809782,0.376169578,501.0,1420.0
0.8132832175760073,0.386165701,0.136665987,0.407242899,501.0,1420.0
0.8058993847767629,0.268543164,0.150309458,0.452065924,501.0,1420.0
0.7895296445338078,0.167304526,0.15055181,0.48538283,501.0,1420.0
0.7752476233900801,0.08359747,0.1612647,0.518473735,501.0,1420.0
0.7451252706191607,0.0033658,0.168588386,0.494767046,501.0,1420.0
0.7161889154761624,0.0,0.167889456,0.448405787,501.0,1420.0
0.6531427499831752,0.0,0.131217293,0.373381836,501.0,1420.0
0.6250563199939371,0.0,0.143149273,0.373635125,501.0,1420.0
0.6014673675852186,0.0,0.1340711545,0.3791700675,501.0,1420.0
0.6043266247231843,0.0,0.11605665,0.368076952,501.0,1420.0
0.6228982472287152,0.0,0.104960871,0.349140934,501.0,1420.0
0.6625395163221751,0.019409381,0.092216169,0.325837699,501.0,1420.0
0.7262100493411618,0.090472132,0.078270881,0.320667691,501.0,1420.0
0.7863544873113676,0.173419837,0.057748897,0.289882227,501.0,1420.0
0.812296878853683,0.221514374,0.046578745,0.252374724,501.0,1420.0
0.8177596447395777,0.316469044,0.039064065,0.216375975,501.0,1420.0
0.8182011565097779,0.421237798,0.035926113,0.183179025,501.0,1420.0
0.818184907006974,0.518079823,0.035023979,0.145752762,501.0,1420.0
0.8179471622521106,0.593706893,0.043103759,0.150846639,501.0,1420.0
0.8155672258438332,0.676108757,0.049059474,0.148625196,501.0,1420.0
0.8117385716279405,0.677811792,0.055604145,0.146360524,501.0,1420.0
0.8094981425965255,0.653518089,0.066681866,0.155495176,501.0,1420.0
0.8070563459297767,0.591686787,0.07984407,0.167685997,501.0,1420.0
0.8057536913740535,0.477184803,0.098350603,0.193678455,501.0,1420.0
0.7999652845505443,0.338577696,0.113583784,0.213301953,501.0,1420.0
0.78466017771578,0.195677024,0.129312289,0.222986369,501.0,1420.0
0.7734002340131224,0.099039351,0.165528572,0.238711148,501.0,1420.0
0.7450825689460434,0.004442471,0.205439252,0.249351901,501.0,1420.0
0.7162645787977718,0.0,0.220423954,0.23711624,501.0,1420.0
0.6518646546062493,0.0,0.175646307,0.245106687,501.0,1420.0
0.6244280284874145,0.0,0.192263915,0.228413578,501.0,1420.0
0.6020886190655721,0.0,0.2066113895,0.226670151,501.0,1420.0
0.6061971422012145,0.0,0.216215708,0.244182205,501.0,1420.0
0.630643267051223,0.0,0.216959245,0.261581849,501.0,1420.0
0.6700833996982288,0.028005617,0.210235414,0.290847773,501.0,1420.0
0.7279322421185064,0.131920183,0.179649092,0.302268057,501.0,1420.0
0.7860420495918904,0.248645534,0.137144364,0.298823451,501.0,1420.0
0.8123660320343014,0.40509794,0.122256221,0.285756962,501.0,1420.0
0.8175657556137944,0.557408488,0.115718603,0.283918506,501.0,1420.0
0.8185030687722259,0.693367813,0.118439025,0.293897039,501.0,1420.0
0.821589775700953,0.793514895,0.098567171,0.261673191,501.0,1420.0
0.8262082952087924,0.845781082,0.110965796,0.298151906,501.0,1420.0
0.8277053923384489,0.83097646,0.121236227,0.327318632,501.0,1420.0
0.8255625537803711,0.765341407,0.116373147,0.343778645,501.0,1420.0
0.8242054260076492,0.685733793,0.111839998,0.367472931,501.0,1420.0
0.8208393344760148,0.588822888,0.108997779,0.39629986,501.0,1420.0
0.8187809759668389,0.452172708,0.110611441,0.423591029,501.0,1420.0
0.811795260625975,0.3196326,0.116875064,0.46347685,501.0,1420.0
0.7936572568583716,0.181894045,0.13956581,0.508597001,501.0,1420.0
0.779693397479896,0.090820409,0.192842931,0.568145362,501.0,1420.0
0.7473643150359829,0.004912745,0.234312499,0.617718058,501.0,1420.0
0.7184300835431306,0.0,0.251924142,0.625354161,501.0,1420.0
0.6557462126988002,0.0,0.221997987,0.56745514,501.0,1420.0
0.6262883437619037,0.0,0.21029644,0.512935164,501.0,1420.0
0.6041402147034821,0.0,0.197166762,0.434842747,501.0,1420.0
0.6018897447307237,0.0,0.1737507965,0.358520214,501.0,1420.0
0.6228982472287152,0.0,0.150763609,0.315732145,501.0,1420.0
0.663730269627312,0.030156432,0.144764092,0.283674491,501.0,1420.0
0.7264196338587872,0.123140637,0.128294576,0.26698702,501.0,1420.0
0.7856218651284175,0.235212682,0.087513509,0.260969024,501.0,1420.0
0.8122864455275435,0.364217379,0.072535428,0.249912461,501.0,1420.0
0.8191709693366295,0.49432295,0.064426798,0.231232431,501.0,1420.0
0.8224020771843628,0.603780854,0.061906984,0.214912025,501.0,1420.0
0.8265588645115746,0.681800633,0.041559427,0.13492805,501.0,1420.0
0.8307493979254648,0.7273434745,0.043703018499999996,0.1418572795,501.0,1420.0
0.8266559936676516,0.687378914,0.038804203,0.152666505,501.0,1420.0
0.8253190849797329,0.606967695,0.035709412,0.158631362,501.0,1420.0
0.820654771117259,0.507466567,0.036734131,0.180647281,501.0,1420.0
0.8165846796199847,0.367937767,0.039534842,0.215829156,501.0,1420.0
0.8076153915282605,0.248207856,0.040733221,0.259951144,501.0,1420.0
0.7901765863150426,0.136578113,0.055675837,0.287883845,501.0,1420.0
0.7759439605843904,0.071128456,0.084880946,0.290610121,501.0,1420.0
0.745453588655071,0.004045905,0.106973649,0.287183723,501.0,1420.0
0.7177065100717273,0.0,0.111583941,0.264992649,501.0,1420.0
0.6570554225330223,0.0,0.097830056,0.273707564,501.0,1420.0
0.6272915788916956,0.0,0.091257069,0.265185394,501.0,1420.0
0.6021869021444713,0.0,0.0765664445,0.24395127649999998,501.0,1420.0
0.6043014192362542,0.0,0.063498035,0.207292922,501.0,1420.0
0.6230554816492385,0.0,0.055406558,0.182667171,501.0,1420.0
0.6625474564803917,0.027315439,0.046636644,0.16913601,501.0,1420.0
0.7254022728763376,0.101800181,0.034399786,0.172286899,501.0,1420.0
0.7857139164805713,0.19580846,0.017471821,0.163788254,501.0,1420.0
0.812074460304291,0.292367122,0.012507515,0.145390557,501.0,1420.0
0.8184713081393594,0.421072401,0.014907342,0.123716067,501.0,1420.0
0.8192598809476027,0.543740373,0.021831615,0.107385403,501.0,1420.0
0.821589775700953,0.590070152,0.025534041,0.131382462,501.0,1420.0
0.8246960561354437,0.637922022,0.030623953,0.11856814,501.0,1420.0
0.8255597838883734,0.663507968,0.036625235,0.146994473,501.0,1420.0
0.822120661725011,0.644866494,0.043166645,0.202524251,501.0,1420.0
0.8222582303763184,0.552543615,0.053506843,0.266542158,501.0,1420.0
0.8185078701834803,0.457620466,0.069589723,0.324333875,501.0,1420.0
0.8154652031456123,0.340744155,0.080429321,0.372342461,501.0,1420.0
0.807862460724527,0.223907406,0.093605937,0.416083025,501.0,1420.0
0.7909038536385886,0.124608082,0.110515279,0.440175501,501.0,1420.0
0.7769878201340041,0.057096276,0.136799019,0.451367156,501.0,1420.0
0.7460725551236593,0.003327995,0.158341241,0.442157995,501.0,1420.0
0.7184300835431306,0.0,0.163976502,0.406627106,501.0,1420.0
0.6411706810332262,0.0,0.15884411,0.391138448,501.0,1420.0
0.6083470901487532,0.0,0.140454872,0.378185779,501.0,1420.0
0.579348275631376,0.0,0.125923445,0.333741273,501.0,1420.0
0.5706805305825886,0.0,0.1119000995,0.342462698,501.0,1420.0
0.5763207508686061,0.0,0.09761728,0.331709408,501.0,1420.0
0.5856880183549389,0.02423072,0.088967153,0.303638528,501.0,1420.0
0.5963388286724597,0.100351295,0.073598015,0.284239571,501.0,1420.0
0.6283267595789455,0.195858854,0.04596061,0.285952466,501.0,1420.0
0.6563911693576293,0.298525394,0.035444553,0.281123022,501.0,1420.0
0.686476175977648,0.420784355,0.030003945,0.284237935,501.0,1420.0
0.6910878632177885,0.515653378,0.028864101,0.282481838,501.0,1420.0
0.6950319269490066,0.609255848,0.025019881,0.160524682,501.0,1420.0
0.7000754316687611,0.646902597,0.030315854,0.183246442,501.0,1420.0
0.701325920919411,0.676247926,0.032407374,0.22069304,501.0,1420.0
0.7032551132469747,0.636721663,0.03810456,0.297840946,501.0,1420.0
0.7053461556863497,0.58110361,0.046080587,0.347488655,501.0,1420.0
0.7062391512356291,0.480949539,0.051694033,0.362082285,501.0,1420.0
0.7048974417992683,0.367796692,0.054128312,0.396097182,501.0,1420.0
0.6986289303049936,0.241566285,0.060938874,0.426168563,501.0,1420.0
0.682754714394789,0.12756612,0.067307028,0.423225101,501.0,1420.0
0.6720038203697267,0.061661013,0.077604948,0.398745974,501.0,1420.0
0.6662764890350968,0.004446985,0.086282248,0.381807129,501.0,1420.0
0.6595274102934534,0.0,0.080787239,0.361534265,501.0,1420.0
0.6460167888927079,0.0,0.078551373,0.332192451,501.0,1420.0
0.6115842916926003,0.0,0.06873992,0.368041083,501.0,1420.0
0.5794833513798855,0.0,0.059831729,0.370875989,501.0,1420.0
0.5708180761017518,0.0,0.054589041500000005,0.376045554,501.0,1420.0
0.5762657696060903,0.0,0.050212304,0.396232577,501.0,1420.0
0.5856941581827788,0.018644604,0.049784296,0.429047931,501.0,1420.0
0.596448698867758,0.083283584,0.044450328,0.417935034,501.0,1420.0
0.6283267595789455,0.15710802,0.034973937,0.368459781,501.0,1420.0
0.6561318663722839,0.24109108,0.029332595,0.318637099,501.0,1420.0
0.686476175977648,0.340054861,0.025285628,0.262625809,501.0,1420.0
0.6905930772577791,0.398926885,0.025211267,0.234504977,501.0,1420.0
0.6922341139891817,0.462725229,0.028916798,0.270283436,501.0,1420.0
0.696618581931488,0.468832601,0.036821668,0.31692588,501.0,1420.0
0.6979562289921479,0.513668422,0.048970341,0.316014649,501.0,1420.0
0.6958175913375116,0.479549936,0.071092288,0.344674202,501.0,1420.0
0.696495508982021,0.430417815,0.088411202,0.390792264,501.0,1420.0
0.6943716898187449,0.393831368,0.104121574,0.414857141,501.0,1420.0
0.6887463805195239,0.303564063,0.104824636,0.406941298,501.0,1420.0
0.6848126109238926,0.220273173,0.101788429,0.399444304,501.0,1420.0
0.6735217377548113,0.127335836,0.092539805,0.378512337,501.0,1420.0
0.667038840331657,0.063828098,0.093567935,0.327267294,501.0,1420.0
0.6649123440700849,0.0051139,0.098178176,0.298285218,501.0,1420.0
0.6553516493054786,0.0,0.101815843,0.320400212,501.0,1420.0
0.654370803638893,0.0,0.118161835,0.344757326,501.0,1420.0
0.6258279043963856,0.0,0.118272328,0.393900856,501.0,1420.0
0.6018492127731975,0.0,0.11123220349999999,0.4367190775,501.0,1420.0
0.6042646265335033,0.0,0.103794969,0.428512826,501.0,1420.0
0.6228242002408282,0.0,0.10107245,0.407553621,501.0,1420.0
0.6625467179088069,0.020271541,0.097247649,0.422647805,501.0,1420.0
0.7266118149176459,0.094831579,0.089948209,0.409702974,501.0,1420.0
0.7861623533121719,0.179805774,0.085802292,0.386874849,501.0,1420.0
0.8122196002588506,0.256580788,0.079188806,0.358751994,501.0,1420.0
0.8178375695762619,0.374038412,0.074931244,0.335963711,501.0,1420.0
0.8178453251412932,0.474917204,0.075939653,0.329146625,501.0,1420.0
0.8177438565540341,0.564375311,0.067936692,0.25902417,501.0,1420.0
0.8184917128115661,0.62712746,0.081750088,0.339000902,501.0,1420.0
0.8177837419383027,0.686301827,0.10091344,0.442117649,501.0,1420.0
0.814883629887588,0.638784906,0.119837023,0.528358048,501.0,1420.0
0.8124917827448765,0.569317536,0.1237518,0.566981489,501.0,1420.0
0.8088599718085443,0.450355806,0.124180749,0.591529257,501.0,1420.0
0.8059280063312612,0.323602158,0.13447744,0.619278995,501.0,1420.0
0.7990540079792043,0.202365552,0.150732641,0.648272595,501.0,1420.0
0.7845904704241997,0.109306339,0.164037704,0.683557426,501.0,1420.0
0.7734774204770651,0.050752244,0.177092677,0.689293879,501.0,1420.0
0.7454184118883551,0.004233792,0.19477547,0.674891596,501.0,1420.0
0.7159006220150731,0.0,0.194455168,0.656441363,501.0,1420.0
0.653059516352532,0.0,0.172945221,0.579795004,501.0,1420.0
0.6250563199939371,0.0,0.155376974,0.585440363,501.0,1420.0
0.6036620945585915,0.0,0.144683346,0.583729205,501.0,1420.0
0.6017452284492617,0.0,0.1390113805,0.5847098255000001,501.0,1420.0
0.6249973224211651,0.0,0.13200049,0.586655782,501.0,1420.0
0.6647076530946034,0.016571733,0.125146349,0.583527222,501.0,1420.0
0.7278252801441027,0.06532943,0.123500581,0.590839479,501.0,1420.0
0.7876620354092347,0.133739025,0.140547802,0.589098545,501.0,1420.0
0.8147632340364169,0.164458192,0.139490857,0.541628769,501.0,1420.0
0.820281951210417,0.199239401,0.116283702,0.46124128,501.0,1420.0
0.8194664185177493,0.264939218,0.104527446,0.39832169,501.0,1420.0
0.818246581678042,0.328766587,0.090648883,0.401122934,501.0,1420.0
0.8182993010940771,0.376693885,0.095281336,0.449414378,501.0,1420.0
0.816055363135111,0.400020436,0.11453587,0.482505041,501.0,1420.0
0.8118168656509951,0.379482789,0.134131039,0.502323455,501.0,1420.0
0.8092662146811387,0.347817706,0.148255863,0.501641742,501.0,1420.0
0.8060284588274857,0.282685485,0.153523961,0.51621007,501.0,1420.0
0.8045004322314058,0.202170437,0.154014587,0.516641844,501.0,1420.0
0.7988473782781681,0.138757863,0.160261152,0.51619116,501.0,1420.0
0.7847533366270457,0.084954065,0.157934813,0.547037333,501.0,1420.0
0.7746166547189804,0.034740193,0.146830502,0.573370023,501.0,1420.0
0.7463563248917874,0.003515269,0.14532219,0.584676627,501.0,1420.0
0.7164271679451367,0.0,0.14733679,0.579178773,501.0,1420.0
0.651396459741981,0.0,0.13143471,0.554517902,501.0,1420.0
0.6246858080653017,0.0,0.148320158,0.593070575,501.0,1420.0
0.6027644594567863,0.0,0.166845761,0.605483734,501.0,1420.0
0.6065241676871405,0.0,0.187496247,0.620010634,501.0,1420.0
0.6313019344434567,0.0,0.196266297,0.625881899,501.0,1420.0
0.6704106559090662,0.008084982,0.205091435,0.62190498,501.0,1420.0
0.7305996421470544,0.039540469,0.21483261,0.602378802,501.0,1420.0
0.7886781967016829,0.090841411,0.238653905,0.566281174,501.0,1420.0
0.8165741541629555,0.132625098,0.256006714,0.511181354,501.0,1420.0
0.8215360408566956,0.164560072,0.240317456,0.457655412,501.0,1420.0
0.8205017834667784,0.217014425,0.232862956,0.436127432,501.0,1420.0
0.8195882911144028,0.23510997,0.204951892,0.437298327,501.0,1420.0
0.8196702783267877,0.258904736,0.214943486,0.459310135,501.0,1420.0
0.8174327113182601,0.276649861,0.231133731,0.465902628,501.0,1420.0
0.8134604873498041,0.261826633,0.241340465,0.438597407,501.0,1420.0
0.8099891419106906,0.261320304,0.238003314,0.429009583,501.0,1420.0
0.806737537259861,0.224001815,0.226916344,0.449055048,501.0,1420.0
0.8050656638557366,0.178765514,0.208198155,0.441458444,501.0,1420.0
0.7994039310401352,0.132148379,0.177951462,0.441135399,501.0,1420.0
0.784975108271774,0.084763609,0.149555149,0.4393512,501.0,1420.0
0.7748749877450174,0.035913937,0.119172522,0.400012251,501.0,1420.0
0.7458812052312436,0.00489969,0.103090026,0.409510811,501.0,1420.0
0.7169762885944043,0.0,0.092370713,0.439995415,501.0,1420.0
0.6520898885828342,0.0,0.083639693,0.524953456,501.0,1420.0
0.6260008346064381,0.0,0.084820865,0.582473061,501.0,1420.0
0.6057355026154451,0.0,0.078878083,0.602041092,501.0,1420.0
0.6021534563448401,0.0,0.08437591,0.630117445,501.0,1420.0
0.6080668749096524,0.0,0.091165104,0.648040288,501.0,1420.0
0.6328688777238403,0.0,0.094966909,0.670120042,501.0,1420.0
0.6712742915311062,0.014843985,0.095478389,0.688701724,501.0,1420.0
0.7336344144293384,0.069704782,0.093921241,0.697615812,501.0,1420.0
0.7883640045184303,0.146691598,0.085407131,0.707877935,501.0,1420.0
0.8126405230950648,0.263154894,0.091530453,0.717548323,501.0,1420.0
0.8177143117022034,0.384112799,0.108954109,0.726980449,501.0,1420.0
0.8179984042598513,0.425379247,0.12328471,0.742770357,501.0,1420.0
0.8177151422058342,0.439002448,0.098308615,0.733788422,501.0,1420.0
0.817719574430718,0.487491943,0.116286008,0.748637327,501.0,1420.0
0.815539157737485,0.467471609,0.128583582,0.746572683,501.0,1420.0
0.811386986896936,0.491532452,0.135890061,0.74045111,501.0,1420.0
0.8088512929461803,0.426905576,0.139466853,0.733842829,501.0,1420.0
0.805623693363186,0.36007179,0.137787095,0.73809041,501.0,1420.0
0.8042138461744289,0.264534522,0.13228249,0.743178799,501.0,1420.0
0.7986544131125295,0.181853539,0.126399761,0.730039824,501.0,1420.0
0.7845816066372444,0.100144647,0.119142358,0.686391851,501.0,1420.0
0.773729567477255,0.043234914,0.115034186,0.610470233,501.0,1420.0
0.7457247557128749,0.003019784,0.107716631,0.507595274,501.0,1420.0
0.716729864977177,0.0,0.096048355,0.412143944,501.0,1420.0
0.6516573784645179,0.0,0.081803712,0.309766411,501.0,1420.0
0.6244280284874145,0.0,0.078704581,0.257733055,501.0,1420.0
0.6010735197639001,0.0,0.067381609,0.196029188,501.0,1420.0
0.6044789658004073,0.0,0.047926531,0.147069127,501.0,1420.0
0.6251238578350513,0.0,0.034505946,0.113372253,501.0,1420.0
0.6647485539070942,0.015233163,0.025204307,0.092675025,501.0,1420.0
0.7275705939105451,0.066448542,0.017394984,0.079199293,501.0,1420.0
0.7862787782557193,0.136444362,0.010280605,0.073109519,501.0,1420.0
0.8122436053266858,0.242282143,0.008436092,0.070466351,501.0,1420.0
0.8178268591946414,0.33536463,0.008438913,0.065382466,501.0,1420.0
0.8178641596115034,0.44260789,0.010115489,0.057697191,501.0,1420.0
0.817663808067204,0.475450444,0.014689828,0.045508406,501.0,1420.0
0.8182974544994119,0.504629928,0.016995211,0.040283713,501.0,1420.0
0.816770720387035,0.472495013,0.01812203,0.0352051,501.0,1420.0
0.8139990361451915,0.423588925,0.019167159,0.033380661,501.0,1420.0
0.8120216487573662,0.345791583,0.0194735,0.03771801,501.0,1420.0
0.8100430616795393,0.309842978,0.019090509,0.050427384,501.0,1420.0
0.808687133596819,0.248739454,0.020195354,0.059247225,501.0,1420.0
0.8016146302951279,0.176824023,0.023356164,0.059202443,501.0,1420.0
0.7856441163952893,0.110308874,0.031242738,0.057599079,501.0,1420.0
0.7746737129033854,0.065311339,0.042940481,0.062470959,501.0,1420.0
0.7451032042768801,0.005167039,0.055273461,0.073473379,501.0,1420.0
0.7159151634509523,0.0,0.065964404,0.089376806,501.0,1420.0
0.6357945647792617,0.0,0.062143934,0.122515784,501.0,1420.0
0.6057916841644932,0.0,0.059805557,0.140295547,501.0,1420.0
0.5776514270012645,0.0,0.058856797,0.154829532,501.0,1420.0
0.569349900614797,0.0,0.055137711,0.171910449,501.0,1420.0
0.5708958393116917,0.0,0.056167321,0.182286675,501.0,1420.0
0.5773039508439681,0.0,0.053473061,0.17975275,501.0,1420.0
0.5870025371156827,0.017608296,0.051045007,0.195102876,501.0,1420.0
0.5962342211393947,0.081930562,0.044099354,0.204615732,501.0,1420.0
0.6278798462210843,0.169565271,0.034197661,0.197895523,501.0,1420.0
0.6555211171836745,0.231067991,0.023581711,0.184753119,501.0,1420.0
0.6856365454234432,0.334646571,0.027435347,0.189296751,501.0,1420.0
0.6896625042361567,0.436756486,0.039342093,0.22193882,501.0,1420.0
0.6900457117350994,0.499232094,0.043422184,0.201662772,501.0,1420.0
0.6919258307762951,0.548137456,0.055564296,0.217298761,501.0,1420.0
0.6902285206300797,0.489690353,0.066537508,0.241646859,501.0,1420.0
0.6899891606019934,0.440490965,0.080399108,0.267840192,501.0,1420.0
0.692259504334422,0.409319174,0.086239979,0.291748578,501.0,1420.0
0.6909969200875586,0.326798157,0.085905223,0.303515967,501.0,1420.0
0.6893737030609562,0.262157567,0.07796152,0.31865173,501.0,1420.0
0.684535719820314,0.201419208,0.06572928,0.346690903,501.0,1420.0
0.6728927999401559,0.114939532,0.060113426,0.357148571,501.0,1420.0
0.6665122480047423,0.065404247,0.062072982,0.372552019,501.0,1420.0
0.6642328104895404,0.005700414,0.065143283,0.395006235,501.0,1420.0
0.6527775931127877,0.0,0.067186768,0.426142331,501.0,1420.0
0.6350364602527441,0.0,0.085847368,0.49278412,501.0,1420.0
0.6057798200257537,0.0,0.090683272,0.52199782,501.0,1420.0
0.5775081802370644,0.0,0.097744722,0.548123734,501.0,1420.0
0.5699766456148578,0.0,0.1082498715,0.594574544,501.0,1420.0
0.5769006163248307,0.0,0.119243656,0.616732375,501.0,1420.0
0.5861091721811892,0.020174114,0.130779013,0.600104662,501.0,1420.0
0.5959253842132335,0.094486868,0.125096344,0.553993664,501.0,1420.0
0.6280289096921984,0.172557304,0.119419767,0.506221375,501.0,1420.0
0.6551911372125654,0.275103902,0.14859182,0.516721496,501.0,1420.0
0.6854387788465501,0.362941777,0.161211646,0.534958297,501.0,1420.0
0.6891179543395135,0.428107626,0.181179988,0.546309542,501.0,1420.0
0.6895028692425687,0.518562119,0.145138545,0.411683605,501.0,1420.0
0.6903667819200897,0.530622006,0.17529795,0.446667411,501.0,1420.0
0.688779895616166,0.526565665,0.193518572,0.489705924,501.0,1420.0
0.6876136557557876,0.471669694,0.204049819,0.50154791,501.0,1420.0
0.6880869745557051,0.421184494,0.208597548,0.499962512,501.0,1420.0
0.6871172081257045,0.33832865,0.199341008,0.495925335,501.0,1420.0
0.6866700644406193,0.25127461,0.18445302,0.498498201,501.0,1420.0
0.6823590891101132,0.166678528,0.15750519,0.486118968,501.0,1420.0
0.672170426158754,0.094522856,0.121237556,0.479442689,501.0,1420.0
0.6660843079762381,0.045228261,0.101977878,0.482258571,501.0,1420.0
0.6638959978530453,0.004740389,0.088780399,0.481362451,501.0,1420.0
0.652581580933389,0.0,0.084414226,0.473222852,501.0,1420.0
0.6518719023908883,0.0,0.101004479,0.501675431,501.0,1420.0
0.6141342272230161,0.0,0.094482571,0.5018095284999999,501.0,1420.0
0.6016140997139975,0.0,0.1045718165,0.526527074,501.0,1420.0
0.6247426358562015,0.0,0.108454281,0.568823406,501.0,1420.0
0.6639139096887351,0.018191757,0.106014609,0.585036227,501.0,1420.0
0.7262262073758883,0.076724777,0.099265323,0.60334078,501.0,1420.0
0.786185804269045,0.151691597,0.104225703,0.621611847,501.0,1420.0
0.8122518222089774,0.220010729,0.117009506,0.633160197,501.0,1420.0
0.8178084860416913,0.300194559,0.146116085,0.646164841,501.0,1420.0
0.8179369138505626,0.318184207,0.180007463,0.659255931,501.0,1420.0
0.817663808067204,0.327602215,0.143979348,0.60745824,501.0,1420.0
0.8179729217837215,0.322138685,0.179385135,0.595671271,501.0,1420.0
0.8162617164434783,0.293370177,0.199464307,0.592281754,501.0,1420.0
0.8121095449401172,0.247817424,0.205518632,0.60313974,501.0,1420.0
0.8095062673479274,0.236961476,0.202260551,0.602777433,501.0,1420.0
0.8068291266319425,0.189542882,0.195512755,0.612014981,501.0,1420.0
0.8053119946792621,0.150699149,0.183166923,0.629093142,501.0,1420.0
0.7990540079792043,0.116069088,0.159731648,0.644059287,501.0,1420.0
0.78466017771578,0.081892801,0.152395256,0.644570509,501.0,1420.0
0.7736510891924212,0.050653256,0.142269227,0.649231189,501.0,1420.0
0.7451247165081987,0.005479153,0.144445665,0.69224777,501.0,1420.0
0.7160147390466952,0.0,0.155647777,0.726515194,501.0,1420.0
0.6524137287261034,0.0,0.208506716,0.805780202,501.0,1420.0
0.6249698087571848,0.0,0.211709178,0.818711135,501.0,1420.0
0.6013580513351792,0.0,0.213133964,0.813071782,501.0,1420.0
0.6044070885281111,0.0,0.206926069,0.795134845,501.0,1420.0
0.6231726457609018,0.0,0.209939563,0.792146003,501.0,1420.0
0.6626646206583364,0.016742048,0.204001803,0.779933295,501.0,1420.0
0.7264196338587872,0.06867277,0.18860554,0.770271475,501.0,1420.0
0.7861152658110219,0.129668526,0.174322788,0.761939164,501.0,1420.0
0.8122518222089774,0.220506188,0.183564253,0.711658092,501.0,1420.0
0.8178496645724751,0.277323035,0.193639275,0.609608781,501.0,1420.0
0.817621337052717,0.318566167,0.202049538,0.539626923,501.0,1420.0
0.8177227135090863,0.27986325,0.142176406,0.414850686,501.0,1420.0
0.8179936956422987,0.272527158,0.154960422,0.403334222,501.0,1420.0
0.8161919163581963,0.282228549,0.15809964,0.382478033,501.0,1420.0
0.8121060366753783,0.284149943,0.156176509,0.364099801,501.0,1420.0
0.810026073141182,0.278988786,0.156477545,0.370305385,501.0,1420.0
0.8073510567381554,0.253522809,0.155458321,0.379022841,501.0,1420.0
0.8056567471425679,0.234525597,0.139463415,0.383034401,501.0,1420.0
0.7999652845505443,0.171970213,0.118960293,0.378314773,501.0,1420.0
0.785289207661325,0.118071192,0.096487842,0.378943118,501.0,1420.0
0.7740642100667532,0.065465305,0.088854403,0.386551831,501.0,1420.0
0.7449602807661685,0.005737741,0.084432054,0.399087208,501.0,1420.0
0.7163675241305133,0.0,0.079980509,0.419175297,501.0,1420.0
0.6541069304311732,0.0,0.074730298,0.494230048,501.0,1420.0
0.6257655368877716,0.0,0.071093477,0.509735896,501.0,1420.0
0.6019905668110062,0.0,0.069187814,0.5386292985000001,501.0,1420.0
0.6043568621474363,0.0,0.070171365,0.58469131,501.0,1420.0
0.6230554816492385,0.0,0.073507061,0.612161612,501.0,1420.0
0.6627334049177088,0.023385177,0.077701061,0.620698239,501.0,1420.0
0.7255037408007844,0.091962019,0.076774254,0.622546263,501.0,1420.0
0.7853083198498284,0.169425654,0.05938693,0.631704325,501.0,1420.0
0.8121321653933598,0.310886946,0.069872706,0.665289129,501.0,1420.0
0.8183197978971734,0.445862801,0.098905469,0.712872309,501.0,1420.0
0.8192487092487221,0.505652127,0.12430383,0.760811426,501.0,1420.0
0.8217278984632226,0.530955196,0.114558288,0.733145171,501.0,1420.0
0.8259631647380804,0.51312241,0.133592246,0.761491648,501.0,1420.0
0.8272638805682488,0.509341605,0.14570159,0.786098983,501.0,1420.0
0.8259749826788128,0.518805948,0.155443329,0.805147176,501.0,1420.0
0.8256137957881118,0.500215605,0.152871217,0.813024413,501.0,1420.0
0.8253632176642938,0.478588189,0.148549045,0.818446918,501.0,1420.0
0.823211238926592,0.417029368,0.140099693,0.821391032,501.0,1420.0
0.8167976796086474,0.302331196,0.120734614,0.804378151,501.0,1420.0
0.7994564655315789,0.186763207,0.1016253,0.786484696,501.0,1420.0
0.7848212901176626,0.108083788,0.102155623,0.778899543,501.0,1420.0
0.7487564353136413,0.009045586,0.107160848,0.751763316,501.0,1420.0
0.7201220852267929,0.0,0.112945733,0.693730527,501.0,1420.0
0.6566299755398783,0.0,0.117518927,0.605060866,501.0,1420.0
0.6262883437619037,0.0,0.113701666,0.502334462,501.0,1420.0
0.6039162271451556,0.0,0.106800299,0.441928023,501.0,1420.0
0.5993488111173164,0.0,0.103108271,0.399657343,501.0,1420.0
0.6044306783441309,0.0,0.104957999,0.379511546,501.0,1420.0
0.622989651875049,0.0,0.11692054,0.452762282,501.0,1420.0
0.6625474564803917,0.024357679,0.136755417,0.550156896,501.0,1420.0
0.7255487046517883,0.09827519,0.160867457,0.600461588,501.0,1420.0
0.7856775393610418,0.174905522,0.170319613,0.605453169,501.0,1420.0
0.8125634294248237,0.243226857,0.218638167,0.628539966,501.0,1420.0
0.817736285250782,0.317361017,0.322341307,0.679898291,501.0,1420.0
0.817883733117267,0.399624257,0.458354655,0.75351426,501.0,1420.0
0.8177227135090863,0.470412723,0.466048575,0.859788802,501.0,1420.0
0.8179434697255924,0.535904901,0.55420473,0.852387193,501.0,1420.0
0.8161126069069196,0.574310815,0.602768242,0.826401438,501.0,1420.0
0.812246560143275,0.575816895,0.630930818,0.847059712,501.0,1420.0
0.8121124076258168,0.548913931,0.659903119,0.879993511,501.0,1420.0
0.8091641919829177,0.468472113,0.683177617,0.908284734,501.0,1420.0
0.807931522437068,0.376509595,0.677234554,0.921906647,501.0,1420.0
0.8017750043242693,0.287694049,0.663649781,0.919431317,501.0,1420.0
0.7875204043822263,0.175304981,0.622913736,0.914000977,501.0,1420.0
0.7796894272350846,0.097389833,0.567929881,0.90275328,501.0,1420.0
0.7490740429679313,0.008683684,0.532483767,0.878445236,501.0,1420.0
0.7142231160332514,0.0,0.494327113,0.871975568,501.0,1420.0
0.6535753986292322,0.0,0.42858165,0.843607659,501.0,1420.0
0.6283503955266913,0.0,0.467271316,0.855861903,501.0,1420.0
0.6081087456151703,0.0,0.45474178,0.863409989,501.0,1420.0
0.6049679806549788,0.0,0.449013941,0.874983781,501.0,1420.0
0.6224439938559037,0.0,0.430881084,0.901940451,501.0,1420.0
0.6721491909829165,0.019418488,0.418921942,0.894417373,501.0,1420.0
0.7347972845527183,0.083342236,0.463168602,0.882252348,501.0,1420.0
0.791011692513474,0.145498516,0.473420193,0.875833641,501.0,1420.0
0.8225909799743005,0.237958478,0.494164631,0.872138653,501.0,1420.0
0.8254043040641881,0.306529668,0.509043172,0.854708884,501.0,1420.0
0.8240446827921374,0.369059983,0.499255295,0.822564071,501.0,1420.0
0.8216507126620919,0.44228301,0.371138168,0.775545923,501.0,1420.0
0.8201773435447897,0.474748048,0.395186618,0.802322753,501.0,1420.0
0.8181306180517546,0.529702544,0.425107259,0.841823261,501.0,1420.0
0.8142255164074724,0.518087235,0.454010729,0.864910278,501.0,1420.0
0.8116652632779195,0.475477935,0.471596492,0.876795092,501.0,1420.0
0.8081366747298095,0.431075039,0.488902508,0.877429459,501.0,1420.0
0.8076705109871105,0.330676247,0.488867942,0.876591135,501.0,1420.0
0.801687938645149,0.232161883,0.490604469,0.876402936,501.0,1420.0
0.7872476677852384,0.142400294,0.442998802,0.86370322,501.0,1420.0
0.7765086380977593,0.067354928,0.402223143,0.839553919,501.0,1420.0
0.7485880750608385,0.005620866,0.374502155,0.80230083,501.0,1420.0
0.7167632415460786,0.0,0.36410036,0.774592893,501.0,1420.0
0.6352124834094388,0.0,0.338279582,0.721435876,501.0,1420.0
0.6069877923953155,0.0,0.339519274,0.724564631,501.0,1420.0
0.5800637246827837,0.0,0.344109642,0.744795111,501.0,1420.0
0.5743094332980263,0.0,0.34385882599999995,0.7667500709999999,501.0,1420.0
0.5832232784454279,0.0,0.33706211,0.776225886,501.0,1420.0
0.5907751482439867,0.013471152,0.32829635,0.77263733,501.0,1420.0
0.6000365618452772,0.067643566,0.325928686,0.751999254,501.0,1420.0
0.6305040827290052,0.131272526,0.340940362,0.721037425,501.0,1420.0
0.6609185612083346,0.196787465,0.364960082,0.675622777,501.0,1420.0
0.6928493408715888,0.249949134,0.390117572,0.642364098,501.0,1420.0
0.6950774449109725,0.282128789,0.411408703,0.631883554,501.0,1420.0
0.6925126674256462,0.274023016,0.288452977,0.580029504,501.0,1420.0
0.6918145757675603,0.29697653,0.324807128,0.578845864,501.0,1420.0
0.6890833316837595,0.308596304,0.370489421,0.572622853,501.0,1420.0
0.6882297595386764,0.321590364,0.405173198,0.576422519,501.0,1420.0
0.6887583369879966,0.284774051,0.423179229,0.581592379,501.0,1420.0
0.6872970628669077,0.226071906,0.409866805,0.575306916,501.0,1420.0
0.6868499191818225,0.164277086,0.392931915,0.558977076,501.0,1420.0
0.683060689032938,0.10995401,0.354716321,0.541299355,501.0,1420.0
0.672472338421202,0.076251987,0.290570538,0.521365844,501.0,1420.0
0.6681638559272127,0.04054886,0.253892645,0.528166569,501.0,1420.0
0.6661433055490099,0.005331265,0.227168906,0.53395927,501.0,1420.0
0.6553872417216974,0.0,0.208982516,0.517421225,501.0,1420.0
0.6343661133812372,0.0,0.167080405,0.494624891,501.0,1420.0
0.6061993581148126,0.0,0.162024043,0.479518056,501.0,1420.0
0.5748992240348731,0.0,0.157721248,0.4833315585,501.0,1420.0
0.5724551655547843,0.0,0.1514569,0.468912802,501.0,1420.0
0.5811432227140608,0.0,0.142778346,0.469869559,501.0,1420.0
0.5895560042418254,0.008217987,0.137487269,0.481072989,501.0,1420.0
0.599259622384581,0.053766751,0.137749993,0.508666197,501.0,1420.0
0.6306999102489373,0.097279888,0.154782801,0.526778028,501.0,1420.0
0.6592301143851059,0.163155533,0.170755291,0.532669136,501.0,1420.0
0.6923342900927375,0.231715398,0.182032779,0.50917475,501.0,1420.0
0.6949266266446767,0.278393029,0.181599846,0.46886037,501.0,1420.0
0.6935272591789102,0.280988115,0.126121946,0.41945716,501.0,1420.0
0.692740532965332,0.290742716,0.156115738,0.416210172,501.0,1420.0
0.6900964460287289,0.268113264,0.176763651,0.437293164,501.0,1420.0
0.6885269631835719,0.264708728,0.191075111,0.447091555,501.0,1420.0
0.6891954178589372,0.210678979,0.201273137,0.445951584,501.0,1420.0
0.6883098544223574,0.181093149,0.199889664,0.460711113,501.0,1420.0
0.6873948846616872,0.131860345,0.190321811,0.46912905,501.0,1420.0
0.6841490968503342,0.100773951,0.184371707,0.472006985,501.0,1420.0
0.6741383956486621,0.057186339,0.168846321,0.479902273,501.0,1420.0
0.6680934102628913,0.025670866,0.150450361,0.498210285,501.0,1420.0
0.6663569988391872,0.003508282,0.13674291,0.504191599,501.0,1420.0
0.6541614962430299,0.0,0.128799301,0.510396358,501.0,1420.0
0.65141691034707,0.0,0.137986569,0.471695882,501.0,1420.0
0.6145732233891019,0.0,0.11694879,0.48478028900000003,501.0,1420.0
0.6038464272255766,0.0,0.1020439405,0.426054204,501.0,1420.0
0.6300295633774304,0.0,0.097317545,0.403183153,501.0,1420.0
0.6694152684751953,0.017759977,0.098558364,0.413510843,501.0,1420.0
0.7300845907053911,0.063013046,0.10793002,0.419826125,501.0,1420.0
0.7883640045184303,0.126634841,0.106624874,0.40518067,501.0,1420.0
0.8154076829811349,0.117827945,0.099958296,0.376467831,501.0,1420.0
0.8203274685095707,0.194858468,0.09556504,0.356416015,501.0,1420.0
0.818887522358021,0.257519758,0.099365103,0.339599914,501.0,1420.0
0.818184907006974,0.299442304,0.081505128,0.286157019,501.0,1420.0
0.8179434697255924,0.35156131,0.090992736,0.306210472,501.0,1420.0
0.8155915079671495,0.391475618,0.098700928,0.32754109,501.0,1420.0
0.8120397455176473,0.394586134,0.112611026,0.354573346,501.0,1420.0
0.8100932882590577,0.379764136,0.121519415,0.383238573,501.0,1420.0
0.8077754878391086,0.338630717,0.136024965,0.40460809,501.0,1420.0
0.8069840530079779,0.268562719,0.146749614,0.412577094,501.0,1420.0
0.8005300548576149,0.21029601,0.142393658,0.422640984,501.0,1420.0
0.785289207661325,0.126295602,0.131381224,0.433776672,501.0,1420.0
0.7734774204770651,0.072754347,0.125240414,0.454255152,501.0,1420.0
0.7451330719182307,0.007777997,0.126216177,0.470341264,501.0,1420.0
0.7162774121667264,0.0,0.120650307,0.450638265,501.0,1420.0
0.6516573784645179,0.0,0.116610031,0.414300423,501.0,1420.0
0.6245624579277912,0.0,0.105303988,0.375385171,501.0,1420.0
0.6027143715375707,0.0,0.088092248,0.35181288,501.0,1420.0
0.6067313977634272,0.0,0.077972572,0.322906,501.0,1420.0
0.6325543626185053,0.0,0.072858027,0.303780924,501.0,1420.0
0.6714579315925294,0.020375238,0.064257987,0.273926843,501.0,1420.0
0.7330320673127367,0.085231507,0.053317815,0.238682576,501.0,1420.0
0.7893468356388276,0.153969204,0.038383852,0.207985988,501.0,1420.0
0.8159561109917,0.19697102,0.030345699,0.172001424,501.0,1420.0
0.8203810190920489,0.285850366,0.028999404,0.143449728,501.0,1420.0
0.8188434818043497,0.408482284,0.030390055,0.134186335,501.0,1420.0
0.81816921095232,0.496261879,0.028870411,0.123532238,501.0,1420.0
0.8179434697255924,0.574080274,0.035198491,0.141116491,501.0,1420.0
0.8156180058715016,0.616184345,0.043247116,0.170265599,501.0,1420.0
0.8121060366753783,0.614386248,0.05714737,0.199605411,501.0,1420.0
0.8104677698359735,0.568657597,0.077230324,0.22098339,501.0,1420.0
0.809126799435166,0.488331957,0.097034559,0.225882716,501.0,1420.0
0.8080715839248923,0.391629054,0.112579049,0.225996216,501.0,1420.0
0.801975540130348,0.288837644,0.119056264,0.234145824,501.0,1420.0
0.785756202570467,0.176644247,0.118685419,0.23438582,501.0,1420.0
0.7736510891924212,0.096547069,0.133923025,0.234397754,501.0,1420.0
0.745108928322655,0.009551886,0.153831101,0.233475745,501.0,1420.0
0.7160934486529713,0.0,0.156957322,0.216348608,501.0,1420.0
0.6518646546062493,0.0,0.136462944,0.181857569,501.0,1420.0
0.6244280284874145,0.0,0.125653934,0.163443205,501.0,1420.0
0.60216218133893,0.0,0.12115905900000001,0.15109579550000002,501.0,1420.0
0.6065241676871405,0.0,0.118655603,0.140162491,501.0,1420.0
0.6313019344434567,0.0,0.110990092,0.12882723,501.0,1420.0
0.6707421130233451,0.026806021,0.100629422,0.126805373,501.0,1420.0
0.7279322421185064,0.131879913,0.077328482,0.119523777,501.0,1420.0
0.7859528609254361,0.243464298,0.05171435,0.111455267,501.0,1420.0
0.8121692815484426,0.379051053,0.057653163,0.116619637,501.0,1420.0
0.8175838523740756,0.519067724,0.0791552,0.127545824,501.0,1420.0
0.8183754714669855,0.631168471,0.108560148,0.140275521,501.0,1420.0
0.820258407459842,0.7052691,0.089647221,0.142588238,501.0,1420.0
0.8233787216161009,0.749775233,0.121012017,0.15392298,501.0,1420.0
0.825090481067306,0.730393084,0.150240175,0.169386467,501.0,1420.0
0.8218058232999066,0.679301366,0.174586569,0.197812989,501.0,1420.0
0.8209516055757838,0.618399552,0.197905537,0.240473653,501.0,1420.0
0.8176593765051324,0.504104761,0.212366354,0.292359603,501.0,1420.0
0.8145791326577335,0.390759705,0.227483238,0.365469686,501.0,1420.0
0.8081529242326134,0.282964051,0.209381122,0.423533516,501.0,1420.0
0.7921167654168955,0.179759686,0.19190214,0.467237736,501.0,1420.0
0.779090311327741,0.10269846,0.201320771,0.48453177,501.0,1420.0
0.7458256701891719,0.010047668,0.228222688,0.491950984,501.0,1420.0
0.7179350211904525,0.0,0.240754593,0.475926873,501.0,1420.0
0.653969038725221,0.0,0.234156476,0.447842667,501.0,1420.0
0.6254138136953077,0.0,0.226139316,0.419549761,501.0,1420.0
0.6037944928111177,0.0,0.212460907,0.381640357,501.0,1420.0
0.6015370290101977,0.0,0.191934638,0.33486816350000004,501.0,1420.0
0.6247426358562015,0.0,0.185786765,0.299125057,501.0,1420.0
0.6644530125950846,0.025282715,0.191236626,0.28717832,501.0,1420.0
0.7262262073758883,0.123745152,0.178389494,0.274956899,501.0,1420.0
0.7857139164805713,0.224748327,0.131401774,0.25116016,501.0,1420.0
0.8128155770878258,0.358858187,0.134352937,0.224379766,501.0,1420.0
0.822755323585441,0.492997605,0.158910419,0.201414134,501.0,1420.0
0.8290559655617651,0.613105082,0.230462779,0.197054234,501.0,1420.0
0.8321292850105756,0.662164701,0.198874375,0.219901809,501.0,1420.0
0.833775768732272,0.64573097,0.234965784,0.266686599,501.0,1420.0
0.8371935635889073,0.619226307,0.266563699,0.331470092,501.0,1420.0
0.832605881416602,0.559888455,0.2827485,0.3813618,501.0,1420.0
0.8305084680267882,0.448558558,0.292709701,0.426147518,501.0,1420.0
0.8261107968663447,0.343190275,0.287012891,0.482755393,501.0,1420.0
0.823650350653977,0.26124859,0.276786974,0.527028114,501.0,1420.0
0.8157166124358731,0.205527463,0.252348938,0.520223854,501.0,1420.0
0.7974631978273202,0.131257088,0.233749436,0.510221486,501.0,1420.0
0.7833659249669398,0.087282182,0.23654958,0.533323058,501.0,1420.0
0.7498558763021776,0.010091907,0.249162704,0.539468163,501.0,1420.0
0.7243487190361377,0.0,0.252414108,0.519178231,501.0,1420.0
0.6647034979252008,0.0,0.243761518,0.518703459,501.0,1420.0
0.6332630256002214,0.0,0.232235156,0.500166509,501.0,1420.0
0.6072458950941285,0.0,0.220098977,0.48865408,501.0,1420.0
0.6023857303144533,0.0,0.19896736199999998,0.4749031435,501.0,1420.0
0.6231726457609018,0.0,0.184300677,0.450917227,501.0,1420.0
0.662465469334288,0.026241468,0.172357707,0.42118855,501.0,1420.0
0.7257725999466628,0.120335489,0.15738176,0.397399741,501.0,1420.0
0.7857408763649957,0.220513932,0.112077157,0.376760478,501.0,1420.0
0.8128060670590189,0.338872368,0.099969587,0.371175868,501.0,1420.0
0.8229619532864773,0.489809974,0.101551578,0.355443444,501.0,1420.0
0.8292417292733344,0.625301101,0.11064728,0.353341753,501.0,1420.0
0.8329200735998546,0.727347297,0.09819875,0.38582186,501.0,1420.0
0.8394115570916713,0.804610345,0.117201031,0.413477255,501.0,1420.0
0.8413141587211811,0.815159596,0.13159429,0.431934346,501.0,1420.0
0.8407289844047159,0.797873678,0.148587229,0.455858935,501.0,1420.0
0.8376146713497129,0.692361196,0.158455392,0.476056329,501.0,1420.0
0.8328976380712038,0.579313253,0.16885939,0.496838527,501.0,1420.0
0.8275681007426223,0.453747522,0.181428401,0.511272811,501.0,1420.0
0.8159408769171183,0.327551291,0.184752575,0.514931554,501.0,1420.0
0.7968939038272884,0.202746452,0.179623322,0.499101333,501.0,1420.0
0.7816517648101076,0.117998265,0.204095437,0.49833949,501.0,1420.0
0.7475770386319766,0.010564515,0.229568486,0.493329083,501.0,1420.0
0.7184300835431306,0.0,0.240427944,0.488586601,501.0,1420.0
0.6368018162193096,0.0,0.220019362,0.440173119,501.0,1420.0
0.6062166695752521,0.0,0.215056816,0.41882445,501.0,1420.0
0.5777178107538534,0.0,0.205294319,0.384275856,501.0,1420.0
0.5699890406661339,0.0,0.1914271735,0.3412949275,501.0,1420.0
0.5775765490457779,0.0,0.180524901,0.30067957,501.0,1420.0
0.5869651905008134,0.026152936,0.177089138,0.28682902,501.0,1420.0
0.5963321810642275,0.13976295,0.155535821,0.276740611,501.0,1420.0
0.6277810091969263,0.255976085,0.126210943,0.273144131,501.0,1420.0
0.6558831811074196,0.406930042,0.121673155,0.262722539,501.0,1420.0
0.6866066353057758,0.563391969,0.12707211,0.253895351,501.0,1420.0
0.6907994305661465,0.696345329,0.144673577,0.258782529,501.0,1420.0
0.6944655877655639,0.779914368,0.124219075,0.262924219,501.0,1420.0
0.6998672788253916,0.831647694,0.138745422,0.303612362,501.0,1420.0
0.6995966194816989,0.824274864,0.15146779,0.34547998,501.0,1420.0
0.7022618494632499,0.779423651,0.164977413,0.380996684,501.0,1420.0
0.7044531601370704,0.732000263,0.17818339,0.412942727,501.0,1420.0
0.7035075373026456,0.622297184,0.189727804,0.437189219,501.0,1420.0
0.7017069583713568,0.497343084,0.20304056,0.458466975,501.0,1420.0
0.6962024605065282,0.355280118,0.221085968,0.480437127,501.0,1420.0
0.679716110395434,0.218826498,0.235256849,0.513767905,501.0,1420.0
0.6693512852293898,0.121365324,0.272564177,0.554601078,501.0,1420.0
0.6656771882031619,0.010734972,0.315907778,0.605631429,501.0,1420.0
0.6550590159492389,0.0,0.333581965,0.639293396,501.0,1420.0
0.6351675197572787,0.0,0.333116072,0.640411881,501.0,1420.0
0.6048470310905331,0.0,0.330862128,0.623739603,501.0,1420.0
0.5723482959763951,0.0,0.30689487800000004,0.5820250339999999,458.0,1297.0
0.5695584693727941,0.0,0.276215491,0.557997376,458.0,1297.0
0.5758543102029886,0.0,0.259004391,0.544774796,458.0,1297.0
0.585222547184661,0.023514401,0.247678224,0.523681489,458.0,1297.0
0.5942501402767361,0.140177475,0.218042408,0.503906479,458.0,1297.0
0.6270096094539442,0.252991114,0.175921201,0.493466814,458.0,1297.0
0.6553552962305206,0.424514826,0.173472894,0.480583439,458.0,1297.0
0.6863921572460064,0.587869967,0.194721927,0.47715526,458.0,1297.0
0.6915343606610221,0.704884293,0.220682559,0.47873021,458.0,1297.0
0.6939773576805846,0.795975143,0.177493367,0.444082487,458.0,1297.0
0.6983426213034978,0.81828552,0.201251939,0.475030796,458.0,1297.0
0.7016702120654565,0.82446208,0.20564911,0.475250942,458.0,1297.0
0.701645745017549,0.808253342,0.209030034,0.4699197,458.0,1297.0
0.703522033004486,0.758999111,0.208810587,0.464032513,458.0,1297.0
0.7025183365574339,0.666087297,0.210682807,0.460787507,458.0,1297.0
0.7003126223126624,0.539421839,0.213943599,0.469915367,458.0,1297.0
0.6941669067123739,0.39661303,0.222303437,0.492124443,458.0,1297.0
0.6785000588759467,0.240806909,0.216701998,0.507862367,458.0,1297.0
0.6677499038864378,0.131294718,0.241910385,0.533470182,458.0,1297.0
0.6631738089962347,0.010878281,0.277981562,0.548560339,458.0,1297.0
0.652233827786893,0.0,0.290476446,0.543513703,458.0,1297.0
0.6507021538018025,0.0,0.291326051,0.5553549,458.0,1297.0
0.6228293244416021,0.0,0.269985313,0.520665563,458.0,1297.0
0.5998864366153713,0.0,0.24533664600000002,0.478307624,458.0,1297.0
0.6041640814424205,0.0,0.214620286,0.438803954,458.0,1297.0
0.6285650579145211,0.0,0.191732553,0.400962826,458.0,1297.0
0.6672465782546172,0.02588352,0.170522036,0.38173253,458.0,1297.0
0.7240662874857515,0.150613484,0.137069053,0.37183796,458.0,1297.0
0.7833111746944602,0.269288776,0.091106149,0.356213172,458.0,1297.0
0.810118124493336,0.440359062,0.075873589,0.326790128,458.0,1297.0
0.8163847893929455,0.60403555,0.073478903,0.294524884,458.0,1297.0
0.8192850863682515,0.745991702,0.081001664,0.29480364,458.0,1297.0
0.8246737134004946,0.848490341,0.091078555,0.302906693,458.0,1297.0
0.8295950684681145,0.905127464,0.08975254,0.311964409,458.0,1297.0
0.8305297038654379,0.888457428,0.0816084,0.323067635,458.0,1297.0
0.8264462242254349,0.854550893,0.071911207,0.358842975,458.0,1297.0
0.8247505300152544,0.784310258,0.076071795,0.431592904,458.0,1297.0
0.821105238805304,0.697763523,0.082937848,0.493530001,458.0,1297.0
0.81913883885458,0.557767753,0.090461962,0.531230987,458.0,1297.0
0.8129927540679208,0.402588145,0.099444659,0.547335982,458.0,1297.0
0.795393575488374,0.241375459,0.106560076,0.552291749,458.0,1297.0
0.7788176668616428,0.131968599,0.133892384,0.565154706,458.0,1297.0
0.7427962063694411,0.010559296,0.161772528,0.558610453,458.0,1297.0
0.7156954690595193,0.0,0.169493637,0.531403748,458.0,1297.0
0.650797897813037,0.0,0.171706451,0.5215809,458.0,1297.0
0.6232415224162888,0.0,0.159079781,0.514126593,458.0,1297.0
0.5995942649077978,0.0,0.1374648595,0.480231215,458.0,1297.0
0.6024923921675129,0.0,0.126127444,0.458744875,458.0,1297.0
0.624530650964355,0.0,0.112827145,0.420193911,458.0,1297.0
0.6637612918874373,0.02530335,0.098326966,0.378306778,458.0,1297.0
0.7228220306577995,0.146728878,0.075506421,0.338227592,458.0,1297.0
0.7829896889262484,0.263784414,0.037408463,0.303437397,458.0,1297.0
0.8103475589093938,0.423565392,0.025943304,0.275146191,458.0,1297.0
0.8203226677611285,0.578537528,0.029007313,0.270065983,458.0,1297.0
0.8273152147068791,0.711616331,0.033916319,0.283065907,458.0,1297.0
0.8325908322666116,0.821604191,0.031663236,0.269083166,458.0,1297.0
0.8352951171288002,0.881901557,0.030638602,0.280850434,458.0,1297.0
0.8391339269525394,0.892662083,0.034703889,0.311216001,458.0,1297.0
0.8384475611042963,0.871393705,0.039959356,0.344781483,458.0,1297.0
0.8372273557410304,0.791539713,0.041744091,0.364518303,458.0,1297.0
0.8335923129326279,0.681347527,0.043917878,0.37157789,458.0,1297.0
0.8303236276125515,0.537055609,0.047604492,0.369959012,458.0,1297.0
0.822121954208714,0.376795523,0.054469389,0.393041397,458.0,1297.0
0.8028942030803485,0.218389985,0.061024587,0.390122559,458.0,1297.0
0.7873372256380633,0.118850512,0.074582686,0.376352225,458.0,1297.0
0.7496018820445105,0.009278886,0.084510442,0.36367258,458.0,1297.0
0.7197414633580688,0.0,0.083475421,0.341199286,458.0,1297.0
0.6595486456681346,0.0,0.079485853,0.32969885,458.0,1297.0
0.6274963160651843,0.0,0.074486097,0.290425993,458.0,1297.0
0.6033461484418129,0.0,0.066360459,0.240758989,458.0,1297.0
0.6003205163391531,0.0,0.0501734805,0.179589463,458.0,1297.0
0.6195397268014892,0.0,0.035654415,0.139945366,458.0,1297.0
0.658840813720299,0.023106074,0.033758797,0.142772389,458.0,1297.0
0.7224284368923803,0.124269388,0.030629982,0.133061105,458.0,1297.0
0.7828881282080998,0.229548765,0.019083574,0.115246239,458.0,1297.0
0.8111544127396977,0.380879767,0.013074145,0.103336085,458.0,1297.0
0.8236188664137792,0.515043372,0.014672416,0.090319358,458.0,1297.0
0.8302242826754387,0.635760473,0.017274794,0.076749765,458.0,1297.0
0.8338804685287889,0.725939896,0.016466879,0.046742716,458.0,1297.0
0.8405072127599876,0.790116887,0.018992287,0.048926424,458.0,1297.0
0.8418125444140068,0.803509303,0.02353438,0.068730102,458.0,1297.0
0.8385563239393264,0.789682099,0.032558326,0.096106192,458.0,1297.0
0.8365613017712922,0.700561308,0.039855747,0.120837825,458.0,1297.0
0.8338932097668539,0.607425585,0.042475151,0.136819946,458.0,1297.0
0.8308750097768934,0.460430043,0.04317169,0.150244898,458.0,1297.0
0.8244273819141569,0.313519325,0.0437855,0.158333836,458.0,1297.0
0.8022395057340823,0.180056594,0.04456738,0.148940131,458.0,1297.0
0.7837192641617199,0.106337599,0.054512803,0.138495376,458.0,1297.0
0.7477107291693624,0.007595974,0.062541462,0.12711879,458.0,1297.0
0.7195336333042189,0.0,0.060140512,0.114462497,458.0,1297.0
0.6582194006132013,0.0,0.054658231,0.08727893,458.0,1297.0
0.6258792387338594,0.0,0.045639086,0.086447416,458.0,1297.0
0.6004534916359419,0.0,0.038934803500000004,0.0962358195,458.0,1297.0
0.6115885848926345,0.0,0.0423932155,0.1357149365,458.0,1297.0
0.6593415541858697,0.01889861,0.042957596,0.155566924,458.0,1297.0
0.7223343082869312,0.117992492,0.035216223,0.163951106,458.0,1297.0
0.7829630982281947,0.222284377,0.027559326,0.16530953,458.0,1297.0
0.810729242603191,0.308580996,0.025837907,0.169416294,458.0,1297.0
0.8200093067443188,0.419061767,0.033981899,0.192121615,458.0,1297.0
0.826667534552903,0.520459191,0.045610785,0.217953132,458.0,1297.0
0.8325908322666116,0.597283269,0.046184678,0.222026176,458.0,1297.0
0.8377873246368467,0.636072029,0.062880221,0.26902307,458.0,1297.0
0.8391339269525394,0.608714947,0.09438728,0.305285336,458.0,1297.0
0.8364024979441471,0.568406691,0.134910124,0.313354251,458.0,1297.0
0.8325619336566326,0.481806518,0.166602316,0.325473811,458.0,1297.0
0.8267168378350889,0.39911641,0.186767475,0.341506975,458.0,1297.0
0.8233286799611739,0.323052775,0.195063397,0.358962809,458.0,1297.0
0.8157335081805287,0.2210212,0.190079798,0.355069414,458.0,1297.0
0.7962827857174333,0.132381698,0.176911334,0.337462453,458.0,1297.0
0.7801358325474286,0.070097289,0.170729117,0.320836302,458.0,1297.0
0.7452403109481154,0.006572795,0.170143872,0.32963773,458.0,1297.0
0.7183681775506205,0.0,0.162801233,0.351063625,458.0,1297.0
0.653628948814023,0.0,0.115261364,0.348578393,458.0,1297.0
0.6238616890388471,0.0,0.125054141,0.350321547,458.0,1297.0
0.602118787225954,0.0,0.127504568,0.368661485,458.0,1297.0
0.5999208287781982,0.0,0.1328818735,0.4040573825,458.0,1297.0
0.6209685475184467,0.0,0.145317565,0.457970072,458.0,1297.0
0.6599558118380617,0.007787955,0.150404097,0.484262771,458.0,1297.0
0.7230899201094945,0.056694367,0.172464664,0.519759142,458.0,1297.0
0.7834194755494179,0.10881639,0.18704799,0.511116128,458.0,1297.0
0.8100023451288278,0.164243197,0.17793688,0.469575038,458.0,1297.0
0.8153613345155383,0.244698517,0.177488684,0.441344087,458.0,1297.0
0.8158707997763552,0.346350676,0.183984514,0.418496531,458.0,1297.0
0.8170826961264399,0.461148167,0.139465552,0.360723734,458.0,1297.0
0.820653939950816,0.554251453,0.167381447,0.384471553,458.0,1297.0
0.823174676882471,0.598841761,0.200764497,0.397436456,458.0,1297.0
0.8201254552951975,0.609252849,0.223795271,0.408814223,458.0,1297.0
0.8189587070578959,0.563231489,0.239487133,0.435711258,458.0,1297.0
0.8188817983122462,0.505982166,0.250672901,0.469592918,458.0,1297.0
0.8176342632153731,0.435457593,0.26114473,0.483008449,458.0,1297.0
0.8113592886397705,0.322771222,0.255725251,0.499792682,458.0,1297.0
0.7931932167658188,0.193189723,0.231527626,0.50433709,458.0,1297.0
0.7783437475539123,0.096922935,0.214447477,0.50859819,458.0,1297.0
0.7432023107142951,0.006810961,0.212404405,0.513548958,458.0,1297.0
0.7163368710567585,0.0,0.205056051,0.493471556,458.0,1297.0
0.6366031265439276,0.0,0.19093206,0.480406475,458.0,1297.0
0.6054310975164803,0.0,0.186239833,0.469553376,458.0,1297.0
0.5767673871709863,0.0,0.172323398,0.449115344,458.0,1297.0
0.5687223708451441,0.0,0.1561985235,0.43510332100000004,458.0,1297.0
0.5757569503882813,0.0,0.153620674,0.427175145,458.0,1297.0
0.5850688212277205,0.015024513,0.143842618,0.421977726,458.0,1297.0
0.595133810788081,0.108815089,0.135357765,0.425929624,458.0,1297.0
0.6268091655136303,0.204403486,0.130736671,0.418541468,458.0,1297.0
0.6550444743145161,0.335942274,0.11926278,0.41193009,458.0,1297.0
0.6853855981132547,0.485463181,0.126828291,0.413457147,458.0,1297.0
0.690817711588207,0.627838724,0.152375529,0.422826996,458.0,1297.0
0.6937184698807733,0.73720417,0.134435617,0.419959328,458.0,1297.0
0.7005155588243683,0.81970185,0.154043689,0.424141142,458.0,1297.0
0.7053757933318823,0.831936753,0.17583391,0.427555483,458.0,1297.0
0.7076908231970215,0.813643445,0.201822779,0.429715796,458.0,1297.0
0.7084059491275033,0.754188057,0.218862863,0.432517363,458.0,1297.0
0.7083351800108499,0.660837584,0.230036911,0.431675686,458.0,1297.0
0.7059936979753975,0.513032221,0.232097884,0.449342182,458.0,1297.0
0.7006895045952054,0.37383122,0.22685102,0.484718966,458.0,1297.0
0.682260944525814,0.212636082,0.200858578,0.510439166,458.0,1297.0
0.6720912552352176,0.116653135,0.194578067,0.513915817,458.0,1297.0
0.6653634579999814,0.007451952,0.200720937,0.508696854,458.0,1297.0
0.657173786931218,0.0,0.200164672,0.49860713,458.0,1297.0
0.6365087212806848,0.0,0.174483071,0.472632669,458.0,1297.0
0.6053230276515587,0.0,0.174303375,0.461650314,458.0,1297.0
0.5767526146787897,0.0,0.16397661,0.430337034,458.0,1297.0
0.5686817465578847,0.0,0.1435045435,0.353524039,458.0,1297.0
0.5757569503882813,0.0,0.125937211,0.282551936,458.0,1297.0
0.5852342727956601,0.013726994,0.11648965,0.248591326,458.0,1297.0
0.5953090491751837,0.109165622,0.099123879,0.228894178,458.0,1297.0
0.626141542336114,0.205000541,0.07825954,0.224257971,458.0,1297.0
0.6542854003589399,0.291187686,0.070902975,0.221771642,458.0,1297.0
0.6849773701182547,0.438529814,0.072884004,0.208284487,458.0,1297.0
0.6901023086022442,0.556586566,0.085203298,0.187869054,458.0,1297.0
0.691160248270477,0.679297421,0.069864156,0.165206442,458.0,1297.0
0.694523430719561,0.738456979,0.095145446,0.167672491,458.0,1297.0
0.6968872568155872,0.734571969,0.110908288,0.170122954,458.0,1297.0
0.700116610199545,0.689496187,0.121541737,0.174556957,458.0,1297.0
0.7059594902400528,0.629085524,0.127575209,0.18783789,458.0,1297.0
0.7063631481452409,0.547405902,0.131791769,0.211045657,458.0,1297.0
0.7047475474931173,0.450410312,0.135810346,0.223122368,458.0,1297.0
0.6996965178669615,0.326008506,0.140626,0.236483397,458.0,1297.0
0.6822674997380317,0.194801743,0.135058034,0.245943412,458.0,1297.0
0.672322490511902,0.106665875,0.138709072,0.262613199,458.0,1297.0
0.6653904178844058,0.007819605,0.153843331,0.295243379,458.0,1297.0
0.6555609567013418,0.0,0.159859593,0.319291919,458.0,1297.0
0.6520388774325673,0.0,0.172996138,0.361217212,458.0,1297.0
0.6237617902558971,0.0,0.154280875,0.340240199,458.0,1297.0
0.6020730848696465,0.0,0.140906863,0.330346233,458.0,1297.0
0.6000343459648196,0.0,0.12738093150000002,0.36486902200000004,458.0,1297.0
0.6214581624831437,0.0,0.121980884,0.41698093,458.0,1297.0
0.6608376357547415,0.013306958,0.11864068,0.450707336,458.0,1297.0
0.7230057171160736,0.114454068,0.111733918,0.482823898,458.0,1297.0
0.7833111746944602,0.207514988,0.10646356,0.476955541,458.0,1297.0
0.8100842402103232,0.278210133,0.114636964,0.469421856,458.0,1297.0
0.8153801696485606,0.382032917,0.12236027,0.48497497,458.0,1297.0
0.8167996189970141,0.490239127,0.146273677,0.527479417,458.0,1297.0
0.8191338531815464,0.530628545,0.151488365,0.505859814,458.0,1297.0
0.8215912531092476,0.525284372,0.174871436,0.515589773,458.0,1297.0
0.8219711823392692,0.485041924,0.198694647,0.544906291,458.0,1297.0
0.818514702451179,0.455115473,0.22605526,0.612962095,458.0,1297.0
0.8160565634879245,0.396087012,0.25328011,0.652911844,458.0,1297.0
0.8122079665798976,0.324167856,0.267287814,0.668795456,458.0,1297.0
0.8095381201116836,0.265501657,0.261313221,0.704060631,458.0,1297.0
0.8013854729345511,0.171464443,0.25770584,0.733000508,458.0,1297.0
0.7836057927091372,0.093363909,0.239511527,0.740578828,458.0,1297.0
0.7712681979675547,0.042484566,0.219938756,0.751413979,458.0,1297.0
0.7417065524651927,0.003578665,0.188576204,0.734347457,458.0,1297.0
0.7135256248829783,0.0,0.161530557,0.69624348,458.0,1297.0
0.6509854158558195,0.0,0.127207058,0.642161712,458.0,1297.0
0.6231647056026851,0.0,0.115150555,0.607829675,458.0,1297.0
0.6019435026408441,0.0,0.121002503,0.584477312,458.0,1297.0
0.5997909003294664,0.0,0.11712037450000001,0.5812974015000001,458.0,1297.0
0.6214581624831437,0.0,0.111418925,0.548881718,458.0,1297.0
0.660888139124616,0.005377528,0.114116554,0.508931111,458.0,1297.0
0.7240662874857515,0.04349721,0.110204323,0.473652534,458.0,1297.0
0.783709477077432,0.095619035,0.109206659,0.479494908,458.0,1297.0
0.8100116702330434,0.170679966,0.111049052,0.497106112,458.0,1297.0
0.8161058667701104,0.248337859,0.114542438,0.516989064,458.0,1297.0
0.8165248508807698,0.284061115,0.125777757,0.551628009,458.0,1297.0
0.8160333895865323,0.319814214,0.117356191,0.560244471,458.0,1297.0
0.816144644595267,0.350803617,0.137137442,0.568464279,458.0,1297.0
0.8138512190923359,0.355846736,0.147439781,0.580617543,458.0,1297.0
0.8100077921191217,0.363654698,0.161935157,0.592601109,458.0,1297.0
0.807450678067937,0.33854793,0.178674469,0.596742603,458.0,1297.0
0.8040116480354643,0.325148033,0.185400876,0.600032507,458.0,1297.0
0.8023172463089872,0.277968018,0.180635498,0.583296256,458.0,1297.0
0.7964882150656559,0.208589572,0.163794,0.54624634,458.0,1297.0
0.7813711805171987,0.125664636,0.144309901,0.518494286,458.0,1297.0
0.7701614627312473,0.063866541,0.134085851,0.497348199,458.0,1297.0
0.7413281927743552,0.004954607,0.124878291,0.486491243,458.0,1297.0
0.7131090872119848,0.0,0.118109551,0.470658228,458.0,1297.0
0.6493778482881767,0.0,0.104334195,0.397679897,458.0,1297.0
0.6224670758583905,0.0,0.098637107,0.372236571,458.0,1297.0
0.600099367903554,0.0,0.0953989755,0.377449805,458.0,1297.0
0.6039372779266514,0.0,0.089391004,0.380765262,458.0,1297.0
0.626473276572155,0.0,0.089934937,0.392679074,458.0,1297.0
0.6654541704715812,0.004127176,0.092609773,0.394132352,458.0,1297.0
0.7253893467136813,0.058357546,0.09793816,0.403470223,458.0,1297.0
0.7838695740510923,0.11949474,0.085878909,0.421729199,458.0,1297.0
0.8097871286963173,0.193673865,0.090061485,0.42492759,458.0,1297.0
0.8152342913212599,0.29589944,0.102194095,0.415746853,458.0,1297.0
0.8157526203690321,0.341736809,0.109308741,0.416919456,458.0,1297.0
0.8156700790456851,0.393051645,0.069960259,0.295222506,458.0,1297.0
0.8168977635813134,0.420444962,0.077252385,0.292941074,458.0,1297.0
0.814805150939942,0.385825885,0.084072419,0.32942608,458.0,1297.0
0.8106936966501046,0.365280982,0.09305215,0.393800565,458.0,1297.0
0.807545960629349,0.377521741,0.10630877,0.457685809,458.0,1297.0
0.8044101353430274,0.313781678,0.115557501,0.493383313,458.0,1297.0
0.8019591984966544,0.248499248,0.116172367,0.504637789,458.0,1297.0
0.795597804483783,0.18142916,0.101067403,0.525166753,458.0,1297.0
0.7808422338815078,0.104855436,0.084293286,0.529530834,458.0,1297.0
0.7705643822636942,0.062857069,0.079927537,0.520669924,458.0,1297.0
0.741201887952818,0.004375054,0.08110623,0.49627187,458.0,1297.0
0.713303068468658,0.0,0.080875753,0.454713977,458.0,1297.0
0.6502843699776755,0.0,0.082350244,0.400732836,458.0,1297.0
0.6123579765467697,0.0,0.08186518949999999,0.37461031349999996,458.0,1297.0
0.5999220290315899,0.0,0.090117871,0.3582378345,458.0,1297.0
0.6211522339104395,0.0,0.103983622,0.373544468,458.0,1297.0
0.6601366822063307,0.00488274,0.113473857,0.395545709,458.0,1297.0
0.7228220306577995,0.063171198,0.129612831,0.415412481,458.0,1297.0
0.7826665408251507,0.131194584,0.140373775,0.395909921,458.0,1297.0
0.8098902589536502,0.212738256,0.144152898,0.352064699,458.0,1297.0
0.8154324270845235,0.300866352,0.160933435,0.300791443,458.0,1297.0
0.8157046095705495,0.39563147,0.177862631,0.276866258,458.0,1297.0
0.8156700790456851,0.477182324,0.112677656,0.25657537,458.0,1297.0
0.8168221466565548,0.542517161,0.130508715,0.232883838,458.0,1297.0
0.8157392328891155,0.537556979,0.155194687,0.236009526,458.0,1297.0
0.8144988071154223,0.508907699,0.170554303,0.270006212,458.0,1297.0
0.8141680883738847,0.455769348,0.174849488,0.333113847,458.0,1297.0
0.8114234561473551,0.417670171,0.165583816,0.366116179,458.0,1297.0
0.8097052336148219,0.334909725,0.154371553,0.369506424,458.0,1297.0
0.8020801477959754,0.238942335,0.13664548,0.373253583,458.0,1297.0
0.7840907915848585,0.137568199,0.123391239,0.356068179,458.0,1297.0
0.7715768497039998,0.080789299,0.122640318,0.335857915,458.0,1297.0
0.7417439450129444,0.005193209,0.130796131,0.315057119,458.0,1297.0
0.7140509240633777,0.0,0.131814406,0.286297189,458.0,1297.0
0.6510087286163583,0.0,0.101371903,0.246391679,458.0,1297.0
0.6233467300594794,0.0,0.10657385,0.244855553,458.0,1297.0
0.6018845974640866,0.0,0.110123724,0.261642495,458.0,1297.0
0.599833832793776,0.0,0.1047508865,0.28740465299999995,458.0,1297.0
0.6217128490481074,0.0,0.101886949,0.319208492,458.0,1297.0
0.660888139124616,0.009442562,0.101049219,0.323859841,458.0,1297.0
0.7230057171160736,0.107038845,0.090416086,0.305866679,458.0,1297.0
0.7828761253427761,0.200461627,0.070726322,0.260913898,458.0,1297.0
0.8098984764987539,0.303770274,0.062670945,0.208479712,458.0,1297.0
0.8152112095507572,0.452901132,0.059007725,0.169246647,458.0,1297.0
0.8166546639670459,0.586928393,0.061092731,0.158066613,458.0,1297.0
0.8190740251051438,0.706434947,0.059368736,0.177683393,458.0,1297.0
0.8243976528005468,0.784244068,0.067497886,0.197623948,458.0,1297.0
0.8275271999301316,0.813772,0.079305766,0.214785567,458.0,1297.0
0.82637882484578,0.766094262,0.09299318,0.246729314,458.0,1297.0
0.8247505300152544,0.704970784,0.098710229,0.268054515,458.0,1297.0
0.821105238805304,0.581444066,0.104085234,0.297773583,458.0,1297.0
0.8186858783300183,0.462334189,0.105034769,0.329169964,458.0,1297.0
0.8086551887021731,0.331442984,0.101912473,0.346252024,458.0,1297.0
0.7894014931176054,0.181356245,0.103754941,0.363605346,458.0,1297.0
0.7754891534651634,0.102086213,0.114634609,0.371323072,458.0,1297.0
0.7427962063694411,0.005297266,0.128109955,0.34851071,458.0,1297.0
0.7152218268072699,0.0,0.131510228,0.324226532,458.0,1297.0
0.6355204893680008,0.0,0.141070647,0.294434438,458.0,1297.0
0.6052033707033786,0.0,0.119527175,0.250927076,458.0,1297.0
0.576768356600045,0.0,0.102998296,0.223651509,458.0,1297.0
0.5688619014204319,0.0,0.08886401199999999,0.20856614,458.0,1297.0
0.5752757834284745,0.0,0.074069086,0.201550258,458.0,1297.0
0.585222547184661,0.009426883,0.065901248,0.192482513,458.0,1297.0
0.5943480540698427,0.113938618,0.055096497,0.188738545,458.0,1297.0
0.6269582289847443,0.210449377,0.045593371,0.174158256,458.0,1297.0
0.655132232035808,0.322870349,0.041847876,0.161305756,458.0,1297.0
0.6858387435624079,0.454140642,0.041457132,0.157087252,458.0,1297.0
0.6908529804858126,0.567305055,0.045389237,0.163246978,458.0,1297.0
0.6932768653168715,0.666211988,0.043582576,0.14498107,458.0,1297.0
0.6980538194654853,0.709724888,0.045475887,0.137039315,458.0,1297.0
0.7018165517100177,0.700146713,0.048366137,0.140527793,458.0,1297.0
0.7044073657824358,0.680781163,0.056080335,0.161594629,458.0,1297.0
0.7062955174441439,0.616346432,0.064826735,0.189930796,458.0,1297.0
0.706334710852522,0.528046492,0.067630486,0.212378116,458.0,1297.0
0.7047593654338495,0.433107646,0.070007779,0.229517744,458.0,1297.0
0.6996965178669615,0.325315179,0.071217608,0.236534107,458.0,1297.0
0.6819910699517134,0.196314724,0.07305237,0.218430811,458.0,1297.0
0.6693789377525167,0.099579032,0.082825316,0.195252939,458.0,1297.0
0.6649642780537158,0.004930792,0.097440918,0.17094791,458.0,1297.0
0.6543640637009275,0.0,0.099122804,0.159690834,458.0,1297.0
0.6342876346987161,0.0,0.117453595,0.167638908,458.0,1297.0
0.6046330611425621,0.0,0.102083908,0.175227768,458.0,1297.0
0.5765797767984706,0.0,0.083277181,0.177177779,458.0,1297.0
0.568824600904148,0.0,0.0705435855,0.175701994,458.0,1297.0
0.5758543102029886,0.0,0.05932372,0.172654478,458.0,1297.0
0.5850688212277205,0.008571709,0.05583754,0.16204759,458.0,1297.0
0.5943480540698427,0.11820726,0.042525125,0.140537834,458.0,1297.0
0.6269933135542894,0.22735946,0.021637337,0.11324,458.0,1297.0
0.6556360193162948,0.371088006,0.015005817,0.08807694,458.0,1297.0
0.6866395962914559,0.520871835,0.015610541,0.075479837,458.0,1297.0
0.6939265312560654,0.657953322,0.017089857,0.06359768,458.0,1297.0
0.700359848341553,0.728404397,0.015431031,0.043335618,458.0,1297.0
0.7072798717068745,0.768487187,0.019313087,0.031135578,458.0,1297.0
0.7101839540024006,0.773185201,0.021437598,0.026794187,458.0,1297.0
0.7121708507562207,0.724004558,0.025561827,0.034690217,458.0,1297.0
0.7135771896802386,0.662694754,0.028919238,0.049881266,458.0,1297.0
0.712980797268042,0.578007138,0.033162994,0.067262052,458.0,1297.0
0.7095734357375462,0.451076404,0.035100942,0.091626952,458.0,1297.0
0.7051259078467669,0.31818373,0.040163768,0.124880072,458.0,1297.0
0.689904588422202,0.179260025,0.046833852,0.163746028,458.0,1297.0
0.6763259210022626,0.101496204,0.061200206,0.20426921,458.0,1297.0
0.6658449479481517,0.004787416,0.080292967,0.238420818,458.0,1297.0
0.6563565463704693,0.0,0.087760451,0.263652069,458.0,1297.0
0.6520124715928237,0.0,0.087759917,0.257513815,458.0,1297.0
0.6131936134588939,0.0,0.07680674700000001,0.25604485,458.0,1297.0
0.5999631149675158,0.0,0.0612481735,0.235531508,458.0,1297.0
0.6214581624831437,0.0,0.052516465,0.204127067,458.0,1297.0
0.660888139124616,0.008289928,0.051112296,0.191746547,458.0,1297.0
0.7230899201094945,0.114732672,0.044309128,0.190105329,458.0,1297.0
0.7826831601771375,0.216195632,0.023528093,0.174206025,458.0,1297.0
0.8114185632680233,0.358244913,0.013818464,0.14162843,458.0,1297.0
0.8257737999680703,0.515305785,0.012378904,0.100907986,458.0,1297.0
0.832543375579091,0.659078016,0.012024158,0.068764241,458.0,1297.0
0.838615413642988,0.747299017,0.012062441,0.047980717,458.0,1297.0
0.8431340341027524,0.78941563,0.014335337,0.052002671,458.0,1297.0
0.8469100616963118,0.800940793,0.01579221,0.068776033,458.0,1297.0
0.8432963468574486,0.774414758,0.019454601,0.093215247,458.0,1297.0
0.8392485980951235,0.715265321,0.020879327,0.122152759,458.0,1297.0
0.8361172050336857,0.614985258,0.024343481,0.156709364,458.0,1297.0
0.8321450731961193,0.484581717,0.027753755,0.184804734,458.0,1297.0
0.823657921294417,0.339038455,0.032928339,0.215125023,458.0,1297.0
0.8019699082154628,0.1830425,0.040603069,0.233583084,458.0,1297.0
0.7833588156437601,0.097695026,0.05475025,0.235141603,458.0,1297.0
0.7475853476451578,0.004193913,0.072008625,0.248445961,458.0,1297.0
0.7199548331959141,0.0,0.070674299,0.247192869,458.0,1297.0
0.6582194006132013,0.0,0.047257417,0.261252164,458.0,1297.0
0.6274963160651843,0.0,0.040930065,0.235811614,458.0,1297.0
0.603360782406269,0.0,0.037818469,0.222272862,458.0,1297.0
0.6007021999666691,0.0,0.040978995000000004,0.195172399,458.0,1297.0
0.6199251035520543,0.0,0.045596899,0.16630165,458.0,1297.0
0.6593415541858697,0.00511593,0.049222605,0.161783103,458.0,1297.0
0.7223153810230191,0.110531526,0.049829179,0.1692232,458.0,1297.0
0.7829349379909567,0.21437486,0.035420759,0.176255857,458.0,1297.0
0.8108741976331594,0.350502051,0.028957844,0.200874592,458.0,1297.0
0.8196483041153969,0.503557092,0.036874826,0.235475965,458.0,1297.0
0.8263461409155808,0.642869502,0.054131076,0.25140525,458.0,1297.0
0.8329446327786519,0.720710139,0.051680866,0.202697504,458.0,1297.0
0.8396725685416286,0.740985343,0.074140915,0.228115022,458.0,1297.0
0.8397427371504691,0.762540018,0.100642956,0.257959944,458.0,1297.0
0.8364024979441471,0.702097011,0.131949735,0.285213863,458.0,1297.0
0.834527871627284,0.628811264,0.15893282,0.31569252,458.0,1297.0
0.8260540157374208,0.527550031,0.185686611,0.350665782,458.0,1297.0
0.8193240491179996,0.420488519,0.196981635,0.389397596,458.0,1297.0
0.8121793450253993,0.308359615,0.190179709,0.444423793,458.0,1297.0
0.7921930279206936,0.168756185,0.178147832,0.476111407,458.0,1297.0
0.7768080575236906,0.0899064,0.19124631,0.441696495,458.0,1297.0
0.743446656415415,0.003814772,0.216519527,0.378033757,458.0,1297.0
0.7158835413458262,0.0,0.222787021,0.329893752,458.0,1297.0
0.6522717283801619,0.0,0.197996774,0.310107803,458.0,1297.0
0.6239275188793177,0.0,0.199154059,0.312162054,458.0,1297.0
0.6021742762688621,0.0,0.210710157,0.33630931,458.0,1297.0
0.5999643152209074,0.0,0.229247743,0.3715540555,458.0,1297.0
0.6211522339104395,0.0,0.242471297,0.387676222,458.0,1297.0
0.6599558118380617,0.003537932,0.223805572,0.397697494,458.0,1297.0
0.7230899201094945,0.088023205,0.191326457,0.397788206,458.0,1297.0
0.7830722302495954,0.18218062,0.175090706,0.372648277,458.0,1297.0
0.8099525805293818,0.318186473,0.165318118,0.34386255,458.0,1297.0
0.8165296522920241,0.465440039,0.162945555,0.324322399,458.0,1297.0
0.8191338531815464,0.590094023,0.165846094,0.298647299,458.0,1297.0
0.8242346938039992,0.691017482,0.121405791,0.208491563,458.0,1297.0
0.8261620388740853,0.704605533,0.145928502,0.205651871,458.0,1297.0
0.8287882146378107,0.683242944,0.160420594,0.204520196,458.0,1297.0
0.8262106959144195,0.627209005,0.172711985,0.206157751,458.0,1297.0
0.8247548694464365,0.588075049,0.180884031,0.211472012,458.0,1297.0
0.8215800814103669,0.525732097,0.181930293,0.215567562,458.0,1297.0
0.8193869241418811,0.430251736,0.182466784,0.222212008,458.0,1297.0
0.8122643791852631,0.309461774,0.16756848,0.220441033,458.0,1297.0
0.7934345619163108,0.18296779,0.162046983,0.232731168,458.0,1297.0
0.7788665088265684,0.100395526,0.168499648,0.237474903,458.0,1297.0
0.7442652360555614,0.003393518,0.190865437,0.247088932,458.0,1297.0
0.7164519120485253,0.0,0.208607482,0.252885818,458.0,1297.0
0.6526777865932898,0.0,0.206771201,0.242481532,458.0,1297.0
0.6239322275631515,0.0,0.198535417,0.233475047,458.0,1297.0
0.6000097867197411,0.0,0.1696911755,0.2285416045,458.0,1297.0
0.6023964634305307,0.0,0.149878223,0.231663331,458.0,1297.0
0.6202043493620965,0.0,0.13826457,0.236236679,458.0,1297.0
0.6599558118380617,0.005140707,0.122746646,0.24662025,458.0,1297.0
0.7225545103924753,0.113593595,0.104074865,0.255523048,458.0,1297.0
0.7828141736162272,0.21954007,0.081836651,0.246308601,458.0,1297.0
0.8101470231033152,0.359092228,0.071512283,0.23238938,458.0,1297.0
0.8169375568346923,0.501085914,0.069905412,0.216946165,458.0,1297.0
0.8233260949937675,0.622660483,0.080916653,0.210632588,458.0,1297.0
0.8270990749770358,0.726623621,0.073187333,0.174730954,458.0,1297.0
0.8301579915177077,0.763783616,0.075831765,0.178649725,458.0,1297.0
0.8314112506603555,0.754780327,0.073599406,0.200117565,458.0,1297.0
0.8271200337602045,0.712256479,0.069849417,0.223477794,458.0,1297.0
0.8256847040953177,0.630384707,0.066214958,0.248398221,458.0,1297.0
0.8258158096652971,0.537149248,0.066343564,0.275744255,458.0,1297.0
0.8228624240875853,0.447539884,0.067230505,0.28714561,458.0,1297.0
0.8140142702197732,0.322440954,0.07236739,0.297236881,458.0,1297.0
0.7962029221551945,0.198682665,0.083027821,0.302491259,458.0,1297.0
0.7790258667646753,0.100636012,0.107328244,0.306493899,458.0,1297.0
0.7438123676618893,0.003123207,0.12914734,0.296742768,458.0,1297.0
0.715698238951517,0.0,0.134103258,0.279494968,458.0,1297.0
0.6518261539028548,0.0,0.120161273,0.286007494,458.0,1297.0
0.623115494782795,0.0,0.105996943,0.253695095,458.0,1297.0
0.5996589406266027,0.0,0.092356403,0.196288487,458.0,1297.0
0.6021604271402793,0.0,0.079709631,0.15528779,458.0,1297.0
0.62175970549294,0.0,0.075140741,0.144694504,458.0,1297.0
0.6606839097978009,0.005326435,0.068065819,0.133865451,458.0,1297.0
0.7227550468613662,0.103823965,0.055410561,0.116892903,458.0,1297.0
0.7828141736162272,0.199400225,0.028205547,0.104708464,458.0,1297.0
0.8103475589093938,0.359160387,0.019855853,0.100896523,458.0,1297.0
0.8191000610294233,0.503637633,0.01972228,0.100297971,458.0,1297.0
0.8250127411552133,0.621441771,0.018670025,0.099008829,458.0,1297.0
0.8299385277849048,0.726539655,0.016607726,0.083195739,458.0,1297.0
0.8332301106137048,0.762037676,0.016313608,0.096517537,458.0,1297.0
0.8329337381352522,0.75496039,0.015624675,0.110003086,458.0,1297.0
0.8291671284396102,0.678524492,0.01836761,0.122198166,458.0,1297.0
0.82718023168579,0.607089459,0.022444943,0.14837905,458.0,1297.0
0.821105238805304,0.488943965,0.02642939,0.181799081,458.0,1297.0
0.8186483008576751,0.370245954,0.031906029,0.191967904,458.0,1297.0
0.8119887805653877,0.268432037,0.038943116,0.201269065,458.0,1297.0
0.7920710631931505,0.152564453,0.057096147,0.231625281,458.0,1297.0
0.7756272755646209,0.070812757,0.088743045,0.261817418,458.0,1297.0
0.7443481001684281,0.002234996,0.115973979,0.274767875,458.0,1297.0
0.716684116356581,0.0,0.130199453,0.26409053,458.0,1297.0
0.6376484171049851,0.0,0.13355552,0.28165125,458.0,1297.0
0.6065182587167743,0.0,0.136597236,0.291995063,458.0,1297.0
0.5773233397565465,0.0,0.133563355,0.300544183,458.0,1297.0
0.5688853757745742,0.0,0.1125857475,0.2915775775,458.0,1297.0
0.5741492443591794,0.0,0.096338415,0.256430225,458.0,1297.0
0.583729004584032,0.004086865,0.092989368,0.234396346,458.0,1297.0
0.5947891045227826,0.069127988,0.08057832,0.211450238,458.0,1297.0
0.6270370769861985,0.153670284,0.051849787,0.201399678,458.0,1297.0
0.6562178236969178,0.235223926,0.038790995,0.179122682,458.0,1297.0
0.6868056937035598,0.330840025,0.038829591,0.163296052,458.0,1297.0
0.6958614012325528,0.458915001,0.037021801,0.155202399,458.0,1297.0
0.7020731309350913,0.530239178,0.036825826,0.181981206,458.0,1297.0
0.7094455613768248,0.610765227,0.033908502,0.17859538,458.0,1297.0
0.7103788121595553,0.621153877,0.03169608,0.172517785,458.0,1297.0
0.7120728910965128,0.573668747,0.030938903,0.168205847,458.0,1297.0
0.7124039326275702,0.489816738,0.032662759,0.152867895,458.0,1297.0
0.7116538148549638,0.388272164,0.038486615,0.152717986,458.0,1297.0
0.7068048448400324,0.308826983,0.041685326,0.177015655,458.0,1297.0
0.6996965178669615,0.221989407,0.046801128,0.200145309,458.0,1297.0
0.681086994834443,0.12741965,0.055918647,0.220405192,458.0,1297.0
0.6691200042186667,0.054182361,0.070979956,0.223586451,458.0,1297.0
0.6650770104707451,0.002292032,0.083637566,0.204766819,458.0,1297.0
0.6551740565433185,0.0,0.089641471,0.159032344,458.0,1297.0
0.6222251997622213,0.0,0.0953236475,0.14297789700000002,458.0,1297.0
0.5770153799297105,0.0,0.085692682,0.091858221,458.0,1297.0
0.5689930763205628,0.0,0.080090208,0.0751235965,458.0,1297.0
0.5793310334016663,0.0012609645,0.08197758399999999,0.066543734,458.0,1297.0
0.5947400322306329,0.060978927,0.074987302,0.087610839,458.0,1297.0
0.6269452568892057,0.131208795,0.052519448,0.088015834,458.0,1297.0
0.6562178236969178,0.229861137,0.042909173,0.092669484,458.0,1297.0
0.6879443744973253,0.335710652,0.045943376,0.094807756,458.0,1297.0
0.6969349898957766,0.460191398,0.049052181,0.095267913,458.0,1297.0
0.7027279204122471,0.539558301,0.042930963,0.095930018,458.0,1297.0
0.7115499455620777,0.596442474,0.047683482,0.104770668,458.0,1297.0
0.7143489124778654,0.593071832,0.0552466,0.114149959,458.0,1297.0
0.7134929402899671,0.558413535,0.062373642,0.119251443,458.0,1297.0
0.7135771896802386,0.525838175,0.061798601,0.117051969,458.0,1297.0
0.7120213720332912,0.4659199,0.061363739,0.112332466,458.0,1297.0
0.709065124432692,0.353317666,0.062216394,0.112534942,458.0,1297.0
0.7028051990070795,0.252073648,0.063138095,0.104700334,458.0,1297.0
0.6885121910890625,0.149884735,0.056969114,0.088519287,458.0,1297.0
0.67519841257019,0.075300713,0.054567404,0.074023306,458.0,1297.0
0.6669762423632564,0.002224289,0.061383912,0.080060211,458.0,1297.0
0.6593682369485319,0.0,0.061445419,0.089016377,458.0,1297.0
0.6633783157099369,0.0,0.069387832,0.126554346,458.0,1297.0
0.6345398745588889,0.0,0.05909032,0.116216354,458.0,1297.0
0.608570154409747,0.0,0.053255958,0.103887282,458.0,1297.0
0.601502336792308,0.0,0.0497849095,0.091067678,458.0,1297.0
0.6199827161788275,0.0,0.053298608,0.085798978,458.0,1297.0
0.6586705148745039,0.003220146,0.051215915,0.081503977,458.0,1297.0
0.7222476581910323,0.090885623,0.042146315,0.078376288,458.0,1297.0
0.7827657015004843,0.184401714,0.024913166,0.072870288,458.0,1297.0
0.8114185632680233,0.312366967,0.020903661,0.066999186,458.0,1297.0
0.823718488406373,0.43990672,0.021666721,0.060579172,458.0,1297.0
0.8299385277849048,0.560274763,0.025034465,0.063404061,458.0,1297.0
0.8332764590793014,0.651181799,0.025584357,0.065202118,458.0,1297.0
0.8401187889293812,0.72442028,0.027901571,0.073094301,458.0,1297.0
0.84328997590701,0.704291684,0.030466818,0.072297521,458.0,1297.0
0.842752443202657,0.633242772,0.03470834,0.063971415,458.0,1297.0
0.8390752064352484,0.548859504,0.040667122,0.058766638,458.0,1297.0
0.8359814829770434,0.416086266,0.047291002,0.063893204,458.0,1297.0
0.8334585302643526,0.343345596,0.049500012,0.069908312,458.0,1297.0
0.826422404082191,0.255990793,0.047470052,0.072050407,458.0,1297.0
0.8091542206368506,0.158467322,0.041553668,0.067069697,458.0,1297.0
0.7928392313291872,0.090159506,0.044040144,0.060353245,458.0,1297.0
0.7565987684214429,0.002117999,0.047016608,0.058567801,458.0,1297.0
0.7283217735082246,0.0,0.045679947,0.064125206,458.0,1297.0
0.6618940518166725,0.0,0.034670648,0.084468728,458.0,1297.0
0.6293624479803064,0.0,0.033980204,0.091463015,458.0,1297.0
0.6036791752278383,0.0,0.032653302,0.096611845,458.0,1297.0
0.6008863710731913,0.0,0.0314016355,0.113411221,458.0,1297.0
0.619836376401704,0.0,0.030494564,0.122957076,458.0,1297.0
0.6590360410638244,0.003004199,0.032696423,0.128390791,458.0,1297.0
0.7221288325418577,0.111605518,0.03020878,0.125240277,458.0,1297.0
0.7845073749898908,0.223297747,0.01854033,0.120835453,458.0,1297.0
0.8244647751247207,0.388161995,0.008836071,0.109027658,458.0,1297.0
0.8353161673800463,0.549842352,0.010199211,0.101557112,458.0,1297.0
0.8449395065761851,0.69483383,0.012317873,0.09476398,458.0,1297.0
0.8504789969459504,0.787017271,0.014699624,0.060280512,458.0,1297.0
0.8533393164060984,0.81927525,0.019144716,0.055892259,458.0,1297.0
0.8530973243509428,0.804016286,0.020543076,0.051193141,458.0,1297.0
0.8503637716924043,0.774403675,0.021626,0.044780078,458.0,1297.0
0.8449046068649502,0.692401376,0.021841647,0.040340162,458.0,1297.0
0.8379650557279038,0.613921464,0.022468498,0.041165578,458.0,1297.0
0.8355397856194399,0.475470633,0.026013731,0.044746248,458.0,1297.0
0.8283960054869843,0.330277742,0.031106207,0.047143559,458.0,1297.0
0.8126182718281929,0.18336643,0.0438525,0.047965094,458.0,1297.0
0.8002914789363085,0.085785374,0.065515905,0.0471395,458.0,1297.0
0.7624040709896077,0.001546505,0.086271403,0.044559849,458.0,1297.0
0.7360774114489008,0.0,0.091765269,0.039501942,458.0,1297.0
0.6810110093861259,0.0,0.082192594,0.043285528,458.0,1297.0
0.6479437648427047,0.0,0.074328414,0.047851741,458.0,1297.0
0.6210614755722386,0.0,0.065267566,0.055675425,458.0,1297.0
0.610213129734142,0.0,0.052682285499999995,0.059087729500000005,458.0,1297.0
0.624325036691541,0.0,0.038443863,0.068435848,458.0,1297.0
0.6591398638272973,0.002555201,0.032662828,0.081739193,458.0,1297.0
0.7229506433912621,0.101999583,0.028183431,0.087711805,458.0,1297.0
0.7928824407164154,0.200691791,0.018985651,0.085948128,458.0,1297.0
0.8272677580193585,0.336439243,0.010951251,0.081456791,458.0,1297.0
0.8351745363530378,0.483454878,0.0109401,0.092899498,458.0,1297.0
0.8450605486692078,0.618560587,0.015337936,0.121213391,458.0,1297.0
0.8531790351706589,0.705943219,0.031897572,0.148410035,458.0,1297.0
0.8568243257177972,0.790136772,0.038812794,0.141235211,458.0,1297.0
0.8588435372154459,0.784673032,0.045932772,0.13686008,458.0,1297.0
0.852228241738609,0.740181194,0.049403229,0.171097121,458.0,1297.0
0.8444064054339037,0.658193108,0.057536375,0.233674259,458.0,1297.0
0.8384582714859168,0.573837696,0.069231628,0.265747542,458.0,1297.0
0.8353566075380889,0.444603079,0.079395203,0.278236704,458.0,1297.0
0.8285342203801435,0.299756551,0.08577849,0.289333114,458.0,1297.0
0.8113060151127732,0.163852906,0.093529194,0.302771086,458.0,1297.0
0.7981004453179689,0.081890946,0.108393297,0.29408423,458.0,1297.0
0.762767612189085,0.001395988,0.120017123,0.279142014,458.0,1297.0
0.7353719798090051,0.0,0.123262885,0.271046717,458.0,1297.0
0.6838563711643612,0.0,0.097081049,0.268204549,458.0,1297.0
0.6511481437960498,0.0,0.0920884,0.254130206,458.0,1297.0
0.6217076787156073,0.0,0.083661855,0.242313752,458.0,1297.0
0.6103833362502038,0.0,0.072061948,0.2393366075,458.0,1297.0
0.6242304929005577,0.0,0.063486513,0.222289481,458.0,1297.0
0.6593355528857702,0.002349448,0.061834355,0.232295986,458.0,1297.0
0.7230105178645158,0.1080488,0.054008982,0.23702259,458.0,1297.0
0.7933075187220323,0.220892615,0.034821359,0.256666282,458.0,1297.0
0.8294081044037315,0.371297999,0.022289694,0.261380924,458.0,1297.0
0.8428181802494258,0.533741294,0.029701331,0.248616637,458.0,1297.0
0.8535518550775008,0.670602208,0.048637498,0.223908007,458.0,1297.0
0.8619946893700509,0.763364683,0.048607154,0.194311996,458.0,1297.0
0.8607958113135121,0.819306104,0.061246838,0.178455414,458.0,1297.0
0.8588152848473184,0.828173655,0.075446228,0.176551932,458.0,1297.0
0.8516583942904273,0.779371598,0.086704518,0.187603589,458.0,1297.0
0.8449378449061113,0.718952489,0.097878448,0.209951241,458.0,1297.0
0.8375288060234062,0.610854565,0.110845706,0.236827355,458.0,1297.0
0.8352546769707576,0.463537587,0.129555364,0.278045868,458.0,1297.0
0.8298342899684602,0.312364676,0.141991169,0.345093301,458.0,1297.0
0.8132211730557565,0.174038579,0.14690043,0.408862364,458.0,1297.0
0.8026649529260698,0.087593709,0.176542276,0.473177419,458.0,1297.0
0.7688232622224376,0.001288847,0.20369,0.501364729,458.0,1297.0
0.7421756703616688,0.0,0.216831275,0.512186839,458.0,1297.0
0.6922327751086277,0.0,0.208043581,0.482948712,458.0,1297.0
0.6601173856897669,0.0,0.183572895,0.5476136,458.0,1297.0
0.6334332321162832,0.0,0.163068168,0.620323413,458.0,1297.0
0.6218301978192373,0.0,0.14492855500000001,0.5892535475,458.0,1297.0
0.6269232828766585,0.0,0.132254723,0.550674212,458.0,1297.0
0.6602950245836531,0.002046002,0.140316925,0.555396417,458.0,1297.0
0.7272070991079187,0.107641704,0.128442965,0.554010497,458.0,1297.0
0.8000176347802088,0.22223174,0.095811606,0.566883275,458.0,1297.0
0.8360193368420553,0.37269159,0.066731036,0.538164494,458.0,1297.0
0.8526230358568417,0.533069954,0.066543862,0.512459508,458.0,1297.0
0.8575204779875161,0.683741298,0.084034922,0.495064366,458.0,1297.0
0.861224674639349,0.780304577,0.093454961,0.495888832,458.0,1297.0
0.8604079415938677,0.797863857,0.103553539,0.551207973,458.0,1297.0
0.8585809568891165,0.789958316,0.098777703,0.561992507,458.0,1297.0
0.8518111970163165,0.741444201,0.095856871,0.556491861,458.0,1297.0
0.8453304232433083,0.6659632,0.103017118,0.571598883,458.0,1297.0
0.8374973224460206,0.569245495,0.110574219,0.597683988,458.0,1297.0
0.8352166381811543,0.447168001,0.11943258,0.629971885,458.0,1297.0
0.8295054178215877,0.303641168,0.139630393,0.683867053,458.0,1297.0
0.8135915929197834,0.165659404,0.158852207,0.711345008,458.0,1297.0
0.8015053146747602,0.079236527,0.198208853,0.750027793,458.0,1297.0
0.7679257887142357,0.001235915,0.227003318,0.788405781,458.0,1297.0
0.7435214885705815,0.0,0.236014677,0.797333433,458.0,1297.0
0.67573086747062,0.0,0.217919763,0.85824772,458.0,1297.0
0.6400820425571999,0.0,0.198732984,0.823276193,458.0,1297.0
0.6096902767282837,0.0,0.177291882,0.719220643,458.0,1297.0
0.5979175898935754,0.0,0.152546202,0.575960224,458.0,1297.0
0.586313216914819,0.0,0.138072363,0.497299695,458.0,1297.0
0.5822382318754007,0.0,0.135230684,0.467573488,458.0,1297.0
0.5895883651836612,0.001726588,0.134252537,0.458844417,458.0,1297.0
0.6008158556147498,0.100196556,0.131362968,0.467076042,458.0,1297.0
0.6412354952466309,0.204827384,0.103861766,0.506590161,458.0,1297.0
0.6665732306999199,0.285750132,0.098065161,0.555893039,458.0,1297.0
0.6995224799652349,0.426163075,0.103577698,0.586009621,458.0,1297.0
0.7060440624198442,0.52228775,0.121506235,0.595792997,458.0,1297.0
0.7107359824085941,0.625172713,0.09802327,0.41440294,458.0,1297.0
0.7169583767587144,0.656126545,0.140772962,0.519661487,458.0,1297.0
0.7175397193581087,0.611109343,0.173682955,0.575677878,458.0,1297.0
0.718192200923339,0.547691685,0.190378862,0.669518124,458.0,1297.0
0.7161549854591108,0.492809607,0.203789284,0.682427756,458.0,1297.0
0.7119694837836991,0.406431962,0.208735631,0.635477247,458.0,1297.0
0.7102723121652241,0.309970109,0.207671223,0.63619779,458.0,1297.0
0.7049180313960662,0.21975752,0.184047632,0.632650253,458.0,1297.0
0.6822090562762217,0.114965806,0.159871158,0.587428112,458.0,1297.0
0.6706110074533657,0.047089589,0.152344846,0.580776717,458.0,1297.0
0.6657107496966548,0.00100464,0.14217115,0.60767772,458.0,1297.0
0.6558220600833452,0.0,0.12900994,0.600594492,458.0,1297.0
0.636381262569466,0.0,0.088643586,0.529230539,458.0,1297.0
0.606080993716617,0.0,0.104906914,0.49190147,458.0,1297.0
0.5774025109452076,0.0,0.10669973,0.46818746,458.0,1297.0
0.5694672955507935,0.0,0.098940208,0.49368358850000005,458.0,1297.0
0.5747294791343369,0.0,0.10301071,0.511994561,458.0,1297.0
0.5841140582136715,0.00128485,0.106342428,0.503087933,458.0,1297.0
0.5947038858360147,0.071517712,0.100101624,0.482714175,458.0,1297.0
0.627889910029447,0.159449799,0.083107141,0.463028987,458.0,1297.0
0.656520890047891,0.255183098,0.069129567,0.447012061,458.0,1297.0
0.6885595549828813,0.374893101,0.068347583,0.439998571,458.0,1297.0
0.6982190406399196,0.502411322,0.084087704,0.445411259,458.0,1297.0
0.7039956752567353,0.59358303,0.085408254,0.456533084,458.0,1297.0
0.7115381276213454,0.65289807,0.100085079,0.507724805,458.0,1297.0
0.7146640743553015,0.727123832,0.11415709,0.527328626,458.0,1297.0
0.7139157561176973,0.69576095,0.12126692,0.532537078,458.0,1297.0
0.7160038908001464,0.626354296,0.121718238,0.509267542,458.0,1297.0
0.7139467319809718,0.49936601,0.118562865,0.491297421,458.0,1297.0
0.7120586724501534,0.345528803,0.108734927,0.45557718,458.0,1297.0
0.7071447037611941,0.222322378,0.086762293,0.433726972,458.0,1297.0
0.694378429955554,0.115814516,0.068944002,0.426820711,458.0,1297.0
0.6849823100572494,0.060099559,0.082805458,0.433772578,458.0,1297.0
0.674973593977983,0.0,0.102573387,0.44809893,458.0,1297.0
0.6634281260434216,0.0,0.112941444,0.466393839,458.0,1297.0
0.6752853397215698,0.0,0.093857537,0.424195558,458.0,1297.0
0.6460255600185237,0.0,0.098621369,0.438134889,458.0,1297.0
0.6199035449901662,0.0,0.107956221,0.454086536,458.0,1297.0
0.6119589814256735,0.0,0.1050149275,0.47503533600000003,458.0,1297.0
0.6235191986208655,0.0,0.097673846,0.480819035,458.0,1297.0
0.659508667689008,0.001064672,0.089548908,0.460206414,458.0,1297.0
0.7230105178645158,0.081281596,0.077424919,0.447103209,458.0,1297.0
0.7883238420786806,0.17908439,0.05205919,0.4172316,458.0,1297.0
0.8235932918067598,0.33080923,0.032821508,0.379327447,458.0,1297.0
0.8332604866319785,0.480010674,0.031604524,0.346169881,458.0,1297.0
0.8419619310060467,0.598686802,0.032709647,0.297620877,458.0,1297.0
0.8511653627941935,0.686612622,0.032598729,0.19793321,458.0,1297.0
0.8539896743211826,0.73741898,0.038683624,0.207391767,458.0,1297.0
0.8552277915201383,0.73612628,0.040790475,0.195260164,458.0,1297.0
0.8522058983408476,0.724419368,0.039856806,0.174826044,458.0,1297.0
0.8454676227082453,0.636730135,0.038480716,0.169962819,458.0,1297.0
0.8385855917356762,0.536142278,0.034723325,0.151471818,458.0,1297.0
0.8346698725034752,0.432030159,0.028604368,0.134929083,458.0,1297.0
0.8283960054869843,0.293919601,0.026113113,0.135580829,458.0,1297.0
0.8113060151127732,0.153656068,0.040945776,0.157567282,458.0,1297.0
0.7957870771229035,0.06049992,0.076023268,0.20222104,458.0,1297.0
0.7576685724272588,0.0,0.115854427,0.270774846,458.0,1297.0
0.7332466375033957,0.0,0.143210003,0.334676894,458.0,1297.0
0.675875638238809,0.0,0.153302824,0.411284298,458.0,1297.0
0.6409709757307782,0.0,0.150092728,0.385361599,458.0,1297.0
0.6139399461764051,0.0,0.139841957,0.346216281,458.0,1297.0
0.6090918302612172,0.0,0.1288200035,0.2433117065,458.0,1297.0
0.6243904510150714,0.0,0.118818354,0.202993521,458.0,1297.0
0.6593355528857702,0.001043209,0.109393197,0.211665507,458.0,1297.0
0.7230945823301961,0.092175852,0.097237668,0.234207095,458.0,1297.0
0.7928824407164154,0.197371449,0.069893842,0.255676047,458.0,1297.0
0.826821444837904,0.331061159,0.045564478,0.268272982,458.0,1297.0
0.8371636495507059,0.449272614,0.047178356,0.299100196,458.0,1297.0
0.8464136140662286,0.565483953,0.053912399,0.336933088,458.0,1297.0
0.8532369245215068,0.658827233,0.049015981,0.271118595,458.0,1297.0
0.8553653601714458,0.70655736,0.065335446,0.2279294,458.0,1297.0
0.8552873432038722,0.709806951,0.074867981,0.228095275,458.0,1297.0
0.8504967238570489,0.656383411,0.080181266,0.248204711,458.0,1297.0
0.8446152509159757,0.582674408,0.079566391,0.313735089,458.0,1297.0
0.8378972871618783,0.536167641,0.084312204,0.315901913,458.0,1297.0
0.8352933626650247,0.414778024,0.081697445,0.291241724,458.0,1297.0
0.8261035032813857,0.290654693,0.090123044,0.274129577,458.0,1297.0
0.8114353668817892,0.168679285,0.12082165,0.25102412,458.0,1297.0
0.792750503979993,0.068903003,0.16610179,0.241760873,458.0,1297.0
0.7594658273555878,0.0,0.190615938,0.233457482,458.0,1297.0
0.7319915775001214,0.0,0.191012063,0.200790962,458.0,1297.0
0.6769727242557568,0.0,0.151360635,0.181090656,458.0,1297.0
0.6414953983421019,0.0,0.156877263,0.150390089,458.0,1297.0
0.6158608746945765,0.0,0.148461545,0.133719043,359.0,1018.0
0.6084901984514938,0.0,0.129309339,0.1105135255,359.0,1018.0
0.6228107203648972,0.0,0.114820242,0.091667134,359.0,1018.0
0.6581785917327565,0.0,0.105691222,0.087328132,359.0,1018.0
0.72233356991419,0.078968115,0.090480203,0.090144714,359.0,1018.0
0.7848563747534889,0.172392801,0.06681307,0.093444879,359.0,1018.0
0.8208361953976464,0.277674664,0.05224789,0.08852783,359.0,1018.0
0.8315163196432431,0.428760387,0.047109803,0.083998267,359.0,1018.0
0.8346406968380151,0.581854992,0.045360257,0.077662291,359.0,1018.0
0.841332808929612,0.673881984,0.032181495,0.044799605,359.0,1018.0
0.845515817768507,0.756647048,0.041532202,0.063221632,359.0,1018.0
0.8500472715972262,0.766269465,0.051019317,0.068898985,359.0,1018.0
0.84712860146897,0.706967543,0.061221927,0.073108583,359.0,1018.0
0.8426601147950221,0.655748183,0.07413949,0.083116486,359.0,1018.0
0.8366410732026414,0.536996178,0.089371368,0.079575571,359.0,1018.0
0.833273874111895,0.416203167,0.094366911,0.079572689,359.0,1018.0
0.8270949204704453,0.256794335,0.096557559,0.07323395,359.0,1018.0
0.806873075054724,0.136354438,0.104624598,0.062354685,359.0,1018.0
0.7892772198153247,0.048984079,0.12716469,0.054265084,359.0,1018.0
0.7556648720596728,0.0,0.143198292,0.050214158,359.0,1018.0
0.7292131073874302,0.0,0.141976979,0.045780062,359.0,1018.0
0.6527565653640144,0.0,0.127118711,0.0440138675,359.0,1018.0
0.6132548268789828,0.0,0.123287361,0.033781474,359.0,1018.0
0.6072011391010166,0.0,0.1069134375,0.027905600000000003,359.0,1018.0
0.6213702663003927,0.0,0.089045303,0.042445453,359.0,1018.0
0.6581785917327565,0.0,0.081885448,0.052806647,359.0,1018.0
0.7218525412832798,0.06151224,0.072817771,0.057765222,359.0,1018.0
0.7832129379792713,0.164050626,0.050861433,0.050943048,359.0,1018.0
0.8159987662679662,0.272231444,0.033613376,0.041763539,359.0,1018.0
0.8280129371785943,0.407141266,0.030131409,0.034769585,359.0,1018.0
0.8349655059463744,0.538006383,0.031036007,0.03094411,359.0,1018.0
0.8435531103443015,0.634068278,0.024442052,0.022553558,359.0,1018.0
0.8517838679455215,0.709980181,0.028332024,0.033658757,359.0,1018.0
0.8535372672447707,0.743483546,0.03267709,0.040201259,359.0,1018.0
0.8504275706764306,0.722084334,0.034518843,0.04649934,359.0,1018.0
0.8475498013606652,0.657884554,0.041648966,0.055906576,359.0,1018.0
0.8407094108989522,0.576116308,0.056151757,0.05614713,359.0,1018.0
0.8373508906705699,0.447182467,0.069354597,0.051602937,359.0,1018.0
0.8297279278390574,0.318819442,0.077833765,0.049108984,359.0,1018.0
0.8129600701377218,0.167564851,0.089602328,0.047473973,359.0,1018.0
0.7961674683329976,0.064742383,0.115964639,0.046861579,359.0,1018.0
0.7603673175054518,0.0,0.137340659,0.040478928,359.0,1018.0
0.7332089215033122,0.0,0.14260015,0.032722166,359.0,1018.0
0.6786318570846286,0.0,0.123928976,0.031068616,359.0,1018.0
0.6417006432959829,0.0,0.104454418,0.029656645,359.0,1018.0
0.6153456387922903,0.0,0.090617077,0.024402672,359.0,1018.0
0.6083001875721945,0.0,0.077327438,0.0209186295,359.0,1018.0
0.6225339673913718,0.0,0.066923877,0.019513446,359.0,1018.0
0.6585651225055656,0.0,0.063054849,0.018071882,359.0,1018.0
0.7223617294886158,0.085657899,0.055990276,0.018560064,359.0,1018.0
0.7867816889671306,0.201466778,0.035350016,0.015672812,359.0,1018.0
0.8256308764573586,0.369002979,0.025837711,0.010238836,359.0,1018.0
0.8382743543690125,0.5308308,0.027999173,0.009668405,359.0,1018.0
0.8523671028736197,0.673793939,0.035503754,0.013254537,359.0,1018.0
0.8579091788736035,0.787874016,0.03257612,0.010470435,359.0,1018.0
0.8643644701704819,0.855382985,0.041349334,0.014110325,359.0,1018.0
0.8617474352491928,0.848502239,0.043638826,0.019343799,359.0,1018.0
0.8551681477055147,0.804775186,0.042822459,0.023649506,359.0,1018.0
0.8484782513949536,0.726068192,0.045183361,0.029728197,359.0,1018.0
0.8397272260204064,0.595558681,0.043512364,0.044116754,359.0,1018.0
0.8367755949064701,0.449535499,0.050450881,0.063771212,359.0,1018.0
0.8314677553966108,0.316544716,0.064445313,0.078352854,359.0,1018.0
0.8179878794656342,0.171059079,0.080739746,0.088427172,359.0,1018.0
0.8049434214099004,0.063414838,0.111351867,0.131926682,359.0,1018.0
0.7716860738562901,0.0,0.130815792,0.152416628,359.0,1018.0
0.7431208312160212,0.0,0.133512026,0.131583376,359.0,1018.0
0.6756425099706087,0.0,0.101945901,0.08967058,359.0,1018.0
0.6395757162421889,0.0,0.089193885,0.081327285,359.0,1018.0
0.5999907209943699,0.0,0.083105298,0.08259119849999999,359.0,1018.0
0.5835361546482865,0.0,0.0633078285,0.08716721899999999,359.0,1018.0
0.5887315620944449,0.0,0.05066746,0.085021253,359.0,1018.0
0.5977265172554842,0.067657032,0.041359186,0.096739057,359.0,1018.0
0.6388420324330093,0.176276418,0.025041314,0.103104973,359.0,1018.0
0.6741738494708589,0.298059157,0.014900053,0.096943256,359.0,1018.0
0.7123178830394843,0.434281523,0.016601781,0.096276671,359.0,1018.0
0.7229480120270049,0.564244792,0.024022931,0.102700893,359.0,1018.0
0.7259205091304081,0.679369192,0.030925496,0.124318082,359.0,1018.0
0.7324621270708533,0.74262388,0.036386704,0.14293364,359.0,1018.0
0.73146904821172,0.771886503,0.043010431,0.181882482,359.0,1018.0
0.7284065306126074,0.733348824,0.057545311,0.248196984,359.0,1018.0
0.7233136304797775,0.623776083,0.080066724,0.342433672,359.0,1018.0
0.7167454682381292,0.503001637,0.102462954,0.400066974,359.0,1018.0
0.714708853281714,0.371702514,0.121629966,0.415921898,359.0,1018.0
0.7081352897838108,0.233209257,0.136816144,0.409532131,359.0,1018.0
0.6925673255672361,0.119775182,0.142662891,0.414602596,359.0,1018.0
0.6806658870736375,0.046987133,0.153867848,0.445247848,359.0,1018.0
0.67229322205274,0.0,0.162958047,0.474298147,359.0,1018.0
0.6612470177719856,0.0,0.159366715,0.493163272,359.0,1018.0
0.6524900839573221,0.0,0.161635166,0.535347368,359.0,1018.0
0.6181770129142022,0.0,0.148068507,0.585071165,359.0,1018.0
0.5875094636071005,0.0,0.150358892,0.586594638,359.0,1018.0
0.5761486977578791,0.0,0.160363816,0.537424595,359.0,1018.0
0.5749574368049124,0.0,0.16942055849999998,0.456374721,359.0,1018.0
0.5843892877134573,0.0,0.161518796,0.425826704,359.0,1018.0
0.5945331715395605,0.058517089,0.143545696,0.415865178,359.0,1018.0
0.6277147639057965,0.146678984,0.128629573,0.382223893,359.0,1018.0
0.6561194021234188,0.266870695,0.123568099,0.347236294,359.0,1018.0
0.6867538054539677,0.402732147,0.120905444,0.323595196,359.0,1018.0
0.6929954962543706,0.526764476,0.114512447,0.321540054,359.0,1018.0
0.6968988434348772,0.625902607,0.097668127,0.284849229,359.0,1018.0
0.702997425799977,0.701194961,0.108954875,0.32895386,359.0,1018.0
0.7059641988576054,0.755217527,0.124938667,0.374040808,359.0,1018.0
0.7077164905977427,0.715098896,0.144615004,0.414031599,359.0,1018.0
0.7113442391583741,0.654831793,0.162145694,0.429565851,359.0,1018.0
0.7108985722187713,0.558318046,0.179273524,0.440400943,359.0,1018.0
0.7088931637842606,0.444006145,0.185379764,0.446106262,359.0,1018.0
0.7031531833424554,0.312538791,0.18441777,0.442383176,359.0,1018.0
0.686726661307764,0.168007963,0.164751647,0.415341827,359.0,1018.0
0.6728316787172378,0.055613072,0.155624968,0.37064058,359.0,1018.0
0.6649682482985272,0.0,0.161786087,0.339437046,359.0,1018.0
0.6571992232756219,0.0,0.156016419,0.303688466,359.0,1018.0
0.6560128557322366,0.0,0.132853894,0.267440789,359.0,1018.0
0.6245682746347053,0.0,0.134182548,0.265203974,359.0,1018.0
0.59992447570324,0.0,0.1218895445,0.2719946935,359.0,1018.0
0.6018241226818637,0.0,0.108787377,0.292817163,359.0,1018.0
0.6188340645029634,0.0,0.101321471,0.318034722,359.0,1018.0
0.6593867024974964,0.0,0.095235507,0.325495929,359.0,1018.0
0.7229037865487423,0.076964592,0.084162727,0.307267091,359.0,1018.0
0.7825219556443652,0.201167935,0.061290138,0.288326501,359.0,1018.0
0.8114581715968109,0.364245112,0.039769811,0.269123474,359.0,1018.0
0.8264068001584266,0.541299185,0.035183499,0.239962839,359.0,1018.0
0.8342041700780365,0.693923694,0.033498093,0.204986563,359.0,1018.0
0.8443884014673242,0.814603587,0.031427413,0.142355631,359.0,1018.0
0.8525981074916739,0.892619966,0.027674379,0.097855108,359.0,1018.0
0.854070738236235,0.915562077,0.023718901,0.06636563,359.0,1018.0
0.8526195275921027,0.891246423,0.020636605,0.047187408,359.0,1018.0
0.8481238039782495,0.808386552,0.019284314,0.036836149,359.0,1018.0
0.8399943307025092,0.694136299,0.017790052,0.039804261,359.0,1018.0
0.8371118534320033,0.529172042,0.018172082,0.041171838,359.0,1018.0
0.8317829630080856,0.35627189,0.021007255,0.047906442,359.0,1018.0
0.8132488719757343,0.185193972,0.037120559,0.051946291,359.0,1018.0
0.7962784462862513,0.050418352,0.076668631,0.06697966,359.0,1018.0
0.7557777887384814,0.0,0.119068853,0.088241864,359.0,1018.0
0.7280496831530883,0.0,0.147433318,0.116789469,359.0,1018.0
0.6677188358922738,0.0,0.149554601,0.138022256,359.0,1018.0
0.6354782032118239,0.0,0.149470166,0.166175729,359.0,1018.0
0.6128712505250756,0.0,0.149643157,0.190606441,359.0,1018.0
0.606345651693929,0.0,0.133895294,0.18045534400000002,359.0,1018.0
0.6203167585919187,0.0,0.122616416,0.15764385,359.0,1018.0
0.6585290685069619,0.0,0.124836032,0.136736326,359.0,1018.0
0.7218525412832798,0.080474227,0.119912823,0.121657859,359.0,1018.0
0.7869163949327387,0.211164515,0.091593711,0.109600144,359.0,1018.0
0.8293549230076239,0.357906423,0.047098078,0.095359761,359.0,1018.0
0.8477249474843158,0.518909156,0.040033889,0.087820017,359.0,1018.0
0.8581662194159373,0.665623228,0.041235319,0.092021059,359.0,1018.0
0.8628656185770498,0.779532965,0.036382462,0.070977909,359.0,1018.0
0.864270018775513,0.845556761,0.048629912,0.082134103,359.0,1018.0
0.8631634684637969,0.831248218,0.053914109,0.09328326,359.0,1018.0
0.8552111721681517,0.772018996,0.054518203,0.096299345,359.0,1018.0
0.848987531731179,0.678092884,0.059131188,0.099227315,359.0,1018.0
0.8402523873358774,0.567135716,0.061514999,0.104759574,359.0,1018.0
0.8374197667957072,0.443730491,0.065972961,0.132384358,359.0,1018.0
0.8311159857410149,0.281023046,0.06482478,0.183955537,359.0,1018.0
0.8188472671245697,0.138274871,0.080614613,0.263020587,359.0,1018.0
0.805680752210403,0.034652954,0.119188646,0.334095301,359.0,1018.0
0.7819205311622841,0.0,0.162796079,0.364488371,359.0,1018.0
0.7649167753007503,0.0,0.19743698,0.423209608,359.0,1018.0
0.7279497383709748,0.0,0.205859985,0.722620277,359.0,1018.0
0.6750492109027416,0.0,0.209054349,0.656860111,359.0,1018.0
0.6438010111046985,0.0,0.241198314,0.594380223,359.0,1018.0
0.6327518751394992,0.0,0.260734013,0.549643674,359.0,1018.0
0.6361589369463382,0.0,0.279279553,0.560800937,359.0,1018.0
0.6662635164755897,0.0,0.277836013,0.585721159,359.0,1018.0
0.7273233397896871,0.070869255,0.251354951,0.61081798,359.0,1018.0
0.7927459802870319,0.183365708,0.209869097,0.60509751,359.0,1018.0
0.8203387323393411,0.229689054,0.168219933,0.579957982,359.0,1018.0
0.8299264327886916,0.354148645,0.159455101,0.567164633,359.0,1018.0
0.8337859250029305,0.495286877,0.156612388,0.565280314,359.0,1018.0
0.836995335694754,0.625778662,0.130787847,0.546578562,359.0,1018.0
0.8411786209263179,0.73826351,0.163488134,0.523274907,359.0,1018.0
0.8428569580745825,0.688504667,0.196560496,0.551282578,359.0,1018.0
0.8439390413383911,0.662587074,0.223554097,0.574745186,359.0,1018.0
0.839609415799454,0.591744469,0.23258903,0.599867321,359.0,1018.0
0.8304997891644244,0.486348767,0.21622477,0.649744016,359.0,1018.0
0.8246004043876612,0.369173065,0.183532276,0.654001825,359.0,1018.0
0.8144724013419599,0.230356076,0.138890476,0.608480318,359.0,1018.0
0.7942062383170865,0.117872286,0.106997895,0.559381187,359.0,1018.0
0.7794332171963816,0.02637169,0.090937385,0.485020691,359.0,1018.0
0.7457783056325408,0.0,0.08612134,0.400339302,359.0,1018.0
0.718337248084197,0.0,0.081632078,0.358511689,359.0,1018.0
0.6540776625022608,0.0,0.060629402,0.284607077,359.0,1018.0
0.6277508179706814,0.0,0.062935069,0.244592365,359.0,1018.0
0.6042704893721434,0.0,0.065588256,0.213140338,359.0,1018.0
0.5993508423714481,0.0,0.06076283,0.183589467,359.0,1018.0
0.6029820070659287,0.0,0.055903993,0.157433249,359.0,1018.0
0.6194576934573781,0.0,0.055458991,0.126131642,359.0,1018.0
0.6582072133535359,0.0,0.062462693,0.102467302,359.0,1018.0
0.7222020023641382,0.062439416,0.067259365,0.087880909,359.0,1018.0
0.7828907131755063,0.179545936,0.055436477,0.069505485,359.0,1018.0
0.8111356704003769,0.293369649,0.049094776,0.069823875,359.0,1018.0
0.8209300005507637,0.434882564,0.060090863,0.079236084,359.0,1018.0
0.8246074215799515,0.532801141,0.078239642,0.099313141,359.0,1018.0
0.8265238720066379,0.602345987,0.067385022,0.107469683,359.0,1018.0
0.8324993350254197,0.658733068,0.096989033,0.123987182,359.0,1018.0
0.8378924857506239,0.645992794,0.136066741,0.15864747,359.0,1018.0
0.8375689691259678,0.573591962,0.179723651,0.252968024,359.0,1018.0
0.8247145220820955,0.504687776,0.247866762,0.372338815,359.0,1018.0
0.8199605575730949,0.391199637,0.32773398,0.494382927,359.0,1018.0
0.8188228007394742,0.270028531,0.401234618,0.602809628,359.0,1018.0
0.8117332167685364,0.170363639,0.440020847,0.691774075,359.0,1018.0
0.7879064275072054,0.078697071,0.472476369,0.742322781,359.0,1018.0
0.7736058946827873,0.010532772,0.501305829,0.790625037,359.0,1018.0
0.7417876621142838,0.0,0.506702657,0.810091879,359.0,1018.0
0.7135168074928739,0.0,0.502056577,0.799235383,359.0,1018.0
0.6521090466379388,0.0,0.407887234,0.81987555,359.0,1018.0
0.6236894974666607,0.0,0.438071224,0.850527639,359.0,1018.0
0.6023486375566395,0.0,0.470390939,0.871166178,359.0,1018.0
0.5998856287467755,0.0,0.499920776,0.8600081135,359.0,1018.0
0.61923236715106,0.0,0.476952634,0.863388853,359.0,1018.0
0.6584546983318678,0.0,0.438612396,0.879297511,359.0,1018.0
0.7227208391260216,0.038726033,0.408648983,0.888866774,359.0,1018.0
0.7827974621333509,0.119107351,0.39218491,0.883992853,359.0,1018.0
0.8097452117927922,0.212994257,0.383468376,0.874817459,359.0,1018.0
0.8158251896834997,0.32172819,0.355767581,0.866705028,359.0,1018.0
0.8161158381161775,0.425038675,0.331582167,0.867738244,359.0,1018.0
0.8159679289324322,0.524939563,0.280767961,0.890111352,359.0,1018.0
0.8167110765724115,0.590274511,0.271965379,0.891241431,359.0,1018.0
0.8149585077767932,0.568363043,0.267813998,0.882231634,359.0,1018.0
0.8127168783925646,0.560611442,0.250944474,0.872859963,359.0,1018.0
0.8114010206187041,0.490866417,0.236773537,0.832737251,359.0,1018.0
0.8090806352313487,0.39634153,0.2194496,0.792837914,359.0,1018.0
0.80800889316279,0.319140458,0.189020478,0.753648747,359.0,1018.0
0.800274583191653,0.198379101,0.158501435,0.68965437,359.0,1018.0
0.7822338921790939,0.1091757,0.111442552,0.635426777,359.0,1018.0
0.7700372822226684,0.027780352,0.099965444,0.581832051,359.0,1018.0
0.740805524295401,0.0,0.113147036,0.550953025,359.0,1018.0
0.7127384830861787,0.0,0.136923757,0.53504218,359.0,1018.0
0.6339675337439408,0.0,0.16929976,0.486576112,359.0,1018.0
0.6038392256720854,0.0,0.188168408,0.551005292,359.0,1018.0
0.5761459741301698,0.0,0.208032592,0.613448404,359.0,1018.0
0.5673179939445282,0.0,0.218791638,0.684410843,359.0,1018.0
0.5721475519810184,0.0,0.23079605,0.7540657055,359.0,1018.0
0.5850909798997341,0.0,0.237918847,0.776702463,359.0,1018.0
0.5955831707844518,0.033941261,0.242155666,0.765118893,359.0,1018.0
0.6264731380444145,0.122865595,0.221085098,0.742860709,359.0,1018.0
0.6541084077069053,0.273243796,0.246761085,0.734215789,359.0,1018.0
0.6854001402119462,0.391526926,0.294019641,0.729357563,359.0,1018.0
0.6896055381826413,0.519881443,0.347682073,0.725548952,359.0,1018.0
0.6898214929878931,0.601234626,0.284738437,0.749899002,359.0,1018.0
0.6909219036706129,0.631243553,0.325567064,0.72285449,359.0,1018.0
0.6902579269541699,0.629386741,0.376996467,0.719670624,359.0,1018.0
0.6886772273389055,0.585532278,0.40544412,0.712959019,359.0,1018.0
0.6898835375081438,0.516723893,0.410536048,0.688328512,359.0,1018.0
0.6892938852327563,0.462984508,0.395027303,0.653785909,359.0,1018.0
0.688502034818404,0.365892336,0.363400444,0.616798757,359.0,1018.0
0.683392884519958,0.250395826,0.305646147,0.581628176,359.0,1018.0
0.6717131262030103,0.138812926,0.226488777,0.5347733,359.0,1018.0
0.6647086685228256,0.030103363,0.185386731,0.492510301,359.0,1018.0
0.6626913957507318,0.0,0.152993704,0.469685758,359.0,1018.0
0.6520179651125309,0.0,0.125323534,0.44672599,359.0,1018.0
0.6328333776373548,0.0,0.103883492,0.45569026,359.0,1018.0
0.6041189330645126,0.0,0.092754307,0.444645442,359.0,1018.0
0.576634250280594,0.0,0.0837811,0.456001127,359.0,1018.0
0.5685514487902198,0.0,0.084025779,0.509369465,359.0,1018.0
0.5742343707162139,0.0,0.10226376749999999,0.541514771,359.0,1018.0
0.5864149622261529,0.0,0.114590987,0.579392525,359.0,1018.0
0.5955327136125844,0.043325148,0.119608511,0.601382691,359.0,1018.0
0.6264731380444145,0.160860968,0.107324174,0.617585589,359.0,1018.0
0.6544825204288565,0.293426179,0.082131809,0.624218325,359.0,1018.0
0.6862033465869583,0.440691879,0.087159251,0.635587662,359.0,1018.0
0.6925098054027587,0.572099921,0.1066122,0.629502721,359.0,1018.0
0.698596338505684,0.6679014,0.074913024,0.52641704,359.0,1018.0
0.7052039705483792,0.73551497,0.075835802,0.553518321,359.0,1018.0
0.7098073487753387,0.759175662,0.076876783,0.598827982,359.0,1018.0
0.7114241027206128,0.747280577,0.073646879,0.601868142,359.0,1018.0
0.7138508495745591,0.683516065,0.072697945,0.556748493,359.0,1018.0
0.7126633281414926,0.561962306,0.066832511,0.482875118,359.0,1018.0
0.7094014750891148,0.421801327,0.054979082,0.409276504,359.0,1018.0
0.7039720393752708,0.275274935,0.038639084,0.333394167,359.0,1018.0
0.6852220856685571,0.128423363,0.029773786,0.263394825,359.0,1018.0
0.6691115096180821,0.018467457,0.032953434,0.192665454,359.0,1018.0
0.6646818007692908,0.0,0.045548641,0.138062885,359.0,1018.0
0.6568532243940577,0.0,0.065224634,0.095898971,359.0,1018.0
0.6551188444896101,0.0,0.087106141,0.045940715,359.0,1018.0
0.6256588519688489,0.0,0.090895566,0.036340115,359.0,1018.0
0.6042704893721434,0.0,0.095255746,0.041099905,359.0,1018.0
0.6007607589234971,0.0,0.1018745925,0.0736445285,359.0,1018.0
0.6194993795034295,0.0,0.106687629,0.107869366,359.0,1018.0
0.6584449577769932,0.0,0.110215763,0.116705685,359.0,1018.0
0.7226069984870682,0.040249654,0.115103141,0.13485426,359.0,1018.0
0.782760068922787,0.13381957,0.110214619,0.13578375,359.0,1018.0
0.8098059638293397,0.234539381,0.095855001,0.131183077,359.0,1018.0
0.8162595006624426,0.303141646,0.096293826,0.116562164,359.0,1018.0
0.8186374062142755,0.399856984,0.121124194,0.116971654,359.0,1018.0
0.8207787673640586,0.443847224,0.102148162,0.112403896,359.0,1018.0
0.8247056582951402,0.484368703,0.129728954,0.146715284,359.0,1018.0
0.8284557414324975,0.443934115,0.159087239,0.18397627,359.0,1018.0
0.8183858126622354,0.407942476,0.182892012,0.220658091,359.0,1018.0
0.8150749333831528,0.343339729,0.200020522,0.253550285,359.0,1018.0
0.8113655667965072,0.245482601,0.216012295,0.273507091,359.0,1018.0
0.8063674872450168,0.186996657,0.209335182,0.296286481,359.0,1018.0
0.797699188118408,0.120335559,0.188565726,0.309275796,359.0,1018.0
0.7811248496936731,0.060059679,0.168857765,0.313408861,359.0,1018.0
0.7698926042481811,0.011950815,0.163909461,0.281806158,359.0,1018.0
0.7414092566894075,0.0,0.174255452,0.269773272,359.0,1018.0
0.7130581222597253,0.0,0.185100374,0.274137867,359.0,1018.0
0.6519778024739377,0.0,0.201746623,0.394561879,359.0,1018.0
0.6134168392803507,0.0,0.2131074165,0.424898906,359.0,1018.0
0.6005081266785282,0.0,0.2232771915,0.4966940235,359.0,1018.0
0.6194246862074095,0.0,0.222578197,0.531372407,359.0,1018.0
0.6585524274655079,0.0,0.221790718,0.537877596,359.0,1018.0
0.7225298590827884,0.016001114,0.220839262,0.530852315,359.0,1018.0
0.7829919047072842,0.073083519,0.24202967,0.540489238,359.0,1018.0
0.8102140532965995,0.183698513,0.274668679,0.523963853,359.0,1018.0
0.8155918771535201,0.297119355,0.266990254,0.499917197,359.0,1018.0
0.8163682628346606,0.399563219,0.277332116,0.480989169,359.0,1018.0
0.8170169584168587,0.505819754,0.196360462,0.490049317,359.0,1018.0
0.8175007569397666,0.559309368,0.208023785,0.502718017,359.0,1018.0
0.8176217069018997,0.590022269,0.241822668,0.549475463,359.0,1018.0
0.8137032171148888,0.581767866,0.273796095,0.565589676,359.0,1018.0
0.8121717743849594,0.511330954,0.305203921,0.575602929,359.0,1018.0
0.8087842627528959,0.443749865,0.316662179,0.585487077,359.0,1018.0
0.8061254958526732,0.30955138,0.308081446,0.590960118,359.0,1018.0
0.7972783574130834,0.208251154,0.276388268,0.559850982,359.0,1018.0
0.7814067264702852,0.097138303,0.233462007,0.522313863,359.0,1018.0
0.7700372822226684,0.013112229,0.212413484,0.520175248,359.0,1018.0
0.7416177787191477,0.0,0.197601974,0.513357189,359.0,1018.0
0.7135398892633766,0.0,0.1916467,0.48886546,359.0,1018.0
0.6520680991634723,0.0,0.182361455,0.470977723,359.0,1018.0
0.6242917525186539,0.0,0.176652896,0.481389144,359.0,1018.0
0.6025693474425758,0.0,0.167645159,0.508578013,359.0,1018.0
0.6003131070271918,0.0,0.15333838900000002,0.49935851200000003,359.0,1018.0
0.6192529101521634,0.0,0.133507201,0.481957596,359.0,1018.0
0.6585744014780551,0.0,0.124513957,0.469686113,359.0,1018.0
0.7227625253709165,0.022054644,0.111936861,0.422074467,359.0,1018.0
0.7828921905838008,0.108808435,0.100646838,0.377474573,359.0,1018.0
0.8101523779627193,0.210428357,0.09736318,0.347228134,359.0,1018.0
0.8158155881866154,0.329225775,0.098796234,0.328200301,359.0,1018.0
0.8159679289324322,0.432178039,0.099933079,0.340087571,359.0,1018.0
0.8170725398557813,0.487176446,0.069142685,0.31710325,359.0,1018.0
0.8174425905334377,0.505272026,0.077422738,0.352893309,359.0,1018.0
0.8170826961264399,0.434719966,0.086073979,0.382406047,359.0,1018.0
0.8143209832306635,0.379970963,0.086887179,0.413948687,359.0,1018.0
0.8114010206187041,0.339502007,0.086611523,0.423073511,359.0,1018.0
0.8093892876306058,0.282392751,0.082382975,0.416215735,359.0,1018.0
0.80800889316279,0.226520587,0.072654353,0.405926936,359.0,1018.0
0.8013112412871974,0.153184505,0.058456759,0.409363536,359.0,1018.0
0.7838680966427977,0.087250305,0.048450765,0.406763485,359.0,1018.0
0.770259792240138,0.010160778,0.047052063,0.40647052,359.0,1018.0
0.7416177787191477,0.0,0.049473858,0.41019803,359.0,1018.0
0.713014635817016,0.0,0.052622091,0.429137899,359.0,1018.0
0.6515549405807627,0.0,0.058619891,0.476735973,359.0,1018.0
0.6231309135831244,0.0,0.062797841,0.501706382,359.0,1018.0
0.6017788358424965,0.0,0.070779585,0.532987716,359.0,1018.0
0.599385765413671,0.0,0.081994392,0.5590277875,359.0,1018.0
0.6203725246240267,0.0,0.091182953,0.595899773,359.0,1018.0
0.6595703427577632,0.0,0.097949887,0.624997196,359.0,1018.0
0.7226358970970473,0.033942599,0.101302935,0.647518396,359.0,1018.0
0.7831853318529954,0.166644869,0.089391846,0.670868442,359.0,1018.0
0.8101207094607423,0.33768496,0.073353684,0.686518362,359.0,1018.0
0.8168116211995258,0.510204756,0.089901291,0.691006346,359.0,1018.0
0.8210206666255125,0.650873957,0.118254927,0.704055215,359.0,1018.0
0.826371808316302,0.727250611,0.108262747,0.704084742,359.0,1018.0
0.831669768610984,0.734200778,0.115609693,0.705347305,359.0,1018.0
0.8340010486417392,0.742388586,0.107777915,0.676700154,359.0,1018.0
0.8349911733470956,0.70621259,0.096755202,0.622384033,359.0,1018.0
0.8360954150840741,0.65532609,0.08340205,0.592792429,359.0,1018.0
0.8336198269280144,0.554132421,0.072520033,0.569001998,359.0,1018.0
0.830438760735208,0.44891994,0.059103824,0.494672011,359.0,1018.0
0.8210710774668103,0.304025915,0.045244054,0.414307374,359.0,1018.0
0.7971805820151548,0.152351317,0.049679775,0.382200014,359.0,1018.0
0.7772179014547258,0.013695289,0.074223675,0.348311989,359.0,1018.0
0.7440671460263365,0.0,0.097563725,0.332977381,359.0,1018.0
0.7192231343102965,0.0,0.112337433,0.328223854,359.0,1018.0
0.6585412557666273,0.0,0.112201005,0.297727067,359.0,1018.0
0.6272394597846297,0.0,0.113068036,0.25717009,359.0,1018.0
0.6016309957237779,0.0,0.101584943,0.2352517675,359.0,1018.0
0.6029015433272832,0.0,0.089322669,0.1971099,359.0,1018.0
0.6192403073755578,0.0,0.082905086,0.161759067,359.0,1018.0
0.6585695081347549,0.0,0.078456707,0.12356692,359.0,1018.0
0.7227625253709165,0.034136436,0.071883996,0.097614553,359.0,1018.0
0.7829110250540111,0.151187385,0.052000966,0.07908723,359.0,1018.0
0.8100233032491843,0.281680378,0.032970166,0.083883874,359.0,1018.0
0.8157426490229649,0.397372713,0.031070371,0.110755788,359.0,1018.0
0.8172093701343477,0.496364303,0.031506479,0.126969987,359.0,1018.0
0.820882543863243,0.585451643,0.032132191,0.095782922,359.0,1018.0
0.8254187991032164,0.622909617,0.032515248,0.129614477,359.0,1018.0
0.8266113068721288,0.6432942,0.038558199,0.168350148,359.0,1018.0
0.8235072422186739,0.602709081,0.054412153,0.209559972,359.0,1018.0
0.819613958515124,0.543455088,0.072321807,0.238787427,359.0,1018.0
0.8162644863354761,0.428507545,0.092134069,0.263286476,359.0,1018.0
0.8143128584792616,0.312061963,0.113734084,0.273568019,359.0,1018.0
0.8050019570025999,0.214208129,0.128106742,0.241304833,359.0,1018.0
0.7857038523408024,0.099592721,0.138951057,0.218224165,359.0,1018.0
0.7709308318829097,0.012033217,0.152701535,0.210485586,359.0,1018.0
0.74136286182696,0.0,0.153374193,0.227269701,359.0,1018.0
0.7127850164763668,0.0,0.14641205,0.256650486,359.0,1018.0
0.633843999013245,0.0,0.109758351,0.328127151,359.0,1018.0
0.6038392256720854,0.0,0.112910847,0.365089914,359.0,1018.0
0.5758682517275859,0.0,0.101366669,0.395510186,359.0,1018.0
0.5682113127472959,0.0,0.08410587850000001,0.41892435149999996,359.0,1018.0
0.5752810922887152,0.0,0.084827366,0.423583843,359.0,1018.0
0.585256431533955,0.0,0.085444713,0.460837834,359.0,1018.0
0.5955101855553565,0.024025874,0.08392407,0.497936614,359.0,1018.0
0.6266568245026886,0.146727399,0.068570846,0.512306071,359.0,1018.0
0.6540913270376584,0.308463398,0.049118954,0.537204317,359.0,1018.0
0.685433701042627,0.464828906,0.053016912,0.584355144,359.0,1018.0
0.690171877366084,0.588221623,0.068626097,0.626329107,359.0,1018.0
0.6912047501414085,0.675550221,0.064096894,0.575508152,359.0,1018.0
0.6935495097829698,0.689677621,0.075158682,0.591019885,359.0,1018.0
0.6928179958219436,0.689830632,0.08638683,0.615750957,359.0,1018.0
0.695364584416099,0.64906351,0.092085418,0.6294091,359.0,1018.0
0.6967088330858277,0.567481184,0.091931256,0.644440235,359.0,1018.0
0.6961220428333275,0.471459999,0.093568466,0.649005384,359.0,1018.0
0.6944230246201873,0.365430624,0.089339199,0.644513024,359.0,1018.0
0.689122940012547,0.230752329,0.081673917,0.614114798,359.0,1018.0
0.6736644763409316,0.111315995,0.082132539,0.580794023,359.0,1018.0
0.665720951701352,0.007192931,0.084374553,0.561739047,359.0,1018.0
0.6627195095911188,0.0,0.081609881,0.554852804,359.0,1018.0
0.6528245880190797,0.0,0.073385059,0.537046125,359.0,1018.0
0.6346324794254738,0.0,0.060717097,0.477082521,359.0,1018.0
0.6041545716787384,0.0,0.064307807,0.485565519,359.0,1018.0
0.5760035121355619,0.0,0.068375208,0.508378656,359.0,1018.0
0.568170249877233,0.0,0.0706331965,0.5350441535,359.0,1018.0
0.5802687619113351,0.0,0.07513016650000001,0.5648497345000001,359.0,1018.0
0.5952055034671919,0.020780425,0.074195189,0.576436657,359.0,1018.0
0.6266710429502045,0.142511135,0.064928736,0.591325547,359.0,1018.0
0.6550891148457504,0.302669879,0.058407394,0.628253334,359.0,1018.0
0.6862033465869583,0.454960006,0.07476551,0.665097985,359.0,1018.0
0.6908974830195562,0.580913789,0.095007467,0.687983015,359.0,1018.0
0.6935204269112114,0.643171045,0.080148753,0.659702997,359.0,1018.0
0.697703804936477,0.688176407,0.089870356,0.663290917,359.0,1018.0
0.7016750592107497,0.688307196,0.102301566,0.655626082,359.0,1018.0
0.7058451882838394,0.689271362,0.111953008,0.64286217,359.0,1018.0
0.7082107217839779,0.642927365,0.120629632,0.644549444,359.0,1018.0
0.7097140970703711,0.552973445,0.127143217,0.660905454,359.0,1018.0
0.7092647376042502,0.414889647,0.128339175,0.669638283,359.0,1018.0
0.702052911187476,0.264869548,0.114835357,0.670146078,359.0,1018.0
0.6822440023843076,0.118808492,0.114904248,0.668164424,359.0,1018.0
0.6691115096180821,0.006116892,0.123907589,0.661311004,359.0,1018.0
0.665466126940054,0.0,0.133774454,0.649554812,359.0,1018.0
0.6576466905456013,0.0,0.137251156,0.632954118,359.0,1018.0
0.6625926971880329,0.0,0.143283241,0.632656969,359.0,1018.0
0.6311439613187863,0.0,0.152579507,0.594100154,359.0,1018.0
0.6093547570394602,0.0,0.161648435,0.572704499,359.0,1018.0
0.6058938911907747,0.0,0.164068091,0.5713422075,359.0,1018.0
0.619691329240846,0.0,0.153179775,0.495232033,359.0,1018.0
0.6583686025457746,0.0,0.144749978,0.472629045,359.0,1018.0
0.7221689028507176,0.016696642,0.140420481,0.458269637,359.0,1018.0
0.7828517510885703,0.11206622,0.12950926,0.412805337,359.0,1018.0
0.8101990034837969,0.2169272,0.151287807,0.385750079,359.0,1018.0
0.8166382295396506,0.31341704,0.149592809,0.352336171,359.0,1018.0
0.8168820675266594,0.413045041,0.161947461,0.325750467,359.0,1018.0
0.8172616275703105,0.436919829,0.154725107,0.281748267,359.0,1018.0
0.8192858247409927,0.436157624,0.150459182,0.261524152,359.0,1018.0
0.8186781227649871,0.430207698,0.154216878,0.274297148,359.0,1018.0
0.8150917369969187,0.408375933,0.153234333,0.301843069,359.0,1018.0
0.8122463752186836,0.414344317,0.155087116,0.31031186,359.0,1018.0
0.8095225168507313,0.344652486,0.151692409,0.316677501,359.0,1018.0
0.8072706390649547,0.260420647,0.141138983,0.313016984,359.0,1018.0
0.8005102964272598,0.172875113,0.129493362,0.298719631,359.0,1018.0
0.7836911960553715,0.082858909,0.11717064,0.271256327,359.0,1018.0
0.7718338909091458,0.004939401,0.114673989,0.245110382,359.0,1018.0
0.7429106932502461,0.0,0.111541591,0.235366923,359.0,1018.0
0.7184858956406834,0.0,0.099561954,0.210388166,359.0,1018.0
0.6611774948747469,0.0,0.086505914,0.189848438,359.0,1018.0
0.6316568891103034,0.0,0.076826998,0.175952384,359.0,1018.0
0.6041598343741124,0.0,0.0591213425,0.16368000700000002,359.0,1018.0
0.6111097261430184,0.0,0.043124341,0.1447123035,359.0,1018.0
0.6584777341694881,0.0,0.035131704,0.122686855,359.0,1018.0
0.7226987727837411,0.01593435,0.029214411,0.118759038,359.0,1018.0
0.7829110250540111,0.121736424,0.023517366,0.109166866,359.0,1018.0
0.8098979223877919,0.207919144,0.016283115,0.093705821,359.0,1018.0
0.8163876514158328,0.339003501,0.014213013,0.084058116,359.0,1018.0
0.8174161847599752,0.471300302,0.014412917,0.091247226,359.0,1018.0
0.8218847635648128,0.552932931,0.016851869,0.082200087,359.0,1018.0
0.8247056582951402,0.604005443,0.017277225,0.081063028,359.0,1018.0
0.8252895401279021,0.650660971,0.01699031,0.079292326,359.0,1018.0
0.8230238128821367,0.598721738,0.018711876,0.070703265,359.0,1018.0
0.8217731393697074,0.535306767,0.020872603,0.060041999,359.0,1018.0
0.8196820962675201,0.429107211,0.023826878,0.054336021,359.0,1018.0
0.8167898319127262,0.338701729,0.030318773,0.054339221,359.0,1018.0
0.8086779934171948,0.221401903,0.040983776,0.058448269,359.0,1018.0
0.7878694041458243,0.108778318,0.058606587,0.06593547,359.0,1018.0
0.7717400857560285,0.004824488,0.093167492,0.0830015,359.0,1018.0
0.7412189686220648,0.0,0.117672496,0.10464191,359.0,1018.0
0.71275759461187,0.0,0.133659323,0.134881914,359.0,1018.0
0.6509770601806626,0.0,0.117767474,0.209778063,359.0,1018.0
0.6233733204924082,0.0,0.116643827,0.236374373,359.0,1018.0
0.6020934432112836,0.0,0.106247442,0.256528826,359.0,1018.0
0.5972687554522306,0.0,0.097381683,0.263887722,359.0,1018.0
0.6019665846101904,0.0,0.09403459,0.282054287,359.0,1018.0
0.6201888844300409,0.0,0.090282391,0.274935553,359.0,1018.0
0.6593867024974964,0.0,0.089600645,0.266716671,359.0,1018.0
0.7226358970970473,0.018097183,0.087507594,0.248518947,359.0,1018.0
0.7831853318529954,0.160957457,0.071085985,0.246727057,359.0,1018.0
0.8098738245262549,0.322293529,0.03593769,0.240821802,359.0,1018.0
0.8172599659002366,0.492244653,0.029730967,0.250704716,359.0,1018.0
0.8239928873362469,0.625891674,0.027531521,0.262868938,359.0,1018.0
0.8302096948427086,0.748326702,0.024169563,0.236925184,359.0,1018.0
0.8340254235587572,0.820939696,0.025368197,0.240737751,359.0,1018.0
0.835136682488026,0.798341931,0.028331017,0.245150739,359.0,1018.0
0.8351538552881623,0.724231379,0.029525604,0.240367632,359.0,1018.0
0.8339443596437048,0.540955473,0.030914081,0.244501689,359.0,1018.0
0.8295516741562948,0.448878764,0.029722256,0.24680811,359.0,1018.0
0.8267354880435198,0.331448969,0.027695825,0.237157939,359.0,1018.0
0.8171018083149433,0.223694344,0.030776256,0.241519854,359.0,1018.0
0.792755397522137,0.107099539,0.048321577,0.249543972,359.0,1018.0
0.77404098976851,0.004618798,0.073529106,0.25845196,359.0,1018.0
0.7424588860188348,0.0,0.089529495,0.261981913,359.0,1018.0
0.7150784419792979,0.0,0.093536274,0.26614199,359.0,1018.0
0.6540776625022608,0.0,0.09325376,0.303907367,359.0,1018.0
0.6239447841417499,0.0,0.085357812,0.292365914,359.0,1018.0
0.6020779320812208,0.0,0.073916103,0.285135498,359.0,1018.0
0.5994546189369138,0.0,0.06733627049999999,0.270335469,359.0,1018.0
0.6192421077722158,0.0,0.062172896,0.25937342,359.0,1018.0
0.658271750577741,0.0,0.056686227,0.275395541,359.0,1018.0
0.7225182254038354,0.015099883,0.052864887,0.299934705,359.0,1018.0
0.7830385302283619,0.159549348,0.045759197,0.333782737,359.0,1018.0
0.8096966475461598,0.280865903,0.035857007,0.378325887,359.0,1018.0
0.8173163785056022,0.424933271,0.044269874,0.425903547,359.0,1018.0
0.8238345448263622,0.564596953,0.063070809,0.465207089,359.0,1018.0
0.8285010744698719,0.607498871,0.075374308,0.520620926,359.0,1018.0
0.8340254235587572,0.65930128,0.097694482,0.557285299,359.0,1018.0
0.835136682488026,0.662608096,0.118681204,0.573943881,359.0,1018.0
0.8351486846905374,0.653531564,0.134874809,0.591326667,359.0,1018.0
0.8347694017023674,0.566729956,0.149259431,0.613672338,359.0,1018.0
0.8304997891644244,0.437348735,0.154008516,0.594658569,359.0,1018.0
0.8251298130034247,0.304462769,0.136370866,0.542421778,359.0,1018.0
0.8130467659676592,0.186528693,0.11222609,0.486971801,359.0,1018.0
0.7917793993322505,0.08276949,0.099309946,0.389451002,359.0,1018.0
0.7753671880748083,0.002608666,0.099928403,0.358206857,359.0,1018.0
0.7440218593858129,0.0,0.107514937,0.335356805,359.0,1018.0
0.7196236531371162,0.0,0.116520446,0.302992236,359.0,1018.0
0.6618855576800563,0.0,0.133799381,0.336249324,359.0,1018.0
0.629836228694015,0.0,0.142764193,0.427895473,359.0,1018.0
0.6040738770826192,0.0,0.156724934,0.568793954,359.0,1018.0
0.5980073326709917,0.0,0.168496822,0.617738872,359.0,1018.0
0.6111560055104479,0.0,0.18932017950000002,0.667454773,359.0,1018.0
0.6590659553008694,0.0,0.202353966,0.685500834,359.0,1018.0
0.7232540330620049,0.007797097,0.203573027,0.698671839,359.0,1018.0
0.7832558703110186,0.076154656,0.192240927,0.700359975,359.0,1018.0
0.8097622003311495,0.159993759,0.203820333,0.726849443,359.0,1018.0
0.8157347085333423,0.265497491,0.219393201,0.763518842,359.0,1018.0
0.8160025515881861,0.350437954,0.236719643,0.798215462,359.0,1018.0
0.8158414398491157,0.402265455,0.217356382,0.797406597,359.0,1018.0
0.8164664995498494,0.45351136,0.263913619,0.805768555,359.0,1018.0
0.8148889847469921,0.48472648,0.298916036,0.815174484,359.0,1018.0
0.8106158639443101,0.469858638,0.329110304,0.819457259,359.0,1018.0
0.8072148727014407,0.4272902,0.33624827,0.840068953,359.0,1018.0
0.80328447350562,0.352761653,0.328490101,0.855530649,359.0,1018.0
0.8016162926280139,0.212813071,0.297190218,0.841542616,359.0,1018.0
0.7959490200284168,0.133643952,0.245686398,0.835570345,359.0,1018.0
0.7810270742957445,0.047705137,0.18771812,0.810785073,359.0,1018.0
0.7697650990738303,0.002147198,0.158921718,0.748073542,359.0,1018.0
0.7408627210075465,0.0,0.137579809,0.709667018,359.0,1018.0
0.7126608353049757,0.0,0.140857998,0.715531062,359.0,1018.0
0.6328566442661676,0.0,0.159029634,0.622581972,359.0,1018.0
0.6036434904818865,0.0,0.152771053,0.54388645,359.0,1018.0
0.5758305819255095,0.0,0.155327075,0.57152721,359.0,1018.0
0.5690015012264493,0.0,0.1722062175,0.5906795925,359.0,1018.0
0.5820969239693181,0.0,0.19347955,0.569221725,359.0,1018.0
0.596738146881341,0.00590561,0.209169102,0.517893786,359.0,1018.0
0.6286980100791656,0.072087268,0.194962515,0.477866931,359.0,1018.0
0.6580424080274478,0.142333433,0.211845267,0.450490027,359.0,1018.0
0.6911419208515657,0.257612729,0.255493205,0.444218284,359.0,1018.0
0.6935596660536283,0.34692707,0.275094754,0.43064306,359.0,1018.0
0.6905617786049849,0.400396887,0.207785868,0.49402963,359.0,1018.0
0.6912921843440871,0.422347007,0.234011906,0.514585227,359.0,1018.0
0.6892675715901835,0.433652757,0.279339696,0.51564031,359.0,1018.0
0.6894792333611042,0.431520066,0.31847536,0.509467391,359.0,1018.0
0.6920030636370889,0.37955007,0.327012172,0.551419842,359.0,1018.0
0.6905869840256338,0.332446607,0.312352765,0.621906698,359.0,1018.0
0.6901293142207073,0.24894379,0.290316544,0.616693263,359.0,1018.0
0.686581383488276,0.176653137,0.25200988,0.589872426,359.0,1018.0
0.6746981338858482,0.078568613,0.21037759,0.556433732,359.0,1018.0
0.672218298429496,0.002276643,0.194061136,0.592131972,359.0,1018.0
0.6702412344940025,0.0,0.190155221,0.615029823,359.0,1018.0
0.6575506233471597,0.0,0.187190633,0.60392588,359.0,1018.0
0.6351861238339838,0.0,0.211272096,0.613914013,359.0,1018.0
0.6063968475036623,0.0,0.186490531,0.601400895,359.0,1018.0
0.5793280096857535,0.0,0.167534529,0.563320113,359.0,1018.0
0.5727150686502552,0.0,0.164092471,0.532405754,359.0,1018.0
0.5787484442514512,0.0,0.158811635,0.5047341365,359.0,1018.0
0.5904947483454195,0.0,0.151644574,0.48664656,359.0,1018.0
0.6022576022292387,0.007467475,0.153817607,0.456568393,359.0,1018.0
0.630326489966845,0.135746367,0.154093579,0.406520823,359.0,1018.0
0.6604545672475077,0.255776952,0.131701826,0.372858141,359.0,1018.0
0.6904821457013762,0.429114587,0.118495235,0.351048759,359.0,1018.0
0.69149706024416,0.562863022,0.116362423,0.370191523,359.0,1018.0
0.6901744629963026,0.604704841,0.096030811,0.388069033,359.0,1018.0
0.6908409318864501,0.616222099,0.095178193,0.459564489,359.0,1018.0
0.6890911329828296,0.611892883,0.100366335,0.518384644,359.0,1018.0
0.6875314836188113,0.537315932,0.107430614,0.561133284,359.0,1018.0
0.6876934271871368,0.420270185,0.109012958,0.572834702,359.0,1018.0
0.6866322563096461,0.29503318,0.107872823,0.586788632,359.0,1018.0
0.6855831797655565,0.209036654,0.098260576,0.597201997,359.0,1018.0
0.6821654777026228,0.123251817,0.082467575,0.610970375,359.0,1018.0
0.6708827750189823,0.055660423,0.086641002,0.627583655,359.0,1018.0
0.6653252342857867,0.0,0.116364308,0.640965087,359.0,1018.0
0.6579693073364752,0.0,0.1921347095,0.6719702955,359.0,1018.0
0.6497330799442231,0.0,0.292935884,0.701835507,359.0,1018.0
0.6224109404410684,0.0,0.32254323,0.746855252,359.0,1018.0
0.6017263012184904,0.0,0.353064469,0.795721879,359.0,1018.0
0.599813082067343,0.0,0.3950072975,0.849534672,359.0,1018.0
0.620712383744032,0.0,0.43200004,0.872668648,359.0,1018.0
0.6600983199643955,0.0,0.455484147,0.892578064,359.0,1018.0
0.7237099020063048,0.004299885,0.465704112,0.903140686,359.0,1018.0
0.7830664134101188,0.052513297,0.463782084,0.907100349,359.0,1018.0
0.8097773416120294,0.11134763,0.440079665,0.907795512,359.0,1018.0
0.8155985251594396,0.174129379,0.4295124,0.904539663,359.0,1018.0
0.8160505623866687,0.242280969,0.438677699,0.908373186,359.0,1018.0
0.8159491865931116,0.276051414,0.333020027,0.890745494,359.0,1018.0
0.8159396765643047,0.330553104,0.368624713,0.886951236,359.0,1018.0
0.813784373823643,0.328664107,0.389885271,0.892867883,359.0,1018.0
0.8098674542386285,0.353210047,0.392063734,0.886192382,359.0,1018.0
0.8072148727014407,0.324878532,0.380865885,0.862479405,359.0,1018.0
0.80328447350562,0.285826258,0.346536905,0.830781023,359.0,1018.0
0.8016011506843218,0.199491374,0.300956682,0.805351384,359.0,1018.0
0.7959464350610105,0.118212149,0.261094229,0.779208362,359.0,1018.0
0.7810068545481293,0.050784931,0.240074891,0.768585984,359.0,1018.0
0.7696860666780345,0.001151805,0.22140418,0.747907422,359.0,1018.0
0.7407550206604017,0.0,0.209519664,0.715034658,359.0,1018.0
0.712809575655164,0.0,0.197063891,0.676137921,359.0,1018.0
0.6508444311369439,0.0,0.183694065,0.639076711,359.0,1018.0
0.6230540967032396,0.0,0.163134957,0.631124384,359.0,1018.0
0.6018037182085006,0.0,0.14659449,0.570678835,359.0,1018.0
0.5994155642219792,0.0,0.1263476345,0.460293834,359.0,1018.0
0.6203725246240267,0.0,0.104359191,0.387832034,359.0,1018.0
0.6600527099378213,0.0,0.09412226,0.351720124,359.0,1018.0
0.723455215109935,0.00491477,0.08178185,0.288767313,359.0,1018.0
0.7830636435181211,0.098245913,0.068805362,0.238850629,359.0,1018.0
0.8098848119633564,0.248492023,0.053022385,0.209940599,359.0,1018.0
0.8157965681290016,0.383692414,0.050869951,0.204610406,359.0,1018.0
0.8160025515881861,0.527749935,0.050703392,0.196380648,359.0,1018.0
0.8158414398491157,0.5919885,0.036964166,0.175382559,359.0,1018.0
0.8164664995498494,0.541862518,0.039624193,0.181845113,359.0,1018.0
0.8148372814219913,0.522876188,0.037515952,0.177373034,359.0,1018.0
0.8111689084415381,0.513269726,0.031960182,0.158990797,359.0,1018.0
0.8097441035708682,0.504304662,0.025162502,0.125158526,359.0,1018.0
0.8070734265990236,0.439017848,0.020090843,0.089323905,359.0,1018.0
0.8055820535151418,0.333935553,0.015577703,0.060535867,359.0,1018.0
0.7982430917731996,0.214807029,0.016210109,0.042450739,359.0,1018.0
0.7807889603545106,0.092560876,0.033275283,0.037157826,359.0,1018.0
0.769635563043035,0.001269208,0.066644552,0.048137298,359.0,1018.0
0.7407552977158827,0.0,0.100194726,0.078464598,359.0,1018.0
0.7126508639589086,0.0,0.127683038,0.117963853,359.0,1018.0
0.6495986505038464,0.0,0.132619249,0.132158468,359.0,1018.0
0.6224824022627055,0.0,0.139700476,0.150662732,359.0,1018.0
0.5999198131511323,0.0,0.139110795,0.17312381599999999,359.0,1018.0
0.614937457028438,0.0,0.139703992,0.195890806,359.0,1018.0
0.6657805955159756,0.0,0.132683747,0.196456449,359.0,1018.0
0.7276677230666222,0.0055136,0.137851408,0.218704908,359.0,1018.0
0.7841522819941473,0.144333617,0.119554261,0.228423077,359.0,1018.0
0.8097622003311495,0.312645205,0.063504013,0.204036398,359.0,1018.0
0.8156435811413331,0.47858864,0.053531934,0.181893925,359.0,1018.0
0.8167033210073802,0.623952694,0.058381497,0.165663651,359.0,1018.0
0.8207787673640586,0.72707981,0.045667343,0.157350938,359.0,1018.0
0.8226611492459531,0.773356429,0.065479534,0.173389834,359.0,1018.0
0.8232701443684742,0.767588021,0.080507158,0.212905313,359.0,1018.0
0.8206653887051777,0.719318548,0.08957534,0.25355361,359.0,1018.0
0.8202316325000091,0.61625441,0.10243949,0.25953274,359.0,1018.0
0.8141193392026609,0.462601095,0.108412076,0.269880819,359.0,1018.0
0.8070100895950697,0.303841365,0.113100856,0.286627252,359.0,1018.0
0.796840168983031,0.155277859,0.12980647,0.313687675,359.0,1018.0
0.7804878792585055,0.050867489,0.168228987,0.391108194,359.0,1018.0
0.7701679258125754,0.0,0.208625872,0.469244793,359.0,1018.0
0.740805524295401,0.0,0.245472259,0.520022225,359.0,1018.0
0.7127850164763668,0.0,0.264788013,0.572609933,359.0,1018.0
0.6511177217786125,0.0,0.258863518,0.681074474,359.0,1018.0
0.6230540967032396,0.0,0.273502937,0.691069722,359.0,1018.0
0.6018037182085006,0.0,0.283140017,0.651444004,359.0,1018.0
0.599459420016762,0.0,0.284449144,0.6035916084999999,359.0,1018.0
0.6195896761929641,0.0,0.27868821,0.568391145,359.0,1018.0
0.6600046532727375,0.0,0.273688018,0.54790391,359.0,1018.0
0.7232324744338354,0.002182045,0.258816179,0.542301848,359.0,1018.0
0.7828827733486957,0.043338781,0.247742332,0.52972169,359.0,1018.0
0.8097773416120294,0.101472322,0.251503404,0.519085538,359.0,1018.0
0.8156156058286864,0.172788953,0.243430095,0.505142659,359.0,1018.0
0.8163792496089498,0.242344159,0.245558793,0.488424204,359.0,1018.0
0.8162371572646812,0.343439027,0.202583722,0.471923199,359.0,1018.0
0.816148706970968,0.391591067,0.24819114,0.469107502,359.0,1018.0
0.8139620127838104,0.386630479,0.266702443,0.456144108,359.0,1018.0
0.8093904879834193,0.444639011,0.262185445,0.44253531,359.0,1018.0
0.8070736108608028,0.41374683,0.246585547,0.437672211,359.0,1018.0
0.8032691466373366,0.35464083,0.231297727,0.446572213,359.0,1018.0
0.801576776430116,0.26407975,0.22638291,0.450797387,359.0,1018.0
0.7961833486494309,0.161721008,0.212537716,0.449595088,359.0,1018.0
0.7809965133528793,0.064779721,0.204950571,0.451317051,359.0,1018.0
0.7701205155219056,0.0,0.197080767,0.450214231,359.0,1018.0
0.7410101224771807,0.0,0.195221587,0.435697431,359.0,1018.0
0.7121062212685636,0.0,0.188277234,0.419390911,359.0,1018.0
0.6495394221398819,0.0,0.176352234,0.400773003,359.0,1018.0
0.6124169971854045,0.0,0.16560456950000002,0.3830826775,359.0,1018.0
0.6012382327933956,0.0,0.15792961649999998,0.41188781500000005,359.0,1018.0
0.6277111169807545,0.0,0.147652053,0.413358819,359.0,1018.0
0.6668353033121383,0.0,0.139125759,0.399753389,359.0,1018.0
0.7291050835879533,0.002775211,0.132345452,0.399945898,359.0,1018.0
0.7858454833678109,0.069315016,0.111878658,0.395716296,359.0,1018.0
0.817679504121858,0.145305657,0.100011991,0.377028517,359.0,1018.0
0.8187128382144427,0.22716154,0.108076266,0.340874061,359.0,1018.0
0.8169093044665647,0.322914398,0.101467923,0.299963552,359.0,1018.0
0.8163444420286046,0.380931111,0.070583336,0.261041819,359.0,1018.0
0.8163352097180908,0.448856017,0.067868532,0.258018078,359.0,1018.0
0.813933944677462,0.453386573,0.065191821,0.247535196,359.0,1018.0
0.8099993903122387,0.420744969,0.065416492,0.2349748,359.0,1018.0
0.8067569265038453,0.380885756,0.070560537,0.236717287,359.0,1018.0
0.8032691466373366,0.295314263,0.07677638,0.238635415,359.0,1018.0
0.8016284797551169,0.207254429,0.077994929,0.237992517,359.0,1018.0
0.7958398886698282,0.125701753,0.080393629,0.250626948,359.0,1018.0
0.7810283667794478,0.050895271,0.092522439,0.256644048,359.0,1018.0
0.770522188304688,0.0,0.107080348,0.236116915,359.0,1018.0
0.7418507220627567,0.0,0.117834951,0.213036808,359.0,1018.0
0.712609085583124,0.0,0.118292899,0.160780084,359.0,1018.0
0.6372592087699115,0.0,0.088911589,0.135809128,359.0,1018.0
0.608650018038267,0.0,0.093834682,0.120140755,359.0,1018.0
0.5817376298712894,0.0,0.106967844,0.118196161,401.0,1135.0
0.5764236733674688,0.0,0.11099723,0.1157702845,401.0,1135.0
0.589614724792257,0.0,0.108024761,0.12796953049999998,401.0,1135.0
0.6060227347817111,0.002766075,0.110783429,0.149047742,401.0,1135.0
0.633949345184176,0.103644587,0.103804029,0.146361324,401.0,1135.0
0.6633006679287338,0.207167539,0.084244606,0.108727882,401.0,1135.0
0.6888655296210304,0.340100379,0.086178257,0.08185949,401.0,1135.0
0.6886492056294081,0.467604029,0.090643223,0.0622678,401.0,1135.0
0.6882278672099724,0.556597243,0.095618976,0.046783945,401.0,1135.0
0.6888552812194823,0.588095556,0.099538156,0.049751572,401.0,1135.0
0.6872863531480994,0.526602903,0.102908773,0.061374668,401.0,1135.0
0.6873317783163634,0.469154448,0.099428733,0.080984843,401.0,1135.0
0.6879662559150143,0.403050053,0.093528197,0.101871745,401.0,1135.0
0.6874409103377641,0.307235375,0.09380476,0.114639189,401.0,1135.0
0.6867015480180049,0.232125598,0.093023073,0.110941247,401.0,1135.0
0.6825871389115782,0.13966582,0.093824929,0.100753173,401.0,1135.0
0.6738173254636718,0.05545779,0.104738663,0.090868322,401.0,1135.0
0.6680509392484042,0.0,0.123205409,0.087930391,401.0,1135.0
0.6614533014187954,0.0,0.1322795325,0.0835339695,401.0,1135.0
0.6355546968382206,0.0,0.111024756,0.093319369,401.0,1135.0
0.5937581709701221,0.0,0.12495766,0.0957096225,401.0,1135.0
0.5738991741814569,0.0,0.13530160949999998,0.09942885900000001,401.0,1135.0
0.5877775145861177,0.0,0.150168992,0.1161360115,401.0,1135.0
0.6019647380818064,0.001743403,0.162328684,0.124096449,401.0,1135.0
0.6333202227100542,0.080423892,0.161443716,0.128274932,401.0,1135.0
0.6598470495332813,0.160813427,0.146059225,0.112285787,401.0,1135.0
0.6854292230837046,0.27261042,0.158544526,0.118914254,401.0,1135.0
0.6880850822270013,0.360962423,0.1714959,0.123732352,401.0,1135.0
0.6881628221390939,0.419108339,0.161185529,0.116938186,401.0,1135.0
0.6894688928286664,0.445978,0.182700582,0.129833476,401.0,1135.0
0.6877695975600452,0.425398692,0.18713479,0.133945173,401.0,1135.0
0.6878368120151087,0.34448637,0.183297028,0.158053771,401.0,1135.0
0.6887222369239482,0.275276548,0.179456841,0.200435131,401.0,1135.0
0.6881366934211124,0.237941273,0.175311399,0.268167466,401.0,1135.0
0.687677408342963,0.161657769,0.16648274,0.34893811,401.0,1135.0
0.6830881102346227,0.099351806,0.15537859,0.417196846,401.0,1135.0
0.6741588467177195,0.036052985,0.172503845,0.476721985,401.0,1135.0
0.6672502714439476,0.0,0.194377881,0.516453528,401.0,1135.0
0.66071811723488,0.0,0.18939867100000002,0.5343848325,401.0,1135.0
0.6553347994937055,0.0,0.149034725,0.48265283,401.0,1135.0
0.6160151777289202,0.0,0.1443358665,0.417125795,401.0,1135.0
0.6031474356674273,0.0,0.141169219,0.379811263,401.0,1135.0
0.6244133021932251,0.0,0.136935726,0.42862406,401.0,1135.0
0.6654770215834537,0.0,0.133164733,0.455247471,401.0,1135.0
0.7289412019568852,0.001466474,0.135988613,0.461044613,401.0,1135.0
0.7887071874425517,0.048505084,0.12947644,0.47955303,401.0,1135.0
0.8133402764232244,0.156886333,0.101895671,0.496119567,401.0,1135.0
0.8158217735496504,0.268504757,0.093510123,0.494245176,401.0,1135.0
0.8149868522758104,0.33617587,0.090894089,0.477653244,401.0,1135.0
0.8156994396357367,0.392807443,0.076048216,0.476218075,401.0,1135.0
0.8176049954190234,0.43126402,0.098129982,0.52042179,401.0,1135.0
0.817023975609149,0.450550433,0.110825062,0.545344588,401.0,1135.0
0.813944285872712,0.401790004,0.116167922,0.560043017,401.0,1135.0
0.8123919764905035,0.367861275,0.116428554,0.569122543,401.0,1135.0
0.8098907209337225,0.291253664,0.11336243,0.580364091,401.0,1135.0
0.8075885237747257,0.204559119,0.102896159,0.566047976,401.0,1135.0
0.8002700588358796,0.120411178,0.106005128,0.550669401,401.0,1135.0
0.786478022240907,0.037475218,0.123863526,0.567153527,401.0,1135.0
0.7757631825458545,0.0,0.135403605,0.589182844,401.0,1135.0
0.7480941673269352,0.0,0.135912478,0.594089764,401.0,1135.0
0.7204402012580061,0.0,0.127547696,0.581284235,401.0,1135.0
0.6555906401471944,0.0,0.107326943,0.613652684,401.0,1135.0
0.6270046237146295,0.0,0.100838572,0.565808326,401.0,1135.0
0.6051914603666319,0.0,0.094054357,0.493141624,401.0,1135.0
0.6035173243869334,0.0,0.08613276,0.40926377999999997,401.0,1135.0
0.624307171252702,0.0,0.081338667,0.328284512,401.0,1135.0
0.6649140057401587,0.0,0.079889907,0.307363587,401.0,1135.0
0.7289412019568852,0.0015567,0.076961488,0.31241534,401.0,1135.0
0.7887071874425517,0.074716816,0.072309981,0.311304895,401.0,1135.0
0.8131519270814365,0.148320009,0.059068932,0.30611873,401.0,1135.0
0.8157300920466792,0.247747194,0.049642697,0.314179928,401.0,1135.0
0.8152582042582055,0.382027802,0.045912934,0.322027033,401.0,1135.0
0.8160308967500156,0.501199584,0.039744473,0.278211936,401.0,1135.0
0.8197399862811803,0.547332471,0.039384741,0.269270289,401.0,1135.0
0.8208392423451252,0.578847418,0.036256311,0.256570729,401.0,1135.0
0.8181772435728323,0.570551477,0.032399016,0.242909239,401.0,1135.0
0.815965528226805,0.523382897,0.032418611,0.235527741,401.0,1135.0
0.812672375858821,0.438387962,0.036036028,0.236369843,401.0,1135.0
0.8113386069120828,0.330180806,0.044475774,0.257568581,401.0,1135.0
0.8038330857779643,0.189231581,0.058040586,0.289711043,401.0,1135.0
0.7875396087016193,0.055632216,0.082427452,0.334516401,401.0,1135.0
0.77581257795893,0.0,0.101329516,0.368902944,401.0,1135.0
0.7479993460827835,0.0,0.101894162,0.364145948,401.0,1135.0
0.7189176209894077,0.0,0.098868095,0.348982548,401.0,1135.0
0.655196861523465,0.0,0.093714025,0.368167707,401.0,1135.0
0.6154733513605646,0.0,0.072525005,0.2900632775,401.0,1135.0
0.6029752902269669,0.0,0.0535896705,0.20583000699999998,401.0,1135.0
0.6248992702328804,0.0,0.045987577,0.172217527,401.0,1135.0
0.6652910265504421,0.0,0.044244335,0.160600965,401.0,1135.0
0.7289412019568852,0.001448763,0.043533847,0.155492493,401.0,1135.0
0.7886703483429498,0.095158597,0.045412504,0.159465699,401.0,1135.0
0.8131519270814365,0.206468972,0.03607863,0.16414147,401.0,1135.0
0.8158750470766475,0.353112597,0.030201562,0.164697682,401.0,1135.0
0.8153121240270542,0.498780862,0.029832186,0.156914473,401.0,1135.0
0.8181407743224131,0.616499428,0.029878715,0.12829134,401.0,1135.0
0.8220781443136729,0.6564925695,0.031978696,0.1067917645,401.0,1135.0
0.8190895355723942,0.663712053,0.030692479,0.116708116,401.0,1135.0
0.8177099722710215,0.582806732,0.030646382,0.140739279,401.0,1135.0
0.8143611463332252,0.466392858,0.035388656,0.172645361,401.0,1135.0
0.8120428845960158,0.349050265,0.045552209,0.205808884,401.0,1135.0
0.8046094714591048,0.191998932,0.066329393,0.24354004,401.0,1135.0
0.7880595072885757,0.047791852,0.101234824,0.273358969,401.0,1135.0
0.7762018322931672,0.0,0.130909176,0.289861227,401.0,1135.0
0.747990298034049,0.0,0.141068821,0.301241084,401.0,1135.0
0.7201695876483523,0.0,0.1429783,0.315180124,401.0,1135.0
0.6552648148815194,0.0,0.132196876,0.287778092,401.0,1135.0
0.6157055791653112,0.0,0.103706149,0.260562469,401.0,1135.0
0.6028845549877696,0.0,0.08004505749999999,0.2163118575,401.0,1135.0
0.6250998987663795,0.0,0.071511957,0.220721467,401.0,1135.0
0.6654081911923552,0.0,0.072046435,0.239630729,401.0,1135.0
0.7289503885333602,0.001293312,0.080054843,0.270571044,401.0,1135.0
0.7886703483429498,0.101074508,0.078680733,0.292700506,401.0,1135.0
0.8134087833619911,0.199285327,0.055689238,0.297863,401.0,1135.0
0.816311573173814,0.307825754,0.050276896,0.30257687,401.0,1135.0
0.8150873975657368,0.416394081,0.053571085,0.294369024,401.0,1135.0
0.815189050414775,0.520015058,0.05176572,0.27487246,401.0,1135.0
0.8143612845295596,0.567666538,0.057407638999999996,0.26839051,401.0,1135.0
0.8102593863339739,0.505459971,0.055050054,0.277675036,401.0,1135.0
0.8090325323019764,0.410077911,0.057529214,0.30927546,401.0,1135.0
0.8054888946038762,0.336334856,0.065254631,0.347237736,401.0,1135.0
0.8041211492432356,0.20651543,0.076641418,0.370185243,401.0,1135.0
0.7978676868989514,0.121297368,0.093259918,0.352223948,401.0,1135.0
0.7861200665594641,0.024521537,0.117768077,0.317974882,401.0,1135.0
0.7762074642080524,0.0,0.136843439,0.302219464,401.0,1135.0
0.7483172771894054,0.0,0.143826375,0.289391066,401.0,1135.0
0.7187780214816557,0.0,0.14291995,0.278826733,401.0,1135.0
0.6530410046055601,0.0,0.121883657,0.259700736,401.0,1135.0
0.625782109776626,0.0,0.116306638,0.262093259,401.0,1135.0
0.6020866109435847,0.0,0.113349587,0.261046973,401.0,1135.0
0.6159711142419485,0.0,0.109765272,0.308842326,401.0,1135.0
0.6675003418536544,0.0,0.109128755,0.31422937,401.0,1135.0
0.7298230258072839,0.0,0.109299435,0.318539811,401.0,1135.0
0.789400570483085,0.03667043,0.109969711,0.342391676,401.0,1135.0
0.8148843682603292,0.126753677,0.109920416,0.381675505,401.0,1135.0
0.8178913044205192,0.223770319,0.108837452,0.419452336,401.0,1135.0
0.816645708049201,0.309780518,0.112305718,0.45714829,401.0,1135.0
0.81602535696602,0.419789717,0.097760575,0.424737872,401.0,1135.0
0.8157382167980812,0.452766176,0.132663643,0.402829902,401.0,1135.0
0.8133271659987888,0.497511231,0.163633497,0.46694066,401.0,1135.0
0.809533411494131,0.506656072,0.196592639,0.544828309,401.0,1135.0
0.8071137739633645,0.467547176,0.225125037,0.624843492,401.0,1135.0
0.8045925750516371,0.394207366,0.232201461,0.669550964,401.0,1135.0
0.803891067922514,0.285729888,0.231650378,0.736562961,401.0,1135.0
0.7987327992664737,0.165115401,0.198163581,0.766794125,401.0,1135.0
0.7876965659340991,0.036775737,0.184030923,0.753431043,401.0,1135.0
0.7796566511739959,0.0,0.176069012,0.737141307,401.0,1135.0
0.7496389975367811,0.0,0.172051332,0.74373849,401.0,1135.0
0.7207369893196802,0.0,0.171927761,0.740178997,401.0,1135.0
0.635834404296929,0.0,0.191417603,0.804090703,401.0,1135.0
0.60787132437892,0.0,0.19073226,0.763084061,401.0,1135.0
0.5804345597986259,0.0,0.190985468,0.706544502,401.0,1135.0
0.5744656521577649,0.0,0.2017858265,0.678552018,401.0,1135.0
0.5839281097763542,0.0,0.207338773,0.70355592,401.0,1135.0
0.591999785765855,0.0,0.212197351,0.722502908,401.0,1135.0
0.6015097461042693,0.0,0.211298587,0.734603058,401.0,1135.0
0.6325620720518106,0.107604444,0.203047159,0.767903709,401.0,1135.0
0.6610363254301235,0.255300475,0.174705174,0.789211182,401.0,1135.0
0.6901899277295143,0.418408335,0.192230599,0.816498736,401.0,1135.0
0.6888403705972325,0.556247255,0.202389917,0.825001799,401.0,1135.0
0.6887621223082167,0.656282479,0.189567823,0.763221047,401.0,1135.0
0.6890777918997639,0.6434835,0.187495197,0.755580582,401.0,1135.0
0.6870984193895329,0.583369751,0.178078045,0.751771016,401.0,1135.0
0.6869646824552962,0.538353312,0.16380755,0.755142908,401.0,1135.0
0.6875168957860811,0.483655164,0.148727639,0.755037064,401.0,1135.0
0.6869675908750345,0.414576083,0.136566887,0.748389016,401.0,1135.0
0.6861296690505666,0.281873037,0.110825286,0.731937816,401.0,1135.0
0.6825844618132823,0.159308811,0.083602531,0.700643608,401.0,1135.0
0.6740068287614224,0.019458261,0.069652446,0.664811751,401.0,1135.0
0.6695783431324642,0.0,0.058626237,0.6431016515,401.0,1135.0
0.6556958015923776,0.0,0.062405185,0.623689637,401.0,1135.0
0.6354327778447162,0.0,0.078657201,0.669118989,401.0,1135.0
0.6065838115680452,0.0,0.093647434,0.690607317,401.0,1135.0
0.5752644271364085,0.0,0.1114384115,0.6613819105000001,401.0,1135.0
0.5770435861329715,0.0,0.120326287,0.6242712415,401.0,1135.0
0.5908940666205819,0.0,0.119046486,0.582867458,401.0,1135.0
0.5998880062208367,0.0,0.114807334,0.53736388,401.0,1135.0
0.631743815863996,0.079086743,0.109004098,0.522767957,401.0,1135.0
0.6590350255030398,0.208581091,0.082975482,0.521358191,401.0,1135.0
0.6853507905329095,0.325572821,0.055379673,0.535752716,401.0,1135.0
0.6878406901290305,0.462978465,0.056348819,0.542370809,401.0,1135.0
0.6886704408052455,0.599998424,0.043295919,0.478108499,401.0,1135.0
0.6908123560659907,0.717823467,0.049915392,0.490206602,401.0,1135.0
0.6911342116833852,0.727855996,0.053616407,0.493882923,401.0,1135.0
0.6931689800451353,0.684652392,0.056890306,0.490014465,401.0,1135.0
0.6945371880486603,0.617490226,0.055383218,0.481411978,401.0,1135.0
0.6936531941512646,0.504946687,0.048088704,0.461103251,401.0,1135.0
0.6925635402470162,0.361904465,0.038469403,0.431105636,401.0,1135.0
0.6869451089495325,0.205709952,0.036076419,0.422152003,401.0,1135.0
0.6741795741794459,0.031706518,0.044160466,0.433607466,401.0,1135.0
0.6674382509365526,0.0,0.059244727,0.462415113,401.0,1135.0
0.660231572184103,0.0,0.0848906925,0.5347481439999999,401.0,1135.0
0.6395060548503504,0.0,0.1138486925,0.5959382375,401.0,1135.0
0.6044181216992514,0.0,0.11571464,0.549009623,401.0,1135.0
0.6028670126698565,0.0,0.1192381635,0.5054754180000001,401.0,1135.0
0.6267631862344043,0.0,0.120164441,0.444067832,401.0,1135.0
0.6676688863682363,0.0,0.119151083,0.427834178,401.0,1135.0
0.7303757932490308,0.0,0.123278508,0.426966881,401.0,1135.0
0.7899008949014655,0.076941721,0.118014474,0.353881729,401.0,1135.0
0.8140379982321275,0.194901941,0.100207189,0.342938047,401.0,1135.0
0.816311573173814,0.326174545,0.069594473,0.364788927,401.0,1135.0
0.8150079031898686,0.4259367,0.072314789,0.417926901,401.0,1135.0
0.8160995886133735,0.507956764,0.060722063,0.421185117,401.0,1135.0
0.8186098000879996,0.533746895,0.085952761,0.471305387,401.0,1135.0
0.8177777408370469,0.551410827,0.118880564,0.482010099,401.0,1135.0
0.8147407063768762,0.506251296,0.134565813,0.468486637,401.0,1135.0
0.8123919764905035,0.41327203,0.134719115,0.48277816,401.0,1135.0
0.8090427807035244,0.291768715,0.127663753,0.515887775,401.0,1135.0
0.8069549694734073,0.167567998,0.106285807,0.514556167,401.0,1135.0
0.7988745224243717,0.069147771,0.09540012,0.494687038,401.0,1135.0
0.7858309883287826,0.01038079,0.088133583,0.46888017,401.0,1135.0
0.7761915838916191,0.0,0.090092946,0.474405336,401.0,1135.0
0.7483677808244049,0.0,0.090993292,0.478545936,401.0,1135.0
0.7186907715407562,0.0,0.099384049,0.506880959,401.0,1135.0
0.6533472563654714,0.0,0.144825193,0.55012419,401.0,1135.0
0.6258875482772904,0.0,0.137287593,0.548219684,401.0,1135.0
0.6043561697075776,0.0,0.144896769,0.566011705,401.0,1135.0
0.6004095666104293,0.0,0.156653013,0.631902019,401.0,1135.0
0.6151000926389351,0.0,0.17679720399999999,0.6806929205000001,401.0,1135.0
0.6664738400287684,0.0,0.207337632,0.767357599,401.0,1135.0
0.729057534769543,0.0,0.240077953,0.816471399,401.0,1135.0
0.7884606716944348,0.051420805,0.2743884,0.830954397,401.0,1135.0
0.8134087833619911,0.158221664,0.287799749,0.840373833,401.0,1135.0
0.8158434707055602,0.299705165,0.331045617,0.849876237,401.0,1135.0
0.8153056609457261,0.428197333,0.377764827,0.886530633,401.0,1135.0
0.8188908463609808,0.530423962,0.303938347,0.882869459,401.0,1135.0
0.823372997570326,0.585544701,0.356650136,0.888033863,401.0,1135.0
0.8241286087300771,0.620570477,0.388145528,0.919728781,401.0,1135.0
0.8215188680565592,0.592702313,0.402191469,0.923497943,401.0,1135.0
0.8206853313973119,0.527761004,0.39855041,0.914790316,401.0,1135.0
0.8186714747590674,0.430608889,0.373451728,0.903039881,401.0,1135.0
0.8160793688657584,0.296606778,0.319914924,0.879673324,401.0,1135.0
0.8073299136932075,0.151987564,0.278823028,0.809579443,401.0,1135.0
0.792223496069857,0.01663152,0.268196495,0.714955534,401.0,1135.0
0.7778540407234505,0.0,0.253773074,0.650490828,401.0,1135.0
0.7490298181524808,0.0,0.239904922,0.614158321,401.0,1135.0
0.7231740309720256,0.0,0.2211831,0.578986248,401.0,1135.0
0.6617162282633198,0.0,0.224535574,0.658568145,401.0,1135.0
0.6289768404385486,0.0,0.198924129,0.608641039,401.0,1135.0
0.6040485561338116,0.0,0.177892585,0.5261181945,401.0,1135.0
0.6153632734067962,0.0,0.155489611,0.403305813,401.0,1135.0
0.6652910265504421,0.0,0.155928496,0.427219862,401.0,1135.0
0.7291333359560809,0.0,0.161851072,0.463118876,401.0,1135.0
0.7886703483429498,0.082717403,0.163630514,0.522352651,401.0,1135.0
0.8135399817256723,0.211474389,0.139460959,0.601228599,401.0,1135.0
0.8155037039152879,0.336427199,0.127563198,0.57657896,401.0,1135.0
0.8155600243897639,0.436047135,0.136989407,0.469415317,401.0,1135.0
0.8177212361007917,0.512566124,0.098248292,0.414340876,401.0,1135.0
0.8190033938534187,0.529479515,0.117804276,0.398472514,401.0,1135.0
0.8162873838441995,0.517771582,0.127299188,0.40151687,401.0,1135.0
0.8112063937829916,0.468758671,0.124687629,0.391574767,401.0,1135.0
0.8076197309594424,0.411232623,0.119801683,0.389874096,401.0,1135.0
0.8044701483440216,0.319006974,0.114722681,0.396776874,401.0,1135.0
0.8041655589832775,0.212886218,0.102970464,0.391178466,401.0,1135.0
0.799310310148797,0.106682699,0.110876407,0.375586912,401.0,1135.0
0.7876965659340991,0.007790982,0.123947504,0.333979946,401.0,1135.0
0.778084675492322,0.0,0.124013799,0.297197941,401.0,1135.0
0.7494623746676481,0.0,0.111901879,0.260969405,401.0,1135.0
0.719908853916688,0.0,0.091061545,0.232232192,401.0,1135.0
0.6525434956143724,0.0,0.05942993,0.160764242,401.0,1135.0
0.6253457680075201,0.0,0.058238748,0.145111239,401.0,1135.0
0.6039210743567299,0.0,0.059043173,0.112592858,401.0,1135.0
0.603737941909996,0.0,0.057685597000000005,0.08211656149999999,401.0,1135.0
0.6288497510462631,0.0,0.047484706,0.060800812,401.0,1135.0
0.6702455739251845,0.0,0.042816933,0.056160807,401.0,1135.0
0.7327005174047562,0.0,0.042430918,0.055605399,401.0,1135.0
0.791928600999699,0.048659886,0.043197171,0.061198141,401.0,1135.0
0.8202616386691001,0.116952723,0.037550094,0.071581015,401.0,1135.0
0.8240239089335601,0.196751317,0.028853964,0.083765112,401.0,1135.0
0.8229606608027741,0.299989774,0.027224246,0.095508733,401.0,1135.0
0.8210858502241317,0.345703168,0.026258237,0.093814869,401.0,1135.0
0.8195718566870076,0.378393327,0.025490701,0.110752114,401.0,1135.0
0.8161580320751836,0.372395827,0.02686535,0.130791446,401.0,1135.0
0.811599894754709,0.34456479,0.030695288,0.145587437,401.0,1135.0
0.8085973908194027,0.318540322,0.033975281,0.143636698,401.0,1135.0
0.8060563420092428,0.246080908,0.036901781,0.144819014,401.0,1135.0
0.8050700954178082,0.154814446,0.035926942,0.152061916,401.0,1135.0
0.8004215690780657,0.086345061,0.040813276,0.151175305,401.0,1135.0
0.7895185649658167,0.010346768,0.048886139,0.147043585,401.0,1135.0
0.7797711373919886,0.0,0.054074918,0.145366482,401.0,1135.0
0.7518724564355691,0.0,0.054210141,0.155665927,401.0,1135.0
0.7204203042999107,0.0,0.050661085,0.180070133,401.0,1135.0
0.654587728072047,0.0,0.048032577,0.205590354,401.0,1135.0
0.6282368321420627,0.0,0.042813116,0.230119117,401.0,1135.0
0.6077822279759177,0.0,0.040424213,0.260698969,401.0,1135.0
0.607280910432944,0.0,0.043138613,0.293556013,401.0,1135.0
0.635718902054183,0.0,0.045481088,0.335628887,401.0,1135.0
0.6755336092706502,0.0,0.047068972,0.364337175,401.0,1135.0
0.7383370447997089,0.0,0.048323692,0.38843676,401.0,1135.0
0.7998363947616006,0.04557135,0.048906317,0.408440636,401.0,1135.0
0.8286033742235739,0.134265126,0.043293624,0.426845393,401.0,1135.0
0.8218609427587568,0.244734547,0.032906925,0.432156141,401.0,1135.0
0.8174813683585944,0.35442592,0.034169096,0.453138945,401.0,1135.0
0.8159378299696395,0.452610584,0.033224164,0.482636003,401.0,1135.0
0.8156809736890848,0.520434583,0.042750729,0.525500027,401.0,1135.0
0.8133271659987888,0.487013981,0.04848339,0.541554481,401.0,1135.0
0.8095380279807941,0.41973139,0.052343597,0.544086703,401.0,1135.0
0.8073611202151122,0.349865217,0.055683227,0.555592762,401.0,1135.0
0.8049063052548174,0.273366443,0.057201846,0.559526476,401.0,1135.0
0.8042518849640322,0.172665053,0.054794491,0.542133037,401.0,1135.0
0.7991398733055112,0.089985621,0.055400632,0.555610299,401.0,1135.0
0.7885594625205857,0.007013987,0.063744653,0.56029117,401.0,1135.0
0.7797186950314344,0.0,0.073494109,0.573257077,401.0,1135.0
0.7499873510585277,0.0,0.082042982,0.590925761,401.0,1135.0
0.7196236067402654,0.0,0.093068426,0.618878996,401.0,1135.0
0.6356041384493033,0.0,0.1252561,0.674011078,401.0,1135.0
0.6072087792704517,0.0,0.128095451,0.696426107,401.0,1135.0
0.580218050816131,0.0,0.142601507,0.714089905,401.0,1135.0
0.573649657982134,0.0,0.1589201905,0.7141615729999999,401.0,1135.0
0.5833661096926875,0.0,0.178191128,0.686814879,401.0,1135.0
0.5924694579058555,0.0,0.186635546,0.658550783,401.0,1135.0
0.6015081764988038,0.0,0.191852327,0.69133254,401.0,1135.0
0.6333202227100542,0.063263671,0.185573548,0.679780338,401.0,1135.0
0.6609498141933713,0.197516811,0.149782611,0.636853424,401.0,1135.0
0.6893109195051521,0.357230275,0.162575556,0.6155315,401.0,1135.0
0.6889268357685399,0.481885429,0.182911442,0.599247174,401.0,1135.0
0.688876747716762,0.606485186,0.142275706,0.537987993,401.0,1135.0
0.6889092009883311,0.571166334,0.17016402,0.590212585,401.0,1135.0
0.6872208003631096,0.53558193,0.184791088,0.590123348,401.0,1135.0
0.6869620974878898,0.454113026,0.193399771,0.576767743,401.0,1135.0
0.6875142186877852,0.368537115,0.191099745,0.560353402,401.0,1135.0
0.686807817353706,0.30619238,0.180210109,0.527250621,401.0,1135.0
0.686209624743695,0.212497141,0.142336419,0.48183554,401.0,1135.0
0.683129103840815,0.119881483,0.109774291,0.429061969,401.0,1135.0
0.6751324905988297,0.006872499,0.092915952,0.386274906,401.0,1135.0
0.6717717542580055,0.0,0.079302859,0.333133952,401.0,1135.0
0.6598999534099393,0.0,0.072454514,0.286653854,401.0,1135.0
0.6375404395697969,0.0,0.064530627,0.242975702,401.0,1135.0
0.6086555577559813,0.0,0.06140945,0.235753678,401.0,1135.0
0.581325570358062,0.0,0.061919527,0.261525595,401.0,1135.0
0.5753462065903233,0.0,0.0721818375,0.31779324649999996,401.0,1135.0
0.5879467516731209,0.0,0.0903489865,0.41211594949999997,401.0,1135.0
0.6029006662279579,0.0,0.103046607,0.520311139,401.0,1135.0
0.6340770346865872,0.080685423,0.103867894,0.573169643,401.0,1135.0
0.6612168265457408,0.252924186,0.08278434,0.592030997,401.0,1135.0
0.6870823548113204,0.427682198,0.060285851,0.60057224,401.0,1135.0
0.6880850822270013,0.586254368,0.063348282,0.612193254,401.0,1135.0
0.6883507558976603,0.699615834,0.061642253,0.608439083,401.0,1135.0
0.6895464484789797,0.740558238,0.072565079,0.631483855,401.0,1135.0
0.6879390189751089,0.732841903,0.083956813,0.659025951,401.0,1135.0
0.6879251701779322,0.66638856,0.087420175,0.681696012,401.0,1135.0
0.6887914365014173,0.581822064,0.083606276,0.674622755,401.0,1135.0
0.6882421315903706,0.471101659,0.076352385,0.645624856,401.0,1135.0
0.6878155768392713,0.305152788,0.058956559,0.608752403,401.0,1135.0
0.6829724236638163,0.140382892,0.062652979,0.606687349,401.0,1135.0
0.6740573317336096,0.006800616,0.077635015,0.62891865,401.0,1135.0
0.6689854593164126,0.0,0.1014066825,0.67841701,401.0,1135.0
0.6573291286916312,0.0,0.119980138,0.738411298,401.0,1135.0
0.6532462034277151,0.0,0.124684886,0.79064311,401.0,1135.0
0.6275419722234845,0.0,0.126535391,0.7691791,401.0,1135.0
0.6052502963458002,0.0,0.1263451655,0.725861008,401.0,1135.0
0.6089105674418708,0.0,0.126897555,0.673251515,401.0,1135.0
0.6346720881519486,0.0,0.123670309,0.61744848,401.0,1135.0
0.674612961198244,0.0,0.118306642,0.58823578,401.0,1135.0
0.73754971874113,0.0,0.114705668,0.553992367,401.0,1135.0
0.7958386883170147,0.079491394,0.114663202,0.520151526,401.0,1135.0
0.8171671761753416,0.258162953,0.097227411,0.493026736,401.0,1135.0
0.8163723252103615,0.443844983,0.051296159,0.461162661,401.0,1135.0
0.8149868522758104,0.60243892,0.04289009,0.43629322,401.0,1135.0
0.8187926089829797,0.730601564,0.03377753,0.394691168,401.0,1135.0
0.8237280905660695,0.809599916,0.04254398,0.404745545,401.0,1135.0
0.8235926455649082,0.829144568,0.05196387,0.403420256,401.0,1135.0
0.8215156368473012,0.788596389,0.052465786,0.386426136,401.0,1135.0
0.8222402264097389,0.696261915,0.043575933,0.358116938,401.0,1135.0
0.8196039871690568,0.554581311,0.036048013,0.329263718,401.0,1135.0
0.8162639322245141,0.375897272,0.023600802,0.265297449,401.0,1135.0
0.8066140029931337,0.180118529,0.024351919,0.251633833,401.0,1135.0
0.7861772175375707,0.006830895,0.035707621,0.278103722,401.0,1135.0
0.776333122787738,0.0,0.058811039,0.329899295,401.0,1135.0
0.7486860811173972,0.0,0.09380833,0.395422223,401.0,1135.0
0.7192196260455576,0.0,0.136254823,0.459503349,401.0,1135.0
0.6529376896887608,0.0,0.169963785,0.507941145,401.0,1135.0
0.6257080165907317,0.0,0.196584715,0.542138384,401.0,1135.0
0.6044181216992514,0.0,0.2134539,0.591577567,401.0,1135.0
0.6029740900067158,0.0,0.2267167135,0.668200475,401.0,1135.0
0.6250164343445437,0.0,0.23590777,0.738064611,401.0,1135.0
0.6654081911923552,0.0,0.244678774,0.759259652,401.0,1135.0
0.7291333359560809,0.0,0.254779858,0.774020771,401.0,1135.0
0.7886222460763898,0.079659955,0.260545125,0.782629822,401.0,1135.0
0.8133019605781401,0.282959279,0.240105867,0.788727709,401.0,1135.0
0.8175821900411897,0.480379608,0.190189567,0.795742817,401.0,1135.0
0.8239373058973243,0.647387334,0.170667419,0.804150777,401.0,1135.0
0.8296564660837015,0.765600375,0.133999093,0.797170695,401.0,1135.0
0.840316370581683,0.833972946,0.169061797,0.822622724,401.0,1135.0
0.8425515375473955,0.834948124,0.205170307,0.842158307,401.0,1135.0
0.8390196249963259,0.789687691,0.229409346,0.854410505,401.0,1135.0
0.8348403093467612,0.682366268,0.236924074,0.857642949,401.0,1135.0
0.830543183476244,0.531913085,0.220007082,0.864282139,401.0,1135.0
0.8252950799118977,0.356201093,0.203986639,0.868502962,401.0,1135.0
0.8102516307689426,0.167636944,0.222227217,0.872989769,401.0,1135.0
0.7915664908116653,0.004824642,0.251927047,0.88538846,401.0,1135.0
0.7770875342574877,0.0,0.269220869,0.879045544,401.0,1135.0
0.7481978510324179,0.0,0.265955682,0.872252392,401.0,1135.0
0.7197879039545549,0.0,0.243421963,0.845163503,401.0,1135.0
0.6541689748188615,0.0,0.212607254,0.795242263,401.0,1135.0
0.6261966621263703,0.0,0.193304266,0.750570256,401.0,1135.0
0.6045493196652452,0.0,0.182778997,0.730044872,401.0,1135.0
0.6029677193545427,0.0,0.1607160915,0.7234391355,401.0,1135.0
0.6246679887581887,0.0,0.138580106,0.712213338,401.0,1135.0
0.6658736622963517,0.0,0.131513225,0.717138792,401.0,1135.0
0.729057534769543,0.0,0.133515892,0.732038219,401.0,1135.0
0.7888624830049576,0.061745975,0.135211474,0.742234382,401.0,1135.0
0.8135399817256723,0.230630623,0.1247261,0.72058741,401.0,1135.0
0.8159234270615008,0.391372189,0.095319384,0.697050097,401.0,1135.0
0.8186353746950189,0.572327799,0.116292229,0.713250453,401.0,1135.0
0.8235281082081407,0.709265582,0.130708535,0.724126935,401.0,1135.0
0.8265782530927469,0.783081854,0.190833657,0.747717826,401.0,1135.0
0.8260582623749009,0.782147729,0.238607461,0.748452343,401.0,1135.0
0.82572246582944,0.704607398,0.254937033,0.747700526,401.0,1135.0
0.8245154630214994,0.595903193,0.255109986,0.751383245,401.0,1135.0
0.8216706553542261,0.474529632,0.240465199,0.741955601,401.0,1135.0
0.8186683356806991,0.328902711,0.207771234,0.754414423,401.0,1135.0
0.8062293644827473,0.163818262,0.197482082,0.76995176,401.0,1135.0
0.7905951091084418,0.004168343,0.219992606,0.79806842,401.0,1135.0
0.7770345377859714,0.0,0.244142515,0.831342312,401.0,1135.0
0.7482796539830235,0.0,0.25846857,0.855889983,401.0,1135.0
0.7206338126654964,0.0,0.262490612,0.863686134,401.0,1135.0
0.6585628605265226,0.0,0.285015787,0.86371697,401.0,1135.0
0.6285079992661475,0.0,0.268238357,0.853886412,401.0,1135.0
0.60519626144648,0.0,0.248873386,0.850624368,401.0,1135.0
0.601138910988427,0.0,0.226899627,0.847894938,401.0,1135.0
0.6057501827779085,0.0,0.204706873,0.831094394,401.0,1135.0
0.6249763640356838,0.0,0.190598613,0.824525912,401.0,1135.0
0.6654081911923552,0.0,0.182610415,0.815661531,401.0,1135.0
0.7287316174392598,0.0,0.185948289,0.783298534,401.0,1135.0
0.7888709769427302,0.049112619,0.189637817,0.748858556,401.0,1135.0
0.8133310434498985,0.203913821,0.174440451,0.745609941,401.0,1135.0
0.8157422791737822,0.365818105,0.145179629,0.767200158,401.0,1135.0
0.8164845956473185,0.525544453,0.18115058,0.796835307,401.0,1135.0
0.82053816124912,0.645935485,0.185994724,0.739741139,401.0,1135.0
0.8240204006688212,0.680006259,0.233463646,0.775560891,401.0,1135.0
0.8241079276652017,0.671058238,0.270050203,0.830383453,401.0,1135.0
0.8233585939993752,0.623060756,0.275597794,0.849208856,401.0,1135.0
0.8228413731735269,0.567885621,0.263524717,0.836384132,401.0,1135.0
0.8200008121437341,0.454073689,0.216880159,0.785473399,401.0,1135.0
0.8162639322245141,0.3165926,0.164180956,0.712396428,401.0,1135.0
0.8066167728851315,0.14990027,0.13603132,0.652900952,401.0,1135.0
0.7890128850252197,0.003057697,0.145203577,0.617452715,401.0,1135.0
0.7764574882209082,0.0,0.173077654,0.625398825,401.0,1135.0
0.7482321972955029,0.0,0.205713766,0.673455421,401.0,1135.0
0.7208416427193464,0.0,0.258134744,0.746525898,401.0,1135.0
0.6597256383201692,0.0,0.314326576,0.796878528,401.0,1135.0
0.6314985928647071,0.0,0.356421759,0.824270339,401.0,1135.0
0.611568826760545,0.0,0.398610801,0.850261967,401.0,1135.0
0.6065203823006393,0.0,0.4353165,0.879262033,401.0,1135.0
0.610498607635476,0.0,0.468720046,0.901403128,401.0,1135.0
0.6286572935284541,0.0,0.497598797,0.917451057,401.0,1135.0
0.6656890525407451,0.0,0.529453779,0.926149129,401.0,1135.0
0.7275532825826682,0.0,0.561611442,0.925664162,401.0,1135.0
0.787764242369235,0.051383197,0.592903534,0.91434755,401.0,1135.0
0.8132723229326075,0.189707949,0.609739927,0.934303524,401.0,1135.0
0.8157212289225362,0.288870028,0.556239213,0.936374221,401.0,1135.0
0.814812722243194,0.363573189,0.601157168,0.93682025,401.0,1135.0
0.8148014577506115,0.406030926,0.573414557,0.936555147,401.0,1135.0
0.814959892391386,0.430086846,0.639381161,0.936548852,401.0,1135.0
0.8129508371643958,0.388106958,0.681504489,0.934759228,401.0,1135.0
0.8094279733248729,0.373913049,0.704274236,0.934506609,401.0,1135.0
0.8071661235302168,0.299501891,0.708916861,0.936519933,401.0,1135.0
0.804990046930978,0.255296421,0.684562938,0.935616274,401.0,1135.0
0.8081289191647782,0.16418406,0.671490294,0.936207039,401.0,1135.0
0.8055001584336464,0.08673392,0.645164165,0.935415214,401.0,1135.0
0.7958644478486255,0.002336906,0.626394442,0.93556808,401.0,1135.0
0.7837951574791473,0.0,0.626449529,0.936840399,401.0,1135.0
0.7523877385358626,0.0,0.613638688,0.93518722,401.0,1135.0
0.7204414937417093,0.0,0.596787667,0.928807342,401.0,1135.0
0.6361995150355905,0.0,0.595748915,0.917657363,401.0,1135.0
0.6080950349480467,0.0,0.580427948,0.916502845,401.0,1135.0
0.5804345597986259,0.0,0.564983225,0.899071556,401.0,1135.0
0.5743843112535127,0.0,0.5329713995,0.9059185599999999,401.0,1135.0
0.5878344578388949,0.0,0.4734778395,0.8898145705,401.0,1135.0
0.6018591149216755,0.0,0.432415779,0.880366931,401.0,1135.0
0.6336762392019739,0.040656187,0.394766663,0.872320956,401.0,1135.0
0.664452366353233,0.144130314,0.400921076,0.868816642,401.0,1135.0
0.695039959569519,0.279977437,0.464999881,0.872047576,401.0,1135.0
0.6967466412168009,0.37213665,0.475932892,0.875641636,401.0,1135.0
0.6935626202074053,0.457267705,0.386947045,0.870841873,401.0,1135.0
0.6921109482460128,0.460819089,0.398983655,0.851731567,401.0,1135.0
0.6924749285585432,0.3938889585,0.42078129799999997,0.853854625,401.0,1135.0
0.6967239286326689,0.288788127,0.417295749,0.849705384,401.0,1135.0
0.6978179683649501,0.203188209,0.378609985,0.818740271,401.0,1135.0
0.7001675751518046,0.114625402,0.320436872,0.772042859,401.0,1135.0
0.7001248270818365,0.045480234,0.26723262,0.728000114,401.0,1135.0
0.6918466134559079,0.0,0.235608921,0.676892087,401.0,1135.0
0.6800458359129569,0.0,0.217970978,0.610949442,401.0,1135.0
0.6620924645028547,0.0,0.213170194,0.549787544,401.0,1135.0
0.6377021980809685,0.0,0.224701297,0.508812348,401.0,1135.0
0.5949106080987685,0.0,0.213701403,0.472533926,401.0,1135.0
0.5745339979006154,0.0,0.2147058025,0.40402030099999997,401.0,1135.0
0.5879453436943997,0.0,0.202993747,0.336600051,401.0,1135.0
0.6018322474995469,0.0,0.202147302,0.300938107,401.0,1135.0
0.633876867735473,0.015623393,0.20825255,0.290595563,401.0,1135.0
0.6666852247442081,0.029072934,0.209938821,0.287549754,401.0,1135.0
0.7005256229641372,0.053649842,0.208372274,0.279998407,401.0,1135.0
0.7044280468473112,0.088625956,0.219260241,0.280177363,401.0,1135.0
0.7039500651638799,0.116372907,0.20985076,0.255447547,401.0,1135.0
0.7048375673260145,0.124721208,0.258485345,0.303286644,401.0,1135.0
0.7050749886285461,0.118075705,0.316760116,0.37390065,401.0,1135.0
0.7074535404222305,0.106818765,0.361477298,0.504881273,401.0,1135.0
0.7097120662139268,0.116817942,0.404266622,0.552895238,401.0,1135.0
0.7119899805867953,0.096563219,0.450539191,0.62953245,401.0,1135.0
0.7122474831092016,0.066611663,0.506949944,0.70565884,401.0,1135.0
0.7111520123654765,0.025628549,0.535850194,0.771460297,401.0,1135.0
0.7006190589308839,0.0,0.556083615,0.82711006,401.0,1135.0
0.6887779104937602,0.0,0.562395238,0.861818816,401.0,1135.0
0.678528404037776,0.0,0.580280896,0.889629676,401.0,1135.0
0.6598577595834957,0.0,0.566713458,0.899873816,401.0,1135.0
0.6573363302782631,0.0,0.503422834,0.90064597,401.0,1135.0
0.6215654937101993,0.0,0.479769961,0.9064931615,401.0,1135.0
0.6126433852505146,0.0,0.5018340215,0.905563216,401.0,1135.0
0.6409473859810397,0.0,0.526667563,0.903999866,401.0,1135.0
0.6822882735966089,0.0,0.531538636,0.906472113,401.0,1135.0
0.7459150437802176,0.0,0.528122078,0.907821701,401.0,1135.0
0.8068930177468584,0.034942195,0.528598248,0.901935147,401.0,1135.0
0.8397137464096003,0.190997574,0.513814637,0.890086338,401.0,1135.0
0.8377887092514394,0.348777715,0.535829663,0.881203849,401.0,1135.0
0.8335597211333184,0.492379795,0.55396212,0.875990136,401.0,1135.0
0.8315898129178556,0.559734218,0.468196238,0.855000347,401.0,1135.0
0.8285867548715872,0.672775306,0.477351069,0.845382965,401.0,1135.0
0.8238346369572517,0.62191176,0.492922235,0.841255543,401.0,1135.0
0.8216648385147497,0.577629392,0.519792796,0.85184656,401.0,1135.0
0.8188396964841298,0.484390817,0.54277062,0.852028137,401.0,1135.0
0.8186993579408244,0.381193059,0.532312147,0.847765168,401.0,1135.0
0.8207538389988909,0.237275977,0.4862559,0.8451998,401.0,1135.0
0.8205821090090896,0.117721869,0.43433123,0.836109735,401.0,1135.0
0.8093701761049145,0.001222488,0.381326928,0.813679851,401.0,1135.0
0.7905890152134842,0.0,0.345203408,0.776115145,401.0,1135.0
0.7520600203449528,0.0,0.311719956,0.73221595,401.0,1135.0
0.7187601096459659,0.0,0.295547465,0.687954152,401.0,1135.0
0.662917229771161,0.0,0.225689314,0.58217087,401.0,1135.0
0.644242246283386,0.0,0.223381112,0.519293197,401.0,1135.0
0.6317714218577095,0.0,0.2110228,0.457485134,401.0,1135.0
0.6346267781804372,0.0,0.19480559349999998,0.377420346,401.0,1135.0
0.6601582869662261,0.0,0.182932035,0.331612428,401.0,1135.0
0.7030501452160122,0.0,0.178485872,0.316391112,401.0,1135.0
0.7583288088947084,0.0,0.17124129,0.291383438,401.0,1135.0
0.8141335578490203,0.0412256,0.153475423,0.246295284,401.0,1135.0
0.844308075925013,0.229455543,0.120394903,0.205721825,401.0,1135.0
0.8405583619740264,0.401452749,0.102534706,0.173172375,401.0,1135.0
0.8341882897616032,0.578139563,0.110255072,0.160499738,401.0,1135.0
0.8306195387737437,0.685827041,0.083145973,0.120687918,401.0,1135.0
0.8237367694284335,0.69239254,0.087395172,0.138485741,401.0,1135.0
0.8216451728780964,0.606950457,0.088109454,0.147103164,401.0,1135.0
0.8174815526203736,0.512919658,0.088029489,0.155700985,401.0,1135.0
0.8142136063358505,0.449965513,0.086411288,0.18461095,401.0,1135.0
0.8122029809068639,0.356077488,0.086884215,0.230303454,401.0,1135.0
0.8126129169687888,0.249278092,0.075004193,0.243836889,401.0,1135.0
0.8179030295675498,0.109024759,0.071684743,0.278967039,401.0,1135.0
0.8082523619634281,0.0,0.090401159,0.346608807,401.0,1135.0
0.7898280485315169,0.0,0.111411662,0.421758553,401.0,1135.0
0.7531319473381027,0.0,0.140328098,0.517415728,401.0,1135.0
0.7210975757025683,0.0,0.171901959,0.599402878,401.0,1135.0
0.662776429778033,0.0,0.21493551,0.683367802,401.0,1135.0
0.6409691292023942,0.0,0.219760263,0.711997552,401.0,1135.0
0.6307414116355222,0.0,0.236169168,0.744012923,401.0,1135.0
0.633048870992784,0.0,0.24700021149999998,0.7827849775,401.0,1135.0
0.6587338979439026,0.0,0.257808826,0.812088449,401.0,1135.0
0.7028409298847574,0.0,0.276768091,0.832840169,401.0,1135.0
0.7592483494080028,0.0,0.295062537,0.844389935,401.0,1135.0
0.8091746253090571,0.020812141,0.312566082,0.853188885,401.0,1135.0
0.8418365501446542,0.177705781,0.306610561,0.85954162,401.0,1135.0
0.8380991161144723,0.334200021,0.251957813,0.860599097,401.0,1135.0
0.8314118047713175,0.481193387,0.263647827,0.858571414,401.0,1135.0
0.8213395674263179,0.596860157,0.237786786,0.843824861,401.0,1135.0
0.8183003165222993,0.655802278,0.256085175,0.842413586,401.0,1135.0
0.8120811083102104,0.653410405,0.277722092,0.8479661705,401.0,1135.0
0.8078781567791812,0.535960092,0.290562507,0.852976409,401.0,1135.0
0.8053495721516052,0.4153916,0.287147202,0.850738681,401.0,1135.0
0.8043146685198364,0.253895737,0.286607053,0.847369626,401.0,1135.0
0.8008726836707744,0.102773902,0.3076587,0.839548,401.0,1135.0
0.7920998690094279,0.0,0.32092561,0.822352144,401.0,1135.0
0.7838099302364687,0.0,0.326175294,0.806575379,401.0,1135.0
0.7527253352791377,0.0,0.317959558,0.792486639,401.0,1135.0
0.7195968775144711,0.0,0.31366339,0.773447063,401.0,1135.0
0.654676963069071,0.0,0.292056905,0.762752514,401.0,1135.0
0.6281634314623084,0.0,0.270961116,0.718333318,401.0,1135.0
0.6082025046365616,0.0,0.261355844,0.675373901,401.0,1135.0
0.6048893172467099,0.0,0.243021331,0.623577403,401.0,1135.0
0.610384444207003,0.0,0.22353008,0.576100963,401.0,1135.0
0.6349068780239416,0.0,0.207738648,0.544873725,401.0,1135.0
0.6747448058037767,0.0,0.189182231,0.533120989,401.0,1135.0
0.7377073222154614,0.0,0.184261913,0.558790426,401.0,1135.0
0.7976626260742871,0.018991343,0.176325187,0.576762588,401.0,1135.0
0.8286944094846934,0.167187447,0.171274562,0.596901324,401.0,1135.0
0.8230865964379407,0.319820294,0.145581898,0.634835849,401.0,1135.0
0.8171192581705607,0.478881949,0.137931314,0.673288484,401.0,1135.0
0.8150939527779545,0.58780282,0.117677372,0.68222902,401.0,1135.0
0.8149824207137388,0.703644907,0.131514151,0.717091127,401.0,1135.0
0.812397792998574,0.727201474,0.15212164350000001,0.740786641,401.0,1135.0
0.8098653305884823,0.630486829,0.147063916,0.734310441,401.0,1135.0
0.8075021971311587,0.506611435,0.13604475,0.721319788,401.0,1135.0
0.8049732433172121,0.332868084,0.131385429,0.707623914,401.0,1135.0
0.7977647409033977,0.133889278,0.153652444,0.707923633,401.0,1135.0
0.7873391650264302,0.0,0.17837071,0.713771097,401.0,1135.0
0.779331379422752,0.0,0.201947695,0.72390222,401.0,1135.0
0.7509172778382985,0.0,0.218766962,0.719230189,401.0,1135.0
0.7203942219787801,0.0,0.234687202,0.721246972,401.0,1135.0
0.654587728072047,0.0,0.23386142,0.728680402,401.0,1135.0
0.6282086721699495,0.0,0.233496805,0.746424477,401.0,1135.0
0.6064459659606786,0.0,0.24018879399999998,0.778874789,401.0,1135.0
0.6115095060668472,0.0,0.227537194,0.794160092,401.0,1135.0
0.635773560195773,0.0,0.224555269,0.80070533,401.0,1135.0
0.675153541512888,0.0,0.222478543,0.809185221,401.0,1135.0
0.7375089557935676,0.0,0.221163058,0.815895213,401.0,1135.0
0.7958112671153301,0.021473554,0.209776897,0.822032043,401.0,1135.0
0.826787653348593,0.178556076,0.190220099,0.813817594,401.0,1135.0
0.8279045441927468,0.315917029,0.176515104,0.800603551,401.0,1135.0
0.8248195910649833,0.447203695,0.188146743,0.772554669,401.0,1135.0
0.8235859054280991,0.549952336,0.159385522,0.625729279,401.0,1135.0
0.8227560619581823,0.585226523,0.169281361,0.629747989,401.0,1135.0
0.8199499399851762,0.610936713,0.197161978,0.68150563,401.0,1135.0
0.8156848518030065,0.557652643,0.232411731,0.692251059,401.0,1135.0
0.8132480408092913,0.466944002,0.267206191,0.72508585,401.0,1135.0
0.8118310842973546,0.365118726,0.297208578,0.711695328,401.0,1135.0
0.8125621369411206,0.228135154,0.296439408,0.721226127,401.0,1135.0
0.8122027966450848,0.085152289,0.316590599,0.735528784,401.0,1135.0
0.8052600136359681,0.0,0.33102341,0.691916164,401.0,1135.0
0.7904452605363296,0.0,0.322353531,0.640928846,401.0,1135.0
0.7520892881413026,0.0,0.303637621,0.563124356,401.0,1135.0
0.7165304367302101,0.0,0.275998455,0.471419401,401.0,1135.0
0.6426480662619409,0.0,0.242919664,0.394877308,401.0,1135.0
0.6209972153372333,0.0,0.208723583,0.325331933,401.0,1135.0
0.6010921469396089,0.0,0.19034206,0.276264067,401.0,1135.0
0.6018474816404098,0.0,0.182135017,0.234554102,401.0,1135.0
0.6063798130324226,0.0,0.167260157,0.208625248,401.0,1135.0
0.6158155417234833,0.0,0.1525293885,0.190694398,401.0,1135.0
0.6232874555637888,0.0,0.148772152,0.158275653,401.0,1135.0
0.6557435351365356,0.019410304,0.145803498,0.157880206,401.0,1135.0
0.693455289046631,0.220795541,0.120014836,0.185452579,401.0,1135.0
0.7089402970194493,0.405383106,0.105248769,0.219509614,401.0,1135.0
0.7054731067497385,0.568265206,0.108264453,0.255914734,401.0,1135.0
0.7029509852034908,0.685273133,0.096418991,0.264732455,401.0,1135.0
0.6988558725473468,0.702567359,0.098670449,0.320447414,401.0,1135.0
0.695703058722668,0.671576637,0.100329614,0.369907359,401.0,1135.0
0.6957470992763394,0.608883896,0.1014884,0.427238363,401.0,1135.0
0.695391636431413,0.552106947,0.108003295,0.470649545,401.0,1135.0
0.6949537250568417,0.433332226,0.109811094,0.489289839,401.0,1135.0
0.6949389529623323,0.288208442,0.100464048,0.471536732,401.0,1135.0
0.7024050500294425,0.10832556,0.107844446,0.468778577,401.0,1135.0
0.7002669658229561,0.0,0.124285687,0.464477266,401.0,1135.0
0.6898083132995874,0.0,0.145503203,0.47155333099999996,401.0,1135.0
0.6641184157396253,0.0,0.170916705,0.517754991,401.0,1135.0
0.6497797055315819,0.0,0.173511259,0.563041891,401.0,1135.0
0.6300423507472214,0.0,0.17913607,0.58937588,401.0,1135.0
0.6144062021825563,0.0,0.1750546615,0.622903181,401.0,1135.0
0.6208520066159124,0.0,0.16513073150000002,0.6351460339999999,401.0,1135.0
0.6244418084515488,0.0,0.154921731,0.6180631405,401.0,1135.0
0.6583210536610832,0.018842083,0.141706807,0.598073005,401.0,1135.0
0.6945942004990265,0.252360244,0.11256788,0.582008508,401.0,1135.0
0.707826268198183,0.457695899,0.064127437,0.530126653,401.0,1135.0
0.7043468908013693,0.630850006,0.056124112,0.479953068,401.0,1135.0
0.697309380004615,0.758031054,0.048308491,0.450649695,401.0,1135.0
0.6937942710673111,0.822867116,0.054852918,0.448950471,401.0,1135.0
0.689227639809064,0.819439366,0.062654206,0.428498521,401.0,1135.0
0.6888005309470028,0.757745971,0.064088084,0.40222501,401.0,1135.0
0.6894357011843562,0.643122496,0.060969153,0.379394636,401.0,1135.0
0.6888747625943563,0.484612499,0.054232847,0.364536118,401.0,1135.0
0.691062518606587,0.299150089,0.047375904,0.358998023,401.0,1135.0
0.695439278043525,0.082958022,0.055718257,0.363904873,401.0,1135.0
0.693383319577164,0.0,0.069571709,0.380687348,401.0,1135.0
0.6814541602907864,0.0,0.083621661,0.4173575805,401.0,1135.0
0.661039002992388,0.0,0.091903006,0.434941846,401.0,1135.0
0.6755453350804929,0.0,0.112463863,0.453926611,401.0,1135.0
0.6472635850865899,0.0,0.112704364,0.467119466,401.0,1135.0
0.6283559351781245,0.0,0.115523607,0.506119257,630.0,1786.0
0.6296103946073046,0.0,0.1215231645,0.5225407485,630.0,1786.0
0.6607481700328062,0.0,0.13596646,0.526883587,630.0,1786.0
0.714401770421641,0.0,0.145933378,0.549118101,630.0,1786.0
0.8042583480453603,0.0,0.162040324,0.563774152,630.0,1786.0
0.8564511366245847,0.008055238,0.176778147,0.596831486,630.0,1786.0
0.8791765455090121,0.087535621,0.183663949,0.617006063,630.0,1786.0
0.8732485391777509,0.207001966,0.169833182,0.652789217,630.0,1786.0
0.8644110956915595,0.313856541,0.208205157,0.6826058,630.0,1786.0
0.8602462757438353,0.384236664,0.219026911,0.711289594,630.0,1786.0
0.857146919707933,0.439597803,0.268460519,0.738640304,630.0,1786.0
0.8607258269664508,0.425266394,0.317016727,0.759227326,630.0,1786.0
0.862557151102384,0.40781992,0.357281711,0.773440429,630.0,1786.0
0.8611792488082728,0.363921198,0.385965047,0.789622257,630.0,1786.0
0.8636329555466435,0.303711559,0.388521382,0.816085989,630.0,1786.0
0.8677243750134571,0.193919315,0.363697639,0.821793499,630.0,1786.0
0.8674793366736347,0.061444921,0.349078457,0.817438798,630.0,1786.0
0.8504532374143396,0.0,0.325632586,0.801972698,630.0,1786.0
0.8240999871755789,0.0,0.302619721,0.76755412,630.0,1786.0
0.7773776285792035,0.0,0.286590536,0.722383951,630.0,1786.0
0.7411356889259767,0.0,0.268957795,0.65751536,630.0,1786.0
0.6806127991340438,0.0,0.257443326,0.582770352,630.0,1786.0
0.6572557741436029,0.0,0.264701422,0.645076872,630.0,1786.0
0.6376298591931467,0.0,0.27287356549999997,0.710114566,630.0,1786.0
0.6396597346424244,0.0,0.288764754,0.776394231,630.0,1786.0
0.6654302111377848,0.0,0.306847269,0.839863024,630.0,1786.0
0.7209444037903084,0.0,0.325399251,0.872200208,630.0,1786.0
0.8043560313123995,0.0,0.348834254,0.898990825,630.0,1786.0
0.8557745571978174,0.008998592,0.376465934,0.914216627,630.0,1786.0
0.8821116500646636,0.099511117,0.406911513,0.921355444,630.0,1786.0
0.877567085148697,0.143817688,0.443965348,0.928580287,630.0,1786.0
0.8754661634941444,0.172848124,0.512487739,0.932888014,630.0,1786.0
0.8735715023542573,0.154133439,0.550110525,0.927154397,630.0,1786.0
0.8710731088203638,0.133226534,0.599644628,0.927957842,630.0,1786.0
0.865437689647335,0.114116768,0.642468458,0.921324297,630.0,1786.0
0.8614397061472682,0.121823537,0.67187917,0.918312754,630.0,1786.0
0.8585257446365645,0.103368273,0.679040257,0.914399966,630.0,1786.0
0.8569401050823053,0.076720274,0.668491075,0.908823904,630.0,1786.0
0.8549552391849297,0.051133,0.664135968,0.904745745,630.0,1786.0
0.8526337462384622,0.022088872,0.660300793,0.893636501,630.0,1786.0
0.8361177584818356,0.0,0.644880209,0.878769865,630.0,1786.0
0.8185436931920478,0.0,0.635680722,0.883857436,630.0,1786.0
0.7758097159360426,0.0,0.638709562,0.905956648,630.0,1786.0
0.7410692128436543,0.0,0.640069848,0.91407081,630.0,1786.0
0.6722378719352596,0.0,0.606200009,0.897520099,630.0,1786.0
0.6342341998763809,0.0,0.6350203105000001,0.9134178465,630.0,1786.0
0.6243327922565723,0.0,0.637056734,0.9203192410000001,630.0,1786.0
0.655737441506703,0.0,0.62606836,0.906256822,630.0,1786.0
0.7105242749036348,0.0,0.626575277,0.90881486,630.0,1786.0
0.7965914381166905,0.0,0.620296451,0.880987906,630.0,1786.0
0.8466946603392099,0.004415695,0.599738006,0.84390165,630.0,1786.0
0.8712428072909084,0.107393458,0.577686785,0.818642825,630.0,1786.0
0.8639428082987143,0.225760221,0.535416345,0.78576992,630.0,1786.0
0.8559132340710488,0.345502083,0.590187,0.740222118,630.0,1786.0
0.850347891375971,0.436065226,0.509752698,0.66641312,630.0,1786.0
0.8487999214249445,0.487916152,0.538103629,0.650662131,630.0,1786.0
0.845128409366123,0.453338606,0.546586034,0.679135298,630.0,1786.0
0.840400481444214,0.439582626,0.544812862,0.706031077,630.0,1786.0
0.8383986276712933,0.370760024,0.506796438,0.706982923,630.0,1786.0
0.8391704889966604,0.287618735,0.423349958,0.716466375,630.0,1786.0
0.8423740828490073,0.175761461,0.338468431,0.722237616,630.0,1786.0
0.8470187317376402,0.042183105,0.286479039,0.702891414,630.0,1786.0
0.8377655353500473,0.0,0.243493456,0.663602252,630.0,1786.0
0.8197594669932421,0.0,0.217607414,0.633220443,630.0,1786.0
0.7768464661624767,0.0,0.197581955,0.634154488,630.0,1786.0
0.7399533838245737,0.0,0.185346521,0.613503593,630.0,1786.0
0.675813685849448,0.0,0.191329647,0.628153631,630.0,1786.0
0.647720746779718,0.0,0.171759127,0.566090366,630.0,1786.0
0.6284235192172458,0.0,0.158649073,0.510262109,630.0,1786.0
0.6268015484763394,0.0,0.147511997,0.4605250955,630.0,1786.0
0.6569699730550619,0.0,0.139404868,0.459265142,630.0,1786.0
0.7106615664994613,0.0,0.14075194,0.465712305,630.0,1786.0
0.7968280739868178,0.0,0.139700972,0.474482571,630.0,1786.0
0.8478186605065434,0.00608504,0.132717957,0.45978873,630.0,1786.0
0.8719184634203433,0.105644248,0.127964242,0.443056324,630.0,1786.0
0.8649314555957762,0.200260785,0.11413649,0.451336841,630.0,1786.0
0.856579287377975,0.319041563,0.118171354,0.499809549,630.0,1786.0
0.8471950775512923,0.431090928,0.098152765,0.454560261,630.0,1786.0
0.8416265964406583,0.477813378,0.123167078,0.550095056,630.0,1786.0
0.8371353971825783,0.528700016,0.145192408,0.636117839,630.0,1786.0
0.8310330752312973,0.49013052,0.152542299,0.679509032,630.0,1786.0
0.8284217650185951,0.40384525,0.139741548,0.697976193,630.0,1786.0
0.8264260972715214,0.299995759,0.126105482,0.709610801,630.0,1786.0
0.8280326028152475,0.189609571,0.121413572,0.700825838,630.0,1786.0
0.8332689805697511,0.044760802,0.129352105,0.700237345,630.0,1786.0
0.8300017726579692,0.0,0.138619358,0.68915056,630.0,1786.0
0.8171172266513042,0.0,0.146750194,0.682918176,630.0,1786.0
0.7766884928389625,0.0,0.153967434,0.67722044,630.0,1786.0
0.7411637563695128,0.0,0.167115958,0.699907871,630.0,1786.0
0.6728532373454071,0.0,0.183329758,0.741501369,630.0,1786.0
0.6444948554624919,0.0,0.185726334,0.745704868,630.0,1786.0
0.6251641590013849,0.0,0.18860462,0.743680596,630.0,1786.0
0.6257398697521752,0.0,0.18290419,0.7138055784999999,630.0,1786.0
0.6567350446553284,0.0,0.170356503,0.666786975,630.0,1786.0
0.7112702845665014,0.0,0.165554251,0.637255528,630.0,1786.0
0.7972971004152163,0.0,0.162393983,0.614601922,630.0,1786.0
0.8511502208505014,0.006769466,0.167321534,0.603625691,630.0,1786.0
0.870614977698177,0.20746964,0.16027101,0.607180559,630.0,1786.0
0.8525694859371757,0.401089725,0.107331249,0.590358984,630.0,1786.0
0.8376066387292006,0.580911317,0.083465968,0.570159001,630.0,1786.0
0.8306523148348326,0.715809716,0.065961239,0.500908726,630.0,1786.0
0.8264100320304967,0.796025196,0.067718657,0.449316588,630.0,1786.0
0.8230273218096877,0.819660443,0.069973359,0.40255686,630.0,1786.0
0.8199404299563693,0.775394961,0.072989113,0.370183523,630.0,1786.0
0.8186431302600502,0.676906684,0.077737453,0.333155095,630.0,1786.0
0.8170627534343057,0.519479821,0.081169559,0.303513685,630.0,1786.0
0.8168074666929351,0.316424952,0.107615881,0.289450232,630.0,1786.0
0.8175958545765871,0.053341606,0.161666086,0.290177036,630.0,1786.0
0.8118829725469467,0.0,0.205286888,0.283819544,630.0,1786.0
0.7898684883581535,0.0,0.2302506595,0.27780451949999996,630.0,1786.0
0.7419123509997859,0.0,0.234201864,0.253610935,630.0,1786.0
0.6545676467858911,0.0,0.227442712,0.233427776,630.0,1786.0
0.6233759057249395,0.0,0.209393104,0.192503329,630.0,1786.0
0.5943681584550023,0.0,0.1948899755,0.1575803935,630.0,1786.0
0.592022036767602,0.0,0.176917078,0.131552204,630.0,1786.0
0.6067515021485868,0.0,0.160661638,0.09743207549999999,630.0,1786.0
0.6278026139568216,0.0,0.159048951,0.099481358,630.0,1786.0
0.6701614166658025,0.005780645,0.172643014,0.106817291,630.0,1786.0
0.6966339087997715,0.201655736,0.170258113,0.101956367,630.0,1786.0
0.7097648777608516,0.406384461,0.123924257,0.088453763,630.0,1786.0
0.7025987542306347,0.581573798,0.085761971,0.073420136,630.0,1786.0
0.6987963672604638,0.702980768,0.069114434,0.040419291,630.0,1786.0
0.6985487896872737,0.76987261,0.073611123,0.046616303,630.0,1786.0
0.6950544552713595,0.782272701,0.079639798,0.054285912,630.0,1786.0
0.6957052745037038,0.726241046,0.080923131,0.071435076,630.0,1786.0
0.6973116415196894,0.610597492,0.080197007,0.087903671,630.0,1786.0
0.6965320710261419,0.445303376,0.071718639,0.121140727,630.0,1786.0
0.696891872639438,0.247346852,0.082468411,0.201992149,630.0,1786.0
0.6945470208669869,0.033376868,0.109197213,0.298703559,630.0,1786.0
0.6878508457368768,0.0,0.136687148,0.392498621,630.0,1786.0
0.6831792382894439,0.0,0.153794927,0.498299889,630.0,1786.0
0.6827340326671013,0.0,0.1680378,0.638800485,630.0,1786.0
0.6730918590007523,0.0,0.180367747,0.685417931,630.0,1786.0
0.6521975890625414,0.0,0.196436562,0.688657982,630.0,1786.0
0.6208703568024214,0.0,0.202286226,0.70044282,630.0,1786.0
0.5939961923496385,0.0,0.21492921,0.712574269,630.0,1786.0
0.5888013619808833,0.0,0.242483821,0.768051338,630.0,1786.0
0.6047772081050911,0.0,0.28802014600000003,0.803564368,630.0,1786.0
0.6261157828707843,0.0,0.289572789,0.81403124,630.0,1786.0
0.6667754752357354,0.003553276,0.264265834,0.745245044,630.0,1786.0
0.6986366858700249,0.127651594,0.227537396,0.654536483,630.0,1786.0
0.7289470645304005,0.257353297,0.196694403,0.546933689,630.0,1786.0
0.7307897916866566,0.384692965,0.186111416,0.444298558,630.0,1786.0
0.7263520502173532,0.493952362,0.136163634,0.31976792,630.0,1786.0
0.7225590804822873,0.55181759,0.124128982,0.252076915,630.0,1786.0
0.719376121960777,0.55584273,0.109082341,0.198100491,630.0,1786.0
0.7212013985986037,0.520948457,0.10124971,0.158365304,630.0,1786.0
0.7221269395503416,0.44339186,0.095785993,0.106134807,630.0,1786.0
0.7249527278228131,0.35192386,0.08958285,0.070739875,630.0,1786.0
0.7257430550948321,0.197032536,0.09032443,0.042881244,630.0,1786.0
0.73384990791733,0.027495391,0.10266702,0.022288799,630.0,1786.0
0.7299656265284759,0.0,0.11375488,0.016084936,630.0,1786.0
0.7193584407837174,0.0,0.109684178,0.022645576,630.0,1786.0
0.7101492385529449,0.0,0.10010585,0.044013507,630.0,1786.0
0.6881973062671073,0.0,0.088702231,0.101457243,630.0,1786.0
0.6867174283344382,0.0,0.077388362,0.242109596,630.0,1786.0
0.6691919736881337,0.0,0.076570829,0.311877082,630.0,1786.0
0.6593783930203466,0.0,0.076766214,0.396724925,630.0,1786.0
0.6583877144691531,0.0,0.082453804,0.454946339,630.0,1786.0
0.6663645694796272,0.0,0.08754318,0.493500708,630.0,1786.0
0.6918718652734076,0.0,0.091529377,0.525895941,630.0,1786.0
0.7556256322544438,0.0,0.100076462,0.554399753,630.0,1786.0
0.8262782802186658,0.0,0.107872899,0.590896996,630.0,1786.0
0.8678977673361443,0.003601414,0.109777215,0.630996253,630.0,1786.0
0.8886679479687287,0.147588182,0.101327271,0.641166502,630.0,1786.0
0.880097055053678,0.31448205,0.072594265,0.628533809,630.0,1786.0
0.8689921298579454,0.457991663,0.063443957,0.62817536,630.0,1786.0
0.8564882521168554,0.567570934,0.055413447,0.623676322,630.0,1786.0
0.848996210593543,0.650249307,0.058309465,0.660334937,630.0,1786.0
0.8417015664607531,0.662441979,0.064873696,0.673972891,630.0,1786.0
0.8356653520682359,0.599814649,0.065914709,0.651818037,630.0,1786.0
0.831835035519457,0.499457914,0.067481828,0.636940182,630.0,1786.0
0.8310688989026769,0.363683908,0.064641069,0.626625121,630.0,1786.0
0.8393542218517852,0.210217624,0.067688347,0.630164933,630.0,1786.0
0.8498120203416917,0.024028888,0.080908354,0.628340206,630.0,1786.0
0.8437460761727523,0.0,0.091679579,0.61028315,630.0,1786.0
0.824838334067116,0.0,0.095835794,0.579639325,630.0,1786.0
0.7756507271843063,0.0,0.09478364,0.541737432,630.0,1786.0
0.7403910638777029,0.0,0.09153961,0.544491061,630.0,1786.0
0.6804086616067122,0.0,0.102488599,0.628057743,630.0,1786.0
0.6572484802272379,0.0,0.095182054,0.627961553,630.0,1786.0
0.6408741468617483,0.0,0.089930534,0.6113646685,630.0,1786.0
0.6496584789779364,0.0,0.084350047,0.615497202,630.0,1786.0
0.6749034711031812,0.0,0.080298591,0.588077525,630.0,1786.0
0.7326869913970991,0.0,0.07977734,0.574522352,630.0,1786.0
0.8132671523349826,0.0,0.084048948,0.572736526,630.0,1786.0
0.8636034106948128,0.003109334,0.090618909,0.576322356,630.0,1786.0
0.8842531040081487,0.113338636,0.08943014,0.594620292,630.0,1786.0
0.8751041460998125,0.241079846,0.073830211,0.624717418,630.0,1786.0
0.8598944139573499,0.375992396,0.055618615,0.629382547,630.0,1786.0
0.8406222530889423,0.515224653,0.055300526,0.598897911,630.0,1786.0
0.8320584694970713,0.617863781,0.058546532,0.579656399,630.0,1786.0
0.8269187589185725,0.646894716,0.05859156,0.555893583,630.0,1786.0
0.8212495475934206,0.612279328,0.055892721,0.525060992,630.0,1786.0
0.8196045412800188,0.524625997,0.054453234,0.490630349,630.0,1786.0
0.8176624234526112,0.3710049,0.052328114,0.461269949,630.0,1786.0
0.8191092018718596,0.190699453,0.061001891,0.465259039,630.0,1786.0
0.8238128476704524,0.019229919,0.079851585,0.49113283,630.0,1786.0
0.8184545045255935,0.0,0.099056027,0.499247247,630.0,1786.0
0.8098139036561504,0.0,0.112419593,0.493895935,630.0,1786.0
0.775758750983783,0.0,0.124551957,0.480191893,630.0,1786.0
0.7422448242050992,0.0,0.127104733,0.433021972,630.0,1786.0
0.672211281237206,0.0,0.137870398,0.423593097,630.0,1786.0
0.6442331981020891,0.0,0.121846884,0.363062794,630.0,1786.0
0.6249011167612644,0.0,0.104807499,0.311517141,630.0,1786.0
0.6227738815304201,0.0,0.091774159,0.238023099,630.0,1786.0
0.628507814606681,0.0,0.084418102,0.165142952,630.0,1786.0
0.6569699730550619,0.0,0.079292762,0.112109771,630.0,1786.0
0.7113391613544509,0.0,0.083002891,0.082776233,630.0,1786.0
0.7972971004152163,0.0,0.093818323,0.091167734,630.0,1786.0
0.850625798570584,0.002826552,0.109260706,0.141823819,630.0,1786.0
0.8722949765165156,0.185837246,0.121381036,0.199980889,630.0,1786.0
0.8527823937949487,0.370312644,0.103028581,0.231984766,630.0,1786.0
0.8340621698646573,0.55041408,0.079638269,0.246935667,630.0,1786.0
0.8272870551324533,0.695597773,0.075401461,0.275251583,630.0,1786.0
0.8254509295852658,0.786177381,0.095075169,0.289591842,630.0,1786.0
0.8232459543760478,0.805710101,0.127423263,0.327858572,630.0,1786.0
0.8204607898605859,0.759057274,0.165163428,0.344929194,630.0,1786.0
0.8190936907417969,0.651740832,0.210161629,0.408767995,630.0,1786.0
0.8181155689017643,0.48709245,0.24715972,0.543784813,630.0,1786.0
0.8165796939469511,0.283461772,0.338530675,0.695216858,630.0,1786.0
0.8125432096772085,0.02065124,0.423784114,0.79386556,630.0,1786.0
0.8030032423080475,0.0,0.469971091,0.838748356,630.0,1786.0
0.7934155418586969,0.0,0.489783186,0.859646268,630.0,1786.0
0.7654404592079268,0.0,0.485894716,0.869887011,630.0,1786.0
0.7361227444862752,0.0,0.472063672,0.874954126,630.0,1786.0
0.6696530132300587,0.0,0.472257481,0.881813731,630.0,1786.0
0.6412886761124889,0.0,0.441479102,0.875520475,630.0,1786.0
0.6205178487740842,0.0,0.417805778,0.85897532,630.0,1786.0
0.6201077281852554,0.0,0.40934231200000004,0.8423864409999999,630.0,1786.0
0.6476927714007902,0.0,0.402006952,0.835130604,630.0,1786.0
0.702757188871409,0.0,0.399216189,0.849737673,630.0,1786.0
0.7864409060858242,0.0,0.397204834,0.858372268,630.0,1786.0
0.8326462287809429,0.002572386,0.395456428,0.867240871,630.0,1786.0
0.8418070052928235,0.207368673,0.363351174,0.875624296,630.0,1786.0
0.8333951932603987,0.400512526,0.283281004,0.857577821,630.0,1786.0
0.8299845998578327,0.555911949,0.214949814,0.813490404,630.0,1786.0
0.8254764120613955,0.673187224,0.137806104,0.699892219,630.0,1786.0
0.826173764683928,0.758598167,0.136053912,0.629495944,630.0,1786.0
0.8234320872739876,0.770714038,0.142417816,0.575210291,630.0,1786.0
0.8207073056087028,0.72123357,0.156568846,0.573181698,630.0,1786.0
0.8187758053692139,0.601171104,0.16681574,0.627625647,630.0,1786.0
0.8179585188755827,0.436147319,0.17914888,0.706955298,630.0,1786.0
0.8166732220445874,0.243771475,0.228997365,0.753341568,630.0,1786.0
0.8114585407831816,0.013615803,0.284711315,0.784596052,630.0,1786.0
0.7947554971626883,0.0,0.3302908765,0.8012333645,630.0,1786.0
0.7630394718855912,0.0,0.336914182,0.820089057,630.0,1786.0
0.7342276677631667,0.0,0.324835055,0.819192275,630.0,1786.0
0.6694445369343572,0.0,0.355197501,0.85018483,630.0,1786.0
0.6408391314566516,0.0,0.325738414,0.829938316,630.0,1786.0
0.6204632368305015,0.0,0.309447536,0.811416228,630.0,1786.0
0.6199182020204854,0.0,0.2934462095,0.8282842930000001,630.0,1786.0
0.6475723296830179,0.0,0.272979519,0.835769105,630.0,1786.0
0.7030686568967027,0.0,0.256910109,0.828774553,630.0,1786.0
0.786610882274662,0.0,0.247966589,0.82337369,630.0,1786.0
0.8335724623713833,0.001864495,0.245294986,0.824913814,630.0,1786.0
0.8435750845556923,0.187383534,0.224202239,0.811187682,630.0,1786.0
0.8333711875297514,0.372407207,0.17900372,0.796828864,630.0,1786.0
0.8276837879762408,0.544528714,0.123842023,0.7776187,630.0,1786.0
0.8254764120613955,0.669527929,0.092156624,0.693364902,630.0,1786.0
0.8260032350469403,0.741386753,0.103408219,0.686943127,630.0,1786.0
0.8240143067738637,0.762899738,0.113781628,0.668363461,630.0,1786.0
0.821248624296088,0.71516093,0.120307559,0.653427453,630.0,1786.0
0.8196242069166721,0.599767647,0.119227324,0.645209994,630.0,1786.0
0.8176851360367432,0.430394437,0.11870643,0.657123945,630.0,1786.0
0.8174691805686793,0.237170336,0.141024745,0.675212968,630.0,1786.0
0.8114146851541016,0.008887695,0.191074073,0.718214912,630.0,1786.0
0.7978339868777178,0.0,0.233205717,0.761992152,630.0,1786.0
0.7893512672008992,0.0,0.265543152,0.799000031,630.0,1786.0
0.7613627970702125,0.0,0.283566013,0.815482361,630.0,1786.0
0.7339540536028849,0.0,0.289013699,0.82015008,630.0,1786.0
0.6519540280647326,0.0,0.298446744,0.852564591,630.0,1786.0
0.620048176700365,0.0,0.27049952,0.838046503,630.0,1786.0
0.5900959610159342,0.0,0.238430345,0.8142601389999999,630.0,1786.0
0.591292946312941,0.0,0.20829594299999998,0.796003891,630.0,1786.0
0.6155269708092257,0.0,0.198903865,0.7881279175,630.0,1786.0
0.6592785403691227,0.001635176,0.215166743,0.792851168,630.0,1786.0
0.6830208957795592,0.193149741,0.216413231,0.799822461,630.0,1786.0
0.6992572218777974,0.400561187,0.187502063,0.800915115,630.0,1786.0
0.6978920614845632,0.577451088,0.130782331,0.788249622,630.0,1786.0
0.6965137436072306,0.704357662,0.100722453,0.739610126,630.0,1786.0
0.6994260434478604,0.774907023,0.110489188,0.734518581,630.0,1786.0
0.6991193297741579,0.784694481,0.128618842,0.734360802,630.0,1786.0
0.7023322029966818,0.73692562,0.147036173,0.735683885,630.0,1786.0
0.7035303890773301,0.628708367,0.169652909,0.765575868,630.0,1786.0
0.7012985918486161,0.466749139,0.195713523,0.801648646,630.0,1786.0
0.6977175616027642,0.2613141,0.269054499,0.838137812,630.0,1786.0
0.693322706068357,0.009730699,0.345558395,0.866111544,630.0,1786.0
0.6843433081028252,0.0,0.395208273,0.886332346,630.0,1786.0
0.6807183065671722,0.0,0.406300737,0.8969682425,630.0,1786.0
0.6700003049267321,0.0,0.389650554,0.89251311,630.0,1786.0
0.6519028783867252,0.0,0.366018778,0.882303292,630.0,1786.0
0.6200636877641466,0.0,0.34135879,0.863263068,630.0,1786.0
0.5936293735440523,0.0,0.327440132,0.841626731,630.0,1786.0
0.5874173664877673,0.0,0.318438499,0.808069049,630.0,1786.0
0.5954424630547759,0.0,0.315395825,0.765722368,630.0,1786.0
0.6088494463515152,0.0,0.322266098,0.738807328,630.0,1786.0
0.623341467397246,0.0,0.328656762,0.73252239,630.0,1786.0
0.6600849785499238,0.001383016,0.329048894,0.740366541,630.0,1786.0
0.6846197378891434,0.200104531,0.316029687,0.765949267,630.0,1786.0
0.7006891818056856,0.417856333,0.270520509,0.779362933,630.0,1786.0
0.6985717329300359,0.597300771,0.21647291,0.783100789,630.0,1786.0
0.6976727826763517,0.724208582,0.177089882,0.738013385,630.0,1786.0
0.6974085400171364,0.793033252,0.198468951,0.744418517,630.0,1786.0
0.6969400683625119,0.800975395,0.223878561,0.760304153,630.0,1786.0
0.6982290583828377,0.746632683,0.24543077,0.752575855,630.0,1786.0
0.698732983859659,0.629635079,0.256263715,0.736913931,630.0,1786.0
0.698542511530537,0.455306583,0.274154955,0.742267494,630.0,1786.0
0.6961031155694153,0.249068531,0.320355802,0.736218065,630.0,1786.0
0.6934026160274468,0.006942429,0.362562438,0.717630072,630.0,1786.0
0.6850685439071147,0.0,0.380418795,0.674992359,630.0,1786.0
0.6812913398219793,0.0,0.378363311,0.597773557,630.0,1786.0
0.67008413807097,0.0,0.352256383,0.506392434,630.0,1786.0
0.6695722263704873,0.0,0.340586441,0.498108682,630.0,1786.0
0.6409714373794445,0.0,0.300414763,0.434531086,630.0,1786.0
0.6201695879134771,0.0,0.264921768,0.3638548,630.0,1786.0
0.6171736392566698,0.0,0.238174632,0.315876119,630.0,1786.0
0.6223380014099804,0.0,0.218095974,0.279262282,630.0,1786.0
0.6463257180823212,0.0,0.215502816,0.264581744,630.0,1786.0
0.7025247989759498,0.0,0.218293971,0.268725677,630.0,1786.0
0.7855076559659058,0.0,0.215091947,0.305318307,630.0,1786.0
0.8316754005258691,0.001099076,0.215810217,0.336813344,630.0,1786.0
0.8418070052928235,0.185251563,0.201243345,0.360747913,630.0,1786.0
0.8326227778240696,0.383601653,0.151415501,0.360759359,630.0,1786.0
0.8277343837421298,0.550194336,0.096271041,0.338290928,630.0,1786.0
0.8254764120613955,0.663393537,0.063821846,0.287963571,630.0,1786.0
0.8262323009394398,0.727575838,0.063551906,0.27635911,630.0,1786.0
0.8237097174131195,0.738851199,0.067988704,0.262208676,630.0,1786.0
0.8207073056087028,0.689066969,0.072207041,0.240858432,630.0,1786.0
0.8185431390810859,0.581766447,0.073843546,0.226861136,630.0,1786.0
0.8179082922960643,0.409681375,0.079420292,0.218364063,630.0,1786.0
0.8164415711846815,0.213791587,0.103165014,0.220137234,630.0,1786.0
0.8136615772668447,0.005854778,0.12558154,0.212684276,630.0,1786.0
0.8014009837332077,0.0,0.1253775805,0.2111703715,630.0,1786.0
0.7704118565932859,0.0,0.112237998,0.208063205,630.0,1786.0
0.7396978200277223,0.0,0.100184896,0.192868283,630.0,1786.0
0.6703616760792124,0.0,0.092766191,0.214718357,630.0,1786.0
0.6423233950847912,0.0,0.079816975,0.202877026,630.0,1786.0
0.622469107046241,0.0,0.066510029,0.182139789,630.0,1786.0
0.6234128368560092,0.0,0.055542219500000004,0.14082919900000002,630.0,1786.0
0.6552270527497098,0.0,0.04803068,0.108292428,630.0,1786.0
0.7103518986719819,0.0,0.045804027,0.127880332,630.0,1786.0
0.7965283781682176,0.0,0.045301722,0.155508265,630.0,1786.0
0.8460917591116464,0.0,0.046066921,0.180627166,630.0,1786.0
0.8643829354543215,0.15884293,0.044866449,0.195658691,630.0,1786.0
0.8467020467178706,0.349993123,0.034550621,0.203720544,630.0,1786.0
0.8316112330182843,0.508512598,0.018053604,0.184211551,630.0,1786.0
0.8261834589745142,0.640804416,0.010490724,0.135287223,630.0,1786.0
0.824438969196259,0.7130880104999999,0.012118344999999999,0.1423197405,630.0,1786.0
0.8204213657935776,0.650080201,0.014278137,0.151941555,630.0,1786.0
0.8190935058172055,0.539790598,0.016161642,0.139896108,630.0,1786.0
0.8173703897425284,0.388612541,0.019194065,0.137927111,630.0,1786.0
0.8165122945672962,0.210500129,0.027469634,0.129738567,630.0,1786.0
0.8180938717458545,0.004836126,0.037551625,0.143020254,630.0,1786.0
0.8071947454161211,0.0,0.046301596,0.229619442,630.0,1786.0
0.7723407248057054,0.0,0.055566279,0.337124608,630.0,1786.0
0.7415081860432989,0.0,0.06255496,0.366540446,630.0,1786.0
0.6706523702459288,0.0,0.064396339,0.346374633,630.0,1786.0
0.6436194944282966,0.0,0.063697194,0.323921105,630.0,1786.0
0.6225572340533252,0.0,0.058455868,0.293310167,630.0,1786.0
0.6271108008531597,0.0,0.049535146,0.271071306,630.0,1786.0
0.6557988395862584,0.0,0.04307244,0.268835041,630.0,1786.0
0.7104699859484154,0.0,0.036860345,0.263445305,630.0,1786.0
0.7965205298094844,0.0,0.034935743,0.245304056,630.0,1786.0
0.8461617434587075,0.0,0.032359519,0.216149261,630.0,1786.0
0.8723649608635767,0.125951336,0.030795327,0.206554719,630.0,1786.0
0.8558844275919593,0.27799217,0.023985871,0.195073368,630.0,1786.0
0.8390294120806138,0.44768856,0.012242535,0.174295935,630.0,1786.0
0.8307743723560774,0.594540467,0.00681647,0.127934865,630.0,1786.0
0.8272614798626217,0.691326367,0.00649737,0.120213892,630.0,1786.0
0.8229177284710267,0.695721709,0.007336937,0.115562468,630.0,1786.0
0.8198754312823415,0.644456719,0.009131449,0.11203298,630.0,1786.0
0.8187599250527805,0.5225582,0.012243199,0.094314357,630.0,1786.0
0.817449237876545,0.364825474,0.019383875,0.079508348,630.0,1786.0
0.8222789114411939,0.18814366,0.040088498,0.065803389,630.0,1786.0
0.8274827901900897,0.003748594,0.064851946,0.058562268,630.0,1786.0
0.81462714312481,0.0,0.0754186805,0.06271429449999999,630.0,1786.0
0.7754082738118904,0.0,0.065946221,0.069212303,630.0,1786.0
0.7422270972940007,0.0,0.05910854,0.079753883,630.0,1786.0
0.6722378719352596,0.0,0.05088731,0.109892859,630.0,1786.0
0.6444286563030882,0.0,0.051848344,0.143960587,630.0,1786.0
0.6241760656164413,0.0,0.056220881,0.216573079,630.0,1786.0
0.6215550606491846,0.0,0.065331547,0.301959807,630.0,1786.0
0.6264089240074164,0.0,0.073773132,0.360127687,630.0,1786.0
0.6552270527497098,0.0,0.084418689,0.41679344,630.0,1786.0
0.7102388891994715,0.0,0.093468815,0.444412465,630.0,1786.0
0.7965283781682176,0.0,0.098373733,0.457733828,630.0,1786.0
0.8460129109776298,0.0,0.102379347,0.468993097,630.0,1786.0
0.869737862465331,0.082163149,0.104894186,0.482443873,630.0,1786.0
0.8606382999700702,0.185355441,0.101064459,0.486085566,630.0,1786.0
0.8497863529409705,0.300720594,0.088724356,0.503565581,630.0,1786.0
0.8443578405244591,0.419929842,0.087415081,0.443484953,630.0,1786.0
0.8397707124631156,0.45590822,0.093699485,0.431549332,630.0,1786.0
0.8358012583866574,0.472483577,0.107878435,0.406583043,630.0,1786.0
0.8320490515991541,0.434496598,0.116864065,0.390502404,630.0,1786.0
0.8315972914274059,0.374694329,0.130359261,0.396937542,630.0,1786.0
0.8339803675768638,0.272513931,0.138563012,0.40670125,630.0,1786.0
0.836673665001951,0.145532058,0.162810832,0.438178125,630.0,1786.0
0.8381176735292016,0.002685868,0.189865166,0.436648961,630.0,1786.0
0.8179249573820897,0.0,0.2031247595,0.3909923515,630.0,1786.0
0.7750192044022445,0.0,0.198411232,0.359581371,630.0,1786.0
0.7412664253095854,0.0,0.192739308,0.34455183,630.0,1786.0
0.6717054163720175,0.0,0.150412484,0.268913957,630.0,1786.0
0.6441419319834958,0.0,0.144687426,0.243457582,630.0,1786.0
0.6243399476451968,0.0,0.129904816,0.20441231,630.0,1786.0
0.6254162603669579,0.0,0.10722688,0.160029843,630.0,1786.0
0.6567350446553284,0.0,0.092587828,0.128890927,630.0,1786.0
0.7112702845665014,0.0,0.08786931,0.110495232,630.0,1786.0
0.7972971004152163,0.0,0.082015917,0.095666032,630.0,1786.0
0.8508133167459289,0.0,0.078213757,0.087661229,630.0,1786.0
0.8763410629459546,0.080849689,0.068414313,0.081455044,630.0,1786.0
0.8735744571708466,0.178732777,0.044669903,0.070915346,630.0,1786.0
0.8647486467007959,0.275982058,0.035079884,0.058206129,630.0,1786.0
0.8590400113086358,0.370946592,0.02779142,0.040903166,630.0,1786.0
0.8500260364213887,0.408454789,0.025101142,0.028025349,630.0,1786.0
0.8435603124611829,0.425376301,0.024068307,0.025794793,630.0,1786.0
0.8378834377018894,0.40228036,0.023108832,0.026824125,630.0,1786.0
0.8371051132951941,0.295276577,0.023497882,0.02447892,630.0,1786.0
0.838788805302863,0.205813724,0.025196128,0.020705982,630.0,1786.0
0.8478839362360522,0.100010642,0.034761739,0.026719483,630.0,1786.0
0.8553952742096472,0.001844743,0.049381862,0.028928665,630.0,1786.0
0.8449723754309757,0.0,0.054164378,0.029361368,630.0,1786.0
0.8243505652993968,0.0,0.051999414,0.044174461,630.0,1786.0
0.7766314339917453,0.0,0.048857743,0.053152631,630.0,1786.0
0.7387110193253257,0.0,0.043253164,0.059980636,630.0,1786.0
0.6609036963864048,0.0,0.034624604,0.090566362,630.0,1786.0
0.6365264943897905,0.0,0.033137877,0.115807915,630.0,1786.0
0.616555134503029,0.0,0.033647584,0.165747207,630.0,1786.0
0.6174659955905692,0.0,0.042371416999999995,0.23851057850000001,630.0,1786.0
0.6301129123705296,0.0,0.051530244,0.301349403,630.0,1786.0
0.650243791822142,0.0,0.06268474,0.316002118,630.0,1786.0
0.6852939166102836,0.0,0.069386889,0.304769813,630.0,1786.0
0.727801644262638,0.072393767,0.066104544,0.308725644,630.0,1786.0
0.7495245113187884,0.171974763,0.057598038,0.314356908,630.0,1786.0
0.7385377655303789,0.283532565,0.053271028,0.335050278,630.0,1786.0
0.7328102956680085,0.431351751,0.052766182,0.318472685,630.0,1786.0
0.7243549050619849,0.479837602,0.06526366,0.304304573,630.0,1786.0
0.7189744027811439,0.462517316,0.07465047,0.279308755,630.0,1786.0
0.7203857273781954,0.431452941,0.08032957,0.281651419,630.0,1786.0
0.7218358761972545,0.367858371,0.080849453,0.238248604,630.0,1786.0
0.7250189268496544,0.252825407,0.07683425,0.194100349,630.0,1786.0
0.7325951256323489,0.133880541,0.085204832,0.18036017,630.0,1786.0
0.7428589435283943,0.001912185,0.100421473,0.194896043,630.0,1786.0
0.7334174441958644,0.0,0.107336582,0.198859792,630.0,1786.0
0.7163891291555335,0.0,0.10248230950000001,0.16739031199999999,630.0,1786.0
0.686430704412533,0.0,0.089578499,0.147626223,630.0,1786.0
0.6634968643036305,0.0,0.084692544,0.183301224,630.0,1786.0
0.6391211859133181,0.0,0.078846294,0.196766932,630.0,1786.0
0.6189360868697783,0.0,0.070097467,0.204486655,630.0,1786.0
0.6184423171996469,0.0,0.062126109,0.217513624,630.0,1786.0
0.6230096639304753,0.0,0.059706143,0.2342496295,630.0,1786.0
0.6365511920963283,0.0,0.056578136,0.255613204,630.0,1786.0
0.6496380745045734,0.0,0.054005953,0.287268969,630.0,1786.0
0.6869116866465922,0.0,0.049652525,0.314991019,630.0,1786.0
0.7280964014678677,0.070952829,0.046816573,0.346397451,630.0,1786.0
0.7457949707185663,0.185842887,0.038567179,0.364203662,630.0,1786.0
0.7357604493736503,0.304087958,0.035609919,0.402586105,630.0,1786.0
0.7238757230257399,0.401036441,0.041648171,0.443135038,630.0,1786.0
0.7175816362616337,0.476647561,0.054052415,0.489475097,630.0,1786.0
0.7110032720152883,0.504048109,0.064077036,0.528132366,630.0,1786.0
0.708393069361698,0.483382815,0.068902515,0.560880347,630.0,1786.0
0.7095642027642203,0.391479991,0.068747584,0.563690129,630.0,1786.0
0.7116445818816379,0.285130368,0.069412605,0.582790581,630.0,1786.0
0.719606387543278,0.145738053,0.078222132,0.594092783,630.0,1786.0
0.7343808396754266,0.00152646,0.100077414,0.606600913,630.0,1786.0
0.7318535939284047,0.0,0.118879025,0.60882682,630.0,1786.0
0.7194612939855692,0.0,0.131403672,0.598478383,630.0,1786.0
0.6976154467736535,0.0,0.14247684500000002,0.5673820055000001,630.0,1786.0
0.6768804429077852,0.0,0.123764704,0.573493533,630.0,1786.0
0.6481347913490698,0.0,0.123501689,0.630400975,630.0,1786.0
0.6285717978524866,0.0,0.126570301,0.728124962,630.0,1786.0
0.62874934444978,0.0,0.12927539999999998,0.7949284050000001,630.0,1786.0
0.6577730874980281,0.0,0.139252807,0.767418105,630.0,1786.0
0.7116005413279667,0.0,0.147243012,0.760277928,630.0,1786.0
0.7972971004152163,0.0,0.153952748,0.771479079,630.0,1786.0
0.8492163205681975,0.0,0.161269643,0.787693559,630.0,1786.0
0.8729663853456578,0.077673062,0.17544115,0.79674836,630.0,1786.0
0.8717079556053854,0.188715788,0.17025829,0.781097865,630.0,1786.0
0.8673558024069075,0.266331487,0.172614587,0.755852879,630.0,1786.0
0.8632311448989328,0.339762092,0.165677993,0.708059557,630.0,1786.0
0.8603177374991912,0.347547781,0.184076505,0.665510125,630.0,1786.0
0.857275163255025,0.341980391,0.191701669,0.623589297,630.0,1786.0
0.8521010142825514,0.325479012,0.191732378,0.627619485,630.0,1786.0
0.8497789672251219,0.266755167,0.207355935,0.65688646,630.0,1786.0
0.8547391922487882,0.184469457,0.188468397,0.572155465,630.0,1786.0
0.8614505086597782,0.0878141,0.177173739,0.615633567,630.0,1786.0
0.8658752318355359,0.0,0.181402106,0.59125844,630.0,1786.0
0.8504532374143396,0.0,0.16842037,0.563587464,630.0,1786.0
0.824013937587493,0.0,0.179791335,0.614808704,630.0,1786.0
0.7787834133922594,0.0,0.190222569,0.691591666,630.0,1786.0
0.744032938953804,0.0,0.209060649,0.764234001,630.0,1786.0
0.6878555550172416,0.0,0.232663521,0.82074737,630.0,1786.0
0.668272572365392,0.0,0.258916981,0.871253196,630.0,1786.0
0.6575460531247853,0.0,0.298926695,0.897822955,630.0,1786.0
0.6521523484211815,0.0,0.344567289,0.916871963,630.0,1786.0
0.6535856470307803,0.0,0.385867023,0.92863969,630.0,1786.0
0.675663791543297,0.0,0.434887298,0.930943796,630.0,1786.0
0.7314078348579123,0.0,0.482510438,0.932639891,630.0,1786.0
0.8068204477695786,0.0,0.534033666,0.932067796,630.0,1786.0
0.8576209311465529,0.0,0.574351894,0.932377156,630.0,1786.0
0.8830796162968501,0.017902681,0.61432748,0.931811959,630.0,1786.0
0.881437656268115,0.05583666,0.630906812,0.927605324,630.0,1786.0
0.8762951757976183,0.09193999,0.648685766,0.927331271,630.0,1786.0
0.8737235667074053,0.12985683,0.640518226,0.931338069,630.0,1786.0
0.8668414436039465,0.147357684,0.688712913,0.928593084,630.0,1786.0
0.8621895011303548,0.150082535,0.726560889,0.930098189,630.0,1786.0
0.8584576068841684,0.155225016,0.756385119,0.929878281,630.0,1786.0
0.8561063841612789,0.14295736,0.758892216,0.928249437,630.0,1786.0
0.8566902653312287,0.09372877,0.78058325,0.926474049,630.0,1786.0
0.8573617662912607,0.039481084,0.793774569,0.925695635,630.0,1786.0
0.8534759617600733,0.0,0.804645591,0.92733468,630.0,1786.0
0.8265767760158584,0.0,0.8033111525000001,0.9289118035,630.0,1786.0
0.7764545340671313,0.0,0.796040051,0.933101635,630.0,1786.0
0.7417927863150579,0.0,0.795056033,0.933242622,630.0,1786.0
0.672211281237206,0.0,0.781589315,0.932899656,630.0,1786.0
0.6438607473153365,0.0,0.792041277,0.930410388,630.0,1786.0
0.6221583774268291,0.0,0.8020689335,0.9304333090000001,630.0,1786.0
0.6397821153177357,0.0,0.80250398,0.9347835495,630.0,1786.0
0.7097959000209769,0.0,0.78554102,0.934357267,630.0,1786.0
0.7932386419340829,0.0,0.758018233,0.933359847,630.0,1786.0
0.8409716220389111,0.0,0.73997915,0.931067416,630.0,1786.0
0.8623328866211389,0.020565434,0.721036695,0.926717057,630.0,1786.0
0.8604258534295576,0.066814068,0.67690749,0.917251822,630.0,1786.0
0.8558009629712797,0.123755343,0.66177905,0.903324915,630.0,1786.0
0.8526483340711923,0.150517351,0.57623367,0.836023835,630.0,1786.0
0.8499914134342286,0.198894941,0.5945291145,0.8086676395,630.0,1786.0
0.8471208459039387,0.172381021,0.571538054,0.802149309,630.0,1786.0
0.8469993424936557,0.142802226,0.51207665,0.796220633,630.0,1786.0
0.8488319591132921,0.097014861,0.434172139,0.788462437,630.0,1786.0
0.8564689556665728,0.022957413,0.385156876,0.749553967,630.0,1786.0
0.8546860108526807,0.0,0.349796696,0.714892365,630.0,1786.0
0.8295496426370382,0.0,0.326430471,0.701545634,630.0,1786.0
0.7757020613229364,0.0,0.329066656,0.704459164,630.0,1786.0
0.7410075375097743,0.0,0.338088852,0.727293789,630.0,1786.0
0.6726578250772903,0.0,0.330180692,0.760874312,630.0,1786.0
0.6442331981020891,0.0,0.364596985,0.805537111,630.0,1786.0
0.6241182683302019,0.0,0.41003036,0.804697002,630.0,1786.0
0.6235457428889277,0.0,0.45881085,0.7906842905,630.0,1786.0
0.6541861478178416,0.0,0.491549587,0.810575885,630.0,1786.0
0.7092758165094292,0.0,0.50108261,0.812593485,630.0,1786.0
0.7931152919291348,0.0,0.520046075,0.803241247,630.0,1786.0
0.84095297183048,0.0,0.529517133,0.789813503,630.0,1786.0
0.8649201917660058,0.011355568,0.525468606,0.778257977,630.0,1786.0
0.8651229440159325,0.049027187,0.529189337,0.767196928,630.0,1786.0
0.8630708636634932,0.11667229,0.550013127,0.750642431,630.0,1786.0
0.8622984482271642,0.182888167,0.528892205,0.741082962,630.0,1786.0
0.861598048657153,0.190008009,0.541057335,0.731758422,630.0,1786.0
0.8590815590257903,0.198447255,0.538899235,0.730648702,630.0,1786.0
0.8564823431464892,0.216300151,0.507167781,0.729365258,630.0,1786.0
0.8567192567349097,0.181773885,0.483694764,0.719979328,630.0,1786.0
0.8592597514341075,0.145146802,0.449435384,0.706895338,630.0,1786.0
0.8599534115301218,0.070259382,0.405894296,0.683909882,630.0,1786.0
0.8553952742096472,0.0,0.374026028,0.660914225,630.0,1786.0
0.8384953869781875,0.0,0.339996749,0.654426137,630.0,1786.0
0.8194521998713898,0.0,0.312098328,0.648321063,630.0,1786.0
0.7756396476163152,0.0,0.281014185,0.603262106,630.0,1786.0
0.7406409036287795,0.0,0.244283955,0.553144207,630.0,1786.0
0.6741929616593624,0.0,0.188223681,0.511428444,630.0,1786.0
0.6459732562519913,0.0,0.169936476,0.554741034,630.0,1786.0
0.6259165392170027,0.0,0.166737379,0.628906204,630.0,1786.0
0.6260254399832424,0.0,0.1671142025,0.650367267,630.0,1786.0
0.6567262735295125,0.0,0.167269002,0.684167541,630.0,1786.0
0.7106511795701727,0.0,0.170452321,0.709388096,630.0,1786.0
0.7972045877458022,0.0,0.187533567,0.714423907,630.0,1786.0
0.8503318267977585,0.0,0.21011465,0.729871135,630.0,1786.0
0.8760721116691866,0.031273171,0.229927318,0.765752408,630.0,1786.0
0.8752625807405869,0.090962614,0.247341108,0.798100509,630.0,1786.0
0.8736623533535977,0.17110346,0.287589017,0.832244156,630.0,1786.0
0.8710016470650078,0.222610966,0.27420983,0.843042902,630.0,1786.0
0.870090093438187,0.270699402,0.3024214,0.850580237,630.0,1786.0
0.8656369336325227,0.295308915,0.309147908,0.834781095,630.0,1786.0
0.8638635909783272,0.3126961,0.327642597,0.8134622,630.0,1786.0
0.8632651213128351,0.253652713,0.350036645,0.789120137,630.0,1786.0
0.8663909752530895,0.178706765,0.345215911,0.780710948,630.0,1786.0
0.8704000383211475,0.057477438,0.339488893,0.801560477,630.0,1786.0
0.8682436273585619,0.0,0.357307416,0.830331962,630.0,1786.0
0.8373846360944361,0.0,0.380857248,0.8342966625,630.0,1786.0
0.775943775659799,0.0,0.400944735,0.832886919,630.0,1786.0
0.7407856737341564,0.0,0.41289123,0.841387986,630.0,1786.0
0.6615009656990831,0.0,0.361890111,0.778778442,630.0,1786.0
0.6332232322805612,0.0,0.377818064,0.842790537,630.0,1786.0
0.6097251305066362,0.0,0.398544305,0.861114175,630.0,1786.0
0.6104678624308316,0.0,0.409113083,0.840082697,630.0,1786.0
0.6248910530191827,0.0,0.40770629700000005,0.8076182670000001,630.0,1786.0
0.6483068443935156,0.0,0.38970809,0.765825048,630.0,1786.0
0.6845458296941217,0.0,0.355047401,0.719400654,630.0,1786.0
0.7280964014678677,0.014216332,0.32374518,0.668278674,630.0,1786.0
0.7585292068358588,0.132709064,0.307878381,0.612082518,630.0,1786.0
0.7576727733307003,0.257473494,0.283534918,0.553897096,630.0,1786.0
0.7521565953900677,0.303534357,0.214878641,0.489462004,630.0,1786.0
0.7470520615782849,0.333346134,0.177409979,0.433884295,630.0,1786.0
0.7433257071160941,0.305045426,0.153304136,0.385485154,630.0,1786.0
0.744215563587005,0.281576624,0.139695797,0.370432575,630.0,1786.0
0.7475206260266111,0.229432432,0.115217685,0.363550817,630.0,1786.0
0.7569676651431365,0.164397787,0.092506937,0.378356277,630.0,1786.0
0.7656240071384603,0.054579786,0.091984995,0.429356069,630.0,1786.0
0.7719380365947008,0.0,0.100765909,0.490215121,630.0,1786.0
0.7591915212194158,0.0,0.113422946,0.529237467,630.0,1786.0
0.7402145331394594,0.0,0.136807051,0.563262045,630.0,1786.0
0.719391540297138,0.0,0.158636759,0.578752214,630.0,1786.0
0.6933677163162117,0.0,0.178871064,0.571293369,630.0,1786.0
0.6748517213813294,0.0,0.184123798,0.468221159,630.0,1786.0
0.6555108687821264,0.0,0.214245325,0.502512015,630.0,1786.0
0.6403177557265255,0.0,0.240008111,0.525646565,630.0,1786.0
0.6382494025734351,0.0,0.26626014600000003,0.5808327005,630.0,1786.0
0.6389529874861031,0.0,0.305924118,0.5799548969999999,630.0,1786.0
0.6452704099771894,0.0,0.359534296,0.62080921,630.0,1786.0
0.6589180459845617,0.0,0.38998568,0.63731321,630.0,1786.0
0.6922032766536477,0.010534907,0.410456046,0.647303702,630.0,1786.0
0.7357744373613796,0.128511647,0.431303035,0.637620861,630.0,1786.0
0.7643473434357901,0.210092992,0.466633787,0.637661356,630.0,1786.0
0.764237795831168,0.267086265,0.37773603,0.502849146,630.0,1786.0
0.762413488887525,0.285519625,0.412512377,0.528389195,630.0,1786.0
0.760281498575996,0.257584105,0.447526563,0.545702571,630.0,1786.0
0.7581942871908797,0.227317846,0.439910641,0.582411801,630.0,1786.0
0.76127093064265,0.176860712,0.444374681,0.640030863,630.0,1786.0
0.767956026204769,0.129638964,0.445075953,0.705955919,630.0,1786.0
0.7785954338996542,0.045129341,0.44780872,0.732392144,630.0,1786.0
0.7804002601312353,0.0,0.453676286,0.783214593,630.0,1786.0
0.7695584233073492,0.0,0.4543883915,0.83737489,630.0,1786.0
0.7297939886695641,0.0,0.44284687,0.8514017955,630.0,1786.0
0.693335494034679,0.0,0.34196275,0.8098116365,630.0,1786.0
0.6745195252314973,0.0,0.361741364,0.831430677,630.0,1786.0
0.6647342891952899,0.0,0.3533815885,0.8265813305,630.0,1786.0
0.6806040738748289,0.0,0.33857212400000003,0.8126687865,630.0,1786.0
0.757200747014486,0.0,0.346122577,0.795362199,630.0,1786.0
0.8274801124289816,0.0,0.350884671,0.798467933,630.0,1786.0
0.8680388442521909,0.009802409,0.337744245,0.79759383,630.0,1786.0
0.891553287924934,0.044454127,0.368662351,0.779650121,630.0,1786.0
0.8915333452327999,0.075623223,0.389887388,0.771570846,630.0,1786.0
0.8894210669547751,0.091435497,0.304388897,0.767776488,630.0,1786.0
0.8886636085375467,0.099441285,0.315634775,0.749039263,630.0,1786.0
0.8885702653645019,0.090082827,0.338971657,0.753748974,630.0,1786.0
0.8875328688962162,0.064066452,0.361347537,0.806888306,630.0,1786.0
0.8874417408413949,0.050031221,0.389583303,0.838240054,630.0,1786.0
0.888931913572463,0.027263984,0.436316206,0.834677835,630.0,1786.0
0.8915024151035641,0.007307056,0.461298834,0.832394717,630.0,1786.0
0.8908857572097134,0.0,0.489746304,0.852084963,630.0,1786.0
0.873851625329906,0.0,0.5152392745,0.8789030725,630.0,1786.0
0.8260013884522751,0.0,0.543416145,0.867185576,630.0,1786.0
0.7830463779242828,0.0,0.555441095,0.854134239,630.0,1786.0
0.7504867064455369,0.0,0.390708684,0.866824086,630.0,1786.0
0.6921702228742658,0.0,0.466459959,0.912857932,630.0,1786.0
0.6617358018353645,0.0,0.525011991,0.923230169,630.0,1786.0
0.6460068866779485,0.0,0.5158810220000001,0.9256967700000001,630.0,1786.0
0.6693667506254137,0.0,0.504686145,0.910220302,630.0,1786.0
0.7258657588579285,0.0,0.51458006,0.85774144,630.0,1786.0
0.806057634492946,0.0,0.534434174,0.797534969,630.0,1786.0
0.8568499931185184,0.031682275,0.541031779,0.767312144,630.0,1786.0
0.8823902956320178,0.105601837,0.537575948,0.693703496,630.0,1786.0
0.877567085148697,0.176235567,0.544726092,0.612381647,630.0,1786.0
0.8746192393549808,0.239083117,0.4475161,0.52116487,630.0,1786.0
0.872868147967657,0.301484317,0.506875877,0.606889767,630.0,1786.0
0.8736429641096133,0.291865852,0.573312764,0.717032882,630.0,1786.0
0.8719844775225931,0.24521344,0.61028436,0.766022309,630.0,1786.0
0.8715052033554587,0.167369924,0.653579832,0.767406137,630.0,1786.0
0.8747161842492785,0.077834703,0.699025744,0.775065757,630.0,1786.0
0.8766774136023775,0.010757524,0.721796887,0.740804415,630.0,1786.0
0.8757596739497095,0.0,0.71289502,0.743619531,630.0,1786.0
0.8729667545320284,0.0,0.703698945,0.778130999,630.0,1786.0
0.8386825359671618,0.0,0.702004717,0.799649648,630.0,1786.0
0.7760637101937098,0.0,0.690193972,0.75981149,630.0,1786.0
0.7379607623621667,0.0,0.659272472,0.851462157,630.0,1786.0
0.6771267737313106,0.0,0.643739133,0.861607329,630.0,1786.0
0.6495694749046674,0.0,0.632545679,0.886415872,630.0,1786.0
0.6348902128053537,0.0,0.588767388,0.885875329,630.0,1786.0
0.6441399469273713,0.0,0.538666439,0.869078991,630.0,1786.0
0.6749034711031812,0.0,0.503578957,0.856879107,630.0,1786.0
0.7419883371109152,0.0,0.463445743,0.839272296,630.0,1786.0
0.821691244288212,0.0,0.428800901,0.810747191,630.0,1786.0
0.8643150747574064,0.040741797,0.392752538,0.784871865,630.0,1786.0
0.8865199388130262,0.265157495,0.338207138,0.768934384,630.0,1786.0
0.8837807542396023,0.425140976,0.271646366,0.754999882,630.0,1786.0
0.8766631028251283,0.53512239,0.197711936,0.736672004,630.0,1786.0
0.872868147967657,0.580523905,0.167920012,0.707302386,630.0,1786.0
0.8660571174331836,0.572347902,0.147767661,0.634232328,630.0,1786.0
0.8631781484274166,0.50715361,0.138386719,0.530509761,630.0,1786.0
0.8621182242995903,0.375066163,0.140892341,0.450262401,630.0,1786.0
0.8640022678515586,0.21229834,0.170250356,0.457034153,630.0,1786.0
0.8719136620090889,0.027547017,0.229976444,0.47482264,630.0,1786.0
0.8734923771647598,0.0,0.278649859,0.504866718,630.0,1786.0
0.8691214816269612,0.0,0.301308955,0.540189359,630.0,1786.0
0.8497535768798818,0.0,0.301453786,0.547213313,630.0,1786.0
0.8244701299841249,0.0,0.299409321,0.562635912,630.0,1786.0
0.7766314339917453,0.0,0.294080164,0.573924391,630.0,1786.0
0.7384364361336726,0.0,0.265255038,0.554508598,630.0,1786.0
0.6886457894955587,0.0,0.244187905,0.533801808,630.0,1786.0
0.6691171421957793,0.0,0.236433821,0.56731651,928.0,2628.0
0.6614895632090099,0.0,0.238109493,0.5948566399999999,928.0,2628.0
0.6680061139251409,0.0,0.246111742,0.696385404,928.0,2628.0
0.7112243974181649,0.0,0.247156278,0.734698997,928.0,2628.0
0.7896594576200839,0.0,0.260011296,0.756507691,928.0,2628.0
0.8768705636926076,0.0,0.26501411,0.778777206,928.0,2628.0
0.919372613033226,0.023544516,0.25824261,0.777318122,928.0,2628.0
0.9254564690378553,0.198576183,0.226758003,0.767792182,928.0,2628.0
0.9092824645153486,0.301409814,0.166763537,0.73459391,928.0,2628.0
0.8997721347917201,0.324240143,0.100523099,0.659821037,928.0,2628.0
0.8890405836137913,0.317832843,0.09221902,0.58813836,928.0,2628.0
0.8862639136989144,0.29388296,0.101767267,0.532345997,928.0,2628.0
0.8840357639254919,0.233067317,0.108670724,0.519470587,928.0,2628.0
0.885959139413579,0.176810867,0.124200503,0.534077069,928.0,2628.0
0.8896830938329546,0.109480361,0.144164825,0.486093329,928.0,2628.0
0.9015363366034794,0.031706455,0.172346075,0.52509378,928.0,2628.0
0.9036428901729173,0.0,0.185174929,0.550519573,928.0,2628.0
0.9005664316457382,0.0,0.220472767,0.523824903,928.0,2628.0
0.8777287516615415,0.0,0.260233754,0.547425477,928.0,2628.0
0.8294697790747995,0.0,0.288339721,0.585059678,928.0,2628.0
0.7756930132742019,0.0,0.321839522,0.606055016,928.0,2628.0
0.7275605304335884,0.0,0.34194353,0.60757941,928.0,2628.0
0.6875783861953699,0.0,0.350683459,0.593121976,928.0,2628.0
0.6681785365536446,0.0,0.359077382,0.631043031,928.0,2628.0
0.6592341767939476,0.0,0.343708957,0.7130605335,928.0,2628.0
0.6650449270483588,0.0,0.333057812,0.78219112,928.0,2628.0
0.7076737425277746,0.0,0.320800051,0.80607231,928.0,2628.0
0.7853056420887203,0.0,0.318119852,0.79207999,928.0,2628.0
0.8758638196352646,0.0,0.307434962,0.790822841,928.0,2628.0
0.9190775330384766,0.018258017,0.277291641,0.78826477,928.0,2628.0
0.925148093694079,0.160257198,0.249893048,0.776323261,928.0,2628.0
0.9100103774179341,0.252139056,0.209539076,0.74412012,928.0,2628.0
0.9018159054681659,0.354424258,0.168643071,0.658091636,928.0,2628.0
0.8926193987414198,0.407324958,0.169919983,0.670026507,928.0,2628.0
0.8896736759350374,0.434209104,0.15731573,0.650204153,928.0,2628.0
0.8878718045200453,0.376046284,0.129248867,0.637793466,928.0,2628.0
0.8876899182595857,0.309532191,0.107563889,0.595160125,928.0,2628.0
0.8956568945188506,0.197114027,0.105148865,0.518722119,928.0,2628.0
0.9110767652899007,0.048544823,0.105173443,0.488542609,928.0,2628.0
0.9259543012825312,0.0,0.10710956,0.428306746,928.0,2628.0
0.926597180688065,0.0,0.106926816,0.389062266,928.0,2628.0
0.8987820100863637,0.0,0.10942841,0.332388753,928.0,2628.0
0.8345086679707031,0.0,0.106229103,0.290380182,928.0,2628.0
0.7824802230026193,0.0,0.101487975,0.251192423,928.0,2628.0
0.7406189294173887,0.0,0.111655631,0.264186185,928.0,2628.0
0.6943710435768933,0.0,0.11330872,0.241936729,928.0,2628.0
0.6804622121891905,0.0,0.113215348,0.23473996,928.0,2628.0
0.6716785032158502,0.0,0.1002992485,0.25231032249999996,928.0,2628.0
0.6760495608112207,0.0,0.09207705399999999,0.261726933,928.0,2628.0
0.686538404759678,0.0,0.091673319,0.2672517,928.0,2628.0
0.7012417179259903,0.0,0.088630987,0.291684439,928.0,2628.0
0.7325425447440541,0.008290086,0.086795176,0.334918612,928.0,2628.0
0.7682552607061088,0.163447283,0.076634129,0.39048213,928.0,2628.0
0.7828704012970014,0.295506014,0.053906667,0.430595738,928.0,2628.0
0.7783470715568721,0.405018922,0.042082282,0.464566834,928.0,2628.0
0.7640560944952995,0.482321941,0.037375036,0.463660378,928.0,2628.0
0.7585028474592472,0.510829126,0.037795604,0.466855182,928.0,2628.0
0.7561689824610855,0.47999368,0.04127055,0.454969338,928.0,2628.0
0.7577328327285453,0.399107973,0.050312264,0.449150997,928.0,2628.0
0.764755386506199,0.260176443,0.062243625,0.452134263,928.0,2628.0
0.7965907912120267,0.054416877,0.086923958,0.471328951,928.0,2628.0
0.804707616043404,0.0,0.117076807,0.477580261,928.0,2628.0
0.7962497322694575,0.0,0.148698216,0.5244822925,928.0,2628.0
0.7621457836976093,0.0,0.169663887,0.561031285,928.0,2628.0
0.7165629132002046,0.0,0.1748430295,0.593787267,928.0,2628.0
0.6873382874631364,0.0,0.162900602,0.588076203,928.0,2628.0
0.6708895608898301,0.0,0.154123055,0.573963374,928.0,2628.0
0.666065103988251,0.0,0.154421802,0.5610017860000001,928.0,2628.0
0.6703265225109218,0.0,0.14571355349999998,0.580140349,928.0,2628.0
0.688442760190151,0.0,0.137374019,0.589840166,928.0,2628.0
0.7214438977050582,0.010239606,0.138525947,0.581208202,928.0,2628.0
0.7565332156364531,0.129856381,0.127250948,0.587932208,928.0,2628.0
0.7704775936400549,0.214374683,0.099505527,0.569141437,928.0,2628.0
0.7585928672921445,0.266161319,0.074664828,0.505420014,928.0,2628.0
0.753915673001053,0.31009246,0.062891232,0.424154109,928.0,2628.0
0.7495055840548764,0.343207084,0.05740342,0.36784375,928.0,2628.0
0.7444767592987416,0.333726315,0.054988429,0.334198798,928.0,2628.0
0.7460572282553759,0.267622371,0.059530047,0.300300404,928.0,2628.0
0.7512647080627125,0.186296315,0.07561137,0.327078628,928.0,2628.0
0.7690367241911725,0.043606251,0.11125833,0.364883823,928.0,2628.0
0.7712571183995636,0.0,0.150948175,0.397662931,928.0,2628.0
0.7693503622634633,0.0,0.16911577,0.442144144,928.0,2628.0
0.747409693807396,0.0,0.175941817,0.477445794,928.0,2628.0
0.720592819059304,0.0,0.17580936,0.45202624,928.0,2628.0
0.6936998196723423,0.0,0.153158413,0.362179306,928.0,2628.0
0.6784260582186292,0.0,0.156816256,0.3497967655,928.0,2628.0
0.6591928600336886,0.0,0.16565439799999998,0.359364646,928.0,2628.0
0.6636781500562775,0.0,0.174606652,0.404313551,928.0,2628.0
0.705165377647814,0.0,0.178882772,0.419876689,928.0,2628.0
0.7803372923136521,0.0,0.186967963,0.425333601,928.0,2628.0
0.872395244750961,0.0,0.186087727,0.431426181,928.0,2628.0
0.9152832250856688,0.009444784,0.187935925,0.403286459,928.0,2628.0
0.9161933934350849,0.117645662,0.16671515,0.397628506,928.0,2628.0
0.9031974081579058,0.193380986,0.131923937,0.382068699,928.0,2628.0
0.8873145133853374,0.305831878,0.104633321,0.342862145,928.0,2628.0
0.8802542893416387,0.373351395,0.10329005,0.289385547,928.0,2628.0
0.8718028689804266,0.420775496,0.103764084,0.281392569,928.0,2628.0
0.8692703141080391,0.381822961,0.106209367,0.3288315,928.0,2628.0
0.865998027729522,0.288338704,0.124632818,0.389476982,928.0,2628.0
0.8688640712354447,0.16012329,0.154519331,0.424730391,928.0,2628.0
0.8821370404099039,0.030350467,0.20349669,0.466982988,928.0,2628.0
0.8913366868778307,0.0,0.229734845,0.484375938,928.0,2628.0
0.8915104477240764,0.0,0.238908138,0.474432094,928.0,2628.0
0.8709789344808759,0.0,0.245125432,0.445472432,928.0,2628.0
0.8279589252788558,0.0,0.249419103,0.407975895,928.0,2628.0
0.7760737736706667,0.0,0.254700452,0.369179615,928.0,2628.0
0.7280552229370838,0.0,0.248566509,0.385232529,928.0,2628.0
0.6867953531711222,0.0,0.239109099,0.37755422,928.0,2628.0
0.6621729975716517,0.0,0.22354667849999998,0.3669209035,928.0,2628.0
0.6581902942778926,0.0,0.227113605,0.39065570400000005,928.0,2628.0
0.7021636584820997,0.0,0.228016342,0.444947125,928.0,2628.0
0.7746092683403196,0.0,0.22931606,0.479226816,928.0,2628.0
0.865799707704479,0.0,0.230264267,0.497475872,928.0,2628.0
0.8972822351955991,0.014640825,0.22671888,0.497348531,928.0,2628.0
0.8930334893099352,0.220968891,0.203517225,0.507917548,928.0,2628.0
0.8740673958733786,0.386115307,0.144226561,0.527381804,928.0,2628.0
0.8639926656918622,0.528927344,0.095959692,0.482947284,928.0,2628.0
0.8551909063550915,0.606889224,0.091299438,0.4710046825,928.0,2628.0
0.850872775635961,0.5332051,0.10580118,0.485642116,928.0,2628.0
0.8480273217268363,0.430354301,0.131783706,0.49548835,928.0,2628.0
0.8510081285062328,0.253438789,0.19328705,0.548865933,928.0,2628.0
0.8612658525073208,0.028963122,0.250532051,0.590841192,928.0,2628.0
0.8682677712855437,0.0,0.2906711865,0.622127292,928.0,2628.0
0.8529664958364443,0.0,0.285924459,0.647620306,928.0,2628.0
0.818604260304004,0.0,0.267276278,0.643838035,928.0,2628.0
0.7749327849649758,0.0,0.251533345,0.632108898,928.0,2628.0
0.7293680337634655,0.0,0.22643323,0.663330635,928.0,2628.0
0.684211649084696,0.0,0.220796973,0.649577189,928.0,2628.0
0.6655767357069372,0.0,0.219251392,0.638263309,928.0,2628.0
0.6569782364004856,0.0,0.21804863,0.624265805,928.0,2628.0
0.6589022117667138,0.0,0.222353256,0.6565279565,928.0,2628.0
0.7037094590489413,0.0,0.225367626,0.665556977,928.0,2628.0
0.7789884735541115,0.0,0.224101196,0.631850021,928.0,2628.0
0.8685562500026305,0.0,0.226909767,0.616369131,928.0,2628.0
0.9078142659956715,0.010857354,0.227239594,0.6120062,928.0,2628.0
0.9065527893079199,0.247457559,0.217350979,0.631555752,928.0,2628.0
0.8886704408052455,0.413414376,0.183302435,0.636740021,928.0,2628.0
0.8793696955992423,0.53278833,0.115097786,0.614443458,928.0,2628.0
0.8701630789986884,0.5998678655,0.12375192099999999,0.6240980575,928.0,2628.0
0.8678451400509988,0.533900546,0.133099362,0.640045608,928.0,2628.0
0.8660477001980783,0.418967675,0.148496025,0.653420743,928.0,2628.0
0.8688640712354447,0.245888431,0.177681568,0.66224866,928.0,2628.0
0.8812083139829466,0.016242369,0.204423057,0.678464959,928.0,2628.0
0.8863501482115917,0.0,0.216214049,0.693871336,928.0,2628.0
0.88625532696744,0.0,0.217017609,0.703920195,928.0,2628.0
0.8680932253382998,0.0,0.213465983,0.702106627,928.0,2628.0
0.8282174432294843,0.0,0.213857941,0.696725893,928.0,2628.0
0.7760737736706667,0.0,0.211525617,0.692100959,928.0,2628.0
0.7276988374576372,0.0,0.187703444,0.672598977,928.0,2628.0
0.6872372811873558,0.0,0.181954581,0.639501705,928.0,2628.0
0.6635447134422284,0.0,0.1867893255,0.6173661905000001,928.0,2628.0
0.6611733863010387,0.0,0.1915685875,0.619865304,928.0,2628.0
0.7054472550872382,0.0,0.182487003,0.608703305,928.0,2628.0
0.7817884101640825,0.0,0.180081997,0.597192448,928.0,2628.0
0.8733081829923746,0.0,0.177342989,0.592174318,928.0,2628.0
0.9171661604157133,0.005007818,0.166399915,0.602474457,928.0,2628.0
0.9207183848452879,0.122571481,0.140736398,0.610586284,928.0,2628.0
0.9062982416021029,0.25079506,0.105418251,0.596992333,928.0,2628.0
0.8940465108612028,0.351444187,0.056927813,0.519054906,928.0,2628.0
0.8813480523498451,0.4067274295,0.052601034,0.47369396500000005,928.0,2628.0
0.8725454625094439,0.374685487,0.044211701,0.399141402,928.0,2628.0
0.8721255551014518,0.277762921,0.040098349,0.329919515,928.0,2628.0
0.8805643263554889,0.183585811,0.042756475,0.30413599,928.0,2628.0
0.9041929798535561,0.026282822,0.056564453,0.317948695,928.0,2628.0
0.9169475278493534,0.0,0.074499565,0.340485568,928.0,2628.0
0.9067434465616332,0.0,0.09240857150000001,0.32482411349999996,928.0,2628.0
0.829027805324527,0.0,0.11070882,0.271362891,928.0,2628.0
0.7781454275288694,0.0,0.121420985,0.256221728,928.0,2628.0
0.7322975064042317,0.0,0.140075921,0.239503615,928.0,2628.0
0.6945972467836932,0.0,0.135615629,0.273083083,928.0,2628.0
0.6756910284832024,0.0,0.1398074605,0.326820768,928.0,2628.0
0.6710842112553743,0.0,0.13509414949999998,0.38513204700000003,928.0,2628.0
0.7118874965713141,0.0,0.138858151,0.385824368,928.0,2628.0
0.7854439497755812,0.0,0.144821008,0.414929751,928.0,2628.0
0.8750548428176268,0.0,0.144936433,0.450090082,928.0,2628.0
0.9186482083953795,0.002936101,0.142089446,0.465276573,928.0,2628.0
0.9255027253725622,0.083615417,0.139535748,0.465967865,928.0,2628.0
0.9109382733412605,0.180857273,0.138072982,0.488716823,928.0,2628.0
0.90099344837691,0.268028417,0.134676689,0.496564936,928.0,2628.0
0.8908972059640752,0.306281965,0.131051479,0.496151715,928.0,2628.0
0.8845231628440284,0.32832446,0.131786864,0.505615488,928.0,2628.0
0.8814658165053529,0.282194026,0.130916812,0.538888041,928.0,2628.0
0.8802242831725479,0.19174285,0.117662532,0.548311509,928.0,2628.0
0.8825900937281673,0.107307002,0.128511965,0.564502066,928.0,2628.0
0.8915117402077796,0.016348358,0.156648048,0.58910626,928.0,2628.0
0.8980038706042599,0.0,0.188424338,0.607725992,928.0,2628.0
0.8952319093069355,0.0,0.20846154,0.646982387,928.0,2628.0
0.8725673439271329,0.0,0.221962267,0.681352751,928.0,2628.0
0.8288590301513149,0.0,0.244191533,0.693866466,928.0,2628.0
0.7761395113802476,0.0,0.263903547,0.714967949,928.0,2628.0
0.7274993164169685,0.0,0.260939938,0.722218991,928.0,2628.0
0.6689644316007798,0.0,0.28283161,0.736641664,928.0,2628.0
0.6471767506626307,0.0,0.302299201,0.746167881,928.0,2628.0
0.6321505203189755,0.0,0.318808793,0.77646542,928.0,2628.0
0.6270946434812456,0.0,0.335797205,0.795305873,928.0,2628.0
0.6276933900033749,0.0,0.355834292,0.815141397,928.0,2628.0
0.6385047123475279,0.0,0.377336311,0.829545081,928.0,2628.0
0.648713733574243,0.0,0.393289427,0.837112822,928.0,2628.0
0.6662113054364777,0.0,0.403303317,0.849939039,928.0,2628.0
0.7068408527731913,0.004483598,0.412124975,0.868406421,928.0,2628.0
0.7346584234177075,0.083449073,0.407449248,0.885109606,928.0,2628.0
0.7508802080800665,0.137602167,0.380826144,0.887393243,928.0,2628.0
0.74867966443292,0.205116618,0.304231284,0.873329621,928.0,2628.0
0.7442921266761156,0.2827320135,0.2786393025,0.864912278,928.0,2628.0
0.7417530394585299,0.274689408,0.271955647,0.844096056,928.0,2628.0
0.7434058477338139,0.194878988,0.29168345,0.82085658,928.0,2628.0
0.7470250095629709,0.098969567,0.322196367,0.823674361,928.0,2628.0
0.7574094539688175,0.007131724,0.351898114,0.794493224,928.0,2628.0
0.7586071088055234,0.0,0.387465126,0.7800636325,928.0,2628.0
0.738148972844808,0.0,0.40552920000000003,0.8474173764999999,928.0,2628.0
0.7183519744446675,0.0,0.393269099,0.860548518,928.0,2628.0
0.6942106702105642,0.0,0.353061301,0.831916048,928.0,2628.0
0.657477684382353,0.0,0.367668342,0.842424237,928.0,2628.0
0.6300693566970905,0.0,0.369360895,0.854617778,928.0,2628.0
0.6343867717779369,0.0,0.38007647899999997,0.8568331955,928.0,2628.0
0.6582900776983869,0.0,0.392694604,0.869487307,928.0,2628.0
0.7069203464862472,0.003460859,0.409652856,0.871706389,928.0,2628.0
0.7347430883912006,0.099454015,0.413044719,0.868636879,928.0,2628.0
0.7509576715994903,0.194176982,0.419250412,0.865887633,928.0,2628.0
0.7481047385180031,0.261000049,0.33989142,0.854561323,928.0,2628.0
0.741693718433426,0.319275742,0.377827987,0.850357688,928.0,2628.0
0.7420892515872122,0.351149126,0.393095366,0.853252823,928.0,2628.0
0.742424771077192,0.35295549,0.38781829,0.848486277,928.0,2628.0
0.7436112770820366,0.2624589,0.389426423,0.86104323,928.0,2628.0
0.7487549579053467,0.155399418,0.382338143,0.876196564,928.0,2628.0
0.7627637347379753,0.009624248,0.38482763,0.866965035,928.0,2628.0
0.7651953751340658,0.0,0.393952034,0.86316806,928.0,2628.0
0.755898438446708,0.0,0.399969524,0.8561507965,928.0,2628.0
0.7280219388304778,0.0,0.3924717185,0.8258103489999999,928.0,2628.0
0.694386000595994,0.0,0.344756148,0.737399492,928.0,2628.0
0.6854717404950424,0.0,0.325751806,0.697020488,928.0,2628.0
0.6661388275900876,0.0,0.306690018,0.651304777,928.0,2628.0
0.6565285532831892,0.0,0.280304208,0.605322383,928.0,2628.0
0.6572005620236134,0.0,0.2334945105,0.5650894375,928.0,2628.0
0.7013999683049855,0.0,0.212833345,0.530614912,928.0,2628.0
0.7736234830661451,0.0,0.21667044,0.536207099,928.0,2628.0
0.865799707704479,0.0,0.223631455,0.514978929,928.0,2628.0
0.8995735370483842,0.003873133,0.24566124,0.492103041,928.0,2628.0
0.905129923825617,0.108593562,0.251824277,0.470927285,928.0,2628.0
0.8944353038781798,0.178358896,0.249105763,0.458765348,928.0,2628.0
0.8859755738409741,0.238927227,0.208267324,0.317648942,928.0,2628.0
0.8815789181087529,0.28436138,0.203282296,0.310949692,928.0,2628.0
0.8762132349820841,0.2849751615,0.22183814000000002,0.311737739,928.0,2628.0
0.8746535856180658,0.211936555,0.262481926,0.35103661,928.0,2628.0
0.880213388529148,0.134308127,0.282412806,0.420917428,928.0,2628.0
0.8887830810913853,0.007156633,0.300466596,0.486643758,928.0,2628.0
0.8929611042572467,0.0,0.313185909,0.557202461,928.0,2628.0
0.8802318538129877,0.0,0.3107855775,0.649697411,928.0,2628.0
0.8279662188638148,0.0,0.28401576,0.718909764,928.0,2628.0
0.7753844536686465,0.0,0.263042322,0.719907536,928.0,2628.0
0.7278605033076695,0.0,0.237409222,0.722404105,928.0,2628.0
0.6858975568734006,0.0,0.213800466,0.715146301,928.0,2628.0
0.6612336303583504,0.0,0.20514758249999998,0.7375189895,928.0,2628.0
0.6577847900431641,0.0,0.19530018500000002,0.742961478,928.0,2628.0
0.7023554696917758,0.0,0.209831543,0.722914015,928.0,2628.0
0.7768715794522358,0.0,0.23293278,0.725069771,928.0,2628.0
0.8674630871708309,0.0,0.259710218,0.731199166,928.0,2628.0
0.9000275136639803,0.001295021,0.286686557,0.746772758,928.0,2628.0
0.9068282036660159,0.052291317,0.315534611,0.762096323,928.0,2628.0
0.8996124997981322,0.149255311,0.345214972,0.77611762,928.0,2628.0
0.8917884470495788,0.232914112,0.278629468,0.803416759,928.0,2628.0
0.8872234781242179,0.309551965,0.319896265,0.82853017,928.0,2628.0
0.8840233918737975,0.327838102,0.380853511,0.860813293,928.0,2628.0
0.8806286794504772,0.329935662,0.431963006,0.876244994,928.0,2628.0
0.8799445293832698,0.284679415,0.45430681,0.874445827,928.0,2628.0
0.8825900937281673,0.184243863,0.444123277,0.866320306,928.0,2628.0
0.8935111939378856,0.011071012,0.428297573,0.863144975,928.0,2628.0
0.9027879340760534,0.0,0.419002135,0.862775428,928.0,2628.0
0.8906416421672236,0.0,0.403540316,0.867465173,928.0,2628.0
0.8306922008819132,0.0,0.382362897,0.869276717,928.0,2628.0
0.775529592960394,0.0,0.368711139,0.861075156,928.0,2628.0
0.7277155489405135,0.0,0.379245398,0.859304574,928.0,2628.0
0.6899157601210827,0.0,0.323323375,0.835899624,928.0,2628.0
0.6717053706379789,0.0,0.283852526,0.795418292,928.0,2628.0
0.6640196713103252,0.0,0.257944941,0.739460895,928.0,2628.0
0.6706874320147358,0.0,0.2201896445,0.6807422784999999,928.0,2628.0
0.7139296977085758,0.0,0.192166814,0.698861631,928.0,2628.0
0.7935162720732147,0.0,0.18044461,0.716213642,928.0,2628.0
0.8821908673850509,0.0,0.173811406,0.715530073,928.0,2628.0
0.9251492019160029,0.002131442,0.168804052,0.721443524,928.0,2628.0
0.9292478228368859,0.122059976,0.155534294,0.7306486,928.0,2628.0
0.9197430328972528,0.251904693,0.121357382,0.708080696,928.0,2628.0
0.9080384376832147,0.350598227,0.079986677,0.648515788,928.0,2628.0
0.8997584702563227,0.430415021,0.066665252,0.603724822,928.0,2628.0
0.8917737670859592,0.444545254,0.058134781,0.558049905,928.0,2628.0
0.8860676245303158,0.408557409,0.056230506,0.554848299,928.0,2628.0
0.8852736968626684,0.329286184,0.05641489,0.558384491,928.0,2628.0
0.8942708681361496,0.205986312,0.069872419,0.567053794,928.0,2628.0
0.9072655609296254,0.011789959,0.095038428,0.574408208,928.0,2628.0
0.9212354214093568,0.0,0.113667087,0.576129972,928.0,2628.0
0.9194766665878913,0.0,0.122629276,0.574313092,928.0,2628.0
0.8921142722489727,0.0,0.129376176,0.564610787,928.0,2628.0
0.829027805324527,0.0,0.132365396,0.529932787,928.0,2628.0
0.7781454275288694,0.0,0.135005463,0.487790208,928.0,2628.0
0.7322975064042317,0.0,0.111443328,0.468882292,928.0,2628.0
0.6966983533628373,0.0,0.106166641,0.39687641,928.0,2628.0
0.6817680747557461,0.0,0.0997528925,0.3440406185,928.0,2628.0
0.6826933625132408,0.0,0.0922965075,0.345086501,928.0,2628.0
0.7239424761635432,0.0,0.093165952,0.363098846,928.0,2628.0
0.8140355053956108,0.0,0.09417081,0.350269845,928.0,2628.0
0.8953429793910789,0.0,0.098800738,0.341682099,928.0,2628.0
0.9313582545202455,0.001495331,0.100769897,0.353953482,928.0,2628.0
0.9344549327950396,0.106712532,0.097037615,0.353701625,928.0,2628.0
0.9242342321553327,0.234610173,0.076135925,0.329761826,928.0,2628.0
0.9110031798843987,0.355910072,0.056139445,0.310100285,928.0,2628.0
0.9034523257129057,0.456909906,0.053976824,0.308899861,928.0,2628.0
0.8932302861926447,0.517328138,0.0569425145,0.2976954935,928.0,2628.0
0.889790101541397,0.443561164,0.073870468,0.316122937,928.0,2628.0
0.8984623709128172,0.27245773,0.113861775,0.391432378,928.0,2628.0
0.9133135011319853,0.011619329,0.163313268,0.471289964,928.0,2628.0
0.9244035614395069,0.0,0.197881507,0.509328254,928.0,2628.0
0.9092107257045119,0.0,0.2245089365,0.5288942505,928.0,2628.0
0.8319870077417155,0.0,0.228565009,0.515144363,928.0,2628.0
0.7808188750555242,0.0,0.228583959,0.495306159,928.0,2628.0
0.7379530531939862,0.0,0.205053626,0.416956996,928.0,2628.0
0.7045727712186494,0.0,0.214236913,0.423511255,928.0,2628.0
0.6920095724524556,0.0,0.218017095,0.403400136,928.0,2628.0
0.6886871522881218,0.0,0.2192604175,0.395580685,928.0,2628.0
0.6965915763130249,0.0,0.215806813,0.413074107,928.0,2628.0
0.735732381930114,0.0,0.211549796,0.388744938,928.0,2628.0
0.8276776940812832,0.0,0.217714903,0.360619166,928.0,2628.0
0.9043114369791724,0.0,0.224382435,0.362276431,928.0,2628.0
0.9364508775975944,0.002046371,0.231398197,0.381318401,928.0,2628.0
0.9440430024307607,0.195480795,0.221749011,0.396794407,928.0,2628.0
0.9348009777420486,0.386943484,0.176570971,0.406147946,928.0,2628.0
0.9263790094389652,0.526265763,0.124973879,0.339959523,928.0,2628.0
0.9211473403020144,0.615091543,0.130656896,0.261369299,928.0,2628.0
0.9139183417479159,0.646330819,0.129362229,0.227950122,928.0,2628.0
0.9086847332225979,0.602752095,0.127011166,0.249974603,928.0,2628.0
0.9078796338560696,0.477627372,0.14798839,0.317547224,928.0,2628.0
0.9157188278855029,0.283977736,0.206748138,0.397141342,928.0,2628.0
0.9285523168090186,0.010102648,0.293929596,0.479430904,928.0,2628.0
0.9330066769674965,0.0,0.345370467,0.536367634,928.0,2628.0
0.9165221734510676,0.0,0.3815014795,0.5575045439999999,928.0,2628.0
0.834500542556489,0.0,0.389273662,0.556610066,928.0,2628.0
0.782519277883257,0.0,0.38090167,0.554670782,928.0,2628.0
0.7406189294173887,0.0,0.382799067,0.593718098,928.0,2628.0
0.6944459214660985,0.0,0.358230405,0.563025931,928.0,2628.0
0.6833923310718083,0.0,0.360507694,0.56198411,928.0,2628.0
0.6768666855786859,0.0,0.361571891,0.565577104,928.0,2628.0
0.680351810882512,0.0,0.368618232,0.5455458455,928.0,2628.0
0.6940941060764639,0.0,0.3895800175,0.5697522745,928.0,2628.0
0.7121704815698501,0.0,0.402148882,0.610463631,928.0,2628.0
0.7442265503612944,0.001926185,0.417122825,0.635103222,928.0,2628.0
0.7771903874593394,0.215881028,0.41237447,0.654419116,928.0,2628.0
0.7960221441166587,0.445573966,0.353405183,0.652533609,928.0,2628.0
0.7893211682381064,0.589072014,0.288116362,0.628296282,928.0,2628.0
0.781175998907712,0.679491139,0.278452169,0.573959075,928.0,2628.0
0.773799136903907,0.691365731,0.281203359,0.520109438,928.0,2628.0
0.7657348008299348,0.633648783,0.293026779,0.490147769,928.0,2628.0
0.7684958674838596,0.500719824,0.325589036,0.495292012,928.0,2628.0
0.7862495104593696,0.296765587,0.420473307,0.551007494,928.0,2628.0
0.8043777284683092,0.009395746,0.481072727,0.606136316,928.0,2628.0
0.8086900884134082,0.0,0.495404519,0.644692884,928.0,2628.0
0.7994305674722275,0.0,0.479310688,0.641653872,928.0,2628.0
0.7653953110951437,0.0,0.448461704,0.620831377,928.0,2628.0
0.7374347241462139,0.0,0.424017038,0.592675827,928.0,2628.0
0.7073413157193124,0.0,0.38437077,0.55869762,928.0,2628.0
0.703025586037215,0.0,0.361221432,0.520022417,928.0,2628.0
0.6923746139272469,0.0,0.338438,0.49797137599999997,928.0,2628.0
0.6943089761896233,0.0,0.318191863,0.488770083,928.0,2628.0
0.7071518130843738,0.0,0.288053563,0.458533438,928.0,2628.0
0.7120236342111779,0.0,0.286501175,0.460215458,928.0,2628.0
0.7230463408730833,0.0,0.284875448,0.466083171,928.0,2628.0
0.7542785679586788,0.001537955,0.272533819,0.484524696,928.0,2628.0
0.7872068591036373,0.16145034,0.246521642,0.523348756,928.0,2628.0
0.8040408237009246,0.379419155,0.207584311,0.563134079,928.0,2628.0
0.7991751422031167,0.500381569,0.158713664,0.569660683,928.0,2628.0
0.792036532005474,0.576149237,0.162374631,0.617527315,928.0,2628.0
0.7870360524111686,0.576354217,0.178634292,0.657513014,928.0,2628.0
0.7853345406986995,0.499071988,0.20162967,0.712035971,928.0,2628.0
0.7883967812423311,0.373526397,0.239568756,0.751743821,928.0,2628.0
0.7966361242494012,0.214550045,0.295584489,0.789037329,928.0,2628.0
0.8136935228243027,0.007809006,0.342862723,0.832507279,928.0,2628.0
0.8143907833159455,0.0,0.3887527605,0.8731572825,928.0,2628.0
0.7782845193225103,0.0,0.40392532800000003,0.8898807559999999,928.0,2628.0
0.7351750443985551,0.0,0.402734543,0.898162015,928.0,2628.0
0.7096609627339268,0.0,0.3785131095,0.9000052384999999,928.0,2628.0
0.703963314447462,0.0,0.3987651365,0.905839395,928.0,2628.0
0.702445766580154,0.0,0.441692332,0.9143403425,928.0,2628.0
0.7421980137594302,0.0,0.463965663,0.921126794,928.0,2628.0
0.8277143482562938,0.0,0.462061524,0.926321599,928.0,2628.0
0.904155679436694,0.0,0.455239802,0.92826995,928.0,2628.0
0.9362902271757843,0.0,0.464215391,0.928144068,928.0,2628.0
0.9448902036254053,0.051213407,0.479785923,0.92782277,928.0,2628.0
0.9392353030775026,0.129329369,0.576335456,0.926192468,928.0,2628.0
0.935253199893869,0.232103849,0.521183658,0.927328708,928.0,2628.0
0.9335288841291904,0.288833142,0.557948428,0.926501175,928.0,2628.0
0.9336051466329885,0.29211961,0.593342189,0.929503369,928.0,2628.0
0.9329422324044309,0.272275173,0.619857375,0.930148456,928.0,2628.0
0.934128830540165,0.229785541,0.662775082,0.929795606,928.0,2628.0
0.9372689952576685,0.134433327,0.656713746,0.929859463,928.0,2628.0
0.9453677233287644,0.004759928,0.651007879,0.930396239,928.0,2628.0
0.9441982058622771,0.0,0.6674826570000001,0.9301424684999999,928.0,2628.0
0.9066504725749589,0.0,0.678600615,0.927391469,928.0,2628.0
0.8373961309142426,0.0,0.679176525,0.925542362,928.0,2628.0
0.7826506605087175,0.0,0.681363129,0.924750413,928.0,2628.0
0.7408988674684459,0.0,0.619958277,0.932112114,928.0,2628.0
0.7111536283015115,0.0,0.64345732,0.929868818,928.0,2628.0
0.698671308857185,0.0,0.654853421,0.9312844815000001,928.0,2628.0
0.6992990463190267,0.0,0.656931882,0.9340569255,928.0,2628.0
0.7426206910594199,0.0,0.658407917,0.935229552,928.0,2628.0
0.8291574341490241,0.0,0.651920606,0.935725948,928.0,2628.0
0.9045123426344337,0.0,0.647953028,0.935840918,928.0,2628.0
0.9385906698710054,0.0,0.635947262,0.935708799,928.0,2628.0
0.9507844178045436,0.048900499,0.629346107,0.93484589,928.0,2628.0
0.9499771026569795,0.116040169,0.632534367,0.935139016,928.0,2628.0
0.9463888702942461,0.186213787,0.571537389,0.929620818,928.0,2628.0
0.9446337165312215,0.235689922,0.606650635,0.933760596,928.0,2628.0
0.9448156027916812,0.224175434,0.579778182,0.934999266,928.0,2628.0
0.9429129090312818,0.189542553,0.53881081,0.934822792,928.0,2628.0
0.9435734225542124,0.147017046,0.513625579,0.933819411,928.0,2628.0
0.9458031418668189,0.086466518,0.510719824,0.934735793,928.0,2628.0
0.951966584378206,0.003833262,0.506211377,0.934290526,928.0,2628.0
0.9518261537040112,0.0,0.503901442,0.933219647,928.0,2628.0
0.9476218175583891,0.0,0.490239175,0.930008939,928.0,2628.0
0.9129336640328533,0.0,0.469514499,0.925946942,928.0,2628.0
0.843131172079865,0.0,0.445352316,0.925320997,928.0,2628.0
0.7876079313786067,0.0,0.421801365,0.923876489,928.0,2628.0
0.7461857952547998,0.0,0.342722899,0.913272026,928.0,2628.0
0.7101913864465061,0.0,0.3511344545,0.917159117,928.0,2628.0
0.703759708164073,0.0,0.34727375250000003,0.9145452245000001,928.0,2628.0
0.7078701238272628,0.0,0.32011002,0.905032358,928.0,2628.0
0.749062779138161,0.0,0.30019976,0.885501896,928.0,2628.0
0.8340117590233598,0.0,0.283019736,0.871297068,928.0,2628.0
0.9105565896474633,0.0,0.269898147,0.855182833,928.0,2628.0
0.9461320140136914,0.0,0.253847873,0.827040482,928.0,2628.0
0.9563403426017041,0.07378635,0.237958529,0.799089443,928.0,2628.0
0.9528882021447956,0.161890331,0.242018606,0.77127072,928.0,2628.0
0.9479288076247602,0.241351459,0.19577732,0.73840284,928.0,2628.0
0.94419580515665,0.279047164,0.180261711,0.685531126,928.0,2628.0
0.9423620803150897,0.308604496,0.173073826,0.637968188,928.0,2628.0
0.9413023404490426,0.273893127,0.176588936,0.61657405,928.0,2628.0
0.9411527695952235,0.198766126,0.184266288,0.619472044,928.0,2628.0
0.9436343595153512,0.093200972,0.178117518,0.619700868,928.0,2628.0
0.9501582498818859,0.003226515,0.185483762,0.64494605,928.0,2628.0
0.9535898941985101,0.0,0.195363462,0.652402292,928.0,2628.0
0.9306410513364682,0.0,0.1881686795,0.6502164645,928.0,2628.0
0.8441089247335272,0.0,0.177986076,0.634567225,928.0,2628.0
0.788140294148147,0.0,0.167479923,0.604043468,928.0,2628.0
0.7469925105573632,0.0,0.14908669,0.530057239,928.0,2628.0
0.7169052417594577,0.0,0.145624366,0.496179972,928.0,2628.0
0.7077467277568699,0.0,0.1369247985,0.5131835545,928.0,2628.0
0.7082498459284858,0.0,0.12725811050000002,0.513587764,928.0,2628.0
0.7501670208751395,0.0,0.119515003,0.503237766,928.0,2628.0
0.8336221348399397,0.0,0.123873215,0.507696379,928.0,2628.0
0.9101144309725996,0.0,0.121952666,0.500580278,928.0,2628.0
0.944030261192696,0.0,0.12244973,0.490373867,928.0,2628.0
0.9550772042438787,0.056728077,0.121247605,0.477254634,928.0,2628.0
0.9528882021447956,0.162322741,0.10541037,0.435381766,928.0,2628.0
0.949225922396488,0.251114987,0.079150953,0.404931531,928.0,2628.0
0.9452949690897055,0.299314907,0.073931259,0.374533677,928.0,2628.0
0.9423359515971084,0.308827877,0.0733964,0.360621624,928.0,2628.0
0.9410503777106319,0.290589636,0.071625755,0.345482684,928.0,2628.0
0.940895082148226,0.225184393,0.078537513,0.350694728,928.0,2628.0
0.9437054514215243,0.140431765,0.085924145,0.350069625,928.0,2628.0
0.9538441655116585,0.004244905,0.094182789,0.348654971,928.0,2628.0
0.9525421104695297,0.0,0.10924322,0.369253663,928.0,2628.0
0.9146867869394336,0.0,0.111405225,0.364634306,928.0,2628.0
0.8458092354303706,0.0,0.103947685,0.337210489,928.0,2628.0
0.7908394084127107,0.0,0.099641771,0.305306035,928.0,2628.0
0.7514286360906315,0.0,0.084524824,0.239275951,928.0,2628.0
0.7221277707167846,0.0,0.081283713,0.233031722,928.0,2628.0
0.7110527134938085,0.0,0.082557751,0.2216340805,928.0,2628.0
0.7089036428444389,0.0,0.0792340695,0.2351469525,928.0,2628.0
0.7479406255654926,0.0,0.07760683,0.242655631,928.0,2628.0
0.8321591069178873,0.0,0.079982072,0.237743916,928.0,2628.0
0.9078656001343016,0.0,0.083087632,0.244615555,928.0,2628.0
0.9406806047512688,0.0,0.088397748,0.263056867,928.0,2628.0
0.9511651782010083,0.059028373,0.087121682,0.270498584,928.0,2628.0
0.9461617437901136,0.191766098,0.069657057,0.252442641,928.0,2628.0
0.9381486033270313,0.305312366,0.049503633,0.181823351,928.0,2628.0
0.9286905317021777,0.380244116,0.041874255,0.142998111,928.0,2628.0
0.924140796188586,0.426478866,0.042718385,0.115631584,928.0,2628.0
0.9211488177103089,0.415766261,0.044750082,0.098222646,928.0,2628.0
0.920227846848383,0.319109672,0.057704805,0.099505133,928.0,2628.0
0.9240916778309916,0.176850779,0.085180755,0.129465166,928.0,2628.0
0.9350873788744339,0.003389669,0.120471811,0.18129531,928.0,2628.0
0.9399813127403693,0.0,0.138175325,0.209251784,928.0,2628.0
0.9222822354441538,0.0,0.155726462,0.229967241,928.0,2628.0
0.8393784111813997,0.0,0.158311737,0.232484962,928.0,2628.0
0.7851384364546924,0.0,0.149229541,0.210858445,928.0,2628.0
0.7441804789511788,0.0,0.128225398,0.196076446,928.0,2628.0
0.6910773145623339,0.0,0.136439785,0.2321344645,928.0,2628.0
0.6782654077968191,0.0,0.1193300125,0.2586128465,928.0,2628.0
0.682739572451097,0.0,0.106514386,0.2592701515,928.0,2628.0
0.6989960261660607,0.0,0.105527635,0.280711331,928.0,2628.0
0.734389934121012,0.0,0.101356876,0.263215493,928.0,2628.0
0.7737573585281224,0.018979336,0.097847551,0.244487262,928.0,2628.0
0.796613504458971,0.052897067,0.091979916,0.238166741,928.0,2628.0
0.798099337096045,0.085486976,0.069297073,0.223550093,928.0,2628.0
0.7972310856501542,0.106897285,0.08051972,0.214696081,928.0,2628.0
0.7944651261168976,0.123626795,0.084327121,0.215242691,928.0,2628.0
0.7929651663015416,0.105815114,0.078730733,0.211806275,928.0,2628.0
0.7938848446797643,0.070985095,0.069456025,0.19250604,928.0,2628.0
0.7995594108643204,0.043200118,0.070922253,0.183718636,928.0,2628.0
0.8112499723565905,0.001286057,0.07715439,0.195336517,928.0,2628.0
0.8104173589946759,0.0,0.085525066,0.223844931,928.0,2628.0
0.7961105019480761,0.0,0.0899516635,0.229918296,928.0,2628.0
0.7457509768931518,0.0,0.08108977,0.1890760095,928.0,2628.0
0.700009186907881,0.0,0.077337598,0.1884049,928.0,2628.0
0.6844030443797444,0.0,0.0718231875,0.160553881,928.0,2628.0
0.6683080261875889,0.0,0.0689105495,0.1733518145,928.0,2628.0
0.6675815900304859,0.0,0.066440709,0.231041559,928.0,2628.0
0.6745000445194355,0.0,0.068999613,0.273541456,928.0,2628.0
0.6810593887081671,0.0,0.069972323,0.301442407,928.0,2628.0
0.694692021630994,0.0,0.06565317,0.31963424,928.0,2628.0
0.7277131946317371,0.0,0.063917077,0.337348067,928.0,2628.0
0.7668987327783878,0.044235368,0.066240473,0.364232959,928.0,2628.0
0.7903605034319467,0.085105863,0.060094763,0.386955906,928.0,2628.0
0.7918843755214363,0.116567812,0.064670546,0.43211138,928.0,2628.0
0.7905016731416952,0.14686723,0.069152812,0.427485494,928.0,2628.0
0.791111221712366,0.156707444,0.078998487,0.450167516,928.0,2628.0
0.7904487688010685,0.132432788,0.087342521,0.475068304,928.0,2628.0
0.7938848446797643,0.099765795,0.100638899,0.527092371,928.0,2628.0
0.8008071308857847,0.039661147,0.118214993,0.579795818,928.0,2628.0
0.8136935228243027,0.001135709,0.150294802,0.636772449,928.0,2628.0
0.8115196620060996,0.0,0.1858684195,0.7075887435,928.0,2628.0
0.7871448145833865,0.0,0.201745889,0.754308521,928.0,2628.0
0.7609815746936754,0.0,0.213032112,0.765046756,928.0,2628.0
0.7319479525296717,0.0,0.215915507,0.75749469,928.0,2628.0
0.6995475468581432,0.0,0.181727522,0.756868461,928.0,2628.0
0.7092165418811762,0.0,0.19718687,0.73561461,928.0,2628.0
0.6998169601149835,0.0,0.218881499,0.707107957,928.0,2628.0
0.694528554920335,0.0,0.227219201,0.667691993,928.0,2628.0
0.6952719796157953,0.0,0.22735991900000002,0.6364083,928.0,2628.0
0.7356060771085768,0.0,0.215772389,0.635764824,928.0,2628.0
0.826685353594891,0.0,0.21515728,0.644892706,928.0,2628.0
0.9035507473526858,0.0,0.216460718,0.635300427,928.0,2628.0
0.935219961852708,0.0,0.220731586,0.63251602,928.0,2628.0
0.9442488937590557,0.010550011,0.227906629,0.625333736,928.0,2628.0
0.941434831296427,0.039972703,0.243137617,0.600558614,928.0,2628.0
0.937352736933829,0.069982235,0.195482624,0.537013496,928.0,2628.0
0.9355626834595693,0.084224235,0.189972802,0.462175564,928.0,2628.0
0.9337699522242016,0.084679559,0.180385765,0.418467228,928.0,2628.0
0.9327775189441074,0.070830188,0.16453884,0.381782958,928.0,2628.0
0.9329163800791181,0.051310547,0.151434026,0.354672382,928.0,2628.0
0.9362091632607317,0.01702176,0.144328721,0.344189864,928.0,2628.0
0.9430063449980285,0.0,0.146475089,0.360654759,928.0,2628.0
0.9454483259265566,0.0,0.147654371,0.397912428,928.0,2628.0
0.923891926463099,0.0,0.13916106649999999,0.3980008975,928.0,2628.0
0.8375556737769408,0.0,0.125042812,0.368639306,928.0,2628.0
0.7835148502417194,0.0,0.111116199,0.351861437,928.0,2628.0
0.7414773023109141,0.0,0.08184651,0.292485782,928.0,2628.0
0.7124140425013779,0.0,0.079022395,0.260283204,928.0,2628.0
0.703773118842415,0.0,0.078165791,0.233184029,928.0,2628.0
0.7014098011233121,0.0,0.0748942255,0.220278197,928.0,2628.0
0.7070451738994898,0.0,0.072286061,0.225458892,928.0,2628.0
0.7458659247598111,0.0,0.070743486,0.218801782,928.0,2628.0
0.8332527310669472,0.0,0.066323554,0.205925652,928.0,2628.0
0.9093088702888111,0.0,0.062334022,0.194449271,928.0,2628.0
0.9424403743381442,0.0,0.057462433,0.192513071,928.0,2628.0
0.9531308397789908,0.013700419,0.051572063,0.210175837,928.0,2628.0
0.9524711567596912,0.06331112,0.045240891,0.232416631,928.0,2628.0
0.9479288076247602,0.126017029,0.039019645,0.264349536,928.0,2628.0
0.9444978102127999,0.182189357,0.040045801,0.278818053,928.0,2628.0
0.9427998995587715,0.184374831,0.043182978,0.286200139,928.0,2628.0
0.9415638132162601,0.185687626,0.045239019,0.29768328,928.0,2628.0
0.9416600190750046,0.14928608,0.046118101,0.332685915,928.0,2628.0
0.9431664413088766,0.072573425,0.048324953,0.38794463,928.0,2628.0
0.9496159157662786,0.001174794,0.059288025,0.453785819,928.0,2628.0
0.9527024384332264,0.0,0.074006025,0.506045172,928.0,2628.0
0.9480678536843624,0.0,0.087092561,0.556972299,928.0,2628.0
0.912252191726754,0.0,0.096055337,0.600170282,928.0,2628.0
0.8435339066877205,0.0,0.108458014,0.62748984,928.0,2628.0
0.788140294148147,0.0,0.125583288,0.645310488,928.0,2628.0
0.7478365720108272,0.0,0.155207179,0.67328939,928.0,2628.0
0.7167144923748547,0.0,0.163390949,0.677628605,928.0,2628.0
0.7078671232766349,0.0,0.173389628,0.688882404,928.0,2628.0
0.7031190220039617,0.0,0.185553676,0.702332979,928.0,2628.0
0.7041997431887906,0.0,0.2010626315,0.7222019635,928.0,2628.0
0.7454794403175715,0.0,0.226606789,0.741861126,928.0,2628.0
0.8318507315741112,0.0,0.248950709,0.753993905,928.0,2628.0
0.9072185662221771,0.0,0.274303751,0.772923176,928.0,2628.0
0.9401194355026389,0.0,0.297144709,0.797336649,928.0,2628.0
0.9507844178045436,0.060003196,0.310677135,0.826013648,928.0,2628.0
0.94551932570184,0.17741676,0.3068062,0.853924995,928.0,2628.0
0.9404183929484978,0.254172223,0.256853316,0.842724189,928.0,2628.0
0.9355307379021114,0.266047883,0.275527839,0.860231848,928.0,2628.0
0.933192440679066,0.279829858,0.287220209,0.874868066,928.0,2628.0
0.929686380453309,0.238468874,0.31395448,0.894920516,928.0,2628.0
0.929289739740411,0.168385059,0.359108142,0.905783684,928.0,2628.0
0.9330155407544519,0.054520909,0.407954447,0.915600696,928.0,2628.0
0.9380907139761833,0.0,0.455296634,0.92506905,928.0,2628.0
0.9376297208311093,0.0,0.483717575,0.930780007,928.0,2628.0
0.933252269418281,0.0,0.509556205,0.934318838,928.0,2628.0
0.8989535551515737,0.0,0.522741216,0.935549079,928.0,2628.0
0.8321953919065272,0.0,0.529747047,0.935887673,928.0,2628.0
0.7804037683959744,0.0,0.539160477,0.936356628,928.0,2628.0
0.7355261214154484,0.0,0.482594028,0.935591748,928.0,2628.0
0.7014134479157916,0.0,0.51054589,0.936116751,928.0,2628.0
0.6845742205899898,0.0,0.5195307265,0.936092768,928.0,2628.0
0.6810450321968793,0.0,0.5102582245,0.9351902695000001,928.0,2628.0
0.7211925812084992,0.0,0.498122177,0.934960339,928.0,2628.0
0.8044607311089164,0.0,0.500010001,0.934119059,928.0,2628.0
0.8859138985070941,0.0,0.504739765,0.933686286,928.0,2628.0
0.9258453541857218,0.0,0.523678801,0.934674265,928.0,2628.0
0.9341354785460846,0.055845697,0.526104138,0.935203335,928.0,2628.0
0.9291591882813935,0.147976221,0.516252769,0.935750164,928.0,2628.0
0.9274213922430966,0.222104683,0.441867908,0.935481303,928.0,2628.0
0.9252210328577295,0.264992752,0.442893447,0.935392287,928.0,2628.0
0.9232309970255408,0.252864905,0.460537502,0.934892065,928.0,2628.0
0.9206892091798278,0.21387384,0.494080048,0.935383434,928.0,2628.0
0.9198841098132994,0.145031597,0.530806275,0.935719066,928.0,2628.0
0.9209606532931124,0.058432621,0.57120176,0.935971994,928.0,2628.0
0.9260424745207633,0.001298752,0.59953639,0.936081114,928.0,2628.0
0.9235858132972095,0.0,0.60577058,0.9343918855,928.0,2628.0
0.8606644283566456,0.0,0.584501111,0.933216964,928.0,2628.0
0.7779140537244447,0.0,0.54970191,0.933992252,928.0,2628.0
0.7320514526361873,0.0,0.478131089,0.93149025,928.0,2628.0
0.6870683210895523,0.0,0.463685653,0.929425893,928.0,2628.0
0.6696625693243103,0.0,0.438867899,0.9277607095,928.0,2628.0
0.67454205355385,0.0,0.418304483,0.923941316,928.0,2628.0
0.715206408470909,0.0,0.404721489,0.920788405,928.0,2628.0
0.7939927763483515,0.0,0.391928976,0.920545098,928.0,2628.0
0.8816874960191915,0.0,0.388682119,0.92032933,928.0,2628.0
0.9267042347933583,0.0048695975,0.378190814,0.916543954,928.0,2628.0
0.9268775807191946,0.08874313,0.343471953,0.913952444,928.0,2628.0
0.9233382817894642,0.155264099,0.278762439,0.902816351,928.0,2628.0
0.9213546169077143,0.19681881,0.255620871,0.89429055,928.0,2628.0
0.9206172861072115,0.180151461,0.2511416825,0.8795647120000001,928.0,2628.0
0.920227846848383,0.10168439,0.232630737,0.863579356,928.0,2628.0
0.9231407929308644,0.048225773,0.231426978,0.852813521,928.0,2628.0
0.9305578637712698,0.001290807,0.238611039,0.843668169,928.0,2628.0
0.9302800490389527,0.0,0.247011095,0.8388692600000001,928.0,2628.0
0.8981700608100658,0.0,0.25004237,0.842118822,928.0,2628.0
0.8321953919065272,0.0,0.247836704,0.828816798,928.0,2628.0
0.7803147639912993,0.0,0.250996552,0.814871067,928.0,2628.0
0.7380981924857337,0.0,0.238460758,0.80985726,928.0,2628.0
0.6951208849568308,0.0,0.240868005,0.809213523,928.0,2628.0
0.6788329705315007,0.0,0.24838469800000001,0.8062017674999999,1303.0,3690.0
0.6737006460002565,0.0,0.2577911945,0.8000267215,1303.0,3690.0
0.6847204220382164,0.0,0.2577765275,0.785059521,1303.0,3690.0
0.7059628142430125,0.0,0.260590912,0.76375733,1303.0,3690.0
0.7498380565973775,0.0,0.271330918,0.763125308,1303.0,3690.0
0.7846009030875271,0.019907354,0.268719144,0.767312764,1303.0,3690.0
0.7985430653100929,0.085301641,0.279520781,0.778956107,1303.0,3690.0
0.7981536260512644,0.156151423,0.245563193,0.768379824,1303.0,3690.0
0.7943377130734364,0.180034468,0.259461242,0.78928964,1303.0,3690.0
0.7898116141041216,0.176495862,0.27441278,0.772542892,1303.0,3690.0
0.786842163285385,0.119277719,0.265152914,0.757335229,1303.0,3690.0
0.789628343229069,0.096434038,0.269313986,0.746656444,1303.0,3690.0
0.7977355652379375,0.041784097,0.297713131,0.757944339,1303.0,3690.0
0.8155555921648802,0.0,0.342218615,0.767443956,1303.0,3690.0
0.8158163265593565,0.0,0.390831789,0.778331352,1303.0,3690.0
0.8032527125413473,0.0,0.446364824,0.8081663815,1303.0,3690.0
0.7494173183543487,0.0,0.4842719015,0.855523872,1303.0,3690.0
0.6948683217106073,0.0,0.483211474,0.850692929,1303.0,3690.0
0.6814599996658763,0.0,0.505517151,0.851129204,1303.0,3690.0
0.659949210228993,0.0,0.5211665595,0.8674944595,1303.0,3690.0
0.6506260524939207,0.0,0.527164109,0.8686966684999999,1303.0,3690.0
0.6641917475863373,0.0,0.5468781935,0.8677248799999999,1303.0,3690.0
0.6906296393019001,0.0,0.559786649,0.866095284,1303.0,3690.0
0.7348589134897475,0.0,0.569298363,0.875151547,1303.0,3690.0
0.7595423211808281,0.003279833,0.573818153,0.877548789,1303.0,3690.0
0.7699944420218108,0.009304981,0.586024239,0.874426872,1303.0,3690.0
0.7699249189920097,0.016137568,0.508332945,0.854314371,1303.0,3690.0
0.7653296197824134,0.018638117,0.54285878,0.843464947,1303.0,3690.0
0.7643188140121817,0.0195343735,0.5834856820000001,0.8157112225,1303.0,3690.0
0.7658934203953006,0.013392155,0.5965489,0.8054543,1303.0,3690.0
0.770467576559949,0.008241729,0.606155329,0.816498632,1303.0,3690.0
0.7808702091941543,0.0,0.61095863,0.823819397,1303.0,3690.0
0.7799590247537042,0.0,0.609015583,0.836355825,1303.0,3690.0
0.7680870161140272,0.0,0.587899487,0.8368018595,1303.0,3690.0
0.7304315128842878,0.0,0.5531189624999999,0.850367359,1303.0,3690.0
0.6885980557525571,0.0,0.468797005,0.82236828,1303.0,3690.0
0.6832635334137542,0.0,0.5076909390000001,0.8074199885,1303.0,3690.0
0.6689320243946555,0.0,0.5474536575,0.8199511770000001,1303.0,3690.0
0.6733062442668197,0.0,0.56760823,0.852599242,1303.0,3690.0
0.7161357811397179,0.0,0.582225882,0.859867451,1303.0,3690.0
0.7915263283719158,0.0,0.605858978,0.878540584,1303.0,3690.0
0.8650516665223558,0.0,0.62081483,0.895801386,1303.0,3690.0
0.890630747523824,0.0056481125,0.6317136080000001,0.9064175725,1303.0,3690.0
0.8867680241003271,0.088495985,0.639474964,0.912895367,1303.0,3690.0
0.8818324503863477,0.157017005,0.575696794,0.910588928,1303.0,3690.0
0.8804508555657182,0.222666062,0.581488884,0.904139747,1303.0,3690.0
0.8762410717669902,0.21225675,0.5867923765,0.9002447735,1303.0,3690.0
0.8783817866749218,0.144600657,0.536783182,0.867556528,1303.0,3690.0
0.881288269676075,0.04128108,0.506267888,0.831837488,1303.0,3690.0
0.8884023206949206,0.0,0.482320402,0.76901522,1303.0,3690.0
0.888567495141098,0.0,0.473410243,0.752392916,1303.0,3690.0
0.8671741010710391,0.0,0.474829246,0.790057555,1303.0,3690.0
0.8264370840458108,0.0,0.496378735,0.780949656,1303.0,3690.0
0.7777384462835337,0.0,0.528281197,0.781366022,1303.0,3690.0
0.7305674659309663,0.0,0.543367798,0.818026643,1303.0,3690.0
0.6940670076642991,0.0,0.565192504,0.796921806,1303.0,3690.0
0.6806473296589082,0.0,0.579053479,0.775807822,1303.0,3690.0
0.6743467801448798,0.0,0.5819599445,0.8091203165,1303.0,3690.0
0.680000202953082,0.0,0.584973065,0.835709245,1303.0,3690.0
0.7221304484778928,0.0,0.570100111,0.834736034,1303.0,3690.0
0.807981009981033,0.0,0.551762896,0.813702254,1303.0,3690.0
0.8821519974290046,0.0,0.518797626,0.789758544,1303.0,3690.0
0.921124720511584,0.0,0.467748162,0.771603831,1303.0,3690.0
0.9321351015186461,0.023419149,0.432495651,0.742348993,1303.0,3690.0
0.9264971895091006,0.185259516,0.416596859,0.693098574,1303.0,3690.0
0.9218534645806123,0.307660419,0.295739496,0.613807913,1303.0,3690.0
0.9190439258109449,0.395446317,0.313626557,0.604386204,1303.0,3690.0
0.9165491794009368,0.4042684595,0.33571051949999997,0.573465659,1303.0,3690.0
0.9178908427718528,0.279615538,0.313496215,0.560895865,1303.0,3690.0
0.9220456913735101,0.127720533,0.290132297,0.536578241,1303.0,3690.0
0.9342540271397781,0.001138516,0.2628503,0.513305156,1303.0,3690.0
0.9378653412730141,0.0,0.242198662,0.480650988,1303.0,3690.0
0.9361980836927407,0.0,0.2310447,0.463229042,1303.0,3690.0
0.9053817944331379,0.0,0.207163968,0.46824616,1303.0,3690.0
0.8380112199317212,0.0,0.193923454,0.478093399,1303.0,3690.0
0.7874944605888362,0.0,0.189369019,0.48453265,1303.0,3690.0
0.7463410444203549,0.0,0.178317922,0.467081501,1303.0,3690.0
0.7180606333732873,0.0,0.169789635,0.509435383,1303.0,3690.0
0.7114282572272034,0.0,0.166594455,0.545905673,1303.0,3690.0
0.706994301409526,0.0,0.160491322,0.554114227,1303.0,3690.0
0.7103527298384249,0.0,0.154579503,0.569457996,1303.0,3690.0
0.7520575739052868,0.0,0.150753751,0.572831478,1303.0,3690.0
0.8431514839583699,0.0,0.150490591,0.575565098,1303.0,3690.0
0.9100353985768036,0.0,0.150545084,0.572850122,1303.0,3690.0
0.9388879656467906,0.0,0.155948379,0.590794681,1303.0,3690.0
0.9484644022663707,0.033203063,0.161173987,0.596944855,1303.0,3690.0
0.9424860765618893,0.211414349,0.151310394,0.595601718,1303.0,3690.0
0.9340053884043273,0.325999871,0.131595684,0.598406467,1303.0,3690.0
0.9261851209759939,0.387269431,0.116297698,0.586110603,1303.0,3690.0
0.9226042749919213,0.373036199,0.115224338,0.601126094,1303.0,3690.0
0.9212141862335194,0.309101268,0.131210654,0.632996587,1303.0,3690.0
0.9213417828759477,0.196643149,0.173357397,0.687608563,1303.0,3690.0
0.9259002893827929,0.047366302,0.231623993,0.715105477,1303.0,3690.0
0.9309898661754751,0.0,0.298378652,0.734920919,1303.0,3690.0
0.9306704112637078,0.0,0.3448364,0.750630063,1303.0,3690.0
0.9268869979542999,0.0,0.383156934,0.776641437,1303.0,3690.0
0.8936426686942354,0.0,0.403400938,0.792532344,1303.0,3690.0
0.8301561449230426,0.0,0.407462342,0.815190114,1303.0,3690.0
0.7813839217552636,0.0,0.406832601,0.832221012,1303.0,3690.0
0.7367067184499267,0.0,0.368550398,0.811211285,1303.0,3690.0
0.7037270010354484,0.0,0.378010886,0.812572123,1303.0,3690.0
0.6912330946404257,0.0,0.375133699,0.81302373,1303.0,3690.0
0.6831683893800828,0.0,0.361140251,0.819999226,1303.0,3690.0
0.684579021338432,0.0,0.360152449,0.773947961,1303.0,3690.0
0.7234984251599755,0.0,0.34660914,0.693129013,1303.0,3690.0
0.8045573061540314,0.0,0.335060747,0.756074949,1303.0,3690.0
0.8769806183485287,0.0,0.328160401,0.689777166,1303.0,3690.0
0.9152795318963386,0.0,0.318946616,0.643849787,1303.0,3690.0
0.924620532335793,0.006637795,0.299225279,0.625583599,1303.0,3690.0
0.9131096413229468,0.02691311,0.277473099,0.674039962,1303.0,3690.0
0.9081307660908495,0.052888065,0.241808706,0.71480558,1303.0,3690.0
0.9063859528602626,0.049630072,0.264908397,0.726533454,1303.0,3690.0
0.9037902459085126,0.046157904,0.289093857,0.778380147,1303.0,3690.0
0.9015160240621624,0.042776767,0.317225362,0.810186309,1303.0,3690.0
0.8999185665671708,0.024605016,0.336637397,0.820058002,1303.0,3690.0
0.9003855614763129,0.010820032,0.356426028,0.829268411,1303.0,3690.0
0.903503659851536,0.0,0.376046455,0.840085091,1303.0,3690.0
0.9023526076688884,0.0,0.395805919,0.861249162,1303.0,3690.0
0.88221930467777,0.0,0.434057275,0.884539446,1303.0,3690.0
0.8257875572971695,0.0,0.474368827,0.906153377,1303.0,3690.0
0.7768259693593804,0.0,0.503545147,0.90973813,1303.0,3690.0
0.7309692308446383,0.0,0.50243535,0.915559452,1303.0,3690.0
0.6914726859899542,0.0,0.52515841,0.914913079,1303.0,3690.0
0.6774389343953068,0.0,0.552894644,0.916319536,1303.0,3690.0
0.6703287150935322,0.0,0.569296504,0.89981071,1303.0,3690.0
0.6717067323855523,0.0,0.5604367495,0.878497885,1303.0,3690.0
0.7167315730441016,0.0,0.551135632,0.858818457,1303.0,3690.0
0.7944262554980391,0.0,0.548032828,0.8408953,1303.0,3690.0
0.8681577626950674,0.0,0.552905347,0.839242415,1303.0,3690.0
0.8926821816344117,0.0,0.556728408,0.850926527,1303.0,3690.0
0.8990408972233628,0.005085777,0.567186346,0.843974511,1303.0,3690.0
0.8915746158944734,0.01597831,0.582694092,0.831759994,1303.0,3690.0
0.8885971324552244,0.021414498,0.539865938,0.832152832,1303.0,3690.0
0.8867538982476694,0.02706729,0.561151346,0.842327888,1303.0,3690.0
0.8868302535451693,0.03494962,0.58347668,0.865160039,1303.0,3690.0
0.8867732868288416,0.035639191,0.600742333,0.89340553,1303.0,3690.0
0.8882477635052557,0.02871481,0.615646421,0.911109284,1303.0,3690.0
0.8909514021255929,0.023787895,0.640680766,0.919145926,1303.0,3690.0
0.9026487030918598,0.0,0.655634806,0.918671998,1303.0,3690.0
0.9052515193667895,0.0,0.68596643,0.921468397,1303.0,3690.0
0.8940966449784254,0.0,0.7207240905000001,0.9294097745,1303.0,3690.0
0.8300170067325509,0.0,0.766068324,0.927951511,1303.0,3690.0
0.780469044125483,0.0,0.803563837,0.930017634,1303.0,3690.0
0.7340694173841715,0.0,0.799489732,0.935003682,1303.0,3690.0
0.674597542530477,0.0,0.8294420330000001,0.935183858,1303.0,3690.0
0.6590196528675771,0.0,0.8387356255,0.936706971,1303.0,3690.0
0.661385371126604,0.0,0.8274774855,0.937097708,1303.0,3690.0
0.6837534251688075,0.0,0.818373365,0.9370746385,1303.0,3690.0
0.7429918028993372,0.0,0.830326382,0.936139403,1303.0,3690.0
0.7749420179383018,0.016286364,0.843576186,0.934367783,1303.0,3690.0
0.7870493470973833,0.111831089,0.851197815,0.933996539,1303.0,3690.0
0.7811434999021042,0.176038973,0.821513062,0.92830599,1303.0,3690.0
0.7769741555986067,0.214561672,0.845890503,0.91998269,1303.0,3690.0
0.7756280146001742,0.208869346,0.868938136,0.933447074,1303.0,3690.0
0.7741396884637712,0.173788453,0.89263547,0.936227347,1303.0,3690.0
0.7766921860282928,0.121358397,0.892623366,0.936682451,1303.0,3690.0
0.7842527344903719,0.054461762,0.882458995,0.936923421,1303.0,3690.0
0.7975799004891609,0.0,0.87904671,0.935946123,1303.0,3690.0
0.7994563734006892,0.0,0.871359187,0.936617824,1303.0,3690.0
0.7837920647976298,0.0,0.86182357,0.930836582,1303.0,3690.0
0.7403590261893553,0.0,0.8538384825,0.9059830005,1303.0,3690.0
0.6936904024372371,0.0,0.848726623,0.8843675,1303.0,3690.0
0.6792823535274533,0.0,0.848266402,0.863373225,1303.0,3690.0
0.6633303049114543,0.0,0.851736452,0.870282931,1303.0,3690.0
0.6501287973929291,0.0,0.849634575,0.8662032395,1303.0,3690.0
0.6538395949578779,0.0,0.843496711,0.8536588615,1303.0,3690.0
0.6811960111951225,0.0,0.837436187,0.846087099,1303.0,3690.0
0.7395347225034341,0.0,0.826584403,0.885054963,1303.0,3690.0
0.767257750284904,0.007110729,0.818729301,0.906176886,1303.0,3690.0
0.7855397857851428,0.050950273,0.812856797,0.915216561,1303.0,3690.0
0.7874006554357189,0.103915483,0.748263484,0.916931611,1303.0,3690.0
0.7876648053012325,0.126946989,0.76728676,0.917585132,1303.0,3690.0
0.7865247862897251,0.136361096,0.781001497,0.922911673,1303.0,3690.0
0.7885585392232531,0.087203295,0.7815647,0.926426712,1303.0,3690.0
0.7964776896086269,0.041629043,0.762251584,0.928418354,1303.0,3690.0
0.8128018197587266,0.0,0.757859339,0.927359568,1303.0,3690.0
0.8171128872201222,0.0,0.772508399,0.929627939,1303.0,3690.0
0.8045610914742515,0.0,0.794241675,0.9337637464999999,1303.0,3690.0
0.7679768000633462,0.0,0.801070258,0.934883516,1303.0,3690.0
0.7336919352566279,0.0,0.800804514,0.935246901,1303.0,3690.0
0.697240872403036,0.0,0.750458483,0.930218231,1303.0,3690.0
0.7022177625127277,0.0,0.7415251425,0.9293325955,1303.0,3690.0
0.6932961849655797,0.0,0.7418528015,0.931800392,1303.0,3690.0
0.6989293651591472,0.0,0.734727154,0.92845766,1303.0,3690.0
0.7395711924166654,0.0,0.723433218,0.929445044,1303.0,3690.0
0.8327980160786098,0.0,0.714518245,0.931741608,1303.0,3690.0
0.9037293089473737,0.0,0.709593427,0.930549767,1303.0,3690.0
0.9344551177196311,0.0,0.701895035,0.929217983,1303.0,3690.0
0.942833322524524,0.016626543,0.697679864,0.929431447,1303.0,3690.0
0.9372345568636936,0.153938425,0.681507828,0.929170931,1303.0,3690.0
0.9318054909990324,0.250084821,0.568702732,0.917584836,1303.0,3690.0
0.926614445619091,0.320302738,0.593619694,0.923555819,1303.0,3690.0
0.9257914350796852,0.3429582,0.645475772,0.9255464385000001,1303.0,3690.0
0.92675219919499,0.238702963,0.717770035,0.924963245,1303.0,3690.0
0.9320686254363238,0.11156467,0.701087066,0.92241808,1303.0,3690.0
0.9392318869436534,0.001077317,0.682268675,0.918211321,1303.0,3690.0
0.9405438669349981,0.0,0.6744801760000001,0.9121101265,1303.0,3690.0
0.9048144391586611,0.0,0.661209629,0.900307639,1303.0,3690.0
0.8364879934212711,0.0,0.651225576,0.899565375,1303.0,3690.0
0.7854216063778198,0.0,0.639275187,0.890302542,1303.0,3690.0
0.7444282871829988,0.0,0.608988085,0.857608587,1303.0,3690.0
0.7170044024347914,0.0,0.610520327,0.857557103,1303.0,3690.0
0.7089082129342509,0.0,0.613148317,0.850437046,1303.0,3690.0
0.7043866840547481,0.0,0.6109692595,0.846944421,1303.0,3690.0
0.7075179856481084,0.0,0.605042161,0.840993051,1303.0,3690.0
0.7477572625595504,0.0,0.594668197,0.833677983,1303.0,3690.0
0.8429961883959639,0.0,0.578605794,0.818053581,1303.0,3690.0
0.9092361153869399,0.0,0.551659062,0.78957965,1303.0,3690.0
0.9373630774662668,0.0,0.522624635,0.757164157,1303.0,3690.0
0.9490547465176488,0.011938057,0.487367419,0.716832638,1303.0,3690.0
0.9449552950931348,0.132939466,0.465744774,0.67716537,1303.0,3690.0
0.9397135618164151,0.214986991,0.384444882,0.590299167,1303.0,3690.0
0.9354049871915362,0.264773772,0.386901425,0.568943995,1303.0,3690.0
0.9318848929126049,0.281762372,0.3718257705,0.5092717609999999,1303.0,3690.0
0.9306458520849105,0.216252085,0.356703001,0.465504859,1303.0,3690.0
0.9327957078352784,0.11402134,0.315062672,0.443288871,1303.0,3690.0
0.9413139741279958,0.001082751,0.300554417,0.429014071,1303.0,3690.0
0.944499379751984,0.0,0.289701045,0.412201615,1303.0,3690.0
0.9412051191620759,0.0,0.271140526,0.383587597,1303.0,3690.0
0.9048144391586611,0.0,0.249211151,0.349669178,1303.0,3690.0
0.8377715364513031,0.0,0.231707564,0.328207261,1303.0,3690.0
0.7874944605888362,0.0,0.216234151,0.301480674,1303.0,3690.0
0.7482570335297812,0.0,0.197860423,0.240764613,1303.0,3690.0
0.7177801644096935,0.0,0.19871668450000002,0.220689757,1303.0,3690.0
0.7131016087024346,0.0,0.182067882,0.230354357,1303.0,3690.0
0.7170253373567224,0.0,0.1691139545,0.25294692399999996,1303.0,3690.0
0.7584464348538816,0.0,0.149678393,0.251975558,1303.0,3690.0
0.848869352323856,0.0,0.138954855,0.252472734,1303.0,3690.0
0.9139326525251649,0.0,0.129090547,0.272264398,1303.0,3690.0
0.9452031954558445,0.0,0.120948914,0.293196314,1303.0,3690.0
0.9555529701462744,0.010943885,0.116334824,0.32212083,1303.0,3690.0
0.9543239931269428,0.102568288,0.112358061,0.337276159,1303.0,3690.0
0.9489113616896766,0.179647097,0.107360009,0.352620324,1303.0,3690.0
0.9447454335200285,0.222666112,0.109305541,0.321081515,1303.0,3690.0
0.9414162271534406,0.22021314050000002,0.1000809325,0.3050843795,1303.0,3690.0
0.9410058758397005,0.169560193,0.091954897,0.340447773,1303.0,3690.0
0.9455408385959707,0.097763599,0.104134698,0.392405394,1303.0,3690.0
0.9543997943134807,0.0,0.126342135,0.464857444,1303.0,3690.0
0.9533971593600954,0.0,0.15619102699999998,0.5376483489999999,1303.0,3690.0
0.9138316452551662,0.0,0.174925348,0.58885787,1303.0,3690.0
0.845007460066802,0.0,0.176366898,0.61636469,1303.0,3690.0
0.7935257814392095,0.0,0.178332645,0.635886906,1303.0,3690.0
0.7570441583055647,0.0,0.18022107,0.605096316,1303.0,3690.0
0.7279323349122082,0.0,0.182069608,0.617588285,1303.0,3690.0
0.7205438849634889,0.0,0.193965441,0.615780766,1303.0,3690.0
0.7184148034031042,0.0,0.208542768,0.61074143,1303.0,3690.0
0.7216665005162296,0.0,0.219669368,0.621028402,1303.0,3690.0
0.7629564692449841,0.0,0.227453492,0.629611157,1303.0,3690.0
0.8540240199214556,0.0,0.233148083,0.638192252,1303.0,3690.0
0.9155908613938918,0.0,0.236847823,0.648267303,1303.0,3690.0
0.9527469403041577,0.00634046,0.24253404,0.662347676,1303.0,3690.0
0.956745662176966,0.123905667,0.271129891,0.6465389,1303.0,3690.0
0.9545157586025802,0.210587345,0.248188732,0.590011377,1303.0,3690.0
0.9506708548838835,0.28280651,0.264910929,0.565092296,1303.0,3690.0
0.9482138241425528,0.252273301,0.2629468665,0.5302238675,1303.0,3690.0
0.9484414126267577,0.175071098,0.245410098,0.559324459,1303.0,3690.0
0.9516461147010288,0.091081871,0.236307581,0.613274656,1303.0,3690.0
0.9589941244917054,0.001067152,0.239673811,0.647854873,1303.0,3690.0
0.9595490149207864,0.0,0.243547322,0.65125503,1303.0,3690.0
0.9360227993727556,0.0,0.237318443,0.623040706,1303.0,3690.0
0.8493561050005408,0.0,0.225017773,0.567436673,1303.0,3690.0
0.797299593251733,0.0,0.210938132,0.528296604,1303.0,3690.0
0.7586418007251475,0.0,0.167102432,0.499431896,1303.0,3690.0
0.7321541673102986,0.0,0.163175259,0.441663145,1303.0,3690.0
0.7280017651483074,0.0,0.159799138,0.410563163,1303.0,3690.0
0.727742577757402,0.0,0.164060814,0.39991953049999995,1303.0,3690.0
0.730934192605663,0.0,0.161512662,0.408311707,1303.0,3690.0
0.7703058636502536,0.0,0.158419519,0.432429858,1303.0,3690.0
0.8579043774623492,0.0,0.159341827,0.453292964,1303.0,3690.0
0.9193911711107674,0.0,0.153946761,0.43080837,1303.0,3690.0
0.953263653415895,0.0053438355,0.141784047,0.38242750400000003,1303.0,3690.0
0.9575791988362131,0.122744062,0.12621091,0.370858482,1303.0,3690.0
0.9568992960692981,0.191145559,0.106220908,0.321187232,1303.0,3690.0
0.9552661998275183,0.230436765,0.094778778,0.298285706,1303.0,3690.0
0.9553608361470785,0.229655545,0.090080325,0.266448361,1303.0,3690.0
0.9546688383839503,0.176720558,0.08927526,0.218338784,1303.0,3690.0
0.9551908599582407,0.121247301,0.092383426,0.196402721,1303.0,3690.0
0.9577368951042463,0.051835229,0.090751431,0.202478809,1303.0,3690.0
0.961119974511426,0.0,0.095705056,0.234841668,1303.0,3690.0
0.9581407372712136,0.0,0.095454861,0.28167078,1303.0,3690.0
0.9203073412242511,0.0,0.089329733,0.303471917,1303.0,3690.0
0.8502262958347986,0.0,0.084155648,0.300249302,1303.0,3690.0
0.7983856460975407,0.0,0.082082487,0.302889876,1303.0,3690.0
0.7586418007251475,0.0,0.075181174,0.241427457,1303.0,3690.0
0.710672068758065,0.0,0.0687127055,0.24993816600000002,1303.0,3690.0
0.7023791980355361,0.0,0.06375313299999999,0.2470757475,1303.0,3690.0
0.7063117904767793,0.0,0.059802627,0.28369168749999996,1303.0,3690.0
0.7170849579729205,0.0,0.065856313,0.324984559,1303.0,3690.0
0.7346148912409596,0.0,0.07194152,0.367763033,1303.0,3690.0
0.7732842239899842,0.0,0.084681245,0.421232239,1303.0,3690.0
0.8048549711161872,0.01319464,0.09899684,0.495961254,1303.0,3690.0
0.819563916860197,0.159685991,0.104117069,0.53537717,1303.0,3690.0
0.8212131704738911,0.270890256,0.09938549,0.555886815,1303.0,3690.0
0.8210231594620294,0.341598191,0.104184491,0.588551682,1303.0,3690.0
0.8211416159248335,0.327518844,0.113497697,0.607635125,1303.0,3690.0
0.8209575145461501,0.271968112,0.118628267,0.630832633,1303.0,3690.0
0.8245422379813323,0.187918564,0.124217971,0.643543607,1303.0,3690.0
0.8331756373967062,0.085306815,0.145225966,0.667860151,1303.0,3690.0
0.8457464525373786,0.001061193,0.183916741,0.699981194,1303.0,3690.0
0.8462905411167616,0.0,0.228623388,0.726900634,1303.0,3690.0
0.8301874903040938,0.0,0.278121551,0.758393938,1303.0,3690.0
0.7886035030742569,0.0,0.315696067,0.795827306,1303.0,3690.0
0.7518664553343133,0.0,0.328942681,0.815125281,1303.0,3690.0
0.7188516990180474,0.0,0.310723044,0.822210436,1303.0,3690.0
0.7191425323753166,0.0,0.344548084,0.837609324,1303.0,3690.0
0.7096634091735926,0.0,0.357688429,0.85280581,1303.0,3690.0
0.7046560966487763,0.0,0.351501355,0.867436774,1303.0,3690.0
0.7023081054665508,0.0,0.3263284475,0.8634788950000001,1303.0,3690.0
0.7092728159588013,0.0,0.312798646,0.851643727,1303.0,3690.0
0.7164989067559736,0.0,0.301213693,0.843832318,1303.0,3690.0
0.7303275981887689,0.0,0.290654816,0.835144819,1303.0,3690.0
0.7686002902248956,0.0,0.280171333,0.812340211,1303.0,3690.0
0.8023260173022406,0.005432675,0.265922733,0.791483014,1303.0,3690.0
0.818773589588178,0.051130895,0.246283638,0.767115681,1303.0,3690.0
0.82042182777365,0.082920727,0.225238185,0.702562572,1303.0,3690.0
0.8193667965251555,0.100503737,0.20601705,0.638959498,1303.0,3690.0
0.8185857022264625,0.112500387,0.167802178,0.550770863,1303.0,3690.0
0.8173096383687931,0.075965293,0.14676139,0.454438586,1303.0,3690.0
0.8202474200227405,0.054888173,0.128478424,0.380578905,1303.0,3690.0
0.8284584191936056,0.021595293,0.127937884,0.370812143,1303.0,3690.0
0.841647462430125,0.0,0.129700562,0.412217513,1303.0,3690.0
0.8418271322467369,0.0,0.126351534,0.439411364,1303.0,3690.0
0.8373837588625482,0.0,0.12248434,0.423558004,1303.0,3690.0
0.8129404038382563,0.0,0.118214379,0.374742564,1303.0,3690.0
0.7829429706114691,0.0,0.112321687,0.365178553,1303.0,3690.0
0.7456582796305525,0.0,0.102952814,0.370573692,1303.0,3690.0
0.7082956638129521,0.0,0.091550412,0.353334406,1303.0,3690.0
0.7197924743757731,0.0,0.084417011,0.356388131,1303.0,3690.0
0.7109191611527572,0.0,0.07984215,0.33086748499999996,1303.0,3690.0
0.7101415757816153,0.0,0.083603774,0.336994837,1303.0,3690.0
0.7486652151279305,0.0,0.089291842,0.349026156,1303.0,3690.0
0.8428391390325944,0.0,0.10391693,0.370086875,1303.0,3690.0
0.9093230882723584,0.0,0.117829076,0.408902891,1303.0,3690.0
0.93635790361092,0.0,0.132300961,0.440279859,1303.0,3690.0
0.9462410532413904,0.006055591,0.149517985,0.466340701,1303.0,3690.0
0.9430067141843991,0.05233822,0.163212817,0.469786372,1303.0,3690.0
0.9400509279010599,0.094331421,0.147179562,0.453970311,1303.0,3690.0
0.9352757282162218,0.141955414,0.148259627,0.451965283,1303.0,3690.0
0.932047205335895,0.14910252,0.153626176,0.449867452,1303.0,3690.0
0.92679226950385,0.129405627,0.154533411,0.45522238,1303.0,3690.0
0.9278283734884324,0.083631613,0.17637811,0.467918557,1303.0,3690.0
0.9327957078352784,0.04377623,0.206540949,0.495613668,1303.0,3690.0
0.9407280607759771,0.0,0.227836644,0.484660401,1303.0,3690.0
0.9423556172337615,0.0,0.244340623,0.474680155,1303.0,3690.0
0.921735376972773,0.0,0.248725898,0.4625870235,1303.0,3690.0
0.8357755916487484,0.0,0.245108397,0.468791237,1303.0,3690.0
0.7856055234947239,0.0,0.241368692,0.466204614,1303.0,3690.0
0.7435264742436151,0.0,0.242416941,0.479319064,1303.0,3690.0
0.7088357818161176,0.0,0.2483369265,0.5184312074999999,1303.0,3690.0
0.6966331236987733,0.0,0.22864020899999998,0.523224152,1303.0,3690.0
0.6989293651591472,0.0,0.203939611,0.542775065,1303.0,3690.0
0.73801315832587,0.0,0.191261779,0.534542124,1303.0,3690.0
0.8303666527380005,0.0,0.177102235,0.539427418,1303.0,3690.0
0.9007122178421495,0.0,0.165554482,0.547686613,1303.0,3690.0
0.9318872011559365,0.0,0.16634897,0.579466032,1303.0,3690.0
0.939930532712701,0.009105153,0.172219367,0.593930898,1303.0,3690.0
0.9337772458091604,0.112251609,0.174499048,0.605993651,1303.0,3690.0
0.929149586121697,0.190670285,0.136450777,0.649942839,1303.0,3690.0
0.9251202111751341,0.253594829,0.132696746,0.664771007,1303.0,3690.0
0.9227896695171202,0.283447311,0.138948612,0.653711907,1303.0,3690.0
0.921559215089494,0.274398884,0.157687497,0.648720817,1303.0,3690.0
0.9220473530435837,0.2066981,0.187240171,0.649163,1303.0,3690.0
0.9263681147955656,0.115411353,0.23525198,0.67070337,1303.0,3690.0
0.9376538180298339,0.001158251,0.29557917,0.713119273,1303.0,3690.0
0.9384350044594167,0.0,0.342500181,0.751571096,1303.0,3690.0
0.935107691415751,0.0,0.383288448,0.781107505,1303.0,3690.0
0.9000982370465949,0.0,0.417315247,0.806128271,1303.0,3690.0
0.8340527526295523,0.0,0.444095308,0.821395367,1303.0,3690.0
0.7852724968412609,0.0,0.466475337,0.830656898,1303.0,3690.0
0.7426043030288755,0.0,0.448991553,0.833120784,1303.0,3690.0
0.7121936561340546,0.0,0.465243098,0.849005281,1303.0,3690.0
0.7022023899104055,0.0,0.472859296,0.866101298,1303.0,3690.0
0.6976687203006507,0.0,0.475768527,0.878552109,1303.0,3690.0
0.6987167804222999,0.0,0.4782135205,0.8984604535,1303.0,3690.0
0.7395919662752426,0.0,0.466475504,0.905525997,1303.0,3690.0
0.8323792168925419,0.0,0.454122784,0.90506619,1303.0,3690.0
0.9007918043489073,0.0,0.435543807,0.90312543,1303.0,3690.0
0.9339514689668846,0.00189769,0.401663651,0.8847160620000001,1303.0,3690.0
0.9326682954546294,0.030909339,0.362631774,0.879416681,1303.0,3690.0
0.9261653632084511,0.050509116,0.297844948,0.850223757,1303.0,3690.0
0.9245381759370375,0.066000724,0.287769682,0.84801495,1303.0,3690.0
0.9227050973373286,0.074978702,0.272935267,0.817637121,1303.0,3690.0
0.9215410268611353,0.076137149,0.253432899,0.763539299,1303.0,3690.0
0.9213417828759477,0.066606275,0.226212446,0.759280517,1303.0,3690.0
0.9232588802072978,0.033488028,0.218021399,0.767627714,1303.0,3690.0
0.9306351423661021,0.0,0.217714065,0.741359972,1303.0,3690.0
0.9305516777454227,0.0,0.227117565,0.719851029,1303.0,3690.0
0.9117630386758482,0.0,0.2338396975,0.7037862625,1303.0,3690.0
0.8307784353945905,0.0,0.229232488,0.724816024,1303.0,3690.0
0.782528233801102,0.0,0.223349482,0.712411757,1303.0,3690.0
0.7382475326809227,0.0,0.209432705,0.656231152,1303.0,3690.0
0.7020013921242545,0.0,0.205723952,0.5999783000000001,1303.0,3690.0
0.6910641345426222,0.0,0.218053151,0.5835891065000001,1303.0,3690.0
0.6945180758601569,0.0,0.243855091,0.641179459,1303.0,3690.0
0.7331197785708965,0.0,0.257624978,0.661392882,1303.0,3690.0
0.8227965021162249,0.0,0.27208108,0.652503303,1303.0,3690.0
0.8938332338170593,0.0,0.290624136,0.65172385,1303.0,3690.0
0.931374042374383,0.002825079,0.313695942,0.6753469225,1303.0,3690.0
0.9281944539212773,0.064961971,0.315071336,0.682583006,1303.0,3690.0
0.9261795811919984,0.126149826,0.26705199,0.649635566,1303.0,3690.0
0.9246249638978646,0.159128606,0.289656477,0.63907539,1303.0,3690.0
0.9223363855402265,0.1375055895,0.3149929925,0.6180404945,1303.0,3690.0
0.921440204515728,0.08351743,0.318080458,0.599780366,1303.0,3690.0
0.9233768753528419,0.036455343,0.33052982,0.585707645,1303.0,3690.0
0.9287097360215708,0.0,0.359930888,0.615737286,1303.0,3690.0
0.9251648976392508,0.0,0.400488501,0.660872948,1303.0,3690.0
0.8911649568880294,0.0,0.432050671,0.694979627,1303.0,3690.0
0.8283167881665972,0.0,0.445290351,0.704539025,1303.0,3690.0
0.7806658874050435,0.0,0.453861217,0.707858872,1303.0,3690.0
0.7342301605996835,0.0,0.479478869,0.703488715,1303.0,3690.0
0.6940768408140316,0.0,0.48698698549999997,0.706703568,1303.0,3690.0
0.680999883421284,0.0,0.5077029225,0.6931363054999999,1303.0,3690.0
0.684579021338432,0.0,0.519749458,0.683916743,1303.0,3690.0
0.7253166846055119,0.0,0.52471481,0.694594122,1303.0,3690.0
0.8044247231757575,0.0,0.534195184,0.707263338,1303.0,3690.0
0.8769052791420633,0.0,0.548897657,0.736351049,1303.0,3690.0
0.91486982682445,0.001443539,0.5825991589999999,0.7441880845,1303.0,3690.0
0.9078270993646259,0.014292367,0.625452193,0.766598906,1303.0,3690.0
0.9038048337412427,0.019942498,0.625799005,0.773648547,1303.0,3690.0
0.8985359563183192,0.023267733,0.665199488,0.786766459,1303.0,3690.0
0.8951287790496028,0.022084143,0.7028242714999999,0.7890038535,1303.0,3690.0
0.8960900972758695,0.019984296,0.73551319,0.820279402,1303.0,3690.0
0.8992984004085812,0.01087343,0.763514526,0.812300389,1303.0,3690.0
0.90549923546772,0.0,0.783900544,0.816089845,1303.0,3690.0
0.9056975561555749,0.0,0.802683564,0.801814976,1303.0,3690.0
0.8839077049715852,0.0,0.8253095855,0.8205483055,1303.0,3690.0
0.8264805704885201,0.0,0.84938043,0.801923153,1303.0,3690.0
0.7779326118019861,0.0,0.854859395,0.80993264,1303.0,3690.0
0.7311275269576722,0.0,0.812030172,0.776981325,1303.0,3690.0
0.676399137221394,0.0,0.808390321,0.745405606,1303.0,3690.0
0.6607068994374139,0.0,0.796050624,0.721236568,1303.0,3690.0
0.64702009328637,0.0,0.7625930999999999,0.668610143,1303.0,3690.0
0.650870398327603,0.0,0.701335835,0.5673970225,1303.0,3690.0
0.6672235886150041,0.0,0.661075703,0.501288252,1303.0,3690.0
0.6876209957375975,0.0,0.642807961,0.482172865,1303.0,3690.0
0.7348589134897475,0.0,0.624537801,0.495668333,1303.0,3690.0
0.762967548812975,0.002802599,0.610919622,0.488433011,1303.0,3690.0
0.7777629126686293,0.050124969,0.597701527,0.479860841,1303.0,3690.0
0.7764494562632082,0.110746321,0.530741335,0.474887897,1303.0,3690.0
0.7748448887822247,0.146949233,0.544223081,0.473090741,1303.0,3690.0
0.7750075707232915,0.145302465,0.5520122835,0.4514408605,1303.0,3690.0
0.778906855528097,0.129273211,0.520189898,0.420808471,1303.0,3690.0
0.7885668488992463,0.066566454,0.483299014,0.41392668,1303.0,3690.0
0.8054532558570878,0.001122195,0.459643293,0.419585029,1303.0,3690.0
0.8082493150159493,0.0,0.444293148,0.437071825,1303.0,3690.0
0.7998007560148123,0.0,0.43505367149999996,0.4783411995,1303.0,3690.0
0.7670660769401563,0.0,0.431086454,0.51822108,1303.0,3690.0
0.733108053423866,0.0,0.430152459,0.54364648,1303.0,3690.0
0.6963855464569895,0.0,0.383103271,0.561787264,1303.0,3690.0
0.6796630446600477,0.0,0.38750701600000004,0.6012310734999999,1303.0,3690.0
0.6603743112010512,0.0,0.3874467355,0.6306946545000001,1303.0,3690.0
0.6618948367519676,0.0,0.3867354805,0.6714514174999999,1303.0,3690.0
0.6836357534755955,0.0,0.39794631550000004,0.6888047505,1303.0,3690.0
0.742680196346303,0.0,0.407751042,0.691011562,1303.0,3690.0
0.7709190132793653,0.00202154,0.410028707,0.684715421,1303.0,3690.0
0.7854315777238868,0.021867099,0.428856689,0.632496364,1303.0,3690.0
0.7852788671288873,0.044915573,0.414601765,0.565347909,1303.0,3690.0
0.7848478801529042,0.056331256,0.43927874,0.529235176,1303.0,3690.0
0.7857120698859061,0.050876835,0.426344448,0.482008546,1303.0,3690.0
0.7850735299115543,0.038861662,0.411423289,0.402826335,1303.0,3690.0
0.7871444453970159,0.021387476,0.388352442,0.327431828,1303.0,3690.0
0.7886661938363592,0.006065656,0.347934136,0.247802224,1303.0,3690.0
0.7999167203039118,0.0,0.307763814,0.23352396,1303.0,3690.0
0.7996578325041005,0.0,0.289044853,0.234566201,1303.0,3690.0
0.788117581564015,0.0,0.2864568125,0.317058966,1303.0,3690.0
0.7598850885217282,0.0,0.309591964,0.417963409,1303.0,3690.0
0.7304966961515007,0.0,0.3332261,0.476764423,1303.0,3690.0
0.6966220908590391,0.0,0.368586699,0.520551111,1303.0,3690.0
0.7028184022252167,0.0,0.391193194,0.52616664,1303.0,3690.0
0.6928305524668232,0.0,0.3964841815,0.5549757424999999,1303.0,3690.0
0.6945891916275675,0.0,0.40819520600000003,0.5161917,1303.0,3690.0
0.73801315832587,0.0,0.443247043,0.526053845,1303.0,3690.0
0.831476065072604,0.0,0.445174037,0.528617593,1303.0,3690.0
0.90159893457188,0.0,0.427161589,0.441211211,1303.0,3690.0
0.9330602275499748,0.0,0.378743528,0.347282869,1303.0,3690.0
0.9437747901895462,0.002007415,0.323407672,0.322316259,1303.0,3690.0
0.9417886318084674,0.048633545,0.285463166,0.269774045,1303.0,3690.0
0.9400491741000966,0.118065423,0.189165481,0.222548839,1303.0,3690.0
0.9380858204340393,0.17663574,0.1953072,0.307067608,1303.0,3690.0
0.9371718667644036,0.209388299,0.197835838,0.364121832,1303.0,3690.0
0.9357802078040052,0.198057706,0.196803653,0.393875562,1303.0,3690.0
0.9353545763502386,0.158921909,0.192242066,0.421599838,1303.0,3690.0
0.9386432964933388,0.083760109,0.187731659,0.429145217,1303.0,3690.0
0.9491193760053057,0.001398621,0.20400344,0.448006274,1303.0,3690.0
0.9523508537022218,0.0,0.215024702,0.408943128,1303.0,3690.0
0.9473525892261401,0.0,0.230807731,0.41315761,1303.0,3690.0
0.9119263665273604,0.0,0.249125609,0.451881096,1303.0,3690.0
0.843481002347094,0.0,0.26258316,0.474523145,1303.0,3690.0
0.7909634974532121,0.0,0.268433286,0.492482939,1303.0,3690.0
0.746640002529026,0.0,0.276155968,0.553314067,1303.0,3690.0
0.718992222485944,0.0,0.279643936,0.594135554,1303.0,3690.0
0.7114282572272034,0.0,0.27616628,0.61814652,1303.0,3690.0
0.7080070462367187,0.0,0.2646181,0.652740606,1303.0,3690.0
0.7077062418647886,0.0,0.276050032,0.681822782,1303.0,3690.0
0.749566797408684,0.0,0.297869344,0.700736857,1303.0,3690.0
0.8434565359619985,0.0,0.309397652,0.695299372,1303.0,3690.0
0.9106647977087192,0.0,0.322785983,0.69833467,1303.0,3690.0
0.9448180031659024,0.0033281,0.3349080035,0.7208842655000001,1303.0,3690.0
0.9491075580645734,0.095825431,0.345178105,0.746826202,1303.0,3690.0
0.942328473087558,0.194607933,0.300880853,0.764060484,1303.0,3690.0
0.9371551552815273,0.250018364,0.301567016,0.784445335,1303.0,3690.0
0.9328081720178624,0.294352195,0.308092283,0.789674572,1303.0,3690.0
0.9309616138073474,0.279220201,0.316576319,0.786070186,1303.0,3690.0
0.9305540784510499,0.224980906,0.335261311,0.792731619,1303.0,3690.0
0.9356740305991937,0.124501821,0.326535719,0.789058829,1303.0,3690.0
0.9470680346884199,0.002003783,0.342429599,0.780768911,1303.0,3690.0
0.9470224245955644,0.0,0.359832755,0.768392706,1303.0,3690.0
0.9264803858953347,0.0,0.37899044800000004,0.7681682464999999,1303.0,3690.0
0.8420437339566523,0.0,0.390405515,0.783366957,1303.0,3690.0
0.7911448289398978,0.0,0.388101595,0.79077334,1303.0,3690.0
0.7502516394517817,0.0,0.375842183,0.79838755,1303.0,3690.0
0.7199728139640681,0.0,0.3656081485,0.787794288,1303.0,3690.0
0.7154168927560354,0.0,0.348611841,0.7636213365,1303.0,3690.0
0.7187444142541239,0.0,0.332508688,0.733891091,1303.0,3690.0
0.7586289673561931,0.0,0.315993868,0.704231767,1303.0,3690.0
0.8493267450733014,0.0,0.299336814,0.671652437,1303.0,3690.0
0.9144110033949668,0.0,0.284541067,0.644127349,1303.0,3690.0
0.9448542878231362,0.0,0.274781828,0.616566282,1303.0,3690.0
0.9555529701462744,0.007690877,0.268273306,0.596765237,1303.0,3690.0
0.9549111989626645,0.095499474,0.259184463,0.592178563,1303.0,3690.0
0.951194723052839,0.145661992,0.185813437,0.502659559,1303.0,3690.0
0.9471884298767789,0.180211843,0.205376692,0.523385793,1303.0,3690.0
0.9436046297389291,0.188118516,0.213460358,0.544993596,1303.0,3690.0
0.9407776411136439,0.165896989,0.202294713,0.569725913,1303.0,3690.0
0.9375329608614027,0.130039427,0.201150381,0.611245277,1303.0,3690.0
0.9422755694097436,0.074496825,0.20142534,0.639982378,1303.0,3690.0
0.9485713178439235,0.001652619,0.207181861,0.674865064,1303.0,3690.0
0.949009229218495,0.0,0.210775289,0.700853531,1303.0,3690.0
0.9270867957190434,0.0,0.211989143,0.7213302404999999,1303.0,3690.0
0.8401958825996223,0.0,0.207452622,0.734340177,1303.0,3690.0
0.7893755493242154,0.0,0.202899797,0.735863609,1303.0,3690.0
0.7471071816999472,0.0,0.162248532,0.684250307,1303.0,3690.0
0.718992222485944,0.0,0.173377433,0.675842,1303.0,3690.0
0.7118782175325433,0.0,0.1889339825,0.6632633809999999,1303.0,3690.0
0.711968421958626,0.0,0.1987812015,0.6488458345000001,1303.0,3690.0
0.7541294584221198,0.0,0.197925985,0.627017378,1303.0,3690.0
0.8475606960040649,0.0,0.195072595,0.61084553,1303.0,3690.0
0.9129809357957824,0.0,0.19322742,0.593127783,1303.0,3690.0
0.9485384950545777,0.003538111,0.198645658,0.593843358,1303.0,3690.0
0.9525861049577563,0.096773369,0.19999456,0.61170574,1303.0,3690.0
0.9479421951046768,0.158568061,0.148332447,0.567054518,1303.0,3690.0
0.9417004585702352,0.203732916,0.140612956,0.547404351,1303.0,3690.0
0.9357195021643085,0.2157384455,0.1330697515,0.5039318085,1303.0,3690.0
0.9339535922856246,0.135726712,0.139687642,0.472544808,1303.0,3690.0
0.9377896328801782,0.059664866,0.138386306,0.474978228,1303.0,3690.0
0.9465221916452612,0.001416716,0.141267495,0.475381164,1303.0,3690.0
0.9457020891941876,0.0,0.1438342725,0.46771434199999995,1303.0,3690.0
0.906484558761822,0.0,0.147536552,0.457402041,1303.0,3690.0
0.8396395147622466,0.0,0.148839127,0.447256889,1303.0,3690.0
0.787411457285417,0.0,0.147404259,0.430053732,1303.0,3690.0
0.748939706188694,0.0,0.133661383,0.436310892,1303.0,3690.0
0.7175158064211631,0.0,0.1461056435,0.4659846565,1303.0,3690.0
0.7145407236875413,0.0,0.147453193,0.435918161,1303.0,3690.0
0.7155117829326513,0.0,0.1434646715,0.3926307455,1303.0,3690.0
0.7587098927435049,0.0,0.142133561,0.367796043,1303.0,3690.0
0.8487884726705829,0.0,0.14510189,0.355640857,1303.0,3690.0
0.9163250531160262,0.0,0.14675005,0.338209352,1303.0,3690.0
0.9511894606557305,0.003132612,0.153048978,0.326359085,1303.0,3690.0
0.9545393023531552,0.127503252,0.150175923,0.344078271,1303.0,3690.0
0.9507776783305465,0.208828325,0.115037616,0.364982797,1303.0,3690.0
0.9476818305593832,0.273430813,0.113492767,0.372455029,1303.0,3690.0
0.9444978102127999,0.291960397,0.12237508,0.402224909,1303.0,3690.0
0.9434380703467528,0.274257928,0.116649419,0.396416797,1303.0,3690.0
0.9433438032135631,0.202861066,0.12220436,0.480993081,1303.0,3690.0
0.9452528679244011,0.110743308,0.135937266,0.50421519,1303.0,3690.0
0.9514924808086965,0.001742554,0.153599129,0.527484251,1303.0,3690.0
0.9497782285209746,0.0,0.166616955,0.512238466,1303.0,3690.0
0.9435374146210534,0.0,0.171921638,0.507968316,1303.0,3690.0
0.9064457815994775,0.0,0.17579768,0.528973015,1303.0,3690.0
0.8370338364644296,0.0,0.173381514,0.559069408,1303.0,3690.0
0.7854871591628094,0.0,0.170870425,0.592187309,1303.0,3690.0
0.7444282871829988,0.0,0.153858703,0.584612834,1303.0,3690.0
0.7003918396330496,0.0,0.168008866,0.560737108,1303.0,3690.0
0.6897977649755389,0.0,0.176712786,0.588066743,1303.0,3690.0
0.6826397661967238,0.0,0.183590939,0.597289525,1303.0,3690.0
0.6795134038795462,0.0,0.190683756,0.587001799,1303.0,3690.0
0.6797926499547131,0.0,0.198360916,0.606377443,1303.0,3690.0
0.6844192942139544,0.0,0.202959436,0.633739998,1303.0,3690.0
0.6897010977995341,0.0,0.20869593,0.684201036,1303.0,3690.0
0.7081183476423044,0.0,0.211683405,0.709407232,1303.0,3690.0
0.7498380565973775,0.0,0.218285143,0.751326736,1303.0,3690.0
0.7845912087969409,0.004652001,0.229483892,0.808856081,1303.0,3690.0
0.8025639463188833,0.035164757,0.241217555,0.838010002,1303.0,3690.0
0.8037197071190834,0.059623538,0.231704284,0.847874652,1303.0,3690.0
0.8003969177683788,0.077425987,0.281953716,0.877540437,1303.0,3690.0
0.8002232490530228,0.081956506,0.315832466,0.893856276,1303.0,3690.0
0.7986492425149045,0.073949066,0.355613478,0.9065251,1303.0,3690.0
0.8001696984705446,0.04744314,0.411303782,0.908627555,1303.0,3690.0
0.8073001839167855,0.021069496,0.459435481,0.91013555,1303.0,3690.0
0.8203355932609727,0.0,0.491150933,0.911500352,1303.0,3690.0
0.8188622248064825,0.0,0.523146038,0.91235375,1303.0,3690.0
0.813438328876634,0.0,0.554827262,0.918467293,1303.0,3690.0
0.7936599339566677,0.0,0.591211779,0.918926053,1303.0,3690.0
0.7669767040119226,0.0,0.616732536,0.916572055,1303.0,3690.0
0.7329706690343376,0.0,0.638594512,0.907211248,1303.0,3690.0
0.6964738118261111,0.0,0.590559981,0.879919153,1303.0,3690.0
0.6857139161491652,0.0,0.628184884,0.867036769,1303.0,3690.0
0.6722578146273939,0.0,0.652830507,0.861782755,1303.0,3690.0
0.6603200223783942,0.0,0.6698618615,0.841326311,1303.0,3690.0
0.6604390561174451,0.0,0.669455206,0.795420037,1303.0,3690.0
0.6652467553381407,0.0,0.66889929,0.779496279,1303.0,3690.0
0.6743800178546349,0.0,0.666943595,0.757520795,1303.0,3690.0
0.697692217654375,0.0,0.647143715,0.696743083,1303.0,3690.0
0.745023709901012,0.0,0.615337415,0.656715479,1303.0,3690.0
0.7799123992326265,0.00167087,0.584858524,0.656758009,1303.0,3690.0
0.797439746870447,0.050102094,0.548687479,0.682624727,1303.0,3690.0
0.798145870486233,0.103597953,0.450074876,0.73173517,1303.0,3690.0
0.794650335717505,0.156110499,0.470827544,0.778454081,1303.0,3690.0
0.7933450034006737,0.173729523,0.517224706,0.780132921,1303.0,3690.0
0.7890841625187964,0.137928788,0.51730166,0.746517391,1303.0,3690.0
0.7919802121938101,0.087826046,0.468069587,0.685953627,1303.0,3690.0
0.7998146976056908,0.037685884,0.438837774,0.635382537,1303.0,3690.0
0.8167026747655285,0.0,0.413884485,0.580971318,1303.0,3690.0
0.8166461700292734,0.0,0.381171862,0.519063011,1303.0,3690.0
0.8131990145825865,0.0,0.340624294,0.442302035,1303.0,3690.0
0.7955566266158113,0.0,0.293080077,0.397781197,1303.0,3690.0
0.7674340960985561,0.0,0.266851464,0.385369773,1303.0,3690.0
0.7332436826868066,0.0,0.244678187,0.383891271,1303.0,3690.0
0.6966355704698453,0.0,0.20765116,0.361476517,1303.0,3690.0
0.6958189762835105,0.0,0.2056674205,0.401669208,1303.0,3690.0
0.6831659890058619,0.0,0.1816650005,0.40050851249999997,1303.0,3690.0
0.6863242501522404,0.0,0.164902912,0.382094874,1303.0,3690.0
0.7253063440730741,0.0,0.156519092,0.364123863,1303.0,3690.0
0.8074157783567022,0.0,0.14143427,0.340742099,1303.0,3690.0
0.8794766111767951,0.0,0.123677249,0.322552918,1303.0,3690.0
0.9179981275357763,0.0,0.115771392,0.304023708,1303.0,3690.0
0.9271946342625226,0.0,0.109683738,0.302154527,1303.0,3690.0
0.9220647107683118,0.016855408,0.104736067,0.331342061,1303.0,3690.0
0.9198852180352234,0.034085253,0.093216121,0.358638955,1303.0,3690.0
0.9185026999172614,0.05136889,0.10253521,0.429572869,1303.0,3690.0
0.9137297153506468,0.059569868,0.107132479,0.486304762,1303.0,3690.0
0.9096974783811966,0.05805029,0.1099512,0.531682254,1303.0,3690.0
0.9095576018179637,0.044445368,0.115686179,0.591723569,1303.0,3690.0
0.9132029844959918,0.025062989,0.134194976,0.650336914,1303.0,3690.0
0.9226873704262303,0.001113297,0.159000997,0.712547746,1303.0,3690.0
0.9229505969944112,0.0,0.187777094,0.757764547,1303.0,3690.0
0.9034328907348825,0.0,0.2185198445,0.8007090255,1303.0,3690.0
0.8302665694281465,0.0,0.249305213,0.836237482,1303.0,3690.0
0.779988015494573,0.0,0.273482264,0.85293584,1303.0,3690.0
0.7343158410013988,0.0,0.29983637,0.887552944,1303.0,3690.0
0.7015754372181559,0.0,0.332345227,0.890515819,1303.0,3690.0
