Demand,Avail_Sol,Avail_Wind_On,Avail_Wind_Off,Hyd_In,HydRoR_In
0.6496811738577752,0.0,0.7014354048,0.8904594458,0.0,1930.0
0.8120568291698886,0.0006939054,0.6076808364,0.8108253284,0.0,1930.0
0.9159801756489957,0.22927548499999997,0.5675640151666667,0.7609384178333333,0.0,1930.0
0.9270741137810444,0.0247356015,0.6716517635,0.853572747,0.0,1930.0
0.8466068735619928,0.0,0.6132279023333334,0.8571154229999999,0.0,1930.0
0.6692155554834205,0.0,0.5007557145,0.7194467986666667,0.0,1930.0
0.8179738406157708,0.0003685368,0.543623247,0.7070210060000001,0.0,1930.0
0.9076052360654882,0.06418833900000001,0.7397348711666668,0.8709356813333334,0.0,1930.0
0.9044393192578495,0.00227412075,0.671040267,0.8540581905,0.0,1930.0
0.8418543537832573,0.0,0.6979316896666666,0.7433412766666666,0.0,1930.0
0.6608078221942525,0.0,0.7228874028333333,0.7558279606666667,0.0,1930.0
0.770458136314506,0.0,0.7324509537499999,0.8088304995,0.0,1930.0
0.9014999471048885,0.20975697133333338,0.746559439,0.8745756966666667,0.0,1930.0
0.9062745281001147,0.086275822,0.7239567033333333,0.8812875533333333,0.0,1930.0
0.8959941117406696,0.0,0.67091268425,0.8616638422499999,0.0,1930.0
0.6914590170495968,0.0,0.4375884636666667,0.6598196049999999,0.0,1930.0
0.64413743790882,0.0,0.352761957,0.5384762940000001,0.0,1930.0
0.8489496749746859,0.0061516402,0.44819125800000004,0.6015748094,0.0,1930.0
0.8975291466904748,0.13377237125000002,0.58516686325,0.723294233,0.0,1930.0
0.9186890752268674,0.05645794625,0.5183047285,0.7709405297499999,0.0,1930.0
0.8920589446135864,0.0,0.40639346433333334,0.6529067206666667,0.0,1930.0
0.6875624527433674,0.0,0.29455544642857145,0.5754589141428571,0.0,1930.0
0.8180418398350457,0.0009208707999999999,0.311724049,0.4546000718,0.0,1930.0
0.9187716929757794,0.18733879883333335,0.3486935906666666,0.441105613,0.0,1930.0
0.9429577776812722,0.01829110275,0.29656223400000004,0.38957429424999995,0.0,1930.0
0.8043899945845737,0.0,0.3382988344,0.34080832479999995,0.0,1930.0
0.6301005874415062,0.0,0.4737859095,0.38440268475,0.0,1930.0
0.6592862289296604,0.0,0.5914200325,0.56513245825,0.0,1930.0
0.7844884877094868,0.264135343,0.6003097978333333,0.7273508995000001,0.0,1930.0
0.8022228629025975,0.14105108733333335,0.551672587,0.7719381456666667,0.0,1930.0
0.813584226081569,0.0,0.494633462,0.75442631025,0.0,1930.0
0.7140272404213762,0.0,0.39304859666666664,0.6750031766666668,0.0,1930.0
0.62967878989526,0.0,0.37320934699999997,0.6488092972499999,0.0,1930.0
0.6795857370947497,0.0015954779999999998,0.3792077956,0.6201335859999999,0.0,1930.0
0.7929650802300052,0.41055629375,0.33970487725,0.610909996,0.0,1930.0
0.8044173937035881,0.25013220375,0.39791239124999994,0.65180673275,0.0,1930.0
0.8191328274364102,0.0,0.485359078,0.7390276775,0.0,1930.0
0.6851818806913652,0.0,0.5340585668571428,0.8025351728571428,0.0,1930.0
0.8370226730199024,0.0007062635999999999,0.5323791441999999,0.8164403726,0.0,1930.0
0.940230893681302,0.23133212749999998,0.47210505566666666,0.7104742546666666,0.0,1930.0
0.9295072110861065,0.008027251833333334,0.6010538886666666,0.7435725503333334,0.0,1930.0
0.6907300348073461,0.0,0.6100158702857142,0.6918437712857143,0.0,1930.0
0.7975033305861164,0.0,0.57506188175,0.622752531,0.0,1930.0
0.9289000808194888,0.05200420050000001,0.5973931688333333,0.6613223923333333,0.0,1930.0
0.9281073606824455,0.017032508000000002,0.5880325100000001,0.7002924042500001,0.0,1930.0
0.8914882451300992,0.0,0.5468629683333334,0.7451039496666666,0.0,1930.0
0.6833565035210417,0.0,0.3404300928571428,0.5736836631428571,0.0,1930.0
0.8100981878246186,0.0010273921999999999,0.15117604080000002,0.2884035642,0.0,1930.0
0.916009764459316,0.1665963431666667,0.09179334800000001,0.14391627966666665,0.0,1930.0
0.934715481057609,0.01505515075,0.129328936,0.19522547624999997,0.0,1930.0
0.8301451540290642,0.0,0.15190082475,0.22137313075,0.0,1930.0
0.6577282123492535,0.0,0.15072576183333333,0.23106618816666666,0.0,1930.0
0.8417698057332883,0.0,0.118978141,0.18846762800000003,0.0,1930.0
0.9252451271645671,0.10384926214285714,0.07390906128571428,0.12219111614285716,0.0,1930.0
0.9175180948943963,0.009389775999999999,0.152631078,0.14673206616666667,0.0,1930.0
0.6873400094153341,0.0,0.334168368,0.2507684552857143,0.0,1930.0
0.7901023708105348,0.0,0.46080790225,0.4119365685,0.0,1930.0
0.916586041825054,0.0752240872,0.5541497075999999,0.5272569968,0.0,1930.0
0.918847245148517,0.06386613875,0.62875166375,0.5915592,0.0,1930.0
0.9016285058367632,0.0,0.71042467375,0.6844220095,0.0,1930.0
0.7401194279427444,0.0,0.7170207003333333,0.7446559233333333,0.0,1930.0
0.6160905904753564,0.0,0.70968029,0.786821605,0.0,1930.0
0.6916717884432625,0.0009722213333333333,0.6822193959999999,0.8435440896666666,0.0,1930.0
0.7770000954758813,0.07394177625000001,0.624145053,0.80175403075,0.0,1930.0
0.7872846482782747,0.056580887249999996,0.5183722492499999,0.7511052180000001,0.0,1930.0
0.8003430770320278,0.0,0.47464221075,0.737958404,0.0,1930.0
0.6661982014349573,0.0,0.3886857516666667,0.5679386138333334,0.0,1930.0
0.6252988435688366,0.0,0.4252719825,0.57617222025,0.0,1930.0
0.7503229692675208,0.063302586,0.52574364275,0.57094682075,0.0,1930.0
0.7815229849792205,0.149686403,0.6513158189999999,0.550500154,0.0,1930.0
0.8040478461559628,0.006426886,0.7758824228333333,0.6657172405,0.0,1930.0
0.6676897187207949,0.0,0.8402908871428572,0.8919432511428571,0.0,1930.0
0.7882422222950843,0.00021331800000000002,0.7263206802,0.8991246252,0.0,1930.0
0.8989888902500413,0.18913821649999998,0.7440244901666667,0.8994577816666668,0.0,1930.0
0.9076899182797248,0.024436472,0.8033567833333333,0.9306103471666667,0.0,1930.0
0.6866538910613692,0.0,0.8362659878571429,0.9344942821428571,0.0,1930.0
0.7979250386595282,0.0,0.8554373224999999,0.936418478,0.0,1930.0
0.9287505841960376,0.20672760614285715,0.8512427675714286,0.9316340915714285,0.0,1930.0
0.931367238855965,0.016467221,0.8215291738333333,0.923531513,0.0,1930.0
0.6949406795123595,0.0,0.8415060834285714,0.9239347855714285,0.0,1930.0
0.8257818967209374,0.0037653784000000004,0.9001839822000001,0.9363343547999999,0.0,1930.0
0.9224986798486818,0.339259209,0.8512371845000001,0.9348020611666668,0.0,1930.0
0.9191248808946928,0.018411128666666665,0.6756748211666667,0.8482117488333333,0.0,1930.0
0.7198955912924891,0.0,0.5731406915,0.66558263725,0.0,1930.0
0.6532982869832991,0.0,0.6355838976,0.7338315696000001,0.0,1930.0
0.8842547641171382,0.005986566333333333,0.6139763003333333,0.7978427616666667,0.0,1930.0
0.9178697326031102,0.3012853111666667,0.5501630721666667,0.8084108711666665,0.0,1930.0
0.9240208879972233,0.026565519166666666,0.580875718,0.827387592,0.0,1930.0
0.6968500319599924,0.0,0.5922135801428572,0.8405046241428573,0.0,1930.0
0.8142637931771404,0.0,0.62375809325,0.8352803207499999,0.0,1930.0
0.9328661485303097,0.27600663566666667,0.6304404541666667,0.8313439814999999,0.0,1930.0
0.94170318682929,0.08518991379999999,0.624659486,0.8575815854,0.0,1930.0
0.8602779925835428,0.0,0.5224770276666666,0.8247406169999999,0.0,1930.0
0.6587739208844462,0.0,0.3182102018333333,0.5875914061666667,0.0,1930.0
0.6591068176780206,0.0,0.1594355715,0.266579251,0.0,1930.0
0.7906716527186406,0.0829599612,0.1925968506,0.23885386300000003,0.0,1930.0
0.8114879944032856,0.117082385,0.2394026235,0.35812890175,0.0,1930.0
0.8187687504621135,0.0,0.17981360200000002,0.37940240275000003,0.0,1930.0
0.6744055280128549,0.0,0.17418282699999998,0.260566087,0.0,1930.0
0.6502978977714757,0.0,0.3484284078,0.4368988814,0.0,1930.0
0.7856506808334601,0.026780940333333333,0.6087361649999999,0.6838806803333334,0.0,1930.0
0.795674978527587,0.013188802333333333,0.7832106396666667,0.8728965569999999,0.0,1930.0
0.7850148143485154,0.0,0.7035173906,0.8712305158,0.0,1930.0
0.6543686712445662,0.0,0.6063852813333334,0.7853159791666666,0.0,1930.0
0.7725284311608327,0.0,0.61588815575,0.7617153985,0.0,1930.0
0.9051846674088757,0.203933428,0.65340720675,0.7840215282499999,0.0,1930.0
0.9027186079607071,0.18075275339999997,0.6436214862,0.7787284422,0.0,1930.0
0.8981490590556769,0.0,0.613857985,0.7376676012500001,0.0,1930.0
0.6796055218885432,0.0,0.7355124117142857,0.8315176497142858,0.0,1930.0
0.7567663349320168,0.0,0.81818016625,0.9184435205,0.0,1930.0
0.8789751902793816,0.030226498666666667,0.850011479,0.9304165176666667,0.0,1930.0
0.8732870742463291,0.1707245055,0.881912345,0.93578563525,0.0,1930.0
0.8797233482890136,0.02438964266666667,0.8618438795,0.9332897588333333,0.0,1930.0
0.6778276997900244,0.0,0.8284130302857144,0.8711865357142857,0.0,1930.0
0.752909608063154,0.0,0.9120857945,0.8752614464999999,0.0,1930.0
0.8926592180065005,0.10473018275,0.914477475,0.8855485319999999,0.0,1930.0
0.906068196231439,0.25462445533333333,0.9057343243333333,0.9141914823333334,0.0,1930.0
0.8912286299103641,0.027498014428571433,0.834502326,0.9205904697142858,0.0,1930.0
0.6819760051169426,0.0,0.78942756475,0.91632176175,0.0,1930.0
0.6669200276208821,0.0,0.7330826977499999,0.8944620145,0.0,1930.0
0.885027234199078,0.012577878666666667,0.637745148,0.8467352810000001,0.0,1930.0
0.9086524127828692,0.3186570461666667,0.5391855215,0.7512699311666667,0.0,1930.0
0.9271411694195366,0.04663973175,0.4565222505,0.6409248710000001,0.0,1930.0
0.8495602426355598,0.0,0.42391527433333326,0.5985656793333334,0.0,1930.0
0.6884707860826332,0.0,0.38512809925,0.57559731875,0.0,1930.0
0.6858036536857066,0.0,0.308932929,0.44892192975,0.0,1930.0
0.8990512132074325,0.012911995,0.21451277466666666,0.311700609,0.0,1930.0
0.9202211736098684,0.32413030433333334,0.14448860866666666,0.21398816383333338,0.0,1930.0
0.9167272007858956,0.018027522666666667,0.3342045126666667,0.32571175016666665,0.0,1930.0
0.7179110444172595,0.0,0.55163349625,0.52247709,0.0,1930.0
0.6118457056418148,0.0,0.67242399975,0.6867044554999999,0.0,1930.0
0.6757532812504514,0.001846992,0.8300026309999999,0.84123640125,0.0,1930.0
0.762262704866558,0.044059036499999996,0.8911827735000001,0.9234241135,0.0,1930.0
0.7644818681371737,0.06074652425,0.901955126,0.93194483225,0.0,1930.0
0.7747549730388383,0.0,0.8714147645,0.9090368265000001,0.0,1930.0
0.6509778461782514,0.0,0.8124816758571429,0.8724135175714286,0.0,1930.0
0.6307330992484579,0.0,0.76675490525,0.8445082285000001,0.0,1930.0
0.7403986810599751,0.061243652499999995,0.775374755,0.870757231,0.0,1930.0
0.7492827306376467,0.0888801714,0.7787476968,0.8879822922,0.0,1930.0
0.7695027669461252,0.0,0.810283744,0.88257242825,0.0,1930.0
0.6650144060323623,0.0,0.851808008,0.917986769,0.0,1930.0
0.7820231363090249,0.002660928,0.7849082806,0.9079883678,0.0,1930.0
0.8957826670325603,0.2720070745,0.7085118781666666,0.8698234445,0.0,1930.0
0.9107449179220937,0.04930821116666667,0.45112743716666664,0.6452019311666667,0.0,1930.0
0.6957414756282306,0.0,0.37772437771428574,0.4425179518571428,0.0,1930.0
0.839061942074504,0.0105042612,0.430118711,0.40865465619999997,0.0,1930.0
0.9266765873268384,0.295618157,0.474425257,0.447368495,0.0,1930.0
0.9203583778961659,0.11267239125,0.56547271975,0.575787036,0.0,1930.0
0.8832621292254661,0.0,0.7401082062,0.7933779684,0.0,1930.0
0.6781302901880363,0.0,0.83992661025,0.92248474275,0.0,1930.0
0.6613537065625257,0.0,0.8663985775,0.93572982575,0.0,1930.0
0.8779847018450578,0.009020241,0.858594139,0.9348673443333334,0.0,1930.0
0.9241407786715156,0.3164695671666667,0.837912157,0.9289814021666666,0.0,1930.0
0.9251665053901729,0.044931281833333336,0.8079224423333332,0.9231843384999999,0.0,1930.0
0.736064515472872,0.0,0.806115363,0.910790032,0.0,1746.5
0.6994711034708472,0.0,0.8430746784,0.9110623884000001,0.0,1563.0
0.9329522766822317,0.031478752666666665,0.8657337740000001,0.9041367266666667,0.0,1563.0
0.9474576817753678,0.4351739241666667,0.8593057588333334,0.9057757895000002,0.0,1563.0
0.9446905361019727,0.0587536135,0.8630126906666667,0.9186279665,0.0,1563.0
0.7198272574497615,0.0,0.775480843,0.9081004026666667,0.0,1563.0
0.8041644426105273,0.0,0.5992828374,0.8425550601999999,0.0,1563.0
0.954405514916263,0.2790614573333334,0.3550970663333333,0.6532060553333333,0.0,1563.0
0.9441060185648269,0.433715826,0.25179115525,0.4819016775,0.0,1563.0
0.9554760944253387,0.101662558,0.1927363955,0.3826554205,0.0,1563.0
0.9395855438833591,0.0,0.22518118575,0.28348974600000004,0.0,1563.0
0.6890436711447797,0.0,0.28983124875,0.33079700062499995,0.0,1563.0
0.7354537145258644,0.00369115125,0.340897026,0.4552104355,0.0,1563.0
0.8348805093284315,0.186055255,0.41459882066666665,0.5319601705,0.0,1563.0
0.8552888812819797,0.03770197733333334,0.4593657933333333,0.615177938,0.0,1563.0
0.7184661035522033,0.0,0.43725231475,0.6531393379999999,0.0,1563.0
0.6388830965462365,0.0,0.39984785125,0.63053435775,0.0,1563.0
0.7371488198853436,0.02309635125,0.342136617,0.568912152,0.0,1563.0
0.8301197985343667,0.46192530475000004,0.227421772,0.45287697875,0.0,1563.0
0.8373018828919296,0.28157063775,0.1965793575,0.436747163,0.0,1563.0
0.8561017620800135,0.0,0.17116987875,0.44192697150000004,0.0,1563.0
0.7064508605055999,0.0,0.17711261862500002,0.41343805812499995,0.0,1563.0
0.906705973710381,0.0,0.19959292066666667,0.41812201499999996,0.0,1563.0
0.9678387646911129,0.3791005988571428,0.2272331014285714,0.38494488742857147,0.0,1563.0
0.9610113248320369,0.04466607166666667,0.23633703800000003,0.3673413095,0.0,1563.0
0.7588808565850528,0.0,0.219594604,0.33456908875,0.0,1563.0
0.7179769351477863,0.0,0.3739388644,0.3704456314,0.0,1563.0
0.9519783353575209,0.03002945833333333,0.44133413800000004,0.482955501,0.0,1563.0
0.9738827401009037,0.41326317725,0.4460801545,0.56971129675,0.0,1563.0
0.9750088452635021,0.30552915575,0.507957008,0.6774772335,0.0,1563.0
0.9555805571984628,0.0,0.46138149824999997,0.69941430125,0.0,1563.0
0.7330685843766058,0.0,0.3811556348571428,0.5928134934285714,0.0,1563.0
0.8921138829762404,0.0297303452,0.2590540288,0.47587800500000005,0.0,1563.0
0.9719705704398093,0.38313474799999997,0.25278353325,0.37112928624999997,0.0,1563.0
0.9703032800658405,0.201059677,0.41270847425,0.39166830475000003,0.0,1563.0
0.9509882196029688,0.0,0.5166656482499999,0.5113769005,0.0,1563.0
0.7277000214154467,0.0,0.46239608383333336,0.4897227218333333,0.0,1563.0
0.7794521311301053,0.0,0.39859290450000007,0.5597162397500001,0.0,1563.0
0.9515049884132876,0.0208473385,0.3819692615,0.5958471755,0.0,1563.0
0.9464550895198688,0.13069382866666665,0.444244202,0.6248418448333333,0.0,1563.0
0.9556892458761239,0.026591785,0.57750156725,0.73085697725,0.0,1563.0
0.8474138664154935,0.0,0.660740834,0.77057637725,0.0,1563.0
0.6735947564727924,0.0,0.65180029175,0.8423120197499999,0.0,1563.0
0.8299116481269558,0.0133132575,0.6406535963333333,0.878572885,0.0,1563.0
0.9646911111972758,0.47137067425,0.5780317939999999,0.8171195272499999,0.0,1563.0
0.9599449414931878,0.387584196,0.5350214945,0.79755028,0.0,1563.0
0.947962957847327,0.00032329725,0.47351200275,0.7092843497499999,0.0,1563.0
0.7120053162357928,0.0,0.6222400331666668,0.6961059526666666,0.0,1563.0
0.6654340490540531,0.0,0.77640008125,0.7101047444999999,0.0,1563.0
0.7980334032174605,0.05641151625,0.7531879132500001,0.8394958827500001,0.0,1563.0
0.8101069705752191,0.18504982225,0.6592639069999999,0.82227902325,0.0,1563.0
0.8222852466664293,0.028575047500000002,0.5653070589999999,0.7946419933333334,0.0,1563.0
0.7107664231654569,0.0,0.7120622935,0.87548842925,0.0,1563.0
0.6337542580741032,0.0,0.7420546435,0.9025156525,0.0,1563.0
0.7343329756078507,0.04079553325,0.7242485595000001,0.91648367825,0.0,1563.0
0.8330849062278988,0.4702361773333333,0.7616917555000001,0.9248273340000001,0.0,1563.0
0.8489527248011302,0.06562635128571428,0.7283571995714285,0.9147403955714285,0.0,1563.0
0.700695357157043,0.0,0.6248294328333333,0.8546399995000001,0.0,1563.0
0.8326220979600105,0.0,0.5800934983333333,0.7830975953333333,0.0,1563.0
0.9678102597468571,0.27833252225,0.5362723867500001,0.694099735,0.0,1563.0
0.9503587598250623,0.582305347,0.6382016985000001,0.7123792125,0.0,1563.0
0.9617215018483392,0.219075783,0.6359884735000001,0.7759777535,0.0,1563.0
0.9448410814559052,0.00025660125,0.73678350025,0.8549390655,0.0,1563.0
0.7201805273966855,0.0,0.8214104866666666,0.9066250655000001,0.0,1563.0
0.768091848665117,0.0,0.7711955845,0.8892403787500001,0.0,1563.0
0.9481942427291423,0.037608469000000005,0.672104344,0.821511721,0.0,1563.0
0.9613086442531796,0.33718399483333333,0.5168672325,0.8211155763333333,0.0,1563.0
0.9765402580142379,0.13129976225,0.40911740999999996,0.63340115475,0.0,1563.0
0.8859186558729105,0.0,0.4602055176666667,0.5328322153333334,0.0,1563.0
0.702291870640667,0.0,0.6133251112857143,0.6752282267142856,0.0,1563.0
0.9123662375000676,0.014759709499999999,0.8433078362499999,0.81661332275,0.0,1563.0
0.9498065738747085,0.12418158925,0.8978120165,0.900646353,0.0,1563.0
0.9494883559115932,0.14017459625,0.868575182,0.92508249175,0.0,1563.0
0.9314300909356371,0.0008930285,0.786949654,0.8791480315,0.0,1563.0
0.7409156063802784,0.0,0.7661989045,0.899935639,0.0,1563.0
0.6846144124425346,0.0,0.8110568372,0.9007615702,0.0,1563.0
0.9219879779285657,0.07926815,0.8295098593333333,0.8928100123333333,0.0,1563.0
0.9446615360624893,0.56855076525,0.849422483,0.8521277475,0.0,1563.0
0.9473609329978117,0.44819920900000004,0.851229512,0.86146531525,0.0,1563.0
0.9423607165160618,0.00142326175,0.7556760725,0.8615999665,0.0,1563.0
0.7242137028822556,0.0,0.6742916135,0.8174199496666666,0.0,1563.0
0.783986513371804,0.0,0.569323095,0.652211946,0.0,1563.0
0.9594102181300325,0.110459718,0.5387484419999999,0.5492658435,0.0,1563.0
0.9401961174708525,0.4351018231666666,0.5409919073333334,0.5295544114999999,0.0,1563.0
0.9569444985301881,0.06521540575,0.53866831975,0.583707651,0.0,1563.0
0.8780643607376794,0.0,0.5590992253333334,0.6541976493333334,0.0,1563.0
0.6945679622885189,0.0,0.48602924875,0.59211124625,0.0,1563.0
0.6480284192769376,0.0,0.40497485775000003,0.43093685725,0.0,1563.0
0.7602682677681146,0.05860523433333333,0.31758611400000003,0.31728591433333336,0.0,1563.0
0.8076430024319761,0.40923391566666667,0.23108843199999995,0.27781682300000005,0.0,1563.0
0.835991782828014,0.07563123,0.17152372549999997,0.2492692553333333,0.0,1563.0
0.6778929570674384,0.0,0.1672647675,0.27886047175,0.0,1563.0
0.726406034997424,0.014532861749999999,0.22422168125,0.36938823749999994,0.0,1563.0
0.8052393598516879,0.11025322383333334,0.2553818561666667,0.3497796766666667,0.0,1563.0
0.8231344986327751,0.018202334,0.2753688106666667,0.35602523333333336,0.0,1563.0
0.7938747784396715,0.0,0.27831902199999997,0.38922034099999997,0.0,1563.0
0.6652056261558545,0.0,0.22851899250000002,0.403826198,0.0,1563.0
0.7956724966798113,0.0071098055,0.21641677466666667,0.3833713708333333,0.0,1563.0
0.9170764832763106,0.10471304333333332,0.215978805,0.34088097666666667,0.0,1563.0
0.9215731154829001,0.025815617750000002,0.2925176655,0.33923244975,0.0,1563.0
0.8394877978615622,0.0,0.3701725715,0.43389055249999997,0.0,1563.0
0.6650857130908614,0.0,0.44940146075,0.6201745787499999,0.0,1563.0
0.7454155999134707,0.0,0.48834671900000004,0.634481158,0.0,1563.0
0.9321372046656909,0.102347022,0.5165099615,0.6785806015,0.0,1563.0
0.9324721920826861,0.46522311983333325,0.5013503721666667,0.6529704821666666,0.0,1563.0
0.9441149473711703,0.16907932533333334,0.39616134833333333,0.6105013476666666,0.0,1563.0
0.9162722480889288,0.0,0.2962270073333333,0.5173270120000001,0.0,1563.0
0.7178661953717452,0.0,0.16809824783333335,0.3376937156666666,0.0,1563.0
0.7710535428732975,0.0,0.10039764150000001,0.25635417225,0.0,1563.0
0.9512745531522835,0.09567716750000001,0.07717638,0.20251732449999998,0.0,1563.0
0.9472336189572199,0.41521758625000005,0.06515469275,0.16925704775,0.0,1563.0
0.9475030711891197,0.31941106175,0.08028833875000001,0.18003927125000002,0.0,1563.0
0.9346494986882763,0.003237789,0.16868230174999999,0.2569386085,0.0,1563.0
0.7208457397477889,0.0,0.25059635266666663,0.3650176985,0.0,1563.0
0.7736699195781498,0.0,0.29357650225,0.453620241,0.0,1563.0
0.9524999337553525,0.0825099115,0.343963825,0.5492986685,0.0,1563.0
0.9594320229432002,0.298361297,0.4227175346,0.5476202738,0.0,1563.0
0.9698153548075124,0.1303072885,0.3728223064999999,0.51222323375,0.0,1563.0
0.9133166654511383,0.0,0.43897025300000003,0.6281983839999999,0.0,1563.0
0.7072893784147689,0.0,0.46793689071428574,0.6780341885714286,0.0,1563.0
0.921542125460066,0.052703390999999995,0.5116685710000001,0.70724697325,0.0,1563.0
0.9665823972847666,0.37990103925,0.6074323229999999,0.7791477112499999,0.0,1563.0
0.9634582998393139,0.3264049226666667,0.6355174016666666,0.7985991183333333,0.0,1563.0
0.9355267147165396,0.0330648035,0.6790843941666665,0.8571998659999999,0.0,1563.0
0.6817558120326249,0.0,0.648432256857143,0.8226867022857143,0.0,1563.0
0.7524400510177017,0.0668484615,0.56359448425,0.78193219225,0.0,1563.0
0.83393269745688,0.5367775891666667,0.5322267015,0.7304144098333333,0.0,1563.0
0.8605315175712879,0.23047197433333336,0.4938557366666667,0.7289699913333333,0.0,1563.0
0.8505573494055912,0.0,0.574532822,0.8134121066666666,0.0,1563.0
0.7003998264953409,0.0,0.5436939903333333,0.830464697,0.0,1563.0
0.6860579463112362,0.0,0.5322880775,0.79428083625,0.0,1563.0
0.7929117532398128,0.16259762300000002,0.5290030415,0.8105106504999999,0.0,1563.0
0.8367125804587044,0.6023914560000001,0.48768034624999995,0.7464901937499999,0.0,1563.0
0.8340326734530009,0.6148351036666667,0.4405320596666667,0.689018177,0.0,1563.0
0.8501862143786649,0.062174043166666665,0.5190844010000001,0.7834689925,0.0,1563.0
0.7123845453346852,0.0,0.5446050328571428,0.8177783195714287,0.0,1563.0
0.9179034653911701,0.016236918333333333,0.542333266,0.7980945286666667,0.0,1563.0
0.9786744483626263,0.4110432276666667,0.5533696376666667,0.7563135520000001,0.0,1563.0
0.9802896712598574,0.2636989775,0.451479385,0.6494062110000001,0.0,1563.0
0.9964948324780222,0.06213027100000001,0.34371671333333337,0.638430028,0.0,1563.0
0.8431953320784462,0.0,0.33376102259999996,0.6226918384,0.0,1563.0
0.6995755237747391,0.0,0.3413655325,0.4885136955,0.0,1563.0
0.8359263445380848,0.0,0.35650221833333334,0.5611350963333334,0.0,1563.0
0.9702772091258456,0.15776159550000002,0.3529513355,0.6285080415,0.0,1563.0
0.9807963933032399,0.6016008643333334,0.40855004433333336,0.5690096188333333,0.0,1563.0
0.9935305967960018,0.19166793375,0.48557651599999996,0.632719201,0.0,1563.0
0.8924192577459847,0.0,0.5077734593333334,0.7349431253333334,0.0,1563.0
0.7196144115853679,0.0,0.5507678561666667,0.7117969696666667,0.0,1563.0
0.8320452720389783,0.0,0.6488493573333334,0.8352737436666667,0.0,1563.0
0.9659647655321842,0.165766806,0.685985032,0.8965935525,0.0,1563.0
0.9812125301969911,0.5510304523333334,0.768004636,0.9254771823333333,0.0,1563.0
0.9915957994820507,0.17362987275,0.80713879125,0.932375913,0.0,1563.0
0.8908183000754034,0.0,0.7809930886666666,0.9308461803333333,0.0,1563.0
0.7023477561969477,0.0,0.8087157975,0.9293940416666668,0.0,1403.0
0.85754160436434,0.0422305798,0.8530987407999999,0.9352005292,0.0,1371.0
0.9772773033988594,0.32387301766666665,0.8974064030000001,0.936215883,0.0,1371.0
0.967597741769588,0.04703696066666666,0.9091610431666667,0.9301928943333334,0.0,1371.0
0.7311384686533723,0.0,0.9030982155,0.9293633495,0.0,1371.0
0.768597661405394,0.0,0.8993303057500001,0.9272874870000001,0.0,1371.0
0.9612748966429485,0.032141154,0.8885266315,0.9276507615,0.0,1371.0
0.9795143690635628,0.13783423533333333,0.8745753559999999,0.9270276558333332,0.0,1371.0
0.9909549960646835,0.057439177333333334,0.852124936,0.9109840606666667,0.0,1371.0
0.9165264587201852,0.0,0.8127046410000001,0.8877237179999999,0.0,1371.0
0.6773845570927189,0.0,0.736237851142857,0.8428167232857143,0.0,1371.0
0.6898280531412603,0.005633707333333334,0.7227092183333333,0.847459594,0.0,1371.0
0.8060426708463171,0.201497023,0.694805145,0.7877186261428571,0.0,1371.0
0.828875524318553,0.043981549833333335,0.6334803296666667,0.7507549398333334,0.0,1371.0
0.6638579773407183,0.0,0.5369568254444445,0.7565829746666666,0.0,1371.0
0.730062209857251,0.07924553775000001,0.5407962042500001,0.7522704804999999,0.0,1371.0
0.7888658328910221,0.2227507215,0.542197004,0.6605204667500001,0.0,1371.0
0.8060683393609839,0.11299141399999998,0.44054723425,0.583857533,0.0,1371.0
0.7826990319684779,0.0,0.3524126152,0.5398637162,0.0,1371.0
0.663463432107263,0.0,0.30076065625000004,0.52126954075,0.0,1371.0
0.738562555447289,0.0,0.24811569474999998,0.47186111049999996,0.0,1371.0
0.9340905155352675,0.070590237,0.2192086595,0.422014351,0.0,1371.0
0.9384917404495366,0.1847205585,0.21734021133333334,0.37678515633333337,0.0,1371.0
0.9528171977014369,0.07803172333333333,0.3031702686666667,0.4427968123333333,0.0,1371.0
0.8939351307545093,0.0,0.35955226149999997,0.5052030745,0.0,1371.0
0.6747845931489063,0.0,0.3607306723333333,0.48860930166666666,0.0,1371.0
0.7681902372044288,0.0,0.33137982633333335,0.3648488673333334,0.0,1371.0
0.9384661822667055,0.1737983678,0.2678823254,0.2855882156,0.0,1371.0
0.9328502584877815,0.32455589,0.23240584,0.21180596433333335,0.0,1371.0
0.9423501405368772,0.1949348575,0.209271867,0.16692894549999998,0.0,1371.0
0.9318123683106383,0.0157677085,0.24085625250000003,0.1770045725,0.0,1371.0
0.6985464852341818,0.0,0.2616736892857143,0.2574793965714286,0.0,1371.0
0.8373110904698045,0.0582372042,0.28990206020000003,0.32461164420000005,0.0,1371.0
0.933352687499509,0.5345117813333334,0.34753145583333334,0.4458006176666667,0.0,1371.0
0.9460582412868423,0.2743526046666666,0.35417402633333334,0.5356593086666667,0.0,1371.0
0.9009770891823559,0.0,0.33804164975,0.57720385725,0.0,1371.0
0.6804796480836731,0.0,0.3592372248333333,0.563677164,0.0,1371.0
0.8362429853906713,0.06630868320000001,0.4025453942,0.5716644026000001,0.0,1371.0
0.939171627964917,0.5264110155,0.3889789356666667,0.5732527496666667,0.0,1371.0
0.9425339044462362,0.283839269,0.3519173733333334,0.5977998706666666,0.0,1371.0
0.8926903422385865,0.0,0.29203579275,0.521862469,0.0,1371.0
0.6839547124277461,0.0,0.25435053150000003,0.3751013715,0.0,1371.0
0.8489724189152372,0.08217924699999998,0.21044123559999997,0.2908089484,0.0,1371.0
0.939173005324756,0.4244274882,0.2553730848,0.36384982540000005,0.0,1371.0
0.9377809672625577,0.23777222600000003,0.31866883700000004,0.445736063,0.0,1371.0
0.9487966701051994,0.034587798749999996,0.41882973525,0.61172423775,0.0,1371.0
0.7800344686159796,0.0,0.4573178845,0.7192551060000001,0.0,1371.0
0.6099211041487153,0.0,0.48333550975000006,0.7558097015,0.0,1371.0
0.6346228397039335,0.00758896,0.56953133425,0.7932936859999999,0.0,1371.0
0.746475096644306,0.10140177633333335,0.5974153893333334,0.7953457679999999,0.0,1371.0
0.7537997553113926,0.1452876105,0.66213433575,0.81764114725,0.0,1371.0
0.7699196566329972,0.11752832533333334,0.6501462923333333,0.7952102060000001,0.0,1371.0
0.7739347434127087,0.0,0.5687730085,0.6952671705,0.0,1371.0
0.6423199311958522,0.0,0.27516761642857146,0.3722348075714286,0.0,1371.0
0.6789074445147398,0.04465781175,0.21214958250000002,0.371936068,0.0,1371.0
0.7648814382899198,0.34023088960000003,0.21156963960000003,0.3849653714,0.0,1371.0
0.7803988474430102,0.18774148375000002,0.264272169,0.43215035375,0.0,1371.0
0.7808917588550658,0.0,0.259086668,0.5129702025,0.0,1371.0
0.6728333878261357,0.0,0.19991184275,0.484318397,0.0,1371.0
0.6582448768083365,0.0,0.17634836725,0.440912126,0.0,1371.0
0.8980581236169747,0.07217278925000001,0.18699263075,0.46937005549999994,0.0,1371.0
0.9280337090202244,0.2393663235,0.256573522,0.4933057495,0.0,1371.0
0.9325838322055525,0.15474119975,0.34156963949999997,0.4602848265,0.0,1371.0
0.9137577479019598,0.0,0.312402067,0.47073512199999995,0.0,1371.0
0.7349271523874978,0.0,0.240796625,0.5010250657499999,0.0,1371.0
0.6418531046543192,0.0,0.19037157666666668,0.49433911533333336,0.0,1371.0
0.8060018650934887,0.029278969499999998,0.15447008674999999,0.36213920499999996,0.0,1371.0
0.9267720392656082,0.4155702043333333,0.19938828716666668,0.18836922199999998,0.0,1371.0
0.9280627090821996,0.23258071875,0.322769299,0.300392405,0.0,1371.0
0.8650252892179988,0.0,0.4673442216,0.5222205870000001,0.0,1371.0
0.6614430655991944,0.0,0.602859467,0.7384934635,0.0,1371.0
0.7241044664365172,0.0006991575,0.6984932187499999,0.7937265822499999,0.0,1371.0
0.9160291873292926,0.088277206,0.778145096,0.8576258345000001,0.0,1371.0
0.9149547619727995,0.21920822799999998,0.8502517595,0.8984625116666667,0.0,1371.0
0.9240541288308907,0.05706855799999999,0.8910517177499999,0.924505739,0.0,1371.0
0.8611388565178849,0.0,0.8916304176666667,0.9269641559999999,0.0,1371.0
0.6646051291595757,0.0,0.8484534696666666,0.887881632,0.0,1371.0
0.7329907228128446,0.0005432183333333333,0.7720565436666668,0.846770632,0.0,1371.0
0.9116213588789952,0.061253086,0.733807235,0.8156480545,0.0,1371.0
0.9163958355342319,0.24365859275,0.70561367725,0.7587620097500001,0.0,1371.0
0.9041765077186201,0.27868055166666666,0.7082690813333334,0.7477731799999999,0.0,1371.0
0.8961683207025332,0.04428473466666668,0.6492554665,0.7830017715,0.0,1371.0
0.6637734122076049,0.0,0.547848211,0.6887600921428572,0.0,1371.0
0.8468280744077701,0.05886814525,0.5194672149999999,0.61501466825,0.0,1371.0
0.9162631552827935,0.3111355765,0.5574555935,0.57379328525,0.0,1371.0
0.9086255070779723,0.2885313916666667,0.5934093456666667,0.5070421076666666,0.0,1371.0
0.9312533851913672,0.1309050995,0.5932044945,0.5388318999999999,0.0,1371.0
0.8874695510297199,0.00057277875,0.6384533785000001,0.661286856,0.0,1371.0
0.6528801522304926,0.0,0.746533293,0.8201406807142858,0.0,1371.0
0.7012004766965256,0.06361997624999999,0.8486682944999999,0.90910425075,0.0,1371.0
0.8153819234941965,0.34527137516666667,0.8750539594999999,0.9287911984999999,0.0,1371.0
0.8421517924790209,0.2150750936666667,0.8229050903333333,0.925185973,0.0,1371.0
0.798325894468081,0.0005515156,0.7670346818,0.9132127583999999,0.0,1371.0
0.6661331517795996,0.0,0.7672728732857141,0.8866947622857142,0.0,1371.0
0.7559524554142726,0.18081608925,0.80151479325,0.8808318294999999,0.0,1371.0
0.818235659404644,0.3394367625,0.85924691025,0.88319746325,0.0,1371.0
0.8360711136760675,0.17928194849999998,0.7883393955,0.89359025425,0.0,1371.0
0.8108140619033265,0.00106628975,0.6718587465000001,0.8671341825,0.0,1371.0
0.6835309659121543,0.0,0.6124749345000001,0.8200746956666666,0.0,1371.0
0.7884267851037388,0.0032730973333333336,0.608072328,0.819058504,0.0,1371.0
0.9619496474549741,0.3807959658,0.5978142456000001,0.8062695004,0.0,1371.0
0.9585791666093746,0.41893279125,0.5788555959999999,0.76322989725,0.0,1371.0
0.9766064490635501,0.13310357466666667,0.490303208,0.748149492,0.0,1371.0
0.8559279853902484,0.0,0.40311207625,0.65082978,0.0,1371.0
0.6706360472565072,0.0,0.304451706,0.54770784925,0.0,1371.0
0.7507984962630256,0.00219894875,0.27610312075,0.51977701375,0.0,1371.0
0.9410903713265153,0.3074798585,0.225371035,0.46739988499999996,0.0,1371.0
0.9474889997640483,0.6396583180000001,0.211632674,0.3973124856666666,0.0,1371.0
0.9369836560085213,0.584457243,0.1674109215,0.34173991800000003,0.0,1371.0
0.9588885899304144,0.181543067,0.13982327166666667,0.2951635553333333,0.0,1371.0
0.8244458911090684,0.0,0.1722544894,0.24343199599999998,0.0,1371.0
0.6757083278312095,0.0,0.2520976815,0.272875875,0.0,1371.0
0.7967180262918271,0.0065486220000000005,0.3587337686666667,0.347413319,0.0,1371.0
0.9412135533145805,0.338085898,0.44985793420000003,0.40584658960000003,0.0,1371.0
0.9224567561127687,0.30671932074999997,0.6050011185,0.55611408575,0.0,1371.0
0.944031293667184,0.09208981499999999,0.604520414,0.675884982,0.0,1371.0
0.8646034671240775,0.0010716573999999999,0.5764961458,0.7104156094,0.0,1371.0
0.6579976050338106,0.0,0.5724112692500001,0.732259276,0.0,1371.0
0.7253500710040692,0.003621105,0.5281181727500001,0.6802233375,0.0,1371.0
0.9182864955817839,0.1859278355,0.5104466745,0.6898949955,0.0,1371.0
0.9222450803362283,0.3294904116,0.6319838898,0.6960528924000001,0.0,1371.0
0.9249855737301202,0.18897017500000002,0.689303824,0.7219834245,0.0,1371.0
0.949659166288998,0.03987419533333334,0.6565845183333333,0.7734848400000001,0.0,1371.0
0.8671019103245347,0.0,0.6305492136666667,0.8100177786666668,0.0,1371.0
0.6665128493689982,0.0,0.6808834303333332,0.8565486356666666,0.0,1371.0
0.6927969022522525,0.0,0.7129465125000001,0.8854325215000001,0.0,1371.0
0.8884923039462095,0.09115319633333334,0.6582639043333333,0.8833744490000001,0.0,1371.0
0.919961835227039,0.3124168543333333,0.562472677,0.7863743343333334,0.0,1371.0
0.9142329730447306,0.28848982824999997,0.4466553255,0.553879711,0.0,1371.0
0.9023740328659827,0.03595802666666667,0.3048963015,0.40449387783333335,0.0,1371.0
0.6492224281276184,0.0,0.2944441765714286,0.40216710185714283,0.0,1371.0
0.6812017351083264,0.11193840175,0.202616364,0.317114656,0.0,1371.0
0.7719496152452036,0.4689915263333333,0.1722681035,0.2042105805,0.0,1371.0
0.7859528149412226,0.24964318,0.18480409933333333,0.2322590113333333,0.0,1371.0
0.7716967402063016,0.0023848000000000003,0.1664899428,0.2129522062,0.0,1371.0
0.6302878691649607,0.0,0.19823099149999998,0.23357320550000002,0.0,1371.0
0.6519874401136102,0.01085609225,0.203445489,0.26700158900000004,0.0,1371.0
0.7623630535424506,0.33330704099999997,0.163564219,0.2277286235,0.0,1371.0
0.7675999926344018,0.5933152324,0.16371572620000002,0.1760948098,0.0,1371.0
0.7714145565838378,0.46723762700000004,0.2106848895,0.187299673,0.0,1371.0
0.7896139014503114,0.18075094800000002,0.178675571,0.16704178233333333,0.0,1371.0
0.7356534839512391,0.0,0.1612958275,0.16899075325,0.0,1371.0
0.674938119783568,0.0,0.1409817065,0.17848869266666667,0.0,1371.0
0.9151989109137347,0.10188943866666667,0.13345158566666668,0.1612643453333333,0.0,1371.0
0.9187433860471229,0.46886222883333345,0.18597985799999997,0.17301016783333334,0.0,1371.0
0.9199284080253709,0.18791741324999997,0.2738583555,0.334182387,0.0,1371.0
0.8405999060585709,0.001095466,0.45462267825,0.57191578675,0.0,1371.0
0.6513710270066745,0.0,0.58677109575,0.72880076125,0.0,1371.0
0.7129659772430789,0.0,0.6609892085,0.76075905525,0.0,1371.0
0.9267819444571912,0.048304102249999994,0.61442148225,0.84075316475,0.0,1371.0
0.9146996793075395,0.16665387199999998,0.6073132852500001,0.8052445662500001,0.0,1371.0
0.9170827588352467,0.180829401,0.61495107,0.701230215,0.0,1371.0
0.9110809115148686,0.05809550025,0.50409607875,0.67342453425,0.0,1371.0
0.6916865860085365,0.0,0.3112216425714286,0.5150740484285714,0.0,1371.0
0.7997139749430322,0.00529608075,0.2427768265,0.35265129125,0.0,1371.0
0.9441006076513008,0.1429389165,0.2582153655,0.337799235,0.0,1371.0
0.9463509397892058,0.402342576,0.254814667,0.35297673125,0.0,1371.0
0.9454618211411855,0.37476017399999995,0.28288674475000003,0.3957530125,0.0,1371.0
0.8936205796931427,0.0398429135,0.1961139,0.32268497775,0.0,1371.0
0.6829223300850001,0.0,0.17655897614285715,0.3036605315714285,0.0,1371.0
0.8639212214124689,0.02292915766666667,0.178936205,0.311003431,0.0,1371.0
0.9437800643391487,0.25634933449999997,0.176003919,0.3781628875,0.0,1371.0
0.9404089708475455,0.456745714,0.20900512475,0.42457642225,0.0,1371.0
0.9501518019389401,0.33602726824999996,0.2817316865,0.47054126425,0.0,1371.0
0.8930108408143212,0.035987904,0.35302909775,0.58090923175,0.0,1371.0
0.7120820087373319,0.0,0.3356496443333334,0.5431776513333334,0.0,1371.0
0.6503636051299249,0.0,0.3265614235,0.44776293275,0.0,1371.0
0.8558675108520998,0.014562526333333332,0.2841348973333333,0.31494661733333335,0.0,1371.0
0.9410745857139444,0.1867177535,0.281341546,0.2907634765,0.0,1371.0
0.9402668996596497,0.32711735324999996,0.3117143745,0.319560676,0.0,1371.0
0.9498322423556375,0.26667528125,0.39276959475,0.44540163925,0.0,1371.0
0.8379331314405228,0.0231828675,0.46520933033333334,0.6254314726666667,0.0,1371.0
0.625177622464084,0.0,0.4894665206666666,0.6747361793333333,0.0,1371.0
0.7271701873220983,0.08505752425,0.48451747125,0.65762733575,0.0,1371.0
0.7879688034881687,0.3551992674,0.39661617400000004,0.5900933615999999,0.0,1371.0
0.8138601849318389,0.28042043925,0.34166042425,0.533137187,0.0,1371.0
0.7659168897992643,0.0116732465,0.262406631,0.45373475274999997,0.0,1371.0
0.6122126408435786,0.0,0.1830174363333333,0.2995768233333333,0.0,786.8333333333334
0.6224982595377838,0.027602604666666666,0.19561672533333332,0.23407841066666668,0.0,670.0
0.7379215805965522,0.26027237449999996,0.199034005,0.208121192,0.0,670.0
0.7705699702277048,0.360699878,0.2482366905,0.19210951133333334,0.0,670.0
0.7931042223296587,0.12117659374999999,0.3501678175,0.36119070350000004,0.0,670.0
0.7244980576379467,0.0,0.45595506474999997,0.59025493925,0.0,670.0
0.6275093090475591,0.0,0.54996874875,0.7259576972499999,0.0,670.0
0.6894285813613991,0.0,0.6069903786666666,0.8185077416666666,0.0,670.0
0.8380199973947049,0.0353514485,0.6202867864999999,0.844075089,0.0,670.0
0.8776980552982659,0.131639682,0.642024955,0.83928524875,0.0,670.0
0.8662645684340154,0.17504794599999998,0.6316230146666667,0.82324535,0.0,670.0
0.8688463328494886,0.06936614425000001,0.58015204775,0.79351703925,0.0,670.0
0.7661185709473743,0.0,0.5232159332499999,0.75037748275,0.0,670.0
0.6085311813160916,0.0,0.4705286755,0.71017005275,0.0,670.0
0.6920597152922774,0.003905924,0.4666448795,0.69833033525,0.0,670.0
0.850612010469934,0.0717976765,0.5356443209999999,0.746411811,0.0,670.0
0.8525676243878143,0.30112402475,0.459305097,0.7398773967499999,0.0,670.0
0.8540518142064484,0.31865085824999995,0.45549916775,0.7623871565,0.0,670.0
0.8382046407491534,0.03826563275,0.346101353,0.7116531072500001,0.0,670.0
0.6732131721748801,0.0,0.305809551,0.6545902695,0.0,670.0
0.6156216482913615,0.0,0.421838294,0.64547429,0.0,670.0
0.7694658070069764,0.020470219,0.501646927,0.6444145125,0.0,670.0
0.8660555087122532,0.22856054525,0.55558063625,0.6231666757500001,0.0,670.0
0.8665667547005269,0.391067033,0.6431008455,0.7947043527500001,0.0,670.0
0.876633930147598,0.2867767875,0.670034577,0.871174771,0.0,670.0
0.8446349597764163,0.06006810425,0.5791544477499999,0.8179568220000001,0.0,670.0
0.6980135794088712,0.0,0.43073084466666667,0.759613159,0.0,670.0
0.6231800289403756,0.0,0.36733223475,0.64951915675,0.0,670.0
0.7602663448444057,0.05491808533333333,0.2969475713333333,0.44931213466666664,0.0,670.0
0.8739302403043265,0.4485917035,0.2690284205,0.334688753,0.0,670.0
0.8735631895728456,0.71215083025,0.37369920725,0.2503430125,0.0,670.0
0.8679800654351978,0.47895824075000004,0.42327356699999996,0.31842356650000003,0.0,670.0
0.8424991297225024,0.03969201675,0.47035244924999997,0.59722582325,0.0,670.0
0.648759187587632,0.0,0.6351386997142857,0.8414998908571428,0.0,670.0
0.7446219705183058,0.012671315666666669,0.7468200326666667,0.909867364,0.0,670.0
0.8624197478623379,0.11908609149999999,0.762004459,0.92154,0.0,670.0
0.8631576951052414,0.29137883533333336,0.7919537516666667,0.9092129523333332,0.0,670.0
0.84080143814152,0.38444816833333334,0.7820680470000001,0.8511062099999999,0.0,670.0
0.8382993995995884,0.225422511,0.7251169925000001,0.7847236765000001,0.0,670.0
0.8428895608662229,0.0539957,0.665279009,0.741437741,0.0,670.0
0.710087079684496,0.0,0.55150883175,0.6266055002500001,0.0,670.0
0.5770107787684868,0.0,0.34771406074999994,0.4398391685,0.0,670.0
0.6032644379232891,0.018393988666666666,0.221245881,0.35752207500000005,0.0,670.0
0.7260570393913739,0.17250162275,0.1550997555,0.283192795,0.0,670.0
0.7241317037959343,0.2779995963333333,0.113744389,0.2721545653333333,0.0,670.0
0.7423090620403502,0.1920104275,0.10378148725,0.26643667525,0.0,670.0
0.7348115210969567,0.00712658875,0.08756162025,0.21077222974999998,0.0,670.0
0.6005024945396703,0.0,0.059361049,0.09661292116666666,0.0,670.0
0.5904411324651913,0.0009182905,0.0503168915,0.056649995,0.0,670.0
0.7039572588493572,0.142137021,0.050322469499999994,0.0491140225,0.0,670.0
0.746405827486574,0.34140817549999997,0.038318974,0.046660564249999995,0.0,670.0
0.7577353546430983,0.23028589725000004,0.043326791,0.0607212805,0.0,670.0
0.7250891778879167,0.012110956,0.0540750076,0.11926539300000001,0.0,670.0
0.6175070762585969,0.0,0.06489556366666667,0.14418562566666668,0.0,670.0
0.6564797196849725,0.0005417535,0.0642904275,0.1480024665,0.0,670.0
0.8440185876609942,0.11676371633333334,0.07500349633333332,0.169270197,0.0,670.0
0.8649558545805072,0.33145630925,0.13761004375,0.19639571325000002,0.0,670.0
0.8676661405149833,0.25962312275,0.27168233525,0.27697120275,0.0,670.0
0.8694390563028568,0.0731324015,0.30851151499999996,0.377004136,0.0,670.0
0.7664923406433868,0.0,0.3811646905,0.5103235052499999,0.0,670.0
0.614750595980991,0.0,0.4715127473333333,0.6133445089999999,0.0,670.0
0.8157815890194061,0.03600355525,0.541137457,0.6420409585,0.0,670.0
0.8701144331953066,0.16510686859999998,0.5013534261999999,0.5573909140000001,0.0,670.0
0.8705818191682596,0.121629522,0.43326961175,0.5093891134999999,0.0,670.0
0.81051095887764,0.00296036675,0.38055577025,0.48312412375,0.0,670.0
0.6298056008029778,0.0,0.273362025,0.374755733,0.0,670.0
0.6457750909461639,0.00074668725,0.26878022999999995,0.3918145385,0.0,670.0
0.8450201960976762,0.081503826,0.281321914,0.3914611133333334,0.0,670.0
0.8799760235997178,0.2379483703333333,0.23480803733333333,0.35100991433333334,0.0,670.0
0.875546774952483,0.26731745675,0.22596426875,0.364965841,0.0,670.0
0.8682739564026201,0.07102201775000001,0.26175905,0.41564951825,0.0,670.0
0.6688818222251979,0.0,0.31303028571428576,0.46027395800000004,0.0,670.0
0.7071297567910775,0.013923406,0.33776161575,0.49514217725,0.0,670.0
0.8664450081509218,0.1360300715,0.32740963749999996,0.422467163,0.0,670.0
0.8780228916128333,0.29669237600000004,0.276441889,0.3241051124,0.0,670.0
0.8792056106507387,0.22134183899999998,0.2589369545,0.31076906049999997,0.0,670.0
0.8808202224201702,0.076158762,0.245440081,0.31646335666666664,0.0,670.0
0.7417568671292177,0.0,0.2098532192,0.24792783600000004,0.0,670.0
0.6097074607660294,0.0,0.148652026,0.1370658105,0.0,670.0
0.7056704193342673,0.0012265325,0.1232055955,0.11204771799999999,0.0,670.0
0.8566452279040037,0.0844066985,0.10545484150000001,0.09892542099999999,0.0,670.0
0.8693023290250748,0.17839092850000002,0.10392673599999999,0.11550804275,0.0,670.0
0.8686085861531962,0.132236279,0.09386642449999999,0.13231673625,0.0,670.0
0.8099539209490727,0.006829324,0.10370866174999999,0.11278319175000001,0.0,670.0
0.611872570400182,0.0,0.1836658085,0.21520699100000001,0.0,670.0
0.5800128315677504,0.0020590855,0.179356728,0.25344170725,0.0,670.0
0.682898152241223,0.20020243166666665,0.24635457166666666,0.29872001033333334,0.0,670.0
0.7231978023815719,0.39344243900000003,0.35167332160000003,0.30571137200000004,0.0,670.0
0.712173629842037,0.327797749,0.3840283815,0.33517288,0.0,670.0
0.7307457568632943,0.16549247233333333,0.380701319,0.41389158233333334,0.0,670.0
0.7120858694743967,0.0,0.4554496275,0.567990161,0.0,670.0
0.5814224434171706,0.002076846,0.4706434465714286,0.589026951,0.0,670.0
0.6979070707937275,0.21685880824999998,0.5335509225,0.67409890375,0.0,670.0
0.7360032173707949,0.4396213135,0.6087554205000001,0.717981734,0.0,670.0
0.7439488950839817,0.339525063,0.609971123,0.7339262955,0.0,670.0
0.7581898937587476,0.145939975,0.6221643203333334,0.769146368,0.0,670.0
0.6618486917403124,0.0,0.5808130438750001,0.7910523033750001,0.0,670.0
0.723534086691334,0.0727386112,0.5078056284,0.7233299186000001,0.0,670.0
0.8525733081462527,0.3745621164,0.6359601159999999,0.7197662896000001,0.0,670.0
0.8462573078983787,0.27533994149999996,0.7260191277499999,0.75409645525,0.0,670.0
0.8337137250649734,0.02750534475,0.7668531795,0.8018648877500001,0.0,670.0
0.6384246808158378,0.0,0.8639035257142857,0.8791793007142857,0.0,670.0
0.7452697724184676,0.05923200175,0.9015586965,0.924693258,0.0,670.0
0.8356019702906544,0.4151527471666667,0.8825666028333332,0.9256728455,0.0,670.0
0.8281518870612086,0.282125875,0.86379715075,0.90631330025,0.0,670.0
0.8141987573575231,0.027231462999999997,0.8024720996666667,0.872607982,0.0,670.0
0.6447364666779267,0.0,0.7318830479999999,0.8592747,0.0,670.0
0.6554856910683446,0.0077964466666666675,0.6483648200000001,0.7633819023333334,0.0,670.0
0.8130967927888791,0.2059434535,0.62991174125,0.7010797172500001,0.0,670.0
0.8166570014210733,0.453396541,0.6796455004999999,0.7251406945000001,0.0,670.0
0.8074192005537703,0.45362533866666666,0.7083868103333333,0.750230239,0.0,670.0
0.8036450577859161,0.089936497,0.768951521,0.8395091365,0.0,670.0
0.6388407878917371,0.0,0.589660411,0.6749667215714286,0.0,670.0
0.7138140666023823,0.066878745,0.3386494723333333,0.421853759,0.0,670.0
0.8139327857268468,0.34740745250000005,0.280664457,0.310234432,0.0,670.0
0.8175597816465056,0.6538840567499999,0.25989517175,0.24465133400000003,0.0,670.0
0.8076799997301942,0.57466236725,0.20874397875,0.2415211475,0.0,670.0
0.8064358372879479,0.1944598625,0.154796499,0.2175055095,0.0,670.0
0.7600527983906241,0.000764354,0.160595652,0.188986158,0.0,670.0
0.6072186664190589,0.0,0.18511290525,0.19946930699999998,0.0,670.0
0.6884110419469052,0.047938822,0.211441857,0.21901952575,0.0,670.0
0.8280873580294009,0.45008858533333324,0.2597836693333333,0.225064834,0.0,670.0
0.8178021791083474,0.733942,0.28792957325,0.2325670185,0.0,670.0
0.8086009953134536,0.560644918,0.2416518,0.224045998,0.0,670.0
0.8078243515307096,0.10554894925,0.14538693625,0.194018513,0.0,670.0
0.6195356166495826,0.0,0.0876371477142857,0.1317517037142857,0.0,670.0
0.5961277281460605,0.08076941466666666,0.097828752,0.17875526533333333,0.0,670.0
0.6839555769719423,0.4201387985,0.10079777849999999,0.23158235249999998,0.0,670.0
0.6976724028738647,0.7504361832,0.2290297716,0.29750267080000004,0.0,670.0
0.6934076920320248,0.49556976750000004,0.27972391274999997,0.36671193025,0.0,670.0
0.6936026922111939,0.026981343199999997,0.3586696342,0.47062434160000005,0.0,670.0
0.5825764290504873,0.0,0.34828642974999996,0.41832914925,0.0,670.0
0.5723713151585489,0.013868532000000001,0.33432531066666665,0.4135778093333333,0.0,670.0
0.671569593923901,0.31174719275,0.36055238324999994,0.51621093525,0.0,670.0
0.7004745252573796,0.510863379,0.5305318965,0.60516904375,0.0,670.0
0.7054857983705194,0.4144643213333334,0.5785111546666667,0.6924669146666668,0.0,670.0
0.7266777231055259,0.085621262,0.59836448225,0.7508837985,0.0,670.0
0.6326465961284882,0.0,0.6252473541428571,0.7736279947142856,0.0,670.0
0.7217278226664045,0.05230103666666667,0.563185983,0.6918660103333334,0.0,670.0
0.8506352910585605,0.2674946534,0.6676898789999999,0.6765090196,0.0,670.0
0.836233196448547,0.2089668435,0.7477127862499999,0.7986410749999999,0.0,670.0
0.841679056662587,0.07599631366666666,0.7055081956666668,0.840706472,0.0,670.0
0.7392165255322377,0.0005607416,0.6961957712,0.8328215796,0.0,670.0
0.5997446139503065,0.0,0.6472509712500001,0.80192116,0.0,670.0
0.7690562288453602,0.083386323,0.47945379639999997,0.6442965733999999,0.0,670.0
0.8566154676603138,0.2160849255,0.38461019675,0.5123081495,0.0,670.0
0.8562462256540965,0.1572280125,0.41768562374999996,0.52033752375,0.0,670.0
0.8326776385144264,0.0422292,0.44416815875,0.593808815,0.0,670.0
0.6897512712343623,0.0,0.46337392033333336,0.7135510606666667,0.0,670.0
0.602441305378259,0.0,0.49018714275,0.7411024067499999,0.0,670.0
0.7270808245517717,0.08304976933333334,0.5078740686666666,0.7006068129999999,0.0,670.0
0.8544134986596068,0.46640812725,0.5592875007500001,0.7285562227500001,0.0,670.0
0.853831231989524,0.6169346920000001,0.6304502363333333,0.7949646466666667,0.0,670.0
0.8583677010535101,0.43549107200000003,0.682087213,0.8277453640000001,0.0,670.0
0.8380745541977795,0.09105166825,0.66550284875,0.8615800225,0.0,670.0
0.6438551481952105,0.0,0.7001242628571428,0.8839557338571428,0.0,670.0
0.7033445573468495,0.0347690455,0.6792470145,0.8537439849999999,0.0,670.0
0.8358378164539385,0.325929827,0.6957167543333332,0.847583173,0.0,670.0
0.8566913775332081,0.61141406575,0.63616942375,0.801383771,0.0,670.0
0.848874198869602,0.48082779325,0.51497534775,0.70287880275,0.0,670.0
0.8570657173992444,0.147307125,0.3067123105,0.5170223455,0.0,670.0
0.7667625866599208,0.00168347225,0.18507862975,0.34012859525,0.0,670.0
0.6179048598741033,0.0,0.13457933925,0.1928764195,0.0,670.0
0.7086532095634264,0.034953031999999995,0.14105871650000001,0.212033849,0.0,670.0
0.8648728344175127,0.2192710295,0.167857722,0.28502389650000004,0.0,670.0
0.8748363967460087,0.36917673849999993,0.149800345,0.28334097525,0.0,670.0
0.8687883104135592,0.37753831033333335,0.16780701500000003,0.328886822,0.0,670.0
0.8474212181810332,0.116340089,0.173263122,0.3484712728,0.0,670.0
0.6257204877764583,0.0,0.1316430952857143,0.283918708,0.0,670.0
0.5944360512065642,0.022266878,0.1214211345,0.231853062,0.0,670.0
0.6963728370508885,0.24804170366666667,0.11813614366666668,0.19567305033333335,0.0,670.0
0.7535691747076392,0.5061308935,0.08769712499999999,0.1362382755,0.0,670.0
0.7584456993478665,0.39900394125,0.09880587325000001,0.1586977015,0.0,670.0
0.759956183721106,0.0748578625,0.10951941975000001,0.21417049625,0.0,670.0
0.6223461202268791,0.0,0.10436568628571428,0.23873522285714285,0.0,670.0
0.5960065032964044,0.0281891865,0.13452284650000002,0.32588571850000003,0.0,670.0
0.6958799330949025,0.24903193099999998,0.193020654,0.3860416346666667,0.0,670.0
0.7582198030788445,0.5020652157500001,0.23916023175,0.39796099949999997,0.0,670.0
0.7696405674930669,0.41385571125,0.27204281175,0.50197089875,0.0,670.0
0.7647625224219345,0.0968870065,0.28500181175,0.5602339535,0.0,670.0
0.6652036361949956,0.0,0.2910186185,0.56413328475,0.0,670.0
0.6341858937185524,0.0,0.31884003024999996,0.59311515975,0.0,670.0
0.8280777435008249,0.22305790174999998,0.3482976845,0.6171864985,0.0,670.0
0.8733979988451764,0.539643248,0.33702006566666665,0.5795783280000001,0.0,670.0
0.8660960237795831,0.49006418274999997,0.29930838625,0.53441485575,0.0,670.0
0.8673102097858605,0.24664685833333333,0.26182805066666665,0.5134396920000001,0.0,670.0
0.73945932994703,0.0053863358,0.25483339060000004,0.4492103116,0.0,609.0
0.6090125440861349,0.0,0.35121400775,0.5233927635,0.0,365.0
0.6736160649074083,0.0481790555,0.4125579735,0.529620599,0.0,365.0
0.7938054108573233,0.3125807233333333,0.48677101066666667,0.5724643373333334,0.0,365.0
0.815081527435605,0.41554916999999997,0.7392012508000001,0.7309800948,0.0,365.0
0.8103675193289199,0.124682687,0.7113559052,0.8371717484000001,0.0,365.0
0.7414042359504065,0.00077434825,0.6275578215,0.8556605835,0.0,365.0
0.5964916001402978,0.0,0.6539096355,0.8515133925,0.0,365.0
0.622306744397493,0.009980876666666668,0.5994568593333334,0.8295723760000001,0.0,365.0
0.7696178951037926,0.1215035875,0.5904433505,0.8274843815,0.0,365.0
0.8200614624545425,0.4595007533333333,0.5899893661666666,0.7506265158333334,0.0,365.0
0.8096917310098781,0.396790608,0.6342944076,0.7171095332,0.0,365.0
0.7433314646452769,0.00622252725,0.464817291,0.6068117980000001,0.0,365.0
0.6080624962596594,0.0,0.419934709,0.56454907725,0.0,365.0
0.6657581028254448,0.045447868749999995,0.35100339125,0.39441415225,0.0,365.0
0.8106406131456697,0.30362253300000003,0.45076665133333327,0.35588725400000004,0.0,365.0
0.8082279373740646,0.27750702299999996,0.5486304354999999,0.44056841300000005,0.0,365.0
0.7945924890326523,0.14437332133333333,0.49447834800000007,0.5644848733333334,0.0,365.0
0.7891679521203834,0.024053861750000002,0.35739394975000005,0.5424156625,0.0,365.0
0.6256913695644578,0.0,0.3048841527142857,0.40583551471428575,0.0,365.0
0.6978768632870787,0.06447646925,0.28030825675000004,0.26476808875,0.0,365.0
0.8017616645384488,0.30515300300000003,0.28456588766666663,0.24045658,0.0,365.0
0.7846675649876902,0.2000900558,0.2998254334,0.2770228002,0.0,365.0
0.7383305438517273,0.0041096875,0.2329901795,0.276137814,0.0,365.0
0.5703968449532556,0.0,0.23925831825,0.29805640499999997,0.0,365.0
0.5502523353836581,0.023595233333333337,0.28777419899999995,0.31752536966666667,0.0,365.0
0.6387800088612681,0.297694519,0.34866945,0.33743427625000005,0.0,365.0
0.6782672634148996,0.56981994975,0.428821888,0.37343219325,0.0,365.0
0.6706387415404119,0.4444995236666666,0.37899075899999995,0.3770256983333334,0.0,365.0
0.674419033080282,0.069465441,0.24953813999999996,0.3709974218333334,0.0,365.0
0.5660992346060406,0.0,0.0924492046,0.16986093019999998,0.0,365.0
0.5578266023640349,0.08847251033333332,0.06184320033333333,0.13812852133333334,0.0,365.0
0.6471819286991223,0.3688155615,0.0777318545,0.154878095,0.0,365.0
0.6807992783703078,0.6594334980000001,0.20295393025,0.18609528525000002,0.0,365.0
0.6717957361757423,0.5702343249999999,0.27807485374999996,0.22926090600000001,0.0,365.0
0.6737633234279579,0.2102854775,0.219026811,0.251972398,0.0,365.0
0.6749299101561798,0.007792669,0.14114405925,0.18384651775,0.0,365.0
0.5938062694276672,0.0,0.0469440666,0.0899314824,0.0,365.0
0.6356843599535635,0.0374738715,0.064525937,0.09886780249999999,0.0,365.0
0.7764088589517121,0.34912831475,0.10460970475,0.1270471155,0.0,365.0
0.7976090007701764,0.672607425,0.19636364399999998,0.15465147175,0.0,365.0
0.7847276132613308,0.567848331,0.19627876599999997,0.18277326166666666,0.0,365.0
0.77929648787137,0.2218767575,0.167868847,0.20499599000000002,0.0,365.0
0.7175002074214445,0.0079127698,0.2308127152,0.25203307480000003,0.0,365.0
0.5859875010085784,0.0,0.2725378095,0.30802635775,0.0,365.0
0.6356630291844767,0.043144458999999996,0.2765051945,0.3504325625,0.0,365.0
0.7768905347754624,0.34807205124999996,0.2984055335,0.37464201275,0.0,365.0
0.7964797653066714,0.5955828165,0.42295532525,0.46548779825,0.0,365.0
0.7843863205061052,0.40424736699999997,0.4558439896666666,0.534959837,0.0,365.0
0.7814940743900797,0.105094938,0.32106135474999997,0.48211081825,0.0,365.0
0.6788003582285188,0.0,0.253634014,0.38489772866666666,0.0,365.0
0.5875441238775247,0.0,0.31995401875,0.3800603185,0.0,365.0
0.6370607107153476,0.03689539100000001,0.3910273245,0.3645681805,0.0,365.0
0.7833335985872245,0.24085338974999998,0.5048001795000001,0.43864433925,0.0,365.0
0.8019212654181688,0.3191414485,0.64326057525,0.57757637925,0.0,365.0
0.7920347310018818,0.260849498,0.6215307285,0.644740909,0.0,365.0
0.7896297080388415,0.086157854,0.5425243961999999,0.609674136,0.0,365.0
0.6417324686699658,0.0,0.4888278048,0.6388313722,0.0,365.0
0.5934552965754375,0.001820007,0.4828271686666667,0.6528052936666667,0.0,365.0
0.7541303491353847,0.31401498375000003,0.5026759012500001,0.64592309,0.0,365.0
0.8116323834841488,0.6396322693333334,0.4167600523333333,0.5106604963333333,0.0,365.0
0.7967245104857588,0.54488201825,0.38944380474999996,0.40444409625,0.0,365.0
0.791330740071681,0.24592461966666668,0.2995134626666667,0.34425143066666664,0.0,365.0
0.7410590638235655,0.014604514,0.3898121045,0.43311901025,0.0,365.0
0.5984242956523469,0.0,0.53905349275,0.6032551472500001,0.0,365.0
0.5989696955335433,0.00376079,0.6389076395,0.7279132884999999,0.0,365.0
0.7308892739438916,0.12926548699999998,0.7111466966666665,0.80789638,0.0,365.0
0.807790365315007,0.31980921733333334,0.7774995413333334,0.8070218653333333,0.0,365.0
0.7947838848308466,0.2634708823333333,0.6402794093333334,0.673481615,0.0,365.0
0.7872266035191207,0.07046282499999999,0.39530084675,0.48215211124999996,0.0,365.0
0.6675542574277126,0.0,0.19288796600000002,0.3686906856666667,0.0,365.0
0.5592842479228325,0.0,0.10255847375,0.21942687974999997,0.0,365.0
0.5645517067384407,0.11568669133333333,0.054678360333333335,0.10828369,0.0,365.0
0.6858427489509555,0.5389011701666667,0.07587436666666668,0.08060484416666668,0.0,365.0
0.6960935951008933,0.43841409025,0.08579185025,0.11995838425,0.0,365.0
0.7066976963193539,0.08810246025,0.0828491025,0.171705964,0.0,365.0
0.5969039013095995,0.0,0.10005195614285714,0.15579377814285714,0.0,365.0
0.581464700944336,0.13959183474999998,0.09873748800000001,0.1602145235,0.0,365.0
0.692662938652678,0.5105792422000001,0.11752181980000001,0.1316682196,0.0,365.0
0.6784937410211809,0.44412565025,0.18607060875000003,0.22132816825,0.0,365.0
0.6863957323858636,0.082790549,0.21378033600000002,0.2624362378333333,0.0,365.0
0.5951780052535212,0.0,0.2464537384,0.3957914952,0.0,365.0
0.6376796839869039,0.066279005,0.1920518275,0.4180202745,0.0,365.0
0.7819631283363963,0.40109426925,0.12478348824999999,0.372595158,0.0,365.0
0.7983718339778234,0.64008537875,0.1343750925,0.34173615825000003,0.0,365.0
0.7840120253292531,0.3536519844,0.13296762059999997,0.36045906699999997,0.0,365.0
0.7184629017337574,0.0100386058,0.13039632819999997,0.3145234224,0.0,365.0
0.5859022896045855,0.0,0.138792779,0.332294419,0.0,365.0
0.6956598353538093,0.14871403975,0.14752104500000002,0.33250725574999995,0.0,365.0
0.8005569886645278,0.47311492050000004,0.187915,0.27465249825000004,0.0,365.0
0.7885207166678336,0.41096247925,0.32789690525,0.36069106025,0.0,365.0
0.7805228075613373,0.1002918054,0.49833442320000004,0.6371850796,0.0,365.0
0.642361704826514,0.0,0.4449850368,0.7095022315999999,0.0,365.0
0.5914259490910306,0.004184087666666667,0.46913404966666666,0.7432981716666666,0.0,365.0
0.7499454655313962,0.20807671049999998,0.45859933799999997,0.70403584675,0.0,365.0
0.8100250459483794,0.54234015575,0.33105496049999994,0.5350472792500001,0.0,365.0
0.8027224895905108,0.5143804255000001,0.30439095925,0.54616831975,0.0,365.0
0.8059479120296198,0.23340506049999998,0.282229332,0.5583852364999999,0.0,365.0
0.7417511520890252,0.02344621475,0.250280078,0.5338437825000001,0.0,365.0
0.6079478450655234,0.0029254891666666664,0.18047561233333334,0.42396538933333333,0.0,365.0
0.7579128318375319,0.247490985,0.13613795350000002,0.3554556215,0.0,365.0
0.811316192784732,0.6093628943333332,0.09064109433333334,0.2248878413333333,0.0,365.0
0.7954825392507732,0.5620940825,0.09944540225000001,0.22268072975000003,0.0,365.0
0.7957689771850616,0.251789489,0.110146364,0.24231419,0.0,365.0
0.7799215652684925,0.037111882,0.123750725,0.24470127749999998,0.0,365.0
0.6487245881244277,0.0,0.1028564278,0.20421888160000004,0.0,365.0
0.6085109498168174,0.007562825666666666,0.08941272266666667,0.18829948933333332,0.0,365.0
0.7552478459451866,0.24111367525,0.08014811325,0.1336148075,0.0,365.0
0.8041272143405938,0.57094679825,0.08314922625,0.08603969125,0.0,365.0
0.7874784589545701,0.40009945150000004,0.08874149249999999,0.09880988425000001,0.0,365.0
0.7816316289542022,0.09852550875,0.07081423575,0.0902561585,0.0,365.0
0.6685525119601233,0.0,0.07555974033333333,0.08556579066666666,0.0,365.0
0.5598875472879096,0.0,0.1017747765,0.096008024,0.0,365.0
0.5525537437571522,0.09257784050000001,0.131350583,0.143386065,0.0,365.0
0.639114213717094,0.48607702175,0.18681622875,0.173998233,0.0,365.0
0.6788214169916416,0.77295710375,0.3795741975,0.27174205900000004,0.0,365.0
0.6717934666516362,0.5534887796666667,0.45714314133333334,0.327210764,0.0,365.0
0.6833262066331327,0.12126451375,0.462397085,0.371276355,0.0,365.0
0.5954008689669973,0.0,0.4924102422857143,0.4275068731428571,0.0,365.0
0.5753878493430032,0.12747068900000003,0.44827284325,0.422056899,0.0,365.0
0.6818466564128126,0.4316732045,0.46622746849999996,0.423412411,0.0,365.0
0.6736570048357508,0.41504642849999995,0.41190949025,0.40087440825,0.0,365.0
0.6772681182589181,0.155204099,0.301013705,0.347193079,0.0,365.0
0.6698844004540966,0.0053631364,0.21342442100000003,0.294034854,0.0,365.0
0.5864084265320669,0.0,0.16130823775,0.24205112500000003,0.0,365.0
0.6354471945270544,0.054268766,0.166138469,0.2393275885,0.0,365.0
0.7780034255898701,0.30634983825,0.17567255975,0.20703436725,0.0,365.0
0.7968752347291305,0.49338845700000006,0.22000668375,0.23937912525,0.0,365.0
0.7844786645009312,0.3567140985,0.2551903135,0.4140692815,0.0,365.0
0.783158256730137,0.16123558066666666,0.32198134633333336,0.517064028,0.0,365.0
0.7183781419718989,0.009251356399999999,0.3770418832,0.5576927248,0.0,365.0
0.5856462976362198,0.0,0.4260457985,0.585466655,0.0,365.0
0.6353474495903677,0.060942459500000004,0.4420125925,0.6146055884999999,0.0,365.0
0.7725894647017695,0.2955222906666667,0.38303783799999996,0.5233475006666667,0.0,365.0
0.8019755091562905,0.6189395446666667,0.22785217633333335,0.3336539156666667,0.0,365.0
0.7894184884388057,0.62300408375,0.184007337,0.35198438325000003,0.0,365.0
0.7832836478470199,0.28003572866666665,0.21280555033333334,0.465831191,0.0,365.0
0.7410431551689781,0.01960100425,0.204942459,0.484719947,0.0,365.0
0.5962221813763663,0.0,0.165636927,0.428769973,0.0,365.0
0.6194063967277269,0.04970101366666666,0.16035124,0.4176216613333334,0.0,365.0
0.7842200564980303,0.44191489625,0.12038277849999998,0.34218344425,0.0,365.0
0.7985926323532887,0.8062171397500001,0.11828009475000001,0.28795214025,0.0,365.0
0.7853649882699609,0.6296838555,0.14820991300000003,0.3230993085,0.0,365.0
0.7850017087689724,0.3388413536666666,0.17673157666666664,0.3524643946666666,0.0,365.0
0.741505736133582,0.02923566725,0.22852494425,0.42233128400000003,0.0,365.0
0.5955363537127196,0.0,0.200612967,0.44633997525,0.0,365.0
0.6474615208819586,0.09614002325000001,0.183693946,0.40986873825000003,0.0,365.0
0.7997350448733905,0.501614603,0.13232766199999998,0.307532892,0.0,365.0
0.7982163695298057,0.71674072125,0.127869647,0.2382186925,0.0,365.0
0.7847445884397526,0.3505683874,0.1313736732,0.2280686174,0.0,365.0
0.7184256331808052,0.014277253399999999,0.1823849542,0.28983788499999996,0.0,365.0
0.5854185679163235,0.0,0.23994174775,0.2802161955,0.0,365.0
0.6957744157096615,0.1401505065,0.30046579875,0.36808631625,0.0,365.0
0.8038759625768741,0.49133015375,0.3394073795,0.37648059975,0.0,365.0
0.7894387951420441,0.4662395772,0.41578411079999994,0.4695807888,0.0,365.0
0.7793344987114698,0.115746425,0.41669597525,0.49575797874999994,0.0,365.0
0.6692438922138634,0.0,0.4009061643333333,0.45867717066666663,0.0,365.0
0.5540788399349467,0.0,0.38981075325,0.502144585,0.0,365.0
0.5740218509120553,0.13027292775,0.4057974355,0.58648782525,0.0,365.0
0.6813286690243228,0.47145673050000003,0.393627093,0.59586872,0.0,365.0
0.672263482071053,0.57094070025,0.46890228975000003,0.70197162075,0.0,365.0
0.6737084536836355,0.28588671066666665,0.5197979066666667,0.7852547696666666,0.0,365.0
0.6566059291746502,0.020939198,0.5858887848000001,0.7953299376,0.0,365.0
0.5520129759282327,0.031694413166666664,0.5807042241666668,0.7764338535,0.0,365.0
0.6362403469811797,0.4105148795,0.41897159225,0.6270264345000001,0.0,365.0
0.6780965723233615,0.6777679704999999,0.37211081475,0.49258674825,0.0,365.0
0.6706805311120574,0.558332812,0.3493939015,0.4154954125,0.0,365.0
0.6738737784923527,0.1915955586,0.207898418,0.3671659856,0.0,365.0
0.6276800337015315,0.0,0.12233503799999998,0.2379489702,0.0,365.0
0.5913213968675637,0.013496072,0.07573624666666667,0.17041716966666667,0.0,365.0
0.7427859641577484,0.26311320174999997,0.063491775,0.1343853115,0.0,365.0
0.7992124776138647,0.6390757935,0.0420099315,0.08774892224999999,0.0,365.0
0.784744807587469,0.52695616025,0.06033913049999999,0.16149253824999998,0.0,365.0
0.7756519845268821,0.14642396125,0.1216927435,0.32053986575,0.0,365.0
0.6426834018793963,0.0,0.1573343568,0.39583821960000004,0.0,365.0
0.591367397465345,0.007917471333333334,0.19843133933333332,0.45143294133333334,0.0,365.0
0.6980232386513728,0.132636924,0.22838035750000002,0.4935995645,0.0,365.0
0.7929178648102027,0.3811369916666667,0.22856466,0.467947039,0.0,365.0
0.7997848614493273,0.6479083506666666,0.26345261766666667,0.4730177983333334,0.0,365.0
0.7860464558535567,0.508259671,0.31087599425,0.524022575,0.0,365.0
0.7793423468150759,0.1381545355,0.33442305725,0.5711288225000001,0.0,365.0
0.6427199370250083,0.0,0.23868499440000002,0.3694135112,0.0,365.0
0.5912781986723187,0.006188265666666667,0.21098763466666667,0.3038239506666667,0.0,365.0
0.7447450883999169,0.20283260274999998,0.18084590725,0.26147789325,0.0,365.0
0.8001927373599027,0.45994389179999995,0.1175217886,0.1389249308,0.0,365.0
0.7843813298382507,0.2491440844,0.102627384,0.1592299042,0.0,365.0
0.741216685909662,0.01330360775,0.08582237025,0.16111605175,0.0,365.0
0.5940411072177116,0.0,0.06346624675,0.142956804,0.0,365.0
0.5959229241306216,0.0076428175,0.052302415,0.1057498575,0.0,365.0
0.7425466075239786,0.15463132375,0.0419331195,0.12763407675,0.0,365.0
0.7989808796783422,0.39872855949999997,0.0506363545,0.08683450725,0.0,365.0
0.7840236298209374,0.344607752,0.046965930249999996,0.07638644725,0.0,365.0
0.7765359605449286,0.08713402149999999,0.045816550750000004,0.06477130225,0.0,365.0
0.6554904759419322,0.0,0.03772621225,0.03814716825,0.0,326.5
0.5843354038438995,0.0043215865,0.023806048500000003,0.051664664250000006,0.0,288.0
0.7183343772953039,0.11026001266666667,0.014295808666666668,0.05366658033333333,0.0,288.0
0.7969096009907064,0.38170563616666664,0.026565007833333334,0.08609978866666668,0.0,288.0
0.7803140071960863,0.2596330984,0.0562581316,0.196220629,0.0,288.0
0.7056519371346197,0.011646981,0.0465128392,0.1584394542,0.0,288.0
0.5474056203579518,0.011013154500000002,0.05121943216666667,0.15272406616666667,0.0,288.0
0.6333895662608412,0.19685313375,0.047602667249999994,0.111392563,0.0,288.0
0.6781437393180729,0.39569266625000005,0.045026992,0.11990170274999999,0.0,288.0
0.6719222862109936,0.3140139663333333,0.06491987933333333,0.14857962066666666,0.0,288.0
0.6721246306568982,0.09168997725,0.05061351775,0.09918470375,0.0,288.0
0.5889575623919729,0.0,0.03961378842857143,0.06701019114285714,0.0,288.0
0.544326405560933,0.051700532,0.0302106385,0.06838650099999999,0.0,288.0
0.6336681299446731,0.29709169950000003,0.023189152749999997,0.064529458,0.0,288.0
0.6810929495467449,0.518132798,0.02695388,0.06949688666666666,0.0,288.0
0.6730244147569377,0.4279824675,0.03920517875,0.130428535,0.0,288.0
0.6721114051414722,0.1183168995,0.06486912725,0.18203894625,0.0,288.0
0.635485406647294,0.0,0.068510385,0.17343185875,0.0,288.0
0.5848614070132155,0.0062202465,0.06848861375,0.19746429875,0.0,288.0
0.7376424243744878,0.1900976405,0.07786853775,0.21293614500000002,0.0,288.0
0.7976914843998044,0.414545372,0.10660059675,0.22885660549999998,0.0,288.0
0.7830838449199391,0.34282161975000003,0.14900883075000002,0.3204829675,0.0,288.0
0.7728915690414838,0.09715306875,0.1895914565,0.40056271825,0.0,288.0
0.6285263267845962,0.0,0.1726749435,0.38777416900000006,0.0,288.0
0.6420600439733665,0.05890812575,0.1477818105,0.34037334875,0.0,288.0
0.7977930851218363,0.35295140425000004,0.117770678,0.26900049425,0.0,288.0
0.7936936812728684,0.581902332,0.10433560124999999,0.2374326665,0.0,288.0
0.7797455302331029,0.33419578525,0.10522734625,0.25663650225,0.0,288.0
0.7352540681087683,0.02530543875,0.10477008075000001,0.23477678624999998,0.0,288.0
0.5929934944608369,0.006895694666666667,0.08042861633333333,0.21614117600000002,0.0,288.0
0.7398776640443865,0.28273616700000004,0.060867882,0.1971809825,0.0,288.0
0.7964212375224149,0.7082229585999998,0.04538647,0.1271124146,0.0,288.0
0.7817332222651484,0.5725267766666666,0.054685934,0.144098727,0.0,288.0
0.7761308095679892,0.2575121515,0.06554806299999999,0.162329981,0.0,288.0
0.7350785473734874,0.034448346250000005,0.07832752325,0.16295225525,0.0,288.0
0.5921944242716378,0.009520584833333333,0.08280040033333334,0.19238453433333333,0.0,288.0
0.7381162297264235,0.30850415350000004,0.07015539674999999,0.18012333575,0.0,288.0
0.796450304641783,0.7029673078,0.0696549862,0.1303083456,0.0,288.0
0.7830551802461418,0.5689686355,0.0949820765,0.18166546249999999,0.0,288.0
0.776994744143436,0.29042819566666667,0.09185562566666666,0.19753946566666666,0.0,288.0
0.7347094843129393,0.02703183325,0.0893579695,0.17622060925,0.0,288.0
0.5914569838502819,0.0,0.07652264225,0.16377972400000002,0.0,288.0
0.6419943745902652,0.07209172275,0.07126865725,0.16213023675,0.0,288.0
0.788901920852397,0.3438939943333333,0.04568549933333333,0.1287275333333333,0.0,288.0
0.7956607878616325,0.512457648,0.04205053875,0.12292543375000001,0.0,288.0
0.779235142839914,0.31129125579999994,0.049684518999999996,0.1473571998,0.0,288.0
0.7061187820128463,0.018430333,0.046561549800000004,0.13007472920000002,0.0,288.0
0.5481558130761058,0.0240384775,0.030320566833333337,0.1386269245,0.0,288.0
0.6193204326318266,0.26219684666666665,0.029009771333333333,0.146806643,0.0,288.0
0.6799996641354433,0.5098338309999999,0.0243685475,0.10915443150000001,0.0,288.0
0.6714013109336502,0.3897964762,0.040352281000000004,0.1286166462,0.0,288.0
0.6707237740549656,0.04985927925,0.06177949175,0.134019696,0.0,288.0
0.5927614046608897,0.0,0.0468850415,0.10756218775,0.0,288.0
0.5446933444513709,0.0357682935,0.04983959275,0.123148448,0.0,288.0
0.6194100040708866,0.23852484699999998,0.051618022000000006,0.13654767166666668,0.0,288.0
0.6806214062066158,0.42867182,0.03864509733333333,0.11042078966666667,0.0,288.0
0.6730473442287908,0.420188836,0.054129965749999995,0.16221083725000002,0.0,288.0
0.6724361273950443,0.1407174912,0.0967009818,0.2524350386,0.0,288.0
0.6171492748207442,0.0,0.10202176349999999,0.27166994549999995,0.0,288.0
0.6681060647379378,0.126628372,0.1009650948,0.318355152,0.0,288.0
0.7976300782240798,0.47020442366666665,0.12064364099999998,0.30394941133333336,0.0,288.0
0.7919919620153362,0.4956777806,0.1495988762,0.40031937619999997,0.0,288.0
0.7734834293653969,0.14705966740000004,0.2479899518,0.5330760006,0.0,288.0
0.638829297779148,0.0,0.20455220439999997,0.42478097559999994,0.0,288.0
0.5875484839350836,0.012250899666666667,0.19665986866666665,0.4290161266666666,0.0,288.0
0.7388335057756228,0.17740775975,0.1902091075,0.38261296300000003,0.0,288.0
0.7983330628885332,0.31686571425,0.13361797225,0.2743403895,0.0,288.0
0.783112017661836,0.3071330245,0.10088557575,0.279114213,0.0,288.0
0.7768328029688019,0.1565436775,0.0866253475,0.2665578845,0.0,288.0
0.7350685080288828,0.02185155325,0.06163485575,0.17747536675000003,0.0,288.0
0.5923157944190596,0.0,0.04821771625,0.09113879500000001,0.0,288.0
0.6421097375635165,0.078958083,0.12875047625,0.1265548605,0.0,288.0
0.7910982105098283,0.30962854900000003,0.3652714055,0.281715946,0.0,288.0
0.7952436820387113,0.24953974999999998,0.5712588623333333,0.47985115100000003,0.0,288.0
0.7815076017807318,0.158382061,0.6771980733333333,0.6522949503333333,0.0,288.0
0.7718632411554462,0.03291780675,0.7551091750000001,0.7878472365000001,0.0,288.0
0.6754387078771059,0.0,0.8443768466666667,0.857940567,0.0,288.0
0.5810660453173178,0.0,0.8972702180000001,0.89183254475,0.0,288.0
0.6296899359769925,0.0361311865,0.9173134629999999,0.914349069,0.0,288.0
0.7731202043533196,0.24745482074999997,0.9157386425,0.916540263,0.0,288.0
0.7956588649379237,0.60049849125,0.84697066175,0.8407283725,0.0,288.0
0.7803939954647969,0.448605465,0.7393543945000001,0.70887441225,0.0,288.0
0.7705383243518997,0.10237705766666667,0.5878671043333333,0.55474031,0.0,288.0
0.6288742751896149,0.0,0.4844986281666667,0.5111824651666667,0.0,288.0
0.6422610543113828,0.07550202025,0.365894406,0.4049942775,0.0,288.0
0.7888991780984171,0.30348550566666666,0.3821846373333333,0.33943534000000003,0.0,288.0
0.7952349991589573,0.39251525775,0.38255815600000004,0.36721195175,0.0,288.0
0.779357027971199,0.26002211859999996,0.30540773899999996,0.4069530545999999,0.0,288.0
0.7316819978145926,0.017978755,0.26140283725,0.3745851095,0.0,288.0
0.5650458889211539,0.0,0.3292708455,0.4137363105,0.0,288.0
0.5509702113934216,0.047115718,0.38287452349999995,0.53932041975,0.0,288.0
0.6593685671940474,0.23652012200000003,0.474491509,0.5988217459999999,0.0,288.0
0.6768488033026806,0.34439057700000003,0.5492747403999999,0.6305691112,0.0,288.0
0.6736876505433662,0.2103874748,0.5075202992000001,0.6805468643999999,0.0,288.0
0.61940026286785,0.0015091731666666667,0.34602578083333335,0.5747523555000001,0.0,288.0
0.5441972357012587,0.01962604675,0.29466366499999996,0.54717001175,0.0,288.0
0.6370583518308668,0.15017362674999998,0.3766828955,0.5386999375,0.0,288.0
0.6788198741925281,0.2045175675,0.54587308025,0.6482093525,0.0,288.0
0.6725749251997218,0.119329256,0.617506281,0.7498472079999999,0.0,288.0
0.6729988468148651,0.014411265000000003,0.54506917725,0.7497049085,0.0,288.0
0.6022527508020381,0.004911818857142857,0.5654913565714285,0.7485510994285713,0.0,288.0
0.6920669597241534,0.116455432,0.5653674405,0.6601861265,0.0,288.0
0.7909893429539739,0.31463989125,0.60773106725,0.6274601022499999,0.0,288.0
0.7956494591118192,0.430274726,0.710116715,0.72663799,0.0,288.0
0.7808804449948995,0.20467313025,0.7319316497499999,0.788804217,0.0,288.0
0.7696012001431325,0.043254759000000004,0.6464154533333334,0.811474193,0.0,288.0
0.6539037127047008,0.0,0.5447936922500001,0.729126813,0.0,288.0
0.5843546216775867,0.010342832,0.3893227355,0.5511459492499999,0.0,288.0
0.737385716927087,0.1476109185,0.31529483375,0.32286948425,0.0,288.0
0.7981666200360029,0.2563347925,0.40355719125,0.3316626815,0.0,288.0
0.7859357995495074,0.2231544285,0.4518547705,0.47366683150000005,0.0,288.0
0.7727516219562229,0.056040549249999995,0.4587484915,0.614116488,0.0,288.0
0.654141660714871,0.0,0.5394846609999999,0.6324076085000001,0.0,288.0
0.5842845810809372,0.00405103275,0.5583851502499999,0.70056431375,0.0,288.0
0.7373398691843543,0.12149768524999999,0.551951154,0.7148416479999999,0.0,288.0
0.7980377856319821,0.36905174975,0.49275113425,0.62817215925,0.0,288.0
0.7836269082848634,0.35419250874999997,0.47415094850000006,0.5644496985,0.0,288.0
0.7761632305826316,0.1504139495,0.48996576700000005,0.5195998804999999,0.0,288.0
0.7352983395506811,0.019840093,0.5065054795,0.5565499067499999,0.0,288.0
0.5923158726909208,0.0,0.595510049,0.78133312575,0.0,288.0
0.6422712613669456,0.13290159575,0.564077269,0.7975766934999999,0.0,288.0
0.7891212210864441,0.462923824,0.6335116620000001,0.7492648335000001,0.0,288.0
0.7987751068012091,0.5994024825,0.54334122825,0.6335762337499999,0.0,288.0
0.7830614632161635,0.5271811860000001,0.5017107937499999,0.5473896580000001,0.0,288.0
0.7767149246010852,0.272443488,0.422122817,0.497985794,0.0,288.0
0.734957158580269,0.041442339499999994,0.39838669649999997,0.48742655075,0.0,288.0
0.5933434514950033,0.0,0.35384956175,0.517947543,0.0,288.0
0.6430044572379676,0.130777427,0.24508306375,0.45115161275000004,0.0,288.0
0.7857208593167894,0.4757073825,0.1756380945,0.34274586500000004,0.0,288.0
0.7979666158962582,0.71782346275,0.1540720615,0.252292855,0.0,288.0
0.7838689479903186,0.64537801825,0.17814245874999998,0.2803766295,0.0,288.0
0.7718578973128081,0.19098195399999998,0.173709461,0.243659731,0.0,288.0
0.6002967504264821,0.0,0.15713585114285714,0.15580819614285715,0.0,288.0
0.5445278407599619,0.0936439075,0.1554232325,0.1532574055,0.0,288.0
0.6186643354438215,0.35926760366666666,0.14943691833333334,0.14944390666666665,0.0,288.0
0.6790510718889365,0.6742665552,0.13280597619999998,0.1299339662,0.0,288.0
0.6720988772105144,0.3816683184,0.13024327460000001,0.13041101540000002,0.0,288.0
0.6389393563245914,0.0220173015,0.08619910600000001,0.08809312866666667,0.0,288.0
0.5462991019751545,0.0134084555,0.07181064100000001,0.07866105250000001,0.0,288.0
0.5565070740945599,0.21099431349999997,0.057179565,0.07140287449999999,0.0,288.0
0.6617137811456825,0.6555802565,0.046654344,0.0464204045,0.0,288.0
0.6785252788795682,0.889666365,0.054405437499999994,0.04947822674999999,0.0,288.0
0.6743357222430351,0.6510001355,0.054190722,0.074238287,0.0,288.0
0.6712766442093482,0.1820887252,0.061215400600000004,0.081074413,0.0,288.0
0.6030947083160972,0.00016935733333333335,0.06943121566666667,0.07564999449999998,0.0,288.0
0.6297166553588726,0.1344705275,0.0653762035,0.0651184365,0.0,288.0
0.7672924356091785,0.4799467343333333,0.037091753,0.044984719666666666,0.0,288.0
0.8089331281804097,0.839549375,0.02697543525,0.042152784,0.0,288.0
0.7950539333008987,0.672241361,0.031473069,0.07929311425,0.0,288.0
0.7829525509238918,0.266943727,0.045766819,0.10405450499999999,0.0,288.0
0.7360401661764461,0.030652643,0.058471167750000004,0.0903474,0.0,288.0
0.5912718262294625,0.0,0.047955968749999994,0.0704424605,0.0,288.0
0.6141092484729747,0.06766233433333334,0.04609449833333334,0.09138950666666668,0.0,288.0
0.77613854586429,0.48695534825,0.030122936,0.08857256675,0.0,288.0
0.8083183137874862,0.8441880356666666,0.046114405,0.112650262,0.0,288.0
0.7959787970997844,0.7514633773333333,0.07257787066666667,0.17716927466666665,0.0,288.0
0.7836774999771455,0.38222334566666666,0.08467343033333334,0.22492898066666667,0.0,288.0
0.7352543363923203,0.044906886,0.11829577250000001,0.25250766125,0.0,288.0
0.5911561054998246,0.0,0.08301301775,0.251591198,0.0,288.0
0.6140839228025553,0.08617599933333335,0.08711789066666666,0.2670622773333333,0.0,288.0
0.7733899361034826,0.5287072857499999,0.06872663400000001,0.26904272749999997,0.0,288.0
0.8034894368953894,0.9152648809999999,0.09109283225,0.23831993575000002,0.0,288.0
0.7905939853050823,0.793846279,0.111567578,0.254937181,0.0,288.0
0.7828278455179959,0.43892589266666676,0.116475799,0.30440524399999996,0.0,288.0
0.7570850448270324,0.07006010266666667,0.16821033999999999,0.36302766066666664,0.0,288.0
0.6143674912746656,0.0,0.12265770374999999,0.33189387375000007,0.0,288.0
0.6049412794098822,0.060436630000000005,0.0963140865,0.2803436095,0.0,288.0
0.7733247809867526,0.5314306597499999,0.07117746075,0.2546532045,0.0,288.0
0.8047566964867087,0.91047631575,0.09784692525,0.2883500535,0.0,288.0
0.79036368425333,0.701611997,0.150601676,0.36539946733333334,0.0,288.0
0.7757911713292148,0.22401666125000003,0.18038038499999998,0.43464447375,0.0,288.0
0.6385286542375266,0.0,0.1957951038,0.429941,0.0,288.0
0.5870448326227733,0.023644133666666668,0.15958657066666668,0.368486619,0.0,288.0
0.738017647464255,0.38456097275,0.10344329175,0.32627274575000004,0.0,288.0
0.8046891936864711,0.8535481935,0.09471011074999999,0.25491525049999997,0.0,288.0
0.7923823961549797,0.751442009,0.15469707725,0.3188645975,0.0,288.0
0.774707191103948,0.22139559775,0.19609782250000002,0.36480335875000003,0.0,288.0
0.6648115281441233,0.0,0.210797143,0.470156257,0.0,288.0
0.5498164813244795,0.0,0.18562514200000002,0.46514693775000004,0.0,288.0
0.5440608214434459,0.11313717749999999,0.165291032,0.44707911499999997,0.0,288.0
0.6182591098724489,0.44760095033333336,0.13463903733333332,0.40646617966666665,0.0,288.0
0.6833984764326336,0.8745966056000001,0.15194475940000002,0.372751577,0.0,288.0
0.6756475887094289,0.6670028413333333,0.194057318,0.41731364,0.0,288.0
0.6748567616268324,0.328534678,0.19056394599999998,0.4549426385,0.0,288.0
0.6640998343968358,0.045312386999999996,0.222635663,0.5293073125000001,0.0,288.0
0.5601422871426601,0.0,0.23747858800000002,0.5379172835,0.0,229.0
0.5394611574330486,0.07831368999999999,0.26069278,0.473171214,0.0,229.0
0.6341970510349961,0.4403687385,0.23526780175,0.359255925,0.0,229.0
0.6899236616574906,0.7167069682499999,0.24880611625,0.39796237475,0.0,229.0
0.6800101842109754,0.5439221625,0.2776007095,0.5393735705,0.0,229.0
0.6771627759844746,0.26459187766666664,0.321612953,0.6296141016666666,0.0,229.0
0.6681361849984514,0.02419422875,0.35481048800000003,0.6299756655,0.0,229.0
0.5857777816776958,0.0,0.32637720825,0.56896181225,0.0,229.0
0.6068942512250985,0.06946056766666667,0.33631862633333337,0.50885302,0.0,229.0
0.7448236814457103,0.336576158,0.268055621,0.4815821055,0.0,229.0
0.8035301531753833,0.7216455995,0.23887252599999997,0.46402938475,0.0,229.0
0.7976248088184316,0.8215367135,0.2535914535,0.51809988325,0.0,229.0
0.7797223436111954,0.41336266033333335,0.27520744766666666,0.593586744,0.0,229.0
0.7290476665569037,0.0482333625,0.32555158024999997,0.652564936,0.0,229.0
0.5850789856149398,0.009620700166666668,0.2838334896666667,0.5300552243333333,0.0,229.0
0.7329198884540525,0.38541834025,0.213823443,0.444869235,0.0,229.0
0.8003442397065461,0.8464493885000001,0.173280491,0.36581535925,0.0,229.0
0.7870450233946907,0.7181474677499999,0.161022601,0.35172858325000006,0.0,229.0
0.7588551165191088,0.171159521,0.157157444,0.3212219718,0.0,229.0
0.6087471947842316,0.0,0.11403165225,0.30252039425,0.0,229.0
0.5806837678860868,0.017761543666666667,0.08411939366666667,0.27711525633333334,0.0,229.0
0.68498424021242,0.198418876,0.059707563000000005,0.23592984449999999,0.0,229.0
0.7836951788016068,0.5153167390000001,0.04447063566666667,0.16048907033333334,0.0,229.0
0.8006051506902754,0.7168383727500001,0.060444158,0.11923565775,0.0,229.0
0.7840660231092966,0.41682996825000007,0.09263381125,0.10013460225000001,0.0,229.0
0.7684743497109586,0.11230503366666666,0.10569809166666666,0.10664267466666666,0.0,229.0
0.6239519363083611,0.0,0.15565161149999998,0.13946473533333334,0.0,229.0
0.6354540364998646,0.09338560825,0.17124516925,0.19079566925,0.0,229.0
0.7927803251019896,0.507960631,0.09398761774999999,0.14771260775,0.0,229.0
0.8038484754897343,0.692394061,0.06924399999999999,0.20734735433333332,0.0,229.0
0.788412788205625,0.49884913466666664,0.104903089,0.28397564133333336,0.0,229.0
0.7711909409274353,0.14902349425,0.1281504885,0.225496986,0.0,229.0
0.6329763323647117,0.0,0.0693098856,0.0889619704,0.0,229.0
0.5800617760871913,0.012770885666666667,0.05580021333333333,0.06649788166666666,0.0,229.0
0.7327458657814682,0.25774421125,0.04099697275,0.045490945000000005,0.0,229.0
0.8017478017551204,0.6040973682,0.0630710394,0.068812004,0.0,229.0
0.7881933090933845,0.40321724,0.08382864599999999,0.12925564966666667,0.0,229.0
0.7735507443604005,0.11639658824999999,0.09459701375000001,0.14988227075,0.0,229.0
0.5957023238060998,0.0,0.07077291342857144,0.09669964985714286,0.0,229.0
0.5501172105310541,0.13504245766666667,0.04194075566666667,0.062195388,0.0,229.0
0.6425351237733878,0.43175850250000003,0.045122907000000004,0.0652862305,0.0,229.0
0.6911034963030852,0.63047145675,0.073185461,0.08087902799999999,0.0,229.0
0.6832912478220782,0.47817798849999993,0.1016387775,0.130089587,0.0,229.0
0.6814678111239761,0.22370918499999998,0.121121912,0.164549713,0.0,229.0
0.6671848067864996,0.0314076465,0.12061108300000001,0.16202277675,0.0,229.0
0.5560973796587445,0.0,0.1229486372,0.1473126604,0.0,229.0
0.5684480171045327,0.17809250324999998,0.1064423525,0.12889263075000001,0.0,229.0
0.688539723585845,0.518871647,0.11329555033333333,0.10727606183333334,0.0,229.0
0.6837575552807572,0.40376644300000003,0.118555695,0.163302045,0.0,229.0
0.6762876110343486,0.1069964178,0.12956974,0.20163183440000002,0.0,229.0
0.6125063902581391,0.0,0.09892730625000001,0.16301529025,0.0,229.0
0.5985833599312251,0.035337435,0.09034271099999999,0.16474268749999998,0.0,229.0
0.7744096109003065,0.29532302875,0.08305666575,0.18371077700000002,0.0,229.0
0.8026614262702796,0.46789000799999997,0.106736491,0.26162669425,0.0,229.0
0.7847152113098333,0.417693267,0.156564719,0.39241381599999997,0.0,229.0
0.7669137133623586,0.14746979175,0.18589964124999997,0.45693636525000003,0.0,229.0
0.6326913761504951,0.0,0.169476613,0.3765321786,0.0,229.0
0.580301169990063,0.006142153666666667,0.12963643433333336,0.3373301926666667,0.0,229.0
0.7304138437985692,0.19183203650000002,0.09598412025,0.281420948,0.0,229.0
0.7926713233706212,0.46622078499999997,0.0554040775,0.17664269100000002,0.0,229.0
0.7815092786991293,0.43639499525000003,0.07339776325,0.24161266850000002,0.0,229.0
0.7707390812847652,0.1901163795,0.1002966625,0.300048141,0.0,229.0
0.7281532823043686,0.02423377525,0.110249651,0.2641781735,0.0,229.0
0.5852672958823826,0.0026761048333333332,0.07734610300000001,0.22926008450000002,0.0,229.0
0.7303986282885464,0.1563495145,0.06350201350000001,0.1911383305,0.0,229.0
0.7921978646483221,0.3663974964,0.062023908399999994,0.1532438434,0.0,229.0
0.7786539553318725,0.227745745,0.089879017,0.22159807666666667,0.0,229.0
0.7583213546515454,0.057906824,0.11539093339999999,0.2501170782,0.0,229.0
0.6085183805942023,0.0,0.09191927825000001,0.171227505,0.0,229.0
0.5979971095270452,0.020143861,0.07248812425000001,0.1475533745,0.0,229.0
0.7413359393992724,0.128877203,0.065107092,0.146291045,0.0,229.0
0.7916827235755816,0.3595815118,0.049884351199999996,0.1135424014,0.0,229.0
0.780571148370812,0.35346166775000004,0.058276422999999994,0.15079826375,0.0,229.0
0.7652771223594632,0.105126471,0.07271256225,0.15891478274999998,0.0,229.0
0.6159135461313845,0.0,0.03774677714285714,0.08568510900000001,0.0,229.0
0.6227798081460352,0.060755833,0.0215597275,0.07373505050000001,0.0,229.0
0.7658966769682787,0.28577524625,0.02112867725,0.053069253749999996,0.0,229.0
0.7923104885382741,0.4262813015,0.039858213,0.0697149915,0.0,229.0
0.7789170799135632,0.3741911216666667,0.066594746,0.11876288033333333,0.0,229.0
0.7654613855555785,0.12371992099999998,0.08403134050000001,0.131779791,0.0,229.0
0.5940831954578787,0.0,0.12411413157142859,0.14770488528571427,0.0,229.0
0.5395637569310203,0.074237258,0.1714488985,0.192699871,0.0,229.0
0.6316923256314916,0.3839220355,0.247632663,0.20740131174999998,0.0,229.0
0.6849333056758902,0.5472471005,0.3594394645,0.28508817124999997,0.0,229.0
0.6812548496848816,0.341409263,0.37073698675,0.37053862800000004,0.0,229.0
0.6724606354618923,0.054840612749999997,0.29373284099999997,0.38242931150000004,0.0,229.0
0.5889559141475527,0.0,0.26405361575,0.34012371124999996,0.0,229.0
0.5393560723311517,0.02836958525,0.22892923299999998,0.2937102695,0.0,229.0
0.5931796358779815,0.1981914535,0.249380783,0.287418628,0.0,229.0
0.6794402337194754,0.4014830345,0.2727641975,0.27758048275,0.0,229.0
0.6826232368133427,0.41559049666666664,0.2825959333333334,0.3167777136666667,0.0,229.0
0.677201763176076,0.21008538825,0.255289342,0.34847114,0.0,229.0
0.6678424691305809,0.021339249666666667,0.1948849633333333,0.33736982266666665,0.0,229.0
0.5975182770636066,0.0,0.1501032515,0.2578292443333333,0.0,229.0
0.6842469749131077,0.148197514,0.105202082,0.13142540949999998,0.0,229.0
0.7990541512159682,0.4568685735,0.1335559505,0.11191368025000001,0.0,229.0
0.794752402898604,0.4638258333333333,0.19448128266666664,0.207530197,0.0,229.0
0.7778262279136998,0.23858848500000002,0.21918744925,0.26586702425000003,0.0,229.0
0.7500179023153661,0.02743837,0.17255756766666663,0.2882115453333334,0.0,229.0
0.6087438967723671,0.0,0.14459604875,0.26788493074999997,0.0,229.0
0.5980777149019062,0.031547255999999996,0.117425353,0.259457609,0.0,229.0
0.7412441096370797,0.2449831105,0.100160005,0.23365643149999998,0.0,229.0
0.7906976431825665,0.4202063446666667,0.1233942065,0.19979744766666666,0.0,229.0
0.7772906623858026,0.33609005933333336,0.149926441,0.236634106,0.0,229.0
0.765273120035799,0.09799213675,0.09276920899999999,0.18591847749999998,0.0,229.0
0.6327190390996625,0.0,0.0685269164,0.1394330196,0.0,229.0
0.5799388594407362,0.005768684666666667,0.05796905933333333,0.10754435266666668,0.0,229.0
0.6848246169644912,0.12791278749999999,0.034236453,0.075671196,0.0,229.0
0.7826382086324725,0.36041378566666665,0.033694244000000005,0.04596860566666666,0.0,229.0
0.7926653534543066,0.48966053625,0.048547089749999994,0.04096132449999999,0.0,229.0
0.7787072972117122,0.29833671775000004,0.05616657825,0.0869006725,0.0,229.0
0.7646405895830505,0.06389351433333333,0.06759206433333333,0.10081534833333333,0.0,229.0
0.6225504387318591,0.0,0.05708212499999999,0.07301948666666667,0.0,229.0
0.6069829431853314,0.04641625566666666,0.03633539533333333,0.07449074866666666,0.0,229.0
0.7679031136153835,0.38845567,0.04376860175,0.081431483,0.0,229.0
0.7994966646585979,0.5624058590000001,0.10878976975,0.1347000015,0.0,229.0
0.7852252722328882,0.4189590716666667,0.141424727,0.22235579466666666,0.0,229.0
0.7776178837047106,0.19839953250000003,0.15948294950000003,0.278889612,0.0,229.0
0.7295236184134208,0.02061690075,0.189405481,0.30412699675,0.0,229.0
0.5853341204614406,0.001125261,0.1893961898333333,0.23608084000000004,0.0,229.0
0.7117960925592222,0.09597353000000002,0.15752594166666667,0.164906713,0.0,229.0
0.7939068178340065,0.26680466433333333,0.1744675295,0.22935281533333332,0.0,229.0
0.7772864290476881,0.14846405366666668,0.155981861,0.23449294600000004,0.0,229.0
0.7644528010380482,0.0366622845,0.1344673515,0.18064205,0.0,229.0
0.5943521590111728,0.0,0.09671141114285715,0.125611797,0.0,229.0
0.5643875967247545,0.08947366825,0.059928803999999995,0.09041286300000001,0.0,229.0
0.6755040418495373,0.318837263,0.058449479,0.08995845999999999,0.0,229.0
0.6752826174003955,0.37504902625,0.11295629750000001,0.13619111475,0.0,229.0
0.6738697240369298,0.19029425033333336,0.15568723799999998,0.16498714966666667,0.0,229.0
0.6635575983857279,0.014690663750000001,0.187210823,0.197724619,0.0,229.0
0.5564292099757172,0.0,0.2114186474,0.23191348520000005,0.0,229.0
0.5494746631019095,0.050168867666666665,0.19340050033333334,0.207121278,0.0,229.0
0.6413416722867988,0.198518379,0.2007838065,0.171206764,0.0,229.0
0.6841463355854545,0.34672737825,0.21070740675,0.17585915700000002,0.0,229.0
0.6824260089067917,0.26175609250000004,0.21288001550000002,0.236695398,0.0,229.0
0.6763150503958959,0.0508300218,0.179860357,0.276508324,0.0,229.0
0.619622738161713,0.0,0.166149025,0.25002084750000003,0.0,229.0
0.5842613944590297,0.0024398803333333333,0.159908516,0.1970611963333333,0.0,229.0
0.7395187744364811,0.1721175405,0.19564993725000002,0.18107794125,0.0,229.0
0.8102842531831065,0.3978713904,0.2389256972,0.24396913699999997,0.0,229.0
0.7918659329647907,0.3267422606666667,0.21597273466666667,0.3846872696666667,0.0,229.0
0.7751409397512725,0.09601105224999999,0.17454641875,0.40801754825000003,0.0,229.0
0.6369861289674923,0.0,0.12945556600000002,0.27965600459999995,0.0,229.0
0.5803171941743673,0.0031391616666666664,0.08638505066666667,0.15325734733333332,0.0,229.0
0.7337677653547348,0.21496277175,0.08229585774999999,0.1060899745,0.0,229.0
0.8015464336877078,0.451708717,0.15559427674999998,0.11989217825,0.0,229.0
0.7889097018738689,0.37922993474999994,0.18635593774999998,0.17908939925,0.0,229.0
0.7788900399769225,0.2149686505,0.153645774,0.18848187649999998,0.0,229.0
0.707538152123171,0.0209105472,0.1389207512,0.19240267000000003,0.0,229.0
0.5753669321664799,0.0,0.1509080595,0.177829393,0.0,229.0
0.6226921819876465,0.066091103,0.168321642,0.1941258105,0.0,229.0
0.7690486937279857,0.42412858,0.1767453285,0.16037914050000002,0.0,229.0
0.8036895081397601,0.66599082975,0.21460502174999999,0.15599779000000003,0.0,229.0
0.790703277744441,0.5025563733333333,0.22655226799999997,0.21114391633333332,0.0,229.0
0.7729100378606916,0.166409489,0.24765830924999999,0.288688191,0.0,229.0
0.6332637391629434,0.0,0.3161196134,0.2665266356,0.0,229.0
0.5802536340492378,0.003309003,0.3720782166666667,0.2883766673333333,0.0,229.0
0.7377977323125209,0.307952076,0.3922599595,0.31206583075000005,0.0,229.0
0.815615571061626,0.63593079325,0.438641348,0.3377807995,0.0,229.0
0.8005015151697539,0.48077828475,0.4324722965,0.36996509349999995,0.0,229.0
0.7860545946763993,0.1968111465,0.34747010199999995,0.3942166695,0.0,229.0
0.7650396588476158,0.02704311566666667,0.31718379933333335,0.42173900066666664,0.0,229.0
0.6076937685535511,0.0,0.27155815683333334,0.40948547116666667,0.0,229.0
0.6275897020087826,0.048584726,0.2400513065,0.4012138555,0.0,229.0
0.7662291005432252,0.246429973,0.274074887,0.34657894433333336,0.0,229.0
0.809123719116702,0.5068473145,0.3321276195,0.32232020725,0.0,229.0
0.7906353947971164,0.3286692075,0.32626433050000003,0.37896843775,0.0,229.0
0.7733874989134026,0.0977823285,0.237064368,0.38694709,0.0,229.0
0.726119075340695,0.00585570875,0.27932204975,0.45115804675,0.0,229.0
0.5685811110272563,0.0,0.39944162200000005,0.608638591,0.0,229.0
0.5394621338070421,0.010494147,0.48892022274999997,0.7229721240000001,0.0,229.0
0.6314437122030403,0.22976489925,0.5657817395,0.82056391875,0.0,229.0
0.6747254341290789,0.51600066125,0.742918859,0.83840309525,0.0,229.0
0.6686723728551214,0.42530010600000007,0.7906998516666667,0.8567455136666667,0.0,229.0
0.6718916241315139,0.203950794,0.733715702,0.85332202,0.0,229.0
0.6642541249693619,0.019700534999999998,0.6450899594999999,0.8229058115000001,0.0,229.0
0.5558433329755486,0.0,0.5816168262,0.7812414312,0.0,229.0
0.5485415784859083,0.04156690466666666,0.5734552436666668,0.816556736,0.0,229.0
0.6391303348527944,0.1485431275,0.586973012,0.79849905,0.0,229.0
0.6776244439797912,0.25232516725,0.56267665775,0.761225456,0.0,229.0
0.6692267276445276,0.2777271315,0.4989309095,0.67985053975,0.0,229.0
0.6702110523047284,0.13055986749999998,0.4170109285,0.582824598,0.0,229.0
0.6655944772538517,0.01188496225,0.4020073905,0.5977107962500001,0.0,229.0
0.5835250302240348,0.0,0.3827278062,0.6408635634000001,0.0,229.0
0.622706670783923,0.036904228,0.3539416015,0.589432587,0.0,229.0
0.7577890953158218,0.21351110933333337,0.392957247,0.5892229073333334,0.0,229.0
0.7928042719393493,0.5137442795,0.428348045,0.52094164825,0.0,229.0
0.7792056866419197,0.46762454849999996,0.42071616275,0.49577155675000006,0.0,229.0
0.7647031137081222,0.11764525600000002,0.25333547700000003,0.48091741925,0.0,229.0
0.6697816936292088,0.0,0.2489481623333333,0.4281075216666666,0.0,229.0
0.5750196806734211,0.0,0.329722923,0.43198886,0.0,229.0
0.6819212694694124,0.11556153725000001,0.44018880025,0.53734668625,0.0,229.0
0.7917821599861835,0.40826178816666664,0.6499221551666666,0.5707920486666667,0.0,229.0
0.7786888358823116,0.25647001166666666,0.699230729,0.637822587,0.0,229.0
0.7709217569453498,0.12917440200000002,0.5999578025,0.631214757,0.0,229.0
0.7072089512819015,0.0102434654,0.5470231464,0.6034869199999999,0.0,260.0
0.5796568710480874,0.0,0.44382121975,0.4920361695,0.0,384.0
0.6867311073947694,0.1193549975,0.39446227824999996,0.395537782,0.0,384.0
0.7966857752260879,0.34058314539999995,0.5100229784000001,0.436728175,0.0,384.0
0.7843234236675241,0.2278307625,0.5143389675,0.50248519475,0.0,384.0
0.7763246201430709,0.0775694955,0.451170135,0.544595547,0.0,384.0
0.7338212264867032,0.004016278,0.43199962549999993,0.5830517795000001,0.0,384.0
0.5892773965758423,0.00034969300000000004,0.32476621450000004,0.49093209016666656,0.0,384.0
0.7373909266954248,0.12775326425,0.2744931705,0.34703122750000004,0.0,384.0
0.8046322668316803,0.32007445449999994,0.2469226885,0.24628183325,0.0,384.0
0.7929895413337364,0.26754747775,0.26326495375000003,0.27178456475,0.0,384.0
0.7831270878628476,0.1048238625,0.2036721125,0.26938668499999996,0.0,384.0
0.7222833237247268,0.0045123166,0.19392616940000001,0.2758707744,0.0,384.0
0.5838192164045779,0.0,0.13525589325,0.21496645675,0.0,384.0
0.6305395233877462,0.023778222499999998,0.0821922055,0.1415608265,0.0,384.0
0.7682687631793342,0.171009547,0.08974454566666668,0.11762701099999999,0.0,384.0
0.8072862519513042,0.40778649499999997,0.112340663,0.09989371075,0.0,384.0
0.7906086888361616,0.33570115019999996,0.1598426546,0.1269626656,0.0,384.0
0.7473297506421211,0.0387607062,0.1767640002,0.1858620896,0.0,384.0
0.5589337468430006,0.0003019768333333333,0.14338051083333334,0.20378699483333332,0.0,384.0
0.5993117485267132,0.15006709024999998,0.14304023999999999,0.22369388175,0.0,384.0
0.6801332722908002,0.47671956916666675,0.18883111149999998,0.20398077883333332,0.0,384.0
0.674549063772987,0.30339840375000005,0.20371600025,0.26000614325,0.0,384.0
0.6640221693449286,0.01192279475,0.18532801625,0.21604707825,0.0,384.0
0.5634505955692495,0.0,0.12163466975,0.1490205765,0.0,384.0
0.5423543799343135,0.025761569666666668,0.08200774833333334,0.10902981566666665,0.0,384.0
0.6346337734395047,0.34037522275,0.09644243324999999,0.1063170655,0.0,384.0
0.687909891139413,0.5416862284999999,0.1600936025,0.1300304495,0.0,384.0
0.6807468420374242,0.37989658033333334,0.18149175766666667,0.199666612,0.0,384.0
0.6775660636975076,0.1616888545,0.17122444850000001,0.2327249035,0.0,384.0
0.6697536364057831,0.00894944975,0.22228272425,0.301844295,0.0,384.0
0.5895347300744278,0.0,0.2779819985,0.3437736625,0.0,384.0
0.639868416169998,0.044110534,0.26656612275,0.281892878,0.0,384.0
0.7942747778461009,0.31325481525,0.26734678624999997,0.2132509955,0.0,384.0
0.8025503227370093,0.42358114374999994,0.27564219775,0.22068215224999999,0.0,384.0
0.7886321331535976,0.3011871375,0.218953297,0.2247775685,0.0,384.0
0.7755288517218859,0.07174951475,0.14797152275,0.19205139025,0.0,384.0
0.6214996216724671,0.0,0.11939549885714286,0.17622384514285713,0.0,384.0
0.6270148883718341,0.023071442999999997,0.140755514,0.20078271250000002,0.0,384.0
0.7732431694810958,0.24494288549999998,0.227734204,0.22120757275,0.0,384.0
0.8017712567213081,0.45827704874999997,0.30008700175,0.2529283395,0.0,384.0
0.7838083318655706,0.29641615649999997,0.293543095,0.29015538,0.0,384.0
0.7683343802799808,0.046632102,0.272159836,0.40077289033333335,0.0,384.0
0.619901830503528,0.0,0.25437176685714286,0.44178529242857145,0.0,384.0
0.626971287706277,0.0412576565,0.215272185,0.3760756245,0.0,384.0
0.7702814752729155,0.33162897525,0.243305393,0.38582753425,0.0,384.0
0.7946248578548081,0.5704007485,0.34293926324999996,0.41910322224999996,0.0,384.0
0.779143617123417,0.43129905375,0.361583891,0.4023498,0.0,384.0
0.7684602186260849,0.07207327366666667,0.25441504,0.3203416573333333,0.0,384.0
0.6738644174296556,0.0,0.207710286,0.2430895186666667,0.0,384.0
0.5798232132605479,0.0,0.20820868025,0.21614226075,0.0,384.0
0.6864336277299842,0.1252821945,0.2332928355,0.22450408675,0.0,384.0
0.7962141141520341,0.43323696475,0.254691874,0.2662892955,0.0,384.0
0.7857591161397083,0.416786981,0.27480068625,0.38652062924999997,0.0,384.0
0.7759764407236018,0.250765924,0.236086815,0.4283979185,0.0,384.0
0.7698469142738814,0.05563934166666667,0.18189439766666668,0.3411923336666667,0.0,384.0
0.6203873856571233,0.0,0.17716748457142856,0.38566580885714286,0.0,384.0
0.6274345283137392,0.033546945,0.1722548585,0.374228577,0.0,384.0
0.7710098191994619,0.3178505555,0.1754104265,0.42135081075,0.0,384.0
0.7962528628393778,0.5145688322499999,0.21071465175,0.41435858049999996,0.0,384.0
0.7796375868812468,0.43773090600000003,0.235095164,0.4269214876666667,0.0,384.0
0.7754359710250045,0.224359254,0.167572489,0.37391322849999997,0.0,384.0
0.7295178944124497,0.014463539,0.12510406,0.302131543,0.0,384.0
0.5655305049666445,0.0,0.13886877674999998,0.22203251075,0.0,384.0
0.5514114503879656,0.0673083315,0.182570399,0.20777946549999998,0.0,384.0
0.6664961096719209,0.3718392635,0.28401676066666665,0.33370933016666665,0.0,384.0
0.6698242471724565,0.18061576625,0.41505560550000004,0.5222514225,0.0,384.0
0.6663713371726449,0.013069720833333333,0.39630795883333336,0.6603705029999999,0.0,384.0
0.5634732791257591,0.0,0.32516867450000003,0.63836624125,0.0,384.0
0.5490113666695164,0.01564866625,0.28765153050000003,0.579640803,0.0,384.0
0.6404681604068939,0.11043336499999999,0.30745701150000004,0.5121236845,0.0,384.0
0.676082552122545,0.23367786166666668,0.2299823865,0.35251304266666666,0.0,384.0
0.6704310680965326,0.12637354450000002,0.16791721375000002,0.21405259525,0.0,384.0
0.6677205474476863,0.00661619325,0.1431741655,0.150966432,0.0,384.0
0.5893337793512298,0.0,0.12090741633333334,0.18359484466666667,0.0,384.0
0.7349417082884002,0.111645314,0.12038606974999999,0.2172269095,0.0,384.0
0.7974491166947649,0.3015909106666667,0.1451660916666667,0.29669950333333334,0.0,384.0
0.7874260486898148,0.30414110299999997,0.227599496,0.36611937325,0.0,384.0
0.7716076606474105,0.08299813959999999,0.1949833762,0.3048122102,0.0,384.0
0.6199137128853822,0.0,0.21614568514285712,0.34194299357142854,0.0,384.0
0.6271219449124985,0.016837473,0.25777119550000005,0.3381004965,0.0,384.0
0.7617945452662243,0.15765580133333335,0.37121612600000004,0.3879910066666667,0.0,384.0
0.798139662183603,0.218588886,0.46378381566666665,0.48068062566666664,0.0,384.0
0.786685145557304,0.19417801240000002,0.5473891209999999,0.58356456,0.0,384.0
0.7710738898460591,0.03990051825,0.467180905,0.6059171704999999,0.0,384.0
0.6373278331448116,0.0,0.4881168864,0.6128296526,0.0,384.0
0.6268301198836213,0.0136404564,0.5133407534,0.6619316622,0.0,384.0
0.7917950389799341,0.21772015,0.67396725625,0.69968406475,0.0,384.0
0.7976420329463562,0.3588887096666667,0.7507699606666667,0.768927748,0.0,384.0
0.7808961635703202,0.236794358,0.70431984275,0.8150132242500001,0.0,384.0
0.7684997498745977,0.024385947666666668,0.6524709636666667,0.8093440876666667,0.0,384.0
0.6372815940427727,0.0,0.5859826886,0.7951668862,0.0,384.0
0.6021846091318314,0.00597533125,0.5628564112500001,0.7447581387500001,0.0,384.0
0.7616902911955715,0.161002417,0.5528125996666667,0.7606901093333333,0.0,384.0
0.7945773979478986,0.4511327542,0.543771391,0.6597438901999999,0.0,384.0
0.7795308285158883,0.43387626500000004,0.5741692246666666,0.609164224,0.0,384.0
0.7742807987295428,0.1756634475,0.4918365985,0.571380487,0.0,384.0
0.7336564382405917,0.00446582925,0.46391413775,0.5639213064999999,0.0,384.0
0.5900372783382842,0.0,0.45600705275,0.55238144525,0.0,384.0
0.6395203709260429,0.03486066,0.44695616699999996,0.486127401,0.0,384.0
0.7909916057395023,0.24525182279999996,0.6188509591999999,0.5686808694000001,0.0,384.0
0.7857785687215033,0.15432572049999999,0.758412443,0.7265087710000001,0.0,384.0
0.7752232295230925,0.05442761933333334,0.731366532,0.7493864389999999,0.0,384.0
0.7046313948426604,0.0009276714000000001,0.6867923786,0.7491357558,0.0,384.0
0.5483518670621813,0.0,0.6879504015,0.748823547,0.0,384.0
0.5511815145486693,0.027757721000000003,0.6430894516666666,0.7218192446666666,0.0,384.0
0.6405404034455153,0.1708146565,0.716459298,0.741001833,0.0,384.0
0.6799141173432723,0.3006307965,0.65470778425,0.6959447187500001,0.0,384.0
0.6725104744285295,0.25596174075,0.5738800305,0.6615911265,0.0,384.0
0.6714834098570803,0.03413182925,0.413012783,0.57139026675,0.0,384.0
0.5897361141461227,0.0,0.42996291614285703,0.6662438352857143,0.0,384.0
0.5512451193877242,0.014819779333333333,0.45706005266666666,0.7409985626666667,0.0,384.0
0.667017313066756,0.19384526700000002,0.3936800821666666,0.6785387903333334,0.0,384.0
0.6725025815547683,0.25389249950000004,0.26982019025,0.5210003465,0.0,384.0
0.6697926645911471,0.0359171484,0.12371461859999999,0.3327554506,0.0,384.0
0.6165438922995621,0.0,0.08126396250000001,0.190595719,0.0,384.0
0.6038383720701646,0.00519482075,0.07147411275,0.12355533775,0.0,384.0
0.7731313504687902,0.1121500335,0.06939398675,0.09163495049999999,0.0,384.0
0.7968650164725946,0.22022236950000001,0.08102710974999999,0.1277625725,0.0,384.0
0.7813233609303332,0.1576071815,0.084779163,0.17890720475000002,0.0,384.0
0.7694297786491741,0.014590711000000001,0.07518013833333333,0.1723629666666667,0.0,384.0
0.6279861179697109,0.0,0.049368355499999995,0.11793421850000001,0.0,384.0
0.6396261864191141,0.01956383775,0.08176427874999999,0.0875547955,0.0,384.0
0.793014561417764,0.2321776925,0.24164810983333337,0.2295791876666667,0.0,384.0
0.7875421830457541,0.27272271475,0.42197657850000003,0.381309378,0.0,384.0
0.778673422803315,0.1160707665,0.46350284249999996,0.49353804850000005,0.0,384.0
0.7353139575535078,0.00094924,0.53121339575,0.55844921825,0.0,384.0
0.5900509175137495,0.0,0.48982157475000004,0.50828114225,0.0,384.0
0.6395283755396336,0.0163086765,0.37701103500000005,0.46603349175,0.0,384.0
0.7817049004243526,0.1300999175,0.34622944099999997,0.46202145650000004,0.0,384.0
0.7969743536258787,0.271746803,0.30939485575000003,0.41265116275,0.0,384.0
0.7857025991888068,0.3036311756666667,0.2948113153333333,0.38933019966666665,0.0,384.0
0.7717976791397464,0.08342461239999999,0.2371074764,0.3495074966,0.0,384.0
0.61999769452469,0.0,0.2516241787142857,0.30639347328571426,0.0,384.0
0.6271471885324151,0.0048334685,0.3224437575,0.39026355349999997,0.0,384.0
0.7624891452374755,0.138293421,0.339751113,0.4658626133333333,0.0,384.0
0.7962384634484599,0.39445769475,0.4528805075,0.55759780225,0.0,384.0
0.7816110359986216,0.367003566,0.58689917525,0.6577475005,0.0,384.0
0.7755390028400582,0.1401361775,0.5846926610000001,0.7274968405,0.0,384.0
0.7335658047220993,0.001029798,0.573449925,0.803001108,0.0,384.0
0.5903160768039621,0.0,0.586762199,0.820558004,0.0,384.0
0.6395940337217615,0.043736908500000005,0.54030050025,0.7862742552499999,0.0,384.0
0.7855583069468801,0.326974527,0.560847042,0.7499755925,0.0,384.0
0.7975490554217841,0.51507334625,0.5643151,0.74057572875,0.0,384.0
0.7873603123033013,0.43549618775,0.5905988637499999,0.7944600574999999,0.0,384.0
0.7798064370433494,0.0770019135,0.45621096124999994,0.73725589875,0.0,384.0
0.5992937429091985,0.0,0.39888362457142856,0.6854376595714287,0.0,384.0
0.5549248535379845,0.07426675833333334,0.3075671713333334,0.5708167840000001,0.0,384.0
0.6503795807879245,0.4315193125,0.2499316885,0.4295793395,0.0,384.0
0.6817655255368694,0.6329485539999999,0.16011657375000002,0.26252426425000003,0.0,384.0
0.6701689832373118,0.45926166175000005,0.11583536074999999,0.1731305135,0.0,384.0
0.6760329442490797,0.0421697155,0.11002066016666667,0.11020153799999999,0.0,384.0
0.5646434545513441,0.0,0.28111794375,0.2963415915,0.0,384.0
0.5497727464496707,0.00721557875,0.44962334974999996,0.57783439525,0.0,384.0
0.6485782240083398,0.0603063,0.559498769,0.81797793,0.0,384.0
0.6886059370258577,0.079769466,0.67793003175,0.8691273905,0.0,384.0
0.6740679134165809,0.08413589399999999,0.653316886,0.8424472489999999,0.0,384.0
0.6701158552600741,0.0160433032,0.5697238322,0.8380464159999998,0.0,384.0
0.6005694532829963,0.0,0.6140735906666667,0.8345079000000001,0.0,384.0
0.6588244752851349,0.032955056,0.557497265,0.8027455036666667,0.0,384.0
0.7899268276733078,0.26110552275,0.6133231595,0.75544977525,0.0,384.0
0.7926713457388299,0.2973727493333333,0.5492977116666666,0.687575694,0.0,384.0
0.7795543207354335,0.228674234,0.40527315033333333,0.5415879423333333,0.0,384.0
0.7705666014112944,0.04660892225,0.20504984299999998,0.3160994735,0.0,384.0
0.620085930798742,0.0,0.20831428700000001,0.2340927707142857,0.0,384.0
0.6267745704111614,0.005330139,0.2662918435,0.2173357585,0.0,384.0
0.7620582958878533,0.21390042533333334,0.36916020899999996,0.29615725600000004,0.0,384.0
0.7962245783239134,0.354346881,0.45994563675,0.37969431875000004,0.0,384.0
0.7814649625207993,0.23336275399999998,0.3552393935,0.31528814874999994,0.0,384.0
0.7474524079882947,0.01642593683333333,0.23125460833333333,0.3270261241666667,0.0,384.0
0.5895906880225407,0.0,0.22675534449999998,0.3180705643333333,0.0,384.0
0.688650968683223,0.0525905865,0.24773235,0.37113443999999995,0.0,384.0
0.7891235166786785,0.323653841,0.30934851766666666,0.3866674323333334,0.0,384.0
0.7938810971718369,0.5095889495,0.36049865525,0.40814988650000006,0.0,384.0
0.7794381416318311,0.40713298366666667,0.3690567263333333,0.4006559383333334,0.0,384.0
0.7757762800063968,0.13415056649999998,0.28634189649999997,0.35383030849999997,0.0,384.0
0.7332672294199458,0.0,0.1993048945,0.277530736,0.0,384.0
0.5888278667738444,0.0,0.1135268384,0.1570937986,0.0,384.0
0.7109406961932885,0.16081430260000001,0.0554205332,0.08049361120000001,0.0,384.0
0.7906242790023528,0.45041889285714287,0.04266639957142857,0.03538956957142857,0.0,384.0
0.7730470468429509,0.081501547,0.0776424168,0.06314991760000001,0.0,384.0
0.6200791655072934,0.0,0.15808586885714287,0.12200594085714286,0.0,384.0
0.6869337276365253,0.1079232755,0.257418694,0.24789684,0.0,384.0
0.794647567479446,0.5590613531666666,0.39149878216666667,0.3206205445,0.0,384.0
0.7787481924373751,0.26581184025,0.37024357225000004,0.33079737974999995,0.0,384.0
0.7174044603280327,0.009199016166666666,0.3381977881666667,0.3682615251666666,0.0,448.8333333333333
0.552024274853768,0.0009220835,0.21863726866666663,0.3208948916666667,0.0,773.0
0.5981059770828997,0.0954317915,0.1423108825,0.2613013595,0.0,773.0
0.679704591791476,0.3073731966666667,0.13128256716666667,0.20633164316666672,0.0,773.0
0.6747848763985781,0.1400225264,0.12674892239999996,0.20982343520000005,0.0,773.0
0.6569446550806582,0.0,0.20215488060000003,0.3316470904,0.0,773.0
0.5516300053636831,0.0008926826666666668,0.33389652966666666,0.46172865,0.0,773.0
0.6368885327283487,0.20942872625000003,0.40025004775,0.453524441,0.0,773.0
0.6817254688322582,0.42004083575,0.43271331849999994,0.42799894025,0.0,773.0
0.6740523624509045,0.30358536150000004,0.339460861,0.4115546755,0.0,773.0
0.6755252384543561,0.10092142533333333,0.28045739733333336,0.367860102,0.0,773.0
0.6635540096951125,0.0,0.217703663,0.257111437,0.0,773.0
0.5858916018518335,0.0,0.19983659925,0.24931538125,0.0,773.0
0.696182115717724,0.0746832315,0.17584283225,0.33707912125,0.0,773.0
0.8015748747131567,0.42121450250000003,0.19017508325,0.335995103,0.0,773.0
0.7900077416147389,0.3570693606,0.22756605579999997,0.3712114418,0.0,773.0
0.7810779002047348,0.04858712225,0.23988540325000002,0.3769618025,0.0,773.0
0.626385748048191,0.0,0.17073983214285718,0.353054312,0.0,773.0
0.6687797572604186,0.029739680666666667,0.12711383166666665,0.33125644,0.0,773.0
0.7954857143555729,0.22721025150000002,0.1185319715,0.33082284500000003,0.0,773.0
0.8014147908825574,0.42734943799999997,0.108387554,0.2829151988,0.0,773.0
0.7876829201032698,0.2443364893333333,0.12411396833333332,0.304177953,0.0,773.0
0.7824131321599833,0.031179152,0.142570294,0.35383878775,0.0,773.0
0.6429362680339923,0.0,0.1370769604,0.365959636,0.0,773.0
0.6348274700345622,0.0177169662,0.1377833694,0.34725238759999993,0.0,773.0
0.7978702599672943,0.3188656204285714,0.17922083214285717,0.30050603899999995,0.0,773.0
0.7864992470888191,0.16164918766666667,0.247511585,0.284488357,0.0,773.0
0.7809556840914379,0.025157040500000002,0.2336778745,0.32525266025,0.0,773.0
0.6265365329474355,0.0,0.18814168799999997,0.30621826114285716,0.0,773.0
0.6977186487302254,0.06886121875,0.17508544525000003,0.2737209045,0.0,773.0
0.801964463647152,0.33641183599999996,0.22877041333333334,0.27962076483333337,0.0,773.0
0.7908476593692347,0.23305082133333335,0.29780898066666667,0.43176063933333336,0.0,773.0
0.7597383218562149,0.023774963333333333,0.2872778381666667,0.4696144856666667,0.0,773.0
0.5967939988204465,0.0,0.28468705575000003,0.4814532255,0.0,773.0
0.6517142315071274,0.030985841,0.29106310775,0.5111514564999999,0.0,773.0
0.8024456811194296,0.3156038095,0.287181228,0.461733436,0.0,773.0
0.8051628089255024,0.3771096875,0.31221346800000005,0.44725086974999995,0.0,773.0
0.7912759448655624,0.2822673333333333,0.34430412866666665,0.5033298343333333,0.0,773.0
0.7888371235145454,0.1378834035,0.275962974,0.433978217,0.0,773.0
0.7505180655996229,0.0032098532,0.29037494119999996,0.3841839702,0.0,773.0
0.5605295938076669,0.00023321957142857143,0.32065978785714283,0.385360998,0.0,773.0
0.6428467233445656,0.11607866925,0.271336096,0.49027166274999995,0.0,773.0
0.6820180518161505,0.20163923899999997,0.33481310225,0.5160465117499999,0.0,773.0
0.6761286049128129,0.11409771275,0.38657495625,0.50436994525,0.0,773.0
0.6736798515890909,0.0016797469999999999,0.3906351418,0.577710892,0.0,773.0
0.5614256789806853,0.0,0.4633792155,0.6302520201666666,0.0,773.0
0.6036462942721493,0.10287466775,0.5673990477499999,0.69274412475,0.0,773.0
0.6829451254343559,0.41671501624999996,0.65606072425,0.75050506725,0.0,773.0
0.6740299360444494,0.367024624,0.71961714225,0.7802022172499999,0.0,773.0
0.6779970844804994,0.028007306,0.6592323723333333,0.715396599,0.0,773.0
0.5936722029545758,0.0,0.6305055882,0.6423968334000001,0.0,773.0
0.6682865104376932,0.020054657666666666,0.5712781696666666,0.5899750983333333,0.0,773.0
0.7918068447045252,0.15138414649999998,0.560888865,0.614857034,0.0,773.0
0.8027122937359215,0.18700702225,0.64066901375,0.673749017,0.0,773.0
0.7886478965329113,0.12730138049999998,0.67316964475,0.76051412275,0.0,773.0
0.7840855427957177,0.014679276333333333,0.6854315059999999,0.8109415296666667,0.0,773.0
0.7023123613463994,0.0,0.75387692775,0.8884107992499999,0.0,773.0
0.5894382495601809,0.0,0.7569847666,0.8764074087999999,0.0,773.0
0.6984340689603419,0.0216866275,0.6967654025000001,0.8124948495,0.0,773.0
0.7955714176239905,0.2386935335,0.6793242982500001,0.757638352,0.0,773.0
0.7958701382351555,0.35731631750000004,0.69532486925,0.7004037585,0.0,773.0
0.7852035762738372,0.10976553225,0.60104090275,0.65471507625,0.0,773.0
0.7422559138946132,0.0,0.51932124975,0.61177538725,0.0,773.0
0.5954771239108385,0.0,0.49495193174999996,0.5969314047500001,0.0,773.0
0.64877182223726,0.01978319325,0.42000099924999995,0.5151599955,0.0,773.0
0.8022628712495934,0.29161827,0.3898326875,0.42812625400000004,0.0,773.0
0.8065084156472715,0.530726453,0.4185413845,0.39962885275000004,0.0,773.0
0.7921294450821619,0.37571922225,0.40179635550000004,0.34742251550000003,0.0,773.0
0.7938894521194824,0.051788664000000005,0.3429805126666667,0.3609604516666667,0.0,773.0
0.7000603969365462,0.0,0.42445446,0.4283006915,0.0,773.0
0.5883068676123373,0.0,0.5053647505000001,0.45534603625,0.0,773.0
0.7030773410586278,0.07789843325000001,0.48364545225,0.49231961625,0.0,773.0
0.8021973434868297,0.405444616,0.5666966915,0.4839962996666667,0.0,773.0
0.788350383332682,0.17675830275,0.5407229812500001,0.52181958875,0.0,773.0
0.772149753616692,0.00122795475,0.45105003499999996,0.50727918325,0.0,773.0
0.6184340939506578,0.0,0.521523896,0.5483617120000001,0.0,773.0
0.6110179745349681,0.0,0.5523350945,0.5985030965,0.0,773.0
0.7595402331841095,0.065529819,0.5310589095,0.6295170635,0.0,773.0
0.8052959587406325,0.27421528525,0.5160295324999999,0.63057339525,0.0,773.0
0.792932122614521,0.34666724449999997,0.55122291825,0.6601813264999999,0.0,773.0
0.7881199257372073,0.179690128,0.4543638835,0.660265571,0.0,773.0
0.7719857143850597,0.0021461195,0.37541688325,0.64257743925,0.0,773.0
0.5803948555376006,0.0,0.28780685266666667,0.46559905566666665,0.0,773.0
0.5577320075358836,0.02380990566666667,0.23633544799999998,0.33347775366666665,0.0,773.0
0.6721045833101711,0.3105102114,0.2530456576,0.2780919214,0.0,773.0
0.6763480169654112,0.25309111133333334,0.405159832,0.36757495233333337,0.0,773.0
0.6794651040163516,0.05467950619999999,0.46070970859999993,0.49853783279999997,0.0,773.0
0.6542690753280567,0.0,0.66546761275,0.6766571985000001,0.0,773.0
0.5535347369037826,0.0,0.78290122525,0.753851955,0.0,773.0
0.5567230503160898,0.007488187666666667,0.7166365693333333,0.8138678456666666,0.0,773.0
0.6478123052362035,0.12146258499999998,0.6810392555,0.7988272995000001,0.0,773.0
0.6797418052032512,0.313528906,0.6582486265,0.6652039891666666,0.0,773.0
0.674940258809588,0.15680896933333335,0.47258196666666663,0.5038149023333333,0.0,773.0
0.6561910384087729,0.0005952231428571429,0.35835630985714284,0.4754642178571428,0.0,773.0
0.5887459712357973,0.0,0.3225534375,0.38130142125,0.0,773.0
0.7433745399109651,0.05016762075,0.44388445600000004,0.52562823525,0.0,773.0
0.8013889568768847,0.203256111,0.65394104125,0.70432170325,0.0,773.0
0.7875175878002468,0.24820439649999998,0.7264785257499999,0.7626079720000001,0.0,773.0
0.7786169878804245,0.022440116,0.7811059775,0.8630932382500001,0.0,773.0
0.6261913752266653,0.0,0.605340444,0.83268617,0.0,773.0
0.667737767875691,0.003263905666666667,0.5327432466666666,0.792968862,0.0,773.0
0.788252248232259,0.066434596,0.53384449,0.784188457,0.0,773.0
0.8012442920564,0.30435332625,0.649572697,0.8086762325000001,0.0,773.0
0.7875730910518232,0.3485051926666667,0.788895542,0.851178382,0.0,773.0
0.7837793094691246,0.1703371505,0.8137037899999999,0.893005154,0.0,773.0
0.7691516025347609,0.00082748525,0.83462923125,0.8966215445,0.0,773.0
0.6176115949128818,0.0,0.83048021175,0.897557101,0.0,773.0
0.6096777005560776,0.0,0.8158316507500001,0.8986790625000001,0.0,773.0
0.7777746672697556,0.165510723,0.80297547725,0.8084614159999999,0.0,773.0
0.7989577377928521,0.3922048855,0.882828705,0.83591625375,0.0,773.0
0.7873132011447668,0.246132499,0.9144724835,0.9070778142500001,0.0,773.0
0.7813495958138902,0.000808447,0.844155615,0.8869098759999999,0.0,773.0
0.6581307100787857,0.0,0.7250338907500001,0.83928901875,0.0,773.0
0.5893744136819346,0.0,0.59208764725,0.71134069825,0.0,773.0
0.7468390841682602,0.08324678975000001,0.48401987849999994,0.60962964025,0.0,773.0
0.804495745240204,0.220905226,0.455574974,0.5484707574,0.0,773.0
0.7902333294184042,0.131063487,0.4164646215,0.6065705925,0.0,773.0
0.7885096488242244,0.02800092933333333,0.42425318900000003,0.643748822,0.0,773.0
0.7423969229805847,0.0,0.511001253,0.74918921775,0.0,773.0
0.595715955043526,0.0,0.655527339,0.8349261542499999,0.0,773.0
0.6491707461140924,0.01518467275,0.75858236925,0.8930192665,0.0,773.0
0.8097547962544174,0.39577524666666664,0.801666739,0.9121110666666666,0.0,773.0
0.7961327306536587,0.3408729934,0.7543049282000001,0.8980159749999999,0.0,773.0
0.7751521865068128,0.00036062,0.61387587675,0.8378887852499999,0.0,773.0
0.5813180796534526,0.0,0.49591487883333335,0.7045997693333333,0.0,773.0
0.5588834383464093,0.007725076333333333,0.36620425533333334,0.5088905026666667,0.0,773.0
0.6946938825501743,0.20686675583333333,0.31784431383333334,0.39885043400000003,0.0,773.0
0.7102299260112294,0.23128915066666667,0.2671030816666667,0.38758045433333327,0.0,773.0
0.7080316016115379,0.04007184766666667,0.2226922445,0.3378244903333334,0.0,773.0
0.5822750737589902,0.0,0.22226471883333335,0.3475264865,0.0,773.0
0.565761629661047,0.006422806,0.3182506746666667,0.515540297,0.0,773.0
0.6968434800306972,0.39441921119999995,0.4400273928,0.7213907190000001,0.0,773.0
0.7020527136435206,0.506147455,0.59809713075,0.83895440075,0.0,773.0
0.7078319999083672,0.07546332616666666,0.4713112215,0.7711666639999999,0.0,773.0
0.626535795080913,0.0,0.343295001,0.56500663825,0.0,773.0
0.6323940842504585,0.0,0.28175958975000004,0.48883201675,0.0,773.0
0.8014649562563514,0.350904744,0.20580745175,0.34299541699999997,0.0,773.0
0.8078584271180331,0.6306458505,0.22295699025,0.2571543445,0.0,773.0
0.7990955159715851,0.282255634,0.1885810515,0.2267261855,0.0,773.0
0.7791796827053371,0.0,0.1952748995,0.19359477225,0.0,773.0
0.6209541243595117,0.0,0.30522001083333333,0.24620772916666667,0.0,773.0
0.6963775921114438,0.017556148,0.43337206433333336,0.36470809066666665,0.0,773.0
0.81197187263527,0.236216284,0.5320875365,0.437285308,0.0,773.0
0.8077380444556105,0.42123145900000003,0.65739160175,0.524351587,0.0,773.0
0.7927593163203982,0.252957046,0.723157802,0.5966742572,0.0,773.0
0.7759178033924774,0.0,0.74842446175,0.6512723192500001,0.0,773.0
0.6074338861138101,0.0,0.7423804483333334,0.6546114328333333,0.0,773.0
0.7194671932758625,0.07303016799999999,0.6362993105999999,0.6234882034,0.0,773.0
0.7956185606648135,0.3237093395714285,0.475534954,0.5178590722857143,0.0,773.0
0.774891774843578,0.029117077500000005,0.3592717646666667,0.42821364716666666,0.0,773.0
0.6069493744083095,0.0,0.434086489,0.4161122838333333,0.0,773.0
0.66916092417588,0.014313101666666666,0.4749582806666666,0.43429591466666667,0.0,773.0
0.7952854641655331,0.282389006,0.45243154799999996,0.45630099199999996,0.0,773.0
0.8015705146331059,0.523171303,0.394311108,0.41514347,0.0,773.0
0.7871992356616178,0.36772424775,0.39011418449999996,0.416758409,0.0,773.0
0.7842758877829286,0.0118420625,0.39394283924999995,0.5420254835,0.0,773.0
0.6571374975812628,0.0,0.37236415624999997,0.59809558175,0.0,773.0
0.589895877960482,0.0,0.3362052665,0.60233186225,0.0,773.0
0.7047588519453212,0.012095087,0.3107401415,0.5742904595,0.0,773.0
0.8102385327985885,0.38619550366666666,0.244052614,0.48958334800000003,0.0,773.0
0.8060154595662745,0.579331453,0.19784288149999998,0.3774698935,0.0,773.0
0.795242668418108,0.3865756135,0.18274967949999998,0.37192343,0.0,773.0
0.8041460855851297,0.0800310155,0.18125576575000002,0.37300267575,0.0,773.0
0.6957906820868975,0.0,0.19875612825,0.31040652025,0.0,773.0
0.573076554457461,0.0,0.2456991515,0.29540084825,0.0,773.0
0.5787208276432709,0.009357899333333334,0.34459565433333333,0.3339968466666667,0.0,773.0
0.6755639871641915,0.3273488565,0.3634331725,0.337812848,0.0,773.0
0.6952967422433134,0.5902775652500001,0.44377885549999996,0.3512597945,0.0,773.0
0.6819503253675646,0.3569355015,0.47047813374999997,0.38288708774999997,0.0,773.0
0.6945389398920728,0.004992431166666667,0.48017417783333327,0.45591012233333333,0.0,773.0
0.5664836719267912,0.0,0.4443274656666667,0.4967631675,0.0,773.0
0.6218307106141786,0.10542576399999999,0.43895804925,0.53463167,0.0,773.0
0.7012909023559932,0.33045000999999996,0.6094661843999999,0.608861922,0.0,773.0
0.7065140367612306,0.18700067724999997,0.64772465525,0.7088574455,0.0,773.0
0.700207197094377,0.0,0.571147691,0.8115612682500001,0.0,773.0
0.616780144678062,0.0,0.42170370649999994,0.7314448874999999,0.0,1432.1666666666667
0.7485798919614606,0.05632368025,0.27086823425,0.6100062737499999,0.0,1564.0
0.8374050115571658,0.37821907650000003,0.2610177656666667,0.4638970281666667,0.0,1564.0
0.8249356542446795,0.11125304,0.5232872479999999,0.57765651875,0.0,1564.0
0.8127504095286907,0.0,0.7015788096666666,0.6740193156666666,0.0,1564.0
0.6391430423569455,0.0,0.8000924906666667,0.8569200888333333,0.0,1564.0
0.6630980359822011,0.00142568875,0.79595441175,0.9008029799999999,0.0,1564.0
0.8092686746901611,0.12391756200000001,0.7775235315,0.8856406015,0.0,1564.0
0.816372881447228,0.2851302,0.806402742,0.8263037502499999,0.0,1564.0
0.805087838123762,0.2614386226666667,0.765668046,0.789730863,0.0,1564.0
0.7950191646027488,0.024065855999999997,0.5600104081666667,0.6807936968333332,0.0,1564.0
0.6111905960062846,0.0,0.38056609966666666,0.5513394045000001,0.0,1564.0
0.6880830864919191,0.002896960666666667,0.2586488983333333,0.458158291,0.0,1564.0
0.8145791490891632,0.0839995615,0.3035934465,0.380283825,0.0,1564.0
0.8150479496753128,0.14342633933333335,0.40676641183333334,0.39631919050000003,0.0,1564.0
0.8051375652718481,0.04629594633333333,0.42368455499999996,0.4607480603333333,0.0,1564.0
0.7901074687378296,0.0,0.4054871525,0.47168271325,0.0,1564.0
0.6228183779889234,0.0,0.41129791824999995,0.46358558425,0.0,1564.0
0.6206477009312602,0.0,0.43053475425,0.4407230165,0.0,1564.0
0.8060856455056733,0.08733312800000001,0.55984493175,0.5487627262499999,0.0,1564.0
0.8193498693923088,0.256028808,0.6496894336666666,0.628351651,0.0,1564.0
0.8034045683243981,0.23115320633333336,0.5366617793333334,0.59674962,0.0,1564.0
0.806883471026081,0.0571426025,0.3874179755,0.5334256865,0.0,1564.0
0.7901969954854562,0.0,0.30047292525,0.42761745925,0.0,1564.0
0.6231887491004774,0.0,0.245746851,0.3393131915,0.0,1564.0
0.6210858096248975,0.0,0.21725325450000002,0.27725385550000003,0.0,1564.0
0.81223801568807,0.13728813875,0.19246061175,0.249923317,0.0,1564.0
0.8199286853304297,0.3310994534999999,0.1994122445,0.23167849375000002,0.0,1564.0
0.8067274476090127,0.230019759,0.180195259,0.2185124,0.0,1564.0
0.8100940915612258,0.0204375894,0.16921778399999998,0.22255344859999998,0.0,1564.0
0.6535225756022716,0.0,0.20292815700000003,0.259088195,0.0,1564.0
0.5695857826827108,0.0003653571666666667,0.271241298,0.37660745966666664,0.0,1564.0
0.6975565770912434,0.1486967905,0.30664051400000003,0.4909492035,0.0,1564.0
0.7353920877359507,0.3867521284,0.3544597638,0.6104808484,0.0,1564.0
0.7389302769551255,0.338608868,0.3775296335,0.6955695580000001,0.0,1564.0
0.750586406812951,0.058584918,0.32167181749999996,0.65142675575,0.0,1564.0
0.6796023723956076,0.0,0.29475023474999995,0.5675817645,0.0,1564.0
0.5832958068678509,0.0,0.380205252,0.52693404025,0.0,1564.0
0.600283701048449,0.002188854666666667,0.4794632696666667,0.5142809746666667,0.0,1564.0
0.7094264510055622,0.128189691,0.5689968535000001,0.547070217,0.0,1564.0
0.7280028710472282,0.30960929449999997,0.65388069325,0.574351327,0.0,1564.0
0.7083932488068405,0.271153241,0.7208310035,0.585020313,0.0,1564.0
0.7275036245851237,0.07378046766666667,0.7247383693333332,0.601246724,0.0,1564.0
0.7228398899168834,0.0,0.764231142,0.645797254,0.0,1564.0
0.6231024755945601,0.0,0.73298802275,0.6854879205,0.0,1564.0
0.6211240328786346,0.0,0.648638383,0.6425344857499999,0.0,1564.0
0.7902218366800446,0.035547949499999995,0.5997912910000001,0.6240325685,0.0,1564.0
0.8269198433635226,0.24280585024999998,0.6302460505,0.6635336605,0.0,1564.0
0.8133866188353908,0.1686901558,0.7067058514,0.7256876458000001,0.0,1564.0
0.8069214147615549,0.000923334,0.7422288130000001,0.7113988757499999,0.0,1564.0
0.6320541889532038,0.0,0.7602460701428572,0.7228646994285715,0.0,1564.0
0.7193088825255908,0.02976336775,0.7539729335,0.718276867,0.0,1564.0
0.8131803048548558,0.3692503550000001,0.6849886492857143,0.6412039972857143,0.0,1564.0
0.8011914122616907,0.20355726149999998,0.575320024,0.5735501985,0.0,1564.0
0.8065637102301143,0.00164082975,0.5614731472500001,0.58746492825,0.0,1564.0
0.6392527297768087,0.0,0.5447166303333333,0.6121846451666667,0.0,1564.0
0.6655813523110197,0.00111415675,0.5324476615,0.6231491815,0.0,1564.0
0.8130134595047018,0.2862259415,0.553900646,0.717717682,0.0,1564.0
0.8108810951736102,0.68197170775,0.5686534925,0.7613562359999999,0.0,1564.0
0.7997392633668416,0.6835873189999999,0.6137502724999999,0.8088782395,0.0,1564.0
0.7970661162834455,0.2474338216666667,0.7077103263333333,0.8632757486666666,0.0,1564.0
0.7841117255767557,0.0,0.744015055,0.8893911320000001,0.0,1564.0
0.6106646226612468,0.0,0.7072076548333334,0.8869374406666667,0.0,1564.0
0.7338343849852219,0.046381079199999994,0.7094506372,0.9104157150000001,0.0,1564.0
0.8155948215623228,0.2336323695,0.63758278375,0.84776841825,0.0,1564.0
0.8044361755427654,0.23100216050000003,0.57942735825,0.6417746,0.0,1564.0
0.8043959957961376,0.0018299385,0.5251770625,0.64082678425,0.0,1564.0
0.6319119197240038,0.0,0.6461400582857142,0.8031086390000002,0.0,1564.0
0.7138379798593143,0.00939561175,0.91034193575,0.9067966135,0.0,1564.0
0.816531230247071,0.13197568950000002,0.91508238775,0.87710726275,0.0,1564.0
0.8072636392330783,0.129851157,0.8887518773333333,0.8618379333333334,0.0,1564.0
0.8006292987740372,0.063258521,0.871081691,0.9109151504999999,0.0,1564.0
0.7931446703598384,0.000669182,0.8620371345,0.9063943520000001,0.0,1564.0
0.6191142796188522,0.0,0.643210563,0.8046717681666666,0.0,1564.0
0.5653191198621075,0.0,0.43881975724999994,0.610751434,0.0,1564.0
0.660437074747991,0.0359569055,0.3492162155,0.5334252905,0.0,1564.0
0.6894184481692825,0.1583889092,0.40889850819999995,0.6820554328,0.0,1564.0
0.6843177086543217,0.0667214265,0.5928958639999999,0.8257968099999999,0.0,1564.0
0.6877157674768861,0.0,0.60289949875,0.78090763475,0.0,1564.0
0.5821565959399905,0.0,0.32178923271428567,0.4903433101428571,0.0,1564.0
0.6083627372792373,0.015975550333333335,0.16120663366666665,0.2926118356666667,0.0,1564.0
0.7278776588760145,0.23485043125,0.13493248875,0.304344049,0.0,1564.0
0.7306418754386753,0.33429179650000007,0.16920446549999998,0.312107827,0.0,1564.0
0.7480437041385285,0.0405263835,0.16697293100000002,0.38113024925,0.0,1564.0
0.6831057995832359,0.0,0.20081779125000002,0.43198504275,0.0,1564.0
0.591069832061383,0.0,0.21431944025,0.40121855274999996,0.0,1564.0
0.6943234556136894,0.0,0.22165030166666666,0.36362655633333335,0.0,1564.0
0.8394789703947874,0.2745975392,0.2044351414,0.3129159696,0.0,1564.0
0.8334263182577452,0.4268680623333334,0.18164695666666666,0.26055751633333335,0.0,1564.0
0.8272888766110388,0.0750964405,0.22421549899999996,0.25459998833333336,0.0,1564.0
0.6321032325398874,0.0,0.38793415028571426,0.3540003745714286,0.0,1564.0
0.7189370021841052,0.00981154875,0.5234456375000001,0.47346704149999996,0.0,1564.0
0.8185831617194965,0.2035302975714286,0.6000028948571429,0.6253520905714286,0.0,1564.0
0.8094392912210037,0.054833119166666666,0.5249674003333333,0.6506649238333334,0.0,1564.0
0.6324536287688419,0.0,0.36650010714285713,0.4558976785714285,0.0,1564.0
0.7230917230178622,0.011317066,0.23216707775,0.277878803,0.0,1564.0
0.8345682538368072,0.28440487366666667,0.22309650666666667,0.20869433499999998,0.0,1564.0
0.8222714956386747,0.38802768525000003,0.2323561235,0.2100779535,0.0,1564.0
0.8207349850281199,0.1811863285,0.21458314,0.2620267455,0.0,1564.0
0.7853147691787284,0.000241514,0.2287801505,0.3261233731666667,0.0,1564.0
0.6021457799459271,0.0,0.17431319979999998,0.3453008292,0.0,1564.0
0.7117081011321478,0.0,0.14411685233333335,0.323333777,0.0,1564.0
0.8430845103508666,0.3825284306,0.11598319539999999,0.3023746696,0.0,1564.0
0.8238751886296583,0.475592548,0.13198041566666666,0.2600499926666667,0.0,1564.0
0.8297163989915367,0.06045770166666667,0.17854573233333335,0.28504288650000004,0.0,1564.0
0.640192984188482,0.0,0.33149037085714284,0.29818843528571426,0.0,1564.0
0.7471529420513244,0.02044424125,0.416185452,0.36633118925,0.0,1564.0
0.8362491982871346,0.2992303058333333,0.3212940048333333,0.29375856166666664,0.0,1564.0
0.8175342920100319,0.2088072715,0.21126601,0.2047770765,0.0,1564.0
0.824236187432558,0.01256128,0.1804116312,0.15970533580000001,0.0,1564.0
0.6142877227628808,0.0,0.2840930561428571,0.26480234614285714,0.0,1564.0
0.6253800191069737,0.043991820599999995,0.395518386,0.36372843600000004,0.0,1564.0
0.6995096241036763,0.31457901140000005,0.40172178379999995,0.40305591539999996,0.0,1564.0
0.697053592832877,0.10801767300000001,0.41255305375,0.41073772875000003,0.0,1564.0
0.709482461134916,0.0,0.39208783275000003,0.38283601775,0.0,1564.0
0.583404770263358,0.0,0.40095292828571427,0.39960907628571435,0.0,1564.0
0.6346405594749244,0.042307521,0.43603913699999997,0.46312752225000003,0.0,1564.0
0.7074244266085031,0.236776411,0.44999358366666664,0.4888588536666667,0.0,1564.0
0.6934196878357823,0.3249038515,0.5372905942499999,0.5146989802499999,0.0,1564.0
0.7164430166921015,0.012973242833333334,0.6099908053333333,0.6990461524999999,0.0,1564.0
0.6157016946859257,0.0,0.5465346203333333,0.8025122408333333,0.0,1564.0
0.7717460917214278,0.096561955,0.4402773482,0.721741269,0.0,1564.0
0.8431569858569161,0.57011487325,0.46497390850000003,0.569747215,0.0,1564.0
0.8367123792460405,0.3378974475,0.5609060155000001,0.51743850125,0.0,1564.0
0.8295063703855883,0.0,0.64345666025,0.5934519407500001,0.0,1564.0
0.6518370423448708,0.0,0.7392518892,0.6822521444,0.0,1564.0
0.5997387446853079,0.0,0.7966589079999999,0.739544681,0.0,1564.0
0.7840875104558437,0.0582098125,0.8040227504999999,0.77897764675,0.0,1564.0
0.8335656168561371,0.36424212075,0.75798553425,0.76266609975,0.0,1564.0
0.8211419695234093,0.21900623474999997,0.7149919240000001,0.76183803275,0.0,1564.0
0.8163286547079944,0.0,0.7379449012500001,0.76613687975,0.0,1564.0
0.6392698272077808,0.0,0.6100245043333333,0.7039071851666666,0.0,1564.0
0.6662303653445291,0.0,0.49442906075,0.585136762,0.0,1564.0
0.8347593992910003,0.2391886758,0.4305358022,0.45719346219999996,0.0,1564.0
0.8225077219490461,0.37159036966666664,0.4425680473333333,0.3972005076666667,0.0,1564.0
0.827016838101406,0.0423971585,0.49495102883333325,0.4996121546666667,0.0,1564.0
0.6336701869860594,0.0,0.4392374471428572,0.5154559561428571,0.0,1564.0
0.7333878915668938,0.01743056225,0.35170183425,0.47308383924999997,0.0,1564.0
0.8473751624645671,0.2520465595,0.3076931975,0.3683156652499999,0.0,1564.0
0.8381929333772046,0.11900817159999999,0.389782316,0.3856744794,0.0,1564.0
0.8233587179721534,0.0,0.5035562339999999,0.5170449610000001,0.0,1564.0
0.6493992853337236,0.0,0.5752846414,0.698704811,0.0,1564.0
0.5992632511352795,0.0,0.6073777403333332,0.7893963936666667,0.0,1564.0
0.7940096632923056,0.0717609105,0.6302953090000001,0.85259751425,0.0,1564.0
0.8576059858514399,0.49362765125,0.6914030499999999,0.88264513,0.0,1564.0
0.8588185321634376,0.32044718375000003,0.77676323725,0.90237827225,0.0,1564.0
0.7958311957124957,0.0,0.7411364928333333,0.9009871731666667,0.0,1564.0
0.5944219827436777,0.0,0.6877324613999999,0.8782708512000001,0.0,1564.0
0.654216199993494,0.0775838994,0.648428833,0.8715807584,0.0,1564.0
0.7617629068127509,0.58248465675,0.614650352,0.789171255,0.0,1564.0
0.7733366538159695,0.326243742,0.692192233,0.8284114162500001,0.0,1564.0
0.7657990561342268,0.0,0.6634379617500001,0.8758023655,0.0,1564.0
0.626792566394104,0.0,0.5372514975714285,0.7738350648571428,0.0,1564.0
0.5923363873746402,0.012492969,0.4536464695,0.7215669515,0.0,1564.0
0.7237402515530489,0.473869448,0.2943351836666667,0.5950869590000001,0.0,1564.0
0.7381067605518425,0.5690689492500001,0.23688029424999998,0.5026999904999999,0.0,1564.0
0.7732626295189605,0.06651157016666666,0.2159795293333334,0.5151006371666667,0.0,1564.0
0.6625029552541305,0.0,0.33145467685714286,0.5395583968571429,0.0,1564.0
0.674071121899381,0.0,0.378002677,0.5407242063333334,0.0,1564.0
0.8522590433304809,0.33632589,0.40490881539999996,0.5331676236,0.0,1564.0
0.8629563269771005,0.37435259275,0.3974107095,0.5123231232500001,0.0,1564.0
0.844447908029571,0.002885597714285714,0.40821168157142856,0.592817002142857,0.0,1564.0
0.6424788453604822,0.0,0.31384374574999996,0.49214654599999996,0.0,1564.0
0.6559638564665933,0.0,0.31877360675,0.4701208515,0.0,1564.0
0.8497664254638156,0.18938756340000001,0.2928950342,0.45453791839999996,0.0,1564.0
0.8578937727607715,0.22580289325,0.22307161325,0.40000649425,0.0,1564.0
0.8489197969858254,0.003318738,0.18392172266666665,0.37918277166666664,0.0,1564.0
0.6517512169906644,0.0,0.21899713271428572,0.4266333668571428,0.0,1564.0
0.7631395706282423,0.057906466250000004,0.30332919375,0.539722019,0.0,1564.0
0.8499400233068762,0.3336052855,0.338475211,0.5522877868333332,0.0,1564.0
0.848586434339725,0.029343711833333338,0.31208200799999997,0.49024340949999995,0.0,1564.0
0.6772187211314753,0.0,0.20705605042857145,0.3658726765714286,0.0,1754.7142857142858
0.7767703220911828,0.034077368600000005,0.17459750720000003,0.3959884376000001,0.0,1831.0
0.8976860122273008,0.378804892,0.14078560233333334,0.37183600399999994,0.0,1831.0
0.8911171846751144,0.38257016125,0.22752784550000002,0.42294527225,0.0,1831.0
0.8884981471655714,0.0057035705,0.27073225166666665,0.5412709186666667,0.0,1831.0
0.6717028219659085,0.0,0.2743991163333334,0.48529490950000004,0.0,1831.0
0.8062657543147912,0.0657380316,0.2275292734,0.31980424279999997,0.0,1831.0
0.898558234724489,0.465426223,0.23000910275,0.218169767,0.0,1831.0
0.9008089962172912,0.1459739266,0.426369917,0.4126876344,0.0,1831.0
0.8638699737997401,0.0,0.67786332,0.5979024675,0.0,1831.0
0.6374472587762868,0.0,0.8333523151666666,0.7822082571666668,0.0,1831.0
0.6131727094026,0.003472629,0.8756666792499999,0.8771996900000001,0.0,1831.0
0.7286806717290755,0.1437224785,0.88551629275,0.91686906625,0.0,1831.0
0.7319846723130846,0.143219214,0.8877054506666666,0.9147126116666667,0.0,1831.0
0.7611518487696693,0.0176898354,0.8741941768,0.9151937472,0.0,1831.0
0.7183564310444792,0.0,0.870071057,0.9225870094999999,0.0,1831.0
0.5980635007656393,0.0,0.785666593857143,0.840820903,0.0,1831.0
0.6792883580025586,0.0572677475,0.649505124,0.7221743469999999,0.0,1831.0
0.74641854997034,0.29631817325,0.51546882175,0.5641388045,0.0,1831.0
0.7587407798721431,0.112647729,0.3256183826,0.44363445640000004,0.0,1831.0
0.7607014089313295,0.0,0.28180806825,0.5316996602499999,0.0,1831.0
0.6444404195793838,0.0,0.2598946384285714,0.5194951841428571,0.0,1831.0
0.7893872300649437,0.0171752885,0.216789961,0.456483601,0.0,1831.0
0.8636826920987776,0.12706532933333334,0.156440412,0.3542041578333333,0.0,1831.0
0.8677813357435388,0.012038145,0.276762307,0.5065517346666667,0.0,1831.0
0.6833573680780906,0.0,0.42137098116666666,0.6103529553333332,0.0,1831.0
0.6723255739577645,0.0,0.574548826,0.73225559475,0.0,1831.0
0.8370029163654213,0.0411405735,0.6831997975,0.8093316845,0.0,1831.0
0.8584359417279817,0.1324039906,0.7316463896000001,0.8484565378000001,0.0,1831.0
0.8544455172151832,0.05506742925,0.74250388425,0.9112067755,0.0,1831.0
0.8205912413999664,0.0,0.6851294386,0.8690811018000002,0.0,1831.0
0.6386544053307479,0.0,0.5609252742499999,0.7838806982500001,0.0,1831.0
0.6717479654080872,0.0,0.5645012122499999,0.7835108444999999,0.0,1831.0
0.8387350934376168,0.018279796,0.6812205315,0.830636454,0.0,1831.0
0.8719921486784307,0.15950396133333333,0.7239213505000001,0.7772166476666666,0.0,1831.0
0.8842397386862819,0.019966563500000003,0.5544826418333334,0.7824731184999999,0.0,1831.0
0.6871232452924119,0.0,0.502740114,0.6983334936666666,0.0,1831.0
0.6863480697705779,0.0,0.56420374125,0.80063349225,0.0,1831.0
0.8599773043909733,0.07395393,0.6326665419999999,0.83471343,0.0,1831.0
0.8716186435435586,0.2750119225,0.6382750188333334,0.8380328128333333,0.0,1831.0
0.8938065421983561,0.0271994695,0.6408130682500001,0.86226594175,0.0,1831.0
0.8170728178162938,0.0,0.7221018800000001,0.8797890905000001,0.0,1831.0
0.6401691156422622,0.0,0.7224983150000001,0.818699273,0.0,1831.0
0.6777257316818537,0.0,0.756177473,0.8374704355,0.0,1831.0
0.8680233232789991,0.11958836916666667,0.8445134415000001,0.8977914966666667,0.0,1831.0
0.8748610814306126,0.055010796,0.9063773315000001,0.8849926292500001,0.0,1831.0
0.8700841452170873,0.0,0.9102543165000001,0.88884542975,0.0,1831.0
0.7101893959867767,0.0,0.8452475555,0.9222547357499999,0.0,1831.0
0.5884004040947138,0.0,0.7117930146666667,0.9017162063333334,0.0,1831.0
0.6202544898206879,0.001423765,0.56648042025,0.81182716775,0.0,1831.0
0.7429222367502398,0.313653042,0.43793683183333326,0.7090634028333334,0.0,1831.0
0.7725352507541884,0.0650251635,0.37463862166666667,0.6287471620000001,0.0,1831.0
0.7201274798797723,0.0,0.34220551925,0.64181660475,0.0,1831.0
0.6010417195582303,0.0,0.3549080591666667,0.6715249383333334,0.0,1831.0
0.665457131324725,0.03649900833333333,0.3928156333333333,0.6480819126666666,0.0,1831.0
0.75190512647562,0.3444656115,0.45307561550000003,0.6853091735,0.0,1831.0
0.7557077102351852,0.17616471525,0.5592634274999999,0.800504194,0.0,1831.0
0.7574120723781,0.0,0.618991271,0.8292599941666667,0.0,1831.0
0.6341743972802728,0.0,0.6289389785,0.8228868736666667,0.0,1831.0
0.7908259409969913,0.02585027925,0.6605358485,0.86487170525,0.0,1831.0
0.8679857447109977,0.31362653716666666,0.6861190166666667,0.8792124336666666,0.0,1831.0
0.8887227242500907,0.032958516,0.67535525075,0.88593475575,0.0,1831.0
0.816592953108947,0.0,0.66705926625,0.873038985,0.0,1831.0
0.6399251306448894,0.0,0.60849585275,0.8540719720000001,0.0,1831.0
0.6778238891167475,0.0,0.56344971175,0.849721704,0.0,1831.0
0.8631345308178044,0.08971745149999999,0.5588573685,0.818627278,0.0,1831.0
0.8709127297571246,0.3672552806666667,0.6150282505000001,0.7966162488333334,0.0,1831.0
0.885087902493821,0.03153567425,0.6623230007500001,0.80402214075,0.0,1831.0
0.814524413475371,0.0,0.75585055275,0.8552505885,0.0,1831.0
0.6326263194493846,0.0,0.7956906813333333,0.890857145,0.0,1831.0
0.7764968093647812,0.0174606655,0.766561336,0.88036641475,0.0,1831.0
0.8536506878651521,0.16454382716666668,0.7784474316666667,0.8235637725,0.0,1831.0
0.8705985662764227,0.012324249833333334,0.7593243445,0.7882329308333333,0.0,1831.0
0.6829367742091222,0.0,0.6459450555,0.7099450993333333,0.0,1831.0
0.6720644952968153,0.0,0.582995729,0.60723165625,0.0,1831.0
0.8358775713845377,0.05023882599999999,0.6276895985,0.665618406,0.0,1831.0
0.8586816930783503,0.24765482075,0.67379803225,0.685014661,0.0,1831.0
0.8564187502639845,0.12412399075,0.6651740912499999,0.67117027,0.0,1831.0
0.8598540149747789,0.0,0.52203698525,0.5615949652500001,0.0,1831.0
0.6676481367993204,0.0,0.343650333875,0.360122640625,0.0,1831.0
0.7791054832750386,0.0062434165,0.38996479175,0.45537031025,0.0,1831.0
0.8686861730119637,0.12074501116666665,0.455875642,0.5000949366666666,0.0,1831.0
0.8737628434460113,0.0076904795,0.4885265518333333,0.579290846,0.0,1831.0
0.7102405765061256,0.0,0.481209153,0.606300996,0.0,1831.0
0.6033962962173641,0.00017709414285714285,0.5219139237142857,0.6851603812857141,0.0,1831.0
0.7427809109331331,0.20790826725,0.504919108,0.6924093914999999,0.0,1831.0
0.7562267149666901,0.3434921346666666,0.5139831483333334,0.7210249806666665,0.0,1831.0
0.7828784968588346,0.019399804833333333,0.6196034498333334,0.8347636151666666,0.0,1831.0
0.6601924860226583,0.0,0.6068374198333333,0.8173599008333333,0.0,1831.0
0.6072593604320576,0.0,0.5898707892499999,0.7961385305,0.0,1831.0
0.6989233581058525,0.0755321645,0.5830420265,0.7880492450000001,0.0,1831.0
0.7573742314464182,0.5345567335999999,0.46766895059999997,0.7279058301999999,0.0,1831.0
0.7590810619711994,0.31018882000000003,0.5406656274999999,0.778798226,0.0,1831.0
0.7914816148241948,0.00033697699999999997,0.5819587288,0.8107168204,0.0,1831.0
0.671922248964384,0.0,0.5737978963333333,0.8124411236666668,0.0,1831.0
0.7458251333611615,0.008860829166666667,0.5912964720000001,0.8335549625,0.0,1831.0
0.9036210662188864,0.22337211240000002,0.5882583786,0.8267966697999999,0.0,1831.0
0.9131480984622352,0.062623467,0.59968384225,0.8477828132499999,0.0,1831.0
0.8870596374799259,0.0,0.652841267,0.8707938496666667,0.0,1831.0
0.6896229286835203,0.0,0.651484229,0.8669734335,0.0,1831.0
0.6948732118187869,0.0,0.6852543687500001,0.8712680337500001,0.0,1831.0
0.9028230349851828,0.1851242722,0.7035288715999999,0.8639440094000002,0.0,1831.0
0.9198804473135009,0.19476979225,0.74764542775,0.8481596327500001,0.0,1831.0
0.8961292366157655,0.0,0.6785666378333334,0.788458356,0.0,1831.0
0.6668759424570023,0.0,0.5555942308333334,0.6498433201666667,0.0,1831.0
0.7331986645627677,0.0,0.5338062083333334,0.6555266886666667,0.0,1831.0
0.9104231001168721,0.11092765874999999,0.532490655,0.70076985775,0.0,1831.0
0.9155261247653272,0.22104527150000003,0.5097717852499999,0.63620938825,0.0,1831.0
0.935995463166432,0.0145521645,0.5273946275,0.62587686675,0.0,1831.0
0.831602132533918,0.0,0.47417243700000006,0.614917838,0.0,1831.0
0.6592252438812906,0.0,0.37875873025,0.54739764025,0.0,1831.0
0.777545156235242,0.010659794166666667,0.3829371951666667,0.556175747,0.0,1831.0
0.9217919551657655,0.23709218300000004,0.340492307,0.4694587254,0.0,1831.0
0.9166814663670658,0.030708808428571432,0.3848261632857143,0.4815417117142857,0.0,1831.0
0.7245924475647602,0.0,0.364713653,0.4792917735,0.0,1831.0
0.6515498054505587,0.0,0.37494532,0.47589747239999997,0.0,1831.0
0.8569042681677569,0.008465246333333334,0.3986000416666666,0.5365594903333334,0.0,1831.0
0.9094576914376242,0.14140218066666668,0.35030537666666667,0.49467602850000003,0.0,1831.0
0.9006392471366,0.004811627,0.3634322403333334,0.5506036303333334,0.0,1831.0
0.6614386704124787,0.0,0.32371742614285715,0.5049745981428571,0.0,1831.0
0.620275261620724,0.0,0.3535401145,0.51548163225,0.0,1831.0
0.752109137426166,0.1309951746,0.34093864780000005,0.4676726334,0.0,1831.0
0.7741311030863893,0.07777498675,0.32908903725,0.38941384525,0.0,1831.0
0.7926452524306263,0.0,0.35461121399999995,0.43401072125,0.0,1831.0
0.6735506951638367,0.0,0.2996318,0.39473868700000003,0.0,1831.0
0.5959347671355603,0.0,0.306128034,0.4663764826666667,0.0,1831.0
0.6604285893359974,0.00894550975,0.33443097824999996,0.55780865125,0.0,1831.0
0.7731534116627893,0.24422044066666668,0.31114834266666663,0.5256651796666666,0.0,1831.0
0.7760349550801856,0.20681835899999998,0.321013434,0.52363415575,0.0,1831.0
0.8006955002506008,0.0,0.3521381828,0.6071862158,0.0,1831.0
0.6755249626585046,0.0,0.2857594045,0.5280459384999999,0.0,1831.0
0.6636006811187317,0.0,0.24853078399999998,0.3957196643333334,0.0,1831.0
0.8710847028202939,0.061514015,0.23283500125,0.3099283415,0.0,1831.0
0.9090729992070139,0.32830054375,0.20717075424999998,0.22011335525,0.0,1831.0
0.9173624590579927,0.09557371199999999,0.23919695266666666,0.19224020066666667,0.0,1831.0
0.9102555616944491,0.0,0.33000748525,0.2835599705,0.0,1831.0
0.7078817166067098,0.0,0.4507309028,0.4686053446000001,0.0,1831.0
0.6371947921230702,0.0,0.5300570323333333,0.6028862126666666,0.0,1831.0
0.8307359545249856,0.005463926,0.7058447415,0.72896908425,0.0,1831.0
0.9142227995583498,0.120409068,0.79727845025,0.8524121929999999,0.0,1831.0
0.9099681325415039,0.06376243150000001,0.73578161975,0.838674712,0.0,1831.0
0.8916819588999824,0.0,0.6642138287499999,0.66765032875,0.0,1831.0
0.6835711232455898,0.0,0.6426735096666666,0.79997931,0.0,1831.0
0.6997889904924359,0.0,0.8080191572000001,0.8940625500000001,0.0,1831.0
0.8524067341141314,0.019057614,0.8749148576666667,0.7983709226666665,0.0,1831.0
0.8579307699802681,0.011698218000000002,0.9226926266666666,0.8203230346666667,0.0,1831.0
0.8597698768062076,0.0,0.9201089815,0.9271045,0.0,1831.0
0.683693600197615,0.0,0.8135556286666666,0.9140599635000001,0.0,1831.0
0.7292665457423179,0.0005107586666666667,0.6661619833333333,0.8440515891666668,0.0,1831.0
0.874501789397379,0.124835737,0.737746223,0.8961262210000001,0.0,1831.0
0.8862504802250278,0.0905873704,0.861435065,0.9315834467999998,0.0,1831.0
0.8547205816744867,0.0,0.8961526315,0.93583753625,0.0,1831.0
0.6735558959444058,0.0,0.9017266962499999,0.9350445835,0.0,1831.0
0.6402045551167681,0.0,0.8786454400000001,0.9290331285,0.0,1831.0
0.8441795151925331,0.01821488,0.8510217193333333,0.9084814816666666,0.0,1831.0
0.8929210010467253,0.3302799928333333,0.8254922866666666,0.885018003,0.0,1831.0
0.8989737902809812,0.011743487833333335,0.7034336613333333,0.8593700009999998,0.0,1831.0
0.656058760609171,0.0,0.49805550387499997,0.6971352448749999,0.0,1956.25
0.6563179275979916,0.00081583525,0.41783848675,0.6994661632499999,0.0,1998.0
0.7552127999622205,0.04330039200000001,0.3624496192,0.6632499066,0.0,1998.0
0.7674123327161585,0.005252519428571428,0.2577329727142857,0.5579118732857142,0.0,1998.0
0.6380119715363766,0.0,0.30909136575,0.532877387375,0.0,1998.0
0.644035143974748,0.00122809025,0.415420211,0.5950673835,0.0,1998.0
0.7365583323868994,0.0570629095,0.4899477986666667,0.7302524143333332,0.0,1998.0
0.7547742083379466,0.005534537,0.6209840371666667,0.8263662435,0.0,1998.0
0.6598823270473365,0.0,0.5895870997142857,0.8420111558571428,0.0,1998.0
0.7674160737872432,0.0032529728,0.44917387159999994,0.6888463062,0.0,1998.0
0.8881471653435664,0.2743089033333333,0.39731435983333335,0.6541873545,0.0,1998.0
0.9183214059115175,0.026143418333333335,0.3002375206666667,0.5818526273333334,0.0,1998.0
0.8666632799309484,0.0,0.213842103,0.44595665625,0.0,1998.0
0.6680699752920966,0.0,0.1791608415,0.31268885199999996,0.0,1998.0
0.8198786764261351,0.008147856200000001,0.1166702326,0.1609755756,0.0,1998.0
0.9248106969158497,0.20687442479999998,0.12014025340000001,0.1316872842,0.0,1998.0
0.9299753856098253,0.012303244833333333,0.20530154999999997,0.21272648783333334,0.0,1998.0
0.7684783072757138,0.0,0.34118825575,0.41206849624999997,0.0,1998.0
0.6322811808692337,0.0,0.3971640545,0.5582548425,0.0,1998.0
0.7505966921741126,0.0,0.39671851625,0.73584409475,0.0,1998.0
0.8811502311170156,0.027169056666666667,0.3631281453333333,0.7663302614999999,0.0,1998.0
0.8789597772003849,0.011755198,0.28036643066666667,0.5951661193333333,0.0,1998.0
0.8706202995720511,0.0,0.24276437374999998,0.50144543125,0.0,1998.0
0.6734051972743405,0.0,0.3717891988571429,0.5053983141428572,0.0,1998.0
0.6624501297195575,0.0,0.5784025239999999,0.6986152315,0.0,1998.0
0.8373200833938477,0.0024381845,0.72012271,0.8420498885,0.0,1998.0
0.8689935690355672,0.02742544525,0.7521801335,0.9084055815,0.0,1998.0
0.8693825915444423,0.010056942333333334,0.6699595416666666,0.854239298,0.0,1998.0
0.84798537088009,0.0,0.5936187982,0.770062048,0.0,1998.0
0.6535684159789023,0.0,0.7617185163333334,0.9001519055,0.0,1998.0
0.7868272435465647,0.01916899,0.8909950833333333,0.9226990941666666,0.0,1998.0
0.9052995123933442,0.2445419426666667,0.9011779771666667,0.9235989645,0.0,1998.0
0.9028282223853121,0.0,0.9236475334000002,0.930774117,0.0,1998.0
0.7375106310804381,0.0,0.9235520566666667,0.9280512226666667,0.0,1998.0
0.60072979946603,0.0,0.9189574205,0.9190203745,0.0,1998.0
0.6722230638763974,0.007837618666666666,0.8578696793333332,0.932192738,0.0,1998.0
0.7568936936977796,0.20621090349999996,0.771392507,0.8641074828333332,0.0,1998.0
0.7690449597216114,0.006427499857142857,0.7061637120000002,0.8357853129999999,0.0,1998.0
0.623340591298819,0.0,0.701633625375,0.847687664,0.0,1998.0
0.6723199394296278,0.0039265893333333335,0.6760276493333333,0.8613620286666666,0.0,1998.0
0.7584773601695485,0.33630901750000003,0.6128526301666667,0.8571398081666667,0.0,1998.0
0.7871581615914994,0.010261388333333333,0.5423628828333333,0.7758009776666667,0.0,1998.0
0.666037677421211,0.0,0.42130050471428576,0.6844214807142858,0.0,1998.0
0.792000208144852,0.0031227822,0.2625066064,0.522450768,0.0,1998.0
0.9061917449636592,0.1770248884,0.18575522,0.2787059872,0.0,1998.0
0.9107489575148597,0.020329570166666668,0.20172808583333332,0.26766575849999996,0.0,1998.0
0.7242313444151232,0.0,0.27514076933333337,0.30885987033333334,0.0,1998.0
0.6545159782126987,0.0,0.32654798775000005,0.3169255605,0.0,1998.0
0.8685348450743703,0.0024751693333333333,0.41232647066666667,0.4303823943333333,0.0,1998.0
0.9030015339647844,0.1149622418,0.4500314164,0.49477376599999995,0.0,1998.0
0.9127998295586855,0.014578537833333334,0.4961453643333333,0.5863619506666667,0.0,1998.0
0.7658503931635603,0.0,0.44128683874999997,0.6458241655,0.0,1998.0
0.6280294093377106,0.0,0.36268753525,0.62973202975,0.0,1998.0
0.7869339422498717,0.0018167183999999999,0.3812032218,0.5972273344000001,0.0,1998.0
0.9103406910816773,0.13125791700000003,0.565372656,0.7016908114999999,0.0,1998.0
0.9288759625375133,0.005623343,0.777932507,0.840747325,0.0,1998.0
0.8740139536118854,0.0,0.8316891820000001,0.90415114275,0.0,1998.0
0.6834496971945154,0.0,0.854623773,0.92269067425,0.0,1998.0
0.6651259487074039,0.0,0.86269372475,0.9264098537500001,0.0,1998.0
0.8817852509523308,0.0026856443333333336,0.8619566386666667,0.927044698,0.0,1998.0
0.9257239830469081,0.1552690395,0.7940354765000001,0.9034889621666666,0.0,1998.0
0.9479292176144436,0.004544142,0.723124185,0.8782261295,0.0,1998.0
0.8055186576581027,0.0,0.6173435526,0.7864127014,0.0,1998.0
0.6468929120106462,0.0,0.55328731325,0.68662008375,0.0,1998.0
0.8165285157451846,0.0020853627999999997,0.5785072253999999,0.684482254,0.0,1998.0
0.9353810064849113,0.24655341549999998,0.58350505075,0.68892208575,0.0,1998.0
0.9433459713901009,0.0798560506,0.6665628286,0.6683722390000001,0.0,1998.0
0.8822689949525717,0.0,0.74813136275,0.75764764625,0.0,1998.0
0.6498408403351631,0.0,0.7833655843333333,0.8087644543333333,0.0,1998.0
0.6431896259922847,0.0,0.8405085809999999,0.895460774,0.0,1998.0
0.7796921361720223,0.02594610175,0.8764927732500001,0.91197856875,0.0,1998.0
0.795595588062466,0.017142395999999997,0.8986590256,0.8815183042000001,0.0,1998.0
0.8011803220161349,0.0,0.9055700755,0.8708725127499999,0.0,1998.0
0.6611060508960088,0.0,0.770021081,0.881520126,0.0,1998.0
0.6062065826320162,0.0,0.6404742726666667,0.788210722,0.0,1998.0
0.7150395254323287,0.04423839425,0.5256962869999999,0.6307667914999999,0.0,1998.0
0.7779536090251793,0.24925043150000004,0.40408041024999997,0.567626585,0.0,1998.0
0.8001611689867355,0.024656354833333335,0.415289253,0.624497562,0.0,1998.0
0.7261522566045278,0.0,0.40440482099999997,0.62005681525,0.0,1998.0
0.6343965409758454,0.0,0.4070137335,0.61666568675,0.0,1998.0
0.8064700917534646,0.002254579,0.46730448100000005,0.6172862628,0.0,1998.0
0.9067516314751608,0.243931013,0.5491351345,0.6882589344999999,0.0,1998.0
0.898439193648516,0.075812305,0.6940187520000001,0.7835496145,0.0,1998.0
0.883916922150104,0.0,0.8281986939999999,0.8699893205,0.0,1998.0
0.6733137028858664,0.0,0.8680438637142858,0.8809337158571429,0.0,1998.0
0.7377512025249834,0.0,0.89588439925,0.7967740945,0.0,1998.0
0.8900222931049768,0.04783124550000001,0.8478687801666666,0.9155108224999999,0.0,1998.0
0.9096970927740735,0.0236067355,0.67503587375,0.83573912825,0.0,1998.0
0.8867784465830773,0.0,0.5522603463333334,0.7991684103333334,0.0,1998.0
0.6795380542431674,0.0,0.5274468424285714,0.7475326717142857,0.0,1998.0
0.7608783159220014,0.0,0.56248384375,0.7727341107500001,0.0,1998.0
0.906903489609827,0.15716035342857143,0.5987284998571428,0.8218065027142857,0.0,1998.0
0.9239957933525001,0.0058476985,0.6435878349999999,0.846215018,0.0,1998.0
0.7934334858154075,0.0,0.5853735024,0.7966224414,0.0,1998.0
0.6304084418053362,0.0,0.5350963175,0.74724988975,0.0,1998.0
0.7868357132771958,0.001307404,0.528987249,0.7759788970000001,0.0,1998.0
0.9012093354697958,0.16494579666666667,0.5986671806666667,0.8437946558333334,0.0,1998.0
0.9118911375855273,0.0040995334,0.5756948314,0.8489530106000001,0.0,1998.0
0.766557495726379,0.0,0.4126391535,0.71378958475,0.0,1998.0
0.6382935891554437,0.0,0.3134774473333333,0.5364156478333333,0.0,1998.0
0.8573956784627139,0.018394958,0.3944212252,0.5258891724,0.0,1998.0
0.8875846568191788,0.11187647349999999,0.46161407275,0.6082931300000001,0.0,1998.0
0.8895645082036876,0.0034594066666666667,0.44475139700000005,0.6685209275,0.0,1998.0
0.7367645151791681,0.0,0.49427829733333334,0.7317007183333334,0.0,1998.0
0.6007843189662649,0.0,0.5483232611666667,0.7994812713333332,0.0,1998.0
0.6796638754889903,0.0025495369999999997,0.5242054473333333,0.8195309156666667,0.0,1998.0
0.7584462508608475,0.2539499446666667,0.4775996435,0.77661725,0.0,1998.0
0.7882210644078466,0.004888273833333333,0.38551214016666663,0.6750594976666666,0.0,1998.0
0.6497692415003075,0.0,0.287605933,0.46609739771428566,0.0,1998.0
0.6305150734849883,0.0,0.21007622875,0.42450561350000005,0.0,1998.0
0.7529763842238684,0.05060822499999999,0.1618943882,0.38276773599999997,0.0,1998.0
0.7689309048331034,0.045225708,0.1658080385,0.39451959625,0.0,1998.0
0.7957175805071717,0.0,0.18588514024999997,0.40034949025,0.0,1998.0
0.6745203282946438,0.0,0.16559903366666665,0.28820348383333333,0.0,1998.0
0.744274697334045,0.0,0.2038113242,0.2515811174,0.0,1998.0
0.9177429552195905,0.08717052166666667,0.21912394233333332,0.265674556,0.0,1998.0
0.9114912275912042,0.19219575575,0.228613442,0.29368587274999997,0.0,1998.0
0.9218480830357917,0.0023242911666666666,0.2657654541666667,0.3541040545,0.0,1998.0
0.6841262329568156,0.0,0.25490728028571424,0.3325754397142857,0.0,1998.0
0.7950738107774442,0.0008457846,0.30591967999999997,0.3654681572,0.0,1998.0
0.9015890713822029,0.076244355,0.3690108183333333,0.42706337533333333,0.0,1998.0
0.8938999222269778,0.0017666445000000001,0.36802590583333333,0.42639847049999996,0.0,1998.0
0.6744503425252483,0.0,0.3748744157142857,0.41653440900000005,0.0,1998.0
0.7728269773809413,0.0002779338,0.3825521954,0.41703491719999997,0.0,1998.0
0.8933752233412718,0.06649457283333333,0.3389144405,0.3841297513333333,0.0,1998.0
0.8956291330205506,0.0018140175,0.26679357116666663,0.315343964,0.0,1998.0
0.6777698785731853,0.0,0.23764037857142856,0.23512319728571426,0.0,1998.0
0.7888913851449846,0.0003597066,0.15883439039999997,0.1509393924,0.0,1998.0
0.9027911833803376,0.09893481183333334,0.12888002383333333,0.12496561133333334,0.0,1998.0
0.8858163566130746,0.0061882187142857144,0.14969805371428574,0.13708046971428572,0.0,1998.0
0.6628594395571361,0.0,0.30064573159999997,0.279033585,0.0,1998.0
0.6514375944244323,0.0,0.41211467966666665,0.38694289833333334,0.0,1998.0
0.8632222911854448,0.012557446,0.37699903025000003,0.422466598,0.0,1998.0
0.8923518220166352,0.14090073816666668,0.26008801033333334,0.310266544,0.0,1998.0
0.8718963613064991,0.0,0.34916756416666667,0.38325737249999997,0.0,1998.0
0.6607334028717553,0.0,0.57858611725,0.6304118605,0.0,1998.0
0.589969071192509,0.0,0.76471870025,0.756092372,0.0,1998.0
0.6996179058823677,0.0177098916,0.7135625902,0.8094987549999999,0.0,1998.0
0.7497654841772083,0.11560773374999998,0.523295935,0.7183492382500001,0.0,1998.0
0.7714323247686737,0.0030664073333333333,0.3311371383333333,0.46870590166666676,0.0,1998.0
0.7074182405224017,0.0,0.322106815,0.44571680533333335,0.0,1998.0
0.6011140519797186,0.0,0.3787830615,0.4650280903333334,0.0,1998.0
0.6701064852365984,0.0005717163333333334,0.43280342033333336,0.48163128199999994,0.0,1998.0
0.7559153121030461,0.0755171454,0.4687611566,0.539021436,0.0,1998.0
0.7711081354047777,0.0138369826,0.4138775622,0.46085970759999995,0.0,1998.0
0.7327220978425442,0.0,0.4453333722,0.4401556836,0.0,1998.0
0.624042797130138,0.0,0.5126374742500001,0.48585110275,0.0,1998.0
0.7709018303194733,0.00048381680000000003,0.5062307206,0.45672707939999996,0.0,1998.0
0.8940250449928331,0.12651689566666666,0.5527179165,0.4952079946666667,0.0,1998.0
0.8893949798091599,0.004599104166666667,0.5847742309999999,0.569546695,0.0,1998.0
0.7681176289196134,0.0,0.5751399435,0.6261950595,0.0,1998.0
