Demand,Avail_Sol,Avail_Wind_On,Avail_Wind_Off,Hyd_In,HydRoR_In
0.6599634792213459,0.0,0.5659068666,0.7751394142,0.0,0.0
0.8821838056153428,0.0022505654,0.7130672773999999,0.860200782,0.0,0.0
0.9256860911822354,0.107300456,0.8040550994,0.8684786736,0.0,0.0
0.8958124509583227,0.002975879857142857,0.6753840058571429,0.886299285,0.0,0.0
0.6813315792776985,0.0,0.4937318662857143,0.7938937772857143,0.0,0.0
0.9051910393717917,0.013734069800000002,0.38450081180000006,0.6862079722,0.0,0.0
0.9299890730599489,0.342975222,0.3507961444,0.63075298,0.0,0.0
0.9335680761081703,0.00553373,0.42149352999999995,0.6120907138,0.0,0.0
0.7937111478779749,0.0,0.570370773,0.7508210753333334,0.0,0.0
0.674118335786925,0.0,0.8024494783333332,0.8878413856666668,0.0,0.0
0.9144291345278655,0.0016351293333333333,0.8507017920000001,0.9174039581666666,0.0,0.0
0.9378595503372265,0.0730089255,0.42482900375,0.69232158325,0.0,0.0
0.9007089019454868,0.0021657585714285714,0.16697590742857144,0.3400447505714285,0.0,0.0
0.6882317960314926,0.0,0.34334354857142857,0.38830271471428573,0.0,0.0
0.9147392962654486,0.03500608,0.4177834771666667,0.4783586023333333,0.0,0.0
0.9395684193131664,0.13978864966666668,0.2923302658333333,0.32892335283333335,0.0,0.0
0.888534476755529,0.0,0.12030688240000001,0.14609239280000003,0.0,0.0
0.6882328606610001,0.0,0.13046153314285713,0.1609529667142857,0.0,0.0
0.9101503352241019,0.0054342378,0.117705091,0.18568207779999998,0.0,0.0
0.9434382171617165,0.11035421249999999,0.12425488166666666,0.17747089000000002,0.0,0.0
0.9020523374056982,0.0,0.10819000416666665,0.1606485158333333,0.0,0.0
0.6666174528120438,0.0,0.08794627828571429,0.11493869757142859,0.0,0.0
0.7533311388631686,0.0060430796,0.1040505206,0.1641683308,0.0,0.0
0.8147799105136627,0.2279780215,0.14205261824999998,0.33627839625,0.0,0.0
0.8315837587743283,0.07546582075,0.28949119925,0.5448856,0.0,0.0
0.8027385236858754,0.0,0.37009276025000004,0.5692598565,0.0,0.0
0.6813904595939574,0.0,0.17614557857142857,0.22358884471428572,0.0,0.0
0.7597025300629058,0.0250680904,0.0824577418,0.10324289499999999,0.0,0.0
0.8202141415080668,0.48353355350000005,0.1547966775,0.31664950925,0.0,0.0
0.8252117960653675,0.2249463685,0.233892161,0.423489838,0.0,0.0
0.8151166962685822,0.0,0.29259714833333333,0.47464040150000003,0.0,0.0
0.7055376618192863,0.0,0.247020112,0.4342677728571428,0.0,0.0
0.9233842741279885,0.013022003800000001,0.1471863862,0.21647834919999998,0.0,0.0
0.9533837072375314,0.2374257765,0.09366585066666666,0.09798430333333334,0.0,0.0
0.9112440637348768,0.0,0.2589395738333333,0.23542993266666667,0.0,0.0
0.6952074565979526,0.0,0.6316862344285715,0.6019121991428572,0.0,0.0
0.9173701175301398,0.024963765399999997,0.8497218982,0.8762743768,0.0,0.0
0.9402435940781324,0.37256816159999995,0.9122597562000001,0.9292403948000001,0.0,0.0
0.9015241737840516,0.005526820714285715,0.8640991805714286,0.9289338314285717,0.0,0.0
0.6858110610694987,0.0,0.6121705758571429,0.815510563,0.0,0.0
0.9086808343027833,0.0009606781999999999,0.40731777100000005,0.639844978,0.0,0.0
0.9409367000533787,0.021379732,0.25413337249999995,0.49320778083333333,0.0,0.0
0.8764971959381308,0.0,0.27596752814285713,0.4166073282857143,0.0,0.0
0.6756763604681124,0.0,0.16015264183333333,0.23095449466666665,0.0,0.0
0.8984615814117709,0.0,0.127306629,0.222317754,0.0,0.0
0.939400819961105,0.018009781142857142,0.14063622414285715,0.23845625857142855,0.0,0.0
0.8986822851247318,0.0,0.28706966600000006,0.4507726728333334,0.0,0.0
0.6892137353359732,0.0,0.3828921075714286,0.5050095069999999,0.0,0.0
0.9038895945362446,0.0,0.42790234825,0.57293785375,0.0,0.0
0.9457212272795916,0.06556481014285714,0.4354825614285714,0.5841777485714286,0.0,0.0
0.9015612479630851,0.0,0.4847180123333333,0.66812898,0.0,0.0
0.6628304727109573,0.0,0.48415178714285717,0.7104378904285714,0.0,0.0
0.7492263147767162,0.0021480874,0.5258824306,0.7806749706,0.0,0.0
0.8227612388745433,0.030556832000000003,0.5531751760000001,0.7710345247142857,0.0,0.0
0.8086563560673087,0.0,0.5786196724,0.7812977772,0.0,0.0
0.6717333007192803,0.0,0.43095673175,0.6641284745,0.0,0.0
0.7827764229702245,0.0159988672,0.43117428319999995,0.7368486396,0.0,0.0
0.8222599013081918,0.1302405288,0.5355626601999999,0.7465710012000001,0.0,0.0
0.8165766143684737,0.0,0.7323798558333333,0.8605195123333335,0.0,0.0
0.7012191456726689,0.0,0.8283524414285715,0.9151314077142857,0.0,0.0
0.9218710653037704,0.004121948,0.9066877962,0.9357306555999999,0.0,0.0
0.9522788932057411,0.031367437166666665,0.9202111901666666,0.9369065441666667,0.0,0.0
0.902205010391731,0.0,0.9269671771666667,0.9129563826666667,0.0,0.0
0.6898232102158607,0.0,0.8567929378571428,0.9255449461428571,0.0,0.0
0.9086838335185012,0.0113734282,0.6734815324000001,0.8857662,0.0,0.0
0.9430211477930337,0.14061090633333334,0.3806052291666666,0.6828091251666666,0.0,0.0
0.9025665761750852,0.0,0.36492984300000003,0.5384807058333333,0.0,0.0
0.6951804624631174,0.0,0.33539833428571425,0.43128678828571426,0.0,0.0
0.9096014348838038,0.0,0.22063441550000001,0.31841505475,0.0,0.0
0.9525924839639839,0.14331403399999998,0.2259959045,0.338721308,0.0,0.0
0.9478245977418899,0.2200555372,0.2168068448,0.3721478038,0.0,0.0
0.9063016384462065,0.0,0.26775034583333335,0.4271586168333333,0.0,0.0
0.696665637337522,0.0,0.350352678,0.45899886885714286,0.0,0.0
0.9151022244809713,0.0045656839999999995,0.295285293,0.3827697952,0.0,0.0
0.9508798083470611,0.05887140628571429,0.14605268714285713,0.2423888412857143,0.0,0.0
0.8958609868520963,0.0,0.0696289926,0.13303727199999998,0.0,0.0
0.6998594972147262,0.0,0.04662449085714286,0.05605557314285713,0.0,0.0
0.9204709667300307,0.016369582,0.05695981800000001,0.07184204320000001,0.0,0.0
0.9504513591194493,0.2371903285,0.09092752650000001,0.1503107435,0.0,0.0
0.9048239658650564,0.000232331,0.18788354866666668,0.2970962525,0.0,0.0
0.6835527873928972,0.0,0.20925828275000002,0.31374268425,0.0,0.0
0.6952092788711329,0.00017716171428571427,0.22447332742857146,0.3338147215714286,0.0,0.0
0.8156204195149954,0.21724202550000002,0.24991262825,0.34616669499999997,0.0,0.0
0.8260417347324107,0.0773093736,0.22476336460000002,0.2983548066,0.0,0.0
0.7964652581702611,0.0,0.17097705000000002,0.2619760495,0.0,0.0
0.6631252802587401,0.0,0.0708596665,0.10385468233333334,0.0,0.0
0.7194717192469531,0.0003767724,0.038991091,0.045355861399999996,0.0,0.0
0.8178652668648394,0.2830717303333334,0.03043533633333333,0.02336699466666667,0.0,0.0
0.819016722477017,0.27488510875,0.04644687025,0.02842566,0.0,0.0
0.8161268706927017,0.0003518666666666667,0.18174267016666668,0.20834478899999997,0.0,0.0
0.6964943717729257,0.0,0.3963924924285714,0.5260897434285714,0.0,0.0
0.9201721617780692,0.0037408852,0.521743658,0.7329040294,0.0,0.0
0.9533915709952635,0.056122888625,0.42346257174999996,0.671488975625,0.0,0.0
0.8796269601692446,0.0,0.220968874,0.4812213405,0.0,0.0
0.6945309633786926,0.0,0.16340913114285716,0.32610061128571427,0.0,0.0
0.9099107965619843,0.00032939825,0.37144307774999996,0.598158022,0.0,0.0
0.9507162584532062,0.04720702933333334,0.5381165956666667,0.7605408910000001,0.0,0.0
0.9455734593957693,0.03756802933333333,0.6827548806666667,0.8524905725000002,0.0,0.0
0.8699538140920274,0.0,0.8852751947499999,0.93430792675,0.0,0.0
0.6757992144706402,0.0,0.8941655272857144,0.9369692857142856,0.0,0.0
0.886737035287816,0.009339934333333333,0.8106254945,0.9229085243333333,0.0,0.0
0.9022381875260593,0.023710245833333338,0.8961985688333334,0.8661785683333333,0.0,0.0
0.8667489985588454,0.0,0.9002262496,0.9368193426,0.0,0.0
0.675916746451054,0.0,0.854194559,0.9273833509999999,0.0,0.0
0.8852119789501028,0.035686970199999994,0.8144519133999999,0.9310342408000001,0.0,0.0
0.922456992383311,0.3438170295,0.7042919916666666,0.8803361883333333,0.0,0.0
0.8659781035027809,0.0006968174285714286,0.5233089984285714,0.7401188847142858,0.0,0.0
0.6714172602296845,0.0,0.27087330633333334,0.48194165583333337,0.0,0.0
0.897353909908182,0.00074540625,0.19385255525,0.34098944924999997,0.0,0.0
0.935361232498564,0.204249356,0.184919015,0.3379733878571428,0.0,0.0
0.891969703795375,0.0010123948333333333,0.2176379953333333,0.37534964533333337,0.0,0.0
0.6580719944707766,0.0,0.251387123125,0.417171916875,0.0,0.0
0.7476424843931695,0.0009818866666666667,0.192458812,0.2905380423333333,0.0,0.0
0.8068268803598472,0.16712863199999997,0.33184305733333336,0.45587087033333334,0.0,0.0
0.8018030589673201,0.21726167,0.5740773220000001,0.6887390296666666,0.0,0.0
0.8202923982179698,0.023819740999999995,0.7563057033333335,0.8567189966666667,0.0,0.0
0.7895790871756754,0.0,0.9050856285,0.9255974677500001,0.0,0.0
0.670122432104417,0.0005026219090909091,0.9193439180909092,0.9356083286363638,0.0,0.0
0.7937949628038495,0.30342705,0.9166975832857142,0.9205430198571428,0.0,0.0
0.7965386609882673,0.0013449308333333334,0.7411454955,0.9007561391666666,0.0,0.0
0.6700258094060647,0.0,0.6472791727142857,0.7904066554285715,0.0,0.0
0.8763870731012865,0.0013946782,0.9162579308,0.9111608302,0.0,0.0
0.9205444960265404,0.11259562849999999,0.9017942505,0.9347277535000001,0.0,0.0
0.9317614022547103,0.004427628,0.896053244,0.9352935490000001,0.0,0.0
0.8669966021616151,0.0,0.9179565799999999,0.93732933025,0.0,0.0
0.6805680947199589,0.0,0.9084498354285715,0.9365772240000002,0.0,0.0
0.8991131313949372,0.040630322999999996,0.8377974187999999,0.9331264204,0.0,0.0
0.9273892526936908,0.34172637916666665,0.7291260613333334,0.9102931226666667,0.0,0.0
0.9387719534271124,0.006358256,0.5729069965,0.8514072845,0.0,0.0
0.8456455652876318,0.0,0.585490729,0.8420772157999998,0.0,0.0
0.6748664073815623,0.0,0.691240402,0.8669684033333334,0.0,0.0
0.9090326374489136,0.0024495146,0.8238042304000001,0.9170600078,0.0,0.0
0.9307325437494248,0.029295347666666666,0.8457277621666667,0.9271505846666668,0.0,0.0
0.8930804308842489,0.0010533761666666668,0.8003178746666667,0.9155691678333334,0.0,0.0
0.7086759070198181,0.0,0.8188671487142857,0.9151018838571429,0.0,0.0
0.9308168126227012,0.00328565325,0.8102438955,0.91899785225,0.0,0.0
0.9686622355724703,0.31488023771428575,0.7431951328571429,0.881151866,0.0,0.0
0.9288690435804402,0.0041383285,0.667872671,0.7551093058333332,0.0,0.0
0.7112477125840362,0.0,0.4764032818571429,0.7688275811428572,0.0,0.0
0.9310954735355859,0.0009097625,0.48392386975,0.64241304125,0.0,0.0
0.9742776076440826,0.0703746535,0.5154596300000001,0.6444663975,0.0,0.0
0.9749834038100371,0.12539840975000002,0.45192309625000004,0.63933647125,0.0,0.0
0.9864373281255016,0.0333419215,0.442497443,0.6275579625000001,0.0,0.0
0.9347276895937398,0.0,0.3900957322,0.5802394932,0.0,0.0
0.7461679914606194,0.0005387342727272728,0.2687169710909091,0.5209022378181818,0.0,0.0
0.8594624342948631,0.09673719714285714,0.36177339557142857,0.6058351415714285,0.0,0.0
0.825006617951656,0.0018060055,0.528796279125,0.70601687825,0.0,0.0
0.7282259314324133,0.0017642695555555557,0.7163082111111111,0.8273115872222222,0.0,0.0
0.8554834162013334,0.24751740140000003,0.6634352461999999,0.8381334199999999,0.0,0.0
0.8664887565345,0.11651906533333334,0.527220326,0.762556461,0.0,0.0
0.8468714539550142,0.0,0.4537497204,0.6977011986,0.0,0.0
0.7618476900124255,0.0,0.26330115099999996,0.366852110625,0.0,0.0
0.9861529750853912,0.0597718075,0.15528253475,0.1797109615,0.0,0.0
0.9895436316644104,0.34162091425,0.0830847305,0.06673611324999999,0.0,0.0
0.992277564344605,0.17175596,0.04555383866666666,0.04586144466666667,0.0,0.0
0.9399446976228605,0.0,0.0563447594,0.027642912199999998,0.0,0.0
0.7589086687312806,0.0,0.049931672499999996,0.018354065250000003,0.0,0.0
0.8184104303492667,0.0,0.049993851,0.035861250600000005,0.0,0.0
0.9952214489996948,0.06998827666666667,0.051358855,0.041468628333333334,0.0,0.0
0.9894959689708958,0.245034408,0.060178641166666665,0.09079000433333333,0.0,0.0
0.9292629962667124,0.006617372000000001,0.09010473671428572,0.10120752557142856,0.0,0.0
0.7434372646562529,0.0,0.1677552895,0.25956142466666665,0.0,0.0
0.9609180906582966,0.0124364105,0.22515501400000001,0.31228451475,0.0,0.0
0.9899534391469568,0.4148162985,0.235043879,0.407921981,0.0,0.0
0.9856905716754222,0.5304467918,0.2909108604,0.42426517399999997,0.0,0.0
0.9458285899782083,0.01575912516666667,0.3149661035,0.4432993943333334,0.0,0.0
0.7467520278017148,0.0,0.32524758257142855,0.4454783531428571,0.0,0.0
0.9570811193993919,0.01253429075,0.395985453,0.50579389325,0.0,0.0
0.981232067342418,0.468297517,0.41507810185714283,0.5944923535714285,0.0,0.0
0.9843261114932235,0.03413858875,0.4897920765,0.6408600197500001,0.0,0.0
0.7745730171087613,0.0,0.5846521677777778,0.7339759348888889,0.0,0.0
0.9651259529125167,0.0525979434,0.6238620438,0.766541715,0.0,0.0
0.9878250680169235,0.25828411957142855,0.5239046662857143,0.7702382532857143,0.0,0.0
0.9148424244302991,0.0,0.48881978149999994,0.7245339055,0.0,0.0
0.7095340556720399,0.0,0.3229188635,0.52950199575,0.0,0.0
0.7578600593741852,0.009092762166666666,0.36449885549999994,0.539503524,0.0,0.0
0.8546781660718014,0.19875005233333334,0.35579139433333334,0.5935580476666668,0.0,0.0
0.8562129728903939,0.17662374025,0.33141265425,0.53164169875,0.0,0.0
0.849306174731837,0.010025734,0.479749706,0.6437632878333334,0.0,0.0
0.7103498646880378,0.0,0.6055328125,0.72199731425,0.0,0.0
0.7270246890288471,0.002105896857142857,0.8105601944285715,0.8710154052857143,0.0,0.0
0.8524681985054291,0.05757735271428571,0.892447975857143,0.9346497448571428,0.0,0.0
0.8268294990306272,0.006903737285714286,0.9119758457142858,0.8809668914285715,0.0,0.0
0.7221453175979045,0.0,0.9076053877142858,0.9040640751428572,0.0,0.0
0.9587583046480613,0.013043324666666667,0.8983738353333334,0.9311412840000001,0.0,0.0
0.9739288585671004,0.157996039,0.8822369709999999,0.936227576,0.0,0.0
0.9699505222990824,0.326414919,0.8359609469999999,0.9350159662499999,0.0,0.0
0.9812248371433268,0.0706351415,0.751014645,0.925173726,0.0,0.0
0.911105289523481,0.0,0.63922417875,0.88348429325,0.0,0.0
0.7231556618088104,0.0,0.5138382038571429,0.7587152548571429,0.0,0.0
0.9534087341460399,0.0779601138,0.3863457028,0.5753352994,0.0,0.0
0.9765382358714578,0.47125628525,0.306110946,0.49863871000000004,0.0,0.0
0.976696021731304,0.3019016226666667,0.27094397633333334,0.4211222686666667,0.0,0.0
0.9076156043067819,0.00021552616666666667,0.3690593805,0.4919631020000001,0.0,0.0
0.7529434275349132,0.0,0.32425030214285716,0.4149799535714286,0.0,0.0
0.979360003467684,0.164032849,0.3903379815,0.49364301650000003,0.0,0.0
0.9711386465573411,0.6952796649999999,0.4549404638,0.5842445822000001,0.0,0.0
0.9777574630800062,0.368062668,0.608846921,0.690534513,0.0,0.0
0.9272131438805907,0.0004013708,0.8076378114,0.8387829468,0.0,0.0
0.721475708403801,0.0,0.8722169180000001,0.8995842858571429,0.0,0.0
0.9463721730907679,0.00463297625,0.903791987,0.92343955725,0.0,0.0
0.9835758105246467,0.07288187542857143,0.8857246377142857,0.9331519591428571,0.0,0.0
0.9404151766186443,0.004411931,0.7267229045,0.9013375006666667,0.0,0.0
0.7393511349753124,0.0,0.5085660962499999,0.7095813535000001,0.0,0.0
0.9665770106251748,0.09613457325,0.5529450214999999,0.6815340007499999,0.0,0.0
0.9660445510782576,0.3586910554,0.6539941296,0.7015877694,0.0,0.0
0.9687971084303462,0.192532211,0.5306922955,0.6851489555,0.0,0.0
0.8964873026693776,0.0005078481666666667,0.34350033716666667,0.5422261258333333,0.0,0.0
0.6740716865214519,0.0,0.15402814442857143,0.22259098685714288,0.0,0.0
0.8028110464509253,0.05466270225,0.038687069000000004,0.051586272,0.0,0.0
0.839884530628891,0.2785764618,0.0392580742,0.0574610908,0.0,0.0
0.8593613765484834,0.10681828833333333,0.05481117700000001,0.07501296833333333,0.0,0.0
0.8133161245136451,0.0,0.11266195859999999,0.159090505,0.0,0.0
0.715819066557631,0.0045818207,0.261465411,0.39412387320000003,0.0,0.0
0.8449210102766385,0.19450389166666668,0.41381621983333333,0.6244848750000002,0.0,0.0
0.8581688571535536,0.125306249,0.354119134,0.6027490535,0.0,0.0
0.8371844594180894,0.001191735,0.3732473818,0.5769630536,0.0,0.0
0.7171152542804021,0.0,0.21522049671428575,0.3080094354285715,0.0,0.0
0.9539803205144304,0.0429459908,0.10548321860000001,0.1268274902,0.0,0.0
0.9725274919828181,0.20158172516666664,0.09501752899999999,0.12864411733333334,0.0,0.0
0.9346523436632007,0.0072509766666666664,0.13020147683333333,0.292277538,0.0,0.0
0.7213199547652651,0.0,0.21860502042857147,0.43319043885714287,0.0,0.0
0.9506532324713014,0.076932418,0.3106461674,0.46731691160000005,0.0,0.0
0.9740820649136814,0.38327861175000005,0.27401538975,0.34540867575,0.0,0.0
0.9765433792661936,0.325764401,0.16597304666666665,0.180643396,0.0,0.0
0.9090411108100432,0.0014998085,0.12961310533333334,0.15005473800000002,0.0,0.0
0.7271473198435919,0.0,0.033544270499999994,0.051766648,0.0,0.0
0.9563796208121604,0.02020729525,0.04662424775,0.084498458,0.0,0.0
0.9769045183264263,0.3083842161666667,0.08839385766666667,0.11089530483333332,0.0,0.0
0.9807705520187352,0.08080435633333333,0.14015643600000002,0.118561285,0.0,0.0
0.8911401278169728,0.0,0.13669039460000001,0.0930557556,0.0,0.0
0.786547014458656,0.00023112822222222222,0.1369798677777778,0.17879326744444443,0.0,0.0
0.9865033928913198,0.1602493455,0.18948682249999999,0.1796838475,0.0,0.0
0.9826537481860992,0.36689960639999997,0.1395833108,0.1032930688,0.0,0.0
0.9868396605709255,0.259441098,0.113119799,0.093691365,0.0,0.0
0.9595428909587875,0.00212404075,0.162815708,0.13800934025,0.0,0.0
0.7758114390211018,0.0,0.07152726322222222,0.09431362522222222,0.0,0.0
0.9826825149777972,0.035162768000000004,0.06976695866666666,0.051590815000000005,0.0,0.0
0.9883637689020385,0.25048518249999996,0.066304676,0.06178275,0.0,0.0
0.9821849760728922,0.3981604226,0.0631053818,0.0525032706,0.0,0.0
0.9938445882138565,0.1138103015,0.074120046,0.066751402,0.0,0.0
0.8983243586492098,0.0,0.1626033262,0.20471821219999997,0.0,0.0
0.725370788505794,0.0003396428888888889,0.27662203566666665,0.4563106482222223,0.0,0.0
0.849568864271548,0.10379118450000001,0.398220861,0.5878233075,0.0,0.0
0.8593469291776104,0.43309495366666667,0.2917785236666667,0.37531643649999996,0.0,0.0
0.8796111640312523,0.11011813899999999,0.231656517,0.2912998325,0.0,0.0
0.8408461828932982,0.0,0.21027505600000002,0.281622131,0.0,0.0
0.7339757485654985,0.00042025550000000003,0.12201328600000001,0.2231800909,0.0,0.0
0.8525442497389493,0.148951771,0.27005648849999997,0.5048317775,0.0,0.0
0.8616538484778498,0.40912850466666667,0.4098357688333334,0.573961897,0.0,0.0
0.88231684958552,0.08994383600000001,0.464689725,0.7251068034999999,0.0,0.0
0.7817696027274454,0.0,0.4968910710909091,0.7836061324545454,0.0,0.0
0.948033493616077,0.0032362296666666665,0.48441179900000003,0.759286615,0.0,0.0
0.995331206497136,0.36621797899999997,0.5315115625,0.742074333,0.0,0.0
0.9889431550952518,0.509506866,0.47555144899999996,0.6612441509999999,0.0,0.0
0.9942329761404203,0.312313456,0.47153811,0.7077438355,0.0,0.0
0.9628034981234566,0.0059844675,0.495656236,0.802985415,0.0,0.0
0.7652480562951827,0.0,0.49402407149999994,0.8346223345000001,0.0,0.0
0.9478985903469903,0.0036116223333333333,0.6344137019999999,0.9091907603333333,0.0,0.0
0.9941468251642497,0.360218138,0.7473486236666668,0.921457846,0.0,0.0
0.9914076606356236,0.45852710280000003,0.7944520232000001,0.9138275653999999,0.0,0.0
0.9997787171698809,0.07777525049999999,0.859177291,0.9232446285,0.0,0.0
0.9047396223864574,0.0,0.8703374610000001,0.9186796506,0.0,0.0
0.7505985914389456,0.0,0.8182285896666667,0.8827687808333334,0.0,0.0
0.9643538038850382,0.06288181575,0.7776532995000001,0.89750926975,0.0,0.0
0.9927118943600787,0.485424088,0.8164060206,0.9244068825999999,0.0,0.0
0.9947397168705124,0.30389063899999996,0.829961364,0.9201508449999999,0.0,0.0
0.9201641699588085,0.0038649148333333334,0.8304167701666666,0.9271986449999999,0.0,0.0
0.7323722008337907,0.0,0.7926420551666666,0.9068751883333332,0.0,0.0
0.937326452301039,0.003977834666666667,0.7860490480000001,0.9112821476666667,0.0,0.0
0.9859322942383485,0.2649571176666667,0.8139394966666668,0.9020743786666667,0.0,0.0
0.9846481527442004,0.35152264033333336,0.7569576326666668,0.8547074733333333,0.0,0.0
0.9872337177092501,0.14409791466666666,0.7509053673333334,0.8709883753333334,0.0,0.0
0.9115440147623328,0.0021905215,0.7513658646666667,0.9098358705000001,0.0,0.0
0.7325197303259939,0.0,0.6626490343333334,0.8036958550000001,0.0,0.0
0.9374454451520894,0.004337646333333333,0.67465553,0.8137586726666667,0.0,0.0
0.9872505425410535,0.120068228,0.7345885535,0.8387898895,0.0,0.0
0.9846144573735306,0.18581881916666665,0.7123126701666666,0.8298922910000001,0.0,0.0
0.9916090828922086,0.0413750075,0.5905127955,0.848054663,0.0,0.0
0.8946891022315491,0.0,0.6108166034,0.8295687102,0.0,0.0
0.720102184362144,0.0015144382222222223,0.42316421611111116,0.6219528146666669,0.0,0.0
0.8387873609733172,0.16916692,0.386891616,0.6125508235,0.0,0.0
0.8494004028273006,0.24660943433333335,0.5159108971666667,0.5773752745,0.0,0.0
0.8447243550809175,0.020214695833333334,0.44199431933333333,0.5741011805,0.0,0.0
0.72355924302428,0.0036305160000000003,0.4183711821,0.5410721386999999,0.0,0.0
0.8391047006521135,0.33515528,0.551911347,0.684177699,0.0,0.0
0.8478151749001379,0.53303369575,0.61523587275,0.71031246925,0.0,0.0
0.8575475887932452,0.4242197026666667,0.6188890816666667,0.733913003,0.0,0.0
0.8395904805195151,0.0153216648,0.6455143353999999,0.8196972618,0.0,0.0
0.7259009601721973,0.0,0.7107760071428572,0.8607924444285714,0.0,0.0
0.9547979697190788,0.010788209,0.8006703948,0.8991326216000001,0.0,0.0
0.9838019135016496,0.094317321,0.63744637125,0.8133004952499999,0.0,0.0
0.9816359324874021,0.07917826366666667,0.6271230170000001,0.8100962546666667,0.0,0.0
0.9474386283432474,0.0029660945,0.49348366200000005,0.771637555,0.0,0.0
0.7580476659092109,0.0,0.28127084049999995,0.5104489697500001,0.0,0.0
0.802625793914579,0.005493610857142857,0.10147143299999999,0.17300691471428573,0.0,0.0
0.972190812890099,0.16973458,0.11695833,0.18765576266666664,0.0,0.0
0.9609215425077146,0.39829366874999994,0.18174307525,0.26992629775,0.0,0.0
0.9754814655120806,0.18656861033333336,0.366217558,0.4678451636666667,0.0,0.0
0.8886768109872476,0.0003122896,0.5000085254,0.614113258,0.0,0.0
0.7148864599871901,0.0,0.40551762383333334,0.591868544,0.0,0.0
0.9304195931130245,0.005126709,0.392162967,0.5984379986666667,0.0,0.0
0.9787872055276836,0.09932205949999999,0.30537404349999997,0.553787057,0.0,0.0
0.9756325992229647,0.20263190533333333,0.19238007383333336,0.3149688948333333,0.0,0.0
0.9876024919051929,0.038201181,0.165569623,0.232682202,0.0,0.0
0.8914931562691282,0.0,0.15769115559999997,0.2332914894,0.0,0.0
0.7172323476428871,0.0,0.1252752808333333,0.19676000416666664,0.0,0.0
0.932335122263482,0.003642456666666667,0.109626146,0.164338718,0.0,0.0
0.9819551162046469,0.0571289105,0.108205549,0.1519761685,0.0,0.0
0.9800508494107528,0.13337613575,0.12857077875,0.15199282375,0.0,0.0
0.9820164033189402,0.108680845,0.1417708785,0.17044865925,0.0,0.0
0.9375917783579171,0.0,0.25484366833333333,0.26285950733333335,0.0,0.0
0.7358116478321054,0.0,0.20967349066666666,0.2907865518333333,0.0,0.0
0.8392872955674762,0.006455834000000001,0.195113364,0.33183216200000004,0.0,0.0
0.9791828628839072,0.1197645105,0.1773913225,0.365033858,0.0,0.0
0.9778251555375084,0.1980787804,0.1645867712,0.3393132876,0.0,0.0
0.9835144744172657,0.130390172,0.1005480655,0.20298112000000001,0.0,0.0
0.9103051204610967,0.008351781333333334,0.07261640083333333,0.08806560016666666,0.0,0.0
0.6988675637804617,0.0,0.099247547,0.10257248116666667,0.0,0.0
0.77211500217447,0.022149349999999998,0.26976389925,0.2844455245,0.0,0.0
0.8424835920597165,0.1640184675,0.46518227483333324,0.4953795431666667,0.0,0.0
0.8590660127760037,0.079136968,0.601456123,0.629895464,0.0,0.0
0.8234064359493319,0.003246485333333333,0.7105812421666666,0.7869421963333334,0.0,0.0
0.6936900407080906,0.0005207397777777777,0.5204976817777778,0.7066095191111111,0.0,0.0
0.8290973215037022,0.032821836666666666,0.4908705313333333,0.7254295976666668,0.0,0.0
0.8371442444315988,0.08657709666666667,0.40939937300000007,0.7019118509999999,0.0,0.0
0.7975487047712316,0.0015504381428571427,0.6505805425714286,0.8407394748571428,0.0,0.0
0.7164618734188117,0.0,0.37016895600000005,0.5751489053333333,0.0,0.0
0.9522023357580937,0.04523537325,0.14429500825,0.24685083149999998,0.0,0.0
0.9523643366125116,0.12476248571428572,0.063878277,0.042517108428571426,0.0,0.0
0.9638261540068863,0.008592262,0.07330512,0.0668583735,0.0,0.0
0.8245229115052704,0.0,0.1044376006,0.1308599678,0.0,0.0
0.6832302814410601,0.0,0.19747941350000003,0.36494627150000003,0.0,0.0
0.867147808297756,0.0019580145,0.25434299650000003,0.43298323325,0.0,0.0
0.9713122346990015,0.0354838125,0.32022752649999997,0.4815469765,0.0,0.0
0.9716847057062611,0.10396713285714287,0.31283435857142855,0.5399125541428572,0.0,0.0
0.9214312610933382,0.005655933199999999,0.30855926899999997,0.480325749,0.0,0.0
0.7180266482953002,0.0,0.21849280871428572,0.31206818228571426,0.0,0.0
0.9254171989934178,0.053874283,0.16927377633333332,0.205284426,0.0,0.0
0.9736193826088759,0.4047563025,0.1038838775,0.14171267799999998,0.0,0.0
0.9682815894915944,0.41161926983333336,0.08194711366666667,0.0612498635,0.0,0.0
0.9805115200102255,0.11089296900000001,0.14316586050000002,0.1474469515,0.0,0.0
0.9106594320628656,0.00025340325,0.3218500995,0.4111484255,0.0,0.0
0.714959618984647,0.0,0.41811778383333337,0.5683711793333334,0.0,0.0
0.8816996122289478,0.01420743875,0.71733753175,0.84255424375,0.0,0.0
0.9809223562732903,0.189430121,0.8082018755,0.8908475335,0.0,0.0
0.9793363206688813,0.2405132025,0.8694016175,0.88359898825,0.0,0.0
0.9826074128975355,0.20756582833333334,0.911285561,0.9184940243333334,0.0,0.0
0.9099472122089435,0.013041410333333335,0.9247493193333334,0.9343865791666666,0.0,0.0
0.7713713673235565,0.000215186875,0.925934006875,0.935642287,0.0,0.0
0.9837388204381269,0.1557876295,0.9249392475,0.936709392,0.0,0.0
0.9847914379206534,0.2802007611666667,0.926488898,0.9334042116666666,0.0,0.0
0.9879945374372783,0.1449190855,0.9167572775,0.932730425,0.0,0.0
0.9111073773948655,0.0131658275,0.9016813720000001,0.9348605775,0.0,0.0
0.7041882545251504,0.0,0.901948299,0.9353842128571429,0.0,0.0
0.7956357295042431,0.16931644999999998,0.9185969523333334,0.9350660526666666,0.0,0.0
0.8476929893054534,0.5398141418333333,0.9281204401666665,0.9312953436666667,0.0,0.0
0.8622910729632574,0.2378949735,0.9131331525,0.9280785885,0.0,0.0
0.8401862250698912,0.0209225188,0.8779291798,0.9203404318,0.0,0.0
0.7152450667109792,0.00041754455555555555,0.772606525,0.8319343463333332,0.0,0.0
0.8256735030260421,0.34334634,0.6512397833333333,0.6514871023333334,0.0,0.0
0.8442327566424694,0.6952935332,0.5500771446000001,0.4967758022,0.0,0.0
0.8588776023169132,0.53750271,0.4238487595,0.397079048,0.0,0.0
0.840141931938217,0.0504375406,0.30132563700000004,0.3252886762,0.0,0.0
0.7357569094605162,0.0,0.11408974699999999,0.13918487514285713,0.0,0.0
0.9374952795256574,0.08320953966666667,0.18247758266666667,0.2824769133333333,0.0,0.0
0.984269899275005,0.5249833945,0.199225607,0.3409504615,0.0,0.0
0.9691974840040485,0.7226650204,0.328107655,0.4650789946000001,0.0,0.0
0.9732259045505495,0.268978414,0.503832594,0.704608152,0.0,0.0
0.9089254250074443,0.00119701325,0.634615575,0.75481407575,0.0,0.0
0.7204773644504409,0.0,0.7001609913333334,0.809506011,0.0,0.0
0.8862585415969437,0.066498341,0.67974449225,0.8600270235,0.0,0.0
0.9732905672615021,0.5606873565,0.5078749170000001,0.7642249834999999,0.0,0.0
0.962598592089398,0.8223198550000002,0.30736559059999996,0.4727695686000001,0.0,0.0
0.9682341630007854,0.53846494,0.22706026,0.41290829100000004,0.0,0.0
0.9836697838213719,0.126185382,0.22147628800000002,0.3725456535,0.0,0.0
0.8711037534064552,0.0,0.15818986775,0.25643172075,0.0,0.0
0.7239464514113381,0.0,0.21175390160000002,0.29339821920000003,0.0,0.0
0.8888889955923782,0.0234242325,0.37138114975,0.5443615015000001,0.0,0.0
0.968935669230634,0.37537582700000005,0.4719263296666667,0.6474384303333333,0.0,0.0
0.9565296953826317,0.4486888295,0.6015464312500001,0.7482180885,0.0,0.0
0.962329614541092,0.15734812450000002,0.5963536365,0.8290479165,0.0,0.0
0.9181353538288505,0.0078467574,0.6580817098,0.8555246958,0.0,0.0
0.7146478657742018,0.0,0.6374409752857143,0.7289289685714285,0.0,0.0
0.9158678387040107,0.009093969333333334,0.39760192766666663,0.42799746099999997,0.0,0.0
0.9707060842780104,0.09356249950000001,0.25232794950000004,0.324104199,0.0,0.0
0.9682489533232712,0.2419487355,0.13466394075,0.15036414575,0.0,0.0
0.9690950172810937,0.22534478666666669,0.08441663133333333,0.09924681766666667,0.0,0.0
0.9220256707001946,0.0177782732,0.05633249060000001,0.0732086242,0.0,0.0
0.71806509847812,0.0,0.035834545571428573,0.05651909871428572,0.0,0.0
0.9238246941178456,0.020296849000000002,0.08000131666666667,0.18055091933333334,0.0,0.0
0.9749725454840912,0.13516434300000002,0.104584714,0.2868849725,0.0,0.0
0.9701000985510868,0.18035443579999996,0.18614948879999998,0.4093942212,0.0,0.0
0.9728516134254022,0.10463005650000001,0.325698074,0.541625347,0.0,0.0
0.8997933779444295,0.011753426666666665,0.4250652675,0.6788696783333333,0.0,0.0
0.668267375031032,0.0,0.3655712741428572,0.6722856312857143,0.0,0.0
0.7866472953212199,0.06172175875,0.232670865,0.51871078975,0.0,0.0
0.8253369945779794,0.16435689260000003,0.1464067284,0.36228988199999995,0.0,0.0
0.8446164492273819,0.0652606395,0.12159506625000001,0.30969350625000003,0.0,0.0
0.7894531296954252,0.0,0.14980100375,0.31332362475,0.0,0.0
0.7001858451227254,0.009325845222222223,0.10516707077777777,0.19564087244444445,0.0,0.0
0.82398591658399,0.14216963500000002,0.0687749515,0.1146905535,0.0,0.0
0.8188746945123484,0.2581775566,0.061806694399999994,0.092149837,0.0,0.0
0.8381679747159028,0.11164980075,0.10285641225,0.132889805,0.0,0.0
0.722482239785664,0.0,0.1856385982222222,0.31107058433333334,0.0,0.0
0.9323585916387903,0.027168369249999998,0.187930841,0.298469067,0.0,0.0
0.9674484261107466,0.23228735650000001,0.17069009200000002,0.236178608,0.0,0.0
0.9537449194786118,0.443868483,0.1616326248,0.15269229239999998,0.0,0.0
0.9591362838253321,0.39292518,0.165710879,0.167284861,0.0,0.0
0.8774451891112799,0.0415580482,0.15940579459999998,0.1802049496,0.0,0.0
0.7017281778714178,0.0,0.10751836716666667,0.16394189450000002,0.0,0.0
0.9371440615612321,0.01523022175,0.0972733325,0.19279520825,0.0,0.0
0.9741883629067009,0.14442362100000003,0.10984071499999999,0.23581849566666668,0.0,0.0
0.9675541526044515,0.27282700375,0.18005643524999998,0.3210396775,0.0,0.0
0.9790475328916988,0.2008859385,0.27714793849999997,0.4572746995,0.0,0.0
0.8875109613637866,0.0164491258,0.4422644362,0.6972222416,0.0,0.0
0.7166726559368711,0.0,0.6813159261666666,0.8518957926666667,0.0,0.0
0.945951667108355,0.03618478925,0.8125882185,0.9012955652500001,0.0,0.0
0.9825038427986492,0.2044775435,0.891289149,0.9164539734999999,0.0,0.0
0.9801772336141245,0.2637456506666667,0.8924910778333334,0.9200140465,0.0,0.0
0.9858207078885997,0.1036714235,0.8742494995000001,0.9244445134999999,0.0,0.0
0.8696577797015564,0.00203468425,0.89331636125,0.92568246525,0.0,0.0
0.7133080443323506,0.0,0.8415504194999999,0.9242638656666666,0.0,0.0
0.9418516253556144,0.02148704225,0.74411982975,0.90234477775,0.0,0.0
0.9811825465161166,0.1461076155,0.7695092295,0.8847016715,0.0,0.0
0.9802846594072451,0.25816543983333334,0.6604508728333333,0.7683673464999999,0.0,0.0
0.9845566526048037,0.093266845,0.36399391999999997,0.5992153455,0.0,0.0
0.816044362086365,0.0029044825,0.2723012013333333,0.5304169505,0.0,0.0
0.7575532976623859,0.0,0.1619094786,0.30691221659999995,0.0,0.0
0.9721491470747233,0.13323578566666666,0.134064046,0.26303409433333336,0.0,0.0
0.9781537148510092,0.5591564375,0.129893203,0.2412849085,0.0,0.0
0.9682920592579584,0.6204770433333332,0.17931411366666664,0.1991627768333333,0.0,0.0
0.9753639508943339,0.3431902145,0.29147444899999997,0.356958408,0.0,0.0
0.8652305227945676,0.012226880249999999,0.40088211825,0.4754191,0.0,0.0
0.6998926104343717,0.0,0.498286391875,0.553494073125,0.0,0.0
0.8087165322026908,0.0710147355,0.6031663174999999,0.655768729,0.0,0.0
0.8410961242872315,0.2620898973333334,0.5594609006666666,0.6273820606666667,0.0,0.0
0.8438372273106145,0.370199161,0.456083224,0.5414954828,0.0,0.0
0.8605963846841098,0.10239503,0.35847222450000005,0.5442868944999999,0.0,0.0
0.7945344968128287,0.00443714425,0.26843597975,0.48356712324999995,0.0,0.0
0.6240162401025116,0.0,0.24825764824999996,0.42104562375000004,0.0,0.0
0.7042302969752188,0.055166782500000004,0.344892886,0.5697419655,0.0,0.0
0.7722936514629263,0.20988054750000001,0.3515311895,0.560613359,0.0,0.0
0.7766281585944627,0.44057275916666666,0.4296866590000001,0.6354250673333334,0.0,0.0
0.7877463257744985,0.30097175600000003,0.39933829249999997,0.6084765495,0.0,0.0
0.7182901238053842,0.011332188833333333,0.35032735866666664,0.4658774095,0.0,0.0
0.6991360139956059,0.0,0.27958766166666665,0.46513871883333335,0.0,0.0
0.8954833613013292,0.30104257266666673,0.17308037433333334,0.3129975133333333,0.0,0.0
0.8974208793606392,0.6588063502857143,0.0916113502857143,0.1526219142857143,0.0,0.0
0.8962472900014826,0.171092212,0.043709213499999996,0.054934765499999996,0.0,0.0
0.8319026148623551,0.008202319666666666,0.08725350866666666,0.10560643466666668,0.0,0.0
0.6727337574737506,0.0,0.337936964,0.3958735322,0.0,0.0
0.7063255916450206,0.0,0.6424193092500001,0.7560115924999999,0.0,0.0
0.8972653053545763,0.03864717225,0.537559061,0.76201078575,0.0,0.0
0.9004978132959236,0.103055809,0.36317282900000003,0.6696523409999999,0.0,0.0
0.8949698388322227,0.11340515,0.3996166965,0.6890572765,0.0,0.0
0.8221410303327332,0.015369715400000001,0.46531383179999997,0.7961731221999999,0.0,0.0
0.6396170648968128,0.0,0.47762234183333335,0.8109595879999999,0.0,0.0
0.7990935405228026,0.03971859375,0.52623761075,0.85625065675,0.0,0.0
0.8804129028525473,0.4568299645,0.4082593025,0.641138873,0.0,0.0
0.8690978061229321,0.32911129925,0.18882254625,0.32718111925000004,0.0,0.0
0.8759053165999586,0.1792381155,0.1629952765,0.2540119155,0.0,0.0
0.8043946360214228,0.009789698999999999,0.347577242,0.43218263325,0.0,0.0
0.6484332417958412,0.0,0.40588906642857153,0.6565447911428571,0.0,0.0
0.840512589869626,0.06961243866666667,0.33802471733333334,0.6113229003333334,0.0,0.0
0.8881118539712665,0.28520449200000003,0.3423528165,0.5233196365,0.0,0.0
0.8873739854565257,0.25200499125,0.48317997349999997,0.6799618425,0.0,0.0
0.8908315754585203,0.18542501625000002,0.842885044,0.9053091767500001,0.0,0.0
0.8067950633141162,0.029024382,0.8682232452499999,0.935777874,0.0,0.0
0.6470467885672658,0.0,0.8142861910000001,0.929601426,0.0,0.0
0.7583646055954663,0.03778617725,0.76019234325,0.9131134147500001,0.0,0.0
0.8929427234558835,0.3941327425,0.6267987135,0.8218871050000001,0.0,0.0
0.8906753744694049,0.79073319675,0.44260801925,0.6670670115,0.0,0.0
0.8801817445965231,0.7004707596666666,0.18299133066666665,0.339558753,0.0,0.0
0.8828375043878706,0.29497402699999997,0.0834402525,0.141341263,0.0,0.0
0.8269228670688685,0.018232108666666667,0.19592308299999997,0.18973616299999999,0.0,0.0
0.6998717108426802,0.0,0.522198215,0.48243645949999997,0.0,0.0
0.606282908648068,0.0,0.765280128,0.834527066,0.0,0.0
0.6456730061731741,0.045650078,0.8348910865,0.9219070465,0.0,0.0
0.729815964939066,0.312417876,0.8016837215,0.926893534,0.0,0.0
0.7433552970778552,0.5875186535,0.6841311845,0.894525137,0.0,0.0
0.7356649069663459,0.6397901119999999,0.39279420825,0.7437880597500001,0.0,0.0
0.7427751916313627,0.3323117393333333,0.243144137,0.545036136,0.0,0.0
0.6821515863892188,0.011227206,0.2897033702857143,0.47606882128571426,0.0,0.0
0.6054640675914964,0.00042137679999999995,0.23125058420000003,0.34381028,0.0,0.0
0.6788535217343725,0.221935746,0.198641294,0.37092419649999997,0.0,0.0
0.7266014431654778,0.531157215,0.12993897399999998,0.33093090199999997,0.0,0.0
0.7075589349163627,0.7302027938333332,0.09020175966666667,0.24735275583333335,0.0,0.0
0.7124559148986345,0.35488446949999997,0.09453916300000001,0.18964834949999998,0.0,0.0
0.7210338480656547,0.032224440666666666,0.14699966533333333,0.258004055,0.0,0.0
0.6510658894993728,0.0,0.164430497,0.24500603475,0.0,0.0
0.8337707479438318,0.144813606,0.141225968,0.13284137666666665,0.0,0.0
0.8707210803120078,0.44685215,0.0980121435,0.12562679599999999,0.0,0.0
0.8507989194709209,0.6411484238333333,0.11668497550000001,0.24327350133333336,0.0,0.0
0.8618727386608978,0.304912748,0.1625255705,0.3819991655,0.0,0.0
0.7567722682876847,0.011902140666666667,0.3425900278333333,0.5287833015,0.0,0.0
0.6711385688082644,0.00038454783333333333,0.6293413015,0.8097558708333334,0.0,0.0
0.8669793887330695,0.07857481350000001,0.7640728035,0.904775495,0.0,0.0
0.8924800411139178,0.23323028,0.7681777974999999,0.8914255474999999,0.0,0.0
0.8856694126199699,0.40356188700000006,0.7701736849999999,0.8817084472,0.0,0.0
0.8817499571466928,0.27015247933333336,0.7821493583333332,0.8962961206666665,0.0,0.0
0.7795570137218155,0.0149710608,0.8342672071999999,0.927107007,0.0,0.0
0.6530015219105274,0.0,0.8171253801666666,0.9129488768333331,0.0,0.0
0.8307306997654779,0.078148513,0.7695985775,0.8914676335,0.0,0.0
0.8940427063873749,0.520426893,0.748774969,0.8562382796666667,0.0,0.0
0.8834467819597636,0.8469882012,0.7056878722,0.8001968723999999,0.0,0.0
0.8776382263885876,0.5839127465,0.7285864715,0.8609235005,0.0,0.0
0.8199167446457898,0.09206590360000001,0.7743334622000001,0.8974314236,0.0,0.0
0.6461842960070899,0.0,0.7743969898333333,0.8980147003333333,0.0,0.0
0.7910312024110385,0.027655992666666667,0.7932158676666666,0.9173330976666666,0.0,0.0
0.8883284276361347,0.366541334,0.797278711,0.926497606,0.0,0.0
0.8764214908021011,0.6959866428,0.8234662164,0.9184419818,0.0,0.0
0.866229191202602,0.5419455666666667,0.852986567,0.931148666,0.0,0.0
0.8180931089384315,0.062259656,0.8903291202,0.9367082856,0.0,0.0
0.6449499638405257,0.0,0.8786071785714287,0.9357901771428571,0.0,0.0
0.8349729904077899,0.07149782733333333,0.8721911753333332,0.9363969289999999,0.0,0.0
0.8774995588641655,0.46514159233333335,0.7754906123333333,0.9245125156666667,0.0,0.0
0.8585597596746235,0.6609524767499999,0.650020715,0.86679448775,0.0,0.0
0.8552224579163448,0.4108684045,0.5830743140000001,0.8395281625,0.0,0.0
0.8600951608089017,0.1376874555,0.6234059949999999,0.8525747340000001,0.0,0.0
0.7513623753752932,0.00037865375,0.61388987375,0.8126385217500001,0.0,0.0
0.6073975447065361,0.014450376374999999,0.417967357625,0.6808864589999999,0.0,0.0
0.7196402234155369,0.42829750166666664,0.2504582256666667,0.5442791493333333,0.0,0.0
0.7305750610921494,0.440563125,0.174076529,0.2722925368,0.0,0.0
0.7392979573530515,0.18419606649999998,0.136864559,0.19530879299999998,0.0,0.0
0.7418862808446369,0.079643455,0.104696715,0.1627277565,0.0,0.0
0.638367504202135,0.0003267458,0.0987992908,0.14584558330000003,0.0,0.0
0.6399956383897693,0.0286770655,0.06951228100000001,0.10258844950000001,0.0,0.0
0.722057692667163,0.117444331,0.0598282795,0.0891599475,0.0,0.0
0.7411111736337488,0.22443973033333334,0.04481739033333334,0.06518324199999999,0.0,0.0
0.7485221446401452,0.099928262,0.071648325,0.16115948800000002,0.0,0.0
0.710958127310444,0.0066244672,0.0973137734,0.13329420739999998,0.0,0.0
0.6661550056517623,0.0008658637142857143,0.09866609071428571,0.10775918185714285,0.0,0.0
0.8754260533210592,0.124889814,0.106465584,0.12877069633333335,0.0,0.0
0.8732921308889774,0.39658478659999996,0.09850633820000002,0.10525707340000001,0.0,0.0
0.8606004080204553,0.23639809475,0.09705341825000001,0.08079406475,0.0,0.0
0.8015954309921949,0.015638882,0.133324167,0.10751185025,0.0,0.0
0.6459104084457625,0.0,0.1779995904285714,0.23802680085714287,0.0,0.0
0.8175367563550862,0.035091546,0.177920325,0.2796909415,0.0,0.0
0.8843139729533206,0.20796217849999998,0.167754384,0.260138094,0.0,0.0
0.8648794420380383,0.49076107466666663,0.23497563766666665,0.27652228949999996,0.0,0.0
0.8491562906941688,0.29520271249999996,0.208979479,0.287588856,0.0,0.0
0.8509385775627749,0.068740288,0.24143660449999998,0.33573135,0.0,0.0
0.7825334690862732,0.0014695773333333335,0.40932828699999996,0.49142313,0.0,0.0
0.6609510487728025,0.002035268625,0.5288047255,0.725800499625,0.0,0.0
0.8433846490834638,0.1245180455,0.377421995,0.6457384335,0.0,0.0
0.8528793743703793,0.3738944665,0.23011183549999997,0.47348517949999996,0.0,0.0
0.8404783916023512,0.7404734316,0.2784744184,0.3211055934,0.0,0.0
0.8325500195369675,0.5379608705000001,0.2527259125,0.3168052825,0.0,0.0
0.831085895297252,0.2377529805,0.188830673,0.2729574425,0.0,0.0
0.7830968868964714,0.00190118,0.16668288433333334,0.25086964733333333,0.0,0.0
0.6445913524463464,0.0,0.11909514485714286,0.13301878957142857,0.0,0.0
0.8214052435628961,0.21234617433333333,0.11182416833333332,0.10353908933333333,0.0,0.0
0.8461602399116437,0.6351535475000001,0.091155234,0.123872958,0.0,0.0
0.8364122737878006,0.8236057881666666,0.12352888733333332,0.1756687575,0.0,0.0
0.8304141372553926,0.426419607,0.208719005,0.2971787345,0.0,0.0
0.7710508100681939,0.034414945599999996,0.41103617439999995,0.46227376,0.0,0.0
0.6586305466552981,0.006233703714285714,0.405367466,0.5382733548571429,0.0,0.0
0.8371559944416478,0.3195537655,0.341392,0.60279494,0.0,0.0
0.8427609880760842,0.7148908956666666,0.2878524666666667,0.5983586636666667,0.0,0.0
0.8354626777459906,0.8727098134999999,0.35203167825,0.62485560225,0.0,0.0
0.8292888865924339,0.6046198625000001,0.479720274,0.75792904,0.0,0.0
0.8280448565019192,0.2596408825,0.5086326290000001,0.822006468,0.0,0.0
0.7823451653017698,0.0036032646666666664,0.5514802196666667,0.85428687,0.0,0.0
0.6071941268164106,0.006436444,0.442889878625,0.7695473695,0.0,0.0
0.6697963558093751,0.318158205,0.3334675345,0.6822011745000001,0.0,0.0
0.7205602845442116,0.667130217,0.318554431,0.6399175675,0.0,0.0
0.7097727736285399,0.8283509137999999,0.3282543756,0.5537523783999999,0.0,0.0
0.709352628880565,0.532815588,0.32705259600000003,0.548286995,0.0,0.0
0.7196033734399992,0.2338810545,0.2663697805,0.4938384175,0.0,0.0
0.6818930015546888,0.001529244,0.23857831559999995,0.406227144,0.0,0.0
0.6056198983187191,0.008491897166666667,0.12379414383333331,0.19401774383333334,0.0,0.0
0.6841338377616923,0.257577773,0.045934924,0.043789689500000006,0.0,0.0
0.7346729327107017,0.5869957663333333,0.043273012666666666,0.055190087,0.0,0.0
0.7196826969255005,0.616060112,0.0917123296,0.1179359592,0.0,0.0
0.723876738196275,0.2780255045,0.2393074105,0.31662583899999996,0.0,0.0
0.7144404082158169,0.0337188675,0.4943568722499999,0.607556813,0.0,0.0
0.6436390785864455,0.0,0.5619589942857143,0.7959895364285714,0.0,0.0
0.8264237615488069,0.129599207,0.4667387376666667,0.7760022763333333,0.0,0.0
0.8637821260207694,0.5129155839999999,0.5376635785,0.812291583,0.0,0.0
0.8543887610882415,0.754894517,0.7387942787999999,0.8096944056,0.0,0.0
0.860180702184152,0.41330098800000004,0.8003123916666667,0.8940395263333333,0.0,0.0
0.8024167149711295,0.02805850075,0.66556740025,0.87965081675,0.0,0.0
0.6444704632848135,0.0,0.5598083904285714,0.8206404441428571,0.0,0.0
0.8312758906146867,0.025288113333333334,0.6885764889999999,0.824023555,0.0,0.0
0.880748027483977,0.139724067,0.8230732725000001,0.9196635975,0.0,0.0
0.868800415397045,0.4042492385,0.8541595131666667,0.9311017754999998,0.0,0.0
0.8603805196645182,0.19666977449999998,0.6885216855,0.8935153512499999,0.0,0.0
0.7097726318994846,0.00033223825,0.53514985175,0.83301409825,0.0,0.0
0.641357222780184,0.0,0.2002067438,0.4685742672,0.0,0.0
0.8405854059030832,0.047667449,0.11143103733333333,0.23802090866666667,0.0,0.0
0.8930319680941714,0.1644970345,0.15547595,0.2746203455,0.0,0.0
0.8787445582961981,0.5441873784,0.40639030319999997,0.5484965192000001,0.0,0.0
0.8769613782397391,0.35935835633333335,0.6577653663333334,0.7977677573333333,0.0,0.0
0.8038835366707628,0.0299311055,0.48574725875,0.772914168,0.0,0.0
0.647864875391826,0.0,0.38203855828571426,0.6426782807142857,0.0,0.0
0.836780926073469,0.11379618700000001,0.3364319473333333,0.5888524273333333,0.0,0.0
0.8824230562263471,0.3899374195,0.327531015,0.5640455755,0.0,0.0
0.875161641677948,0.6094098258333334,0.5553865996666666,0.6692734995,0.0,0.0
0.8782727686249915,0.310232512,0.6199118865,0.756357014,0.0,0.0
0.804337829425585,0.041936603999999995,0.57961431725,0.8073211617500001,0.0,0.0
0.6652836032651659,0.0135124235,0.563434045625,0.8208782422500001,0.0,0.0
0.8595819583387829,0.311980637,0.505179649,0.754274265,0.0,0.0
0.8777335060685539,0.5730765689999999,0.428773593,0.6736988585,0.0,0.0
0.8632168307576584,0.716097817,0.2710789416,0.4164271566,0.0,0.0
0.8599132425364395,0.4040335745,0.17009539899999998,0.270335695,0.0,0.0
0.8602987044677706,0.1057942485,0.08614828050000001,0.1854427755,0.0,0.0
0.7829107014423412,0.004186697666666667,0.05351312933333333,0.141697489,0.0,0.0
0.6102470869985048,0.00870617775,0.046701296875000006,0.0742766,0.0,0.0
0.6718550176803154,0.241628599,0.048308616,0.0683889,0.0,0.0
0.7252114684163308,0.4521386671666667,0.052142335500000005,0.10227890416666667,0.0,0.0
0.7331581358373158,0.20345589949999998,0.099345506,0.23609087175,0.0,0.0
0.7042085618175403,0.0144706366,0.11643740799999999,0.247463376,0.0,0.0
0.6016921475312832,0.01168656557142857,0.052698517857142864,0.14236033099999998,0.0,0.0
0.6726882343984568,0.2206679445,0.028366756,0.0995193645,0.0,0.0
0.7287735657968969,0.5334973553333333,0.026802617166666667,0.057804177166666665,0.0,0.0
0.7329466141778309,0.26560238025,0.063054147,0.09556027624999999,0.0,0.0
0.7164749872954134,0.02077004075,0.2334496615,0.32398065649999996,0.0,0.0
0.6367151126940194,0.0,0.4913120896666667,0.6382912228333334,0.0,0.0
0.7686496779428618,0.026669031666666666,0.7577955993333333,0.857104559,0.0,0.0
0.870066284347008,0.11918387999999999,0.853285826,0.9139234665,0.0,0.0
0.8650811111870839,0.2559259881666666,0.7821966076666667,0.8539467536666666,0.0,0.0
0.8685819519371185,0.0749251885,0.4899063845,0.7347230825,0.0,0.0
0.8159491159794132,0.0218647904,0.3781127012,0.6438270616,0.0,0.0
0.6144645693759282,0.0,0.4184739327142856,0.6057605947142858,0.0,0.0
0.7611631248205621,0.11471474066666666,0.416567521,0.6215362453333333,0.0,0.0
0.8398315507918677,0.2654423945,0.48025664,0.6363012825000001,0.0,0.0
0.8391179593314512,0.3415205507142858,0.3828544152857143,0.531171673,0.0,0.0
0.7873727509644958,0.046983576799999996,0.5579360678,0.6921352061999999,0.0,0.0
0.6228145413747643,0.000213422,0.44114183642857147,0.7121636347142858,0.0,0.0
0.7432242418479986,0.2101201645,0.3514145925,0.5627943215,0.0,0.0
0.8281685737043614,0.501591596,0.3691649225,0.5632408600000001,0.0,0.0
0.8317539270986753,0.7240594095,0.5121420995,0.641084404,0.0,0.0
0.820834967909566,0.5274805423333333,0.464967208,0.6407870703333333,0.0,0.0
0.8144790755438148,0.18896864174999997,0.402571143,0.64674689375,0.0,0.0
0.6733658125770466,0.0006155762,0.6222115206,0.7691549082,0.0,0.0
0.6479813199228222,0.028201764666666667,0.42217111783333333,0.6344196153333334,0.0,0.0
0.8281769404008135,0.2985333695,0.344349564,0.5341768565,0.0,0.0
0.8317991819094311,0.7641444163333334,0.465357351,0.6100936758333333,0.0,0.0
0.8228894845338862,0.5275972733333333,0.41911411933333337,0.5567968876666667,0.0,0.0
0.7733408130952532,0.07295585125,0.27968538525000003,0.49698436825000003,0.0,0.0
0.6340075014160753,0.00034120814285714285,0.17646906928571426,0.2913110874285714,0.0,0.0
0.7505352392944125,0.1883892555,0.1113101895,0.2085745345,0.0,0.0
0.8340665536998942,0.374116919,0.08042506866666667,0.15057973233333333,0.0,0.0
0.828433216974517,0.8068373043999999,0.0870983066,0.1384985264,0.0,0.0
0.8157764148223274,0.590528434,0.117397836,0.178200117,0.0,0.0
0.8093390806580434,0.21260693033333333,0.11886604466666667,0.16241437133333333,0.0,0.0
0.7389741254876268,0.0006441505,0.1443904875,0.187198179,0.0,0.0
0.5933591426100099,0.027477055777777776,0.1415935561111111,0.199988921,0.0,0.0
0.6676797900758045,0.4474506605,0.06377912,0.1571035555,0.0,0.0
0.6897861969194139,0.8376779686666668,0.08790010183333334,0.15077570766666668,0.0,0.0
0.6826003339907694,0.618198883,0.07966010100000001,0.1242928865,0.0,0.0
0.6856461657352483,0.22672805333333335,0.083866579,0.10665286,0.0,0.0
0.6477806794675882,0.00097544425,0.10421394025000001,0.13086378275,0.0,0.0
0.5759171579611381,0.06112402557142856,0.11689235442857142,0.118473277,0.0,0.0
0.6621034854393972,0.5328589699999999,0.062985589,0.12132955349999999,0.0,0.0
0.6905282031000913,0.774614421,0.055831469499999994,0.118469168,0.0,0.0
0.6862694640391226,0.820565595,0.059657562399999996,0.10122517240000002,0.0,0.0
0.6827927906025766,0.46017753400000005,0.076983888,0.128391239,0.0,0.0
0.6664596483791689,0.05071737566666667,0.1972444416666667,0.24513906,0.0,0.0
0.6023328880764808,0.0008848953999999999,0.33721938539999996,0.4274509548,0.0,0.0
0.7299970831521255,0.21846797,0.2581223325,0.423941673,0.0,0.0
0.8131519728663991,0.5438990340000001,0.1172515445,0.3094741175,0.0,0.0
0.8212949984243565,0.8669117926666666,0.10736295483333334,0.30243642333333337,0.0,0.0
0.8093206403726532,0.5513918063333333,0.15237164266666667,0.2886087786666666,0.0,0.0
0.7736122275063299,0.07924898475,0.22456926075,0.26053579275,0.0,0.0
0.614324125299545,0.0007296081428571428,0.27749806671428573,0.30692755671428573,0.0,0.0
0.7294372695110614,0.21239195700000002,0.3187813035,0.44305591,0.0,0.0
0.8168387704609291,0.6102154466666666,0.22296963299999997,0.416943697,0.0,0.0
0.8226949324080772,0.8988146205,0.35449951300000004,0.49777644225,0.0,0.0
0.8135518364615402,0.7588222579999999,0.48788809099999997,0.6066428245,0.0,0.0
0.808303592820167,0.480282929,0.5226990295,0.6550780544999999,0.0,0.0
0.7750399475568188,0.08476157975000001,0.64309393375,0.77661673575,0.0,0.0
0.6127338443424392,0.0,0.6189173263333333,0.8180842261666667,0.0,0.0
0.6946543278917762,0.14892292533333332,0.468840976,0.7231401009999999,0.0,0.0
0.813369003824858,0.5372244660000001,0.35223469249999995,0.6569162115,0.0,0.0
0.8244123432661037,0.7999332975,0.3805302485,0.6621886745,0.0,0.0
0.8216871353705676,0.87905624225,0.5986404675,0.8054453312500001,0.0,0.0
0.8114464491891573,0.6013941254999999,0.665714728,0.8565163455,0.0,0.0
0.8030590676031985,0.21765842466666666,0.7010015383333333,0.8713359860000001,0.0,0.0
0.6780821636323163,0.0,0.6943184188,0.8673592153999999,0.0,0.0
0.6030652016372091,0.001713001,0.55472895825,0.7128386717499999,0.0,0.0
0.754157694251298,0.24879079599999998,0.38637315966666663,0.6289372636666667,0.0,0.0
0.8228382175845302,0.5176437334999999,0.324305734,0.5764563730000001,0.0,0.0
0.821321076867821,0.6160859672000001,0.2823202526,0.565846817,0.0,0.0
0.8102870002044222,0.321675398,0.3170457915,0.6178333069999999,0.0,0.0
0.8029668969449043,0.08198677966666666,0.36675540100000004,0.462273503,0.0,0.0
0.7500112470589422,0.002347031,0.4134885645,0.47666966,0.0,0.0
0.615492642351101,0.0,0.4448778559999999,0.6310504723999999,0.0,0.0
0.6401709120691796,0.03532855233333333,0.3776031693333333,0.5779368426666668,0.0,0.0
0.7900138576263891,0.267534179,0.242785018,0.44075595300000003,0.0,0.0
0.828205880923943,0.6500259085,0.16790101699999999,0.2973002805,0.0,0.0
0.8201924795262814,0.8601778193999999,0.13804272239999998,0.15837456919999998,0.0,0.0
0.8094594756135065,0.6018554945000001,0.085691426,0.083621796,0.0,0.0
0.8038459932980228,0.24279134100000002,0.07755075266666667,0.05532881033333334,0.0,0.0
0.659955551461339,0.000221,0.0718304626,0.036395518,0.0,0.0
0.5623622583099175,0.00179231575,0.0705367455,0.036406851500000004,0.0,0.0
0.6056632405304322,0.185120319,0.08072155066666666,0.06979048833333333,0.0,0.0
0.6883757093111135,0.5728924951666666,0.058221619499999995,0.0599849395,0.0,0.0
0.6827098095412817,0.48612730400000004,0.086123604,0.214870164,0.0,0.0
0.6839793740497313,0.2570678245,0.1230733835,0.311468287,0.0,0.0
0.6088334371352871,0.010601455300000001,0.2016778432,0.3383692209,0.0,0.0
0.5868482100659012,0.1694084315,0.2218218565,0.355200536,0.0,0.0
0.6612825901562986,0.4238779275,0.2200928935,0.347619691,0.0,0.0
0.689681937989077,0.7660996221999999,0.3252729404,0.41052818999999996,0.0,0.0
0.6841982108830988,0.578158139,0.45904980375,0.58628161375,0.0,0.0
0.6658374199723507,0.0566938655,0.54837645,0.6941456613333333,0.0,0.0
0.6024846862417157,0.0029615652,0.5061566726,0.652336766,0.0,0.0
0.7291872519510767,0.23482067950000002,0.356248856,0.5344780760000001,0.0,0.0
0.8142973401367648,0.5489073609999999,0.208578342,0.39555752450000004,0.0,0.0
0.8263601656084981,0.8511630046666667,0.21008629883333332,0.31281285099999995,0.0,0.0
0.814627938505516,0.610329796,0.19172122400000002,0.300936769,0.0,0.0
0.8053802514708326,0.2404900706666667,0.17071934200000002,0.35084129033333333,0.0,0.0
0.6786742963585541,0.0002891602,0.2160370344,0.373346913,0.0,0.0
0.6029805060779712,0.00337119525,0.13183630425,0.21590560875000003,0.0,0.0
0.7292077799963705,0.1613618645,0.10279325049999999,0.1300522655,0.0,0.0
0.8177596545644715,0.6032719233333333,0.080296541,0.09442346433333333,0.0,0.0
0.821945527257235,0.8085475455000001,0.051368736,0.09314682933333333,0.0,0.0
0.8059507709570988,0.29128891199999996,0.1213998755,0.26607129525,0.0,0.0
0.6787562807383231,0.0003524732,0.1674352002,0.25592024440000005,0.0,0.0
0.60304081026745,0.004319321,0.2836846685,0.33154272825,0.0,0.0
0.7291975159737236,0.1937946855,0.2877827465,0.3464511775,0.0,0.0
0.8189894202610057,0.5173920043333333,0.220519401,0.3854994313333333,0.0,0.0
0.8275236531033326,0.7935199855,0.30534845475,0.48338821425,0.0,0.0
0.8130030184534119,0.58354716975,0.4194835045,0.5131185845,0.0,0.0
0.7757862284750747,0.08884346,0.401552075,0.561526174,0.0,0.0
0.6244855460110414,0.021338992625,0.281303550125,0.48766489200000007,0.0,0.0
0.7853139062504397,0.328454919,0.186766154,0.4146372545,0.0,0.0
0.8227632374888637,0.6337752834999999,0.218613674,0.438262516,0.0,0.0
0.8198421943005634,0.8613043922000001,0.2417038846,0.5338518426000001,0.0,0.0
0.8096893079683294,0.5929701039999999,0.28304222700000004,0.606165446,0.0,0.0
0.8028482088571538,0.24193598500000002,0.32226467266666664,0.49248094800000003,0.0,0.0
0.677655544935946,0.0007896164000000001,0.299328974,0.43370098539999996,0.0,0.0
0.6027368092845488,0.00458655225,0.26765830275,0.37323946225000004,0.0,0.0
0.7295262855397141,0.1632623715,0.23362274900000002,0.429116264,0.0,0.0
0.8135552197503637,0.4221728125,0.227248979,0.387901243,0.0,0.0
0.8188770327688993,0.5266500998571428,0.1813847162857143,0.2805767425714286,0.0,0.0
0.8074746050829942,0.33362376299999996,0.1116823895,0.2928842845,0.0,0.0
0.7738432829152688,0.06410324675000001,0.0885483305,0.185237814,0.0,0.0
0.5798448433855274,0.003450036142857143,0.06302616714285715,0.09747451399999998,0.0,0.0
0.5869776193955691,0.18719918149999998,0.043418249000000006,0.0440727535,0.0,0.0
0.6621142523883774,0.434301442,0.041723281,0.0338507105,0.0,0.0
0.6881634866118088,0.6952875014999998,0.06000503283333333,0.03875709533333333,0.0,0.0
0.6828204661672554,0.42586881533333326,0.07259626133333333,0.04832639366666667,0.0,0.0
0.6821946183308423,0.153524201,0.07885028,0.059058771499999996,0.0,0.0
0.6472972862149164,0.0007938095,0.09328636200000001,0.07442960675,0.0,0.0
0.5650480101965105,0.033444595,0.0723897005,0.08292808450000001,0.0,0.0
0.6410719843286147,0.4573351756666666,0.06097349333333333,0.05133710266666667,0.0,0.0
0.6888182445247498,0.790003141,0.077957337,0.07130119350000001,0.0,0.0
0.6828609813785453,0.5867782235,0.1396216595,0.120175375,0.0,0.0
0.6823071113898073,0.26609306166666663,0.14271109466666665,0.14323337700000002,0.0,0.0
0.6466726925332406,0.0023526379999999998,0.24080478200000002,0.267290473,0.0,0.0
0.6033864503846936,0.00969189525,0.226759753,0.27574925775000003,0.0,0.0
0.7299474316811297,0.22924333949999998,0.20643940900000002,0.27314581250000003,0.0,0.0
0.8167700692027169,0.4830882876666666,0.22235207199999998,0.3246758143333333,0.0,0.0
0.8199779632143528,0.5745879398,0.3142040358,0.3800063944,0.0,0.0
0.8098519782905417,0.41477966099999997,0.385971092,0.385008751,0.0,0.0
0.8028507386749607,0.15339429166666665,0.37910246133333336,0.4394360273333333,0.0,0.0
0.72030900960646,0.0035543659999999998,0.39918260699999997,0.49160866566666667,0.0,0.0
0.6065771142357782,0.005845144333333333,0.29458723183333335,0.3671285853333333,0.0,0.0
0.7290895034208273,0.21088957149999998,0.194818661,0.287147438,0.0,0.0
0.8133916349896109,0.509620663,0.1090156365,0.184912554,0.0,0.0
0.8239441288831131,0.7899050985,0.09294603975,0.11762728975,0.0,0.0
0.8138468192922818,0.58514546,0.05460250875,0.12073296350000001,0.0,0.0
0.8033525874610971,0.21399797766666664,0.06273689466666667,0.18928104566666668,0.0,0.0
0.7499028001774675,0.0028732925,0.0762410945,0.1395952395,0.0,0.0
0.6143142825356988,0.007065451142857143,0.05887254142857142,0.053671174714285716,0.0,0.0
0.7292808170587793,0.248553527,0.047701259499999996,0.0515668135,0.0,0.0
0.815115355206014,0.5397769115,0.045855789499999994,0.038566889,0.0,0.0
0.8248070557371848,0.8040180278333334,0.0513495315,0.064130202,0.0,0.0
0.8140051005473246,0.529081724,0.08682466650000001,0.16796350300000001,0.0,0.0
0.8047228036538837,0.24979265699999997,0.104403935,0.21693285366666668,0.0,0.0
0.6473893254870812,0.000979362625,0.14804277412500003,0.21511118012500002,0.0,0.0
0.7227673636400886,0.259088181,0.17427216775,0.21175865724999998,0.0,0.0
0.8252432511210692,0.7611824223333334,0.21627904333333334,0.22810200266666666,0.0,0.0
0.8238453288302947,0.90400632675,0.32022046275,0.273894508,0.0,0.0
0.8128476174865389,0.6509674274999999,0.3385401385,0.301172751,0.0,0.0
0.8037974695899682,0.27572044133333334,0.31106142566666667,0.3528567516666667,0.0,0.0
0.6449787693647272,0.007600522777777779,0.42223522066666663,0.464645049,0.0,0.0
0.729211826223408,0.25122175599999996,0.3136498175,0.37918285500000004,0.0,0.0
0.8177450242910264,0.6099421816666667,0.2559721206666667,0.32321584233333334,0.0,0.0
0.8240581626838164,0.8481393614,0.22312320840000002,0.3099115792,0.0,0.0
0.8130702719744689,0.6064287660000001,0.2178428455,0.41910878799999995,0.0,0.0
0.803999458738001,0.24199279733333334,0.1793627183333333,0.3971175426666667,0.0,0.0
0.6871976106184099,0.003683381,0.2004120025,0.35379872100000004,0.0,0.0
0.5640087276071504,0.034882471500000005,0.1283926445,0.1907734613333333,0.0,0.0
0.6233107296057004,0.3793468585,0.0803652325,0.152238602,0.0,0.0
0.689028699463138,0.7268682886666666,0.115343881,0.1811956366666667,0.0,0.0
0.6895101763016518,0.847930295,0.162817044,0.2510967905,0.0,0.0
0.6831743206860084,0.5674382689999999,0.15766489849999998,0.30702721899999996,0.0,0.0
0.6821532954051457,0.23939409033333336,0.13716981366666667,0.19496918600000002,0.0,0.0
0.6005345789111698,0.006445929888888889,0.14533638977777777,0.21719866377777775,0.0,0.0
0.6240323791363764,0.21817609599999999,0.1912391005,0.28001702325,0.0,0.0
0.6884316396195634,0.5172548226666668,0.3559195286666667,0.4577042918333334,0.0,0.0
0.6827610154983401,0.353261413,0.4619071065,0.644756783,0.0,0.0
0.6818501744380403,0.16878891366666668,0.45673509999999995,0.6931903886666667,0.0,0.0
0.6318178072165874,0.002231014285714286,0.5301026267142858,0.7577516788571429,0.0,0.0
0.6397804667302199,0.04276265466666667,0.5000629036666667,0.613226907,0.0,0.0
0.8033462400011148,0.30537322325,0.41204472225,0.5222902105,0.0,0.0
0.8192215690596881,0.4576280985000001,0.20429236816666665,0.31596642,0.0,0.0
0.805778705306557,0.19949106100000003,0.2111497225,0.364406596,0.0,0.0
0.679464678468548,0.003240252,0.23759371040000002,0.459569183,0.0,0.0
0.6035055956545543,0.0128703945,0.1808520265,0.4335919835,0.0,0.0
0.7562018782552166,0.23062570400000001,0.20908625300000003,0.4667234276666667,0.0,0.0
0.8246559372372146,0.37701949749999997,0.237018999,0.39559243,0.0,0.0
0.8284564014102609,0.4413840525,0.25962063700000004,0.3794550440000001,0.0,0.0
0.8168427785492004,0.458208601,0.3945062265,0.5321965405,0.0,0.0
0.7790464356100424,0.09656838474999999,0.5568792017499999,0.701740638,0.0,0.0
0.6157592045959304,0.010769233285714287,0.5448397251428572,0.6877327657142859,0.0,0.0
0.759116746233512,0.3296810593333333,0.458134309,0.7084121940000001,0.0,0.0
0.8286286956332777,0.702098089,0.4389182265,0.6794708665,0.0,0.0
0.8317470280300021,0.885406336,0.45337215780000006,0.6243463248000001,0.0,0.0
0.8200228506864862,0.6434880435,0.43338235950000004,0.5903512195,0.0,0.0
0.8087178123225085,0.27721238433333334,0.42699011700000006,0.5855950886666667,0.0,0.0
0.6498692305619155,0.0022991192500000004,0.4911882498749999,0.6705856131250001,0.0,0.0
0.7251548980108116,0.257709729,0.48488041975,0.7376805772499999,0.0,0.0
0.8247359203823371,0.7642023567142857,0.42478802,0.5238516731428572,0.0,0.0
0.8144363734415576,0.5489179479999999,0.3762253745,0.414421029,0.0,0.0
0.8047226512970073,0.235703594,0.368547828,0.46035074033333334,0.0,0.0
0.6787043158656507,0.003284764,0.43841022919999995,0.6304924592,0.0,0.0
0.6019233662222014,0.017384437,0.33999357100000005,0.44884323100000006,0.0,0.0
0.7709715665663368,0.343484204,0.18732040675,0.26467810150000004,0.0,0.0
0.8286217157807773,0.8283898171666667,0.14800689383333335,0.16937115283333334,0.0,0.0
0.8183972905125396,0.6346439285,0.080709915,0.162857085,0.0,0.0
0.8068818048404042,0.27504132066666664,0.08635947566666667,0.24437841766666665,0.0,0.0
0.6173388361777927,0.011750144222222224,0.07827688944444443,0.12907807755555556,0.0,0.0
0.6295776744290729,0.39400706500000005,0.03325319125,0.07003300825,0.0,0.0
0.7014197991799856,0.8444474093333333,0.011580378333333334,0.044747454166666666,0.0,0.0
0.6929262186577505,0.6061932545,0.022557656000000002,0.066902122,0.0,0.0
0.6854621748642495,0.25221202800000003,0.04771595433333333,0.078491808,0.0,0.0
0.6001062472808885,0.011427793222222224,0.1433058882222222,0.20914956044444447,0.0,0.0
0.6094377739842504,0.27617960433333333,0.13650816733333332,0.25359525433333335,0.0,0.0
0.6883641804291099,0.5669893945,0.141726854,0.268135692,0.0,0.0
0.6983335437250499,0.7843097457499999,0.19867879475,0.35138672325000003,0.0,0.0
0.6908479659221076,0.645902362,0.2767804975,0.4485666895,0.0,0.0
0.684819997368268,0.37804793633333333,0.342194162,0.5669402493333334,0.0,0.0
0.6325380821750302,0.0193674181,0.4015646777,0.6780741673999999,0.0,0.0
0.7529678113735357,0.204446665,0.4268562516666667,0.6608766893333332,0.0,0.0
0.8237481289706019,0.518696279,0.3851662775,0.5866801465,0.0,0.0
0.8239901319345921,0.8349676322,0.40142112399999996,0.513464126,0.0,0.0
0.8124645330656852,0.646917479,0.38100806200000004,0.5128780589999999,0.0,0.0
0.8028357121745427,0.2827689553333333,0.31602766,0.493815503,0.0,0.0
0.6439275489163087,0.012807020222222222,0.19735680788888887,0.3871610032222222,0.0,0.0
0.7273537362347204,0.24708875000000002,0.27929071,0.5273528255,0.0,0.0
0.8178806895922303,0.6108160106666667,0.3120072196666667,0.4298187743333333,0.0,0.0
0.8204600824439595,0.8363988878333334,0.1499836205,0.23283211983333332,0.0,0.0
0.8071290564170366,0.5014103475,0.08384074,0.20705861650000001,0.0,0.0
0.7735118387057317,0.11405375725,0.13532612724999998,0.20375631624999999,0.0,0.0
0.6233605010856065,0.0349003755,0.1564039455,0.31262597812500004,0.0,0.0
0.7831638965474321,0.3887866105,0.11260919050000001,0.27963019899999997,0.0,0.0
0.8244193230690572,0.7220819083333333,0.084822474,0.19313806933333333,0.0,0.0
0.8214198128935909,0.8203532582499999,0.07467734325,0.15534213975,0.0,0.0
0.8103111402224953,0.57304863,0.11154911,0.19289736200000002,0.0,0.0
0.8020556444219441,0.26169584966666665,0.14555101866666667,0.2260287693333333,0.0,0.0
0.6965932044205602,0.00667756075,0.236204582,0.37032072675,0.0,0.0
0.6014588300240588,0.018116929400000002,0.1792019958,0.2671195536,0.0,0.0
0.7293505395044397,0.2298539065,0.13106778349999998,0.22034587249999998,0.0,0.0
0.8194438730277082,0.5872161829999999,0.11766184933333335,0.21610160366666664,0.0,0.0
0.8224976850059552,0.8125539681428571,0.07990948471428572,0.17000647257142856,0.0,0.0
0.8037744268882344,0.2823157766666667,0.08667584133333332,0.18469518833333332,0.0,0.0
0.6967310833061519,0.0073208755,0.08574620375,0.19644660225,0.0,0.0
0.6165020990083501,0.05000498716666666,0.021890749,0.07106050383333333,0.0,0.0
0.7889947907878865,0.403244624,0.0151686655,0.032377859999999994,0.0,0.0
0.8322948715529312,0.8061283562857143,0.018600472857142857,0.04573742442857143,0.0,0.0
0.8185973594684592,0.5549892734999999,0.052656088000000004,0.128534851,0.0,0.0
0.7843111566253109,0.12669295780000003,0.0716729948,0.1275660522,0.0,0.0
0.579022798577759,0.0168621225,0.089293587125,0.10114891012499999,0.0,0.0
0.6607319776071268,0.3655795325,0.048107497250000006,0.10811727925,0.0,0.0
0.6948232084536881,0.5594523433333333,0.044947332666666666,0.08083652416666666,0.0,0.0
0.6866514329549509,0.372279444,0.048467587,0.128604575,0.0,0.0
0.6597520199860655,0.06595605816666665,0.06086411566666666,0.11517411983333332,0.0,0.0
0.5643580024516105,0.03744998283333333,0.05141284633333334,0.10955960166666667,0.0,0.0
0.6278320317675139,0.273511332,0.030461355500000002,0.068562066,0.0,0.0
0.6899759149076957,0.3090591004,0.061553894600000006,0.12691455899999998,0.0,0.0
0.6828613128848124,0.17015784275,0.127356742,0.258675714,0.0,0.0
0.6754795757318863,0.0819890872,0.1845101418,0.3042205732,0.0,0.0
0.6120587868947455,0.0,0.46171898333333333,0.6986604796666667,0.0,0.0
0.7197904351319706,0.12987761725,0.5726838315,0.77420702075,0.0,0.0
0.8228500361304002,0.4863694075,0.6502291185,0.81460078125,0.0,0.0
0.8128445726380786,0.4415273692,0.7978598567999999,0.9048297948,0.0,0.0
0.7797009756006255,0.0832101146,0.7331984674,0.8898777213999999,0.0,0.0
0.6119575865522385,0.0,0.4993710591666667,0.7466878973333332,0.0,0.0
0.7199140609202868,0.15459324,0.33855593424999997,0.509839233,0.0,0.0
0.8203961120277894,0.350120128,0.16760087442857144,0.2668159962857143,0.0,0.0
0.806875952701298,0.30689425533333337,0.21750186033333332,0.286327795,0.0,0.0
0.7733306633402635,0.06928253875000001,0.23972220049999998,0.34242077,0.0,0.0
0.6119240664786838,0.0,0.3225610883333333,0.4490431158333334,0.0,0.0
0.7200104378298853,0.20311464375,0.3543857055,0.421023578,0.0,0.0
0.8230874808664959,0.65671772775,0.44272379900000003,0.4388444085,0.0,0.0
0.8117803698048874,0.6137044574999999,0.5735350308333333,0.6199707103333333,0.0,0.0
0.7729629063184655,0.07572139024999999,0.44781301675,0.60722979025,0.0,0.0
0.6233721081526997,0.009782830125,0.35425805,0.59312330225,0.0,0.0
0.7817317074238335,0.145502302,0.539953412,0.65657209,0.0,0.0
0.8233255275361208,0.310589118,0.6591932786666667,0.7560181073333333,0.0,0.0
0.8202454365766615,0.47546720525,0.7772390497499999,0.7976050245,0.0,0.0
0.8057146293182197,0.09600776075,0.81504006075,0.8335813985,0.0,0.0
0.7644627993478849,0.017356769666666664,0.6659684976666665,0.8364569153333333,0.0,0.0
0.6233971110680969,0.036130103999999996,0.37147834375,0.582572270125,0.0,0.0
0.7817099220255461,0.36700283850000004,0.299601967,0.4204261185,0.0,0.0
0.8208153737535302,0.6550746747142858,0.2806924177142857,0.29702858557142864,0.0,0.0
0.8073206520019173,0.3517150703333333,0.19784569666666665,0.19696619833333331,0.0,0.0
0.7991513529341466,0.144181382,0.11579194649999999,0.140665455,0.0,0.0
0.6847586874252167,0.00523526725,0.09395527725,0.1377396535,0.0,0.0
0.5630542624625292,0.02501394233333333,0.06967928416666666,0.11153021600000002,0.0,0.0
0.6398667243562041,0.22470170033333337,0.06607149133333334,0.07331547366666667,0.0,0.0
0.686738319735206,0.37209558971428575,0.17643420814285715,0.1839913685714286,0.0,0.0
0.680824722099883,0.07025888425,0.24698355074999997,0.3538348365,0.0,0.0
0.6460380771804001,0.0042539835,0.219229355,0.49182372124999996,0.0,0.0
0.5633154280618732,0.027762912,0.163393604,0.3518625686666666,0.0,0.0
0.652147243675063,0.32343592075,0.29732345225,0.40978385149999996,0.0,0.0
0.6869914769743932,0.6370268076000001,0.6026913558,0.7051840871999999,0.0,0.0
0.6809237430577856,0.42840436433333334,0.6084856943333333,0.7399005923333334,0.0,0.0
0.6801543813857371,0.12247487600000001,0.5092112715,0.6796722245,0.0,0.0
0.6260393562904507,0.012544816888888888,0.3473606083333334,0.5925896058888889,0.0,0.0
0.7267311268118438,0.17784557750000002,0.366905967,0.5617143685,0.0,0.0
0.8156726465851812,0.2781771766666667,0.5292719929999999,0.6228455783333333,0.0,0.0
0.8211442609156714,0.1612411325,0.6450506145000001,0.69067887725,0.0,0.0
0.8079256974144047,0.18492544725,0.58100404475,0.75942462625,0.0,0.0
0.7741494555782236,0.06512722525,0.529100312,0.74623487725,0.0,0.0
0.612117902353759,0.0,0.6231476283333334,0.8535953961666666,0.0,0.0
0.7198763880070416,0.08474744174999999,0.6954177559999999,0.88575372025,0.0,0.0
0.822786554482522,0.41087486349999996,0.6913602875,0.8787843725,0.0,0.0
0.818260345091518,0.7153298736666667,0.6678302636666666,0.8218280708333333,0.0,0.0
0.8021712921600975,0.33109073624999996,0.6064963435,0.8155473945,0.0,0.0
0.6761529247808666,0.008308736399999999,0.4334203682,0.7222829918,0.0,0.0
0.6018133191476011,0.0060262795,0.23322989375000003,0.46477572575000003,0.0,0.0
0.7269475861718944,0.061799204,0.2573720305,0.37206496099999997,0.0,0.0
0.812041809696156,0.119054715,0.5254857230000001,0.5590245675000001,0.0,0.0
0.820765369547168,0.4429790798571429,0.826272945,0.867417002,0.0,0.0
0.8031025088344945,0.10061096174999999,0.79427506125,0.8914373762500001,0.0,0.0
0.6975406630811943,0.004368973,0.7346924187499999,0.8566987890000001,0.0,0.0
0.5959335621245283,0.0,0.605014441,0.8251655652500001,0.0,0.0
0.7212948612585753,0.102362552,0.5051157505,0.737171585,0.0,0.0
0.825895715456069,0.42769738850000005,0.5505863235,0.7478297110000001,0.0,0.0
0.8207170113131916,0.6596204010000001,0.8167445306,0.8516682502,0.0,0.0
0.8101703543429268,0.429991354,0.885883412,0.9166015123333334,0.0,0.0
0.802171680781613,0.1668672275,0.853485423,0.9259489464999999,0.0,0.0
0.6916752277159914,0.01303091,0.77251480725,0.9172668625,0.0,0.0
0.6162143475304358,0.044126078166666666,0.588142454,0.8539435594999999,0.0,0.0
0.7832469233157899,0.346255991,0.49137688749999997,0.751567444,0.0,0.0
0.822555213274379,0.638779131,0.4718786765,0.6527281345,0.0,0.0
0.8208774184743362,0.8106886502499999,0.67559716325,0.678596852,0.0,0.0
0.8087553480897913,0.4792348975,0.8460571367499999,0.8097503095,0.0,0.0
0.8004392739193175,0.183241396,0.8433647824999999,0.8546371075000001,0.0,0.0
0.6594428701855145,0.009756271,0.8520570044000001,0.8607240233999999,0.0,0.0
0.5614170605881702,0.047109629,0.7950004108,0.799176412,0.0,0.0
0.6530824150880509,0.40028102075,0.669151897,0.6415820025,0.0,0.0
0.6867014044943,0.481829356,0.636132859,0.5966731982,0.0,0.0
0.681721458592282,0.29270682600000003,0.6448561446666666,0.6101580029999999,0.0,0.0
0.6824052255517865,0.1066727035,0.6100936305,0.640148946,0.0,0.0
0.6104534848590736,0.0033180007142857145,0.603520195,0.6493011591428571,0.0,0.0
0.5861436437172216,0.1042894732,0.38632818879999997,0.40486849080000004,0.0,0.0
0.6854259878021521,0.348206178,0.237475875,0.256868716,0.0,0.0
0.6867076299003215,0.5956298606666667,0.18279432083333336,0.229479181,0.0,0.0
0.6819191500872712,0.32035702866666665,0.1890578496666667,0.302415642,0.0,0.0
0.631220022844399,0.017783828199999997,0.2662322449,0.36771014020000004,0.0,0.0
0.7266829840455273,0.09200805549999999,0.25628266899999996,0.33274144400000005,0.0,0.0
0.8158148649662174,0.44695596066666665,0.2211029826666667,0.282996397,0.0,0.0
0.8212526773009974,0.7197624069999998,0.20816624466666664,0.280177089,0.0,0.0
0.8110063523792019,0.45855360850000004,0.187435672,0.28712628900000003,0.0,0.0
0.7755231922429561,0.117481036,0.215563963,0.30254739825,0.0,0.0
0.6234552721165667,0.03593414875,0.113044733375,0.171290728375,0.0,0.0
0.7838575085853339,0.37667168900000003,0.053049632,0.062213403,0.0,0.0
0.8267460999700136,0.6601108019999999,0.0496934945,0.0498730975,0.0,0.0
0.8289755793913954,0.8372687376,0.0386172818,0.0626043896,0.0,0.0
0.814310598851493,0.49960907299999996,0.039864966333333335,0.083417056,0.0,0.0
0.7770710748241577,0.11865448675,0.07106771775,0.07703522475,0.0,0.0
0.6236235144827739,0.031217068875000004,0.05364629925000001,0.08126313950000001,0.0,0.0
0.7851737984952257,0.34517730950000003,0.038961383,0.054935576,0.0,0.0
0.828578587017332,0.689036583,0.049750592,0.05787916066666667,0.0,0.0
0.8272689035245655,0.7713811805,0.06622852875,0.06867922174999999,0.0,0.0
0.8149660806206249,0.5358958730000001,0.0819601695,0.0921340895,0.0,0.0
0.8091283742441016,0.299280019,0.0928685705,0.107279599,0.0,0.0
0.739983842742023,0.047638203500000004,0.0694378245,0.09428329425,0.0,0.0
0.6056541270375505,0.016931051166666666,0.04848415383333333,0.07441170783333333,0.0,0.0
0.7567532566020739,0.32644619333333336,0.03872390233333333,0.08289310866666667,0.0,0.0
0.8304521759366219,0.6864224299999999,0.0406423705,0.1109513245,0.0,0.0
0.8343371528034941,0.90198919375,0.0541222985,0.15056456024999998,0.0,0.0
0.8213264763583632,0.64176102775,0.159436875,0.29460900300000004,0.0,0.0
0.8076103008803469,0.231259614,0.258460274,0.458398513,0.0,0.0
0.6997896784444831,0.01526314725,0.402706271,0.6494841149999999,0.0,0.0
0.6016258254086884,0.018096189800000002,0.4198937916,0.7121587526000001,0.0,0.0
0.7574059038148725,0.30624706933333334,0.3841382066666667,0.6654548510000001,0.0,0.0
0.8252700427681299,0.624303235,0.380796216,0.607462211,0.0,0.0
0.8214292006536236,0.8530172643333334,0.285827742,0.5506392073333333,0.0,0.0
0.8077568321501142,0.536118841,0.2509748295,0.5650055615,0.0,0.0
0.7744684297118627,0.136699002,0.2121317035,0.48598075975000005,0.0,0.0
0.5790846114506826,0.014371413,0.17156596242857144,0.18763803642857144,0.0,0.0
0.6050557794439277,0.322489473,0.105654146,0.10333469733333334,0.0,0.0
0.686914137755123,0.6723691430000001,0.0922326845,0.074342099,0.0,0.0
0.6895988471565108,0.8668596446000001,0.120398657,0.16509829400000003,0.0,0.0
0.6830541999481493,0.5948638253333334,0.18112966933333333,0.38119508599999996,0.0,0.0
0.6746527711572727,0.13840002424999998,0.20062204025,0.444307774,0.0,0.0
0.5805537572951874,0.0,0.21239967849999997,0.35099478133333334,0.0,0.0
0.5634076596629178,0.1438013255,0.142245568,0.20099324200000002,0.0,0.0
0.6215662070273051,0.38628890800000004,0.104355321,0.146030566,0.0,0.0
0.6856761424833256,0.66816657,0.1043135825,0.130430456,0.0,0.0
0.6903918786634021,0.8224680525,0.1090276855,0.14163790825,0.0,0.0
0.6848812159467405,0.6614080066666667,0.10796828533333332,0.2693036756666667,0.0,0.0
0.6809507366953816,0.23707843750000002,0.10782794775,0.3294034255,0.0,0.0
0.6171147930271252,0.012207882875,0.099474201875,0.18678806062500003,0.0,0.0
0.7238350190931526,0.2572760285,0.10360996,0.15132158950000002,0.0,0.0
0.8125926393352969,0.5556839090000001,0.111893767,0.1504343575,0.0,0.0
0.8282416564366729,0.86962627525,0.14015254649999997,0.21803716174999999,0.0,0.0
0.8175018493880328,0.7730426745,0.228406371,0.4223533415,0.0,0.0
0.8047904382157728,0.30979161633333335,0.291965759,0.4811718996666667,0.0,0.0
0.69524102458164,0.01342407475,0.279681707,0.4986524155,0.0,0.0
0.6131419602796679,0.0470042725,0.2236428726666667,0.3652020978333333,0.0,0.0
0.7794251309637265,0.38249222400000005,0.1471007715,0.250828599,0.0,0.0
0.8231437616453086,0.687396452,0.10995260700000001,0.223835429,0.0,0.0
0.8253410606188426,0.8646159405000001,0.12044816583333333,0.21807366666666664,0.0,0.0
0.8129602706069314,0.5283921965,0.14914771799999998,0.22592711450000003,0.0,0.0
0.8014651759332216,0.2357813145,0.138743374,0.22859747,0.0,0.0
0.6948739534259077,0.01295672675,0.15264922525000002,0.268998764,0.0,0.0
0.6130134043962431,0.03627722016666667,0.08865963183333335,0.14409637766666666,0.0,0.0
0.7782422279384645,0.26570080399999996,0.0602304585,0.08682970000000001,0.0,0.0
0.821625230987963,0.48327429650000003,0.06490404550000001,0.084727336,0.0,0.0
0.8205938884462539,0.6740496313333333,0.095999353,0.10603653216666668,0.0,0.0
0.807806712230745,0.4016560105,0.166177315,0.193825575,0.0,0.0
0.7727390289250602,0.07814917974999999,0.19560972775000002,0.29019785325,0.0,0.0
0.6208652970764402,0.008523220750000001,0.19513772,0.29552772625,0.0,0.0
0.7988929457870182,0.159728408,0.24408223875,0.27107071075,0.0,0.0
0.8180045408984519,0.408579644,0.33099791380000004,0.3634888668,0.0,0.0
0.8054218562939107,0.3666371016666667,0.4225677053333334,0.4511069003333333,0.0,0.0
0.771537643747234,0.060895490499999996,0.439713491,0.5226465607499999,0.0,0.0
0.6206710573875153,0.02088924575,0.6261041453749999,0.5860002915,0.0,0.0
0.7991305962420573,0.45239738025,0.658526863,0.607467461,0.0,0.0
0.8195221388195675,0.8547641734000001,0.6459291110000001,0.5653098086,0.0,0.0
0.8061200249667725,0.5534241616666667,0.7342042110000001,0.7033701763333333,0.0,0.0
0.7710567193076847,0.1058036445,0.69527650075,0.7395768017500001,0.0,0.0
0.5776303691204445,0.009730603,0.7278198998571429,0.7478406768571428,0.0,0.0
0.600831669931675,0.3027306043333333,0.6763274423333333,0.6808701156666667,0.0,0.0
0.6841593949959983,0.665254521,0.6024061860000001,0.5771800494999999,0.0,0.0
0.6911231064373666,0.817925915,0.5014569390000001,0.5449249438333333,0.0,0.0
0.6853336113382074,0.3125493025,0.44422825099999996,0.6465085349999999,0.0,0.0
0.5988014964018674,0.011450792333333333,0.3340610504444445,0.5094925395555555,0.0,0.0
0.6014579826423626,0.27106216866666666,0.16724266533333332,0.22343558900000002,0.0,0.0
0.6854800969380719,0.570457078,0.1180798165,0.16868980649999998,0.0,0.0
0.6942769218240955,0.7874577906,0.16812632,0.22457265440000002,0.0,0.0
0.6877138648710849,0.5225051933333333,0.316584481,0.328382059,0.0,0.0
0.6824635638173158,0.2260890375,0.436678358,0.5437231835,0.0,0.0
0.6288446880975382,0.006212676428571429,0.5773289981428571,0.7357569271428572,0.0,0.0
0.6336221897429534,0.04045758033333333,0.7409004593333334,0.8353315526666667,0.0,0.0
0.7774755103147202,0.2050956725,0.7572253689999999,0.8435282675,0.0,0.0
0.8209354290115535,0.474141543,0.714115175,0.7634964763333333,0.0,0.0
0.8171629300670528,0.75983027925,0.6122511495,0.55753305075,0.0,0.0
0.8054436492728817,0.4579543396666666,0.5573079833333333,0.508608841,0.0,0.0
0.7969203281681145,0.12149068999999998,0.372859585,0.4845415005,0.0,0.0
0.6743798091867972,0.0036352931999999996,0.24698786080000001,0.48053266619999996,0.0,0.0
0.5985115986284547,0.00909896325,0.2682653985,0.4683226815,0.0,0.0
0.7224135283207797,0.159795138,0.26174957,0.4625977095,0.0,0.0
0.8098204317959405,0.3784859465,0.2968705645,0.44252303849999997,0.0,0.0
0.8217773401395949,0.5917063798000001,0.3595154226,0.342317771,0.0,0.0
0.808406073257718,0.4426560565,0.15655172350000002,0.2359579465,0.0,0.0
0.7727652263183691,0.06574453325,0.12287795025,0.25049087375,0.0,0.0
0.6118812032904389,0.003833502,0.20150409257142857,0.2887954938571428,0.0,0.0
0.7288580480565077,0.146652275,0.144777622,0.3037974615,0.0,0.0
0.8195920653838048,0.473095047,0.14773991666666667,0.247669934,0.0,0.0
0.8313312540515074,0.6392817998,0.139681426,0.2153759752,0.0,0.0
0.8150646521009683,0.464585563,0.1121770595,0.31580253599999997,0.0,0.0
0.8049817899305571,0.20252806966666667,0.08950702833333335,0.2635222373333333,0.0,0.0
0.642425528153826,0.008229795222222221,0.0485828008888889,0.121444016,0.0,0.0
0.7303763728462689,0.19734575,0.0657145945,0.136210744,0.0,0.0
0.8200377095695666,0.5205405525,0.053726205,0.114734901,0.0,0.0
0.8398485584420134,0.7349544808000001,0.048120289999999996,0.1092893188,0.0,0.0
0.8217591437267784,0.50254599325,0.11048829000000002,0.23763192475,0.0,0.0
0.8054661890235086,0.198891444,0.14951798900000002,0.31315452850000003,0.0,0.0
0.7031923821418469,0.00702235375,0.12093973749999999,0.28172284999999997,0.0,0.0
0.6144929742788144,0.03547876133333334,0.22080821783333338,0.3841524553333333,0.0,0.0
0.782973817371782,0.3443960565,0.1977048965,0.330109898,0.0,0.0
0.8302881645518415,0.7015102386666667,0.17430466833333336,0.271111893,0.0,0.0
0.8320906291068595,0.8758172559999999,0.2851407195,0.41198310825,0.0,0.0
0.8159581958992802,0.6497910275000001,0.4179630395,0.5521881470000001,0.0,0.0
0.8027493630353387,0.2821712773333333,0.42800931699999994,0.6258646643333333,0.0,0.0
0.7477307993572291,0.0119496435,0.418684616,0.6249912559999999,0.0,0.0
0.5779292642421956,0.005594086999999999,0.3956567998571429,0.5793724597142856,0.0,0.0
0.6008009158414724,0.1878671146666667,0.37998087099999994,0.46049407333333336,0.0,0.0
0.683884711675236,0.3092166875,0.351592115,0.416554855,0.0,0.0
0.6878657682071567,0.60688611575,0.31768903350000005,0.38304364700000004,0.0,0.0
0.6833154341824081,0.59830159175,0.41473084175,0.42958852150000004,0.0,0.0
0.6681888091828332,0.0762908038,0.3613938802,0.46090805020000003,0.0,0.0
0.5673997651279077,0.0047976505,0.29825940283333335,0.4385921726666668,0.0,0.0
0.5830663309048911,0.1568529205,0.2459254945,0.3486935055,0.0,0.0
0.6582367735979604,0.3730296065,0.2219293605,0.2764293635,0.0,0.0
0.6922860871907528,0.71008323175,0.11990532825,0.1470838385,0.0,0.0
0.6900274440248371,0.7540479756666668,0.10802155633333332,0.11678416533333334,0.0,0.0
0.6859323437258439,0.36547887075,0.09261601874999999,0.0927444675,0.0,0.0
0.6242798275011143,0.007357118555555556,0.069012927,0.0853144031111111,0.0,0.0
0.7274606514465038,0.23291421950000002,0.0617938215,0.091326608,0.0,0.0
0.8159591102635004,0.5316428995,0.061220929,0.0989790525,0.0,0.0
0.834775466554912,0.852374191,0.06359871966666666,0.11340502699999999,0.0,0.0
0.8215788256846019,0.6341181685,0.082821654,0.18327712499999999,0.0,0.0
0.8096859095181389,0.27609566300000005,0.11076768799999999,0.23347443533333334,0.0,0.0
0.7498582693096096,0.012275313999999999,0.137132767,0.259641498,0.0,0.0
0.6116663669080336,0.0027596295714285715,0.10934023400000001,0.1733805007142857,0.0,0.0
0.7293920299979268,0.1569859985,0.066547121,0.0672718885,0.0,0.0
0.8203989857757616,0.4188428915,0.0423714855,0.041602746999999995,0.0,0.0
0.8367951296485662,0.5917664185,0.03390058633333334,0.04417792,0.0,0.0
0.8145108811565867,0.3095483866666667,0.026628425,0.03904472366666667,0.0,0.0
0.7773590054266891,0.073719021,0.0582514535,0.078464607,0.0,0.0
0.6237295798723198,0.001654105,0.09851555357142858,0.16861492928571428,0.0,0.0
0.7285576245245466,0.1134003735,0.1297605415,0.20948472,0.0,0.0
0.8123398100105766,0.2952426455,0.128531242,0.2408441845,0.0,0.0
0.8279687485689912,0.6226979216666667,0.1966352998333333,0.30607756249999996,0.0,0.0
0.8158897993300473,0.559665002,0.35337708599999995,0.431841535,0.0,0.0
0.8048163154986133,0.27360492033333333,0.39270644466666665,0.5540846583333333,0.0,0.0
0.6419825611302477,0.005212854666666667,0.36067068711111117,0.5786000765555556,0.0,0.0
0.7489986799382046,0.262584331,0.30498629066666666,0.5311697153333333,0.0,0.0
0.8230162040090931,0.6221377770000001,0.256994095,0.3937926305,0.0,0.0
0.8249123693041168,0.8579287998,0.22679238699999998,0.2832412512,0.0,0.0
0.8121439473183482,0.5885980543333333,0.314919433,0.33802346766666663,0.0,0.0
0.7732047630124221,0.11549492524999999,0.3245289325,0.434513928,0.0,0.0
0.6108040431040672,0.0031424144285714284,0.29270220657142854,0.41751844114285713,0.0,0.0
0.7663561735169557,0.36812377775,0.23747390324999998,0.3219860725,0.0,0.0
0.8259014304244395,0.8333356255000001,0.23731860483333334,0.326553446,0.0,0.0
0.8152010336529061,0.6283042715,0.230547844,0.347267848,0.0,0.0
0.8053010346153259,0.2861541583333333,0.21457842400000002,0.32504269666666663,0.0,0.0
0.7482693533427105,0.006729743,0.19768321049999998,0.3422655905,0.0,0.0
0.5778017914799084,0.0028109962857142856,0.14798288285714287,0.30627140457142854,0.0,0.0
0.6236568840574628,0.34447758100000003,0.12100808475,0.2375412905,0.0,0.0
0.6984669534632113,0.7832863748333333,0.16474137783333334,0.19847851966666666,0.0,0.0
0.6936620526507872,0.5508795345,0.22507548049999998,0.2267416985,0.0,0.0
0.6863169788424184,0.225057281,0.18272639933333332,0.225654189,0.0,0.0
0.5993881651761529,0.002391777333333333,0.1530419902222222,0.26649610966666665,0.0,0.0
0.6064777807728645,0.22394855633333335,0.166152458,0.309925261,0.0,0.0
0.6879992465430728,0.55301035,0.1902092705,0.283797112,0.0,0.0
0.6993754017773461,0.6915741585,0.23628382675,0.26506311825,0.0,0.0
0.6936896901881808,0.48523298075000004,0.24447653975,0.24646554775,0.0,0.0
0.6845191167904512,0.1909058115,0.278931755,0.2904464965,0.0,0.0
0.6304163644751013,0.0015974205714285716,0.2511107384285714,0.3720647387142857,0.0,0.0
0.6348642387729246,0.038689503,0.25370369333333337,0.43487671433333325,0.0,0.0
0.784072299154504,0.22099833400000002,0.297306363,0.435639063,0.0,0.0
0.8277681005082999,0.43600626766666667,0.283113743,0.399936134,0.0,0.0
0.8267538874873739,0.49423269966666666,0.2663040616666667,0.3086067851666667,0.0,0.0
0.8107113695484603,0.2136436793333333,0.2538504113333333,0.3576114526666667,0.0,0.0
0.6481997655953929,0.002816743111111111,0.15392627166666667,0.2579021667777778,0.0,0.0
0.7325909843174783,0.193448279,0.099210999,0.156012449,0.0,0.0
0.817195413853726,0.384931368,0.0818893115,0.113500741,0.0,0.0
0.8426023044898843,0.8017815236000001,0.06824866560000001,0.07886046020000001,0.0,0.0
0.8323082315522461,0.6171294097500001,0.06778301175000001,0.07635456775,0.0,0.0
0.7855481277095924,0.10479376975,0.05780199625,0.056100303,0.0,0.0
0.6192320061951374,0.001420958142857143,0.05976944514285715,0.07034459628571428,0.0,0.0
0.7678177032181587,0.23921519633333332,0.04625015366666666,0.042358979,0.0,0.0
0.8463600345508653,0.5414155025,0.0384009165,0.034297487,0.0,0.0
0.8507505603330665,0.778689487,0.0412392378,0.06707577919999999,0.0,0.0
0.8308037291728826,0.5110886573333334,0.11632621833333334,0.17897947366666667,0.0,0.0
0.787349182529967,0.102085757,0.167550953,0.27859189399999995,0.0,0.0
0.638005098678463,0.02009836425,0.17788012700000003,0.23383443512499996,0.0,0.0
0.7965590061805361,0.3386418505,0.134514242,0.18761470000000002,0.0,0.0
0.8416623462319346,0.636562921,0.11334191399999999,0.133568768,0.0,0.0
0.846608855799701,0.824147632,0.08302088866666667,0.08702572233333333,0.0,0.0
0.8293006822847723,0.45277800700000004,0.1145907465,0.146810292,0.0,0.0
0.8126557781058825,0.19321204349999999,0.188925382,0.2067961965,0.0,0.0
0.7349730971121051,0.003956080666666666,0.27476510066666665,0.3181036486666667,0.0,0.0
0.6339178779878026,0.023007316142857143,0.24026085857142856,0.30655292114285715,0.0,0.0
0.8010317084310834,0.3521301115,0.14443446599999998,0.273469896,0.0,0.0
0.8440522465934686,0.6530514780000001,0.1571077735,0.243606979,0.0,0.0
0.8524724928830655,0.84915383525,0.2766453195,0.30425199225,0.0,0.0
0.8332250007814495,0.5768213232499999,0.39793791475,0.3992838765,0.0,0.0
0.8124016229790552,0.186067924,0.460277154,0.5696582855000001,0.0,0.0
0.7075296515035541,0.001315081,0.53706949275,0.659976234,0.0,0.0
0.5912915602662477,0.0014109556,0.466608582,0.5854190842,0.0,0.0
0.6104656724430265,0.2034666505,0.5567471374999999,0.7183735835,0.0,0.0
0.6784456573222442,0.48028430050000004,0.6044412465,0.7073521025,0.0,0.0
0.710272187058133,0.7625058994999999,0.574561103,0.590006987,0.0,0.0
0.7018176891713996,0.6941580329999999,0.6348250506666666,0.6644316936666667,0.0,0.0
0.6952790404093381,0.302124667,0.414044804,0.5565780254999999,0.0,0.0
0.6841838092564491,0.072451613,0.2412800335,0.3921462155,0.0,0.0
0.6104070801750494,0.0014284132222222223,0.21734630244444444,0.36383717044444447,0.0,0.0
0.6077636138494906,0.2532340393333334,0.145848792,0.23327084166666667,0.0,0.0
0.6872101035478393,0.5365846455000001,0.1381900535,0.1851185225,0.0,0.0
0.693714912163038,0.7080508633333333,0.10977441233333333,0.12591431933333333,0.0,0.0
0.6861250746543492,0.27007860375000003,0.22875814625000002,0.17339954975,0.0,0.0
0.6452754692285646,0.0009237963333333334,0.3761310991111111,0.4436024274444444,0.0,0.0
0.767227889963099,0.16173401733333334,0.20032669999999997,0.41293929566666665,0.0,0.0
0.8380427715879923,0.5043104905,0.10805565,0.2961292205,0.0,0.0
0.8432633245033193,0.6157092541666667,0.1163810705,0.24007645066666664,0.0,0.0
0.8278949419433286,0.33489014,0.07025638749999999,0.12823221099999998,0.0,0.0
0.8130000466767959,0.1282090095,0.07962712050000001,0.13601860600000001,0.0,0.0
0.7195701809708891,0.00132439275,0.17568343250000001,0.28546920975,0.0,0.0
0.6305606137064124,0.0008453696,0.3565122872,0.47353015539999993,0.0,0.0
0.7483782345527639,0.1558143085,0.359559265,0.5467823625,0.0,0.0
0.8337522162938628,0.316082213,0.311050591,0.5545517515,0.0,0.0
0.850791772001083,0.42848564016666674,0.313317087,0.5235263026666667,0.0,0.0
0.8280678076904332,0.28464849099999995,0.32764308366666667,0.5927593863333334,0.0,0.0
0.8088853746877702,0.115011859,0.1760008885,0.346429343,0.0,0.0
0.6561069237651067,0.0008229288888888889,0.14686345766666664,0.2545524421111111,0.0,0.0
0.7316773239860797,0.131990429,0.103214943,0.21356233800000002,0.0,0.0
0.8144188628799427,0.37540174449999997,0.0848360705,0.1481204535,0.0,0.0
0.8287333782841908,0.6503701011666667,0.069450856,0.08448625716666668,0.0,0.0
0.816344572170058,0.4338216529999999,0.08544454033333333,0.08055918333333333,0.0,0.0
0.7781472683565798,0.0557829635,0.07472704399999999,0.060808944749999996,0.0,0.0
0.6242781962358567,0.011716146875,0.031153262875,0.036676198374999996,0.0,0.0
0.7866168231655593,0.2115590095,0.017471554,0.040042189000000006,0.0,0.0
0.8319194397189319,0.49954178066666666,0.037222945,0.05276629833333333,0.0,0.0
0.8349762213025766,0.8486481805,0.06846750475,0.066932042,0.0,0.0
0.820070597176283,0.5624599683333334,0.068604198,0.0704806,0.0,0.0
0.8067036812946523,0.1791332455,0.060200044,0.0614356135,0.0,0.0
0.6450804192797582,0.0008143653333333333,0.050717624,0.07539141277777778,0.0,0.0
0.7568459758937642,0.26584186,0.029827210333333336,0.05852483333333333,0.0,0.0
0.8341684931838265,0.6052914165000001,0.04086769,0.0793669935,0.0,0.0
0.8395442305012553,0.746600502,0.0773282214,0.11079008539999999,0.0,0.0
0.8273234012076807,0.5116997465,0.15222601,0.17298775700000002,0.0,0.0
0.8127518958973105,0.19889875199999998,0.14902536166666666,0.16438236633333334,0.0,0.0
0.6251339401407568,0.006182254399999999,0.20036414489999999,0.32379095220000004,0.0,0.0
0.628257635425213,0.184439764,0.212170623,0.3704635415,0.0,0.0
0.6876244373302248,0.44235636999999994,0.29201339049999997,0.434994654,0.0,0.0
0.6948611709812527,0.6136635611666666,0.4064358555,0.5090665850000001,0.0,0.0
0.6848093447488788,0.24896970000000002,0.437953799,0.574811874,0.0,0.0
0.661841923588307,0.020199471333333333,0.5490131005,0.734020937,0.0,0.0
0.5699037707495901,0.04190338428571429,0.6519810004285713,0.8786307547142858,0.0,0.0
0.6606676386359566,0.36679568100000004,0.678364647,0.8534873789999999,0.0,0.0
0.6885871929680865,0.49200519816666666,0.6354898185,0.8270778071666668,0.0,0.0
0.6814970668395844,0.31417117899999997,0.690020852,0.8694490109999999,0.0,0.0
0.6639696373612368,0.03097950183333333,0.5000875201666667,0.7712744533333334,0.0,0.0
0.6152384856585899,0.008023312166666666,0.327460201,0.6249401343333333,0.0,0.0
0.7821030648244238,0.1390905725,0.21050617700000002,0.49533516,0.0,0.0
0.8233198277786644,0.29522922949999997,0.25292796,0.4392065265,0.0,0.0
0.8233967434259993,0.44298278800000007,0.32796000583333335,0.35244405549999996,0.0,0.0
0.8110683481016119,0.2799391785,0.27037588749999997,0.269433228,0.0,0.0
0.73479037115001,0.028624533666666663,0.1174477975,0.168199417,0.0,0.0
0.6165124621249005,0.0144932125,0.08804695366666666,0.06836559999999998,0.0,0.0
0.7903486850504292,0.2370795315,0.0706148795,0.066395065,0.0,0.0
0.8378843228147059,0.5904517023333333,0.07208513266666666,0.08225453633333334,0.0,0.0
0.8451781373039493,0.81402391425,0.1387351295,0.158828569,0.0,0.0
0.8306057938077971,0.569207321,0.199001384,0.251336637,0.0,0.0
0.8175477594943851,0.213671604,0.28283605300000003,0.4580944493333334,0.0,0.0
0.6792209416015509,0.0003059025,0.45999053924999994,0.7080438527499999,0.0,0.0
0.7209418907565347,0.081911241,0.31708037533333333,0.647381972,0.0,0.0
0.8390589810661772,0.26152288925,0.1768840715,0.44607503875,0.0,0.0
0.84557708649771,0.38958628625,0.22374978650000002,0.30168480275,0.0,0.0
0.8179445750973118,0.16746766325,0.43213705700000005,0.44430959400000003,0.0,0.0
0.7292166679614376,0.014755212199999998,0.45608993179999996,0.6259429942000001,0.0,0.0
0.6044968421943,0.0,0.1531264246,0.3456090526,0.0,0.0
0.7706434027489912,0.306798909,0.053847030500000004,0.10429261975,0.0,0.0
0.8276037233431485,0.560312923,0.04774997483333334,0.04758938083333333,0.0,0.0
0.8142328298570091,0.2814693525,0.1432262785,0.180732278,0.0,0.0
0.8078476312744647,0.1459166155,0.31615466999999997,0.41191347450000004,0.0,0.0
0.7471343873276612,0.00738443775,0.62246173575,0.6423471765,0.0,0.0
0.6413389388593108,0.010763221142857143,0.8103693754285715,0.8615403052857143,0.0,0.0
0.785639292601927,0.1966849335,0.8901190910000001,0.8929524010000001,0.0,0.0
0.822777715380659,0.42405500733333334,0.8789103763333334,0.8763283986666667,0.0,0.0
0.8183701787921709,0.5700625082499999,0.81440741975,0.914423017,0.0,0.0
0.8061954927530847,0.4353123703333333,0.6817365383333334,0.8592359443333333,0.0,0.0
0.797704602060537,0.132107362,0.459452863,0.7443229364999999,0.0,0.0
0.6851721297340736,0.00067619625,0.27613452475,0.5430431554999999,0.0,0.0
0.5625962283430638,0.006024163999999999,0.2791157005,0.3909398883333333,0.0,0.0
0.6180204924701864,0.1096840245,0.343943537,0.4814039575,0.0,0.0
0.683476069945756,0.284371206,0.3451674615,0.566340025,0.0,0.0
0.6868712413049477,0.4483539195,0.38676812149999995,0.59299986775,0.0,0.0
0.6820107340972703,0.315242494,0.69380236225,0.6958627525000001,0.0,0.0
0.657239111067366,0.03832096966666667,0.6670685136666666,0.8738202031666668,0.0,0.0
0.5626128474063768,0.010853460333333334,0.4644598701666666,0.7963647690000001,0.0,0.0
0.6508869030005566,0.19595076449999999,0.26789426775,0.6065031369999999,0.0,0.0
0.6861052056826068,0.1728530375,0.18288348399999999,0.456916954,0.0,0.0
0.6854744734086008,0.034428449,0.11925894649999999,0.23775703799999998,0.0,0.0
0.6754295241940291,0.00451652425,0.17776166825,0.151576873,0.0,0.0
0.6126888203373102,0.0,0.17636924271428575,0.20226413028571427,0.0,0.0
0.7496537960260593,0.031222256,0.22980536433333332,0.3638467193333333,0.0,0.0
0.8221083865713397,0.1268188548,0.19524806199999997,0.31185682979999996,0.0,0.0
0.8107064317735744,0.10355033050000001,0.194664538,0.28306293625,0.0,0.0
0.7797748584592279,0.0087944988,0.3113563476,0.3469344316,0.0,0.0
0.6146574342192268,0.0,0.15388430300000003,0.24625881371428568,0.0,0.0
0.768211417553511,0.1231128465,0.10341208674999999,0.1931964465,0.0,0.0
0.823658244284792,0.4868887693333333,0.12674064033333332,0.191693158,0.0,0.0
0.8153470620706607,0.54068010125,0.176770531,0.2841724335,0.0,0.0
0.8054538904791574,0.26940769200000003,0.2528361535,0.402175833,0.0,0.0
0.7737221488307668,0.0347874705,0.25218728949999997,0.37965562624999993,0.0,0.0
0.6230192843344098,0.00789781625,0.2404586925,0.446499119375,0.0,0.0
0.7810409071506675,0.208986489,0.139357331,0.2910299755,0.0,0.0
0.8231121694436446,0.46013265833333333,0.20714754300000002,0.25235275500000004,0.0,0.0
0.8168960876133307,0.4992497436666667,0.2718752533333333,0.2916094873333333,0.0,0.0
0.804418615990455,0.1201980205,0.2413392865,0.3118249855,0.0,0.0
0.7651595964620297,0.006445334333333334,0.2386159366666667,0.37283817533333335,0.0,0.0
0.6194284110478068,0.0,0.33850798028571427,0.5206333215714286,0.0,0.0
0.7565972918156642,0.11892594033333333,0.49495728433333336,0.709708304,0.0,0.0
0.8242476612385585,0.3644480095,0.638354737,0.7497559174999999,0.0,0.0
0.824669250805373,0.5173890379999999,0.7107691046,0.7965555224,0.0,0.0
0.8107405081107558,0.30836031133333336,0.5877838946666666,0.71953516,0.0,0.0
0.7752918053649103,0.02836276325,0.43734513375000006,0.60870537675,0.0,0.0
0.6146322361967815,0.0,0.25960288085714284,0.4481091244285715,0.0,0.0
0.7512444874336522,0.08735166066666666,0.19387833233333332,0.38629976866666665,0.0,0.0
0.822722638468905,0.2629800455,0.175331269,0.332045084,0.0,0.0
0.8180912587858891,0.4676528233333333,0.289477434,0.3596402816666666,0.0,0.0
0.8050121477690135,0.31794172249999997,0.2799325875,0.33397674450000003,0.0,0.0
0.7725151172327778,0.043306108999999995,0.23350083900000002,0.34583805725,0.0,0.0
0.5785596851879306,0.0,0.29953783328571426,0.4477737595714286,0.0,0.0
0.6015541919717838,0.09710025100000001,0.4226335583333334,0.6306991386666666,0.0,0.0
0.6838635435080995,0.189316386,0.581670747,0.7422184295,0.0,0.0
0.6881910745527038,0.30376205624999997,0.774155858,0.80262714475,0.0,0.0
0.6817672391333556,0.21401012266666666,0.8030583726666666,0.8277935036666667,0.0,0.0
0.6750171494535216,0.034219474,0.6614482862,0.8186017541999998,0.0,0.0
0.5829076686668211,0.007358306111111111,0.42174111266666664,0.6846780802222223,0.0,0.0
0.660595035976447,0.111237188,0.3536593925,0.5051197435,0.0,0.0
0.687078708673629,0.14836794257142857,0.32534981685714287,0.3937122588571428,0.0,0.0
0.680216445780222,0.07613036000000001,0.371114129,0.385751542,0.0,0.0
0.6740305160198743,0.00895646075,0.4403845965,0.47525200875,0.0,0.0
0.622758822267274,0.0,0.40312271585714293,0.669836697,0.0,0.0
0.751294718034193,0.13604461,0.4368179476666667,0.6855105883333333,0.0,0.0
0.8218584924129928,0.5157587795,0.490868792,0.6989760085,0.0,0.0
0.8172813361954878,0.7397218893333334,0.5975738646666667,0.759365723,0.0,0.0
0.804634641021927,0.329728571,0.611294512,0.8142544025,0.0,0.0
0.772350526693679,0.033552732999999994,0.49533056225,0.7551956495000001,0.0,0.0
0.612529507153748,0.0,0.3467108734285715,0.5914913694285714,0.0,0.0
0.724219292269245,0.1130247805,0.1996555565,0.4201491305,0.0,0.0
0.8142237315998152,0.49358528766666665,0.16273986199999999,0.2835957416666666,0.0,0.0
0.8209598966464579,0.6065606935000001,0.1092214575,0.140620925,0.0,0.0
0.8090894211491051,0.490681339,0.06974821799999999,0.08235317833333333,0.0,0.0
0.8025068511201059,0.204141513,0.033093792999999996,0.054431834,0.0,0.0
0.7148605415853343,0.0010232511999999998,0.0673272086,0.10976312860000001,0.0,0.0
0.5949408983239575,0.0,0.33962339025,0.48052337800000006,0.0,0.0
0.7189114645290156,0.1036430595,0.46907541125,0.6872369334999999,0.0,0.0
0.8239590791803193,0.42350976650000005,0.44486394149999997,0.7226499925000001,0.0,0.0
0.828248674440326,0.6517000230000001,0.515920355,0.717574977,0.0,0.0
0.8153435568715625,0.49565268866666673,0.49897100666666666,0.7165311710000001,0.0,0.0
0.8063602814552168,0.21115864,0.407680451,0.6958528045,0.0,0.0
0.7195666057421295,0.0022476646,0.3450138808,0.6421387191999999,0.0,0.0
0.6025854979775709,0.0,0.2125536048,0.39036801379999997,0.0,0.0
0.7520985599006264,0.07361206766666667,0.13906763266666666,0.16751971499999999,0.0,0.0
0.8236705885362061,0.268133132,0.150734646,0.156034702,0.0,0.0
0.8266124158408336,0.37198579049999997,0.22817756849999998,0.2534221185,0.0,0.0
0.8119143663647581,0.26028626974999997,0.35630203824999995,0.34750114624999995,0.0,0.0
0.732384019367274,0.013698235833333334,0.2844414693333333,0.4205727651666667,0.0,0.0
0.6161667381866014,0.0016566553333333333,0.2392584381666667,0.41954115616666665,0.0,0.0
0.7795392014489929,0.0916129555,0.268033399,0.44229151050000004,0.0,0.0
0.821251519116228,0.28647343000000003,0.3355515415,0.563108928,0.0,0.0
0.816469874329938,0.4765379273333334,0.515094234,0.7066145588333335,0.0,0.0
0.8036059044764631,0.2460489426666667,0.5037163116666666,0.7508055913333335,0.0,0.0
0.7591497253286746,0.002728577333333333,0.4169824773333333,0.6859241576666667,0.0,0.0
0.5772891115460985,0.001366108625,0.35312660875,0.54444333,0.0,0.0
0.6192062758579384,0.1703952745,0.248887893,0.387790258,0.0,0.0
0.6863328359231613,0.3751355505,0.2247884275,0.3248262685,0.0,0.0
0.6894677485160925,0.4877089725,0.1317040155,0.25625116225,0.0,0.0
0.6859556112220974,0.3971291956666667,0.125236856,0.24841913566666665,0.0,0.0
0.687974672345062,0.15737460749999999,0.175693818,0.2961614185,0.0,0.0
0.6535963033276188,0.001027598,0.2979391734,0.4539536474,0.0,0.0
0.56219116799112,0.002160053,0.3532641228333333,0.6067782348333334,0.0,0.0
0.6189074754841153,0.213273668,0.353185989,0.636207634,0.0,0.0
0.6858838695647411,0.5511006430000001,0.4522662985,0.6408214615000001,0.0,0.0
0.6870867292226898,0.67837199675,0.3926374485,0.59462894525,0.0,0.0
0.6800228233038679,0.5136783773333333,0.3025284273333333,0.4890172796666667,0.0,0.0
0.6821825712124974,0.1197391635,0.1950942315,0.38712987750000005,0.0,0.0
0.6613602494290582,0.0009044342,0.26262541640000003,0.36953817180000004,0.0,0.0
0.6150426914897956,0.0005667323333333334,0.6895043098333332,0.7907917995,0.0,0.0
0.7800467346082571,0.0287844475,0.8045932305,0.9186998075,0.0,0.0
0.8236589757092796,0.08997253875,0.710595921,0.89683390175,0.0,0.0
0.8119222438246998,0.3072076326,0.5445005895999999,0.8456584348000001,0.0,0.0
0.8028103378428089,0.13628240600000002,0.5600504245,0.7980273234999999,0.0,0.0
0.6955397640498729,0.0008467496666666667,0.49494029100000003,0.7691357708333334,0.0,0.0
0.6006017727694393,0.0,0.416659086,0.6409191514999999,0.0,0.0
0.7494875138797089,0.11690151900000001,0.31444436966666667,0.4899394016666667,0.0,0.0
0.8213612918741302,0.3661930365,0.3194484305,0.40029202399999997,0.0,0.0
0.8169379515174193,0.4195398325,0.280075955,0.29688592166666666,0.0,0.0
0.8046455223500454,0.22620665550000002,0.115294341,0.106667115,0.0,0.0
0.7721667796556162,0.0272084825,0.07092797099999999,0.043558134500000005,0.0,0.0
0.6220847072618811,0.000772753875,0.09248270612499998,0.0679780495,0.0,0.0
0.7794477393121082,0.12484770249999999,0.135264305,0.1302629825,0.0,0.0
0.8221735461440787,0.4533550366666666,0.14606775533333335,0.17078449566666665,0.0,0.0
0.8185406899938102,0.5936876092500001,0.16921800425,0.19727291975,0.0,0.0
0.8072694155239366,0.3603076385,0.23017008649999998,0.287625958,0.0,0.0
0.7997746939177651,0.07589489766666667,0.30895028133333335,0.326539739,0.0,0.0
0.6966568003732561,0.0,0.23624381849999998,0.38277895775,0.0,0.0
0.6359385534566256,0.002192932285714286,0.1323267407142857,0.193523355,0.0,0.0
0.8141416192204511,0.09797438800000001,0.24950156266666668,0.30201031133333334,0.0,0.0
0.8181671014939849,0.313325617,0.27229615420000003,0.329563095,0.0,0.0
0.8043050942129053,0.24029512025000002,0.324359112,0.41290468225,0.0,0.0
0.7624950280401945,0.0015591166666666667,0.34415785633333335,0.5020997116666667,0.0,0.0
0.6373093328118622,0.015936180555555554,0.35416836822222225,0.5804154102222223,0.0,0.0
0.8100893087589799,0.2786110455,0.3491068875,0.5736845365000001,0.0,0.0
0.8191491187818284,0.5007007971666666,0.269470803,0.46516211383333333,0.0,0.0
0.8042704387461789,0.22341935150000003,0.23776419575,0.4260882845,0.0,0.0
0.7626723743676883,0.0,0.17407960966666666,0.31278105466666667,0.0,0.0
0.5797323152428968,0.00055901775,0.140261532,0.267858210875,0.0,0.0
0.6232707249262008,0.1725531605,0.11093546500000001,0.26140683,0.0,0.0
0.6870750249816374,0.386177474,0.10168323600000001,0.1892967535,0.0,0.0
0.6879170884913288,0.4954151042,0.0730389088,0.10849695880000002,0.0,0.0
0.6838912267153959,0.258192045,0.08147462475,0.096434031,0.0,0.0
0.6423096746636978,0.00019766233333333333,0.05054854450000001,0.042045390833333335,0.0,0.0
0.5803871300507792,0.04565032614285715,0.06671729242857143,0.05729223928571429,0.0,0.0
0.6860040891735422,0.39257429499999996,0.0738060255,0.0559522395,0.0,0.0
0.6873550026518332,0.6157014775999999,0.08777960180000001,0.0654292238,0.0,0.0
0.6821101055998562,0.303917088,0.100980068,0.09970512449999999,0.0,0.0
0.6834744011548757,0.1199393415,0.1377149735,0.150799224,0.0,0.0
0.6347424661297866,0.0002049352,0.21473665020000002,0.2532046436,0.0,0.0
0.7585523226201941,0.10071467866666665,0.29620939133333335,0.373411797,0.0,0.0
0.8259831770729795,0.2674882345,0.3410252225,0.36169665250000005,0.0,0.0
0.8203297663059814,0.40613723799999996,0.27663754749999997,0.2683928626666667,0.0,0.0
0.8106041113479039,0.21893173049999998,0.220861758,0.24447405849999998,0.0,0.0
0.7807419924720268,0.018654070000000002,0.205602332,0.23952325824999998,0.0,0.0
0.6163992397171111,0.0,0.1356856814285714,0.13433817057142858,0.0,0.0
0.775144656863992,0.15593091025,0.1061641375,0.09260967225,0.0,0.0
0.8229101802460647,0.6026567245,0.08927636533333333,0.06065541183333333,0.0,0.0
0.8116715724530498,0.4456171795,0.0686047595,0.056817445499999994,0.0,0.0
0.766026104718411,0.05449062766666666,0.07502895866666666,0.06981739783333334,0.0,0.0
0.6212769326105801,0.000297257,0.037004504285714286,0.02028480157142857,0.0,0.0
0.8007655289527355,0.20084480400000002,0.02843227333333333,0.019869427999999998,0.0,0.0
0.8248171810977325,0.6394340942,0.020953617400000003,0.017650761600000002,0.0,0.0
0.8134956013402435,0.3831964786666666,0.017459952,0.035468808,0.0,0.0
0.7864005054899719,0.0522523786,0.0710013404,0.0787737104,0.0,0.0
0.6423956833988279,0.012164529333333333,0.1269398531111111,0.12087632066666666,0.0,0.0
0.8202318349970273,0.38312097466666667,0.21739126,0.25298346099999997,0.0,0.0
0.8204311266851424,0.5821033393333334,0.33930014799999997,0.3243978221666667,0.0,0.0
0.8106414642745483,0.2036196455,0.3924837745,0.4520858305,0.0,0.0
0.7807763279149922,0.0084571885,0.5501757225,0.65130600225,0.0,0.0
0.6156438050667706,0.0,0.5876911311666666,0.7341065411666667,0.0,0.0
0.7262581232948222,0.01763603975,0.510935961,0.67955579125,0.0,0.0
0.826193441528112,0.09350531249999999,0.4249098945,0.6098378055,0.0,0.0
0.821312158490835,0.21479432933333334,0.26069354566666664,0.45844567933333336,0.0,0.0
0.8126223571014577,0.1499325155,0.34709557049999995,0.5481811285,0.0,0.0
0.778824787011939,0.00665548575,0.4019355265,0.58000589025,0.0,0.0
0.5793871665880606,0.00012943625,0.44484349450000005,0.6630828633749999,0.0,0.0
0.6242927407992689,0.124992849,0.5378920549999999,0.791843632,0.0,0.0
0.6917105346012655,0.2161535275,0.5509366019999999,0.8189168365,0.0,0.0
0.689060773206671,0.3722931438,0.6727305666000001,0.8467469974,0.0,0.0
0.6852037372209723,0.2900434943333333,0.6755141376666667,0.856598929,0.0,0.0
0.6807942270906908,0.00760965175,0.509372215,0.73824138075,0.0,0.0
0.5823551829621088,0.0028211343333333335,0.5800234932222221,0.7365887416666667,0.0,0.0
0.6627737575186283,0.0965820595,0.4626883045,0.6746187735,0.0,0.0
0.6880777014160091,0.44201219883333326,0.3281101575,0.5811798708333334,0.0,0.0
0.682587555336456,0.25043212600000003,0.32620784199999997,0.5061964915,0.0,0.0
0.6801809216117461,0.023997555400000002,0.38703213840000006,0.5835224532000001,0.0,0.0
0.6171334637704289,0.0,0.5389595362857144,0.7722578422857141,0.0,0.0
0.7586186464670229,0.066626558,0.4117145583333333,0.7722834336666667,0.0,0.0
0.8262570374436475,0.3776532795,0.4062231195,0.6895082450000001,0.0,0.0
0.8222927096744683,0.5298176729999999,0.4640938116,0.5486730378000001,0.0,0.0
0.8132831881081359,0.152608976,0.47635297350000005,0.615538162,0.0,0.0
0.7989925001921763,0.01612784425,0.35894581475,0.6002193392499999,0.0,0.0
0.6578887903062769,0.0,0.36219028775,0.6198958105,0.0,0.0
0.6237582238696839,0.0,0.35774987999999996,0.6322765168,0.0,0.0
0.7892073411164091,0.009719816499999999,0.5861375980000001,0.8126048585,0.0,0.0
0.8282424565332356,0.025763822999999998,0.7698362185000001,0.881919201,0.0,0.0
0.8216169101224414,0.07714002883333333,0.8627004528333333,0.9322701843333333,0.0,0.0
0.8124004799308795,0.1076513475,0.843194111,0.933755798,0.0,0.0
0.7804898031948285,0.00421966975,0.72379034425,0.9102716492499999,0.0,0.0
0.6265941222429098,0.0,0.628817557875,0.846506815875,0.0,0.0
0.7893560212870185,0.020854602,0.6920508329999999,0.8727378435,0.0,0.0
0.8289506072818157,0.086597633,0.714055616,0.887069707,0.0,0.0
0.8261127692308992,0.34129502075,0.72897305475,0.8747608675,0.0,0.0
0.815676151660412,0.29186995775,0.6705108982499999,0.8548225602499999,0.0,0.0
0.7775850545001475,0.00370150375,0.51273779725,0.7748207337499999,0.0,0.0
0.6417972698169233,0.010798867222222223,0.30080914333333336,0.6031615384444443,0.0,0.0
0.8236551048412913,0.30811673733333333,0.280452156,0.5313755720000001,0.0,0.0
0.8232231582918388,0.5069566664,0.3420636712,0.5310306702,0.0,0.0
0.8137337547340023,0.18217723575,0.34549855125,0.57572705225,0.0,0.0
0.7180049615223436,0.0,0.3966055826,0.6731441378,0.0,0.0
0.6409266656744824,0.008694692285714286,0.4207115517142857,0.7178173254285715,0.0,0.0
0.8187894274587508,0.18255411500000002,0.3652005365,0.6824674825,0.0,0.0
0.8264380184611977,0.32174839624999996,0.41543405499999997,0.6722300965000001,0.0,0.0
0.8177458167449717,0.16922235833333332,0.5212766916666666,0.730558829,0.0,0.0
0.8138120266300461,0.0516788675,0.5885148474999999,0.772448338,0.0,0.0
0.7802039300418533,0.00158307725,0.56796914475,0.7689412535000001,0.0,0.0
0.5882150339126817,0.0,0.4336522068,0.7108836194,0.0,0.0
0.5887708927705626,0.0503942058,0.37057442220000003,0.6932764457999999,0.0,0.0
0.6915227414476461,0.410435893,0.395859872,0.703863345,0.0,0.0
0.6910365211573909,0.520229457,0.343661238,0.605592815,0.0,0.0
0.6931543594796423,0.11030257900000001,0.3107356,0.614275354,0.0,0.0
0.6755807623399781,0.0015771428,0.24849610459999996,0.521889175,0.0,0.0
0.573125094976357,0.0,0.19792040785714285,0.3440487557142857,0.0,0.0
0.6250483941923228,0.1067636635,0.2700576385,0.367744454,0.0,0.0
0.6922901677166673,0.1821712,0.34835351449999996,0.533474975,0.0,0.0
0.6905778316803953,0.2852711025,0.6102591015000001,0.728585104,0.0,0.0
0.6840392744067801,0.16019479133333334,0.7597069639999999,0.8213665099999999,0.0,0.0
0.685205345019555,0.0325325565,0.7588391525,0.828001397,0.0,0.0
0.6399878031958548,0.0,0.7403903623750001,0.870418147375,0.0,0.0
0.674285711409726,0.0115734135,0.39270431274999995,0.6331398269999999,0.0,0.0
0.8170046716655415,0.13635764,0.2701142405,0.511222796,0.0,0.0
0.8214794181950034,0.3876084265714285,0.2373472042857143,0.2852165365714285,0.0,0.0
0.8110505174419154,0.1369044285,0.2260897115,0.2498054125,0.0,0.0
0.7358798309530702,0.0006686981666666667,0.3074814083333333,0.4920049075,0.0,0.0
0.6202131279855322,0.0,0.4256729021666667,0.6494777305,0.0,0.0
0.7884630261221028,0.1851439515,0.501440228,0.7402304,0.0,0.0
0.8258989615493832,0.5737918925000001,0.4912477435,0.7936147085,0.0,0.0
0.8276476217689415,0.805836238,0.572447339,0.850489653,0.0,0.0
0.8181790556374748,0.5430433506666666,0.7745000596666666,0.9077174696666667,0.0,0.0
0.7863838818832031,0.0280823536,0.7468703106,0.8936591302,0.0,0.0
0.6169888592152769,0.0,0.5778309348571428,0.796173282,0.0,0.0
0.7752020349095974,0.14140558274999998,0.5654715770000001,0.7557218545,0.0,0.0
0.823039505767064,0.5002115598333333,0.6815744528333333,0.7824783481666667,0.0,0.0
0.8117413405314525,0.325558263,0.759227102,0.8064736775,0.0,0.0
0.7979025679341579,0.02591375475,0.78753056825,0.8561187102500001,0.0,0.0
0.650805240963346,0.0,0.8171647108,0.8987449350000001,0.0,0.0
0.6318028013860959,0.0,0.6079249365,0.8267311009999999,0.0,0.0
0.7884264504384897,0.071287089,0.6209987880000001,0.832063569,0.0,0.0
0.8262323945735617,0.1379634565,0.6093218305,0.852065692,0.0,0.0
0.823043352235656,0.1147410834,0.4789091326,0.7668198766000001,0.0,0.0
0.8129031668532508,0.06108681633333333,0.360564657,0.5269298946666666,0.0,0.0
0.7811603610361036,0.0011405575,0.3616479745,0.39281303599999995,0.0,0.0
0.6175050595803334,0.0,0.7787330034285713,0.8622978015714285,0.0,0.0
0.7754807759027427,0.0420602275,0.908897752,0.9286890897500001,0.0,0.0
0.8249372590369347,0.203389867,0.9256885786,0.9104069577999999,0.0,0.0
0.8196365048870836,0.3069537213333333,0.9235771539999998,0.7801631496666667,0.0,0.0
0.7616410926944094,0.02017267,0.9086463001666666,0.8393755351666669,0.0,0.0
0.5743635261348078,0.003969120625,0.86172561,0.9111751118749999,0.0,0.0
0.6693810846977573,0.301380572,0.828912138,0.9315868385,0.0,0.0
0.6986414240113079,0.571157072,0.8964465282,0.9363880815999999,0.0,0.0
0.6965906593794524,0.3857431533333333,0.8926987686666666,0.935948867,0.0,0.0
0.6808157839165032,0.021018747,0.8055529818333333,0.9314931051666667,0.0,0.0
0.5828365950344989,0.02643928,0.6677138873333334,0.8986285763333335,0.0,0.0
0.6981244450973041,0.40482444100000003,0.5845801515,0.8416655959999999,0.0,0.0
0.6995661972532772,0.5998021683333333,0.459246335,0.7290288533333333,0.0,0.0
0.6989771841195538,0.3357457535,0.5372302625,0.73729848575,0.0,0.0
0.6896286746196227,0.0207996576,0.7196891576,0.8528238264000001,0.0,0.0
0.6433160188689739,0.0029045293333333335,0.8165381008888889,0.8952313623333334,0.0,0.0
0.8296218167645995,0.3070420455,0.8074248485,0.833417116,0.0,0.0
0.8338400741625195,0.6554452178333333,0.7979635976666666,0.813737389,0.0,0.0
0.8286241693705989,0.39566833349999997,0.8294878735,0.8867941585000001,0.0,0.0
0.8039165691279926,0.04005906975,0.77325687025,0.8545118475,0.0,0.0
0.6570502700824256,0.0,0.6174945519999999,0.7380465039999999,0.0,0.0
0.6627698332514127,0.003798096166666667,0.4115770465,0.5690403549999999,0.0,0.0
0.8327008942411618,0.268551437,0.2274188785,0.442230195,0.0,0.0
0.8356803944590345,0.6058773995,0.2417951535,0.4190957435,0.0,0.0
0.8267886877302931,0.48919010049999995,0.34559463500000004,0.49007681049999996,0.0,0.0
0.8234798768441705,0.14852398766666666,0.47372986200000006,0.7283843983333332,0.0,0.0
0.7529010088833347,0.0,0.6419429782,0.8366867062000001,0.0,0.0
0.6393531523958864,0.00024889025,0.903088626125,0.92509141225,0.0,0.0
0.8201855667157613,0.05226425950000001,0.935394761,0.910508361,0.0,0.0
0.8256747526497109,0.09590152600000001,0.9321868236666666,0.9298299034999999,0.0,0.0
0.814956952015923,0.05445556866666667,0.8944567073333333,0.9370156526666666,0.0,0.0
0.7573266107561542,0.0,0.7654585016,0.9206070221999999,0.0,0.0
0.6084066904492312,0.0,0.6122299661666667,0.8824993156666667,0.0,0.0
0.7588184106596426,0.016582169,0.6642815459999999,0.8798319506666666,0.0,0.0
0.8267457798719322,0.11792986350000001,0.8486990205,0.9151003965,0.0,0.0
0.8227598542000403,0.37302650119999997,0.9028784049999998,0.9322381838,0.0,0.0
0.8127774379454759,0.18966326199999997,0.8992117773333334,0.9367089643333334,0.0,0.0
0.780016822605659,0.0006592395,0.8687525610000001,0.93570805475,0.0,0.0
0.6156133003251416,0.0,0.828736005,0.9305316525714286,0.0,0.0
0.7638767351620196,0.078017878,0.7852341909999999,0.9182668429999999,0.0,0.0
0.8354902009785666,0.534599894,0.740755085,0.85686171,0.0,0.0
0.8292474829646626,0.6865257886,0.6885101404,0.7766480154,0.0,0.0
0.8256879199255398,0.370857907,0.729072136,0.8370091625,0.0,0.0
0.8250991430192953,0.051368968,0.6549202945,0.839117909,0.0,0.0
0.7325408070666178,0.0,0.47743216475000005,0.68238275875,0.0,0.0
0.5812109710134067,0.0,0.2880217792857143,0.5439416522857143,0.0,0.0
0.6365874711748147,0.058497148,0.31787876800000003,0.5967108084999999,0.0,0.0
0.7005658714396574,0.226609691,0.39246183349999997,0.6583744985,0.0,0.0
0.6994842830245598,0.350323149,0.6597573785,0.75960871025,0.0,0.0
0.699019063308877,0.11326192625,0.75354666,0.8716966622499999,0.0,0.0
0.6769622530407181,0.000228086,0.7749851418,0.8986319295999999,0.0,0.0
0.582703393554562,0.009102909666666667,0.7337061362222222,0.8936863440000001,0.0,0.0
0.6956207486415222,0.22305367399999998,0.692298101,0.8665104765,0.0,0.0
0.6951927584211178,0.3374264932,0.5762962185999999,0.7642459862,0.0,0.0
0.6981438454292039,0.11607655766666668,0.3347732726666666,0.5617339913333333,0.0,0.0
0.6820942592212549,0.00023689000000000002,0.2649724118,0.48906165679999997,0.0,0.0
0.625683446960517,0.0,0.24089112999999998,0.45617669983333337,0.0,0.0
0.824622276214969,0.12601118975,0.23361223175,0.45922598625,0.0,0.0
0.8560137878644793,0.5123462221666667,0.3878238371666667,0.5064949098333335,0.0,0.0
0.853001628575205,0.2935753155,0.5415987945,0.5636236055,0.0,0.0
0.8554928892911263,0.0215207495,0.5579018975000001,0.569374705,0.0,0.0
0.7301125891215859,0.0,0.525980572,0.5831587122,0.0,0.0
0.6439023396254709,0.0,0.4935254456666666,0.7922189321666667,0.0,0.0
0.85458487530557,0.016891129749999997,0.71016485875,0.88392865825,0.0,0.0
0.8591469821319654,0.25997493033333335,0.9039475871666666,0.936471637,0.0,0.0
0.8564295922994851,0.1118448745,0.9142172035,0.9269673235,0.0,0.0
0.794965975537486,0.0,0.9053564709999999,0.9258568264999999,0.0,0.0
0.628430076685887,0.0,0.8646851062857142,0.934429407142857,0.0,0.0
0.803194687222113,0.077527444,0.7868274043333333,0.9254818213333333,0.0,0.0
0.8643137534910437,0.44942269749999997,0.7439044825000001,0.890106692,0.0,0.0
0.8523264415622326,0.5633364748333334,0.7604136455,0.8420054331666668,0.0,0.0
0.8534893194437602,0.12694024599999998,0.7626665880000001,0.908567518,0.0,0.0
0.770766022692073,0.0,0.5791261710000001,0.8431570514000001,0.0,0.0
0.626843505521399,0.0,0.2463690425,0.4495509988333333,0.0,0.0
0.8076249006080966,0.007401346,0.17363976366666667,0.25231924666666666,0.0,0.0
0.8629849591692162,0.0997386035,0.2985394655,0.3839997,0.0,0.0
0.8463251047674406,0.34348258225,0.45322560624999997,0.5982217329999999,0.0,0.0
0.8344957769358293,0.166225749,0.5954600720000001,0.7869080854999999,0.0,0.0
0.7928495469622645,0.0,0.65018657175,0.8553222847499999,0.0,0.0
0.6288790692157151,0.0,0.6934618950000001,0.8817411074285716,0.0,0.0
0.7902851653381054,0.009498213,0.5163766263333334,0.7407938123333334,0.0,0.0
0.8460339166634094,0.0941605865,0.4684816115,0.621666705,0.0,0.0
0.8356960762674356,0.21124822783333333,0.40009264000000005,0.5258197096666667,0.0,0.0
0.8304666690888783,0.0702633225,0.3202147785,0.451625123,0.0,0.0
0.7924768179410235,0.0,0.30818803175,0.45241693825000007,0.0,0.0
0.6064050294353396,0.0,0.2180222035,0.37611024849999997,0.0,0.0
0.6040323005980169,0.006793024833333334,0.0865944255,0.17897197933333334,0.0,0.0
0.7157047721895087,0.105580296,0.0568855275,0.1518650105,0.0,0.0
0.714906233704918,0.14563739666666667,0.106118288,0.241407155,0.0,0.0
0.7159429255832676,0.09905943033333332,0.13691021433333334,0.238220792,0.0,0.0
0.7259539622628801,0.0200187075,0.210173734,0.265846614,0.0,0.0
0.7050686114058062,0.0,0.31841070325,0.34225882425000004,0.0,0.0
0.6133159233579758,0.0209697128,0.40632878029999997,0.5328195004,0.0,0.0
0.726359495020235,0.488012851,0.2336092085,0.3734010735,0.0,0.0
0.719477827410023,0.48940975966666667,0.12339195800000001,0.18027056900000002,0.0,0.0
0.7355533244688722,0.07503262266666667,0.10667558433333334,0.13167053966666667,0.0,0.0
0.7052106012515275,0.0,0.270968183,0.43892792399999997,0.0,0.0
0.6329793037131758,0.0,0.51401032375,0.65780137525,0.0,0.0
0.623877134452976,0.0,0.735072036,0.83102176,0.0,0.0
0.81600487563082,0.024652691999999997,0.7988100975,0.89057671375,0.0,0.0
0.8499364193399709,0.139122416,0.7931296956666666,0.8869015406666666,0.0,0.0
0.8424819613456686,0.030599207,0.7066736835,0.858731776,0.0,0.0
0.8190989948187145,0.0006347385,0.6771830950000001,0.8482517775,0.0,0.0
0.6428051074602242,0.0,0.6148851235,0.831151737375,0.0,0.0
0.7942540528537934,0.022762800666666666,0.6587410153333333,0.8342904486666667,0.0,0.0
0.8484001038290857,0.253793072,0.7571566916666667,0.8561815383333333,0.0,0.0
0.8386783654212859,0.2688455485,0.76855965275,0.85903564225,0.0,0.0
0.8330856703435874,0.147957726,0.679830837,0.8246701224999999,0.0,0.0
0.8277517329205404,0.0024099826666666665,0.6660343126666666,0.8278120640000001,0.0,0.0
0.6746802752894988,0.0,0.5260398828333334,0.7190587773333333,0.0,0.0
0.6841554265527207,0.0,0.250854295,0.3913061906,0.0,0.0
0.8545539917491827,0.3056086525,0.18045859050000002,0.3041551315,0.0,0.0
0.8472527096176994,0.63042552,0.0775432375,0.2129541245,0.0,0.0
0.8330946313433383,0.70964261825,0.05242691325,0.11559473625000001,0.0,0.0
0.8309765340515571,0.353429554,0.15834546700000002,0.2106876675,0.0,0.0
0.8029548026033598,0.0009049682,0.47045784040000005,0.54287147,0.0,0.0
0.6289298179853546,0.0,0.7181075242857143,0.8491147111428571,0.0,0.0
0.8046702337807257,0.1511772905,0.7865908105,0.91120386925,0.0,0.0
0.834421413996993,0.6996710508333334,0.636555956,0.8745240356666667,0.0,0.0
0.8248133040537168,0.35926832750000004,0.5630885370000001,0.8438692015,0.0,0.0
0.7999488855313879,0.000703887,0.5848173619999999,0.8254755564,0.0,0.0
0.6603225040173588,0.0,0.5142898839999999,0.7846210503333333,0.0,0.0
0.8401742648519449,0.3613748233333333,0.522552361,0.810262068,0.0,0.0
0.8293924719517812,0.5837857021666667,0.37757061666666664,0.6507816103333334,0.0,0.0
0.8259457327322091,0.086675303,0.43624888500000003,0.6343909485,0.0,0.0
0.7920461393129292,0.0,0.6576589122500001,0.7693421885,0.0,0.0
0.6060249853145362,0.0,0.749514762,0.84943825075,0.0,0.0
0.6000822190737698,0.015440532,0.6563221395,0.8238228856666666,0.0,0.0
0.6961162881436026,0.37704834800000003,0.6229061863333334,0.823643422,0.0,0.0
0.6924209942997285,0.5950520327500001,0.5518593605000001,0.8143112374999999,0.0,0.0
0.6890350240324289,0.288394262,0.6075522870000001,0.8677940239999999,0.0,0.0
0.6822958109687981,0.0007639318333333332,0.7265068975000001,0.9063071056666668,0.0,0.0
0.5836214216760175,0.0,0.7055109855999999,0.8975723247999999,0.0,0.0
0.6149112057093157,0.04322416475,0.65703698275,0.8874486305,0.0,0.0
0.7001635389942336,0.4789548655,0.5605576145,0.8800899984999999,0.0,0.0
0.6965997697756496,0.7039397825999999,0.5107358964,0.8403012482000001,0.0,0.0
0.6952404530947125,0.337540567,0.6913741725,0.8942397855,0.0,0.0
0.6822896334194694,0.0006225132857142857,0.7131397615714287,0.8754575774285714,0.0,0.0
0.6182776331823652,0.0,0.31645354719999996,0.5039434542000001,0.0,0.0
0.7947226024714591,0.03921548833333333,0.203340399,0.4364775066666667,0.0,0.0
0.8438768662146978,0.3446040615,0.138231328,0.350848069,0.0,0.0
0.8319802894104396,0.5161132076,0.0991831684,0.20481513820000002,0.0,0.0
0.8252379934215159,0.22564170849999998,0.1465119015,0.250616554,0.0,0.0
0.8000950876657097,0.000625501,0.1882915368,0.2850611112,0.0,0.0
0.6284290838923815,0.0,0.10855671085714284,0.11858244814285715,0.0,0.0
0.7989943823446173,0.02867002466666667,0.07794192866666667,0.038042574333333336,0.0,0.0
0.8505904686324086,0.2515307395,0.067254186,0.028798247,0.0,0.0
0.8335112191676748,0.37967532400000004,0.07611612420000001,0.0339744716,0.0,0.0
0.8253250435262192,0.134407605,0.091885032,0.05912133,0.0,0.0
0.7989542923502215,0.0002223604,0.1492287096,0.1618101356,0.0,0.0
0.6288069890394283,0.0,0.2666199742857143,0.32050914185714285,0.0,0.0
0.7953704948614906,0.011705256999999998,0.32186363566666665,0.39539298633333336,0.0,0.0
0.8446562785849928,0.29755879999999996,0.2814282236666667,0.456162284,0.0,0.0
0.8333356193305909,0.45697280100000004,0.19556576,0.37412899600000005,0.0,0.0
0.8266987191862674,0.21806794133333332,0.10654160033333333,0.17779731566666668,0.0,0.0
0.759225887628765,0.00026988,0.12402129685714285,0.1251744122857143,0.0,0.0
0.6183716966828552,0.0,0.23109342540000002,0.37320153879999995,0.0,0.0
0.7961567499383237,0.019831309666666668,0.3549634056666666,0.6006892106666667,0.0,0.0
0.8564050409178456,0.3775975415,0.4103269185,0.6780933775,0.0,0.0
0.8468413247212383,0.64460506325,0.38863372,0.6054409745,0.0,0.0
0.8469869111058631,0.3448868236666667,0.37239477233333335,0.5686596489999999,0.0,0.0
0.8088517433119431,0.0,0.2927936102,0.4428340962000001,0.0,0.0
0.6458030000542392,0.0,0.1741530185714286,0.19566366785714287,0.0,0.0
0.8357106608214313,0.06344799825,0.12029659825,0.11569933600000001,0.0,0.0
0.8572571169894947,0.29721007299999996,0.1437803105,0.150213547,0.0,0.0
0.8535012522572876,0.0696594245,0.11841655449999999,0.147307291,0.0,0.0
0.8080709166090478,0.0,0.17925201119999998,0.3088374604,0.0,0.0
0.6068019692722928,0.0037209485,0.32904292319999995,0.5449970147000001,0.0,0.0
0.7192973493435794,0.3219093765,0.33470085650000003,0.560528022,0.0,0.0
0.7117494420228908,0.38744315240000005,0.30712802780000004,0.4371887259999999,0.0,0.0
0.7196582826353217,0.074219163,0.277697446,0.40813279,0.0,0.0
0.6777852491616383,0.0,0.22946477837499998,0.36030557837500005,0.0,0.0
0.6024439670732303,0.002011175571428571,0.3232995282857143,0.45837000899999997,0.0,0.0
0.7154233679981624,0.076266074,0.47771858300000003,0.670317544,0.0,0.0
0.7055576053591913,0.11159347316666668,0.631550108,0.7857247115,0.0,0.0
0.706560487487733,0.010627089,0.7549086635,0.874521669,0.0,0.0
0.6820738576197815,0.0,0.7003503006666666,0.8885401758333332,0.0,0.0
0.6870593031454926,0.00498734325,0.664153015125,0.881467697625,0.0,0.0
0.8648941180185467,0.432858793,0.7838588460000001,0.9080603736666667,0.0,0.0
0.8572175009810579,0.498104063,0.8221174775,0.9150234477500001,0.0,0.0
0.8592574711406016,0.12033210566666667,0.7108464686666668,0.9027938459999999,0.0,0.0
0.7961315737200763,0.0,0.8128833035,0.9079514615000001,0.0,0.0
0.626776137685615,0.0,0.9272716639999998,0.8279951073999999,0.0,0.0
0.7316505962347678,0.000506025,0.9289284785999999,0.82985091,0.0,0.0
0.859830170061019,0.0407209185,0.929850475,0.8908183505,0.0,0.0
0.8540359704019979,0.20091224219999998,0.9162057446,0.9343197524000001,0.0,0.0
0.851262729526281,0.1603844475,0.8968636425000001,0.9363291069999999,0.0,0.0
0.8058409342613325,0.0,0.8873444645999999,0.9370446915999999,0.0,0.0
0.6262828537688734,0.0,0.8517223193333333,0.9325320695,0.0,0.0
0.7750616186502887,0.006495544,0.77150822975,0.8832214520000001,0.0,0.0
0.8705761187392174,0.4475683913333333,0.5238211026666667,0.6984664576666666,0.0,0.0
0.8626192390176479,0.46705613579999994,0.5796224170000001,0.6774834588,0.0,0.0
0.8640894988843086,0.0144808075,0.6036371835,0.8088479749999999,0.0,0.0
0.7967697735620017,0.0,0.71841815725,0.8579075489999999,0.0,0.0
0.628738847230004,0.0,0.8998402007142857,0.9301279405714286,0.0,0.0
0.7996955380545562,0.0035877989999999996,0.8869321469999999,0.9373504606666666,0.0,0.0
0.8636751422112314,0.232783625,0.8782289315,0.9374527265,0.0,0.0
0.8574386969305972,0.45220170700000006,0.8773911955999999,0.9372302191999999,0.0,0.0
0.8574126092713997,0.1626916775,0.857268598,0.9258826855,0.0,0.0
0.807687393236885,0.0,0.757015001,0.8560059711999999,0.0,0.0
0.634289695851219,0.0,0.50905816,0.73427577975,0.0,0.0
0.6615901115492123,0.0,0.262692012,0.45125549225,0.0,0.0
0.8561713909084604,0.02846070775,0.37470397175000003,0.401178476,0.0,0.0
0.8639848467295441,0.1309905835,0.4531260325,0.60694099825,0.0,0.0
0.8589288996880976,0.096348316,0.4442955416666667,0.6247875806666667,0.0,0.0
0.8087084672323105,0.0,0.5404721874,0.7114487628,0.0,0.0
0.6075239274185444,0.0,0.7333895242,0.7677900625999999,0.0,0.0
0.6282264272520621,0.0019376859999999999,0.8154358648000001,0.9051851685999999,0.0,0.0
0.7531671639796276,0.304452685,0.7299776996666667,0.9052539846666666,0.0,0.0
0.7542830002510668,0.41319694425000003,0.55731274025,0.8140007650000001,0.0,0.0
0.7649935123796187,0.161066762,0.45665554399999997,0.7612264725,0.0,0.0
0.732262690179263,0.0,0.35284460500000003,0.6546024268,0.0,0.0
0.6182882675585668,0.001167473,0.25123026020000006,0.5014121715,0.0,0.0
0.7348277697341703,0.357105145,0.329439987,0.6553572525,0.0,0.0
0.7586945959190714,0.480510752,0.3719007362,0.6449938897999999,0.0,0.0
0.765610955566615,0.129232674,0.5097880955,0.787818338,0.0,0.0
0.7502617264014715,0.0,0.6122225887999999,0.8863901898,0.0,0.0
0.6511725590264028,0.0,0.7255716651249999,0.9158622059999999,0.0,0.0
0.8211821624261652,0.02534035533333333,0.7989888376666666,0.932888294,0.0,0.0
0.8791351681805845,0.1117182484,0.8609864725999999,0.9334408416000001,0.0,0.0
0.8762383990794538,0.023901927,0.879030603,0.9366431023333334,0.0,0.0
0.8403542903119392,0.0,0.8927704306,0.9365089464,0.0,0.0
0.646352273625354,0.0,0.8964107641250001,0.93412678075,0.0,0.0
0.8195328395341828,0.01218342625,0.8919406065000001,0.9296173035,0.0,0.0
0.8547546092493141,0.0715333352,0.703387156,0.9035490458,0.0,0.0
0.8377959184962581,0.00976545742857143,0.5961053542857142,0.7799969928571429,0.0,0.0
0.6497661214726415,0.0,0.5143260531666667,0.7911675333333333,0.0,0.0
0.7388940430567833,0.0185066654,0.7418390932,0.9073706503999999,0.0,0.0
0.8658792610129985,0.32497354675,0.778479921,0.924189665,0.0,0.0
0.8613344818332592,0.3431515596666667,0.5243950606666666,0.780447354,0.0,0.0
0.8426829751619572,0.0020891521666666665,0.31361526533333334,0.46990159216666666,0.0,0.0
0.6677018497722099,0.0,0.47359693662500013,0.5922554932499999,0.0,0.0
0.8793701760687732,0.12696568875,0.66171546475,0.8056030614999999,0.0,0.0
0.8879467056276308,0.45386223899999995,0.4535810808,0.6901392972,0.0,0.0
0.8994394778177077,0.0430140935,0.42426220950000004,0.610312724,0.0,0.0
0.8402430118915404,0.0,0.3013050628333333,0.5231683046666666,0.0,0.0
0.6451208887344383,0.0,0.26074597266666666,0.43087207499999997,0.0,0.0
0.8485752494593541,0.0217812468,0.5621304488,0.7305301794,0.0,0.0
0.8914130524885033,0.16747777100000003,0.6366809130000001,0.8239991728333335,0.0,0.0
0.851663847119379,0.000785654,0.5980499301428572,0.8212021875714285,0.0,0.0
0.6228215070922273,0.0,0.37469060183333336,0.6436531931666666,0.0,0.0
0.684499365913868,0.053051439,0.300742594,0.49810074200000004,0.0,0.0
0.7545467603765367,0.45993928700000003,0.3124839995,0.48245851250000005,0.0,0.0
0.7757235659497889,0.07011107466666668,0.4514875266666667,0.5930275596666666,0.0,0.0
0.7083615766441452,0.0,0.505016496125,0.649370902,0.0,0.0
0.6375533967523256,0.00033489233333333337,0.5091180356666668,0.6951101811666666,0.0,0.0
0.753144243262489,0.32110384633333333,0.49596705933333335,0.7459778076666667,0.0,0.0
0.7550789555310101,0.231358179,0.42576232675,0.6987936699999999,0.0,0.0
0.7614475235801221,0.0253388045,0.337212911,0.6423249625,0.0,0.0
0.753358963747496,0.0,0.2767889028,0.5303651412000001,0.0,0.0
0.6513448419049371,0.0,0.16754593485714286,0.27047769214285716,0.0,0.0
0.8493455789072366,0.0063918874,0.21671251379999998,0.3261772204,0.0,0.0
0.9003015512255362,0.05247181583333333,0.20162927816666668,0.33549976216666666,0.0,0.0
0.8675156338801484,0.0003452435,0.2655947063333333,0.45043498116666664,0.0,0.0
0.6566623115739835,0.0,0.33663239999999994,0.5564650132857143,0.0,0.0
0.8493919751880978,0.048365868,0.24593564279999997,0.5161790378,0.0,0.0
0.8990650709013341,0.1765000344,0.1088074698,0.2502464622,0.0,0.0
0.8773061910980731,0.010160006999999999,0.1611531947142857,0.16389946057142857,0.0,0.0
0.6594016631352742,0.0,0.3440591128333333,0.3522193163333333,0.0,0.0
0.7783086699547731,0.0,0.44694123249999995,0.52043795175,0.0,0.0
0.9025874547155155,0.1363818755,0.36740621900000003,0.5334666514999999,0.0,0.0
0.8981171604963678,0.2140686665,0.2232565158333333,0.3961127061666667,0.0,0.0
0.8709531682422601,0.0003261031666666667,0.25701714633333334,0.32549253933333333,0.0,0.0
0.6593505584132552,0.0,0.2297321801428571,0.26034371771428566,0.0,0.0
0.8558520807201442,0.0414131242,0.2241223712,0.330543133,0.0,0.0
0.89626834844194,0.2845371338,0.19093075119999997,0.25864728360000006,0.0,0.0
0.9043729146650479,0.028646676599999997,0.167050096,0.17903693939999996,0.0,0.0
0.6950392767561646,0.0,0.0734628108888889,0.05132257066666667,0.0,0.0
0.8652100038758223,0.010264627600000001,0.1059895202,0.0979556532,0.0,0.0
0.9060380954354788,0.11056104566666665,0.24063677716666668,0.2924686623333333,0.0,0.0
0.8713784976575814,0.0,0.46810706683333336,0.6641535078333333,0.0,0.0
0.6541699242400094,0.0,0.463763399,0.69949047975,0.0,0.0
0.6108302952832101,0.0,0.6109493184,0.8049360258,0.0,0.0
0.7170355628571142,0.016883780666666667,0.8114872186666666,0.8829812713333333,0.0,0.0
0.753996767790676,0.03109087514285714,0.7492802898571428,0.8977753314285714,0.0,0.0
0.7149891119191278,0.0,0.6484749557499999,0.875658970625,0.0,0.0
0.6434241863386725,0.007627271666666667,0.6219129407777778,0.8819584818888889,0.0,0.0
0.7466848265321653,0.1458216802,0.572221065,0.8242743548,0.0,0.0
0.7486323375703543,0.004993316142857142,0.6240724122857143,0.8580445421428571,0.0,0.0
0.651443047580136,0.0,0.49451366257142865,0.7671886545714285,0.0,0.0
0.8494653368226779,0.0215086844,0.32640035519999994,0.5348564577999999,0.0,0.0
0.8980127674226136,0.06539432666666666,0.16054403266666667,0.34724199433333336,0.0,0.0
0.8266136159670977,0.0,0.1637414795,0.32180376225,0.0,0.0
0.6538998509534346,0.0,0.34850884449999997,0.4769808418333333,0.0,0.0
0.8720411574917938,0.010170503666666667,0.438652655,0.6435496180000001,0.0,0.0
0.9005772686831962,0.13204546814285714,0.6363841619999999,0.8006636201428571,0.0,0.0
0.9014504084716991,0.0,0.5541194417499999,0.7833392462500001,0.0,0.0
0.7555407348426209,0.0,0.585676683,0.7863490390000001,0.0,0.0
0.6539382554150349,0.0,0.4114251563333333,0.6324599731666668,0.0,0.0
0.8824682957766419,0.03080725475,0.28630581825,0.48906676775,0.0,0.0
0.900873152854388,0.08208559733333333,0.34398587033333333,0.5104168791666667,0.0,0.0
0.9006590023079661,0.0,0.389781942,0.5909788645,0.0,0.0
0.7555880089146199,0.0,0.46892192850000003,0.65217685875,0.0,0.0
0.6536604479112332,0.0,0.3828071691666666,0.5860077521666667,0.0,0.0
0.8721189417467389,0.014729695000000001,0.339661738,0.5399012936666666,0.0,0.0
0.8934070211771158,0.2624149121666667,0.2518684025,0.46825753816666665,0.0,0.0
0.9045118382282974,0.065272441,0.339455391,0.479795871,0.0,0.0
0.8677232830886199,0.0,0.4545701812,0.671919379,0.0,0.0
0.6598135084892526,0.0,0.49414294371428574,0.717099266,0.0,0.0
0.8640306029034269,0.081962802,0.46669943059999996,0.690426829,0.0,0.0
0.9082858230982666,0.4050472316666667,0.297553992,0.5300144838333334,0.0,0.0
0.8595111060633658,0.0,0.41027168757142857,0.5563135442857142,0.0,0.0
0.6289092539689738,0.0,0.33630313000000006,0.4217678755,0.0,0.0
0.6583027774458017,0.0027959691666666667,0.24965568066666669,0.29479275316666664,0.0,0.0
0.7782047226549436,0.2215340018333333,0.18120091766666668,0.20616846999999996,0.0,0.0
0.7938783750085616,0.0518379215,0.16687985449999998,0.1390695665,0.0,0.0
0.7524736521681312,0.0,0.13060201414285716,0.08885009628571429,0.0,0.0
0.6225141418589186,0.0,0.11113869916666667,0.13078895566666668,0.0,0.0
0.7196506474748381,0.020063717749999998,0.2474471935,0.5108543255,0.0,0.0
0.7755185288219282,0.11898377740000002,0.40739284319999997,0.644832351,0.0,0.0
0.7879584646651343,0.0164376205,0.5158138895,0.7818504205000001,0.0,0.0
0.7719353379365269,0.0,0.5205401188,0.7972940317999999,0.0,0.0
0.6730179413122596,0.0,0.53971208275,0.820534218625,0.0,0.0
0.901772609709783,0.0070385533333333335,0.6980810653333333,0.901333824,0.0,0.0
0.9293155564233592,0.16975869899999999,0.7482683336666667,0.8979115111666666,0.0,0.0
0.8949184108269612,0.0059019692857142855,0.7466797248571427,0.9118479745714286,0.0,0.0
0.6680765087914367,0.0,0.7429737420000001,0.8909880385714286,0.0,0.0
0.8823859776609929,0.0219654448,0.7520331378,0.9038522776000001,0.0,0.0
0.9283998965702229,0.1761248484,0.7871772557999999,0.8986922653999999,0.0,0.0
0.9332639310551202,0.010604349666666667,0.8521132706666666,0.9267663516666667,0.0,0.0
0.8369370889585012,0.0,0.8546145025999999,0.9299358818,0.0,0.0
0.6699958565537746,0.0,0.8592556575714285,0.9277417491428571,0.0,0.0
0.9002705990713943,0.0019190606666666665,0.8397579636666667,0.9253806349999999,0.0,0.0
0.9289954125357375,0.10204030783333334,0.7520847485000001,0.8887301351666667,0.0,0.0
0.893668254259408,0.0034141967142857143,0.66172921,0.8156959928571429,0.0,0.0
0.6782913250645393,0.0,0.4082362545,0.5469234638749999,0.0,0.0
0.9089359862374811,0.01551004825,0.31568094725,0.42593366775,0.0,0.0
0.9344471084466272,0.06455699983333334,0.27727846783333326,0.308375833,0.0,0.0
0.8922933833039234,0.0,0.22793518466666665,0.30284100833333333,0.0,0.0
0.6722322762184082,0.0,0.13729120528571429,0.1986134328571429,0.0,0.0
0.8929812559071696,0.004724252,0.137114455,0.2069905108,0.0,0.0
0.945912515899872,0.030256157500000002,0.08643289700000001,0.12114343016666668,0.0,0.0
0.8979401951353857,0.0,0.05975485283333334,0.07179248650000002,0.0,0.0
0.6622061757781047,0.00025190663636363636,0.060844905272727276,0.06507963699999998,0.0,0.0
0.7908152731432069,0.056530903,0.15393789614285716,0.22791621971428572,0.0,0.0
0.7864824152173485,0.0,0.25965966133333335,0.4135596551666667,0.0,0.0
0.6391279196447327,0.0,0.2696594777142857,0.4400585394285715,0.0,0.0
0.6942476063915693,0.0005764925,0.3420909755,0.5472135032500001,0.0,0.0
0.7905235533911824,0.0648029512,0.3653816206,0.6108293154,0.0,0.0
0.796939817765926,0.009695115571428572,0.3788564841428571,0.5825247527142857,0.0,0.0
0.6925780296471237,0.0,0.21840593199999997,0.29656237075,0.0,0.0
0.8971657052423554,0.00191431325,0.151558081,0.19701733524999998,0.0,0.0
0.9500310741536011,0.262008556,0.07799863933333334,0.11756840066666667,0.0,0.0
0.9510171238349729,0.0051709188,0.10680776839999999,0.1511458092,0.0,0.0
0.7235335973800449,0.0,0.07276063133333334,0.10099850833333333,0.0,0.0
0.9092378818415826,0.0333093768,0.07209037439999999,0.0929808336,0.0,0.0
0.9507969931795781,0.2825631036,0.0753742678,0.09420044279999999,0.0,0.0
0.958013730547971,0.011831951,0.172337822,0.2007169905,0.0,0.0
0.8508139916925582,0.0,0.2609143741428572,0.33417548428571425,0.0,0.0
0.6764118165715032,0.0,0.4232264208,0.549699801,0.0,0.0
0.8907900621115017,0.00121943125,0.6505186002500001,0.7471907417500001,0.0,0.0
0.9443227998983437,0.14497696983333333,0.851286398,0.8848713914999999,0.0,0.0
0.9465311172468642,0.004629331,0.9033718669999999,0.927347343,0.0,0.0
0.8863242452695328,0.0,0.9218131208000001,0.9361160734,0.0,0.0
0.671421230196885,0.0,0.9118990337142856,0.9361269775714286,0.0,0.0
0.8781473597781376,0.0,0.8949455,0.93730991,0.0,0.0
0.9395527918577711,0.010759072857142856,0.8402714907142856,0.9358873599999998,0.0,0.0
0.8891230037766773,0.0,0.8987356121666666,0.9372253855,0.0,0.0
0.6764545174920655,0.0,0.8195451363749999,0.9310408416250001,0.0,0.0
0.9076013032480572,0.039710989200000005,0.7841053184,0.919163715,0.0,0.0
0.9225488887496803,0.11554625416666668,0.7458358381666668,0.8941598385000001,0.0,0.0
0.8480021985524372,0.0,0.6926468478333333,0.8831965760000001,0.0,0.0
0.6610588749820907,0.00021246400000000002,0.5625288204000001,0.7980180969,0.0,0.0
0.7918607387568342,0.21223993716666667,0.4308406306666666,0.6644108435000001,0.0,0.0
0.7928055777179519,0.0016325668571428571,0.4349878248571429,0.6092217812857142,0.0,0.0
0.6736712438392347,0.00030711225,0.587613422,0.7991906713333333,0.0,0.0
0.7940286813738292,0.008244595,0.5072738181428571,0.8089448131428573,0.0,0.0
0.7820173039859056,0.0,0.378507324,0.6681800452,0.0,0.0
0.6641935828020714,0.0,0.393470196,0.5831186164285714,0.0,0.0
0.8608699159193323,0.011645789600000001,0.6834928162,0.8579919867999999,0.0,0.0
0.8975841636332861,0.06358453128571429,0.8015892815714285,0.9175939291428571,0.0,0.0
0.8651057448909836,0.0,0.7525671912,0.9032593674000001,0.0,0.0
0.6707854861885503,0.0,0.8328743395714284,0.9142987829999999,0.0,0.0
0.8785332560008872,0.0006262735,0.87228402625,0.9356011715,0.0,0.0
0.9248430218396964,0.368127315,0.8867465124999999,0.9367978781666667,0.0,0.0
0.9327807205935399,0.009069511,0.895693021,0.9365627095,0.0,0.0
0.880450155179061,0.0,0.7867482690000001,0.9089651538,0.0,0.0
0.6815318376657705,0.0,0.397323819,0.6812210531428572,0.0,0.0
0.8962077425784136,0.0004135735,0.22196579174999997,0.39587382,0.0,0.0
0.9300871964376612,0.26614106683333333,0.24293285366666664,0.313934275,0.0,0.0
0.9371033710899873,0.0068038115,0.30000318400000003,0.4218754865,0.0,0.0
0.8590111949452602,0.0,0.40585568066666666,0.5714692698333333,0.0,0.0
0.6677079152295233,0.0,0.4002085695,0.5824742313333333,0.0,0.0
0.8886597118709515,0.0,0.30611102375,0.53887442,0.0,0.0
0.9296193707009598,0.006087978500000001,0.34856504474999994,0.555133726375,0.0,0.0
0.8932488389664295,0.0,0.6404226835,0.8166487555,0.0,0.0
0.6836071537146566,0.0,0.64081836325,0.8381360521250001,0.0,0.0
0.8768205009212712,0.010381282333333334,0.28984851800000005,0.43804758299999996,0.0,0.0
0.9033449065390489,0.011717837,0.7047906713333334,0.746776417,0.0,0.0
0.837513262547185,0.0,0.8212487068333333,0.9255123386666667,0.0,0.0
0.6725444110069803,0.0028531645454545453,0.7806291005454546,0.9079703154545453,0.0,0.0
0.7886634913297687,0.076636627,0.8640839226666666,0.9276333881666666,0.0,0.0
0.7572448355252164,0.0,0.895794922875,0.9152189758749999,0.0,0.0
0.6734268527914475,0.009053330299999999,0.5110176214000001,0.7256615480999999,0.0,0.0
0.7961030839078711,0.16978419385714286,0.617104984,0.7340601732857143,0.0,0.0
0.790129441379609,0.0,0.7625917824,0.8851331520000001,0.0,0.0
0.6697203241433618,0.0,0.8727942902857142,0.9258510088571429,0.0,0.0
0.8829774292033521,0.0,0.8641890765,0.9319556670000001,0.0,0.0
0.9267714612659443,0.250198885,0.8267237245714286,0.9225605985714286,0.0,0.0
0.8655644782807347,0.0,0.8379249105714285,0.9293260024285716,0.0,0.0
0.667369620707991,0.0,0.7922781588333333,0.9182147243333333,0.0,0.0
0.8894011922469908,0.0,0.618637441,0.8505333972500001,0.0,0.0
0.9300482128960628,0.252392056,0.5263609111666666,0.8171796783333333,0.0,0.0
0.9337893405811438,0.0056922595,0.44700449600000003,0.7554080405,0.0,0.0
0.8552268621696548,0.0,0.33131816566666666,0.5579131683333334,0.0,0.0
0.6681403311471588,0.0,0.24751160150000004,0.36835153716666663,0.0,0.0
0.9018013337523711,0.0147364466,0.24709541340000002,0.38767951580000004,0.0,0.0
0.9366641734828849,0.15837067933333335,0.18701739283333332,0.2646914696666667,0.0,0.0
0.8966910139208107,0.0,0.25400019733333334,0.36847445166666665,0.0,0.0
0.6874293387546248,0.0,0.21331655157142856,0.2974193452857143,0.0,0.0
0.9011933043103065,0.0,0.2741311365,0.4520968815,0.0,0.0
0.9435397495218857,0.12266751114285715,0.3378344182857142,0.5512829615714285,0.0,0.0
0.8993768114773065,0.0,0.43538491183333333,0.7000952381666666,0.0,0.0
0.6866909150662899,0.0,0.37309739157142857,0.639206721,0.0,0.0
0.8959209664322436,0.0,0.38335053325,0.6227239712499999,0.0,0.0
0.9431584742194967,0.17144003071428573,0.3282490248571429,0.5404968685714286,0.0,0.0
0.8979267231210302,0.0,0.3012540341666667,0.5354027688333333,0.0,0.0
0.658458742256985,0.0,0.221901138625,0.40752027987499995,0.0,0.0
0.7578392646300369,0.0088322075,0.22090457,0.462835047,0.0,0.0
0.8135659833867763,0.08295284028571429,0.29655687385714286,0.5652346608571428,0.0,0.0
0.7998278017395193,0.0,0.5250924468,0.7276595096,0.0,0.0
0.6515332393048668,0.0,0.7332897957142857,0.8580301841428571,0.0,0.0
0.7533230982698886,0.0244321325,0.754832863,0.8672541785,0.0,0.0
0.814817263403147,0.097083442,0.549635555,0.756689227,0.0,0.0
0.8101370268902249,0.0004288362857142857,0.20983078685714282,0.37755147228571423,0.0,0.0
0.6893045409899042,0.0,0.061343761,0.08164717257142859,0.0,0.0
0.915349494370157,0.0124514564,0.08076241719999999,0.08962827920000001,0.0,0.0
0.9501773855587702,0.13760611928571428,0.11802572600000001,0.10639666542857142,0.0,0.0
0.8669716849996046,0.0,0.24172162716666667,0.24908977050000003,0.0,0.0
0.6752048619149753,0.0,0.22634634816666666,0.2653266208333333,0.0,0.0
0.8956564785363739,0.0,0.26879910525,0.3533888705,0.0,0.0
0.9374122679434403,0.016429310166666666,0.307526609,0.5728733448333333,0.0,0.0
0.8958682419230494,0.00025013414285714284,0.4014149514285714,0.6672752301428572,0.0,0.0
0.6770298618410237,0.0,0.7356867811428571,0.8623048697142855,0.0,0.0
0.8989848604609862,0.0013892804,0.8060210484000001,0.9273622416,0.0,0.0
0.9371109605681816,0.014635768500000002,0.5728193685,0.8607474906666668,0.0,0.0
0.892069860158836,0.0,0.3924430741666667,0.7118114786666667,0.0,0.0
0.6772809603916271,0.0,0.3215360902857142,0.5589307274285714,0.0,0.0
0.8840762539376872,0.0,0.35626422874999997,0.57253398275,0.0,0.0
0.9310282298142081,0.04230098142857142,0.350762924,0.6191514535714285,0.0,0.0
0.843562052520013,0.0,0.39581168375,0.68868679425,0.0,0.0
0.660578819244291,0.0,0.43313695359999993,0.7129231748,0.0,0.0
0.8904642093621712,0.0009754916000000001,0.43923979660000007,0.7543557526,0.0,0.0
0.9270867870841153,0.010715413166666667,0.5368260930000001,0.8249753776666667,0.0,0.0
0.8855110034000151,0.0,0.6179312658333335,0.8510547058333332,0.0,0.0
0.6585640065147906,0.0,0.37960092388888883,0.6601335621111112,0.0,0.0
0.7779722384977187,0.0035224650000000002,0.223735261,0.4019067486666666,0.0,0.0
0.8148887035531461,0.05513435700000001,0.09090057257142857,0.13355862885714284,0.0,0.0
0.8000007681164828,0.0,0.07971442200000001,0.08118640699999999,0.0,0.0
0.6860861292019699,0.0007535928333333333,0.12045154666666667,0.1560714875,0.0,0.0
0.8160835393919353,0.03308358871428572,0.10142202557142857,0.15846375014285716,0.0,0.0
0.8044045709160563,0.0,0.1665978976,0.2307823446,0.0,0.0
0.6942466135927551,0.0,0.16938536557142855,0.28592629585714285,0.0,0.0
0.918250146574896,0.0068056854,0.24879636160000002,0.405222481,0.0,0.0
0.9457625708946794,0.283193992,0.4466289255,0.42175319525,0.0,0.0
0.945898022821936,0.06978446533333334,0.6098209673333334,0.6406697136666666,0.0,0.0
0.8622997215075442,0.0,0.6889228765000001,0.7970429061666667,0.0,0.0
0.6643325747528549,0.0,0.8355993303333333,0.9253534915,0.0,0.0
0.8854018798607756,0.0131669544,0.8533771704000002,0.9352861299999999,0.0,0.0
0.9201003062278428,0.16830356742857142,0.8383003394285715,0.9299546402857144,0.0,0.0
0.8485783492851122,0.0,0.8486895288333334,0.9278819875000001,0.0,0.0
0.6619620975891392,0.0,0.7775482226666668,0.8810175055,0.0,0.0
0.8831249891941815,0.009952381,0.6177671229999999,0.720244435,0.0,0.0
0.9179314993173612,0.13659346916666665,0.4878193436666667,0.6483213245,0.0,0.0
0.9126610587654932,0.0,0.65107078925,0.83856734775,0.0,0.0
0.7011096450643753,0.0,0.6795925774444443,0.8780623285555555,0.0,0.0
0.8731985154514812,0.0017974512,0.6337821225999999,0.8715298184,0.0,0.0
0.9154525175889016,0.04004127328571429,0.6104220141428571,0.875955845,0.0,0.0
0.8461939962250641,0.0,0.6408235575,0.8584740466666667,0.0,0.0
0.660458342055752,0.0,0.6509592478333334,0.8460887513333334,0.0,0.0
0.8751419594115062,0.0,0.46100589375,0.670157643,0.0,0.0
0.9210393893372768,0.1512030324,0.396955367,0.5935826198,0.0,0.0
0.9227511446337278,0.02542748175,0.34855730399999996,0.57307953075,0.0,0.0
0.8326649311808328,0.0,0.442341553,0.6343153058,0.0,0.0
0.6364431801828554,0.0,0.49819676125,0.76199487175,0.0,0.0
0.6907309074477547,0.0008253237142857142,0.46291783142857146,0.7264428685714286,0.0,0.0
0.7909321128429947,0.018451473333333333,0.517844933,0.6794763951666667,0.0,0.0
0.7738601745894493,0.0,0.5519534750000001,0.6501118655714286,0.0,0.0
0.6329628674657278,0.0,0.7524989413333333,0.8371874765,0.0,0.0
0.7079951226824035,0.0,0.7795898427500001,0.8310784167499999,0.0,0.0
0.7943382074098655,0.24400139766666665,0.7452845226666667,0.8019113619999999,0.0,0.0
0.802355656436743,0.2232014554,0.5173247476,0.6409474486,0.0,0.0
0.7969053595583548,0.0,0.20821276360000002,0.23349901239999998,0.0,0.0
0.672608973021475,0.0,0.180172679,0.20734874271428572,0.0,0.0
0.893207129034448,0.0010766694,0.322465938,0.4922692564,0.0,0.0
0.9199088260271954,0.097981228,0.5064123475,0.71975828375,0.0,0.0
0.918165644585689,0.026967332,0.7264122343333334,0.8638039336666666,0.0,0.0
0.8240114411597768,0.0,0.882394155,0.9303862314285715,0.0,0.0
