Demand,Avail_Sol,Avail_Wind_On,Avail_Wind_Off,Hyd_In,HydRoR_In
0.663732840340054,0.0,0.56118977,0.749335745,0.0,0.0
0.6513563175098113,0.0,0.5407219925,0.770711126,0.0,0.0
0.6500001372252374,0.0,0.552879074,0.785097691,0.0,0.0
0.6833717835218155,0.0,0.634021504,0.799841383,0.0,0.0
0.7868179436812084,0.0,0.693884977,0.840414984,0.0,0.0
0.8713391177651427,0.0,0.678240805,0.852483798,0.0,0.0
0.913978766040259,0.0,0.7192814240000001,0.8629939285,0.0,0.0
0.9248044345498442,0.011252827,0.754647757,0.882117271,0.0,0.0
0.9255404285547614,0.03512693,0.740321711,0.828939518,0.0,0.0
0.9251221857408478,0.098357975,0.771690322,0.831015254,0.0,0.0
0.9254992809014065,0.116505281,0.815498118,0.861810812,0.0,0.0
0.9264087350682079,0.145807375,0.848624505,0.902346618,0.0,0.0
0.9258598256459537,0.140704719,0.844140841,0.918281166,0.0,0.0
0.9290280106396149,0.020831159,0.799996033,0.918777616,0.0,0.0
0.935476302285682,0.0,0.739879285,0.910102751,0.0,0.0
0.9367544391352065,0.0,0.680275638,0.895595212,0.0,0.0
0.9195912119573806,0.0,0.6389412015,0.878820009,0.0,0.0
0.8386561000245172,0.0,0.628559354,0.869923525,0.0,0.0
0.7915898807084779,0.0,0.601095328,0.852055873,0.0,0.0
0.7464947244509592,0.0,0.596075212,0.862912137,0.0,0.0
0.6892851558229106,0.0,0.552813573,0.83307341,0.0,0.0
0.6693194547061714,0.0,0.509756631,0.80961719,0.0,0.0
0.6568426002648995,0.0,0.47253568700000004,0.7799779090000001,0.0,0.0
0.6567096705252193,0.0,0.441469575,0.758951955,0.0,0.0
0.6938268489088295,0.0,0.410936699,0.732745931,0.0,0.0
0.8281953653266486,0.0,0.379404456,0.69449464,0.0,0.0
0.9014643985861417,0.0,0.383848905,0.684080181,0.0,0.0
0.9286356450837685,0.0,0.384910559,0.689123793,0.0,0.0
0.939024142778631,0.068670349,0.38942958,0.674217454,0.0,0.0
0.9348354963979645,0.270026204,0.388270145,0.693269776,0.0,0.0
0.9314853473504576,0.348581896,0.351119436,0.635872677,0.0,0.0
0.9287855139352963,0.422377055,0.322253655,0.608240084,0.0,0.0
0.9266268175120757,0.408009397,0.333558637,0.605981481,0.0,0.0
0.9282121901039505,0.265881558,0.358778849,0.610400882,0.0,0.0
0.932939047629966,0.02766865,0.346919015,0.594818258,0.0,0.0
0.9410359878340028,0.0,0.36258798,0.551348708,0.0,0.0
0.9431482330981584,0.0,0.418097385,0.594937158,0.0,0.0
0.925358555989362,0.0,0.489931635,0.6596747224999999,0.0,0.0
0.840752800576687,0.0,0.543778603,0.733716756,0.0,0.0
0.7920685647587387,0.0,0.555890998,0.749806708,0.0,0.0
0.7483120782984992,0.0,0.611442718,0.768939762,0.0,0.0
0.6915143518605025,0.0,0.652184125,0.815305634,0.0,0.0
0.6722628822410847,0.0,0.713562581,0.84658816,0.0,0.0
0.6624847869131939,0.0,0.799519254,0.886586973,0.0,0.0
0.6592406616039421,0.0,0.853332487,0.915608153,0.0,0.0
0.6604215529981915,0.0,0.882928491,0.928721408,0.0,0.0
0.6987857791046361,0.0,0.913169932,0.934237986,0.0,0.0
0.8310543944353934,0.0,0.922445775,0.937116902,0.0,0.0
0.9037779016357761,0.0,0.923270414,0.937451687,0.0,0.0
0.9311853811120876,0.0,0.884621444,0.92336296,0.0,0.0
0.944397292377685,0.001660688,0.781354167,0.90547635,0.0,0.0
0.9449744564941632,0.008150088,0.707897508,0.87765289,0.0,0.0
0.9405418503372414,0.033097282,0.583245531,0.811843023,0.0,0.0
0.938572067373765,0.061079484,0.471138965,0.744533711,0.0,0.0
0.9369076912755576,0.101433886,0.378053333,0.6800115,0.0,0.0
0.9354165923623419,0.09642505,0.266878186,0.532898099,0.0,0.0
0.9373950621946723,0.01516031,0.210875082,0.428172708,0.0,0.0
0.9426294070985687,0.0,0.201362933,0.424403082,0.0,0.0
0.9423094613739802,0.0,0.176779503,0.394797198,0.0,0.0
0.9248739739442915,0.0,0.13606995,0.293367524,0.0,0.0
0.8406183849486988,0.0,0.14973537,0.259340989,0.0,0.0
0.792262050113904,0.0,0.157938564,0.286864229,0.0,0.0
0.7512680329873987,0.0,0.222981568,0.355593668,0.0,0.0
0.6941362791847645,0.0,0.267092256,0.349692063,0.0,0.0
0.6709064275654922,0.0,0.3354287885,0.362844551,0.0,0.0
0.6635307368624301,0.0,0.4075390175,0.41675915799999996,0.0,0.0
0.7033439311924405,0.0,0.427395404,0.453625854,0.0,0.0
0.8317743866576952,0.0,0.434603764,0.473242796,0.0,0.0
0.905137145111092,0.0,0.440358464,0.489497456,0.0,0.0
0.932983852814522,0.0,0.42649412750000004,0.492679943,0.0,0.0
0.9438318323907785,0.045588345,0.404064348,0.479781114,0.0,0.0
0.9417247078040812,0.164448135,0.374686032,0.442270362,0.0,0.0
0.9388274571115347,0.2215468135,0.37058202949999997,0.40738664700000005,0.0,0.0
0.9374514801689944,0.18670381600000002,0.28886069000000003,0.3222405225,0.0,0.0
0.9393191256093726,0.022230639,0.242202716,0.276114859,0.0,0.0
0.9455335157085675,0.0,0.19289344,0.238170919,0.0,0.0
0.9461168977692963,0.0,0.154649135,0.182638982,0.0,0.0
0.9456238576879681,0.0,0.128922448,0.152397426,0.0,0.0
0.9127158079489351,0.0,0.11449777,0.140195007,0.0,0.0
0.8435752540761391,0.0,0.10496734,0.129702992,0.0,0.0
0.7946405662953068,0.0,0.098497719,0.125527557,0.0,0.0
0.7520776355788126,0.0,0.100501615,0.131241736,0.0,0.0
0.6935178760008057,0.0,0.106832978,0.131370578,0.0,0.0
0.6708817389883435,0.0,0.137224866,0.15128438849999998,0.0,0.0
0.6640771089109674,0.0,0.1508702655,0.1822916585,0.0,0.0
0.7021168172487613,0.0,0.129705876,0.196906359,0.0,0.0
0.8327814978662995,0.0,0.122469498,0.202022811,0.0,0.0
0.9055877574440213,0.0,0.122018812,0.197543124,0.0,0.0
0.9334158115376604,0.0,0.1140765775,0.1836318565,0.0,0.0
0.9455507977348676,0.027171189,0.11588399,0.161580741,0.0,0.0
0.9449371492745818,0.095822033,0.124888787,0.16680393,0.0,0.0
0.9438250659617725,0.126622121,0.121303888,0.161197055,0.0,0.0
0.9423610787689255,0.1556273575,0.12474033699999999,0.17480355250000001,0.0,0.0
0.9425792983339821,0.108543442,0.126521786,0.194750688,0.0,0.0
0.9445656318621108,0.019882964,0.123334155,0.192466562,0.0,0.0
0.9502084357415561,0.0,0.120529775,0.189348031,0.0,0.0
0.9520513011163393,0.0,0.11995939,0.184497996,0.0,0.0
0.932892367861266,0.0,0.109028642,0.1598457265,0.0,0.0
0.8461588683281531,0.0,0.093940202,0.131479616,0.0,0.0
0.7981106835256083,0.0,0.096653374,0.138873999,0.0,0.0
0.75819263132189,0.0,0.106990424,0.158726679,0.0,0.0
0.6653325917793678,0.0,0.092310839,0.130379163,0.0,0.0
0.6439245517468799,0.0,0.0837096125,0.097490647,0.0,0.0
0.6448076256549604,0.0,0.0782963105,0.095052292,0.0,0.0
0.6998074748796226,0.0,0.0863456185,0.123185744,0.0,0.0
0.7571110886510155,0.0,0.100296864,0.14754714,0.0,0.0
0.7946531848634192,0.0,0.120046144,0.189302182,0.0,0.0
0.8152764710421635,0.030215398,0.127218358,0.237620844,0.0,0.0
0.8159261464783458,0.134076759,0.121677302,0.302585457,0.0,0.0
0.8152293798355765,0.207334281,0.129399936,0.320093358,0.0,0.0
0.81426012447995,0.278073323,0.141541134,0.339834299,0.0,0.0
0.8137039912607786,0.292427723,0.175592101,0.382600471,0.0,0.0
0.8161375539073336,0.256563816,0.209504776,0.438186435,0.0,0.0
0.8263834978130705,0.045299467,0.267831874,0.52540192,0.0,0.0
0.8403695788860036,0.0,0.320117627,0.589549487,0.0,0.0
0.8434444044909056,0.0,0.36051052,0.626404558,0.0,0.0
0.8421911389724612,0.0,0.385669111,0.636648818,0.0,0.0
0.8222687342612783,0.0,0.391375646,0.605025207,0.0,0.0
0.7914604941951813,0.0,0.371834465,0.551055016,0.0,0.0
0.7550337273145805,0.0,0.331491819,0.484310385,0.0,0.0
0.7194317420808759,0.0,0.275154431,0.393370416,0.0,0.0
0.6968823351493557,0.0,0.239745975,0.313889392,0.0,0.0
0.679023484376936,0.0,0.204694862,0.249179301,0.0,0.0
0.6703363956831645,0.0,0.178838481,0.206993726,0.0,0.0
0.6673759604386489,0.0,0.1253804015,0.1508029775,0.0,0.0
0.669307338990072,0.0,0.083824498,0.100083123,0.0,0.0
0.7116000670157403,0.0,0.0739884255,0.0874469565,0.0,0.0
0.7631992926231649,0.0,0.075117157,0.086002908,0.0,0.0
0.7961487642579304,0.0,0.08656725,0.103692616,0.0,0.0
0.8159644594019531,0.125340452,0.102627451,0.151625038,0.0,0.0
0.8208388083433394,0.391759974,0.12622928,0.224755815,0.0,0.0
0.8218394273653152,0.505555842,0.139704948,0.292194944,0.0,0.0
0.8193708435955301,0.540108669,0.162929979,0.353552825,0.0,0.0
0.8188074867280825,0.496709729,0.190322503,0.396094453,0.0,0.0
0.8197587285957607,0.375082034,0.217222362,0.417721579,0.0,0.0
0.8306648635349743,0.074810703,0.25056196,0.429258097,0.0,0.0
0.842538425101374,0.0,0.271010065,0.444189068,0.0,0.0
0.8428279215981538,0.0,0.2828577,0.458778227,0.0,0.0
0.8312298663026105,0.0,0.2996629085,0.48466353,0.0,0.0
0.771437049153372,0.0,0.301194654,0.487774027,0.0,0.0
0.7183732420126411,0.0,0.286413352,0.471005719,0.0,0.0
0.7143362475048797,0.0,0.274261945,0.478853387,0.0,0.0
0.6962829970130744,0.0,0.2623967955,0.4681644895,0.0,0.0
0.6911301929892276,0.0,0.22488646950000002,0.4058158795,0.0,0.0
0.7312277632128799,0.0,0.193898957,0.342054566,0.0,0.0
0.8534056069208176,0.0,0.172020579,0.29454696,0.0,0.0
0.917562999314249,0.0,0.157562355,0.25018628,0.0,0.0
0.9459213092946721,0.0,0.140313314,0.186979468,0.0,0.0
0.9541101458155313,0.065110019,0.125722369,0.16369957,0.0,0.0
0.9567891311616377,0.230573525,0.10088474,0.120843986,0.0,0.0
0.955139019680372,0.310318483,0.090312986,0.110109139,0.0,0.0
0.9524311394438788,0.328356858,0.084411365,0.095009095,0.0,0.0
0.9508938639112574,0.300086984,0.083818298,0.083825933,0.0,0.0
0.950725250035813,0.21286807,0.092069574,0.084832558,0.0,0.0
0.9543238391922297,0.042350739,0.110498141,0.093285109,0.0,0.0
0.961028983573683,0.0,0.139207402,0.112790131,0.0,0.0
0.9616979525928578,0.0,0.179491638,0.150053992,0.0,0.0
0.942631144412883,0.0,0.2560264725,0.23249343900000002,0.0,0.0
0.8545533515530198,0.0,0.333790041,0.319795553,0.0,0.0
0.8049218058639331,0.0,0.389095417,0.364953042,0.0,0.0
0.7622315917536011,0.0,0.459412807,0.408989175,0.0,0.0
0.7009773935316279,0.0,0.534957611,0.474427883,0.0,0.0
0.6764965166345589,0.0,0.623083327,0.571153437,0.0,0.0
0.6695498585850823,0.0,0.710260433,0.7099944810000001,0.0,0.0
0.711150460461157,0.0,0.760745703,0.7676725,0.0,0.0
0.843061274362989,0.0,0.796701918,0.819646231,0.0,0.0
0.9119705785904086,0.0,0.83284584,0.867218629,0.0,0.0
0.9417838688710639,0.0,0.8671294265,0.89507417,0.0,0.0
0.9482509969551735,0.124818827,0.88480288,0.904358684,0.0,0.0
0.9450711992460664,0.341163655,0.900837878,0.917555988,0.0,0.0
0.9412965894403956,0.442046454,0.910802427,0.925498293,0.0,0.0
0.9391131131002208,0.455841014,0.916645094,0.931749966,0.0,0.0
0.9377883421147388,0.380657066,0.9181123,0.935155907,0.0,0.0
0.9379487264892403,0.243132619,0.914901082,0.93624182,0.0,0.0
0.9393191256093726,0.038687745,0.912925305,0.936415155,0.0,0.0
0.9442936003685242,0.0,0.908400749,0.936019761,0.0,0.0
0.9430525876873681,0.0,0.88681149,0.9334461405000001,0.0,0.0
0.9083636683702825,0.0,0.845445466,0.926996557,0.0,0.0
0.840752800576687,0.0,0.817145929,0.920047925,0.0,0.0
0.791834846188759,0.0,0.791153835,0.916165141,0.0,0.0
0.7489161256000313,0.0,0.707530538,0.890078802,0.0,0.0
0.692115884604689,0.0,0.682500469,0.870542397,0.0,0.0
0.6686802033788368,0.0,0.664183553,0.8414342695,0.0,0.0
0.6613828759859446,0.0,0.5529039015,0.779099836,0.0,0.0
0.6995192585522075,0.0,0.460988115,0.706884531,0.0,0.0
0.8314769349023504,0.0,0.449954601,0.671876278,0.0,0.0
0.904683698197056,0.0,0.42875338,0.656477989,0.0,0.0
0.9320782847885568,0.0,0.406877561,0.6326895475000001,0.0,0.0
0.9430869688373965,0.004803391,0.344125752,0.605491528,0.0,0.0
0.9418455904254166,0.011025202,0.276865939,0.528814941,0.0,0.0
0.9413922349255063,0.020650384,0.245365587,0.490744464,0.0,0.0
0.9410678085709816,0.030813587,0.237814514,0.475567916,0.0,0.0
0.940182860078757,0.029811554,0.239779807,0.480705645,0.0,0.0
0.9398713268320038,0.027217546,0.250602256,0.482220918,0.0,0.0
0.9412603794876064,0.008760119,0.274372132,0.501192801,0.0,0.0
0.9470986802789092,0.0,0.310011311,0.51783575,0.0,0.0
0.9467862325936155,0.0,0.32653468,0.504297347,0.0,0.0
0.9278024511819983,0.0,0.27578257,0.4823104185,0.0,0.0
0.8425065128016285,0.0,0.300069962,0.37212436,0.0,0.0
0.7933334431412696,0.0,0.249087975,0.302142944,0.0,0.0
0.7501506003874961,0.0,0.194503629,0.25523006,0.0,0.0
0.6928254984252057,0.0,0.150697129,0.239766671,0.0,0.0
0.6693829363912098,0.0,0.148840541,0.2101127225,0.0,0.0
0.6615908316026746,0.0,0.16712259499999998,0.231816056,0.0,0.0
0.6992851283957,0.0,0.17829245,0.26210274,0.0,0.0
0.8310543944353934,0.0,0.151366014,0.255793618,0.0,0.0
0.9038760158968493,0.0,0.126367818,0.237497517,0.0,0.0
0.9294579576574205,0.0,0.115746342,0.19798994050000002,0.0,0.0
0.9399818768329375,0.007760601,0.101657099,0.179147342,0.0,0.0
0.9403380325103152,0.019042463,0.100257866,0.17186373,0.0,0.0
0.9393418025555088,0.026116386,0.098806544,0.18465072,0.0,0.0
0.9384940240130359,0.026683938499999997,0.137620576,0.2398694085,0.0,0.0
0.938448807390593,0.014199833,0.184768122,0.290398828,0.0,0.0
0.9407071724123087,0.005581308,0.223722786,0.363394373,0.0,0.0
0.9467202134605396,0.0,0.236442594,0.400444228,0.0,0.0
0.9478123631428345,0.0,0.258600728,0.429439729,0.0,0.0
0.9296726568867852,0.0,0.290351895,0.45227968100000004,0.0,0.0
0.8435752540761391,0.0,0.311954725,0.472414805,0.0,0.0
0.7946405662953068,0.0,0.334716159,0.497777913,0.0,0.0
0.7529325919138579,0.0,0.327337276,0.441259278,0.0,0.0
0.69392203717467,0.0,0.353118841,0.471368392,0.0,0.0
0.671107045154808,0.0,0.383222829,0.49654028149999996,0.0,0.0
0.6651007020121489,0.0,0.4079095115,0.5348435915,0.0,0.0
0.7052260239293714,0.0,0.417523955,0.559671133,0.0,0.0
0.8366978383623607,0.0,0.419647778,0.559756124,0.0,0.0
0.9078410019369193,0.0,0.424153816,0.565549478,0.0,0.0
0.9355097689228493,0.0,0.43390389949999997,0.5832229065,0.0,0.0
0.9464910669346221,0.020971264,0.419954621,0.581556873,0.0,0.0
0.9468840724636701,0.032576436,0.43016771,0.56949678,0.0,0.0
0.9459122567693145,0.053496822,0.437728485,0.567524511,0.0,0.0
0.9449468875545244,0.114272065,0.4358319355,0.5652674175000001,0.0,0.0
0.9448795426193414,0.091337392,0.430545058,0.600323392,0.0,0.0
0.9459878770611441,0.032027627,0.458318185,0.639807849,0.0,0.0
0.9518051468064991,0.0,0.479232946,0.663596021,0.0,0.0
0.951716450727287,0.0,0.482493053,0.665209661,0.0,0.0
0.9324613235023478,0.0,0.48262512550000003,0.660857179,0.0,0.0
0.8450722049798203,0.0,0.490460921,0.672218718,0.0,0.0
0.7958510382602078,0.0,0.490870903,0.686035122,0.0,0.0
0.754306694420895,0.0,0.43973886,0.646799247,0.0,0.0
0.6616273615792249,0.0,0.4829521035,0.690495683,0.0,0.0
0.640669750977094,0.0,0.495336346,0.7240270639999999,0.0,0.0
0.6404561947215844,0.0,0.49637337550000005,0.748610246,0.0,0.0
0.6946085626111635,0.0,0.5209657265000001,0.7695164265000001,0.0,0.0
0.771622510726538,0.0,0.525676398,0.7839263030000001,0.0,0.0
0.813669427208178,0.010740437,0.536127904,0.796489394,0.0,0.0
0.8173831384095905,0.023774719,0.591021973,0.837066688,0.0,0.0
0.8186812091869111,0.034260494,0.616520204,0.825700208,0.0,0.0
0.8183486448942104,0.053237591,0.5525272695,0.768521076,0.0,0.0
0.8194311934177515,0.035401175,0.515324864,0.727646002,0.0,0.0
0.8268946429451138,0.013986254,0.514871012,0.727648054,0.0,0.0
0.8402411983740143,0.0,0.52943364,0.742138569,0.0,0.0
0.8422639246831841,0.0,0.553859521,0.769673233,0.0,0.0
0.8300124449318109,0.0,0.5971004259999999,0.7963942185,0.0,0.0
0.7890280289640595,0.0,0.591906132,0.78340751,0.0,0.0
0.7519649368256774,0.0,0.553131857,0.760619706,0.0,0.0
0.7182977589163209,0.0,0.492455823,0.704478786,0.0,0.0
0.676073084619753,0.0,0.4581869625,0.6742849525,0.0,0.0
0.6571520533572057,0.0,0.417175112,0.642878023,0.0,0.0
0.6529458049264779,0.0,0.4024811915,0.637292246,0.0,0.0
0.6701894071941268,0.0,0.4083433055,0.671258295,0.0,0.0
0.7412270956638267,0.0,0.41784080199999996,0.714633973,0.0,0.0
0.7952740569719813,0.0,0.435417271,0.747766414,0.0,0.0
0.815896520126311,0.023468459,0.446924738,0.768324761,0.0,0.0
0.8202573464251767,0.056525877,0.437847803,0.738884077,0.0,0.0
0.8208910200787438,0.149481189,0.491922109,0.755211162,0.0,0.0
0.820252042993787,0.149412594,0.558343722,0.748761977,0.0,0.0
0.8210564335679369,0.136272339,0.530600302,0.735964457,0.0,0.0
0.8288479669067047,0.066623928,0.538603446,0.744155433,0.0,0.0
0.8423468600374158,0.0,0.583432728,0.787998537,0.0,0.0
0.844405613322482,0.0,0.671219336,0.836918418,0.0,0.0
0.8326943563474705,0.0,0.7659584245,0.8738620850000001,0.0,0.0
0.7919251881681596,0.0,0.800527518,0.892422087,0.0,0.0
0.7553933119878445,0.0,0.807182704,0.898053862,0.0,0.0
0.7200567746469724,0.0,0.786190815,0.894121204,0.0,0.0
0.7038549619453458,0.0,0.81359973,0.9043587855,0.0,0.0
0.6868165492367544,0.0,0.8168625725,0.9210990315,0.0,0.0
0.6838200641256508,0.0,0.859532252,0.929524945,0.0,0.0
0.7233141585718587,0.0,0.891819418,0.931358071,0.0,0.0
0.8512626380378348,0.0,0.898909388,0.933862019,0.0,0.0
0.9161968978471604,0.0,0.902154915,0.934764861,0.0,0.0
0.9440149851255424,0.0,0.9098084184999999,0.9364810809999999,0.0,0.0
0.9538658203827723,0.02060974,0.912757841,0.937064236,0.0,0.0
0.9532695453629128,0.034754219,0.909423079,0.937056886,0.0,0.0
0.9528086918237075,0.044960775,0.91768848,0.937137477,0.0,0.0
0.9522343623626567,0.039128661,0.9228718695,0.9372994085,0.0,0.0
0.9513291143604526,0.02152641,0.924722056,0.937409821,0.0,0.0
0.9517972829620599,0.008705897,0.923689787,0.935236264,0.0,0.0
0.9549085929107695,0.0,0.925601601,0.890330571,0.0,0.0
0.9532751232596413,0.0,0.927933158,0.900882209,0.0,0.0
0.9325744338420104,0.0,0.929026723,0.917740481,0.0,0.0
0.8199487392479767,0.0,0.9251074290000001,0.925522277,0.0,0.0
0.7534782096843758,0.0,0.907545803,0.937473764,0.0,0.0
0.6946138661168737,0.0,0.91076987,0.937384343,0.0,0.0
0.6724649857187085,0.0,0.887196701,0.9275081789999999,0.0,0.0
0.6658128303900114,0.0,0.8136748414999999,0.918240357,0.0,0.0
0.7041147634923359,0.0,0.777491807,0.912459444,0.0,0.0
0.8317743866576952,0.0,0.746105025,0.908984268,0.0,0.0
0.9049357960601283,0.0,0.70777181,0.89888526,0.0,0.0
0.9312863299542674,0.0,0.6500937985,0.8793756475000001,0.0,0.0
0.944136324966148,0.056867141,0.61334323,0.862210177,0.0,0.0
0.9431947755227084,0.132199845,0.443959504,0.790388857,0.0,0.0
0.9428078049610185,0.150502711,0.383134609,0.725104493,0.0,0.0
0.9427378539800435,0.173965877,0.356772507,0.675432189,0.0,0.0
0.9424104102161601,0.155697884,0.361252239,0.6450728219999999,0.0,0.0
0.9445656318621108,0.075601237,0.377260277,0.615783568,0.0,0.0
0.9504982978948394,0.0,0.381660308,0.588432407,0.0,0.0
0.9520523983831316,0.0,0.356797571,0.581965037,0.0,0.0
0.9340757281801186,0.0,0.362312677,0.5225385165,0.0,0.0
0.8223486522061514,0.0,0.3632479125,0.507704879,0.0,0.0
0.7577258800108362,0.0,0.347516624,0.484289889,0.0,0.0
0.688227935998361,0.0,0.358886692,0.4604506345,0.0,0.0
0.6725880856899998,0.0,0.3326313275,0.41859167399999997,0.0,0.0
0.6721910109689024,0.0,0.324812574,0.394172737,0.0,0.0
0.7147143028853622,0.0,0.292423103,0.382460275,0.0,0.0
0.8431720986063003,0.0,0.24923628,0.334945898,0.0,0.0
0.9118846256781775,0.0,0.21763547,0.301361971,0.0,0.0
0.9416745076253689,0.0,0.207832956,0.318676175,0.0,0.0
0.9528442617289747,0.081852867,0.249035128,0.3512718,0.0,0.0
0.952340706198993,0.204775201,0.202956681,0.326170816,0.0,0.0
0.9496495593554038,0.249449264,0.205625063,0.351173657,0.0,0.0
0.9469378387594577,0.2803205655,0.1866557435,0.35035110999999997,0.0,0.0
0.9461655434619459,0.199745525,0.228908939,0.387399185,0.0,0.0
0.949432208373184,0.090441766,0.276188735,0.421463957,0.0,0.0
0.9561878271757273,0.0,0.29429244,0.444129666,0.0,0.0
0.9569860912940729,0.0,0.269968999,0.427517335,0.0,0.0
0.9378084587221458,0.0,0.2443264275,0.4252794565,0.0,0.0
0.8489602907816575,0.0,0.258668138,0.416394424,0.0,0.0
0.800058703981489,0.0,0.294919643,0.424351363,0.0,0.0
0.7610788178580664,0.0,0.271171628,0.401303439,0.0,0.0
0.7009773935316279,0.0,0.309161637,0.425747596,0.0,0.0
0.6795997341291942,0.0,0.36546427299999995,0.4777917015,0.0,0.0
0.6719586639824133,0.0,0.3838721195,0.487440389,0.0,0.0
0.7114864537497442,0.0,0.373462696,0.455476866,0.0,0.0
0.8421991856451523,0.0,0.357077196,0.437520201,0.0,0.0
0.9102282962526612,0.0,0.341867757,0.416042845,0.0,0.0
0.9315295125618119,0.0,0.303185477,0.394424938,0.0,0.0
0.9433031309900572,0.0,0.263028183,0.349408776,0.0,0.0
0.9482509969551735,0.02282842,0.211267852,0.316452216,0.0,0.0
0.9499611841649237,0.064193754,0.129552349,0.242065612,0.0,0.0
0.9496495593554038,0.095746944,0.139638662,0.241682044,0.0,0.0
0.9497838835692662,0.07980704150000001,0.167152185,0.256839181,0.0,0.0
0.9496930843705953,0.058516046,0.158548553,0.248931207,0.0,0.0
0.9508488758241294,0.034029017,0.142029056,0.232688376,0.0,0.0
0.9564381875758442,0.0,0.11829582,0.217676288,0.0,0.0
0.9568991325291751,0.0,0.08738948,0.188263164,0.0,0.0
0.9375621215097335,0.0,0.0682620375,0.138167369,0.0,0.0
0.8483340237532594,0.0,0.061411954,0.105941179,0.0,0.0
0.7989475349585796,0.0,0.062819454,0.094647279,0.0,0.0
0.7611466657195827,0.0,0.058457185,0.088361002,0.0,0.0
0.6929306077992405,0.0,0.058511328,0.062498567,0.0,0.0
0.6799096673314625,0.0,0.036461115,0.047047015,0.0,0.0
0.696094632261047,0.0,0.038984682500000006,0.042468423,0.0,0.0
0.8468071721065247,0.0,0.040593155,0.050672268,0.0,0.0
0.9143743319080361,0.0,0.044025049,0.06151921,0.0,0.0
0.9437363699568808,0.0,0.060081844,0.076083021,0.0,0.0
0.9537005897218309,0.08184791,0.080017198,0.094852696,0.0,0.0
0.9532695453629128,0.182861046,0.079645782,0.116881098,0.0,0.0
0.9518874421132087,0.251552036,0.074280787,0.124591714,0.0,0.0
0.950079415033404,0.344336313,0.087159552,0.140002576,0.0,0.0
0.94885147806531,0.310654081,0.097388204,0.152369502,0.0,0.0
0.94725147519999,0.207130239,0.096224019,0.169678874,0.0,0.0
0.9513687989418708,0.126608256,0.110866815,0.198340697,0.0,0.0
0.9562554920603509,0.001393986,0.142921781,0.230269618,0.0,0.0
0.9560038514165488,0.0,0.176815653,0.270326569,0.0,0.0
0.9356412584812843,0.0,0.200499955,0.3167358645,0.0,0.0
0.8227009673754353,0.0,0.20328197399999998,0.3242547995,0.0,0.0
0.7579932938276184,0.0,0.215025893,0.318955803,0.0,0.0
0.6745691157124184,0.0,0.20748611,0.297721018,0.0,0.0
0.6560703277094386,0.0,0.202925605,0.315909102,0.0,0.0
0.6437212824047089,0.0,0.204716605,0.313573472,0.0,0.0
0.6426091075291329,0.0,0.201128635,0.3202709735,0.0,0.0
0.6968078122729593,0.0,0.2317983575,0.325651169,0.0,0.0
0.7547016660225335,0.0,0.247602085,0.361941389,0.0,0.0
0.7910652939839077,0.001240132,0.260019535,0.378155247,0.0,0.0
0.8135338228992716,0.108196453,0.250696144,0.364392814,0.0,0.0
0.8167335545361748,0.198880391,0.237988694,0.349955103,0.0,0.0
0.816345943778322,0.266535675,0.24393724,0.346175245,0.0,0.0
0.8158683568462128,0.295355583,0.267028435,0.324143618,0.0,0.0
0.8141381445918222,0.190007288,0.27880619,0.324754355,0.0,0.0
0.8150210813787141,0.135742062,0.227457704,0.296249056,0.0,0.0
0.8234148331419328,0.059415059,0.208228927,0.29050123,0.0,0.0
0.8375950396175532,0.001382459,0.198450631,0.280912399,0.0,0.0
0.8400395749320321,0.0,0.210873371,0.299356993,0.0,0.0
0.8271127253146613,0.0,0.19402608100000002,0.292417094,0.0,0.0
0.765817791025861,0.0,0.14792801900000002,0.23153500500000002,0.0,0.0
0.7120221503377474,0.0,0.086778126,0.116745225,0.0,0.0
0.6755056358925255,0.0,0.071181435,0.09253232,0.0,0.0
0.6521446833363338,0.0,0.069482038,0.10400395200000001,0.0,0.0
0.6434672643247501,0.0,0.064117181,0.1029213225,0.0,0.0
0.6619235330908846,0.0,0.04585124,0.063225538,0.0,0.0
0.7199106091080292,0.0,0.036342506,0.041956473,0.0,0.0
0.758019811207528,0.0,0.034642345,0.033261977,0.0,0.0
0.795581109737439,0.001883862,0.032268124,0.025109781,0.0,0.0
0.8157454626681854,0.178867372,0.032308948,0.019269209,0.0,0.0
0.8190334330163895,0.296909604,0.030012521,0.029379187,0.0,0.0
0.8188169049099435,0.373438215,0.02898454,0.021452588,0.0,0.0
0.8158979831982477,0.382760805,0.037552253,0.021240288,0.0,0.0
0.8157839585686851,0.328708091,0.043481195,0.023397347,0.0,0.0
0.8169217363856301,0.247285482,0.048054279,0.026834049,0.0,0.0
0.8274632117555049,0.140786057,0.056699754,0.042230956,0.0,0.0
0.8417543340372035,0.0021112,0.077414652,0.06946078,0.0,0.0
0.8444255471016373,0.0,0.108750665,0.112040382,0.0,0.0
0.8422251543916657,0.0,0.146972922,0.172621513,0.0,0.0
0.8225798104374019,0.0,0.205243689,0.238981057,0.0,0.0
0.7913829537607855,0.0,0.256598067,0.304979949,0.0,0.0
0.7543934244275167,0.0,0.295476026,0.351985053,0.0,0.0
0.7180592856226682,0.0,0.311731442,0.414987988,0.0,0.0
0.6970800724505017,0.0,0.357458291,0.4682827985,0.0,0.0
0.6813237971857296,0.0,0.4030319375,0.5347307615,0.0,0.0
0.6805069022739644,0.0,0.452650452,0.605350929,0.0,0.0
0.720086675241385,0.0,0.489385096,0.656262167,0.0,0.0
0.847360562158715,0.0,0.514307451,0.690801039,0.0,0.0
0.9148798078778658,0.0,0.526694935,0.712676705,0.0,0.0
0.9428455693255499,0.000556437,0.526330126,0.746360758,0.0,0.0
0.9529293002026653,0.017591552,0.515055652,0.768320887,0.0,0.0
0.953175088707361,0.044408643,0.512862591,0.74076495,0.0,0.0
0.9528086918237075,0.091184951,0.519144648,0.746646728,0.0,0.0
0.9522151601194697,0.091424623,0.528713467,0.733113478,0.0,0.0
0.9514191819488347,0.091864843,0.459563131,0.690874186,0.0,0.0
0.9509044707740368,0.067324165,0.374392756,0.655527833,0.0,0.0
0.9525408665690386,0.061022287,0.339380433,0.634801788,0.0,0.0
0.9571699754904845,0.001753597,0.351057048,0.608666867,0.0,0.0
0.9568991325291751,0.0,0.3025865,0.561515975,0.0,0.0
0.9542588260604612,0.0,0.245355012,0.51751434,0.0,0.0
0.9185661786749539,0.0,0.226069437,0.476453819,0.0,0.0
0.8474852852138237,0.0,0.219671614,0.473215983,0.0,0.0
0.7981975507277392,0.0,0.192779433,0.45770122,0.0,0.0
0.7576389670273219,0.0,0.13053489,0.32825211,0.0,0.0
0.6972172311711505,0.0,0.128132843,0.294368568,0.0,0.0
0.6758082081766879,0.0,0.13285186999999998,0.2999122105,0.0,0.0
0.6701102665666054,0.0,0.187598247,0.3301304425,0.0,0.0
0.715023595965788,0.0,0.244295951,0.399998295,0.0,0.0
0.8435395927567461,0.0,0.277110467,0.496854361,0.0,0.0
0.9119705785904086,0.0,0.328514311,0.562788094,0.0,0.0
0.9361414308710835,0.0,0.403527884,0.631859986,0.0,0.0
0.947991584029699,0.001317593,0.476619649,0.701129647,0.0,0.0
0.9526977761662705,0.029403846,0.526626626,0.750207818,0.0,0.0
0.9498563033262035,0.048105811,0.537731703,0.755927689,0.0,0.0
0.9495946958671444,0.064111431,0.549991458,0.775487166,0.0,0.0
0.9476378972769247,0.070042627,0.573496593,0.790401686,0.0,0.0
0.9462734415613837,0.066358364,0.595493099,0.808127675,0.0,0.0
0.9441781126670249,0.063393548,0.644175811,0.835970049,0.0,0.0
0.9443643742252731,0.023950353,0.694966536,0.865361828,0.0,0.0
0.9462055936998676,0.001663284,0.762719558,0.896591008,0.0,0.0
0.9447813369441422,0.0,0.825677687,0.918491189,0.0,0.0
0.9244232244901733,0.0,0.8720078065,0.9318025375,0.0,0.0
0.8393623762632736,0.0,0.894522621,0.93647451,0.0,0.0
0.7916064311244894,0.0,0.902562545,0.937152122,0.0,0.0
0.7443986639463115,0.0,0.912728226,0.937461093,0.0,0.0
0.6748723280441029,0.0,0.9153531065,0.9374584095,0.0,0.0
0.6515284746859596,0.0,0.9045769985000001,0.937373351,0.0,0.0
0.6498549317575772,0.0,0.875386788,0.937083152,0.0,0.0
0.6835393001304675,0.0,0.831183467,0.934577234,0.0,0.0
0.7851910576308343,0.0,0.771017938,0.925334868,0.0,0.0
0.8694140486464168,0.0,0.743477578,0.915833642,0.0,0.0
0.912308812193964,0.0008914025,0.8060724895,0.9205555475,0.0,0.0
0.9214678185089903,0.024106207,0.85745572,0.931541457,0.0,0.0
0.9197316625527269,0.030150594,0.879656752,0.923630084,0.0,0.0
0.9116882143277794,0.032835016,0.889909796,0.908885117,0.0,0.0
0.9061138985060133,0.032969733,0.893659287,0.883193689,0.0,0.0
0.9003656653030927,0.03434596,0.894845367,0.815871238,0.0,0.0
0.8954985401586236,0.02371431,0.893112625,0.784794925,0.0,0.0
0.8963375862738204,0.017184067,0.900351999,0.880004469,0.0,0.0
0.9034252205870273,0.001212389,0.905312339,0.924321972,0.0,0.0
0.9059114521882571,0.0,0.908510919,0.935515315,0.0,0.0
0.8976998472328153,0.0,0.904241663,0.937375449,0.0,0.0
0.8404261798372183,0.0,0.89375166,0.93703865,0.0,0.0
0.792007666303121,0.0,0.890385343,0.93679185,0.0,0.0
0.741639029193684,0.0,0.876634151,0.934753315,0.0,0.0
0.6743090854814728,0.0,0.8585833775,0.930620172,0.0,0.0
0.652500153184806,0.0,0.8555274775,0.9203882975,0.0,0.0
0.6511788797186445,0.0,0.846762733,0.927531545,0.0,0.0
0.684980838912493,0.0,0.827743319,0.927381658,0.0,0.0
0.7980027852775297,0.0,0.830846868,0.930579476,0.0,0.0
0.8746613779235699,0.0,0.82951668,0.933335705,0.0,0.0
0.914269725534655,0.0013812855,0.814328099,0.932071179,0.0,0.0
0.9248562804801042,0.17567228,0.783239821,0.927113665,0.0,0.0
0.9249748771537288,0.349109159,0.750584646,0.916017638,0.0,0.0
0.922941543833139,0.426765344,0.756492359,0.91197396,0.0,0.0
0.9222039039280333,0.429774256,0.7137041,0.899516774,0.0,0.0
0.921128213396265,0.37855669,0.713022116,0.880020451,0.0,0.0
0.9203745715599031,0.300194298,0.674701539,0.857226397,0.0,0.0
0.9231188444287965,0.17850243,0.61724719,0.81726191,0.0,0.0
0.9297262402056802,0.004877722,0.597780432,0.790566872,0.0,0.0
0.9297210282627368,0.0,0.591056728,0.789071681,0.0,0.0
0.9146929518305176,0.0,0.547232749,0.753901031,0.0,0.0
0.8379663742017723,0.0,0.497563911,0.727955915,0.0,0.0
0.790648514241931,0.0,0.468327458,0.700782301,0.0,0.0
0.7443986639463115,0.0,0.413968962,0.664653362,0.0,0.0
0.6881182090218418,0.0,0.353512208,0.61445799,0.0,0.0
0.6684634467370761,0.0,0.316584905,0.546265232,0.0,0.0
0.6576012255088899,0.0,0.254572244,0.46625567749999997,0.0,0.0
0.6596275865328896,0.0,0.232220417,0.412375888,0.0,0.0
0.6970918680685197,0.0,0.21377782,0.38603947,0.0,0.0
0.8291839144139085,0.0,0.188422977,0.345985715,0.0,0.0
0.9027658525779655,0.0,0.190081493,0.319421979,0.0,0.0
0.9287329363204271,0.0014908125,0.19845287550000001,0.3492750515,0.0,0.0
0.9384830056380493,0.144387958,0.177825952,0.352268434,0.0,0.0
0.9391671535640655,0.212514215,0.162790405,0.356172948,0.0,0.0
0.9369132690236454,0.274309012,0.173055657,0.344024303,0.0,0.0
0.9344311522472075,0.2716783,0.207350217,0.34071502,0.0,0.0
0.9335875343852302,0.218822874,0.227609216,0.332965852,0.0,0.0
0.9319935663386273,0.175256122,0.183451281,0.325165112,0.0,0.0
0.9329529462931225,0.132777011,0.162350377,0.314502046,0.0,0.0
0.9394208059132004,0.006074369,0.171399465,0.310042903,0.0,0.0
0.9386812457168877,0.0,0.191115035,0.328084526,0.0,0.0
0.920916303040944,0.0,0.21706985299999998,0.37117134549999997,0.0,0.0
0.8397680005090746,0.0,0.248523482,0.42245837,0.0,0.0
0.7921155645511996,0.0,0.260650284,0.449169382,0.0,0.0
0.7479637864655607,0.0,0.298369369,0.488734828,0.0,0.0
0.6687814723190983,0.0,0.295185686,0.480621131,0.0,0.0
0.6425002035027083,0.0,0.2646167345,0.44679249099999996,0.0,0.0
0.6310095664196022,0.0,0.2337160855,0.38700654700000003,0.0,0.0
0.6504055785684664,0.0,0.21043814500000002,0.35021064999999996,0.0,0.0
0.7100088422104388,0.0,0.179311079,0.290140378,0.0,0.0
0.7472831588009159,0.0,0.189928549,0.281725855,0.0,0.0
0.7856354521681538,0.00294566,0.208136808,0.299747894,0.0,0.0
0.8068309646141697,0.117105714,0.24960939,0.360581187,0.0,0.0
0.8074826517556851,0.173618887,0.329033291,0.47720068,0.0,0.0
0.8061670247096866,0.210661295,0.416886491,0.529830744,0.0,0.0
0.8034831016630145,0.24776201,0.500906785,0.60522511,0.0,0.0
0.8013112380382854,0.234434302,0.582596571,0.69223988,0.0,0.0
0.8006148372006605,0.169588698,0.63872861,0.768752099,0.0,0.0
0.8087737731271072,0.068425405,0.696288109,0.815452573,0.0,0.0
0.8246164355583687,0.003033818,0.76007663,0.859351206,0.0,0.0
0.8274869859684335,0.0,0.812552371,0.895353211,0.0,0.0
0.8270925173674487,0.0,0.87062454,0.900379397,0.0,0.0
0.8097860048645289,0.0,0.9045273,0.9282295,0.0,0.0
0.7607189132353618,0.0,0.922595337,0.936890487,0.0,0.0
0.7036379995846416,0.0,0.921791587,0.937499315,0.0,0.0
0.6576936476427373,0.0,0.918654159,0.9373472945,0.0,0.0
0.6270251722687609,0.0,0.9127943555,0.9369447675,0.0,0.0
0.6253010863958542,0.0,0.9105232679999999,0.936122538,0.0,0.0
0.6709601938612797,0.0,0.923103329,0.9366629485,0.0,0.0
0.7528742766133407,0.0027644205,0.9304206445000001,0.9300186015,0.0,0.0
0.7919710906938283,0.132006216,0.932203833,0.910461732,0.0,0.0
0.7956276523106299,0.246190268,0.919221049,0.923690054,0.0,0.0
0.7950772798164388,0.288742995,0.910644389,0.921204653,0.0,0.0
0.7915029219435803,0.396837713,0.915137342,0.915965631,0.0,0.0
0.7908387534294619,0.401325743,0.9164354945,0.919985877,0.0,0.0
0.8007082880035457,0.257560672,0.906805481,0.932507315,0.0,0.0
0.8173152905480743,0.008069585,0.880221951,0.931605594,0.0,0.0
0.8218823123329845,0.0,0.832264826,0.918405275,0.0,0.0
0.8130239580109133,0.0,0.7437174965,0.9005445624999999,0.0,0.0
0.7569932235133592,0.0,0.6234756015,0.8767184205,0.0,0.0
0.7005321761185346,0.0,0.555494443,0.84976057,0.0,0.0
0.6763096835522229,0.0,0.51185138,0.8167672269999999,0.0,0.0
0.6519349446982263,0.0,0.653774926,0.777269722,0.0,0.0
0.6499800206178302,0.0,0.788192294,0.718180564,0.0,0.0
0.6831792126051908,0.0,0.85601486,0.776831556,0.0,0.0
0.7823817714815317,0.0,0.88645304,0.852975534,0.0,0.0
0.8632016701039141,0.0,0.909710693,0.911494808,0.0,0.0
0.908296094751144,0.0,0.9267383985,0.9289923545000001,0.0,0.0
0.919759734418699,0.006973391,0.931649124,0.9333491,0.0,0.0
0.9196019103829266,0.032236135,0.926804004,0.936395151,0.0,0.0
0.9192356050620399,0.086968541,0.917900957,0.937013512,0.0,0.0
0.9198898981007065,0.16369973300000001,0.8926002685000001,0.934813592,0.0,0.0
0.9204914307705725,0.137667247,0.88777914,0.932498761,0.0,0.0
0.9241582337422907,0.091302382,0.893080865,0.932831913,0.0,0.0
0.9298438310266384,0.008855256,0.89359936,0.934309337,0.0,0.0
0.9336789734827823,0.0,0.898507128,0.936277761,0.0,0.0
0.9189439139573551,0.0,0.912156909,0.9371887555,0.0,0.0
0.8386561000245172,0.0,0.921904611,0.937451468,0.0,0.0
0.791442480707233,0.0,0.925607891,0.937488342,0.0,0.0
0.7464947244509592,0.0,0.925657838,0.937492832,0.0,0.0
0.6893599530903255,0.0,0.924991722,0.93744078,0.0,0.0
0.6685446447769934,0.0,0.919595143,0.937335254,0.0,0.0
0.6568426002648995,0.0,0.9096064269999999,0.9371515495,0.0,0.0
0.6729460700958177,0.0,0.8848456455,0.9347343015,0.0,0.0
0.8156774318297765,0.0,0.873016304,0.932498576,0.0,0.0
0.8941006179545561,0.0,0.864572087,0.93323163,0.0,0.0
0.9256883771894024,0.0039408765,0.8294533,0.9346217815,0.0,0.0
0.9344108528115486,0.195269862,0.792492103,0.930658333,0.0,0.0
0.9313390446160051,0.268830548,0.757431167,0.92712923,0.0,0.0
0.9286219291745434,0.35441819,0.791965887,0.926983698,0.0,0.0
0.9266067009046686,0.48412898,0.769491783,0.921215066,0.0,0.0
0.9243293163936974,0.434325575,0.755108543,0.912178135,0.0,0.0
0.9244105144336147,0.309735114,0.694612251,0.898680903,0.0,0.0
0.9290280106396149,0.198919868,0.606146737,0.875571704,0.0,0.0
0.9376399362608273,0.012716512,0.572028575,0.858551066,0.0,0.0
0.9399039705933974,0.0,0.573785418,0.844263503,0.0,0.0
0.9400632577011065,0.0,0.558272048,0.827057702,0.0,0.0
0.9068855538303234,0.0,0.558531035,0.828759367,0.0,0.0
0.8406816609147938,0.0,0.575187241,0.840905612,0.0,0.0
0.7921155645511996,0.0,0.619102596,0.860053797,0.0,0.0
0.748481789440736,0.0,0.616360725,0.853609601,0.0,0.0
0.6822707871817475,0.0,0.6531750789999999,0.8686054750000001,0.0,0.0
0.6620615148359481,0.0,0.685224287,0.8588806075,0.0,0.0
0.6612487118582832,0.0,0.716825828,0.861359572,0.0,0.0
0.6992851283957,0.0,0.753817852,0.885478683,0.0,0.0
0.8314769349023504,0.0,0.77319018,0.899285587,0.0,0.0
0.9049357960601283,0.0,0.79507236,0.904656483,0.0,0.0
0.9262193645378342,0.0,0.829117448,0.918459345,0.0,0.0
0.9384576769390579,0.001702537,0.858228621,0.928386852,0.0,0.0
0.9440734148051974,0.010545036,0.863412543,0.934511772,0.0,0.0
0.9410753980244023,0.014312595,0.831264604,0.934484398,0.0,0.0
0.936657147898548,0.018577767,0.847345384,0.934198646,0.0,0.0
0.9316947430741125,0.037278729,0.8447864,0.930615706,0.0,0.0
0.9263492081217604,0.033046986,0.832986713,0.924779789,0.0,0.0
0.9230460588667146,0.038104788,0.855155156,0.919357955,0.0,0.0
0.9255727065110104,0.034451221,0.862828316,0.919467014,0.0,0.0
0.9358762572206285,0.006320257,0.839078601,0.917801983,0.0,0.0
0.9383376173421374,0.0,0.775000703,0.920258039,0.0,0.0
0.924600067940881,0.0,0.7808841950000001,0.9104173065000001,0.0,0.0
0.8418844520121481,0.0,0.809834485,0.916195178,0.0,0.0
0.7931841228488176,0.0,0.816225069,0.918325194,0.0,0.0
0.734882770417939,0.0,0.7787863880000001,0.9017604785,0.0,0.0
0.6943839879063469,0.0,0.8444315495,0.9212715695,0.0,0.0
0.6874804206178033,0.0,0.8306938385,0.9201028149999999,0.0,0.0
0.7272369912545481,0.0,0.824246489,0.919443461,0.0,0.0
0.8540387317923477,0.0,0.814583308,0.918570951,0.0,0.0
0.9307942500185428,0.0,0.819709215,0.920171466,0.0,0.0
0.9692171343399574,0.0065713065,0.8033415294999999,0.9186244960000001,0.0,0.0
0.9723324216949882,0.243207065,0.778948146,0.918011804,0.0,0.0
0.9708334590859741,0.358197761,0.758847357,0.902289961,0.0,0.0
0.9687404161393258,0.343274611,0.739052971,0.895534827,0.0,0.0
0.9675087301515846,0.366867639,0.672364744,0.883040079,0.0,0.0
0.9665365488007253,0.379540459,0.690525924,0.865654336,0.0,0.0
0.9664751015630707,0.309744098,0.762469403,0.848906961,0.0,0.0
0.9682089715716237,0.203330031,0.800157385,0.854625094,0.0,0.0
0.9759630147139171,0.024829971,0.773415441,0.820921071,0.0,0.0
0.9766428651355307,0.0,0.753692231,0.771707884,0.0,0.0
0.9583643541100034,0.0,0.670596118,0.7369483514999999,0.0,0.0
0.8766269546481287,0.0,0.59106708,0.729923054,0.0,0.0
0.8272527187650577,0.0,0.547869038,0.734207123,0.0,0.0
0.7879481320447326,0.0,0.522699302,0.795876709,0.0,0.0
0.7151684812610463,0.0,0.502162375,0.82726112,0.0,0.0
0.6910908056151994,0.0,0.47382410649999995,0.7880797390000001,0.0,0.0
0.6844376901408987,0.0,0.4579334705,0.7432237655,0.0,0.0
0.7245603832702784,0.0,0.446446142,0.69604823,0.0,0.0
0.8544098835483149,0.0,0.442823526,0.662351033,0.0,0.0
0.9301287556279968,0.0,0.468895546,0.634660573,0.0,0.0
0.9658670309995134,0.0,0.505057954,0.633234451,0.0,0.0
0.9739762239665181,0.00363905,0.518918453,0.639406108,0.0,0.0
0.974357708342887,0.041695017,0.526299249,0.653813821,0.0,0.0
0.9741975069452781,0.09905429,0.504620011,0.635118974,0.0,0.0
0.9738311100616247,0.142996234,0.476892379,0.649680327,0.0,0.0
0.9742185378425849,0.133491465,0.455375379,0.651761587,0.0,0.0
0.9747733908180714,0.140256268,0.432153416,0.630182282,0.0,0.0
0.9771105765178676,0.084849672,0.443271211,0.625721689,0.0,0.0
0.9826872698501111,0.058480494,0.450922063,0.633136299,0.0,0.0
0.990187386400892,0.008203349,0.434072823,0.621979626,0.0,0.0
0.9907127045871101,0.0,0.42441623,0.601673904,0.0,0.0
0.9894117078145568,0.0,0.417894609,0.58774106,0.0,0.0
0.9586341912186463,0.0,0.38862314,0.573520303,0.0,0.0
0.8917669068833888,0.0,0.363322847,0.565671997,0.0,0.0
0.8431129374649973,0.0,0.356221835,0.572590202,0.0,0.0
0.806509098747015,0.0,0.34665526,0.574629476,0.0,0.0
0.7278180872189256,0.0,0.304457107,0.547646368,0.0,0.0
0.706701989717129,0.0,0.276549389,0.5186971875,0.0,0.0
0.7017341213751029,0.0,0.285746547,0.530338108,0.0,0.0
0.7168821431737458,0.0,0.237502861,0.4960451505,0.0,0.0
0.7668873094690825,0.0,0.213337164,0.485898928,0.0,0.0
0.8128076128813598,0.0,0.230072484,0.49866308,0.0,0.0
0.8431892892184748,0.005926077,0.261767073,0.532925872,0.0,0.0
0.8572461442967976,0.054895542,0.305984452,0.572702151,0.0,0.0
0.8578058435587237,0.101301462,0.344693369,0.606382239,0.0,0.0
0.858132647275085,0.154373254,0.333031619,0.600016146,0.0,0.0
0.8585801506358888,0.124583239,0.366072683,0.6009223,0.0,0.0
0.858403764478772,0.109760489,0.391266243,0.602792735,0.0,0.0
0.8590428329035342,0.068980306,0.400136897,0.620691992,0.0,0.0
0.8670256569152416,0.063266088,0.391228506,0.637338428,0.0,0.0
0.879509849383928,0.014448044,0.408545891,0.654838113,0.0,0.0
0.8799361388705323,0.0,0.440359716,0.670030896,0.0,0.0
0.8768539067891022,0.0,0.470613478,0.687349068,0.0,0.0
0.8408820041874114,0.0,0.535259437,0.716163698,0.0,0.0
0.7963268878780024,0.0,0.586809584,0.729725485,0.0,0.0
0.7626470914005335,0.0,0.612062477,0.734162402,0.0,0.0
0.7230150609163252,0.0,0.641460213,0.739701666,0.0,0.0
0.6988436142951913,0.0,0.6753291625,0.7645974185,0.0,0.0
0.68258654955811,0.0,0.695947512,0.7995833864999999,0.0,0.0
0.6971990119642588,0.0,0.7296554955000001,0.8335808,0.0,0.0
0.7552735266333017,0.0,0.746488415,0.863529388,0.0,0.0
0.8034415882045153,0.0,0.754194864,0.887818638,0.0,0.0
0.8380599164187833,0.015878426,0.744226281,0.898933049,0.0,0.0
0.854020992695418,0.14039715,0.729218236,0.898159157,0.0,0.0
0.8562186420897677,0.230778073,0.705596849,0.863274312,0.0,0.0
0.8564536409034323,0.295096764,0.66952147,0.833185132,0.0,0.0
0.8553619026590246,0.28565751,0.606419838,0.7980242495000001,0.0,0.0
0.8563877131844824,0.197216262,0.546760324,0.766089405,0.0,0.0
0.8653091604957559,0.125417037,0.532325681,0.76114865,0.0,0.0
0.8777693959232616,0.026923897,0.502574973,0.760431328,0.0,0.0
0.8790041907344874,0.0,0.496512644,0.76999236,0.0,0.0
0.8655357468315851,0.0,0.4760245765,0.735027453,0.0,0.0
0.8121407926887068,0.0,0.41009340250000004,0.6242293635,0.0,0.0
0.7638121180590361,0.0,0.325214299,0.495059065,0.0,0.0
0.7401721617869876,0.0,0.291140415,0.42498163600000005,0.0,0.0
0.7277743335940992,0.0,0.256056241,0.3523241135,0.0,0.0
0.7298641763031369,0.0,0.246711713,0.323333952,0.0,0.0
0.7729742333461878,0.0,0.234269635,0.299975881,0.0,0.0
0.8922380016288695,0.0,0.205820249,0.261836488,0.0,0.0
0.9771535072669203,0.0,0.171415451,0.205227006,0.0,0.0
0.9981930701869876,0.031558726,0.154040446,0.171303252,0.0,0.0
0.9921118156207367,0.207528504,0.124258791,0.137086582,0.0,0.0
0.9909959831396393,0.306277805,0.094975509,0.089302919,0.0,0.0
0.9898054449538937,0.335343695,0.091200755,0.075647629,0.0,0.0
0.9886215817830282,0.367464778,0.078390642,0.056003061,0.0,0.0
0.9887515167810802,0.357397379,0.067772016,0.045990844,0.0,0.0
0.9891935338079222,0.294803396,0.052396853,0.041688151,0.0,0.0
0.989941140676926,0.176893605,0.040204024,0.04543163,0.0,0.0
0.9976980185489672,0.043570879,0.044060639,0.050464553,0.0,0.0
0.9983462309132127,0.0,0.051640578,0.04166131,0.0,0.0
0.9790355543711086,0.0,0.059163011,0.0301434805,0.0,0.0
0.8957126907545923,0.0,0.057187987,0.019720447,0.0,0.0
0.8475934577042801,0.0,0.05456921,0.016545843,0.0,0.0
0.8116694692592705,0.0,0.051922478,0.017535425,0.0,0.0
0.7531059606616162,0.0,0.050339088,0.015149237,0.0,0.0
0.7354296225021177,0.0,0.04873256199999999,0.0203657995,0.0,0.0
0.7327617242030733,0.0,0.048173195,0.0288265905,0.0,0.0
0.7756027442712041,0.0,0.049922654,0.037172938,0.0,0.0
0.8922014260195767,0.0,0.051220393,0.042991949,0.0,0.0
0.9587245330494061,0.0,0.052479818,0.041488185,0.0,0.0
0.9945729927653529,0.0,0.051636939,0.035860305,0.0,0.0
0.9979271650748847,0.022856619,0.053180068,0.036623165,0.0,0.0
0.9931641891588467,0.187108211,0.049259558,0.051922415,0.0,0.0
0.9909959831396393,0.247355201,0.067100846,0.099798582,0.0,0.0
0.98951649709051,0.32971875,0.073779235,0.101862702,0.0,0.0
0.988553093725349,0.34064782,0.065287908,0.093426056,0.0,0.0
0.9885033509145478,0.255747841,0.055840916,0.089023595,0.0,0.0
0.9891935338079222,0.182291346,0.050639225,0.082506511,0.0,0.0
0.9902133551474054,0.11444549,0.048423717,0.07812258,0.0,0.0
0.9977465726788501,0.046321604,0.053305271,0.074933002,0.0,0.0
0.9979951043505269,0.0,0.061469666,0.07633045,0.0,0.0
0.978790405913935,0.0,0.07692573750000001,0.0896821475,0.0,0.0
0.8946926865868573,0.0,0.101940646,0.111955374,0.0,0.0
0.8465260880875805,0.0,0.129686568,0.134093052,0.0,0.0
0.8102997103353012,0.0,0.130479531,0.131776506,0.0,0.0
0.7434074402155051,0.0,0.147256641,0.20466182849999998,0.0,0.0
0.7319153859161659,0.0,0.166638022,0.270193219,0.0,0.0
0.7549889678370876,0.0,0.1893712055,0.3038292265,0.0,0.0
0.8928138856503035,0.0,0.209592221,0.298335972,0.0,0.0
0.9766487629073795,0.0,0.2249290455,0.30513675650000005,0.0,0.0
0.9975609511681239,0.049745642,0.241169744,0.340528574,0.0,0.0
0.9908807696805175,0.331618784,0.247379323,0.372908881,0.0,0.0
0.989026108613396,0.498013813,0.222708435,0.442935081,0.0,0.0
0.988751699609332,0.581572542,0.256849158,0.484455865,0.0,0.0
0.9860237029140723,0.631749152,0.309571492,0.471456108,0.0,0.0
0.9842997084552916,0.599192069,0.323346179,0.424012349,0.0,0.0
0.9832642511383376,0.498199572,0.288552583,0.386311651,0.0,0.0
0.9861134962600768,0.341520624,0.27623489,0.355089897,0.0,0.0
0.9941825474263931,0.094554751,0.311769957,0.382108908,0.0,0.0
0.9949382923822139,0.0,0.328416519,0.421018676,0.0,0.0
0.975947927295522,0.0,0.32535112,0.470198369,0.0,0.0
0.8910251521534912,0.0,0.305813178,0.47145148,0.0,0.0
0.8429296933161077,0.0,0.293094727,0.444820564,0.0,0.0
0.8066377536500229,0.0,0.307872446,0.451802069,0.0,0.0
0.746381705674063,0.0,0.294977415,0.44190124,0.0,0.0
0.7280089437119277,0.0,0.31254862299999997,0.432767117,0.0,0.0
0.7248529429578001,0.0,0.341220996,0.4469731465,0.0,0.0
0.7685209619484625,0.0,0.366343979,0.465164636,0.0,0.0
0.8873460050046793,0.0,0.377330308,0.475404373,0.0,0.0
0.9734683707834928,0.0,0.3966348495,0.5044382075,0.0,0.0
0.9940417310259025,0.050137163,0.413341805,0.538894785,0.0,0.0
0.9902547770431379,0.290443366,0.416763895,0.562178581,0.0,0.0
0.9853369032352011,0.454380813,0.396936087,0.608194055,0.0,0.0
0.9823924698476213,0.545508736,0.414258703,0.606336019,0.0,0.0
0.9767380532527303,0.585207035,0.418750881,0.593256965,0.0,0.0
0.9759825826879281,0.485874376,0.403551634,0.590114999,0.0,0.0
0.9811816320775759,0.331461258,0.436534632,0.608108891,0.0,0.0
0.9906945995363953,0.136554355,0.451784418,0.620246458,0.0,0.0
0.9947032935685491,0.0,0.471744149,0.633231755,0.0,0.0
0.9922444023716438,0.0,0.50599797,0.64698191,0.0,0.0
0.9596621504963055,0.0,0.529641769,0.662979956,0.0,0.0
0.8909339872983166,0.0,0.555492623,0.687447014,0.0,0.0
0.843489849797304,0.0,0.575355878,0.706707086,0.0,0.0
0.8066130649985537,0.0,0.530129117,0.699125184,0.0,0.0
0.7477193694700351,0.0,0.558187683,0.720285195,0.0,0.0
0.7294707591875613,0.0,0.596478831,0.7508215899999999,0.0,0.0
0.7267047693694944,0.0,0.6110646150000001,0.760594277,0.0,0.0
0.7700498253005301,0.0,0.627617317,0.769387201,0.0,0.0
0.8887843434004535,0.0,0.632952388,0.770405791,0.0,0.0
0.9758548878562034,0.0,0.6243002165,0.7611270765,0.0,0.0
0.9949176269927696,0.045390548,0.622029812,0.765561704,0.0,0.0
0.9902180184569526,0.217599169,0.615727586,0.774486927,0.0,0.0
0.9889236968479201,0.285276009,0.556723807,0.782662609,0.0,0.0
0.9858479568044776,0.347711165,0.547154253,0.793794147,0.0,0.0
0.9847720375887536,0.3240321705,0.536122519,0.7850810115,0.0,0.0
0.9852686895685405,0.304076098,0.494834958,0.761469958,0.0,0.0
0.9892908251932214,0.166389287,0.487008652,0.743729407,0.0,0.0
0.9959002325267973,0.056471937,0.509365956,0.739849629,0.0,0.0
0.9950640211413481,0.0,0.541491681,0.752055263,0.0,0.0
0.9756778616515644,0.0,0.5371514855,0.7589747675,0.0,0.0
0.8918343890884014,0.0,0.483879098,0.730800624,0.0,0.0
0.8434453189294462,0.0,0.459517197,0.702567617,0.0,0.0
0.8073550941194697,0.0,0.373727742,0.643830394,0.0,0.0
0.7262905041105431,0.0,0.325661507,0.581379168,0.0,0.0
0.7087913294255133,0.0,0.31819407,0.532241308,0.0,0.0
0.7015271945760515,0.0,0.3239099385,0.5021937535000001,0.0,0.0
0.7005217520840071,0.0,0.321527037,0.489237789,0.0,0.0
0.7156950567259373,0.0,0.34608453250000004,0.5070858155,0.0,0.0
0.7641486143482769,0.0,0.378294575,0.544173978,0.0,0.0
0.8095716714403084,0.0,0.39247937,0.580789632,0.0,0.0
0.8415282049206445,0.054556573,0.402523086,0.608648114,0.0,0.0
0.8547078837884152,0.155281845,0.37995232,0.611117009,0.0,0.0
0.8548466884835728,0.199726182,0.356307406,0.604187714,0.0,0.0
0.8544799259434159,0.24124213,0.331114457,0.56536942,0.0,0.0
0.8538867598956815,0.185616248,0.32153462,0.5338702,0.0,0.0
0.8534776610212514,0.195194211,0.330931315,0.523963053,0.0,0.0
0.854381628854091,0.18939066,0.336024563,0.52885535,0.0,0.0
0.8631058417905515,0.136293842,0.337160119,0.539878192,0.0,0.0
0.8761455272822462,0.060154404,0.380909482,0.569807973,0.0,0.0
0.8772352996027044,0.0,0.430168426,0.603198532,0.0,0.0
0.8742716640462582,0.0,0.470835493,0.637558168,0.0,0.0
0.8381932348542996,0.0,0.518131405,0.67758148,0.0,0.0
0.7917980877512145,0.0,0.560322025,0.696852094,0.0,0.0
0.7584336193215293,0.0,0.551975518,0.679078573,0.0,0.0
0.7105491563266058,0.0,0.579175095,0.706544169,0.0,0.0
0.6862083415520082,0.0,0.6454903185,0.7511832574999999,0.0,0.0
0.6731577518415036,0.0,0.7243851370000001,0.812249515,0.0,0.0
0.6862854018764419,0.0,0.8043829335,0.869253112,0.0,0.0
0.7463107944731641,0.0,0.85389288,0.894995167,0.0,0.0
0.7943647857820726,0.0,0.877100298,0.913125832,0.0,0.0
0.8296109355108017,0.014741278,0.885392042,0.925981584,0.0,0.0
0.8494940212970703,0.033114429,0.889920737,0.93232169,0.0,0.0
0.8527324316627249,0.038834933,0.872489464,0.934770178,0.0,0.0
0.8532650649113455,0.039784048,0.879087361,0.935339269,0.0,0.0
0.8530866213418327,0.0576577845,0.8981736389999999,0.9356184009999999,0.0,0.0
0.8507494813490992,0.103097671,0.906132619,0.935932916,0.0,0.0
0.8548631476340992,0.072894819,0.903158372,0.932947359,0.0,0.0
0.866445475389405,0.048326161,0.905461804,0.927030929,0.0,0.0
0.8674049467580259,0.0,0.913318926,0.905303286,0.0,0.0
0.8649024389831623,0.0,0.915224908,0.883436125,0.0,0.0
0.8297660163052727,0.0,0.913134058,0.8670320565,0.0,0.0
0.7824496193430477,0.0,0.917815152,0.859252928,0.0,0.0
0.7470719801302041,0.0,0.905742014,0.857680859,0.0,0.0
0.7044384583108922,0.0,0.914883703,0.8953970315,0.0,0.0
0.686382556066232,0.0,0.9105529205,0.8980841775,0.0,0.0
0.687148587861071,0.0,0.904616318,0.904275843,0.0,0.0
0.7281910677033333,0.0,0.899829945,0.910918338,0.0,0.0
0.8580355388666783,0.0,0.897918204,0.926291927,0.0,0.0
0.933691317808517,0.0,0.898530652,0.930617374,0.0,0.0
0.9675336016313055,0.0,0.898581562,0.930719851,0.0,0.0
0.9750499945043611,0.039129974,0.898009292,0.932086627,0.0,0.0
0.9751247002090092,0.097031934,0.89816348,0.935528939,0.0,0.0
0.9741975069452781,0.15557673,0.879800139,0.936785406,0.0,0.0
0.972464368547014,0.221379453,0.868747294,0.936368383,0.0,0.0
0.9707173313369526,0.347892366,0.852156204,0.936308619,0.0,0.0
0.9691868222333374,0.325402116,0.845038266,0.93468388,0.0,0.0
0.9689168937105687,0.342780268,0.829403484,0.934983707,0.0,0.0
0.9709810419154707,0.289584926,0.817245834,0.934087659,0.0,0.0
0.9803181718505692,0.139745278,0.772807938,0.930103424,0.0,0.0
0.9821315024360842,0.001525005,0.729221352,0.920244028,0.0,0.0
0.9806694812415071,0.0,0.686723394,0.905929692,0.0,0.0
0.94848755010626,0.0,0.64189086,0.888460003,0.0,0.0
0.8822799081710829,0.0,0.620711105,0.873614723,0.0,0.0
0.8329842185750741,0.0,0.607571356,0.865932755,0.0,0.0
0.7956429226315972,0.0,0.617573589,0.862158577,0.0,0.0
0.7218488455769044,0.0,0.603134479,0.857994608,0.0,0.0
0.7004078188685703,0.0,0.5409892665,0.8038986035,0.0,0.0
0.6988223090068659,0.0,0.4380177115,0.6798617735000001,0.0,0.0
0.7461376087022985,0.0,0.418145403,0.623332845,0.0,0.0
0.8735639247355651,0.0,0.407568917,0.587728822,0.0,0.0
0.9449418127327698,0.0,0.411647567,0.583392055,0.0,0.0
0.9808677213203455,0.0,0.393477656,0.570773346,0.0,0.0
0.985024089744763,0.110960644,0.380054534,0.579426635,0.0,0.0
0.9826461221967563,0.278839925,0.33897984,0.555355639,0.0,0.0
0.9800283096972859,0.414062685,0.302405865,0.530525805,0.0,0.0
0.9776156866825527,0.47381765,0.324709019,0.511396364,0.0,0.0
0.9751232372857132,0.534600779,0.309191527,0.484384923,0.0,0.0
0.9733857098202796,0.462544027,0.288137373,0.468247748,0.0,0.0
0.9732595236932342,0.412550712,0.274777576,0.439762969,0.0,0.0
0.9744511591457722,0.31832598,0.261445774,0.408779485,0.0,0.0
0.9823773823549058,0.174828176,0.276608579,0.414824352,0.0,0.0
0.9861230058560638,0.001293157,0.315756854,0.439865686,0.0,0.0
0.9858122954850846,0.0,0.350102366,0.4778555,0.0,0.0
0.9525335513579956,0.0,0.37341078,0.51059474,0.0,0.0
0.8848215518939683,0.0,0.392448464,0.52864262,0.0,0.0
0.8364105363991657,0.0,0.401720244,0.523398461,0.0,0.0
0.7999926848484132,0.0,0.380917575,0.471421605,0.0,0.0
0.7349207177593632,0.0,0.368004075,0.454956536,0.0,0.0
0.7203150446729121,0.0,0.354031182,0.442065189,0.0,0.0
0.7190901023721259,0.0,0.323410657,0.41443381349999997,0.0,0.0
0.7242259901004964,0.0,0.293829587,0.38467131,0.0,0.0
0.7676915171406602,0.0,0.285831796,0.384752341,0.0,0.0
0.885270518326709,0.0,0.321234161,0.409546672,0.0,0.0
0.9538083965557838,0.0,0.371084769,0.443676122,0.0,0.0
0.9901351746654875,0.0,0.409133458,0.485090781,0.0,0.0
0.9914595798458251,0.198524262,0.389147378,0.513799243,0.0,0.0
0.9820368628036399,0.457607134,0.391986321,0.53200592,0.0,0.0
0.9757025959357762,0.620336568,0.352289084,0.55079529,0.0,0.0
0.9722403424012732,0.720565365,0.385106234,0.551644565,0.0,0.0
0.9697127804670777,0.759945603,0.464205484,0.571955791,0.0,0.0
0.9690642937118135,0.729590095,0.529623093,0.604893714,0.0,0.0
0.9689732202707647,0.645960694,0.543478424,0.641933551,0.0,0.0
0.9730593633231888,0.484205126,0.578095897,0.672523745,0.0,0.0
0.9824555628368237,0.25192021,0.639597945,0.708545281,0.0,0.0
0.9866047990270906,0.002006854,0.714488943,0.762967399,0.0,0.0
0.98459085085226,0.0,0.785805829,0.818423785,0.0,0.0
0.9499681334221814,0.0,0.827901393,0.854167026,0.0,0.0
0.8822799081710829,0.0,0.851171159,0.875288337,0.0,0.0
0.8326220279303385,0.0,0.858821733,0.883068187,0.0,0.0
0.7936777117121828,0.0,0.856179497,0.881206264,0.0,0.0
0.7221276894295214,0.0,0.860154854,0.891036825,0.0,0.0
0.6993078968302826,0.0,0.8705921155,0.896599469,0.0,0.0
0.6958145540947692,0.0,0.8813298695,0.90859471,0.0,0.0
0.7442796558347998,0.0,0.885340105,0.914458554,0.0,0.0
0.8737190056043566,0.0,0.893806799,0.918687274,0.0,0.0
0.9449418127327698,0.0,0.901789635,0.921729696,0.0,0.0
0.9811014398903252,0.0,0.908168789,0.925760159,0.0,0.0
0.9857264341356201,0.018531905,0.911402725,0.9275811,0.0,0.0
0.9840654412519158,0.054293572,0.912588922,0.929570912,0.0,0.0
0.9831923798661554,0.076450933,0.872921197,0.931236232,0.0,0.0
0.9824824460218776,0.118919537,0.893551702,0.932827596,0.0,0.0
0.9832140966666882,0.0768106855,0.889152018,0.9342579520000001,0.0,0.0
0.9833754411867933,0.058310243,0.878700535,0.935126478,0.0,0.0
0.9854867720124083,0.048577472,0.864006072,0.934786592,0.0,0.0
0.9913235183176484,0.0247303,0.866432746,0.934501789,0.0,0.0
0.9899415063334295,0.001741286,0.822232323,0.931328299,0.0,0.0
0.970241070281271,0.0,0.744470518,0.9064880040000001,0.0,0.0
0.8857097007724442,0.0,0.632908806,0.87540263,0.0,0.0
0.8350341937258013,0.0,0.549822516,0.853816278,0.0,0.0
0.7967116639061077,0.0,0.492479402,0.79115547,0.0,0.0
0.722927736494924,0.0,0.523723956,0.766640915,0.0,0.0
0.6993660750096109,0.0,0.5089406545,0.7177108864999999,0.0,0.0
0.6942026411579727,0.0,0.4966886665,0.6650612385000001,0.0,0.0
0.7406797864346981,0.0,0.518695964,0.680381359,0.0,0.0
0.867352460631603,0.0,0.522370806,0.672928834,0.0,0.0
0.9411427888152891,0.0,0.528063538,0.678791309,0.0,0.0
0.9748873241821489,0.0,0.542915081,0.683352911,0.0,0.0
0.9766014430911574,0.146231983,0.558108097,0.6835705,0.0,0.0
0.9736764864121035,0.23830631,0.58269337,0.680421283,0.0,0.0
0.9702890301450152,0.324342922,0.637256265,0.667256983,0.0,0.0
0.9674514893014885,0.385995895,0.670886947,0.697046572,0.0,0.0
0.9647206579508016,0.38293666299999995,0.673271492,0.717194289,0.0,0.0
0.9630409200431808,0.317243134,0.615284452,0.709246714,0.0,0.0
0.9642474601601826,0.251268114,0.569858559,0.700656621,0.0,0.0
0.9733467567005096,0.133796308,0.491526032,0.66964129,0.0,0.0
0.9743061366550047,0.003047089,0.412220313,0.630382391,0.0,0.0
0.973240138547475,0.0,0.352777535,0.575390854,0.0,0.0
0.9402589375898568,0.0,0.335066386,0.54934273,0.0,0.0
0.8763235594881925,0.0,0.335525777,0.535684851,0.0,0.0
0.8273095939586501,0.0,0.330839009,0.511083982,0.0,0.0
0.7874854497770872,0.0,0.294573003,0.451471947,0.0,0.0
0.6921535118480314,0.0,0.261536166,0.399731122,0.0,0.0
0.6728287536658781,0.0,0.22412544,0.343405752,0.0,0.0
0.6622050286220363,0.0,0.16382949000000002,0.235779611,0.0,0.0
0.6652137436797365,0.0,0.0965641835,0.1268850185,0.0,0.0
0.7216841178422962,0.0,0.06257138400000001,0.081365571,0.0,0.0
0.7938856443639009,0.0,0.038855273,0.05392774,0.0,0.0
0.8291274964395862,0.08997213,0.031783432,0.04113707,0.0,0.0
0.8435448048483303,0.128678679,0.030714861,0.038219911,0.0,0.0
0.844146657467637,0.21585165,0.025210673,0.046217486,0.0,0.0
0.8407999831973999,0.269768048,0.033182331,0.051285458,0.0,0.0
0.8382340167025101,0.3118322445,0.0465382595,0.061657845,0.0,0.0
0.8380079790743975,0.283598122,0.044820848,0.06648682,0.0,0.0
0.8475227752616571,0.165036673,0.044269973,0.068422529,0.0,0.0
0.864530555765547,0.150268252,0.055344925,0.075133357,0.0,0.0
0.8660307986182462,0.00514994,0.064818633,0.081483019,0.0,0.0
0.8646941405262999,0.0,0.075675285,0.097338551,0.0,0.0
0.831563985081374,0.0,0.1038760815,0.138085349,0.0,0.0
0.7865273499176363,0.0,0.135659367,0.190975427,0.0,0.0
0.7522311619615413,0.0,0.144222978,0.230967849,0.0,0.0
0.6983662560470377,0.0,0.173042946,0.26888582,0.0,0.0
0.6756159115024407,0.0,0.2026311985,0.30994192099999995,0.0,0.0
0.6729479217149499,0.0,0.2276433715,0.345321606,0.0,0.0
0.6924528837459425,0.0,0.275790239,0.4039874975,0.0,0.0
0.7507578022938962,0.0,0.319639444,0.467770368,0.0,0.0
0.7970985432023127,0.0,0.343646794,0.515781507,0.0,0.0
0.8299346301063968,0.045818207,0.366195308,0.570298988,0.0,0.0
0.8458185316051391,0.111290742,0.418346123,0.603658542,0.0,0.0
0.8466605951296945,0.154829181,0.374049167,0.598542178,0.0,0.0
0.8465763796804185,0.207756204,0.443540215,0.622538125,0.0,0.0
0.8448141635635158,0.240400798,0.46297266,0.650241648,0.0,0.0
0.8428624855021135,0.240108178,0.415194003,0.643397203,0.0,0.0
0.8427939061789494,0.212638247,0.368795151,0.628531554,0.0,0.0
0.85094607567639,0.151608413,0.34505236,0.605584275,0.0,0.0
0.8653916386307172,0.099004085,0.363185908,0.599913832,0.0,0.0
0.8684149839618628,0.005958675,0.375859811,0.592862125,0.0,0.0
0.86692452524481,0.0,0.37894107,0.589653953,0.0,0.0
0.8320277189830692,0.0,0.37880176600000004,0.5772886285000001,0.0,0.0
0.7865273499176363,0.0,0.353832496,0.547721933,0.0,0.0
0.752904245805508,0.0,0.317519003,0.491346633,0.0,0.0
0.7218488455769044,0.0,0.283641262,0.432927424,0.0,0.0
0.70080978550885,0.0,0.232184213,0.33354956049999995,0.0,0.0
0.6985975742901687,0.0,0.1580240085,0.208406701,0.0,0.0
0.7462389689823653,0.0,0.124966769,0.147879468,0.0,0.0
0.874321681248078,0.0,0.118413286,0.13196291,0.0,0.0
0.9639586951250507,0.0,0.1111155365,0.1255140125,0.0,0.0
0.9855012194576018,0.067958217,0.099981423,0.126927528,0.0,0.0
0.9821613116163709,0.146771737,0.086790311,0.124218988,0.0,0.0
0.9766294235430036,0.225102366,0.094843472,0.12862182,0.0,0.0
0.9739489751249605,0.265099618,0.092845122,0.125925084,0.0,0.0
0.970651860837273,0.24316847749999998,0.09571447050000001,0.1267116975,0.0,0.0
0.9698731646929383,0.138091496,0.095238183,0.127577983,0.0,0.0
0.97340966686146,0.094859916,0.095749456,0.136316422,0.0,0.0
0.9806415922037867,0.041887072,0.105755314,0.163324681,0.0,0.0
0.9824840005079402,0.001618788,0.120358117,0.20610546,0.0,0.0
0.9812500285724883,0.0,0.126067259,0.264935771,0.0,0.0
0.9482743139488318,0.0,0.135386527,0.337579526,0.0,0.0
0.8822799081710829,0.0,0.141030167,0.380582963,0.0,0.0
0.8329842185750741,0.0,0.152611477,0.401136827,0.0,0.0
0.7972191514326294,0.0,0.152029679,0.3939521,0.0,0.0
0.722927736494924,0.0,0.177620108,0.408821825,0.0,0.0
0.699660463425573,0.0,0.21865551049999998,0.424499972,0.0,0.0
0.6948682956347195,0.0,0.2479355855,0.45383924600000003,0.0,0.0
0.7400352773087167,0.0,0.267403164,0.472880711,0.0,0.0
0.868908024043191,0.0,0.285771102,0.48064212,0.0,0.0
0.9420253597970364,0.0,0.297164136,0.476687308,0.0,0.0
0.9792899381818915,0.001764047,0.312652539,0.475252374,0.0,0.0
0.9837009646594695,0.130863128,0.320730249,0.465239937,0.0,0.0
0.9793418756749183,0.252034915,0.336912811,0.438762819,0.0,0.0
0.9768385450242809,0.289939274,0.361053773,0.469569764,0.0,0.0
0.9744107431027063,0.348744858,0.306170931,0.384829852,0.0,0.0
0.9731766797531284,0.457276484,0.234897665,0.295415886,0.0,0.0
0.9719022917746104,0.437153831,0.19393919,0.231819201,0.0,0.0
0.9723886568410586,0.420818538,0.174936289,0.194582055,0.0,0.0
0.9744511591457722,0.340319632,0.163080082,0.174284925,0.0,0.0
0.98279032181175,0.216155033,0.159902769,0.173063208,0.0,0.0
0.9877870162977676,0.008998851,0.171266125,0.184358363,0.0,0.0
0.9854320913524006,0.0,0.167585911,0.187623157,0.0,0.0
0.9527392896247696,0.0,0.155432494,0.180778793,0.0,0.0
0.8868747274309466,0.0,0.123891953,0.150548525,0.0,0.0
0.8372842378324482,0.0,0.09589422,0.119836375,0.0,0.0
0.8041293023219273,0.0,0.063607929,0.077183215,0.0,0.0
0.732527571304515,0.0,0.048393948,0.061714317,0.0,0.0
0.7152993307719593,0.0,0.03297343,0.04695266,0.0,0.0
0.7188800437102574,0.0,0.028529325,0.045912154499999996,0.0,0.0
0.7619975987926029,0.0,0.029866165,0.063155942,0.0,0.0
0.8863807729110779,0.0,0.035963784,0.070242149,0.0,0.0
0.9549179196785046,0.0,0.040735165,0.082211865,0.0,0.0
0.990620716707521,0.001822984,0.049462114,0.090971296,0.0,0.0
0.9935990739515383,0.079006197,0.060335928,0.094568522,0.0,0.0
0.9885366347234635,0.169991162,0.058038034,0.090482509,0.0,0.0
0.9803350880717252,0.274203578,0.055006816,0.086087082,0.0,0.0
0.9760591172696574,0.415225738,0.0753822,0.10201404,0.0,0.0
0.9735449967793479,0.428595076,0.107223424,0.122933305,0.0,0.0
0.9717495884162964,0.321502096,0.112348484,0.128343098,0.0,0.0
0.9712016846980678,0.240787647,0.122364188,0.135511795,0.0,0.0
0.9744592972325891,0.1502663,0.138839491,0.140318698,0.0,0.0
0.9818500526119954,0.08668681,0.140964962,0.118003718,0.0,0.0
0.9860023062116211,0.005459959,0.140664855,0.097361439,0.0,0.0
0.9865065932032507,0.0,0.137493193,0.086815966,0.0,0.0
0.95291466992922,0.0,0.137511678,0.085219717,0.0,0.0
0.8858884642913976,0.0,0.139584685,0.087297427,0.0,0.0
0.8360517289689331,0.0,0.143700907,0.093731292,0.0,0.0
0.7943391826920628,0.0,0.12516151,0.112214376,0.0,0.0
0.7217324892182478,0.0,0.126819982,0.142870327,0.0,0.0
0.702222909584771,0.0,0.127708431,0.1730338555,0.0,0.0
0.7018059011588388,0.0,0.129816959,0.1738813495,0.0,0.0
0.7470408907062325,0.0,0.13170534,0.185010658,0.0,0.0
0.8740945462788524,0.0,0.138512818,0.1948099,0.0,0.0
0.9463682640220797,0.0,0.150492799,0.196418177,0.0,0.0
0.9816293184152725,0.002080154,0.170237091,0.196199935,0.0,0.0
0.9875103211973518,0.104407431,0.185359725,0.186391857,0.0,0.0
0.985496464585288,0.21609126,0.19361392,0.172975838,0.0,0.0
0.9851868514811011,0.297534357,0.165437475,0.136153512,0.0,0.0
0.9837548222950625,0.352812054,0.154674939,0.111555816,0.0,0.0
0.9825175587078744,0.377114451,0.136083432,0.091758706,0.0,0.0
0.9815296496681367,0.421919679,0.126650628,0.088261939,0.0,0.0
0.9802798587783212,0.385117491,0.11507008,0.088735371,0.0,0.0
0.9831270923433684,0.314764791,0.106696567,0.087855143,0.0,0.0
0.9905522287984827,0.204117405,0.119543031,0.099527587,0.0,0.0
0.9949176269927696,0.008496163,0.150406073,0.119025021,0.0,0.0
0.9922444023716438,0.0,0.169426292,0.137325701,0.0,0.0
0.9596621504963055,0.0,0.168066898,0.143132865,0.0,0.0
0.8913473839744311,0.0,0.163363569,0.152553774,0.0,0.0
0.843327728108488,0.0,0.137793853,0.146847198,0.0,0.0
0.806982113635062,0.0,0.106371846,0.130671842,0.0,0.0
0.7401088401138297,0.0,0.071649325,0.1124793335,0.0,0.0
0.7278443302821371,0.0,0.045779794,0.08351821549999999,0.0,0.0
0.7306826942243989,0.0,0.046482091,0.064767994,0.0,0.0
0.773492144907237,0.0,0.055895515,0.059711658,0.0,0.0
0.8919119295227971,0.0,0.062343826,0.054828837,0.0,0.0
0.9597340217684877,0.0,0.066735227,0.052022907,0.0,0.0
0.9943147685207967,0.00355571,0.070453142,0.049993372,0.0,0.0
0.9939987546441073,0.101932594,0.072112507,0.052756166,0.0,0.0
0.9896556674421714,0.199701888,0.066992717,0.059392521,0.0,0.0
0.9870718703619056,0.301268477,0.065616635,0.064172979,0.0,0.0
0.9840491650782821,0.384892137,0.062722612,0.059477923,0.0,0.0
0.98182344381796,0.413208539,0.062966202,0.051795462,0.0,0.0
0.9801732407739276,0.42084335,0.063427023,0.048951221,0.0,0.0
0.9830555868763307,0.358649548,0.06344487,0.050496285,0.0,0.0
0.9921695136901031,0.217131723,0.067417564,0.057074297,0.0,0.0
0.9955196627376098,0.01048888,0.080822528,0.076428507,0.0,0.0
0.9922444023716438,0.0,0.102797858,0.109924846,0.0,0.0
0.959041461364636,0.0,0.138744949,0.161019947,0.0,0.0
0.8915019162098264,0.0,0.168851354,0.208005915,0.0,0.0
0.8429789790562793,0.0,0.198358098,0.264227846,0.0,0.0
0.8058550342436631,0.0,0.204264372,0.280412507,0.0,0.0
0.7126711170543327,0.0,0.20208744950000002,0.3267658065,0.0,0.0
0.6973815245771801,0.0,0.229600106,0.408091402,0.0,0.0
0.698791996900246,0.0,0.272858328,0.466451073,0.0,0.0
0.7148724012378327,0.0,0.3083865295,0.5049813625,0.0,0.0
0.7661403427962415,0.0,0.351566174,0.561241931,0.0,0.0
0.8135546711169674,0.003056786,0.385025649,0.599425688,0.0,0.0
0.8434713790900855,0.057788737,0.398504137,0.597476074,0.0,0.0
0.8556663494530106,0.149793632,0.397937585,0.578170541,0.0,0.0
0.8576257083819594,0.288773812,0.372089457,0.512810356,0.0,0.0
0.858784608658978,0.388146603,0.342594865,0.456552643,0.0,0.0
0.8574018652131111,0.553162751,0.299581117,0.383127247,0.0,0.0
0.8569772216266953,0.53064365,0.261400673,0.328009379,0.0,0.0
0.8586543992699075,0.453901693,0.240823107,0.293873105,0.0,0.0
0.8666377719150112,0.383941213,0.234181923,0.277525889,0.0,0.0
0.8792591231786665,0.207928178,0.227447948,0.282828361,0.0,0.0
0.8799632048838381,0.0123081,0.235865086,0.299771304,0.0,0.0
0.8778966793170994,0.0,0.236434071,0.310177792,0.0,0.0
0.8432095887284541,0.0,0.2147012875,0.28689160449999995,0.0,0.0
0.7990688747991853,0.0,0.175263578,0.242527523,0.0,0.0
0.7477851371771046,0.0,0.1287468795,0.20427655849999998,0.0,0.0
0.7088620119424567,0.0,0.1115768135,0.168144308,0.0,0.0
0.7036608822497212,0.0,0.0926342375,0.156304797,0.0,0.0
0.7187172362668564,0.0,0.1096052435,0.2264397515,0.0,0.0
0.7674847731698605,0.0,0.144877155,0.318578062,0.0,0.0
0.8142221772128464,0.004202555,0.190129357,0.402892017,0.0,0.0
0.8457049641948469,0.077069872,0.240012766,0.47643823,0.0,0.0
0.8593835352830518,0.22083367,0.300100211,0.533225325,0.0,0.0
0.8595622075365202,0.390670918,0.326317996,0.520809473,0.0,0.0
0.8609045347906802,0.464133969,0.380035142,0.522757317,0.0,0.0
0.860129587665993,0.422122606,0.426510484,0.562825571,0.0,0.0
0.8599532015088762,0.403079408,0.431397092,0.583420455,0.0,0.0
0.8608805777494998,0.437919442,0.440218139,0.609560546,0.0,0.0
0.8684929816155288,0.336844685,0.45453576,0.64439802,0.0,0.0
0.8815288266734502,0.166012594,0.456791307,0.690556408,0.0,0.0
0.8831048724975898,0.013875078,0.472588143,0.759657199,0.0,0.0
0.8806680181992985,0.0,0.508383434,0.798273975,0.0,0.0
0.8442095677029078,0.0,0.5080260635,0.7851357905,0.0,0.0
0.7999089266184076,0.0,0.484064236,0.760754682,0.0,0.0
0.7677349507417257,0.0,0.450625604,0.744901515,0.0,0.0
0.7446594485295969,0.0,0.508026946,0.8056143315,0.0,0.0
0.7320293191316026,0.0,0.5211479825,0.808673505,0.0,0.0
0.754678531857127,0.0,0.47416326200000003,0.7584450155,0.0,0.0
0.8914624144566602,0.0,0.471630175,0.75063194,0.0,0.0
0.9589620006390331,0.0,0.487022052,0.761891654,0.0,0.0
0.993676065752538,0.009708689,0.49458317,0.765336251,0.0,0.0
0.9978332570527293,0.28289336,0.495748623,0.749316532,0.0,0.0
0.9928291559415426,0.449542598,0.567274502,0.734832134,0.0,0.0
0.990380414536787,0.560215558,0.477980913,0.672844332,0.0,0.0
0.9888941619100111,0.553030384,0.46318218,0.644978698,0.0,0.0
0.9886215817830282,0.540594067,0.468446705,0.644465687,0.0,0.0
0.9885033509145478,0.439223538,0.478523185,0.666050435,0.0,0.0
0.988316266331885,0.454470783,0.489624262,0.677881603,0.0,0.0
0.9907193796019904,0.396629689,0.492852096,0.697993998,0.0,0.0
0.9977465726788501,0.227997223,0.450224124,0.717493673,0.0,0.0
0.9985161248837015,0.02393787,0.470974009,0.764180492,0.0,0.0
0.9946908578286887,0.0,0.493531488,0.799532886,0.0,0.0
0.9626181965993311,0.0,0.50586927,0.82038602,0.0,0.0
0.8953888131821046,0.0,0.512250177,0.827842262,0.0,0.0
0.8470626533327409,0.0,0.503853427,0.821698989,0.0,0.0
0.8115361510467155,0.0,0.490755617,0.820132905,0.0,0.0
0.7447756676927442,0.0,0.47184802049999996,0.8187740125,0.0,0.0
0.7324136380147579,0.0,0.4747393365,0.8329369555,0.0,0.0
0.7344415763411913,0.0,0.509588444,0.854626016,0.0,0.0
0.7745654582258097,0.0,0.55482037,0.87709883,0.0,0.0
0.8905584466238208,0.0,0.601113508,0.898204628,0.0,0.0
0.9589620006390331,0.0,0.634239946,0.91045699,0.0,0.0
0.9941753237781169,0.010834867,0.667887652,0.918910663,0.0,0.0
0.9971778208915665,0.209481347,0.71773772,0.924602608,0.0,0.0
0.9935734710101695,0.383238145,0.784574161,0.928030768,0.0,0.0
0.991689183591013,0.487934922,0.73973399,0.911740162,0.0,0.0
0.991471832608793,0.57720169,0.770754911,0.909696424,0.0,0.0
0.9910716947712743,0.5157179245,0.7811288245,0.9112193740000001,0.0,0.0
0.9903750196169511,0.400423849,0.805305186,0.916983883,0.0,0.0
0.9930480614098254,0.283574126,0.83394237,0.920018772,0.0,0.0
0.9995574343397616,0.14029513,0.852847467,0.92221382,0.0,0.0
1.0,0.015255371,0.865507115,0.924275437,0.0,0.0
0.9979871492406025,0.0,0.871157978,0.928091672,0.0,0.0
0.9647306248403794,0.0,0.875457826,0.928256662,0.0,0.0
0.897541657466219,0.0,0.876694234,0.924761376,0.0,0.0
0.8498527371645361,0.0,0.873833851,0.917246657,0.0,0.0
0.8135859432205501,0.0,0.854543416,0.895041886,0.0,0.0
0.7511261651014991,0.0,0.843740727,0.8852667055,0.0,0.0
0.7390754858420141,0.0,0.822638237,0.8854971235,0.0,0.0
0.7416500018616078,0.0,0.796768746,0.878893555,0.0,0.0
0.7815382448850393,0.0,0.779844864,0.876191472,0.0,0.0
0.8954094784229079,0.0,0.773283558,0.88391867,0.0,0.0
0.9622597549742429,0.0,0.777822092,0.893170642,0.0,0.0
0.9998233396005054,0.013429816,0.777750093,0.90177219,0.0,0.0
0.9999226425424969,0.238097447,0.781757455,0.911175577,0.0,0.0
0.9952768916422727,0.404608067,0.833551821,0.917438923,0.0,0.0
0.9930811623904892,0.474677048,0.791873383,0.927694567,0.0,0.0
0.9924783037698752,0.538529254,0.799924984,0.928736302,0.0,0.0
0.991361556998878,0.5046530355,0.8283399575,0.9240823105,0.0,0.0
0.9910863251190399,0.436630374,0.844918812,0.917254098,0.0,0.0
0.9935753911527356,0.308489674,0.833871035,0.919162724,0.0,0.0
0.9995574343397616,0.166551869,0.811094245,0.924035713,0.0,0.0
0.9995994964316571,0.023189489,0.811910073,0.927162369,0.0,0.0
0.9811229738626062,0.0,0.8227902125,0.928131665,0.0,0.0
0.8970851929941832,0.0,0.837739252,0.926930753,0.0,0.0
0.8491165603313672,0.0,0.836388709,0.924577801,0.0,0.0
0.8129378222704304,0.0,0.850882162,0.928257617,0.0,0.0
0.7342791346286142,0.0,0.8187818685,0.918080378,0.0,0.0
0.7207144967558459,0.0,0.779217334,0.9016379645,0.0,0.0
0.7421229711169122,0.0,0.7799269630000001,0.9009072225,0.0,0.0
0.8806228472839187,0.0,0.785893498,0.911875159,0.0,0.0
0.9480106947844397,0.0,0.78636378,0.912609952,0.0,0.0
0.9833458148347584,0.011933504,0.785889866,0.909361332,0.0,0.0
0.986749272884462,0.16478227,0.791433775,0.9092106,0.0,0.0
0.9857442647953166,0.302223166,0.839824801,0.908728025,0.0,0.0
0.985303345035267,0.327865917,0.810559914,0.888284511,0.0,0.0
0.9850370741180197,0.383211831,0.781003192,0.868665385,0.0,0.0
0.9844536920572908,0.335678045,0.744934853,0.8477285175,0.0,0.0
0.9845756719454185,0.221735703,0.763592719,0.854124779,0.0,0.0
0.9854868634265342,0.14836001,0.763781548,0.86918448,0.0,0.0
0.9916386177557972,0.062198031,0.725341835,0.889655867,0.0,0.0
0.9919387211153562,0.013143129,0.763070559,0.91282675,0.0,0.0
0.9896704806925092,0.0,0.768018172,0.917945768,0.0,0.0
0.9218057777215269,0.0,0.756376204,0.9161833655,0.0,0.0
0.8402195272805445,0.0,0.747643102,0.904726194,0.0,0.0
0.8038238040425321,0.0,0.716710947,0.89114978,0.0,0.0
0.7419310860291929,0.0,0.694320784,0.862244442,0.0,0.0
0.7240820648765214,0.0,0.6838788735,0.8127373285,0.0,0.0
0.721100438648498,0.0,0.6449003099999999,0.780402955,0.0,0.0
0.7628222888767322,0.0,0.624015055,0.773650121,0.0,0.0
0.8815419024608327,0.0,0.637684794,0.787717305,0.0,0.0
0.9476488699448484,0.0,0.676334734,0.817272622,0.0,0.0
0.983145563050587,0.013012939,0.709947062,0.836286091,0.0,0.0
0.9881044930977528,0.096829322,0.712315077,0.84034722,0.0,0.0
0.9863965919843541,0.143307134,0.75686203,0.837232559,0.0,0.0
0.9850225352587003,0.187076526,0.77724514,0.829652594,0.0,0.0
0.9843924277965288,0.223996035,0.76040203,0.823542201,0.0,0.0
0.9842770315091554,0.239551413,0.730417861,0.822450306,0.0,0.0
0.9838565941616573,0.192173921,0.695883051,0.822654675,0.0,0.0
0.9844772832933267,0.156154992,0.685381047,0.836748,0.0,0.0
0.9856608722218146,0.115960028,0.624546892,0.84430597,0.0,0.0
0.9914652490080389,0.065863483,0.588180821,0.843901163,0.0,0.0
0.9917529167763782,0.016886532,0.59284477,0.852208163,0.0,0.0
0.9887675187123363,0.0,0.611083745,0.850319024,0.0,0.0
0.9557213043256677,0.0,0.62385314,0.845354009,0.0,0.0
0.8866394543749044,0.0,0.621165863,0.840350344,0.0,0.0
0.8395466262648297,0.0,0.602767425,0.823518594,0.0,0.0
0.8027706074800075,0.0,0.595212844,0.78830158,0.0,0.0
0.7119129490296126,0.0,0.5257099304999999,0.726362324,0.0,0.0
0.6949095804092633,0.0,0.437129744,0.649082995,0.0,0.0
0.6939413765390456,0.0,0.388115977,0.581016033,0.0,0.0
0.7091439646928787,0.0,0.3655236755,0.5567578385,0.0,0.0
0.7547823152804137,0.0,0.375423667,0.561557511,0.0,0.0
0.8002629791763265,0.013629944,0.388211601,0.590595473,0.0,0.0
0.8315036352591526,0.128669033,0.375114229,0.609880809,0.0,0.0
0.8460710866874817,0.209664807,0.398669003,0.615220838,0.0,0.0
0.8471993549084397,0.298662804,0.533614869,0.618109586,0.0,0.0
0.8485165363661805,0.270401422,0.5277546545,0.5843349635,0.0,0.0
0.8479232789786407,0.247147339,0.517897389,0.564641669,0.0,0.0
0.848459295441764,0.203932549,0.510305525,0.557194987,0.0,0.0
0.8557874149025976,0.18911107,0.478138291,0.555635478,0.0,0.0
0.8695748900915478,0.088326686,0.43189809,0.560213126,0.0,0.0
0.8713031822033721,0.032961489,0.435595677,0.586497269,0.0,0.0
0.8584760928215835,0.0,0.4418690595,0.576077443,0.0,0.0
0.8052579362737091,0.0,0.450367015,0.5728709009999999,0.0,0.0
0.7561814263140403,0.0,0.427980929,0.544139454,0.0,0.0
0.7115048330428368,0.0,0.40589732349999996,0.5197395954999999,0.0,0.0
0.6944909717902055,0.0,0.4056610905,0.523595966,0.0,0.0
0.695609387352083,0.0,0.407537197,0.5169540765,0.0,0.0
0.7379013380603994,0.0,0.428175273,0.5633486249999999,0.0,0.0
0.8003979434377109,0.03630516,0.461189124,0.619305407,0.0,0.0
0.8316347589381229,0.237657291,0.493709804,0.661464562,0.0,0.0
0.8465746423661041,0.432653269,0.61011289,0.706890836,0.0,0.0
0.8477680151329565,0.479948953,0.645156888,0.722869255,0.0,0.0
0.8480655583024272,0.527439072,0.621050874,0.719498628,0.0,0.0
0.8478017561611424,0.549666743,0.602669119,0.707497927,0.0,0.0
0.8476253700040256,0.575080015,0.59206661,0.691384067,0.0,0.0
0.8481613866157899,0.546073684,0.609087735,0.700708101,0.0,0.0
0.8550072556863262,0.44376344,0.625807717,0.731434898,0.0,0.0
0.8694741240776196,0.282821984,0.621771793,0.76959601,0.0,0.0
0.8713122347287295,0.076608324,0.628436525,0.799858427,0.0,0.0
0.8694895773754796,0.0,0.636272043,0.817667492,0.0,0.0
0.8338150350406873,0.0,0.6572976724999999,0.8246352925,0.0,0.0
0.7895205204119916,0.0,0.648267764,0.831689805,0.0,0.0
0.7443903429569223,0.0,0.63897339,0.823142324,0.0,0.0
0.7117973013162326,0.0,0.6973180815,0.8545873165,0.0,0.0
0.7083301558625472,0.0,0.7533382,0.88477257,0.0,0.0
0.752271120933978,0.0,0.796172707,0.90054269,0.0,0.0
0.8750271346110604,0.0,0.816556358,0.908567115,0.0,0.0
0.9444689806729746,0.0,0.820687689,0.909376425,0.0,0.0
0.9812472854055074,0.004780976,0.808329929,0.903823676,0.0,0.0
0.987311075265847,0.01868481,0.787918468,0.894102531,0.0,0.0
0.9859353726400047,0.030475259,0.76985953,0.879793361,0.0,0.0
0.9849460006769711,0.050671689,0.685251723,0.828177327,0.0,0.0
0.9852918235853062,0.07860934,0.625973276,0.812412736,0.0,0.0
0.9840670871521044,0.093532911,0.625189984,0.807263692,0.0,0.0
0.9809027425922164,0.154455344,0.613370502,0.805348226,0.0,0.0
0.979718788007225,0.107398183,0.630005621,0.813009666,0.0,0.0
0.9802790359025475,0.08588517,0.632367433,0.810214294,0.0,0.0
0.9849099735524336,0.044251438,0.618995997,0.807064804,0.0,0.0
0.9844597270246488,0.011864378,0.571002922,0.796068241,0.0,0.0
0.9815821357945597,0.0,0.512297619,0.787436647,0.0,0.0
0.9459284415288225,0.0,0.465167595,0.772280958,0.0,0.0
0.8777842090249586,0.0,0.425466512,0.730764374,0.0,0.0
0.8286103163401849,0.0,0.369259972,0.658422433,0.0,0.0
0.789986494480014,0.0,0.317848947,0.569545223,0.0,0.0
0.7160975949646252,0.0,0.254557245,0.46133471,0.0,0.0
0.6974962578520193,0.0,0.183417198,0.352493513,0.0,0.0
0.6934772311994636,0.0,0.117323042,0.23199714500000002,0.0,0.0
0.7215726534771425,0.0,0.07974178300000001,0.1406493385,0.0,0.0
0.8706294583118834,0.0,0.093323148,0.140734092,0.0,0.0
0.9431623147382076,0.0,0.100933233,0.150093904,0.0,0.0
0.9744890149987498,0.038455276,0.121914,0.17492744,0.0,0.0
0.9761370235091975,0.108177403,0.129210141,0.190625399,0.0,0.0
0.9718433134615592,0.170789277,0.111874509,0.182830421,0.0,0.0
0.9685921016995402,0.23023706,0.10979034,0.189511468,0.0,0.0
0.9645708805133999,0.325382987,0.129773937,0.20837131,0.0,0.0
0.960098498360934,0.406030827,0.155307249,0.238026423,0.0,0.0
0.9593517145163449,0.454092992,0.193410461,0.281985877,0.0,0.0
0.9596650766401792,0.407667869,0.248480654,0.351321581,0.0,0.0
0.965382220419128,0.311372605,0.29025118,0.40838388,0.0,0.0
0.9768776809723027,0.19532794,0.370908183,0.472881314,0.0,0.0
0.9841844951448109,0.053005286,0.437493311,0.522270297,0.0,0.0
0.9837777736322173,0.001561448,0.472314728,0.556055172,0.0,0.0
0.9495897581665786,0.0,0.502218017,0.591111203,0.0,0.0
0.8812064121728993,0.0,0.515321325,0.620532572,0.0,0.0
0.8329487400839329,0.0,0.500463676,0.634578111,0.0,0.0
0.7958613708806094,0.0,0.509724881,0.668289232,0.0,0.0
0.7163240897376877,0.0,0.41969601700000003,0.5986572665,0.0,0.0
0.7030857754713186,0.0,0.394113995,0.5772439899999999,0.0,0.0
0.7042271423703509,0.0,0.397126799,0.595894445,0.0,0.0
0.7462718871347774,0.0,0.40835892,0.603514306,0.0,0.0
0.8731937788322642,0.0,0.41253829,0.599343426,0.0,0.0
0.942578749700586,0.0,0.398264985,0.598029517,0.0,0.0
0.9754862508062228,0.015380127,0.365685626,0.597941053,0.0,0.0
0.9795238395801229,0.061518835,0.333320768,0.575838451,0.0,0.0
0.9780505714752444,0.137125284,0.277427319,0.531735663,0.0,0.0
0.9759043107918844,0.189527918,0.239799759,0.422134988,0.0,0.0
0.974001827056528,0.239672283,0.221704747,0.377378391,0.0,0.0
0.9734310635639113,0.245189557,0.200277232,0.331444831,0.0,0.0
0.9744327798526796,0.243455615,0.171768376,0.284413879,0.0,0.0
0.9765275602622832,0.183219764,0.163478394,0.248250093,0.0,0.0
0.9794980538105021,0.114726295,0.157251935,0.226191187,0.0,0.0
0.986749912931984,0.058045155,0.159330633,0.228140167,0.0,0.0
0.9884550708784018,0.018357207,0.171808613,0.237224237,0.0,0.0
0.986023337108928,0.0,0.177858003,0.249085004,0.0,0.0
0.9517269663245813,0.0,0.169208387,0.239589501,0.0,0.0
0.8831952144769905,0.0,0.156943385,0.232149487,0.0,0.0
0.8355916070400168,0.0,0.139756601,0.22179647,0.0,0.0
0.8009286563951242,0.0,0.144689402,0.223836985,0.0,0.0
0.7265611184622173,0.0,0.136192116,0.19875134,0.0,0.0
0.7072612317597848,0.0,0.13360919100000002,0.20251077099999998,0.0,0.0
0.7063746145510004,0.0,0.1183379105,0.1970699605,0.0,0.0
0.749561274773535,0.0,0.111565366,0.182647222,0.0,0.0
0.8742652632737556,0.0,0.108469216,0.168389097,0.0,0.0
0.9436471253185931,0.0,0.109218819,0.163851034,0.0,0.0
0.9790929781980972,0.01092737,0.111190403,0.160776023,0.0,0.0
0.9823926526758731,0.034326416,0.107652713,0.155463713,0.0,0.0
0.9815175797334207,0.079931405,0.108758385,0.148488624,0.0,0.0
0.9809361179638988,0.109719049,0.110656614,0.137928983,0.0,0.0
0.9804752644246937,0.128168726,0.118425181,0.143094235,0.0,0.0
0.9799865218477684,0.125702432,0.135339709,0.158573472,0.0,0.0
0.9788054934066505,0.169914336,0.149861611,0.168374605,0.0,0.0
0.9773812365022844,0.155173668,0.159351444,0.177561398,0.0,0.0
0.9788999500622021,0.130505842,0.140704209,0.171435469,0.0,0.0
0.9849767241471575,0.101700668,0.117039414,0.156838162,0.0,0.0
0.986807702564117,0.047343202,0.149988447,0.175959608,0.0,0.0
0.9842889186156197,0.0,0.220816075,0.222427379,0.0,0.0
0.949478568118123,0.0,0.271487367,0.275804719,0.0,0.0
0.8790078483400088,0.0,0.272227563,0.290346424,0.0,0.0
0.830789495175957,0.0,0.247764214,0.289449939,0.0,0.0
0.7911153113343682,0.0,0.202900288,0.264080749,0.0,0.0
0.707029159089994,0.0,0.20973480249999998,0.293122996,0.0,0.0
0.6894533811511598,0.0,0.1939534185,0.3024713155,0.0,0.0
0.6906964283540201,0.0,0.186689625,0.291151199,0.0,0.0
0.7352647575720004,0.0,0.194419864,0.29829021,0.0,0.0
0.8638357094139848,0.0,0.199359378,0.329345578,0.0,0.0
0.9349165114609891,0.0,0.200051286,0.362252328,0.0,0.0
0.9717230710363868,0.03227917,0.195046667,0.378121495,0.0,0.0
0.9791610088878652,0.088398422,0.177937914,0.367500846,0.0,0.0
0.9792047168799491,0.151130599,0.176844731,0.36256687,0.0,0.0
0.9795584036327234,0.192971331,0.174250298,0.379340188,0.0,0.0
0.977115697195326,0.234840884,0.164159657,0.358789966,0.0,0.0
0.9768385450242809,0.208303517,0.17576193,0.347668097,0.0,0.0
0.9775067825818077,0.210067649,0.165116371,0.321755819,0.0,0.0
0.9781063492534037,0.144210521,0.1436456,0.289012368,0.0,0.0
0.9802790359025475,0.135725784,0.11257285,0.230475356,0.0,0.0
0.986749912931984,0.12505456,0.088523281,0.175486884,0.0,0.0
0.9890741142585237,0.047634612,0.080941439,0.135203887,0.0,0.0
0.987149593624553,0.002476076,0.074305182,0.09899258,0.0,0.0
0.9551883968346696,0.0,0.069056485,0.077452983,0.0,0.0
0.8878836675166321,0.0,0.068055232,0.068018693,0.0,0.0
0.8401023022647307,0.0,0.074013128,0.074748608,0.0,0.0
0.8024326482674707,0.0,0.069326939,0.07397685,0.0,0.0
0.7104164094894978,0.0,0.08138241900000001,0.08978348350000001,0.0,0.0
0.6927385626253202,0.0,0.09150932,0.09376543300000001,0.0,0.0
0.6934477192265667,0.0,0.12485090199999999,0.124168527,0.0,0.0
0.7147556333669689,0.0,0.191811276,0.192422144,0.0,0.0
0.7508197066021802,0.0,0.243005423,0.249570259,0.0,0.0
0.7958687775057784,0.019751884,0.304366708,0.316051094,0.0,0.0
0.8270158912229527,0.068845516,0.33987219,0.379738601,0.0,0.0
0.8423549981242326,0.117835526,0.385653605,0.43520438,0.0,0.0
0.844402870155501,0.163746831,0.40729831,0.458714402,0.0,0.0
0.8436053374988035,0.157451327,0.455004,0.484533681,0.0,0.0
0.841193354680233,0.19661741,0.487296867,0.50869163,0.0,0.0
0.8409354046780546,0.200984565,0.517740322,0.522187711,0.0,0.0
0.8424095872214736,0.147475146,0.538100545,0.562945455,0.0,0.0
0.8514343608854044,0.106399802,0.570758151,0.607006478,0.0,0.0
0.866697664666603,0.051874134,0.632154095,0.65278445,0.0,0.0
0.8694722039350533,0.015966321,0.679745937,0.723356894,0.0,0.0
0.8679466325320038,0.003512591,0.709880707,0.77199731,0.0,0.0
0.8329660221102333,0.0,0.7353427185,0.8099892905,0.0,0.0
0.7863011293869515,0.0,0.733768233,0.827711438,0.0,0.0
0.7507866056215164,0.0,0.669407139,0.778608955,0.0,0.0
0.7001358330077261,0.0,0.616872419,0.753733058,0.0,0.0
0.6782194139008676,0.0,0.564514146,0.721439925,0.0,0.0
0.6664224326975805,0.0,0.515830727,0.688637105,0.0,0.0
0.661464096842233,0.0,0.486047382,0.672071538,0.0,0.0
0.6795524600943553,0.0,0.489002194,0.700084785,0.0,0.0
0.7344877074764952,0.0,0.509240518,0.718025009,0.0,0.0
0.7819118654169691,0.004686658,0.527922174,0.733337929,0.0,0.0
0.8145445002992714,0.019077645,0.519827709,0.739571688,0.0,0.0
0.835184519722279,0.029838174,0.504719936,0.737339304,0.0,0.0
0.8375629444895559,0.049549691,0.448063949,0.699377801,0.0,0.0
0.8361768178291861,0.081315996,0.438208627,0.701879359,0.0,0.0
0.8327954880922227,0.122888827,0.415782072,0.70535731,0.0,0.0
0.831302286059548,0.104905168,0.384748079,0.688830475,0.0,0.0
0.8307914153185233,0.093380232,0.37592075,0.689204979,0.0,0.0
0.8374838495690976,0.07580832,0.396493201,0.694233115,0.0,0.0
0.8543156097210152,0.041164037,0.445243509,0.731965868,0.0,0.0
0.8584356766298767,0.010853067,0.540482581,0.80419064,0.0,0.0
0.857615284347432,0.0,0.634015553,0.853101079,0.0,0.0
0.8226596368195083,0.0,0.7076669154999999,0.873890913,0.0,0.0
0.7749963196078354,0.0,0.716246094,0.864486943,0.0,0.0
0.73865678573451,0.0,0.64873301,0.826561033,0.0,0.0
0.7078175934399507,0.0,0.599252729,0.789054803,0.0,0.0
0.688388686029366,0.0,0.543953963,0.74222981,0.0,0.0
0.6797700853932733,0.0,0.4370067725,0.6552703335000001,0.0,0.0
0.68001331355924,0.0,0.323246743,0.536638246,0.0,0.0
0.7208698976483984,0.0,0.259735015,0.461705412,0.0,0.0
0.8499591724893188,0.0,0.22006447,0.399779297,0.0,0.0
0.9262488079129766,0.0,0.197762724,0.348181847,0.0,0.0
0.9589441699793366,0.023593943,0.161720192,0.279691065,0.0,0.0
0.9639030086123767,0.054718756,0.1253624,0.209913211,0.0,0.0
0.9597133565276844,0.102628794,0.092334717,0.149617203,0.0,0.0
0.9559794371560981,0.147009455,0.077274434,0.079342371,0.0,0.0
0.9530020857647471,0.200485732,0.071365355,0.065060948,0.0,0.0
0.9508781363710198,0.1521011,0.066033848,0.041695525,0.0,0.0
0.9488635937814096,0.1234189665,0.059714696,0.026323108499999998,0.0,0.0
0.9504681229094084,0.080469894,0.055589859,0.022786927,0.0,0.0
0.9584953865234885,0.046433286,0.057455051,0.036087771,0.0,0.0
0.9635557226321048,0.015577895,0.064648711,0.056052885,0.0,0.0
0.9640965853816679,0.001606629,0.081961529,0.077663862,0.0,0.0
0.9336941523896238,0.0,0.095056738,0.093545106,0.0,0.0
0.8727459098149568,0.0,0.100267921,0.111441169,0.0,0.0
0.8240422888512492,0.0,0.099656717,0.131567219,0.0,0.0
0.782524142219444,0.0,0.101875083,0.129713934,0.0,0.0
0.7096080642510774,0.0,0.125331544,0.188032411,0.0,0.0
0.6903026912146832,0.0,0.159742134,0.274834881,0.0,0.0
0.6817759868954131,0.0,0.187285743,0.352911069,0.0,0.0
0.6804212238270722,0.0,0.2214448885,0.416019568,0.0,0.0
0.723353980348786,0.0,0.236059377,0.424434135,0.0,0.0
0.8530396672564345,0.0,0.236046528,0.420575831,0.0,0.0
0.9290958585011311,0.0,0.260418431,0.435515394,0.0,0.0
0.9631017270846725,0.007832058,0.28484765,0.451407573,0.0,0.0
0.9711586169021468,0.023452451,0.315182213,0.470003064,0.0,0.0
0.9714658524958563,0.047515174,0.32527284,0.493090889,0.0,0.0
0.9713710300351601,0.083534074,0.294306539,0.519408234,0.0,0.0
0.97030804948563,0.095581304,0.288759165,0.52354199,0.0,0.0
0.970079268616216,0.128957812,0.302784988,0.523247677,0.0,0.0
0.9701015799058488,0.144868285,0.324895662,0.538423135,0.0,0.0
0.9699247365294615,0.117196719,0.329761067,0.551067769,0.0,0.0
0.971821825344982,0.10189221,0.330292907,0.560091217,0.0,0.0
0.9781864500265286,0.055739526,0.319040182,0.563607857,0.0,0.0
0.9794168557705848,0.028279666,0.33154403,0.553422493,0.0,0.0
0.9774606058137613,0.0,0.32166609,0.510666175,0.0,0.0
0.9438810267168243,0.0,0.300862316,0.466770646,0.0,0.0
0.8775418951488917,0.0,0.290705938,0.43818252,0.0,0.0
0.8288559220166289,0.0,0.298017971,0.432586911,0.0,0.0
0.789986494480014,0.0,0.235098291,0.367444057,0.0,0.0
0.7162278957678215,0.0,0.228421936,0.345277802,0.0,0.0
0.6954792922678301,0.0,0.22341556499999998,0.319930711,0.0,0.0
0.6946647519758506,0.0,0.211698265,0.28942206400000003,0.0,0.0
0.7396840593319046,0.0,0.195701774,0.253049867,0.0,0.0
0.8671600725432299,0.0,0.185795074,0.229860577,0.0,0.0
0.9384769706706911,0.0,0.173334864,0.203608834,0.0,0.0
0.9706145537663323,0.161622849,0.148691391,0.182383867,0.0,0.0
0.974375264611565,0.332462156,0.106854363,0.153511238,0.0,0.0
0.9728635006061868,0.477050449,0.100913392,0.129914118,0.0,0.0
0.9706362248598022,0.570425543,0.114313904,0.116343608,0.0,0.0
0.968193975493034,0.593596079,0.088878088,0.072547193,0.0,0.0
0.9671800977811034,0.411124055,0.0696797715,0.0406913575,0.0,0.0
0.9668849320477897,0.268781397,0.067290899,0.040784058,0.0,0.0
0.9696142089867341,0.21466449,0.081840248,0.056441607,0.0,0.0
0.9788436235020058,0.15015368,0.106417329,0.094963636,0.0,0.0
0.9821794165184451,0.071632258,0.179914392,0.199930267,0.0,0.0
0.9825145411498749,0.001013613,0.308478009,0.316040283,0.0,0.0
0.9480782684035781,0.0,0.348797356,0.401214165,0.0,0.0
0.8808723848082618,0.0,0.328237296,0.466921771,0.0,0.0
0.8311725338897478,0.0,0.301887737,0.460417483,0.0,0.0
0.7923021005004665,0.0,0.286315882,0.445786065,0.0,0.0
0.7163442979078616,0.0,0.316002925,0.491393338,0.0,0.0
0.6980372577970918,0.0,0.365517411,0.526548529,0.0,0.0
0.693384466225484,0.0,0.4697798615,0.611424487,0.0,0.0
0.6963051252514942,0.0,0.601310762,0.72365017,0.0,0.0
0.7410294955581899,0.0,0.675020416,0.792477197,0.0,0.0
0.8705243032307857,0.0,0.725172553,0.84058637,0.0,0.0
0.9404978681027797,0.0,0.74703145,0.861604361,0.0,0.0
0.9747467820240358,0.056829755,0.722125708,0.875549047,0.0,0.0
0.9811927877223923,0.146431759,0.794334972,0.890738452,0.0,0.0
0.9806519248241883,0.232428483,0.822068779,0.890956615,0.0,0.0
0.9805144917868415,0.206174088,0.838151218,0.863587214,0.0,0.0
0.97919200674907,0.240464029,0.862220938,0.878919803,0.0,0.0
0.9786643112010154,0.252345493,0.883463783,0.892576404,0.0,0.0
0.9789744729385984,0.2630692,0.893770531,0.899312532,0.0,0.0
0.9789763018156795,0.232257106,0.906321971,0.90806383,0.0,0.0
0.9811134184109155,0.237619784,0.910886692,0.91914602,0.0,0.0
0.9877325184660117,0.152820595,0.91664802,0.928272223,0.0,0.0
0.988636577712977,0.076444599,0.924032254,0.932590653,0.0,0.0
0.9870553197972531,0.001803863,0.925959015,0.934095516,0.0,0.0
0.954468221784116,0.0,0.925981332,0.935456902,0.0,0.0
0.8870687614195084,0.0,0.926399904,0.93650595,0.0,0.0
0.8394951459910732,0.0,0.925579243,0.936235302,0.0,0.0
0.8029592465487331,0.0,0.920544168,0.931435152,0.0,0.0
0.733165039610472,0.0,0.925380626,0.934070681,0.0,0.0
0.7140536090741931,0.0,0.9287502409999999,0.9358690270000001,0.0,0.0
0.7136248049559225,0.0,0.927279237,0.935451386,0.0,0.0
0.7581251492655183,0.0,0.925604305,0.93615584,0.0,0.0
0.8783134590590761,0.0,0.924131569,0.936079594,0.0,0.0
0.9460104625931545,0.001721495,0.920296599,0.936191355,0.0,0.0
0.981145422124787,0.097916892,0.919075741,0.936502962,0.0,0.0
0.9863322187514668,0.213658367,0.930802754,0.936915822,0.0,0.0
0.9859353726400047,0.309854616,0.931593531,0.936716444,0.0,0.0
0.9849460006769711,0.364243646,0.927355321,0.93526045,0.0,0.0
0.9845570182613073,0.30346441,0.927944269,0.934263093,0.0,0.0
0.9850882800007577,0.265297964,0.926029152,0.932282748,0.0,0.0
0.9841250596124892,0.247284499,0.924196324,0.930787723,0.0,0.0
0.9840968963323911,0.191059432,0.921814791,0.931114812,0.0,0.0
0.985460894680021,0.172078242,0.92077516,0.932613007,0.0,0.0
0.9905281801945356,0.117759929,0.912739395,0.932847843,0.0,0.0
0.9915241359069642,0.075757386,0.903251079,0.934333833,0.0,0.0
0.9892677824419409,0.003237579,0.900652569,0.934850884,0.0,0.0
0.9556865574448153,0.0,0.903101521,0.935266606,0.0,0.0
0.8866394543749044,0.0,0.904408505,0.935157776,0.0,0.0
0.8396591879710964,0.0,0.905566586,0.935168454,0.0,0.0
0.8038671462294718,0.0,0.893107972,0.934385912,0.0,0.0
0.7216509711545696,0.0,0.900868946,0.935328019,0.0,0.0
0.6999675848631057,0.0,0.9023957570000001,0.9348969810000001,0.0,0.0
0.694886263415605,0.0,0.9000791475000001,0.9350564765,0.0,0.0
0.7089795569820316,0.0,0.9039096689999999,0.936227278,0.0,0.0
0.7541479103138395,0.003042683,0.904834282,0.935979192,0.0,0.0
0.8003933713936487,0.171677414,0.920793254,0.935240589,0.0,0.0
0.832365906805241,0.333229253,0.930163321,0.933978377,0.0,0.0
0.8463838087637938,0.441164438,0.930513468,0.933646026,0.0,0.0
0.8474659000680647,0.543531439,0.924977232,0.929167771,0.0,0.0
0.8480655583024272,0.595826226,0.929311134,0.933633073,0.0,0.0
0.8478017561611424,0.624047461,0.930490602,0.932974812,0.0,0.0
0.8476253700040256,0.591739461,0.928472405,0.929859052,0.0,0.0
0.8488155425332676,0.442575826,0.9249578,0.928491328,0.0,0.0
0.8552715150468813,0.280224353,0.918020346,0.928697926,0.0,0.0
0.8693106308796336,0.195565594,0.908245959,0.927459251,0.0,0.0
0.8719979371408086,0.101675431,0.889062928,0.92726533,0.0,0.0
0.8700603407194554,0.002937163,0.880670359,0.924425222,0.0,0.0
0.8344794778715038,0.0,0.8775288315,0.9204645650000001,0.0,0.0
0.7899138917461839,0.0,0.864854949,0.909082477,0.0,0.0
0.7558871750935875,0.0,0.860601754,0.906754404,0.0,0.0
0.721138545927482,0.0,0.846197814,0.889130309,0.0,0.0
0.7001305980254502,0.0,0.810045895,0.861417184,0.0,0.0
0.6942734836867965,0.0,0.7576353010000001,0.826218353,0.0,0.0
0.7086111027603028,0.0,0.714193707,0.7846504345,0.0,0.0
0.7541495104326448,0.003757901,0.682909351,0.746952461,0.0,0.0
0.8008483727937475,0.175076582,0.619166775,0.702239931,0.0,0.0
0.8301266525382661,0.377103406,0.691104078,0.656009711,0.0,0.0
0.8460454837461127,0.477859032,0.643448497,0.596211665,0.0,0.0
0.8461352769434763,0.647123567,0.622782998,0.571700506,0.0,0.0
0.8451705020691452,0.738736879,0.571903912,0.515540423,0.0,0.0
0.8436711738036274,0.747327245,0.534677139,0.488362675,0.0,0.0
0.8429015300360095,0.669364373,0.521939518,0.469879147,0.0,0.0
0.843285300360089,0.673915602,0.499082156,0.43839626,0.0,0.0
0.8512075917213234,0.619326653,0.454975888,0.408507421,0.0,0.0
0.866547612912503,0.455678767,0.392721631,0.385650675,0.0,0.0
0.8718002456953663,0.245417194,0.357603512,0.374655871,0.0,0.0
0.8693732666495655,0.006770509,0.350453515,0.364947145,0.0,0.0
0.8481507796043697,0.0,0.316711122,0.341350764,0.0,0.0
0.8208081761386379,0.0,0.267354093,0.298743819,0.0,0.0
0.7905771916031451,0.0,0.214505943,0.246745782,0.0,0.0
0.7561086407519584,0.0,0.158042389,0.177409906,0.0,0.0
0.7342356781368571,0.0,0.10280908,0.1185251745,0.0,0.0
0.7205494032160933,0.0,0.09467359,0.11099355899999999,0.0,0.0
0.7220430623937177,0.0,0.114800185,0.153315246,0.0,0.0
0.7625765003720364,0.0,0.130820315,0.184531507,0.0,0.0
0.880749764872612,0.0,0.156340222,0.231441295,0.0,0.0
0.9481032312974251,0.005476874,0.186984281,0.28900408,0.0,0.0
0.9836328424069348,0.244151745,0.204108245,0.326985365,0.0,0.0
0.9867897804902948,0.437130344,0.185795918,0.340100714,0.0,0.0
0.9817500180597152,0.612836445,0.212655296,0.341800209,0.0,0.0
0.9773788591404479,0.726450467,0.237114095,0.325015757,0.0,0.0
0.9715628694901369,0.795051623,0.29651949,0.386073283,0.0,0.0
0.9676054729034876,0.765071893,0.334013628,0.459738337,0.0,0.0
0.9653041313513361,0.702966684,0.363867937,0.53817873,0.0,0.0
0.9641360871348341,0.623784435,0.409023125,0.616388866,0.0,0.0
0.9657735801966283,0.433206589,0.447655862,0.673233192,0.0,0.0
0.9742486214138901,0.256576175,0.492732121,0.707410698,0.0,0.0
0.9796555120411302,0.117152478,0.571109799,0.733180566,0.0,0.0
0.9810841580126657,0.004788053,0.631286437,0.750333578,0.0,0.0
0.9469105898435798,0.0,0.657996672,0.747148046,0.0,0.0
0.8788886116188621,0.0,0.641833062,0.753863171,0.0,0.0
0.8288183405546697,0.0,0.607346129,0.767911508,0.0,0.0
0.7918352119939034,0.0,0.643908377,0.782575233,0.0,0.0
0.7177197261426853,0.0,0.659373224,0.809813576,0.0,0.0
0.7022060619613697,0.0,0.7057756445,0.808304653,0.0,0.0
0.7044485623216588,0.0,0.743066529,0.8240189755,0.0,0.0
0.7516025175713067,0.0,0.71827846,0.862422371,0.0,0.0
0.8746650353804506,0.0,0.696588637,0.868620779,0.0,0.0
0.9446789250300256,0.007058705,0.677211615,0.867563341,0.0,0.0
0.9740876884059924,0.258934659,0.626899257,0.841501603,0.0,0.0
0.9748958279254692,0.471193585,0.510649062,0.795810112,0.0,0.0
0.9716853065975349,0.650181128,0.505100772,0.732639855,0.0,0.0
0.9679982956042839,0.784768485,0.363253291,0.562712059,0.0,0.0
0.9651784024435609,0.863580265,0.330527531,0.484958055,0.0,0.0
0.9607994712426211,0.886494525,0.309980869,0.451888344,0.0,0.0
0.9593517145163449,0.825746716,0.278163119,0.431263645,0.0,0.0
0.9596650766401792,0.751009284,0.254903143,0.43302574,0.0,0.0
0.9625555608293991,0.624618776,0.235299116,0.41966448,0.0,0.0
0.9739127651721715,0.452311104,0.218821404,0.406152102,0.0,0.0
0.981316230533816,0.245775252,0.224406491,0.38946943,0.0,0.0
0.986023337108928,0.006595512,0.218546085,0.355621877,0.0,0.0
0.955983369152638,0.0,0.188653059,0.306052153,0.0,0.0
0.8872784315341816,0.0,0.159989362,0.26413158,0.0,0.0
0.8386718275647548,0.0,0.140132907,0.226849613,0.0,0.0
0.8024813853742463,0.0,0.143984143,0.228693537,0.0,0.0
0.7318923888719482,0.0,0.1707530115,0.231014611,0.0,0.0
0.7187914620101832,0.0,0.216555466,0.296631391,0.0,0.0
0.7183645552924279,0.0,0.284152553,0.411699092,0.0,0.0
0.7595938454749754,0.0,0.33047972,0.480058397,0.0,0.0
0.8772772701318331,0.0,0.360126171,0.527994778,0.0,0.0
0.9445971783567121,0.00448159,0.390569891,0.569081062,0.0,0.0
0.9740876884059924,0.08921534,0.404348817,0.600311769,0.0,0.0
0.9724685746372909,0.223579416,0.399284436,0.613826646,0.0,0.0
0.9694011556575579,0.383690958,0.491597357,0.638730918,0.0,0.0
0.9649372773970533,0.518857107,0.524897196,0.689757727,0.0,0.0
0.9604317942639236,0.570252061,0.572597603,0.714821032,0.0,0.0
0.9573538596868961,0.503431502,0.600401088,0.742641655,0.0,0.0
0.9538612483387103,0.392699294,0.61256548,0.749970324,0.0,0.0
0.9544718792409967,0.328372461,0.620621554,0.785439343,0.0,0.0
0.9576338464390481,0.212337924,0.594454367,0.814082163,0.0,0.0
0.9670253826431359,0.102358325,0.598252906,0.84401367,0.0,0.0
0.9721022693164042,0.033642208,0.60960525,0.852319489,0.0,0.0
0.9728641406537089,0.005591579,0.64030676,0.854524749,0.0,0.0
0.9413039960655645,0.0,0.665614044,0.859431058,0.0,0.0
0.876572822621517,0.0,0.680529903,0.861443364,0.0,0.0
0.8278335404870574,0.0,0.694352592,0.849904819,0.0,0.0
0.7883303478827495,0.0,0.713827253,0.845480835,0.0,0.0
0.7154918103487785,0.0,0.703752472,0.8323576,0.0,0.0
0.6949502022455931,0.0,0.6882358945,0.7769111135,0.0,0.0
0.6894466146478334,0.0,0.581070487,0.664064962,0.0,0.0
0.7299192684010317,0.0,0.505894339,0.542712194,0.0,0.0
0.8557733332625485,0.0,0.456383098,0.458933303,0.0,0.0
0.9290958585011311,0.002138211,0.39889672,0.418653347,0.0,0.0
0.9627343243483526,0.025143697,0.337525965,0.406405733,0.0,0.0
0.9699463160601646,0.067795536,0.276147034,0.364241649,0.0,0.0
0.9714658524958563,0.119329463,0.228508865,0.283966749,0.0,0.0
0.9704416422378443,0.180328617,0.155723078,0.170277124,0.0,0.0
0.968193975493034,0.260478821,0.129686249,0.148336266,0.0,0.0
0.9676054729034876,0.244252907,0.129235122,0.148248664,0.0,0.0
0.9667547226587191,0.282734597,0.124011314,0.134594529,0.0,0.0
0.965644559488476,0.270531691,0.104187603,0.111887142,0.0,0.0
0.9670641529346542,0.219509853,0.082553474,0.093269592,0.0,0.0
0.9745763394201511,0.185992816,0.066508817,0.092583719,0.0,0.0
0.9773358827586527,0.084066376,0.059318321,0.086503599,0.0,0.0
0.9779199048669036,0.00482499,0.058019955,0.080951993,0.0,0.0
0.9460333223675426,0.0,0.05628002,0.073768681,0.0,0.0
0.8789171405554638,0.0,0.057600537,0.067494068,0.0,0.0
0.8299221029524103,0.0,0.05044362,0.05732478,0.0,0.0
0.7927331448593847,0.0,0.029379081,0.035302773,0.0,0.0
0.7169138267895357,0.0,0.031084597,0.038797927,0.0,0.0
0.6983167874786143,0.0,0.035812215,0.050740783,0.0,0.0
0.6922127644034604,0.0,0.036369988,0.056480330999999995,0.0,0.0
0.6952435163597749,0.0,0.038385972,0.06796105,0.0,0.0
0.7388228850526085,0.0,0.043439978,0.089870496,0.0,0.0
0.8670691820790738,0.0,0.060014005,0.128975614,0.0,0.0
0.9356666786687221,0.005511384,0.086348486,0.18171689,0.0,0.0
0.968738221605741,0.055379163,0.093641459,0.230960254,0.0,0.0
0.974944382203993,0.104162638,0.098503142,0.269221943,0.0,0.0
0.9750007087641893,0.166166048,0.110666286,0.304548002,0.0,0.0
0.9745773452728176,0.147219342,0.122061157,0.331855001,0.0,0.0
0.9717171274831546,0.194031379,0.147550194,0.376341991,0.0,0.0
0.9698464644847771,0.218403124,0.179657576,0.415611133,0.0,0.0
0.9674746234668951,0.184455353,0.220237228,0.449853036,0.0,0.0
0.9668849320477897,0.157662981,0.261241289,0.473309945,0.0,0.0
0.9684333632252273,0.130967729,0.309166333,0.517188935,0.0,0.0
0.9772698636255769,0.078292384,0.342229815,0.566061759,0.0,0.0
0.9798510091016285,0.066282195,0.379592675,0.602956254,0.0,0.0
0.9786729065071026,0.004238365,0.410050085,0.643415466,0.0,0.0
0.9449269080683059,0.0,0.434792684,0.68514292,0.0,0.0
0.8780715109881536,0.0,0.451139224,0.715124717,0.0,0.0
0.8288559220166289,0.0,0.455102973,0.724957677,0.0,0.0
0.7883820109847577,0.0,0.419713964,0.701621036,0.0,0.0
0.6893515407611309,0.0,0.413005524,0.706438905,0.0,0.0
0.6644516209907458,0.0,0.39133596400000004,0.695956256,0.0,0.0
0.6561554347808838,0.0,0.358116761,0.6735752785,0.0,0.0
0.6594931709049013,0.0,0.334217322,0.647018658,0.0,0.0
0.687812802007932,0.0,0.312870623,0.613478787,0.0,0.0
0.730223212194364,0.005479528,0.282345717,0.570682088,0.0,0.0
0.7778214248601424,0.043485269,0.253791215,0.532078227,0.0,0.0
0.8106281598032101,0.086603547,0.213396311,0.504505481,0.0,0.0
0.8279163844271632,0.111318691,0.181150217,0.467577363,0.0,0.0
0.8288977097175059,0.16437692,0.147112798,0.382190305,0.0,0.0
0.8283126819052292,0.17605394,0.149711143,0.368546131,0.0,0.0
0.824643227180656,0.184418893,0.148753363,0.357703862,0.0,0.0
0.8228007274623765,0.16149239,0.146468268,0.354902426,0.0,0.0
0.8220306266241292,0.13544232,0.13998807,0.348106686,0.0,0.0
0.8287960294136779,0.11387675,0.133491355,0.33146958,0.0,0.0
0.8452465795802451,0.081384767,0.113781521,0.310657701,0.0,0.0
0.8514186333451668,0.05899961,0.114276059,0.296145028,0.0,0.0
0.8530045545704378,0.006781431,0.12483133,0.300501716,0.0,0.0
0.8214494392456257,0.0,0.15067207,0.32267429,0.0,0.0
0.7750610584972263,0.0,0.169501125,0.34841832,0.0,0.0
0.7398525817932232,0.0,0.12835875,0.259527599,0.0,0.0
0.6871070744025718,0.0,0.124829967,0.251331383,0.0,0.0
0.6579434366674073,0.0,0.11718898950000001,0.236461944,0.0,0.0
0.6524486500946782,0.0,0.106865492,0.2117338615,0.0,0.0
0.7043230392071476,0.0,0.09929293850000001,0.166664365,0.0,0.0
0.7772809277670828,0.008252036,0.094671883,0.14793828,0.0,0.0
0.8078543519964078,0.075680571,0.080306947,0.131777848,0.0,0.0
0.8242507701363634,0.118993445,0.071688778,0.118835881,0.0,0.0
0.8237210630316166,0.165345825,0.065861125,0.110545226,0.0,0.0
0.8231534999252512,0.227446805,0.052490688,0.100619598,0.0,0.0
0.8177560274798722,0.2860043175,0.0599533745,0.0954594045,0.0,0.0
0.8145780584992055,0.263492349,0.066462342,0.082695524,0.0,0.0
0.8211298591775409,0.227939994,0.070173693,0.086515254,0.0,0.0
0.837437855629303,0.177953684,0.078876225,0.100562346,0.0,0.0
0.8415007731021943,0.150705079,0.090566093,0.122370839,0.0,0.0
0.8446375945781471,0.105203329,0.108643402,0.145860575,0.0,0.0
0.8290956755539666,0.012737111,0.133339929,0.16276546,0.0,0.0
0.8062928450315875,0.0,0.154858732,0.191391952,0.0,0.0
0.775240096555839,0.0,0.171563428,0.230548713,0.0,0.0
0.7386340631556312,0.0,0.175305932,0.276081669,0.0,0.0
0.7003800442099879,0.0,0.166220266,0.316863103,0.0,0.0
0.6843494513552772,0.0,0.196479985,0.36946747550000003,0.0,0.0
0.7063570810986937,0.0,0.221809395,0.36447588399999997,0.0,0.0
0.8602064880528667,0.0,0.205940371,0.346694223,0.0,0.0
0.9321413321450167,0.0,0.196320314,0.317143019,0.0,0.0
0.965839782157956,0.012589809,0.185720566,0.277533437,0.0,0.0
0.9712467641993218,0.096083668,0.163742113,0.252505589,0.0,0.0
0.9697241189401458,0.189723093,0.172878691,0.243275648,0.0,0.0
0.9651727332813473,0.27485162,0.168501493,0.229081568,0.0,0.0
0.9597897996952878,0.348641607,0.144117087,0.185470357,0.0,0.0
0.9550901911594706,0.399369202,0.152027044,0.153634308,0.0,0.0
0.9516351612732438,0.440263331,0.161430694,0.134533704,0.0,0.0
0.9504873252269157,0.521028631,0.167975317,0.136406644,0.0,0.0
0.9517221200381415,0.510039644,0.182612982,0.153416449,0.0,0.0
0.9581075015232581,0.447108532,0.173597407,0.16594636,0.0,0.0
0.960165066127406,0.338741828,0.157824351,0.168623362,0.0,0.0
0.9635965958944409,0.190732331,0.151538913,0.174844384,0.0,0.0
0.9371593319193596,0.01705791,0.167704716,0.185910923,0.0,0.0
0.8740520271163276,0.0,0.171665278,0.19028973,0.0,0.0
0.826000367685154,0.0,0.161177844,0.182868245,0.0,0.0
0.7864176229411174,0.0,0.144942222,0.167111466,0.0,0.0
0.7128058755967736,0.0,0.13525957,0.177857021,0.0,0.0
0.6924828529381097,0.0,0.115076444,0.16471859300000002,0.0,0.0
0.6899129316303085,0.0,0.09619536249999999,0.15936338900000002,0.0,0.0
0.7327716224948962,0.0,0.08730702,0.157630382,0.0,0.0
0.8623767057774072,0.0,0.088539807,0.167334171,0.0,0.0
0.9349165114609891,0.0,0.093189098,0.182597162,0.0,0.0
0.9721220201186669,0.013261778,0.102851248,0.203802372,0.0,0.0
0.9791610088878652,0.047659109,0.104513177,0.217447128,0.0,0.0
0.9768741147809071,0.094380657,0.102532813,0.225044185,0.0,0.0
0.9741643144018475,0.128572802,0.107565926,0.236092497,0.0,0.0
0.9715266595373478,0.210317404,0.119423406,0.246318805,0.0,0.0
0.9679476383549421,0.222836245,0.138316127,0.269530804,0.0,0.0
0.9670618668383026,0.258873788,0.163519108,0.299241096,0.0,0.0
0.9668849320477897,0.273797432,0.193865832,0.334441049,0.0,0.0
0.9683221731767715,0.33580055,0.224524674,0.380945761,0.0,0.0
0.978244056681769,0.236211935,0.254026499,0.426273226,0.0,0.0
0.9798510091016285,0.165559942,0.300269378,0.488276173,0.0,0.0
0.9811016228672178,0.072024102,0.350067094,0.574602046,0.0,0.0
0.9480782684035781,0.010221527,0.402760943,0.653194915,0.0,0.0
0.8810952221244435,0.0,0.450706513,0.713981656,0.0,0.0
0.8320241985730569,0.0,0.48101714,0.754692193,0.0,0.0
0.7952554948506368,0.0,0.526770491,0.789640398,0.0,0.0
0.7217335407036568,0.0,0.556261477,0.791066746,0.0,0.0
0.707608654935566,0.0,0.62976582,0.827620098,0.0,0.0
0.704439372600792,0.0,0.7024632485,0.865385657,0.0,0.0
0.7093619099412374,0.0,0.738208294,0.878340936,0.0,0.0
0.7524530848391826,0.0,0.758733469,0.883575662,0.0,0.0
0.8748721451563948,0.0,0.779056137,0.892505824,0.0,0.0
0.9440732318283048,0.0,0.805422057,0.899743662,0.0,0.0
0.9800066386038163,0.030363712,0.803677594,0.904106756,0.0,0.0
0.9848546528449039,0.114375445,0.862197086,0.908826019,0.0,0.0
0.9831834189035646,0.173852554,0.884149865,0.913803957,0.0,0.0
0.9818242666937339,0.235102533,0.898428433,0.91910399,0.0,0.0
0.9803639829621121,0.274944893,0.891406104,0.912719912,0.0,0.0
0.9791520479252744,0.340531324,0.893852369,0.916591395,0.0,0.0
0.9784929541585901,0.283772276,0.898757495,0.919505979,0.0,0.0
0.9785348334222337,0.263118267,0.89432275,0.921942289,0.0,0.0
0.9794548944518143,0.225787742,0.893658391,0.924667598,0.0,0.0
0.9850646887647216,0.194319402,0.882949358,0.924657106,0.0,0.0
0.9864805330426114,0.133468392,0.875591985,0.924706658,0.0,0.0
0.9851608827345878,0.073874455,0.872907014,0.924182369,0.0,0.0
0.9528491994295404,0.008138737,0.888261572,0.92477518,0.0,0.0
0.886246174454838,0.0,0.894348574,0.923650313,0.0,0.0
0.8386070885267232,0.0,0.897415621,0.92623036,0.0,0.0
0.8009286563951242,0.0,0.893239678,0.928074008,0.0,0.0
0.7261783997721876,0.0,0.869124419,0.923604052,0.0,0.0
0.7049390421385783,0.0,0.8572153025,0.9274757835,0.0,0.0
0.7005987895177491,0.0,0.833392583,0.9256994015,0.0,0.0
0.7425942029092615,0.0,0.798962327,0.915628772,0.0,0.0
0.8699180613956687,0.0,0.775867344,0.909744536,0.0,0.0
0.9400334485208199,0.0,0.766074243,0.907359291,0.0,0.0
0.9754862508062228,0.009745979,0.743265767,0.89884118,0.0,0.0
0.981968740699746,0.07620219,0.691271965,0.893434104,0.0,0.0
0.9816346219209826,0.132655352,0.748483318,0.88516381,0.0,0.0
0.9807304711112506,0.159559879,0.790535141,0.884239533,0.0,0.0
0.9803639829621121,0.205262364,0.761699002,0.852594169,0.0,0.0
0.9791520479252744,0.331954388,0.745264444,0.842387562,0.0,0.0
0.9788054934066505,0.338469341,0.707062089,0.811888102,0.0,0.0
0.9788844053502163,0.300869692,0.661323374,0.761499893,0.0,0.0
0.9796332009001383,0.209861228,0.586053307,0.698754826,0.0,0.0
0.9848688258990789,0.162575626,0.501303021,0.643079527,0.0,0.0
0.9858620384445266,0.118161789,0.393279559,0.594545626,0.0,0.0
0.9832512667650809,0.068371901,0.334708281,0.603885065,0.0,0.0
0.9492557308019411,0.015494354,0.308395525,0.598102646,0.0,0.0
0.8812064121728993,0.001932541,0.300744731,0.58391179,0.0,0.0
0.8320241985730569,0.0,0.28941956,0.546385317,0.0,0.0
0.7958613708806094,0.0,0.270031144,0.511751523,0.0,0.0
0.7261783997721876,0.0,0.247076614,0.497008148,0.0,0.0
0.7117400603174957,0.0,0.218139634,0.445342279,0.0,0.0
0.7127929826376429,0.0,0.186017271,0.377193489,0.0,0.0
0.7167829316458803,0.0,0.15903849450000002,0.296245322,0.0,0.0
0.7605124892140026,0.0,0.156687079,0.279454001,0.0,0.0
0.880895153168524,0.0,0.148766054,0.285422949,0.0,0.0
0.9483600838841705,0.0,0.142851321,0.271676197,0.0,0.0
0.9827099466476066,0.085889652,0.142338832,0.259944771,0.0,0.0
0.9853774106923929,0.313817705,0.117001985,0.257481315,0.0,0.0
0.980403118910134,0.500885795,0.11965939,0.251543779,0.0,0.0
0.9759043107918844,0.61742708,0.140127016,0.231026038,0.0,0.0
0.9717171274831546,0.652985693,0.167157152,0.194278598,0.0,0.0
0.9698464644847771,0.71516579,0.161046114,0.168815193,0.0,0.0
0.9658214942789891,0.666022017,0.165209871,0.172566046,0.0,0.0
0.9644729490805785,0.611474762,0.171573857,0.183144516,0.0,0.0
0.965382220419128,0.563079296,0.183133018,0.21059234,0.0,0.0
0.9725120998011231,0.514134702,0.22776467,0.265579968,0.0,0.0
0.9747295001463764,0.413357263,0.276040314,0.330840941,0.0,0.0
0.9759984016422916,0.273023166,0.306908584,0.383075875,0.0,0.0
0.9469391189288223,0.046873094,0.347690659,0.42025303,0.0,0.0
0.8812064121728993,0.002034427,0.396726515,0.458118319,0.0,0.0
0.8339400323381736,0.0,0.422194727,0.497356446,0.0,0.0
0.7988365277383755,0.0,0.436916572,0.525948605,0.0,0.0
0.6982895842697993,0.0,0.46967439899999996,0.523753373,0.0,0.0
0.6852620830919587,0.0,0.45344855250000005,0.49595427599999997,0.0,0.0
0.6858698108153836,0.0,0.511403228,0.553947854,0.0,0.0
0.7116343566030019,0.0,0.549577564,0.632833441,0.0,0.0
0.7486635705176888,0.0,0.567661212,0.647808138,0.0,0.0
0.7929224239756324,0.03311091,0.577671452,0.652769898,0.0,0.0
0.8245106404297491,0.108918561,0.628661183,0.65876756,0.0,0.0
0.8406044862855424,0.190783256,0.5987579,0.651059134,0.0,0.0
0.8424906024331391,0.244622238,0.571285149,0.637877297,0.0,0.0
0.8401932841430126,0.350864198,0.508339653,0.593209751,0.0,0.0
0.8389538260222398,0.41080892,0.498487184,0.566353382,0.0,0.0
0.8377645679315382,0.449608343,0.476267459,0.554127773,0.0,0.0
0.8381286787188402,0.421817467,0.46035068,0.532471828,0.0,0.0
0.8447940469561087,0.321913818,0.437877827,0.523692516,0.0,0.0
0.8595450169243458,0.246847257,0.40743297,0.530831915,0.0,0.0
0.8612719373783593,0.141703338,0.377075525,0.542853878,0.0,0.0
0.8599208319898602,0.063086722,0.339868924,0.545719911,0.0,0.0
0.8391526147344743,0.015651852,0.308825411,0.543469316,0.0,0.0
0.8128364162089801,0.002096725,0.286925149,0.510319281,0.0,0.0
0.7805825225360659,0.0,0.249529088,0.462180873,0.0,0.0
0.7455664337717949,0.0,0.228464271,0.418299023,0.0,0.0
0.6587419979931427,0.0,0.173886111,0.350826305,0.0,0.0
0.6232881898550735,0.0,0.1857029705,0.3555298195,0.0,0.0
0.6086607542610265,0.0,0.23551440750000002,0.3909634615,0.0,0.0
0.6099085334455091,0.0,0.287424789,0.451608177,0.0,0.0
0.6199103347467387,0.0,0.327131653,0.519496258,0.0,0.0
0.6396711664025021,0.0,0.355183877,0.553447688,0.0,0.0
0.6756557790607515,0.030490499,0.347622492,0.565957203,0.0,0.0
0.732804814889686,0.079843066,0.34216328,0.573526728,0.0,0.0
0.7693344049736496,0.152548522,0.346459385,0.564496897,0.0,0.0
0.775252897952203,0.267212573,0.356602994,0.556729821,0.0,0.0
0.7766797150466573,0.358201482,0.382515013,0.558051616,0.0,0.0
0.7752942284338096,0.431966476,0.424691722,0.60893635,0.0,0.0
0.7741861683830255,0.511953199,0.452139083,0.665987762,0.0,0.0
0.7729433268991087,0.45121611,0.44864581,0.6904209,0.0,0.0
0.7766566724440176,0.450712937,0.437639119,0.654731531,0.0,0.0
0.7840088403601575,0.439386351,0.432489207,0.634422245,0.0,0.0
0.7874335122840604,0.356226757,0.406445027,0.617240336,0.0,0.0
0.7880591392649365,0.245716755,0.392231558,0.599712763,0.0,0.0
0.7718692822675289,0.065223668,0.391759941,0.566187186,0.0,0.0
0.7516507974588119,0.002769465,0.37838174,0.514641266,0.0,0.0
0.7287326620631852,0.0,0.355719929,0.463888627,0.0,0.0
0.7010289652195103,0.0,0.33693371,0.421532263,0.0,0.0
0.6782295179116342,0.0,0.319584416,0.4145075575,0.0,0.0
0.654014477603234,0.0,0.29571532300000003,0.471283248,0.0,0.0
0.6533058468190123,0.0,0.293582951,0.495574648,0.0,0.0
0.6739934145192362,0.0,0.277067165,0.480744497,0.0,0.0
0.742027279999059,0.0,0.266881682,0.457688773,0.0,0.0
0.8174605874298603,0.0,0.248563526,0.414257899,0.0,0.0
0.8757916577012201,0.136887573,0.225726452,0.372778454,0.0,0.0
0.9019822187330652,0.307821139,0.166801165,0.314522043,0.0,0.0
0.9086762074697019,0.458419006,0.126713506,0.251692043,0.0,0.0
0.9056208584246851,0.606176972,0.122024247,0.21038822,0.0,0.0
0.9010959901457962,0.718299401,0.117012446,0.200405245,0.0,0.0
0.8986310639815327,0.79532565,0.104451357,0.185051292,0.0,0.0
0.8956029637780734,0.783395736,0.094176944,0.158822615,0.0,0.0
0.8928606110517461,0.704856376,0.082061257,0.137321858,0.0,0.0
0.8930707383856897,0.561548276,0.068225517,0.1021986,0.0,0.0
0.8950639297569505,0.442042041,0.053327684,0.07416557,0.0,0.0
0.895144304772453,0.23640758,0.043655622,0.056195838,0.0,0.0
0.8973502752305124,0.105776844,0.043762805,0.053673693,0.0,0.0
0.8788875143520698,0.021436325,0.053704194,0.064071273,0.0,0.0
0.8328022545212286,0.003170634,0.07826909,0.095086022,0.0,0.0
0.7840180757137667,0.0,0.129787242,0.157662009,0.0,0.0
0.7474532815296805,0.0,0.183795558,0.231281171,0.0,0.0
0.6811733111030509,0.0,0.253876998,0.342442487,0.0,0.0
0.6563818611048324,0.0,0.320420264,0.403328479,0.0,0.0
0.6393301668155946,0.0,0.465796,0.501157762,0.0,0.0
0.6377525893217635,0.0,0.609568153,0.663136264,0.0,0.0
0.6559498566746311,0.0,0.655199069,0.752022762,0.0,0.0
0.7264309547058893,0.0,0.659532978,0.797739397,0.0,0.0
0.805168965877799,0.0,0.645377037,0.811147947,0.0,0.0
0.8650682182774998,0.006222726,0.607754545,0.794376192,0.0,0.0
0.900973004405002,0.025037387,0.556431573,0.770367389,0.0,0.0
0.9119477188160207,0.052038777,0.513185741,0.749477473,0.0,0.0
0.9110722799197829,0.071289799,0.472864385,0.733822089,0.0,0.0
0.906963917289134,0.089490351,0.393871559,0.689549401,0.0,0.0
0.9047211882448892,0.110672511,0.371971229,0.673047907,0.0,0.0
0.9005448861899572,0.093447443,0.346448845,0.663222016,0.0,0.0
0.8970848273376798,0.116690672,0.347084967,0.658480055,0.0,0.0
0.893174247417958,0.104978068,0.356487545,0.663962326,0.0,0.0
0.8956417339209507,0.134133117,0.376312404,0.671612321,0.0,0.0
0.8942979437434947,0.092677183,0.422920989,0.706502232,0.0,0.0
0.8933845575801534,0.051874561,0.454773999,0.746455506,0.0,0.0
0.8723390967395965,0.021394937,0.469724613,0.782231409,0.0,0.0
0.8287863368407983,0.003579079,0.459912493,0.801126221,0.0,0.0
0.7794535228534598,0.0,0.465485717,0.819989535,0.0,0.0
0.7367416376496578,0.0,0.476672337,0.83106294,0.0,0.0
0.662567813607231,0.0,0.501745367,0.8356454879999999,0.0,0.0
0.6263930989569602,0.0,0.482414133,0.8019699865000001,0.0,0.0
0.6230062828117144,0.0,0.45193146,0.782376202,0.0,0.0
0.6367742814407796,0.0,0.445483591,0.808150377,0.0,0.0
0.6902818429969874,0.0,0.492376256,0.841862697,0.0,0.0
0.7835221096372058,0.0,0.548832725,0.86333915,0.0,0.0
0.8458169772677172,0.038913039,0.563026128,0.877014318,0.0,0.0
0.8767532321892999,0.119961336,0.500715334,0.842786462,0.0,0.0
0.8840263967477481,0.368504073,0.4827925,0.772897023,0.0,0.0
0.8827440535106651,0.489991527,0.468270782,0.691103102,0.0,0.0
0.8799385163810097,0.505486341,0.374325329,0.590048043,0.0,0.0
0.874942644770766,0.463337917,0.307648599,0.510507324,0.0,0.0
0.871115640401439,0.381132787,0.234918476,0.422373909,0.0,0.0
0.8674895280124462,0.339522518,0.182363151,0.32550251,0.0,0.0
0.8678407458406172,0.295394868,0.181730448,0.292802481,0.0,0.0
0.8699453102372262,0.300395024,0.15627811,0.268045577,0.0,0.0
0.8740435232243663,0.229190087,0.157424324,0.250401353,0.0,0.0
0.877767109975551,0.129286144,0.168566229,0.257622478,0.0,0.0
0.8665942468998198,0.036828715,0.233602736,0.301354095,0.0,0.0
0.8328063693460205,0.002330081,0.3264507,0.375070005,0.0,0.0
0.7804341166821543,0.0,0.398035597,0.484434886,0.0,0.0
0.7377438111576965,0.0,0.432219935,0.567871547,0.0,0.0
0.6772173318069551,0.0,0.452261855,0.602908355,0.0,0.0
0.6478955728286284,0.0,0.425067776,0.623031715,0.0,0.0
0.6294973680113248,0.0,0.397971096,0.653303979,0.0,0.0
0.6242637088620135,0.0,0.3983492005,0.674568607,0.0,0.0
0.6383864458035824,0.0,0.390958422,0.682208314,0.0,0.0
0.6975085563963705,0.0,0.378265915,0.685223961,0.0,0.0
0.7906194365232924,0.0,0.353905216,0.649262847,0.0,0.0
0.8495519023433292,0.053624976,0.348252383,0.621282368,0.0,0.0
0.8813664307422565,0.15521234,0.311916553,0.563423486,0.0,0.0
0.8904593265100811,0.247428581,0.344498822,0.531006669,0.0,0.0
0.885764381432452,0.322980403,0.340206811,0.515632604,0.0,0.0
0.8859921564491994,0.260670569,0.352963083,0.532533823,0.0,0.0
0.8884158435459822,0.216146164,0.436483839,0.613977879,0.0,0.0
0.8885447728400085,0.269599426,0.515317119,0.743424631,0.0,0.0
0.8865431689909125,0.261603806,0.627955853,0.829911037,0.0,0.0
0.8844418049805547,0.205166427,0.745709112,0.86144416,0.0,0.0
0.8906037089533265,0.170014776,0.850369105,0.895620752,0.0,0.0
0.8937385187239463,0.164338647,0.88694946,0.929741765,0.0,0.0
0.8945422691762538,0.202180215,0.888512499,0.93443003,0.0,0.0
0.8745370205249647,0.112239238,0.889180226,0.936334789,0.0,0.0
0.8298853445148658,0.00385829,0.876538974,0.936475459,0.0,0.0
0.7799450084487254,0.0,0.861022097,0.93580115,0.0,0.0
0.7428128797679089,0.0,0.846151684,0.934500098,0.0,0.0
0.6794885440064179,0.0,0.821783927,0.930836413,0.0,0.0
0.6452298690631686,0.0,0.81356205,0.9296905790000001,0.0,0.0
0.6326428303517869,0.0,0.811261464,0.9288947795,0.0,0.0
0.649695004602346,0.0,0.793325177,0.92636071,0.0,0.0
0.7211053535326925,0.0,0.784095273,0.924764274,0.0,0.0
0.8032769977397368,0.001195116,0.762489411,0.913764459,0.0,0.0
0.8593810665070895,0.149949593,0.700859512,0.887564216,0.0,0.0
0.8893158795309224,0.273949008,0.631046999,0.839756264,0.0,0.0
0.8965695673808447,0.514316477,0.622550428,0.804017946,0.0,0.0
0.8954948827017428,0.655238817,0.568097631,0.767785157,0.0,0.0
0.8929398888004563,0.775889058,0.475276318,0.695397896,0.0,0.0
0.8902154581479516,0.881403943,0.402817402,0.643628233,0.0,0.0
0.884051268227469,0.850400969,0.324240726,0.56145676,0.0,0.0
0.8807124576530305,0.814707323,0.251743901,0.45962805,0.0,0.0
0.8788967497056791,0.734521882,0.177151155,0.336294368,0.0,0.0
0.8809360264308601,0.552183074,0.120078936,0.222753841,0.0,0.0
0.8813611272365464,0.379894912,0.090560556,0.155413382,0.0,0.0
0.8843138815391948,0.210053142,0.076319949,0.127269144,0.0,0.0
0.8719187508062243,0.054696326,0.108572077,0.132748694,0.0,0.0
0.828778472996359,0.0,0.185057988,0.174155174,0.0,0.0
0.7800713774040225,0.0,0.294139184,0.262304621,0.0,0.0
0.741182839112667,0.0,0.432830775,0.378621628,0.0,0.0
0.6585605825726933,0.0,0.611565655,0.586251291,0.0,0.0
0.6278832377245724,0.0,0.688284663,0.715031463,0.0,0.0
0.6065738376958623,0.0,0.740660308,0.799662856,0.0,0.0
0.5985567924716865,0.0,0.7746326965,0.8514041195,0.0,0.0
0.598352723070113,0.0,0.799529898,0.885761187,0.0,0.0
0.6077740684544874,0.0,0.813940506,0.903898651,0.0,0.0
0.6289127972696777,0.001600776,0.83303878,0.91900574,0.0,0.0
0.6624332150766706,0.08969938,0.836743393,0.924808353,0.0,0.0
0.7129420741718188,0.217950924,0.837945593,0.928272538,0.0,0.0
0.7466898557063132,0.406884828,0.76542185,0.92551453,0.0,0.0
0.7457276411707112,0.542926036,0.744394001,0.915811087,0.0,0.0
0.7409829529849993,0.632111271,0.623868368,0.873239187,0.0,0.0
0.7386812915577275,0.709598483,0.525366097,0.831791159,0.0,0.0
0.7371168126676503,0.676578758,0.417121786,0.770359245,0.0,0.0
0.7340195845076305,0.646160738,0.341847823,0.718695464,0.0,0.0
0.7328419391323748,0.526822469,0.286841127,0.654306371,0.0,0.0
0.7384403491908306,0.445577215,0.24043927,0.576929745,0.0,0.0
0.7438148704476957,0.326401833,0.229095721,0.529836079,0.0,0.0
0.7460703552555619,0.22495617,0.25989742,0.528342584,0.0,0.0
0.7441018523871296,0.075794155,0.323816823,0.534580878,0.0,0.0
0.7273261901857732,0.0013981435,0.3285109005,0.54530173,0.0,0.0
0.6869902151919024,0.0,0.302103683,0.524028959,0.0,0.0
0.6578814637613688,0.0,0.273222489,0.465686585,0.0,0.0
0.6270024496898821,0.0,0.238101429,0.37462642,0.0,0.0
0.604432743322703,0.0,0.233657367,0.342955447,0.0,0.0
0.5967442163128317,0.0,0.237312793,0.340112943,0.0,0.0
0.597096211384034,0.0,0.223504819,0.334286981,0.0,0.0
0.6030290145379514,0.0,0.2329877465,0.34185966300000004,0.0,0.0
0.6274218811847138,0.002106884,0.229459816,0.36093215,0.0,0.0
0.6608700164302785,0.134460595,0.215257336,0.380195534,0.0,0.0
0.6968370270384666,0.309410897,0.182025252,0.361652859,0.0,0.0
0.7282825983636522,0.457783604,0.136269379,0.337910668,0.0,0.0
0.7249202879673035,0.604530826,0.123608569,0.323951136,0.0,0.0
0.7199298112768957,0.698097748,0.110476444,0.30367215,0.0,0.0
0.7145185315824861,0.751088512,0.101260342,0.296614077,0.0,0.0
0.7077683992625455,0.820427989,0.090413746,0.262093942,0.0,0.0
0.7009506933234665,0.800167024,0.082577648,0.225508386,0.0,0.0
0.699866818923498,0.710971217,0.079781486,0.207672914,0.0,0.0
0.7023193551292842,0.600464273,0.076700892,0.188555066,0.0,0.0
0.7077121183350918,0.442582258,0.081690391,0.179997847,0.0,0.0
0.7171997114621772,0.267186681,0.107387935,0.199298852,0.0,0.0
0.725327649527419,0.096673322,0.139167217,0.235918143,0.0,0.0
0.7188869473347727,0.0,0.1509158895,0.269047011,0.0,0.0
0.6888503168116024,0.0,0.142149365,0.249953599,0.0,0.0
0.6605191642586109,0.0,0.1397425525,0.265084941,0.0,0.0
0.625489954074215,0.0,0.153394027,0.287854382,0.0,0.0
0.620806827430975,0.0,0.20115860600000002,0.2559768855,0.0,0.0
0.6367742814407796,0.0,0.180106126,0.211723043,0.0,0.0
0.6947605802892132,0.0,0.157992141,0.168393601,0.0,0.0
0.7856275883237145,0.002599517,0.151942288,0.140332762,0.0,0.0
0.8443043900892834,0.147580385,0.149638229,0.130437787,0.0,0.0
0.8713802654184976,0.284260916,0.122097387,0.127753581,0.0,0.0
0.8736626790441603,0.408550322,0.103897279,0.120752373,0.0,0.0
0.8677794815798553,0.485153978,0.092127008,0.130501219,0.0,0.0
0.8589746192368736,0.589597231,0.092512712,0.16189632,0.0,0.0
0.8545458536623659,0.725156855,0.103051626,0.177103127,0.0,0.0
0.8501198311061982,0.678643106,0.110032825,0.203271369,0.0,0.0
0.8455178796121838,0.638170371,0.116125171,0.251218159,0.0,0.0
0.8452214337095055,0.647428281,0.134275141,0.309292895,0.0,0.0
0.8504138994983991,0.567894699,0.144112378,0.356859138,0.0,0.0
0.8556862832321659,0.403655322,0.148435765,0.37974834,0.0,0.0
0.8680591940896296,0.206170174,0.176615376,0.384249991,0.0,0.0
0.8636363720683539,0.069428235,0.227843278,0.399791223,0.0,0.0
0.8323467959018596,0.001984609,0.277184497,0.435570918,0.0,0.0
0.7804161031942061,0.0,0.321279345,0.48642499,0.0,0.0
0.7364368708319108,0.0,0.371854297,0.562198778,0.0,0.0
0.6779798431917817,0.0,0.401604019,0.615324327,0.0,0.0
0.6498176245379957,0.0,0.455774731,0.673389573,0.0,0.0
0.6297144446025262,0.0,0.539569507,0.731043771,0.0,0.0
0.6274390717968881,0.0,0.609373986,0.789526181,0.0,0.0
0.6413026701296807,0.0,0.652651343,0.831318888,0.0,0.0
0.7052213606198242,0.0,0.696082006,0.874044218,0.0,0.0
0.793439421098141,0.002307287,0.73880146,0.901558396,0.0,0.0
0.8510045966215303,0.051214598,0.770528948,0.908841105,0.0,0.0
0.8829541808446086,0.105935029,0.757616659,0.900709885,0.0,0.0
0.8920510998744583,0.192477905,0.762308817,0.892038449,0.0,0.0
0.8929089823533773,0.273982655,0.774046778,0.890812646,0.0,0.0
0.8921752742961708,0.34195276,0.771719599,0.89037978,0.0,0.0
0.888158396470137,0.406197397,0.764985799,0.8811232325,0.0,0.0
0.8809582461577261,0.423160225,0.768580584,0.876935554,0.0,0.0
0.8788967497056791,0.440301656,0.780596644,0.878980437,0.0,0.0
0.8809360264308601,0.355407605,0.782333459,0.88546116,0.0,0.0
0.8813611272365464,0.280480136,0.765621062,0.893813664,0.0,0.0
0.8829527177726718,0.174569697,0.798493554,0.909613538,0.0,0.0
0.8718080179770388,0.073498701,0.821632527,0.921587537,0.0,0.0
0.8286577733519163,0.001356603,0.832226206,0.927654957,0.0,0.0
0.7793152667916983,0.0,0.837581058,0.929620577,0.0,0.0
0.7380089848081512,0.0,0.837069927,0.928463055,0.0,0.0
0.6799950256802731,0.0,0.842826318,0.928208909,0.0,0.0
0.6438467827028489,0.0,0.8420671485,0.92455097,0.0,0.0
0.6310753797594141,0.0,0.8172349480000001,0.909154723,0.0,0.0
0.6486100787169684,0.0,0.794485465,0.905215437,0.0,0.0
0.7195547278216701,0.0,0.789662623,0.905066438,0.0,0.0
0.8025705385240878,0.00430643,0.785847653,0.897239451,0.0,0.0
0.858890861006868,0.151990596,0.753349502,0.885695816,0.0,0.0
0.88958535068578,0.341597194,0.759307118,0.87848121,0.0,0.0
0.8970478857746018,0.530446057,0.753408553,0.857553527,0.0,0.0
0.8954948827017428,0.689237428,0.733609236,0.832680102,0.0,0.0
0.892542494055598,0.80796909,0.651180519,0.760782196,0.0,0.0
0.8884663179670721,0.881271983,0.677908116,0.7820917,0.0,0.0
0.882861095698227,0.897871016,0.712497077,0.802006463,0.0,0.0
0.8782097670499152,0.858452964,0.738994877,0.818213252,0.0,0.0
0.8751542350280055,0.789375953,0.747858772,0.837890751,0.0,0.0
0.8769571415789928,0.663291635,0.741784804,0.855373458,0.0,0.0
0.8783193111981823,0.504533858,0.715388139,0.866473543,0.0,0.0
0.8808801570899343,0.322526131,0.728526303,0.8791546,0.0,0.0
0.8719187508062243,0.136306265,0.773558181,0.897831892,0.0,0.0
0.828899538594587,0.001497122,0.795753484,0.909111512,0.0,0.0
0.7791824056497728,0.0,0.795585361,0.907481395,0.0,0.0
0.7387028710884305,0.0,0.778243982,0.893577719,0.0,0.0
0.6806006274678681,0.0,0.77292213,0.887539603,0.0,0.0
0.6521913858470848,0.0,0.781726171,0.892448547,0.0,0.0
0.6330588557414238,0.0,0.7694459155,0.8978391095,0.0,0.0
0.6390980256223693,0.0,0.7764209035,0.9062109165,0.0,0.0
0.7181540165205974,0.0,0.784146003,0.914141765,0.0,0.0
0.7988755722722717,0.004136375,0.786008296,0.916879824,0.0,0.0
0.8560640184402465,0.078831603,0.809493304,0.920977704,0.0,0.0
0.8847961317808511,0.274138065,0.786489227,0.926332253,0.0,0.0
0.8918607234914183,0.458944603,0.808068195,0.926662959,0.0,0.0
0.8862079529453566,0.581214343,0.80864502,0.921971424,0.0,0.0
0.8821550022877225,0.642873222,0.805796334,0.908198183,0.0,0.0
0.8743124916015315,0.7383284715,0.8263716720000001,0.91901186,0.0,0.0
0.8651195155743636,0.779188706,0.850146384,0.924016582,0.0,0.0
0.8631825593491735,0.6712923,0.852910526,0.928555179,0.0,0.0
0.8658713286822852,0.54607138,0.848787835,0.931025553,0.0,0.0
0.8696336855763475,0.40847302,0.85726134,0.933865266,0.0,0.0
0.8761608891659802,0.225879403,0.886222251,0.936122865,0.0,0.0
0.8655681163506009,0.082907655,0.890291242,0.937110864,0.0,0.0
0.8329945511954757,0.002511222,0.891900094,0.937258648,0.0,0.0
0.779834184205414,0.0,0.892218341,0.937025074,0.0,0.0
0.735907803774686,0.0,0.891013673,0.936023977,0.0,0.0
0.6768795554226701,0.0,0.884304053,0.935173541,0.0,0.0
0.6355691586886516,0.0,0.88170635,0.93490503,0.0,0.0
0.6210714067409708,0.0,0.8801256565,0.9362873734999999,0.0,0.0
0.63495633317846,0.0,0.872061795,0.936561838,0.0,0.0
0.6895327274233043,0.0,0.870220389,0.936411054,0.0,0.0
0.7846576013577993,0.004728537,0.874701514,0.936462178,0.0,0.0
0.8455511634210994,0.06082456,0.87606728,0.936685452,0.0,0.0
0.8747102064444713,0.148940385,0.865804732,0.936043157,0.0,0.0
0.8813847186212233,0.30768842,0.82084236,0.934647847,0.0,0.0
0.879264152293358,0.507762324,0.806324365,0.931035436,0.0,0.0
0.8718498056779157,0.579974033,0.699305112,0.907854264,0.0,0.0
0.8674157365976978,0.661477648,0.670251057,0.890659348,0.0,0.0
0.8598747466359398,0.741861665,0.664727592,0.876318127,0.0,0.0
0.8544939161693391,0.666322683,0.640587242,0.862630149,0.0,0.0
0.8524546392955171,0.574147911,0.624516969,0.837570327,0.0,0.0
0.8543881210407193,0.466020061,0.597148447,0.833081211,0.0,0.0
0.8560567947919703,0.355716748,0.569000181,0.845975114,0.0,0.0
0.8639832008293555,0.201362332,0.60311183,0.856451061,0.0,0.0
0.8562071207884479,0.074012579,0.64370016,0.848698407,0.0,0.0
0.8321915322048162,0.001514615,0.665265338,0.848360761,0.0,0.0
0.7804745328738614,0.0,0.654317704,0.835148268,0.0,0.0
0.7371876780871659,0.0,0.595624626,0.802700011,0.0,0.0
0.6555957583353289,0.0,0.540351827,0.764345047,0.0,0.0
0.6095702770255825,0.0,0.4922536825,0.7469387765,0.0,0.0
0.5883503958775379,0.0,0.46315472700000004,0.726065375,0.0,0.0
0.5966664472688008,0.0,0.38853370200000004,0.6556118980000001,0.0,0.0
0.6196345084521212,0.007325451,0.341440519,0.602910064,0.0,0.0
0.650371608856325,0.10827756,0.314414119,0.586949509,0.0,0.0
0.6930043077255424,0.296632462,0.260935094,0.580880532,0.0,0.0
0.7289116999731572,0.441344723,0.253710435,0.553179147,0.0,0.0
0.7370046625479113,0.54691532,0.236729148,0.498777769,0.0,0.0
0.7340705161479908,0.54974146,0.192748341,0.363354575,0.0,0.0
0.733697718491835,0.512139525,0.18018475,0.315345751,0.0,0.0
0.7295925560987963,0.46528763,0.177316449,0.259421443,0.0,0.0
0.7270563988585136,0.360564948,0.167904237,0.220511445,0.0,0.0
0.7284581158636119,0.315082062,0.152228868,0.20282947,0.0,0.0
0.7365763155745906,0.19592046,0.143538434,0.201078615,0.0,0.0
0.7420195991315124,0.172471673,0.130190684,0.189538971,0.0,0.0
0.7453767889990437,0.100563591,0.110491877,0.167426217,0.0,0.0
0.7383957726902303,0.058723319,0.098901553,0.158029296,0.0,0.0
0.729322261919524,0.003267458,0.099722567,0.15148031,0.0,0.0
0.7012218104528332,0.0,0.103107228,0.149705869,0.0,0.0
0.6395999124357912,0.0,0.11680932399999999,0.17307346,0.0,0.0
0.5946315595364686,0.0,0.101358931,0.1514013435,0.0,0.0
0.5903738309063047,0.0,0.084997816,0.12344370399999999,0.0,0.0
0.6026985534390299,0.0,0.075723743,0.11172677,0.0,0.0
0.6223591677142611,0.0046425,0.072551207,0.108401908,0.0,0.0
0.6576321090652774,0.052711631,0.066473355,0.096774991,0.0,0.0
0.7036796958713925,0.093145894,0.061045515,0.093590427,0.0,0.0
0.7404356894629336,0.141742768,0.058611044,0.084729468,0.0,0.0
0.7465001193707952,0.187825019,0.053048996,0.06171292,0.0,0.0
0.7442579389599466,0.229450777,0.045521288,0.045784533,0.0,0.0
0.7407053207783125,0.271126173,0.038171911,0.0502080955,0.0,0.0
0.7364702462035931,0.213215096,0.042548687,0.07212694,0.0,0.0
0.7380280957115328,0.173895144,0.051441549,0.111058868,0.0,0.0
0.746115434756816,0.139758774,0.063688838,0.15811222,0.0,0.0
0.7489801330277742,0.097277803,0.071510297,0.170806597,0.0,0.0
0.7504708661358457,0.062748209,0.07974584,0.154559647,0.0,0.0
0.7441018523871296,0.031837681,0.094694856,0.138770639,0.0,0.0
0.7321789136664322,0.001284655,0.108210036,0.137680715,0.0,0.0
0.7006462693458517,0.0,0.103700756,0.1380175035,0.0,0.0
0.6625564523177918,0.0,0.07642679499999999,0.1094020775,0.0,0.0
0.6266921050497269,0.0,0.0900375915,0.0995781955,0.0,0.0
0.6331522609115665,0.0,0.0984234765,0.11026857100000001,0.0,0.0
0.7020753039389029,0.0,0.114659495,0.106763788,0.0,0.0
0.793425430872218,0.006061046,0.122489877,0.123037473,0.0,0.0
0.8508747530376042,0.042834518,0.114873894,0.124166278,0.0,0.0
0.8833523070511149,0.109990434,0.101520967,0.129994136,0.0,0.0
0.8920510998744583,0.22184449,0.103001891,0.132151675,0.0,0.0
0.8862079529453566,0.381931006,0.111365509,0.11653484,0.0,0.0
0.880839283827598,0.42288778,0.10891614,0.117865727,0.0,0.0
0.8698508992887376,0.399750285,0.09175401550000001,0.0994320105,0.0,0.0
0.8597116190944571,0.378604577,0.088742011,0.093020779,0.0,0.0
0.8591201905096781,0.282976451,0.087586994,0.087459127,0.0,0.0
0.8598549042709104,0.254400674,0.097209416,0.088883975,0.0,0.0
0.8608651244516399,0.249809287,0.097822088,0.076772251,0.0,0.0
0.8625614128495926,0.158405967,0.105595175,0.070060906,0.0,0.0
0.8562071207884479,0.059851633,0.113455813,0.080022651,0.0,0.0
0.8323780681540831,0.002703895,0.126548169,0.096767957,0.0,0.0
0.7813021489532233,0.0,0.141012519,0.116111353,0.0,0.0
0.7364943860730253,0.0,0.152280167,0.13714544,0.0,0.0
0.6765666047367228,0.0,0.191203437,0.186230473,0.0,0.0
0.6354150836725266,0.0,0.18330603150000002,0.2197224395,0.0,0.0
0.621475819415162,0.0,0.18177684700000002,0.260587103,0.0,0.0
0.6364654913610075,0.0,0.162765403,0.258166093,0.0,0.0
0.6945589568472308,0.0,0.161862536,0.261171955,0.0,0.0
0.7875227569966687,0.005881863,0.186618781,0.26006189,0.0,0.0
0.8475507557135035,0.064301229,0.169221869,0.299319993,0.0,0.0
0.8810999768481165,0.173878821,0.156332571,0.265632736,0.0,0.0
0.8875279690585247,0.242045536,0.179176197,0.254643452,0.0,0.0
0.8828428078192603,0.404962257,0.201914091,0.285683225,0.0,0.0
0.8743873345760094,0.485598903,0.223722595,0.269469452,0.0,0.0
0.8674971174658669,0.572480285,0.238667366,0.289072797,0.0,0.0
0.8594153561686715,0.556972658,0.258225397,0.279746866,0.0,0.0
0.8546347324211888,0.504583621,0.258039451,0.266755781,0.0,0.0
0.8504993037772342,0.419968724,0.229284926,0.268405616,0.0,0.0
0.8494135548674419,0.369918949,0.214768576,0.27675977,0.0,0.0
0.8488990265208955,0.220486476,0.203190382,0.298417942,0.0,0.0
0.8522532902445533,0.101873759,0.213854725,0.323291595,0.0,0.0
0.8496238648809964,0.035606817,0.269018484,0.348171105,0.0,0.0
0.829149167533056,0.004408732,0.340824668,0.41065668,0.0,0.0
0.781333969838843,0.0,0.413489555,0.504000453,0.0,0.0
0.7371172698869205,0.0,0.473670638,0.559612257,0.0,0.0
0.6766198681061771,0.0,0.502044688,0.605745934,0.0,0.0
0.6444065276718379,0.0,0.538563852,0.675865965,0.0,0.0
0.6224984296286891,0.0,0.5704923260000001,0.742452603,0.0,0.0
0.626881978580754,0.0,0.547282272,0.7806218075,0.0,0.0
0.687741388103661,0.0,0.503495589,0.755281267,0.0,0.0
0.780079789881858,0.016282149,0.450784479,0.72336201,0.0,0.0
0.8323176269177358,0.103865452,0.415612201,0.685025498,0.0,0.0
0.8544516712491919,0.145170639,0.339231789,0.606451369,0.0,0.0
0.8558113719437781,0.24507422,0.248482306,0.50992988,0.0,0.0
0.8499473767969804,0.502714713,0.211741365,0.437040479,0.0,0.0
0.8465482164003204,0.746999864,0.18139548,0.301984339,0.0,0.0
0.8444017728887087,0.831115654,0.251257652,0.301425596,0.0,0.0
0.8409073328120824,0.789067843,0.304789983,0.322628212,0.0,0.0
0.8360238400798534,0.698690835,0.32674274,0.337375854,0.0,0.0
0.8345107958307902,0.636492962,0.328186237,0.342113966,0.0,0.0
0.8331965402939616,0.593064617,0.276864119,0.327919389,0.0,0.0
0.8319034987799734,0.482857124,0.228587706,0.305691176,0.0,0.0
0.8330942199426116,0.322574734,0.191641012,0.276451602,0.0,0.0
0.8290775706518925,0.152931227,0.186020334,0.269463283,0.0,0.0
0.8212422380555557,0.00570354,0.180409139,0.263647021,0.0,0.0
0.7863630336952354,0.0,0.167202862,0.253896411,0.0,0.0
0.7416853889386231,0.0,0.152436652,0.23506551,0.0,0.0
0.6766299264842011,0.0,0.137105675,0.181931684,0.0,0.0
0.6347918113114361,0.0,0.1213882875,0.1469043425,0.0,0.0
0.6202024372893107,0.0,0.11364762049999999,0.120081153,0.0,0.0
0.6350433375761002,0.0,0.112190161,0.112034187,0.0,0.0
0.6904777058626301,0.0,0.114298362,0.103194665,0.0,0.0
0.7811194534377298,0.033202743,0.11601453,0.099044023,0.0,0.0
0.8332372307280461,0.216942812,0.115605888,0.102382805,0.0,0.0
0.8498590465229128,0.386892968,0.103852087,0.10919044,0.0,0.0
0.8472557728827619,0.558657532,0.088624884,0.119262875,0.0,0.0
0.8450647069405254,0.711649563,0.093685584,0.128483041,0.0,0.0
0.8432909696709435,0.81850181,0.09733029,0.133958683,0.0,0.0
0.8411464463018979,0.883319776,0.105970671,0.142129836,0.0,0.0
0.8384157978537834,0.90734383,0.112373323,0.155393593,0.0,0.0
0.8334445234808829,0.873079484,0.1201195,0.175476647,0.0,0.0
0.8316213174942367,0.791280863,0.140558535,0.206535998,0.0,0.0
0.8305545879250591,0.668108966,0.164821005,0.240517788,0.0,0.0
0.8296535460874525,0.514173233,0.187444926,0.278899189,0.0,0.0
0.8311747284233326,0.338665981,0.229993084,0.31545828,0.0,0.0
0.8283110360050406,0.16366434,0.306914001,0.361412458,0.0,0.0
0.8198344403017161,0.008410388,0.38567861,0.413157903,0.0,0.0
0.7866796876194468,0.0,0.432935376,0.466946211,0.0,0.0
0.7437449650994631,0.0,0.460860936,0.517040378,0.0,0.0
0.6766839213153033,0.0,0.468791949,0.55281185,0.0,0.0
0.6452207937214398,0.0,0.442944194,0.540455599,0.0,0.0
0.6226902232279621,0.0,0.4284498545,0.5402441025,0.0,0.0
0.6263351264965753,0.0,0.3948082725,0.5265078215,0.0,0.0
0.6869277621015814,0.0,0.374004965,0.531465755,0.0,0.0
0.7802145713149906,0.043635926,0.374106849,0.562488282,0.0,0.0
0.829116889576807,0.227252749,0.362558138,0.594470868,0.0,0.0
0.8451950993064885,0.411854782,0.320225862,0.611119012,0.0,0.0
0.844623604352224,0.582770412,0.289326532,0.618526447,0.0,0.0
0.842440219426175,0.726800152,0.29498481,0.61791411,0.0,0.0
0.8412191404498539,0.835102123,0.279246058,0.558635434,0.0,0.0
0.8406726998035621,0.89899801,0.297643815,0.553177355,0.0,0.0
0.838258705279659,0.914642392,0.327959584,0.577437754,0.0,0.0
0.8325527169968855,0.878380556,0.362421108,0.649247164,0.0,0.0
0.8303665889038556,0.798818296,0.420102206,0.719560136,0.0,0.0
0.8298005802835529,0.680813438,0.473331361,0.744854543,0.0,0.0
0.8287771929013149,0.528426287,0.486109187,0.771003537,0.0,0.0
0.8289754331287942,0.350134122,0.494145289,0.80774102,0.0,0.0
0.8271142798750443,0.169147643,0.523119969,0.836271916,0.0,0.0
0.8182092001515306,0.009712206,0.543625841,0.852886198,0.0,0.0
0.7860827725520652,0.001097588,0.558546239,0.859193727,0.0,0.0
0.7427435232017133,0.0,0.552268579,0.850780685,0.0,0.0
0.6555064222085947,0.0,0.52747452,0.843304926,0.0,0.0
0.6083990552392006,0.0,0.4703091355,0.8068336460000001,0.0,0.0
0.5876064238720048,0.0,0.42241381349999996,0.7613730775,0.0,0.0
0.5962335741814422,0.0,0.41078903099999997,0.730310986,0.0,0.0
0.6175684857373953,0.051491552,0.408620549,0.716038611,0.0,0.0
0.6482869326061287,0.219894578,0.361201566,0.69448522,0.0,0.0
0.6913057790126216,0.416421832,0.305733503,0.669917129,0.0,0.0
0.7203542720350598,0.594506434,0.309383573,0.650543391,0.0,0.0
0.7207662970533634,0.739754,0.327725289,0.629291744,0.0,0.0
0.7171756172254876,0.843321901,0.248091482,0.518221019,0.0,0.0
0.7143266007133834,0.891031929,0.30161289,0.546065786,0.0,0.0
0.7095258603584937,0.885719955,0.345372219,0.560911059,0.0,0.0
0.7040306394571859,0.811864848,0.371529493,0.572352374,0.0,0.0
0.7038051503881491,0.709815936,0.374665794,0.571211654,0.0,0.0
0.7078711768331659,0.61503402,0.346286873,0.560215125,0.0,0.0
0.7108340809279642,0.450597156,0.307818319,0.536358865,0.0,0.0
0.7183910726723376,0.313165879,0.269209702,0.502860507,0.0,0.0
0.7208156742076609,0.15459623,0.263529859,0.484816328,0.0,0.0
0.7256182889237336,0.00764622,0.257881382,0.452730269,0.0,0.0
0.7005339592142323,0.0,0.24919574949999998,0.42318584049999997,0.0,0.0
0.6572831771848169,0.0,0.225347985,0.38457116,0.0,0.0
0.6254956232364286,0.0,0.211270712,0.34746261,0.0,0.0
0.6005235351351126,0.0,0.1769371885,0.2926465795,0.0,0.0
0.5978172551660654,0.0,0.1180257145,0.1830952625,0.0,0.0
0.6088749962711212,0.0,0.085170825,0.125768615,0.0,0.0
0.6281628130388374,0.050951383,0.067668232,0.086854164,0.0,0.0
0.6608253941482948,0.178104462,0.050104927,0.051052456,0.0,0.0
0.7074422813750898,0.337051084,0.041764921,0.036526923,0.0,0.0
0.7331475289745365,0.437289486,0.041964588,0.04582999,0.0,0.0
0.7379126536427759,0.599268027,0.042256394,0.059146778,0.0,0.0
0.7329586155147925,0.724429786,0.045598056,0.060593493,0.0,0.0
0.7235915622432305,0.7547789604999999,0.0583508185,0.0808898225,0.0,0.0
0.7158760377434875,0.65814237,0.081492847,0.105723044,0.0,0.0
0.715546445227403,0.507812315,0.107973427,0.136802042,0.0,0.0
0.7198078771701513,0.404787954,0.152393737,0.185375065,0.0,0.0
0.7216931246605908,0.323758025,0.207196812,0.26742474,0.0,0.0
0.726060351731959,0.232292984,0.271418009,0.365826938,0.0,0.0
0.7302926145419427,0.125532316,0.375289959,0.457955851,0.0,0.0
0.7262800344432729,0.009343154,0.471331399,0.562677746,0.0,0.0
0.7126732886972257,0.0,0.541263851,0.664471253,0.0,0.0
0.6885156951808261,0.0,0.58954228,0.745122402,0.0,0.0
0.6765666047367228,0.0,0.631227135,0.820403634,0.0,0.0
0.6346994805173942,0.0,0.658095216,0.8503758674999999,0.0,0.0
0.6195759188349059,0.0,0.536345254,0.7771144955,0.0,0.0
0.6332107591889763,0.0,0.464535743,0.743943335,0.0,0.0
0.6871453874748198,0.0,0.449069142,0.75259906,0.0,0.0
0.7802145713149906,0.037735094,0.464490276,0.778303668,0.0,0.0
0.8362018721371588,0.136225663,0.474718457,0.778488647,0.0,0.0
0.8628548411942716,0.214836864,0.46100748,0.771214514,0.0,0.0
0.865986541992766,0.399876495,0.487677862,0.79428008,0.0,0.0
0.8615777100487728,0.625954673,0.587649295,0.830303086,0.0,0.0
0.8599259525186778,0.778062121,0.631101077,0.777167708,0.0,0.0
0.8570862171415663,0.772405016,0.705654506,0.782679076,0.0,0.0
0.8536191174692642,0.844016411,0.768334318,0.813160813,0.0,0.0
0.8507627401133745,0.708968528,0.788664902,0.829237031,0.0,0.0
0.8505497781983241,0.671020509,0.800216591,0.8462274,0.0,0.0
0.8548875618945501,0.571668134,0.82129483,0.878139119,0.0,0.0
0.8608675019621171,0.428239007,0.806885402,0.900636704,0.0,0.0
0.8647870426957889,0.239995823,0.772756943,0.903342756,0.0,0.0
0.8585730184017385,0.103440773,0.715706101,0.898902404,0.0,0.0
0.8326408644427015,0.00879323,0.677564048,0.88433956,0.0,0.0
0.7812461881981714,0.0,0.639476332,0.870147443,0.0,0.0
0.7372067888419065,0.0,0.62952312,0.86521386,0.0,0.0
0.6768475974901821,0.0,0.636312617,0.875883898,0.0,0.0
0.6353027963572786,0.0,0.555022517,0.83847284,0.0,0.0
0.6206889165862559,0.0,0.540969303,0.787967047,0.0,0.0
0.6342473137727228,0.0,0.535010379,0.816511729,0.0,0.0
0.6882149058437209,0.0,0.555352097,0.799207708,0.0,0.0
0.780287722533576,0.007612191,0.626069135,0.771426105,0.0,0.0
0.8410728377154013,0.025088456,0.698616239,0.824461362,0.0,0.0
0.8724671115950824,0.043163693,0.741044093,0.876183198,0.0,0.0
0.8808840889378333,0.076092583,0.792222635,0.911846427,0.0,0.0
0.8806119660301207,0.203355551,0.85392391,0.927480768,0.0,0.0
0.8753585102228428,0.323423324,0.834323055,0.925052238,0.0,0.0
0.871803903152247,0.387927889,0.860244111,0.928616573,0.0,0.0
0.8664045105643017,0.391226667,0.870932971,0.9349381704999999,0.0,0.0
0.8644724918910364,0.445595452,0.848207244,0.932997594,0.0,0.0
0.8683585659875406,0.486095432,0.840316727,0.930067907,0.0,0.0
0.8705370132130238,0.382996562,0.789119732,0.920623498,0.0,0.0
0.8743541421812195,0.266950174,0.728773263,0.905959949,0.0,0.0
0.8636363720683539,0.124555695,0.633422473,0.883066048,0.0,0.0
0.8329945511954757,0.012176667,0.602771274,0.86441191,0.0,0.0
0.7797498773420123,0.001328953,0.596888061,0.869880526,0.0,0.0
0.7373153271375071,0.0,0.578443922,0.864508569,0.0,0.0
0.6770568102369441,0.0,0.526541483,0.830425491,0.0,0.0
0.6449685128814748,0.0,0.438725941,0.767241807,0.0,0.0
0.625621809363474,0.0,0.326561493,0.653351636,0.0,0.0
0.622826764866101,0.0,0.207624741,0.47802492249999995,0.0,0.0
0.638318140722796,0.0,0.145088446,0.404083685,0.0,0.0
0.6971926340824479,0.0,0.114134298,0.32938617,0.0,0.0
0.7888674616126653,0.019259457,0.111270871,0.26855272,0.0,0.0
0.8495519023433292,0.053702352,0.10229988,0.222866294,0.0,0.0
0.883336853753255,0.070040538,0.120722361,0.222643712,0.0,0.0
0.8926250637533262,0.114970526,0.146083983,0.244999065,0.0,0.0
0.8934388724350167,0.214023543,0.164867917,0.304241626,0.0,0.0
0.8918148211143905,0.348323294,0.237055361,0.385191278,0.0,0.0
0.8840545600278462,0.540960408,0.339968342,0.478878893,0.0,0.0
0.8769736921436452,0.609803779,0.420686395,0.559411103,0.0,0.0
0.8718672705324678,0.623261031,0.469643601,0.61770772,0.0,0.0
0.8690124476626406,0.59858838,0.564597817,0.701293602,0.0,0.0
0.8761053854815579,0.482324274,0.657115464,0.739595239,0.0,0.0
0.8763524542299386,0.371930343,0.684677312,0.81637201,0.0,0.0
0.8784262950077204,0.223820452,0.631503323,0.837336023,0.0,0.0
0.8663834795183541,0.111743758,0.541818765,0.82144568,0.0,0.0
0.8317982522847498,0.007980664,0.488039071,0.78323521,0.0,0.0
0.7801037469230384,0.0,0.451744244,0.745209311,0.0,0.0
0.7372486679569092,0.0,0.461386955,0.741766471,0.0,0.0
0.6772108852530692,0.0,0.41832154,0.657013515,0.0,0.0
0.6364958491746903,0.0,0.396862638,0.6500481629999999,0.0,0.0
0.6241940779047994,0.0,0.3897668685,0.6533249615000001,0.0,0.0
0.638890412920092,0.0,0.358635765,0.630257544,0.0,0.0
0.6975729754106412,0.0,0.32405359,0.604730657,0.0,0.0
0.7875227569966687,0.040059332,0.3234391,0.593737926,0.0,0.0
0.8462153777166012,0.093956073,0.350262062,0.589534736,0.0,0.0
0.8766046435071368,0.207373156,0.33559468,0.58328462,0.0,0.0
0.8835316192034645,0.322945353,0.321389856,0.573377111,0.0,0.0
0.8813144932492297,0.456929486,0.333672174,0.55471404,0.0,0.0
0.8799385163810097,0.579640692,0.480013037,0.570738472,0.0,0.0
0.8776493361777,0.658547345,0.479113737,0.599772503,0.0,0.0
0.8749369756085522,0.627963776,0.549444496,0.688069605,0.0,0.0
0.8711675778944657,0.678082958,0.585626697,0.693719117,0.0,0.0
0.8701611067333835,0.567895022,0.610263513,0.700064661,0.0,0.0
0.8771163372725762,0.544329162,0.627858118,0.763276639,0.0,0.0
0.877402541820338,0.381181621,0.620636182,0.752833501,0.0,0.0
0.879142995429645,0.239283403,0.619187591,0.759880527,0.0,0.0
0.8665942468998198,0.145397323,0.625177559,0.784301518,0.0,0.0
0.8323467959018596,0.019188449,0.574980058,0.812634292,0.0,0.0
0.7807408952052344,0.003160644,0.553532275,0.814139127,0.0,0.0
0.737669379695426,0.0,0.564767377,0.81820971,0.0,0.0
0.6772212180221117,0.0,0.603377386,0.852896833,0.0,0.0
0.6473661399662592,0.0,0.582504764,0.83849238,0.0,0.0
0.6262518254115197,0.0,0.5596165295,0.829652896,0.0,0.0
0.6243350770592215,0.0,0.5630284,0.821653392,0.0,0.0
0.6387351948557911,0.0,0.558668446,0.812310976,0.0,0.0
0.6964799570711893,0.0,0.55817507,0.803337822,0.0,0.0
0.7856275883237145,0.108099388,0.52248524,0.779028743,0.0,0.0
0.8454213198371733,0.225681154,0.471647126,0.758258334,0.0,0.0
0.8737425968403926,0.39828012,0.538712172,0.750290196,0.0,0.0
0.8807151094058855,0.509341013,0.461048618,0.707814758,0.0,0.0
0.8747519027312224,0.636812125,0.396498568,0.639582959,0.0,0.0
0.8704184166880401,0.72199712,0.273623917,0.493565211,0.0,0.0
0.8674433512443998,0.793765074,0.276600496,0.450775085,0.0,0.0
0.8635709015686742,0.75210934,0.283447559,0.410043692,0.0,0.0
0.8582840705383549,0.725110123,0.276848221,0.383454619,0.0,0.0
0.8563674137488235,0.587507428,0.244874515,0.344297176,0.0,0.0
0.8573901609348986,0.505122486,0.196029235,0.296920088,0.0,0.0
0.8624363241379805,0.302944663,0.144161563,0.243751302,0.0,0.0
0.8639832008293555,0.149536972,0.096789216,0.199497381,0.0,0.0
0.8566142081061857,0.062051525,0.075507345,0.17138817,0.0,0.0
0.8326222107585902,0.010033815,0.066810106,0.156901684,0.0,0.0
0.7807151094356137,0.002526278,0.052799602,0.14256527,0.0,0.0
0.7353947841328192,0.0,0.04092968,0.125625513,0.0,0.0
0.6570687521978297,0.0,0.034964814,0.109975755,0.0,0.0
0.6108637071610865,0.0,0.038303062,0.0857727435,0.0,0.0
0.591252790063914,0.0,0.039812217999999996,0.0653007185,0.0,0.0
0.5992796192750951,0.0,0.0575354515,0.058749077,0.0,0.0
0.6221157107900186,0.069649422,0.067344098,0.064591967,0.0,0.0
0.6507057276350884,0.152686477,0.055592087,0.070304872,0.0,0.0
0.6930043077255424,0.330570721,0.041025145,0.066472928,0.0,0.0
0.7282991031469211,0.488317892,0.040150453,0.06097028,0.0,0.0
0.7319951208841464,0.561213237,0.040549463,0.063568231,0.0,0.0
0.7281217567698803,0.454638402,0.052018477,0.075764716,0.0,0.0
0.7251239229659778,0.456936002,0.052383912,0.09816537,0.0,0.0
0.7196432409239896,0.413172834,0.058799765,0.140886391,0.0,0.0
0.7180856658070685,0.338553636,0.068951943,0.174318437,0.0,0.0
0.721861921364287,0.271256974,0.083466548,0.200895429,0.0,0.0
0.7311017599140862,0.236258595,0.094240742,0.231389642,0.0,0.0
0.737597737032879,0.190553581,0.105099612,0.250444837,0.0,0.0
0.7420711250380114,0.115754448,0.114575122,0.261633579,0.0,0.0
0.7372551601435375,0.056400971,0.131150961,0.270171289,0.0,0.0
0.7262056028323617,0.012414337,0.140334204,0.287969814,0.0,0.0
0.7005587391311867,0.0017689375,0.1146623465,0.25079413,0.0,0.0
0.656464567849429,0.0,0.081377182,0.177587517,0.0,0.0
0.6098184657828065,0.0,0.062087739,0.13001152,0.0,0.0
0.5888608551806757,0.0,0.0486099895,0.1455086385,0.0,0.0
0.5965041655681043,0.0,0.0507529905,0.15198760449999998,0.0,0.0
0.6214780596558097,0.081805959,0.045988187,0.141506791,0.0,0.0
0.6507057276350884,0.181461621,0.028924171,0.112166859,0.0,0.0
0.6946707411618254,0.259874268,0.027809341,0.08687187,0.0,0.0
0.7280684477676834,0.407352367,0.032376033,0.085178447,0.0,0.0
0.7370461758577699,0.528763387,0.027632237,0.077790841,0.0,0.0
0.734603972272385,0.61407255,0.020559715,0.047203681,0.0,0.0
0.7299743147175429,0.645285363,0.022235065,0.035969424,0.0,0.0
0.723781412883566,0.543209104,0.024337387,0.042305473,0.0,0.0
0.7191670712824338,0.462301361,0.033675266,0.058377197,0.0,0.0
0.7200656441954372,0.413359369,0.045815387,0.065856689,0.0,0.0
0.7307884893530188,0.294776361,0.049296202,0.077446753,0.0,0.0
0.7373043544695835,0.217734015,0.059776505,0.098024776,0.0,0.0
0.7436279686932844,0.136539776,0.097328494,0.140912887,0.0,0.0
0.737949275033452,0.071928068,0.161712264,0.212896948,0.0,0.0
0.725849127279864,0.008782264,0.230618362,0.299099261,0.0,0.0
0.7134552766419375,0.002369831,0.257460596,0.361442956,0.0,0.0
0.6886462702264002,0.0,0.284007424,0.422483461,0.0,0.0
0.6605408811334641,0.0,0.43413168150000003,0.5997033625,0.0,0.0
0.6225831479299778,0.0,0.45780935700000003,0.6153410385,0.0,0.0
0.6201784801738097,0.0,0.546386686,0.65810628,0.0,0.0
0.6338641378634228,0.0,0.617603775,0.741552255,0.0,0.0
0.6879537098225486,0.0,0.705073438,0.814178248,0.0,0.0
0.77987185723014,0.01590608,0.767185085,0.866696443,0.0,0.0
0.8381234667758969,0.064101015,0.801128275,0.890438986,0.0,0.0
0.8683690815848348,0.089522125,0.834632594,0.906130313,0.0,0.0
0.871763487109181,0.148845635,0.871939058,0.92171662,0.0,0.0
0.8686827179510468,0.197266893,0.874265942,0.930595309,0.0,0.0
0.8647685719885704,0.231942719,0.818218367,0.915429246,0.0,0.0
0.8642953742722715,0.267118435,0.803663406,0.89020187,0.0,0.0
0.8640773832425295,0.289066557,0.785723628,0.858186807,0.0,0.0
0.864190127777048,0.322523779,0.757224434,0.796183821,0.0,0.0
0.8644724918910364,0.227637546,0.654083869,0.733083469,0.0,0.0
0.8679885116470065,0.091699873,0.520437879,0.742918477,0.0,0.0
0.8691753922272306,0.058150504,0.45937489,0.726527688,0.0,0.0
0.8694208150754228,0.057359573,0.406794473,0.694465143,0.0,0.0
0.8602520247733909,0.044568841,0.366362784,0.671095175,0.0,0.0
0.8319816792618911,0.007395538,0.351193436,0.63316155,0.0,0.0
0.780967847346208,0.0,0.370036833,0.609316766,0.0,0.0
0.7371232134401526,0.0,0.39617598,0.611096674,0.0,0.0
0.6620135091908205,0.0,0.387865312,0.586075935,0.0,0.0
0.6266878074710036,0.0,0.385283151,0.566012233,0.0,0.0
0.6002796210659201,0.0,0.416502595,0.600131585,0.0,0.0
0.5937235226602207,0.0,0.42386664949999997,0.608521356,0.0,0.0
0.5989800873653036,0.0,0.45051234,0.620609034,0.0,0.0
0.6258439152180079,0.0,0.441420832,0.650452664,0.0,0.0
0.6964264650920997,0.072674563,0.399820373,0.623120133,0.0,0.0
0.7684517425777764,0.108911273,0.406432943,0.61076747,0.0,0.0
0.8186111667918102,0.162558386,0.443449247,0.630721133,0.0,0.0
0.8387907898948831,0.244860856,0.472596223,0.639544532,0.0,0.0
0.8408723116888522,0.286023933,0.487917057,0.633058033,0.0,0.0
0.8416141578328757,0.318387875,0.371167914,0.558236327,0.0,0.0
0.8441529668260135,0.475767713,0.32974198,0.535308221,0.0,0.0
0.8440539381263997,0.410298948,0.330387238,0.515871614,0.0,0.0
0.8410357134727124,0.344972767,0.357001601,0.531169104,0.0,0.0
0.8370780424950446,0.27516697,0.390060454,0.522624661,0.0,0.0
0.8338006790096197,0.29850301,0.421831234,0.523194564,0.0,0.0
0.8320902175574919,0.267546572,0.479790486,0.53179722,0.0,0.0
0.8339117776439496,0.142880935,0.520736654,0.58502868,0.0,0.0
0.8239214062299138,0.065537178,0.541431159,0.64415782,0.0,0.0
0.7998806719241836,0.023272434,0.569158963,0.694674992,0.0,0.0
0.7592743111882738,0.003227337,0.583918612,0.753341495,0.0,0.0
0.7198755878361582,0.0,0.574434951,0.783473044,0.0,0.0
0.6459540902664389,0.0,0.5547402715,0.7877187155,0.0,0.0
0.6027275167042102,0.0,0.443465789,0.748741025,0.0,0.0
0.6068466236161091,0.0,0.368934263,0.660855746,0.0,0.0
0.6486453284498336,0.001493954,0.353712208,0.59051447,0.0,0.0
0.7127643165055318,0.139476033,0.363904165,0.57941575,0.0,0.0
0.7736841671904655,0.280764296,0.33892502,0.546172893,0.0,0.0
0.820133263566231,0.431010989,0.341913491,0.551306792,0.0,0.0
0.8362038838424919,0.572172203,0.396416354,0.575174928,0.0,0.0
0.8350949093531671,0.699905128,0.459098814,0.60714578,0.0,0.0
0.834354251890062,0.720669821,0.50322914,0.636346335,0.0,0.0
0.8308983077139355,0.749882317,0.541546344,0.663215327,0.0,0.0
0.8266682394375364,0.725780372,0.5446941,0.657630174,0.0,0.0
0.8223403312910827,0.637576931,0.501796425,0.649146949,0.0,0.0
0.8196674723264602,0.531465587,0.475985808,0.640149799,0.0,0.0
0.8204971001111552,0.413399109,0.417119391,0.633064463,0.0,0.0
0.8215855007738025,0.340636578,0.380457144,0.61755769,0.0,0.0
0.821978872107995,0.252200528,0.363864152,0.619149908,0.0,0.0
0.8155945878896708,0.128599061,0.400812368,0.651938519,0.0,0.0
0.7987573414037913,0.0344384,0.465150908,0.698341458,0.0,0.0
0.7580620561276752,0.003077881,0.550811448,0.749601592,0.0,0.0
0.7179967411182212,0.0,0.618357589,0.788930461,0.0,0.0
0.6625722027487211,0.0,0.673316378,0.796344945,0.0,0.0
0.6272451293710933,0.0,0.656636113,0.773021303,0.0,0.0
0.5976030359723421,0.0,0.5755515685,0.7230973089999999,0.0,0.0
0.5946347598483994,0.0,0.47302135,0.679381392,0.0,0.0
0.6002291466448302,0.0,0.402814102,0.637811803,0.0,0.0
0.6278503195721603,0.001364664,0.380188329,0.615224031,0.0,0.0
0.6996765339545837,0.052548194,0.385072969,0.601626077,0.0,0.0
0.7712440210917971,0.11529773,0.352762895,0.564156011,0.0,0.0
0.8196415035799469,0.209819527,0.33332382,0.524401647,0.0,0.0
0.83671237722168,0.387247212,0.355375308,0.543952066,0.0,0.0
0.8355325373128397,0.61251641,0.400315899,0.622419411,0.0,0.0
0.8355701187747988,0.792491649,0.406736548,0.611102618,0.0,0.0
0.8343411761026793,0.834821746,0.479458295,0.639533531,0.0,0.0
0.8325272968837684,0.825682181,0.511961809,0.626397649,0.0,0.0
0.8279223279803954,0.805278067,0.506844161,0.590201521,0.0,0.0
0.8249016344021048,0.714076445,0.486827394,0.570907325,0.0,0.0
0.8237170396209507,0.647457347,0.464313174,0.567177282,0.0,0.0
0.8223534070784652,0.547701064,0.422326887,0.555729684,0.0,0.0
0.8225980069022426,0.387633409,0.370702297,0.547483697,0.0,0.0
0.8154515771042362,0.217487913,0.317066409,0.53335851,0.0,0.0
0.7986358187349338,0.072553246,0.293156169,0.519718401,0.0,0.0
0.7594740601204325,0.001782246,0.264673468,0.490379793,0.0,0.0
0.71980179642141,0.0,0.243845495,0.444480769,0.0,0.0
0.6640233426895003,0.0,0.22561984,0.415965733,0.0,0.0
0.6280315977227799,0.0,0.190294991,0.35484680199999996,0.0,0.0
0.6144986434658015,0.0,0.165813074,0.2515037325,0.0,0.0
0.6251937367811717,0.0,0.154916896,0.202378185,0.0,0.0
0.6637749480646921,0.002388457,0.142530619,0.208132625,0.0,0.0
0.7228088655789215,0.125815509,0.121459882,0.220100744,0.0,0.0
0.7782616130099033,0.250963002,0.101160497,0.197048325,0.0,0.0
0.8249697565059988,0.219667333,0.088634311,0.171890107,0.0,0.0
0.8389498026115738,0.319497352,0.079055666,0.151433316,0.0,0.0
0.8382801019821101,0.583186072,0.073585229,0.128415774,0.0,0.0
0.8356285484544539,0.721718649,0.064644886,0.10800219,0.0,0.0
0.8344788835310446,0.828265852,0.072633778,0.123622919,0.0,0.0
0.8312667163029217,0.858598555,0.08493485,0.135908024,0.0,0.0
0.8223482864010069,0.839902601,0.099816684,0.154610988,0.0,0.0
0.8184436501831582,0.785700865,0.113461335,0.170348511,0.0,0.0
0.8163794105641302,0.653226262,0.118325434,0.175798607,0.0,0.0
0.8151734190805247,0.527830606,0.116470238,0.180601627,0.0,0.0
0.8152556228244676,0.371689672,0.1118609,0.171794216,0.0,0.0
0.8138143584334605,0.197038246,0.115915792,0.15905907,0.0,0.0
0.798947260716202,0.069092873,0.128821442,0.156389828,0.0,0.0
0.7578803664648481,0.001288301,0.142891016,0.17587734,0.0,0.0
0.7200678845104054,0.0,0.145889959,0.198519018,0.0,0.0
0.6424025006795221,0.0,0.153010276,0.21011752,0.0,0.0
0.6110017803945962,0.0,0.161471641,0.215077055,0.0,0.0
0.5827723997081995,0.0,0.16731902799999998,0.2182068625,0.0,0.0
0.5782334726799532,0.0,0.15649030149999998,0.20817865549999998,0.0,0.0
0.5746864321720864,0.002648031,0.125104431,0.189227944,0.0,0.0
0.5845208084274309,0.076853374,0.105268372,0.170539413,0.0,0.0
0.6056090170401478,0.167792097,0.081868626,0.162167321,0.0,0.0
0.6465443302446201,0.345154808,0.061191246,0.156113876,0.0,0.0
0.688815249906989,0.549746513,0.066366994,0.158093235,0.0,0.0
0.695227331600267,0.701900253,0.075918568,0.159815329,0.0,0.0
0.6944418232455429,0.829216992,0.087414987,0.141375867,0.0,0.0
0.6926547814303025,0.893030527,0.093995252,0.149512749,0.0,0.0
0.6889031229617865,0.910559059,0.092470908,0.153737773,0.0,0.0
0.6842736482351961,0.883785161,0.089833838,0.153632636,0.0,0.0
0.6832164740433888,0.80757582,0.087767058,0.146579892,0.0,0.0
0.6824555171446248,0.691844153,0.08227861,0.133500635,0.0,0.0
0.6827451508369138,0.544553613,0.077041592,0.115085138,0.0,0.0
0.6841866896189392,0.378991107,0.076731633,0.10454559,0.0,0.0
0.6855152096240686,0.211616002,0.083013187,0.105187142,0.0,0.0
0.6872365979627368,0.089577051,0.091854917,0.110225848,0.0,0.0
0.6721115046105572,0.0019508885,0.1028548365,0.12473451899999999,0.0,0.0
0.6234498543246192,0.0,0.105573044,0.1369930465,0.0,0.0
0.5739263439304795,0.0,0.115671836,0.136283792,0.0,0.0
0.5679094624484753,0.0,0.11748871699999999,0.1204760025,0.0,0.0
0.5721509606120683,0.0,0.119715589,0.105726881,0.0,0.0
0.5712765277171378,0.003610542,0.128054812,0.110287435,0.0,0.0
0.5756534015800022,0.141253849,0.12063403,0.112510906,0.0,0.0
0.6025939469913284,0.283003788,0.09919278,0.12355192,0.0,0.0
0.6420380698684591,0.452663177,0.065876121,0.118732947,0.0,0.0
0.6821689010103352,0.613054763,0.060095057,0.12392616,0.0,0.0
0.6900737275170176,0.733393695,0.060804053,0.129104846,0.0,0.0
0.6909826786831651,0.815835147,0.050858886,0.10783349,0.0,0.0
0.6911172315066626,0.880860547,0.05160683,0.108537196,0.0,0.0
0.6890595297070055,0.879115663,0.055539549,0.10050617,0.0,0.0
0.6847267294927286,0.862557601,0.059936743,0.095511895,0.0,0.0
0.6836011130246256,0.796766273,0.064868278,0.09631682,0.0,0.0
0.6828427164645907,0.683527891,0.066336412,0.105253781,0.0,0.0
0.6827635301300065,0.54308478,0.071801417,0.119402419,0.0,0.0
0.6828220510751466,0.377270288,0.082166359,0.137380059,0.0,0.0
0.6820019330350794,0.209797909,0.106270262,0.16078752,0.0,0.0
0.682760421157881,0.092492824,0.134968094,0.183432834,0.0,0.0
0.6817150882911548,0.002013521,0.176770221,0.226338195,0.0,0.0
0.6637689588787173,0.0,0.216910052,0.264554164,0.0,0.0
0.6620449642712958,0.0,0.252891845,0.298737664,0.0,0.0
0.6264665246408846,0.0,0.295656176,0.336983983,0.0,0.0
0.5997124237646991,0.0,0.317607879,0.36369601,0.0,0.0
0.5936237167918961,0.0,0.33667326249999996,0.41177500899999997,0.0,0.0
0.598930710211006,0.0,0.356169421,0.472586695,0.0,0.0
0.625773872822907,0.004424477,0.338973102,0.477422051,0.0,0.0
0.6956925742066414,0.148021335,0.290242843,0.448153793,0.0,0.0
0.7643015920976096,0.288914605,0.226001822,0.399729553,0.0,0.0
0.8042524708909731,0.463073383,0.128058765,0.322416244,0.0,0.0
0.8220514748418251,0.624724685,0.106444324,0.296531991,0.0,0.0
0.8240665202834481,0.761094189,0.098783024,0.296583,0.0,0.0
0.8240076333845228,0.860242747,0.087289281,0.276347005,0.0,0.0
0.8243550109275614,0.920611846,0.095105826,0.299960398,0.0,0.0
0.8224406399370997,0.932987009,0.108260068,0.313218272,0.0,0.0
0.8182318770976669,0.902565815,0.125333643,0.319066723,0.0,0.0
0.8146683089158395,0.82396915,0.129405887,0.309443142,0.0,0.0
0.8113746694054216,0.70589241,0.134970665,0.294132029,0.0,0.0
0.8091259968079447,0.557677055,0.148510697,0.28679752,0.0,0.0
0.807461254904593,0.390605954,0.173633566,0.284896787,0.0,0.0
0.8042151638200324,0.216243361,0.203523232,0.281244143,0.0,0.0
0.7977217012585853,0.100752578,0.227094668,0.267560636,0.0,0.0
0.766651487779644,0.0,0.235089357,0.253574686,0.0,0.0
0.7258605571670579,0.0,0.232569786,0.239763706,0.0,0.0
0.6621351234224446,0.0,0.245641463,0.245434846,0.0,0.0
0.6268694971338307,0.0,0.256288349,0.25652062,0.0,0.0
0.5997124237646991,0.0,0.256139597,0.26704042,0.0,0.0
0.5936793346324952,0.0,0.27223032150000004,0.304737895,0.0,0.0
0.5986638906603625,0.0,0.30599505,0.361240531,0.0,0.0
0.6255292728504885,0.005107257,0.333961365,0.40878069,0.0,0.0
0.6948661924409404,0.141393195,0.331998017,0.440429516,0.0,0.0
0.7640083465811823,0.283390719,0.30556459,0.445682304,0.0,0.0
0.8042524708909731,0.457634022,0.226094076,0.423285435,0.0,0.0
0.8221553496792376,0.616698745,0.214624111,0.410634802,0.0,0.0
0.8241084908125768,0.756313573,0.228190712,0.416910854,0.0,0.0
0.8243080111351002,0.857084518,0.243609563,0.410511906,0.0,0.0
0.8245057941433093,0.913805488,0.31226763,0.46972189,0.0,0.0
0.8233995628209654,0.929294426,0.398417452,0.532119553,0.0,0.0
0.8185663615329339,0.89507405,0.463703407,0.57875242,0.0,0.0
0.8150196183067772,0.817212851,0.485027385,0.597038233,0.0,0.0
0.8120840546163033,0.700431665,0.490748797,0.616247416,0.0,0.0
0.8094511546241174,0.562989339,0.492311563,0.635299455,0.0,0.0
0.8071560310162166,0.397576519,0.553086496,0.674856654,0.0,0.0
0.8042151638200324,0.226413834,0.594279595,0.721516677,0.0,0.0
0.7972592018191919,0.109450966,0.638546608,0.76753886,0.0,0.0
0.76751129054977,0.003181519,0.665602305,0.796508032,0.0,0.0
0.7311741340382812,0.0,0.673947227,0.820903374,0.0,0.0
0.6623232594905165,0.0,0.712439205,0.854122339,0.0,0.0
0.6138267026700106,0.0,0.664380311,0.844706893,0.0,0.0
0.5937926964724849,0.0,0.5746010975,0.8030353125,0.0,0.0
0.5988410082791273,0.0,0.523101936,0.758898607,0.0,0.0
0.6256834394293804,0.006346935,0.502434579,0.74280761,0.0,0.0
0.6945498129077474,0.151798038,0.462917538,0.722745614,0.0,0.0
0.7637297313382005,0.288623803,0.441170811,0.703867079,0.0,0.0
0.8043340347360348,0.45786359,0.356190855,0.667228037,0.0,0.0
0.8224039729136811,0.616585342,0.34827853,0.646604386,0.0,0.0
0.824184293932658,0.75053422,0.362606669,0.646255948,0.0,0.0
0.8246403925995492,0.849332375,0.398453828,0.678121401,0.0,0.0
0.8254458803661711,0.90684263,0.49076268,0.743760791,0.0,0.0
0.8248367125358214,0.920757669,0.581266641,0.79696275,0.0,0.0
0.8199906184372999,0.883992588,0.645453717,0.832293988,0.0,0.0
0.8164753301429778,0.804632082,0.677078832,0.848763796,0.0,0.0
0.812769848591149,0.675441345,0.68017904,0.857413213,0.0,0.0
0.8101230497871658,0.527346906,0.651250416,0.855619478,0.0,0.0
0.80745650018092,0.350999266,0.690960263,0.860795263,0.0,0.0
0.8043082488177732,0.199193662,0.703390602,0.873944583,0.0,0.0
0.7974124538109022,0.102782346,0.70865375,0.879268112,0.0,0.0
0.7677729894229551,0.0,0.711649666,0.886150299,0.0,0.0
0.7326081749296527,0.0,0.703436736,0.887616917,0.0,0.0
0.662422882456269,0.0,0.726818901,0.891989109,0.0,0.0
0.6271940147538404,0.0,0.68955399,0.854865221,0.0,0.0
0.6004127565988643,0.0,0.640132801,0.816174531,0.0,0.0
0.5938271689623187,0.0,0.586592328,0.755511798,0.0,0.0
0.5990241610138911,0.0,0.54424532,0.688733704,0.0,0.0
0.6255823076103079,0.006852004,0.501485857,0.651597387,0.0,0.0
0.6944875885757024,0.134830699,0.445108882,0.638879044,0.0,0.0
0.7637330232872185,0.257842506,0.37826623,0.629437626,0.0,0.0
0.8042524708909731,0.353699183,0.335744367,0.618495121,0.0,0.0
0.8219719227020963,0.480566516,0.322265238,0.589581993,0.0,0.0
0.8237045124669642,0.554720951,0.32634623,0.563330753,0.0,0.0
0.8240076333845228,0.627218153,0.272206676,0.523709423,0.0,0.0
0.8242249843667426,0.663314869,0.291995165,0.542995675,0.0,0.0
0.8240325962783696,0.644243137,0.285517068,0.537372473,0.0,0.0
0.8190305068725161,0.601847419,0.273573091,0.591571612,0.0,0.0
0.8153096634369531,0.543806258,0.288309263,0.633584902,0.0,0.0
0.8117782819458897,0.37324488,0.316409431,0.636668757,0.0,0.0
0.8087957184629547,0.270105916,0.317682152,0.598997857,0.0,0.0
0.8074152611134392,0.150204802,0.334883464,0.511808154,0.0,0.0
0.8038297475957643,0.064568988,0.375892912,0.455735996,0.0,0.0
0.7976556821255096,0.031186549,0.389489827,0.419276359,0.0,0.0
0.7678629655972113,0.004694062,0.398035272,0.443116702,0.0,0.0
0.732159528520673,0.0,0.428941857,0.510222618,0.0,0.0
0.6623232594905165,0.0,0.387765423,0.560129172,0.0,0.0
0.6271940147538404,0.0,0.416038871,0.612939198,0.0,0.0
0.6003565214527938,0.0,0.463509849,0.661490202,0.0,0.0
0.5936474452234414,0.0,0.495892919,0.676216397,0.0,0.0
0.5939419708349126,0.0,0.461182218,0.644477393,0.0,0.0
0.5988410082791273,0.0,0.401280917,0.619789339,0.0,0.0
0.6255649341698816,0.004787561,0.378786746,0.580799739,0.0,0.0
0.6961067937585298,0.101198096,0.352741845,0.53322145,0.0,0.0
0.7655819692621021,0.227749452,0.279798265,0.479263847,0.0,0.0
0.8144457459906761,0.307318906,0.205771771,0.402248059,0.0,0.0
0.8295442763302038,0.565962195,0.173630245,0.332895236,0.0,0.0
0.8268674855176822,0.734089622,0.162171789,0.261705325,0.0,0.0
0.8254031782267536,0.836637674,0.168384931,0.217913954,0.0,0.0
0.823826400940966,0.907817328,0.160976972,0.195428997,0.0,0.0
0.8216802316717319,0.903133727,0.136587345,0.150465545,0.0,0.0
0.8169970822864411,0.862910043,0.117718244,0.120603524,0.0,0.0
0.8130555045055144,0.790390325,0.10654612,0.107460826,0.0,0.0
0.810500419338743,0.65416397,0.091552691,0.091003638,0.0,0.0
0.8084185318882702,0.549547019,0.079830161,0.076239954,0.0,0.0
0.8078747429948333,0.3948068,0.07531478,0.062378259,0.0,0.0
0.804544527726482,0.225180074,0.075839089,0.053634684,0.0,0.0
0.7991187091727531,0.108387149,0.081498389,0.049973488,0.0,0.0
0.760744059031781,0.001105,0.085062739,0.050941592,0.0,0.0
0.7181086169955824,0.0,0.077679376,0.046090597,0.0,0.0
0.6420608382287213,0.0,0.069089864,0.035106935,0.0,0.0
0.6050332244328396,0.0,0.064821598,0.027113203,0.0,0.0
0.5738310186177706,0.0,0.062498736,0.022725263,0.0,0.0
0.5618155890911508,0.0,0.0633056325,0.0239267925,0.0,0.0
0.5613325158994003,0.0,0.069857827,0.038526098,0.0,0.0
0.5644853391579683,0.007169263,0.08567789,0.059247723,0.0,0.0
0.5722680485810137,0.076200162,0.098432762,0.078893232,0.0,0.0
0.6025939469913284,0.163383157,0.079579262,0.073042696,0.0,0.0
0.6421277260189543,0.315777638,0.064152628,0.057435537,0.0,0.0
0.6837609487657309,0.381660904,0.057333954,0.048694455,0.0,0.0
0.6916770221827148,0.503354959,0.046900789,0.048357433,0.0,0.0
0.6913472924711207,0.573915859,0.049418787,0.044619967,0.0,0.0
0.6909919140367744,0.670596645,0.056215534,0.047231005,0.0,0.0
0.688472810064516,0.662315722,0.064491512,0.066924576,0.0,0.0
0.6840042683458234,0.645510882,0.074969141,0.104082201,0.0,0.0
0.6830677939470997,0.558165366,0.08235839,0.160472399,0.0,0.0
0.6823283709462962,0.477026979,0.086974602,0.219337234,0.0,0.0
0.6827332637304493,0.423189567,0.08903782,0.264800859,0.0,0.0
0.6834367510208414,0.322377537,0.104633415,0.29831224,0.0,0.0
0.684521997078621,0.191758112,0.141513352,0.324624334,0.0,0.0
0.6847243519822512,0.091389645,0.188392798,0.368945546,0.0,0.0
0.6724385597529248,0.002756383,0.2144928815,0.369790422,0.0,0.0
0.6421796633633403,0.0,0.227219781,0.371274415,0.0,0.0
0.5878664082472468,0.0,0.198921022,0.323701884,0.0,0.0
0.5593346381792599,0.0,0.182996405,0.30248703200000004,0.0,0.0
0.5610755718242086,0.004556071,0.204172618,0.325756786,0.0,0.0
0.571232316873041,0.110636626,0.226986047,0.3541233,0.0,0.0
0.6024641032587614,0.228180237,0.216657666,0.356277772,0.0,0.0
0.6412989668914166,0.349046287,0.207871452,0.345474529,0.0,0.0
0.6812662134211808,0.498709568,0.232314335,0.349764853,0.0,0.0
0.6898672577885954,0.62447725,0.259574243,0.358256527,0.0,0.0
0.6915624031383726,0.739714629,0.291179271,0.357853816,0.0,0.0
0.6920186847821563,0.796180933,0.316454117,0.393640832,0.0,0.0
0.6890360298850953,0.846720125,0.359402859,0.445353118,0.0,0.0
0.6859253143511651,0.823405174,0.399754212,0.497536657,0.0,0.0
0.68543945213673,0.749182264,0.437302095,0.545958057,0.0,0.0
0.6842252311521816,0.65850007,0.447866569,0.570277837,0.0,0.0
0.6838947241975563,0.527727436,0.453314216,0.595208086,0.0,0.0
0.683233436045928,0.377222786,0.497716335,0.633682475,0.0,0.0
0.6826165873480318,0.21888595,0.526720217,0.667234825,0.0,0.0
0.6808662583375933,0.119988407,0.5480077,0.694674584,0.0,0.0
0.6707360306686705,0.000644418,0.549635141,0.701194855,0.0,0.0
0.6450348064055691,0.0,0.5581302505000001,0.7002874245,0.0,0.0
0.6005795415972274,0.0,0.554285386,0.699458813,0.0,0.0
0.593732392283006,0.0,0.523722629,0.666702384,0.0,0.0
0.5989506438415204,0.0,0.481254585,0.627017217,0.0,0.0
0.6254284612038179,0.014807826,0.447798134,0.601803032,0.0,0.0
0.6944416860500338,0.165988035,0.389499998,0.561557957,0.0,0.0
0.7639328178521196,0.303653324,0.322997714,0.507398195,0.0,0.0
0.80584241552691,0.470223642,0.221348288,0.429278298,0.0,0.0
0.8227522647466194,0.62759108,0.195808396,0.361836751,0.0,0.0
0.8255920002723718,0.761672613,0.19278996,0.328783426,0.0,0.0
0.8282696139606673,0.857007547,0.189212076,0.298401902,0.0,0.0
0.8309898383742543,0.914626286,0.2055028,0.31175928,0.0,0.0
0.8300643824248377,0.906617893,0.21916369,0.311826502,0.0,0.0
0.823792751326906,0.873931124,0.227818129,0.312054746,0.0,0.0
0.819452407291951,0.793122565,0.226031138,0.31405125,0.0,0.0
0.8161525498372825,0.681674952,0.205183103,0.303273785,0.0,0.0
0.8131033271737493,0.53898464,0.178259345,0.298599753,0.0,0.0
0.8110352471209481,0.380993507,0.162283481,0.318276577,0.0,0.0
0.8062303920899073,0.219104037,0.164598502,0.346945214,0.0,0.0
0.7988751152016421,0.121372668,0.185276043,0.38730208,0.0,0.0
0.7683874607590149,0.001445801,0.21305799,0.390480298,0.0,0.0
0.7343077093465994,0.0,0.232416406,0.360883846,0.0,0.0
0.6627390791612101,0.0,0.241707174,0.388654221,0.0,0.0
0.6139686162629732,0.0,0.196501801,0.3633581,0.0,0.0
0.5936990169113237,0.0,0.14747345750000002,0.26677151450000003,0.0,0.0
0.5988535354331137,0.0,0.12293662,0.18134872,0.0,0.0
0.6256704550561236,0.013484781,0.109461682,0.148730686,0.0,0.0
0.6944911546184571,0.114407858,0.108462908,0.137958034,0.0,0.0
0.7639244053742841,0.208315871,0.097123593,0.122146497,0.0,0.0
0.80584241552691,0.460924937,0.085787944,0.113029538,0.0,0.0
0.8227522647466194,0.608839185,0.080075392,0.095809328,0.0,0.0
0.824684283419885,0.740051648,0.075026287,0.074431527,0.0,0.0
0.8253911997061635,0.836823046,0.06839743,0.070743328,0.0,0.0
0.8270787099697773,0.8964976659999999,0.053280180499999996,0.056454973000000006,0.0,0.0
0.8213700699341488,0.83974502,0.039134506,0.082404025,0.0,0.0
0.8168507795519886,0.740607853,0.04007007,0.126369312,0.0,0.0
0.8139036944115539,0.641114022,0.054050049,0.166454365,0.0,0.0
0.8113657997083158,0.502544687,0.092095014,0.21692976,0.0,0.0
0.8087595085101654,0.347525096,0.120536089,0.264430406,0.0,0.0
0.8051444602032224,0.206229604,0.132262697,0.289874184,0.0,0.0
0.7985333154066913,0.108856261,0.140705702,0.293050831,0.0,0.0
0.7684035541043969,0.001762366,0.14523424,0.267216435,0.0,0.0
0.7345940968712538,0.0,0.148611829,0.239805958,0.0,0.0
0.6627390791612101,0.0,0.161937785,0.263905172,0.0,0.0
0.6140223367773774,0.0,0.1906960735,0.2543368285,0.0,0.0
0.5937392273840871,0.0,0.259601553,0.3086045835,0.0,0.0
0.5989424143405776,0.0,0.300025066,0.348383261,0.0,0.0
0.6257423719610483,0.017277284,0.315510502,0.360578485,0.0,0.0
0.6945211009942531,0.144200221,0.31494655,0.355858522,0.0,0.0
0.7638739309531942,0.24338915,0.260618943,0.337043833,0.0,0.0
0.807183279857774,0.420215127,0.212158436,0.344486515,0.0,0.0
0.8231370409233656,0.51403098,0.213253312,0.384781104,0.0,0.0
0.8266479400018775,0.617929906,0.236146455,0.427230675,0.0,0.0
0.8288580251360878,0.718054092,0.257591482,0.467561085,0.0,0.0
0.8304883859637315,0.821553398,0.286411575,0.472320929,0.0,0.0
0.827703879731383,0.833518612,0.31489605,0.488230973,0.0,0.0
0.8230443215821285,0.80095384,0.362494712,0.50543987,0.0,0.0
0.818218344091014,0.746613735,0.405979566,0.510395004,0.0,0.0
0.8149279962323325,0.663157756,0.433720934,0.514768682,0.0,0.0
0.8110314066871748,0.533616578,0.427522835,0.510609893,0.0,0.0
0.8078343268031265,0.39080061,0.410710683,0.516700759,0.0,0.0
0.8047714798674556,0.226269395,0.402392711,0.549771816,0.0,0.0
0.797617826272532,0.126411622,0.405820822,0.574866985,0.0,0.0
0.768348324810993,0.002692823,0.411160938,0.576558845,0.0,0.0
0.7324072829493183,0.0,0.386833829,0.54490705,0.0,0.0
0.6623232594905165,0.0,0.400976166,0.554328991,0.0,0.0
0.627159267872988,0.0,0.364917311,0.499653425,0.0,0.0
0.5969061093920125,0.0,0.29408365049999996,0.46042853,0.0,0.0
0.593550474010544,0.0,0.262188659,0.490932614,0.0,0.0
0.598224891042879,0.0,0.244949095,0.499113164,0.0,0.0
0.6251391019025474,0.020671346,0.210566387,0.484022607,0.0,0.0
0.6956751549848319,0.150040595,0.178663482,0.452411275,0.0,0.0
0.7643984262636385,0.281669735,0.178186409,0.422135402,0.0,0.0
0.8062293862372408,0.375240103,0.195345899,0.407139107,0.0,0.0
0.8220741517879613,0.552661864,0.210718447,0.418219402,0.0,0.0
0.8234523231897661,0.714888703,0.226508901,0.45830563,0.0,0.0
0.8235872874511504,0.842866548,0.225394669,0.516078527,0.0,0.0
0.8235097470167547,0.89745113,0.221975378,0.519437167,0.0,0.0
0.8218764601938782,0.925016804,0.242223083,0.526432574,0.0,0.0
0.8170104323162013,0.873328697,0.258702465,0.541702515,0.0,0.0
0.8132270445248324,0.767858782,0.260223828,0.56560843,0.0,0.0
0.8105087402538116,0.637301738,0.270452476,0.604366911,0.0,0.0
0.8088698756828473,0.54863847,0.295631978,0.607963981,0.0,0.0
0.8071529220440913,0.378357356,0.320760516,0.544022843,0.0,0.0
0.8037047501496372,0.220196818,0.320164833,0.472374921,0.0,0.0
0.7976869543777331,0.127253781,0.325868669,0.46104508,0.0,0.0
0.7674233259322059,0.003948082,0.332426918,0.480676593,0.0,0.0
0.7311930163320275,0.0,0.340311058,0.488613187,0.0,0.0
0.6621596290970212,0.0,0.281032318,0.428065644,0.0,0.0
0.6137508766592377,0.0,0.271437288,0.3855747515,0.0,0.0
0.5933555714391455,0.0,0.2677313065,0.363742891,0.0,0.0
0.5986711600900222,0.0,0.269825879,0.372492526,0.0,0.0
0.6255649341698816,0.018346209,0.265344719,0.392979541,0.0,0.0
0.6948661924409404,0.108633881,0.245999306,0.420900555,0.0,0.0
0.7641863786384878,0.217890862,0.221246192,0.437331973,0.0,0.0
0.805055124225129,0.359404877,0.228762428,0.413537598,0.0,0.0
0.8220553152755984,0.484940748,0.22573553,0.362264888,0.0,0.0
0.82337295402693,0.54513035,0.222188691,0.312746995,0.0,0.0
0.8234523231897661,0.538898217,0.214316401,0.279276271,0.0,0.0
0.8233632614540505,0.535314356,0.190987071,0.244558937,0.0,0.0
0.8190058182953672,0.524522709,0.168344812,0.25788376,0.0,0.0
0.8134537222747876,0.518849935,0.156719757,0.294010849,0.0,0.0
0.8104853318460273,0.499312423,0.14879147,0.317676626,0.0,0.0
0.8082463518214302,0.395409994,0.122221212,0.314449149,0.0,0.0
0.8067028583445581,0.271837532,0.101143567,0.27131942,0.0,0.0
0.8042601519071605,0.164052393,0.088461588,0.218576282,0.0,0.0
0.7975198949883513,0.088883514,0.088605245,0.181034362,0.0,0.0
0.7668709418813228,0.00347708,0.090007855,0.17091232,0.0,0.0
0.7267221428842409,0.0,0.087118634,0.170428292,0.0,0.0
0.642204397647552,0.0,0.077969704,0.157933697,0.0,0.0
0.6040360800394926,0.0,0.065854233,0.126870815,0.0,0.0
0.5717948049346907,0.0,0.061627137,0.106627918,0.0,0.0
0.5594935366654534,0.0,0.062633474,0.08399365449999999,0.0,0.0
0.5592266714077471,0.0,0.056713577,0.065686437,0.0,0.0
0.562664876338303,0.024150253,0.053751571,0.057215422,0.0,0.0
0.571232316873041,0.13464182,0.047823478,0.047731517,0.0,0.0
0.6027229219180973,0.239756543,0.03901302,0.04041399,0.0,0.0
0.6419139410794892,0.356604723,0.039758089,0.035864433,0.0,0.0
0.6823145636972656,0.511998161,0.043688473,0.031836988,0.0,0.0
0.69009059795679,0.660705442,0.050219118,0.027487459,0.0,0.0
0.6910865078878353,0.743239116,0.051167025,0.028648741,0.0,0.0
0.6911172315066626,0.776295453,0.05708603,0.032061005,0.0,0.0
0.688884789450077,0.733780805,0.063129558,0.040044218,0.0,0.0
0.6844709283913922,0.658368262,0.06638921,0.05065296,0.0,0.0
0.6833308644780958,0.599335931,0.072039256,0.053648189,0.0,0.0
0.682641367264986,0.537123979,0.073521123,0.04912638,0.0,0.0
0.6830088614154318,0.414780856,0.072151595,0.04464118,0.0,0.0
0.6828111698213487,0.325701611,0.072116066,0.051211621,0.0,0.0
0.6821802852647867,0.189339039,0.074961669,0.05745851,0.0,0.0
0.6822089513968977,0.117709363,0.082738891,0.060659033,0.0,0.0
0.6804361284172156,0.003175238,0.090953143,0.064030981,0.0,0.0
0.6630596650819616,0.0,0.094245799,0.065462039,0.0,0.0
0.641946813450518,0.0,0.095428792,0.079637797,0.0,0.0
0.6037465379099705,0.0,0.092517714,0.08858761,0.0,0.0
0.5716338720754337,0.0,0.086896616,0.098161783,0.0,0.0
0.5606417614076176,0.0,0.076520583,0.09606962050000001,0.0,0.0
0.5614510667916416,0.0,0.067483472,0.084814577,0.0,0.0
0.5646872826237117,0.032623911,0.063255196,0.068362935,0.0,0.0
0.571232316873041,0.168043659,0.063661753,0.054089971,0.0,0.0
0.6022008498995137,0.303982522,0.061108726,0.048412389,0.0,0.0
0.6399348769810201,0.451147229,0.05849866,0.051263926,0.0,0.0
0.6810802261053102,0.616875776,0.063313094,0.054334993,0.0,0.0
0.6907132073796667,0.7534603,0.066365631,0.052424762,0.0,0.0
0.6916801767875825,0.859480837,0.068525267,0.056578553,0.0,0.0
0.6913778331130553,0.874739221,0.070617228,0.062143469,0.0,0.0
0.6895800472395264,0.837686461,0.075369129,0.069701239,0.0,0.0
0.6853139519872308,0.716911542,0.083827281,0.084330705,0.0,0.0
0.6842442506414372,0.697740485,0.103039486,0.102628433,0.0,0.0
0.682884321188575,0.647829428,0.12924579,0.11602763,0.0,0.0
0.6828376415685158,0.525727019,0.149997529,0.12432312,0.0,0.0
0.6829644219616999,0.401679617,0.148838202,0.130291128,0.0,0.0
0.6820531390664581,0.249849887,0.135837105,0.137307027,0.0,0.0
0.6819037731412637,0.146749681,0.143457977,0.162101976,0.0,0.0
0.6809979307986006,0.008960733,0.175096023,0.203281203,0.0,0.0
0.6636482590856337,0.002802457,0.213435859,0.239321025,0.0,0.0
0.6620885350678704,0.0,0.269969717,0.275713604,0.0,0.0
0.6268803783876284,0.0,0.284433436,0.306036335,0.0,0.0
0.5997483593264697,0.0,0.261088875,0.312100198,0.0,0.0
0.5939111101692169,0.0,0.2322343855,0.293363606,0.0,0.0
0.5999812550206756,0.0,0.218638935,0.260979367,0.0,0.0
0.625742326179665,0.038767581,0.223931306,0.255290452,0.0,0.0
0.6956737834756618,0.170297756,0.22515565,0.267069591,0.0,0.0
0.7642210798865977,0.288188923,0.187723168,0.279222034,0.0,0.0
0.8048845900584775,0.415212443,0.205685435,0.300616553,0.0,0.0
0.8219732943599072,0.490030827,0.222659294,0.3231151,0.0,0.0
0.8234523231897661,0.544021593,0.238711487,0.35029579,0.0,0.0
0.8238360020997197,0.572737282,0.25858569,0.363982748,0.0,0.0
0.8235604958288631,0.608597905,0.293219456,0.385343293,0.0,0.0
0.8218764601938782,0.589178879,0.322196358,0.388609213,0.0,0.0
0.8170104323162013,0.587514314,0.341115007,0.385679292,0.0,0.0
0.8136064256331016,0.514911319,0.355903668,0.376417426,0.0,0.0
0.8109502086472574,0.46671899,0.378080998,0.379080991,0.0,0.0
0.8087537479338259,0.362840332,0.393861186,0.390936511,0.0,0.0
0.8071529220440913,0.231207389,0.377006785,0.413327787,0.0,0.0
0.8038297475957643,0.147633987,0.378599946,0.44171402,0.0,0.0
0.7975695463850266,0.081341499,0.381700653,0.463266275,0.0,0.0
0.7674296352905824,0.008044092,0.383629111,0.473149544,0.0,0.0
0.7311741340382812,0.002619006,0.380481642,0.477058466,0.0,0.0
0.6623232594905165,0.0,0.433437068,0.524617987,0.0,0.0
0.627159267872988,0.0,0.374652764,0.463853312,0.0,0.0
0.6004921257617003,0.0,0.311605264,0.403189368,0.0,0.0
0.5937348383169176,0.0,0.269132453,0.34257640349999996,0.0,0.0
0.5986711600900222,0.0,0.271380585,0.327646893,0.0,0.0
0.6256704550561236,0.035070866,0.271619872,0.322929132,0.0,0.0
0.6944911546184571,0.150312652,0.238179333,0.308299515,0.0,0.0
0.7636878522231977,0.271466491,0.151457989,0.265995361,0.0,0.0
0.8043792970655406,0.437120213,0.116887125,0.210534384,0.0,0.0
0.8224039729136811,0.582121113,0.101144148,0.159290724,0.0,0.0
0.8241084908125768,0.723928608,0.094327529,0.131997844,0.0,0.0
0.8240282072112001,0.791081315,0.093491023,0.124122594,0.0,0.0
0.8244263334177064,0.84278682,0.097188919,0.114764825,0.0,0.0
0.8232134840909691,0.801823651,0.086776688,0.099623896,0.0,0.0
0.8185109494112782,0.681973704,0.066421139,0.091691371,0.0,0.0
0.8150258362510279,0.621584357,0.053002804,0.102755897,0.0,0.0
0.8120840546163033,0.574970984,0.049010465,0.128992667,0.0,0.0
0.8097664368905179,0.462052795,0.049975627,0.159491919,0.0,0.0
0.8075874410316384,0.305505144,0.055074813,0.183256863,0.0,0.0
0.8046939394330599,0.208694053,0.061534259,0.196474003,0.0,0.0
0.7977763819185931,0.127794736,0.071601612,0.188112271,0.0,0.0
0.7683093716912229,0.005746585,0.078525738,0.16097067,0.0,0.0
0.7314962286637119,0.0,0.073956451,0.118219809,0.0,0.0
0.662530917899857,0.0,0.071460986,0.09416264,0.0,0.0
0.6270423172481927,0.0,0.069989939,0.064441844,0.0,0.0
0.5967220194023369,0.0,0.061366809,0.048080261,0.0,0.0
0.5958374367152566,0.0,0.050293359499999996,0.0369453565,0.0,0.0
0.6255078303666539,0.049458158,0.047336528,0.047042504,0.0,0.0
0.6944366111539587,0.180785883,0.048245205,0.055386008,0.0,0.0
0.7641250229636,0.316321171,0.047157314,0.047747619,0.0,0.0
0.8072178439103747,0.463019499,0.045169111,0.038568374,0.0,0.0
0.8230128665016532,0.616534324,0.046542468,0.038565404,0.0,0.0
0.825659939548014,0.744602576,0.047979294,0.038305831,0.0,0.0
0.8275635205501627,0.8479486,0.041070845,0.034826073,0.0,0.0
0.8282205111973882,0.904092599,0.044611993,0.041086949,0.0,0.0
0.8269831560474333,0.888541201,0.048948641,0.058953485,0.0,0.0
0.8220988402907896,0.794062961,0.055691135,0.087676812,0.0,0.0
0.8183163667893205,0.64486023,0.069795281,0.123932062,0.0,0.0
0.8149479300114878,0.576420015,0.083872432,0.15737734,0.0,0.0
0.8130622710831613,0.481743433,0.089776901,0.178549666,0.0,0.0
0.8096104417318266,0.374399584,0.09333055,0.197681239,0.0,0.0
0.8060246538231332,0.235835318,0.103738625,0.217378729,0.0,0.0
0.7985333154066913,0.139143069,0.11614263,0.235738593,0.0,0.0
0.7683558228502878,0.007834901,0.131576514,0.246785531,0.0,0.0
0.7339209216131611,0.0,0.14494603,0.253717914,0.0,0.0
0.6625481541447739,0.0,0.131079206,0.24612318,0.0,0.0
0.627457268261729,0.0,0.128193294,0.223072603,0.0,0.0
0.5970187167310217,0.0,0.146561222,0.1947021025,0.0,0.0
0.5938856444233572,0.0,0.169104914,0.177671882,0.0,0.0
0.5989093591412972,0.0,0.186319791,0.184114126,0.0,0.0
0.6255252495884635,0.054690433,0.200033749,0.201618914,0.0,0.0
0.6944908345946962,0.18215935,0.190602972,0.214384204,0.0,0.0
0.7639685705856385,0.318115224,0.154540336,0.215780495,0.0,0.0
0.8070847997915565,0.481387717,0.151911614,0.215251016,0.0,0.0
0.8228760733631876,0.638873447,0.181533997,0.220961566,0.0,0.0
0.8255920002723718,0.773277386,0.223005818,0.229590719,0.0,0.0
0.8272616797276484,0.871396434,0.244297315,0.233753723,0.0,0.0
0.8279830436077612,0.928785969,0.284050699,0.251255623,0.0,0.0
0.8271232408376352,0.943743717,0.313924691,0.268635501,0.0,0.0
0.8221173109980082,0.90966727,0.335828037,0.284355849,0.0,0.0
0.8181577198777742,0.833828351,0.347078424,0.291331059,0.0,0.0
0.8143294352647621,0.722815585,0.342454938,0.292636547,0.0,0.0
0.8113657997083158,0.57911927,0.334625339,0.309708955,0.0,0.0
0.808527618817267,0.419581413,0.305839645,0.326480029,0.0,0.0
0.8046897331941422,0.256737861,0.300430934,0.351088092,0.0,0.0
0.7981750567584956,0.15084205,0.326913698,0.381002134,0.0,0.0
0.7685641213071503,0.009015794,0.368422612,0.410432625,0.0,0.0
0.7339209216131611,0.0,0.40220319,0.434956915,0.0,0.0
0.6625560636219556,0.0,0.501885791,0.538948321,0.0,0.0
0.6139686162629732,0.0,0.451075848,0.5179076844999999,0.0,0.0
0.593670899412609,0.0,0.42906769,0.46181117250000003,0.0,0.0
0.5989506438415204,0.0,0.393176166,0.424371605,0.0,0.0
0.6255381425475943,0.059388911,0.374142151,0.413658261,0.0,0.0
0.6944908345946962,0.184887081,0.348385097,0.392221219,0.0,0.0
0.7639328178521196,0.317556431,0.278914538,0.366144491,0.0,0.0
0.80584241552691,0.471573103,0.266569084,0.346899134,0.0,0.0
0.8227522647466194,0.610775704,0.259638234,0.32909532,0.0,0.0
0.8246403925995492,0.747477738,0.241709044,0.293653073,0.0,0.0
0.8261110091002135,0.82857433,0.23227555,0.276693877,0.0,0.0
0.8270852935705315,0.8895247955,0.21571562,0.28289014749999997,0.0,0.0
0.8221088986688136,0.83947921,0.223927141,0.332566952,0.0,0.0
0.8179003185089918,0.793593676,0.227982111,0.374516772,0.0,0.0
0.8141159248649563,0.679301913,0.223752463,0.412638289,0.0,0.0
0.8120246190839816,0.533555619,0.211933228,0.425579287,0.0,0.0
0.8089096516783914,0.374372008,0.188505557,0.421599343,0.0,0.0
0.8048231429694638,0.230830008,0.169688166,0.397495616,0.0,0.0
0.798265581566148,0.120776376,0.179894432,0.372257669,0.0,0.0
0.7683304027371707,0.011250764,0.196732494,0.358011383,0.0,0.0
0.7339209216131611,0.00348276,0.193063911,0.345884477,0.0,0.0
0.6421671362093538,0.0,0.225557296,0.378813048,0.0,0.0
0.6043719819139539,0.0,0.186294309,0.332485976,0.0,0.0
0.5719884274853653,0.0,0.160816922,0.280969793,0.0,0.0
0.5591799002249211,0.0,0.1443607415,0.20844141700000002,0.0,0.0
0.5591436446393895,0.0,0.119507648,0.149016489,0.0,0.0
0.563244234988366,0.050976238,0.103789113,0.148357777,0.0,0.0
0.5713162580799392,0.158318591,0.097520701,0.149413875,0.0,0.0
0.6026596917333857,0.294279209,0.079201238,0.147610082,0.0,0.0
0.6439617674780151,0.464414508,0.081529227,0.156867122,0.0,0.0
0.6824362691943748,0.616391506,0.095750263,0.169505557,0.0,0.0
0.6914132201900707,0.73698933,0.119714996,0.189811089,0.0,0.0
0.6932366090049688,0.82722403,0.130566384,0.184270264,0.0,0.0
0.6938391018204382,0.896611611,0.154231093,0.208770426,0.0,0.0
0.6919662442884759,0.881357495,0.173089058,0.245528077,0.0,0.0
0.6870843518236931,0.832428887,0.173025514,0.260523901,0.0,0.0
0.6851510072740001,0.781323187,0.150922511,0.289564758,0.0,0.0
0.6832298700031733,0.62791292,0.14991364,0.322187061,0.0,0.0
0.6831187713688434,0.506963618,0.165416157,0.291867377,0.0,0.0
0.6830960944227071,0.370042666,0.161605632,0.22802212,0.0,0.0
0.6823822285818892,0.235918771,0.131698823,0.171776522,0.0,0.0
0.6809815632108408,0.112220834,0.118204986,0.185108916,0.0,0.0
0.6779559317833439,0.010317598,0.124498058,0.197363807,0.0,0.0
0.6640125070684448,0.001456531,0.119928897,0.195624311,0.0,0.0
0.6427411457209643,0.0,0.118653963,0.163883239,0.0,0.0
0.5884839885554318,0.0,0.130967173,0.18779023350000001,0.0,0.0
0.5599601279646267,0.0,0.161052114,0.25201927599999996,0.0,0.0
0.5598589276221199,0.0,0.171304143,0.245963654,0.0,0.0
0.5633544649655385,0.04623924,0.189603873,0.272333944,0.0,0.0
0.571402896672435,0.132575122,0.194643145,0.291972661,0.0,0.0
0.602810840754278,0.210239961,0.182223317,0.27616528,0.0,0.0
0.640590953189705,0.199963835,0.187350592,0.273810468,0.0,0.0
0.6813248259290876,0.329925466,0.200739348,0.278119684,0.0,0.0
0.6904974566648927,0.493456934,0.232303839,0.292172348,0.0,0.0
0.6915624031383726,0.541411053,0.315634126,0.363534705,0.0,0.0
0.6914487899466969,0.544939704,0.353661631,0.438125478,0.0,0.0
0.6891015460175175,0.580115294,0.387600852,0.497711738,0.0,0.0
0.6846878220057011,0.500729316,0.419617692,0.553446206,0.0,0.0
0.6832918199441999,0.442876635,0.426699032,0.601235276,0.0,0.0
0.6827296975390538,0.357998719,0.434683405,0.633864373,0.0,0.0
0.6827923334576266,0.348524107,0.489130808,0.655649193,0.0,0.0
0.6828220510751466,0.272831337,0.47677418,0.694855552,0.0,0.0
0.6822117859780045,0.155759504,0.441012472,0.68401469,0.0,0.0
0.6805166862609698,0.0777759,0.452418648,0.700700924,0.0,0.0
0.6780658875181389,0.012042617,0.491342132,0.715872451,0.0,0.0
0.6640125070684448,0.003574483,0.474850453,0.718770107,0.0,0.0
0.6632440979117694,0.0,0.505135583,0.77793515,0.0,0.0
0.6145503067164506,0.0,0.554254156,0.78859778,0.0,0.0
0.5941507722924287,0.0,0.5654409535,0.757244242,0.0,0.0
0.5990937919711051,0.0,0.530708221,0.662713273,0.0,0.0
0.6257986527398612,0.031529323,0.491931586,0.592229804,0.0,0.0
0.6944489554796934,0.096758641,0.477548904,0.584737644,0.0,0.0
0.7637685930438447,0.163725806,0.442182161,0.565508927,0.0,0.0
0.8042989220500381,0.259458235,0.435097582,0.551062705,0.0,0.0
0.8218651217208102,0.378117551,0.408430652,0.509209118,0.0,0.0
0.8234523231897661,0.420191301,0.362468494,0.463380092,0.0,0.0
0.8237237146358308,0.464957949,0.225010365,0.288417001,0.0,0.0
0.8238945230448599,0.523887434,0.219160847,0.290317016,0.0,0.0
0.822074334616213,0.424695772,0.20270166,0.32397671,0.0,0.0
0.8178727038622898,0.466802971,0.192270779,0.340697386,0.0,0.0
0.8150099257338976,0.447030096,0.190889,0.329169237,0.0,0.0
0.8127542124650372,0.418394369,0.195721558,0.32322117,0.0,0.0
0.8112256235039881,0.310155999,0.202476823,0.329179015,0.0,0.0
0.8087285106489605,0.2359423,0.198429432,0.337184414,0.0,0.0
0.804766542018249,0.13281246,0.205875994,0.367245931,0.0,0.0
0.79839414505503,0.119053485,0.237816641,0.424017024,0.0,0.0
0.7686647044928268,0.013197383,0.2746484,0.491344412,0.0,0.0
0.7352114029370611,0.003003877,0.282383003,0.519015986,0.0,0.0
0.6637697817544912,0.0,0.260089509,0.454010996,0.0,0.0
0.6284346617041724,0.0,0.205354977,0.418451538,0.0,0.0
0.6012428414541886,0.0,0.165492663,0.415022983,0.0,0.0
0.5943865710911755,0.0,0.1685825665,0.42008771850000004,0.0,0.0
0.599174532791752,0.0,0.186297101,0.443663414,0.0,0.0
0.626074707644114,0.051481578,0.199945872,0.450529083,0.0,0.0
0.6945729012917707,0.13288353,0.216758508,0.474665627,0.0,0.0
0.766436148502757,0.227907378,0.201020735,0.482789515,0.0,0.0
0.8075965849711219,0.331086204,0.209479516,0.442715141,0.0,0.0
0.82315697455388,0.379455103,0.2288618,0.400748353,0.0,0.0
0.8261548999205492,0.374583892,0.245176198,0.390436507,0.0,0.0
0.8288580251360878,0.391883802,0.20234637,0.325645662,0.0,0.0
0.8304883859637315,0.437364609,0.241376091,0.375299887,0.0,0.0
0.8300643824248377,0.456870878,0.275805339,0.398120173,0.0,0.0
0.8244148121163866,0.479416921,0.318954748,0.418754454,0.0,0.0
0.8206178911697238,0.524162546,0.356737124,0.471821389,0.0,0.0
0.8186488396678953,0.519187906,0.374244759,0.505024424,0.0,0.0
0.8153275855107756,0.437457643,0.398544315,0.548171641,0.0,0.0
0.8127767978484067,0.352026309,0.448498708,0.603768708,0.0,0.0
0.8085483754721963,0.22417387,0.524630356,0.684423068,0.0,0.0
0.8005650028270925,0.148887464,0.572848406,0.721961725,0.0,0.0
0.770243676312199,0.013212205,0.573489871,0.710837335,0.0,0.0
0.7368286878286814,0.0,0.556548174,0.689740424,0.0,0.0
0.6650897064535334,0.0,0.565151617,0.67408788,0.0,0.0
0.6151367061865382,0.0,0.560745409,0.685202707,0.0,0.0
0.5945287590008361,0.0,0.5437352394999999,0.6832826295000001,0.0,0.0
0.5992305393281873,0.0,0.518769668,0.693729666,0.0,0.0
0.6266632560150436,0.075384633,0.520995494,0.709341141,0.0,0.0
0.6979489275230241,0.186009273,0.502289594,0.719050748,0.0,0.0
0.7712010447100021,0.319551023,0.454729323,0.71425915,0.0,0.0
0.8082002664675096,0.483482882,0.41738401,0.691926684,0.0,0.0
0.8265550376837477,0.635343391,0.42888967,0.680404166,0.0,0.0
0.8307023535828076,0.768852787,0.448946783,0.678537567,0.0,0.0
0.8330693484628906,0.862027802,0.432736085,0.646586741,0.0,0.0
0.8355425956908636,0.91518223,0.468432758,0.657882861,0.0,0.0
0.835475844947499,0.928704699,0.462878713,0.631021643,0.0,0.0
0.8291628833679606,0.895915563,0.452507262,0.599176831,0.0,0.0
0.8254844676807969,0.825201386,0.450305971,0.587063548,0.0,0.0
0.8220715000351062,0.713125434,0.440865818,0.589463483,0.0,0.0
0.817974201337866,0.573850653,0.425898901,0.591238956,0.0,0.0
0.8150605831318803,0.417392486,0.414049557,0.585506441,0.0,0.0
0.8093641044450939,0.258114933,0.422290169,0.58307201,0.0,0.0
0.8017287493905509,0.156129734,0.444630625,0.588206815,0.0,0.0
0.7706633821980493,0.016778243,0.47105034,0.611017605,0.0,0.0
0.7392199139923225,0.001614711,0.45167735,0.618778597,0.0,0.0
0.6686363582655642,0.0,0.461632544,0.647187386,0.0,0.0
0.6294530656044613,0.0,0.484460626,0.667432229,0.0,0.0
0.5983321949504985,0.0,0.5266004945,0.705681977,0.0,0.0
0.5948222560175902,0.0,0.507634414,0.703757406,0.0,0.0
0.5994944785163405,0.0,0.499849736,0.705147728,0.0,0.0
0.6268498833784363,0.08202462,0.500233018,0.730360392,0.0,0.0
0.696370824360809,0.186137929,0.497255896,0.742571052,0.0,0.0
0.7694280387534274,0.311610814,0.463094717,0.749591792,0.0,0.0
0.8079708455505736,0.451065553,0.478938048,0.728199073,0.0,0.0
0.82315697455388,0.606872746,0.485141965,0.695203317,0.0,0.0
0.8255487494995581,0.723536051,0.478095748,0.643954355,0.0,0.0
0.8275503533486542,0.795991179,0.418383389,0.50945983,0.0,0.0
0.8284339301830681,0.820667435,0.419394914,0.486342959,0.0,0.0
0.827653588138545,0.852799101,0.397716086,0.465075017,0.0,0.0
0.822280987172887,0.81890519,0.38833389,0.440287558,0.0,0.0
0.8185268597797677,0.730644795,0.386450148,0.426638676,0.0,0.0
0.8155547204800009,0.597537745,0.380295073,0.41632033,0.0,0.0
0.8133180264031143,0.500298151,0.372155676,0.412521728,0.0,0.0
0.8099440118771939,0.36683946,0.353139285,0.430724277,0.0,0.0
0.8053488268121856,0.223143024,0.357047222,0.451640944,0.0,0.0
0.7988751152016421,0.117128298,0.395456977,0.498687,0.0,0.0
0.769013087739891,0.014991001,0.420344194,0.550625493,0.0,0.0
0.7351953552244216,0.001432819,0.425065034,0.605392452,0.0,0.0
0.6624801234550058,0.0,0.461058459,0.662337119,0.0,0.0
0.6271826762807723,0.0,0.452975753,0.680461899,0.0,0.0
0.5962435409966993,0.0,0.41107386349999997,0.607783233,0.0,0.0
0.5929601883252997,0.0,0.349054112,0.464567914,0.0,0.0
0.5981279198299816,0.0,0.324276593,0.408485189,0.0,0.0
0.6237686113682893,0.069537748,0.297103558,0.360398688,0.0,0.0
0.6920647243546935,0.136228812,0.263516287,0.315317563,0.0,0.0
0.7628071557512741,0.25025955,0.183292183,0.269848752,0.0,0.0
0.8057154979382166,0.413859334,0.153971145,0.246343888,0.0,0.0
0.8232988882211631,0.57358912,0.148502012,0.227202203,0.0,0.0
0.8271830420264602,0.694419042,0.167154528,0.213959476,0.0,0.0
0.830086510588937,0.792587623,0.156413652,0.180109333,0.0,0.0
0.8328632445396129,0.883999307,0.167874003,0.174994829,0.0,0.0
0.8317968806269389,0.906768549,0.157658145,0.160452081,0.0,0.0
0.8262347263026556,0.879611281,0.132010252,0.146538633,0.0,0.0
0.8235658906000584,0.812953101,0.106930783,0.140172565,0.0,0.0
0.819871564544405,0.701915483,0.08793294,0.151691552,0.0,0.0
0.8169230164806743,0.567372374,0.07348689,0.174022618,0.0,0.0
0.8131757470793278,0.412761026,0.069379557,0.206114676,0.0,0.0
0.8085375856325243,0.256728894,0.085954657,0.252874022,0.0,0.0
0.7989320818093605,0.155634042,0.103744213,0.274146555,0.0,0.0
0.767338287607156,0.017453755,0.107448086,0.254570492,0.0,0.0
0.733484299506155,0.0,0.095687926,0.205252375,0.0,0.0
0.642044287664069,0.0,0.105606105,0.169327276,0.0,0.0
0.5875793806750703,0.0,0.0822711835,0.1038218885,0.0,0.0
0.5588925982617261,0.0,0.0558075245,0.07566711500000001,0.0,0.0
0.5584089307295165,0.0,0.060663564,0.084370457,0.0,0.0
0.5618297622196462,0.088297543,0.058928908,0.089204091,0.0,0.0
0.5713593258758604,0.180747123,0.049395934,0.089917724,0.0,0.0
0.613444944051264,0.314975729,0.034034529,0.081241318,0.0,0.0
0.6465606520509964,0.464187548,0.025981618,0.062459475,0.0,0.0
0.6869457757381705,0.61611786,0.023600684,0.046513516,0.0,0.0
0.6989181830272914,0.738305879,0.020018029,0.034538409,0.0,0.0
0.7036315988121391,0.839714531,0.010175515,0.031578037,0.0,0.0
0.7047475227073625,0.9026965330000001,0.008115397,0.0437978065,0.0,0.0
0.6993341398934942,0.882938976,0.009724297,0.056799154,0.0,0.0
0.697139827932264,0.800332004,0.013333635,0.057973512,0.0,0.0
0.6941039096657488,0.675396836,0.019008058,0.065666883,0.0,0.0
0.6917485276497524,0.536989673,0.026107254,0.068137361,0.0,0.0
0.6906471883952318,0.37911947,0.033796391,0.070889432,0.0,0.0
0.6847581845732039,0.232950202,0.045903457,0.077806527,0.0,0.0
0.680981151624313,0.144566412,0.063448015,0.086779465,0.0,0.0
0.6777915241468172,0.017958629,0.074552094,0.099504509,0.0,0.0
0.6630545444045032,0.0,0.083457217,0.114946405,0.0,0.0
0.6441248036053716,0.0,0.116252897,0.195608096,0.0,0.0
0.588278181839544,0.0,0.1324185285,0.23390067949999999,0.0,0.0
0.5592563662088958,0.0,0.1848375925,0.250824376,0.0,0.0
0.5588204985285498,0.0,0.197977273,0.251069265,0.0,0.0
0.5620957587458749,0.08489151,0.183001271,0.251767658,0.0,0.0
0.5722952974225711,0.163705353,0.158725116,0.254667176,0.0,0.0
0.610727371390532,0.280175538,0.127282745,0.254469648,0.0,0.0
0.6452906531396481,0.384657922,0.123516641,0.251648939,0.0,0.0
0.6830438826873027,0.515038027,0.131097185,0.256265165,0.0,0.0
0.693684478170917,0.618940762,0.152356523,0.280006219,0.0,0.0
0.6979225931200072,0.714823691,0.171164218,0.317304128,0.0,0.0
0.7000900676775667,0.783566286,0.185186358,0.337581913,0.0,0.0
0.7004495151553214,0.835890894,0.204715648,0.357092931,0.0,0.0
0.694871998947304,0.802958112,0.233648955,0.393567921,0.0,0.0
0.6928914717768982,0.682757852,0.260229911,0.428737607,0.0,0.0
0.6888044600673171,0.609046872,0.293331084,0.468395772,0.0,0.0
0.6866159544638099,0.50282059,0.334616668,0.524092572,0.0,0.0
0.6848902226907146,0.390761659,0.346652806,0.574791258,0.0,0.0
0.6829538149502797,0.24056156,0.345313012,0.601936918,0.0,0.0
0.6806846144561497,0.118787222,0.35446571,0.62071831,0.0,0.0
0.6775436325226626,0.018875933,0.370776393,0.640475982,0.0,0.0
0.6641880245684045,0.002606492,0.381258179,0.652739812,0.0,0.0
0.6465571774223675,0.0,0.4045091645,0.6806384805,0.0,0.0
0.5969851128240247,0.0,0.4144763265,0.6999667275,0.0,0.0
0.5958762755302092,0.0,0.4278493265,0.7072222,0.0,0.0
0.6241274186498812,0.053404534,0.41547686,0.691152754,0.0,0.0
0.6920731368325289,0.116461452,0.430643014,0.688189938,0.0,0.0
0.7628071557512741,0.201401756,0.441171509,0.668769551,0.0,0.0
0.8040231415368039,0.295476787,0.408754232,0.625670579,0.0,0.0
0.8225847481379676,0.430144372,0.384043678,0.590059057,0.0,0.0
0.8249115098032362,0.607248186,0.386288877,0.583301236,0.0,0.0
0.8260034765086384,0.75090731,0.393520578,0.539852802,0.0,0.0
0.8274467527536192,0.850142812,0.389865404,0.514135233,0.0,0.0
0.8240093707731576,0.8741281329999999,0.4050903785,0.5003846519999999,0.0,0.0
0.8184816888643878,0.825531773,0.413538881,0.512563291,0.0,0.0
0.8140048262306264,0.713294323,0.396618258,0.517261818,0.0,0.0
0.810924239900744,0.580540635,0.365397866,0.5084943,0.0,0.0
0.8077650160183144,0.426626016,0.338989391,0.498586361,0.0,0.0
0.803953098993062,0.266568704,0.309515868,0.489407804,0.0,0.0
0.7967890215122517,0.155112146,0.299577721,0.493452344,0.0,0.0
0.7664639459777107,0.023189109,0.296626567,0.479631737,0.0,0.0
0.7329299951640649,0.0,0.281192889,0.461469125,0.0,0.0
0.6444227582127293,0.0,0.196196578,0.3593765125,0.0,0.0
0.596100072917674,0.0,0.142295357,0.2859411385,0.0,0.0
0.5929357740648491,0.0,0.144010091,0.343849055,0.0,0.0
0.5981035512022734,0.0,0.167351372,0.421567852,0.0,0.0
0.6238690115770732,0.092074073,0.210046482,0.487295958,0.0,0.0
0.6919003167181668,0.183805134,0.259487851,0.525261844,0.0,0.0
0.7628071557512741,0.310372366,0.299093569,0.529443807,0.0,0.0
0.8056337514135441,0.472015788,0.330900475,0.491163526,0.0,0.0
0.822733702625275,0.62186958,0.320805326,0.433079962,0.0,0.0
0.8252746147378717,0.738562664,0.284315858,0.365212835,0.0,0.0
0.8258195008981009,0.822213817,0.251543501,0.312723165,0.0,0.0
0.8261678842938059,0.896418059,0.19903083,0.262788721,0.0,0.0
0.8218573037320747,0.891615534,0.1354676265,0.217575158,0.0,0.0
0.8155768487927411,0.804127402,0.094503587,0.190455981,0.0,0.0
0.8114816532149597,0.712402981,0.083888552,0.195874536,0.0,0.0
0.808200632272654,0.578147335,0.078802822,0.204667437,0.0,0.0
0.8060574805614192,0.42467336,0.088878658,0.209449796,0.0,0.0
0.8027815801479311,0.265748476,0.102040932,0.199493595,0.0,0.0
0.7958501239703081,0.16390714,0.121512361,0.187631211,0.0,0.0
0.7655919362260002,0.026559413,0.151752858,0.194441514,0.0,0.0
0.7298237144786875,0.0,0.165998358,0.233458945,0.0,0.0
0.6616727611785603,0.0,0.170458584,0.291058121,0.0,0.0
0.6264853610046066,0.0,0.158968777,0.311123357,0.0,0.0
0.5961518732151916,0.0,0.1558814835,0.31698314800000005,0.0,0.0
0.595406826684917,0.0,0.15846292299999998,0.3126508095,0.0,0.0
0.623699574677214,0.09591025,0.153520365,0.320560395,0.0,0.0
0.691908912024254,0.183292754,0.139595025,0.318998037,0.0,0.0
0.762213486702886,0.312639661,0.116594943,0.299667287,0.0,0.0
0.8041143063919783,0.46493356,0.108623438,0.259593111,0.0,0.0
0.8225835594570493,0.612122263,0.097424094,0.223308829,0.0,0.0
0.8248549088520214,0.730100074,0.085181887,0.188946341,0.0,0.0
0.8258195008981009,0.824023388,0.071861441,0.167159038,0.0,0.0
0.8261678842938059,0.884709235,0.063964425,0.143464381,0.0,0.0
0.8247448160703581,0.894435807,0.066896679,0.142781262,0.0,0.0
0.8191959203617092,0.796216407,0.076703177,0.1568794,0.0,0.0
0.8155706308484904,0.706051584,0.091145092,0.178243516,0.0,0.0
0.8115946721404966,0.60449811,0.104863333,0.189126393,0.0,0.0
0.8090276083044939,0.54159915,0.118234887,0.196668331,0.0,0.0
0.806423054420658,0.372656646,0.125592851,0.201472465,0.0,0.0
0.8031835467882108,0.251910809,0.139049737,0.215232423,0.0,0.0
0.7965603320569635,0.160520094,0.172010468,0.26138142,0.0,0.0
0.7662479666533016,0.026710243,0.210604474,0.32797385,0.0,0.0
0.7316188028179782,0.0,0.242586124,0.376729755,0.0,0.0
0.6442530241054805,0.0,0.24581386500000002,0.388289651,0.0,0.0
0.5996341518686554,0.0,0.220875122,0.351200744,0.0,0.0
0.5928120568624069,0.0,0.177044229,0.270280655,0.0,0.0
0.5981668729497517,0.0,0.16002737,0.22464884,0.0,0.0
0.6238690115770732,0.090584647,0.161019029,0.219186874,0.0,0.0
0.6920731368325289,0.169461474,0.150872711,0.223821665,0.0,0.0
0.7666279421763506,0.290246339,0.111262856,0.21687008,0.0,0.0
0.8067094419453124,0.451238729,0.110145719,0.21256345,0.0,0.0
0.8245594689506505,0.584514655,0.114626227,0.214750723,0.0,0.0
0.8270627081871619,0.725895165,0.128213602,0.220990638,0.0,0.0
0.8285242721624687,0.832948151,0.085312493,0.145871532,0.0,0.0
0.8289664263104997,0.911579613,0.081068046,0.1567029375,0.0,0.0
0.8232740167414421,0.904965872,0.080065651,0.177734584,0.0,0.0
0.819443629157612,0.829126266,0.077116149,0.182864695,0.0,0.0
0.8155928505753562,0.719152907,0.076892282,0.184583513,0.0,0.0
0.8127161737838077,0.578525355,0.077843726,0.185585109,0.0,0.0
0.8090510167122782,0.421211973,0.080896737,0.187015677,0.0,0.0
0.8050720404462849,0.261788902,0.084160474,0.182148029,0.0,0.0
0.7972002235061406,0.163946455,0.094970313,0.184921859,0.0,0.0
0.7664639459777107,0.029283502,0.108174521,0.204808169,0.0,0.0
0.731954339035936,0.0,0.108470075,0.220675454,0.0,0.0
0.6617980784998077,0.0,0.074208309,0.200053256,0.0,0.0
0.6267079697111533,0.0,0.05213191,0.16024953,0.0,0.0
0.5960696693969283,0.0,0.033010959,0.119025995,0.0,0.0
0.5929664061209096,0.0,0.020194096,0.074305371,0.0,0.0
0.5981341376255914,0.0,0.015791065,0.051244944,0.0,0.0
0.623699574677214,0.104840222,0.014218046,0.034160046,0.0,0.0
0.6920731368325289,0.195189701,0.015119369,0.028600672,0.0,0.0
0.769932143065446,0.318516495,0.014529232,0.030061512,0.0,0.0
0.8080574385103269,0.487972753,0.015808099,0.034694208,0.0,0.0
0.8284823928988251,0.636347241,0.01749529,0.034438326,0.0,0.0
0.8328878416283154,0.762948168,0.015606781,0.028109205,0.0,0.0
0.8352108542739367,0.857381316,0.009943462,0.019115495,0.0,0.0
0.8370203900584208,0.8965219435,0.0129047175,0.030843054,0.0,0.0
0.8299785209267324,0.843265143,0.025303021,0.073113155,0.0,0.0
0.8254637110258676,0.749912739,0.036045321,0.103699682,0.0,0.0
0.8202247026637831,0.632290077,0.04744752,0.124652021,0.0,0.0
0.8169700162731355,0.47768847,0.057864656,0.132417681,0.0,0.0
0.8126877361126911,0.333833186,0.060832371,0.128243309,0.0,0.0
0.8080186682188085,0.181422026,0.064495726,0.128062284,0.0,0.0
0.7996459475015375,0.096347814,0.076574215,0.138034956,0.0,0.0
0.7677717093279111,0.019995269,0.081070874,0.132133662,0.0,0.0
0.7334317219656062,0.001866494,0.075391788,0.11135605,0.0,0.0
0.6425593646440114,0.0,0.089036096,0.121809925,0.0,0.0
0.5878568986512598,0.0,0.0956927395,0.101792143,0.0,0.0
0.5589860491389318,0.0,0.0886107805,0.078949221,0.0,0.0
0.5589366262775711,0.0,0.083586176,0.085564988,0.0,0.0
0.5619145720837017,0.041037538,0.089472371,0.107629118,0.0,0.0
0.5750859300364035,0.093859442,0.083647014,0.132704522,0.0,0.0
0.6144098103397211,0.176915595,0.055726521,0.130634998,0.0,0.0
0.6457430029355327,0.329127219,0.050516039,0.120908774,0.0,0.0
0.685804020291943,0.44422188,0.045092306,0.100248095,0.0,0.0
0.6969710768613103,0.512053436,0.041095123,0.08067725,0.0,0.0
0.6990817676394033,0.536599025,0.037221136,0.052961702,0.0,0.0
0.6992245957452269,0.548009476,0.038698675,0.055973053,0.0,0.0
0.6969089897247746,0.632148448,0.051093552,0.06940269,0.0,0.0
0.6919117466053608,0.594125181,0.055039993,0.085326718,0.0,0.0
0.6928914717768982,0.543873939,0.045097412,0.103124819,0.0,0.0
0.6889206792304644,0.501957991,0.042533228,0.118230163,0.0,0.0
0.6873261626991062,0.430825736,0.045385893,0.126162026,0.0,0.0
0.6859767032107957,0.313733152,0.051549281,0.131047124,0.0,0.0
0.6837504331684366,0.217097405,0.058107065,0.133241593,0.0,0.0
0.6803299674834514,0.146368932,0.066829316,0.129339695,0.0,0.0
0.6786377939102903,0.03059722,0.068982859,0.11167858,0.0,0.0
0.6652102232697243,0.001672792,0.062079031,0.098549642,0.0,0.0
0.6442496637073487,0.0,0.058922885,0.11249222,0.0,0.0
0.5895795900499843,0.0,0.0494020615,0.108145656,0.0,0.0
0.5592572349403735,0.0,0.047700638000000004,0.110737112,0.0,0.0
0.5589012393491968,0.0,0.054167987,0.11743124,0.0,0.0
0.5626907078893072,0.073089789,0.059607335,0.112918668,0.0,0.0
0.573216455867585,0.151610108,0.050759895,0.094985155,0.0,0.0
0.6105479676754156,0.247097985,0.033703127,0.073361474,0.0,0.0
0.6451160958596123,0.299924679,0.027219584,0.063762658,0.0,0.0
0.6830717257949989,0.31471277,0.026975648,0.069992737,0.0,0.0
0.6918641981795035,0.328419632,0.027068828,0.083181757,0.0,0.0
0.6926997237360472,0.312587609,0.057271711,0.123752002,0.0,0.0
0.6923235886467717,0.304887329,0.098735018,0.162263093,0.0,0.0
0.6899203381811571,0.284688162,0.097718268,0.195383206,0.0,0.0
0.6848777869508541,0.210228842,0.10364702,0.249183172,0.0,0.0
0.6835864371184379,0.171098921,0.113248816,0.261380303,0.0,0.0
0.6816540070072854,0.146947937,0.136395919,0.266442706,0.0,0.0
0.6813270204626725,0.152355671,0.156135213,0.257696675,0.0,0.0
0.6813703168682287,0.15973362,0.155258287,0.248272695,0.0,0.0
0.6800927742848428,0.13865002,0.150953675,0.243323935,0.0,0.0
0.6781989772696995,0.088792379,0.165842406,0.268658709,0.0,0.0
0.6758186322112154,0.0204401,0.204373302,0.33665256,0.0,0.0
0.6619171780254451,0.002329317,0.246123039,0.424194967,0.0,0.0
0.6445522360658315,0.0,0.386602435,0.6451894055,0.0,0.0
0.5960944950952659,0.0,0.456527725,0.7025309744999999,0.0,0.0
0.5955296295231389,0.0,0.54202679,0.7482610590000001,0.0,0.0
0.6237686113682893,0.038694162,0.545571104,0.76194478,0.0,0.0
0.6918700503186098,0.082805419,0.56067415,0.765036461,0.0,0.0
0.761428938568086,0.156137628,0.599130226,0.784943799,0.0,0.0
0.8020941402728969,0.24187326,0.585359846,0.784903043,0.0,0.0
0.8212317224582615,0.381307672,0.616906128,0.791561852,0.0,0.0
0.8234493971945334,0.519385358,0.67002025,0.813766057,0.0,0.0
0.8233861212284384,0.507680807,0.629727024,0.805925288,0.0,0.0
0.8233329036403675,0.537103793,0.684263072,0.847149928,0.0,0.0
0.8210784704665511,0.520518551,0.733838101,0.874671942,0.0,0.0
0.8157096183718997,0.532743958,0.790368646,0.900872553,0.0,0.0
0.8122565089255209,0.459933768,0.821462327,0.914606615,0.0,0.0
0.8086988844455665,0.377408395,0.82820365,0.918177868,0.0,0.0
0.8064793809808543,0.317032174,0.81542656,0.915819996,0.0,0.0
0.8057392721511453,0.198294717,0.796302931,0.910519057,0.0,0.0
0.8022393457405571,0.136452813,0.771232959,0.901499515,0.0,0.0
0.7958300072142601,0.060684034,0.72505714,0.890156161,0.0,0.0
0.7648658176222144,0.018186053,0.691473948,0.880960525,0.0,0.0
0.7298304352749511,0.002432956,0.681925359,0.866253349,0.0,0.0
0.6617980784998077,0.0,0.586332925,0.848784517,0.0,0.0
0.6131335707420711,0.0,0.542157667,0.8044883485000001,0.0,0.0
0.5927883740636042,0.0,0.446864249,0.6913723675000001,0.0,0.0
0.5981035512022734,0.0,0.431849598,0.639621435,0.0,0.0
0.6238690115770732,0.069073145,0.401937427,0.615478935,0.0,0.0
0.6919319546268938,0.133695294,0.349879968,0.566444313,0.0,0.0
0.7615094964118404,0.233422814,0.335898683,0.481169311,0.0,0.0
0.8023457810653397,0.182181707,0.266507659,0.376264373,0.0,0.0
0.8213150236176375,0.246805871,0.194561282,0.297136496,0.0,0.0
0.8234520489473883,0.293700991,0.141307654,0.243987656,0.0,0.0
0.8235469628222104,0.336251567,0.157660159,0.265470759,0.0,0.0
0.8234258058098565,0.357575128,0.170291597,0.274924546,0.0,0.0
0.8217309804838404,0.43080061,0.16757531,0.264526744,0.0,0.0
0.8164110484728573,0.409089373,0.163800095,0.259704912,0.0,0.0
0.8128909140407361,0.376617356,0.178010024,0.261960861,0.0,0.0
0.8092528229825122,0.371833863,0.202993851,0.276156464,0.0,0.0
0.806596605996668,0.307850938,0.221419363,0.284580369,0.0,0.0
0.8047784291247134,0.240997965,0.228092367,0.298246552,0.0,0.0
0.8017952255942561,0.170380577,0.222444722,0.315880653,0.0,0.0
0.795784287665484,0.081148044,0.223970007,0.33097107,0.0,0.0
0.7655501941578658,0.023391869,0.246642249,0.347180325,0.0,0.0
0.7301929459434479,0.002209665,0.265831824,0.375651032,0.0,0.0
0.6617980784998077,0.0,0.321414144,0.432094018,0.0,0.0
0.6267079697111533,0.0,0.330607704,0.476271174,0.0,0.0
0.5960436549433519,0.0,0.3107155545,0.461973476,0.0,0.0
0.5928635371361634,0.0,0.32772671,0.429379604,0.0,0.0
0.5980875036382748,0.0,0.334186863,0.432566947,0.0,0.0
0.6235456826379817,0.069556287,0.340292392,0.447773242,0.0,0.0
0.6917929671034843,0.123927971,0.338139205,0.432137732,0.0,0.0
0.7620780653708722,0.227790774,0.364710117,0.409671158,0.0,0.0
0.8026250362072028,0.391183543,0.374401108,0.39451218,0.0,0.0
0.8212317224582615,0.521860748,0.399714469,0.402594592,0.0,0.0
0.8235469628222104,0.625948771,0.413730953,0.41312771,0.0,0.0
0.8236397735775733,0.702240743,0.474207123,0.460835066,0.0,0.0
0.8239314646079378,0.776820649,0.483242651,0.478820266,0.0,0.0
0.821976128941014,0.79048203,0.549548282,0.54425174,0.0,0.0
0.8163720039389611,0.738219811,0.581459113,0.597543702,0.0,0.0
0.8126136704555651,0.726837459,0.581597128,0.620340501,0.0,0.0
0.8090517481739261,0.630250178,0.593318705,0.642009099,0.0,0.0
0.8058804542081396,0.461873871,0.585140427,0.648552462,0.0,0.0
0.8047882131117189,0.334563396,0.55014653,0.667126758,0.0,0.0
0.8023722982966085,0.185907218,0.56961004,0.665149702,0.0,0.0
0.7955288065879086,0.093603557,0.495580964,0.666357005,0.0,0.0
0.7649064622749157,0.023374786,0.399036161,0.592768926,0.0,0.0
0.7290440581144291,0.0,0.327024902,0.504643528,0.0,0.0
0.6616727611785603,0.0,0.369135213,0.602398261,0.0,0.0
0.6264853610046066,0.0,0.390547413,0.62650896,0.0,0.0
0.5995143665141125,0.0,0.354964937,0.646771483,0.0,0.0
0.5928190061939851,0.0,0.3151255905,0.6016479105,0.0,0.0
0.5981341376255914,0.0,0.317058948,0.559665713,0.0,0.0
0.6235456826379817,0.020694303,0.356240344,0.534704393,0.0,0.0
0.6919865438727756,0.057568338,0.415866364,0.571641787,0.0,0.0
0.7614336476590166,0.125367846,0.477196749,0.631735399,0.0,0.0
0.8020297671886505,0.165636758,0.602710075,0.681408781,0.0,0.0
0.8212134347279355,0.243353752,0.659875783,0.731227765,0.0,0.0
0.824167560539754,0.315846943,0.674899448,0.77563453,0.0,0.0
0.8245955873406728,0.372566659,0.642804605,0.761192027,0.0,0.0
0.8250605557046697,0.505539449,0.714658267,0.778127373,0.0,0.0
0.8233812749419985,0.493011812,0.76753624,0.788158071,0.0,0.0
0.8181870718387906,0.587586117,0.811403515,0.807555896,0.0,0.0
0.8143528438211872,0.315731443,0.815358177,0.816578758,0.0,0.0
0.809633758725485,0.17493327,0.822263911,0.824672032,0.0,0.0
0.8065706372501548,0.10293781,0.818368958,0.833150457,0.0,0.0
0.8049033351567146,0.062428904,0.814790043,0.834986218,0.0,0.0
0.8017507861405243,0.043731059,0.804737331,0.841516887,0.0,0.0
0.7958640226334646,0.030705546,0.757027431,0.855459386,0.0,0.0
0.7656569037250262,0.021364763,0.659691368,0.845678446,0.0,0.0
0.7318674716851642,0.0,0.581186694,0.808232914,0.0,0.0
0.6618727843530966,0.0,0.479340686,0.715000097,0.0,0.0
0.6267158793369759,0.0,0.455138961,0.718672089,0.0,0.0
0.596100072917674,0.0,0.4074731275,0.6618028615,0.0,0.0
0.5928229381162048,0.0,0.360714731,0.544724416,0.0,0.0
0.5980875036382748,0.001096085,0.325135023,0.475173708,0.0,0.0
0.6235456826379817,0.102723867,0.288575127,0.451014295,0.0,0.0
0.6919319546268938,0.18522088,0.247975967,0.432387833,0.0,0.0
0.7613900768624418,0.314292775,0.283583956,0.429212817,0.0,0.0
0.8020297671886505,0.419712902,0.315619978,0.41163942,0.0,0.0
0.8212303509490914,0.520515448,0.316590929,0.391999648,0.0,0.0
0.8237646794609338,0.617494636,0.303834369,0.366254143,0.0,0.0
0.8241455236411398,0.729539867,0.28840421,0.315031117,0.0,0.0
0.8243815281588301,0.752686313,0.277843239,0.282397632,0.0,0.0
0.8222102133161381,0.742861866,0.265780095,0.250970214,0.0,0.0
0.8167379436033443,0.642386616,0.255660111,0.238232951,0.0,0.0
0.8132373771452341,0.580037977,0.256733971,0.234314394,0.0,0.0
0.809633758725485,0.417728106,0.237840546,0.230549293,0.0,0.0
0.8068469665454259,0.366304255,0.188646755,0.192435192,0.0,0.0
0.8054812307348409,0.27111285,0.167049789,0.16791411,0.0,0.0
0.8026057426242105,0.194583981,0.128509571,0.145498911,0.0,0.0
0.7956969632440828,0.093778783,0.103074322,0.135831999,0.0,0.0
0.7652809972453858,0.01772578,0.093356882,0.132731632,0.0,0.0
0.7290440581144291,0.003215289,0.092872188,0.13808015,0.0,0.0
0.6410625507871986,0.0,0.096751418,0.136258323,0.0,0.0
0.6036471435538531,0.0,0.092840621,0.143888509,0.0,0.0
0.5652030224675474,0.0,0.0840733375,0.13788371900000002,0.0,0.0
0.5582785841449367,0.0,0.070258407,0.125424667,0.0,0.0
0.558610142584971,0.0,0.061517634,0.10417495,0.0,0.0
0.5613987178607278,0.060409265,0.059212652,0.088139955,0.0,0.0
0.569632085249445,0.089674389,0.058940337,0.075674286,0.0,0.0
0.6008562365490022,0.121790094,0.062852842,0.068715907,0.0,0.0
0.6385436297918328,0.221594081,0.061510342,0.070706742,0.0,0.0
0.6802003067277771,0.330720926,0.07385129,0.080523772,0.0,0.0
0.6896222007455477,0.403339238,0.101184903,0.102362106,0.0,0.0
0.6910136765443702,0.552059859,0.108353034,0.106234495,0.0,0.0
0.6907834783844027,0.497066067,0.153523916,0.158272818,0.0,0.0
0.6884730844555346,0.413111207,0.210582482,0.209277019,0.0,0.0
0.6837131717302386,0.331549159,0.222056479,0.226702672,0.0,0.0
0.6823854747495238,0.253067419,0.221072232,0.231863802,0.0,0.0
0.6811771515368242,0.154476179,0.218266411,0.253226668,0.0,0.0
0.6811064690942013,0.098013116,0.227390392,0.281683895,0.0,0.0
0.6810247224208879,0.083746322,0.241467966,0.316981632,0.0,0.0
0.6812056806220668,0.061806456,0.251533226,0.369031958,0.0,0.0
0.6799620162623762,0.037469643,0.267542619,0.447641861,0.0,0.0
0.6768609018871997,0.014881877,0.257282641,0.497335437,0.0,0.0
0.6616429062168903,0.002134057,0.230213288,0.516925381,0.0,0.0
0.6417224217969142,0.0,0.200302274,0.489665601,0.0,0.0
0.5876577898409436,0.0,0.179825666,0.4430530735,0.0,0.0
0.5590494165191526,0.0,0.14741678149999998,0.371345036,0.0,0.0
0.5588204985285498,0.0,0.150088127,0.326416432,0.0,0.0
0.5619516506936479,0.048471654,0.172387012,0.293518252,0.0,0.0
0.569632085249445,0.118105818,0.192520807,0.325812975,0.0,0.0
0.6005698033916054,0.205032734,0.214609548,0.366256507,0.0,0.0
0.6383048363257782,0.26992211,0.272298816,0.384506295,0.0,0.0
0.6802972323079319,0.369805016,0.324095681,0.411004874,0.0,0.0
0.6894171026749365,0.448983823,0.378289764,0.47736773,0.0,0.0
0.6902209445413697,0.584883596,0.458750117,0.519115167,0.0,0.0
0.6905258027732426,0.640181322,0.556714906,0.647420702,0.0,0.0
0.6884730844555346,0.675288431,0.63184274,0.761517713,0.0,0.0
0.6835364655493608,0.626728544,0.682471046,0.799042632,0.0,0.0
0.6822010875524585,0.658052145,0.68367797,0.798824222,0.0,0.0
0.6810497767288606,0.556275539,0.640592536,0.773929273,0.0,0.0
0.6810904671629452,0.437123107,0.602007501,0.73317272,0.0,0.0
0.6806309852815511,0.291814447,0.582857046,0.712599784,0.0,0.0
0.6801788642439425,0.15120041,0.53852926,0.689042026,0.0,0.0
0.6801298985275317,0.093749342,0.479893283,0.670302423,0.0,0.0
0.6768069526888401,0.030475097,0.413658425,0.636870677,0.0,0.0
0.6619777794223137,0.0,0.38214025149999997,0.621486737,0.0,0.0
0.6129939202804479,0.0,0.3610288995,0.620185597,0.0,0.0
0.5928517414438249,0.0,0.3141354905,0.5709444445,0.0,0.0
0.5981668729497517,0.001087359,0.295714624,0.5381353,0.0,0.0
0.6237334986822926,0.081340896,0.302263143,0.533066919,0.0,0.0
0.6920333150556016,0.133021871,0.304218887,0.545579046,0.0,0.0
0.761428938568086,0.222669284,0.429593047,0.577849691,0.0,0.0
0.8020297671886505,0.264984278,0.478600604,0.5915573,0.0,0.0
0.8212134347279355,0.313555794,0.52556341,0.617034567,0.0,0.0
0.8237747378389577,0.255991458,0.583651965,0.659944868,0.0,0.0
0.8240194290768611,0.215606592,0.589086587,0.639575237,0.0,0.0
0.8235607700712408,0.177435432,0.662262235,0.689684233,0.0,0.0
0.8212343742111164,0.136434399,0.651212895,0.705355855,0.0,0.0
0.815762470303467,0.115488107,0.677640741,0.728100184,0.0,0.0
0.8123717222360017,0.145920387,0.623541269,0.75012513,0.0,0.0
0.8086721840887642,0.191422645,0.576450976,0.77418509,0.0,0.0
0.8058804542081396,0.217728657,0.568881357,0.773539039,0.0,0.0
0.8047784291247134,0.1846301,0.555142577,0.739849246,0.0,0.0
0.801889499421556,0.144446881,0.511620727,0.731815262,0.0,0.0
0.7956969632440828,0.088467026,0.508075871,0.721155831,0.0,0.0
0.7665236101196674,0.027594994,0.535911428,0.746152121,0.0,0.0
0.7324877495275877,0.0,0.560793222,0.785816295,0.0,0.0
0.644615786274304,0.0,0.630143557,0.8495903985,0.0,0.0
0.596180173690799,0.0,0.6274450285,0.8575120615,0.0,0.0
0.5955577470961742,0.0,0.6118542995,0.8536837285000001,0.0,0.0
0.6237686113682893,0.036413703,0.636732265,0.870776533,0.0,0.0
0.691908912024254,0.063046205,0.659619174,0.881287395,0.0,0.0
0.761593163376361,0.083347085,0.749929301,0.890876885,0.0,0.0
0.8022348652592617,0.156182774,0.735390284,0.900074068,0.0,0.0
0.8214095716873151,0.271347735,0.688332166,0.890404417,0.0,0.0
0.824163537277729,0.550401992,0.694388409,0.867164328,0.0,0.0
0.8241455236411398,0.711788125,0.648322032,0.785004778,0.0,0.0
0.8243246531138785,0.72839348,0.666504746,0.808062653,0.0,0.0
0.8194740783854207,0.761335239,0.674346314,0.8331015135,0.0,0.0
0.8128909140407361,0.689109554,0.677417041,0.834417085,0.0,0.0
0.8092528229825122,0.640017605,0.666045135,0.837280882,0.0,0.0
0.8064086069754645,0.548687634,0.640851112,0.826621641,0.0,0.0
0.8047784291247134,0.385834517,0.621700316,0.82511418,0.0,0.0
0.8019027581858312,0.243854996,0.609221841,0.814110877,0.0,0.0
0.7955953743543808,0.145985798,0.554212105,0.79634288,0.0,0.0
0.7645355392772243,0.040338328,0.506220863,0.777137602,0.0,0.0
0.7286247180337233,0.001205354,0.464718329,0.74950364,0.0,0.0
0.6616727611785603,0.0,0.430478148,0.730516743,0.0,0.0
0.6265201080340999,0.0,0.395591217,0.690574518,0.0,0.0
0.5959901172571995,0.0,0.341287938,0.6306264045000001,0.0,0.0
0.5929197721335928,0.0,0.23911938,0.490719866,0.0,0.0
0.5980312686408452,0.0,0.198602143,0.411330427,0.0,0.0
0.6237334986822926,0.024105118,0.18271546,0.359482257,0.0,0.0
0.6918171069729165,0.045898409,0.216744112,0.352410445,0.0,0.0
0.7620780653708722,0.077699999,0.297999949,0.391719477,0.0,0.0
0.8027859692151006,0.068163237,0.43034246,0.480782328,0.0,0.0
0.8212976501772115,0.169946193,0.620628986,0.637266807,0.0,0.0
0.8237747378389577,0.265115555,0.759647306,0.783080522,0.0,0.0
0.8246887639011804,0.335438119,0.823602019,0.872575378,0.0,0.0
0.825921638421199,0.54586845,0.844244535,0.87285632,0.0,0.0
0.8245890951540445,0.663041348,0.860990846,0.880164662,0.0,0.0
0.8191959203617092,0.580203698,0.85515664,0.884567378,0.0,0.0
0.8155609382756108,0.422033788,0.831995699,0.889241507,0.0,0.0
0.8116264928774753,0.289152601,0.80827357,0.889433247,0.0,0.0
0.8078315836361456,0.183980984,0.807855248,0.893705382,0.0,0.0
0.8055045477284992,0.111932807,0.793591867,0.892821293,0.0,0.0
0.8026325342464977,0.063348953,0.794504341,0.89185826,0.0,0.0
0.7964413697268354,0.043181103,0.781148789,0.88736457,0.0,0.0
0.7666701414637551,0.015564547,0.797054921,0.878640886,0.0,0.0
0.7335454265714078,0.001911345,0.765122471,0.866005797,0.0,0.0
0.6627084471051495,0.0,0.701723651,0.83812565,0.0,0.0
0.6272386371844649,0.0,0.674868632,0.844022823,0.0,0.0
0.5998581778657556,0.0,0.647706155,0.840757408,0.0,0.0
0.5928367453652352,0.0,0.633806357,0.83156657,0.0,0.0
0.5929357740648491,0.0,0.593056794,0.821923943,0.0,0.0
0.5981035512022734,0.0,0.545488458,0.80641434,0.0,0.0
0.6237334986822926,0.018641672,0.514997109,0.775821683,0.0,0.0
0.6921651245634772,0.050433118,0.499290963,0.757464995,0.0,0.0
0.7625139560162304,0.117154084,0.494483326,0.712441957,0.0,0.0
0.806766865772301,0.223221334,0.511691604,0.702957705,0.0,0.0
0.8253899196111192,0.349950119,0.531948018,0.733154729,0.0,0.0
0.8264015113010188,0.505444658,0.569224629,0.762504693,0.0,0.0
0.8257372971541579,0.648700504,0.790703488,0.859138972,0.0,0.0
0.8249564064762386,0.711260521,0.795456574,0.837173685,0.0,0.0
0.8223245121880782,0.727409537,0.81132529,0.822744149,0.0,0.0
0.816829748506041,0.660360341,0.830342161,0.854703009,0.0,0.0
0.8137370922414424,0.550371102,0.85589514,0.884581436,0.0,0.0
0.8109858699666505,0.531068157,0.880768906,0.907295233,0.0,0.0
0.8092769630005853,0.438444349,0.892678506,0.917280809,0.0,0.0
0.8102482300615448,0.320461556,0.884202824,0.925228495,0.0,0.0
0.8071754160133348,0.198961138,0.865168428,0.927872798,0.0,0.0
0.7971679455498913,0.134773317,0.841802418,0.924025095,0.0,0.0
0.7579360529775224,0.047868974,0.820728714,0.917925748,0.0,0.0
0.7209691091762639,0.004254666,0.787690112,0.913428844,0.0,0.0
0.6614138053237153,0.0,0.751768419,0.921327028,0.0,0.0
0.6263819433864642,0.0,0.729871984,0.91638583,0.0,0.0
0.5958560217272928,0.0,0.6567024205,0.8913716955,0.0,0.0
0.5947448984114463,0.0005093805,0.5824435644999999,0.8605473804999999,0.0,0.0
0.6234144673962447,0.093018441,0.54214949,0.818345478,0.0,0.0
0.6926697775088921,0.170719267,0.508413264,0.801477727,0.0,0.0
0.762466499004499,0.289216975,0.496648558,0.773832071,0.0,0.0
0.8040273476270807,0.403295007,0.486105217,0.729302817,0.0,0.0
0.8214995478615714,0.569799136,0.471869306,0.67500999,0.0,0.0
0.8236108786871864,0.707759126,0.471888047,0.630446279,0.0,0.0
0.8234520489473883,0.786663477,0.576985857,0.601194648,0.0,0.0
0.8233010827547478,0.838281993,0.647482147,0.649341406,0.0,0.0
0.8210469238233091,0.837852794,0.709860107,0.71782323,0.0,0.0
0.8157096183718997,0.779956337,0.768060542,0.746028124,0.0,0.0
0.8122734251466768,0.67364735,0.818356634,0.774138244,0.0,0.0
0.8088752706026833,0.536870176,0.853863023,0.807610029,0.0,0.0
0.8068413886486973,0.408358492,0.861270009,0.821903883,0.0,0.0
0.807031307961108,0.298063572,0.850738881,0.835349082,0.0,0.0
0.8040752618580824,0.228706933,0.841043232,0.848747168,0.0,0.0
0.7968032859805525,0.137775859,0.845686333,0.860527047,0.0,0.0
0.7598380794936085,0.048781355,0.854119975,0.860973054,0.0,0.0
0.7209613367459506,0.0,0.849181926,0.859054781,0.0,0.0
0.6417137350767012,0.0,0.861165375,0.87220019,0.0,0.0
0.5873505998056563,0.0,0.847908873,0.855696046,0.0,0.0
0.5586281333308685,0.0,0.830475523,0.839469622,0.0,0.0
0.5586721384560217,0.001022295,0.804370544,0.810102799,0.0,0.0
0.5616587252009819,0.088127187,0.772034699,0.775693308,0.0,0.0
0.5694981726221104,0.146398663,0.737645765,0.731146709,0.0,0.0
0.6009660550882879,0.260614955,0.719955629,0.686386145,0.0,0.0
0.6398369456968396,0.363790729,0.667809144,0.644656939,0.0,0.0
0.6813675279198643,0.434030343,0.646714209,0.622056259,0.0,0.0
0.6901591316472117,0.542688056,0.642128606,0.613228667,0.0,0.0
0.6905522745204097,0.523583253,0.641778518,0.602804236,0.0,0.0
0.6890425677787866,0.4960054555,0.6399382845,0.593126866,0.0,0.0
0.6829204397272381,0.475153799,0.63273259,0.596471007,0.0,0.0
0.6819491726662787,0.418398817,0.626276618,0.597837016,0.0,0.0
0.6808638351943734,0.382685056,0.639310527,0.60520358,0.0,0.0
0.6810326776794529,0.282222047,0.657821802,0.608053906,0.0,0.0
0.6832678629030194,0.213213375,0.637436105,0.617216523,0.0,0.0
0.6831061526520903,0.138618572,0.620093224,0.625831418,0.0,0.0
0.6817042984514827,0.074726835,0.600094037,0.654466474,0.0,0.0
0.6777009079250389,0.023226005,0.613175405,0.693830694,0.0,0.0
0.6627675168323267,0.0,0.602628001,0.700232411,0.0,0.0
0.6221848388952198,0.0,0.6428780355,0.6951780265,0.0,0.0
0.5650288536603865,0.0,0.601773524,0.6109906355000001,0.0,0.0
0.5582785841449367,0.0,0.51953484,0.538707685,0.0,0.0
0.5587155720570872,0.0,0.460179992,0.477216725,0.0,0.0
0.5615999298648233,0.053594654,0.408948427,0.444012385,0.0,0.0
0.5694981726221104,0.095141359,0.397440025,0.418562584,0.0,0.0
0.6009660550882879,0.167138071,0.366740408,0.370437396,0.0,0.0
0.6399384889537991,0.205573282,0.298332092,0.314113364,0.0,0.0
0.6813333754537916,0.296093968,0.253143548,0.270232802,0.0,0.0
0.6895186001505127,0.400318388,0.221808202,0.24350463,0.0,0.0
0.6902721504241078,0.514761958,0.229508159,0.241824254,0.0,0.0
0.6906056291553492,0.568689186,0.199147818,0.220763262,0.0,0.0
0.6865938262253901,0.650446182,0.1575819185,0.211611065,0.0,0.0
0.6838315397942281,0.627573031,0.167290409,0.233351123,0.0,0.0
0.6823488075774643,0.561862625,0.185655702,0.257714317,0.0,0.0
0.6822873147070674,0.455200958,0.181296723,0.276438342,0.0,0.0
0.6823646723132113,0.315830018,0.184597376,0.301222658,0.0,0.0
0.6811054632415349,0.19004011,0.20127945,0.329585926,0.0,0.0
0.6789645974780107,0.120071495,0.217374612,0.355566872,0.0,0.0
0.6758373773094525,0.031717842,0.235633768,0.370164242,0.0,0.0
0.6617465982260512,0.0,0.263042027,0.381760701,0.0,0.0
0.6617980784998077,0.0,0.275119818,0.345105321,0.0,0.0
0.6131335707420711,0.0,0.2740636265,0.37271571000000003,0.0,0.0
0.5927694462114357,0.0,0.271606259,0.370724818,0.0,0.0
0.5981785314465808,0.0,0.291046121,0.36782362,0.0,0.0
0.6238690115770732,0.026048945,0.288766332,0.36979959,0.0,0.0
0.6919370295229688,0.051654504,0.265269396,0.346369393,0.0,0.0
0.761428938568086,0.132361607,0.247295942,0.319113495,0.0,0.0
0.8019832246154597,0.333865089,0.229089176,0.291006469,0.0,0.0
0.8212938097434381,0.458564965,0.219200044,0.279859363,0.0,0.0
0.824167560539754,0.548437828,0.215019728,0.278123359,0.0,0.0
0.8246887639011804,0.629389656,0.189971656,0.252010344,0.0,0.0
0.8256054417162579,0.727453976,0.200098135,0.264501262,0.0,0.0
0.822176929432902,0.791399325,0.20935633850000002,0.28870588750000004,0.0,0.0
0.8175841218040508,0.729608017,0.228427445,0.299116434,0.0,0.0
0.8152838775186916,0.649324143,0.211787555,0.288022719,0.0,0.0
0.8127552183177037,0.52067132,0.188075076,0.281219824,0.0,0.0
0.8092574864407003,0.396435897,0.186796268,0.293032754,0.0,0.0
0.8052358080352895,0.255996544,0.211321044,0.312334579,0.0,0.0
0.7972568243087145,0.156395357,0.229853994,0.315505375,0.0,0.0
0.7666701414637551,0.054168063,0.224668223,0.300897322,0.0,0.0
0.7329299951640649,0.00336418,0.196412591,0.281452317,0.0,0.0
0.6618727843530966,0.0,0.152141084,0.247397877,0.0,0.0
0.6267158793369759,0.0,0.132573519,0.22283154,0.0,0.0
0.596100072917674,0.0,0.1214133515,0.187145605,0.0,0.0
0.595557152755715,0.0,0.10910105449999999,0.155477832,0.0,0.0
0.6238690115770732,0.100629169,0.090214268,0.123030039,0.0,0.0
0.6918700503186098,0.186844021,0.068400184,0.091819497,0.0,0.0
0.761593163376361,0.30708654,0.055881528,0.068587437,0.0,0.0
0.8061218537943067,0.446256838,0.050217736,0.055839369,0.0,0.0
0.8242380601541253,0.595167249,0.049657135,0.05094948,0.0,0.0
0.8292541397859019,0.725054355,0.049729854,0.048796715,0.0,0.0
0.8319197749536071,0.82960805,0.039809679,0.040565887,0.0,0.0
0.833461256873787,0.885049439,0.037640514,0.045533233,0.0,0.0
0.831834462237539,0.874045772,0.038267522,0.058073806,0.0,0.0
0.8262014423450992,0.83702638,0.039648726,0.075943845,0.0,0.0
0.8214609605469456,0.760614047,0.037719968,0.092905177,0.0,0.0
0.8171349725430582,0.586743514,0.037764576,0.094229361,0.0,0.0
0.8143191026443605,0.519322681,0.038648864,0.084929607,0.0,0.0
0.8114777213670604,0.392761024,0.043181459,0.0710922,0.0,0.0
0.807504231435029,0.255673478,0.052367686,0.060287845,0.0,0.0
0.7996834375493709,0.165836302,0.068241264,0.063649983,0.0,0.0
0.7676649083466247,0.053108167,0.080030532,0.080068384,0.0,0.0
0.7334317219656062,0.0,0.083631389,0.104134687,0.0,0.0
0.6627084471051495,0.0,0.071020803,0.113759786,0.0,0.0
0.6271826762807723,0.0,0.059859247,0.112768809,0.0,0.0
0.5961525818604683,0.0,0.0491102085,0.092037273,0.0,0.0
0.5929357740648491,0.0,0.052566485,0.070373314,0.0,0.0
0.5981035512022734,0.0,0.053411078,0.063391443,0.0,0.0
0.6238690115770732,0.089836706,0.051212283,0.05525329,0.0,0.0
0.6918834919111368,0.159899845,0.042880081,0.050483928,0.0,0.0
0.7636381550451391,0.268372187,0.038260256,0.053084353,0.0,0.0
0.8067094419453124,0.421982432,0.03966251,0.056786799,0.0,0.0
0.8246966277456196,0.576573798,0.044225013,0.058309579,0.0,0.0
0.828899538594587,0.704672955,0.049963297,0.055930968,0.0,0.0
0.8321395947117894,0.785862996,0.055063466,0.059396935,0.0,0.0
0.8328632445396129,0.822786682,0.060698171,0.063792741,0.0,0.0
0.8310681104189389,0.839610612,0.06156164,0.065572971,0.0,0.0
0.824947353950881,0.765815612,0.067048054,0.068839468,0.0,0.0
0.8201969051888294,0.657311816,0.07560625,0.076511707,0.0,0.0
0.8164498186157346,0.58901287,0.077835454,0.084304181,0.0,0.0
0.8134823426255151,0.482778876,0.086084885,0.099963998,0.0,0.0
0.8114474549675034,0.352453098,0.095418382,0.109681368,0.0,0.0
0.8068092935206999,0.24610694,0.090318759,0.10487783,0.0,0.0
0.798430537836071,0.148486417,0.081481104,0.098380076,0.0,0.0
0.7668287883753014,0.042066397,0.077442066,0.097377243,0.0,0.0
0.7329299951640649,0.0,0.071227006,0.094178127,0.0,0.0
0.6617460495926549,0.0,0.047601122,0.087197731,0.0,0.0
0.6131710607899044,0.0,0.0415580965,0.0750042765,0.0,0.0
0.5927897457214151,0.0,0.049888718,0.067963226,0.0,0.0
0.5981341376255914,0.0,0.053537393,0.079117177,0.0,0.0
0.6238690115770732,0.101586307,0.054473901,0.081418065,0.0,0.0
0.6920731368325289,0.191431663,0.049158704,0.076890877,0.0,0.0
0.7700300743496266,0.316460188,0.033930874,0.079268685,0.0,0.0
0.8081565586240664,0.471446729,0.033082129,0.092519764,0.0,0.0
0.8282631217740389,0.621362974,0.038784105,0.104152675,0.0,0.0
0.832641230099205,0.751481886,0.042500636,0.117749974,0.0,0.0
0.8349322390309549,0.853420972,0.033292801,0.104245098,0.0,0.0
0.8365991754678913,0.915653073,0.042697602,0.134252283,0.0,0.0
0.8358386757883977,0.933835233,0.059088584,0.164854178,0.0,0.0
0.8299785209267324,0.905047497,0.081410207,0.198906682,0.0,0.0
0.8264476880690652,0.828687927,0.102302704,0.226347623,0.0,0.0
0.8224223522067738,0.716391747,0.146211898,0.272633999,0.0,0.0
0.8199016481157102,0.583693318,0.185882376,0.313945191,0.0,0.0
0.8165342170419032,0.438271119,0.203350522,0.365509199,0.0,0.0
0.8117993129918374,0.281758565,0.227760558,0.419926158,0.0,0.0
0.8034212887688564,0.180760663,0.28915999,0.496870868,0.0,0.0
0.7696621231285513,0.058549444,0.348563694,0.573975149,0.0,0.0
0.7364838248429886,0.002503145,0.37278156,0.612117611,0.0,0.0
0.6654434846204337,0.0,0.440747048,0.690559446,0.0,0.0
0.6275692811859587,0.0,0.448732782,0.721284254,0.0,0.0
0.6001063438809286,0.0,0.449808501,0.720480685,0.0,0.0
0.5930880660595967,0.0,0.4212806535,0.707558676,0.0,0.0
0.598039178118027,0.0,0.408294523,0.715525595,0.0,0.0
0.6238074729252927,0.090480949,0.398804627,0.709670131,0.0,0.0
0.6947475045018305,0.173875324,0.37335935,0.681501577,0.0,0.0
0.7702082893838247,0.297788586,0.384118882,0.66952817,0.0,0.0
0.8072619175589623,0.447077298,0.394936388,0.645334806,0.0,0.0
0.8240143083994028,0.572993039,0.385124573,0.618836952,0.0,0.0
0.826525777136857,0.675613431,0.376467859,0.59608747,0.0,0.0
0.8270822761611729,0.786707556,0.307518518,0.529336742,0.0,0.0
0.8274015816895984,0.893023253,0.296593679,0.516947543,0.0,0.0
0.8259125860444825,0.928688851,0.280505412,0.521756975,0.0,0.0
0.8199756223587104,0.90985264,0.28091781,0.557917322,0.0,0.0
0.8164111398869831,0.852915527,0.279376405,0.587273945,0.0,0.0
0.8117919977807944,0.746915759,0.270054628,0.590602717,0.0,0.0
0.8090276083044939,0.611759547,0.254846984,0.573737226,0.0,0.0
0.8064860559957344,0.460478135,0.247102675,0.556273897,0.0,0.0
0.8032041206148883,0.298747783,0.222707967,0.527426484,0.0,0.0
0.7965516453367505,0.187751538,0.209879322,0.501393104,0.0,0.0
0.7664991500778334,0.060296687,0.207635705,0.478123962,0.0,0.0
0.7316188028179782,0.0,0.20830382,0.436979489,0.0,0.0
0.6415768505241097,0.0,0.195297104,0.365813739,0.0,0.0
0.6039076081133775,0.0,0.177949899,0.254719285,0.0,0.0
0.5707390024006942,0.0,0.172908752,0.182696847,0.0,0.0
0.5587666408186363,0.0,0.1630582695,0.1324601055,0.0,0.0
0.5584368196185961,0.0,0.164480282,0.121511802,0.0,0.0
0.5613987178607278,0.100599891,0.164209161,0.123804371,0.0,0.0
0.5696246787729169,0.193783764,0.139179576,0.118794794,0.0,0.0
0.6023888487720763,0.315385024,0.092194867,0.103658952,0.0,0.0
0.6431538107867899,0.458299631,0.085587995,0.087550346,0.0,0.0
0.6821587055854429,0.615275386,0.087787063,0.075548697,0.0,0.0
0.6916695699248031,0.7294629,0.096678306,0.073135501,0.0,0.0
0.6918311886129657,0.818906638,0.102663505,0.073104754,0.0,0.0
0.6925335330038227,0.878481494,0.110745588,0.100747984,0.0,0.0
0.6914980756868687,0.920682788,0.120959761,0.154905904,0.0,0.0
0.6867645889273564,0.879782277,0.127791228,0.212384529,0.0,0.0
0.6853668495515407,0.836445026,0.139833203,0.284348299,0.0,0.0
0.6837211726215462,0.727152727,0.159470917,0.346040072,0.0,0.0
0.682873211325142,0.604369408,0.183451007,0.386308523,0.0,0.0
0.6825682158977597,0.453069341,0.200467084,0.411236663,0.0,0.0
0.6819222438484822,0.300972228,0.196412865,0.42594357,0.0,0.0
0.6793091404399425,0.190730726,0.186884668,0.436521959,0.0,0.0
0.6757591052647679,0.06035125,0.195845816,0.450247806,0.0,0.0
0.6616205950758983,0.001545893,0.223344812,0.464517761,0.0,0.0
0.6403116978992011,0.0,0.24682772,0.452489452,0.0,0.0
0.6022937520690027,0.0,0.242884597,0.426307767,0.0,0.0
0.5637465790953786,0.0,0.214831314,0.35283359550000004,0.0,0.0
0.5566347818734068,0.0,0.185803926,0.27792132,0.0,0.0
0.5565891537387566,0.0,0.1692192,0.243582958,0.0,0.0
0.5594775804412603,0.096882797,0.156543405,0.216881081,0.0,0.0
0.5673377388845754,0.190719854,0.127947731,0.185105403,0.0,0.0
0.6018998321014141,0.311506942,0.106406317,0.155772122,0.0,0.0
0.6412325819531963,0.461070874,0.102304325,0.13628901,0.0,0.0
0.6800823501016745,0.603693671,0.103129839,0.130203918,0.0,0.0
0.6912699348649768,0.732639469,0.105497326,0.130656994,0.0,0.0
0.6924503234072132,0.796343681,0.10450145,0.126594339,0.0,0.0
0.6912494525267456,0.822735621,0.11155632,0.1344460275,0.0,0.0
0.6866182861929039,0.848057287,0.108496652,0.171065239,0.0,0.0
0.6863133823282884,0.758332796,0.101125847,0.220220859,0.0,0.0
0.6841714649307143,0.671373773,0.108680367,0.275067873,0.0,0.0
0.6841588005812187,0.554517451,0.114098642,0.312622295,0.0,0.0
0.6842707678727059,0.41843696,0.116354473,0.331984523,0.0,0.0
0.682906449501315,0.287991032,0.109249089,0.333490958,0.0,0.0
0.6800035295722345,0.185035312,0.099703862,0.331117307,0.0,0.0
0.676622199835271,0.056850446,0.106004367,0.321020914,0.0,0.0
0.6626269748228546,0.001551052,0.119542239,0.303800731,0.0,0.0
0.6596285009714301,0.0,0.10907492,0.269546032,0.0,0.0
0.6241617998742299,0.0,0.094541153,0.211765617,0.0,0.0
0.5938641789745105,0.0,0.0898856415,0.145273963,0.0,0.0
0.590006976803381,0.0,0.088858724,0.122962233,0.0,0.0
0.5937898161099947,0.0,0.098444391,0.139042923,0.0,0.0
0.6189759176860905,0.096112011,0.105560905,0.156639023,0.0,0.0
0.6873216822178109,0.19510117,0.109374044,0.157400689,0.0,0.0
0.7603483559684945,0.319450887,0.097845876,0.14524249,0.0,0.0
0.8026269564984099,0.480205541,0.104732572,0.146599361,0.0,0.0
0.8225583221721838,0.631162277,0.119054962,0.154269354,0.0,0.0
0.8257490012837296,0.760363799,0.132307495,0.175029198,0.0,0.0
0.828779753240044,0.860444525,0.1374278,0.193302827,0.0,0.0
0.8293980650098771,0.918468148,0.135946227,0.219205374,0.0,0.0
0.8290398062130406,0.939228629,0.154928664,0.284611248,0.0,0.0
0.8231802001334125,0.912823069,0.179155819,0.353827882,0.0,0.0
0.8190251119526801,0.838096776,0.20655944,0.410082863,0.0,0.0
0.8148036389823682,0.735851507,0.246348936,0.45167001,0.0,0.0
0.8129984464836703,0.605399346,0.281561289,0.473832611,0.0,0.0
0.810993002200801,0.452290967,0.300648454,0.485331754,0.0,0.0
0.805894170191685,0.293423669,0.29411722,0.485021848,0.0,0.0
0.7974841422548326,0.183660213,0.281131603,0.473162097,0.0,0.0
0.7650739788835675,0.053696299,0.27184667,0.468698878,0.0,0.0
0.7315281865961999,0.0,0.276862872,0.486066874,0.0,0.0
0.6600721638984607,0.0,0.304296725,0.536340427,0.0,0.0
0.6242897689483323,0.0,0.265720561,0.503503483,0.0,0.0
0.5939653336099544,0.0,0.235905366,0.4351175545,0.0,0.0
0.5901343973927281,0.0,0.21759762,0.364375028,0.0,0.0
0.5942898512299641,0.0,0.219681124,0.331680651,0.0,0.0
0.6192586476052234,0.089987669,0.226308055,0.321490802,0.0,0.0
0.687238198230183,0.192037966,0.206459705,0.303430997,0.0,0.0
0.7571580882948357,0.313550792,0.162155866,0.270226301,0.0,0.0
0.8016921736326172,0.451433656,0.132045677,0.231430897,0.0,0.0
0.8208890083734108,0.624151576,0.114969008,0.224470844,0.0,0.0
0.8253985149172064,0.750641328,0.104936206,0.223200014,0.0,0.0
0.8277495992801592,0.845162108,0.078383706,0.172079075,0.0,0.0
0.8307108574747689,0.907611951,0.096582756,0.194474434,0.0,0.0
0.8300827617179304,0.93449668,0.118037602,0.223061087,0.0,0.0
0.825081220945473,0.911308676,0.129750378,0.235304862,0.0,0.0
0.8213945757573663,0.847282673,0.140081885,0.239856505,0.0,0.0
0.8170273485373573,0.741833555,0.159852668,0.243666037,0.0,0.0
0.8144513237387638,0.606219866,0.154729485,0.228209548,0.0,0.0
0.811469217475099,0.450564527,0.143565951,0.223644681,0.0,0.0
0.8061446221545688,0.291391936,0.135802732,0.221485288,0.0,0.0
0.7967857297118746,0.180170693,0.141684016,0.235709652,0.0,0.0
0.7645696461105546,0.051826907,0.157932753,0.25562529,0.0,0.0
0.7306313967788942,0.0,0.162677913,0.271855889,0.0,0.0
0.6599451091142581,0.0,0.162046887,0.300284982,0.0,0.0
0.6109209252691317,0.0,0.117995161,0.227344324,0.0,0.0
0.5902219961308274,0.0,0.100617844,0.16810083650000002,0.0,0.0
0.5942781927331349,0.0,0.089642612,0.134522647,0.0,0.0
0.6189353186661319,0.077707127,0.066100087,0.100343958,0.0,0.0
0.6869307338781974,0.139956194,0.06692843,0.087050235,0.0,0.0
0.7571580882948357,0.246436938,0.060508663,0.087040378,0.0,0.0
0.7993263675820934,0.28496467,0.059952254,0.086619022,0.0,0.0
0.8201402128234887,0.428434403,0.064803388,0.086722233,0.0,0.0
0.8231102491524375,0.53811419,0.065004703,0.082732439,0.0,0.0
0.8245313056705523,0.618147019,0.057841408,0.055365066,0.0,0.0
0.8253895538059748,0.722848861,0.069125804,0.071919329,0.0,0.0
0.8250969484857107,0.723530776,0.083573339,0.09195218,0.0,0.0
0.8199678500770378,0.715335913,0.104364525,0.123010329,0.0,0.0
0.8165603686166684,0.682275757,0.12141237,0.141438193,0.0,0.0
0.8120173040215795,0.582159462,0.139678672,0.152534096,0.0,0.0
0.80912380227436,0.476344776,0.157074302,0.179250866,0.0,0.0
0.8064896221871299,0.326967245,0.175280328,0.208400284,0.0,0.0
0.8018049181671357,0.198929095,0.191689986,0.23145071,0.0,0.0
0.7943006867915631,0.090832949,0.205467563,0.275953187,0.0,0.0
0.7640222453929797,0.022834675,0.204352105,0.324035905,0.0,0.0
0.7308282653485626,0.0,0.180929257,0.329351611,0.0,0.0
0.6428287444590636,0.0,0.164571245,0.32228626250000003,0.0,0.0
0.5945128257416552,0.0,0.18493931349999998,0.30407097299999997,0.0,0.0
0.5926748066533118,0.0,0.2161238,0.28178893299999996,0.0,0.0
0.6195679406856492,0.018255174,0.210721319,0.277862791,0.0,0.0
0.6873216822178109,0.049930592,0.219111724,0.270066682,0.0,0.0
0.7568209521067136,0.089427052,0.23442582,0.261496657,0.0,0.0
0.7980892868231572,0.122658694,0.244974184,0.263305835,0.0,0.0
0.8189140133183502,0.184470058,0.2466993,0.274899811,0.0,0.0
0.8217475308998519,0.242357828,0.250229651,0.28458054,0.0,0.0
0.8219968855959433,0.307843218,0.267873103,0.30683771,0.0,0.0
0.8220640934099374,0.376931854,0.306837018,0.334980681,0.0,0.0
0.8202403387898949,0.428176416,0.338205445,0.371209689,0.0,0.0
0.8147019585298995,0.468306136,0.361671475,0.394271685,0.0,0.0
0.8110194281665846,0.461640596,0.380402528,0.410144569,0.0,0.0
0.8075675988152499,0.41641625,0.404576374,0.431613897,0.0,0.0
0.8049096443664504,0.403696831,0.429138946,0.450816135,0.0,0.0
0.8037883257000319,0.279798224,0.433987796,0.470890669,0.0,0.0
0.7999879301247402,0.176143646,0.430264922,0.485384154,0.0,0.0
0.7934664871114468,0.047673293,0.423598022,0.51027313,0.0,0.0
0.762980478717649,0.018468287,0.437503805,0.542097541,0.0,0.0
0.7297156790350998,0.001296736,0.467487215,0.552831418,0.0,0.0
0.6603940755469987,0.0,0.546538635,0.602981611,0.0,0.0
0.6113757208759665,0.0,0.6221487205,0.6080936725,0.0,0.0
0.5906281690100247,0.0,0.6460717615,0.565572081,0.0,0.0
0.5943422917236445,0.0,0.64992463,0.572659507,0.0,0.0
0.619386113827313,0.049068007,0.640604698,0.574539996,0.0,0.0
0.687238198230183,0.118045959,0.635324236,0.590489711,0.0,0.0
0.75682954726416,0.23668439,0.638184165,0.609378562,0.0,0.0
0.7980892868231572,0.370462848,0.661626674,0.610036271,0.0,0.0
0.8193154314738744,0.535449431,0.676971407,0.610817293,0.0,0.0
0.8222881194070374,0.666992852,0.657325206,0.599637718,0.0,0.0
0.8227089225596799,0.797504043,0.591446264,0.516604117,0.0,0.0
0.8230623350700765,0.880183253,0.621382693,0.546010315,0.0,0.0
0.8220929881516834,0.921353646,0.645154745,0.559361171,0.0,0.0
0.8166710100317278,0.858424869,0.674576644,0.581378291,0.0,0.0
0.8130754382846698,0.816355056,0.697085209,0.623195149,0.0,0.0
0.8088591772573013,0.707275321,0.715134876,0.6696649,0.0,0.0
0.8059153840658845,0.552867899,0.73703388,0.702563894,0.0,0.0
0.8035855135771314,0.400129265,0.750443877,0.737881735,0.0,0.0
0.8001464856221606,0.252545109,0.713773567,0.780303157,0.0,0.0
0.7934664871114468,0.129219605,0.680687795,0.757301994,0.0,0.0
0.7624431362294571,0.038216519,0.69612065,0.71501649,0.0,0.0
0.7281707682676744,0.003233345,0.690523991,0.705685566,0.0,0.0
0.6403116978992011,0.0,0.727275699,0.757431945,0.0,0.0
0.5861019519640167,0.0,0.7309750415,0.7473420495,0.0,0.0
0.5571782964501455,0.0,0.7260785525,0.752033586,0.0,0.0
0.5566201058185782,0.0,0.728745469,0.745279405,0.0,0.0
0.5599202832970078,0.068114221,0.724610943,0.733422117,0.0,0.0
0.567362884755315,0.166720054,0.695762142,0.717849902,0.0,0.0
0.5982943848045837,0.292596545,0.684046225,0.685946585,0.0,0.0
0.6368377402351262,0.448875214,0.64917396,0.63881386,0.0,0.0
0.6787072876719951,0.602242615,0.619345814,0.593835826,0.0,0.0
0.6896115023200017,0.728266427,0.585466558,0.560524273,0.0,0.0
0.6919382639852704,0.829081627,0.507728052,0.515192239,0.0,0.0
0.6925186742693832,0.866311398,0.503701376,0.519318975,0.0,0.0
0.692641934252555,0.902272663,0.52172937,0.533211628,0.0,0.0
0.6901790196449836,0.86020564,0.509100522,0.548050454,0.0,0.0
0.6904570404731859,0.782941961,0.48745311,0.562469534,0.0,0.0
0.6890037059988219,0.666742201,0.479029204,0.591306833,0.0,0.0
0.6880187688843413,0.49367803,0.472464077,0.63113565,0.0,0.0
0.6867850713399078,0.370778828,0.461339519,0.661025697,0.0,0.0
0.6842520685558521,0.240907957,0.438560885,0.66113915,0.0,0.0
0.6822785365727283,0.144832395,0.404548523,0.632733643,0.0,0.0
0.6777412325539789,0.037249618,0.415690223,0.612892846,0.0,0.0
0.6643377105173601,0.0,0.41198896,0.612389817,0.0,0.0
0.622335873536974,0.0,0.3866774215,0.611300724,0.0,0.0
0.5702680906321062,0.0,0.340263859,0.536785653,0.0,0.0
0.5575980936758012,0.0,0.27934973350000003,0.44903246799999996,0.0,0.0
0.5570782161908023,0.0,0.26329841,0.376143079,0.0,0.0
0.5599202832970078,0.065807513,0.243253692,0.326555077,0.0,0.0
0.5673936082255014,0.165456416,0.197554299,0.26975081,0.0,0.0
0.5989947632714913,0.270846539,0.162629808,0.216522683,0.0,0.0
0.6379855764300952,0.376883551,0.141543889,0.184033274,0.0,0.0
0.679937236196781,0.503174983,0.124151178,0.17045298,0.0,0.0
0.6910229576793627,0.637739173,0.112008455,0.166926633,0.0,0.0
0.6942458233330318,0.764145329,0.106085768,0.169199131,0.0,0.0
0.6965564916529184,0.824368196,0.134750241,0.198096433,0.0,0.0
0.6956146679671013,0.843571846,0.168323079,0.229640093,0.0,0.0
0.6927070847284736,0.786754514,0.195918846,0.253909741,0.0,0.0
0.6922605414389528,0.718449068,0.235553666,0.272017874,0.0,0.0
0.6890562835393709,0.63912292,0.279215601,0.287422103,0.0,0.0
0.6880050072680531,0.517791677,0.313575214,0.316417437,0.0,0.0
0.6860803038058307,0.410600983,0.356962628,0.381306637,0.0,0.0
0.6837412893775942,0.277804686,0.418736046,0.485129342,0.0,0.0
0.6811858382570374,0.174373389,0.45462067,0.602317025,0.0,0.0
0.6765135701255444,0.041446952,0.498014093,0.689482571,0.0,0.0
0.6628163453532282,0.002041783,0.526732071,0.72747799,0.0,0.0
0.6602019617010034,0.0,0.552988522,0.722441168,0.0,0.0
0.610904031864347,0.0,0.580815014,0.7328985029999999,0.0,0.0
0.5902864378871489,0.0,0.6509691365,0.7725498774999999,0.0,0.0
0.5942422571713643,0.0,0.714485092,0.809886554,0.0,0.0
0.619386113827313,0.033519145,0.74819942,0.838754832,0.0,0.0
0.687238198230183,0.087853596,0.760016866,0.857353272,0.0,0.0
0.75682954726416,0.156228583,0.756140771,0.852576439,0.0,0.0
0.7981214733652804,0.253962762,0.758309967,0.834480096,0.0,0.0
0.8187966054742847,0.360879377,0.738192303,0.803851527,0.0,0.0
0.8218565264147228,0.4702487,0.723348683,0.776646553,0.0,0.0
0.822153155145653,0.591296552,0.680804539,0.709991349,0.0,0.0
0.8220741517879613,0.706422227,0.637886409,0.621459845,0.0,0.0
0.8197865260707144,0.764878953,0.619952116,0.563757127,0.0,0.0
0.815224350720885,0.800897917,0.595323963,0.531585396,0.0,0.0
0.8115666916886503,0.76712202,0.59584211,0.513329835,0.0,0.0
0.8077425219004299,0.621987613,0.592156433,0.510961578,0.0,0.0
0.8052444947555026,0.457324048,0.564864475,0.506310132,0.0,0.0
0.8033439311627124,0.294551358,0.514903042,0.508554813,0.0,0.0
0.8003910854459381,0.171103667,0.426711817,0.492062775,0.0,0.0
0.793449570890291,0.071877713,0.319007353,0.477020226,0.0,0.0
0.7624848782975917,0.018176466,0.265400448,0.481301027,0.0,0.0
0.7278185444381958,0.0,0.252944469,0.480556212,0.0,0.0
0.6597537726599348,0.0,0.235746293,0.497522738,0.0,0.0
0.6109209252691317,0.0,0.24042404699999997,0.471641677,0.0,0.0
0.5902864378871489,0.0,0.264496194,0.4611440015,0.0,0.0
0.5942148711342975,0.0,0.271438809,0.475385473,0.0,0.0
0.6192586476052234,0.036395853,0.272630397,0.47561725,0.0,0.0
0.687238198230183,0.108039949,0.264331505,0.46894996,0.0,0.0
0.7575888584113764,0.211550327,0.259167635,0.456245459,0.0,0.0
0.7993263675820934,0.306033917,0.269373331,0.441589305,0.0,0.0
0.8203144960097877,0.450937976,0.324367798,0.443456772,0.0,0.0
0.8230682786233089,0.549778073,0.404454016,0.439263882,0.0,0.0
0.8232763942519195,0.561282544,0.395338932,0.378387899,0.0,0.0
0.823530412257558,0.607264465,0.379618087,0.334734366,0.0,0.0
0.8220929881516834,0.629342713,0.336087163,0.289962358,0.0,0.0
0.8169186274135048,0.610864104,0.282078915,0.26924035,0.0,0.0
0.8130754382846698,0.570168062,0.226547744,0.245602433,0.0,0.0
0.8091067946390783,0.529782658,0.173297578,0.230932221,0.0,0.0
0.8068285872523332,0.41054258,0.12601064,0.228967322,0.0,0.0
0.8046134728547906,0.260130926,0.100350932,0.23832981,0.0,0.0
0.8009303938580795,0.164887759,0.092689048,0.236895182,0.0,0.0
0.7941147910384592,0.07427583,0.104062766,0.238274317,0.0,0.0
0.7645696461105546,0.023814544,0.134906559,0.252392249,0.0,0.0
0.7314460742663829,0.0,0.159853428,0.274401747,0.0,0.0
0.6435457649047494,0.0,0.228261235,0.300967977,0.0,0.0
0.5949035453973129,0.0,0.210359515,0.26663874600000004,0.0,0.0
0.5927308131154266,0.0,0.1828700815,0.288645554,0.0,0.0
0.6208081761980944,0.026834514,0.167546985,0.309063903,0.0,0.0
0.691469866774028,0.090388826,0.157666951,0.309400806,0.0,0.0
0.7662462293389872,0.202915724,0.131888293,0.298194117,0.0,0.0
0.8028869180572806,0.356045588,0.127085744,0.272843642,0.0,0.0
0.8247079660700468,0.496799432,0.145915648,0.245126556,0.0,0.0
0.8311813120240867,0.566440121,0.170218358,0.225039604,0.0,0.0
0.8337297223246191,0.646114763,0.130888443,0.134423586,0.0,0.0
0.8354513392729225,0.636174742,0.146759976,0.154063037,0.0,0.0
0.834646217311445,0.66151998,0.149653286,0.205465828,0.0,0.0
0.8289790905856749,0.642949606,0.141595895,0.269358138,0.0,0.0
0.8238499007628761,0.609649908,0.12950953,0.313569287,0.0,0.0
0.816540343423387,0.534906912,0.116111602,0.322997204,0.0,0.0
0.8135889607785496,0.394264214,0.108242517,0.308607868,0.0,0.0
0.8112280008658247,0.289691059,0.104107619,0.294521564,0.0,0.0
0.8060178873941272,0.188942302,0.086437022,0.264914406,0.0,0.0
0.7976994815317195,0.128950848,0.077976444,0.231130742,0.0,0.0
0.7660051041438387,0.026804515,0.068679391,0.199377064,0.0,0.0
0.7329935453725375,0.0,0.051903808,0.159015445,0.0,0.0
0.663331879552441,0.0,0.052197296,0.146442394,0.0,0.0
0.6118956441423488,0.0,0.0432833335,0.10906764199999999,0.0,0.0
0.5907812838805462,0.0,0.037764711500000006,0.085285726,0.0,0.0
0.5945214210477423,0.0,0.042426954,0.086838127,0.0,0.0
0.6196239472220844,0.047263642,0.059941669,0.112616378,0.0,0.0
0.6925812642579318,0.135152371,0.075650198,0.14076093,0.0,0.0
0.7681714814346059,0.259539129,0.055778991,0.131660558,0.0,0.0
0.8087020848318176,0.449800662,0.049855682,0.116692783,0.0,0.0
0.8313733343073154,0.591280443,0.057596728,0.112777019,0.0,0.0
0.8375300263371439,0.720130424,0.063920582,0.115607935,0.0,0.0
0.840971523068077,0.814061116,0.055103139,0.096107829,0.0,0.0
0.8427955520791379,0.7457932495,0.038596559,0.096627194,0.0,0.0
0.835150138646571,0.648994365,0.044384611,0.141476442,0.0,0.0
0.8291207300105803,0.594064841,0.070190462,0.190046545,0.0,0.0
0.8224161342625231,0.580552512,0.101926049,0.23067106,0.0,0.0
0.8189924681912866,0.470255182,0.124619213,0.249384314,0.0,0.0
0.8165072424427232,0.365311438,0.145217436,0.28042578,0.0,0.0
0.8097806099446928,0.249784166,0.15269692,0.310446399,0.0,0.0
0.8011517681023245,0.147998722,0.146339058,0.315862658,0.0,0.0
0.7675789554343936,0.028089415,0.135530427,0.311069535,0.0,0.0
0.7370134864636337,0.0,0.129540709,0.297698414,0.0,0.0
0.6750686479803751,0.0,0.101828616,0.262799327,0.0,0.0
0.6169744053254408,0.0,0.1284125475,0.270638163,0.0,0.0
0.5913110596573681,0.0,0.21157595,0.374699966,0.0,0.0
0.5945791191171086,0.0,0.266450832,0.428862281,0.0,0.0
0.6198051796656411,0.045943646,0.268184524,0.434594548,0.0,0.0
0.6891110556135044,0.166928922,0.227096154,0.406105769,0.0,0.0
0.7626351586613267,0.274255961,0.205510034,0.357046981,0.0,0.0
0.8033124760822372,0.414536152,0.189899759,0.303172815,0.0,0.0
0.8248755742414657,0.565050539,0.17228104,0.2584448,0.0,0.0
0.8318449776861924,0.714921099,0.165077988,0.25089238,0.0,0.0
0.8341439417278665,0.824559078,0.185554977,0.303998499,0.0,0.0
0.837315967303942,0.889632875,0.230721931,0.346921739,0.0,0.0
0.8368410321246879,0.909538309,0.258721751,0.375753299,0.0,0.0
0.8297552265399212,0.884267535,0.299194215,0.439366834,0.0,0.0
0.8244502904588868,0.819830305,0.351924981,0.485890561,0.0,0.0
0.8181614688974215,0.718192508,0.41181353,0.529438156,0.0,0.0
0.8137549229011389,0.581389547,0.424112549,0.574938138,0.0,0.0
0.8096515892365406,0.42692837,0.425698091,0.61128777,0.0,0.0
0.8037356565967163,0.268427319,0.428050038,0.627374184,0.0,0.0
0.7948608432727595,0.151158143,0.430279822,0.638932039,0.0,0.0
0.7640770630998557,0.023899287,0.412100836,0.626329825,0.0,0.0
0.7313845356146024,0.0,0.425268396,0.623652687,0.0,0.0
0.6408696598468128,0.0,0.405598505,0.618146414,0.0,0.0
0.5861593072675712,0.0,0.39874594350000003,0.5834091084999999,0.0,0.0
0.557659037912802,0.0,0.40116552699999997,0.5706435695000001,0.0,0.0
0.5570782161908023,0.0,0.390042504,0.583290378,0.0,0.0
0.5599202832970078,0.039158609,0.374133649,0.54606507,0.0,0.0
0.5673026261985787,0.126164246,0.388245938,0.498825498,0.0,0.0
0.5983106609782176,0.192853629,0.381319557,0.453658735,0.0,0.0
0.6367894603476211,0.244583469,0.370377118,0.428997987,0.0,0.0
0.6792069113540775,0.287847439,0.355219922,0.412326677,0.0,0.0
0.6885625119963946,0.330585936,0.347964308,0.420783033,0.0,0.0
0.6897916374967659,0.461110265,0.294301378,0.393780567,0.0,0.0
0.6897843682157471,0.555161143,0.302079872,0.374461426,0.0,0.0
0.6878929941951828,0.681156295,0.332254542,0.37621395,0.0,0.0
0.6839940729209312,0.73011676,0.342120342,0.387718645,0.0,0.0
0.684379671973451,0.731006162,0.371216235,0.403803241,0.0,0.0
0.683369314745853,0.659989243,0.405305241,0.425951682,0.0,0.0
0.6832575760640011,0.577634317,0.438718542,0.435063617,0.0,0.0
0.6822551739463274,0.424576645,0.443683349,0.453535546,0.0,0.0
0.6814531608083344,0.257140661,0.420161847,0.44813873,0.0,0.0
0.6795498998299466,0.107467804,0.390941674,0.450726901,0.0,0.0
0.676878275327626,0.016845554,0.344113448,0.459581179,0.0,0.0
0.6627510120490577,0.0,0.331560963,0.467836202,0.0,0.0
0.6403116978992011,0.0,0.320191469,0.478257239,0.0,0.0
0.6022937520690027,0.0,0.345590547,0.469577167,0.0,0.0
0.5699101518590306,0.0,0.338285946,0.453586771,0.0,0.0
0.5575980936758012,0.0,0.28704474199999996,0.43604308950000004,0.0,0.0
0.5570782161908023,0.0,0.26982211,0.430203135,0.0,0.0
0.5599202832970078,0.028785903,0.26176833,0.406099784,0.0,0.0
0.5673936082255014,0.12126123,0.248663077,0.368680457,0.0,0.0
0.5987390535842808,0.192444611,0.243187912,0.328706554,0.0,0.0
0.6369550568137068,0.313433869,0.233641047,0.293114561,0.0,0.0
0.6795184903822139,0.432625344,0.210217674,0.259744166,0.0,0.0
0.6897566620062784,0.567912467,0.163638067,0.208993874,0.0,0.0
0.6924503234072132,0.645919036,0.104497224,0.129633761,0.0,0.0
0.693374316433334,0.796815685,0.102083518,0.121942891,0.0,0.0
0.6935630469161855,0.829685739,0.109402504,0.127764828,0.0,0.0
0.6903628124272694,0.806278,0.110836599,0.122204481,0.0,0.0
0.6907987488540109,0.760348336,0.106532172,0.115343977,0.0,0.0
0.6889207707932311,0.695517591,0.106695898,0.112804038,0.0,0.0
0.688553550885163,0.577261966,0.098531078,0.107852018,0.0,0.0
0.6878547726857015,0.43334165,0.090891668,0.095453956,0.0,0.0
0.6853784622669864,0.28169471,0.09141759,0.086297841,0.0,0.0
0.6819425890655245,0.169617157,0.089623739,0.081374055,0.0,0.0
0.6777412325539789,0.026593984,0.088215439,0.077743401,0.0,0.0
0.6622428386936307,0.001250564,0.06639461399999999,0.069591929,0.0,0.0
0.6111669423834625,0.0,0.057156176,0.07834704349999999,0.0,0.0
0.5902864378871489,0.0,0.0704998335,0.096078643,0.0,0.0
0.5942148711342975,0.0,0.074824695,0.103211459,0.0,0.0
0.6191699058932687,0.037118955,0.069974962,0.098839537,0.0,0.0
0.6888360979760442,0.172845277,0.065927449,0.091738782,0.0,0.0
0.7660852049169636,0.292983162,0.057660194,0.090914434,0.0,0.0
0.8039892175317254,0.453450894,0.059351138,0.09599758,0.0,0.0
0.8279290029952755,0.609834905,0.06309072,0.101960525,0.0,0.0
0.8334625369688312,0.746803499,0.067153673,0.108401147,0.0,0.0
0.8366749785879727,0.847801104,0.060413,0.099810338,0.0,0.0
0.8391073981120315,0.9097618525,0.0585571785,0.105417592,0.0,0.0
0.8322634034769983,0.886485618,0.065861916,0.121199449,0.0,0.0
0.8280370840716059,0.81363122,0.071049372,0.140184044,0.0,0.0
0.8234468368558041,0.708830456,0.078966819,0.171029281,0.0,0.0
0.8197108145133998,0.559405881,0.086676489,0.195524969,0.0,0.0
0.8173032206133583,0.412256422,0.096735058,0.213600137,0.0,0.0
0.8102693525216182,0.255982809,0.109784113,0.233556426,0.0,0.0
0.8014851554194399,0.160047758,0.125783893,0.253266743,0.0,0.0
0.7663042932134979,0.022674984,0.139861294,0.267399706,0.0,0.0
0.7334122454057213,0.001875644,0.13440424,0.25188329,0.0,0.0
0.6622827062519413,0.0,0.147531839,0.272249744,0.0,0.0
0.6117867172252324,0.0,0.119654046,0.2206490625,0.0,0.0
0.5907812838805462,0.0,0.1003168945,0.151891775,0.0,0.0
0.5944406802270954,0.0,0.091883409,0.102863341,0.0,0.0
0.6198051796656411,0.019317407,0.086024509,0.093468745,0.0,0.0
0.6908527893178557,0.107007445,0.07689798,0.076973356,0.0,0.0
0.7679312706779979,0.206964552,0.056196262,0.057570421,0.0,0.0
0.8094246372442078,0.36426433,0.044419584,0.044572442,0.0,0.0
0.8313733343073154,0.473421453,0.040323387,0.038633052,0.0,0.0
0.837852258158084,0.551104321,0.038242555,0.032264987,0.0,0.0
0.841542652365838,0.644024433,0.024083437,0.024181257,0.0,0.0
0.8430843169656289,0.669327269,0.028248033,0.038773809,0.0,0.0
0.8394678057353898,0.628873139,0.036024567,0.058038054,0.0,0.0
0.832033525340792,0.575167861,0.03809687,0.059170456,0.0,0.0
0.8267902193256641,0.482101488,0.038708056,0.052638957,0.0,0.0
0.8180137030910323,0.383431555,0.033111588,0.040764446,0.0,0.0
0.8141471055544129,0.312398433,0.024090711,0.035444534,0.0,0.0
0.8113718348243147,0.232815172,0.022682976,0.040925191,0.0,0.0
0.8071945269167163,0.158313207,0.030593397,0.053084811,0.0,0.0
0.7988118392355472,0.11728225,0.052079808,0.076508558,0.0,0.0
0.7669266283939971,0.015895442,0.072125088,0.0928753,0.0,0.0
0.736503027160496,0.003385185,0.078207521,0.091389759,0.0,0.0
0.6786608822943134,0.0,0.091211822,0.172362966,0.0,0.0
0.6291497847493428,0.0,0.0930405645,0.1648846335,0.0,0.0
0.6018424082744255,0.0,0.09653532449999999,0.16729968099999998,0.0,0.0
0.5998969937900163,0.0,0.103598085,0.162609117,0.0,0.0
0.6255647969743723,0.011578735,0.11564719,0.180963793,0.0,0.0
0.6930968898712704,0.077040208,0.13135808,0.205498541,0.0,0.0
0.764018359177823,0.149760539,0.128163003,0.213470899,0.0,0.0
0.8025147605972878,0.223538269,0.124671474,0.220732025,0.0,0.0
0.8221648594238655,0.366947022,0.13239101,0.260956344,0.0,0.0
0.8260177411255801,0.479816075,0.141994042,0.293718038,0.0,0.0
0.8290379774846003,0.58896608,0.153939029,0.280933173,0.0,0.0
0.8322546253426594,0.666187185,0.17700332,0.290077644,0.0,0.0
0.8312978969923785,0.675661111,0.207084933,0.306878805,0.0,0.0
0.8255728893689903,0.692793097,0.230925434,0.318343637,0.0,0.0
0.823631361099738,0.632763982,0.268865041,0.346514078,0.0,0.0
0.817328274921331,0.612152994,0.322923221,0.397942576,0.0,0.0
0.8144513237387638,0.50717701,0.383830951,0.465740494,0.0,0.0
0.8111056553211933,0.397121146,0.404199528,0.514670854,0.0,0.0
0.8060178873941272,0.262558011,0.404810662,0.567422086,0.0,0.0
0.7973254037805194,0.161135604,0.369109144,0.580161035,0.0,0.0
0.7650739788835675,0.019543068,0.358339269,0.580131399,0.0,0.0
0.7328987229118413,0.002275821,0.355078394,0.568391083,0.0,0.0
0.6435425873348694,0.0,0.397443198,0.599034292,0.0,0.0
0.5944089051228592,0.0,0.35387586400000004,0.5752414505,0.0,0.0
0.5903952276087561,0.0,0.34761323,0.56844391,0.0,0.0
0.5941860220252939,0.0,0.342227921,0.566954455,0.0,0.0
0.619386113827313,0.025096803,0.340139246,0.574928357,0.0,0.0
0.6872553430609739,0.147196634,0.335161675,0.583839045,0.0,0.0
0.7580485231210223,0.248308604,0.304532827,0.538891647,0.0,0.0
0.8016921736326172,0.392247755,0.27526437,0.470778454,0.0,0.0
0.8213573599519106,0.552695697,0.257048509,0.410005463,0.0,0.0
0.8246750480662757,0.691579857,0.256939681,0.377579798,0.0,0.0
0.8257490012837296,0.799909399,0.212490668,0.288353821,0.0,0.0
0.8285657854723272,0.862449018,0.211091376,0.275654841,0.0,0.0
0.8279972166619362,0.904747895,0.214106591,0.272237946,0.0,0.0
0.8233056547988099,0.889297997,0.234747677,0.279779013,0.0,0.0
0.8189441883037812,0.83323969,0.261525623,0.300180635,0.0,0.0
0.8147602053813028,0.729064473,0.288242694,0.315686128,0.0,0.0
0.8129836333819731,0.593561013,0.318961111,0.334723228,0.0,0.0
0.8086880031917686,0.443168677,0.337554494,0.363661047,0.0,0.0
0.8037356565967163,0.280514262,0.34207204,0.39584142,0.0,0.0
0.7951846294311212,0.166320895,0.325580008,0.426618471,0.0,0.0
0.7638160500555761,0.015144544,0.319872831,0.455724394,0.0,0.0
0.7300827159662752,0.0,0.310590851,0.459871427,0.0,0.0
0.6599451091142581,0.0,0.333286801,0.51667724,0.0,0.0
0.6243496616999242,0.0,0.28720105,0.45217168,0.0,0.0
0.5940028236577877,0.0,0.272647865,0.390735821,0.0,0.0
0.5921023515534437,0.0,0.29616847749999997,0.38934970199999996,0.0,0.0
0.6191231804918261,0.021996901,0.29079491,0.393609122,0.0,0.0
0.6869307338781974,0.164587049,0.26327997,0.362962689,0.0,0.0
0.7575888584113764,0.28021995,0.229761901,0.3329316,0.0,0.0
0.8000160934048384,0.43906351,0.225556942,0.302474911,0.0,0.0
0.8208890083734108,0.588624602,0.2312968,0.28957509,0.0,0.0
0.8247269855593025,0.730274103,0.247533327,0.302726995,0.0,0.0
0.8265266915753978,0.816432019,0.259948022,0.326822295,0.0,0.0
0.8295301031273878,0.875485422,0.253898245,0.334728017,0.0,0.0
0.8299582214910735,0.898172853,0.236819496,0.330646481,0.0,0.0
0.8242216925663655,0.869080744,0.216808431,0.330028611,0.0,0.0
0.8204448882271099,0.810568612,0.208904108,0.334368277,0.0,0.0
0.8165023047421576,0.692354765,0.224270349,0.347668216,0.0,0.0
0.8138997625636547,0.564253778,0.236825339,0.34686748,0.0,0.0
0.8113283096604825,0.423738075,0.232599047,0.335174736,0.0,0.0
0.8068514470267213,0.275492413,0.212312732,0.321629314,0.0,0.0
0.797723347158774,0.159231987,0.198823493,0.31832404,0.0,0.0
0.7650319625730556,0.013459486,0.204922738,0.339461731,0.0,0.0
0.7315067441123653,0.0,0.190443683,0.34506945,0.0,0.0
0.6408679225324984,0.0,0.133529029,0.284219305,0.0,0.0
0.6024027019511312,0.0,0.150700194,0.311147081,0.0,0.0
0.5699101518590306,0.0,0.167611472,0.337758664,0.0,0.0
0.5574073515619371,0.0,0.16152614250000003,0.3244190605,0.0,0.0
0.5583085304464123,0.009838487,0.1304936,0.28096833050000003,0.0,0.0
0.5673936082255014,0.163448446,0.117839269,0.261463761,0.0,0.0
0.6018998321014141,0.274573342,0.118618226,0.243841491,0.0,0.0
0.6432922496768032,0.382665011,0.120451062,0.227536049,0.0,0.0
0.6820418462261326,0.557223525,0.127123782,0.217323861,0.0,0.0
0.6936340951639529,0.712485449,0.147932621,0.21850695,0.0,0.0
0.6984407332906916,0.802416826,0.117207539,0.176372725,0.0,0.0
0.7008198895196165,0.8500302,0.135579091,0.185532921,0.0,0.0
0.7012090089821487,0.825879409,0.165150654,0.195721752,0.0,0.0
0.6987090615460143,0.797915228,0.193577729,0.201274406,0.0,0.0
0.697988932276844,0.710991137,0.229000633,0.213462364,0.0,0.0
0.6943696319495998,0.603393731,0.238873765,0.230117976,0.0,0.0
0.6929544733519746,0.498365338,0.211277196,0.223365421,0.0,0.0
0.6896937976267112,0.34722228,0.192674067,0.217196459,0.0,0.0
0.6865958378564027,0.210903686,0.181265209,0.224132028,0.0,0.0
0.6826613010441414,0.117045877,0.174239922,0.23563408,0.0,0.0
0.6792913554129886,0.008169319,0.185946699,0.250532268,0.0,0.0
0.6651149437383987,0.0,0.184402492,0.272122946,0.0,0.0
0.6232465620917566,0.0,0.174059593,0.262374872,0.0,0.0
0.5705392534685356,0.0,0.147432068,0.266651411,0.0,0.0
0.5579328297600358,0.0,0.1226328775,0.25876120950000003,0.0,0.0
0.5585945751309342,0.0066783385,0.133105856,0.2834430995,0.0,0.0
0.5687068579096635,0.11365076,0.146741,0.311327543,0.0,0.0
0.6078381215149729,0.206142669,0.167156514,0.311662513,0.0,0.0
0.6428883628939573,0.35205224,0.18455986,0.306785727,0.0,0.0
0.6819293303012492,0.483090878,0.19195937,0.295431924,0.0,0.0
0.6940691627848963,0.622929822,0.188459171,0.2721623,0.0,0.0
0.6974934690522958,0.706934917,0.220192657,0.279919522,0.0,0.0
0.7006653115028377,0.695073225,0.232098387,0.275799621,0.0,0.0
0.7011061398487616,0.685061851,0.24744324,0.260968327,0.0,0.0
0.6982366867054893,0.679226641,0.245401023,0.243565003,0.0,0.0
0.6979490190857909,0.575103654,0.228570348,0.234513774,0.0,0.0
0.6943696319495998,0.539416768,0.226762192,0.236254888,0.0,0.0
0.6931074511013072,0.460341923,0.245358638,0.248309257,0.0,0.0
0.6893326586160256,0.366069578,0.277214981,0.266784272,0.0,0.0
0.6866096452540741,0.236713246,0.285455462,0.283061577,0.0,0.0
0.6824285883268283,0.145098377,0.272408048,0.297831416,0.0,0.0
0.6788807478338793,0.010018297,0.277646419,0.323361549,0.0,0.0
0.6651901066623173,0.001163647,0.267417855,0.351661548,0.0,0.0
0.6634438924766706,0.0,0.262480214,0.393098741,0.0,0.0
0.6254339475377798,0.0,0.251729429,0.382931943,0.0,0.0
0.5981394869126849,0.0,0.233068072,0.372997729,0.0,0.0
0.5909131849511886,0.0,0.23271659,0.3902008305,0.0,0.0
0.5945214210477423,0.0,0.246458665,0.419767607,0.0,0.0
0.6196239472220844,0.010474187,0.245267354,0.433445258,0.0,0.0
0.6904473480489473,0.105594322,0.269385061,0.451417278,0.0,0.0
0.7649464212473521,0.187476744,0.292411165,0.444163405,0.0,0.0
0.803198177061656,0.254519924,0.302201561,0.427114721,0.0,0.0
0.8236898821935189,0.343149311,0.2967745,0.418700318,0.0,0.0
0.8284331073072941,0.441872535,0.289937217,0.404940349,0.0,0.0
0.8311813120240867,0.522996957,0.262629512,0.376167735,0.0,0.0
0.8321342913547203,0.531616339,0.25402512,0.322704209,0.0,0.0
0.8322621232333134,0.554541597,0.242456687,0.279981569,0.0,0.0
0.8287376911481487,0.531487925,0.249367202,0.277476553,0.0,0.0
0.8258677807856061,0.471507336,0.266988982,0.295198063,0.0,0.0
0.8216065316711095,0.483486492,0.292222108,0.326337383,0.0,0.0
0.8199149067313446,0.392756509,0.292764271,0.349942934,0.0,0.0
0.817474943460928,0.306162587,0.276435342,0.35848919,0.0,0.0
0.8121409298098957,0.210359129,0.25670728,0.359548833,0.0,0.0
0.8025182353745575,0.124409322,0.228408612,0.354796335,0.0,0.0
0.7707844476476364,0.010911065,0.220162043,0.349474082,0.0,0.0
0.7428447462862711,0.002670625,0.203720866,0.330747304,0.0,0.0
0.6754213746618662,0.0,0.182004976,0.317336911,0.0,0.0
0.6342725510575882,0.0,0.157383852,0.272666691,0.0,0.0
0.6019560670988435,0.0,0.134006013,0.238115131,0.0,0.0
0.5937267002301008,0.0,0.1218186365,0.20282554,0.0,0.0
0.5979667582124487,0.0,0.124268474,0.209654309,0.0,0.0
0.6230985449336813,0.011768998,0.120152948,0.197473993,0.0,0.0
0.6972506979569587,0.141908525,0.10851871,0.173801433,0.0,0.0
0.7679312706779979,0.244988033,0.089903288,0.138223465,0.0,0.0
0.8043556144153787,0.295268121,0.086066218,0.119705543,0.0,0.0
0.8300352132920732,0.474594615,0.077712405,0.107295939,0.0,0.0
0.8356653984547652,0.653126993,0.066963934,0.09345124,0.0,0.0
0.8408895935665117,0.780502272,0.059356466,0.070600993,0.0,0.0
0.8455654280380411,0.847364877,0.064971946,0.074374348,0.0,0.0
0.8475450864026489,0.86542128,0.073380236,0.077326252,0.0,0.0
0.8433460159874547,0.862492196,0.076570746,0.078549468,0.0,0.0
0.8388393441734069,0.800570163,0.074768762,0.0768897,0.0,0.0
0.8338783110067822,0.703513942,0.070197429,0.076339359,0.0,0.0
0.8300193029235837,0.556080001,0.064246059,0.077220002,0.0,0.0
0.8264959681052113,0.408353533,0.061919797,0.07496921,0.0,0.0
0.8186506685449766,0.262858556,0.059239023,0.068494568,0.0,0.0
0.8068206319937681,0.144041874,0.057601763,0.056101538,0.0,0.0
0.7716560461101007,0.01059489,0.059177751,0.049417321,0.0,0.0
0.7450651641895238,0.001679759,0.055189448,0.050387785,0.0,0.0
0.6819361425116387,0.0,0.048016714,0.053482997,0.0,0.0
0.6226182606159746,0.0,0.047073568499999996,0.057606601,0.0,0.0
0.594318517510716,0.0,0.06271818600000001,0.079058451,0.0,0.0
0.5958843221285798,0.0,0.077485444,0.089228129,0.0,0.0
0.6229300224723628,0.009946707,0.073300449,0.076370944,0.0,0.0
0.7014836923772313,0.133649943,0.060395144,0.057057388,0.0,0.0
0.7794834234478725,0.231243824,0.041892937,0.037363703,0.0,0.0
0.8224859938293723,0.352751822,0.03646238,0.032655846,0.0,0.0
0.8426536384118549,0.455352795,0.037158355,0.032897675,0.0,0.0
0.8500664306898755,0.62747821,0.039643478,0.035697299,0.0,0.0
0.8571127345214758,0.720056003,0.026291627,0.031293072,0.0,0.0
0.8570394003259978,0.777002628,0.024569659,0.041324179,0.0,0.0
0.8537668831270127,0.827158391,0.032131525,0.067203686,0.0,0.0
0.8470761861907529,0.817624317,0.052629498,0.09234054,0.0,0.0
0.8387575975000934,0.751606096,0.07057388,0.103217419,0.0,0.0
0.8329636447483968,0.626590122,0.089364583,0.137897506,0.0,0.0
0.8315785239406933,0.52504748,0.118855606,0.181214761,0.0,0.0
0.8278690188295578,0.38162837,0.140758466,0.217826154,0.0,0.0
0.8205463857026861,0.252670691,0.141037625,0.246590325,0.0,0.0
0.8082147139127032,0.144552095,0.159865855,0.274817039,0.0,0.0
0.7731073688791318,0.009939476,0.181782132,0.297493462,0.0,0.0
0.7475282616253471,0.001180766,0.1875182,0.29546675,0.0,0.0
0.68620731280865,0.0,0.174389769,0.267463672,0.0,0.0
0.6376098070716437,0.0,0.1729614855,0.2402423945,0.0,0.0
0.6048481972625726,0.0,0.1738483085,0.21798303349999998,0.0,0.0
0.6016735200079626,0.0,0.183984461,0.231272797,0.0,0.0
0.6289797306926532,0.009722544,0.189562215,0.232109019,0.0,0.0
0.7022642172500063,0.15106437,0.181484983,0.223379137,0.0,0.0
0.7765510601436496,0.260456964,0.142776016,0.200179296,0.0,0.0
0.8165669522174226,0.416826737,0.126252468,0.175050104,0.0,0.0
0.8384548423876793,0.566467704,0.117333152,0.145073964,0.0,0.0
0.84486985007619,0.706658138,0.109350676,0.122063572,0.0,0.0
0.8505417315256331,0.79852519,0.088703435,0.084463414,0.0,0.0
0.8542955845277339,0.859214657,0.080738044,0.07320063,0.0,0.0
0.8538735926941731,0.901973239,0.077995198,0.072138353,0.0,0.0
0.8461526503839024,0.878038598,0.078936084,0.081756717,0.0,0.0
0.8399572796253223,0.809216068,0.082079714,0.097331156,0.0,0.0
0.8348322960414414,0.69791804,0.089672857,0.113264064,0.0,0.0
0.8311458336815863,0.527396241,0.102766579,0.134373017,0.0,0.0
0.8274555308879582,0.378159773,0.126414914,0.159247567,0.0,0.0
0.8185126867255926,0.240350815,0.162644129,0.186878014,0.0,0.0
0.8067988694861724,0.146073272,0.215206635,0.226714379,0.0,0.0
0.772962529216616,0.009595593,0.259158529,0.273703735,0.0,0.0
0.7466149212433891,0.002272649,0.271127186,0.305902765,0.0,0.0
0.6853418408763103,0.0,0.294009587,0.374704446,0.0,0.0
0.6370190412764376,0.0,0.25589286499999997,0.337107187,0.0,0.0
0.6081664569010254,0.0,0.23038430199999999,0.295703225,0.0,0.0
0.6072446355921183,0.0,0.270669125,0.288204991,0.0,0.0
0.6366075878565423,0.008462061,0.256978388,0.295365431,0.0,0.0
0.7032019261110317,0.152589152,0.181624163,0.296679202,0.0,0.0
0.7808270309457174,0.275366308,0.146513347,0.286153139,0.0,0.0
0.8212363859164494,0.428893915,0.142355585,0.260786653,0.0,0.0
0.8402134923131865,0.585553681,0.151563134,0.246000935,0.0,0.0
0.8478910008737507,0.720549275,0.162652413,0.241213023,0.0,0.0
0.8536620024369336,0.821866854,0.205948799,0.282632073,0.0,0.0
0.8559900441972463,0.884959377,0.265436962,0.308834196,0.0,0.0
0.8542318514910096,0.863014769,0.306392746,0.312682717,0.0,0.0
0.8460060734070723,0.826774341,0.328802771,0.312858983,0.0,0.0
0.8399572796253223,0.741273182,0.354735734,0.333965787,0.0,0.0
0.8346979718275791,0.643393351,0.381288536,0.364831765,0.0,0.0
0.8311458336815863,0.53192299,0.415827588,0.411235637,0.0,0.0
0.8270989179913102,0.39069577,0.439899801,0.487102317,0.0,0.0
0.8182156009240331,0.230877712,0.440346077,0.546818122,0.0,0.0
0.8065876450340773,0.141258136,0.480208231,0.592498449,0.0,0.0
0.7742779732857221,0.005260324,0.510181722,0.621950713,0.0,0.0
0.7504191116197114,0.0,0.507940709,0.641001182,0.0,0.0
0.6715102920387727,0.0,0.580673511,0.710656081,0.0,0.0
0.6339112290700097,0.0,0.549482029,0.66629696,0.0,0.0
0.6036309587943451,0.0,0.486127297,0.591656563,0.0,0.0
0.5905389700044794,0.0,0.438643578,0.520525122,0.0,0.0
0.5876358672471471,0.0,0.437869846,0.529987266,0.0,0.0
0.5874627271090239,0.0,0.467985247,0.606843046,0.0,0.0
0.5871892781762429,0.007054778,0.502416942,0.678083424,0.0,0.0
0.5919953220368428,0.145850183,0.545012885,0.710788291,0.0,0.0
0.6289360228492102,0.261083118,0.56848139,0.725958876,0.0,0.0
0.6584148286202779,0.406108318,0.599352626,0.725247028,0.0,0.0
0.6984764860242103,0.554460283,0.609529867,0.689457177,0.0,0.0
0.7083462034265459,0.65372538,0.611893913,0.64815963,0.0,0.0
0.7111404478645165,0.758883708,0.523266787,0.590506567,0.0,0.0
0.7119345057439442,0.810359415,0.575400632,0.554455154,0.0,0.0
0.709667591197525,0.827055095,0.58768308,0.566906597,0.0,0.0
0.7055589540272166,0.780650847,0.629588218,0.628739946,0.0,0.0
0.701371907913996,0.706591718,0.65478567,0.680942832,0.0,0.0
0.6985222055729864,0.595231534,0.620101264,0.683612303,0.0,0.0
0.6971809298042354,0.372456318,0.486539532,0.60792074,0.0,0.0
0.6933771510144409,0.231793016,0.341550076,0.505235311,0.0,0.0
0.6857224108141388,0.106060741,0.252363618,0.419977888,0.0,0.0
0.6826452076987594,0.038842485,0.230196449,0.364314543,0.0,0.0
0.6803847395575849,0.005793081,0.206985133,0.364510537,0.0,0.0
0.6727857772840828,0.002065103,0.19149506,0.356284523,0.0,0.0
0.6578660562448921,0.0,0.196841605,0.364607916,0.0,0.0
0.6221509606715246,0.0,0.226506973,0.343116259,0.0,0.0
0.5903290256474284,0.0,0.247583592,0.327485446,0.0,0.0
0.5725161001427284,0.0,0.248899539,0.4177028065,0.0,0.0
0.5625574809422372,0.0024987675,0.1944526405,0.34156211999999997,0.0,0.0
0.5715077773625142,0.12830572,0.160191722,0.263220113,0.0,0.0
0.6087585027169553,0.257376329,0.129426678,0.223003223,0.0,0.0
0.6430245614690026,0.374020069,0.147927976,0.213589189,0.0,0.0
0.6818673803602228,0.490225432,0.142635766,0.196074837,0.0,0.0
0.6925528267354559,0.582943859,0.133744341,0.174162208,0.0,0.0
0.6949844690908039,0.65723305,0.120903591,0.148991408,0.0,0.0
0.6971300897266419,0.691184032,0.115547333,0.136567325,0.0,0.0
0.6956146679671013,0.764481232,0.110762701,0.139405836,0.0,0.0
0.6917306969900558,0.741061787,0.105441733,0.129411154,0.0,0.0
0.6922850013321461,0.739116611,0.092022963,0.102636135,0.0,0.0
0.6905445478714798,0.655228468,0.113968153,0.098474058,0.0,0.0
0.6888422701389113,0.503167625,0.159504422,0.115577026,0.0,0.0
0.6878409652880302,0.340157792,0.20500154,0.147679388,0.0,0.0
0.6857973909098053,0.173377883,0.243876128,0.188005538,0.0,0.0
0.68201967228065,0.063611115,0.306650495,0.242336247,0.0,0.0
0.6803847395575849,0.004530164,0.353243604,0.30886177,0.0,0.0
0.6740655144010536,0.001098125,0.362576235,0.350436246,0.0,0.0
0.6653899013015387,0.0,0.399290288,0.40417314400000004,0.0,0.0
0.6206013406645279,0.0,0.414134448,0.463336508,0.0,0.0
0.6173231086705865,0.0,0.3892803,0.5104524605,0.0,0.0
0.6243820768516826,0.0,0.353481555,0.526691762,0.0,0.0
0.642619531637981,0.002685878,0.324602874,0.513844352,0.0,0.0
0.705689712198324,0.057309872,0.271965572,0.485501817,0.0,0.0
0.7794834234478725,0.109168906,0.188998187,0.415092404,0.0,0.0
0.8165105342431004,0.318723274,0.140016341,0.338223666,0.0,0.0
0.8353900750121604,0.426285079,0.110456197,0.297047202,0.0,0.0
0.8406954681638243,0.582335902,0.105655103,0.295211239,0.0,0.0
0.8457649483605645,0.677023912,0.083620161,0.229861527,0.0,0.0
0.8491930034989706,0.69777063,0.12306026,0.267159422,0.0,0.0
0.8505144826840755,0.691832272,0.14892963,0.272349328,0.0,0.0
0.8435941820026279,0.636280663,0.135949639,0.25822146,0.0,0.0
0.8378216259533824,0.535441475,0.117372778,0.230345803,0.0,0.0
0.832691704520295,0.455906573,0.089353955,0.182521164,0.0,0.0
0.8301082732451734,0.378394835,0.073414206,0.143209633,0.0,0.0
0.8256816106414837,0.291385445,0.067098569,0.113254789,0.0,0.0
0.8185126867255926,0.178144721,0.071578423,0.118568027,0.0,0.0
0.8074874066279991,0.078273298,0.087675818,0.153469185,0.0,0.0
0.7746038625635426,0.005297571,0.113975253,0.209214621,0.0,0.0
0.7508350684859143,0.0,0.154098174,0.284916757,0.0,0.0
0.6945767417255438,0.0,0.191029531,0.291639756,0.0,0.0
0.6582650511085557,0.0,0.243630772,0.356105705,0.0,0.0
0.6323549340481328,0.0,0.302701249,0.426472717,0.0,0.0
0.6238713661225384,0.0,0.352031286,0.4876954435,0.0,0.0
0.6271742639515777,0.0,0.387178724,0.478450531,0.0,0.0
0.6455311382872746,0.004226848,0.388618891,0.487336642,0.0,0.0
0.7122905242258127,0.118464402,0.368946607,0.531795092,0.0,0.0
0.784465944879715,0.193164215,0.350171923,0.561769633,0.0,0.0
0.8244566912313893,0.29823425,0.304153321,0.5546162,0.0,0.0
0.8430477413563362,0.333930176,0.317947861,0.554487303,0.0,0.0
0.8485993802319659,0.427972452,0.327939371,0.557066959,0.0,0.0
0.855818047107299,0.435072578,0.238397214,0.453231214,0.0,0.0
0.8569634143776648,0.455257707,0.288250794,0.484004304,0.0,0.0
0.8545229937393369,0.44539619,0.328352088,0.503193516,0.0,0.0
0.8476868172416802,0.408524749,0.349245526,0.533244945,0.0,0.0
0.8411599793085509,0.398690165,0.347717529,0.610416878,0.0,0.0
0.8339294254753943,0.338708087,0.395539396,0.640135086,0.0,0.0
0.8310370209949671,0.299517094,0.343376533,0.609922815,0.0,0.0
0.8192369766009382,0.215720292,0.244013322,0.528220258,0.0,0.0
0.8139851668424897,0.131717538,0.184787094,0.39671327,0.0,0.0
0.8037855825330509,0.09830618,0.167214683,0.296145416,0.0,0.0
0.7731203532523885,0.004589137,0.168003918,0.289452973,0.0,0.0
0.7474467893430521,0.0,0.155907857,0.289521964,0.0,0.0
0.6865335678916151,0.0,0.161973287,0.282381092,0.0,0.0
0.6505771185134639,0.0,0.152424186,0.24538987,0.0,0.0
0.6196413206625107,0.0,0.137760782,0.232568958,0.0,0.0
0.6008769247548177,0.0,0.140839189,0.239496369,0.0,0.0
0.6005082647398249,0.0,0.137056495,0.233754654,0.0,0.0
0.6253810499734699,0.002817223,0.126966216,0.23890973,0.0,0.0
0.695615490991516,0.082806893,0.108704789,0.235565137,0.0,0.0
0.7677391569806434,0.181173965,0.097725097,0.191559539,0.0,0.0
0.8050125134998375,0.333577436,0.090070962,0.16008689,0.0,0.0
0.8238252122600478,0.417226053,0.079601179,0.136154017,0.0,0.0
0.8280920391226322,0.53521534,0.070148543,0.104797671,0.0,0.0
0.8303119082438479,0.600540421,0.079119714,0.115036218,0.0,0.0
0.83116832765083,0.728362956,0.066870976,0.071831262,0.0,0.0
0.8316893481840046,0.723564888,0.063855012,0.065530996,0.0,0.0
0.827368846514079,0.703263841,0.066681613,0.072846522,0.0,0.0
0.8237697999897512,0.611273161,0.070029278,0.076874874,0.0,0.0
0.8199011908964399,0.55170035,0.079598075,0.078936933,0.0,0.0
0.8164921549500077,0.418345826,0.089087648,0.083886342,0.0,0.0
0.8126403706637263,0.331418783,0.087647898,0.078854275,0.0,0.0
0.807229731016839,0.160062804,0.086271194,0.072688786,0.0,0.0
0.7997802717153999,0.058395426,0.080097539,0.064771355,0.0,0.0
0.7683298541037745,0.004673624,0.070931463,0.057144757,0.0,0.0
0.7372492165903054,0.0,0.06160798,0.048630881,0.0,0.0
0.6506619740845822,0.0,0.0388209385,0.034703215,0.0,0.0
0.5997780770926306,0.0,0.035539259,0.040046717,0.0,0.0
0.5924342758729428,0.0,0.03344038,0.040140738,0.0,0.0
0.5967220880000916,0.0,0.029155218,0.036607309,0.0,0.0
0.6217972281373669,0.00317332,0.022074031,0.033266795,0.0,0.0
0.689735676741714,0.090555855,0.017934958,0.03380086,0.0,0.0
0.767353283537105,0.168765153,0.016255768,0.037224838,0.0,0.0
0.8058803627940136,0.254352866,0.01868734,0.04285954,0.0,0.0
0.8281750658909897,0.340771933,0.026893154,0.047203163,0.0,0.0
0.8323343603106399,0.481275154,0.035618185,0.053355455,0.0,0.0
0.8352488929551661,0.676578255,0.049157496,0.057740277,0.0,0.0
0.8379339132686305,0.817724567,0.061091603,0.061309172,0.0,0.0
0.8392394820852461,0.890303762,0.065821132,0.063527208,0.0,0.0
0.8336165205708304,0.873092184,0.071346907,0.070052307,0.0,0.0
0.8291149692855999,0.813472209,0.075610377,0.072839481,0.0,0.0
0.8236765320151178,0.709392524,0.073794708,0.072784663,0.0,0.0
0.820578755221702,0.570997336,0.066818365,0.069618975,0.0,0.0
0.8159565042920288,0.406990045,0.065199521,0.069038162,0.0,0.0
0.8115136569288309,0.233522941,0.061762228,0.064582408,0.0,0.0
0.8018937056604737,0.12474355,0.05863786,0.058288819,0.0,0.0
0.7681005246009643,0.004564567,0.053285146,0.057528122,0.0,0.0
0.7372305172734518,0.0,0.049288067,0.06270787,0.0,0.0
0.6704293892667793,0.0,0.054865822,0.067998304,0.0,0.0
0.6135988590555086,0.0,0.059193052499999996,0.085322813,0.0,0.0
0.5920754913334019,0.0,0.0497681955,0.091198082,0.0,0.0
0.5967012399310365,0.0,0.041692623,0.073947136,0.0,0.0
0.6219134016677716,0.002764721,0.039404462,0.063299493,0.0,0.0
0.689735676741714,0.135223716,0.037711485,0.055284226,0.0,0.0
0.769793612612666,0.249013719,0.02335223,0.053117241,0.0,0.0
0.8110086383269126,0.413288145,0.028417916,0.067173033,0.0,0.0
0.8313845813662576,0.54795459,0.037422215,0.076095158,0.0,0.0
0.8369524050013953,0.662628243,0.044313165,0.082638829,0.0,0.0
0.8391228055541877,0.746370709,0.042355551,0.07503891,0.0,0.0
0.8427695833326245,0.83904965,0.062710252,0.096436636,0.0,0.0
0.8408795352628082,0.741108824,0.0877218795,0.11835419550000001,0.0,0.0
0.8340696930938478,0.665364503,0.106131545,0.14576649,0.0,0.0
0.8300781896738683,0.575683126,0.140378428,0.170662281,0.0,0.0
0.8245686127414931,0.447716367,0.164073592,0.175313233,0.0,0.0
0.8200132952347954,0.320176141,0.159109059,0.163356342,0.0,0.0
0.8141140959878752,0.188687775,0.139652685,0.155364815,0.0,0.0
0.8041282964692607,0.08783234,0.148314341,0.174425942,0.0,0.0
0.7722535096622379,0.001189317,0.169538545,0.208270307,0.0,0.0
0.7446261645720404,0.0,0.167726757,0.237141736,0.0,0.0
0.6617458209830199,0.0,0.183244493,0.2711182,0.0,0.0
0.6208661942912217,0.0,0.218259008,0.321726773,0.0,0.0
0.5827207364575503,0.0,0.2254125205,0.362171897,0.0,0.0
0.5689656765689993,0.0,0.223895946,0.380382727,0.0,0.0
0.5690442227074207,0.00192006,0.18927923,0.363850319,0.0,0.0
0.5794306631385281,0.058713167,0.176976483,0.350692939,0.0,0.0
0.612519122296703,0.139268346,0.193775395,0.358942225,0.0,0.0
0.643996148553723,0.229611182,0.230565851,0.381984858,0.0,0.0
0.6817985722787826,0.379980991,0.282114795,0.416469989,0.0,0.0
0.693450302381667,0.504731749,0.301911986,0.453519319,0.0,0.0
0.6974379653678735,0.557204417,0.401369152,0.511151114,0.0,0.0
0.698084074761301,0.696722973,0.395638609,0.517853275,0.0,0.0
0.6977757417521584,0.650941972,0.389264453,0.519079641,0.0,0.0
0.6953969513283779,0.667564341,0.397045953,0.49862914,0.0,0.0
0.6920145699573644,0.631899228,0.42361838,0.495659887,0.0,0.0
0.6884577227204414,0.477648436,0.431678586,0.512026453,0.0,0.0
0.685547944799588,0.312516043,0.43395253,0.553112872,0.0,0.0
0.6840707446981695,0.185423357,0.441955068,0.596510876,0.0,0.0
0.6818103679711212,0.07862673,0.465701612,0.63506261,0.0,0.0
0.6796656617738237,0.037994884,0.475765087,0.671390237,0.0,0.0
0.6780600810117751,0.004575214,0.509662323,0.710742242,0.0,0.0
0.666934217728505,0.0,0.542522021,0.744130267,0.0,0.0
0.6529435646115098,0.0,0.620765935,0.800880504,0.0,0.0
0.6116376484331072,0.0,0.679661625,0.841919762,0.0,0.0
0.5680634231597828,0.0,0.6856448534999999,0.8795082935,0.0,0.0
0.5594792264157693,0.0,0.6550380339999999,0.8819930705,0.0,0.0
0.5616693322124021,0.00154424,0.653537426,0.881730248,0.0,0.0
0.569711043123035,0.091682684,0.625050885,0.879578965,0.0,0.0
0.6028607207605885,0.200096766,0.603912917,0.866103342,0.0,0.0
0.6410767238413736,0.352931282,0.681463511,0.853829627,0.0,0.0
0.6802585534305395,0.38066008,0.675265783,0.853145131,0.0,0.0
0.6905386043182477,0.364198405,0.67503658,0.85778523,0.0,0.0
0.6914754445221157,0.383088664,0.595455504,0.800019867,0.0,0.0
0.6914665291922676,0.469027619,0.595599034,0.803386947,0.0,0.0
0.6893434026743139,0.519766204,0.618831162,0.818730834,0.0,0.0
0.6851003500246583,0.640086987,0.658383784,0.834379766,0.0,0.0
0.683598827076915,0.57586331,0.669632847,0.848164199,0.0,0.0
0.6815511378738984,0.439131219,0.688794354,0.863968662,0.0,0.0
0.6814105500830429,0.301275641,0.702409855,0.873420462,0.0,0.0
0.6815295125618119,0.202106677,0.678858347,0.870957909,0.0,0.0
0.6802910143636812,0.112254966,0.627622638,0.863781726,0.0,0.0
0.6781073551952547,0.073622045,0.555265726,0.830658232,0.0,0.0
0.6750360042189816,0.0,0.516419073,0.788728695,0.0,0.0
0.6618042050299324,0.0,0.479534614,0.748809666,0.0,0.0
0.6621235105583579,0.0,0.422063914,0.709672293,0.0,0.0
0.6264557348012126,0.0,0.399619156,0.685996108,0.0,0.0
0.5956869964139615,0.0,0.386719653,0.667895784,0.0,0.0
0.5944177747456443,0.0,0.340447004,0.6400056814999999,0.0,0.0
0.6217972281373669,0.00132219,0.27366626,0.591136571,0.0,0.0
0.6894241434949611,0.046817683,0.236761632,0.542701304,0.0,0.0
0.7605672156553938,0.101545981,0.200914402,0.50855561,0.0,0.0
0.803638913993454,0.176635164,0.220097952,0.48211471,0.0,0.0
0.8216014111422919,0.259579501,0.256670421,0.448950334,0.0,0.0
0.825038244415037,0.330878958,0.249185499,0.429462719,0.0,0.0
0.826146304614462,0.39499634,0.222942021,0.368843123,0.0,0.0
0.8287167516649677,0.418184202,0.295518954,0.388244514,0.0,0.0
0.8253858505677107,0.4576353265,0.355538377,0.351512873,0.0,0.0
0.8189479373234287,0.482942472,0.378818249,0.334637074,0.0,0.0
0.8157977658177157,0.446503061,0.359404057,0.319913876,0.0,0.0
0.8123642243453477,0.341610604,0.30883243,0.283166474,0.0,0.0
0.8097724718578759,0.218267753,0.231919345,0.255699982,0.0,0.0
0.8061811063497356,0.135578224,0.174411868,0.232059101,0.0,0.0
0.7983932306164895,0.036168978,0.143858985,0.215443638,0.0,0.0
0.7677596393931949,0.0,0.124259228,0.190617162,0.0,0.0
0.7366183776664861,0.0,0.108386361,0.164527363,0.0,0.0
0.6705206456847206,0.0,0.081060636,0.114113565,0.0,0.0
0.6147696235482998,0.0,0.0742626985,0.0864551955,0.0,0.0
0.5924756292452411,0.0,0.0897642015,0.06996475699999999,0.0,0.0
0.5969593269800835,0.0,0.096865297,0.063661162,0.0,0.0
0.6226627914838324,0.001101702,0.091378412,0.061577071,0.0,0.0
0.6942313758878383,0.085857573,0.08469392,0.064551135,0.0,0.0
0.7699194329345669,0.183343585,0.074535671,0.064944308,0.0,0.0
0.8107779371662915,0.290815478,0.066694088,0.067845822,0.0,0.0
0.8325019683334178,0.434182082,0.06992503,0.075593677,0.0,0.0
0.8380899085759627,0.595168568,0.079552762,0.087415616,0.0,0.0
0.8430610915347372,0.742004457,0.066777606,0.083754316,0.0,0.0
0.8486617417595204,0.825348668,0.091399514,0.117368798,0.0,0.0
0.8504888797427066,0.857715798,0.123476877,0.147057216,0.0,0.0
0.8444826051234815,0.827316347,0.157016943,0.172940276,0.0,0.0
0.8370793225900888,0.745714844,0.183047184,0.197947986,0.0,0.0
0.832201773411092,0.639821249,0.189165937,0.223405493,0.0,0.0
0.8290098142045021,0.498593393,0.208836831,0.279267781,0.0,0.0
0.8262457903847052,0.343814986,0.236549327,0.363237666,0.0,0.0
0.8196975557491246,0.195626748,0.279183165,0.453298646,0.0,0.0
0.8066999323493255,0.101573078,0.332775667,0.557747036,0.0,0.0
0.7745259564726433,0.00244722,0.364735694,0.629122644,0.0,0.0
0.7496601662776395,0.0,0.386630694,0.656428243,0.0,0.0
0.6980000421402769,0.0,0.467385227,0.721071269,0.0,0.0
0.6644356419501815,0.0,0.498504139,0.739931937,0.0,0.0
0.6412746440450918,0.0,0.51050966,0.753509299,0.0,0.0
0.6339142465536888,0.0,0.5059883629999999,0.751581786,0.0,0.0
0.638042588819197,0.0,0.440182174,0.661123858,0.0,0.0
0.6577404187512429,0.0,0.369279886,0.648823515,0.0,0.0
0.7182420725522876,0.077072648,0.31340745,0.668641063,0.0,0.0
0.7868431809660738,0.168661075,0.26855379,0.624681338,0.0,0.0
0.8238912312444827,0.132443786,0.216529049,0.529570992,0.0,0.0
0.8378199800531939,0.212122698,0.200107247,0.462447585,0.0,0.0
0.8432586001519278,0.293817687,0.169753511,0.43115398,0.0,0.0
0.8512661128151043,0.407707386,0.121146479,0.361127598,0.0,0.0
0.8529245453600796,0.483079791,0.184212546,0.317802062,0.0,0.0
0.8511364520594302,0.3972496,0.187892904,0.299895805,0.0,0.0
0.8424783495215303,0.361604251,0.223017837,0.309561854,0.0,0.0
0.8357689990498002,0.316411503,0.299875859,0.27947949,0.0,0.0
0.827740272512424,0.252423927,0.405264848,0.333891993,0.0,0.0
0.8216372552899367,0.189696388,0.461345721,0.416647721,0.0,0.0
0.8145412084988942,0.132784539,0.43496464,0.496544815,0.0,0.0
0.807859564087992,0.094965799,0.426973019,0.530153847,0.0,0.0
0.8013326347407368,0.070354538,0.498154361,0.558239042,0.0,0.0
0.7703702282443888,0.003421523,0.51333225,0.612019731,0.0,0.0
0.7436490455206155,0.0,0.480715109,0.657264933,0.0,0.0
0.6836350370297041,0.0,0.439437313,0.673741712,0.0,0.0
0.6470963942717421,0.0,0.348810626,0.628449553,0.0,0.0
0.6116029929663808,0.0,0.249906409,0.529348809,0.0,0.0
0.5959735439504963,0.0,0.1602749855,0.3657155785,0.0,0.0
0.59704203372468,0.0,0.114523789,0.272780268,0.0,0.0
0.6218920963794462,0.0,0.080651954,0.194485029,0.0,0.0
0.689735676741714,0.104372641,0.061952166,0.133590333,0.0,0.0
0.7653450960872547,0.209960712,0.049046,0.109371189,0.0,0.0
0.8046725425819676,0.393699562,0.050595469,0.090219249,0.0,0.0
0.8228202955850283,0.519162721,0.053794487,0.083989708,0.0,0.0
0.82689519157851,0.646596208,0.053120958,0.079145184,0.0,0.0
0.8302897799311078,0.666426826,0.036342376,0.034186101,0.0,0.0
0.8316364964010782,0.571762721,0.037512657,0.027700445,0.0,0.0
0.8309448502871263,0.554566262,0.042693915,0.027745405,0.0,0.0
0.8249678363634325,0.51470603,0.053372853,0.042346937,0.0,0.0
0.820888185497637,0.407819491,0.06345709,0.074412213,0.0,0.0
0.8161651685540355,0.309509402,0.0993929,0.124698845,0.0,0.0
0.8123004911599826,0.253429303,0.187059657,0.236765711,0.0,0.0
0.809685604655745,0.198327066,0.257678557,0.349998756,0.0,0.0
0.8060096578931844,0.093506165,0.374630783,0.473828193,0.0,0.0
0.7986106730128353,0.025688918,0.517111726,0.589592903,0.0,0.0
0.7680163091516885,0.003848833,0.648727019,0.677865482,0.0,0.0
0.7382755301164171,0.0,0.742684936,0.738995691,0.0,0.0
0.6836350370297041,0.0,0.581323262,0.56293463,0.0,0.0
0.6530427305066328,0.0,0.7049821,0.725805624,0.0,0.0
0.6305789564635829,0.0,0.7377371,0.846852807,0.0,0.0
0.622958048631272,0.0,0.798534058,0.8887619959999999,0.0,0.0
0.6215437587651246,0.0,0.859745422,0.891617838,0.0,0.0
0.6386492877249433,0.0,0.882298196,0.899628765,0.0,0.0
0.699641741292348,0.075342548,0.890754694,0.889353111,0.0,0.0
0.7673708399544237,0.143506192,0.892905919,0.890815415,0.0,0.0
0.8039077452494303,0.249863675,0.887332263,0.895089387,0.0,0.0
0.8212883234094762,0.395715459,0.889274953,0.833299743,0.0,0.0
0.8235433966308147,0.395010313,0.890477829,0.866746449,0.0,0.0
0.823501426101686,0.48143925,0.856978347,0.928939004,0.0,0.0
0.8233294288630978,0.541480585,0.848037631,0.927667974,0.0,0.0
0.821106816574901,0.539400033,0.827705806,0.919480607,0.0,0.0
0.8163320449665247,0.577610233,0.80123203,0.910004258,0.0,0.0
0.8127124247641603,0.621759182,0.780654212,0.900539229,0.0,0.0
0.8088663094914518,0.547088985,0.752403392,0.887500809,0.0,0.0
0.8056725215564214,0.439622199,0.697437061,0.864650471,0.0,0.0
0.8040476472113804,0.319225927,0.595369162,0.825556553,0.0,0.0
0.8008652890149033,0.184130704,0.492002258,0.776211636,0.0,0.0
0.7945439151061705,0.08008402,0.426903468,0.712434237,0.0,0.0
0.7648410833380026,0.002704785,0.349632275,0.646990807,0.0,0.0
0.7311536059929872,0.0,0.278740977,0.577714619,0.0,0.0
0.6412231637713353,0.0,0.244749449,0.502930633,0.0,0.0
0.6034706658339695,0.0,0.231415398,0.444536563,0.0,0.0
0.5707877395074699,0.0,0.219835669,0.417021606,0.0,0.0
0.559028568375777,0.0,0.224564708,0.416835885,0.0,0.0
0.5582076959090498,0.0,0.278717525,0.382404968,0.0,0.0
0.5610286177388105,0.0,0.331166128,0.359822035,0.0,0.0
0.568317052618226,0.036144984,0.341692648,0.387149868,0.0,0.0
0.5991378199869501,0.088735663,0.33997571,0.456106516,0.0,0.0
0.6369031649534226,0.130632386,0.347911364,0.506701399,0.0,0.0
0.6787623339885064,0.219614634,0.344748774,0.537994178,0.0,0.0
0.6881898059030056,0.349127778,0.345586149,0.594685872,0.0,0.0
0.6891595641106448,0.44648845,0.252484993,0.54974047,0.0,0.0
0.6889894873119046,0.458373428,0.327669192,0.599298232,0.0,0.0
0.6868170750537793,0.456437395,0.438816234,0.608543641,0.0,0.0
0.6825188387434622,0.432116405,0.528102067,0.614417128,0.0,0.0
0.6813597556381918,0.33386675,0.608768731,0.618586861,0.0,0.0
0.6823507278686715,0.34205032,0.683939593,0.637783458,0.0,0.0
0.6821265646760621,0.346313487,0.730607764,0.711705466,0.0,0.0
0.6822058882061558,0.238739419,0.751893361,0.815375225,0.0,0.0
0.6814547609271396,0.147149832,0.730900672,0.865870679,0.0,0.0
0.6804244241390031,0.079047395,0.687344036,0.882191515,0.0,0.0
0.6684387353435561,0.0018642955,0.6613485210000001,0.878908323,0.0,0.0
0.6412152542941536,0.0,0.650894644,0.87461862,0.0,0.0
0.6034627563567877,0.0,0.610574688,0.862423759,0.0,0.0
0.5649081539416234,0.0,0.550986377,0.838159762,0.0,0.0
0.5581804469931719,0.0,0.463599714,0.804070519,0.0,0.0
0.5610344698779167,0.0,0.405169032,0.764763166,0.0,0.0
0.5684654126907539,0.065120762,0.352418007,0.728964886,0.0,0.0
0.5991932321086058,0.108817508,0.303756549,0.679204356,0.0,0.0
0.6371795856628196,0.11983719,0.276573193,0.627542952,0.0,0.0
0.6788190719865894,0.213449329,0.255699306,0.583321204,0.0,0.0
0.6883557222442116,0.341699031,0.235548023,0.535944036,0.0,0.0
0.6891595641106448,0.315962281,0.203482062,0.478118607,0.0,0.0
0.6890857726958964,0.245842354,0.212455205,0.492332288,0.0,0.0
0.6868360943943941,0.203658714,0.22650618,0.509738412,0.0,0.0
0.6824802972102199,0.129410767,0.190474283,0.488240968,0.0,0.0
0.6841853179611284,0.083386229,0.14635767,0.428492023,0.0,0.0
0.6848841877233567,0.05885788,0.118025504,0.344579426,0.0,0.0
0.6851825995499846,0.042896219,0.115753054,0.263133845,0.0,0.0
0.685766347267217,0.025960679,0.122764839,0.212380231,0.0,0.0
0.6840201330815703,0.013646472,0.145887682,0.165065451,0.0,0.0
0.6808346204288663,0.004419625,0.172685562,0.142606575,0.0,0.0
0.66843167163284,0.0,0.19623671450000002,0.149317733,0.0,0.0
0.6434841120224717,0.0,0.15781339500000002,0.1388146025,0.0,0.0
0.5987651137449201,0.0,0.169549251,0.16405353,0.0,0.0
0.5922651133641024,0.0,0.168731007,0.2058972395,0.0,0.0
0.5967220880000916,0.0,0.198853149,0.262775816,0.0,0.0
0.6218360898430111,0.0,0.213093495,0.299595882,0.0,0.0
0.6894224061806465,0.0059895,0.228241483,0.341719434,0.0,0.0
0.7591320774972299,0.016443273,0.234347111,0.372504555,0.0,0.0
0.8004069044003016,0.071233995,0.226827499,0.377316169,0.0,0.0
0.8199715990966853,0.131022258,0.23046561,0.364992035,0.0,0.0
0.8227187979608113,0.139973945,0.217070584,0.34950559,0.0,0.0
0.8232717307937314,0.142432941,0.164414776,0.274498159,0.0,0.0
0.8233294288630978,0.11322971,0.179423488,0.284244883,0.0,0.0
0.8212503761423726,0.10743542,0.184865852,0.286043482,0.0,0.0
0.8163114711398473,0.146841361,0.178575433,0.28841501,0.0,0.0
0.8125260716431453,0.127992339,0.17645414,0.274074838,0.0,0.0
0.8083156627548831,0.088609637,0.18778266,0.274949657,0.0,0.0
0.8056725215564214,0.050757985,0.235845919,0.29481224,0.0,0.0
0.8041288451026569,0.02766352,0.273522263,0.321330962,0.0,0.0
0.801199133551289,0.012243388,0.290868726,0.34412044,0.0,0.0
0.7953904591120213,0.004065586,0.322703921,0.350852798,0.0,0.0
0.7654701849475077,0.0,0.334826988,0.350418266,0.0,0.0
0.7326856695826651,0.0,0.33485984,0.367949692,0.0,0.0
0.6643511521098872,0.0,0.234661016,0.29412334,0.0,0.0
0.6145233550079624,0.0,0.188850555,0.277227914,0.0,0.0
0.5936692078053575,0.0,0.12383545800000001,0.2352642345,0.0,0.0
0.5983704165343002,0.0,0.107925108,0.195072116,0.0,0.0
0.6234953452637602,0.0,0.109231971,0.209631943,0.0,0.0
0.6904907816500127,0.013139677,0.111469243,0.213605989,0.0,0.0
0.7605672156553938,0.049010152,0.098840191,0.20399661,0.0,0.0
0.8007893946293371,0.201074452,0.099772067,0.184292317,0.0,0.0
0.8209982782793004,0.229227105,0.103566846,0.17089087,0.0,0.0
0.82332247960584,0.365194884,0.110400023,0.172300632,0.0,0.0
0.8236886020984748,0.514749384,0.136454367,0.207997972,0.0,0.0
0.823963651150061,0.58072204,0.133367531,0.19478087,0.0,0.0
0.8222980863709355,0.581343867,0.143040771,0.195191123,0.0,0.0
0.8166793310954374,0.636256047,0.159221192,0.236159307,0.0,0.0
0.8131383484456204,0.517985424,0.192298892,0.319896183,0.0,0.0
0.809272482370649,0.427135067,0.212521269,0.385443121,0.0,0.0
0.8067593677330062,0.329257519,0.246945004,0.411361112,0.0,0.0
0.8041484132253086,0.209557865,0.258727303,0.392990554,0.0,0.0
0.8012384524762036,0.118361109,0.232885218,0.363144251,0.0,0.0
0.7953904591120213,0.020788773,0.237152381,0.369619995,0.0,0.0
0.7491298418674215,0.0,0.2693557795,0.39292912950000003,0.0,0.0
0.6456652795242442,0.0,0.3054212735,0.509487104,0.0,0.0
0.5997780770926306,0.0,0.247195096,0.449483893,0.0,0.0
0.5924756292452411,0.0,0.22163737249999999,0.4244462205,0.0,0.0
0.5967781401692693,0.0,0.226911364,0.440459061,0.0,0.0
0.6218938336937607,0.0,0.21652081,0.423361738,0.0,0.0
0.6894224061806465,0.06318253,0.178924978,0.390821614,0.0,0.0
0.759990417195419,0.144922249,0.137588574,0.317231102,0.0,0.0
0.802091397105916,0.273050729,0.141126088,0.264828849,0.0,0.0
0.8210586281015217,0.368669838,0.188073981,0.253934446,0.0,0.0
0.8236886020984748,0.486609831,0.212779536,0.265204906,0.0,0.0
0.8245892781309372,0.525118306,0.220589112,0.237918913,0.0,0.0
0.8250392502677035,0.529810763,0.243772235,0.249063513,0.0,0.0
0.8234605526907087,0.520819371,0.225437045,0.261252643,0.0,0.0
0.8181638462592581,0.59457725,0.255150197,0.298083901,0.0,0.0
0.8153768712509472,0.55682622,0.301665144,0.317547365,0.0,0.0
0.8108988197876269,0.454419237,0.312250188,0.311373921,0.0,0.0
0.8084371854237404,0.339045621,0.292976711,0.312335581,0.0,0.0
0.806202320223935,0.16880976,0.255961153,0.307312846,0.0,0.0
0.8026349117569751,0.071586281,0.22671742,0.316337125,0.0,0.0
0.7955392306224363,0.019336003,0.221189917,0.335826225,0.0,0.0
0.7659453943691394,0.0,0.233740311,0.374400937,0.0,0.0
0.7339941643945134,0.0,0.260917582,0.408287364,0.0,0.0
0.6475171517916423,0.0,0.30325015850000003,0.45234458499999997,0.0,0.0
0.6034650880858817,0.0,0.317686472,0.463732677,0.0,0.0
0.600078591964397,0.0,0.3388813135,0.517955527,0.0,0.0
0.6061914388809527,0.0,0.363721132,0.590176719,0.0,0.0
0.6311508628557344,0.0,0.403885314,0.649923631,0.0,0.0
0.6976921663504045,0.031447269,0.434832908,0.68881817,0.0,0.0
0.7674480145836752,0.091271868,0.475384079,0.713042951,0.0,0.0
0.8046516945129127,0.234058684,0.574654866,0.727263791,0.0,0.0
0.8225966352444318,0.328412691,0.628273002,0.743736089,0.0,0.0
0.8258986872326851,0.400483328,0.648436472,0.755775746,0.0,0.0
0.8274498617257445,0.528609782,0.700447119,0.782775448,0.0,0.0
0.8287167516649677,0.566292836,0.717401552,0.80454043,0.0,0.0
0.8273927121411336,0.541126233,0.723302215,0.810280129,0.0,0.0
0.8219258373481757,0.529800278,0.710276576,0.802171026,0.0,0.0
0.817861091146844,0.421116061,0.702418061,0.783010579,0.0,0.0
0.8139750170503398,0.430352665,0.657824118,0.752987601,0.0,0.0
0.8106144439683055,0.299443169,0.595573568,0.715157985,0.0,0.0
0.8076320633136221,0.1952851,0.509953998,0.690459894,0.0,0.0
0.803741143079319,0.095701508,0.513474728,0.659580876,0.0,0.0
0.7963504791140386,0.017749545,0.482353553,0.611979176,0.0,0.0
0.766323769773383,0.0,0.404093376,0.582952472,0.0,0.0
0.7347518294929002,0.0,0.349458878,0.580308983,0.0,0.0
0.6680390317602954,0.0,0.31466678,0.548497189,0.0,0.0
0.6297355670625998,0.0,0.294198701,0.517186604,0.0,0.0
0.5967893872282115,0.0,0.250811696,0.4512487115,0.0,0.0
0.5946180951275704,0.0,0.2324704535,0.392001068,0.0,0.0
0.6218360898430111,0.0,0.241790386,0.384580519,0.0,0.0
0.6896036386242033,0.031558516,0.219594244,0.389455803,0.0,0.0
0.7609927278989668,0.090338425,0.185582936,0.393185155,0.0,0.0
0.8031370957777867,0.140158041,0.176457817,0.376258348,0.0,0.0
0.8212883234094762,0.225317884,0.176611167,0.343799123,0.0,0.0
0.8241569535283338,0.300642207,0.174051371,0.320291045,0.0,0.0
0.8245249048980499,0.382291035,0.194538321,0.319288867,0.0,0.0
0.8243681781290698,0.444953696,0.240177217,0.339240063,0.0,0.0
0.8222773295673653,0.504013645,0.296798956,0.358596278,0.0,0.0
0.8163320449665247,0.505863389,0.34351179,0.382567264,0.0,0.0
0.8125260716431453,0.510335135,0.33935488,0.388120295,0.0,0.0
0.8085190235111799,0.45846004,0.32248344,0.370028923,0.0,0.0
0.8058758823127183,0.381931103,0.297369647,0.345283774,0.0,0.0
0.8041484132253086,0.253952342,0.262495528,0.322669715,0.0,0.0
0.8012450360769579,0.150338908,0.222878182,0.324301916,0.0,0.0
0.7945076137392555,0.022885528,0.215756384,0.326337517,0.0,0.0
0.7642915337195856,0.0,0.236808389,0.350289753,0.0,0.0
0.7300162853953124,0.0,0.258560401,0.382423043,0.0,0.0
0.6412152542941536,0.0,0.268470877,0.399280479,0.0,0.0
0.5871252479321287,0.0,0.28141835,0.4251740345,0.0,0.0
0.5580213428623553,0.0,0.287215061,0.443264367,0.0,0.0
0.5579297893113447,0.0,0.327759597,0.471430964,0.0,0.0
0.560479571121047,0.0,0.363267537,0.526828071,0.0,0.0
0.568240975255767,0.036408429,0.389648498,0.5855298,0.0,0.0
0.599193780742002,0.103712162,0.425179923,0.632642221,0.0,0.0
0.6372278199175824,0.151180162,0.453072254,0.673925395,0.0,0.0
0.6787423087952251,0.176290715,0.526716962,0.720138523,0.0,0.0
0.688984778220974,0.202342057,0.636624532,0.764298336,0.0,0.0
0.690136637677968,0.282815137,0.73920818,0.772698425,0.0,0.0
0.6899052964698249,0.295194198,0.762146243,0.793757738,0.0,0.0
0.6883120142521276,0.327665351,0.788584535,0.815291242,0.0,0.0
0.6844103498108949,0.309373539,0.806684474,0.828761174,0.0,0.0
0.682789498727879,0.293274785,0.798450434,0.828088481,0.0,0.0
0.6815667740000101,0.203137797,0.812283905,0.826993621,0.0,0.0
0.6809454446721777,0.145617786,0.798440779,0.828298409,0.0,0.0
0.680266874494249,0.10396051,0.775155315,0.827367193,0.0,0.0
0.6795494426106764,0.051319726,0.701587347,0.825167757,0.0,0.0
0.6780741626518241,0.012970613,0.647937421,0.819660357,0.0,0.0
0.6685976337554291,0.0014232605,0.5912806740000001,0.8104067319999999,0.0,0.0
0.6447095571752707,0.0,0.493743607,0.737891996,0.0,0.0
0.5899752245155161,0.0,0.47951850500000004,0.7301923975,0.0,0.0
0.5613945573288731,0.0,0.450533462,0.723058899,0.0,0.0
0.5623608181658326,0.0,0.4035473,0.6798716490000001,0.0,0.0
0.5706675883477824,0.014839394,0.333097345,0.605643155,0.0,0.0
0.6033306724578935,0.051385361,0.301630528,0.55232168,0.0,0.0
0.6410767238413736,0.086062265,0.337621996,0.514759224,0.0,0.0
0.6801133481115202,0.136412111,0.369696789,0.495480263,0.0,0.0
0.6901912725565924,0.175239148,0.353319909,0.460608256,0.0,0.0
0.6914519447002057,0.161641339,0.303161574,0.418067772,0.0,0.0
0.6912440576812301,0.15484145,0.302938932,0.392425934,0.0,0.0
0.6867367913780822,0.15843007850000002,0.31936186050000004,0.375901592,0.0,0.0
0.682515638357211,0.11270357,0.334140413,0.374144103,0.0,0.0
0.6806744646639997,0.117289934,0.345164169,0.358936563,0.0,0.0
0.6801660170661951,0.093690297,0.358828711,0.376045828,0.0,0.0
0.680266874494249,0.058570423,0.383399547,0.395457256,0.0,0.0
0.6795494426106764,0.031960947,0.411743785,0.43939212,0.0,0.0
0.6781750200798783,0.003864896,0.440998154,0.456560599,0.0,0.0
0.6691988006944711,0.0,0.45439822350000003,0.502527658,0.0,0.0
0.6715883811065645,0.0,0.406524261,0.595539528,0.0,0.0
0.6406592126377488,0.0,0.388189683,0.634096722,0.0,0.0
0.6124735397947954,0.0,0.378088968,0.661202264,0.0,0.0
0.6025628118602937,0.0,0.424018344,0.7053578325000001,0.0,0.0
0.6035239749848071,0.0,0.398548267,0.696383303,0.0,0.0
0.6259410236264146,0.0,0.402471144,0.690919397,0.0,0.0
0.692102031574275,0.021268797,0.403285894,0.678346474,0.0,0.0
0.7609927278989668,0.123086791,0.418339836,0.671525527,0.0,0.0
0.8007893946293371,0.263778242,0.488828113,0.706659764,0.0,0.0
0.8205056038544757,0.435636143,0.503767712,0.719514197,0.0,0.0
0.82321138097151,0.595881416,0.477969872,0.67843782,0.0,0.0
0.8232717307937314,0.723986862,0.511365163,0.677805673,0.0,0.0
0.8232873669198432,0.783861125,0.56401666,0.719312035,0.0,0.0
0.8212202011569415,0.829607924,0.601692501,0.752408016,0.0,0.0
0.8158431197099884,0.76688873,0.627316285,0.784945554,0.0,0.0
0.8118934954050114,0.714915367,0.636415883,0.803697643,0.0,0.0
0.8081721031874115,0.619071328,0.644636696,0.818025417,0.0,0.0
0.8054476725349067,0.417053184,0.637254029,0.820376971,0.0,0.0
0.8038216095089474,0.242403958,0.585334995,0.808131834,0.0,0.0
0.8005190088872979,0.117114993,0.539918002,0.79353427,0.0,0.0
0.7946882975494158,0.015651282,0.506599726,0.769950117,0.0,0.0
0.7640016715663023,0.001444657,0.477885023,0.741973294,0.0,0.0
0.7301931287716996,0.0,0.456919498,0.715324917,0.0,0.0
0.6609960653618147,0.0,0.448789326,0.702046281,0.0,0.0
0.6258227013438085,0.0,0.420856089,0.674897251,0.0,0.0
0.5952770974058084,0.0,0.37805643099999997,0.630119637,0.0,0.0
0.5943312503836458,0.0,0.281133656,0.518850848,0.0,0.0
0.6216710877917048,0.0,0.238950525,0.465555084,0.0,0.0
0.688879485944367,0.038091579,0.222450539,0.449400987,0.0,0.0
0.7595590985941231,0.187957982,0.176860574,0.390897274,0.0,0.0
0.799980797741949,0.362469017,0.161590494,0.338650223,0.0,0.0
0.8199715990966853,0.52028294,0.169418283,0.279034617,0.0,0.0
0.8227187979608113,0.598003906,0.157210809,0.233102385,0.0,0.0
0.823395813801318,0.620799068,0.136030676,0.192789479,0.0,0.0
0.8233294288630978,0.625653721,0.108911464,0.145880665,0.0,0.0
0.8212503761423726,0.595563835,0.09844857,0.120816214,0.0,0.0
0.8158639677790434,0.58422615,0.09349512,0.102997342,0.0,0.0
0.8125260716431453,0.567515596,0.083547356,0.092068031,0.0,0.0
0.8088663094914518,0.468885928,0.072003664,0.083613192,0.0,0.0
0.8058758823127183,0.435642493,0.053693634,0.071378312,0.0,0.0
0.8041484132253086,0.276433021,0.03908,0.059358644,0.0,0.0
0.8008652890149033,0.131850005,0.027107586,0.049505024,0.0,0.0
0.7947542252683658,0.005116256,0.022334477,0.047715774,0.0,0.0
0.7636842403990596,0.0,0.0319146,0.057913844,0.0,0.0
0.7290297022320024,0.0,0.052266003,0.083336221,0.0,0.0
0.661003929206254,0.0,0.078333604,0.135870803,0.0,0.0
0.6258306108209901,0.0,0.151787359,0.223979001,0.0,0.0
0.5986383791331195,0.0,0.23192465,0.327514815,0.0,0.0
0.5920010826131823,0.0,0.306197773,0.437657825,0.0,0.0
0.5924020435494363,0.0,0.383577532,0.54328202,0.0,0.0
0.5967220880000916,0.0,0.436793606,0.613638852,0.0,0.0
0.6218360898430111,0.0,0.472008513,0.657644941,0.0,0.0
0.6896036386242033,0.021534175,0.487007302,0.684179128,0.0,0.0
0.7605672156553938,0.141178776,0.487567046,0.70254465,0.0,0.0
0.803638913993454,0.251859287,0.429718784,0.704579015,0.0,0.0
0.8219645162255682,0.369448849,0.436855698,0.719268515,0.0,0.0
0.8259536421350705,0.477570684,0.452872185,0.72603147,0.0,0.0
0.828956047983035,0.617063762,0.454726951,0.710387217,0.0,0.0
0.8303766472818795,0.667919653,0.503959802,0.718189566,0.0,0.0
0.8297495572290667,0.690306902,0.56288386,0.721206407,0.0,0.0
0.823912445267323,0.631509775,0.542110807,0.720516718,0.0,0.0
0.8194116254437406,0.58455392,0.531063079,0.717717886,0.0,0.0
0.8149905405881385,0.496933681,0.507486072,0.718718851,0.0,0.0
0.8116285045828083,0.405470465,0.458363869,0.713156776,0.0,0.0
0.8089422955884257,0.278973532,0.417140395,0.702978099,0.0,0.0
0.8037782673220079,0.143343748,0.398220507,0.68872751,0.0,0.0
0.7959420202871305,0.010180439,0.382011926,0.674192048,0.0,0.0
0.766301230022756,0.001057884,0.371160595,0.663811651,0.0,0.0
0.7339510965985921,0.0,0.353936769,0.651620494,0.0,0.0
0.6696228956474909,0.0,0.316242066,0.62662105,0.0,0.0
0.6320157861546779,0.0,0.301718048,0.594448353,0.0,0.0
0.6030767458663809,0.0,0.27773061,0.547719982,0.0,0.0
0.5947963786852026,0.0,0.2370797595,0.439725061,0.0,0.0
0.5976715011393294,0.0,0.174149169,0.298532584,0.0,0.0
0.6225864855117382,0.0,0.136728726,0.226137381,0.0,0.0
0.6902141323309805,0.012260164,0.124761631,0.186750996,0.0,0.0
0.7621738021214681,0.069555013,0.142564552,0.163550461,0.0,0.0
0.8039077452494303,0.139021026,0.149876715,0.152257688,0.0,0.0
0.8219439423988908,0.24132008,0.149443629,0.148525762,0.0,0.0
0.8253972346735214,0.294946184,0.152025663,0.163543642,0.0,0.0
0.827325138670636,0.341199256,0.187968931,0.214715089,0.0,0.0
0.8288817993490164,0.379470344,0.197806255,0.24551565,0.0,0.0
0.8279957535899992,0.388734865,0.229465506,0.258078969,0.0,0.0
0.8222469717536826,0.378538697,0.297469582,0.295378766,0.0,0.0
0.8177645313718336,0.362621649,0.329039593,0.342056962,0.0,0.0
0.8138616324682993,0.316048991,0.371508297,0.364693518,0.0,0.0
0.8095027263119998,0.23239826,0.374070411,0.341055921,0.0,0.0
0.8065285753069,0.130076179,0.350589852,0.342198184,0.0,0.0
0.8025048851961564,0.073948452,0.335288699,0.354134933,0.0,0.0
0.7958371395970514,0.007037835,0.307139568,0.386317568,0.0,0.0
0.7662845424112353,0.001203128,0.284794462,0.42288701,0.0,0.0
0.7339510965985921,0.0,0.269605523,0.439697269,0.0,0.0
0.6662886571171145,0.0,0.274089453,0.45866446,0.0,0.0
0.629437795283494,0.0,0.235731111,0.461735351,0.0,0.0
0.5976347882602071,0.0,0.244988255,0.4483440185,0.0,0.0
0.5951175587977724,0.0,0.2378975415,0.412751445,0.0,0.0
0.6220733288230029,0.0,0.223533126,0.41125018,0.0,0.0
0.6894224061806465,0.009939932,0.24624591,0.38380583,0.0,0.0
0.7589424327244786,0.06147515,0.258648597,0.4152944,0.0,0.0
0.8001359701735072,0.121750761,0.277418201,0.469288621,0.0,0.0
0.81994014401621,0.225847397,0.305959599,0.515753602,0.0,0.0
0.822562894216246,0.347099463,0.365143484,0.610464254,0.0,0.0
0.8225798104374019,0.403248237,0.439124387,0.654271556,0.0,0.0
0.8224735580895117,0.449930017,0.456539606,0.682570613,0.0,0.0
0.8201263141603323,0.505425773,0.47292048,0.680164293,0.0,0.0
0.8148644460238599,0.545654658,0.529164235,0.696691791,0.0,0.0
0.8112179426364414,0.481763248,0.597567667,0.734052964,0.0,0.0
0.8075571746320814,0.473205631,0.595249029,0.791936136,0.0,0.0
0.8047822695584868,0.335198297,0.563450777,0.787229763,0.0,0.0
0.8045042030975418,0.27001374,0.502345259,0.74487709,0.0,0.0
0.8015312407733605,0.132934791,0.445352899,0.720309921,0.0,0.0
0.7936436048788525,0.008185732,0.444367745,0.717943487,0.0,0.0
0.7603522420350104,0.0,0.423082641,0.680772561,0.0,0.0
0.7234533290721606,0.0,0.383497046,0.659056425,0.0,0.0
0.6405568463563747,0.0,0.352443,0.6246431,0.0,0.0
0.6028940961322709,0.0,0.347346694,0.607499536,0.0,0.0
0.5706541011225129,0.0,0.344643842,0.547273003,0.0,0.0
0.5583885626217825,0.0,0.3685690565,0.5273426625,0.0,0.0
0.5595309581898525,0.0,0.3733956075,0.5194147245,0.0,0.0
0.5683688071343601,0.010928869,0.296650006,0.482616227,0.0,0.0
0.599909338115751,0.115951851,0.250912704,0.410643061,0.0,0.0
0.638503213600126,0.224838698,0.246863082,0.364937455,0.0,0.0
0.6821096940876488,0.348545729,0.232848035,0.330856692,0.0,0.0
0.6905559777586738,0.401725372,0.21672882,0.318795845,0.0,0.0
0.6908503205418932,0.469358236,0.145059359,0.266966829,0.0,0.0
0.6910331531042552,0.506824369,0.132370747,0.257460141,0.0,0.0
0.6905327521791413,0.515233849,0.129369998,0.259861574,0.0,0.0
0.6854547682390806,0.459419436,0.120015958,0.240716105,0.0,0.0
0.6837814311782826,0.489996415,0.105753779,0.215153397,0.0,0.0
0.6856709305403822,0.412127069,0.119350329,0.24345784,0.0,0.0
0.6884144719476277,0.289264103,0.15060646,0.28664617,0.0,0.0
0.68842329586335,0.197977236,0.176735023,0.295355362,0.0,0.0
0.687526048826774,0.116771979,0.174652613,0.296967475,0.0,0.0
0.684619471292172,0.00513799,0.205208495,0.339906903,0.0,0.0
0.6777097774735038,0.0,0.258519011,0.396679949,0.0,0.0
0.6614620395784779,0.0,0.309149845,0.442067594,0.0,0.0
0.6410781869133103,0.0,0.367252883,0.543659968,0.0,0.0
0.6031120413806295,0.0,0.349565633,0.547453823,0.0,0.0
0.5703223140728435,0.0,0.360354784,0.569777573,0.0,0.0
0.5588020734540737,0.0,0.357455852,0.57801634,0.0,0.0
0.557846442519226,0.0,0.3484401245,0.6175103955000001,0.0,0.0
0.5605048084059124,0.0,0.343725394,0.62872091,0.0,0.0
0.5678249269754383,0.012960318,0.361168458,0.629133795,0.0,0.0
0.5993773449146527,0.123859231,0.348837502,0.63276907,0.0,0.0
0.6384376060535778,0.302688105,0.357534476,0.639646198,0.0,0.0
0.6819191806577404,0.499313907,0.434812472,0.634824908,0.0,0.0
0.6898485584717418,0.602887379,0.469720125,0.646818015,0.0,0.0
0.6901187156041457,0.642349607,0.409438734,0.619120616,0.0,0.0
0.6892595072487991,0.639691785,0.381828126,0.604463665,0.0,0.0
0.6868045021184096,0.756446221,0.401503632,0.587934804,0.0,0.0
0.6821641919194047,0.675000374,0.377779302,0.566996696,0.0,0.0
0.6808328373331685,0.649804465,0.332943102,0.533875285,0.0,0.0
0.6796535004249816,0.52304944,0.301576586,0.490480895,0.0,0.0
0.6795821321534533,0.368181227,0.273065594,0.442695659,0.0,0.0
0.6811378327605507,0.188942103,0.212874457,0.40542302,0.0,0.0
0.6832273096644441,0.050536224,0.177314006,0.368836735,0.0,0.0
0.6817255123256822,0.004522171,0.162792027,0.337278488,0.0,0.0
0.6691911427176163,0.0,0.201739275,0.3176312075,0.0,0.0
0.6608707480405673,0.0,0.323042256,0.383860184,0.0,0.0
0.6258227013438085,0.0,0.423814249,0.491289772,0.0,0.0
0.5986739032570031,0.0,0.527344238,0.605680556,0.0,0.0
0.5918962934115495,0.0,0.6461981365,0.7512758770000001,0.0,0.0
0.5966413471794446,0.0,0.740376165,0.843081998,0.0,0.0
0.6217972281373669,0.0,0.782823024,0.888468409,0.0,0.0
0.6893510835418606,0.003400394,0.794086159,0.90496808,0.0,0.0
0.7588744018860698,0.02401276,0.798971749,0.916646138,0.0,0.0
0.8012190673304446,0.033556135,0.810214712,0.920753477,0.0,0.0
0.8223901655160096,0.066430451,0.796864831,0.914074334,0.0,0.0
0.8242546105701367,0.081632547,0.741017906,0.905765957,0.0,0.0
0.8243010617292016,0.086967797,0.683993222,0.88486569,0.0,0.0
0.8236900650217707,0.12485936,0.620507725,0.882629626,0.0,0.0
0.8201382012667967,0.255890677,0.583082094,0.891986547,0.0,0.0
0.8152889981961499,0.32128029,0.570111276,0.880700569,0.0,0.0
0.8117178407095426,0.340160241,0.531076837,0.841374971,0.0,0.0
0.8075571746320814,0.31508808,0.520517381,0.808905843,0.0,0.0
0.8049090043189283,0.303618875,0.51771536,0.805324244,0.0,0.0
0.8043528712483977,0.176384848,0.561387348,0.793738465,0.0,0.0
0.80126780443722,0.096179964,0.558713501,0.802316182,0.0,0.0
0.7945056020339225,0.005080498,0.528457443,0.790454742,0.0,0.0
0.7633994073604679,0.0,0.508349583,0.784764859,0.0,0.0
0.7298409049422212,0.0,0.494497797,0.780978019,0.0,0.0
0.6609960653618147,0.0,0.520028267,0.795028309,0.0,0.0
0.6258227013438085,0.0,0.467776192,0.759095012,0.0,0.0
0.5986739032570031,0.0,0.450532464,0.704493684,0.0,0.0
0.5919018711596371,0.0,0.42887480850000004,0.664970536,0.0,0.0
0.5967057204123319,0.0,0.417268289,0.631260286,0.0,0.0
0.6218976283461506,0.0,0.391618438,0.602475248,0.0,0.0
0.6895026897820232,0.007259306,0.344876771,0.538203797,0.0,0.0
0.7589146808822674,0.109645035,0.304562248,0.486659071,0.0,0.0
0.8000451709748363,0.233800216,0.29389409,0.444955337,0.0,0.0
0.8200350578910318,0.326589858,0.329925694,0.424190793,0.0,0.0
0.8226875258572287,0.405796215,0.308971167,0.376393255,0.0,0.0
0.8227187979608113,0.463993478,0.321973415,0.359583567,0.0,0.0
0.8230013450516924,0.476394965,0.325004849,0.354248001,0.0,0.0
0.8180922950851575,0.4362050945,0.297653948,0.314811983,0.0,0.0
0.811745821012748,0.401395571,0.245804842,0.246145504,0.0,0.0
0.8079771549089502,0.303044792,0.192364728,0.191714492,0.0,0.0
0.8055732186144301,0.248331827,0.135192282,0.130576291,0.0,0.0
0.8037178260856607,0.204081484,0.0953964,0.082757939,0.0,0.0
0.8005190088872979,0.102824155,0.079576405,0.055593956,0.0,0.0
0.7947542252683658,0.006009775,0.068708413,0.041136156,0.0,0.0
0.7640016715663023,0.0,0.065782234,0.035535465,0.0,0.0
0.7293922129004989,0.0,0.069644832,0.041966961,0.0,0.0
0.6434133152750312,0.0,0.0715672525,0.0611590515,0.0,0.0
0.5952770974058084,0.0,0.084971614,0.06593123000000001,0.0,0.0
0.5944270558063166,0.0,0.0938649375,0.0609680965,0.0,0.0
0.6217082120343936,0.0,0.108942762,0.07007922,0.0,0.0
0.688734509086342,0.006182031,0.130111279,0.09762842,0.0,0.0
0.7589146808822674,0.090633896,0.139398179,0.123338057,0.0,0.0
0.799980797741949,0.159061509,0.131130431,0.137187908,0.0,0.0
0.8200032370054123,0.30546151,0.139778162,0.158925235,0.0,0.0
0.8230671813565164,0.488116215,0.164884641,0.192131926,0.0,0.0
0.8234502200703071,0.566487385,0.133540463,0.161296326,0.0,0.0
0.8234746343307578,0.657792445,0.136226912,0.158563151,0.0,0.0
0.8212713156255536,0.63076425,0.148770768,0.16325682,0.0,0.0
0.8163320449665247,0.569193444,0.179606524,0.204318585,0.0,0.0
0.8130847650524049,0.517000298,0.212267813,0.262953123,0.0,0.0
0.8088663094914518,0.428383319,0.23041309,0.291055384,0.0,0.0
0.8056725215564214,0.292231958,0.229927083,0.284196532,0.0,0.0
0.8040355772766643,0.164413991,0.267621317,0.289651027,0.0,0.0
0.8007615055916165,0.059011038,0.312052594,0.314680694,0.0,0.0
0.7945269988850147,0.004259664,0.347176933,0.375287496,0.0,0.0
0.7652790769541787,0.0,0.332736434,0.424043376,0.0,0.0
0.7325406013105142,0.0,0.275715402,0.420614471,0.0,0.0
0.6621235105583579,0.0,0.197442924,0.367558228,0.0,0.0
0.6266840126699729,0.0,0.139080514,0.318899756,0.0,0.0
0.5994493990150865,0.0,0.098483344,0.236794085,0.0,0.0
0.5923614902365406,0.0,0.08819230750000001,0.135551234,0.0,0.0
0.5969593269800835,0.0,0.116246,0.138363347,0.0,0.0
0.6220733288230029,0.0,0.151370202,0.204229717,0.0,0.0
0.6894224061806465,0.001297001,0.181195344,0.242863678,0.0,0.0
0.7589424327244786,0.014053525,0.20260768,0.26131019,0.0,0.0
0.799980797741949,0.063944074,0.228055405,0.283165097,0.0,0.0
0.8199089631781125,0.087993357,0.252899032,0.304197744,0.0,0.0
0.8225350967412922,0.141985733,0.267550251,0.318668093,0.0,0.0
0.8224338735080937,0.219527006,0.267586468,0.302290713,0.0,0.0
0.8211111599350076,0.275626594,0.27220199450000004,0.32852934050000004,0.0,0.0
0.814912908739617,0.374310372,0.26873384,0.341835091,0.0,0.0
0.8112664053521985,0.421537519,0.280756474,0.34663099,0.0,0.0
0.8075740910018782,0.360926187,0.306588314,0.371128907,0.0,0.0
0.8049090043189283,0.294589267,0.327534721,0.402024059,0.0,0.0
0.8036595792342572,0.210478864,0.325269957,0.420920961,0.0,0.0
0.8010777022965577,0.095186163,0.338043456,0.457544802,0.0,0.0
0.7944064819201829,0.00467735,0.345919547,0.489344713,0.0,0.0
0.7465393011002004,0.0,0.34327701099999997,0.508477211,0.0,0.0
0.6609960653618147,0.0,0.335293046,0.536033522,0.0,0.0
0.6122483023004057,0.0,0.33381392249999997,0.5600315785000001,0.0,0.0
0.5919018711596371,0.0,0.3567705135,0.572313201,0.0,0.0
0.5967807005079985,0.0,0.37400699,0.572820841,0.0,0.0
0.6217082120343936,0.0,0.366124083,0.591696161,0.0,0.0
0.6885409323170508,0.005005035,0.372039597,0.628273014,0.0,0.0
0.7594577381654153,0.13842059,0.358882726,0.630225595,0.0,0.0
0.8002807184218971,0.215769301,0.358568209,0.601385967,0.0,0.0
0.8198978990960627,0.34145279,0.339645566,0.545983106,0.0,0.0
0.8224998926411696,0.48395217,0.30776996,0.500670274,0.0,0.0
0.8226875258572287,0.488323463,0.267650235,0.498782872,0.0,0.0
0.8216556802900923,0.5645618265,0.263327203,0.4602848745,0.0,0.0
0.8150212642069659,0.502897572,0.254495443,0.432738421,0.0,0.0
0.8113746694054216,0.399907925,0.260254774,0.438211367,0.0,0.0
0.807547390645076,0.370900814,0.259629786,0.437577919,0.0,0.0
0.8047654447514566,0.29518895,0.245526275,0.435363264,0.0,0.0
0.8036912172916252,0.163001529,0.229463401,0.429497945,0.0,0.0
0.8010777022965577,0.064586113,0.216437321,0.40191401,0.0,0.0
0.7943165973086933,0.0,0.196530177,0.355211547,0.0,0.0
0.7636842403990596,0.0,0.174534532,0.311702634,0.0,0.0
0.7300162853953124,0.0,0.15117412,0.271428983,0.0,0.0
0.6425655368068788,0.0,0.12862001,0.272251346,0.0,0.0
0.604790087680999,0.0,0.137571388,0.253670351,0.0,0.0
0.572638560140818,0.0,0.147228288,0.238920876,0.0,0.0
0.5605404924673563,0.0,0.1449925895,0.260809048,0.0,0.0
0.5621644982295604,0.0,0.1434139065,0.2818663055,0.0,0.0
0.5724543559206453,0.004472142,0.131859578,0.292672407,0.0,0.0
0.6036886568637114,0.146497706,0.11096187,0.273247875,0.0,0.0
0.6428527929886902,0.198608615,0.11090906,0.249565785,0.0,0.0
0.6831996492363588,0.335134058,0.107925589,0.215697304,0.0,0.0
0.690950400726916,0.43722089,0.095440883,0.162896203,0.0,0.0
0.691937898180126,0.491322313,0.068950896,0.111212174,0.0,0.0
0.6900844029775515,0.5065943755,0.06567218999999999,0.0999222455,0.0,0.0
0.6839343175134892,0.489769185,0.077303252,0.113543514,0.0,0.0
0.6835444208079258,0.482795272,0.087596016,0.117884615,0.0,0.0
0.6829420194065822,0.378277849,0.091717521,0.115466132,0.0,0.0
0.683864229337005,0.32038339,0.089619424,0.108008397,0.0,0.0
0.6842227165948358,0.222997132,0.07809929,0.091297449,0.0,0.0
0.6845359415231608,0.111109809,0.066462264,0.070964146,0.0,0.0
0.6854917096535177,0.001185974,0.059944711,0.05608697,0.0,0.0
0.6747361293947373,0.0,0.0576043255,0.0412264065,0.0,0.0
0.6424402193369906,0.0,0.043202336,0.038097656,0.0,0.0
0.5882269301011022,0.0,0.0424677845,0.037817453,0.0,0.0
0.5603709185206287,0.0,0.0534104365,0.049799159999999995,0.0,0.0
0.5618642576744921,0.0,0.064601614,0.058588736,0.0,0.0
0.5724619910068085,0.003794026,0.075822558,0.06389551,0.0,0.0
0.6039014359505102,0.116604762,0.081141906,0.064463118,0.0,0.0
0.6418761310078948,0.199153495,0.074032482,0.055911255,0.0,0.0
0.6817913486305064,0.31125712,0.073214751,0.05586158,0.0,0.0
0.6902168297165779,0.47389147,0.0743973,0.056042899,0.0,0.0
0.691178312790532,0.681882731,0.078475617,0.058119687,0.0,0.0
0.6906523547054325,0.713988745,0.084771408,0.061043437,0.0,0.0
0.688172706704957,0.699176528,0.088183312,0.062785803,0.0,0.0
0.6836171149558818,0.541576464,0.09231884,0.069252515,0.0,0.0
0.6831545241023622,0.44188292,0.095148832,0.075944677,0.0,0.0
0.6819446006222167,0.362006148,0.096854974,0.089984925,0.0,0.0
0.6822756105774956,0.245828028,0.105105162,0.109425324,0.0,0.0
0.6830714971853639,0.167449335,0.122897643,0.137755003,0.0,0.0
0.6838773051243876,0.072429348,0.152532304,0.163843445,0.0,0.0
0.6835590967141135,0.002049352,0.175585361,0.185934891,0.0,0.0
0.6739667829831499,0.0,0.19648211799999998,0.212095306,0.0,0.0
0.6639351038295583,0.0,0.236114925,0.26855621,0.0,0.0
0.6154605837590258,0.0,0.224238942,0.2679598205,0.0,0.0
0.5954630160496039,0.0,0.21518115300000001,0.2617014985,0.0,0.0
0.6014694277900178,0.0,0.224930106,0.280213839,0.0,0.0
0.6286802673806163,0.0,0.238931684,0.313828246,0.0,0.0
0.6988124793127976,0.002785529,0.263719434,0.348693997,0.0,0.0
0.768227259361406,0.119711059,0.27589174,0.377596325,0.0,0.0
0.8086172291863789,0.179647448,0.349017,0.393945069,0.0,0.0
0.8251958856225576,0.261015505,0.350232347,0.376748324,0.0,0.0
0.8267704685234013,0.273960964,0.331818098,0.346644981,0.0,0.0
0.8264362581818712,0.377605882,0.328852581,0.329552199,0.0,0.0
0.8261900124579051,0.41597871,0.316972383,0.296296897,0.0,0.0
0.82363062963809,0.437071189,0.285789419,0.262038958,0.0,0.0
0.8179752071905325,0.427748794,0.266438523,0.24136778,0.0,0.0
0.8153082917791422,0.419383569,0.241261679,0.241133838,0.0,0.0
0.8124381985883479,0.359035284,0.2205107,0.239967504,0.0,0.0
0.8109049463177517,0.250713879,0.217728972,0.239882711,0.0,0.0
0.810303276378056,0.187149582,0.223994544,0.249065406,0.0,0.0
0.8081788697650584,0.072985167,0.226602782,0.254625854,0.0,0.0
0.8023553820754526,0.001631113,0.219205049,0.2484519,0.0,0.0
0.773489401740256,0.0,0.200089816,0.237713053,0.0,0.0
0.73894431630734,0.0,0.176511681,0.217302226,0.0,0.0
0.6641919565649447,0.0,0.183514718,0.2172741,0.0,0.0
0.6288280330383648,0.0,0.174156298,0.179040361,0.0,0.0
0.6018328985297976,0.0,0.150698416,0.144220345,0.0,0.0
0.5950738508800089,0.0,0.119856537,0.11275566000000001,0.0,0.0
0.6148970440633263,0.0,0.100858632,0.087160534,0.0,0.0
0.6985272804690614,0.002443738,0.107492396,0.089723425,0.0,0.0
0.7679586110823221,0.124031398,0.110986834,0.098488316,0.0,0.0
0.8086013188178894,0.189807158,0.105654666,0.093250427,0.0,0.0
0.8254914170866954,0.307441347,0.100522654,0.088976521,0.0,0.0
0.8268993976687868,0.432630206,0.096666005,0.07809799,0.0,0.0
0.8267704685234013,0.535538024,0.107362302,0.069490162,0.0,0.0
0.8264347038444494,0.675312255,0.093609931,0.059199592,0.0,0.0
0.8238261265499475,0.690553006,0.084657608,0.053347127,0.0,0.0
0.8179752071905325,0.68368372,0.079048515,0.051891849,0.0,0.0
0.8155551776992712,0.598223136,0.074313831,0.051905751,0.0,0.0
0.8124381985883479,0.506673161,0.06931178,0.054173662,0.0,0.0
0.8109049463177517,0.384561198,0.067897739,0.059461229,0.0,0.0
0.8099535214731808,0.23687152,0.07219865,0.06697938,0.0,0.0
0.8082957289757278,0.090072246,0.083244036,0.076426808,0.0,0.0
0.8027872494587857,0.0,0.090048813,0.08409335,0.0,0.0
0.7557226302615516,0.0,0.071806907,0.067556632,0.0,0.0
0.6636748678796692,0.0,0.061068439,0.056291585,0.0,0.0
0.6151842316473832,0.0,0.048202918,0.030452606,0.0,0.0
0.5951113410021626,0.0,0.03230922,0.016560046000000002,0.0,0.0
0.6148791905129382,0.0,0.030849618,0.015036188,0.0,0.0
0.6985890019490937,0.002080799,0.036308018,0.017895931,0.0,0.0
0.7685154756145006,0.105375594,0.034498049,0.020435214,0.0,0.0
0.8085367627567503,0.178089738,0.028093864,0.020392581,0.0,0.0
0.8252443484869555,0.31906908,0.022704907,0.018780489,0.0,0.0
0.8264362581818712,0.502569022,0.020085109,0.016274641,0.0,0.0
0.8263967565773458,0.685972973,0.017540707,0.016965948,0.0,0.0
0.8259826284395833,0.7109448575,0.0230855875,0.017211485,0.0,0.0
0.8192876338502799,0.586738761,0.020971096,0.020590249,0.0,0.0
0.8165181236965212,0.46527344,0.017829625,0.026545768,0.0,0.0
0.8128757351338947,0.377172472,0.016136788,0.034880672,0.0,0.0
0.8110929451903144,0.307143524,0.018413443,0.044979984,0.0,0.0
0.8093692251225523,0.193191505,0.030160093,0.056350466,0.0,0.0
0.8079937053249616,0.068070388,0.052599793,0.073942663,0.0,0.0
0.8022172174278169,0.0,0.077061324,0.084818463,0.0,0.0
0.7562111897872641,0.0,0.09759274600000001,0.08937848000000001,0.0,0.0
0.6641919565649447,0.0,0.105433558,0.098719271,0.0,0.0
0.6153304657840812,0.0,0.1186379375,0.1116438505,0.0,0.0
0.5950738508800089,0.0,0.12040951,0.117890891,0.0,0.0
0.6149638403651131,0.0,0.121400856,0.1122841715,0.0,0.0
0.6986421737557812,0.001608273,0.14619553,0.131889843,0.0,0.0
0.7679907062103194,0.107872491,0.169932983,0.173639946,0.0,0.0
0.8086074451993733,0.277492645,0.186589976,0.217331753,0.0,0.0
0.8252443484869555,0.37388115,0.210319611,0.253927735,0.0,0.0
0.8268437113047535,0.497989129,0.255264193,0.287690895,0.0,0.0
0.8263613695003305,0.632260056,0.287472955,0.28342102,0.0,0.0
0.8249399474000324,0.700611417,0.3252540005,0.311177754,0.0,0.0
0.8182220929620206,0.614144001,0.356013184,0.327967901,0.0,0.0
0.8155551776992712,0.457247117,0.370317504,0.347366616,0.0,0.0
0.8125682251491666,0.387746028,0.371489244,0.365275888,0.0,0.0
0.8106251423938515,0.269677673,0.371104876,0.413403055,0.0,0.0
0.8106577861552451,0.137561618,0.413862673,0.490768606,0.0,0.0
0.8081788697650584,0.031731512,0.474239543,0.564229759,0.0,0.0
0.8022172174278169,0.002097242,0.529574139,0.62472645,0.0,0.0
0.7731561059859073,0.0,0.576566731,0.682350277,0.0,0.0
0.7395531184811862,0.0,0.620322477,0.733917523,0.0,0.0
0.6473135623513899,0.0,0.555274482,0.7133865815,0.0,0.0
0.5998674589264277,0.0,0.6206457249999999,0.75066188,0.0,0.0
0.5997503939224944,0.0,0.5871531864999999,0.738271162,0.0,0.0
0.6293703132271222,0.0,0.540137665,0.717872877,0.0,0.0
0.6990076105681514,0.0,0.521950307,0.688292418,0.0,0.0
0.768096044119669,0.025416199,0.501810219,0.662539419,0.0,0.0
0.8085585252643461,0.04512796,0.479845653,0.649518451,0.0,0.0
0.8254011666700616,0.073003825,0.443348318,0.62535332,0.0,0.0
0.8269857163861625,0.1140068,0.406471471,0.594322291,0.0,0.0
0.8269857163861625,0.160308998,0.295301758,0.495931669,0.0,0.0
0.8267763205138668,0.148753399,0.286036946,0.480134061,0.0,0.0
0.8243999074519228,0.225069801,0.287758308,0.44130894,0.0,0.0
0.8191389537539909,0.246074643,0.248546341,0.429435408,0.0,0.0
0.8164243986512583,0.257793545,0.231687601,0.433326301,0.0,0.0
0.8141476541878093,0.25076559,0.21483032,0.470537697,0.0,0.0
0.8127583271411882,0.186116964,0.308102222,0.533942374,0.0,0.0
0.8124863870617273,0.113748067,0.386088919,0.562419883,0.0,0.0
0.8092556575636191,0.026621943,0.401958735,0.574105312,0.0,0.0
0.7872937018105568,0.0,0.40271322249999997,0.5944427445,0.0,0.0
0.7314560868630235,0.0,0.400356926,0.55703276,0.0,0.0
0.6423279320217424,0.0,0.406199496,0.633953803,0.0,0.0
0.6045802347380739,0.0,0.407517881,0.640568143,0.0,0.0
0.572362368041056,0.0,0.422100592,0.600049695,0.0,0.0
0.5601371771342778,0.0,0.4010737985,0.617160032,0.0,0.0
0.5616159773545015,0.0,0.4890997025,0.7074041995,0.0,0.0
0.5723204889260533,0.00103549,0.542582985,0.780962803,0.0,0.0
0.603728615836148,0.09881296,0.537521454,0.789699729,0.0,0.0
0.6448568657623897,0.151172738,0.538262656,0.793987535,0.0,0.0
0.6880524641311438,0.220052969,0.539959666,0.807015032,0.0,0.0
0.6953686050713871,0.212254086,0.561913538,0.830818641,0.0,0.0
0.6944722266919683,0.299319062,0.622657966,0.830172736,0.0,0.0
0.6929489412366293,0.319588193,0.644527221,0.836731682,0.0,0.0
0.6892806753416153,0.387052916,0.674822197,0.839931706,0.0,0.0
0.6846994805025302,0.476202122,0.700896128,0.855032805,0.0,0.0
0.6839025422606121,0.379303426,0.720749321,0.871866058,0.0,0.0
0.6838395864669191,0.364978922,0.73287306,0.876849242,0.0,0.0
0.6846995720652969,0.301749722,0.688550019,0.865855311,0.0,0.0
0.687072053130701,0.203401839,0.605119334,0.827092234,0.0,0.0
0.6873507597878087,0.030438607,0.54165501,0.773435568,0.0,0.0
0.6843687907196532,0.0,0.506768005,0.7353156915,0.0,0.0
0.6670885671356486,0.0,0.48229784,0.708898572,0.0,0.0
0.6425655368068788,0.0,0.5076245,0.718386391,0.0,0.0
0.6047979971581806,0.0,0.571073185,0.763740258,0.0,0.0
0.5668514195251904,0.0,0.607440258,0.7757577265,0.0,0.0
0.5602398632907722,0.0,0.599193934,0.7432177955,0.0,0.0
0.5680957926787984,0.0,0.5938038075000001,0.710145025,0.0,0.0
0.6034589617043978,0.025390209,0.540637755,0.688930932,0.0,0.0
0.6423478658008978,0.067879769,0.47683451,0.672451002,0.0,0.0
0.6831996492363588,0.12528435,0.448542099,0.676786545,0.0,0.0
0.6908402163824859,0.244129074,0.436245407,0.686793773,0.0,0.0
0.6916283764900649,0.364694119,0.332463371,0.671682143,0.0,0.0
0.6913005670696781,0.443535295,0.299557675,0.60224856,0.0,0.0
0.6858839381624957,0.5483394895,0.2847585575,0.515268061,0.0,0.0
0.6829291722288348,0.503035726,0.330877377,0.495818627,0.0,0.0
0.6820684093874256,0.321727342,0.337419143,0.504407165,0.0,0.0
0.6831067012854865,0.17913691,0.314996541,0.507985818,0.0,0.0
0.6841959249725486,0.098129068,0.326941392,0.533672583,0.0,0.0
0.6844314722709685,0.019532988,0.354220264,0.555460412,0.0,0.0
0.6847015836219891,0.002325721,0.384369589,0.584046256,0.0,0.0
0.6737878135966122,0.0,0.4348147235,0.6222165075,0.0,0.0
0.6468619899471776,0.0,0.57071406,0.7407211844999999,0.0,0.0
0.6027773739684699,0.0,0.566261442,0.776304637,0.0,0.0
0.5961085082118807,0.0,0.557212571,0.791692074,0.0,0.0
0.6021768012955665,0.0,0.504543966,0.779626183,0.0,0.0
0.6290390748108491,0.0,0.446058084,0.785047559,0.0,0.0
0.6989682916432369,0.0,0.438822556,0.797230067,0.0,0.0
0.7682356716906006,0.042578788,0.409628073,0.776029725,0.0,0.0
0.8086519760672313,0.157300886,0.386693046,0.743590509,0.0,0.0
0.8254011666700616,0.302189646,0.39247689,0.71020024,0.0,0.0
0.8271129082172334,0.453116913,0.419969349,0.66881625,0.0,0.0
0.8267704685234013,0.578400654,0.389466674,0.537582364,0.0,0.0
0.8263037628450901,0.621477096,0.418873518,0.505377548,0.0,0.0
0.8235891161795907,0.595534572,0.499072551,0.538596973,0.0,0.0
0.8184769339920739,0.490604669,0.499816934,0.582017766,0.0,0.0
0.8163232668321857,0.363071374,0.513239381,0.579790538,0.0,0.0
0.8141743543959705,0.19786759,0.517947879,0.610220441,0.0,0.0
0.8123920218203015,0.107350362,0.434758068,0.620855883,0.0,0.0
0.811633442283374,0.052970194,0.404384733,0.624614068,0.0,0.0
0.8091596464220048,0.010419729,0.359983071,0.600827559,0.0,0.0
0.7875884560316632,0.000560727,0.3357077275,0.587717865,0.0,0.0
0.7375197395278538,0.0,0.338836743,0.575373952,0.0,0.0
0.6636669584024875,0.0,0.386822399,0.640342659,0.0,0.0
0.6151842316473832,0.0,0.3615510045,0.6319333155,0.0,0.0
0.5948944929462758,0.0,0.323529502,0.605573489,0.0,0.0
0.5983089922616578,0.0,0.3325867675,0.6042747015,0.0,0.0
0.6285467661911688,0.0,0.363788152,0.634375846,0.0,0.0
0.6987318756876598,0.0,0.436258211,0.712883846,0.0,0.0
0.7684866722868804,0.006432713,0.525851052,0.788104347,0.0,0.0
0.8099280099459377,0.01300692,0.646424144,0.83710537,0.0,0.0
0.827643346932269,0.020239734,0.735189994,0.869597881,0.0,0.0
0.8288415661342021,0.031287912,0.804482443,0.894240521,0.0,0.0
0.8274054222720125,0.03664332,0.837542979,0.917413178,0.0,0.0
0.8269988835876709,0.03996107,0.860623928,0.931374053,0.0,0.0
0.8220028292234958,0.0381436575,0.878431084,0.9362138575000001,0.0,0.0
0.8169207305329637,0.112882092,0.85962753,0.936660254,0.0,0.0
0.8143707658950096,0.197066376,0.861546112,0.935745906,0.0,0.0
0.812582764008486,0.118152999,0.853852387,0.934628984,0.0,0.0
0.8122181958532729,0.097149696,0.832535835,0.932882612,0.0,0.0
0.8093515772911075,0.016878679,0.795854118,0.929736515,0.0,0.0
0.8028490623529438,0.0,0.749045307,0.920405199,0.0,0.0
0.7724157227651798,0.0,0.694669341,0.905077524,0.0,0.0
0.7373428503700833,0.0,0.655592611,0.885867359,0.0,0.0
0.6636669584024875,0.0,0.645349356,0.868468642,0.0,0.0
0.6285598876112938,0.0,0.652428811,0.871846441,0.0,0.0
0.5983515343148743,0.0,0.6120038969999999,0.8503060570000001,0.0,0.0
0.5982968079478037,0.0,0.6150388529999999,0.8346924505,0.0,0.0
0.6285872736483606,0.0,0.617997644,0.817047233,0.0,0.0
0.6986421737557812,0.0,0.660679152,0.844695196,0.0,0.0
0.7684258652453888,0.014812339,0.680232635,0.869876339,0.0,0.0
0.8102861773286484,0.026896865,0.703869031,0.875599348,0.0,0.0
0.8280056289911307,0.054527422,0.722584235,0.883085262,0.0,0.0
0.8298955855725006,0.118667844,0.705526997,0.891054152,0.0,0.0
0.8299004318589405,0.197077934,0.708013573,0.890922029,0.0,0.0
0.8285695344919746,0.319132858,0.719240159,0.882090139,0.0,0.0
0.8253360619755263,0.417455388,0.753619632,0.870817307,0.0,0.0
0.8206450485971555,0.431513903,0.735018855,0.855213995,0.0,0.0
0.8181515933476494,0.423392072,0.721005016,0.857927216,0.0,0.0
0.815870917184942,0.351995709,0.717324616,0.867366799,0.0,0.0
0.814149848721394,0.258135113,0.647037523,0.855894262,0.0,0.0
0.8145322473876627,0.133956937,0.596676438,0.838101964,0.0,0.0
0.8122907071729771,0.014806015,0.548267043,0.808992685,0.0,0.0
0.8031380100676864,0.0,0.528118595,0.787023019,0.0,0.0
0.7671642788118758,0.0,0.505844219,0.762171021,0.0,0.0
0.7277472219480509,0.0,0.468721332,0.74109621,0.0,0.0
0.6634350685609481,0.0,0.399956434,0.694703462,0.0,0.0
0.6278474392096701,0.0,0.367889923,0.686246249,0.0,0.0
0.601217604317964,0.0,0.337237091,0.663072017,0.0,0.0
0.5939142419577135,0.0,0.298851491,0.6244537084999999,0.0,0.0
0.5999216366601022,0.0,0.261292416,0.576914198,0.0,0.0
0.6275200870085536,0.0,0.248675586,0.536961324,0.0,0.0
0.6992452609860303,0.0,0.249443605,0.512593345,0.0,0.0
0.7691598476936138,0.097189805,0.245084253,0.509055834,0.0,0.0
0.8152884495627536,0.219309993,0.243556527,0.515733903,0.0,0.0
0.8280025201676462,0.297292503,0.256333172,0.532798342,0.0,0.0
0.827674344793474,0.407747716,0.341466769,0.545594471,0.0,0.0
0.8275870203720728,0.467733167,0.28330029,0.494817455,0.0,0.0
0.8259384633025495,0.55744422,0.34261399000000003,0.5213619334999999,0.0,0.0
0.8195835311195621,0.501333041,0.370950451,0.552159427,0.0,0.0
0.8170683133624603,0.450828684,0.370839635,0.565452602,0.0,0.0
0.8150598515215914,0.328019475,0.357847875,0.564079939,0.0,0.0
0.813687532258893,0.249888322,0.3366083,0.559201993,0.0,0.0
0.8138969279825479,0.137568302,0.342262459,0.576387824,0.0,0.0
0.8122907071729771,0.013232844,0.345275571,0.603238453,0.0,0.0
0.7851511444397811,0.0,0.3651416795,0.6435286955,0.0,0.0
0.7281880045125912,0.0,0.393621075,0.678064756,0.0,0.0
0.6634447611338277,0.0,0.417797693,0.694527785,0.0,0.0
0.628089753085737,0.0,0.441325786,0.706070757,0.0,0.0
0.6013657357808568,0.0,0.436074863,0.715720258,0.0,0.0
0.5945186549900697,0.0,0.425562126,0.7179581024999999,0.0,0.0
0.6143123133097986,0.0,0.4251912725,0.7274955665,0.0,0.0
0.699127670165072,0.0,0.413695321,0.711719252,0.0,0.0
0.7683313171757112,0.060862846,0.393703881,0.70637443,0.0,0.0
0.8108255770062748,0.143080346,0.366883197,0.691607811,0.0,0.0
0.826753277911227,0.222027884,0.363517876,0.673327154,0.0,0.0
0.8273354712910377,0.356778842,0.410698485,0.671830998,0.0,0.0
0.8270447861133396,0.333403191,0.416426327,0.687620038,0.0,0.0
0.8267421222664105,0.298295187,0.408245495,0.668910622,0.0,0.0
0.8246296941740031,0.298516365,0.426365913,0.660558728,0.0,0.0
0.8199520309740335,0.249223445,0.485596083,0.7068768,0.0,0.0
0.8178554218359895,0.144508579,0.523346622,0.720633816,0.0,0.0
0.8154299974248923,0.113935051,0.55488737,0.764165871,0.0,0.0
0.814096722547449,0.066392354,0.591852281,0.776956372,0.0,0.0
0.8135273307126433,0.036965381,0.585177414,0.767940304,0.0,0.0
0.8102297593543262,0.006332309,0.578212617,0.760731237,0.0,0.0
0.8028210819010975,0.0,0.580944218,0.765359827,0.0,0.0
0.7715188873151317,0.0,0.563630699,0.77051937,0.0,0.0
0.736245991596858,0.0,0.549089045,0.77915458,0.0,0.0
0.6425655368068788,0.0,0.530230367,0.767347025,0.0,0.0
0.604790087680999,0.0,0.4619852,0.731301399,0.0,0.0
0.572638560140818,0.0,0.415972347,0.706369694,0.0,0.0
0.5605404924673563,0.0,0.38003655999999997,0.6746999895,0.0,0.0
0.5617524275041939,0.0,0.38626493250000005,0.7034367045,0.0,0.0
0.5720633619482893,0.0,0.360856206,0.688430674,0.0,0.0
0.6042094031545084,0.056924748,0.351114576,0.686693017,0.0,0.0
0.6440768437416275,0.195046281,0.368371464,0.684385129,0.0,0.0
0.6876810839141821,0.354306546,0.373011956,0.694316232,0.0,0.0
0.6953643989811102,0.46656524,0.418707788,0.713410458,0.0,0.0
0.6963110688047263,0.605301981,0.370476999,0.64729871,0.0,0.0
0.6940358789759807,0.624170292,0.35970689,0.620537253,0.0,0.0
0.6913728954124897,0.651400358,0.326297029,0.597021121,0.0,0.0
0.6872337177488875,0.550630629,0.324202971,0.579332078,0.0,0.0
0.687739376398328,0.412548887,0.340550129,0.585311407,0.0,0.0
0.6895261896039333,0.277324595,0.34073341,0.604056321,0.0,0.0
0.6911818789819275,0.135884311,0.324251421,0.620070116,0.0,0.0
0.6951268399773572,0.084720847,0.297219779,0.608480592,0.0,0.0
0.6981172671560907,0.007885714,0.266737627,0.574750188,0.0,0.0
0.6874942965389089,0.0,0.2523274515,0.5374110599999999,0.0,0.0
0.6622785914271494,0.0,0.24700621,0.510495861,0.0,0.0
0.6425193600388324,0.0,0.224081783,0.449377706,0.0,0.0
0.6049695370288578,0.0,0.226930961,0.446203538,0.0,0.0
0.573402991668211,0.0,0.211215133,0.419195202,0.0,0.0
0.562162806622309,0.0,0.18425376049999997,0.345551325,0.0,0.0
0.5640936365403357,0.0,0.178055281,0.2822548735,0.0,0.0
0.5809902498121413,0.0,0.222678678,0.287330153,0.0,0.0
0.603918763609553,0.069801106,0.257080176,0.336900563,0.0,0.0
0.6461780247750926,0.143726221,0.283035101,0.398588345,0.0,0.0
0.6884842401003509,0.157898278,0.329470763,0.49083534,0.0,0.0
0.6960960953329838,0.206444122,0.367236266,0.57611461,0.0,0.0
0.6949450587517636,0.223630385,0.492229653,0.644513512,0.0,0.0
0.6934521311101075,0.308096814,0.558543402,0.711052691,0.0,0.0
0.6892904136958783,0.294583089,0.666141445,0.755466444,0.0,0.0
0.6846237231638322,0.314774122,0.724121906,0.803307769,0.0,0.0
0.6839390722371622,0.240365209,0.753078567,0.810336231,0.0,0.0
0.6836705611535879,0.150692009,0.765049538,0.825475004,0.0,0.0
0.6845081898295903,0.089527156,0.760992787,0.828288295,0.0,0.0
0.684765499635606,0.057773846,0.757562409,0.827825266,0.0,0.0
0.685645190403504,0.007291267,0.760115896,0.828177528,0.0,0.0
0.683009410048828,0.0,0.780998098,0.8483887525,0.0,0.0
0.6652984164226032,0.0,0.7736995259999999,0.8875168250000001,0.0,0.0
0.6292839488770041,0.0,0.748151924,0.897868127,0.0,0.0
0.5990483009576437,0.0,0.7267255045000001,0.8856498605,0.0,0.0
0.5959062218316846,0.0,0.612124718,0.822366176,0.0,0.0
0.6016061751471,0.0,0.481012939,0.734981484,0.0,0.0
0.6287191290862606,0.0,0.408863225,0.638776811,0.0,0.0
0.6988124793127976,0.0,0.365514271,0.598590147,0.0,0.0
0.7680050620927462,0.046293654,0.315426816,0.560210866,0.0,0.0
0.8085367627567503,0.103424593,0.284282091,0.528007702,0.0,0.0
0.8254725805743325,0.169290687,0.25594639,0.49443789,0.0,0.0
0.8267925968361415,0.260136958,0.253346171,0.439997469,0.0,0.0
0.8268716001938331,0.382117877,0.214714501,0.325670039,0.0,0.0
0.8261600204493666,0.494334026,0.213667013,0.285068102,0.0,0.0
0.8236484602977865,0.52064837,0.224753648,0.255121257,0.0,0.0
0.8184295685431092,0.460363775,0.245333509,0.2426157,0.0,0.0
0.8155197906222559,0.33025977,0.253219538,0.224874731,0.0,0.0
0.8129338904225312,0.26539821,0.25639605,0.223168458,0.0,0.0
0.8115707149506753,0.182482011,0.230201558,0.218529847,0.0,0.0
0.8105303199331555,0.091326846,0.221977865,0.281080978,0.0,0.0
0.8081148623373154,0.004012189,0.243960897,0.367235687,0.0,0.0
0.8023455980884472,0.0,0.269245629,0.431514111,0.0,0.0
0.7730380579456789,0.0,0.288744237,0.486185429,0.0,0.0
0.7388903214762378,0.0,0.310156687,0.522875633,0.0,0.0
0.6640621128323776,0.0,0.365698436,0.578352993,0.0,0.0
0.6288280330383648,0.0,0.367082564,0.565865592,0.0,0.0
0.6020931344796868,0.0,0.390490068,0.591823534,0.0,0.0
0.5952806177415002,0.0,0.419073067,0.6426907820000001,0.0,0.0
0.6013404070818655,0.0,0.434726674,0.673611068,0.0,0.0
0.6285872736483606,0.0,0.434442089,0.667890584,0.0,0.0
0.6986967172202796,0.0,0.456232448,0.678159633,0.0,0.0
0.7682340257904119,0.069898397,0.498997159,0.719942644,0.0,0.0
0.8086920264537937,0.300389506,0.503883297,0.760518156,0.0,0.0
0.82514650846826,0.494391954,0.519740444,0.786184035,0.0,0.0
0.8266514146305064,0.653191831,0.462755043,0.801045382,0.0,0.0
0.8277773967551129,0.764475198,0.466506518,0.799004239,0.0,0.0
0.8294695704769147,0.828799295,0.544936723,0.842626127,0.0,0.0
0.829077845042911,0.837151569,0.606495642,0.869139188,0.0,0.0
0.8242656748008272,0.79291889,0.671850473,0.891189058,0.0,0.0
0.8212768019595155,0.697818634,0.728322831,0.903032773,0.0,0.0
0.817911565567934,0.560229226,0.791979167,0.909345136,0.0,0.0
0.815348799384975,0.371082192,0.803198181,0.9107745,0.0,0.0
0.8102335083739737,0.138242998,0.798843305,0.907352676,0.0,0.0
0.8073050767690091,0.00216877,0.77395714,0.907408862,0.0,0.0
0.787464693122158,0.0,0.7401897465,0.8924696285,0.0,0.0
0.7394514380287174,0.0,0.681171615,0.868594856,0.0,0.0
0.6650335627215889,0.0,0.642828031,0.844957345,0.0,0.0
0.6160818673797953,0.0,0.59261613,0.81313478,0.0,0.0
0.5957277096644172,0.0,0.5477998755,0.7817996895,0.0,0.0
0.6015501686106648,0.0,0.55859934,0.7668643,0.0,0.0
0.6287191290862606,0.0,0.562557162,0.77152239,0.0,0.0
0.6988038840067103,0.0,0.531386999,0.773365207,0.0,0.0
0.768227259361406,0.050500752,0.504148669,0.74897225,0.0,0.0
0.8085811106477157,0.219689978,0.557114113,0.737284831,0.0,0.0
0.8251958856225576,0.295431601,0.669236527,0.76326513,0.0,0.0
0.8270709376881048,0.458578456,0.722896978,0.79142205,0.0,0.0
0.8264802405649736,0.510450644,0.663258902,0.776828395,0.0,0.0
0.8260351145660063,0.497823843,0.652812712,0.790658148,0.0,0.0
0.8236950028709773,0.576743554,0.635210606,0.769358234,0.0,0.0
0.8187918506019708,0.519830814,0.689114434,0.781699903,0.0,0.0
0.8161638883103506,0.437842048,0.726153085,0.784903359,0.0,0.0
0.812902983975452,0.381126011,0.748287715,0.796498521,0.0,0.0
0.810579697087453,0.269990515,0.770166489,0.816448834,0.0,0.0
0.8093692251225523,0.100261368,0.769436673,0.829914016,0.0,0.0
0.8074757023497865,0.003393651,0.778262326,0.849010601,0.0,0.0
0.8019696001946809,0.0,0.79251454,0.864882303,0.0,0.0
0.772795744069612,0.0,0.809908734,0.880667921,0.0,0.0
0.7405104867303484,0.0,0.822429633,0.889219289,0.0,0.0
0.6748225850846609,0.0,0.843287702,0.900004411,0.0,0.0
0.6359568151535674,0.0,0.84399812,0.90238227,0.0,0.0
0.6052832649578364,0.0,0.822582982,0.907124924,0.0,0.0
0.5974530528903171,0.0,0.753525117,0.894993781,0.0,0.0
0.5967509827418377,0.0,0.632181751,0.868135152,0.0,0.0
0.6024444438706247,0.0,0.586012164,0.816443821,0.0,0.0
0.6290390748108491,0.0,0.599380252,0.804578759,0.0,0.0
0.6989767041210723,0.0,0.614125579,0.817766672,0.0,0.0
0.7682356716906006,0.02764799,0.622568114,0.828548411,0.0,0.0
0.8086172291863789,0.114926188,0.619429462,0.835578727,0.0,0.0
0.8254011666700616,0.132393756,0.618946368,0.855890668,0.0,0.0
0.8270636224770618,0.143533157,0.599697293,0.848240716,0.0,0.0
0.8270636224770618,0.122781006,0.545237952,0.829208216,0.0,0.0
0.8266309322179549,0.133202462,0.516753013,0.801636259,0.0,0.0
0.8247860551378389,0.149241578,0.479569754,0.766498388,0.0,0.0
0.8196678379829639,0.080434866,0.435679336,0.734080876,0.0,0.0
0.8170683133624603,0.088045505,0.417305608,0.702675644,0.0,0.0
0.8144345903458599,0.062196025,0.380697305,0.617223599,0.0,0.0
0.8126414679305188,0.060832694,0.367204061,0.520837932,0.0,0.0
0.811633442283374,0.06023173,0.333792605,0.442728153,0.0,0.0
0.8090746079483141,0.00456223,0.284748361,0.359911412,0.0,0.0
0.8027022109850951,0.0,0.285377072,0.321612468,0.0,0.0
0.773478063267188,0.0,0.36940433,0.38506902,0.0,0.0
0.7393865619438174,0.0,0.507062135,0.504659244,0.0,0.0
0.6647706751674854,0.0,0.673362468,0.720381657,0.0,0.0
0.6296145930271386,0.0,0.739555106,0.793750834,0.0,0.0
0.5996214875191598,0.0,0.7741547895,0.876000207,0.0,0.0
0.5996071315624126,0.0,0.815122951,0.9192629405,0.0,0.0
0.6296929107045658,0.0,0.859657969,0.931425825,0.0,0.0
0.6993632632448753,0.0,0.881245645,0.93503069,0.0,0.0
0.7685394328043219,0.01251078,0.90518549,0.93689925,0.0,0.0
0.8092303290132686,0.049108065,0.920115178,0.936622345,0.0,0.0
0.8247900785485047,0.106622065,0.929044695,0.906204074,0.0,0.0
0.8263831320079261,0.15532956,0.932206513,0.908255853,0.0,0.0
0.8264362581818712,0.158158585,0.923799611,0.931060666,0.0,0.0
0.8265351040532332,0.133342582,0.920454512,0.934605622,0.0,0.0
0.8245042396572466,0.212175468,0.923360502,0.91888778,0.0,0.0
0.820827561284397,0.35794314,0.928621755,0.859224868,0.0,0.0
0.820131251860898,0.342441831,0.930106928,0.821863071,0.0,0.0
0.8197152035805693,0.333266429,0.92340554,0.792601051,0.0,0.0
0.8190630592197837,0.245152904,0.917218994,0.726025327,0.0,0.0
0.8205121874552298,0.117474774,0.924901537,0.757842242,0.0,0.0
0.816588806287785,0.003561246,0.923421254,0.837000861,0.0,0.0
0.802183567813757,0.0,0.914472663,0.848641935,0.0,0.0
0.7625038062240805,0.0,0.903675586,0.872090409,0.0,0.0
0.7258070651879684,0.0,0.894910952,0.883054521,0.0,0.0
0.6422511231976354,0.0,0.890495809,0.837623243,0.0,0.0
0.6040424351792526,0.0,0.893699526,0.8859014,0.0,0.0
0.5721104531548763,0.0,0.885040404,0.897087152,0.0,0.0
0.560043634768626,0.0,0.884962928,0.8974299674999999,0.0,0.0
0.5616445292561153,0.0,0.8539107969999999,0.9268875305,0.0,0.0
0.5717061547855028,0.0,0.824072092,0.929629555,0.0,0.0
0.603672837909348,0.031752965,0.813245408,0.928147792,0.0,0.0
0.6464759793824503,0.223211658,0.811905026,0.928846335,0.0,0.0
0.6922861900130644,0.379549486,0.84591925,0.934327342,0.0,0.0
0.7000532176772555,0.489857748,0.867807171,0.936199423,0.0,0.0
0.7001644077257111,0.588222333,0.897933151,0.936898316,0.0,0.0
0.6998228365403953,0.594049767,0.900549609,0.935924647,0.0,0.0
0.696583329056589,0.591827756,0.907971355,0.936459011,0.0,0.0
0.6944185518846271,0.506987807,0.902164171,0.93624871,0.0,0.0
0.6958038556692231,0.404641807,0.892518793,0.93597047,0.0,0.0
0.6995495705845071,0.245599846,0.883413342,0.935627421,0.0,0.0
0.7033183282510715,0.121759608,0.874804751,0.934907476,0.0,0.0
0.7004155453688595,0.004352874,0.850948555,0.933955633,0.0,0.0
0.6877707400646774,0.0,0.8011690444999999,0.932001725,0.0,0.0
0.6634959671652065,0.0,0.764791472,0.928748568,0.0,0.0
0.6421233825845274,0.0,0.740435024,0.927343504,0.0,0.0
0.5881475152312031,0.0,0.7198591735,0.9208450985000001,0.0,0.0
0.5599711463396134,0.0,0.7007489250000001,0.9127597985,0.0,0.0
0.5617070965026131,0.0,0.673037759,0.9006594720000001,0.0,0.0
0.5736164108025317,0.0,0.63710662,0.884659626,0.0,0.0
0.6033669738248085,0.030892531,0.608574476,0.872845451,0.0,0.0
0.6488944545362897,0.207060989,0.576452175,0.861623372,0.0,0.0
0.6941134194103765,0.352036685,0.572866595,0.851494495,0.0,0.0
0.7021354707842318,0.457612197,0.596293708,0.831836697,0.0,0.0
0.7012623179843455,0.574816387,0.506773628,0.768013571,0.0,0.0
0.6997397183579119,0.613185044,0.451509553,0.735637873,0.0,0.0
0.6976965554175741,0.611405074,0.419455824,0.683435116,0.0,0.0
0.6948685699514177,0.454620182,0.490793574,0.710083588,0.0,0.0
0.696158548274664,0.402157033,0.530370003,0.727262608,0.0,0.0
0.7004102876445327,0.296027894,0.561681969,0.737270694,0.0,0.0
0.7044713306076006,0.190177905,0.566075504,0.774577053,0.0,0.0
0.7073208043389749,0.099383321,0.598779031,0.797203304,0.0,0.0
0.7046168560990217,0.004614967,0.664395678,0.825080171,0.0,0.0
0.6882135800416138,0.0,0.761407028,0.871676605,0.0,0.0
0.6597785525768892,0.0,0.812457023,0.898482447,0.0,0.0
0.6627674254182008,0.0,0.8181757,0.916576454,0.0,0.0
0.6144258350873484,0.0,0.8370124815,0.922804107,0.0,0.0
0.5947266563138628,0.0,0.8218149975,0.910021143,0.0,0.0
0.6155849868646939,0.0,0.8036503875000001,0.8812899999999999,0.0,0.0
0.7027692358519246,0.0,0.795589341,0.862320405,0.0,0.0
0.7748325520188307,0.026140764,0.810122134,0.849954902,0.0,0.0
0.8220659222870185,0.23025412,0.805352319,0.837561988,0.0,0.0
0.8371777112421804,0.383829971,0.809497378,0.829272244,0.0,0.0
0.8373967995387148,0.547939574,0.813867371,0.817305172,0.0,0.0
0.8365069133459244,0.636161021,0.781590594,0.815797601,0.0,0.0
0.8353913552558455,0.722786527,0.786241869,0.803100538,0.0,0.0
0.8337059481116905,0.742299272,0.782211229,0.781890976,0.0,0.0
0.830387254144659,0.706041083,0.799457032,0.808955042,0.0,0.0
0.8296521745782823,0.57744383,0.824413491,0.855375005,0.0,0.0
0.8283787923037901,0.470129616,0.839693085,0.881894185,0.0,0.0
0.8288695464374077,0.321207051,0.819282662,0.891694132,0.0,0.0
0.829980807023084,0.160236279,0.802113701,0.887764739,0.0,0.0
0.8224634998601287,0.0,0.789260353,0.871242474,0.0,0.0
0.8019992263980751,0.0,0.771172721,0.848142774,0.0,0.0
0.7612227432306825,0.0,0.730480706,0.810897403,0.0,0.0
0.7223889310834363,0.0,0.673687083,0.767799451,0.0,0.0
0.664322988829789,0.0,0.668035085,0.792138498,0.0,0.0
0.6320828109917793,0.0,0.606162424,0.73007293,0.0,0.0
0.6094063494246974,0.0,0.522093616,0.662175137,0.0,0.0
0.6043362977781896,0.0,0.46734524749999995,0.5988496365,0.0,0.0
0.612503120365447,0.0,0.462460493,0.605970533,0.0,0.0
0.6510957159034186,0.0,0.425842212,0.587538925,0.0,0.0
0.7202036716475636,0.0,0.351466095,0.540050171,0.0,0.0
0.7841438960356676,0.022788577,0.295002984,0.482983228,0.0,0.0
0.8272933177850164,0.183531571,0.247854288,0.443147797,0.0,0.0
0.8381084706973072,0.353571303,0.206983469,0.441312593,0.0,0.0
0.8360528262357255,0.582412983,0.240187241,0.4653586,0.0,0.0
0.8353079626823434,0.629341816,0.243403066,0.372832887,0.0,0.0
0.8320600427207017,0.583014733,0.278960143,0.406866129,0.0,0.0
0.8283467885899186,0.535119985,0.30017861,0.431333635,0.0,0.0
0.8243228242367973,0.473839014,0.36056708,0.504886053,0.0,0.0
0.8224250953737547,0.36478667,0.442672707,0.617221425,0.0,0.0
0.8212826540986217,0.23305224,0.456795372,0.695352674,0.0,0.0
0.8244552281594525,0.159811587,0.477533223,0.735297649,0.0,0.0
0.8247017482744371,0.052708136,0.486860991,0.754502872,0.0,0.0
0.8183450787028148,0.0,0.524233217,0.776538286,0.0,0.0
0.80121339801959,0.0,0.56730494,0.808001008,0.0,0.0
0.7608146958416614,0.0,0.630963103,0.838205933,0.0,0.0
0.7213422724889234,0.0,0.703857585,0.86524912,0.0,0.0
0.6627895993636835,0.0,0.783356046,0.895439184,0.0,0.0
0.6278130581339623,0.0,0.830765633,0.908178694,0.0,0.0
0.601165849653189,0.0,0.872771828,0.920372947,0.0,0.0
0.5947090771544932,0.0,0.903145043,0.927078988,0.0,0.0
0.6008797365195532,0.0,0.922063812,0.933887362,0.0,0.0
0.6281358842210409,0.0,0.926982755,0.935159533,0.0,0.0
0.6988421970789583,0.0,0.93145742,0.925111129,0.0,0.0
0.7685703392514011,0.001991122,0.934377475,0.923863657,0.0,0.0
0.8115460264478468,0.041047034,0.935730448,0.909732432,0.0,0.0
0.8288251069836757,0.063481485,0.935059074,0.91128429,0.0,0.0
0.8300948316526464,0.08157972,0.935430897,0.910633153,0.0,0.0
0.8293351548489266,0.099989232,0.935338722,0.924276078,0.0,0.0
0.8282420907280912,0.125626306,0.934662715,0.932771243,0.0,0.0
0.8236640048611314,0.0925853145,0.932510594,0.9369086305000001,0.0,0.0
0.8190484289463384,0.083043269,0.92266742,0.937481686,0.0,0.0
0.8167308113691939,0.076815052,0.909246846,0.937382285,0.0,0.0
0.814612713965932,0.059236589,0.899876609,0.937265583,0.0,0.0
0.8135273307126433,0.027315065,0.874246667,0.93639909,0.0,0.0
0.8093695907790558,0.0,0.832064476,0.933513721,0.0,0.0
0.7875532062244774,0.0,0.7763944595000001,0.9248207035,0.0,0.0
0.7382219467232016,0.0,0.74211911,0.91424849,0.0,0.0
0.6639351038295583,0.0,0.700320003,0.905631493,0.0,0.0
0.6287012984265641,0.0,0.679541294,0.901631395,0.0,0.0
0.6018328985297976,0.0,0.645829583,0.884501278,0.0,0.0
0.5950738508800089,0.0,0.595976964,0.8751089295,0.0,0.0
0.6013404070818655,0.0,0.583476758,0.876822861,0.0,0.0
0.6284178368971425,0.0,0.572578234,0.881822501,0.0,0.0
0.6985272804690614,0.0,0.608827743,0.874999193,0.0,0.0
0.7684518339919022,0.005639995,0.652116252,0.877504508,0.0,0.0
0.8094761175179642,0.044106512,0.731900643,0.886992151,0.0,0.0
0.8260901608825176,0.089443751,0.816165173,0.909520998,0.0,0.0
0.8274013988613467,0.146415976,0.881232868,0.920679795,0.0,0.0
0.8270636224770618,0.208198675,0.888262825,0.921184732,0.0,0.0
0.8264890186993126,0.316652825,0.899274459,0.930311196,0.0,0.0
0.8217904616489046,0.466362238,0.9106013235,0.936332502,0.0,0.0
0.8166657065260178,0.40755653,0.905652094,0.937029987,0.0,0.0
0.8141476541878093,0.34298693,0.898996809,0.936818861,0.0,0.0
0.812551217365244,0.181954761,0.902645441,0.936660144,0.0,0.0
0.811633442283374,0.044048095,0.895993082,0.936647888,0.0,0.0
0.8091075261007262,0.002636958,0.884277669,0.93627357,0.0,0.0
0.8027872494587857,0.0,0.873066326,0.936066484,0.0,0.0
0.7540862574315619,0.0,0.8588331245,0.9352460825,0.0,0.0
0.6457498608529849,0.0,0.8190462334999999,0.9300618435000001,0.0,0.0
0.5978292565773473,0.0,0.8365422805,0.9295995705,0.0,0.0
0.5974092991911701,0.0,0.832434193,0.930721333,0.0,0.0
0.6273162690329867,0.0,0.825106621,0.932956074,0.0,0.0
0.6992452609860303,0.0,0.813025165,0.931371797,0.0,0.0
0.7714738992280035,0.011352732,0.789984587,0.921878646,0.0,0.0
0.820911045272025,0.222700902,0.752692821,0.901550086,0.0,0.0
0.8354760279243917,0.444669006,0.746405969,0.8747446,0.0,0.0
0.8355043740327416,0.624530782,0.735104201,0.83897882,0.0,0.0
0.8350597966671703,0.703825826,0.676079528,0.766632499,0.0,0.0
0.8320600427207017,0.762303045,0.684775048,0.774930698,0.0,0.0
0.828576575311999,0.736241403,0.689547332,0.770133462,0.0,0.0
0.826308517717404,0.667412607,0.696216574,0.783046278,0.0,0.0
0.8242324824060375,0.562846062,0.69593222,0.78849714,0.0,0.0
0.8261366120415824,0.445578332,0.732985385,0.820465157,0.0,0.0
0.8252392278094972,0.296137482,0.725158887,0.853553168,0.0,0.0
0.8281159047496867,0.102737936,0.686942041,0.857500034,0.0,0.0
0.8220823812889041,0.0,0.622898548,0.820735784,0.0,0.0
0.802349621499113,0.0,0.563204485,0.761000898,0.0,0.0
0.7614486893703487,0.0,0.487769399,0.681636227,0.0,0.0
0.7226176663201077,0.0,0.445357031,0.624496249,0.0,0.0
0.6437472510769019,0.0,0.413397744,0.662397661,0.0,0.0
0.6098907027858126,0.0,0.369742786,0.651411345,0.0,0.0
0.5828378700592383,0.0,0.302665315,0.589957665,0.0,0.0
0.5722985435158854,0.0,0.2728579905,0.51705183,0.0,0.0
0.5731011281036458,0.0,0.2604875235,0.4982378115,0.0,0.0
0.5849488810097331,0.0,0.277053326,0.535643273,0.0,0.0
0.6179229953659435,0.008286164,0.311300418,0.581619393,0.0,0.0
0.6552519469836859,0.108708132,0.324457118,0.611802224,0.0,0.0
0.6964380778075455,0.154609622,0.339753197,0.638748424,0.0,0.0
0.7046936650717694,0.29860976,0.44517047,0.678000573,0.0,0.0
0.7039345369014458,0.376187055,0.583587329,0.699101558,0.0,0.0
0.7008608085633362,0.392079402,0.611242378,0.728030918,0.0,0.0
0.6982995054523139,0.369342883,0.706399223,0.77655377,0.0,0.0
0.6948422811811432,0.263683256,0.737800584,0.834748595,0.0,0.0
0.6947386805861082,0.20613604,0.770673105,0.857637993,0.0,0.0
0.6970506290010391,0.122509565,0.767874915,0.872639863,0.0,0.0
0.7012293085664484,0.088471065,0.741537415,0.874826967,0.0,0.0
0.7030576350819121,0.035931035,0.734101205,0.881681826,0.0,0.0
0.7004155453688595,0.00114043,0.749808253,0.886554662,0.0,0.0
0.688496904375526,0.0,0.7790815485,0.8971824935,0.0,0.0
0.6651507878860435,0.0,0.792723127,0.906400076,0.0,0.0
0.6422511231976354,0.0,0.774231232,0.905839923,0.0,0.0
0.6043895839640152,0.0,0.773208654,0.910384872,0.0,0.0
0.5665874575206657,0.0,0.7645958644999999,0.9094140715,0.0,0.0
0.5599546416306649,0.0,0.739743328,0.8957970230000001,0.0,0.0
0.5680982386383896,0.0,0.720954355,0.886968544,0.0,0.0
0.6040781421313881,0.003514892,0.697400227,0.875246716,0.0,0.0
0.6465821403162145,0.078411295,0.68215925,0.873186231,0.0,0.0
0.6922861900130644,0.182137745,0.659588197,0.866800621,0.0,0.0
0.6989553072699802,0.263969603,0.725008005,0.866220332,0.0,0.0
0.698952747079892,0.340429019,0.655046104,0.837621498,0.0,0.0
0.6973710775776404,0.313278706,0.638202381,0.817028076,0.0,0.0
0.6953996030812328,0.382738072,0.576892822,0.770595809,0.0,0.0
0.6916440126161768,0.350809427,0.534326175,0.723245118,0.0,0.0
0.6925963517506474,0.299877242,0.477013611,0.67273943,0.0,0.0
0.6941661797791772,0.199982127,0.391732533,0.613534554,0.0,0.0
0.6974917315893405,0.117552048,0.328583907,0.560934904,0.0,0.0
0.7027736249190942,0.030695498,0.284003378,0.510732516,0.0,0.0
0.7006517328634424,0.00118445,0.270474336,0.490874872,0.0,0.0
0.6877169966595815,0.0,0.2592132895,0.4863441755,0.0,0.0
0.6614690346171191,0.0,0.257783585,0.478990439,0.0,0.0
0.6729165353065496,0.0,0.278177559,0.502754622,0.0,0.0
0.6375324951725626,0.0,0.265988362,0.48345307,0.0,0.0
0.6130208947309868,0.0,0.260814417,0.478641789,0.0,0.0
0.6091458847908526,0.0,0.2425603285,0.46454535799999996,0.0,0.0
0.6206563871296799,0.0,0.223493724,0.430857374,0.0,0.0
0.6645991351481676,0.0,0.20992962,0.41501725,0.0,0.0
0.7514449221451693,0.0,0.209733792,0.434401759,0.0,0.0
0.8210985870739582,0.004817823,0.226882838,0.456234643,0.0,0.0
0.8601567450934247,0.168352205,0.244329516,0.470867058,0.0,0.0
0.8657888505473239,0.330874731,0.253502781,0.475400485,0.0,0.0
0.8612483461423233,0.472576514,0.290268797,0.472131505,0.0,0.0
0.859623654625534,0.490406389,0.321830433,0.490046589,0.0,0.0
0.8580852816774794,0.558716156,0.357980224,0.486686928,0.0,0.0
0.8549511121030225,0.575623975,0.406465489,0.508410139,0.0,0.0
0.8509303481361524,0.528471373,0.448558439,0.528868027,0.0,0.0
0.8512439845023644,0.448282926,0.501839641,0.552826271,0.0,0.0
0.8512924472181214,0.347678794,0.53180943,0.567267191,0.0,0.0
0.8547108099322887,0.239471837,0.551388159,0.55998002,0.0,0.0
0.8584471980798375,0.043041499,0.571790358,0.571536303,0.0,0.0
0.8525385805024152,0.0,0.544013437,0.567213107,0.0,0.0
0.8237977804415976,0.0,0.532300245,0.560540645,0.0,0.0
0.7753591503000931,0.0,0.541013602,0.565099172,0.0,0.0
0.7347825531117276,0.0,0.486545374,0.553218546,0.0,0.0
0.674766624329609,0.0,0.518075758,0.576816747,0.0,0.0
0.6418568374249024,0.0,0.551967881,0.660118451,0.0,0.0
0.6148532675478082,0.0,0.513013156,0.753120018,0.0,0.0
0.6155188306104291,0.0,0.49610113599999994,0.818246292,0.0,0.0
0.6568144598011727,0.0,0.463342365,0.798819966,0.0,0.0
0.7458553816351784,0.0,0.479581725,0.811761007,0.0,0.0
0.8166812512380036,0.001401185,0.539273122,0.816632139,0.0,0.0
0.8601326052239925,0.010478313,0.662606888,0.867660004,0.0,0.0
0.8717085322067957,0.024254564,0.79281116,0.917586254,0.0,0.0
0.8698171125534888,0.031430457,0.845968265,0.933836236,0.0,0.0
0.8688189623074754,0.076514113,0.864153062,0.937160401,0.0,0.0
0.8665732158538721,0.182944618,0.90220163,0.937128207,0.0,0.0
0.86098335532012,0.357905694,0.910080483,0.936849195,0.0,0.0
0.854435395075558,0.327554817,0.916353468,0.936796316,0.0,0.0
0.8518355960640361,0.361135678,0.914133965,0.93619466,0.0,0.0
0.8522353681707309,0.253794662,0.916762915,0.934701043,0.0,0.0
0.8557100572964537,0.195055647,0.916324566,0.932852478,0.0,0.0
0.8571491273025167,0.028634102,0.912109841,0.921082169,0.0,0.0
0.8467669388917104,0.0,0.908614779,0.922032138,0.0,0.0
0.7994415809668948,0.0,0.9061476535,0.9254425895,0.0,0.0
0.7342138013244439,0.0,0.900515798,0.930509989,0.0,0.0
0.672919964302436,0.0,0.894877816,0.932337263,0.0,0.0
0.6244695383942727,0.0,0.884797881,0.936158545,0.0,0.0
0.605965972776928,0.0,0.859172034,0.9335936535,0.0,0.0
0.613972776794828,0.0,0.842710078,0.934970331,0.0,0.0
0.6512467733615441,0.0,0.82726802,0.934193859,0.0,0.0
0.740746445615296,0.0,0.806821277,0.931840659,0.0,0.0
0.8147955923096772,0.004115414,0.788353476,0.926999964,0.0,0.0
0.8540420237413656,0.228466918,0.76530746,0.917604841,0.0,0.0
0.8652696587425895,0.404216238,0.736991069,0.902718218,0.0,0.0
0.8633578482394979,0.494629157,0.750817896,0.877495166,0.0,0.0
0.8591889526610941,0.610843272,0.722137855,0.846486004,0.0,0.0
0.8566411825567247,0.668483693,0.736125127,0.830440214,0.0,0.0
0.852529985196328,0.652363093,0.754795594,0.81714463,0.0,0.0
0.8490679146387176,0.602538046,0.771422931,0.82213454,0.0,0.0
0.8477266846513499,0.500675764,0.78005009,0.844584005,0.0,0.0
0.848803929669181,0.345114981,0.797950276,0.891243206,0.0,0.0
0.8513038771053153,0.231400701,0.782741125,0.909020864,0.0,0.0
0.855674761782205,0.022479791,0.742592051,0.908114172,0.0,0.0
0.8473413598412076,0.0,0.701550001,0.898501153,0.0,0.0
0.8238963519219411,0.0,0.645039158,0.882552302,0.0,0.0
0.7751278092405909,0.0,0.585791324,0.863237449,0.0,0.0
0.733474012518496,0.0,0.516315223,0.826204177,0.0,0.0
0.6739905799381294,0.0,0.446935149,0.745290176,0.0,0.0
0.6381156944050398,0.0,0.364228982,0.638588102,0.0,0.0
0.6158401478441877,0.0,0.299946038,0.545818224,0.0,0.0
0.6116440034985466,0.0,0.240476775,0.437673204,0.0,0.0
0.6207641939636327,0.0,0.181307154,0.348524093,0.0,0.0
0.6630529899184404,0.0,0.151778531,0.289029166,0.0,0.0
0.7496720533841038,0.0,0.146768064,0.239380707,0.0,0.0
0.8185604179797018,0.002268566,0.167264783,0.237508427,0.0,0.0
0.8546422304604837,0.019935472,0.206886444,0.280068606,0.0,0.0
0.865246433163057,0.060481798,0.264503918,0.335374248,0.0,0.0
0.8607234851753753,0.138995409,0.332575013,0.432625152,0.0,0.0
0.8549021007538694,0.313956838,0.331765977,0.439024549,0.0,0.0
0.847860551645942,0.353634539,0.420006004,0.577198321,0.0,0.0
0.8442810730956251,0.376765382,0.496379928,0.666780988,0.0,0.0
0.8382566935743259,0.32957357,0.564750516,0.709883074,0.0,0.0
0.8350704950927164,0.256212885,0.613674218,0.755249762,0.0,0.0
0.8335195949906754,0.222287294,0.591407197,0.783436093,0.0,0.0
0.8341094692380328,0.168732117,0.581447214,0.798279086,0.0,0.0
0.8352835484218928,0.0176707,0.595311659,0.810667401,0.0,0.0
0.8306332256262473,0.0,0.617642793,0.834243496,0.0,0.0
0.817780350326197,0.0,0.646104092,0.852520103,0.0,0.0
0.7807233389365565,0.0,0.652694558,0.862766391,0.0,0.0
0.7422612729600572,0.0,0.684304844,0.871759149,0.0,0.0
0.6730072429424538,0.0,0.670524456,0.865326818,0.0,0.0
0.6253751064202377,0.0,0.7239425145,0.8926746335,0.0,0.0
0.6064346443048685,0.0,0.7281250065,0.8990869185,0.0,0.0
0.6142964257576806,0.0,0.66139593,0.878497778,0.0,0.0
0.6512303143596585,0.0,0.618177837,0.844840052,0.0,0.0
0.7367579138232917,0.0,0.575301517,0.798674887,0.0,0.0
0.8004426571338205,0.0,0.519917515,0.742760479,0.0,0.0
0.8336549250572043,0.028494639,0.453910847,0.680946071,0.0,0.0
0.8459310933114057,0.074360978,0.460767783,0.634928957,0.0,0.0
0.8461367400154131,0.113960195,0.47619544,0.608404453,0.0,0.0
0.8441585445741011,0.160937772,0.464428616,0.576377452,0.0,0.0
0.8424512835082246,0.186561758,0.43969898,0.572767686,0.0,0.0
0.8375385302291052,0.24492464,0.419620288,0.541379574,0.0,0.0
0.8325482365155901,0.255642126,0.383372545,0.520692183,0.0,0.0
0.8298717199454462,0.218874944,0.351779893,0.479450617,0.0,0.0
0.8276081428321465,0.200548127,0.341655518,0.464250746,0.0,0.0
0.8290319425172422,0.125672313,0.325331623,0.457918625,0.0,0.0
0.8319013956605145,0.014854332,0.315097934,0.445331621,0.0,0.0
0.8297064894331457,0.0,0.310011409,0.434376571,0.0,0.0
0.7991349853463869,0.0,0.3111742485,0.45253255950000004,0.0,0.0
0.7419308116381743,0.0,0.300392221,0.470226063,0.0,0.0
0.6520904370049048,0.0,0.27211354,0.438503948,0.0,0.0
0.6145113535966806,0.0,0.23141542,0.396026945,0.0,0.0
0.5795091635698866,0.0,0.184279927,0.33495505049999996,0.0,0.0
0.5735018831723154,0.0,0.128759526,0.262570744,0.0,0.0
0.5766537005782171,0.0,0.09260384599999999,0.183023859,0.0,0.0
0.5906492457630353,0.0,0.073591917,0.151666309,0.0,0.0
0.6298354186379875,0.00162771,0.068989709,0.145187308,0.0,0.0
0.676899854858329,0.039130439,0.063017709,0.148359797,0.0,0.0
0.713168020460126,0.079124527,0.053178236,0.145272414,0.0,0.0
0.7182415239188914,0.132036065,0.060592819,0.158457607,0.0,0.0
0.7171125698690278,0.138999782,0.094757599,0.22595667,0.0,0.0
0.7144709831566288,0.156990582,0.109865077,0.255485798,0.0,0.0
0.7131351480890972,0.140921826,0.113732188,0.242778997,0.0,0.0
0.7127223001950198,0.138062678,0.118487776,0.224818997,0.0,0.0
0.7147223495580531,0.086589098,0.133544606,0.236958717,0.0,0.0
0.7203841269967298,0.072526515,0.158698261,0.252884662,0.0,0.0
0.7241820994288015,0.036173864,0.190181895,0.258189956,0.0,0.0
0.7277258250969588,0.003863551,0.230165573,0.273503272,0.0,0.0
0.7242128228989879,0.0,0.268959871,0.2928509,0.0,0.0
0.7081473231515445,0.0,0.319580624,0.336427542,0.0,0.0
0.6797669764211481,0.0,0.365521694,0.403329313,0.0,0.0
0.6537056189257071,0.0,0.393022673,0.458615508,0.0,0.0
0.6154316432358963,0.0,0.390670887,0.491618511,0.0,0.0
0.5872284142729056,0.0,0.387289059,0.518289479,0.0,0.0
0.5787472694162106,0.0,0.4382309055,0.5744808955,0.0,0.0
0.5854050482000585,0.0,0.441610115,0.60123057,0.0,0.0
0.6062014972589767,0.0,0.414616239,0.550558084,0.0,0.0
0.6461914207348771,0.001688935,0.380104211,0.500587756,0.0,0.0
0.6960960039188578,0.208008193,0.337902693,0.457102735,0.0,0.0
0.7262719419891986,0.40359626,0.262004557,0.404503946,0.0,0.0
0.7264470480512712,0.572429442,0.20521386,0.342298201,0.0,0.0
0.7255086991427239,0.639169668,0.168806512,0.284293059,0.0,0.0
0.7221428225549795,0.659767509,0.157433939,0.23968364,0.0,0.0
0.7181215099547132,0.490214257,0.147312566,0.20479221,0.0,0.0
0.7144748235904022,0.379778146,0.11349317,0.166171189,0.0,0.0
0.7153685502169659,0.417649854,0.092254979,0.110173145,0.0,0.0
0.7212505590003526,0.349879124,0.061050582,0.076510171,0.0,0.0
0.7287394284921913,0.213757937,0.054341442,0.063598822,0.0,0.0
0.7351098138987181,0.011339931,0.099894481,0.114264077,0.0,0.0
0.7428107310157076,0.0,0.16579083,0.21714872,0.0,0.0
0.7291462414189106,0.0,0.212609463,0.339111451,0.0,0.0
0.7078184164643653,0.0,0.268501099,0.44849998,0.0,0.0
0.6786671458713067,0.0,0.331793987,0.529172341,0.0,0.0
0.6742894489840277,0.0,0.402137013,0.552061796,0.0,0.0
0.6382431606271293,0.0,0.482075815,0.630098622,0.0,0.0
0.6128876679325578,0.0,0.553835724,0.705974695,0.0,0.0
0.6064969373089886,0.0,0.617992743,0.743070388,0.0,0.0
0.6063883990133879,0.0,0.692358999,0.79611853,0.0,0.0
0.613972776794828,0.0,0.745564066,0.840084939,0.0,0.0
0.6512702275507117,0.0,0.767293043,0.856861811,0.0,0.0
0.7393014778373842,0.0,0.782952761,0.874034182,0.0,0.0
0.8092434048006512,0.0,0.797409201,0.890359227,0.0,0.0
0.8524488787191775,0.023253611,0.808615922,0.898970881,0.0,0.0
0.8630257411660675,0.075357157,0.806262506,0.898942565,0.0,0.0
0.8599642655909258,0.126721579,0.79689333,0.894653552,0.0,0.0
0.8560404272042105,0.142376374,0.799906462,0.888082394,0.0,0.0
0.8518091700982523,0.18706105,0.816572743,0.894941765,0.0,0.0
0.8472771695852132,0.174494625,0.812674747,0.890353421,0.0,0.0
0.8432542110847583,0.119895586,0.787061834,0.881753344,0.0,0.0
0.8412732724764654,0.084185282,0.745669058,0.871624768,0.0,0.0
0.8424062040069706,0.041897352,0.714614685,0.861937714,0.0,0.0
0.8425577186843665,0.019301062,0.698732682,0.855525838,0.0,0.0
0.8432950843470944,0.002538954,0.691219575,0.853866909,0.0,0.0
0.8273375285547926,0.0,0.678210416,0.8485762109999999,0.0,0.0
0.7784258378181782,0.0,0.661091973,0.841987779,0.0,0.0
0.7397384656008938,0.0,0.643120684,0.836869637,0.0,0.0
0.65557804198045,0.0,0.6284105965,0.841052141,0.0,0.0
0.6095159392800276,0.0,0.6090619845,0.8344449885,0.0,0.0
0.6104988191307532,0.0,0.6000714875,0.8224979715,0.0,0.0
0.6515167932984387,0.0,0.600872167,0.81635406,0.0,0.0
0.7374053947258894,0.0,0.634413268,0.820446571,0.0,0.0
0.803473409090135,0.0,0.670438644,0.838263551,0.0,0.0
0.8418833547453557,0.068288402,0.671371134,0.844161224,0.0,0.0
0.850849332924487,0.189016789,0.696907744,0.850996401,0.0,0.0
0.8479276680458102,0.308811098,0.786181851,0.862713951,0.0,0.0
0.8464233105169602,0.263551329,0.78838048,0.854834263,0.0,0.0
0.8445561221472113,0.283248047,0.782078246,0.863229738,0.0,0.0
0.838387451671113,0.27871653949999997,0.7783091855,0.861831287,0.0,0.0
0.8333824361957063,0.234701068,0.735541994,0.849250257,0.0,0.0
0.8328905847952963,0.187589173,0.699322073,0.827228928,0.0,0.0
0.8332807558918783,0.108326279,0.660339601,0.822111317,0.0,0.0
0.8349981667499049,0.007229948,0.664197168,0.830573851,0.0,0.0
0.8307915982954159,0.0,0.671454276,0.83272958,0.0,0.0
0.8174654337163001,0.0,0.662451494,0.820132761,0.0,0.0
0.7784258378181782,0.0,0.634523249,0.797770337,0.0,0.0
0.7394684914453825,0.0,0.60287482,0.776173897,0.0,0.0
0.673324719742439,0.0,0.588179419,0.77291458,0.0,0.0
0.6380882625865897,0.0,0.519812453,0.726305871,0.0,0.0
0.6093871700722022,0.0,0.405424678,0.6205939895,0.0,0.0
0.606296868353069,0.0,0.305811432,0.482753299,0.0,0.0
0.6135682954485618,0.0,0.27451895,0.422321994,0.0,0.0
0.650885588569475,0.0,0.248636066,0.383188143,0.0,0.0
0.7393014778373842,0.0,0.220464131,0.351112798,0.0,0.0
0.8107249025551132,0.0,0.204840896,0.317154719,0.0,0.0
0.851734007174334,0.206085257,0.19909439,0.308443868,0.0,0.0
0.8573739763240315,0.405132048,0.161822791,0.299866395,0.0,0.0
0.8494588171969475,0.577203904,0.100006072,0.269514517,0.0,0.0
0.8450466020384512,0.683647136,0.055080403,0.156393732,0.0,0.0
0.8391320409077969,0.747301082,0.042377593,0.123734914,0.0,0.0
0.8354034251905615,0.757344091,0.040213674,0.102045811,0.0,0.0
0.8299677310870606,0.719004996,0.049184965,0.10501826,0.0,0.0
0.8278753281879343,0.614920304,0.077931421,0.13157996,0.0,0.0
0.8278435988650814,0.453194546,0.121409672,0.175985878,0.0,0.0
0.8341094692380328,0.253664562,0.195281262,0.245389457,0.0,0.0
0.8407737402085088,0.004524841,0.312316871,0.340910887,0.0,0.0
0.8376962628507518,0.0,0.412614742,0.460341041,0.0,0.0
0.8206355390011685,0.0,0.48523547,0.565499648,0.0,0.0
0.7768665253869427,0.0,0.543937836,0.638876663,0.0,0.0
0.7388019455694277,0.0,0.598184283,0.708729111,0.0,0.0
0.6729186384260085,0.0,0.682964487,0.810052294,0.0,0.0
0.6253413653920519,0.0,0.717734542,0.8416622874999999,0.0,0.0
0.6065203457167728,0.0,0.713963195,0.844313444,0.0,0.0
0.6144466603400323,0.0,0.730503237,0.87091255,0.0,0.0
0.6514200049137931,0.0,0.749889472,0.890886671,0.0,0.0
0.7373371812078697,0.0,0.7713837,0.901570255,0.0,0.0
0.8015879329900603,0.0,0.78990647,0.911133574,0.0,0.0
0.8348385138370512,0.201182729,0.79273477,0.916887098,0.0,0.0
0.8449173070879215,0.403526433,0.792338302,0.91522455,0.0,0.0
0.8422216797630369,0.580710276,0.717662199,0.909491573,0.0,0.0
0.8381531843934167,0.704767844,0.68614455,0.890059677,0.0,0.0
0.8368766018813141,0.772131007,0.67097915,0.878601695,0.0,0.0
0.8341007825178196,0.782229304,0.627530853,0.869749888,0.0,0.0
0.8289682093318771,0.734092239,0.573959061,0.85590148,0.0,0.0
0.8262080260944942,0.624095635,0.543059923,0.843339901,0.0,0.0
0.824425967612562,0.45982104,0.558650028,0.842996979,0.0,0.0
0.8252006404948715,0.258715615,0.567527046,0.844741424,0.0,0.0
0.8303921918452246,0.003519435,0.604770536,0.849695663,0.0,0.0
0.8223308672535179,0.0,0.6031365195,0.830832837,0.0,0.0
0.7813746602729273,0.0,0.564892998,0.815359765,0.0,0.0
0.7433158410317519,0.0,0.548150237,0.80065668,0.0,0.0
0.6730072429424538,0.0,0.602088415,0.827527512,0.0,0.0
0.6382026530212966,0.0,0.562175205,0.801268632,0.0,0.0
0.6125475598191789,0.0,0.514840434,0.767766315,0.0,0.0
0.6065203228260811,0.0,0.45934473600000003,0.7464918115000001,0.0,0.0
0.614433401724398,0.0,0.458636405,0.761440526,0.0,0.0
0.6515167932984387,0.0,0.494895404,0.790681501,0.0,0.0
0.7374053947258894,0.0,0.528878366,0.799613951,0.0,0.0
0.8027488449724117,0.0,0.548405255,0.820307393,0.0,0.0
0.8365968895201806,0.175756341,0.535380714,0.823071329,0.0,0.0
0.8445781590458256,0.366774041,0.543870709,0.813213907,0.0,0.0
0.8393477459898283,0.541594088,0.48840566,0.794500968,0.0,0.0
0.8370493305815503,0.652725879,0.395884956,0.71146372,0.0,0.0
0.8354292109601823,0.707019503,0.400840416,0.689706707,0.0,0.0
0.8321855886515841,0.697720435,0.382689281,0.647612555,0.0,0.0
0.8262463390181014,0.597862441,0.37227005,0.633397976,0.0,0.0
0.8228786337019166,0.49031313,0.341654918,0.612379992,0.0,0.0
0.8225657287973528,0.357072825,0.372084079,0.610128712,0.0,0.0
0.823154871583062,0.168466318,0.400415848,0.623126974,0.0,0.0
0.8287365938813562,0.004884288,0.472081922,0.645654923,0.0,0.0
0.8215183385925511,0.0,0.613745729,0.7283571805,0.0,0.0
0.7807604631792454,0.0,0.695741675,0.798570959,0.0,0.0
0.7443874168873693,0.0,0.707402516,0.822083434,0.0,0.0
0.6519071928560151,0.0,0.779386026,0.853294314,0.0,0.0
0.6140913276870693,0.0,0.768820171,0.854008958,0.0,0.0
0.5790507103575302,0.0,0.7249264255,0.8452248655,0.0,0.0
0.5730888294849741,0.0,0.6674130555,0.8406224365,0.0,0.0
0.5840287055266941,0.0,0.637372933,0.8253678785,0.0,0.0
0.6239129938115348,0.0,0.65000366,0.798991255,0.0,0.0
0.6623452506077474,0.092643192,0.6783572,0.811965429,0.0,0.0
0.6922821667510394,0.203212819,0.673816398,0.834264226,0.0,0.0
0.6982090720587874,0.38204494,0.633686157,0.83474069,0.0,0.0
0.6978576256209812,0.545887285,0.561216004,0.80192535,0.0,0.0
0.6974123624265044,0.630473158,0.545885504,0.799519059,0.0,0.0
0.6944860340896397,0.614022921,0.542734618,0.808029331,0.0,0.0
0.689762651340894,0.615506513,0.537896152,0.813080694,0.0,0.0
0.6880229293418756,0.520205539,0.580921168,0.836615866,0.0,0.0
0.6882380857905108,0.370253323,0.59464306,0.859703515,0.0,0.0
0.689831962274347,0.206535201,0.620461514,0.875884533,0.0,0.0
0.6926740751619358,0.004583591,0.666768535,0.885091604,0.0,0.0
0.6925181712687295,0.0,0.711919765,0.898985925,0.0,0.0
0.6908875361987081,0.0,0.7404465575,0.9104773589999999,0.0,0.0
0.6748510683885199,0.0,0.740431628,0.9147966,0.0,0.0
0.6519564785961869,0.0,0.759028342,0.918013787,0.0,0.0
0.6141720685077163,0.0,0.735135185,0.913355508,0.0,0.0
0.5840792942526016,0.0,0.713070562,0.908518027,0.0,0.0
0.5732996197571314,0.0,0.6975739585,0.8934645210000001,0.0,0.0
0.5732565061055066,0.0,0.684201264,0.879059047,0.0,0.0
0.5843312092131017,0.0,0.669976393,0.886602356,0.0,0.0
0.6255742153048742,0.0,0.657622618,0.888345294,0.0,0.0
0.665408189106185,0.172896659,0.630572527,0.888244516,0.0,0.0
0.6979660267210726,0.391487897,0.600135567,0.886606893,0.0,0.0
0.7023610512673946,0.566421834,0.520979662,0.873573104,0.0,0.0
0.7010628434432054,0.68896687,0.462862605,0.838041671,0.0,0.0
0.6998668645562404,0.753891812,0.469255013,0.827304567,0.0,0.0
0.6972657854496742,0.760834043,0.508195421,0.832797809,0.0,0.0
0.6929499470892958,0.712030612,0.536413522,0.842722269,0.0,0.0
0.6918534083398316,0.603975576,0.576952921,0.860639925,0.0,0.0
0.692885848247427,0.43832037,0.67213095,0.885615883,0.0,0.0
0.6975950579419978,0.236760764,0.710617395,0.902863688,0.0,0.0
0.7014177646582814,0.004357593,0.745219446,0.915620169,0.0,0.0
0.6997732307764626,0.0,0.768630487,0.921264735,0.0,0.0
0.6938620987903356,0.0,0.756510643,0.9134099635,0.0,0.0
0.6759788337574653,0.0,0.700868952,0.880146562,0.0,0.0
0.6729980533702279,0.0,0.679400868,0.846738857,0.0,0.0
0.6381353537931767,0.0,0.584837292,0.737612792,0.0,0.0
0.6124723053324936,0.0,0.465587813,0.616038874,0.0,0.0
0.6064828327782479,0.0,0.3288768435,0.5056177390000001,0.0,0.0
0.614433401724398,0.0,0.238868441,0.445422186,0.0,0.0
0.6515167932984387,0.0,0.220057795,0.447020733,0.0,0.0
0.7379984235781144,0.0,0.221653801,0.447168781,0.0,0.0
0.8048130845914399,0.0,0.211020183,0.437600868,0.0,0.0
0.841356299244823,0.117646465,0.177347213,0.424662871,0.0,0.0
0.8460199722188696,0.273591124,0.151919947,0.384323051,0.0,0.0
0.841733760210526,0.415616999,0.124542709,0.317373087,0.0,0.0
0.8379730492166525,0.515062734,0.115793581,0.262004034,0.0,0.0
0.8363767953709799,0.55880136,0.099673276,0.221076403,0.0,0.0
0.8330527064841124,0.557629571,0.092725753,0.191319384,0.0,0.0
0.8275776021902117,0.519528926,0.090375883,0.172115205,0.0,0.0
0.8249212937902417,0.429543447,0.097347349,0.177560665,0.0,0.0
0.8242451009741497,0.298056377,0.123315558,0.215329118,0.0,0.0
0.8262308858688823,0.15322704,0.169708245,0.28590399,0.0,0.0
0.8326524771581472,0.003127505,0.217027465,0.336826131,0.0,0.0
0.8253154881488488,0.0,0.2044954075,0.321685439,0.0,0.0
0.7783009319348179,0.0,0.169045253,0.241529305,0.0,0.0
0.7388910529378857,0.0,0.146394151,0.203579242,0.0,0.0
0.673473399987369,0.0,0.140255933,0.184571586,0.0,0.0
0.6380270897399536,0.0,0.128827684,0.159945654,0.0,0.0
0.6122489193829158,0.0,0.120293268,0.137024324,0.0,0.0
0.6060980108944389,0.0,0.103012683,0.10780295349999999,0.0,0.0
0.6130807874825788,0.0,0.085795407,0.072923225,0.0,0.0
0.6499773688649753,0.0,0.078699318,0.060006441,0.0,0.0
0.7396610167292649,0.0,0.077021608,0.047604543,0.0,0.0
0.8079480771903115,0.0,0.078716986,0.035097559,0.0,0.0
0.8493740531142755,0.086010074,0.078087192,0.031425621,0.0,0.0
0.8540705526779674,0.204300818,0.072127243,0.031727096,0.0,0.0
0.84711038458685,0.298760661,0.062381129,0.025869398,0.0,0.0
0.8394637823247239,0.395495904,0.06737271,0.024891328,0.0,0.0
0.8360798008349053,0.440171048,0.0738170945,0.0296436,0.0,0.0
0.8292922698812574,0.364290262,0.080324033,0.040206524,0.0,0.0
0.8266404419625827,0.258248358,0.085249689,0.045487306,0.0,0.0
0.8246436843999263,0.16602057,0.094185679,0.054258652,0.0,0.0
0.826006402652512,0.10279464,0.089584385,0.063984008,0.0,0.0
0.8307749563166377,0.001111802,0.097021804,0.087782624,0.0,0.0
0.8233371555863482,0.0,0.128942982,0.1395058755,0.0,0.0
0.7784311413238882,0.0,0.179741579,0.200230194,0.0,0.0
0.7388910529378857,0.0,0.211494201,0.242026109,0.0,0.0
0.67340248878647,0.0,0.266139881,0.298130634,0.0,0.0
0.63785847601315,0.0,0.281840782,0.321817412,0.0,0.0
0.6092907245276888,0.0,0.2791496685,0.332394919,0.0,0.0
0.6102485500704418,0.0,0.24736446750000002,0.318502422,0.0,0.0
0.6513094092801169,0.0,0.265330885,0.321821265,0.0,0.0
0.7387475391517975,0.0,0.30487006,0.359155796,0.0,0.0
0.8046867156361426,0.0,0.326007656,0.393898828,0.0,0.0
0.8426772297965318,0.035115771,0.334713191,0.433124335,0.0,0.0
0.8483683134148413,0.173039194,0.315841876,0.450299043,0.0,0.0
0.8461367400154131,0.332237395,0.271883078,0.448356077,0.0,0.0
0.8394637823247239,0.387399811,0.256559717,0.469831732,0.0,0.0
0.8371122407425008,0.461468644,0.235093772,0.441756406,0.0,0.0
0.8339323514706269,0.483460129,0.197480336,0.37967965,0.0,0.0
0.8289622657786448,0.42598963,0.154123172,0.300950932,0.0,0.0
0.826363655596682,0.334348114,0.119151604,0.227121017,0.0,0.0
0.8248793231124723,0.235410284,0.101373393,0.170846183,0.0,0.0
0.8288531788496479,0.084445426,0.099099804,0.135424747,0.0,0.0
0.8352835484218928,0.00188916,0.106834111,0.116944191,0.0,0.0
0.8251627389348308,0.0,0.118774325,0.108050184,0.0,0.0
0.7784258378181782,0.0,0.121030325,0.101221547,0.0,0.0
0.7395136623607624,0.0,0.121741112,0.107634648,0.0,0.0
0.6729186384260085,0.0,0.136245597,0.15195546,0.0,0.0
0.6381140485048513,0.0,0.144749283,0.182364672,0.0,0.0
0.612578283438006,0.0,0.16452358,0.241951014,0.0,0.0
0.6066368849780016,0.0,0.2147977925,0.346158129,0.0,0.0
0.6144896367218274,0.0,0.263507918,0.433918187,0.0,0.0
0.6515167932984387,0.0,0.297840044,0.497822235,0.0,0.0
0.7375587382803664,0.0,0.333881541,0.558384934,0.0,0.0
0.8045447105547338,0.0,0.355414296,0.607420579,0.0,0.0
0.8463668009798712,0.059493929,0.37559438,0.636262119,0.0,0.0
0.8574437443281139,0.28807359,0.380577152,0.669077981,0.0,0.0
0.8553663375075774,0.467121493,0.440076685,0.687108774,0.0,0.0
0.8496463589988807,0.575611225,0.396013398,0.640758262,0.0,0.0
0.8482590436575927,0.69465668,0.380079353,0.608018539,0.0,0.0
0.8463569255787399,0.680789286,0.388451128,0.592297818,0.0,0.0
0.8431029706497399,0.627363062,0.389991001,0.580689279,0.0,0.0
0.8417424469307392,0.52570687,0.39565042,0.578746397,0.0,0.0
0.8465164869288268,0.352347716,0.372083279,0.573677431,0.0,0.0
0.8527017994580236,0.156605885,0.349450618,0.553555119,0.0,0.0
0.8586337340291043,0.0,0.332847303,0.52585214,0.0,0.0
0.8378037953680064,0.0,0.31435359500000004,0.48448810649999996,0.0,0.0
0.7747551944126868,0.0,0.266546361,0.394216024,0.0,0.0
0.7352621973819121,0.0,0.235867197,0.325126104,0.0,0.0
0.6781222597110775,0.0,0.216690979,0.254199901,0.0,0.0
0.6373602466566088,0.0,0.200400823,0.220184555,0.0,0.0
0.6225206721719263,0.0,0.168186387,0.1956058645,0.0,0.0
0.6332737149826693,0.0,0.14098701,0.158473178,0.0,0.0
0.689463188028857,0.0,0.124218721,0.125391757,0.0,0.0
0.7693588192341002,0.0,0.119085171,0.110433285,0.0,0.0
0.827669590069801,0.0,0.119097159,0.106894688,0.0,0.0
0.8684996566304088,0.046985781,0.124273505,0.116779169,0.0,0.0
0.8773145773514146,0.206806212,0.118730558,0.128690202,0.0,0.0
0.8681761448630656,0.324099033,0.117120613,0.133836208,0.0,0.0
0.8604488933430594,0.437751019,0.150690807,0.16646622,0.0,0.0
0.8575054658081461,0.381367678,0.162168903,0.157564134,0.0,0.0
0.8550178626977463,0.30988756,0.160478749,0.160279279,0.0,0.0
0.8518467515602115,0.208783725,0.145939053,0.153963662,0.0,0.0
0.8505475836647394,0.121371423,0.126283738,0.129171779,0.0,0.0
0.8512924472181214,0.103366349,0.112015794,0.122125244,0.0,0.0
0.8557100572964537,0.0359525,0.124817315,0.172489338,0.0,0.0
0.8580190797161519,0.0,0.137525239,0.214887642,0.0,0.0
0.8363832875576083,0.0,0.1762398965,0.269003532,0.0,0.0
0.7751630131920726,0.0,0.190169965,0.37228121,0.0,0.0
0.7344059150217984,0.0,0.216085059,0.419011386,0.0,0.0
0.6537056189257071,0.0,0.243605163,0.441306564,0.0,0.0
0.6004497894274272,0.0,0.28923786100000004,0.484338655,0.0,0.0
0.5752178767397885,0.0,0.319938051,0.500419057,0.0,0.0
0.5780529945144157,0.0,0.35223994849999996,0.58282689,0.0,0.0
0.6136648552978927,0.0,0.37760915500000003,0.6327798375,0.0,0.0
0.6795430418381739,0.037209485,0.368774038,0.607934704,0.0,0.0
0.7166399207861253,0.238119984,0.328260739,0.581618681,0.0,0.0
0.7219547779010335,0.405698769,0.341140974,0.539437363,0.0,0.0
0.7182047195513225,0.513579836,0.320569342,0.456086877,0.0,0.0
0.7136813143443705,0.444677187,0.324151919,0.451621357,0.0,0.0
0.7088821285498639,0.37230153600000004,0.2979692055,0.433401058,0.0,0.0
0.7090969191190342,0.234355667,0.294980467,0.41143328,0.0,0.0
0.7160188657006704,0.103009384,0.289772628,0.410344338,0.0,0.0
0.723297699569973,0.045428942,0.265622264,0.405921242,0.0,0.0
0.7291006132842603,0.0,0.252242988,0.398246979,0.0,0.0
0.7255866052336232,0.0,0.236230384,0.372128585,0.0,0.0
0.7128543154961594,0.0,0.21062514799999998,0.342040277,0.0,0.0
0.6782750546321585,0.0,0.197126684,0.309481447,0.0,0.0
0.6548401963564009,0.0,0.23789683,0.337702217,0.0,0.0
0.6188547608223776,0.0,0.242222887,0.389671562,0.0,0.0
0.5899161319719676,0.0,0.248748158,0.391133283,0.0,0.0
0.5779574862991347,0.0,0.271979976,0.385393395,0.0,0.0
0.5765454365993143,0.0,0.273117683,0.375367566,0.0,0.0
0.58195785941622,0.0,0.298356585,0.429591233,0.0,0.0
0.595883179080404,0.0,0.339646533,0.492469311,0.0,0.0
0.631223739831942,0.0,0.375215844,0.545005157,0.0,0.0
0.6769946316862825,0.014078229,0.431662394,0.605395835,0.0,0.0
0.7140062891836505,0.048191784,0.470412281,0.648821587,0.0,0.0
0.7168404468126743,0.104340364,0.485024885,0.691813501,0.0,0.0
0.7121094289777652,0.142895881,0.556527162,0.718912935,0.0,0.0
0.7107103637255221,0.135292036,0.576040617,0.748521364,0.0,0.0
0.7061124354935329,0.135741321,0.617749653,0.769134365,0.0,0.0
0.7016780006081705,0.120485358,0.665181993,0.799139197,0.0,0.0
0.700518871721517,0.085718431,0.672185542,0.826509697,0.0,0.0
0.7022165316286397,0.049427812,0.701615681,0.852130711,0.0,0.0
0.7054363340915668,0.021254178,0.742171785,0.867653601,0.0,0.0
0.7076846408838993,0.0,0.767645542,0.881389737,0.0,0.0
0.703430592675628,0.0,0.7682827655,0.893590881,0.0,0.0
0.6871860322018414,0.0,0.703521338,0.892077131,0.0,0.0
0.6730072429424538,0.0,0.641745995,0.880862874,0.0,0.0
0.6382026530212966,0.0,0.616747602,0.879042157,0.0,0.0
0.6125686822792524,0.0,0.616835103,0.877389751,0.0,0.0
0.6065515721876129,0.0,0.6199431280000001,0.866239811,0.0,0.0
0.6136139693645953,0.0,0.6423189,0.869624758,0.0,0.0
0.6507409775165944,0.0,0.673785146,0.878078774,0.0,0.0
0.7394187942673238,0.0,0.710680448,0.894034852,0.0,0.0
0.8123866269004655,0.0,0.712292293,0.896760385,0.0,0.0
0.8546422304604837,0.039898746,0.717425975,0.903373439,0.0,0.0
0.8663797304987068,0.303718453,0.725713185,0.903115556,0.0,0.0
0.8649447753174354,0.449570567,0.780438123,0.908135705,0.0,0.0
0.8633578482394979,0.545287359,0.84542523,0.91292986,0.0,0.0
0.8608322978619946,0.572060893,0.831216191,0.911881781,0.0,0.0
0.8581701373229182,0.55012801,0.809842383,0.913152772,0.0,0.0
0.8553783160281676,0.482358857,0.846395264,0.914470726,0.0,0.0
0.8544892527111511,0.387868492,0.801016072,0.920588512,0.0,0.0
0.8571047792629107,0.295363907,0.734518548,0.910584515,0.0,0.0
0.8598334161543332,0.06563241,0.69682511,0.905919273,0.0,0.0
0.8608342180045608,0.0,0.701195748,0.89187775,0.0,0.0
0.838054750182903,0.0,0.7586715265,0.9025542605,0.0,0.0
0.7751630131920726,0.0,0.843886954,0.913410625,0.0,0.0
0.7332537813224267,0.0,0.890303207,0.9132867,0.0,0.0
0.6729606089551372,0.0,0.915691298,0.874448989,0.0,0.0
0.6371280597563207,0.0,0.927587553,0.819854887,0.0,0.0
0.6115948548795638,0.0,0.929459517,0.817081693,0.0,0.0
0.6060985824185268,0.0,0.931809976,0.814294984,0.0,0.0
0.6141077866889548,0.0,0.928346386,0.817108617,0.0,0.0
0.6512763539321957,0.0,0.923444778,0.813532385,0.0,0.0
0.7393897165486851,0.0,0.928821302,0.838530279,0.0,0.0
0.8065875534713105,0.0,0.932832896,0.841356779,0.0,0.0
0.8468915705326931,0.002530125,0.931197031,0.83872649,0.0,0.0
0.8597836731948912,0.016706287,0.93118516,0.875910264,0.0,0.0
0.8598766669271468,0.06473555,0.92851579,0.905726437,0.0,0.0
0.8581873277864518,0.146645112,0.922806269,0.928585072,0.0,0.0
0.8575054658081461,0.171331072,0.922456242,0.93225841,0.0,0.0
0.8523822195385796,0.218716365,0.9159897575,0.936643018,0.0,0.0
0.8497226193382323,0.249152297,0.903786697,0.937469244,0.0,0.0
0.8506975438560725,0.269972444,0.899790377,0.936598501,0.0,0.0
0.8518279151964895,0.050796451,0.893936908,0.936059713,0.0,0.0
0.8526515078651855,0.0,0.892086838,0.936654784,0.0,0.0
0.8334593823639634,0.0,0.8899901675,0.9373447465,0.0,0.0
0.7754205973891067,0.0,0.885410542,0.937302375,0.0,0.0
0.7342138013244439,0.0,0.879244608,0.936576806,0.0,0.0
0.6551634795884294,0.0,0.8576576225,0.936510672,0.0,0.0
0.6097820730017656,0.0,0.8439459255,0.932207211,0.0,0.0
0.6139030087164252,0.0,0.85356341,0.9288783254999999,0.0,0.0
0.6630357994549069,0.0,0.850265183,0.922959531,0.0,0.0
0.750144565420138,0.0,0.830822535,0.912530202,0.0,0.0
0.8229486760970176,0.0,0.748402115,0.875547763,0.0,0.0
0.864117433629092,0.025982176,0.656543086,0.821848312,0.0,0.0
0.8741908318114854,0.29865594,0.575515593,0.763822955,0.0,0.0
0.8698171125534888,0.473074258,0.533837654,0.733563385,0.0,0.0
0.867720411852678,0.570974976,0.462110061,0.598013033,0.0,0.0
0.8653802087435233,0.585307735,0.48855222249999997,0.5936396100000001,0.0,0.0
0.8607990139044381,0.558068587,0.59786991,0.647355517,0.0,0.0
0.8605068658034443,0.389603316,0.671795944,0.747166366,0.0,0.0
0.8610298978933109,0.216993306,0.651341786,0.805616191,0.0,0.0
0.8627804097320012,0.028961615,0.613510673,0.805308937,0.0,0.0
0.865398588036616,0.0,0.593763694,0.812387013,0.0,0.0
0.8387133866559966,0.0,0.654547097,0.8591381505,0.0,0.0
0.7753117848511285,0.0,0.747661441,0.847090791,0.0,0.0
0.7343405360848854,0.0,0.816916994,0.866263104,0.0,0.0
0.6730329830793321,0.0,0.87772266,0.896315596,0.0,0.0
0.6249937821300697,0.0,0.909819817,0.9328757405,0.0,0.0
0.6063580640160762,0.0,0.9066350745,0.9373132,0.0,0.0
0.6141277204681103,0.0,0.89651899,0.937183302,0.0,0.0
0.6513075347702932,0.0,0.891729972,0.937018805,0.0,0.0
0.7394360762936242,0.0,0.889412369,0.937333797,0.0,0.0
0.8078465797147352,0.0,0.887509131,0.937281067,0.0,0.0
0.8518039581553091,0.010763397,0.883874941,0.937436518,0.0,0.0
0.8637155584029382,0.157194604,0.877897133,0.937443698,0.0,0.0
0.8636347260195245,0.308372646,0.87856073,0.937461755,0.0,0.0
0.8614201604040188,0.465607156,0.885577673,0.937437218,0.0,0.0
0.8585628686095885,0.4761660635,0.881118699,0.937417663,0.0,0.0
0.854435395075558,0.432504121,0.867931042,0.937111578,0.0,0.0
0.8542121919542318,0.410565131,0.871209865,0.936766974,0.0,0.0
0.8565684884087688,0.278658346,0.862912651,0.932941321,0.0,0.0
0.8582567301340307,0.046725009,0.851624545,0.91882405,0.0,0.0
0.8578528433511847,0.0,0.838890876,0.90130826,0.0,0.0
0.8363909227180919,0.0,0.776004737,0.8599527714999999,0.0,0.0
0.7743282648785603,0.0,0.718939159,0.836799719,0.0,0.0
0.733474012518496,0.0,0.675235496,0.822016334,0.0,0.0
0.6739229606862484,0.0,0.580851938,0.769992472,0.0,0.0
0.6382431606271293,0.0,0.529972941,0.75609025,0.0,0.0
0.6147088165811285,0.0,0.494870616,0.7300653,0.0,0.0
0.6107930932418977,0.0,0.3773704705,0.632956996,0.0,0.0
0.6219132644722625,0.0,0.260989125,0.472380726,0.0,0.0
0.6630002753310232,0.0,0.216218976,0.38990329,0.0,0.0
0.750144565420138,0.0,0.249356151,0.357779058,0.0,0.0
0.8198722960060529,0.0,0.304029916,0.322383393,0.0,0.0
0.8619023192315493,0.006427007,0.359182245,0.34636715,0.0,0.0
0.8735374987697813,0.040590945,0.409816486,0.423964648,0.0,0.0
0.8693734496264581,0.066824879,0.42578724,0.511998713,0.0,0.0
0.8677273612585767,0.091806959,0.447757719,0.581813972,0.0,0.0
0.8655639101116832,0.114539336,0.448348549,0.627914242,0.0,0.0
0.8628980005529594,0.170453078,0.442348069,0.615313912,0.0,0.0
0.8597501149949571,0.147162961,0.474049793,0.602721867,0.0,0.0
0.858107775795364,0.16125732,0.45530616,0.609016693,0.0,0.0
0.8595333126461332,0.106241591,0.429014263,0.618748879,0.0,0.0
0.8591456106227955,0.021546037,0.448566202,0.64659717,0.0,0.0
0.8594615329367179,0.0,0.485957409,0.688058413,0.0,0.0
0.8372952562817553,0.0,0.5194639335,0.7281100555,0.0,0.0
0.7753591503000931,0.0,0.563583554,0.709787717,0.0,0.0
0.7341311403612307,0.0,0.613892107,0.703177573,0.0,0.0
0.6548835385433404,0.0,0.655917682,0.728060595,0.0,0.0
0.6194123569648449,0.0,0.716248863,0.746141381,0.0,0.0
0.588725228055398,0.0,0.759953395,0.769964243,0.0,0.0
0.5858732854737407,0.0,0.774874286,0.824819851,0.0,0.0
0.589699146794892,0.0,0.8175948155,0.8831585325,0.0,0.0
0.6106556830952425,0.0,0.823488184,0.919410497,0.0,0.0
0.64772462722409,0.0,0.819299895,0.920972006,0.0,0.0
0.7033535323511942,0.00968843,0.799201614,0.919226275,0.0,0.0
0.7473880852723784,0.199105813,0.746767466,0.917268844,0.0,0.0
0.7555012102359232,0.322552259,0.760177301,0.910925869,0.0,0.0
0.756612196430581,0.391699983,0.682988332,0.887567241,0.0,0.0
0.7557154980274011,0.439763459,0.628805454,0.857890613,0.0,0.0
0.7538426862768222,0.452784556,0.576337251,0.830238629,0.0,0.0
0.7522802648734613,0.423424621,0.530356617,0.797099776,0.0,0.0
0.7552935518265829,0.336815141,0.493751639,0.770774042,0.0,0.0
0.7626076810614931,0.287769688,0.455802905,0.759097369,0.0,0.0
0.7673793436977442,0.034363836,0.457508183,0.763355576,0.0,0.0
0.7692875881580811,0.0,0.429411831,0.74552657,0.0,0.0
0.755339271375359,0.0,0.386034115,0.715527448,0.0,0.0
0.7364643940644869,0.0,0.344729821,0.661838104,0.0,0.0
0.7001110986491939,0.0,0.302023629,0.575060006,0.0,0.0
0.6532573839546144,0.0,0.252388095,0.55151811,0.0,0.0
0.6148802192562963,0.0,0.24055998150000002,0.4604093505,0.0,0.0
0.6038552134010804,0.0,0.21190130000000001,0.42230868,0.0,0.0
0.6015500771222184,0.0,0.239164496,0.48725952699999997,0.0,0.0
0.6148992386712315,0.0,0.276272805,0.5528633165000001,0.0,0.0
0.6592557947294002,0.01167473,0.324117342,0.616921857,0.0,0.0
0.7140649016915575,0.27812121,0.335833599,0.648828042,0.0,0.0
0.7555906377767833,0.43608908,0.323046375,0.661886463,0.0,0.0
0.7603750103952724,0.541336905,0.311860567,0.622891937,0.0,0.0
0.7600969439343277,0.543319634,0.324332841,0.61305703,0.0,0.0
0.7585253785914834,0.500322817,0.37260833,0.641582432,0.0,0.0
0.7573784568350551,0.446780549,0.410359152,0.659009667,0.0,0.0
0.7570971898392181,0.370793855,0.440342791,0.688428383,0.0,0.0
0.7618268819463405,0.238575908,0.487035995,0.754359009,0.0,0.0
0.7693950291868894,0.01988944,0.532540196,0.821277667,0.0,0.0
0.772044845548872,0.0,0.557328041,0.861683058,0.0,0.0
0.7640436420954309,0.0,0.610720178,0.8879655915,0.0,0.0
0.7255882511338116,0.0,0.6411722735000001,0.897168354,0.0,0.0
0.6809265853434434,0.0,0.6502791885,0.903562602,0.0,0.0
0.6491384143125452,0.0,0.689735232,0.911708532,0.0,0.0
0.6260074541230569,0.0,0.7469161685,0.9165018025,0.0,0.0
0.6279846894187652,0.0,0.7771415115,0.924842311,0.0,0.0
0.6904046001281463,0.0,0.766164352,0.925375685,0.0,0.0
0.7702659874531909,0.0,0.799259658,0.931254292,0.0,0.0
0.8268297210788303,0.003647315,0.807398502,0.933910899,0.0,0.0
0.8664507787464741,0.072373751,0.790308353,0.933499691,0.0,0.0
0.879118763997446,0.087819372,0.801086474,0.932301527,0.0,0.0
0.8799090728572266,0.105996547,0.846735187,0.932257802,0.0,0.0
0.8795840066038206,0.151670418,0.892263722,0.933145902,0.0,0.0
0.8791680497376179,0.141056145,0.884242962,0.934069313,0.0,0.0
0.8778959477068106,0.07204876,0.880604018,0.935429664,0.0,0.0
0.8763707421089054,0.045083725,0.883119064,0.936460638,0.0,0.0
0.8761757936818031,0.023599814,0.87279581,0.936760731,0.0,0.0
0.8761686614476528,0.003022242,0.881176935,0.936707938,0.0,0.0
0.8757952237439748,0.0,0.893382941,0.936961744,0.0,0.0
0.8651634064690199,0.0,0.899031879,0.936987883,0.0,0.0
0.7978247074388409,0.0,0.886202727,0.935803611,0.0,0.0
0.7352621973819121,0.0,0.871997745,0.927146339,0.0,0.0
0.6757681577901254,0.0,0.893131285,0.934095533,0.0,0.0
0.630376052852236,0.0,0.895442336,0.9343406435,0.0,0.0
0.6115566104793908,0.0,0.8995863565,0.9358941675,0.0,0.0
0.6190445885720215,0.0,0.909387804,0.93588791,0.0,0.0
0.6568779185955193,0.0,0.906711894,0.935414842,0.0,0.0
0.7438488858669,0.0,0.905353481,0.933176588,0.0,0.0
0.8143504663107098,0.0,0.905061925,0.932162098,0.0,0.0
0.8541526651564252,0.010042741,0.892833399,0.929858145,0.0,0.0
0.865779340802696,0.038690964,0.864513621,0.923272383,0.0,0.0
0.8619314883643139,0.041694233,0.836115352,0.913792562,0.0,0.0
0.8584313789768331,0.04058169,0.757735914,0.913742222,0.0,0.0
0.8547119986132069,0.082268748,0.67527654,0.906651046,0.0,0.0
0.8496302656534988,0.097308208,0.62549259,0.897548409,0.0,0.0
0.8490679146387176,0.095813797,0.622315384,0.88601099,0.0,0.0
0.8497226193382323,0.063501149,0.641065659,0.867179785,0.0,0.0
0.8530347295558688,0.004857053,0.686778859,0.857220266,0.0,0.0
0.8569028815785508,0.0,0.617660526,0.813863526,0.0,0.0
0.8364865223474989,0.0,0.538462359,0.710426294,0.0,0.0
0.7750352727276054,0.0,0.532647192,0.686999259,0.0,0.0
0.7341325118704006,0.0,0.477674477,0.746524038,0.0,0.0
0.6748043887684607,0.0,0.464423232,0.777541842,0.0,0.0
0.6428591023470669,0.0,0.471086755,0.777672946,0.0,0.0
0.6164786448935029,0.0,0.5308220115,0.7967462919999999,0.0,0.0
0.6138434360629147,0.0,0.611127832,0.85177379,0.0,0.0
0.6226618314125493,0.0,0.656466829,0.896506458,0.0,0.0
0.6623393070545152,0.0,0.697866133,0.907233938,0.0,0.0
0.7433339460824668,0.0,0.746377569,0.908456518,0.0,0.0
0.8123866269004655,0.002173471,0.785300123,0.909335197,0.0,0.0
0.85374850383392,0.090359856,0.823184812,0.915321141,0.0,0.0
0.8663797304987068,0.165636831,0.836932956,0.93191687,0.0,0.0
0.8669987738788285,0.24928103,0.79609554,0.934026132,0.0,0.0
0.8658870562225229,0.408134659,0.758624377,0.925984132,0.0,0.0
0.8642514834519357,0.476841667,0.722266811,0.904831526,0.0,0.0
0.862738804859376,0.418007678,0.643601401,0.865953338,0.0,0.0
0.8600274501428947,0.391327618,0.520119581,0.785355359,0.0,0.0
0.8612371904975068,0.220119383,0.4094642,0.690033365,0.0,0.0
0.8674801096819442,0.012534913,0.304807614,0.562431485,0.0,0.0
0.8691421084183151,0.0,0.259363206,0.443114785,0.0,0.0
0.8622962391991378,0.0,0.307215046,0.410877067,0.0,0.0
0.8203319608643397,0.0,0.35815774,0.495870378,0.0,0.0
0.7745511936088679,0.0,0.34493294,0.496238771,0.0,0.0
0.7339205558080167,0.0,0.368015262,0.474668718,0.0,0.0
0.6778958105707578,0.0,0.356909207,0.439009982,0.0,0.0
0.6512332861362745,0.0,0.378257155,0.459334696,0.0,0.0
0.6321459726530567,0.0,0.4549278255,0.569464744,0.0,0.0
0.6295856982853926,0.0,0.548389655,0.702711051,0.0,0.0
0.6536156427514508,0.0,0.602392378,0.755046935,0.0,0.0
0.7310718593196736,0.0,0.624956185,0.768343076,0.0,0.0
0.8346955029029758,0.0,0.627293602,0.785132117,0.0,0.0
0.8850702665425376,0.003525073,0.663549121,0.812030971,0.0,0.0
0.8994011648197802,0.174794331,0.678885767,0.819688438,0.0,0.0
0.8983137700097993,0.329543351,0.677133369,0.80556072,0.0,0.0
0.8910758095514738,0.520644231,0.56640684,0.773604925,0.0,0.0
0.8867788991175842,0.603917692,0.489152114,0.737981762,0.0,0.0
0.8865384141185986,0.526539101,0.421069661,0.681663264,0.0,0.0
0.8869924096660309,0.402419394,0.392391158,0.638204342,0.0,0.0
0.888347995684466,0.215790777,0.398885631,0.619242193,0.0,0.0
0.8950431731020212,0.080273074,0.428278759,0.613548457,0.0,0.0
0.9038357825333941,0.005755113,0.42024566,0.607076991,0.0,0.0
0.9058062056930336,0.0,0.39894955,0.626583645,0.0,0.0
0.9046210622784832,0.0,0.401024457,0.647053897,0.0,0.0
0.884814236831566,0.0,0.353429815,0.60022414,0.0,0.0
0.8361730688095387,0.0,0.276309046,0.49407817,0.0,0.0
0.7805720985015382,0.0,0.198427127,0.408451854,0.0,0.0
0.7294713992350833,0.0,0.179690382,0.362618122,0.0,0.0
0.6768545467474397,0.0,0.201370197,0.370953421,0.0,0.0
0.6486061467204283,0.0,0.221430214,0.404882824,0.0,0.0
0.6312229854796025,0.0,0.225736283,0.40384957499999996,0.0,0.0
0.6296036203592149,0.0,0.306397129,0.453273701,0.0,0.0
0.6532150476203413,0.0,0.38380573,0.548423354,0.0,0.0
0.7310410900681038,0.0,0.457908292,0.610926609,0.0,0.0
0.8340898098498958,0.0,0.543728689,0.712081306,0.0,0.0
0.8812902618170307,0.002112172,0.60156979,0.761249925,0.0,0.0
0.8969377929929384,0.045628977,0.605820241,0.773253936,0.0,0.0
0.8995172925688015,0.061165085,0.601625232,0.795139121,0.0,0.0
0.8981930702167157,0.085755444,0.603152519,0.827968364,0.0,0.0
0.8916473959198643,0.107666247,0.625040081,0.832518935,0.0,0.0
0.8881345765501453,0.202687667,0.609718057,0.824958017,0.0,0.0
0.8880455148144296,0.20798388,0.628748457,0.808950913,0.0,0.0
0.8881181175482596,0.241382877,0.676222516,0.818901392,0.0,0.0
0.894339639881605,0.159390511,0.677203848,0.830697416,0.0,0.0
0.9031470625633159,0.005499578,0.662667134,0.843681466,0.0,0.0
0.9086270132179766,0.0,0.6380451145,0.849627159,0.0,0.0
0.8951613125563755,0.0,0.59587843,0.830185551,0.0,0.0
0.8368563938597812,0.0,0.574829733,0.80875688,0.0,0.0
0.7795827263898638,0.0,0.532592509,0.781396148,0.0,0.0
0.7296454080303636,0.0,0.544291476,0.78514095,0.0,0.0
0.6605174727256798,0.0,0.467959375,0.740190736,0.0,0.0
0.6329069524425124,0.0,0.421417558,0.70530068,0.0,0.0
0.6114206861467233,0.0,0.3655852565,0.6474719945,0.0,0.0
0.6103316225458623,0.0,0.31379808249999996,0.560741877,0.0,0.0
0.6473909199575338,0.0,0.29685440949999997,0.5005067940000001,0.0,0.0
0.7020266582462533,0.002746022,0.310661143,0.495839908,0.0,0.0
0.7411889654941509,0.209459734,0.298600414,0.495549472,0.0,0.0
0.7658121674220695,0.352921913,0.287540442,0.469404534,0.0,0.0
0.7555298307352917,0.469734333,0.28645741,0.476872901,0.0,0.0
0.7532967028498005,0.559843572,0.262391271,0.46211601,0.0,0.0
0.7524936838591412,0.545445834,0.30665759,0.477496469,0.0,0.0
0.7504790500040459,0.475848595,0.34765688,0.494237552,0.0,0.0
0.7496691273888711,0.355841475,0.384200404,0.514623609,0.0,0.0
0.7555191323097455,0.204621559,0.414984288,0.553491883,0.0,0.0
0.7792701872904443,0.005711665,0.4574573,0.597793502,0.0,0.0
0.7923813782491766,0.0,0.482020992,0.627797294,0.0,0.0
0.7889573463727957,0.0,0.4966694865,0.6419810035,0.0,0.0
0.7581019236859858,0.0,0.509705789,0.635348715,0.0,0.0
0.7089366719400418,0.0,0.5159466475000001,0.6475591115,0.0,0.0
0.6477788278484562,0.0,0.5016887015,0.6586003105,0.0,0.0
0.6174449971445884,0.0,0.501816509,0.66333765,0.0,0.0
0.6112058040891066,0.0,0.5134724294999999,0.6755395565,0.0,0.0
0.6222841647279029,0.0,0.5054179520000001,0.6955760865,0.0,0.0
0.6602474527887853,0.0,0.502455196,0.705181716,0.0,0.0
0.6980929900911493,0.002009354,0.514472255,0.723248085,0.0,0.0
0.7399985645039147,0.212467293,0.505715933,0.739887144,0.0,0.0
0.7590139838242588,0.342724487,0.512331128,0.74424644,0.0,0.0
0.7604201814592932,0.408119759,0.469854117,0.753799839,0.0,0.0
0.7569966982163084,0.379862684,0.461491281,0.742306411,0.0,0.0
0.7559982737279174,0.303340045,0.460789049,0.721417277,0.0,0.0
0.7546047862237619,0.172975906,0.421571883,0.686683508,0.0,0.0
0.7527160639560527,0.069254081,0.359197094,0.644767484,0.0,0.0
0.756084363687017,0.048398169,0.339796121,0.647301596,0.0,0.0
0.7668106834732273,0.00227944,0.334629701,0.637348329,0.0,0.0
0.7706321099458258,0.0,0.335024024,0.629611746,0.0,0.0
0.7705392991904626,0.0,0.305751805,0.583208509,0.0,0.0
0.7519436085723399,0.0,0.264436878,0.510887096,0.0,0.0
0.7217361924565119,0.0,0.214294929,0.417231259,0.0,0.0
0.6911282041745864,0.0,0.163892674,0.316125532,0.0,0.0
0.6624827523171692,0.0,0.1479815245,0.258884405,0.0,0.0
0.630707588475899,0.0,0.1584920895,0.24447164500000002,0.0,0.0
0.6409525037869186,0.0,0.19799082099999998,0.2852531065,0.0,0.0
0.7306592856679739,0.0,0.214062271,0.288620945,0.0,0.0
0.8340801172770163,0.0,0.219475673,0.297938271,0.0,0.0
0.8810324947917448,0.0,0.228947063,0.336103146,0.0,0.0
0.8989695718274656,0.010340403,0.216832541,0.356831793,0.0,0.0
0.9019864249719828,0.021619034,0.204245021,0.351391947,0.0,0.0
0.9028444902791535,0.044725515,0.218856924,0.359629361,0.0,0.0
0.9013140268826012,0.06470681,0.1805010235,0.3191573305,0.0,0.0
0.8994674581952337,0.068072614,0.186577812,0.309010709,0.0,0.0
0.898110774910006,0.045506558,0.215510483,0.335659194,0.0,0.0
0.8987585302036223,0.027112588,0.227828403,0.370384648,0.0,0.0
0.9028657957161198,0.002071461,0.244153658,0.402658162,0.0,0.0
0.9024541365029606,0.0,0.263131915,0.438940796,0.0,0.0
0.8914395546079517,0.0,0.284830406,0.4664703195,0.0,0.0
0.836134481494913,0.0,0.257478582,0.472295883,0.0,0.0
0.7807602803509935,0.0,0.259143271,0.455774407,0.0,0.0
0.7288376341673902,0.0,0.308285522,0.506902496,0.0,0.0
0.6765675191752634,0.0,0.32970951,0.545884134,0.0,0.0
0.6403750195723589,0.0,0.34366515799999997,0.568344772,0.0,0.0
0.6287349251499323,0.0,0.3510086085,0.5614037055000001,0.0,0.0
0.6530111382306483,0.0,0.329084235,0.582971508,0.0,0.0
0.7309799630028512,0.0,0.30113186,0.589207516,0.0,0.0
0.8340801172770163,0.0,0.27099333,0.563248171,0.0,0.0
0.8820975784607339,0.001063997,0.250133255,0.51958694,0.0,0.0
0.898664530767341,0.084167612,0.219065643,0.478024505,0.0,0.0
0.9011376864325473,0.156597731,0.188354126,0.430828057,0.0,0.0
0.901295236225942,0.173416127,0.139515419,0.316627864,0.0,0.0
0.8992185607184127,0.1890117735,0.119170408,0.27404395150000005,0.0,0.0
0.8984670220015096,0.162590452,0.090625741,0.226991097,0.0,0.0
0.8971259748423938,0.168470046,0.075555373,0.159525447,0.0,0.0
0.8998368724882456,0.069160852,0.081158708,0.135779238,0.0,0.0
0.9075615638181637,0.001959197,0.102301683,0.144100941,0.0,0.0
0.9102285706436797,0.0,0.151271129,0.16290015549999998,0.0,0.0
0.8660369707067932,0.0,0.208022761,0.175824374,0.0,0.0
0.7812138186791555,0.0,0.226024192,0.189966986,0.0,0.0
0.7302203776132572,0.0,0.242953789,0.230216519,0.0,0.0
0.6777208873369367,0.0,0.263044788,0.268582792,0.0,0.0
0.6425046382769408,0.0,0.3444740835,0.344799536,0.0,0.0
0.6317297186537845,0.0,0.4347039665,0.4624587575,0.0,0.0
0.6542951730006624,0.0,0.439553223,0.501207176,0.0,0.0
0.7331839217555775,0.0,0.452402677,0.50817201,0.0,0.0
0.8375855300215663,0.0,0.453748904,0.521930386,0.0,0.0
0.8881700550412864,0.0,0.442060126,0.550442235,0.0,0.0
0.9012290341159734,0.102963119,0.403812028,0.548667584,0.0,0.0
0.9039458753150575,0.169800632,0.33100041,0.518265719,0.0,0.0
0.9023145087833881,0.212633204,0.285256203,0.458651351,0.0,0.0
0.8991044903817871,0.2375165175,0.2362156825,0.403657056,0.0,0.0
0.896523573589691,0.224662075,0.197762147,0.375866868,0.0,0.0
0.8944570478743114,0.233645047,0.187673891,0.371403512,0.0,0.0
0.8971988519672424,0.138438638,0.196415489,0.363440394,0.0,0.0
0.9058770709639082,0.001956619,0.236186008,0.368784286,0.0,0.0
0.9076169759398193,0.0,0.25115959,0.353877291,0.0,0.0
0.8975374055202383,0.0,0.26329504849999996,0.32840133299999996,0.0,0.0
0.8363620736834086,0.0,0.255662342,0.2915637,0.0,0.0
0.7807880778259474,0.0,0.272504841,0.281927293,0.0,0.0
0.7302655485286371,0.0,0.255715292,0.270114433,0.0,0.0
0.6777332774440546,0.0,0.238205048,0.263045981,0.0,0.0
0.6424424138705752,0.0,0.21901776550000002,0.23694818150000002,0.0,0.0
0.6326708107293129,0.0,0.220357001,0.2620294415,0.0,0.0
0.6572286337203185,0.0,0.235455388,0.291290364,0.0,0.0
0.7336719327222142,0.0,0.246386134,0.31966224,0.0,0.0
0.8394885623903189,0.0,0.238243018,0.344502263,0.0,0.0
0.8912798103552927,0.0,0.220647212,0.33626656,0.0,0.0
0.9068854624161975,0.063214411,0.213262006,0.325614441,0.0,0.0
0.9079346357166971,0.14385121,0.202073486,0.326670161,0.0,0.0
0.9040109800095928,0.268471645,0.153991129,0.277583293,0.0,0.0
0.8980500593569607,0.2997371845,0.2010571385,0.26410111199999997,0.0,0.0
0.8902940044350138,0.29711711,0.20877436,0.250804185,0.0,0.0
0.8909366390511717,0.257622545,0.18977399,0.236646716,0.0,0.0
0.8944989269893142,0.140984388,0.169754837,0.223829289,0.0,0.0
0.9048864189058305,0.002248995,0.173979626,0.207282008,0.0,0.0
0.907960970119714,0.0,0.181074806,0.178609968,0.0,0.0
0.9072591286551901,0.0,0.1552206055,0.142731716,0.0,0.0
0.8333074561000398,0.0,0.124003278,0.113090698,0.0,0.0
0.779419050363626,0.0,0.103086066,0.093703938,0.0,0.0
0.7304273045609496,0.0,0.08001501,0.070230645,0.0,0.0
0.680375229961598,0.0,0.066556113,0.049113811,0.0,0.0
0.6484863614402058,0.0,0.0534563505,0.028264904,0.0,0.0
0.6370277280709711,0.0,0.052578978,0.020976156500000002,0.0,0.0
0.6607962707969136,0.0,0.075434174,0.037281923,0.0,0.0
0.7503826272759038,0.0,0.085545644,0.052093431,0.0,0.0
0.8481988766636231,0.0,0.093587991,0.068936399,0.0,0.0
0.8970493488465386,0.0,0.106197325,0.092774122,0.0,0.0
0.9137475163948827,0.013116816,0.122981286,0.127349388,0.0,0.0
0.9166716501981625,0.038206322,0.121635355,0.148624926,0.0,0.0
0.9094914792233293,0.08462293,0.148417706,0.176463658,0.0,0.0
0.9075884468545767,0.101692086,0.19258491,0.203752387,0.0,0.0
0.9061784545671523,0.147458702,0.199769186,0.2476584,0.0,0.0
0.9044248339049776,0.168272306,0.239279776,0.305254224,0.0,0.0
0.9038602883566116,0.108737204,0.298548665,0.377352123,0.0,0.0
0.9046850697062259,0.052583046,0.36522042,0.444331182,0.0,0.0
0.9089750307342169,0.0,0.413177626,0.52419795,0.0,0.0
0.9082821960879875,0.0,0.459303675,0.61032803,0.0,0.0
0.8967710994087011,0.0,0.5004011955,0.704730121,0.0,0.0
0.836899461804343,0.0,0.480207126,0.721202344,0.0,0.0
0.7805720985015382,0.0,0.455151583,0.719732481,0.0,0.0
0.7282212426887643,0.0,0.45190329,0.671894605,0.0,0.0
0.6569390000280295,0.0,0.451545596,0.697591253,0.0,0.0
0.6157597271216222,0.0,0.475802355,0.7142380305,0.0,0.0
0.5972870678770361,0.0,0.5414833864999999,0.7742571540000001,0.0,0.0
0.6014492654012273,0.0,0.60223312,0.81032101,0.0,0.0
0.6175140793197653,0.0,0.65592852,0.825929134,0.0,0.0
0.6406139959409856,0.0,0.713618179,0.839915677,0.0,0.0
0.6829765376777994,0.0,0.753048691,0.858494705,0.0,0.0
0.720845300411055,0.015044452,0.826639361,0.884177548,0.0,0.0
0.7472848504824878,0.03560689,0.854773604,0.906271561,0.0,0.0
0.7546363783511056,0.041684619,0.833181484,0.904556037,0.0,0.0
0.7540763362490471,0.0465526155,0.8010650425,0.9069077065,0.0,0.0
0.7517116045003036,0.050367793,0.761115278,0.900110511,0.0,0.0
0.7495423926284296,0.024466953,0.714107714,0.892934245,0.0,0.0
0.7517957285354535,0.00801153,0.678497645,0.887472574,0.0,0.0
0.7621385980213453,0.0,0.655929823,0.88553854,0.0,0.0
0.7651543539733905,0.0,0.63497852,0.872113847,0.0,0.0
0.7480971962408826,0.0,0.5953444059999999,0.859961876,0.0,0.0
0.7207984835954866,0.0,0.63106014,0.869610232,0.0,0.0
0.6919858122624869,0.0,0.674478543,0.883387642,0.0,0.0
0.6403127495332509,0.0,0.7108075555,0.8940612225,0.0,0.0
0.6002581785820855,0.0,0.6964158364999999,0.8945784365,0.0,0.0
0.598318227615267,0.0,0.631101813,0.8920944675,0.0,0.0
0.6270016267397878,0.0,0.5863890225,0.877017249,0.0,0.0
0.6799747720259977,0.0,0.589660905,0.870163299,0.0,0.0
0.7179024216581789,0.015512384,0.591801105,0.873668661,0.0,0.0
0.7417844174895959,0.053133061,0.587941113,0.866414071,0.0,0.0
0.7480527567871506,0.111925988,0.516443558,0.817348089,0.0,0.0
0.7479452243442163,0.203185889,0.541510241,0.821875119,0.0,0.0
0.7462525477704016,0.1805904775,0.597643055,0.826492607,0.0,0.0
0.7449210559886561,0.052815569,0.607865416,0.829163352,0.0,0.0
0.7468678877636186,0.034953213,0.600877675,0.845405353,0.0,0.0
0.7564948342192579,0.0,0.600446721,0.857274493,0.0,0.0
0.7604441385004737,0.0,0.602713135,0.861381388,0.0,0.0
0.7574640209771297,0.0,0.6239263134999999,0.8556727565,0.0,0.0
0.7308457302774352,0.0,0.658308364,0.865452524,0.0,0.0
0.6844722541934993,0.0,0.5937113805,0.839693927,0.0,0.0
0.6402620921352682,0.0,0.500495149,0.7935671449999999,0.0,0.0
0.6287998698325871,0.0,0.43158165299999995,0.7147544075,0.0,0.0
0.6530329007382439,0.0,0.410019273,0.674289623,0.0,0.0
0.7310410900681038,0.0,0.353169078,0.603430603,0.0,0.0
0.8337898893185886,0.0,0.339299975,0.5445326,0.0,0.0
0.8820975784607339,0.0,0.341084794,0.506475553,0.0,0.0
0.8989695718274656,0.03299334,0.324455504,0.518541822,0.0,0.0
0.901428554438497,0.074550082,0.273992425,0.501301711,0.0,0.0
0.9011369549708992,0.117043395,0.206840734,0.407259474,0.0,0.0
0.8982621983219169,0.108251816,0.185027828,0.35032885,0.0,0.0
0.8972645052951738,0.06468868950000001,0.160395515,0.34047783200000004,0.0,0.0
0.8961647661594583,0.026849116,0.134446723,0.32214379,0.0,0.0
0.8979836744930609,0.010844254,0.116157881,0.322764188,0.0,0.0
0.9031470625633159,0.0,0.108015072,0.309296815,0.0,0.0
0.903142856473039,0.0,0.108034407,0.297646933,0.0,0.0
0.8921717538861584,0.0,0.10975910250000001,0.2756223185,0.0,0.0
0.836134481494913,0.0,0.169043283,0.314314416,0.0,0.0
0.7812756315733136,0.0,0.2310828,0.347222723,0.0,0.0
0.7282212426887643,0.0,0.223950609,0.363438871,0.0,0.0
0.6766441451711186,0.0,0.25028746,0.391265703,0.0,0.0
0.640615504645665,0.0,0.2808507945,0.4164747845,0.0,0.0
0.6290584141009044,0.0,0.35019020850000004,0.4731121755,0.0,0.0
0.6530329007382439,0.0,0.402287848,0.513954434,0.0,0.0
0.7310183674892251,0.0,0.426683213,0.568756697,0.0,0.0
0.8337898893185886,0.0,0.424977258,0.606831303,0.0,0.0
0.8819304276572262,0.0,0.431202541,0.640863943,0.0,0.0
0.9004031554995668,0.030511511,0.459778166,0.682953608,0.0,0.0
0.9046057005433898,0.103386022,0.492934002,0.689970346,0.0,0.0
0.902306553524823,0.132147281,0.614146882,0.765118731,0.0,0.0
0.9009501446306141,0.160334703,0.684724268,0.803552745,0.0,0.0
0.9000814723120231,0.169654802,0.714221673,0.845609686,0.0,0.0
0.89905406166776,0.151687751,0.656120319,0.85854403,0.0,0.0
0.8979935498941922,0.136753102,0.647438539,0.825392071,0.0,0.0
0.899049398209572,0.070354616,0.645103451,0.816457732,0.0,0.0
0.9064990403392629,0.0,0.570828091,0.815671393,0.0,0.0
0.9063651734933117,0.0,0.538423021,0.785884197,0.0,0.0
0.896468710027111,0.0,0.5536133274999999,0.7659006975,0.0,0.0
0.8367200580892267,0.0,0.569590302,0.786613838,0.0,0.0
0.7805720985015382,0.0,0.592278283,0.79413197,0.0,0.0
0.7282212426887643,0.0,0.620256247,0.802462804,0.0,0.0
0.6766495400909546,0.0,0.5605819,0.762187544,0.0,0.0
0.6481972306742501,0.0,0.526522851,0.722509221,0.0,0.0
0.6324993164913782,0.0,0.489170548,0.686109465,0.0,0.0
0.6289674778553649,0.0,0.402849725,0.6323928275,0.0,0.0
0.6533635448883784,0.0,0.346578465,0.575789056,0.0,0.0
0.7316344847254733,0.0,0.300579624,0.545566442,0.0,0.0
0.8609357612615203,0.0,0.285728773,0.4864184485,0.0,0.0
0.9025791338004469,0.020298921,0.278002779,0.498125795,0.0,0.0
0.9054225267830798,0.102930098,0.295762948,0.485304379,0.0,0.0
0.9047386530994413,0.128449422,0.3048187,0.467487442,0.0,0.0
0.902224441195006,0.154720088,0.343638675,0.477431433,0.0,0.0
0.9000245971927511,0.0853372195,0.377330662,0.511638525,0.0,0.0
0.8984884188526017,0.029990287,0.332458618,0.545511875,0.0,0.0
0.8997382095937764,0.008679348,0.328337905,0.548793475,0.0,0.0
0.9048864189058305,0.0,0.339542543,0.545413879,0.0,0.0
0.9058062056930336,0.0,0.362380803,0.566136738,0.0,0.0
0.8959716923165002,0.0,0.428602211,0.6261824205,0.0,0.0
0.836899461804343,0.0,0.471572701,0.651398209,0.0,0.0
0.7805720985015382,0.0,0.491025039,0.652128364,0.0,0.0
0.7282212426887643,0.0,0.471247899,0.652959318,0.0,0.0
0.6766592326638341,0.0,0.441842075,0.652221544,0.0,0.0
0.6403819917946287,0.0,0.4217502885,0.6309651869999999,0.0,0.0
0.6287333706638697,0.0,0.38044983899999996,0.5800060065,0.0,0.0
0.6528954677008972,0.0,0.350158105,0.554293843,0.0,0.0
0.7308364948495054,0.0,0.342284655,0.539810283,0.0,0.0
0.8337898893185886,0.0,0.343279708,0.533592788,0.0,0.0
0.8821637804220614,0.0,0.34529282,0.54353186,0.0,0.0
0.9004031554995668,0.044189085,0.330412686,0.542579233,0.0,0.0
0.9021172744085753,0.148690785,0.308109501,0.533207228,0.0,0.0
0.898352265910299,0.220008585,0.272737792,0.504087199,0.0,0.0
0.8916473959198643,0.28132118,0.238903422,0.491265178,0.0,0.0
0.8886942758863918,0.34243504700000005,0.2200229025,0.43322009699999997,0.0,0.0
0.8909366390511717,0.239598829,0.251413895,0.41454543,0.0,0.0
0.8997382095937764,0.130544882,0.312302398,0.450256619,0.0,0.0
0.9092854668628184,0.0,0.366608384,0.509335123,0.0,0.0
0.912394307738284,0.0,0.402125269,0.581028327,0.0,0.0
0.9038383428721233,0.0,0.43451031,0.6612897959999999,0.0,0.0
0.8371931643913996,0.0,0.490680159,0.716958909,0.0,0.0
0.7813522575691688,0.0,0.511024858,0.739030067,0.0,0.0
0.7303116338825575,0.0,0.484825153,0.718557664,0.0,0.0
0.663783314761144,0.0,0.501657546,0.727684891,0.0,0.0
0.6347717403367716,0.0,0.49774830400000003,0.7119975535,0.0,0.0
0.6456364076731897,0.0,0.4876818765,0.7108861545,0.0,0.0
0.7421017114613294,0.0,0.472190042,0.716812937,0.0,0.0
0.8729544825141968,0.0,0.4823537,0.70031965,0.0,0.0
0.9146021984875504,0.06566063,0.469460756,0.675381648,0.0,0.0
0.9175401395398609,0.34415338,0.427138955,0.65930026,0.0,0.0
0.9105869207060013,0.472336829,0.33021262,0.57113011,0.0,0.0
0.9075884468545767,0.510649163,0.283067819,0.541653597,0.0,0.0
0.9059206875418664,0.513507331,0.267163956,0.511801465,0.0,0.0
0.9050149823947125,0.456747099,0.259048011,0.492404883,0.0,0.0
0.9048359444847406,0.338108473,0.300977753,0.522327578,0.0,0.0
0.9157679566077008,0.138934495,0.344853793,0.54076927,0.0,0.0
0.9237593759254956,0.0,0.377909548,0.55671717,0.0,0.0
0.9259709242802834,0.0,0.404565227,0.563574309,0.0,0.0
0.9113975291500814,0.0,0.4210799625,0.5600183425,0.0,0.0
0.8067203232734307,0.0,0.4124,0.5558874885,0.0,0.0
0.7306117373907575,0.0,0.422467113,0.542091669,0.0,0.0
0.6606209361252057,0.0,0.388279095,0.497690984,0.0,0.0
0.623575400329822,0.0,0.32796742300000004,0.4171432595,0.0,0.0
0.607483223264909,0.0,0.28533381999999996,0.3263945075,0.0,0.0
0.6211280761412994,0.0,0.22088380600000002,0.249886851,0.0,0.0
0.65909769645125,0.0,0.258401742,0.300211416,0.0,0.0
0.6980929900911493,0.0,0.266637206,0.328108938,0.0,0.0
0.743268658411039,0.016775815,0.261458463,0.342967447,0.0,0.0
0.7748595266180107,0.100761802,0.263656694,0.33226017,0.0,0.0
0.7799142849785389,0.172056591,0.235255818,0.291321067,0.0,0.0
0.7802646799309362,0.27563947,0.185896662,0.215617631,0.0,0.0
0.7794961335787514,0.283975385,0.143991089,0.151260792,0.0,0.0
0.7779997311598256,0.271299257,0.122082258,0.121363325,0.0,0.0
0.7766939796635991,0.225471506,0.136322985,0.125187835,0.0,0.0
0.783712943239516,0.103675843,0.168729248,0.142242777,0.0,0.0
0.8040438067776071,0.0,0.165030461,0.135896356,0.0,0.0
0.8102347884690178,0.0,0.137100846,0.116676733,0.0,0.0
0.8006264042090432,0.0,0.1261300685,0.08250395699999999,0.0,0.0
0.7488714347202932,0.0,0.1239686785,0.0805403375,0.0,0.0
0.6790425494246138,0.0,0.1384578795,0.08959267600000001,0.0,0.0
0.6292994935146694,0.0,0.12139219550000001,0.079458157,0.0,0.0
0.6140754401349511,0.0,0.088166331,0.0984510345,0.0,0.0
0.6241674919271354,0.0,0.123857571,0.2144576755,0.0,0.0
0.660467546937986,0.0,0.180454984,0.359005086,0.0,0.0
0.7006944806356025,0.0,0.215420303,0.48020573,0.0,0.0
0.7446276276439773,0.01010122,0.27640189,0.578105787,0.0,0.0
0.7728129346817865,0.070153651,0.317511597,0.626100699,0.0,0.0
0.7760130319751932,0.092744495,0.371420267,0.655669288,0.0,0.0
0.7759597229729964,0.139825725,0.384656422,0.624187648,0.0,0.0
0.7760732903832886,0.154510575,0.412187066,0.617036552,0.0,0.0
0.7749189620016913,0.10137467,0.437197325,0.636537529,0.0,0.0
0.7746276367764713,0.106463422,0.431503136,0.690730738,0.0,0.0
0.7815289181173042,0.032875241,0.489379396,0.75818571,0.0,0.0
0.7943880112129643,0.0,0.542248383,0.805515131,0.0,0.0
0.7973631681450508,0.0,0.5347448815,0.8099298239999999,0.0,0.0
0.7697677354289194,0.0,0.5176381465,0.796021629,0.0,0.0
0.7254148825346943,0.0,0.497934538,0.774567253,0.0,0.0
0.68549052104692,0.0,0.467072013,0.7625971535,0.0,0.0
0.6492299906056065,0.0,0.516279559,0.8116404195,0.0,0.0
0.6397176174872465,0.0,0.5611714025,0.841277806,0.0,0.0
0.6648377914187129,0.0,0.604246338,0.863036989,0.0,0.0
0.7704294807998179,0.0,0.624404375,0.870206002,0.0,0.0
0.8892962200684651,0.0,0.682968045,0.8961708895,0.0,0.0
0.9267253889924192,0.02111566,0.728307106,0.911659693,0.0,0.0
0.9322172266792239,0.110559196,0.736003908,0.911773246,0.0,0.0
0.9304069136517084,0.196922163,0.703448471,0.889400763,0.0,0.0
0.9296882015244506,0.211361692,0.790249283,0.894819055,0.0,0.0
0.928927610430831,0.171816854,0.756645923,0.894964183,0.0,0.0
0.9277436558458397,0.189327089,0.754825556,0.89519751,0.0,0.0
0.9269097304081011,0.1385652,0.748436861,0.90131431,0.0,0.0
0.9303315677508974,0.041313785,0.741097726,0.908260921,0.0,0.0
0.9361103415957527,0.0,0.736048324,0.906522215,0.0,0.0
0.9371574574095359,0.0,0.742605916,0.9120488655000001,0.0,0.0
0.9055846484718959,0.0,0.752005481,0.915314875,0.0,0.0
0.8372590921103494,0.0,0.75355737,0.914686607,0.0,0.0
0.7808283110407614,0.0,0.758837341,0.914053473,0.0,0.0
0.735017094557481,0.0,0.795456895,0.918650802,0.0,0.0
0.6832097532471253,0.0,0.772338421,0.907362211,0.0,0.0
0.6525081770411258,0.0,0.7362130665,0.8882168675,0.0,0.0
0.6422530205238304,0.0,0.7197995690000001,0.8779906155,0.0,0.0
0.6687863186055382,0.0,0.720995607,0.878488291,0.0,0.0
0.7758265874400524,0.0,0.737326102,0.888051718,0.0,0.0
0.8685216935290232,0.0,0.754197587,0.901528933,0.0,0.0
0.9100732153838696,0.0,0.758723725,0.90871123,0.0,0.0
0.9260221301630214,0.009955015,0.760274976,0.911452173,0.0,0.0
0.9314862617889983,0.099872209,0.749643299,0.909517334,0.0,0.0
0.9303888086009935,0.130854474,0.712367338,0.889766657,0.0,0.0
0.9293435672970339,0.193296661,0.779657499,0.895860466,0.0,0.0
0.9268549583339676,0.223861064,0.79845261,0.894338656,0.0,0.0
0.9277436558458397,0.183085565,0.80712014,0.900952561,0.0,0.0
0.9276684927732805,0.149526478,0.838288692,0.912542987,0.0,0.0
0.9296602212212451,0.031813049,0.844382851,0.924089031,0.0,0.0
0.9352371887958664,0.0,0.853249319,0.927474825,0.0,0.0
0.9341866438375559,0.0,0.860732465,0.9297389810000001,0.0,0.0
0.902472790038431,0.0,0.86256693,0.931891872,0.0,0.0
0.8352289591760108,0.0,0.858442759,0.931152373,0.0,0.0
0.7802095420516582,0.0,0.85243914,0.930261885,0.0,0.0
0.7332952489995425,0.0,0.836866396,0.925630516,0.0,0.0
0.6690292725291271,0.0,0.862853815,0.9275816835,0.0,0.0
0.6400893406929813,0.0,0.8627157675,0.927767528,0.0,0.0
0.6390384071874755,0.0,0.856750435,0.927461704,0.0,0.0
0.6647316306335895,0.0,0.854438157,0.928275188,0.0,0.0
0.7679637316111396,0.0,0.852461846,0.927756929,0.0,0.0
0.8668588719168785,0.0,0.846800858,0.927920251,0.0,0.0
0.9089047139480975,0.0,0.840075782,0.92615528,0.0,0.0
0.9250482113492069,0.005757182,0.832397251,0.922066374,0.0,0.0
0.9305981129105223,0.048957143,0.815888619,0.918018595,0.0,0.0
0.9300870593412458,0.091338147,0.774618481,0.907717503,0.0,0.0
0.9292120776642784,0.119832427,0.749863322,0.901118039,0.0,0.0
0.9285722776292273,0.128580764,0.721111676,0.887539474,0.0,0.0
0.9278344548958698,0.132829167,0.713815839,0.865977166,0.0,0.0
0.9276684927732805,0.090704199,0.737210554,0.852010034,0.0,0.0
0.9302211091640896,0.023899377,0.716578231,0.844883049,0.0,0.0
0.9356072431364004,0.0,0.707232068,0.851448175,0.0,0.0
0.9357423902260366,0.0,0.694309057,0.846379535,0.0,0.0
0.9191989379643009,0.0,0.6699944470000001,0.8245347295000001,0.0,0.0
0.8354538081975257,0.0,0.611198526,0.78180093,0.0,0.0
0.780255353163201,0.0,0.562797694,0.736290802,0.0,0.0
0.7335191378011334,0.0,0.464568589,0.630649063,0.0,0.0
0.6822904236791926,0.0,0.445664994,0.587081828,0.0,0.0
0.649602468163681,0.0,0.421461289,0.5581408084999999,0.0,0.0
0.6393103702319485,0.0,0.3885025,0.52742498,0.0,0.0
0.6647316306335895,0.0,0.376305963,0.500612715,0.0,0.0
0.7679637316111396,0.0,0.359422912,0.485912528,0.0,0.0
0.8668588719168785,0.0,0.346045595,0.472402947,0.0,0.0
0.9088684127298232,0.0,0.329666642,0.443606545,0.0,0.0
0.9267253889924192,0.006085277,0.31265958,0.419115025,0.0,0.0
0.9332912713108036,0.055954916,0.274351972,0.368610154,0.0,0.0
0.9339894096113839,0.080981415,0.308826242,0.339931949,0.0,0.0
0.9338993420230017,0.123482654,0.296929574,0.323030705,0.0,0.0
0.9341559203673695,0.08214814,0.299091049,0.311339401,0.0,0.0
0.9333872824524179,0.048328391,0.265976772,0.294407887,0.0,0.0
0.9340924615730227,0.039165539,0.251482311,0.29142683,0.0,0.0
0.9371582346525672,0.01323586,0.241364859,0.290118226,0.0,0.0
0.9424660053147085,0.0,0.241481558,0.296379085,0.0,0.0
0.9414768161056062,0.0,0.2479035635,0.3150268965,0.0,0.0
0.8733465280462822,0.0,0.22191792700000001,0.3074756195,0.0,0.0
0.7816476062050549,0.0,0.186486569,0.275661933,0.0,0.0
0.7381568878100498,0.0,0.154788211,0.225736247,0.0,0.0
0.6842890101189302,0.0,0.144614741,0.213555717,0.0,0.0
0.655733008544424,0.0,0.14101594150000002,0.20669295199999999,0.0,0.0
0.6473118707441385,0.0,0.1254088675,0.17902355450000002,0.0,0.0
0.6770902770227524,0.0,0.128785867,0.179569053,0.0,0.0
0.7855593746570539,0.0,0.141193023,0.201732292,0.0,0.0
0.878073339716594,0.0,0.146837374,0.21966575,0.0,0.0
0.9186249741597534,0.0,0.143391378,0.223481282,0.0,0.0
0.937062863558475,0.003037695,0.134110002,0.209045583,0.0,0.0
0.9455857274439718,0.020583565,0.120040498,0.181027647,0.0,0.0
0.9461206467889437,0.051158631,0.113321783,0.158699674,0.0,0.0
0.946239609119072,0.043976108,0.100677585,0.14206622,0.0,0.0
0.9455667081033572,0.033107735,0.0823423635,0.12084924050000001,0.0,0.0
0.9457259037969403,0.014765856,0.070510762,0.098242326,0.0,0.0
0.9462555194875613,0.00542088,0.069402525,0.08615388,0.0,0.0
0.9510811313221721,0.0,0.069796803,0.08715048,0.0,0.0
0.9501491830374864,0.0,0.066000416,0.083887503,0.0,0.0
0.9306260475809853,0.0,0.0599587865,0.07118432250000001,0.0,0.0
0.8412858910445776,0.0,0.054630644,0.06300173,0.0,0.0
0.7838728702461065,0.0,0.048183681,0.054346561,0.0,0.0
0.7404067489398041,0.0,0.042148836,0.03838655,0.0,0.0
0.6494198640623133,0.0,0.0416729195,0.0292303085,0.0,0.0
0.6190597216974795,0.0,0.0556019575,0.0361968425,0.0,0.0
0.6177521412498514,0.0,0.0643693645,0.07285303500000001,0.0,0.0
0.654968805626666,0.0,0.069010675,0.0952187615,0.0,0.0
0.706625043548872,0.0,0.075472862,0.098016903,0.0,0.0
0.7548350757978552,0.002770973,0.090362427,0.112474659,0.0,0.0
0.7864123194354072,0.027790913,0.112349498,0.145571025,0.0,0.0
0.7902375864904198,0.071100785,0.120119664,0.191359036,0.0,0.0
0.7910187514107169,0.120809119,0.125841557,0.193912741,0.0,0.0
0.7901996392233162,0.068664773,0.134019832,0.208006607,0.0,0.0
0.789586173739923,0.058922205,0.161720027,0.237565821,0.0,0.0
0.7906819808790984,0.0424597,0.195621113,0.286119403,0.0,0.0
0.7975704608235672,0.005968826,0.227893582,0.332878905,0.0,0.0
0.8099213349310576,0.0,0.249691991,0.372570884,0.0,0.0
0.8123252712255776,0.0,0.258252038,0.401065971,0.0,0.0
0.8003414339749424,0.0,0.2602240935,0.4213167655,0.0,0.0
0.7479825085987858,0.0,0.264782876,0.4325437725,0.0,0.0
0.6961419062958858,0.0,0.301831806,0.50509545,0.0,0.0
0.6499893702019368,0.0,0.2738591805,0.4580662395,0.0,0.0
0.6201803546836335,0.0,0.248398426,0.402053563,0.0,0.0
0.6187070407230513,0.0,0.2706346625,0.4275373605,0.0,0.0
0.6420724509441671,0.0,0.31452173,0.487627902,0.0,0.0
0.6895511982048432,0.0,0.344535533,0.5459139319999999,0.0,0.0
0.755815578212424,0.00230597,0.364771106,0.609398247,0.0,0.0
0.7875002628787842,0.024023771,0.368234897,0.633186225,0.0,0.0
0.7923194739408926,0.053225058,0.362772938,0.652273522,0.0,0.0
0.7921672276532079,0.073047019,0.364975668,0.616800972,0.0,0.0
0.7908910109462497,0.08864384,0.372114169,0.589034991,0.0,0.0
0.7897397915367776,0.085075068,0.358810431,0.562850867,0.0,0.0
0.7902058570189261,0.060420789,0.363597816,0.573454646,0.0,0.0
0.7962534621197577,0.00744502,0.369700307,0.607811703,0.0,0.0
0.8097580245613233,0.0,0.390921552,0.637639247,0.0,0.0
0.8119575942468802,0.0,0.394288982,0.6058858665,0.0,0.0
0.7911784957376964,0.0,0.3773198,0.548563905,0.0,0.0
0.7517534836153064,0.0,0.348160042,0.470201747,0.0,0.0
0.703404601038423,0.0,0.303668725,0.398116597,0.0,0.0
0.6884411493394178,0.0,0.235345049,0.3162403545,0.0,0.0
0.67185963535712,0.0,0.173037304,0.248442114,0.0,0.0
0.674178738896893,0.0,0.1491755345,0.214929226,0.0,0.0
0.7038809535082304,0.0,0.167058126,0.221629635,0.0,0.0
0.8051785670365527,0.0,0.176217764,0.230382172,0.0,0.0
0.8931072225808566,0.0,0.165165495,0.215569551,0.0,0.0
0.9358365726392106,0.0,0.142666152,0.18566893,0.0,0.0
0.9545404587128017,0.007657253,0.122182913,0.156448688,0.0,0.0
0.9575001624213487,0.153417182,0.099833325,0.130409593,0.0,0.0
0.9534452000583816,0.25547228,0.079152682,0.108843214,0.0,0.0
0.9491423462199007,0.335260089,0.058003167,0.093789131,0.0,0.0
0.9462248874315008,0.357242834,0.057565824,0.099498828,0.0,0.0
0.9450929617536622,0.266837053,0.074874545,0.122111292,0.0,0.0
0.948780887036813,0.203821898,0.098562293,0.150758346,0.0,0.0
0.9533447998495977,0.025854594,0.114878248,0.165597387,0.0,0.0
0.9598203403372224,0.0,0.110813005,0.155604177,0.0,0.0
0.9596025321357322,0.0,0.107469675,0.152331603,0.0,0.0
0.9411589734261562,0.0,0.100438957,0.1410979395,0.0,0.0
0.8524996273826452,0.0,0.083306557,0.119175283,0.0,0.0
0.7963219501774368,0.0,0.074800294,0.106992058,0.0,0.0
0.7555253502539963,0.0,0.074926649,0.103083038,0.0,0.0
0.6909687113479337,0.0,0.073773873,0.098331363,0.0,0.0
0.673112969473319,0.0,0.070755749,0.098162663,0.0,0.0
0.6896460434819105,0.0,0.066376469,0.093374072,0.0,0.0
0.8056357629702361,0.0,0.0635395,0.091128004,0.0,0.0
0.8926681315492473,0.0,0.066480796,0.092927871,0.0,0.0
0.9354010477989968,0.0,0.072122009,0.095566342,0.0,0.0
0.9545404587128017,0.006020128,0.078631445,0.096683655,0.0,0.0
0.9579440081766312,0.160526756,0.079678122,0.088598296,0.0,0.0
0.9547410763021176,0.270902351,0.06094908,0.070154008,0.0,0.0
0.9523242470484666,0.30151467,0.056248767,0.068755617,0.0,0.0
0.9487427569414576,0.346892981,0.062740398,0.083043515,0.0,0.0
0.9479190727099949,0.282225794,0.081954503,0.105764358,0.0,0.0
0.9502578128958539,0.211279722,0.114978591,0.143284716,0.0,0.0
0.9548475114782594,0.023663902,0.151732199,0.181537855,0.0,0.0
0.9611799496176826,0.0,0.192943445,0.219896126,0.0,0.0
0.9613146394880485,0.0,0.226751578,0.252617506,0.0,0.0
0.9584368654297076,0.0,0.232727677,0.28337533,0.0,0.0
0.9256603053234301,0.0,0.228999632,0.311142533,0.0,0.0
0.8518761950839947,0.0,0.234725429,0.322628557,0.0,0.0
0.7957659997865172,0.0,0.254186741,0.338271532,0.0,0.0
0.7555295563442731,0.0,0.323752738,0.409620218,0.0,0.0
0.7071143803919363,0.0,0.325256824,0.421572714,0.0,0.0
0.6785227405373696,0.0,0.3629293715,0.4888669565,0.0,0.0
0.6660076416216043,0.0,0.44074617149999995,0.57410947,0.0,0.0
0.6929983185395678,0.0,0.508781018,0.622546152,0.0,0.0
0.7997395812813153,0.0,0.56820214,0.672314506,0.0,0.0
0.8874981598782381,0.0,0.619744299,0.725998777,0.0,0.0
0.9290305709783441,0.0,0.673308724,0.771598687,0.0,0.0
0.9468919363081094,0.004877725,0.740819238,0.818850997,0.0,0.0
0.9504781812874323,0.129391946,0.789471935,0.850620407,0.0,0.0
0.9459949178811686,0.206481873,0.814283256,0.856888825,0.0,0.0
0.9440507378590612,0.161748813,0.849000829,0.878140129,0.0,0.0
0.9416563111605281,0.146105623,0.869163005,0.893611608,0.0,0.0
0.9413146944911106,0.150948608,0.891212483,0.911206511,0.0,0.0
0.9424419567107613,0.075184956,0.89458688,0.918760869,0.0,0.0
0.9441365077943997,0.009258662,0.898883165,0.923919303,0.0,0.0
0.9489257266993287,0.0,0.907860569,0.930775383,0.0,0.0
0.9487737548026626,0.0,0.916062828,0.93406843,0.0,0.0
0.9293050713965341,0.0,0.922661899,0.9362885999999999,0.0,0.0
0.840989628118792,0.0,0.92433149,0.936980289,0.0,0.0
0.7832477006331415,0.0,0.923347488,0.936954448,0.0,0.0
0.7380291014155583,0.0,0.917983084,0.937352796,0.0,0.0
0.6840754995704834,0.0,0.912985221,0.937449851,0.0,0.0
0.6545465622184581,0.0,0.902092742,0.9358535585,0.0,0.0
0.6462402034743951,0.0,0.917645516,0.9347942505,0.0,0.0
0.6762704790064463,0.0,0.912848415,0.936790578,0.0,0.0
0.7848883939325462,0.0,0.908427212,0.937209917,0.0,0.0
0.8759802967699457,0.0,0.90119503,0.937377335,0.0,0.0
0.9164814566433743,0.0,0.891203894,0.937382515,0.0,0.0
0.9352392917666844,0.0,0.878955864,0.937269873,0.0,0.0
0.9429147887705566,0.006486218,0.868964731,0.937229491,0.0,0.0
0.9417554312742676,0.012016427,0.807621238,0.93582843,0.0,0.0
0.9404156643588368,0.01542997,0.808736056,0.935488297,0.0,0.0
0.9395796358016394,0.016312356,0.817361696,0.935185824,0.0,0.0
0.9379283354908148,0.014854323,0.846557151,0.935432051,0.0,0.0
0.9369459127850388,0.008521425,0.855322071,0.935749796,0.0,0.0
0.9373297745232443,0.001692791,0.877337492,0.936297631,0.0,0.0
0.9401748135547068,0.0,0.89856215,0.937010374,0.0,0.0
0.937233123334108,0.0,0.90322647,0.9372684339999999,0.0,0.0
0.8699208046369702,0.0,0.8975650525000001,0.937304206,0.0,0.0
0.780255353163201,0.0,0.892268478,0.937196659,0.0,0.0
0.7333946891370432,0.0,0.849587518,0.935268549,0.0,0.0
0.6692104592656208,0.0,0.8362182760000001,0.9346725745,0.0,0.0
0.6392734973409455,0.0,0.820573103,0.93244948,0.0,0.0
0.6497030740914083,0.0,0.803960392,0.9273897935,0.0,0.0
0.7618673894035324,0.0,0.785270031,0.924034488,0.0,0.0
0.860588520913991,0.0,0.781838385,0.923460623,0.0,0.0
0.9133066423418958,0.000923407,0.784607335,0.9210715549999999,0.0,0.0
0.9260834858379092,0.063356086,0.79969635,0.921012341,0.0,0.0
0.9247212248045938,0.133352046,0.769777187,0.909202501,0.0,0.0
0.9240656058151794,0.180196041,0.781225803,0.903935798,0.0,0.0
0.9222440914357846,0.195429646,0.764629192,0.8965487000000001,0.0,0.0
0.9199254222989107,0.112835703,0.722416856,0.888275703,0.0,0.0
0.9213557140219939,0.009386489,0.718597392,0.887607604,0.0,0.0
0.9254584074904293,0.0,0.723516594,0.892042526,0.0,0.0
0.9237491805749236,0.0,0.7103961,0.8910297475,0.0,0.0
0.86561145846322,0.0,0.7026713325,0.8879074905,0.0,0.0
0.7794415443328696,0.0,0.680354419,0.880387101,0.0,0.0
0.7298503689054656,0.0,0.649391803,0.860917879,0.0,0.0
0.6617553763603902,0.0,0.618508817,0.852541294,0.0,0.0
0.6333577247873221,0.0,0.61244886,0.8465100405,0.0,0.0
0.6204695310823317,0.0,0.6002077095,0.8275587955,0.0,0.0
0.6344693281388103,0.0,0.5473553680000001,0.7890907125,0.0,0.0
0.7032861187439363,0.0,0.5003813589999999,0.742394722,0.0,0.0
0.7656679679557167,0.00212464,0.485992794,0.716531134,0.0,0.0
0.7891964598626113,0.109097385,0.488949699,0.719088522,0.0,0.0
0.7945181291879089,0.194995687,0.430973145,0.675237285,0.0,0.0
0.792812056877271,0.2850810615,0.43973925199999997,0.6765609275,0.0,0.0
0.7911380795459895,0.229943471,0.412696946,0.646680963,0.0,0.0
0.7906876501899529,0.169240957,0.37294549,0.592336436,0.0,0.0
0.7998390670515586,0.011427968,0.367770889,0.565818956,0.0,0.0
0.8150422952529135,0.0,0.385950306,0.570059397,0.0,0.0
0.8178058618534402,0.0,0.405455889,0.57458672,0.0,0.0
0.8086592454968908,0.0,0.4595194885,0.6260522385,0.0,0.0
0.7498166644369845,0.0,0.4833493565,0.6509914595,0.0,0.0
0.6764222222934774,0.0,0.497280429,0.689310136,0.0,0.0
0.632938613241931,0.0,0.5389220020000001,0.7153921395,0.0,0.0
0.6194631056283125,0.0,0.5887706690000001,0.7737926895,0.0,0.0
0.6338359974740164,0.0,0.619307532,0.8400454895,0.0,0.0
0.7038181119450346,0.0,0.6460745615,0.8831756955,0.0,0.0
0.764765874632701,0.0,0.640205839,0.892784152,0.0,0.0
0.7863329502725712,0.003685347,0.630444838,0.894071604,0.0,0.0
0.7911732836461123,0.008391647,0.569525853,0.874075468,0.0,0.0
0.7915277934233013,0.011085616,0.57486167,0.870121467,0.0,0.0
0.7906509373851509,0.0145028355,0.5564984445,0.8379445065,0.0,0.0
0.7922336125171077,0.0046146155000000005,0.4506444415,0.7560543905,0.0,0.0
0.8097305927428732,0.0,0.392243432,0.730418963,0.0,0.0
0.8117008329256198,0.0,0.390079823,0.738116297,0.0,0.0
0.8017926653298475,0.0,0.3771023705,0.7000786525,0.0,0.0
0.7474001781721067,0.0,0.374126028,0.601313312,0.0,0.0
0.6919967392976679,0.0,0.344766811,0.494827548,0.0,0.0
0.6700970535837136,0.0,0.33583004,0.520164275,0.0,0.0
0.647668437859403,0.0,0.37407675549999997,0.59389984,0.0,0.0
0.6457530611649157,0.0,0.45712027,0.654688951,0.0,0.0
0.6760742962656834,0.0,0.5325907,0.704185586,0.0,0.0
0.7729012649558541,0.0,0.609820128,0.762131205,0.0,0.0
0.8530977311309453,0.0,0.656702435,0.829521386,0.0,0.0
0.8899742873943809,0.000519852,0.7063049745000001,0.892472406,0.0,0.0
0.8984020087211002,0.057189244,0.738331569,0.913362531,0.0,0.0
0.8962989988105539,0.103739178,0.760715017,0.905430542,0.0,0.0
0.8956571872188106,0.072329147,0.793588288,0.905002384,0.0,0.0
0.8949539284637333,0.0900238715,0.8186761005000001,0.9187550615,0.0,0.0
0.8956520666899932,0.079226675,0.809138877,0.9240469,0.0,0.0
0.8988987979707168,0.009748976,0.805386715,0.925397348,0.0,0.0
0.9066742378154615,0.0,0.804943873,0.925770207,0.0,0.0
0.9092187161937741,0.0,0.7774720265,0.9180828695000001,0.0,0.0
0.8917636150830116,0.0,0.760440245,0.897674959,0.0,0.0
0.8336404776120108,0.0,0.73319343,0.894439217,0.0,0.0
0.781687199372347,0.0,0.714258228,0.888016922,0.0,0.0
0.731429249459353,0.0,0.770365538,0.886158423,0.0,0.0
0.6803260356355523,0.0,0.795217253,0.891103985,0.0,0.0
0.6605796970577249,0.0,0.816948095,0.907024752,0.0,0.0
0.648360243910915,0.0,0.8576549849999999,0.9241529315,0.0,0.0
0.6471891136129794,0.0,0.868075595,0.933043346,0.0,0.0
0.6792538197324127,0.0,0.864203926,0.934455112,0.0,0.0
0.7971684026205209,0.0,0.863785501,0.93514841,0.0,0.0
0.8800487919909248,0.0,0.871488475,0.935354655,0.0,0.0
0.91269495987988,0.0,0.875817528,0.935632585,0.0,0.0
0.9242208695122227,0.002505094,0.878044601,0.936269036,0.0,0.0
0.9284460916508228,0.220900365,0.880134426,0.936355179,0.0,0.0
0.9268577015009485,0.381725823,0.868448966,0.93591666,0.0,0.0
0.9225978240442628,0.455975191,0.874102872,0.936589694,0.0,0.0
0.9229307083607245,0.4397209795,0.896700221,0.9372832904999999,0.0,0.0
0.9252950971206951,0.270720552,0.904392369,0.937359155,0.0,0.0
0.9291432239500956,0.018139022,0.900126997,0.937066263,0.0,0.0
0.9364182172369842,0.0,0.891259045,0.936059156,0.0,0.0
0.9391503745384189,0.0,0.857145343,0.9321134870000001,0.0,0.0
0.9053977468661256,0.0,0.795731457,0.918114202,0.0,0.0
0.8353416122964034,0.0,0.74018186,0.894652537,0.0,0.0
0.7832106676559377,0.0,0.683537342,0.867832056,0.0,0.0
0.7398887003318864,0.0,0.573211847,0.8070197,0.0,0.0
0.6854508363911813,0.0,0.50669211,0.765457089,0.0,0.0
0.6687895188431485,0.0,0.455217831,0.729294609,0.0,0.0
0.6604224673624116,0.0,0.360370437,0.6742282485,0.0,0.0
0.6595733630921521,0.0,0.275815879,0.588163535,0.0,0.0
0.6961755102772031,0.0,0.249588192,0.530155942,0.0,0.0
0.8237222517125348,0.0,0.242102831,0.482047366,0.0,0.0
0.8986197255084646,0.0,0.215469604,0.426117476,0.0,0.0
0.924809920883806,0.0,0.207037525,0.353178985,0.0,0.0
0.9376790722088493,0.001654294,0.223253207,0.322151453,0.0,0.0
0.9407207054189615,0.13451606,0.24049224,0.308137879,0.0,0.0
0.9345688596755728,0.24722391,0.235740577,0.280874792,0.0,0.0
0.9277765738496109,0.273324142,0.234723355,0.301314444,0.0,0.0
0.9263516770463636,0.375802138,0.238534519,0.308893923,0.0,0.0
0.9251421193713624,0.336605124,0.24971412,0.332488344,0.0,0.0
0.925963243264096,0.229375027,0.258392311,0.351896268,0.0,0.0
0.9324588089450019,0.013607623,0.28625109,0.399395261,0.0,0.0
0.9417479332349727,0.0,0.313755278,0.444355712,0.0,0.0
0.9426294070985687,0.0,0.342345932,0.469927996,0.0,0.0
0.9256571963513048,0.0,0.4000121565,0.5552320325,0.0,0.0
0.8106038370312058,0.0,0.43121729350000004,0.610439041,0.0,0.0
0.7389156958079717,0.0,0.430329252,0.627545476,0.0,0.0
0.6761726847691343,0.0,0.4217750045,0.6144263945,0.0,0.0
0.6560139097351164,0.0,0.406128468,0.5815109995000001,0.0,0.0
0.6543341719018159,0.0,0.387392341,0.559908014,0.0,0.0
0.687540130466823,0.0,0.358052131,0.543062586,0.0,0.0
0.8138932703770263,0.0,0.360160246,0.5608749,0.0,0.0
0.8930349856521709,0.0,0.300634747,0.543255177,0.0,0.0
0.9171727369521818,0.0,0.27735588,0.514647391,0.0,0.0
0.9305378545024269,0.0,0.286293222,0.536720212,0.0,0.0
0.9349287643725979,0.003159523,0.316449073,0.569296477,0.0,0.0
0.9328628787047404,0.00733907,0.283071699,0.518160709,0.0,0.0
0.9319866170813697,0.012186084,0.298117292,0.522564387,0.0,0.0
0.9302371109467049,0.012527002,0.323809946,0.517331476,0.0,0.0
0.928359773082088,0.008376815,0.341347128,0.523853272,0.0,0.0
0.9258759188426947,0.004040011,0.354749727,0.538551366,0.0,0.0
0.9259819883623331,0.001075323,0.395278284,0.580335254,0.0,0.0
0.9267219142151495,0.0,0.475697209,0.67097687,0.0,0.0
0.9244203898347461,0.0,0.558920349,0.746987715,0.0,0.0
0.9071141975042281,0.0,0.6537525435,0.826826731,0.0,0.0
0.8343465710225153,0.0,0.695265298,0.865953845,0.0,0.0
0.7816065499658259,0.0,0.734614047,0.870786923,0.0,0.0
0.7306996560782975,0.0,0.747110948,0.869569992,0.0,0.0
0.6795701992656056,0.0,0.743512335,0.896776279,0.0,0.0
0.6547951625622097,0.0,0.692717953,0.8910257735,0.0,0.0
0.6455116159460061,0.0,0.5465557409999999,0.792503287,0.0,0.0
0.6763672673910919,0.0,0.422762188,0.700897102,0.0,0.0
0.7746287340432638,0.0,0.272582504,0.554225858,0.0,0.0
0.8559337176370501,0.0,0.274032759,0.465897125,0.0,0.0
0.9028174242658478,0.0,0.251774226,0.39873920949999997,0.0,0.0
0.9138222220995308,0.025496715,0.284540916,0.357424781,0.0,0.0
0.9109034832160867,0.036790979,0.404386477,0.453259315,0.0,0.0
0.9066528411130103,0.03796309,0.472451216,0.498785537,0.0,0.0
0.9057031537313947,0.022385718,0.575803959,0.581154323,0.0,0.0
0.9039666321186276,0.006934619,0.696031283,0.724581551,0.0,0.0
0.9015188964178976,0.003023595,0.790734871,0.845664073,0.0,0.0
0.9000277975046819,0.0,0.841768481,0.909301351,0.0,0.0
0.9022001183486812,0.0,0.851954218,0.921171667,0.0,0.0
0.9008184721696068,0.0,0.836203229,0.906042829,0.0,0.0
0.8894244178265232,0.0,0.7985698615,0.9297548474999999,0.0,0.0
0.8327019457265707,0.0,0.819573941,0.933866705,0.0,0.0
0.7822878634593762,0.0,0.841519673,0.925907081,0.0,0.0
0.7304224582745098,0.0,0.833055675,0.927747722,0.0,0.0
0.6508174892076319,0.0,0.8417481395,0.930459403,0.0,0.0
0.6224107622185148,0.0,0.77825262,0.9133027625,0.0,0.0
0.6208349221133187,0.0,0.739637227,0.896254178,0.0,0.0
0.6642670737818,0.0,0.7510378325,0.8862652,0.0,0.0
0.7268389564621679,0.0,0.7721276,0.90636137,0.0,0.0
0.7653924616848602,0.0,0.790977849,0.912379415,0.0,0.0
0.7890966082872236,0.03138481,0.802463019,0.916369598,0.0,0.0
0.7911732836461123,0.073944829,0.816787546,0.916550241,0.0,0.0
0.7912862111575233,0.085235207,0.850446893,0.922725066,0.0,0.0
0.7878748435563175,0.10556869199999999,0.874743342,0.9306895104999999,0.0,0.0
0.7839162124330461,0.082380852,0.876208741,0.932651995,0.0,0.0
0.7898555536292956,0.00712149,0.891573672,0.932494006,0.0,0.0
0.8028065430417781,0.0,0.904814894,0.931742318,0.0,0.0
0.8060061831159145,0.0,0.912355003,0.929913097,0.0,0.0
0.7989492722728939,0.0,0.919407162,0.92653461,0.0,0.0
0.7491277844550256,0.0,0.90745305,0.908996553,0.0,0.0
0.6911211633545618,0.0,0.873903357,0.906356449,0.0,0.0
0.651050819156096,0.0,0.779151894,0.879555943,0.0,0.0
0.6223505038104192,0.0,0.5984752284999999,0.83657361,0.0,0.0
0.6202279030351704,0.0,0.48028418100000003,0.7368925725,0.0,0.0
0.6626552752241415,0.0,0.4564760795,0.6715227404999999,0.0,0.0
0.7469805865910741,0.0,0.434429398,0.628276717,0.0,0.0
0.789609033514311,0.090533303,0.434108357,0.633649932,0.0,0.0
0.7942515840282839,0.205447209,0.527136117,0.698887282,0.0,0.0
0.792284909888292,0.319435123,0.552836695,0.680476342,0.0,0.0
0.7907403191446276,0.24635257100000002,0.627921417,0.7023272585,0.0,0.0
0.7900003932918114,0.163240783,0.654421714,0.730571822,0.0,0.0
0.7995046740304175,0.0076611,0.659726746,0.788522207,0.0,0.0
0.8151993878270379,0.0,0.669770782,0.835309043,0.0,0.0
0.8188585097825687,0.0,0.707897714,0.866200351,0.0,0.0
0.8117867858378511,0.0,0.75387362,0.890754293,0.0,0.0
0.7541075627198872,0.0,0.798656979,0.8889784114999999,0.0,0.0
0.6946711069669697,0.0,0.8492626,0.908157837,0.0,0.0
0.675247800269485,0.0,0.8724053405000001,0.9232517275000001,0.0,0.0
0.6533307411151045,0.0,0.8803898395,0.9302113995000001,0.0,0.0
0.6520133537897793,0.0,0.880130231,0.93284839,0.0,0.0
0.684200725477605,0.0,0.874576841,0.933024581,0.0,0.0
0.8053881457371002,0.0,0.870895534,0.931766039,0.0,0.0
0.8865839508391228,0.0,0.865520887,0.930914933,0.0,0.0
0.9199688101185928,0.0,0.8601699425,0.932570848,0.0,0.0
0.9290773877939125,0.138347858,0.850567361,0.931100682,0.0,0.0
0.9292130835169449,0.319720643,0.848722205,0.925909201,0.0,0.0
0.9272704579809,0.385129623,0.844971363,0.921338809,0.0,0.0
0.9238812644738177,0.3490996825,0.8243568695,0.9201635125000001,0.0,0.0
0.9256039787632339,0.200136434,0.794252685,0.918578665,0.0,0.0
0.928472791858984,0.009858272,0.799838719,0.920669808,0.0,0.0
0.9346899251251599,0.0,0.810068962,0.924763978,0.0,0.0
0.9346855817650533,0.0,0.8224426165000001,0.92808658,0.0,0.0
0.8674482431635822,0.0,0.8527260999999999,0.930846054,0.0,0.0
0.7824302341972886,0.0,0.844350431,0.932081271,0.0,0.0
0.7375635387854229,0.0,0.860717548,0.9305715,0.0,0.0
0.6755875425777196,0.0,0.8345600055,0.9309445675,0.0,0.0
0.655364554322695,0.0,0.8052942974999999,0.924335598,0.0,0.0
0.6542938014914924,0.0,0.762558719,0.90959198,0.0,0.0
0.6880197289556245,0.0,0.711401628,0.889136035,0.0,0.0
0.8163617627326855,0.0,0.664845225,0.871402302,0.0,0.0
0.8932407237703042,0.0,0.629564965,0.856125888,0.0,0.0
0.9173784750703151,0.0,0.598095258,0.840476584,0.0,0.0
0.930623807414658,0.0,0.582044316,0.834128815,0.0,0.0
0.9346976061413473,0.095767931,0.557400173,0.829207336,0.0,0.0
0.9313178307418056,0.253748731,0.570527056,0.845069213,0.0,0.0
0.9290912866057098,0.31428363,0.531258894,0.824921492,0.0,0.0
0.9284431197998864,0.3093256895,0.5075567304999999,0.806682179,0.0,0.0
0.9282963142877414,0.231900665,0.483865883,0.790515671,0.0,0.0
0.9308953816889746,0.011384519,0.465677444,0.774359503,0.0,0.0
0.9366832994733131,0.0,0.428331548,0.736456578,0.0,0.0
0.9365479694811047,0.0,0.369172312,0.6489661005,0.0,0.0
0.902395249604035,0.0,0.333638762,0.573099216,0.0,0.0
0.8351069792878831,0.0,0.318228549,0.529614337,0.0,0.0
0.7829112957580266,0.0,0.313058143,0.501555716,0.0,0.0
0.737851709405775,0.0,0.284638916,0.44527754,0.0,0.0
0.6760398922249633,0.0,0.259581452,0.39756470850000003,0.0,0.0
0.6577507513716446,0.0,0.249515198,0.370063084,0.0,0.0
0.6545523000527467,0.0,0.23639688050000002,0.343892068,0.0,0.0
0.6899068509558877,0.0,0.243597746,0.357132586,0.0,0.0
0.8178120796490499,0.0,0.255592372,0.380832599,0.0,0.0
0.8956623077476281,0.0,0.254762321,0.396291095,0.0,0.0
0.9279604580460226,0.0,0.243225252,0.3927836135,0.0,0.0
0.9396113652731332,0.073682233,0.23867187,0.375706658,0.0,0.0
0.9378153167139186,0.188024399,0.219344946,0.319898688,0.0,0.0
0.9364898141181477,0.24679204,0.199484781,0.278000035,0.0,0.0
0.9354210729922781,0.19913029100000001,0.16396157649999998,0.228768168,0.0,0.0
0.9358656502092084,0.110356757,0.171254336,0.242954708,0.0,0.0
0.9389721138714784,0.006790298,0.204097141,0.289759051,0.0,0.0
0.9463880149729833,0.0,0.234748581,0.333906299,0.0,0.0
0.9463875577537131,0.0,0.2554030775,0.3730229105,0.0,0.0
0.9123124696508446,0.0,0.259357679,0.382037432,0.0,0.0
0.8404879927313765,0.0,0.261009572,0.383016208,0.0,0.0
0.7881824906622343,0.0,0.258079197,0.36584095,0.0,0.0
0.7477939381278148,0.0,0.213657095,0.287757339,0.0,0.0
0.6830053410054195,0.0,0.20805542100000002,0.2744961795,0.0,0.0
0.6653715448991377,0.0,0.2084782175,0.285947042,0.0,0.0
0.6646083705017769,0.0,0.213017321,0.316947281,0.0,0.0
0.7028492908436663,0.0,0.233474168,0.356344354,0.0,0.0
0.8294616152183497,0.0,0.252291168,0.393081378,0.0,0.0
0.9029352894778244,0.0,0.261012095,0.429718297,0.0,0.0
0.936188156272526,0.0,0.2916106415,0.4927939255,0.0,0.0
0.9472074015514025,0.044993272,0.326600536,0.55404153,0.0,0.0
0.9451112494839881,0.127890045,0.331205524,0.566919368,0.0,0.0
0.9434947876167824,0.195783422,0.339645045,0.549270194,0.0,0.0
0.9419337377225916,0.1727470035,0.334900191,0.5176678805,0.0,0.0
0.9416866689742108,0.138375715,0.327581055,0.546984556,0.0,0.0
0.9434106635816324,0.006136117,0.370008386,0.606429322,0.0,0.0
0.9510963559360766,0.0,0.4134059895,0.6712222999999999,0.0,0.0
0.9322144377308597,0.0,0.4487761385,0.718136128,0.0,0.0
0.8411569617505513,0.0,0.453062221,0.720113078,0.0,0.0
0.7884823197794157,0.0,0.434882994,0.701741495,0.0,0.0
0.7477939381278148,0.0,0.410749997,0.674479567,0.0,0.0
0.6829845842761699,0.0,0.3587901915,0.628439304,0.0,0.0
0.6660126022128616,0.0,0.372409973,0.6361253984999999,0.0,0.0
0.6627670596130564,0.0,0.372397047,0.639206094,0.0,0.0
0.6982810347450953,0.0,0.366134368,0.631631981,0.0,0.0
0.8231968421121907,0.0,0.369294952,0.626523411,0.0,0.0
0.8994413980345943,0.0,0.376826296,0.618903809,0.0,0.0
0.9305228127910947,0.0,0.39364044249999997,0.6227343325,0.0,0.0
0.9434266653642478,0.078128231,0.382197067,0.621651464,0.0,0.0
0.9435948220204219,0.220260236,0.353088329,0.577572617,0.0,0.0
0.9428455692512294,0.244021814,0.340691225,0.543745405,0.0,0.0
0.9423838014221246,0.2462952235,0.3168951325,0.5128199605,0.0,0.0
0.9432628977752432,0.157335704,0.299083688,0.508341015,0.0,0.0
0.9442117622810848,0.007743783,0.2888926,0.506527658,0.0,0.0
0.9497400841630563,0.0,0.285441501,0.505228281,0.0,0.0
0.9489707147864568,0.0,0.29479785599999997,0.5130678710000001,0.0,0.0
0.8762587748174182,0.0,0.3135414575,0.5612089069999999,0.0,0.0
0.7873612753553748,0.0,0.305404077,0.558634776,0.0,0.0
0.7452492312141873,0.0,0.268164303,0.490756564,0.0,0.0
0.6577670048032276,0.0,0.23998516949999998,0.4328672695,0.0,0.0
0.6373457764693646,0.0,0.210895014,0.394717741,0.0,0.0
0.6340159041154658,0.0,0.1971320235,0.365333668,0.0,0.0
0.6825564203540623,0.0,0.211360337,0.39953670500000005,0.0,0.0
0.743044449585687,0.0,0.21034553,0.451506615,0.0,0.0
0.7818822392135749,0.0,0.219675075,0.480969024,0.0,0.0
0.8054808650783373,0.03532883,0.241897393,0.503359457,0.0,0.0
0.8087058337028243,0.100959645,0.245813271,0.540359708,0.0,0.0
0.8095378846307391,0.1334595055,0.29610058100000003,0.563289023,0.0,0.0
0.8091748253288461,0.130167789,0.302753871,0.56216609,0.0,0.0
0.809798623581282,0.07680944,0.281899272,0.561663541,0.0,0.0
0.817232080951465,0.005813997,0.29471143,0.564371483,0.0,0.0
0.8309747508815388,0.0,0.358519111,0.601503758,0.0,0.0
0.8354005906094548,0.0,0.434698191,0.655360962,0.0,0.0
0.8228900178820477,0.0,0.5195165660000001,0.7229795185,0.0,0.0
0.7795225593958942,0.0,0.572418881,0.755188816,0.0,0.0
0.7384358229281519,0.0,0.57931203,0.781788733,0.0,0.0
0.6998037715670382,0.0,0.628659782,0.822495539,0.0,0.0
0.6659176883380397,0.0,0.685900676,0.848113753,0.0,0.0
0.6470592700290533,0.0,0.740241894,0.860548333,0.0,0.0
0.6388018084036465,0.0,0.76706443,0.869862679,0.0,0.0
0.6355293369117243,0.0,0.768828862,0.87102808,0.0,0.0
0.6512776798086232,0.0,0.7728364145,0.863545699,0.0,0.0
0.7019076957674842,0.0,0.774000783,0.8717706,0.0,0.0
0.7444573678683443,0.0,0.778698083,0.874960104,0.0,0.0
0.7863678799816752,0.0,0.77278036,0.874959562,0.0,0.0
0.8092552004929896,0.044705503,0.751808135,0.87257109,0.0,0.0
0.8134865488644328,0.101887292,0.679541052,0.845307142,0.0,0.0
0.8147401801880215,0.143881486,0.66334582,0.826362308,0.0,0.0
0.8143692114089469,0.120664256,0.597204344,0.798595263,0.0,0.0
0.8148255843182156,0.075158042,0.507389744,0.741544022,0.0,0.0
0.8153340776974038,0.048629984,0.430602312,0.660255315,0.0,0.0
0.8227630545862915,0.003001854,0.344603017,0.574619938,0.0,0.0
0.8356510425723385,0.0,0.285483499,0.50301873,0.0,0.0
0.836752564655111,0.0,0.224832926,0.40187159,0.0,0.0
0.7984417848206928,0.0,0.143749566,0.28180194000000003,0.0,0.0
0.742156392121337,0.0,0.101564008,0.197874578,0.0,0.0
0.7050958145403009,0.0,0.059144167,0.122052002,0.0,0.0
0.689403455363466,0.0,0.055332888999999996,0.091412565,0.0,0.0
0.676367107304891,0.0,0.06548333949999999,0.06972049599999999,0.0,0.0
0.6752805126286332,0.0,0.066058338,0.06413855,0.0,0.0
0.7132143344236815,0.0,0.062571365,0.063073534,0.0,0.0
0.8371506452288746,0.0,0.06727703,0.07016605,0.0,0.0
0.9070953153591227,0.0,0.080453109,0.086032465,0.0,0.0
0.9405046803874895,0.0,0.085335328,0.095475594,0.0,0.0
0.9514921504878093,0.062257282,0.085411291,0.100991693,0.0,0.0
0.9505815076400898,0.208760905,0.091178852,0.102186694,0.0,0.0
0.9496569659805728,0.215535539,0.084331586,0.086108699,0.0,0.0
0.9484765774383361,0.231358952,0.083080637,0.078066872,0.0,0.0
0.9485382075042426,0.20209167,0.101483287,0.077458993,0.0,0.0
0.9486453741420324,0.101408435,0.114465671,0.092186563,0.0,0.0
0.9503090187785918,0.004087334,0.156078938,0.13543454,0.0,0.0
0.9550340474275261,0.0,0.195561111,0.173334297,0.0,0.0
0.9546115069605691,0.0,0.211753423,0.199208654,0.0,0.0
0.9338300310895489,0.0,0.2358586805,0.2357306345,0.0,0.0
0.8422689537978756,0.0,0.246884214,0.260555776,0.0,0.0
0.7894956489322705,0.0,0.25024654,0.266658394,0.0,0.0
0.7477939381278148,0.0,0.269728225,0.29665453,0.0,0.0
0.6827812921176278,0.0,0.247704873,0.295151302,0.0,0.0
0.6636078429682473,0.0,0.2384563195,0.2366337305,0.0,0.0
0.6792254506590507,0.0,0.19287785200000002,0.26419483,0.0,0.0
0.8240158628854656,0.0,0.235772359,0.25866048,0.0,0.0
0.8988585646072617,0.0,0.268296167,0.318623964,0.0,0.0
0.9231574317434221,0.0,0.274697632,0.389846169,0.0,0.0
0.9365940549093457,0.0,0.296430263,0.446424869,0.0,0.0
0.9413010699216909,0.00691204,0.308202218,0.498374714,0.0,0.0
0.9386716447067749,0.013419612,0.350820013,0.586677972,0.0,0.0
0.9370440728274954,0.022815821,0.3076455585,0.574888442,0.0,0.0
0.9354783138423741,0.021806965,0.288326941,0.603514461,0.0,0.0
0.9349344335348114,0.010805602,0.282519365,0.598896038,0.0,0.0
0.9357206277184409,0.001750939,0.291772209,0.596440058,0.0,0.0
0.9408013548254825,0.0,0.31142339,0.617153786,0.0,0.0
0.9393604560909792,0.0,0.338156319,0.633423359,0.0,0.0
0.9368670922555989,0.0,0.391837265,0.66095562,0.0,0.0
0.9023539191224286,0.0,0.448860602,0.696946771,0.0,0.0
0.8336024389307813,0.0,0.491390139,0.720603805,0.0,0.0
0.7823718045176336,0.0,0.536464736,0.745403212,0.0,0.0
0.7368154290644062,0.0,0.614856895,0.774982533,0.0,0.0
0.6845688140428302,0.0,0.654134272,0.814244471,0.0,0.0
0.6610688281075252,0.0,0.714275929,0.8577101469999999,0.0,0.0
0.6540735015490277,0.0,0.8080889225000001,0.9045512205,0.0,0.0
0.687540130466823,0.0,0.836086598,0.922384349,0.0,0.0
0.8162959265765023,0.0,0.83165832,0.925720379,0.0,0.0
0.8932407237703042,0.0,0.822077622,0.928418944,0.0,0.0
0.9244558682515669,0.0,0.8025597195,0.929110726,0.0,0.0
0.9364759154549913,0.006946402,0.771249861,0.924450433,0.0,0.0
0.936579790292404,0.01563214,0.677169554,0.908414673,0.0,0.0
0.9366909803408597,0.020130178,0.628577053,0.897421053,0.0,0.0
0.9364029469160169,0.023013404,0.585054416,0.884220314,0.0,0.0
0.9374279802727639,0.013843614,0.5336088035,0.839458168,0.0,0.0
0.9381360853142809,0.001351661,0.478897581,0.795512568,0.0,0.0
0.9435282542539497,0.0,0.45496429,0.77302324,0.0,0.0
0.9431090970014957,0.0,0.437770603,0.755944849,0.0,0.0
0.9236768977905341,0.0,0.384260497,0.709211824,0.0,0.0
0.8092140070582514,0.0,0.34670127900000003,0.6617385675,0.0,0.0
0.7385553796730597,0.0,0.348896939,0.641364005,0.0,0.0
0.6761838403396301,0.0,0.33252152300000004,0.5829721535,0.0,0.0
0.655550541712886,0.0,0.308769816,0.530762738,0.0,0.0
0.6694712894816487,0.0,0.3096365075,0.5218406520000001,0.0,0.0
0.8074523853561281,0.0,0.352543532,0.564406744,0.0,0.0
0.8880182659728721,0.0,0.365064352,0.570355711,0.0,0.0
0.9204171822108742,0.0,0.3537245155,0.5776867379999999,0.0,0.0
0.9318863997008375,0.015791334,0.357296717,0.602120986,0.0,0.0
0.9319050532363079,0.046286027,0.354440906,0.634070148,0.0,0.0
0.931900298363994,0.058645469,0.366745313,0.625563055,0.0,0.0
0.929959455923647,0.0677893935,0.3316019135,0.6024049245,0.0,0.0
0.9302716749993055,0.037056483,0.343574271,0.617232093,0.0,0.0
0.9313152705517174,0.00274877,0.370079434,0.650264044,0.0,0.0
0.9377886163571164,0.0,0.366679753,0.669151139,0.0,0.0
0.9362477747074198,0.0,0.3806745875,0.6820587535,0.0,0.0
0.9019017523034366,0.0,0.39357933,0.687304918,0.0,0.0
0.8334422373845315,0.0,0.395677841,0.68827748,0.0,0.0
0.7822368404048899,0.0,0.403236721,0.692311398,0.0,0.0
0.7365153714862306,0.0,0.411678935,0.697355993,0.0,0.0
0.6741492498146878,0.0,0.44077157499999997,0.7127568710000001,0.0,0.0
0.6523794306496716,0.0,0.43435320850000003,0.708754549,0.0,0.0
0.6669763940508976,0.0,0.424863458,0.7162844765,0.0,0.0
0.803297754394666,0.0,0.418139649,0.722320412,0.0,0.0
0.884834536267225,0.0,0.429243633,0.741124362,0.0,0.0
0.9180303450400824,0.0,0.4463557975,0.7652362585,0.0,0.0
0.9281280660688005,0.004877458,0.456104106,0.777861472,0.0,0.0
0.9276171953277759,0.015115433499999999,0.49322298750000004,0.794127763,0.0,0.0
0.9268995806159512,0.013426203500000001,0.5402858755,0.826717853,0.0,0.0
0.9267435853086192,0.0036046025,0.5769694160000001,0.854080517,0.0,0.0
0.9333144511832732,0.0,0.6388931405,0.8767275655,0.0,0.0
0.9159640480086584,0.0,0.6358065964999999,0.8630927975,0.0,0.0
0.8323893152130253,0.0,0.602486297,0.839067809,0.0,0.0
0.7821197068032021,0.0,0.555701824,0.7876197,0.0,0.0
0.7380921945534016,0.0,0.51164325,0.749086957,0.0,0.0
0.6534808156855756,0.0,0.487086958,0.7361619075,0.0,0.0
0.6303812648694997,0.0,0.3682738085,0.673777098,0.0,0.0
0.6305334882664928,0.0,0.303801579,0.629453335,0.0,0.0
0.6800963632182893,0.0,0.29322018699999997,0.5566652105000001,0.0,0.0
0.7431447583803451,0.0,0.274894724,0.476120581,0.0,0.0
0.783808679990112,0.0,0.222306134,0.406764575,0.0,0.0
0.8069632771226991,0.010567395,0.174004925,0.32283509,0.0,0.0
0.8111475344361961,0.047844317,0.128782728,0.232599691,0.0,0.0
0.8106407785199632,0.090583542,0.111029754,0.181453425,0.0,0.0
0.809525494672262,0.092185708,0.0813340535,0.1183077675,0.0,0.0
0.8108410303041347,0.059727483,0.07235077,0.091571528,0.0,0.0
0.8191243234805456,0.003413741,0.081997953,0.096558007,0.0,0.0
0.833416268786659,0.0,0.079474696,0.096112216,0.0,0.0
0.8349872854961069,0.0,0.076030995,0.093911515,0.0,0.0
0.8220096870666278,0.0,0.0764979305,0.08296656399999999,0.0,0.0
0.7604985904765259,0.0,0.084772627,0.07304369599999999,0.0,0.0
0.7012246451082603,0.0,0.096083506,0.071707037,0.0,0.0
0.6586601141986403,0.0,0.1099498885,0.09170891,0.0,0.0
0.635587606579499,0.0,0.1312876235,0.14412825750000002,0.0,0.0
0.6312229168818478,0.0,0.1390658165,0.1746195115,0.0,0.0
0.6774556908701106,0.0,0.13232093849999998,0.19675873500000002,0.0,0.0
0.7603524478282742,0.0,0.111003741,0.196900943,0.0,0.0
0.8052513525986346,0.009043114,0.102079038,0.192918099,0.0,0.0
0.808623264153737,0.035035682,0.103157837,0.22010918,0.0,0.0
0.8099091734335748,0.054193618,0.091887194,0.188773379,0.0,0.0
0.8106085461221363,0.049058559,0.087532316,0.143021319,0.0,0.0
0.8144773838994032,0.040488659,0.09344274,0.121428628,0.0,0.0
0.8228227643609908,0.003750044,0.109544765,0.129885427,0.0,0.0
0.8355350976515687,0.0,0.136857011,0.163006999,0.0,0.0
0.8386272052827711,0.0,0.147014915,0.194518501,0.0,0.0
0.8264561919610265,0.0,0.1683999,0.2297747905,0.0,0.0
0.7849962921806248,0.0,0.177744378,0.245106477,0.0,0.0
0.7454869731948329,0.0,0.171430395,0.254737164,0.0,0.0
0.7071475956774176,0.0,0.1496826215,0.2573227815,0.0,0.0
0.6850181918391375,0.0,0.148793098,0.2504874925,0.0,0.0
0.6779901529214918,0.0,0.1859685795,0.31643928899999996,0.0,0.0
0.7194144142731922,0.0,0.216808961,0.352984945,0.0,0.0
0.8399671550264538,0.0,0.222110446,0.379665741,0.0,0.0
0.9099199633921594,0.0,0.224164513,0.40882967,0.0,0.0
0.9439805124870676,0.0,0.2480039055,0.416556407,0.0,0.0
0.9534025894817308,0.034028427,0.301699038,0.40450418,0.0,0.0
0.9506579508076931,0.171859716,0.3370486,0.356831383,0.0,0.0
0.9471916740111649,0.306858587,0.408065,0.383689312,0.0,0.0
0.9426003293799299,0.32702883250000003,0.520701051,0.473246043,0.0,0.0
0.9419553174019355,0.198558578,0.594408432,0.604379413,0.0,0.0
0.9442117622810848,0.010794818,0.610509921,0.640040367,0.0,0.0
0.9515269887827875,0.0,0.624544549,0.677589361,0.0,0.0
0.9501052465100877,0.0,0.649921356,0.726915889,0.0,0.0
0.9117783733302874,0.0,0.645550986,0.763743175,0.0,0.0
0.8389655301518114,0.0,0.670365793,0.812294726,0.0,0.0
0.7838244075303494,0.0,0.73366544,0.860294883,0.0,0.0
0.7390195250126419,0.0,0.784112328,0.892092875,0.0,0.0
0.6851225697515242,0.0,0.803726625,0.910315289,0.0,0.0
0.6604899494931038,0.0,0.821945916,0.922824297,0.0,0.0
0.649713795407646,0.0,0.8491121660000001,0.9312888085,0.0,0.0
0.680465388964106,0.0,0.867753193,0.933579449,0.0,0.0
0.7968281574602735,0.0,0.864311225,0.935344619,0.0,0.0
0.87867546687556,0.0,0.851351683,0.935480823,0.0,0.0
0.9148551192263965,0.0,0.8506662985,0.935279492,0.0,0.0
0.9217955365152513,0.065834772,0.849890347,0.935046224,0.0,0.0
0.9212586056135873,0.17726003,0.852032537,0.934239553,0.0,0.0
0.9191590704803106,0.265510557,0.842784593,0.931675987,0.0,0.0
0.9182136806030978,0.270355454,0.8287317745,0.9274119395,0.0,0.0
0.917717074330374,0.184036241,0.830295538,0.927523977,0.0,0.0
0.9198968932136682,0.010607236,0.842978971,0.930039242,0.0,0.0
0.9262431387507628,0.0,0.842547188,0.931379844,0.0,0.0
0.9262617922862332,0.0,0.844466914,0.930882337,0.0,0.0
0.9099125110599275,0.0,0.853300537,0.9309410465000001,0.0,0.0
0.8060487938412062,0.0,0.8470230455000001,0.9269104635000001,0.0,0.0
0.7332856936221722,0.0,0.847023094,0.920706568,0.0,0.0
0.6721451999316801,0.0,0.833281581,0.90510147,0.0,0.0
0.650045011007548,0.0,0.7725691299999999,0.8909426570000001,0.0,0.0
0.6481383439239655,0.0,0.732846311,0.864139222,0.0,0.0
0.6792538197324127,0.0,0.720741603,0.829877557,0.0,0.0
0.7921320235530852,0.0,0.699027815,0.79370951,0.0,0.0
0.8749922049019562,0.0,0.655546442,0.759216531,0.0,0.0
0.9066010865968761,0.0,0.61871285,0.71624334,0.0,0.0
0.9196397662359043,0.0,0.575521702,0.679597644,0.0,0.0
0.9222598646830852,0.049761905,0.540026806,0.65245515,0.0,0.0
0.9219147732363979,0.209181188,0.401628121,0.514079262,0.0,0.0
0.9192758382768541,0.224962675,0.428830831,0.562398696,0.0,0.0
0.9181419923078084,0.198582289,0.472720941,0.640297957,0.0,0.0
0.9170843152639883,0.121888186,0.488980485,0.660555452,0.0,0.0
0.9153436788264294,0.061528603,0.542934276,0.731805618,0.0,0.0
0.915828397992689,0.003417874,0.591821408,0.780790962,0.0,0.0
0.9201033629420902,0.0,0.617959327,0.820574253,0.0,0.0
0.9190704658152244,0.0,0.635963753,0.832057155,0.0,0.0
0.9057352031523291,0.0,0.6751800385,0.8508189915,0.0,0.0
0.8080134104944818,0.0,0.679610132,0.864796575,0.0,0.0
0.7329958771016314,0.0,0.641671083,0.857749389,0.0,0.0
0.6805911178718812,0.0,0.683780613,0.880453344,0.0,0.0
0.6552382996722155,0.0,0.701816294,0.8924518539999999,0.0,0.0
0.6462098913677754,0.0,0.676733272,0.8836984305,0.0,0.0
0.6774766075369203,0.0,0.674562105,0.882464505,0.0,0.0
0.7766648105308345,0.0,0.682247018,0.884592809,0.0,0.0
0.8606464019602498,0.0,0.66117911,0.884166357,0.0,0.0
0.905776625122382,0.0,0.617566802,0.866540853,0.0,0.0
0.9171281145215573,0.008987256,0.590350881,0.85580822,0.0,0.0
0.9168521511800714,0.059977753,0.573069021,0.863079189,0.0,0.0
0.9160270038766718,0.062143409,0.60412006,0.877410057,0.0,0.0
0.9150089657072069,0.0594800745,0.631295896,0.8839241735000001,0.0,0.0
0.9130433431269444,0.034199241,0.617976755,0.881976889,0.0,0.0
0.9135401322279201,0.005008361,0.614556558,0.877813704,0.0,0.0
0.9186870612962893,0.0,0.600639913,0.863562729,0.0,0.0
0.9191231805512825,0.0,0.5891696985,0.8484814265,0.0,0.0
0.8630025155122145,0.0,0.643482171,0.8570106275,0.0,0.0
0.7814298895663313,0.0,0.694961597,0.873564989,0.0,0.0
0.731482695657059,0.0,0.684676009,0.866295183,0.0,0.0
0.6703299720942907,0.0,0.7131040515,0.8836426015000001,0.0,0.0
0.650057241028465,0.0,0.672346942,0.863272173,0.0,0.0
0.6467442162979675,0.0,0.621863262,0.8274120014999999,0.0,0.0
0.678544434521531,0.0,0.563473918,0.791151129,0.0,0.0
0.7917095745002541,0.0,0.529134566,0.757365613,0.0,0.0
0.8768815214358042,0.0,0.481347794,0.696001324,0.0,0.0
0.9159883708549832,0.0,0.4167706075,0.6136318175,0.0,0.0
0.926623891516843,0.044693302,0.383113857,0.575778222,0.0,0.0
0.9212586056135873,0.126292412,0.373364773,0.590470745,0.0,0.0
0.9201949850165351,0.198979155,0.391159193,0.609025204,0.0,0.0
0.9188598814106514,0.229801242,0.438825265,0.615141885,0.0,0.0
0.9182595831287667,0.156249051,0.398313747,0.577497043,0.0,0.0
0.917235281307988,0.094525256,0.349558765,0.570115742,0.0,0.0
0.9207787327337674,0.007184671,0.332982011,0.563618691,0.0,0.0
0.9267219142151495,0.0,0.35252666,0.578805582,0.0,0.0
0.9255850051296821,0.0,0.36593352199999996,0.563684545,0.0,0.0
0.8944261414272323,0.0,0.398734377,0.562779267,0.0,0.0
0.8307533766372938,0.0,0.439032749,0.633796691,0.0,0.0
0.7809881467818669,0.0,0.479499398,0.700948481,0.0,0.0
0.7322556310764132,0.0,0.521735977,0.726461108,0.0,0.0
0.6616433634361606,0.0,0.502350442,0.744829929,0.0,0.0
0.6403239508108098,0.0,0.480724396,0.771986152,0.0,0.0
0.6250692423356983,0.0,0.521273944,0.766825346,0.0,0.0
0.6187361641487529,0.0,0.488438263,0.76433806,0.0,0.0
0.6196826054370543,0.0,0.47362072450000003,0.729746703,0.0,0.0
0.6607902586459267,0.0,0.44624943149999996,0.7136433725,0.0,0.0
0.7256192491436576,0.0,0.459982793,0.742722554,0.0,0.0
0.7629347591688729,0.0,0.476082647,0.715342101,0.0,0.0
0.7856166156557908,0.005777266,0.464619068,0.740255274,0.0,0.0
0.7909378277618182,0.017135747,0.398069033,0.609457054,0.0,0.0
0.7912862111575233,0.020900676,0.515385316,0.665743784,0.0,0.0
0.7896865282416439,0.0290723785,0.5283418445,0.736005171,0.0,0.0
0.7885300510335248,0.012340515,0.568991276,0.674900613,0.0,0.0
0.7954655306218138,0.002187145,0.567940284,0.654746578,0.0,0.0
0.8097305927428732,0.0,0.545020181,0.69679261,0.0,0.0
0.8117008329256198,0.0,0.517152177,0.708899975,0.0,0.0
0.8026512335633514,0.0,0.4615907305,0.6436670895000001,0.0,0.0
0.7686840894899449,0.0,0.543710464,0.597978618,0.0,0.0
0.7301971520337247,0.0,0.654478001,0.624777222,0.0,0.0
0.6914060878072794,0.0,0.680132041,0.635000455,0.0,0.0
0.6510309997560786,0.0,0.732713881,0.767015035,0.0,0.0
0.6238249835612282,0.0,0.7661804435,0.857003764,0.0,0.0
0.6227984872068647,0.0,0.772246526,0.896534449,0.0,0.0
0.6370445299873093,0.0,0.747844535,0.8733642825000001,0.0,0.0
0.6860824069252897,0.0,0.77408577,0.84205566,0.0,0.0
0.728676975550511,0.0,0.795074843,0.814431308,0.0,0.0
0.768398799232083,0.0,0.798468161,0.799650946,0.0,0.0
0.7922079180872924,0.076239729,0.774193779,0.797660266,0.0,0.0
0.7954510833252612,0.289709086,0.741462079,0.804315776,0.0,0.0
0.795355620817043,0.366055378,0.72019771,0.803758044,0.0,0.0
0.7945275475184108,0.424684684,0.671428278,0.775867034,0.0,0.0
0.7942548758286611,0.387619043,0.596171627,0.727590157,0.0,0.0
0.7941606020013612,0.282975562,0.53693333,0.6658198,0.0,0.0
0.8044744853313811,0.020727988,0.433563897,0.565237765,0.0,0.0
0.8243607715039009,0.0,0.348526606,0.470222487,0.0,0.0
0.8296297718745238,0.0,0.268297582,0.346815357,0.0,0.0
0.8195320051387427,0.0,0.2134724545,0.2332419265,0.0,0.0
0.7579165078198827,0.0,0.1729106635,0.17709792600000002,0.0,0.0
0.6976726897905196,0.0,0.148921527,0.168279151,0.0,0.0
0.6765885045141482,0.0,0.1575146085,0.1961170725,0.0,0.0
0.6570514245387868,0.0,0.173569259,0.2096644665,0.0,0.0
0.6716551316269679,0.0,0.22505974550000002,0.23579948499999998,0.0,0.0
0.8163617627326855,0.0,0.274786204,0.335399135,0.0,0.0
0.8880102193001811,0.0,0.300652132,0.417063779,0.0,0.0
0.9139776687734666,0.0,0.306367497,0.496225797,0.0,0.0
0.922564723063599,0.0,0.33581398,0.582341189,0.0,0.0
0.9251212713023073,0.005383347,0.394709877,0.630316382,0.0,0.0
0.9219775005690968,0.033105308,0.442865655,0.672268055,0.0,0.0
0.9209427747137906,0.079302737,0.475306479,0.715685455,0.0,0.0
0.9183575144129471,0.1397584335,0.5537386280000001,0.7455398124999999,0.0,0.0
0.916176964068005,0.073445959,0.658226375,0.815468741,0.0,0.0
0.9167411439598673,0.007456037,0.73195923,0.872765511,0.0,0.0
0.9215788257291944,0.0,0.789051098,0.903177549,0.0,0.0
0.9208790415284255,0.0,0.820038682,0.917301521,0.0,0.0
0.9068462349797293,0.0,0.8525108395000001,0.927045325,0.0,0.0
0.8341349807652758,0.0,0.893111826,0.935373882,0.0,0.0
0.7823396179755103,0.0,0.909664203,0.936728414,0.0,0.0
0.7333420200337276,0.0,0.921909057,0.937267645,0.0,0.0
0.6836919578560391,0.0,0.927013638,0.931941508,0.0,0.0
