Demand,Avail_Sol,Avail_Wind_On,Avail_Wind_Off,Hyd_In,HydRoR_In
0.7942143631078066,0.0,0.354335471,0.8165296485999999,0.0,1323.0
0.8828853130363736,0.0,0.3536602035,0.7910237815000001,0.0,1323.0
0.8771716450558927,0.001285109,0.3258465333333333,0.7160175166666667,0.0,1323.0
0.876771929177905,0.0092863475,0.26595081375,0.65633966475,0.0,1323.0
0.8831404090325752,0.0,0.281805864,0.683600321,0.0,1323.0
0.8831245651811515,0.0,0.2631844595,0.59765258675,0.0,1323.0
0.8175637010345828,0.0,0.255259879,0.5131007153333332,0.0,1323.0
0.7621201574370352,0.0,0.272865004,0.4129411645,0.0,1323.0
0.7833198118066387,0.0,0.2649494655,0.4245674295,0.0,1323.0
0.8718151613229203,0.0,0.221158166,0.402726409,0.0,1323.0
0.8656227544819964,0.0014429563333333334,0.19838142333333333,0.3480153816666666,0.0,1323.0
0.8681715233268364,0.0141668295,0.19134068924999997,0.32776017875,0.0,1323.0
0.8751412206099135,0.0,0.20861537600000002,0.46491737850000003,0.0,1323.0
0.872974688621012,0.0,0.23147937475000002,0.561634156,0.0,1323.0
0.8108926329677386,0.0,0.275757054,0.6620724206666667,0.0,1323.0
0.762007749108763,0.0,0.3594889685,0.7552534015000001,0.0,1323.0
0.7841533452301894,0.0,0.428340075,0.65902165625,0.0,1323.0
0.8701281669963881,0.0,0.43372494349999996,0.472071149,0.0,1323.0
0.8682460710698257,0.0136742625,0.3530631605,0.3955022555,0.0,1323.0
0.8691234153740603,0.013353381000000001,0.25427198925,0.40255862075,0.0,1323.0
0.8818829245255566,0.0,0.17356795566666663,0.479399619,0.0,1323.0
0.8538253789344032,0.0,0.12749628425,0.4284007855,0.0,1323.0
0.7753661596268027,0.0,0.10332590350000001,0.366863434,0.0,1323.0
0.7702296888491419,0.0,0.10471433125,0.39196663425,0.0,1323.0
0.8658405920554523,0.0,0.120019528,0.469211335,0.0,1323.0
0.8729245520898242,0.0,0.13802836766666668,0.557078939,0.0,1323.0
0.8736404075204214,0.0076093985000000005,0.1545580265,0.6306600904999999,0.0,1323.0
0.8726422753613992,0.00815219825,0.21035869725,0.7235696255,0.0,1323.0
0.8806358303312996,0.0,0.28627307075,0.78405990325,0.0,1323.0
0.8449769422976486,0.0,0.3612279623333334,0.852496484,0.0,1323.0
0.767059825480748,0.0,0.42632831225,0.83324102275,0.0,1323.0
0.7967301583615821,0.0,0.460653936,0.76151145,0.0,1323.0
0.8721824546273822,0.0,0.4768365105,0.696440584,0.0,1323.0
0.8648347453174186,0.0014413380000000001,0.488421188,0.6653703609999999,0.0,1323.0
0.8654611404031516,0.0094146705,0.44805294300000004,0.5296190369999999,0.0,1323.0
0.8728122608906845,0.0,0.43443018450000004,0.4186041305,0.0,1323.0
0.8727599649734792,0.0,0.39036780325000003,0.32880890175,0.0,1323.0
0.8306898304148586,0.0,0.346739331,0.33096132300000003,0.0,1323.0
0.7625284095694876,0.0,0.3222176643333333,0.4198263903333334,0.0,1323.0
0.7545636550797388,0.0,0.30128054325,0.562720681,0.0,1323.0
0.804640723589634,0.0,0.27597366975,0.656614429,0.0,1323.0
0.8353139966553309,0.0070404075,0.2437002455,0.666566295,0.0,1323.0
0.8402487238608551,0.0072570845,0.250749617,0.78108822925,0.0,1323.0
0.8673249902889998,0.0,0.3181284563333333,0.8982881936666667,0.0,1323.0
0.8441967025772854,0.0,0.5092575392500001,0.9217232325,0.0,1323.0
0.7824953112900846,0.0,0.6390848370000001,0.9275320690000001,0.0,1323.0
0.7756379207330518,0.0,0.70244661825,0.931507209,0.0,1323.0
0.8038470576298348,0.0,0.7322601915,0.933236612,0.0,1323.0
0.8425886294746695,0.020340871,0.7180186233333333,0.9301970150000001,0.0,1323.0
0.8469447821158886,0.16804687875000002,0.7027240475000001,0.8935176815000001,0.0,1323.0
0.8620859773846433,0.0,0.636872868,0.8142684835,0.0,1323.0
0.8713335117410099,0.0,0.5404682705,0.740378526,0.0,1323.0
0.8437977923789135,0.0,0.43311436049999996,0.6365646644999999,0.0,1323.0
0.7771296149444316,0.0,0.49302648325000004,0.78574330625,0.0,1323.0
0.8095990636218627,0.0,0.6216128413333334,0.9079097833333334,0.0,1323.0
0.8885963836470792,0.0,0.657696904,0.9205736185,0.0,1323.0
0.8856922765369525,0.021768274333333334,0.647355342,0.9209688433333333,0.0,1323.0
0.8868646507333662,0.20140921625,0.58532559025,0.847881793,0.0,1323.0
0.8974024525716158,0.0,0.5586270369999999,0.792734821,0.0,1323.0
0.8984360278081409,0.0,0.5321965925,0.72601406375,0.0,1323.0
0.8601393327811204,0.0,0.5362164635,0.683987029,0.0,1323.0
0.7844430510093134,0.0,0.5262281105,0.61223745225,0.0,1323.0
0.8076616362682502,0.0,0.4406732656666667,0.5075831113333334,0.0,1323.0
0.8823780315570231,0.0,0.33171662775,0.5177598475,0.0,1323.0
0.8824415945360615,0.08138946250000001,0.24856079350000002,0.514582617,0.0,1323.0
0.8794952685740071,0.10771862,0.18263015249999998,0.49657074325,0.0,1323.0
0.8948190777474235,0.0,0.1309824305,0.25823315925,0.0,1323.0
0.8671515149576515,0.0,0.11982567133333333,0.12119920833333335,0.0,1323.0
0.7870834634485333,0.0,0.1320175965,0.14040100025000002,0.0,1323.0
0.8171689141672426,0.0,0.12323600633333333,0.11571370166666667,0.0,1323.0
0.8921849089995769,0.0,0.11323867700000001,0.06939870199999999,0.0,1323.0
0.8883896404116688,0.016134237333333332,0.100435432,0.030577154999999998,0.0,1323.0
0.8908692680025347,0.080484953,0.09961966525,0.027159608749999998,0.0,1323.0
0.898140137266936,0.0,0.0846301985,0.031774954,0.0,1323.0
0.9003889157904147,0.0,0.06699661025,0.041643725,0.0,1323.0
0.8314366693146042,0.0,0.04572385175,0.0408278935,0.0,1323.0
0.795090526669104,0.0,0.037417662500000004,0.06836638025,0.0,1323.0
0.8875307922980438,0.0,0.041880777499999994,0.08190029900000001,0.0,1323.0
0.8930991671126415,0.0,0.04745909166666667,0.10906813133333333,0.0,1323.0
0.8936650352502178,0.024241165999999998,0.05767001866666666,0.173971066,0.0,1323.0
0.8951426422345393,0.0091700045,0.06357709775,0.19035133124999998,0.0,1323.0
0.8997591095271124,0.0,0.10150518450000001,0.28225240875,0.0,1323.0
0.8624443509513595,0.0,0.1315972215,0.370364918,0.0,1323.0
0.7893617228744686,0.0,0.18021834725000002,0.39731022875,0.0,1323.0
0.8209937263904702,0.0,0.20459890666666666,0.4463385896666667,0.0,1323.0
0.8949109947820555,0.0,0.2274536655,0.460551596,0.0,1323.0
0.8924635709604095,0.035103811400000004,0.2654995472,0.4925921542,0.0,1323.0
0.9034804874518757,0.0,0.29491850000000003,0.475994731,0.0,1323.0
0.8812085051929026,0.0,0.270403526,0.44457156175,0.0,1323.0
0.7844006758983694,0.0,0.22787972200000003,0.3766543943333333,0.0,1323.0
0.776094408288748,0.0,0.19961638825,0.36444527225,0.0,1323.0
0.8043606296938943,0.0,0.1643387255,0.3644872885,0.0,1323.0
0.8444004335411043,0.005873093333333333,0.138346207,0.36225066499999997,0.0,1323.0
0.8504745329241948,0.045068425999999995,0.11767331824999999,0.37507594,0.0,1323.0
0.870633241675348,0.000287866,0.13997366925,0.39869971525,0.0,1323.0
0.8491995929981064,0.0,0.157544555,0.47188032174999994,0.0,1323.0
0.7832643078121123,0.0,0.15600825233333335,0.4551151553333333,0.0,1323.0
0.7756100200839136,0.0,0.17969776233333334,0.5315878636666667,0.0,1323.0
0.8033064574974118,0.0,0.219491653,0.60554547875,0.0,1323.0
0.8480534920436581,0.014167336,0.2634801875,0.689610901,0.0,1323.0
0.8494580690659645,0.07113473549999999,0.265404458,0.719786197,0.0,1323.0
0.8588988267879447,0.021566789500000003,0.32206934649999996,0.73682926925,0.0,1323.0
0.8762718767752273,0.0,0.381630919,0.7806440095,0.0,1323.0
0.8514859036972056,0.0,0.43905331425,0.8132478325,0.0,1323.0
0.7952115691547058,0.0,0.45388619133333336,0.8193352626666668,0.0,1323.0
0.8173656192067407,0.0,0.49475888025000003,0.8438948540000001,0.0,1323.0
0.9036377512880464,0.0,0.5164946475,0.8682872925,0.0,1323.0
0.8968895535832385,0.004041492,0.5411205680000001,0.8887858476666667,0.0,1323.0
0.8973491239068413,0.0413304975,0.499924367,0.8708115590000001,0.0,1323.0
0.9018961366979559,0.01045342575,0.49978912025,0.878857934,0.0,1323.0
0.912135066985633,0.0,0.5262932929999999,0.9014951435,0.0,1323.0
0.8867784373351881,0.0,0.5648148442500001,0.9207582599999999,0.0,1323.0
0.7988303657186825,0.0,0.55068347725,0.9265040265,0.0,1323.0
0.8297490175435017,0.0,0.630227525,0.9345143510000001,0.0,1323.0
0.9025703994068677,0.0003027465,0.6962947475000001,0.934585066,0.0,1323.0
0.8987998002046271,0.024243533499999997,0.6623279055,0.9282117265000001,0.0,1323.0
0.8987691267733748,0.0314116128,0.7439464038000001,0.9269935176,0.0,1323.0
0.9080580381212398,0.0,0.768783589,0.9186813125,0.0,1323.0
0.8836053466111019,0.0,0.7606882535,0.9235153277499999,0.0,1323.0
0.8003648770888536,0.0,0.7301767133333333,0.925191377,0.0,1323.0
0.8212132776027335,0.0,0.6858056035,0.9210947647500001,0.0,1323.0
0.9080534841530727,0.0,0.6138613470000001,0.9297605615,0.0,1323.0
0.900046221635824,0.010084734333333333,0.5532732446666667,0.918297488,0.0,1323.0
0.8998752497833721,0.080103617,0.426814822,0.854560336,0.0,1323.0
0.9029586768539308,0.028939960499999997,0.4306654225,0.80308140375,0.0,1323.0
0.9124320843737014,0.0,0.4078042865,0.7412660154999999,0.0,1323.0
0.8850423152052286,0.0,0.376733096,0.62992307675,0.0,1323.0
0.7933898477729584,0.0,0.34978744175,0.48979644450000004,0.0,1323.0
0.8226290510342471,0.0,0.3483178883333333,0.4355855743333333,0.0,1323.0
0.8985246591830326,0.0,0.357412903,0.39597093149999996,0.0,1323.0
0.8927415758309768,0.0053493386666666675,0.347357344,0.39292219866666667,0.0,1323.0
0.8965065341296262,0.016360003833333334,0.26321660649999995,0.326517928,0.0,1323.0
0.9086977964009235,0.0,0.217922686,0.3029137515,0.0,1323.0
0.8861831350321803,0.0,0.16325100125,0.2446492035,0.0,1323.0
0.805414344211418,0.0,0.127582258,0.17345555533333334,0.0,1323.0
0.8271764161506259,0.0,0.0933350815,0.11464033875,0.0,1323.0
0.9086384822707461,0.00056801225,0.0856500345,0.09252232175,0.0,1323.0
0.899062876821366,0.052683594,0.0778715035,0.09335629200000001,0.0,1323.0
0.8947528391909458,0.05492418775,0.07575874675,0.06101263625,0.0,1323.0
0.9078837802964252,0.0,0.0959891795,0.0825317025,0.0,1323.0
0.9028400090468626,0.0,0.08522847033333332,0.10914731133333333,0.0,1323.0
0.8417470097642644,0.0,0.09991547633333332,0.13296116266666666,0.0,1323.0
0.7835613174888321,0.0,0.106158796,0.16335355899999998,0.0,1323.0
0.7797618473101249,0.0,0.103919394,0.1655968695,0.0,1323.0
0.8254456456444782,0.00085868225,0.0993207955,0.1620199625,0.0,1323.0
0.8525118034324993,0.086694802,0.095051282,0.112500006,0.0,1323.0
0.8525640058235514,0.10524136599999999,0.08287174333333333,0.08526636266666665,0.0,1323.0
0.8737648102261677,0.00192178125,0.09115483725000001,0.06790458,0.0,1323.0
0.8558287085150671,0.0,0.08840919274999999,0.04282374825,0.0,1323.0
0.7954923123668374,0.0,0.07579549099999999,0.068497952,0.0,1323.0
0.7848406586671234,0.0,0.07887652825,0.06276579925,0.0,1323.0
0.7922492039523277,0.0,0.07864816150000001,0.07173645049999999,0.0,1323.0
0.8407723496998352,0.0009238919999999999,0.07645599433333333,0.076288653,0.0,1323.0
0.8587424078133772,0.039637623999999996,0.059684377,0.08192042899999999,0.0,1323.0
0.8602000086937744,0.0501196695,0.056671825,0.11499409775,0.0,1323.0
0.8845331562209132,0.0,0.06598270933333333,0.153978641,0.0,1323.0
0.8713691582834873,0.0,0.06639638933333332,0.2074306016666667,0.0,1323.0
0.8239688918062491,0.0,0.09225673100000001,0.30270022399999996,0.0,1323.0
0.8181089604888675,0.0,0.10556254416666667,0.3483302293333333,0.0,1323.0
0.9046795184777429,0.0010462225,0.09090706875,0.34133927399999997,0.0,1323.0
0.8989212219010059,0.07099279775,0.05880450375,0.30163665100000003,0.0,1323.0
0.9069357534584704,0.020130827666666667,0.07549879566666666,0.29207706533333333,0.0,1323.0
0.9191759791460008,0.0,0.09078132750000001,0.246277724,0.0,1323.0
0.89530795687494,0.0,0.10363697350000001,0.18792232574999998,0.0,1323.0
0.8201851244863354,0.0,0.19820321725,0.22065909,0.0,1323.0
0.8554801619158364,0.0,0.20788612266666665,0.24524644866666667,0.0,1323.0
0.9207030106122552,0.0018339275,0.194484875,0.2798496145,0.0,1323.0
0.9073613513316902,0.07349388533333333,0.18734510066666665,0.324705474,0.0,1323.0
0.9076261023531453,0.029226935250000002,0.2038407745,0.40951085675000004,0.0,1323.0
0.9129353286494473,0.0,0.268890566,0.5837720245,0.0,1323.0
0.8819820318717035,0.0,0.33400612525,0.69140803,0.0,1323.0
0.7884667355778202,0.0,0.4334514286666667,0.7885937526666668,0.0,1323.0
0.8077445478545391,0.0,0.58909873325,0.901940369,0.0,1323.0
0.8914231417626369,0.00050927175,0.74305011425,0.93500765575,0.0,1323.0
0.8904369098817945,0.01229137925,0.7759886994999999,0.9242863975,0.0,1323.0
0.8902176247631607,0.004490763,0.7406294606666667,0.899303189,0.0,1323.0
0.8811363752703162,0.0,0.69498366725,0.91980340625,0.0,1323.0
0.8136674706775048,0.0,0.7429462223333334,0.9045273453333333,0.0,1323.0
0.7571333103206268,0.0,0.846685462,0.93404861,0.0,1323.0
0.8395187498367682,0.0,0.860069715,0.93499952975,0.0,1323.0
0.8619044743310069,0.009167558333333334,0.8244937676666666,0.9127484023333333,0.0,1323.0
0.8592075096748909,0.0439530115,0.8095228985,0.93414918675,0.0,1323.0
0.8679690518138143,0.0092394175,0.8221836155,0.9366453115,0.0,1323.0
0.8697353827871159,0.0,0.801773139,0.923839562,0.0,1323.0
0.8105302846176584,0.0,0.7531535816666667,0.9168384866666667,0.0,1323.0
0.759691722571594,0.0,0.67225209875,0.85486042125,0.0,1323.0
0.8413440779412962,0.0,0.56556516525,0.7460222655000001,0.0,1323.0
0.8650933464341728,0.030986150333333334,0.435738059,0.6815168213333335,0.0,1323.0
0.8653910053230771,0.11225823650000001,0.3380370865,0.61314644375,0.0,1323.0
0.874085910155856,0.004633953,0.3170216255,0.5261995749999999,0.0,1323.0
0.873958103775474,0.0,0.273324782,0.442274949,0.0,1323.0
0.8330312775168338,0.0,0.218099444,0.3653310485,0.0,1323.0
0.7603823102575564,0.0,0.17390305274999998,0.2706826855,0.0,1323.0
0.7575674877464916,0.0,0.10367483,0.19780074825,0.0,1323.0
0.8185906572767359,0.01397427525,0.06923604675,0.18107208074999998,0.0,1323.0
0.8341757118821218,0.06588971325,0.06435036225,0.23497579475,0.0,1323.0
0.8539574568287585,0.0055093445,0.0931318865,0.3024484065,0.0,1323.0
0.8641097981026366,0.0,0.098237831,0.28938738750000004,0.0,1323.0
0.8385537954944993,0.0,0.08519232775,0.2092592535,0.0,1323.0
0.7740363178687254,0.0,0.067607083,0.16042676933333333,0.0,1323.0
0.7693723547129203,0.0,0.065427681,0.288193129,0.0,1323.0
0.8158548184619316,0.0016632995,0.08680209475,0.44250780125,0.0,1323.0
0.8435633285126714,0.0432911825,0.1144787035,0.50280073775,0.0,1323.0
0.8545299128547938,0.011475823000000001,0.162332742,0.523226731,0.0,1323.0
0.8686134112676235,0.0,0.1793807295,0.4944028655,0.0,1323.0
0.8412074463913961,0.0,0.17065426350000001,0.45307402325,0.0,1323.0
0.7805373846709647,0.0,0.171176101,0.348703156,0.0,1323.0
0.8003069554302358,0.0,0.17143455375,0.27385091275,0.0,1323.0
0.8850327010084396,0.007383845799999999,0.1619075354,0.22791930900000001,0.0,1323.0
0.883569387081659,0.049533065,0.13904011300000002,0.1901083375,0.0,1323.0
0.8870810409700594,0.02371461875,0.15183374025000002,0.22881472575,0.0,1323.0
0.897009668674966,0.0,0.20125248299999998,0.3675946875,0.0,1323.0
0.8720233600753753,0.0,0.18681111675,0.367646927,0.0,1323.0
0.7860721475928293,0.0,0.209892165,0.36999071533333333,0.0,1323.0
0.8068506322269287,0.0,0.2017919,0.47251611024999995,0.0,1323.0
0.8919976945460344,0.0,0.184197935,0.46512372199999996,0.0,1323.0
0.8882966277923975,0.013584004666666665,0.14880736266666666,0.4678728996666666,0.0,1323.0
0.8904159960791969,0.06107635324999999,0.09881986975,0.42665309475,0.0,1323.0
0.8985949347868039,0.011790307,0.1035466645,0.369707483,0.0,1323.0
0.9054766112462236,0.0,0.0981613325,0.31799781299999996,0.0,1323.0
0.8931639503604893,0.0,0.078977877,0.207293256,0.0,1323.0
0.8280572813628364,0.0,0.0598669455,0.10277273,0.0,1323.0
0.7914132647443307,0.0,0.05231020425,0.061998608999999996,0.0,1323.0
0.8753988047665215,0.0,0.0430817505,0.11471124599999999,0.0,1323.0
0.8976697384383986,0.04791536700000001,0.05193679166666667,0.3538939216666666,0.0,1323.0
0.8938868319759259,0.192974522,0.053854121000000005,0.454815535,0.0,1323.0
0.8968365375407037,0.09687992249999999,0.11229216275000001,0.579284484,0.0,1323.0
0.9060637451990392,0.0,0.1945588295,0.717240323,0.0,1323.0
0.8811896804884227,0.0,0.25890844625,0.79553164675,0.0,1323.0
0.8120486703595602,0.0,0.33943067475,0.85789185925,0.0,1340.0
0.8429743871864801,0.0,0.39936380999999993,0.884679911,0.0,1357.0
0.945800741998507,0.0,0.45337541800000003,0.8934060325,0.0,1357.0
0.9585979943456353,0.01709039633333333,0.47758208133333335,0.8810684843333334,0.0,1357.0
0.9591541289897756,0.065958471,0.5063789905,0.8794675574999999,0.0,1357.0
0.9609585554839735,0.025384759,0.575551629,0.8400512059999999,0.0,1357.0
0.9709572707503743,0.0,0.5517478014999999,0.8069495425,0.0,1357.0
0.9245952664464876,0.0,0.5089198500000001,0.7433885732500001,0.0,1357.0
0.8161054664689055,0.0,0.46160796000000004,0.671289563,0.0,1357.0
0.8094270829374429,0.0,0.42895173899999994,0.60099651725,0.0,1357.0
0.9011520915468563,0.0,0.3942838405,0.5575288515,0.0,1357.0
0.9468044291421083,0.002862927,0.36642174099999997,0.558347785,0.0,1357.0
0.9470752360731778,0.05891796833333333,0.30545705399999995,0.5201307716666667,0.0,1357.0
0.9515965702819309,0.04501776025,0.29710380575,0.536015568,0.0,1357.0
0.9669149807818886,0.0,0.32302034199999996,0.5486439105,0.0,1357.0
0.9219009618409062,0.0,0.30118883825,0.554468044,0.0,1357.0
0.8034239478128141,0.0,0.32478425025,0.54905367925,0.0,1357.0
0.8047066570268057,0.0,0.348257109,0.580119907,0.0,1357.0
0.886507450594227,0.018877877,0.35455502075,0.6372820677500001,0.0,1357.0
0.9018782745573521,0.11039993050000001,0.3248499595,0.6037027524999999,0.0,1357.0
0.921599578370637,0.018362439,0.365000893,0.6753751895,0.0,1357.0
0.9335470119680845,0.0,0.3633366196666667,0.7501598416666666,0.0,1357.0
0.8943837856669629,0.0,0.3026150136666667,0.7257908386666667,0.0,1357.0
0.8269331502489115,0.0,0.3252364015,0.72567477575,0.0,1357.0
0.8280102900197958,0.0,0.28905589825,0.6546561735,0.0,1357.0
0.8986531225390514,0.03827926025,0.28300562250000005,0.6090623455,0.0,1357.0
0.9039559877543293,0.14930677799999997,0.2956212615,0.54193627525,0.0,1357.0
0.921599578370637,0.0406371695,0.360926089,0.533861743,0.0,1357.0
0.93569102614178,0.0,0.36647952,0.484656874,0.0,1357.0
0.9040102084866651,0.0,0.35157134300000004,0.428913437,0.0,1357.0
0.832388645801095,0.0,0.37820138459999997,0.41521412480000003,0.0,1357.0
0.9076325023556384,0.0,0.3680451976666667,0.404426582,0.0,1357.0
0.9818999528297017,0.028696824,0.34370280933333336,0.364782401,0.0,1357.0
0.9714832360978858,0.30692985525,0.30449992475000004,0.357400956,0.0,1357.0
0.9782181019230705,0.15028384733333333,0.34338056433333336,0.322945456,0.0,1357.0
0.9933222970471536,0.0,0.409987318,0.3525983155,0.0,1357.0
0.9456079411418506,0.0,0.42494585500000004,0.42225704875,0.0,1357.0
0.8416658115562645,0.0,0.4928878990000001,0.5493056955,0.0,1357.0
0.8718993483037399,0.0,0.4975800716666667,0.657891731,0.0,1357.0
0.9710203172774726,0.0,0.4810038335,0.6978109809999999,0.0,1357.0
0.9765272263914314,0.04434333633333334,0.44052322,0.6833476966666666,0.0,1357.0
0.9727961074181947,0.07842355625,0.30432588775,0.49677200725000004,0.0,1357.0
0.9884788767939604,0.0086578745,0.2816183825,0.33712867550000003,0.0,1357.0
0.9428029180875143,0.0,0.307388341,0.24474884875000003,0.0,1357.0
0.834230707448679,0.0,0.31655776899999993,0.26917115,0.0,1357.0
0.8578690539757221,0.0,0.297024463,0.3257547405,0.0,1357.0
0.9726857960035957,0.00042768533333333334,0.26152842066666665,0.331978116,0.0,1357.0
0.973481613117027,0.0559175905,0.219752949,0.30348126799999997,0.0,1357.0
0.9669700701351176,0.12217566975000001,0.1386602975,0.30605039025,0.0,1357.0
0.9790766839951695,0.026199352000000002,0.17224033049999998,0.3167387,0.0,1357.0
0.9895174986913025,0.0,0.19267862949999998,0.3108852555,0.0,1357.0
0.9414754238619393,0.0,0.169971276,0.28889029975,0.0,1357.0
0.8316101759081764,0.0,0.167368727,0.2742572115,0.0,1357.0
0.8308054310851324,0.0,0.18333739,0.35822212325,0.0,1357.0
0.9464369795265266,0.00051612225,0.23775332100000002,0.42949154225,0.0,1357.0
0.9574207065091678,0.09814516400000001,0.2760079105,0.5024254935,0.0,1357.0
0.9481097265634137,0.14637743175,0.31228052975,0.57072348875,0.0,1357.0
0.9631603661110797,0.032827584,0.37199638,0.58762694,0.0,1357.0
0.9682450805575211,0.0,0.42315028600000004,0.66614758875,0.0,1357.0
0.8620929016546326,0.0,0.379714699,0.6339260455,0.0,1357.0
0.8201428743721835,0.0,0.34437962275,0.6431987805,0.0,1357.0
0.9424750817738029,0.0004699955,0.3138744415,0.661504734,0.0,1357.0
0.9634218464786622,0.051189231,0.29449865399999997,0.6826157420000001,0.0,1357.0
0.9621400288632985,0.10796068825,0.23318823425000001,0.63536367975,0.0,1357.0
0.9752564411628061,0.028484915,0.27988266149999996,0.618055465,0.0,1357.0
0.9847345194151501,0.0,0.304526395,0.643978361,0.0,1357.0
0.936034354294273,0.0,0.29509942,0.6366471684999999,0.0,1357.0
0.8117376010707466,0.0,0.27504772233333336,0.5931780156666666,0.0,1357.0
0.8052373637595172,0.0,0.24974425833333336,0.565763921,0.0,1357.0
0.8435316411224463,0.000590508,0.22584700950000003,0.5908249275,0.0,1357.0
0.8969638038661663,0.0562666795,0.219004409,0.638864161,0.0,1357.0
0.896248417889966,0.1048960005,0.167359959,0.626668199,0.0,1357.0
0.9074049471282734,0.062307693250000004,0.15153696749999998,0.5564300504999999,0.0,1357.0
0.9275354032176463,0.0,0.15569491933333332,0.536464545,0.0,1357.0
0.8880116436511684,0.0,0.14611908,0.5332847266666666,0.0,1357.0
0.810504785740981,0.0,0.115914223,0.44514636125,0.0,1357.0
0.8098071448283557,0.0,0.12058644800000001,0.3753797585,0.0,1357.0
0.8847092917070036,0.03240137275,0.119969087,0.36394827725,0.0,1357.0
0.8948116134225153,0.1270630395,0.0752640665,0.29006849900000004,0.0,1357.0
0.9141194075788298,0.026823303,0.1354996235,0.341318321,0.0,1357.0
0.9226730878157617,0.0,0.19671808300000002,0.42824122533333336,0.0,1357.0
0.8684073719532898,0.0,0.20375136800000002,0.5040571915000001,0.0,1357.0
0.8273633645105388,0.0,0.2277137378333333,0.5788731693333334,0.0,1357.0
0.9530405886117723,0.0010514699999999999,0.267175132,0.6458524256666667,0.0,1357.0
0.9592808788632983,0.0514713665,0.2913542355,0.655809598,0.0,1357.0
0.9581602219203241,0.0950293895,0.261292307,0.644356744,0.0,1357.0
0.959407206540486,0.0420175545,0.3160946515,0.69386633725,0.0,1357.0
0.9697316930943931,0.0,0.3834011635,0.765513334,0.0,1357.0
0.9224237346901051,0.0,0.39835183025,0.7996791299999999,0.0,1357.0
0.8119446886074504,0.0,0.379388401,0.7701931785,0.0,1357.0
0.8048699765120721,0.0,0.4177329915,0.8068957704999999,0.0,1357.0
0.9214878976706278,0.000916823,0.44900285925,0.82804216,0.0,1357.0
0.9428832868566082,0.0677019745,0.457852907,0.8395147725000001,0.0,1357.0
0.9391634109253959,0.11788771375,0.44929231100000006,0.8376163459999999,0.0,1357.0
0.9523239976852524,0.037266505,0.4409670145,0.8525268275,0.0,1357.0
0.9526920184616663,0.0,0.4580718805,0.8253655605000001,0.0,1357.0
0.8635725349000012,0.0,0.406089827,0.7546617583333334,0.0,1357.0
0.7971342872151065,0.0,0.40517069075,0.6794538259999999,0.0,1357.0
0.8729205461484436,0.0,0.38132448466666663,0.6368843346666667,0.0,1357.0
0.9474039407472639,0.002494523,0.355217805,0.5761889010000001,0.0,1357.0
0.9446356282973014,0.07299267549999999,0.341170561,0.5560911795000001,0.0,1357.0
0.9375699295700296,0.17271345049999998,0.332141692,0.5947030395,0.0,1357.0
0.953703224795379,0.065854335,0.2995246465,0.604222715,0.0,1357.0
0.9645615161683937,0.0,0.3202817475,0.6118436945,0.0,1357.0
0.9209306207048232,0.0,0.3359597685,0.63645328925,0.0,1357.0
0.8052921478371289,0.0,0.357481112,0.62185806075,0.0,1357.0
0.8392336682616076,0.0,0.34357926033333336,0.639529715,0.0,1357.0
0.9405285548725532,0.0,0.3560091095,0.6578037075,0.0,1357.0
0.9513959065591141,0.077001489,0.36711014366666667,0.699162717,0.0,1357.0
0.9518027266732936,0.19077996275,0.3196919545,0.6986067395,0.0,1357.0
0.9755366991852215,0.0312898775,0.26113465825,0.7033539422499999,0.0,1357.0
0.9354199221674789,0.0,0.23844482824999996,0.70491032825,0.0,1357.0
0.8253258201972558,0.0,0.19670508250000002,0.6218544145,0.0,1357.0
0.8226253422403053,0.0,0.15726315525,0.535516616,0.0,1357.0
0.9463057932307991,0.00154613675,0.123716303,0.45255803024999997,0.0,1357.0
0.9654611591917481,0.065265922,0.08441948499999999,0.3939840265,0.0,1357.0
0.9604754267299358,0.10760577774999999,0.0501397605,0.2622935615,0.0,1357.0
0.9711776750566263,0.031499921,0.046791927,0.1548733565,0.0,1357.0
0.9706894296143899,0.0,0.06263673925,0.14810598475,0.0,1357.0
0.8748399783406894,0.0,0.04151396433333333,0.09282592966666665,0.0,1357.0
0.8062981902766848,0.0,0.02169048975,0.087174548,0.0,1357.0
0.8242590551080211,0.0,0.0271488205,0.09323491975,0.0,1357.0
0.8931252056274085,0.057755642333333336,0.016886743666666666,0.07920547033333333,0.0,1357.0
0.8951548712350041,0.19531945225,0.00795245975,0.07463731400000001,0.0,1357.0
0.915263396144804,0.0720220025,0.022165058,0.087945069,0.0,1357.0
0.9274104685330552,0.0,0.04155604533333333,0.10235329633333334,0.0,1357.0
0.8900042780081794,0.0,0.035005843,0.06539747333333333,0.0,1357.0
0.8155334018459145,0.0,0.0240108375,0.0535473125,0.0,1357.0
0.8151374726569101,0.0,0.033307524,0.0642193805,0.0,1357.0
0.8787010631845329,0.0056786125,0.0398140525,0.070068213,0.0,1357.0
0.9014512679041126,0.0899134045,0.0185909265,0.0410432695,0.0,1357.0
0.8997094891873462,0.17006034575,0.012869410250000001,0.02811527625,0.0,1357.0
0.9194161936983439,0.0603344485,0.037812485,0.050951421999999996,0.0,1357.0
0.9314128245534598,0.0,0.06258248166666666,0.085766689,0.0,1357.0
0.8748028357340628,0.0,0.0666066452,0.0749181966,0.0,1357.0
0.8494892870538966,0.0,0.09382157199999999,0.10479319925000001,0.0,1357.0
0.9685660865442264,0.00424963875,0.11748446574999999,0.15394169975,0.0,1357.0
0.9794143081985864,0.1397720985,0.078876707,0.131266663,0.0,1357.0
0.9708897648233363,0.30272396,0.0896093645,0.17565462599999998,0.0,1357.0
0.9829432611949367,0.14002992949999998,0.1700846405,0.251440787,0.0,1357.0
0.9874826458470893,0.0,0.19597539625,0.2969942545,0.0,1357.0
0.8842421945340444,0.0,0.1613144875,0.22752065875,0.0,1357.0
0.8531221747527097,0.0,0.1478858415,0.20990579524999997,0.0,1357.0
0.9695796164427362,0.0049662665,0.09254118775,0.142578213,0.0,1357.0
0.9816249682234344,0.10880472249999999,0.0400225455,0.07785199749999999,0.0,1357.0
0.9733191388059859,0.222160395,0.033945743,0.0608744565,0.0,1357.0
0.9834012981064533,0.1034891515,0.053379367,0.046796285,0.0,1357.0
0.9965353142163872,0.0,0.07325312033333334,0.06115351900000001,0.0,1357.0
0.934290235912664,0.0,0.053082251,0.058638291,0.0,1357.0
0.8518609661332596,0.0,0.07375470849999999,0.064619205,0.0,1357.0
0.8526970460212644,0.0,0.08619065725,0.0612274965,0.0,1357.0
0.9695796164427362,0.0088200495,0.11454365625,0.07521509075,0.0,1357.0
0.981446250529747,0.1607627335,0.096460799,0.0648692055,0.0,1357.0
0.9755466984075613,0.31721483425,0.09836722675,0.0600719935,0.0,1357.0
0.9859604728430635,0.1712456615,0.160700816,0.084540826,0.0,1357.0
0.9992894493519825,0.00064176,0.181523556,0.11114515550000001,0.0,1357.0
0.9488524108699037,0.0,0.17246174524999996,0.15493152799999999,0.0,1357.0
0.8518609661332596,0.0,0.2006680645,0.170942497,0.0,1357.0
0.8526970460212644,0.0,0.19949198975000001,0.18029501625,0.0,1357.0
0.9695796164427362,0.01669454,0.18706165624999999,0.17737385800000002,0.0,1357.0
0.9814175674392464,0.2575946485,0.13982463950000001,0.14693641200000002,0.0,1357.0
0.97297168716615,0.44498687,0.12812959833333334,0.092575577,0.0,1357.0
0.9704039372015024,0.351748,0.110084621,0.063161793,0.0,1357.0
0.9943433850572436,0.07377713150000001,0.127223692,0.05271798,0.0,1357.0
0.9962160920000784,0.0,0.1099838265,0.043519903,0.0,1357.0
0.9142632453839794,0.0,0.08285279300000001,0.059198165250000004,0.0,1357.0
0.8459984764717786,0.0,0.12344332025,0.117723234,0.0,1357.0
0.9227579320327367,0.0,0.14132734266666666,0.21501604499999996,0.0,1357.0
0.9930620371567952,0.0280558855,0.148957952,0.273718986,0.0,1357.0
0.9812212459872365,0.2420536135,0.10779619400000001,0.2905465585,0.0,1357.0
0.9728296961768821,0.38174713475,0.08846886949999999,0.29505762674999997,0.0,1357.0
0.9890274301924746,0.12760014166666667,0.21629442966666668,0.3718180793333333,0.0,1357.0
0.9961233301038435,0.0,0.26898824450000003,0.47546817750000003,0.0,1357.0
0.9106930284403325,0.0,0.229295245,0.39126441400000006,0.0,1357.0
0.8302323099552821,0.0,0.21529103049999998,0.317208965,0.0,1357.0
0.830169432931962,0.0,0.21132737219999997,0.3129721306,0.0,1357.0
0.8901508070739839,0.0701790515,0.196072053,0.28003965249999996,0.0,1357.0
0.9084462683623449,0.383471074,0.1273944685,0.2497013065,0.0,1357.0
0.9084436864152664,0.519688931,0.13529298774999998,0.26392983975,0.0,1357.0
0.9269290378909203,0.272498503,0.257588283,0.421054574,0.0,1357.0
0.9365584025901065,0.001122537,0.35246636633333334,0.5647108123333333,0.0,1357.0
0.8950590340737965,0.0,0.3293692143333333,0.5667495213333332,0.0,1357.0
0.8309003762829863,0.0,0.3885502148333333,0.5876941693333333,0.0,1357.0
0.8613233416831212,0.02651547625,0.44189956675,0.6868780400000001,0.0,1357.0
0.9079048585383209,0.2607611365,0.39316334799999997,0.720619392,0.0,1357.0
0.9010188397559904,0.33099858375,0.31220270375,0.7143794997499999,0.0,1357.0
0.9231298259902868,0.08491616466666668,0.4073690456666667,0.823241073,0.0,1357.0
0.9290974945386412,0.0,0.4194113435,0.844672157,0.0,1357.0
0.8772432744181697,0.0,0.36291702550000005,0.81276514625,0.0,1357.0
0.8274698657373827,0.0,0.33709465650000003,0.75979704625,0.0,1357.0
0.9090009009608303,0.0,0.35929838900000005,0.750030385,0.0,1357.0
0.9799077880312947,0.103685298,0.3728297543333334,0.7623681616666667,0.0,1357.0
0.9734166889807564,0.3297940925,0.403789926,0.7279513395,0.0,1357.0
0.9742921322291511,0.32286091074999995,0.45108577875,0.7883096595000001,0.0,1357.0
0.9970384172910881,0.068160138,0.48288076550000003,0.858880719,0.0,1357.0
0.9868981565742149,0.0,0.5253510306666667,0.8837285896666666,0.0,1357.0
0.91714225299234,0.0,0.4895199005,0.8859009025,0.0,1357.0
0.8494804457322295,0.0,0.44364142233333337,0.8920873886666666,0.0,1357.0
0.8729050229432306,0.0,0.38155410474999996,0.84258402825,0.0,1357.0
0.9844139516727214,0.07155518633333334,0.34668991233333335,0.7818599983333333,0.0,1357.0
0.981433951032967,0.479585512,0.271671173,0.689399297,0.0,1357.0
0.9800638077872621,0.66879153,0.19904113550000002,0.595523048,0.0,1357.0
0.9908118504264372,0.38525000600000003,0.229741231,0.6174084049999999,0.0,1357.0
0.9895370041307096,0.00210321775,0.29510977925000004,0.6417335215,0.0,1357.0
0.8958537404404098,0.0,0.24552902833333334,0.5649823756666666,0.0,1357.0
0.8459751684517577,0.0,0.18220883075,0.45680598625,0.0,1357.0
0.9005780076968184,0.0,0.16008358550000001,0.4068199815,0.0,1357.0
0.9844139516727214,0.07846837366666666,0.15880245166666665,0.38808191133333336,0.0,1357.0
0.981433951032967,0.47214488,0.10458167,0.35976750550000003,0.0,1357.0
0.9801260325868032,0.66290670825,0.08485730775,0.31438820325,0.0,1357.0
0.9910178425348126,0.3708184705,0.147292069,0.38683787000000003,0.0,1357.0
0.9898255714959475,0.00273943775,0.21379856475,0.46769726999999994,0.0,1357.0
0.89306029712225,0.0,0.20645239866666665,0.42919040499999994,0.0,1357.0
0.8539615253987947,0.0,0.19085368749999998,0.35025565399999997,0.0,2650.3333333333335
0.9785407353690524,0.07225722266666666,0.16133480366666667,0.22759022966666664,0.0,2909.0
0.9790532120047839,0.40811681450000004,0.081915173,0.18771868,0.0,2909.0
0.9718925680275545,0.5921471925,0.0347969005,0.105599049,0.0,2909.0
0.9820346518531228,0.3517448525,0.0379423075,0.118134403,0.0,2909.0
0.9947887312773509,0.004858471333333334,0.04296543333333333,0.14385477366666669,0.0,2909.0
0.9292842080671481,0.0,0.027163738333333336,0.15146884233333333,0.0,2909.0
0.8429121388881673,0.0,0.028682705000000003,0.19267387149999998,0.0,2909.0
0.8420480330416098,0.0,0.031677386,0.197770575,0.0,2909.0
0.9628811641265902,0.03558072975,0.02783452575,0.19455649425,0.0,2909.0
0.9786443258744292,0.2818149085,0.0203483165,0.187361205,0.0,2909.0
0.9661605839268739,0.434895754,0.011733361250000001,0.16539607174999998,0.0,2909.0
0.9767316223548579,0.2409563945,0.0258649565,0.1923966545,0.0,2909.0
0.9918738581867378,0.004887494333333333,0.07343637966666666,0.240901107,0.0,2909.0
0.9048796190636984,0.0,0.07940387025000001,0.18786024875,0.0,2909.0
0.8179434343595215,0.0,0.06502166375,0.08677725674999999,0.0,2909.0
0.8224382059944264,0.0,0.07377738733333333,0.11761028566666666,0.0,2909.0
0.8890185700822109,0.11937332333333334,0.06648167566666667,0.11527531533333334,0.0,2909.0
0.8982906176694364,0.41804255599999995,0.0263708885,0.06513809075,0.0,2909.0
0.9079577962168809,0.256271434,0.04596321166666667,0.046999145,0.0,2909.0
0.9313431748194125,0.006171884,0.117346986,0.09637748700000001,0.0,2909.0
0.8995231199080289,0.0,0.11898415725,0.11272932249999999,0.0,2909.0
0.8237105878890377,0.0,0.09646521366666666,0.087956631,0.0,2909.0
0.828103333536565,0.0013463725,0.108831401,0.12080747416666669,0.0,2909.0
0.8985152698866827,0.15287604300000002,0.0863346465,0.131779653,0.0,2909.0
0.9002683156652822,0.3190065635,0.040943840999999995,0.09649846549999999,0.0,2909.0
0.8953827157942522,0.28138060974999995,0.0454950185,0.11076918625,0.0,2909.0
0.925919638826376,0.04965359799999999,0.131100568,0.2000221995,0.0,2909.0
0.9293086036478375,0.0,0.1689252475,0.2121379785,0.0,2909.0
0.8709141477011422,0.0,0.1483839388,0.15544952480000002,0.0,2909.0
0.8421436118205363,0.0,0.12376410625,0.115260222,0.0,2909.0
0.9626809932006307,0.039103895,0.13675534325,0.1827394725,0.0,2909.0
0.9730620709450069,0.3029732125,0.0727897085,0.2311036735,0.0,2909.0
0.9614326235076355,0.38973790975,0.0459065355,0.21330149125,0.0,2909.0
0.9740207701851911,0.15726361900000002,0.093574954,0.32451465300000004,0.0,2909.0
0.9841805754192515,0.003749713333333333,0.19245413233333333,0.45809125733333333,0.0,2909.0
0.8980758233692774,0.0,0.22074666950000002,0.5186946570000001,0.0,2909.0
0.8155128403685812,0.0,0.24479923850000002,0.46834012049999996,0.0,2909.0
0.8395439706359632,0.0,0.24090926950000002,0.50691573,0.0,2909.0
0.961605848584881,0.03755516766666667,0.277654718,0.60615933,0.0,2909.0
0.9636020663222118,0.201681057,0.206268365,0.58499715,0.0,2909.0
0.957693187428124,0.3767990136666666,0.16708882566666663,0.48625493066666664,0.0,2909.0
0.965998156457065,0.22597908566666666,0.23439754066666665,0.5237730513333333,0.0,2909.0
0.981974281372397,0.012160889,0.3307144705,0.621674947,0.0,2909.0
0.9358503554730889,0.0,0.3110829295,0.578487279,0.0,2909.0
0.828204890017442,0.0,0.27575718600000004,0.4530914466666667,0.0,2909.0
0.8572026072917386,0.0,0.3077918435,0.50222444425,0.0,2909.0
0.9769703817548822,0.10489133266666667,0.32366335933333334,0.5671262456666667,0.0,2909.0
0.9709869398514193,0.517054492,0.168829361,0.45735117049999996,0.0,2909.0
0.9588791991445039,0.58858529375,0.1227453835,0.32894004075,0.0,2909.0
0.9690690724376911,0.29982077549999997,0.2536901655,0.418915205,0.0,2909.0
0.9811714379699191,0.016626042333333334,0.3740966753333333,0.5302234096666667,0.0,2909.0
0.9006307736415613,0.0,0.342223726,0.506438733,0.0,2909.0
0.8411508938618774,0.0,0.2802018231666667,0.4078712241666667,0.0,2909.0
0.964444170701296,0.059782845,0.300579602,0.50963079,0.0,2909.0
0.9628555087824819,0.312531191,0.1678496175,0.44714803049999996,0.0,2909.0
0.954454030246103,0.36059687274999996,0.13994654625,0.41573891300000004,0.0,2909.0
0.9648415394115071,0.137058752,0.260530507,0.5443621224999999,0.0,2909.0
0.9706023398839699,0.003979077333333333,0.37739638999999997,0.611679899,0.0,2909.0
0.8837574463968044,0.0,0.3523109505,0.5272098945,0.0,2909.0
0.8125070045227233,0.0,0.366711662,0.5231855091666667,0.0,2909.0
0.9315675221257677,0.012755252333333333,0.3926065166666666,0.582468644,0.0,2909.0
0.9420626043954686,0.076465163,0.301346545,0.5809108805000001,0.0,2909.0
0.9399362663417234,0.10703600719999999,0.25732485120000004,0.4701164136,0.0,2909.0
0.9574776503375233,0.022372502500000002,0.31889779549999997,0.47774412850000003,0.0,2909.0
0.9332619810377267,0.0,0.32981368224999996,0.566868377,0.0,2909.0
0.8048580879572264,0.0,0.25738403975,0.49817551125000004,0.0,2909.0
0.7763159508525752,0.0,0.25341728475,0.50800991875,0.0,2909.0
0.8413765401657425,0.0252703175,0.23788650425,0.47040450125,0.0,2909.0
0.8745705798770174,0.1319387466666667,0.19221898133333334,0.44927074,0.0,2909.0
0.8848712967720628,0.10445739450000001,0.16784234775,0.37696992399999996,0.0,2909.0
0.9065637659226633,0.0038872439999999998,0.22483069833333333,0.3833539756666666,0.0,2909.0
0.8510306131720654,0.0,0.184758263,0.3294782415,0.0,2909.0
0.7822032856455263,0.0,0.1532948683333333,0.25342724766666663,0.0,2909.0
0.7841703742325241,0.0,0.15157908525,0.23806377075,0.0,2909.0
0.8458731582518032,0.0333769245,0.155131618,0.2385893795,0.0,2909.0
0.8703835912459412,0.1383577,0.1564529535,0.23422199249999998,0.0,2909.0
0.8695767952771198,0.18816232780000003,0.1665896928,0.2277144092,0.0,2909.0
0.9025309897783863,0.0760455835,0.1829800825,0.243115019,0.0,2909.0
0.9053316939564802,0.0,0.2219408845,0.2626522355,0.0,2909.0
0.8551663929776713,0.0,0.17915727799999998,0.2505096865,0.0,2909.0
0.7936433357966693,0.0,0.12098823524999999,0.28554812225,0.0,2909.0
0.8852077709945707,0.009178407,0.12555074875,0.43067686725000004,0.0,2909.0
0.9389903737341166,0.1067360525,0.1404085165,0.507511955,0.0,2909.0
0.9389016487288643,0.1467892495,0.16184384000000002,0.4962545385,0.0,2909.0
0.9395968958929996,0.0825780935,0.1988613695,0.519684876,0.0,2909.0
0.954735767440646,0.00698340975,0.31133772825,0.62165071725,0.0,2909.0
0.8909262351733508,0.0,0.29612929000000004,0.5340960936666667,0.0,2909.0
0.7817451317090846,0.0,0.2170148455,0.32639710775,0.0,2909.0
0.8122244616485647,0.0,0.194591293,0.35322243366666667,0.0,2909.0
0.9156726577344687,0.0028648035,0.16744313449999998,0.402977049,0.0,2909.0
0.9266924850828719,0.0314133865,0.13603890000000002,0.46838152099999997,0.0,2909.0
0.9277534758830266,0.0659463925,0.1148254055,0.5273749145,0.0,2909.0
0.9296109023197138,0.0616751095,0.17342958849999998,0.69197768075,0.0,2909.0
0.9477722197496478,0.01327736,0.2693517805,0.7940001095,0.0,2909.0
0.944589951374468,0.0,0.318086947,0.8303540460000001,0.0,2909.0
0.8896443708209621,0.0,0.3649582946666667,0.832875709,0.0,2909.0
0.792355861594499,0.0,0.408694112,0.8376713185,0.0,2909.0
0.7944401939421591,0.0,0.50466294125,0.88460747875,0.0,2909.0
0.8940092629732057,0.0,0.5739435385,0.9187910425,0.0,2909.0
0.9455322667083093,0.038528648,0.6117079085,0.922544732,0.0,2909.0
0.950828066817279,0.1537728615,0.6609056735000001,0.9192153715,0.0,2909.0
0.9504645995400989,0.27647929974999996,0.65636705725,0.902490851,0.0,2909.0
0.9653895218055004,0.23582683399999999,0.623292017,0.9068064385,0.0,2909.0
0.9758423074324393,0.048231792,0.5992181215000001,0.907419507,0.0,2909.0
0.9598238852491008,0.0,0.562509118,0.874482559,0.0,2909.0
0.8750888462766296,0.0,0.4981165573333333,0.7986696289999999,0.0,2909.0
0.8194476042303134,0.0,0.46230916774999997,0.6905560777499999,0.0,2909.0
0.8839411402549936,0.0,0.471202761,0.684917266,0.0,2909.0
0.9728378018984191,0.13905622833333334,0.4432419206666667,0.6749396103333334,0.0,2909.0
0.9676779684960528,0.4445159835,0.4048695295,0.6179105725,0.0,2909.0
0.9585373264048485,0.6885864159999999,0.39128551899999997,0.5293227285,0.0,2909.0
0.9761348648474275,0.3664170363333333,0.43980997699999996,0.6607103836666667,0.0,2909.0
0.9860875047018464,0.000735259,0.4987672575,0.736357961,0.0,2909.0
0.9044296332690342,0.0,0.43788565725,0.694389713,0.0,2909.0
0.8316376228903412,0.0,0.3977935166666667,0.5927765623333333,0.0,2909.0
0.8931577615864231,0.00042751325,0.39770226625,0.600635059,0.0,2909.0
0.9860460997619196,0.25017289649999996,0.3458836445,0.6684484155,0.0,2909.0
0.9698263798057583,0.540242194,0.281461345,0.64191732,0.0,2909.0
0.9593800023094906,0.7139035250000001,0.27741418075,0.6015018725,0.0,2909.0
0.9742253850883928,0.37746175266666665,0.40213725499999997,0.640959496,0.0,2909.0
0.9834708696849406,0.0009680735,0.495565979,0.7327523555,0.0,2909.0
0.8979342154985643,0.0,0.40468970000000004,0.6450936425,0.0,2909.0
0.812894155175027,0.0,0.30258428600000004,0.4250402323333333,0.0,2909.0
0.8186476476858051,0.000559372,0.28334283824999995,0.399783207,0.0,2909.0
0.8789432022393842,0.2430344915,0.2232908875,0.458895363,0.0,2909.0
0.895265636420784,0.567891327,0.130648917,0.398853649,0.0,2909.0
0.8867335582243105,0.65003187575,0.16315199,0.350893049,0.0,2909.0
0.9047528688775537,0.285132688,0.28393791,0.463959526,0.0,2909.0
0.9193374677070163,0.032547096666666664,0.3977245016666666,0.6754932533333333,0.0,2909.0
0.8516542040363074,0.0,0.427739199,0.8004011531999999,0.0,2909.0
0.7945658641747767,0.0,0.46909151925,0.85841889725,0.0,2909.0
0.81403124291768,0.034104718,0.5156186326666666,0.9024910730000001,0.0,2909.0
0.8707613061253889,0.33212359199999997,0.497714501,0.9039922125,0.0,2909.0
0.8746591014693992,0.5703496585,0.48763376150000004,0.9026219575,0.0,2909.0
0.8689131748857573,0.554620578,0.615625919,0.9090058155,0.0,2909.0
0.9008605666189187,0.205792459,0.6988000089999999,0.919935838,0.0,2909.0
0.905109553033686,0.001352942,0.6700623655,0.8873559865,0.0,2909.0
0.8504907522349285,0.0,0.5751637384999999,0.91476841325,0.0,2909.0
0.8029684302197205,0.0,0.44864685266666665,0.8944527526666667,0.0,2909.0
0.9248695860531472,0.15657947100000003,0.341344664,0.8474605483333333,0.0,2909.0
0.9266741763613986,0.4885834555,0.2434861095,0.8101890815,0.0,2909.0
0.9262384227463046,0.5584726496666667,0.16982666800000001,0.6755701416666667,0.0,2909.0
0.9333779338769537,0.371912669,0.1823928795,0.61297848,0.0,2909.0
0.9541875032177035,0.1699959845,0.190461875,0.618701238,0.0,2909.0
0.9528312163275329,0.0011857373333333335,0.24267453633333333,0.773011633,0.0,2909.0
0.8519052579832596,0.0,0.3104141775,0.7971217035,0.0,2909.0
0.8073793905415304,0.0,0.368773052,0.791199307,0.0,2909.0
0.9019388795047578,0.0021285605,0.369327225,0.7466660265,0.0,2909.0
0.9527915639478823,0.1828787905,0.33275073850000003,0.706056436,0.0,2909.0
0.9524812613651119,0.41793532899999997,0.2936751355,0.6575002415,0.0,2909.0
0.9497964161353658,0.6201353,0.2590158476666667,0.5200182126666667,0.0,2909.0
0.9581507391499245,0.5432780945,0.268031288,0.4621456015,0.0,2909.0
0.977076570046864,0.286747586,0.2676925585,0.479596845,0.0,2909.0
0.9719925207563415,0.0019552316666666667,0.24078324933333337,0.5256915863333332,0.0,2909.0
0.9078683358199129,0.0,0.1761666995,0.5831148294999999,0.0,2909.0
0.8362041568040786,0.0,0.23964232466666666,0.6185800760000001,0.0,2909.0
0.8623340550115616,0.0,0.40578755375000003,0.69045781825,0.0,2909.0
0.9739601178234123,0.077070014,0.5623870793333333,0.7687629683333334,0.0,2909.0
0.9611015248245409,0.192850495,0.5983837725000001,0.797968728,0.0,2909.0
0.9521055498731844,0.32908327899999995,0.5388753553333333,0.7364739683333333,0.0,2909.0
0.9487462696796725,0.225160503,0.5718026835000001,0.7403227649999999,0.0,2909.0
0.9651976130164052,0.1628309245,0.5068882695,0.7656899705,0.0,2909.0
0.9631361428894519,0.002912902,0.4813613905,0.8058449025,0.0,2909.0
0.9052040675944046,0.0,0.4064441013333333,0.760954125,0.0,2909.0
0.8043135444078707,0.0,0.35745738250000003,0.686489497,0.0,2909.0
0.7997087663734656,0.0,0.3116021895,0.5851132205,0.0,2909.0
0.8927969701993044,0.002437856,0.3092273925,0.60650159,0.0,2909.0
0.9358902584194645,0.10864646850000001,0.3002210875,0.6843093665,0.0,2909.0
0.931941575365128,0.215205542,0.25508059299999997,0.815953476,0.0,2909.0
0.9274135353572276,0.32326283833333336,0.30087024366666665,0.8756932040000001,0.0,2909.0
0.9305803277852563,0.3534152745,0.4068001075,0.8948004075,0.0,2909.0
0.9495343256333786,0.18320914900000002,0.47754617,0.860545712,0.0,2909.0
0.9465488325334935,0.002572366,0.5060048613333333,0.7760774906666666,0.0,2909.0
0.8599049549902015,0.0,0.4408859576666666,0.6755236156666667,0.0,2909.0
0.7971892121290374,0.0,0.3860514185,0.531981693,0.0,2909.0
0.8239162432511573,0.0,0.30213814075,0.4225880245,0.0,2909.0
0.9409601148687154,0.08728087450000001,0.218292397,0.31224871499999995,0.0,2909.0
0.9523918480698949,0.4264967743333334,0.112180823,0.14709291833333335,0.0,2909.0
0.944554383300173,0.6700361923333333,0.06465996333333333,0.065943242,0.0,2909.0
0.9429253492411053,0.6204018035000001,0.055880259,0.031323824,0.0,2909.0
0.9624700011684633,0.32315566549999997,0.08707677850000001,0.038317518,0.0,2909.0
0.9733077779574808,0.0053982015,0.1045826455,0.0722337925,0.0,2909.0
0.891847754042142,0.0,0.11078949925,0.2568372585,0.0,2909.0
0.7994554073064283,0.0,0.20403326966666668,0.5708936023333333,0.0,2909.0
0.7962829852813129,0.00153434025,0.32756463324999996,0.721230342,0.0,2909.0
0.853750713801763,0.066142434,0.4225003915,0.8250923800000001,0.0,2909.0
0.8744257408470413,0.1593959955,0.462849741,0.8698317285,0.0,2909.0
0.8673635631840563,0.1827096755,0.51487554125,0.83302144,0.0,2909.0
0.888455550141654,0.0673992465,0.53807604,0.7462648255,0.0,2909.0
0.8988480435476345,0.009910150666666666,0.513000002,0.7361763513333334,0.0,2909.0
0.8577303957479452,0.0,0.4568517429999999,0.66816515,0.0,2909.0
0.7817105572524751,0.0,0.4000851635,0.584004105,0.0,2909.0
0.7689038962264181,0.0,0.29971052825,0.54953165425,0.0,2909.0
0.8340596654125341,0.0547790025,0.18837799,0.6186304659999999,0.0,2909.0
0.8639908878570212,0.2330261435,0.1458721485,0.6929407814999999,0.0,2909.0
0.8587743958836725,0.44583029139999997,0.21879494319999998,0.7064623286,0.0,2909.0
0.8898411616231614,0.2715063195,0.2931902085,0.7123755755000001,0.0,2909.0
0.8864051744569538,0.005615926333333333,0.36583657700000005,0.7235584353333334,0.0,2909.0
0.813238547181002,0.0,0.308746756,0.638333669,0.0,2909.0
0.8280019103369692,0.0,0.272631974,0.6960245117499999,0.0,2909.0
0.9535255400055719,0.0189722565,0.2855375415,0.659489538,0.0,2909.0
0.9630427546024558,0.4374272913333333,0.19173520433333335,0.5797424916666666,0.0,2909.0
0.9510749946195994,0.798304989,0.1536796735,0.432963229,0.0,2909.0
0.9481429633094591,0.76471932275,0.20492284925,0.38516097674999994,0.0,2909.0
0.9647012226706443,0.3554340805,0.30018357900000003,0.46939664150000004,0.0,2909.0
0.956599179030114,0.0140132785,0.367645455,0.5043212715000001,0.0,2909.0
0.8605268825999206,0.0,0.30092813625,0.437090145,0.0,2909.0
0.8264072317947357,0.0,0.23420374850000003,0.31545582,0.0,2909.0
0.9567878018468469,0.08363474324999999,0.19755933375,0.26904631749999997,0.0,2909.0
0.959837405223105,0.546715308,0.0837122475,0.22056800450000003,0.0,2909.0
0.9473114602110448,0.777737501,0.0918656695,0.21805241949999998,0.0,2909.0
0.9501671597993845,0.659152631,0.11667482974999999,0.23301823975,0.0,2909.0
0.9694258500678732,0.252205656,0.1983802325,0.349403959,0.0,2909.0
0.9599842476406011,0.0117208985,0.2776396615,0.3975048645,0.0,2909.0
0.9033554277704926,0.0,0.24475142300000002,0.38826325,0.0,2909.0
0.8231955450415472,0.0,0.19927612866666666,0.331499341,0.0,2909.0
0.8536250904624816,0.0,0.17670417175,0.29553729300000003,0.0,2909.0
0.9655419973631352,0.02152953,0.17056021799999999,0.353474449,0.0,2909.0
0.9597185887641615,0.3237120885,0.096130961,0.3048176975,0.0,2909.0
0.9458192376680798,0.618466749,0.0586941735,0.2515013735,0.0,2909.0
0.9336618067503278,0.70043855575,0.0841738385,0.1812653225,0.0,2909.0
0.954737034654895,0.40076539899999997,0.07444862899999999,0.2171593725,0.0,2909.0
0.9598260448435333,0.1309385515,0.1359148025,0.2670029065,0.0,2909.0
0.8865171681439286,0.0,0.16237931274999998,0.33042565375,0.0,2909.0
0.8091197612077288,0.0,0.207835573,0.34944160166666666,0.0,2909.0
0.8782834455150209,0.0,0.29578419125,0.36374564275,0.0,2909.0
0.9686109887370459,0.22206414733333335,0.30788099133333335,0.36128055266666664,0.0,2909.0
0.9471364986735686,0.6312979495,0.22816297000000002,0.345046961,0.0,2909.0
0.934793308089867,0.7686780529999999,0.28132983425,0.35698952325000005,0.0,2909.0
0.9485141292219164,0.4951757615,0.336454128,0.41572619050000004,0.0,2909.0
0.9569401364118516,0.156768576,0.3712630155,0.422912485,0.0,2909.0
0.8891265973745184,0.0,0.3637030175,0.38429358625,0.0,2909.0
0.8093988615899903,0.0,0.3033892653333334,0.2740735106666667,0.0,2909.0
0.8786360919986154,0.0,0.2133539775,0.16146713175000002,0.0,2909.0
0.9657319188126522,0.2701215556666667,0.08188915033333334,0.114241384,0.0,2909.0
0.9386434546462663,0.6712167035000001,0.020345007,0.0978764765,0.0,2909.0
0.9236378114428178,0.8243920305,0.02746494625,0.10306433425,0.0,2909.0
0.9401922921389905,0.5489659375,0.027498375499999998,0.1281379905,0.0,2909.0
0.9503896528911318,0.1710665395,0.063037415,0.145216234,0.0,2909.0
0.9255781649926983,0.0,0.079682242,0.179116313,0.0,2909.0
0.8224724912233605,0.0,0.09720407249999999,0.218914014,0.0,2909.0
0.8008346342602437,0.0,0.11262770550000001,0.18775129275,0.0,2909.0
0.8410215934077079,0.052725805,0.1086189255,0.18271185099999998,0.0,2909.0
0.8799392689032682,0.4024656815,0.06204180149999999,0.1438797455,0.0,2909.0
0.8725646759564162,0.7352266925,0.023582647499999998,0.09842838300000001,0.0,2909.0
0.8672314519641702,0.8147950164,0.0300634426,0.096877389,0.0,2909.0
0.8936479316874788,0.367992232,0.0471529835,0.1444702235,0.0,2909.0
0.9022740158603904,0.035700838,0.073903055,0.1846695215,0.0,2909.0
0.7936260135546739,0.0,0.058402451749999994,0.1959320075,0.0,2909.0
0.711048266187148,0.0,0.05288393425,0.20197719075,0.0,4469.0
0.735808678332978,0.0,0.0810037775,0.2496132915,0.0,4989.0
0.793429245782313,0.300184149,0.09755302666666667,0.23951297866666665,0.0,4989.0
0.8090545553988202,0.705864279,0.0480089555,0.2437756985,0.0,4989.0
0.8000566714718601,0.8132097502500001,0.05092386575,0.22183583299999998,0.0,4989.0
0.8163093930821427,0.46643139050000004,0.0825005265,0.295248686,0.0,4989.0
0.8170723804836846,0.117990587,0.1927670405,0.3615428175,0.0,4989.0
0.7961010875942025,0.0,0.2609998175,0.403663803,0.0,4989.0
0.7290301973807349,0.0,0.25763690625,0.43734828299999995,0.0,4989.0
0.7360196934991914,0.0,0.33233013625,0.5273157485,0.0,4989.0
0.8351736015504935,0.018971935666666665,0.42136789799999996,0.6549074773333333,0.0,4989.0
0.8402136327959943,0.0990937155,0.449935084,0.71473384,0.0,4989.0
0.8395023076263777,0.147147383,0.42512154724999995,0.7937733425,0.0,4989.0
0.8444132027006958,0.081376767,0.5069315626666667,0.8557483650000001,0.0,4989.0
0.8411284386232231,0.0185461395,0.4841507045,0.8710129019999999,0.0,4989.0
0.8261684724989189,0.0,0.4519776845,0.8794736385,0.0,4989.0
0.7397652713552256,0.0,0.40498146125,0.8779160565,0.0,4989.0
0.7423853921101051,0.0,0.4076707425,0.84436759525,0.0,4989.0
0.8399201833655486,0.0283023405,0.431450302,0.772035303,0.0,4989.0
0.8370798580700283,0.2111429225,0.46056286599999996,0.6897201035,0.0,4989.0
0.8368342917375624,0.39936330200000003,0.5148904905,0.5931122645,0.0,4989.0
0.8262629714806291,0.515922238,0.62097201575,0.469982651,0.0,4989.0
0.8320580726047233,0.39223716350000004,0.5513254759999999,0.46149005200000004,0.0,4989.0
0.8354347379294048,0.1626601955,0.49847131850000004,0.44735191750000003,0.0,4989.0
0.7957263068307866,0.0,0.500377698,0.47395539575,0.0,4989.0
0.7222025537676849,0.0,0.42189499325,0.40097293424999997,0.0,4989.0
0.8074910009015357,0.030201996,0.318266432,0.4608802285,0.0,4989.0
0.8362322766535105,0.32272433050000005,0.201700202,0.5667360269999999,0.0,4989.0
0.8263286466918308,0.613982248,0.16316077099999998,0.5706990215000001,0.0,4989.0
0.8167807151883615,0.6666131925000001,0.16307002450000002,0.5886186959999999,0.0,4989.0
0.8231874312439358,0.29446362249999997,0.29688726475000005,0.73313684,0.0,4989.0
0.8262902463642507,0.0347390225,0.527711107,0.8772619269999999,0.0,4989.0
0.8083924980873943,0.0,0.6110666124999999,0.8716861685,0.0,4989.0
0.7432595561082944,0.0,0.5714089375,0.759360027,0.0,4989.0
0.7012224232558988,0.0,0.4265998226666667,0.524912781,0.0,4989.0
0.759746495082183,0.0,0.23406814825,0.2423319605,0.0,4989.0
0.8225361011478386,0.04508776666666667,0.09394832000000002,0.14398401233333336,0.0,4989.0
0.8234209563055919,0.122228188,0.040477623500000004,0.17051111400000002,0.0,4989.0
0.8167511164273203,0.1837131065,0.07793236125,0.25605301775,0.0,4989.0
0.8203811173723712,0.1469952705,0.192519048,0.356471879,0.0,4989.0
0.8171428911793803,0.035470091,0.3169594775,0.5036137375,0.0,4989.0
0.8035157709044629,0.0,0.381673047,0.6213680655,0.0,4989.0
0.7395082508565161,0.0,0.4118443865,0.5968448745,0.0,4989.0
0.7007203058791198,0.0,0.43198613766666666,0.4880198193333333,0.0,4989.0
0.7572411065329954,0.0,0.40440328849999996,0.46000073825,0.0,4989.0
0.8221409541396781,0.02315782133333333,0.32686624966666666,0.46172612733333335,0.0,4989.0
0.8258300970642598,0.06215702049999999,0.258698469,0.48975607649999997,0.0,4989.0
0.8239445587500076,0.1712418463333333,0.19246074166666668,0.5810569183333333,0.0,4989.0
0.8295286603390005,0.1893394506666667,0.22464445833333335,0.795662895,0.0,4989.0
0.8311716209893989,0.0463201885,0.34020645699999996,0.835095396,0.0,4989.0
0.8030850871884389,0.0,0.4913970423333333,0.8991846413333334,0.0,4989.0
0.7018505514672254,0.0,0.62089431825,0.9106059205,0.0,4989.0
0.7155609158542872,0.0015483475,0.5678328447500001,0.758155401,0.0,4989.0
0.7828388349877885,0.365190275,0.4104664933333333,0.6004032423333333,0.0,4989.0
0.7893829888460193,0.74367308,0.399943795,0.689821003,0.0,4989.0
0.782854498612491,0.7740976495,0.4893699605,0.8135218635,0.0,4989.0
0.790851418231351,0.4929451616666667,0.540818328,0.8731720106666666,0.0,4989.0
0.8103716750990566,0.1803221415,0.507382326,0.886918136,0.0,4989.0
0.8058649638476734,0.028405566,0.5043081895,0.8840791065,0.0,4989.0
0.7344716306843774,0.0,0.44860436274999993,0.8216722605000001,0.0,4989.0
0.6908248446323584,0.0,0.3597628805,0.612963532,0.0,4989.0
0.703421088851169,0.00129571875,0.24909875975,0.29288228499999996,0.0,4989.0
0.7686080643018829,0.133556543,0.11972859949999999,0.167349547,0.0,4989.0
0.7896630358484229,0.396527558,0.057234552999999994,0.1758823015,0.0,4989.0
0.7773626821708174,0.6454139999999999,0.0518306285,0.13255667799999998,0.0,4989.0
0.771017392633895,0.5490539977500001,0.032558448499999997,0.092362695,0.0,4989.0
0.7937473882014056,0.188042826,0.033419911999999996,0.107917577,0.0,4989.0
0.7956380746744951,0.0192873425,0.1049380375,0.177465656,0.0,4989.0
0.7284450139718601,0.0,0.2009833816,0.3403094714,0.0,4989.0
0.7066120498440372,0.0,0.19921736499999998,0.319629433,0.0,4989.0
0.8151095407976516,0.024997437749999997,0.1415987605,0.21820345825,0.0,4989.0
0.8114812220728731,0.18265173966666667,0.10208401833333335,0.342429744,0.0,4989.0
0.8057234263169641,0.28035130675,0.200896345,0.565689115,0.0,4989.0
0.8172066889377209,0.2382113025,0.410068055,0.6657425859999999,0.0,4989.0
0.8210441603817191,0.1072768285,0.49208320099999997,0.6960802835,0.0,4989.0
0.8100183713272031,0.000973266,0.5416262275,0.7694584715,0.0,4989.0
0.7282339143038553,0.0,0.59161605225,0.8381384505,0.0,4989.0
0.7345553443551259,0.0,0.55698852,0.821391419,0.0,4989.0
0.8353357789225107,0.07366703349999999,0.460246853,0.702386114,0.0,4989.0
0.8293062375351534,0.3591345495,0.327442794,0.5352569855,0.0,4989.0
0.8247485913674857,0.640495889,0.229473885,0.382348898,0.0,4989.0
0.812012176058514,0.7999327046,0.1361911846,0.3224877056,0.0,4989.0
0.816218227122442,0.437894476,0.1093018655,0.3296973635,0.0,4989.0
0.815602973737024,0.084608615,0.162623416,0.32294863149999997,0.0,4989.0
0.7616572855099579,0.0,0.118716773,0.34494412625,0.0,4989.0
0.7220625774724413,0.0,0.09259488475,0.36870610824999994,0.0,4989.0
0.8266941092804565,0.1530061945,0.1226163045,0.33615364025000005,0.0,4989.0
0.815329850900402,0.701957093,0.07695946933333332,0.35645598966666664,0.0,4989.0
0.809059453251451,0.8955551063333332,0.12242017266666667,0.41992669666666665,0.0,4989.0
0.8118379840719432,0.703325321,0.14607811650000002,0.4779025415,0.0,4989.0
0.8162408075141997,0.387466758,0.17135818549999998,0.454012737,0.0,4989.0
0.8166708181545415,0.07200197,0.2242181695,0.3909098085,0.0,4989.0
0.8003896013397244,0.0,0.2128292295,0.29801220500000003,0.0,4989.0
0.7253901463080231,0.0,0.17249430600000001,0.19372061266666665,0.0,4989.0
0.7435815123102976,0.0,0.11455133475000001,0.11921628975000001,0.0,4989.0
0.8399301825878883,0.09208797599999999,0.07070775,0.094155354,0.0,4989.0
0.8195910897101987,0.40312744050000004,0.022872373,0.10388514600000001,0.0,4989.0
0.8091959050435632,0.6765861074999999,0.0223489385,0.10912385399999999,0.0,4989.0
0.8043586017759494,0.7372172192,0.0331363132,0.0883594114,0.0,4989.0
0.8098703084324829,0.4005554275,0.062209468500000004,0.0920596095,0.0,4989.0
0.809394761653523,0.049354343999999994,0.11491738666666666,0.11844817033333334,0.0,4989.0
0.7554755974435622,0.0,0.10921410849999999,0.108760885,0.0,4989.0
0.7165944364340241,0.0,0.08638830066666665,0.10737577300000001,0.0,4989.0
0.7747102051704309,0.0094124885,0.06133761625,0.1647976955,0.0,4989.0
0.8248296646307971,0.31102594299999997,0.053260424,0.210551436,0.0,4989.0
0.8097749173832114,0.65862862,0.020084873,0.195213812,0.0,4989.0
0.8033241906813418,0.8841654999999999,0.023923884,0.18855738049999998,0.0,4989.0
0.7961792969251752,0.83993784825,0.03742924675,0.20611191525,0.0,4989.0
0.8045239022858249,0.4476542045,0.0786729545,0.25811769900000003,0.0,4989.0
0.8069981081733937,0.0924262405,0.1707709005,0.35345866049999997,0.0,4989.0
0.7482846742829868,0.0,0.30025777550000005,0.5126924669999999,0.0,4989.0
0.7040750012590704,0.0,0.38329954025,0.5805914565,0.0,4989.0
0.7494874373931526,0.17247205300000001,0.30575603999999995,0.5643699837499999,0.0,4989.0
0.767079702315376,0.7333926356666667,0.13980026966666667,0.556226099,0.0,4989.0
0.7397441072464216,0.930690878,0.14034159,0.48980401733333334,0.0,4989.0
0.7439933205207276,0.752034619,0.15114555000000002,0.4671470555,0.0,4989.0
0.755555449604405,0.41266199000000003,0.185371005,0.43005151,0.0,4989.0
0.7743037603592504,0.05243845833333333,0.189580368,0.31323197033333333,0.0,4989.0
0.7152307089261316,0.0,0.116429837,0.109726906,0.0,4989.0
0.7087793599496937,0.0,0.10407228875,0.11039219774999999,0.0,4989.0
0.756248138059715,0.21238164766666667,0.159398861,0.169669573,0.0,4989.0
0.7655570291157666,0.6112229545000001,0.0735739475,0.1838479525,0.0,4989.0
0.7438481215583461,0.8248037564999999,0.041415153499999996,0.19077424799999998,0.0,4989.0
0.7543709714564222,0.7637644445,0.0420985815,0.21523549025000002,0.0,4989.0
0.7810389937239817,0.3776509785,0.1333348245,0.254639293,0.0,4989.0
0.7768701334313466,0.054544196666666676,0.23847196033333332,0.28708564933333336,0.0,4989.0
0.711515210487832,0.0,0.20437061099999998,0.21935960325,0.0,4989.0
0.7195001395848922,0.0,0.1264192485,0.12870462900000001,0.0,4989.0
0.8188798191973703,0.11067303666666665,0.06677944200000001,0.09347725800000001,0.0,4989.0
0.810510301804091,0.2934323075,0.021857683000000003,0.0556114275,0.0,4989.0
0.8027768189011072,0.44390121340000005,0.0224103512,0.0418388514,0.0,4989.0
0.804031220890317,0.22467139874999997,0.05128980825,0.04765379475,0.0,4989.0
0.7623308440372745,0.00179900675,0.070807228,0.07831695675,0.0,4989.0
0.6921524953253644,0.0,0.06543297433333332,0.09050112700000001,0.0,4989.0
0.7548155939039407,0.007646051,0.0764630875,0.1191016515,0.0,4989.0
0.8170785303883858,0.0880873405,0.087892254,0.15270754450000001,0.0,4989.0
0.81256764125339,0.1837608165,0.056009317,0.1789502865,0.0,4989.0
0.8102240817629405,0.245302055,0.0516833575,0.2400328085,0.0,4989.0
0.809532660938709,0.2498673065,0.093247141,0.30810078725,0.0,4989.0
0.8144924563837752,0.135977603,0.15900106149999998,0.439868876,0.0,4989.0
0.8063769396625766,0.033092342,0.201155615,0.4731453965,0.0,4989.0
0.7548794578860925,0.0,0.19653525866666666,0.41058906433333336,0.0,4989.0
0.6974335155927036,0.0,0.1869005625,0.320030864,0.0,4989.0
0.7229745782966236,0.0,0.1734447555,0.282602666,0.0,4989.0
0.8209209625220849,0.17865470133333336,0.11489593366666666,0.19456480466666667,0.0,4989.0
0.8080806933547617,0.5319365119999999,0.0359297695,0.121997092,0.0,4989.0
0.7961627257581108,0.705369516,0.020757871,0.1386885355,0.0,4989.0
0.7913804506635534,0.5891601980000001,0.03618434175,0.22922898675,0.0,4989.0
0.8048784267433174,0.176397935,0.10221916233333334,0.33851779899999995,0.0,4989.0
0.795299042107888,0.005587914,0.1432856355,0.414951217,0.0,4989.0
0.7291144273471126,0.0,0.154370593,0.47750574700000004,0.0,4989.0
0.6886390811132355,0.0,0.18050503799999998,0.545738838,0.0,4989.0
0.7504472512879328,0.01399885775,0.24256828474999997,0.6114977880000001,0.0,4989.0
0.812993646160766,0.34465575033333334,0.17649473633333335,0.65961126,0.0,4989.0
0.7991019156486087,0.7466101285,0.1095360955,0.5621588755,0.0,4989.0
0.7791208329142815,0.853311238,0.13416091175,0.461790929,0.0,4989.0
0.777495980855019,0.5919773715000001,0.212340093,0.411140561,0.0,4989.0
0.7815480352665423,0.268617315,0.2995191655,0.3577134005,0.0,4989.0
0.7905793907188499,0.015677903,0.296713384,0.2637139765,0.0,4989.0
0.7124994708165191,0.0,0.22226318625,0.337974518,0.0,4989.0
0.7232042187143279,0.0,0.1935213315,0.55383466975,0.0,4989.0
0.8234481372462303,0.030077717500000004,0.20382186800000002,0.627497099,0.0,4989.0
0.8097321040800944,0.11944285199999999,0.19984508550000002,0.634859218,0.0,4989.0
0.7898818907988545,0.366286286,0.19122673199999998,0.5177899383333334,0.0,4989.0
0.7726808565096825,0.582588827,0.176196951,0.34929318675,0.0,4989.0
0.7767930036891753,0.2010609726666667,0.17108453233333334,0.303232695,0.0,4989.0
0.7460880041033695,0.00276794,0.142061557,0.37324702200000004,0.0,4989.0
0.666715895707596,0.0,0.09970391933333334,0.5784225353333333,0.0,4989.0
0.6791985070047174,0.004264331,0.20115026425,0.6577396529999999,0.0,4989.0
0.761451802142174,0.11579858633333333,0.2877588256666667,0.6342102776666666,0.0,4989.0
0.7718568761965354,0.3581545485,0.31504027749999997,0.5820758075,0.0,4989.0
0.7631845987738993,0.4467531107999999,0.26534590760000004,0.549777697,0.0,4989.0
0.7805553955676507,0.19155363450000001,0.220512633,0.550767054,0.0,4989.0
0.7793237617936404,0.050497977,0.22523617,0.570635981,0.0,4989.0
0.7291116969044703,0.0,0.214147788,0.5892256413333333,0.0,4989.0
0.6803430942422808,0.0,0.1898557505,0.5879216695,0.0,4989.0
0.6818960627252817,0.00028009075,0.1629911575,0.57347060625,0.0,4989.0
0.7445456920267602,0.087798198,0.100930023,0.48277135066666665,0.0,4989.0
0.784063928079298,0.283139547,0.06162195200000001,0.3768487345,0.0,4989.0
0.7834075042206332,0.3356247375,0.043445266499999996,0.265443245,0.0,4989.0
0.7857043537280577,0.35170872425,0.0383672715,0.19666165250000003,0.0,4989.0
0.7993835823468366,0.17452342933333334,0.03175985133333333,0.12752009433333333,0.0,4989.0
0.7585448703859035,0.008233184,0.048721416749999996,0.059785745999999994,0.0,4989.0
0.7086068590097631,0.0,0.07575448800000001,0.12350152566666667,0.0,4989.0
0.7660795673419745,0.0145615705,0.094454447,0.27051620224999995,0.0,4989.0
0.8191501563614209,0.21784577833333332,0.069338968,0.463118742,0.0,4989.0
0.8113371338573095,0.5248328529999999,0.0924156985,0.529132162,0.0,4989.0
0.8065405095582571,0.4872051103333333,0.11719209666666668,0.5438104383333333,0.0,4989.0
0.812298907737222,0.34338087625,0.16929308625,0.58843051825,0.0,4989.0
0.8047931442299622,0.041991280666666665,0.37676751399999997,0.714086791,0.0,4989.0
0.7404911495590378,0.0,0.4736180975,0.8092518344999999,0.0,4989.0
0.6977048780534932,0.0,0.5271717853333334,0.8488992213333333,0.0,4989.0
0.7555472227938538,0.006462913000000001,0.554854817,0.85184207025,0.0,4989.0
0.8172433054428007,0.063560856,0.5209978165,0.8552375785,0.0,4989.0
0.8116403009416642,0.161063513,0.4900717256666667,0.8414925489999999,0.0,4989.0
0.8060784434150029,0.18238128850000002,0.492450848,0.806182736,0.0,4989.0
0.8106918595145157,0.1120088095,0.47678924225,0.80742818175,0.0,4989.0
0.7659020587147995,0.00632472975,0.3961745320000001,0.7056312685,0.0,4989.0
0.6940324629197182,0.0,0.2830524716666667,0.47995404766666666,0.0,4989.0
0.7511375690245914,0.006394269,0.21396690474999996,0.409977452,0.0,4989.0
0.8139650514108493,0.11230334566666667,0.15258816366666667,0.44100393,0.0,4989.0
0.8098760356719158,0.2659566165,0.139128753,0.41654581199999996,0.0,4989.0
0.8090706573199029,0.37437417949999996,0.0983837075,0.3326519615,0.0,4989.0
0.8087456768103519,0.38079517733333335,0.13550174733333334,0.39541160599999997,0.0,4989.0
0.8102604478576064,0.18298468566666667,0.163007923,0.4251841596666666,0.0,4989.0
0.767746434736087,0.01393551675,0.1856500625,0.35924739099999997,0.0,4989.0
0.7008671009864503,0.0,0.159059957,0.33754110033333334,0.0,4989.0
0.7577307368917541,0.02066862275,0.11689836850000002,0.261809329,0.0,4989.0
0.8172742419144058,0.2291112775,0.047114337,0.1631238985,0.0,4989.0
0.8085394342915624,0.5164758963333332,0.06352243666666667,0.150981958,0.0,4989.0
0.8042205475760227,0.65285417525,0.09404287875,0.21896305125,0.0,4989.0
0.8103689993653063,0.469903744,0.1293610175,0.227180386,0.0,4989.0
0.8067107611290687,0.2308291885,0.129938864,0.252102204,0.0,4989.0
0.7981726041494537,0.042730981,0.17537199,0.3114917095,0.0,4989.0
0.723486718394514,0.0,0.1933062595,0.28654146,0.0,4989.0
0.7295851038884063,0.00172536575,0.12298233,0.14710226475000002,0.0,4989.0
0.8257717451853364,0.1614301225,0.061371760500000004,0.1066431425,0.0,4989.0
0.8134286485446178,0.4548068715,0.021232484000000003,0.1240988445,0.0,4989.0
0.8057279796598869,0.733911115,0.035445832999999996,0.15896468,0.0,4989.0
0.797363282224197,0.7286205354999999,0.039257728,0.20365297525,0.0,4989.0
0.80939798499723,0.382631889,0.045325064666666665,0.2843102453333333,0.0,4989.0
0.8032531169529923,0.1274968585,0.068492651,0.3132071625,0.0,4989.0
0.7542857986734731,0.0,0.09087365399999998,0.23519229100000003,0.0,4989.0
0.6923325584409644,0.0,0.07832117033333334,0.23177558733333334,0.0,4989.0
0.7004976835701802,0.028956586,0.06102201025,0.19413875649999998,0.0,4989.0
0.7590543345937323,0.2700976015,0.026740955500000003,0.17816402650000002,0.0,4989.0
0.7731724780115902,0.5598661993333334,0.02084901833333333,0.17902875166666665,0.0,4989.0
0.7661240706809198,0.63989936,0.04105880975,0.22061598075,0.0,4989.0
0.7768523257391162,0.447874487,0.0455437945,0.3104887745,0.0,4989.0
0.7804450292878489,0.213222964,0.066693804,0.3728385065,0.0,4989.0
0.7463966754232927,0.0210416555,0.11598655125,0.34353359299999997,0.0,4989.0
0.6919594911079409,0.0,0.12882262133333333,0.3269850543333333,0.0,4989.0
0.7018084423457036,0.0315359695,0.09208376474999999,0.2175052425,0.0,4989.0
0.7564243909354564,0.2529407325,0.0435828375,0.143850449,0.0,4989.0
0.7769962262771285,0.3982070773333333,0.03411303266666667,0.08542644966666667,0.0,4989.0
0.7766728105460952,0.42641334975,0.024227626999999998,0.02700451875,0.0,4989.0
0.7914505854310057,0.2545895255,0.023357878,0.0381539635,0.0,4989.0
0.791421010429255,0.1504321715,0.0352764245,0.038913005,0.0,4989.0
0.7734454751740718,0.038131212500000004,0.06903994100000001,0.0460347455,0.0,4989.0
0.7275837575832316,0.0,0.097717741,0.0475750865,0.0,4989.0
0.7010994290175502,0.0,0.08911251425000001,0.04852846025,0.0,4989.0
0.7910728939982262,0.0433158445,0.07925267425,0.05489269299999999,0.0,4989.0
0.8159126188752241,0.2491089365,0.044732907,0.039730134,0.0,4989.0
0.8078083690595477,0.5599959965,0.028313763500000002,0.0285269165,0.0,4989.0
0.795455648760007,0.6452328053333334,0.017969674,0.037874258333333334,0.0,4989.0
0.7936333601773089,0.459557554,0.026538946,0.1011631705,0.0,4989.0
0.7973971762585015,0.260470134,0.046289421,0.172608155,0.0,4989.0
0.7953136576144278,0.054585005,0.130725577,0.306532497,0.0,4989.0
0.7046940104880772,0.0,0.2099569645,0.447760029,0.0,4989.0
0.6320794261000803,0.0,0.27908614233333334,0.574365959,0.0,3714.3333333333335
0.6654286993744931,0.01173382775,0.32110197375,0.6660252755,0.0,1165.0
0.7729421608709441,0.080646626,0.2799481855,0.7283104405,0.0,1165.0
0.7765379860569485,0.19157786866666668,0.35137448666666665,0.7576971866666665,0.0,1165.0
0.7751081999066773,0.20980271799999997,0.43662037400000003,0.6741361490000001,0.0,1165.0
0.7761082569850374,0.1285783405,0.461287896,0.6481017364999999,0.0,1165.0
0.7749061825816659,0.05327932533333333,0.5036118396666667,0.5824820993333333,0.0,1165.0
0.7591981255055458,0.0061335235,0.5644924579999999,0.7044857885,0.0,1165.0
0.6653294588512718,0.0,0.5391108455,0.7681800722500001,0.0,1165.0
0.6439279316402354,0.000857325,0.4885502485,0.76697241275,0.0,1165.0
0.7598980823237236,0.026191907666666667,0.43120930566666665,0.7079339803333333,0.0,1165.0
0.7760810994910669,0.092580683,0.3553069425,0.6346089795000001,0.0,1165.0
0.7736669006608702,0.22288341075,0.28155009975,0.535064628,0.0,1165.0
0.7721574143362684,0.2424477605,0.2721163505,0.5004545485,0.0,1165.0
0.773032630620917,0.08309598233333333,0.226332341,0.467204923,0.0,1165.0
0.758351482893614,0.009984795,0.2005316485,0.4035049085,0.0,1165.0
0.6624607440175341,0.0,0.1787349505,0.35941931025,0.0,1165.0
0.6467232373011813,0.001130093,0.13315069075,0.26403127625,0.0,1165.0
0.7532654773173224,0.049095695,0.097033756,0.189130807,0.0,1165.0
0.7746768744814023,0.16484889949999998,0.067563718,0.208238066,0.0,1165.0
0.7672440392818256,0.278895473,0.07564341833333334,0.3087409506666667,0.0,1165.0
0.7621973929497309,0.26371191275,0.1189437685,0.39065325625,0.0,1165.0
0.7661022413640932,0.06526348666666668,0.2404784293333333,0.542917568,0.0,1165.0
0.7544263893756253,0.007321613,0.4045940175,0.686130523,0.0,1165.0
0.6799628912024267,0.0,0.4992909425,0.7864038280000001,0.0,1165.0
0.621283883700316,0.0,0.5780668459999999,0.863219104,0.0,1165.0
0.6575493247695064,0.00479587225,0.61026819225,0.8635491985000001,0.0,1165.0
0.7718725557649722,0.050103392499999996,0.6148416845,0.7902557375,0.0,1165.0
0.7749956975833183,0.1098690195,0.553751047,0.7503389045,0.0,1165.0
0.7732236159239159,0.1782205535,0.489572825,0.675674857,0.0,1165.0
0.7719136085359457,0.23417245325,0.382156487,0.5721598807499999,0.0,1165.0
0.7727903348381161,0.10029873433333332,0.24351391199999997,0.4078619353333333,0.0,1165.0
0.7586832391775901,0.012665850499999999,0.179457379,0.30026759000000003,0.0,1165.0
0.652045959905984,0.0,0.1578082,0.23786406799999998,0.0,1165.0
0.6147031404205121,0.00236619625,0.14384121049999998,0.17424695899999998,0.0,1165.0
0.6559108080546673,0.1257903016666667,0.12413728266666664,0.14727333866666667,0.0,1165.0
0.7212844735351166,0.31242623150000004,0.097747222,0.1520559715,0.0,1165.0
0.7086727140308564,0.45883711549999995,0.0690531695,0.28248109050000003,0.0,1165.0
0.6934142752619576,0.60068843325,0.10199882900000001,0.4649761605,0.0,1165.0
0.6955927544744788,0.334772213,0.121623193,0.5082156056666667,0.0,1165.0
0.7061039389778845,0.0613890775,0.185627889,0.5126261845,0.0,1165.0
0.6488983601492324,0.0,0.22979620774999998,0.57218215475,0.0,1165.0
0.6254430122460315,0.0396491448,0.2941772932,0.6956079648,0.0,1165.0
0.6649482505746058,0.4146195856666666,0.22199605266666667,0.7892633436666667,0.0,1165.0
0.6873851327805786,0.6925979115,0.282749907,0.8280787034999999,0.0,1165.0
0.6903342754690136,0.741400126,0.3443934025,0.7409757244999999,0.0,1165.0
0.6965989142515818,0.5596328645,0.3659433355,0.6179726475,0.0,1165.0
0.699862936468689,0.28069771099999996,0.383689115,0.5217878215,0.0,1165.0
0.695874890522896,0.0564889805,0.4159054985,0.508592989,0.0,1165.0
0.6467055156999055,0.0,0.34812404674999997,0.4010339745,0.0,1165.0
0.6361588178675692,0.0,0.19615888366666667,0.244707746,0.0,1165.0
0.7045804986032986,0.0978948,0.12398436,0.285076377,0.0,1165.0
0.7659192051067854,0.3201335535,0.067478671,0.4311797865,0.0,1165.0
0.7577214418510095,0.4902781655,0.0927761315,0.5550934455000001,0.0,1165.0
0.7592219498211956,0.5579349785000001,0.156905864,0.633452822,0.0,1165.0
0.7626795941535832,0.54122248075,0.30253249649999997,0.763622468,0.0,1165.0
0.7622683533004148,0.2921843933333333,0.3990837923333333,0.7206800303333333,0.0,1165.0
0.7396347893974045,0.0700336835,0.5345717185000001,0.72957256,0.0,1165.0
0.6685354929254316,0.0,0.577092913,0.681078249,0.0,1165.0
0.6193111070454519,0.0,0.5053211346666666,0.6936509423333334,0.0,1165.0
0.6546870999422045,0.05804143925,0.309647975,0.48165629649999997,0.0,1165.0
0.7651041326517388,0.3112395225,0.100677398,0.2635561325,0.0,1165.0
0.7592174899523227,0.500797301,0.072655104,0.2074052915,0.0,1165.0
0.7577234135594759,0.7752565345,0.07332113700000001,0.188894699,0.0,1165.0
0.7596959124911629,0.8091167025,0.0606805325,0.16176664275,0.0,1165.0
0.759883905113564,0.41168422633333335,0.04051275033333334,0.16519937233333334,0.0,1165.0
0.7385879288098662,0.083162413,0.1009725065,0.265274169,0.0,1165.0
0.675889124863728,0.0,0.1894907595,0.42772270599999995,0.0,1165.0
0.6307877033095673,0.0,0.3179725393333333,0.6978326653333333,0.0,1165.0
0.6692803365137316,0.06281568525,0.36006474850000003,0.8041248357500002,0.0,1165.0
0.7637984674303683,0.38762691000000005,0.242222234,0.8074728615,0.0,1165.0
0.7576733236611055,0.674706571,0.2092082235,0.8000345744999999,0.0,1165.0
0.7580292797200414,0.8785810545,0.237766805,0.8005517200000001,0.0,1165.0
0.7596399782763308,0.8479363707500001,0.2709867185,0.8096223145000001,0.0,1165.0
0.7589971562986969,0.498514401,0.26998241450000005,0.7855479919999999,0.0,1165.0
0.7449186968353357,0.143559268,0.3791881393333334,0.7982283376666667,0.0,1165.0
0.676018621123627,0.0,0.4346377445,0.80605503,0.0,1165.0
0.6328645213752851,0.0003584276,0.441567524,0.8252683189999999,0.0,1165.0
0.7216237173301504,0.20337937900000003,0.295471877,0.789462162,0.0,1165.0
0.7624439331004739,0.5780185335,0.152012315,0.670176497,0.0,1165.0
0.7579141015587247,0.843773297,0.16862207099999998,0.5676309150000001,0.0,1165.0
0.7601049038189012,0.9507926033333334,0.20595354133333332,0.45441154533333333,0.0,1165.0
0.7617649995026774,0.7966397285,0.21013326300000001,0.42166237100000004,0.0,1165.0
0.7606345074640396,0.5118565804999999,0.191808782,0.409505351,0.0,1165.0
0.7464055673897628,0.15149898800000003,0.30940453700000004,0.46724564399999996,0.0,1165.0
0.6455252860881615,0.0,0.389043676,0.703252658,0.0,1165.0
0.6339041009908589,0.02357586925,0.31522483525,0.75683415075,0.0,1165.0
0.7413611000346794,0.265447793,0.1827087585,0.669909755,0.0,1165.0
0.7614055771925541,0.6435056466666667,0.07954413566666667,0.5281152006666666,0.0,1165.0
0.764097714752873,0.9158612125000001,0.090851737,0.3984641255,0.0,1165.0
0.7715862416245274,0.86726056325,0.10530522825000001,0.3652960115,0.0,1165.0
0.767032789388414,0.4263884723333333,0.09710420833333333,0.34907896633333335,0.0,1165.0
0.7015257077299045,0.04778900675,0.142790117,0.33728902850000003,0.0,1165.0
0.6004310937930368,0.0,0.12348590366666666,0.3468566073333334,0.0,1165.0
0.6050607212366265,0.06730735275,0.09019486875,0.33133508324999994,0.0,1165.0
0.6618295604969543,0.48320778966666666,0.033648736000000005,0.273266873,0.0,1165.0
0.7021599036783869,0.8166835775,0.024398322,0.2254952555,0.0,1165.0
0.717907491524106,0.8696190954999999,0.022452887249999998,0.17222214775,0.0,1165.0
0.7194035042991063,0.606713362,0.0192078465,0.1579218795,0.0,1165.0
0.7217447166217794,0.325718085,0.0303416335,0.1326239245,0.0,1165.0
0.6771686537716742,0.04740245125,0.0495483895,0.103879634,0.0,1165.0
0.5999802395650525,0.0,0.03260688266666666,0.07094103,0.0,1165.0
0.6052312468677246,0.07570513625,0.01800576675,0.063833519,0.0,1165.0
0.6492220651600449,0.409386462,0.012347542,0.062337602500000006,0.0,1165.0
0.6985141528248955,0.699486853,0.0066507155,0.055713780000000004,0.0,1165.0
0.7204198510803078,0.881012193,0.007821424,0.0397032245,0.0,1165.0
0.737264346374274,0.8683267656666667,0.011833831666666664,0.026744366000000002,0.0,1165.0
0.7432882626454631,0.602814879,0.0205481175,0.039129269,0.0,1165.0
0.7362538989831522,0.3098467855,0.051456601000000005,0.0540749675,0.0,1165.0
0.7101340235488842,0.091501499,0.099963422,0.0847879985,0.0,1165.0
0.6422009052699736,0.0,0.10124770375,0.12992104175,0.0,1165.0
0.6454320685043712,0.0605480954,0.0543665572,0.12434768500000001,0.0,1165.0
0.7655590474049467,0.40966261049999997,0.020035442,0.086378834,0.0,1165.0
0.7816939151201621,0.7004543590000001,0.008997163,0.079114943,0.0,1165.0
0.8161425056392535,0.898028019,0.017101591,0.09901035799999999,0.0,1165.0
0.8326783021546431,0.8519191115,0.053045204750000005,0.16969832875000002,0.0,1165.0
0.8189320842170776,0.5044321355,0.0853015635,0.2520913275,0.0,1165.0
0.7696460445420777,0.15729206433333334,0.14222327166666668,0.25098229,0.0,1165.0
0.6707056630556487,0.0,0.159634904,0.19176487450000002,0.0,1165.0
0.6198156030398047,0.0,0.133059199,0.14283213966666666,0.0,1165.0
0.6528376541573169,0.07294260375,0.10161926249999999,0.12241839674999999,0.0,1165.0
0.7661483878455307,0.3935498565,0.0317814415,0.1023031955,0.0,1165.0
0.7891482905130973,0.6632617615,0.016468714,0.09102838499999999,0.0,1165.0
0.8306765450638453,0.8677290895,0.02958488375,0.12217454375,0.0,1165.0
0.8366859943761623,0.7149292535,0.0461732195,0.2018829815,0.0,1165.0
0.8241565286124377,0.453873442,0.0633062115,0.251034869,0.0,1165.0
0.7778149526609138,0.15044656633333334,0.12922974666666667,0.3150766543333334,0.0,1165.0
0.6732891082198449,0.0,0.16751240150000002,0.3227581645,0.0,1165.0
0.6191365456769475,0.0013256044,0.17485510199999998,0.2503946508,0.0,1165.0
0.7126114527801602,0.21690394433333335,0.084410657,0.09084535766666667,0.0,1165.0
0.7720173558213757,0.555765699,0.0148920255,0.032124921,0.0,1165.0
0.79225234893206,0.7965431315,0.021121296999999997,0.0206386795,0.0,1165.0
0.8130325081792905,0.7783504037500001,0.0335301375,0.047897037,0.0,1165.0
0.7909808833332335,0.5470669100000001,0.035314414,0.058055486999999996,0.0,1165.0
0.7771228196311164,0.287345625,0.0389562405,0.08617873549999999,0.0,1165.0
0.7480913338403445,0.092720038,0.0574625795,0.1204441325,0.0,1165.0
0.6707851869631396,0.0,0.08371070850000001,0.314395902,0.0,1165.0
0.6221587242859775,0.0,0.1369775545,0.588709496,0.0,1165.0
0.6265347304766782,0.0302027795,0.18000165625000003,0.65822719775,0.0,1165.0
0.7404223757925066,0.249720037,0.1428639155,0.659125828,0.0,1165.0
0.7647219344567504,0.5424499425,0.1233291275,0.63724777,0.0,1165.0
0.7647648418591616,0.7815402645,0.12298667699999999,0.6400693645,0.0,1165.0
0.7779130349708402,0.85275473,0.16427316333333333,0.6932881853333334,0.0,1165.0
0.7675357597028705,0.628894033,0.19031929749999998,0.7187772029999999,0.0,1165.0
0.762486863949553,0.38532751249999997,0.2087194195,0.6961473825,0.0,1165.0
0.752789335826655,0.12357048266666666,0.23766098333333333,0.6337032653333333,0.0,1165.0
0.6707283841274143,0.0,0.278478275,0.530568642,0.0,1165.0
0.6191419067356987,0.0010883444000000001,0.3145187078,0.5413143756000001,0.0,1165.0
0.7125399093889991,0.16714532566666665,0.28478500733333334,0.581636249,0.0,1165.0
0.7662354462616229,0.4667185975,0.3021772325,0.5702595155000001,0.0,1165.0
0.7577524955559545,0.6890640065,0.3371489755,0.5959881255,0.0,1165.0
0.7580019346527271,0.787958662,0.3483582905,0.6063280435,0.0,1165.0
0.7581711458167246,0.5873451494999999,0.37823688200000005,0.566929848,0.0,1165.0
0.7594861765751547,0.327926587,0.33425066400000003,0.5239631385000001,0.0,1165.0
0.7379660090678068,0.122894275,0.2882462895,0.49228693749999997,0.0,1165.0
0.6639414647193638,0.000521555,0.28674848249999996,0.47900686400000003,0.0,1165.0
0.6024578878403111,0.0,0.27961889833333337,0.503516282,0.0,1165.0
0.607061527658824,0.089492455,0.16929310150000002,0.34676875775000005,0.0,1165.0
0.6507922857013484,0.423798208,0.07005125400000001,0.15827055699999998,0.0,1165.0
0.6855351000161733,0.7119345365,0.1177849775,0.10849692,0.0,1165.0
0.6880854262929086,0.815157549,0.1293712475,0.1800754075,0.0,1165.0
0.6928939314875618,0.7581270352499999,0.148190252,0.3141017215,0.0,1165.0
0.7014396975882861,0.405087292,0.1550039006666667,0.4701162443333333,0.0,1165.0
0.6955365154008591,0.125441304,0.19731950650000002,0.5295119909999999,0.0,1165.0
0.6597599609412774,0.000568754,0.2439367,0.507984486,0.0,1165.0
0.6085592072313993,0.0,0.23970279433333333,0.37202765,0.0,1165.0
0.6128612174052604,0.07193508900000001,0.150563209,0.191286734,0.0,1165.0
0.6479949850415792,0.349110123,0.0378202105,0.09372207199999999,0.0,1165.0
0.6862054899607786,0.6032683784999999,0.0797659325,0.182733869,0.0,1165.0
0.6984279041004045,0.79042668175,0.188334016,0.370502377,0.0,1165.0
0.7096068377241485,0.574104821,0.2241665305,0.538522689,0.0,1165.0
0.708410717523956,0.2857586025,0.17677184099999999,0.638300442,0.0,1165.0
0.7031359406353676,0.069266862,0.256959235,0.7521873683333333,0.0,1165.0
0.6602418687491578,0.0006547395,0.387384824,0.778635572,0.0,1165.0
0.619467431816518,0.0,0.4418819813333333,0.7495813443333333,0.0,1165.0
0.653048117701588,0.08500110799999999,0.37150245400000004,0.61998598925,0.0,1165.0
0.7630705943840441,0.412103679,0.1991879685,0.5619712295,0.0,1165.0
0.7646485135606247,0.7130202035,0.229626186,0.5372977210000001,0.0,1165.0
0.7751092794954786,0.9041364574999999,0.2990069325,0.473813848,0.0,1165.0
0.7896075474329048,0.85677205675,0.33272591075,0.5437799155,0.0,1165.0
0.7802791040962138,0.513882205,0.228652152,0.583976028,0.0,1165.0
0.7571056719094441,0.1869174126666667,0.206232033,0.5275542463333334,0.0,1165.0
0.669035732588831,0.001015179,0.198324987,0.4369195135,0.0,1165.0
0.6193312147828665,0.0,0.14939754066666666,0.3324120566666666,0.0,1165.0
0.6532849404589405,0.09320524775,0.09106490375,0.3483336235,0.0,1165.0
0.7649486290350893,0.425550556,0.049476142,0.3671852865,0.0,1165.0
0.7727799914186905,0.7509862430000002,0.07658266033333333,0.313831093,0.0,1165.0
0.7920734598171779,0.896536125,0.11319978366666668,0.31589384133333337,0.0,1165.0
0.7901270344660525,0.608431225,0.12939146,0.360698168,0.0,1165.0
0.7775801290706811,0.310784658,0.1225440225,0.371180915,0.0,1165.0
0.7563013732504399,0.086188504,0.15834377366666666,0.337628716,0.0,1165.0
0.646511600173022,0.00044412725,0.22089962375,0.39065404775,0.0,1165.0
0.626595089249701,0.0213183945,0.246309525,0.5669437305,0.0,1165.0
0.748890601782266,0.25091474166666666,0.208723942,0.5609314440000001,0.0,1165.0
0.7613593762106394,0.6198809995000001,0.20994018949999999,0.5705809625,0.0,1165.0
0.7706567888201201,0.8499122415,0.243613315,0.612685301,0.0,1165.0
0.7864302317755589,0.82120451925,0.271188523,0.66599626825,0.0,1165.0
0.7770110684347922,0.48311879,0.2499363415,0.59989753,0.0,1165.0
0.7571731778885855,0.18810074833333335,0.24935873100000003,0.5022702819999999,0.0,1165.0
0.6467583400424828,0.00078962925,0.26572453,0.46221159625,0.0,1165.0
0.6266859737555994,0.039632359,0.1670030685,0.33212923299999997,0.0,1165.0
0.7413126298321335,0.266489172,0.050294178999999994,0.26426960850000003,0.0,1165.0
0.7612034033480081,0.5434737555,0.034454426999999996,0.248189685,0.0,1165.0
0.7590928605954527,0.7395796103333332,0.051778247666666666,0.2657210536666667,0.0,1165.0
0.7625681363532312,0.71202610825,0.07348036875,0.31286325025,0.0,1165.0
0.7626688204096446,0.417638878,0.06884560249999999,0.3071207415,0.0,1165.0
0.7498614903719943,0.16122281266666666,0.05434164833333333,0.2752671713333333,0.0,1165.0
0.6685594816803797,0.001824433,0.0605732735,0.2541621475,0.0,1165.0
0.6223081012674412,0.0,0.09170394066666666,0.31560737633333336,0.0,1165.0
0.6576287899665408,0.09564997375,0.10957625574999999,0.412848589,0.0,1165.0
0.7631736374878788,0.4252316705,0.0537395295,0.4583911215,0.0,1165.0
0.7609085924477081,0.71391044,0.08510366999999999,0.5054676455,0.0,1165.0
0.769162254748314,0.9157517475,0.152996498,0.56667112175,0.0,1165.0
0.7734789001187056,0.7227166276666667,0.20048802633333332,0.599891269,0.0,1165.0
0.7691878747661093,0.3576159355,0.1926253455,0.5855687924999999,0.0,1165.0
0.7453389588721666,0.13491414000000002,0.3149703755,0.5788679050000001,0.0,1165.0
0.6593706273312392,0.001625203,0.3799918835,0.5450733034999999,0.0,1165.0
0.5976215797326524,0.0,0.3527556836666667,0.4630675833333333,0.0,1165.0
0.5975397556340869,0.08752371449999999,0.25660493075,0.26920164500000004,0.0,1165.0
0.6495476480926516,0.3787511405,0.114432977,0.2173770465,0.0,1165.0
0.6954631176387791,0.614089952,0.15226490799999998,0.2459834885,0.0,1165.0
0.7188087304839949,0.82520500425,0.20489268925,0.1972278005,0.0,1165.0
0.7304083329703113,0.7248826425,0.22572715399999999,0.150574345,0.0,1165.0
0.7296127659546718,0.46222180449999994,0.2204491695,0.145348642,0.0,1165.0
0.7162267364080283,0.13127713133333332,0.2584629823333333,0.23392715333333333,0.0,1165.0
0.6555597733262923,0.002298299,0.333536685,0.4118146665,0.0,1165.0
0.5968180634003826,0.0,0.3604798603333334,0.6065998789999999,0.0,1165.0
0.5960310440968131,0.06432451,0.2531892915,0.62216282225,0.0,1165.0
0.648116125221631,0.361593318,0.13796040199999998,0.509052022,0.0,1165.0
0.6872953282907321,0.669267963,0.14352228649999998,0.385220884,0.0,1165.0
0.6921079294619712,0.8770085635,0.1601768425,0.37186405,0.0,1165.0
0.7028741157580769,0.8557490872500001,0.143325868,0.39101678925,0.0,1165.0
0.7092688377487993,0.5258435785,0.110329998,0.348511429,0.0,1165.0
0.7056295187852695,0.20180008633333332,0.11123009099999999,0.31815816133333336,0.0,1165.0
0.6603944849868006,0.002889979,0.150158909,0.3176425315,0.0,1165.0
0.6197750461773216,0.006075553,0.10674364079999998,0.38072347100000004,0.0,1165.0
0.7119430422553698,0.235715385,0.06469438433333334,0.393195159,0.0,1165.0
0.7646957864199923,0.5624862245,0.0664587735,0.350455368,0.0,1165.0
0.7630573557700556,0.804002415,0.093683797,0.3705183875,0.0,1165.0
0.7750450479737803,0.8832010865,0.14178056075,0.43819728775,0.0,1165.0
0.7754567622412274,0.649956983,0.20475179799999998,0.5075349055,0.0,1165.0
0.7721400215979577,0.36361749649999997,0.20972584100000002,0.5245580415,0.0,1165.0
0.7474632176128704,0.1534950075,0.29521418450000003,0.5573662175,0.0,1165.0
0.669233133838057,0.0032276005,0.37544514149999997,0.5791450245,0.0,1165.0
0.6194382293395965,0.006388522400000001,0.3695752104,0.5857107394,0.0,1165.0
0.7121433384907437,0.23768125066666665,0.2849873646666667,0.5461038020000001,0.0,1165.0
0.7661637150887031,0.5622196695,0.284492426,0.5185320025,0.0,1165.0
0.7785746853523173,0.8207604023333334,0.44010609766666664,0.5667603993333333,0.0,1165.0
0.8042236459229374,0.885333469,0.6391939456666667,0.6608652886666667,0.0,1165.0
0.8096391542978933,0.6452094595,0.7190544514999999,0.709520967,0.0,1165.0
0.8010776656952783,0.363569696,0.7192905745,0.7695393225,0.0,1165.0
0.7633852861830611,0.154587888,0.7355390705,0.8418675935,0.0,1165.0
0.6788221654747693,0.003975512,0.716344101,0.875052662,0.0,1165.0
0.6204655422086958,0.006480825399999999,0.5810826892,0.8334362448,0.0,1165.0
0.7124437984749168,0.23125690033333335,0.40295815933333334,0.6577631,0.0,1165.0
0.7634837756313512,0.500988271,0.3661441465,0.4995366825,0.0,1165.0
0.7614983552409381,0.6574849935,0.3897576875,0.4704695765,0.0,1165.0
0.7696630978351606,0.6969510459999999,0.4260954438,0.48144166019999995,0.0,1165.0
0.7666075748942677,0.43415404550000003,0.49327525549999995,0.4912843335,0.0,1165.0
0.7535837604164227,0.18334612466666667,0.42957222899999997,0.5366215316666666,0.0,1165.0
0.6467904030952223,0.00231897775,0.3239432015,0.62969096425,0.0,1165.0
0.6264270400713067,0.049477876,0.16746150375,0.469548923,0.0,1165.0
0.7400770057478544,0.28138908,0.055469481,0.269541808,0.0,1165.0
0.7617177497773557,0.5353560165,0.0426470545,0.16081084550000002,0.0,1165.0
0.7577837602809114,0.758085374,0.045883298,0.09723456550000001,0.0,1165.0
0.7604799429645983,0.8918661745,0.03560922225,0.08438309499999999,0.0,1165.0
0.7615788413996831,0.6578961435,0.0391232735,0.07946178000000001,0.0,1165.0
0.7631737078278829,0.35992510600000005,0.0451723705,0.11631319100000001,0.0,1165.0
0.7412059956366301,0.16132946250000002,0.058170426,0.215508017,0.0,1165.0
0.6697158632171836,0.005326978,0.1259547405,0.405746561,0.0,1165.0
0.6228117680729857,0.0003303345,0.287974803,0.62600875375,0.0,1226.0
0.6404208546977366,0.0895544895,0.3523143515,0.710071277,0.0,1287.0
0.7371240138980919,0.2412702745,0.27800174099999997,0.6806353185,0.0,1287.0
0.7624233168100413,0.5524981436666666,0.3272409463333333,0.5733190656666666,0.0,1287.0
0.7620231235578936,0.7636004105,0.3317712465,0.4872689995,0.0,1287.0
0.7734391614553169,0.6999272625,0.382023019,0.46495281525000004,0.0,1287.0
0.7710634687753286,0.42765437100000003,0.3429258205,0.476632061,0.0,1287.0
0.7543165317322075,0.15175352633333336,0.2758996963333334,0.41882804799999995,0.0,1287.0
0.665348717788043,0.004711127,0.289632884,0.4127671015,0.0,1287.0
0.6005416635482338,0.0,0.25325816966666664,0.460267215,0.0,1287.0
0.5978487907525106,0.09599064625,0.12617695175,0.37636596699999997,0.0,1287.0
0.6529179524926202,0.404429182,0.031270899000000005,0.278118777,0.0,1287.0
0.7022940705145485,0.66290887,0.060085096,0.2902838655,0.0,1287.0
0.720113210241832,0.765146461,0.1300474545,0.3528585745,0.0,1287.0
0.7307469430279614,0.73957316025,0.1636298865,0.41927772499999993,0.0,1287.0
0.7280967427511397,0.3905259833333334,0.19544391866666666,0.40178011566666666,0.0,1287.0
0.6864674867803013,0.076602873,0.257140505,0.40300286525,0.0,1287.0
0.6004844539284501,0.0,0.3097127986666666,0.5734677733333333,0.0,1287.0
0.597878729568393,0.0792947665,0.22831169524999997,0.5981671120000001,0.0,1287.0
0.6513443518796601,0.3479036045,0.119696354,0.3707112145,0.0,1287.0
0.6966047352776867,0.6287578785,0.1629846995,0.3105130325,0.0,1287.0
0.7118495133925733,0.7627288125,0.24083557749999998,0.337735045,0.0,1287.0
0.7241674946919989,0.6962618453333334,0.29923903933333335,0.46708278499999994,0.0,1287.0
0.7268736764938182,0.4124039605,0.34785618,0.5714788749999999,0.0,1287.0
0.727204376427246,0.181053669,0.3439323145,0.5733977575,0.0,1287.0
0.689065872161337,0.0265049985,0.373796177,0.61364250525,0.0,1287.0
0.623783611390193,0.00027614275,0.480265881,0.67449314475,0.0,1287.0
0.6894357709064387,0.1286933785,0.587637087,0.8760255465,0.0,1287.0
0.7596368445509991,0.355864503,0.6843792369999999,0.8900828475,0.0,1287.0
0.7577967641155978,0.617571382,0.7742321495,0.9106240475,0.0,1287.0
0.7584721769617296,0.73097981825,0.8141441469999999,0.9156323365,0.0,1287.0
0.7527624209275425,0.5164199335,0.8563630170000001,0.914562862,0.0,1287.0
0.7501640002201937,0.26562250600000004,0.845957181,0.9281143935,0.0,1287.0
0.7375651976572837,0.108499074,0.8193984590000001,0.9268110335,0.0,1287.0
0.6725252523537208,0.00367612,0.806747245,0.936205328,0.0,1287.0
0.6295043289604982,0.017933187333333333,0.8017005326666666,0.9364455225000001,0.0,1287.0
0.7409397033875328,0.1671880015,0.8162594145,0.9369081605,0.0,1287.0
0.7688175537152551,0.3141676395,0.7723693505,0.9326992835000001,0.0,1287.0
0.7657971026754795,0.45503145,0.7178832534999999,0.911753841,0.0,1287.0
0.7657402763930862,0.5263571684999999,0.6210820315000001,0.827535915,0.0,1287.0
0.7651578958614267,0.47594264975000006,0.59510839975,0.75595291425,0.0,1287.0
0.7583463189994571,0.24498191600000002,0.554534317,0.7186496195000001,0.0,1287.0
0.7458158437785203,0.13679155,0.42721140950000003,0.706208165,0.0,1287.0
0.6574610809524055,0.0040259165,0.4018111845,0.6982315715,0.0,1287.0
0.6462522908105837,0.04806660875,0.32111867974999997,0.67212070375,0.0,1287.0
0.7411169658246939,0.261338443,0.2785855025,0.58943499,0.0,1287.0
0.7653343714284101,0.4803942665,0.3268620115,0.5392586455,0.0,1287.0
0.7628915481243826,0.621098522,0.4078071165,0.510111866,0.0,1287.0
0.7633846916797684,0.6131416396666666,0.38715171633333334,0.4342887483333333,0.0,1287.0
0.7618381387261652,0.5235822155,0.314593002,0.3625295885,0.0,1287.0
0.7600541102078692,0.33100951633333336,0.24446104199999996,0.408738985,0.0,1287.0
0.749323484066295,0.130848847,0.16818722549999998,0.4541744305,0.0,1287.0
0.6671353284097286,0.00286840825,0.23017302825000002,0.53587785975,0.0,1287.0
0.6517483402615913,0.004983251,0.2628254306666667,0.5821330203333334,0.0,1287.0
0.7204440669032094,0.10357807266666667,0.26658742933333335,0.5556521053333333,0.0,1287.0
0.7648768512814559,0.1853674995,0.407500535,0.6678411785,0.0,1287.0
0.7576807646956569,0.30684301199999997,0.4992377095,0.752603265,0.0,1287.0
0.7574838279405548,0.34651221740000004,0.41537114199999997,0.670265095,0.0,1287.0
0.7538869275007775,0.2558468335,0.38516051100000004,0.5119226095,0.0,1287.0
0.7393347207120685,0.12617576233333333,0.308515677,0.38146652166666667,0.0,1287.0
0.6466634652575781,0.00411468775,0.26336746175000003,0.3015150495,0.0,1287.0
0.6372266156731108,0.049940362749999995,0.18094825774999998,0.2147744105,0.0,1287.0
0.7402096941934441,0.282266067,0.078727101,0.1101202295,0.0,1287.0
0.7642871119348937,0.5098750365,0.079349384,0.08585203050000001,0.0,1287.0
0.7554382843119246,0.5908813279999999,0.10888502966666667,0.128832633,0.0,1287.0
0.7559205719037227,0.57576429975,0.096057491,0.17640045975000002,0.0,1287.0
0.7507835962411444,0.4187998725,0.088098325,0.19048470099999998,0.0,1287.0
0.7389874257480784,0.18507636933333335,0.07032473033333332,0.15845359800000003,0.0,1287.0
0.6649589147444495,0.009237526,0.0830946325,0.14983896000000002,0.0,1287.0
0.6135540466395756,0.0,0.07242132966666666,0.14807180033333334,0.0,1287.0
0.6145967408948931,0.06894242625,0.0479916135,0.14263950525,0.0,1287.0
0.6497845297792963,0.21395126650000001,0.024689935,0.2051920645,0.0,1287.0
0.6862271861526348,0.3923684566666667,0.046532833999999995,0.25075311966666664,0.0,1287.0
0.692819008441574,0.41763980475,0.066934455,0.29710451125000004,0.0,1287.0
0.6997830760754606,0.274689767,0.05356199433333333,0.28683714433333335,0.0,1287.0
0.7019784164642773,0.107575438,0.031786309,0.2088692125,0.0,1287.0
0.6531110585467383,0.017370955,0.03866856025,0.14166974975,0.0,1287.0
0.608944315809181,0.00544847025,0.04360921625,0.1633058255,0.0,1287.0
0.6272973308831495,0.188301417,0.021695647250000002,0.16431974375,0.0,1287.0
0.6894636754164615,0.49361278666666664,0.026593695333333334,0.24667352533333334,0.0,1287.0
0.707945114841614,0.5949349846666666,0.041393722333333334,0.2838395413333334,0.0,1287.0
0.7166932154747157,0.38017980949999997,0.049629781750000004,0.312075385,0.0,1287.0
0.7119104944245334,0.1629499355,0.080199978,0.34090665600000003,0.0,1287.0
0.6773633752751644,0.036674686666666664,0.18133257300000002,0.3690859323333333,0.0,1287.0
0.6265221611087496,0.0,0.2244274385,0.43643776850000005,0.0,1287.0
0.6301081280389926,0.03890718825,0.18873972375,0.38973158975,0.0,1287.0
0.7384070518343687,0.22594492600000002,0.0998043865,0.3861010325,0.0,1287.0
0.7655428830636235,0.46022461333333337,0.085780776,0.30101170466666666,0.0,1287.0
0.7785501334605079,0.655166202,0.16245393900000002,0.27248572299999996,0.0,1287.0
0.7909668702497498,0.5953811096666667,0.2585407606666667,0.3013746533333333,0.0,1287.0
0.7750620769761151,0.342212307,0.267926295,0.3727709855,0.0,1287.0
0.7550458758745848,0.153340497,0.27753636333333337,0.4031012596666667,0.0,1287.0
0.674678710011621,0.0112881745,0.314442866,0.47886260550000004,0.0,1287.0
0.6241384831063853,0.011498886600000001,0.3358016704,0.552512133,0.0,1287.0
0.7106585179045503,0.170290209,0.267398335,0.49963951133333334,0.0,1287.0
0.7586854219060682,0.42444614599999997,0.279546913,0.4763287125,0.0,1287.0
0.7577273097704504,0.6317686155,0.349045355,0.442671481,0.0,1287.0
0.761879426589063,0.6838317942500001,0.3355799805,0.41267844600000003,0.0,1287.0
0.7619487869912275,0.35935045750000005,0.25511516850000004,0.465595889,0.0,1287.0
0.7416771064102148,0.1276042015,0.174999595,0.444148641,0.0,1287.0
0.6462749768373962,0.00478535225,0.135014058,0.32510498774999996,0.0,1287.0
0.63050138140046,0.04706017525,0.06002159324999999,0.20217290125,0.0,1287.0
0.7369346401627391,0.25013859800000005,0.016270279999999998,0.09704050550000001,0.0,1287.0
0.7591885723951423,0.4813391215,0.0167152195,0.0479609685,0.0,1287.0
0.7583736642230826,0.54912305625,0.02644509525,0.063956287,0.0,1287.0
0.7596506384862929,0.49629141,0.03545176966666667,0.14761950533333335,0.0,1287.0
0.7584327593613813,0.30719760533333335,0.03043005266666667,0.11511105433333334,0.0,1287.0
0.7375480631449431,0.13404561199999998,0.025089826,0.077567953,0.0,1287.0
0.6680306992938652,0.012457573,0.030418491,0.05863283,0.0,1287.0
0.6223206980888127,0.0,0.041509056,0.05867415633333334,0.0,1287.0
0.6535181370171469,0.11199046225,0.039348563,0.11646688675,0.0,1287.0
0.760199990061489,0.4194892855,0.025317185,0.1674201465,0.0,1287.0
0.7593820067807677,0.5488279925,0.0456585625,0.2231863455,0.0,1287.0
0.761638859867767,0.629170829,0.07220637299999999,0.2758187965,0.0,1287.0
0.7680696000046023,0.43134695525,0.11773717925,0.39810146075,0.0,1287.0
0.765541959785942,0.244658233,0.153331861,0.5352239345,0.0,1287.0
0.762578710800492,0.111687183,0.252874679,0.6248917935,0.0,1287.0
0.6910063315338458,0.012928715666666667,0.44196147666666663,0.782844483,0.0,1287.0
0.626741344593893,0.0,0.5554051744999999,0.879490965,0.0,1287.0
0.6304043355635176,0.017948692750000002,0.53366820075,0.88817695825,0.0,1287.0
0.739318876808541,0.1441092015,0.4652844095,0.8671277915,0.0,1287.0
0.7641135818946536,0.313234621,0.4471534695,0.8614838065,0.0,1287.0
0.7618206130191951,0.5252296336666666,0.5633693093333333,0.8305958563333333,0.0,1287.0
0.7686436951090407,0.5661213062499999,0.6524620514999999,0.8311759325,0.0,1287.0
0.7644901545566444,0.35862537066666667,0.5028515873333333,0.8208999766666666,0.0,1287.0
0.7465742074971358,0.148182492,0.375311624,0.818665414,0.0,1287.0
0.6334671187182587,0.007381474,0.349880205,0.74752283275,0.0,1287.0
0.5927943436722947,0.05310881275,0.25751886525,0.5206399625,0.0,1287.0
0.622834113622917,0.260729353,0.1017132435,0.402773914,0.0,1287.0
0.6781165673882745,0.508633908,0.1089589625,0.3879477765,0.0,1287.0
0.7064122075361556,0.657763189,0.222791871,0.39638181266666667,0.0,1287.0
0.7185345398340092,0.586787508,0.2543338985,0.4129411715,0.0,1287.0
0.7246199762021073,0.45210490400000003,0.22913680000000003,0.44165581400000004,0.0,1287.0
0.7257698720779244,0.2640503925,0.1206053845,0.385082189,0.0,1287.0
0.702723236345391,0.10343575433333334,0.10938792000000001,0.30314866366666665,0.0,1287.0
0.6193753894620508,0.000556851,0.1245829515,0.22262015699999999,0.0,1287.0
0.5925342128792901,0.01296262175,0.08224337749999999,0.0956894885,0.0,1287.0
0.6293247078510624,0.21709963475,0.02258301075,0.044595739,0.0,1287.0
0.7007067858009082,0.5135911950000001,0.018240771000000003,0.034892439,0.0,1287.0
0.7162149690985078,0.7015293490000001,0.028346424500000002,0.042780148000000004,0.0,1287.0
0.730400141329762,0.5901925229999999,0.031394976000000005,0.12672442025,0.0,1287.0
0.7352546635802457,0.3416179655,0.0492481075,0.3529091485,0.0,1287.0
0.7300215107797741,0.18467366600000001,0.0868280265,0.47714535599999996,0.0,1287.0
0.6744532595134854,0.029918531499999998,0.225161904,0.58008003475,0.0,1287.0
0.6235262738456389,0.00697844725,0.32437020475,0.71571453225,0.0,1287.0
0.7147987655508959,0.09274022133333333,0.29156757133333333,0.70927698,0.0,1287.0
0.7663629473663875,0.2838357845,0.3372913455,0.7248766550000001,0.0,1287.0
0.76500722757296,0.5561010295,0.474535623,0.76288635125,0.0,1287.0
0.7694565298140948,0.5927792373333333,0.49163893733333336,0.8342108873333333,0.0,1287.0
0.7598663206857166,0.23501966975000002,0.4230848675,0.8720390360000001,0.0,1287.0
0.6903689045824114,0.021057878333333335,0.3274605643333333,0.872056498,0.0,1287.0
0.62330078802119,0.00052077725,0.29600711675,0.87631386575,0.0,1287.0
0.6896108500055081,0.0729642175,0.28799430950000005,0.8648160497499999,0.0,1287.0
0.7631720643727682,0.1523262915,0.4296013305,0.8852335325,0.0,1287.0
0.7567068792049305,0.148960113,0.530000334,0.9113464535,0.0,1287.0
0.7546261379489387,0.18602818525,0.53069976575,0.9077191995,0.0,1287.0
0.752371890411997,0.23675229724999997,0.49492597675,0.83035336575,0.0,1287.0
0.7341350629878198,0.113798753,0.46502647399999997,0.8433274390000001,0.0,1287.0
0.6676313900332043,0.009624509,0.5233916205,0.8956716155,0.0,1287.0
0.6229854154403526,0.00048999425,0.5793607042500001,0.9130870645,0.0,1287.0
0.6890481977034949,0.176371512,0.5825913725,0.8527223815,0.0,1287.0
0.7629621760534182,0.51066682,0.6816737829999999,0.873178326,0.0,1287.0
0.7591230849135956,0.6501393275,0.7470026965,0.856794908,0.0,1287.0
0.7620876367522299,0.7226915275000001,0.7148577225,0.7931965495000001,0.0,1287.0
0.7594171448952756,0.6027004415,0.6789165914999999,0.77820596,0.0,1287.0
0.760011202805458,0.3035117975,0.555418792,0.800660555,0.0,1287.0
0.7395953092726082,0.1331297535,0.431152738,0.809668725,0.0,1287.0
0.6469339120374066,0.0091834085,0.368956611,0.67649968775,0.0,1287.0
0.6286799731724101,0.0583676845,0.21117482225,0.37598233425,0.0,1287.0
0.7372703633103158,0.261572957,0.063043164,0.1447917635,0.0,1287.0
0.7597203353220907,0.5210844935,0.094234471,0.1744976505,0.0,1287.0
0.7578416432264752,0.646152355,0.1537274125,0.262214758,0.0,1287.0
0.7558006520445838,0.49497507775000005,0.12498957225,0.31584740600000005,0.0,1287.0
0.7521820236713721,0.2789813735,0.108594935,0.3221402995,0.0,1287.0
0.7510842988201756,0.131708854,0.08172821150000001,0.26481438749999997,0.0,1287.0
0.7335279071436569,0.049265236000000004,0.111975445,0.323534619,0.0,1287.0
0.6474739489808645,0.0040633075,0.22849783875000002,0.5061095195,0.0,1287.0
0.6301677122747853,0.00642695975,0.50131414325,0.7156972914999999,0.0,1287.0
0.7368355876817951,0.0613832035,0.6182034175,0.767582502,0.0,1287.0
0.7636382929248342,0.19114334249999998,0.6319652915,0.802602705,0.0,1287.0
0.7565907853730733,0.30821283499999996,0.6784752384999999,0.8444348865,0.0,1287.0
0.7609427092253586,0.39505320375,0.62035244675,0.8749715497500001,0.0,1287.0
0.7610071756826701,0.29875208799999997,0.6413407345,0.7928282715,0.0,1287.0
0.7581090621661248,0.13839786399999998,0.6017389879999999,0.735653315,0.0,1287.0
0.7399846896509334,0.052580512999999995,0.5851326635,0.7489281385,0.0,1287.0
0.6613643332739225,0.0052722375,0.573108715,0.686729558,0.0,1287.0
0.5991618105267004,0.0,0.5514539173333334,0.6583311293333334,0.0,1287.0
0.5969874193188978,0.040291864250000003,0.53802024875,0.5851052842500001,0.0,1287.0
0.6473634652957805,0.1890330465,0.5143035055,0.537868137,0.0,1287.0
0.6858285965483698,0.375892547,0.530085365,0.5472074239999999,0.0,1287.0
0.6935857680055856,0.4849922352,0.46492971499999997,0.5658792448,0.0,1287.0
0.6981045861159247,0.2627523535,0.3479769475,0.4706414205,0.0,1287.0
0.6949347657330889,0.10030721833333334,0.24766401466666665,0.400644272,0.0,1287.0
0.6548672259365576,0.003364794,0.2036685715,0.3915569485,0.0,1287.0
0.6018422821869429,0.00082049675,0.15363641374999998,0.28167743875,0.0,1287.0
0.6106930424458088,0.18091390175,0.0621314445,0.16705246675000002,0.0,1287.0
0.669941454551638,0.47736842349999997,0.032224946000000004,0.1301082665,0.0,1287.0
0.6908175094204352,0.40037345874999997,0.049599534,0.20008499749999997,0.0,1287.0
0.6967739583213293,0.35650742274999997,0.0953595835,0.34007815775,0.0,1287.0
0.7051219790799488,0.2313235165,0.126716475,0.387663621,0.0,1287.0
0.6959365441095012,0.09104123533333332,0.197646698,0.40063359033333334,0.0,1287.0
0.6387182745894397,0.000667639,0.23145210900000002,0.3882329285,0.0,1287.0
0.643981197936873,0.04484746683333333,0.19519824449999998,0.3326105236666667,0.0,1287.0
0.7596336054719726,0.23614201099999999,0.09557423300000001,0.30841453249999995,0.0,1287.0
0.7573298939584884,0.42634280399999996,0.06752081566666666,0.274054973,0.0,1287.0
0.7591483057127906,0.520745148,0.047395317,0.25192914275,0.0,1287.0
0.7593073418044386,0.3160714075,0.05545130450000001,0.24605837925,0.0,1287.0
0.7436981338484955,0.12716158700000002,0.108128603,0.2945616255,0.0,1287.0
0.6479697288691777,0.009053493999999999,0.1745588095,0.39749491225,0.0,1287.0
0.6295559326382781,0.042690043999999996,0.1827562055,0.51772016725,0.0,1287.0
0.7472975582543465,0.2571944,0.08753934566666666,0.37636850899999996,0.0,1287.0
0.7605714374902732,0.4523482975,0.10038575450000001,0.275986992,0.0,1287.0
0.7642235258218095,0.614316658,0.1370320305,0.2572645235,0.0,1287.0
0.770570786754576,0.486938533,0.15082150766666666,0.3066870606666667,0.0,1287.0
0.7677449051275712,0.3202392153333333,0.15549772233333334,0.3512316223333334,0.0,1287.0
0.7535521201279485,0.13767858966666666,0.16633483466666668,0.4494539956666667,0.0,1287.0
0.6492029470908549,0.00863051425,0.28268587500000003,0.59365451475,0.0,1287.0
0.629721411702346,0.050117840250000004,0.300535467,0.591256769,0.0,1287.0
0.7474992629571182,0.33042200766666663,0.20667675500000002,0.5110217906666666,0.0,1287.0
0.7612234486860233,0.66022083,0.241613886,0.455404661,0.0,1287.0
0.7692008548415054,0.8409135320000001,0.2969653695,0.4544137655,0.0,1287.0
0.7892252323171988,0.7865036255000001,0.32951333625,0.47768532125,0.0,1287.0
0.7906045999510221,0.491986025,0.233688787,0.49169586649999997,0.0,1287.0
0.765541318285106,0.21225929300000002,0.143389712,0.45959406066666664,0.0,1287.0
0.6609872057074561,0.010614232333333334,0.14433021733333332,0.43539390266666667,0.0,1287.0
0.6214594987850053,0.0099797325,0.131127858,0.45162988049999997,0.0,1287.0
0.6876867507175276,0.157193238,0.1209934295,0.4790032045,0.0,1287.0
0.7663671955900042,0.3287485925,0.09278333150000001,0.465947411,0.0,1287.0
0.7731298680171366,0.5348661985,0.1251167735,0.460654992,0.0,1287.0
0.795570333811844,0.6317178640000001,0.1547523515,0.4384180765,0.0,1287.0
0.8183872471154389,0.53396672,0.229358443,0.4316857765,0.0,1287.0
0.7896443675071665,0.20616148866666664,0.215470504,0.43101905333333335,0.0,1287.0
0.7532363249808398,0.040708121,0.2278685455,0.424555773,0.0,1287.0
0.678366076825051,0.0019112605,0.21273743550000002,0.4931846445,0.0,1287.0
0.6252093979619883,0.0017644916,0.24795080499999997,0.7980058287999999,0.0,1287.0
0.7105454914179025,0.04358048166666667,0.415677178,0.9082897353333333,0.0,1287.0
0.7597771616044842,0.1742165695,0.588688353,0.9210133325000001,0.0,1287.0
0.757042531699881,0.29584631100000003,0.6632079390000001,0.9062520705,0.0,1287.0
0.7556652995885779,0.41195176450000004,0.6625267895,0.8803783777499999,0.0,1287.0
0.7519637320662166,0.425735345,0.6947936754999999,0.8410349115,0.0,1287.0
0.7498123864841685,0.271357569,0.6699583205,0.823367669,0.0,1287.0
0.7336940668019718,0.137902696,0.594745698,0.8084275905,0.0,1287.0
0.6600323324424497,0.0162751435,0.5803096135,0.7948533375,0.0,1287.0
0.5992840538255875,0.0,0.6072282746666667,0.8323512759999999,0.0,1287.0
0.5979580304199159,0.10051338224999999,0.545417815,0.8657376262500001,0.0,1287.0
0.6473590523202437,0.3684850985,0.536012819,0.854431715,0.0,1287.0
0.6853580415129201,0.5408952403333332,0.546474762,0.8425916903333334,0.0,1287.0
0.6936292478818423,0.49877251079999996,0.4571448066,0.6876955513999999,0.0,1287.0
0.698134919956059,0.21916931933333336,0.3906592016666666,0.623464149,0.0,1287.0
0.6920707730582832,0.11365046549999999,0.273633603,0.5187107795,0.0,1287.0
0.6320700292955863,0.00477380675,0.280648361,0.4872228915,0.0,1287.0
0.5986074360656086,0.0524216385,0.28220079975,0.4528702565,0.0,1346.0
0.6414636156405883,0.33199971133333334,0.2800422966666667,0.4350676746666667,0.0,1346.0
0.701401046641877,0.569551124,0.4199660085,0.5031812645,0.0,1346.0
0.7150614274221301,0.5817385665,0.3896750415,0.5690357109999999,0.0,1346.0
0.7265218160988458,0.664937586,0.39849864775,0.65524262675,0.0,1346.0
0.7423948161075236,0.466730696,0.3858805315,0.6903757935,0.0,1346.0
0.7433042157583597,0.22156860466666664,0.36362351366666673,0.6782374476666667,0.0,1346.0
0.6528526882233527,0.009037782,0.40836253750000007,0.6377210985,0.0,1346.0
0.6295759896214719,0.04941335975,0.396602923,0.6091728087499999,0.0,1346.0
0.747402525964897,0.281348616,0.35071690566666663,0.6009899836666667,0.0,1346.0
0.7679971998200894,0.525895254,0.369454462,0.644238021,0.0,1346.0
0.7662798086079381,0.5662516085,0.33943409900000004,0.641031664,0.0,1346.0
0.7671734192725534,0.3968652985,0.3026695395,0.566220113,0.0,1346.0
0.7674123426950462,0.23024028800000002,0.243121167,0.4798701865,0.0,1346.0
0.7577513295792077,0.08771915899999999,0.20732661866666666,0.3622733596666667,0.0,1346.0
0.6505756841320212,0.005383371,0.20060397475000002,0.301148713,0.0,1346.0
0.6302900494853934,0.022604640500000002,0.170969057,0.25909293375,0.0,1346.0
0.7361475699069548,0.087012145,0.109403836,0.2529044025,0.0,1346.0
0.7668295982710995,0.1326529285,0.09387013550000001,0.208310805,0.0,1346.0
0.7660854823110625,0.1665763935,0.10293922850000001,0.31454101300000004,0.0,1346.0
0.7669578387274614,0.176281712,0.0726826815,0.32589386875,0.0,1346.0
0.7647943699675764,0.1209991725,0.051593203500000004,0.317887978,0.0,1346.0
0.7648414083602642,0.0682496385,0.0351237965,0.2490252435,0.0,1346.0
0.7467191250995013,0.0375367325,0.033747930999999995,0.139600332,0.0,1346.0
0.658764512435769,0.0022808593333333333,0.04115526333333333,0.11751755433333333,0.0,1346.0
0.6200585247027501,0.0029178425,0.020792837249999998,0.1484092555,0.0,1346.0
0.7088263398299187,0.07375049900000001,0.018088117333333334,0.27745458166666664,0.0,1346.0
0.7710341754462158,0.2053605255,0.03267567,0.293421295,0.0,1346.0
0.7782461214624465,0.30814035300000003,0.037226897,0.3255393793333333,0.0,1346.0
0.7846476228748538,0.358767412,0.0497343655,0.45831967725,0.0,1346.0
0.7864422964930369,0.30683283,0.064775375,0.572738558,0.0,1346.0
0.7871587388197854,0.134505734,0.0863347935,0.5679463255,0.0,1346.0
0.7009297717416164,0.030421473,0.15370880333333334,0.5779739996666667,0.0,1346.0
0.6266050650253727,0.0,0.1786004695,0.588588122,0.0,1346.0
0.6299420856921731,0.01691313275,0.19207549075,0.5998011367499999,0.0,1346.0
0.7364137683693803,0.127308378,0.2077563925,0.573681671,0.0,1346.0
0.7752643370001919,0.25178616200000004,0.2886587805,0.5894536815,0.0,1346.0
0.7800138919569548,0.3184293835,0.413253168,0.6533770695,0.0,1346.0
0.7837247779667287,0.38986254350000005,0.45906867500000004,0.706885413,0.0,1346.0
0.7876082315570739,0.25920654666666665,0.5342573643333334,0.7437396683333333,0.0,1346.0
0.7876131609845508,0.06834335133333333,0.521551566,0.6923942583333332,0.0,1346.0
0.7695637820637663,0.0244504845,0.5126540509999999,0.6726161580000001,0.0,1346.0
0.6828719433711423,0.0028955235,0.503962855,0.69797409,0.0,1346.0
0.6236355205157823,0.004388492799999999,0.46523140919999995,0.7315785556000001,0.0,1346.0
0.7091162217195714,0.08309859400000001,0.42810214,0.6869501853333334,0.0,1346.0
0.772799614195645,0.2126292235,0.342133576,0.6712580955,0.0,1346.0
0.776468930826194,0.32865662149999997,0.2732752725,0.6854531615,0.0,1346.0
0.7849212081006097,0.40749623139999996,0.23420105060000002,0.6495024596000001,0.0,1346.0
0.7975596977233973,0.2548117386666667,0.19760599566666667,0.6125292376666667,0.0,1346.0
0.7782922991019007,0.0965143485,0.2292988675,0.6219713179999999,0.0,1346.0
0.6786949460426426,0.0090025755,0.335908581,0.6308603675,0.0,1346.0
0.6091438530654915,0.0,0.4072800286666667,0.694793937,0.0,1346.0
0.606973495143095,0.0738906565,0.33111429525,0.699403044,0.0,1346.0
0.6848481625595865,0.330450914,0.248615768,0.6829550313333334,0.0,1346.0
0.7348925579292309,0.5447836735,0.32414086200000003,0.73070079,0.0,1346.0
0.7503396310818853,0.5520874165,0.31039932924999997,0.68851188875,0.0,1346.0
0.7624955017020384,0.3663304645,0.307878102,0.707390114,0.0,1346.0
0.7663391461847835,0.23549451,0.2958492185,0.7668118195,0.0,1346.0
0.7521065604141539,0.0916852685,0.3182241595,0.8212435455,0.0,1346.0
0.6469761972590361,0.00260758225,0.31192471725000004,0.839016186,0.0,1346.0
0.6037170123052434,0.039251314800000006,0.30034562620000005,0.826445043,0.0,1346.0
0.6648583129076853,0.24349386150000002,0.23581464400000002,0.7405733425000001,0.0,1346.0
0.712302855655915,0.3539682785,0.23159818599999998,0.7024023075000001,0.0,1346.0
0.72821970187159,0.37529467375000003,0.21158499375,0.5959077185,0.0,1346.0
0.7366802485044439,0.3125427035,0.1752927835,0.5127265315,0.0,1346.0
0.7477098713496938,0.205694374,0.11387433000000001,0.42132526866666664,0.0,1346.0
0.744270644896045,0.0945697335,0.101539189,0.3162889305,0.0,1346.0
0.6688354678240956,0.005306805,0.11001931433333334,0.22155969133333334,0.0,1346.0
0.6220310001721379,0.00679765675,0.10148765200000001,0.16156752525,0.0,1346.0
0.6868248515150497,0.1177892495,0.070750425,0.153302243,0.0,1346.0
0.7720610610357428,0.290046139,0.052789617,0.1360473155,0.0,1346.0
0.7814290784402131,0.446878792,0.072684255,0.11288630899999999,0.0,1346.0
0.7864666372606268,0.6227881895,0.0845838665,0.13164204200000001,0.0,1346.0
0.7986991795792663,0.57721190575,0.1074290915,0.2479567885,0.0,1346.0
0.8017467957722572,0.3077991746666667,0.111138562,0.298541513,0.0,1346.0
0.7793078477585239,0.141053496,0.1133547435,0.27697832099999997,0.0,1346.0
0.6853653961595261,0.010200271,0.1268208565,0.256433134,0.0,1346.0
0.6239223509080889,0.0070570808,0.13388395539999998,0.17547174019999998,0.0,1346.0
0.7132352658667109,0.22060945433333334,0.08238986333333333,0.10435903933333333,0.0,1346.0
0.7823349648423186,0.48338942549999997,0.07215906050000001,0.109239732,0.0,1346.0
0.7873580883308099,0.6205219319999999,0.116654442,0.1139759805,0.0,1346.0
0.7894207675242756,0.67427767725,0.0984647115,0.1575808175,0.0,1346.0
0.7896504077856689,0.52028842,0.08847793649999999,0.218845185,0.0,1346.0
0.7927671417859661,0.298967539,0.065008082,0.2298961195,0.0,1346.0
0.7733871232951484,0.143240395,0.086581231,0.2224073275,0.0,1346.0
0.6528816409505352,0.0046514735,0.12688391625,0.15022582125,0.0,1346.0
0.630275484884175,0.036036797,0.11351052149999999,0.09294715375000001,0.0,1346.0
0.7396750204408208,0.193961563,0.041619447,0.085826987,0.0,1346.0
0.7789609755640096,0.42360586050000004,0.024167764,0.078320261,0.0,1346.0
0.78358516525115,0.6196862535,0.0441726325,0.0718301825,0.0,1346.0
0.7932558329754128,0.6308349983333333,0.04999089366666667,0.08537165266666667,0.0,1346.0
0.7989798601106388,0.5182538114999999,0.042815818,0.14274774699999998,0.0,1346.0
0.7998329655621337,0.30355565733333334,0.040784295000000005,0.18070814733333332,0.0,1346.0
0.7791449506259034,0.1324851645,0.07677481050000001,0.159972493,0.0,1346.0
0.6674746271741729,0.005789945,0.10404759433333334,0.13234208233333333,0.0,1346.0
0.6224438059288729,0.008135345,0.09792300699999999,0.13578966175,0.0,1346.0
0.6895716161645123,0.154383826,0.0654841095,0.1292298825,0.0,1346.0
0.7760269961483821,0.338478061,0.0188705775,0.0718059585,0.0,1346.0
0.785024035057428,0.5278355965,0.025274704500000002,0.046164539500000004,0.0,1346.0
0.8174834917966178,0.6542213162,0.027727527799999995,0.0409586888,0.0,1346.0
0.834839717455346,0.4501696205,0.022404343,0.0392490325,0.0,1346.0
0.8352562081216837,0.27401333099999997,0.0212954245,0.040310980499999996,0.0,1346.0
0.7948417329809455,0.1245016885,0.0345932455,0.0345207605,0.0,1346.0
0.6896699646201723,0.006305266,0.0434327215,0.0352500395,0.0,1346.0
0.6268586118324858,0.0,0.04829807066666667,0.086897398,0.0,1346.0
0.6559645515222606,0.07701481099999999,0.037443768,0.10137376475,0.0,1346.0
0.7819954158237712,0.3221621105,0.011223243,0.0808914065,0.0,1346.0
0.8179854028010354,0.5471939635,0.016956345,0.0912934655,0.0,1346.0
0.8550547358806412,0.7139844165,0.023433448,0.1109286985,0.0,1346.0
0.8646734128591083,0.5584714159999999,0.02297825375,0.116799872,0.0,1346.0
0.8486415487531181,0.2789017246666667,0.020051744,0.11155586966666665,0.0,1346.0
0.8004875271301162,0.114994214,0.033910474,0.109482702,0.0,1346.0
0.6866956369277886,0.005006234,0.044698139,0.081603872,0.0,1346.0
0.61260619184806,0.0,0.057791479666666666,0.095652165,0.0,1346.0
0.6085639838439152,0.06074399925,0.03490054925,0.08202762125,0.0,1346.0
0.6797697150427714,0.2822019345,0.008814851,0.0673692595,0.0,1346.0
0.7551437473729142,0.6001111815,0.008834250500000002,0.064269676,0.0,1346.0
0.7844621103367846,0.7521478500000001,0.0089809705,0.069217975,0.0,1346.0
0.7952115611828388,0.670424941,0.01891293975,0.11328831425,0.0,1346.0
0.8034624891330244,0.40265418799999997,0.036851411,0.22043437,0.0,1346.0
0.7977183696622395,0.2134833435,0.040554076,0.199537075,0.0,1346.0
0.6957666718640948,0.0329565345,0.0633075695,0.180488084,0.0,1346.0
0.6040385886462154,0.00537828575,0.0788619115,0.1831838905,0.0,1346.0
0.6515509661688172,0.2783897445,0.04541729425,0.25966987124999996,0.0,1346.0
0.7628423973432207,0.6767197835,0.029194025,0.24329691,0.0,1346.0
0.7892317575248987,0.79896238925,0.037521650000000004,0.23203385450000003,0.0,1346.0
0.7994379752819228,0.5753042696666667,0.055952755666666666,0.27558374166666666,0.0,1346.0
0.8088073459238619,0.269431982,0.0430853275,0.2270589015,0.0,1346.0
0.7961478912075881,0.11687590950000001,0.057327302999999996,0.1612093165,0.0,1346.0
0.6866144152731207,0.002672775666666667,0.0831328,0.17411824866666667,0.0,1346.0
0.6299577767651082,0.004610886,0.09403166125000001,0.21322876675,0.0,1346.0
0.6956300050816683,0.1630629945,0.0520330415,0.202938431,0.0,1346.0
0.8029168304601394,0.3903695135,0.0111773125,0.125521775,0.0,1346.0
0.8701388230380536,0.6493224475,0.013612945999999999,0.089873228,0.0,1346.0
0.8932165828676397,0.744551016,0.026195589,0.08555316575000001,0.0,1346.0
0.8933578934867065,0.5956547606666667,0.033426329666666664,0.16246401133333332,0.0,1346.0
0.893458698632134,0.33456758200000003,0.050001461999999997,0.2069961685,0.0,1346.0
0.8580725580800024,0.1543402455,0.099848072,0.2067669485,0.0,1346.0
0.6948270283979089,0.0033306480000000003,0.127691678,0.202911513,0.0,1346.0
0.6323012069862615,0.0047599125,0.12007214000000002,0.165447191,0.0,1346.0
0.6979476744487073,0.1708295515,0.0891810385,0.16592995500000002,0.0,1346.0
0.8140037412266234,0.396731521,0.0293792015,0.16178585,0.0,1346.0
0.8794236316566926,0.6700033245,0.0446931615,0.16039383499999998,0.0,1346.0
0.8967824105950398,0.79141666775,0.08770407425,0.16894845875,0.0,1346.0
0.8961190391760291,0.6641782494999999,0.09831827600000001,0.2171508405,0.0,1346.0
0.8936056974649574,0.387341643,0.09574876466666667,0.28804560566666665,0.0,1346.0
0.8679323884153985,0.1466179985,0.1799606375,0.33221398599999996,0.0,1346.0
0.7269359011370482,0.0041433175,0.2592665075,0.34422552100000003,0.0,1346.0
0.6417519263533882,0.0032762376,0.2914856104,0.4671066186,0.0,1346.0
0.7318355371735041,0.216791913,0.175393571,0.4497465926666666,0.0,1346.0
0.8512909666927846,0.539610904,0.099333829,0.3365957435,0.0,1346.0
0.8860621357405511,0.7962038556666666,0.162021378,0.305453406,0.0,1346.0
0.8952529145713581,0.7846496079999999,0.18085593325,0.26904362475,0.0,1346.0
0.891466002271712,0.529051598,0.215382974,0.2810991975,0.0,1346.0
0.8821075848709812,0.24937568100000002,0.2216826535,0.3307515545,0.0,1346.0
0.749163833828257,0.04483691866666666,0.29221033366666666,0.47159547733333335,0.0,1346.0
0.6400560964470172,0.0,0.3536452015,0.568050065,0.0,1346.0
0.6372300778393676,0.03697145475,0.26397770575,0.50249425725,0.0,1346.0
0.7705448893366468,0.322003008,0.11794084,0.3251982643333334,0.0,1346.0
0.8406621397311531,0.6298695084999999,0.11358967,0.1990342635,0.0,1346.0
0.874160833201844,0.7981232005000001,0.16008831,0.159499593,0.0,1346.0
0.8899164840440608,0.69661195725,0.1678583585,0.15896907999999998,0.0,1346.0
0.8839428143470877,0.35355407099999997,0.17477136166666665,0.22601933333333335,0.0,1346.0
0.8385627382099795,0.1279477895,0.217722899,0.299557486,0.0,1346.0
0.6848273778178704,0.00150347425,0.2814060075,0.32666577,0.0,1346.0
0.6447053432756101,0.028274452250000002,0.24350487625000003,0.3565043425,0.0,1346.0
0.7506651086607974,0.175086069,0.119338812,0.251050635,0.0,1346.0
0.7878701814832604,0.337347399,0.09948222266666666,0.15694754566666666,0.0,1346.0
0.7973401855368101,0.468511681,0.170515205,0.15295693900000001,0.0,1346.0
0.8189792162401262,0.441907662,0.16827770399999997,0.11231454775,0.0,1346.0
0.8076833870647911,0.23266299000000001,0.142106484,0.12676520066666666,0.0,1346.0
0.7804530099083862,0.074204715,0.175856377,0.179833339,0.0,1346.0
0.6886552612940854,0.0018338405,0.2074455995,0.2111287435,0.0,1346.0
0.6214705032754192,0.0,0.21691075299999998,0.2949779616666667,0.0,1346.0
0.6179359680338308,0.035473962,0.180065447,0.23706148275,0.0,1346.0
0.6729399119916,0.153551674,0.135395866,0.12859221599999998,0.0,1346.0
0.7252486717185918,0.2572268035,0.136047755,0.113594991,0.0,1346.0
0.7471506968189975,0.3083708075,0.13280563974999998,0.14520064000000002,0.0,1346.0
0.7669441429034474,0.24741005075,0.13718796225,0.16265127599999998,0.0,1346.0
0.7677165348677252,0.07785781133333335,0.151030267,0.17753708633333334,0.0,1346.0
0.6591020349483816,0.00048384175,0.18268534025,0.2283403135,0.0,1346.0
0.6143517355974248,0.0211562514,0.1554371994,0.19498536139999997,0.0,1346.0
0.6922960827200998,0.211954537,0.167280695,0.23026597333333335,0.0,1346.0
0.7513396764890152,0.41230486050000004,0.16607078050000001,0.30173890849999996,0.0,1346.0
0.783599318754123,0.61061306275,0.19497464775,0.38358437025000003,0.0,1346.0
0.7954671029783541,0.4023449975,0.17558693074999998,0.49256159025,0.0,1346.0
0.7691312832630182,0.1208365475,0.1880990155,0.518417991,0.0,1346.0
0.6722482956221576,0.000960803,0.23048942166666667,0.5819431636666668,0.0,1346.0
0.6243891474760072,0.00134313575,0.17498101025,0.48441683025,0.0,1346.0
0.7165740626342422,0.16626921933333336,0.11300854766666668,0.27927118833333336,0.0,1346.0
0.7910496330278525,0.424917675,0.0895141615,0.2691873705,0.0,1346.0
0.8243040278492595,0.621300891,0.084020702,0.305406105,0.0,1346.0
0.8623294467513323,0.6767645760000001,0.09223178733333333,0.3223653913333333,0.0,1346.0
0.8738170125130122,0.524823696,0.0689689295,0.3080813635,0.0,1346.0
0.8694973276207906,0.33016104500000004,0.044691084666666665,0.267225319,0.0,1346.0
0.8119189163426244,0.119579662,0.051612385499999996,0.23834480149999998,0.0,1346.0
0.6929032616983084,0.0013640805,0.0737716695,0.22610108299999998,0.0,1346.0
0.6288840662976309,0.0011351999999999998,0.048072534800000004,0.15211306600000002,0.0,1346.0
0.718655014858142,0.15652622800000002,0.028826305666666663,0.17329259166666666,0.0,1346.0
0.8071135442480583,0.45269504650000003,0.020982712,0.1489226525,0.0,1346.0
0.8546327052355923,0.6855058345,0.0375108945,0.1383293215,0.0,1346.0
0.8796824126875455,0.701927749,0.0395709405,0.10502533074999999,0.0,1346.0
0.8768424864543144,0.4962243125,0.054796794999999995,0.0931700625,0.0,1346.0
0.8729281196306173,0.297102067,0.053191402,0.070740746,0.0,1346.0
0.8196903303897309,0.12181153350000001,0.0898526815,0.0679946575,0.0,1346.0
0.7097893575295161,0.0011271115,0.11942075099999999,0.10009109,0.0,1346.0
0.6387350181155658,0.0,0.15043283999999998,0.211177217,0.0,1346.0
0.6628076044887145,0.06948676349999999,0.08127315625,0.227635555,0.0,1346.0
0.7960452473223535,0.37009662200000004,0.035088247,0.2658065235,0.0,1346.0
0.8551555724967076,0.6165570119999999,0.0586627915,0.2901102785,0.0,1346.0
0.8791786755628386,0.7186761054999999,0.1056320945,0.29859410649999996,0.0,1346.0
0.8911468033978638,0.64468830575,0.11625517974999999,0.29848023825000003,0.0,1346.0
0.887969362535311,0.31912098733333333,0.11068124033333333,0.2729215473333333,0.0,1346.0
0.834840750046604,0.0965858365,0.15067413000000002,0.2638398435,0.0,1346.0
0.7103194541799265,0.0007781375,0.17468471200000002,0.2856758545,0.0,1346.0
0.6338340551019094,0.000550867,0.151177472,0.3229461632,0.0,1346.0
0.7231303672852741,0.154074787,0.08314091933333333,0.22626628533333334,0.0,1346.0
0.8256733967296765,0.41280885700000003,0.0497332645,0.134478451,0.0,1346.0
0.8644937097801212,0.5918480660000001,0.051976382,0.141203769,0.0,1346.0
0.8879180130819364,0.6630734277499999,0.054766534000000006,0.24554013375,0.0,1346.0
0.8881352955425019,0.455810858,0.06462355550000001,0.29798797850000003,0.0,1346.0
0.8823630094331567,0.2458151125,0.0722231145,0.310993327,0.0,1346.0
0.8323865429163368,0.10322656150000001,0.0940293675,0.3028537645,0.0,1346.0
0.6940137633162379,0.000491249,0.12199699533333334,0.33046079,0.0,1346.0
0.6348134965150815,0.00089750275,0.1378214105,0.38231853,0.0,1346.0
0.6979017158532358,0.12396368499999999,0.126756747,0.3740781235,0.0,1346.0
0.7988125034217677,0.3407706565,0.0968962015,0.322104463,0.0,1346.0
0.8679710078911688,0.639497976,0.10671016700000001,0.340118525,0.0,1346.0
0.8937476652159722,0.6546698132500001,0.13336985675000002,0.44842976525,0.0,1346.0
0.8917508139496724,0.48076254350000003,0.15292145699999998,0.4390584875,0.0,1346.0
0.889603623117191,0.291577582,0.1745178645,0.4260863735,0.0,1346.0
0.8529603106802806,0.1081012195,0.25343614,0.47782984949999996,0.0,1346.0
0.6848196907496162,0.00028918325,0.3198591785,0.590191275,0.0,1346.0
0.6270900945747323,0.000968343,0.3003888786666667,0.6581470556666668,0.0,1346.0
0.6380821777414283,0.125558258,0.2536988145,0.6736357135,0.0,1346.0
0.6932748032263869,0.3449867805,0.23770405049999999,0.598361895,0.0,1346.0
0.7609219714290822,0.42905433299999995,0.24168679199999998,0.5545577564999999,0.0,1346.0
0.7846239745655248,0.613772722,0.24484076100000002,0.556355494,0.0,1346.0
0.7951099500451733,0.6456898925,0.28139225975,0.61203156375,0.0,1346.0
0.8064654923087676,0.323292659,0.32167524433333333,0.6968379379999999,0.0,1346.0
0.7977247543462427,0.0963794885,0.3466584235,0.751897367,0.0,1346.0
0.6925446533522902,0.0,0.38267664175,0.804403779,0.0,1346.0
0.6431685398946466,0.031007721,0.3494511048000001,0.7577662328,0.0,1346.0
0.7061432782142582,0.265886247,0.3317857543333333,0.7536139126666667,0.0,1346.0
0.7626010561003254,0.46673046549999997,0.3428382605,0.7060252495,0.0,1346.0
0.7889709225659303,0.61325756175,0.30747877575,0.738942394,0.0,1346.0
0.801548283463591,0.4806405965,0.283319847,0.6843035485,0.0,1346.0
0.8071632586871185,0.2770284595,0.26334208950000004,0.5850054060000001,0.0,1346.0
0.7952573554953231,0.0817679715,0.33419388,0.5542233845,0.0,1346.0
0.7013236119888145,0.0,0.37581464425,0.604225244,0.0,1346.0
0.6736290844054207,0.0402645516,0.3106869026,0.5662826776000001,0.0,1346.0
0.8024223414828411,0.3097357435,0.1544835175,0.42497934000000004,0.0,1346.0
0.8623611497726693,0.5831308293333333,0.15025729266666668,0.3514807346666666,0.0,1346.0
0.889230062674688,0.7685021489999999,0.155961322,0.306757407,0.0,1346.0
0.8902579342747593,0.527880138,0.14260551700000001,0.3379521705,0.0,1346.0
0.8833415189194318,0.246436415,0.1318110245,0.3237109535,0.0,1346.0
0.8400316291299446,0.0707305375,0.2214659015,0.289213669,0.0,1346.0
0.7283806860687252,0.0,0.263339963,0.2478439625,0.0,1346.0
0.6523952498792179,0.0,0.2617048536666667,0.2713921696666667,0.0,1346.0
0.6733482699466806,0.05038931125,0.1837878705,0.27334441375,0.0,1346.0
0.7984344599763462,0.308908706,0.0625831725,0.209863963,0.0,1346.0
0.8506924254670613,0.6075194715000001,0.066590966,0.155906278,0.0,1346.0
0.8804232425189091,0.7652260500000001,0.07602546874999999,0.134089074,0.0,1346.0
0.8883935834117718,0.571400881,0.0668849335,0.1218944825,0.0,1346.0
0.8779482310038283,0.30970878966666665,0.070699473,0.19777769333333337,0.0,1346.0
0.8235337638524642,0.08433059799999999,0.1300156825,0.2597084615,0.0,1346.0
0.7167324608202098,0.0,0.171976563,0.3129326725,0.0,1346.0
0.6476849562116834,0.0,0.18204837833333334,0.3355225193333333,0.0,1291.3333333333333
0.667714951300611,0.0546549175,0.10434281025,0.23426236225,0.0,1182.0
0.78696668903806,0.342437072,0.025696998,0.195743643,0.0,1182.0
0.8318971471805692,0.5455065554999999,0.039847678,0.198123341,0.0,1182.0
0.8583498583834073,0.685888276,0.06467008299999999,0.188077483,0.0,1182.0
0.8642689086504814,0.6225001693333333,0.072246482,0.20861379366666666,0.0,1182.0
0.8615709031707215,0.368829063,0.0765364865,0.23346229200000002,0.0,1182.0
0.8583980703599831,0.18606033500000002,0.061595801,0.227242875,0.0,1182.0
0.8184830136240204,0.0588819575,0.087138588,0.2586095425,0.0,1182.0
0.6852818116017624,0.0,0.12497993525000001,0.403727429,0.0,1182.0
0.6414352610326958,0.0,0.11546441933333333,0.370757526,0.0,1182.0
0.7256013024147631,0.140092882,0.07384986,0.3094192556666666,0.0,1182.0
0.8226565136475236,0.4266604675,0.0560098125,0.35298067499999997,0.0,1182.0
0.8529620945027807,0.6151450414999999,0.0794263445,0.39443901,0.0,1182.0
0.8612872649203382,0.507857282,0.10753752675,0.41788406225,0.0,1182.0
0.8563796952087848,0.309670657,0.11149713850000001,0.4862731905,0.0,1182.0
0.8438972209444119,0.1906050475,0.0711714135,0.42713201,0.0,1182.0
0.8024905050107602,0.062307603999999996,0.076263352,0.336808662,0.0,1182.0
0.7082316947109626,0.0,0.097122003,0.2916803905,0.0,1182.0
0.6489961295242969,0.0,0.11647059533333333,0.37648598699999997,0.0,1182.0
0.6713476631494142,0.0245622,0.07999686725,0.30280784824999996,0.0,1182.0
0.7852231501017726,0.188997448,0.052027516499999996,0.2907277835,0.0,1182.0
0.8223707940103715,0.35258109299999996,0.06259674166666666,0.32294470433333333,0.0,1182.0
0.8532514127866386,0.46284759150000004,0.07197543375,0.34362018475,0.0,1182.0
0.848948315161527,0.3635851706666666,0.10201503866666667,0.3527550506666666,0.0,1182.0
0.8235456878899343,0.143359354,0.1004940155,0.320551708,0.0,1182.0
0.7175682359536347,0.005980881666666667,0.11454385333333333,0.30435242833333337,0.0,1182.0
0.6200916206437388,0.0,0.1228124275,0.32166135,0.0,1182.0
0.6039633015203669,0.0041702325,0.10511082249999999,0.29956640725,0.0,1182.0
0.6331902875045247,0.1174396125,0.0813704045,0.238612488,0.0,1182.0
0.6997810419467536,0.2868346075,0.064457024,0.15074754299999998,0.0,1182.0
0.7325593262270951,0.3985617505,0.063141152,0.157775898,0.0,1182.0
0.7388069480432848,0.41675830125,0.0877575665,0.18602644175,0.0,1182.0
0.7522817101502184,0.2965647595,0.095503747,0.1536401935,0.0,1182.0
0.7460805869844194,0.133747987,0.085731528,0.23159331500000002,0.0,1182.0
0.7293511445944592,0.0356133375,0.09077719100000001,0.24343684850000002,0.0,1182.0
0.6436785630085157,0.0,0.11383331975,0.2060470375,0.0,1182.0
0.6020622167782796,0.006748369,0.10106944375,0.28561564424999997,0.0,1182.0
0.6437878497203577,0.20827473866666665,0.062090369666666666,0.20744601266666665,0.0,1182.0
0.7076719295847517,0.514317691,0.0413806735,0.132042623,0.0,1182.0
0.7228761946709616,0.6145884415,0.0581820915,0.1106868805,0.0,1182.0
0.7431518888525999,0.52038265825,0.107449135,0.2091048935,0.0,1182.0
0.743029653400531,0.19850245033333333,0.087571191,0.32154097600000003,0.0,1182.0
0.7249904776359938,0.0303575505,0.1046002625,0.494798918,0.0,1182.0
0.6536784990960249,0.0,0.1855752225,0.599326367,0.0,1182.0
0.6300322775522369,0.00356533875,0.2645540625,0.64445171675,0.0,1182.0
0.7355545683473208,0.1378291465,0.3006449155,0.658924734,0.0,1182.0
0.7637721083735982,0.33303794350000004,0.314251109,0.6427852075,0.0,1182.0
0.762401753482637,0.460177986,0.36308536950000003,0.6273277905,0.0,1182.0
0.7650423069144868,0.5072040215,0.3316893845,0.6791562680000001,0.0,1182.0
0.7675095059997952,0.3326089465,0.3877318005,0.80998941275,0.0,1182.0
0.7678183886523524,0.162115191,0.36848769049999996,0.7543918195,0.0,1182.0
0.7504105525632039,0.0492645185,0.3088600415,0.6465052465000001,0.0,1182.0
0.6735608932416954,0.0,0.281117992,0.5077729095,0.0,1182.0
0.6239747064340188,0.0,0.268753456,0.4053949786666666,0.0,1182.0
0.6533034836002003,0.038657534,0.17766353324999998,0.25064102675,0.0,1182.0
0.7602304335278219,0.302613044,0.097715699,0.16460217500000002,0.0,1182.0
0.7643120394944279,0.5124518085,0.1016666125,0.129299362,0.0,1182.0
0.7714591162916948,0.6408389675,0.134607479,0.1335354615,0.0,1182.0
0.7891485251360882,0.568303341,0.1609517775,0.18400761549999997,0.0,1182.0
0.7923215453638595,0.3739209275,0.099724521,0.26422955449999996,0.0,1182.0
0.7806731794353361,0.17601990099999998,0.054836464,0.276369486,0.0,1182.0
0.6944401908888821,0.004357596666666667,0.07533450300000001,0.3260909026666667,0.0,1182.0
0.623509315084311,0.0,0.10729847166666666,0.3117060783333333,0.0,1182.0
0.6519300894114549,0.04128107275,0.11771996500000001,0.36322417875,0.0,1182.0
0.7637191548555113,0.31388916,0.071720532,0.4854954845,0.0,1182.0
0.7747984138800543,0.618175993,0.106514914,0.5988683269999999,0.0,1182.0
0.794519107454727,0.7557533985,0.167084019,0.6491158015,0.0,1182.0
0.8128655503963973,0.5815330827499999,0.21238798475,0.7082995132500001,0.0,1182.0
0.8122971004680539,0.367626357,0.17980575199999999,0.7041754265,0.0,1182.0
0.7986627039105054,0.1606267765,0.249218439,0.706023924,0.0,1182.0
0.7069239169969105,0.002934028333333333,0.4210041246666667,0.7752067016666667,0.0,1182.0
0.6332531773453565,0.0,0.5138023373333334,0.860537931,0.0,1182.0
0.662865299392001,0.01906190025,0.5552342395000001,0.8837129685,0.0,1182.0
0.7781244494077575,0.194970862,0.504806847,0.89506212,0.0,1182.0
0.8130757677506547,0.398201224,0.5596688750000001,0.885540335,0.0,1182.0
0.8481691158479776,0.539949439,0.62029409075,0.8456006819999999,0.0,1182.0
0.8509468643313147,0.5291232325,0.6468809055,0.8084692405,0.0,1182.0
0.8428657576274277,0.350138263,0.587763131,0.7504308504999999,0.0,1182.0
0.828799707287045,0.163018114,0.4982025955,0.7276823,0.0,1182.0
0.7382685188117987,0.0027567013333333334,0.3898899986666667,0.6773617986666666,0.0,1182.0
0.6525504013790179,0.0,0.2670230373333333,0.4929962376666666,0.0,1182.0
0.6702328856929037,0.0324982495,0.170171151,0.40301098199999996,0.0,1182.0
0.7848697756772929,0.2586254195,0.1111041005,0.5130868504999999,0.0,1182.0
0.8263669535453613,0.472448125,0.144474751,0.550641593,0.0,1182.0
0.8526522611659921,0.659270327,0.2024610055,0.5463677245,0.0,1182.0
0.849393942897961,0.49514840175,0.34049614925,0.5612747124999999,0.0,1182.0
0.8220712573038802,0.14021917266666667,0.4621635673333333,0.7156461113333332,0.0,1182.0
0.7858356574134363,0.020481133,0.5583602384999999,0.8549861670000001,0.0,1182.0
0.6692318545878518,0.0,0.545787265,0.9093200582500001,0.0,1182.0
0.6145113137885415,0.00167270325,0.4857541915,0.9128280594999999,0.0,1182.0
0.634768934371893,0.16067670350000002,0.5125552185,0.9086529405,0.0,1182.0
0.6906296495582785,0.382945168,0.6005898519999999,0.9140487305,0.0,1182.0
0.7168378748511113,0.568961049,0.686755888,0.9086544495,0.0,1182.0
0.7320092784942748,0.585883082,0.6796133455,0.80828773625,0.0,1182.0
0.7360632344305713,0.44023532249999997,0.644549809,0.730590055,0.0,1182.0
0.7326499288415198,0.1952628905,0.513495585,0.671574042,0.0,1182.0
0.7244331531516089,0.035232008,0.40899446500000003,0.653783929,0.0,1182.0
0.6365311223345927,0.0,0.298056901,0.51515190275,0.0,1182.0
0.597257913054587,0.003178319,0.15481600175000002,0.34854416224999996,0.0,1182.0
0.624186863974,0.136560375,0.10774820800000001,0.282263508,0.0,1182.0
0.6759924027468648,0.285326364,0.1131258195,0.24342139699999998,0.0,1182.0
0.6948907475838598,0.374560801,0.1100410885,0.2077599965,0.0,1182.0
0.7002811878234811,0.42250546,0.09599052525000001,0.22689753624999998,0.0,1182.0
0.7085235482048742,0.26914705650000004,0.0918321705,0.3477344055,0.0,1182.0
0.7064935306888438,0.12284033450000001,0.09479080749999999,0.4404299255,0.0,1182.0
0.6995283869050005,0.023540213499999997,0.114647106,0.45895537,0.0,1182.0
0.6452148661782644,0.0,0.1785457795,0.56514417275,0.0,1182.0
0.6202711829280898,0.0,0.22143543966666668,0.6234165313333334,0.0,1182.0
0.7065454513030504,0.08218076133333334,0.2484170636666667,0.6916266556666667,0.0,1182.0
0.7587450180215061,0.305435188,0.3077565525,0.7627747165000001,0.0,1182.0
0.7596549181805481,0.377600116,0.366817641,0.731968407,0.0,1182.0
0.7620039622113649,0.4357536503333333,0.3350965443333333,0.6156527963333334,0.0,1182.0
0.7631042064330883,0.34262721675,0.42182902925,0.5176094495000001,0.0,1182.0
0.7603197919057322,0.09302057350000001,0.3523668425,0.404513039,0.0,1182.0
0.6878136727416969,0.000646848,0.2707963486666667,0.3281470306666667,0.0,1182.0
0.6231122593298034,0.0,0.224727237,0.296089701,0.0,1182.0
0.6515390775827091,0.02215707975,0.16526752625,0.2050746015,0.0,1182.0
0.7574449390469383,0.2026795645,0.108506913,0.10562474250000001,0.0,1182.0
0.7611512010611635,0.4558275823333333,0.12262344733333334,0.07723781866666667,0.0,1182.0
0.7658874863501288,0.44037847,0.10736128066666667,0.078418005,0.0,1182.0
0.767489198684343,0.30122393766666666,0.068764171,0.06472443133333333,0.0,1182.0
0.7686046138902225,0.1510272295,0.029686206,0.04502594,0.0,1182.0
0.7082495101145415,0.0156925265,0.0379372485,0.071400891,0.0,1182.0
0.6229201438682296,0.0,0.061329069199999996,0.1446848232,0.0,1182.0
0.7068863302166059,0.077288152,0.06329031766666667,0.15776454633333334,0.0,1182.0
0.761356184024949,0.26858636199999997,0.048381857,0.1801627245,0.0,1182.0
0.7611892260857447,0.41857094675000006,0.030784190749999996,0.1114212625,0.0,1182.0
0.7663563359270532,0.31991040833333334,0.019616214333333337,0.08700570666666667,0.0,1182.0
0.7672592572114215,0.196909655,0.0222416395,0.08158861549999999,0.0,1182.0
0.767226043912044,0.0998913255,0.03764707,0.059956787,0.0,1182.0
0.6914906258999046,0.0005240339999999999,0.060095530333333334,0.08635565266666667,0.0,1182.0
0.6217230800115539,0.0,0.07390542559999999,0.1129285198,0.0,1182.0
0.6836176555803357,0.0552417585,0.06363521899999999,0.1908136375,0.0,1182.0
0.7582062367252743,0.28506810650000003,0.050699402000000005,0.280365186,0.0,1182.0
0.7643001390078332,0.5642875836666666,0.07443822666666668,0.39403144766666665,0.0,1182.0
0.7764592604824506,0.5564051376666668,0.14390888966666668,0.5149891386666666,0.0,1182.0
0.7798197063400873,0.370671438,0.199530367,0.57962767,0.0,1182.0
0.7759796762914712,0.1970665233333333,0.20869768366666666,0.6092944736666667,0.0,1182.0
0.751997039152266,0.0288101935,0.334973889,0.712734064,0.0,1182.0
0.6501229404621129,0.0,0.42845497675,0.8117446852500001,0.0,1182.0
0.6299088137292324,0.00067804975,0.46200895275,0.85096315875,0.0,1182.0
0.7358902677356073,0.11875522799999999,0.4761694015,0.8524968715000001,0.0,1182.0
0.7683151779040912,0.295727489,0.503210533,0.8532279515000001,0.0,1182.0
0.7759920693665083,0.406614402,0.5947757725,0.855711288,0.0,1182.0
0.8015527899131775,0.49919730833333337,0.6084141623333333,0.842659642,0.0,1182.0
0.808334709553747,0.44057011749999997,0.626754801,0.8485405454999999,0.0,1182.0
0.8006007570296345,0.29090296,0.5634906635,0.857846162,0.0,1182.0
0.7710792263951177,0.05877397333333334,0.5651526563333333,0.8814115546666667,0.0,1182.0
0.6751656410336503,0.0,0.557377551,0.8663360525,0.0,1182.0
0.6118904302666593,0.0,0.48944987300000004,0.7673728400000001,0.0,1182.0
0.6068411353416349,0.01669160725,0.45710062500000004,0.6879075885,0.0,1182.0
0.6749408399040105,0.2510867473333333,0.3675413316666667,0.569430919,0.0,1182.0
0.7175991253234889,0.5122843125,0.3168361855,0.6062824019999999,0.0,1182.0
0.7281871224138037,0.66182453075,0.39756503075,0.6893601289999999,0.0,1182.0
0.7394129770405844,0.5039927025,0.4610117565,0.7732829435,0.0,1182.0
0.739410817446152,0.209578555,0.4408781705,0.8237235295,0.0,1182.0
0.697115502651322,0.01011325,0.51871283525,0.88246497775,0.0,1182.0
0.6076749151896661,0.0,0.633053393,0.9235539266666667,0.0,1182.0
0.60528186467564,0.0077322225,0.6746544907500001,0.91923021225,0.0,1182.0
0.6689472421544657,0.166736048,0.6072893643333334,0.8844330583333333,0.0,1182.0
0.7004969912682302,0.4652074315,0.512803307,0.8480912439999999,0.0,1182.0
0.7184710707979536,0.64296183175,0.498876415,0.7485187930000001,0.0,1182.0
0.7292041383629095,0.5082656425,0.5350828535,0.686595337,0.0,1182.0
0.7287212210978169,0.266721814,0.4998522485,0.6794952745,0.0,1182.0
0.7140503852150935,0.044989158,0.4708816135,0.6709712050000001,0.0,1182.0
0.6533879209445407,0.0,0.448928307,0.6246172686666667,0.0,1182.0
0.6198424512774348,0.0,0.32993141275,0.494747069,0.0,1182.0
0.6834703673635256,0.0419983965,0.263532624,0.4465573905,0.0,1182.0
0.7573721518360926,0.257503723,0.2677955385,0.378819535,0.0,1182.0
0.7618874773932933,0.471935238,0.2692720085,0.342222475,0.0,1182.0
0.7624283710779993,0.5201872325000001,0.286534226,0.346029533,0.0,1182.0
0.7630908507420711,0.421987432,0.1955451615,0.391981268,0.0,1182.0
0.7621943064303575,0.17776495250000002,0.107636656,0.465050482,0.0,1182.0
0.7551846827542368,0.044891430499999996,0.0867873215,0.464000149,0.0,1182.0
0.6865142984176577,0.0,0.13981421100000002,0.5410870600000001,0.0,1182.0
0.6255163300956146,0.0,0.235660754,0.713325567,0.0,1182.0
0.6290090066573575,0.0,0.2908149,0.7778643175000001,0.0,1182.0
0.7330346151969145,0.110442333,0.314622155,0.7899761835000001,0.0,1182.0
0.7559126967931913,0.39721187700000005,0.336742262,0.7768711669999999,0.0,1182.0
0.7583583837169352,0.5823030220000001,0.44183373049999997,0.76986798,0.0,1182.0
0.761301834023317,0.659888732,0.5869185705,0.827688765,0.0,1182.0
0.7600353556870819,0.45251665500000005,0.660212049,0.842555953,0.0,1182.0
0.7557297777692233,0.2331059635,0.576788487,0.7850445675,0.0,1182.0
0.7341677829693029,0.030564639,0.4707989885,0.728861779,0.0,1182.0
0.6463270263613833,0.0,0.4471835435,0.6983907425,0.0,1182.0
0.6293564774921989,0.00029174475,0.35737479024999996,0.46457719950000004,0.0,1182.0
0.7358173629787994,0.170537624,0.239316777,0.2756201145,0.0,1182.0
0.756557220061054,0.4805580735,0.182145862,0.2284684775,0.0,1182.0
0.7596409989879437,0.6408665060000001,0.2857246985,0.372950008,0.0,1182.0
0.7639093385950875,0.537413788,0.3276531495,0.689459906,0.0,1182.0
0.7654083248244178,0.224310423,0.31955737600000006,0.7899718063333333,0.0,1182.0
0.7646122959615228,0.0302492855,0.311827178,0.8318754585,0.0,1182.0
0.6968339493828634,0.0,0.4219985663333334,0.9126021876666667,0.0,1182.0
0.6304512838480552,0.0,0.5104724943333333,0.8397415406666666,0.0,1182.0
0.6604129928486406,0.002202891,0.5200124305,0.6558763855,0.0,1182.0
0.7643779727752885,0.0493153055,0.49377903199999995,0.654466325,0.0,1182.0
0.7640978396975614,0.08961516666666668,0.49795324900000004,0.6144079683333333,0.0,1182.0
0.7712942827769211,0.38072909275,0.43065109825000003,0.5540359,0.0,1182.0
0.7706369785740291,0.379899168,0.31324017849999997,0.5842910115,0.0,1182.0
0.7716676903471489,0.212706154,0.23288870150000002,0.6040429935,0.0,1182.0
0.7531621997468076,0.019347574,0.2001277855,0.613700708,0.0,1182.0
0.6538602209331256,0.0,0.1646590835,0.5393019485,0.0,1182.0
0.6314792338485739,0.0,0.23321094599999997,0.58000340175,0.0,1182.0
0.7364239320310182,0.06714751050000001,0.333626894,0.668556739,0.0,1182.0
0.767368144475407,0.2609125055,0.373057337,0.750326228,0.0,1182.0
0.7751986147393433,0.440134609,0.4432355655,0.8460100545,0.0,1182.0
0.8023548355558031,0.541077276,0.5125430152499999,0.82184997775,0.0,1182.0
0.7967600933999457,0.3236012355,0.5690913675,0.76234751,0.0,1182.0
0.780857060710558,0.0987147575,0.5970258829999999,0.80187637,0.0,1182.0
0.7154651024523697,0.00230059275,0.57776217825,0.7617510665,0.0,1182.0
0.6117019797047805,0.0,0.5465481943333333,0.743426174,0.0,1182.0
0.6070753058431673,0.00345215825,0.531576665,0.8100831495,0.0,1182.0
0.669384279292269,0.16132163666666666,0.5183810986666667,0.7929355696666667,0.0,1182.0
0.6997872856381268,0.39850000350000003,0.4977467075,0.7658300730000001,0.0,1182.0
0.7043711851962475,0.42249270424999996,0.41584850125,0.7157759342500001,0.0,1182.0
0.7146510156952453,0.1710378395,0.36351322750000004,0.7184193055,0.0,1182.0
0.7208145597920881,0.1075804335,0.291540687,0.693753962,0.0,1182.0
0.7051965032199587,0.007005087,0.234520901,0.6514747225,0.0,1182.0
0.6332292279182863,0.0,0.21383477274999999,0.5709320775,0.0,1182.0
0.5957189810600549,0.0,0.1342452,0.30278361524999997,0.0,1182.0
0.623655687745209,0.08328467749999999,0.111633641,0.261848731,0.0,1182.0
0.6757574224286826,0.2443021885,0.10615007400000001,0.308329984,0.0,1182.0
0.6967309218059332,0.2922517865,0.14537854249999999,0.3677982905,0.0,1182.0
0.7032129371483611,0.292507353,0.12835354075,0.17069385450000002,0.0,1182.0
0.711694221108558,0.16085329199999998,0.17742948,0.198783712,0.0,1182.0
0.7087203392154882,0.0838344415,0.19742864799999998,0.275770615,0.0,1182.0
0.7004377005847207,0.0054600665,0.2175966385,0.395060556,0.0,1182.0
0.6534156965968867,0.0,0.2211449103333333,0.371029165,0.0,1182.0
0.6202655730991494,0.0,0.2237609155,0.311527635,0.0,1182.0
0.6517513250432673,0.0073488295,0.22651260499999998,0.3268679525,0.0,1182.0
0.7555918393541536,0.254558428,0.19792877433333333,0.261250543,0.0,1182.0
0.7595719438613966,0.5282995695,0.180558584,0.286385766,0.0,1182.0
0.7609878343699388,0.544441659,0.1260910825,0.2437669285,0.0,1182.0
0.7634187889706326,0.42129253133333333,0.11107557266666666,0.1774701486666667,0.0,1182.0
0.7613930902266377,0.21014190666666666,0.09336016166666666,0.22760303933333334,0.0,1182.0
0.7016093393373152,0.0030405315,0.10172299275,0.31501456575,0.0,1182.0
0.6214503798652099,0.0,0.08689249399999999,0.2779422183333333,0.0,1182.0
0.6515791329636889,0.00925531925,0.06418422124999999,0.37023094975,0.0,1182.0
0.7552989452450132,0.211905275,0.0482355055,0.408958094,0.0,1182.0
0.7576059585703868,0.36475415266666666,0.04478039566666667,0.37073882933333335,0.0,1182.0
0.7635399797954873,0.44890543325,0.0344113495,0.23219139475,0.0,1182.0
0.7632237033143368,0.28239665150000004,0.035007475499999996,0.2021793425,0.0,1182.0
0.7656556357973966,0.1099407785,0.0394011365,0.1768374915,0.0,1182.0
0.7403989506954569,0.002948768,0.0578447715,0.205751962,0.0,1182.0
0.6472076215930274,0.0,0.0744517425,0.22470685899999998,0.0,1182.0
0.6276411636235685,0.0,0.07832349425,0.24581585174999998,0.0,1182.0
0.7331742513591613,0.11463909500000001,0.093350971,0.309590722,0.0,1182.0
0.7595476499871425,0.44083418100000005,0.059150430000000004,0.3259769595,0.0,1182.0
0.7643877372183262,0.7371213093333333,0.080902992,0.33712141933333334,0.0,1182.0
0.7755307583622744,0.616812569,0.10555067250000001,0.27946121150000003,0.0,1182.0
0.7696939747418083,0.23221040133333334,0.15836381400000002,0.3371797383333333,0.0,1182.0
0.7405208417941287,0.0036895915,0.297759761,0.4235389945,0.0,1182.0
0.646444974136909,0.0,0.3258220415,0.449590011,0.0,1182.0
0.6450493588218839,0.0053945196,0.273305091,0.4413984872,0.0,1182.0
0.7553180283317744,0.2186998765,0.2339423105,0.297512346,0.0,1182.0
0.7568150391011715,0.366580063,0.22277998766666665,0.22284721933333332,0.0,1182.0
0.7609937338642259,0.29943932300000003,0.14791209533333335,0.13266496233333333,0.0,1182.0
0.7623997114341666,0.13095734475,0.14100621825,0.16242798925000002,0.0,1182.0
0.7596996325395052,0.016949222,0.102731994,0.16626471399999998,0.0,1182.0
0.6882947906573847,0.0,0.07656146533333334,0.13999831533333332,0.0,1182.0
0.6238840567595263,0.0,0.045698495000000006,0.13106615,0.0,1182.0
0.6524772618012249,0.00200117475,0.0379197345,0.18551591850000002,0.0,1182.0
0.7554308824593605,0.0754930895,0.032300655,0.236220736,0.0,1182.0
0.7585231822180181,0.1655065175,0.0290579245,0.242080456,0.0,1182.0
0.7611066508288822,0.31046426299999996,0.041664958,0.20441333150000002,0.0,1182.0
0.7661858612481699,0.38105790999999994,0.05225225825,0.26209233174999996,0.0,1182.0
0.765124060443792,0.1857519005,0.058085265,0.289865502,0.0,1182.0
0.7639977934947249,0.036313133,0.0934583715,0.3000777585,0.0,1182.0
0.6857740785643878,0.0,0.10418335699999999,0.286785795,0.0,1182.0
0.595921925726837,0.0,0.075741286,0.27305847533333333,0.0,1330.6666666666667
0.5941715990739547,0.0019854485,0.060020510750000006,0.2122747025,0.0,1628.0
0.6448805278690545,0.09519651,0.0447684155,0.186107122,0.0,1628.0
0.6842989832392445,0.1707818865,0.039152139,0.159684716,0.0,1628.0
0.6873317803565138,0.24725337999999997,0.030692581,0.1253681245,0.0,1628.0
0.6909967079271272,0.23683917825,0.024404276250000002,0.0820810445,0.0,1628.0
0.6994539177865047,0.14074641933333334,0.0321523,0.11305446166666666,0.0,1628.0
0.6958787870464929,0.0010642855,0.050266568,0.1483008815,0.0,1628.0
0.6191757629989842,0.0,0.042870328400000005,0.11024812080000002,0.0,1628.0
0.593912665389662,0.00226205,0.02918930275,0.140606,0.0,1628.0
0.6449769283755382,0.086609786,0.0215160555,0.108218498,0.0,1628.0
0.6841141862934822,0.2262237685,0.0141504895,0.061128908499999995,0.0,1628.0
0.6875489690304073,0.356386408,0.0202013685,0.045912885,0.0,1628.0
0.6957840178028563,0.4211795955,0.027129864,0.077575594,0.0,1628.0
0.7016673157569286,0.24869197199999998,0.0316982775,0.133968154,0.0,1628.0
0.6969909159673877,0.030243086,0.05464743466666667,0.21096919166666664,0.0,1628.0
0.6372468768392681,0.0,0.07266769320000002,0.3085192504,0.0,1628.0
0.6521590724940068,0.00250553025,0.11317605975,0.40634325099999996,0.0,1628.0
0.7656057103383245,0.1840187465,0.1151841765,0.4397777275,0.0,1628.0
0.7616222414947442,0.43620419250000003,0.0954319985,0.40144722450000003,0.0,1628.0
0.7679730941444237,0.61330846225,0.118641251,0.389537698,0.0,1628.0
0.7686529508114868,0.41648354933333326,0.13229593766666667,0.37718334133333337,0.0,1628.0
0.7658305976474951,0.1420537155,0.1592738595,0.37601293049999995,0.0,1628.0
0.7094957789860854,0.00035235825,0.2091166235,0.40522521325000005,0.0,1628.0
0.6202135507889283,0.0,0.194006488,0.45371057,0.0,1628.0
0.6519728792210107,0.00217267125,0.14528320025,0.37310147225,0.0,1628.0
0.7637598087726106,0.18778187300000002,0.08423736833333334,0.297677851,0.0,1628.0
0.7593052995996572,0.409019996,0.07289567799999999,0.215118229,0.0,1628.0
0.7629865966022038,0.40700319700000004,0.0488284872,0.09130288680000001,0.0,1628.0
0.7640304746068428,0.12535143099999999,0.050795928,0.10545465866666666,0.0,1628.0
0.7101183558600926,0.0,0.07293597774999999,0.22313747300000003,0.0,1628.0
0.6189749629582818,0.0,0.06950276799999999,0.234822637,0.0,1628.0
0.7122295286506687,0.019503542333333335,0.07766255733333334,0.2664811383333333,0.0,1628.0
0.7638229488779662,0.11883395399999999,0.072511674,0.311355468,0.0,1628.0
0.7593244217641985,0.19674139,0.05953896333333333,0.28202245000000004,0.0,1628.0
0.7617701749638572,0.22299271975,0.0510254915,0.27674251375,0.0,1628.0
0.762481246127904,0.095670828,0.05954946333333333,0.30049876633333333,0.0,1628.0
0.7088097920053149,0.0,0.07016921500000001,0.22106856474999997,0.0,1628.0
0.6201532115287435,0.0,0.05012842666666667,0.14120594066666667,0.0,1628.0
0.6519682434864967,0.0004136645,0.042805234,0.12152883699999999,0.0,1628.0
0.7652813478829417,0.0438983835,0.0367334405,0.14104866900000002,0.0,1628.0
0.7598937478163689,0.1514341685,0.0300366495,0.12161601,0.0,1628.0
0.7619600887541291,0.2766310655,0.021861989749999998,0.08565749775,0.0,1628.0
0.7638282068714173,0.2462703795,0.0250421295,0.0848593005,0.0,1628.0
0.7640635392022416,0.11978908433333334,0.03394896533333333,0.13181242466666668,0.0,1628.0
0.7450893318894279,0.0,0.056105961999999995,0.1652894145,0.0,1628.0
0.6490233613077322,0.0,0.056845310999999996,0.14800317624999998,0.0,1628.0
0.6259989655786514,0.0,0.0577003975,0.18575634675,0.0,1628.0
0.7409497729498764,0.0349944415,0.075375966,0.2564400415,0.0,1628.0
0.7638843288159043,0.1401382765,0.0772488385,0.2664786725,0.0,1628.0
0.7615571763658435,0.23069896099999998,0.074102537,0.2796284465,0.0,1628.0
0.767822214523323,0.28646487325000003,0.04453907925,0.1768836345,0.0,1628.0
0.7675173025900407,0.213149001,0.063133152,0.28201108166666666,0.0,1628.0
0.7637556541272514,0.028831575,0.136736705,0.4225677935,0.0,1628.0
0.689994554247716,0.0,0.17946380966666667,0.4358799566666667,0.0,1628.0
0.600409209850684,0.0,0.2017593565,0.40622564650000004,0.0,1628.0
0.5925181297436779,0.0006415466,0.1960892402,0.3522056108,0.0,1628.0
0.6450563112903991,0.135191859,0.19411866649999998,0.4187239785,0.0,1628.0
0.6855463903683634,0.3973557535,0.17616680350000002,0.3870173765,0.0,1628.0
0.7016812815302468,0.5479600215,0.166429513,0.398045333,0.0,1628.0
0.7155038785518821,0.5261396352500001,0.14662929075,0.421896043,0.0,1628.0
0.71216178768381,0.24308430450000001,0.148033735,0.4174909705,0.0,1628.0
0.7045502195762636,0.0293878315,0.23821736450000003,0.484052099,0.0,1628.0
0.6432480357286605,0.0,0.24078966140000002,0.4202459116,0.0,1628.0
0.5992535947594048,0.015495182333333335,0.21262607033333336,0.33032349266666666,0.0,1628.0
0.670129748802397,0.172024241,0.2274023125,0.2864707795,0.0,1628.0
0.6874100134467767,0.25404139049999996,0.21916096000000002,0.272738456,0.0,1628.0
0.6921087391535722,0.34969934075,0.15032904825,0.19027797375,0.0,1628.0
0.6977913026800979,0.2653039165,0.1360154005,0.1555123225,0.0,1628.0
0.7019315656449334,0.087973706,0.18994319850000002,0.232129767,0.0,1628.0
0.6965087108557573,0.0,0.2439504485,0.33838581850000005,0.0,1628.0
0.6433955466888164,0.0,0.2353959625,0.37934732125,0.0,1628.0
0.6445333833180448,0.00041806300000000004,0.1886453836,0.3378688458,0.0,1628.0
0.763725429704901,0.14230637266666665,0.17670371866666668,0.39939662800000003,0.0,1628.0
0.7593265419682287,0.2875502475,0.208934825,0.481621177,0.0,1628.0
0.7617587442442816,0.33790195525,0.221729388,0.5008391605,0.0,1628.0
0.7615765645719108,0.2673489215,0.2671245925,0.606933296,0.0,1628.0
0.7627536019979643,0.089043341,0.33770033850000003,0.717451836,0.0,1628.0
0.7308204110779416,0.0,0.44630802166666667,0.834105503,0.0,1628.0
0.6267714008306887,0.0,0.47444818075,0.811001683,0.0,1628.0
0.6297353346099447,0.0,0.444736996,0.6628866479999999,0.0,1628.0
0.7407350024090076,0.015259207,0.44472457750000005,0.5841627789999999,0.0,1628.0
0.7637877876294126,0.0764491835,0.49498055350000003,0.612575103,0.0,1628.0
0.7592764286231903,0.1151173495,0.5056715515,0.690483724,0.0,1628.0
0.7588505255264573,0.142656836,0.4367291975,0.5359086245,0.0,1628.0
0.759973424283513,0.1506293495,0.49500786100000005,0.73309560925,0.0,1628.0
0.7593405080541691,0.017173945,0.45241739950000004,0.7956250215,0.0,1628.0
0.7415979579620339,0.0,0.4425974995,0.788959512,0.0,1628.0
0.6486141819377165,0.0,0.42113737275,0.6893519997499999,0.0,1628.0
0.6260640774914703,0.0,0.362717926,0.556932694,0.0,1628.0
0.7411782279040475,0.0105714985,0.3295924295,0.5249265000000001,0.0,1628.0
0.7636130136652801,0.110087938,0.3376936855,0.5377208815000001,0.0,1628.0
0.7598035209738764,0.2504372445,0.383948508,0.556063105,0.0,1628.0
0.7595119019466448,0.32989367125,0.44400064149999996,0.65509285725,0.0,1628.0
0.7599217503282536,0.21999022349999997,0.587002068,0.75363599,0.0,1628.0
0.7590186568932384,0.0621936325,0.5957565955,0.7887625995,0.0,1628.0
0.7301456474439942,0.0,0.6090326103333333,0.7978220236666665,0.0,1628.0
0.6272369134309321,0.0,0.6030048667500001,0.8411581297499999,0.0,1628.0
0.6519664361391729,0.0,0.64814285025,0.88777478575,0.0,1628.0
0.7667670916426093,0.111394265,0.6713693629999999,0.8978983334999999,0.0,1628.0
0.7609815672318978,0.29659007800000003,0.695186179,0.8608004499999999,0.0,1628.0
0.7598134023376317,0.4126135945,0.5962038515,0.7414023805000001,0.0,1628.0
0.759979010842938,0.388365968,0.5666804475,0.7013629107499999,0.0,1628.0
0.7593921001024015,0.225416037,0.4650932695,0.725114408,0.0,1628.0
0.759753548308846,0.008975526,0.385707535,0.7318836325,0.0,1628.0
0.682594032360192,0.0,0.3320944635,0.6845477094999999,0.0,1628.0
0.6174332753487647,0.0,0.27935062275,0.6232048904999999,0.0,1628.0
0.7292702240471118,0.06645778975,0.29663440175,0.7522195645,0.0,1628.0
0.7622327536512735,0.3476780275,0.31430308900000004,0.8572679974999999,0.0,1628.0
0.7598994047157979,0.34944322975,0.28297550850000003,0.8153167865,0.0,1628.0
0.7595783519920678,0.17801447925,0.3479066865,0.84307508975,0.0,1628.0
0.757062717405282,0.004517986,0.352733872,0.7790286795,0.0,1628.0
0.6686152397013174,0.0,0.32109517025,0.6980227437500002,0.0,1628.0
0.590354325277527,0.0,0.262726394,0.6900997074999999,0.0,1628.0
0.5941376817492932,0.0,0.28601095825,0.77389097475,0.0,1628.0
0.657478423098017,0.04560173766666667,0.44663166499999996,0.8988088366666668,0.0,1628.0
0.6855109236878815,0.094580997,0.5358679765000001,0.9196419325,0.0,1628.0
0.6858239649456799,0.117062184,0.5216620313333333,0.8365824363333333,0.0,1628.0
0.6911787898008406,0.10679205933333334,0.578231362,0.7905517746666666,0.0,1628.0
0.6994851512492375,0.0316194895,0.46274639549999996,0.716060277,0.0,1628.0
0.697853441352212,0.0,0.3523434143333333,0.64095213,0.0,1628.0
0.6088396413956056,0.0,0.278624425,0.61809314225,0.0,1628.0
0.6075533291321448,0.0,0.29376382424999997,0.67095578,0.0,1628.0
0.672180789643016,0.22589413066666666,0.32245125933333335,0.6795850703333333,0.0,1628.0
0.6873461456610543,0.4820747595,0.3894721385,0.685617923,0.0,1628.0
0.6876469654734253,0.49972304674999996,0.36638572950000003,0.72495657375,0.0,1628.0
0.6929900853350985,0.277887122,0.3928691325,0.7038967395,0.0,1628.0
0.7053605896717867,0.046826947333333334,0.3464277486666667,0.7336390363333333,0.0,1628.0
0.6716256681033475,0.0,0.35942227675,0.7012101015000001,0.0,1628.0
0.6232264907459292,0.0,0.30336864,0.5236301823333334,0.0,1628.0
0.6919416992291856,0.0095147505,0.2887221755,0.5258492455,0.0,1628.0
0.7714870012576174,0.072945966,0.271960807,0.5757294825,0.0,1628.0
0.768890481918731,0.0962231385,0.25055167899999997,0.535884869,0.0,1628.0
0.7614541570212989,0.13663023150000003,0.2070073135,0.49920445850000006,0.0,1628.0
0.7594505926613329,0.1617915695,0.2054474515,0.5414818235000001,0.0,1628.0
0.7602463475629384,0.036024244,0.214322069,0.6033075155000001,0.0,1628.0
0.7111245508593015,0.0,0.31680440374999996,0.67428747725,0.0,1628.0
0.6196946115012071,0.0,0.369161754,0.7022422496666666,0.0,1628.0
0.65302092510014,0.0,0.3723737215,0.59781456125,0.0,1628.0
0.7695836395158157,0.18569788333333334,0.34710631799999997,0.593389098,0.0,1628.0
0.7603089479781007,0.3704838865,0.3713765355,0.644917095,0.0,1628.0
0.7599686242816431,0.35467950724999997,0.32238667224999995,0.680519435,0.0,1628.0
0.7590368555716834,0.09077747000000001,0.26938574433333334,0.681688988,0.0,1628.0
0.7550541773497477,0.0006889155,0.273251326,0.6267915495,0.0,1628.0
0.6770245697765107,0.0,0.21684618549999998,0.5424828859999999,0.0,1628.0
0.6167486848671705,0.0,0.1874453305,0.5620083730000001,0.0,1628.0
0.7259713929067153,0.0429293715,0.26595956249999997,0.7234450570000001,0.0,1628.0
0.7605329902693572,0.191101238,0.34169748099999997,0.784109273,0.0,1628.0
0.7623063627459876,0.2164241655,0.36755842299999997,0.772978049,0.0,1628.0
0.7635768426468921,0.164018934,0.35553747550000003,0.68915212875,0.0,1628.0
0.7622710132988457,0.0884264,0.3778048765,0.6474721685,0.0,1628.0
0.7596334175860066,0.0011330715,0.3741731095,0.601182375,0.0,1628.0
0.693889470132483,0.0,0.3590100913333334,0.5771978866666667,0.0,1628.0
0.618713379325321,0.0,0.36946197025,0.698193317,0.0,1628.0
0.6889715258018042,0.0054386395,0.46030954700000004,0.8907415667499999,0.0,1628.0
0.7639851891912609,0.101321771,0.6373975025,0.930172918,0.0,1628.0
0.7606512902763605,0.2616031645,0.759896503,0.933779539,0.0,1628.0
0.7627224214309144,0.3920528022,0.8000848817999999,0.9293147482,0.0,1628.0
0.7607171060112589,0.1640351125,0.8553917685,0.9308068780000001,0.0,1628.0
0.748729676149697,0.0006837203333333333,0.8106919753333334,0.932394575,0.0,1628.0
0.6753320354712673,0.0,0.7598347415,0.9344861870000001,0.0,1628.0
0.622946545366595,0.0,0.7164561445,0.9252443635,0.0,1628.0
0.6257551362378742,0.0,0.64958703425,0.87325900125,0.0,1628.0
0.7422310742696112,0.0225561935,0.590800969,0.8470361630000001,0.0,1628.0
0.7695726311488857,0.201442305,0.6078444695,0.8794838549999999,0.0,1628.0
0.7609898063910274,0.21858106249999998,0.69405662,0.915562611,0.0,1628.0
0.7612112900255624,0.22022856799999999,0.62481581675,0.9086299555,0.0,1628.0
0.763919529142238,0.08392946433333333,0.5957216286666668,0.9110149146666666,0.0,1628.0
0.7652992101798566,0.0006501835,0.703144548,0.9289611815000001,0.0,1628.0
0.6762500219953194,0.0,0.751883722,0.9364833745,0.0,1628.0
0.5978820274047695,0.0,0.7420800465,0.9341062499999999,0.0,1628.0
0.5948183875713048,0.0,0.78254570675,0.9364916379999999,0.0,1628.0
0.6578239025604531,0.038098727,0.8276313216666665,0.9341951233333333,0.0,1628.0
0.6880875621280509,0.1597994085,0.8029824720000001,0.9328469399999999,0.0,1628.0
0.6877722366437536,0.30974465949999996,0.806984789,0.93676034325,0.0,1628.0
0.699514585466773,0.21178300933333336,0.8401460806666666,0.934820127,0.0,1628.0
0.7063142499625028,0.0005764895,0.8067358315,0.936811611,0.0,1628.0
0.6566153889152871,0.0,0.73480066575,0.93619007375,0.0,1628.0
0.5962238409258531,0.0,0.6306567456666666,0.9096493331666666,0.0,1628.0
0.6726615007329624,0.14020805366666667,0.5526231193333333,0.8302504246666667,0.0,1628.0
0.7026662457279069,0.41237077450000004,0.4622975635,0.8034814845,0.0,1628.0
0.6924222222508029,0.5268642456666667,0.41715889300000003,0.75842362,0.0,1628.0
0.6941139585356756,0.4227100455,0.498059027,0.752468262,0.0,1628.0
0.7082900934832221,0.1759447385,0.466276598,0.761498682,0.0,1628.0
0.717955386501731,0.0,0.41841857299999996,0.7372805769999999,0.0,1628.0
0.6791629937435218,0.0,0.39198912799999996,0.701198922,0.0,1628.0
0.6407765645666588,0.0,0.35038029099999995,0.7247436125,0.0,1628.0
0.7481361657452639,0.062542169,0.31643028900000003,0.7469331797500001,0.0,1628.0
0.7779005477965089,0.409796861,0.273532871,0.7883999575,0.0,1628.0
0.774188746428817,0.584064362,0.2697874425,0.8125596315,0.0,1628.0
0.7736626285216524,0.523048471,0.312540632,0.8465770475000001,0.0,1628.0
0.7782729108958334,0.1757784765,0.342874954,0.8801885545,0.0,1628.0
0.7752556758010386,0.0,0.3682463335,0.9040447875,0.0,1628.0
0.7016428105500405,0.0,0.39843168824999997,0.91180386275,0.0,1628.0
0.6408544336083233,0.0,0.416470935,0.9010008105,0.0,1628.0
0.6813319199498468,0.0,0.4387622525,0.88727267,0.0,1628.0
0.7805309534062476,0.242643362,0.36322582333333336,0.8343071670000001,0.0,1628.0
0.7786196424103398,0.604570339,0.3648627735,0.758168857,0.0,1628.0
0.7723314140914239,0.5427782440000001,0.4583387295,0.85977390025,0.0,1628.0
0.7741295964253153,0.196597854,0.4822526073333333,0.9187726276666667,0.0,1628.0
0.7730341015085551,0.0,0.531533821,0.9227048635,0.0,1628.0
0.6934563138871644,0.0,0.567713896,0.9263664410000001,0.0,1628.0
0.6238315768328706,0.0,0.50359501775,0.92208266125,0.0,1628.0
0.6881532843888996,0.0,0.5405764415000001,0.9315971285,0.0,1628.0
0.7726950377839313,0.016128939,0.645939106,0.9192722363333333,0.0,1628.0
0.7758961384186287,0.035263247,0.7392946405,0.887068497,0.0,1628.0
0.7744050430351492,0.02188799575,0.6824393455000001,0.9348454134999999,0.0,1628.0
0.7723196545453557,0.08757907233333333,0.6687462786666667,0.9266927596666666,0.0,1628.0
0.7685146680951236,0.0,0.680841938,0.894196202,0.0,1628.0
0.6844271766459592,0.0,0.66023359825,0.880768536,0.0,1628.0
0.6172197838705278,0.0,0.720322143,0.9151034419999999,0.0,1628.0
0.6891419806708583,0.0,0.771456827,0.9250109375,0.0,1628.0
0.7746775473486697,0.12657679266666666,0.808293794,0.9040313746666667,0.0,1628.0
0.7747837434562077,0.352656342,0.863319409,0.9334575304999999,0.0,1628.0
0.7708861008281616,0.34979730475,0.76166561825,0.88244992425,0.0,1628.0
0.774859722852744,0.24212307,0.6359017675,0.6757105345000001,0.0,1628.0
0.7757722052714866,0.025093902,0.44941875600000003,0.489716862,0.0,1628.0
0.7295416567436982,0.0,0.25155062225,0.249081165,0.0,1628.0
0.6413982612527499,0.0,0.16972330975000002,0.2690936645,0.0,1628.0
0.712087333883804,0.00151122,0.2115134335,0.4902368935,0.0,1628.0
0.7818982878453354,0.195733722,0.22924863550000002,0.512673843,0.0,1628.0
0.7772844024998408,0.4631386786666667,0.2862805173333333,0.4550979846666667,0.0,1628.0
0.7758183047032772,0.46097656224999994,0.32484216,0.48401437324999996,0.0,1628.0
0.780506667451757,0.1541001965,0.3251621055,0.5424828745,0.0,1628.0
0.7795584838858527,0.0,0.305443291,0.5055727915,0.0,1628.0
0.7501418428063262,0.0,0.23637777999999998,0.3951626795,0.0,1628.0
0.6451567605675104,0.0,0.17220763575,0.23977379299999999,0.0,1628.0
0.6423183599308094,0.0,0.14316712275000001,0.24783368125,0.0,1628.0
0.70290495844301,0.16570294866666666,0.148558055,0.43648577400000005,0.0,1628.0
0.7251390329107418,0.37889653300000004,0.19253884999999998,0.6884126905,0.0,1628.0
0.7123943386145669,0.40626318824999996,0.30846328075,0.84031596025,0.0,1628.0
0.7218102744433301,0.171684632,0.473542853,0.9154856474999999,0.0,1628.0
0.7334523028938083,0.0043927125,0.602005561,0.928153868,0.0,1628.0
0.6944141445064554,0.0,0.63516140125,0.92779574125,0.0,1628.0
0.6074013231174831,0.0,0.598587656,0.9217280219999999,0.0,1628.0
0.6038319823080839,0.00026474816666666667,0.5570754573333333,0.9199414431666667,0.0,1628.0
0.6858948353653662,0.074246668,0.475735963,0.9098985635,0.0,1628.0
0.7067777324408143,0.179899958,0.47912855499999996,0.886274925,0.0,1628.0
0.7021008786195738,0.3345835936666666,0.38836128233333334,0.8233238549999999,0.0,1628.0
0.7038361006580012,0.3098114875,0.4266469625,0.839413244,0.0,1628.0
0.7140044972722481,0.1178642935,0.4563049515,0.8472107824999999,0.0,1628.0
0.7146456639151222,0.0,0.448055645,0.8400599209999999,0.0,1628.0
0.68208895736861,0.0,0.402075631,0.8098286497499999,0.0,1628.0
0.6493364220627376,0.0,0.32024063599999997,0.664813833,0.0,1722.5
0.7031070423044549,0.0,0.27837481325,0.5027693725,0.0,1817.0
0.7979386329758614,0.071486339,0.2766015645,0.4249307595,0.0,1817.0
0.7921708539413471,0.22527857299999998,0.250215733,0.3605102355,0.0,1817.0
0.7831933201590863,0.2956961925,0.203898841,0.270261659,0.0,1817.0
0.7796869122281807,0.3047543985,0.11929258075000002,0.2035223155,0.0,1817.0
0.79187059716163,0.0846314685,0.119586322,0.260775192,0.0,1817.0
0.7946860417909521,0.0,0.11691662750000001,0.2154685875,0.0,1817.0
0.7377694059431591,0.0,0.08799392,0.16326568166666666,0.0,1817.0
0.6621148104712947,0.0,0.0797054345,0.1455947085,0.0,1817.0
0.680178284174175,0.0,0.07358061725000001,0.10219647450000001,0.0,1817.0
0.7987710279855258,0.07411641799999999,0.07772400375,0.11887772575000001,0.0,1817.0
0.7958046804447463,0.336603584,0.065781753,0.10237368699999999,0.0,1817.0
0.7909151845190527,0.43753270725,0.0764491555,0.090525223,0.0,1817.0
0.797970523987372,0.13966344933333333,0.095357637,0.07328126233333333,0.0,1817.0
0.7851454334634499,0.0,0.08898090325,0.12684866749999998,0.0,1817.0
0.6814715207857804,0.0,0.0897725045,0.2371714145,0.0,1817.0
0.6665478426005822,0.0,0.12055865875,0.389768608,0.0,1817.0
0.7602720260410925,0.0,0.162204087,0.5604840325,0.0,1817.0
0.8025756775852946,0.05895323066666667,0.16340633033333332,0.6066651740000001,0.0,1817.0
0.8009163644991919,0.21632750950000001,0.142082601,0.57287714,0.0,1817.0
0.7985331606009594,0.2518028545,0.15536314525,0.61727661925,0.0,1817.0
0.802367557248918,0.1438958305,0.200895001,0.73538022,0.0,1817.0
0.8023113806997464,0.002361542,0.2550974596666667,0.7775916923333334,0.0,1817.0
0.7288419853496253,0.0,0.24813640325000003,0.6217632255000001,0.0,1817.0
0.6705556520554412,0.0,0.24686628424999998,0.49574936550000004,0.0,1817.0
0.7862681091645374,0.03622117575,0.208360392,0.366394206,0.0,1817.0
0.8135525351110462,0.26189567,0.1746965485,0.2851305405,0.0,1817.0
0.8064611110122843,0.3998218435,0.175989261,0.24871135500000002,0.0,1817.0
0.8027398890860185,0.3334781023333333,0.18915727133333335,0.25952696066666664,0.0,1817.0
0.8087250837581726,0.11742283400000002,0.22647545,0.322660252,0.0,1817.0
0.8125127160268368,0.0,0.2127279435,0.381087427,0.0,1817.0
0.7407237709861099,0.0,0.227038005,0.5813551692500001,0.0,1817.0
0.6754740424042694,0.0,0.37852035475,0.8374986847499999,0.0,1817.0
0.781226078751917,0.0027049745,0.60895752125,0.9269764775,0.0,1817.0
0.7966193067878566,0.0139594545,0.769610731,0.9347344635,0.0,1817.0
0.7890704563288125,0.0524886375,0.734615369,0.923787883,0.0,1817.0
0.7818513552752759,0.24551826875,0.648529296,0.84966827375,0.0,1817.0
0.7924276396607547,0.1079210315,0.654672772,0.7816521245000001,0.0,1817.0
0.7965454163331267,0.0,0.666522344,0.8580522115,0.0,1817.0
0.7374283234083182,0.0,0.639253937,0.8821197686666666,0.0,1817.0
0.647907867852506,0.0,0.59936130625,0.9042010645,0.0,1817.0
0.6540713535931973,0.0,0.565605363,0.9138976686666668,0.0,1817.0
0.7220287381991324,0.116067967,0.5329838053333332,0.912068203,0.0,1817.0
0.7427122308462493,0.3520504585,0.5476407425,0.8686500085,0.0,1817.0
0.7363155685134918,0.4545288396666667,0.455671841,0.7240654536666667,0.0,1817.0
0.7422763988671803,0.30653397849999997,0.495727762,0.6744893505,0.0,1817.0
0.7553753241727719,0.056488861,0.4568127125,0.602614598,0.0,1817.0
0.7431964861345282,0.0,0.33000844124999995,0.40237972125,0.0,1817.0
0.6588295108719252,0.0,0.204106933,0.24299827674999996,0.0,1817.0
0.658976834102426,0.0,0.1127976475,0.1504386785,0.0,1817.0
0.7311095887338953,0.078002632,0.06494624466666667,0.17495315366666667,0.0,1817.0
0.7555464598392776,0.290513474,0.038802344,0.191805921,0.0,1817.0
0.7488123648363287,0.44177714925,0.0449383515,0.31317259025,0.0,1817.0
0.7601528344354613,0.293655577,0.1135608265,0.341183165,0.0,1817.0
0.7741035268567392,0.0015555136666666667,0.15071235933333332,0.29536781500000003,0.0,1817.0
0.7193159180203623,0.0,0.140840277,0.167690658,0.0,1817.0
0.6864485095161683,0.0,0.18838586925,0.38167103575,0.0,1817.0
0.7971327616185764,0.01977407175,0.32760193550000005,0.75822846925,0.0,1817.0
0.8107146038766382,0.1806924615,0.43084895,0.8765383845,0.0,1817.0
0.7977241205046517,0.1551672055,0.585713552,0.922419191,0.0,1817.0
0.7977706658399635,0.022048386333333333,0.7759107153333332,0.9316683960000001,0.0,1817.0
0.7951242678311334,0.0,0.7672081675,0.8883154795,0.0,1817.0
0.7444418040092186,0.0,0.62785733375,0.8232052855,0.0,1817.0
0.6443929514384111,0.0,0.4641284265,0.7989202805,0.0,1817.0
0.7068666606505225,0.0,0.4359367463333333,0.8790710446666666,0.0,1817.0
0.7872685652009793,0.028149892000000003,0.50563720825,0.92384262175,0.0,1817.0
0.7822301692824148,0.06529283633333334,0.5597587453333334,0.9256073683333333,0.0,1817.0
0.7806742120265943,0.029727327249999994,0.6260334252499999,0.93194662525,0.0,1817.0
0.7780457470715127,0.0,0.644798258,0.9255010765,0.0,1817.0
0.7313384075803535,0.0,0.62538203475,0.86417214775,0.0,1817.0
0.6476274335111473,0.0,0.5550720435000001,0.835163977,0.0,1817.0
0.6581733100692284,0.0,0.53470884075,0.83685843025,0.0,1817.0
0.774890330758375,0.0,0.558608263,0.8949107224999999,0.0,1817.0
0.7818230359207512,0.1106727075,0.5418485035,0.8726494005000001,0.0,1817.0
0.7704116923588804,0.39642364350000003,0.4722675835,0.791918904,0.0,1817.0
0.765480955307314,0.5919503725,0.3621725365,0.58055653375,0.0,1817.0
0.7726865249761345,0.2797371105,0.35080736749999997,0.480952494,0.0,1817.0
0.7921579909950834,0.0005194413333333333,0.329435898,0.41017906433333334,0.0,1817.0
0.7228048861633102,0.0,0.2727165335,0.35977647225,0.0,1817.0
0.6999943572310964,0.0,0.20389545,0.4238306995,0.0,1817.0
0.8023724395746442,0.062476779,0.173069888,0.403435273,0.0,1817.0
0.7909784652002088,0.1967311175,0.1438160965,0.3625861285,0.0,1817.0
0.7777509947878827,0.18007992325000002,0.116010892,0.39723818425,0.0,1817.0
0.7802835639650867,0.047562627,0.1983931695,0.5592412485,0.0,1817.0
0.7821651668863769,0.0,0.25387100900000004,0.6352202725,0.0,1817.0
0.7386640021493854,0.0,0.26385197450000003,0.7114537857500001,0.0,1817.0
0.6448722186825431,0.0,0.24390647866666668,0.74036183,0.0,1817.0
0.690096443254449,0.0,0.259645344,0.77295877975,0.0,1817.0
0.7902329411896036,0.010328518,0.2497687355,0.7895504125,0.0,1817.0
0.7878239883169018,0.1370693445,0.238074322,0.7791160075,0.0,1817.0
0.7778305304187076,0.37013630950000004,0.15756828925,0.7150202935000001,0.0,1817.0
0.7756209266402005,0.25831543566666665,0.23624857166666668,0.7310257,0.0,1817.0
0.7834846099950994,0.0,0.33383756350000005,0.7243839155,0.0,1817.0
0.73569171619285,0.0,0.3663911405,0.79093975175,0.0,1817.0
0.6308408129824629,0.0,0.313620908,0.7748320785,0.0,1817.0
0.6224611401911937,0.0,0.330073206,0.80291658875,0.0,1817.0
0.6905731402748364,0.0290098025,0.33655378675000003,0.8157797354999999,0.0,1817.0
0.7188269094672386,0.133892647,0.3487321205,0.8889450815,0.0,1817.0
0.7081318438970258,0.21006851966666665,0.3434519683333333,0.8865978736666668,0.0,1817.0
0.7110780054718859,0.16769117500000003,0.47522448100000003,0.9033886765000001,0.0,1817.0
0.7210338843011239,0.0283482015,0.5386694085,0.920162625,0.0,1817.0
0.7266068443461127,0.0,0.571746659,0.9227577014999999,0.0,1817.0
0.67518837382875,0.0,0.58400359725,0.9292494725,0.0,1817.0
0.6204384834658384,0.0,0.6070586106,0.9283268682000001,0.0,1817.0
0.6621370388504104,0.0,0.640775222,0.9257391335,0.0,1817.0
0.7104339826080216,0.25196522066666666,0.6479992586666667,0.9248428463333335,0.0,1817.0
0.705548175572654,0.61596400275,0.5918559972499999,0.9150446544999999,0.0,1817.0
0.7098913677294707,0.440964696,0.6905939569999999,0.91629222,0.0,1817.0
0.7175700902203462,0.0619402425,0.751269637,0.9177942575,0.0,1817.0
0.7192043076603571,0.0,0.7628226235,0.9286188162500001,0.0,1817.0
0.6508373991225945,0.0,0.7589822935,0.93101759175,0.0,1817.0
0.6901053861262403,0.0,0.77017211975,0.9289394035,0.0,1817.0
0.7864629441499008,0.10391825733333332,0.7360609983333334,0.9276151096666667,0.0,1817.0
0.769500360077358,0.4304452875,0.5677409135,0.8992043540000001,0.0,1817.0
0.7635988206155938,0.48498321533333333,0.398055604,0.6563344346666667,0.0,1817.0
0.7652399350232515,0.20072557000000002,0.34602160600000004,0.505081253,0.0,1817.0
0.7758503677091233,0.0,0.336421689,0.500870179,0.0,1817.0
0.736416397366106,0.0,0.3428022615,0.490986164,0.0,1817.0
0.6453574675885073,0.0,0.34917318766666666,0.4553259703333334,0.0,1817.0
0.6910607167054797,0.0,0.296022073,0.41269735874999997,0.0,1817.0
0.7914911925589765,0.0078963475,0.27489801999999997,0.4640888615,0.0,1817.0
0.7859372683947907,0.1246375275,0.296175132,0.393655164,0.0,1817.0
0.779277240009204,0.2864816545,0.19138050450000002,0.262245171,0.0,1817.0
0.7804345452926227,0.14985927766666665,0.140166026,0.198093076,0.0,1817.0
0.7893923074897429,0.0,0.1435839555,0.185380116,0.0,1817.0
0.7466877192256032,0.0,0.11488037424999999,0.133540811,0.0,1817.0
0.6480083760589095,0.0,0.09642162800000001,0.2019707215,0.0,1817.0
0.7086207859137161,0.0,0.14705949766666668,0.40161507366666666,0.0,1817.0
0.7909210757288505,0.0121575735,0.212227411,0.66556054575,0.0,1817.0
0.7824682400798523,0.047705984,0.28422906400000003,0.7425395046666666,0.0,1817.0
0.7793973238387075,0.070220705,0.37610499325,0.769740661,0.0,1817.0
0.783505641343659,0.0,0.44079672950000004,0.796755259,0.0,1817.0
0.7361111528548642,0.0,0.43597301,0.82893324475,0.0,1817.0
0.6474254082663724,0.0,0.36130872449999996,0.7177583175,0.0,1817.0
0.6438108836853024,0.0,0.3400398283333333,0.5726244566666666,0.0,1817.0
0.7342760134139625,0.0,0.29210788600000004,0.469517176,0.0,1817.0
0.784499853636624,0.006909082333333334,0.261444678,0.45965117299999997,0.0,1817.0
0.7792223855915881,0.0376864175,0.2606256055,0.528444744,0.0,1817.0
0.7780936618485459,0.124098533,0.21218236033333335,0.563763248,0.0,1817.0
0.7841182581773141,0.12787385733333334,0.29934403299999995,0.7132955746666667,0.0,1817.0
0.7919093732611424,0.0,0.4169495835,0.72989386,0.0,1817.0
0.7541767391025298,0.0,0.4750898105,0.7489023095,0.0,1817.0
0.665689127351409,0.0,0.502203864,0.7634874563333334,0.0,1817.0
0.7164278384272252,0.0,0.5320477545,0.75527387575,0.0,1817.0
0.8048285717284567,0.0053403775,0.543452323,0.751680915,0.0,1817.0
0.8017142317892718,0.34982055850000005,0.48629158100000003,0.7127375585,0.0,1817.0
0.7937160762704905,0.5805447125000001,0.4781172225,0.642348532,0.0,1817.0
0.7918405060205613,0.43379421525000006,0.39288519825,0.49129140625,0.0,1817.0
0.8014225661813263,0.0181626475,0.34564563699999995,0.440237974,0.0,1817.0
0.8004461223986042,0.0,0.256222719,0.295785417,0.0,1817.0
0.721495395070969,0.0,0.1702291035,0.1714791635,0.0,1817.0
0.660918337945838,0.0,0.11152727033333333,0.109399858,0.0,1817.0
0.6649451717144773,0.0,0.0577699765,0.11810099624999999,0.0,1817.0
0.738628347843456,0.014293756999999999,0.037885934333333336,0.07879679433333332,0.0,1817.0
0.7613160230089143,0.0818703265,0.0209565645,0.0763487515,0.0,1817.0
0.7498114196686296,0.10472930120000001,0.044490413599999994,0.10508933000000001,0.0,1817.0
0.7656563163760126,0.0058759605,0.1089326395,0.145305529,0.0,1817.0
0.7653411315717233,0.0,0.1344319525,0.2154931665,0.0,1817.0
0.7011581330654267,0.0,0.18274319575,0.29591933,0.0,1817.0
0.6524922840709816,0.0,0.2369558213333333,0.4597131383333333,0.0,1817.0
0.6759072924362599,0.0,0.402032674,0.71546495725,0.0,1817.0
0.7463335468328565,0.033599414,0.5502451115,0.850421969,0.0,1817.0
0.7490310906737754,0.1024564795,0.619604317,0.8979184229999999,0.0,1817.0
0.7396117554949843,0.11618477233333334,0.6815801616666667,0.9196058263333334,0.0,1817.0
0.7465749232457537,0.02753460025,0.71794807225,0.91927370625,0.0,1817.0
0.7405475297294951,0.0,0.6320680613333334,0.8733263399999999,0.0,1817.0
0.6760141773026959,0.0,0.5536865586666667,0.8015369153333333,0.0,1817.0
0.6432577533408865,0.0,0.5485784465,0.8737220585000001,0.0,1817.0
0.7347882709015039,0.0,0.5919236905,0.8916997280000001,0.0,1817.0
0.7917701674755125,0.040229040333333334,0.5395319346666666,0.7785083456666667,0.0,1817.0
0.7956232401239727,0.3643916435,0.48266136000000004,0.760434294,0.0,1817.0
0.7928052840438873,0.46092721000000003,0.424081991,0.8378516844999999,0.0,1817.0
0.7979885349882656,0.1184728945,0.469817333,0.911716137,0.0,1817.0
0.7996337961215194,0.0,0.515092169,0.919089491,0.0,1817.0
0.7592956525462707,0.0,0.4670943595,0.8835729685,0.0,1817.0
0.6704751581332439,0.0,0.38645764999999993,0.7740286476666668,0.0,1817.0
0.6736075555498287,0.0,0.318787378,0.602005103,0.0,1817.0
0.7776725075878425,0.0,0.24728735500000001,0.45253129833333333,0.0,1817.0
0.8103310210777499,0.052217822,0.17304506349999998,0.3324519495,0.0,1817.0
0.8083071062604625,0.2295403215,0.10295299299999999,0.225163365,0.0,1817.0
0.8032243871254666,0.23085744625,0.08404149025,0.24144285999999998,0.0,1817.0
0.8071171590990169,0.050663644,0.1209890045,0.370382088,0.0,1817.0
0.8059434076453258,0.0,0.136858731,0.423834451,0.0,1817.0
0.7621509882423233,0.0,0.15872993625,0.43381860099999997,0.0,1817.0
0.6799566711661363,0.0,0.2006923603333333,0.491228287,0.0,1817.0
0.8035628329001298,0.01268910375,0.1676563525,0.5268961972499999,0.0,1817.0
0.807817757730653,0.1572272425,0.13930471049999998,0.48755701100000004,0.0,1817.0
0.804050389427157,0.22807354533333335,0.10403252299999999,0.4398348556666667,0.0,1817.0
0.8099484554474223,0.089612947,0.09543843299999999,0.45451586299999996,0.0,1817.0
0.8148896060500037,0.0,0.0945980655,0.506146097,0.0,1817.0
0.7708010846168508,0.0,0.09186985,0.514183887,0.0,1817.0
0.6814535331273474,0.0,0.10528916566666667,0.37555179899999996,0.0,1817.0
0.7274471260333315,0.0,0.11297067025,0.2795554685,0.0,1817.0
0.8162566981026482,0.0503708435,0.10521274550000001,0.25820152775,0.0,1817.0
0.8115564114730094,0.18207585999999998,0.0663447315,0.318753727,0.0,1817.0
0.8158621065200005,0.06448270433333332,0.09098489,0.485068509,0.0,1817.0
0.8162836205046944,0.0,0.118869923,0.5904496085,0.0,1817.0
0.7689067127964875,0.0,0.11795553025,0.5512287385,0.0,1817.0
0.6751591065410698,0.0,0.1280290828,0.4715566646,0.0,1817.0
0.7783438127861584,0.0,0.1326616733333333,0.453933133,0.0,1817.0
0.8156673811087322,0.019769751,0.1319356915,0.4018960825,0.0,1817.0
0.8163318793746063,0.17188831799999998,0.12119299,0.3182068165,0.0,1817.0
0.8165030620907591,0.19110224575,0.08159620825,0.23473615775,0.0,1817.0
0.8221747230729832,0.047751443,0.11989833450000001,0.279367504,0.0,1817.0
0.8195299679982306,0.0,0.1378563275,0.2871186255,0.0,1817.0
0.7722525354362357,0.0,0.12203372725,0.27785874025,0.0,1817.0
0.6745690712037711,0.0,0.1271150305,0.36047475399999995,0.0,1817.0
0.6745564620234005,0.0,0.1592716802,0.49781523559999996,0.0,1817.0
0.7475931517523201,0.025274588666666667,0.219842074,0.6879521373333333,0.0,1817.0
0.7772117325223349,0.2110370935,0.265570735,0.7564674085,0.0,1817.0
0.7738094709391483,0.24687463699999998,0.33542298575,0.82963482075,0.0,1817.0
0.7887005810772721,0.035707262000000003,0.3801609185,0.8782610445,0.0,1817.0
0.7883252840182271,0.0,0.423131366,0.879742052,0.0,1817.0
0.7395574954243499,0.0,0.42274328175,0.82957586225,0.0,1817.0
0.6677931606836873,0.0,0.40885900666666664,0.8062891219999999,0.0,1817.0
0.6690380094166033,0.0,0.3577316715,0.7695981275,0.0,1817.0
0.7345291259783637,0.10368744049999999,0.28209346275,0.6912482959999999,0.0,1817.0
0.7774127014165616,0.4834803486666666,0.2015861996666667,0.4973713286666667,0.0,1817.0
0.777556867787685,0.431269032,0.147710456,0.35877677750000003,0.0,1817.0
0.7897251901516489,0.1013338345,0.15225085,0.3506427095,0.0,1817.0
0.7985318227340841,0.0,0.140478729,0.346555447,0.0,1817.0
0.773451613355439,0.0,0.08546463324999999,0.298523965,0.0,1817.0
0.7038282378960483,0.0,0.058727329499999995,0.265531497,0.0,1817.0
0.7040372671920079,0.0,0.0759650432,0.3027664522,0.0,1817.0
0.8189005060362217,0.024802876666666668,0.10741598266666667,0.44720659699999993,0.0,1817.0
0.8284840529241515,0.2638323185,0.0979060925,0.51814447,0.0,1817.0
0.8231185874500228,0.4092926616666667,0.11225428933333333,0.5552956673333334,0.0,1817.0
0.8273678556937392,0.11739830800000002,0.1802944795,0.64264304775,0.0,1817.0
0.8272469110588984,0.0,0.2461229216666667,0.7131191633333334,0.0,1817.0
0.7473430867337197,0.0,0.29873179950000006,0.73724954125,0.0,1817.0
0.6817358294467664,0.0,0.38699240825000003,0.810636197,0.0,1817.0
0.7886639059555224,0.00362264475,0.48993696075,0.865202036,0.0,1817.0
0.8189821265968675,0.083006336,0.5503469205,0.9125463094999999,0.0,1817.0
0.8165250557426765,0.12016329266666666,0.6251624733333333,0.9298489419999999,0.0,1817.0
0.8176012330538918,0.011190938499999999,0.7802721477499999,0.9321637027499999,0.0,1817.0
0.8078532475451806,0.0,0.82070781975,0.9005433302500001,0.0,1817.0
0.7245958155049272,0.0,0.7234985265,0.8474389015,0.0,1817.0
0.6656642428816403,0.0,0.72640306925,0.90071203625,0.0,1817.0
0.72829491086272,0.0,0.6909338796666665,0.9016979493333334,0.0,1817.0
0.8004948739090624,0.00589214425,0.6343267365,0.89713084075,0.0,1817.0
0.7980651951718327,0.02146081866666667,0.578306219,0.8999320829999999,0.0,1817.0
0.795797842145873,0.021010951,0.6489190716666667,0.9237787220000001,0.0,1817.0
0.7950093951017448,0.0,0.6705367154999999,0.9315945274999999,0.0,1817.0
0.7733339825163399,0.0,0.690242942,0.93632404475,0.0,1817.0
0.6976504221771295,0.0,0.6832821806666667,0.9360215653333334,0.0,1929.6666666666667
0.7215474210388704,0.0,0.70640258375,0.9255138119999999,0.0,2155.0
0.8420487683812214,0.006419665000000001,0.6690929963333332,0.8611151823333333,0.0,2155.0
0.8315536547450891,0.1381038495,0.599288496,0.6756098935,0.0,2155.0
0.8276844957024508,0.260337504,0.43038395466666673,0.46271904666666663,0.0,2155.0
0.8302799116932458,0.096309207,0.361809857,0.384980452,0.0,2155.0
0.8446034524035644,0.0,0.313299718,0.38381890750000003,0.0,2155.0
0.8409124317656032,0.0,0.24154649000000003,0.439453501,0.0,2155.0
0.7789036875385681,0.0,0.156426953,0.38317624466666667,0.0,2155.0
0.7129824232516138,0.0,0.1396997675,0.4780263025,0.0,2155.0
0.7604695445236584,0.0,0.19231606899999998,0.593701289,0.0,2155.0
0.8406682269029915,0.0012307496666666667,0.26755033,0.7001158693333333,0.0,2155.0
0.8287277416474454,0.018063166500000002,0.30487069349999996,0.768080683,0.0,2155.0
0.8276325515373691,0.014427787000000001,0.34719898125,0.78006871125,0.0,2155.0
0.8325832398276567,0.001048384,0.430479897,0.8598348915,0.0,2155.0
0.8309416247033782,0.0,0.49384684199999995,0.8853385696666667,0.0,2155.0
0.7642224813509063,0.0,0.5062938,0.8907977762500001,0.0,2155.0
0.6806152544108189,0.0,0.4892897775,0.8802370850000001,0.0,2155.0
0.6774591811220445,0.0,0.47097251674999996,0.86778490525,0.0,2155.0
0.7522760768537684,0.0049568945000000005,0.4578862,0.79407542725,0.0,2155.0
0.7803055575649004,0.10372066225,0.44623435725000005,0.73063948325,0.0,2155.0
0.7988116428769488,0.060927795,0.449852019,0.6370520316666667,0.0,2155.0
0.8220498504960105,0.0,0.42632724349999995,0.511178884,0.0,2155.0
0.8050435771528349,0.0,0.3861729203333333,0.48480376033333333,0.0,2155.0
0.7345320833847522,0.0,0.30890665925,0.49496056450000003,0.0,2155.0
0.7146254308995558,0.0,0.24979885766666665,0.634396091,0.0,2155.0
0.7556484934859002,0.00261175725,0.23234548449999998,0.688309674,0.0,2155.0
0.7974793286937847,0.0793082735,0.22497567400000001,0.7629438735,0.0,2155.0
0.7871747938475321,0.07992131649999999,0.2568645755,0.84306096725,0.0,2155.0
0.8048960778118055,0.0166032835,0.37149799650000004,0.8683989315,0.0,2155.0
0.8180518760847115,0.0,0.4447949283333334,0.8773069910000001,0.0,2155.0
0.7675513920653488,0.0,0.47217231825,0.88707392825,0.0,2155.0
0.7182974000777054,0.0,0.5078340375,0.82508922625,0.0,2155.0
0.804090229796981,0.0,0.5324158216666667,0.76071539,0.0,2155.0
0.8384254493718203,0.033184162749999996,0.5358421755,0.8041293517499999,0.0,2155.0
0.8343163651087221,0.061394563333333325,0.45372287766666664,0.7687049676666667,0.0,2155.0
0.8383033236501576,0.016757848,0.40505840633333334,0.6975904003333332,0.0,2155.0
0.8447134901173924,0.0,0.35544654200000003,0.6695279505,0.0,2155.0
0.8097961833547619,0.0,0.283525437,0.63151521775,0.0,2155.0
0.722417500627497,0.0,0.18796411899999999,0.5315690245,0.0,2155.0
0.7138204865714188,0.0,0.174182988,0.53994178725,0.0,2155.0
0.8369016805875714,0.0004866685,0.18228693299999998,0.52518403575,0.0,2155.0
0.8367143020073531,0.0142193015,0.180163631,0.57201875,0.0,2155.0
0.8352360315448522,0.017799790599999997,0.1434473036,0.528001038,0.0,2155.0
0.8402982502576383,0.0,0.17775710125,0.61521927575,0.0,2155.0
0.7961674668827919,0.0,0.1687296276666667,0.5870165416666667,0.0,2155.0
0.7092989292024903,0.0,0.1555849445,0.49730407350000005,0.0,2155.0
0.6979126657598067,0.0,0.143551182,0.36930031875,0.0,2155.0
0.8267611459615124,0.000362535,0.09196241399999999,0.1832259335,0.0,2155.0
0.8287381163290952,0.014019199500000001,0.0526385755,0.0991479705,0.0,2155.0
0.8277602326083365,0.022238198,0.023442596666666666,0.04655035166666666,0.0,2155.0
0.8305067942617582,0.005524254333333333,0.023187626666666666,0.055644986,0.0,2155.0
0.8364683602155769,0.0,0.033115662000000004,0.0884807295,0.0,2155.0
0.8014228126839624,0.0,0.04674196275,0.11988326499999999,0.0,2155.0
0.7084582017159575,0.0,0.0542219105,0.1310208155,0.0,2155.0
0.7016958344081312,0.0,0.059283920749999997,0.12113809025,0.0,2155.0
0.8318014975927053,0.000381954,0.0715306185,0.139544547,0.0,2155.0
0.8347377069427693,0.0122277935,0.0759736825,0.1378368015,0.0,2155.0
0.8340823002526653,0.01770723633333333,0.056926217333333334,0.10178492633333332,0.0,2155.0
0.8382502451873822,0.003946712666666667,0.076306038,0.094646536,0.0,2155.0
0.8364017929368142,0.0,0.10186789025,0.1036305975,0.0,2155.0
0.7565821712235672,0.0,0.09278141699999999,0.09131614575,0.0,2155.0
0.7161707827585135,0.0,0.0877111785,0.10367944675,0.0,2155.0
0.8390743856152199,0.00027443625,0.08180618,0.09473128275,0.0,2155.0
0.8381993417417366,0.0094003675,0.07815026550000001,0.07771896549999999,0.0,2155.0
0.836481199298343,0.0118420125,0.07679631825,0.07906335275000001,0.0,2155.0
0.8455727375017213,0.0003669105,0.1197636595,0.14373775549999998,0.0,2155.0
0.8125958075793283,0.0,0.17422982625,0.27565940375,0.0,2155.0
0.7130471715378744,0.0,0.2550537235,0.402550123,0.0,2155.0
0.7096691954402452,0.0,0.3392884903333333,0.5046583823333334,0.0,2155.0
0.7752524834590371,0.001386548,0.4057129575,0.60971657725,0.0,2155.0
0.8063557207406731,0.013809429,0.4167037535,0.6688628785,0.0,2155.0
0.8071718493899568,0.008354982249999999,0.432329599,0.7036431425,0.0,2155.0
0.8254009311292099,0.0,0.4655484565,0.7480179659999999,0.0,2155.0
0.8080734169158195,0.0,0.471951369,0.80021318525,0.0,2155.0
0.7231160217280386,0.0,0.41939887775,0.75809922975,0.0,2155.0
0.7178041316297349,0.0,0.46034945149999995,0.8178135896666667,0.0,2155.0
0.7975611997690519,0.005164015666666666,0.47596073433333336,0.8368007033333335,0.0,2155.0
0.8039769765550021,0.0119347775,0.422895148,0.8309120320000001,0.0,2155.0
0.8218228509546768,0.000320589,0.50827411825,0.89093761325,0.0,2155.0
0.7895355816369942,0.0,0.5086154265,0.889899764,0.0,2155.0
0.7269184377461113,0.0,0.4452841205,0.8837101315,0.0,2155.0
0.7195920919458372,0.0,0.49533076725,0.8930520839999999,0.0,2155.0
0.8356626060916319,0.0,0.5110696724999999,0.8811634585,0.0,2155.0
0.8406457561374324,0.004795118,0.5489242365,0.9077101107500001,0.0,2155.0
0.8381980271652183,0.0117008415,0.5589450067499999,0.91171512375,0.0,2155.0
0.8440566442187039,0.0,0.608939239,0.9049476590000001,0.0,2155.0
0.8378322128765728,0.0,0.630526894,0.85957202675,0.0,2155.0
0.7510824445013602,0.0,0.58618031875,0.8410805422500001,0.0,2155.0
0.7058280229657575,0.0,0.536225291,0.7593918605,0.0,2155.0
0.8365602538035409,0.0,0.4168441975,0.64710523125,0.0,2155.0
0.8360408840037332,0.0076500605,0.30312435449999997,0.6359132925,0.0,2155.0
0.8342411993636685,0.0265479985,0.260704046,0.592084771,0.0,2155.0
0.8401544358991566,0.001089786,0.22230638,0.5092636420000001,0.0,2155.0
0.8345166927105273,0.0,0.220100568,0.4668639965,0.0,2155.0
0.7507693605185224,0.0,0.186721894,0.34173989,0.0,2155.0
0.7062712136034177,0.0,0.14219566625000002,0.2051892475,0.0,2155.0
0.8237654344389937,0.0,0.11471427149999999,0.1981411315,0.0,2155.0
0.8376880932424742,0.01212346025,0.08957992725000001,0.13454031049999998,0.0,2155.0
0.8332582068744747,0.06221782,0.0525774865,0.065124938,0.0,2155.0
0.8362487540339031,0.024445672999999998,0.053343064,0.106290109,0.0,2155.0
0.8448270957888431,0.0,0.0565047635,0.20748005349999998,0.0,2155.0
0.8100155782038017,0.0,0.08152950025,0.35481819875,0.0,2155.0
0.7264779114314897,0.0,0.11465109300000001,0.534001164,0.0,2155.0
0.7154243780910591,0.0,0.22935339224999998,0.6571354632499999,0.0,2155.0
0.8362320417178974,0.0,0.38450221600000006,0.7635673445,0.0,2155.0
0.834650390300707,0.0146943265,0.479762813,0.857888962,0.0,2155.0
0.8311610820247621,0.021485593749999997,0.5185932015,0.907460374,0.0,2155.0
0.8364231997446837,0.0007481,0.5659279815,0.9146387635,0.0,2155.0
0.8391210955982447,0.0,0.556951232,0.8939380405,0.0,2155.0
0.8009475826434351,0.0,0.515626689,0.8709971522500001,0.0,2155.0
0.7002945825401746,0.0,0.4662697316666667,0.8593466040000001,0.0,2155.0
0.7461822028426807,0.0,0.4432438174000001,0.897156292,0.0,2155.0
0.8321417040558229,0.017911284,0.46223513625,0.9204698725,0.0,2155.0
0.8278329964767218,0.11221191333333334,0.5170455696666667,0.9268344386666666,0.0,2155.0
0.8309915738175334,0.026943345000000004,0.6322531956666667,0.9248132940000001,0.0,2155.0
0.8365027233395524,0.0,0.6442762,0.894358941,0.0,2155.0
0.8027949864111148,0.0,0.6645937102499999,0.8831526492499999,0.0,2155.0
0.6904610017395572,0.0,0.64062632275,0.8825046505,0.0,2155.0
0.6948191574035703,0.0,0.63881753075,0.86333835125,0.0,2155.0
0.7800508058699922,0.022598118666666667,0.6340137603333333,0.797849432,0.0,2155.0
0.7947107111245162,0.307020356,0.6345408182500001,0.8125813545,0.0,2155.0
0.8065610713482125,0.050377293999999996,0.7038054736666667,0.836377249,0.0,2155.0
0.8245313798721687,0.0,0.7567347170000001,0.85738112,0.0,2155.0
0.7932772160760957,0.0,0.783764878,0.8914518539999999,0.0,2155.0
0.7281335706930612,0.0,0.7465590875,0.9063842975,0.0,2155.0
0.7027282710744591,0.0,0.7672274517500001,0.92408823625,0.0,2155.0
0.7470674173805399,0.0,0.60814048125,0.8804249184999999,0.0,2155.0
0.8045552611100759,0.07514819,0.500202036,0.840934429,0.0,2155.0
0.807077428668014,0.08597759966666667,0.3678917643333333,0.7347281826666667,0.0,2155.0
0.8173709944335316,0.016388344,0.2991843065,0.6347455289999999,0.0,2155.0
0.8369758292682714,0.0,0.255907442,0.5972691225,0.0,2155.0
0.8108957343887722,0.0,0.1693065212,0.41874925259999995,0.0,2155.0
0.7439586990665746,0.0,0.082533149,0.1838796695,0.0,2155.0
0.8570375743239759,0.0,0.07320251750000001,0.1893082525,0.0,2155.0
0.8613159478545279,0.094069755,0.081424108,0.23321318200000002,0.0,2155.0
0.8625035479107217,0.12381387119999998,0.1233904062,0.3325183704,0.0,2155.0
0.870196987343633,0.0,0.19779680875,0.40453813024999996,0.0,2155.0
0.8324115171607921,0.0,0.30697100000000005,0.4461620476666666,0.0,2155.0
0.7591211366517971,0.0,0.427723438,0.473527888,0.0,2155.0
0.7534813983080336,0.0,0.46254041275,0.47502655025,0.0,2155.0
0.8630263211663295,0.0,0.422563365,0.41996663375,0.0,2155.0
0.8625198845485819,0.10115926,0.352025482,0.502175834,0.0,2155.0
0.857766104710663,0.24446858533333335,0.33085706366666673,0.5145178353333333,0.0,2155.0
0.8620081433566695,0.01791830875,0.34732970425,0.5178383757499999,0.0,2155.0
0.8488368299025213,0.0,0.33193723825,0.44368782300000004,0.0,2155.0
0.7763446688004556,0.0,0.306461935,0.3788640975,0.0,2155.0
0.7615974860858569,0.0,0.26161396833333334,0.2990185693333333,0.0,2155.0
0.868292076558633,0.0,0.21559161733333335,0.22811578533333335,0.0,2155.0
0.8644205702440111,0.0887770545,0.249093946,0.28978597,0.0,2155.0
0.8641419081581299,0.2171182705,0.326513103,0.39717518500000004,0.0,2155.0
0.866891466243616,0.054212473750000004,0.4024079155,0.41026790625,0.0,2155.0
0.8646503161717214,0.0,0.45018013925,0.35872990875,0.0,2155.0
0.7896671433920316,0.0,0.4668288505,0.42238125125,0.0,2155.0
0.7456731797135701,0.0,0.466031113,0.56471971475,0.0,2155.0
0.8558736343629695,0.0,0.408890146,0.5485701372499999,0.0,2155.0
0.858298266647797,0.0936637325,0.3392776415,0.42927481,0.0,2155.0
0.85653387643336,0.238529412,0.2624874526666667,0.261388134,0.0,2155.0
0.8613426126558485,0.0452140185,0.22059861050000001,0.14653036749999998,0.0,2155.0
0.8688535787703194,0.0,0.12012755624999999,0.05757542225,0.0,2155.0
0.8299955070494418,0.0,0.074076741,0.05392900566666667,0.0,2155.0
0.7505106613946961,0.0,0.1203488875,0.24417070725,0.0,2155.0
0.7878979567187768,0.0,0.20345062466666666,0.4042206,0.0,2155.0
0.8717894828447661,0.0,0.294387358,0.41852204699999995,0.0,2155.0
0.8612089459110632,0.014222738333333334,0.400042059,0.49376125333333337,0.0,2155.0
0.8589540099278458,0.075890592,0.48743488425000003,0.6432641772500001,0.0,2155.0
0.8629927556979988,0.0,0.571103465,0.7312720180000001,0.0,2155.0
0.8566173278140495,0.0,0.5930373689999999,0.7399459374999999,0.0,2155.0
0.8090183612463863,0.0,0.5819051989999999,0.731245068,0.0,2155.0
0.7342462112400509,0.0,0.5629185843333334,0.608432486,0.0,2155.0
0.7337039720813283,0.0,0.5705060759999999,0.58324616925,0.0,2155.0
0.798593319905362,0.0037208775,0.5460654025,0.650067084,0.0,2155.0
0.8278134519595346,0.237356067,0.48379517949999995,0.6393235245,0.0,2155.0
0.82604034552443,0.22460047866666666,0.43329786266666664,0.6505946306666667,0.0,2155.0
0.8458766557131109,0.0,0.3781655625,0.57819200625,0.0,2155.0
0.8160242645615424,0.0,0.28200605575,0.44623749925,0.0,2155.0
0.7446974541596023,0.0,0.31402733999999993,0.5117988436,0.0,2155.0
0.7555995696684842,0.0,0.3726131316666666,0.641569822,0.0,2155.0
0.8167813488736415,0.0484211645,0.33529774600000006,0.6157695595,0.0,2155.0
0.8296805722387369,0.24613660499999998,0.284301771,0.49349958733333327,0.0,2155.0
0.8427382802819532,0.01441473675,0.26758852375000003,0.45545954475,0.0,2155.0
0.8237483749559906,0.0,0.19670703539999998,0.3904460302,0.0,2155.0
0.7558088008558862,0.0,0.19298859666666668,0.39023058566666663,0.0,2155.0
0.7558984334035008,0.0,0.18549912300000002,0.47352209133333334,0.0,2155.0
0.8662778479246159,0.0,0.18561889833333334,0.6005765740000001,0.0,2155.0
0.8640934379555838,0.072998305,0.21584326075,0.67356547775,0.0,2155.0
0.8642265723567986,0.08698518175,0.29290135124999994,0.7952128592500001,0.0,2155.0
0.8722108715721494,0.0,0.41365443666666674,0.8165358103333333,0.0,2155.0
0.8393792191845275,0.0,0.45425555175,0.7745969770000001,0.0,2155.0
0.7522226352385787,0.0,0.3850952178,0.710857883,0.0,2155.0
0.8366194583596233,0.0,0.2953067523333333,0.6985839899999999,0.0,2155.0
0.8656297411722259,0.029716258250000002,0.2142020235,0.594653422,0.0,2155.0
0.8660026676168264,0.12915113574999998,0.12201978,0.483079518,0.0,2155.0
0.8723409156504199,0.0,0.10846710225,0.42084696225000007,0.0,2155.0
0.8414374503887654,0.0,0.10709935925,0.23714650050000002,0.0,2155.0
0.7607337243842816,0.0,0.1517808295,0.252369744,0.0,2155.0
0.7554218692475653,0.0,0.20521800275000002,0.34696012224999995,0.0,2155.0
0.8685784375924137,0.0,0.28199297700000003,0.4218086695,0.0,2155.0
0.8666979380192151,0.002458212333333333,0.3312596513333333,0.5050318163333333,0.0,2155.0
0.867884786990057,0.1182884765,0.352646299,0.6188068015,0.0,2155.0
0.8672552620867704,0.09009396775,0.38721409325,0.73131213025,0.0,2155.0
0.8760458240103469,0.0,0.515183101,0.7987569526666668,0.0,2155.0
0.8417090004750026,0.0,0.58898721825,0.88566155775,0.0,2155.0
0.7597080827186468,0.0,0.6136780639999999,0.9266227570000001,0.0,2155.0
0.7495971465410066,0.0,0.6657293107500001,0.9346908202499999,0.0,2155.0
0.8590859002488572,0.0,0.721364306,0.930967563,0.0,2155.0
0.8596296573969685,0.0073874735,0.7839891959999999,0.903108172,0.0,2155.0
0.8591016031076506,0.03810224625,0.8492766375,0.8691360215,0.0,2155.0
0.8642379563393494,0.0,0.890373992,0.875254032,0.0,2155.0
0.8623327640901262,0.0,0.8944619713333334,0.9143536353333334,0.0,2155.0
0.8081201032958651,0.0,0.845295723,0.9297988235,0.0,2155.0
0.738248567677285,0.0,0.78545271325,0.9374311035,0.0,2155.0
0.8299059525010761,0.0,0.7733481817500001,0.936911652,0.0,2155.0
0.8504641816371095,0.0011588786666666667,0.8044603663333333,0.9356521223333333,0.0,2155.0
0.8507801882210597,0.009966622750000001,0.79108773525,0.93746645625,0.0,2155.0
0.8569938219036506,0.0,0.8261306515,0.937410914,0.0,2155.0
0.8562175646258963,0.0,0.8261578796666668,0.937425998,0.0,2155.0
0.8167444738299693,0.0,0.8218773229999999,0.9374394316666667,0.0,2155.0
0.7649251218747016,0.0,0.7865655597499999,0.937432158,0.0,1837.5
0.7708140997059378,0.0,0.80778667625,0.9372461762500001,0.0,1520.0
0.832038402882329,0.01778853175,0.8016477937500001,0.9368446997500001,0.0,1520.0
0.8496573573655546,0.0597199426,0.776042674,0.9343602628,0.0,1520.0
0.8732440870325803,0.0,0.733924653,0.9261446166666666,0.0,1520.0
0.8471832831857353,0.0,0.641541967,0.8955861835,0.0,1520.0
0.7786918195388847,0.0,0.49017851199999996,0.8240357885,0.0,1520.0
0.77735458431694,0.0,0.39283960575,0.77017716225,0.0,1520.0
0.8323890073174531,0.0039274455000000005,0.32088251700000003,0.780507261,0.0,1520.0
0.8459131551411618,0.018467861000000002,0.26124386450000003,0.7459150825,0.0,1520.0
0.853806295847642,0.00550272525,0.28290905349999995,0.72666967025,0.0,1520.0
0.871081607930499,0.0,0.30224231300000004,0.7614327505,0.0,1520.0
0.8444168721042353,0.0,0.31277187325,0.8167192910000001,0.0,1520.0
0.7850388227146144,0.0,0.3307182083333334,0.832887799,0.0,1520.0
0.8045090563245907,0.0,0.38956955300000007,0.86965665075,0.0,1520.0
0.8865790876678525,0.0,0.420035192,0.8955101105000001,0.0,1520.0
0.8807206431818434,0.004904077,0.4487540923333333,0.9063879593333334,0.0,1520.0
0.8837990862723444,0.023823654,0.429105203,0.8920502290000001,0.0,1520.0
0.8867000401182494,0.00401723475,0.47567798625,0.903981854,0.0,1520.0
0.8942687715281146,0.0,0.49403730633333326,0.9049466906666667,0.0,1520.0
0.8443942446628304,0.0,0.4873670955,0.8858986695,0.0,1520.0
0.7748138114632307,0.0,0.493963914,0.8774861785000001,0.0,1520.0
0.7931656880920508,0.0,0.52993455325,0.8749344880000001,0.0,1520.0
0.8730393312409557,0.0,0.5202489755,0.8791047025000001,0.0,1520.0
0.8633063285178123,0.0011426033333333332,0.49861905133333334,0.8592486883333333,0.0,1520.0
0.862334078645803,0.003687873,0.46361121299999997,0.8016963616,0.0,1520.0
0.8699781323932014,0.0,0.4184107735,0.749479268,0.0,1520.0
0.857185543119402,0.0,0.376267664,0.602289595,0.0,1520.0
0.7745919051634276,0.0,0.35195023999999997,0.564920256,0.0,1520.0
0.7819901581429425,0.0,0.34055259625,0.59794208325,0.0,1520.0
0.8669519542703041,0.00028883575,0.32861872350000004,0.7251688759999999,0.0,1520.0
0.8679068978232105,0.02368331,0.338124056,0.7750376205,0.0,1520.0
0.8688476167515845,0.01455428025,0.38283860975,0.79914404025,0.0,1520.0
0.8810768262045254,0.0,0.4301633456666667,0.8482971816666667,0.0,1520.0
0.8569315503670847,0.0,0.4757683685,0.857186771,0.0,1520.0
0.7787583632146684,0.0,0.5368657116666666,0.8428339060000001,0.0,1520.0
0.7992608343506056,0.0,0.5234891082500001,0.8163937975,0.0,1520.0
0.885229388666141,0.0,0.4977066355,0.7633117125,0.0,1520.0
0.8809783131532563,0.06274020150000001,0.46534919575,0.6607444467500001,0.0,1520.0
0.8816482805889043,0.0831292485,0.3720576965,0.4798958589999999,0.0,1520.0
0.896151524586625,0.0,0.29103408999999997,0.3669851353333333,0.0,1520.0
0.8571197176306896,0.0,0.2362292718,0.4000897662,0.0,1520.0
0.7784209737905536,0.0,0.21109048333333333,0.568149481,0.0,1520.0
0.8045683742583387,0.0,0.21842218866666666,0.6538444896666666,0.0,1520.0
0.8742805884653735,0.0,0.24448490375,0.72815245775,0.0,1520.0
0.8747029004704382,0.0104464695,0.2806945045,0.7796759995,0.0,1520.0
0.8773737094826548,0.006382512000000001,0.292553588,0.74561026225,0.0,1520.0
0.8907295849469521,0.0,0.329060684,0.741256967,0.0,1520.0
0.8698618417343822,0.0,0.34774160179999997,0.6921717183999999,0.0,1520.0
0.7712186044356018,0.0,0.336630494,0.5829879953333333,0.0,1520.0
0.7684303404342959,0.0,0.3694885793333333,0.7013909575,0.0,1520.0
0.8285467393104297,0.001109006,0.3878754863333333,0.7541907870000001,0.0,1520.0
0.8338181126806936,0.005950738,0.3811761265,0.783040643,0.0,1520.0
0.8424774335996507,0.0008934575,0.5105354492499999,0.8321661375,0.0,1520.0
0.8526242119170826,0.0,0.58107981225,0.87041241925,0.0,1520.0
0.7918899382659466,0.0,0.598466805,0.9022935310000001,0.0,1520.0
0.7481201577671643,0.0,0.61574458975,0.9147238050000001,0.0,1520.0
0.7596240758082372,0.0,0.60145815375,0.90535850575,0.0,1520.0
0.8200410049043404,0.001327621,0.6216162369999999,0.9066721113333333,0.0,1520.0
0.8271451043760218,0.0116236475,0.6029093965000001,0.9225690234999999,0.0,1520.0
0.8340213823182939,0.00226023175,0.63700387825,0.9252358645000001,0.0,1520.0
0.8504765751289762,0.0,0.5973587819999999,0.908929264,0.0,1520.0
0.823465600324545,0.0,0.5324529560000001,0.88921518825,0.0,1520.0
0.7657653683919184,0.0,0.4524138756666667,0.8376282176666666,0.0,1520.0
0.7833965660373963,0.0,0.36742301200000005,0.78117473375,0.0,1520.0
0.8713486748575066,0.0,0.28507362999999997,0.604831249,0.0,1520.0
0.8644026688693164,0.0014180080000000001,0.23921600099999998,0.48964183499999997,0.0,1520.0
0.8678478508599993,0.006736639800000001,0.17275481,0.39152642419999995,0.0,1520.0
0.882371740972314,0.0,0.14687684299999998,0.363280085,0.0,1520.0
0.8705228050555421,0.0,0.12330303275,0.36858112425,0.0,1520.0
0.8021426230464114,0.0,0.112784946,0.38346943,0.0,1520.0
0.7667719505737711,0.0,0.1208416785,0.497162227,0.0,1520.0
0.8484549840327973,0.0,0.12035228925,0.57280554875,0.0,1520.0
0.8717531009105736,0.003702018,0.13020390133333334,0.574439726,0.0,1520.0
0.8745234601191815,0.0223679174,0.105737635,0.453601715,0.0,1520.0
0.8878930151823985,0.0,0.123486657,0.5540045025,0.0,1520.0
0.8761424042746184,0.0,0.11867106024999999,0.5237680845,0.0,1520.0
0.7881602041571285,0.0,0.1025689045,0.45150326775,0.0,1520.0
0.796301305413498,0.0,0.12115221025,0.44493796675,0.0,1520.0
0.88049058416296,0.0,0.10560581299999999,0.42206582000000004,0.0,1520.0
0.8770914015962131,0.005373676666666667,0.10333122733333333,0.306864302,0.0,1520.0
0.8792962712319357,0.014910737750000002,0.0904217165,0.196944753,0.0,1520.0
0.8876907786049895,0.0,0.089903804,0.20885904049999998,0.0,1520.0
0.8912231741974445,0.0,0.08742818866666667,0.248152738,0.0,1520.0
0.8440573011943407,0.0,0.076067586,0.2236746135,0.0,1520.0
0.77864481647251,0.0,0.07274552100000001,0.22662758924999998,0.0,1520.0
0.8584999398799298,0.0,0.07892000175,0.30719506674999997,0.0,1520.0
0.8813493854874564,0.003047993666666667,0.08587703533333331,0.36015110666666666,0.0,1520.0
0.8836225516197576,0.01560476775,0.0921034825,0.38229315225,0.0,1520.0
0.8920019662163189,0.0,0.1010682095,0.384039139,0.0,1520.0
0.8942768460395312,0.0,0.09336703125,0.34472335925,0.0,1520.0
0.8569729787536793,0.0,0.0926051815,0.355876213,0.0,1520.0
0.789020961246357,0.0,0.09494297466666667,0.35805574333333334,0.0,1520.0
0.8094372931797944,0.0,0.0884063845,0.320063728,0.0,1520.0
0.8938423286369805,0.0,0.081825906,0.299039766,0.0,1520.0
0.888577887352262,0.0028636443333333334,0.08134458433333334,0.277183791,0.0,1520.0
0.890863400083094,0.0157179855,0.079970979,0.3087632445,0.0,1520.0
0.898317164924795,0.0,0.07499376699999999,0.266893113,0.0,1520.0
0.9026998957188704,0.0,0.07020296,0.24388796999999998,0.0,1520.0
0.853824698043165,0.0,0.07247029975000001,0.26526832925,0.0,1520.0
0.7817479717779255,0.0,0.07216191833333334,0.28423417416666663,0.0,1520.0
0.82677102763789,0.0,0.07394375225,0.3014462805,0.0,1520.0
0.8531133022209221,0.05284571275,0.07543556374999999,0.30836482725000003,0.0,1520.0
0.8645559890280357,0.0022703800000000002,0.08610275866666667,0.31505088766666667,0.0,1520.0
0.8800756897457787,0.0,0.086639581,0.305788726,0.0,1520.0
0.8537852648117046,0.0,0.08390837975000001,0.3213084465,0.0,1520.0
0.7895433743715653,0.0,0.09334818750000001,0.3405193385,0.0,1520.0
0.7786211800428262,0.0,0.09748855074999999,0.42915366174999997,0.0,1520.0
0.796435394563033,0.0,0.09639112100000001,0.466031052,0.0,1520.0
0.8467447285795802,0.007743346,0.09736510025,0.50083118725,0.0,1520.0
0.8537782700454004,0.01707017325,0.11416294775,0.5366203165,0.0,1520.0
0.8755000637352339,0.0,0.159741346,0.643304076,0.0,1520.0
0.8619199349596683,0.0,0.187318951,0.6662203097499999,0.0,1520.0
0.7941159254297595,0.0,0.24966133175000002,0.6660698375,0.0,1520.0
0.805630816511449,0.0,0.3354206635,0.7318942737499999,0.0,1520.0
0.8884707601514865,0.0,0.32500065300000003,0.7196585895000001,0.0,1520.0
0.882004948697095,0.001657082,0.30219751833333336,0.7138413803333333,0.0,1520.0
0.8831468871906281,0.017025979,0.261502967,0.64215115425,0.0,1520.0
0.8930229841990273,0.0,0.216411626,0.547204039,0.0,1520.0
0.8692220927083166,0.0,0.15393923599999998,0.42938395850000005,0.0,1520.0
0.7827291100004078,0.0,0.11138822233333334,0.2776042056666667,0.0,1520.0
0.802906315254793,0.0,0.07902636425000001,0.207867217,0.0,1520.0
0.8832043004212766,0.0,0.052900897749999995,0.1696092535,0.0,1520.0
0.8838772956033171,0.020467741499999997,0.058880427,0.1892367465,0.0,1520.0
0.8835673684798566,0.02217192925,0.0710788985,0.21991636025,0.0,1520.0
0.8934056986896446,0.0,0.07881886325,0.22652108925,0.0,1520.0
0.8624423012957481,0.0,0.09079142933333334,0.24733312866666668,0.0,1520.0
0.7801689024120211,0.0,0.09685904775000001,0.26796014325,0.0,1520.0
0.8118088001606143,0.0,0.09810609733333335,0.21285093933333332,0.0,1520.0
0.8834696771561447,0.0,0.099059824,0.2031696475,0.0,1520.0
0.8836329030110504,0.02064190725,0.0913294915,0.275509428,0.0,1520.0
0.8882025822692462,0.001687666,0.107526932,0.3834164793333333,0.0,1520.0
0.8927421626750246,0.0,0.109195196,0.48572565425,0.0,1520.0
0.8565287906947631,0.0,0.1067277655,0.5075285755000001,0.0,1520.0
0.7880239399383601,0.0,0.10296852699999999,0.501676429,0.0,1520.0
0.8079300488255853,0.0,0.10292921325,0.5292184375,0.0,1520.0
0.8884431380383433,0.0015872658,0.1123668434,0.5175319772,0.0,1520.0
0.8919138674976201,0.01716997983333333,0.0995947685,0.48904663550000005,0.0,1520.0
0.8955324403074391,0.0,0.11411267840000001,0.512705988,0.0,1520.0
0.8066672086306657,0.0,0.132186424,0.562903618,0.0,1520.0
0.8138534721567571,0.0,0.1372578795,0.53311962575,0.0,1520.0
0.8997548842812304,0.0,0.16061452450000002,0.5129870205,0.0,1520.0
0.8952461732479037,0.0084472796,0.1784705582,0.51685194,0.0,1520.0
0.902026219749799,0.0034584485,0.19996002725,0.454252802,0.0,1520.0
0.9114619309672736,0.0,0.20805047699999998,0.49350758925,0.0,1520.0
0.870510200439456,0.0,0.21563562400000003,0.48826749849999995,0.0,1520.0
0.7957778751718325,0.0,0.194087208,0.3732716333333333,0.0,1520.0
0.7895936518432796,0.0,0.220896094,0.4470636185,0.0,1520.0
0.812351837808641,0.0,0.2201567095,0.429290814,0.0,1520.0
0.8519993269009754,0.002234934666666667,0.20436981933333334,0.39390153833333336,0.0,1520.0
0.857843750800567,0.019497017999999998,0.187633625,0.35702702,0.0,1520.0
0.8660837407238269,0.0030473655000000004,0.17214221525,0.2961115895,0.0,1520.0
0.8839852678220067,0.0,0.155746104,0.2546767875,0.0,1520.0
0.8570709048566932,0.0,0.128813312,0.208936597,0.0,1520.0
0.7920954921821494,0.0,0.08870957166666667,0.162154431,0.0,1520.0
0.7847628129158156,0.0,0.06717249825,0.1226091785,0.0,1520.0
0.8301121324954176,0.0,0.04828993825,0.11050186449999999,0.0,1520.0
0.858187290129383,0.017467311,0.0372768345,0.0935254615,0.0,1520.0
0.8583145718775427,0.024763206666666666,0.038319884,0.08874209933333334,0.0,1520.0
0.8803699840378274,0.0,0.049450944,0.1618047255,0.0,1520.0
0.8604423357909029,0.0,0.058063995,0.24846031075000002,0.0,1520.0
0.8234196889350316,0.0,0.0968221435,0.42348574,0.0,1520.0
0.822192585213587,0.0,0.10136920399999999,0.49190560800000005,0.0,1520.0
0.9136470531939753,0.0,0.123745413,0.47171027050000003,0.0,1520.0
0.9118420400120407,0.0,0.143395953,0.4491635743333333,0.0,1520.0
0.9041273190702533,0.03231145033333333,0.179833268,0.471826276,0.0,1520.0
0.9072101983224408,0.0082402885,0.226806233,0.510118928,0.0,1520.0
0.9144568755753343,0.0,0.2722916613333333,0.5289666026666667,0.0,1520.0
0.879649027289625,0.0,0.32490897599999996,0.5780844046666667,0.0,1520.0
0.7912999877951652,0.0,0.35570404675,0.666753404,0.0,1520.0
0.8150316440889186,0.0,0.412853234,0.8116782210000001,0.0,1520.0
0.8857630529615519,0.0,0.458421438,0.8376982230000001,0.0,1520.0
0.8775934562401292,0.0022931683333333335,0.5085292873333334,0.8765976073333334,0.0,1520.0
0.875286231686329,0.039877475499999995,0.527289463,0.857555318,0.0,1520.0
0.8755967223113768,0.01560258375,0.5290145045,0.8553195905,0.0,1520.0
0.879702950874522,0.0,0.47968850949999997,0.8564387105,0.0,1520.0
0.8469330223614056,0.0,0.436039971,0.880060867,0.0,1520.0
0.7678658651330054,0.0,0.4237452463333333,0.8506837909999999,0.0,1520.0
0.7882702770409583,0.0,0.4410005135,0.87118964225,0.0,1520.0
0.8734472313607662,0.0,0.4203366505,0.8624229155,0.0,1520.0
0.8694142674347304,0.010214767,0.4033998406666666,0.7900462243333334,0.0,1520.0
0.870670046066394,0.16406066349999998,0.3028408975,0.674461515,0.0,1520.0
0.8800227831210279,0.03749229075,0.232984366,0.5438381179999999,0.0,1520.0
0.8949589955823083,0.0,0.1216913785,0.3284510775,0.0,1520.0
0.8719017739396985,0.0,0.06377092549999999,0.17223253349999998,0.0,1520.0
0.7904709492541784,0.0,0.06920387850000001,0.14057578199999998,0.0,1520.0
0.8001228441588321,0.0,0.07840975160000001,0.1895744054,0.0,1520.0
0.8874632393213588,0.0,0.082469546,0.199332382,0.0,1520.0
0.8813174944759458,0.0014961563333333334,0.08983601533333334,0.218996399,0.0,1520.0
0.8807058711557689,0.0241774445,0.081674068,0.2989734125,0.0,1520.0
0.8826360147759202,0.0072368805,0.09855888825,0.29911021375,0.0,1520.0
0.890229611116664,0.0,0.09449635533333334,0.24920069433333328,0.0,1520.0
0.8427561191321999,0.0,0.085101418,0.2219420165,0.0,1520.0
0.7813786131450573,0.0,0.08118787599999999,0.2535357896,0.0,1520.0
0.8728074412978212,0.0,0.08757385499999999,0.37917970666666667,0.0,1520.0
0.8779569706711638,0.008101078999999999,0.07721071900000001,0.37698433575,0.0,1520.0
0.8788445564799742,0.027743071666666664,0.05525090233333333,0.267008844,0.0,1520.0
0.8893286225671894,0.0,0.05608731333333333,0.17934306333333336,0.0,1520.0
0.8828765814972163,0.0,0.0550181215,0.128444035,0.0,1520.0
0.8117849836605204,0.0,0.096841681,0.241251775,0.0,1520.0
0.7725076315887485,0.0,0.17205204425,0.433314835,0.0,1520.0
0.7871349379508036,0.0,0.36579352774999996,0.69245220825,0.0,1520.0
0.8385301588042969,0.001832503,0.5055561836666667,0.8041765660000001,0.0,1520.0
0.8418413836449751,0.0410663925,0.547352255,0.7984372230000001,0.0,1520.0
0.8454182198956162,0.014286037,0.5559011645,0.739050098,0.0,1520.0
0.8642129818864793,0.0,0.5537768435,0.6979853655,0.0,1520.0
0.8399739110926122,0.0,0.5320466835,0.6539523105,0.0,1520.0
0.7750181449022092,0.0,0.440716167,0.6247288166666666,0.0,1520.0
0.7679054235175692,0.0,0.34993471433333334,0.502546209,0.0,1520.0
0.7876754247055607,0.0,0.24649958566666666,0.3078757966666667,0.0,1520.0
0.8381954454265547,0.0026708533333333335,0.17764891633333332,0.22097443566666666,0.0,1520.0
0.8453294009473806,0.0478572725,0.129303141,0.205092429,0.0,1520.0
0.8483384446100409,0.010786356666666668,0.09887860966666667,0.19216508666666665,0.0,1520.0
0.8694938067649185,0.0,0.10054123000000001,0.21837673400000002,0.0,1520.0
0.8660543299008556,0.0,0.12200339766666667,0.29631557366666667,0.0,1520.0
0.8034292806480293,0.0,0.2000467674,0.433399875,0.0,1520.0
0.8087420228816133,0.0,0.24673227525,0.441684607,0.0,1520.0
0.8945627375147076,0.0,0.2920032445,0.4673469135,0.0,1520.0
0.8884837482508533,0.002088595,0.3824163356666667,0.5883930126666667,0.0,1520.0
0.8882375405217586,0.0159342395,0.515025148,0.742095089,0.0,1520.0
0.8877356341128879,0.00319432125,0.6828965579999999,0.8395303285,0.0,1520.0
0.8937138418342938,0.0,0.844550576,0.862848127,0.0,1520.0
0.8635072901696237,0.0,0.881477505,0.933615815,0.0,1520.0
0.7786910919106216,0.0,0.791167744,0.9347361860000001,0.0,1520.0
