Demand,Avail_Sol,Avail_Wind_On,Avail_Wind_Off,Hyd_In,HydRoR_In
0.6679120534755748,0.0,0.5062512586666666,0.6875812213333333,7983.0,1543.0
0.675326000400137,0.0,0.44603769299999996,0.6317083625,7983.0,1543.0
0.7912992751245047,0.0,0.42231920300000003,0.6463734865,7983.0,1543.0
0.9152470619900015,0.002259327,0.42304525800000004,0.702046438,7983.0,1543.0
0.9185858714004353,0.249499137,0.423026053,0.683030505,7983.0,1543.0
0.8961729346077507,0.46696939449999997,0.435599397,0.5932058755,7983.0,1543.0
0.8805381951228608,0.59337881,0.5400353055,0.5701513064999999,7983.0,1543.0
0.8764272057415167,0.46598853300000004,0.5907545915,0.60569422,7983.0,1543.0
0.8930694176239289,0.198958564,0.5891531815,0.682348116,7983.0,1543.0
0.8968660752644391,0.0011682345,0.5822232385,0.747704577,7983.0,1543.0
0.8431254569952479,0.0,0.5516822505000001,0.7408969655,7983.0,1543.0
0.7798161450881337,0.0,0.495165361,0.718021768,7983.0,1543.0
0.6980203513308425,0.0,0.488674387,0.6779087475000001,7983.0,1543.0
0.6583745137576735,0.0,0.46518907200000004,0.644813791,7983.0,1543.0
0.6710905752615859,0.0,0.447366748,0.6302291955,7983.0,1543.0
0.7840079065498605,0.0,0.4391699995,0.655759211,7983.0,1543.0
0.9044433297889068,0.0017884995,0.426197429,0.6822503310000001,7983.0,1543.0
0.9114542439676311,0.173524099,0.399536249,0.674091129,7983.0,1543.0
0.8860205757238573,0.3363491095,0.3715045835,0.6440939219999999,7983.0,1543.0
0.8720121390864328,0.453086547,0.4139855355,0.652509942,7983.0,1543.0
0.8672169525095714,0.413914632,0.42888818900000003,0.6451788249999999,7983.0,1543.0
0.8830290626005362,0.1925616075,0.4026512705,0.6333348615000001,7983.0,1543.0
0.8908115481094577,0.001256695,0.424532914,0.6394550585000001,7983.0,1543.0
0.8430123294153846,0.0,0.441238865,0.658538198,7983.0,1543.0
0.7798171284644015,0.0,0.441022287,0.67755831,7983.0,1543.0
0.6957253033224831,0.0,0.4325439565,0.7199922009999999,7983.0,1543.0
0.6544017029549485,0.0,0.427542751,0.7191920039999999,7983.0,1543.0
0.6655389882968754,0.0,0.4154728975,0.714921894,7983.0,1543.0
0.7764409533547358,0.0,0.3997265015,0.7389344265,7983.0,1543.0
0.880092240157891,0.001523461,0.37719859349999996,0.7319815845,7983.0,1543.0
0.8826689833965462,0.16962392,0.34435789650000004,0.67720001,7983.0,1543.0
0.8633127393486304,0.31792953749999997,0.356461135,0.6329516785,7983.0,1543.0
0.8555617196874188,0.38341402300000005,0.41553049,0.6336587220000001,7983.0,1543.0
0.8544790473501634,0.322856507,0.426946313,0.648600533,7983.0,1543.0
0.8638284157559639,0.164429053,0.40222593149999997,0.616833261,7983.0,1543.0
0.8720115772267515,0.001309423,0.4033523805,0.6246443635000001,7983.0,1543.0
0.8413324595253886,0.0,0.410041808,0.6675910844999999,7983.0,1543.0
0.7470634351778969,0.0,0.394140319,0.6651060295,7983.0,1543.0
0.6671743283300094,0.0,0.406302203,0.68603094,7983.0,1543.0
0.6517056747455836,0.0,0.40152460300000004,0.666380497,7983.0,1543.0
0.7047672699150536,0.0,0.397616399,0.637897749,7983.0,1543.0
0.8169888618440924,0.0,0.397509179,0.610580128,7983.0,1543.0
0.8747456033290111,0.0017013655,0.40503698050000003,0.6010029385,7983.0,1543.0
0.8759310551357551,0.2185258135,0.392912163,0.573026834,7983.0,1543.0
0.8608129753532495,0.4235594035,0.4135673715,0.53540044,7983.0,1543.0
0.8559760682991496,0.470315633,0.45562747049999996,0.5539823615,7983.0,1543.0
0.8605333872998014,0.345956669,0.44960312550000003,0.533298213,7983.0,1543.0
0.8813357541282673,0.0606246055,0.459519625,0.583428317,7983.0,1543.0
0.8715129917332705,0.0,0.47527476,0.6431577325,7983.0,1543.0
0.8197215299969631,0.0,0.4741294,0.646065694,7983.0,1543.0
0.7458416945290349,0.0,0.4901766455,0.61788378,7983.0,1543.0
0.6682123536141726,0.0,0.49588078599999996,0.6371368934999999,7983.0,1543.0
0.6618111859186911,0.0,0.5088717663333333,0.6386799013333334,7983.0,1543.0
0.7774824202121853,0.0,0.494511429,0.6506673825,7983.0,1543.0
0.8877581332043646,0.0016945245,0.4918879385,0.5652336025,7983.0,1543.0
0.8940006600056358,0.124049067,0.489621279,0.468830719,7983.0,1543.0
0.8820327342406615,0.262664426,0.471025839,0.5622325454999999,7983.0,1543.0
0.8765632304434736,0.308450842,0.4948082155,0.6880533135,7983.0,1543.0
0.8788633354326159,0.257965413,0.4364102605,0.742692078,7983.0,1543.0
0.9066444482268858,0.115683699,0.333618556,0.763749889,7983.0,1543.0
0.9179804325892994,0.0010583035,0.2666050135,0.683982861,7983.0,1543.0
0.8490789840654986,0.0,0.2308330445,0.6027840870000001,7983.0,1543.0
0.7782379777292954,0.0,0.211328391,0.523952488,7983.0,1543.0
0.6858367292748095,0.0,0.203496296,0.5099936315,7983.0,1543.0
0.6422803105539938,0.0,0.21084016449999998,0.5440599115,7983.0,1543.0
0.6476486504516237,0.0,0.226851818,0.474925842,7983.0,1543.0
0.6751005880299324,0.0,0.251905282,0.47335576749999997,7983.0,1543.0
0.7394588585817814,0.0010127425,0.27586186300000004,0.4576765625,7983.0,1543.0
0.7909450256004891,0.116333932,0.268880351,0.41551376149999997,7983.0,1543.0
0.7882286522717632,0.2492427625,0.312511475,0.42221625399999996,7983.0,1543.0
0.7862600166371216,0.29013147,0.4424230315,0.523527705,7983.0,1543.0
0.7914359788011561,0.237841545,0.496416901,0.543719409,7983.0,1543.0
0.828764901319954,0.1456264515,0.4995724325,0.482057108,7983.0,1543.0
0.8317590366987724,0.000960647,0.518838672,0.4197455725,7983.0,1543.0
0.7888918721542565,0.0,0.53791821,0.417600843,7983.0,1543.0
0.7486474321354925,0.0,0.464597426,0.343663608,7983.0,1543.0
0.6878417240043334,0.0,0.4684450065,0.43422284499999997,7983.0,1543.0
0.645531909482141,0.0,0.445835449,0.547262627,7983.0,1543.0
0.6432315391026906,0.0,0.4146693543333333,0.6663114166666667,7983.0,1543.0
0.6735421336780095,0.0,0.3937325065,0.6923179355,7983.0,1543.0
0.7368570175633389,0.001232306,0.3575981565,0.6464938650000001,7983.0,1543.0
0.7920948907678913,0.116582105,0.329073258,0.60254307,7983.0,1543.0
0.7925403307354284,0.273398282,0.33352444849999996,0.5529335154999999,7983.0,1543.0
0.7897736211791648,0.35456809349999996,0.3280956035,0.44826861149999997,7983.0,1543.0
0.794934412238417,0.3075071505,0.2933254305,0.378935984,7983.0,1543.0
0.8380127545623741,0.152100553,0.2294508965,0.3323192145,7983.0,1543.0
0.845667831119638,0.0009250055,0.176411262,0.299268551,7983.0,1543.0
0.7935679843562671,0.0,0.14453997,0.275150427,7983.0,1543.0
0.7462981148006094,0.0,0.119675457,0.22897989800000002,7983.0,1543.0
0.6952118979068246,0.0,0.106978707,0.168489895,7983.0,1543.0
0.6822860164916423,0.0,0.10655649449999999,0.12877262,7983.0,1543.0
0.7065625618483207,0.0,0.106800268,0.128164063,7983.0,1543.0
0.8137407044080144,0.0,0.11669154100000001,0.14047468899999999,7983.0,1543.0
0.9236370933244724,0.001453776,0.113760374,0.1738691015,7983.0,1543.0
0.9428404091243563,0.221829983,0.101015855,0.194198296,7983.0,1543.0
0.9351302671508614,0.4627664555,0.083227833,0.2345665085,7983.0,1543.0
0.916177883017556,0.6341735355,0.054588234,0.22863831,7983.0,1543.0
0.9110986131849281,0.5466362685,0.0571155655,0.2338923215,7983.0,1543.0
0.9402902622016233,0.2710546785,0.065369981,0.20353006699999998,7983.0,1543.0
0.9468963330894693,0.0010839645,0.0793180015,0.20560283499999998,7983.0,1543.0
0.8602353035208637,0.0,0.086025353,0.22489962200000002,7983.0,1543.0
0.771373998303801,0.0,0.1049701895,0.335030925,7983.0,1543.0
0.6988351650649288,0.0,0.1265876835,0.3328942245,7983.0,1543.0
0.6841318786388222,0.0,0.1488894675,0.3559005545,7983.0,1543.0
0.7087047752519287,0.0,0.174453001,0.378232257,7983.0,1543.0
0.8115975077905727,0.0,0.215846053,0.404910326,7983.0,1543.0
0.921942661132841,0.002055066,0.27833636549999996,0.461826498,7983.0,1543.0
0.9363493387631947,0.1877538675,0.301153561,0.5006704909999999,7983.0,1543.0
0.9223582271884316,0.28991351200000004,0.3454787815,0.5650340890000001,7983.0,1543.0
0.9116425714872274,0.23714642049999998,0.415540743,0.680857762,7983.0,1543.0
0.9234015201304537,0.10798751200000001,0.395333913,0.725231492,7983.0,1543.0
0.9415414552458452,0.01432858,0.3785202135,0.6875782619999999,7983.0,1543.0
0.9065629270002615,0.0,0.354207307,0.6591747020000001,7983.0,1543.0
0.8274343410882039,0.0,0.324412106,0.643277917,7983.0,1543.0
0.756909164866535,0.0,0.261626614,0.6383943015,7983.0,1543.0
0.6829899033847762,0.0,0.2345109045,0.601077055,7983.0,1543.0
0.6694005445477758,0.0,0.2032992925,0.5561555965,7983.0,1543.0
0.6931076823961112,0.0,0.213648713,0.536354391,7983.0,1543.0
0.7922715121465074,0.0,0.24199446349999998,0.5025504494999999,7983.0,1543.0
0.9150830363229192,0.0009670905,0.2844536795,0.4680969865,7983.0,1543.0
0.9241513183015712,0.110540593,0.326456749,0.50776911,7983.0,1543.0
0.9039870734945941,0.2678256605,0.45036669949999997,0.513097033,7983.0,1543.0
0.8937239281940599,0.37165296800000003,0.6160771835000001,0.5754831524999999,7983.0,1543.0
0.8903644694251256,0.31623846899999997,0.7031770454999999,0.751573,7983.0,1543.0
0.9181689474766732,0.1879547875,0.692918598,0.8200951219999999,7983.0,1543.0
0.9227110016480453,0.00147359,0.6477045555000001,0.8218891665,7983.0,1543.0
0.8525778857191606,0.0,0.6292650125,0.80348296,7983.0,1543.0
0.7513588422079329,0.0,0.650989128,0.8027276345000001,7983.0,1543.0
0.6790369928755267,0.0,0.636694001,0.8118790485,7983.0,1543.0
0.6634666135318614,0.0,0.621288902,0.806416976,7983.0,1543.0
0.7146752995115344,0.0,0.6076495515,0.7934033815,7983.0,1543.0
0.8311240050679646,0.0,0.588700187,0.776756981,7983.0,1543.0
0.91046278554563,0.0020495185,0.57247421,0.765448154,7983.0,1543.0
0.9178423008729291,0.222565841,0.544389059,0.757568726,7983.0,1543.0
0.9045912010561559,0.462521403,0.500682909,0.708211194,7983.0,1543.0
0.8927690394628003,0.5915060059999999,0.6320329060000001,0.745330718,7983.0,1543.0
0.890052712996323,0.4733628735,0.6414068150000001,0.737461863,7983.0,1543.0
0.9215139375060353,0.266774765,0.5364548305000001,0.671200374,7983.0,1543.0
0.9265397340206298,0.001404229,0.4541147485,0.5984064495,7983.0,1543.0
0.8551480735221153,0.0,0.4074901785,0.4511075195,7983.0,1543.0
0.7631286542026177,0.0,0.33978338750000003,0.41825800700000004,7983.0,1543.0
0.6924629581578905,0.0,0.312013259,0.386482134,7983.0,1543.0
0.6894242772743882,0.0,0.24819695200000003,0.32855997400000003,7983.0,1543.0
0.8141853951480926,0.0,0.193761545,0.2746862795,7983.0,1543.0
0.9238355817490997,0.0023674605,0.1614868385,0.2194020425,7983.0,1543.0
0.9344703718078584,0.329617162,0.130483648,0.1710301045,7983.0,1543.0
0.9085958367943242,0.6282663323333334,0.104391478,0.12806270066666667,7983.0,1543.0
0.8995760337442107,0.586167798,0.088367243,0.150664217,7983.0,1543.0
0.9277065027341069,0.2665567995,0.0928590455,0.215844163,7983.0,1543.0
0.9268504602921329,0.0014842255,0.09787295,0.2944215555,7983.0,1543.0
0.852757691212955,0.0,0.0936056955,0.3141001755,7983.0,1543.0
0.7908929101506273,0.0,0.110403055,0.303769554,7983.0,1543.0
0.6990771297986031,0.0,0.122983931,0.30256838100000005,7983.0,1543.0
0.6561372469831055,0.0,0.1409998835,0.3221858575,7983.0,1543.0
0.6599829062922806,0.0,0.149747473,0.277588866,7983.0,1543.0
0.6789908943109827,0.0,0.156807244,0.18021959199999998,7983.0,1543.0
0.7446335096586758,0.0018854405,0.16950806499999999,0.209488794,7983.0,1543.0
0.7993050893797334,0.084354951,0.183977592,0.278064929,7983.0,1543.0
0.7941320303198196,0.1941568635,0.15569525299999998,0.4080909525,7983.0,1543.0
0.7885839552623769,0.274483215,0.2075490725,0.464896649,7983.0,1543.0
0.791821811287895,0.2472231505,0.2645058735,0.5065563775,7983.0,1543.0
0.830389331220598,0.132952206,0.271724823,0.544737502,7983.0,1543.0
0.8325312636131483,0.001280898,0.2770129075,0.5489671469999999,7983.0,1543.0
0.7901266298688048,0.0,0.283014901,0.551798442,7983.0,1543.0
0.7486250033922339,0.0,0.276584971,0.511363071,7983.0,1543.0
0.6939085190787593,0.0,0.28416031350000004,0.5002394135,7983.0,1543.0
0.6471710109755225,0.0,0.2624307753333333,0.5361400783333333,7983.0,1543.0
0.6648599652783713,0.0,0.2289169825,0.47827989800000004,7983.0,1543.0
0.7023656029814995,0.0,0.1915324605,0.4479690765,7983.0,1543.0
0.7806602943462182,0.0668165265,0.1612153795,0.40931514,7983.0,1543.0
0.7929311735031355,0.30061281900000003,0.115003095,0.3631951445,7983.0,1543.0
0.787681556635317,0.3625477415,0.121397169,0.3444615665,7983.0,1543.0
0.7895077057755815,0.311427655,0.1279942585,0.3488371565,7983.0,1543.0
0.8290111037166219,0.17512110050000002,0.11953151,0.3580672775,7983.0,1543.0
0.8398590849259551,0.0011088865,0.120989814,0.2977386395,7983.0,1543.0
0.7938265015346282,0.0,0.1300535425,0.2683420885,7983.0,1543.0
0.7554660389146031,0.0,0.124207931,0.30224738,7983.0,1543.0
0.7227943349086894,0.0,0.1365726345,0.315164667,7983.0,1543.0
0.6863583758676463,0.0,0.13798792450000003,0.341463138,7983.0,1543.0
0.6999590193290403,0.0,0.141118809,0.353632514,7983.0,1543.0
0.8171601452308679,0.0,0.14770582599999998,0.417991497,7983.0,1543.0
0.9244402712515599,0.002081472,0.14960298249999998,0.49362940899999996,7983.0,1543.0
0.9397386714440756,0.260292201,0.1386421,0.503346944,7983.0,1543.0
0.9255162008665547,0.5304942625,0.1017633985,0.467099582,7983.0,1543.0
0.9070512580266484,0.709073751,0.1311221405,0.4777905395,7983.0,1543.0
0.8979872840449717,0.5726138759999999,0.163808227,0.49626629,7983.0,1543.0
0.9245664627593579,0.2756231515,0.2045700795,0.5504595299999999,7983.0,1543.0
0.9335778062937404,0.001970677,0.266385082,0.595601206,7983.0,1543.0
0.856560108199458,0.0,0.285307602,0.6322719649999999,7983.0,1543.0
0.7614239439909422,0.0,0.29038455900000004,0.607469371,7983.0,1543.0
0.6864267393606213,0.0,0.300481252,0.584560392,7983.0,1543.0
0.6791484582127172,0.0,0.31019717266666663,0.5628432973333334,7983.0,1543.0
0.7939725934983362,0.0,0.3173831245,0.55332461,7983.0,1543.0
0.9138029057995529,0.0026800125,0.3138176155,0.5545644035,7983.0,1543.0
0.9084794471038242,0.2818133735,0.26546808499999996,0.531798886,7983.0,1543.0
0.8830306546175168,0.469540269,0.228636242,0.5045601395,7983.0,1543.0
0.8696210075498136,0.5357733925,0.271052935,0.528751938,7983.0,1543.0
0.8667190224378347,0.461207404,0.297030005,0.543759864,7983.0,1543.0
0.8817666784127665,0.2754245255,0.32536953550000003,0.574975286,7983.0,1543.0
0.897898973233838,0.0017196095,0.387064699,0.6157382425,7983.0,1543.0
0.8441756800273081,0.0,0.4182719785,0.630063386,7983.0,1543.0
0.7782089934691195,0.0,0.399344244,0.640381107,7983.0,1543.0
0.6983895612825641,0.0,0.41065242700000004,0.6840104285,7983.0,1543.0
0.657769519934857,0.0,0.42739954449999995,0.713407103,7983.0,1543.0
0.6684248892617857,0.0,0.4300946945,0.756782061,7983.0,1543.0
0.7805719835350846,0.0,0.424223793,0.7461241919999999,7983.0,1543.0
0.8948770243388892,0.002736789,0.4037166955,0.7456760005,7983.0,1543.0
0.9052505813205092,0.227343563,0.384268791,0.742558602,7983.0,1543.0
0.8818400521867098,0.467462158,0.2941220795,0.6338325785000001,7983.0,1543.0
0.8692278235376671,0.6584484075,0.3010791485,0.5649584725,7983.0,1543.0
0.8673873931068251,0.657954881,0.28784999099999997,0.5584294505,7983.0,1543.0
0.8855854371668802,0.400983357,0.2623005965,0.5863974375000001,7983.0,1543.0
0.9077649545609912,0.002486082,0.282709353,0.5974975874999999,7983.0,1543.0
0.849020266236471,0.0,0.2761656515,0.554871467,7983.0,1543.0
0.749875704748322,0.0,0.242624322,0.5405193575,7983.0,1543.0
0.6780154497832859,0.0,0.2179210865,0.5690517055,7983.0,1543.0
0.6709373192214647,0.0,0.200897236,0.497283676,7983.0,1543.0
0.6980547672261391,0.0,0.180020449,0.482213666,7983.0,1543.0
0.7987446722760275,0.0,0.162242566,0.506865711,7983.0,1543.0
0.9172630838045942,0.0029270475,0.1432932575,0.501880646,7983.0,1543.0
0.9265726983232575,0.332073879,0.117892706,0.501251288,7983.0,1543.0
0.9094905249706775,0.6333438950000001,0.0696980085,0.4823310625,7983.0,1543.0
0.8831946333411334,0.831368982,0.060227207000000005,0.44719044750000003,7983.0,1543.0
0.8713458287320412,0.7516736925,0.068682406,0.481869193,7983.0,1543.0
0.8827690001862258,0.4154642745,0.07568527250000001,0.499012083,7983.0,1543.0
0.9073711151271002,0.002495019,0.097440429,0.521506297,7983.0,1543.0
0.8498951321960238,0.0,0.116927653,0.5184446275,7983.0,1543.0
0.791796151485992,0.0,0.138400337,0.524592733,7983.0,1543.0
0.7129738903676162,0.0,0.144276076,0.468134598,7983.0,1543.0
0.6730672177621626,0.0,0.14249098300000002,0.4311917765,7983.0,1543.0
0.6875181677912705,0.0,0.1377768305,0.41845019,7983.0,1543.0
0.7997259932647303,0.0,0.1569689495,0.343209814,7983.0,1543.0
0.917830220240045,0.0019153625,0.179103537,0.3939593235,7983.0,1543.0
0.9282465746372346,0.217287991,0.179063724,0.417554254,7983.0,1543.0
0.9071336689050432,0.400023514,0.120104694,0.312899004,7983.0,1543.0
0.8839780513178399,0.5882696654999999,0.135005573,0.3824653025,7983.0,1543.0
0.8689553059985691,0.6682286465,0.191994348,0.464076754,7983.0,1543.0
0.869954209508041,0.527460595,0.2223636155,0.49126294000000004,7983.0,1543.0
0.8916378103639825,0.293844339,0.248111779,0.503526964,7983.0,1543.0
0.9010258088563403,0.0030081,0.2719461895,0.506860111,7983.0,1543.0
0.8465631124513162,0.0,0.2572306835,0.478027105,7983.0,1543.0
0.7809867535009677,0.0,0.209990771,0.5046804,7983.0,1543.0
0.6942640562993991,0.0,0.204619252,0.49133185199999996,7983.0,1543.0
0.6537510320029574,0.0,0.204250007,0.45059876649999997,7983.0,1543.0
0.6565724791833628,0.0,0.217998419,0.479511876,7983.0,1543.0
0.6794989852065335,0.0,0.2374490545,0.49534142800000003,7983.0,1543.0
0.7444115623334903,0.003509017,0.263497942,0.5006777955,7983.0,1543.0
0.7915522904149808,0.362924967,0.2362683745,0.483289784,7983.0,1543.0
0.7720450612374018,0.6526691465000001,0.25226085249999997,0.4879105545,7983.0,1543.0
0.755912321671662,0.728983885,0.318650573,0.512996818,7983.0,1543.0
0.7467063761930408,0.6690125445,0.371396535,0.5351240245,7983.0,1543.0
0.7761813124570122,0.3769320265,0.4174221045,0.567103487,7983.0,1543.0
0.8061941198039836,0.0033465275,0.486924809,0.605267867,7983.0,1543.0
0.7855488954960275,0.0,0.4884983465,0.6438492705000001,7983.0,1543.0
0.7260655532816889,0.0,0.4378804395,0.659332182,7983.0,1543.0
0.6498149782587511,0.0,0.44422073100000004,0.7052227115,7983.0,1543.0
0.6277965132560542,0.0,0.4301804745,0.7147180799999999,7983.0,1543.0
0.6459983735437336,0.0,0.405974236,0.6885788159999999,7983.0,1543.0
0.6883591328529595,0.0,0.37726911799999996,0.6275215055,7983.0,1543.0
0.7474374914333252,0.006728033,0.350010318,0.597970633,7983.0,1543.0
0.7677416707319464,0.28485587,0.287456116,0.5679098775,7983.0,1543.0
0.7506416572380554,0.5373671415000001,0.274266895,0.543922245,7983.0,1543.0
0.7322676005213142,0.611999217,0.30483054249999997,0.5151334085,7983.0,1543.0
0.728898893889635,0.536793022,0.297614318,0.508070389,7983.0,1543.0
0.7530225343075803,0.3402554945,0.2770942755,0.5041916135,7983.0,1543.0
0.7740540360905945,0.006456474,0.292963051,0.504236761,7983.0,1543.0
0.7782844508669603,0.0,0.292321026,0.5393010075,7983.0,1543.0
0.7646305916268579,0.0,0.25836966299999997,0.5378136815,7983.0,1543.0
0.6980682760611763,0.0,0.2303201405,0.5307086135,7983.0,1543.0
0.6575649678438804,0.0,0.2250837395,0.526900807,7983.0,1543.0
0.6702055719499518,0.0,0.2295740885,0.495349513,7983.0,1543.0
0.7838841967108137,0.0,0.22459497750000001,0.484655777,7983.0,1543.0
0.9017485892761662,0.004282397,0.21340766249999998,0.46725839550000003,7983.0,1543.0
0.8990198074412499,0.28801873450000004,0.167143247,0.4535038945,7983.0,1543.0
0.8753654170740048,0.543770298,0.133953311,0.432261997,7983.0,1543.0
0.8668531274119389,0.674394578,0.141820715,0.431329666,7983.0,1543.0
0.8589489922161351,0.6497746959999999,0.14966606300000002,0.440529364,7983.0,1543.0
0.8695847654887273,0.406069098,0.16567544299999998,0.44007832550000003,7983.0,1543.0
0.8882425777503629,0.004206548,0.2097111585,0.4424147535,7983.0,1543.0
0.8479480358153044,0.0,0.216409603,0.39206767249999996,7983.0,1543.0
0.7482673122949322,0.0,0.19597645349999998,0.32291545850000003,7983.0,1543.0
0.6769044019077843,0.0,0.17579345200000002,0.3172861225,7983.0,1543.0
0.667861592444475,0.0,0.1597830975,0.2932567505,7983.0,1543.0
0.6949570096695271,0.0,0.14952512,0.258147215,7983.0,1543.0
0.793529822567328,0.0,0.13287049299999998,0.2056665265,7983.0,1543.0
0.9154734576552568,0.0043254745,0.115331432,0.188567794,7983.0,1543.0
0.9205411619336502,0.210525624,0.094943819,0.170634864,7983.0,1543.0
0.8902757841220881,0.4251009565,0.0586242025,0.1208525305,7983.0,1543.0
0.8770177074342451,0.6557966479999999,0.051525587,0.11575597500000001,7983.0,1543.0
0.869040104821218,0.6874932635,0.0476619095,0.115546751,7983.0,1543.0
0.8862926719900199,0.42066848300000004,0.051298496,0.1123470315,7983.0,1543.0
0.9014613687674697,0.0047692415,0.06131189150000001,0.118386222,7983.0,1543.0
0.848832500657773,0.0,0.0478911395,0.12463945100000001,7983.0,1543.0
0.7835877517298883,0.0,0.044821593,0.117871082,7983.0,1543.0
0.7096602960144168,0.0,0.044757925000000004,0.12323070950000001,7983.0,1543.0
0.6755083343437143,0.0,0.045398851500000004,0.1360634635,7983.0,1543.0
0.690457682579743,0.0,0.0549263785,0.152100275,7983.0,1543.0
0.8086498923304508,0.0,0.0682214555,0.1939779305,7983.0,1543.0
0.9217530226073218,0.0048275505,0.08310411000000001,0.24349806550000003,7983.0,1543.0
0.9226022756272205,0.332222825,0.084523572,0.30444004599999996,7983.0,1543.0
0.8992877830782149,0.6431115425,0.076978575,0.3035861355,7983.0,1543.0
0.8846745633762672,0.770579111,0.0955112585,0.289884135,7983.0,1543.0
0.8812418712577013,0.65956563,0.100190163,0.302442607,7983.0,1543.0
0.9008170190211529,0.3836812315,0.107458106,0.338159624,7983.0,1543.0
0.9195548072734635,0.0044085885,0.123104246,0.38888958650000005,7983.0,1543.0
0.8478831372861314,0.0,0.126400127,0.348546285,7983.0,1543.0
0.776809507722279,0.0,0.111984276,0.338979503,7983.0,1543.0
0.7014600671015097,0.0,0.1200344815,0.2926605955,7983.0,1543.0
0.6621786164856548,0.0,0.1308043475,0.25034247049999997,7983.0,1543.0
0.6724695519930208,0.0,0.1540006555,0.2222402275,7983.0,1543.0
0.7856557485700311,0.0,0.18590440949999998,0.2274468785,7983.0,1543.0
0.9084141739203133,0.003148889,0.215052213,0.28802399850000004,7983.0,1543.0
0.9159580895690326,0.100482808,0.223418412,0.363980545,7983.0,1543.0
0.9027155118592782,0.2321448645,0.2249163535,0.4139690485,7983.0,1543.0
0.8913181406313082,0.3270416295,0.3313604895,0.587195901,7983.0,1543.0
0.8960225816717504,0.3154129495,0.3833149475,0.704223157,7983.0,1543.0
0.9235076709204643,0.19254928500000001,0.4188629565,0.7575666514999999,7983.0,1543.0
0.9234659973054743,0.003728116,0.4195366035,0.753070005,7983.0,1543.0
0.8492026002612653,0.0,0.427457068,0.7309705645,7983.0,1543.0
0.7784518245452656,0.0,0.449400228,0.744893381,7983.0,1543.0
0.7015701042906918,0.0,0.4958765965,0.7517613974999999,7983.0,1543.0
0.6626292304677706,0.0,0.537673606,0.7707900695000001,7983.0,1543.0
0.6734918209222047,0.0,0.566268185,0.826743616,7983.0,1543.0
0.7856444639456373,0.0,0.5764420189999999,0.847469297,7983.0,1543.0
0.9094714206044751,0.002927065,0.5574728055,0.8177692365,7983.0,1543.0
0.9254409540645729,0.220154347,0.541011544,0.787259782,7983.0,1543.0
0.9134465726516398,0.434779355,0.4869412935,0.715081869,7983.0,1543.0
0.9093705142442419,0.5688801235000001,0.6040241209999999,0.7074231049999999,7983.0,1543.0
0.9127965104215786,0.5176716275,0.6684291090000001,0.7521616465000001,7983.0,1543.0
0.9353814329662491,0.31643386149999997,0.6542223309999999,0.7069559645,7983.0,1543.0
0.9346984531333746,0.0059289125,0.597287591,0.6776655025,7983.0,1543.0
0.8545414642918023,0.0,0.578332183,0.6706540635,7983.0,1543.0
0.7479286318393354,0.0,0.5308397995,0.5866344555,7983.0,1543.0
0.6656058067163355,0.0,0.50751491,0.5765936295,7983.0,1543.0
0.6483357272795287,0.0,0.4872335385,0.54091309,7983.0,1543.0
0.6652839596352664,0.0,0.47367217,0.5009372725,7983.0,1543.0
0.7014326982488303,0.0,0.464681552,0.49165613599999997,7983.0,1543.0
0.7778850860734515,0.14093456650000002,0.44609972350000004,0.46168546450000003,7983.0,1543.0
0.7878256819277063,0.48849658500000004,0.3858264855,0.325406782,7983.0,1543.0
0.7778347733988636,0.609846283,0.4784928995,0.3278174605,7983.0,1543.0
0.773543510307324,0.501311727,0.502247374,0.3687358125,7983.0,1543.0
0.8162723557676919,0.29733595150000003,0.433670277,0.41333750849999995,7983.0,1543.0
0.8288412250602666,0.0064672975,0.416998794,0.448582801,7983.0,1543.0
0.7885105113168862,0.0,0.436176792,0.4645094965,7983.0,1543.0
0.7101289841783633,0.0,0.43344636166666667,0.40596184566666665,7983.0,1543.0
0.6494886829188291,0.0,0.4376582365,0.377549345,7983.0,1543.0
0.6491281121079223,0.0,0.454663629,0.4010042365,7983.0,1543.0
0.675172744360016,0.0,0.475355979,0.446246009,7983.0,1543.0
0.7356452271424319,0.004427368,0.501140715,0.4652871945,7983.0,1543.0
0.7807492137168476,0.362613109,0.4423881545,0.47192429049999995,7983.0,1543.0
0.7647208220034101,0.6329871309999999,0.44981228100000004,0.4844455225,7983.0,1543.0
0.7494162644200479,0.6959697215,0.5369588615,0.5767801655,7983.0,1543.0
0.7484737138609974,0.620863511,0.560701676,0.602217591,7983.0,1543.0
0.7758047042800682,0.399670764,0.5124843015,0.634608764,7983.0,1543.0
0.798899309656053,0.008076932,0.485569202,0.644831403,7983.0,1543.0
0.7849990841232379,0.0,0.452560289,0.5621429375,7983.0,1543.0
0.7519640467890429,0.0,0.443466176,0.476673534,7983.0,1543.0
0.7008292027997142,0.0,0.4093187405,0.4293536575,7983.0,1543.0
0.6654534168562521,0.0,0.394804793,0.396745799,7983.0,1543.0
0.6832136300135028,0.0,0.374672197,0.3740282035,7983.0,1543.0
0.7972278682297957,0.0,0.35845170849999997,0.351159438,7983.0,1543.0
0.9163989406909708,0.006548487,0.340068364,0.334783449,7983.0,1543.0
0.9178423008729291,0.322408137,0.317650836,0.320897064,7983.0,1543.0
0.8924823341139707,0.6202474295,0.24713398199999997,0.291540131,7983.0,1543.0
0.8737985812018089,0.8250155400000001,0.240348827,0.2909337735,7983.0,1543.0
0.8639362054252038,0.7861062384999999,0.2526185545,0.327677993,7983.0,1543.0
0.8761048670535305,0.48994241,0.2508734315,0.3725724305,7983.0,1543.0
0.8955701181333289,0.0090859555,0.2714152005,0.4007446775,7983.0,1543.0
0.8479264498615677,0.0,0.2605373355,0.3814839645,7983.0,1543.0
0.7784518245452656,0.0,0.238292927,0.346413089,7983.0,1543.0
0.704993408040984,0.0,0.207187862,0.3833092985,7983.0,1543.0
0.6732697330102733,0.0,0.1951228865,0.402982242,7983.0,1543.0
0.6887905956878411,0.0,0.1905758185,0.39198248300000005,7983.0,1543.0
0.8072996891821156,0.0,0.1859215865,0.3891228565,7983.0,1543.0
0.9209475035170118,0.00744692,0.186134552,0.4035674855,7983.0,1543.0
0.9282465746372346,0.324329673,0.171408146,0.410789824,7983.0,1543.0
0.8996509058106374,0.619762015,0.112200726,0.39309137699999996,7983.0,1543.0
0.8782836033668484,0.820112437,0.1143396245,0.389052313,7983.0,1543.0
0.8696903075568079,0.752056115,0.109654435,0.357383813,7983.0,1543.0
0.8843297021393082,0.4516243795,0.116041606,0.38491121949999996,7983.0,1543.0
0.9043990339996367,0.0083757125,0.147314856,0.3780007045,7983.0,1543.0
0.8755791233844461,0.0,0.153866447,0.349544577,7983.0,1543.0
0.8016517144500063,0.0,0.14594560950000002,0.3085185495,7983.0,1543.0
0.7105241581981995,0.0,0.13522129700000002,0.273919471,7983.0,1543.0
0.6754916648652315,0.0,0.1233307595,0.25810727749999995,7983.0,1543.0
0.6907936706082951,0.0,0.11051621349999999,0.2400214165,7983.0,1543.0
0.8089605484304065,0.0,0.1010965125,0.21728411749999998,7983.0,1543.0
0.9212999035659388,0.008403474,0.10054746149999999,0.2179531565,7983.0,1543.0
0.9318792066918797,0.327424697,0.089496864,0.210819876,7983.0,1543.0
0.904236881279376,0.6290712005,0.049095911,0.2018667505,7983.0,1543.0
0.8817177937778977,0.8425211615,0.050415768,0.2529859705,7983.0,1543.0
0.8709632271415124,0.790771639,0.072217216,0.32838496,7983.0,1543.0
0.8873722538553772,0.4743607645,0.094927096,0.4362472795,7983.0,1543.0
0.9116210322333053,0.012219413,0.1046255015,0.47568460749999997,7983.0,1543.0
0.854290158052103,0.0,0.1089419455,0.508343023,7983.0,1543.0
0.7627305536340003,0.0,0.11119105500000001,0.487806397,7983.0,1543.0
0.696523026142717,0.0,0.11612390650000001,0.4839583555,7398.0,1430.0
0.6913898692723078,0.0,0.14524814,0.5381762320000001,7398.0,1430.0
0.8246894282439702,0.0,0.20278037,0.567037504,7398.0,1430.0
0.9563399588577395,0.0067817645,0.2500288855,0.602420059,7398.0,1430.0
0.9632679940228851,0.184994685,0.27077439,0.620491311,7398.0,1430.0
0.9413336957303913,0.376287617,0.2528560245,0.5675545815,7398.0,1430.0
0.9239100792424058,0.49284088049999997,0.42481495550000004,0.6113741005,7398.0,1430.0
0.9267974551092836,0.407759759,0.5259952465,0.6855730145000001,7398.0,1430.0
0.9579672919437214,0.26727069600000003,0.5432511019999999,0.732853239,7398.0,1430.0
0.96674259390525,0.0123356485,0.548922179,0.7790760775,7398.0,1430.0
0.8751504934009207,0.0,0.5510823695,0.764693835,7398.0,1430.0
0.7717374722188286,0.0,0.53280059,0.7461509665,7398.0,1430.0
0.6958724019717575,0.0,0.49646650849999996,0.7429503584999999,7398.0,1430.0
0.6828861874824852,0.0,0.5021115165,0.707206935,7398.0,1430.0
0.7420348292024619,0.0,0.535031657,0.6504464155,7398.0,1430.0
0.8780919046079474,0.0,0.548735464,0.664311358,7398.0,1430.0
0.9632310495965886,0.0053032495,0.5369369165,0.68836963,7398.0,1430.0
0.9668816152733909,0.275614962,0.499078747,0.630647754,7398.0,1430.0
0.9511925596809457,0.5306133875000001,0.508480174,0.5728833135,7398.0,1430.0
0.9369281811771917,0.7043923299999999,0.596930913,0.573168992,7398.0,1430.0
0.9305087052052151,0.6539120045,0.624012821,0.5719819024999999,7398.0,1430.0
0.9601131106542262,0.43744744849999995,0.571571042,0.614709395,7398.0,1430.0
0.9712139902014563,0.0179919535,0.49683294450000004,0.6210250655,7398.0,1430.0
0.877825286757937,0.0,0.45758530799999997,0.6181425650000001,7398.0,1430.0
0.7734547313610065,0.0,0.37102963099999997,0.6001359239999999,7398.0,1430.0
0.6863707842926197,0.0,0.36038218,0.6312786515,7398.0,1430.0
0.6683703623147201,0.0,0.3537104255,0.6118054125,7398.0,1430.0
0.6744227589023382,0.0,0.3364227405,0.5952704595,7398.0,1430.0
0.7225836956796305,0.0,0.3277601395,0.603778634,7398.0,1430.0
0.8059484324859653,0.179984795,0.29833588099999997,0.5925687740000001,7398.0,1430.0
0.8058227091945683,0.5672461529999999,0.29710330900000004,0.5346609419999999,7398.0,1430.0
0.7930935602909882,0.6582495155000001,0.3566881255,0.5467905515,7398.0,1430.0
0.7828073773628315,0.5574108474999999,0.3962766765,0.5449444175,7398.0,1430.0
0.8109522683924852,0.382081576,0.413352727,0.581281724,7398.0,1430.0
0.8409850229763981,0.1223471545,0.4112329435,0.6401402460000001,7398.0,1430.0
0.8200410125242941,0.0,0.4204802245,0.724657917,7398.0,1430.0
0.7857121719356508,0.0,0.426891157,0.708487174,7398.0,1430.0
0.7361201898393104,0.0,0.4279721205,0.6615413875,7398.0,1430.0
0.6732241729961119,0.0,0.40415766200000003,0.694001323,7398.0,1430.0
0.6545890705700097,0.0,0.375931824,0.6305322375,7398.0,1430.0
0.6669023959598914,0.0,0.3252152445,0.547681681,7398.0,1430.0
0.7138332340397817,0.0,0.284443447,0.522762588,7398.0,1430.0
0.7995250701148172,0.07186692350000001,0.261748488,0.4936576025,7398.0,1430.0
0.8113983637817668,0.313462433,0.3061345985,0.469013658,7398.0,1430.0
0.808706994670765,0.4153052395,0.335445063,0.436383401,7398.0,1430.0
0.8169112738788883,0.3945459395,0.3268615745,0.3848770155,7398.0,1430.0
0.8639954381704471,0.23918596600000003,0.309211038,0.404914508,7398.0,1430.0
0.8632342617316557,0.0160618405,0.2657114395,0.4611478455,7398.0,1430.0
0.805855907646005,0.0,0.241169183,0.510846438,7398.0,1430.0
0.76482477205451,0.0,0.243794887,0.526899311,7398.0,1430.0
0.7238015966291356,0.0,0.25327614049999997,0.48705911,7398.0,1430.0
0.6841772280571246,0.0,0.2592953225,0.521418402,7398.0,1430.0
0.6943975524703563,0.0,0.261706266,0.605715426,7398.0,1430.0
0.7780868288660219,0.0,0.279364389,0.630562012,7398.0,1430.0
0.913133177424825,0.0,0.2929045345,0.6331614605,7398.0,1430.0
0.9745281230238212,0.012372869,0.306572404,0.620746566,7398.0,1430.0
0.9683914192204712,0.23572373,0.287199268,0.5665307980000001,7398.0,1430.0
0.9651428404302409,0.44640250449999996,0.340441606,0.549048748,7398.0,1430.0
0.958908648368211,0.49427213150000004,0.3828416595,0.5731556925,7398.0,1430.0
0.9597228298274174,0.417715811,0.395780752,0.606471419,7398.0,1430.0
0.9821968255311353,0.2619418235,0.398573475,0.6281324189999999,7398.0,1430.0
0.9767759721387901,0.0188160765,0.387715303,0.6610523445,7398.0,1430.0
0.8749808020311258,0.0,0.3948832355,0.6289642575000001,7398.0,1430.0
0.7730446204122694,0.0,0.379403273,0.5040768945,7398.0,1430.0
0.6968632283625299,0.0,0.4026876895,0.49329033499999997,7398.0,1430.0
0.6827607450397117,0.0,0.4375824005,0.4577453085,7398.0,1430.0
0.7060381292663763,0.0,0.441554602,0.452271671,7398.0,1430.0
0.8280893667369846,0.0,0.4537363365,0.48992358449999995,7398.0,1430.0
0.9652337264721889,0.008272271,0.4410115885,0.5309502225,7398.0,1430.0
0.9717632396333473,0.230561826,0.399648776,0.507792474,7398.0,1430.0
0.9608074687547744,0.422728406,0.361616045,0.42281315249999996,7398.0,1430.0
0.9436913478045159,0.533498016,0.4269216615,0.44625525050000003,7398.0,1430.0
0.9434697282714197,0.469336601,0.463493844,0.48115839650000003,7398.0,1430.0
0.9780194391657006,0.28094088500000003,0.43649457199999997,0.466157099,7398.0,1430.0
0.9798933022780054,0.0226257855,0.382879232,0.4551986795,7398.0,1430.0
0.8797507502414539,0.0,0.36741168700000004,0.48191380549999996,7398.0,1430.0
0.8159945938800337,0.0,0.344173087,0.543215037,7398.0,1430.0
0.7300476821187062,0.0,0.3197889175,0.529863418,7398.0,1430.0
0.692498357429455,0.0,0.3050312105,0.5139997734999999,7398.0,1430.0
0.7039112273918624,0.0,0.311584196,0.490881429,7398.0,1430.0
0.7910672840093012,0.0,0.321197431,0.472296766,7398.0,1430.0
0.9220539626281317,0.0,0.3321590925,0.4775697035,7398.0,1430.0
0.9825138262272809,0.046177616,0.332444537,0.448564242,7398.0,1430.0
0.9799078646608579,0.366272751,0.305178245,0.393120968,7398.0,1430.0
0.966498451823181,0.6382650750000001,0.30259064199999997,0.3767593765,7398.0,1430.0
0.9485703032091608,0.7508789195000001,0.388838781,0.3219981065,7398.0,1430.0
0.9433334226396222,0.583120251,0.402315965,0.37475462849999996,7398.0,1430.0
0.9734811777502196,0.3293138355,0.3798858545,0.357466022,7398.0,1430.0
0.9794356412532725,0.022407524,0.33535803399999997,0.39174541100000004,7398.0,1430.0
0.8799178662992173,0.0,0.33278780399999996,0.436491163,7398.0,1430.0
0.7823274279379346,0.0,0.287287053,0.428445822,7398.0,1430.0
0.7068968642166118,0.0,0.2798938985,0.419809609,7398.0,1430.0
0.6911525556777239,0.0,0.27709689000000004,0.373329131,7398.0,1430.0
0.7552502722895628,0.0,0.27547217749999997,0.36449748800000004,7398.0,1430.0
0.9216234596977848,0.0,0.270788322,0.3560251965,7398.0,1430.0
0.9825878087231541,0.2062008715,0.240993375,0.335742479,7398.0,1430.0
0.97303147681039,0.640406056,0.203153089,0.321570365,7398.0,1430.0
0.9624025866031534,0.7827947355,0.20930315449999998,0.263163627,7398.0,1430.0
0.9607870534638661,0.649351732,0.2254448985,0.2193030185,7398.0,1430.0
0.9904535479812095,0.4102733975,0.2031698085,0.190382926,7398.0,1430.0
0.9859294275132116,0.036253122,0.189614539,0.20979165849999998,7398.0,1430.0
0.8815392995336775,0.0,0.182366433,0.2634997335,7398.0,1430.0
0.7837140135716678,0.0,0.1372614035,0.253386815,7398.0,1430.0
0.7070981854113785,0.0,0.115907915,0.2883854225,7398.0,1430.0
0.6912577934254481,0.0,0.10184665849999999,0.317869183,7398.0,1430.0
0.7554043243381743,0.0,0.0991819305,0.3048164385,7398.0,1430.0
0.922686278441379,0.0,0.106610612,0.31179145799999997,7398.0,1430.0
0.9808922995119747,0.1635470735,0.09603179,0.3534049485,7398.0,1430.0
0.968019165740317,0.4477434945,0.103544512,0.3672992745,7398.0,1430.0
0.9497612801318716,0.5815923895,0.17365842399999998,0.4206406525,7398.0,1430.0
0.9392391495177923,0.5264697655,0.24047964449999998,0.4908119745,7398.0,1430.0
0.9635381703987608,0.287582434,0.2893267835,0.49180666549999996,7398.0,1430.0
0.9742620203336776,0.018128142,0.352779172,0.41902735199999996,7398.0,1430.0
0.8766018604488139,0.0,0.3655411005,0.3916050255,7398.0,1430.0
0.8083263595891207,0.0,0.324517252,0.422966808,7398.0,1430.0
0.7116329116102931,0.0,0.3465283775,0.442844302,7398.0,1430.0
0.6655326749151124,0.0,0.34567193366666665,0.48551721666666664,7398.0,1430.0
0.6708654906834707,0.0,0.3266681515,0.520592842,7398.0,1430.0
0.7167614172603947,0.0,0.3203361335,0.532847807,7398.0,1430.0
0.8017319946798207,0.17775824150000002,0.2981674225,0.481714955,7398.0,1430.0
0.8034496518668522,0.5603564165,0.2740233565,0.41478619250000004,7398.0,1430.0
0.7973328952192267,0.694952154,0.365121585,0.4698835085,7398.0,1430.0
0.7919779705133538,0.5691165515000001,0.4194496015,0.5524213490000001,7398.0,1430.0
0.820868445279213,0.406630658,0.413075394,0.561592191,7398.0,1430.0
0.8443346486323906,0.1755393265,0.37228809549999997,0.5674917564999999,7398.0,1430.0
0.8257360223349668,0.0,0.35198178599999996,0.6016604185,7398.0,1430.0
0.7911099877815905,0.0,0.314024564,0.59143847,7398.0,1430.0
0.747400031928379,0.0,0.2537924715,0.5959218854999999,7398.0,1430.0
0.6864300405095958,0.0,0.247810511,0.5571427005,7398.0,1430.0
0.6645490516390906,0.0,0.26127112399999997,0.549992951,7398.0,1430.0
0.6698816177732523,0.0,0.270961699,0.5365973585,7398.0,1430.0
0.716022084395882,0.0,0.28731953099999996,0.5495127205,7398.0,1430.0
0.7942020796354898,0.138722091,0.274774053,0.535663408,7398.0,1430.0
0.7943127723276333,0.398808679,0.2259833885,0.440277344,7398.0,1430.0
0.7707530842299605,0.5375888129999999,0.3488508675,0.47567976700000003,7398.0,1430.0
0.7631833450457282,0.471807482,0.433680884,0.5254681295,7398.0,1430.0
0.7766884668385438,0.317902557,0.458053738,0.593193754,7398.0,1430.0
0.807267567750227,0.13175702350000001,0.43844699600000003,0.6417396554999999,7398.0,1430.0
0.7996255551208981,0.0,0.42754892099999997,0.655375388,7398.0,1430.0
0.769999493384169,0.0,0.4151573025,0.5711684565,7398.0,1430.0
0.701168210966183,0.0,0.3708859485,0.528738861,7398.0,1430.0
0.6605435574635785,0.0,0.3440194185,0.47965831950000004,7398.0,1430.0
0.6716914485364219,0.0,0.323998801,0.36605704549999996,7398.0,1430.0
0.7498952539404097,0.0,0.306827487,0.306572866,7398.0,1430.0
0.8885010949287239,0.0,0.2897139655,0.292487375,7398.0,1430.0
0.9438266232790142,0.12057574,0.264474842,0.278128649,7398.0,1430.0
0.9352288324290894,0.4192363,0.26429958000000003,0.3208285985,7398.0,1430.0
0.9350993163005838,0.6238884285,0.3170861445,0.37796115,7398.0,1430.0
0.9366289736788913,0.6251683695,0.371070017,0.329837543,7398.0,1430.0
0.9641874366203316,0.45131669649999995,0.346633929,0.277916779,7398.0,1430.0
0.9746572645792058,0.054355614,0.270479903,0.246414404,7398.0,1430.0
0.8766913886225902,0.0,0.22539600599999998,0.29461134,7398.0,1430.0
0.7800950308575888,0.0,0.21661202400000001,0.38520525699999997,7398.0,1430.0
0.7044829291199621,0.0,0.2167505885,0.450560098,7398.0,1430.0
0.6902255509590106,0.0,0.22432421000000002,0.478420391,7398.0,1430.0
0.7540233810978549,0.0,0.2472162255,0.497047805,7398.0,1430.0
0.9223127607363333,0.0,0.299844455,0.533921913,7398.0,1430.0
0.9800112527710594,0.1671526695,0.320956694,0.5700656719999999,7398.0,1430.0
0.9563312027643458,0.4746412555,0.352240075,0.5975236815,7398.0,1430.0
0.9342716960966706,0.5675207825,0.5049619815,0.621023886,7398.0,1430.0
0.9274008803868523,0.432767445,0.563221838,0.6272103165,7398.0,1430.0
0.9533351944387061,0.24688861500000003,0.5068619965,0.6070052260000001,7398.0,1430.0
0.9531602587203509,0.022492093,0.4632349535,0.5395193305,7398.0,1430.0
0.8673696934710429,0.0,0.4442375625,0.40992624499999997,7398.0,1430.0
0.7926908710392062,0.0,0.442448579,0.391120805,7398.0,1430.0
0.7079330164727367,0.0,0.42587994799999995,0.4150508395,7398.0,1430.0
0.6701399241933201,0.0,0.43335485650000005,0.4450025905,7398.0,1430.0
0.6805753596474136,0.0,0.43256557900000003,0.4473767,7398.0,1430.0
0.7574641269446044,0.0,0.433840282,0.474328534,7398.0,1430.0
0.8973349741325343,0.0,0.42730053349999997,0.507357237,7398.0,1430.0
0.9483002203953482,0.11135710100000001,0.4130276275,0.5388417395,7398.0,1430.0
0.9214750264896374,0.2930189815,0.433862276,0.543809886,7398.0,1430.0
0.9082469643004868,0.34697460599999996,0.47843261699999995,0.5411307835,7398.0,1430.0
0.9097656647652728,0.28771716599999997,0.472722535,0.553072158,7398.0,1430.0
0.9320868257830219,0.18011735699999998,0.4262148235,0.5721671425,7398.0,1430.0
0.9349361802852724,0.0270100965,0.3862653015,0.551148773,7398.0,1430.0
0.8604215238636126,0.0,0.3712071435,0.5295928595,7398.0,1430.0
0.7521292429565192,0.0,0.3426487815,0.5163841075,7398.0,1430.0
0.6769882175165995,0.0,0.3292521045,0.518092945,7398.0,1430.0
0.6713951598171367,0.0,0.30112679766666667,0.4802744506666667,7398.0,1430.0
0.8026999005579836,0.0,0.273468633,0.45548913550000003,7398.0,1430.0
0.939723172628421,0.039938857,0.24352884400000002,0.4223242705,7398.0,1430.0
0.9287605186844926,0.234656339,0.19205186,0.372059299,7398.0,1430.0
0.9054585282037406,0.4311320205,0.1661328445,0.2872055735,7398.0,1430.0
0.8971603662062684,0.574779272,0.1634674565,0.27165176599999996,7398.0,1430.0
0.8949739506566706,0.466270311,0.15064265500000001,0.3048013275,7398.0,1430.0
0.9074811522350652,0.2545929925,0.129776912,0.2995318305,7398.0,1430.0
0.9131881959788075,0.0308981725,0.1325566775,0.219740186,7398.0,1430.0
0.8551518662780067,0.0,0.1183181045,0.179942426,7398.0,1430.0
0.7517706154264152,0.0,0.095848708,0.170763758,7398.0,1430.0
0.6748516464251884,0.0,0.078125292,0.15048947000000001,7398.0,1430.0
0.6613676189791926,0.0,0.06799445800000001,0.12605409099999998,7398.0,1430.0
0.7176523672857993,0.0,0.060381331999999996,0.09736685749999999,7398.0,1430.0
0.8861179234770082,0.0,0.051139827,0.08483911699999999,7398.0,1430.0
0.9399832818237628,0.133240316,0.042834952499999995,0.090071971,7398.0,1430.0
0.9156553702446816,0.417858976,0.0318445885,0.07537086200000001,7398.0,1430.0
0.8987429819051767,0.6087806984999999,0.0388374445,0.0551959065,7398.0,1430.0
0.894073331414369,0.539315742,0.05511595,0.068883755,7398.0,1430.0
0.9061705859400712,0.3294764455,0.073307208,0.13511764399999998,7398.0,1430.0
0.9141297865521061,0.053376487,0.101473303,0.194400746,7398.0,1430.0
0.8561226752602902,0.0,0.106141878,0.2965409595,7398.0,1430.0
0.7844736213839941,0.0,0.076558851,0.288950809,7398.0,1430.0
0.6906517226643005,0.0,0.0773341355,0.3417056725,7398.0,1430.0
0.6422603399265366,0.0,0.084082094,0.34929763599999997,7398.0,1430.0
0.641651881139918,0.0,0.10069993099999999,0.31890253150000003,7398.0,1430.0
0.6741990556641273,0.0,0.12349114,0.3054949805,7398.0,1430.0
0.7501542861162035,0.040159643,0.148210334,0.2893274465,7398.0,1430.0
0.7928904363209476,0.216029393,0.151747374,0.269018415,7398.0,1430.0
0.780067100145228,0.439171461,0.159064171,0.23486827249999997,7398.0,1430.0
0.7680149141079875,0.6051514899999999,0.202749649,0.215438676,7398.0,1430.0
0.7682738292499852,0.5594599855,0.23808673949999998,0.2387483305,7398.0,1430.0
0.7862114129320935,0.419208481,0.25701448,0.25633064,7398.0,1430.0
0.8097263135523625,0.18971636,0.2581225325,0.271646598,7398.0,1430.0
0.7978581393491938,0.00036149466666666666,0.28210853700000005,0.25351857133333333,7398.0,1430.0
0.7320207425404677,0.0,0.24616999299999998,0.2070007625,7398.0,1430.0
0.6578099527966884,0.0,0.2466079255,0.21497777899999998,7398.0,1430.0
0.6402724595825979,0.0,0.2552785755,0.197923148,7398.0,1430.0
0.6620446520170795,0.0,0.248318015,0.1693620155,7398.0,1430.0
0.7143616465829608,0.0,0.236109912,0.1918368265,7398.0,1430.0
0.7902031876767095,0.20691750799999997,0.19940941,0.2333531415,7398.0,1430.0
0.7924217715204445,0.537526425,0.15579908450000002,0.1908228435,7398.0,1430.0
0.7706612851457262,0.6897666215,0.1977374625,0.20265281899999998,7398.0,1430.0
0.7610829456814219,0.5972680745000001,0.236108162,0.25632356300000003,7398.0,1430.0
0.7766884668385438,0.433604022,0.243892642,0.313383209,7398.0,1430.0
0.8045804595303006,0.1884200915,0.2189630875,0.341677365,7398.0,1430.0
0.7976739792127545,0.00039499133333333335,0.23607217533333333,0.3208241136666667,7398.0,1430.0
0.7383614835185788,0.0,0.22501118250000002,0.2826551465,7398.0,1430.0
0.6775876625892823,0.0,0.1933275265,0.232267296,7398.0,1430.0
0.6652359177899194,0.0,0.17461749399999998,0.2129035645,7398.0,1430.0
0.7234328315845162,0.0,0.1663512855,0.23712412049999998,7398.0,1430.0
0.9017928382031876,0.0,0.1622664075,0.2624763455,7398.0,1430.0
0.9459378858323446,0.1340475505,0.1546025745,0.2470378865,7398.0,1430.0
0.9056042455131107,0.40495165099999997,0.138971391,0.248622528,7398.0,1430.0
0.8966653861821181,0.5290024425,0.16790771,0.3099186115,7398.0,1430.0
0.8954182668236281,0.4011379865,0.2006452515,0.3567729555,7398.0,1430.0
0.9089044247557703,0.22082781350000003,0.21877622000000002,0.39202836799999996,7398.0,1430.0
0.9222698695962664,0.039191822,0.230345385,0.396041651,7398.0,1430.0
0.8577411115849153,0.0,0.257215281,0.388341489,7398.0,1430.0
0.7528370396393402,0.0,0.286069174,0.367743345,7398.0,1430.0
0.6764754442133868,0.0,0.28999767649999997,0.3834698575,7398.0,1430.0
0.6631903030744379,0.0,0.30643147800000003,0.3745119845,7398.0,1430.0
0.7194569070005941,0.0,0.319777695,0.35281075650000004,7398.0,1430.0
0.8925445168255834,0.0,0.335814766,0.3581659105,7398.0,1430.0
0.9343697931584973,0.20205521499999998,0.335045486,0.3544068415,7398.0,1430.0
0.9022837914038546,0.5235325095,0.3257461485,0.29597198950000003,7398.0,1430.0
0.8911664766081677,0.6282641045,0.39861643950000003,0.3071171625,7398.0,1430.0
0.8857682393268586,0.530464056,0.438179167,0.3208924325,7398.0,1430.0
0.8958242806149004,0.403232996,0.452993568,0.3529009,7398.0,1430.0
0.9114327984382062,0.209534775,0.4431184695,0.4246355335,7398.0,1430.0
0.8957357825984235,0.000568728,0.473593495,0.4906087475,7398.0,1430.0
0.8325821149193356,0.0,0.484000511,0.484270721,7398.0,1430.0
0.7521320056363282,0.0,0.455248761,0.6117967635,7398.0,1430.0
0.6774918600720805,0.0,0.454111549,0.62762523,7398.0,1430.0
0.665990117438858,0.0,0.461272856,0.5489757315,7398.0,1430.0
0.7257958919844628,0.0,0.4723560215,0.513045411,7398.0,1430.0
0.9020673224948214,0.0,0.496800662,0.508291058,7398.0,1430.0
0.957234022745558,0.141893503,0.510804613,0.543775614,7398.0,1430.0
0.9390107404001868,0.396589621,0.486931547,0.559468913,7398.0,1430.0
0.9221763613800383,0.6511753220000001,0.5404249265000001,0.5303067375,7398.0,1430.0
0.904670708749213,0.750120793,0.5242974415,0.5002511590000001,7398.0,1430.0
0.8996594746986879,0.6902855165,0.5266818360000001,0.50083911,7398.0,1430.0
0.9227461199897692,0.45336403599999997,0.5129634985,0.4903543225,7398.0,1430.0
0.945003131624587,0.08473208,0.4757281505,0.5144773645,7398.0,1430.0
0.8693612261465612,0.0,0.4657664795,0.44823208299999995,7398.0,1430.0
0.7673609186165062,0.0,0.40941299350000004,0.3765650545,7398.0,1430.0
0.6969972863931684,0.0,0.36965703299999997,0.3733906295,7398.0,1430.0
0.6882608720575221,0.0,0.3255134015,0.45359488800000003,7398.0,1430.0
0.7525772582360877,0.0,0.304746833,0.46763027,7398.0,1430.0
0.9223111218571038,0.0,0.280064965,0.43787515,7398.0,1430.0
0.980853341633328,0.182928905,0.257073203,0.416428249,7398.0,1430.0
0.9726491560684849,0.447335605,0.230635571,0.394314726,7398.0,1430.0
0.956141142803457,0.638566944,0.178684716,0.294677525,7398.0,1430.0
0.935205045655225,0.8172901275,0.2198606945,0.2478942455,7398.0,1430.0
0.9210289778813874,0.902859874,0.2554737515,0.2601298545,7398.0,1430.0
0.9325805883633123,0.7548642845,0.27921802100000004,0.3246054145,7398.0,1430.0
0.9608353292955878,0.3514485295,0.2770860585,0.36871905149999995,7398.0,1430.0
0.9279309318904777,0.0006644185,0.2984567045,0.40245041449999996,7398.0,1430.0
0.831156875727312,0.0,0.260218759,0.38442291549999996,7398.0,1430.0
0.7291797462491916,0.0,0.21365433649999999,0.3381353265,7398.0,1430.0
0.6923981064909661,0.0,0.193838605,0.320951879,7398.0,1430.0
0.7039811361207866,0.0,0.171773128,0.33107998299999997,7398.0,1430.0
0.7902091811715114,0.0,0.166130874,0.324847872,7398.0,1430.0
0.9228154199155464,0.0,0.164879036,0.3473265825,7398.0,1430.0
0.9809250766092589,0.212181497,0.153915135,0.370964396,7398.0,1430.0
0.9764396797898814,0.492983605,0.119024972,0.368281075,7398.0,1430.0
0.9549167331992833,0.774665877,0.098277438,0.3309429155,7398.0,1430.0
0.931805177414975,0.9417815350000001,0.0710294195,0.3039756565,7398.0,1430.0
0.9163445307777013,0.8704806030000001,0.0555670215,0.30593876799999997,7398.0,1430.0
0.9348585455390367,0.690947719,0.05476721,0.328334172,7398.0,1430.0
0.957486452785837,0.360158334,0.0657496995,0.3455844475,7398.0,1430.0
0.9293555622793543,0.0,0.08052317,0.3448591,7398.0,1430.0
0.8316711474854424,0.0,0.08082349650000001,0.319461507,7398.0,1430.0
0.718556826227458,0.0,0.0720614875,0.287135702,7398.0,1430.0
0.6747922653505053,0.0,0.05496370466666667,0.2679466093333333,7398.0,1430.0
0.6824216431487456,0.0,0.043296882999999994,0.26638399,7398.0,1430.0
0.730485372597199,0.0,0.0418494815,0.2881032965,7398.0,1430.0
0.7995273176347595,0.228209895,0.041889464,0.298383642,7398.0,1430.0
0.8198926260971783,0.513826381,0.029832206,0.298885482,7398.0,1430.0
0.8048672586036274,0.7791147365,0.0218539155,0.273692578,7398.0,1430.0
0.7847191213342349,0.9282957775,0.0257095015,0.22462958449999998,7398.0,1430.0
0.7745661303378959,0.8396610309999999,0.033160357,0.22007750399999998,7398.0,1430.0
0.7989760078882696,0.635988504,0.046707925,0.293015708,7398.0,1430.0
0.8294030234226599,0.327795192,0.06518720950000001,0.31192686449999996,7398.0,1430.0
0.8215937543112559,0.0008195965,0.07288728450000001,0.304142146,7398.0,1430.0
0.7873304208924985,0.0,0.064115427,0.297022508,7398.0,1430.0
0.7433338534149545,0.0,0.047007662,0.2576698725,7398.0,1430.0
0.6867263215132594,0.0,0.0375666395,0.214065835,7398.0,1430.0
0.6696395125340492,0.0,0.033795641,0.1976091225,7398.0,1430.0
0.6776564007365953,0.0,0.0382062975,0.158691655,7398.0,1430.0
0.7271382520816905,0.0,0.049737577,0.1891053145,7398.0,1430.0
0.79354944201218,0.215358035,0.060340212,0.193753371,7398.0,1430.0
0.8101202000109361,0.470773247,0.050432115,0.188017755,7398.0,1430.0
0.7903688521418039,0.740818697,0.044828336999999996,0.2080799525,7398.0,1430.0
0.7639660371854915,0.9063241885,0.06400784600000001,0.24436336949999998,7398.0,1430.0
0.7550332180491155,0.855520694,0.081734444,0.2660867075,7398.0,1430.0
0.7699714221662792,0.68619546,0.095163333,0.312026603,7398.0,1430.0
0.8038941553203702,0.3621579035,0.11072954800000001,0.3328786965,7398.0,1430.0
0.8148589632221775,0.0005036395,0.14439437100000002,0.3463713135,7398.0,1430.0
0.7724024011520986,0.0,0.166045196,0.4192680645,7398.0,1430.0
0.7182246074830643,0.0,0.18551683,0.4835540775,7398.0,1430.0
0.6818545537379777,0.0,0.192359588,0.536848124,7398.0,1430.0
0.6945611098398203,0.0,0.195237709,0.5972602645,7398.0,1430.0
0.7814113098799783,0.0,0.199657074,0.65315406,7398.0,1430.0
0.918030909322366,0.0,0.2065263,0.6795865125,7398.0,1430.0
0.9690426520321437,0.229448729,0.206022904,0.691177498,7398.0,1430.0
0.951365435084702,0.473646009,0.175005446,0.677334894,7398.0,1430.0
0.9296762153070793,0.658278248,0.12303227,0.632191831,7398.0,1430.0
0.9109992051171782,0.8306800105,0.149477004,0.568512251,7398.0,1430.0
0.9032297366739428,0.8512928205,0.170839249,0.5519772305,7398.0,1430.0
0.9046319382383436,0.72346385,0.19387728,0.565573956,7398.0,1430.0
0.9222524978337906,0.553635162,0.209439996,0.601094049,7398.0,1430.0
0.9339145668590499,0.366835987,0.233968831,0.635944141,7398.0,1430.0
0.9442766987919644,0.0714912575,0.300537708,0.6394207195,7398.0,1430.0
0.8645761536124824,0.0,0.32924236549999997,0.640260373,7398.0,1430.0
0.7917643109839441,0.0,0.316233026,0.636017155,7398.0,1430.0
0.7096117157811215,0.0,0.3037331935,0.676053503,7398.0,1430.0
0.6774380588807408,0.0,0.295541064,0.7065252755,7398.0,1430.0
0.6925281142263884,0.0,0.2862512015,0.6943752925,7398.0,1430.0
0.8266341131274857,0.0,0.293552592,0.724147689,7398.0,1430.0
0.9513087775702731,0.0,0.298948938,0.733647189,7398.0,1430.0
0.9749767938875683,0.088273328,0.301328618,0.707955221,7398.0,1430.0
0.9685621408287826,0.203978233,0.307693385,0.686070114,7398.0,1430.0
0.9652375192280802,0.354510767,0.2951325025,0.6591692124999999,7398.0,1430.0
0.9636726499459858,0.4392187355,0.330267047,0.737699223,7398.0,1430.0
0.9679303867939995,0.355914795,0.3275301005,0.7180879840000001,7398.0,1430.0
0.9957435741579093,0.1887583945,0.291928939,0.69374989,7398.0,1430.0
0.9819323616390039,0.0228458045,0.2617670225,0.6582392185,7398.0,1430.0
0.9023456931856266,0.0,0.26427369,0.653956098,7398.0,1430.0
0.8295314157505856,0.0,0.3071153675,0.7035761475,7398.0,1430.0
0.7187747232574272,0.0,0.3767587445,0.7497019795,7398.0,1430.0
0.6759784507368862,0.0,0.4544194885,0.76463094,7398.0,1430.0
0.6801816606378344,0.0,0.5182925285,0.7481073684999999,7398.0,1430.0
0.8030691572907369,0.0,0.55863299,0.764185354,7398.0,1430.0
0.933472357950157,0.0,0.569959471,0.774513991,7398.0,1430.0
0.9548907457677255,0.019041638,0.573201046,0.777836076,7398.0,1430.0
0.9498765148885824,0.058109964,0.565716485,0.769429096,7398.0,1430.0
0.9404979748548284,0.126599555,0.537369134,0.731644348,7398.0,1430.0
0.9353047346528154,0.17813735149999999,0.5560260935000001,0.669747468,7398.0,1430.0
0.9324727051320093,0.1425910685,0.5934564625000001,0.6017258045,7398.0,1430.0
0.9515508126379288,0.086176362,0.6160714585,0.5547549195,7398.0,1430.0
0.9440600894586195,0.0186218525,0.6298160319999999,0.5046368445,7398.0,1430.0
0.8619215414787826,0.0,0.636075751,0.49380643199999996,7398.0,1430.0
0.784356420118399,0.0,0.581522567,0.487816326,7398.0,1430.0
0.6987561489787888,0.0,0.608070976,0.51594138,5450.0,1053.5
0.6566291366165746,0.0,0.6358798335,0.6059480465,3502.0,677.0
0.6674365914020133,0.0,0.6470627115,0.6517408695,3502.0,677.0
0.7797188441972314,0.0,0.6469498255,0.6671577325,3502.0,677.0
0.8767038439910294,0.0,0.657037117,0.659977325,3502.0,677.0
0.8996221556180535,0.0602126085,0.663907624,0.6352353079999999,3502.0,677.0
0.8891866032113811,0.1839722125,0.7066851785,0.5364566575,3502.0,677.0
0.88637803267235,0.2633309775,0.775127463,0.5609768065,3502.0,677.0
0.8813707318020281,0.271371393,0.838932908,0.6053461435,3502.0,677.0
0.9004952891363138,0.257611531,0.868950374,0.684089505,3502.0,677.0
0.9104137135429837,0.136195833,0.868348973,0.7818381045,3502.0,677.0
0.8850434923169311,0.0008558095,0.8177313195,0.7102182775,3502.0,677.0
0.8183042510522772,0.0,0.759171835,0.770897313,3502.0,677.0
0.7468765826414854,0.0,0.7179110615,0.7423339345,3502.0,677.0
0.6702657645997301,0.0,0.6453821395,0.7158801025,3502.0,677.0
0.6581044778061097,0.0,0.5400054495,0.7568014285,3502.0,677.0
0.7124349890460997,0.0,0.44215235399999997,0.804328084,3502.0,677.0
0.8562945673689957,0.0,0.388343015,0.686058848,3502.0,677.0
0.9099822740986179,0.14924725,0.39527491800000003,0.395851486,3502.0,677.0
0.8952793390175503,0.2901788665,0.4607017165,0.636043221,3502.0,677.0
0.8871815383103099,0.323852499,0.578266596,0.7243343605,3502.0,677.0
0.8864588983147956,0.2814149045,0.688065126,0.782272297,3502.0,677.0
0.9021350773470835,0.198912146,0.75278378,0.84332988,3502.0,677.0
0.91109369654724,0.12499535649999999,0.7855192635,0.795239896,3502.0,677.0
0.8873258508892596,0.0009518105,0.7827573484999999,0.686359625,3502.0,677.0
0.7989538599936346,0.0,0.8080008110000001,0.7294085255,3502.0,677.0
0.6811254519500436,0.0,0.8016113055,0.789320611,3502.0,677.0
0.6325764116943373,0.0,0.764408601,0.796623209,3502.0,677.0
0.639580380243491,0.0,0.7374983409999999,0.7823045833333334,3502.0,677.0
0.6874069366299614,0.0005557025,0.6880782089999999,0.770619577,3502.0,677.0
0.7414811549022338,0.135568689,0.649843235,0.761010355,3502.0,677.0
0.7665899558458046,0.3240744495,0.625060341,0.7355407414999999,3502.0,677.0
0.7567161550204939,0.4734026615,0.6678954939999999,0.7238984854999999,3502.0,677.0
0.7488178493422304,0.4198253285,0.658408223,0.658987534,3502.0,677.0
0.7517509492817486,0.30420662,0.62133387,0.611291718,3502.0,677.0
0.7827931896343169,0.1480986185,0.5745592184999999,0.596909098,3502.0,677.0
0.8071707349945085,0.0184258135,0.5550409814999999,0.544815914,3502.0,677.0
0.7840529281760735,0.0,0.531080366,0.4790001405,3502.0,677.0
0.703810898430843,0.0,0.4640340966666667,0.514758162,3502.0,677.0
0.6314619924577055,0.0,0.42479782000000005,0.50423701825,3502.0,677.0
0.6648967691991388,0.0,0.327589459,0.4596966525,3502.0,677.0
0.7273245425959867,0.0389869625,0.267954041,0.38648536499999997,3502.0,677.0
0.772764470417923,0.240661041,0.209208786,0.371018494,3502.0,677.0
0.7582946501714216,0.4905977535,0.266310338,0.4533382165,3502.0,677.0
0.750975069954576,0.610802179,0.418373601,0.5209267645,3502.0,677.0
0.7655527500418646,0.46945927099999996,0.5300744454999999,0.4662884555,3502.0,677.0
0.7970829937099476,0.19292569050000002,0.5225590465000001,0.5473376585,3502.0,677.0
0.7904056560896437,0.0007154483333333333,0.526060326,0.7247097843333332,3502.0,677.0
0.7336677417711164,0.0,0.610253399,0.7138307024999999,3502.0,677.0
0.6720146301763641,0.0,0.5800026604999999,0.668604827,3502.0,677.0
0.6581445126230874,0.0,0.595939153,0.70875775,3502.0,677.0
0.7118721136641584,0.0,0.612244665,0.6982258585000001,3502.0,677.0
0.8540985528552651,0.000518397,0.605411836,0.6331273605000001,3502.0,677.0
0.9086693665591842,0.109603901,0.566020034,0.540000808,3502.0,677.0
0.9085239770419034,0.278024401,0.48407725749999997,0.5470148255,3502.0,677.0
0.8972305559462503,0.401049685,0.5100172590000001,0.6837326925,3502.0,677.0
0.8925446104688637,0.392150193,0.5441113375,0.804644666,3502.0,677.0
0.9022085914641216,0.32386016,0.586674226,0.823261542,3502.0,677.0
0.9107982350237995,0.201951593,0.5954034945,0.823676649,3502.0,677.0
0.8918211744648592,0.0011208365,0.5809902,0.7951210479999999,3502.0,677.0
0.798377733397198,0.0,0.5761513629999999,0.7184358565,3502.0,677.0
0.7006624379245558,0.0,0.5843164759999999,0.6513033815,3502.0,677.0
0.662064341633479,0.0,0.5950331935,0.6412658405,3502.0,677.0
0.6759036019797584,0.0,0.6030200375,0.6411316995,3502.0,677.0
0.7861891480036625,0.0,0.5867303454999999,0.6735058745,3502.0,677.0
0.8915134449407571,0.002274719,0.569363664,0.677785393,3502.0,677.0
0.9111747495574632,0.2178185955,0.5467349539999999,0.653287419,3502.0,677.0
0.8989051346254375,0.367313189,0.575662505,0.623263316,3502.0,677.0
0.8883316844075526,0.476574021,0.5789421260000001,0.6512933194999999,3502.0,677.0
0.8819863313557611,0.5106900075,0.595004087,0.7192458614999999,3502.0,677.0
0.8823838232024486,0.439060407,0.618242102,0.748882444,3502.0,677.0
0.8983807957679903,0.3146348615,0.5738806304999999,0.759044107,3502.0,677.0
0.9139349505402752,0.0724177355,0.460292074,0.72853075,3502.0,677.0
0.850115908939598,0.0,0.38477063450000004,0.642166196,3502.0,677.0
0.7861893119809242,0.0,0.37183745,0.593200669,3502.0,677.0
0.7155844406984209,0.0,0.36506479849999995,0.6152414655,3502.0,677.0
0.6756965213577817,0.0,0.3646123395,0.6333338575,3502.0,677.0
0.6887435138282464,0.0,0.3537267395,0.6091339,3502.0,677.0
0.8092324104665432,0.0,0.3123658225,0.576484489,3502.0,677.0
0.904393602364516,0.003005047,0.271121928,0.565236838,3502.0,677.0
0.9230709404277236,0.3581215385,0.230574309,0.543379858,3502.0,677.0
0.9010583049425669,0.669520758,0.22780090949999998,0.5088239715,3502.0,677.0
0.8870825985401782,0.7740813645,0.251235269,0.45831158400000005,3502.0,677.0
0.8814847959771277,0.6483505285,0.24308338699999998,0.3666036615,3502.0,677.0
0.8981104319431202,0.454095717,0.239811136,0.331573993,3502.0,677.0
0.9124430334343205,0.180342118,0.21791291699999998,0.34415961549999996,3502.0,677.0
0.8924555505927054,0.000980026,0.249241345,0.5188047085,3502.0,677.0
0.80033372637684,0.0,0.2825925425,0.5923481195,3502.0,677.0
0.6895246530705839,0.0,0.29506832600000005,0.4935405466666667,3502.0,677.0
0.6691598128516385,0.0,0.28445956866666666,0.48004816400000005,3502.0,677.0
0.7851045793290701,0.0,0.2734413145,0.5142534295000001,3502.0,677.0
0.8871421122964792,0.001372154,0.26208738,0.508811236,3502.0,677.0
0.9091237967689242,0.067312584,0.24182561,0.5042073735,3502.0,677.0
0.8933696552795285,0.184516517,0.23317614399999997,0.46188106549999997,3502.0,677.0
0.8817908398409688,0.298631015,0.3274011065,0.47530999549999997,3502.0,677.0
0.8767338114650391,0.3175668615,0.3889108865,0.5321109785,3502.0,677.0
0.8830816930478305,0.269551901,0.398368439,0.589445213,3502.0,677.0
0.8935945057088347,0.1588783965,0.39159313949999996,0.615912386,3502.0,677.0
0.8796143978286246,0.0011367865,0.374770098,0.6071337075000001,3502.0,677.0
0.7991160127138954,0.0,0.377373681,0.545781627,3502.0,677.0
0.6983226024387923,0.0,0.4009134305,0.528213064,3502.0,677.0
0.6568177450660115,0.0,0.444503466,0.53547822,3502.0,677.0
0.6671577056325582,0.0,0.4840139355,0.6346213475,3502.0,677.0
0.7796348413018559,0.0,0.5098650465000001,0.6880702160000001,3502.0,677.0
0.8725969750764487,0.003439293,0.538229203,0.688772911,3502.0,677.0
0.8857636505624769,0.163585751,0.554766902,0.726254051,3502.0,677.0
0.8741783264692485,0.330924193,0.505674308,0.654968198,3502.0,677.0
0.8698237100844849,0.4082489945,0.5984771495000001,0.6724435245,3502.0,677.0
0.8693761163215028,0.39953762400000004,0.6524561234999999,0.707215042,3502.0,677.0
0.8735300436239455,0.250934321,0.689551042,0.7441466729999999,3502.0,677.0
0.8840509567941649,0.0839182105,0.7069955445,0.743947572,3502.0,677.0
0.8719758970253464,0.001138067,0.7258497505,0.702817448,3502.0,677.0
0.802060420587106,0.0,0.7473068620000001,0.717956263,3502.0,677.0
0.6768226933945998,0.0,0.7497544309999999,0.7917296965,3502.0,677.0
0.628440043440931,0.0,0.737841364,0.7805725324999999,3502.0,677.0
0.6279980217373814,0.0,0.6880109595,0.7395028480000001,3502.0,677.0
0.657411852228071,0.0,0.6307243035000001,0.7291507205,3502.0,677.0
0.7126001853760102,0.0408559875,0.6009088375,0.7513306829999999,3502.0,677.0
0.7523804086906896,0.156049593,0.575676093,0.639102811,3502.0,677.0
0.7489272310284509,0.380670127,0.562467454,0.6073484259999999,3502.0,677.0
0.7456489656128344,0.493641281,0.6257271695,0.6327662755000001,3502.0,677.0
0.7446686747002141,0.446418631,0.6966520365,0.64840115,3502.0,677.0
0.7623338110959886,0.374627748,0.716650702,0.681599801,3502.0,677.0
0.7955713636782946,0.2157241785,0.724437297,0.7289372915,3502.0,677.0
0.7944692592639644,0.0016942975,0.726860614,0.8076593515,3502.0,677.0
0.7616114754208311,0.0,0.7422737245,0.837772816,3502.0,677.0
0.6969424083447148,0.0,0.761586241,0.827886953,3502.0,677.0
0.6483214224360012,0.0,0.7725664409999999,0.8644929029999999,3502.0,677.0
0.6260057399156215,0.0,0.7874029419999999,0.8859962865,3502.0,677.0
0.6450013896808975,0.0,0.805810683,0.9115617155,3502.0,677.0
0.688158490632887,0.002187708,0.8162238374999999,0.9080313505,3502.0,677.0
0.7588143066212067,0.2123905095,0.8002264755,0.8995875095000001,3502.0,677.0
0.7687188710914515,0.392774401,0.850963633,0.894357182,3502.0,677.0
0.7626775016701194,0.5220615024999999,0.87276536,0.9005401909999999,3502.0,677.0
0.7576142692035286,0.5890666625000001,0.879796015,0.9234535745,3502.0,677.0
0.7713013738385337,0.49383493850000004,0.8731974275000001,0.9310337,3502.0,677.0
0.8032334638876597,0.238765183,0.841964642,0.9313786665,3502.0,677.0
0.801718322029956,0.0015762895,0.7922399874999999,0.920742079,3502.0,677.0
0.7642851919207334,0.0,0.7763519315,0.9061627155,3502.0,677.0
0.6978849587413312,0.0,0.750675633,0.8915432115,3502.0,677.0
0.656073729793837,0.0,0.725760965,0.8616285975,3502.0,677.0
0.6670353302711672,0.0,0.701414702,0.811970792,3502.0,677.0
0.7800859001910742,0.0,0.638274614,0.7312546475,3502.0,677.0
0.8894804259368093,0.08416228649999999,0.551647393,0.6470227795,3502.0,677.0
0.8859818519940197,0.4255229485,0.56322607,0.6051684865,3502.0,677.0
0.8737178092026434,0.590346991,0.6263596339999999,0.593819184,3502.0,677.0
0.8673342006374154,0.566099082,0.669481729,0.5887838635,3502.0,677.0
0.8706904753723883,0.46621135300000005,0.6252205685000001,0.5927310895,3502.0,677.0
0.8826102188677039,0.2388756345,0.45222661799999997,0.5710185299999999,3502.0,677.0
0.8784251533472063,0.0018616255,0.3032635795,0.495862523,3502.0,677.0
0.8181078698044972,0.0,0.261155588,0.442619157,3502.0,677.0
0.747473194944029,0.0,0.2403093845,0.4601401045,3502.0,677.0
0.6701564297757583,0.0,0.2421612875,0.4623084825,3502.0,677.0
0.6560832585864224,0.0,0.2396326765,0.402903995,3502.0,677.0
0.6814315192856175,0.0,0.233338492,0.358694034,3502.0,677.0
0.7813340262351307,0.0,0.2175241885,0.317583942,3502.0,677.0
0.8920708418253291,0.025708225,0.22117639449999998,0.252932099,3502.0,677.0
0.8899008148243736,0.190607054,0.283370204,0.2264233625,3502.0,677.0
0.8736802091921684,0.37080847800000005,0.366647754,0.2124080065,3502.0,677.0
0.8675008016165289,0.480728277,0.404367566,0.2315536055,3502.0,677.0
0.8683824102171255,0.441168965,0.389079913,0.342239005,3502.0,677.0
0.8813244694226565,0.21518768700000002,0.30038501500000003,0.404778005,3502.0,677.0
0.8743133679573718,0.0020998375,0.28204274799999995,0.436017012,3502.0,677.0
0.8187150877567402,0.0,0.287667606,0.422415336,3502.0,677.0
0.7475028580976821,0.0,0.33502254350000005,0.445272082,3502.0,677.0
0.6713016125354985,0.0,0.367582705,0.525173613,3502.0,677.0
0.6569529268972296,0.0,0.39391633800000003,0.6394786935,3502.0,677.0
0.7099580753917809,0.0,0.430313444,0.6680726035,3502.0,677.0
0.851782855325971,0.0046238165,0.5011448725000001,0.6583133004999999,3502.0,677.0
0.8927656681422784,0.1144548205,0.6013691925,0.701473692,3502.0,677.0
0.8768181421525039,0.21702403650000002,0.7152330885,0.7447559345000001,3502.0,677.0
0.8720886032510573,0.2523831645,0.7888462475,0.7720331635,3502.0,677.0
0.8770268382631939,0.20746522150000002,0.8137684645000001,0.7840710955,3502.0,677.0
0.889397359555453,0.1377939925,0.8042019655,0.797723988,3502.0,677.0
0.896164740374038,0.033334694,0.7828740350000001,0.789310819,3502.0,677.0
0.8431121120562552,0.0,0.7578935305,0.7364135385,3502.0,677.0
0.7794597182969404,0.0,0.752952303,0.725593943,3502.0,677.0
0.697738773134343,0.0,0.708744701,0.7537574165,3502.0,677.0
0.6556738031406468,0.0,0.6720838865000001,0.718305962,3502.0,677.0
0.6657970138683196,0.0,0.6676959945000001,0.7028457145,3502.0,677.0
0.7782917555301194,0.0,0.6501359325,0.7162397165000001,3502.0,677.0
0.875929743967398,0.006041162,0.614290402,0.768049237,3502.0,677.0
0.8990745450653916,0.21022902249999997,0.581698182,0.775795718,3502.0,677.0
0.8841613217754363,0.47794522700000003,0.5375245985,0.6944216400000001,3502.0,677.0
0.8768219349083952,0.6089727899999999,0.6072682565,0.7349267155,3502.0,677.0
0.8779427222535583,0.582124678,0.663848973,0.7932625355,3502.0,677.0
0.8853980930235518,0.444404974,0.658332293,0.810158519,3502.0,677.0
0.8990995492831159,0.257682378,0.5428365614999999,0.7949270724999999,3502.0,677.0
0.888988910876461,0.002343935,0.41862624049999997,0.7035439115,3502.0,677.0
0.7982807601359507,0.0,0.395559585,0.6039639255,3502.0,677.0
0.6888701112860262,0.0,0.3489159766666667,0.5540940986666666,3502.0,677.0
0.6613834221964205,0.0,0.2945078605,0.45425171350000004,3502.0,677.0
0.7165112348212751,0.0,0.280392345,0.43182755,3502.0,677.0
0.8631275023009324,0.007789728,0.274893351,0.436400024,3502.0,677.0
0.9077560578808515,0.290011458,0.29125513000000003,0.388832596,3502.0,677.0
0.8903853998759007,0.5907848075,0.31609618650000004,0.374846044,3502.0,677.0
0.8816311687894591,0.7625545764999999,0.39074005700000003,0.3946076895,3502.0,677.0
0.8801570450437839,0.6993020759999999,0.4852583545,0.48888843449999997,3502.0,677.0
0.8901098385647189,0.531615082,0.544346238,0.543427926,3502.0,677.0
0.9082536132982503,0.290163985,0.509912821,0.557131703,3502.0,677.0
0.8929646715643387,0.0026380455,0.4529208495,0.5738681054999999,3502.0,677.0
0.7995810954355833,0.0,0.41239176850000003,0.5684643730000001,3502.0,677.0
0.7032555462401202,0.0,0.392437306,0.537224907,3502.0,677.0
0.6573572550282409,0.0,0.42335913449999996,0.5306826005,3502.0,677.0
0.6381585280739558,0.0,0.45762216099999997,0.5610987805000001,3502.0,677.0
0.6591925115257213,0.0,0.47591559250000004,0.5599787905,3502.0,677.0
0.6977721354818244,0.008215105,0.47273999499999997,0.5649105095,3502.0,677.0
0.7651020423352515,0.152855556,0.46887159,0.5834298245,3502.0,677.0
0.7869847168660175,0.26127037399999997,0.50376975,0.661135649,3502.0,677.0
0.7843979533090772,0.33005925,0.4969988735,0.7322926535000001,3502.0,677.0
0.7834660553431916,0.31040459649999996,0.504323368,0.7393438004999999,3502.0,677.0
0.8196493268858482,0.239474622,0.484759217,0.718371188,3502.0,677.0
0.8325816466217175,0.144929573,0.41702772499999996,0.6507932059999999,3502.0,677.0
0.802023023565158,0.001332604,0.306907461,0.614548272,3502.0,677.0
0.7326455430946968,0.0,0.2699876365,0.647241993,3502.0,677.0
0.6727772112643584,0.0,0.267072261,0.612382499,3502.0,677.0
0.6537717049144076,0.0,0.2632353965,0.6060386775,3502.0,677.0
0.673161576700113,0.0,0.272092029,0.613615508,3502.0,677.0
0.7185105402951364,0.021650506,0.267280912,0.593427109,3502.0,677.0
0.7591586060797015,0.202728232,0.245620319,0.566762657,3502.0,677.0
0.7819235212422926,0.4560747885,0.32407390599999997,0.5653159175,3502.0,677.0
0.7721308669080513,0.6721653935,0.4258923825,0.5811071720000001,3502.0,677.0
0.7604679081498043,0.7076722854999999,0.49644029199999995,0.5929444675,3502.0,677.0
0.772231375385865,0.573545791,0.562436775,0.5491240645,3502.0,677.0
0.8136763677385226,0.2969307115,0.506121305,0.46209772849999997,3502.0,677.0
0.8083394704605213,0.0035734825,0.43070635749999997,0.450417293,3502.0,677.0
0.7624013317994418,0.0,0.42565849450000004,0.555031935,3502.0,677.0
0.7086556330777349,0.0,0.4048410495,0.602413884,3502.0,677.0
0.6726041017117932,0.0,0.393406893,0.6154513669999999,3502.0,677.0
0.6850478094914351,0.0,0.406011135,0.552974203,3502.0,677.0
0.7940785570017863,0.0,0.426587235,0.5628455514999999,3502.0,677.0
0.8936847831100698,0.026517257,0.457466002,0.620121588,3502.0,677.0
0.9110414406730666,0.23157860600000002,0.5396519005,0.6880343314999999,3502.0,677.0
0.901947030757328,0.344727845,0.699719932,0.801496821,3502.0,677.0
0.8947390798278622,0.35093933850000003,0.7498805285,0.8418280215,3502.0,677.0
0.889312326502778,0.370982966,0.7787627095,0.8865782035,3502.0,677.0
0.8961315419226015,0.333724888,0.7832855224999999,0.874003055,3502.0,677.0
0.9234868809752179,0.26534091,0.786596108,0.846458229,3502.0,677.0
0.9255967854979426,0.088425489,0.7724054195000001,0.8429784995,3502.0,677.0
0.8534925054846333,0.0,0.7126947459999999,0.889303776,3502.0,677.0
0.7603416228362918,0.0,0.693485785,0.889155597,3502.0,677.0
0.6880366302689287,0.0,0.674862881,0.884240666,3502.0,677.0
0.6729006402547817,0.0,0.6588006475,0.8387319435,3502.0,677.0
0.7276719557544613,0.0,0.6454333735,0.8222847365,3502.0,677.0
0.8429820809303173,0.0,0.636986037,0.801465762,3502.0,677.0
0.9013731517620506,0.027463568,0.627590243,0.807452834,3502.0,677.0
0.9314236059005285,0.282039819,0.577938276,0.809288654,3502.0,677.0
0.9304925508053821,0.450061157,0.668524392,0.821486919,3502.0,677.0
0.9206851935827594,0.5863721,0.666807404,0.826550261,3502.0,677.0
0.9093058965636924,0.7090706735,0.7057174875,0.810483538,3502.0,677.0
0.8994912348403448,0.7414701029999999,0.7383873944999999,0.7731188325,3502.0,677.0
0.8993287075469631,0.612969925,0.7586052000000001,0.738125061,3502.0,677.0
0.9247680883556982,0.409335975,0.742936965,0.747529073,3502.0,677.0
0.9296771518210986,0.1268661915,0.6774084345,0.7353875655,3502.0,677.0
0.8566328263892229,0.0,0.6629737035000001,0.666160854,3502.0,677.0
0.7955209338886937,0.0,0.637735338,0.607351966,3502.0,677.0
0.719432277437208,0.0,0.629995611,0.6201579165,3502.0,677.0
0.681384648103099,0.0,0.621884232,0.625983352,3502.0,677.0
0.6947279917487746,0.0,0.605134421,0.6095513315000001,3502.0,677.0
0.811482998870805,0.0,0.576429496,0.5995302825,3502.0,677.0
0.9043337608161258,0.045352697,0.545583952,0.589572421,3502.0,677.0
0.925350302171434,0.414120672,0.500740387,0.544155827,3502.0,677.0
0.9088238401243822,0.69045646,0.544611088,0.491352949,3502.0,677.0
0.8972035382761758,0.8660724945,0.5299952145,0.41541035699999995,3502.0,677.0
0.8852316793309986,0.9623198535,0.521613731,0.38976510799999997,3502.0,677.0
0.8932638790626388,0.7985406104999999,0.557197123,0.42572823449999997,3502.0,677.0
0.9196321142276098,0.4305108245,0.5368751254999999,0.432475343,3502.0,677.0
0.8993907966965127,0.0063803325,0.5096376905,0.43237336449999997,3502.0,677.0
0.8284561416385524,0.0,0.498485846,0.462258316,3502.0,677.0
0.765198032301448,0.0,0.420396152,0.3510436495,3502.0,677.0
0.6920439740819636,0.0,0.3833392795,0.337096419,3502.0,677.0
0.6808909088321072,0.0,0.3535503805,0.32269906000000004,3502.0,677.0
0.7428306088231102,0.0,0.32629844100000005,0.3018374375,3502.0,677.0
0.8795636871091832,0.0260788585,0.2975350275,0.2713787775,3502.0,677.0
0.9228991886621127,0.4505139215,0.262523315,0.2041414525,3502.0,677.0
0.905585656306775,0.728364512,0.218570504,0.143885563,3502.0,677.0
0.8919667045688859,0.90406511,0.20654805599999998,0.077005664,3502.0,677.0
0.8795086684739837,0.9774864095,0.22383252399999998,0.083213022,3502.0,677.0
0.877701717424419,0.819429553,0.2736763165,0.21194039450000002,3502.0,677.0
0.8869943345912932,0.558706819,0.32271665,0.290523733,3502.0,677.0
0.9086075116396608,0.1670377805,0.3622528055,0.356867677,3502.0,677.0
0.8496219122104985,0.0,0.4222807395,0.3873727095,3502.0,677.0
0.7890443789669188,0.0,0.410065354,0.412651717,3502.0,677.0
0.715269406673594,0.0,0.4167657145,0.4486435655,3502.0,677.0
0.6761343992040519,0.0,0.395493562,0.462112195,3502.0,677.0
0.6860339300028127,0.0,0.37554177850000003,0.48649472149999995,3502.0,677.0
0.7953706277337249,0.0,0.35761844499999995,0.5459881685000001,3502.0,677.0
0.8924488079516617,0.052197854,0.346661457,0.555172556,3502.0,677.0
0.9058080718483615,0.226072586,0.3030698525,0.5040683545,3502.0,677.0
0.88804104587852,0.345975686,0.338737267,0.463982229,3502.0,677.0
0.8784575089279041,0.416482627,0.44743459100000005,0.4694051885,3502.0,677.0
0.8749365530228874,0.3392630495,0.589244256,0.529118591,3502.0,677.0
0.8845133003889939,0.19520623650000002,0.673637763,0.6010787275,3502.0,677.0
0.9067458696657686,0.0824939165,0.6942374455,0.6904623919999999,3502.0,677.0
0.8843043233484631,0.0025518145,0.7365908145,0.7844675395,3502.0,677.0
0.7982377286527891,0.0,0.761610377,0.8442718235,3502.0,677.0
0.7006550163088179,0.0,0.758447195,0.775970776,3502.0,677.0
0.6525125517040652,0.0,0.7513315190000001,0.827028567,3502.0,677.0
0.6345184510130568,0.0,0.748826945,0.8573461675,3502.0,677.0
0.6545769898559086,0.0,0.764886202,0.781794714,3502.0,677.0
0.6960530736455897,0.0197677,0.7821512989999999,0.692604343,3502.0,677.0
0.763523898366929,0.324597317,0.809018826,0.7009751625,3502.0,677.0
0.785368972968437,0.5637993134999999,0.8424789079999999,0.746563038,3502.0,677.0
0.7796225265201627,0.6708861385,0.872995552,0.713032576,3502.0,677.0
0.7799389185755955,0.5798507065,0.871793793,0.811635995,3502.0,677.0
0.8194527114892591,0.3921970585,0.853397218,0.8538672385,3502.0,677.0
0.8308291054042054,0.187178859,0.820603439,0.879857016,3502.0,677.0
0.8084225367606606,0.0050784155,0.7507589775000001,0.879274865,3502.0,677.0
0.7763637868249011,0.0,0.676759418,0.836668853,3502.0,677.0
0.725201222881505,0.0,0.5657809149999999,0.759487093,3502.0,677.0
0.6494429121463744,0.0,0.5131070395,0.733442233,3502.0,677.0
0.6348286388153943,0.0,0.4520350465,0.750183569,3502.0,677.0
0.6663379988137339,0.0,0.405617595,0.7764556885,3502.0,677.0
0.7305255244479726,0.0150176575,0.36105861650000004,0.815579411,3502.0,677.0
0.7825006312149971,0.2175260155,0.365554355,0.8212370314999999,3502.0,677.0
0.7781136123060701,0.399229596,0.342983758,0.77465166,3502.0,677.0
0.7672724206000292,0.46328636300000003,0.36387189750000004,0.7517400415,3502.0,677.0
0.7589443846093935,0.5364601385,0.43469092099999995,0.7629248675,3502.0,677.0
0.7949312983760028,0.452836122,0.509827702,0.7834738705,3502.0,677.0
0.8150578261387088,0.325128114,0.520049157,0.739608303,3502.0,677.0
0.8048336387980383,0.1198227025,0.4487606365,0.6925539645000001,3502.0,677.0
0.7631774216412563,0.0,0.41883789250000003,0.6349231184999999,3502.0,677.0
0.7021676296355217,0.0,0.347280151,0.5995728119999999,3502.0,677.0
0.6648840798443248,0.0,0.348734292,0.6056346765,3502.0,677.0
0.6825595643504739,0.0,0.344180408,0.6115687835,3502.0,677.0
0.7977786160353874,0.0,0.3335487465,0.5902935235,3502.0,677.0
0.9149897623367172,0.034127972,0.32319085599999997,0.5293673955,3502.0,677.0
0.911695670313357,0.312602913,0.27649891,0.456185384,3502.0,677.0
0.8896213671140203,0.5905643715,0.26891793399999997,0.394048212,3502.0,677.0
0.8711165768249138,0.76616238,0.273695484,0.3873563585,3502.0,677.0
0.8627699516279423,0.7110846184999999,0.3394711415,0.4248496555,3502.0,677.0
0.8709802711931162,0.554131114,0.409673168,0.44997559,3502.0,677.0
0.8804847218048275,0.3020823675,0.3856951615,0.4130288115,3502.0,677.0
0.8418320751761692,0.0084338475,0.3341446045,0.387931531,3502.0,677.0
0.7472605890436514,0.0,0.2907531465,0.458584568,3502.0,677.0
0.672435534142578,0.0,0.25717057,0.509975406,3502.0,677.0
0.658780644663959,0.0,0.2580632315,0.5724053995,3502.0,677.0
0.7135993698153227,0.0,0.2699697895,0.6025628515,3502.0,677.0
0.8605190122035095,0.0,0.2701234935,0.5635295155,3502.0,677.0
0.9091001973628373,0.189807491,0.234366863,0.526958533,3502.0,677.0
0.8793359802755707,0.5754799775,0.178252244,0.485069702,3502.0,677.0
0.8588060375053569,0.837655554,0.21994900950000001,0.4666828725,3502.0,677.0
0.8518663431426968,0.885476177,0.2969693155,0.501125963,3502.0,677.0
0.8558611613345282,0.7285427145000001,0.31778322400000003,0.5673346994999999,3502.0,677.0
0.8576277967184917,0.408273345,0.2716329045,0.5683775765000001,3502.0,677.0
0.8377108780275451,0.0124442475,0.27178146599999997,0.522141085,3502.0,677.0
0.7798227006050512,0.0,0.260857752,0.475054019,3502.0,677.0
0.6967929449792678,0.0,0.246041615,0.4823006065,3502.0,677.0
0.6567091126072497,0.0,0.234248075,0.4821938525,3502.0,677.0
0.6690672723367841,0.0,0.2300522525,0.435957442,3502.0,677.0
0.7831338834610466,0.0,0.2169825635,0.395148485,3502.0,677.0
0.9007626560513489,0.0577614175,0.204060219,0.36080223749999996,3502.0,677.0
0.8844205881812561,0.48821976499999997,0.15294692799999998,0.343788239,3502.0,677.0
0.8581300345435523,0.8013177615,0.204381708,0.31771431699999997,3502.0,677.0
0.8521419042914445,0.919417994,0.318554851,0.3755120375,3502.0,677.0
0.851911575364769,0.80488326,0.387334523,0.5004423105,3502.0,677.0
0.8578100838810373,0.5113770384999999,0.3876910015,0.5851465069999999,3502.0,677.0
0.8575655671446303,0.1220404375,0.35236296300000003,0.538861283,3502.0,677.0
0.8012873040209595,0.0,0.322521353,0.505974892,3502.0,677.0
0.6828558999049354,0.0,0.29757219566666665,0.4736698076666667,3502.0,677.0
0.6539342322077895,0.0,0.26976879649999996,0.5021584370000001,3502.0,677.0
0.7081513349380755,0.0,0.26165967999999995,0.5118419359999999,3502.0,677.0
0.8533342392447612,0.0,0.249551673,0.462684625,3502.0,677.0
0.9050979340023181,0.080102084,0.225903924,0.406881616,3502.0,677.0
0.8859818519940197,0.3413826085,0.2256653435,0.36067579000000005,3502.0,677.0
0.8741682592887146,0.6254741495,0.3448590695,0.3977710955,3502.0,677.0
0.8679849652326865,0.7745091245,0.417704937,0.4958974405,3502.0,677.0
0.8705529055156992,0.719347328,0.5133325685,0.536117773,3502.0,677.0
0.8787938949200927,0.552689501,0.556217106,0.536138707,3502.0,677.0
0.8864722433350053,0.382576672,0.550421186,0.542902634,3502.0,677.0
0.8770301627214672,0.11932849699999999,0.5298150415,0.5777538870000001,3502.0,677.0
0.7985058916575317,0.0,0.5745521695,0.6252079509999999,3502.0,677.0
0.7165654574479843,0.0,0.631772694,0.532760254,3502.0,677.0
0.6716632603659534,0.0,0.6233112460000001,0.6711273705,3502.0,677.0
0.658052596505057,0.0,0.6087935055,0.7470753605,3502.0,677.0
0.7122663746146358,0.0,0.5510105515,0.7611070185,3502.0,677.0
0.858837269285475,0.0,0.5041565370000001,0.7232910975,3502.0,677.0
0.9199575433874941,0.087538618,0.468063963,0.707513279,3502.0,677.0
0.9047271788958643,0.33711214050000005,0.531955984,0.6509592184999999,3502.0,677.0
0.8860460481579825,0.580561211,0.6233113735,0.6243246565,3502.0,677.0
0.8775516453370422,0.7038433675,0.7085538115,0.7583067395,3502.0,677.0
0.8820921075726507,0.6505666255,0.7871424245,0.8130534395,3502.0,677.0
0.8930045191759729,0.451425317,0.803376419,0.821498332,3502.0,677.0
0.8998084696852995,0.326021369,0.792707028,0.828974908,3502.0,677.0
0.8843362107127597,0.092385254,0.7623265225,0.8674893994999999,3502.0,677.0
0.798606095733772,0.0,0.768975027,0.8931291795,3502.0,677.0
0.6850106543880623,0.0,0.7652192010000001,0.872829502,3502.0,677.0
0.6385890310043025,0.0,0.7211164845,0.878017124,3502.0,677.0
0.6382888168204357,0.0,0.6893353945,0.8213203105,3502.0,677.0
0.6721910642684196,0.0,0.6437409635,0.7541393275,3502.0,677.0
0.7132816666727498,0.0,0.599733822,0.713960689,3502.0,677.0
0.7488701286881367,0.078860551,0.577334421,0.685791712,3502.0,677.0
0.7793512732059562,0.35728094499999996,0.590086835,0.6446771179999999,3502.0,677.0
0.7699489464795549,0.575801587,0.55767739,0.584436053,3502.0,677.0
0.7564623671120434,0.6605932415,0.5700853425000001,0.5743206155,3502.0,677.0
0.7469843722295082,0.6917793715,0.582393374,0.5664562805,3502.0,677.0
0.7643082997199033,0.5684524394999999,0.548442967,0.5746015965,3502.0,677.0
0.7783536807024072,0.32876690249999996,0.42955813649999997,0.47020278550000005,3502.0,677.0
0.7784414528819412,0.013097075,0.279441284,0.31113983199999995,3502.0,677.0
0.7159067794676239,0.0,0.1961331415,0.252854859,3502.0,677.0
0.638209636919468,0.0,0.1515950205,0.243994806,3811.5,736.5
0.6209578891496721,0.0,0.14208514,0.2690730375,4121.0,796.0
0.6388760876169541,0.0,0.143842034,0.31226361,4121.0,796.0
0.6649755277459541,0.0,0.1576312505,0.3601395845,4121.0,796.0
0.7152260005360943,0.105233275,0.169688917,0.398587312,4121.0,796.0
0.7536745163467113,0.354893677,0.13653097250000001,0.3908585015,4121.0,796.0
0.7338708892128899,0.6508797500000001,0.1374252195,0.34536966599999996,4121.0,796.0
0.7202780185498389,0.795235664,0.20769540749999998,0.44835741100000004,4121.0,796.0
0.7188440466549373,0.6890290905,0.2583035,0.494150439,4121.0,796.0
0.738722967371772,0.409627648,0.274451452,0.5432684335,4121.0,796.0
0.7473007408944251,0.0887978775,0.291316099,0.5609321285,4121.0,796.0
0.7324406866833637,0.0,0.312239162,0.5305556025,4121.0,796.0
0.6776456779718829,0.0,0.307978981,0.4747446595,4121.0,796.0
0.6417320911981852,0.0,0.2974854275,0.496132188,4121.0,796.0
0.6498059646260325,0.0,0.28709017550000004,0.5148642605,4121.0,796.0
0.7334429849850903,0.0,0.28519988799999996,0.4671866905,4121.0,796.0
0.8170067486040008,0.0,0.292602697,0.417729531,4121.0,796.0
0.855445782646715,0.12585929299999998,0.278997874,0.398336527,4121.0,796.0
0.8431498524910421,0.4349030955,0.30880337999999996,0.37584403850000003,4121.0,796.0
0.8357821836478181,0.648449141,0.418146467,0.3730966875,4121.0,796.0
0.8325359461020272,0.6449481875,0.48931143050000003,0.41729383750000004,4121.0,796.0
0.8335818145185149,0.557085009,0.527418415,0.429655866,4121.0,796.0
0.8369241355925655,0.35151550750000005,0.5192890800000001,0.4205551825,4121.0,796.0
0.8334575426573527,0.08719815800000001,0.4793780275,0.44574680050000004,4121.0,796.0
0.7780830360289135,0.0,0.442674152,0.46571268099999996,4121.0,796.0
0.677737149345245,0.0,0.442629256,0.471801741,4121.0,796.0
0.6404861190307906,0.0,0.4481935395,0.45628359549999997,4121.0,796.0
0.6483776584338434,0.0,0.4619829875,0.430881707,4121.0,796.0
0.7306604020400513,0.0,0.4690331935,0.3914474215,4121.0,796.0
0.8284981431268488,0.0330485345,0.475619793,0.395499293,4121.0,796.0
0.8466007123805742,0.28089912149999996,0.535393579,0.43442290100000003,4121.0,796.0
0.8393259431128655,0.541111873,0.629243709,0.491289268,4121.0,796.0
0.8353609519707319,0.6446936235,0.740310128,0.6196648605,4121.0,796.0
0.8352735776736175,0.628580643,0.7914270125,0.6904885414999999,4121.0,796.0
0.8402015581374429,0.467577397,0.790528221,0.734569381,4121.0,796.0
0.8363686585170633,0.1382238675,0.7384033255,0.7918176075000001,4121.0,796.0
0.7772319803149579,0.0,0.669869509,0.8070765865,4121.0,796.0
0.6773946058809927,0.0,0.6105630835,0.7541887425,4121.0,796.0
0.6405789248818086,0.0,0.613178942,0.7343541794999999,4121.0,796.0
0.6487834615480396,0.0,0.615974135,0.656036061,4121.0,796.0
0.7321802029149012,0.0,0.601581712,0.641194459,4121.0,796.0
0.8338601382658545,0.050258083,0.579239337,0.6849760375,4121.0,796.0
0.848614814386097,0.3272592495,0.608422637,0.680496038,4121.0,796.0
0.8374052088180419,0.5785034645,0.61130989,0.6155208955,4121.0,796.0
0.8338456227452509,0.6951352390000001,0.6459464425,0.588968282,4121.0,796.0
0.8332372342113966,0.6321658105000001,0.659548459,0.631408326,4121.0,796.0
0.8369240887303168,0.421448364,0.6080023539999999,0.671735379,4121.0,796.0
0.8342469073478296,0.142439215,0.4239751555,0.600002023,4121.0,796.0
0.7763188589231855,0.0,0.2983782995,0.5036959485,4121.0,796.0
0.6936787520929821,0.0,0.284653375,0.449975592,4121.0,796.0
0.65471177372349,0.0,0.2023821945,0.335754972,4121.0,796.0
0.644436992615957,0.0,0.1409840175,0.2568071085,4121.0,796.0
0.6877369779447433,0.0,0.1098368755,0.2661760195,4121.0,796.0
0.8054258261510279,0.0,0.10965815549999999,0.3048851265,4121.0,796.0
0.8652148374936525,0.146908387,0.115992397,0.326978807,4121.0,796.0
0.8579377738437529,0.43458063999999996,0.089876153,0.32315817550000003,4121.0,796.0
0.8381782786031569,0.7771164925,0.094997635,0.3369918965,4121.0,796.0
0.8330712419542128,0.909481513,0.132003579,0.4168292245,4121.0,796.0
0.8325181060419332,0.7893203535,0.17127762800000002,0.5287992619999999,4121.0,796.0
0.8358650158803653,0.493925949,0.20849916400000001,0.5633126989999999,4121.0,796.0
0.8325234439525565,0.1316125585,0.2464818955,0.5140819295,4121.0,796.0
0.7769780285104626,0.0,0.2874400915,0.381482021,4121.0,796.0
0.6942719227410225,0.0,0.310331456,0.334415672,4121.0,796.0
0.6549669898340937,0.0,0.31532421099999997,0.3410163665,4121.0,796.0
0.6417488543199482,0.0,0.298948138,0.376243433,4121.0,796.0
0.682589976731586,0.0,0.2651312845,0.38972269550000005,4121.0,796.0
0.7913023889057017,0.0,0.24554349250000002,0.375102056,4121.0,796.0
0.8548335075512552,0.162969925,0.228580259,0.354807447,4121.0,796.0
0.8532662970247215,0.349229397,0.185283098,0.328302425,4121.0,796.0
0.8438339092622474,0.523083951,0.19547838,0.292216503,4121.0,796.0
0.8390542682008552,0.632261018,0.225331386,0.265387895,4121.0,796.0
0.836566163565423,0.710158259,0.348088475,0.315299902,4121.0,796.0
0.837782987576597,0.6492434499999999,0.494013825,0.525357258,4121.0,796.0
0.8432027171683626,0.513729395,0.556619168,0.543879455,4121.0,796.0
0.8483120014184659,0.367291582,0.544779824,0.478634793,4121.0,796.0
0.8508911795448407,0.244220985,0.500470848,0.437727075,4121.0,796.0
0.8444408462034327,0.12985075,0.443829504,0.413230293,4121.0,796.0
0.8148678598211003,0.008661129,0.384337877,0.39736745549999997,4121.0,796.0
0.71695501243785,0.0,0.3365009215,0.396533611,4121.0,796.0
0.6308890030735901,0.0,0.2982081185,0.4037203765,4121.0,796.0
0.6083786015751755,0.0,0.242758064,0.420285904,4121.0,796.0
0.6250702598709207,0.0,0.20737046050000002,0.3718077505,4121.0,796.0
0.6527886046221638,0.0,0.203011795,0.339148267,4121.0,796.0
0.7027614090867089,0.058901811,0.203676377,0.343648256,4121.0,796.0
0.7451669793450717,0.17083055749999998,0.2173427625,0.370593073,4121.0,796.0
0.7434463254106392,0.341680604,0.236559725,0.4122142295,4121.0,796.0
0.7423708640932627,0.39355873399999997,0.306441172,0.5298615775,4121.0,796.0
0.7406998908834063,0.381668902,0.315950715,0.483028477,4121.0,796.0
0.7560012175705585,0.3042063055,0.2871084175,0.48344718600000003,4121.0,796.0
0.7642449697359781,0.152274035,0.24671004000000002,0.422576215,4121.0,796.0
0.7534843158802937,0.0146828945,0.2107428615,0.328580702,4121.0,796.0
0.7034591384265619,0.0,0.209520629,0.244223214,4121.0,796.0
0.6334988979826504,0.0,0.21464761,0.208778562,4121.0,796.0
0.6110334945574989,0.0,0.225948723,0.293853648,4121.0,796.0
0.6284376554966769,0.0,0.234940436,0.3941386715,4121.0,796.0
0.6547095729845793,0.0,0.2559001205,0.39743514599999996,4121.0,796.0
0.704924178205537,0.06421279,0.290375652,0.385213206,4121.0,796.0
0.7418501307051465,0.171078762,0.319876354,0.35620696,4121.0,796.0
0.7442245459010342,0.3341143015,0.338523033,0.298038853,4121.0,796.0
0.7346786089608933,0.5001668285,0.4182815955,0.278519303,4121.0,796.0
0.7330700993924903,0.5609958115,0.5318040655,0.3990385015,4121.0,796.0
0.7547093341251803,0.445921727,0.5694644535,0.44258735800000004,4121.0,796.0
0.774420272604214,0.23121023950000003,0.505594646,0.46985526450000004,4121.0,796.0
0.7599327527219304,0.014601432,0.4014923065,0.4863258145,4121.0,796.0
0.6970743592797227,0.0,0.3645490466666666,0.48329721066666664,4121.0,796.0
0.6487822675759126,0.0,0.348904909,0.462418508,4121.0,796.0
0.6454076844832274,0.0,0.32981837,0.413524249,4121.0,796.0
0.6873914611236056,0.0,0.293349175,0.3627951545,4121.0,796.0
0.8073109973594594,0.0005139945,0.2437478965,0.2861978315,4121.0,796.0
0.8752257869027169,0.086946263,0.218927637,0.218560805,4121.0,796.0
0.8729508733366422,0.2738653165,0.2464410045,0.207568854,4121.0,796.0
0.863196521378086,0.4976972085,0.3045700895,0.30207634299999997,4121.0,796.0
0.8562545326332351,0.5814122740000001,0.394913758,0.3997943345,4121.0,796.0
0.8613559971415297,0.5450586150000001,0.4407125815,0.49975984650000005,4121.0,796.0
0.8692860262880452,0.35124011,0.46164024699999995,0.5737022005,4121.0,796.0
0.8548657695698898,0.106848165,0.4207199105,0.5705415659999999,4121.0,796.0
0.7762365651598037,0.0,0.40642811349999997,0.585632383,4121.0,796.0
0.682620974362895,0.0,0.43940727599999996,0.506752732,4121.0,796.0
0.6480898995371986,0.0,0.4422262085,0.469980788,4121.0,796.0
0.6544082349189158,0.0,0.47247577,0.487305918,4121.0,796.0
0.7361254575783864,0.0,0.5269964115,0.5809230435,4121.0,796.0
0.8405489946864335,0.0242108175,0.587159286,0.728130433,4121.0,796.0
0.8699200277615535,0.124561169,0.6512741985,0.746354426,4121.0,796.0
0.8654538289516588,0.180958153,0.581291162,0.581073857,4121.0,796.0
0.8627638177088286,0.1936447325,0.6056154899999999,0.5523626715,4121.0,796.0
0.866766174631411,0.1932601055,0.5969257560000001,0.5410541645,4121.0,796.0
0.8837919246183712,0.1635055195,0.557939208,0.49847243750000003,4121.0,796.0
0.881228854110798,0.11238279000000001,0.5275140810000001,0.48388222,4121.0,796.0
0.8219404416327876,0.021097026,0.502636603,0.4872426105,4121.0,796.0
0.7293883018543528,0.0,0.47189909100000005,0.499769004,4121.0,796.0
0.6603116833821709,0.0,0.477259601,0.5906458514999999,4121.0,796.0
0.6450952256892148,0.0,0.5407675375000001,0.71169936,4121.0,796.0
0.6846122027180569,0.0,0.587884922,0.7685453124999999,4121.0,796.0
0.7937940991728989,0.0,0.6147143129999999,0.800726736,4121.0,796.0
0.8617462780495553,0.081530552,0.622567707,0.778995035,4121.0,796.0
0.8699824446219753,0.26004037350000003,0.6398283389999999,0.7228685585000001,4121.0,796.0
0.8618640881182975,0.402981386,0.632022164,0.678082234,4121.0,796.0
0.8587538751932464,0.4759542375,0.700508505,0.6597855415,4121.0,796.0
0.8566943535978739,0.485199014,0.751404654,0.639346474,4121.0,796.0
0.8666095003273024,0.3688747655,0.767326963,0.6794366765,4121.0,796.0
0.8659945095767163,0.19552657299999998,0.7071494970000001,0.6694628220000001,4121.0,796.0
0.8164263141730232,0.029626171,0.60913649,0.6053142810000001,4121.0,796.0
0.7566709694982362,0.0,0.543641084,0.536819888,4121.0,796.0
0.6813311746226314,0.0,0.513065823,0.48998375800000005,4121.0,796.0
0.6451579000077444,0.0,0.47220494,0.47694467399999996,4121.0,796.0
0.6541851170121191,0.0,0.4195960495,0.4064978005,4121.0,796.0
0.7374986514108786,0.0,0.363276221,0.3726909435,4121.0,796.0
0.8282882295722988,0.001623557,0.327146931,0.387889994,4121.0,796.0
0.8617462780495553,0.082053046,0.337233269,0.388084771,4121.0,796.0
0.8657932116912483,0.2115491405,0.3620564815,0.41591191549999995,4121.0,796.0
0.8545826228281425,0.334069323,0.421010768,0.493942605,4121.0,796.0
0.8488809170762407,0.3607424375,0.445875932,0.5108277545,4121.0,796.0
0.8461710054587178,0.3467130785,0.460968795,0.6306704670000001,4121.0,796.0
0.8608486554734376,0.292863635,0.416348684,0.722983547,4121.0,796.0
0.8676047515864118,0.184868806,0.352303037,0.693643599,4121.0,796.0
0.8532566044173083,0.0785867335,0.27963221650000003,0.660990833,4121.0,796.0
0.774845577967032,0.0,0.2349632135,0.583149111,4121.0,796.0
0.6684254511485394,0.0,0.2186931,0.46673139,4121.0,796.0
0.6416921968867364,0.0,0.1822845815,0.347244693,4121.0,796.0
0.6838728230725126,0.0,0.140769496,0.28781346350000003,4121.0,796.0
0.7937940991728989,0.000651327,0.118876714,0.24574422499999998,4121.0,796.0
0.8652570730495408,0.115372241,0.11302202,0.1920613935,4121.0,796.0
0.8579106156681497,0.31566350600000004,0.09864953800000001,0.149911912,4121.0,796.0
0.8481445107063645,0.47935965999999997,0.1013305495,0.1957224795,4121.0,796.0
0.8448240097348598,0.5224077155,0.11702929000000001,0.291359306,4121.0,796.0
0.8462126322926762,0.4313432905,0.1375819915,0.3139268865,4121.0,796.0
0.8479004622675756,0.250698924,0.131421819,0.31985151450000004,4121.0,796.0
0.8143818232581213,0.029194433,0.1086977835,0.2292744435,4121.0,796.0
0.7180400728005765,0.0,0.0863678695,0.166807967,4121.0,796.0
0.6334704287199071,0.0,0.07356062599999999,0.13227513400000002,4121.0,796.0
0.6134661827565291,0.0,0.077043229,0.17070561299999998,4121.0,796.0
0.6300471718318635,0.0,0.0756375305,0.199066725,4121.0,796.0
0.6576734130160817,0.001181788,0.069094002,0.1780027735,4121.0,796.0
0.7066298951839963,0.128016575,0.062463001,0.17650965,4121.0,796.0
0.7457804718031742,0.3502695375,0.0573705875,0.15949681599999999,4121.0,796.0
0.7373484857614386,0.595119178,0.069047348,0.142098335,4121.0,796.0
0.728547196287135,0.6488471615,0.104492212,0.206986336,4121.0,796.0
0.724918989263261,0.508467157,0.161397018,0.31843027150000003,4121.0,796.0
0.7331710058339407,0.411532546,0.20744824350000002,0.39469691100000004,4121.0,796.0
0.7419470569417108,0.299482722,0.229318686,0.440110121,4121.0,796.0
0.7463180853468494,0.1513997,0.22606232599999998,0.4409152115,4121.0,796.0
0.7316855974638716,0.0,0.22326164850000002,0.424984546,4121.0,796.0
0.6591362521373632,0.0,0.187338338,0.410544056,4121.0,796.0
0.6142525037561393,0.0,0.183789366,0.43148810449999997,4121.0,796.0
0.6128362314970198,0.0,0.2041369825,0.39076680399999997,4121.0,796.0
0.6376617686650472,0.0,0.1960291935,0.2825398015,4121.0,796.0
0.6592806582783761,0.003610589,0.18400902,0.272777467,4121.0,796.0
0.7129815227416474,0.1750834155,0.152354972,0.28239604500000004,4121.0,796.0
0.7236358150490281,0.3816833155,0.2117668655,0.28268637399999996,4121.0,796.0
0.7126108378879582,0.4941396025,0.3203610045,0.3233078225,4121.0,796.0
0.7106370516292537,0.4309802965,0.3821741565,0.3992126545,4121.0,796.0
0.7230483803564649,0.281330953,0.38069066549999997,0.3991356565,4121.0,796.0
0.7328792902853599,0.163012163,0.324303112,0.35158628,4121.0,796.0
0.7407299286101804,0.056848387,0.27579532949999996,0.323081856,4121.0,796.0
0.728699515894454,0.0,0.2618204965,0.277155575,4121.0,796.0
0.6776169981132805,0.0,0.286163025,0.226829175,4121.0,796.0
0.6415503191142892,0.0,0.2874976335,0.24437873300000001,4121.0,796.0
0.6495046500321018,0.0,0.2827655805,0.2475743835,4121.0,796.0
0.7323902100315143,0.0,0.266837351,0.2577763965,4121.0,796.0
0.8127290646002628,0.002212525,0.25103714,0.237039852,4121.0,796.0
0.8475453934257711,0.1506694505,0.260297196,0.230718059,4121.0,796.0
0.8405728283225464,0.353788787,0.2413737855,0.240598309,4121.0,796.0
0.8345499543830527,0.535546795,0.23040010049999998,0.27446671450000004,4121.0,796.0
0.8327558331938308,0.622922736,0.23794278,0.344630643,4121.0,796.0
0.8331736935503953,0.6443077859999999,0.24398730349999997,0.4304607635,4121.0,796.0
0.8369227308621452,0.5084640565,0.216887401,0.5112587095,4121.0,796.0
0.8325048078839722,0.205083985,0.179487209,0.517891408,4121.0,796.0
0.7777333752692794,0.0,0.1563671345,0.444182332,4121.0,796.0
0.6672160410104094,0.0,0.11756496500000001,0.31448886700000006,4121.0,796.0
0.640539943612646,0.0,0.1109429725,0.30532238349999996,4121.0,796.0
0.6811351210857237,0.0,0.105603181,0.299289819,4121.0,796.0
0.790091628642094,0.002768824,0.105776023,0.29075798900000005,4121.0,796.0
0.847229516448988,0.33383005,0.08128816850000001,0.2566157615,4121.0,796.0
0.8363413599171483,0.7194531200000001,0.056365833500000004,0.18176712,4121.0,796.0
0.8307755383616748,0.9531039530000001,0.0577553695,0.17426270249999998,4121.0,796.0
0.8278444285652081,0.9822908564999999,0.062666629,0.24073370449999998,4121.0,796.0
0.8295517374794309,0.809414614,0.062652857,0.3193809385,4121.0,796.0
0.8286739684969744,0.4637311755,0.0512427445,0.2878825485,4121.0,796.0
0.8237990868592786,0.123516203,0.045926993,0.224571256,4121.0,796.0
0.7774105682836753,0.0,0.043266531999999996,0.167012235,4121.0,796.0
0.6772920137792814,0.0,0.052641058000000004,0.12986761349999998,4121.0,796.0
0.6405140029621197,0.0,0.0644841875,0.14315137649999998,4121.0,796.0
0.6478161878635396,0.0,0.07309471449999999,0.1391800025,4121.0,796.0
0.7295422602596842,0.0,0.09198733449999999,0.1531139715,4121.0,796.0
0.8065143513963392,0.007439672,0.111144903,0.187587181,4121.0,796.0
0.833952288613911,0.241070509,0.115370405,0.212300156,4121.0,796.0
0.8352916519637378,0.460636307,0.08870804,0.219050166,4121.0,796.0
0.8309645681652641,0.7341543875000001,0.08645443650000001,0.1904359555,4121.0,796.0
0.8286244752213927,0.959429459,0.1470721045,0.18666858800000002,4121.0,796.0
0.827639338005066,0.9793987355,0.163207895,0.211598638,4121.0,796.0
0.829655547025002,0.799289043,0.1599791195,0.258010002,4121.0,796.0
0.8298461690080061,0.560687861,0.16251378,0.267537037,4121.0,796.0
0.8241609921478412,0.2425062005,0.1872027265,0.2543278075,4121.0,796.0
0.7767695197675499,0.0,0.212997799,0.2466393615,4121.0,796.0
0.6916041530361076,0.0,0.19573071,0.231061918,4121.0,796.0
0.6526254686068522,0.0,0.1815625205,0.238880579,4121.0,796.0
0.6378116299941308,0.0,0.171644595,0.2402246,4121.0,796.0
0.6773178140054961,0.0,0.1707481225,0.26932632700000003,4121.0,796.0
0.75598775559777,0.0,0.170329352,0.275416347,4121.0,796.0
0.8033350726943201,0.008746827,0.180208325,0.287190567,4121.0,796.0
0.8308075661502833,0.242419741,0.181569834,0.297478314,4121.0,796.0
0.8351728117376961,0.459178341,0.139703099,0.304466167,4121.0,796.0
0.8324325579106086,0.654013614,0.170719933,0.308156842,4121.0,796.0
0.8293679051621532,0.863303879,0.1926181885,0.338190687,4121.0,796.0
0.8277606598186417,0.9617392395,0.2533633315,0.429139695,4121.0,796.0
0.827657037559631,0.819614277,0.29192995450000003,0.47980087000000005,4121.0,796.0
0.8306032248175999,0.632744173,0.30562347,0.469289955,4121.0,796.0
0.830081601696496,0.466260144,0.305121812,0.452737944,4121.0,796.0
0.8261600634728935,0.293775657,0.29052626,0.427341394,4121.0,796.0
0.823151600022466,0.104113633,0.314813303,0.409804867,4121.0,796.0
0.7770923500624527,0.0,0.3314497035,0.376213833,4121.0,796.0
0.6770760130866492,0.0,0.315719464,0.32100636650000003,4121.0,796.0
0.6403957714580081,0.0,0.307484326,0.3023043525,4121.0,796.0
0.6469355860297268,0.0,0.30926981099999995,0.31887888,4121.0,796.0
0.727535860880957,0.0,0.338256256,0.343702893,4121.0,796.0
0.8033350726943201,0.009518933,0.359959513,0.36106262,4121.0,796.0
0.8308075661502833,0.210475563,0.351529803,0.362795644,4121.0,796.0
0.8351728117376961,0.39960037,0.340070181,0.363566746,4121.0,796.0
0.8318015531845012,0.631194175,0.396961853,0.34674687950000005,4121.0,796.0
0.8286766375335031,0.80636825,0.47865234,0.3920344495,4121.0,796.0
0.8274512914153103,0.7898526404999999,0.5273281605,0.4613492545,4121.0,796.0
0.8294513461166304,0.6078561275000001,0.4693188305,0.4664872295,4121.0,796.0
0.830987558930638,0.418676148,0.387842669,0.469009131,4121.0,796.0
0.8263475949839995,0.1749561095,0.321308295,0.449625933,4121.0,796.0
0.7777505364358962,0.0,0.289289852,0.4004213755,4121.0,796.0
0.6745258661639162,0.0,0.241420966,0.281240688,4121.0,796.0
0.6307006287729624,0.0,0.2483512855,0.238035789,4121.0,796.0
0.6074670722003839,0.0,0.2454720255,0.26714599549999996,4121.0,796.0
0.6227506291614235,0.0,0.225040975,0.3253566415,4121.0,796.0
0.6472755774912462,0.0055593865,0.262253358,0.3405863,4121.0,796.0
0.685658632994226,0.158243975,0.279464733,0.332108187,4121.0,796.0
0.7168246535198226,0.382346886,0.272608799,0.30837906,4121.0,796.0
0.711744142771602,0.574014734,0.278915854,0.256620237,4121.0,796.0
0.7106257436143442,0.6823664415,0.292023532,0.191496264,4121.0,796.0
0.7091138091811175,0.661637348,0.2646784305,0.165761564,4121.0,796.0
0.72053077630099,0.518657507,0.224838656,0.15248640149999998,4121.0,796.0
0.7268815142068706,0.249878739,0.18466803599999998,0.120328931,4121.0,796.0
0.7269609282566474,0.055225435,0.187795202,0.116834172,4121.0,796.0
0.7184162829326666,0.0,0.189627219,0.130779263,4121.0,796.0
0.6585914743548408,0.0,0.139484248,0.252111475,4121.0,796.0
0.6134740959791839,0.0,0.145583626,0.2947271645,4121.0,796.0
0.6111153201044794,0.0,0.14995004099999998,0.2769857965,4121.0,796.0
0.6350231237258372,0.0,0.146288869,0.1732767705,4121.0,796.0
0.6527396732062635,0.012313946,0.13966466,0.124514356,4121.0,796.0
0.6834962850671161,0.159972216,0.130202716,0.104749203,4121.0,796.0
0.7112855921763156,0.30342597,0.099561049,0.081790914,4121.0,796.0
0.7108745213230436,0.5008709145,0.10268322399999999,0.07469242000000001,4121.0,796.0
0.70740118566557,0.6769351315000001,0.13646941150000003,0.1017974245,4121.0,796.0
0.7058678291746516,0.7158142755000001,0.1612410705,0.192688933,4121.0,796.0
0.7176085163224144,0.5404922495,0.1476316845,0.23219750150000001,4121.0,796.0
0.7238226675854397,0.365482922,0.135909468,0.198382178,4121.0,796.0
0.7243091725272539,0.1533753025,0.149055312,0.178905392,4121.0,796.0
0.7140220765568106,0.0,0.1706127755,0.150083993,4121.0,796.0
0.6914039321701876,0.0,0.176834183,0.136043801,4121.0,796.0
0.6526254686068522,0.0,0.152274787,0.107502386,4121.0,796.0
0.6377298746999145,0.0,0.14619842049999998,0.11920399400000001,4121.0,796.0
0.6766777487844213,0.0,0.1345366725,0.14181254999999998,4121.0,796.0
0.7775966248115965,0.004128344,0.1406814075,0.1648191885,4121.0,796.0
0.8266563078843693,0.109571242,0.13415105,0.114867542,4121.0,796.0
0.8325095840161314,0.3296523295,0.09553317,0.1133417075,4121.0,796.0
0.8291771427548372,0.6105066205,0.0931809575,0.1243228565,4121.0,796.0
0.8281433550524506,0.729675766,0.131509377,0.198605965,4121.0,796.0
0.8274344347314841,0.717451216,0.1660512765,0.301174624,4121.0,796.0
0.8294393122647779,0.57261831,0.19599989099999998,0.401178488,4121.0,796.0
0.8296963309882214,0.374091919,0.216731654,0.43121078,4121.0,796.0
0.8234024847455788,0.158059111,0.24955265249999997,0.43209335849999997,4121.0,796.0
0.7759500236258017,0.0,0.29567563750000003,0.3956587185,4121.0,796.0
0.6914004671251686,0.0,0.267451747,0.298722763,4121.0,796.0
0.6523757543841335,0.0,0.260872045,0.32914759,4121.0,796.0
0.6375440757113181,0.0,0.23368045450000002,0.35668407700000004,4121.0,796.0
0.6764591493080249,0.0,0.23259239050000002,0.328288118,4121.0,796.0
0.7764645059797911,0.0077958335,0.23893933950000001,0.297004125,4121.0,796.0
0.8244851570016171,0.194188235,0.218129429,0.308735206,4121.0,796.0
0.831132339807206,0.481558514,0.178702657,0.3093194575,4121.0,796.0
0.8295250008204142,0.7862640865,0.179784275,0.282930008,4121.0,796.0
0.8280322877871862,0.9072300055,0.185547872,0.3065693265,4121.0,796.0
0.8285754500809952,0.7961728455,0.177840981,0.339100104,4121.0,796.0
0.830508124584391,0.5168463335,0.173363662,0.317822804,4121.0,796.0
0.8238285861981043,0.1734867745,0.177728056,0.2431805255,4121.0,796.0
0.7763346152781647,0.0,0.1742640375,0.24976376,4121.0,796.0
0.6914927111977224,0.0,0.153576323,0.20968753,4121.0,796.0
0.652686433874605,0.0,0.1543577535,0.2301268745,4121.0,796.0
0.637668043170907,0.0,0.147265994,0.23489695700000002,4121.0,796.0
0.6766777487844213,0.0,0.13518509,0.22714896299999998,4121.0,796.0
0.7780442185745785,0.009734523,0.12873613150000002,0.2682079435,4121.0,796.0
0.8266464747714275,0.180196391,0.119400467,0.297886003,4121.0,796.0
0.8317015364760385,0.4299082625,0.0920629225,0.27686618350000003,4121.0,796.0
0.8295022442038493,0.6945930805,0.10072455,0.28125617199999997,4121.0,796.0
0.8280129025723602,0.7834148525,0.178703742,0.37399024449999996,4121.0,796.0
0.8277965740876386,0.726638288,0.236049406,0.425223322,4121.0,796.0
0.8297918058757681,0.5653857314999999,0.28776580900000004,0.4257029205,4121.0,796.0
0.8298208838604414,0.348032599,0.315964754,0.360857798,4121.0,796.0
0.8237837752489674,0.150764567,0.318318083,0.325734279,4121.0,796.0
0.7764391740511947,0.0,0.325215486,0.268228692,4121.0,796.0
0.665522092601784,0.0,0.244941414,0.233939055,4121.0,796.0
0.637668043170907,0.0,0.237846732,0.270182754,4121.0,796.0
0.6766777487844213,0.0,0.2445636235,0.27172107999999995,4121.0,796.0
0.7775966248115965,0.009261775,0.226796858,0.258926019,4121.0,796.0
0.8273558634712292,0.201172331,0.184010702,0.238287611,4121.0,796.0
0.8333188022190524,0.473653447,0.14393822150000002,0.2173455875,4121.0,796.0
0.829360975153332,0.78492755,0.10348658399999999,0.185710233,4121.0,796.0
0.8276616263240126,0.9225865065000001,0.0935661975,0.29047931,4121.0,796.0
0.8279095143809415,0.836440949,0.101908005,0.4521989285,4121.0,796.0
0.8302747052670343,0.549676291,0.1254567615,0.505487661,4121.0,796.0
0.8249932011161363,0.2170950965,0.1658363675,0.426876038,4121.0,796.0
0.7772980728974749,0.0,0.179599189,0.3193540105,4121.0,796.0
0.6769205328358847,0.0,0.1966724765,0.1783373345,4121.0,796.0
0.6403290936252939,0.0,0.2096458015,0.1989824685,4121.0,796.0
0.6468692359078847,0.0,0.206792115,0.28840103699999997,4121.0,796.0
0.7272126090694675,0.0,0.187091798,0.3830687345,4121.0,796.0
0.8015565907450646,0.023441374,0.164448947,0.425817868,4121.0,796.0
0.8283464791037084,0.207185936,0.135233109,0.43723904,4121.0,796.0
0.8336340703926886,0.46805676900000004,0.1269597085,0.475588522,4121.0,796.0
0.8302342957957187,0.732507809,0.1448726575,0.4474733435,4121.0,796.0
0.8276518400733195,0.804881745,0.1881325245,0.5076684124999999,4121.0,796.0
0.8286038257004582,0.688978881,0.240440655,0.561267373,4121.0,796.0
0.8320572140397731,0.524227578,0.26926768,0.579620147,4121.0,796.0
0.8310376141471181,0.34851417549999997,0.268491656,0.5199836805,4121.0,796.0
0.8250175496684649,0.122642523,0.272840747,0.434050304,4121.0,796.0
0.7780262848712043,0.0,0.257527359,0.344519711,4121.0,796.0
0.6747222941927277,0.0,0.217600228,0.238236923,4121.0,796.0
0.6307006287729624,0.0,0.1791527355,0.2118632145,4121.0,796.0
0.6075054681381322,0.0,0.1498740495,0.18807718299999998,4121.0,796.0
0.6227073166672044,0.0,0.144037655,0.17156099000000002,4121.0,796.0
0.6482498748278476,0.009216661,0.128214479,0.15187357099999998,4121.0,796.0
0.6903527258430765,0.181238322,0.102819694,0.126300136,4121.0,796.0
0.7262532720793552,0.39409044000000004,0.146357642,0.115466653,4121.0,796.0
0.7175867430009003,0.6060187960000001,0.194789296,0.09656846,4121.0,796.0
0.7140097617751174,0.7186027875000001,0.343924715,0.218113019,4121.0,796.0
0.7214764172507218,0.664854064,0.43470744299999997,0.355257219,4121.0,796.0
0.7429135815611863,0.47455941300000004,0.4198522735,0.38461655100000003,4121.0,796.0
0.7493266191312584,0.17954419500000002,0.31034865,0.33072365400000003,4121.0,796.0
0.7317670717470302,0.0,0.253421813,0.3192813715,4121.0,796.0
0.6458510953776647,0.0,0.24856684866666665,0.28922396866666666,4121.0,796.0
0.6085575173359823,0.0,0.310487388,0.308211616,4121.0,796.0
0.6248500684587606,0.0,0.3618586425,0.3237433295,4121.0,796.0
0.6527334455626523,0.009510712,0.384186589,0.39427944000000004,4121.0,796.0
0.701130985691263,0.126867247,0.435666341,0.43184315,4121.0,796.0
0.7475382105069979,0.3032127125,0.4954292255,0.46165032699999997,4121.0,796.0
0.7399318078263097,0.528020646,0.5385726515,0.4516926945,4121.0,796.0
0.7345638893640494,0.661902285,0.636411057,0.549763564,4121.0,796.0
0.7438888856645713,0.600892996,0.6926319304999999,0.5775570670000001,4121.0,796.0
0.7608590317661348,0.4157399035,0.6798286825,0.5755123504999999,4121.0,796.0
0.7659853600678417,0.1769632065,0.5342561655,0.5195917725,4121.0,796.0
0.7398770233399192,0.0,0.367452877,0.47330353199999997,4121.0,796.0
0.6811991300443432,0.0,0.288266134,0.5348142365,4121.0,796.0
0.6453695226942882,0.0,0.23112926849999998,0.468366055,4121.0,796.0
0.6552549360172989,0.0,0.19381534,0.41486842,4121.0,796.0
0.7390348642248863,0.0,0.15339109750000002,0.372287686,4121.0,796.0
0.8432958039492213,0.1032260195,0.125634749,0.3362884155,4121.0,796.0
0.8561041796160177,0.36807264149999996,0.131846245,0.29108109849999997,4121.0,796.0
0.8443206949714681,0.508621343,0.070021636,0.189004695,4121.0,796.0
0.8424139144187841,0.6012923025,0.1165745645,0.17494045,4121.0,796.0
0.8403878253424404,0.6544257005,0.1833868395,0.2263950635,4121.0,796.0
0.8464150538975066,0.507954392,0.22363160399999998,0.32376438399999996,4121.0,796.0
0.8545271827575734,0.328976985,0.23966443,0.369524358,4121.0,796.0
0.844607259895986,0.161326208,0.20910490199999998,0.35584396100000004,4121.0,796.0
0.7751033693896672,0.0,0.159196066,0.28470145550000003,4121.0,796.0
0.6918782627546205,0.0,0.113459504,0.231901477,4121.0,796.0
0.6529222880796814,0.0,0.1231700385,0.2651342685,3624.0,700.0
0.6412948220738448,0.0,0.13414534849999998,0.278944395,3127.0,604.0
0.6774420389231925,0.0,0.141057374,0.31194674850000004,3127.0,604.0
0.7767693324809894,0.018857312,0.13709566499999998,0.3050721855,3127.0,604.0
0.8449003803374212,0.224559172,0.117659481,0.274830201,3127.0,604.0
0.8469837354876895,0.48371147550000004,0.129842234,0.2371894265,3127.0,604.0
0.8399945009871992,0.683784114,0.095530971,0.12193315,3127.0,604.0
0.835681979571578,0.7535910619999999,0.104913874,0.1442267315,3127.0,604.0
0.8325536456565923,0.7756113935,0.1413163535,0.26053978,3127.0,604.0
0.8334731820597532,0.605685029,0.171504669,0.3055438965,3127.0,604.0
0.8360783008366542,0.408115275,0.187102618,0.292791396,3127.0,604.0
0.8307045526944196,0.193568644,0.185588509,0.25678899,3127.0,604.0
0.7698448793946591,0.0,0.1868134695,0.23092594449999998,3127.0,604.0
0.6780556016340595,0.0,0.159493524,0.21433746250000002,3127.0,604.0
0.6456749343644665,0.0,0.156676421,0.2636847105,3127.0,604.0
0.6538116226163723,0.0,0.1626550745,0.2726979,3127.0,604.0
0.7220325966914339,0.0,0.15769498850000002,0.263940551,3127.0,604.0
0.8105504219302252,0.041888205,0.148046996,0.263709906,3127.0,604.0
0.8464271345303908,0.2587410915,0.123214878,0.26310604299999996,3127.0,604.0
0.8324163567297439,0.5374234505,0.1716377755,0.231330182,3127.0,604.0
0.8285989559250189,0.651530027,0.21600594350000002,0.22905047150000002,3127.0,604.0
0.8269672214424328,0.539469281,0.25258637100000003,0.3612332425,3127.0,604.0
0.8279569474231414,0.33621364,0.2791629195,0.4645110715,3127.0,604.0
0.8281760385876719,0.201334314,0.28171745,0.479549926,3127.0,604.0
0.8251710399386121,0.08769655900000001,0.265235926,0.503353977,3127.0,604.0
0.7717441915505736,0.0,0.274411611,0.456897381,3127.0,604.0
0.6735280395115582,0.0,0.273326119,0.38560045600000004,3127.0,604.0
0.636911736507555,0.0,0.29057086649999997,0.36320819449999997,3127.0,604.0
0.6437396612397406,0.0,0.29152412299999997,0.36765866999999997,3127.0,604.0
0.7131538128952066,0.0,0.283652151,0.3607961285,3127.0,604.0
0.8050494989039245,0.108257479,0.27998683300000005,0.3565904795,3127.0,604.0
0.8319461467745087,0.338116986,0.295714325,0.360222476,3127.0,604.0
0.8288124748676827,0.547508205,0.3122564055,0.319120866,3127.0,604.0
0.8280103271791116,0.6889567235,0.3272723555,0.3135623045,3127.0,604.0
0.8269532677815103,0.6678962195,0.385723605,0.4420337165,3127.0,604.0
0.8280340671719444,0.5200007625,0.44038973449999996,0.5259181605000001,3127.0,604.0
0.8284686906502717,0.374982872,0.46579073,0.563986734,3127.0,604.0
0.8250415238101068,0.191435848,0.459625906,0.5227036814999999,3127.0,604.0
0.7720444291249562,0.0006420425,0.48310453350000004,0.4710819515,3127.0,604.0
0.6879288172091731,0.0,0.446876859,0.447215891,3127.0,604.0
0.6491062920053765,0.0,0.4516351745,0.45914003800000003,3127.0,604.0
0.6355990396451976,0.0,0.445893942,0.42987479100000003,3127.0,604.0
0.6714940137408267,0.0,0.43018696050000005,0.3788989935,3127.0,604.0
0.7676949634454724,0.017835866,0.42807048000000003,0.3326709485,3127.0,604.0
0.8334568402921425,0.3115598555,0.378005834,0.2961299375,3127.0,604.0
0.8309726687556964,0.6425896875,0.32695909749999996,0.2417255035,3127.0,604.0
0.8279716970925542,0.8325339155,0.28669240900000004,0.23340116349999998,3127.0,604.0
0.8269466187837469,0.828661132,0.275928919,0.344145876,3127.0,604.0
0.8278538402427804,0.6179503150000001,0.2667369835,0.4190150715,3127.0,604.0
0.828002975734921,0.405615735,0.273395396,0.427403134,3127.0,604.0
0.822644117767628,0.2051028095,0.27299651049999996,0.4213612705,3127.0,604.0
0.7726497976021106,0.0007726315,0.28568017450000005,0.36383182000000003,3127.0,604.0
0.6555186974630032,0.0,0.2358027835,0.247932648,3127.0,604.0
0.6103459493507587,0.0,0.194951001,0.20396870150000002,3127.0,604.0
0.6076170973442949,0.0,0.166416164,0.23665205350000001,3127.0,604.0
0.6271918706158428,0.0,0.147022932,0.23659888750000002,3127.0,604.0
0.6441822447217543,0.045047447,0.136178755,0.20853258,3127.0,604.0
0.6773655748397851,0.239042124,0.108266241,0.20237942,3127.0,604.0
0.7064475612404191,0.43199553,0.083947873,0.190020292,3127.0,604.0
0.708449301520783,0.6827116129999999,0.0731238595,0.18570692,3127.0,604.0
0.7077169222180414,0.845485584,0.07682923650000001,0.2465600215,3127.0,604.0
0.7067457853624515,0.7838305919999999,0.08911282400000001,0.306407572,3127.0,604.0
0.7171338111648606,0.5643953435,0.0922556915,0.30697987849999997,3127.0,604.0
0.7226964019053415,0.358137133,0.109205379,0.301387945,3127.0,604.0
0.7223820233022589,0.1811187865,0.137527507,0.285031822,3127.0,604.0
0.7103665240707729,0.0008743385,0.168094839,0.288322288,3127.0,604.0
0.6557436884790553,0.0,0.140742649,0.27063188400000004,3127.0,604.0
0.6159162660273337,0.0,0.133169194,0.272418731,3127.0,604.0
0.6040862380735719,0.0,0.118770847,0.248134927,3127.0,604.0
0.6170530907385339,0.0,0.11097453900000001,0.200875474,3127.0,604.0
0.6356751994082486,0.028907511,0.108621951,0.193420572,3127.0,604.0
0.672339965611751,0.243714186,0.085355883,0.203235862,3127.0,604.0
0.7050088366850911,0.5187702805000001,0.058233668,0.1992482995,3127.0,604.0
0.7083190128555201,0.7833243635,0.064452833,0.199321952,3127.0,604.0
0.7072981486567566,0.8276752844999999,0.0811833495,0.274864198,3127.0,604.0
0.7107903545316234,0.6961804684999999,0.08424290949999999,0.31342685400000003,3127.0,604.0
0.7217256397040894,0.43703033299999994,0.086636672,0.2877148095,3127.0,604.0
0.7224788325862443,0.16934578849999998,0.0910200175,0.2363647395,3127.0,604.0
0.7102946018894986,0.0008730295,0.09222865,0.1825961965,3127.0,604.0
0.6731894761709746,0.0,0.0578667095,0.1201746605,3127.0,604.0
0.6391117778447688,0.0,0.059439253,0.117426547,3127.0,604.0
0.6335456754406716,0.0,0.05819456,0.101194013,3127.0,604.0
0.6666819002273748,0.0,0.054041950500000005,0.0835148685,3127.0,604.0
0.7320284451672634,0.0,0.046371416,0.083203811,3127.0,604.0
0.7844248773358714,0.048314644,0.043856819,0.087672676,3127.0,604.0
0.8227595865919307,0.3120524405,0.0288279835,0.07709376800000001,3127.0,604.0
0.828557984594022,0.647221292,0.025435685,0.08122325799999999,3127.0,604.0
0.8288387901725469,0.8237421885,0.03871793,0.099231524,3127.0,604.0
0.8288002537292698,0.7768605035,0.05160123,0.1841445855,3127.0,604.0
0.8294586506985724,0.5645402865,0.0601894795,0.21292400449999999,3127.0,604.0
0.8284346961091276,0.364995672,0.0788869,0.178481822,3127.0,604.0
0.8228253279918427,0.1630905705,0.08899265849999999,0.0928372705,3127.0,604.0
0.7724373088167462,0.0008596165,0.091342797,0.0606340335,3127.0,604.0
0.6869095451086074,0.0,0.079907545,0.056338194,3127.0,604.0
0.6488060309592611,0.0,0.08476183100000001,0.10911750749999999,3127.0,604.0
0.6336741848023935,0.0,0.071053587,0.1693177575,3127.0,604.0
0.6676214772671061,0.0,0.058478880999999996,0.159921541,3127.0,604.0
0.7323061134928585,0.0,0.0554154,0.167790315,3127.0,604.0
0.7851772506565861,0.057422589,0.054615477,0.19259904,3127.0,604.0
0.8180913876125748,0.203160142,0.045352232,0.215151998,3127.0,604.0
0.8283589343909303,0.369198495,0.043726515,0.224016803,3127.0,604.0
0.8285218830384645,0.6126113040000001,0.056945564000000004,0.23431905349999999,3127.0,604.0
0.8284652724675012,0.793354963,0.0980256535,0.37035192149999996,3127.0,604.0
0.8274843963046838,0.726421901,0.1595411585,0.4273399075,3127.0,604.0
0.8282723561835234,0.532635883,0.212670244,0.3829789135,3127.0,604.0
0.8279836840821581,0.343145441,0.247877896,0.388574892,3127.0,604.0
0.8258571101621676,0.217941012,0.243441398,0.376249402,3127.0,604.0
0.8196695549714133,0.11011008,0.230686324,0.336356209,3127.0,604.0
0.7725988761243758,0.0009679165,0.225135375,0.27814422250000004,3127.0,604.0
0.6871097191934956,0.0,0.149919423,0.203400378,3127.0,604.0
0.6488023552371658,0.0,0.1452341725,0.205266261,3127.0,604.0
0.6335456754406716,0.0,0.128580629,0.212911157,3127.0,604.0
0.6674019882201563,0.0,0.127944432,0.2122235385,3127.0,604.0
0.7322400911631058,0.0,0.131786146,0.220192296,3127.0,604.0
0.78510205079807,0.062446722,0.125375982,0.208098317,3127.0,604.0
0.8176438406306245,0.205115844,0.105847797,0.205900205,3127.0,604.0
0.8283589343909303,0.357906231,0.092415526,0.193529111,3127.0,604.0
0.8283098156072526,0.576933369,0.09105128800000001,0.160675884,3127.0,604.0
0.8279153206704001,0.7356213309999999,0.1449099815,0.2260513185,3127.0,604.0
0.8274519469994888,0.7302886005,0.230308265,0.3460964065,3127.0,604.0
0.8283498972864788,0.556764911,0.3122812975,0.384286904,3127.0,604.0
0.8281142304491799,0.351765894,0.351740682,0.386505265,3127.0,604.0
0.8227385624978754,0.1399614495,0.364550973,0.376131448,3127.0,604.0
0.7725905413851344,0.000892488,0.35611967099999997,0.395206613,3127.0,604.0
0.6872992172947031,0.0,0.262466593,0.421133897,3127.0,604.0
0.6488219980725338,0.0,0.2729243175,0.513957567,3127.0,604.0
0.6335081223736624,0.0,0.27956455199999997,0.5176127255,3127.0,604.0
0.6666516048800588,0.0,0.2658493495,0.4475025125,3127.0,604.0
0.7312823461899741,0.0,0.252665956,0.380902467,3127.0,604.0
0.7843642866412394,0.029464658,0.236425243,0.349760004,3127.0,604.0
0.8180913876125748,0.136935989,0.21777513,0.320543358,3127.0,604.0
0.8285440777953481,0.371048547,0.21348255849999997,0.280012021,3127.0,604.0
0.8283590279529935,0.583539967,0.138323912,0.235304049,3127.0,604.0
0.8278595528077417,0.716064394,0.1304924345,0.2481011505,3127.0,604.0
0.8272110358136298,0.7316409975,0.127291147,0.3201672975,3127.0,604.0
0.8284020127363405,0.6134022029999999,0.11847743699999999,0.4124347565,3127.0,604.0
0.8284346961091276,0.454012096,0.120248148,0.446551819,3127.0,604.0
0.8229468370919789,0.240041971,0.1272298505,0.4313584235,3127.0,604.0
0.7722540148874169,0.001500466,0.1427226885,0.400693418,3127.0,604.0
0.6727012388690851,0.0,0.087216053,0.282139566,3127.0,604.0
0.6364454363420071,0.0,0.070726913,0.236598855,3127.0,604.0
0.6419337167133082,0.0,0.070980864,0.2256580895,3127.0,604.0
0.7103310311559283,0.0,0.0735728165,0.20099007149999998,3127.0,604.0
0.7868041154449498,0.074239238,0.075345712,0.201477534,3127.0,604.0
0.8242565606786681,0.29629173200000003,0.06526040350000001,0.2540497555,3127.0,604.0
0.8282696871469946,0.5886829229999999,0.094908193,0.2619784395,3127.0,604.0
0.8282335856726541,0.7443720305,0.175964588,0.32162095999999996,3127.0,604.0
0.8276082465680425,0.7382136045000001,0.2005850615,0.3806539635,3127.0,604.0
0.8284450911629678,0.594253964,0.2054319385,0.37275610800000003,3127.0,604.0
0.8284346961091276,0.416923809,0.214403674,0.335785038,3127.0,604.0
0.8227839353066934,0.2090127015,0.213022656,0.2630644815,3127.0,604.0
0.7724373088167462,0.0011270555,0.21994727050000001,0.2529460925,3127.0,604.0
0.6714031043083629,0.0,0.19246335,0.224317487,3127.0,604.0
0.6279891016667258,0.0,0.1751632625,0.26471502599999996,3127.0,604.0
0.6040834286127315,0.0,0.177681879,0.29652675,3127.0,604.0
0.6170530907385339,0.0,0.2112016295,0.350405094,3127.0,604.0
0.6354474458748216,0.030177301,0.2401362515,0.47464233349999996,3127.0,604.0
0.6727235037975161,0.177612168,0.232911893,0.543680427,3127.0,604.0
0.7076929012141508,0.39427374699999995,0.2971830975,0.5834068325,3127.0,604.0
0.7082899584237968,0.6059163545,0.37330098,0.5951795129999999,3127.0,604.0
0.7071125838981862,0.703985717,0.4762832675,0.7148683650000001,3127.0,604.0
0.7105490921631592,0.6926406025,0.5770772534999999,0.7775612110000001,3127.0,604.0
0.7227492665826619,0.5099698785,0.6249757650000001,0.7779894265,3127.0,604.0
0.7291096033714584,0.231235404,0.612967983,0.7439991165,3127.0,604.0
0.7201838547494321,0.0016922105,0.5612276745,0.777037189,3127.0,604.0
0.642703095209723,0.0,0.43678459966666666,0.7469055583333333,3127.0,604.0
0.6066261071386949,0.0,0.3873551555,0.735546484,3127.0,604.0
0.6213244534553808,0.0,0.3423014895,0.705292503,3127.0,604.0
0.6436961613777438,0.046901543,0.312901344,0.6571514844999999,3127.0,604.0
0.6887531597358449,0.262867509,0.274589239,0.632100175,3127.0,604.0
0.7280754411771678,0.448089791,0.318935528,0.612119189,3127.0,604.0
0.7256164610637892,0.670260619,0.32935747400000004,0.544450147,3127.0,604.0
0.7136086410685833,0.800730623,0.336479583,0.5001932535,3127.0,604.0
0.7077135508163025,0.815601804,0.372563195,0.540592071,3127.0,604.0
0.7106186028472298,0.7049168215,0.4134576055,0.6065883675,3127.0,604.0
0.7218428409696847,0.4559527515,0.44854099049999996,0.654548275,3127.0,604.0
0.727047553326303,0.188066868,0.390851768,0.6580518639999999,3127.0,604.0
0.7209102875820546,0.001191626,0.32637738149999995,0.634907439,3127.0,604.0
0.6734655758701048,0.0,0.24525069900000002,0.4768165405,3127.0,604.0
0.6372417388110714,0.0,0.23900330666666667,0.426465925,3127.0,604.0
0.6704305862753026,0.0,0.24455758049999998,0.44133149699999996,3127.0,604.0
0.7371983670554644,0.0,0.248049488,0.442165134,3127.0,604.0
0.7904293491119386,0.06642811,0.23802085,0.425144611,3127.0,604.0
0.829200648598861,0.25974606899999997,0.23604016,0.387187141,3127.0,604.0
0.8290272581164551,0.499211286,0.25675614550000003,0.337039068,3127.0,604.0
0.8279019287879419,0.600706501,0.29685767949999997,0.27969962449999997,3127.0,604.0
0.8269619770938726,0.5635538605,0.378279457,0.332428968,3127.0,604.0
0.8279007582875477,0.418722903,0.41343251150000004,0.3989451045,3127.0,604.0
0.8280689980646736,0.315217917,0.417858827,0.38486385,3127.0,604.0
0.8235433323607265,0.1943968835,0.378365811,0.362675124,3127.0,604.0
0.7725428741941255,0.0022312825,0.3663721025,0.394999386,3127.0,604.0
0.6879288172091731,0.0,0.332566609,0.384610887,3127.0,604.0
0.649229439984742,0.0,0.308076169,0.347810737,3127.0,604.0
0.6347096113840094,0.0,0.3039399545,0.3418497925,3127.0,604.0
0.6706673535226654,0.0,0.29891038950000004,0.32709106099999996,3127.0,604.0
0.7390794878874626,0.0,0.287828698,0.297881825,3127.0,604.0
0.7915680234606614,0.091368421,0.264230895,0.285242992,3127.0,604.0
0.8283378634346263,0.3643324785,0.2023041835,0.265654276,3127.0,604.0
0.8285485729164496,0.693844515,0.165949099,0.227166428,3127.0,604.0
0.8284399873199364,0.871445553,0.1716507365,0.2049125055,3127.0,604.0
0.8286855809134575,0.8314786869999999,0.20166157099999998,0.31730305400000003,3127.0,604.0
0.8304621899158916,0.637141073,0.23716802450000002,0.3859936745,3127.0,604.0
0.8290559613655732,0.448792845,0.261839861,0.408251561,3127.0,604.0
0.823302702104708,0.24005228150000002,0.27049604000000005,0.40841023249999997,3127.0,604.0
0.7723387904007669,0.0023552575,0.3030103465,0.37122210899999997,3127.0,604.0
0.6872145119529004,0.0,0.272486366,0.303902455,3127.0,604.0
0.6488023552371658,0.0,0.2747670885,0.26502487750000003,3127.0,604.0
0.63367711129703,0.0,0.26963997500000003,0.237842579,3127.0,604.0
0.6682019351698166,0.0,0.256975656,0.2318214215,3127.0,604.0
0.7339684711148499,0.0,0.24929242,0.233394357,3127.0,604.0
0.7864761578352827,0.09654291,0.2393994,0.233046746,3127.0,604.0
0.8180913876125748,0.264693866,0.191578356,0.226797938,3127.0,604.0
0.8281703259414934,0.5368403845,0.1593818555,0.204256835,3127.0,604.0
0.8294185691005631,0.8136436444999999,0.1238081905,0.197028116,3127.0,604.0
0.8303702268543955,0.9046831545,0.137692801,0.24313666499999997,3127.0,604.0
0.8302426773972087,0.781253728,0.154295688,0.316667366,3127.0,604.0
0.8315471097730892,0.5373092555000001,0.182749453,0.38721474450000004,3127.0,604.0
0.824546965140109,0.2490389985,0.23496366500000002,0.46680527699999996,3127.0,604.0
0.773756654676867,0.002670838,0.2906003685,0.43283194950000003,3127.0,604.0
0.6733418893403567,0.0,0.26378101499999995,0.3227288205,3127.0,604.0
0.6364227031159579,0.0,0.24429924349999999,0.31058242849999995,3127.0,604.0
0.6411552387648056,0.0,0.21018717650000002,0.28702380250000004,3127.0,604.0
0.7088108323174419,0.0,0.169456524,0.24087173350000002,3127.0,604.0
0.800643516215541,0.17563072300000002,0.126291307,0.20580046400000002,3127.0,604.0
0.8282452448701687,0.5221310945000001,0.0960465415,0.1626560615,3127.0,604.0
0.8291127126044995,0.722990364,0.080601276,0.145234857,3127.0,604.0
0.8307045526132025,0.8431031835,0.0923430305,0.202837318,3127.0,604.0
0.8294192246035246,0.7938298425,0.1081030145,0.2880424365,3127.0,604.0
0.8302313927728151,0.5660969659999999,0.141932062,0.35203487749999995,3127.0,604.0
0.8291664669335904,0.394150684,0.186545882,0.370664675,3127.0,604.0
0.8233473256860674,0.1792299785,0.2074351605,0.3740655785,3127.0,604.0
0.77252568971821,0.002504404,0.2206433655,0.3395518905,3127.0,604.0
0.6872992172947031,0.0,0.182486593,0.265321913,3127.0,604.0
0.6487684778110347,0.0,0.1515424095,0.211153343,3127.0,604.0
0.6335456754406716,0.0,0.1256515225,0.2172948535,3127.0,604.0
0.6670598895817892,0.0,0.12365366950000001,0.213320441,3127.0,604.0
0.7322209869593376,0.0,0.116168903,0.195518935,3127.0,604.0
0.7843196161164142,0.072169204,0.106524009,0.191457642,3127.0,604.0
0.8171625801185876,0.197849916,0.077860273,0.177259955,3127.0,604.0
0.8282338197402461,0.42922895800000005,0.0836497625,0.161430731,3127.0,604.0
0.8281412012570057,0.653860004,0.083589081,0.15708534349999997,3127.0,604.0
0.8279406057367478,0.727383146,0.10572823349999999,0.27990757899999996,3127.0,604.0
0.8275055609042681,0.6179941435,0.1082384255,0.356429516,3127.0,604.0
0.8284892464467091,0.4060301685,0.10385776399999999,0.42215740150000003,3127.0,604.0
0.8226797042445357,0.152791351,0.090392689,0.400713877,3127.0,604.0
0.7723509881486641,0.0024420935,0.1042232965,0.35121987450000003,3127.0,604.0
0.671202883442443,0.0,0.089778904,0.29724993,3127.0,604.0
0.6279891016667258,0.0,0.078017697,0.265415729,3127.0,604.0
0.6040834286127315,0.0,0.074161289,0.231997122,3127.0,604.0
0.6170530907385339,0.0,0.074564932,0.21825383650000002,3127.0,604.0
0.634768329050603,0.04584589,0.07552071099999999,0.197360694,3127.0,604.0
0.6676773856352933,0.242869522,0.05279319,0.18145464,3127.0,604.0
0.7015693082009843,0.429489982,0.041140895,0.163573055,3127.0,604.0
0.7079602448198872,0.670250845,0.0494919485,0.147779102,3127.0,604.0
0.7086497566167291,0.8047743305,0.06700626100000001,0.184176513,3127.0,604.0
0.7072983828055657,0.7377588925,0.082782168,0.2524626045,3127.0,604.0
0.7171428014882807,0.572916243,0.0852089865,0.2733393275,3127.0,604.0
0.7228141650306179,0.41134082,0.100635625,0.2681405,3127.0,604.0
0.7224386573449548,0.1894931285,0.114031313,0.230281847,3127.0,604.0
0.7103555437667356,0.00306435,0.123295022,0.2118039145,3127.0,604.0
0.6718381960030915,0.0,0.114777834,0.152452317,3127.0,604.0
0.6280993496142011,0.0,0.0812731125,0.13647567300000002,3127.0,604.0
0.6041458453919362,0.0,0.066324998,0.12485697700000001,3127.0,604.0
0.6169016374736869,0.0,0.058918067000000005,0.12459248249999999,3127.0,604.0
0.6342558367584481,0.0446874585,0.054088124,0.11755281249999999,3127.0,604.0
0.6676773856352933,0.225593657,0.03324147,0.120874111,3127.0,604.0
0.7016151024451719,0.399368926,0.026875105,0.127441744,3127.0,604.0
0.7082568536156403,0.5952422934999999,0.030742428000000002,0.1337605795,3127.0,604.0
0.7078950887513895,0.7265423314999999,0.0371878485,0.20245380200000002,3127.0,604.0
0.7068890678653188,0.7049995225000001,0.052589295499999994,0.29880656,3127.0,604.0
0.7172613607032645,0.5542941050000001,0.064473365,0.36570180399999996,3127.0,604.0
0.722611790288036,0.344402414,0.075649837,0.3596705,3127.0,604.0
0.7221973714235408,0.1689802165,0.08437686999999999,0.31658648899999997,3127.0,604.0
0.7111465940362564,0.003242527,0.09538020250000001,0.2811503785,3127.0,604.0
0.6869095451086074,0.0,0.081867508,0.231072047,3127.0,604.0
0.6488023552371658,0.0,0.054760403,0.21468203349999998,3127.0,604.0
0.6336095438125453,0.0,0.044403595000000004,0.15011393299999998,3127.0,604.0
0.6676214772671061,0.0,0.035319858999999995,0.1385152855,3127.0,604.0
0.7323830458738841,0.0,0.029335351,0.12902732,3127.0,604.0
0.7844133584814516,0.086924279,0.026435612,0.112674968,3127.0,604.0
0.8227029760209674,0.302875373,0.0172874785,0.0936300305,3127.0,604.0
0.828197203106039,0.6211948190000001,0.026857580500000002,0.08363585100000001,3127.0,604.0
0.828364834242452,0.7564307685,0.046894274,0.119101812,3127.0,604.0
0.8274654323627932,0.6813893025,0.0682750055,0.1961303255,3127.0,604.0
0.8283180099221821,0.512106124,0.0866927725,0.241818812,3127.0,604.0
0.8279794698908972,0.35498236,0.097796884,0.231496402,3127.0,604.0
0.8226900524361274,0.178865665,0.08224335099999999,0.158742324,3127.0,604.0
0.7723678214419745,0.003561598,0.063308059,0.087704692,3127.0,604.0
0.6871097191934956,0.0,0.064845483,0.050525909,3127.0,604.0
0.6487648020889394,0.0,0.0480273395,0.0402291655,3127.0,604.0
0.6336095438125453,0.0,0.044007385,0.034674635499999995,3127.0,604.0
0.6674167612800849,0.0,0.0341353105,0.031102243,3127.0,604.0
0.7323830458738841,0.0,0.027231426,0.026851496,3127.0,604.0
0.7853460055935787,0.092675084,0.02478542,0.0259272,3127.0,604.0
0.817311013245518,0.239898954,0.017356403,0.022956937,3127.0,604.0
0.8282274515911063,0.49251153700000005,0.016751718,0.027172973,3127.0,604.0
0.8283579510146625,0.742138163,0.0217674675,0.04375908,3127.0,604.0
0.8281698576438753,0.783257953,0.036623412,0.106563919,3127.0,604.0
0.8274232436691535,0.7195435800000001,0.047572232500000006,0.212358016,3127.0,604.0
0.8284057118489516,0.576193374,0.051930181,0.238645099,3127.0,604.0
0.828588280022555,0.373347926,0.05818233,0.225757841,3127.0,604.0
0.82340112679619,0.20384179600000002,0.06827909500000001,0.19682243249999998,3127.0,604.0
0.7724495533456749,0.0038975015,0.0807774855,0.1832005025,3127.0,604.0
0.6729550033058027,0.0,0.058265868,0.127257861,3127.0,604.0
0.6362773369079759,0.0,0.050064566500000005,0.10558176999999999,3127.0,604.0
0.6411552387648056,0.0,0.0412342605,0.105982626,3127.0,604.0
0.7084976242959704,0.0,0.035884215,0.092318045,3127.0,604.0
0.7840220007163119,0.08330979,0.034115888,0.076274457,3127.0,604.0
0.8225704162828125,0.2711950795,0.0194796695,0.0861281765,3127.0,604.0
0.8292129165995226,0.529883145,0.027267486,0.1129066755,3127.0,604.0
0.8310470258246905,0.6329649900000001,0.0589905525,0.197535381,3127.0,604.0
0.829916592734363,0.556395082,0.07156072299999999,0.30652809999999997,3127.0,604.0
0.830771558319223,0.42032965450000004,0.08146741199999999,0.3247728765,3127.0,604.0
0.8299188402543052,0.254110817,0.090944828,0.371289388,3127.0,604.0
0.8234415362675056,0.1037089225,0.084669838,0.3737404755,3127.0,604.0
0.7732373961907184,0.0030182635,0.07629715749999999,0.273706873,3127.0,604.0
0.6742209928816862,0.0,0.0553582475,0.104375527,3127.0,604.0
0.6370166229914571,0.0,0.0670404065,0.0920380645,3127.0,604.0
0.6409253781357482,0.0,0.07762493000000001,0.09393818949999999,3127.0,604.0
0.7077401001887588,0.0,0.081969335,0.0995360215,3127.0,604.0
0.8002691791114891,0.11605125,0.08250862,0.10311757199999999,3127.0,604.0
0.8282579810872315,0.306816413,0.079963474,0.108895297,3127.0,604.0
0.8284346493280961,0.50345605,0.10055272,0.098525795,3127.0,604.0
0.8289314086557874,0.6332747295000001,0.1462141545,0.1682286745,3127.0,604.0
0.8295800662366453,0.5756052365,0.21111842549999998,0.28553065899999996,3127.0,604.0
0.8305417912522288,0.43448617749999996,0.2688038265,0.2946609445,3127.0,604.0
0.8288740019951168,0.277668276,0.277807782,0.306990628,3127.0,604.0
0.8231070700031697,0.1423267885,0.2530254455,0.282776592,3127.0,604.0
0.77252568971821,0.0024522405,0.23036781,0.229744007,3127.0,604.0
0.6878467342040846,0.0,0.183576074,0.202865543,3127.0,604.0
0.64888446163277,0.0,0.163823402,0.213905219,3127.0,604.0
0.6335081223736624,0.0,0.135463892,0.258232412,3127.0,604.0
0.6667578492321325,0.0,0.112372376,0.311098097,3127.0,604.0
0.7312217554953423,0.0,0.114013605,0.316014436,3127.0,604.0
0.7840220007163119,0.045708831,0.123294751,0.339243922,3127.0,604.0
0.8230698446470327,0.1848754065,0.128687086,0.3781024585,3127.0,604.0
0.8282967515981006,0.36704661400000005,0.168879186,0.3517317595,3127.0,604.0
0.8278979018832415,0.502002831,0.175710052,0.296409856,3127.0,604.0
0.8272026542121396,0.508651525,0.189245286,0.34065086050000004,3127.0,604.0
0.8276574122139689,0.485392095,0.19207486,0.293599914,3127.0,604.0
0.8285432350058262,0.347974203,0.17453496400000001,0.2568471075,3127.0,604.0
0.8227793465423118,0.1610296695,0.147298278,0.2358733485,3127.0,604.0
0.7725010835453395,0.0027854835,0.1242540775,0.1758769015,3127.0,604.0
0.6715078972302019,0.0,0.099058265,0.133144077,3127.0,604.0
0.6280253203372964,0.0,0.07282432450000001,0.16176999549999999,3127.0,604.0
0.6042232928516114,0.0,0.0649304145,0.187439717,3127.0,604.0
0.6166911151972068,0.0,0.059375905,0.137300309,3127.0,604.0
0.6336462073090011,0.0383698505,0.0700195595,0.123206399,3127.0,604.0
0.6676773856352933,0.175009597,0.070926872,0.100169811,3127.0,604.0
0.7016498461325579,0.313021774,0.090867584,0.093593245,3127.0,604.0
0.7082595693519835,0.5121243735,0.089418636,0.102205519,3127.0,604.0
0.7078554285887497,0.632439514,0.1101401415,0.127719597,3127.0,604.0
0.707071776463234,0.5902752339999999,0.133580341,0.19387589249999998,3127.0,604.0
0.7169421124059597,0.4537942395,0.125224722,0.22425260149999998,3127.0,604.0
0.7229704646803886,0.339745753,0.102559111,0.19484722,3127.0,604.0
0.7222634406155422,0.1879383765,0.0942685845,0.1580827605,3127.0,604.0
0.7102868992627028,0.0044424085,0.084316206,0.142695616,3127.0,604.0
0.6718381960030915,0.0,0.063628802,0.17077211,3127.0,604.0
0.6280365113184099,0.0,0.060559121,0.1625670265,3127.0,604.0
0.6042232928516114,0.0,0.0484717605,0.12418679800000001,3127.0,604.0
0.6167973596304975,0.0,0.036648338,0.10916222149999999,3127.0,604.0
0.6331642443505371,0.037243359,0.033911949999999996,0.1235167835,3127.0,604.0
0.6833228478036786,0.230333466,0.029765174999999998,0.12349364,3127.0,604.0
0.7084194276900535,0.4773819495,0.0424653265,0.1435475955,3127.0,604.0
0.7087596298286494,0.564202716,0.0686254555,0.2330778185,3127.0,604.0
0.7074984163849252,0.5412498215,0.124468234,0.32827998199999997,3127.0,604.0
0.7176768330343579,0.426105339,0.18561048800000002,0.34488399999999997,3127.0,604.0
0.7225543836273653,0.269750026,0.209215549,0.313037545,3127.0,604.0
0.7222773474954329,0.129399804,0.1817561305,0.26277914950000003,3127.0,604.0
0.7102868992627028,0.00377275,0.1724525525,0.20398521,3127.0,604.0
0.6874241445776098,0.0,0.158073521,0.162430417,3127.0,604.0
0.6488219979913167,0.0,0.157631564,0.16172230799999998,3127.0,604.0
0.6335081223736624,0.0,0.1489123235,0.1922994505,3127.0,604.0
0.6662555646260402,0.0,0.1397655305,0.17598807,3127.0,604.0
0.7306236215097994,0.0,0.12825633,0.142510142,3127.0,604.0
0.8003636002887865,0.0787248475,0.11993013899999999,0.1421931695,3127.0,604.0
0.8282338197402461,0.2577355155,0.10416431200000001,0.1370455605,3127.0,604.0
0.8280690917891709,0.41600545850000004,0.08471186550000001,0.1595444235,3127.0,604.0
0.8273960854935503,0.48160877550000003,0.12096377750000001,0.277707673,3127.0,604.0
0.8270136711895819,0.454954485,0.155829351,0.397039433,3127.0,604.0
0.828298624626139,0.3167513545,0.177404034,0.3613062665,3127.0,604.0
0.8226982466698399,0.143947142,0.1591590475,0.29976237250000004,3127.0,604.0
0.7724633197200369,0.003995211,0.140547126,0.25132526,3127.0,604.0
0.6872992172947031,0.0,0.10840954,0.177385659,3127.0,604.0
0.6487796454016324,0.0,0.09684873499999999,0.18410399049999998,3127.0,604.0
0.633470569225436,0.0,0.075112561,0.1767467185,3127.0,604.0
0.6664204096109115,0.0,0.059135714,0.167509993,3127.0,604.0
0.7309241400952398,0.0,0.048620519,0.155749657,3127.0,604.0
0.8002708179095014,0.09929083550000001,0.042080732999999995,0.130690199,3127.0,604.0
0.8281812359927664,0.30811282500000003,0.0464591595,0.11100272150000001,3127.0,604.0
0.8281257491411657,0.449667032,0.053825083,0.094696871,3127.0,604.0
0.8278067349926699,0.538696705,0.08392082649999999,0.2001804955,3127.0,604.0
0.8270399864132291,0.523862606,0.130048871,0.325238171,3127.0,604.0
0.8270986573800081,0.5098254959999999,0.1695439135,0.34494875,3127.0,604.0
0.8282260468606861,0.35429493850000005,0.2012103405,0.35349141949999996,3127.0,604.0
0.8226492684729081,0.134539387,0.176541368,0.313863067,3127.0,604.0
0.7724108764780859,0.0039237565,0.1503537605,0.2476776665,3127.0,604.0
0.6872992172947031,0.0,0.122673728,0.23545312,3127.0,604.0
0.648727248940713,0.0,0.1154803765,0.2106386195,3127.0,604.0
0.6335456754406716,0.0,0.1049014895,0.21225658549999998,3127.0,604.0
0.6666516048800588,0.0,0.0878692525,0.23235371999999999,3127.0,604.0
0.7312217554953423,0.0,0.083619159,0.228981786,3127.0,604.0
0.8005409708948613,0.1000708775,0.07342566950000001,0.205692985,3127.0,604.0
0.8283460576683388,0.295788775,0.06505635100000001,0.18662338299999998,3127.0,604.0
0.8282603222504539,0.421687483,0.065122835,0.18367002,3127.0,604.0
0.8279506261362501,0.5001951715,0.0990258765,0.2240229325,3127.0,604.0
0.8268672046527531,0.509691499,0.1756819655,0.34650353850000004,3127.0,604.0
0.827873178676575,0.38629752549999996,0.234912061,0.4040009055,3127.0,604.0
0.8279465992315498,0.259036323,0.249805364,0.406719523,3127.0,604.0
0.8226150867264205,0.1289299795,0.2158388305,0.3893795445,3127.0,604.0
0.7724248300577914,0.0040115125,0.1744330575,0.3407678985,3127.0,604.0
0.6728733651265996,0.0,0.143757423,0.278105727,3127.0,604.0
0.6362397838409666,0.0,0.13274087,0.300226286,3127.0,604.0
0.6410489944127319,0.0,0.10603093250000001,0.286874175,3127.0,604.0
0.7080983063647102,0.0,0.077623823,0.25123600700000004,3127.0,604.0
0.8005007487913232,0.1542699825,0.0530637185,0.1940060295,3127.0,604.0
0.828128465039943,0.4097716895,0.043345168,0.126168866,3127.0,604.0
0.8288608444239018,0.54547233,0.0636147255,0.09425546400000001,3127.0,604.0
0.8281997784992875,0.550991946,0.08832332100000001,0.11764582700000001,3127.0,604.0
0.827975068413076,0.485064289,0.10487398049999999,0.2272766335,3127.0,604.0
0.8290984779325192,0.35377113849999997,0.121097333,0.29154945050000003,3127.0,604.0
0.8234206057355133,0.1769836495,0.129858163,0.270960538,3127.0,604.0
0.7725012005791356,0.0056532615,0.12941964350000001,0.239631626,3127.0,604.0
0.671658999312444,0.0,0.10084772850000001,0.1904565025,3127.0,604.0
0.6359287063868585,0.0,0.08171752900000001,0.220865445,1587.0,306.0
0.6399304311969952,0.0,0.073908141,0.2316543355,1587.0,306.0
0.7030475993568888,0.0,0.0674104555,0.22372657,1587.0,306.0
0.7784016288232568,0.092981154,0.061962787,0.206864604,1587.0,306.0
0.8186809059290356,0.2785157805,0.053382991000000005,0.174389597,1587.0,306.0
0.8284373183646248,0.5499286705,0.081922618,0.15999751299999998,1587.0,306.0
0.8299799928898355,0.6921468664999999,0.131903346,0.220118013,1587.0,306.0
0.8296488980272385,0.681145385,0.17168064100000002,0.33998152849999996,1587.0,306.0
0.8301711298702723,0.521597281,0.21226271349999998,0.400399076,1587.0,306.0
0.8294028360548824,0.342466996,0.241916911,0.414565165,1587.0,306.0
0.821632056605724,0.174100064,0.23333939999999997,0.373259365,1587.0,306.0
0.7692503742689629,0.006903824,0.22520723199999998,0.30373566100000005,1587.0,306.0
0.6712273257192689,0.0,0.18580977,0.250903205,1587.0,306.0
0.6290378497968185,0.0,0.16326984,0.24898363,1587.0,306.0
0.6053172732037763,0.0,0.1295640465,0.25446054500000004,1587.0,306.0
0.6164483544550422,0.0,0.11611603000000001,0.245179399,1587.0,306.0
0.6321124996354774,0.030352143,0.107456996,0.22097910399999998,1587.0,306.0
0.6844853555448631,0.2193873,0.09046789699999999,0.1925750635,1587.0,306.0
0.7123503072572468,0.4946264305,0.081384296,0.1748712395,1587.0,306.0
0.7130103665775116,0.6298096995,0.0918949735,0.1418512315,1587.0,306.0
0.7132301833353338,0.617042637,0.10871505249999999,0.219455638,1587.0,306.0
0.7221122681993186,0.4723624875,0.1261995835,0.27225299950000004,1587.0,306.0
0.7261195886218376,0.314683737,0.141374328,0.248198284,1587.0,306.0
0.7250242034580354,0.1520274515,0.1339834865,0.2065896705,1587.0,306.0
0.7129447188208798,0.006636756,0.13925908399999998,0.175802691,1587.0,306.0
0.6712953146391231,0.0,0.141733181,0.160068067,1587.0,306.0
0.6291381007353074,0.0,0.131524587,0.17064441349999998,1587.0,306.0
0.6055943562791744,0.0,0.113368235,0.160600175,1587.0,306.0
0.6164483544550422,0.0,0.1078181385,0.165416195,1587.0,306.0
0.6319444938447265,0.040947273,0.10089659200000001,0.1882681995,1587.0,306.0
0.6843140955486035,0.245762111,0.079825118,0.172049964,1587.0,306.0
0.7116387412902674,0.480795783,0.0963804595,0.1357041255,1587.0,306.0
0.7123637224490038,0.5896231704999999,0.14189077649999998,0.1541025995,1587.0,306.0
0.7115422363266384,0.580281249,0.194248467,0.243531785,1587.0,306.0
0.7142947346826546,0.534561547,0.24643324049999998,0.28546130550000004,1587.0,306.0
0.7252360602121711,0.3997181745,0.3026112255,0.30615622,1587.0,306.0
0.7255363446488023,0.1863570415,0.2731021265,0.30972392550000005,1587.0,306.0
0.7132061157128459,0.007275061,0.2367140835,0.29279261599999995,1587.0,306.0
0.671816212004501,0.0,0.191013652,0.2579344335,1587.0,306.0
0.6358911532386321,0.0,0.1784580035,0.25923566,1587.0,306.0
0.6399304311969952,0.0,0.1652913295,0.246249545,1587.0,306.0
0.7026880820937973,0.0,0.143962837,0.2299019935,1587.0,306.0
0.7953413156814597,0.1398616765,0.1313861725,0.2220743815,1587.0,306.0
0.8254992785593369,0.36055096750000004,0.152093994,0.1805938515,1587.0,306.0
0.8270803022412645,0.482890583,0.198698832,0.1547393915,1587.0,306.0
0.8270933193881678,0.5465725079999999,0.272781282,0.24663791899999998,1587.0,306.0
0.8262192495183223,0.5000261305,0.3158249635,0.32479487100000004,1587.0,306.0
0.8264840879023576,0.357831275,0.344018708,0.3559473865,1587.0,306.0
0.819435011934694,0.1455702685,0.3094360745,0.340607907,1587.0,306.0
0.7691099948702163,0.005889461,0.2606111455,0.308019888,1587.0,306.0
0.671816212004501,0.0,0.2204257695,0.2783137645,1587.0,306.0
0.6358959527613071,0.0,0.19911734450000002,0.2867382135,1587.0,306.0
0.6398241867637044,0.0,0.1748032,0.30194867000000003,1587.0,306.0
0.702317631388917,0.0,0.145880157,0.309826979,1587.0,306.0
0.795140111520489,0.081253514,0.1197302455,0.2573772535,1587.0,306.0
0.8258377716471561,0.29464829,0.12621488749999998,0.24372499250000002,1587.0,306.0
0.827375763764705,0.44102076300000004,0.1276203875,0.1927484255,1587.0,306.0
0.8270933193881678,0.48460103099999996,0.19885906949999999,0.2425184265,1587.0,306.0
0.8259169984103725,0.425274186,0.2547592305,0.3195807935,1587.0,306.0
0.8260915595556066,0.2968736455,0.273102587,0.3698220625,1587.0,306.0
0.818825265370234,0.12147144300000001,0.23864635750000002,0.38989241100000005,1587.0,306.0
0.7686405340612229,0.005675916,0.19058973,0.343328638,1587.0,306.0
0.6714641632193961,0.0,0.1738153475,0.28816521549999996,1587.0,306.0
0.6358911532386321,0.0,0.176145608,0.26581175199999996,1587.0,306.0
0.6398241867637044,0.0,0.1551515415,0.304677062,1587.0,306.0
0.7019425919196551,0.0,0.13464746,0.30945191299999997,1587.0,306.0
0.7952260810059661,0.093791335,0.119357981,0.28454982250000005,1587.0,306.0
0.8258726557588538,0.2724437255,0.1196370765,0.2412875875,1587.0,306.0
0.8257717961796521,0.378151506,0.093176978,0.228476099,1587.0,306.0
0.826486803801135,0.4784805445,0.12703817350000002,0.313602434,1587.0,306.0
0.8258441865773276,0.479259253,0.174458972,0.4223390645,1587.0,306.0
0.8261525716856082,0.3851228365,0.219383474,0.436491194,1587.0,306.0
0.826146109893188,0.249067358,0.225332594,0.41345424,1587.0,306.0
0.8204231458984219,0.153661403,0.19299405349999998,0.338812103,1587.0,306.0
0.7690891814532371,0.0086010575,0.1594145865,0.295978068,1587.0,306.0
0.6719828832363791,0.0,0.12284671350000001,0.20101593950000002,1587.0,306.0
0.635021079031988,0.0,0.10794817733333333,0.16724567833333334,1587.0,306.0
0.663449522618009,0.0,0.09462551599999999,0.114007175,1587.0,306.0
0.7243161493171065,0.0,0.08495043,0.101749703,1587.0,306.0
0.7950200773223204,0.1428383885,0.065126166,0.112134498,1587.0,306.0
0.8261184835011837,0.4086099005,0.0614065015,0.13134089,1587.0,306.0
0.8275396021452268,0.571643047,0.095176808,0.176011968,1587.0,306.0
0.827632126985187,0.599587671,0.134668392,0.22543686300000002,1587.0,306.0
0.8267020084040596,0.5232589965000001,0.168722624,0.33263605900000004,1587.0,306.0
0.8266145405448821,0.379521734,0.19172606949999998,0.3376119745,1587.0,306.0
0.8263452070397455,0.260880286,0.181785434,0.314116355,1587.0,306.0
0.8205850644698736,0.12244693849999999,0.1457732975,0.25713500850000004,1587.0,306.0
0.7690891814532371,0.002859986,0.10488512450000001,0.2101298345,1587.0,306.0
0.6724096870541147,0.0,0.083329831,0.1727786375,1587.0,306.0
0.6360827350449543,0.0,0.0726404205,0.179300583,1587.0,306.0
0.6398241867637044,0.0,0.071091693,0.1443017795,1587.0,306.0
0.7020238321352217,0.0,0.090147103,0.13864792199999998,1587.0,306.0
0.7951747614833776,0.078960849,0.106727729,0.169061392,1587.0,306.0
0.8252267609390218,0.205414269,0.118601769,0.168055189,1587.0,306.0
0.8267690608911117,0.347657172,0.139562244,0.1385312795,1587.0,306.0
0.8274992863984084,0.457440396,0.226917058,0.1149421725,1587.0,306.0
0.8266238585791743,0.4686113165,0.28259285700000003,0.1658186195,1587.0,306.0
0.8266145405448821,0.407749776,0.26495398400000003,0.196845116,1587.0,306.0
0.826146109893188,0.28851921,0.233687638,0.215195718,1587.0,306.0
0.8196010978351579,0.15452924,0.18875321350000002,0.216413321,1587.0,306.0
0.7691181891039289,0.0080232285,0.135755424,0.171558257,1587.0,306.0
0.6712474602427708,0.0,0.112944947,0.31138513,1587.0,306.0
0.6291141734559141,0.0,0.08968092550000001,0.3301658185,1587.0,306.0
0.6055531507993684,0.0,0.0740399905,0.28266465500000004,1587.0,306.0
0.6164483544550422,0.0,0.0558434765,0.2360508,1587.0,306.0
0.6326748130765205,0.0394311715,0.049901167999999996,0.221834684,1587.0,306.0
0.6654133352582429,0.164595276,0.047861535,0.178650144,1587.0,306.0
0.7076717834768153,0.3425058835,0.0792967235,0.1547391475,1587.0,306.0
0.7127297950665787,0.5292909809999999,0.1377608715,0.17209384249999998,1587.0,306.0
0.712321791213472,0.5665629905,0.2293089385,0.3186837635,1587.0,306.0
0.7146452616223262,0.5075144925,0.249380554,0.3202589525,1587.0,306.0
0.7243525318025047,0.394774794,0.229362721,0.278521519,1587.0,306.0
0.7261531147841466,0.2368986725,0.192961202,0.2391259455,1587.0,306.0
0.7219368877362953,0.060543367,0.14798403999999998,0.188739535,1587.0,306.0
0.6892163226484629,0.0,0.1344952375,0.1712480605,1587.0,306.0
0.6291793061338963,0.0,0.1275792435,0.2088822355,1587.0,306.0
0.6055169088194992,0.0,0.1165481745,0.2472227745,1587.0,306.0
0.6164483544550422,0.0,0.1021453085,0.26558975100000004,1587.0,306.0
0.6319444938447265,0.035211159,0.083078922,0.216399024,1587.0,306.0
0.6654133352582429,0.126858463,0.070690755,0.180358267,1587.0,306.0
0.7070608195497126,0.283026004,0.08968345650000001,0.16973504350000002,1587.0,306.0
0.7125726292367702,0.395997724,0.1042380055,0.19121622049999998,1587.0,306.0
0.7126546419890943,0.430286917,0.130569166,0.266039406,1587.0,306.0
0.7120493438459212,0.436627369,0.179111851,0.31701800950000003,1587.0,306.0
0.7209505096855927,0.3497726195,0.238009364,0.34180799549999996,1587.0,306.0
0.7261852362972523,0.2225655255,0.249261572,0.314975285,1587.0,306.0
0.7246536122476263,0.094679907,0.210766138,0.286195595,1587.0,306.0
0.7132337420236331,0.007877171,0.195241102,0.246539285,1587.0,306.0
0.672684241517296,0.0,0.1991881035,0.187934848,1587.0,306.0
0.6364342219703778,0.0,0.1780807985,0.2002721275,1587.0,306.0
0.6399019854059848,0.0,0.15488133450000002,0.211419079,1587.0,306.0
0.7017035067371515,0.0,0.128857453,0.201214231,1587.0,306.0
0.7951217563817453,0.1124889425,0.110171973,0.241746668,1587.0,306.0
0.8252474571597709,0.294656975,0.117379027,0.229594683,1587.0,306.0
0.8277430538261397,0.442530843,0.122796284,0.195483186,1587.0,306.0
0.8294897420543786,0.508165746,0.138839954,0.207699558,1587.0,306.0
0.8309952849479495,0.5187640295,0.1778055445,0.3111752565,1587.0,306.0
0.8325284541523078,0.480558905,0.210466488,0.434825498,1587.0,306.0
0.8326064635528814,0.408691941,0.2578964635,0.5302842855,1587.0,306.0
0.82974896159795,0.281144316,0.276563683,0.587338769,1587.0,306.0
0.8225914872391165,0.160015839,0.25192179,0.59039183,1587.0,306.0
0.7704512779478959,0.01087339,0.221280947,0.5584031515,1587.0,306.0
0.6870386865827748,0.0,0.165518838,0.555849561,1587.0,306.0
0.6488722171850584,0.0,0.171424028,0.5867192265,1587.0,306.0
0.6330894425368747,0.0,0.1877887465,0.649651106,1587.0,306.0
0.6629497429899669,0.0,0.195709336,0.6586803425,1587.0,306.0
0.7235442501136028,0.001077945,0.196946677,0.608596386,1587.0,306.0
0.7952828554729738,0.1498308105,0.192569742,0.5603696380000001,1587.0,306.0
0.8270848442246146,0.3967249145,0.23213163850000001,0.5090093075,1587.0,306.0
0.8304042213143226,0.5600530565,0.212903674,0.4890937035,1587.0,306.0
0.8342395091226074,0.574089691,0.2739428525,0.5759035875,1587.0,306.0
0.8360252020105248,0.5006197965,0.33750811550000004,0.6506421665,1587.0,306.0
0.8355740026969948,0.3596311115,0.3863356475,0.6278884849999999,1587.0,306.0
0.8236282716889041,0.196918589,0.38859472500000003,0.566978014,1587.0,306.0
0.771912478189948,0.014832835,0.380932292,0.5205101335,1587.0,306.0
0.6731973660843307,0.0,0.30834173649999996,0.506346457,1587.0,306.0
0.6363545503000592,0.0,0.289680243,0.5053625215,1587.0,306.0
0.6397866336966951,0.0,0.2810154775,0.465211331,1587.0,306.0
0.7019425919196551,0.0005241365,0.252930941,0.4142398835,1587.0,306.0
0.7953881868639783,0.1748445375,0.21540918450000002,0.35777245950000003,1587.0,306.0
0.8280112636931309,0.47764754500000006,0.213223515,0.28071225450000004,1587.0,306.0
0.8371558223874126,0.7070063925,0.205287059,0.2627245995,1587.0,306.0
0.8420787457080211,0.772029624,0.238025279,0.37184792,1587.0,306.0
0.8406915279618421,0.7274840929999999,0.2597199785,0.4652002235,1587.0,306.0
0.8397877246043619,0.656938254,0.293868767,0.474740481,1587.0,306.0
0.8370490629566892,0.513653132,0.3170166955,0.4513140065,1587.0,306.0
0.8254626619251297,0.2615046735,0.3153894275,0.4159799745,1587.0,306.0
0.7715984742412034,0.016935223,0.3306111765,0.39558036750000003,1587.0,306.0
0.6875569383833567,0.0,0.288867528,0.329677456,1587.0,306.0
0.6491455775948956,0.0,0.270040553,0.3219527675,1587.0,306.0
0.6331269956038842,0.0,0.2328547685,0.33652272000000005,1587.0,306.0
0.6632370103609119,0.0,0.19170065149999999,0.312586559,1587.0,306.0
0.7239411332383604,0.001125105,0.176380049,0.262288605,1587.0,306.0
0.7780965682544664,0.112520026,0.162822235,0.236224743,1587.0,306.0
0.8193308278160021,0.32759494850000004,0.12471377249999999,0.20619727300000001,1587.0,306.0
0.8312822713078369,0.6423039665,0.106940314,0.1408107315,1587.0,306.0
0.8395689145321062,0.846641396,0.1154676235,0.1515199065,1587.0,306.0
0.8408754540036171,0.8879790089999999,0.139311016,0.264550999,1587.0,306.0
0.8411116827818144,0.7477320205,0.1737771465,0.34565208449999996,1587.0,306.0
0.838111694413723,0.465217534,0.20963640249999999,0.3642518215,1587.0,306.0
0.8262892051094951,0.211710753,0.21368069,0.342927941,1587.0,306.0
0.7740855721910691,0.019075136,0.227418187,0.312060722,1587.0,306.0
0.6765283791434717,0.0,0.159889886,0.194743634,1587.0,306.0
0.6372725179955381,0.0,0.1368270985,0.1777504825,1587.0,306.0
0.6399019854059848,0.0,0.12213689850000001,0.177651448,1587.0,306.0
0.7017035067371515,0.0005539645,0.1081675725,0.196892716,1587.0,306.0
0.7959415333721171,0.192046335,0.0821799285,0.221057382,1587.0,306.0
0.827537167257507,0.431484001,0.058363179,0.196574952,1587.0,306.0
0.8365788529202369,0.6532904245,0.05546637,0.17897373900000002,1587.0,306.0
0.8448007381208622,0.826054375,0.0702818145,0.2451427045,1587.0,306.0
0.8448651214901686,0.8332830609999999,0.12155266749999999,0.329086852,1587.0,306.0
0.844020878751238,0.6671311155,0.174212062,0.3434173425,1587.0,306.0
0.8407019229344653,0.484361043,0.21460633,0.342108314,1587.0,306.0
0.8334625997193525,0.2632513945,0.245033942,0.304204854,1587.0,306.0
0.7763423881577249,0.0188013145,0.27248036649999996,0.2598086315,1587.0,306.0
0.6731449228423797,0.0,0.21857749199999998,0.238764019,1587.0,306.0
0.6233991461555356,0.0,0.18275919699999998,0.24443099899999998,1587.0,306.0
0.6106905296578771,0.0,0.158934943,0.23974409800000002,1587.0,306.0
0.6245621455848541,0.0005467655,0.1405926625,0.2185584535,1587.0,306.0
0.6529076789157974,0.1866296445,0.1006018605,0.1810928525,1587.0,306.0
0.7061983153153185,0.428866193,0.066366881,0.144180791,1587.0,306.0
0.7201569308038551,0.666373257,0.068257521,0.1414690255,1587.0,306.0
0.7288575245950015,0.8649742195,0.0809211925,0.1873075315,1587.0,306.0
0.7321041133233974,0.8642601215000001,0.10698986099999999,0.268641849,1587.0,306.0
0.7379835174734634,0.758201415,0.137491233,0.318780262,1587.0,306.0
0.7429398266132861,0.5718847685,0.17290307,0.313097799,1587.0,306.0
0.7384513862654761,0.343371717,0.206745581,0.267535401,1587.0,306.0
0.729684301928176,0.11098063799999999,0.265523702,0.228116401,1587.0,306.0
0.7075153667932486,0.0,0.26829111250000004,0.200180827,1587.0,306.0
0.6499936833424816,0.0,0.23458910500000002,0.19721651699999998,1587.0,306.0
0.6156815824850856,0.0,0.2101132375,0.1960335975,1587.0,306.0
0.618634418822035,0.0,0.187576831,0.2123541685,1587.0,306.0
0.6331012188494025,0.06659464200000001,0.1661577435,0.2113231835,1587.0,306.0
0.6884647920360532,0.3581622075,0.1059190475,0.17876119899999998,1587.0,306.0
0.7244034766707552,0.670959632,0.091117133,0.18478339,1587.0,306.0
0.7352368019351727,0.8707769439999999,0.095453344,0.22987598050000002,1587.0,306.0
0.7382352450673151,0.9008472425,0.11992685349999999,0.30360039650000004,1587.0,306.0
0.7458562803836202,0.753132983,0.1453377615,0.33399144849999995,1587.0,306.0
0.7485660047145827,0.4739250785,0.179773258,0.2932020955,1587.0,306.0
0.7338311353257527,0.130263171,0.244333974,0.272295547,1587.0,306.0
0.7225999437227439,0.0,0.2766903315,0.2546508645,1587.0,306.0
0.6732785594376486,0.0,0.2735409795,0.2405006045,1587.0,306.0
0.6494374336490051,0.0,0.264015467,0.2495047615,1587.0,306.0
0.6680836569658904,0.0,0.25831623800000003,0.245061737,1587.0,306.0
0.7245058347048745,0.001194637,0.25620377,0.239350383,1587.0,306.0
0.799375536577823,0.196693147,0.2206527845,0.225831104,1587.0,306.0
0.8442605725744543,0.5292150215,0.1697007285,0.1960414445,1587.0,306.0
0.8836492040564021,0.795330825,0.16295728650000002,0.1734896645,1587.0,306.0
0.9080724967985329,0.9069592179999999,0.16944324049999998,0.2648660995,1587.0,306.0
0.9069983464870792,0.871613826,0.179506364,0.413830166,1587.0,306.0
0.9061693216339626,0.7280662455,0.2036562315,0.472496534,1587.0,306.0
0.8895036039887437,0.439458274,0.2465848465,0.44297081800000004,1587.0,306.0
0.8567104143544269,0.193724374,0.280305912,0.380829951,1587.0,306.0
0.7975135902835746,0.019717606,0.3129279855,0.321344262,1587.0,306.0
0.716056336395134,0.0,0.2661499955,0.289824973,1587.0,306.0
0.6596406672296017,0.0,0.25061541,0.35349572949999997,1587.0,306.0
0.6505225408739801,0.0,0.2426130585,0.3912617855,1587.0,306.0
0.7047075454816762,0.000564019,0.21708948649999998,0.453950473,1587.0,306.0
0.8006620821125778,0.1970867045,0.16341233049999998,0.49945781600000005,1587.0,306.0
0.8424450994178707,0.5240507595,0.1185702445,0.45675018,1587.0,306.0
0.8570023172707852,0.7986466015,0.090344782,0.436406036,1587.0,306.0
0.8796484391508004,0.920145101,0.089398571,0.518870307,1587.0,306.0
0.8866343491118005,0.8457287899999999,0.093152534,0.6015679275000001,1587.0,306.0
0.8807740025469055,0.598631112,0.1044976735,0.6000728295,1587.0,306.0
0.8489011920240545,0.275654636,0.1272568665,0.537835455,1587.0,306.0
0.7938661383879693,0.0212977525,0.16560734900000001,0.4621932385,1587.0,306.0
0.7068411666067179,0.0,0.121155174,0.408374207,1587.0,306.0
0.6601643974463359,0.0,0.10201214,0.37498563549999997,1587.0,306.0
0.654903355529812,0.0,0.093984047,0.362913139,1587.0,306.0
0.7072068412606561,0.000590119,0.092286114,0.3167407835,1587.0,306.0
0.8016213956309575,0.200785308,0.063763022,0.23011034,1587.0,306.0
0.8486186540042369,0.5243449515,0.045315423,0.1730871145,1587.0,306.0
0.8807407103709715,0.7955035745000001,0.053403528,0.175718075,1587.0,306.0
0.9021947315276964,0.883786276,0.062969043,0.240813953,1587.0,306.0
0.8998257011046806,0.7510124730000001,0.0808320705,0.267965739,1587.0,306.0
0.8932906625839041,0.5277772055000001,0.108888375,0.20477516150000002,1587.0,306.0
0.8603298418943913,0.2255376665,0.151792171,0.1545304795,1587.0,306.0
0.7960121211569526,0.015625385,0.166898227,0.1428271525,1587.0,306.0
0.7272028228187744,0.0,0.162794172,0.13852404899999998,1587.0,306.0
0.6663847529624563,0.0,0.1466304425,0.1609058455,1587.0,306.0
0.6588268367905661,0.0,0.1135363615,0.13717523650000002,1587.0,306.0
0.7088206888208994,0.000521111,0.1010379855,0.1814320255,1587.0,306.0
0.8041261698260895,0.172276071,0.07298376200000001,0.191869169,1587.0,306.0
0.8444253473877781,0.477508571,0.052284123,0.184448455,1587.0,306.0
0.8640532194042385,0.7447368525,0.055889581499999993,0.1918700135,1587.0,306.0
0.8864857754793412,0.8354369405,0.0754167855,0.256537759,1587.0,306.0
0.8992043889047693,0.748264104,0.0908896365,0.2918097935,1587.0,306.0
0.8996678094379291,0.517226891,0.119817001,0.38419546400000004,1587.0,306.0
0.873419210426273,0.2317301485,0.19076853900000001,0.361643353,1587.0,306.0
0.8001212375102585,0.0147774925,0.24222737049999998,0.29472647900000004,1587.0,306.0
0.737425558647993,0.0,0.1901632325,0.25414375,1587.0,306.0
0.6694232309115764,0.0,0.1784150025,0.270984299,1587.0,306.0
0.6622881853772187,0.0,0.1753343125,0.2426187275,1587.0,306.0
0.712344313762445,0.0,0.155361127,0.1994093405,1587.0,306.0
0.8072150307837787,0.174391138,0.108143772,0.2367951795,1587.0,306.0
0.8494812986629428,0.47460456549999996,0.088893533,0.292994225,1587.0,306.0
0.8891492842119637,0.7333133585,0.0969358565,0.331234961,1587.0,306.0
0.9043280951134132,0.82976014,0.117204856,0.4367813145,1587.0,306.0
0.9017087886079975,0.755550924,0.11897719300000001,0.5011441765,1587.0,306.0
0.8976775878495511,0.540005794,0.138363487,0.5307594685,1587.0,306.0
0.8739258028669064,0.23464585999999998,0.177191553,0.505825655,1587.0,306.0
0.797708004941253,0.019186016,0.24615383550000003,0.421022794,1587.0,306.0
0.7336004317447393,0.0,0.222114589,0.339611828,1587.0,306.0
0.6894596687220417,0.0,0.182939733,0.2869167195,1587.0,306.0
0.6483542931765658,0.0,0.151132307,0.255927566,1587.0,306.0
0.6379366509203177,0.0,0.127268126,0.27724213750000004,1587.0,306.0
0.6401163940816362,0.06537633649999999,0.096415909,0.29939909899999995,1587.0,306.0
0.6771227907071047,0.273432093,0.057594429,0.319441514,1587.0,306.0
0.7241622376928069,0.5343017765,0.056150252,0.34061439400000004,1587.0,306.0
0.7366998282617977,0.750198199,0.060555971,0.359095198,1587.0,306.0
0.7440123614360261,0.8818507055,0.0740745115,0.40178281250000003,1587.0,306.0
0.7420031057342098,0.900225779,0.0865875355,0.49575035,1587.0,306.0
0.748291379998637,0.7267229645,0.09470922200000001,0.5309707244999999,1587.0,306.0
0.7504029702628398,0.520963327,0.110680549,0.502947725,1587.0,306.0
0.747189860834504,0.26660488649999997,0.134530462,0.461624805,1587.0,306.0
0.7294922050432041,0.022360296,0.1763592575,0.424020067,1587.0,306.0
0.6998284731244525,0.0,0.153310809,0.381886132,1587.0,306.0
0.640067088092615,0.0,0.1250623615,0.358057858,1587.0,306.0
0.6254699056754873,0.0,0.10514994650000001,0.32730496649999996,1587.0,306.0
0.6307717550269634,0.0,0.077763977,0.3257540715,1587.0,306.0
0.6567936539717907,0.20122856299999997,0.044630289000000004,0.302691706,1587.0,306.0
0.7178787395605387,0.529573582,0.021973186999999998,0.302279112,1587.0,306.0
0.7361241698817621,0.8025070685,0.0309275625,0.3749298065,1587.0,306.0
0.7415813121162254,0.9162861175,0.047021963,0.47832950750000003,1587.0,306.0
0.745579337894968,0.8431229235,0.066861557,0.5115112669999999,1587.0,306.0
0.7508994017984418,0.6157387215,0.099271442,0.482410426,1587.0,306.0
0.7497539380276439,0.374677969,0.139562633,0.450562426,1587.0,306.0
0.7351282631196911,0.12350259599999999,0.171998298,0.405756499,1587.0,306.0
0.7337631931869302,0.0,0.1783959785,0.338410657,1587.0,306.0
0.6817290410424399,0.0,0.155934464,0.353174385,1587.0,306.0
0.6572401941869576,0.0,0.135527366,0.354219478,1587.0,306.0
0.6768544403345846,0.0,0.114533352,0.3265993565,1587.0,306.0
0.7559225761387564,0.06405256299999999,0.0824577495,0.315064762,1587.0,306.0
0.8248841004409734,0.255665746,0.047247185,0.315235473,1587.0,306.0
0.8437096841821168,0.498821629,0.032656602,0.319299703,1587.0,306.0
0.8543662944246382,0.7603239395,0.032716448499999995,0.34945948250000003,1587.0,306.0
0.8708950509350979,0.882777938,0.050535871499999996,0.40872997349999995,1587.0,306.0
0.8893675792867868,0.8169236085,0.079197453,0.4811626035,1587.0,306.0
0.8805462489322615,0.573839708,0.120934395,0.449040087,1587.0,306.0
0.84797430425792,0.256304996,0.18051231550000002,0.39097511399999996,1587.0,306.0
0.7921673982805799,0.019938373,0.198003596,0.273382844,1587.0,306.0
0.7155039029292816,0.0,0.14095930499999998,0.135929508,1587.0,306.0
0.6630574156254108,0.0,0.10902959549999999,0.08760188699999999,1587.0,306.0
0.6580066851458564,0.0,0.0870209775,0.0696511385,1587.0,306.0
0.7086021128162359,0.0,0.067590958,0.083273382,1587.0,306.0
0.7837806680950832,0.122107809,0.046532078,0.084661648,1587.0,306.0
0.8329435987725289,0.33276607,0.03138089,0.09705372500000001,1587.0,306.0
0.8513407398979242,0.6427718904999999,0.0317497345,0.107556722,1587.0,306.0
0.8668241899327945,0.815118402,0.038371778,0.136584641,1587.0,306.0
0.8816455438857511,0.871442981,0.0589082815,0.22504270599999998,1587.0,306.0
0.8895204139727555,0.826079945,0.086271274,0.316275873,1587.0,306.0
0.892203307920204,0.668080233,0.1328941655,0.367451548,1587.0,306.0
0.8724115506609732,0.470323491,0.198623994,0.371767515,1587.0,306.0
0.8486116771331672,0.2367647845,0.22794754150000002,0.364100863,1587.0,306.0
0.7936063803752326,0.0185931895,0.229370404,0.3369053275,1587.0,306.0
0.7186747766392949,0.0,0.15904727200000002,0.2259747975,1587.0,306.0
0.6613137476163055,0.0,0.11969988849999999,0.207437549,1587.0,306.0
0.6556318016523506,0.0,0.0948601225,0.18182069099999998,1587.0,306.0
0.7066080984719663,0.0,0.072734625,0.1806829345,1587.0,306.0
0.783135054123875,0.11205764,0.055092077,0.195832616,1587.0,306.0
0.8316148646253514,0.307738649,0.041556933000000004,0.1996215435,1587.0,306.0
0.8506564021968782,0.5852976055,0.0357791655,0.16937634099999999,1587.0,306.0
0.8746878689574682,0.7728621115000001,0.053336628999999997,0.196550895,1587.0,306.0
0.8806552091018955,0.775783179,0.10026720650000001,0.31311904700000004,1587.0,306.0
0.8721071924573929,0.6231192795,0.1562784775,0.37785077749999996,1587.0,306.0
0.8659758266458835,0.434976246,0.175355852,0.354523927,1587.0,306.0
0.84482471210007,0.23211555949999998,0.1860314755,0.2908196735,1587.0,306.0
0.8012019432574125,0.039424561,0.199836642,0.249584396,1587.0,306.0
0.7534336285513681,0.0,0.1757186375,0.208566095,1587.0,306.0
0.6766430987403156,0.0,0.1326450015,0.20015029550000002,1587.0,306.0
0.6561811213370061,0.0,0.1128515095,0.1883322005,1587.0,306.0
0.6764134019260859,0.0,0.096607334,0.136615583,1587.0,306.0
0.7549549746621669,0.0364284885,0.0753298865,0.104185886,1587.0,306.0
0.8278405889470681,0.219420228,0.054020277500000005,0.0835716795,1587.0,306.0
0.8476669493069389,0.488932361,0.043062512,0.0646795595,1587.0,306.0
0.8555892523549259,0.639599928,0.052847945,0.111623426,1587.0,306.0
0.853985518918682,0.6768559435,0.0741767945,0.219023247,1587.0,306.0
0.8566280035572492,0.629685046,0.103435785,0.317263216,1587.0,306.0
0.8574599782955181,0.513912343,0.129399628,0.358830802,1587.0,306.0
0.8484050881993246,0.349718751,0.169823768,0.349741143,1587.0,306.0
0.8375382835536296,0.177542382,0.18838081,0.284599056,1587.0,306.0
0.7880567133008092,0.0152097645,0.180043664,0.2519428315,1587.0,306.0
0.7210440179018209,0.0,0.134503435,0.181050763,1587.0,306.0
0.6769495874300421,0.0,0.11645644449999999,0.17742034350000002,1587.0,306.0
0.6543488148871122,0.0,0.09280516850000001,0.1311079395,1587.0,306.0
0.6718865656405275,0.0,0.0796910525,0.072977259,1587.0,306.0
0.725289954965574,0.0,0.062131879,0.057193445,1587.0,306.0
0.7999569777755843,0.15800340200000002,0.044321270499999996,0.06554931550000001,1587.0,306.0
0.8396702891899577,0.44505339749999995,0.046579235,0.0617056645,1587.0,306.0
0.8500292839511594,0.6831657099999999,0.0574788195,0.078317518,1587.0,306.0
0.8548023694956344,0.7873103189999999,0.0938847005,0.1637509165,1587.0,306.0
0.8559973733230457,0.7026356065,0.1214494555,0.224496772,1587.0,306.0
0.8528033917326452,0.49201993299999996,0.15928091300000002,0.217018088,1587.0,306.0
0.836726490038677,0.2197415525,0.1922145115,0.22845933149999997,1587.0,306.0
0.7885119394378224,0.0151470065,0.1920815655,0.1884391185,1587.0,306.0
0.7087934603925318,0.0,0.175130394,0.115918941,1587.0,306.0
0.6598999803352361,0.0,0.1496161255,0.101402613,1587.0,306.0
0.6288616732440879,0.0,0.132443702,0.12072153799999999,1587.0,306.0
0.6293901327307326,0.0,0.123899202,0.117058458,1587.0,306.0
0.6369473932372272,0.0511740355,0.108707092,0.097083211,1587.0,306.0
0.6709769560748059,0.211119934,0.078306721,0.120240472,1587.0,306.0
0.7133703754475201,0.39965951099999997,0.10160754599999999,0.147103624,1587.0,306.0
0.7214057826036376,0.542599833,0.122298587,0.189810635,1587.0,306.0
0.7212286228370732,0.623057636,0.1828250585,0.24158143649999997,1587.0,306.0
0.7199568035812154,0.5911686545,0.2486610455,0.26146673200000004,1587.0,306.0
0.7324335225257335,0.4940996595,0.28892970949999996,0.20780789900000002,1587.0,306.0
0.7373137890175184,0.359619842,0.281136001,0.173678518,1587.0,306.0
0.7347237944831511,0.2113854415,0.221029487,0.154698372,1587.0,306.0
0.721964443875535,0.0176932,0.1404636645,0.18078753050000002,1587.0,306.0
0.6857777774594069,0.0,0.106029314,0.155059434,1587.0,306.0
0.6325428386697797,0.0,0.081879037,0.1407356765,616.0,119.0
0.6184983473390463,0.0,0.068299108,0.12153605149999999,616.0,119.0
0.6259078067498391,0.0,0.0621754165,0.10074343050000001,616.0,119.0
0.6414587540976469,0.103236144,0.054117965,0.09413769,616.0,119.0
0.6712950337904996,0.212361017,0.051980195,0.092101921,616.0,119.0
0.718306667097637,0.356617417,0.063815477,0.097782712,616.0,119.0
0.7335328643414717,0.55364039,0.094690737,0.12171518449999999,616.0,119.0
0.7426349299405404,0.706745336,0.177495915,0.2162135665,616.0,119.0
0.7493675436812237,0.732212651,0.2615298555,0.328589351,616.0,119.0
0.7563780364245787,0.590477785,0.295043218,0.290269648,616.0,119.0
0.7507599589137144,0.420139964,0.29101364,0.275488261,616.0,119.0
0.7472275310977435,0.2251839155,0.26458674849999997,0.219691857,616.0,119.0
0.7286232624069058,0.016325114,0.20936699450000001,0.176621174,616.0,119.0
0.6957300325923934,0.0,0.165169163,0.1853667705,616.0,119.0
0.6536376468837692,0.0,0.14379424400000002,0.189504872,616.0,119.0
0.6486799797945577,0.0,0.130343351,0.17655127650000002,616.0,119.0
0.7030403416371955,0.0,0.11422837250000001,0.1500822925,616.0,119.0
0.7787539819287181,0.107808527,0.098638739,0.123354725,616.0,119.0
0.8260308752176945,0.281954168,0.0850750355,0.097220472,616.0,119.0
0.8517794371432006,0.5380024965,0.09418765000000001,0.08032634599999999,616.0,119.0
0.8609821048633631,0.654928758,0.1440613425,0.087141278,616.0,119.0
0.8669135776010419,0.680972813,0.19131897850000001,0.2105585755,616.0,119.0
0.8690146323870926,0.577403273,0.2049464555,0.285617681,616.0,119.0
0.8669492109401985,0.421178435,0.194349716,0.284020187,616.0,119.0
0.8500573784783478,0.23508436300000002,0.16810515999999998,0.2401446875,616.0,119.0
0.7873281733725561,0.0171943005,0.1527487525,0.169764634,616.0,119.0
0.6956934159581862,0.0,0.113009933,0.1327355595,616.0,119.0
0.6517628941196938,0.0,0.09703829950000001,0.1537325695,616.0,119.0
0.6434268044008743,0.0,0.068770632,0.1673258065,616.0,119.0
0.7018453377285672,0.0,0.04584309,0.172466169,616.0,119.0
0.778632332241836,0.112370102,0.035840125,0.14081846,616.0,119.0
0.8154278320989208,0.237809551,0.024186046,0.100084302,616.0,119.0
0.8507019155112252,0.485599467,0.0265647885,0.0708165335,616.0,119.0
0.8697159204152449,0.7220106705,0.0642994925,0.0565055035,616.0,119.0
0.8841187584274588,0.8058042445,0.10062579299999999,0.17418265049999998,616.0,119.0
0.9002084432007383,0.7745839165,0.133755065,0.29320898949999996,616.0,119.0
0.895669011041212,0.595832542,0.1670363305,0.2875955865,616.0,119.0
0.8618130494443326,0.28397077800000003,0.18269713850000002,0.2362255335,616.0,119.0
0.8102391337990409,0.043472322,0.200859417,0.213541312,616.0,119.0
0.7488812261071871,0.0,0.1832770895,0.20708072,616.0,119.0
0.6723048005702128,0.0,0.1570500155,0.1974532675,616.0,119.0
0.6477490183426915,0.0,0.1354835685,0.181488005,616.0,119.0
0.6652888294107057,0.0,0.121356529,0.1643317555,616.0,119.0
0.7228617385783466,0.0,0.113711629,0.144849237,616.0,119.0
0.7994515090543136,0.170892273,0.0929235055,0.1342340595,616.0,119.0
0.8529097766714648,0.398497857,0.096980951,0.131840665,616.0,119.0
0.8651527484253201,0.6127540435000001,0.18410359050000003,0.14255098900000002,616.0,119.0
0.8722375983188859,0.7733847979999999,0.3120151685,0.284651696,616.0,119.0
0.8759346137428373,0.7740488335,0.400544994,0.389548931,616.0,119.0
0.8796702124723146,0.6212378384999999,0.4507189165,0.445865114,616.0,119.0
0.8645922611500669,0.384363399,0.4269104625,0.4625162145,616.0,119.0
0.8458709551708956,0.175233138,0.363389033,0.421154332,616.0,119.0
0.7870417957345988,0.0185310575,0.33366642999999996,0.39797075150000005,616.0,119.0
0.6982732027252738,0.0,0.240923693,0.38879365600000004,616.0,119.0
0.6549693777783476,0.0,0.229239303,0.42731315000000003,616.0,119.0
0.6445686860928572,0.0,0.19760357350000002,0.5011849355,616.0,119.0
0.7018822352926151,0.0,0.15922020999999997,0.478378702,616.0,119.0
0.7985542611325337,0.164241651,0.115880244,0.4197937305,616.0,119.0
0.8526845515878207,0.47180798449999994,0.098270334,0.346239799,616.0,119.0
0.8685002202858676,0.708319017,0.08921615399999999,0.2362044515,616.0,119.0
0.8788310734951983,0.7686607955,0.12011419749999999,0.2898189535,616.0,119.0
0.8835358891087615,0.728602605,0.147168421,0.383355152,616.0,119.0
0.8810218436603687,0.6121259235000001,0.1633327335,0.39727535199999997,616.0,119.0
0.8730197987705155,0.465846359,0.174577372,0.374915243,616.0,119.0
0.8555120391252768,0.2589239755,0.1890876005,0.292150794,616.0,119.0
0.7898639218896987,0.018616811,0.2185594595,0.22100435899999998,616.0,119.0
0.7160365296637214,0.0,0.17530179,0.163923279,616.0,119.0
0.6764101242488443,0.0,0.16464452499999999,0.1855387135,616.0,119.0
0.6540915385431266,0.0,0.1394603335,0.199104707,616.0,119.0
0.6728406114198311,0.0,0.121064014,0.202961381,616.0,119.0
0.7252484686371444,0.0,0.110576072,0.175125461,616.0,119.0
0.7979622376755888,0.163594352,0.083946629,0.1374193085,616.0,119.0
0.8501823995669688,0.48576441150000005,0.05694661,0.1062575715,616.0,119.0
0.8689132108669926,0.711658362,0.047452724,0.087314717,616.0,119.0
0.8879829368526391,0.826786867,0.055024346,0.131529797,616.0,119.0
0.9033408976637045,0.831873,0.075007775,0.312161016,616.0,119.0
0.9023697141083,0.6643216750000001,0.10328356550000001,0.4275734925,616.0,119.0
0.9017602953359294,0.463827338,0.129953669,0.40944482,616.0,119.0
0.8727100089318147,0.2389550675,0.16486011,0.3278255395,616.0,119.0
0.8006940865106706,0.016471712,0.2060854575,0.2439511055,616.0,119.0
0.7143330602864214,0.0,0.184633967,0.204130319,616.0,119.0
0.6650009065367992,0.0,0.161482771,0.235395202,616.0,119.0
0.632054835435482,0.0,0.1345982885,0.284589847,616.0,119.0
0.6328594180117728,0.0,0.11540302399999999,0.256398715,616.0,119.0
0.6387004729239049,0.0455178075,0.0950913645,0.2152010405,616.0,119.0
0.6745249295686798,0.220479733,0.053629384,0.198286665,616.0,119.0
0.7346216237355923,0.4746117955,0.043233353,0.21116748400000002,616.0,119.0
0.7641247014702175,0.7656558284999999,0.045239521500000004,0.2289410855,616.0,119.0
0.7706629004720056,0.8744699675000001,0.06853540799999999,0.3510629665,616.0,119.0
0.7724772499092266,0.7739041584999999,0.0936179975,0.4195156765,616.0,119.0
0.7790400552463193,0.5357194585,0.12465102250000001,0.464662048,616.0,119.0
0.776354726329934,0.242034675,0.173451457,0.37677236950000004,616.0,119.0
0.7512902914283974,0.0181822595,0.2285930255,0.302326053,616.0,119.0
0.7058736821639247,0.0,0.19539247599999998,0.2615851255,616.0,119.0
0.6389452237279039,0.0,0.14419806166666668,0.24609629500000005,616.0,119.0
0.6328364272463988,0.0,0.115815893,0.2040924885,616.0,119.0
0.6391807970031396,0.0490479725,0.08638092650000001,0.20368832250000002,616.0,119.0
0.6824654473310989,0.231768774,0.052799762,0.176540087,616.0,119.0
0.7310442913272043,0.402225592,0.040967568,0.172152248,616.0,119.0
0.7616175157778816,0.6445216659999999,0.0353420025,0.154294385,616.0,119.0
0.77391782402086,0.8461056335,0.045398991,0.17504017249999998,616.0,119.0
0.7791753541925504,0.8422472910000001,0.072796217,0.266293919,616.0,119.0
0.7849999269127599,0.6748679995,0.1102057795,0.25859526899999996,616.0,119.0
0.7801941111332493,0.449414629,0.129857919,0.234982538,616.0,119.0
0.7776338501677337,0.24410132699999998,0.15014219299999998,0.2098263945,616.0,119.0
0.7583614685096646,0.039812875,0.185329544,0.216428194,616.0,119.0
0.746473214333792,0.0,0.1856528605,0.187736841,616.0,119.0
0.7000945289523476,0.0,0.148463966,0.142483774,616.0,119.0
0.662417467438132,0.0,0.127039478,0.129624468,616.0,119.0
0.6797484184181944,0.0,0.1078530595,0.12256168549999999,616.0,119.0
0.756824389434402,0.051366853,0.0883772345,0.09687443949999999,616.0,119.0
0.8485457953089435,0.33041906099999996,0.050508118500000004,0.0686945195,616.0,119.0
0.8978057928096993,0.6567009699999999,0.05174906,0.065458534,616.0,119.0
0.94212380956711,0.850922449,0.069495474,0.14825456650000002,616.0,119.0
0.9523601712651617,0.852033477,0.10750279800000001,0.280865529,616.0,119.0
0.9406499666700582,0.6941617995,0.1489646345,0.3651274575,616.0,119.0
0.9272427545712918,0.48761924,0.180245862,0.368653154,616.0,119.0
0.894120624032257,0.2700508665,0.2169744375,0.3161772905,616.0,119.0
0.8137221619827102,0.021016269,0.267141183,0.25698354700000003,616.0,119.0
0.7504251181574748,0.0,0.21862013,0.172827858,616.0,119.0
0.706618914879959,0.0,0.1839512075,0.149275068,616.0,119.0
0.6668399088467052,0.0,0.14018805499999998,0.1147682455,616.0,119.0
0.6808021532763054,0.0,0.11059880999999999,0.09227545100000001,616.0,119.0
0.7299754790888082,0.0,0.093363835,0.096803332,616.0,119.0
0.8071113148814879,0.1794668855,0.0690423485,0.099293256,616.0,119.0
0.8643386137471452,0.5127223665,0.047609219999999994,0.09088109450000001,616.0,119.0
0.9029102074467973,0.7941095705,0.0522548205,0.09751321900000001,616.0,119.0
0.9259811196921981,0.8968308435000001,0.0918174105,0.225391444,616.0,119.0
0.928722403595368,0.8148892695000001,0.1432029095,0.330136212,616.0,119.0
0.9247902363315503,0.5960934115000001,0.201079008,0.3491140265,616.0,119.0
0.8917596941184567,0.2811368045,0.240751294,0.301440698,616.0,119.0
0.8118274152006617,0.0190048095,0.2673623095,0.2302998085,616.0,119.0
0.7380902535136709,0.0,0.1834032,0.1328535855,616.0,119.0
0.6891832412308221,0.0,0.15479584,0.131889502,616.0,119.0
0.6702818019657673,0.0,0.132370178,0.13244597749999998,616.0,119.0
0.7127876934153832,0.0,0.123627627,0.132397463,616.0,119.0
0.8059067588709754,0.1514103955,0.0936917115,0.13535113599999998,616.0,119.0
0.8595387915436534,0.4372615775,0.0668195645,0.127442592,616.0,119.0
0.8765843481808092,0.631562014,0.073589659,0.132713455,616.0,119.0
0.8913962435939449,0.7578026975000001,0.122215242,0.21626454099999998,616.0,119.0
0.9057618562500214,0.790741194,0.1869592505,0.2844643335,616.0,119.0
0.9116665923286837,0.6122784050000001,0.24584639149999998,0.34337478600000004,616.0,119.0
0.894537454150305,0.421774402,0.270050077,0.354799043,616.0,119.0
0.8608467825266162,0.22520812549999997,0.24584785450000002,0.3213048525,616.0,119.0
0.8125601223767097,0.02965203,0.214945382,0.29207915,616.0,119.0
0.7639833855574517,0.0,0.1734349415,0.2847699615,616.0,119.0
0.6858366123222306,0.0,0.1403231905,0.298047361,616.0,119.0
0.6583901296883412,0.0,0.1223470405,0.2660692765,616.0,119.0
0.6767342891026201,0.0,0.0977547515,0.221130206,616.0,119.0
0.7545474624159771,0.0412140645,0.07477518550000001,0.187846117,616.0,119.0
0.8420528987007749,0.27034375,0.044132173,0.1738574235,616.0,119.0
0.8698593434236412,0.571467272,0.0400473845,0.143397879,616.0,119.0
0.8965663526874892,0.7675632915,0.0481882045,0.177929497,616.0,119.0
0.8997672643679278,0.796811776,0.054860646,0.264013044,616.0,119.0
0.9029574999834684,0.758512487,0.066758067,0.335644555,616.0,119.0
0.8994858500674727,0.566984091,0.106797161,0.4060037675,616.0,119.0
0.8691274790371153,0.2701269335,0.175424824,0.4229407295,616.0,119.0
0.800708882961115,0.01737136,0.2351945575,0.40434408099999997,616.0,119.0
0.7362495653810699,0.0,0.200771461,0.333664528,616.0,119.0
0.6812433789713647,0.0,0.17344783400000002,0.37177002049999996,616.0,119.0
0.6577575797262848,0.0,0.14174627150000002,0.3723202835,616.0,119.0
0.6778489424474523,0.0,0.1228490775,0.3465883005,616.0,119.0
0.7556908190911448,0.0429748915,0.105450303,0.326000019,616.0,119.0
0.8431243331946683,0.3041603745,0.07138302,0.317722507,616.0,119.0
0.8760064422808316,0.6280523680000001,0.0642966675,0.3441552835,616.0,119.0
0.906934665401766,0.829341434,0.08114393149999999,0.3841289765,616.0,119.0
0.9169738967870134,0.846557835,0.11077727600000001,0.44507967049999997,616.0,119.0
0.9176151091991833,0.677765821,0.155323145,0.47104458849999997,616.0,119.0
0.9067920385642942,0.476224371,0.176868876,0.446521905,616.0,119.0
0.8834831649369697,0.2543854955,0.1912008315,0.346347821,616.0,119.0
0.806561082154546,0.015754143,0.20151885,0.277612354,616.0,119.0
0.7304822120349704,0.0,0.149867444,0.199272232,616.0,119.0
0.672140353467761,0.0,0.106295464,0.18370077499999998,616.0,119.0
0.6328839071508473,0.0,0.067548494,0.1553511265,616.0,119.0
0.6332503309510271,0.0,0.055484212,0.098221751,616.0,119.0
0.6389136406839636,0.0455993485,0.0388282835,0.0834223345,616.0,119.0
0.7035054476681822,0.31170272649999997,0.019299764,0.080669874,616.0,119.0
0.7526588496342594,0.6357707100000001,0.0308628235,0.08441599050000001,616.0,119.0
0.7662358936895666,0.8420121995000001,0.083965264,0.169313398,616.0,119.0
0.7687720635608613,0.8672543024999999,0.158487299,0.278499512,616.0,119.0
0.7745429523671785,0.726230747,0.2155639755,0.311074325,616.0,119.0
0.7764962763102918,0.44839819799999997,0.23319517950000002,0.27489399800000003,616.0,119.0
0.755140445858674,0.115433537,0.21873862849999998,0.205658751,616.0,119.0
0.7307352975782109,0.0,0.20161813499999998,0.171062311,616.0,119.0
0.6615066872907992,0.0,0.155557026,0.16115207650000002,616.0,119.0
0.628470572937056,0.0,0.119726954,0.17714772,616.0,119.0
0.6277737565582722,0.0,0.100030983,0.1406730175,616.0,119.0
0.6365433694265723,0.044497173,0.076651473,0.15753950700000002,616.0,119.0
0.6739592916693636,0.224843483,0.046941972,0.160347429,616.0,119.0
0.7256682020217472,0.386323936,0.046206924,0.159592908,616.0,119.0
0.7455591331187017,0.6089847285000001,0.053984508,0.1221538195,616.0,119.0
0.7568581497455201,0.7728488215,0.1177080895,0.1615313495,616.0,119.0
0.7582407554180187,0.8006303509999999,0.24167656,0.333058132,616.0,119.0
0.7618208036439669,0.694438078,0.315799153,0.4467617,616.0,119.0
0.7667247631851188,0.528687401,0.3449306335,0.4831652615,616.0,119.0
0.7559026289830318,0.236136981,0.341288184,0.513136562,616.0,119.0
0.7407486349315292,0.023682546,0.31722514,0.523699564,616.0,119.0
0.7321540280343486,0.0,0.295655277,0.48451038,616.0,119.0
0.6782543475167947,0.0,0.29622327,0.4525541235,616.0,119.0
0.6565148150645844,0.0,0.28535723,0.5095290425,616.0,119.0
0.6763911136071391,0.0,0.2652603705,0.48005013500000004,616.0,119.0
0.7267358437597491,0.0,0.261137202,0.478765211,616.0,119.0
0.7799877564294327,0.065719491,0.234519886,0.490416426,616.0,119.0
0.8282617738431226,0.27679956,0.21549358400000002,0.4809352385,616.0,119.0
0.8537941946516848,0.581114054,0.204896597,0.4284842845,616.0,119.0
0.8700420988025881,0.7798412910000001,0.196930561,0.3644593355,616.0,119.0
0.9007071691997484,0.791365106,0.217051398,0.40149401100000004,616.0,119.0
0.9100186098029843,0.680632483,0.221297933,0.448255615,616.0,119.0
0.9039200678697907,0.5378915635,0.208057371,0.471152218,616.0,119.0
0.8687047489863285,0.2681843145,0.20660191649999998,0.42033413249999996,616.0,119.0
0.8132941408023319,0.029183196,0.228509533,0.337101958,616.0,119.0
0.7581331764258551,0.0,0.204453726,0.2320432335,616.0,119.0
0.677254952319189,0.0,0.17387316800000002,0.21526233900000002,616.0,119.0
0.6555701340193876,0.0,0.14894195799999999,0.24133895100000002,616.0,119.0
0.6737997611233829,0.0,0.1350622945,0.2302739765,616.0,119.0
0.7268068762080359,0.0,0.125473089,0.196311768,616.0,119.0
0.7806009678764776,0.086558692,0.112378378,0.176679957,616.0,119.0
0.837009917710265,0.33749292799999997,0.068419539,0.143116935,616.0,119.0
0.8790732957681975,0.670386674,0.053013019999999994,0.11728138299999999,616.0,119.0
0.9188831590084485,0.876088107,0.055387783999999995,0.17630647500000002,616.0,119.0
0.9334913685918622,0.887333882,0.07555655350000001,0.3076803685,616.0,119.0
0.9320888392353721,0.7274547075,0.1131549405,0.413550572,616.0,119.0
0.9262960601549619,0.530389717,0.161605896,0.437188538,616.0,119.0
0.8941968539668553,0.284363967,0.2058877655,0.404426599,616.0,119.0
0.8057142640223669,0.0149713925,0.264888058,0.33897202049999997,616.0,119.0
0.741788977988399,0.0,0.271651065,0.287377145,616.0,119.0
0.6846228318394891,0.0,0.2455801955,0.31221173,616.0,119.0
0.6566002928619274,0.0,0.21090828,0.367734864,616.0,119.0
0.6763182548306284,0.0,0.177900789,0.423199601,616.0,119.0
0.7270768652973512,0.0,0.16154833,0.431674462,616.0,119.0
0.7812982290811467,0.080496398,0.143223477,0.419417797,616.0,119.0
0.8270766031286534,0.224958349,0.103646346,0.397622039,616.0,119.0
0.8562116414931683,0.396076251,0.101406398,0.361548681,616.0,119.0
0.8736922431252379,0.6464521955,0.1133621135,0.3064352925,616.0,119.0
0.904160838631338,0.8643436019999999,0.1682961275,0.36796322150000005,616.0,119.0
0.9139835541640863,0.871893866,0.200151058,0.47316940650000006,616.0,119.0
0.9140967753872298,0.716366716,0.2210324715,0.5251279179999999,616.0,119.0
0.8924215561327783,0.444394105,0.22341079,0.526506464,616.0,119.0
0.8593876425991628,0.198844896,0.19431698,0.485899808,616.0,119.0
0.7969159712142474,0.013292854,0.18497475200000002,0.3906231405,616.0,119.0
0.7060137571610978,0.0,0.12115021499999999,0.2576556335,616.0,119.0
0.6562112527882775,0.0,0.09797693,0.269993467,616.0,119.0
0.6496861645766729,0.0,0.07757683700000001,0.260157837,616.0,119.0
0.7033822996888166,0.0,0.06399917,0.24433788950000002,616.0,119.0
0.7801987000600651,0.077733152,0.056549854,0.264916066,616.0,119.0
0.8200079077161376,0.225695122,0.046291635,0.276964095,616.0,119.0
0.8559166481049117,0.394601119,0.044965113,0.294476963,616.0,119.0
0.8793394921016213,0.630237508,0.0503788685,0.23541245249999998,616.0,119.0
0.9067387523703871,0.8467885845,0.09417469249999999,0.164408028,616.0,119.0
0.9195656236814562,0.8762368485,0.170753244,0.257749842,616.0,119.0
0.9214961910892217,0.7238635680000001,0.2413935845,0.3710088815,616.0,119.0
0.9067920385642942,0.526797098,0.280640124,0.375173799,616.0,119.0
0.8773334439867164,0.280821335,0.292361245,0.32988167599999996,616.0,119.0
0.8019246768962067,0.012691418,0.2947460245,0.3050593285,616.0,119.0
0.7141710481529064,0.0,0.20703470899999998,0.2588303125,616.0,119.0
0.6607909773041062,0.0,0.17295728,0.280854242,616.0,119.0
0.6547729965305678,0.0,0.1489133175,0.3014095905,616.0,119.0
0.7039116254367161,0.0,0.12505869749999998,0.29829521800000003,616.0,119.0
0.780199776998396,0.059263317,0.113557284,0.262163218,616.0,119.0
0.8447869248842514,0.2599546035,0.0970839455,0.25956206049999997,616.0,119.0
0.8852389839129405,0.5493941495,0.0971651325,0.2250141775,616.0,119.0
0.9131225014411442,0.7330024209999999,0.158523792,0.24176191200000002,616.0,119.0
0.922615854633805,0.7857684645,0.246178279,0.3975862035,616.0,119.0
0.9076722423532535,0.6387171979999999,0.3570571265,0.4379818365,616.0,119.0
0.8874801838677118,0.461686494,0.390186629,0.401747484,616.0,119.0
0.8568821191765719,0.255946678,0.36777964949999997,0.37596683200000003,616.0,119.0
0.7946922133559335,0.011886459,0.344325167,0.366512349,616.0,119.0
0.7068731008332633,0.0,0.261598041,0.358490443,616.0,119.0
0.6582784770104456,0.0,0.2288141845,0.3713381295,616.0,119.0
0.6273941751056602,0.0,0.193449472,0.378562187,616.0,119.0
0.6306132545570651,0.0,0.16231457100000002,0.38661807849999996,616.0,119.0
0.6368044151359333,0.034404689,0.130236989,0.3518314445,616.0,119.0
0.6931300411302566,0.313645274,0.08463309999999999,0.27732808,616.0,119.0
0.7344544374250643,0.6139059055,0.0702240615,0.253590413,616.0,119.0
0.7508885853904492,0.759648893,0.0888943925,0.262135636,616.0,119.0
0.7577416547646707,0.752125785,0.137403854,0.365968927,616.0,119.0
0.7647660075256678,0.5880373645,0.1990666955,0.459482568,616.0,119.0
0.7638784054302694,0.392716083,0.224028357,0.46920812,616.0,119.0
0.753717899093695,0.1987278315,0.2153594165,0.41412449500000004,616.0,119.0
0.7359091759559135,0.0086691585,0.215101504,0.335892696,616.0,119.0
0.6925691558101497,0.0,0.1669249985,0.247898228,616.0,119.0
0.6333884393310264,0.0,0.14200211799999998,0.21759607533333333,616.0,119.0
0.6282514819349596,0.0,0.11839923699999999,0.231807348,616.0,119.0
0.6367993346834177,0.020606048,0.10841739,0.22453768400000002,616.0,119.0
0.6703583129926404,0.173984855,0.077117106,0.181241032,616.0,119.0
0.7204425592955708,0.40943878499999997,0.0664670285,0.1359207335,616.0,119.0
0.7401623240395456,0.6889491425000001,0.047279039,0.1089702605,616.0,119.0
0.7538056478827132,0.8160582695,0.0606064855,0.196835829,616.0,119.0
0.7633877800216917,0.7511210975,0.087487503,0.293362192,616.0,119.0
0.7728005485829647,0.5788445769999999,0.12013000850000001,0.3110497285,616.0,119.0
0.7621425570817559,0.2830451425,0.15437958200000002,0.285138061,616.0,119.0
0.7402508922275699,0.024275262,0.202341107,0.250671718,616.0,119.0
0.7345412731717962,0.0,0.200249385,0.201109075,616.0,119.0
0.6813648179811705,0.0,0.16338553900000002,0.162751792,616.0,119.0
0.652917418385459,0.0,0.120407452,0.14428433000000002,616.0,119.0
0.6721492735384166,0.0,0.089915046,0.168921401,616.0,119.0
0.7254069221635772,0.0,0.075524013,0.195421777,616.0,119.0
0.799277720608271,0.14517528700000001,0.055764058,0.221207176,616.0,119.0
0.8555965101558363,0.5103798500000001,0.02851272,0.22083676,616.0,119.0
0.8800447602534426,0.761600345,0.026960942,0.249878931,616.0,119.0
0.9130954837710697,0.90605399,0.05107873,0.321733275,616.0,119.0
0.9335661002339771,0.928810166,0.106300469,0.4257414925,616.0,119.0
0.9308462149979835,0.77304513,0.15957118250000002,0.430605271,616.0,119.0
0.9252296826418513,0.569381805,0.201530078,0.371051031,616.0,119.0
0.8908632422051671,0.2961979765,0.2191080775,0.269199358,616.0,119.0
0.80567582122237,0.0100482115,0.22951216000000002,0.16728771850000002,616.0,119.0
0.7446049467526523,0.0,0.202882687,0.125145956,616.0,119.0
0.6913911023098448,0.0,0.1655735285,0.12585778250000001,616.0,119.0
0.6553052955541353,0.0,0.126244459,0.13357883399999998,616.0,119.0
0.6723905827691293,0.0,0.1007999015,0.129813958,616.0,119.0
0.7254069221635772,0.0,0.087865753,0.13794877,616.0,119.0
0.8038686360239962,0.1449528735,0.06110718749999999,0.12018230899999999,616.0,119.0
0.8658631672824212,0.4854866775,0.039008496000000004,0.10560125549999999,616.0,119.0
0.9018723927584932,0.763752271,0.048886531999999996,0.08675101299999999,616.0,119.0
0.9140709751610152,0.896865622,0.07517350149999999,0.230661055,616.0,119.0
0.9184333176443074,0.8370652355,0.1222446765,0.3527973375,616.0,119.0
0.9167737694831566,0.612226511,0.1697083915,0.355528865,616.0,119.0
0.8761230816867454,0.28507910049999996,0.19764171,0.2825048075,616.0,119.0
0.8023817759800413,0.0090838425,0.223557587,0.2362772945,616.0,119.0
0.7393771502310309,0.0,0.168360232,0.171206557,616.0,119.0
0.6797818744901731,0.0,0.141514685,0.1876274625,616.0,119.0
0.6551109043681898,0.0,0.1025223055,0.1769700955,616.0,119.0
0.6745859417798985,0.0,0.079794893,0.172038481,616.0,119.0
0.7532019886187695,0.0284598395,0.068317775,0.17191424300000002,616.0,119.0
0.8411374829268118,0.30053911899999997,0.0404573985,0.19904415050000002,616.0,119.0
0.8832546153950525,0.6254348285,0.032330161999999996,0.22849609799999998,616.0,119.0
0.9165121619953314,0.8349165190000001,0.0402230735,0.2787581335,616.0,119.0
0.9319070203704445,0.870021189,0.0680190205,0.3826481355,616.0,119.0
0.9313183916245372,0.7316582875,0.106274688,0.403398794,616.0,119.0
0.9273930607262606,0.537565305,0.144650154,0.34183001,616.0,119.0
0.8940445813030021,0.28486145500000004,0.20011297649999998,0.274511183,616.0,119.0
0.8094228918628013,0.0089391295,0.238550336,0.19248951749999998,616.0,119.0
0.7424351539817228,0.0,0.179502995,0.116421989,616.0,119.0
0.6911099456299319,0.0,0.15006166799999998,0.1235791,616.0,119.0
0.6575824332496364,0.0,0.10718454799999999,0.1105176105,616.0,119.0
0.6798851454853616,0.0,0.07504910000000001,0.101352851,616.0,119.0
0.7283179912422564,0.0,0.065048746,0.107426479,616.0,119.0
0.7816072696111718,0.05675329,0.055398032,0.110875615,616.0,119.0
0.8305299915491854,0.212770983,0.043610453,0.108254369,616.0,119.0
0.8696139839789294,0.47070624549999995,0.036478580499999996,0.09884740149999999,616.0,119.0
0.9248429605033419,0.761905649,0.0361117995,0.09790141,616.0,119.0
0.9394419924767752,0.8971248945,0.072178902,0.1812256975,616.0,119.0
0.9392079645187057,0.8376534325,0.12197568750000001,0.262200836,616.0,119.0
0.9317711360927993,0.6026077335,0.176061787,0.271056592,616.0,119.0
0.8953985069544641,0.2760633415,0.21323380549999998,0.2235138705,616.0,119.0
0.8188831871095544,0.01661169,0.255940471,0.167108472,616.0,119.0
0.7685224430626401,0.0,0.2003150255,0.1157021335,616.0,119.0
0.6875176527938378,0.0,0.134949114,0.1111776095,616.0,119.0
0.6568084504222351,0.0,0.093254271,0.10522029,616.0,119.0
0.676951881812233,0.0,0.0686568295,0.1112065535,616.0,119.0
0.7274658818992684,0.0,0.056935898,0.120842197,616.0,119.0
0.7810035634849793,0.053133139,0.051224129,0.118456196,616.0,119.0
0.8322417020224465,0.222518305,0.04132692,0.109392129,616.0,119.0
0.8705593672269022,0.47789101,0.0413377615,0.0976060385,616.0,119.0
0.9189331205816484,0.7672452359999999,0.05725353700000001,0.0855446195,616.0,119.0
0.9368065315715266,0.9097293399999999,0.145491127,0.19928416999999998,616.0,119.0
0.9343694185041594,0.8421220444999999,0.228761463,0.371506587,616.0,119.0
0.9241365217699096,0.6183174745,0.288278367,0.40269376199999996,616.0,119.0
0.8844578603184248,0.2852470225,0.312167832,0.3705661485,616.0,119.0
0.8069951905542236,0.006485756,0.31903813599999997,0.341604268,616.0,119.0
0.7097040064722727,0.0,0.237234628,0.328512747,616.0,119.0
0.6470727579227791,0.0,0.191261792,0.328846634,616.0,119.0
0.6255252051593103,0.0,0.161077704,0.302675301,616.0,119.0
0.626055233191203,0.0,0.1173902885,0.27486094400000005,616.0,119.0
0.6353715201793627,0.0201684525,0.08420454150000001,0.22342970099999998,616.0,119.0
0.6725997470150036,0.214122041,0.055599529,0.156408377,616.0,119.0
0.7278510588830457,0.392598519,0.047390095,0.126436912,616.0,119.0
0.7556305795791178,0.6343044234999999,0.0545930885,0.103459365,616.0,119.0
0.7721133545588295,0.8427848714999999,0.10822433249999999,0.12776450849999998,616.0,119.0
0.770892035426554,0.8813660305,0.16535681200000002,0.23809903100000002,616.0,119.0
0.7757270929243484,0.7576469895,0.191454972,0.3022364485,616.0,119.0
0.777509531606757,0.566000868,0.205757729,0.285444639,616.0,119.0
0.7709514789300906,0.30059603599999996,0.2259049645,0.251002839,616.0,119.0
0.7450103519032116,0.0072450415,0.2550535645,0.2152172175,616.0,119.0
0.7104407874964868,0.0,0.2124176995,0.212754116,616.0,119.0
0.6380223472998651,0.0,0.155613486,0.22784148833333331,616.0,119.0
0.6300473356466911,0.0,0.13399308799999998,0.2430306465,616.0,119.0
0.6370785482449619,0.0251714375,0.1196579895,0.2539593885,616.0,119.0
0.6723694649505767,0.226124193,0.089532893,0.248931076,616.0,119.0
0.7293847900283021,0.4984505335,0.0923354175,0.2427098905,616.0,119.0
0.7560242785886969,0.792008909,0.1136146205,0.21238903250000002,616.0,119.0
0.765912875945669,0.927785745,0.164877833,0.2976850165,616.0,119.0
0.7706490171450646,0.864814223,0.223445901,0.39403740750000005,616.0,119.0
0.7782310243299586,0.6271773995000001,0.248839694,0.39230160599999997,616.0,119.0
0.77104494028407,0.290689065,0.263310701,0.364030431,616.0,119.0
0.7457228544654275,0.005732866,0.2807761695,0.3393997475,616.0,119.0
0.720188911811432,0.0,0.1996516975,0.29768123700000004,616.0,119.0
0.661986496210167,0.0,0.14959409,0.267418711,616.0,119.0
0.6766371286360295,0.0,0.1110915155,0.23932250649999998,616.0,119.0
0.7268068762080359,0.0,0.094728521,0.231378001,616.0,119.0
0.7812982290811467,0.046153291,0.08272108,0.22433578,616.0,119.0
0.8306456475788314,0.232076266,0.058258763,0.210703684,616.0,119.0
0.8698052144402123,0.49956524449999995,0.048035324000000004,0.164264212,616.0,119.0
0.9225504410259824,0.7787282355,0.0474006965,0.1042471715,616.0,119.0
0.9393845858973218,0.9025918385,0.08786426750000001,0.1661413955,616.0,119.0
0.9385274195735511,0.835364053,0.1375352075,0.265588672,616.0,119.0
0.9315968559586227,0.6153055110000001,0.202150219,0.26985392649999995,616.0,119.0
0.9041580290892803,0.28005160949999997,0.2440569305,0.2255819805,616.0,119.0
0.8154619670643768,0.004845928,0.251853172,0.200062491,616.0,119.0
0.7512631800338259,0.0,0.181226439,0.190805484,616.0,119.0
0.7022187149280841,0.0,0.1344023365,0.2694355445,616.0,119.0
0.6624959450551067,0.0,0.093372787,0.28388041350000004,616.0,119.0
0.6808702827016885,0.0,0.0763917935,0.239504458,616.0,119.0
0.7302311398628631,0.0,0.068396291,0.225201559,616.0,119.0
0.7855890239562853,0.041760283,0.064962867,0.2198621,616.0,119.0
0.8570007251725874,0.3014081795,0.0493071415,0.1939696145,616.0,119.0
0.9180480001550011,0.6173030755,0.0395444195,0.122987547,616.0,119.0
0.9485889392777451,0.814763681,0.0441305795,0.1356242675,616.0,119.0
0.9527976042855466,0.8518918355,0.06974364999999999,0.2323412755,616.0,119.0
0.9490768488687624,0.721550039,0.1009528535,0.294049722,616.0,119.0
0.9431973042131678,0.523699531,0.140526511,0.316781705,616.0,119.0
0.917773562725616,0.27812678199999996,0.20151438,0.30072852549999995,616.0,119.0
0.8202654415994479,0.004902851,0.259739359,0.278698228,616.0,119.0
0.7571534006731014,0.0,0.214351506,0.26725018,616.0,119.0
0.7117032651651025,0.0,0.1976715235,0.2920885875,523.5,101.0
0.6763812335507315,0.0,0.172749109,0.304965719,431.0,83.0
0.6844767399569982,0.0,0.1447718325,0.3020962325,431.0,83.0
0.7590465788286851,0.0189839955,0.1270075195,0.349414884,431.0,83.0
0.8621680716675398,0.308996099,0.0924533045,0.3739502645,431.0,83.0
0.931223712826698,0.6521145265,0.06974443899999999,0.3666555695,431.0,83.0
0.9767461918701237,0.867726497,0.0677955435,0.39665968900000004,431.0,83.0
0.9829149235432992,0.92263965,0.077635202,0.470459198,431.0,83.0
0.9777914983457131,0.8518438804999999,0.0889557745,0.552054952,431.0,83.0
0.9691580740754147,0.625673719,0.114090149,0.5877160425,431.0,83.0
0.9493319010021044,0.283489931,0.16179533200000001,0.544031302,431.0,83.0
0.88797240129327,0.004747953,0.2209906875,0.5264173835,431.0,83.0
0.7714299767623185,0.0,0.192451456,0.517602518,431.0,83.0
0.709334734199987,0.0,0.16790219833333334,0.5140808,431.0,83.0
0.7129835361939976,0.0,0.144936273,0.5046193409999999,431.0,83.0
0.7528466386846902,0.0,0.13657664,0.51059382,431.0,83.0
0.8375505046920425,0.1374592675,0.122299353,0.505590934,431.0,83.0
0.9301923131497825,0.5218317875,0.08434129900000001,0.487652014,431.0,83.0
0.9877100633391289,0.8176970055,0.0739554645,0.467234738,431.0,83.0
0.9899800603487328,0.9460682579999999,0.08268576750000001,0.5123137685000001,431.0,83.0
0.9806799042886734,0.8677319139999999,0.086257569,0.5378621725,431.0,83.0
0.9740153965828572,0.6180750740000001,0.092473869,0.5417786055,431.0,83.0
0.9657709420522274,0.273578363,0.12112706849999999,0.51792033,431.0,83.0
0.9148025117554519,0.004015033,0.1507443145,0.4896784835,431.0,83.0
0.8651283062297113,0.0,0.126670874,0.462898988,431.0,83.0
0.8006174818405173,0.0,0.1101583945,0.4600097605,431.0,83.0
0.7196324046598475,0.0,0.0910448495,0.4405875515,431.0,83.0
0.7223242654589832,0.0,0.071769374,0.3703473865,431.0,83.0
0.7882688743753012,0.018653601,0.061065254,0.283422576,431.0,83.0
0.8754708655800222,0.239261741,0.049248987,0.254812098,431.0,83.0
0.9499958232498079,0.524232492,0.030513877000000002,0.235940346,431.0,83.0
0.9916941119852163,0.8194576585,0.0475193385,0.212894709,431.0,83.0
0.9906129380216615,0.9244608115,0.0941013725,0.23234782599999998,431.0,83.0
0.9801349626913233,0.8231271044999999,0.16615501500000002,0.27165010300000003,431.0,83.0
0.9744340060856632,0.621672316,0.235046824,0.261586966,431.0,83.0
0.9719068967093357,0.347368766,0.262220409,0.242897128,431.0,83.0
0.962689526100792,0.125743591,0.245506358,0.219024105,431.0,83.0
0.9160716853652968,0.0031342345,0.235704815,0.18914471900000002,431.0,83.0
0.8345030832817513,0.0,0.2309796495,0.1490986635,431.0,83.0
0.7673938829191338,0.0,0.195194037,0.1372921275,431.0,83.0
0.687814729805992,0.0,0.1610722715,0.137347454,431.0,83.0
0.6816557843835096,0.0,0.137176722,0.1084007645,431.0,83.0
0.706083665890022,0.1374802615,0.11995499700000001,0.11514512,431.0,83.0
0.7940537400706225,0.523108656,0.066226196,0.100530295,431.0,83.0
0.8220833963435658,0.816433083,0.05299239,0.1070063525,431.0,83.0
0.8200393736450647,0.9347114670000001,0.0914290885,0.1914255125,431.0,83.0
0.8127177331136204,0.842473688,0.1694718705,0.281734241,431.0,83.0
0.8131815750009328,0.5657040945,0.256233476,0.2969684635,431.0,83.0
0.8119900361373236,0.22923955350000003,0.269053292,0.2915618225,431.0,83.0
0.8004129531400563,0.003130091,0.2734084665,0.246199374,431.0,83.0
0.8382548831920931,0.0,0.217361889,0.20493687,431.0,83.0
0.7710190230240594,0.0,0.185920451,0.214125519,431.0,83.0
0.6926997956580175,0.0,0.160371463,0.1755648225,431.0,83.0
0.6879976022187346,0.0,0.136062746,0.155242734,431.0,83.0
0.6917620447028591,0.034430844,0.126118125,0.150226521,431.0,83.0
0.7354954127568141,0.241054356,0.100731265,0.157439368,431.0,83.0
0.7778543927624989,0.437270705,0.06360564,0.14576583,431.0,83.0
0.8136457914613661,0.6915190665,0.048401529,0.14234368349999998,431.0,83.0
0.8211380598766245,0.9016379065,0.0467018235,0.1928130225,431.0,83.0
0.8153919178299238,0.9093858530000001,0.0668530655,0.28958052199999995,431.0,83.0
0.8112099895623559,0.7241754755,0.11625313699999999,0.335956673,431.0,83.0
0.8114129262458362,0.510472527,0.160053139,0.336360361,431.0,83.0
0.8060040598430949,0.255075789,0.18512677,0.345252374,431.0,83.0
0.782215049504313,0.002942624,0.196623269,0.35272761799999997,431.0,83.0
0.8004004510718028,0.0,0.16358335400000001,0.3013019765,431.0,83.0
0.7228823412370324,0.0,0.12193192250000001,0.270328008,431.0,83.0
0.7001360621430257,0.0,0.0823337975,0.237581272,431.0,83.0
0.733313937154203,0.0,0.0615851075,0.2143801125,431.0,83.0
0.8292345962777564,0.1350713235,0.0452366215,0.175431346,431.0,83.0
0.9167992419984989,0.5192672385,0.024412211000000003,0.13585454949999998,431.0,83.0
0.968387251891459,0.8160058315000001,0.0279920425,0.110671208,431.0,83.0
0.9842544741796864,0.9359236565,0.068002171,0.189734445,431.0,83.0
0.977226328581581,0.8218782135,0.150458148,0.290635192,431.0,83.0
0.9559145129893927,0.5336921995,0.233636672,0.3355407575,431.0,83.0
0.9171228917736249,0.219320999,0.2707707585,0.35423961000000004,431.0,83.0
0.833332147076828,0.0023784605,0.255022056,0.3555905165,431.0,83.0
0.7772972768077674,0.0,0.219736561,0.403984229,431.0,83.0
0.7307804595475186,0.0,0.2171455425,0.453535152,431.0,83.0
0.6975603021994214,0.0,0.20029353649999998,0.484746507,431.0,83.0
0.7078729642472701,0.0,0.188909076,0.534980094,431.0,83.0
0.7728791900147669,0.01353957,0.18308975300000002,0.530627796,431.0,83.0
0.8604816463418434,0.2971832725,0.149856765,0.5271263655,431.0,83.0
0.9073383379485989,0.625401463,0.1287626995,0.519222823,431.0,83.0
0.9394867565636635,0.8461463555,0.14637867,0.5464062110000001,431.0,83.0
0.9478915375675472,0.8433634495,0.23533608299999997,0.583672179,431.0,83.0
0.9432519950562781,0.6399943425,0.331321776,0.6232609825,431.0,83.0
0.9238831552968285,0.3667550335,0.34779373,0.5786538004999999,431.0,83.0
0.8819353396252618,0.15182071,0.3270307,0.482899148,431.0,83.0
0.8118793433639631,0.002140672,0.2987578925,0.3926624185,431.0,83.0
0.7462606085146315,0.0,0.225372124,0.272080038,431.0,83.0
0.7010212762129531,0.0,0.172155165,0.27097828700000004,431.0,83.0
0.6643234285918099,0.0,0.135618601,0.252549845,431.0,83.0
0.6791163132820233,0.0,0.1209729455,0.236770689,431.0,83.0
0.7289160316657359,0.0,0.101307808,0.195630704,431.0,83.0
0.781345615342315,0.018679274,0.09197082,0.16059093,431.0,83.0
0.8229970796762364,0.192915864,0.075637855,0.13355653,431.0,83.0
0.8584142583048477,0.377817376,0.0678061,0.108445522,431.0,83.0
0.8866319142240808,0.6266942185,0.07538872199999999,0.1059485055,431.0,83.0
0.922823005508546,0.843274265,0.1463633435,0.22101774000000002,431.0,83.0
0.9340072790667877,0.84749997,0.266042189,0.3735195955,431.0,83.0
0.9332393132059212,0.6568071045,0.382969154,0.425655586,431.0,83.0
0.9082036985872991,0.37515112650000004,0.4380235105,0.367069712,431.0,83.0
0.8697840498406281,0.142932643,0.419197092,0.322437216,431.0,83.0
0.8126619185511474,0.0015274995,0.4073684325,0.360691428,431.0,83.0
0.7541960224340191,0.0,0.361922493,0.438337602,431.0,83.0
0.7070357685509567,0.0,0.3349537625,0.491377179,431.0,83.0
0.6653220277809253,0.0,0.2982386295,0.5085998975,431.0,83.0
0.6797949852803565,0.0,0.2369716665,0.5214240115,431.0,83.0
0.7545732158611601,0.008926547,0.1993920845,0.529922295,431.0,83.0
0.8345818886908152,0.26322344,0.17135204650000002,0.536817648,431.0,83.0
0.8702077164866509,0.5767969079999999,0.15561028500000001,0.45418343299999997,431.0,83.0
0.8907365823997508,0.7750080965,0.152825288,0.360661272,431.0,83.0
0.8983361253243825,0.812309512,0.1957139625,0.4155498695,431.0,83.0
0.894104329045678,0.7005836715,0.23775785049999998,0.464990774,431.0,83.0
0.8732862292527486,0.510497155,0.277745854,0.429249387,431.0,83.0
0.8555338124467909,0.347970754,0.312475333,0.400579479,431.0,83.0
0.846351560098754,0.178082053,0.333390331,0.375591276,431.0,83.0
0.7893724770821149,0.0017380645,0.365825749,0.372658216,431.0,83.0
0.7172023620256133,0.0,0.271033278,0.311695388,431.0,83.0
0.6721024023558979,0.0,0.27161014250000004,0.338473855,431.0,83.0
0.6500134432928628,0.0,0.2606073755,0.3625350085,431.0,83.0
0.6695518573883112,0.0,0.2403968645,0.3222856985,431.0,83.0
0.7517787862696119,0.0080077595,0.204708716,0.30490381499999997,431.0,83.0
0.8269493813823388,0.2733221005,0.14698551599999998,0.2737301805,431.0,83.0
0.8611988546210199,0.587737504,0.1083175925,0.217943071,431.0,83.0
0.8928469552200937,0.8041536275000001,0.0819888975,0.2001585985,431.0,83.0
0.9122585924763299,0.8496811989999999,0.081211597,0.301669273,431.0,83.0
0.9199518776847815,0.7022913435,0.092992403,0.3982386465,431.0,83.0
0.9075524656944097,0.50504003,0.124874027,0.428551425,431.0,83.0
0.8749921335177682,0.253229828,0.18814637950000002,0.3916994265,431.0,83.0
0.7989927944005484,0.001579555,0.25590686399999996,0.3494791285,431.0,83.0
0.6998530558255902,0.0,0.18679733850000002,0.28225985649999996,431.0,83.0
0.6498669533655181,0.0,0.16632076950000002,0.2975692385,431.0,83.0
0.6308537911698032,0.0,0.13158664,0.2507966495,431.0,83.0
0.6354266558483581,0.0,0.1024595935,0.229048166,431.0,83.0
0.6588495934883482,0.102681078,0.075956881,0.23876003350000002,431.0,83.0
0.7331920065374803,0.4645069305,0.049407226,0.245825358,431.0,83.0
0.7675859563323728,0.7454728565,0.035480144000000005,0.226321306,431.0,83.0
0.7751922888415137,0.835395306,0.047699638,0.240288122,431.0,83.0
0.7854032718299375,0.7696526545,0.072180311,0.33741348,431.0,83.0
0.784935028383587,0.5578272074999999,0.112198433,0.300570396,431.0,83.0
0.7769279031224352,0.235159395,0.15817764750000002,0.245948055,431.0,83.0
0.7483684294134587,0.001352939,0.1968885025,0.23026642,431.0,83.0
0.7235549963500482,0.0,0.182071233,0.191369021,431.0,83.0
0.6656967160675822,0.0,0.136467284,0.1610624665,431.0,83.0
0.6359133948577643,0.0,0.103353728,0.15410585650000003,431.0,83.0
0.6378110446627168,0.0,0.083260606,0.1518743985,431.0,83.0
0.6610626755254152,0.1049198585,0.066229387,0.1632024755,431.0,83.0
0.7402926127860255,0.467585464,0.0568633735,0.2031227615,431.0,83.0
0.7724778352406406,0.7434603325,0.0780749215,0.233061448,431.0,83.0
0.7777237529146308,0.822083519,0.18310916500000002,0.33699592700000003,431.0,83.0
0.7783105788852642,0.704005231,0.28279833649999997,0.439844574,431.0,83.0
0.7795178273228212,0.4329994985,0.32914506600000004,0.48486932250000003,431.0,83.0
0.7689030781442843,0.17395108050000002,0.303553619,0.45185296249999995,431.0,83.0
0.7479835801405536,0.000986967,0.29164011,0.4042613825,431.0,83.0
0.7324896648802957,0.0,0.1804745525,0.3184708975,431.0,83.0
0.6681199691714519,0.0,0.14553954000000002,0.39991014333333336,431.0,83.0
0.6805389069092509,0.0,0.11074435099999999,0.4282630895,431.0,83.0
0.7290017200589382,0.0,0.092828823,0.427051477,431.0,83.0
0.8015903979184313,0.097827773,0.075376319,0.41321326550000004,431.0,83.0
0.8594951043950962,0.44772784050000003,0.061533671,0.389373541,431.0,83.0
0.885651787207505,0.683467949,0.071516576,0.344474306,431.0,83.0
0.909638349375678,0.8196137455,0.109498402,0.40220242,431.0,83.0
0.9295947878049524,0.8497790635,0.1703780575,0.5514156965,431.0,83.0
0.9300523084053736,0.7139266934999999,0.2322928995,0.629092282,431.0,83.0
0.9099169074342608,0.42833141,0.283790182,0.6006634795000001,431.0,83.0
0.8654169313876109,0.166365399,0.298665914,0.544062376,431.0,83.0
0.8061292680558421,0.000974375,0.31215304850000003,0.45697651250000004,431.0,83.0
0.7416516891427676,0.0,0.225327691,0.333648862,431.0,83.0
0.6838779736965757,0.0,0.22552895750000002,0.34131418300000005,431.0,83.0
0.6607573574173,0.0,0.192491838,0.33729677199999997,431.0,83.0
0.6786773351881232,0.0,0.1700046225,0.2840497775,431.0,83.0
0.7548569245438058,0.006087688,0.153939963,0.2499632015,431.0,83.0
0.8171472216460277,0.197820739,0.13817368,0.233775143,431.0,83.0
0.8498833324929803,0.469338622,0.1303719345,0.2071805465,431.0,83.0
0.8688402586096359,0.719104976,0.109350458,0.15019045,431.0,83.0
0.892261135935027,0.8767175635,0.1140011055,0.1699721395,431.0,83.0
0.9111789169676925,0.922212847,0.127216928,0.240129975,431.0,83.0
0.9264081107964941,0.8522739615,0.14867196,0.3415583985,431.0,83.0
0.9160096431592128,0.6268668685000001,0.18852886349999998,0.4296395225,431.0,83.0
0.8770613477205538,0.274504992,0.23992613399999999,0.42013614499999996,431.0,83.0
0.8044406889347009,0.00092203,0.27705513550000005,0.3766904285,431.0,83.0
0.7307358359661592,0.0,0.1979851245,0.260370342,431.0,83.0
0.6679794337547161,0.0,0.18112236666666667,0.28052204566666666,431.0,83.0
0.6787145136820117,0.0,0.1575423775,0.27537476,431.0,83.0
0.728063922322748,0.0,0.148340017,0.29099282,431.0,83.0
0.7986076174979881,0.10554367049999999,0.12275546650000001,0.315688386,431.0,83.0
0.852926633355291,0.4716867665,0.075615219,0.331300704,431.0,83.0
0.8827177743069177,0.780402197,0.0446766675,0.34016230000000003,431.0,83.0
0.9080663160171705,0.901828938,0.046562459,0.389014999,431.0,83.0
0.9195074678745438,0.8814720684999999,0.060708331500000004,0.44552246100000004,431.0,83.0
0.9239038515987947,0.718934059,0.087245773,0.4713775825,431.0,83.0
0.9093322118685567,0.41170877699999997,0.130700423,0.4523405425,431.0,83.0
0.8675169091541134,0.151832397,0.169667527,0.389661633,431.0,83.0
0.810305202909825,0.000745648,0.18083376899999998,0.2968624445,431.0,83.0
0.7294923220770002,0.0,0.148726075,0.174517383,431.0,83.0
0.6703817406516993,0.0,0.11517219199999999,0.13239618033333336,431.0,83.0
0.6805161502926859,0.0,0.08501054999999999,0.1042678105,431.0,83.0
0.7553118463604627,0.0042741205,0.07223953,0.109513813,431.0,83.0
0.8217414382919446,0.166396441,0.051828692,0.136206414,431.0,83.0
0.8576262514825425,0.415405111,0.0446421135,0.1896061925,431.0,83.0
0.8884563309230528,0.697821883,0.041291544,0.1578284535,431.0,83.0
0.9080663160171705,0.811014802,0.05431382,0.235660332,431.0,83.0
0.9167995228471225,0.7661520374999999,0.0960935635,0.3569575975,431.0,83.0
0.9043672402786203,0.563038167,0.1587103015,0.3675476055,431.0,83.0
0.8782309727571198,0.365992975,0.22338327,0.344104065,431.0,83.0
0.8571159130670494,0.16735603599999999,0.250721446,0.326884418,431.0,83.0
0.7972101685940134,0.000561892,0.249163201,0.30567714300000004,431.0,83.0
0.7111417945135814,0.0,0.1807108555,0.347503417,431.0,83.0
0.6701533627755928,0.0,0.172337554,0.351756195,431.0,83.0
0.6623803357252751,0.0,0.168126624,0.343768726,431.0,83.0
0.7101490250044403,0.0,0.1630324885,0.3636577215,431.0,83.0
0.799075462818268,0.0808861,0.154164309,0.3144508225,431.0,83.0
0.8518232179350379,0.40671729300000004,0.16366011600000002,0.2754829955,431.0,83.0
0.8634519948655803,0.625184201,0.12822882,0.229821249,431.0,83.0
0.8797314586699081,0.7323516345000001,0.13942046600000002,0.2381508635,431.0,83.0
0.8930748492590495,0.7142547525,0.162559189,0.317954635,431.0,83.0
0.8851485192251449,0.558255214,0.20491439900000002,0.390626177,431.0,83.0
0.8710587020290592,0.401137896,0.253080125,0.413337413,431.0,83.0
0.8536774616024907,0.187504112,0.287888576,0.39892289999999997,431.0,83.0
0.797061267169465,0.000541501,0.3137901815,0.368805327,431.0,83.0
0.7102488077265281,0.0,0.254455145,0.286609756,431.0,83.0
0.6589957790953362,0.0,0.2556946825,0.28447225099999995,431.0,83.0
0.6247771161201869,0.0,0.25949165949999997,0.34259824400000005,431.0,83.0
0.6241698045246638,0.0,0.2530039445,0.402137982,431.0,83.0
0.6333469061674206,0.003639522,0.244916336,0.432266416,431.0,83.0
0.6710164290321022,0.18557428,0.210663161,0.426803801,431.0,83.0
0.7235527487488889,0.455919025,0.171375567,0.396659231,431.0,83.0
0.7572197039326947,0.745704639,0.109654487,0.3371168845,431.0,83.0
0.7718167224537777,0.8476844640000001,0.09938169499999999,0.3660608365,431.0,83.0
0.7721053242211616,0.7713605425,0.11695554999999999,0.427900326,431.0,83.0
0.7794314130114588,0.5486674415,0.1470473215,0.5072309580000001,431.0,83.0
0.77600899883172,0.2339100495,0.212942423,0.5423904335,431.0,83.0
0.7510382593517553,0.0005048945,0.27917381649999995,0.531832684,431.0,83.0
0.7032320559897737,0.0,0.23265817933333333,0.4038863483333333,431.0,83.0
0.6424160776354091,0.0,0.21717748399999998,0.3939933855,431.0,83.0
0.6379186001831474,0.0,0.2023345265,0.377305128,431.0,83.0
0.6398739610503438,0.004222572,0.18994296300000002,0.391194896,431.0,83.0
0.6748881459443825,0.194636811,0.158240381,0.409700393,431.0,83.0
0.7442449144921279,0.48107279049999996,0.125206115,0.4115503915,431.0,83.0
0.7770031497619827,0.78797316,0.10958638400000001,0.3886623475,431.0,83.0
0.7900004382797896,0.8814918315,0.1025903955,0.38889048049999997,431.0,83.0
0.7964587316248839,0.782865038,0.114310781,0.45247093149999995,431.0,83.0
0.7959743338599172,0.5604367795,0.144178159,0.5124785685,431.0,83.0
0.785748554421049,0.2223303585,0.206930674,0.5201926425000001,431.0,83.0
0.7676361286638658,0.0,0.261557796,0.47362668350000003,431.0,83.0
0.7699331198718111,0.0,0.248479305,0.36278166,431.0,83.0
0.7201688241501787,0.0,0.2299951195,0.33996012,431.0,83.0
0.6821383793732023,0.0,0.201194238,0.318052227,431.0,83.0
0.6839809638431404,0.0,0.189908762,0.34189202900000004,431.0,83.0
0.7559416570332259,0.003969946,0.179427976,0.37378691750000004,431.0,83.0
0.8431958808028217,0.303594316,0.1203188335,0.36548777099999996,431.0,83.0
0.9068863894888273,0.6613718515,0.081868913,0.34403058750000004,431.0,83.0
0.9492282787430939,0.8805568770000001,0.081547904,0.327661685,431.0,83.0
0.9604501054495618,0.8982966655,0.085831541,0.36462411250000004,431.0,83.0
0.9519862789869953,0.716237819,0.098714889,0.4552030855,431.0,83.0
0.9338205436453892,0.4014121305,0.1298833925,0.484898757,431.0,83.0
0.8957587265827659,0.137780171,0.16668497,0.455856355,431.0,83.0
0.8188681097292694,0.0,0.19361453299999998,0.4255344995,431.0,83.0
0.7372944505025069,0.0,0.174256417,0.3045343365,431.0,83.0
0.6909072664045595,0.0,0.155799411,0.2935145615,431.0,83.0
0.6667681037804439,0.0,0.12937890900000001,0.299825288,431.0,83.0
0.711051095839411,0.0,0.10163029700000001,0.2954833,431.0,83.0
0.7808835527585437,0.007145007,0.088379225,0.306839497,431.0,83.0
0.8205199785729231,0.194942854,0.071078098,0.323931063,431.0,83.0
0.8712004860770092,0.483919767,0.043084348499999994,0.330177679,431.0,83.0
0.9328885521174406,0.7995177385000001,0.035532297500000004,0.3008518015,431.0,83.0
0.951546973019789,0.9069515975,0.0405634155,0.372223645,431.0,83.0
0.9527427260746588,0.8079383305000001,0.054563624000000005,0.470708389,431.0,83.0
0.9375778689153491,0.533891421,0.0874296095,0.5160255655,431.0,83.0
0.9014694693579022,0.1941638955,0.114862827,0.390863352,431.0,83.0
0.8133645645286885,0.0,0.126205005,0.3388767155,431.0,83.0
0.7395126597731211,0.0,0.107920795,0.30386300050000004,431.0,83.0
0.6800201400300192,0.0,0.08357838749999999,0.29744821600000004,431.0,83.0
0.6623585389320281,0.0,0.0522846155,0.24290893200000002,431.0,83.0
0.7099954880344785,0.0,0.0332577335,0.187343374,431.0,83.0
0.8004112675610124,0.102786424,0.0246604135,0.16784101299999998,431.0,83.0
0.8668990152181897,0.486351229,0.012090984,0.145533586,431.0,83.0
0.9264863074836281,0.792105126,0.016790485,0.1221240865,431.0,83.0
0.9504108741455317,0.9051410305,0.034006001,0.1824295845,431.0,83.0
0.9501314265163955,0.7670472555000001,0.052837652,0.238304311,431.0,83.0
0.9396046601944688,0.571694413,0.074773571,0.26348394,431.0,83.0
0.9123594520555316,0.308105774,0.100981134,0.26081571800000003,431.0,83.0
0.8624077186285075,0.094446127,0.090524484,0.223557718,431.0,83.0
0.8102112264771959,0.0,0.0766030105,0.181716447,431.0,83.0
0.7456354099155487,0.0,0.063646991,0.1385738,431.0,83.0
0.6961442874796269,0.0,0.057539690000000004,0.12051318650000001,431.0,83.0
0.6591684672125322,0.0,0.051355591,0.088855917,431.0,83.0
0.6776719698050142,0.0,0.043727753499999994,0.0817860675,431.0,83.0
0.7543829217514623,0.0026292745,0.037878877,0.0845147665,431.0,83.0
0.8199340188635446,0.185029614,0.034385795,0.078989629,431.0,83.0
0.8690343923374737,0.4669822735,0.021155583999999998,0.06578024099999999,431.0,83.0
0.927973026940837,0.7735467954999999,0.029028807,0.06896642850000001,431.0,83.0
0.9553542597817315,0.879705322,0.0610472155,0.14216365549999999,431.0,83.0
0.9519190392133827,0.7359595624999999,0.1122186035,0.258029073,431.0,83.0
0.9402756061754907,0.4889808295,0.1842168245,0.270156733,431.0,83.0
0.8893967508335231,0.1743474875,0.2074214655,0.233565039,431.0,83.0
0.8076482495316857,0.0,0.203227582,0.16707200049999998,431.0,83.0
0.7295104899291833,0.0,0.2040575965,0.1393266395,431.0,83.0
0.6701297165072573,0.0,0.1670014,0.19160402250000003,431.0,83.0
0.6623973797768787,0.0,0.150601742,0.268864453,431.0,83.0
0.7099117192879121,0.0,0.1394746395,0.3100124295,431.0,83.0
0.8001804469462032,0.0983449775,0.119817974,0.275895479,431.0,83.0
0.8564639309467013,0.484108892,0.090602927,0.1631427225,431.0,83.0
0.9058894057884253,0.782679634,0.0763931755,0.11900160400000001,431.0,83.0
0.9438794879563347,0.879314582,0.111959138,0.17720844349999998,431.0,83.0
0.9530302742942275,0.8056368494999999,0.18021816000000002,0.2908702665,431.0,83.0
0.9358179293913976,0.5704212835,0.2339509085,0.33869367650000004,431.0,83.0
0.8880227375208078,0.212642299,0.2635084635,0.3204372705,431.0,83.0
0.808969351386049,0.0,0.27729965850000005,0.286287091,431.0,83.0
0.7300968945456643,0.0,0.235960038,0.252114129,431.0,83.0
0.6788199855785451,0.0,0.22060792950000002,0.26575127249999997,431.0,83.0
0.6348340470599992,0.0,0.1811527075,0.2522723645,431.0,83.0
0.632372046889921,0.0,0.16393594,0.228485471,431.0,83.0
0.6358522890844827,0.0019240645,0.1426719165,0.225111765,431.0,83.0
0.6712398747309881,0.19326812,0.113663274,0.221047392,431.0,83.0
0.722285729015706,0.47848963450000004,0.088668619,0.204196019,431.0,83.0
0.7512749329558377,0.7778677785,0.0811743755,0.218525409,431.0,83.0
0.7645320263486299,0.899351198,0.15784592749999998,0.2843009785,431.0,83.0
0.7670935750919868,0.8258665894999999,0.2231275535,0.34800548600000003,431.0,83.0
0.7699715860623239,0.5807286039999999,0.2606918505,0.35075261449999995,431.0,83.0
0.7552120636383749,0.219775652,0.272342867,0.29116060450000003,431.0,83.0
0.7332408677818332,0.0,0.265383976,0.23733055749999998,431.0,83.0
0.6876885616074926,0.0,0.190987362,0.214908555,431.0,83.0
0.6338015938352685,0.0,0.158434004,0.2205875975,431.0,83.0
0.6168888543943756,0.0,0.124302793,0.192585129,431.0,83.0
0.6266403267205438,0.0,0.09271076,0.1700821955,431.0,83.0
0.6384849873911395,0.003384235,0.07649211,0.163967089,431.0,83.0
0.6702322150469054,0.186968872,0.061270892,0.1475924,431.0,83.0
0.720250087837478,0.488379744,0.034117393,0.1116486655,431.0,83.0
0.7483792224309355,0.8045121895,0.024883039500000002,0.098549377,431.0,83.0
0.7671303321505059,0.9477644144999999,0.050080383,0.1687092875,431.0,83.0
0.7737742605881519,0.877618816,0.0934078925,0.2776215445,431.0,83.0
0.781297339348159,0.6263765565,0.120425442,0.2663552335,431.0,83.0
0.7710927479806079,0.230555706,0.1259171355,0.208142377,431.0,83.0
0.7395481760784814,0.0,0.115228112,0.18723263099999998,431.0,83.0
0.7277957125369738,0.0,0.089489522,0.168653906,431.0,83.0
0.6763979967537115,0.0,0.07751757249999999,0.161665815,431.0,83.0
0.6515447161598837,0.0,0.07734157350000001,0.150144687,431.0,83.0
0.671165892235115,0.0,0.0765829955,0.1562260985,431.0,83.0
0.7517549059336844,0.00160511,0.083329025,0.1550084545,431.0,83.0
0.8155570672975856,0.191598288,0.081218933,0.150049951,431.0,83.0
0.8512324820935002,0.4865301605,0.050258880500000006,0.16871381149999998,431.0,83.0
0.9005740476831291,0.796051026,0.039965841,0.227310911,431.0,83.0
0.9447396042464747,0.9092996935,0.075383043,0.3200713585,431.0,83.0
0.9591073707792134,0.866214697,0.113976585,0.441402948,431.0,83.0
0.9434449113402561,0.6893072225,0.144828847,0.516750098,431.0,83.0
0.9310463890016548,0.456908003,0.153098361,0.53310628,431.0,83.0
0.890308607919187,0.1715720105,0.152946607,0.486326104,431.0,83.0
0.8075278173698806,0.0,0.16951425450000002,0.48901045099999996,431.0,83.0
0.7476637465930516,0.0,0.182091741,0.412008827,431.0,83.0
0.6991982409351027,0.0,0.203784876,0.42919704049999996,431.0,83.0
0.6651160475690125,0.0,0.193723817,0.360031689,431.0,83.0
0.6816774874522593,0.0,0.153941732,0.18782841649999998,431.0,83.0
0.7565618219608248,0.00139127,0.129173389,0.1160467545,431.0,83.0
0.8217174641503027,0.147202382,0.10304867,0.088299832,431.0,83.0
0.8607961653692378,0.41075265250000004,0.0819784745,0.0833968025,431.0,83.0
0.894936069797572,0.7056970060000001,0.1015260965,0.157889834,431.0,83.0
0.9196181606479045,0.7909793540000001,0.1892450745,0.208457333,431.0,83.0
0.9127205145545723,0.662657771,0.3024941715,0.31458967800000004,431.0,83.0
0.9035630323566675,0.443959696,0.332234174,0.35125900600000004,431.0,83.0
0.861600935232089,0.163253554,0.293050706,0.3374498855,431.0,83.0
0.8023687120521064,0.0,0.2291305905,0.2865686535,431.0,83.0
0.713901457027228,0.0,0.179664274,0.23656925099999998,431.0,83.0
0.6634610882534606,0.0,0.143424973,0.244490608,431.0,83.0
0.6603938367212409,0.0,0.11889498849999999,0.29511887400000003,431.0,83.0
0.7071234236966948,0.0,0.09966358650000001,0.34482021350000003,431.0,83.0
0.7982375882284773,0.0849488425,0.082399992,0.3275896495,431.0,83.0
0.8491526854690971,0.341929169,0.0743823,0.28076896,431.0,83.0
0.8733642386533221,0.601246428,0.0655263575,0.226526328,431.0,83.0
0.9046894384610775,0.821857458,0.0591178105,0.23327736,431.0,83.0
0.9084831930786841,0.816664305,0.08643728349999999,0.30630233949999996,431.0,83.0
0.9039131377797526,0.654866613,0.133620618,0.3345779925,431.0,83.0
0.8924336367656623,0.420334262,0.183723049,0.350537642,431.0,83.0
0.8629464793632781,0.17849753200000001,0.24550152849999998,0.307024852,431.0,83.0
0.7966976294396099,0.0,0.286004931,0.2320558015,431.0,83.0
0.7087295452396267,0.0,0.2017163985,0.19312854000000002,431.0,83.0
0.6614639834372928,0.0,0.18349195399999998,0.18083084466666666,431.0,83.0
0.6765178904463514,0.0,0.15032795,0.1616964685,431.0,83.0
0.7529940885165698,0.0009287045,0.12122594249999999,0.155988028,431.0,83.0
0.815769087866549,0.159983237,0.092076398,0.152336049,431.0,83.0
0.8495080354031765,0.444062141,0.06279335550000001,0.128529037,431.0,83.0
0.8747819858144091,0.697311305,0.05629361,0.104560884,431.0,83.0
0.9019850053409237,0.837596183,0.057019031,0.146496808,431.0,83.0
0.9201623998800443,0.8374036345,0.059455069,0.208987305,431.0,83.0
0.9180614387372739,0.675138384,0.0812210885,0.25697844400000003,431.0,83.0
0.8964197457263485,0.3706212805,0.124230333,0.257347483,431.0,83.0
0.8599001817535664,0.081589354,0.170646593,0.245155421,431.0,83.0
0.8059081636013956,0.0,0.1971522845,0.2235666625,431.0,83.0
0.7176443057337045,0.0,0.17575347033333333,0.16316776933333332,431.0,83.0
0.660410576371271,0.0,0.135013151,0.15868178849999998,431.0,83.0
0.677885020531277,0.0,0.1202469955,0.1515716715,431.0,83.0
0.753841585542226,0.0007864265,0.10833082150000001,0.1412871715,431.0,83.0
0.8274222603741027,0.258939936,0.07393978749999999,0.144585101,431.0,83.0
0.8583135390687409,0.6336937414999999,0.05513562549999999,0.145223838,431.0,83.0
0.8957391071379137,0.8624902555,0.0627483395,0.173443292,431.0,83.0
0.9286524480041951,0.862565601,0.08098161649999999,0.278437074,431.0,83.0
0.9343350962521431,0.6887404770000001,0.1061758095,0.39764048750000003,431.0,83.0
0.9207912507294898,0.376434331,0.150599936,0.4635894665,431.0,83.0
0.8865515636602848,0.07656115,0.208009718,0.46439523,431.0,83.0
0.818844416517468,0.0,0.2332625555,0.45151885199999997,431.0,83.0
0.7443975149480706,0.0,0.182031358,0.318471152,431.0,83.0
0.6974744498289576,0.0,0.1834679265,0.300749932,756.5,146.0
0.653781842428923,0.0,0.167145581,0.33009849950000003,1082.0,209.0
0.6455463547499803,0.0,0.155310477,0.33711765699999996,1082.0,209.0
0.643568611920557,0.000809256,0.15083223550000002,0.37320608050000004,1082.0,209.0
0.6743973333304615,0.175841875,0.139175712,0.446969711,1082.0,209.0
0.7200213275372676,0.377008633,0.102131738,0.471669727,1082.0,209.0
0.74132796903366,0.6512055480000001,0.086920059,0.456602261,1082.0,209.0
0.7584848271661062,0.8714127145,0.083222669,0.438723348,1082.0,209.0
0.7598052968268068,0.8652127620000001,0.0924174895,0.5462147639999999,1082.0,209.0
0.7662605701152014,0.7054092815,0.101615408,0.6017085555,1082.0,209.0
0.7681117468637059,0.485080467,0.115643801,0.592758413,1082.0,209.0
0.7624426307600939,0.18201825049999998,0.151471263,0.57182588,1082.0,209.0
0.7387658272432674,0.0,0.18164217100000002,0.5036811950000001,1082.0,209.0
0.6837701840273358,0.0,0.15993844750000002,0.433019566,1082.0,209.0
0.6459311102983882,0.0,0.1269263355,0.437728348,1082.0,209.0
0.640869001632377,0.0,0.1036244835,0.437576659,1082.0,209.0
0.6410172240010141,0.0007114355,0.0795610545,0.4331790935,1082.0,209.0
0.6952467586280064,0.269712568,0.0487188075,0.4088927605,1082.0,209.0
0.7384890329757656,0.6385479759999999,0.031429208,0.427760392,1082.0,209.0
0.7562864246269048,0.8446837439999999,0.039178434,0.48963136650000005,1082.0,209.0
0.7575701840913348,0.836202542,0.0767015895,0.5979545705,1082.0,209.0
0.7647130258145514,0.6725287685,0.12475369349999998,0.6454118424999999,1082.0,209.0
0.7675597815330374,0.413156886,0.151242353,0.601948977,1082.0,209.0
0.7578836027086653,0.131570982,0.14767819999999998,0.47806114850000003,1082.0,209.0
0.7372009891485274,0.0,0.12373327349999999,0.391520663,1082.0,209.0
0.7149570883309654,0.0,0.10628582966666666,0.3376288463333334,1082.0,209.0
0.6717472865706275,0.0,0.11293012699999999,0.36301451549999997,1082.0,209.0
0.6852654022010479,0.0,0.112978003,0.28444872899999996,1082.0,209.0
0.7580071955951331,0.000557187,0.091714195,0.2756970205,1082.0,209.0
0.8333592115279339,0.171795647,0.0682836615,0.230693279,1082.0,209.0
0.85640886553047,0.4373579875,0.0614191035,0.2898975125,1082.0,209.0
0.867042297721057,0.6763776415,0.1047650265,0.372851701,1082.0,209.0
0.8778578765686609,0.7368912985,0.141797707,0.45397900550000003,1082.0,209.0
0.8801903839195324,0.609382466,0.171952095,0.484708861,1082.0,209.0
0.8732805634688188,0.3903667575,0.2184451375,0.4577528295,1082.0,209.0
0.8494861216573505,0.119026729,0.2353483455,0.3929169615,1082.0,209.0
0.7967600463000316,0.0,0.20979849550000002,0.2883465595,1082.0,209.0
0.7227454269645219,0.0,0.207882513,0.266847031,1082.0,209.0
0.6759829458579877,0.0,0.1917809825,0.240478419,1082.0,209.0
0.6558994729689591,0.0,0.15026477449999998,0.195085614,1082.0,209.0
0.67773174110064,0.0,0.0995449005,0.1549171285,1082.0,209.0
0.7546523723716121,0.0,0.08320865150000001,0.1217810255,1082.0,209.0
0.8156859277606953,0.140725783,0.07182308,0.094808447,1082.0,209.0
0.8460909826057941,0.414448738,0.055495422,0.0821142825,1082.0,209.0
0.8634007691487062,0.662568753,0.053030124,0.095473393,1082.0,209.0
0.8692341449057754,0.760853825,0.064255261,0.130930342,1082.0,209.0
0.8718441333768988,0.761705962,0.10731205899999999,0.2269410405,1082.0,209.0
0.8711703780162536,0.6028111905,0.150773531,0.332122974,1082.0,209.0
0.8595052652189105,0.406096279,0.18802288,0.376669192,1082.0,209.0
0.8460804940711077,0.12937393549999998,0.2058979865,0.3976007035,1082.0,209.0
0.7917557889581421,0.0,0.18695207149999998,0.364015124,1082.0,209.0
0.7166752137073258,0.0,0.155835005,0.314194336,1082.0,209.0
0.673430129898726,0.0,0.1379120545,0.2937898095,1082.0,209.0
0.6506328121307543,0.0,0.125083232,0.2877779915,1082.0,209.0
0.6690354083630031,0.0,0.120566021,0.2466354755,1082.0,209.0
0.7234985495939126,0.0,0.101711228,0.222865757,1082.0,209.0
0.7972065631246826,0.054473444,0.07361389800000001,0.190035443,1082.0,209.0
0.8330759242806577,0.24537959,0.053512972,0.141163089,1082.0,209.0
0.8528111176687397,0.4585606865,0.0561408115,0.1168090405,1082.0,209.0
0.8636216863165922,0.655482993,0.0871844765,0.1242227565,1082.0,209.0
0.8633000499938164,0.669886692,0.11436255349999999,0.19580573899999998,1082.0,209.0
0.8567979757756676,0.532000255,0.15857837349999998,0.24800711250000002,1082.0,209.0
0.8520177730170282,0.337879761,0.183517679,0.261378883,1082.0,209.0
0.839256549381374,0.1141830575,0.1758775715,0.257086278,1082.0,209.0
0.7831801460028525,0.0,0.14862507149999998,0.2305786145,1082.0,209.0
0.7116999407068293,0.0,0.125741524,0.199041365,1082.0,209.0
0.6706674237754299,0.0,0.12926007,0.23165240199999998,1082.0,209.0
0.6476309508158415,0.0,0.1167558875,0.2144403035,1082.0,209.0
0.665999575897462,0.0,0.1028031475,0.1882735765,1082.0,209.0
0.750715944135502,0.0,0.08977173899999999,0.1887424,1082.0,209.0
0.8221889384116463,0.2013382705,0.084269765,0.177100266,1082.0,209.0
0.8417977060619042,0.518298402,0.078684934,0.15955939600000002,1082.0,209.0
0.8539172489877702,0.728106623,0.081565468,0.1875462755,1082.0,209.0
0.8527784811582013,0.7557845935,0.104761353,0.24821186750000002,1082.0,209.0
0.8517736777159906,0.5925059834999999,0.1444017745,0.32536776,1082.0,209.0
0.8470076627670827,0.389879677,0.167087555,0.367187556,1082.0,209.0
0.8335256720827358,0.1363595185,0.184101562,0.357082366,1082.0,209.0
0.7765989854457991,0.0,0.2166072925,0.2974641335,1082.0,209.0
0.6904198485016759,0.0,0.18417860149999998,0.2143419805,1082.0,209.0
0.6497617390083098,0.0,0.171359812,0.1987527155,1082.0,209.0
0.6450328556910417,0.0,0.14961709299999998,0.16386152399999998,1082.0,209.0
0.702228290501701,0.0,0.1323978965,0.143293946,1082.0,209.0
0.7957407741182487,0.075710989,0.122977902,0.1489271435,1082.0,209.0
0.8308719496820236,0.441978005,0.0945405155,0.1651827615,1082.0,209.0
0.8509766807326996,0.73702585,0.08660521600000001,0.1844863695,1082.0,209.0
0.8625331609900638,0.8115142234999999,0.09200048799999999,0.278761514,1082.0,209.0
0.8655182124021821,0.719766861,0.097659366,0.37180331050000004,1082.0,209.0
0.8645754044662407,0.560621644,0.10732865,0.433808493,1082.0,209.0
0.8523314492549006,0.3068753695,0.13527016749999998,0.469903976,1082.0,209.0
0.8183720058233224,0.0122189945,0.18996403,0.4555198095,1082.0,209.0
0.7740051983179744,0.0,0.204005308,0.428611739,1082.0,209.0
0.6848368658608026,0.0,0.177253135,0.381949819,1082.0,209.0
0.6259745236750357,0.0,0.14366957833333335,0.3529055753333334,1082.0,209.0
0.6223388090806927,0.0,0.1034161425,0.288326399,1082.0,209.0
0.6338871653571089,0.0,0.0899445065,0.257982706,1082.0,209.0
0.6881040807196175,0.197504878,0.07304340749999999,0.2236549705,1082.0,209.0
0.7208036918849416,0.47172898650000006,0.08405696900000001,0.19950281450000001,1082.0,209.0
0.72701988007205,0.610608347,0.123020188,0.173943413,1082.0,209.0
0.7285478987335623,0.5925186815,0.106219923,0.213053481,1082.0,209.0
0.7383220105612824,0.4217907945,0.0893007735,0.21044253149999997,1082.0,209.0
0.7403553339668038,0.197501808,0.0816402175,0.17294933899999998,1082.0,209.0
0.7263153142854389,0.006360547333333333,0.07553030366666666,0.123070452,1082.0,209.0
0.6762613633298247,0.0,0.057890731,0.1060950635,1082.0,209.0
0.6251866418187269,0.0,0.044115464,0.119426251,1082.0,209.0
0.6168572010976707,0.0,0.0397767865,0.0903337905,1082.0,209.0
0.626615041572979,0.0,0.036394114,0.082072949,1082.0,209.0
0.6529020131318677,0.0589974445,0.031893975,0.0750518865,1082.0,209.0
0.7123016099089385,0.33430943199999996,0.02034509,0.06522463449999999,1082.0,209.0
0.7362820850202464,0.5765683349999999,0.033303967000000004,0.0938502145,1082.0,209.0
0.7473890750148574,0.6448920385,0.035049331,0.07982945550000001,1082.0,209.0
0.7507953814945776,0.5763335675000001,0.055538251,0.1494709435,1082.0,209.0
0.7516221822994849,0.3479589405,0.0863976035,0.21372855600000001,1082.0,209.0
0.7425944971599261,0.08508475950000001,0.107403548,0.2069599675,1082.0,209.0
0.730914892313712,0.0,0.1292256565,0.208517548,1082.0,209.0
0.700986087780899,0.0,0.09508997450000001,0.11302527400000001,1082.0,209.0
0.6544474971720636,0.0,0.09374762766666667,0.11641127266666666,1082.0,209.0
0.6691894135493659,0.0,0.1069301825,0.164763472,1082.0,209.0
0.7514402228478113,0.0,0.11531111150000001,0.1956956895,1082.0,209.0
0.8149099548714596,0.122365904,0.118276696,0.224926604,1082.0,209.0
0.8377493676085737,0.40070812050000004,0.0909963025,0.23786989949999998,1082.0,209.0
0.8671468096318382,0.714596055,0.094055695,0.24096393100000002,1082.0,209.0
0.8947175406551571,0.8348078784999999,0.10588795200000001,0.2942151165,1082.0,209.0
0.9056211491404025,0.7457542735,0.1129136765,0.4207685965,1082.0,209.0
0.8923493998026948,0.4889529535,0.1441845635,0.4832517755,1082.0,209.0
0.8648745183212607,0.230267858,0.161683608,0.479437859,1082.0,209.0
0.8293322250419651,0.008558628,0.1890492935,0.519342028,1082.0,209.0
0.7555916685627198,0.0,0.1914870415,0.4333971525,1082.0,209.0
0.6779146604568487,0.0,0.163100906,0.35771100600000005,1082.0,209.0
0.6569057279767665,0.0,0.140624529,0.2827180793333333,1082.0,209.0
0.7067675352934499,0.0,0.135641748,0.25812628,1082.0,209.0
0.7980162964062534,0.069032238,0.13065871950000002,0.2976619635,1082.0,209.0
0.8505683256969878,0.4257851615,0.10980524650000001,0.307953962,1082.0,209.0
0.890806491128675,0.7111286990000001,0.1287797685,0.25699461349999997,1082.0,209.0
0.909634650344284,0.7500345165,0.12546518099999998,0.28288883249999996,1082.0,209.0
0.9156086863487234,0.6280445785,0.10915631,0.3447018645,1082.0,209.0
0.8964647438808286,0.40523120349999997,0.1058471825,0.3757779365,1082.0,209.0
0.8567218394843494,0.097941431,0.12180731,0.351009365,1082.0,209.0
0.8003744635590277,0.0,0.139441773,0.3051470155,1082.0,209.0
0.7267992906962533,0.0,0.11900566500000001,0.18831509950000003,1082.0,209.0
0.6721594344434478,0.0,0.1178460625,0.1679587105,1082.0,209.0
0.660640835045182,0.0,0.09464388900000001,0.14934035499999998,1082.0,209.0
0.7091882832839077,0.0,0.056762876500000004,0.14209289349999998,1082.0,209.0
0.7982996772155928,0.0578158505,0.042471819,0.15599591299999999,1082.0,209.0
0.8464626273640183,0.3857064995,0.0218759715,0.133078004,1082.0,209.0
0.8794074811026927,0.6669457635,0.0179279605,0.0916907025,1082.0,209.0
0.9039538281809087,0.753647555,0.027990244999999997,0.163931135,1082.0,209.0
0.9016709545299304,0.670139048,0.0516322715,0.21864933549999999,1082.0,209.0
0.8914955580184145,0.42495546549999996,0.078063029,0.2470046495,1082.0,209.0
0.8626983103765086,0.201171838,0.093997457,0.20538765,1082.0,209.0
0.8285132674505995,0.005229834,0.1080494115,0.1575082805,1082.0,209.0
0.758402252472884,0.0,0.0917987755,0.106950035,1082.0,209.0
0.6816735074098076,0.0,0.094239162,0.072706545,1082.0,209.0
0.6562028946585202,0.0,0.091756616,0.057709177,1082.0,209.0
0.6720104627661347,0.0,0.07981425,0.056583693,1082.0,209.0
0.7524598930744479,0.0,0.0639568835,0.0523047215,1082.0,209.0
0.8273323108461739,0.24604261149999998,0.046138269,0.056684235,1082.0,209.0
0.8652639094962988,0.6350903815,0.0306380545,0.05700543,1082.0,209.0
0.9130282908597058,0.8499420755,0.0391495385,0.096547312,1082.0,209.0
0.9258516035636926,0.835217689,0.060359802000000004,0.2001738555,1082.0,209.0
0.9234488596105904,0.634276677,0.0889362145,0.272281784,1082.0,209.0
0.8943533409031865,0.317090859,0.1194558195,0.242082489,1082.0,209.0
0.8289809956558662,0.0046036705,0.16586190750000002,0.195676858,1082.0,209.0
0.7532732552158654,0.0,0.150792245,0.1542886315,1082.0,209.0
0.6792154404199324,0.0,0.122615369,0.1024180435,1082.0,209.0
0.655950019873573,0.0,0.10209852,0.0766650445,1082.0,209.0
0.6725669232179048,0.0,0.08916752450000001,0.077520726,1082.0,209.0
0.752059217193799,0.0,0.074602688,0.08525849499999999,1082.0,209.0
0.8245688789671519,0.2249696605,0.0491684155,0.0822956105,1082.0,209.0
0.8541193896627601,0.5971419435,0.0261685605,0.093267342,1082.0,209.0
0.8827309788215985,0.81806053,0.0344818295,0.2105142275,1082.0,209.0
0.9015434518537753,0.776979686,0.059354237000000004,0.36214524550000005,1082.0,209.0
0.9023371711598247,0.5382794285,0.0828891575,0.422569883,1082.0,209.0
0.8759319915685573,0.22593409250000002,0.1224811845,0.420787682,1082.0,209.0
0.8275256016220556,0.002886412,0.1424865165,0.3921566595,1082.0,209.0
0.744636131832956,0.0,0.132030268,0.347393933,1082.0,209.0
0.6578908417484328,0.0,0.1132564465,0.376130796,1082.0,209.0
0.6291890455223408,0.0,0.1123059975,0.377274856,1082.0,209.0
0.6322386443622441,0.0,0.102638733,0.37367209,1082.0,209.0
0.6385132692048882,0.0,0.087051149,0.36258790350000003,1082.0,209.0
0.6707594569272561,0.089304257,0.074767836,0.359353232,1082.0,209.0
0.716381086580324,0.341766028,0.0494830255,0.327154258,1082.0,209.0
0.7303337319645743,0.560397506,0.044210825,0.257827636,1082.0,209.0
0.7388699021250019,0.682769589,0.041212558499999996,0.244040274,1082.0,209.0
0.745545085814499,0.663305558,0.0535905985,0.30162721449999996,1082.0,209.0
0.748632542122985,0.557347358,0.066589826,0.329040247,1082.0,209.0
0.752409229136038,0.382773295,0.08763073299999999,0.3135798905,1082.0,209.0
0.7452555710048289,0.157783381,0.09969504,0.277507866,1082.0,209.0
0.7351506216914024,0.002997579,0.09964250350000001,0.212769143,1082.0,209.0
0.7107698219632679,0.0,0.071399904,0.1141081575,1082.0,209.0
0.6520921628165008,0.0,0.05899912,0.0687686985,1082.0,209.0
0.6207025560864894,0.0,0.055116975,0.0757321315,1082.0,209.0
0.6211531232063566,0.0,0.052001022,0.094267783,1082.0,209.0
0.6329665754873499,0.0,0.045083314,0.130419858,1082.0,209.0
0.6681674958840044,0.107415546,0.039682849,0.150121032,1082.0,209.0
0.7128896065424001,0.395919655,0.02410429,0.1342866695,1082.0,209.0
0.7361080154819291,0.7363669265,0.0279070285,0.1293358665,1082.0,209.0
0.7493448572362063,0.847884894,0.034927412500000005,0.1334804755,1082.0,209.0
0.7557246027927785,0.720145212,0.045126586499999996,0.161592459,1082.0,209.0
0.7616913811587417,0.532547474,0.054110203,0.149095248,1082.0,209.0
0.755572845207575,0.26174368,0.062296007,0.1449920305,1082.0,209.0
0.7409128478851719,0.002256215,0.0818908065,0.1596419435,1082.0,209.0
0.7239564447674545,0.0,0.08904066199999999,0.166606585,1082.0,209.0
0.6686069578150549,0.0,0.07639811566666667,0.15796419266666667,1082.0,209.0
0.6552970545393912,0.0,0.068894912,0.17649790799999998,1082.0,209.0
0.706525757846336,0.0,0.0723421775,0.2029736345,1082.0,209.0
0.7979350561906868,0.0560490785,0.07917199450000001,0.194465502,1082.0,209.0
0.8411145390236864,0.42060950500000005,0.0618663095,0.154315176,1082.0,209.0
0.8683102538870421,0.7239295275,0.076470075,0.143102555,1082.0,209.0
0.8958602885271777,0.7897907145,0.1162518665,0.1599283315,1082.0,209.0
0.8968565231625549,0.6286460505,0.137929259,0.1881718595,1082.0,209.0
0.8694875113788565,0.362077468,0.156233573,0.202477247,1082.0,209.0
0.8416524101879036,0.0798583645,0.13930856549999998,0.2276233125,1082.0,209.0
0.7842693736133739,0.0,0.1205896365,0.155694224,1082.0,209.0
0.7113591530743851,0.0,0.084010989,0.092660452,1082.0,209.0
0.6697977788551385,0.0,0.07141905949999999,0.08739253799999999,1082.0,209.0
0.6498371261533862,0.0,0.058411523,0.070553556,1082.0,209.0
0.668778342777311,0.0,0.046611385500000005,0.063778839,1082.0,209.0
0.7513897228866632,0.0,0.0353346595,0.049391185500000004,1082.0,209.0
0.8142317512519616,0.111131031,0.028340219,0.041149161,1082.0,209.0
0.8328253204873856,0.3952670545,0.017248415500000003,0.040005673000000005,1082.0,209.0
0.8568617037232293,0.7077600895,0.019921076500000003,0.0347186235,1082.0,209.0
0.8741528541163401,0.8224130734999999,0.049183252,0.09435584350000001,1082.0,209.0
0.8784732419735848,0.701834318,0.08398883600000001,0.180412876,1082.0,209.0
0.8633313754984319,0.496144206,0.093286996,0.194619698,1082.0,209.0
0.8490287883434898,0.26208821,0.101912992,0.177089678,1082.0,209.0
0.8128915919748616,0.0020179945,0.09975203299999999,0.1345513505,1082.0,209.0
0.7370734630818564,0.0,0.0763569455,0.102758206,1082.0,209.0
0.6681229659459251,0.0,0.0552969195,0.071983415,1082.0,209.0
0.6445515483979734,0.0,0.0408566095,0.07388070299999999,1082.0,209.0
0.6651620758807921,0.0,0.032330226000000004,0.0918140285,1082.0,209.0
0.7501340112496069,0.0,0.02705258,0.10050768600000001,1082.0,209.0
0.8213212366909408,0.2313737435,0.0199456945,0.1004052175,1082.0,209.0
0.8499921991005512,0.637202542,0.0101302055,0.08240119600000001,1082.0,209.0
0.8836706027235784,0.8519884285,0.0169557105,0.089618586,1082.0,209.0
0.9061088714448595,0.8002655835,0.0281084475,0.146423946,1082.0,209.0
0.9046472965484693,0.6204539985,0.0376910655,0.1713826695,1082.0,209.0
0.8738299066252072,0.293484458,0.0605007115,0.14907841900000002,1082.0,209.0
0.8234275358255516,0.0018660835,0.09202571400000001,0.127353305,1082.0,209.0
0.7758732550596037,0.0,0.092497905,0.12419381,1082.0,209.0
0.6983789086893992,0.0,0.09428196250000001,0.11630315299999999,1082.0,209.0
0.6556983624512687,0.0,0.073321251,0.10759491099999999,1082.0,209.0
0.6464924170538646,0.0,0.0539151645,0.09214274,1082.0,209.0
0.7023538031160218,0.0,0.040980418500000004,0.08201975750000001,1082.0,209.0
0.7957731296989465,0.057035208,0.0328697055,0.08837000049999999,1082.0,209.0
0.8389430604300618,0.438466058,0.020865896000000002,0.0926180085,1082.0,209.0
0.8671981290732096,0.721206152,0.018912354,0.06742861,1082.0,209.0
0.8972877284581119,0.845060312,0.0476256975,0.0696997485,1082.0,209.0
0.9180566158240833,0.8055331035,0.093691582,0.141540279,1082.0,209.0
0.9150059167365503,0.607947447,0.1152743475,0.19237124249999998,1082.0,209.0
0.8954504350365484,0.349388266,0.129853209,0.205649474,1082.0,209.0
0.8527534769404771,0.09047825799999999,0.1474045005,0.1977959055,1082.0,209.0
0.7884090430157547,0.0,0.13929998799999999,0.1891579405,1082.0,209.0
0.6981512019370038,0.0,0.1389902125,0.214643801,1082.0,209.0
0.6536424229347113,0.0,0.1095422655,0.233783522,1082.0,209.0
0.6453441205129273,0.0,0.08974346050000001,0.251732257,1082.0,209.0
0.702274997788175,0.0,0.08121735199999999,0.265554123,1082.0,209.0
0.7963360050808879,0.0546303965,0.069050083,0.2134067935,1082.0,209.0
0.8482634445756865,0.43713025299999997,0.037929289,0.1580822645,1082.0,209.0
0.8956402609298452,0.750516693,0.038193685500000005,0.110177373,1082.0,209.0
0.9224961716182415,0.8386022585,0.0617832345,0.1246413525,1082.0,209.0
0.9222890675245321,0.7199727385,0.091681977,0.1790904325,1082.0,209.0
0.911208790879639,0.512316068,0.115885556,0.189071461,1082.0,209.0
0.8790904335442984,0.2635829605,0.1336860385,0.2063625795,1082.0,209.0
0.8288430042825907,0.0013576565,0.158052764,0.1816644765,1082.0,209.0
0.7452067566227245,0.0,0.1349541395,0.15552536449999999,1082.0,209.0
0.6584241476200011,0.0,0.103433058,0.1388867425,1082.0,209.0
0.6258851203860386,0.0,0.083973552,0.14542359100000002,1082.0,209.0
0.626705084744188,0.0,0.0685606685,0.13641941200000002,1082.0,209.0
0.635119534964969,0.0,0.0532729525,0.1387374365,1082.0,209.0
0.6695386529548474,0.11581629,0.044830751,0.15264078,1082.0,209.0
0.7176785654756503,0.460989855,0.02846486,0.1363948575,1082.0,209.0
0.7509661031028889,0.793269824,0.030082054,0.1235561175,1082.0,209.0
0.7639832919953885,0.9179086945,0.060701617,0.1833515865,1082.0,209.0
0.7749720270953722,0.800591492,0.0770486505,0.26903794950000004,1082.0,209.0
0.7771785303062231,0.612901959,0.083953471,0.292038907,1082.0,209.0
0.7673081709729817,0.31567420199999996,0.1017438475,0.25821804800000003,1082.0,209.0
0.7447353993951769,0.00125124,0.13097111649999998,0.2248161075,1082.0,209.0
0.7238811277939254,0.0,0.119984143,0.20108917599999998,1082.0,209.0
0.6621609637121211,0.0,0.109688435,0.168568782,1082.0,209.0
0.6293009323490455,0.0,0.0932295595,0.155499421,1082.0,209.0
0.632531062357252,0.0,0.0755356885,0.17590024799999998,1082.0,209.0
0.6380466413284682,0.0,0.059746710499999994,0.19497409,1082.0,209.0
0.6707766884278544,0.119786739,0.048266755,0.199938043,1082.0,209.0
0.7239046101662163,0.47904511299999997,0.0285912185,0.19691031650000002,1082.0,209.0
0.7556649018311342,0.749823362,0.021006556,0.175308123,1082.0,209.0
0.7703163536560027,0.9036932504999999,0.0381795205,0.24534732850000002,1082.0,209.0
0.7846388644949363,0.912665637,0.07933775900000001,0.389676142,1082.0,209.0
0.7871418125242786,0.7016938345,0.12471660650000001,0.432555743,1082.0,209.0
0.7715825070467137,0.324855597,0.1783518855,0.441098757,1082.0,209.0
0.748092142427768,0.001082873,0.246977473,0.44147066150000003,1082.0,209.0
0.74084780885047,0.0,0.26393855499999996,0.512054839,1082.0,209.0
0.7035559946540132,0.0,0.2405156035,0.5463960375,1082.0,209.0
0.6695640316644754,0.0,0.23914715050000002,0.5280768005,1082.0,209.0
0.6814822299238419,0.0,0.249448699,0.547194806,1082.0,209.0
0.7553205088105763,0.0,0.256857542,0.536754018,1082.0,209.0
0.8171378568307041,0.099313453,0.259317632,0.531490559,1082.0,209.0
0.844987567185541,0.325850282,0.244945239,0.515484419,1082.0,209.0
0.8656009509914491,0.6019442150000001,0.20254265100000002,0.4685759605,1082.0,209.0
0.9004717832922902,0.848260169,0.174486398,0.4545729545,1082.0,209.0
0.917692743945419,0.8898329140000001,0.1807512685,0.46927262950000004,1082.0,209.0
0.9199631623091752,0.704940778,0.2066496185,0.5487840375,1082.0,209.0
0.8910571885652274,0.3333574105,0.259187823,0.591454346,1082.0,209.0
0.8344137424757523,0.000962068,0.31962562,0.5606299155000001,1082.0,209.0
0.7680887092360832,0.0,0.3036443365,0.4898557525,1082.0,209.0
0.6856824197680904,0.0,0.2610568075,0.473263674,1082.0,209.0
0.6558834122124063,0.0,0.23513973700000002,0.5103294685,1082.0,209.0
0.6735237082865013,0.0,0.22172336850000002,0.544187643,1082.0,209.0
0.7518472668776002,0.0,0.2040395055,0.5573355275,1082.0,209.0
0.8142317512519616,0.095552783,0.186321471,0.583782915,1082.0,209.0
0.8364882010270981,0.4451858745,0.13789511,0.601561828,1082.0,209.0
0.8611680442762711,0.7439779895,0.10456518000000001,0.5617684445,1082.0,209.0
0.880354737378704,0.8526039114999999,0.104597776,0.5450314345,1082.0,209.0
0.8901053435248345,0.754310138,0.1163640185,0.5594917955,1082.0,209.0
0.8873851304967516,0.563179489,0.143493786,0.571372833,1082.0,209.0
0.8603245038213337,0.2895282615,0.19236408700000002,0.573902442,1082.0,209.0
0.8211434446494965,0.0008360145,0.27013875249999997,0.6068732255,1082.0,209.0
0.7424770850548205,0.0,0.262038767,0.5981605025,1082.0,209.0
0.6699412251728335,0.0,0.230185952,0.5775237710000001,1082.0,209.0
0.6490805854224422,0.0,0.227309534,0.5823587029999999,1082.0,209.0
0.6725162592794949,0.0,0.231972921,0.59251427,1082.0,209.0
0.7534019753358804,0.0,0.248784753,0.5749343895000001,1082.0,209.0
0.8153014063610966,0.044667231,0.258344598,0.558387746,1082.0,209.0
0.8376955196362024,0.30786383700000003,0.273173244,0.5473869725,1082.0,209.0
0.8554536491695555,0.5443411345,0.24379182400000002,0.5149935354999999,1082.0,209.0
0.86666751579112,0.654972266,0.27167698500000004,0.5024680425,1082.0,209.0
0.8720339592701956,0.60333565,0.2685328215,0.5104750769999999,1082.0,209.0
0.8682456832311753,0.439597419,0.27552906,0.502580239,1082.0,209.0
0.8510545027654957,0.2189101275,0.280614594,0.47821374549999995,1082.0,209.0
0.815759488821199,0.000647577,0.279944077,0.4373500025,1082.0,209.0
0.7387191512253648,0.0,0.240232471,0.41255505849999996,1082.0,209.0
0.6620263905216159,0.0,0.2068675365,0.38287924650000005,1082.0,209.0
0.6373731902881792,0.0,0.18238903550000002,0.357525248,1082.0,209.0
0.6641443489349583,0.0,0.17491911799999998,0.333641155,1082.0,209.0
0.7497604935445612,0.0,0.17369124949999998,0.320914066,1082.0,209.0
0.8129364028427812,0.070071695,0.159082039,0.305005473,1082.0,209.0
0.8317791243600255,0.400094193,0.1301515885,0.272358872,1082.0,209.0
0.8534965323893338,0.729888561,0.10048504050000001,0.2181947215,1082.0,209.0
0.866166495328702,0.8342526545,0.094047259,0.197531859,1082.0,209.0
0.8754956356489374,0.7205943865,0.09331086,0.22096173000000002,1082.0,209.0
0.8669461205495173,0.4602637195,0.098461414,0.2192310505,1082.0,209.0
0.8426639095713434,0.0869110355,0.114895308,0.22396591799999999,1082.0,209.0
0.7786015452876032,0.0,0.123057649,0.2143706615,1082.0,209.0
0.6942162018218299,0.0,0.0936537495,0.18998433,1082.0,209.0
0.6512614756936392,0.0,0.0763709345,0.193558163,1082.0,209.0
0.6420316030168418,0.0,0.061865133,0.17534977200000001,1082.0,209.0
0.7016878206349366,0.0,0.0533297835,0.15694103850000002,1082.0,209.0
0.7770000359807858,0.0,0.050235728,0.157036728,1082.0,209.0
0.8129056860600958,0.081405951,0.048029638,0.156948492,1082.0,209.0
0.8293273553477429,0.333969357,0.032520378,0.155499058,1082.0,209.0
0.8360576980155342,0.542038085,0.026203888,0.16800624,1082.0,209.0
0.8570887549726633,0.702245391,0.026710488,0.162061375,1082.0,209.0
0.8781201865029131,0.8465118844999999,0.042862932,0.206709456,1082.0,209.0
0.9011036308891365,0.849449591,0.0586169755,0.309591623,1082.0,209.0
0.9061776095109554,0.728892131,0.070044552,0.394391616,1082.0,209.0
0.8982730060987506,0.586570601,0.081656508,0.405310651,1082.0,209.0
0.8586812974277935,0.29237446500000003,0.1077683265,0.39552809499999997,1082.0,209.0
0.8108797842703126,0.0,0.159049471,0.415216641,1082.0,209.0
0.7238804019569826,0.0,0.1631737135,0.40214262300000003,1082.0,209.0
0.6405170231000366,0.0,0.1363237635,0.382173836,1082.0,209.0
0.6083895818792128,0.0,0.122164491,0.3501351835,1082.0,209.0
0.6175388229811565,0.0,0.10582710149999999,0.285052664,1082.0,209.0
0.6321210216612794,0.0,0.0928468275,0.29336053250000005,1082.0,209.0
0.6671260758888033,0.090199951,0.083038199,0.312141798,1082.0,209.0
0.706639868802467,0.372755337,0.05644904,0.303008483,1082.0,209.0
0.7174773613958968,0.582610231,0.045576705,0.315624938,1082.0,209.0
0.7337192954425138,0.8116663435,0.0397427555,0.31703083200000004,1082.0,209.0
0.744539369330002,0.9163991469999999,0.0554519455,0.4216999555,1082.0,209.0
0.7474888108746965,0.7859384425,0.0645373605,0.4835197255,1082.0,209.0
0.7495219703841732,0.4937512165,0.08809065199999999,0.47376774899999996,1082.0,209.0
0.7409957269799677,0.168285517,0.113524234,0.413455858,1082.0,209.0
0.723323098742763,0.0,0.11905365466666666,0.336213591,1082.0,209.0
0.6672712781195238,0.0,0.0869521055,0.2191503265,1082.0,209.0
0.6179530544778742,0.0,0.068599526,0.2129096775,1082.0,209.0
0.611286369342446,0.0,0.055106121,0.1799663055,1082.0,209.0
0.6251598348257286,0.0,0.0465843815,0.1489783805,1082.0,209.0
0.6525396864079356,0.039146841,0.038498197,0.127105957,1082.0,209.0
0.7120716791083339,0.4463464345,0.0204871385,0.10642333749999999,1082.0,209.0
0.7286655213533099,0.720983052,0.020527833,0.086547001,1082.0,209.0
0.7402672573856963,0.8693656535000001,0.042674544499999995,0.1251303065,1082.0,209.0
0.7515549190541395,0.8659519055,0.0959557305,0.17146461899999998,1082.0,209.0
0.7571132956033594,0.655464264,0.142727514,0.200994212,1082.0,209.0
0.7459553606592806,0.2707094175,0.1983851365,0.2070083205,1082.0,209.0
0.731060375474273,0.0,0.232353327,0.17760935100000003,1082.0,209.0
0.7135697300521853,0.0,0.216919018,0.1739320375,1082.0,209.0
0.6690137052942534,0.0,0.2071755845,0.2187087735,2377.5,459.5
0.6445961718981157,0.0,0.22601590500000002,0.25976654050000003,3673.0,710.0
0.6683596161594918,0.0,0.2601016015,0.27753595200000003,3673.0,710.0
0.756178026316952,0.0,0.28647717100000003,0.3304941565,3673.0,710.0
0.8167488402287868,0.062598626,0.29974269,0.315838828,3673.0,710.0
0.8283185717818633,0.330896745,0.291358291,0.307066559,3673.0,710.0
0.8305674510541317,0.6260901165,0.2687223285,0.293039701,3673.0,710.0
0.8366028269806618,0.8667172955,0.271341446,0.34258700799999997,3673.0,710.0
0.8355510119316207,0.8854100705000001,0.31093081899999997,0.45531828799999996,3673.0,710.0
0.8350227397315364,0.6828906404999999,0.36105841299999997,0.549868017,3673.0,710.0
0.8297209138517931,0.2944216745,0.39010256600000004,0.5637603245,3673.0,710.0
0.8047485121020832,0.0,0.43715867799999997,0.5250091335,3673.0,710.0
0.7562769895588165,0.0,0.43502449,0.480102785,3673.0,710.0
0.6738275045491833,0.0,0.366064746,0.4218773945,3673.0,710.0
0.6365082980283143,0.0,0.3551361795,0.43937442550000005,3673.0,710.0
0.6416424928528615,0.0,0.35493960700000005,0.40913848399999997,3673.0,710.0
0.7077157983362447,0.0,0.3598316735,0.38146029800000003,3673.0,710.0
0.8029172591187874,0.033761162,0.350608813,0.4383275525,3673.0,710.0
0.8285635567346715,0.47368236249999995,0.2885363345,0.456087381,3673.0,710.0
0.8313529760452514,0.8146782885,0.23594849499999998,0.3497955315,3673.0,710.0
0.8362383931610992,0.9504163130000001,0.21805449300000002,0.376781037,3673.0,710.0
0.8410039868370717,0.8497755615,0.19854449349999997,0.376938577,3673.0,710.0
0.8417704543242377,0.644357262,0.193519803,0.395289189,3673.0,710.0
0.8340282376186687,0.3043712315,0.20440828649999998,0.424136694,3673.0,710.0
0.8062062472991163,0.0,0.243274539,0.4562164095,3673.0,710.0
0.7285292158027292,0.0,0.236723667,0.45328717350000003,3673.0,710.0
0.6504707999972392,0.0,0.22157980049999998,0.46183140050000004,3673.0,710.0
0.6339973664423356,0.0,0.20577063,0.48966105699999996,3673.0,710.0
0.6661611198957929,0.0,0.19100851149999998,0.5184410454999999,3673.0,710.0
0.7563019000520435,0.0,0.172250866,0.5193063655,3673.0,710.0
0.8168893132708137,0.070578573,0.160553267,0.501352428,3673.0,710.0
0.8289854439959361,0.4914476415,0.10627994099999999,0.4602630735,3673.0,710.0
0.8371850875774292,0.831473273,0.07837251549999999,0.4139056875,3673.0,710.0
0.8449870052446427,0.954192571,0.0801623605,0.4109349785,3673.0,710.0
0.8569682290863607,0.8541558579999999,0.0927026645,0.44557969399999997,3673.0,710.0
0.8470408142750537,0.647325474,0.107773662,0.487367812,3673.0,710.0
0.8339667104912345,0.29721481,0.1341063965,0.4849646235,3673.0,710.0
0.8058093642555757,0.0,0.16754812800000002,0.4632209955,3673.0,710.0
0.7237076201965065,0.0,0.15309478799999998,0.44183052300000003,3673.0,710.0
0.6495391830424115,0.0,0.11520469850000001,0.404266887,3673.0,710.0
0.633927387460647,0.0,0.0868653515,0.375347843,3673.0,710.0
0.6664948135421542,0.0,0.06739991649999999,0.3556995435,3673.0,710.0
0.756840075536617,0.0,0.055585547,0.33125539449999997,3673.0,710.0
0.818017124186861,0.066628277,0.049423122,0.321101642,3673.0,710.0
0.8281001831449774,0.383242972,0.036073716,0.31132834,3673.0,710.0
0.8317972453499602,0.6907694529999999,0.021906046499999998,0.2962287355,3673.0,710.0
0.8392863297312574,0.892493681,0.024301313,0.273895497,3673.0,710.0
0.8422322359781684,0.957095657,0.0370461365,0.2454644345,3673.0,710.0
0.8455894003649118,0.853836543,0.057391567500000004,0.26656859600000005,3673.0,710.0
0.8431933523530389,0.64281037,0.081426248,0.281595749,3673.0,710.0
0.8331996342009215,0.290851993,0.114726392,0.24111106050000003,3673.0,710.0
0.8057127187864178,0.0,0.13766319,0.17893783,3673.0,710.0
0.7281524671202566,0.0,0.117242311,0.1527378345,3673.0,710.0
0.6508161294505994,0.0,0.099729643,0.1227589265,3673.0,710.0
0.6337390834127836,0.0,0.089242689,0.10786706700000001,3673.0,710.0
0.6664948135421542,0.0,0.07858970400000001,0.1145476555,3673.0,710.0
0.7565796151586701,0.0,0.07335822850000001,0.1364253345,3673.0,710.0
0.8176134984210598,0.052141772,0.069314334,0.155622576,3673.0,710.0
0.8281001831449774,0.365014181,0.055102492,0.163294875,3673.0,710.0
0.830852611167012,0.667941413,0.045249696000000006,0.15335460699999998,3673.0,710.0
0.8377930547571308,0.903847163,0.0585498425,0.13817032550000002,3673.0,710.0
0.8436335946718303,0.9028144954999999,0.0732498115,0.1745003805,3673.0,710.0
0.8468094084100473,0.6777569975,0.0959823675,0.22013216200000002,3673.0,710.0
0.8333790650403781,0.26021115650000004,0.1263778305,0.217836886,3673.0,710.0
0.806143643152134,0.0,0.1544201415,0.23414093200000002,3673.0,710.0
0.7602925977771113,0.0,0.142868569,0.234418566,3673.0,710.0
0.6648407204878569,0.0,0.113856886,0.2493425325,3673.0,710.0
0.611650639265964,0.0,0.0924749715,0.2608666085,3673.0,710.0
0.6123902375478572,0.0,0.09293166366666668,0.2891748613333333,3673.0,710.0
0.6336224205351368,0.0,0.1026751875,0.3732493575,3673.0,710.0
0.6726993893127795,0.045105805,0.110014197,0.402836415,3673.0,710.0
0.7054677619347155,0.44310038650000005,0.09377261049999999,0.4435607595,3673.0,710.0
0.7108886622705265,0.720873006,0.115980168,0.456985044,3673.0,710.0
0.7139654425141145,0.856130037,0.20907979799999998,0.500901959,3673.0,710.0
0.7183635821513907,0.835834278,0.314676822,0.5818752075,3673.0,710.0
0.7248940084360527,0.6114314515,0.371355145,0.6369411764999999,3673.0,710.0
0.7258165415053974,0.22634461449999999,0.373449256,0.63629786,3673.0,710.0
0.7203027417565053,0.0,0.378991364,0.6087537704999999,3673.0,710.0
0.6975256521553157,0.0,0.3519143525,0.603661752,3673.0,710.0
0.6360719420274773,0.0,0.334274428,0.574545366,3673.0,710.0
0.6058707603798781,0.0,0.34057847799999996,0.5888018135,3673.0,710.0
0.6167065203695812,0.0,0.319683023,0.545315576,3673.0,710.0
0.6334086206626324,0.0,0.304077616,0.5166015644999999,3673.0,710.0
0.674511022770006,0.042021714,0.299491208,0.528779256,3673.0,710.0
0.7112508952699612,0.3308191,0.282485483,0.508867925,3673.0,710.0
0.7119959640899511,0.539811804,0.309972795,0.498457158,3673.0,710.0
0.708702691465597,0.7298734225,0.27477667400000005,0.4000777325,3673.0,710.0
0.7077294710673265,0.829507142,0.2896982945,0.3953984205,3673.0,710.0
0.7108758791912152,0.7317945375,0.31094114650000004,0.4631691005,3673.0,710.0
0.7208740455209682,0.554663864,0.317794411,0.554663497,3673.0,710.0
0.7231448619295782,0.2413162915,0.3237714405,0.598406507,3673.0,710.0
0.7208951632583038,0.0,0.34751915099999997,0.5593501705,3673.0,710.0
0.6970227589085107,0.0,0.3109431695,0.425904212,3673.0,710.0
0.6489490558415867,0.0,0.26346495999999997,0.3315507215,3673.0,710.0
0.6338264106852152,0.0,0.2223144295,0.278202474,3673.0,710.0
0.6678599068654311,0.0,0.201155876,0.25089148,3673.0,710.0
0.7595718775906671,0.0,0.1943830475,0.237366986,3673.0,710.0
0.8305047531826522,0.14495835699999998,0.17481213699999998,0.2169301555,3673.0,710.0
0.8289571621009704,0.5115914535,0.140716522,0.16092528849999999,3673.0,710.0
0.8287826009557362,0.6941176609999999,0.11290402299999999,0.1359362665,3673.0,710.0
0.8281108590474411,0.690210569,0.110481726,0.2553021305,3673.0,710.0
0.8277231535326639,0.580854046,0.1196549,0.373501904,3673.0,710.0
0.8287249601462565,0.38886762399999997,0.1267684555,0.39519126699999996,3673.0,710.0
0.8224721787966738,0.046614188,0.16128355049999998,0.428591517,3673.0,710.0
0.7724667379028074,0.0,0.1820360035,0.414826558,3673.0,710.0
0.6730301563832872,0.0,0.152823561,0.349300675,3673.0,710.0
0.6364399813163708,0.0,0.15852403199999998,0.3347369565,3673.0,710.0
0.6416239971273718,0.0,0.15760674149999998,0.310772125,3673.0,710.0
0.6850351669176526,0.0,0.158227795,0.303761664,3673.0,710.0
0.7576250855303042,0.0,0.1496007975,0.272259086,3673.0,710.0
0.8260754987990537,0.1518092325,0.123444249,0.2307193665,3673.0,710.0
0.8286204015356607,0.486371447,0.094645962,0.212213773,3673.0,710.0
0.828932298307558,0.679939117,0.114541953,0.223532732,3673.0,710.0
0.829707756199361,0.7499892969999999,0.13958640849999998,0.298808426,3673.0,710.0
0.8302953547879689,0.6301670505,0.16832832949999998,0.3995343725,3673.0,710.0
0.8292345026344763,0.3567590585,0.18572859149999998,0.435122888,3673.0,710.0
0.8226288999630311,0.0365894065,0.220591054,0.44290166350000004,3673.0,710.0
0.7722716911326832,0.0,0.23903046700000002,0.360283759,3673.0,710.0
0.6732398357890281,0.0,0.1926931215,0.223144692,3673.0,710.0
0.6364456471003004,0.0,0.18111460899999998,0.2075134165,3673.0,710.0
0.6412706608080767,0.0,0.15243928,0.17789016800000002,3673.0,710.0
0.7065037270667139,0.0,0.14865833350000002,0.17977027099999998,3673.0,710.0
0.8005639616602351,0.0073399385,0.1491947245,0.198526757,3673.0,710.0
0.8291049396437222,0.216117459,0.134405658,0.215481816,3673.0,710.0
0.82856037270071,0.353434676,0.141263315,0.231410125,3673.0,710.0
0.8283999525029588,0.5189925375,0.2013296605,0.2635751245,3673.0,710.0
0.8280700750842217,0.6168576475,0.301073553,0.3075710675,3673.0,710.0
0.8275814631279942,0.557540646,0.32568474300000005,0.2411567405,3673.0,710.0
0.8291587876973106,0.342824118,0.305385561,0.222979373,3673.0,710.0
0.826779549507015,0.137571873,0.2616935435,0.286063953,3673.0,710.0
0.8039185975971961,0.0,0.2872685955,0.340529356,3673.0,710.0
0.7229295636833732,0.0,0.3363635915,0.4008003235,3673.0,710.0
0.6506128650562469,0.0,0.342731882,0.5208565615,3673.0,710.0
0.6344732655720162,0.0,0.356412594,0.569003959,3673.0,710.0
0.6667780773176974,0.0,0.3536281965,0.5407010265000001,3673.0,710.0
0.755996605415661,0.0,0.349613483,0.3205932185,3673.0,710.0
0.8167482783691055,0.017529499,0.32874067,0.294076155,3673.0,710.0
0.8282857479847645,0.1448504015,0.323051034,0.3507468405,3673.0,710.0
0.8290949192442199,0.311776182,0.354775515,0.39352929950000004,3673.0,710.0
0.8291783602799141,0.398953639,0.418344641,0.456174509,3673.0,710.0
0.8290133513177812,0.3570949505,0.3948408855,0.3990841515,3673.0,710.0
0.8301596110158524,0.256432539,0.364146003,0.363841099,3673.0,710.0
0.8286366962785886,0.18021155,0.317438504,0.339407685,3673.0,710.0
0.8234119900664313,0.0178619205,0.2803167905,0.3626628575,3673.0,710.0
0.7724073177897866,0.0,0.2698489255,0.3918533865,3673.0,710.0
0.6902158114081318,0.0,0.273073362,0.399223854,3673.0,710.0
0.651586717566963,0.0,0.269149543,0.3952947615,3673.0,710.0
0.637066935828479,0.0,0.2458101585,0.36276761550000003,3673.0,710.0
0.6673164870322972,0.0,0.2249632155,0.3680907655,3673.0,710.0
0.7559998831741197,0.0,0.213083338,0.3810094165,3673.0,710.0
0.8224437564773963,0.1120093875,0.20108698349999998,0.3953691885,3673.0,710.0
0.829221344982044,0.387694045,0.203715935,0.393467327,3673.0,710.0
0.8304915955302199,0.572445317,0.198306165,0.379987806,3673.0,710.0
0.8316278816910376,0.7082496524999999,0.254503393,0.42124665,3673.0,710.0
0.8317441466050477,0.653419483,0.269707659,0.447517897,3673.0,710.0
0.8317785155568787,0.519341719,0.238609682,0.446220859,3673.0,710.0
0.8311910575550167,0.34252684,0.203214283,0.424018626,3673.0,710.0
0.8237782500517836,0.015554923,0.18327395000000002,0.44091113800000004,3673.0,710.0
0.7744454874177973,0.0,0.161138893,0.453647147,3673.0,710.0
0.6701735909423749,0.0,0.15475947,0.41354142699999996,3673.0,710.0
0.6173919818712068,0.0,0.1622707385,0.4412650575,3673.0,710.0
0.6088414601674371,0.0,0.1837396495,0.4666528295,3673.0,710.0
0.6248756813171976,0.0,0.202382763,0.482840353,3673.0,710.0
0.6512400301642143,0.006682269,0.1997399125,0.46822085,3673.0,710.0
0.7054503900910226,0.321324442,0.167124702,0.439137448,3673.0,710.0
0.7096379842237371,0.597077709,0.147075853,0.398387528,3673.0,710.0
0.7114445139191494,0.757744726,0.192222419,0.429424845,3673.0,710.0
0.7111431290724542,0.7625515034999999,0.258022421,0.4347477105,3673.0,710.0
0.7211110703076558,0.5458479470000001,0.328014535,0.433771629,3673.0,710.0
0.7248761917664744,0.1644502605,0.3523344905,0.5473066635,3673.0,710.0
0.7203225953501666,0.0,0.445105906,0.5690303594999999,3673.0,710.0
0.6946284900377446,0.0,0.520287663,0.6150933615,3673.0,710.0
0.6310279777419165,0.0,0.5802113630000001,0.5889600685,3673.0,710.0
0.6082575059782084,0.0,0.611721191,0.5204032253333333,3673.0,710.0
0.6249054148048324,0.0,0.6092260755,0.6806773635,3673.0,710.0
0.6512698572951292,0.0050228365,0.567245527,0.7354468775,3673.0,710.0
0.7018940817766901,0.145599401,0.534379264,0.771857187,3673.0,710.0
0.7088541448116612,0.315411945,0.5377135985,0.7750602289999999,3673.0,710.0
0.7083313511089461,0.4505699145,0.5285357289999999,0.7658718245,3673.0,710.0
0.7074670908803097,0.4469809775,0.5531726365,0.7769980405,3673.0,710.0
0.7173289750499979,0.325838554,0.5286419229999999,0.6772489355,3673.0,710.0
0.7234241925249185,0.11095860499999999,0.4229032545,0.5702232275,3673.0,710.0
0.7218586910491613,0.0,0.3713810955,0.525479793,3673.0,710.0
0.6970896708900338,0.0,0.37133095650000003,0.474552171,3673.0,710.0
0.6490247239977208,0.0,0.382265545,0.45616400749999997,3673.0,710.0
0.6337342838901086,0.0,0.392073319,0.478109221,3673.0,710.0
0.6664948135421542,0.0,0.3747408935,0.5142314735,3673.0,710.0
0.7565796151586701,0.0,0.36188339150000004,0.554753097,3673.0,710.0
0.8186803440693543,0.011626866,0.336378448,0.552431539,3673.0,710.0
0.8308214261679254,0.226602831,0.301126828,0.48897828200000004,3673.0,710.0
0.8287847548323981,0.370094498,0.298201369,0.33592392,3673.0,710.0
0.828057572934751,0.42305485249999997,0.3034723785,0.32220754949999997,3673.0,710.0
0.82680745682886,0.3831983245,0.259025049,0.360299146,3673.0,710.0
0.8269412807106894,0.301527704,0.207211691,0.421308851,3673.0,710.0
0.8284147489534033,0.1628979975,0.159361953,0.472950273,3673.0,710.0
0.8235201074465434,0.0059869915,0.1161666395,0.4250805615,3673.0,710.0
0.7722314689479282,0.0,0.08807757399999999,0.310493749,3673.0,710.0
0.6874135623184262,0.0,0.05714273,0.172735685,3673.0,710.0
0.6490247239977208,0.0,0.0444872615,0.12494962750000001,3673.0,710.0
0.6337342838901086,0.0,0.0334227215,0.07388428799999999,3673.0,710.0
0.6666010579754449,0.0,0.036810094,0.062450908,3673.0,710.0
0.7573111050532925,0.0,0.046917966500000005,0.0768994805,3673.0,710.0
0.825771702455155,0.101350099,0.0545762235,0.091539754,3673.0,710.0
0.8285472618293095,0.4600584245,0.049603557500000006,0.07430879200000001,3673.0,710.0
0.8287191071569834,0.6679005010000001,0.066372039,0.0859504545,3673.0,710.0
0.8281660181069523,0.5141487015,0.07519641699999999,0.1412724935,3673.0,710.0
0.8278475189558893,0.333107936,0.080259919,0.181925995,3673.0,710.0
0.8287415828437077,0.189892991,0.0781804905,0.18571873849999998,3673.0,710.0
0.82251539772883,0.0083283875,0.089824926,0.1736653535,3673.0,710.0
0.7723632092058599,0.0,0.0838104395,0.15568058,3673.0,710.0
0.6730301563832872,0.0,0.0633539145,0.11783792400000001,3673.0,710.0
0.6364795478357304,0.0,0.056270772999999996,0.125347001,3673.0,710.0
0.6416829958050232,0.0,0.051068680500000005,0.1213512045,3673.0,710.0
0.6849582345366271,0.0,0.048068264,0.11365197,3673.0,710.0
0.7580676457842364,0.0,0.047139683,0.1041947945,3673.0,710.0
0.8263646858978517,0.14487864550000001,0.0410640055,0.085457585,3673.0,710.0
0.8287958053892,0.465119061,0.02312801,0.066061881,3673.0,710.0
0.8285510545852008,0.708912523,0.025249021,0.0851210705,3673.0,710.0
0.8284773063193538,0.797898296,0.0487663115,0.0987475695,3673.0,710.0
0.8279344249553855,0.556351902,0.0772203145,0.18812967400000002,3673.0,710.0
0.8284431244916493,0.259192393,0.105425994,0.28462935050000004,3673.0,710.0
0.8224569141298284,0.0065916415,0.11174965349999999,0.325011939,3673.0,710.0
0.7723516670421413,0.0,0.0990602955,0.298700792,3673.0,710.0
0.6731863155275291,0.0,0.11112256549999999,0.32921212899999996,3673.0,710.0
0.6393275912508407,0.0,0.126412742,0.427457088,3673.0,710.0
0.6337342838901086,0.0,0.144109794,0.4895656515,3673.0,710.0
0.6663671001889228,0.0,0.1758932175,0.49800108899999995,3673.0,710.0
0.7563019000520435,0.0,0.2244231955,0.506767447,3673.0,710.0
0.818017124186861,0.006270496,0.263591601,0.51017107,3673.0,710.0
0.8290611589331018,0.1525932225,0.2768876095,0.461985789,3673.0,710.0
0.8284045413485575,0.322483149,0.260067738,0.35169198,3673.0,710.0
0.8282560144971298,0.409989419,0.327466943,0.3396764075,3673.0,710.0
0.8275202637114323,0.4063315785,0.382655243,0.396493696,3673.0,710.0
0.8275047648957777,0.331385615,0.402011758,0.384189535,3673.0,710.0
0.8279876173435783,0.186245258,0.3686972785,0.3411402335,3673.0,710.0
0.8224527468008163,0.005452655,0.3404019465,0.313604726,3673.0,710.0
0.7722614365843719,0.0,0.330823922,0.339622107,3673.0,710.0
0.6885348178799904,0.0,0.319542576,0.334301077,3673.0,710.0
0.6496893720011501,0.0,0.3239335125,0.335220587,3673.0,710.0
0.6346396792645694,0.0,0.351751096,0.3596278215,3673.0,710.0
0.6669644382471922,0.0,0.3645203925,0.34211654849999995,3673.0,710.0
0.755996605415661,0.0,0.347693084,0.3133640645,3673.0,710.0
0.8167521179872455,0.003964152,0.330637372,0.320779212,3673.0,710.0
0.8281117955614603,0.113619438,0.309978623,0.327660434,3673.0,710.0
0.8283846409738647,0.2906341505,0.2829003255,0.313424312,3673.0,710.0
0.8283778514705724,0.4166418465,0.339028825,0.29600800250000003,3673.0,710.0
0.8277562114785717,0.45515278800000003,0.376021865,0.3364510255,3673.0,710.0
0.828015431022143,0.32308446300000004,0.363112031,0.359245752,3673.0,710.0
0.8277881457051172,0.164348656,0.331103152,0.362699637,3673.0,710.0
0.8225396527190953,0.005036534,0.324893597,0.353074182,3673.0,710.0
0.7722778016612812,0.0,0.31111425950000005,0.3287178835,3673.0,710.0
0.6727137174656057,0.0,0.28595898,0.301465301,3673.0,710.0
0.6290608404809754,0.0,0.29451167,0.282011691,3673.0,710.0
0.6054031257366743,0.0,0.30850269750000003,0.29780188350000003,3673.0,710.0
0.6169706096885917,0.0,0.3049316435,0.280840115,3673.0,710.0
0.6323871477419389,0.0,0.297947083,0.26566903399999997,3673.0,710.0
0.6675090988334846,0.003593087,0.31297684,0.314241709,3673.0,710.0
0.7053340551678993,0.21534255749999998,0.336045561,0.4016959395,3673.0,710.0
0.709336014045628,0.4295035975,0.387152288,0.4155518035,3673.0,710.0
0.7079495454456906,0.4932855695,0.41501151049999996,0.437228546,3673.0,710.0
0.70808528913659,0.436750023,0.411956505,0.486397903,3673.0,710.0
0.7177573474129815,0.3017139555,0.386416828,0.49992485249999996,3673.0,710.0
0.7231457048003171,0.08793996550000001,0.367163647,0.4705338435,3673.0,710.0
0.7195767773027181,0.0,0.3711894435,0.49523759850000004,3673.0,710.0
0.6883366103852036,0.0,0.38400013850000003,0.5257033664999999,3673.0,710.0
0.6405808446908785,0.0,0.357531065,0.493915757,3673.0,710.0
0.6108622579517549,0.0,0.34007027300000003,0.3939923715,3673.0,710.0
0.6077018026048806,0.0,0.31898052450000003,0.308647421,3673.0,710.0
0.6248142946952924,0.0,0.303365789,0.354645694,3673.0,710.0
0.6548194462777168,0.0022712075,0.27774531950000003,0.3726529205,3673.0,710.0
0.7058521897722511,0.238550484,0.238867386,0.3129988065,3673.0,710.0
0.7091682424036859,0.47585987,0.187347007,0.190026396,3673.0,710.0
0.7088310837935227,0.6265129465,0.1843303275,0.1911561545,3673.0,710.0
0.7080179791914301,0.6483007885000001,0.1540227205,0.211813788,3673.0,710.0
0.7180906430957061,0.4721924235,0.1408747875,0.2497858215,3673.0,710.0
0.7229787057763498,0.235439902,0.112971723,0.229345159,3673.0,710.0
0.7226421324976007,0.00472567,0.105265308,0.1989679325,3673.0,710.0
0.711406352048993,0.0,0.103801402,0.167995798,3673.0,710.0
0.6877281282080692,0.0,0.100379582,0.154693065,3673.0,710.0
0.6490432196419933,0.0,0.102029995,0.22546796949999998,3673.0,710.0
0.6337342838901086,0.0,0.1117035435,0.249104479,3673.0,710.0
0.6670802113918515,0.0,0.129642327,0.211233208,3673.0,710.0
0.7575422299072412,0.0,0.1504876885,0.21273173750000002,3673.0,710.0
0.8205975197570957,0.005870818,0.162906202,0.223201835,3673.0,710.0
0.8295610087326916,0.246389536,0.157865447,0.224849521,3673.0,710.0
0.8282376592771691,0.46338281,0.139770787,0.227485446,3673.0,710.0
0.8299323725610752,0.7233104225,0.1308186205,0.283659,3673.0,710.0
0.8316499359423923,0.839172432,0.1690683235,0.3384938885,3673.0,710.0
0.8316781242752951,0.677537222,0.2046526105,0.350368774,3673.0,710.0
0.8303575375807986,0.389067107,0.232850141,0.3797662865,3673.0,710.0
0.8229059126232308,0.003981268,0.274398329,0.3842420405,3673.0,710.0
0.7722614365843719,0.0,0.29005359500000005,0.34463442499999997,3673.0,710.0
0.6883337541433314,0.0,0.25995293,0.286780591,3673.0,710.0
0.6491068070840262,0.0,0.2482301165,0.327569526,3673.0,710.0
0.6337342838901086,0.0,0.236584725,0.43018706149999997,3673.0,710.0
0.6666010579754449,0.0,0.2305832065,0.497930619,3673.0,710.0
0.729264591934089,0.0,0.231873162,0.488237614,3673.0,710.0
0.8014890466510957,0.0024074145,0.218777217,0.44522605699999995,3673.0,710.0
0.8294638950471325,0.2984397835,0.1657184295,0.47024805049999996,3673.0,710.0
0.828750666810408,0.6318386725,0.09955512,0.46347127200000005,3673.0,710.0
0.8296894010606173,0.746130682,0.09526892949999999,0.4359655495,3673.0,710.0
0.8310557351370527,0.650701254,0.0978758765,0.399415886,3673.0,710.0
0.830239774293088,0.365892631,0.0970340905,0.36006333,3673.0,710.0
0.822684480376695,0.0031873765,0.1166528345,0.3769170705,3673.0,710.0
0.7722676408374671,0.0,0.12147527550000001,0.374212898,3673.0,710.0
0.6730713852536089,0.0,0.1076947245,0.3356920025,3673.0,710.0
0.6364399813163708,0.0,0.1085251705,0.3283332405,3673.0,710.0
0.6418624266444797,0.0,0.110818434,0.2689296915,3673.0,710.0
0.7084423013404144,0.0,0.11501836900000001,0.2436934,3673.0,710.0
0.8056277326772086,0.0025949245,0.11889191900000001,0.233004922,3673.0,710.0
0.8304349849592567,0.40468212000000003,0.09442579000000001,0.226443811,3673.0,710.0
0.8287993639962821,0.714687802,0.063227126,0.213697736,3673.0,710.0
0.8312958035333898,0.8779041439999999,0.0642827815,0.227187598,3673.0,710.0
0.8346393889135488,0.8773842285,0.07534288,0.226384598,3673.0,710.0
0.8350126724697855,0.726285656,0.082883214,0.263307991,3673.0,710.0
0.8337254715132862,0.4488411065,0.09730762100000001,0.312271768,3673.0,710.0
0.8230035413874394,0.003722845,0.121151704,0.322358725,3673.0,710.0
0.7722442051649907,0.0,0.1232924065,0.31385797849999997,3673.0,710.0
0.6874135623184262,0.0,0.11477383,0.262802417,3673.0,710.0
0.6490247239977208,0.0,0.10322924650000001,0.2200676955,3673.0,710.0
0.6337467157055978,0.0,0.0770828485,0.1809600925,3673.0,710.0
0.6678114435847147,0.0,0.058135144,0.1623371635,3673.0,710.0
0.7592492578916235,0.0,0.0477544565,0.1622246765,3673.0,710.0
0.8302950270770966,0.1700262145,0.04014993,0.16307880000000002,3673.0,710.0
0.828739756677918,0.655527696,0.01854976,0.1456779855,3673.0,710.0
0.8303213891629925,0.8835669319999999,0.0150738225,0.15723014200000002,3673.0,710.0
0.8310173391993043,0.883271895,0.020519319,0.1891201475,3673.0,710.0
0.8309022449481226,0.726784683,0.02325642,0.185497747,3673.0,710.0
0.8299310146116865,0.42942304249999996,0.031247907499999998,0.17088034600000002,3673.0,710.0
0.82251539772883,0.002785256,0.035628259999999995,0.142101368,3673.0,710.0
0.7723516202611098,0.0,0.025752341999999998,0.092646089,3673.0,710.0
0.6877281282080692,0.0,0.021608052,0.066805656,3673.0,710.0
0.6490247239977208,0.0,0.019770818,0.0590471995,3673.0,710.0
0.6336981822533341,0.0,0.0198022345,0.066456381,3673.0,710.0
0.6677326616473837,0.0,0.0208591905,0.0497332245,3673.0,710.0
0.7314560644644694,0.0,0.020805613,0.048659152,3673.0,710.0
0.8057211003879079,0.001760846,0.0227465525,0.056689477,3673.0,710.0
0.8324155607212536,0.171955593,0.023885629,0.07989022,3673.0,710.0
0.8282392513753669,0.352719323,0.023165725499999998,0.1148790895,3673.0,710.0
0.8277875838454358,0.3783029605,0.054997290000000004,0.18646560099999998,3673.0,710.0
0.8271567195436402,0.25261189500000003,0.07552933,0.20996276200000002,3673.0,710.0
0.8278107150351215,0.10186246900000001,0.0938726875,0.346974188,3673.0,710.0
0.8230896513784454,0.0019015985,0.1224765565,0.3733354995,3673.0,710.0
0.7722977955980372,0.0,0.1476125515,0.33047259149999997,3673.0,710.0
0.6560433173315079,0.0,0.17015700099999997,0.4176910245,3673.0,710.0
0.608480124508322,0.0,0.20483497933333336,0.46151466700000005,3673.0,710.0
0.6169087079068197,0.0,0.27700221,0.4496822675,3673.0,710.0
0.6338017343407973,0.0,0.3580994555,0.5179413184999999,3673.0,710.0
0.674782978611857,0.00103713,0.376493104,0.46577743,3673.0,710.0
0.7166225830975972,0.081364829,0.363075714,0.431928484,3673.0,710.0
0.7262974743065621,0.183677172,0.369240915,0.456247375,3673.0,710.0
0.7246539869019641,0.304828196,0.3336971505,0.48053546950000003,3673.0,710.0
0.7285080745936608,0.440776866,0.477958046,0.593519081,3673.0,710.0
0.7388439848649914,0.444223071,0.590469685,0.6749594784999999,3673.0,710.0
0.7650183907849153,0.24782424000000003,0.5647658874999999,0.6113252945000001,3673.0,710.0
0.7616921303862005,0.00244218,0.49403232399999997,0.6305238635,3673.0,710.0
0.727951005419961,0.0,0.43994673500000003,0.6227490925,3673.0,710.0
0.6776766289033774,0.0,0.384652796,0.651899378,3673.0,710.0
0.635892019581104,0.0,0.3757897045,0.6447507275,3673.0,710.0
0.6206521730779202,0.0,0.37312981,0.6166833414999999,3673.0,710.0
0.6200396405243526,0.0,0.3855159105,0.6125492100000001,3673.0,710.0
0.6397404882699025,0.0,0.38254420899999997,0.662787792,3673.0,710.0
0.6530579849895491,0.001755605,0.393418425,0.698944724,3673.0,710.0
0.6912972663827445,0.169891111,0.38654866,0.68251266,3673.0,710.0
0.7369237422583018,0.338732268,0.437128251,0.647485016,3673.0,710.0
0.7474689573622524,0.503417759,0.370618328,0.5503527859999999,3673.0,710.0
0.7432339068780391,0.6157893860000001,0.440771974,0.5131818969999999,3673.0,710.0
0.7410963524103602,0.534091354,0.495628271,0.5961798254999999,3673.0,710.0
0.7688399823091682,0.28011683,0.4984194635,0.646338131,3673.0,710.0
0.7777787949403463,0.0020356955,0.461805042,0.690929729,3673.0,710.0
0.7466236609942896,0.0,0.47381553600000004,0.736164185,3673.0,710.0
0.7031146284534251,0.0,0.45229087700000004,0.789111653,3673.0,710.0
0.6526074880412293,0.0,0.48624785766666667,0.777858592,3673.0,710.0
0.6512067379882802,0.0,0.5058651265,0.7233151595,3673.0,710.0
0.7180805056624078,0.0,0.54240153,0.711653733,3673.0,710.0
0.8040579468386433,0.001773958,0.554784781,0.691910298,3673.0,710.0
0.8516185018667994,0.3141771215,0.5207656845,0.6086729465,3673.0,710.0
0.8509886678035204,0.575917187,0.53957933,0.546798141,3673.0,710.0
0.8449752055415991,0.708033426,0.6381363840000001,0.591594144,3673.0,710.0
0.8401828752878271,0.6965950825,0.7126046264999999,0.681094061,3673.0,710.0
0.8410642497396144,0.437983846,0.7003393474999999,0.652614488,3673.0,710.0
0.8547059581482133,0.066756361,0.5641935123333334,0.6260320316666667,3673.0,710.0
0.8063491551476458,0.0,0.5313904014999999,0.603208231,3673.0,710.0
0.7202109660627867,0.0,0.5471604050000001,0.5973549475,3673.0,710.0
0.6529729520180912,0.0,0.522565786,0.567313116,3673.0,710.0
0.6392313672982692,0.0,0.48935911899999995,0.601895351,3673.0,710.0
0.6749516632148682,0.0,0.4517001935,0.685487728,3673.0,710.0
0.7697221996316945,0.0006637975,0.406047567,0.6919457185,3673.0,710.0
0.8461988191372826,0.091800093,0.38692378299999997,0.6396357925,3673.0,710.0
0.8497157013565673,0.184774656,0.338918173,0.551807213,3673.0,710.0
0.8448018618402248,0.2261645525,0.363410391,0.5578171160000001,3673.0,710.0
0.8433775123811889,0.23419334949999998,0.39598746,0.5677702805,3673.0,710.0
0.847556771693445,0.15151979599999998,0.4066324435,0.5777441285,3673.0,710.0
0.8563029021894542,0.0389363495,0.387598846,0.5850822325,3673.0,710.0
0.8365110512869433,0.0,0.36132624,0.582836065,3673.0,710.0
0.7665287565104597,0.0,0.35222223750000003,0.5619069555,3673.0,710.0
0.6752102974270253,0.0,0.345811483,0.5008471205,3673.0,710.0
0.6383352899581005,0.0,0.329411543,0.517168324,3673.0,710.0
0.6437121518815323,0.0,0.3156559035,0.4504917185,3673.0,710.0
0.6876533964847372,0.0,0.291879046,0.382371212,3673.0,710.0
0.7619626345541655,0.0,0.27517243150000004,0.35128659549999997,3673.0,710.0
0.839337836459189,0.1403247005,0.270355961,0.349787008,3673.0,710.0
0.8453121534746862,0.254967483,0.239578109,0.333453454,3673.0,710.0
0.8439520000983962,0.288817564,0.27453826150000005,0.3401929675,3673.0,710.0
0.8386382340100806,0.24530558,0.312122137,0.468108162,3673.0,710.0
0.8403666608240732,0.204547647,0.304231782,0.518058952,3673.0,710.0
0.8523003578990942,0.104861755,0.252924664,0.45760513199999997,3673.0,710.0
0.850123354027069,0.0012542165,0.18541520649999998,0.5157332815,3673.0,710.0
0.8051458165809932,0.0,0.1434794195,0.4925903,3673.0,710.0
0.7472759474349941,0.0,0.109115082,0.429755188,3673.0,710.0
0.6990326467227727,0.0,0.09725947,0.4025355095,4758.0,919.5
0.6584447034976555,0.0,0.10383224699999999,0.3878334835,5843.0,1129.0
0.6687500374918294,0.0,0.11885069300000001,0.371623541,5843.0,1129.0
0.7337630059003697,0.0,0.135008272,0.412378734,5843.0,1129.0
0.8285503054389591,0.0006623805,0.136875077,0.4678956615,5843.0,1129.0
0.8753994583961806,0.27702741,0.105174412,0.430882714,5843.0,1129.0
0.852813599418708,0.542600563,0.07856796,0.347428858,5843.0,1129.0
0.8450587401393566,0.69489824,0.1029625255,0.3549758785,5843.0,1129.0
0.840830455849137,0.6146758285,0.158846371,0.3200137165,5843.0,1129.0
0.8428277478706481,0.35624790500000003,0.19915300000000002,0.352094582,5843.0,1129.0
0.853385137250763,0.159175902,0.185092653,0.338962974,5843.0,1129.0
0.8599411062223148,0.001492444,0.1941929755,0.316270483,5843.0,1129.0
0.8462016285169061,0.0,0.19835178,0.332368361,5843.0,1129.0
0.7852673407712607,0.0,0.219019721,0.37769012550000003,5843.0,1129.0
0.695210282499328,0.0,0.2562180005,0.47405902,5843.0,1129.0
0.6525677108447936,0.0,0.2742344195,0.5321700705000001,5843.0,1129.0
0.6618249522930533,0.0,0.27328594,0.43455260100000004,5843.0,1129.0
0.7252747839420087,0.0,0.258162364,0.324000502,5843.0,1129.0
0.8101861286161915,0.0,0.247479267,0.2797498315,5843.0,1129.0
0.8518515466110353,0.103391912,0.2209075425,0.228680918,5843.0,1129.0
0.840618622485517,0.24641035500000003,0.2496533285,0.269753856,5843.0,1129.0
0.8361947997370394,0.38513891349999996,0.32134452550000003,0.2982429845,5843.0,1129.0
0.8354491221951196,0.3167419415,0.3239490485,0.30233482300000003,5843.0,1129.0
0.8384428360573515,0.216682626,0.292550988,0.31180743,5843.0,1129.0
0.8495116409537244,0.06531199900000001,0.29538304849999997,0.3230981,5843.0,1129.0
0.8444140159011357,0.0,0.28460112800000004,0.352075466,5843.0,1129.0
0.7877541811818016,0.0,0.24950860549999998,0.340899877,5843.0,1129.0
0.67582987702321,0.0,0.22410656099999998,0.335985802,5843.0,1129.0
0.6281502944824517,0.0,0.21164230950000001,0.29610042000000003,5843.0,1129.0
0.6296781256949695,0.0,0.1933351605,0.2377730575,5843.0,1129.0
0.6594657549017624,0.0,0.1699974245,0.2072889895,5843.0,1129.0
0.7179083325426445,0.105915822,0.1419919975,0.20654786,5843.0,1129.0
0.7519991884400654,0.5035550025,0.0779561895,0.13915518500000001,5843.0,1129.0
0.735835732010423,0.7794825439999999,0.048468487500000004,0.08649877950000001,5843.0,1129.0
0.7250568634403067,0.8226574170000001,0.050411631,0.092335603,5843.0,1129.0
0.7248443745737251,0.686894217,0.054480709,0.103915339,5843.0,1129.0
0.7483281136666404,0.3882230245,0.055247642,0.0948319985,5843.0,1129.0
0.7750040705318025,0.0008596343333333333,0.06136132999999999,0.09118946733333333,5843.0,1129.0
0.7559500620252317,0.0,0.053202014500000006,0.09400886,5843.0,1129.0
0.6806353182295998,0.0,0.0516093245,0.0927016635,5843.0,1129.0
0.6333127243938609,0.0,0.052095109,0.10273106766666666,5843.0,1129.0
0.6494215134791981,0.0,0.0555481265,0.12850005,5843.0,1129.0
0.6817041305492129,0.0,0.0669802835,0.157263922,5843.0,1129.0
0.743830729857659,0.290565175,0.07435843049999999,0.225182085,5843.0,1129.0
0.7412939277114843,0.5557113605,0.08540299400000001,0.26678589799999997,5843.0,1129.0
0.7248913393995239,0.67292938,0.1538259985,0.2819501475,5843.0,1129.0
0.7239655052624218,0.53916889,0.233808291,0.336236979,5843.0,1129.0
0.7359515754078465,0.324586143,0.283219704,0.412160791,5843.0,1129.0
0.7581869073644304,0.067165476,0.331928396,0.410603826,5843.0,1129.0
0.7629098440491451,0.0,0.37373560299999997,0.444691528,5843.0,1129.0
0.7484846942462517,0.0,0.38445207000000003,0.44256369549999997,5843.0,1129.0
0.6939528617302779,0.0,0.4088060735,0.45346128399999996,5843.0,1129.0
0.6521614160424636,0.0,0.44014512250000004,0.4485384525,5843.0,1129.0
0.6616111524205488,0.0,0.459041074,0.475003114,5843.0,1129.0
0.7266024411508553,0.0,0.476301563,0.508033942,5843.0,1129.0
0.8151429528346639,0.0,0.45140801249999996,0.548672095,5843.0,1129.0
0.8651239983139531,0.1272500755,0.433426296,0.584698277,5843.0,1129.0
0.8561676265525218,0.255932816,0.439339588,0.557357058,5843.0,1129.0
0.8513647607393805,0.3293052125,0.4811394765,0.6039735930000001,5843.0,1129.0
0.8513947283758243,0.37636794549999997,0.5464924705,0.6747666205,5843.0,1129.0
0.85381442273725,0.328150362,0.573355161,0.707107188,5843.0,1129.0
0.867083362695334,0.197274456,0.518953744,0.726488629,5843.0,1129.0
0.8717640637429435,0.001066497,0.5041837775,0.7352703075,5843.0,1129.0
0.8246083519244483,0.0,0.5300285570000001,0.6716873415,5843.0,1129.0
0.7408593979576542,0.0,0.5309604164999999,0.660302035,5843.0,1129.0
0.6687970023176282,0.0,0.49898370550000004,0.6480429194999999,5843.0,1129.0
0.6529155453574207,0.0,0.4678239255,0.615364244,5843.0,1129.0
0.7039965413743781,0.0,0.452306925,0.6196761705,5843.0,1129.0
0.8231238799871814,0.0,0.44040413450000004,0.6123914585,5843.0,1129.0
0.8697583902011594,0.15709992849999999,0.45001992700000004,0.49419359749999997,5843.0,1129.0
0.8537093489667875,0.296501982,0.451731333,0.482728207,5843.0,1129.0
0.8496013562516271,0.3841078105,0.49556281950000003,0.5278039109999999,5843.0,1129.0
0.8485910276122326,0.3222657835,0.49626697350000004,0.5437271935000001,5843.0,1129.0
0.8524976287986448,0.204580691,0.4773208175,0.583187815,5843.0,1129.0
0.8673572850460696,0.033359395,0.4679436305,0.6207018665,5843.0,1129.0
0.8558560106292481,0.0,0.491306782,0.624500531,5843.0,1129.0
0.8025727725361662,0.0,0.514729619,0.631908866,5843.0,1129.0
0.7396074322954578,0.0,0.5593971435,0.5482567985,5843.0,1129.0
0.6676197214352979,0.0,0.5771475555,0.621276088,5843.0,1129.0
0.6514455889407575,0.0,0.5648768445,0.656736502,5843.0,1129.0
0.7010436582563973,0.0,0.566282556,0.666796547,5843.0,1129.0
0.8138756521716404,0.0,0.514708013,0.6632159129999999,5843.0,1129.0
0.8588475238337863,0.1516956845,0.442779932,0.6373772395,5843.0,1129.0
0.8492863221455831,0.316729948,0.394471176,0.576267027,5843.0,1129.0
0.8435074030828151,0.4323463335,0.394269357,0.5382476270000001,5843.0,1129.0
0.8394330771167098,0.4492775505,0.352224789,0.508515152,5843.0,1129.0
0.8399695904127552,0.391893601,0.272727096,0.468672877,5843.0,1129.0
0.8492597727731268,0.231606227,0.1682764605,0.349679243,5843.0,1129.0
0.860472609237392,0.0008834135,0.10519249950000001,0.196100092,5843.0,1129.0
0.8254812979937141,0.0,0.0911428245,0.19073405799999998,5843.0,1129.0
0.7412237147434209,0.0,0.086459306,0.272857754,5843.0,1129.0
0.6694538306604658,0.0,0.083477039,0.3051864535,5843.0,1129.0
0.6534369344109325,0.0,0.11175177550000001,0.3536916055,5843.0,1129.0
0.703792012673917,0.0,0.15284296,0.3796667205,5843.0,1129.0
0.8208612344217683,0.0,0.2122429625,0.4247446065,5843.0,1129.0
0.862130799449154,0.1205045195,0.286537952,0.468665027,5843.0,1129.0
0.8518094047796443,0.235049578,0.333005186,0.487315959,5843.0,1129.0
0.8491266043942589,0.328164784,0.437023349,0.531902605,5843.0,1129.0
0.8472750296821179,0.302496079,0.4787223145,0.52289176,5843.0,1129.0
0.8478448817726948,0.254424732,0.477209794,0.516810406,5843.0,1129.0
0.8559481609773046,0.1351283755,0.464026751,0.518684023,5843.0,1129.0
0.8602501468335568,0.0011360205,0.4470921765,0.5480556865,5843.0,1129.0
0.824443623892156,0.0,0.4442174665,0.609229102,5843.0,1129.0
0.73920731827449,0.0,0.4350397295,0.607873105,5843.0,1129.0
0.6679691714366385,0.0,0.37978565,0.5123342595,5843.0,1129.0
0.6521202808154221,0.0,0.3675053575,0.5523274555,5843.0,1129.0
0.7016271362970243,0.0,0.36585301849999996,0.5583349885,5843.0,1129.0
0.8176652392978008,0.0,0.3633892095,0.5045036825,5843.0,1129.0
0.8641790832011644,0.256115937,0.37526788099999997,0.4761112755,5843.0,1129.0
0.849599342880494,0.517212315,0.437903268,0.522891585,5843.0,1129.0
0.8447474988704209,0.5974962255,0.487065477,0.5615434210000001,5843.0,1129.0
0.8453173040987492,0.451631934,0.510765691,0.5999756285,5843.0,1129.0
0.8547893054864825,0.20146220399999998,0.516099816,0.6517513195,5843.0,1129.0
0.8602631171182114,0.000776959,0.509088713,0.6747004755,5843.0,1129.0
0.8242117028672828,0.0,0.515322647,0.66586027,5843.0,1129.0
0.7306217016195123,0.0,0.522726646,0.6132440105,5843.0,1129.0
0.6442438655736857,0.0,0.5423409895,0.6175798315000001,5843.0,1129.0
0.6203136565995853,0.0,0.5506010705,0.566178211,5843.0,1129.0
0.6293119595153315,0.0,0.552342334,0.530725332,5843.0,1129.0
0.6508239725829239,0.0,0.558382936,0.4978563495,5843.0,1129.0
0.698384902184201,0.040347804,0.565122664,0.518681635,5843.0,1129.0
0.7409728767201225,0.23504740749999997,0.5729522570000001,0.505592409,5843.0,1129.0
0.7327657412701272,0.348997818,0.6429599589999999,0.4822567575,5843.0,1129.0
0.7278619690155357,0.30025852399999997,0.656811706,0.5170397790000001,5843.0,1129.0
0.735620550716797,0.21252298800000002,0.6045660715000001,0.5424953775000001,5843.0,1129.0
0.7617606577752202,0.045977299,0.5450599355,0.5628352845,5843.0,1129.0
0.7589927307750968,0.0,0.498755778,0.5435915415,5843.0,1129.0
0.7413585921730654,0.0,0.4843288485,0.586521041,5843.0,1129.0
0.6747045712476467,0.0,0.4710037905,0.6436742955,5843.0,1129.0
0.6253098600508569,0.0,0.44454801450000003,0.567190133,5843.0,1129.0
0.6238414723418757,0.0,0.427186962,0.497751683,5843.0,1129.0
0.6494137405996381,0.0,0.412639657,0.4679204885,5843.0,1129.0
0.6939489050783421,0.0438358805,0.38998322,0.459579982,5843.0,1129.0
0.7327866248586538,0.174267775,0.387192157,0.40781588,5843.0,1129.0
0.7268874140583923,0.329755882,0.341572025,0.39107245749999997,5843.0,1129.0
0.7228862277174211,0.403993158,0.372969216,0.35998403300000004,5843.0,1129.0
0.7239529328601868,0.3676218425,0.3597023105,0.2949930835,5843.0,1129.0
0.7488588441449602,0.193357565,0.3368703795,0.3159289505,5843.0,1129.0
0.7651530106752349,0.000972157,0.3281043935,0.28551788300000003,5843.0,1129.0
0.757925206152108,0.0,0.321108844,0.22601534350000002,5843.0,1129.0
0.7239230590294573,0.0,0.264520442,0.2419492935,5843.0,1129.0
0.6662208209386544,0.0,0.2356741,0.27567747600000003,5843.0,1129.0
0.6491643073067601,0.0,0.205321104,0.251921026,5843.0,1129.0
0.6987922036720975,0.0,0.165501915,0.216036745,5843.0,1129.0
0.8101985838221963,0.0,0.13605749150000002,0.1529278515,5843.0,1129.0
0.8564530208954284,0.147257507,0.109132551,0.112540455,5843.0,1129.0
0.8480355973177621,0.3670079465,0.0770785995,0.097596271,5843.0,1129.0
0.8424008035473836,0.45878661600000004,0.0873588895,0.10091289049999999,5843.0,1129.0
0.8394896877688899,0.38019648250000004,0.1033148045,0.0974607605,5843.0,1129.0
0.8469096125675045,0.15116759400000002,0.09754004,0.09482602949999999,5843.0,1129.0
0.850717742118969,0.0010398385,0.0933234355,0.10393260800000001,5843.0,1129.0
0.8230301844843929,0.0,0.0831933635,0.129190205,5843.0,1129.0
0.7406038307456626,0.0,0.072804427,0.1131441295,5843.0,1129.0
0.666383114083227,0.0,0.076819743,0.1196787715,5843.0,1129.0
0.6496938905939844,0.0,0.0882357685,0.129344878,5843.0,1129.0
0.699597067259446,0.0,0.105533326,0.142101173,5843.0,1129.0
0.8140915123587438,0.0,0.1236908905,0.151661137,5843.0,1129.0
0.8588007463757651,0.1920488795,0.1154467605,0.173651489,5843.0,1129.0
0.8429107673897558,0.5174237355,0.09269469550000001,0.1769319595,5843.0,1129.0
0.8367004088826218,0.675993438,0.1247379435,0.22191664449999998,5843.0,1129.0
0.8346795641548383,0.5718868945,0.14160319500000002,0.29391993,5843.0,1129.0
0.8415549687102553,0.2629601185,0.145856543,0.325828319,5843.0,1129.0
0.8480016965823324,0.000848745,0.16890684649999999,0.308802912,5843.0,1129.0
0.822129096944473,0.0,0.180615752,0.26513025199999996,5843.0,1129.0
0.7406193998140814,0.0,0.19178531399999998,0.266284147,5843.0,1129.0
0.6664215100209754,0.0,0.1943188035,0.2634954705,5843.0,1129.0
0.6496938905939844,0.0,0.2025741405,0.2839311715,5843.0,1129.0
0.6989821700709231,0.0,0.208241716,0.3130199145,5843.0,1129.0
0.8108411074027235,0.0,0.21545971600000002,0.32916680649999996,5843.0,1129.0
0.852960768320747,0.155073692,0.2179591355,0.329387547,5843.0,1129.0
0.8411037226969108,0.4192103975,0.1948487165,0.309517038,5843.0,1129.0
0.8363495072886122,0.5376521910000001,0.217128537,0.267300702,5843.0,1129.0
0.8348690154750142,0.4460110215,0.2060935885,0.23353898499999998,5843.0,1129.0
0.8399409338634515,0.1893672825,0.19244201449999998,0.236180005,5843.0,1129.0
0.8418770265496178,0.000946501,0.23578187350000002,0.2789027595,5843.0,1129.0
0.8199170684552212,0.0,0.2701510375,0.3076103135,5843.0,1129.0
0.7399065929315093,0.0,0.2923286845,0.33943710699999996,5843.0,1129.0
0.6658928867195031,0.0,0.2775090055,0.39315813,5843.0,1129.0
0.6490486511958969,0.0,0.24634397149999998,0.379262374,5843.0,1129.0
0.6975217658373614,0.0,0.224742864,0.33925601800000005,5843.0,1129.0
0.8064444895296636,0.0,0.194591979,0.30840858000000004,5843.0,1129.0
0.8477971678006544,0.1621755315,0.1700114795,0.292221453,5843.0,1129.0
0.8412822638033798,0.43884780349999997,0.130806694,0.20434637249999998,5843.0,1129.0
0.8376577792826325,0.496106459,0.129125276,0.16609184300000002,5843.0,1129.0
0.8365209311809166,0.402610812,0.1148873315,0.1413686345,5843.0,1129.0
0.8417667084305951,0.1893820085,0.112315468,0.13338359649999998,5843.0,1129.0
0.8436290995507287,0.0005932785,0.1242113015,0.1776403175,5843.0,1129.0
0.8209018778794588,0.0,0.123905472,0.22589933899999998,5843.0,1129.0
0.771619357910947,0.0,0.128538952,0.298020119,5843.0,1129.0
0.6930898891982659,0.0,0.1251159365,0.273805209,5843.0,1129.0
0.6516379901460858,0.0,0.121103986,0.2282783755,5843.0,1129.0
0.6603620195284914,0.0,0.1289560125,0.240981221,5843.0,1129.0
0.724850508574056,0.0,0.130104464,0.233388856,5843.0,1129.0
0.8094414343693226,0.0,0.131217938,0.229161951,5843.0,1129.0
0.850797015744434,0.16103928150000002,0.1320255775,0.2522965215,5843.0,1129.0
0.845233395009088,0.396432336,0.113359708,0.264865679,5843.0,1129.0
0.8399988556027718,0.523858037,0.131459569,0.2409434995,5843.0,1129.0
0.836932095758686,0.499923991,0.14837135899999998,0.210987537,5843.0,1129.0
0.837307720478145,0.403894679,0.154141472,0.213361449,5843.0,1129.0
0.8427304468985286,0.206607925,0.150091195,0.2670782805,5843.0,1129.0
0.8472797588708114,0.000933883,0.166957577,0.3027954535,5843.0,1129.0
0.8220922461614568,0.0,0.197417503,0.3156429585,5843.0,1129.0
0.731337833122792,0.0,0.21841205549999998,0.4060717705,5843.0,1129.0
0.6438255136102045,0.0,0.22252894,0.438953649,5843.0,1129.0
0.6201588787140309,0.0,0.21937779149999997,0.430921856,5843.0,1129.0
0.6373591664557094,0.0,0.226853366,0.4389100845,5843.0,1129.0
0.6696834103596825,0.0,0.245543668,0.4530176085,5843.0,1129.0
0.7134883493310898,0.058496453,0.251032166,0.468474618,5843.0,1129.0
0.7417218319392838,0.315490665,0.225518127,0.434821922,5843.0,1129.0
0.733431302315843,0.48186214549999995,0.249032855,0.40310194899999996,5843.0,1129.0
0.7268949527891434,0.41344015,0.26137734749999997,0.415062736,5843.0,1129.0
0.7320186120543215,0.292537791,0.239914882,0.445505255,5843.0,1129.0
0.754146575858252,0.1342603055,0.2446995755,0.5198541805,5843.0,1129.0
0.7678348276843524,0.0,0.29611982000000003,0.6019196179999999,5843.0,1129.0
0.7594382175236654,0.0,0.3519140505,0.58303434,5843.0,1129.0
0.7156368371593405,0.0,0.366523964,0.5952483245,5843.0,1129.0
0.6442161924006499,0.0,0.368576789,0.584879405,5843.0,1129.0
0.6203136565995853,0.0,0.363043711,0.5783157594999999,5843.0,1129.0
0.6376672471624165,0.0,0.3450968365,0.6115373040000001,5843.0,1129.0
0.6715463868112304,0.0,0.3427148195,0.6655982899999999,5843.0,1129.0
0.7239776092858217,0.033640721,0.356513619,0.665326837,5843.0,1129.0
0.7558646076184043,0.120219432,0.369915838,0.670949565,5843.0,1129.0
0.753470151542295,0.196465795,0.290680947,0.585875494,5843.0,1129.0
0.7512225131856196,0.2577440025,0.3357012895,0.6029821095,5843.0,1129.0
0.7497737448402736,0.205433369,0.35151737149999995,0.616226183,5843.0,1129.0
0.7649018449410645,0.122240433,0.340900708,0.606101598,5843.0,1129.0
0.7973491432623399,0.0206325685,0.3359163195,0.594745884,5843.0,1129.0
0.7844725913079118,0.0,0.3341685575,0.5606620950000001,5843.0,1129.0
0.7641678266778764,0.0,0.324896977,0.549148204,5843.0,1129.0
0.7266101203871351,0.0,0.2693249335,0.4909255105,5843.0,1129.0
0.666619249218144,0.0,0.2378428965,0.498989132,5843.0,1129.0
0.650668773262,0.0,0.182973414,0.466607121,5843.0,1129.0
0.6999743777203831,0.0,0.1363351505,0.48989084050000004,5843.0,1129.0
0.8123671593117001,0.0,0.1126515005,0.510756283,5843.0,1129.0
0.8635677914819724,0.084939486,0.09481302,0.395687332,5843.0,1129.0
0.8539295170696488,0.2725453845,0.066008504,0.339614941,5843.0,1129.0
0.8477450523507926,0.334784532,0.084063743,0.35635435800000004,5843.0,1129.0
0.8468919130129394,0.313076381,0.100887175,0.397778941,5843.0,1129.0
0.8510161536899958,0.221457837,0.112216643,0.471648406,5843.0,1129.0
0.8661482338332386,0.0416537155,0.106094877,0.43188528550000005,5843.0,1129.0
0.8552682715351114,0.0,0.106241222,0.32448446249999996,5843.0,1129.0
0.8031939440681147,0.0,0.115007695,0.294789397,5843.0,1129.0
0.7396663841108604,0.0,0.151580483,0.369162212,5843.0,1129.0
0.6681808642947297,0.0,0.178724308,0.4583037265,5843.0,1129.0
0.6521435057296051,0.0,0.2020572945,0.483924637,5843.0,1129.0
0.7014565786659748,0.0,0.223293664,0.48806777,5843.0,1129.0
0.8189493967258674,0.0,0.2465971965,0.6006151715,5843.0,1129.0
0.866863054168161,0.0868642115,0.3039711155,0.6308588275,5843.0,1129.0
0.8587405301730369,0.211379803,0.367755832,0.621112279,5843.0,1129.0
0.8553236179624003,0.31476829900000003,0.4297066425,0.6450066969999999,5843.0,1129.0
0.8539557854310473,0.342085013,0.4888576955,0.634377457,5843.0,1129.0
0.8613586661780583,0.2778786655,0.479352573,0.5855072324999999,5843.0,1129.0
0.880959426881164,0.0510567415,0.4533554045,0.505624978,5843.0,1129.0
0.8579699421378904,0.0,0.4266680175,0.45078788599999997,5843.0,1129.0
0.7860520228916417,0.0,0.429159435,0.3974477425,5843.0,1129.0
0.697177653746644,0.0,0.385751976,0.35796819150000003,5843.0,1129.0
0.6554762747017715,0.0,0.361433993,0.3517623925,5843.0,1129.0
0.6647515903589343,0.0,0.346790179,0.29862207350000003,5843.0,1129.0
0.7298022289494971,0.0,0.331587891,0.269976891,5843.0,1129.0
0.8213194573873996,0.0,0.3233543165,0.2481347875,5843.0,1129.0
0.8744485965696214,0.140989438,0.3239289675,0.22186979150000002,5843.0,1129.0
0.8609398225264433,0.39211939949999997,0.3264955545,0.2193604645,5843.0,1129.0
0.8514039995478679,0.4865171285,0.3855906565,0.3438509485,5843.0,1129.0
0.8491683716525291,0.436479619,0.37301036200000004,0.381812601,5843.0,1129.0
0.8697848927925841,0.20872018199999998,0.295353452,0.422335672,5843.0,1129.0
0.8881145132145264,0.000723423,0.25591373500000003,0.43039602,5843.0,1129.0
0.8310562970779511,0.0,0.25672378149999997,0.4099244715,5843.0,1129.0
0.7422585325218897,0.0,0.25860545999999995,0.388390805,5843.0,1129.0
0.6743526628868536,0.0,0.24249563000000002,0.3922336895,5843.0,1129.0
0.6584330676094396,0.0,0.2416405735,0.408086381,5843.0,1129.0
0.7075049249583767,0.0,0.228199351,0.395880503,5843.0,1129.0
0.8285503054389591,0.0,0.2175429415,0.3935714805,5843.0,1129.0
0.8827485378706348,0.0761997865,0.2124113195,0.411809805,5843.0,1129.0
0.8650404636349788,0.209802531,0.181333028,0.364965872,5843.0,1129.0
0.8575284355129904,0.284839826,0.2090585245,0.35364392749999995,5843.0,1129.0
0.851898277288025,0.267767758,0.2092553605,0.3036113375,5843.0,1129.0
0.858197367879228,0.1511501915,0.17543530899999998,0.2331731385,5843.0,1129.0
0.8791624025066044,0.017784317499999997,0.1673693525,0.2295777375,5843.0,1129.0
0.8582826818617435,0.0,0.16938078299999998,0.2722142835,5843.0,1129.0
0.8028697325145243,0.0,0.164588361,0.261038018,5843.0,1129.0
0.7414263470253275,0.0,0.15376297,0.258126908,5843.0,1129.0
0.6708807086505015,0.0,0.141751405,0.223047021,5843.0,1129.0
0.662945099647715,0.0,0.134250577,0.24653408200000002,5843.0,1129.0
0.7654111064182265,0.0,0.1392380895,0.3177019855,5843.0,1129.0
0.8625562921797496,0.009647446,0.1387738975,0.2745745905,5843.0,1129.0
0.8758139006511915,0.138035569,0.156421942,0.23749071,5843.0,1129.0
0.8631306394726451,0.319935421,0.18748585350000002,0.2175904145,5843.0,1129.0
0.8566419102747059,0.47035889399999997,0.244288552,0.2448062755,5843.0,1129.0
0.8554277553000607,0.408111006,0.28236558700000003,0.3082993045,5843.0,1129.0
0.8711971615375189,0.188829977,0.231531759,0.310436286,5843.0,1129.0
0.8842072564439356,0.0007580565,0.206970226,0.3050509235,5843.0,1129.0
0.8306835753813957,0.0,0.2180745445,0.311369228,5843.0,1129.0
0.7686205401244668,0.0,0.279264955,0.365683329,5843.0,1129.0
0.6839662141737277,0.0,0.24057258599999998,0.36415959,5843.0,1129.0
0.6366513931634041,0.0,0.199952213,0.345367179,5843.0,1129.0
0.639527039498786,0.0,0.175683658,0.3242106215,5843.0,1129.0
0.6678706061584105,0.0,0.157731822,0.301626177,5843.0,1129.0
0.723405696961863,0.033360359,0.1690302295,0.28544168400000003,5843.0,1129.0
0.7735455940124386,0.322191082,0.1877105235,0.29235650199999996,5843.0,1129.0
0.7587238654863612,0.5207068865,0.268785256,0.268602035,5843.0,1129.0
0.7517145198528846,0.540997242,0.330878622,0.273081628,5843.0,1129.0
0.7516657055519975,0.383967454,0.3277644085,0.315607984,5843.0,1129.0
0.7899938360630576,0.145970261,0.351427413,0.440108771,5843.0,1129.0
0.814815322935869,0.000753264,0.420387356,0.5844205685,5843.0,1129.0
0.7799348448086465,0.0,0.4755697955,0.5910386055000001,5843.0,1129.0
0.7469319757685887,0.0,0.464854498,0.614114635,5843.0,1129.0
0.6803662655730867,0.0,0.470290292,0.617946192,5843.0,1129.0
0.6297550112949633,0.0,0.4579170505,0.6251450605,5843.0,1129.0
0.6290930557185785,0.0,0.4326033325,0.6090089059999999,5843.0,1129.0
0.6505075570557582,0.0,0.406624119,0.572919261,5843.0,1129.0
0.6778696856116672,0.0,0.37657387600000003,0.5534971154999999,5843.0,1129.0
0.7427055644251905,0.0658891,0.34447081700000004,0.578401532,5843.0,1129.0
0.7526934295068176,0.170949022,0.395758486,0.584347852,5843.0,1129.0
0.7469659703097329,0.344720903,0.42728056550000004,0.5337534509999999,5843.0,1129.0
0.7408213999835425,0.4267368535,0.440484471,0.447712927,5843.0,1129.0
0.7522986534776904,0.277502929,0.4122060915,0.4195910275,5843.0,1129.0
0.7803804720627441,0.01616648,0.41161517000000003,0.4363224965,5843.0,1129.0
0.7877708506602844,0.0,0.426273682,0.431205141,5843.0,1129.0
0.7742157205132373,0.0,0.447759794,0.4488917015,5843.0,1129.0
0.7474165140390843,0.0,0.507431917,0.436427065,5843.0,1129.0
0.6968144374521585,0.0,0.5426591555,0.4418677895,5843.0,1129.0
0.6570367424248276,0.0,0.582567486,0.506580111,5843.0,1129.0
0.6527095182832592,0.0,0.623029726,0.564213275,5843.0,1129.0
0.6765719960392644,0.0,0.6281457,0.568414745,5843.0,1129.0
0.7643698502378533,0.0,0.6234437355,0.667229783,5843.0,1129.0
0.8600244535335116,0.027293622,0.619737041,0.7692635434999999,5843.0,1129.0
0.8707988269013094,0.32001175,0.5864673444999999,0.7893207865,5843.0,1129.0
0.8594432230128266,0.507049639,0.6324691755,0.7267195685000001,5843.0,1129.0
0.8513906078278437,0.462919503,0.6014108895,0.6249542095,5843.0,1129.0
0.8524322620530707,0.384440803,0.521799641,0.537546714,5843.0,1129.0
0.8682955042176292,0.200412255,0.430821806,0.5175484265000001,5843.0,1129.0
0.8831977706752803,0.000665574,0.406574495,0.5172845079999999,5843.0,1129.0
0.8305185195570142,0.0,0.3889641745,0.5457721085,5843.0,1129.0
0.7709645662485413,0.0,0.294769511,0.503752929,5843.0,1129.0
0.7018530637458786,0.0,0.2748083945,0.4636790295,5843.0,1129.0
0.6632745635091382,0.0,0.251134559,0.4383804335,5843.0,1129.0
0.6787109784654454,0.0,0.2380306055,0.38139491449999996,5843.0,1129.0
0.7434803666515979,0.0,0.227208023,0.364212476,5843.0,1129.0
0.8400340675065587,0.0,0.21433376199999998,0.343767593,5843.0,1129.0
0.8964195115775395,0.141261849,0.183423027,0.3340490305,5843.0,1129.0
0.8732482547503697,0.5287499835,0.141508348,0.30400540600000003,5843.0,1129.0
0.8558879917180422,0.734106945,0.164526259,0.266583566,5843.0,1129.0
0.8501710212180779,0.6376714695000001,0.1647846445,0.24699080699999998,5843.0,1129.0
0.8733221903839943,0.26469528200000003,0.16024527500000002,0.2357062,5843.0,1129.0
0.8937645716517504,0.0009090995,0.164873843,0.2695257085,5843.0,1129.0
0.8331590375242626,0.0,0.16091009550000002,0.321177518,5843.0,1129.0
0.7496438541386474,0.0,0.1664512,0.3583968075,5843.0,1129.0
0.6786605252853287,0.0,0.168694687,0.354864885,5843.0,1129.0
0.6675057509034785,0.0,0.1740432885,0.332817495,5843.0,1129.0
0.720587410343686,0.0,0.1689707295,0.33767472649999997,5843.0,1129.0
0.8461458139544331,0.0,0.166363602,0.364190338,5843.0,1129.0
0.9076017249836164,0.067022874,0.163633415,0.369419304,5843.0,1129.0
0.8942828703145811,0.512762253,0.1421570995,0.3591445765,5843.0,1129.0
0.8663640472393103,0.782524672,0.12131856099999999,0.323417646,5843.0,1129.0
0.8505745533405988,0.8061800990000001,0.119177366,0.29940995150000005,5843.0,1129.0
0.8506715733016605,0.653522216,0.106103666,0.278307351,5843.0,1129.0
0.8673797139517623,0.298157707,0.11849976400000001,0.291793764,5843.0,1129.0
0.8805040133763733,0.0009610085,0.1379761385,0.330931481,5843.0,1129.0
0.8318064698221892,0.0,0.1621248885,0.372503674,5843.0,1129.0
0.7463806894938316,0.0,0.19235868,0.451981978,5843.0,1129.0
0.681757159041361,0.0,0.204631098,0.5081811940000001,5843.0,1129.0
0.670051566682372,0.0,0.2146895875,0.4836972515,5843.0,1129.0
0.7179847732355362,0.0,0.22056268,0.5266741045000001,5843.0,1129.0
0.8438672480567789,0.0,0.225078675,0.540211476,5843.0,1129.0
0.8980015186357349,0.2181389635,0.222506862,0.467820432,5843.0,1129.0
0.8682951296445084,0.5794223815,0.16100996550000002,0.4211167435,5843.0,1129.0
0.8536956763169227,0.65983149,0.1651614435,0.3189162475,5843.0,1129.0
0.8502004268324062,0.508395725,0.1589382915,0.2363827405,5843.0,1129.0
0.8759102338407203,0.10955202933333334,0.15506238833333333,0.2348918183333333,5843.0,1129.0
0.8651517182680206,0.0,0.179029932,0.253613997,5843.0,1129.0
0.7855754682589995,0.0,0.170109962,0.304300695,5843.0,1129.0
0.6986188599707233,0.0,0.16852847999999998,0.386522166,5843.0,1129.0
0.6583957018289907,0.0,0.174355904,0.420658683,5843.0,1129.0
0.668415992662863,0.0,0.19865217400000001,0.466955834,5843.0,1129.0
0.7673760428590398,0.0,0.221540923,0.5075485725,5843.0,1129.0
0.8682955510798779,0.011009734,0.2424566985,0.5304722615,5843.0,1129.0
0.8822232156369199,0.179835121,0.240290398,0.510604896,5843.0,1129.0
0.8618847844202637,0.3927261305,0.231178244,0.5229674870000001,5843.0,1129.0
0.8510008889419334,0.572647017,0.28744490300000003,0.527918281,5843.0,1129.0
0.8491849943499804,0.541754556,0.2920709975,0.4783035255,5843.0,1129.0
0.8585247637104308,0.363948002,0.238945678,0.379126171,5843.0,1129.0
0.8899901557115895,0.056508477,0.213892777,0.33643951149999995,5843.0,1129.0
0.8734046012623891,0.0,0.221099012,0.354225395,5843.0,1129.0
0.8078796554779093,0.0,0.214759961,0.398366515,5843.0,1129.0
0.741773174852388,0.0,0.1989140425,0.430885821,5843.0,1129.0
0.6672567157366713,0.0,0.19053095650000001,0.4408353195,8830.0,1707.0
0.6500385410726501,0.0,0.191200911,0.3955566655,8830.0,1707.0
0.6665036398883124,0.0,0.182741349,0.366524444,8830.0,1707.0
0.7071557558868767,0.0,0.1690323145,0.34556806500000004,8830.0,1707.0
0.7804102758031431,0.123431893,0.16481427850000002,0.3700716475,8830.0,1707.0
0.7935375485846393,0.387116831,0.125838217,0.426638069,8830.0,1707.0
0.7788589152748688,0.5548551644999999,0.1529702545,0.41783796500000003,8830.0,1707.0
0.7625731536553828,0.5861375339999999,0.19709253100000002,0.3863537845,8830.0,1707.0
0.7618270781498266,0.437529062,0.207014132,0.397256039,8830.0,1707.0
0.8019398011387403,0.1879784605,0.2045673305,0.418204818,8830.0,1707.0
0.8318363905151673,0.0006880935,0.219212671,0.4136025915,8830.0,1707.0
0.7942949790485709,0.0,0.2279300575,0.431606977,8830.0,1707.0
0.7324488107455289,0.0,0.23297802299999998,0.464784972,8830.0,1707.0
0.6574686735573274,0.0,0.236328802,0.495666803,8830.0,1707.0
0.6401982430191326,0.0,0.225410362,0.4849207045,8830.0,1707.0
0.656314640979696,0.0,0.2165448965,0.462368355,8830.0,1707.0
0.703640910510458,0.0,0.21444500649999998,0.41977239349999995,8830.0,1707.0
0.7733324261711627,0.144159906,0.209082194,0.416335909,8830.0,1707.0
0.7779397301355302,0.451075739,0.176967314,0.3863524355,8830.0,1707.0
0.7605609948494458,0.5797465115,0.1950258705,0.386285557,8830.0,1707.0
0.7526371465655096,0.520638905,0.2049463175,0.3962675195,8830.0,1707.0
0.7923792784252314,0.2274443055,0.2141583475,0.4345295525,8830.0,1707.0
0.8224215149394811,0.0008038845,0.23140426949999998,0.4731568235,8830.0,1707.0
0.7932623853995284,0.0,0.237966513,0.492261834,8830.0,1707.0
0.7204279656982916,0.0,0.25153888,0.550851828,8830.0,1707.0
0.6594818156583153,0.0,0.237915622,0.5374734795,8830.0,1707.0
0.6710618016784862,0.0,0.226377581,0.5106427365,8830.0,1707.0
0.7880552149271086,0.0,0.2155636095,0.468667247,8830.0,1707.0
0.9158490825371499,0.014445429,0.19721360049999997,0.432782774,8830.0,1707.0
0.9179718169202175,0.236212831,0.1666408,0.410544335,8830.0,1707.0
0.8973690154547099,0.4368450155,0.123787216,0.37895188999999996,8830.0,1707.0
0.8812522663115415,0.570296163,0.12901425500000002,0.3236301015,8830.0,1707.0
0.8750837219249263,0.478511048,0.125988133,0.3039969695,8830.0,1707.0
0.8865764742347289,0.268079948,0.116800181,0.29114612,8830.0,1707.0
0.9114588328132298,0.037288150500000006,0.13062924,0.247440483,8830.0,1707.0
0.891251462798594,0.0,0.1379933875,0.17683213949999999,8830.0,1707.0
0.8088179215117176,0.0,0.130007451,0.13050503949999998,8830.0,1707.0
0.7012598930166214,0.0,0.120923439,0.121580665,8830.0,1707.0
0.6611082823206083,0.0,0.1060172575,0.0909349255,8830.0,1707.0
0.671943269935988,0.0,0.0862518305,0.0737016,8830.0,1707.0
0.7857641937422324,0.0,0.0709773695,0.075322376,8830.0,1707.0
0.9110809135491459,0.011888204,0.064263486,0.091452606,8830.0,1707.0
0.9091604134031314,0.274181097,0.060843649,0.105223855,8830.0,1707.0
0.8888772348080497,0.529115532,0.038674955999999996,0.1203254165,8830.0,1707.0
0.8726349495788275,0.721919007,0.0343219595,0.10720128400000001,8830.0,1707.0
0.861987704232847,0.720328326,0.034028469,0.11736489,8830.0,1707.0
0.8685418470386089,0.527654192,0.0325653985,0.1082048005,8830.0,1707.0
0.8875931710232632,0.0629258045,0.0420696025,0.0854086905,8830.0,1707.0
0.8777710641312277,0.0,0.050782882,0.0759265835,8830.0,1707.0
0.8060346829825,0.0,0.058179526,0.09298032049999999,8830.0,1707.0
0.7017557861642751,0.0,0.0612900425,0.13392132750000002,8830.0,1707.0
0.6628661382206621,0.0,0.0608756245,0.20130367999999998,8830.0,1707.0
0.6733352637331091,0.0,0.061442349,0.21761360899999999,8830.0,1707.0
0.7879959352383996,0.0,0.0637770995,0.20331657250000001,8830.0,1707.0
0.9192091968902628,0.012996627,0.06991800749999999,0.21406561000000002,8830.0,1707.0
0.9140795440490657,0.4022494435,0.0751014745,0.233603202,8830.0,1707.0
0.8847862862257101,0.680713562,0.066739327,0.221011485,8830.0,1707.0
0.868325003637672,0.7538673315,0.08761967849999999,0.19450778349999998,8830.0,1707.0
0.8642034319159271,0.624167522,0.09477572,0.208248827,8830.0,1707.0
0.8853471481553012,0.279510821,0.108051974,0.264477596,8830.0,1707.0
0.9039188972069624,0.0008661275,0.1223268275,0.332378072,8830.0,1707.0
0.8495019014028458,0.0,0.145706079,0.36778101799999996,8830.0,1707.0
0.7903240880549157,0.0,0.169808447,0.394273582,8830.0,1707.0
0.7009837231459437,0.0,0.17349899600000002,0.393151826,8830.0,1707.0
0.6615774388092452,0.0,0.171600535,0.38918047850000004,8830.0,1707.0
0.6726262027441796,0.0,0.1665010845,0.38874653950000004,8830.0,1707.0
0.7880669677679033,0.0,0.15491248000000002,0.385210363,8830.0,1707.0
0.9144027724700393,0.0125673935,0.14930527799999999,0.32956684999999997,8830.0,1707.0
0.9002425313039455,0.4162288745,0.10848820849999999,0.295606953,8830.0,1707.0
0.871217623771893,0.668851556,0.070501384,0.26688219550000003,8830.0,1707.0
0.8594965559877652,0.725593344,0.084579038,0.25923279,8830.0,1707.0
0.8621311740222748,0.5248389265,0.0958091385,0.239712493,8830.0,1707.0
0.876604388979814,0.128209372,0.116013854,0.220083985,8830.0,1707.0
0.8817921196595374,0.0005624716666666667,0.13258958066666668,0.21291857,8830.0,1707.0
0.8062796679353083,0.0,0.1241370865,0.2308543505,8830.0,1707.0
0.716762821909598,0.0,0.117155696,0.231367338,8830.0,1707.0
0.6726846629526654,0.0,0.112527354,0.23027793800000002,8830.0,1707.0
0.6604497917892426,0.0,0.1075767105,0.23101874,8830.0,1707.0
0.6870937520802229,0.0,0.103178003,0.243845519,8830.0,1707.0
0.791056280233531,0.0,0.10514925050000001,0.2849729525,8830.0,1707.0
0.9202184018102948,0.0106130845,0.120155787,0.3256980625,8830.0,1707.0
0.9136525529447695,0.37521689449999995,0.1259106015,0.3696501885,8830.0,1707.0
0.8916527473199557,0.6538011029999999,0.1195661955,0.3826669025,8830.0,1707.0
0.8784922057530413,0.7137221685,0.15315730700000002,0.4196964645,8830.0,1707.0
0.8824796725818991,0.483912416,0.17277999249999998,0.4538939415,8830.0,1707.0
0.9081048055981991,0.109694581,0.235083299,0.488452648,8830.0,1707.0
0.9172547959276014,0.000773328,0.2810808285,0.5169216185000001,8830.0,1707.0
0.8541879873045441,0.0,0.306366256,0.565413562,8830.0,1707.0
0.7898819727080859,0.0,0.284799749,0.547143334,8830.0,1707.0
0.6866739719145887,0.0,0.2821079745,0.5698342885000001,8830.0,1707.0
0.6379611166688763,0.0,0.27642430149999997,0.5857873945000001,8830.0,1707.0
0.6364327235154603,0.0,0.25646733899999996,0.6009435315,8830.0,1707.0
0.6690020694060375,0.0,0.22691875350000001,0.5650797864999999,8830.0,1707.0
0.7360582412765068,0.0077876725,0.1948083505,0.545902665,8830.0,1707.0
0.7830432783489393,0.239042372,0.167499971,0.500481382,8830.0,1707.0
0.7689369320986825,0.487772785,0.116865807,0.3785530665,8830.0,1707.0
0.7545350071287551,0.7160034955,0.12237856250000001,0.35528860149999997,8830.0,1707.0
0.7485028387079192,0.6708347109999999,0.125652453,0.414282131,8830.0,1707.0
0.7859802412971131,0.2758266475,0.1306819065,0.451650152,8830.0,1707.0
0.8178331045018058,0.001026238,0.166989135,0.5064413045,8830.0,1707.0
0.7818000454708378,0.0,0.17419079633333334,0.5395681256666667,8830.0,1707.0
0.6923831929255087,0.0,0.1720994565,0.5425557510000001,8830.0,1707.0
0.6528617676378139,0.0,0.189039694,0.5263881404999999,8830.0,1707.0
0.6554188914316166,0.0,0.2061609495,0.5288441345,8830.0,1707.0
0.6809806009019284,0.0,0.207718546,0.5379351,8830.0,1707.0
0.7469929878985901,0.0078854685,0.2031597635,0.5372239155,8830.0,1707.0
0.7872236615429921,0.330610794,0.188415635,0.522556971,8830.0,1707.0
0.7725564065008955,0.607057714,0.131315309,0.4637766345,8830.0,1707.0
0.73970665299543,0.780811567,0.146029546,0.4072509795,8830.0,1707.0
0.7255219227714789,0.6859425665000001,0.163551766,0.3865709825,8830.0,1707.0
0.7653221401853485,0.2879199395,0.185674017,0.36070415899999997,8830.0,1707.0
0.8054496597059237,0.0009719665,0.21190401250000002,0.3159535835,8830.0,1707.0
0.7917919842381971,0.0,0.21872058500000002,0.2624621935,8830.0,1707.0
0.7198985853183771,0.0,0.20577378833333335,0.2409485636666667,8830.0,1707.0
0.6614129683162777,0.0,0.2058898765,0.2314672,8830.0,1707.0
0.6786949644899241,0.0,0.214832488,0.2307108615,8830.0,1707.0
0.7943963537064223,0.0,0.218755192,0.234351198,8830.0,1707.0
0.9241600275327163,0.008333279,0.22119886,0.25914160249999996,8830.0,1707.0
0.9182699007803722,0.32249679,0.210084909,0.243250932,8830.0,1707.0
0.8875687287464373,0.5702368705,0.129901787,0.2466028805,8830.0,1707.0
0.8710331358704366,0.7239253125,0.085886081,0.251392836,8830.0,1707.0
0.863415284588093,0.68922673,0.074829914,0.315911583,8830.0,1707.0
0.8706855120348858,0.47553101600000003,0.0757373485,0.3812738215,8830.0,1707.0
0.8889639534397684,0.0458172545,0.094807524,0.4209116215,8830.0,1707.0
0.8775793653723267,0.0,0.0954303735,0.4101208605,8830.0,1707.0
0.8080533736711875,0.0,0.089021187,0.3947951205,8830.0,1707.0
0.7026697738173022,0.0,0.0679057775,0.3797427465,8830.0,1707.0
0.6681387457726373,0.0,0.0554707605,0.35867580050000003,8830.0,1707.0
0.6844837636090996,0.0,0.047523845499999995,0.37342680149999996,8830.0,1707.0
0.8058012168841119,0.0,0.045967137000000005,0.301785804,8830.0,1707.0
0.930432194259559,0.005400815,0.046485174500000004,0.2140051955,8830.0,1707.0
0.9360829082809617,0.205411973,0.048358683,0.173744931,8830.0,1707.0
0.9026868553099745,0.4175294615,0.036549804000000005,0.1279681405,8830.0,1707.0
0.883001529851812,0.5436544075,0.048616110500000004,0.08879145499999999,8830.0,1707.0
0.8778628398249463,0.473308951,0.063105671,0.094661206,8830.0,1707.0
0.8882304033929815,0.265878756,0.0723876305,0.13039461,8830.0,1707.0
0.9160031345857613,0.0204375305,0.09927828699999999,0.186600055,8830.0,1707.0
0.9003930716077235,0.0,0.11614421350000001,0.264282071,8830.0,1707.0
0.8125524432216469,0.0,0.1237886815,0.30869549500000004,8830.0,1707.0
0.7072409996166279,0.0,0.12552279049999998,0.286536831,8830.0,1707.0
0.6680180481934516,0.0,0.11756703933333335,0.18926451133333333,8830.0,1707.0
0.6899761645283813,0.0,0.105581533,0.167987007,8830.0,1707.0
0.7940756304259327,0.0,0.09224506299999999,0.14869124849999998,8830.0,1707.0
0.9239344279571684,0.005640535,0.076991464,0.0990285645,8830.0,1707.0
0.9278232826455496,0.213074293,0.061755983,0.065778253,8830.0,1707.0
0.903321793297502,0.3923776365,0.053244111999999996,0.066508119,8830.0,1707.0
0.8893671578514173,0.537434822,0.0860197985,0.1071515365,8830.0,1707.0
0.8872025156233336,0.42095832450000004,0.126016687,0.1858459355,8830.0,1707.0
0.9055729200084953,0.212363897,0.16108304,0.307604799,8830.0,1707.0
0.9083221641590028,0.020857636,0.206927693,0.36541624500000003,8830.0,1707.0
0.8828958473594196,0.0,0.27347173150000004,0.42605293099999997,8830.0,1707.0
0.8058465428306814,0.0,0.35024742200000003,0.5407081775,8830.0,1707.0
0.6978931764467766,0.0,0.43884812250000005,0.576388565,8830.0,1707.0
0.6559918808563405,0.0,0.5116999865,0.6047773665,8830.0,1707.0
0.6668074127604786,0.0,0.561283055,0.6270606670000001,8830.0,1707.0
0.7815031323547285,0.0,0.5903544844999999,0.7640924044999999,8830.0,1707.0
0.8992454070980148,0.001196885,0.586952022,0.802247412,8830.0,1707.0
0.9119121859222047,0.082900755,0.573581536,0.811356143,8830.0,1707.0
0.9059315477010335,0.22916739400000002,0.5797076545,0.8008018575,8830.0,1707.0
0.9011284945201147,0.3721235195,0.6478276574999999,0.8227907525,8830.0,1707.0
0.9058035767272601,0.351649254,0.7185739255,0.843765879,8830.0,1707.0
0.9319598381855163,0.173525713,0.7355733645,0.839337616,8830.0,1707.0
0.931079774820869,0.0007927115,0.690207032,0.8688950550000001,8830.0,1707.0
0.8567855205696626,0.0,0.6397841980000001,0.7788662155,8830.0,1707.0
0.7911204763162768,0.0,0.54060575,0.747884374,8830.0,1707.0
0.7011724954102083,0.0,0.5842282985,0.773240005,8830.0,1707.0
0.6615076939763658,0.0,0.5628730959999999,0.776458036,8830.0,1707.0
0.6717804148505171,0.0,0.5179638205,0.747832678,8830.0,1707.0
0.7857795052713265,0.0,0.476069468,0.6978923269999999,8830.0,1707.0
0.909139857606694,0.003849887,0.416158812,0.6444424445,8830.0,1707.0
0.9150619654478322,0.2208112,0.360472088,0.614909845,8830.0,1707.0
0.8958720414491895,0.434843406,0.35419655299999997,0.582509643,8830.0,1707.0
0.8854258130588364,0.5167325745,0.435622585,0.5736166715,8830.0,1707.0
0.8841775698185497,0.3892315985,0.40011923650000003,0.5094063155,8830.0,1707.0
0.9027763834025339,0.231124161,0.3242958,0.42150233,8830.0,1707.0
0.9283678965320276,0.0366514785,0.2966540315,0.368526252,8830.0,1707.0
0.9039326635813245,0.0,0.301808413,0.37029147549999997,8830.0,1707.0
0.813293016920535,0.0,0.286804766,0.4091856,8830.0,1707.0
0.6907482510184454,0.0,0.2968407365,0.4427744775,8830.0,1707.0
0.642741670691338,0.0,0.3029539175,0.43734858350000005,8830.0,1707.0
0.6414401180290625,0.0,0.30294213449999996,0.4184164925,8830.0,1707.0
0.6718242658139018,0.0,0.3100192895,0.4133476385,8830.0,1707.0
0.7373633056836157,0.004819543,0.305768387,0.4064042575,8830.0,1707.0
0.7881940490086892,0.2802204365,0.29828509449999996,0.42709832000000003,8830.0,1707.0
0.7785090672286745,0.470392039,0.3216155555,0.431360396,8830.0,1707.0
0.7687561433098373,0.48442871,0.38255552000000004,0.4663970835,8830.0,1707.0
0.7687254266083688,0.348778504,0.373200849,0.522208786,8830.0,1707.0
0.8022522130705043,0.149505262,0.386297569,0.5552754630000001,8830.0,1707.0
0.8154924028360047,0.0009238065,0.388088018,0.5561830205,8830.0,1707.0
0.789390176717897,0.0,0.367853615,0.49951307,8830.0,1707.0
0.7292401027950145,0.0,0.349184026,0.33861281200000004,8830.0,1707.0
0.6501390963314954,0.0,0.370472285,0.2403938365,8830.0,1707.0
0.6270746926595463,0.0,0.37751218249999996,0.2066599865,8830.0,1707.0
0.645168014131744,0.0,0.40850129550000003,0.2399826605,8830.0,1707.0
0.6708310981786899,0.0,0.424401341,0.28988748,8830.0,1707.0
0.730341083489982,0.003131994,0.46075703,0.36840871900000005,8830.0,1707.0
0.7777419441573299,0.169470297,0.5142551689999999,0.4362796805,8830.0,1707.0
0.7690570833306472,0.30600311150000004,0.551104262,0.5564387335000001,8830.0,1707.0
0.7621230078896681,0.401071355,0.581383627,0.608713745,8830.0,1707.0
0.7728543263025716,0.30941833900000004,0.5541087955,0.6013632835,8830.0,1707.0
0.8163795835772506,0.0387800875,0.502603138,0.5983456755000001,8830.0,1707.0
0.8075818527100294,0.0,0.455835746,0.6028103925,8830.0,1707.0
0.7712514824368812,0.0,0.39798830399999996,0.5816624935,8830.0,1707.0
0.7018161895723467,0.0,0.34430070199999996,0.554791424,8830.0,1707.0
0.6666904690342083,0.0,0.3039418125,0.5364308,8830.0,1707.0
0.6849130022333378,0.0,0.2610166835,0.49120405999999994,8830.0,1707.0
0.8087369153637431,0.0,0.2186568455,0.46983011649999995,8830.0,1707.0
0.9329688090379563,0.004280309,0.18378914899999999,0.462616762,8830.0,1707.0
0.9424396865438929,0.212584395,0.145762454,0.448897692,8830.0,1707.0
0.9138213546627939,0.39547632,0.09940709549999999,0.3797453905,8830.0,1707.0
0.894628574422279,0.6121808655000001,0.0984861115,0.297692818,8830.0,1707.0
0.8902939987553029,0.6083553305,0.0957938415,0.271233148,8830.0,1707.0
0.9167366377702997,0.2697609165,0.106322876,0.33106864150000004,8830.0,1707.0
0.9321612764952961,0.000861889,0.13595595100000002,0.3944428485,8830.0,1707.0
0.8617382242401546,0.0,0.1800498485,0.412944027,8830.0,1707.0
0.8074161881637179,0.0,0.208585059,0.446550491,8830.0,1707.0
0.7167353361043396,0.0,0.224501552,0.4974968385,8830.0,1707.0
0.6797200428799484,0.0,0.254925048,0.5558534595,8830.0,1707.0
0.6921031131839267,0.0,0.272563746,0.543086723,8830.0,1707.0
0.8146980279457765,0.0,0.305838556,0.587236459,8830.0,1707.0
0.9321538782700739,0.0032586795,0.361124741,0.6957107695,8830.0,1707.0
0.9300755801005882,0.245769248,0.3692065875,0.6974314705,8830.0,1707.0
0.9050275101947441,0.451894882,0.366602517,0.6847977590000001,8830.0,1707.0
0.8918606942844042,0.459218701,0.4137798765,0.6091012570000001,8830.0,1707.0
0.9064837470992939,0.25953430850000003,0.4115397405,0.572900072,8830.0,1707.0
0.9304837477685225,0.025878197,0.38246719399999995,0.493467812,8830.0,1707.0
0.9005140188481784,0.0,0.353424319,0.4416355985,8830.0,1707.0
0.8276722086644133,0.0,0.336072879,0.431026824,8830.0,1707.0
0.7539622753245732,0.0,0.28707473149999996,0.429676178,8830.0,1707.0
0.6731746797205302,0.0,0.284733125,0.489070041,8830.0,1707.0
0.6671005721590344,0.0,0.30539027133333335,0.5235889446666667,8830.0,1707.0
0.7851752372042358,0.0,0.32850823549999997,0.5274354065,8830.0,1707.0
0.910937443840935,0.0020877565,0.344285786,0.565459285,8830.0,1707.0
0.9067619772845703,0.1893028935,0.335010828,0.5910343455,8830.0,1707.0
0.8849303178748192,0.4571468285,0.36937697550000004,0.572917685,8830.0,1707.0
0.8784698705718459,0.5305349455,0.38309368,0.5667111705000001,8830.0,1707.0
0.8807157530967131,0.390872327,0.34398058,0.524938257,8830.0,1707.0
0.9024999793830472,0.17097808949999999,0.2789485705,0.479741697,8830.0,1707.0
0.9185916307464282,0.0009253675,0.2417375785,0.4533025685,8830.0,1707.0
0.8564000626560448,0.0,0.22906615549999998,0.4310539175,8830.0,1707.0
0.7914211821882776,0.0,0.261736374,0.426246776,8830.0,1707.0
0.7025474920991914,0.0,0.241412091,0.4276399005,8830.0,1707.0
0.6611155635932515,0.0,0.22417592149999999,0.469810106,8830.0,1707.0
0.6716295936168986,0.0,0.19673093749999998,0.4629903235,8830.0,1707.0
0.7871401737262663,0.0,0.179649114,0.41981018800000003,8830.0,1707.0
0.9159096263695332,0.0016281295,0.164732541,0.37368642350000003,8830.0,1707.0
0.9179718169202175,0.138251939,0.153773262,0.343767333,8830.0,1707.0
0.8987650830187801,0.3457529995,0.17235512949999998,0.33179912749999996,8830.0,1707.0
0.8818731569136493,0.4622754485,0.2129667955,0.3300027675,8830.0,1707.0
0.8791253645182447,0.3223057905,0.20497993450000002,0.30257516650000005,8830.0,1707.0
0.9066033364445047,0.07407151933333332,0.165375258,0.314463511,8830.0,1707.0
0.9001784287832628,0.0,0.16354454499999999,0.3584165065,8830.0,1707.0
0.8111845171282306,0.0,0.171296012,0.4287933875,8830.0,1707.0
0.7028227723180984,0.0,0.188233863,0.45884439850000003,8830.0,1707.0
0.6641252914310046,0.0,0.203415868,0.49723255099999997,8830.0,1707.0
0.681292310468482,0.0,0.205225965,0.541277562,8830.0,1707.0
0.7964359047555546,0.0,0.2060072215,0.5592601535,8830.0,1707.0
0.9275092786697327,0.05906374466666667,0.21696878533333333,0.5891487386666666,8830.0,1707.0
0.9112317815637959,0.352757813,0.1647598055,0.5862893115000001,8830.0,1707.0
0.8933874484773738,0.539390751,0.19501540950000001,0.569720684,8830.0,1707.0
0.8851570413321639,0.4657507245,0.1936421175,0.5494454985,8830.0,1707.0
0.9099351220674756,0.1928378195,0.18690550150000002,0.5546761825,8830.0,1707.0
0.922065153609245,0.0009552795,0.1977969435,0.5436077349999999,8830.0,1707.0
0.8572046920133671,0.0,0.20117997999999998,0.4955142475,8830.0,1707.0
0.7924134835622346,0.0,0.195885684,0.442604148,8830.0,1707.0
0.6881024184498723,0.0,0.19079718950000002,0.4318641175,8830.0,1707.0
0.6430814749475142,0.0,0.17793072100000001,0.433975754,8830.0,1707.0
0.6441025263516211,0.0,0.167381677,0.46728288,8830.0,1707.0
0.6755652259257352,0.0,0.153399407,0.46282502999999997,8830.0,1707.0
0.742129531472034,0.0028306145,0.136281072,0.4245662265,8830.0,1707.0
0.7872214139418328,0.21095507,0.118137463,0.390266075,8830.0,1707.0
0.7818032763670479,0.42211592,0.0760870035,0.3197392775,8830.0,1707.0
0.7635677728020465,0.5984451390000001,0.060512613,0.241646377,8830.0,1707.0
0.7547139463612949,0.575477653,0.055609812999999994,0.19392567049999998,8830.0,1707.0
0.7953155857080096,0.2461375465,0.0638226665,0.1761511135,8830.0,1707.0
0.8256214900246833,0.000940858,0.079647455,0.16244383750000002,8830.0,1707.0
0.7931959416344062,0.0,0.08085568000000001,0.14520128999999998,8830.0,1707.0
0.7129599523274432,0.0,0.10107571333333333,0.1834690276666667,8830.0,1707.0
0.6470027320788418,0.0,0.0991614135,0.206807096,8830.0,1707.0
0.6478921135589983,0.0,0.0933038535,0.207369896,8830.0,1707.0
0.6772238374916497,0.0,0.085196873,0.2099279355,8830.0,1707.0
0.7451781234639365,0.002761394,0.08677228149999999,0.19844219899999999,8830.0,1707.0
0.7913955693298405,0.345528023,0.0784254895,0.20284157749999998,8830.0,1707.0
0.7839119634459127,0.611008795,0.045000654,0.16910712,8830.0,1707.0
0.7691729267280707,0.7402419665,0.034096694999999996,0.111915957,8830.0,1707.0
0.7609232044583648,0.65630678,0.0272938085,0.0744490135,8830.0,1707.0
0.8020555508928837,0.2585667395,0.031821083,0.07478169600000001,8830.0,1707.0
0.831294960743868,0.0,0.0399424605,0.09247683400000001,8830.0,1707.0
0.7939003436061897,0.0,0.042457236499999995,0.0992310305,8830.0,1707.0
0.7392818860205603,0.0,0.0572805775,0.1031472735,8830.0,1707.0
0.6792009951520931,0.0,0.057372158500000006,0.1083874655,8830.0,1707.0
0.6706697650198693,0.0,0.07183724799999999,0.134942092,8830.0,1707.0
0.728477989923421,0.0,0.083268043,0.122067323,8830.0,1707.0
0.8506236251808109,0.0,0.083026041,0.120819528,8830.0,1707.0
0.9301934369503619,0.0028363045,0.07514575949999999,0.10919667350000001,8830.0,1707.0
0.9380617046582003,0.278435197,0.074596158,0.104115656,8830.0,1707.0
0.9088167227477836,0.5546011365,0.0678128985,0.130890232,8830.0,1707.0
0.8831537557346337,0.7507621875,0.0378499675,0.061408266,8830.0,1707.0
0.8722358657151593,0.636880992,0.037093825,0.10474359899999999,8830.0,1707.0
0.8847424586528412,0.38715622,0.045855822,0.141500206,8830.0,1707.0
0.9050657656269636,0.041289176999999996,0.059023297,0.160827901,8830.0,1707.0
0.8975847819985331,0.0,0.060388953499999995,0.1469791555,8830.0,1707.0
0.8319723683548756,0.0,0.057705947,0.128451008,8830.0,1707.0
0.7630019007539214,0.0,0.0618390695,0.135044722,8830.0,1707.0
0.6827509353172858,0.0,0.055337042,0.185121612,8830.0,1707.0
0.6812321567758244,0.0,0.05926658266666666,0.26933334833333333,8830.0,1707.0
0.8037306914317521,0.0,0.0616586845,0.282916677,8830.0,1707.0
0.9277140883271066,0.001631859,0.06403357300000001,0.281751735,8830.0,1707.0
0.9360829082809617,0.097086864,0.062813424,0.284860576,8830.0,1707.0
0.9072477329177087,0.32194287499999996,0.045059646499999995,0.2642456095,8830.0,1707.0
0.8848803095205879,0.5630286735000001,0.025137576000000002,0.265291704,8830.0,1707.0
0.8779917004504902,0.506122257,0.030147602,0.2737105325,8830.0,1707.0
0.9002732013055995,0.187401315,0.042072929499999995,0.22547248050000002,8830.0,1707.0
0.924620591742787,0.0010799805,0.0484550205,0.19600093899999999,8830.0,1707.0
0.8582301449765122,0.0,0.051912588499999995,0.167660283,8830.0,1707.0
0.7965468550682401,0.0,0.059904051,0.148411695,8830.0,1707.0
0.7043757014728376,0.0,0.0593922905,0.14051475200000002,8830.0,1707.0
0.6660634443505526,0.0,0.058421163,0.13915279149999998,8830.0,1707.0
0.6825482327826146,0.0,0.0520589475,0.13539403049999998,8830.0,1707.0
0.7977309489255955,0.0,0.047565194000000005,0.1531239985,8830.0,1707.0
0.9273105562045856,0.001503068,0.049366702,0.1691070195,8830.0,1707.0
0.9382077966219083,0.151177342,0.050336332,0.166909649,8830.0,1707.0
0.9135946312054493,0.3778970405,0.038726951499999995,0.152268227,8830.0,1707.0
0.8899698806825587,0.5930653029999999,0.0265318055,0.1205021045,8830.0,1707.0
0.8822567418804458,0.563340081,0.0213675355,0.12255901550000001,8830.0,1707.0
0.9065892890861573,0.254584372,0.024205021,0.11071210149999999,8830.0,1707.0
0.9187069122029534,0.0011018815,0.0220990665,0.104124966,8830.0,1707.0
0.8553756866312305,0.0,0.0201399555,0.11052351,8830.0,1707.0
0.7650870819887624,0.0,0.021857872,0.12342173349999999,8830.0,1707.0
0.6887359517881966,0.0,0.022701930500000002,0.108700308,8830.0,1707.0
0.6832275290694826,0.0,0.022398818,0.11801582300000002,8830.0,1707.0
0.8078109641116279,0.0,0.022252693,0.12434164,8830.0,1707.0
0.9311197159945666,0.0019181945,0.0212150605,0.10768121,8830.0,1707.0
0.9412905236604838,0.210113525,0.019202162,0.085570139,8830.0,1707.0
0.9141671055515235,0.41193513550000005,0.0122622835,0.0522554665,8830.0,1707.0
0.8958934869786144,0.5732736675000001,0.010336152500000001,0.033001272,8830.0,1707.0
0.8881971112982645,0.514601391,0.015501113,0.03550056,8830.0,1707.0
0.9245199194230734,0.14457275166666667,0.024458345000000003,0.044013577,8830.0,1707.0
0.9049382162509939,0.0,0.029839133,0.065635831,8830.0,1707.0
0.8198994625439362,0.0,0.031656948000000004,0.07487279150000001,8830.0,1707.0
0.7155080937300264,0.0,0.039094582,0.069862336,8830.0,1707.0
0.6732301743148247,0.0,0.057110149666666665,0.08281536633333332,8830.0,1707.0
0.6955598729249804,0.0,0.068987324,0.109302719,8830.0,1707.0
0.7975580265783735,0.0,0.0785599635,0.1143842365,8830.0,1707.0
0.926832245577701,0.001672422,0.0913696965,0.0990268795,8830.0,1707.0
0.9225514711832817,0.233726084,0.079438056,0.0796587575,8830.0,1707.0
0.8963105044644398,0.424044187,0.063306645,0.066453958,8830.0,1707.0
0.8854397666385417,0.5374291725,0.09177967100000001,0.078818508,8830.0,1707.0
0.8789087082414341,0.547154334,0.1212595,0.097961404,8830.0,1707.0
0.8888726928246996,0.41747245450000003,0.1303356255,0.106270705,8830.0,1707.0
0.9243571112269234,0.079174801,0.160297715,0.1127895035,8830.0,1707.0
0.9037677482624717,0.0,0.2089862405,0.1533927105,8830.0,1707.0
0.8141613742254192,0.0,0.222395847,0.178250387,8830.0,1707.0
0.694658387421424,0.0,0.22467204000000002,0.239820339,8830.0,1707.0
0.649119777368681,0.0,0.24283441849999998,0.33235026,8830.0,1707.0
0.6547722707748418,0.0,0.26986744500000004,0.338154703,8830.0,1707.0
0.6797923864965922,0.0,0.285806417,0.3311354425,8830.0,1707.0
0.7508345501315176,0.001300463,0.281981712,0.34138868850000004,8830.0,1707.0
0.7994627000354271,0.200770709,0.255353806,0.349892285,8830.0,1707.0
0.7892779153180716,0.4365450185,0.180254888,0.34598337,8830.0,1707.0
0.7688544041864918,0.616623189,0.224920392,0.36833913149999997,8830.0,1707.0
0.7562727051147913,0.580155152,0.26261952099999997,0.39394715199999997,8830.0,1707.0
0.8033085935746282,0.28533929599999996,0.26060837800000003,0.462103475,8830.0,1707.0
0.8331007412118214,0.0008994895,0.31245108450000003,0.5480957909999999,8830.0,1707.0
0.794432080770076,0.0,0.330886159,0.543199279,8830.0,1707.0
0.7589486456629029,0.0,0.338122089,0.552755981,8830.0,1707.0
0.6989467707993587,0.0,0.3115205565,0.5605886634999999,8830.0,1707.0
0.6563355792273099,0.0,0.29083476966666666,0.5646900353333333,8830.0,1707.0
0.6690664294660451,0.0,0.286159245,0.577386342,8830.0,1707.0
0.6909626596940969,0.0,0.282767522,0.570713463,8830.0,1707.0
0.7551412652576801,0.002152359,0.2741235015,0.5763756185,8830.0,1707.0
0.8022115695315967,0.331060818,0.245577332,0.597209954,8830.0,1707.0
0.7890295824352573,0.6391601794999999,0.1704004455,0.556334938,8830.0,1707.0
0.7612822768955712,0.8307031220000001,0.152086044,0.5238149015,8830.0,1707.0
0.7495709017188564,0.802692411,0.155024919,0.521769909,8830.0,1707.0
0.7618251348690237,0.606952951,0.1519014575,0.5183702834999999,8830.0,1707.0
0.7986980587140509,0.204684994,0.176918856,0.524311613,8830.0,1707.0
0.8290170504303922,0.0007127345,0.203067295,0.540119808,8830.0,1707.0
0.7958529652653099,0.0,0.200874279,0.545036005,8830.0,1707.0
0.7315742179189781,0.0,0.16728050333333333,0.5074711046666667,8830.0,1707.0
0.6796307488549811,0.0,0.152866379,0.485486556,8830.0,1707.0
0.6935878426605184,0.0,0.1453936455,0.47154924249999997,8830.0,1707.0
0.8161674224215412,0.0,0.1340169905,0.49978537,8830.0,1707.0
0.9328796554373008,0.002343615,0.125471268,0.4921665865,8830.0,1707.0
0.9447175967761515,0.350572444,0.114562167,0.47320433,8830.0,1707.0
0.9092519550292579,0.6578075135,0.0744576855,0.4034329095,8830.0,1707.0
0.8819584241151333,0.839412708,0.045751882,0.349530618,8830.0,1707.0
0.8715829472432262,0.7575774040000001,0.038456307999999995,0.340966932,8830.0,1707.0
0.8962429838422037,0.370052164,0.0462913425,0.326862513,8830.0,1707.0
0.9295619640078536,0.001217191,0.0641949415,0.32372226049999997,8830.0,1707.0
0.8644180746591705,0.0,0.070723352,0.32387936,8830.0,1707.0
0.7727751229298709,0.0,0.0709106205,0.310658279,8830.0,1707.0
