Demand,Avail_Sol,Avail_Wind_On,Avail_Wind_Off,Hyd_In,HydRoR_In
0.6474348943812062,0.0,0.7899897854,0.9353321382,3449.0,4517.0
0.7996137537209782,0.0,0.7638284584999999,0.921963546,3449.0,4517.0
0.9048422615412118,0.03614932166666667,0.7706382866666667,0.726107233,3449.0,4517.0
0.8996520509888108,0.175734785,0.777464909,0.775591487,3449.0,4517.0
0.8972500807191927,0.15661152966666667,0.8133144903333333,0.7361430693333332,3449.0,4517.0
0.9059437332098408,0.08686223600000001,0.86311165,0.8484786955,3449.0,4517.0
0.9051838645934561,0.0,0.862476634,0.9306595166666667,3449.0,4517.0
0.8260901481937986,0.0,0.827624978,0.933553883,3449.0,4517.0
0.7181385892556641,0.0,0.781138357,0.911631166,3449.0,4517.0
0.6545699150490643,0.0,0.6323276594,0.8056448994000001,3449.0,4517.0
0.8094200113967357,0.0,0.5089619249999999,0.661802097,3449.0,4517.0
0.9139011886430737,0.026499126,0.43180440233333334,0.734880367,3449.0,4517.0
0.9065629922519844,0.1042132355,0.44741557899999995,0.8117849070000001,3449.0,4517.0
0.8968461126220415,0.08570165266666667,0.515124619,0.871848237,3449.0,4517.0
0.904950417080104,0.024741977999999998,0.604310665,0.8947609725,3449.0,4517.0
0.8899330275074036,0.0,0.694020924,0.9082457896666667,3449.0,4517.0
0.7810653028967801,0.0,0.7464402033333334,0.9040444006666667,3449.0,4517.0
0.6561239086845188,0.0,0.785609319,0.690538171,3449.0,4517.0
0.6269738021677375,0.0,0.8249565835,0.5971208555,3449.0,4517.0
0.6518415470175469,0.0,0.8510069955,0.7272813604999999,3449.0,4517.0
0.7838189229523509,0.0,0.8661616935,0.6577811625,3449.0,4517.0
0.8763830642130817,0.0009086295,0.8772682235,0.719708908,3449.0,4517.0
0.873917516459479,0.113235049,0.8748928215,0.8549633165,3449.0,4517.0
0.8648484613615532,0.2765030575,0.880322201,0.9213580205,3449.0,4517.0
0.8687025403266426,0.26930706449999997,0.9033606775,0.8521965520000001,3449.0,4517.0
0.8848462707511621,0.08337354699999999,0.869049174,0.913427007,3449.0,4517.0
0.8418881948155529,0.0,0.7873918555,0.90742498775,3449.0,4517.0
0.7083373438440551,0.0,0.6976998645,0.865000725,3449.0,4517.0
0.6450872724158361,0.0,0.718280353,0.8513492645999999,3449.0,4517.0
0.7848238160824766,0.0,0.763561656,0.8588912565,3449.0,4517.0
0.8658246115609967,0.000816393,0.788342696,0.8645328514999999,3449.0,4517.0
0.85718541385933,0.041353547,0.8076575195,0.909518965,3449.0,4517.0
0.841285813396135,0.11689792525,0.835052063,0.92616483175,3449.0,4517.0
0.847369087311947,0.076688226,0.8339751065000001,0.921968393,3449.0,4517.0
0.856018279979691,0.0003754776666666667,0.7905264790000001,0.924747805,3449.0,4517.0
0.7994968747289043,0.0,0.744575325,0.912778359,3449.0,4517.0
0.6693982231320151,0.0,0.6394642292499999,0.90259800025,3449.0,4517.0
0.6445031879667583,0.0,0.550914193,0.8461975636666668,3449.0,4517.0
0.7841603559543409,0.0,0.5109770665,0.8282339245,3449.0,4517.0
0.8774144824831307,0.020681169666666666,0.49272108033333334,0.8188054880000001,3449.0,4517.0
0.8695080516259164,0.13203703449999998,0.418035114,0.75087324,3449.0,4517.0
0.8623964423222525,0.17898087625,0.43411713249999995,0.78539736325,3449.0,4517.0
0.8882348150578347,0.01715658025,0.2860936215,0.7232249652499999,3449.0,4517.0
0.8234372835888313,0.0,0.22154440749999998,0.5965400654999999,3449.0,4517.0
0.6907220471480837,0.0,0.1983368593333333,0.384911185,3449.0,4517.0
0.6208468372407656,0.0,0.17503272749999998,0.20570301524999998,3449.0,4517.0
0.655904788352236,0.0,0.163553088,0.106938749,3449.0,4517.0
0.7323326954214421,0.013554091999999998,0.16403057433333332,0.08295008933333335,3449.0,4517.0
0.7478277807598797,0.107804614,0.16152804599999998,0.09927522150000001,3449.0,4517.0
0.7373518530676169,0.1481991485,0.166892658,0.140951123,3449.0,4517.0
0.7408102068508137,0.10861549300000001,0.186151295,0.255862312,3449.0,4517.0
0.7635209024094851,0.017595272,0.227697689,0.431329403,3449.0,4517.0
0.7623423541722829,0.0,0.295641791,0.6083030014999999,3449.0,4517.0
0.7434653558459006,0.0,0.373933465,0.7670524409999999,3449.0,4517.0
0.6731277605676791,0.0,0.43304389699999996,0.8477668366666666,3449.0,4517.0
0.6254144102635066,0.0,0.571565794,0.90013059225,3449.0,4517.0
0.6621041871957403,0.0,0.6384538205,0.8831026085,3449.0,4517.0
0.7268639270121005,0.000939582,0.6639519905,0.8744888065,3449.0,4517.0
0.7659563765781975,0.032656041,0.672072455,0.865100629,3449.0,4517.0
0.7680782513336393,0.098346092,0.6185601785,0.8708123415,3449.0,4517.0
0.7650659227977545,0.15066424750000001,0.6158835395,0.859682042,3449.0,4517.0
0.770293096940065,0.1045760285,0.6123733005,0.835935914,3449.0,4517.0
0.7983636143435934,0.022390023,0.6031712455,0.8321704270000001,3449.0,4517.0
0.7812073319637474,0.0,0.5762775715,0.84180552525,3449.0,4517.0
0.6909642697894444,0.0,0.53374700475,0.8392409182499999,3449.0,4517.0
0.6754864982177068,0.0,0.518380037,0.8119180466666668,3449.0,4517.0
0.8307469884630887,0.0,0.467450295,0.7981528435,3449.0,4517.0
0.9275156016587079,0.034352895,0.409493237,0.7275070046666666,3449.0,4517.0
0.9229343002670081,0.185626971,0.297120835,0.636798996,3449.0,4517.0
0.9102089955627528,0.2880303415,0.2380610435,0.5778117045,3449.0,4517.0
0.9046404549334456,0.270022165,0.2166206585,0.5232116155,3449.0,4517.0
0.9076624087051864,0.187198596,0.232841759,0.552046341,3449.0,4517.0
0.9234843634174109,0.051274862,0.2552347585,0.5488716745,3449.0,4517.0
0.9194615085794071,0.0,0.257397714,0.5442949935000001,3449.0,4517.0
0.8509969488860856,0.0,0.2181849065,0.470041249,3449.0,4517.0
0.747880010316927,0.0,0.209232705,0.388944285,3449.0,4517.0
0.6743056434018471,0.0,0.1976094575,0.3759060835,3449.0,4517.0
0.6857152057771333,0.0,0.15900890566666667,0.3185826596666667,3449.0,4517.0
0.8455966962012146,0.0,0.145976496,0.288729275,3449.0,4517.0
0.9340252805608417,0.032429328,0.18541081699999998,0.29972515933333327,3449.0,4517.0
0.9209914625792655,0.23081622,0.23291666466666663,0.45328304933333335,3449.0,4517.0
0.9069924060630945,0.26180537849999996,0.307134354,0.558121074,3449.0,4517.0
0.9110360936770964,0.09056282166666668,0.38198099700000004,0.642317603,3449.0,4517.0
0.8588219857577181,0.0,0.48777765874999995,0.7809435185,3449.0,4517.0
0.6810697097141921,0.0,0.46292187300000004,0.71699870425,3449.0,4517.0
0.6536484177493426,0.0,0.39733662266666664,0.6849222053333334,3449.0,4517.0
0.7945816587904939,0.0,0.34799788,0.668008318,3449.0,4517.0
0.8977022493061336,0.032190795333333334,0.297124066,0.52393163,3449.0,4517.0
0.8930746251655146,0.224024915,0.2255651655,0.2579860565,3449.0,4517.0
0.8826573144438448,0.3208873725,0.1878640725,0.269424613,3449.0,4517.0
0.8826645888758284,0.2579183655,0.16205326050000002,0.4037444795,3449.0,4517.0
0.9047972989580995,0.0783563975,0.1893130985,0.49226132200000006,3449.0,4517.0
0.9004781880104343,0.0,0.23962193799999998,0.526702711,3449.0,4517.0
0.816300479850072,0.0,0.28669625633333334,0.4896596823333333,3449.0,4517.0
0.6764913617687399,0.0,0.285947844,0.5244819506666666,3449.0,4517.0
0.8367627741355932,0.0,0.21028311849999998,0.390438437,3449.0,4517.0
0.9262962455282093,0.002205578,0.18995076249999998,0.304355386,3449.0,4517.0
0.9250809702325984,0.201724071,0.1701038355,0.2619182175,3449.0,4517.0
0.9080357709287669,0.3707542293333333,0.17487371233333335,0.2568685593333333,3449.0,4517.0
0.9053507775066092,0.30204981,0.1880342135,0.2598630475,3449.0,4517.0
0.9219522063910294,0.0780591065,0.18672457,0.2076041145,3449.0,4517.0
0.9095868533943092,0.0,0.2000402805,0.20037330250000002,3449.0,4517.0
0.8415803173621735,0.0,0.2001037205,0.167343194,3449.0,4517.0
0.7346644126631336,0.0,0.1920932015,0.15806588849999997,3449.0,4517.0
0.666567136897395,0.0,0.19805866219999999,0.12168057339999998,3449.0,4517.0
0.8189298355895163,0.0,0.182694429,0.110097624,3449.0,4517.0
0.9153545983799127,0.0025109945,0.1604192075,0.120240155,3449.0,4517.0
0.9138263890234453,0.1425020705,0.12389154050000001,0.1396904505,3449.0,4517.0
0.9040163344552161,0.21698294700000004,0.11729251619999999,0.15210056440000003,3449.0,4517.0
0.9208599755819127,0.046579627000000005,0.10985126049999999,0.206965791,3449.0,4517.0
0.8755467696331749,0.0,0.125099893,0.37710413175,3449.0,4517.0
0.7101905669544823,0.0,0.13896335133333332,0.494877449,3449.0,4517.0
0.6442625548261944,0.0,0.2252529975,0.55507225625,3449.0,4517.0
0.7125487132335746,0.00180904725,0.3088712935,0.635144595,3449.0,4517.0
0.78567117761325,0.184728622,0.312764936,0.669413823,3449.0,4517.0
0.7779306395870172,0.45839331925000004,0.241789531,0.58684733625,3449.0,4517.0
0.7817959407046242,0.304002114,0.2772975816666667,0.53548131,3449.0,4517.0
0.7951031830401469,0.00043450880000000006,0.3203363416,0.5515357846,3449.0,4517.0
0.7015125722316173,0.0,0.27231842533333334,0.391513042,3449.0,4517.0
0.6650312805136173,0.0,0.219548372,0.2668346628,3449.0,4517.0
0.7392546518341049,0.0011146533333333333,0.195903607,0.23191232433333334,3449.0,4517.0
0.7903011822718214,0.183769966,0.145613923,0.150423168,3449.0,4517.0
0.7685799364015823,0.41573050533333333,0.10608128433333334,0.06756808633333333,3449.0,4517.0
0.7658133273278185,0.350655639,0.08880472249999999,0.055550783,3449.0,4517.0
0.8051707617438455,0.08728137450000001,0.0849662845,0.062975176,3449.0,4517.0
0.7934976783209372,0.0,0.1149915225,0.1518814395,3449.0,4517.0
0.714641209276576,0.0,0.19619772666666666,0.44109952666666663,3449.0,4517.0
0.681703439968857,0.0,0.263515955,0.63703219175,3449.0,4517.0
0.8407161669206424,0.0,0.345981692,0.7722465789999999,3449.0,4517.0
0.9252143350214425,0.024748057666666667,0.45840678399999996,0.8436346436666667,3449.0,4517.0
0.9075578608031933,0.1367545325,0.570600676,0.8737004955000001,3449.0,4517.0
0.8966177661269892,0.13367958825,0.6949312615,0.8776509435,3449.0,4517.0
0.8955332977289543,0.0291485615,0.751432347,0.892719389,3449.0,4517.0
0.8440073194746815,0.0,0.79131670175,0.9083152425000001,3449.0,4517.0
0.7143307739488021,0.0,0.7922980725,0.914246575,3449.0,4517.0
0.6461464044834978,0.0,0.8185605498000001,0.917121434,3449.0,4517.0
0.7890906752508098,0.0,0.8474415264999999,0.927464141,3449.0,4517.0
0.8936748109405276,0.019340787333333335,0.8611546593333333,0.9317148746666667,3449.0,4517.0
0.8824402048655463,0.14554022733333333,0.8268296283333334,0.93285272,3449.0,4517.0
0.8798628643233132,0.19276528599999998,0.8487673303333333,0.9338673223333332,3449.0,4517.0
0.9036477154188447,0.0433992965,0.8491377745,0.9322047099999999,3449.0,4517.0
0.8579784610385364,0.0,0.85158123975,0.933208786,3449.0,4517.0
0.7259864253308234,0.0,0.8591961945,0.9349186764999999,3449.0,4517.0
0.6648982469228691,0.0,0.8888853936000001,0.9325544347999999,3449.0,4517.0
0.7815439965898976,0.0,0.889374499,0.936187386,3449.0,4517.0
0.9066266583888796,0.0021881156666666668,0.8699440319999999,0.936944666,3449.0,4517.0
0.9254891374135144,0.194786097,0.84443271,0.936796341,3449.0,4517.0
0.9123650690475548,0.362699331,0.747300485,0.935958484,3449.0,4517.0
0.9030101963911944,0.5177668006666667,0.8184267816666667,0.9345366793333333,3449.0,4517.0
0.9000159061241717,0.40487124350000003,0.785955365,0.930182676,3449.0,4517.0
0.9222421638244234,0.1254358085,0.703508421,0.91960066,3449.0,4517.0
0.8799186202633402,0.0,0.62162799725,0.89419778175,3449.0,4517.0
0.6997544121825583,0.0,0.6638419065,0.89808219225,3449.0,4517.0
0.6620592394274842,0.0,0.7156594736666667,0.7145087569999999,3449.0,4517.0
0.7885661392285829,0.0,0.745870332,0.6942329515000001,3449.0,4517.0
0.8824919096257086,0.002715259,0.754605198,0.8427346085,3449.0,4517.0
0.8850752678343923,0.05441268,0.751083151,0.911037199,3449.0,4517.0
0.8827311234085339,0.126026026,0.7126964410000001,0.9035143434999999,3449.0,4517.0
0.8798941799263732,0.16783247533333334,0.7183098366666666,0.9002050716666666,3449.0,4517.0
0.8896192211248516,0.1052695965,0.711839312,0.8987843795,3449.0,4517.0
0.8954853189220616,0.0022232206666666665,0.710744291,0.9110783956666667,3449.0,4517.0
0.8273452998353317,0.0,0.7223401140000001,0.9122954575,3449.0,4517.0
0.7038969922283452,0.0,0.643945577,0.8776968976666666,3449.0,4517.0
0.6655103002854371,0.0,0.56350045475,0.8341771604999999,3449.0,4517.0
0.8317108075724511,0.0,0.4785929755,0.803992924,3449.0,4517.0
0.9268750959188766,0.05890983233333333,0.412541434,0.715283593,3449.0,4517.0
0.9094102707669842,0.3391944135,0.37744925500000004,0.5363741865,3449.0,4517.0
0.9011305812383239,0.423178646,0.4545162425,0.7177254305,3449.0,4517.0
0.9039387818404219,0.3643081875,0.465505481,0.8145112784999999,3449.0,4517.0
0.9286340026417629,0.113196415,0.4595952785,0.8611181685,3449.0,4517.0
0.8849951824410305,0.0,0.46333233575,0.86343167975,3449.0,4517.0
0.7394070824320311,0.0,0.482171743,0.831021498,3449.0,4517.0
0.6538346996699326,0.0,0.471227069,0.849260676,3449.0,4517.0
0.6451339796490887,0.0,0.5151312806666667,0.8388347516666667,3449.0,4517.0
0.7047297753413692,0.00101013475,0.5931996305,0.7997899612499999,3449.0,4517.0
0.7753982911394955,0.0351392885,0.6858957655,0.7399256845,3449.0,4517.0
0.7763480937073184,0.049702851500000006,0.7275942820000001,0.68980215,3449.0,4517.0
0.7671139294809425,0.03801814766666666,0.7609977036666667,0.7615445056666666,3449.0,4517.0
0.7830907025814864,0.0086225745,0.7819037605,0.8079302415,3449.0,4517.0
0.7525519982369846,0.0,0.7720181415,0.8495499277499999,3449.0,4517.0
0.6838837098516968,0.0,0.7204046315,0.7963565834999999,3449.0,4517.0
0.6226334112058309,0.0,0.646339647,0.67341095475,3449.0,4517.0
0.6391214541730401,0.0,0.527934108,0.498938581,3449.0,4517.0
0.7085690171011768,0.002152091666666667,0.456117013,0.48688865333333337,3449.0,4517.0
0.7678137544121875,0.040600937,0.416645379,0.579126125,3449.0,4517.0
0.7680578917725034,0.074281919,0.401247051,0.6427058665000001,3449.0,4517.0
0.76643471540657,0.08374577,0.47694225300000004,0.775064355,3449.0,4517.0
0.7739675327275937,0.0591785915,0.5429019645,0.849536234,3449.0,4517.0
0.798105815238989,0.012425614,0.6016207325,0.908929904,3449.0,4517.0
0.7824775647410545,0.0,0.6573623435,0.9219945270000001,3449.0,4517.0
0.7431409334713126,0.0,0.697151778,0.924135862,3449.0,4517.0
0.6628805563984413,0.0,0.70762707225,0.9224135792500001,3449.0,4517.0
0.6447280451244088,0.0,0.7404091056666666,0.921637046,3449.0,4517.0
0.7829953364314406,0.0,0.717582088,0.86062182,3449.0,4517.0
0.8721035191742899,0.011755720666666665,0.7015389889999999,0.7293488833333334,3449.0,4517.0
0.866106939765156,0.079127833,0.655453692,0.7799551490000001,3449.0,4517.0
0.8607852644208134,0.1475519755,0.707616472,0.80579283225,3449.0,4517.0
0.8883606983779201,0.062193465,0.6110562555,0.8227582545000001,3449.0,4517.0
0.8891148007248316,0.0,0.540656542,0.69243712,3449.0,4517.0
0.8262661394080046,0.0,0.45010148433333336,0.49805083866666666,3449.0,4517.0
0.6741140905476903,0.0,0.3253702625,0.4786522935,3449.0,4517.0
0.649746862703822,0.0,0.2931939393333334,0.6664462406666667,3449.0,4517.0
0.7900235780495527,0.0,0.289665581,0.755075392,3449.0,4517.0
0.8942974410543227,0.0054188815,0.30036818,0.791917625,3449.0,4517.0
0.8861835851647119,0.19219206966666666,0.3209354033333333,0.800577004,3449.0,4517.0
0.8751728012322393,0.22206858925,0.35413295699999997,0.82261380675,3449.0,4517.0
0.8848196865542941,0.0576105715,0.355415956,0.8209082999999999,3449.0,4517.0
0.8323343026173867,0.0,0.36915305,0.80684595,3449.0,4517.0
0.6816415185006628,0.0,0.3825771416666666,0.7913429290000001,3449.0,4517.0
0.6408607331937608,0.0,0.39095593325,0.77452699775,3449.0,4517.0
0.7843132966524096,0.0,0.42936815650000004,0.778708654,3449.0,4517.0
0.8766892561643822,0.0089987425,0.485330125,0.787447174,3449.0,4517.0
0.8673768177452119,0.2721192665,0.46067070099999996,0.781288921,3449.0,4517.0
0.8495804731263167,0.5078677405,0.4458366445,0.825702471,3449.0,4517.0
0.8412468907101944,0.528460462,0.50329137,0.8713898515,3449.0,4517.0
0.8528696296737344,0.2825815125,0.572153487,0.8585357805,3449.0,4517.0
0.8660968708935303,0.025259034,0.61627852,0.840545593,3449.0,4517.0
0.8252633901884001,0.0,0.6428070565,0.7813484504999999,3449.0,4517.0
0.704047286331615,0.0,0.6203347655,0.8057424445,3449.0,4517.0
0.6437753978712953,0.0,0.5781729344000001,0.7769401765999999,3449.0,4517.0
0.7863347929936573,0.0,0.5011993145,0.6632002889999999,3449.0,4517.0
0.8820170452523878,0.02834105866666667,0.466381652,0.6064007186666667,3449.0,4517.0
0.8759383474483129,0.1589222535,0.38562160749999996,0.5440058695,3449.0,4517.0
0.8733663444727535,0.15064657250000002,0.395441163,0.5832151135,3449.0,4517.0
0.8769359661970756,0.095129733,0.362925832,0.633299847,3449.0,4517.0
0.891722111316694,0.027665097,0.3352513525,0.6490347475,3449.0,4517.0
0.8614033775388729,0.0,0.327129512,0.6936840316666667,3449.0,4517.0
0.7697567843724691,0.0,0.33832665500000003,0.6690498145,3449.0,4517.0
0.6536550860208443,0.0,0.30868400366666665,0.666061645,3449.0,4517.0
0.6588372236913678,0.0,0.2611314253333333,0.5978663453333334,3449.0,4517.0
0.8166806137285544,0.0,0.2417575015,0.4773822585,3449.0,4517.0
0.9254651406363867,0.0034615265,0.2297124275,0.441792215,3449.0,4517.0
0.9272280394400092,0.152652716,0.2053777005,0.37644146599999995,3449.0,4517.0
0.9114709928659765,0.2915166963333333,0.20614222233333335,0.33739948700000005,3449.0,4517.0
0.907027536306082,0.23651121,0.2135884445,0.462864343,3449.0,4517.0
0.9240076796437524,0.0872278275,0.219288027,0.462037651,3449.0,4517.0
0.917116565720528,0.0,0.24921792599999998,0.4343242505,3449.0,4517.0
0.8496550361806976,0.0,0.29106154799999995,0.3781172465,3449.0,4517.0
0.7341698615897594,0.0,0.2370957155,0.2692692645,3449.0,4517.0
0.6499843244358283,0.0,0.230587817,0.21959277100000002,3449.0,4517.0
0.643994919677751,0.0,0.2201575835,0.2254151395,3449.0,4517.0
0.7168431028850762,0.0041337936666666665,0.19569552333333337,0.31791912499999997,3449.0,4517.0
0.7767586560860559,0.155102821,0.171806773,0.455094139,3449.0,4517.0
0.7815233709181684,0.30971294149999995,0.118636252,0.5490004319999999,3449.0,4517.0
0.7707790060419679,0.39538783466666666,0.12725902733333336,0.6182550283333333,3449.0,4517.0
0.7855114060683471,0.2371406205,0.135073272,0.6184394675,3449.0,4517.0
0.7977080718788105,0.024859511,0.165543595,0.623118331,3449.0,4517.0
0.7764948466886823,0.0,0.21539381024999998,0.6324991455,3449.0,4517.0
0.6851726536408349,0.0,0.24898301899999997,0.6314979176666666,3449.0,4517.0
0.6303314780927196,0.0,0.238540034,0.56953558525,3449.0,4517.0
0.6910917498996408,0.00499917925,0.20957278649999997,0.47709459475,3449.0,4517.0
0.7582625901386701,0.109185604,0.187493912,0.460894384,3449.0,4517.0
0.7476560994877604,0.20765071400000001,0.139026133,0.456773318,3449.0,4517.0
0.7354708222438485,0.2844818465,0.13446142575,0.46302045000000003,3449.0,4517.0
0.7554822453475762,0.101112018,0.1411613345,0.46336798749999997,3449.0,4517.0
0.735416973623785,0.0,0.1687010565,0.47134986725,3449.0,4517.0
0.6716477665327315,0.0,0.17521577733333335,0.5147450426666667,3449.0,4517.0
0.6436388268775417,0.0,0.1723975425,0.5332788405,3449.0,4517.0
0.7864235944580827,0.0,0.16841794100000002,0.5330389550000001,3449.0,4517.0
0.8853560139536198,0.03699022633333333,0.17129951933333334,0.5545110323333334,3449.0,4517.0
0.8813592701482421,0.185020785,0.17038289550000002,0.5428692724999999,3449.0,4517.0
0.8765265791949642,0.24328807625,0.21439824624999998,0.5505433855,3449.0,4517.0
0.8901573079824245,0.085744086,0.205872803,0.5392434054999999,3449.0,4517.0
0.8762441401577928,0.0,0.20750971499999998,0.514904763,3449.0,4517.0
0.8090158807242522,0.0,0.17837057550000002,0.3672792845,3449.0,4517.0
0.6923566969453981,0.0,0.12764824066666666,0.17534576166666668,3449.0,4517.0
0.6570481176344826,0.0,0.08347115475,0.083728308,3449.0,4517.0
0.8176850189808222,0.0,0.0605275225,0.0684154515,3449.0,4517.0
0.9151888830572339,0.0084700285,0.0581170925,0.0779166905,3449.0,4517.0
0.9114491990984986,0.080240259,0.052329234,0.103633626,3449.0,4517.0
0.896995593511181,0.15828443450000002,0.048877118,0.1057722255,3449.0,4517.0
0.8826160629991456,0.237351376,0.067383166,0.139476216,3449.0,4517.0
0.8788514951436043,0.2015311165,0.085305045,0.215241515,3449.0,4517.0
0.8940498882452794,0.07413691950000001,0.098651747,0.246946004,3449.0,4517.0
0.8852872024719696,0.0,0.1285217905,0.362901282,3449.0,4517.0
0.7947372608982183,0.0,0.179910761,0.5527632823333333,3449.0,4517.0
0.6460963350489468,0.0,0.24767069675000003,0.65201087325,3449.0,4517.0
0.6579215163682643,0.0,0.32595721050000004,0.705562044,3449.0,4517.0
0.7909241671659943,0.0,0.385792105,0.7338330055,3449.0,4517.0
0.89538510313382,0.0136249645,0.4355197085,0.752687279,3449.0,4517.0
0.8986162858913944,0.113298867,0.456232705,0.766907348,3449.0,4517.0
0.8885412730691082,0.218612645,0.45806771199999996,0.784523141,3449.0,4517.0
0.8828739952349771,0.2522674505,0.5647761595,0.8320184635,3449.0,4517.0
0.90393762855953,0.096534088,0.5936146165,0.8557897135,3449.0,4517.0
0.8624927177383312,0.0,0.58839651175,0.859978746,3449.0,4517.0
0.7593232391328928,0.0,0.540456297,0.831486395,3449.0,4517.0
0.7423408336273875,0.0,0.48871848599999995,0.8434216822,3328.0,4359.0
0.9029448447016,0.0,0.4614692575,0.873302136,3328.0,4359.0
0.9626397545929302,0.0069925365,0.416495853,0.8608927555,3328.0,4359.0
0.9581525330741443,0.156269014,0.388218369,0.776812204,3328.0,4359.0
0.9459124868329939,0.3344464875,0.2978281665,0.6905057855000001,3328.0,4359.0
0.9352522807185579,0.432978961,0.311405174,0.660949479,3328.0,4359.0
0.9357013000517324,0.39211533649999997,0.2829012185,0.65816443,3328.0,4359.0
0.9609577174693358,0.16202623700000002,0.2404036665,0.6698633705,3328.0,4359.0
0.9278918765370607,0.0,0.23271878825,0.73001115925,3328.0,4359.0
0.7751115717308932,0.0,0.248864376,0.70272640525,3328.0,4359.0
0.759316053421314,0.0,0.27278666100000004,0.6965097886666668,3328.0,4359.0
0.9115017614329934,0.0,0.28277831649999996,0.7237673895000001,3328.0,4359.0
0.9709743573105782,0.015460086,0.28726527199999996,0.6976451415,3328.0,4359.0
0.9624038231782253,0.259672103,0.267977701,0.684095289,3328.0,4359.0
0.9556298987009971,0.401847614,0.238725825,0.653929859,3328.0,4359.0
0.9478414262618209,0.481520701,0.32114026933333334,0.6996510403333334,3328.0,4359.0
0.9407154306695226,0.417857136,0.367542632,0.734068902,3328.0,4359.0
0.9588215599605203,0.2713375065,0.3578653035,0.7269347025,3328.0,4359.0
0.9707247197576357,0.076343907,0.323775696,0.698238555,3328.0,4359.0
0.958792062940146,0.0,0.32177477050000003,0.6177663879999999,3328.0,4359.0
0.8949389225836168,0.0,0.3182625355,0.4602561385,3328.0,4359.0
0.7652897339050513,0.0,0.307855263,0.30741465175,3328.0,4359.0
0.7271280025453777,0.0,0.28772159225000005,0.23428447175000003,3328.0,4359.0
0.7848709003622626,0.010987043333333333,0.2365731103333333,0.2865816386666667,3328.0,4359.0
0.8235738567896274,0.1710888115,0.21889461049999998,0.35988498150000003,3328.0,4359.0
0.8178763722393789,0.2595074705,0.256124702,0.44017571749999995,3328.0,4359.0
0.8203476419866194,0.22845322099999998,0.29993939399999997,0.569901063,3328.0,4359.0
0.8527089709585327,0.0763177085,0.2492167825,0.5604937395,3328.0,4359.0
0.839202846545524,0.0,0.23300845433333336,0.548266946,3328.0,4359.0
0.7844447245590705,0.0,0.21126628366666667,0.587043723,3328.0,4359.0
0.7347842635525322,0.0,0.16879949466666666,0.639444067,3328.0,4359.0
0.7920071274858859,0.012391474999999999,0.19454301699999998,0.6777388726666667,3328.0,4359.0
0.8317475345802396,0.2108681425,0.203213101,0.6417715715000001,3328.0,4359.0
0.8236612979363854,0.3897654466666667,0.251345627,0.6704028573333333,3328.0,4359.0
0.8262144790924117,0.34303774,0.319952233,0.731987249,3328.0,4359.0
0.8552571545809001,0.202560475,0.341733052,0.769725524,3328.0,4359.0
0.8546547066211786,0.022385372666666667,0.37381646733333335,0.8276752043333332,3328.0,4359.0
0.8269276848424953,0.0,0.3940829565,0.836073794,3328.0,4359.0
0.7662519672848247,0.0,0.40010459933333326,0.735841363,3328.0,4359.0
0.8550120857575769,0.0,0.397070777,0.756035684,3328.0,4359.0
0.9789974748367073,0.007486121333333334,0.39967979,0.7318280823333335,3328.0,4359.0
0.9847152450256702,0.203688395,0.36162197,0.730811519,3328.0,4359.0
0.9805400704480624,0.3492403425,0.36482551900000004,0.731895406,3328.0,4359.0
0.9769383347889,0.37517176649999995,0.3621665155,0.731832835,3328.0,4359.0
0.9727145456479518,0.25219956649999997,0.35248082000000003,0.7536728655,3328.0,4359.0
0.9855500315780539,0.136596531,0.330799535,0.789677062,3328.0,4359.0
0.9805001497419377,0.01804531133333333,0.3274558146666667,0.7911686233333333,3328.0,4359.0
0.9112796247925634,0.0,0.315104467,0.7284406655,3328.0,4359.0
0.795249155351132,0.0,0.27622769150000004,0.6262458195,3328.0,4359.0
0.7824246476430553,0.0,0.23336436333333332,0.530364455,3328.0,4359.0
0.9297855378949306,0.0,0.23304464949999998,0.5891446295,3328.0,4359.0
0.9909834627919998,0.0080048925,0.235380055,0.6435271,3328.0,4359.0
0.9840694165340214,0.099637444,0.226753208,0.677536358,3328.0,4359.0
0.9802943806156541,0.195563295,0.20857495399999998,0.6321370665,3328.0,4359.0
0.9766200779593525,0.23654063050000002,0.2268410015,0.6371330435,3328.0,4359.0
0.9767169522381619,0.196511667,0.243114824,0.73772092,3328.0,4359.0
0.9933643342256469,0.083276737,0.2694087335,0.783331422,3328.0,4359.0
0.9794705057618658,0.0,0.2899582075,0.7903797244999999,3328.0,4359.0
0.90225566532461,0.0,0.2831853203333333,0.7751527133333335,3328.0,4359.0
0.7786909961318802,0.0,0.2786642171666666,0.6933274673333333,3328.0,4359.0
0.899209152857348,0.0,0.290822352,0.676136702,3328.0,4359.0
0.9805314948734704,0.012431722,0.2820183266666667,0.658022601,3328.0,4359.0
0.9874365959278759,0.17216427,0.259028436,0.623932658,3328.0,4359.0
0.9860716623023165,0.257701541,0.224589243,0.548375425,3328.0,4359.0
0.9825508325652706,0.3430258646666667,0.252624611,0.5501570363333333,3328.0,4359.0
0.9826496141640437,0.308534361,0.3043921745,0.576924178,3328.0,4359.0
0.9977716256286523,0.150678783,0.2740808755,0.5265792985,3328.0,4359.0
0.9530940905373497,0.0,0.231349733,0.43431219249999997,3328.0,4359.0
0.8316551846877207,0.0,0.1995015015,0.3055915895,3328.0,4359.0
0.7833517130947609,0.0,0.1531420486,0.16424135599999998,3328.0,4359.0
0.9000164384465991,0.0,0.127799821,0.110010193,3328.0,4359.0
0.9794112604928736,0.017829622666666666,0.11178813533333333,0.097421559,3328.0,4359.0
0.9855440878002779,0.32590521549999996,0.07967718600000001,0.1211920575,3328.0,4359.0
0.974778062220333,0.5153957736666667,0.08256704466666666,0.18072639966666668,3328.0,4359.0
0.9689707809386957,0.3976682775,0.09566057250000001,0.2371860885,3328.0,4359.0
0.9883319731339488,0.163940567,0.1006149555,0.318581731,3328.0,4359.0
0.981997354016761,0.0,0.12272195500000001,0.450829654,3328.0,4359.0
0.9211756597390826,0.0,0.1462043365,0.5916196245,3328.0,4359.0
0.8316737700094998,0.0,0.1722008425,0.6743382950000001,3328.0,4359.0
0.7822147178875145,0.0,0.2053578028,0.7271665327999999,3328.0,4359.0
0.899339915360975,0.0,0.248093699,0.777376889,3328.0,4359.0
0.9808224725577698,0.023336528666666665,0.28172751599999996,0.7952924390000001,3328.0,4359.0
0.987314527247718,0.186431092,0.295266849,0.799194509,3328.0,4359.0
0.9827424075910917,0.3078993915,0.276949063,0.8110597005,3328.0,4359.0
0.9752793480970757,0.3459085206666667,0.2779396623333334,0.8351266733333333,3328.0,4359.0
0.9776778438272753,0.2109729775,0.282970118,0.8693477115,3328.0,4359.0
0.9761522219580417,0.03203524,0.331985142,0.8943250323333333,3328.0,4359.0
0.8935296178218107,0.0,0.38253202333333336,0.8440368266666667,3328.0,4359.0
0.7398556360337019,0.0,0.366801443,0.6551742955,3328.0,4359.0
0.7394342802474294,0.0,0.3030668973333333,0.325450406,3328.0,4359.0
0.8015891934239003,0.02486101933333333,0.253479957,0.243975347,3328.0,4359.0
0.8367529270312322,0.28426762,0.222473688,0.386650707,3328.0,4359.0
0.8296294301720166,0.4787919905,0.23462957550000002,0.534124415,3328.0,4359.0
0.8208776116527327,0.579670761,0.30064862550000004,0.67836763,3328.0,4359.0
0.8254839299880987,0.43997653999999997,0.3284428895,0.76226448,3328.0,4359.0
0.8559361172582949,0.181424598,0.351928704,0.801446308,3328.0,4359.0
0.8353000569145715,0.0,0.43483486450000003,0.8583660565,3328.0,4359.0
0.7521015040831637,0.0,0.51220353925,0.904754376,3328.0,4359.0
0.7208614038420639,0.0,0.5557817270000001,0.9047718177499999,3328.0,4359.0
0.7713165753919701,0.008974460333333333,0.539601248,0.8563698606666666,3328.0,4359.0
0.814891367242691,0.106587792,0.473600579,0.810862569,3328.0,4359.0
0.8079163311398232,0.182066059,0.388212536,0.7013558095000001,3328.0,4359.0
0.8011171679179175,0.2608433715,0.40052741199999997,0.7239321205,3328.0,4359.0
0.8075535404974563,0.2202748205,0.42448208249999997,0.813548484,3328.0,4359.0
0.8438290512946574,0.11546255799999999,0.4339942365,0.84475857,3328.0,4359.0
0.8210819170205792,0.0,0.435328682,0.8525200494,3328.0,4359.0
0.7545213980511715,0.0,0.4095611428,0.7563850045999999,3328.0,4359.0
0.842917971842485,0.0,0.37232696649999997,0.628365601,3328.0,4359.0
0.9714878559610312,0.037081409,0.305404991,0.44153149333333336,3328.0,4359.0
0.9721420825864628,0.362405869,0.238199638,0.282267989,3328.0,4359.0
0.960271702127222,0.5729545115000001,0.182294409,0.2348890195,3328.0,4359.0
0.9488418246016225,0.6945946085,0.215259336,0.2430365825,3328.0,4359.0
0.9466478264341907,0.596301466,0.246600019,0.34174646249999996,3328.0,4359.0
0.9723869296425216,0.3111980835,0.226359933,0.3995912415,3328.0,4359.0
0.9729433356606598,0.0,0.235522277,0.5029709295,3328.0,4359.0
0.9153403599698682,0.0,0.2556387915,0.623289732,3328.0,4359.0
0.8013073457745378,0.0,0.32094168075,0.8169731629999999,3328.0,4359.0
0.7872709929585037,0.0,0.3781044230000001,0.8995419386666667,3328.0,4359.0
0.9485175057454223,0.0,0.4485837163333333,0.9096369636666667,3328.0,4359.0
0.9925457377972203,0.138128451,0.502696686,0.892397056,3328.0,4359.0
0.9801344759901444,0.273330342,0.509198741,0.879773201,3328.0,4359.0
0.9678351696482718,0.376781036,0.45346340249999995,0.871587765,3328.0,4359.0
0.957350925152076,0.3976509215,0.5080184915,0.8768087335,3328.0,4359.0
0.9595045147017783,0.299284002,0.507981602,0.8806210155,3328.0,4359.0
0.9799171298972185,0.163218115,0.511481338,0.857342498,3328.0,4359.0
0.975049700510035,0.028226682,0.484424107,0.8167271636666666,3328.0,4359.0
0.8921424468604976,0.0,0.37781092266666666,0.6830738096666668,3328.0,4359.0
0.7646654293412627,0.0,0.2851613075,0.39222428249999997,3328.0,4359.0
0.7527033199142211,0.0,0.20362485866666669,0.30076731733333334,3328.0,4359.0
0.8443827960043806,0.0,0.1853792815,0.44055388,3328.0,4359.0
0.9643962217915392,0.0,0.2311600125,0.6708626634999999,3328.0,4359.0
0.9836207077053896,0.067165363,0.270991915,0.795093365,3328.0,4359.0
0.9768124514688147,0.153173861,0.279863134,0.840528522,3328.0,4359.0
0.9654617500199236,0.25725280100000003,0.27307966800000005,0.8282766994999999,3328.0,4359.0
0.9499228332413482,0.2522585216666667,0.344793339,0.8520224253333333,3328.0,4359.0
0.9560605101869483,0.10508635000000001,0.3952515305,0.8386120785,3328.0,4359.0
0.9618819855184281,0.007054907666666666,0.44098968299999997,0.858717681,3328.0,4359.0
0.8920050605299383,0.0,0.487315989,0.874027296,3328.0,4359.0
0.7814666983046802,0.0,0.501053364,0.851071443,3328.0,4359.0
0.7407531534887656,0.0,0.476108875,0.83197599625,3328.0,4359.0
0.8746399926987879,0.0,0.423827801,0.7852683635,3328.0,4359.0
0.9371325020487835,0.008603239,0.397092055,0.7587829105,3328.0,4359.0
0.9229909877459729,0.050694533,0.35742744000000004,0.699079902,3328.0,4359.0
0.9031398647889879,0.10160607966666667,0.30850910533333337,0.5130206253333333,3328.0,4359.0
0.8965304728419473,0.126480965,0.26312202500000004,0.406101319,3328.0,4359.0
0.9180275120414733,0.076931376,0.23200960599999998,0.352854338,3328.0,4359.0
0.9178007180353867,0.0,0.214639342,0.40513580849999997,3328.0,4359.0
0.8653218767136759,0.0,0.19700371500000002,0.397445339,3328.0,4359.0
0.7460362831920135,0.0,0.157776589,0.395632687,3328.0,4359.0
0.7391408925335785,0.0,0.12550680433333333,0.30263063100000004,3328.0,4359.0
0.8703781457946033,0.0,0.110225745,0.27020382,3328.0,4359.0
0.9550514623501333,0.022876200666666666,0.09670529099999998,0.18831589766666665,3328.0,4359.0
0.9489416707440096,0.194806968,0.079742179,0.156365207,3328.0,4359.0
0.9283483477767744,0.362365944,0.0654332605,0.138208897,3328.0,4359.0
0.9144925179349181,0.456023335,0.052311344333333336,0.09381585399999999,3328.0,4359.0
0.9244563441290554,0.27208283850000003,0.0661095005,0.093030052,3328.0,4359.0
0.952059389958237,0.049962095500000005,0.1155573935,0.1447297795,3328.0,4359.0
0.9187818361556493,0.0,0.1694791925,0.2560613995,3328.0,4359.0
0.8536027513998046,0.0,0.216695689,0.2864081845,3328.0,4359.0
0.7197224362779716,0.0,0.256438581,0.24040095399999997,3328.0,4359.0
0.7059865237983236,0.0,0.2575269515,0.317218337,3328.0,4359.0
0.7618757253405392,0.006080832666666667,0.320927661,0.3636565746666667,3328.0,4359.0
0.8038224173828237,0.077676727,0.338041896,0.358174722,3328.0,4359.0
0.7930360617364685,0.20733591550000002,0.3093259775,0.2476873635,3328.0,4359.0
0.7746168357417879,0.35514289833333335,0.3188771673333333,0.242604842,3328.0,4359.0
0.7882921057073125,0.2864853125,0.257340478,0.206317204,3328.0,4359.0
0.8259492281318882,0.139518634,0.213384908,0.201796244,3328.0,4359.0
0.8114354397786385,0.0003550556,0.2003165348,0.18334413100000002,3328.0,4359.0
0.7416000530086228,0.0,0.19927786133333333,0.22529598400000003,3328.0,4359.0
0.7376612719072564,0.0,0.20361691075,0.37265159675000004,3328.0,4359.0
0.7944154703710667,0.03277438033333333,0.21279379899999998,0.42229155999999995,3328.0,4359.0
0.8233468853596049,0.24390895350000003,0.176068697,0.40644964650000004,3328.0,4359.0
0.7987132754628589,0.40593511174999997,0.20406054675000002,0.40557262875,3328.0,4359.0
0.813011944294866,0.244091832,0.192323898,0.347088647,3328.0,4359.0
0.8367808271349451,0.05691575,0.1871157945,0.326967304,3328.0,4359.0
0.8208295885362581,0.0,0.17492003966666667,0.30989816133333337,3328.0,4359.0
0.7664436310732339,0.0,0.11521479125,0.25443727,3328.0,4359.0
0.7698844862921138,0.0,0.09132595433333333,0.21011613233333334,3328.0,4359.0
0.9429204735317894,0.0,0.07607217133333334,0.20087797733333335,3328.0,4359.0
0.9818366509582304,0.12780982400000002,0.052962915,0.1799686045,3328.0,4359.0
0.962159131374438,0.3059158255,0.0547765375,0.21832710475,3328.0,4359.0
0.9510921553495273,0.22815844899999999,0.1085076665,0.3498591875,3328.0,4359.0
0.9666119989115924,0.07897895199999999,0.126543761,0.424779099,3328.0,4359.0
0.9260857524790921,0.0,0.17191582075,0.5823105239999999,3328.0,4359.0
0.7999258450054851,0.0,0.19189556349999998,0.6236578425,3328.0,4359.0
0.7502235338045689,0.0,0.26312856619999997,0.6727988218000001,3328.0,4359.0
0.9262368080541719,0.0,0.34666974733333333,0.6468313483333333,3328.0,4359.0
0.9713049895735354,0.058279038,0.360602556,0.621057442,3328.0,4359.0
0.9651257063016178,0.12915463,0.361327381,0.611511344,3328.0,4359.0
0.9570635403404393,0.233390425,0.378737667,0.589048051,3328.0,4359.0
0.9433370684087076,0.27465436600000004,0.426765135,0.6509507695,3328.0,4359.0
0.940344966403972,0.2494544615,0.4526880205,0.768902012,3328.0,4359.0
0.9603673344384817,0.175965563,0.470233612,0.850720076,3328.0,4359.0
0.9663902171696541,0.0510441775,0.4856952235,0.8428077455,3328.0,4359.0
0.929711950697506,0.0,0.47601233249999997,0.8036254700000001,3328.0,4359.0
0.865143919038194,0.0,0.43329740250000004,0.756984712,3328.0,4359.0
0.7663054906107992,0.0,0.4819787370000001,0.7637385514999999,3328.0,4359.0
0.949268991026007,0.0004188706666666667,0.5267099796666667,0.7489853793333334,3328.0,4359.0
0.9913037599208772,0.223147031,0.500154019,0.7042113,3328.0,4359.0
0.976450725420682,0.510454041,0.459448062,0.6367654515000001,3328.0,4359.0
0.9658147378506381,0.7177010125000001,0.4859524655,0.5716440955,3328.0,4359.0
0.9580334363081844,0.7211516195000001,0.5434653205,0.623032711,3328.0,4359.0
0.9590350470195698,0.584260634,0.577972869,0.678814016,3328.0,4359.0
0.9765793588370806,0.33492320249999996,0.5512585165,0.726506788,3328.0,4359.0
0.9531077670543112,0.00151525,0.5477499613333333,0.761706883,3328.0,4359.0
0.8791392348031122,0.0,0.5017950005,0.7397031545,3328.0,4359.0
0.7764537653111109,0.0,0.485730322,0.6375923156666666,3328.0,4359.0
0.9492293956055345,0.0005305076666666667,0.48800303333333334,0.637671761,3328.0,4359.0
0.9931544843319688,0.246317209,0.473829892,0.662630734,3328.0,4359.0
0.9841139503974611,0.465599031,0.459554686,0.64808525,3328.0,4359.0
0.9728605667450352,0.7216205576666667,0.3938891136666666,0.51319119,3328.0,4359.0
0.960729814525686,0.735882218,0.5240182975000001,0.5698306335000001,3328.0,4359.0
0.9696873134002286,0.4946568025,0.5633363604999999,0.677967114,3328.0,4359.0
0.9834259833920549,0.246788396,0.507727814,0.747927808,3328.0,4359.0
0.9576714736948042,0.002018105,0.49919373066666667,0.791887544,3328.0,4359.0
0.8832960902201545,0.0,0.4188699295,0.7435072765,3328.0,4359.0
0.7742260193562763,0.0,0.38813639074999995,0.689983869,3328.0,4359.0
0.8298711575196545,0.0,0.381183859,0.632366466,3328.0,4359.0
0.9721886567492327,0.000961139,0.37473588300000005,0.667232355,3328.0,4359.0
0.9932015020292678,0.260338159,0.352091043,0.658766285,3328.0,4359.0
0.9834164023982872,0.5775676405,0.277249644,0.612993712,3328.0,4359.0
0.9723468610915539,0.8144020126666667,0.25937336099999997,0.5504318513333333,3328.0,4359.0
0.9673820695139563,0.7009350755,0.3227990285,0.5812693415,3328.0,4359.0
0.9831325217726559,0.469498477,0.336717731,0.612843633,3328.0,4359.0
0.9860626135297357,0.270406662,0.312916924,0.631775503,3328.0,4359.0
0.9620740484896008,0.0025507390000000002,0.3379452223333333,0.6750229466666666,3328.0,4359.0
0.8898461481609248,0.0,0.309686226,0.6509707245,3328.0,4359.0
0.759289563816798,0.0,0.2755619124,0.5310798472,3328.0,4359.0
0.7765101052990122,0.000435509,0.293090439,0.572231076,3328.0,4359.0
0.8363432517721731,0.184261257,0.297469014,0.572949622,3328.0,4359.0
0.8402387152119483,0.387932965,0.259698425,0.52747774,3328.0,4359.0
0.8350782086323298,0.6155186095,0.21356802,0.4371030775,3328.0,4359.0
0.8243225919738988,0.7634081425,0.2292797735,0.4373665805,3328.0,4359.0
0.8220499056582367,0.6521399235,0.283605636,0.5291314985,3328.0,4359.0
0.8477689154666451,0.426864289,0.320702569,0.584594796,3328.0,4359.0
0.8554155954209751,0.250760971,0.347020506,0.616130891,3328.0,4359.0
0.8409305412006107,0.00194987625,0.3963764475,0.6459486247499999,3328.0,4359.0
0.7736959979225325,0.0,0.36439383033333334,0.6687980883333333,3328.0,4359.0
0.7545596775816725,0.0,0.39397908125000003,0.6772540435000001,3328.0,4359.0
0.7810194384634999,0.0009197803333333333,0.42173010400000005,0.7308705396666667,3328.0,4359.0
0.8369444577137245,0.274830141,0.426045836,0.749565167,3328.0,4359.0
0.8438705244560009,0.499093636,0.425867642,0.739253759,3328.0,4359.0
0.8408531393632588,0.7354720745000001,0.3621986175,0.6881396655,3328.0,4359.0
0.8336199048633459,0.8722808335000001,0.4558109345,0.6515407419999999,3328.0,4359.0
0.8356008595568776,0.7756079965,0.550495118,0.708108596,3328.0,4359.0
0.8623350087403531,0.55860646,0.555523554,0.761340769,3328.0,4359.0
0.8691218853167472,0.335211985,0.563143898,0.798564078,3328.0,4359.0
0.851944001332285,0.002845557,0.590587848,0.85530681875,3328.0,4359.0
0.7881007397358445,0.0,0.4663652219999999,0.8383943454285715,3328.0,4359.0
0.947419301630057,0.0014031436666666665,0.548812907,0.8672238746666667,3328.0,4359.0
0.9910850831231236,0.302777781,0.577030338,0.8749221,3328.0,4359.0
0.9852462792691445,0.527092373,0.60493028,0.871178586,3328.0,4359.0
0.9845961038826346,0.7864832173333333,0.57647386,0.8484116839999999,3328.0,4359.0
0.9854351929865505,0.7914850305000001,0.6987759849999999,0.8747877639999999,3328.0,4359.0
0.9943844416227736,0.5616883775,0.7418530145,0.90586268,3328.0,4359.0
0.9987766517887647,0.3037109,0.704027602,0.914472291,3328.0,4359.0
0.9683945327657518,0.0045547849999999996,0.6772961683333333,0.9158441386666668,3328.0,4359.0
0.891391922638886,0.0,0.6073715895,0.9021169585,3328.0,4359.0
0.7856950413603911,0.0,0.533220716,0.877285366,3328.0,4359.0
0.7854477325408973,0.0,0.4288706155,0.7459109580000001,3328.0,4359.0
0.9258408832260587,0.0,0.3884569825,0.616785833,3328.0,4359.0
0.9826328918188995,0.004752456,0.362898119,0.595063594,3328.0,4359.0
0.9872071848048422,0.298236958,0.396332075,0.606717157,3328.0,4359.0
0.9858131534513491,0.495386984,0.400276326,0.60606951,3328.0,4359.0
0.984294569381358,0.62777544,0.298299964,0.64464792,3328.0,4359.0
0.9837150093286947,0.7151721133333333,0.3473672173333333,0.6779453226666666,3328.0,4359.0
0.9860905580780178,0.5582827235,0.375485124,0.7206889595,3328.0,4359.0
0.9991145584837055,0.2948519965,0.3375311635,0.7463158635,3328.0,4359.0
0.9688977999186266,0.005140344666666667,0.27653641,0.7212236426666667,3328.0,4359.0
0.8907516387338128,0.0,0.22921641450000002,0.677557442,3328.0,4359.0
0.7825600823609422,0.0,0.22141281366666665,0.6034510236666666,3328.0,4359.0
0.7919238558438,0.0,0.2784361956666666,0.5861833763333334,3328.0,4359.0
0.9244221453996954,0.0,0.37453165050000004,0.7260982300000001,3328.0,4359.0
0.9810405875721174,0.005244586,0.457317272,0.804888577,3328.0,4359.0
0.9890100043483362,0.232715141,0.475916027,0.843409377,3328.0,4359.0
0.9848643267404826,0.450395513,0.5041553335,0.8779759745,3328.0,4359.0
0.9836114224688015,0.5775497720000001,0.5947983583333333,0.905294919,3328.0,4359.0
0.9863360704864905,0.3994785515,0.686579896,0.9239270595,3328.0,4359.0
0.9986938828393933,0.180891994,0.731100417,0.928275763,3328.0,4359.0
0.989483257074506,0.025370689000000002,0.7675120403333332,0.9162124626666666,3328.0,4359.0
0.9055500115094915,0.0,0.747489468,0.8815883233333334,3328.0,4359.0
0.7126203783046158,0.0,0.7023043786666667,0.8510715813333335,3023.8333333333335,3959.8333333333335
0.887269487785962,0.000591529,0.6836138376666666,0.8930647659999998,2963.0,3880.0
0.9577886335954546,0.052666103,0.683883591,0.905551024,2963.0,3880.0
0.957714114935023,0.1561441985,0.6258396335,0.917755759,2963.0,3880.0
0.9522194276306069,0.2927806016666667,0.6185269573333333,0.924109199,2963.0,3880.0
0.9453534194052,0.283545268,0.665052778,0.9113853235,2963.0,3880.0
0.9545067959752099,0.197940488,0.720971879,0.918444042,2963.0,3880.0
0.932344921498151,0.027306932,0.7801006827499999,0.9117340335,2963.0,3880.0
0.8348137117108778,0.0,0.75657201,0.9129987035,2963.0,3880.0
0.690485849572165,0.0,0.7619018766666666,0.9074023320000001,2963.0,3880.0
0.6930083361342162,0.0,0.7277167236666666,0.8866051816666666,2963.0,3880.0
0.849879656756227,0.0,0.704370401,0.9224903605,2963.0,3880.0
0.9329219310669745,0.00247373,0.677300446,0.92010907,2963.0,3880.0
0.9506956539062785,0.1013830615,0.612682774,0.8967233875,2963.0,3880.0
0.9425410493153031,0.273219387,0.496111082,0.822377762,2963.0,3880.0
0.9316019747887638,0.4450829905,0.483087332,0.7292674754999999,2963.0,3880.0
0.9168452822449507,0.4847870715,0.4334911305,0.6569782115,2963.0,3880.0
0.9312724958573189,0.3074273775,0.407538285,0.671775048,2963.0,3880.0
0.9184115789437474,0.005710983333333333,0.46957497900000006,0.7951894696666666,2963.0,3880.0
0.8358780867089904,0.0,0.4425773005,0.7508788035,2963.0,3880.0
0.6801624116360139,0.0,0.433788724,0.6538452466666667,2963.0,3880.0
0.6864024113022928,0.0006663776666666668,0.43731114216666667,0.7519382035,2963.0,3880.0
0.7800481230873959,0.19363656550000002,0.3629209925,0.782268083,2963.0,3880.0
0.7628209813841539,0.47545893675,0.4010121005,0.7395979405000002,2963.0,3880.0
0.740488623309817,0.46099078400000004,0.3854231195,0.6435643280000001,2963.0,3880.0
0.7660332017497931,0.2773682315,0.2895545985,0.5844171535,2963.0,3880.0
0.7805725481753703,0.00608557925,0.37377454200000004,0.6387435875,2963.0,3880.0
0.6691075860713002,0.0,0.4350197872857143,0.6932126524285714,2963.0,3880.0
0.6995711391205037,0.0035408936666666666,0.408402953,0.663446541,2963.0,3880.0
0.763907911545624,0.153381682,0.37433571600000004,0.648353614,2963.0,3880.0
0.7549245085739898,0.2351875705,0.330453256,0.6146497595,2963.0,3880.0
0.7481341279128311,0.2408640555,0.3637237335,0.6419071625,2963.0,3880.0
0.7501917746467314,0.2438884075,0.3720643,0.569780206,2963.0,3880.0
0.7730281983238372,0.188489473,0.355976777,0.537748236,2963.0,3880.0
0.7834113546594758,0.0728230645,0.34747541449999997,0.579085071,2963.0,3880.0
0.7680994979975804,0.0,0.34569499499999995,0.5959801856666667,2963.0,3880.0
0.6882851683605586,0.0,0.3669261015,0.65923476325,2963.0,3880.0
0.679470822178852,0.0,0.39164157633333335,0.769874444,2963.0,3880.0
0.8685948135580435,0.003415388,0.4096795416666667,0.7111633826666667,2963.0,3880.0
0.9209464704339337,0.20599859450000002,0.371416592,0.6567600285,2963.0,3880.0
0.8917933476090052,0.440043048,0.280292059,0.620560848,2963.0,3880.0
0.8636255567860875,0.5690334255,0.2967812885,0.6261146639999999,2963.0,3880.0
0.8561424629659676,0.4062622835,0.24345016749999998,0.6247641184999999,2963.0,3880.0
0.8661653570389082,0.246699987,0.193850244,0.613138553,2963.0,3880.0
0.8844519279911076,0.071212651,0.205452987,0.6125863890000001,2963.0,3880.0
0.8592679444900364,0.0,0.22663049600000001,0.5878698495,2963.0,3880.0
0.7884551152770068,0.0,0.2479670375,0.6221703425,2963.0,3880.0
0.6693822659117747,0.0,0.2468211465,0.6020888055,2963.0,3880.0
0.6608660018382803,0.0,0.21519367275,0.51978725225,2963.0,3880.0
0.8481350032244951,0.003658383666666667,0.18020253533333333,0.4577159513333333,2963.0,3880.0
0.913409927260881,0.157031076,0.164598519,0.467862866,2963.0,3880.0
0.9000884731719312,0.324982397,0.158870627,0.450642288,2963.0,3880.0
0.8807750970563777,0.42442704750000004,0.19243777099999998,0.364043357,2963.0,3880.0
0.8700507516070577,0.4142898715,0.239076379,0.28086897099999997,2963.0,3880.0
0.8727983170096569,0.377533791,0.255099171,0.298356394,2963.0,3880.0
0.890028541485419,0.2147641625,0.29051337899999996,0.384766937,2963.0,3880.0
0.8993823200359461,0.009746409,0.373770082,0.4213088575,2963.0,3880.0
0.8176070996358996,0.0,0.42895431700000003,0.455482723,2963.0,3880.0
0.6691350827823328,0.0,0.44896831,0.45278377966666666,2963.0,3880.0
0.6714994685035768,0.0,0.4731581143333334,0.5306759369999999,2963.0,3880.0
0.8294972038829551,0.0,0.491293742,0.6072821995,2963.0,3880.0
0.918032391275635,0.016335777,0.506771146,0.639318785,2963.0,3880.0
0.9186102658430928,0.217807023,0.525389638,0.6625491795,2963.0,3880.0
0.8980670655173413,0.416806232,0.5308839195,0.6943714135,2963.0,3880.0
0.8862041369646398,0.5284127615,0.546268421,0.731973467,2963.0,3880.0
0.8855578648878417,0.4863870555,0.5500813685,0.7342394075,2963.0,3880.0
0.905814123987106,0.2960573675,0.502735713,0.750792125,2963.0,3880.0
0.8982803012806536,0.015776189333333333,0.39219494400000005,0.672485299,2963.0,3880.0
0.819091026576525,0.0,0.383435222,0.7015860410000001,2963.0,3880.0
0.6840680770617681,0.0,0.43697743633333325,0.7752071626666668,2963.0,3880.0
0.8666480428802558,0.010289869333333333,0.49837899699999993,0.8083125126666667,2963.0,3880.0
0.9143469994968023,0.3088107615,0.4466067635,0.785063453,2963.0,3880.0
0.8929084663083067,0.543197877,0.38797448349999997,0.726654725,2963.0,3880.0
0.8775621447727109,0.659193357,0.4502998005,0.6991954675000001,2963.0,3880.0
0.873561379341251,0.5626814965,0.443432924,0.5956359915,2963.0,3880.0
0.891594187596038,0.29551612,0.325927363,0.496746667,2963.0,3880.0
0.8776439822253282,0.013342147666666667,0.277433988,0.42325655366666665,2963.0,3880.0
0.7973802783988244,0.0,0.284744149,0.402286776,2963.0,3880.0
0.6637577143429894,0.0,0.330198428,0.39521380124999994,2963.0,3880.0
0.7021500321179559,0.0,0.36152000033333326,0.4339182693333334,2963.0,3880.0
0.8712311628208946,0.011063003,0.4034708495,0.473447223,2963.0,3880.0
0.8990074645153321,0.1744047555,0.4140087055,0.555844596,2963.0,3880.0
0.871902525746907,0.348924733,0.36053421333333335,0.6724690026666668,2963.0,3880.0
0.8559251168730417,0.33243661199999996,0.440894838,0.7291937915,2963.0,3880.0
0.8614296512480719,0.202372277,0.5079259395,0.765942711,2963.0,3880.0
0.8613785971098342,0.038145324,0.6005711253333333,0.8578080040000001,2963.0,3880.0
0.7741345048158054,0.0,0.6513367983333334,0.8970291876666666,2963.0,3880.0
0.6135364448761766,0.0,0.6728894411666667,0.9108426816666665,2963.0,3880.0
0.6331478734786662,0.0,0.651898329,0.90023722,2963.0,3880.0
0.6929187658664829,0.042390342,0.6431452660000001,0.888313668,2963.0,3880.0
0.7181103342534596,0.222305753,0.5392814225,0.8679480774999999,2963.0,3880.0
0.7081561259721173,0.3804329465,0.46133871049999997,0.744926492,2963.0,3880.0
0.7009229136438688,0.3733725605,0.395745852,0.4738158915,2963.0,3880.0
0.7021390539381139,0.2781776365,0.34392085250000004,0.362703808,2963.0,3880.0
0.7116320005334791,0.069415691,0.365925454,0.30545796199999997,2963.0,3880.0
0.6911321141993514,0.0,0.4377845935,0.2814508465,2963.0,3880.0
0.635424795898361,0.0,0.4555203835,0.3709795495,2963.0,3880.0
0.601827410647779,0.0,0.47473609175000003,0.605685733,2963.0,3880.0
0.647660133006224,0.004006593,0.5155330743333334,0.66928216,2963.0,3880.0
0.698344257245411,0.147033395,0.503751905,0.706877745,2963.0,3880.0
0.7044844403315222,0.348944587,0.45714838950000003,0.7466143005,2963.0,3880.0
0.6932587018508516,0.5068692847499999,0.47525190425,0.74239866275,2963.0,3880.0
0.6986313980674985,0.347644148,0.4287595415,0.6817163965,2963.0,3880.0
0.712615292084299,0.124436962,0.3884388515,0.7162531305,2963.0,3880.0
0.707957757001616,0.0,0.43634723799999997,0.8226213776666667,2963.0,3880.0
0.6779681029977864,0.0,0.4845968045,0.856851273,2963.0,3880.0
0.6346623323704406,0.0,0.5744606573333333,0.8668476119999999,2963.0,3880.0
0.6829594639573955,0.0,0.6467273226666667,0.9159654146666667,2963.0,3880.0
0.8524640351651961,0.01461252,0.6860234435,0.9241102555,2963.0,3880.0
0.8735899448479979,0.18151215050000002,0.6895222345,0.9226735815,2963.0,3880.0
0.8637594242845195,0.363266486,0.7374377325,0.927253079,2963.0,3880.0
0.8572523032399071,0.40993113150000005,0.7824161765,0.9301047545000001,2963.0,3880.0
0.8659516481788475,0.3601615393333333,0.8097777466666667,0.9323583596666666,2963.0,3880.0
0.8828684506484015,0.115282064,0.789422795,0.9328148215000001,2963.0,3880.0
0.8283205186223879,0.0,0.739276941,0.9280008583333333,2963.0,3880.0
0.7100097556811733,0.0,0.706486749,0.9075102214999999,2963.0,3880.0
0.6400396306079501,0.0,0.647574196,0.86699310525,2963.0,3880.0
0.7177380070618945,0.0,0.543992857,0.7138643575000001,2963.0,3880.0
0.8698906695576123,0.0116034315,0.4532693495,0.4945040815,2963.0,3880.0
0.9061039483398932,0.175088351,0.412936423,0.33777619550000004,2963.0,3880.0
0.8903043788588857,0.36237889633333326,0.3346909196666667,0.168203858,2963.0,3880.0
0.8778935754180686,0.4104730815,0.2947072905,0.1669975965,2963.0,3880.0
0.8832392697618234,0.337926136,0.225066028,0.16254613699999998,2963.0,3880.0
0.8936698430872018,0.138786115,0.1520120495,0.19829144399999998,2963.0,3880.0
0.8516836887050516,0.0,0.12367381399999999,0.259245837,2963.0,3880.0
0.7340968953507998,0.0,0.1447365085,0.40906750000000003,2963.0,3880.0
0.6683074450225008,0.0,0.1816423145,0.5598886685,2963.0,3880.0
0.6882781600813521,0.0,0.23274414433333335,0.6476067833333333,2963.0,3880.0
0.8489317171650391,0.0,0.3156665165,0.7482502275,2963.0,3880.0
0.9278528873108168,0.081982454,0.369345856,0.792625574,2963.0,3880.0
0.9107829667530052,0.380318787,0.357205157,0.811805396,2963.0,3880.0
0.869014498581163,0.684066054,0.358266212,0.8349259825,2963.0,3880.0
0.8509429672107256,0.7441353310000001,0.462045116,0.8749776924999999,2963.0,3880.0
0.8427081219488071,0.5757111225,0.557443173,0.9025498615,2963.0,3880.0
0.8537064565760684,0.268607484,0.6135253334999999,0.9227076315,2963.0,3880.0
0.858124526495822,0.011081357,0.724866367,0.9291095575,2963.0,3880.0
0.8039694586464453,0.0,0.7387792179999999,0.8996327135,2963.0,3880.0
0.7043386853787791,0.0,0.6717846605,0.8265694865,2963.0,3880.0
0.6349733036399888,0.0,0.6155997795,0.810373394,2963.0,3880.0
0.7071042816596858,0.0,0.5165943695,0.842262286,2963.0,3880.0
0.8558915391021464,0.006580919,0.43319947150000004,0.7394374875,2963.0,3880.0
0.8892313248184139,0.1230399805,0.376897256,0.6860224895,2963.0,3880.0
0.8832410440011803,0.269549751,0.3133061885,0.631476207,2963.0,3880.0
0.8785598077635621,0.37774186099999996,0.36121866,0.6462644795,2963.0,3880.0
0.8694683970978789,0.341183031,0.3853041625,0.574801019,2963.0,3880.0
0.8871892028054368,0.243585394,0.39862125,0.605534088,2963.0,3880.0
0.8951670473451514,0.10198744100000001,0.38273331899999996,0.672643835,2963.0,3880.0
0.8634440062379429,0.0,0.362151563,0.7524183045,2963.0,3880.0
0.7928206229635062,0.0,0.3396836225,0.7106359200000001,2963.0,3880.0
0.6611855154164871,0.0,0.26075023199999997,0.6141920021666666,2963.0,3880.0
0.8002652154858605,0.0,0.1957185985,0.5205475884999999,2963.0,3880.0
0.8952507033635811,0.061235971,0.173705538,0.485133516,2963.0,3880.0
0.9017649657595702,0.197087308,0.150885662,0.466295983,2963.0,3880.0
0.8771109075644101,0.3881164235,0.1149736385,0.416985251,2963.0,3880.0
0.8564587681322224,0.548719166,0.107910228,0.33847827350000004,2963.0,3880.0
0.8457408543385365,0.5446668855,0.11344918400000001,0.251207355,2963.0,3880.0
0.8618874531926134,0.37790577449999996,0.0874527025,0.21792353050000002,2963.0,3880.0
0.8841528331490955,0.1237165965,0.0641056905,0.1808780265,2963.0,3880.0
0.8529889482069588,0.0,0.0667589035,0.17142628450000003,2963.0,3880.0
0.7906300402448015,0.0,0.07163380550000001,0.215374439,2963.0,3880.0
0.6526943422259537,0.0,0.08329759049999999,0.2518816575,2963.0,3880.0
0.6353411176272743,0.0,0.1051753862,0.33061010439999994,2963.0,3880.0
0.6997612651757465,0.0241911125,0.1232947345,0.4155702915,2963.0,3880.0
0.7555733532219252,0.166826883,0.114355462,0.455910105,2963.0,3880.0
0.7802812600624587,0.3108820915,0.10976477400000001,0.4702741995,2963.0,3880.0
0.784288057907732,0.400738041,0.1188546105,0.5121010575,2963.0,3880.0
0.7874029826316973,0.38084352450000003,0.16806686799999998,0.566966819,2963.0,3880.0
0.8088355721436574,0.2567524425,0.21338496099999998,0.6045510465,2963.0,3880.0
0.8209745746181998,0.077123656,0.237264229,0.606713041,2963.0,3880.0
0.7933804001207897,0.0,0.24410058666666667,0.6054914503333334,2963.0,3880.0
0.699117976149599,0.0,0.20710097925,0.5353660635,2963.0,3880.0
0.6787290450095776,0.0,0.22013482099999998,0.47346965220000004,2963.0,3880.0
0.7376731704980202,0.02999541,0.208726665,0.472792563,2963.0,3880.0
0.7867982725041407,0.174615621,0.205559977,0.4448745835,2963.0,3880.0
0.7961204989032336,0.3752283486666666,0.20020146533333336,0.38649035866666664,2963.0,3880.0
0.795064034127299,0.3828062085,0.25142072,0.5123067755,2963.0,3880.0
0.8135494102445944,0.24903988049999998,0.2802077215,0.59838754,2963.0,3880.0
0.8246464820766796,0.101983667,0.2804498685,0.5780466055,2963.0,3880.0
0.7988244028990755,0.0,0.2724406386666666,0.5624282933333333,2963.0,3880.0
0.7104073482740335,0.0,0.21586677539999996,0.3585460358,2963.0,3880.0
0.7159395788240841,0.0,0.1524250945,0.34057329150000004,2963.0,3880.0
0.8608637529734438,0.0,0.124575342,0.390947359,2963.0,3880.0
0.9427169666408345,0.07304081,0.120460078,0.474437569,2963.0,3880.0
0.9551847827450282,0.237841541,0.1380761165,0.5240982865,2963.0,3880.0
0.9451148117997298,0.44323547066666674,0.2072089503333333,0.5764905223333333,2963.0,3880.0
0.9375728719018179,0.3990022445,0.2937931085,0.672964558,2963.0,3880.0
0.9435509991035265,0.2528295855,0.3554053275,0.751925698,2963.0,3880.0
0.9528028911110958,0.127318013,0.367084128,0.796925449,2963.0,3880.0
0.9418700708162547,0.0187322195,0.39608862749999996,0.841493272,2963.0,3880.0
0.8742468180682288,0.0,0.421464148,0.8805723249999999,2963.0,3880.0
0.7665274645409095,0.0,0.4032349725,0.8862283065,2963.0,3880.0
0.692735718275407,0.0,0.4810926475,0.8886573744999999,2963.0,3880.0
0.7789739009343022,0.0,0.5563088075,0.8783696265000001,2963.0,3880.0
0.9021089936562224,0.0,0.577495399,0.871778641,2963.0,3880.0
0.9387194835774949,0.131178677,0.573194914,0.872982199,2963.0,3880.0
0.9519579025558595,0.314832102,0.570433591,0.885176386,2963.0,3880.0
0.9466408181128007,0.466779802,0.602649352,0.912423247,2963.0,3880.0
0.9380798649742155,0.540360718,0.593442221,0.911901651,2963.0,3880.0
0.9272784725860354,0.6055683675,0.665945228,0.900276745,2963.0,3880.0
0.9095077216609295,0.5993017485,0.752241655,0.887973552,2963.0,3880.0
0.9150433055284264,0.436919977,0.779892144,0.8869961024999999,2963.0,3880.0
0.9266889766748597,0.26925052,0.714297946,0.879560414,2963.0,3880.0
0.9345369457800056,0.113382263,0.671485271,0.85240054,2963.0,3880.0
0.9003108758723344,0.0,0.6437245229999999,0.7801421985,2963.0,3880.0
0.8326667312913654,0.0,0.6161547995000001,0.6703241075,2963.0,3880.0
0.695441873353252,0.0,0.5869575063333333,0.5402745626666666,2963.0,3880.0
0.6852670513750995,0.0,0.5412295954999999,0.4857335775,2963.0,3880.0
0.7701924967586061,0.0,0.510302503,0.4578316025,2963.0,3880.0
0.9163110543706339,0.082577218,0.46426962800000005,0.39287804449999997,2963.0,3880.0
0.9458022169204896,0.360424232,0.398718327,0.306705131,2963.0,3880.0
0.9339594705049885,0.600199428,0.398150403,0.2708159325,2963.0,3880.0
0.9132678982107871,0.737221253,0.43984269649999996,0.275811617,2963.0,3880.0
0.9032264188160677,0.690419566,0.4784300495,0.2934119285,2963.0,3880.0
0.9090951632249503,0.4957258505,0.4896694325,0.352255657,2963.0,3880.0
0.9263701432301763,0.2062792075,0.4369201745,0.4395613765,2963.0,3880.0
0.8813500144738735,0.0,0.40179813033333334,0.484487426,2963.0,3880.0
0.7605343227690404,0.0,0.3412123575,0.4583465065,2963.0,3880.0
0.6866832165797057,0.0,0.2949088085,0.42929549349999996,2963.0,3880.0
0.6986325439240891,0.0,0.26008230299999996,0.46288468266666666,2963.0,3880.0
0.8505033957400917,0.0,0.27567127999999996,0.486797417,2963.0,3880.0
0.9284336893479034,0.127879791,0.267055384,0.474560378,2963.0,3880.0
0.9325927182461231,0.352165303,0.2408553335,0.44034895900000004,2963.0,3880.0
0.9123852512353752,0.5179905659999999,0.2924660915,0.3951404625,2963.0,3880.0
0.9021816049460702,0.5105907645,0.3101188965,0.401839747,2963.0,3880.0
0.8984603732791274,0.404775826,0.3393897695,0.44711111950000004,2963.0,3880.0
0.9122094669904506,0.268884153,0.357524196,0.491623349,2963.0,3880.0
0.9170119290812571,0.122015701,0.33973288999999995,0.4918038185,2963.0,3880.0
0.8640151681905702,0.0,0.301579976,0.460965474,2963.0,3880.0
0.7173087262638976,0.0,0.261957872,0.5736169823333334,2963.0,3880.0
0.6766009958910496,0.0,0.272779152,0.7466971245,2963.0,3880.0
0.8376013753279044,0.0,0.281325665,0.7876822784999999,2963.0,3880.0
0.9178608208618381,0.084004929,0.270970216,0.728969056,2963.0,3880.0
0.9254698867393214,0.216247599,0.241579775,0.6634891405000001,2963.0,3880.0
0.9142147288475385,0.34700148366666667,0.21867663299999998,0.601401341,2963.0,3880.0
0.9072229703657797,0.3373003035,0.2193375675,0.4661962705,2963.0,3880.0
0.913717982138196,0.2222371575,0.2128451875,0.4449316335,2963.0,3880.0
0.9187168984889853,0.0715405265,0.2181201065,0.587710014,2963.0,3880.0
0.8812998326742046,0.0,0.2371574255,0.7068244665,2963.0,3880.0
0.8118263878375143,0.0,0.2779030295,0.675929997,2963.0,3880.0
0.659482933866646,0.0,0.290699666,0.6511318366666666,2963.0,3880.0
0.6524423870507049,0.0,0.290600837,0.58773975875,2963.0,3880.0
0.7055614125303091,0.0425799085,0.2462244165,0.529260318,2963.0,3880.0
0.7535596636350882,0.24386981300000002,0.181757734,0.48962008149999997,2963.0,3880.0
0.7317116177966128,0.46318827533333334,0.14710919733333333,0.329500489,2963.0,3880.0
0.7126149815797564,0.5298401045000001,0.14690890950000002,0.29292609599999997,2963.0,3880.0
0.7169672267637877,0.340370428,0.117600963,0.31429274100000004,2963.0,3880.0
0.7432580564529357,0.1199699965,0.111829584,0.33349055,2963.0,3880.0
0.733118272276779,0.0,0.159724869,0.3788948245,2963.0,3880.0
0.6434930785762978,0.0,0.16494001200000002,0.3387511284,2963.0,3880.0
0.689281885132603,0.00038756500000000003,0.15733684533333334,0.3689826463333333,2963.0,3880.0
0.7490788738225563,0.10209598,0.147306698,0.393601554,2963.0,3880.0
0.7463852013074191,0.293881636,0.125683459,0.37437634399999997,2963.0,3880.0
0.7175106659860178,0.5463405276666666,0.130514261,0.38880550866666663,2963.0,3880.0
0.7101255257863042,0.544151469,0.1352321065,0.408288233,2963.0,3880.0
0.7241572803273734,0.3666243885,0.150250485,0.425747388,2963.0,3880.0
0.7318564561012051,0.163840375,0.179451532,0.37908377849999997,2963.0,3880.0
0.7125256923218402,0.0,0.22892600800000004,0.3973004763333334,2963.0,3880.0
0.6611427411125351,0.0,0.22806142233333335,0.39572633716666666,2963.0,3880.0
0.8240496229962426,0.0,0.22073779100000002,0.364055837,2963.0,3880.0
0.9185899505746655,0.060902098499999995,0.2103963255,0.36592167600000003,2963.0,3880.0
0.9078452456654502,0.235438203,0.175789471,0.343205908,2963.0,3880.0
0.8893923826741955,0.348425539,0.203630395,0.314959502,2963.0,3880.0
0.8671179245010273,0.5216994979999999,0.23087786166666666,0.23743099166666667,2963.0,3880.0
0.8579087328243683,0.5541832735000001,0.2858824535,0.308811165,2963.0,3880.0
0.8725952536701045,0.40331300400000003,0.324072065,0.30977105699999996,2963.0,3880.0
0.8740700136230188,0.1740182215,0.289586122,0.24544601,2963.0,3880.0
0.7974696120844366,0.0,0.24625037900000002,0.24320462799999998,2963.0,3880.0
0.6767359278824754,0.0,0.261147951,0.41872918800000003,2963.0,3880.0
0.6722912219222928,0.0,0.27699060799999997,0.61862887,2963.0,3880.0
0.8318089238188103,0.0,0.3201884145,0.7837069999999999,2963.0,3880.0
0.919374259587074,0.0205913655,0.3672192865,0.8739868264999999,2963.0,3880.0
0.9112093200138797,0.076323169,0.408568721,0.895538576,2963.0,3880.0
0.906291265241878,0.133346459,0.476188392,0.8880468420000001,2963.0,3880.0
0.8970832859874229,0.159765924,0.5933091635000001,0.8796535624999999,2963.0,3880.0
0.8861380459664634,0.1391320515,0.649985558,0.8951514275,2963.0,3880.0
0.8840322282037518,0.1106598085,0.6403932569999999,0.8974461625,2963.0,3880.0
0.8676397621439513,0.0391902315,0.6349280835,0.891783788,2963.0,3880.0
0.7852223505019945,0.0,0.5995161146666667,0.8432880479999999,2963.0,3880.0
0.6600805617672644,0.0,0.531048932,0.773769182,2963.0,3880.0
0.6465948671509723,0.0,0.478804642,0.7221413747500001,2963.0,3880.0
0.7951751467655328,0.0,0.4488102895,0.6628430495,2963.0,3880.0
0.8970774753408741,0.012361187,0.479316183,0.6844733855,2963.0,3880.0
0.8881162061697327,0.084591326,0.5544275270000001,0.694242569,2963.0,3880.0
0.871517616169524,0.16665301249999998,0.571703345,0.7269872415,2963.0,3880.0
0.8560576092726966,0.255126923,0.6721643345,0.8123910784999999,2963.0,3880.0
0.8663866952969377,0.264310893,0.6939967225,0.8414865284999999,2963.0,3880.0
0.8848933623877561,0.1757853445,0.6283307215,0.787773208,2963.0,3880.0
0.8688213266386803,0.079162713,0.523144862,0.685593579,2963.0,3880.0
0.8030708433818342,0.00035454233333333333,0.3717239316666667,0.6220463716666667,2963.0,3880.0
0.6676177407305116,0.0,0.226203788,0.4281044856666667,2963.0,3880.0
0.6713427279298169,0.0,0.2064880476666667,0.48292400799999996,2963.0,3880.0
0.8307137211461157,0.0,0.1942227625,0.5337720925,2963.0,3880.0
0.923023279104749,0.053620079,0.2006789675,0.6393350790000001,2963.0,3880.0
0.8990677004223904,0.2929164815,0.2142253225,0.70657881,2963.0,3880.0
0.8800976868510751,0.440958898,0.260916845,0.7638670165,2963.0,3880.0
0.8639555236966309,0.577056453,0.312648701,0.78712856,2963.0,3880.0
0.8648903781586663,0.515599192,0.330622019,0.7908989319999999,2963.0,3880.0
0.8738469011762526,0.384628505,0.324859286,0.782283032,2963.0,3880.0
0.8794979003010093,0.256078446,0.28547998,0.721964385,2963.0,3880.0
0.8566755376100125,0.06292990949999999,0.24617006400000002,0.646839594,2963.0,3880.0
0.7828727354794754,0.0,0.26159192600000003,0.6138339325,2963.0,3880.0
0.6721350876186918,0.0,0.312003297,0.5760766545,2963.0,3880.0
0.6570450644663651,0.0,0.35633984300000004,0.4771588133333333,2963.0,3880.0
0.7370874892267718,0.0,0.401531752,0.47025986799999997,2963.0,3880.0
0.8827439867198015,0.001591495,0.453378458,0.498518804,2963.0,3880.0
0.9105400713602391,0.067797202,0.492997263,0.560839089,2963.0,3880.0
0.8961688798238013,0.189058795,0.5069856365000001,0.5631474160000001,2963.0,3880.0
0.8806901545752084,0.367237774,0.501451957,0.527837587,2963.0,3880.0
0.874819014968504,0.458747785,0.505895507,0.5771972295000001,2963.0,3880.0
0.8865991746224541,0.48724695,0.468492713,0.5867797130000001,2963.0,3880.0
0.8917391885603297,0.357678386,0.382683986,0.616229887,2963.0,3880.0
0.889986757819533,0.250459344,0.303503155,0.630985343,2963.0,3880.0
0.8636926679339292,0.0697191945,0.251771343,0.648475318,2963.0,3880.0
0.8012939722618869,0.0,0.239277993,0.5790230865,2963.0,3880.0
0.6480051736451132,0.0,0.21869675033333333,0.5056681633333333,2963.0,3880.0
0.6783471280061992,0.0,0.18219374,0.5626638875,2963.0,3880.0
0.7366639304561597,0.0636316365,0.17870680700000002,0.6486017845000001,2963.0,3880.0
0.7630112036347233,0.264531117,0.179738724,0.679722238,2963.0,3880.0
0.7458426566291694,0.446612311,0.2618474985,0.7281095575000001,2963.0,3880.0
0.7321770489872622,0.5473596646666667,0.3910003576666667,0.7705620576666666,2963.0,3880.0
0.7396096357220612,0.482211933,0.5029002405,0.7873411255,2963.0,3880.0
0.7496982215513578,0.30411555,0.5576148505,0.8285161845,2963.0,3880.0
0.7518701302616255,0.119380073,0.562273882,0.836593538,2963.0,3880.0
0.7393465581752214,0.0006472143333333334,0.538912314,0.8133751343333334,2963.0,3880.0
0.6031789930335926,0.0,0.4781454815,0.6416740095,3333.5,4365.5
0.5945902617607589,0.0,0.39741461325000005,0.3931672735,3704.0,4851.0
0.6638468816904981,0.0563822315,0.3215942045,0.2499326315,3704.0,4851.0
0.7214736545628175,0.3276797095,0.30507771,0.2367786305,3704.0,4851.0
0.7097722274510471,0.468177059,0.2249106555,0.222499346,3704.0,4851.0
0.7037074279733818,0.5161298704999999,0.2366474825,0.2592842655,3704.0,4851.0
0.7085479921707536,0.46348714950000003,0.21689468550000002,0.3002186035,3704.0,4851.0
0.7127657931905971,0.2869162035,0.163476049,0.3690830225,3704.0,4851.0
0.7112828939083053,0.0485177205,0.177512861,0.454032855,3704.0,4851.0
0.6779125466280492,0.0,0.31273524225,0.665427883,3704.0,4851.0
0.6291309180244892,0.0,0.427009808,0.8014322167500001,3704.0,4851.0
0.7319070666711669,0.0,0.4762369755,0.8492246725,3704.0,4851.0
0.8276140993758093,0.040522484,0.5053048075,0.8291076075,3704.0,4851.0
0.8403931640387805,0.153374856,0.501210048,0.77650691,3704.0,4851.0
0.8240072183718918,0.31376455449999996,0.4026391815,0.7286387194999999,3704.0,4851.0
0.8050834240648548,0.417350488,0.42508163899999996,0.697654961,3704.0,4851.0
0.7941067353602282,0.378826261,0.48636111049999997,0.7178581415,3704.0,4851.0
0.7995510782221492,0.285925607,0.507761968,0.742894202,3704.0,4851.0
0.8039410706142545,0.160805743,0.5458382825,0.7699094645,3704.0,4851.0
0.7711212596317697,0.020462599,0.6232005616666666,0.8146406303333333,3704.0,4851.0
0.6790569848731693,0.0,0.6749006645,0.8891382245,3704.0,4851.0
0.5982493021114532,0.0,0.7003900026666666,0.8797904660000001,3704.0,4851.0
0.6084568665084529,0.0,0.7158057835,0.8593124375,3704.0,4851.0
0.6954251436512997,0.0,0.7125469345,0.8630345155,3704.0,4851.0
0.7950446060291703,0.066680151,0.6937498735000001,0.864872556,3704.0,4851.0
0.807685057090775,0.2920751965,0.6293484885,0.837851075,3704.0,4851.0
0.7915134117308128,0.4707587543333333,0.6230410293333334,0.8431038483333334,3704.0,4851.0
0.7851723017998058,0.4581469295,0.6290319120000001,0.7472238920000001,3704.0,4851.0
0.7924368518015383,0.33104941050000003,0.573926808,0.7152442450000001,3704.0,4851.0
0.7934036428757191,0.1765478925,0.527355494,0.7625770064999999,3704.0,4851.0
0.750194110736988,0.001054805,0.5959346543333334,0.8750499736666667,3704.0,4851.0
0.6129323779209328,0.0,0.60070672925,0.886641161,3704.0,4851.0
0.6097828995944261,0.0,0.6167067875000001,0.9026493499999999,3704.0,4851.0
0.696272993059931,0.0,0.599606598,0.8552871485,3704.0,4851.0
0.7967904276903975,0.050541664,0.5583694015,0.8579447185,3704.0,4851.0
0.8142909596835401,0.2775007635,0.5304010955,0.8967456795,3704.0,4851.0
0.8094008494598207,0.454197748,0.560328612,0.8768002925,3704.0,4851.0
0.800800640984398,0.486840722,0.6479886705,0.8683190955,3704.0,4851.0
0.8010754729386892,0.423186771,0.6590211420000001,0.8616531695,3704.0,4851.0
0.8069745126997265,0.2659001635,0.60875073,0.8544460819999999,3704.0,4851.0
0.7904347392657107,0.054839095000000004,0.5820483925,0.8673603169999999,3704.0,4851.0
0.73416653482769,0.0,0.5849351655,0.8817918680000001,3704.0,4851.0
0.6195271618880046,0.0,0.6015114603333334,0.8814647383333334,3704.0,4851.0
0.5933622894413635,0.0,0.595230192,0.87591214,3704.0,4851.0
0.6457100799265694,0.0,0.531287062,0.7888249935,3704.0,4851.0
0.7698501766369379,0.0037623485,0.4321594655,0.5875459135000001,3704.0,4851.0
0.8335860610324775,0.114528587,0.359262122,0.410929458,3704.0,4851.0
0.8343243724466318,0.3187032045,0.329988321,0.249640874,3704.0,4851.0
0.8278576157270403,0.47626423900000003,0.18613969549999998,0.103319975,3704.0,4851.0
0.8185751178627736,0.5271027785,0.174235831,0.109732443,3704.0,4851.0
0.8158837962527494,0.509411146,0.1350726305,0.14788150649999998,3704.0,4851.0
0.8171785581296116,0.377957137,0.1016272235,0.2001421955,3704.0,4851.0
0.8028918654891937,0.083988699,0.150065147,0.3707361385,3704.0,4851.0
0.7639783937988638,0.0,0.2826181665,0.601188406,3704.0,4851.0
0.6397710928399113,0.0,0.42836809379999996,0.765480898,3704.0,4851.0
0.6918504653195005,0.0,0.5028377065,0.8303824785,3704.0,4851.0
0.8006949841448419,0.0117882455,0.5335878255,0.8418908935,3704.0,4851.0
0.842008977134212,0.268310468,0.521843085,0.847627027,3704.0,4851.0
0.833659426361397,0.471288426,0.433927727,0.842215257,3704.0,4851.0
0.810139870620338,0.7221356195,0.35080212099999997,0.780139712,3704.0,4851.0
0.7872695143750859,0.921418232,0.35157639500000004,0.684324943,3704.0,4851.0
0.779042697685463,0.89945085,0.39157871499999997,0.54608043,3704.0,4851.0
0.7780100374816108,0.763082106,0.423182209,0.448471417,3704.0,4851.0
0.7779740200683245,0.614357462,0.423370422,0.395458359,3704.0,4851.0
0.7751032770986245,0.420660023,0.454684362,0.356508515,3704.0,4851.0
0.7636784117865529,0.20375096,0.49940726,0.382261441,3704.0,4851.0
0.7463110153231944,0.002155026,0.5500601764999999,0.442225054,3704.0,4851.0
0.6667137878486065,0.0,0.569859241,0.45424113349999995,3704.0,4851.0
0.5785363787835247,0.0,0.5797063445,0.6070190975,3704.0,4851.0
0.5635062293335771,0.0,0.58864067275,0.6394593817499999,3704.0,4851.0
0.5975395709345351,0.0100584965,0.5532023724999999,0.5438054109999999,3704.0,4851.0
0.6581239809716366,0.1796465555,0.499861465,0.49158824149999997,3704.0,4851.0
0.6674232455243763,0.4208310245,0.383157046,0.458964278,3704.0,4851.0
0.6600004098335992,0.584907055,0.33995599649999997,0.4312435825,3704.0,4851.0
0.6570032290497221,0.5664445975,0.329442,0.36973051,3704.0,4851.0
0.6571201301628401,0.3747404615,0.2898346975,0.26484131450000004,3704.0,4851.0
0.6574899291265971,0.207318282,0.271526261,0.214305414,3704.0,4851.0
0.6471970083098652,0.032927685,0.287416341,0.17099010666666667,3704.0,4851.0
0.634654436963119,0.0,0.28640801250000003,0.11487689549999999,3704.0,4851.0
0.5775405787186884,0.0,0.278548958,0.1026750915,3704.0,4851.0
0.5546847270446944,0.0,0.2620963605,0.105758923,3704.0,4851.0
0.5745602311382775,0.0,0.27857408033333336,0.15154753366666665,3704.0,4851.0
0.630596806729999,0.073586317,0.27474366699999997,0.190581215,3704.0,4851.0
0.6705691975691437,0.3007366895,0.230532138,0.170369086,3704.0,4851.0
0.6608083829469285,0.451663366,0.2318043825,0.145506492,3704.0,4851.0
0.656567050856151,0.4471039455,0.2616464965,0.1921524735,3704.0,4851.0
0.6580015352213227,0.3296013305,0.23176799650000002,0.2760399745,3704.0,4851.0
0.6597043755418226,0.1533613935,0.1848908985,0.369371844,3704.0,4851.0
0.6507216822153109,0.018303658666666667,0.18612412600000003,0.378956818,3704.0,4851.0
0.6347570627471653,0.0,0.19932176899999998,0.3788421993333333,3704.0,4851.0
0.5904304602964604,0.0,0.17606413133333332,0.288122855,3704.0,4851.0
0.6415396071085674,0.0,0.1622438045,0.1870160685,3704.0,4851.0
0.7558221479985181,0.005147812,0.1578745975,0.148691178,3704.0,4851.0
0.8098128312806641,0.064942175,0.137239099,0.11932566,3704.0,4851.0
0.8093602190242065,0.17358302949999999,0.1127307505,0.0902026895,3704.0,4851.0
0.7947768267395982,0.2758302385,0.118541579,0.10933387450000001,3704.0,4851.0
0.7905458519039444,0.306247777,0.16521296400000002,0.1200116975,3704.0,4851.0
0.7922931372493658,0.26150777449999996,0.1808401905,0.133215859,3704.0,4851.0
0.7964714611651074,0.17061544550000002,0.19854666399999998,0.2005445655,3704.0,4851.0
0.7818114654255475,0.036479319499999996,0.2329672365,0.2891574605,3704.0,4851.0
0.7288164270572074,0.0,0.29137172850000004,0.32551706849999995,3704.0,4851.0
0.6313065082940776,0.0,0.3378408855,0.3601605455,3704.0,4851.0
0.6001979357321288,0.0,0.361463573,0.385255976,3704.0,4851.0
0.6975215800158439,0.0,0.3562058265,0.280744097,3704.0,4851.0
0.801596260835982,0.061639313,0.3548945775,0.3028164525,3704.0,4851.0
0.8133685250488636,0.26650651599999997,0.3531005255,0.289955664,3704.0,4851.0
0.7923199284661356,0.479244271,0.3842270143333333,0.35428515033333335,3704.0,4851.0
0.7856710002399346,0.493863926,0.3557673515,0.3068533435,3704.0,4851.0
0.788692066891997,0.371108029,0.3320647215,0.2837803825,3704.0,4851.0
0.7868671135480103,0.236962492,0.314919239,0.319474576,3704.0,4851.0
0.7675339840824226,0.039167265666666666,0.3457112806666667,0.2833315223333333,3704.0,4851.0
0.6831775567663319,0.0,0.3941239005,0.26749379399999995,3704.0,4851.0
0.6020167457280498,0.0,0.40095146975000007,0.305186563,3704.0,4851.0
0.65414326459677,0.0,0.38760249199999997,0.33198295099999997,3704.0,4851.0
0.7738038134115363,0.0179076545,0.3893792695,0.3558251375,3704.0,4851.0
0.8276023892441933,0.169489108,0.369366823,0.368807927,3704.0,4851.0
0.8199279421655168,0.35829040749999996,0.30737812099999995,0.32420075849999996,3704.0,4851.0
0.7922064353605697,0.5327244543333334,0.29636050399999997,0.28633342,3704.0,4851.0
0.7819822816990325,0.4935678105,0.372344777,0.41667263,3704.0,4851.0
0.7819365503126123,0.3420423555,0.361061698,0.4939718515,3704.0,4851.0
0.7752022360707129,0.14512522,0.329078948,0.5167313245,3704.0,4851.0
0.7422239694501699,0.0025923646666666665,0.3240871223333333,0.488161882,3704.0,4851.0
0.6322956992793445,0.0,0.25431530550000003,0.35133457599999995,3704.0,4851.0
0.6022714620854441,0.0,0.2399506785,0.3439405785,3704.0,4851.0
0.7012036672042714,0.0,0.2053612195,0.30498813550000003,3704.0,4851.0
0.7952806262317735,0.023997893,0.184591053,0.280137495,3704.0,4851.0
0.8257305512835142,0.1881038745,0.1419131525,0.223653753,3704.0,4851.0
0.8150934548265276,0.4063614375,0.1345543165,0.1996236635,3704.0,4851.0
0.7999488363971841,0.517952063,0.115842023,0.17455051566666668,3704.0,4851.0
0.7999543661689033,0.41996298649999997,0.09402195599999999,0.24458012,3704.0,4851.0
0.8056756257290147,0.302045829,0.083524218,0.256795374,3704.0,4851.0
0.8005443500085572,0.1692687925,0.07445344,0.2395091565,3704.0,4851.0
0.7494139416670325,0.002640645333333333,0.08254037633333333,0.16490989733333336,3704.0,4851.0
0.6207026791034437,0.0,0.10498565933333333,0.06128934866666667,3704.0,4851.0
0.6211463534709525,0.0,0.15281983525,0.07189638025,3704.0,4851.0
0.7397187966970022,0.0,0.193480777,0.071767332,3704.0,4851.0
0.8098044035677885,0.104640232,0.18905203650000002,0.0871024745,3704.0,4851.0
0.8238368899256445,0.321715656,0.149677095,0.103169742,3704.0,4851.0
0.8077248446994194,0.5082215965,0.2051254635,0.0935448515,3704.0,4851.0
0.7935124933461177,0.5952348270000001,0.25715401699999996,0.0778862665,3704.0,4851.0
0.7856606208637665,0.5425101295,0.250048744,0.082694358,3704.0,4851.0
0.7858296185545657,0.402417805,0.22103301050000002,0.11371704599999999,3704.0,4851.0
0.7759411685445726,0.19484738349999997,0.19001659850000002,0.12340568399999999,3704.0,4851.0
0.7600260655574287,0.004826704,0.1994891205,0.1272020935,3704.0,4851.0
0.6743931141614448,0.0,0.219756693,0.1408711815,3704.0,4851.0
0.5722432771710093,0.0,0.206402404,0.108900507,3704.0,4851.0
0.6092287113501738,0.0160347485,0.1917037815,0.080369406,3704.0,4851.0
0.6564700434967348,0.126930705,0.16240251,0.095727136,3704.0,4851.0
0.6871991031217926,0.288868145,0.12271367550000001,0.0902059425,3704.0,4851.0
0.6742199913261756,0.506390287,0.075757829,0.06477065933333333,3704.0,4851.0
0.6681934269850623,0.5001418905,0.070534374,0.06275750699999999,3704.0,4851.0
0.6660811775667168,0.34589995500000004,0.06858829899999999,0.11546522,3704.0,4851.0
0.6632313264299599,0.15190449849999998,0.07435521,0.15212533550000001,3704.0,4851.0
0.6574866171456374,0.005453125,0.11269485366666665,0.20916668566666666,3704.0,4851.0
0.58528096154327,0.0,0.1519224745,0.37581223825,3704.0,4851.0
0.5675716367588887,0.0,0.16432028233333332,0.4131149336666667,3704.0,4851.0
0.6017023923010177,0.0292250735,0.162149796,0.471678304,3704.0,4851.0
0.6669311783354814,0.216868151,0.1356281785,0.4874553125,3704.0,4851.0
0.672340346611086,0.4372940435,0.1172583935,0.5280703545000001,3704.0,4851.0
0.6616844430144353,0.5781968985,0.1662107855,0.5638465155,3704.0,4851.0
0.6620624922165119,0.5344684550000001,0.222734516,0.563974627,3704.0,4851.0
0.6635264736020581,0.36018918450000004,0.2603509005,0.5806768760000001,3704.0,4851.0
0.6610441147660333,0.211375275,0.252757497,0.552383054,3704.0,4851.0
0.6538439035935442,0.064434795,0.24719644999999998,0.5452932884999999,3704.0,4851.0
0.6527670866301553,0.0,0.21578497300000002,0.5225977646666666,3704.0,4851.0
0.6041177419484853,0.0,0.1701287716,0.44346518420000003,3704.0,4851.0
0.6987770199902551,0.0,0.14996166700000002,0.421053748,3704.0,4851.0
0.8023712993085452,0.090910046,0.1246450935,0.380506862,3704.0,4851.0
0.8147976866959646,0.267375592,0.116918407,0.356430505,3704.0,4851.0
0.798839203126273,0.4220995275,0.1069960345,0.287323487,3704.0,4851.0
0.7873869108747306,0.4538765436666667,0.12415573800000002,0.2694557033333333,3704.0,4851.0
0.7816791503992082,0.3538143745,0.15547083750000001,0.2738785345,3704.0,4851.0
0.7799888629360536,0.2357157465,0.1684828325,0.28401972799999997,3704.0,4851.0
0.7675366158961122,0.140435301,0.177129268,0.282423173,3704.0,4851.0
0.7405635338046409,0.005401001666666666,0.18760786566666665,0.35233375933333333,3704.0,4851.0
0.6214432231569607,0.0,0.18180276500000003,0.5826276926666667,3704.0,4851.0
0.6235219576663102,0.0,0.18115711475000001,0.6806331704999999,3704.0,4851.0
0.7688285389900031,0.049394815,0.19564780850000002,0.726499819,3704.0,4851.0
0.8114153375302986,0.316340802,0.17850269,0.742081281,3704.0,4851.0
0.801205747513838,0.51836082,0.121095726,0.699449703,3704.0,4851.0
0.7860748204078756,0.7620130359999999,0.1239722145,0.6464871565,3704.0,4851.0
0.7796578758758452,0.9375691660000001,0.1224636965,0.537234255,3704.0,4851.0
0.774622809081783,0.9062008260000001,0.111615898,0.4416889275,3704.0,4851.0
0.7737241050630206,0.704443296,0.0968554855,0.3613061955,3704.0,4851.0
0.762337785493284,0.3585481905,0.103007848,0.3370208225,3704.0,4851.0
0.7273862969774517,0.010843049666666667,0.16863323700000002,0.42578268133333336,3704.0,4851.0
0.6293979875676985,0.0,0.2050446245,0.5643513015,3704.0,4851.0
0.600456488926425,0.0,0.20759497725,0.46164090275,3704.0,4851.0
0.698774913024071,0.0,0.2233403915,0.3399029025,3704.0,4851.0
0.7821321618468657,0.113581446,0.24927647,0.350010496,3704.0,4851.0
0.7918469124064538,0.32812121,0.230663243,0.374400893,3704.0,4851.0
0.7867210924846737,0.526358679,0.172202693,0.406233792,3704.0,4851.0
0.7814847365904161,0.701041583,0.144747672,0.414123828,3704.0,4851.0
0.7786438010106455,0.9093589093333333,0.17461814833333333,0.4255857136666667,3704.0,4851.0
0.7737450855826213,0.9157021805,0.230265576,0.44434731149999995,3704.0,4851.0
0.7712099427460775,0.6937257985,0.228639476,0.3636426225,3704.0,4851.0
0.7699488916700974,0.442898948,0.226071938,0.326599461,3704.0,4851.0
0.7548735874488653,0.253163529,0.256210142,0.323181073,3704.0,4851.0
0.7239744360440484,0.011973486666666667,0.32037429833333336,0.41813622733333333,3704.0,4851.0
0.6139153294640479,0.0,0.34281542466666665,0.419979052,3704.0,4851.0
0.614404055101327,0.0,0.32449084825,0.332326897,3704.0,4851.0
0.7498405388837093,0.06040532,0.289835712,0.3201777995,3704.0,4851.0
0.7845690998010129,0.334806163,0.235878184,0.287332789,3704.0,4851.0
0.7835953004560622,0.533825275,0.150005648,0.215590507,3704.0,4851.0
0.7799374096403624,0.705385028,0.128662278,0.161708674,3704.0,4851.0
0.7796742877164469,0.8841909525,0.1067855075,0.1131371805,3704.0,4851.0
0.7731704047472463,0.9632915799999999,0.114089087,0.10995169699999999,3704.0,4851.0
0.7709561357053364,0.821296542,0.1049372105,0.098353552,3704.0,4851.0
0.7749097059143212,0.622308524,0.102448323,0.091681688,3704.0,4851.0
0.766969564340592,0.441686543,0.105937499,0.088167699,3704.0,4851.0
0.7554331871990866,0.252141527,0.121611495,0.090332316,3704.0,4851.0
0.7456542086685771,0.039871186,0.139600924,0.098436009,3704.0,4851.0
0.688395157322303,0.0,0.15607611133333335,0.142012347,3704.0,4851.0
0.593583549997327,0.0,0.1503902375,0.17649845625,3704.0,4851.0
0.6685692435815231,0.0,0.127755394,0.18736564600000002,3704.0,4851.0
0.7677844792096978,0.126350265,0.111057454,0.184842643,3704.0,4851.0
0.782539885392012,0.327130257,0.092102474,0.180712691,3704.0,4851.0
0.7813745553645693,0.524880226,0.053950586,0.158234813,3704.0,4851.0
0.7799343933828355,0.7622172825,0.0444388775,0.1121617315,3704.0,4851.0
0.7761111864356571,0.9401817385,0.051792415999999994,0.06931208450000001,3704.0,4851.0
0.7708274135516597,0.8864984965,0.062030711,0.058228856999999995,3704.0,4851.0
0.771967016956567,0.644338369,0.07214861,0.0670552925,3704.0,4851.0
0.7605091505899766,0.3277395195,0.093335798,0.07689452599999999,3704.0,4851.0
0.7225100702652852,0.014639221333333334,0.152522712,0.11974763866666666,3704.0,4851.0
0.5766788767679658,0.0,0.17887577820000003,0.1741838256,3704.0,4851.0
0.57412012741271,0.0,0.14852132166666668,0.27581396233333333,3704.0,4851.0
0.6071116714349445,0.131813801,0.138128405,0.312855459,3704.0,4851.0
0.6305165660590559,0.323661289,0.111875484,0.288323976,3704.0,4851.0
0.655930625934334,0.583032621,0.057236341999999996,0.22264659050000002,3704.0,4851.0
0.6569148490325283,0.8720913013333332,0.048988094333333336,0.140997982,3704.0,4851.0
0.6604927209614231,0.869572207,0.057099196000000005,0.1119472775,3704.0,4851.0
0.660877223990798,0.6763978545,0.06004026,0.157530679,3704.0,4851.0
0.6487523046234087,0.324593099,0.0852234565,0.2300027965,3704.0,4851.0
0.6380605906671205,0.015810816000000002,0.140100465,0.31656080766666667,3704.0,4851.0
0.6066908405383611,0.0,0.2023495535,0.2706691345,3704.0,4851.0
0.5574312944439828,0.0,0.19422225225,0.22130469325,3704.0,4851.0
0.576021307175239,0.0,0.206529881,0.2132756445,3704.0,4851.0
0.6164241985913925,0.203498758,0.1976897155,0.287220179,3704.0,4851.0
0.6550563622778485,0.451571977,0.115309852,0.260632238,3704.0,4851.0
0.6559478805512853,0.6958151285,0.0964650515,0.22742679500000001,3704.0,4851.0
0.6590233133394187,0.8698571856666666,0.13776029,0.2780352056666667,3704.0,4851.0
0.6608726774834633,0.6980639685,0.1810649225,0.3958746515,3704.0,4851.0
0.6561166786464844,0.395280839,0.166163486,0.44534502649999996,3704.0,4851.0
0.6422953950081781,0.150246284,0.162650296,0.396540238,3704.0,4851.0
0.6384879641451536,0.009959708333333333,0.17571803266666666,0.4060059569999999,3704.0,4851.0
0.6137320933463308,0.0,0.16510002866666668,0.391510104,3704.0,4851.0
0.6127972684802613,0.0,0.12568095975,0.3471547415,3704.0,4851.0
0.7492906532078625,0.0362763635,0.0962061985,0.2414627215,3704.0,4851.0
0.7918469124064538,0.175832947,0.069328534,0.242316449,3704.0,4851.0
0.7912634489090915,0.3651209895,0.053294947999999995,0.21877024150000002,3704.0,4851.0
0.7835565921383948,0.537439082,0.06468380233333333,0.23555115133333335,3704.0,4851.0
0.7789753647197367,0.487475456,0.111536813,0.30716124850000004,3704.0,4851.0
0.7790444718741996,0.3497789135,0.1230279265,0.3354680305,3704.0,4851.0
0.7772068326935009,0.23160162,0.11486583,0.361814917,3704.0,4851.0
0.764986125762581,0.0818275235,0.10505336300000001,0.37837883299999997,3704.0,4851.0
0.7283978361567947,0.0,0.1081324145,0.40485264649999997,3704.0,4851.0
0.608494941978649,0.0,0.09322988439999999,0.448751362,3704.0,4851.0
0.6438346490426072,0.0,0.07900078199999999,0.42915786349999996,3704.0,4851.0
0.7566171469422576,0.0452434055,0.070498588,0.3913934845,3704.0,4851.0
0.8039271871027014,0.240432216,0.050567274,0.365026576,3704.0,4851.0
0.7942293807061422,0.466327497,0.054134176,0.3484841675,3704.0,4851.0
0.781331418822191,0.66667765025,0.054859851,0.29628897649999997,3704.0,4851.0
0.774578097895648,0.607644372,0.0992700785,0.3562150725,3704.0,4851.0
0.7723663571827868,0.4263890955,0.1129935195,0.43676086049999996,3704.0,4851.0
0.7555192829105277,0.13747143,0.1245121995,0.562369314,3704.0,4851.0
0.7167109135656622,0.0,0.16728251300000002,0.6055194695,3704.0,4851.0
0.6279694469803028,0.0,0.2442653985,0.7069427515,3704.0,4851.0
0.5893645180788926,0.0,0.25515345166666664,0.6871962159999999,3704.0,4851.0
0.6415176950753392,0.0,0.2291536395,0.610716705,3704.0,4851.0
0.7508093924795047,0.038813771,0.202364661,0.465231439,3704.0,4851.0
0.7936944430854627,0.158844932,0.179566405,0.431273815,3704.0,4851.0
0.7910421107016823,0.2837629005,0.2158318165,0.49618937900000004,3704.0,4851.0
0.7843612459139563,0.4338335995,0.217092909,0.5138286445,3704.0,4851.0
0.7794137681114953,0.48887751400000007,0.350311914,0.6849661373333333,3704.0,4851.0
0.7789808205690343,0.39596762500000005,0.416840769,0.8134654365,3704.0,4851.0
0.7772231557968248,0.262264318,0.404117371,0.83614308,3704.0,4851.0
0.7643157238786684,0.09854763350000001,0.38090117999999995,0.8282678875,3704.0,4851.0
0.7263439374972082,0.0,0.353381979,0.7851314045,3704.0,4851.0
0.6079462716643548,0.0,0.32361812140000007,0.686220299,3704.0,4851.0
0.6441413288717657,0.0,0.2890242365,0.645191474,3704.0,4851.0
0.7597186759819073,0.057842025,0.2435569415,0.5808120675,3704.0,4851.0
0.8127524153448539,0.263166941,0.22179023,0.545558763,3704.0,4851.0
0.8098033389735539,0.4711527095,0.22918245450000002,0.49781169449999996,3704.0,4851.0
0.7971377378539296,0.6125167595000001,0.1592701745,0.390768073,3704.0,4851.0
0.7888604879676604,0.621375875,0.20428837649999998,0.38583651750000003,3704.0,4851.0
0.7860702517288766,0.550783198,0.210393565,0.3779271065,3704.0,4851.0
0.7858760596367287,0.36208957350000004,0.17281364500000002,0.3249333955,3704.0,4851.0
0.7793731080799151,0.184483966,0.135304411,0.254414739,3704.0,4851.0
0.7511975401322996,0.015341381333333334,0.12073997566666665,0.192359724,3704.0,4851.0
0.6354983387018363,0.0,0.11411914100000001,0.21053189649999998,3704.0,4851.0
0.6150235026532386,0.0,0.154157622,0.29567801650000003,3704.0,4851.0
0.7322972694887684,0.000719445,0.2284165735,0.41754824,3704.0,4851.0
0.7981946610467434,0.13068766,0.244440439,0.56659079,3704.0,4851.0
0.8213326190563915,0.283334402,0.217076881,0.660090351,3704.0,4851.0
0.8066926724746657,0.505160458,0.25170481,0.7390806514999999,3704.0,4851.0
0.78332298199909,0.7477773596666667,0.333044928,0.7483668796666666,3704.0,4851.0
0.7752164744807575,0.6916464115000001,0.49799895699999996,0.763272457,3704.0,4851.0
0.7742092304961389,0.4543574035,0.529644421,0.7140389585,3704.0,4851.0
0.7656989322708442,0.21450759,0.4790090835,0.6962462975,3704.0,4851.0
0.728554465855359,0.012522582999999999,0.41753739133333334,0.6977546866666667,3704.0,4851.0
0.5926540885817467,0.0,0.33088839833333333,0.6673383783333334,3704.0,4851.0
0.5577111017012116,0.0,0.2673499266666667,0.6225170640000001,3704.0,4851.0
0.5774765060000382,0.0006393845,0.1949312865,0.5102001985,3704.0,4851.0
0.6285306213742807,0.1267643815,0.1456790685,0.391752366,3704.0,4851.0
0.679937502761353,0.3242705935,0.1301102055,0.28772753799999995,3704.0,4851.0
0.6778170252257321,0.42278411299999996,0.126662546,0.162818713,3704.0,4851.0
0.6737472413264669,0.412384397,0.1491310375,0.13620195400000001,3704.0,4851.0
0.6714875957460081,0.354954792,0.138301165,0.13257958,3704.0,4851.0
0.6689529186662783,0.22118029849999998,0.1169030195,0.1436598645,3704.0,4851.0
0.6603592970481407,0.0786440385,0.124655724,0.15386953050000002,3704.0,4851.0
0.65360731421698,0.0,0.1911689196666667,0.20289565466666667,3704.0,4851.0
0.5688296745133157,0.0,0.21747941379999997,0.2921460838,3704.0,4851.0
0.5791345241748406,0.0007440155,0.29043734649999997,0.429798026,3704.0,4851.0
0.6332426851852404,0.086373144,0.331656069,0.551547901,3704.0,4851.0
0.6894465950361062,0.2405444745,0.320048008,0.615988851,3704.0,4851.0
0.681266308115304,0.363193628,0.3470187805,0.6859130575,3704.0,4851.0
0.6815402086065878,0.3550779705,0.3732367395,0.7592441375000001,3704.0,4851.0
0.6925295831985463,0.2196662885,0.39116051949999997,0.8107036665,3704.0,4851.0
0.7025690221926955,0.11085211949999998,0.4306029195,0.8639961355,3704.0,4851.0
0.6921085527063626,0.0309884455,0.4546375135,0.8548768635,3704.0,4851.0
0.6743820250389136,0.0,0.4960457775,0.8451920065,3704.0,4851.0
0.6128856041372528,0.0,0.55567655125,0.78219407975,3704.0,4851.0
0.6104821774390078,0.0,0.5372476815,0.728352613,3704.0,4851.0
0.6980835084488934,0.000565065,0.5141960489999999,0.7079896084999999,3704.0,4851.0
0.7881013733566004,0.043795372,0.513942807,0.702635641,3704.0,4851.0
0.8266880718178498,0.1571301605,0.5418012155,0.6879471850000001,3704.0,4851.0
0.8304848423961297,0.339881504,0.51503954,0.6590334485,3704.0,4851.0
0.8309916137012626,0.43292487749999997,0.5287838635,0.6468935355000001,3704.0,4851.0
0.8321057121496587,0.4364803645,0.558083943,0.658315978,3704.0,4851.0
0.841151701933464,0.329496475,0.5322639764999999,0.646307547,3704.0,4851.0
0.8436545977545604,0.201273016,0.445030859,0.611901846,3704.0,4851.0
0.8165533554109325,0.0671929375,0.33299664149999997,0.5498118080000001,3704.0,4851.0
0.764034726379337,0.0,0.2356261475,0.49955522799999996,3704.0,4851.0
0.6189735058986859,0.0,0.17035088799999998,0.3920849803333333,3783.6666666666665,4955.0
0.6238879529747317,0.0,0.1641430945,0.45848280950000003,3943.0,5163.0
0.7514639147946225,0.040156995,0.13281529250000002,0.367657777,3943.0,5163.0
0.8121080949313481,0.165903114,0.10934486,0.285561956,3943.0,5163.0
0.8125771190284073,0.342766177,0.110160085,0.2330269795,3943.0,5163.0
0.8028112404250334,0.47507420799999994,0.101220363,0.24515607000000003,3943.0,5163.0
0.7939140513968439,0.453185105,0.139578684,0.337998808,3943.0,5163.0
0.7931139958962475,0.360603485,0.1453604175,0.358329848,3943.0,5163.0
0.7918311215243169,0.227604508,0.13823002,0.353018566,3943.0,5163.0
0.7744999419686043,0.1096439835,0.120748377,0.3720099415,3943.0,5163.0
0.7362206330828764,0.0,0.1288074,0.47614942699999996,3943.0,5163.0
0.6178127408634015,0.0,0.18910044175000001,0.69630853475,3943.0,5163.0
0.6429512036510481,0.0,0.2123009956666667,0.739654479,3943.0,5163.0
0.750134710198851,0.0639992695,0.245967549,0.7810125395,3943.0,5163.0
0.8044371520386767,0.3543741625,0.212323431,0.792323036,3943.0,5163.0
0.7918664291912403,0.6253904485,0.254867053,0.799355489,3943.0,5163.0
0.780121266699671,0.6495616115,0.272777873,0.770347852,3943.0,5163.0
0.7755094925656274,0.5160986755,0.302284888,0.6973113,3943.0,5163.0
0.7742894267731327,0.393164694,0.33214393,0.707625462,3943.0,5163.0
0.7746848636221473,0.235850092,0.32190850449999997,0.7247459895,3943.0,5163.0
0.7581692199952457,0.08613787549999999,0.276741012,0.6803039040000001,3943.0,5163.0
0.7129834719597299,0.0,0.269091882,0.5604019140000001,3943.0,5163.0
0.6070024660998011,0.0,0.28301537499999996,0.5721031386666666,3943.0,5163.0
0.6054119693414359,0.0,0.315117399,0.5520198019999999,3943.0,5163.0
0.7325087605918166,0.0506443325,0.33124669900000003,0.386655022,3943.0,5163.0
0.7984145797614266,0.235599311,0.3220895425,0.3067131455,3943.0,5163.0
0.7897696157565401,0.42382838,0.35942648,0.265625287,3943.0,5163.0
0.782564843228113,0.5003772006666667,0.3416759326666667,0.23683530833333333,3943.0,5163.0
0.7771267251031648,0.4245717345,0.409016811,0.282704548,3943.0,5163.0
0.7757076767216384,0.294056509,0.4349465985,0.316353777,3943.0,5163.0
0.7705917039042193,0.192017923,0.417460935,0.320152592,3943.0,5163.0
0.7550996717592093,0.0931566475,0.425750107,0.309882138,3943.0,5163.0
0.7137133114189202,0.0,0.47807666449999997,0.282642063,3943.0,5163.0
0.6012572208905775,0.0,0.48107141600000003,0.25178219175000005,3943.0,5163.0
0.6154220998840355,0.0,0.4342407976666667,0.20330415,3943.0,5163.0
0.729649771995821,0.07243537700000001,0.4157700165,0.172380735,3943.0,5163.0
0.7923868621900414,0.349771835,0.320377777,0.1317356745,3943.0,5163.0
0.7823019579200655,0.580263652,0.336556446,0.11862881,3943.0,5163.0
0.7768154322179317,0.7579156163333334,0.36500589499999997,0.13978302633333334,3943.0,5163.0
0.7715042027984973,0.702984814,0.435367536,0.252159585,3943.0,5163.0
0.7689953188562961,0.49419641999999997,0.44332717499999996,0.37555235750000004,3943.0,5163.0
0.7634826229296041,0.302575581,0.432905645,0.385906679,3943.0,5163.0
0.7468933477113291,0.13329804550000002,0.445687972,0.424718536,3943.0,5163.0
0.7052958288429583,0.0,0.4757184465,0.474858053,3943.0,5163.0
0.5986630507810985,0.0,0.4556943835,0.4366957235,3943.0,5163.0
0.5522163049625894,0.0,0.39066577140000003,0.3910740338,3943.0,5163.0
0.5758207942857796,0.0749810425,0.3222889125,0.3878672455,3943.0,5163.0
0.6202661682336656,0.306260584,0.209350289,0.328087887,3943.0,5163.0
0.6507474089390869,0.466470409,0.176646259,0.29571728,3943.0,5163.0
0.6529984493827345,0.6697886675,0.153359813,0.2998639595,3943.0,5163.0
0.6522506678331346,0.7903539515,0.18377612650000003,0.376261012,3943.0,5163.0
0.6535593354438344,0.7082723195,0.2230645335,0.450956301,3943.0,5163.0
0.6525640232568559,0.5231749905,0.222896188,0.4676669785,3943.0,5163.0
0.6490988607478693,0.342961224,0.187547371,0.476939642,3943.0,5163.0
0.6353938129715078,0.147338877,0.2108603805,0.5466359465,3943.0,5163.0
0.6135373541590827,0.0,0.2531083,0.5915164370000001,3943.0,5163.0
0.5467101648562268,0.0,0.21238728233333334,0.3975943336666667,3943.0,5163.0
0.5571661099731425,0.0,0.180576159,0.3155120825,3943.0,5163.0
0.5737460481871992,0.0801331755,0.1520702245,0.2598431815,3943.0,5163.0
0.6148531853687539,0.309255317,0.081470206,0.189960102,3943.0,5163.0
0.6468591312446375,0.496872871,0.053235041,0.141491009,3943.0,5163.0
0.6532743680016839,0.733143075,0.0474450225,0.104949069,3943.0,5163.0
0.6605761552632085,0.8938332383333334,0.070510978,0.13912799633333334,3943.0,5163.0
0.6654289174700544,0.7289627515,0.095335239,0.19524576100000002,3943.0,5163.0
0.6643224039075643,0.525771932,0.104376149,0.218157104,3943.0,5163.0
0.6572759540378291,0.370596065,0.100581192,0.224789758,3943.0,5163.0
0.6387943482171322,0.16006733299999998,0.132281807,0.2468330775,3943.0,5163.0
0.6296029582778349,0.0,0.171002116,0.27532553,3943.0,5163.0
0.6161429792741763,0.0,0.1880937975,0.289026345,3943.0,5163.0
0.5758993198249308,0.0,0.15383596533333332,0.17537423333333335,3943.0,5163.0
0.6216677401803559,0.0,0.10624738,0.084530021,3943.0,5163.0
0.7190472290654455,0.089556413,0.080923,0.049667591,3943.0,5163.0
0.7739059217723787,0.435535202,0.0330986965,0.0265531365,3943.0,5163.0
0.7800713214315028,0.747832981,0.02987544,0.0250652245,3943.0,5163.0
0.785092504714012,0.885368017,0.060307625000000004,0.057864427999999996,3943.0,5163.0
0.7811627537569786,0.8176913795,0.098198899,0.12041113049999999,3943.0,5163.0
0.777430344280847,0.597311868,0.110251053,0.1752145605,3943.0,5163.0
0.7709949919015936,0.375515991,0.104313628,0.224377786,3943.0,5163.0
0.7484151253615423,0.162697941,0.134784165,0.24086775900000001,3943.0,5163.0
0.7023628095150094,0.0,0.17574534349999998,0.21422246350000002,3943.0,5163.0
0.6027627086696538,0.0,0.14389968533333333,0.17957695333333334,3943.0,5163.0
0.5758625558306214,0.0,0.11813871249999999,0.1314274375,3943.0,5163.0
0.6202660795470079,0.0,0.1121201005,0.1563433065,3943.0,5163.0
0.7190675442832526,0.0815053685,0.103118825,0.1975850275,3943.0,5163.0
0.7711621265651376,0.284273666,0.075871468,0.238821723,3943.0,5163.0
0.7772607699749119,0.48474268400000003,0.077643562,0.2840428655,3943.0,5163.0
0.7827427713582491,0.6811551775,0.10984298849999999,0.370402282,3943.0,5163.0
0.7838362885288647,0.7053360295,0.15375368350000002,0.4880557565,3943.0,5163.0
0.7778100789850025,0.5739458095000001,0.2127501175,0.606034324,3943.0,5163.0
0.777335820957771,0.419820416,0.254944789,0.672680585,3943.0,5163.0
0.7699451657168277,0.288259084,0.266821077,0.705406533,3943.0,5163.0
0.7472252662851648,0.124096873,0.2814660065,0.6996344655,3943.0,5163.0
0.7027228056671139,0.0,0.3036349145,0.645899583,3943.0,5163.0
0.6157196422708288,0.0,0.276752964,0.4875863565,3943.0,5163.0
0.5838954687103544,0.0,0.25704530925,0.40857594825,3943.0,5163.0
0.6646195027935753,0.004755022,0.2256330615,0.321211484,3943.0,5163.0
0.7469717697489662,0.110885337,0.192986203,0.244138802,3943.0,5163.0
0.7761892536254228,0.2524024085,0.1601978495,0.1848079105,3943.0,5163.0
0.7766918554427569,0.48891645100000003,0.128196114,0.1569045535,3943.0,5163.0
0.7752834082552835,0.615371468,0.13258401549999999,0.1930204915,3943.0,5163.0
0.772202904027943,0.5682146665,0.162043631,0.2867279245,3943.0,5163.0
0.7697816239259464,0.37448336849999997,0.1977727475,0.378708165,3943.0,5163.0
0.7628100031705652,0.209367004,0.210459931,0.452272053,3943.0,5163.0
0.7459365368727365,0.08742138299999999,0.22999578450000002,0.456904398,3943.0,5163.0
0.7038776676317308,0.0,0.256216976,0.423585318,3943.0,5163.0
0.6040153911403235,0.0,0.2740048643333333,0.552736796,3943.0,5163.0
0.5773848435809774,0.0,0.281298762,0.711268719,3943.0,5163.0
0.6215202996749135,0.0,0.27473395899999997,0.727910058,3943.0,5163.0
0.6942262136812973,0.004716124,0.27077247,0.724701718,3943.0,5163.0
0.768528202129821,0.0984920835,0.283381083,0.7176668125,3943.0,5163.0
0.7881999331881089,0.2741872745,0.3159323535,0.6757143125,3943.0,5163.0
0.7832025693094119,0.4221233979999999,0.25330944299999997,0.48560673033333335,3943.0,5163.0
0.7775916683484625,0.4459664775,0.2653451885,0.406888736,3943.0,5163.0
0.7750983535211338,0.351299422,0.2306764745,0.351857682,3943.0,5163.0
0.7694102281467682,0.255783408,0.190458893,0.281976669,3943.0,5163.0
0.7543092416463295,0.1345828735,0.1511692285,0.2109552235,3943.0,5163.0
0.7143550812810926,0.0,0.1337779535,0.13970279200000002,3943.0,5163.0
0.6212644078902728,0.0,0.137619869,0.12493639649999999,3943.0,5163.0
0.586599860651548,0.0,0.16680448533333334,0.26097508799999997,3943.0,5163.0
0.6421892502401436,0.0,0.208603114,0.4807364855,3943.0,5163.0
0.7086183857373356,0.013246227,0.235523182,0.565881658,3943.0,5163.0
0.7726983644432803,0.2672881855,0.1919161385,0.5607427229999999,3943.0,5163.0
0.7830214179524675,0.6096301390000001,0.1528542805,0.5466464415,3943.0,5163.0
0.7757133543382005,0.8380020340000001,0.13336255433333333,0.38790414,3943.0,5163.0
0.7716872170814563,0.7440421585,0.1225120755,0.3390114605,3943.0,5163.0
0.7699439237998982,0.5150918725,0.1094133635,0.27407233249999996,3943.0,5163.0
0.7633263110755169,0.307872708,0.08662315,0.265370589,3943.0,5163.0
0.7457596437408689,0.1194355345,0.0773708645,0.2614722935,3943.0,5163.0
0.7039414298964586,0.0,0.0873083765,0.27973153,3943.0,5163.0
0.582513043936343,0.0,0.102086868,0.3240864193333333,3943.0,5163.0
0.5496017442718923,0.0,0.0767919355,0.13401021775,3943.0,5163.0
0.573027364365533,0.0500553125,0.082079931,0.13524389,3943.0,5163.0
0.6178825023097562,0.193030296,0.070730519,0.128782762,3943.0,5163.0
0.6500829064390012,0.3348937075,0.0861259765,0.1170477045,3943.0,5163.0
0.6529821262287905,0.44390921,0.1472811645,0.1425013405,3943.0,5163.0
0.6514911096875456,0.41051864650000003,0.228570812,0.17447617399999998,3943.0,5163.0
0.6517928881108779,0.286256471,0.2782607385,0.28391134549999997,3943.0,5163.0
0.651446287541848,0.189595102,0.300048997,0.383443532,3943.0,5163.0
0.6442438363731882,0.1023239885,0.2897404105,0.4099435125,3943.0,5163.0
0.6367457945316479,0.009381545333333333,0.27987788266666663,0.329558038,3943.0,5163.0
0.5698620153540837,0.0,0.24859825500000002,0.385751711,3943.0,5163.0
0.5583333029772201,0.0,0.2502518555,0.43766322700000004,3943.0,5163.0
0.5784376859220297,0.0276764295,0.232873946,0.3968960235,3943.0,5163.0
0.6535466495058821,0.1359653645,0.228618774,0.30957431999999996,3943.0,5163.0
0.6797805256560923,0.267333951,0.237000275,0.24926727450000002,3943.0,5163.0
0.6770022286561237,0.361517968,0.285168092,0.2775042093333333,3943.0,5163.0
0.679193935093501,0.323141905,0.33996038500000003,0.37391210350000004,3943.0,5163.0
0.6805294826076284,0.2236032485,0.35043956099999996,0.44030297350000003,3943.0,5163.0
0.6647150907108856,0.094087125,0.3318015395,0.45907248450000004,3943.0,5163.0
0.636305568836616,0.0003594765,0.3507171585,0.47615180149999997,3943.0,5163.0
0.581773239107041,0.0,0.43108802500000004,0.5319722333333333,3943.0,5163.0
0.6234427483067948,0.0,0.445344194,0.6097508275000001,3943.0,5163.0
0.7249456923125874,0.025933321,0.45241123699999997,0.6236363515000001,3943.0,5163.0
0.8003750418132154,0.11897203149999999,0.43898430850000003,0.6381690095,3943.0,5163.0
0.8041655581091771,0.22356706250000002,0.434933577,0.6319493385,3943.0,5163.0
0.7998041755165275,0.27610355,0.47312587500000003,0.69327435,3943.0,5163.0
0.7956174239385307,0.23240209750000002,0.5034843474999999,0.791273279,3943.0,5163.0
0.795733637628811,0.1846070585,0.46803849750000004,0.8115063525,3943.0,5163.0
0.7912136810648591,0.124351264,0.412789555,0.810546629,3943.0,5163.0
0.7688128811884731,0.057606642,0.3860912505,0.7994798240000001,3943.0,5163.0
0.7129112820327468,0.000692945,0.39472416600000004,0.755910008,3943.0,5163.0
0.6054372931196773,0.0,0.3787278733333334,0.749273681,3943.0,5163.0
0.5790928957612258,0.0,0.396290584,0.7273725099999999,3943.0,5163.0
0.6234379134665821,0.0,0.3989828685,0.6872154115,3943.0,5163.0
0.7242609189380236,0.0494423265,0.378834365,0.6136993635,3943.0,5163.0
0.7892614693526302,0.137342004,0.339818577,0.56560613,3943.0,5163.0
0.7917656958785544,0.2697196075,0.33305853649999995,0.5688087185,3943.0,5163.0
0.7788069436609467,0.456553494,0.292468684,0.5201900196666666,3943.0,5163.0
0.7715986818288647,0.464770923,0.352892026,0.532333501,3943.0,5163.0
0.7691971402282989,0.398787536,0.351833246,0.523365845,3943.0,5163.0
0.7661183659476065,0.285999648,0.322076086,0.517839688,3943.0,5163.0
0.7467095793386782,0.1193216325,0.2995247565,0.51380693,3943.0,5163.0
0.7051917245261147,0.0009291505,0.3103925635,0.522750549,3943.0,5163.0
0.604831163583762,0.0,0.27626971300000003,0.46017531366666664,3943.0,5163.0
0.5788274452051021,0.0,0.2470994215,0.444075792,3943.0,5163.0
0.6235363402174837,0.0,0.23582687749999998,0.468776791,3943.0,5163.0
0.7240232132333414,0.059979698,0.212994018,0.489222948,3943.0,5163.0
0.7808349159842838,0.200219865,0.1798698,0.504371436,3943.0,5163.0
0.7817192042196863,0.3424738165,0.183886669,0.532775744,3943.0,5163.0
0.7769626952825648,0.5116353634999999,0.16041822,0.530452047,3943.0,5163.0
0.7730948214925801,0.6114277205,0.21103417400000002,0.6051187515,3943.0,5163.0
0.7700222127569283,0.4986725405,0.27027123399999997,0.676042637,3943.0,5163.0
0.7681399066828034,0.32341247549999996,0.3094870875,0.7168678475,3943.0,5163.0
0.751053795950414,0.11862229199999999,0.32991835599999997,0.7432943615000001,3943.0,5163.0
0.7108913825575405,0.0008290995,0.362805406,0.7655031405,3943.0,5163.0
0.6326983662676338,0.0,0.296685149,0.748761427,3943.0,5163.0
0.5855587099066679,0.0,0.29258731099999996,0.74088175175,3943.0,5163.0
0.6234033598893507,0.0,0.29419730450000003,0.7179248300000001,3943.0,5163.0
0.6959841001701512,0.015835239,0.287871368,0.712824014,3943.0,5163.0
0.7729423243796607,0.1338163605,0.277997427,0.691024994,3943.0,5163.0
0.7940082642659976,0.34327463199999997,0.26061716149999997,0.6274306345,3943.0,5163.0
0.7796199364121058,0.5551382073333334,0.17043077033333334,0.4964272636666667,3943.0,5163.0
0.77214080514425,0.634103981,0.23116419649999997,0.4776829755,3943.0,5163.0
0.7699612227601783,0.5164409475,0.253787127,0.497377595,3943.0,5163.0
0.7647192779866363,0.358469523,0.248637578,0.537692636,3943.0,5163.0
0.7496845154637404,0.17541013300000002,0.247351311,0.5554119195,3943.0,5163.0
0.7112337913658666,0.0013760135,0.29690582099999996,0.615565758,3943.0,5163.0
0.6078119842777944,0.0,0.27258708666666664,0.5398870339999999,3943.0,5163.0
0.6052673898159392,0.0,0.2197889365,0.43882603575,3943.0,5163.0
0.727068520702701,0.10359969,0.18067829600000002,0.3835452995,3943.0,5163.0
0.7961334213895599,0.39797195900000004,0.09799029449999999,0.2970985985,3943.0,5163.0
0.7849742506737815,0.7053134385,0.0917576815,0.22810132900000002,3943.0,5163.0
0.7752315556671516,0.8327381580000001,0.10126150633333335,0.184427088,3943.0,5163.0
0.7699381574460579,0.7157119935,0.1135274475,0.24078375899999999,3943.0,5163.0
0.7663177033845094,0.46931242549999996,0.1554091565,0.3494193185,3943.0,5163.0
0.7486439154248707,0.182579395,0.21601875450000002,0.424079635,3943.0,5163.0
0.7097735359842104,0.0012855905,0.28465445450000004,0.447057452,3943.0,5163.0
0.5858942989624288,0.0,0.27017053799999996,0.3332841943333333,3943.0,5163.0
0.5488102162819715,0.0,0.224497792,0.2518974,3943.0,5163.0
0.5632124128663067,0.0,0.20061991899999998,0.253826615,3943.0,5163.0
0.5800366436423303,0.1058748855,0.158586524,0.2528052325,3943.0,5163.0
0.6441186184055168,0.42708249500000006,0.0790670915,0.2047571915,3943.0,5163.0
0.6591178737165093,0.7135460825,0.0732977435,0.152104903,3943.0,5163.0
0.6530893133687746,0.8546060520000001,0.086884705,0.135680815,3943.0,5163.0
0.6525882196295837,0.7986376645,0.107738946,0.17571570250000002,3943.0,5163.0
0.6516681801927287,0.6257910929999999,0.1339592205,0.2562318535,3943.0,5163.0
0.6483089629067966,0.408436466,0.147629163,0.306882899,3943.0,5163.0
0.6392108765453102,0.19636932399999998,0.1754151915,0.351135372,3943.0,5163.0
0.6405431860852662,0.001890801,0.2456445045,0.3960348015,3943.0,5163.0
0.6000961823203981,0.0,0.2605611065,0.35724859649999996,3943.0,5163.0
0.5525369703132053,0.0,0.19814953024999998,0.2598057385,3943.0,5163.0
0.5633759103644793,0.0187514245,0.1636615845,0.220362635,3943.0,5163.0
0.6090481810023144,0.27781767,0.0932595485,0.17946577,3943.0,5163.0
0.6574130152177234,0.524864779,0.055574458,0.162490608,3943.0,5163.0
0.6548786485412956,0.7390023395,0.057778859,0.16851264049999998,3943.0,5163.0
0.6523994611644488,0.8506873745000001,0.0691875695,0.174375071,3943.0,5163.0
0.6526860254220206,0.7804037855,0.08394102649999999,0.237150494,3943.0,5163.0
0.650863045963611,0.5886974495,0.109257684,0.3575193055,3943.0,5163.0
0.6474781241255674,0.387267123,0.124327922,0.447349978,3943.0,5163.0
0.6357217172591958,0.18034543349999999,0.1448330105,0.5048594485,3943.0,5163.0
0.6309249993505651,0.002112061,0.19768436849999999,0.5814609995,3943.0,5163.0
0.6036980658244037,0.0,0.1859306076666667,0.4799343413333334,3943.0,5163.0
0.5773848435809774,0.0,0.150783433,0.37832856849999996,3943.0,5163.0
0.6216549655557457,0.0,0.13799773399999998,0.314432952,3943.0,5163.0
0.7198539823828893,0.105181474,0.12170829899999999,0.23522516,3943.0,5163.0
0.7729628170214033,0.340704151,0.054519937,0.142671808,3943.0,5163.0
0.7765702746404569,0.577734227,0.037306366,0.130792906,3943.0,5163.0
0.7763363245187574,0.7846524196666667,0.05209966733333333,0.22402033033333332,3943.0,5163.0
0.7741988510693505,0.6908503185,0.048760043,0.2774107065,3943.0,5163.0
0.7711313432845048,0.5099042415,0.044824567499999995,0.2938625145,3943.0,5163.0
0.7641555974352738,0.308108233,0.04331243,0.276977775,3943.0,5163.0
0.7458509290897736,0.1430023345,0.0499825865,0.255544448,3943.0,5163.0
0.678961862645179,0.0013737303333333332,0.06339409566666666,0.27281646266666665,3943.0,5163.0
0.5829395893600793,0.0,0.0601048715,0.21068872,3943.0,5163.0
0.6219107243103998,0.0,0.0544680305,0.200521042,3943.0,5163.0
0.7195161644758469,0.09604535650000001,0.0462749835,0.22358124299999999,3943.0,5163.0
0.7745892313615079,0.37239776150000004,0.0208438695,0.18461353549999998,3943.0,5163.0
0.7766921216039706,0.6312746444999999,0.022779036500000002,0.1447766805,3943.0,5163.0
0.7783488756395587,0.7499053179999999,0.031991207,0.189727205,3943.0,5163.0
0.7743651874011144,0.6514038965,0.057404787,0.2847103765,3943.0,5163.0
0.7689997545053087,0.47347542249999996,0.0839531835,0.353772223,3943.0,5163.0
0.7632625266391244,0.276873239,0.089934212,0.389250269,3943.0,5163.0
0.7463934959903081,0.135959345,0.090760005,0.399743784,3943.0,5163.0
0.7038857848400638,0.002268736,0.096826771,0.45815515500000004,3943.0,5163.0
0.5922183967811734,0.0,0.0955984936,0.4504361094,3943.0,5163.0
0.6181265287611297,0.0,0.10641287199999999,0.497278855,3943.0,5163.0
0.7179405824729687,0.077027969,0.08619544400000001,0.455100909,3943.0,5163.0
0.7781521995616911,0.3326648725,0.045019773,0.400816662,3943.0,5163.0
0.7776634813065301,0.590649793,0.0395037875,0.3567434345,3943.0,5163.0
0.7750518680450216,0.702603517,0.0463952475,0.350863843,3943.0,5163.0
0.7713906948612015,0.6350030595,0.0473468575,0.36977199650000003,3943.0,5163.0
0.7687665287929678,0.48237376600000004,0.0539993915,0.3858485035,3943.0,5163.0
0.7627903976485009,0.311720742,0.063048106,0.391855882,3943.0,5163.0
0.745970513834832,0.135516024,0.07037228100000001,0.40855393399999995,3943.0,5163.0
0.7034785048294465,0.0023949645,0.088808996,0.3999698945,3943.0,5163.0
0.6157565024098444,0.0,0.08972852,0.31003519199999996,3943.0,5163.0
0.5820257930944004,0.0,0.0820950955,0.238589303,3943.0,5163.0
0.6599726649315374,0.0142938625,0.0623245775,0.142843407,3943.0,5163.0
0.7583577788141602,0.20179715650000002,0.0353704475,0.086271431,3943.0,5163.0
0.77686191762655,0.413625125,0.015741514,0.051859205,3943.0,5163.0
0.7765949811639477,0.595192631,0.022577306,0.049053732,3943.0,5163.0
0.7771296969667425,0.6954041479999999,0.034740085500000004,0.0725436985,3943.0,5163.0
0.7760163525574182,0.648938652,0.0431353805,0.129884886,3943.0,5163.0
0.7735292919617877,0.5073056754999999,0.040945666000000006,0.24199527049999997,3943.0,5163.0
0.7655524676729786,0.334673634,0.038646089,0.239827737,3943.0,5163.0
0.7457010933358894,0.160151091,0.0448842635,0.221998333,3943.0,5163.0
0.7026906251666598,0.002454126,0.0659538915,0.201425942,3943.0,5163.0
0.5915747684475675,0.0,0.0794850342,0.1523517918,3943.0,5163.0
0.6173954252133453,0.0,0.086176531,0.08725290899999999,3943.0,5163.0
0.715550795397968,0.0765063145,0.0819411585,0.0894838895,3943.0,5163.0
0.7714000540370843,0.262559185,0.049055837,0.088183254,3943.0,5163.0
0.7766781936478483,0.4652942945,0.039021145,0.08619336450000001,3943.0,5163.0
0.7814700102518932,0.652497145,0.063430581,0.07571211266666666,3943.0,5163.0
0.7804352653041418,0.5923803905,0.07724893050000001,0.09693491200000001,3943.0,5163.0
0.775822382232535,0.39440361749999997,0.09047469799999999,0.1571542065,3943.0,5163.0
0.7673638922520433,0.257125555,0.095507627,0.192618894,3943.0,5163.0
0.7469856089171902,0.1119547695,0.1445903815,0.2579568675,3943.0,5163.0
0.7024237108251017,0.001608069,0.23131114749999998,0.34080333549999997,3943.0,5163.0
0.597978432658806,0.0,0.247057376,0.3229381225,3943.0,5163.0
0.5462735098621931,0.0,0.26233204074999994,0.385191089,3943.0,5163.0
0.5549744405391593,0.0184624745,0.279839492,0.452647696,3943.0,5163.0
0.600010463628493,0.18183999750000002,0.2736077045,0.41011165,3943.0,5163.0
0.6478469471311274,0.340471173,0.247739326,0.418495509,3943.0,5163.0
0.6562648510193339,0.521552265,0.2659605395,0.4570562025,3943.0,5163.0
0.664533872838948,0.6634197035,0.3332882745,0.5214010325,3943.0,5163.0
0.6702465493832925,0.6077486295000001,0.3536781195,0.4928035015,3943.0,5163.0
0.6661809350224464,0.4484454315,0.27448859449999996,0.41929152999999997,3943.0,5163.0
0.660481676232841,0.283807034,0.23787579,0.370642574,3943.0,5163.0
0.642858387984842,0.11938352099999999,0.250143852,0.3751992325,3943.0,5163.0
0.6329237186599503,0.0020444315,0.27107883600000005,0.400963902,3943.0,5163.0
0.5905520706272327,0.0,0.23475178066666666,0.3231784576666667,3943.0,5163.0
0.5481529327847082,0.0,0.18364945425,0.30357105900000003,3943.0,5163.0
0.5705030000963578,0.0605967535,0.15769290149999998,0.2647239065,3943.0,5163.0
0.6324927302050836,0.279442815,0.1052820755,0.2183441545,3943.0,5163.0
0.6571887937827738,0.48620120850000004,0.094327082,0.144791388,3943.0,5163.0
0.6621365894634588,0.5886107965,0.112258281,0.1254558575,3943.0,5163.0
0.6661892740486641,0.515783442,0.1142237905,0.1103582005,3943.0,5163.0
0.659467690088046,0.36511084250000003,0.10058771550000001,0.12485006950000001,3943.0,5163.0
0.6533515259001067,0.220925872,0.076053123,0.129654909,3943.0,5163.0
0.6380646419397891,0.095040855,0.0856290385,0.1247114335,3943.0,5163.0
0.6247312226691519,0.00151348175,0.1254359275,0.1767027025,3943.0,5163.0
0.5764967111603015,0.0,0.10802237266666666,0.181223196,3943.0,5163.0
0.6117912886348569,0.0,0.104155095,0.151552305,3943.0,5163.0
0.6839196163560407,0.02753163,0.110789389,0.143238847,3943.0,5163.0
0.7570081259199748,0.1522953765,0.08825248050000001,0.153340239,3943.0,5163.0
0.7770974055573461,0.3439687475,0.08346412850000001,0.18951421750000003,3943.0,5163.0
0.7824327204743126,0.45300317349999997,0.09303091699999999,0.1718410455,3943.0,5163.0
0.7833272550052763,0.473701919,0.108042544,0.273705742,3943.0,5163.0
0.7776564285911909,0.3773010685,0.1285894055,0.40752118849999996,3943.0,5163.0
0.7718518678605211,0.21462006900000002,0.119152111,0.4557075405,3943.0,5163.0
0.7475891214205257,0.069082825,0.131295885,0.504588095,3943.0,5163.0
0.7027974574081524,0.001587014,0.157733051,0.5043810065000001,3943.0,5163.0
0.6040997273597705,0.0,0.16319349966666666,0.3245201283333333,3943.0,5163.0
0.5745913471457376,0.0,0.145079327,0.4015634685,3943.0,5163.0
0.6126819197886153,0.0,0.13742994549999998,0.387104588,3943.0,5163.0
0.6848770038097692,0.021006348,0.127970977,0.343167486,3943.0,5163.0
0.7572211473740712,0.10959710750000001,0.11488063849999999,0.327340222,3943.0,5163.0
0.7765052482871351,0.26909555500000004,0.099074734,0.33885707099999995,3943.0,5163.0
0.7772042599705031,0.41806703700000003,0.08896409799999999,0.2643450355,3943.0,5163.0
0.7750333271171916,0.473215136,0.11338519799999999,0.323011064,3943.0,5163.0
0.7737166088131522,0.45310576599999997,0.1049167895,0.3845557095,3943.0,5163.0
0.7683709145200177,0.3049321095,0.08589988400000001,0.353831798,3943.0,5163.0
0.7461608025497745,0.1109292805,0.062925356,0.2961917825,3943.0,5163.0
0.7023998914719097,0.002215372,0.06574287849999999,0.24132177999999999,3943.0,5163.0
0.60309764351789,0.0,0.11369914399999999,0.20358059166666664,3943.0,5163.0
0.5745066043107887,0.0,0.1014039045,0.1381578325,3943.0,5163.0
0.6126217947398792,0.0,0.08523982299999999,0.10895928,3943.0,5163.0
0.6848858307644652,0.045619032,0.082799568,0.104141044,3943.0,5163.0
0.7574895476221082,0.1597513655,0.068527661,0.11983361249999999,3943.0,5163.0
0.7768835192058561,0.364847699,0.0643878905,0.147321904,3943.0,5163.0
0.7784650153230505,0.5524046613333334,0.06379808733333332,0.125998741,3943.0,5163.0
0.7767019243143826,0.5315923709999999,0.091449317,0.1697327275,3943.0,5163.0
0.7735256547457958,0.383331302,0.08135986,0.1946290185,3943.0,5163.0
0.7667097247847969,0.225735822,0.065948167,0.150051334,3943.0,5163.0
0.7470603493448866,0.10134433200000001,0.052297016,0.1335382245,3943.0,5163.0
0.7023931493117332,0.003442512,0.053661948,0.133863456,3943.0,5163.0
0.5957189867245674,0.0,0.097655484,0.21571288849999998,3943.0,5163.0
0.5873838296140682,0.0,0.0799898545,0.2084645115,3943.0,5163.0
0.656313354724352,0.014687574,0.068842978,0.170224454,3943.0,5163.0
0.7571405518552567,0.132742501,0.0612107255,0.145039405,3943.0,5163.0
0.7766553058082839,0.3152056305,0.055514521,0.1658968775,3943.0,5163.0
0.7793961438655631,0.505137736,0.06914944433333332,0.167336071,3943.0,5163.0
0.7774837493410712,0.5152259115,0.097055169,0.2403532165,3943.0,5163.0
0.7733620685103454,0.3907546515,0.094856228,0.2238185855,3943.0,5163.0
0.7668023408891498,0.227172257,0.096396255,0.18308175,3943.0,5163.0
0.7461853759926582,0.11042456650000002,0.09355051,0.1493963425,3943.0,5163.0
0.7023873386145643,0.0024765185,0.0884591635,0.126183598,3943.0,5163.0
0.6012221682399789,0.0,0.113248354,0.143347703,3363.6666666666665,4404.333333333333
0.572279605038218,0.0,0.1014909805,0.161479916,2205.0,2887.0
0.6108237878649334,0.0,0.0861509485,0.1591247065,2205.0,2887.0
0.7099836741601462,0.0537292385,0.081967648,0.175089184,2205.0,2887.0
0.7726784928106227,0.2460436115,0.06728479,0.205335352,2205.0,2887.0
0.7772683992547668,0.4272394145,0.0510057155,0.2161217645,2205.0,2887.0
0.7769878453405845,0.5323061975,0.058016749500000006,0.195744186,2205.0,2887.0
0.7733133208663981,0.5143486884999999,0.0790136495,0.23273914099999998,2205.0,2887.0
0.7693439597752764,0.3947926255,0.09117831700000001,0.334986061,2205.0,2887.0
0.7623957148891783,0.272613938,0.090669129,0.378429358,2205.0,2887.0
0.7427966395146873,0.136454894,0.08846344049999999,0.321926223,2205.0,2887.0
0.6992252630620732,0.0050859955,0.103241348,0.26455181949999995,2205.0,2887.0
0.5800686097660747,0.0,0.07998764066666667,0.27633969433333333,2205.0,2887.0
0.5451826651870653,0.0,0.06358636875,0.276475719,2205.0,2887.0
0.5676032702064259,0.0909773655,0.052078798499999995,0.24606480749999998,2205.0,2887.0
0.6295490652891325,0.335332105,0.0267295865,0.17048823400000002,2205.0,2887.0
0.653230898833719,0.5605795325,0.0267216505,0.1093117005,2205.0,2887.0
0.6541915464839034,0.59674777725,0.028120007750000002,0.11478556725,2205.0,2887.0
0.6535391976499629,0.461267658,0.030316548,0.1472123375,2205.0,2887.0
0.6491480519769658,0.30362166,0.043987852,0.153940116,2205.0,2887.0
0.6348637767060339,0.142173836,0.059510683999999994,0.13766489999999998,2205.0,2887.0
0.6275218913819427,0.004807445,0.113358544,0.1530039215,2205.0,2887.0
0.5636439735424726,0.0,0.1471801042,0.15244835240000001,2205.0,2887.0
0.55097447354072,0.0,0.1669574825,0.186294775,2205.0,2887.0
0.5674965044799266,0.08736020150000001,0.1531365375,0.17390947,2205.0,2887.0
0.6136923352324121,0.279337962,0.092530541,0.151404076,2205.0,2887.0
0.6506993266475536,0.48618661,0.0912142825,0.155326999,2205.0,2887.0
0.6578452899834689,0.6585989765,0.099604231,0.16302735499999998,2205.0,2887.0
0.6606531800810245,0.6440601395000001,0.116428583,0.20934945249999998,2205.0,2887.0
0.6595925531572258,0.4962536325,0.1083871085,0.285463456,2205.0,2887.0
0.6540412006298766,0.2688722255,0.0941155725,0.312996674,2205.0,2887.0
0.6379131649259144,0.123438606,0.094515999,0.31628411,2205.0,2887.0
0.6308734128730267,0.026338219,0.1180760645,0.3482075495,2205.0,2887.0
0.6279664751167249,0.0,0.139402711,0.371078263,2205.0,2887.0
0.5800861674970137,0.0,0.13183234475,0.383539261,2205.0,2887.0
0.6096876665249871,0.0,0.10644116849999999,0.37173705300000004,2205.0,2887.0
0.7099792385111339,0.0520479275,0.0928915265,0.414327066,2205.0,2887.0
0.7685631992922018,0.148390118,0.068099315,0.395642919,2205.0,2887.0
0.7774705311819321,0.2971189065,0.056962202,0.4033480985,2205.0,2887.0
0.7816637588095119,0.464502921,0.0554264025,0.427691376,2205.0,2887.0
0.780858099581028,0.4911078483333334,0.07732593533333333,0.5198237866666666,2205.0,2887.0
0.7742919107082324,0.359569869,0.10629331850000001,0.6126903515,2205.0,2887.0
0.7659949666132411,0.220751965,0.107543675,0.594625214,2205.0,2887.0
0.7439184116368871,0.0987664325,0.1042766275,0.5551855065,2205.0,2887.0
0.6993700865518089,0.0029864545,0.12495527149999999,0.5400749075,2205.0,2887.0
0.5900759673134524,0.0,0.1112855154,0.47875625580000003,2205.0,2887.0
0.609571985106514,0.0,0.098690394,0.4822903435,2205.0,2887.0
0.7099486326544366,0.0459248225,0.09391774850000001,0.483253714,2205.0,2887.0
0.7685729576592849,0.117559749,0.086941006,0.470492918,2205.0,2887.0
0.7770032813748501,0.250312806,0.0777363365,0.461632056,2205.0,2887.0
0.77775702882327,0.383626307,0.0720328625,0.4021955235,2205.0,2887.0
0.7756452229900739,0.457331015,0.1056608745,0.4593079485,2205.0,2887.0
0.77403814801082,0.3879784245,0.149249932,0.5506192505,2205.0,2887.0
0.7683383126060788,0.247278055,0.19065106999999998,0.5976670245,2205.0,2887.0
0.7434017044901151,0.0794770685,0.1806530415,0.5658749329999999,2205.0,2887.0
0.6993232019351168,0.0024872865,0.185618052,0.5286645555,2205.0,2887.0
0.5896454179486577,0.0,0.1886695082,0.48321039639999996,2205.0,2887.0
0.6113894865945816,0.0,0.150426792,0.45371112,2205.0,2887.0
0.6810308646290771,0.031934167,0.13691979,0.480107534,2205.0,2887.0
0.7542138754456635,0.1092525865,0.120717856,0.515173901,2205.0,2887.0
0.7766762419845558,0.20967579,0.117618246,0.535266709,2205.0,2887.0
0.7778701375187453,0.32275437799999995,0.0985279595,0.43237250650000003,2205.0,2887.0
0.780449015785708,0.4258810455,0.083912285,0.3593915975,2205.0,2887.0
0.7792373776554686,0.450541945,0.093246467,0.37289698800000004,2205.0,2887.0
0.7764510447938902,0.340860218,0.094488791,0.341788916,2205.0,2887.0
0.7676966536022288,0.213131395,0.083595383,0.318869368,2205.0,2887.0
0.7446831594705601,0.097138271,0.0689641925,0.2902868125,2205.0,2887.0
0.69924249550736,0.0030787125,0.0587508635,0.2585604815,2205.0,2887.0
0.6152829096844064,0.0,0.070948343,0.152561888,2205.0,2887.0
0.5733984643706581,0.0,0.057505112000000004,0.14336293166666667,2205.0,2887.0
0.6095518473632627,0.0,0.049690754000000004,0.10927024299999999,2205.0,2887.0
0.7099045424267665,0.06839352800000001,0.042392276,0.0802638005,2205.0,2887.0
0.768854709197688,0.15192566,0.033909408,0.076749275,2205.0,2887.0
0.7777741503596145,0.303498269,0.033998327499999995,0.0704274535,2205.0,2887.0
0.7820011627442445,0.4805989686666667,0.03908305166666667,0.086959183,2205.0,2887.0
0.7802308712597614,0.49453048,0.042278530499999994,0.0869280165,2205.0,2887.0
0.7756579975640636,0.3868938205,0.0332225415,0.07893578949999999,2205.0,2887.0
0.767277574823958,0.264818249,0.026123372,0.077791755,2205.0,2887.0
0.7447395585154064,0.133421147,0.025060546000000003,0.09165651699999999,2205.0,2887.0
0.6994272619086317,0.007178596,0.033896873,0.09997871550000001,2205.0,2887.0
0.6146532712660948,0.0,0.044280862000000004,0.1369075895,2205.0,2887.0
0.578625856610266,0.0,0.0533934545,0.12597185724999999,2205.0,2887.0
0.6522804752568112,0.0223852465,0.058940408,0.1148789215,2205.0,2887.0
0.7540720238195056,0.200305299,0.032250523,0.11497067550000001,2205.0,2887.0
0.7767461476226595,0.387540532,0.02015803,0.1097229,2205.0,2887.0
0.7785343739082375,0.5737737985,0.030903881,0.120284233,2205.0,2887.0
0.7814708086342936,0.649177157,0.0404938885,0.1579208085,2205.0,2887.0
0.7796779249830589,0.5841450685,0.055472364499999996,0.214652614,2205.0,2887.0
0.7754844311942655,0.418179958,0.06926737250000001,0.319382658,2205.0,2887.0
0.7658074279439917,0.259037901,0.076739722,0.38169695,2205.0,2887.0
0.7440062815370648,0.11778625849999999,0.0895480105,0.409148022,2205.0,2887.0
0.6992340012794911,0.0042102195,0.12261125450000002,0.44028714700000005,2205.0,2887.0
0.5959658076155832,0.0,0.133632155,0.402087184,2205.0,2887.0
0.5436943987421337,0.0,0.13136445800000002,0.41883478525,2205.0,2887.0
0.5522422223829275,0.0217430465,0.117494451,0.4267287165,2205.0,2887.0
0.5973865858425172,0.196827099,0.076206393,0.392971455,2205.0,2887.0
0.6503184608341703,0.44289134799999996,0.053377985,0.3532739495,2205.0,2887.0
0.6552240292638198,0.5971177075,0.0420324365,0.24867049400000002,2205.0,2887.0
0.6588710749465378,0.6587749334999999,0.053262259500000006,0.259991343,2205.0,2887.0
0.6603502483768002,0.5556200405,0.062354347000000004,0.3500987045,2205.0,2887.0
0.6561727006717948,0.3491767275,0.06818181200000001,0.3748348935,2205.0,2887.0
0.636053879822581,0.12800858199999998,0.077453249,0.3655652325,2205.0,2887.0
0.6129258907855177,0.00303250575,0.09834861874999999,0.38361901425,2205.0,2887.0
0.5426876796134572,0.0,0.07703925933333333,0.221193581,2205.0,2887.0
0.5502794908064956,0.013344335,0.07446149533333334,0.19399445866666665,2205.0,2887.0
0.5977810247135311,0.14797566,0.0612263095,0.1868252165,2205.0,2887.0
0.6504924929607823,0.3435844005,0.0554477775,0.2136437915,2205.0,2887.0
0.6564944690779021,0.502008502,0.05063621033333334,0.22390986466666665,2205.0,2887.0
0.6603961571871562,0.5179266204999999,0.0749433205,0.2836704455,2205.0,2887.0
0.6575349951099833,0.36463228950000004,0.074227978,0.36785923649999996,2205.0,2887.0
0.6406558068353899,0.132633314,0.07419964366666666,0.4041916753333334,2205.0,2887.0
0.6284932067411734,0.0056588375,0.083655593,0.401182264,2205.0,2887.0
0.6188095944113301,0.0,0.13914317199999998,0.3914399475,2205.0,2887.0
0.5792120812644637,0.0,0.1293158955,0.3796157615,2205.0,2887.0
0.6514722360835087,0.01344791,0.1278486825,0.40506319199999996,2205.0,2887.0
0.7541201505049879,0.0966869985,0.1404978215,0.381491825,2205.0,2887.0
0.7773481963911808,0.190497825,0.13284498849999998,0.363732202,2205.0,2887.0
0.7788248192701097,0.3020631875,0.1701022635,0.380256822,2205.0,2887.0
0.7768552937996177,0.3419864226666667,0.21214724399999998,0.609401702,2205.0,2887.0
0.7709291670646308,0.27879402350000004,0.238642089,0.694522315,2205.0,2887.0
0.7631190781975453,0.195474317,0.233741551,0.682273852,2205.0,2887.0
0.7429628205435597,0.0979882765,0.213850319,0.7055301415,2205.0,2887.0
0.6992771156502049,0.0041384365,0.20498092750000002,0.7547567749999999,2205.0,2887.0
0.6017380621726204,0.0,0.19309921600000002,0.7100940556666666,2205.0,2887.0
0.5799581476653983,0.0,0.16570653766666665,0.624288305,2205.0,2887.0
0.6522526638397561,0.013342749,0.17740884,0.627584476,2205.0,2887.0
0.7540566544014737,0.139475559,0.168998993,0.600196994,2205.0,2887.0
0.7767757776730206,0.267893725,0.158742131,0.548944959,2205.0,2887.0
0.7773794675496716,0.3658878995,0.146550488,0.46308934049999995,2205.0,2887.0
0.7761679182073303,0.43015733300000003,0.155614471,0.481299202,2205.0,2887.0
0.7724257503134955,0.460982748,0.2073213235,0.5373574145,2205.0,2887.0
0.7663674121043037,0.30756633466666666,0.29924684733333334,0.574733714,2205.0,2887.0
0.7432770631375796,0.115511727,0.32963910500000004,0.5424016275000001,2205.0,2887.0
0.6999418399175552,0.0098615095,0.34035143,0.49073317299999997,2205.0,2887.0
0.6141119241614457,0.0,0.3513707075,0.3607743465,2205.0,2887.0
0.5807032530579798,0.0,0.3746498715,0.3109558915,2205.0,2887.0
0.6577811285275409,0.0162892765,0.3789081945,0.222257637,2205.0,2887.0
0.7573239209860871,0.156686452,0.3694850335,0.14984409799999998,2205.0,2887.0
0.780295587159161,0.3540571745,0.3533455095,0.1115814905,2205.0,2887.0
0.7777377781996972,0.474934168,0.28203596649999996,0.10943207399999999,2205.0,2887.0
0.7731021550996223,0.46117953799999994,0.3505455923333334,0.19347990966666664,2205.0,2887.0
0.7689773102002733,0.388451672,0.367457743,0.218933801,2205.0,2887.0
0.7650261795324389,0.2794144035,0.350437042,0.241796163,2205.0,2887.0
0.7429608911025517,0.137756259,0.297197074,0.274580465,2205.0,2887.0
0.7002829846372873,0.0075350565,0.268795802,0.2732328435,2205.0,2887.0
0.6022635370990298,0.0,0.25831491333333334,0.40960139900000003,2205.0,2887.0
0.5760244786850373,0.0,0.24921932600000002,0.47460329700000004,2205.0,2887.0
0.6431876821692899,0.014826134999999999,0.22696492100000001,0.5136090733333334,2205.0,2887.0
0.7560318205188805,0.17313488800000001,0.20011299999999999,0.5864209945,2205.0,2887.0
0.7767932540066163,0.329432729,0.218384034,0.639724704,2205.0,2887.0
0.7774552282282734,0.4142928325,0.21576799600000002,0.650220348,2205.0,2887.0
0.7762325010261231,0.45450340050000004,0.235924215,0.6492470325,2205.0,2887.0
0.7729263561242083,0.405825644,0.27867493750000005,0.6527883919999999,2205.0,2887.0
0.7687455482733672,0.2955158335,0.29139756699999997,0.5994717955,2205.0,2887.0
0.7548580183846132,0.15900125999999998,0.2608176135,0.50718186,2205.0,2887.0
0.7378356921392364,0.060358984,0.235606527,0.440710414,2205.0,2887.0
0.6993551828399707,0.006124672,0.21749733799999998,0.386281394,2205.0,2887.0
0.5933254625598445,0.0,0.17350785175,0.307012666,2205.0,2887.0
0.5880417008122997,0.0,0.137189772,0.212965595,2205.0,2887.0
0.656534448942212,0.014116573,0.1148846365,0.1864070175,2205.0,2887.0
0.7546914159422559,0.123857522,0.08564327399999999,0.1813530665,2205.0,2887.0
0.7766829841953523,0.255728791,0.0858325,0.162583108,2205.0,2887.0
0.7780352762262883,0.373791938,0.091477769,0.1350406325,2205.0,2887.0
0.7792793387959106,0.425867991,0.1059690405,0.1389116085,2205.0,2887.0
0.7774316306423459,0.397492183,0.1259440435,0.2323645975,2205.0,2887.0
0.7740972750309352,0.2969505025,0.1522274805,0.31212750450000004,2205.0,2887.0
0.7664043757110865,0.216317586,0.15769529,0.309429766,2205.0,2887.0
0.7441621497553825,0.1179369025,0.1504489675,0.29903063799999996,2205.0,2887.0
0.6994121363789086,0.006890065,0.1484099305,0.278634085,2205.0,2887.0
0.5955703707665687,0.0,0.1564239095,0.2951971575,2205.0,2887.0
0.5446433917657936,0.0,0.13097789399999998,0.25044433125,2205.0,2887.0
0.5543188314581428,0.016482458,0.1029761315,0.2562376765,2205.0,2887.0
0.5974847021394967,0.1379814375,0.0713702035,0.3036497915,2205.0,2887.0
0.6465284546383514,0.302890043,0.081124987,0.344101332,2205.0,2887.0
0.6532508813753192,0.4509355015,0.0998029145,0.3785931615,2205.0,2887.0
0.6537798752182229,0.5508764365000001,0.1323543415,0.41036590500000003,2205.0,2887.0
0.6537142721485246,0.4609498613333334,0.183912058,0.4452545843333333,2205.0,2887.0
0.6504252930756629,0.300366809,0.21800141550000002,0.469732503,2205.0,2887.0
0.6340531865769983,0.132231334,0.224401136,0.4929432295,2205.0,2887.0
0.6116248857627897,0.00370071475,0.220473495,0.53208380925,2205.0,2887.0
0.5438943460769794,0.0,0.2026943295,0.573813992,2205.0,2887.0
0.5529472443590647,0.0156037775,0.169037659,0.5025911785,2205.0,2887.0
0.5969478572494734,0.1295838625,0.1509915415,0.4685434885,2205.0,2887.0
0.6498275247545031,0.27871459099999996,0.16935752399999998,0.44182356700000003,2205.0,2887.0
0.6532439617405869,0.347542193,0.160496233,0.45368339,2205.0,2887.0
0.6528942562779926,0.380999234,0.215700809,0.5102763969999999,2205.0,2887.0
0.6526353038924961,0.355466316,0.292181522,0.5543179579999999,2205.0,2887.0
0.6512860502401312,0.292493609,0.322143809,0.5625356564999999,2205.0,2887.0
0.6467433611395065,0.199847712,0.320475234,0.537671671,2205.0,2887.0
0.633650120448129,0.1105673485,0.28192665549999996,0.5285310655,2205.0,2887.0
0.628165132403231,0.002775519,0.243655831,0.539460596,2205.0,2887.0
0.5796699164158816,0.0,0.23741569675000002,0.59658991375,2205.0,2887.0
0.6101106486804633,0.0,0.20319264250000002,0.5622207994999999,2205.0,2887.0
0.7099316220270345,0.055403828,0.17473848,0.485224553,2205.0,2887.0
0.7684633087558655,0.134269564,0.163884003,0.464879284,2205.0,2887.0
0.7770357058648533,0.23169733,0.18269982,0.49165690549999996,2205.0,2887.0
0.7778159340761208,0.28888821,0.167246851,0.446019283,2205.0,2887.0
0.7759710203621981,0.3304657105,0.1852870995,0.4133453665,2205.0,2887.0
0.7734229698204378,0.30775837699999997,0.18922858,0.4113932675,2205.0,2887.0
0.768528778744957,0.22873159850000002,0.1941656215,0.4851961265,2205.0,2887.0
0.7441320096048789,0.125423345,0.18701953500000001,0.567192567,2205.0,2887.0
0.6994276167058828,0.0095668375,0.2077651665,0.6065443745000001,2205.0,2887.0
0.5933080859734288,0.0,0.19813086249999998,0.54304731625,2205.0,2887.0
0.5847771621017148,0.0,0.17030852400000002,0.45473863150000005,2205.0,2887.0
0.6521525737584399,0.0224794385,0.1507529505,0.346912519,2205.0,2887.0
0.7539820913470928,0.1777261425,0.10402736900000001,0.28011489749999996,2205.0,2887.0
0.7774837049977423,0.39319370249999996,0.09456428550000001,0.23316485199999998,2205.0,2887.0
0.7791471124815389,0.57695072425,0.086933577,0.16609297674999998,2205.0,2887.0
0.777022354574487,0.575344868,0.1016053855,0.21053394050000002,2205.0,2887.0
0.7724559570296128,0.42726802500000005,0.12064317050000001,0.2432707525,2205.0,2887.0
0.7484512314614864,0.195164468,0.142369051,0.24467781,2205.0,2887.0
0.7003861574911237,0.011347096,0.202018915,0.2543425385,2205.0,2887.0
0.6026318278834031,0.0,0.216939148,0.20189807599999998,2205.0,2887.0
0.5723950202448572,0.0,0.1894434835,0.1929686485,2205.0,2887.0
0.6105557646364322,0.0,0.16522617150000002,0.19400402049999999,2205.0,2887.0
0.7099868012759953,0.12231859299999999,0.11800393349999999,0.17634421900000002,2205.0,2887.0
0.7690433124105516,0.338615139,0.046439076,0.151758199,2205.0,2887.0
0.7786954317640192,0.496552166,0.031716371,0.151795601,2205.0,2887.0
0.7844201067728578,0.6981312495,0.028874517000000002,0.141206665,2205.0,2887.0
0.7901307060144781,0.845354478,0.03171760333333334,0.12285790966666665,2205.0,2887.0
0.788982645334476,0.761967986,0.043913996,0.2031894755,2205.0,2887.0
0.7830387613066969,0.527023887,0.053066127500000004,0.2838912845,2205.0,2887.0
0.7563493232587362,0.2364563765,0.0885320455,0.29223499399999997,2205.0,2887.0
0.7057530097784148,0.0159614195,0.142267066,0.3829641185,2205.0,2887.0
0.6204204396365622,0.0,0.1556710915,0.4564206435,2205.0,2887.0
0.5732847199356084,0.0,0.141523542,0.4718925635,2205.0,2887.0
0.5847403241343636,0.0,0.15212311950000001,0.576446855,2205.0,2887.0
0.6522482504130284,0.026780615,0.177366808,0.66776117,2205.0,2887.0
0.7538913160983307,0.2091835385,0.185000113,0.6595141115,2205.0,2887.0
0.777799522235519,0.468957409,0.19292234749999998,0.5874746115,2205.0,2887.0
0.7802686628111641,0.731870149,0.178556983,0.44967572933333333,2205.0,2887.0
0.7773825281505273,0.768002737,0.2276831375,0.42412013,2205.0,2887.0
0.7730640825552761,0.608816817,0.3503997345,0.41427762349999997,2205.0,2887.0
0.7646538079975449,0.417083458,0.442273365,0.433652566,2205.0,2887.0
0.7433830304816784,0.2134846245,0.487261927,0.44888867899999996,2205.0,2887.0
0.69975660781009,0.01664784,0.5259081725,0.45100648099999996,2205.0,2887.0
0.6144388526934178,0.0,0.46278080099999996,0.3885401805,2205.0,2887.0
0.5837681881957579,0.0,0.40957491075,0.4138957175,2205.0,2887.0
0.6628416558841653,0.034660358,0.36517832299999997,0.43792750999999996,2205.0,2887.0
0.7595051889228579,0.2766502635,0.335448463,0.4213258055,2205.0,2887.0
0.7782335934629059,0.5879331059999999,0.39143196550000003,0.40082568500000004,2205.0,2887.0
0.7772636974951609,0.7965929329999999,0.36106779899999997,0.361168326,2205.0,2887.0
0.7745690492243078,0.8335635539999999,0.4089520065,0.384740737,2205.0,2887.0
0.770765137244031,0.7452139310000001,0.45402871300000003,0.4265147975,2205.0,2887.0
0.7651709586282257,0.5343837345,0.470343489,0.4692806825,2205.0,2887.0
0.7429879040865861,0.2557411975,0.4363834125,0.468220535,2205.0,2887.0
0.7005714117702533,0.018177385,0.446508896,0.464489911,2205.0,2887.0
0.581854633008256,0.0,0.4129082176666666,0.45054020366666664,2205.0,2887.0
0.5472683451812157,0.0,0.3598175186666667,0.38631920999999997,2205.0,2887.0
0.5585536431560084,0.035867377,0.322314108,0.357831968,2205.0,2887.0
0.6015512036706414,0.29122124250000003,0.23425964449999997,0.329932374,2205.0,2887.0
0.6510244364955995,0.6053769529999999,0.199694611,0.280367928,2205.0,2887.0
0.6532562189251195,0.8661964066666666,0.18609143400000003,0.22693307466666668,2205.0,2887.0
0.6536554556329519,0.8669230815,0.223373743,0.269520038,2205.0,2887.0
0.6525194007573786,0.660989552,0.25145712249999996,0.3267821875,2205.0,2887.0
0.6476429078839985,0.445851412,0.280087808,0.347901615,2205.0,2887.0
0.6340210725915376,0.209202975,0.27552445049999996,0.3489780385,2205.0,2887.0
0.6114449763987051,0.00599954875,0.29502276774999997,0.36372861424999997,2205.0,2887.0
0.5434444876796063,0.0,0.24986879233333328,0.3344326343333333,2205.0,2887.0
0.554048420354881,0.014650492666666667,0.20357949233333336,0.28770324433333333,2205.0,2887.0
0.5983794140943961,0.2169464685,0.126927556,0.24987896650000002,2205.0,2887.0
0.6497291867408794,0.4950547545,0.10047146400000001,0.2107817225,2205.0,2887.0
0.6539812086617474,0.733297243,0.100042806,0.192848208,2205.0,2887.0
0.6534030679836962,0.8095849225,0.14365007200000002,0.2570674755,2205.0,2887.0
0.6537288210631118,0.7217147564999999,0.18861107900000001,0.332561883,2205.0,2887.0
0.6504368257833433,0.491818432,0.2377939625,0.407272605,2205.0,2887.0
0.6372030641200153,0.278891942,0.23784656,0.443802451,2205.0,2887.0
0.6304763570369266,0.09206513000000001,0.2785454005,0.4805120945,2205.0,2887.0
0.6271189804547245,0.0,0.32758479149999997,0.5058013255,2205.0,2887.0
0.5925197109831722,0.0,0.30359590883333337,0.43701609766666666,2205.0,2887.0
0.7123847942966071,0.129858834,0.2398259665,0.36204565850000003,2205.0,2887.0
0.7685907889419923,0.352546468,0.176824278,0.309714739,2205.0,2887.0
0.7771333785260631,0.5738704295,0.218997111,0.2813089045,2205.0,2887.0
0.781088368227774,0.752736059,0.242597055,0.2759108345,2205.0,2887.0
0.7818468174357998,0.780476186,0.3052161705,0.301844715,2205.0,2887.0
0.7794734422014007,0.6939427765,0.3222339565,0.3600613385,2205.0,2887.0
0.7739869607751021,0.5110255435,0.33838173299999996,0.44115326600000004,2205.0,2887.0
0.7484764702061639,0.2409610025,0.3200572135,0.5227211940000001,2205.0,2887.0
0.6995577583016652,0.017599506,0.3714900635,0.5729304085,2205.0,2887.0
0.6145515399754082,0.0,0.3808797195,0.5813622505,2205.0,2887.0
0.5802649790599872,0.0,0.3137842135,0.5049398705,2205.0,2887.0
0.6565757003362911,0.033192742,0.2580468365,0.4671280045,2205.0,2887.0
0.754146276419964,0.2838762165,0.16460276699999998,0.43053824949999997,2205.0,2887.0
0.7780584746210155,0.6050854999999999,0.1228251705,0.34875997000000003,2205.0,2887.0
0.7849074056365333,0.83494795,0.133718015,0.3769300365,2205.0,2887.0
0.7857487716556472,0.884011215,0.1972520756666667,0.5084185866666667,2205.0,2887.0
0.7822188341228224,0.6945651105,0.2611783115,0.5842918415,2205.0,2887.0
0.7730980151740428,0.492807066,0.290856999,0.643517182,2205.0,2887.0
0.752048265361043,0.25926802250000003,0.2899037785,0.6699485265,2205.0,2887.0
0.7012134034503104,0.0187672025,0.35002776950000003,0.69890946,2205.0,2887.0
0.6154069743711859,0.0,0.3519488385,0.6085053025,2205.0,2887.0
0.5791217051815917,0.0,0.280854721,0.520740483,2205.0,2887.0
0.6534863248615459,0.03340083,0.248847492,0.510666521,2205.0,2887.0
0.7540307281327179,0.286544756,0.155634615,0.469860701,2205.0,2887.0
0.7786954317640192,0.535911488,0.119408712,0.436328179,2205.0,2887.0
0.7860353433037737,0.747086842,0.1419784925,0.435589938,2205.0,2887.0
0.7905554771904207,0.9010873405,0.187991934,0.46616656050000005,2205.0,2887.0
0.7904529696889983,0.8645819855000001,0.250228138,0.5145670295,2205.0,2887.0
0.7865409169340655,0.6814506579999999,0.3116832775,0.577021002,2205.0,2887.0
0.7683269573729543,0.39354538,0.3480066585,0.6595876615,2205.0,2887.0
0.7323749374873338,0.10285583300000001,0.3996177755,0.6800202989999999,2205.0,2887.0
0.6672108451299852,0.0,0.42297874550000003,0.677007582,2205.0,2887.0
0.58175021821218,0.0,0.380367143,0.63283647875,2205.0,2887.0
0.6095033215372003,0.0,0.35841099249999997,0.6072057865,2205.0,2887.0
0.7098246123109861,0.127674779,0.3270657415,0.589595468,2205.0,2887.0
0.769398163217901,0.339405901,0.243357379,0.527740412,2205.0,2887.0
0.7836443142106029,0.574310272,0.2841952595,0.5024771095,2205.0,2887.0
0.7906989699753288,0.803692438,0.316351881,0.503505835,2205.0,2887.0
0.7931301416262557,0.8467252715,0.3980028635,0.5906096105,2205.0,2887.0
0.7895192685078549,0.714077548,0.44989158149999997,0.662404963,2205.0,2887.0
0.7822873647127697,0.4784609605,0.472103628,0.736000356,2205.0,2887.0
0.7545178495218374,0.2156604805,0.415255116,0.790319466,2205.0,2887.0
0.7071590617680665,0.017821778,0.41576498500000003,0.809383262,2205.0,2887.0
0.6246319864247074,0.0,0.407931547,0.7835632455,2205.0,2887.0
0.5749023516980927,0.0,0.3724357833333333,0.7447874293333333,2205.0,2887.0
0.6095912358313271,0.0,0.359445679,0.74392888,2205.0,2887.0
0.7094494906291584,0.120764249,0.308407411,0.7415631935,2205.0,2887.0
0.7703858904177332,0.328337712,0.222940424,0.695785466,2205.0,2887.0
0.7829275155878562,0.5479856835,0.2395255395,0.6675798865,2205.0,2887.0
0.7909737132429622,0.7256430405000001,0.2424370505,0.60368208,2205.0,2887.0
0.793846319189297,0.6620838739999999,0.279961464,0.640334611,2205.0,2887.0
0.7916882496978737,0.5008765045,0.275208908,0.6855392605,2205.0,2887.0
0.7842064865825815,0.351905967,0.2597384285,0.7195087490000001,2205.0,2887.0
0.7559482531364883,0.185331115,0.23973936499999998,0.7338110335,2205.0,2887.0
0.708443266844825,0.013655889,0.2700943395,0.7379719330000001,2205.0,2887.0
0.5885661037539197,0.0,0.2796432873333334,0.6992222093333332,2205.0,2887.0
0.5443921241399332,0.0,0.23138369574999998,0.62983897,2205.0,2887.0
0.5676519512847595,0.1261143395,0.2070204025,0.5673167619999999,2205.0,2887.0
0.6160186040828544,0.347446649,0.123876315,0.504379237,2205.0,2887.0
0.6576316697931925,0.5873288990000001,0.1027591875,0.429998974,2205.0,2887.0
0.6764290263029259,0.8439885813333333,0.09865461366666667,0.42446083700000004,2205.0,2887.0
0.6806506419964435,0.8205659279999999,0.101492798,0.457427023,2205.0,2887.0
0.6765417357903276,0.6325305115,0.1010362345,0.4797750395,2205.0,2887.0
0.6699293128046505,0.43228545,0.104985882,0.501947678,2205.0,2887.0
0.6523952029899924,0.2128172585,0.1393211245,0.5890273690000001,2205.0,2887.0
0.6415358589836333,0.0119279245,0.2308961505,0.5988345425,2205.0,2887.0
0.589675555897181,0.0,0.189495974,0.45533022175,1620.0,2121.5
0.5459058511474271,0.0,0.1685805475,0.335693164,1035.0,1356.0
0.5515309904678009,0.027069912,0.146815325,0.232632582,1035.0,1356.0
0.6152114294025458,0.22802008299999998,0.09110289099999999,0.167011683,1035.0,1356.0
0.6869629499398231,0.5272299995,0.059694154,0.114983502,1035.0,1356.0
0.7046429921311601,0.7573703725,0.0654781495,0.1317929055,1035.0,1356.0
0.7109030482952075,0.8082064579999999,0.088774485,0.1777053035,1035.0,1356.0
0.7030702933558222,0.718393735,0.105047242,0.2742764945,1035.0,1356.0
0.6985926527801837,0.528375616,0.112936665,0.346005482,1035.0,1356.0
0.6864236654074088,0.3081934685,0.13519257499999998,0.3285660105,1035.0,1356.0
0.6676677155608992,0.0744655895,0.20073490300000002,0.32434277499999997,1035.0,1356.0
0.6591761135663259,0.0,0.2211866675,0.2991840575,1035.0,1356.0
0.5915530493280678,0.0,0.1817460655,0.3374341875,1035.0,1356.0
0.6033627169869841,0.0,0.1467624775,0.24744147049999998,1035.0,1356.0
0.706526495829506,0.08942631499999999,0.11561088650000001,0.23753575999999998,1035.0,1356.0
0.7920533024574556,0.2842716625,0.0760704205,0.220827131,1035.0,1356.0
0.8186667137162209,0.5096593445,0.0723836525,0.26258817700000003,1035.0,1356.0
0.8350957737538236,0.6290101244999999,0.0790265355,0.3725190745,1035.0,1356.0
0.8310298932317638,0.6128167225000001,0.08939694849999999,0.45800233349999997,1035.0,1356.0
0.8215759136909782,0.466882184,0.07976897299999999,0.4966084685,1035.0,1356.0
0.8140339590119566,0.313779462,0.076156691,0.482189781,1035.0,1356.0
0.7890588495982271,0.1489681425,0.079019692,0.47437013,1035.0,1356.0
0.7275269657773717,0.0096621045,0.1036917785,0.44756361,1035.0,1356.0
0.628766530566701,0.0,0.105671207,0.449791272,1035.0,1356.0
0.5816538872910099,0.0,0.0784228005,0.34359775025000006,1035.0,1356.0
0.6464416935744965,0.0217188045,0.0732176425,0.28114325149999997,1035.0,1356.0
0.7547612328430817,0.20132176799999998,0.052092775499999994,0.2342697375,1035.0,1356.0
0.8027688209520794,0.454340116,0.0419821155,0.1993364275,1035.0,1356.0
0.823943123430957,0.658667821,0.049662284,0.23117621100000002,1035.0,1356.0
0.8306882162402247,0.6939616424999999,0.078338817,0.31486968699999995,1035.0,1356.0
0.8230159426427255,0.61356755,0.1015746945,0.421405957,1035.0,1356.0
0.8108897147421729,0.3932750195,0.094958564,0.4063736945,1035.0,1356.0
0.776655838080091,0.1450396645,0.071974392,0.295140148,1035.0,1356.0
0.7167349325650745,0.010174499,0.068043387,0.2171465345,1035.0,1356.0
0.6222192005505796,0.0,0.1030972385,0.235566501,1035.0,1356.0
0.5784424875047457,0.0,0.064773086,0.17860828850000002,1035.0,1356.0
0.6460482084393948,0.0227106435,0.048026028,0.1404589765,1035.0,1356.0
0.754059116164909,0.23733576899999997,0.031829952,0.109340612,1035.0,1356.0
0.8037981101011534,0.5472847345,0.0298224055,0.07847090200000001,1035.0,1356.0
0.8258320829279804,0.7587952145,0.05792299150000001,0.0812585675,1035.0,1356.0
0.8320392663542311,0.7790104499999999,0.086096625,0.1195849625,1035.0,1356.0
0.8236281933128586,0.6260600455,0.0959632805,0.172953378,1035.0,1356.0
0.8121288093909758,0.376613991,0.09154984050000001,0.179395759,1035.0,1356.0
0.7755418726616816,0.135162955,0.1035510345,0.174664404,1035.0,1356.0
0.7111938706766154,0.009845585,0.1205542385,0.18868754,1035.0,1356.0
0.6025004739329103,0.0,0.12256947166666667,0.13910114466666668,1035.0,1356.0
0.576558144657834,0.0,0.15345849533333333,0.23104626566666667,1035.0,1356.0
0.6460541078232216,0.0117014005,0.141209549,0.1955095695,1035.0,1356.0
0.7521873668402674,0.10737723999999998,0.118831189,0.1289774595,1035.0,1356.0
0.786750456373821,0.2781772185,0.1273563885,0.1242946785,1035.0,1356.0
0.8036076439116551,0.442520299,0.1386464435,0.19605851800000001,1035.0,1356.0
0.8059568449449906,0.5366636393333333,0.21936465200000002,0.28546827366666666,1035.0,1356.0
0.7990900383034365,0.41968037150000004,0.25652108900000004,0.39322108450000004,1035.0,1356.0
0.7864432442728556,0.286921117,0.248724788,0.405474364,1035.0,1356.0
0.7615746787677407,0.14473882999999998,0.217909118,0.347665487,1035.0,1356.0
0.7051380311836328,0.009842224,0.1944132745,0.260750535,1035.0,1356.0
0.59979883208803,0.0,0.18795783466666668,0.213459902,1035.0,1356.0
0.5762698431980465,0.0,0.17522097866666667,0.18873093900000001,1035.0,1356.0
0.6466818832648984,0.0180300975,0.1481685665,0.167470124,1035.0,1356.0
0.752083617371295,0.195330222,0.1254953325,0.141706926,1035.0,1356.0
0.7900972761052992,0.428004604,0.11576997,0.1244224825,1035.0,1356.0
0.8111293572784177,0.648117209,0.114686251,0.12296034166666665,1035.0,1356.0
0.8154292323836196,0.644360318,0.142498352,0.1545760275,1035.0,1356.0
0.812686058236084,0.5226743755000001,0.149057687,0.198778888,1035.0,1356.0
0.8034835348309265,0.360241036,0.1491287,0.192489115,1035.0,1356.0
0.7762051775375463,0.1804953275,0.13704434100000001,0.15876205999999998,1035.0,1356.0
0.7136487285495074,0.012207455,0.1475370885,0.15871016799999998,1035.0,1356.0
0.5675357288068058,0.0,0.1415373262,0.1338487942,1035.0,1356.0
0.5460160544943179,0.0,0.1317999445,0.101162399,1035.0,1356.0
0.5656286585831107,0.116420542,0.10886301100000001,0.101577922,1035.0,1356.0
0.6178118426325808,0.334397385,0.058458128,0.091121282,1035.0,1356.0
0.674428421828368,0.574611917,0.0769386465,0.08136101100000001,1035.0,1356.0
0.6948427669198362,0.774840985,0.11305526275,0.05552849675,1035.0,1356.0
0.6911621656378872,0.6453615205000001,0.1641319695,0.13516546200000001,1035.0,1356.0
0.686033396074814,0.42525213,0.196824802,0.194038925,1035.0,1356.0
0.6681904995154336,0.207809947,0.195217323,0.2321212555,1035.0,1356.0
0.6284066896921778,0.006895677,0.2570587355,0.29658282175,1035.0,1356.0
0.5474249526912424,0.0,0.24511069866666665,0.31774538533333335,1035.0,1356.0
0.5466808674989461,0.0,0.2148471185,0.2978387165,1035.0,1356.0
0.5659068393698954,0.114397776,0.175236232,0.2839622715,1035.0,1356.0
0.6187175993666825,0.336032261,0.097870218,0.242645139,1035.0,1356.0
0.672741815924534,0.5703225075,0.11139940549999999,0.21395880350000002,1035.0,1356.0
0.6932706743387268,0.8158129243333333,0.15475190533333333,0.21141228066666665,1035.0,1356.0
0.6939277397471295,0.747571522,0.209316431,0.34370939050000004,1035.0,1356.0
0.6882047281193256,0.564540255,0.24783938300000002,0.4212478325,1035.0,1356.0
0.6826486737817502,0.4073543,0.271109045,0.452970648,1035.0,1356.0
0.6640844099206242,0.21002273850000003,0.282203669,0.474459702,1035.0,1356.0
0.6419378976060296,0.009100279333333334,0.32859142,0.458490955,1035.0,1356.0
0.5815318518683485,0.0,0.30475821825,0.3835472865,1035.0,1356.0
0.6272661178799258,0.015417883,0.264716816,0.32666231333333334,1035.0,1356.0
0.7530974039711104,0.263283695,0.166594454,0.2649076505,1035.0,1356.0
0.7899552913985344,0.508746849,0.143231338,0.232974164,1035.0,1356.0
0.806700523521785,0.724990986,0.177219664,0.2173073835,1035.0,1356.0
0.8174081466259606,0.8403003265,0.20111750150000002,0.22499478,1035.0,1356.0
0.8174941535495035,0.7945833234999999,0.2328389735,0.2484449445,1035.0,1356.0
0.8111057745242201,0.6203545159999999,0.27193697650000004,0.28341725149999997,1035.0,1356.0
0.8001796076522774,0.424034192,0.286010489,0.275601769,1035.0,1356.0
0.7733585199810112,0.2210522815,0.26417580799999996,0.29047974600000004,1035.0,1356.0
0.7111815174148701,0.0135191315,0.29012340999999997,0.36962860900000005,1035.0,1356.0
0.6052420512650248,0.0,0.27547690033333333,0.43964083299999995,1035.0,1356.0
0.5868004104853448,0.0,0.22232654000000002,0.38911361675,1035.0,1356.0
0.7050709200357912,0.0967476095,0.1700678695,0.354638023,1035.0,1356.0
0.7751298021541806,0.35432285249999995,0.1246797625,0.2972746095,1035.0,1356.0
0.7853884059251819,0.604696161,0.143797601,0.231295892,1035.0,1356.0
0.7903474015360997,0.7130457886666667,0.17892611166666664,0.229371435,1035.0,1356.0
0.785936916552872,0.59051282,0.264224397,0.371879104,1035.0,1356.0
0.7759014252792571,0.4257714685,0.3104733775,0.4755885045,1035.0,1356.0
0.7491674756407616,0.1904989085,0.31903008899999996,0.475390085,1035.0,1356.0
0.7017426634038074,0.01082741,0.332197894,0.45535745250000004,1035.0,1356.0
0.5865313714757053,0.0,0.2680624866,0.3741270966,1035.0,1356.0
0.6051182083286366,0.0,0.21422256,0.344916103,1035.0,1356.0
0.7056525870208917,0.0950895925,0.18313159899999998,0.349020842,1035.0,1356.0
0.7685101490798489,0.28165843,0.16231802,0.347646056,1035.0,1356.0
0.7818219334883734,0.4748311085,0.16938429900000002,0.29291046099999996,1035.0,1356.0
0.7856301332390728,0.6179238020000001,0.14711466966666667,0.22312211433333337,1035.0,1356.0
0.7891837127180272,0.618858275,0.184325621,0.234422627,1035.0,1356.0
0.7855605529034946,0.481159074,0.201284997,0.24845926200000001,1035.0,1356.0
0.777706551333915,0.346264008,0.206198541,0.276941419,1035.0,1356.0
0.7519579114751453,0.182553179,0.203515143,0.2980082505,1035.0,1356.0
0.6764470941508809,0.0071344956666666666,0.21338161,0.3563804853333334,1035.0,1356.0
0.5764248945153934,0.0,0.18292039275,0.28972798725,1035.0,1356.0
0.6057981024690389,0.0,0.145790692,0.2456210545,1035.0,1356.0
0.7061216998046086,0.09399042099999999,0.11476447249999999,0.2424725115,1035.0,1356.0
0.77489945961876,0.372793807,0.0577328785,0.1841450815,1035.0,1356.0
0.7882328456065903,0.6313350805,0.0631028,0.1397057545,1035.0,1356.0
0.8014325267556884,0.6769706443333333,0.073637599,0.16715011333333332,1035.0,1356.0
0.8030547863722304,0.5624498755,0.0808278075,0.27840116800000003,1035.0,1356.0
0.7947306961619776,0.385632694,0.0904920795,0.35534707899999995,1035.0,1356.0
0.7631181023912093,0.179828197,0.112170143,0.36799603000000003,1035.0,1356.0
0.7035459708251595,0.0090584335,0.1667374955,0.3729991575,1035.0,1356.0
0.6116900009293198,0.0,0.14046783149999997,0.304541049,1035.0,1356.0
0.5752614606967719,0.0,0.11528560525,0.22959257600000002,1035.0,1356.0
0.6475457675452159,0.0161180515,0.09174618500000001,0.18512503749999998,1035.0,1356.0
0.7519671375704216,0.23502989000000002,0.049752437,0.149323456,1035.0,1356.0
0.7837183449931767,0.460054943,0.028893142,0.129772881,1035.0,1356.0
0.8007133920426852,0.637597569,0.032574591,0.107706171,1035.0,1356.0
0.8178173782998704,0.7338769265,0.0452132535,0.12920980999999998,1035.0,1356.0
0.8211758637690155,0.6725194685,0.059054419,0.211998111,1035.0,1356.0
0.8152974052857584,0.5427121454999999,0.067569924,0.2606066505,1035.0,1356.0
0.8027344447987835,0.372521987,0.069833102,0.281284473,1035.0,1356.0
0.7716809627991379,0.1953238625,0.093913143,0.3015603445,1035.0,1356.0
0.7072955462315846,0.0107566235,0.14654743450000002,0.3466508145,1035.0,1356.0
0.5633677133280304,0.0,0.12866226379999998,0.3051579802,1035.0,1356.0
0.5459262328802275,0.0,0.10852681850000001,0.2348395375,1035.0,1356.0
0.5647574554262406,0.0952266685,0.084629391,0.192354658,1035.0,1356.0
0.6158702764577336,0.311105075,0.034956777,0.130233358,1035.0,1356.0
0.6674086079231314,0.514761867,0.028964142,0.0873678965,1035.0,1356.0
0.6915960373202945,0.702560888,0.0398753105,0.083989653,1035.0,1356.0
0.6959091822678991,0.7192540155,0.042455817,0.1321458675,1035.0,1356.0
0.6908104197747225,0.6541534005,0.03707229200000001,0.1750626145,1035.0,1356.0
0.685821572295559,0.459125586,0.043029935500000005,0.2300471385,1035.0,1356.0
0.6658267051735617,0.193741981,0.0664820495,0.2521219095,1035.0,1356.0
0.6351574823318556,0.006800262666666667,0.145686131,0.3494943023333333,1035.0,1356.0
0.5532745055672439,0.0,0.1371571545,0.259289534,1035.0,1356.0
0.5461941673714508,0.0,0.09146364400000001,0.1455332755,1035.0,1356.0
0.5651115744168029,0.088317961,0.0651647135,0.0992419095,1035.0,1356.0
0.640255047234558,0.3965245505,0.020510813,0.061628534,1035.0,1356.0
0.6888327031566026,0.6851624510000001,0.0213299825,0.04632270300000001,1035.0,1356.0
0.69819821395979,0.827269787,0.0469547975,0.071126826,1035.0,1356.0
0.6937657059837713,0.73677865,0.056159151500000004,0.11179102299999999,1035.0,1356.0
0.688734276405701,0.613918657,0.06990992,0.163585348,1035.0,1356.0
0.6859032767013162,0.4171145595,0.08108198750000001,0.249811582,1035.0,1356.0
0.6648547023408731,0.1793272685,0.08726703450000001,0.257791248,1035.0,1356.0
0.6412315966589482,0.0064044896666666665,0.12821190633333335,0.18098597866666669,1035.0,1356.0
0.5806153276780208,0.0,0.1382088005,0.11721268825,1035.0,1356.0
0.6034544680927028,0.0,0.114276019,0.0688955525,1035.0,1356.0
0.705265356066868,0.0844050375,0.1154052165,0.1298838655,1035.0,1356.0
0.7832404939920417,0.29828013400000003,0.1052334755,0.157902767,1035.0,1356.0
0.8159620852097798,0.5244436535,0.10711659,0.1779963135,1035.0,1356.0
0.8317833301756412,0.614643947,0.12432707999999999,0.301865577,1035.0,1356.0
0.8279229969788537,0.587366059,0.198396306,0.497307236,1035.0,1356.0
0.8180644431804354,0.452054783,0.2800512785,0.603998958,1035.0,1356.0
0.8015915590763761,0.332095937,0.31304451,0.586972991,1035.0,1356.0
0.7733567900849834,0.167129428,0.31503886,0.5313505845,1035.0,1356.0
0.714222477921875,0.007632991,0.3204259475,0.444102105,1035.0,1356.0
0.6248982575855162,0.0,0.300556739,0.4475152355,1035.0,1356.0
0.5753744363116405,0.0,0.2525799596666667,0.4272484296666666,1035.0,1356.0
0.6030993290030955,0.0,0.19066895150000002,0.31925725,1035.0,1356.0
0.7049791023644592,0.0870529075,0.148604275,0.2520305075,1035.0,1356.0
0.7779222118741418,0.32323194850000003,0.122600202,0.2184324965,1035.0,1356.0
0.7985810048304685,0.5621899865,0.1218210745,0.188796639,1035.0,1356.0
0.8086393839942679,0.672131055,0.1322107345,0.1877475515,1035.0,1356.0
0.8078173277737857,0.5838923149999999,0.15276515750000003,0.19850565450000002,1035.0,1356.0
0.8043232005668518,0.4904939055,0.157108091,0.1978442955,1035.0,1356.0
0.7948748542992995,0.360010488,0.150350376,0.187431692,1035.0,1356.0
0.7686114590076707,0.19442345649999998,0.135241573,0.1886106835,1035.0,1356.0
0.7048022314548761,0.0071323915,0.14129066899999998,0.1864784295,1035.0,1356.0
0.5870194776511912,0.0,0.1167568406,0.1586268934,1035.0,1356.0
0.6051699944017752,0.0,0.08507609199999999,0.1234189575,1035.0,1356.0
0.7053115310384377,0.089830674,0.075082218,0.1211328575,1035.0,1356.0
0.7780258283131275,0.37289891350000004,0.043290590000000004,0.107726672,1035.0,1356.0
0.8056290071722958,0.649976173,0.05475018399999999,0.084083453,1035.0,1356.0
0.8168124408264157,0.7593094975000001,0.070094486,0.1110435495,1035.0,1356.0
0.8191494882442263,0.6715651145,0.056082817,0.199184997,1035.0,1356.0
0.8160270672703929,0.5033098735,0.0612251005,0.3117488925,1035.0,1356.0
0.8076549834552647,0.339705632,0.091876344,0.352443161,1035.0,1356.0
0.7781582763694536,0.174205214,0.1187497985,0.3177526805,1035.0,1356.0
0.7116435110188748,0.007638637,0.1699573955,0.260235118,1035.0,1356.0
0.5896984592923447,0.0,0.166168781,0.2532499082,1035.0,1356.0
0.6040377541661294,0.0,0.126167943,0.2080205075,1035.0,1356.0
0.7053841867728547,0.0843461245,0.100122453,0.201970098,1035.0,1356.0
0.7727364221558968,0.286752998,0.047795488,0.173661715,1035.0,1356.0
0.806958056515796,0.520206008,0.037358802999999996,0.145886084,1035.0,1356.0
0.830332729659554,0.7679243716666667,0.042532232999999996,0.125367223,1035.0,1356.0
0.829321730142573,0.6775982604999999,0.052888987,0.24542112500000002,1035.0,1356.0
0.8214268319761656,0.47232180199999996,0.0727352835,0.341529154,1035.0,1356.0
0.8131727361412947,0.300424155,0.097850559,0.345919321,1035.0,1356.0
0.7838247558211843,0.1416232755,0.132505383,0.34167786850000004,1035.0,1356.0
0.7201773402138631,0.0031687855,0.17811713950000002,0.325428797,1035.0,1356.0
0.5951541130136893,0.0,0.13313371300000001,0.21880411700000005,1035.0,1356.0
0.6031847593621227,0.0,0.08973349,0.1837455055,1035.0,1356.0
0.7052598115309126,0.0646795055,0.068085061,0.18364960349999998,1035.0,1356.0
0.7770388995463159,0.269682445,0.048452869,0.1933360435,1035.0,1356.0
0.7943914144188804,0.450985214,0.0517495725,0.1720247655,1035.0,1356.0
0.8079215207772871,0.5453613145,0.0737338245,0.2053112795,1035.0,1356.0
0.8019812739654995,0.526464822,0.11171352200000001,0.307391712,1035.0,1356.0
0.7942219287996028,0.399460594,0.15864946600000002,0.36711710249999996,1035.0,1356.0
0.7781280253606278,0.241736562,0.161034626,0.370472783,1035.0,1356.0
0.749100697169127,0.117017533,0.16053281549999998,0.393185535,1035.0,1356.0
0.7018732484834986,0.0052816675,0.17223895849999998,0.3767615195,1035.0,1356.0
0.5787415564798161,0.0,0.15608429033333332,0.26328039333333336,1035.0,1356.0
0.5417629125247445,0.0,0.1076852965,0.13423156675,1035.0,1356.0
0.5645013197532911,0.050857924,0.0889716185,0.087538093,1035.0,1356.0
0.63254067941601,0.2462357295,0.071555598,0.080622262,1035.0,1356.0
0.6625273245528673,0.457926517,0.0700199735,0.09500133499999999,1035.0,1356.0
0.6694646578416106,0.5614202335,0.08152293499999999,0.115845621,1035.0,1356.0
0.6735292963961206,0.5185941765,0.090387225,0.139863811,1035.0,1356.0
0.6720036597626509,0.402054412,0.10366627049999999,0.1281616115,1035.0,1356.0
0.6672066312988576,0.279494412,0.113875243,0.119963023,1035.0,1356.0
0.6493227050620425,0.15190360449999998,0.11212253650000001,0.135603997,1035.0,1356.0
0.6336052318380583,0.004781632,0.12070604600000001,0.11667037150000001,1035.0,1356.0
0.5788800961756345,0.0,0.11418196566666666,0.09349168733333334,1035.0,1356.0
0.5417103613520122,0.0,0.09467969100000001,0.09114043799999999,1035.0,1356.0
0.5645973955484596,0.0772441545,0.0746949215,0.100878018,1035.0,1356.0
0.6150609504679122,0.261483028,0.051439616,0.084422314,1035.0,1356.0
0.6613531011063556,0.49801719600000005,0.0672045825,0.089610947,1035.0,1356.0
0.6824659700033338,0.6726439184999999,0.0852467345,0.1155493495,1035.0,1356.0
0.6891089545023792,0.6684958809999999,0.10048903349999999,0.1540166935,1035.0,1356.0
0.6870095019309284,0.4870633435,0.1319993365,0.18358776,1035.0,1356.0
0.682588482268641,0.3215358905,0.17099723900000002,0.222616109,1035.0,1356.0
0.6631540576225945,0.14674262100000002,0.1703260225,0.204729585,1035.0,1356.0
0.6428913817331731,0.0036378346666666663,0.19229591966666668,0.16401919033333334,1035.0,1356.0
0.5828540481427299,0.0,0.17194198800000002,0.182922916,1035.0,1356.0
0.6271260257288885,0.005028624666666667,0.13778338833333334,0.19564163766666665,1035.0,1356.0
0.7542614698087186,0.249084009,0.0799439545,0.15065152450000002,1035.0,1356.0
0.7996154836676265,0.503041462,0.065706004,0.12334505,1035.0,1356.0
0.8184055879001674,0.716226364,0.0862215105,0.099939033,1035.0,1356.0
0.8336688299818491,0.8291169789999999,0.105419318,0.0866261525,1035.0,1356.0
0.8314237332147368,0.6717908185,0.095181479,0.098464387,1035.0,1356.0
0.8240579620224604,0.4623033995,0.090981339,0.15652888,1035.0,1356.0
0.8066079075186727,0.28441133350000003,0.08568406549999999,0.2056497525,1035.0,1356.0
0.7817622298531222,0.131241548,0.100493976,0.2240706,1035.0,1356.0
0.6983536460172601,0.003055336666666667,0.12681709233333335,0.20349488833333332,1035.0,1356.0
0.5829005003360352,0.0,0.1036817085,0.15993417275,1035.0,1356.0
0.6031589217294042,0.0,0.078044032,0.090407736,1035.0,1356.0
0.7052791952350921,0.078018303,0.060742684000000005,0.06599989,1035.0,1356.0
0.7921661893856664,0.33579770750000004,0.024305371,0.0587649125,1035.0,1356.0
0.8258946697907719,0.5860275455,0.029485787,0.0475924875,1035.0,1356.0
0.8388137231032663,0.6888634726666667,0.05430451733333334,0.11453394333333333,1035.0,1356.0
0.83166551972056,0.5966645100000001,0.065097297,0.26783843799999996,1035.0,1356.0
0.8236580894738132,0.438062605,0.0789657285,0.31932231349999995,1035.0,1356.0
0.7956265170038201,0.173536064,0.108022903,0.27723375949999995,1035.0,1356.0
0.7371984688350189,0.0044012945,0.1444991995,0.2444566935,1035.0,1356.0
0.6258218011915028,0.0,0.14602726800000002,0.23177140466666668,1035.0,1356.0
0.5934285023583842,0.0,0.10744736399999999,0.1389979865,1035.0,1356.0
0.7066771743597398,0.0810658715,0.0784809885,0.1176386395,1035.0,1356.0
0.7875736215318667,0.287872581,0.039081918,0.113009954,1035.0,1356.0
0.8182914590044068,0.5455352649999999,0.038629079999999996,0.098355624,1035.0,1356.0
0.8424167302753243,0.7820096406666667,0.06033671833333334,0.10003499266666667,1035.0,1356.0
0.8409876278201555,0.6868912815,0.057077038999999996,0.13276792999999998,1035.0,1356.0
0.830632105427016,0.535098008,0.060283623499999994,0.1714900165,1035.0,1356.0
0.8239398854061656,0.390536449,0.072827679,0.231255009,1035.0,1356.0
0.7968920924154705,0.1967939715,0.0901673445,0.24266536,1035.0,1356.0
0.7376051278365512,0.0042474965,0.1283806695,0.236346966,1035.0,1356.0
0.6298673960917217,0.0,0.10633786266666667,0.18294839933333332,1035.0,1356.0
0.5850591723770301,0.0,0.079023519,0.15204295533333334,1035.0,1356.0
0.647636786732907,0.005745687,0.0585275565,0.11287975,1035.0,1356.0
0.7421737433071721,0.166304502,0.046173624,0.081083711,1035.0,1356.0
0.7955079081663384,0.317930988,0.022943787,0.062349493,1035.0,1356.0
0.8290060016420742,0.571339818,0.015989558,0.0522961085,1035.0,1356.0
0.8515158738067435,0.802889717,0.030037011,0.049650648500000005,1035.0,1356.0
0.8500964262340172,0.8242654825,0.0440856615,0.0893134475,1035.0,1356.0
0.8382696480739683,0.7051129439999999,0.050780825,0.1775060285,1035.0,1356.0
0.8300091204822231,0.46158723150000003,0.066342267,0.20689586999999998,1035.0,1356.0
0.8071145456925786,0.1783660185,0.102278765,0.2326331465,1035.0,1356.0
0.7274701452515471,0.0021085643333333334,0.13760146833333334,0.22808915666666665,1035.0,1356.0
0.6055209817307912,0.0,0.11904200680000002,0.16929718859999998,1035.0,1356.0
0.6488130506306097,0.0050311,0.0813994185,0.134046786,1035.0,1356.0
0.7529086011120265,0.153666778,0.056674106,0.079217172,1035.0,1356.0
0.806873956912217,0.310701585,0.027483391,0.045282786,1035.0,1356.0
0.839236971369336,0.550556626,0.021864469,0.0407176255,1035.0,1356.0
0.8535765811921199,0.7469695295000001,0.0388636775,0.0802617685,1035.0,1356.0
0.8518016618029589,0.7578694815,0.0625547815,0.1155905615,1035.0,1356.0
0.8383288637807413,0.588358286,0.07727200649999999,0.2216673735,1035.0,1356.0
0.823461901375044,0.3415323085,0.1066014505,0.33018027800000005,1035.0,1356.0
0.7856152886685466,0.100271731,0.1352642475,0.28167758649999997,1035.0,1356.0
0.7331230073191916,0.0017929535,0.15185835250000002,0.2644096255,1035.0,1356.0
0.6196490826726994,0.0,0.177119916,0.382684888,1035.0,1356.0
0.5545430675898348,0.0,0.19387259166666668,0.5342035083333333,1035.0,1356.0
0.5516952420556653,0.0,0.2136600065,0.676014251,1035.0,1356.0
0.567608992166317,0.0470982985,0.21160230949999997,0.7463647425,1035.0,1356.0
0.6347592288546612,0.27049477450000003,0.211306735,0.713824888,1035.0,1356.0
0.6617664800963998,0.483920492,0.2274805225,0.676997051,1035.0,1356.0
0.6646635929706252,0.582751255,0.22750413149999998,0.6276287039999999,1035.0,1356.0
0.6730654176944368,0.6204266945000001,0.2497411785,0.6041543865000001,1035.0,1356.0
0.6741285285533352,0.558059091,0.2603456,0.589931248,1035.0,1356.0
0.6707826181131998,0.4127247635,0.253625763,0.574873744,1035.0,1356.0
0.6489460087870783,0.1621696075,0.1830848915,0.5121624965,1035.0,1356.0
0.6141714282010968,0.0006798095,0.1202570835,0.41439742675,1035.0,1356.0
0.5432649982087123,0.0,0.1420674642,0.5196694796,1035.0,1356.0
0.5650323539461453,0.0634485995,0.193493637,0.6623316575,1035.0,1356.0
0.6158702764577336,0.236476349,0.177344771,0.698410285,1035.0,1356.0
0.6602663039748722,0.4421030385,0.22863213250000003,0.7159472375,1035.0,1356.0
0.6788095872657771,0.6114708135,0.237433044,0.7390057274999999,1035.0,1356.0
0.6884843283988361,0.637573611,0.28916776,0.786849991,1035.0,1356.0
0.688318457823886,0.555210628,0.321776574,0.786258126,1035.0,1356.0
0.6831947892116187,0.368438977,0.308225922,0.768421897,1035.0,1356.0
0.6631963070452944,0.15048139300000002,0.270460712,0.748541518,1035.0,1356.0
0.644726721835446,0.00055925775,0.23750514774999998,0.69883134125,1035.0,1356.0
0.5865600434806845,0.0,0.20909859333333333,0.679464197,1035.0,1356.0
0.6068989383643465,0.0,0.1902463535,0.6796458599999999,1035.0,1356.0
0.7067080907209795,0.063724649,0.1799613725,0.6614221975000001,1035.0,1356.0
0.7788838576035673,0.231428656,0.172635434,0.644128768,1035.0,1356.0
0.8048051767124567,0.4304456525,0.173402758,0.6408731505,1035.0,1356.0
0.8180351679779456,0.613341057,0.1527911415,0.5213607555,1035.0,1356.0
0.8260278275428408,0.6878642025,0.177622411,0.49776468,1035.0,1356.0
0.8237024015193684,0.6124173635,0.174534153,0.41100793999999996,1035.0,1356.0
0.8161351193077708,0.416713141,0.13790120449999999,0.273565253,1035.0,1356.0
0.7839780513671245,0.1823459415,0.10504862749999999,0.1564259355,1035.0,1356.0
0.7203205447165133,0.001904426,0.106449434,0.12719524799999998,1035.0,1356.0
0.6249007637429005,0.0,0.11221538,0.19649944800000002,1035.0,1356.0
0.5802626392322696,0.0,0.10880273,0.3025493163333333,1035.0,1356.0
0.6064127484382342,0.0,0.10180095850000001,0.372131126,1035.0,1356.0
0.7069958525521518,0.068617767,0.09969824050000001,0.32328863350000003,1035.0,1356.0
0.7916208280454897,0.3315803,0.0745306385,0.281614598,1035.0,1356.0
0.8129032269050742,0.5804080165,0.068208498,0.179574916,1035.0,1356.0
0.8281918852059891,0.692213632,0.064261874,0.107525286,1035.0,1356.0
0.8276537096111383,0.654140838,0.07009673599999999,0.1414315505,1035.0,1356.0
0.8211835373921992,0.48114106599999995,0.08849801,0.1910155235,1035.0,1356.0
0.8125472228674528,0.316215404,0.107750107,0.208138594,1035.0,1356.0
0.7847431984426181,0.1576269175,0.1408262805,0.202523155,1035.0,1356.0
0.7229312929793874,0.0013706415,0.196626319,0.19443906849999998,1035.0,1356.0
0.6109504474632484,0.0,0.18635479766666666,0.18447681966666665,944.3333333333334,1237.0
0.5878070335114988,0.0,0.159249201,0.1863596475,763.0,999.0
0.7027351589288593,0.0549133475,0.1200590485,0.146595904,763.0,999.0
0.77137756538872,0.3205439605,0.067314227,0.099858905,763.0,999.0
0.7879738045344361,0.623270333,0.046123291,0.063354401,763.0,999.0
0.799348813214377,0.8120971244999999,0.0416073995,0.085574963,763.0,999.0
0.7960406279118917,0.782469577,0.0646183915,0.1307905865,763.0,999.0
0.7891784342926653,0.5832808725,0.084018026,0.1813354965,763.0,999.0
0.7825175297736344,0.395802424,0.094711666,0.253693449,763.0,999.0
0.7556131852751388,0.1998044785,0.11710490900000001,0.3058663405,763.0,999.0
0.7080373174884154,0.001773852,0.184748384,0.22789551400000002,763.0,999.0
0.6106673356915451,0.0,0.171801682,0.17345436,763.0,999.0
0.5761362714736679,0.0,0.14860325933333332,0.17479079766666664,763.0,999.0
0.6439146679462857,0.0023868515,0.1320532455,0.18272395400000002,763.0,999.0
0.7491250709657905,0.241441937,0.09037649449999999,0.151578559,763.0,999.0
0.7814826961898454,0.498802218,0.057624806,0.10763405,763.0,999.0
0.793147351849258,0.7220945015,0.063311914,0.08501431749999999,763.0,999.0
0.8060978981381279,0.882620653,0.08089740649999999,0.0826323505,763.0,999.0
0.8026541154411828,0.8695554335,0.0915619295,0.0962021075,763.0,999.0
0.794513571785696,0.697912918,0.111114288,0.14061977650000002,763.0,999.0
0.7881931910785528,0.48053389,0.132783877,0.220558119,763.0,999.0
0.7637972424419195,0.230053789,0.1754916205,0.3068194915,763.0,999.0
0.716152223157404,0.0016100985,0.293150399,0.382023315,763.0,999.0
0.6435792008937362,0.0,0.292670408,0.3274993875,763.0,999.0
0.5909638572699354,0.0,0.2400061364,0.26709587,763.0,999.0
0.7044193473619667,0.0842995205,0.1732892905,0.2365307865,763.0,999.0
0.778255239385541,0.323214411,0.08418379,0.166760897,763.0,999.0
0.7944701912537686,0.585226475,0.0546566705,0.0874481905,763.0,999.0
0.8105981160487885,0.8375107505,0.054252842,0.044984924499999995,763.0,999.0
0.8099000949697396,0.8835872693333334,0.06396479866666667,0.08928030466666666,763.0,999.0
0.797351491124813,0.672130697,0.08317418900000001,0.22499713249999997,763.0,999.0
0.7905763690233638,0.442826807,0.113158607,0.310590078,763.0,999.0
0.7685738448295836,0.21412844199999997,0.181025898,0.31313687749999997,763.0,999.0
0.7225890393220922,0.001346391,0.2788596315,0.332370458,763.0,999.0
0.6334088884363975,0.0,0.2575129195,0.368420296,763.0,999.0
0.5564739882779205,0.0005950388333333333,0.22348739383333335,0.32152196699999996,763.0,999.0
0.6078292906623762,0.231278484,0.134066287,0.2524546695,763.0,999.0
0.6703505428924342,0.5607242290000001,0.0913594885,0.26148419349999996,763.0,999.0
0.6878798178668798,0.7945243369999999,0.110751846,0.239359471,763.0,999.0
0.6891770636788415,0.8667742469999999,0.12933757499999998,0.325367004,763.0,999.0
0.6797961612353376,0.7446700555,0.171818969,0.4026732255,763.0,999.0
0.6706548053014862,0.490867424,0.2238266445,0.4754455225,763.0,999.0
0.6487078595478671,0.2001406705,0.27364213249999997,0.5204325725000001,763.0,999.0
0.6393354291605677,0.001043075,0.3695109855,0.5615978635000001,763.0,999.0
0.6163994920679019,0.0,0.37267425649999997,0.517289143,763.0,999.0
0.5493267903481367,0.0,0.3255720075,0.45021481525000007,763.0,999.0
0.5488098613834799,0.0015352445,0.2676208115,0.3688168625,763.0,999.0
0.5795335539471382,0.139571234,0.213896526,0.310661543,763.0,999.0
0.6303618289499657,0.3705351445,0.12828861800000002,0.2512159055,763.0,999.0
0.667452809059744,0.6928252355,0.0796083965,0.1752545405,763.0,999.0
0.6784744750610989,0.855561286,0.0757190925,0.18143439150000001,763.0,999.0
0.6821291500742921,0.8209389635,0.075740912,0.219862263,763.0,999.0
0.6746933401126846,0.6263297035,0.077775249,0.278529315,763.0,999.0
0.667974484026095,0.415631909,0.086996198,0.316461833,763.0,999.0
0.6504087038111255,0.19823995549999998,0.129325468,0.3299002055,763.0,999.0
0.6352811478105614,0.000485686,0.18814082875,0.28688440675,763.0,999.0
0.5787148022158204,0.0,0.1210663615,0.14982004775000002,763.0,999.0
0.6439327209962579,0.001420827,0.0747450435,0.0873738295,763.0,999.0
0.7534169692325807,0.22481178400000001,0.041394013,0.0635362965,763.0,999.0
0.7945164106192872,0.5632132315,0.0121680915,0.025491452499999998,763.0,999.0
0.8106695298156558,0.8109693769999999,0.015337834,0.021596854999999998,763.0,999.0
0.8122733223761691,0.8550783405,0.0220357475,0.0444156465,763.0,999.0
0.8004600728798019,0.7537166319999999,0.0344842975,0.0915112115,763.0,999.0
0.7926099302934786,0.5011543190000001,0.0431196135,0.13987727900000002,763.0,999.0
0.7649631491857386,0.1982795315,0.07658811,0.14748916099999998,763.0,999.0
0.7166902434999837,0.0008192505,0.1430415895,0.1642971245,763.0,999.0
0.636646569364599,0.0,0.1988372385,0.129400887,763.0,999.0
0.5839344025580574,0.0,0.181168401,0.1394129185,763.0,999.0
0.6452353783141884,0.00122703,0.1922016005,0.1459093055,763.0,999.0
0.7606461672746814,0.221343263,0.16579820750000002,0.23469226450000003,763.0,999.0
0.7989423316874008,0.451277172,0.135124363,0.23041162,763.0,999.0
0.8123363971168185,0.6607971415,0.149027157,0.2608253015,763.0,999.0
0.8177742639291565,0.781810261,0.20640541550000002,0.2806898675,763.0,999.0
0.8081862395166237,0.6706593365,0.2738842725,0.402374931,763.0,999.0
0.7971662589667274,0.44050447849999996,0.29456172049999996,0.5072515885,763.0,999.0
0.7895521808757161,0.228301434,0.306547552,0.544151624,763.0,999.0
0.7648662748563089,0.1022944535,0.3166250135,0.511003175,763.0,999.0
0.7223088624780659,0.0,0.32318053199999996,0.423127132,763.0,999.0
0.6374607893696917,0.0,0.260882075,0.45968456599999996,763.0,999.0
0.5907076579369741,0.0,0.23074114266666665,0.5083436203333332,763.0,999.0
0.6456790304847229,0.00080886,0.12775943550000002,0.4195631225,763.0,999.0
0.7330015595974985,0.078825959,0.094511064,0.301658751,763.0,999.0
0.7690450867005287,0.23125771850000001,0.090667099,0.26643140649999997,763.0,999.0
0.7776030235815871,0.4454592855,0.081709686,0.25082320999999996,763.0,999.0
0.7854418996720638,0.5404096620000001,0.09508420149999999,0.2482201305,763.0,999.0
0.7824600883062183,0.5280239025,0.10232587800000001,0.24942600850000002,763.0,999.0
0.7807097423599412,0.404558748,0.076274782,0.2343534495,763.0,999.0
0.7614140644464882,0.2311933235,0.052663831,0.254406393,763.0,999.0
0.7111165945293156,0.029533050333333335,0.11423320333333332,0.24448193166666668,763.0,999.0
0.6202160012488531,0.0,0.20794254950000002,0.2371148015,763.0,999.0
0.5750567265856299,0.0,0.24754776033333334,0.25727690433333333,763.0,999.0
0.6038501933252156,0.0,0.30113486899999997,0.3692335,763.0,999.0
0.7025378840641912,0.027109162,0.35105966450000003,0.43623455,763.0,999.0
0.7661289227983307,0.12790064099999998,0.350710953,0.491394389,763.0,999.0
0.7710719058104671,0.2282921265,0.37554377650000004,0.48860740599999997,763.0,999.0
0.7698194155279693,0.32401487500000004,0.4002249715,0.4795728975,763.0,999.0
0.7657007065608213,0.360389645,0.4114149735,0.521057981,763.0,999.0
0.7618864152549967,0.334634479,0.3611432655,0.6120081985,763.0,999.0
0.7479815642342981,0.2187006435,0.30322426199999997,0.648751181,763.0,999.0
0.7308205578725614,0.084492517,0.242763423,0.605026027,763.0,999.0
0.692570102725218,0.0,0.2039973695,0.5559194425,763.0,999.0
0.6234423934083031,0.0,0.150926118,0.567388001,763.0,999.0
0.5783676383650255,0.0,0.1374208422,0.4892896994,763.0,999.0
0.6502345386039068,0.0007345065,0.1158204015,0.44632886,763.0,999.0
0.7473961712959278,0.1884701285,0.09922314900000001,0.4591768195,763.0,999.0
0.7703916567715735,0.402928957,0.10554402,0.502429598,763.0,999.0
0.7721686609046339,0.592479824,0.13869919549999998,0.5491098560000001,763.0,999.0
0.7747286877392241,0.6803371460000001,0.18758863050000002,0.5775039515,763.0,999.0
0.7755594821771244,0.623072811,0.2290820395,0.596753363,763.0,999.0
0.7717879946868509,0.4615241495,0.2287032375,0.6122134994999999,763.0,999.0
0.761527040111977,0.310421194,0.206267099,0.607197596,763.0,999.0
0.7376736805475426,0.1387498755,0.1832241805,0.5753051600000001,763.0,999.0
0.6923590108639903,0.0,0.1762099545,0.5352702505,763.0,999.0
0.5913785181871455,0.0,0.159803737,0.4519451585,763.0,999.0
0.5405973163613982,0.0,0.1317458245,0.26020068325,763.0,999.0
0.550115135717117,0.0006625125,0.10628985,0.168331968,763.0,999.0
0.5939084270428965,0.20046593299999999,0.072146422,0.1279900565,763.0,999.0
0.6462490096111121,0.5133462155,0.058439015,0.114562323,763.0,999.0
0.6526659097998135,0.719643219,0.061658518,0.114726559,763.0,999.0
0.656211357272452,0.6954722955,0.08264648150000001,0.10420678250000001,763.0,999.0
0.6580715517683688,0.616059767,0.091772722,0.0999613385,763.0,999.0
0.6542355479742957,0.44337202600000003,0.084621437,0.11668874400000001,763.0,999.0
0.6336032801241455,0.177521038,0.08688116900000001,0.1506358665,763.0,999.0
0.6076286446923098,0.0,0.11712423,0.2351098235,763.0,999.0
0.5403616399461443,0.0,0.1386529585,0.3563775705,763.0,999.0
0.5491968483985747,0.000621928,0.15139938149999999,0.4290015415,763.0,999.0
0.5938450195754198,0.20259650199999998,0.1404619665,0.47019815499999995,763.0,999.0
0.6503374453471497,0.5292210675,0.098632266,0.452043837,763.0,999.0
0.6701572600916292,0.7653821144999999,0.11655097149999999,0.3698016505,763.0,999.0
0.6748093985000734,0.8345892565,0.17901523349999998,0.3884859825,763.0,999.0
0.6746165370621331,0.706812513,0.2195736455,0.3785033445,763.0,999.0
0.6659124238654669,0.412247588,0.2193259215,0.3271044285,763.0,999.0
0.6454423893742751,0.1250889585,0.205208192,0.3241218975,763.0,999.0
0.6329009195070436,0.0,0.233950446,0.3402810715,763.0,999.0
0.5969488951567181,0.0,0.2426498564,0.4130537648,763.0,999.0
0.6051031271422425,0.0,0.230730199,0.47304865,763.0,999.0
0.7021193818504361,0.019572882,0.221175881,0.46603593899999995,763.0,999.0
0.7618730196213016,0.125860072,0.203539592,0.418433086,763.0,999.0
0.7711225163804291,0.278957868,0.20229564249999998,0.389799056,763.0,999.0
0.7761877898568615,0.44425782533333336,0.2176455783333333,0.42847625566666664,763.0,999.0
0.7727111390678904,0.445692942,0.3021591575,0.5048979435000001,763.0,999.0
0.7690551555721543,0.37974550399999996,0.325328642,0.563708974,763.0,999.0
0.7532072968134587,0.2055607105,0.273696884,0.604049243,763.0,999.0
0.7060570725749934,0.021651805333333333,0.196701098,0.5956974906666667,763.0,999.0
0.5964692965694691,0.0,0.17979397133333333,0.46990924733333334,763.0,999.0
0.5848698890643899,0.0,0.1878899335,0.40788408475,763.0,999.0
0.7018979993503183,0.0422274455,0.1662503265,0.33150164049999997,763.0,999.0
0.765734062564452,0.2451550445,0.1551161805,0.242891484,763.0,999.0
0.7731740419126177,0.4301674,0.173525591,0.211685543,763.0,999.0
0.7753258572229632,0.5269212785,0.166009547,0.202492647,763.0,999.0
0.7771646053918453,0.4881398335,0.233263834,0.327526915,763.0,999.0
0.7748295984252254,0.40167179649999996,0.28696413200000004,0.46229780649999996,763.0,999.0
0.7682988354513567,0.260553932,0.3005139015,0.5161347965,763.0,999.0
0.7402458831693222,0.10286258000000001,0.241920824,0.49986528599999996,763.0,999.0
0.6930628352665268,0.0,0.209691336,0.4983445105,763.0,999.0
0.5853580972194082,0.0,0.15949946850000002,0.35727106583333335,763.0,999.0
0.6445180473690146,0.0,0.1243260045,0.3164291285,763.0,999.0
0.7467453749340797,0.170866243,0.097970324,0.3216746075,763.0,999.0
0.7703065812604178,0.389614974,0.090664859,0.311186078,763.0,999.0
0.7736111737914808,0.573025408,0.0991657655,0.24405433799999998,763.0,999.0
0.7757152173148354,0.6987774835,0.10187107449999999,0.21059814300000002,763.0,999.0
0.777959826052229,0.7435881755,0.1042645725,0.2318864865,763.0,999.0
0.7774103395675824,0.634949956,0.10325867,0.27871395600000004,763.0,999.0
0.7602157333139063,0.3600512465,0.0912090465,0.29024871350000003,763.0,999.0
0.7070979239264735,0.03374763333333333,0.11637655300000001,0.297991425,763.0,999.0
0.6098944114744804,0.0,0.0918609495,0.317726505,763.0,999.0
0.5818654293939483,0.0,0.0768523508,0.26739281019999994,763.0,999.0
0.7025307870561434,0.062698937,0.0711951945,0.256283354,763.0,999.0
0.7617733065595211,0.283087556,0.045526137,0.24881167,763.0,999.0
0.7754483694882706,0.5471114405,0.0368188925,0.2614372935,763.0,999.0
0.7905442550716498,0.8126600453333334,0.048389906333333337,0.28189736433333334,763.0,999.0
0.7951506621105471,0.7910823495,0.07502927549999999,0.3444940625,763.0,999.0
0.7892316619289537,0.5847092425,0.09650513999999999,0.359130484,763.0,999.0
0.7776718646254566,0.363555146,0.135577218,0.437013843,763.0,999.0
0.7491034916087691,0.13286673999999998,0.2010752965,0.48996657,763.0,999.0
0.6984720700571247,0.0,0.2451630515,0.479874238,763.0,999.0
0.5943601077351062,0.0,0.23993155025000001,0.42668703199999997,763.0,999.0
0.5910846129825971,0.0,0.210850409,0.408579378,763.0,999.0
0.7025702642108655,0.036091693,0.18473883949999997,0.331909497,763.0,999.0
0.7615053941893422,0.165947509,0.151010823,0.281688511,763.0,999.0
0.7708764717001495,0.3516437335,0.13762695800000002,0.242135617,763.0,999.0
0.7745338302440422,0.539802048,0.11239335249999999,0.21586443100000002,763.0,999.0
0.7754670878400363,0.577313721,0.149955548,0.284609715,763.0,999.0
0.773437784794998,0.521928922,0.17373053849999998,0.4215704615,763.0,999.0
0.7666507752392375,0.3615534525,0.194610846,0.49689927200000006,763.0,999.0
0.7378143567211439,0.130999977,0.2203458735,0.541719218,763.0,999.0
0.6925606548626776,0.0,0.237832552,0.49469288,763.0,999.0
0.5761817810590767,0.0,0.21247973033333334,0.49097809900000006,763.0,999.0
0.5409125236506119,0.0,0.17885698049999998,0.3385660665,763.0,999.0
0.5637928822271863,0.0423003235,0.1418137665,0.2956142625,763.0,999.0
0.6088201893213865,0.229448012,0.103659039,0.287598073,763.0,999.0
0.6468568690261821,0.46041023049999996,0.100485505,0.28558562899999995,763.0,999.0
0.652757705248861,0.653795674,0.1034874445,0.2234080855,763.0,999.0
0.6564431413710226,0.6173806715,0.099022575,0.2769226965,763.0,999.0
0.6582607093740835,0.536690967,0.096342425,0.3490976755,763.0,999.0
0.6560559769319921,0.446813969,0.10850669,0.405873943,763.0,999.0
0.6436557155607894,0.280295524,0.115566132,0.428334,763.0,999.0
0.6255186698579317,0.022893590333333335,0.17161119533333333,0.39635309033333327,763.0,999.0
0.5926699533525583,0.0,0.1543714465,0.34314648999999997,763.0,999.0
0.541356078321505,0.0,0.12911819160000002,0.30438604199999997,763.0,999.0
0.5632002148568326,0.05464593,0.09872802850000001,0.33932959500000004,763.0,999.0
0.6265586488877164,0.37466464850000003,0.061675936,0.36570035700000003,763.0,999.0
0.6524754880042644,0.680249562,0.06759512649999999,0.385886492,763.0,999.0
0.6636117708129847,0.8464243843333333,0.08056739166666665,0.42824924566666667,763.0,999.0
0.6679666329789757,0.7524104605,0.1066691085,0.528675702,763.0,999.0
0.6625807518353763,0.494013486,0.1455615465,0.627747474,763.0,999.0
0.6440470272653339,0.235381405,0.168029159,0.654618818,763.0,999.0
0.6293050905885159,0.020958876333333334,0.20942106166666666,0.6462890853333333,763.0,999.0
0.6056595332110012,0.0,0.19170218233333333,0.5216830680000001,763.0,999.0
0.5877266376389046,0.0,0.15927043249999998,0.35192189125,763.0,999.0
0.7020147674334498,0.039867843,0.11652532,0.19769562699999998,763.0,999.0
0.7626980477053618,0.210466921,0.074732908,0.161313505,763.0,999.0
0.7752453060980979,0.42202101999999997,0.0689433405,0.133714472,763.0,999.0
0.7821691550664882,0.620952062,0.0913692525,0.10315473350000001,763.0,999.0
0.784820467199363,0.628887644,0.1040776225,0.126750266,763.0,999.0
0.779437247414799,0.512724518,0.1236182965,0.178496344,763.0,999.0
0.7733927631043205,0.3449126825,0.1541871645,0.24718893949999998,763.0,999.0
0.7536125363728851,0.185885321,0.160589385,0.278305545,763.0,999.0
0.7136445073109514,0.012608932333333335,0.18296891666666668,0.28977888533333335,763.0,999.0
0.5960060942638481,0.0,0.1498737365,0.26253628,763.0,999.0
0.5913123385191847,0.0,0.12368233499999999,0.22870288566666666,763.0,999.0
0.7019182923458407,0.039077236,0.096299901,0.1870712785,763.0,999.0
0.76257243054649,0.202839434,0.051261581,0.147372642,763.0,999.0
0.7765234343670937,0.4192846145,0.040522654,0.10041523050000001,763.0,999.0
0.7871396389911374,0.6440771665,0.039852543000000004,0.06877011350000001,763.0,999.0
0.7908621570195791,0.6346148149999999,0.03444708,0.0798835155,763.0,999.0
0.7859236096058346,0.5292930215,0.035163637,0.1316213305,763.0,999.0
0.7825471598239956,0.40560114,0.045158276,0.178582441,763.0,999.0
0.7645753415659586,0.244819491,0.06854473950000001,0.21562306450000002,763.0,999.0
0.7142270540251756,0.015797899666666667,0.13688299733333334,0.206582368,763.0,999.0
0.620139220369966,0.0,0.1286182815,0.211192457,763.0,999.0
0.5715769782599023,0.0,0.110593095,0.215189118,763.0,999.0
0.5783771838537578,0.0,0.08354945,0.2162600105,763.0,999.0
0.644443683960854,0.0,0.071523791,0.1728275395,763.0,999.0
0.7470524317321536,0.16989713350000002,0.0490143605,0.12234695200000001,763.0,999.0
0.7774166825365586,0.492241866,0.015170488999999999,0.0799157975,763.0,999.0
0.7902227601835641,0.749153228,0.015918915,0.053797174,763.0,999.0
0.7954328571834794,0.795639758,0.0199198905,0.0846137575,763.0,999.0
0.7905386218152899,0.6497948245,0.033668615,0.1944798905,763.0,999.0
0.7863265870986665,0.488237265,0.045710622,0.268687026,763.0,999.0
0.7670337923115134,0.2608977305,0.0672449595,0.28991408799999996,763.0,999.0
0.7144979974339912,0.015348802,0.11748353733333335,0.24538543333333332,763.0,999.0
0.6166165721008546,0.0,0.1604927215,0.1951769305,763.0,999.0
0.5693766297329397,0.0,0.11312904666666668,0.18958132799999997,763.0,999.0
0.6021067225691014,0.0,0.09226327749999999,0.24089879349999999,763.0,999.0
0.7020731404144934,0.041006344,0.08904536099999999,0.3075485015,763.0,999.0
0.7612970967677565,0.216346831,0.06747798,0.336951735,763.0,999.0
0.7732374715517589,0.4231015905,0.062593012,0.374792798,763.0,999.0
0.7854743685053958,0.6299209720000001,0.08344715250000001,0.460324432,763.0,999.0
0.7885614818123059,0.67975908,0.1346047095,0.514584856,763.0,999.0
0.7834134394033752,0.5578455055,0.2185762155,0.564096733,763.0,999.0
0.7726715732265107,0.347253406,0.2765012535,0.6251470109999999,763.0,999.0
0.7435545786225704,0.090970344,0.266109523,0.7139005565000001,763.0,999.0
0.6962896488900819,0.0,0.2671131765,0.7203007495,763.0,999.0
0.6131807734810155,0.0,0.2953514265,0.678470452,763.0,999.0
0.5738966046973483,0.0,0.243500522,0.6551992165,763.0,999.0
0.6447299376632629,0.0,0.217494939,0.6023985085,763.0,999.0
0.7466438431883731,0.0730147675,0.2083607485,0.4886623535,763.0,999.0
0.7706734970472546,0.2615254765,0.213862398,0.43951869450000003,763.0,999.0
0.7719895056049312,0.44029951749999996,0.203716416,0.4255881155,763.0,999.0
0.7692999138909349,0.537745908,0.2910034325,0.5165287355,763.0,999.0
0.7660224674751335,0.5000072345,0.377189432,0.664139064,763.0,999.0
0.7596264147760461,0.341599981,0.4078337595,0.7409321495000001,763.0,999.0
0.7407121571194478,0.158157161,0.374140434,0.746165109,763.0,999.0
0.7054628896853213,0.006405037333333333,0.324565761,0.7185073143333334,763.0,999.0
0.576084433683519,0.0,0.32357636566666664,0.6857422743333333,763.0,999.0
0.5443825298735391,0.0,0.2624299156,0.5694460584,763.0,999.0
0.5979526616423214,0.0807532865,0.2060421805,0.360857571,763.0,999.0
0.6494859808435709,0.26722925000000003,0.226153689,0.28387828800000003,763.0,999.0
0.650259333814055,0.418968871,0.17629974399999998,0.17277463999999998,763.0,999.0
0.6481121980916511,0.468325426,0.2184568195,0.23324930649999998,763.0,999.0
0.647501544236939,0.371158788,0.2518406025,0.2778061515,763.0,999.0
0.6469670945953576,0.273777889,0.255329615,0.263486164,763.0,999.0
0.6378663689958799,0.16705981199999997,0.22120443699999998,0.241996456,763.0,999.0
0.6320859233080881,0.008973950333333333,0.1766440446666667,0.17075871166666667,763.0,999.0
0.5935630906130809,0.0,0.14556773099999998,0.1571581535,763.0,999.0
0.5453127623888986,0.0,0.12932960924999998,0.1397795665,763.0,999.0
0.5569728715156663,0.0,0.13281116399999998,0.23093886149999998,763.0,999.0
0.6019110445704747,0.1304926055,0.1389094115,0.39474113499999997,763.0,999.0
0.648801540195834,0.42804342250000005,0.151368746,0.557637268,763.0,999.0
0.649961702656237,0.59741039,0.17576748749999999,0.574823524,763.0,999.0
0.6501795588999257,0.655926011,0.22845734950000002,0.6469387805,763.0,999.0
0.6494626937621859,0.615381041,0.258938911,0.697932491,763.0,999.0
0.6488075726602678,0.452880012,0.277396342,0.70808241,763.0,999.0
0.6383379879369813,0.24358484600000002,0.2837042165,0.715860714,763.0,999.0
0.6244404261462492,0.004740028666666667,0.2972435746666667,0.720719542,763.0,999.0
0.6085976313687121,0.0,0.30694878800000003,0.6940562834999999,763.0,999.0
0.5733885137732196,0.0,0.26451239775,0.6219782660000001,763.0,999.0
0.6455319448777721,0.0,0.207563279,0.577038376,763.0,999.0
0.7467136157458701,0.085310213,0.177056191,0.517442594,763.0,999.0
0.7704901279164242,0.267178103,0.155249999,0.446079766,763.0,999.0
0.7734315305632998,0.4164299145,0.1004025605,0.32970099900000005,763.0,999.0
0.774536462074605,0.4968361716666667,0.13289756033333333,0.38362266866666667,763.0,999.0
0.7717287789800777,0.3927074035,0.133875756,0.4089386145,763.0,999.0
0.7525415523458232,0.21267262850000002,0.1019484035,0.3258903015,763.0,999.0
0.7054207363904544,0.007533372,0.10261984066666667,0.23812384033333334,763.0,999.0
0.5954684546445183,0.0,0.10237397166666667,0.21138551633333333,763.0,999.0
0.5877807856523682,0.0,0.09974895825,0.1600908265,763.0,999.0
0.7058036869139902,0.0306672635,0.1151803095,0.21016124949999998,763.0,999.0
0.7614259963453689,0.247876802,0.099899648,0.206311379,763.0,999.0
0.7714955089244082,0.5171128405000001,0.0600856375,0.126119975,763.0,999.0
0.7822750336226887,0.81841533975,0.053230082000000005,0.0675211175,763.0,999.0
0.7817866702153993,0.75896225,0.07166088400000001,0.0783174355,763.0,999.0
0.7760177276055749,0.4548014575,0.109891499,0.1921382535,763.0,999.0
0.7526437049993743,0.164871809,0.182755664,0.348684647,763.0,999.0
0.7079533805107888,0.0054355336666666665,0.2777563413333333,0.39863674,763.0,999.0
0.5863717137520957,0.0,0.21364051783333338,0.35564553750000005,763.0,999.0
0.6441181083559944,0.0,0.2383998265,0.40573234950000003,763.0,999.0
0.7467439998859231,0.0685695835,0.2563918585,0.432055733,763.0,999.0
0.7698514851701013,0.211482427,0.259591024,0.437887326,763.0,999.0
0.7725408550662126,0.3310388195,0.24131709550000002,0.42866863099999997,763.0,999.0
0.7733769279294749,0.464873607,0.250267087,0.393020163,763.0,999.0
0.7681623065938896,0.44245932099999996,0.3094775395,0.48110617099999997,763.0,999.0
0.7623564595017207,0.3356892495,0.3534522765,0.5362805884999999,763.0,999.0
0.755174412288146,0.206964921,0.332441134,0.521554378,763.0,999.0
0.7358465094296698,0.059375161499999995,0.2956603505,0.4641845505,763.0,999.0
0.6926137271960745,0.0,0.258097224,0.38758652800000004,763.0,999.0
0.6086944613041927,0.0,0.216611561,0.33882347349999997,763.0,999.0
0.567954062434919,0.0,0.168625335,0.17489821733333333,763.0,999.0
0.6042630400434525,0.0,0.1195054455,0.1200125705,763.0,999.0
0.7045810927924467,0.015431293,0.0981118465,0.1043731145,763.0,999.0
0.7663295909400614,0.19123209000000002,0.075007877,0.082253766,763.0,999.0
0.7712483553065653,0.364478439,0.072364206,0.065251356,763.0,999.0
0.7705467266074909,0.48351086933333337,0.07373242066666667,0.044551528666666666,763.0,999.0
0.7674963847529387,0.4579665215,0.0985126095,0.0599656655,763.0,999.0
0.7631996293224107,0.2874811645,0.11017242399999999,0.12400902550000001,763.0,999.0
0.7477543044713976,0.109127084,0.111604494,0.20000843899999998,763.0,999.0
0.705247376956191,0.0014182356666666666,0.12919998266666669,0.202014236,763.0,999.0
0.5955276704019115,0.0,0.125904339,0.17213827566666665,763.0,999.0
0.585701005092665,0.0,0.10029871124999999,0.12069574375,763.0,999.0
0.7047190410413994,0.011707329,0.10459130750000001,0.10697971,763.0,999.0
0.766457692084653,0.205648,0.083831043,0.0939140105,763.0,999.0
0.7708770483659055,0.4489907435,0.104703086,0.07479936400000001,763.0,999.0
0.7718722717649859,0.5781246554999999,0.1331201075,0.0779042695,763.0,999.0
0.7685001245515524,0.514191053,0.1699847945,0.116823861,763.0,999.0
0.7642199584868021,0.3982213115,0.187404032,0.168297019,763.0,999.0
0.748315367905813,0.19865917,0.1710077925,0.208296569,763.0,999.0
0.7057924278086984,0.003111548,0.18306385166666664,0.23091281533333333,763.0,999.0
0.5831439095242215,0.0,0.162310942,0.237563593,1064.0,1393.3333333333333
0.5535050787385949,0.0,0.1683894286,0.1928125134,1666.0,2182.0
0.6068697297274703,0.1518120415,0.1648103335,0.179017394,1666.0,2182.0
0.6525455266723548,0.522839448,0.16008310799999997,0.13869033149999999,1666.0,2182.0
0.6546712308825805,0.793976627,0.2060301476666667,0.079859262,1666.0,2182.0
0.655114934803872,0.769469766,0.2360572095,0.0764844815,1666.0,2182.0
0.6541406919243924,0.5941140975,0.247699587,0.134424346,1666.0,2182.0
0.6442048471975645,0.3017476715,0.227478963,0.21755167600000003,1666.0,2182.0
0.6318502875830693,0.003297646,0.2915717373333333,0.34957964499999994,1666.0,2182.0
0.5826536091841287,0.0,0.26727766566666666,0.371703422,1666.0,2182.0
0.5536304475140807,0.0,0.222260531,0.321038953,1666.0,2182.0
0.6067448666076702,0.1563512835,0.1578282745,0.27348813699999996,1666.0,2182.0
0.6525455266723548,0.5551576885,0.092107716,0.17672578700000002,1666.0,2182.0
0.6553213027338294,0.8491075573333333,0.11307421333333334,0.10680921133333333,1666.0,2182.0
0.6580680697540281,0.795168282,0.1576074535,0.126888969,1666.0,2182.0
0.656882025317578,0.5596456885000001,0.18330963849999998,0.2114671535,1666.0,2182.0
0.64490603236211,0.26411066650000004,0.17775884549999998,0.31619903699999996,1666.0,2182.0
0.6312408461336877,0.0025851326666666667,0.21184140733333334,0.42150924566666664,1666.0,2182.0
0.6032860100980123,0.0,0.17124699799999998,0.438116108,1666.0,2182.0
0.5985744045942545,0.0,0.12931418050000001,0.35990918725,1666.0,2182.0
0.7207720258131228,0.0136951355,0.10959899849999999,0.3192676005,1666.0,2182.0
0.774113065862452,0.214179202,0.076713854,0.275132105,1666.0,2182.0
0.7785204903460643,0.469774202,0.044992035,0.202642569,1666.0,2182.0
0.7807223987356742,0.6722112093333333,0.06498497366666667,0.20953819799999998,1666.0,2182.0
0.778926350965196,0.5723179565000001,0.10090118049999999,0.295445497,1666.0,2182.0
0.7758865215167986,0.451213948,0.12806267,0.372554561,1666.0,2182.0
0.7709446030482761,0.31515491549999997,0.1549632235,0.404230144,1666.0,2182.0
0.7523136937455022,0.13984668,0.172026933,0.43249902,1666.0,2182.0
0.716352447697112,0.0017844633333333334,0.19809767166666667,0.44479168300000005,1666.0,2182.0
0.6039979886785293,0.0,0.16336926566666665,0.35184830599999994,1666.0,2182.0
0.5941555029839835,0.0,0.14549415625,0.39923930025000004,1666.0,2182.0
0.7146616058073595,0.015529475,0.1362625435,0.39164857750000004,1666.0,2182.0
0.7755381024157033,0.267549403,0.0896809775,0.344884407,1666.0,2182.0
0.7785685282436485,0.5676017879999999,0.06857640500000001,0.294076726,1666.0,2182.0
0.7791657865659061,0.6794955695,0.07412624,0.2841688725,1666.0,2182.0
0.7783929214732799,0.547959002,0.08505592149999999,0.3488040175,1666.0,2182.0
0.7764859532189929,0.3769160975,0.10892179299999999,0.441261389,1666.0,2182.0
0.7601370451150555,0.17990663299999998,0.1431719455,0.5264842935,1666.0,2182.0
0.6954254540799119,0.00089271175,0.1915857385,0.5866686087499999,1666.0,2182.0
0.585955537349314,0.0,0.14828207300000001,0.5480628584,1666.0,2182.0
0.6566211434404534,0.0,0.1094725795,0.5206113085,1666.0,2182.0
0.7582113363373386,0.0938143275,0.10737961300000001,0.495161621,1666.0,2182.0
0.7786182516939318,0.293407935,0.080731535,0.497021546,1666.0,2182.0
0.7806089204112179,0.47782867749999997,0.0746494905,0.4705345095,1666.0,2182.0
0.7863510718042722,0.6124356293333334,0.07772431933333333,0.374118615,1666.0,2182.0
0.7818803064694171,0.4819652705,0.084721663,0.37609628500000003,1666.0,2182.0
0.7783843163364685,0.322541787,0.105163724,0.417888885,1666.0,2182.0
0.7628835460246608,0.1511432205,0.13460569,0.457863928,1666.0,2182.0
0.7170333768357825,0.0007209366666666666,0.17213875866666664,0.48859207400000004,1666.0,2182.0
0.599601697696934,0.0,0.14113509014285716,0.4554857524285714,1666.0,2182.0
0.7134917292219618,0.0068368955,0.141452708,0.451876941,1666.0,2182.0
0.775526037486836,0.117166354,0.127902428,0.39669644049999997,1666.0,2182.0
0.7781111699348766,0.241000171,0.106773661,0.32363017,1666.0,2182.0
0.7769686390603406,0.37769263499999994,0.0916103375,0.237331866,1666.0,2182.0
0.7730493562673736,0.380094906,0.144520816,0.399695423,1666.0,2182.0
0.7684337674934025,0.2574749235,0.18842139349999998,0.505981118,1666.0,2182.0
0.7514761570968052,0.105636224,0.176123632,0.573928297,1666.0,2182.0
0.7165495821412385,0.0007599956666666666,0.16669631066666668,0.5734363956666666,1666.0,2182.0
0.5933982254573064,0.0,0.17465605250000002,0.49337966066666666,1666.0,2182.0
0.6579360652322311,0.0,0.14976926350000003,0.417042008,1666.0,2182.0
0.7597701737221678,0.07978893050000001,0.1370803615,0.31082516849999997,1666.0,2182.0
0.7793983468752128,0.348838486,0.1447734255,0.20116073,1666.0,2182.0
0.7782094192618427,0.5365542125,0.12596110900000002,0.1277296645,1666.0,2182.0
0.7756306740754868,0.5782956375,0.146950377,0.2091098005,1666.0,2182.0
0.7730439004180759,0.507508806,0.170952657,0.30428187100000004,1666.0,2182.0
0.7684314609316185,0.3496520445,0.157683974,0.3720842165,1666.0,2182.0
0.7518740335882106,0.159031465,0.138939945,0.402792767,1666.0,2182.0
0.7182899035423457,0.0006755143333333334,0.13833473766666668,0.3441698073333333,1666.0,2182.0
0.5836502076819858,0.0,0.10599976233333334,0.307222998,1666.0,2182.0
0.5536564137323287,0.0,0.0910928726,0.16412532779999997,1666.0,2182.0
0.6068217805165439,0.126745018,0.083735923,0.1451401075,1666.0,2182.0
0.6528839434168179,0.5220402854999999,0.035469490500000006,0.1249234825,1666.0,2182.0
0.6547062724051637,0.8188958679999999,0.03797489566666667,0.13170851433333333,1666.0,2182.0
0.6557922784941812,0.810958261,0.034789154,0.134457586,1666.0,2182.0
0.6546709055631816,0.6083717385,0.032978546,0.1294448535,1666.0,2182.0
0.6505876373941839,0.344423049,0.032619205,0.118690172,1666.0,2182.0
0.6340090963999483,0.03983150625,0.06168542225,0.13308544225000002,1666.0,2182.0
0.5973804425197614,0.0,0.090514806,0.1275602335,1666.0,2182.0
0.5507999978087106,0.0,0.0911133698,0.1449868222,1666.0,2182.0
0.5752905806469903,0.0098516045,0.10118595,0.1477113055,1666.0,2182.0
0.6336183612599194,0.300435605,0.06952117,0.16295799900000002,1666.0,2182.0
0.6551047993666329,0.548224674,0.034213461,0.142489233,1666.0,2182.0
0.6639194708593017,0.705841785,0.036120278000000006,0.153130598,1666.0,2182.0
0.6727455418609303,0.7372008549999999,0.04629483433333333,0.20406346633333336,1666.0,2182.0
0.6686158547476873,0.513119403,0.0504289015,0.258463554,1666.0,2182.0
0.6535505528830876,0.216101039,0.0709079265,0.310839417,1666.0,2182.0
0.6316501812922382,0.0004227116666666667,0.116168868,0.348890629,1666.0,2182.0
0.5926759148069216,0.0,0.11834513399999999,0.302983997,1666.0,2182.0
0.6153637047482008,0.0,0.09646801099999999,0.237162319,1666.0,2182.0
0.7169878746071816,0.0076882715,0.082856436,0.195957086,1666.0,2182.0
0.7732105028604331,0.159471848,0.057231015,0.135982835,1666.0,2182.0
0.778824686189503,0.39944969750000003,0.0368086775,0.163782035,1666.0,2182.0
0.7835292981445435,0.6964667935,0.039672771,0.197635632,1666.0,2182.0
0.7857541240034308,0.7721793346666668,0.06899543866666667,0.2861740103333333,1666.0,2182.0
0.7809729529705143,0.5581552705,0.0946552975,0.3590841025,1666.0,2182.0
0.7642523386334764,0.25479632799999996,0.104838559,0.35108193649999997,1666.0,2182.0
0.7286415077602968,0.0005248985,0.1430708715,0.33592779,1666.0,2182.0
0.6615689391211383,0.0,0.1204739965,0.347183865,1666.0,2182.0
0.5895720614276598,0.0,0.0939695555,0.394533333,1666.0,2182.0
0.5836897144158005,0.0,0.08468025066666666,0.43785576033333334,1666.0,2182.0
0.6613385522423887,0.0,0.080511549,0.4418781505,1666.0,2182.0
0.7595597028194049,0.1283984375,0.079810327,0.43286194499999997,1666.0,2182.0
0.780923850478696,0.526629939,0.0536132495,0.422250239,1666.0,2182.0
0.7917333601258292,0.806041408,0.043587149500000005,0.33415322999999997,1666.0,2182.0
0.7982902045701046,0.8876023755,0.056326111,0.31563265799999995,1666.0,2182.0
0.795479564426856,0.7564930495,0.06337361250000001,0.2964110705,1666.0,2182.0
0.786439607056864,0.460517497,0.054464033999999995,0.27964278200000003,1666.0,2182.0
0.7601202340326333,0.163113819,0.062314733,0.266536632,1666.0,2182.0
0.7182514762007485,0.0,0.07736126333333333,0.2686750356666667,1666.0,2182.0
0.6178788207504357,0.0,0.09272791999999999,0.21511618249999997,1666.0,2182.0
0.5818670417244725,0.0,0.10081131274999999,0.22680827275,1666.0,2182.0
0.6577734548537368,0.0,0.125340853,0.275612186,1666.0,2182.0
0.7585158648569843,0.11382023999999999,0.11110771150000001,0.224785758,1666.0,2182.0
0.78029563150249,0.4677466555,0.0482326245,0.1151641705,1666.0,2182.0
0.7875713149700825,0.6968259195,0.038542343500000006,0.07815749899999999,1666.0,2182.0
0.7877997058422106,0.725590306,0.068502056,0.20100844099999998,1666.0,2182.0
0.7817941220713184,0.5576431705,0.09029782750000001,0.450079354,1666.0,2182.0
0.7746019615921689,0.28644393199999996,0.114488052,0.4846336565,1666.0,2182.0
0.7538163982466987,0.088753936,0.155561323,0.434790625,1666.0,2182.0
0.7167370616523027,0.0,0.1671139646666667,0.4098136926666667,1666.0,2182.0
0.6048053925166571,0.0,0.14805929566666667,0.368097285,1666.0,2182.0
0.594314143470279,0.0,0.1312012235,0.29196092325,1666.0,2182.0
0.7152290787763644,0.0035297265,0.129800679,0.321531254,1666.0,2182.0
0.7758428305309488,0.1546117095,0.122604045,0.3144331335,1666.0,2182.0
0.7781992616023189,0.306286165,0.118562241,0.274336857,1666.0,2182.0
0.7784895887490609,0.39342254600000004,0.11353017833333334,0.1891457426666667,1666.0,2182.0
0.7759458703041784,0.37162067,0.150618114,0.20105059549999998,1666.0,2182.0
0.772778294609681,0.26833320299999996,0.17682124500000002,0.2227844465,1666.0,2182.0
0.7585513499478432,0.1217459665,0.17672035600000002,0.22891657599999998,1666.0,2182.0
0.7163516493147116,0.0,0.17020329633333334,0.23802488366666666,1666.0,2182.0
0.6165708628354787,0.0,0.139498826,0.2405766805,1666.0,2182.0
0.5925310114991937,0.0,0.11408421780000003,0.18940616920000003,1666.0,2182.0
0.7184071225843079,0.002662149,0.0916633375,0.174644872,1666.0,2182.0
0.7779373817471937,0.169302081,0.067462638,0.1580218495,1666.0,2182.0
0.7782759094005991,0.4241467535,0.0566108525,0.1444645485,1666.0,2182.0
0.7781485179517502,0.5692472295,0.069714051,0.18377958500000002,1666.0,2182.0
0.7756587960477046,0.564913596,0.100482714,0.308858943,1666.0,2182.0
0.7728609748723948,0.476953763,0.131995094,0.423378441,1666.0,2182.0
0.7684780350943883,0.31881826999999996,0.1501620905,0.5036448499999999,1666.0,2182.0
0.7515960080030771,0.115932625,0.171714783,0.551849538,1666.0,2182.0
0.717146071558948,0.0,0.20418620166666668,0.518608868,1666.0,2182.0
0.5826453884911549,0.0,0.19329589366666666,0.4706016643333333,1666.0,2182.0
0.5443876884909208,0.0,0.171392771,0.40947374599999997,1666.0,2182.0
0.5670404435678656,0.00199734175,0.13639433175000001,0.30753022274999997,1666.0,2182.0
0.6213799562281392,0.218762448,0.093677312,0.222972674,1666.0,2182.0
0.6526082243428483,0.5036428875,0.059958690499999995,0.1572305295,1666.0,2182.0
0.6546453858761808,0.796391585,0.05473366966666667,0.08994988733333333,1666.0,2182.0
0.6556270732716449,0.7840002644999999,0.0617235915,0.0728073805,1666.0,2182.0
0.6544023721839175,0.629006173,0.06855686,0.086931037,1666.0,2182.0
0.6521001002118433,0.4071412765,0.0792240555,0.1034350275,1666.0,2182.0
0.6369224658793776,0.04046895566666667,0.13613405966666667,0.163647005,1666.0,2182.0
0.6222118596036028,0.0,0.1604325925,0.214913802,1666.0,2182.0
0.5575024087415197,0.0,0.1441571575,0.2677339085,1666.0,2182.0
0.5593761207731024,0.0,0.1326955333333333,0.31203595033333337,1666.0,2182.0
0.6082072954705038,0.100836572,0.110154391,0.3403772335,1666.0,2182.0
0.6525938307311525,0.4626967955,0.044661953500000004,0.251577353,1666.0,2182.0
0.656369731648154,0.696384601,0.036773477,0.156371476,1666.0,2182.0
0.6602855324774006,0.7227449365,0.038762154,0.11402282550000001,1666.0,2182.0
0.6620887511614747,0.6002841605,0.04581997,0.104289297,1666.0,2182.0
0.6583272883007382,0.412382705,0.044441835,0.103536488,1666.0,2182.0
0.6464206021459533,0.165669654,0.052190327,0.092664232,1666.0,2182.0
0.6312566850206841,0.0,0.05780307950000001,0.08926384550000001,1666.0,2182.0
0.5841059174414529,0.0,0.04149570625,0.0809996605,1666.0,2182.0
0.6227768929302169,0.0,0.0443092935,0.103544947,1666.0,2182.0
0.7247716823070196,0.0029004745,0.0741217225,0.135454959,1666.0,2182.0
0.777916312490315,0.3037866695,0.091566441,0.2560351825,1666.0,2182.0
0.7832480789285676,0.6759603255,0.0714993805,0.269141178,1666.0,2182.0
0.7942382223913277,0.8684319826666668,0.13053407666666667,0.291689629,1666.0,2182.0
0.7957506704278774,0.741434091,0.1794880395,0.2917167375,1666.0,2182.0
0.785180906936617,0.431057123,0.1620190375,0.3041097485,1666.0,2182.0
0.7507368477046502,0.056282554,0.20299118049999998,0.45688407999999997,1666.0,2182.0
0.7043147329449801,0.0,0.31211821399999995,0.6033308555000001,1666.0,2182.0
0.6210231093635481,0.0,0.398347332,0.711487342,1666.0,2182.0
0.5835002979972435,0.0,0.38618497300000004,0.708386466,1666.0,2182.0
0.6553894784759053,0.0,0.32625924549999996,0.629321601,1666.0,2182.0
0.7580672447150101,0.0886576375,0.270406948,0.563347607,1666.0,2182.0
0.7813195534889239,0.4087848085,0.1967978265,0.5563875725,1666.0,2182.0
0.7885594857550642,0.6407060874999999,0.14943277700000002,0.5024370105,1666.0,2182.0
0.787471069636495,0.675183534,0.172090629,0.45015332249999995,1666.0,2182.0
0.7821322505841437,0.549164451,0.15185410500000002,0.37721735850000004,1666.0,2182.0
0.7801331098106534,0.365905231,0.130332774,0.32499984,1666.0,2182.0
0.7640038100180973,0.158662462,0.106648678,0.2936954435,1666.0,2182.0
0.7165737415611924,0.0,0.09906154766666668,0.301956781,1666.0,2182.0
0.6043764813982615,0.0,0.14699473600000001,0.49350906233333336,1666.0,2182.0
0.5942519558493079,0.0,0.1256187605,0.5092316020000001,1666.0,2182.0
0.7145795687760153,0.002127176,0.11598828950000001,0.5653837100000001,1666.0,2182.0
0.7754265017983712,0.282819179,0.11018879649999999,0.589843892,1666.0,2182.0
0.7826384008801918,0.6392595765,0.13915539100000002,0.627485436,1666.0,2182.0
0.7894431530320019,0.791200379,0.189227332,0.6421403655,1666.0,2182.0
0.7879028343527181,0.721763949,0.2284052685,0.646544896,1666.0,2182.0
0.7845195980673738,0.518155652,0.215558725,0.6250090265,1666.0,2182.0
0.7739275675937731,0.291995142,0.173954369,0.609244583,1666.0,2182.0
0.7381874084401819,0.02894753,0.15865036966666668,0.5780128013333333,1666.0,2182.0
0.6626656942153049,0.0,0.15715186050000002,0.5529454505,1666.0,2182.0
0.5844570497029609,0.0,0.15472385133333333,0.5926817863333333,1666.0,2182.0
0.587768909258579,0.0,0.154622346,0.616297301,1666.0,2182.0
0.6569757059149247,0.0,0.15049877550000001,0.617985636,1666.0,2182.0
0.7587317472150957,0.09550294299999999,0.1408796445,0.619938054,1666.0,2182.0
0.7789754090630655,0.4632243075,0.13565878599999998,0.62552375,1666.0,2182.0
0.7874981861726639,0.7774031063333333,0.14419818866666667,0.5855682056666667,1666.0,2182.0
0.7884010448643688,0.7828100645,0.1830652285,0.591626134,1666.0,2182.0
0.7858026499138603,0.5468363595,0.211996154,0.6225011355000001,1666.0,2182.0
0.7745529921809572,0.272828155,0.198755931,0.642901412,1666.0,2182.0
0.7405136328798018,0.018608691333333333,0.22986114233333335,0.7047744336666666,1666.0,2182.0
0.6960324929156068,0.0,0.299804705,0.760007562,1666.0,2182.0
0.6120605094707057,0.0,0.407881992,0.7886786539999999,1666.0,2182.0
0.5948410525439732,0.0,0.44232505575000003,0.81846969575,1666.0,2182.0
0.7139632372541207,0.0013279285,0.4647848215,0.821583071,1666.0,2182.0
0.7755856967281382,0.13157440250000002,0.4227999355,0.7773917079999999,1666.0,2182.0
0.7782705866319082,0.2967970335,0.41288930349999997,0.6827310855,1666.0,2182.0
0.7778392359217419,0.449153363,0.425002861,0.6490032603333333,1666.0,2182.0
0.7731532388675729,0.3871863345,0.44865674749999995,0.688222361,1666.0,2182.0
0.7707748069244562,0.26522803,0.417995712,0.70280761,1666.0,2182.0
0.7600222952608302,0.103937457,0.33540653200000003,0.662683803,1666.0,2182.0
0.7326141068762101,0.0,0.257418163,0.60134361,1666.0,2182.0
0.6541909698687675,0.0,0.196078307,0.5268869119999999,1666.0,2182.0
0.568587759432087,0.0,0.18523274950000002,0.47086158850000004,1666.0,2182.0
0.5515448962016385,0.0,0.14251209550000002,0.39984896025,1666.0,2182.0
0.5759321952568913,0.001260415,0.117947902,0.3844172735,1666.0,2182.0
0.6422987217196274,0.20653572999999997,0.10061590549999999,0.414839565,1666.0,2182.0
0.6569003444275232,0.467139729,0.11684479950000001,0.47175942849999997,1666.0,2182.0
0.6546081857041502,0.5813516453333333,0.197235562,0.47514524533333335,1666.0,2182.0
0.6549058168282216,0.442558151,0.27305764050000003,0.5537734125,1666.0,2182.0
0.6539498487153582,0.281046264,0.297919933,0.641909565,1666.0,2182.0
0.6461106399992949,0.09418557600000001,0.3225847865,0.7192821949999999,1666.0,2182.0
0.6278438297708107,0.0,0.41861547175,0.7462503092499999,1666.0,2182.0
0.5533003741997962,0.0,0.472453493,0.6920975565999999,1666.0,2182.0
0.5547536567752216,0.0,0.468018047,0.653192879,1666.0,2182.0
0.5997695199496397,0.0360066485,0.4663412135,0.5905484595,1666.0,2182.0
0.6511443539168649,0.1819004115,0.4976840265,0.59398068,1666.0,2182.0
0.6547540885186098,0.33597562400000003,0.5360989476666668,0.8199996633333333,1666.0,2182.0
0.6548831950486302,0.3814135655,0.603245271,0.8569272054999999,1666.0,2182.0
0.6529026840414883,0.2551294705,0.6500029675000001,0.8514029415,1666.0,2182.0
0.6446639354023644,0.07623809499999999,0.63568778,0.8478777055,1666.0,2182.0
0.6343881805496729,0.0,0.5638697713333333,0.8309069716666667,1666.0,2182.0
0.6064932256238046,0.0,0.412555789,0.684464839,1666.0,2182.0
0.6033332533000367,0.0,0.40763876475,0.5434090924999999,1666.0,2182.0
0.7289123033073959,0.000909001,0.438083624,0.5152592855,1666.0,2182.0
0.7978351971158255,0.149957999,0.44539685,0.442294184,1666.0,2182.0
0.802875320517365,0.324736049,0.42988726,0.379493819,1666.0,2182.0
0.789322281976065,0.5578805330000001,0.38955215,0.3329065965,1666.0,2182.0
0.7811372489017078,0.724452619,0.38669212249999996,0.3333450745,1666.0,2182.0
0.7742769182591163,0.7245505034999999,0.43191651,0.380114065,1666.0,2182.0
0.7742634339387635,0.5538467785,0.475594301,0.42719131200000005,1666.0,2182.0
0.7729472923004802,0.303649823,0.463146517,0.460848828,1666.0,2182.0
0.7544887813392496,0.016803931333333334,0.468449597,0.483816564,1666.0,2182.0
0.6704958764823128,0.0,0.464756844,0.490498775,1666.0,2182.0
0.596058201902051,0.0,0.440622458,0.480697566,1666.0,2182.0
0.612159191288552,0.0,0.39423633575000006,0.43013126075,1666.0,2182.0
0.7454385037850215,0.000888281,0.354280931,0.39966621150000003,1666.0,2182.0
0.8088023048266844,0.211199182,0.311091799,0.389977562,1666.0,2182.0
0.8083630883051625,0.423024441,0.26952853,0.3588843,1666.0,2182.0
0.7922851530710193,0.6731824765000001,0.2383759045,0.3109842315,1666.0,2182.0
0.7799246349651322,0.855902452,0.241858281,0.2575645485,1666.0,2182.0
0.7740198288502547,0.816252669,0.287301978,0.29040810549999996,1666.0,2182.0
0.7716791442670725,0.5741206480000001,0.317091455,0.3378030565,1666.0,2182.0
0.7677044603566395,0.300168863,0.280601318,0.332056851,1666.0,2182.0
0.7533982952578907,0.012434469666666668,0.31858718033333333,0.38546200833333333,1666.0,2182.0
0.6704958764823128,0.0,0.331822417,0.409535926,1666.0,2182.0
0.597044509710398,0.0,0.278499946,0.326754533,1666.0,2182.0
0.6211878488545807,0.0,0.22526052375,0.25540327325,1666.0,2182.0
0.7544718963175324,0.000814746,0.2231668945,0.2580806215,1666.0,2182.0
0.8063301480441325,0.212526222,0.218389026,0.26548083,1666.0,2182.0
0.8044684232477879,0.434386284,0.164470898,0.258260111,1666.0,2182.0
0.7838909798493473,0.699274009,0.136617667,0.221786446,1666.0,2182.0
0.7761996108552365,0.8668736415,0.11695630774999999,0.18783304225,1666.0,2182.0
0.7733889041210642,0.6087357885,0.127499063,0.2011952375,1666.0,2182.0
0.7651376470691642,0.317475486,0.149699983,0.250542064,1666.0,2182.0
0.7420077617726596,0.011289200666666666,0.21818301233333334,0.3644041726666667,1666.0,2182.0
0.6673212259008117,0.0,0.24544926649999999,0.41482178999999997,1666.0,2182.0
0.5946784310796469,0.0,0.2182642755,0.354625666,1666.0,2182.0
0.5827540911167104,0.0,0.183448538,0.2948904825,1666.0,2182.0
0.627137166534683,0.0,0.161524595,0.25058265599999996,1666.0,2182.0
0.7386764667621046,0.0007171805,0.145852742,0.2434137065,1666.0,2182.0
0.799294875932966,0.219096185,0.126844588,0.24949609,1666.0,2182.0
0.7857749271328426,0.53966437,0.061358527999999996,0.2054827225,1666.0,2182.0
0.7792801815722602,0.8257183395000001,0.0242541535,0.106900992,1666.0,2182.0
0.7822550289094243,0.8763213613333334,0.024275382666666664,0.088578459,1666.0,2182.0
0.7802030154487574,0.6140668675000001,0.029140413,0.0702760595,1666.0,2182.0
0.7696687369977356,0.314110684,0.032869776,0.05398112,1666.0,2182.0
0.746839898307776,0.013470656,0.03923227,0.0560031215,1666.0,2182.0
0.7055596826342809,0.0,0.0403001305,0.078965534,1666.0,2182.0
0.6055604854678879,0.0,0.04270642533333333,0.10349207033333334,1666.0,2182.0
0.6016951400153886,0.0,0.05343570674999999,0.30573536875,1666.0,2182.0
0.7248398136551464,0.0006055235,0.0912607755,0.429457153,1666.0,2182.0
0.7810016072145393,0.188972539,0.111426127,0.45888043,1666.0,2182.0
0.7830364990882415,0.367799339,0.098727344,0.482064487,1666.0,2182.0
0.7788233554846751,0.532354856,0.088800745,0.505308096,1666.0,2182.0
0.7777583003699124,0.7441309336666667,0.12919056966666667,0.5005478906666667,1666.0,2182.0
0.7747357403533227,0.7339201909999999,0.246725168,0.55359923,1666.0,2182.0
0.7716656598454793,0.58682958,0.348813674,0.624047591,1666.0,2182.0
0.7706882233351572,0.423801226,0.41562208,0.689587221,1666.0,2182.0
0.7652973299274095,0.247140032,0.474117846,0.762238823,1666.0,2182.0
0.7527874196021672,0.018624294,0.546505928,0.823428172,1666.0,2182.0
0.7310713486557757,0.0,0.5951895205,0.8490134775,1666.0,2182.0
0.6534332746998133,0.0,0.5644887,0.8124860334999999,1666.0,2182.0
0.5574727343731398,0.0,0.48886201400000007,0.73462640175,1666.0,2182.0
0.5614811105743208,0.0,0.4271414613333333,0.6415568483333334,1666.0,2182.0
0.6151013590856416,0.0875268505,0.3900724095,0.583153665,1666.0,2182.0
0.6699098847571422,0.385892248,0.320051942,0.499021635,1666.0,2182.0
0.6681425503045071,0.593698203,0.297476897,0.442729676,1666.0,2182.0
0.659834006986842,0.799618394,0.21255555399999998,0.33570187100000004,1666.0,2182.0
0.6541230158939562,0.875700278,0.1965921105,0.26299633099999997,1666.0,2182.0
0.6538387138548398,0.722618008,0.187903946,0.25453920750000003,1666.0,2182.0
0.6535639484661623,0.39294587999999997,0.1735249155,0.294116379,1666.0,2182.0
0.6537682538407582,0.005644655666666667,0.20929790366666667,0.35293331600000005,1666.0,2182.0
0.6319627383335589,0.0,0.1936939295,0.327927855,1666.0,2182.0
0.5733951080969898,0.0,0.12009566950000002,0.14808097633333336,1666.0,2182.0
0.6119648550552754,0.0,0.1051826575,0.1756152115,1666.0,2182.0
0.6555208176452884,0.183736127,0.104979622,0.243151209,1666.0,2182.0
0.6694256908376514,0.486970311,0.0577156365,0.1797685055,1666.0,2182.0
0.6553944759420706,0.7534372323333334,0.06974533466666666,0.12043318833333333,1666.0,2182.0
0.653957943802647,0.7120326130000001,0.112778353,0.221635426,1666.0,2182.0
0.6534115622621852,0.4704912015,0.18826824450000001,0.3967009895,1666.0,2182.0
0.6535321893285729,0.203798629,0.224969792,0.432029915,1666.0,2182.0
0.6457809170276805,0.0042875195,0.2782796865,0.50929824,1666.0,2182.0
0.64161684633684,0.0,0.301622023,0.6664683433333334,1666.0,2182.0
0.6005879168330861,0.0,0.3084273325,0.781301044,2535.5,3320.5
0.6098936573847885,0.0,0.358367813,0.82024104825,3405.0,4459.0
0.7422497257024183,0.0,0.40590515800000004,0.7893268625000001,3405.0,4459.0
0.8094976350519723,0.112564955,0.414272035,0.768651484,3405.0,4459.0
0.8121942349861181,0.241293637,0.447030982,0.748379818,3405.0,4459.0
0.8064130944174399,0.419716737,0.477145223,0.680233299,3405.0,4459.0
0.7988167588212377,0.5137580239999999,0.48557492,0.5541454050000001,3405.0,4459.0
0.7924734458299607,0.511271525,0.5317777939999999,0.45781798149999997,3405.0,4459.0
0.7952904289421854,0.3936795805,0.5446524994999999,0.4667301775,3405.0,4459.0
0.797404940528366,0.1072792145,0.4672706305,0.42321463000000004,3405.0,4459.0
0.7522311613951249,0.0,0.39884670533333333,0.3960025833333334,3405.0,4459.0
0.6332814304725554,0.0,0.2989791805,0.4145430845,3405.0,4459.0
0.5989770604460913,0.0,0.2908423415,0.5327990645,3405.0,4459.0
0.6830348180204955,0.0,0.2834419925,0.590831308,3405.0,4459.0
0.7944831434035547,0.0581213715,0.2852183905,0.6213108305,3405.0,4459.0
0.8107428508518665,0.303606094,0.27317764450000004,0.6373716855,3405.0,4459.0
0.7964915545650297,0.4451956075,0.290362065,0.5898793044999999,3405.0,4459.0
0.7860198185322302,0.4756315515,0.3513853855,0.6035827105,3405.0,4459.0
0.7812479180054124,0.3732842155,0.3818146035,0.6477325225,3405.0,4459.0
0.7790627467420563,0.16940086599999998,0.3447699485,0.677857139,3405.0,4459.0
0.7368589431276826,0.00098776975,0.300018911,0.60375216075,3405.0,4459.0
0.6126014203976337,0.0,0.262018311,0.4986470376666667,3405.0,4459.0
0.606257778425427,0.0,0.21737463425,0.47074417925,3405.0,4459.0
0.733364150593645,0.0,0.1774296705,0.359812986,3405.0,4459.0
0.789684806406598,0.061995084,0.159689304,0.249318252,3405.0,4459.0
0.7906211246034478,0.207593195,0.1423675105,0.178902821,3405.0,4459.0
0.7819028173147557,0.37938048175000005,0.16819503075000003,0.1246351055,3405.0,4459.0
0.7753683505845921,0.360623837,0.2251163625,0.1369798215,3405.0,4459.0
0.7735372760895138,0.1908908165,0.217288987,0.1560420775,3405.0,4459.0
0.7474858745936476,0.0016121616666666665,0.23403769966666665,0.184306308,3405.0,4459.0
0.6729054908972626,0.0,0.232018484,0.2439750775,3405.0,4459.0
0.5939573187773524,0.0,0.20849156225,0.23838620975,3405.0,4459.0
0.633328714331068,0.0,0.1958247305,0.2203143165,3405.0,4459.0
0.7418229731997233,0.0,0.187691971,0.230281555,3405.0,4459.0
0.8023292938753946,0.14782123,0.168617688,0.247875383,3405.0,4459.0
0.7947350430737121,0.436327193,0.0981280055,0.216460626,3405.0,4459.0
0.7830435518035807,0.778271039,0.0651693495,0.1651938625,3405.0,4459.0
0.7772537616535219,0.8815362075,0.07250672250000001,0.089493587,3405.0,4459.0
0.7723463968128511,0.732004349,0.0928100345,0.050257273500000005,3405.0,4459.0
0.7707648710828172,0.3857272555,0.115773985,0.072378027,3405.0,4459.0
0.7608640013467057,0.005196281,0.17517861,0.131176936,3405.0,4459.0
0.7308985067628299,0.0,0.23631391666666665,0.22486878933333332,3405.0,4459.0
0.6103196003433203,0.0,0.28661540775000005,0.35284343075,3405.0,4459.0
0.6213015933318141,0.0,0.2654904533333333,0.250318745,3405.0,4459.0
0.7508677654605483,0.0,0.250531432,0.1872483115,3405.0,4459.0
0.8120219549778188,0.169587725,0.240645252,0.189947984,3405.0,4459.0
0.7937033143328673,0.51443964,0.14929899000000002,0.138499972,3405.0,4459.0
0.7798645764820096,0.806996307,0.09999120850000001,0.086940499,3405.0,4459.0
0.776672604768564,0.8781884895000001,0.0928739735,0.0858818105,3405.0,4459.0
0.7735669948771529,0.7262590185,0.082131429,0.063530511,3405.0,4459.0
0.7720458825287332,0.484537743,0.083355413,0.045143231,3405.0,4459.0
0.7657717654798173,0.265866111,0.100692409,0.035163037,3405.0,4459.0
0.7341690187627897,0.00099970375,0.170044946,0.030043247000000002,3405.0,4459.0
0.5810003186358739,0.0,0.2646541155,0.049824746749999996,3405.0,4459.0
0.559784554081485,0.0,0.2741465006666667,0.050726815,3405.0,4459.0
0.5842569951628869,0.0,0.31427030349999996,0.0725784365,3405.0,4459.0
0.6324988513561749,0.140560111,0.32473462,0.133312556,3405.0,4459.0
0.6561987379001133,0.42180844949999996,0.2563402835,0.215322499,3405.0,4459.0
0.6533821465885339,0.6807970666666666,0.2698563916666667,0.34080210433333336,3405.0,4459.0
0.6546279907880679,0.59622925,0.370043226,0.4189737805,3405.0,4459.0
0.6522237657074225,0.391218188,0.398259896,0.5342341,3405.0,4459.0
0.6499631220983428,0.1753594235,0.4018962935,0.663940426,3405.0,4459.0
0.640583860813589,0.0005225385,0.449367393,0.8763924865,3405.0,4459.0
0.6361059319556925,0.0,0.4730381765,0.903086459,3405.0,4459.0
0.5797539717014419,0.0,0.47626226574999997,0.9246687165,3405.0,4459.0
0.5604798177158492,0.0,0.46612755650000004,0.920744236,3405.0,4459.0
0.6155225004867675,0.013737629,0.4212758515,0.9087248035,3405.0,4459.0
0.6744461643231773,0.112785624,0.379557368,0.8952898090000001,3405.0,4459.0
0.6722585978619997,0.236188611,0.33813351,0.8303751699999999,3405.0,4459.0
0.6690583980312786,0.2718889935,0.31437745,0.744392238,3405.0,4459.0
0.670199797796587,0.22617071049999998,0.2798970145,0.626074895,3405.0,4459.0
0.6710470041257094,0.157673263,0.254607452,0.571516881,3405.0,4459.0
0.6722001140226338,0.049175679,0.2375915215,0.503467823,3405.0,4459.0
0.6630015753245315,0.0,0.22916149433333333,0.36369170633333336,3405.0,4459.0
0.6312822010124074,0.0,0.175954171,0.24236821400000003,3405.0,4459.0
0.590682611397342,0.0,0.164556888,0.2164646785,3405.0,4459.0
0.6212380454606693,0.0,0.16025993466666666,0.2214820753333333,3405.0,4459.0
0.7477223900815371,0.0,0.15233945599999998,0.169733596,3405.0,4459.0
0.8153677988523405,0.1525821795,0.12628318900000002,0.146105247,3405.0,4459.0
0.7963267707053581,0.432703674,0.08941956549999999,0.111094642,3405.0,4459.0
0.7855890740162923,0.5910913929999999,0.07791148,0.077148144,3405.0,4459.0
0.7786633177785586,0.5615284195,0.07353209899999999,0.0701528595,3405.0,4459.0
0.7770376131848169,0.3572637535,0.062699619,0.08209275599999999,3405.0,4459.0
0.7781372515065239,0.157276047,0.064597886,0.102892435,3405.0,4459.0
0.7637754930683905,0.0005423856666666667,0.086646248,0.11547970133333334,3405.0,4459.0
0.6603911005628055,0.0,0.11478435733333332,0.13768960833333332,3405.0,4459.0
0.6112051859501237,0.0,0.134140627,0.20795482839999999,3405.0,4459.0
0.7764855392466833,0.032563389,0.17497824766666667,0.2941794176666667,3405.0,4459.0
0.8128267565307296,0.301053322,0.145401165,0.263002829,3405.0,4459.0
0.7903829310209078,0.581930935,0.1076622575,0.188725621,3405.0,4459.0
0.7766386721497973,0.7625163939999999,0.168213241,0.12085290174999999,3405.0,4459.0
0.7709984072997005,0.4744535585,0.1818648395,0.09032269700000001,3405.0,4459.0
0.7696135576981545,0.196538784,0.216696632,0.139153883,3405.0,4459.0
0.7552742583799129,0.0007129105,0.309738473,0.22928239499999997,3405.0,4459.0
0.6906408158390746,0.0,0.4022656359999999,0.4850245163333333,3405.0,4459.0
0.5951838642893973,0.0,0.411453017,0.647968051,3405.0,4459.0
0.6188816143049323,0.0,0.385148012,0.6473939193333333,3405.0,4459.0
0.7423664937855499,0.0,0.39684349249999995,0.6638451795,3405.0,4459.0
0.8029432745427965,0.093077124,0.422587936,0.681904042,3405.0,4459.0
0.797123189040583,0.295223445,0.403527834,0.684750222,3405.0,4459.0
0.7843883476352687,0.503777755,0.355677114,0.6268635825,3405.0,4459.0
0.7777443428853178,0.617373143,0.400120927,0.596224664,3405.0,4459.0
0.7743505941431984,0.501671389,0.45064754650000005,0.5775466140000001,3405.0,4459.0
0.7719327738332579,0.348863125,0.45099969,0.587987732,3405.0,4459.0
0.7706446654299144,0.214602936,0.448951817,0.632949613,3405.0,4459.0
0.7618144248729933,0.0488859405,0.4732452155,0.7213393335,3405.0,4459.0
0.7243742789629827,0.0,0.5031818339999999,0.823777233,3405.0,4459.0
0.625591724783549,0.0,0.5734218,0.839240322,3405.0,4459.0
0.5992289446517658,0.0,0.5131379134,0.8567500208000001,3405.0,4459.0
0.7277619435067848,0.0,0.530410812,0.9046105385000001,3405.0,4459.0
0.7821215163601043,0.149960406,0.530553894,0.888965342,3405.0,4459.0
0.7797343462501898,0.473464281,0.444112712,0.806039306,3405.0,4459.0
0.7791711980212548,0.6413985535,0.445133098,0.799625976,3405.0,4459.0
0.7755877371287087,0.5474164255,0.455245228,0.813771333,3405.0,4459.0
0.7723689741984933,0.355369785,0.423238454,0.797059259,3405.0,4459.0
0.7720088006730732,0.218218917,0.401614362,0.701684529,3405.0,4459.0
0.7551562852820056,0.03282726833333333,0.4012274246666667,0.5672828376666667,3405.0,4459.0
0.7111518651928446,0.0,0.4061417385,0.5934436064999999,3405.0,4459.0
0.6121974671153391,0.0,0.40600622666666664,0.7126268153333334,3405.0,4459.0
0.6035723340275653,0.0,0.418149758,0.814681783,3405.0,4459.0
0.7282951068374873,0.0,0.452167156,0.853179599,3405.0,4459.0
0.782405796176936,0.11250352500000001,0.4647854655,0.8564062100000001,3405.0,4459.0
0.7813488286407935,0.32073011,0.440648197,0.86815371,3405.0,4459.0
0.7779205706900816,0.611138465,0.40333725925,0.8326451807499999,3405.0,4459.0
0.7727690241204559,0.512200203,0.38379456349999996,0.846926206,3405.0,4459.0
0.7687960258133424,0.225810206,0.32060506099999997,0.8109182615,3405.0,4459.0
0.7300705030439842,0.0,0.36879599875,0.7915021055,3405.0,4459.0
0.5794246479716482,0.0,0.4196640785,0.8371966625,3405.0,4459.0
0.5554762069706988,0.0,0.41894037833333336,0.876206481,3405.0,4459.0
0.5934651887434313,0.028139437666666666,0.45004218399999996,0.8925154753333334,3405.0,4459.0
0.6509633799838561,0.326695702,0.42862778,0.890828977,3405.0,4459.0
0.6538791890381828,0.591747713,0.35984027500000004,0.846400252,3405.0,4459.0
0.6563060580700839,0.778539875,0.371129128,0.8246785889999999,3405.0,4459.0
0.6580466013059492,0.7138168905,0.396480761,0.8161289949999999,3405.0,4459.0
0.6549738372674059,0.4584910365,0.381383461,0.7672426635,3405.0,4459.0
0.6486771205599429,0.154763408,0.401424312,0.728406533,3405.0,4459.0
0.6333811879080368,0.0,0.4551880862,0.6557224656,3405.0,4459.0
0.5602757740293253,0.0,0.5459538508,0.506808431,3405.0,4459.0
0.5727149478291208,0.0,0.6350361816666666,0.577949032,3405.0,4459.0
0.6232871905423992,0.061324063,0.675780415,0.694856292,3405.0,4459.0
0.652983456882998,0.362673566,0.641269765,0.706940091,3405.0,4459.0
0.653853077938063,0.5581457643333333,0.5797992803333333,0.6014598259999999,3405.0,4459.0
0.6555557038987267,0.455289195,0.575933841,0.5559725155,3405.0,4459.0
0.6530766939458157,0.268935456,0.510856506,0.46443984699999996,3405.0,4459.0
0.647855463581281,0.067992453,0.491688614,0.447182399,3405.0,4459.0
0.6375878258863021,0.0,0.5048008190000001,0.47912543733333335,3405.0,4459.0
0.6279871303506736,0.0,0.47644670566666664,0.416222651,3405.0,4459.0
0.5829324923267214,0.0,0.42894168200000005,0.29779584049999996,3405.0,4459.0
0.6100412310045843,0.0,0.3599969623333333,0.28747001533333333,3405.0,4459.0
0.7277619435067848,0.0,0.332463242,0.350409939,3405.0,4459.0
0.7810246725286597,0.036831864,0.322863503,0.370095702,3405.0,4459.0
0.7813212834355723,0.198361385,0.2855209955,0.324767468,3405.0,4459.0
0.7790958217864903,0.39982126933333334,0.247162005,0.21494786700000001,3405.0,4459.0
0.7753079815969268,0.413445921,0.25852136449999996,0.1345863865,3405.0,4459.0
0.7718805220539258,0.2519968145,0.2255023275,0.09106054599999999,3405.0,4459.0
0.7581641190275663,0.023098855666666668,0.22606347699999998,0.13319741233333335,3405.0,4459.0
0.7130369213632829,0.0,0.22969419800000002,0.182886879,3405.0,4459.0
0.6126089018663922,0.0,0.2292198953333333,0.207151766,3405.0,4459.0
0.6071080231331206,0.0,0.13987396,0.23154982624999998,3405.0,4459.0
0.7570342001179408,0.015093419333333332,0.10389979466666666,0.20301694366666667,3405.0,4459.0
0.7856800045173258,0.341187085,0.07209950200000001,0.195203024,3405.0,4459.0
0.7786460483804976,0.6379872959999999,0.05406694766666667,0.17970305333333333,3405.0,4459.0
0.7746029374491252,0.5865057315,0.055795396,0.1787394575,3405.0,4459.0
0.7721480795762334,0.3500485485,0.051431863999999994,0.1634922715,3405.0,4459.0
0.758998550664585,0.034649269,0.060377955000000004,0.13000435966666668,3405.0,4459.0
0.7142857079147957,0.0,0.0579862675,0.115091376,3405.0,4459.0
0.6072058510466016,0.0,0.05813674025,0.136465117,3405.0,4459.0
0.6189736685583854,0.0,0.04791367333333333,0.12662726866666665,3405.0,4459.0
0.7640447656718697,0.015537335,0.051902709,0.10270646900000001,3405.0,4459.0
0.8009662232770903,0.191451997,0.044292741,0.092651391,3405.0,4459.0
0.785834542081436,0.37987947349999995,0.025459145000000002,0.056633498,3405.0,4459.0
0.7778211385453145,0.562112574,0.03059296833333333,0.031841277,3405.0,4459.0
0.7720007721007777,0.43621060300000003,0.053837749,0.0410833185,3405.0,4459.0
0.7721177397795093,0.25076671,0.081617594,0.085833659,3405.0,4459.0
0.7629498439414985,0.02686042866666667,0.17827102866666666,0.19376555833333334,3405.0,4459.0
0.7175732232022229,0.0,0.24699701500000001,0.331297823,3405.0,4459.0
0.6276946371976759,0.0,0.24139737249999998,0.391620192,3405.0,4459.0
0.5867220993819603,0.0,0.2565033415,0.5264441845,3405.0,4459.0
0.6187917039873106,0.0,0.28856944366666665,0.6575442383333333,3405.0,4459.0
0.7623785933022136,0.013575006333333334,0.3198361113333333,0.6839103940000001,3405.0,4459.0
0.7950061491253537,0.34970572850000003,0.2630819825,0.658853449,3405.0,4459.0
0.7833783091603875,0.633235239,0.162101892,0.557413798,3405.0,4459.0
0.7772537616535219,0.686632409,0.2132126735,0.5925087855,3405.0,4459.0
0.7736777526675152,0.5429767945,0.29462169650000003,0.674336539,3405.0,4459.0
0.7750945832751555,0.326376056,0.313448448,0.719667959,3405.0,4459.0
0.766431492230382,0.034691614,0.379715718,0.7656613866666667,3405.0,4459.0
0.7200093183294001,0.0,0.37748116249999997,0.741946099,3405.0,4459.0
0.6152871087344245,0.0,0.2814229306666667,0.564496115,3405.0,4459.0
0.6117021656306769,0.0,0.214014918,0.395895956,3405.0,4459.0
0.7452289199513167,0.0,0.193129347,0.41358009900000003,3405.0,4459.0
0.8144116976588704,0.043067468,0.182984523,0.410772333,3405.0,4459.0
0.8125338272337578,0.303714669,0.137500383,0.377384612,3405.0,4459.0
0.7963267707053581,0.5564692865,0.085674971,0.299003456,3405.0,4459.0
0.7831680157321805,0.7532355479999999,0.083102047,0.279748781,3405.0,4459.0
0.7765017441011299,0.70831249,0.10090352450000001,0.264394416,3405.0,4459.0
0.7757954579351584,0.44258334050000003,0.14174819100000002,0.3392387685,3405.0,4459.0
0.7748205201072987,0.038818984,0.2330288073333333,0.4016699143333333,3405.0,4459.0
0.727259496992342,0.0,0.2603267635,0.428493932,3405.0,4459.0
0.595834409338635,0.0,0.22369840466666666,0.3757121016666667,3405.0,4459.0
0.5648607281284972,0.0,0.21471714149999999,0.3634748485,3405.0,4459.0
0.623199838132919,0.010803875333333332,0.21568504033333333,0.3407732036666667,3405.0,4459.0
0.6864824154079883,0.315620844,0.1505191515,0.30724677349999996,3405.0,4459.0
0.6698962007399488,0.6248176569999999,0.103894453,0.2256141965,3405.0,4459.0
0.6583554397676816,0.7418724306666666,0.11256692933333334,0.18624281466666667,3405.0,4459.0
0.658971253765132,0.46595697,0.1523922245,0.20204721650000002,3405.0,4459.0
0.6742190819842124,0.0278926575,0.252906619,0.330980993,3405.0,4459.0
0.6457205480400154,0.0,0.2385935525,0.32929629650000003,3405.0,4459.0
0.5832801796110296,0.0,0.2019609455,0.2921084815,3405.0,4459.0
0.5680951895336043,0.0,0.15954339666666667,0.248915996,3405.0,4459.0
0.588157359957868,0.0,0.13747972149999999,0.190840917,3405.0,4459.0
0.6521288430919057,0.017205633,0.13233529449999998,0.1434773165,3405.0,4459.0
0.6922344582487328,0.39690210800000003,0.0803051725,0.1186459,3405.0,4459.0
0.6715443275176816,0.7230099544999999,0.0464529125,0.06818147399999999,3405.0,4459.0
0.6581766985077824,0.831774405,0.093221749,0.089465269,3405.0,4459.0
0.6559092461729128,0.673487124,0.165414601,0.1617398805,3405.0,4459.0
0.6575559535085398,0.2625943545,0.24955715850000001,0.24146149150000001,3405.0,4459.0
0.660624392781703,0.0,0.35029859350000003,0.41846216699999994,3405.0,4459.0
0.6311080358051886,0.0,0.3116807515,0.591651768,3405.0,4459.0
0.608195163986147,0.0,0.319904786,0.7867485566,3405.0,4459.0
0.7661316285006947,0.009836804666666666,0.35689193433333327,0.839537179,3405.0,4459.0
0.810679199496081,0.250234568,0.339192399,0.832837535,3405.0,4459.0
0.7991494314341452,0.43461261399999995,0.3283707065,0.8275116425,3405.0,4459.0
0.7900515890622077,0.562994718,0.37987020250000003,0.7672739835,3405.0,4459.0
0.7832656883933904,0.552526574,0.4645554935,0.7437479675,3405.0,4459.0
0.7825459179070658,0.428050627,0.510598884,0.760740966,3405.0,4459.0
0.7882422935197511,0.1931279695,0.5115793465,0.726798997,3405.0,4459.0
0.781718760634537,0.0,0.513781787,0.651447739,3405.0,4459.0
0.7322342169197833,0.0,0.4727389975,0.5767925245000001,3405.0,4459.0
0.6211297863865163,0.0,0.37764512566666664,0.48724580433333337,3405.0,4459.0
0.600496587039612,0.0,0.329464097,0.4539374445,3405.0,4459.0
0.6857937608953772,0.0,0.260555797,0.45913378400000004,3405.0,4459.0
0.8208564980019049,0.014181278,0.22445861849999998,0.508160132,3405.0,4459.0
0.8264037032131197,0.353255908,0.157885392,0.48408834,3405.0,4459.0
0.7981468448658033,0.6646654654999999,0.14694552049999998,0.480676092,3405.0,4459.0
0.7823228349887724,0.750347859,0.19755167299999998,0.5192117573333334,3405.0,4459.0
0.7811389787977359,0.4835755955,0.24324480399999998,0.560858689,3405.0,4459.0
0.7879543764363075,0.089562612,0.306041634,0.576918778,3405.0,4459.0
0.7543330387772369,0.0,0.33003485275,0.55265961725,3405.0,4459.0
0.6315162916727621,0.0,0.280392864,0.4331091425,3405.0,4459.0
0.5978620083377135,0.0,0.24068225225,0.343911792,3405.0,4459.0
0.6815997791612322,0.0,0.241827661,0.26795639950000005,3405.0,4459.0
0.7907311726980674,0.0121617885,0.240436947,0.2149000925,3405.0,4459.0
0.809486900827933,0.271599857,0.205253203,0.185656785,3405.0,4459.0
0.7949160613500497,0.479005345,0.159189513,0.15139104450000002,3405.0,4459.0
0.7846230962406091,0.5786122256666667,0.18398444666666666,0.12710137466666668,3405.0,4459.0
0.7806177029213445,0.4396025995,0.226428228,0.1413045545,3405.0,4459.0
0.7803006437666382,0.163310095,0.2533044975,0.1987025665,3405.0,4459.0
0.7395793402939761,0.0,0.26089486375,0.2453286095,3405.0,4459.0
0.6133755422051727,0.0,0.20060281766666666,0.23426021900000002,3405.0,4459.0
0.608608676071984,0.0,0.18211837724999996,0.20635308975,3405.0,4459.0
0.7599694224724131,0.005994009666666667,0.132609537,0.16278621333333335,3405.0,4459.0
0.8105828574890789,0.2688552825,0.07848988500000001,0.133418693,3405.0,4459.0
0.7987038127685883,0.5329190996666666,0.04536885766666667,0.06278701566666665,3405.0,4459.0
0.7871860357299716,0.6482087605,0.052535771,0.05918770699999999,3405.0,4459.0
0.7897288966342682,0.46160614050000004,0.061586036499999997,0.0830900625,3405.0,4459.0
0.8058683096417789,0.068851873,0.090661293,0.110616198,3405.0,4459.0
0.7651886235981399,0.0,0.08833737575,0.125024245,3405.0,4459.0
0.6131821596150043,0.0,0.06280659325,0.22803844025,3405.0,4459.0
0.6071063486662536,0.0,0.059216,0.3097558695,3405.0,4459.0
0.6829606098646063,0.0,0.0744686955,0.3781105605,3405.0,4459.0
0.7970603360671981,0.0067589995,0.0898953895,0.4236914815,3405.0,4459.0
0.8210612026014478,0.22278830700000002,0.071390224,0.433533335,3405.0,4459.0
0.8026805074667523,0.4413217425,0.10971816725,0.504238961,3405.0,4459.0
0.795766727471228,0.2728840475,0.178246702,0.6294018594999999,3405.0,4459.0
0.8077011140835053,0.099580675,0.206396721,0.717411918,3405.0,4459.0
0.7992078192131719,0.005335873666666667,0.21752004733333333,0.755491306,3405.0,4459.0
0.7405079404990034,0.0,0.2015054605,0.7536623915,3405.0,4459.0
0.6191355248640611,0.0,0.1698994925,0.752189657,3405.0,4459.0
0.5770716138135613,0.0,0.17616451633333333,0.673052931,3405.0,4459.0
0.5917284232453398,0.0,0.19384259650000002,0.6763882219999999,3405.0,4459.0
0.6397577090446028,0.0014135643333333333,0.2135336893333333,0.6508751460000001,3405.0,4459.0
0.7204263567577205,0.128179069,0.185868434,0.572673537,3405.0,4459.0
0.7157757264274198,0.272276749,0.14762969650000002,0.49749800450000004,3405.0,4459.0
0.7034616050603667,0.360597105,0.148654961,0.380489147,3405.0,4459.0
0.7063270697059453,0.3422288695,0.1880076335,0.4128468025,3405.0,4459.0
0.7304974662028012,0.2159148635,0.238114742,0.5749241380000001,3405.0,4459.0
0.7323127350515065,0.010196706333333333,0.33131062699999997,0.7303931106666667,3405.0,4459.0
0.709571980672181,0.0,0.385436759,0.7986446144999999,3405.0,4459.0
0.6303239855803123,0.0,0.4065492846666667,0.8219291263333334,3405.0,4459.0
0.6009561743346525,0.0,0.49395709775,0.8205188325,3405.0,4459.0
0.6161295540951355,0.0011213053333333333,0.5490605543333333,0.876740306,3405.0,4459.0
0.6830384774587718,0.07688112,0.544846513,0.875202974,3405.0,4459.0
0.7236315910748746,0.132031754,0.569764432,0.884597051,3405.0,4459.0
0.7239796331058139,0.210795219,0.5639812980000001,0.868001935,3405.0,4459.0
0.716055260191937,0.24194465450000002,0.584054828,0.8975826655,3405.0,4459.0
0.7146514260267914,0.203874533,0.58169622,0.901056499,3405.0,4459.0
0.7325589497482934,0.10960618899999999,0.588479186,0.8932795695,3405.0,4459.0
0.74305368458022,0.0059318875,0.5778943685,0.8978137285000001,3405.0,4459.0
0.7294721543871011,0.0,0.53918341,0.8961454136666666,3405.0,4459.0
0.6577561381460012,0.0,0.390791322,0.8535833652000001,3405.0,4459.0
0.6694628022892773,0.0,0.3524867516666666,0.8388987703333334,3405.0,4459.0
0.7914494794495774,0.001138743,0.3580115815,0.8160243375,3405.0,4459.0
0.8535402089309623,0.054002091,0.39201714,0.784243864,3405.0,4459.0
0.8607533056370038,0.114985927,0.3835776745,0.7268185785,3405.0,4459.0
0.8544996959434465,0.15187856266666666,0.44345519866666666,0.740036705,3405.0,4459.0
0.8520786671878072,0.10670839,0.514790067,0.703628098,3405.0,4459.0
0.858814933092999,0.0578291715,0.5384292135,0.6882920305,3405.0,4459.0
0.8391325210226664,0.0020464706,0.5207791103999999,0.6675203202,3405.0,4459.0
0.7277939909772522,0.0,0.407966019,0.6044723649999999,3405.0,4459.0
0.6425167886447485,0.0,0.385515759,0.5555386845,3405.0,4459.0
0.6863631855108014,0.0,0.3793109885,0.47556204,3405.0,4459.0
0.7888198131887174,0.0014898695,0.419366666,0.43905917400000005,3405.0,4459.0
0.8484710320941977,0.16359544199999998,0.43807997,0.475015108,3405.0,4459.0
0.8399564757450668,0.3582781225,0.4531335325,0.481577755,3405.0,4459.0
0.8248077026090342,0.38860744933333335,0.48354588200000004,0.49184850799999996,3405.0,4459.0
0.8243765293565504,0.20343706,0.4271152975,0.47762541999999997,3405.0,4459.0
0.8366611980971781,0.008060723,0.41003134750000003,0.49056172749999993,3405.0,4459.0
0.807236407403455,0.0,0.41339031233333334,0.5251678506666666,3405.0,4459.0
0.7574420862890396,0.0,0.432505355,0.5628509,3405.0,4459.0
0.6336872201119887,0.0,0.37701932559999995,0.49968250880000004,3405.0,4459.0
0.674674732619241,0.0,0.4115825875,0.5409743585,3405.0,4459.0
0.7826226543920038,0.001121366,0.44497406,0.5526092145,3405.0,4459.0
0.8440852092405117,0.050313504,0.457096356,0.586232939,3405.0,4459.0
0.8383654134152143,0.1296479705,0.426109807,0.528147708,3405.0,4459.0
0.8204113377026071,0.201191337,0.4051307355,0.426966997,3405.0,4459.0
0.8090137959297327,0.1679686265,0.4338673615,0.4023865125,3405.0,4459.0
0.808526142268806,0.110204329,0.451800806,0.438383191,3405.0,4459.0
0.8204304109528644,0.0297202425,0.4671380665,0.4801141545,3405.0,4459.0
0.7899560898315552,0.0,0.46268895425,0.42065604075,3405.0,4459.0
0.6646049206214916,0.0,0.40439198075000005,0.415698153,3520.0,4609.5
0.6305605009838346,0.0,0.3388864775,0.49057803200000005,3635.0,4760.0
0.7063654601453888,0.0,0.295280582,0.4491042215,3635.0,4760.0
0.8546224152117823,0.0013256635,0.29603182,0.454895472,3635.0,4760.0
0.8745691556482971,0.11997940400000001,0.2983445925,0.484332317,3635.0,4760.0
0.8533684020194113,0.301293762,0.2700839643333333,0.46122425666666667,3635.0,4760.0
0.8540011601630173,0.3021816745,0.29329717,0.4456027435,3635.0,4760.0
0.864840521577156,0.169219436,0.2804125505,0.4594422245,3635.0,4760.0
0.8685081412483399,0.002341208,0.254358846,0.4379836223333333,3635.0,4760.0
0.7821663457951162,0.0,0.20724017733333333,0.30769993933333334,3635.0,4760.0
0.6502379207951372,0.0,0.126429987,0.19926021925,3635.0,4760.0
0.6690544946540733,0.0,0.0866238695,0.19036602949999998,3635.0,4760.0
0.7655489190930242,0.0,0.080338411,0.20173434,3635.0,4760.0
0.885490443286078,0.001633172,0.07714153900000001,0.223747994,3635.0,4760.0
0.9040572132539679,0.2266282785,0.0616950735,0.18347649100000002,3635.0,4760.0
0.8660068718301941,0.46897356349999997,0.078873707,0.1193021065,3635.0,4760.0
0.8568453780771612,0.3719370145,0.16443824550000002,0.125942531,3635.0,4760.0
0.8829167991011484,0.219864245,0.204771002,0.128012673,3635.0,4760.0
0.9009169610480475,0.0035741933333333334,0.25632641466666667,0.13178527566666667,3635.0,4760.0
0.8248029417081164,0.0,0.26571662833333337,0.15177221233333335,3635.0,4760.0
0.6714457455651288,0.0,0.24479227399999998,0.24392982000000002,3635.0,4760.0
0.6476269507396883,0.0,0.25648448749999997,0.36193718775,3635.0,4760.0
0.6958257036396581,0.0010034003333333334,0.24684168866666667,0.4715973943333333,3635.0,4760.0
0.7587249606609702,0.176436991,0.214708887,0.52834295,3635.0,4760.0
0.7582598399917366,0.3943688775,0.136159391,0.494395852,3635.0,4760.0
0.7323597675636617,0.60993465,0.0970451415,0.4456937235,3635.0,4760.0
0.726383259399659,0.5918644255000001,0.090419195,0.37901171300000003,3635.0,4760.0
0.7328660952836453,0.419972568,0.093457755,0.382929166,3635.0,4760.0
0.7696184368816961,0.1317807625,0.119739016,0.42951352350000005,3635.0,4760.0
0.7678490177054098,0.0,0.177804505,0.49862514459999996,3635.0,4760.0
0.6618162405163305,0.0,0.179636655,0.539912117,3635.0,4760.0
0.6481748736411003,0.0,0.15530864875,0.493813271,3635.0,4760.0
0.7004119285076083,0.001468471,0.147679862,0.503596398,3635.0,4760.0
0.748859930863589,0.175392609,0.148611364,0.49287647,3635.0,4760.0
0.7517077859937248,0.4028804835,0.10978307600000001,0.4253506825,3635.0,4760.0
0.7280045949100017,0.6215593365000001,0.0950706615,0.38734418449999997,3635.0,4760.0
0.716691352437547,0.6166922779999999,0.1125377855,0.414277214,3635.0,4760.0
0.7292340421006638,0.340539892,0.181832127,0.4382836135,3635.0,4760.0
0.7500936584003721,0.004645249,0.353121268,0.5574080450000001,3635.0,4760.0
0.7303004944183741,0.0,0.44716385033333333,0.6754929486666668,3635.0,4760.0
0.6736231618417046,0.0,0.506410398,0.6680951993333334,3635.0,4760.0
0.6451853775662391,0.0,0.48853550149999997,0.65211566325,3635.0,4760.0
0.8233070089461889,0.0008920036666666666,0.4682931206666667,0.6218453683333334,3635.0,4760.0
0.8792211609761342,0.25003317,0.41254749199999996,0.5679221215,3635.0,4760.0
0.8360234424874068,0.45631783499999995,0.3063166603333333,0.39271146700000004,3635.0,4760.0
0.8193476132589254,0.3484467763333334,0.31942181933333336,0.35660233733333335,3635.0,4760.0
0.8378773605124674,0.068264981,0.39525566,0.4585005335,3635.0,4760.0
0.8041004873112859,0.0,0.4354693075,0.41357314,3635.0,4760.0
0.675905222148106,0.0,0.4195568436666666,0.33947193700000006,3635.0,4760.0
0.6369306939797796,0.0,0.387005727,0.36076044874999996,3635.0,4760.0
0.803548147279432,0.0005009443333333334,0.36886230400000003,0.4146239086666667,3635.0,4760.0
0.8471419384073687,0.12373842500000001,0.3975058435,0.4478871395,3635.0,4760.0
0.827492622091897,0.316819511,0.34001585966666664,0.5341270706666666,3635.0,4760.0
0.8224298621296566,0.293833852,0.40621904,0.648139224,3635.0,4760.0
0.829570480575837,0.1678810305,0.45258815399999996,0.785698631,3635.0,4760.0
0.8201606001313871,0.0008572648,0.491582644,0.8712627846000001,3635.0,4760.0
0.6993390592816269,0.0,0.6015023740000001,0.8898035995,3635.0,4760.0
0.632941427922573,0.0,0.65695655125,0.8952924885,3635.0,4760.0
0.7040806645069102,0.0,0.6897607695,0.906551946,3635.0,4760.0
0.8457456892293694,0.000808368,0.691462138,0.913994082,3635.0,4760.0
0.8665682457944621,0.0945679725,0.66788885,0.923614281,3635.0,4760.0
0.8575544882618678,0.19983404566666665,0.5905576906666666,0.9154589966666666,3635.0,4760.0
0.8489438560163279,0.180784745,0.569010284,0.9111448136666667,3635.0,4760.0
0.8602712851986903,0.0542086285,0.5109945245,0.8896625465,3635.0,4760.0
0.8191332094589213,0.0,0.4084407445,0.7292181595,3635.0,4760.0
0.6987950508685626,0.0,0.3077292395,0.6535552715,3635.0,4760.0
0.6436948999685486,0.0,0.2208490556,0.6566258114,3635.0,4760.0
0.8333928742920116,0.00043239300000000005,0.24757009500000002,0.7574613023333333,3635.0,4760.0
0.9030205166429239,0.25934122800000003,0.240837483,0.8175553714999999,3635.0,4760.0
0.8707777669968931,0.5668737446666666,0.21173824500000002,0.7176215486666666,3635.0,4760.0
0.8533331978708756,0.463489774,0.241582802,0.7089578249999999,3635.0,4760.0
0.8671901218523121,0.178776446,0.300121814,0.7614884475,3635.0,4760.0
0.8826825679527586,0.0009989146666666666,0.4107620466666666,0.8474461356666666,3635.0,4760.0
0.8092848132440964,0.0,0.428083211,0.799334562,3635.0,4760.0
0.7070341986482664,0.0,0.4237112395,0.774698942,3635.0,4760.0
0.6456246141434994,0.0,0.34776955979999996,0.6939599766,3635.0,4760.0
0.8249122062014452,0.0,0.3082729286666667,0.6562954240000001,3635.0,4760.0
0.8927960673085742,0.1337610305,0.283665777,0.6526135815,3635.0,4760.0
0.8516043203726774,0.3975939814999999,0.2609991925,0.7654775465,3635.0,4760.0
0.834468530634574,0.3051603015,0.307522795,0.793497372,3635.0,4760.0
0.8646325790034417,0.0622878285,0.3676865745,0.878195504,3635.0,4760.0
0.8278447745621269,0.0,0.5247303055,0.88818046575,3635.0,4760.0
0.6880425834976451,0.0,0.6377213995,0.8946801879999999,3635.0,4760.0
0.6101691546914936,0.0,0.69277992,0.8900116475,3635.0,4760.0
0.5988686202780352,0.0,0.7019375436666667,0.8748461153333333,3635.0,4760.0
0.6258105790558586,0.0,0.6808879255,0.86114125,3635.0,4760.0
0.6868711322516176,0.04942344133333334,0.654849089,0.8400128316666667,3635.0,4760.0
0.70921147446043,0.1983258672,0.6049811578,0.8279660968,3635.0,4760.0
0.7128297993942538,0.1260573015,0.592867483,0.8470846665,3635.0,4760.0
0.7101119971023746,0.0005241458,0.6102524526,0.8588305084,3635.0,4760.0
0.6466903257420101,0.0,0.5965853576666666,0.8828891416666665,3635.0,4760.0
0.6156651346728857,0.0,0.6209931908571429,0.8815528062857144,3635.0,4760.0
0.6953463224224623,0.187632089,0.610631613,0.860649427,3635.0,4760.0
0.7030896474809091,0.38701772766666664,0.547705297,0.8016966856666666,3635.0,4760.0
0.7004245479305671,0.399934617,0.539991516,0.814162336,3635.0,4760.0
0.7091736606968666,0.20161316,0.492949849,0.6837990045,3635.0,4760.0
0.703522914410077,0.000407418,0.4460577498,0.5223366968,3635.0,4760.0
0.6505641950099075,0.0,0.44242106675000004,0.51311045675,3635.0,4760.0
0.6394809549723649,0.0,0.4586860623333333,0.5874543516666666,3635.0,4760.0
0.8012987627756442,0.0,0.47347609499999993,0.6434509676666667,3635.0,4760.0
0.8555264863425646,0.16808750249999999,0.45094066050000003,0.648745377,3635.0,4760.0
0.8410179453692848,0.331329905,0.37789899574999997,0.61266451425,3635.0,4760.0
0.8379544518452767,0.24243947999999998,0.351787791,0.664249517,3635.0,4760.0
0.8489683998801191,0.109246579,0.331159049,0.67330103,3635.0,4760.0
0.8504187342687395,0.0005765033333333334,0.31623280566666667,0.6542559406666667,3635.0,4760.0
0.786524416406806,0.0,0.32536829199999995,0.6835202335,3635.0,4760.0
0.6952627993833989,0.0,0.3320494355,0.705130118,3635.0,4760.0
0.6299980070467914,0.0,0.283211256,0.7076137545,3635.0,4760.0
0.7018164724191167,0.0,0.244814219,0.6468994995,3635.0,4760.0
0.8483787857031929,0.03530564433333334,0.21163234666666667,0.5743184553333334,3635.0,4760.0
0.856357369517743,0.36602965649999997,0.15676897550000002,0.5267300305,3635.0,4760.0
0.8419526741665783,0.553239835,0.12774915366666667,0.480898826,3635.0,4760.0
0.8401924515031007,0.42362017750000003,0.0918619635,0.4017488435,3635.0,4760.0
0.8609876402362876,0.212752821,0.083297778,0.338580186,3635.0,4760.0
0.8710963047687638,0.0008220279999999999,0.119813787,0.3801254926666667,3635.0,4760.0
0.8050282891086025,0.0,0.157756448,0.493768103,3635.0,4760.0
0.708615236399202,0.0,0.174451013,0.5387088584999999,3635.0,4760.0
0.6428823293328084,0.0,0.16556280625,0.4995071725,3635.0,4760.0
0.7198864512668417,0.0,0.20834573950000002,0.547128762,3635.0,4760.0
0.882240808270458,0.03226995966666667,0.24550659166666666,0.603269776,3635.0,4760.0
0.8974944250825369,0.253946711,0.217155283,0.577306951,3635.0,4760.0
0.8705799672172261,0.45004331499999994,0.157652918,0.42639539000000004,3635.0,4760.0
0.8472107351079093,0.517272108,0.14083049949999998,0.299149772,3635.0,4760.0
0.8382203681582141,0.3700530355,0.13780654850000001,0.306577403,3635.0,4760.0
0.8603423440670661,0.15934116,0.184738123,0.398390733,3635.0,4760.0
0.8759678148895946,0.000507381,0.26236891433333337,0.46102708000000003,3635.0,4760.0
0.8062185918207496,0.0,0.29050518950000004,0.4376825435,3635.0,4760.0
0.7086656473735635,0.0,0.28795530599999997,0.43708320749999996,3635.0,4760.0
0.6389775621463116,0.0,0.265844463,0.4040838925,3635.0,4760.0
0.7115638247914031,0.0,0.265242443,0.3975662445,3635.0,4760.0
0.8765082230563146,0.04273441233333333,0.27670178166666665,0.4666863783333333,3635.0,4760.0
0.8879983957146516,0.3613908305,0.19376647549999998,0.4116540785,3635.0,4760.0
0.8636637254076464,0.5317414835000001,0.14488819625,0.34770182250000004,3635.0,4760.0
0.8687682764263274,0.278153237,0.125533155,0.3042712045,3635.0,4760.0
0.8796243750004669,0.0005513240000000001,0.18403959766666667,0.33047219099999997,3635.0,4760.0
0.8080584488259543,0.0,0.1735208555,0.33033788900000005,3635.0,4760.0
0.7091455608963133,0.0,0.15271738099999999,0.29392160700000003,3635.0,4760.0
0.649164401726783,0.0,0.1194221516,0.207730743,3635.0,4760.0
0.8271372685918331,0.0,0.11665940100000001,0.21843189500000001,3635.0,4760.0
0.90543110686421,0.109216982,0.123350307,0.258051892,3635.0,4760.0
0.906124307901029,0.239865386,0.097934596,0.252074659,3635.0,4760.0
0.9063588199748688,0.41894289,0.0602193355,0.1849867965,3635.0,4760.0
0.9005315043333806,0.5473404875,0.067271733,0.215284952,3635.0,4760.0
0.8981153252328102,0.4412771215,0.0851014025,0.2592584865,3635.0,4760.0
0.916766106168242,0.203073174,0.12596378,0.305345679,3635.0,4760.0
0.9089425330145505,0.0005462136666666667,0.1984595073333333,0.4150194763333334,3635.0,4760.0
0.8227188141944951,0.0,0.221949458,0.4538244443333333,3635.0,4760.0
0.6548321520046615,0.0,0.2155361495,0.4778472295,3635.0,4760.0
0.6558434361170596,0.0,0.225542239,0.5219368773333334,3635.0,4760.0
0.7272433512623336,0.034033022,0.24242465366666666,0.519545532,3635.0,4760.0
0.7761887213536157,0.3113981,0.2159498325,0.519836784,3635.0,4760.0
0.7622085310678002,0.485748241,0.2152308865,0.484687973,3635.0,4760.0
0.7480299792020383,0.47107421699999996,0.26728754600000004,0.557309592,3635.0,4760.0
0.7558182002779839,0.321236472,0.325062976,0.637615361,3635.0,4760.0
0.7856196355802809,0.167417425,0.401198824,0.707196929,3635.0,4760.0
0.7891539496039327,0.00041919866666666666,0.5206823586666666,0.8166049546666666,3635.0,4760.0
0.7392973669883084,0.0,0.52680695975,0.8365904122500001,3635.0,4760.0
0.6534245697398919,0.0,0.5242073935,0.8472334165000001,3635.0,4760.0
0.6732262316619096,0.0,0.5192048899999999,0.8640324255,3635.0,4760.0
0.7152909114988439,0.0,0.525495308,0.8650155305,3635.0,4760.0
0.7691523403048859,0.148662842,0.511048433,0.861090434,3635.0,4760.0
0.7852151056659771,0.419002464,0.444903611,0.852053424,3635.0,4760.0
0.7715492983947229,0.665416901,0.327521366,0.7983704396666665,3635.0,4760.0
0.755159242364474,0.6577231335,0.364228698,0.8164310265,3635.0,4760.0
0.7826861726671825,0.3502946885,0.426765861,0.8708189024999999,3635.0,4760.0
0.7955367397533066,0.0002429418,0.4492895087999999,0.8743858382,3635.0,4760.0
0.711572928967835,0.0,0.38026457199999997,0.8324073267500001,3635.0,4760.0
0.7326066107022723,0.0,0.39308566775,0.83869516475,3635.0,4760.0
0.9300332090034709,0.03958892666666667,0.40504534833333333,0.8344653260000001,3635.0,4760.0
0.9480132036448994,0.351433244,0.357891675,0.830616593,3635.0,4760.0
0.9352164851231565,0.522609236,0.342403918,0.7988678,3635.0,4760.0
0.9258445796339827,0.47408801033333337,0.402789204,0.803384505,3635.0,4760.0
0.9370529267808746,0.22944313500000002,0.436758618,0.8247391545,3635.0,4760.0
0.9383086845828896,0.00035170566666666665,0.445579235,0.8696717446666667,3635.0,4760.0
0.8579123257476513,0.0,0.37517388,0.8322628995,3635.0,4760.0
0.7299398477287121,0.0,0.34847699466666665,0.7902550516666667,3635.0,4760.0
0.6874112152086157,0.0,0.30134614150000005,0.704195352,3635.0,4760.0
0.8752007753258674,0.0,0.23741874500000001,0.5857416246666667,3635.0,4760.0
0.949549973744229,0.1398827125,0.194879509,0.517810498,3635.0,4760.0
0.9422443940481884,0.35429004466666664,0.15438754133333335,0.35610179933333336,3635.0,4760.0
0.9352136906835145,0.288441795,0.140148688,0.240771862,3635.0,4760.0
0.9479721887991946,0.08774062633333334,0.118134153,0.19157773133333333,3635.0,4760.0
0.9384639022973966,0.0,0.1126151505,0.1582561215,3635.0,4760.0
0.8431182407592686,0.0,0.11321134033333334,0.16963075966666666,3635.0,4760.0
0.6863093147140116,0.0,0.1243474462,0.3167591794,3635.0,4760.0
0.7695940409133682,0.0,0.151107477,0.502545395,3635.0,4760.0
0.9316422799555992,0.021965421333333332,0.165778565,0.5881169810000001,3635.0,4760.0
0.9493568461956953,0.35832992399999997,0.1322932135,0.575763537,3635.0,4760.0
0.9298585484265987,0.5133438355,0.082289084,0.46323415850000005,3635.0,4760.0
0.9144545193129936,0.4840951625,0.068954345,0.3471189775,3635.0,4760.0
0.9326732250276596,0.246839456,0.0850426685,0.353763003,3635.0,4760.0
0.9351263234591777,0.0,0.1697675763333333,0.49314672333333337,3635.0,4760.0
0.8533477023915136,0.0,0.2030506305,0.5101024475,3635.0,4760.0
0.7485649611154266,0.0,0.2269060695,0.48834664299999997,3635.0,4760.0
0.6857025020951001,0.0,0.22458293080000002,0.47372949999999997,3635.0,4760.0
0.8054566827700474,0.0,0.229630322,0.458219008,3635.0,4760.0
0.9219648183559399,0.02795802333333333,0.236258599,0.47613890099999995,3635.0,4760.0
0.9449439215194564,0.253569983,0.20551709,0.456381473,3635.0,4760.0
0.9309645740774841,0.4572365676666667,0.12610519866666667,0.3862799163333333,3635.0,4760.0
0.9097494637728034,0.4898273125,0.093180904,0.31148226700000003,3635.0,4760.0
0.91137290619871,0.320153583,0.104110635,0.306838986,3635.0,4760.0
0.9378848744659202,0.043316569666666666,0.18186557366666667,0.3328128563333333,3635.0,4760.0
0.86962317119349,0.0,0.24890439500000003,0.354759724,3635.0,4760.0
0.7476671886102916,0.0,0.31222134,0.4713255245,3635.0,4760.0
0.6783809807563538,0.0,0.2682053474,0.4651649702,3635.0,4760.0
0.8400922505128421,0.0,0.2811381135,0.4817396435,3635.0,4760.0
0.9322658119533088,0.07710430366666667,0.2950111203333334,0.4981584536666667,3635.0,4760.0
0.9112388169330137,0.30491461999999997,0.2236105045,0.447956907,3635.0,4760.0
0.9031857883804534,0.1795555845,0.2291378075,0.3807089645,3635.0,4760.0
0.9168456814867711,0.0124758405,0.27270934425,0.395526862,3635.0,4760.0
0.8380049293852518,0.0,0.2666833655,0.414786335,3635.0,4760.0
0.6929916285195613,0.0,0.2844265463333333,0.322355651,3635.0,4760.0
0.6261987414475795,0.0,0.290636473,0.3124294665,3635.0,4760.0
0.6954876860695219,0.014992683,0.25520437650000005,0.22051853999999999,3635.0,4760.0
0.7605049810515575,0.198865364,0.24520119,0.198773047,3635.0,4760.0
0.7473862650671284,0.36324479,0.17555564499999998,0.27557850766666664,3635.0,4760.0
0.7334508007485576,0.428657649,0.146511833,0.262433103,3635.0,4760.0
0.7382450125504241,0.322062944,0.12762885699999998,0.17729757499999999,3635.0,4760.0
0.7629459110189474,0.127224754,0.124719878,0.124768701,3635.0,4760.0
0.7731357890286101,0.0,0.1621177064,0.1861906546,3635.0,4760.0
0.6900258002915184,0.0,0.20898380433333333,0.22050388399999998,3635.0,4760.0
0.6387973977321558,0.0,0.27389199375,0.294564491,3635.0,4760.0
0.6992419964930496,0.008981199,0.36854403925,0.564526114,3635.0,4760.0
0.7645033955779045,0.099231382,0.383403805,0.5849181244999999,3635.0,4760.0
0.7591309395964726,0.16589185799999998,0.3838828756666666,0.6085211863333334,3635.0,4760.0
0.7745555057120228,0.11228887900000001,0.35703657533333333,0.638249106,3635.0,4760.0
0.7865201138130904,0.0,0.27636165274999996,0.5247917355,3635.0,4760.0
0.7461800088806385,0.0,0.201585256,0.389878132,3635.0,4760.0
0.6750294355986209,0.0,0.15173410966666667,0.353432744,3635.0,4760.0
0.6743741296484654,0.0,0.12674571633333334,0.31408438866666666,3635.0,4760.0
0.8275128781346452,0.0,0.120032231,0.2820752945,3635.0,4760.0
0.9218677074950097,0.01050135,0.1374809595,0.2493715025,3635.0,4760.0
0.9219605009726779,0.1018459425,0.1785240505,0.207004242,3635.0,4760.0
0.9127027982679395,0.1987818465,0.2475691055,0.2166399915,3635.0,4760.0
0.9104922551792991,0.173066527,0.315447568,0.237745372,3635.0,4760.0
0.9191487962858151,0.075984888,0.33543250199999997,0.250556901,3635.0,4760.0
0.912494086874044,0.0,0.3322084493333333,0.2558316453333333,3635.0,4760.0
0.8137174320784372,0.0,0.3368990496666667,0.19281342466666665,3635.0,4760.0
0.6649989159073559,0.0,0.29157358975000003,0.13962719075,3635.0,4760.0
0.6756408805126722,0.0,0.26986693949999996,0.233785399,3635.0,4760.0
0.8180632012128854,0.0,0.262385349,0.287001431,3635.0,4760.0
0.9169503181260421,0.016429923,0.2580309975,0.401775573,3635.0,4760.0
0.920460014397228,0.144062197,0.268090797,0.540179706,3635.0,4760.0
0.9094224687258381,0.2700299575,0.292042305,0.6303105314999999,3635.0,4760.0
0.9008357002443127,0.246233315,0.32938044266666666,0.7804244283333334,3635.0,4760.0
0.9128863448733258,0.0863990205,0.334587218,0.8396808904999999,3635.0,4760.0
0.9145803435086405,0.0,0.36198731433333337,0.8389658529999999,3635.0,4760.0
0.8419846698525417,0.0,0.386443895,0.8052543194999999,3635.0,4760.0
0.7345272406755373,0.0,0.40330214099999995,0.797880351,3635.0,4760.0
0.664163510623798,0.0,0.385533333,0.7705782862,3635.0,4760.0
0.7651652367189548,0.0,0.367423291,0.773122935,3635.0,4760.0
0.8840553082989819,0.011574699666666667,0.36840723066666664,0.7868379226666665,3635.0,4760.0
0.8998483278248581,0.140099262,0.34298034749999995,0.7997263370000001,3635.0,4760.0
0.8819849608460196,0.2514717435,0.30581672449999997,0.7954539505,3635.0,4760.0
0.8689860217610739,0.25460925749999996,0.29576750900000004,0.790180392,3635.0,4760.0
0.8778688245512491,0.089815164,0.327053484,0.7876053845,3635.0,4760.0
0.8813878060590229,0.0,0.37855494000000006,0.8006821836666665,3635.0,4760.0
0.8051276473731317,0.0,0.42935818400000003,0.8346545435,3635.0,4760.0
0.6728470735475799,0.0,0.46313210275000005,0.8503034467499999,3635.0,4760.0
0.6466384139788195,0.0,0.5327880183333333,0.8745042193333333,3635.0,4760.0
0.7848037005108899,0.0,0.6027141945000001,0.8932390299999999,3635.0,4760.0
0.8811996760272749,0.0165667825,0.664899767,0.9096695085,3635.0,4760.0
0.880151801607042,0.187917182,0.67702513,0.911737164,3635.0,4760.0
0.8583066315127483,0.40008661874999996,0.60031886525,0.8788778972500001,3635.0,4760.0
0.8479169769305521,0.282340465,0.553085281,0.8426790024999999,3635.0,4760.0
0.8613865369279783,0.02322453425,0.55678681975,0.820612818,3635.0,4760.0
0.7950835509120853,0.0,0.533583802,0.828388142,3635.0,4760.0
0.6810726039516344,0.0,0.4643209973333334,0.8263060973333333,3635.0,4760.0
0.6295652997732922,0.0,0.408405548,0.8447681226666667,3635.0,4760.0
0.7062813161478606,0.0,0.343711039,0.79625568,3635.0,4760.0
0.867705054709107,0.0024469396666666667,0.315303289,0.748181044,3635.0,4760.0
0.8836040563601916,0.187898025,0.2870319605,0.7145275585,3635.0,4760.0
0.8732421762844601,0.299414458,0.28541470566666666,0.7106955656666667,3635.0,4760.0
0.8718255379156119,0.2414729365,0.269696663,0.7595733355000001,3635.0,4760.0
0.8939041332419161,0.10221077,0.267322114,0.752447049,3635.0,4760.0
0.8991896064597222,0.0,0.2813685793333333,0.681264285,3635.0,4760.0
0.8094756342477192,0.0,0.28015682033333333,0.6157637826666665,3635.0,4760.0
0.6427618094125921,0.0,0.30599790833333335,0.7570944430000001,3879.1666666666665,5080.0
0.7020338850270358,0.005878452,0.351303678,0.8590980699999999,3928.0,5144.0
0.7694396807731936,0.11717618499999999,0.40078908950000003,0.887279151,3928.0,5144.0
0.7527650196151505,0.14394546049999998,0.443544313,0.87568099725,3928.0,5144.0
0.7623687018545237,0.0317651465,0.490127965,0.8637194695,3928.0,5144.0
0.7527590581152291,0.0,0.5533145648,0.8599705075999999,3928.0,5144.0
0.6836039321482505,0.0,0.5772017165,0.8596443275,3928.0,5144.0
0.608490344430928,0.0,0.62297174525,0.8725536039999999,3928.0,5144.0
0.6285592681602571,0.0,0.6415816936666666,0.8731466176666668,3928.0,5144.0
0.7033050863044914,0.0068665340000000005,0.6240379883333333,0.8709701143333334,3928.0,5144.0
0.7193421655814215,0.04241016075,0.53813479625,0.8587211290000001,3928.0,5144.0
0.725125601617615,0.026258035666666665,0.563244289,0.8675737346666667,3928.0,5144.0
0.715948680717543,0.0,0.606276816,0.876699475,3928.0,5144.0
0.6645856736594494,0.0,0.601881856,0.882515722,3928.0,5144.0
0.6392618974429246,0.0,0.6076822305,0.8794266655,3928.0,5144.0
0.7829649522913877,0.0,0.6063266945,0.8839016074999999,3928.0,5144.0
0.8755961086564942,0.01840125,0.61020721,0.8779577066666667,3928.0,5144.0
0.8671891903386846,0.08614484350000001,0.6059892929999999,0.885162887,3928.0,5144.0
0.8638143521702496,0.12040394066666667,0.6816634663333333,0.9065039326666667,3928.0,5144.0
0.8724622289986423,0.0607609305,0.7339877210000001,0.913399544,3928.0,5144.0
0.8745756464621163,0.0,0.7212716496666666,0.9017596526666667,3928.0,5144.0
0.8100442827030276,0.0,0.6505545265,0.8526514140000001,3928.0,5144.0
0.6899773483541307,0.0,0.4976006216666667,0.663340174,3928.0,5144.0
0.6442683876697177,0.0,0.4139987295,0.45912289875,3928.0,5144.0
0.792565573955215,0.0,0.30031053750000003,0.2749915985,3928.0,5144.0
0.9125086949636899,0.006897904,0.228765843,0.1745129255,3928.0,5144.0
0.9013630972549218,0.135488655,0.15719367350000002,0.0714480735,3928.0,5144.0
0.885116652283768,0.29964817525000004,0.11135648175,0.08078241574999999,3928.0,5144.0
0.9053512210917585,0.12909625600000002,0.0848118165,0.1219839735,3928.0,5144.0
0.9244772507599816,0.0,0.09514413933333334,0.24009439166666668,3928.0,5144.0
0.8581317122411478,0.0,0.12399919599999999,0.38509972800000003,3928.0,5144.0
0.7183234221719291,0.0,0.160072778,0.5106727313333334,3928.0,5144.0
0.6618168578385749,0.0,0.18248592675,0.59549434975,3928.0,5144.0
0.809260106771226,0.0,0.1777960955,0.6153730065,3928.0,5144.0
0.9273435877272554,0.011845045,0.19851109,0.6574688310000001,3928.0,5144.0
0.9221380150630103,0.118727931,0.202903215,0.659283661,3928.0,5144.0
0.9094932614836203,0.243756938,0.17902690500000001,0.6103013685,3928.0,5144.0
0.8924001868575369,0.26884171133333334,0.1900157206666667,0.6888861816666667,3928.0,5144.0
0.9000171481423418,0.079132357,0.2706604525,0.7426476375,3928.0,5144.0
0.9001904336373104,0.0,0.3737793056666667,0.7913009893333335,3928.0,5144.0
0.8006532448222847,0.0,0.4351745066666666,0.8053847853333332,3928.0,5144.0
0.6441294857607833,0.0,0.45361322475,0.744442495,3928.0,5144.0
0.6545785556706626,0.0,0.4446794785,0.7317922189999999,3928.0,5144.0
0.786499443772722,0.0,0.4182255105,0.705501149,3928.0,5144.0
0.8891866135816586,0.0043253935,0.3844771715,0.735710982,3928.0,5144.0
0.8832406448099801,0.048201887,0.3401767055,0.744027022,3928.0,5144.0
0.871197518535006,0.13972407450000002,0.42201529375,0.8206399127500001,3928.0,5144.0
0.8773312256221545,0.0592231445,0.3565667095,0.819149194,3928.0,5144.0
0.8659910809733673,0.0,0.35416057349999996,0.795040989,3928.0,5144.0
0.7691345090727986,0.0,0.3753799505,0.8076606595,3928.0,5144.0
0.6476353230149662,0.0,0.3850745546666667,0.8307252423333334,3928.0,5144.0
0.6462935433901849,0.0,0.415585637,0.8707130633333334,3928.0,5144.0
0.786267127351724,0.0,0.4710438415,0.882799637,3928.0,5144.0
0.888922116710827,0.0068809655,0.5253880989999999,0.8815573905,3928.0,5144.0
0.8822915519379,0.115927315,0.564656857,0.887073921,3928.0,5144.0
0.87782881512472,0.2300298375,0.621893341,0.8955382255,3928.0,5144.0
0.8783508450401829,0.23784992900000002,0.676543476,0.889301014,3928.0,5144.0
0.8990347436605801,0.1164500655,0.7541156275,0.9098214204999999,3928.0,5144.0
0.9042856189240792,0.0,0.8009718966666667,0.9166910443333333,3928.0,5144.0
0.8227983007926198,0.0,0.7699797696666666,0.9254937929999999,3928.0,5144.0
0.6517834401977171,0.0,0.7265553645,0.925037879,3928.0,5144.0
0.633786360972718,0.0,0.711667957,0.9300197946666667,3928.0,5144.0
0.730675645662421,0.05116999033333333,0.7099783243333334,0.925499505,3928.0,5144.0
0.7456359339019607,0.2152529115,0.6823794095,0.9226677135,3928.0,5144.0
0.7434109749540301,0.1615337115,0.74652790125,0.9310567015,3928.0,5144.0
0.7669991943909531,0.034064004,0.7443144,0.923620528,3928.0,5144.0
0.7574115099776884,0.0,0.7741645383333333,0.899180548,3928.0,5144.0
0.7065351897035951,0.0,0.8238689195,0.90592212225,3928.0,5144.0
0.6169061303430484,0.0,0.860325549,0.924048267,3928.0,5144.0
0.6197952368571389,0.0,0.8684790532,0.9293524904,3928.0,5144.0
0.7095843339339264,0.005030371,0.8717197889999999,0.9227409265,3928.0,5144.0
0.7429939808943485,0.133161761,0.875949335,0.927351391,3928.0,5144.0
0.7431478752777094,0.25712379949999997,0.8600328429999999,0.9266523945,3928.0,5144.0
0.7419574765052234,0.300972164,0.880849372,0.9344404756666665,3928.0,5144.0
0.7579709471019569,0.149909777,0.86382121,0.930042389,3928.0,5144.0
0.7562181970284481,0.0,0.7612981148,0.9124796984,3928.0,5144.0
0.6837605692542432,0.0,0.5871137813333334,0.811496136,3928.0,5144.0
0.6537842775591185,0.0,0.521942584,0.7202285485,3928.0,5144.0
0.8075015992226666,0.0,0.4632653585,0.6675723855,3928.0,5144.0
0.9273339180468301,0.0060165695,0.40961044550000003,0.594639404,3928.0,5144.0
0.921425785169883,0.21683466550000002,0.360237843,0.4701145295,3928.0,5144.0
0.9061506851961093,0.38905035833333335,0.3514419403333333,0.38512056166666664,3928.0,5144.0
0.9088233474775658,0.2687856595,0.2887691925,0.304330897,3928.0,5144.0
0.9348253508425476,0.08448908,0.253036353,0.270420135,3928.0,5144.0
0.9346481619872472,0.0,0.23657699933333332,0.23620171633333334,3928.0,5144.0
0.8541812469594742,0.0,0.17342664233333335,0.15297621600000003,3928.0,5144.0
0.6884458714443993,0.0,0.1463954305,0.1023161695,3928.0,5144.0
0.6803979106104586,0.0,0.124809989,0.09935871774999999,3928.0,5144.0
0.8509766780116074,0.0,0.1330354725,0.156289367,3928.0,5144.0
0.9604461112733699,0.006813493,0.128152414,0.1884135375,3928.0,5144.0
0.9527053070859235,0.23129142200000002,0.095218999,0.2274597435,3928.0,5144.0
0.9305063951218436,0.44426379075,0.07855307750000001,0.21145322449999998,3928.0,5144.0
0.9422057152927401,0.2233319685,0.0883606275,0.196423821,3928.0,5144.0
0.9579476067579571,0.0,0.13715770233333333,0.34057213,3928.0,5144.0
0.8762369396819777,0.0,0.15078197699999998,0.395946028,3928.0,5144.0
0.7069799730002306,0.0,0.15384365633333333,0.40874203783333335,3928.0,5144.0
0.8713630786054136,0.0,0.1523520515,0.3209592765,3928.0,5144.0
0.9780334339600804,0.06784267033333334,0.14906433666666666,0.34655571133333335,3928.0,5144.0
0.9704887882923106,0.368825312,0.1001414095,0.3170728265,3928.0,5144.0
0.9580547717262768,0.48332804,0.0859029525,0.2450354085,3928.0,5144.0
0.9582049623280324,0.3744645445,0.0946349435,0.2805910185,3928.0,5144.0
0.981981563134624,0.114048723,0.146601654,0.373329053,3928.0,5144.0
0.9776617572891991,0.0,0.2165198633333333,0.518175392,3928.0,5144.0
0.9084868158814021,0.0,0.2533816295,0.6273254294999999,3928.0,5144.0
0.765371966870465,0.0,0.2792267703333333,0.6983350663333333,3928.0,5144.0
0.7130746908442617,0.0,0.33951473050000003,0.7649645850000001,3928.0,5144.0
0.8708883325990836,0.0,0.3820828375,0.794306357,3928.0,5144.0
0.9759122393212886,0.0041919175,0.3987140205,0.803369778,3928.0,5144.0
0.9786258278124123,0.21314123899999998,0.3244513245,0.734786232,3928.0,5144.0
0.9691758255037599,0.315515273,0.28203364433333333,0.6884809413333333,3928.0,5144.0
0.9688808262439985,0.21567437499999997,0.3134282755,0.6896691275,3928.0,5144.0
0.980406979261607,0.01044329175,0.37044791125,0.6861127462500001,3928.0,5144.0
0.90939643159876,0.0,0.31214979499999995,0.6413610755,3928.0,5144.0
0.7669240842836555,0.0,0.22625942533333335,0.459830915,3928.0,5144.0
0.714605106914093,0.0,0.2120212755,0.326958279,3928.0,5144.0
0.8702764810695303,0.0,0.18337277600000002,0.240282432,3928.0,5144.0
0.9748294120820038,0.004261306,0.1884261865,0.2947361095,3928.0,5144.0
0.9787950916644252,0.353027386,0.13324700849999999,0.2721327535,3928.0,5144.0
0.9721221814084592,0.5813451173333334,0.10966487966666667,0.13564292866666666,3928.0,5144.0
0.9728528930881046,0.439041365,0.1391831275,0.13534068300000002,3928.0,5144.0
0.983498461626606,0.035221866,0.18187511274999998,0.20749822774999999,3928.0,5144.0
0.9098632821640216,0.0,0.167958193,0.3454367295,3928.0,5144.0
0.7546553246571683,0.0,0.16118407599999998,0.535696828,3928.0,5144.0
0.6886485444917894,0.0,0.19293720000000003,0.6903588495999999,3928.0,5144.0
0.7649692407577372,0.0036897703333333334,0.2599926066666667,0.8202383133333333,3928.0,5144.0
0.8163718934988254,0.148833592,0.291280571,0.845080962,3928.0,5144.0
0.8152920381737387,0.2255545495,0.28878974925,0.83971549025,3928.0,5144.0
0.8279467128305317,0.06663916666666667,0.37409354133333333,0.8426595256666666,3928.0,5144.0
0.8278892329153569,0.0,0.48042582179999993,0.8625611952,3928.0,5144.0
0.7207176153168496,0.0,0.4309478066666667,0.7661735586666666,3928.0,5144.0
0.6541985104619645,0.0,0.317601985,0.65914743825,3928.0,5144.0
0.7180098006123043,0.0004562245,0.2044392035,0.49344396874999996,3928.0,5144.0
0.7893706747215206,0.0665156015,0.175861264,0.5023592514999999,3928.0,5144.0
0.783594235861828,0.12789705099999998,0.1929426365,0.5668856449999999,3928.0,5144.0
0.7791602863226593,0.1234857395,0.194414084,0.676728318,3928.0,5144.0
0.8004141641200662,0.044752140499999996,0.236244036,0.7763572605,3928.0,5144.0
0.8092493872945493,0.0,0.31947601666666664,0.8397892389999999,3928.0,5144.0
0.7830324627316698,0.0,0.415494529,0.8634535295,3928.0,5144.0
0.7020208072884383,0.0,0.462232953,0.8571415776666665,3928.0,5144.0
0.6658076763425637,0.0,0.45090065749999997,0.83157265025,3928.0,5144.0
0.8272595146790533,0.0,0.42663849350000005,0.701744693,3928.0,5144.0
0.9380128573110147,0.05454018066666667,0.3655660783333334,0.599930985,3928.0,5144.0
0.9201422454961589,0.32031798,0.2801090465,0.5168420805,3928.0,5144.0
0.9056441947826793,0.3575275485,0.29192142,0.567286543,3928.0,5144.0
0.9086826491322999,0.22211706950000001,0.2503707225,0.6196277754999999,3928.0,5144.0
0.9435599146942599,0.06495823,0.232565251,0.649238584,3928.0,5144.0
0.9405745548497008,0.0,0.253542015,0.715018606,3928.0,5144.0
0.8564497194440088,0.0,0.2970509456666666,0.777513263,3928.0,5144.0
0.68369737623097,0.0,0.3565445938333333,0.8386449973333333,3928.0,5144.0
0.8463641941818212,0.0,0.46198537100000003,0.8711616645,3928.0,5144.0
0.952474166117482,0.0046799055,0.556608659,0.8964174254999999,3928.0,5144.0
0.9491850097219252,0.224735279,0.576041555,0.8998880055,3928.0,5144.0
0.9223448044064527,0.3439382195,0.5882891004999999,0.9162137319999999,3928.0,5144.0
0.9288290818535889,0.107129156,0.6717153410000001,0.9277697495,3928.0,5144.0
0.9389098610297153,0.0,0.696967111,0.9245040185,3928.0,5144.0
0.8673972512287693,0.0,0.6778944153333334,0.9016720936666666,3928.0,5144.0
0.729229584279987,0.0,0.6066808109999999,0.876215958,3928.0,5144.0
0.6474265199106973,0.0,0.5408772526,0.8582587549999999,3928.0,5144.0
0.794412661150315,0.0,0.460788557,0.8258771069999999,3928.0,5144.0
0.9147932243903346,0.035992360333333334,0.41686339933333333,0.8225323956666667,3928.0,5144.0
0.9061769145788527,0.234104272,0.335196975,0.7432081505000001,3928.0,5144.0
0.9059103772315202,0.26062482625,0.388942259,0.7341384615,3928.0,5144.0
0.9296814335021564,0.02058520175,0.43552179975,0.8031065264999999,3928.0,5144.0
0.8595193119896273,0.0,0.474359632,0.8645762880000001,3928.0,5144.0
0.7162031590298913,0.0,0.4757581823333334,0.901107768,3928.0,5144.0
0.6663458851949113,0.0,0.4648178505,0.8775277622500001,3928.0,5144.0
0.8205494633754954,0.0,0.4699936425,0.8526616364999999,3928.0,5144.0
0.9311824967686726,0.0026504105,0.4721169795,0.8326898055,3928.0,5144.0
0.9267952988668298,0.1824688875,0.45232049350000003,0.807759857,3928.0,5144.0
0.9060860727543532,0.2800210076,0.44724439700000007,0.797504502,3928.0,5144.0
0.918397355323249,0.02243101625,0.44863335775,0.8404514025,3928.0,5144.0
0.847720167822698,0.0,0.535868513,0.8749724605,3928.0,5144.0
0.7313207644414537,0.0,0.6055113005,0.8819990165,3928.0,5144.0
0.6470922948054494,0.0,0.6553571892,0.8798610642,3928.0,5144.0
0.7897206463453283,0.0,0.7169994295,0.8762123344999999,3928.0,5144.0
0.8915597522676836,0.010232881666666667,0.7301181336666667,0.8784431736666667,3928.0,5144.0
0.8835110410646385,0.056378527,0.7001262085,0.8745503565,3928.0,5144.0
0.8797347410070571,0.05099768674999999,0.6866843195,0.86388598925,3928.0,5144.0
0.8873869877449374,0.00374201725,0.68107851375,0.87398225475,3928.0,5144.0
0.8131558806649233,0.0,0.6858988635000001,0.876522393,3928.0,5144.0
0.6749052082352686,0.0,0.6704497749999999,0.8765160726666666,3928.0,5144.0
0.6036538720952193,0.0,0.644743627,0.86846866075,3928.0,5144.0
0.6376388652940506,0.0,0.5836686175000001,0.849797092,3928.0,5144.0
0.7143367029623419,0.016477738000000002,0.5426305653333333,0.8260310173333334,3928.0,5144.0
0.7321071138038125,0.1180952995,0.4304126115,0.7074793315,3928.0,5144.0
0.726771858028158,0.16253876166666667,0.45826350433333335,0.7020637506666666,3928.0,5144.0
0.7460295965116184,0.074351874,0.387534341,0.6575985135,3928.0,5144.0
0.7476065357139572,0.0,0.3227962546,0.5753979144000001,3928.0,5144.0
0.6679871551829377,0.0,0.25222943433333334,0.5384272016666666,3928.0,5144.0
0.6211825778450837,0.0,0.272596311,0.6230767113333333,3928.0,5144.0
0.7228216440422212,0.017150458333333334,0.36931106166666666,0.7133467406666666,3928.0,5144.0
0.7397268695620065,0.131231667,0.4304622885,0.725044529,3928.0,5144.0
0.7237779780719147,0.13108216625000002,0.49182209225,0.7308379620000001,3928.0,5144.0
0.7330542549619797,0.032848602,0.479392187,0.72430216,3928.0,5144.0
0.730116977459574,0.0,0.4663542356666667,0.704709088,3928.0,5144.0
0.7115130146258413,0.0,0.45566574800000004,0.667456547,3928.0,5144.0
0.6699946940395906,0.0,0.40868012766666667,0.5423910676666667,3928.0,5144.0
0.6435156714821052,0.0,0.35964988425,0.36253955425,3928.0,5144.0
0.791836843484208,0.0,0.27848765750000004,0.23807986650000001,3928.0,5144.0
0.909962492549961,0.017475969,0.22199105133333333,0.19257930666666667,3928.0,5144.0
0.9050788287292382,0.1242985605,0.174127286,0.164704417,3928.0,5144.0
0.9030174560420681,0.18327579300000002,0.18904778849999998,0.1470806265,3928.0,5144.0
0.9056503159843909,0.144109873,0.20268563750000002,0.143726743,3928.0,5144.0
0.921436829898465,0.041407133,0.203935861,0.153791989,3928.0,5144.0
0.9296890923864142,0.0,0.21712346033333332,0.17992372066666665,3928.0,5144.0
0.8610291873706729,0.0,0.230338433,0.22648999266666667,3928.0,5144.0
0.6952693715270679,0.0,0.197806442,0.21918879433333335,3928.0,5144.0
0.7039361736765078,0.0,0.16997790366666665,0.21913165166666668,3928.0,5144.0
0.8657939613103502,0.0,0.172447355,0.26777743600000004,3928.0,5144.0
0.9749594205634325,0.07529415099999999,0.15547422466666666,0.30176948666666664,3928.0,5144.0
0.9654670283946655,0.4433824575,0.06282848299999999,0.248289242,3928.0,5144.0
0.9487414165745888,0.5821915510000001,0.051660250666666664,0.16394875499999997,3928.0,5144.0
0.965214552058752,0.29219187,0.1016496325,0.16643467,3928.0,5144.0
0.9768777144211308,0.0,0.1709921173333333,0.2574143703333333,3928.0,5144.0
0.8911271300108746,0.0,0.158664273,0.24632826033333333,3928.0,5144.0
0.7124687608955097,0.0,0.13496834224999998,0.16945739425,3928.0,5144.0
0.7256306874037955,0.0,0.1285071965,0.174002481,3928.0,5144.0
0.8695145720694485,0.0,0.1440942025,0.15516691700000002,3928.0,5144.0
0.9746892460085449,0.003383923,0.157648234,0.1715155425,3928.0,5144.0
0.9805837171412034,0.219596016,0.147786381,0.169274827,3928.0,5144.0
0.9777874483873659,0.4815989075,0.098766929,0.137028344,3928.0,5144.0
0.9674119656749107,0.6280746660000001,0.0478508795,0.07979283649999999,3928.0,5144.0
0.963009642243345,0.472053572,0.0515975125,0.0875889335,3928.0,5144.0
0.9845932651334104,0.145955976,0.09182426,0.122575563,3928.0,5144.0
0.9786651275263253,0.0,0.13139132633333334,0.13868356999999998,3928.0,5144.0
0.8919197780157542,0.0,0.12384129233333334,0.1508300803333333,3928.0,5144.0
0.7170948325555995,0.0,0.08601012933333334,0.09180957016666667,3928.0,5144.0
0.8698689792916485,0.0,0.062031757,0.05999029,3928.0,5144.0
0.9770462389814348,0.061658152,0.057087702,0.046657365,3928.0,5144.0
0.9771924966775125,0.341086063,0.0425019285,0.0515216075,3928.0,5144.0
0.967153412497488,0.4079958723333334,0.016454385,0.03747715666666667,3928.0,5144.0
0.976419365474293,0.1821193085,0.0207339395,0.032402446,3928.0,5144.0
0.9794635418512984,0.0,0.028298682000000002,0.028940518,3928.0,5144.0
0.8918182019604656,0.0,0.040189808,0.019525269666666664,3928.0,5144.0
0.7220411497034871,0.0,0.042683182,0.0186916775,3928.0,5144.0
0.7146463694193143,0.0,0.043799530749999996,0.04233703375,3928.0,5144.0
0.8716697584345721,0.0,0.053966097500000004,0.0637552365,3928.0,5144.0
0.9769947117127019,0.001736985,0.0579366075,0.073793838,3928.0,5144.0
0.9792201585131804,0.091261102,0.052031433,0.05943293399999999,3928.0,5144.0
0.9709023817096846,0.183947369,0.049784204,0.055663458666666665,3928.0,5144.0
0.9680625403201146,0.1406800645,0.072491773,0.1171868665,3928.0,5144.0
0.9811746767871935,0.026589649,0.09003375150000001,0.151041221,3928.0,5144.0
0.9474330225494043,0.0,0.10214911133333333,0.152853975,3928.0,5144.0
0.8570899589720062,0.0,0.093006592,0.1192326475,3928.0,5144.0
0.6865012003253675,0.0,0.08823059650000001,0.109197447,3928.0,5144.0
0.6568105893790464,0.0,0.0941511645,0.139621135,3928.0,5144.0
0.6750658225818312,0.0,0.10924938775,0.20517049350000002,3928.0,5144.0
0.7757282876460051,0.041284491666666666,0.10825773833333334,0.27675239833333337,3928.0,5144.0
0.8011823273518462,0.24054523,0.090124713,0.39255614299999997,3928.0,5144.0
0.7940678792145911,0.32387947799999994,0.118189086,0.45815839075,3928.0,5144.0
0.8172197651803618,0.064204396,0.1708639085,0.5078839749999999,3928.0,5144.0
0.8005142319959712,0.0,0.19083989066666665,0.450882167,3928.0,5144.0
0.7677658051506407,0.0,0.17861187950000001,0.3274298055,3928.0,5144.0
0.6566267434055699,0.0,0.16744564549999996,0.23465767975,3928.0,5144.0
0.6502556965980634,0.0,0.15430692000000001,0.1704558235,3928.0,5144.0
0.7192303321109925,0.00110213075,0.1381336705,0.13602464425,3928.0,5144.0
0.7905577393582558,0.093756508,0.142425187,0.149864494,3928.0,5144.0
0.7853381058091424,0.189874708,0.1178041595,0.183068221,3928.0,5144.0
0.7685206172101684,0.28034211533333336,0.12288944,0.24429091633333333,3928.0,5144.0
0.782354076669411,0.17002993,0.145900415,0.268471865,3928.0,5144.0
0.8015329199847392,0.0,0.168033038,0.303574712,3928.0,5144.0
0.779772781007652,0.0,0.16484278724999998,0.277152002,3928.0,5144.0
0.6950117794086182,0.0,0.143515743,0.20162028099999998,3928.0,5144.0
0.6576472167110903,0.0,0.1466973505,0.20923711425,3928.0,5144.0
0.8079499088600983,0.0,0.149653857,0.20364511600000001,3928.0,5144.0
0.9277961111958146,0.0022743325,0.1515035065,0.184591236,3928.0,5144.0
0.9313330866122486,0.107958924,0.143987334,0.169860257,3928.0,5144.0
0.9235859837991549,0.2111760775,0.0950693105,0.13602506749999999,3928.0,5144.0
0.9181949573108004,0.28660718399999996,0.09924590450000001,0.135520847,3928.0,5144.0
0.9149350316731637,0.2188020825,0.110826067,0.15693708750000002,3928.0,5144.0
0.9336603756629762,0.098259808,0.135795697,0.198742159,3928.0,5144.0
0.9235716123759973,0.0,0.15667868933333332,0.22662984,3928.0,5144.0
0.8496344548522972,0.0,0.1510827995,0.2394851855,3928.0,5144.0
0.7323821897476528,0.0,0.141544595,0.23179484150000002,3928.0,5144.0
