Demand,Avail_Sol,Avail_Wind_On,Avail_Wind_Off,Hyd_In,HydRoR_In
0.7942143631078066,0.0,0.354335471,0.8165296485999999,0.0,1323.0
0.8828853130363736,0.0,0.3536602035,0.7910237815000001,0.0,1323.0
0.8771716450558927,0.001285109,0.3258465333333333,0.7160175166666667,0.0,1323.0
0.8771970579093502,0.011516263499999999,0.261694456,0.653310761,0.0,1323.0
0.8774233299266284,0.004704287666666667,0.274145187,0.6691970546666667,0.0,1323.0
0.8876811548419599,0.0,0.278905167,0.6632161345,0.0,1323.0
0.8636805758955834,0.0,0.2608106512,0.5632210019999999,0.0,1323.0
0.772258415391633,0.0,0.254028414,0.4451958935,0.0,1323.0
0.7782262670324123,0.0,0.26714308740000003,0.4198964178,0.0,1323.0
0.8718151613229203,0.0,0.221158166,0.402726409,0.0,1323.0
0.8656227544819964,0.0014429563333333334,0.19838142333333333,0.3480153816666666,0.0,1323.0
0.867849390649579,0.0156197145,0.1905607885,0.3002568075,0.0,1323.0
0.8696344053868342,0.008475963000000001,0.19562601533333332,0.38296758866666664,0.0,1323.0
0.8789332030170445,0.0,0.21901389599999999,0.5083657005,0.0,1323.0
0.8707996285058237,0.0,0.23416119766666665,0.5737547713333333,0.0,1323.0
0.8108926329677386,0.0,0.275757054,0.6620724206666667,0.0,1323.0
0.762007749108763,0.0,0.3594889685,0.7552534015000001,0.0,1323.0
0.7841533452301894,0.0,0.428340075,0.65902165625,0.0,1323.0
0.8701281669963881,0.0,0.43372494349999996,0.472071149,0.0,1323.0
0.8682460710698257,0.0136742625,0.3530631605,0.3955022555,0.0,1323.0
0.868151008586528,0.0243290035,0.284214399,0.368018435,0.0,1323.0
0.8700958221615926,0.0023777585,0.2243295795,0.4370988065,0.0,1323.0
0.8818829245255566,0.0,0.17356795566666663,0.479399619,0.0,1323.0
0.8538253789344032,0.0,0.12749628425,0.4284007855,0.0,1323.0
0.7753661596268027,0.0,0.10332590350000001,0.366863434,0.0,1323.0
0.7857273376838649,0.0,0.1072543732,0.40478508360000004,0.0,1323.0
0.8756842268394049,0.0,0.13417740449999999,0.5384001515000001,0.0,1323.0
0.8736404075204214,0.0076093985000000005,0.1545580265,0.6306600904999999,0.0,1323.0
0.8726422753613992,0.00815219825,0.21035869725,0.7235696255,0.0,1323.0
0.883090037774189,0.0,0.2715085875,0.7654805675,0.0,1323.0
0.8744922765509581,0.0,0.31235278066666666,0.8140998083333333,0.0,1323.0
0.8339086215084462,0.0,0.3743503265,0.8602342525,0.0,1323.0
0.767059825480748,0.0,0.42632831225,0.83324102275,0.0,1323.0
0.7967301583615821,0.0,0.460653936,0.76151145,0.0,1323.0
0.8721824546273822,0.0,0.4768365105,0.696440584,0.0,1323.0
0.8648347453174186,0.0014413380000000001,0.488421188,0.6653703609999999,0.0,1323.0
0.8654538170708734,0.011720239,0.449035505,0.5656547095,0.0,1323.0
0.8691403623130571,0.003554551,0.44075028274999994,0.4560937475,0.0,1323.0
0.8727599649734792,0.0,0.39036780325000003,0.32880890175,0.0,1323.0
0.8306898304148586,0.0,0.346739331,0.33096132300000003,0.0,1323.0
0.7625284095694876,0.0,0.3222176643333333,0.4198263903333334,0.0,1323.0
0.7545636550797388,0.0,0.30128054325,0.562720681,0.0,1323.0
0.785803547357943,0.0,0.281978336,0.6411118760000001,0.0,1323.0
0.8273922820677192,0.001251168,0.2651263236666666,0.673603117,0.0,1323.0
0.8358084624985835,0.0115233935,0.23203008349999998,0.674274007,0.0,1323.0
0.8380334868901054,0.008154431,0.2506036445,0.7860157655,0.0,1323.0
0.8564942865781575,0.0,0.2785571265,0.86986688,0.0,1323.0
0.8688521705634403,0.0,0.33348082749999997,0.907730698,0.0,1323.0
0.8441967025772854,0.0,0.5092575392500001,0.9217232325,0.0,1323.0
0.7824953112900846,0.0,0.6390848370000001,0.9275320690000001,0.0,1323.0
0.7756379207330518,0.0,0.70244661825,0.931507209,0.0,1323.0
0.8214194810437432,0.0,0.7273078345,0.93242367625,0.0,1323.0
0.8497820795087053,0.061022613,0.709344915,0.927369564,0.0,1323.0
0.8467477799289516,0.2322059695,0.7186067975,0.9044048675,0.0,1323.0
0.8471417843028256,0.103887788,0.6868412975,0.8826304955,0.0,1323.0
0.8620859773846433,0.0,0.636872868,0.8142684835,0.0,1323.0
0.8713335117410099,0.0,0.5404682705,0.740378526,0.0,1323.0
0.8437977923789135,0.0,0.43311436049999996,0.6365646644999999,0.0,1323.0
0.7771296149444316,0.0,0.49302648325000004,0.78574330625,0.0,1323.0
0.8095990636218627,0.0,0.6216128413333334,0.9079097833333334,0.0,1323.0
0.8885963836470792,0.0,0.657696904,0.9205736185,0.0,1323.0
0.8856922765369525,0.021768274333333334,0.647355342,0.9209688433333333,0.0,1323.0
0.886770151543241,0.24601820766666668,0.5904039849999999,0.860448511,0.0,1323.0
0.893984351148991,0.022527414,0.56244816,0.798550427,0.0,1323.0
0.9026037535425642,0.0,0.5301727015,0.7466521070000001,0.0,1323.0
0.877203817427419,0.0,0.5352184735,0.6946815247499999,0.0,1323.0
0.7844430510093134,0.0,0.5262281105,0.61223745225,0.0,1323.0
0.8076616362682502,0.0,0.4406732656666667,0.5075831113333334,0.0,1323.0
0.8844656500333569,0.0,0.358465863,0.524792133,0.0,1323.0
0.8815562851381941,0.012168733000000001,0.29386933200000004,0.51726369,0.0,1323.0
0.8785570373892101,0.16397181033333333,0.20514766033333331,0.5146294456666667,0.0,1323.0
0.8815525609736587,0.032615887499999996,0.17026300249999998,0.470611962,0.0,1323.0
0.8956191749719397,0.0,0.133673013,0.291491316,0.0,1323.0
0.8734683327367074,0.0,0.12059692425,0.1305140785,0.0,1323.0
0.7870834634485333,0.0,0.1320175965,0.14040100025000002,0.0,1323.0
0.8171689141672426,0.0,0.12323600633333333,0.11571370166666667,0.0,1323.0
0.8921849089995769,0.0,0.11323867700000001,0.06939870199999999,0.0,1323.0
0.8883896404116688,0.016134237333333332,0.100435432,0.030577154999999998,0.0,1323.0
0.8909574531091791,0.1098080165,0.1038717655,0.0308552715,0.0,1323.0
0.8907810828958904,0.0511618895,0.09536756499999999,0.023463946,0.0,1323.0
0.898140137266936,0.0,0.0846301985,0.031774954,0.0,1323.0
0.9003889157904147,0.0,0.06699661025,0.041643725,0.0,1323.0
0.8438631390762449,0.0,0.047640951666666674,0.036996232999999996,0.0,1323.0
0.807350950202199,0.0,0.03831573466666666,0.067311981,0.0,1323.0
0.8961931878567291,0.0,0.04647190599999999,0.1032303755,0.0,1323.0
0.8940448468870276,0.0188676725,0.057058375499999994,0.1655134225,0.0,1323.0
0.894695196182951,0.0143336342,0.0626403392,0.19045833559999997,0.0,1323.0
0.9035296852826848,0.0,0.090066644,0.24381216249999998,0.0,1323.0
0.8792164423614497,0.0,0.12227047325,0.34552878649999996,0.0,1323.0
0.7954322701394634,0.0,0.1688800615,0.382029183,0.0,1323.0
0.8059127060780717,0.0,0.1993819972,0.4328396636,0.0,1323.0
0.8949109947820555,0.0,0.2274536655,0.460551596,0.0,1323.0
0.8937856199005495,0.0332278,0.253481187,0.4829164865,0.0,1323.0
0.8952822077128975,0.0218126914,0.2821155736,0.493973835,0.0,1323.0
0.9061287631219817,0.0,0.294815747,0.4656187735,0.0,1323.0
0.8812085051929026,0.0,0.270403526,0.44457156175,0.0,1323.0
0.7844006758983694,0.0,0.22787972200000003,0.3766543943333333,0.0,1323.0
0.776094408288748,0.0,0.19961638825,0.36444527225,0.0,1323.0
0.8283845120022203,0.003523856,0.14874321440000002,0.3631453144,0.0,1323.0
0.8504745329241948,0.045068425999999995,0.11767331824999999,0.37507594,0.0,1323.0
0.8694266918761989,0.00038382133333333333,0.13601141966666666,0.3939692289999999,0.0,1323.0
0.8542102526130442,0.0,0.15640772760000002,0.4600824922,0.0,1323.0
0.7832643078121123,0.0,0.15600825233333335,0.4551151553333333,0.0,1323.0
0.7789471642886023,0.0,0.1917000972,0.5510225064000001,0.0,1323.0
0.8303732843491298,0.0004532643333333333,0.23849184033333334,0.6468744206666667,0.0,1323.0
0.8498746069382603,0.047149422999999996,0.26267260400000003,0.7082934685,0.0,1323.0
0.8506148109520035,0.05326744533333333,0.2943190313333333,0.724977791,0.0,1323.0
0.8666124991947398,0.000705163,0.3404141335,0.7479003375,0.0,1323.0
0.8762718767752273,0.0,0.381630919,0.7806440095,0.0,1323.0
0.8514859036972056,0.0,0.43905331425,0.8132478325,0.0,1323.0
0.7952115691547058,0.0,0.45388619133333336,0.8193352626666668,0.0,1323.0
0.8173656192067407,0.0,0.49475888025000003,0.8438948540000001,0.0,1323.0
0.9036377512880464,0.0,0.5164946475,0.8682872925,0.0,1323.0
0.8968895535832385,0.004041492,0.5411205680000001,0.8887858476666667,0.0,1323.0
0.8973491239068413,0.0413304975,0.499924367,0.8708115590000001,0.0,1323.0
0.9018961366979559,0.01045342575,0.49978912025,0.878857934,0.0,1323.0
0.912135066985633,0.0,0.5262932929999999,0.9014951435,0.0,1323.0
0.8867784373351881,0.0,0.5648148442500001,0.9207582599999999,0.0,1323.0
0.80464065324963,0.0,0.5202656905,0.921701349,0.0,1323.0
0.8150574418011949,0.0,0.6105770206,0.9332312922,0.0,1323.0
0.9063262581578797,0.0,0.680811349,0.9355563565,0.0,1323.0
0.8989673135172405,0.006014841,0.717072944,0.9322758116666666,0.0,1323.0
0.8967106327893027,0.04164047133333334,0.6757302589999999,0.9284055533333332,0.0,1323.0
0.900680158889403,0.021263393333333335,0.7631781710000002,0.9255248323333333,0.0,1323.0
0.9080580381212398,0.0,0.768783589,0.9186813125,0.0,1323.0
0.8836053466111019,0.0,0.7606882535,0.9235153277499999,0.0,1323.0
0.8037234061553308,0.0,0.728981383,0.924584171,0.0,1323.0
0.8157001858733668,0.0,0.6951579576,0.9221569695999999,0.0,1323.0
0.9039790372357578,0.00039295375,0.58973901225,0.927063051,0.0,1323.0
0.9001692628717161,0.053898233000000004,0.47437109850000003,0.8847402175000001,0.0,1323.0
0.8989794876525025,0.06474659766666667,0.43311078000000003,0.8249854976666667,0.0,1323.0
0.9073188512760575,0.0013066025,0.428401588,0.791585371,0.0,1323.0
0.9124320843737014,0.0,0.4078042865,0.7412660154999999,0.0,1323.0
0.8850423152052286,0.0,0.376733096,0.62992307675,0.0,1323.0
0.7933898477729584,0.0,0.34978744175,0.48979644450000004,0.0,1323.0
0.8226290510342471,0.0,0.3483178883333333,0.4355855743333333,0.0,1323.0
0.8985246591830326,0.0,0.357412903,0.39597093149999996,0.0,1323.0
0.8927415758309768,0.0053493386666666675,0.347357344,0.39292219866666667,0.0,1323.0
0.894194083365636,0.0284925315,0.271887545,0.3450307935,0.0,1323.0
0.8949333482621707,0.013724986666666668,0.2632384413333333,0.3206863926666667,0.0,1323.0
0.907292468459997,0.0,0.237826817,0.307186976,0.0,1323.0
0.9050635784944804,0.0,0.18486921766666664,0.2790420196666667,0.0,1323.0
0.8691017268935528,0.0,0.1521986575,0.21995555449999998,0.0,1323.0
0.805414344211418,0.0,0.127582258,0.17345555533333334,0.0,1323.0
0.8271764161506259,0.0,0.0933350815,0.11464033875,0.0,1323.0
0.9142394914083334,0.0,0.08278116899999999,0.09047775599999999,0.0,1323.0
0.9021595967458719,0.01576936333333333,0.08663406233333333,0.09824039866666667,0.0,1323.0
0.8961255176467042,0.07393574850000001,0.0678443935,0.07725902949999999,0.0,1323.0
0.8978789620186595,0.03303910025,0.0847545215,0.061488840749999996,0.0,1323.0
0.9083820013580223,0.0,0.0893391695,0.09563508700000001,0.0,1323.0
0.8825488622605338,0.0,0.0914376205,0.120943794,0.0,1323.0
0.7853453228730825,0.0,0.10568480625,0.15996015775,0.0,1323.0
0.7801080936870189,0.0,0.10314801833333333,0.16343324266666667,0.0,1323.0
0.8254456456444782,0.00085868225,0.0993207955,0.1620199625,0.0,1323.0
0.8525118034324993,0.086694802,0.095051282,0.112500006,0.0,1323.0
0.8518496057536878,0.12631856349999998,0.0806706215,0.08748450099999999,0.0,1323.0
0.8635880578446956,0.023591365333333336,0.08888704366666667,0.07506805233333333,0.0,1323.0
0.8791439366669309,0.0,0.09261610249999999,0.0636221245,0.0,1323.0
0.8558287085150671,0.0,0.08840919274999999,0.04282374825,0.0,1323.0
0.7883912099003614,0.0,0.07784951583333333,0.06467651683333334,0.0,1323.0
0.7922492039523277,0.0,0.07864816150000001,0.07173645049999999,0.0,1323.0
0.8407723496998352,0.0009238919999999999,0.07645599433333333,0.076288653,0.0,1323.0
0.8591995993943575,0.033337438,0.065014465,0.081732932,0.0,1323.0
0.8577480311853215,0.054503220500000005,0.050843824499999996,0.0846595005,0.0,1323.0
0.8582011858753194,0.0654465495,0.055189595999999994,0.118885418,0.0,1323.0
0.8750830563043339,0.003258474,0.069220335,0.137316903,0.0,1323.0
0.8853100864701424,0.0,0.064241103,0.1611482985,0.0,1323.0
0.8604224548921857,0.0,0.06826381649999999,0.2196319035,0.0,1323.0
0.8071276042769816,0.0,0.1116519475,0.3436388965,0.0,1323.0
0.8334995949064985,0.0,0.09913827966666666,0.35486347633333337,0.0,1323.0
0.9083741617301151,0.0,0.096658276,0.35689936349999996,0.0,1323.0
0.9009104683187007,0.017704362,0.077932611,0.31825208833333335,0.0,1323.0
0.8987894255229776,0.0814047415,0.0584105355,0.3032771245,0.0,1323.0
0.9045379106070299,0.03315649875,0.07035180525000001,0.29325641375,0.0,1323.0
0.9191759791460008,0.0,0.09078132750000001,0.246277724,0.0,1323.0
0.89530795687494,0.0,0.10363697350000001,0.18792232574999998,0.0,1323.0
0.8201851244863354,0.0,0.19820321725,0.22065909,0.0,1323.0
0.8554801619158364,0.0,0.20788612266666665,0.24524644866666667,0.0,1323.0
0.9279733634247163,0.0,0.1994754315,0.2692939475,0.0,1323.0
0.9134326577997942,0.003667855,0.1894943185,0.2904052815,0.0,1323.0
0.9073613513316902,0.07349388533333333,0.18734510066666665,0.324705474,0.0,1323.0
0.9076261023531453,0.029226935250000002,0.2038407745,0.40951085675000004,0.0,1323.0
0.9129353286494473,0.0,0.268890566,0.5837720245,0.0,1323.0
0.8819820318717035,0.0,0.33400612525,0.69140803,0.0,1323.0
0.7884667355778202,0.0,0.4334514286666667,0.7885937526666668,0.0,1323.0
0.8077445478545391,0.0,0.58909873325,0.901940369,0.0,1323.0
0.8914231417626369,0.00050927175,0.74305011425,0.93500765575,0.0,1323.0
0.8910485252822079,0.010006596,0.7711539709999999,0.9334186984999999,0.0,1323.0
0.8889859752017274,0.010656153500000001,0.766744283,0.906570554,0.0,1323.0
0.8943457607986927,0.0,0.7065535380000001,0.904026416,0.0,1323.0
0.8875130941278048,0.0,0.681840332,0.916170298,0.0,1323.0
0.8517781560970951,0.0,0.7204562507500001,0.91268056275,0.0,1323.0
0.7710761202847507,0.0,0.775965326,0.925829739,0.0,1323.0
0.7757686609481053,0.0,0.8651601824,0.9350733335999999,0.0,1323.0
0.8711014653825482,0.0,0.8489240875,0.9344761185,0.0,1323.0
0.8619044743310069,0.009167558333333334,0.8244937676666666,0.9127484023333333,0.0,1323.0
0.8592075096748909,0.0439530115,0.8095228985,0.93414918675,0.0,1323.0
0.8679690518138143,0.0092394175,0.8221836155,0.9366453115,0.0,1323.0
0.8648840243362234,0.0,0.7948629612,0.9219063848,0.0,1323.0
0.7930561316601611,0.0,0.7461192475,0.918170892,0.0,1323.0
0.7602669559336075,0.0,0.6818672906666667,0.8618352593333333,0.0,1323.0
0.7934255528800017,0.0,0.6192340233333334,0.7968468926666666,0.0,1323.0
0.868131714479755,0.001607627,0.48762557575000004,0.698521543,0.0,1323.0
0.8659510993278843,0.1188902595,0.3799492625,0.6642966605,0.0,1323.0
0.8651602265435901,0.09926012333333334,0.3323089363333333,0.6006470123333333,0.0,1323.0
0.874085910155856,0.004633953,0.3170216255,0.5261995749999999,0.0,1323.0
0.8790571833701448,0.0,0.289773924,0.46781378799999995,0.0,1323.0
0.8509451508488185,0.0,0.23748754199999997,0.39103357925000004,0.0,1323.0
0.7667271654058767,0.0,0.187899447,0.304141104,0.0,1323.0
0.7563908102007398,0.0,0.12241877283333331,0.21094192116666666,0.0,1323.0
0.8137612500549228,0.0023129613333333333,0.07131764033333333,0.17581825599999998,0.0,1323.0
0.8330788789421752,0.048958217,0.062991266,0.196833555,0.0,1323.0
0.8336347009640759,0.07842149949999999,0.0578714385,0.208206855,0.0,1323.0
0.8385792627963302,0.039244847666666666,0.07740077866666667,0.2738373586666667,0.0,1323.0
0.8632767223580449,0.0,0.097398557,0.295216327,0.0,1323.0
0.8385537954944993,0.0,0.08519232775,0.2092592535,0.0,1323.0
0.7740363178687254,0.0,0.067607083,0.16042676933333333,0.0,1323.0
0.7693723547129203,0.0,0.065427681,0.288193129,0.0,1323.0
0.8158548184619316,0.0016632995,0.08680209475,0.44250780125,0.0,1323.0
0.8438765964215936,0.042844516666666665,0.10854878233333333,0.5042058493333333,0.0,1323.0
0.8515533158375714,0.01976466225,0.15481667325,0.517066399,0.0,1323.0
0.8686134112676235,0.0,0.1793807295,0.4944028655,0.0,1323.0
0.8412074463913961,0.0,0.17065426350000001,0.45307402325,0.0,1323.0
0.7805373846709647,0.0,0.171176101,0.348703156,0.0,1323.0
0.8003069554302358,0.0,0.17143455375,0.27385091275,0.0,1323.0
0.8876676348679557,0.0,0.156558372,0.22531523650000002,0.0,1323.0
0.8832760784354287,0.012306409666666665,0.16547364433333334,0.22965535733333334,0.0,1323.0
0.883569387081659,0.049533065,0.13904011300000002,0.1901083375,0.0,1323.0
0.8870810409700594,0.02371461875,0.15183374025000002,0.22881472575,0.0,1323.0
0.897009668674966,0.0,0.20125248299999998,0.3675946875,0.0,1323.0
0.8720233600753753,0.0,0.18681111675,0.367646927,0.0,1323.0
0.7860721475928293,0.0,0.209892165,0.36999071533333333,0.0,1323.0
0.8068506322269287,0.0,0.2017919,0.47251611024999995,0.0,1323.0
0.8894994298761358,0.00181093125,0.17086375425,0.4644152035,0.0,1323.0
0.8908875529647178,0.033508289,0.131362941,0.476205329,0.0,1323.0
0.8901112328498932,0.06004446349999999,0.1056931425,0.441627888,0.0,1323.0
0.8907207593085006,0.062108243,0.09194659699999999,0.4116783015,0.0,1323.0
0.8985949347868039,0.011790307,0.1035466645,0.369707483,0.0,1323.0
0.9054766112462236,0.0,0.0981613325,0.31799781299999996,0.0,1323.0
0.8990316117837869,0.0,0.083027241,0.2336950655,0.0,1323.0
0.8458477300798557,0.0,0.06353768,0.12001169899999999,0.0,1323.0
0.7914132647443307,0.0,0.05231020425,0.061998608999999996,0.0,1323.0
0.845349305605388,0.0,0.0437144005,0.0718336785,0.0,1323.0
0.9054483039276552,0.0,0.0424491005,0.15758881349999998,0.0,1323.0
0.8976697384383986,0.04791536700000001,0.05193679166666667,0.3538939216666666,0.0,1323.0
0.8938868319759259,0.192974522,0.053854121000000005,0.454815535,0.0,1323.0
0.8968365375407037,0.09687992249999999,0.11229216275000001,0.579284484,0.0,1323.0
0.9060637451990392,0.0,0.1945588295,0.717240323,0.0,1323.0
0.8811896804884227,0.0,0.25890844625,0.79553164675,0.0,1323.0
0.8253025489996687,0.0,0.3651163041428571,0.8693724528571428,0.0,1347.2857142857142
0.9519013807171928,0.002145227,0.46402458525,0.88882327325,0.0,1357.0
0.9597899441651491,0.042690281,0.483398739,0.874724425,0.0,1357.0
0.9591541289897756,0.065958471,0.5063789905,0.8794675574999999,0.0,1357.0
0.9609585554839735,0.025384759,0.575551629,0.8400512059999999,0.0,1357.0
0.9709572707503743,0.0,0.5517478014999999,0.8069495425,0.0,1357.0
0.9245952664464876,0.0,0.5089198500000001,0.7433885732500001,0.0,1357.0
0.8091352058405522,0.0,0.45383000450000005,0.6481576174999999,0.0,1357.0
0.8380746732028791,0.0,0.40724209266666667,0.571030967,0.0,1357.0
0.9404679730591934,0.00214719525,0.372452371,0.5577357205,0.0,1357.0
0.9478985003771885,0.051008916,0.31574462999999997,0.522318311,0.0,1357.0
0.9467027084303478,0.063419714,0.286499334,0.5292684117500001,0.0,1357.0
0.9664543619232935,0.000564129,0.3273517075,0.54309155,0.0,1357.0
0.9548423781373776,0.0,0.31038946066666667,0.5568201936666667,0.0,1357.0
0.8945010527700858,0.0,0.2961120145,0.550630317,0.0,1357.0
0.8034239478128141,0.0,0.32478425025,0.54905367925,0.0,1357.0
0.8047066570268057,0.0,0.348257109,0.580119907,0.0,1357.0
0.8818389219032321,0.004200990666666667,0.3610123926666667,0.6340959730000001,0.0,1357.0
0.9008857755384686,0.0791055765,0.33130743399999996,0.6263767565,0.0,1357.0
0.9010217265097527,0.1340446525,0.316793989,0.587474848,0.0,1357.0
0.915803429180484,0.03831089266666667,0.35612722766666666,0.6615661773333333,0.0,1357.0
0.9351226701564196,0.0,0.372019561,0.747231146,0.0,1357.0
0.9155222948779302,0.0,0.3236413616666666,0.7419414026666667,0.0,1357.0
0.8432540196517938,0.0,0.31721515966666664,0.7320542846666668,0.0,1357.0
0.8261653116796598,0.0,0.2980692355,0.6721210806666668,0.0,1357.0
0.8951664118934008,0.010107636333333333,0.2831144316666667,0.6200721296666667,0.0,1357.0
0.9078965490391873,0.13736387849999998,0.2786822365,0.5785504855,0.0,1357.0
0.903048035804982,0.14843116233333334,0.30259992266666663,0.5288923743333332,0.0,1357.0
0.9262726607171766,0.027091446333333335,0.363647718,0.5211522963333334,0.0,1357.0
0.910360812163993,0.0,0.3540306872,0.4378468186,0.0,1357.0
0.8363703713797003,0.0,0.3766621643333334,0.4159924031666667,0.0,1357.0
0.9333092538970944,0.0,0.367584765,0.39669797549999997,0.0,1357.0
0.9818999528297017,0.028696824,0.34370280933333336,0.364782401,0.0,1357.0
0.9742217859727536,0.210261868,0.299187348,0.347485941,0.0,1357.0
0.970071664309275,0.32699153725,0.30717639999999996,0.3500235895,0.0,1357.0
0.9830394034754504,0.08017147300000001,0.360124222,0.3254299465,0.0,1357.0
0.9935002635095986,0.0,0.399146405,0.34328998,0.0,1357.0
0.9816264233757531,0.0,0.4218800493333334,0.385205295,0.0,1357.0
0.9153484125124258,0.0,0.4274857515,0.44765948050000004,0.0,1357.0
0.8416658115562645,0.0,0.4928878990000001,0.5493056955,0.0,1357.0
0.8718993483037399,0.0,0.4975800716666667,0.657891731,0.0,1357.0
0.9710203172774726,0.0,0.4810038335,0.6978109809999999,0.0,1357.0
0.9765272263914314,0.04434333633333334,0.44052322,0.6833476966666666,0.0,1357.0
0.9727961074181947,0.07842355625,0.30432588775,0.49677200725000004,0.0,1357.0
0.9842839469848529,0.017315749,0.2758481705,0.3738445495,0.0,1357.0
0.9926738066030678,0.0,0.2873885945,0.30041280150000005,0.0,1357.0
0.9738152473227975,0.0,0.300408999,0.251351123,0.0,1357.0
0.8875007320023695,0.0,0.31055625166666667,0.24203500066666664,0.0,1357.0
0.8492078866577133,0.0,0.305806295,0.3101200931666667,0.0,1357.0
0.9728625807539745,0.009127591,0.25474530175,0.327738183,0.0,1357.0
0.9714328648394996,0.098690045,0.17678201799999999,0.2945704315,0.0,1357.0
0.9661949473634716,0.12264348733333334,0.13539570233333334,0.3090016166666667,0.0,1357.0
0.9790766839951695,0.026199352000000002,0.17224033049999998,0.3167387,0.0,1357.0
0.9895174986913025,0.0,0.19267862949999998,0.3108852555,0.0,1357.0
0.9414754238619393,0.0,0.169971276,0.28889029975,0.0,1357.0
0.8316101759081764,0.0,0.167368727,0.2742572115,0.0,1357.0
0.8453107922961305,0.0,0.1892544652,0.36648315480000004,0.0,1357.0
0.9605284035383793,0.0173066835,0.25277381224999995,0.45170195225,0.0,1357.0
0.9525710661675806,0.14172552100000002,0.2896672775,0.5500702785,0.0,1357.0
0.9474800845830984,0.14372892266666668,0.316266218,0.5664118213333333,0.0,1357.0
0.9631603661110797,0.032827584,0.37199638,0.58762694,0.0,1357.0
0.9754097614257329,0.0,0.420514336,0.657697571,0.0,1357.0
0.9610803996893094,0.0,0.425786236,0.6745976065,0.0,1357.0
0.8620929016546326,0.0,0.379714699,0.6339260455,0.0,1357.0
0.8349350613611838,0.0,0.339801581,0.6465683674,0.0,1357.0
0.9598302930671498,0.007369934999999999,0.3097697855,0.66620474275,0.0,1357.0
0.9633190384667517,0.074778704,0.283926518,0.686384734,0.0,1357.0
0.962339871223284,0.1123812685,0.234416869,0.6503897949999999,0.0,1357.0
0.9640124385544869,0.08594586933333333,0.244224009,0.6175655966666667,0.0,1357.0
0.9838228588802759,0.003106219,0.298083521,0.632469873,0.0,1357.0
0.9725058423057797,0.0,0.29941506833333337,0.6458858196666667,0.0,1357.0
0.8767153139155236,0.0,0.2878733153333333,0.6181444483333333,0.0,1357.0
0.8057325569184106,0.0,0.26486723900000003,0.58099703475,0.0,1357.0
0.8114925512944282,0.0,0.23070541233333333,0.5655885966666666,0.0,1357.0
0.8814746334195315,0.014728098666666667,0.22430557233333334,0.6192019873333333,0.0,1357.0
0.8978004941490944,0.070711095,0.21370166,0.641098066,0.0,1357.0
0.896248417889966,0.1048960005,0.167359959,0.626668199,0.0,1357.0
0.9074049471282734,0.062307693250000004,0.15153696749999998,0.5564300504999999,0.0,1357.0
0.9291842478354273,0.0,0.156853486,0.534453894,0.0,1357.0
0.8970681612338973,0.0,0.1479337565,0.5350850067499999,0.0,1357.0
0.810504785740981,0.0,0.115914223,0.44514636125,0.0,1357.0
0.8098071448283557,0.0,0.12058644800000001,0.3753797585,0.0,1357.0
0.8810558265350195,0.013139801,0.127974785,0.36187507566666666,0.0,1357.0
0.8956696872229559,0.090186088,0.095951993,0.370167882,0.0,1357.0
0.895141421601004,0.15002241300000002,0.0721535845,0.287666982,0.0,1357.0
0.9043006064114281,0.0654634845,0.106937086,0.31689416849999996,0.0,1357.0
0.9244964248292444,0.0,0.1924818995,0.4160449945,0.0,1357.0
0.878531180320391,0.0,0.20403918439999996,0.49377249059999995,0.0,1357.0
0.814981279145502,0.0,0.2226098294,0.5667750138000001,0.0,1357.0
0.9116380195079242,0.0,0.255090588,0.6442473445,0.0,1357.0
0.9612971105722131,0.012370646666666665,0.275307178,0.6478085483333333,0.0,1357.0
0.9597899441651491,0.068985203,0.301364437,0.656620086,0.0,1357.0
0.9581602219203241,0.0950293895,0.261292307,0.644356744,0.0,1357.0
0.9541976434326733,0.066139241,0.30249374149999997,0.670018905,0.0,1357.0
0.9646167696482986,0.017895868000000002,0.3296955615,0.7177137695,0.0,1357.0
0.9697316930943931,0.0,0.3834011635,0.765513334,0.0,1357.0
0.9224237346901051,0.0,0.39835183025,0.7996791299999999,0.0,1357.0
0.8050458773230679,0.0,0.3949608175,0.7857009665,0.0,1357.0
0.8332031250241793,0.0,0.429703124,0.8126647936666666,0.0,1357.0
0.936509329860297,0.0012224306666666666,0.4522558543333333,0.8331132773333333,0.0,1357.0
0.9428832868566082,0.0677019745,0.457852907,0.8395147725000001,0.0,1357.0
0.9391634109253959,0.11788771375,0.44929231100000006,0.8376163459999999,0.0,1357.0
0.9523239976852524,0.037266505,0.4409670145,0.8525268275,0.0,1357.0
0.9616917565511306,0.0,0.463819112,0.846056023,0.0,1357.0
0.9496921057651783,0.0,0.45615613666666666,0.8184687396666668,0.0,1357.0
0.8635725349000012,0.0,0.406089827,0.7546617583333334,0.0,1357.0
0.8021708602125492,0.0,0.4034415684,0.6742091906,0.0,1357.0
0.8982222431215053,0.0,0.3737241875,0.6287111775,0.0,1357.0
0.9474039407472639,0.002494523,0.355217805,0.5761889010000001,0.0,1357.0
0.9446356282973014,0.07299267549999999,0.341170561,0.5560911795000001,0.0,1357.0
0.939275044732069,0.165540696,0.3482457075,0.5852013825,0.0,1357.0
0.9392466278915093,0.15444135533333334,0.309017083,0.6049956806666668,0.0,1357.0
0.9632212530437456,0.014078507,0.3107001385,0.6046363235000001,0.0,1357.0
0.9539034582978901,0.0,0.327291031,0.6248673033333333,0.0,1357.0
0.8930444144535649,0.0,0.342601298,0.643746885,0.0,1357.0
0.8198385137333342,0.0,0.3515231755714285,0.6294316268571428,0.0,1357.0
0.9461645376853502,0.020408648,0.35767785274999997,0.67560334675,0.0,1357.0
0.9504262225028757,0.161162836,0.373541399,0.703520367,0.0,1357.0
0.9523150467894902,0.19672135133333332,0.3047740863333333,0.6993561343333333,0.0,1357.0
0.9706549487881411,0.062579755,0.2543368425,0.6912286089999999,0.0,1357.0
0.9804184495823021,0.0,0.267932474,0.7154792754999999,0.0,1357.0
0.9354199221674789,0.0,0.23844482824999996,0.70491032825,0.0,1357.0
0.8200345266941838,0.0,0.18405904675,0.593638066,0.0,1357.0
0.8751911693593426,0.0,0.13611895525,0.4822394295,0.0,1357.0
0.9706470934249145,0.016629488,0.11011609433333332,0.43524993700000003,0.0,1357.0
0.9644544361735764,0.086827927,0.075106677,0.374715674,0.0,1357.0
0.9619123015373905,0.1277356615,0.0569147085,0.30769662,0.0,1357.0
0.9608981768750695,0.07378011,0.043103923999999995,0.19778013466666666,0.0,1357.0
0.9789696508936883,0.00830565,0.056801660500000004,0.154470493,0.0,1357.0
0.9763458333808233,0.0,0.06541454999999999,0.1526622845,0.0,1357.0
0.8935961520659025,0.0,0.045414534,0.10170587199999999,0.0,1357.0
0.8069391302163313,0.0,0.022184432666666667,0.08463876966666667,0.0,1357.0
0.8097429953699953,0.0,0.02512740025,0.0964413105,0.0,1357.0
0.8818201441441916,0.022124968,0.023106493333333335,0.080364212,0.0,1357.0
0.8963547938594992,0.106892023,0.009635093,0.078480095,0.0,1357.0
0.895141374707668,0.2073259025,0.007784699,0.075995106,0.0,1357.0
0.898914954919276,0.15923236066666666,0.010737763333333336,0.07578729133333334,0.0,1357.0
0.9265688801890816,0.0164864635,0.0342888675,0.0994738565,0.0,1357.0
0.9285752850347183,0.0,0.042515616,0.105124356,0.0,1357.0
0.8839243996466752,0.0,0.0350196116,0.0693462634,0.0,1357.0
0.8139587652921723,0.0,0.028732138428571426,0.059800429,0.0,1357.0
0.8860640450287769,0.025054278333333332,0.03427319933333334,0.06303801566666667,0.0,1357.0
0.9011636863931078,0.13952055,0.0134950395,0.029873986499999998,0.0,1357.0
0.9019692527873979,0.15423883975000002,0.016993868999999998,0.032380081000000005,0.0,1357.0
0.9314913783941408,0.01046751,0.053143816499999996,0.06809971749999999,0.0,1357.0
0.9078238227896783,0.0,0.0599619982,0.078710746,0.0,1357.0
0.8443154719865817,0.0,0.08367658900000001,0.085833134,0.0,1357.0
0.8798507945168446,0.0,0.10532974166666666,0.12568593866666666,0.0,1357.0
0.9837121639302925,0.005666185,0.11844634433333334,0.15829723299999998,0.0,1357.0
0.9794143081985864,0.1397720985,0.078876707,0.131266663,0.0,1357.0
0.9708897648233363,0.30272396,0.0896093645,0.17565462599999998,0.0,1357.0
0.9829432611949367,0.14002992949999998,0.1700846405,0.251440787,0.0,1357.0
0.994548344574361,0.0,0.21271067500000002,0.3079534945,0.0,1357.0
0.9486414894903622,0.0,0.16283727625,0.2579663405,0.0,1357.0
0.8516183572071818,0.0,0.17619454,0.225143651,0.0,1357.0
0.8675130619527239,0.0,0.1415986428,0.2039272064,0.0,1357.0
0.9844139516727214,0.006621688666666667,0.08457163433333333,0.13010000033333333,0.0,1357.0
0.9816249682234344,0.10880472249999999,0.0400225455,0.07785199749999999,0.0,1357.0
0.976085432810457,0.2153720155,0.037974121,0.075803535,0.0,1357.0
0.9705528448015146,0.2289487745,0.029917365,0.045945378,0.0,1357.0
0.9834012981064533,0.1034891515,0.053379367,0.046796285,0.0,1357.0
0.9969586589169173,0.0,0.073401074,0.057096355,0.0,1357.0
0.9963236418661221,0.0,0.0731791435,0.063182101,0.0,1357.0
0.9143501864104204,0.0,0.0577967395,0.06123954475,0.0,1357.0
0.8641761148667779,0.0,0.08727751666666667,0.06252995883333333,0.0,1357.0
0.9844139516727214,0.011760066,0.11828045533333333,0.07692856666666666,0.0,1357.0
0.9820699540943065,0.11718895,0.107772756,0.071798002,0.0,1357.0
0.980517408276574,0.235778872,0.088771396,0.0564257565,0.0,1357.0
0.9749223141080745,0.30635479175,0.11185736525,0.06603301175,0.0,1357.0
0.9942062132961131,0.118710266,0.175047128,0.090326475,0.0,1357.0
0.9992894493519825,0.00064176,0.181523556,0.11114515550000001,0.0,1357.0
0.9658045888943655,0.0,0.17128289766666663,0.148024977,0.0,1357.0
0.876262957350104,0.0,0.18615186849999998,0.1736369345,0.0,1357.0
0.8641761148667779,0.0,0.198954532,0.18076188116666667,0.0,1357.0
0.9844139516727214,0.02225938666666667,0.18583935733333334,0.172122172,0.0,1357.0
0.9814175674392464,0.2575946485,0.13982463950000001,0.14693641200000002,0.0,1357.0
0.97297168716615,0.44498687,0.12812959833333334,0.092575577,0.0,1357.0
0.9704039372015024,0.351748,0.110084621,0.063161793,0.0,1357.0
0.9943433850572436,0.07377713150000001,0.127223692,0.05271798,0.0,1357.0
0.9986165478003028,0.0,0.119091784,0.043040722,0.0,1357.0
0.965994995429391,0.0,0.08765781533333333,0.049057259666666665,0.0,1357.0
0.8764418157237992,0.0,0.08465679749999999,0.066809983,0.0,1357.0
0.8459984764717786,0.0,0.12344332025,0.117723234,0.0,1357.0
0.9227579320327367,0.0,0.14132734266666666,0.21501604499999996,0.0,1357.0
0.9930620371567952,0.0280558855,0.148957952,0.273718986,0.0,1357.0
0.9819095920154285,0.185068082,0.125746089,0.290743766,0.0,1357.0
0.9774122225418147,0.3367659785,0.0852289735,0.29531412199999996,0.0,1357.0
0.9723424131943146,0.3841652423333333,0.09108794333333332,0.2933172046666666,0.0,1357.0
0.9847183706007314,0.1904383775,0.191725027,0.3411563085,0.0,1357.0
0.9981319877053402,0.000961835,0.2684045195,0.4542597265,0.0,1357.0
0.9661228720976732,0.0,0.24733210166666666,0.43919758966666667,0.0,1357.0
0.869015865820639,0.0,0.22089268,0.36151170499999996,0.0,1357.0
0.829226826359242,0.0,0.2139537996,0.3200962698,0.0,1357.0
0.8613698167305328,0.03508952575,0.2023985075,0.28971913475,0.0,1357.0
0.9084462683623449,0.383471074,0.1273944685,0.2497013065,0.0,1357.0
0.9081816895957437,0.534483638,0.12352480299999999,0.23924881850000002,0.0,1357.0
0.9087056832347891,0.5048942240000001,0.1470611725,0.288610861,0.0,1357.0
0.9269290378909203,0.272498503,0.257588283,0.421054574,0.0,1357.0
0.9384739852562989,0.0016838055,0.354601383,0.5548477865,0.0,1357.0
0.9044760848697778,0.0,0.33407599400000004,0.571171357,0.0,1357.0
0.8297421233299079,0.0,0.3962614818571429,0.5978324487142856,0.0,1357.0
0.8741669203736824,0.03535396833333333,0.4416897276666667,0.696283345,0.0,1357.0
0.9077173155188043,0.219914605,0.43237759,0.720714147,0.0,1357.0
0.9080924015578374,0.301607668,0.353949106,0.720524637,0.0,1357.0
0.9018789320019225,0.362101894,0.29999677999999996,0.6915137929999999,0.0,1357.0
0.9001587475100585,0.2998952735,0.3244086275,0.7372452065,0.0,1357.0
0.9187793456190902,0.12590036300000002,0.39255608399999997,0.8121788985,0.0,1357.0
0.9314257502325862,0.001473884,0.432230307,0.845852753,0.0,1357.0
0.8996262802452036,0.0,0.38116986900000005,0.8230258325,0.0,1357.0
0.8454468559811301,0.0,0.3434990431428572,0.762017628142857,0.0,1357.0
0.9742422850298462,0.032215435,0.36084214866666664,0.7636293173333334,0.0,1357.0
0.9733929350051106,0.214409589,0.396088976,0.753333961,0.0,1357.0
0.9735818394944813,0.305006932,0.412188335,0.74255134,0.0,1357.0
0.9727098627056888,0.373774283,0.424171407,0.7383640223333333,0.0,1357.0
0.9761452396332845,0.2623510235,0.4636102055,0.825748955,0.0,1357.0
0.9970384172910881,0.068160138,0.48288076550000003,0.858880719,0.0,1357.0
0.9986184260347195,0.0,0.526957806,0.880898797,0.0,1357.0
0.9660134601493618,0.0,0.51621315,0.8856056136666667,0.0,1357.0
0.8616903766053018,0.0,0.452604976,0.8903835255,0.0,1357.0
0.8729050229432306,0.0,0.38155410474999996,0.84258402825,0.0,1357.0
0.9844139516727214,0.07155518633333334,0.34668991233333335,0.7818599983333333,0.0,1357.0
0.9820699540943065,0.413317322,0.288833499,0.714797085,0.0,1357.0
0.9805718636319006,0.5963793035,0.2370280945,0.652513144,0.0,1357.0
0.9799698172856249,0.6760870716666666,0.19220573333333335,0.5803558043333333,0.0,1357.0
0.9908118504264372,0.38525000600000003,0.229741231,0.6174084049999999,0.0,1357.0
0.9986407713345529,0.0042064355,0.2984011865,0.6540734685,0.0,1357.0
0.9653005934915845,0.0,0.2803573383333333,0.6138536643333333,0.0,1357.0
0.876262957350104,0.0,0.239575907,0.5560866415,0.0,1357.0
0.8641761148667779,0.0,0.174833749,0.44014398466666665,0.0,1357.0
0.9844139516727214,0.07846837366666666,0.15880245166666665,0.38808191133333336,0.0,1357.0
0.9820699540943065,0.393065421,0.116570596,0.368309116,0.0,1357.0
0.9805718636319006,0.6049165695000001,0.086446891,0.3324520475,0.0,1357.0
0.980052783685013,0.6643393443333333,0.08637606433333334,0.314624871,0.0,1357.0
0.9910178425348126,0.3708184705,0.147292069,0.38683787000000003,0.0,1357.0
1.0,0.010957751,0.204186986,0.454640857,0.0,1357.0
0.98643409532793,0.0,0.21700242433333336,0.47204940766666664,0.0,1357.0
0.89306029712225,0.0,0.20645239866666665,0.42919040499999994,0.0,1357.0
0.8539615253987947,0.0,0.19085368749999998,0.35025565399999997,0.0,2650.3333333333335
0.9785407353690524,0.07225722266666666,0.16133480366666667,0.22759022966666664,0.0,2909.0
0.9798599987199871,0.346803374,0.103488006,0.198497368,0.0,2909.0
0.9777263747548458,0.5258624709999999,0.0570566715,0.1455684405,0.0,2909.0
0.970121315963369,0.595431361,0.028472199666666666,0.10273310233333333,0.0,2909.0
0.9820346518531228,0.3517448525,0.0379423075,0.118134403,0.0,2909.0
0.9969524621188802,0.014575414,0.048612672,0.139342873,0.0,2909.0
0.9705374236153591,0.0,0.03431262625,0.14805796425,0.0,2909.0
0.8696331847011952,0.0,0.026434314,0.1751008405,0.0,2909.0
0.8539615253987947,0.0,0.03096682366666667,0.19720977666666664,0.0,2909.0
0.9785407353690524,0.047440973,0.027089275,0.19186393233333332,0.0,2909.0
0.9786443258744292,0.2818149085,0.0203483165,0.187361205,0.0,2909.0
0.9661605839268739,0.434895754,0.011733361250000001,0.16539607174999998,0.0,2909.0
0.9767316223548579,0.2409563945,0.0258649565,0.1923966545,0.0,2909.0
0.9924476753700051,0.0073312415,0.06734911,0.235823281,0.0,2909.0
0.9620401784140875,0.0,0.08492851766666666,0.23492796666666668,0.0,2909.0
0.8620620824163673,0.0,0.0742204235,0.148856927,0.0,2909.0
0.8185045141143545,0.0,0.06480885900000001,0.08415791899999998,0.0,2909.0
0.8411683725713041,0.020284818166666666,0.07358651166666666,0.11554591433333333,0.0,2909.0
0.9038516771236232,0.297902908,0.0372121065,0.0903030415,0.0,2909.0
0.8961810762459153,0.41862582975,0.0266955955,0.054460643,0.0,2909.0
0.9141142439972954,0.203543226,0.0535423955,0.051558865,0.0,2909.0
0.9313431748194125,0.006171884,0.117346986,0.09637748700000001,0.0,2909.0
0.8995231199080289,0.0,0.11898415725,0.11272932249999999,0.0,2909.0
0.819567443097962,0.0,0.101912655,0.102146436,0.0,2909.0
0.8655586592114908,0.035265677333333335,0.11107079399999999,0.138028413,0.0,2909.0
0.903026394113603,0.250829764,0.058489227,0.114574942,0.0,2909.0
0.8959972653106973,0.345656706,0.033045234,0.086605218,0.0,2909.0
0.8924293952222044,0.305159866,0.0404781905,0.102814532,0.0,2909.0
0.9127492877797929,0.1290044195,0.08951031200000001,0.1699883605,0.0,2909.0
0.9286363126473922,0.00957454,0.151475338,0.211315723,0.0,2909.0
0.9293086036478375,0.0,0.1689252475,0.2121379785,0.0,2909.0
0.8895879120781155,0.0,0.15165795,0.168232057,0.0,2909.0
0.8384630518874443,0.0,0.13398517875,0.12249643399999999,0.0,2909.0
0.8721438974676451,0.0,0.12870247933333334,0.13223501766666668,0.0,2909.0
0.9782738408011064,0.052138526666666664,0.13565849633333335,0.19261981400000003,0.0,2909.0
0.9730620709450069,0.3029732125,0.0727897085,0.2311036735,0.0,2909.0
0.9614326235076355,0.38973790975,0.0459065355,0.21330149125,0.0,2909.0
0.9740207701851911,0.15726361900000002,0.093574954,0.32451465300000004,0.0,2909.0
0.9838686767957394,0.01124914,0.16527095,0.415933187,0.0,2909.0
0.961822684777199,0.0,0.21046990625,0.500382519,0.0,2909.0
0.8568428019151642,0.0,0.22659925,0.5157945685,0.0,2909.0
0.8155128403685812,0.0,0.24479923850000002,0.46834012049999996,0.0,2909.0
0.8395439706359632,0.0,0.24090926950000002,0.50691573,0.0,2909.0
0.961605848584881,0.03755516766666667,0.277654718,0.60615933,0.0,2909.0
0.9642590535261527,0.167387654,0.220739821,0.599541831,0.0,2909.0
0.9607481269533931,0.28134724,0.176106763,0.5377484335,0.0,2909.0
0.9589761629962639,0.34079735450000004,0.18978242174999999,0.4916836785,0.0,2909.0
0.9766182048819956,0.11842486,0.284912795,0.558304834,0.0,2909.0
0.981974281372397,0.012160889,0.3307144705,0.621674947,0.0,2909.0
0.9661357501540118,0.0,0.3265205875,0.6213253489999999,0.0,2909.0
0.881560040773368,0.0,0.28894516266666664,0.5102632873333334,0.0,2909.0
0.846645816413918,0.0,0.2971489978333333,0.48478011216666667,0.0,2909.0
0.9769703817548822,0.10489133266666667,0.32366335933333334,0.5671262456666667,0.0,2909.0
0.9709869398514193,0.517054492,0.168829361,0.45735117049999996,0.0,2909.0
0.961215364650049,0.637674916,0.1066118415,0.307798412,0.0,2909.0
0.956543033638959,0.5394956715,0.1388789255,0.35008166949999997,0.0,2909.0
0.9690690724376911,0.29982077549999997,0.2536901655,0.418915205,0.0,2909.0
0.9816441682309133,0.0249390635,0.372026021,0.511946097,0.0,2909.0
0.9531142601267271,0.0,0.3618926056666667,0.5591531246666667,0.0,2909.0
0.8617031458169973,0.0,0.3307275355,0.4575367965,0.0,2909.0
0.8411508938618774,0.0,0.2802018231666667,0.4078712241666667,0.0,2909.0
0.964444170701296,0.059782845,0.300579602,0.50963079,0.0,2909.0
0.9628555087824819,0.312531191,0.1678496175,0.44714803049999996,0.0,2909.0
0.954454030246103,0.36059687274999996,0.13994654625,0.41573891300000004,0.0,2909.0
0.9648415394115071,0.137058752,0.260530507,0.5443621224999999,0.0,2909.0
0.972853590988847,0.005968616,0.37499015599999996,0.615089801,0.0,2909.0
0.9380677906992213,0.0,0.37167766999999996,0.5814076013333334,0.0,2909.0
0.843463125581885,0.0,0.33820982499999996,0.4847384345,0.0,2909.0
0.7958235285958942,0.0,0.35975040425,0.51232748975,0.0,2909.0
0.8690021579606686,0.0,0.383969375,0.5533930163333333,0.0,2909.0
0.9397220026240298,0.0191328785,0.39358989,0.5885149895,0.0,2909.0
0.9420626043954686,0.076465163,0.301346545,0.5809108805000001,0.0,2909.0
0.9391279835832124,0.12342386,0.23673665766666666,0.48756154566666665,0.0,2909.0
0.9411486904794899,0.082454228,0.28820714150000004,0.4439487155,0.0,2909.0
0.9574776503375233,0.022372502500000002,0.31889779549999997,0.47774412850000003,0.0,2909.0
0.945275105112762,0.0,0.3374649463333333,0.5622035933333333,0.0,2909.0
0.8518400602504256,0.0,0.27708093666666667,0.534115348,0.0,2909.0
0.7777330972167583,0.0,0.253137063,0.5005430673333333,0.0,2909.0
0.8175065699455056,0.0047862635,0.24571687650000001,0.475227772,0.0,2909.0
0.8652465103859794,0.0457543715,0.230056132,0.4655812305,0.0,2909.0
0.8752346868440546,0.1245361705,0.1983813725,0.460072721,0.0,2909.0
0.8730487202246833,0.149636912,0.17751953050000002,0.4132031935,0.0,2909.0
0.880318392145906,0.1116498565,0.158248919,0.3687343475,0.0,2909.0
0.9074792133549355,0.026830836,0.1958542395,0.37607089699999996,0.0,2909.0
0.9053630996740671,0.0,0.2312551535,0.3847957625,0.0,2909.0
0.8510306131720654,0.0,0.184758263,0.3294782415,0.0,2909.0
0.7838964300851745,0.0,0.15570763999999998,0.26010963649999996,0.0,2909.0
0.7787132848071131,0.0,0.15032062375,0.23915213175,0.0,2909.0
0.8307972236571602,0.022251283,0.1545888023333333,0.23762926166666665,0.0,2909.0
0.869742283610437,0.108397288,0.155449501,0.239179337,0.0,2909.0
0.8692030330682232,0.17859260799999999,0.15897807,0.238377505,0.0,2909.0
0.8701257022826495,0.18798613375,0.1681121825,0.222770421,0.0,2909.0
0.9025309897783863,0.0760455835,0.1829800825,0.243115019,0.0,2909.0
0.9053316939564802,0.0,0.2219408845,0.2626522355,0.0,2909.0
0.8440581647507537,0.0,0.16963242239999998,0.251062008,0.0,2909.0
0.7916493637811981,0.0,0.11747331366666668,0.296307065,0.0,2909.0
0.8668267535962908,0.0,0.12350876233333334,0.4182991573333334,0.0,2909.0
0.9395898540770483,0.063108628,0.13155807,0.4851260465,0.0,2909.0
0.9394400073598279,0.1296430565,0.159460882,0.502575897,0.0,2909.0
0.9377657817760576,0.11193728024999999,0.182245178,0.50440404075,0.0,2909.0
0.9537908232142865,0.022919251666666668,0.26262463033333333,0.5971391643333334,0.0,2909.0
0.951485100914556,0.0,0.3390426525,0.628123907,0.0,2909.0
0.8909262351733508,0.0,0.29612929000000004,0.5340960936666667,0.0,2909.0
0.7886761702823004,0.0,0.21091970399999999,0.3177073365,0.0,2909.0
0.7820597648914317,0.0,0.21199796199999998,0.3407584185,0.0,2909.0
0.8801469979408081,0.0,0.17629526899999998,0.3793148905,0.0,2909.0
0.9276934339682747,0.011975128500000001,0.157528499,0.4345818835,0.0,2909.0
0.9272417817407613,0.0524845065,0.11707938300000001,0.493301659,0.0,2909.0
0.9278995981230894,0.07449949833333334,0.13823250466666667,0.6118827453333333,0.0,2909.0
0.9314400683311685,0.047365919,0.19791571149999998,0.7410699875,0.0,2909.0
0.9477722197496478,0.01327736,0.2693517805,0.7940001095,0.0,2909.0
0.944589951374468,0.0,0.318086947,0.8303540460000001,0.0,2909.0
0.8896443708209621,0.0,0.3649582946666667,0.832875709,0.0,2909.0
0.792355861594499,0.0,0.408694112,0.8376713185,0.0,2909.0
0.8097506941615833,0.0,0.5163799724,0.8909860679999999,0.0,2909.0
0.93603012144125,0.025685765333333332,0.6026849323333333,0.9220570413333334,0.0,2909.0
0.950828066817279,0.1537728615,0.6609056735000001,0.9192153715,0.0,2909.0
0.9504645995400989,0.27647929974999996,0.65636705725,0.902490851,0.0,2909.0
0.9653895218055004,0.23582683399999999,0.623292017,0.9068064385,0.0,2909.0
0.9758423074324393,0.048231792,0.5992181215000001,0.907419507,0.0,2909.0
0.9303664022623016,0.0,0.5351092000000001,0.84137952525,0.0,2909.0
0.8214518257222274,0.0,0.4709616345,0.756131367,0.0,2909.0
0.828836253608432,0.0,0.46515252275,0.679265102,0.0,2909.0
0.9351326693787593,0.000529469,0.4663328545,0.6833218015,0.0,2909.0
0.9795603993848403,0.2080548735,0.43254999699999996,0.6701834165,0.0,2909.0
0.9676779684960528,0.4445159835,0.4048695295,0.6179105725,0.0,2909.0
0.9585373264048485,0.6885864159999999,0.39128551899999997,0.5293227285,0.0,2909.0
0.9723794990495838,0.455878958,0.423363764,0.638748934,0.0,2909.0
0.9836455964431148,0.187493193,0.472702403,0.704633283,0.0,2909.0
0.9860875047018464,0.000735259,0.4987672575,0.736357961,0.0,2909.0
0.9044296332690342,0.0,0.43788565725,0.694389713,0.0,2909.0
0.8512536775288521,0.0,0.3973280618333333,0.5880610195,0.0,2909.0
0.9742804195243151,0.08979883999999999,0.383685426,0.658453399,0.0,2909.0
0.9773449043444318,0.399292382,0.30384612099999997,0.664421013,0.0,2909.0
0.9660124275581039,0.6501079405,0.259320522,0.630048574,0.0,2909.0
0.9595255299941573,0.6779791952499999,0.30595872,0.595920348,0.0,2909.0
0.9792926753258846,0.290112243,0.4267203465,0.6562969455000001,0.0,2909.0
0.9834708696849406,0.0009680735,0.495565979,0.7327523555,0.0,2909.0
0.9404641471882227,0.0,0.43957177950000004,0.7006417365,0.0,2909.0
0.855404283808906,0.0,0.3698076205,0.5895455485000001,0.0,2909.0
0.8137067944911812,0.0,0.312380757,0.443607453,0.0,2909.0
0.8171718934571878,0.00044749760000000003,0.28327253939999997,0.3974077238,0.0,2909.0
0.8789432022393842,0.2430344915,0.2232908875,0.458895363,0.0,2909.0
0.8956188929866794,0.491246432,0.137524395,0.41588513,0.0,2909.0
0.8922411012840679,0.6880398645000001,0.127965701,0.367983113,0.0,2909.0
0.8864203215255086,0.6822441445,0.159507705,0.347140176,0.0,2909.0
0.8897271804924007,0.427426567,0.2271651005,0.38369236650000005,0.0,2909.0
0.9169958329274899,0.157462415,0.341606803,0.5557361894999999,0.0,2909.0
0.9192979405846765,0.0011122045,0.4124700525,0.715344743,0.0,2909.0
0.8814129795203041,0.0,0.41079623299999996,0.7846753670000001,0.0,2909.0
0.8008087913427915,0.0,0.4536304805,0.834617411,0.0,2909.0
0.8062308203403212,0.020462830799999998,0.5030014698,0.8901317658,0.0,2909.0
0.8664488508308772,0.25419025,0.512613358,0.906172045,0.0,2909.0
0.8761690218699809,0.467268912,0.4812378595,0.9026520174999999,0.0,2909.0
0.8681871715809454,0.6286871676666667,0.5436378413333333,0.9034371343333333,0.0,2909.0
0.8715725527094649,0.474319618,0.6635987999999999,0.9137320595,0.0,2909.0
0.9008605666189187,0.205792459,0.6988000089999999,0.919935838,0.0,2909.0
0.905109553033686,0.001352942,0.6700623655,0.8873559865,0.0,2909.0
0.8677120312108973,0.0,0.587954317,0.9128996846666667,0.0,2909.0
0.7876807511215994,0.0,0.4765428166,0.9051796716,0.0,2909.0
0.839116870508674,0.0,0.422979518,0.8805963784999999,0.0,2909.0
0.9223120069404489,0.08430775650000001,0.372319183,0.8569370875,0.0,2909.0
0.9299847442785437,0.3011229,0.279395626,0.82850747,0.0,2909.0
0.9266741763613986,0.4885834555,0.2434861095,0.8101890815,0.0,2909.0
0.9262384227463046,0.5584726496666667,0.16982666800000001,0.6755701416666667,0.0,2909.0
0.9333779338769537,0.371912669,0.1823928795,0.61297848,0.0,2909.0
0.9541875032177035,0.1699959845,0.190461875,0.618701238,0.0,2909.0
0.9617509065546321,0.003557212,0.219388011,0.762340897,0.0,2909.0
0.9483713712139832,0.0,0.254317799,0.778347001,0.0,2909.0
0.8926630847231587,0.0,0.288405812,0.785545299,0.0,2909.0
0.8111474312433605,0.0,0.33242254299999996,0.808698108,0.0,2909.0
0.8073793905415304,0.0,0.368773052,0.791199307,0.0,2909.0
0.9019388795047578,0.0021285605,0.369327225,0.7466660265,0.0,2909.0
0.9527915639478823,0.1828787905,0.33275073850000003,0.706056436,0.0,2909.0
0.9524812613651119,0.41793532899999997,0.2936751355,0.6575002415,0.0,2909.0
0.9498003593438836,0.577635994,0.241903538,0.565250652,0.0,2909.0
0.9497944445311068,0.641384953,0.2675720025,0.497401993,0.0,2909.0
0.9581507391499245,0.5432780945,0.268031288,0.4621456015,0.0,2909.0
0.977076570046864,0.286747586,0.2676925585,0.479596845,0.0,2909.0
0.9802204380944637,0.0029328475,0.258738477,0.50642755,0.0,2909.0
0.9397804017089115,0.0,0.1918720125,0.5727937115,0.0,2909.0
0.8666534817820206,0.0,0.192845601,0.5938574015,0.0,2909.0
0.8400903661594674,0.0,0.329023014,0.6594140106,0.0,2909.0
0.9383625391792807,0.0034608255,0.5061999275,0.729950538,0.0,2909.0
0.9805288627554398,0.1121441955,0.5797472340000001,0.7820181845,0.0,2909.0
0.963424851091009,0.175637784,0.604993215,0.798695761,0.0,2909.0
0.9571837782418093,0.25488481350000003,0.5552155685,0.7683568105,0.0,2909.0
0.9503636458470037,0.343771708,0.5489846295,0.7349749895,0.0,2909.0
0.9487462696796725,0.225160503,0.5718026835000001,0.7403227649999999,0.0,2909.0
0.9651976130164052,0.1628309245,0.5068882695,0.7656899705,0.0,2909.0
0.9631361428894519,0.002912902,0.4813613905,0.8058449025,0.0,2909.0
0.9052040675944046,0.0,0.4064441013333333,0.760954125,0.0,2909.0
0.798426948914413,0.0,0.33911779225000005,0.6463378785,0.0,2909.0
0.8283777082168423,0.0,0.3034314643333333,0.5736562286666667,0.0,2909.0
0.9266028681663693,0.039241034,0.3095551655,0.6371216585,0.0,2909.0
0.932789954906224,0.143686581,0.29434459,0.714490272,0.0,2909.0
0.931941575365128,0.215205542,0.25508059299999997,0.815953476,0.0,2909.0
0.9274800008253478,0.33101362425,0.32308141875,0.88127109,0.0,2909.0
0.9401373669124375,0.2958218495,0.445602446,0.882112638,0.0,2909.0
0.9522751757826867,0.127339166,0.487772719,0.848462215,0.0,2909.0
0.9542657128612985,0.003858549,0.512479304,0.79565353,0.0,2909.0
0.9013596637522391,0.0,0.4609773076666667,0.7030029896666666,0.0,2909.0
0.8003764566166153,0.0,0.4016282543333333,0.5728168920000001,0.0,2909.0
0.8239162432511573,0.0,0.30213814075,0.4225880245,0.0,2909.0
0.9409601148687154,0.08728087450000001,0.218292397,0.31224871499999995,0.0,2909.0
0.9536881088848407,0.296650605,0.138238969,0.193835395,0.0,2909.0
0.9517437176624219,0.491419859,0.09915175000000001,0.12372168,0.0,2909.0
0.944554383300173,0.6700361923333333,0.06465996333333333,0.065943242,0.0,2909.0
0.9429253492411053,0.6204018035000001,0.055880259,0.031323824,0.0,2909.0
0.9624700011684633,0.32315566549999997,0.08707677850000001,0.038317518,0.0,2909.0
0.9733077779574808,0.0053982015,0.1045826455,0.0722337925,0.0,2909.0
0.9338897690118491,0.0,0.092989261,0.1689699705,0.0,2909.0
0.8498057390724348,0.0,0.1285897375,0.3447045465,0.0,2909.0
0.7994554073064283,0.0,0.20403326966666668,0.5708936023333333,0.0,2909.0
0.7962829852813129,0.00153434025,0.32756463324999996,0.721230342,0.0,2909.0
0.853750713801763,0.066142434,0.4225003915,0.8250923800000001,0.0,2909.0
0.8744257408470413,0.1593959955,0.462849741,0.8698317285,0.0,2909.0
0.8667641924673234,0.20644079033333332,0.5059673450000001,0.8438861793333333,0.0,2909.0
0.8740603254643737,0.095970516,0.5409802429999999,0.782789966,0.0,2909.0
0.8998095278351457,0.0405767905,0.53143685,0.7284932770000001,0.0,2909.0
0.8974385998307137,0.0014753315,0.505959015,0.7394597205,0.0,2909.0
0.8398284070109246,0.0,0.44623795224999996,0.6521996942499999,0.0,2909.0
0.7705828517221519,0.0,0.316923172,0.5523663,0.0,2909.0
0.8238520784222034,0.031400576666666666,0.20023496333333335,0.603779175,0.0,2909.0
0.8646824263835259,0.12491428,0.15280707,0.663184339,0.0,2909.0
0.8639908878570212,0.2330261435,0.1458721485,0.6929407814999999,0.0,2909.0
0.8537390559100264,0.42675938633333327,0.19739778,0.7041980919999999,0.0,2909.0
0.8663274058441416,0.474436649,0.25089068800000003,0.7098586835,0.0,2909.0
0.8898411616231614,0.2715063195,0.2931902085,0.7123755755000001,0.0,2909.0
0.8943528491953576,0.0084238895,0.3712690395,0.739673326,0.0,2909.0
0.8416599746906329,0.0,0.327284474,0.6339717776666666,0.0,2909.0
0.8184152884966887,0.0,0.283105525,0.687807674,0.0,2909.0
0.9535255400055719,0.0189722565,0.2855375415,0.659489538,0.0,2909.0
0.9652049833983304,0.3535643105,0.2077319255,0.603388992,0.0,2909.0
0.9576384816623833,0.6794577749999999,0.1661801985,0.5011220550000001,0.0,2909.0
0.9435533091574596,0.8538214653333333,0.16495356233333333,0.37552721399999994,0.0,2909.0
0.9537516243452986,0.670130288,0.229785711,0.405097052,0.0,2909.0
0.9647012226706443,0.3554340805,0.30018357900000003,0.46939664150000004,0.0,2909.0
0.956599179030114,0.0140132785,0.367645455,0.5043212715000001,0.0,2909.0
0.8744952810590972,0.0,0.29945621299999997,0.4369677033333333,0.0,2909.0
0.8156630622324895,0.0,0.2826291495,0.40275153399999997,0.0,2909.0
0.8508654157650046,0.0,0.22295793425000002,0.29196556425000003,0.0,2909.0
0.9723825036619305,0.02553739,0.2060281645,0.2766511215,0.0,2909.0
0.967292930128016,0.380065883,0.1289749315,0.239138097,0.0,2909.0
0.9569379771300414,0.616763043,0.072724502,0.211658267,0.0,2909.0
0.9473114602110448,0.777737501,0.0918656695,0.21805241949999998,0.0,2909.0
0.9438064021829706,0.7588529135,0.10967535049999999,0.2131377635,0.0,2909.0
0.9565279174157985,0.5594523485,0.123674309,0.252898716,0.0,2909.0
0.9694258500678732,0.252205656,0.1983802325,0.349403959,0.0,2909.0
0.9599842476406011,0.0117208985,0.2776396615,0.3975048645,0.0,2909.0
0.8784700339946321,0.0,0.22784380533333337,0.37313808033333334,0.0,2909.0
0.8425646250886096,0.0,0.18510275050000002,0.3056265756666667,0.0,2909.0
0.9655419973631352,0.02152953,0.17056021799999999,0.353474449,0.0,2909.0
0.9597185887641615,0.3237120885,0.096130961,0.3048176975,0.0,2909.0
0.9458192376680798,0.618466749,0.0586941735,0.2515013735,0.0,2909.0
0.9340523372658733,0.7615112835,0.0825545665,0.17994760999999998,0.0,2909.0
0.9332712762347825,0.6393658280000001,0.08579311049999999,0.182583035,0.0,2909.0
0.954737034654895,0.40076539899999997,0.07444862899999999,0.2171593725,0.0,2909.0
0.9598260448435333,0.1309385515,0.1359148025,0.2670029065,0.0,2909.0
0.939476905850168,0.0,0.170905757,0.320032863,0.0,2909.0
0.8688639222418488,0.0,0.15953716466666668,0.33388991733333334,0.0,2909.0
0.8312266243715118,0.0,0.24684581733333333,0.35621208433333335,0.0,2909.0
0.9667533510198282,0.024573777,0.32839433900000004,0.365699712,0.0,2909.0
0.9627297918128396,0.308522444,0.296211438,0.359238552,0.0,2909.0
0.9471364986735686,0.6312979495,0.22816297000000002,0.345046961,0.0,2909.0
0.9358542518403745,0.8036261805,0.24065716850000002,0.32797175850000004,0.0,2909.0
0.9337323643393595,0.7337299255,0.32200249999999997,0.386007288,0.0,2909.0
0.9485141292219164,0.4951757615,0.336454128,0.41572619050000004,0.0,2909.0
0.9569401364118516,0.156768576,0.3712630155,0.422912485,0.0,2909.0
0.9289383060436512,0.0,0.3809667955,0.4117925025,0.0,2909.0
0.8295194593454462,0.0,0.33026674975000003,0.32558935224999996,0.0,2909.0
0.8219534895883438,0.0,0.2537210703333333,0.19970486566666668,0.0,2909.0
0.9287162120141932,0.0,0.1871159875,0.1401031965,0.0,2909.0
0.9717132638545454,0.19186741499999999,0.1061210065,0.118171617,0.0,2909.0
0.9537692287288657,0.426629837,0.033425438,0.106380918,0.0,2909.0
0.9386434546462663,0.6712167035000001,0.020345007,0.0978764765,0.0,2909.0
0.9236378114428178,0.8243920305,0.02746494625,0.10306433425,0.0,2909.0
0.9401922921389905,0.5489659375,0.027498375499999998,0.1281379905,0.0,2909.0
0.9503896528911318,0.1710665395,0.063037415,0.145216234,0.0,2909.0
0.9255781649926983,0.0,0.079682242,0.179116313,0.0,2909.0
0.8456183908215756,0.0,0.08781752849999999,0.219632398,0.0,2909.0
0.8003319533818777,0.0,0.11061534249999999,0.19789940516666668,0.0,2909.0
0.8410215934077079,0.052725805,0.1086189255,0.18271185099999998,0.0,2909.0
0.8799392689032682,0.4024656815,0.06204180149999999,0.1438797455,0.0,2909.0
0.8779994316490166,0.670519949,0.023742093,0.10252007,0.0,2909.0
0.8651188213952485,0.839665919,0.024805349,0.088714852,0.0,2909.0
0.8624512831411121,0.8539713473333332,0.03160181633333333,0.09396533266666666,0.0,2909.0
0.889315196588272,0.546111384,0.032958328,0.126986929,0.0,2909.0
0.8990976154046515,0.173913005,0.0655952375,0.16462048499999998,0.0,2909.0
0.9007139589807246,0.0,0.074329214,0.194462601,0.0,2909.0
0.8187716906675608,0.0,0.060464624999999994,0.19880997433333333,0.0,2909.0
0.7121881823795155,0.0,0.050959347,0.19062130775,0.0,3949.0
0.7401250417181093,0.0282982815,0.0818541435,0.241031944,0.0,4989.0
0.8025171222935004,0.39367966050000003,0.09358217099999999,0.243179691,0.0,4989.0
0.8090545553988202,0.705864279,0.0480089555,0.2437756985,0.0,4989.0
0.8000566714718601,0.8132097502500001,0.05092386575,0.22183583299999998,0.0,4989.0
0.8163093930821427,0.46643139050000004,0.0825005265,0.295248686,0.0,4989.0
0.8170723804836846,0.117990587,0.1927670405,0.3615428175,0.0,4989.0
0.7961010875942025,0.0,0.2609998175,0.403663803,0.0,4989.0
0.7290301973807349,0.0,0.25763690625,0.43734828299999995,0.0,4989.0
0.7360196934991914,0.0,0.33233013625,0.5273157485,0.0,4989.0
0.8365691965190212,0.0076552775,0.416262292,0.6428478265,0.0,4989.0
0.8358819771813815,0.060483918,0.44218419249999996,0.6916703195,0.0,4989.0
0.8410457228426638,0.118824847,0.447080893,0.72515382,0.0,4989.0
0.84013711350085,0.147452686,0.400230373,0.7626469094999999,0.0,4989.0
0.8388675017519054,0.14684207999999999,0.4500127215,0.8248997755,0.0,4989.0
0.8444132027006958,0.081376767,0.5069315626666667,0.8557483650000001,0.0,4989.0
0.8411284386232231,0.0185461395,0.4841507045,0.8710129019999999,0.0,4989.0
0.8135788551942437,0.0,0.43995989599999996,0.8810881786666668,0.0,4989.0
0.7275069331687811,0.0,0.402917167,0.8784484720000001,0.0,4989.0
0.7152752512386494,0.0,0.398082375,0.8645828136666668,0.0,4989.0
0.8048009449885041,0.01415117025,0.42437591025,0.79956064225,0.0,4989.0
0.8370798580700283,0.2111429225,0.46056286599999996,0.6897201035,0.0,4989.0
0.8368342917375624,0.39936330200000003,0.5148904905,0.5931122645,0.0,4989.0
0.8260914209123076,0.5250195413333333,0.6230758946666667,0.47140015633333326,0.0,4989.0
0.828898947653955,0.460372742,0.60102812,0.4659478185,0.0,4989.0
0.8340008206846495,0.29175093100000005,0.504969362,0.4505326275,0.0,4989.0
0.8353603779160707,0.04708885,0.5071585654999999,0.457098455,0.0,4989.0
0.7827160596892152,0.0,0.49648422166666667,0.47735928499999997,0.0,4989.0
0.7389104133434546,0.0,0.3942255728333334,0.4088601416666666,0.0,4989.0
0.8426558693080777,0.060403992,0.297646132,0.4971259005,0.0,4989.0
0.8362322766535105,0.32272433050000005,0.201700202,0.5667360269999999,0.0,4989.0
0.8263286466918308,0.613982248,0.16316077099999998,0.5706990215000001,0.0,4989.0
0.8167807151883615,0.6666131925000001,0.16307002450000002,0.5886186959999999,0.0,4989.0
0.8180107996065514,0.4155918395,0.2426278575,0.672186424,0.0,4989.0
0.82836406288132,0.17333540549999998,0.35114667200000005,0.7940872560000001,0.0,4989.0
0.8262902463642507,0.0347390225,0.527711107,0.8772619269999999,0.0,4989.0
0.8083924980873943,0.0,0.6110666124999999,0.8716861685,0.0,4989.0
0.7432595561082944,0.0,0.5714089375,0.759360027,0.0,4989.0
0.7012224232558988,0.0,0.4265998226666667,0.524912781,0.0,4989.0
0.759746495082183,0.0,0.23406814825,0.2423319605,0.0,4989.0
0.8211445746451396,0.031889766,0.110932552,0.15075227800000002,0.0,4989.0
0.8253191541532368,0.071483768,0.059979856,0.130447481,0.0,4989.0
0.8234209563055919,0.122228188,0.040477623500000004,0.17051111400000002,0.0,4989.0
0.8190375679627385,0.171493836,0.0550429515,0.2317978485,0.0,4989.0
0.8144646648919023,0.195932377,0.100821771,0.280308187,0.0,4989.0
0.8203811173723712,0.1469952705,0.192519048,0.356471879,0.0,4989.0
0.8171428911793803,0.035470091,0.3169594775,0.5036137375,0.0,4989.0
0.8035157709044629,0.0,0.381673047,0.6213680655,0.0,4989.0
0.7395082508565161,0.0,0.4118443865,0.5968448745,0.0,4989.0
0.7037275842265166,0.0,0.4280915648,0.47523106979999996,0.0,4989.0
0.8062437113183789,0.0,0.38655687149999995,0.46395353100000003,0.0,4989.0
0.8202853508637897,0.0169307665,0.3421530505,0.4547817155,0.0,4989.0
0.8259044098716357,0.041161305499999995,0.28438724849999997,0.482465763,0.0,4989.0
0.8253376970287677,0.097343283,0.2215974585,0.520183558,0.0,4989.0
0.8234309086345954,0.198321167,0.18955119850000002,0.5964996085000001,0.0,4989.0
0.8277648645236488,0.21881060600000002,0.2053901595,0.7849932005,0.0,4989.0
0.8330562519697038,0.13039714,0.263153056,0.817002284,0.0,4989.0
0.8311716209893989,0.0463201885,0.34020645699999996,0.835095396,0.0,4989.0
0.8243121022564688,0.0,0.436867399,0.876610329,0.0,4989.0
0.7924715796544238,0.0,0.518661864,0.9104717975000001,0.0,4989.0
0.7082161326884882,0.0,0.6191712465,0.9251982400000001,0.0,4989.0
0.6954849702459627,0.0,0.62261739,0.8960136009999999,0.0,4989.0
0.7155609158542872,0.0015483475,0.5678328447500001,0.758155401,0.0,4989.0
0.7758722203163069,0.2730624465,0.4333125745,0.6028296635,0.0,4989.0
0.794906305104574,0.62044946,0.370243237,0.619538988,0.0,4989.0
0.7844707246426019,0.8014003285,0.4415130945,0.7626575584999999,0.0,4989.0
0.7826475911461974,0.687588647,0.5328546775,0.8516408385,0.0,4989.0
0.7948760260775392,0.42247300249999997,0.538317404,0.8770386975,0.0,4989.0
0.8103716750990566,0.1803221415,0.507382326,0.886918136,0.0,4989.0
0.8098350065039213,0.055512936,0.499388939,0.885803097,0.0,4989.0
0.7762668665036392,0.00043273199999999996,0.4883839526666667,0.8680551836666667,0.0,4989.0
0.7054904222090086,0.0,0.4192465165,0.7824393035,0.0,4989.0
0.6908248446323584,0.0,0.3597628805,0.612963532,0.0,4989.0
0.6913165875359025,0.0,0.2872529575,0.38461224949999995,0.0,4989.0
0.729831933735758,0.029284963,0.18923577133333333,0.18960334266666665,0.0,4989.0
0.7857349614773778,0.24682224800000002,0.07829550299999999,0.17331061050000002,0.0,4989.0
0.7834207422093771,0.544755106,0.0529587115,0.1650166635,0.0,4989.0
0.7700034400701169,0.6174788665000001,0.0391327165,0.0928919605,0.0,4989.0
0.7849508723872722,0.33157269,0.024064540500000002,0.1052730075,0.0,4989.0
0.7971278559503896,0.0808900675,0.06063715,0.130905165,0.0,4989.0
0.7693910892258842,0.000401609,0.15671553133333335,0.2472291643333333,0.0,4989.0
0.7090775393025236,0.0,0.22168223433333334,0.38819001366666667,0.0,4989.0
0.7066120498440372,0.0,0.19921736499999998,0.319629433,0.0,4989.0
0.8095467209676325,0.0016842915,0.157391512,0.2113375205,0.0,4989.0
0.8206723606276707,0.048310584,0.125806009,0.225069396,0.0,4989.0
0.8151147515851443,0.13426105,0.10395511,0.285042246,0.0,4989.0
0.8096644573167374,0.2068470845,0.1011484725,0.371123493,0.0,4989.0
0.805489408250036,0.2691694575,0.1350307225,0.504538932,0.0,4989.0
0.8059574443838924,0.29153315599999996,0.26676196750000003,0.6268392979999999,0.0,4989.0
0.8172066889377209,0.2382113025,0.410068055,0.6657425859999999,0.0,4989.0
0.8210441603817191,0.1072768285,0.49208320099999997,0.6960802835,0.0,4989.0
0.8100183713272031,0.000973266,0.5416262275,0.7694584715,0.0,4989.0
0.7282339143038553,0.0,0.59161605225,0.8381384505,0.0,4989.0
0.7345553443551259,0.0,0.55698852,0.821391419,0.0,4989.0
0.8353357789225107,0.07366703349999999,0.460246853,0.702386114,0.0,4989.0
0.8293062375351534,0.3591345495,0.327442794,0.5352569855,0.0,4989.0
0.8247485913674857,0.640495889,0.229473885,0.382348898,0.0,4989.0
0.812012176058514,0.7999327046,0.1361911846,0.3224877056,0.0,4989.0
0.816218227122442,0.437894476,0.1093018655,0.3296973635,0.0,4989.0
0.8130105150484102,0.164997904,0.158404051,0.32760231,0.0,4989.0
0.8032510827200778,0.001406442,0.14663946233333333,0.321132735,0.0,4989.0
0.7275356631526179,0.0,0.100895743,0.3673366265,0.0,4989.0
0.7220625774724413,0.0,0.09259488475,0.36870610824999994,0.0,4989.0
0.8248439827293794,0.0106785645,0.1274798765,0.3349346495,0.0,4989.0
0.8285442358315336,0.2953338245,0.1177527325,0.33737263100000003,0.0,4989.0
0.8208235688147454,0.560350762,0.067963609,0.342152788,0.0,4989.0
0.8125829919432304,0.7727602585,0.0814573995,0.3636075905,0.0,4989.0
0.809059453251451,0.8955551063333332,0.12242017266666667,0.41992669666666665,0.0,4989.0
0.8118379840719432,0.703325321,0.14607811650000002,0.4779025415,0.0,4989.0
0.8162408075141997,0.387466758,0.17135818549999998,0.454012737,0.0,4989.0
0.8166708181545415,0.07200197,0.2242181695,0.3909098085,0.0,4989.0
0.7783828705583087,0.0,0.20238483466666665,0.27382571133333333,0.0,4989.0
0.7360211798616304,0.0,0.13236536866666668,0.1387623788333333,0.0,4989.0
0.8399301825878883,0.09208797599999999,0.07070775,0.094155354,0.0,4989.0
0.8224474700334655,0.324891058,0.029098044,0.101228808,0.0,4989.0
0.8137525652006867,0.5516577739999999,0.017497963,0.1091823715,0.0,4989.0
0.8066739098446867,0.7549972775,0.024353113500000002,0.092705624,0.0,4989.0
0.8029803699925099,0.7595804516666668,0.033084351000000005,0.08935449466666667,0.0,4989.0
0.8083027873842199,0.5593775315,0.046342385,0.0929828905,0.0,4989.0
0.8102605103820543,0.310926468,0.075805106,0.092900212,0.0,4989.0
0.8121554222573368,0.07403151599999999,0.112210386,0.11473247850000001,0.0,4989.0
0.7716082117776732,0.0,0.11291986833333333,0.114467108,0.0,4989.0
0.7165944364340241,0.0,0.08638830066666665,0.10737577300000001,0.0,4989.0
0.7747102051704309,0.0094124885,0.06133761625,0.1647976955,0.0,4989.0
0.8295805810574143,0.218498688,0.062969813,0.211591258,0.0,4989.0
0.8159573566808493,0.4932988795,0.032414936,0.2033992795,0.0,4989.0
0.807713869608904,0.734212679,0.018890909,0.193140679,0.0,4989.0
0.8033241906813418,0.8841654999999999,0.023923884,0.18855738049999998,0.0,4989.0
0.7947804002489656,0.9203537785,0.032237375,0.19658962000000002,0.0,4989.0
0.7975781936013847,0.759521918,0.0426211185,0.2156342105,0.0,4989.0
0.8045239022858249,0.4476542045,0.0786729545,0.25811769900000003,0.0,4989.0
0.8069981081733937,0.0924262405,0.1707709005,0.35345866049999997,0.0,4989.0
0.7863986616186737,0.0,0.26278560900000003,0.47406857700000005,0.0,4989.0
0.7101706869473001,0.0,0.337729942,0.5513163569999999,0.0,4989.0
0.7132186007045594,0.007955374333333333,0.3748183651666667,0.5762468551666666,0.0,4989.0
0.7674690751907676,0.321077983,0.253656065,0.5611823149999999,0.0,4989.0
0.7766136133366354,0.593911189,0.144073865,0.561183089,0.0,4989.0
0.7623127468047464,0.803133359,0.137663472,0.553747604,0.0,4989.0
0.7397441072464216,0.930690878,0.14034159,0.48980401733333334,0.0,4989.0
0.7439933205207276,0.752034619,0.15114555000000002,0.4671470555,0.0,4989.0
0.755555449604405,0.41266199000000003,0.185371005,0.43005151,0.0,4989.0
0.7783114290819979,0.0786576875,0.200031081,0.35092935449999996,0.0,4989.0
0.7413759109301191,0.0,0.14090125466666667,0.16916566033333333,0.0,4989.0
0.7114575141330849,0.007489174714285714,0.11278950042857142,0.11062910271428572,0.0,4989.0
0.7633713904371247,0.29236036,0.1583268805,0.172710818,0.0,4989.0
0.7655570291157666,0.6112229545000001,0.0735739475,0.1838479525,0.0,4989.0
0.7438481215583461,0.8248037564999999,0.041415153499999996,0.19077424799999998,0.0,4989.0
0.7543709714564222,0.7637644445,0.0420985815,0.21523549025000002,0.0,4989.0
0.7810389937239817,0.3776509785,0.1333348245,0.254639293,0.0,4989.0
0.7844612656314927,0.152595679,0.21392343,0.280642492,0.0,4989.0
0.7730745673312736,0.0055184555,0.25074622550000003,0.290307228,0.0,4989.0
0.7169192605282476,0.0,0.21538339266666665,0.23356038766666667,0.0,4989.0
0.7146607237412308,0.0,0.13540185200000002,0.1383151532,0.0,4989.0
0.8218941830653075,0.080175452,0.07932615600000001,0.0979987925,0.0,4989.0
0.8119857649814032,0.21460471849999999,0.033130173,0.073824749,0.0,4989.0
0.8099001651068717,0.329323384,0.019141034,0.048007546,0.0,4989.0
0.8064816724896176,0.4050411865,0.019555199000000002,0.040930043,0.0,4989.0
0.800306916508767,0.469807898,0.024313786,0.04244472366666666,0.0,4989.0
0.8033901008281565,0.313866687,0.0370816415,0.043098961,0.0,4989.0
0.8046723409524774,0.1354761105,0.065497975,0.0522086285,0.0,4989.0
0.8018843114178514,0.007196027,0.077667585,0.069259552,0.0,4989.0
0.7491463549104155,0.0,0.06852044233333332,0.08133609166666667,0.0,4989.0
0.6921524953253644,0.0,0.06543297433333332,0.09050112700000001,0.0,4989.0
0.7548155939039407,0.007646051,0.0764630875,0.1191016515,0.0,4989.0
0.8170785303883858,0.0880873405,0.087892254,0.15270754450000001,0.0,4989.0
0.81256764125339,0.1837608165,0.056009317,0.1789502865,0.0,4989.0
0.8102240817629405,0.245302055,0.0516833575,0.2400328085,0.0,4989.0
0.809532660938709,0.2498673065,0.093247141,0.30810078725,0.0,4989.0
0.8144924563837752,0.135977603,0.15900106149999998,0.439868876,0.0,4989.0
0.8063769396625766,0.033092342,0.201155615,0.4731453965,0.0,4989.0
0.7548794578860925,0.0,0.19653525866666666,0.41058906433333336,0.0,4989.0
0.6974335155927036,0.0,0.1869005625,0.320030864,0.0,4989.0
0.7229745782966236,0.0,0.1734447555,0.282602666,0.0,4989.0
0.8242835601585982,0.112184657,0.1340062765,0.21300840850000002,0.0,4989.0
0.8123960122689898,0.391463638,0.0608811,0.1409211995,0.0,4989.0
0.8015073477696462,0.6397598895,0.023803229000000002,0.126652905,0.0,4989.0
0.7912833852616693,0.7001750650000002,0.025949985,0.16820496100000001,0.0,4989.0
0.7932737661333686,0.48993769400000003,0.0437846415,0.2781008535,0.0,4989.0
0.805980353029002,0.22473441249999998,0.092256019,0.3160072275,0.0,4989.0
0.8026838221630457,0.045450404,0.13091905,0.393358996,0.0,4989.0
0.748711289585286,0.0,0.15187326866666667,0.46057829266666667,0.0,4989.0
0.6886390811132355,0.0,0.18050503799999998,0.545738838,0.0,4989.0
0.7504472512879328,0.01399885775,0.24256828474999997,0.6114977880000001,0.0,4989.0
0.8151665781000568,0.2593114635,0.2041762245,0.667577987,0.0,4989.0
0.8086477822821843,0.515344324,0.12113176,0.643677806,0.0,4989.0
0.7991019156486087,0.7466101285,0.1095360955,0.5621588755,0.0,4989.0
0.7791208329142815,0.853311238,0.13416091175,0.461790929,0.0,4989.0
0.777495980855019,0.5919773715000001,0.212340093,0.411140561,0.0,4989.0
0.7815480352665423,0.268617315,0.2995191655,0.3577134005,0.0,4989.0
0.7905793907188499,0.015677903,0.296713384,0.2637139765,0.0,4989.0
0.7188095715420272,0.0,0.22935360999999999,0.29621807299999997,0.0,4989.0
0.6998337605292273,0.0,0.19583615225,0.52340187625,0.0,4989.0
0.8113157586242862,0.02005181166666667,0.19979212266666665,0.613323075,0.0,4989.0
0.8097321040800944,0.11944285199999999,0.19984508550000002,0.634859218,0.0,4989.0
0.800823367823655,0.2522467,0.192612048,0.585930201,0.0,4989.0
0.7844111522864543,0.423306079,0.190534074,0.483719807,0.0,4989.0
0.7726808565096825,0.582588827,0.176196951,0.34929318675,0.0,4989.0
0.7762648866669946,0.26853339600000004,0.16924204650000002,0.29898295799999997,0.0,4989.0
0.7831101579539685,0.038593943,0.1719731275,0.3188338645,0.0,4989.0
0.7319936460796925,0.0,0.133023159,0.3890175093333334,0.0,4989.0
0.6674213325852225,0.0,0.12289079699999998,0.6064100798000001,0.0,4989.0
0.7071756174987582,0.021362822333333333,0.25449585933333335,0.6620941556666666,0.0,4989.0
0.7713318030728962,0.150182308,0.2945238645,0.6252620925,0.0,4989.0
0.7718568761965354,0.3581545485,0.31504027749999997,0.5820758075,0.0,4989.0
0.7630741073201525,0.4784938776666667,0.28113664200000005,0.5528458399999999,0.0,4989.0
0.7633503359545193,0.39914196049999995,0.241659806,0.5451754825,0.0,4989.0
0.7805553955676507,0.19155363450000001,0.220512633,0.550767054,0.0,4989.0
0.7793237617936404,0.050497977,0.22523617,0.570635981,0.0,4989.0
0.7291116969044703,0.0,0.214147788,0.5892256413333333,0.0,4989.0
0.6803430942422808,0.0,0.1898557505,0.5879216695,0.0,4989.0
0.6818960627252817,0.00028009075,0.1629911575,0.57347060625,0.0,4989.0
0.731950057994458,0.055939970000000006,0.1139591825,0.505062916,0.0,4989.0
0.7761935550252973,0.203935776,0.070378201,0.41803547350000003,0.0,4989.0
0.7854777061993661,0.309922196,0.057359206,0.355814742,0.0,4989.0
0.7834075042206332,0.3356247375,0.043445266499999996,0.265443245,0.0,4989.0
0.7825116324635646,0.36782668933333335,0.038477832999999996,0.1995394496666667,0.0,4989.0
0.7968853880169421,0.273450747,0.036071932,0.1781374705,0.0,4989.0
0.7998312442640814,0.1400118115,0.030585638499999998,0.1071568015,0.0,4989.0
0.7938626367027263,0.032932736,0.038936588,0.070690124,0.0,4989.0
0.7467722816136292,0.0,0.05198302633333333,0.05615095333333333,0.0,4989.0
0.7086068590097631,0.0,0.07575448800000001,0.12350152566666667,0.0,4989.0
0.7660795673419745,0.0145615705,0.094454447,0.27051620224999995,0.0,4989.0
0.821227853770975,0.1444146615,0.0711939385,0.44590698,0.0,4989.0
0.8149947615423128,0.364708012,0.065629027,0.497542266,0.0,4989.0
0.8113371338573095,0.5248328529999999,0.0924156985,0.529132162,0.0,4989.0
0.8065405095582571,0.4872051103333333,0.11719209666666668,0.5438104383333333,0.0,4989.0
0.8093194158380593,0.4208482405,0.1548032915,0.5660559869999999,0.0,4989.0
0.8152783996363848,0.265913512,0.183782881,0.6108050495,0.0,4989.0
0.8082039693699558,0.102353514,0.290637819,0.667972071,0.0,4989.0
0.7717894406095015,0.005905082,0.4467252295,0.77319799275,0.0,4989.0
0.7000786601947669,0.0,0.5388839902,0.8507453116000001,0.0,4989.0
0.80745511218103,0.012925826000000001,0.5532573365,0.8501696935,0.0,4989.0
0.8172433054428007,0.063560856,0.5209978165,0.8552375785,0.0,4989.0
0.813736463279604,0.152399929,0.491058657,0.852320039,0.0,4989.0
0.8105922197726942,0.165395305,0.48957826000000004,0.836078804,0.0,4989.0
0.8060784434150029,0.18238128850000002,0.492450848,0.806182736,0.0,4989.0
0.8115751891278424,0.142499084,0.503736088,0.8075742265,0.0,4989.0
0.809808529901189,0.081518535,0.4498423965,0.8072821370000001,0.0,4989.0
0.7975697437348654,0.0126494595,0.42508909100000003,0.7595416305,0.0,4989.0
0.7342343736947338,0.0,0.367259973,0.6517209065,0.0,4989.0
0.6956311786655565,0.0,0.2958934165,0.5049460105,0.0,4989.0
0.6973584438427368,0.0,0.24082289533333334,0.40925323,0.0,4989.0
0.8016549879990982,0.012788538,0.1953847575,0.42106012000000004,0.0,4989.0
0.8153118711617324,0.08607308,0.159060806,0.4468804095,0.0,4989.0
0.811271411909083,0.164763877,0.139642879,0.429250971,0.0,4989.0
0.8098760356719158,0.2659566165,0.139128753,0.41654581199999996,0.0,4989.0
0.8090706573199029,0.37437417949999996,0.0983837075,0.3326519615,0.0,4989.0
0.8087456768103519,0.38079517733333335,0.13550174733333334,0.39541160599999997,0.0,4989.0
0.8121990333724098,0.2162211585,0.156374755,0.4308970465,0.0,4989.0
0.8063832768279994,0.11651174,0.176274259,0.413758386,0.0,4989.0
0.7984219260128863,0.0278710335,0.196895022,0.38330395399999995,0.0,4989.0
0.7370709434592875,0.0,0.174405103,0.335190828,0.0,4989.0
0.7040225923289254,0.0,0.14749504100000002,0.32191305220000005,0.0,4989.0
0.80670564444087,0.0413372455,0.10364907000000001,0.22514767800000002,0.0,4989.0
0.8172742419144058,0.2291112775,0.047114337,0.1631238985,0.0,4989.0
0.8114440731721189,0.413222674,0.046203533,0.134935545,0.0,4989.0
0.8070871148512843,0.5681025074999999,0.0721818885,0.15900516450000002,0.0,4989.0
0.8042205475760227,0.65285417525,0.09404287875,0.21896305125,0.0,4989.0
0.8103689993653063,0.469903744,0.1293610175,0.227180386,0.0,4989.0
0.8067107611290687,0.2308291885,0.129938864,0.252102204,0.0,4989.0
0.8030464677126687,0.085461962,0.162291814,0.297505404,0.0,4989.0
0.7595468912529665,0.0,0.18977174900000002,0.318844193,0.0,4989.0
0.7043024702026973,0.0,0.1961809785,0.257555638,0.0,4989.0
0.7295851038884063,0.00172536575,0.12298233,0.14710226475000002,0.0,4989.0
0.8257717451853364,0.1614301225,0.061371760500000004,0.1066431425,0.0,4989.0
0.8134286485446178,0.4548068715,0.021232484000000003,0.1240988445,0.0,4989.0
0.8057279796598869,0.733911115,0.035445832999999996,0.15896468,0.0,4989.0
0.7970830865699182,0.7691936366666666,0.03739343033333333,0.190553208,0.0,4989.0
0.8030524766247397,0.551626764,0.0451188225,0.2541743425,0.0,4989.0
0.8101464354646217,0.3257716855,0.045294085,0.293767164,0.0,4989.0
0.8032531169529923,0.1274968585,0.068492651,0.3132071625,0.0,4989.0
0.7542857986734731,0.0,0.09087365399999998,0.23519229100000003,0.0,4989.0
0.6924769907494065,0.0014045840000000002,0.07073557833333334,0.2155623025,0.0,4989.0
0.7374479067948705,0.152574323,0.044565278,0.178842997,0.0,4989.0
0.7723675377475427,0.3916734785,0.0185403975,0.1772554825,0.0,4989.0
0.771060839622292,0.619348519,0.0222278485,0.17986266099999998,0.0,4989.0
0.7662405632624438,0.691044166,0.0385176045,0.2044071275,0.0,4989.0
0.7660075780993958,0.588754554,0.043600015000000006,0.23682483399999998,0.0,4989.0
0.7768523257391162,0.447874487,0.0455437945,0.3104887745,0.0,4989.0
0.7804450292878489,0.213222964,0.066693804,0.3728385065,0.0,4989.0
0.7714953104441287,0.042083311,0.1007897325,0.3573956545,0.0,4989.0
0.7132042825017697,0.0,0.13683773533333332,0.34149749733333334,0.0,4989.0
0.6923100626864676,0.0031188246,0.10388908699999999,0.2619268518,0.0,4989.0
0.7365257308983386,0.1551228795,0.0712355045,0.1646299045,0.0,4989.0
0.7702181873206289,0.3237750815,0.031223388,0.12379435,0.0,4989.0
0.7774473934191332,0.426628265,0.035899005,0.0716620915,0.0,4989.0
0.7747233495288139,0.4541706045,0.024564964,0.0269189375,0.0,4989.0
0.7786222715633764,0.398656095,0.02389029,0.0270901,0.0,4989.0
0.7914505854310057,0.2545895255,0.023357878,0.0381539635,0.0,4989.0
0.791421010429255,0.1504321715,0.0352764245,0.038913005,0.0,4989.0
0.7734454751740718,0.038131212500000004,0.06903994100000001,0.0460347455,0.0,4989.0
0.7275837575832316,0.0,0.097717741,0.0475750865,0.0,4989.0
0.7192608952035666,0.0021414403333333333,0.08868867083333333,0.050337550333333335,0.0,4989.0
0.8237396307035288,0.11582635966666666,0.06365746866666668,0.05172781233333334,0.0,4989.0
0.811965860636018,0.404290253,0.0358831515,0.0331871435,0.0,4989.0
0.8029524850265874,0.655786338,0.0224463905,0.026871443000000002,0.0,4989.0
0.7932859949775225,0.5414514662500001,0.0216943735,0.0722054795,0.0,4989.0
0.7973971762585015,0.260470134,0.046289421,0.172608155,0.0,4989.0
0.7982158870111749,0.110454578,0.087315541,0.244015279,0.0,4989.0
0.7938625429160542,0.0266502185,0.152430595,0.33779110599999995,0.0,4989.0
0.7046940104880772,0.0,0.2099569645,0.447760029,0.0,4989.0
0.6320794261000803,0.0,0.27908614233333334,0.574365959,0.0,3714.3333333333335
0.6654286993744931,0.01173382775,0.32110197375,0.6660252755,0.0,1165.0
0.7729421608709441,0.080646626,0.2799481855,0.7283104405,0.0,1165.0
0.7764615607568909,0.155770098,0.3001742,0.7484687,0.0,1165.0
0.7765761987069772,0.209481754,0.37697463,0.76231143,0.0,1165.0
0.7751081999066773,0.20980271799999997,0.43662037400000003,0.6741361490000001,0.0,1165.0
0.7761082569850374,0.1285783405,0.461287896,0.6481017364999999,0.0,1165.0
0.776332815728234,0.064608284,0.49120420500000006,0.566822108,0.0,1165.0
0.7634830557665403,0.014296151666666666,0.552470675,0.6742578863333333,0.0,1165.0
0.6902892323877714,0.0,0.553995596,0.770193853,0.0,1165.0
0.6357392755392379,0.0,0.5128365395,0.765962432,0.0,1165.0
0.6823655536988343,0.005985867666666666,0.47014866966666674,0.7619187116666667,0.0,1165.0
0.7730457904541008,0.032023710000000004,0.417244467,0.687209156,0.0,1165.0
0.7760810994910669,0.092580683,0.3553069425,0.6346089795000001,0.0,1165.0
0.7748657086307693,0.18327297650000002,0.281846952,0.565735331,0.0,1165.0
0.772468092690971,0.262493845,0.2812532475,0.504393925,0.0,1165.0
0.7727661270391856,0.20577494333333335,0.2626033443333333,0.49459026933333333,0.0,1165.0
0.7725571697088656,0.058429319,0.2177098455,0.45937652900000003,0.0,1165.0
0.758351482893614,0.009984795,0.2005316485,0.4035049085,0.0,1165.0
0.6874582957633565,0.0,0.188457508,0.36990808,0.0,1165.0
0.6361641541207876,0.0,0.16022282166666665,0.329710218,0.0,1165.0
0.6725078005298069,0.009472031,0.12460558050000001,0.23999327149999997,0.0,1165.0
0.772640894946637,0.096868428,0.078150823,0.18439896,0.0,1165.0
0.7719970757040583,0.22647061349999997,0.0672256785,0.2658968955,0.0,1165.0
0.7643974900943409,0.299271789,0.08784627625000001,0.33426012075,0.0,1165.0
0.7614180804148271,0.22114513400000002,0.14064946550000001,0.42541193749999995,0.0,1165.0
0.7649751293971119,0.08336533800000001,0.21015697449999998,0.5135961975,0.0,1165.0
0.7683564652980558,0.029059784,0.301121339,0.601560309,0.0,1165.0
0.7544263893756253,0.007321613,0.4045940175,0.686130523,0.0,1165.0
0.6799628912024267,0.0,0.4992909425,0.7864038280000001,0.0,1165.0
0.620517160020127,0.0,0.58861582375,0.86850938075,0.0,1165.0
0.6706601033661551,0.0063944963333333335,0.6069366706666667,0.8566055276666665,0.0,1165.0
0.7718725557649722,0.050103392499999996,0.6148416845,0.7902557375,0.0,1165.0
0.7749956975833183,0.1098690195,0.553751047,0.7503389045,0.0,1165.0
0.7737304747379983,0.159943569,0.518838183,0.711483789,0.0,1165.0
0.7721516557304039,0.22341814866666665,0.4311270473333333,0.620745402,0.0,1165.0
0.7719581120312021,0.23146645249999998,0.3477761365,0.533134621,0.0,1165.0
0.7737040687878921,0.126796571,0.26284170149999997,0.432487026,0.0,1165.0
0.7709628669385642,0.047303061,0.204858333,0.358611754,0.0,1165.0
0.7586832391775901,0.012665850499999999,0.179457379,0.30026759000000003,0.0,1165.0
0.6813989680416145,0.0,0.167498892,0.272780287,0.0,1165.0
0.6186143869035755,0.008815269714285714,0.14400467457142854,0.18141590871428573,0.0,1165.0
0.6708150905308645,0.162564401,0.117989492,0.1373960945,0.0,1165.0
0.7212844735351166,0.31242623150000004,0.097747222,0.1520559715,0.0,1165.0
0.7086727140308564,0.45883711549999995,0.0690531695,0.28248109050000003,0.0,1165.0
0.6934142752619576,0.60068843325,0.10199882900000001,0.4649761605,0.0,1165.0
0.6943724811842474,0.3989585095,0.115083645,0.5072992075,0.0,1165.0
0.6980333010549412,0.20639962,0.134702289,0.510048402,0.0,1165.0
0.7061039389778845,0.0613890775,0.185627889,0.5126261845,0.0,1165.0
0.6488983601492324,0.0,0.22979620774999998,0.57218215475,0.0,1165.0
0.6254430122460315,0.0396491448,0.2941772932,0.6956079648,0.0,1165.0
0.6541098948092002,0.3450622505,0.22809859000000002,0.784728227,0.0,1165.0
0.6865552964276357,0.6044954305000001,0.2324226855,0.8101110025,0.0,1165.0
0.6882687442228543,0.7427758879999999,0.30075365249999997,0.812093873,0.0,1165.0
0.6910280827472163,0.7366626486666666,0.3621705753333333,0.724661377,0.0,1165.0
0.6965989142515818,0.5596328645,0.3659433355,0.6179726475,0.0,1165.0
0.699862936468689,0.28069771099999996,0.383689115,0.5217878215,0.0,1165.0
0.695874890522896,0.0564889805,0.4159054985,0.508592989,0.0,1165.0
0.6467055156999055,0.0,0.34812404674999997,0.4010339745,0.0,1165.0
0.6361588178675692,0.0,0.19615888366666667,0.244707746,0.0,1165.0
0.7045804986032986,0.0978948,0.12398436,0.285076377,0.0,1165.0
0.7659192051067854,0.3201335535,0.067478671,0.4311797865,0.0,1165.0
0.7577214418510095,0.4902781655,0.0927761315,0.5550934455000001,0.0,1165.0
0.7592219498211956,0.5579349785000001,0.156905864,0.633452822,0.0,1165.0
0.7626795941535832,0.54122248075,0.30253249649999997,0.763622468,0.0,1165.0
0.7619379661976415,0.34260824749999996,0.3781235595,0.7078831055,0.0,1165.0
0.7629291275059611,0.191336685,0.441004258,0.74627388,0.0,1165.0
0.7396347893974045,0.0700336835,0.5345717185000001,0.72957256,0.0,1165.0
0.6685354929254316,0.0,0.577092913,0.681078249,0.0,1165.0
0.6193710519097556,0.00021831160000000002,0.4539455294,0.6429364008,0.0,1165.0
0.6899132306781979,0.11553709949999999,0.24241382849999998,0.39644800449999995,0.0,1165.0
0.7651041326517388,0.3112395225,0.100677398,0.2635561325,0.0,1165.0
0.7615159593118829,0.446532556,0.074515519,0.213966136,0.0,1165.0
0.7572576542533919,0.637050813,0.0750559345,0.1970765355,0.0,1165.0
0.7581378390432973,0.8547305144999999,0.06966277800000001,0.18046910649999998,0.0,1165.0
0.76009699385099,0.8317662015,0.0623772925,0.1609401885,0.0,1165.0
0.759340883513479,0.6321656275,0.041205149999999996,0.14891428299999998,0.0,1165.0
0.7605672358473704,0.3328341455,0.042547517,0.173249153,0.0,1165.0
0.7385879288098662,0.083162413,0.1009725065,0.265274169,0.0,1165.0
0.675889124863728,0.0,0.1894907595,0.42772270599999995,0.0,1165.0
0.6298565764130659,0.0,0.303693958,0.6614101295000001,0.0,1165.0
0.6459054184597581,0.017634530250000002,0.36296095349999996,0.79415306875,0.0,1165.0
0.7438384981079387,0.2444327705,0.30520669,0.810358827,0.0,1165.0
0.7660695679633237,0.467112899,0.20897597,0.804792874,0.0,1165.0
0.7576733236611055,0.674706571,0.2092082235,0.8000345744999999,0.0,1165.0
0.7580292797200414,0.8785810545,0.237766805,0.8005517200000001,0.0,1165.0
0.7593973577832303,0.9178316165,0.26705044099999997,0.814165779,0.0,1165.0
0.7598825987694313,0.778041125,0.27492299600000003,0.80507885,0.0,1165.0
0.7589971562986969,0.498514401,0.26998241450000005,0.7855479919999999,0.0,1165.0
0.7575255896449815,0.254560953,0.329825558,0.79276641,0.0,1165.0
0.7386152504305126,0.0880584255,0.40386943,0.8009593015,0.0,1165.0
0.676018621123627,0.0,0.4346377445,0.80605503,0.0,1165.0
0.6297618894932857,0.0,0.4571621363333333,0.826236486,0.0,1165.0
0.6375184691982845,0.000896069,0.4181756055,0.8238160685,0.0,1165.0
0.7006711549937504,0.1396131995,0.3385007265,0.801231161,0.0,1165.0
0.7635288420029503,0.330911738,0.209414178,0.765924164,0.0,1165.0
0.7624439331004739,0.5780185335,0.152012315,0.670176497,0.0,1165.0
0.7579141015587247,0.843773297,0.16862207099999998,0.5676309150000001,0.0,1165.0
0.7601049038189012,0.9507926033333334,0.20595354133333332,0.45441154533333333,0.0,1165.0
0.7617649995026774,0.7966397285,0.21013326300000001,0.42166237100000004,0.0,1165.0
0.7606345074640396,0.5118565804999999,0.191808782,0.409505351,0.0,1165.0
0.7617463625278523,0.265621476,0.244959974,0.429368312,0.0,1165.0
0.7387351698207181,0.094437744,0.3416268185,0.48618430999999995,0.0,1165.0
0.6683644038396397,0.0,0.3872045165,0.6198585025,0.0,1165.0
0.6226861683366833,0.0,0.3908828355,0.7866468135,0.0,1165.0
0.6254776948115799,0.000798296,0.32683504700000005,0.7678018363333333,0.0,1165.0
0.6907229282190759,0.1449891595,0.250334307,0.707893631,0.0,1165.0
0.7604596631599032,0.332825856,0.145143103,0.647963342,0.0,1165.0
0.762021550442783,0.57583368,0.0798541695,0.5542674075,0.0,1165.0
0.7608332701831199,0.832899511,0.086261089,0.4578169325,0.0,1165.0
0.7700445868361773,0.9442508046666666,0.09951667066666665,0.3618195253333334,0.0,1165.0
0.7714568629105905,0.790531411,0.10538813250000001,0.3664153215,0.0,1165.0
0.7678497240299356,0.5077951955,0.08868959200000001,0.3535265265,0.0,1165.0
0.7653989201053707,0.263575026,0.113933441,0.340183846,0.0,1165.0
0.743116469221765,0.0955780135,0.143607923,0.32982196100000005,0.0,1165.0
0.6599349462380439,0.0,0.141972311,0.344756096,0.0,1165.0
0.6004310937930368,0.0,0.12348590366666666,0.3468566073333334,0.0,1165.0
0.6050607212366265,0.06730735275,0.09019486875,0.33133508324999994,0.0,1165.0
0.6493983884799976,0.404374811,0.0407167635,0.285299274,0.0,1165.0
0.6866919045308677,0.640873747,0.019512681,0.249202071,0.0,1165.0
0.7021599036783869,0.8166835775,0.024398322,0.2254952555,0.0,1165.0
0.717907491524106,0.8696190954999999,0.022452887249999998,0.17222214775,0.0,1165.0
0.7194035042991063,0.606713362,0.0192078465,0.1579218795,0.0,1165.0
0.7229161443543621,0.400372178,0.02418449,0.139417652,0.0,1165.0
0.7133609593896852,0.204439663,0.0419594985,0.11990036000000001,0.0,1165.0
0.6675086617321743,0.010598156999999999,0.050257779333333336,0.10051600433333334,0.0,1165.0
0.6029808151665793,0.04326007785714286,0.024263387857142858,0.06687959514285714,0.0,1165.0
0.6492220651600449,0.409386462,0.012347542,0.062337602500000006,0.0,1165.0
0.6985141528248955,0.699486853,0.0066507155,0.055713780000000004,0.0,1165.0
0.7204198510803078,0.881012193,0.007821424,0.0397032245,0.0,1165.0
0.737264346374274,0.8683267656666667,0.011833831666666664,0.026744366000000002,0.0,1165.0
0.7432882626454631,0.602814879,0.0205481175,0.039129269,0.0,1165.0
0.7362538989831522,0.3098467855,0.051456601000000005,0.0540749675,0.0,1165.0
0.7101340235488842,0.091501499,0.099963422,0.0847879985,0.0,1165.0
0.6422009052699736,0.0,0.10124770375,0.12992104175,0.0,1165.0
0.6454320685043712,0.0605480954,0.0543665572,0.12434768500000001,0.0,1165.0
0.7655590474049467,0.40966261049999997,0.020035442,0.086378834,0.0,1165.0
0.7816939151201621,0.7004543590000001,0.008997163,0.079114943,0.0,1165.0
0.8244706570661785,0.912861454,0.029364350999999997,0.1175967805,0.0,1165.0
0.8325577958161825,0.776143334,0.0644632985,0.2032134545,0.0,1165.0
0.8189320842170776,0.5044321355,0.0853015635,0.2520913275,0.0,1165.0
0.800898854214919,0.263284464,0.122024838,0.26169604,0.0,1165.0
0.7540196397056572,0.1042958645,0.15232248850000002,0.245625415,0.0,1165.0
0.6707056630556487,0.0,0.159634904,0.19176487450000002,0.0,1165.0
0.6198156030398047,0.0,0.133059199,0.14283213966666666,0.0,1165.0
0.6528376541573169,0.07294260375,0.10161926249999999,0.12241839674999999,0.0,1165.0
0.7661483878455307,0.3935498565,0.0317814415,0.1023031955,0.0,1165.0
0.7758076250586327,0.604985386,0.016132728,0.090842941,0.0,1165.0
0.8096279345983295,0.7715745795,0.018253801,0.0940744415,0.0,1165.0
0.8353130890087614,0.8831017786666666,0.03287887766666667,0.130587707,0.0,1165.0
0.8366859943761623,0.7149292535,0.0461732195,0.2018829815,0.0,1165.0
0.82825177209901,0.530656469,0.055858836,0.238588842,0.0,1165.0
0.8151466268613357,0.31095595600000003,0.085958635,0.27866168,0.0,1165.0
0.7616064446929676,0.103259101,0.14326277850000002,0.3256937495,0.0,1165.0
0.6732891082198449,0.0,0.16751240150000002,0.3227581645,0.0,1165.0
0.6200088731528637,0.0,0.18637394099999996,0.29671133200000005,0.0,1165.0
0.6529863505497439,0.08127007950000001,0.13232356350000002,0.14325194575,0.0,1165.0
0.7663208146418867,0.4113852255,0.027729922000000004,0.050163823499999996,0.0,1165.0
0.7729381474266297,0.621020484,0.013415611,0.025289743,0.0,1165.0
0.79225234893206,0.7965431315,0.021121296999999997,0.0206386795,0.0,1165.0
0.815480495533786,0.8191255420000001,0.0307685475,0.043732756,0.0,1165.0
0.810584520824795,0.7375752655,0.036291727499999996,0.052061317999999995,0.0,1165.0
0.7909808833332335,0.5470669100000001,0.035314414,0.058055486999999996,0.0,1165.0
0.7771228196311164,0.287345625,0.0389562405,0.08617873549999999,0.0,1165.0
0.7480913338403445,0.092720038,0.0574625795,0.1204441325,0.0,1165.0
0.6707851869631396,0.0,0.08371070850000001,0.314395902,0.0,1165.0
0.6189002368893146,0.0015838189999999998,0.1630454452,0.627331087,0.0,1165.0
0.7122666458723691,0.204110699,0.15482077966666666,0.6639746679999999,0.0,1165.0
0.7647219344567504,0.5424499425,0.1233291275,0.63724777,0.0,1165.0
0.7647648418591616,0.7815402645,0.12298667699999999,0.6400693645,0.0,1165.0
0.7779130349708402,0.85275473,0.16427316333333333,0.6932881853333334,0.0,1165.0
0.7675357597028705,0.628894033,0.19031929749999998,0.7187772029999999,0.0,1165.0
0.762486863949553,0.38532751249999997,0.2087194195,0.6961473825,0.0,1165.0
0.7652324081217916,0.202343075,0.214544501,0.669564378,0.0,1165.0
0.7465677996790867,0.0841841865,0.2492192245,0.615772709,0.0,1165.0
0.6707283841274143,0.0,0.278478275,0.530568642,0.0,1165.0
0.6200477431432554,0.0,0.31530927933333336,0.5199078540000001,0.0,1165.0
0.6529654954732341,0.061173997499999994,0.30206484625,0.580250993,0.0,1165.0
0.7647107619631448,0.3305337515,0.281419247,0.5692236395000001,0.0,1165.0
0.7613855945874016,0.5866103220000001,0.3221414545,0.5802797310000001,0.0,1165.0
0.7570710737977517,0.7551672255,0.331253263,0.61031555,0.0,1165.0
0.7583242706907516,0.793652989,0.35840632899999997,0.6029742353333333,0.0,1165.0
0.7581711458167246,0.5873451494999999,0.37823688200000005,0.566929848,0.0,1165.0
0.7594861765751547,0.327926587,0.33425066400000003,0.5239631385000001,0.0,1165.0
0.7379660090678068,0.122894275,0.2882462895,0.49228693749999997,0.0,1165.0
0.6639414647193638,0.000521555,0.28674848249999996,0.47900686400000003,0.0,1165.0
0.6024578878403111,0.0,0.27961889833333337,0.503516282,0.0,1165.0
0.607061527658824,0.089492455,0.16929310150000002,0.34676875775000005,0.0,1165.0
0.6507922857013484,0.423798208,0.07005125400000001,0.15827055699999998,0.0,1165.0
0.6855351000161733,0.7119345365,0.1177849775,0.10849692,0.0,1165.0
0.6880854262929086,0.815157549,0.1293712475,0.1800754075,0.0,1165.0
0.6907943539600673,0.8150888009999999,0.140553853,0.2657395965,0.0,1165.0
0.6949935090150565,0.7011652694999999,0.15582665099999998,0.36246384649999996,0.0,1165.0
0.7003854276452498,0.472059715,0.15676878700000002,0.458225913,0.0,1165.0
0.7035482374743585,0.271142446,0.151474128,0.493896907,0.0,1165.0
0.6955365154008591,0.125441304,0.19731950650000002,0.5295119909999999,0.0,1165.0
0.6351825734232079,0.000284377,0.24514337325,0.4533735325,0.0,1165.0
0.6101063075552823,0.0301609505,0.187206396,0.24244308975000003,0.0,1165.0
0.6265357044981595,0.2215949525,0.05918208949999999,0.09936270550000001,0.0,1165.0
0.67113083868043,0.4829189335,0.049035718000000006,0.1245474575,0.0,1165.0
0.6885547529313707,0.662825785,0.098572213,0.219023925,0.0,1165.0
0.6917788723584135,0.7884590615,0.162418009,0.3121336285,0.0,1165.0
0.7050769358423954,0.7923943019999999,0.214250023,0.4288711255,0.0,1165.0
0.7096068377241485,0.574104821,0.2241665305,0.538522689,0.0,1165.0
0.708410717523956,0.2857586025,0.17677184099999999,0.638300442,0.0,1165.0
0.7076094936088876,0.123013153,0.195739685,0.715320972,0.0,1165.0
0.7008991641486076,0.0423937165,0.28756901,0.7706205665,0.0,1165.0
0.6602418687491578,0.0006547395,0.387384824,0.778635572,0.0,1165.0
0.619467431816518,0.0,0.4418819813333333,0.7495813443333333,0.0,1165.0
0.653048117701588,0.08500110799999999,0.37150245400000004,0.61998598925,0.0,1165.0
0.7630705943840441,0.412103679,0.1991879685,0.5619712295,0.0,1165.0
0.7624221742799623,0.646300079,0.212892805,0.548539624,0.0,1165.0
0.7691023653932152,0.8275723065,0.27538321450000003,0.5171791415,0.0,1165.0
0.7855394847306599,0.9316206513333333,0.33050601733333335,0.482030022,0.0,1165.0
0.7903502082927267,0.7825474515,0.31649629700000004,0.5841774135,0.0,1165.0
0.7802791040962138,0.513882205,0.228652152,0.583976028,0.0,1165.0
0.7760582142926253,0.283648079,0.191339453,0.547173087,0.0,1165.0
0.7476294007178533,0.1385520795,0.213678323,0.5177448259999999,0.0,1165.0
0.6546335598822715,0.000676786,0.19448902133333335,0.41734743199999996,0.0,1165.0
0.6174018812919873,0.00436763475,0.113704626,0.31343165424999997,0.0,1165.0
0.6878483332736298,0.17767522600000002,0.0854083215,0.379320389,0.0,1165.0
0.7649486290350893,0.425550556,0.049476142,0.3671852865,0.0,1165.0
0.7693530487265021,0.6966878620000001,0.06949225149999999,0.3204930145,0.0,1165.0
0.7849917843219268,0.888202199,0.09805778849999999,0.303952035,0.0,1165.0
0.7929353438053734,0.886393491,0.11712362600000001,0.32014235199999996,0.0,1165.0
0.7901270344660525,0.608431225,0.12939146,0.360698168,0.0,1165.0
0.7775801290706811,0.310784658,0.1225440225,0.371180915,0.0,1165.0
0.7731004340080159,0.146833554,0.1321188,0.355463427,0.0,1165.0
0.7479018428716518,0.055865978999999996,0.1714562605,0.32871136050000005,0.0,1165.0
0.6707476313408516,0.0008882545,0.200935668,0.31882529800000003,0.0,1165.0
0.6189769816476184,0.0023098228,0.244122767,0.5244296296,0.0,1165.0
0.6881822022587023,0.1086543875,0.23857974,0.568036078,0.0,1165.0
0.7631769938002452,0.304579957,0.197681885,0.5586572725000001,0.0,1165.0
0.7613593762106394,0.6198809995000001,0.20994018949999999,0.5705809625,0.0,1165.0
0.7706567888201201,0.8499122415,0.243613315,0.612685301,0.0,1165.0
0.7861018555632395,0.8934316680000001,0.268837376,0.6562184385000001,0.0,1165.0
0.7867586079878783,0.7489773705,0.27353967,0.675774098,0.0,1165.0
0.7770110684347922,0.48311879,0.2499363415,0.59989753,0.0,1165.0
0.7747454134686316,0.276879519,0.232366484,0.518783204,0.0,1165.0
0.7483870600985625,0.14371136299999998,0.2578548545,0.494013821,0.0,1165.0
0.6714333719752971,0.0015792585,0.2777371845,0.492632131,0.0,1165.0
0.6220833081096685,0.0,0.2537118755,0.4317910615,0.0,1165.0
0.6266859737555994,0.039632359,0.1670030685,0.33212923299999997,0.0,1165.0
0.7413126298321335,0.266489172,0.050294178999999994,0.26426960850000003,0.0,1165.0
0.7612034033480081,0.5434737555,0.034454426999999996,0.248189685,0.0,1165.0
0.7579976629824426,0.726202131,0.042892729,0.245009461,0.0,1165.0
0.7596404594019578,0.74626835,0.056221007,0.27607685000000004,0.0,1165.0
0.7625681363532312,0.71202610825,0.07348036875,0.31286325025,0.0,1165.0
0.7626688204096446,0.417638878,0.06884560249999999,0.3071207415,0.0,1165.0
0.7647089309346864,0.237894156,0.050428024,0.28965058,0.0,1165.0
0.7424377700906485,0.122887141,0.0562984605,0.26807546699999996,0.0,1165.0
0.6685594816803797,0.001824433,0.0605732735,0.2541621475,0.0,1165.0
0.6239269139297959,0.004696199,0.1012765614,0.3431943156,0.0,1165.0
0.6889024470097536,0.17955945,0.103517019,0.4411224535,0.0,1165.0
0.7631736374878788,0.4252316705,0.0537395295,0.4583911215,0.0,1165.0
0.7610747755526911,0.650106155,0.073927018,0.49124478,0.0,1165.0
0.76149781534233,0.82529236,0.1074902355,0.5352367425,0.0,1165.0
0.7714652658837738,0.9300456650000001,0.16442861433333333,0.5719671709999999,0.0,1165.0
0.7752672947192025,0.786977458,0.199516906,0.6012248315,0.0,1165.0
0.7707562176982407,0.5149220575,0.189911167,0.592564233,0.0,1165.0
0.7667654250534489,0.279582723,0.207858624,0.583233263,0.0,1165.0
0.7453389588721666,0.13491414000000002,0.3149703755,0.5788679050000001,0.0,1165.0
0.6593706273312392,0.001625203,0.3799918835,0.5450733034999999,0.0,1165.0
0.6013998075323674,0.0,0.362179461,0.48326356800000003,0.0,1165.0
0.5929029495918954,0.03827673875,0.297396014,0.32587684699999997,0.0,1165.0
0.6217809154010225,0.25564560399999997,0.14264160650000002,0.201185837,0.0,1165.0
0.6766606799903736,0.498932464,0.1253269095,0.2387213295,0.0,1165.0
0.7017506889820582,0.673513952,0.168202534,0.242881543,0.0,1165.0
0.7116035719134195,0.800893938,0.19551701700000002,0.2133886255,0.0,1165.0
0.7282111110124406,0.7871993565,0.21999775775,0.16582066024999997,0.0,1165.0
0.7296127659546718,0.46222180449999994,0.2204491695,0.145348642,0.0,1165.0
0.7269574483123035,0.211981736,0.222092517,0.176928748,0.0,1165.0
0.7108613804558906,0.090924829,0.27664821500000003,0.26242635599999997,0.0,1165.0
0.6555597733262923,0.002298299,0.333536685,0.4118146665,0.0,1165.0
0.5968180634003826,0.0,0.3604798603333334,0.6065998789999999,0.0,1165.0
0.5960310440968131,0.06432451,0.2531892915,0.62216282225,0.0,1165.0
0.648116125221631,0.361593318,0.13796040199999998,0.509052022,0.0,1165.0
0.6872953282907321,0.669267963,0.14352228649999998,0.385220884,0.0,1165.0
0.6921079294619712,0.8770085635,0.1601768425,0.37186405,0.0,1165.0
0.6985291280554259,0.9209484290000001,0.153621059,0.386953538,0.0,1165.0
0.7072191034607278,0.7905497455,0.13303067699999999,0.3950800405,0.0,1165.0
0.7092688377487993,0.5258435785,0.110329998,0.348511429,0.0,1165.0
0.7104296794670982,0.294182871,0.097793045,0.322114599,0.0,1165.0
0.7032294384443549,0.155608694,0.11794861400000001,0.31617994250000003,0.0,1165.0
0.6409592721016814,0.0014449895,0.140351576,0.3416621425,0.0,1165.0
0.6186090374844947,0.010125921666666668,0.09087657266666667,0.39075128266666664,0.0,1165.0
0.7119430422553698,0.235715385,0.06469438433333334,0.393195159,0.0,1165.0
0.7646957864199923,0.5624862245,0.0664587735,0.350455368,0.0,1165.0
0.7630573557700556,0.804002415,0.093683797,0.3705183875,0.0,1165.0
0.7750450479737803,0.8832010865,0.14178056075,0.43819728775,0.0,1165.0
0.7754567622412274,0.649956983,0.20475179799999998,0.5075349055,0.0,1165.0
0.7721400215979577,0.36361749649999997,0.20972584100000002,0.5245580415,0.0,1165.0
0.7474632176128704,0.1534950075,0.29521418450000003,0.5573662175,0.0,1165.0
0.669233133838057,0.0032276005,0.37544514149999997,0.5791450245,0.0,1165.0
0.6195948390720863,0.0,0.37943054033333334,0.594650652,0.0,1165.0
0.6535533686838602,0.10019452825,0.32913119925,0.563120624,0.0,1165.0
0.7606231702185136,0.344208251,0.248021728,0.530430651,0.0,1165.0
0.7661637150887031,0.5622196695,0.284492426,0.5185320025,0.0,1165.0
0.7729408228477579,0.7832289015,0.4111069985,0.5564947965,0.0,1165.0
0.7920876210836033,0.909665932,0.542333561,0.6110366665,0.0,1165.0
0.809169052981521,0.8662459735000001,0.6655095055,0.673907069,0.0,1165.0
0.8096391542978933,0.6452094595,0.7190544514999999,0.709520967,0.0,1165.0
0.8010776656952783,0.363569696,0.7192905745,0.7695393225,0.0,1165.0
0.7633852861830611,0.154587888,0.7355390705,0.8418675935,0.0,1165.0
0.6788221654747693,0.003975512,0.716344101,0.875052662,0.0,1165.0
0.6219526538032065,0.0,0.638487039,0.8704496036666667,0.0,1165.0
0.653294493710024,0.09799818525000001,0.4518991495,0.729650212,0.0,1165.0
0.7606231702185136,0.334182087,0.391230209,0.610520865,0.0,1165.0
0.7634837756313512,0.500988271,0.3661441465,0.4995366825,0.0,1165.0
0.7614983552409381,0.6574849935,0.3897576875,0.4704695765,0.0,1165.0
0.7693734068951721,0.7472725036666666,0.3982771583333333,0.48041299033333335,0.0,1165.0
0.7700976342451433,0.6214688595,0.467822872,0.48298466500000004,0.0,1165.0
0.7666075748942677,0.43415404550000003,0.49327525549999995,0.4912843335,0.0,1165.0
0.7653147015497048,0.260401606,0.466754501,0.502712021,0.0,1165.0
0.7477182898497817,0.144818384,0.41098109299999996,0.5535762870000001,0.0,1165.0
0.6713012234283156,0.0046379555,0.356022635,0.609713626,0.0,1165.0
0.6185909131111459,0.00033264075,0.24993681250000002,0.5968900815,0.0,1165.0
0.6379518366824506,0.0982904705,0.1269131505,0.39498598549999997,0.0,1165.0
0.7400770057478544,0.28138908,0.055469481,0.269541808,0.0,1165.0
0.7617177497773557,0.5353560165,0.0426470545,0.16081084550000002,0.0,1165.0
0.7577837602809114,0.758085374,0.045883298,0.09723456550000001,0.0,1165.0
0.7600619028382329,0.910083721,0.03568588466666667,0.08850002333333333,0.0,1165.0
0.7620968967792836,0.783964952,0.036155546,0.072742736,0.0,1165.0
0.762058120367149,0.509390972,0.0436746095,0.09415274400000001,0.0,1165.0
0.7629291275059611,0.286144186,0.044310212,0.129791292,0.0,1165.0
0.7412059956366301,0.16132946250000002,0.058170426,0.215508017,0.0,1165.0
0.6697158632171836,0.005326978,0.1259547405,0.405746561,0.0,1165.0
0.6231919396526217,0.0,0.267125391,0.6079834176666666,0.0,1205.6666666666667
0.623970637895245,0.02029402,0.353631565,0.6923355250000001,0.0,1287.0
0.6860257631225013,0.162354968,0.31702256949999996,0.7054635345,0.0,1287.0
0.7616735049770027,0.371062118,0.284190941,0.646657669,0.0,1287.0
0.7603455644831805,0.6065215424999999,0.341593956,0.5462708464999999,0.0,1287.0
0.7620231235578936,0.7636004105,0.3317712465,0.4872689995,0.0,1287.0
0.7734391614553169,0.6999272625,0.382023019,0.46495281525000004,0.0,1287.0
0.7710634687753286,0.42765437100000003,0.3429258205,0.476632061,0.0,1287.0
0.7677867012621273,0.222542905,0.273119182,0.422287513,0.0,1287.0
0.7475814469672475,0.11635883699999999,0.2772899535,0.4170983155,0.0,1287.0
0.665348717788043,0.004711127,0.289632884,0.4127671015,0.0,1287.0
0.6005416635482338,0.0,0.25325816966666664,0.460267215,0.0,1287.0
0.5978487907525106,0.09599064625,0.12617695175,0.37636596699999997,0.0,1287.0
0.6529179524926202,0.404429182,0.031270899000000005,0.278118777,0.0,1287.0
0.7022940705145485,0.66290887,0.060085096,0.2902838655,0.0,1287.0
0.720113210241832,0.765146461,0.1300474545,0.3528585745,0.0,1287.0
0.7307469430279614,0.73957316025,0.1636298865,0.41927772499999993,0.0,1287.0
0.7273979280462113,0.4523204755,0.196691001,0.40868462299999997,0.0,1287.0
0.7294943721609966,0.266936999,0.192949754,0.387971101,0.0,1287.0
0.7129189778185374,0.148030236,0.228325416,0.3983778425,0.0,1287.0
0.6600159957420652,0.00517551,0.285955594,0.407627888,0.0,1287.0
0.5967480943081284,0.0052599606,0.2952737116,0.6007190682000001,0.0,1287.0
0.6046139042591403,0.1454396315,0.1830083095,0.5547382135,0.0,1287.0
0.6513443518796601,0.3479036045,0.119696354,0.3707112145,0.0,1287.0
0.6888248241581028,0.563753176,0.136837098,0.309467298,0.0,1287.0
0.7060142045154199,0.7243730125,0.209621013,0.3190507945,0.0,1287.0
0.7179156247042966,0.7565881990000001,0.26407585499999997,0.3745127145,0.0,1287.0
0.7263632494094909,0.6730416595,0.310563419,0.500575097,0.0,1287.0
0.7268736764938182,0.4124039605,0.34785618,0.5714788749999999,0.0,1287.0
0.727204376427246,0.181053669,0.3439323145,0.5733977575,0.0,1287.0
0.7133426278467885,0.072008654,0.344544614,0.591533897,0.0,1287.0
0.6683401216887196,0.008502835,0.40322068749999995,0.6263836527500001,0.0,1287.0
0.6224711627820458,0.006850570249999999,0.49619031775,0.716221282,0.0,1287.0
0.6880440213529819,0.12301910299999999,0.586721163,0.8963189305,0.0,1287.0
0.7595320648306223,0.2827458525,0.6589376725,0.8936142335,0.0,1287.0
0.7566747688368151,0.388674899,0.702048748,0.894990517,0.0,1287.0
0.7577967641155978,0.617571382,0.7742321495,0.9106240475,0.0,1287.0
0.7583131760400836,0.7237520085,0.7918665064999999,0.914673352,0.0,1287.0
0.7572733103751607,0.6908427636666667,0.8422156956666665,0.9147880296666667,0.0,1287.0
0.7499650968211053,0.37999079150000004,0.8516613305,0.9220876330000001,0.0,1287.0
0.7513650732945312,0.207990261,0.847514223,0.929997798,0.0,1287.0
0.7375651976572837,0.108499074,0.8193984590000001,0.9268110335,0.0,1287.0
0.6725252523537208,0.00367612,0.806747245,0.936205328,0.0,1287.0
0.6238072526905312,0.004078069,0.8038290801999999,0.9363159082000001,0.0,1287.0
0.6893667038533531,0.1101979545,0.8067905875,0.9371635174999999,0.0,1287.0
0.7649080222197407,0.22384462649999998,0.7985333935,0.935602468,0.0,1287.0
0.7689547723697214,0.381834899,0.757667363,0.930776511,0.0,1287.0
0.7657971026754795,0.45503145,0.7178832534999999,0.911753841,0.0,1287.0
0.7668373323890008,0.52398887075,0.6102624667500001,0.7931675715000001,0.0,1287.0
0.7623814033379378,0.4302647265,0.5907738975000001,0.7531066005,0.0,1287.0
0.7583463189994571,0.24498191600000002,0.554534317,0.7186496195000001,0.0,1287.0
0.7458158437785203,0.13679155,0.42721140950000003,0.706208165,0.0,1287.0
0.6793815082483343,0.008051833,0.382906625,0.70475323,0.0,1287.0
0.6375424482619432,0.009157407,0.366417766,0.6829127601999999,0.0,1287.0
0.7168707202983199,0.22305209533333334,0.283662794,0.6120696066666667,0.0,1287.0
0.7653343714284101,0.4803942665,0.3268620115,0.5392586455,0.0,1287.0
0.7633502184085571,0.608482024,0.396423844,0.522531669,0.0,1287.0
0.76278787164789,0.622739841,0.4112524875,0.48726164650000003,0.0,1287.0
0.7635056047918667,0.6138301285000001,0.3790702815,0.4130175075,0.0,1287.0
0.7618381387261652,0.5235822155,0.314593002,0.3625295885,0.0,1287.0
0.7598487283381057,0.378768563,0.25719794749999997,0.3971808285,0.0,1287.0
0.760464873947396,0.235491423,0.218987231,0.431855298,0.0,1287.0
0.749323484066295,0.130848847,0.16818722549999998,0.4541744305,0.0,1287.0
0.6873396202970432,0.0057368165,0.2063527295,0.5059897074999999,0.0,1287.0
0.6469310365224139,0.0,0.253993327,0.565766012,0.0,1287.0
0.6711923687395676,0.036960328199999996,0.2584507196,0.5666052236,0.0,1287.0
0.7631616900037408,0.16934615349999999,0.33481632,0.607888498,0.0,1287.0
0.7640457003519946,0.172925022,0.441353412,0.70023462,0.0,1287.0
0.7576807646956569,0.30684301199999997,0.4992377095,0.752603265,0.0,1287.0
0.7574838279405548,0.34651221740000004,0.41537114199999997,0.670265095,0.0,1287.0
0.7538869275007775,0.2558468335,0.38516051100000004,0.5119226095,0.0,1287.0
0.7511745731812485,0.17088283,0.350897114,0.405632505,0.0,1287.0
0.7334147944774784,0.1038222285,0.2873249585,0.36938353,0.0,1287.0
0.6466634652575781,0.00411468775,0.26336746175000003,0.3015150495,0.0,1287.0
0.6372266156731108,0.049940362749999995,0.18094825774999998,0.2147744105,0.0,1287.0
0.7402096941934441,0.282266067,0.078727101,0.1101202295,0.0,1287.0
0.7642871119348937,0.5098750365,0.079349384,0.08585203050000001,0.0,1287.0
0.7566088593152446,0.585571378,0.110497949,0.103098578,0.0,1287.0
0.7548529968102646,0.593536303,0.10807857000000001,0.1416996605,0.0,1287.0
0.7559205719037227,0.57576429975,0.096057491,0.17640045975000002,0.0,1287.0
0.7507835962411444,0.4187998725,0.088098325,0.19048470099999998,0.0,1287.0
0.7492408852064535,0.258982124,0.079790022,0.172230236,0.0,1287.0
0.7338606960188909,0.148123492,0.0655920845,0.151565279,0.0,1287.0
0.6649589147444495,0.009237526,0.0830946325,0.14983896000000002,0.0,1287.0
0.6142539331802739,0.0240136895,0.0646550295,0.14034401233333335,0.0,1287.0
0.6253920211452781,0.157456608,0.021029462,0.1829013215,0.0,1287.0
0.6728312591942943,0.298623745,0.033280244,0.228646476,0.0,1287.0
0.6876647808770042,0.4122673825,0.050829612999999996,0.25612862049999996,0.0,1287.0
0.692819008441574,0.41763980475,0.066934455,0.29710451125000004,0.0,1287.0
0.6984958678627124,0.31506451449999995,0.0592078415,0.29990070150000003,0.0,1287.0
0.7040228224188938,0.16391555149999998,0.037345413499999994,0.243314606,0.0,1287.0
0.694127689842314,0.0702936075,0.032285926,0.176171495,0.0,1287.0
0.6316276133827297,0.0025391625,0.0416325645,0.14392535350000002,0.0,1287.0
0.6105747815999515,0.007264627,0.04305369566666667,0.16122571333333333,0.0,1287.0
0.6160971980900171,0.14336508766666667,0.022575308000000002,0.153583033,0.0,1287.0
0.6737308787709808,0.367415163,0.0210343395,0.21026400299999998,0.0,1287.0
0.6909134989849847,0.5345592195,0.028384536000000002,0.258011223,0.0,1287.0
0.707945114841614,0.5949349846666666,0.041393722333333334,0.2838395413333334,0.0,1287.0
0.7159019438886509,0.4532695565,0.051783277,0.3018117505,0.0,1287.0
0.7174844870607804,0.3070900625,0.0474762865,0.3223390195,0.0,1287.0
0.7092061983600645,0.139375577,0.10452209800000001,0.3453865683333333,0.0,1287.0
0.6641462597971832,0.0088986,0.19541569050000002,0.376455702,0.0,1287.0
0.6289128057289116,0.025938125500000003,0.20063562866666665,0.405300316,0.0,1287.0
0.7384070518343687,0.22594492600000002,0.0998043865,0.3861010325,0.0,1287.0
0.7653222598175962,0.429335585,0.07708611300000001,0.3093674065,0.0,1287.0
0.7672544687765747,0.5667660425000001,0.11830204750000001,0.280608602,0.0,1287.0
0.7835627961920264,0.6769845955,0.176963912,0.270270133,0.0,1287.0
0.7909668702497498,0.5953811096666667,0.2585407606666667,0.3013746533333333,0.0,1287.0
0.7750620769761151,0.342212307,0.267926295,0.3727709855,0.0,1287.0
0.7550458758745848,0.153340497,0.27753636333333337,0.4031012596666667,0.0,1287.0
0.674678710011621,0.0112881745,0.314442866,0.47886260550000004,0.0,1287.0
0.6251947763947453,0.0,0.348594807,0.5662155403333333,0.0,1287.0
0.6340186687259903,0.05738976233333334,0.30592341666666667,0.5221519790000001,0.0,1287.0
0.7375138169416853,0.1980978865,0.258824343,0.4981883205,0.0,1287.0
0.7586854219060682,0.42444614599999997,0.279546913,0.4763287125,0.0,1287.0
0.7581123792965038,0.653084221,0.3516240943333333,0.4343114203333333,0.0,1287.0
0.7630505607693626,0.6345213710000001,0.316802554,0.41918784600000003,0.0,1287.0
0.761409364298367,0.3129760303333333,0.24626293566666668,0.47291821900000003,0.0,1287.0
0.7416771064102148,0.1276042015,0.174999595,0.444148641,0.0,1287.0
0.6682481930870648,0.0095707045,0.147586557,0.35156147449999997,0.0,1287.0
0.6284348411295492,0.03137345016666667,0.08082824849999999,0.23433143449999996,0.0,1287.0
0.7369346401627391,0.25013859800000005,0.016270279999999998,0.09704050550000001,0.0,1287.0
0.7591885723951423,0.4813391215,0.0167152195,0.0479609685,0.0,1287.0
0.7582481584297633,0.5657170730000001,0.026267531,0.048842759,0.0,1287.0
0.758499170016402,0.5325290395,0.0266226595,0.079069815,0.0,1287.0
0.7589907720836272,0.46895988425,0.035436864,0.143229715,0.0,1287.0
0.7591435526042569,0.2673137545,0.0279490055,0.1076364095,0.0,1287.0
0.7375480631449431,0.13404561199999998,0.025089826,0.077567953,0.0,1287.0
0.6680306992938652,0.012457573,0.030418491,0.05863283,0.0,1287.0
0.6217697333286714,0.012791735200000001,0.0425932916,0.07483250820000001,0.0,1287.0
0.7095258743996581,0.242684904,0.030344864666666665,0.13983601133333334,0.0,1287.0
0.7619173340676821,0.5085083770000001,0.0331060545,0.1973437165,0.0,1287.0
0.7607384659257925,0.6113026403333334,0.06602416666666666,0.26212752833333336,0.0,1287.0
0.7680344268764037,0.5345338675,0.10344833149999999,0.361401981,0.0,1287.0
0.768104773132801,0.328160043,0.132026027,0.4348009405,0.0,1287.0
0.765541959785942,0.244658233,0.153331861,0.5352239345,0.0,1287.0
0.762578710800492,0.111687183,0.252874679,0.6248917935,0.0,1287.0
0.6910063315338458,0.012928715666666667,0.44196147666666663,0.782844483,0.0,1287.0
0.6233159041505639,0.00031154525,0.551194479,0.8862634935,0.0,1287.0
0.6409182074198003,0.035274295,0.520352618,0.8833178945,0.0,1287.0
0.739318876808541,0.1441092015,0.4652844095,0.8671277915,0.0,1287.0
0.7641135818946536,0.313234621,0.4471534695,0.8614838065,0.0,1287.0
0.7612983248386754,0.482787411,0.517860334,0.848150224,0.0,1287.0
0.7620817571094551,0.546450745,0.586123797,0.8218186725000001,0.0,1287.0
0.7686436951090407,0.5661213062499999,0.6524620514999999,0.8311759325,0.0,1287.0
0.7637414066812952,0.4045177685,0.542728479,0.8268296445,0.0,1287.0
0.7659876503073427,0.266840575,0.423097804,0.809040641,0.0,1287.0
0.7465742074971358,0.148182492,0.375311624,0.818665414,0.0,1287.0
0.6627591461658136,0.014762948,0.37078675149999996,0.8043606515,0.0,1287.0
0.6041750912707038,0.0,0.32897365850000004,0.690685014,0.0,1287.0
0.5927943436722947,0.05310881275,0.25751886525,0.5206399625,0.0,1287.0
0.622834113622917,0.260729353,0.1017132435,0.402773914,0.0,1287.0
0.6781165673882745,0.508633908,0.1089589625,0.3879477765,0.0,1287.0
0.7022975446854993,0.624541632,0.191008563,0.389789874,0.0,1287.0
0.7084695389614837,0.6743739675,0.238683525,0.39967778200000004,0.0,1287.0
0.7185345398340092,0.586787508,0.2543338985,0.4129411715,0.0,1287.0
0.7246199762021073,0.45210490400000003,0.22913680000000003,0.44165581400000004,0.0,1287.0
0.7257698720779244,0.2640503925,0.1206053845,0.385082189,0.0,1287.0
0.7101562281687098,0.140139593,0.103037926,0.32111379949999996,0.0,1287.0
0.6311620536859458,0.00778544475,0.11902276149999999,0.21523559225,0.0,1287.0
0.592913711581238,0.037958595,0.06737432925,0.070456082,0.0,1287.0
0.6238950575297356,0.1994350955,0.0165447665,0.0439911125,0.0,1287.0
0.6828252100977606,0.4064816215,0.0137686965,0.039640056,0.0,1287.0
0.7088444133552605,0.640816767,0.0245077325,0.0364465365,0.0,1287.0
0.7256579489393684,0.6771854736666668,0.029816955000000003,0.067677283,0.0,1287.0
0.7325407599048963,0.5172012185,0.03231602,0.1749442575,0.0,1287.0
0.7352546635802457,0.3416179655,0.0492481075,0.3529091485,0.0,1287.0
0.7343813330329475,0.213489726,0.069789161,0.454889663,0.0,1287.0
0.7220354668718068,0.12669391800000002,0.1301941185,0.514732885,0.0,1287.0
0.6598012642789763,0.007381298666666667,0.24804209033333335,0.596751806,0.0,1287.0
0.646170114626431,0.028611832,0.31579189383333334,0.7147534740000001,0.0,1287.0
0.7658204811918154,0.169866362,0.2888884415,0.7095363355,0.0,1287.0
0.7625656366258017,0.362402306,0.374237978,0.732848864,0.0,1287.0
0.7613094979575254,0.494480594,0.505824751,0.7652984835000001,0.0,1287.0
0.7703645834698776,0.6217218712500001,0.46983950375000005,0.793603095,0.0,1287.0
0.7624614668314147,0.460301976,0.48368276600000004,0.857717881,0.0,1287.0
0.7613209993297273,0.2237085775,0.425128725,0.8753815085,0.0,1287.0
0.7428264698903577,0.075132198,0.34856388250000003,0.871105208,0.0,1287.0
0.670837647163332,0.005929984,0.3210111015,0.8725425815,0.0,1287.0
0.62330078802119,0.00052077725,0.29600711675,0.87631386575,0.0,1287.0
0.6409182074198003,0.044654185500000006,0.267049694,0.8632173354999999,0.0,1287.0
0.738303492591216,0.1012742495,0.308938925,0.866414764,0.0,1287.0
0.7631720643727682,0.1523262915,0.4296013305,0.8852335325,0.0,1287.0
0.7567068792049305,0.148960113,0.530000334,0.9113464535,0.0,1287.0
0.7546261379489387,0.18602818525,0.53069976575,0.9077191995,0.0,1287.0
0.7537034219974877,0.27464036199999997,0.5289497885,0.8727448955,0.0,1287.0
0.7510403588265064,0.1988642325,0.46090216500000003,0.787961836,0.0,1287.0
0.7341350629878198,0.113798753,0.46502647399999997,0.8433274390000001,0.0,1287.0
0.6676313900332043,0.009624509,0.5233916205,0.8956716155,0.0,1287.0
0.6241843915905959,0.0,0.5697136776666668,0.9190255923333334,0.0,1287.0
0.6547359808991113,0.09744715925,0.58150134725,0.8662866265,0.0,1287.0
0.7616672375263394,0.39072488149999995,0.6390860395,0.85494925,0.0,1287.0
0.7589480292768251,0.5960709535,0.715355597,0.8715295335,0.0,1287.0
0.7601838643811161,0.6851012139999999,0.7294823285,0.830653832,0.0,1287.0
0.7625200535938478,0.7287472316666667,0.7205326013333333,0.7864939786666666,0.0,1287.0
0.7594171448952756,0.6027004415,0.6789165914999999,0.77820596,0.0,1287.0
0.760011202805458,0.3035117975,0.555418792,0.800660555,0.0,1287.0
0.7395953092726082,0.1331297535,0.431152738,0.809668725,0.0,1287.0
0.6686515392387082,0.018366817,0.382863309,0.7205429045,0.0,1287.0
0.6252162848361049,0.0,0.355049913,0.632456471,0.0,1287.0
0.6180342813194888,0.002410215,0.263364366,0.471562492,0.0,1287.0
0.6393256650253314,0.11432515400000001,0.1589852785,0.2804021765,0.0,1287.0
0.7372703633103158,0.261572957,0.063043164,0.1447917635,0.0,1287.0
0.7597203353220907,0.5210844935,0.094234471,0.1744976505,0.0,1287.0
0.7578416432264752,0.646152355,0.1537274125,0.262214758,0.0,1287.0
0.7563586608590516,0.5361167826666667,0.12789312033333333,0.30817343933333335,0.0,1287.0
0.7539188496703046,0.34892710250000003,0.116144545,0.3415880365,0.0,1287.0
0.7508127957835853,0.196999337,0.0935122365,0.28514221900000003,0.0,1287.0
0.7511959796764958,0.101077539,0.077611658,0.259318169,0.0,1287.0
0.7335279071436569,0.049265236000000004,0.111975445,0.323534619,0.0,1287.0
0.6682065533678361,0.008126615,0.184892726,0.44431882749999996,0.0,1287.0
0.626741344593893,0.0,0.27210295149999997,0.5679002115,0.0,1287.0
0.6301677122747853,0.00642695975,0.50131414325,0.7156972914999999,0.0,1287.0
0.7368355876817951,0.0613832035,0.6182034175,0.767582502,0.0,1287.0
0.7636382929248342,0.19114334249999998,0.6319652915,0.802602705,0.0,1287.0
0.7565907853730733,0.30821283499999996,0.6784752384999999,0.8444348865,0.0,1287.0
0.7609427092253586,0.39505320375,0.62035244675,0.8749715497500001,0.0,1287.0
0.7610071756826701,0.29875208799999997,0.6413407345,0.7928282715,0.0,1287.0
0.7581090621661248,0.13839786399999998,0.6017389879999999,0.735653315,0.0,1287.0
0.7399846896509334,0.052580512999999995,0.5851326635,0.7489281385,0.0,1287.0
0.6613643332739225,0.0052722375,0.573108715,0.686729558,0.0,1287.0
0.5991618105267004,0.0,0.5514539173333334,0.6583311293333334,0.0,1287.0
0.6048372752441562,0.0636842416,0.5324197105999999,0.5765175746000001,0.0,1287.0
0.6696917806755636,0.2618719235,0.5201757300000001,0.5318791445,0.0,1287.0
0.6882962299701767,0.412373068,0.534247044,0.5557167605,0.0,1287.0
0.6935857680055856,0.4849922352,0.46492971499999997,0.5658792448,0.0,1287.0
0.6981045861159247,0.2627523535,0.3479769475,0.4706414205,0.0,1287.0
0.7001030803684059,0.151096361,0.283942379,0.402531996,0.0,1287.0
0.6923506084154305,0.074912647,0.2295248325,0.39970041,0.0,1287.0
0.630236063454204,0.001682397,0.1874829865,0.35249226875,0.0,1287.0
0.5980570831457472,0.018015528,0.125857878,0.23146339166666666,0.0,1287.0
0.6149200823833548,0.22429700333333336,0.047634332,0.157891423,0.0,1287.0
0.669941454551638,0.47736842349999997,0.032224946000000004,0.1301082665,0.0,1287.0
0.6901231193101702,0.4290249305,0.049806791,0.1728359095,0.0,1287.0
0.6915118995307001,0.371721987,0.049392277,0.2273340855,0.0,1287.0
0.6967739583213293,0.35650742274999997,0.0953595835,0.34007815775,0.0,1287.0
0.7051219790799488,0.2313235165,0.126716475,0.387663621,0.0,1287.0
0.7039372189467057,0.147949388,0.162647866,0.395385509,0.0,1287.0
0.6919362066908992,0.062587159,0.215146114,0.403257631,0.0,1287.0
0.6387182745894397,0.000667639,0.23145210900000002,0.3882329285,0.0,1287.0
0.643981197936873,0.04484746683333333,0.19519824449999998,0.3326105236666667,0.0,1287.0
0.7596336054719726,0.23614201099999999,0.09557423300000001,0.30841453249999995,0.0,1287.0
0.7566328943382842,0.362795477,0.072970887,0.278855717,0.0,1287.0
0.7576783937685905,0.4581164675,0.06479578,0.271654601,0.0,1287.0
0.7591483057127906,0.520745148,0.047395317,0.25192914275,0.0,1287.0
0.7580423304480637,0.4033498895,0.0501544945,0.256660841,0.0,1287.0
0.7605723531608135,0.22879292550000002,0.060748114500000006,0.2354559175,0.0,1287.0
0.7436981338484955,0.12716158700000002,0.108128603,0.2945616255,0.0,1287.0
0.6697613522540509,0.018106987999999997,0.154991247,0.361902462,0.0,1287.0
0.6261781054843046,0.0,0.194126372,0.4330873625,0.0,1287.0
0.6295559326382781,0.042690043999999996,0.1827562055,0.51772016725,0.0,1287.0
0.7374912131032596,0.2152332125,0.091625242,0.40385467249999996,0.0,1287.0
0.763711174234974,0.369700907,0.083456895,0.30115175549999995,0.0,1287.0
0.7610396143041374,0.5518276095,0.125948901,0.2701309285,0.0,1287.0
0.7673634501398543,0.6005210075,0.14036495,0.264391193,0.0,1287.0
0.7713540075885144,0.42439948833333335,0.15655757466666667,0.3248161766666666,0.0,1287.0
0.7665783753518267,0.289341209,0.15197329850000002,0.357929489,0.0,1287.0
0.7663083275717628,0.185386553,0.140444877,0.406346059,0.0,1287.0
0.7471740164060413,0.113824608,0.1792798135,0.471007964,0.0,1287.0
0.6718837330729602,0.0172610285,0.256158506,0.546598107,0.0,1287.0
0.6265221611087496,0.0,0.309213244,0.6407109225000001,0.0,1287.0
0.629721411702346,0.050117840250000004,0.300535467,0.591256769,0.0,1287.0
0.7377610967566477,0.263467947,0.2068210565,0.524561281,0.0,1287.0
0.7641259751781055,0.52885386,0.21530298399999998,0.47152554199999996,0.0,1287.0
0.7611705423738947,0.727064069,0.259009956,0.451701048,0.0,1287.0
0.7692008548415054,0.8409135320000001,0.2969653695,0.4544137655,0.0,1287.0
0.7892252323171988,0.7865036255000001,0.32951333625,0.47768532125,0.0,1287.0
0.7906045999510221,0.491986025,0.233688787,0.49169586649999997,0.0,1287.0
0.7788148374844197,0.2457448055,0.1463776225,0.465760745,0.0,1287.0
0.7209561679754233,0.0885654825,0.1392599335,0.441943179,0.0,1287.0
0.640021780529,0.0,0.145942338,0.43477802099999996,0.0,1287.0
0.6435352494291794,0.059050900999999996,0.12774971516666667,0.46075432183333326,0.0,1287.0
0.7663671955900042,0.3287485925,0.09278333150000001,0.465947411,0.0,1287.0
0.7697566765507836,0.491343249,0.117570326,0.460773728,0.0,1287.0
0.7830142504527569,0.6023091094999999,0.142463808,0.457505295,0.0,1287.0
0.808623370861968,0.625456118,0.1789193255,0.4245088845,0.0,1287.0
0.8208296715134884,0.553568822,0.2379219675,0.433497068,0.0,1287.0
0.8050129694556187,0.36073285499999996,0.231204304,0.4301233685,0.0,1287.0
0.7875826467613842,0.1560212065,0.212497199,0.4329517215,0.0,1287.0
0.7532363249808398,0.040708121,0.2278685455,0.424555773,0.0,1287.0
0.678366076825051,0.0019112605,0.21273743550000002,0.4931846445,0.0,1287.0
0.6298385262301849,0.0,0.204800078,0.6611005145,0.0,1287.0
0.6482330167779098,0.013749312600000002,0.3191794484,0.8962340489999999,0.0,1287.0
0.7601232122277523,0.1022270995,0.5201037025,0.915703655,0.0,1287.0
0.7561492264671938,0.21479628,0.618457462,0.922146431,0.0,1287.0
0.757042531699881,0.29584631100000003,0.6632079390000001,0.9062520705,0.0,1287.0
0.7556652995885779,0.41195176450000004,0.6625267895,0.8803783777499999,0.0,1287.0
0.7519637320662166,0.425735345,0.6947936754999999,0.8410349115,0.0,1287.0
0.7498123864841685,0.271357569,0.6699583205,0.823367669,0.0,1287.0
0.7336940668019718,0.137902696,0.594745698,0.8084275905,0.0,1287.0
0.6600323324424497,0.0162751435,0.5803096135,0.7948533375,0.0,1287.0
0.5992840538255875,0.0,0.6072282746666667,0.8323512759999999,0.0,1287.0
0.5979580304199159,0.10051338224999999,0.545417815,0.8657376262500001,0.0,1287.0
0.6473590523202437,0.3684850985,0.536012819,0.854431715,0.0,1287.0
0.6810804972649628,0.500302637,0.546537866,0.845944562,0.0,1287.0
0.6874968136368989,0.561191542,0.54644321,0.8409152545,0.0,1287.0
0.6919283983252159,0.5687784509999999,0.456122414,0.7044865523333333,0.0,1287.0
0.6961805222167818,0.39376360050000003,0.4586783955,0.6625090499999999,0.0,1287.0
0.6974133999146843,0.240765441,0.41993380999999996,0.644063138,0.0,1287.0
0.6995779600388083,0.175977076,0.332109985,0.582266171,0.0,1287.0
0.6920707730582832,0.11365046549999999,0.273633603,0.5187107795,0.0,1287.0
0.6559246253324215,0.0095476135,0.2597513165,0.474290487,0.0,1287.0
0.6022314044956093,0.00070864875,0.29807831274999996,0.482710838,0.0,1316.5
0.6009674963987497,0.10342597949999999,0.2697903795,0.440474133,0.0,1346.0
0.6281451237417192,0.273768328,0.25411096050000004,0.43106752800000003,0.0,1346.0
0.6814921526031175,0.5131243135,0.371456221,0.4607294165,0.0,1346.0
0.7110533595849897,0.5438807245,0.429524056,0.5447163085,0.0,1346.0
0.7214191571358404,0.6694647245,0.3865400765,0.62719390175,0.0,1346.0
0.7385143903677782,0.566828723,0.3935002425,0.690399356,0.0,1346.0
0.7441060105216379,0.418727175,0.381821378,0.688758244,0.0,1346.0
0.7456529938518579,0.2561265665,0.3519026035,0.6782786540000001,0.0,1346.0
0.7250064151177783,0.093800478,0.400278376,0.672441206,0.0,1346.0
0.6272636717896684,0.009577525333333335,0.4077344893333333,0.6200858613333333,0.0,1346.0
0.6846822609188268,0.1640090905,0.354737704,0.5957444005,0.0,1346.0
0.763784783017066,0.3286094035,0.3513193985,0.605907117,0.0,1346.0
0.7679971998200894,0.525895254,0.369454462,0.644238021,0.0,1346.0
0.7657825966909311,0.587133862,0.3488565375,0.662407527,0.0,1346.0
0.7667770205249449,0.5453693550000001,0.33001166049999997,0.619655801,0.0,1346.0
0.7671734192725534,0.3968652985,0.3026695395,0.566220113,0.0,1346.0
0.7674123426950462,0.23024028800000002,0.243121167,0.4798701865,0.0,1346.0
0.7700290011586199,0.119999629,0.208557926,0.390686005,0.0,1346.0
0.7516124937895013,0.07157892399999999,0.206710965,0.348067037,0.0,1346.0
0.6743782422118921,0.010766742,0.20944915,0.311432188,0.0,1346.0
0.6267731260521501,0.0,0.19175879950000002,0.29086523799999997,0.0,1346.0
0.6302900494853934,0.022604640500000002,0.170969057,0.25909293375,0.0,1346.0
0.7361475699069548,0.087012145,0.109403836,0.2529044025,0.0,1346.0
0.7668295982710995,0.1326529285,0.09387013550000001,0.208310805,0.0,1346.0
0.7660854823110625,0.1665763935,0.10293922850000001,0.31454101300000004,0.0,1346.0
0.7669578387274614,0.176281712,0.0726826815,0.32589386875,0.0,1346.0
0.7647943699675764,0.1209991725,0.051593203500000004,0.317887978,0.0,1346.0
0.7648414083602642,0.0682496385,0.0351237965,0.2490252435,0.0,1346.0
0.7467191250995013,0.0375367325,0.033747930999999995,0.139600332,0.0,1346.0
0.6732738044233405,0.003421289,0.043949651,0.107800223,0.0,1346.0
0.6254465001973706,0.0,0.032533071,0.13156951449999998,0.0,1346.0
0.6283428417710608,0.0136723045,0.017060215,0.180983525,0.0,1346.0
0.7360973396411989,0.0891168245,0.0198475935,0.28793992749999997,0.0,1346.0
0.7710341754462158,0.2053605255,0.03267567,0.293421295,0.0,1346.0
0.7777708170699299,0.3024105535,0.038325467,0.324831618,0.0,1346.0
0.7828933098820052,0.348139267,0.044605675750000004,0.40757588749999996,0.0,1346.0
0.7858819442622595,0.35288650050000003,0.057901834,0.5475550915,0.0,1346.0
0.7885425899254606,0.21533663549999998,0.073039523,0.5783531645,0.0,1346.0
0.7682280725946631,0.091721975,0.110274257,0.5604690405,0.0,1346.0
0.6754500772523006,0.0080819285,0.1682300175,0.586233617,0.0,1346.0
0.6288297454699063,0.011275421833333334,0.187583817,0.5960634651666666,0.0,1346.0
0.7364137683693803,0.127308378,0.2077563925,0.573681671,0.0,1346.0
0.7752643370001919,0.25178616200000004,0.2886587805,0.5894536815,0.0,1346.0
0.7800138919569548,0.3184293835,0.413253168,0.6533770695,0.0,1346.0
0.7837247779667287,0.38986254350000005,0.45906867500000004,0.706885413,0.0,1346.0
0.7876082315570739,0.25920654666666665,0.5342573643333334,0.7437396683333333,0.0,1346.0
0.7876131609845508,0.06834335133333333,0.521551566,0.6923942583333332,0.0,1346.0
0.7695637820637663,0.0244504845,0.5126540509999999,0.6726161580000001,0.0,1346.0
0.6828719433711423,0.0028955235,0.503962855,0.69797409,0.0,1346.0
0.6289228675173822,0.011033919166666668,0.4599604303333333,0.7268976981666667,0.0,1346.0
0.7359945313166663,0.10251736550000001,0.425350442,0.6786785725,0.0,1346.0
0.772799614195645,0.2126292235,0.342133576,0.6712580955,0.0,1346.0
0.776468930826194,0.32865662149999997,0.2732752725,0.6854531615,0.0,1346.0
0.7813500709846624,0.39344240233333333,0.2305342996666667,0.6535373816666666,0.0,1346.0
0.7902779137745308,0.428576975,0.239701177,0.6434500765,0.0,1346.0
0.7957201336357286,0.2904124375,0.2058327755,0.61449193,0.0,1346.0
0.8012388258987345,0.183610341,0.181152436,0.608603853,0.0,1346.0
0.7782922991019007,0.0965143485,0.2292988675,0.6219713179999999,0.0,1346.0
0.6786949460426426,0.0090025755,0.335908581,0.6308603675,0.0,1346.0
0.6046565297950874,0.006449566799999999,0.392402694,0.6949841052,0.0,1346.0
0.6160214453967083,0.131657396,0.29214189850000005,0.7035367305,0.0,1346.0
0.6670923039302887,0.278208322,0.232869513,0.6746502825,0.0,1346.0
0.7203598798181823,0.434936098,0.280108278,0.699564529,0.0,1346.0
0.7348925579292309,0.5447836735,0.32414086200000003,0.73070079,0.0,1346.0
0.7503396310818853,0.5520874165,0.31039932924999997,0.68851188875,0.0,1346.0
0.7624955017020384,0.3663304645,0.307878102,0.707390114,0.0,1346.0
0.7663391461847835,0.23549451,0.2958492185,0.7668118195,0.0,1346.0
0.7521065604141539,0.0916852685,0.3182241595,0.8212435455,0.0,1346.0
0.6469761972590361,0.00260758225,0.31192471725000004,0.839016186,0.0,1346.0
0.597753024129301,0.003422998,0.31839080833333333,0.8458340456666665,0.0,1346.0
0.6126629945691571,0.09299378999999999,0.273277853,0.797361539,0.0,1346.0
0.6648583129076853,0.24349386150000002,0.23581464400000002,0.7405733425000001,0.0,1346.0
0.707827972787387,0.326385952,0.229862015,0.716958991,0.0,1346.0
0.7210087688556237,0.395705724,0.2426460655,0.675271837,0.0,1346.0
0.7292130027665187,0.3637726173333333,0.19812740033333331,0.5736442746666667,0.0,1346.0
0.7366802485044439,0.3125427035,0.1752927835,0.5127265315,0.0,1346.0
0.7461176027080995,0.22766994550000003,0.123503899,0.4435907395,0.0,1346.0
0.7508944086328826,0.161743231,0.094615192,0.376794327,0.0,1346.0
0.744270644896045,0.0945697335,0.101539189,0.3162889305,0.0,1346.0
0.6688354678240956,0.005306805,0.11001931433333334,0.22155969133333334,0.0,1346.0
0.6220310001721379,0.00679765675,0.10148765200000001,0.16156752525,0.0,1346.0
0.7131187969923735,0.156112147,0.06445137666666667,0.14942625499999998,0.0,1346.0
0.7794917993737498,0.366599147,0.0598360775,0.1226824305,0.0,1346.0
0.7822899922573913,0.507893626,0.079422309,0.110828109,0.0,1346.0
0.7864666372606268,0.6227881895,0.0845838665,0.13164204200000001,0.0,1346.0
0.7986991795792663,0.57721190575,0.1074290915,0.2479567885,0.0,1346.0
0.8013686741712758,0.344696681,0.11733419649999999,0.298855257,0.0,1346.0
0.8025030389742202,0.234004162,0.098747293,0.297914025,0.0,1346.0
0.7793078477585239,0.141053496,0.1133547435,0.27697832099999997,0.0,1346.0
0.6853653961595261,0.010200271,0.1268208565,0.256433134,0.0,1346.0
0.6249147214934198,0.0,0.13482135466666664,0.21795847233333332,0.0,1346.0
0.6546128338562224,0.09510356625,0.11496089425,0.1088132875,0.0,1346.0
0.7742150823515412,0.387551348,0.0548391925,0.104590104,0.0,1346.0
0.7840011397781697,0.5522982345,0.1005576605,0.11134170700000001,0.0,1346.0
0.7881955298449801,0.6601801805,0.1066798895,0.120813147,0.0,1346.0
0.7901225749098018,0.6738578,0.099871364,0.168190677,0.0,1346.0
0.7896504077856689,0.52028842,0.08847793649999999,0.218845185,0.0,1346.0
0.7927671417859661,0.298967539,0.065008082,0.2298961195,0.0,1346.0
0.7733871232951484,0.143240395,0.086581231,0.2224073275,0.0,1346.0
0.6790512306675525,0.009302947,0.1109781435,0.178760216,0.0,1346.0
0.6237635755121267,0.006840255199999999,0.1297199778,0.1049629666,0.0,1346.0
0.685440295758846,0.1314945105,0.07343965649999999,0.0910413645,0.0,1346.0
0.771221389587136,0.2871483425,0.0248544155,0.07961702000000001,0.0,1346.0
0.7796567857607988,0.507795053,0.026007853,0.077334362,0.0,1346.0
0.78358516525115,0.6196862535,0.0441726325,0.0718301825,0.0,1346.0
0.7932558329754128,0.6308349983333333,0.04999089366666667,0.08537165266666667,0.0,1346.0
0.7989798601106388,0.5182538114999999,0.042815818,0.14274774699999998,0.0,1346.0
0.7991811578834617,0.3475290325,0.03873344200000001,0.18179031,0.0,1346.0
0.7864754940570949,0.16019307866666666,0.06614520733333333,0.166162936,0.0,1346.0
0.6674746271741729,0.005789945,0.10404759433333334,0.13234208233333333,0.0,1346.0
0.6448197426740861,0.056884838666666666,0.08711004116666665,0.13360306866666669,0.0,1346.0
0.7760269961483821,0.338478061,0.0188705775,0.0718059585,0.0,1346.0
0.785024035057428,0.5278355965,0.025274704500000002,0.046164539500000004,0.0,1346.0
0.8010229752480273,0.6941471395000001,0.029012829999999996,0.040857522,0.0,1346.0
0.8284571694956782,0.6276041006666667,0.026870659666666668,0.04102613333333333,0.0,1346.0
0.834839717455346,0.4501696205,0.022404343,0.0392490325,0.0,1346.0
0.8352562081216837,0.27401333099999997,0.0212954245,0.040310980499999996,0.0,1346.0
0.7948417329809455,0.1245016885,0.0345932455,0.0345207605,0.0,1346.0
0.6598930483710006,0.003152633,0.047541555250000006,0.058640026750000004,0.0,1346.0
0.6303664397613392,0.035433257249999996,0.04057289075,0.103187311,0.0,1346.0
0.7479987826514993,0.2177625755,0.0207927285,0.0846543315,0.0,1346.0
0.8002407406330483,0.42341371699999997,0.011587219499999999,0.0848653955,0.0,1346.0
0.8262186089780029,0.622685778,0.020676223,0.094708271,0.0,1346.0
0.8550547358806412,0.7139844165,0.023433448,0.1109286985,0.0,1346.0
0.8646734128591083,0.5584714159999999,0.02297825375,0.116799872,0.0,1346.0
0.8532824428886046,0.3175485605,0.0191719215,0.10956632599999999,0.0,1346.0
0.8393597604821451,0.201608053,0.021811389,0.115534957,0.0,1346.0
0.8004875271301162,0.114994214,0.033910474,0.109482702,0.0,1346.0
0.6866956369277886,0.005006234,0.044698139,0.081603872,0.0,1346.0
0.6071598128522475,0.0026790258,0.0517911138,0.0881207346,0.0,1346.0
0.6181377233293015,0.114790434,0.027010533500000003,0.0872316535,0.0,1346.0
0.6797697150427714,0.2822019345,0.008814851,0.0673692595,0.0,1346.0
0.7418693909712423,0.544501354,0.008717758,0.060187199,0.0,1346.0
0.7748393023680409,0.692513503,0.009476272,0.07530429699999999,0.0,1346.0
0.7887191242654252,0.768862822,0.0087666385,0.058020524000000004,0.0,1346.0
0.7954236795929363,0.6834030095,0.017911884,0.10412269199999999,0.0,1346.0
0.8018032853604982,0.497712702,0.0330121265,0.20106772550000002,0.0,1346.0
0.8052402742725696,0.307475987,0.037777074,0.214573485,0.0,1346.0
0.7800735112064385,0.147118401,0.048056999,0.19051129,0.0,1346.0
0.6704728733648665,0.003881608333333333,0.06686790233333333,0.17821218633333333,0.0,1346.0
0.6040385886462154,0.00537828575,0.0788619115,0.1831838905,0.0,1346.0
0.6191456434092917,0.167562107,0.0653490925,0.256071848,0.0,1346.0
0.6839562889283427,0.389217382,0.025485496,0.2632678945,0.0,1346.0
0.7628423973432207,0.6767197835,0.029194025,0.24329691,0.0,1346.0
0.7861732347235171,0.8190218765,0.0316948215,0.227781899,0.0,1346.0
0.7922902803262803,0.778902902,0.0433484785,0.23628580999999999,0.0,1346.0
0.7994379752819228,0.5753042696666667,0.055952755666666666,0.27558374166666666,0.0,1346.0
0.8088073459238619,0.269431982,0.0430853275,0.2270589015,0.0,1346.0
0.7961478912075881,0.11687590950000001,0.057327302999999996,0.1612093165,0.0,1346.0
0.6866144152731207,0.002672775666666667,0.0831328,0.17411824866666667,0.0,1346.0
0.6299577767651082,0.004610886,0.09403166125000001,0.21322876675,0.0,1346.0
0.6956300050816683,0.1630629945,0.0520330415,0.202938431,0.0,1346.0
0.8029168304601394,0.3903695135,0.0111773125,0.125521775,0.0,1346.0
0.8701388230380536,0.6493224475,0.013612945999999999,0.089873228,0.0,1346.0
0.8898620988724268,0.762296707,0.022915294,0.08039635,0.0,1346.0
0.8954702672156165,0.6806567804999999,0.030913796,0.11997993125,0.0,1346.0
0.8918923980610951,0.456873939,0.0387159855,0.19690415449999998,0.0,1346.0
0.8944673464654361,0.273335096,0.058146526,0.2090763,0.0,1346.0
0.8580725580800024,0.1543402455,0.099848072,0.2067669485,0.0,1346.0
0.7168818145321583,0.004995972,0.1209225635,0.2061813695,0.0,1346.0
0.6359844568148912,0.00380793,0.1243036934,0.17163211280000001,0.0,1346.0
0.6979476744487073,0.1708295515,0.0891810385,0.16592995500000002,0.0,1346.0
0.8140037412266234,0.396731521,0.0293792015,0.16178585,0.0,1346.0
0.8794236316566926,0.6700033245,0.0446931615,0.16039383499999998,0.0,1346.0
0.8940503862404943,0.7803532835,0.0819346085,0.1681145015,0.0,1346.0
0.8995144349495854,0.8024800519999999,0.09347354,0.169782416,0.0,1346.0
0.8961190391760291,0.6641782494999999,0.09831827600000001,0.2171508405,0.0,1346.0
0.892504976025385,0.4534939785,0.0923968695,0.2764910905,0.0,1346.0
0.8958071403441021,0.255036972,0.102452555,0.311154636,0.0,1346.0
0.8679323884153985,0.1466179985,0.1799606375,0.33221398599999996,0.0,1346.0
0.7269359011370482,0.0041433175,0.2592665075,0.34422552100000003,0.0,1346.0
0.6417519263533882,0.0032762376,0.2914856104,0.4671066186,0.0,1346.0
0.7002801549196008,0.166517674,0.2054920855,0.4663475195,0.0,1346.0
0.8185090206681485,0.3945679395,0.1042174825,0.385330925,0.0,1346.0
0.8706798574027674,0.6693215775,0.12349429149999999,0.31343259,0.0,1346.0
0.8886684430733506,0.8286973660000001,0.172252393,0.304284707,0.0,1346.0
0.8952529145713581,0.7846496079999999,0.18085593325,0.26904362475,0.0,1346.0
0.891466002271712,0.529051598,0.215382974,0.2810991975,0.0,1346.0
0.8894868252600499,0.301240459,0.205431233,0.313641071,0.0,1346.0
0.8461847754110918,0.1621391135,0.254895237,0.37523129349999995,0.0,1346.0
0.7149251475722498,0.003871716,0.3023873005,0.5060929415000001,0.0,1346.0
0.6332468084800386,0.0030269325999999997,0.309567003,0.5366891652,0.0,1346.0
0.6948957942446767,0.16782194,0.1850428365,0.4321514055,0.0,1346.0
0.7923207706859493,0.38155815,0.099551529,0.2869616575,0.0,1346.0
0.8244892702817135,0.56948702,0.097837995,0.214690441,0.0,1346.0
0.8624464164464978,0.7357934605,0.147115771,0.1722258935,0.0,1346.0
0.8862394604937452,0.781433948,0.159361357,0.14704134733333332,0.0,1346.0
0.8906056986931461,0.6285287310000001,0.174317893,0.1763388815,0.0,1346.0
0.8853917224534853,0.41258892199999997,0.176504223,0.20876205850000001,0.0,1346.0
0.8810449981342924,0.235484369,0.171305639,0.260533883,0.0,1346.0
0.8385627382099795,0.1279477895,0.217722899,0.299557486,0.0,1346.0
0.7193173850002226,0.0030069485,0.2739527005,0.300385455,0.0,1346.0
0.6423695178405375,0.0025654318,0.26913186060000005,0.36138380160000005,0.0,1346.0
0.697712013551909,0.12200056449999999,0.175842791,0.301125636,0.0,1346.0
0.7795622162827734,0.239390522,0.0866830705,0.2028014775,0.0,1346.0
0.7890204136364003,0.369851406,0.1090757,0.145040106,0.0,1346.0
0.7973401855368101,0.468511681,0.170515205,0.15295693900000001,0.0,1346.0
0.8189792162401262,0.441907662,0.16827770399999997,0.11231454775,0.0,1346.0
0.8103723322310047,0.2776582655,0.14314415949999998,0.1136604725,0.0,1346.0
0.8023054967323638,0.142672439,0.140031133,0.152974657,0.0,1346.0
0.7804530099083862,0.074204715,0.175856377,0.179833339,0.0,1346.0
0.6886552612940854,0.0018338405,0.2074455995,0.2111287435,0.0,1346.0
0.6214705032754192,0.0,0.21691075299999998,0.2949779616666667,0.0,1346.0
0.6179359680338308,0.035473962,0.180065447,0.23706148275,0.0,1346.0
0.6729399119916,0.153551674,0.135395866,0.12859221599999998,0.0,1346.0
0.7252486717185918,0.2572268035,0.136047755,0.113594991,0.0,1346.0
0.7471506968189975,0.3083708075,0.13280563974999998,0.14520064000000002,0.0,1346.0
0.7635143366436463,0.29669060599999997,0.129976327,0.144913105,0.0,1346.0
0.7703739491632484,0.1981294955,0.1443995975,0.18038944699999998,0.0,1346.0
0.7677165348677252,0.07785781133333335,0.151030267,0.17753708633333334,0.0,1346.0
0.6943033322710284,0.0009676835,0.1808970215,0.203292998,0.0,1346.0
0.6170800218912277,0.015111608142857141,0.1637333307142857,0.21167172357142855,0.0,1346.0
0.6758549965190546,0.1711032005,0.171596408,0.2135370305,0.0,1346.0
0.7251782551221901,0.29365721,0.158649269,0.263723859,0.0,1346.0
0.7513396764890152,0.41230486050000004,0.16607078050000001,0.30173890849999996,0.0,1346.0
0.783599318754123,0.61061306275,0.19497464775,0.38358437025000003,0.0,1346.0
0.7993814227524041,0.514265143,0.18980154049999998,0.48471482850000003,0.0,1346.0
0.7915527832043041,0.290424852,0.16137232099999999,0.500408352,0.0,1346.0
0.7691312832630182,0.1208365475,0.1880990155,0.518417991,0.0,1346.0
0.6722482956221576,0.000960803,0.23048942166666667,0.5819431636666668,0.0,1346.0
0.6243891474760072,0.00134313575,0.17498101025,0.48441683025,0.0,1346.0
0.7165740626342422,0.16626921933333336,0.11300854766666668,0.27927118833333336,0.0,1346.0
0.7910496330278525,0.424917675,0.0895141615,0.2691873705,0.0,1346.0
0.8194713813400051,0.592068667,0.084816978,0.299439836,0.0,1346.0
0.8415240864522116,0.6794334694999999,0.0897793555,0.3062946055,0.0,1346.0
0.8701777166835281,0.592901824,0.07957473399999998,0.320510516,0.0,1346.0
0.8715002112979331,0.383635836,0.0475380565,0.275748272,0.0,1346.0
0.8513211522457697,0.1888190485,0.0426414995,0.2456847585,0.0,1346.0
0.7866870884602148,0.08473269,0.056938913,0.235499499,0.0,1346.0
0.6745643768682185,0.0009093870000000001,0.07287736633333333,0.22445191166666664,0.0,1346.0
0.6481882551650591,0.03849609116666667,0.0393533955,0.14858053949999997,0.0,1346.0
0.7850662381219329,0.31623381500000003,0.019386996,0.16050408,0.0,1346.0
0.8329373883048021,0.585854922,0.027772729,0.1428760395,0.0,1346.0
0.8668445452405795,0.726757823,0.0347395755,0.12269455900000001,0.0,1346.0
0.881965014749014,0.6902325916666667,0.04370161066666667,0.10342073766666667,0.0,1346.0
0.8768424864543144,0.4962243125,0.054796794999999995,0.0931700625,0.0,1346.0
0.8729281196306173,0.297102067,0.053191402,0.070740746,0.0,1346.0
0.8196903303897309,0.12181153350000001,0.0898526815,0.0679946575,0.0,1346.0
0.7097893575295161,0.0011271115,0.11942075099999999,0.10009109,0.0,1346.0
0.6387350181155658,0.0,0.15043283999999998,0.211177217,0.0,1346.0
0.6628076044887145,0.06948676349999999,0.08127315625,0.227635555,0.0,1346.0
0.7960452473223535,0.37009662200000004,0.035088247,0.2658065235,0.0,1346.0
0.8445655216345885,0.562215151,0.047424563,0.281722639,0.0,1346.0
0.8692351900170525,0.682731318,0.0819784935,0.299572109,0.0,1346.0
0.8889705617269205,0.722436301,0.11791685766666667,0.297334426,0.0,1346.0
0.8916540614305465,0.577116384,0.114239184,0.299229794,0.0,1346.0
0.8888425602181572,0.382093031,0.1090231235,0.27753621549999996,0.0,1346.0
0.8862229671696185,0.1931769,0.113997474,0.263692211,0.0,1346.0
0.834840750046604,0.0965858365,0.15067413000000002,0.2638398435,0.0,1346.0
0.7103194541799265,0.0007781375,0.17468471200000002,0.2856758545,0.0,1346.0
0.6387522624625199,0.012356994500000001,0.14461572566666667,0.3145059335,0.0,1346.0
0.753023901295125,0.1954183645,0.068807882,0.2032470355,0.0,1346.0
0.8256733967296765,0.41280885700000003,0.0497332645,0.134478451,0.0,1346.0
0.8644937097801212,0.5918480660000001,0.051976382,0.141203769,0.0,1346.0
0.8879180130819364,0.6630734277499999,0.054766534000000006,0.24554013375,0.0,1346.0
0.8881352955425019,0.455810858,0.06462355550000001,0.29798797850000003,0.0,1346.0
0.8823630094331567,0.2458151125,0.0722231145,0.310993327,0.0,1346.0
0.8323865429163368,0.10322656150000001,0.0940293675,0.3028537645,0.0,1346.0
0.6940137633162379,0.000491249,0.12199699533333334,0.33046079,0.0,1346.0
0.6411386445513877,0.0169667504,0.1384998564,0.3825138386,0.0,1346.0
0.7559865169079172,0.2200518295,0.1058837215,0.350780462,0.0,1346.0
0.8315402285577569,0.4782277735,0.09782777200000001,0.311726477,0.0,1346.0
0.8779243672977763,0.685079832,0.1093998855,0.35220589849999995,0.0,1346.0
0.8922559827279264,0.7011013020000001,0.125191506,0.4385618585,0.0,1346.0
0.8952393477040179,0.6082383245,0.1415482075,0.458297672,0.0,1346.0
0.8917508139496724,0.48076254350000003,0.15292145699999998,0.4390584875,0.0,1346.0
0.889603623117191,0.291577582,0.1745178645,0.4260863735,0.0,1346.0
0.8529603106802806,0.1081012195,0.25343614,0.47782984949999996,0.0,1346.0
0.7267151920241124,0.0005783665,0.3158417735,0.5544607655,0.0,1346.0
0.6429241894751201,0.0,0.3238765835,0.6259217845,0.0,1346.0
0.6270900945747323,0.000968343,0.3003888786666667,0.6581470556666668,0.0,1346.0
0.6380821777414283,0.125558258,0.2536988145,0.6736357135,0.0,1346.0
0.6932748032263869,0.3449867805,0.23770405049999999,0.598361895,0.0,1346.0
0.7609219714290822,0.42905433299999995,0.24168679199999998,0.5545577564999999,0.0,1346.0
0.7846239745655248,0.613772722,0.24484076100000002,0.556355494,0.0,1346.0
0.7922417397837305,0.6787474915,0.265359346,0.5832066410000001,0.0,1346.0
0.7998861692822198,0.554769652,0.3055611603333333,0.654404935,0.0,1346.0
0.8078471448464377,0.265416804,0.3215962995,0.704505991,0.0,1346.0
0.7977247543462427,0.0963794885,0.3466584235,0.751897367,0.0,1346.0
0.6925446533522902,0.0,0.38267664175,0.804403779,0.0,1346.0
0.6431685398946466,0.031007721,0.3494511048000001,0.7577662328,0.0,1346.0
0.6891003175049615,0.225043682,0.330033881,0.7653253755,0.0,1346.0
0.7402291996328513,0.347571377,0.335289501,0.730190987,0.0,1346.0
0.7626010561003254,0.46673046549999997,0.3428382605,0.7060252495,0.0,1346.0
0.7889709225659303,0.61325756175,0.30747877575,0.738942394,0.0,1346.0
0.801548283463591,0.4806405965,0.283319847,0.6843035485,0.0,1346.0
0.8071632586871185,0.2770284595,0.26334208950000004,0.5850054060000001,0.0,1346.0
0.7952573554953231,0.0817679715,0.33419388,0.5542233845,0.0,1346.0
0.7013236119888145,0.0,0.37581464425,0.604225244,0.0,1346.0
0.6736290844054207,0.0402645516,0.3106869026,0.5662826776000001,0.0,1346.0
0.8024223414828411,0.3097357435,0.1544835175,0.42497934000000004,0.0,1346.0
0.8445655216345885,0.455967955,0.139005969,0.363413907,0.0,1346.0
0.8712589638417099,0.6467122665,0.1558829545,0.3455141485,0.0,1346.0
0.889230062674688,0.7685021489999999,0.155961322,0.306757407,0.0,1346.0
0.8902579342747593,0.527880138,0.14260551700000001,0.3379521705,0.0,1346.0
0.8833415189194318,0.246436415,0.1318110245,0.3237109535,0.0,1346.0
0.8400316291299446,0.0707305375,0.2214659015,0.289213669,0.0,1346.0
0.7283806860687252,0.0,0.263339963,0.2478439625,0.0,1346.0
0.6562862851841224,0.0,0.267400662,0.255545728,0.0,1346.0
0.6676012518112262,0.040311449,0.19709294380000003,0.2792925416,0.0,1346.0
0.7984344599763462,0.308908706,0.0625831725,0.209863963,0.0,1346.0
0.8506924254670613,0.6075194715000001,0.066590966,0.155906278,0.0,1346.0
0.8764079218458056,0.795739778,0.08290399749999999,0.1366196995,0.0,1346.0
0.8844385631920125,0.734712322,0.06914693999999999,0.13155844849999998,0.0,1346.0
0.8883935834117718,0.571400881,0.0668849335,0.1218944825,0.0,1346.0
0.8809061363373336,0.3632387815,0.0670398915,0.1854183385,0.0,1346.0
0.8720324203368177,0.202648806,0.078018636,0.222496403,0.0,1346.0
0.8235337638524642,0.08433059799999999,0.1300156825,0.2597084615,0.0,1346.0
0.7167324608202098,0.0,0.171976563,0.3129326725,0.0,1346.0
0.6476849562116834,0.0,0.18204837833333334,0.3355225193333333,0.0,1291.3333333333333
0.667714951300611,0.0546549175,0.10434281025,0.23426236225,0.0,1182.0
0.78696668903806,0.342437072,0.025696998,0.195743643,0.0,1182.0
0.8318971471805692,0.5455065554999999,0.039847678,0.198123341,0.0,1182.0
0.8583498583834073,0.685888276,0.06467008299999999,0.188077483,0.0,1182.0
0.8646283933808452,0.6726030695,0.072578555,0.200401733,0.0,1182.0
0.8640448742789881,0.47159910950000006,0.0744685175,0.23105173550000002,0.0,1182.0
0.858360139278385,0.27694947400000003,0.069440719,0.226582834,0.0,1182.0
0.8586778591364166,0.134975998,0.060028438,0.23117911,0.0,1182.0
0.8184830136240204,0.0588819575,0.087138588,0.2586095425,0.0,1182.0
0.7166182686694375,0.0,0.11425313449999999,0.328447011,0.0,1182.0
0.650188564637734,0.007734917,0.12011377050000001,0.394380605,0.0,1182.0
0.7539345057920732,0.18693457200000002,0.0593368435,0.3161312045,0.0,1182.0
0.8226565136475236,0.4266604675,0.0560098125,0.35298067499999997,0.0,1182.0
0.8487765300744218,0.588097239,0.074275685,0.375393359,0.0,1182.0
0.8602129418758345,0.6408557374999999,0.08883161549999999,0.3995475205,0.0,1182.0
0.8617755338092428,0.5107100705000001,0.1088150325,0.403828012,0.0,1182.0
0.8596890420234611,0.349939393,0.11906615649999999,0.4871802015,0.0,1182.0
0.8484794188996815,0.257735467,0.0927110235,0.4668363115,0.0,1182.0
0.8425366777024464,0.155692045,0.061216559,0.39704722,0.0,1182.0
0.8024905050107602,0.062307603999999996,0.076263352,0.336808662,0.0,1182.0
0.6800575547797463,0.0,0.10661463325000001,0.33850594224999997,0.0,1182.0
0.6657224422946972,0.01964976,0.08743694560000001,0.3140052732,0.0,1182.0
0.7852231501017726,0.188997448,0.052027516499999996,0.2907277835,0.0,1182.0
0.8049865863269361,0.28881628,0.057260197,0.318375449,0.0,1182.0
0.8310628978520893,0.3844634995,0.06526501400000001,0.32522933200000004,0.0,1182.0
0.8539323979678837,0.458562954,0.07704934799999999,0.3495248338,0.0,1182.0
0.8450943033958584,0.32466555399999997,0.10435005550000001,0.342560861,0.0,1182.0
0.8359516897524988,0.182663565,0.10017571,0.327180467,0.0,1182.0
0.7912453445538725,0.060998894,0.10521021850000001,0.3126262335,0.0,1182.0
0.6553842365170016,0.0,0.11991207475,0.31126261675,0.0,1182.0
0.6137056301817528,0.0419266925,0.09719734983333334,0.27924843416666667,0.0,1182.0
0.6997810419467536,0.2868346075,0.064457024,0.15074754299999998,0.0,1182.0
0.7325593262270951,0.3985617505,0.063141152,0.157775898,0.0,1182.0
0.7388069480432848,0.41675830125,0.0877575665,0.18602644175,0.0,1182.0
0.7522817101502184,0.2965647595,0.095503747,0.1536401935,0.0,1182.0
0.7460805869844194,0.133747987,0.085731528,0.23159331500000002,0.0,1182.0
0.7293511445944592,0.0356133375,0.09077719100000001,0.24343684850000002,0.0,1182.0
0.6436785630085157,0.0,0.11383331975,0.2060470375,0.0,1182.0
0.6020622167782796,0.006748369,0.10106944375,0.28561564424999997,0.0,1182.0
0.6437878497203577,0.20827473866666665,0.062090369666666666,0.20744601266666665,0.0,1182.0
0.7076719295847517,0.514317691,0.0413806735,0.132042623,0.0,1182.0
0.7228761946709616,0.6145884415,0.0581820915,0.1106868805,0.0,1182.0
0.7389530156265596,0.6046394125,0.101799234,0.16328140600000002,0.0,1182.0
0.74735076207864,0.436125904,0.113099036,0.25492838100000004,0.0,1182.0
0.7421633096476699,0.246933978,0.09142710500000001,0.30148168350000004,0.0,1182.0
0.744762340906253,0.101639395,0.079859363,0.361659561,0.0,1182.0
0.7249904776359938,0.0303575505,0.1046002625,0.494798918,0.0,1182.0
0.6536784990960249,0.0,0.1855752225,0.599326367,0.0,1182.0
0.6300322775522369,0.00356533875,0.2645540625,0.64445171675,0.0,1182.0
0.7355545683473208,0.1378291465,0.3006449155,0.658924734,0.0,1182.0
0.7637721083735982,0.33303794350000004,0.314251109,0.6427852075,0.0,1182.0
0.762401753482637,0.460177986,0.36308536950000003,0.6273277905,0.0,1182.0
0.7669337561858415,0.4537607385,0.35676645525,0.746489096,0.0,1182.0
0.7661938065423941,0.26490043750000003,0.39362007499999996,0.8061569015000001,0.0,1182.0
0.7678183886523524,0.162115191,0.36848769049999996,0.7543918195,0.0,1182.0
0.7504105525632039,0.0492645185,0.3088600415,0.6465052465000001,0.0,1182.0
0.6497569031174995,0.0,0.28350963749999997,0.47322526275,0.0,1182.0
0.629674373278396,0.0070153565,0.2024454565,0.28555066700000004,0.0,1182.0
0.7347855248277496,0.179670369,0.1196116435,0.186166214,0.0,1182.0
0.7646782295550056,0.41845927,0.093844178,0.145001153,0.0,1182.0
0.7646921718816557,0.560439137,0.107183089,0.124659483,0.0,1182.0
0.7714591162916948,0.6408389675,0.134607479,0.1335354615,0.0,1182.0
0.7840525673871039,0.6250511835,0.164542321,0.15111405249999998,0.0,1182.0
0.7942444828850725,0.5115554984999999,0.157361234,0.2169011785,0.0,1182.0
0.7923215453638595,0.3739209275,0.099724521,0.26422955449999996,0.0,1182.0
0.7893347537353976,0.215202399,0.055138882,0.273241173,0.0,1182.0
0.755905397063892,0.0749550965,0.058356375,0.29152693350000003,0.0,1182.0
0.6717606918370682,0.0,0.08191240250000001,0.33735832,0.0,1182.0
0.623509315084311,0.0,0.10729847166666666,0.3117060783333333,0.0,1182.0
0.6313600027952263,0.008900366666666666,0.12039295266666668,0.3457849373333333,0.0,1182.0
0.7346749234560234,0.1900924135,0.089811905,0.4333056025,0.0,1182.0
0.7717288120591168,0.386016684,0.073518256,0.519921667,0.0,1182.0
0.7747984138800543,0.618175993,0.106514914,0.5988683269999999,0.0,1182.0
0.794519107454727,0.7557533985,0.167084019,0.6491158015,0.0,1182.0
0.8071557476251854,0.6559650459999999,0.2003997865,0.6982161445,0.0,1182.0
0.8185753531676092,0.5071011195,0.224376183,0.718382882,0.0,1182.0
0.8122971004680539,0.367626357,0.17980575199999999,0.7041754265,0.0,1182.0
0.7986627039105054,0.1606267765,0.249218439,0.706023924,0.0,1182.0
0.7069239169969105,0.002934028333333333,0.4210041246666667,0.7752067016666667,0.0,1182.0
0.6355374380241181,0.0,0.5102988535,0.857320468,0.0,1182.0
0.6296698785156708,0.0,0.5365617796666666,0.8774027793333333,0.0,1182.0
0.6955681090044123,0.0381238005,0.5660304620000001,0.8848081965,0.0,1182.0
0.7781244494077575,0.194970862,0.504806847,0.89506212,0.0,1182.0
0.8130757677506547,0.398201224,0.5596688750000001,0.885540335,0.0,1182.0
0.8426248390498006,0.542213822,0.59783521,0.8425354684999999,0.0,1182.0
0.8537133926461546,0.5376850559999999,0.6427529715,0.8486658954999999,0.0,1182.0
0.8509468643313147,0.5291232325,0.6468809055,0.8084692405,0.0,1182.0
0.8428657576274277,0.350138263,0.587763131,0.7504308504999999,0.0,1182.0
0.828799707287045,0.163018114,0.4982025955,0.7276823,0.0,1182.0
0.7856901761531723,0.008270104,0.426933397,0.718413017,0.0,1182.0
0.6971203886764115,0.0,0.3492762893333334,0.6237680633333333,0.0,1182.0
0.649528156971343,0.0029440893999999997,0.20862426540000004,0.41399980440000006,0.0,1182.0
0.7505740130411005,0.1544770245,0.121965843,0.48208074349999996,0.0,1182.0
0.8065416675110333,0.36721172550000003,0.12059981,0.5328097665,0.0,1182.0
0.8369382736459833,0.53404214,0.159566517,0.561077675,0.0,1182.0
0.8526522611659921,0.659270327,0.2024610055,0.5463677245,0.0,1182.0
0.8580082910756798,0.6123089770000001,0.297573187,0.538274798,0.0,1182.0
0.8407795947202423,0.37798782649999996,0.38341911149999996,0.584274627,0.0,1182.0
0.8264361965578745,0.1741110095,0.4362091505,0.6850453519999999,0.0,1182.0
0.8133413787958916,0.072435499,0.514072401,0.77684763,0.0,1182.0
0.7858356574134363,0.020481133,0.5583602384999999,0.8549861670000001,0.0,1182.0
0.7018335223085796,0.0,0.5750178705,0.905507229,0.0,1182.0
0.636630186867124,0.0,0.5165566595,0.9131328875,0.0,1182.0
0.6145113137885415,0.00167270325,0.4857541915,0.9128280594999999,0.0,1182.0
0.634768934371893,0.16067670350000002,0.5125552185,0.9086529405,0.0,1182.0
0.6906296495582785,0.382945168,0.6005898519999999,0.9140487305,0.0,1182.0
0.7168378748511113,0.568961049,0.686755888,0.9086544495,0.0,1182.0
0.7320092784942748,0.585883082,0.6796133455,0.80828773625,0.0,1182.0
0.7360632344305713,0.44023532249999997,0.644549809,0.730590055,0.0,1182.0
0.7326499288415198,0.1952628905,0.513495585,0.671574042,0.0,1182.0
0.7244331531516089,0.035232008,0.40899446500000003,0.653783929,0.0,1182.0
0.6365311223345927,0.0,0.298056901,0.51515190275,0.0,1182.0
0.597257913054587,0.003178319,0.15481600175000002,0.34854416224999996,0.0,1182.0
0.624186863974,0.136560375,0.10774820800000001,0.282263508,0.0,1182.0
0.6759924027468648,0.285326364,0.1131258195,0.24342139699999998,0.0,1182.0
0.6948907475838598,0.374560801,0.1100410885,0.2077599965,0.0,1182.0
0.7002811878234811,0.42250546,0.09599052525000001,0.22689753624999998,0.0,1182.0
0.7085235482048742,0.26914705650000004,0.0918321705,0.3477344055,0.0,1182.0
0.7064935306888438,0.12284033450000001,0.09479080749999999,0.4404299255,0.0,1182.0
0.6995283869050005,0.023540213499999997,0.114647106,0.45895537,0.0,1182.0
0.6647309293488826,0.0,0.150178645,0.4831384775,0.0,1182.0
0.6224422309599124,0.0,0.2156264294,0.632909866,0.0,1182.0
0.6835809684226297,0.042311167,0.2417437,0.6722481245,0.0,1182.0
0.755776229369967,0.22850394350000003,0.278910576,0.7478723970000001,0.0,1182.0
0.7584119943669699,0.315782439,0.319455744,0.760188357,0.0,1182.0
0.7596549181805481,0.377600116,0.366817641,0.731968407,0.0,1182.0
0.7620039622113649,0.4357536503333333,0.3350965443333333,0.6156527963333334,0.0,1182.0
0.7630974464460862,0.427263557,0.42213323700000005,0.5661125945000001,0.0,1182.0
0.7631109664200904,0.2579908765,0.42152482150000004,0.4691063045,0.0,1182.0
0.7603197919057322,0.09302057350000001,0.3523668425,0.404513039,0.0,1182.0
0.6878136727416969,0.000646848,0.2707963486666667,0.3281470306666667,0.0,1182.0
0.6231122593298034,0.0,0.224727237,0.296089701,0.0,1182.0
0.6515390775827091,0.02215707975,0.16526752625,0.2050746015,0.0,1182.0
0.7574449390469383,0.2026795645,0.108506913,0.10562474250000001,0.0,1182.0
0.7607905975600109,0.4320690155,0.120782768,0.0794812275,0.0,1182.0
0.7636916610842182,0.47088824733333334,0.115198449,0.07357952433333333,0.0,1182.0
0.7682019242452827,0.38550282,0.09655607,0.082472067,0.0,1182.0
0.767261815711832,0.2722407785,0.057986837,0.0582478015,0.0,1182.0
0.7686046138902225,0.1510272295,0.029686206,0.04502594,0.0,1182.0
0.745494884841462,0.031385053,0.031710538999999996,0.056681511,0.0,1182.0
0.671004135387621,0.0,0.044163958,0.086120271,0.0,1182.0
0.6281827417217235,0.0009278603333333332,0.06264033183333333,0.14372547300000002,0.0,1182.0
0.7330816298303121,0.113148647,0.060337154,0.1671824585,0.0,1182.0
0.761356184024949,0.26858636199999997,0.048381857,0.1801627245,0.0,1182.0
0.760520643879241,0.353191623,0.042493851,0.155242752,0.0,1182.0
0.7610290986298576,0.441418179,0.029743802,0.106736831,0.0,1182.0
0.7653117677462955,0.34949675775000005,0.02000098775,0.08449643899999999,0.0,1182.0
0.7672592572114215,0.196909655,0.0222416395,0.08158861549999999,0.0,1182.0
0.767226043912044,0.0998913255,0.03764707,0.059956787,0.0,1182.0
0.6914906258999046,0.0005240339999999999,0.060095530333333334,0.08635565266666667,0.0,1182.0
0.6253504754315569,0.0,0.081628066,0.09761704,0.0,1182.0
0.6450299520710654,0.0220967034,0.06670828679999999,0.1502071588,0.0,1182.0
0.7582062367252743,0.28506810650000003,0.050699402000000005,0.280365186,0.0,1182.0
0.7620294375892706,0.493404882,0.056438873,0.341576532,0.0,1182.0
0.7654354897171146,0.5997289345000001,0.0834379035,0.4202589055,0.0,1182.0
0.7764592604824506,0.5564051376666668,0.14390888966666668,0.5149891386666666,0.0,1182.0
0.7798197063400873,0.370671438,0.199530367,0.57962767,0.0,1182.0
0.7765988731980293,0.23086177749999998,0.1962121725,0.598547409,0.0,1182.0
0.7747412824783549,0.129476015,0.233668706,0.630788603,0.0,1182.0
0.751997039152266,0.0288101935,0.334973889,0.712734064,0.0,1182.0
0.6740708032488381,0.0,0.40944761900000004,0.794279452,0.0,1182.0
0.6231417756263079,0.0,0.44470045725,0.83760892175,0.0,1182.0
0.6645949936752468,0.028717298333333332,0.48579233066666666,0.8556942713333333,0.0,1182.0
0.7638432055486156,0.21021965599999998,0.47177040000000003,0.851245282,0.0,1182.0
0.7663578069188988,0.325086426,0.522000728,0.853713053,0.0,1182.0
0.7759920693665083,0.406614402,0.5947757725,0.855711288,0.0,1182.0
0.8031552611899822,0.4889030945,0.622686901,0.84405190525,0.0,1182.0
0.8056874197378743,0.39130566,0.578941708,0.8518974795,0.0,1182.0
0.7957494269648413,0.174000257,0.558552623,0.8664705109999999,0.0,1182.0
0.7601361219631444,0.025317894,0.5677275595,0.8860217015,0.0,1182.0
0.6751656410336503,0.0,0.557377551,0.8663360525,0.0,1182.0
0.6118904302666593,0.0,0.48944987300000004,0.7673728400000001,0.0,1182.0
0.6068411353416349,0.01669160725,0.45710062500000004,0.6879075885,0.0,1182.0
0.6606312728867734,0.19672960949999999,0.380116608,0.5694564215,0.0,1182.0
0.7035599739384847,0.359801023,0.342390779,0.569379914,0.0,1182.0
0.7175991253234889,0.5122843125,0.3168361855,0.6062824019999999,0.0,1182.0
0.7243605300674391,0.6496751045,0.355931591,0.649645474,0.0,1182.0
0.7320137147601684,0.6739739570000001,0.4391984705,0.729074784,0.0,1182.0
0.7398712640498929,0.43140403066666666,0.45148943766666666,0.7846837463333335,0.0,1182.0
0.732256347132914,0.08669171149999999,0.467557929,0.8523044675,0.0,1182.0
0.6873277043877514,0.0,0.5296823413333334,0.8884042276666667,0.0,1182.0
0.6063074577530798,0.004418412857142858,0.6568254488571429,0.9210832327142857,0.0,1182.0
0.6562299281477111,0.1120535195,0.6364551905,0.8902497315,0.0,1182.0
0.6973205439191552,0.34405345249999997,0.5314272195,0.86580421,0.0,1182.0
0.7038778344765242,0.5483080929999999,0.49501763249999997,0.8090160495000001,0.0,1182.0
0.7222877930349637,0.6645467346666667,0.5057267606666667,0.7378056176666666,0.0,1182.0
0.7292041383629095,0.5082656425,0.5350828535,0.686595337,0.0,1182.0
0.7287212210978169,0.266721814,0.4998522485,0.6794952745,0.0,1182.0
0.7226657895870493,0.089978316,0.473743436,0.677562797,0.0,1182.0
0.6789439314203377,0.0,0.4609505683333333,0.64776248,0.0,1182.0
0.6227568900002871,0.0,0.38173564,0.5436895006666667,0.0,1182.0
0.651701704812919,0.02099919825,0.2833842465,0.45899463349999997,0.0,1182.0
0.7573721518360926,0.257503723,0.2677955385,0.378819535,0.0,1182.0
0.7620422063320326,0.436932655,0.26246145,0.351181234,0.0,1182.0
0.7617455644032742,0.5141365705000001,0.28951681949999997,0.331483082,0.0,1182.0
0.7631923680930648,0.46903861175,0.22439785150000002,0.37764568325000003,0.0,1182.0
0.7616527084077451,0.2803434975,0.13959438999999998,0.4389479125,0.0,1182.0
0.7618371533408654,0.09642866,0.0863242865,0.4677377355,0.0,1182.0
0.7504705472719976,0.022602877,0.091717222,0.464428923,0.0,1182.0
0.6865142984176577,0.0,0.13981421100000002,0.5410870600000001,0.0,1182.0
0.6223913338490354,0.0,0.25596155325000003,0.7373336902500001,0.0,1182.0
0.6638317558424492,0.018467860666666665,0.3108553996666667,0.793539075,0.0,1182.0
0.7553342946921551,0.2439059195,0.314737404,0.7858597270000001,0.0,1182.0
0.7532341184930713,0.472092999,0.351422722,0.770131665,0.0,1182.0
0.7583583837169352,0.5823030220000001,0.44183373049999997,0.76986798,0.0,1182.0
0.761301834023317,0.659888732,0.5869185705,0.827688765,0.0,1182.0
0.7600353556870819,0.45251665500000005,0.660212049,0.842555953,0.0,1182.0
0.7569048906927687,0.29188555,0.606111545,0.797791487,0.0,1182.0
0.7502325861007588,0.1177278275,0.5164616065,0.7532731690000001,0.0,1182.0
0.6868879132564304,0.0,0.4490086813333334,0.7152333303333333,0.0,1182.0
0.6235347121295042,0.0,0.44892416150000003,0.6856689235,0.0,1182.0
0.6180128511587378,0.0,0.389459451,0.5558845530000001,0.0,1182.0
0.6407001038256599,0.0005834895,0.3252901295,0.373269846,0.0,1182.0
0.7358173629787994,0.170537624,0.239316777,0.2756201145,0.0,1182.0
0.756557220061054,0.4805580735,0.182145862,0.2284684775,0.0,1182.0
0.7596409989879437,0.6408665060000001,0.2857246985,0.372950008,0.0,1182.0
0.7614879571126205,0.606908367,0.320208357,0.605426733,0.0,1182.0
0.7663307200775544,0.467919209,0.335097942,0.7734930790000001,0.0,1182.0
0.7654500898009573,0.268702275,0.3389219365,0.790399082,0.0,1182.0
0.7653247948713388,0.135526719,0.280828255,0.789117255,0.0,1182.0
0.7646122959615228,0.0302492855,0.311827178,0.8318754585,0.0,1182.0
0.6968339493828634,0.0,0.4219985663333334,0.9126021876666667,0.0,1182.0
0.6320067480986036,0.0,0.493047474,0.87303095,0.0,1182.0
0.6286962353071802,0.0,0.5390951876666666,0.7084712233333333,0.0,1182.0
0.69145181040999,0.004405782,0.5040433470000001,0.635627297,0.0,1182.0
0.7643779727752885,0.0493153055,0.49377903199999995,0.654466325,0.0,1182.0
0.7635161670468602,0.048573553,0.495822228,0.607007016,0.0,1182.0
0.7643886760229122,0.11013597350000001,0.4990187595,0.6181084445,0.0,1182.0
0.7684171649700001,0.314995754,0.464491724,0.5601313800000001,0.0,1182.0
0.7741714005838423,0.4464624315,0.3968104725,0.54794042,0.0,1182.0
0.7706369785740291,0.379899168,0.31324017849999997,0.5842910115,0.0,1182.0
0.7716676903471489,0.212706154,0.23288870150000002,0.6040429935,0.0,1182.0
0.7531621997468076,0.019347574,0.2001277855,0.613700708,0.0,1182.0
0.6538602209331256,0.0,0.1646590835,0.5393019485,0.0,1182.0
0.6314792338485739,0.0,0.23321094599999997,0.58000340175,0.0,1182.0
0.7364239320310182,0.06714751050000001,0.333626894,0.668556739,0.0,1182.0
0.767368144475407,0.2609125055,0.373057337,0.750326228,0.0,1182.0
0.7751986147393433,0.440134609,0.4432355655,0.8460100545,0.0,1182.0
0.7975463655311518,0.5298187705,0.45767915699999995,0.8374776875000001,0.0,1182.0
0.8071633055804546,0.5523357815000001,0.5674068735,0.806222268,0.0,1182.0
0.7967600933999457,0.3236012355,0.5690913675,0.76234751,0.0,1182.0
0.780857060710558,0.0987147575,0.5970258829999999,0.80187637,0.0,1182.0
0.7715999966904559,0.009202371,0.606755152,0.795201341,0.0,1182.0
0.6967534710396744,0.0,0.5680978536666667,0.7506009749999999,0.0,1182.0
0.6117019797047805,0.0,0.5465481943333333,0.743426174,0.0,1182.0
0.6141256231091916,0.0189284288,0.5283816152,0.8066659406,0.0,1182.0
0.6829129728517591,0.2015656995,0.51977094,0.792904802,0.0,1182.0
0.6997872856381268,0.39850000350000003,0.4977467075,0.7658300730000001,0.0,1182.0
0.7043711851962475,0.42249270424999996,0.41584850125,0.7157759342500001,0.0,1182.0
0.7162112447255576,0.16245161833333335,0.346657094,0.713421059,0.0,1182.0
0.7153706502076843,0.0419459325,0.2563104255,0.673578157,0.0,1182.0
0.6735467158231209,0.0,0.21888421299999997,0.6128446523333334,0.0,1182.0
0.6071129435131623,0.0,0.21262197500000002,0.542535421,0.0,1182.0
0.5957189810600549,0.0,0.1342452,0.30278361524999997,0.0,1182.0
0.623655687745209,0.08328467749999999,0.111633641,0.261848731,0.0,1182.0
0.6757574224286826,0.2443021885,0.10615007400000001,0.308329984,0.0,1182.0
0.6967309218059332,0.2922517865,0.14537854249999999,0.3677982905,0.0,1182.0
0.7032129371483611,0.292507353,0.12835354075,0.17069385450000002,0.0,1182.0
0.711694221108558,0.16085329199999998,0.17742948,0.198783712,0.0,1182.0
0.7095023862571234,0.10253029,0.187163369,0.245382739,0.0,1182.0
0.7056055300303214,0.038029363,0.210739327,0.347081807,0.0,1182.0
0.6762307476097992,0.0,0.21796465866666667,0.3881257913333333,0.0,1182.0
0.6253103849118373,0.0,0.227994217,0.333110759,0.0,1182.0
0.6280766551726495,0.0,0.2222693635,0.3229707895,0.0,1182.0
0.7330464216884225,0.086579946,0.23545175499999998,0.30165843400000003,0.0,1182.0
0.7572246053933126,0.309955355,0.1811692405,0.2518416375,0.0,1182.0
0.7595719438613966,0.5282995695,0.180558584,0.286385766,0.0,1182.0
0.7609878343699388,0.544441659,0.1260910825,0.2437669285,0.0,1182.0
0.7634187889706326,0.42129253133333333,0.11107557266666666,0.1774701486666667,0.0,1182.0
0.7621402262217185,0.2578529805,0.098073489,0.2190216295,0.0,1182.0
0.7528362179082229,0.0634409425,0.0881162475,0.2573882735,0.0,1182.0
0.6868879132564304,0.0,0.10486432766666666,0.3300158583333333,0.0,1182.0
0.6214503798652099,0.0,0.08689249399999999,0.2779422183333333,0.0,1182.0
0.6515791329636889,0.00925531925,0.06418422124999999,0.37023094975,0.0,1182.0
0.7552989452450132,0.211905275,0.0482355055,0.408958094,0.0,1182.0
0.753509400507296,0.282694579,0.039269708,0.377629703,0.0,1182.0
0.7596542376019321,0.4057839395,0.0475357395,0.36729339250000004,0.0,1182.0
0.7635399797954873,0.44890543325,0.0344113495,0.23219139475,0.0,1182.0
0.7632237033143368,0.28239665150000004,0.035007475499999996,0.2021793425,0.0,1182.0
0.7656556357973966,0.1099407785,0.0394011365,0.1768374915,0.0,1182.0
0.7554459989951433,0.005897536,0.054456154,0.197180958,0.0,1182.0
0.687782517434524,0.0,0.068015269,0.22541993633333335,0.0,1182.0
0.6268999151597637,0.0,0.07804808816666667,0.2366923333333333,0.0,1182.0
0.7331742513591613,0.11463909500000001,0.093350971,0.309590722,0.0,1182.0
0.7595476499871425,0.44083418100000005,0.059150430000000004,0.3259769595,0.0,1182.0
0.761615622031439,0.667740775,0.076952086,0.34350496,0.0,1182.0
0.7657737948117698,0.7718115765,0.082878445,0.333929649,0.0,1182.0
0.7751747672896476,0.731913722,0.09520600700000001,0.286250858,0.0,1182.0
0.7758867494349011,0.501711416,0.115895338,0.272671565,0.0,1182.0
0.7698326093666061,0.2850565,0.12991608400000001,0.3140046825,0.0,1182.0
0.7694167054922126,0.126518204,0.215259274,0.38352985,0.0,1182.0
0.7405208417941287,0.0036895915,0.297759761,0.4235389945,0.0,1182.0
0.6681840433160823,0.0,0.32626247350000004,0.4435815115,0.0,1182.0
0.6247059049577359,0.0,0.3253816095,0.4555985105,0.0,1182.0
0.6450493588218839,0.0053945196,0.273305091,0.4413984872,0.0,1182.0
0.7553180283317744,0.2186998765,0.2339423105,0.297512346,0.0,1182.0
0.7555003605637982,0.357810309,0.23151209099999998,0.2329636105,0.0,1182.0
0.7594443961759181,0.384119571,0.205315781,0.202614437,0.0,1182.0
0.7609937338642259,0.29943932300000003,0.14791209533333335,0.13266496233333333,0.0,1182.0
0.7623618506925725,0.1629652435,0.162436368,0.15514840800000002,0.0,1182.0
0.7624375721757608,0.098949446,0.11957606850000001,0.16970757050000002,0.0,1182.0
0.7596996325395052,0.016949222,0.102731994,0.16626471399999998,0.0,1182.0
0.6882947906573847,0.0,0.07656146533333334,0.13999831533333332,0.0,1182.0
0.6238840567595263,0.0,0.045698495000000006,0.13106615,0.0,1182.0
0.6524772618012249,0.00200117475,0.0379197345,0.18551591850000002,0.0,1182.0
0.7554308824593605,0.0754930895,0.032300655,0.236220736,0.0,1182.0
0.7585231822180181,0.1655065175,0.0290579245,0.242080456,0.0,1182.0
0.7611066508288822,0.31046426299999996,0.041664958,0.20441333150000002,0.0,1182.0
0.7661858612481699,0.38105790999999994,0.05225225825,0.26209233174999996,0.0,1182.0
0.765124060443792,0.1857519005,0.058085265,0.289865502,0.0,1182.0
0.7639977934947249,0.036313133,0.0934583715,0.3000777585,0.0,1182.0
0.6857740785643878,0.0,0.10418335699999999,0.286785795,0.0,1182.0
0.595921925726837,0.0,0.075741286,0.27305847533333333,0.0,1330.6666666666667
0.6017770529032302,0.013650960600000001,0.05771859880000001,0.2084017222,0.0,1628.0
0.669822591511981,0.13457144,0.0407279015,0.17332848,0.0,1628.0
0.6870231912562397,0.2201476255,0.0361812475,0.14847081550000002,0.0,1628.0
0.6883727651048478,0.25173561333333333,0.024907429999999998,0.09299020766666666,0.0,1628.0
0.6930003427834083,0.224431143,0.0248959185,0.077582544,0.0,1628.0
0.6983070812319261,0.17565590450000002,0.028671398,0.1053942605,0.0,1628.0
0.6998822777814203,0.03652801,0.0440888535,0.136862216,0.0,1628.0
0.6676189342253044,0.0,0.048496346,0.131555999,0.0,1628.0
0.595587540581605,0.0,0.04011071233333333,0.10260826733333334,0.0,1628.0
0.6015699059557962,0.012475884599999999,0.0280387522,0.137088999,0.0,1628.0
0.669946735991757,0.1564459255,0.016964055,0.079753539,0.0,1628.0
0.68665716563496,0.2980585055,0.0153874375,0.053400222,0.0,1628.0
0.6912644007759625,0.40603314599999996,0.025788117,0.05367986266666667,0.0,1628.0
0.6986081824043128,0.421359392,0.0273756985,0.095227427,0.0,1628.0
0.7016673157569286,0.24869197199999998,0.0316982775,0.133968154,0.0,1628.0
0.7002310982377331,0.045364629,0.0518030395,0.193434574,0.0,1628.0
0.6461241559371729,0.0,0.0706124485,0.29810577983333336,0.0,1628.0
0.6521590724940068,0.00250553025,0.11317605975,0.40634325099999996,0.0,1628.0
0.7656057103383245,0.1840187465,0.1151841765,0.4397777275,0.0,1628.0
0.7611763633999996,0.360045249,0.089078357,0.408102598,0.0,1628.0
0.7631895749696633,0.5719215375,0.10871642749999999,0.3954190125,0.0,1628.0
0.7691937820759523,0.6072513033333333,0.11963926300000001,0.38736820600000005,0.0,1628.0
0.7686529508114868,0.41648354933333326,0.13229593766666667,0.37718334133333337,0.0,1628.0
0.7658305976474951,0.1420537155,0.1592738595,0.37601293049999995,0.0,1628.0
0.7094957789860854,0.00035235825,0.2091166235,0.40522521325000005,0.0,1628.0
0.6202135507889283,0.0,0.194006488,0.45371057,0.0,1628.0
0.6519728792210107,0.00217267125,0.14528320025,0.37310147225,0.0,1628.0
0.7652878732469528,0.1415631775,0.0924055815,0.32203113,0.0,1628.0
0.7597464361528907,0.32207664950000003,0.0701905175,0.2378299245,0.0,1628.0
0.760232052911024,0.488889819,0.06797262100000001,0.174885439,0.0,1628.0
0.7635725709766076,0.37783557599999995,0.045377114249999996,0.0775728645,0.0,1628.0
0.7636542072725729,0.16322968,0.0443264435,0.0890553445,0.0,1628.0
0.7618238912802091,0.0247974665,0.0694387905,0.16288749800000002,0.0,1628.0
0.6774222710646814,0.0,0.07216878725,0.22918668650000001,0.0,1628.0
0.6242674581499814,0.0,0.07084985120000001,0.24329925599999996,0.0,1628.0
0.7410728379450586,0.0292553135,0.077089167,0.2726708785,0.0,1628.0
0.7638229488779662,0.11883395399999999,0.072511674,0.311355468,0.0,1628.0
0.7589553762120824,0.183965072,0.06696915,0.298564229,0.0,1628.0
0.7595089445402563,0.20312954900000002,0.05582387,0.27375156050000005,0.0,1628.0
0.7614942708313753,0.23928787366666668,0.05117729099999999,0.27320240933333334,0.0,1628.0
0.7622731257915274,0.137405496,0.053678377,0.2972504636666667,0.0,1628.0
0.7595583535473884,0.024451627,0.0702537285,0.284400945,0.0,1628.0
0.6931149030989717,0.0,0.06945091833333333,0.20419336800000001,0.0,1628.0
0.6383332297903167,0.00023637971428571428,0.045943745142857144,0.12996188142857143,0.0,1628.0
0.7652813478829417,0.0438983835,0.0367334405,0.14104866900000002,0.0,1628.0
0.7598937478163689,0.1514341685,0.0300366495,0.12161601,0.0,1628.0
0.760145464053536,0.269763627,0.023592292,0.105028967,0.0,1628.0
0.7627903712190083,0.27100332600000004,0.021947591500000002,0.07864264525,0.0,1628.0
0.763286045816151,0.2150211835,0.026858767,0.101962651,0.0,1628.0
0.7649041729021023,0.087306488,0.037139461,0.142130508,0.0,1628.0
0.7101454780277501,0.0,0.05635161825,0.15807820125,0.0,1628.0
0.624947676535565,0.0,0.0574980475,0.17221735266666663,0.0,1628.0
0.7409497729498764,0.0349944415,0.075375966,0.2564400415,0.0,1628.0
0.7638843288159043,0.1401382765,0.0772488385,0.2664786725,0.0,1628.0
0.7615571763658435,0.23069896099999998,0.074102537,0.2796284465,0.0,1628.0
0.767822214523323,0.28646487325000003,0.04453907925,0.1768836345,0.0,1628.0
0.7680454586900013,0.2473065435,0.0541291915,0.2497671265,0.0,1628.0
0.766493828230187,0.101248533,0.1012417195,0.375796972,0.0,1628.0
0.707742076231849,0.0,0.17263061825,0.43692012625000004,0.0,1628.0
0.5959819050337748,0.0,0.19472466333333335,0.37888728233333335,0.0,1628.0
0.6015196941972768,0.019144783800000002,0.20203965580000002,0.37178464,0.0,1628.0
0.6703179020605256,0.26519797300000003,0.176262046,0.4051589485,0.0,1628.0
0.6936027805327283,0.484602382,0.17746823750000001,0.390069592,0.0,1628.0
0.7109719815149947,0.5774049613333333,0.15785607366666668,0.41039702766666664,0.0,1628.0
0.7168455265930525,0.4706210145,0.134255493,0.42570184200000005,0.0,1628.0
0.71216178768381,0.24308430450000001,0.148033735,0.4174909705,0.0,1628.0
0.706064646426432,0.058775663,0.221747243,0.466935864,0.0,1628.0
0.6794570888952037,0.0,0.25385061225000005,0.46160555300000006,0.0,1628.0
0.5949801178056869,0.000386193,0.21071629,0.34744189685714283,0.0,1628.0
0.6451253198362326,0.13540381099999999,0.2389138635,0.301135795,0.0,1628.0
0.6848034479922145,0.19300661800000002,0.220606725,0.2751023945,0.0,1628.0
0.6873303485466555,0.285578148,0.218061104,0.27176545,0.0,1628.0
0.6904130245422833,0.3344582075,0.1495849555,0.194791881,0.0,1628.0
0.6948459314142599,0.34303496033333336,0.14680763,0.175530229,0.0,1628.0
0.6999953901349766,0.1873952945,0.149357719,0.1754793275,0.0,1628.0
0.7007768269379997,0.0162703615,0.228541075,0.296516522,0.0,1628.0
0.6739931885253655,0.0,0.240878445,0.36475019966666666,0.0,1628.0
0.6189456414681577,0.0,0.21045280279999998,0.3622625566,0.0,1628.0
0.6867655839655858,0.0010451575,0.177827659,0.3270858475,0.0,1628.0
0.7652024342140628,0.1175612135,0.17092585700000001,0.377324097,0.0,1628.0
0.7607714206865777,0.191796691,0.188259442,0.44354169,0.0,1628.0
0.7593265419682287,0.2875502475,0.208934825,0.481621177,0.0,1628.0
0.7607053232790412,0.329537446,0.19006783,0.45965903750000003,0.0,1628.0
0.7627532108033349,0.33327712,0.25720329066666664,0.5586612133333333,0.0,1628.0
0.7617955602023504,0.18708508000000001,0.288313592,0.653567196,0.0,1628.0
0.7596711376475929,0.015657967,0.39361887900000003,0.777131166,0.0,1628.0
0.7177764343413637,0.0,0.45994050249999996,0.848872488,0.0,1628.0
0.6267714008306887,0.0,0.47444818075,0.811001683,0.0,1628.0
0.6297353346099447,0.0,0.444736996,0.6628866479999999,0.0,1628.0
0.7407350024090076,0.015259207,0.44472457750000005,0.5841627789999999,0.0,1628.0
0.7637877876294126,0.0764491835,0.49498055350000003,0.612575103,0.0,1628.0
0.7592764286231903,0.1151173495,0.5056715515,0.690483724,0.0,1628.0
0.7588505255264573,0.142656836,0.4367291975,0.5359086245,0.0,1628.0
0.759973424283513,0.1506293495,0.49500786100000005,0.73309560925,0.0,1628.0
0.7593405080541691,0.017173945,0.45241739950000004,0.7956250215,0.0,1628.0
0.7079613300882587,0.0,0.442227155,0.7638124730000001,0.0,1628.0
0.6229036616609496,0.0,0.400417935,0.6400385655,0.0,1628.0
0.6260640774914703,0.0,0.362717926,0.556932694,0.0,1628.0
0.7411782279040475,0.0105714985,0.3295924295,0.5249265000000001,0.0,1628.0
0.7636130136652801,0.110087938,0.3376936855,0.5377208815000001,0.0,1628.0
0.7598035209738764,0.2504372445,0.383948508,0.556063105,0.0,1628.0
0.7591585747281233,0.3145671985,0.4085557875,0.621986983,0.0,1628.0
0.7598652291651663,0.345220144,0.4794454955,0.6881987315,0.0,1628.0
0.7599217503282536,0.21999022349999997,0.587002068,0.75363599,0.0,1628.0
0.7590186568932384,0.0621936325,0.5957565955,0.7887625995,0.0,1628.0
0.7098511012034301,0.0,0.6124756020000001,0.80420359925,0.0,1628.0
0.6199933970806636,0.0,0.5964049633333334,0.847094731,0.0,1628.0
0.6519664361391729,0.0,0.64814285025,0.88777478575,0.0,1628.0
0.7667670916426093,0.111394265,0.6713693629999999,0.8978983334999999,0.0,1628.0
0.7609815672318978,0.29659007800000003,0.695186179,0.8608004499999999,0.0,1628.0
0.7602278981614572,0.378665757,0.654518509,0.795708671,0.0,1628.0
0.7595081777821097,0.4320118693333333,0.5565935816666666,0.6812903833333334,0.0,1628.0
0.7603952082696146,0.351994848,0.5674151195,0.7243382915000001,0.0,1628.0
0.7593921001024015,0.225416037,0.4650932695,0.725114408,0.0,1628.0
0.759753548308846,0.008975526,0.385707535,0.7318836325,0.0,1628.0
0.7002995273903486,0.0,0.3346057706666667,0.6828873923333333,0.0,1628.0
0.6237776026031709,0.0,0.31652192300000004,0.662313853,0.0,1628.0
0.6456170200730933,0.0,0.2767113704,0.6538024318000001,0.0,1628.0
0.7703256196407102,0.1329155795,0.305949971,0.798793308,0.0,1628.0
0.7622327536512735,0.3476780275,0.31430308900000004,0.8572679974999999,0.0,1628.0
0.7599827782535497,0.38597525099999996,0.275509016,0.830314563,0.0,1628.0
0.7598160311780461,0.3129112085,0.290442001,0.8003190099999999,0.0,1628.0
0.7597880605536299,0.20837835999999998,0.3427764566666667,0.8517664543333333,0.0,1628.0
0.7585747974002963,0.0479794045,0.3607886085,0.805107935,0.0,1628.0
0.7054962316680905,0.0,0.33372981999999995,0.7175685917500001,0.0,1628.0
0.59258674372273,0.0,0.2707471104,0.703166027,0.0,1628.0
0.623353342351939,0.01846653175,0.36545937825,0.85765918975,0.0,1628.0
0.6817486572751316,0.062939086,0.490467855,0.912382023,0.0,1628.0
0.6855109236878815,0.094580997,0.5358679765000001,0.9196419325,0.0,1628.0
0.6858239649456799,0.117062184,0.5216620313333333,0.8365824363333333,0.0,1628.0
0.6911787898008406,0.10679205933333334,0.578231362,0.7905517746666666,0.0,1628.0
0.6994851512492375,0.0316194895,0.46274639549999996,0.716060277,0.0,1628.0
0.697853441352212,0.0,0.3523434143333333,0.64095213,0.0,1628.0
0.62228897137071,0.0,0.29334176,0.6328228775,0.0,1628.0
0.5970592912030878,0.0,0.27300099725,0.6256648745,0.0,1628.0
0.6274459333586452,0.027337114,0.306838028,0.6917975293333333,0.0,1628.0
0.6834806717051715,0.297835525,0.32885259099999997,0.6756265295,0.0,1628.0
0.6873461456610543,0.4820747595,0.3894721385,0.685617923,0.0,1628.0
0.6868170115745202,0.5501511975,0.329067579,0.744558925,0.0,1628.0
0.6884769193723304,0.449294896,0.40370388,0.7053542225,0.0,1628.0
0.6929900853350985,0.277887122,0.3928691325,0.7038967395,0.0,1628.0
0.6947604300653367,0.133634051,0.341653842,0.712437476,0.0,1628.0
0.7106606694750118,0.0034233955,0.348814702,0.7442398165,0.0,1628.0
0.6716256681033475,0.0,0.35942227675,0.7012101015000001,0.0,1628.0
0.6234302138629297,0.0,0.29964603075,0.51320135275,0.0,1628.0
0.6882481592988532,0.0,0.28824202600000004,0.5211104055,0.0,1628.0
0.7699547352445799,0.058353471500000004,0.28605101349999995,0.5812317455,0.0,1628.0
0.7697400584903831,0.07417538400000001,0.258018164,0.5584822805,0.0,1628.0
0.7661473318076046,0.116572545,0.22335120149999999,0.5104918995,0.0,1628.0
0.7607054794859537,0.14157177866666668,0.20937997166666666,0.4996319976666667,0.0,1628.0
0.7594505926613329,0.1617915695,0.2054474515,0.5414818235000001,0.0,1628.0
0.7602463475629384,0.036024244,0.214322069,0.6033075155000001,0.0,1628.0
0.7452430516835772,0.0,0.2844591695,0.6358896455,0.0,1628.0
0.6770060500350257,0.0,0.349149638,0.712685309,0.0,1628.0
0.6223595523438851,0.0,0.3708066305,0.714661034,0.0,1628.0
0.626287650286647,0.0,0.37094884875,0.6241405179999999,0.0,1628.0
0.7445901482639546,0.023772546,0.357150841,0.5769026859999999,0.0,1628.0
0.7704342255446801,0.254774279,0.349294382,0.599231388,0.0,1628.0
0.7603089479781007,0.3704838865,0.3713765355,0.644917095,0.0,1628.0
0.7595218073823126,0.438332026,0.323857203,0.640412043,0.0,1628.0
0.7604154411809738,0.2710269885,0.32091614150000003,0.720626827,0.0,1628.0
0.7590277169983699,0.114185273,0.2686427275,0.6935716025,0.0,1628.0
0.7590551327183104,0.043961864,0.270871778,0.657923759,0.0,1628.0
0.7550541773497477,0.0006889155,0.273251326,0.6267915495,0.0,1628.0
0.6933783238085892,0.0,0.23079966566666665,0.5548058003333333,0.0,1628.0
0.6201437756933629,0.0,0.1783100036666667,0.5224053073333333,0.0,1628.0
0.6520164671551444,0.0,0.21796948549999998,0.6427233317500001,0.0,1628.0
0.7651732115375762,0.085858743,0.290898682,0.754609307,0.0,1628.0
0.7605329902693572,0.191101238,0.34169748099999997,0.784109273,0.0,1628.0
0.7623063627459876,0.2164241655,0.36755842299999997,0.772978049,0.0,1628.0
0.7635768426468921,0.164018934,0.35553747550000003,0.68915212875,0.0,1628.0
0.7622710132988457,0.0884264,0.3778048765,0.6474721685,0.0,1628.0
0.7623584706209158,0.002266143,0.376547378,0.608625991,0.0,1628.0
0.7305374927444731,0.0,0.36460451066666666,0.5806948586666666,0.0,1628.0
0.6373665100925898,0.0,0.3623344905,0.6018071254999999,0.0,1628.0
0.6156949312770773,0.0,0.36939816099999995,0.7241356200000001,0.0,1628.0
0.6889715258018042,0.0054386395,0.46030954700000004,0.8907415667499999,0.0,1628.0
0.7639851891912609,0.101321771,0.6373975025,0.930172918,0.0,1628.0
0.7606512902763605,0.2616031645,0.759896503,0.933779539,0.0,1628.0
0.7628739205025625,0.39202581533333336,0.7606934256666666,0.928934526,0.0,1628.0
0.7624951728234421,0.3920932825,0.859172066,0.9298850814999999,0.0,1628.0
0.7607171060112589,0.1640351125,0.8553917685,0.9308068780000001,0.0,1628.0
0.7598200449349827,0.002051161,0.83238021,0.930124227,0.0,1628.0
0.7298355641136215,0.0,0.7881856556666667,0.9338538053333334,0.0,1628.0
0.6475263621157789,0.0,0.754808232,0.934470456,0.0,1628.0
0.6202114069714982,0.0,0.7071223986666667,0.9218756306666668,0.0,1628.0
0.6520734576892625,0.0,0.6255127380000001,0.8561830370000001,0.0,1628.0
0.7678033430818181,0.133636646,0.5805088855,0.8541927915,0.0,1628.0
0.7648992906805834,0.20731802900000001,0.667523665,0.9050784715,0.0,1628.0
0.7597831233105969,0.2139121635,0.6748130975,0.918342787,0.0,1628.0
0.7618154178628144,0.2187799056666667,0.615606122,0.9055408906666665,0.0,1628.0
0.763919529142238,0.08392946433333333,0.5957216286666668,0.9110149146666666,0.0,1628.0
0.7652992101798566,0.0006501835,0.703144548,0.9289611815000001,0.0,1628.0
0.6762500219953194,0.0,0.751883722,0.9364833745,0.0,1628.0
0.5958396008491263,0.0,0.7690571533333332,0.9356965086666666,0.0,1628.0
0.6452690397827976,0.0306685765,0.8344983244999999,0.9354946935,0.0,1628.0
0.6857093578409879,0.08599101099999999,0.809070483,0.931113855,0.0,1628.0
0.6868993284491016,0.23566927,0.7839549960000001,0.935729354,0.0,1628.0
0.6883267754555672,0.3227386403333333,0.820583486,0.936881606,0.0,1628.0
0.6978567901616446,0.2574185565,0.8437578655,0.9348031299999999,0.0,1628.0
0.7028301760770299,0.120511915,0.832922511,0.934854121,0.0,1628.0
0.7063142499625028,0.0005764895,0.8067358315,0.936811611,0.0,1628.0
0.6566153889152871,0.0,0.73480066575,0.93619007375,0.0,1628.0
0.6031950829304981,0.002791459142857143,0.6205823275714285,0.9035083901428571,0.0,1628.0
0.6864809836202597,0.2005419735,0.5488667695,0.812044271,0.0,1628.0
0.7026662457279069,0.41237077450000004,0.4622975635,0.8034814845,0.0,1628.0
0.6924222222508029,0.5268642456666667,0.41715889300000003,0.75842362,0.0,1628.0
0.6941139585356756,0.4227100455,0.498059027,0.752468262,0.0,1628.0
0.7082900934832221,0.1759447385,0.466276598,0.761498682,0.0,1628.0
0.717955386501731,0.0,0.41841857299999996,0.7372805769999999,0.0,1628.0
0.689657352396945,0.0,0.3817267823333333,0.693351047,0.0,1628.0
0.6403993545200248,0.0,0.3859163393333333,0.7240848139999999,0.0,1628.0
0.6808010372108144,0.0,0.3256541535,0.7279649300000001,0.0,1628.0
0.7794643133138053,0.125084338,0.31482642650000003,0.763667777,0.0,1628.0
0.7779005477965089,0.409796861,0.273532871,0.7883999575,0.0,1628.0
0.774188746428817,0.584064362,0.2697874425,0.8125596315,0.0,1628.0
0.7726345340219241,0.596355202,0.29765015699999997,0.83116229,0.0,1628.0
0.7746907230213805,0.44974174,0.327431107,0.8619918049999999,0.0,1628.0
0.7782729108958334,0.1757784765,0.342874954,0.8801885545,0.0,1628.0
0.7766149282257759,0.0,0.363505736,0.901196859,0.0,1628.0
0.7541952584792889,0.0,0.37996902433333335,0.9082483336666667,0.0,1628.0
0.6589409450692982,0.0,0.41340330550000004,0.9146815829999999,0.0,1628.0
0.6408544336083233,0.0,0.416470935,0.9010008105,0.0,1628.0
0.6813319199498468,0.0,0.4387622525,0.88727267,0.0,1628.0
0.7800590289811802,0.14418537150000002,0.382533977,0.8462225345000001,0.0,1628.0
0.7803183028609942,0.5065106635000001,0.3391342775,0.78309064,0.0,1628.0
0.7767061879721486,0.6335969725,0.3608695295,0.7669719875000001,0.0,1628.0
0.7722674992560545,0.5534509645,0.47318031,0.8728482945,0.0,1628.0
0.7700543044900863,0.3714048945,0.51913844,0.9188226075,0.0,1628.0
0.7758679717800682,0.1398397845,0.4749013445,0.9193802855,0.0,1628.0
0.7745571192178728,0.0,0.510898517,0.92199556,0.0,1628.0
0.7494403677903447,0.0,0.5638258233333334,0.9250800743333333,0.0,1628.0
0.6485076179884306,0.0,0.5657736195,0.926819854,0.0,1628.0
0.6452721460182136,0.0,0.515922159,0.9252541503333335,0.0,1628.0
0.7715797400198066,0.01110051,0.6232663215,0.930579868,0.0,1628.0
0.7753168209596746,0.031880151,0.7052562095,0.8862040925,0.0,1628.0
0.7759094708192891,0.028362248,0.7354594935000001,0.9175372825,0.0,1628.0
0.773683812429865,0.036216887,0.668239768,0.9339251927499999,0.0,1628.0
0.7720546063243579,0.0908245725,0.6757398480000001,0.9235351895,0.0,1628.0
0.7707150469123716,0.0,0.687582659,0.90636626,0.0,1628.0
0.7410858883604586,0.0,0.6674490030000001,0.8869536613333334,0.0,1628.0
0.6403826653901683,0.0,0.6563443005,0.8721196520000001,0.0,1628.0
0.6172197838705278,0.0,0.720322143,0.9151034419999999,0.0,1628.0
0.6891419806708583,0.0,0.771456827,0.9250109375,0.0,1628.0
0.7737193022443926,0.073999081,0.7968824485,0.9023766520000001,0.0,1628.0
0.7765940375572241,0.231732216,0.831116485,0.90734082,0.0,1628.0
0.7747837434562077,0.352656342,0.863319409,0.9334575304999999,0.0,1628.0
0.7719249456251605,0.351074547,0.78955193,0.922983479,0.0,1628.0
0.7711449014500081,0.33497182433333333,0.718438076,0.8026329463333334,0.0,1628.0
0.7766548775965542,0.113279298,0.5375937605000001,0.5819905544999999,0.0,1628.0
0.7742139087676531,0.0,0.407697911,0.442807584,0.0,1628.0
0.7295416567436982,0.0,0.25155062225,0.249081165,0.0,1628.0
0.6421833675114162,0.0,0.16754143533333335,0.243911489,0.0,1628.0
0.6775227439447719,0.0,0.19960131924999996,0.44147226549999996,0.0,1628.0
0.7796645547360799,0.0782515835,0.22793771499999999,0.5337868725,0.0,1628.0
0.7817687684513905,0.241009157,0.226539231,0.497472644,0.0,1628.0
0.7780994046148834,0.4304260685,0.283038013,0.464586101,0.0,1628.0
0.7754071263745567,0.5217807536666667,0.31190749166666665,0.4444007083333333,0.0,1628.0
0.7763531189795971,0.4035639435,0.3282058455,0.51948856,0.0,1628.0
0.780506667451757,0.1541001965,0.3251621055,0.5424828745,0.0,1628.0
0.7795584838858527,0.0,0.305443291,0.5055727915,0.0,1628.0
0.7501418428063262,0.0,0.23637777999999998,0.3951626795,0.0,1628.0
0.6525511521934304,0.0,0.1913164505,0.28406896849999996,0.0,1628.0
0.6394299167580075,0.0,0.14483641175,0.19520762749999998,0.0,1628.0
0.6535324941414057,0.002277693,0.15393639733333334,0.31578135566666665,0.0,1628.0
0.7175979517396007,0.2451378835,0.1416927295,0.48178735250000004,0.0,1628.0
0.7251390329107418,0.37889653300000004,0.19253884999999998,0.6884126905,0.0,1628.0
0.7139200439372801,0.437898769,0.252850811,0.7976486075,0.0,1628.0
0.7108686332918537,0.3746276075,0.36407575049999996,0.882983313,0.0,1628.0
0.7218102744433301,0.171684632,0.473542853,0.9154856474999999,0.0,1628.0
0.7334523028938083,0.0043927125,0.602005561,0.928153868,0.0,1628.0
0.6788180015341088,0.0,0.6256980574,0.9264208306,0.0,1628.0
0.5966202239694044,0.0,0.5751677061666667,0.920408696,0.0,1628.0
0.6711431457843511,0.050027275,0.484083021,0.9131761553333333,0.0,1628.0
0.7067777324408143,0.179899958,0.47912855499999996,0.886274925,0.0,1628.0
0.7021008786195738,0.3345835936666666,0.38836128233333334,0.8233238549999999,0.0,1628.0
0.7038361006580012,0.3098114875,0.4266469625,0.839413244,0.0,1628.0
0.7140044972722481,0.1178642935,0.4563049515,0.8472107824999999,0.0,1628.0
0.7165144743343603,0.0,0.457205858,0.842031722,0.0,1628.0
0.6882265365940647,0.0,0.40944159120000007,0.8154805438,0.0,1628.0
0.6493364220627376,0.0,0.32024063599999997,0.664813833,0.0,1722.5
0.7031070423044549,0.0,0.27837481325,0.5027693725,0.0,1817.0
0.7979386329758614,0.071486339,0.2766015645,0.4249307595,0.0,1817.0
0.7921708539413471,0.22527857299999998,0.250215733,0.3605102355,0.0,1817.0
0.7831933201590863,0.2956961925,0.203898841,0.270261659,0.0,1817.0
0.7787553823616121,0.34489546950000005,0.12222632,0.1815117065,0.0,1817.0
0.7806184420947492,0.2646133275,0.1163588415,0.2255329245,0.0,1817.0
0.79187059716163,0.0846314685,0.119586322,0.260775192,0.0,1817.0
0.7946860417909521,0.0,0.11691662750000001,0.2154685875,0.0,1817.0
0.7377694059431591,0.0,0.08799392,0.16326568166666666,0.0,1817.0
0.6621148104712947,0.0,0.0797054345,0.1455947085,0.0,1817.0
0.680178284174175,0.0,0.07358061725000001,0.10219647450000001,0.0,1817.0
0.7951493363832977,0.000715185,0.080779194,0.11422097750000001,0.0,1817.0
0.8023927195877542,0.147517651,0.0746688135,0.123534474,0.0,1817.0
0.7958046804447463,0.336603584,0.065781753,0.10237368699999999,0.0,1817.0
0.7909151845190527,0.43753270725,0.0764491555,0.090525223,0.0,1817.0
0.7965298780699424,0.20461003049999998,0.0930130015,0.068610966,0.0,1817.0
0.7988999138505019,0.0048851435,0.099845919,0.0895071705,0.0,1817.0
0.7579005465710296,0.0,0.0842851925,0.15446169825,0.0,1817.0
0.667980954113618,0.0,0.10144869033333333,0.305431359,0.0,1817.0
0.7144417843515322,0.0,0.150244915,0.50781166,0.0,1817.0
0.8025756775852946,0.05895323066666667,0.16340633033333332,0.6066651740000001,0.0,1817.0
0.8009163644991919,0.21632750950000001,0.142082601,0.57287714,0.0,1817.0
0.7985331606009594,0.2518028545,0.15536314525,0.61727661925,0.0,1817.0
0.802367557248918,0.1438958305,0.200895001,0.73538022,0.0,1817.0
0.8016169162374921,0.003542313,0.2528456195,0.789343364,0.0,1817.0
0.7838263890522906,0.0,0.251258984,0.7033265860000001,0.0,1817.0
0.6837945419329423,0.0,0.2491849005,0.5655807465,0.0,1817.0
0.6705556520554412,0.0,0.24686628424999998,0.49574936550000004,0.0,1817.0
0.7649077874404386,0.0,0.22248997850000002,0.391731765,0.0,1817.0
0.8102249581472861,0.11585848933333333,0.18703371300000002,0.326135888,0.0,1817.0
0.8104743893242952,0.359574803,0.1878218345,0.2775813955,0.0,1817.0
0.8028585961271781,0.38200665349999996,0.1637035165,0.2235511115,0.0,1817.0
0.8030814879685921,0.319007828,0.1965766015,0.2738526445,0.0,1817.0
0.8065781433361053,0.1727983935,0.223169572,0.3172970415,0.0,1817.0
0.8123315104853652,0.0033358575,0.226166217,0.34764272549999997,0.0,1817.0
0.7723302756775376,0.0,0.21096816950000002,0.503358678,0.0,1817.0
0.6772816138781996,0.0,0.33426390275,0.7950832432500001,0.0,1817.0
0.734905905648381,0.0,0.511509279,0.906030252,0.0,1817.0
0.7996569863350595,0.007399369333333333,0.7003153919999999,0.935810944,0.0,1817.0
0.7932271969866629,0.024859351499999998,0.7843290445,0.9324308585000001,0.0,1817.0
0.782645513927725,0.19222689724999997,0.6618899045,0.88360939675,0.0,1817.0
0.7863896953002143,0.2460195065,0.64026596,0.773321598,0.0,1817.0
0.7947060402356315,0.0043839035,0.6671130245,0.8198027545,0.0,1817.0
0.7526822047181014,0.0,0.644904408,0.8800609715000001,0.0,1817.0
0.647907867852506,0.0,0.59936130625,0.9042010645,0.0,1817.0
0.6765318270445195,0.0209576342,0.5572849802000001,0.9147765674,0.0,1817.0
0.7456411401543918,0.24341573,0.509342604,0.904014778,0.0,1817.0
0.7427122308462493,0.3520504585,0.5476407425,0.8686500085,0.0,1817.0
0.7363155685134918,0.4545288396666667,0.455671841,0.7240654536666667,0.0,1817.0
0.7422763988671803,0.30653397849999997,0.495727762,0.6744893505,0.0,1817.0
0.7521134615500972,0.108778637,0.471565891,0.619662572,0.0,1817.0
0.7600456837880178,0.0020995425,0.4230548735,0.55586495,0.0,1817.0
0.7219909519658386,0.0,0.28776462,0.3399053,0.0,1817.0
0.6523085670266431,0.0,0.178888773,0.21328331925000002,0.0,1817.0
0.6722215686090112,0.0,0.09887320575,0.15322960975,0.0,1817.0
0.7449007797253213,0.117003948,0.0581671065,0.17814498750000002,0.0,1817.0
0.7555464598392776,0.290513474,0.038802344,0.191805921,0.0,1817.0
0.7497360316283221,0.43069482299999995,0.0350741865,0.292371394,0.0,1817.0
0.7478886980443354,0.45285947550000005,0.0548025165,0.3339737865,0.0,1817.0
0.7601528344354613,0.293655577,0.1135608265,0.341183165,0.0,1817.0
0.7730521751381041,0.004666541,0.149591453,0.321965589,0.0,1817.0
0.7746292027160568,0.0,0.1512728125,0.28206892800000005,0.0,1817.0
0.7294041135352431,0.0,0.14102946,0.16626829866666668,0.0,1817.0
0.6858962202818883,0.0,0.1465125535,0.20318133100000002,0.0,1817.0
0.6835917420102573,0.0,0.188982814,0.368982966,0.0,1817.0
0.7511431515199272,0.0,0.258477287,0.652287855,0.0,1817.0
0.8154855184353125,0.0395481435,0.3789006755,0.8151817985,0.0,1817.0
0.8107146038766382,0.1806924615,0.43084895,0.8765383845,0.0,1817.0
0.7994672841379402,0.205854181,0.510138863,0.912035629,0.0,1817.0
0.7966670964117866,0.067178156,0.714766985,0.934646036,0.0,1817.0
0.7981363158977256,0.0031964975,0.785783604,0.909638649,0.0,1817.0
0.7925814294822857,0.0,0.754089815,0.879380211,0.0,1817.0
0.7683812364422625,0.0,0.6553811966666666,0.833473378,0.0,1817.0
0.6564396838110239,0.0,0.505277865,0.7911566726666667,0.0,1817.0
0.6802952485964454,0.0,0.43875521900000003,0.8503650492,0.0,1817.0
0.7881014296129368,0.015314554000000001,0.49142524566666673,0.9212935366666666,0.0,1817.0
0.7847699719651068,0.066655906,0.548273096,0.931489877,0.0,1817.0
0.782731504269935,0.06990423000000001,0.5515883365,0.9258739435,0.0,1817.0
0.7809556791155221,0.04111513425,0.613057138,0.93026022125,0.0,1817.0
0.7800242197452687,0.0052594105,0.635580906,0.930569051,0.0,1817.0
0.7715783863655082,0.0,0.6464478613333333,0.9007916589999999,0.0,1817.0
0.679740499973426,0.0,0.5910362346666667,0.841987545,0.0,1817.0
0.6410726623764087,0.0,0.5418589883333333,0.820455779,0.0,1817.0
0.7061637931108775,0.0,0.536453331,0.865720486,0.0,1817.0
0.7836395033731367,0.0170582705,0.5659438975,0.8928131135,0.0,1817.0
0.7762333168227316,0.257439709,0.4998684945,0.8394770375,0.0,1817.0
0.76747109379257,0.5044290195000001,0.4221100895,0.719171477,0.0,1817.0
0.7650325656054948,0.6359901539999999,0.3603828815,0.5673074735,0.0,1817.0
0.7663583230582167,0.46884497199999997,0.34685890799999997,0.5001751409999999,0.0,1817.0
0.7835081998440695,0.0877512435,0.35380276099999997,0.462816892,0.0,1817.0
0.7936576774982309,0.0,0.317842485,0.3896859225,0.0,1817.0
0.7394794035351321,0.0,0.280774403,0.3567002403333333,0.0,1817.0
0.6961067824906317,0.0,0.21027366071428572,0.4159984807142857,0.0,1817.0
0.8035975012997223,0.0243262075,0.17732284050000002,0.415172919,0.0,1817.0
0.7967489202810957,0.1557276235,0.15786800299999998,0.3705869305,0.0,1817.0
0.7851974241050381,0.22536126750000002,0.12007455449999999,0.33824413799999997,0.0,1817.0
0.7765613175757411,0.1858815105,0.1124968615,0.39548503,0.0,1817.0
0.7777244361218124,0.0942253535,0.15471329649999999,0.5125043645,0.0,1817.0
0.7822748288282726,0.012646797,0.23710844250000002,0.5987352515,0.0,1817.0
0.7792127227507785,0.0,0.26222270633333333,0.6832207196666666,0.0,1817.0
0.6988923369503249,0.0,0.26249278200000004,0.724024786,0.0,1817.0
0.6448722186825431,0.0,0.24390647866666668,0.74036183,0.0,1817.0
0.690096443254449,0.0,0.259645344,0.77295877975,0.0,1817.0
0.7902329411896036,0.010328518,0.2497687355,0.7895504125,0.0,1817.0
0.7878239883169018,0.1370693445,0.238074322,0.7791160075,0.0,1817.0
0.7831163078586697,0.26734902,0.194884291,0.780085014,0.0,1817.0
0.7748270497645968,0.39527381275,0.154595981,0.7036889915000001,0.0,1817.0
0.7778801973391876,0.20352363699999998,0.2628753285,0.729158647,0.0,1817.0
0.7834846099950994,0.0,0.33383756350000005,0.7243839155,0.0,1817.0
0.73569171619285,0.0,0.3663911405,0.79093975175,0.0,1817.0
0.6245229390404321,0.0,0.323469576,0.79132029225,0.0,1817.0
0.6328984183169767,0.0,0.32855095433333337,0.79266075,0.0,1817.0
0.7056772455721291,0.038679736666666666,0.33807287333333336,0.8270620116666666,0.0,1817.0
0.7234886313299991,0.133176867,0.345980296,0.883710318,0.0,1817.0
0.7117352974825106,0.151930921,0.326317774,0.8884874395,0.0,1817.0
0.7093115338185765,0.19908362349999997,0.41991331600000004,0.8959439849999999,0.0,1817.0
0.7210338843011239,0.0283482015,0.5386694085,0.920162625,0.0,1817.0
0.7282458383413254,0.0,0.571713383,0.921641396,0.0,1817.0
0.68514426913318,0.0,0.5815588648,0.9281743794,0.0,1817.0
0.6204384834658384,0.0,0.6070586106,0.9283268682000001,0.0,1817.0
0.6766250961807591,0.011281237,0.6463737763333334,0.9255839226666667,0.0,1817.0
0.7165829192222954,0.278056775,0.644000948,0.924551162,0.0,1817.0
0.7087656875723476,0.5029620105,0.6171016,0.9235705445,0.0,1817.0
0.7045930483020779,0.6339757220000001,0.5918822439999999,0.9125804683333333,0.0,1817.0
0.7098913677294707,0.440964696,0.6905939569999999,0.91629222,0.0,1817.0
0.7175700902203462,0.0619402425,0.751269637,0.9177942575,0.0,1817.0
0.7192043076603571,0.0,0.7628226235,0.9286188162500001,0.0,1817.0
0.654480552137377,0.0,0.756952092,0.9314222726666667,0.0,1817.0
0.6400431401309113,0.0,0.76618411,0.9290127655,0.0,1817.0
0.7067477347737953,0.0,0.7711310523333333,0.929178544,0.0,1817.0
0.7864629441499008,0.10391825733333332,0.7360609983333334,0.9276151096666667,0.0,1817.0
0.769500360077358,0.4304452875,0.5677409135,0.8992043540000001,0.0,1817.0
0.7635988206155938,0.48498321533333333,0.398055604,0.6563344346666667,0.0,1817.0
0.7642048419536485,0.265196541,0.3474067235,0.5090589265,0.0,1817.0
0.7710124869657081,0.035891814,0.3413071995,0.4974666365,0.0,1817.0
0.7752921280752352,0.0,0.334965013,0.5024065803333334,0.0,1817.0
0.698387543944003,0.0,0.3498971785,0.480328953,0.0,1817.0
0.6453574675885073,0.0,0.34917318766666666,0.4553259703333334,0.0,1817.0
0.6910607167054797,0.0,0.296022073,0.41269735874999997,0.0,1817.0
0.7903202422005539,0.030971984666666664,0.28369583866666664,0.4527522883333333,0.0,1817.0
0.7830768977612551,0.204329277,0.27779312,0.33246268999999995,0.0,1817.0
0.778283786606726,0.3031399533333334,0.16699818866666669,0.24709549666666666,0.0,1817.0
0.7788258696106396,0.2103166285,0.138648561,0.210085928,0.0,1817.0
0.786603456696493,0.014472288,0.1429339945,0.180740819,0.0,1817.0
0.7871568611064058,0.0,0.13559085699999998,0.15438595933333335,0.0,1817.0
0.7072549459131419,0.0,0.098624902,0.127195666,0.0,1817.0
0.6480083760589095,0.0,0.09642162800000001,0.2019707215,0.0,1817.0
0.7086207859137161,0.0,0.14705949766666668,0.40161507366666666,0.0,1817.0
0.7917676323175625,0.006749074999999999,0.202420974,0.638683078,0.0,1817.0
0.7883814059627142,0.028383069,0.241646722,0.746192949,0.0,1817.0
0.7837243787481285,0.043875558999999995,0.2689460645,0.7412957995,0.0,1817.0
0.7784996214179065,0.079046097,0.33841300066666663,0.7585453033333334,0.0,1817.0
0.781023196922205,0.049555681500000004,0.401988017,0.7741768245,0.0,1817.0
0.7842540996266067,0.0,0.440078921,0.784616861,0.0,1817.0
0.7781230331248038,0.0,0.4395040956666667,0.824993435,0.0,1817.0
0.6719208779096253,0.0,0.39737793499999996,0.7712907415,0.0,1817.0
0.640378933618492,0.0,0.34931149699999997,0.608532069,0.0,1817.0
0.7064089368822827,0.0,0.3019040876666667,0.4799478613333334,0.0,1817.0
0.784499853636624,0.006909082333333334,0.261444678,0.45965117299999997,0.0,1817.0
0.7792223855915881,0.0376864175,0.2606256055,0.528444744,0.0,1817.0
0.778674063064598,0.13714719425,0.223965982,0.59255986625,0.0,1817.0
0.785969753909594,0.103664197,0.31935762599999995,0.7304685015,0.0,1817.0
0.7932938580520976,0.0,0.399662808,0.728718866,0.0,1817.0
0.790697988238018,0.0,0.455221783,0.7401874956666666,0.0,1817.0
0.717568940083126,0.0,0.484465126,0.7530578025,0.0,1817.0
0.665689127351409,0.0,0.502203864,0.7634874563333334,0.0,1817.0
0.7164278384272252,0.0,0.5320477545,0.75527387575,0.0,1817.0
0.8048285717284567,0.0053403775,0.543452323,0.751680915,0.0,1817.0
0.8017142317892718,0.34982055850000005,0.48629158100000003,0.7127375585,0.0,1817.0
0.7937160762704905,0.5805447125000001,0.4781172225,0.642348532,0.0,1817.0
0.790990483336973,0.5285974305000001,0.419955915,0.5154517385,0.0,1817.0
0.7926905287041497,0.338991,0.3658144815,0.467131074,0.0,1817.0
0.8014225661813263,0.0181626475,0.34564563699999995,0.440237974,0.0,1817.0
0.8004461223986042,0.0,0.256222719,0.295785417,0.0,1817.0
0.721495395070969,0.0,0.1702291035,0.1714791635,0.0,1817.0
0.660918337945838,0.0,0.11152727033333333,0.109399858,0.0,1817.0
0.6649451717144773,0.0,0.0577699765,0.11810099624999999,0.0,1817.0
0.738628347843456,0.014293756999999999,0.037885934333333336,0.07879679433333332,0.0,1817.0
0.7613160230089143,0.0818703265,0.0209565645,0.0763487515,0.0,1817.0
0.7510547238184248,0.129354395,0.025661141,0.102487776,0.0,1817.0
0.7489825502354329,0.08831257199999999,0.057043262000000004,0.10682369933333334,0.0,1817.0
0.7656563163760126,0.0058759605,0.1089326395,0.145305529,0.0,1817.0
0.7480473000600034,0.0,0.15241725374999998,0.25607977174999996,0.0,1817.0
0.6621086138295686,0.0,0.20757553374999999,0.355094547,0.0,1817.0
0.6572963569075193,0.0,0.32338990100000004,0.6187043453333333,0.0,1817.0
0.7191437961870013,0.016799707,0.5022960545,0.813924131,0.0,1817.0
0.7490310906737754,0.1024564795,0.619604317,0.8979184229999999,0.0,1817.0
0.7399464300033612,0.1062770975,0.6955780597500001,0.92233985725,0.0,1817.0
0.7479394919679898,0.016792164,0.718937442,0.9219978895000001,0.0,1817.0
0.7490145660874246,0.0,0.6814650055,0.894905203,0.0,1817.0
0.7122497617704425,0.0,0.59089068125,0.8233593475,0.0,1817.0
0.6474672124248994,0.0,0.5391636685,0.8509966225,0.0,1817.0
0.6799600655350502,0.0,0.565390121,0.8840387022000001,0.0,1817.0
0.7917701674755125,0.040229040333333334,0.5395319346666666,0.7785083456666667,0.0,1817.0
0.7964092774758764,0.28190804,0.492072147,0.746747431,0.0,1817.0
0.7940857636360648,0.48197751050000004,0.428332095,0.7848286295,0.0,1817.0
0.792326145600118,0.48983206349999997,0.433477701,0.835702559,0.0,1817.0
0.7942667343982341,0.2847842025,0.450950548,0.895079942,0.0,1817.0
0.8006781216553153,0.014342323,0.483692515,0.917737908,0.0,1817.0
0.7996337961215194,0.0,0.515092169,0.919089491,0.0,1817.0
0.7592956525462707,0.0,0.4670943595,0.8835729685,0.0,1817.0
0.6704751581332439,0.0,0.38645764999999993,0.7740286476666668,0.0,1817.0
0.6736075555498287,0.0,0.318787378,0.602005103,0.0,1817.0
0.7776725075878425,0.0,0.24728735500000001,0.45253129833333333,0.0,1817.0
0.8103310210777499,0.052217822,0.17304506349999998,0.3324519495,0.0,1817.0
0.8083071062604625,0.2295403215,0.10295299299999999,0.225163365,0.0,1817.0
0.8032768709286382,0.2668412455,0.07263652200000001,0.2234358325,0.0,1817.0
0.8043530248452893,0.16254772599999998,0.10243477299999999,0.2881790556666667,0.0,1817.0
0.8076122348682595,0.001715702,0.1290901175,0.406229226,0.0,1817.0
0.8041813958608892,0.0,0.141103834,0.430337234,0.0,1817.0
0.7621509882423233,0.0,0.15872993625,0.43381860099999997,0.0,1817.0
0.6799566711661363,0.0,0.2006923603333333,0.491228287,0.0,1817.0
0.7981257536427322,0.0,0.180290079,0.538648926,0.0,1817.0
0.8089999121575274,0.0253782075,0.155022626,0.5151434685,0.0,1817.0
0.8089791155882698,0.122376121,0.145349268,0.494667862,0.0,1817.0
0.8056887343143926,0.2133158865,0.120230043,0.46328032900000005,0.0,1817.0
0.8045216489047204,0.20747566366666667,0.09939936433333334,0.4413553913333333,0.0,1817.0
0.811855259576914,0.0480395385,0.096507421,0.45643574200000003,0.0,1817.0
0.8148896060500037,0.0,0.0945980655,0.506146097,0.0,1817.0
0.7708010846168508,0.0,0.09186985,0.514183887,0.0,1817.0
0.6814535331273474,0.0,0.10528916566666667,0.37555179899999996,0.0,1817.0
0.7274471260333315,0.0,0.11297067025,0.2795554685,0.0,1817.0
0.8159419748329922,0.022529623333333332,0.11127250500000001,0.253240698,0.0,1817.0
0.8159150132489588,0.1556742015,0.07940530200000001,0.2800947305,0.0,1817.0
0.8105321624352454,0.18361651366666665,0.06453392966666667,0.32930315466666665,0.0,1817.0
0.8143613873213876,0.09493959099999999,0.0817319185,0.4470649335,0.0,1817.0
0.8190232498641561,0.0017844655,0.1152780685,0.5761007905,0.0,1817.0
0.8133842861983026,0.0,0.116674542,0.589773296,0.0,1817.0
0.7689067127964875,0.0,0.11795553025,0.5512287385,0.0,1817.0
0.6733039076003655,0.0,0.1274574085,0.47534252275,0.0,1817.0
0.7544028351655906,0.0,0.1320752,0.45455315775,0.0,1817.0
0.8156673811087322,0.019769751,0.1319356915,0.4018960825,0.0,1817.0
0.8163318793746063,0.17188831799999998,0.12119299,0.3182068165,0.0,1817.0
0.8165030620907591,0.19110224575,0.08159620825,0.23473615775,0.0,1817.0
0.8221747230729832,0.047751443,0.11989833450000001,0.279367504,0.0,1817.0
0.8222718976321327,0.0,0.137057011,0.288084108,0.0,1817.0
0.7811596360218543,0.0,0.12535811059999996,0.2795176208,0.0,1817.0
0.6711082252132392,0.0,0.138474029,0.403520431,0.0,1817.0
0.7218317563430617,0.0151647532,0.20354890780000004,0.6512559886,0.0,1817.0
0.7783276954423786,0.170952667,0.247986429,0.740160876,0.0,1817.0
0.7736378772810615,0.280118777,0.31549949,0.799620038,0.0,1817.0
0.7726750708098908,0.26133539299999997,0.3322535425,0.8219646385,0.0,1817.0
0.7826813205848928,0.112641093,0.3452013285,0.8597290449999999,0.0,1817.0
0.7905500504964011,0.000922033,0.409149898,0.8854309865000001,0.0,1817.0
0.7740559563809993,0.0,0.42438313600000005,0.8526415376666666,0.0,1817.0
0.7111794288798964,0.0,0.422523377,0.8171044185,0.0,1817.0
0.6685045028167822,0.0,0.37964338657142854,0.7853228394285713,0.0,1817.0
0.7214690668595933,0.03202099766666667,0.2865518126666667,0.7087155823333333,0.0,1817.0
0.7758561418418922,0.369317038,0.2545737775,0.6110186875,0.0,1817.0
0.7771175619502876,0.5152468695,0.18216472849999998,0.454461524,0.0,1817.0
0.7798636539408976,0.3541252973333333,0.14728716099999997,0.35401282900000003,0.0,1817.0
0.7967775098975467,0.0014149205,0.1544819365,0.3545407935,0.0,1817.0
0.778457646630161,0.0,0.09438264939999999,0.3069851308,0.0,1817.0
0.694400122304823,0.0,0.06397150939999999,0.2677480384,0.0,1817.0
0.7555642360608691,0.0,0.09222039633333334,0.3720399893333333,0.0,1817.0
0.8247203935709085,0.09716994633333333,0.108351327,0.4807296916666666,0.0,1817.0
0.8270059140130892,0.355333337,0.098983547,0.5322069435000001,0.0,1817.0
0.8218055521593491,0.38306953033333335,0.124788601,0.5729479623333332,0.0,1817.0
0.8257637179840853,0.146309759,0.169315119,0.62255357,0.0,1817.0
0.831146458963185,0.0009248105,0.20503003050000002,0.6782013,0.0,1817.0
0.8151504855576412,0.0,0.2595427956,0.72090219,0.0,1817.0
0.697680326161684,0.0,0.3177909925,0.7419223525,0.0,1817.0
0.7104259238319243,0.0,0.41101858133333335,0.8199834306666666,0.0,1817.0
0.8095216993088041,0.0072452895,0.520802994,0.891726174,0.0,1817.0
0.8189821265968675,0.083006336,0.5503469205,0.9125463094999999,0.0,1817.0
0.816839724199233,0.1325665375,0.5878393195,0.9275073119999999,0.0,1817.0
0.8165287173827638,0.04670685233333333,0.736686834,0.9347399053333333,0.0,1817.0
0.8183572494484199,0.0,0.805418435,0.9294836485,0.0,1817.0
0.798034023900084,0.0,0.8163236363999999,0.8972099876000001,0.0,1817.0
0.6904345016901569,0.0,0.64821015,0.811001186,0.0,1817.0
0.6667389016199052,0.0,0.7217115973999999,0.901697946,0.0,1817.0
0.7569235980075977,0.0,0.6849279644999999,0.8997261315,0.0,1817.0
0.8006706416471913,0.003710840333333333,0.6438570536666667,0.897508475,0.0,1817.0
0.7998592699100119,0.0129841405,0.5667059095,0.8889740325,0.0,1817.0
0.7972223081950749,0.025425115499999998,0.6036213115,0.908923061,0.0,1817.0
0.7958038823201681,0.0315164265,0.6472308355,0.923564735,0.0,1817.0
0.7957857617972831,0.0,0.652295544,0.924206696,0.0,1817.0
0.7950093951017448,0.0,0.6705367154999999,0.9315945274999999,0.0,1817.0
0.7733339825163399,0.0,0.690242942,0.93632404475,0.0,1817.0
0.6951543170495598,0.0,0.69047457925,0.935285229,0.0,1986.0
0.7611059114772851,0.0,0.69772528375,0.916483709,0.0,2155.0
0.8401231708615775,0.0096294975,0.664968207,0.8431948695,0.0,2155.0
0.8315536547450891,0.1381038495,0.599288496,0.6756098935,0.0,2155.0
0.8276844957024508,0.260337504,0.43038395466666673,0.46271904666666663,0.0,2155.0
0.8302799116932458,0.096309207,0.361809857,0.384980452,0.0,2155.0
0.8446034524035644,0.0,0.313299718,0.38381890750000003,0.0,2155.0
0.8409124317656032,0.0,0.24154649000000003,0.439453501,0.0,2155.0
0.7789036875385681,0.0,0.156426953,0.38317624466666667,0.0,2155.0
0.7129824232516138,0.0,0.1396997675,0.4780263025,0.0,2155.0
0.7604695445236584,0.0,0.19231606899999998,0.593701289,0.0,2155.0
0.8406682269029915,0.0012307496666666667,0.26755033,0.7001158693333333,0.0,2155.0
0.8287277416474454,0.018063166500000002,0.30487069349999996,0.768080683,0.0,2155.0
0.8276325515373691,0.014427787000000001,0.34719898125,0.78006871125,0.0,2155.0
0.8325832398276567,0.001048384,0.430479897,0.8598348915,0.0,2155.0
0.8355213033402248,0.0,0.474220552,0.884417797,0.0,2155.0
0.8240205149082908,0.0,0.5064918323333334,0.8870768426666666,0.0,2155.0
0.7473773171495545,0.0,0.5043398923333333,0.891186163,0.0,2155.0
0.6806152544108189,0.0,0.4892897775,0.8802370850000001,0.0,2155.0
0.6774591811220445,0.0,0.47097251674999996,0.86778490525,0.0,2155.0
0.743674106432597,0.0008066566666666666,0.45367973133333334,0.800353413,0.0,2155.0
0.7780819881172826,0.017407608,0.470505606,0.77524147,0.0,2155.0
0.7805198354131193,0.062246326500000004,0.4408498025,0.7612974285,0.0,2155.0
0.7800912797166815,0.145194998,0.451618912,0.6999815380000001,0.0,2155.0
0.790929924970281,0.0913916925,0.4446449735,0.647458697,0.0,2155.0
0.8145750786902847,0.0,0.46026611,0.616238701,0.0,2155.0
0.8220498504960105,0.0,0.42632724349999995,0.511178884,0.0,2155.0
0.7822671394466137,0.0,0.3657231458,0.4779299174,0.0,2155.0
0.7187311275359599,0.0,0.27422015566666663,0.5470924540000001,0.0,2155.0
0.7420333752998053,0.0017411715,0.23694128550000002,0.6766255931666668,0.0,2155.0
0.7987585642057589,0.078008481,0.222931488,0.746398429,0.0,2155.0
0.7940496632703026,0.08091559300000001,0.2173772705,0.795136239,0.0,2155.0
0.7858255644044246,0.0820592365,0.2557502485,0.8486682265,0.0,2155.0
0.7905723961088569,0.053775119999999996,0.32990409600000004,0.8654156405,0.0,2155.0
0.8165853325409378,0.0,0.40762785850000005,0.870268822,0.0,2155.0
0.794086354929769,0.0,0.4651894984,0.8875101884,0.0,2155.0
0.737525576495197,0.0,0.5090977102857143,0.8107592315714286,0.0,2155.0
0.8470124523780171,0.0031338573333333335,0.5439636246666667,0.7962662963333332,0.0,2155.0
0.8350003140009039,0.0616675395,0.5248296225,0.803562955,0.0,2155.0
0.8343163651087221,0.061394563333333325,0.45372287766666664,0.7687049676666667,0.0,2155.0
0.8383033236501576,0.016757848,0.40505840633333334,0.6975904003333332,0.0,2155.0
0.8447134901173924,0.0,0.35544654200000003,0.6695279505,0.0,2155.0
0.8097961833547619,0.0,0.283525437,0.63151521775,0.0,2155.0
0.7177901733593507,0.0,0.18531994699999998,0.53634657,0.0,2155.0
0.7388051992344754,0.0,0.173776604,0.53344987025,0.0,2155.0
0.846377450958334,0.0006488913333333333,0.183580555,0.52693405,0.0,2155.0
0.8367143020073531,0.0142193015,0.180163631,0.57201875,0.0,2155.0
0.8352360315448522,0.017799790599999997,0.1434473036,0.528001038,0.0,2155.0
0.8439090039892518,0.0,0.1753972105,0.6081403645000001,0.0,2155.0
0.8123754787400849,0.0,0.1732845734,0.6011291998,0.0,2155.0
0.7092989292024903,0.0,0.1555849445,0.49730407350000005,0.0,2155.0
0.6979126657598067,0.0,0.143551182,0.36930031875,0.0,2155.0
0.8182794158893794,0.0,0.10423858450000001,0.221463942,0.0,2155.0
0.8352428760336456,0.00072507,0.0796862435,0.14498792500000002,0.0,2155.0
0.8287381163290952,0.014019199500000001,0.0526385755,0.0991479705,0.0,2155.0
0.8277602326083365,0.022238198,0.023442596666666666,0.04655035166666666,0.0,2155.0
0.8305067942617582,0.005524254333333333,0.023187626666666666,0.055644986,0.0,2155.0
0.8364683602155769,0.0,0.033115662000000004,0.0884807295,0.0,2155.0
0.8014228126839624,0.0,0.04674196275,0.11988326499999999,0.0,2155.0
0.7084582017159575,0.0,0.0542219105,0.1310208155,0.0,2155.0
0.7206032583576898,0.0,0.0610742994,0.12193543999999998,0.0,2155.0
0.8436576787382991,0.000509272,0.07262888666666667,0.14435111633333333,0.0,2155.0
0.8347377069427693,0.0122277935,0.0759736825,0.1378368015,0.0,2155.0
0.8347009401914409,0.012992369399999999,0.06259082460000001,0.0984876822,0.0,2155.0
0.8439781060091349,0.0,0.092658752,0.100614602,0.0,2155.0
0.8337146316973083,0.0,0.10296556666666667,0.10338305399999999,0.0,2155.0
0.7565821712235672,0.0,0.09278141699999999,0.09131614575,0.0,2155.0
0.7356488607795171,0.0,0.0876677518,0.104752234,0.0,2155.0
0.8475787898657826,0.000365915,0.079910225,0.08996058266666666,0.0,2155.0
0.8381993417417366,0.0094003675,0.07815026550000001,0.07771896549999999,0.0,2155.0
0.836481199298343,0.0118420125,0.07679631825,0.07906335275000001,0.0,2155.0
0.8437702359789649,0.000733821,0.106591383,0.11855443499999999,0.0,2155.0
0.8473752390244776,0.0,0.13293593599999998,0.168921076,0.0,2155.0
0.8125958075793283,0.0,0.17422982625,0.27565940375,0.0,2155.0
0.7130471715378744,0.0,0.2550537235,0.402550123,0.0,2155.0
0.7096691954402452,0.0,0.3392884903333333,0.5046583823333334,0.0,2155.0
0.7535177565871434,0.0,0.3885441795,0.575460424,0.0,2155.0
0.8002615054190447,0.005893751666666666,0.42919033933333334,0.661121831,0.0,2155.0
0.8069177486891801,0.0097807448,0.42418367120000006,0.691375659,0.0,2155.0
0.8254009311292099,0.0,0.4655484565,0.7480179659999999,0.0,2155.0
0.7972670272433657,0.0,0.47213797939999996,0.7995262864,0.0,2155.0
0.7128075394528679,0.0,0.40157036333333335,0.745206076,0.0,2155.0
0.727599970172587,0.0,0.46242835685714284,0.8195966940000001,0.0,2155.0
0.8031542989387281,0.007746023499999999,0.476490207,0.840053395,0.0,2155.0
0.8038156676475672,0.013887702333333333,0.40658288,0.8205449473333334,0.0,2155.0
0.8081053392416578,0.0036791795,0.481057075,0.869845539,0.0,2155.0
0.8250832584771364,0.0,0.5133161845,0.894045432,0.0,2155.0
0.7967034876412805,0.0,0.5101287224000001,0.8915161706000001,0.0,2155.0
0.720101685422962,0.0,0.4652230785,0.89060377325,0.0,2155.0
0.755326540826949,0.0,0.5067796436666666,0.8858435620000001,0.0,2155.0
0.8472265502600332,0.0,0.527005972,0.8935980066666667,0.0,2155.0
0.8390237325278846,0.009590236,0.56373922,0.91602808,0.0,2155.0
0.8381980271652183,0.0117008415,0.5589450067499999,0.91171512375,0.0,2155.0
0.8440566442187039,0.0,0.608939239,0.9049476590000001,0.0,2155.0
0.8378322128765728,0.0,0.630526894,0.85957202675,0.0,2155.0
0.7510824445013602,0.0,0.58618031875,0.8410805422500001,0.0,2155.0
0.7058280229657575,0.0,0.536225291,0.7593918605,0.0,2155.0
0.8309259139769251,0.0,0.4543736515,0.6674477495,0.0,2155.0
0.8405528376174555,0.0014471646666666669,0.35884096,0.6299054463333333,0.0,2155.0
0.8346423627868337,0.012971232499999999,0.2762837835,0.622011893,0.0,2155.0
0.83416417143214,0.030402718666666665,0.25953464433333334,0.5866503233333332,0.0,2155.0
0.8401544358991566,0.001089786,0.22230638,0.5092636420000001,0.0,2155.0
0.8435981846419189,0.0,0.223637065,0.486238616,0.0,2155.0
0.8314895287333969,0.0,0.2189217356666667,0.46040579,0.0,2155.0
0.7507693605185224,0.0,0.186721894,0.34173989,0.0,2155.0
0.7062712136034177,0.0,0.14219566625000002,0.2051892475,0.0,2155.0
0.8237654344389937,0.0,0.11471427149999999,0.1981411315,0.0,2155.0
0.8388086331084196,0.003979084333333333,0.09228720733333334,0.147433695,0.0,2155.0
0.8343264736446381,0.036556588,0.081458087,0.095860157,0.0,2155.0
0.8328786611228799,0.05481034025,0.05180418925,0.0752285255,0.0,2155.0
0.8399983926965213,0.0014884855,0.055655236,0.127248105,0.0,2155.0
0.837322607676114,0.0,0.0625536485,0.25426033724999997,0.0,2155.0
0.7902130368442185,0.0,0.094456467,0.4085957765,0.0,2155.0
0.7264779114314897,0.0,0.11465109300000001,0.534001164,0.0,2155.0
0.7154243780910591,0.0,0.22935339224999998,0.6571354632499999,0.0,2155.0
0.8317658433388796,0.0,0.34518852200000005,0.7268088045,0.0,2155.0
0.8387902623835354,0.002687689333333333,0.44049385366666666,0.8151433770000001,0.0,2155.0
0.8337261017030786,0.0217975525,0.47611555549999995,0.88186734,0.0,2155.0
0.8312198329659748,0.01629226375,0.5432388020000001,0.9134550665,0.0,2155.0
0.8395905397826691,0.0,0.562843345,0.9082806750000001,0.0,2155.0
0.8276797701046744,0.0,0.5405215486666667,0.8721317146666667,0.0,2155.0
0.7796488989269335,0.0,0.4979381095,0.8757359175,0.0,2155.0
0.7124345215141583,0.0,0.4539118845714286,0.8791734767142858,0.0,2155.0
0.8386827282528112,0.0,0.44286388400000004,0.9133768633333333,0.0,2155.0
0.8286358713498385,0.035822568,0.47899699149999997,0.9256779175000001,0.0,2155.0
0.8276427620923429,0.1036248295,0.54076964,0.92766022075,0.0,2155.0
0.8329513312566967,0.0014832285,0.642408868,0.9221511575,0.0,2155.0
0.829622596079642,0.0,0.6551023847499999,0.889394224,0.0,2155.0
0.7573602514537053,0.0,0.6590625363333333,0.8821868159999999,0.0,2155.0
0.6834595934632759,0.0,0.6376890687500001,0.8834222654999999,0.0,2155.0
0.7002988387877619,0.0,0.6387830773333333,0.8556246933333332,0.0,2155.0
0.7800508058699922,0.022598118666666667,0.6340137603333333,0.797849432,0.0,2155.0
0.7958879129898678,0.2876882895,0.6238169445,0.807887588,0.0,2155.0
0.7935335092591645,0.32635242249999996,0.645264692,0.817275121,0.0,2155.0
0.799901708066441,0.075565941,0.6892399355,0.8327576825,0.0,2155.0
0.8215988088197315,0.0,0.742316215,0.8481198864999999,0.0,2155.0
0.8194618046787262,0.0,0.7731438766666666,0.8705098536666666,0.0,2155.0
0.7491838829177393,0.0,0.7676299027500001,0.9072963247499999,0.0,2155.0
0.7080873484778438,0.0,0.732930218,0.9155355331666667,0.0,2155.0
0.7847097734266129,0.011154381333333333,0.5373534183333334,0.8575396789999999,0.0,2155.0
0.8056398648932463,0.116833236,0.492234241,0.834089241,0.0,2155.0
0.807077428668014,0.08597759966666667,0.3678917643333333,0.7347281826666667,0.0,2155.0
0.8173709944335316,0.016388344,0.2991843065,0.6347455289999999,0.0,2155.0
0.8369758292682714,0.0,0.255907442,0.5972691225,0.0,2155.0
0.8108957343887722,0.0,0.1693065212,0.41874925259999995,0.0,2155.0
0.7406563938594347,0.0,0.08738082575,0.193028278,0.0,2155.0
0.803650759624493,0.0,0.0724232105,0.17255108975,0.0,2155.0
0.8584365649952721,0.009562006,0.07634497966666667,0.207008371,0.0,2155.0
0.8619960784828805,0.159453492,0.082606096,0.243594807,0.0,2155.0
0.8616507556441866,0.19568813699999998,0.10647504799999999,0.30470829,0.0,2155.0
0.8630720760884117,0.075897694,0.13466731166666668,0.35105842400000004,0.0,2155.0
0.8734685440693415,0.0,0.1761069575,0.385423646,0.0,2155.0
0.8462170825436452,0.0,0.27197726400000005,0.43715827440000005,0.0,2155.0
0.7552418218672846,0.0,0.438467607,0.47934430433333336,0.0,2155.0
0.7784796661150962,0.0,0.46105415325,0.45723055275,0.0,2155.0
0.8682096737129359,0.0,0.412080851,0.42002446266666665,0.0,2155.0
0.8625198845485819,0.10115926,0.352025482,0.502175834,0.0,2155.0
0.857766104710663,0.24446858533333335,0.33085706366666673,0.5145178353333333,0.0,2155.0
0.8579268892463944,0.0358366175,0.336615485,0.5250252455,0.0,2155.0
0.8655797530844983,0.0,0.356394205,0.5051476043333333,0.0,2155.0
0.8506457628463058,0.0,0.33034821999999997,0.4432868735,0.0,2155.0
0.7940615557329265,0.0,0.3089605383333333,0.3839219796666667,0.0,2155.0
0.74523723034485,0.0,0.26891993740000003,0.3066070422,0.0,2155.0
0.8617222989311402,0.0,0.218645492,0.2530807595,0.0,2155.0
0.8630271658195178,0.009946145,0.22642528799999997,0.235755203,0.0,2155.0
0.864302082663664,0.190859777,0.2872437785,0.350308902,0.0,2155.0
0.8645971985269588,0.104270639,0.3769694565,0.4116279025,0.0,2155.0
0.8736230848094924,0.0,0.43912599350000003,0.38208922749999996,0.0,2155.0
0.8456830614837342,0.0,0.4547880284,0.3788778854,0.0,2155.0
0.757527561353448,0.0,0.474808167,0.432868856,0.0,2155.0
0.7826646241605175,0.0,0.4536515025,0.5694327138333334,0.0,2155.0
0.8563912279474181,0.008035632,0.3768533173333333,0.49602265233333337,0.0,2155.0
0.8576223607963929,0.163220569,0.325771352,0.407044788,0.0,2155.0
0.85653387643336,0.238529412,0.2624874526666667,0.261388134,0.0,2155.0
0.8647398863511992,0.030142679000000002,0.203313124,0.12739998733333333,0.0,2155.0
0.8679599604464591,0.0,0.10392269133333333,0.047054153999999994,0.0,2155.0
0.8299955070494418,0.0,0.074076741,0.05392900566666667,0.0,2155.0
0.7563900274988589,0.0,0.1054014915,0.18426432650000002,0.0,2155.0
0.7705912921474795,0.0,0.17618888819999998,0.3641631952,0.0,2155.0
0.8717894828447661,0.0,0.294387358,0.41852204699999995,0.0,2155.0
0.8612089459110632,0.014222738333333334,0.400042059,0.49376125333333337,0.0,2155.0
0.8589540099278458,0.075890592,0.48743488425000003,0.6432641772500001,0.0,2155.0
0.8629927556979988,0.0,0.571103465,0.7312720180000001,0.0,2155.0
0.8566173278140495,0.0,0.5930373689999999,0.7399459374999999,0.0,2155.0
0.8090183612463863,0.0,0.5819051989999999,0.731245068,0.0,2155.0
0.7342462112400509,0.0,0.5629185843333334,0.608432486,0.0,2155.0
0.7337039720813283,0.0,0.5705060759999999,0.58324616925,0.0,2155.0
0.798593319905362,0.0037208775,0.5460654025,0.650067084,0.0,2155.0
0.8287073208501202,0.177857536,0.49302883,0.645768704,0.0,2155.0
0.8257219997966744,0.2942472173333333,0.448707699,0.6363086736666667,0.0,2155.0
0.8370602978175218,0.029304794,0.41523203933333336,0.6452831573333334,0.0,2155.0
0.8503148046869079,0.0,0.360852785,0.546652143,0.0,2155.0
0.8227965206422712,0.0,0.292493918,0.4581905246,0.0,2155.0
0.7483593317563821,0.0,0.29380555199999997,0.4705329836666667,0.0,2155.0
0.7431998426032056,0.0,0.3588144875,0.6080848157500001,0.0,2155.0
0.8020107916546921,0.004738973,0.35112074400000004,0.63056939125,0.0,2155.0
0.8313420760772885,0.218483243,0.3050187295,0.5648399774999999,0.0,2155.0
0.8293783440631758,0.17794368066666666,0.2759440596666667,0.4622882113333333,0.0,2155.0
0.8468888321657372,0.0,0.26446642233333334,0.45545283166666667,0.0,2155.0
0.8337138961492816,0.0,0.20265549824999998,0.3975637535,0.0,2155.0
0.7595309801564991,0.0,0.1853049326,0.388814817,0.0,2155.0
0.7900888060807042,0.0,0.19044390833333336,0.5285956696666666,0.0,2155.0
0.8689570911201363,0.003289148,0.19167327299999998,0.6285030905,0.0,2155.0
0.8652328025260092,0.139418314,0.2320283005,0.7026756725,0.0,2155.0
0.8642265723567986,0.08698518175,0.29290135124999994,0.7952128592500001,0.0,2155.0
0.8726093671813275,0.0,0.39923930500000004,0.8188402404999999,0.0,2155.0
0.8615033187233978,0.0,0.453437184,0.7946353406666667,0.0,2155.0
0.8031365694020578,0.0,0.443532572,0.757863056,0.0,2155.0
0.770103971618981,0.0,0.35120608200000003,0.7042956825000001,0.0,2155.0
0.875967489317856,0.0,0.263031169,0.6658465984999999,0.0,2155.0
0.8653142667755351,0.03962167766666667,0.20116774966666665,0.5746691496666667,0.0,2155.0
0.8664159898567638,0.179227121,0.127089693,0.49007008399999996,0.0,2155.0
0.8663730511921287,0.052716767,0.11672437433333334,0.47627918166666666,0.0,2155.0
0.8742573043609538,0.0,0.1087371285,0.432670612,0.0,2155.0
0.8633998421663264,0.0,0.099129213,0.287818792,0.0,2155.0
0.7924815787204524,0.0,0.133673055,0.2328140245,0.0,2155.0
0.774358431653179,0.0,0.21828337220000002,0.3593667288,0.0,2155.0
0.8870521939091939,0.0,0.293441104,0.434624184,0.0,2155.0
0.8666979380192151,0.002458212333333333,0.3312596513333333,0.5050318163333333,0.0,2155.0
0.867884786990057,0.1182884765,0.352646299,0.6188068015,0.0,2155.0
0.8672552620867704,0.09009396775,0.38721409325,0.73131213025,0.0,2155.0
0.8767939928051005,0.0,0.5012992605000001,0.7896918895,0.0,2155.0
0.8645006888632096,0.0,0.561303548,0.8458416686666667,0.0,2155.0
0.8239417108656106,0.0,0.6074945055000001,0.9110041520000001,0.0,2155.0
0.7521899103489265,0.0,0.6307977075,0.9303179567500001,0.0,2155.0
0.7832571410514726,0.0,0.6939873983333333,0.9348846183333334,0.0,2155.0
0.8638491158596322,0.0010544065,0.7610569119999999,0.91214676625,0.0,2155.0
0.860567653698256,0.025332268,0.819578094,0.891863862,0.0,2155.0
0.8591016031076506,0.03810224625,0.8492766375,0.8691360215,0.0,2155.0
0.8642379563393494,0.0,0.890373992,0.875254032,0.0,2155.0
0.8580164123762251,0.0,0.89290401725,0.9169458532500001,0.0,2155.0
0.8157284559273641,0.0,0.8734955315,0.9285121704999999,0.0,2155.0
0.7461922052120843,0.0,0.7737762363333333,0.9374658246666666,0.0,2155.0
0.7875018555458577,0.0,0.777557912,0.9371450064000001,0.0,2155.0
0.8507195594101565,0.0,0.7904164986666666,0.9360648943333333,0.0,2155.0
0.8516064331697119,0.0053145685,0.7738330955,0.9364287305,0.0,2155.0
0.8505433615559292,0.010904663333333333,0.8102877793333333,0.9374890033333333,0.0,2155.0
0.8581354633018483,0.0,0.8251933256666666,0.9374218803333333,0.0,2155.0
0.8484607188793714,0.0,0.826470894,0.937428783,0.0,2155.0
0.7960476333594949,0.0,0.7983299593333334,0.9374347466666667,0.0,2155.0
0.7636567031443279,0.0,0.8025310586666667,0.9373753463333334,0.0,1625.8333333333333
0.8166937035092943,0.0014525115,0.80568809125,0.93700261625,0.0,1520.0
0.8473323319346888,0.07867593349999999,0.7787234155,0.9356664905000001,0.0,1520.0
0.8502399751149696,0.051647981749999995,0.77880307875,0.9342149532499999,0.0,1520.0
0.8732908123861985,0.0,0.7448212585,0.9290175844999999,0.0,1520.0
0.852376753813657,0.0,0.655659862,0.900548683,0.0,1520.0
0.7769011167962877,0.0,0.4671412986666666,0.8093920356666667,0.0,1520.0
0.7914464700718411,0.0,0.35577727433333334,0.7679417883333333,0.0,1520.0
0.8393318445666208,0.005236594000000001,0.31514097466666663,0.7795677560000001,0.0,1520.0
0.8460082643614841,0.014736655750000001,0.26971043875,0.73921006525,0.0,1520.0
0.8648489537898022,0.0,0.291819225,0.72967631,0.0,1520.0
0.8496604558270976,0.0,0.31107932639999997,0.808476464,0.0,1520.0
0.7850388227146144,0.0,0.3307182083333334,0.832887799,0.0,1520.0
0.8045090563245907,0.0,0.38956955300000007,0.86965665075,0.0,1520.0
0.8865790876678525,0.0,0.420035192,0.8955101105000001,0.0,1520.0
0.8807206431818434,0.004904077,0.4487540923333333,0.9063879593333334,0.0,1520.0
0.8838821308689756,0.0127432494,0.45445311760000007,0.8982603656,0.0,1520.0
0.8960846757394314,0.0,0.4928812185,0.908494142,0.0,1520.0
0.8745685079835439,0.0,0.49745581659999993,0.8988034131999999,0.0,1520.0
0.7799955678127845,0.0,0.47837445733333334,0.8703759343333334,0.0,1520.0
0.7931656880920508,0.0,0.52993455325,0.8749344880000001,0.0,1520.0
0.8730393312409557,0.0,0.5202489755,0.8791047025000001,0.0,1520.0
0.8628752535029515,0.0,0.5039125715,0.868420057,0.0,1520.0
0.8638462522399157,0.0051967720000000005,0.45456181549999997,0.8110152585,0.0,1520.0
0.8620365918241792,0.00286840775,0.47424111125,0.8068393105,0.0,1520.0
0.8699781323932014,0.0,0.4184107735,0.749479268,0.0,1520.0
0.8625048936869395,0.0,0.38116285766666663,0.6182530426666667,0.0,1520.0
0.8242445023864479,0.0,0.360486394,0.5608399895,0.0,1520.0
0.7637020357658679,0.0,0.34947008499999993,0.5641334323333334,0.0,1520.0
0.7819901581429425,0.0,0.34055259625,0.59794208325,0.0,1520.0
0.8698922710076654,0.0,0.32228697900000003,0.703657909,0.0,1520.0
0.8640116375329427,0.0005776715,0.334950468,0.746679843,0.0,1520.0
0.867971383663101,0.02678177,0.3430049373333333,0.7800811613333334,0.0,1520.0
0.8690967038878187,0.008412810333333333,0.3928625796666667,0.8021359726666667,0.0,1520.0
0.8812120731505255,0.0,0.421567652,0.841375327,0.0,1520.0
0.874644971256783,0.0,0.45743195733333336,0.8604628133333333,0.0,1520.0
0.8237894230897345,0.0,0.5004277173333334,0.8507098083333333,0.0,1520.0
0.7733521851025627,0.0,0.53797414075,0.8344061435,0.0,1520.0
0.8265695186887442,0.0,0.514753094,0.806911222,0.0,1520.0
0.885229388666141,0.0,0.4977066355,0.7633117125,0.0,1520.0
0.8796936087841303,0.001338181,0.480586477,0.6917864840000001,0.0,1520.0
0.8822630175223822,0.124142222,0.4501119145,0.6297024095,0.0,1520.0
0.8816482805889043,0.0831292485,0.3720576965,0.4798958589999999,0.0,1520.0
0.8962235372237679,0.0,0.296255754,0.36818880249999997,0.0,1520.0
0.8865255243800869,0.0,0.26219809825,0.3758717695,0.0,1520.0
0.8177519949727193,0.0,0.20647236400000002,0.43076977699999996,0.0,1520.0
0.7784209737905536,0.0,0.21109048333333333,0.568149481,0.0,1520.0
0.8045683742583387,0.0,0.21842218866666666,0.6538444896666666,0.0,1520.0
0.8742805884653735,0.0,0.24448490375,0.72815245775,0.0,1520.0
0.8747029004704382,0.0104464695,0.2806945045,0.7796759995,0.0,1520.0
0.875003673389473,0.011892518500000001,0.281551141,0.7564860925000001,0.0,1520.0
0.8797437455758366,0.0008725055,0.303556035,0.734734432,0.0,1520.0
0.8907295849469521,0.0,0.329060684,0.741256967,0.0,1520.0
0.884359680889565,0.0,0.3475444923333333,0.7180135413333333,0.0,1520.0
0.825566238266677,0.0,0.33159106299999996,0.6311746386666667,0.0,1520.0
0.7679711633894708,0.0,0.36601553762499994,0.671325472875,0.0,1520.0
0.8285467393104297,0.001109006,0.3878754863333333,0.7541907870000001,0.0,1520.0
0.8338181126806936,0.005950738,0.3811761265,0.783040643,0.0,1520.0
0.8424774335996507,0.0008934575,0.5105354492499999,0.8321661375,0.0,1520.0
0.8594640846869088,0.0,0.569246902,0.855154852,0.0,1520.0
0.8503442543271406,0.0,0.5850241156666666,0.875498275,0.0,1520.0
0.7830259397109249,0.0,0.6022054685,0.90421581925,0.0,1520.0
0.745905554794317,0.0,0.6196686775,0.91647354,0.0,1520.0
0.7565463761334225,0.0,0.603210432,0.9074798958000001,0.0,1520.0
0.8200410049043404,0.001327621,0.6216162369999999,0.9066721113333333,0.0,1520.0
0.8271451043760218,0.0116236475,0.6029093965000001,0.9225690234999999,0.0,1520.0
0.8293268307957478,0.0030136423333333336,0.642119349,0.9276755073333334,0.0,1520.0
0.8492701033811798,0.0,0.6138956775,0.9145557395,0.0,1520.0
0.8288760763359411,0.0,0.5436790998000001,0.8927049476000001,0.0,1520.0
0.7657653683919184,0.0,0.4524138756666667,0.8376282176666666,0.0,1520.0
0.7833965660373963,0.0,0.36742301200000005,0.78117473375,0.0,1520.0
0.8713486748575066,0.0,0.28507362999999997,0.604831249,0.0,1520.0
0.863858974401964,0.0,0.247207503,0.5043065999999999,0.0,1520.0
0.8659718483785614,0.007063851,0.19920769049999998,0.4352268225,0.0,1520.0
0.8668015599952307,0.007936507,0.17338409,0.38716977666666663,0.0,1520.0
0.876681232151564,0.0,0.15962720749999998,0.376453268,0.0,1520.0
0.8780716556708975,0.0,0.130288554,0.36486197275,0.0,1520.0
0.819283932211368,0.0,0.113522158,0.380483517,0.0,1520.0
0.7842732843155958,0.0,0.12019650166666666,0.5205148738333334,0.0,1520.0
0.8776340162663492,0.0,0.1217984305,0.57839093,0.0,1520.0
0.8708650532545077,0.0,0.130031073,0.593541832,0.0,1520.0
0.8732250901253498,0.025060713999999998,0.112349537,0.481274726,0.0,1520.0
0.8749240791419782,0.01820605325,0.10863466475,0.46042365925,0.0,1520.0
0.8878930151823985,0.0,0.123486657,0.5540045025,0.0,1520.0
0.8817289468180595,0.0,0.11943550133333332,0.5252615706666667,0.0,1520.0
0.8237340445609336,0.0,0.10513848166666667,0.48751256200000004,0.0,1520.0
0.7876711135406668,0.0,0.11597445849999999,0.44041914633333334,0.0,1520.0
0.88049058416296,0.0,0.10560581299999999,0.42206582000000004,0.0,1520.0
0.8770914015962131,0.005373676666666667,0.10333122733333333,0.306864302,0.0,1520.0
0.8792962712319357,0.014910737750000002,0.0904217165,0.196944753,0.0,1520.0
0.8876907786049895,0.0,0.089903804,0.20885904049999998,0.0,1520.0
0.8886726212695855,0.0,0.0851704945,0.246538067,0.0,1520.0
0.8517149690462998,0.0,0.076599839,0.22994313100000002,0.0,1520.0
0.7839645776693596,0.0,0.07213975366666668,0.19818890633333333,0.0,1520.0
0.8039585507565001,0.0,0.07536506425,0.27258447175,0.0,1520.0
0.8833400166132586,0.0,0.08251646024999999,0.33671321575,0.0,1520.0
0.8833897777893438,0.014626088499999999,0.090723359,0.37896379849999995,0.0,1520.0
0.8836760448280376,0.014103625,0.09199610133333332,0.38278320833333335,0.0,1520.0
0.8920019662163189,0.0,0.1010682095,0.384039139,0.0,1520.0
0.8942768460395312,0.0,0.09336703125,0.34472335925,0.0,1520.0
0.8569729787536793,0.0,0.0926051815,0.355876213,0.0,1520.0
0.789020961246357,0.0,0.09494297466666667,0.35805574333333334,0.0,1520.0
0.8094372931797944,0.0,0.0884063845,0.320063728,0.0,1520.0
0.8906634872267933,0.0,0.08063480775000001,0.28807596375,0.0,1520.0
0.8910626086014882,0.0165649355,0.0852691255,0.28956328350000005,0.0,1520.0
0.8906975845176576,0.012777667999999999,0.07816399966666666,0.311084487,0.0,1520.0
0.898317164924795,0.0,0.07499376699999999,0.266893113,0.0,1520.0
0.9007507164784347,0.0,0.07086487925,0.24952040775,0.0,1520.0
0.8629641663941701,0.0,0.072107279,0.261509341,0.0,1520.0
0.7871178031258407,0.0,0.07347343066666667,0.27248518433333335,0.0,1520.0
0.7841102995236993,0.0,0.07110705720000002,0.29189482840000003,0.0,1520.0
0.8367114382834292,0.0,0.075202315,0.30196579533333334,0.0,1520.0
0.8547563101293826,0.019936082,0.075042395,0.304618944,0.0,1520.0
0.8529623758627964,0.049564477249999996,0.07729374275,0.312038568,0.0,1520.0
0.8733764702546564,0.0,0.08776765633333333,0.31065425333333335,0.0,1520.0
0.8589356780723266,0.0,0.08428857540000001,0.31813744679999995,0.0,1520.0
0.7859501859457386,0.0,0.09345801633333334,0.35665267799999995,0.0,1520.0
0.7785822748303288,0.0,0.098603527,0.44596634825,0.0,1520.0
0.8236160575929998,0.0,0.09629213924999999,0.47691805800000003,0.0,1520.0
0.8516063396956622,0.015486692,0.097663814,0.518787785,0.0,1520.0
0.8510246982029774,0.0322887205,0.0969438255,0.501290016,0.0,1520.0
0.8565318418878234,0.001851626,0.13138207,0.5719506169999999,0.0,1520.0
0.8755000637352339,0.0,0.159741346,0.643304076,0.0,1520.0
0.8526914692469155,0.0,0.19421532400000002,0.6649640669999999,0.0,1520.0
0.7868953651077114,0.0,0.25894817033333334,0.6681134179999999,0.0,1520.0
0.805630816511449,0.0,0.3354206635,0.7318942737499999,0.0,1520.0
0.8884707601514865,0.0,0.32500065300000003,0.7196585895000001,0.0,1520.0
0.882004948697095,0.001657082,0.30219751833333336,0.7138413803333333,0.0,1520.0
0.8831468871906281,0.017025979,0.261502967,0.64215115425,0.0,1520.0
0.8925276657307193,0.0,0.225007289,0.5627345823333333,0.0,1520.0
0.8888431235634333,0.0,0.17585682066666664,0.47010627666666666,0.0,1520.0
0.8319595362630973,0.0,0.133422186,0.3719227833333334,0.0,1520.0
0.7948003203296702,0.0,0.08813578083333334,0.22605709133333332,0.0,1520.0
0.8861981809153368,0.0,0.0551079955,0.182805047,0.0,1520.0
0.8802104199272165,0.0,0.0506938,0.15641346,0.0,1520.0
0.8838772956033171,0.020467741499999997,0.058880427,0.1892367465,0.0,1520.0
0.8835673684798566,0.02217192925,0.0710788985,0.21991636025,0.0,1520.0
0.8948936959867277,0.0,0.0788905605,0.216944197,0.0,1520.0
0.8919177013925615,0.0,0.07874716600000001,0.2360979815,0.0,1520.0
0.8624423012957481,0.0,0.09079142933333334,0.24733312866666668,0.0,1520.0
0.7859201573291179,0.0,0.0941654125,0.283078993,0.0,1520.0
0.7968523390943382,0.0,0.09868473159999999,0.228847081,0.0,1520.0
0.8865791817671467,0.0,0.10001668150000001,0.1911699335,0.0,1520.0
0.8815222034784419,0.0022503516666666666,0.09800626666666667,0.22991304633333334,0.0,1520.0
0.8837990862723444,0.0264446595,0.0881714175,0.267472443,0.0,1520.0
0.8869237302405527,0.00699756325,0.103435765,0.364485462,0.0,1520.0
0.8927421626750246,0.0,0.109195196,0.48572565425,0.0,1520.0
0.8565287906947631,0.0,0.1067277655,0.5075285755000001,0.0,1520.0
0.7993988593024888,0.0,0.10294606199999999,0.5174147195714286,0.0,1520.0
0.8883989351918948,0.0,0.11183607775,0.516831735,0.0,1520.0
0.8888295094901348,0.0202062015,0.1081884115,0.5285359805000001,0.0,1520.0
0.8924888270859175,0.014108761000000001,0.09913633879999999,0.47950815959999993,0.0,1520.0
0.8999826352101176,0.0,0.112632937,0.50657730975,0.0,1520.0
0.8297008054106146,0.0,0.12872746975,0.55641653725,0.0,1520.0
0.8082022324407914,0.0,0.1365797958,0.5391295054,0.0,1520.0
0.8997548842812304,0.0,0.16061452450000002,0.5129870205,0.0,1520.0
0.8949416417133628,0.0018869893333333333,0.18072292533333334,0.5355983273333335,0.0,1520.0
0.8999184700164379,0.008401537333333334,0.19167068733333334,0.4657459876666667,0.0,1520.0
0.9114619309672736,0.0,0.20805047699999998,0.49350758925,0.0,1520.0
0.870510200439456,0.0,0.21563562400000003,0.48826749849999995,0.0,1520.0
0.7957778751718325,0.0,0.194087208,0.3732716333333333,0.0,1520.0
0.7971797138317335,0.0,0.2206496325,0.44113935033333335,0.0,1520.0
0.8519993269009754,0.002234934666666667,0.20436981933333334,0.39390153833333336,0.0,1520.0
0.857843750800567,0.019497017999999998,0.187633625,0.35702702,0.0,1520.0
0.8610395392539584,0.004063154,0.17655329733333333,0.30327899733333336,0.0,1520.0
0.8828367724938238,0.0,0.1586867855,0.27070196550000003,0.0,1520.0
0.8623593910433142,0.0,0.1336561708,0.21566107959999997,0.0,1520.0
0.7920954921821494,0.0,0.08870957166666667,0.162154431,0.0,1520.0
0.7936866734193863,0.0,0.06221998233333334,0.11995401616666666,0.0,1520.0
0.851945591306252,0.002295343333333333,0.042193375,0.10124243833333334,0.0,1520.0
0.8577978390984314,0.036622369,0.035433898500000005,0.0910761185,0.0,1520.0
0.8665227412856071,0.0072733685,0.04428861575,0.113169575,0.0,1520.0
0.886702927340945,0.0,0.049753838,0.176580525,0.0,1520.0
0.8655441943471877,0.0,0.05674934119999999,0.23838381279999998,0.0,1520.0
0.820447418609608,0.0,0.095398157,0.43509701100000003,0.0,1520.0
0.842983118986156,0.0,0.10811552925000001,0.49765278125000006,0.0,1520.0
0.9235387119122267,0.0,0.1320461985,0.4564155485,0.0,1520.0
0.907743479082467,0.0037085956666666666,0.1508426443333333,0.45316322699999995,0.0,1520.0
0.9036146547569706,0.042904282,0.190511337,0.476380534,0.0,1520.0
0.9030705688865741,0.016480577,0.213222986,0.512526573,0.0,1520.0
0.9113498277583073,0.0,0.24038948,0.507711283,0.0,1520.0
0.9168641539391125,0.0,0.254700661,0.521637965,0.0,1520.0
0.9100567750727864,0.0,0.291275522,0.5397802296666666,0.0,1520.0
0.847420117822733,0.0,0.3311870243333333,0.594164489,0.0,1520.0
0.786074275716623,0.0,0.364109933,0.6882315056666667,0.0,1520.0
0.8150316440889186,0.0,0.412853234,0.8116782210000001,0.0,1520.0
0.8857630529615519,0.0,0.458421438,0.8376982230000001,0.0,1520.0
0.8775934562401292,0.0022931683333333335,0.5085292873333334,0.8765976073333334,0.0,1520.0
0.875286231686329,0.039877475499999995,0.527289463,0.857555318,0.0,1520.0
0.874143698585296,0.020803445,0.5336754419999999,0.8586569333333333,0.0,1520.0
0.8803496571834852,0.0,0.5043608165,0.8447904589999999,0.0,1520.0
0.8705761730065115,0.0,0.4491175823333333,0.8738325506666667,0.0,1520.0
0.8102739679358179,0.0,0.42225753866666665,0.8769722396666667,0.0,1520.0
0.7800871251755294,0.0,0.43849323200000007,0.862207184,0.0,1520.0
0.8734472313607662,0.0,0.4203366505,0.8624229155,0.0,1520.0
0.8694142674347304,0.010214767,0.4033998406666666,0.7900462243333334,0.0,1520.0
0.870670046066394,0.16406066349999998,0.3028408975,0.674461515,0.0,1520.0
0.873264241684172,0.0749845815,0.264055761,0.6038033309999999,0.0,1520.0
0.8867813245578837,0.0,0.201912971,0.483872905,0.0,1520.0
0.8947985866100943,0.0,0.140885727,0.374239314,0.0,1520.0
0.8907101342164369,0.0,0.07979209366666666,0.22745388766666666,0.0,1520.0
0.8354103580840349,0.0,0.060961360666666665,0.14264660799999998,0.0,1520.0
0.7976535237857364,0.0,0.07762948066666668,0.18171917983333333,0.0,1520.0
0.8874632393213588,0.0,0.082469546,0.199332382,0.0,1520.0
0.8813174944759458,0.0014961563333333334,0.08983601533333334,0.218996399,0.0,1520.0
0.8803071630051507,0.0154604822,0.09137697580000001,0.304918845,0.0,1520.0
0.8915860857885933,0.0,0.099354759,0.26658666750000004,0.0,1520.0
0.8857649776724749,0.0,0.09223134666666667,0.23770322933333332,0.0,1520.0
0.8305553972245487,0.0,0.08306333,0.21962686033333334,0.0,1520.0
0.7783973608075379,0.0,0.074956842,0.2121759775,0.0,1520.0
0.8008268415256725,0.0,0.08565500575000001,0.29956132025000004,0.0,1520.0
0.8792037674053597,0.0,0.08516465475,0.3889419395,0.0,1520.0
0.8801130574821008,0.016202157999999998,0.0721557475,0.3673952085,0.0,1520.0
0.8788445564799742,0.027743071666666664,0.05525090233333333,0.267008844,0.0,1520.0
0.887232460333457,0.0,0.057408510999999995,0.1939959375,0.0,1520.0
0.8930963816484851,0.0,0.0515803755,0.136409804,0.0,1520.0
0.8796115032421832,0.0,0.05678555100000001,0.13033128233333333,0.0,1520.0
0.8117849836605204,0.0,0.096841681,0.241251775,0.0,1520.0
0.774195670698806,0.0,0.134703338,0.35673477649999996,0.0,1520.0
0.7708195924786909,0.0,0.2094007505,0.5098948935000001,0.0,1520.0
0.7871349379508036,0.0,0.36579352774999996,0.69245220825,0.0,1520.0
0.8385301588042969,0.001832503,0.5055561836666667,0.8041765660000001,0.0,1520.0
0.8418413836449751,0.0410663925,0.547352255,0.7984372230000001,0.0,1520.0
0.8454182198956162,0.014286037,0.5559011645,0.739050098,0.0,1520.0
0.8642129818864793,0.0,0.5537768435,0.6979853655,0.0,1520.0
0.850033450923542,0.0,0.5407033246666667,0.6572077016666666,0.0,1520.0
0.7962943109598161,0.0,0.48117180049999997,0.6420826485,0.0,1520.0
0.7689486341883544,0.0,0.39955822425000004,0.575402792,0.0,1520.0
0.7692303360565842,0.0,0.29876245349999997,0.3997116275,0.0,1520.0
0.815955455625009,0.0,0.20909804425,0.25682548925000004,0.0,1520.0
0.8455129539692507,0.00801256,0.155981328,0.200060234,0.0,1520.0
0.8453294009473806,0.0478572725,0.129303141,0.205092429,0.0,1520.0
0.8483384446100409,0.010786356666666668,0.09887860966666667,0.19216508666666665,0.0,1520.0
0.8694938067649185,0.0,0.10054123000000001,0.21837673400000002,0.0,1520.0
0.8702225251417792,0.0,0.108527432,0.249670008,0.0,1520.0
0.8450932472016213,0.0,0.15140504875,0.35994389974999996,0.0,1520.0
0.7999545672172718,0.0,0.23414650057142858,0.44760555957142856,0.0,1520.0
0.8945627375147076,0.0,0.2920032445,0.4673469135,0.0,1520.0
0.88771767787299,0.0,0.358926648,0.562527282,0.0,1520.0
0.89001588900658,0.006265785,0.429395711,0.640124474,0.0,1520.0
0.8882375405217586,0.0159342395,0.515025148,0.742095089,0.0,1520.0
0.8850743314740499,0.0063886425,0.6115285054999999,0.8343825455,0.0,1520.0
0.8921196874553489,0.0,0.7793770286666667,0.848099195,0.0,1520.0
0.8851536675997821,0.0,0.8758394093333334,0.9101979413333333,0.0,1520.0
0.811953209126596,0.0,0.83505664175,0.936024175,0.0,1520.0
