Demand,Avail_Sol,Avail_Wind_On,Avail_Wind_Off,Hyd_In,HydRoR_In
0.7736271311061008,0.0,0.556324024,0.5458967616666667,24971.0,1231.0
0.7824335094465742,0.0,0.5475193389999999,0.5295049785,24971.0,1231.0
0.8685146420022747,0.0,0.5316118245,0.5239906814999999,24971.0,1231.0
0.8750635531558628,0.0,0.488422909,0.47708738100000003,24971.0,1231.0
0.8745318329251442,0.01445606025,0.43745341775,0.37881102225,24971.0,1231.0
0.8747126963156586,0.002467682,0.34333917199999997,0.2863574795,24971.0,1231.0
0.8794455040134828,0.0,0.28120323025,0.2167083165,24971.0,1231.0
0.8430627700357785,0.0,0.26178608866666664,0.17093345699999998,24971.0,1231.0
0.7845147750286958,0.0,0.2591779435,0.207771802,24971.0,1231.0
0.7798994348257603,0.0,0.251004323,0.19393617925,24971.0,1231.0
0.8734843495799147,0.0,0.2652520195,0.102952747,24971.0,1231.0
0.8813649715581539,0.0,0.258637591,0.07209298966666668,24971.0,1231.0
0.8801579536735695,0.081786073,0.21675265025,0.10229406775,24971.0,1231.0
0.88349153775345,0.0124512415,0.1467898205,0.107862813,24971.0,1231.0
0.8941443486154773,0.0,0.12323948474999999,0.14852915699999997,24971.0,1231.0
0.8646002509934139,0.0,0.16060747666666667,0.18865016066666665,24971.0,1231.0
0.7937758871544276,0.0,0.217582796,0.18149569,24971.0,1231.0
0.7889875992460522,0.0,0.27684829025,0.17420193675,24971.0,1231.0
0.8783762024671404,0.0,0.3281820055,0.19013256325,24971.0,1231.0
0.8770590686931107,0.003645733,0.3580203555,0.205219822,24971.0,1231.0
0.8762600800981754,0.0417505465,0.3529560725,0.227456855,24971.0,1231.0
0.8752393603674147,0.018664542,0.355686411,0.236458699,24971.0,1231.0
0.8825504076497387,0.0,0.35829753799999997,0.267979698,24971.0,1231.0
0.8698046333703859,0.0,0.34533927124999997,0.32122182325,24971.0,1231.0
0.807255566312395,0.0,0.346254712,0.31111844349999995,24971.0,1231.0
0.7789573741735989,0.0,0.33462295325,0.27483585025,24971.0,1231.0
0.8309812499516414,0.0,0.32431020450000003,0.24369393,24971.0,1231.0
0.8894118720063705,0.0,0.31268628,0.2566238416666667,24971.0,1231.0
0.8865719648830793,0.003519963,0.3191452425,0.301587967,24971.0,1231.0
0.881231349232694,0.01574818875,0.30729039325,0.32111973824999995,24971.0,1231.0
0.8864768830516172,0.0,0.33198419599999995,0.355046869,24971.0,1231.0
0.8917366156474693,0.0,0.3576366005,0.3680663555,24971.0,1231.0
0.8726773466498265,0.0,0.3690440676666667,0.39674936033333336,24971.0,1231.0
0.8003454174170769,0.0,0.361056578,0.3759324585,24971.0,1231.0
0.7943284081580856,0.0,0.3351181273333333,0.43909784733333335,24971.0,1231.0
0.8832142437729626,0.0,0.30372535349999996,0.4573547845,24971.0,1231.0
0.8918545248586129,0.0,0.25931410799999993,0.4776913666666667,24971.0,1231.0
0.8905211891380721,0.0660461765,0.21480589225000002,0.45608938899999996,24971.0,1231.0
0.8926820364428107,0.014764617,0.1884045415,0.481879843,24971.0,1231.0
0.9037253258894649,0.0,0.1898873735,0.60331213325,24971.0,1231.0
0.8867540823860178,0.0,0.221309205,0.6932275925,24971.0,1231.0
0.8144474104728513,0.0,0.27546950000000003,0.628229723,24971.0,1231.0
0.7863220714624428,0.0,0.3293863855,0.61698651075,24971.0,1231.0
0.8095037569401676,0.0,0.36180308099999997,0.53072858025,24971.0,1231.0
0.8505116989936001,0.0274022745,0.386540817,0.718068344,24971.0,1231.0
0.8498912309361035,0.151776058,0.4260964525,0.7448329874999999,24971.0,1231.0
0.8502559868061118,0.102961376,0.44820855400000004,0.7682221885,24971.0,1231.0
0.8693797951152323,0.0007520573333333333,0.45826623699999997,0.7668358776666667,24971.0,1231.0
0.8732928608717769,0.0,0.460773212,0.7289213865,24971.0,1231.0
0.8570957589838273,0.0,0.4486196075,0.7072400765,24971.0,1231.0
0.8104968292442606,0.0,0.42336674166666666,0.744923508,24971.0,1231.0
0.791639354470777,0.0,0.37623330825,0.47538480725,24971.0,1231.0
0.7958887910386881,0.0,0.5203306835,0.6435019550000001,24971.0,1231.0
0.8365707153614389,0.0,0.6667576716666667,0.6009023466666666,24971.0,1231.0
0.8495385912149113,0.050577125,0.6686810599999999,0.659116951,24971.0,1231.0
0.846738203009386,0.0664682915,0.612925357,0.42753461699999995,24971.0,1231.0
0.8486635467229664,0.011284746,0.6206356935,0.7205322045,24971.0,1231.0
0.8617351653877612,0.0,0.641090697,0.795181241,24971.0,1231.0
0.8537975054389813,0.0,0.64335909575,0.83338763975,24971.0,1231.0
0.7926570450090067,0.0,0.5975086544999999,0.8559937405,24971.0,1231.0
0.7935191019661185,0.0,0.4973023386666666,0.7842185053333334,24971.0,1231.0
0.8832292465238709,0.0,0.4660936685,0.6134596315,24971.0,1231.0
0.8922470305332224,0.0,0.48625272133333336,0.5440773010000001,24971.0,1231.0
0.8932583002215622,0.0681110855,0.46211747950000004,0.6217802109999999,24971.0,1231.0
0.8894524319620556,0.10535866899999999,0.4290891155,0.710536217,24971.0,1231.0
0.8940411028859543,0.023896724999999997,0.39398762899999995,0.7778388405000001,24971.0,1231.0
0.9070532302721809,0.0,0.33950773775000004,0.808109465,24971.0,1231.0
0.8907389446204994,0.0,0.32203654849999996,0.847706489,24971.0,1231.0
0.8142914653742531,0.0,0.33851981425,0.8667791535,24971.0,1231.0
0.8043482800808196,0.0,0.33731724566666665,0.835804678,24971.0,1231.0
0.8968873518838447,0.0,0.33422041775,0.771608474,24971.0,1231.0
0.8996453818235209,0.0414878985,0.367825134,0.732565746,24971.0,1231.0
0.8954430007218286,0.2489567445,0.37787702,0.6431279649999999,24971.0,1231.0
0.8936232926032355,0.165535433,0.37126734149999996,0.60735411,24971.0,1231.0
0.9032127888534363,0.0008453005,0.37326431824999995,0.612967732,24971.0,1231.0
0.8893505035113822,0.0,0.392903245,0.5569618553333333,24971.0,1231.0
0.8070385207791693,0.0,0.45492026974999994,0.49666421875,24971.0,1231.0
0.7955912567405893,0.0,0.4596486343333333,0.5201059843333333,24971.0,1231.0
0.883785727406579,0.0,0.45337456600000003,0.4831190205,24971.0,1231.0
0.8925221946661049,0.0,0.4608534583333333,0.44076419099999997,24971.0,1231.0
0.8915455057307813,0.093295509,0.465634283,0.49924652449999996,24971.0,1231.0
0.8856351102834426,0.173461261,0.4711458375,0.458109357,24971.0,1231.0
0.8873825487626994,0.022777998,0.4495843035,0.42439670949999997,24971.0,1231.0
0.894254314734912,0.0,0.4037347185,0.4298518225,24971.0,1231.0
0.8702346304240554,0.0,0.3794993045,0.4677589905,24971.0,1231.0
0.8101865321526385,0.0,0.3791426,0.474662556,24971.0,1231.0
0.7791508031265136,0.0,0.36619358825,0.5552158445,24971.0,1231.0
0.8308097810654178,0.0,0.3397624855,0.6028563705,24971.0,1231.0
0.8875478175363506,0.0,0.30569737866666663,0.5533849406666667,24971.0,1231.0
0.882615373110227,0.012493181333333334,0.261236654,0.5532538069999999,24971.0,1231.0
0.8816324052941433,0.021071244250000003,0.21777052424999999,0.59345076,24971.0,1231.0
0.8928602021092001,0.0,0.19203332425000003,0.534478937,24971.0,1231.0
0.8764309334741811,0.0,0.183211668,0.5481764179999999,24971.0,1231.0
0.8021461825459825,0.0,0.1804519,0.6477889495,24971.0,1231.0
0.7949231927469889,0.0,0.18971468133333333,0.635042691,24971.0,1231.0
0.8872788771257862,0.0,0.19735901725,0.50089148725,24971.0,1231.0
0.8927145982173796,0.020407148,0.18462192100000002,0.421707874,24971.0,1231.0
0.8888628374442263,0.11121236266666668,0.194397285,0.4133991563333333,24971.0,1231.0
0.8912006750366004,0.027875623000000002,0.212352398,0.3882856705,24971.0,1231.0
0.9029693579794338,0.0,0.222603203,0.38717940949999996,24971.0,1231.0
0.8906884458592325,0.0,0.252368555,0.4224456925,24971.0,1231.0
0.811102310152611,0.0,0.28885134966666665,0.478609891,24971.0,1231.0
0.7827338874419197,0.0,0.317426195,0.44764459749999996,24971.0,1231.0
0.7865135717683506,0.0,0.33969029949999996,0.387802004,24971.0,1231.0
0.83072345513604,0.00034465666666666663,0.36037610933333336,0.39852805066666663,24971.0,1231.0
0.8468734659360491,0.123435312,0.36247578350000004,0.37822708225,24971.0,1231.0
0.8511371364884049,0.0361106605,0.368095321,0.35819698499999997,24971.0,1231.0
0.8688022062222334,0.0,0.36061671100000003,0.38586775799999995,24971.0,1231.0
0.8565879786902907,0.0,0.39356382375,0.51482056325,24971.0,1231.0
0.7984065219164466,0.0,0.410458559,0.6271701996666667,24971.0,1231.0
0.7790732248841331,0.0,0.429524421,0.7022303070000001,24971.0,1231.0
0.7897642490863982,0.0,0.49022430325,0.8253333270000001,24971.0,1231.0
0.8379031834238178,0.00060807,0.569885038,0.869627912,24971.0,1231.0
0.8464169888955164,0.087903278,0.6108930915,0.8864327165,24971.0,1231.0
0.8477483683553124,0.07533802349999999,0.685353863,0.8550908515000001,24971.0,1231.0
0.8667437762348804,0.0,0.772933818,0.850165838,24971.0,1231.0
0.852206367101958,0.0,0.8205468204999999,0.84291464775,24971.0,1231.0
0.794244890131647,0.0,0.846531319,0.8264449160000001,24971.0,1231.0
0.7835727143765342,0.0,0.87440433925,0.8182968425,24971.0,1231.0
0.8744513517540492,0.0,0.862600756,0.8416414385,24971.0,1231.0
0.88014782550678,0.0,0.8601146543333332,0.8722604003333334,24971.0,1231.0
0.8805144742985217,0.01596599,0.858892421,0.9180781849999999,24971.0,1231.0
0.8790431938396092,0.01547891575,0.862541174,0.9263906825,24971.0,1231.0
0.8880350103040386,0.0,0.8658276275000001,0.9255577319999999,24971.0,1231.0
0.8714779802213619,0.0,0.85236323925,0.9198532655,24971.0,1231.0
0.7939678605872172,0.0,0.8202221522500001,0.8804102485,24971.0,1231.0
0.7870039355596313,0.0,0.7455202016666665,0.8030780423333334,24971.0,1231.0
0.8800381906486485,0.0,0.6712512105000001,0.7941846562499999,24971.0,1231.0
0.8850667501777896,0.0054701425,0.612681562,0.7885814215,24971.0,1231.0
0.8841067996548703,0.031064154500000003,0.5993024170000001,0.7970697935,24971.0,1231.0
0.8844523875177445,0.018845811,0.574037925,0.8254530076666667,24971.0,1231.0
0.8950894617592613,0.0,0.5444492114999999,0.837920824,24971.0,1231.0
0.8838874823049095,0.0,0.5270697930000001,0.83158724575,24971.0,1231.0
0.8060841707710207,0.0,0.508155516,0.805905117,24971.0,1231.0
0.791187397246865,0.0,0.47055321699999997,0.77125448975,24971.0,1231.0
0.8828968159167663,0.0,0.4414204895,0.748458098,24971.0,1231.0
0.8921056780179729,0.0005088493333333333,0.42392849166666663,0.7346883563333333,24971.0,1231.0
0.8918953530817619,0.042889186,0.416152219,0.725731457,24971.0,1231.0
0.890930196402766,0.0741917685,0.425419906,0.717575013,24971.0,1231.0
0.8933276354180053,0.026515445500000002,0.4391075415,0.717787006,24971.0,1231.0
0.9036984435014058,0.0,0.44410420549999996,0.7141843575,24971.0,1231.0
0.8935736457603002,0.0,0.44050178875,0.7247634445000001,24971.0,1231.0
0.8084172754722692,0.0,0.4557868495,0.7191917895,24971.0,1231.0
0.7974868314640187,0.0,0.495199962,0.7394535196666667,24971.0,1231.0
0.8851341922453964,0.0,0.514492925,0.7436808235,24971.0,1231.0
0.8929073800768638,0.000698004,0.5140639803333333,0.759231096,24971.0,1231.0
0.8943130958571754,0.079149375,0.503296783,0.746531313,24971.0,1231.0
0.8924282409939049,0.07161443925,0.4567967255,0.76217761375,24971.0,1231.0
0.9032260642614869,0.0,0.4440395665,0.782661617,24971.0,1231.0
0.8906069236847355,0.0,0.41158640225,0.811147123,24971.0,1231.0
0.8123293790626333,0.0,0.39238257233333335,0.8017289383333334,24971.0,1231.0
0.7935359704047112,0.0,0.37819628875,0.7839337559999999,24971.0,1231.0
0.8877554211041736,0.0,0.37677929574999997,0.7525752645,24971.0,1231.0
0.8935609618385155,0.0146913835,0.3872528565,0.747444817,24971.0,1231.0
0.8909726732351022,0.051511880999999995,0.37131726625,0.6988987605,24971.0,1231.0
0.8957315586221458,0.0021456575,0.3752632785,0.6639370250000001,24971.0,1231.0
0.8972658010267924,0.0,0.3783665006666667,0.648454043,24971.0,1231.0
0.8648465134836529,0.0,0.38928260466666664,0.650531872,24971.0,1231.0
0.7897946216783427,0.0,0.3982013295,0.625425984,24971.0,1231.0
0.7797904506853627,0.0,0.403223709,0.577920328,24971.0,1231.0
0.8040389531978788,0.0,0.40576361225,0.56305082225,24971.0,1231.0
0.8454586945755622,0.0095058295,0.406622157,0.52885665,24971.0,1231.0
0.8455067167297107,0.036957964,0.36597187866666664,0.4239967373333333,24971.0,1231.0
0.8497850272574929,0.0101668395,0.3310143965,0.366360362,24971.0,1231.0
0.867920204310954,0.0,0.32231975700000004,0.3493392095,24971.0,1231.0
0.8582355556071564,0.0,0.28156953549999997,0.29837980524999996,24971.0,1231.0
0.8100576585616865,0.0,0.237062998,0.224042414,24971.0,1231.0
0.7858877083661556,0.0,0.18533538100000002,0.18717166675,24971.0,1231.0
0.7832935273707617,0.0,0.145053414,0.17906890450000001,24971.0,1231.0
0.8171409324771594,0.0,0.12793654233333332,0.20821245966666668,24971.0,1231.0
0.8491637548118112,0.0493030275,0.136325613,0.27226963950000005,24971.0,1231.0
0.8488120617585888,0.23075202649999998,0.143754565,0.3482813495,24971.0,1231.0
0.8479908762746424,0.1946543115,0.1433894335,0.42868563,24971.0,1231.0
0.8669825768027933,0.009472334333333334,0.15648801133333332,0.499973399,24971.0,1231.0
0.8674176773584684,0.0,0.18814841366666668,0.5185246273333334,24971.0,1231.0
0.8312114524299821,0.0,0.225798365,0.5059657074999999,24971.0,1231.0
0.792415010527213,0.0,0.2705184345,0.55707594175,24971.0,1231.0
0.8021063681267038,0.0,0.289196126,0.528224864,24971.0,1231.0
0.88848145392742,0.0,0.3075871595,0.50278168375,24971.0,1231.0
0.8930309373329247,0.0262729785,0.339523446,0.5087402205,24971.0,1231.0
0.8896371997625241,0.1004061345,0.3600510355,0.531021323,24971.0,1231.0
0.8894820117290677,0.04441371666666666,0.3500117493333333,0.4881447093333333,24971.0,1231.0
0.8988333306189029,0.0,0.3632265135,0.4951133945,24971.0,1231.0
0.8866007874123637,0.0,0.3835785175,0.51018818675,24971.0,1231.0
0.8034799284686002,0.0,0.41342881725,0.517091659,24971.0,1231.0
0.7930220965185963,0.0,0.43337325600000004,0.5482375223333333,24971.0,1231.0
0.879730346588916,0.0,0.458507994,0.5946667425000001,24971.0,1231.0
0.88206200015372,0.0,0.4790268905,0.6095906655000001,24971.0,1231.0
0.8773795569798795,0.021919881000000002,0.4986577936666667,0.6702740770000001,24971.0,1231.0
0.8751975698745341,0.024234271999999998,0.53267528825,0.648578665,24971.0,1231.0
0.882698654348863,0.0,0.6264865315,0.7083100855,24971.0,1231.0
0.8656267208708879,0.0,0.6925056267499999,0.79143179975,24971.0,1231.0
0.7904143797866378,0.0,0.6610563963333335,0.8486537323333333,24971.0,1231.0
0.7687826453406431,0.0,0.62148968875,0.87398130625,24971.0,1231.0
0.8733482345278168,0.0,0.57309222325,0.8215345510000001,24971.0,1231.0
0.8725163531041125,0.0240733045,0.55422372,0.73525954,24971.0,1231.0
0.870136709209993,0.0396791475,0.624882705,0.613998161,24971.0,1231.0
0.866583508447233,0.011648687666666666,0.7190251049999999,0.7027118293333333,24971.0,1231.0
0.8723402461454355,0.0,0.768462326,0.667397358,24971.0,1231.0
0.8663667151309857,0.0,0.7901523420000001,0.62565753,24971.0,1231.0
0.8362715087753725,0.0,0.7758504833333334,0.6638084746666667,24971.0,1231.0
0.7548895221496779,0.0,0.7074163445,0.40409896425,24971.0,1231.0
0.7634248260554042,0.0,0.6767243825,0.4301299575,24971.0,1231.0
0.8583845435625574,0.0,0.684418189,0.45182567399999995,24971.0,1231.0
0.8733395892532699,0.0042593733333333335,0.6283922106666666,0.4877949543333333,24971.0,1231.0
0.8697348720594495,0.12328094875,0.5566748242499999,0.49720806,24971.0,1231.0
0.8715173568248262,0.069473482,0.43277739849999997,0.478867134,24971.0,1231.0
0.8789431190646445,0.0,0.33202346375,0.452890558,24971.0,1231.0
0.8443949857085928,0.0,0.29849592666666663,0.5323854116666666,24971.0,1231.0
0.7816067748439266,0.0,0.28486627124999997,0.58980820825,24971.0,1231.0
0.791879271116942,0.0,0.2720843885,0.5361934025,24971.0,1231.0
0.8799047497109297,0.0,0.269845655,0.471804545,24971.0,1231.0
0.8893447294787857,0.005896521333333334,0.283219436,0.3840629846666666,24971.0,1231.0
0.8809125015816458,0.227137217,0.29900598724999994,0.31664627325,24971.0,1231.0
0.8832058194428362,0.11694816350000001,0.28544986299999997,0.372733341,24971.0,1231.0
0.8993065616736018,0.0,0.270715223,0.45016435,24971.0,1231.0
0.899341395161354,0.0,0.26294928650000005,0.4214664245,24971.0,1231.0
0.8842430090424,0.0,0.2409790115,0.35401927899999996,24971.0,1231.0
0.8247662051124262,0.0,0.20554683350000003,0.263650793,24971.0,1231.0
0.7894858548710411,0.0,0.176125931,0.1522858425,24971.0,1231.0
0.7850507983772267,0.0,0.15399446475,0.166353256,24971.0,1231.0
0.8097428335764253,0.0,0.130491282,0.224129225,24971.0,1231.0
0.8419006350375489,0.009796966,0.1449103985,0.29749437199999995,24971.0,1231.0
0.8490152874098869,0.159095752,0.2061151115,0.4658591675,24971.0,1231.0
0.8471970464091887,0.196665339,0.2893849205,0.5115619435000001,24971.0,1231.0
0.8496527934198097,0.0838186085,0.4228210175,0.5843129635,24971.0,1231.0
0.8671854870361702,0.0,0.5639744675,0.653866662,24971.0,1231.0
0.8443694444507496,0.0,0.6456029957499999,0.7733104837499999,24971.0,1231.0
0.7852912985361907,0.0,0.6182768773333334,0.8172153576666666,24971.0,1231.0
0.7643602491588677,0.0,0.6206616165000001,0.8021265209999999,24971.0,1231.0
0.7809468473417521,0.0,0.5703026345000001,0.7099762227499999,24971.0,1231.0
0.8263257046295531,0.0461545995,0.552206168,0.6900000184999999,24971.0,1231.0
0.8279930172229699,0.16372444,0.5463002455,0.687858038,24971.0,1231.0
0.8309234626823224,0.08265552333333333,0.5244508593333334,0.7173146753333334,24971.0,1231.0
0.8511817191443941,0.0,0.5170166205,0.749128757,24971.0,1231.0
0.8404651103997517,0.0,0.49551169325000005,0.75458222325,24971.0,1231.0
0.7927718112590189,0.0,0.412050831,0.7167411733333333,24971.0,1231.0
0.7848319306479536,0.0,0.35034800525,0.702071216,24971.0,1231.0
0.8785063067678737,0.0,0.305196008,0.6410619575000001,24971.0,1231.0
0.8869251410011304,0.0016461153333333332,0.3033535103333333,0.6347353379999999,24971.0,1231.0
0.8827073151906547,0.050168688,0.2999801145,0.6185527605000001,24971.0,1231.0
0.8799908391286424,0.0667888465,0.29535968,0.6035641565,24971.0,1231.0
0.8890137502497455,0.0,0.309898442,0.5681361985,24971.0,1231.0
0.8752967691214213,0.0,0.35165355425,0.629138145,24971.0,1231.0
0.8018654141704745,0.0,0.35769278833333334,0.6769227663333334,24971.0,1231.0
0.790160572325756,0.0,0.36211303125,0.72497556475,24971.0,1231.0
0.8836456369081862,0.0,0.3672395535,0.7278371865,24971.0,1231.0
0.8924805144901073,0.012484583,0.363064605,0.7381473446666665,24971.0,1231.0
0.8881667711183917,0.18941808799999998,0.32892313,0.7333550225000001,24971.0,1231.0
0.8846181293837603,0.2434029865,0.3401826905,0.7800118575,24971.0,1231.0
0.8891848875640112,0.114158289,0.339652335,0.8114681754999999,24971.0,1231.0
0.8973060613043868,0.0,0.351527113,0.7883258295,24971.0,1231.0
0.8779803997467422,0.0,0.41428217233333336,0.7768810103333333,24971.0,1231.0
0.8372406409351805,0.0,0.4863882145,0.8132980735,24971.0,1231.0
0.780422987154426,0.0,0.56101229475,0.79570542675,24971.0,1231.0
0.787361828518323,0.0,0.630307468,0.7862011895000001,24971.0,1231.0
0.8695427921757004,0.0,0.6632359085,0.8014744335,24971.0,1231.0
0.8770787412032365,0.0016683713333333332,0.691546626,0.8028984956666667,24971.0,1231.0
0.8786721907065711,0.049401020000000004,0.7146317120000001,0.762430793,24971.0,1231.0
0.87936159186997,0.04413643999999999,0.6741413965,0.71517009425,24971.0,1231.0
0.8899229178660348,0.0,0.6225360955,0.6984857315,24971.0,1231.0
0.8733484475332878,0.0,0.56704021075,0.68633867275,24971.0,1231.0
0.8062816420299934,0.0,0.5208867785,0.667345863,21345.0,1052.0
0.806270421429215,0.0,0.4769384763333333,0.6567864576666667,17719.0,873.0
0.9024721791866719,0.0,0.4516002645,0.646442037,17719.0,873.0
0.9514856808161282,0.005925964999999999,0.4496561186666667,0.6458752906666666,17719.0,873.0
0.9439945038748232,0.109884593,0.4752835405,0.624043732,17719.0,873.0
0.9372893791135529,0.14244621899999999,0.484128447,0.5808621125,17719.0,873.0
0.9392025124464367,0.0740889015,0.5152686774999999,0.5477383105,17719.0,873.0
0.9582842936819773,0.0009761275,0.5150106935000001,0.527965012,17719.0,873.0
0.9368747399924956,0.0,0.51079191725,0.42595537925,17719.0,873.0
0.847560334954199,0.0,0.470967008,0.37246446,17719.0,873.0
0.8076507299818639,0.0,0.40520702125,0.38970885075,17719.0,873.0
0.8638000791498093,0.0,0.341466353,0.4145179495,17719.0,873.0
0.9593395782188203,0.0,0.28707611233333336,0.4131906376666667,17719.0,873.0
0.9628643981340336,0.29075421733333334,0.23790314599999998,0.38494977933333335,17719.0,873.0
0.9547842105673876,0.47669369,0.1919737515,0.30115662649999997,17719.0,873.0
0.9588427621325057,0.258650928,0.18157008600000002,0.2743451165,17719.0,873.0
0.982478380804193,0.002505538,0.189883885,0.308184026,17719.0,873.0
0.9803646248980494,0.0,0.220603873,0.352798061,17719.0,873.0
0.9369243869389825,0.0,0.2532040005,0.4092217425,17719.0,873.0
0.8333473581091964,0.0,0.30977834225,0.4130602685,17719.0,873.0
0.8065031955749669,0.0,0.351600423,0.39605067875,17719.0,873.0
0.8431048443288504,0.0,0.3844048835,0.45062325400000003,17719.0,873.0
0.8873972203558557,0.0412886885,0.401128451,0.514448477,17719.0,873.0
0.892342719556264,0.341468122,0.39866678775,0.53418545925,17719.0,873.0
0.8973958895531778,0.214297207,0.4193440735,0.5468505955,17719.0,873.0
0.9222223084231073,0.0018894146666666668,0.413762588,0.5538090663333333,17719.0,873.0
0.9065316773507256,0.0,0.3775399566666667,0.5635717046666667,17719.0,873.0
0.8294498866243434,0.0,0.37213045725,0.556190956,17719.0,873.0
0.8099998001869924,0.0,0.33396060949999995,0.66617771775,17719.0,873.0
0.8483917430439185,0.0,0.313042095,0.715133791,17719.0,873.0
0.8936666448600978,0.0556107015,0.29275838249999997,0.7296334705,17719.0,873.0
0.8959468057761732,0.308963665,0.273151232,0.7521670469999999,17719.0,873.0
0.890447783849247,0.3442270615,0.24323456799999998,0.7605188255,17719.0,873.0
0.8968429109898827,0.209235947,0.23341601,0.782849923,17719.0,873.0
0.9229777710017346,0.0038477795,0.2272960765,0.7947707715,17719.0,873.0
0.9109111355507419,0.0,0.22505958075,0.8345381945,17719.0,873.0
0.8294960359733663,0.0,0.26536454200000004,0.8797807744,17719.0,873.0
0.853362633525056,0.0,0.2803769036666666,0.8819377249999999,17719.0,873.0
0.9643129141725869,0.0,0.27951366066666666,0.8847997293333334,17719.0,873.0
0.966965260918095,0.147407138,0.2759467675,0.8846486595,17719.0,873.0
0.9622058786908723,0.27990202200000003,0.26511925049999996,0.879718376,17719.0,873.0
0.9604600806057159,0.24785495933333332,0.24565659466666667,0.878266608,17719.0,873.0
0.9802688333244887,0.0047080115,0.2237477615,0.8677675970000001,17719.0,873.0
0.9541464913448907,0.0,0.1933966005,0.8278575957500001,17719.0,873.0
0.8339630460215581,0.0,0.15741427725,0.688004166,17719.0,873.0
0.8194426747720277,0.0,0.12519870733333335,0.5246754803333333,17719.0,873.0
0.9154062155779223,0.0,0.097774428,0.364077336,17719.0,873.0
0.9664053095408066,0.029641091999999997,0.10369475700000001,0.22834865266666668,17719.0,873.0
0.9597764457775841,0.239848651,0.11247955400000001,0.20338262299999998,17719.0,873.0
0.9549398716932086,0.34560389550000004,0.11913058800000001,0.284713053,17719.0,873.0
0.9574225010918885,0.208294268,0.119433366,0.36874645699999997,17719.0,873.0
0.9759218182980369,0.005681524,0.14782787400000003,0.43408936249999996,17719.0,873.0
0.952235606218996,0.0,0.17117023299999998,0.50555672275,17719.0,873.0
0.8403314486901984,0.0,0.18429430533333335,0.4981333923333333,17719.0,873.0
0.8152316327940266,0.0,0.21591752674999998,0.492340995,17719.0,873.0
0.925706741865944,0.0,0.226739184,0.49701783599999994,17719.0,873.0
0.9546956599372153,0.0385920815,0.24657936400000002,0.4894062645,17719.0,873.0
0.9544057769916845,0.2172640115,0.23668281549999998,0.4281695725,17719.0,873.0
0.9527125763118762,0.24231312850000003,0.210864345,0.4102586075,17719.0,873.0
0.9562936373341889,0.16528391,0.2199431435,0.4577837355,17719.0,873.0
0.9728789693926732,0.005427308,0.23733661550000001,0.630421597,17719.0,873.0
0.9488027994895855,0.0,0.25835296375,0.7082845312499999,17719.0,873.0
0.852918745725704,0.0,0.2807086325,0.7804911215,17719.0,873.0
0.8102269974967539,0.0,0.3561679195,0.89054833525,17719.0,873.0
0.8614984789276224,0.0,0.409958413,0.9095518965,17719.0,873.0
0.9445617280203331,0.0,0.4366344365,0.91506449,17719.0,873.0
0.9547499451632585,0.018506034,0.4557875295,0.917110934,17719.0,873.0
0.9516725941349977,0.1191068925,0.4280014095,0.9149495627500001,17719.0,873.0
0.9491139090464114,0.055022491,0.44075432449999996,0.909383898,17719.0,873.0
0.9579666293141156,0.001732086,0.45506488700000003,0.8892196864999999,17719.0,873.0
0.9447621140819278,0.0,0.45810439999999997,0.8526235870000001,17719.0,873.0
0.9012663604976907,0.0,0.47209784600000004,0.83399902,17719.0,873.0
0.8265073965357559,0.0,0.517781591,0.7925539484999999,17719.0,873.0
0.7893416941767148,0.0,0.5863819135,0.78561456175,17719.0,873.0
0.8372292349426691,0.0,0.643196784,0.759299113,17719.0,873.0
0.924758670496935,0.0,0.669638034,0.7390783185,17719.0,873.0
0.9336283812904709,0.027320778499999997,0.700617329,0.782213525,17719.0,873.0
0.9345221911812511,0.151379965,0.7011852249999999,0.853816814,17719.0,873.0
0.939285146971331,0.074105855,0.666108277,0.8875462665,17719.0,873.0
0.9544154791475328,0.0016187825,0.6292218734999999,0.8722291205,17719.0,873.0
0.9530576435177222,0.0,0.5865456954999999,0.835224948,17719.0,873.0
0.9157068422004608,0.0,0.5572183614999999,0.8010159,17719.0,873.0
0.8251653680450389,0.0,0.5265121656666667,0.7460670053333334,17719.0,873.0
0.7942857182857614,0.0,0.4966314436666667,0.766432011,17719.0,873.0
0.8101803084993544,0.0,0.48200337175,0.7061630544999999,17719.0,873.0
0.8704926617513219,0.022255324,0.493444315,0.678570841,17719.0,873.0
0.8765365220567797,0.11137168150000001,0.52518782,0.655978777,17719.0,873.0
0.8726469305317275,0.153793457,0.5771053129999999,0.6602521415,17719.0,873.0
0.8761053652261181,0.108565517,0.610100809,0.7013799304999999,17719.0,873.0
0.896079418336272,0.0019427993333333334,0.6508192686666666,0.7633097293333333,17719.0,873.0
0.8794351944589521,0.0,0.6992585673333332,0.8017241263333333,17719.0,873.0
0.8056895234784508,0.0,0.72060816725,0.7885940840000001,17719.0,873.0
0.7857907928444278,0.0,0.7579153475000001,0.7937220870000001,17719.0,873.0
0.8251775314133467,0.0,0.7660748135,0.7490930705,17719.0,873.0
0.8692871270006007,0.034827788,0.754695514,0.7022709069999999,17719.0,873.0
0.877419257216352,0.197222697,0.72463329725,0.687611813,17719.0,873.0
0.8847909707417922,0.097399878,0.72331777,0.696900525,17719.0,873.0
0.9087377543358497,0.002456138666666667,0.7357890683333332,0.7048188233333333,17719.0,873.0
0.8832042338620054,0.0,0.7120970005,0.7148018815,17719.0,873.0
0.8081405968984481,0.0,0.66359182475,0.6678658494999999,17719.0,873.0
0.8187457250827174,0.0,0.616873402,0.6330407874999999,17719.0,873.0
0.9223566879172606,0.0,0.5726482753333333,0.655337304,17719.0,873.0
0.9544762009287793,0.0554382925,0.5292513065,0.6785910875000001,17719.0,873.0
0.9515536119920676,0.221816784,0.47385664949999995,0.6770813855,17719.0,873.0
0.9461425724045877,0.258273221,0.46123124449999997,0.7244742104999999,17719.0,873.0
0.9490076579412059,0.122486021,0.4533388535,0.741655465,17719.0,873.0
0.9661220208249226,0.009033694,0.456839385,0.7254310804999999,17719.0,873.0
0.9633802717725307,0.0,0.4449678005,0.7139154745,17719.0,873.0
0.9261756661440104,0.0,0.42765811,0.7190862490000001,17719.0,873.0
0.849691365531537,0.0,0.398454095,0.7363405795,17719.0,873.0
0.808536825595271,0.0,0.36863699949999995,0.7988711335,17719.0,873.0
0.863677831199131,0.0,0.3167269275,0.797891468,17719.0,873.0
0.9506304350981257,0.0,0.29524195649999996,0.8004321375000001,17719.0,873.0
0.9580637459328898,0.09969274149999999,0.2957946935,0.812477973,17719.0,873.0
0.9440010586858589,0.35986836725000004,0.29578297775,0.7484668457499999,17719.0,873.0
0.9437949222014137,0.213238375,0.3447157035,0.7246334255,17719.0,873.0
0.9634679701737169,0.009053099,0.420293798,0.7684841645,17719.0,873.0
0.9575108620156815,0.0,0.469580084,0.798002076,17719.0,873.0
0.8942416150042624,0.0,0.5270439450000001,0.8064923736666666,17719.0,873.0
0.7947548397949508,0.0,0.63432169875,0.8428636067499999,17719.0,873.0
0.8255881633668277,0.0,0.6679357693333333,0.8713125813333332,17719.0,873.0
0.9255764010880629,0.0,0.6588684865000001,0.877207472,17719.0,873.0
0.9329576037638805,0.057573901000000004,0.653996182,0.864840184,17719.0,873.0
0.9324370684086671,0.29554161325,0.6574058067499999,0.83650292025,17719.0,873.0
0.934722837778463,0.221438103,0.670876086,0.8071720015,17719.0,873.0
0.9485925930163099,0.013315474,0.6930490485,0.817744107,17719.0,873.0
0.9225889019183391,0.0,0.7124503955,0.8170532485,17719.0,873.0
0.812064406297483,0.0,0.7408317584999999,0.8157557045,17719.0,873.0
0.7999273390049632,0.0,0.7626321376666666,0.8267474536666667,17719.0,873.0
0.8964384944745987,0.0,0.776220388,0.83812877,17719.0,873.0
0.9446752674955218,0.033155866666666665,0.7938146003333334,0.8564393326666666,17719.0,873.0
0.9409110948757059,0.204322993,0.81446611025,0.8682082395,17719.0,873.0
0.942331119611761,0.11368515099999998,0.8053041955,0.8748476755000001,17719.0,873.0
0.9594484639507594,0.006589497,0.7984404855,0.8664732685000001,17719.0,873.0
0.9552381317493739,0.0,0.7560232425,0.8526356715,17719.0,873.0
0.9151162854128998,0.0,0.6886541534999999,0.8413088774999999,17719.0,873.0
0.8387074728209161,0.0,0.6419814075000001,0.79377168,17719.0,873.0
0.7992228956720452,0.0,0.5660804305,0.8050202504999999,17719.0,873.0
0.8531856748206335,0.0,0.5047895295,0.785989503,17719.0,873.0
0.9373373696499714,0.0,0.4638780015,0.7670786540000001,17719.0,873.0
0.947192966686516,0.07156964,0.41272610200000004,0.7726793670000001,17719.0,873.0
0.9418419861505727,0.2727148145,0.369270114,0.738806431,17719.0,873.0
0.9383807590859704,0.29967429300000004,0.319356242,0.68004358,17719.0,873.0
0.9402027391248498,0.18223863699999998,0.2745050455,0.632542296,17719.0,873.0
0.959564417211813,0.017465848,0.25254666,0.6226078885,17719.0,873.0
0.9585497556590117,0.0,0.22339940349999998,0.6280214584999999,17719.0,873.0
0.9067109552639607,0.0,0.19024106133333332,0.6043944196666667,17719.0,873.0
0.803834615299735,0.0,0.14516539825,0.54545412725,17719.0,873.0
0.8019233749921362,0.0,0.1175460195,0.50073527225,17719.0,873.0
0.8656497931153903,0.07454807333333333,0.119456879,0.44730567866666665,17719.0,873.0
0.8727089065289496,0.3985916675,0.1416550735,0.44493454400000004,17719.0,873.0
0.876612956538136,0.2679930085,0.1520644485,0.4452975185,17719.0,873.0
0.8996197301107262,0.015358921999999999,0.17246832433333334,0.440357838,17719.0,873.0
0.8798040046469944,0.0,0.202227662,0.4338207676666667,17719.0,873.0
0.8083484844390484,0.0,0.24660783025000002,0.3933418125,17719.0,873.0
0.7887768008723047,0.0,0.1997596275,0.323942873,17719.0,873.0
0.8269728183563405,0.0,0.1508168155,0.2756611605,17719.0,873.0
0.8663458909208863,0.0989016095,0.1286237465,0.2734727365,17719.0,873.0
0.868973059598239,0.334888787,0.11414441825,0.20086448299999998,17719.0,873.0
0.872254488092578,0.25841478149999997,0.1093439655,0.1632569815,17719.0,873.0
0.8997013549392938,0.020250933333333335,0.11059541899999999,0.18275707900000002,17719.0,873.0
0.8908915295759177,0.0,0.11605336666666666,0.19748060366666667,17719.0,873.0
0.8369205153548591,0.0,0.1243154745,0.150321344,17719.0,873.0
0.8090248939255537,0.0,0.12961317725,0.13690766325,17719.0,873.0
0.8643912038138901,0.0,0.14215166899999998,0.1419635795,17719.0,873.0
0.9507128326971488,0.0,0.1603640705,0.1582950795,17719.0,873.0
0.956520195627538,0.0990836395,0.1714432465,0.1727229335,17719.0,873.0
0.9421919046414458,0.3386592445,0.19069386175,0.17973966225,17719.0,873.0
0.9388264926565986,0.2632834525,0.20855671650000002,0.180181623,17719.0,873.0
0.9598663214529699,0.046983161,0.23402850349999998,0.21737413,17719.0,873.0
0.9651127075008792,0.0,0.25835998,0.2582788715,17719.0,873.0
0.8886185152332814,0.0,0.272963485,0.30579762525,17719.0,873.0
0.8098025140436153,0.0,0.2505999875,0.33211695075000003,17719.0,873.0
0.8643151006973888,0.0,0.2039590815,0.3208217875,17719.0,873.0
0.9513837525035236,0.0,0.18092998799999999,0.31150357949999996,17719.0,873.0
0.9602942124758834,0.123720116,0.1579780685,0.2983977205,17719.0,873.0
0.9541329794251749,0.3235139145,0.12380510249999999,0.286809454,17719.0,873.0
0.9489442388500406,0.39586903549999997,0.11358539,0.28406889150000003,17719.0,873.0
0.9510249599582852,0.273028161,0.11836860699999999,0.3036596155,17719.0,873.0
0.970268523525963,0.021261618333333333,0.14891146433333335,0.42072702666666667,17719.0,873.0
0.9400967720959731,0.0,0.17740346799999998,0.5532244016666666,17719.0,873.0
0.8519091008297028,0.0,0.2049502695,0.6175997074999999,17719.0,873.0
0.8097819264487325,0.0,0.20495752825000002,0.5660405454999999,17719.0,873.0
0.8604022713834754,0.0,0.2133100705,0.5093109425,17719.0,873.0
0.9423376980325427,0.0,0.22116416900000002,0.4560019665,17719.0,873.0
0.9526133296383943,0.117111575,0.2154122125,0.42766485350000005,17719.0,873.0
0.9467339337874368,0.33783966600000004,0.19233288850000002,0.387112012,17719.0,873.0
0.9388219020107401,0.445900275,0.163718316,0.32933866700000003,17719.0,873.0
0.9425528031138886,0.34416634,0.154044339,0.24494248949999997,17719.0,873.0
0.9654719256428532,0.0657680845,0.144324735,0.2076130865,17719.0,873.0
0.9479942980309755,0.0,0.1351126875,0.17549890399999998,17719.0,873.0
0.8538892504263547,0.0,0.1431249705,0.2135789405,17719.0,873.0
0.814192384279647,0.0,0.12494050725000001,0.240274479,17719.0,873.0
0.8675083103406164,0.0,0.105316253,0.2454055525,17719.0,873.0
0.9567291955185355,0.0,0.094844704,0.244925895,17719.0,873.0
0.9665952518796215,0.1507900415,0.0752481565,0.244024607,17719.0,873.0
0.9554284371398082,0.42797273966666666,0.08672854466666667,0.25059576499999997,17719.0,873.0
0.9497368381092646,0.452581815,0.07392354549999999,0.230359496,17719.0,873.0
0.9634911135235946,0.229893062,0.077124528,0.22153087700000001,17719.0,873.0
0.9778442279829302,0.001202874,0.0885915325,0.241443998,17719.0,873.0
0.9606883585445931,0.0,0.09397936700000001,0.2482474445,17719.0,873.0
0.9060380481659029,0.0,0.10728008950000001,0.254411773,17719.0,873.0
0.8180037427370415,0.0,0.14093907225,0.310792481,17719.0,873.0
0.8503733123318705,0.0,0.19289255033333333,0.45515235433333334,17719.0,873.0
0.9556691939339488,0.0,0.217187326,0.644139528,17719.0,873.0
0.9648729445251658,0.1209640445,0.2239455705,0.7008566430000001,17719.0,873.0
0.9471647592532435,0.34535339774999996,0.23257530825,0.6995872547499999,17719.0,873.0
0.9532080040484833,0.173203929,0.241331046,0.6917716316666667,17719.0,873.0
0.9710338936376142,0.001203608,0.270334704,0.686258386,17719.0,873.0
0.9527050984426166,0.0,0.26859072100000003,0.66255053,17719.0,873.0
0.8989764502062754,0.0,0.2576642685,0.638156741,17719.0,873.0
0.8161719898166278,0.0,0.252323381,0.6136922515000001,17719.0,873.0
0.8047019074073483,0.0,0.2506566534,0.5591733754,17719.0,873.0
0.839825025232191,0.0,0.223996975,0.500031455,17719.0,873.0
0.8785739383347567,0.14585681949999998,0.21155693,0.5280963485000001,17719.0,873.0
0.8837463506995633,0.332047493,0.203600329,0.5582862835,17719.0,873.0
0.8807476586463503,0.358883295,0.2173111315,0.6138702355000001,17719.0,873.0
0.8859848629883367,0.22073113049999998,0.233894,0.6804431675,17719.0,873.0
0.9105518305635621,0.022011773333333335,0.2709470063333333,0.7161867756666668,17719.0,873.0
0.8949102627522824,0.0,0.29803925133333337,0.7181605733333334,17719.0,873.0
0.8395583800755216,0.0,0.291275838,0.687789007,17719.0,873.0
0.8072849805350484,0.0,0.290188973,0.6644493380000001,17719.0,873.0
0.8238262267777232,0.00027162075,0.3145607225,0.6245899487500001,17719.0,873.0
0.8837029037966144,0.1662407305,0.30555511999999996,0.5390530165,17719.0,873.0
0.8881164142227032,0.359519536,0.26754608950000003,0.46069348899999996,17719.0,873.0
0.8843963512355459,0.398679455,0.2390768855,0.376771974,17719.0,873.0
0.8905620332736374,0.2762177845,0.2017656625,0.3253214225,17719.0,873.0
0.9160816786035609,0.076839969,0.177770828,0.295835415,17719.0,873.0
0.9206668474151494,0.001207022,0.157447701,0.25063751,17719.0,873.0
0.8935682028854556,0.0,0.109765349,0.149505013,17719.0,873.0
0.820587819278943,0.0,0.094377122,0.09808283549999999,17719.0,873.0
0.8551467984137985,0.0,0.10286192733333333,0.10097601833333335,17719.0,873.0
0.9690926790662401,0.05488712466666667,0.11830849333333333,0.14321768666666668,17719.0,873.0
0.9676615955804279,0.3505402435,0.11063959849999999,0.196433376,17719.0,873.0
0.96502500889259,0.5106539115,0.1094060145,0.241580019,17719.0,873.0
0.9590645404878231,0.4904342425,0.12922496349999998,0.30063243100000003,17719.0,873.0
0.9728677054728434,0.2749910035,0.1739832475,0.33954650200000003,17719.0,873.0
0.9824893295132048,0.002611679,0.24674533,0.3500486893333334,17719.0,873.0
0.9393496073765528,0.0,0.29819134,0.29331307149999997,17719.0,873.0
0.8472830252338809,0.0,0.38947667233333333,0.2279033113333333,17719.0,873.0
0.8249375318224168,0.0,0.4372755815,0.203004503,17719.0,873.0
0.9490400618342282,0.0009053396666666667,0.465037084,0.19425740933333333,17719.0,873.0
0.9778683180007777,0.2934318375,0.4863036125,0.239106097,17719.0,873.0
0.9709579798132861,0.596016883,0.5354485995,0.2767670725,17719.0,873.0
0.9692651575107215,0.677801106,0.538595403,0.29848074550000003,17719.0,873.0
0.9736456805655058,0.51940801,0.511255369,0.324587309,17719.0,873.0
0.9920218984204019,0.124649053,0.501737418,0.349468785,17719.0,873.0
0.9920905708871355,0.0,0.497759518,0.35600322900000003,17719.0,873.0
0.9311561640658751,0.0,0.48520663933333336,0.37441546666666675,17719.0,873.0
0.8379092412911227,0.0,0.470165764,0.3596680955,17719.0,873.0
0.8563228954011545,0.0,0.4351347875,0.30453673299999995,17719.0,873.0
0.9655210992898725,0.0011158956666666665,0.42592062866666663,0.28818442699999997,17719.0,873.0
0.986884413775228,0.30897501699999996,0.425915145,0.307851763,17719.0,873.0
0.9787639973070972,0.61041931475,0.39604485475,0.353051534,17719.0,873.0
0.980083213502137,0.505912646,0.37166939050000003,0.33992303150000003,17719.0,873.0
0.9968980385039665,0.142197412,0.36865417199999995,0.30644244249999997,17719.0,873.0
0.9969222703873925,0.0,0.3525824495,0.3036837315,17719.0,873.0
0.9368526378186058,0.0,0.3205323073333333,0.3027078143333333,17719.0,873.0
0.8371085489630756,0.0,0.315448757,0.300088125,18883.5,930.5
0.8384501039127048,0.0,0.2834183495,0.262057386,20048.0,988.0
0.9602176676086099,0.0017247986666666668,0.25432333700000004,0.22651379033333333,20048.0,988.0
0.9844702679653142,0.348339394,0.238956667,0.22186924800000002,20048.0,988.0
0.9721323018586039,0.63489561525,0.2193537855,0.192676642,20048.0,988.0
0.9688560082768976,0.525012083,0.213605624,0.170451113,20048.0,988.0
0.9907143087480877,0.104091962,0.229131813,0.162791932,20048.0,988.0
0.9574027337976075,0.0,0.23505938333333334,0.15496054733333334,20048.0,988.0
0.863388042899687,0.0,0.2456948385,0.2082723765,20048.0,988.0
0.8274429259866276,0.0,0.24209655150000003,0.20870412575,20048.0,988.0
0.8854780762716072,0.0,0.2420525215,0.1617419235,20048.0,988.0
0.9761146320513883,0.003548687,0.24207912450000002,0.14320089149999998,20048.0,988.0
0.977132369912661,0.331148754,0.227497328,0.1072004715,20048.0,988.0
0.9633454146750328,0.59864537675,0.19732287099999998,0.0866299425,20048.0,988.0
0.9553776069446518,0.40056677100000004,0.204856676,0.077337555,20048.0,988.0
0.9764553451920751,0.049731469333333334,0.22049428566666665,0.08447118833333334,20048.0,988.0
0.9580725488473631,0.0,0.2218623985,0.0962163805,20048.0,988.0
0.8986997715289029,0.0,0.2286174705,0.1233531155,20048.0,988.0
0.8014111219979192,0.0,0.22067847175,0.14940193325,20048.0,988.0
0.7943701827730668,0.0,0.1706651663333333,0.1464305743333333,20048.0,988.0
0.8449242054808267,0.03608153966666667,0.15082652266666666,0.13471504366666665,20048.0,988.0
0.8864270942395516,0.209464233,0.1283693775,0.1177957815,20048.0,988.0
0.8838830335246297,0.297840295,0.1095369415,0.110156195,20048.0,988.0
0.8849056933966158,0.22133401066666666,0.09654061733333334,0.111292441,20048.0,988.0
0.9140581293234519,0.026752519000000002,0.0883408795,0.128692369,20048.0,988.0
0.9020352485305169,0.0,0.08258722225,0.14204853025,20048.0,988.0
0.8234512484400102,0.0,0.08731527300000001,0.116672651,20048.0,988.0
0.7960427960650954,0.0,0.07917437499999999,0.1006669605,20048.0,988.0
0.8014349991138474,0.0,0.087850703,0.09194685550000001,20048.0,988.0
0.8607638560918223,0.08286115749999999,0.101105034,0.0914849355,20048.0,988.0
0.8816558800088758,0.3441507625,0.10079197449999999,0.084204106,20048.0,988.0
0.8793784168169254,0.491989204,0.1102960125,0.111157059,20048.0,988.0
0.8780370038364262,0.41843734450000003,0.1297435005,0.1763497635,20048.0,988.0
0.8976915939578998,0.1862019535,0.159085837,0.2199434985,20048.0,988.0
0.9140005314843749,0.00982386,0.19116582399999998,0.2660134445,20048.0,988.0
0.895683662938917,0.0,0.21506974566666667,0.3234479643333333,20048.0,988.0
0.8346564935640413,0.0,0.2310290135,0.31756429799999997,20048.0,988.0
0.8028857867275153,0.0,0.286148951,0.481696749,20048.0,988.0
0.8563180680365279,0.0,0.33917557099999995,0.5870871135,20048.0,988.0
0.9468354047475074,0.0060528485,0.3788607005,0.6183858385000001,20048.0,988.0
0.9583124536886549,0.208117237,0.3875684765,0.618956043,20048.0,988.0
0.9545313851890944,0.4156597635,0.4140138325,0.57428029,20048.0,988.0
0.9512295582884945,0.479874895,0.44608861850000003,0.550348101,20048.0,988.0
0.9532475702547754,0.34197279150000004,0.4421294445,0.549623137,20048.0,988.0
0.9716973824490495,0.06129113866666667,0.44390184233333335,0.5602713220000001,20048.0,988.0
0.9557382924116238,0.0,0.413469676,0.5692861835,20048.0,988.0
0.8987006707702779,0.0,0.38902432600000003,0.5579654345,20048.0,988.0
0.8115560107008315,0.0,0.36942526750000004,0.53527904,20048.0,988.0
0.8102019610180397,0.0,0.34447394975,0.534342534,20048.0,988.0
0.9271606214588798,0.006426771,0.33313743933333334,0.532658375,20048.0,988.0
0.9593781346597514,0.2489389165,0.325176135,0.5450649734999999,20048.0,988.0
0.9519480736858016,0.49150715599999995,0.3017184856666667,0.5077108276666668,20048.0,988.0
0.9475758646442608,0.42885765300000006,0.3093018943333334,0.48685054833333336,20048.0,988.0
0.9667629345081719,0.106427254,0.3403384755,0.5249939635,20048.0,988.0
0.9647149168329718,0.0,0.37604399450000003,0.5831197674999999,20048.0,988.0
0.9231325805198787,0.0,0.3799392005,0.6209647885,20048.0,988.0
0.8293969189187699,0.0,0.35599272433333334,0.6008901366666666,20048.0,988.0
0.8023570164379004,0.0,0.3502801655,0.6054101350000001,20048.0,988.0
0.9137030128570723,0.006000607333333334,0.35649983999999996,0.6268797746666667,20048.0,988.0
0.9446300221098228,0.1673613695,0.3429037145,0.6285434415,20048.0,988.0
0.9427374764753734,0.2832511645,0.30771841200000005,0.53058602,20048.0,988.0
0.9404406087646237,0.306931183,0.2997845725,0.46541597450000005,20048.0,988.0
0.9415545169909068,0.22204973249999999,0.299495262,0.4579048755,20048.0,988.0
0.9559244327529351,0.03611776433333334,0.32432533700000005,0.4448457643333333,20048.0,988.0
0.9350154656676104,0.0,0.3314621385,0.47308673700000003,20048.0,988.0
0.8804254034255272,0.0,0.32204895050000004,0.483823745,20048.0,988.0
0.7966614812761211,0.0,0.3004104003333334,0.40708104,20048.0,988.0
0.8017107940825726,0.0,0.2911296033333333,0.3955510306666667,20048.0,988.0
0.9111266113465191,0.009977465333333333,0.3110197546666667,0.4085219406666667,20048.0,988.0
0.9428487442373787,0.1655666975,0.326449028,0.381713762,20048.0,988.0
0.9414949785963984,0.2893978145,0.291672948,0.3190591115,20048.0,988.0
0.93832297195472,0.30917563000000003,0.2871773145,0.2775212125,20048.0,988.0
0.9404975440810939,0.20424099350000002,0.2881202835,0.2664359905,20048.0,988.0
0.9600360234741735,0.029651349333333337,0.30201145766666665,0.30065683066666665,20048.0,988.0
0.9439731115811005,0.0,0.30929348700000003,0.277242414,20048.0,988.0
0.8910376781142013,0.0,0.2861685225,0.27413431850000003,20048.0,988.0
0.8024092899686199,0.0,0.23762062350000002,0.24290040049999997,20048.0,988.0
0.8138197957728812,0.0,0.2088642755,0.2171292155,20048.0,988.0
0.92330018403507,0.011829114333333333,0.21455037733333335,0.253452988,20048.0,988.0
0.951543152667526,0.203947291,0.18777156,0.302663543,20048.0,988.0
0.9455983179875784,0.3634426443333334,0.14284030033333336,0.25170363366666665,20048.0,988.0
0.9407643313104448,0.3330397955,0.13341150149999997,0.283703877,20048.0,988.0
0.9519027021743549,0.159265177,0.1400819495,0.3070682295,20048.0,988.0
0.9654112512882015,0.016522249,0.17062057349999998,0.3488126755,20048.0,988.0
0.948944144203954,0.0,0.175966801,0.3821302165,20048.0,988.0
0.8944628410848217,0.0,0.1480597995,0.325620735,20048.0,988.0
0.8062910249365143,0.0,0.1280329395,0.26380352799999995,20048.0,988.0
0.7963189302685905,0.0,0.11610817925,0.23304876700000002,20048.0,988.0
0.8022535577029066,0.0,0.1070261635,0.1932467995,20048.0,988.0
0.8574662414598371,0.09722549899999999,0.099983505,0.1608763805,20048.0,988.0
0.8736417618309251,0.41140785100000005,0.07178655133333334,0.08908416566666666,20048.0,988.0
0.8644460094898587,0.5622328715,0.0534296405,0.0486957105,20048.0,988.0
0.8701845102471351,0.42713426050000003,0.050608579,0.0350269345,20048.0,988.0
0.8997469158119483,0.11005910366666667,0.06070318066666667,0.029412347666666668,20048.0,988.0
0.8806962842534543,0.0,0.0784523275,0.049666183749999995,20048.0,988.0
0.8024450698827216,0.0,0.11521685733333333,0.10075772999999999,20048.0,988.0
0.793241957928228,0.0,0.1457039625,0.18694507449999997,20048.0,988.0
0.827192750802313,0.022941174,0.1879226785,0.3047248495,20048.0,988.0
0.8692493594841617,0.227338531,0.2063733975,0.347727904,20048.0,988.0
0.8743697901609413,0.435553327,0.21088901366666668,0.2992778756666667,20048.0,988.0
0.8699811899497503,0.34336123350000003,0.22676084400000002,0.2811645585,20048.0,988.0
0.8868743425617727,0.1509428945,0.2570735765,0.2918362495,20048.0,988.0
0.8992834183237243,0.007456352,0.303915849,0.29587129749999996,20048.0,988.0
0.8704102640487473,0.0,0.3350751215,0.29058924225,20048.0,988.0
0.7977338672079534,0.0,0.3582496125,0.34163349574999996,20048.0,988.0
0.8077318736755656,0.0,0.3363269,0.38937735399999995,20048.0,988.0
0.89582365858412,0.0,0.33432758,0.443683867,20048.0,988.0
0.9438609447848232,0.0534624385,0.301417187,0.455745142,20048.0,988.0
0.9400673343326083,0.162719824,0.221964701,0.4474568095,20048.0,988.0
0.9324988786199104,0.3191784875,0.13474032425000002,0.367294377,20048.0,988.0
0.9413998021188495,0.2543021125,0.117993829,0.349892541,20048.0,988.0
0.9554190662797805,0.0430598265,0.1419020615,0.33918337249999997,20048.0,988.0
0.9313092539384907,0.0,0.16888555533333335,0.327576898,20048.0,988.0
0.8432802415454286,0.0,0.2129838745,0.279898326,20048.0,988.0
0.8021530570205517,0.0,0.212316253,0.280402402,20048.0,988.0
0.8085523806899714,0.0,0.231257665,0.31068965033333334,20048.0,988.0
0.9074484177584987,0.000546397,0.2460569055,0.3111209495,20048.0,988.0
0.9536482949513698,0.1819179535,0.23248539099999999,0.30172068350000003,20048.0,988.0
0.9399413947703434,0.465631767,0.2232756795,0.28375327100000003,20048.0,988.0
0.9296061064105994,0.6028520665,0.20758871325,0.228798032,20048.0,988.0
0.9383087261654023,0.38515496299999996,0.17796535400000002,0.193044159,20048.0,988.0
0.9470103757460411,0.06428889,0.168800836,0.218127682,20048.0,988.0
0.9242798074823212,0.0,0.143467486,0.20986208366666667,20048.0,988.0
0.8437551290101961,0.0,0.163365558,0.160857906,20048.0,988.0
0.8010190345333705,0.0,0.12404166600000001,0.11777901399999999,20048.0,988.0
0.8548268624017877,0.0,0.1012264835,0.170087879,20048.0,988.0
0.9416372459547848,0.048444063,0.106923148,0.22233927,20048.0,988.0
0.9467239002667338,0.2685774925,0.094567064,0.20090234899999998,20048.0,988.0
0.9349996581143108,0.5680126329999999,0.0881567385,0.2053360495,20048.0,988.0
0.9298153663194564,0.6465916780000001,0.0697517665,0.206357823,20048.0,988.0
0.9320304513200921,0.48623556749999997,0.0698096255,0.234225584,20048.0,988.0
0.9482976457802814,0.18270992049999998,0.0940523065,0.2587502395,20048.0,988.0
0.9612866771396738,0.0,0.12000778,0.243739289,20048.0,988.0
0.9065816241133718,0.0,0.141783659,0.23056310666666668,20048.0,988.0
0.8038851139574504,0.0,0.2013491365,0.23038938674999998,20048.0,988.0
0.8129358537203766,0.0,0.239573769,0.2051438525,20048.0,988.0
0.9194107821473626,0.04484269833333334,0.27463373700000004,0.242393838,20048.0,988.0
0.9482287838142716,0.3306510925,0.30614551850000005,0.307473714,20048.0,988.0
0.9446850168708617,0.5385093875,0.32783528100000003,0.31521081250000005,20048.0,988.0
0.9399850309654658,0.5990322535,0.369518947,0.280491534,20048.0,988.0
0.9493418558275367,0.41930320466666665,0.3698770486666667,0.25059106033333334,20048.0,988.0
0.9670602953229623,0.054694212,0.42304625500000004,0.2638896785,20048.0,988.0
0.9506612928289282,0.0,0.444824192,0.304718705,20048.0,988.0
0.8954217032812958,0.0,0.4566386495,0.33930260349999997,20048.0,988.0
0.8086872965809836,0.0,0.4633922046666667,0.363956623,20048.0,988.0
0.834811373911423,0.0,0.44595560424999997,0.36082477525,20048.0,988.0
0.9575429503527139,0.1112230375,0.43010661699999997,0.3633340285,20048.0,988.0
0.9640977618027149,0.4926212175,0.41295793049999996,0.347156691,20048.0,988.0
0.9567113528672694,0.72885847625,0.37918027725000003,0.30701249799999997,20048.0,988.0
0.9610602925367363,0.512549092,0.3540089206666666,0.291877722,20048.0,988.0
0.9799476666372139,0.0919171015,0.34952791,0.29885283149999997,20048.0,988.0
0.9638668019485778,0.0,0.361580764,0.35903967000000003,20048.0,988.0
0.903660581131777,0.0,0.375187096,0.4871761,20048.0,988.0
0.8095323194861096,0.0,0.37489381633333335,0.6188058253333333,20048.0,988.0
0.8033209425106663,0.0,0.355203218,0.7039331392499999,20048.0,988.0
0.8420993644819721,0.06289230999999999,0.3259494625,0.719782404,20048.0,988.0
0.883513687008763,0.34655861600000004,0.303608766,0.7136339505,20048.0,988.0
0.884885271587712,0.592005545,0.31498901275,0.7038602942500001,20048.0,988.0
0.8859478052139962,0.46505114,0.3444190835,0.7200190209999999,20048.0,988.0
0.9130740889897879,0.15459703066666666,0.3721667703333333,0.7418374776666666,20048.0,988.0
0.9037187629323764,0.0,0.4068876133333333,0.7547261263333334,20048.0,988.0
0.8409231254909688,0.0,0.43962176649999996,0.7717850895,20048.0,988.0
0.8100197961920578,0.0,0.4551090705,0.7828243370000001,20048.0,988.0
0.8201635724065041,0.0016763083333333334,0.48156720366666667,0.7982052223333334,20048.0,988.0
0.8714778382522319,0.22048489999999998,0.514197029,0.797836923,20048.0,988.0
0.8855499675336999,0.428188384,0.5163810550000001,0.806873349,20048.0,988.0
0.8767581109128204,0.520648495,0.5147381645,0.8005454089999999,20048.0,988.0
0.869184283568722,0.495192383,0.5464819750000001,0.8080863030000001,20048.0,988.0
0.8879664797028837,0.308072183,0.5998739280000001,0.8291074565000001,20048.0,988.0
0.9099602010513179,0.06289291100000001,0.6313216800000001,0.8552875394999999,20048.0,988.0
0.9033023094506698,0.0,0.6436239665000001,0.8730017035,20048.0,988.0
0.8668282090354216,0.0,0.6648760175,0.8901844365,20048.0,988.0
0.8055172147894232,0.0,0.6417494375,0.8896842955,20048.0,988.0
0.8135567950083066,0.0,0.629180115,0.8687923,20048.0,988.0
0.9182309306581321,0.02781573,0.663042509,0.9082222853333333,20048.0,988.0
0.9394918749420422,0.19798859400000002,0.650999653,0.9079021785,20048.0,988.0
0.9284644718859094,0.4368922583333334,0.6424061096666667,0.8733039666666667,20048.0,988.0
0.9242409512252305,0.517746847,0.7075449815,0.8818003139999999,20048.0,988.0
0.9376006069262113,0.33864263299999997,0.6954946744999999,0.887697439,20048.0,988.0
0.9466616168595742,0.04865619666666667,0.6534970219999999,0.874334567,20048.0,988.0
0.9117950065669058,0.0,0.5824399490000001,0.8119856400000001,20048.0,988.0
0.8412874081305437,0.0,0.5452178955,0.661294896,20048.0,988.0
0.7997934090279459,0.0,0.42461453475,0.45750351775,20048.0,988.0
0.854949110145363,0.0,0.30910345149999996,0.170608262,20048.0,988.0
0.9405439254269359,0.072245639,0.25079674799999996,0.12007757,20048.0,988.0
0.9387624582623184,0.263807578,0.1829491925,0.20003430049999998,20048.0,988.0
0.9283311337058128,0.401904121,0.2711064873333333,0.6509669376666666,20048.0,988.0
0.9233511404940428,0.3284934145,0.38022269750000004,0.8409300479999999,20048.0,988.0
0.9356122699253041,0.18264928600000002,0.432729516,0.863282692,20048.0,988.0
0.946087372611545,0.02356404133333333,0.48569216666666665,0.8392967593333335,20048.0,988.0
0.9100781418801918,0.0,0.485187421,0.8084590315,20048.0,988.0
0.8225351074574526,0.0,0.47915167766666666,0.7816980586666666,20048.0,988.0
0.7960583667960751,0.0,0.47362617125,0.80631196025,20048.0,988.0
0.9094240395305458,0.028815936333333333,0.445530913,0.6830230173333334,20048.0,988.0
0.9306802828517147,0.15111572750000002,0.4061757705,0.591520629,20048.0,988.0
0.9290102252456466,0.21661865266666666,0.46072382933333333,0.686961029,20048.0,988.0
0.928316872314733,0.1608730685,0.4591039145,0.657463739,20048.0,988.0
0.9398783066298271,0.08693970349999999,0.40574822050000003,0.5851209835,20048.0,988.0
0.9489879698983525,0.015508168499999999,0.3347406885,0.558658655,20048.0,988.0
0.9119124428237536,0.0,0.25955819333333335,0.6529576233333333,20048.0,988.0
0.8292533104301678,0.0,0.2754191775,0.7392567675,20048.0,988.0
0.7928860406979663,0.0,0.2998948065,0.6665048795,20048.0,988.0
0.8470937769663683,0.0,0.3159809725,0.5319864965,20048.0,988.0
0.9320843577546856,0.08336239749999999,0.24616795049999998,0.368860085,20048.0,988.0
0.9319143561934601,0.308321262,0.2045501205,0.2545289035,20048.0,988.0
0.9267647082490127,0.5388944589999999,0.22794116866666667,0.2351448663333333,20048.0,988.0
0.9214687228192799,0.5308307225,0.18707410400000002,0.2045654395,20048.0,988.0
0.9317077702954304,0.3295564785,0.11039631450000001,0.169276402,20048.0,988.0
0.9440857202662188,0.04197445033333334,0.07620383166666667,0.128687838,20048.0,988.0
0.891577467803997,0.0,0.08491499300000001,0.14678146,20048.0,988.0
0.802625057676124,0.0,0.127630585,0.2164921535,20048.0,988.0
0.7994046937185534,0.0,0.20145889125,0.3183234455,20048.0,988.0
0.8924382981243539,0.009189522,0.27393935049999996,0.429688533,20048.0,988.0
0.9329798320635184,0.137279407,0.31961532666666664,0.4874287766666667,20048.0,988.0
0.9273001125320569,0.33194256466666666,0.36726060833333335,0.48065168166666666,20048.0,988.0
0.9234021599123381,0.2780858355,0.453216021,0.5146075715,20048.0,988.0
0.9334808129228184,0.148234768,0.5115723935,0.5263469414999999,20048.0,988.0
0.9433205551865715,0.030434395,0.5473080225,0.5319320625,20048.0,988.0
0.9201819262225759,0.0,0.5601155584999999,0.4839687755,20048.0,988.0
0.8608996396755135,0.0,0.5532050705,0.404186372,20048.0,988.0
0.7814424724130337,0.0,0.5415904493333333,0.4586371593333333,20048.0,988.0
0.770040087049713,0.0,0.488601871,0.43761486475,20048.0,988.0
0.8034973570173491,0.063112182,0.4360038785,0.3516217185,20048.0,988.0
0.8440833003362971,0.279219529,0.401530968,0.33008556450000004,20048.0,988.0
0.8423080566178606,0.5416516695,0.45627290574999996,0.43111372475,20048.0,988.0
0.8441707620187151,0.43907466949999996,0.4711145785,0.5947074864999999,20048.0,988.0
0.875736775947979,0.132528713,0.48345167233333336,0.6841009160000001,20048.0,988.0
0.8680293423634232,0.0,0.4477196003333333,0.7003898916666667,20048.0,988.0
0.8125815103696239,0.0,0.415072557,0.6975935115,20048.0,988.0
0.7830708379691966,0.0,0.34277707150000003,0.771518342,20048.0,988.0
0.7894487734869545,0.0,0.29565351949999996,0.819997402,20048.0,988.0
0.8438690470697314,0.1232557155,0.24683482099999998,0.766736268,20048.0,988.0
0.8560443238020484,0.3955329305,0.202017061,0.741884566,20048.0,988.0
0.8422807246781484,0.583550248,0.2711231293333333,0.6926893853333334,20048.0,988.0
0.8427888365781602,0.540834346,0.2947377015,0.6138113165,20048.0,988.0
0.8668759628530719,0.359193632,0.2733543665,0.587996621,20048.0,988.0
0.876210054429273,0.06270280633333333,0.248183674,0.522162817,20048.0,988.0
0.8193519946739394,0.0,0.21813222250000003,0.39674803475,20048.0,988.0
0.7943409224279679,0.0,0.20210336125,0.30367828099999994,20048.0,988.0
0.8943140897446371,0.0,0.18826303900000002,0.307643151,20048.0,988.0
0.9452123910789224,0.11918316350000001,0.169954465,0.285604312,20048.0,988.0
0.9403225258630684,0.304614425,0.160662461,0.27675081,20048.0,988.0
0.932963377796477,0.521014059,0.1649151335,0.25933083300000004,20048.0,988.0
0.9284919379593535,0.635228912,0.16427424499999999,0.243202056,20048.0,988.0
0.9291122165175736,0.5716561185,0.1881768245,0.29587226899999997,20048.0,988.0
0.9446071152716105,0.3768525825,0.18093636600000002,0.3385131335,20048.0,988.0
0.9443910165099059,0.098830921,0.18409500499999998,0.3464173775,20048.0,988.0
0.9126210668420736,0.0,0.17994396499999998,0.3126652855,20048.0,988.0
0.8424283401962585,0.0,0.192962451,0.33484359750000003,20048.0,988.0
0.8006308751920735,0.0,0.1900072165,0.31427910400000003,20048.0,988.0
0.8557574223117996,0.0,0.2090999025,0.274889771,20048.0,988.0
0.9449232178754903,0.0287183395,0.2240096815,0.2689027595,20048.0,988.0
0.9512114315954168,0.2846821945,0.223634325,0.2472698335,20048.0,988.0
0.9474473538287909,0.57127,0.22803854,0.230044702,20048.0,988.0
0.9389309454861571,0.732913597,0.251940076,0.2216978125,20048.0,988.0
0.9353454354764614,0.7177432105,0.263214672,0.24102682800000003,20048.0,988.0
0.9488759919800427,0.5110571985,0.2381060815,0.24054468699999998,20048.0,988.0
0.9583525405519753,0.1521386515,0.2248502375,0.2181248005,20048.0,988.0
0.9268905058766645,0.0,0.2126892625,0.1881410875,20048.0,988.0
0.8368590366120223,0.0,0.2215377506666667,0.17205092766666666,20048.0,988.0
0.8123954172132875,0.0,0.21225203699999998,0.1406241895,20048.0,988.0
0.9148337380568443,0.0006339495,0.20402044,0.1153226815,20048.0,988.0
0.9656469440679817,0.16979455,0.204576572,0.106342345,20048.0,988.0
0.954080682181158,0.522659436,0.1950875885,0.10017398,20048.0,988.0
0.9405599222724086,0.7635549975,0.202834873,0.1012143285,20048.0,988.0
0.9338688540082829,0.818902085,0.23788485250000002,0.12165936999999999,20048.0,988.0
0.94149360612459,0.6682411850000001,0.26126116099999996,0.1623035955,20048.0,988.0
0.9558431236184259,0.36317514149999996,0.289210767,0.203587745,20048.0,988.0
0.9501128104725078,0.022635596,0.30336102600000003,0.2051876775,20048.0,988.0
0.8980091636796748,0.0,0.295679742,0.1775018035,20048.0,988.0
0.8083881214745783,0.0,0.31617865766666664,0.17589997633333332,20048.0,988.0
0.8318850223267841,0.0,0.30588071424999996,0.15665176725000002,20048.0,988.0
0.9542448939699565,0.13267867866666666,0.27620372200000004,0.12703599233333332,20048.0,988.0
0.9491972535205072,0.5552984795,0.22395511299999998,0.091715173,20048.0,988.0
0.9375530426078373,0.7848137264999999,0.203135475,0.0862049085,20048.0,988.0
0.9301904868679196,0.8307369255,0.2087335605,0.0966008505,20048.0,988.0
0.9384511830230651,0.675399582,0.176010591,0.116491521,20048.0,988.0
0.9471065461110515,0.36438691,0.1422336965,0.1408866165,20048.0,988.0
0.947828106337169,0.0269229255,0.1206157685,0.1408376805,20048.0,988.0
0.8967281883350591,0.0,0.1023968505,0.108463853,20048.0,988.0
0.8076764685053472,0.0,0.104215723,0.074176611,20048.0,988.0
0.8300680592553592,0.0,0.10585764725,0.058941719749999996,20048.0,988.0
0.9498504724376429,0.053275709500000004,0.118436417,0.079694652,20048.0,988.0
0.9599606457015325,0.299238917,0.114799785,0.098798169,20048.0,988.0
0.9488521386809634,0.5438869685,0.10261790600000001,0.1196004825,20048.0,988.0
0.9363720708982941,0.7634199695,0.113447463,0.1532252455,20048.0,988.0
0.9301465665274343,0.8065024795,0.135769409,0.1674028125,20048.0,988.0
0.9385801986866984,0.6665753809999999,0.14580830849999998,0.1600869235,20048.0,988.0
0.9461561556712987,0.37360202200000003,0.13772220000000002,0.1359795145,20048.0,988.0
0.9447004458398145,0.0353754065,0.130431711,0.112894884,20048.0,988.0
0.897350360022116,0.0,0.1202695945,0.09378458349999999,20048.0,988.0
0.8071748723429322,0.0,0.118602662,0.100738905,20048.0,988.0
0.7982605786863044,0.0,0.10919786075,0.12184475149999999,20048.0,988.0
0.8068776061742287,0.00232558,0.105987184,0.16776973150000002,20048.0,988.0
0.8623419555324601,0.2126475825,0.10169047,0.21551243,20048.0,988.0
0.8762933039811449,0.54850472,0.082019333,0.2306700615,20048.0,988.0
0.8631839811734395,0.7800294879999999,0.06599847133333332,0.20655990533333335,20048.0,988.0
0.8623167297615725,0.7544288135,0.0660706395,0.164355483,20048.0,988.0
0.8837853016027406,0.505782154,0.067801599,0.12180206900000001,20048.0,988.0
0.8904962001895043,0.17405638699999998,0.074959108,0.11891881700000001,20048.0,988.0
0.8839817593339805,0.0,0.077493972,0.1397143325,20048.0,988.0
0.8091210404737152,0.0,0.098755996,0.20968615749999997,20048.0,988.0
0.7492513088621824,0.0,0.1364963555,0.2917483315,17320.25,853.75
0.74863752588353,0.0,0.149446234,0.32276237649999995,16411.0,809.0
0.7790792513062942,0.15205148466666665,0.15186159333333335,0.3564841876666667,16411.0,809.0
0.8152563378043343,0.53788832,0.106315731,0.32695022149999997,16411.0,809.0
0.8071719381071422,0.758210358,0.0859602405,0.2480107505,16411.0,809.0
0.8029460350712254,0.7818067175000001,0.088170287,0.240267698,16411.0,809.0
0.8103450805018606,0.6057190115,0.0943044905,0.21078583,16411.0,809.0
0.8188018560110023,0.33433886349999997,0.113052102,0.14912368599999998,16411.0,809.0
0.8170829086961753,0.0444105825,0.121435035,0.116366093,16411.0,809.0
0.7728920272389863,0.0,0.13627220625,0.08452694625,16411.0,809.0
0.7612945999698026,0.0,0.133121618,0.08946750225000001,16411.0,809.0
0.8506579421779704,0.053707298666666674,0.10916478033333332,0.09885278966666666,16411.0,809.0
0.849100004148688,0.41922688249999995,0.078255672,0.107960486,16411.0,809.0
0.8443935816880888,0.720382603,0.0461932655,0.08738197049999999,16411.0,809.0
0.8367121781935715,0.847383159,0.042181821,0.0356039865,16411.0,809.0
0.8348204056057146,0.6966983189999999,0.057568525333333335,0.03810784066666666,16411.0,809.0
0.8393116598875767,0.3531582445,0.060491799,0.052883789,16411.0,809.0
0.8328345609517567,0.0451621895,0.0593084525,0.048980882,16411.0,809.0
0.8108616638134218,0.0,0.056177201499999996,0.0327408105,16411.0,809.0
0.7648560200652024,0.0,0.080013974,0.0354252035,16411.0,809.0
0.7602190038373873,0.0,0.101665394,0.052783215,16411.0,809.0
0.8522955799440824,0.0044613805,0.14089314349999998,0.0722418925,16411.0,809.0
0.8469656133246182,0.1440138145,0.1774236635,0.1008889755,16411.0,809.0
0.8488581117395759,0.3416366515,0.202588537,0.1388804085,16411.0,809.0
0.8435872572965755,0.4830885965,0.254895929,0.191466545,16411.0,809.0
0.8399387537924501,0.457428411,0.307659294,0.139825504,16411.0,809.0
0.8433475889669486,0.3089326675,0.329656853,0.124759576,16411.0,809.0
0.8459208982220966,0.1236366195,0.3630281395,0.1905244665,16411.0,809.0
0.8293245387554475,0.00803533,0.38832555150000003,0.2662209595,16411.0,809.0
0.796656022868549,0.0,0.39068601000000003,0.32808494600000004,16411.0,809.0
0.7514489536127475,0.0,0.40714949,0.42249798475,16411.0,809.0
0.7567652308251958,0.0,0.4249847415,0.4993410935,16411.0,809.0
0.8417980283244381,0.0036387915,0.4210403655,0.540578734,16411.0,809.0
0.836855297573841,0.061859767999999996,0.419079435,0.560905761,16411.0,809.0
0.8372260165615161,0.188954672,0.40185714149999996,0.5526820134999999,16411.0,809.0
0.8353757820769753,0.3728125925,0.36019173250000003,0.5242120955,16411.0,809.0
0.8329485264378869,0.47239806900000003,0.41637259400000004,0.4453635575,16411.0,809.0
0.8319786368332481,0.365048402,0.3808506285,0.36840391250000004,16411.0,809.0
0.8345459829707293,0.200351193,0.3042411395,0.3986533245,16411.0,809.0
0.8210204431239481,0.0289658455,0.284924457,0.4806060955,16411.0,809.0
0.7911383063720252,0.0,0.2294716475,0.5112928489999999,16411.0,809.0
0.7524574350384192,0.0,0.202934857,0.48591509400000005,16411.0,809.0
0.7444802248993152,0.0,0.19801717949999997,0.4200559775,16411.0,809.0
0.7972735564831526,0.0,0.19111226399999998,0.43772148349999995,16411.0,809.0
0.8457373925075191,0.04998548566666666,0.18686682466666668,0.36989823,16411.0,809.0
0.8396456052462744,0.1741027655,0.1980825735,0.2660201045,16411.0,809.0
0.8360545579227505,0.25820882900000003,0.2156025275,0.2300062045,16411.0,809.0
0.8345742850500885,0.259206934,0.2883273725,0.264355816,16411.0,809.0
0.8367431307775637,0.21325271299999998,0.3316363765,0.39076922000000003,16411.0,809.0
0.8391481423081494,0.13201493050000002,0.38190902250000003,0.501675937,16411.0,809.0
0.8230167786511432,0.021008303,0.45887424450000003,0.582897281,16411.0,809.0
0.7922528060845744,0.0,0.5375536905,0.6507395575,16411.0,809.0
0.753421739902635,0.0,0.6055501673333333,0.6543213630000001,16411.0,809.0
0.7709705168990193,0.0,0.60307559,0.556730646,16411.0,809.0
0.8450031169835075,0.094023912,0.5364460936666667,0.4455420823333333,16411.0,809.0
0.8339624780414865,0.431678175,0.5019970545,0.5362163005,16411.0,809.0
0.8265038941473085,0.668873894,0.4924946483333333,0.6585837263333333,16411.0,809.0
0.8240423731731255,0.640059961,0.4313452155,0.6943250784999999,16411.0,809.0
0.8276113654732169,0.511051552,0.349238448,0.688781285,16411.0,809.0
0.8285766170054025,0.291073935,0.2893988945,0.6760603545,16411.0,809.0
0.8154869823786189,0.023735676,0.25471957933333333,0.5997292799999999,16411.0,809.0
0.7645123725506566,0.0,0.271161737,0.48006376650000004,16411.0,809.0
0.738460667513624,0.0,0.3049528445,0.533024768,16411.0,809.0
0.7307426205543863,0.0,0.3580283675,0.61846297525,16411.0,809.0
0.7657067381657031,0.05449115033333333,0.36677603333333336,0.6249535233333333,16411.0,809.0
0.7961342808275063,0.19207267,0.33480744149999997,0.5438750800000001,16411.0,809.0
0.788773310461316,0.354023592,0.3495215725,0.462938834,16411.0,809.0
0.7838566655805078,0.38453164966666664,0.33365525366666665,0.377224733,16411.0,809.0
0.7956199218025333,0.2205105305,0.27924457950000003,0.28263100799999996,16411.0,809.0
0.7962863451949304,0.076295168,0.2220757905,0.243534005,16411.0,809.0
0.7618882567791326,0.0,0.12895316325,0.19376809425000002,16411.0,809.0
0.7345321252924978,0.0,0.0810334785,0.14185037150000002,16411.0,809.0
0.7295247568564813,0.0,0.07024517575,0.11585045925000001,16411.0,809.0
0.7505421168375579,0.06283385400000001,0.105739843,0.143735006,16411.0,809.0
0.7856265059807794,0.2212939995,0.14790541000000001,0.2093720425,16411.0,809.0
0.7897739867604167,0.35647029350000004,0.1557930975,0.2651249955,16411.0,809.0
0.787453147701858,0.4030281865,0.1588367335,0.33152531350000003,16411.0,809.0
0.7885238455368575,0.318721594,0.161022989,0.3826468715,16411.0,809.0
0.8022634255411822,0.1543178515,0.160153102,0.4160960865,16411.0,809.0
0.8000229254774855,0.032879606000000006,0.1752378395,0.5408696055,16411.0,809.0
0.7778147143508203,0.0,0.1680483505,0.6077258205,16411.0,809.0
0.7501258761197018,0.0,0.1874799243333333,0.6296761223333334,16411.0,809.0
0.7406968292519925,0.0,0.20292553766666668,0.6726103743333333,16411.0,809.0
0.7920233607749272,0.0,0.20815720100000001,0.6196240289999999,16411.0,809.0
0.8469139786032079,0.0438684335,0.202175985,0.584679196,16411.0,809.0
0.8344302348107141,0.212605509,0.21397009966666666,0.4721283326666667,16411.0,809.0
0.8304543491811169,0.4068354875,0.27498886850000004,0.3773882555,16411.0,809.0
0.829195901676161,0.4748748935,0.279180054,0.34489959800000003,16411.0,809.0
0.8305501405475748,0.384753064,0.2302109355,0.33172327749999997,16411.0,809.0
0.8324862279381628,0.224496152,0.176963571,0.320391822,16411.0,809.0
0.8186127810887294,0.040277273,0.1681715355,0.31343567299999997,16411.0,809.0
0.78691017904952,0.0,0.1778794925,0.312326918,16411.0,809.0
0.7545412482640003,0.0,0.20858112,0.2942010435,16411.0,809.0
0.7498018854444857,0.0,0.25475538475,0.2107915655,16411.0,809.0
0.8428652708524134,0.0184221215,0.3053386635,0.17587331099999998,16411.0,809.0
0.8365931488311493,0.237438668,0.3234649635,0.18907129,16411.0,809.0
0.82693992542402,0.4690627755,0.3296132,0.199406426,16411.0,809.0
0.8224167247397381,0.6574632136666666,0.33801357900000006,0.18510355766666664,16411.0,809.0
0.8190619697592788,0.671651781,0.309177618,0.14975188849999999,16411.0,809.0
0.8221521936908429,0.4993552825,0.269069385,0.1314790975,16411.0,809.0
0.81827197337099,0.21788541300000003,0.276808872,0.1378447785,16411.0,809.0
0.806111179146759,0.0013872275,0.288798443,0.158631157,16411.0,809.0
0.7651119217519671,0.0,0.283641265,0.17856982700000001,16411.0,809.0
0.7468897088199268,0.0,0.25475063174999996,0.179989079,16411.0,809.0
0.797310330319233,0.0,0.2083530695,0.128342128,16411.0,809.0
0.8496934951720388,0.114900157,0.17187028199999999,0.1241411045,16411.0,809.0
0.8355387792064776,0.347005132,0.149285674,0.106045762,16411.0,809.0
0.8255553494788317,0.5951127825,0.13594461800000002,0.0979840015,16411.0,809.0
0.8184814779720821,0.8182564736666667,0.1428868533333333,0.09684419233333334,16411.0,809.0
0.8117680392666027,0.7780472695,0.1541686625,0.1587496515,16411.0,809.0
0.8165219316065921,0.5596123135,0.146788318,0.1958046175,16411.0,809.0
0.8153649080493177,0.249468921,0.166914269,0.2077243255,16411.0,809.0
0.8055382281881445,0.002192796,0.1841875365,0.21708367750000002,16411.0,809.0
0.760583025941345,0.0,0.22294730133333332,0.211955262,16411.0,809.0
0.7516099747721995,0.0,0.26352538000000003,0.15194534525,16411.0,809.0
0.8450894903394801,0.024937713,0.28015105149999997,0.143539948,16411.0,809.0
0.8357034325389452,0.335396995,0.276358239,0.13073060749999998,16411.0,809.0
0.8220454693552042,0.6607343059999999,0.2376775255,0.115951606,16411.0,809.0
0.8140646229010238,0.9018146506666667,0.25782530433333334,0.09518867766666667,16411.0,809.0
0.8051127509510958,0.8675523574999999,0.284884648,0.082683906,16411.0,809.0
0.8058723628390153,0.625316812,0.288961947,0.1047478215,16411.0,809.0
0.8078254250156044,0.18846107133333334,0.3436713843333334,0.16172437400000003,16411.0,809.0
0.7775965803875977,0.0,0.3904054475,0.245583082,16411.0,809.0
0.7378581840765236,0.0,0.4252969153333333,0.33979063400000004,16411.0,809.0
0.7627222207273985,0.001253795,0.40518080300000003,0.39621026649999996,16411.0,809.0
0.8443351318271287,0.156430909,0.41717430050000004,0.38248790099999996,16411.0,809.0
0.8249673011232225,0.4485476355,0.387003413,0.376684284,16411.0,809.0
0.8146652131402534,0.6938527514999999,0.366135751,0.33816596899999996,16411.0,809.0
0.8057033075315536,0.7777389985000001,0.39718650099999997,0.299535063,16411.0,809.0
0.7995947505163119,0.702052456,0.3782311385,0.2819335235,16411.0,809.0
0.8025292186759684,0.473839809,0.3686453955,0.2542556635,16411.0,809.0
0.8048943328425102,0.185972097,0.386482961,0.222830881,16411.0,809.0
0.7931787989584738,0.002945328,0.37315964700000004,0.21025264700000001,16411.0,809.0
0.7324762039441994,0.0,0.351177452,0.1764898885,16411.0,809.0
0.6987480412402118,0.0,0.31370433324999997,0.11657953124999998,16411.0,809.0
0.7030358254201611,0.003209065,0.248817736,0.074736546,16411.0,809.0
0.7364914032524554,0.162016728,0.21592578350000002,0.055893726,16411.0,809.0
0.7661628837033123,0.419900874,0.180023124,0.054211392,16411.0,809.0
0.765384269697789,0.6373594844999999,0.146762008,0.064267047,16411.0,809.0
0.7464974241932892,0.8498335396666666,0.15332280333333334,0.14141722,16411.0,809.0
0.7436791772860128,0.8093197255,0.1406790875,0.2020530045,16411.0,809.0
0.7531293641269146,0.5898864585,0.10476898400000001,0.2642744565,16411.0,809.0
0.7718463581508543,0.17733718866666667,0.09189369433333333,0.25030459033333335,16411.0,809.0
0.733034353041849,0.0,0.09918423174999999,0.14844173975000002,16411.0,809.0
0.7142007235939779,0.0,0.13422107924999999,0.117904543,16411.0,809.0
0.7348954770039334,0.10574221566666665,0.164416164,0.10245564033333333,16411.0,809.0
0.7678062247418174,0.476536512,0.1379611095,0.153035493,16411.0,809.0
0.753468420788499,0.7396075049999999,0.107853155,0.155798036,16411.0,809.0
0.7450736921058172,0.8611334245,0.093766002,0.0949487745,16411.0,809.0
0.7453279371754106,0.7951308095,0.088384185,0.071737863,16411.0,809.0
0.7629435020354335,0.5747181210000001,0.100256226,0.0849228875,16411.0,809.0
0.7760784136656457,0.17517027666666665,0.1291342706666667,0.10226901599999999,16411.0,809.0
0.7412482537486353,0.0,0.13440876824999998,0.12951761325,16411.0,809.0
0.7318948995882477,0.0,0.1148630095,0.155616956,16411.0,809.0
0.833165445672779,0.11147422533333334,0.08355316366666667,0.14788981833333334,16411.0,809.0
0.8263846279280496,0.4363584105,0.06536160099999999,0.1551475705,16411.0,809.0
0.8206657682012377,0.6494816735,0.055821974499999996,0.1770215315,16411.0,809.0
0.8177667011987504,0.704501945,0.055314730666666666,0.154353716,16411.0,809.0
0.8183695632201976,0.533586812,0.0545225795,0.1322811365,16411.0,809.0
0.819758777652045,0.31037603599999997,0.054732627,0.1135110155,16411.0,809.0
0.8060822617642849,0.06516781299999999,0.040009958,0.092222294,16411.0,809.0
0.7745292156605482,0.0,0.030134236000000002,0.07370706399999999,16411.0,809.0
0.7232989884982871,0.0,0.026455808,0.06352306966666667,16411.0,809.0
0.7478688508561748,0.00183968625,0.0321788375,0.11211440725,16411.0,809.0
0.840972725217964,0.1322851995,0.0399280995,0.1162655785,16411.0,809.0
0.8246463711547158,0.3915040945,0.032884487500000004,0.133933133,16411.0,809.0
0.8181894809187773,0.671958424,0.044753975,0.14363892,16411.0,809.0
0.8126454503249205,0.7564887140000001,0.082190393,0.1475417825,16411.0,809.0
0.8140273283388808,0.6866393035,0.1327913275,0.1466573935,16411.0,809.0
0.8199099899975861,0.451438731,0.190973375,0.14585352899999998,16411.0,809.0
0.813604217668205,0.181889929,0.2394132565,0.15326871250000002,16411.0,809.0
0.7846288192830134,0.002828777666666667,0.25599857966666667,0.172226281,16411.0,809.0
0.7254478775012393,0.0,0.25906255499999997,0.22373747,16411.0,809.0
0.7176956361742133,0.0,0.2253262365,0.27082239874999997,16411.0,809.0
0.8233281644834168,0.066766622,0.16459601866666665,0.31462454666666667,16411.0,809.0
0.8252714772846657,0.280181406,0.147298792,0.37151190749999996,16411.0,809.0
0.8178412425512701,0.500150812,0.1784218515,0.390074058,16411.0,809.0
0.8091704507014339,0.6169489105,0.24736499099999998,0.43815833800000004,16411.0,809.0
0.8035655090341575,0.5342610475,0.271391956,0.473813457,16411.0,809.0
0.8044426831666041,0.365527632,0.2422062115,0.488852038,16411.0,809.0
0.8056042031378562,0.198422774,0.199944239,0.507583572,16411.0,809.0
0.8014148846458465,0.056272718500000006,0.1756821465,0.527692968,16411.0,809.0
0.7688498983231795,0.0,0.1612954825,0.532236029,16411.0,809.0
0.7168497338750862,0.0,0.15371953766666666,0.44010747833333336,16411.0,809.0
0.7370167661793984,0.000912736,0.13253030375,0.47763943675000003,16411.0,809.0
0.8356914586699137,0.0469748455,0.13688307649999998,0.4474610925,16411.0,809.0
0.8236388558992164,0.103399316,0.155149138,0.488349748,16411.0,809.0
0.8072826852121193,0.23255814600000002,0.1658556965,0.558353249,16411.0,809.0
0.7913439224065453,0.39094682199999997,0.198826384,0.647500062,16411.0,809.0
0.7864065634944518,0.4834011525,0.2406743405,0.636414165,16411.0,809.0
0.7860165110243182,0.44159031699999995,0.27503711,0.699594242,16411.0,809.0
0.7876130449131427,0.29360922700000003,0.304303818,0.7585758415,16411.0,809.0
0.7921171407567157,0.0721892805,0.318299689,0.8081719095,16411.0,809.0
0.7625105469291251,0.0,0.309808604,0.80960215,16411.0,809.0
0.7182369128983124,0.0,0.32435924299999996,0.8072095095,16411.0,809.0
0.718146635028834,0.0,0.26067990375,0.73835275175,16411.0,809.0
0.8223350685695779,0.016387632,0.223480824,0.7363378895,16411.0,809.0
0.8309463694515005,0.133211709,0.219246261,0.7641670709999999,16411.0,809.0
0.8198075094102234,0.33200972,0.22150432566666667,0.7864252816666667,16411.0,809.0
0.8169611814025253,0.36942821449999996,0.2795875165,0.7899245465,16411.0,809.0
0.8136535332498371,0.270187092,0.34141461149999996,0.799180147,16411.0,809.0
0.8179725773546815,0.18044768049999999,0.409780932,0.816233609,16411.0,809.0
0.8178400595787381,0.149248692,0.449059167,0.837841343,16411.0,809.0
0.805561418757514,0.0490197885,0.4737705375,0.842212587,16411.0,809.0
0.770886580835106,0.0,0.498709956,0.837869923,16411.0,809.0
0.7104361802252135,0.0,0.5359803886666666,0.8220749543333333,16411.0,809.0
0.7025499813764666,0.0019994895,0.5308226345,0.7810468700000001,16411.0,809.0
0.7324969098984664,0.0817029415,0.5283796535,0.7404440355,16411.0,809.0
0.7643622487386638,0.202324456,0.505724901,0.717253294,16411.0,809.0
0.7710630191586378,0.2937104095,0.5427149515,0.6944947530000001,16411.0,809.0
0.7702797591417115,0.4309843926666667,0.565712785,0.6227796193333334,16411.0,809.0
0.7699524713861892,0.432550526,0.5660743165,0.581789589,16411.0,809.0
0.7803635079913853,0.3256180525,0.528562773,0.5827113705,16411.0,809.0
0.781722219459928,0.14691651849999998,0.479783786,0.5514353144999999,16411.0,809.0
0.7598442224546599,0.008381033666666668,0.3911700386666667,0.4596404956666667,16411.0,809.0
0.7387912526255902,0.0,0.3019212415,0.448208882,16411.0,809.0
0.7313075967000103,0.0,0.155750297,0.3266472265,16411.0,809.0
0.743647909422168,0.03794978733333333,0.083018512,0.19451989366666667,16411.0,809.0
0.7716741872543789,0.206104659,0.0890738305,0.15318103049999998,16411.0,809.0
0.7668538229173953,0.42911614200000003,0.1254013835,0.21573480499999997,16411.0,809.0
0.7641157416597413,0.53006641,0.180423166,0.19979095549999998,16411.0,809.0
0.7672174428272605,0.4325847265,0.213234731,0.17896763799999998,16411.0,809.0
0.7811814750941783,0.249514267,0.2491334945,0.2002276515,16411.0,809.0
0.7837318304987251,0.115430896,0.291547078,0.221519085,16411.0,809.0
0.7758924467386086,0.0312644135,0.326255356,0.287677893,16411.0,809.0
0.7400170909293825,0.0,0.359429647,0.3626657135,16411.0,809.0
0.7182726927088625,0.0,0.40547690733333336,0.5026411643333333,16411.0,809.0
0.7114030566187719,0.0,0.436556345,0.560333226,16411.0,809.0
0.7670367450156222,0.010520153,0.416450448,0.5424554385,16411.0,809.0
0.834915124454592,0.096988649,0.3837428063333333,0.5704431816666666,16411.0,809.0
0.8246016934384341,0.214112601,0.374105318,0.556933433,16411.0,809.0
0.8240365674537647,0.300957821,0.432015783,0.584934031,16411.0,809.0
0.8233571133455522,0.264732354,0.4323978555,0.5428088925000001,16411.0,809.0
0.8265413303679271,0.1716102425,0.3939869555,0.527615301,16411.0,809.0
0.8134822063672607,0.05706746266666667,0.38603965233333337,0.548629939,16411.0,809.0
0.776502313398882,0.0,0.359680367,0.5607625675,16411.0,809.0
0.7275212628129055,0.0,0.3416777153333333,0.5266492943333333,16411.0,809.0
0.7506836505334453,0.00103960975,0.276070403,0.5450482265000001,16411.0,809.0
0.8418932518143758,0.06565731799999999,0.22157214749999998,0.6253990389999999,16411.0,809.0
0.8256027089032706,0.231598851,0.2176147026666667,0.670939588,16411.0,809.0
0.8224025344540336,0.37962107625,0.335605302,0.7111233875,16411.0,809.0
0.8226559038919978,0.3645395815,0.4287758325,0.7386441509999999,16411.0,809.0
0.8222922367626408,0.2094258225,0.4233160795,0.7276202775,16411.0,809.0
0.808283905570891,0.063886539,0.418378312,0.715897145,16411.0,809.0
0.7777573058039167,0.0,0.4063963705,0.6951014885,16411.0,809.0
0.7384256607496668,0.0,0.42872592933333337,0.662211938,16411.0,809.0
0.7389402879040345,0.0,0.350694061,0.6236080079999999,16411.0,809.0
0.7919665673240355,0.002776822,0.30573832850000005,0.599514629,16411.0,809.0
0.839978036060482,0.137198311,0.2632366476666667,0.5417521136666666,16411.0,809.0
0.8227147797638995,0.3840171585,0.28890457199999997,0.5149819689999999,16411.0,809.0
0.8195737729257053,0.476288684,0.31347737750000004,0.510800089,16411.0,809.0
0.8183330577206153,0.46481241766666664,0.29819711200000004,0.50831881,16411.0,809.0
0.8210675658296185,0.3001113256666667,0.24751674199999998,0.44269133299999996,16411.0,809.0
0.8088731373132384,0.0959117155,0.18690534050000002,0.4173778975,16411.0,809.0
0.781439790566808,0.0,0.15874517,0.377783021,16411.0,809.0
0.742126445481841,0.0,0.14544514933333333,0.34506857266666663,16411.0,809.0
0.7665343126401891,0.00220216225,0.115182755,0.317808649,16411.0,809.0
0.845516718632684,0.12356265550000001,0.100006283,0.32286995549999997,16411.0,809.0
0.8288718951920799,0.262773589,0.077613837,0.335668465,16411.0,809.0
0.8227407627034806,0.4660465465,0.0877000365,0.3898508555,16411.0,809.0
0.8195696555102803,0.591489625,0.10101150549999999,0.446061445,16411.0,809.0
0.8177850644034933,0.5923294100000001,0.11323487800000001,0.4745212585,16411.0,809.0
0.8197084205492535,0.464806079,0.1077226325,0.441818544,16411.0,809.0
0.8212968848754494,0.263082946,0.093263078,0.37036475599999996,16411.0,809.0
0.8085510239579938,0.084482192,0.08249688799999999,0.3396400045,16411.0,809.0
0.7809942460812502,0.0,0.09323874500000001,0.379055217,16411.0,809.0
0.7490421789104793,0.0,0.0871328865,0.3605162645,16411.0,809.0
0.744359728004792,0.000382646,0.08444031100000002,0.33826419225000004,16411.0,809.0
0.8388820652351031,0.0531688175,0.079045196,0.353479557,16411.0,809.0
0.8330422353833347,0.250276931,0.0734216455,0.37219324,16411.0,809.0
0.8239687310619808,0.49706482,0.0770057665,0.3709629975,16411.0,809.0
0.8215173854050448,0.645382221,0.0685884235,0.33512274649999996,16411.0,809.0
0.819361412787976,0.6014045305,0.09393591500000001,0.351506949,16411.0,809.0
0.8213047729467856,0.4520173123333333,0.08909623033333332,0.327066208,16411.0,809.0
0.8163613010434629,0.20291723,0.06729811150000001,0.309371079,16411.0,809.0
0.7920020711352752,0.025577304999999998,0.06834939233333333,0.34177421066666663,16411.0,809.0
0.7371906407399514,0.0,0.06739409266666667,0.37832977933333334,16411.0,809.0
0.7275064848723412,0.0049223339999999996,0.07657802725000001,0.415098587,16411.0,809.0
0.7492903662163191,0.1106510965,0.0784686355,0.40847881649999995,16411.0,809.0
0.7817526590497041,0.3863726273333333,0.06612589366666666,0.3412528306666667,16411.0,809.0
0.7820416821034364,0.5911208400000001,0.0714075575,0.3510957635,16411.0,809.0
0.7749455113987769,0.58485522,0.092471182,0.313901429,16411.0,809.0
0.7783255474466342,0.495217252,0.104178831,0.20775527249999998,16411.0,809.0
0.7889713065538948,0.3114912475,0.101827268,0.132251963,16411.0,809.0
0.7859864817056528,0.121708384,0.099273022,0.11716241250000001,16411.0,809.0
0.7554260895578799,0.0,0.095277519,0.10740973449999999,16411.0,809.0
0.7407965332089742,0.0,0.084631925,0.10465327866666667,16411.0,809.0
0.734810069990719,0.005616217749999999,0.08217424949999999,0.100508688,16411.0,809.0
0.7547580807917552,0.128890141,0.070438259,0.093548554,16411.0,809.0
0.7784421713073127,0.44339994833333335,0.05547332733333333,0.09551523966666668,16411.0,809.0
0.770359017541975,0.6200171649999999,0.058013927,0.14710857900000002,16411.0,809.0
0.7651366268658264,0.6520101695,0.0726941705,0.203894768,16411.0,809.0
0.7698635185619243,0.5626402564999999,0.079361373,0.228972978,16411.0,809.0
0.7809443390133521,0.35237960300000004,0.087175154,0.2348036775,16411.0,809.0
0.777750419420923,0.15253984,0.08747038300000001,0.2292756285,16411.0,809.0
0.7500750854121907,0.000759171,0.0756637315,0.18832025749999998,16411.0,809.0
0.7457565146413312,0.0,0.06190133725,0.14023607425,16411.0,809.0
0.7558425981980279,0.0024517815,0.06721519649999999,0.133097732,16411.0,809.0
0.8412369093692766,0.07193997199999999,0.0753419485,0.13201456350000002,16411.0,809.0
0.832242773557966,0.285446249,0.0671342605,0.1130830305,16411.0,809.0
0.8175267017113719,0.533485661,0.1014763255,0.14047351,16411.0,809.0
0.8058696807856869,0.6604610196666667,0.19528991166666665,0.18946564333333335,16411.0,809.0
0.80265875499663,0.5904366135,0.244273662,0.300226909,16411.0,809.0
0.8091747576161354,0.41977820450000003,0.28123568050000003,0.3776838905,16411.0,809.0
0.805937202035687,0.166821152,0.31781831233333335,0.45418893866666665,16411.0,809.0
0.7696976110134808,0.001030556,0.3572412385,0.46297588,16411.0,809.0
0.6634209231987226,0.0,0.429763798,0.394545481,13841.0,682.3333333333334
0.6728906169708742,0.015538727749999998,0.5053293995,0.48418998150000003,8701.0,429.0
0.7780106044126432,0.12686519100000002,0.560804326,0.6157798425,8701.0,429.0
0.8032266732824764,0.25947255933333335,0.5728766346666666,0.6675466503333333,8701.0,429.0
0.8003357940984505,0.36461282533333333,0.5651227246666667,0.610947494,8701.0,429.0
0.7987725239254123,0.3454717815,0.5409545015,0.591566474,8701.0,429.0
0.8046470132293497,0.19654425900000003,0.463642557,0.6094992659999999,8701.0,429.0
0.7964715390063406,0.05968968250000001,0.3959538215,0.639627796,8701.0,429.0
0.7621238783154689,0.00100334,0.3662615215,0.6534682105,8701.0,429.0
0.6831181162782802,0.0,0.31565435399999997,0.666707122,8701.0,429.0
0.6735943819723205,0.002340761,0.28575042900000003,0.6619339362500001,8701.0,429.0
0.7554438375975764,0.09438018033333334,0.253722093,0.572068052,8701.0,429.0
0.8001318743068158,0.3695494375,0.29152515749999997,0.4972681315,8701.0,429.0
0.798120346322333,0.5710184595000001,0.40198868099999996,0.42274313900000005,8701.0,429.0
0.794279739221161,0.6210023,0.5073131655,0.3275599645,8701.0,429.0
0.7933857636479533,0.5454198175,0.555177783,0.28262647350000003,8701.0,429.0
0.7981231544323751,0.36909143133333333,0.5721929883333333,0.3560933946666667,8701.0,429.0
0.7903749794698762,0.133052056,0.601551528,0.5509700165,8701.0,429.0
0.7518555827132986,0.001540045,0.6323749375000001,0.6707577305,8701.0,429.0
0.6694264791766762,0.0,0.661781921,0.7009312670000001,8701.0,429.0
0.6608266672320303,0.002187883,0.63452899425,0.7108086405,8701.0,429.0
0.73282813371619,0.0724282695,0.5967814485,0.729070621,8701.0,429.0
0.7986809920470612,0.1878102435,0.5832740025,0.7519547095,8701.0,429.0
0.8003684818606983,0.372121951,0.6100417363333334,0.8384270206666667,8701.0,429.0
0.7971394769432274,0.423272274,0.613724561,0.801818813,8701.0,429.0
0.7970268365023107,0.406331228,0.564919028,0.796652126,8701.0,429.0
0.8011416293816312,0.28121883999999997,0.43602129566666664,0.7665497566666666,8701.0,429.0
0.7934031091483855,0.110377056,0.366435132,0.7080640555,8701.0,429.0
0.7603364006065898,0.0015392795,0.341197988,0.6893967075,8701.0,429.0
0.6810423722701562,0.0,0.2964872296666667,0.644243877,8701.0,429.0
0.6901649714013077,0.00668197,0.20694809125000002,0.620225319,8701.0,429.0
0.7792444886693184,0.1038481645,0.1792214185,0.637456208,8701.0,429.0
0.8021055397145667,0.2682704555,0.16867980049999998,0.65303267,8701.0,429.0
0.8003697911660813,0.520107511,0.20387003399999998,0.6328567119999999,8701.0,429.0
0.7959076276809673,0.5747582415,0.268048662,0.608565393,8701.0,429.0
0.794727271274539,0.45068835949999997,0.2845243235,0.577565117,8701.0,429.0
0.7988811255810226,0.23871709700000002,0.27686165300000004,0.5580220073333333,8701.0,429.0
0.7903529482632927,0.0766200725,0.2791458335,0.583675962,8701.0,429.0
0.7506930688545849,0.001699728,0.2940536415,0.6777593865,8701.0,429.0
0.6516047308198194,0.0,0.271394139,0.7341988835,8701.0,429.0
0.627646229819321,0.001738492,0.26691863425,0.83834114,8701.0,429.0
0.6513136408778047,0.06554680966666666,0.27103231466666666,0.8731988673333334,8701.0,429.0
0.7126610306861916,0.24935708099999998,0.26070417749999997,0.880106652,8701.0,429.0
0.7277360129196506,0.385179325,0.27023774349999996,0.8867945989999999,8701.0,429.0
0.7245553216193316,0.404429883,0.336667659,0.8906614785,8701.0,429.0
0.724077547138266,0.366434288,0.3998198865,0.871517834,8701.0,429.0
0.7296684954748236,0.2925329363333334,0.43546872600000003,0.8364180449999999,8701.0,429.0
0.7342314042309758,0.1111926895,0.49084739,0.8768215690000001,8701.0,429.0
0.6851183563189812,0.000838458,0.5153813905,0.9098346709999999,8701.0,429.0
0.6231685780647522,0.0,0.511102068,0.9190711596666666,8701.0,429.0
0.628422583709431,0.012228291,0.475199142,0.9167937565,8701.0,429.0
0.656978617986872,0.0555876525,0.44053064200000003,0.896206388,8701.0,429.0
0.6995216860155299,0.109927381,0.39724399,0.808292669,8701.0,429.0
0.7275328819144392,0.205804229,0.4134059235,0.6731174325,8701.0,429.0
0.7255274593274079,0.34708897650000003,0.4167797965,0.5863644560000001,8701.0,429.0
0.7245278715618556,0.4448022065,0.42476923450000004,0.5215605245,8701.0,429.0
0.7240063896422239,0.4222737295,0.388715652,0.471913106,8701.0,429.0
0.7319038921055487,0.2915174225,0.332409021,0.4373088165,8701.0,429.0
0.7332462515469147,0.113300817,0.293582699,0.41409119299999997,8701.0,429.0
0.7220390659364865,0.002773851,0.3217852165,0.4121805665,8701.0,429.0
0.6639898354410652,0.0,0.380687474,0.4496234295,8701.0,429.0
0.6477480717837673,0.0004207586666666666,0.45824917233333334,0.7139918743333333,8701.0,429.0
0.6705003479662341,0.010183764500000001,0.4843964235,0.8048112430000001,8701.0,429.0
0.768399526680098,0.1000577225,0.41480404950000005,0.787770982,8701.0,429.0
0.7964055638495258,0.24561745499999998,0.3996360925,0.6937010315000001,8701.0,429.0
0.7930141218091573,0.3485482105,0.38446269850000003,0.5874472550000001,8701.0,429.0
0.7898037559576708,0.390078629,0.309769801,0.58452816825,8701.0,429.0
0.7890119610866322,0.32659259900000004,0.275136905,0.60612102,8701.0,429.0
0.7936047970596538,0.21552473,0.247497452,0.563407053,8701.0,429.0
0.7858304890078739,0.10393170799999998,0.2483920725,0.486998547,8701.0,429.0
0.7414803966788559,0.004015024,0.2250889095,0.3572765445,8701.0,429.0
0.6592952921343764,0.0,0.22979868066666667,0.2987088626666667,8701.0,429.0
0.6480987079902056,0.000599266,0.2274291035,0.31476475000000004,8701.0,429.0
0.6706638183261697,0.0306663595,0.2468709575,0.326818124,8701.0,429.0
0.7675716915319264,0.239854937,0.2515807615,0.399734222,8701.0,429.0
0.7965129032811764,0.5154843885,0.275758305,0.455959066,8701.0,429.0
0.7957203512414444,0.7319741099999999,0.3556391445,0.4905128585,8701.0,429.0
0.7970410822916285,0.8463541295,0.432764262,0.4536658845,8701.0,429.0
0.7961265188128834,0.7761905149999999,0.489484681,0.42717020299999997,8701.0,429.0
0.7954249784086802,0.5631795865,0.513375567,0.4379154785,8701.0,429.0
0.8000205591182156,0.34684701,0.510817547,0.526002477,8701.0,429.0
0.793928211643263,0.183867995,0.5489843755,0.6620198465,8701.0,429.0
0.7435088917865272,0.006486591,0.5671049095,0.740661622,8701.0,429.0
0.6631293994448854,0.0,0.575295167,0.7957990543333334,8701.0,429.0
0.6510438247665771,0.001433966,0.5349902635,0.8204177555000001,8701.0,429.0
0.6730129356472387,0.067366686,0.5109823905,0.842382873,8701.0,429.0
0.7714982695878754,0.3020985645,0.4812244755,0.8041977725,8701.0,429.0
0.798188592985228,0.615896384,0.43888652949999996,0.6957076,8701.0,429.0
0.7989858305240082,0.8583782675,0.5448206065000001,0.614999013,8701.0,429.0
0.796760286198831,0.9415313595,0.6368596225,0.4695293075,8701.0,429.0
0.7980412141168518,0.7898188115,0.6623985145,0.3369530905,8701.0,429.0
0.795637432985393,0.532306586,0.6134963609999999,0.32776892150000003,8701.0,429.0
0.7966983971158489,0.24693586666666664,0.5466389916666666,0.34487119966666663,8701.0,429.0
0.7459120812246172,0.0088966685,0.5475914735,0.47494747449999997,8701.0,429.0
0.6631908626549947,0.0,0.585846296,0.687210776,8701.0,429.0
0.6511972618129127,0.0014113275,0.5729195205,0.70620514,8701.0,429.0
0.6981858258815867,0.11866127033333333,0.5289983033333333,0.711605193,8701.0,429.0
0.7930304972389768,0.421730666,0.4501479075,0.671040751,8701.0,429.0
0.7936862481978101,0.6922375949999999,0.497533551,0.63365341,8701.0,429.0
0.7918832940933833,0.8582475393333334,0.6275716453333333,0.6322151303333333,8701.0,429.0
0.7888437580081565,0.7565027255,0.6308078125000001,0.5809079340000001,8701.0,429.0
0.7874373401485584,0.48174051,0.570385804,0.5890967775,8701.0,429.0
0.7881341085536794,0.18105747466666666,0.5016385250000001,0.6072402266666667,8701.0,429.0
0.739727444495517,0.009189156,0.4566865755,0.6244634179999999,8701.0,429.0
0.6641817497459384,0.0,0.4394620385,0.606166788,8701.0,429.0
0.6494980265648908,0.008602578,0.35446060125,0.5047205355,8701.0,429.0
0.7162614251909626,0.0849552835,0.2656708675,0.4552562175,8701.0,429.0
0.7909982633002273,0.169175809,0.227003821,0.3074076,8701.0,429.0
0.7974567153001475,0.220615439,0.204473461,0.162376489,8701.0,429.0
0.795447790393703,0.290754102,0.19051122199999998,0.2009673485,8701.0,429.0
0.7903374010385074,0.3119865305,0.17867777299999998,0.298906824,8701.0,429.0
0.789046273917356,0.296714456,0.15756856949999998,0.33003599699999997,8701.0,429.0
0.7894698422167031,0.20336501666666665,0.14487042733333333,0.4535553826666667,8701.0,429.0
0.7859688756696035,0.0889927295,0.1452468965,0.58853168,8701.0,429.0
0.7460524082346751,0.0053528305,0.1270743975,0.5622616885,8701.0,429.0
0.6427466389897485,0.0,0.105167045,0.3752146246666667,8701.0,429.0
0.6300283937431622,0.013174293,0.109966695,0.15984692825,8701.0,429.0
0.6725442481569749,0.163740863,0.11166291633333332,0.07424808066666666,8701.0,429.0
0.728106945016348,0.4330304015,0.10885787799999999,0.074285592,8701.0,429.0
0.7248788784827254,0.62703674825,0.12586829375,0.071839875,8701.0,429.0
0.7248793281034129,0.535201719,0.1371760365,0.0503141175,8701.0,429.0
0.7324277401773476,0.2870306675,0.1264831545,0.051886986499999996,8701.0,429.0
0.7319810837555984,0.1209659335,0.10971860350000001,0.046515169499999995,8701.0,429.0
0.7211375414576784,0.0105117195,0.0966466175,0.0698925115,8701.0,429.0
0.6453143953293063,0.0,0.07726833733333334,0.12220535799999999,8701.0,429.0
0.6315026796813085,0.016885675,0.0913602535,0.13521041825,8701.0,429.0
0.6583840183492626,0.13959864849999998,0.10634450649999999,0.132123977,8701.0,429.0
0.7082221994289225,0.3390352725,0.1006583385,0.11602632900000001,8701.0,429.0
0.7262500606604787,0.4800375005,0.14893900100000002,0.144381421,8701.0,429.0
0.7317297806536418,0.48011550633333333,0.22625791800000003,0.21355502433333332,8701.0,429.0
0.7333810176333986,0.40626172,0.2576252175,0.29197354,8701.0,429.0
0.7413860960400392,0.2994950175,0.23206034250000002,0.342220155,8701.0,429.0
0.7408626499552301,0.170462538,0.204673776,0.279073218,8701.0,429.0
0.6945383480552387,0.00827248325,0.220703982,0.1513255935,8701.0,429.0
0.6522685747439242,0.001614817,0.20565719766666668,0.157800026,8701.0,429.0
0.674011032478047,0.0592905625,0.1797425305,0.188282991,8701.0,429.0
0.7716079519761531,0.2062360015,0.147934864,0.173976197,8701.0,429.0
0.7989409637226561,0.42706896299999997,0.125991779,0.1467405685,8701.0,429.0
0.7988875779450908,0.6712016615,0.1550696465,0.129583914,8701.0,429.0
0.7977516151095813,0.721746207,0.205244974,0.1066815745,8701.0,429.0
0.7966537511553657,0.6218054749999999,0.189478008,0.0808347905,8701.0,429.0
0.7953891512405695,0.472557448,0.1156126565,0.055856654500000005,8701.0,429.0
0.7950349338084619,0.22880147333333334,0.056254375999999995,0.06965500233333333,8701.0,429.0
0.7390179766013666,0.020079007,0.0460260765,0.19872122949999999,8701.0,429.0
0.6607356360252646,0.0,0.061801353333333336,0.21373326,8701.0,429.0
0.658193795765525,0.02915365325,0.08202896075,0.12914402675,8701.0,429.0
0.7702211987567653,0.238234893,0.080211429,0.1132939275,8701.0,429.0
0.7984967919160098,0.5396659145,0.073539345,0.1101492345,8701.0,429.0
0.7999009143491271,0.789274872,0.08199817225,0.09991008074999999,8701.0,429.0
0.8033018929664677,0.7674733515,0.10120075049999999,0.17757966,8701.0,429.0
0.7996699543914384,0.545749119,0.0996781935,0.1614194265,8701.0,429.0
0.7966284937667482,0.26944279466666665,0.07746605766666666,0.09147862566666666,8701.0,429.0
0.7406227689307872,0.0275109815,0.06385856349999999,0.049769391499999996,8701.0,429.0
0.6612306222182024,0.0,0.06848231833333333,0.1305094973333333,8701.0,429.0
0.6500247382503448,0.0020110165,0.0989373425,0.262208017,8701.0,429.0
0.6975196865655183,0.10050499266666667,0.16263084900000002,0.38282517233333335,8701.0,429.0
0.7931072864878309,0.321544312,0.21918928399999998,0.6309465275,8701.0,429.0
0.794690024208025,0.48719812,0.314209898,0.7151627565,8701.0,429.0
0.7927153649128127,0.4690865385,0.4179980645,0.7151159005000001,8701.0,429.0
0.7892458079570676,0.3890370745,0.527559458,0.6959936870000001,8701.0,429.0
0.7876028457100122,0.291809739,0.6147322909999999,0.6212786045,8701.0,429.0
0.7920182964844293,0.193386681,0.6347717505,0.5556153865,8701.0,429.0
0.7849729559058918,0.100166166,0.5995645825,0.466335567,8701.0,429.0
0.7438066786122592,0.018856112,0.517432153,0.35395258949999997,8701.0,429.0
0.6646120309449709,0.0,0.4132672725,0.2469697965,8701.0,429.0
0.6571316170102901,0.009060687750000001,0.3209710975,0.21334439275,8701.0,429.0
0.7263300210709941,0.1421131975,0.2495629615,0.25494804449999997,8701.0,429.0
0.7945936175384525,0.3326882585,0.21020068949999998,0.328334417,8701.0,429.0
0.7972870923232687,0.581445939,0.1892929575,0.38444534799999996,8701.0,429.0
0.7929581408925035,0.813729171,0.21672435366666667,0.459226393,8701.0,429.0
0.787923752068773,0.7621324245000001,0.318921465,0.5684291509999999,8701.0,429.0
0.7874967602872343,0.554516236,0.37659134800000005,0.624713317,8701.0,429.0
0.787918893017382,0.2640594163333333,0.35578381566666667,0.6655400886666667,8701.0,429.0
0.7443011124614044,0.0242312855,0.2941480065,0.5209861675,8701.0,429.0
0.6617094222044596,0.0,0.24681747066666668,0.41975666833333336,8701.0,429.0
0.65901487469496,0.00089341,0.2074137305,0.2601931355,8701.0,429.0
0.7082599830993983,0.091272225,0.15995832866666668,0.16287360966666667,8701.0,429.0
0.7935366212259966,0.34499575400000004,0.11924221800000001,0.1686764595,8701.0,429.0
0.7952875856344123,0.5743189230000001,0.14030896250000002,0.3086017245,8701.0,429.0
0.7913325990481445,0.725903355,0.18007800375,0.3503785735,8701.0,429.0
0.7880884766446843,0.6179469315,0.206123777,0.30342296950000003,8701.0,429.0
0.7920323293718279,0.4076451505,0.1902784055,0.23076375100000002,8701.0,429.0
0.7866789352571227,0.18925419300000001,0.1697051135,0.2064917775,8701.0,429.0
0.7435776354967045,0.026618102,0.14448810550000002,0.268931164,8701.0,429.0
0.6465131148714431,0.0,0.13367149766666667,0.41700260600000005,8701.0,429.0
0.640004996319282,0.02581493825,0.18536641199999998,0.66623882125,8701.0,429.0
0.6584269445951833,0.20068678499999998,0.210000898,0.729708784,8701.0,429.0
0.7081176523674835,0.4187138335,0.2480378165,0.7152329005,8701.0,429.0
0.7253062724583565,0.5937824469999999,0.3032458435,0.6328639885,8701.0,429.0
0.7272217249310186,0.6596374585,0.342983075,0.449394232,8701.0,429.0
0.7282733968315656,0.5713012614999999,0.37385644,0.3493306455,8701.0,429.0
0.7334633523421336,0.42485573233333335,0.33259069933333335,0.31064772566666665,8701.0,429.0
0.7330174687598742,0.208019598,0.26871343000000003,0.373713999,8701.0,429.0
0.7204569909460021,0.0344519005,0.232852757,0.5422100034999999,8701.0,429.0
0.6431882077873912,0.0,0.223012968,0.725483788,8701.0,429.0
0.628706491732422,0.0228469815,0.30039881599999996,0.8586356315000001,8701.0,429.0
0.6583460375166981,0.15894889499999998,0.35415894000000003,0.9001658834999999,8701.0,429.0
0.7088547598183861,0.36034064899999996,0.3869839445,0.9011719665,8701.0,429.0
0.7263943396106374,0.458151254,0.5239026575,0.89749137,8701.0,429.0
0.7283327225312577,0.5029983060000001,0.6211254245,0.901105423,8701.0,429.0
0.7281836632288612,0.4736904825,0.6628999765000001,0.9007342315,8701.0,429.0
0.7313696789410891,0.3611297195,0.6368308205,0.8886680775,8701.0,429.0
0.7349849108595127,0.16568031733333335,0.569042295,0.865952932,8701.0,429.0
0.718781751069741,0.0192225005,0.51294699,0.8494520135,8701.0,429.0
0.6611362031164499,0.0,0.4245060136666667,0.869360377,8701.0,429.0
0.6611381436718815,0.02914402925,0.35433798125,0.833660191,8701.0,429.0
0.770944226307881,0.219594742,0.309221847,0.8678179605,8701.0,429.0
0.7983998643823058,0.4228400725,0.3505882165,0.8650545725000001,8701.0,429.0
0.7985340387754205,0.5993570964999999,0.351230387,0.7536191585,8701.0,429.0
0.7961757399555318,0.7035241415,0.3918416315,0.6327411549999999,8701.0,429.0
0.7948321260910871,0.6859432955,0.3750185985,0.5556588205,8701.0,429.0
0.7951579072410693,0.5007155765,0.321561486,0.48156793350000004,8701.0,429.0
0.7925029259378618,0.19291048200000002,0.21985112133333332,0.39358687533333336,8701.0,429.0
0.738579152816375,0.020669761,0.1600014315,0.3588573425,8701.0,429.0
0.6593095219077262,0.0,0.08849949433333333,0.2768853743333333,8701.0,429.0
0.6586281233436416,0.018048543,0.06076400875,0.17045447375000003,8701.0,429.0
0.768347252838724,0.143000807,0.066307865,0.1751714035,8701.0,429.0
0.7969504968741441,0.294229886,0.109482213,0.316336011,8701.0,429.0
0.794367461232093,0.409420161,0.1736112595,0.38860933,8701.0,429.0
0.7955588056280752,0.41379334399999995,0.20647807933333331,0.4432479733333334,8701.0,429.0
0.795910419844076,0.4610041045,0.30814933450000004,0.5036652575,8701.0,429.0
0.7956724791679614,0.40537355249999996,0.35468306699999996,0.4897779635,8701.0,429.0
0.7936364751255752,0.21748691466666667,0.3326956683333333,0.4391778503333333,8701.0,429.0
0.7396279140908779,0.0411201755,0.278370489,0.39441251,8701.0,429.0
0.6648012003062276,0.0,0.19330708600000002,0.32507323200000005,8701.0,429.0
0.649431329757553,0.010570807250000001,0.16895872925,0.29676324875,8701.0,429.0
0.7172234817446379,0.1451357995,0.1266155665,0.261234247,8701.0,429.0
0.7877162667222652,0.286693502,0.10820553,0.23746114,8701.0,429.0
0.7967623211932461,0.463366881,0.0986717035,0.21468479699999998,8701.0,429.0
0.793027823124598,0.6995738515000001,0.1048080045,0.2021444,8701.0,429.0
0.793411817623875,0.791180075,0.147479288,0.269460894,8701.0,429.0
0.7932328946852407,0.720767835,0.1686054525,0.327413532,8701.0,429.0
0.7929011738202347,0.5723594755,0.16686152399999998,0.3308035145,8701.0,429.0
0.7918324795690234,0.29584800033333336,0.12300224266666666,0.24459836666666668,8701.0,429.0
0.7401519280522071,0.0613422955,0.091471973,0.1635649225,8701.0,429.0
0.6640407363964247,0.0,0.054984937,0.1113976045,8701.0,429.0
0.651458594362546,0.0072734079999999994,0.087957396,0.21210760875,8701.0,429.0
0.7175573088475029,0.1440003945,0.11615320700000001,0.23711954600000001,8701.0,429.0
0.7928559284345358,0.3334809135,0.1044489475,0.221940261,8701.0,429.0
0.7964620733621574,0.6167823006666667,0.1760190713333333,0.19934112466666667,8701.0,429.0
0.797218608838054,0.737706931,0.24164354875,0.17304275075000003,8701.0,429.0
0.7968229953407947,0.5691371494999999,0.215070353,0.17456285100000002,8701.0,429.0
0.7960773137552373,0.2907851023333333,0.1659404746666667,0.18783673233333334,8701.0,429.0
0.7421671710509191,0.060991446500000004,0.119676715,0.320066859,8701.0,429.0
0.6613477900695176,0.0,0.09141383233333333,0.44955514599999996,8701.0,429.0
0.6481852706383516,0.0077066755,0.1007589285,0.470398007,8701.0,429.0
0.6701032200280364,0.111125724,0.1059487985,0.485971146,8701.0,429.0
0.7709845496828664,0.3026008615,0.1128747145,0.5024161965,8701.0,429.0
0.8009538641789473,0.5904411285,0.163372391,0.5619260454999999,8701.0,429.0
0.8021228618123559,0.8277248015,0.24784904200000002,0.6048441874999999,8701.0,429.0
0.8098951820892126,0.916660985,0.3009266685,0.6191895015,8701.0,429.0
0.8135358761521204,0.77612294,0.347327047,0.5461711466666667,8701.0,429.0
0.8112930571557486,0.4690523295,0.35448581700000004,0.3948148245,8701.0,429.0
0.7998143515974296,0.2155798445,0.33468661,0.350635245,8701.0,429.0
0.7498940092233087,0.049947376,0.2976009995,0.31804810699999997,8701.0,429.0
0.6463583528489284,0.0,0.28869403333333327,0.299221056,8701.0,429.0
0.6262834599597182,0.0054103205,0.289876342,0.3822146195,8701.0,429.0
0.6326996954558164,0.07721801850000001,0.282552445,0.3986033565,8701.0,429.0
0.663991349985555,0.2567312365,0.2407156345,0.379605655,8701.0,429.0
0.7163169169992838,0.512183792,0.2123847715,0.3991584965,8701.0,429.0
0.7349387660943703,0.7357863625000001,0.20993848850000002,0.3875113195,8701.0,429.0
0.7409100253956368,0.787087604,0.22458696299999997,0.39082929050000004,8701.0,429.0
0.7451351710557571,0.755008348,0.2663418815,0.4591652585,8701.0,429.0
0.7501099425096888,0.5762187095,0.28245320799999996,0.4562403765,8701.0,429.0
0.747764627048055,0.2695438776666667,0.2640774453333334,0.3805319483333333,8701.0,429.0
0.7261735551427817,0.0482041695,0.2039633865,0.333708303,8701.0,429.0
0.6459608778060452,0.0,0.15351978733333335,0.26926833366666664,8701.0,429.0
0.6296358803712233,0.04133576,0.140797613,0.2950118725,8701.0,429.0
0.6650382889604589,0.2516439695,0.14695887800000001,0.293414818,8701.0,429.0
0.7199748385138942,0.4680115505,0.16621123799999998,0.3041087415,8701.0,429.0
0.7399899246030635,0.665635513,0.2013648235,0.3241156535,8701.0,429.0
0.7483404490069998,0.732799838,0.2342889665,0.3133019125,8701.0,429.0
0.7497583911149418,0.613669573,0.245242235,0.282151421,8701.0,429.0
0.7502584573382081,0.44060228199999996,0.23274147950000001,0.24421616299999999,8701.0,429.0
0.7491141332009287,0.23299180633333338,0.21921898366666667,0.23989172066666667,8701.0,429.0
0.7308694946690932,0.047733626,0.23616317799999997,0.195019197,8701.0,429.0
0.6640476383811803,0.0,0.20817415833333333,0.21918008266666666,8701.0,429.0
0.653889553418094,0.006816403,0.200745547,0.28173103450000003,8701.0,429.0
0.7016302831921921,0.12408026733333333,0.183138701,0.35523779133333333,8701.0,429.0
0.7992803043225004,0.32748725700000003,0.13755589750000002,0.3916594765,8701.0,429.0
0.8007442491919378,0.5436585515,0.180151008,0.42113660350000004,8701.0,429.0
0.8037286008097464,0.6884641455,0.2122090985,0.38330521824999997,8701.0,429.0
0.7988801947219177,0.5313665224999999,0.2172533545,0.440855977,8701.0,429.0
0.7982404169988115,0.3194585625,0.198364317,0.404067356,8701.0,429.0
0.7950325831890226,0.148916097,0.204208532,0.43981997500000003,8701.0,429.0
0.7444857858228893,0.044758311,0.21118943699999998,0.5262348775000001,8701.0,429.0
0.663212160164562,0.0,0.23645610266666664,0.5758644653333332,8701.0,429.0
0.6514941255804207,0.0035900085,0.2586343775,0.5103587669999999,8701.0,429.0
0.7001427691000041,0.11229172366666666,0.2765315486666667,0.43778759899999997,8701.0,429.0
0.796693506446728,0.327407744,0.28292895900000004,0.467254292,8701.0,429.0
0.800501788561134,0.5425876136666666,0.3395398213333333,0.5097722333333333,8701.0,429.0
0.8105639086744542,0.5699760303333333,0.3658039106666666,0.5103571303333333,8701.0,429.0
0.815984334792758,0.443660043,0.3600601865,0.479918858,8701.0,429.0
0.8193589517826194,0.3156584995,0.35310488799999995,0.48193273950000004,8701.0,429.0
0.8064729529401763,0.1852167415,0.314183596,0.45907856599999997,8701.0,429.0
0.7527025852472954,0.0523571565,0.262849178,0.435357349,8701.0,429.0
0.6654860105131134,0.0,0.23633320566666668,0.3670341763333333,8701.0,429.0
0.6543287557874322,0.001021389,0.24411345950000002,0.344852814,8701.0,429.0
0.70398566365419,0.12034699033333333,0.23482886699999997,0.3622546563333333,8701.0,429.0
0.8039983222748873,0.36164737300000005,0.18636092399999998,0.4134724145,8701.0,429.0
0.8130729151297895,0.6041522495,0.2143607355,0.4459971055,8701.0,429.0
0.8505011923805323,0.772459422,0.177792643,0.4740340023333333,8701.0,429.0
0.8566177479910964,0.723775362,0.171228522,0.5357432769999999,8701.0,429.0
0.8491430252477984,0.528830138,0.161346214,0.565468682,8701.0,429.0
0.8276381532842235,0.27914022166666663,0.14707568999999998,0.5578097103333334,8701.0,429.0
0.7558237853725975,0.074134707,0.1439486205,0.4277447855,8701.0,429.0
0.6704995669806917,0.00058783,0.13725906100000002,0.2984490525,8701.0,429.0
0.6577201505047573,0.02332806075,0.184229998,0.22047352525000002,8701.0,429.0
0.7260053994909009,0.21728569450000002,0.198218128,0.389393382,8701.0,429.0
0.8038038521114675,0.4444906275,0.15295021199999997,0.3709240415,8701.0,429.0
0.8176267527730392,0.688341465,0.2179421975,0.23173523150000003,8701.0,429.0
0.8431719318360622,0.7580958130000001,0.20937842675,0.13608896825,8701.0,429.0
0.841035623859204,0.582890889,0.236439645,0.1469005035,8701.0,429.0
0.8335870261281685,0.3999197405,0.192339205,0.0657843355,8701.0,429.0
0.815213032766964,0.19115405400000002,0.14627507950000002,0.0872378895,8701.0,429.0
0.7536495918305706,0.054740335,0.14972808599999998,0.10720940849999999,8701.0,429.0
0.6415890827979871,0.001889219,0.10783363374999999,0.09609423075000001,7625.0,376.0
0.634574777126898,0.031590992,0.085374896,0.07437065649999999,6549.0,323.0
0.6956151037575431,0.1518663375,0.0953968375,0.0833823775,6549.0,323.0
0.7774072215270648,0.35876936433333334,0.11870416166666668,0.06610571366666666,6549.0,323.0
0.7979086014877188,0.5369213565,0.1684388745,0.0906382125,6549.0,323.0
0.8133433937636239,0.5884483815,0.19941426350000002,0.137119079,6549.0,323.0
0.8133868880931677,0.5295925465,0.247295818,0.20923443,6549.0,323.0
0.8124895050537365,0.4017266395,0.264448759,0.2567955355,6549.0,323.0
0.7899510560578595,0.21901704166666666,0.22915693199999998,0.2693837986666667,6549.0,323.0
0.7244522891023824,0.053587593,0.188186839,0.23450672449999999,6549.0,323.0
0.6264869380696151,0.0,0.162609394,0.19904243200000002,6549.0,323.0
0.6067969784777367,0.03818778675,0.1773793635,0.23356366075,6549.0,323.0
0.638183809070818,0.22668334150000002,0.1704042085,0.22518991900000002,6549.0,323.0
0.6932281240668454,0.428963285,0.194963244,0.21422648849999998,6549.0,323.0
0.7258120888973704,0.5854909285000001,0.2205520315,0.23791351300000002,6549.0,323.0
0.7461599489704751,0.6217542659999999,0.27750913075,0.29595925325,6549.0,323.0
0.7416091364812475,0.40695235,0.2850743723333333,0.37614774433333337,6549.0,323.0
0.7250939599543254,0.181072383,0.2269718315,0.3729394425,6549.0,323.0
0.701952278084501,0.050258839,0.20203415749999998,0.3412640355,6549.0,323.0
0.6244409397180338,0.0,0.17677951466666667,0.2941181603333333,6549.0,323.0
0.606849737147314,0.03851876825,0.198522989,0.29698859975,6549.0,323.0
0.6352082367577367,0.225497581,0.2147551615,0.334073701,6549.0,323.0
0.6899874683610765,0.418905715,0.2611231205,0.430097748,6549.0,323.0
0.7178646555492985,0.5688299155000001,0.39891057799999996,0.576523475,6549.0,323.0
0.7327619065149826,0.5322890326666666,0.5498715526666667,0.684341204,6549.0,323.0
0.7357669087905478,0.4197599555,0.6290196855000001,0.7477771845,6549.0,323.0
0.7318525413223986,0.2983831175,0.6258180584999999,0.7609816845,6549.0,323.0
0.7183603676383714,0.143937309,0.613917282,0.7486648579999999,6549.0,323.0
0.6998244892909589,0.0375766535,0.6036417805000001,0.7352810439999999,6549.0,323.0
0.6401235171402033,0.0002647055,0.6188234659999999,0.7413763357500001,6549.0,323.0
0.6343816796423898,0.0172701195,0.5774368765,0.7747433585000001,6549.0,323.0
0.6938191068653479,0.1102537605,0.570060712,0.791704839,6549.0,323.0
0.7667448268685735,0.2490138355,0.574219797,0.7897808635,6549.0,323.0
0.7689415960910612,0.487129142,0.579312991,0.8123937055,6549.0,323.0
0.7716926333003353,0.6885029685,0.60616648375,0.8334802617499999,6549.0,323.0
0.7717368491768508,0.606445692,0.6724172235000001,0.8699927525,6549.0,323.0
0.7681708147222953,0.41986866050000005,0.673289059,0.8670102895,6549.0,323.0
0.7601595364792195,0.206340764,0.61794275,0.8433213955000001,6549.0,323.0
0.7129880184184515,0.0591117465,0.54337162,0.8219000925,6549.0,323.0
0.6385059224260625,0.00109946075,0.5097509245,0.8410266340000001,6549.0,323.0
0.6327146273774868,0.023276408000000002,0.487998096,0.8139395145,6549.0,323.0
0.693496472853075,0.144572008,0.451002827,0.7728701954999999,6549.0,323.0
0.7647496270944184,0.325302359,0.4350034075,0.744692753,6549.0,323.0
0.7680868551521874,0.529071944,0.43182780350000005,0.7195730124999999,6549.0,323.0
0.7691952730770313,0.680586388,0.45278111050000003,0.687295744,6549.0,323.0
0.7702291498564585,0.7083859305,0.535591213,0.7242480625000001,6549.0,323.0
0.7675963494262938,0.620276872,0.568742182,0.712466876,6549.0,323.0
0.7634776203467035,0.429287932,0.53557963,0.652613848,6549.0,323.0
0.7565571301755731,0.219537123,0.414321846,0.567174276,6549.0,323.0
0.7092546563099464,0.072397993,0.29221307399999996,0.503456737,6549.0,323.0
0.6458166067258019,0.0016626285,0.213915984,0.46033272199999997,6549.0,323.0
0.63188418935838,0.015417802500000001,0.1729052245,0.424434015,6549.0,323.0
0.6937860246408539,0.162825685,0.13582821550000002,0.36362249199999996,6549.0,323.0
0.7647747346094735,0.327311151,0.115528506,0.263676429,6549.0,323.0
0.766134037357179,0.559284376,0.14638392300000003,0.24702864600000002,6549.0,323.0
0.7688343669072591,0.7184402073333334,0.2522376846666667,0.303936536,6549.0,323.0
0.7709289866311015,0.632223392,0.35463827000000003,0.35289044849999995,6549.0,323.0
0.7675348232568622,0.3938880363333333,0.31685168033333333,0.5245346916666667,6549.0,323.0
0.7595073586690372,0.161824552,0.2381904825,0.6334719795,6549.0,323.0
0.7133695046928801,0.0433517135,0.215802775,0.587139853,6549.0,323.0
0.6458742521985767,0.000708584,0.21192563250000002,0.593670056,6549.0,323.0
0.6314456496497173,0.0030747583333333335,0.24213599233333336,0.5611386,6549.0,323.0
0.6745649893270418,0.10467574800000001,0.278567241,0.572334961,6549.0,323.0
0.7668498709772948,0.3086610515,0.296104847,0.511966906,6549.0,323.0
0.7713243399033981,0.497901527,0.36587255350000003,0.4145762825,6549.0,323.0
0.7762276066875679,0.6285710476666667,0.42155315599999993,0.30096711833333334,6549.0,323.0
0.7816440101055677,0.6053604164999999,0.464601685,0.256703919,6549.0,323.0
0.7788780291697499,0.479817768,0.458656274,0.2522070845,6549.0,323.0
0.7676134663540107,0.24464886966666669,0.34659904500000005,0.20224314866666668,6549.0,323.0
0.7164903262338358,0.0683340635,0.2307082205,0.160956174,6549.0,323.0
0.6457842818771043,0.002128189,0.17605601999999998,0.1502857575,6549.0,323.0
0.6331811379387227,0.01184860225,0.12322933949999999,0.14278895775,6549.0,323.0
0.6937955613213775,0.1440415375,0.09055307100000001,0.12980629100000002,6549.0,323.0
0.7679687012142915,0.29614748,0.09239422550000001,0.16809075299999998,6549.0,323.0
0.7733320105248325,0.5328263293333334,0.121738332,0.317034912,6549.0,323.0
0.7875527018197944,0.6565092095,0.17514688675,0.4189619215,6549.0,323.0
0.7882753742927576,0.457306827,0.193310433,0.4210479285,6549.0,323.0
0.7742484984740069,0.23017786533333331,0.19708039533333332,0.511418744,6549.0,323.0
0.7190789462021039,0.057604457,0.17356352949999998,0.497142191,6549.0,323.0
0.6226900935654506,0.0010832946666666668,0.10560625766666666,0.405120059,6549.0,323.0
0.6066096074956784,0.039001817499999994,0.08694121625000001,0.29900562575,6549.0,323.0
0.6319714857725766,0.212310088,0.073562177,0.259385396,6549.0,323.0
0.6924628802190109,0.43436898166666665,0.08980763233333333,0.24526083433333334,6549.0,323.0
0.7159195169276991,0.5667343425,0.14787334824999998,0.23726138025000001,6549.0,323.0
0.7223452061250385,0.3870913786666667,0.16774868366666665,0.2619472866666667,6549.0,323.0
0.7141708834639344,0.207102416,0.132425222,0.263303296,6549.0,323.0
0.7036856602737163,0.109024589,0.0942163725,0.24846270850000002,6549.0,323.0
0.6650336036685138,0.0065229065,0.0636385085,0.20271004850000002,6549.0,323.0
0.6101837233177356,0.0015977345,0.042779752250000004,0.1376705395,6549.0,323.0
0.6089559561598332,0.065599339,0.039792563,0.1537952165,6549.0,323.0
0.6308350022800387,0.1845715815,0.0438385045,0.1854477335,6549.0,323.0
0.6882933132124175,0.3848875063333334,0.07861067533333334,0.22648172433333333,6549.0,323.0
0.7051590627793526,0.47686170066666667,0.15182495699999998,0.333137624,6549.0,323.0
0.7038845081810752,0.3684216045,0.21546233250000002,0.39025343,6549.0,323.0
0.7036453843253256,0.2556196935,0.23910591949999999,0.39017325,6549.0,323.0
0.7029480323728883,0.13107201899999998,0.21305591299999999,0.3513849665,6549.0,323.0
0.6904592243589308,0.037629258666666665,0.2327824936666667,0.3597557493333334,6549.0,323.0
0.6458543270227493,0.0,0.247364887,0.3906404,6549.0,323.0
0.6331667858019968,0.0030282060000000003,0.25993328375,0.40278214775,6549.0,323.0
0.6938286671556175,0.030462086,0.27339255149999997,0.3780133845,6549.0,323.0
0.7661236489999439,0.113729239,0.2827565666666667,0.3637149983333334,6549.0,323.0
0.7633976757450531,0.28907381433333335,0.3269387483333333,0.40750509166666665,6549.0,323.0
0.762024095659334,0.369864209,0.3720190063333333,0.44203781,6549.0,323.0
0.7573870715616038,0.299822347,0.381691483,0.4859919105,6549.0,323.0
0.7506201997209985,0.14297171933333333,0.34742493300000005,0.4506519226666667,6549.0,323.0
0.709432325032605,0.035915573,0.30488042699999995,0.386635089,6549.0,323.0
0.6415796763507547,0.0003575256666666666,0.2720456553333333,0.37673482766666666,6549.0,323.0
0.6306947224894726,0.002727312,0.258704723,0.362769942,6549.0,323.0
0.6744940605417838,0.054229076999999994,0.23119397,0.30842722300000003,6549.0,323.0
0.7665188126348954,0.17774351,0.19561654,0.2551363115,6549.0,323.0
0.7635488724888322,0.3254289975,0.189293031,0.2652055865,6549.0,323.0
0.7655538926746679,0.49032591075,0.25355613925,0.291024364,6549.0,323.0
0.7650943157159176,0.424418099,0.32312870250000003,0.32876180850000003,6549.0,323.0
0.7596037419359669,0.3025047715,0.303790138,0.300541847,6549.0,323.0
0.7497005565570967,0.1654356185,0.22954212699999998,0.238376999,6549.0,323.0
0.7104031138786189,0.06561497100000001,0.1746124195,0.18225042,6549.0,323.0
0.645866490391057,0.003914667,0.1425838115,0.1350435725,6549.0,323.0
0.6321666183550515,0.019769830999999998,0.1154881405,0.087431031,6549.0,323.0
0.6939234884514627,0.11550474749999999,0.085862221,0.0639943685,6549.0,323.0
0.7666069136443803,0.224807914,0.0671084925,0.055860639000000004,6549.0,323.0
0.7663783201495131,0.33021385150000004,0.0707384515,0.047263336,6549.0,323.0
0.7637562629821502,0.40663551600000003,0.0908075645,0.051033202,6549.0,323.0
0.7652450233513641,0.42479273366666664,0.10515059866666666,0.048307645333333336,6549.0,323.0
0.7584105044801825,0.32257489466666667,0.12297226733333333,0.031189408333333335,6549.0,323.0
0.7495465756581929,0.1347076565,0.1605824455,0.0209107715,6549.0,323.0
0.7096935749481277,0.062243065,0.212530165,0.0593697205,6549.0,323.0
0.641419818765184,0.005462931,0.22876079633333335,0.161529734,6549.0,323.0
0.6313962867105247,0.0199702715,0.29789768650000004,0.29551039349999997,6549.0,323.0
0.6513641398461748,0.048334356,0.380803515,0.3741028395,6549.0,323.0
0.7413883441434767,0.08661375299999999,0.499646662,0.5076072469999999,6549.0,323.0
0.7686044089485675,0.124826719,0.6505892175,0.6337735965,6549.0,323.0
0.7634358062440769,0.1423911835,0.7404087055,0.7031506605,6549.0,323.0
0.762655346329209,0.1323648665,0.7904338479999999,0.7326769655,6549.0,323.0
0.761561434315094,0.10540873649999999,0.810974892,0.791988567,6549.0,323.0
0.7573637859319415,0.095031536,0.8234246725,0.8126442025,6549.0,323.0
0.7549929215496523,0.09289924299999999,0.8496959310000001,0.8382655004999999,6549.0,323.0
0.7231061590051052,0.033532066,0.8765892826666667,0.8989185553333333,6549.0,323.0
0.6459132739309916,0.003691005,0.8557359085,0.8561209125,6549.0,323.0
0.6322209862152054,0.01001269625,0.79240921125,0.79583613225,6549.0,323.0
0.6939234884514627,0.0900566075,0.7228702185,0.7950545855,6549.0,323.0
0.7666045470780073,0.230431861,0.736644131,0.804600866,6549.0,323.0
0.7641750513434654,0.41877912700000003,0.7618857139999999,0.7919666073333334,6549.0,323.0
0.7632190091309409,0.54555693475,0.7510680215000001,0.7972330259999999,6549.0,323.0
0.7566102953193724,0.386290447,0.7403034543333334,0.7739847496666666,6549.0,323.0
0.7489412760340319,0.17765882900000002,0.6265510599999999,0.7086233074999999,6549.0,323.0
0.7102125956552998,0.0724053615,0.529814268,0.697715246,6549.0,323.0
0.6294495507032216,0.003895204,0.448727902,0.7916422115,6549.0,323.0
0.6054486555044979,0.020693433,0.3937238235,0.793907554,6549.0,323.0
0.6139002248575632,0.1543524255,0.3341205985,0.8181150644999999,6549.0,323.0
0.6554343813420644,0.32961782549999996,0.348113439,0.8366043955,6549.0,323.0
0.692523728056971,0.4997830996666666,0.3229371893333333,0.8182792716666666,6549.0,323.0
0.6967082822127106,0.5469402640000001,0.30137133250000003,0.7504860545,6549.0,323.0
0.700562298821148,0.49063663399999996,0.29558504999999996,0.6246510166666667,6549.0,323.0
0.7017704209100766,0.33835568000000005,0.28943937750000004,0.4395925795,6549.0,323.0
0.6944031481914495,0.14669911,0.26868256766666665,0.3576229416666667,6549.0,323.0
0.660870338945323,0.0139179755,0.25979497149999997,0.3349237155,6549.0,323.0
0.609458814546208,0.0064141535,0.27248920050000003,0.297818833,6549.0,323.0
0.6076593391514484,0.072366018,0.28298170850000004,0.2707321245,6549.0,323.0
0.6309165954908764,0.15174082500000002,0.27339187750000005,0.2758763325,6549.0,323.0
0.6800296195860223,0.2488150425,0.30924435949999995,0.283862309,6549.0,323.0
0.6941628726357263,0.34844195499999997,0.3361170205,0.335425997,6549.0,323.0
0.6952979598396068,0.4246245945,0.3364158135,0.415666153,6549.0,323.0
0.6953341894089132,0.379799707,0.28921368950000004,0.41191400749999996,6549.0,323.0
0.6972430158270955,0.3007415205,0.2476129965,0.3798613435,6549.0,323.0
0.6968303880907073,0.1785693075,0.2352917,0.3849466065,6549.0,323.0
0.6927334771086779,0.08897021150000001,0.215846814,0.495416234,6549.0,323.0
0.6688155241899574,0.010484953500000001,0.223402835,0.5653466229999999,6549.0,323.0
0.6333647463764052,0.0047170585,0.22564132925,0.5252438094999999,6549.0,323.0
0.6746796015269139,0.050817271,0.19920438566666665,0.410789076,6549.0,323.0
0.7661712135944553,0.1482174755,0.214436612,0.4053072645,6549.0,323.0
0.7655170007898577,0.240002023,0.36486584499999997,0.42911981450000003,6549.0,323.0
0.7632720991653732,0.249077681,0.402272609,0.34903110849999996,6549.0,323.0
0.7620869784917094,0.25354562433333333,0.4339755216666667,0.349376045,6549.0,323.0
0.7565515458493561,0.18740243,0.42878912599999996,0.352807842,6549.0,323.0
0.7529055507771822,0.1594344975,0.4211507925,0.39766428200000004,6549.0,323.0
0.7221067053042506,0.05254640133333333,0.439466994,0.6362592243333334,6549.0,323.0
0.6386872709554348,0.00232129225,0.4591254575,0.7092263855,6549.0,323.0
0.6336554811367159,0.014078891,0.4436310545,0.6330822625,6549.0,323.0
0.6939853695954952,0.10293971500000001,0.435890224,0.5793382765,6549.0,323.0
0.7668687784488117,0.231878099,0.5255503455,0.6388985775,6549.0,323.0
0.7680703614665354,0.389880396,0.594421852,0.6313568655,6549.0,323.0
0.7637564878960454,0.40768460475,0.65233597325,0.64821686675,6549.0,323.0
0.7594218135180988,0.364794083,0.7116457,0.7194899025,6549.0,323.0
0.7546044782700951,0.263178719,0.7251605015,0.7484951655000001,6549.0,323.0
0.7495359504441208,0.14883278,0.708903785,0.7850008145,6549.0,323.0
0.7112592272893008,0.050484975499999994,0.681586528,0.775256677,6549.0,323.0
0.6380274734104141,0.00222450275,0.59899481675,0.7496011897499999,6549.0,323.0
0.6326795339754268,0.022469021,0.5289573865,0.763428722,6549.0,323.0
0.6938203608742206,0.129121767,0.483782603,0.755805081,6549.0,323.0
0.7669456389411096,0.24399859550000003,0.500444074,0.7782838435,6549.0,323.0
0.7714982223683835,0.37718576800000003,0.488956939,0.7857870124999999,6549.0,323.0
0.7711314907354279,0.32276005399999996,0.3968306535,0.745064339,6549.0,323.0
0.7686448977988773,0.2432664585,0.351059816,0.736454462,6549.0,323.0
0.7644956895728312,0.212050035,0.3465632535,0.729297206,6549.0,323.0
0.7550183127958643,0.118317401,0.3432746495,0.6923865155,6549.0,323.0
0.7180285757370246,0.041161029,0.2973366295,0.6095529854999999,6549.0,323.0
0.6475042702988849,0.00057285,0.260196541,0.5140427795,6549.0,323.0
0.6327345759559574,0.0,0.27146471650000004,0.410364274,6549.0,323.0
0.6357699471991642,0.012130979,0.2768558555,0.3122243575,6549.0,323.0
0.6946129603405476,0.0849148155,0.2443454475,0.21573695450000002,6549.0,323.0
0.7707872399297433,0.203467807,0.25982503749999997,0.18134044,6549.0,323.0
0.7716721756626066,0.3236542515,0.294102929,0.2122148605,6549.0,323.0
0.7711910527396824,0.447106349,0.32713902975,0.20929926625,6549.0,323.0
0.7677202773967864,0.361890002,0.393719777,0.2247250065,6549.0,323.0
0.7613799793347621,0.2569025815,0.438313274,0.26751214349999997,6549.0,323.0
0.7548835230996346,0.13904568550000002,0.4341712715,0.297376928,6549.0,323.0
0.7153917051109269,0.044300429,0.42567744750000003,0.34421913849999997,6549.0,323.0
0.6456423456764697,0.0005471185,0.4707883695,0.451317703,6549.0,323.0
0.6315798596300367,0.00510322925,0.51743804075,0.58000080725,6549.0,323.0
0.6936068177639596,0.0622120065,0.5138116155,0.5636944165,6549.0,323.0
0.7670538776141351,0.1357653255,0.5749333194999999,0.5344797045,6549.0,323.0
0.769589443169693,0.2455834275,0.6510928105,0.5895776580000001,6549.0,323.0
0.7680112963024603,0.32093387,0.672787722,0.625459473,6549.0,323.0
0.7650111133145032,0.34318891549999997,0.730677998,0.6598460235,6549.0,323.0
0.7613526713499676,0.315043293,0.7504710825,0.6494191885,6549.0,323.0
0.7585192245296942,0.21802836650000001,0.725754471,0.6322592935,6549.0,323.0
0.753343688222718,0.1035200515,0.6772231825,0.6915951705000001,6549.0,323.0
0.714211159412325,0.0324552065,0.6365104385,0.712935288,6549.0,323.0
0.6225893326926504,0.0,0.610122192,0.7527252976666667,6549.0,323.0
0.6055238712880489,0.012313791499999999,0.602120457,0.7448758945,6549.0,323.0
0.6310853190192773,0.082626807,0.5366466235,0.643203954,6549.0,323.0
0.6858878597929908,0.2094644333333333,0.531765041,0.5641133246666666,6549.0,323.0
0.6943352484951714,0.299191791,0.51738157,0.5817024623333333,6549.0,323.0
0.696954245024859,0.272514958,0.542684672,0.5601362535000001,6549.0,323.0
0.6987875125933143,0.2462353155,0.5178109385,0.5244395065,6549.0,323.0
0.6956539125880389,0.11970986500000001,0.4703408693333333,0.4286693133333333,6549.0,323.0
0.6880345087004895,0.0244358285,0.3944044055,0.359450603,6549.0,323.0
0.6177591360355619,0.00025732225,0.32221078275000004,0.3172358785,6549.0,323.0
0.6041381949008879,0.0140314735,0.297084053,0.3345074995,6549.0,323.0
0.6141689996547344,0.072342979,0.2685187395,0.343985283,6549.0,323.0
0.6547891847680656,0.148260754,0.2536738565,0.397591133,6549.0,323.0
0.6916341224268214,0.2357780585,0.2676724235,0.508633926,6549.0,323.0
0.6960699243880076,0.2804234295,0.2608505275,0.542946994,6549.0,323.0
0.6990944336983742,0.2363316335,0.31465135099999997,0.6658790075,6549.0,323.0
0.7003598145987127,0.1619181785,0.32557733899999997,0.7212995950000001,6549.0,323.0
0.7022402442914493,0.104344461,0.325459526,0.7896302504999999,6549.0,323.0
0.6961757335353377,0.03281450666666667,0.29405830800000005,0.7806072493333334,6549.0,323.0
0.668799101333543,0.0017560955,0.295178583,0.748231801,6549.0,323.0
0.63373448317794,0.00172958025,0.32336285775,0.73580925125,6549.0,323.0
0.6515788897458168,0.0179999705,0.313675948,0.7096291665000001,6549.0,323.0
0.7411404882024917,0.0801098605,0.271914017,0.706912115,6549.0,323.0
0.7690700752888011,0.1768242213333333,0.291317953,0.7623066053333334,6549.0,323.0
0.7690597262121082,0.267155072,0.2633897785,0.7636194350000001,6549.0,323.0
0.7706642112006258,0.294864702,0.3307379525,0.8327672915,6549.0,323.0
0.7697892375379187,0.328220457,0.4248076415,0.848983878,6549.0,323.0
0.7670246054641634,0.2874414365,0.4551560255,0.8457671250000001,6549.0,323.0
0.7604290684450841,0.1741136415,0.4435808965,0.8356113765,6549.0,323.0
0.7148196770034332,0.058976215,0.41707984,0.8142873214999999,6549.0,323.0
0.6458613314544726,0.0006805875,0.386628399,0.7971811055,6549.0,323.0
0.6329880523626389,0.01074034875,0.34096565975,0.7660464950000001,6549.0,323.0
0.6936585235217105,0.1240918125,0.30999423800000003,0.7376621625,6549.0,323.0
0.760167960809346,0.225824259,0.291706088,0.762393543,6549.0,323.0
0.7692142990114839,0.4057892005,0.29672165699999997,0.780950078,6549.0,323.0
0.7699540331501709,0.6330865395,0.33438034299999997,0.8068664525,6549.0,323.0
0.7728972097162824,0.7750152143333334,0.444264873,0.804950523,6549.0,323.0
0.7716679952188249,0.5755712623333333,0.4754845623333333,0.7750347663333333,6549.0,323.0
0.7635697439874578,0.2729800843333333,0.45782630766666665,0.7549517266666667,6549.0,323.0
0.7151205165278907,0.082898848,0.40748428800000003,0.700521758,6549.0,323.0
0.6458613314544726,0.003501374,0.3851959355,0.707209127,6549.0,323.0
0.6327416516311244,0.01354837725,0.33752274225,0.61959373125,6549.0,323.0
0.6936491527307173,0.1280541555,0.2914961275,0.4901917265,6549.0,323.0
0.7603146295214176,0.23107742,0.270905197,0.442570112,6549.0,323.0
0.7703110508224054,0.3571617025,0.25274309699999997,0.406595573,6549.0,323.0
0.7702475368780504,0.545204665,0.25403597099999997,0.358592915,6549.0,323.0
0.7782551235095394,0.649510104,0.29655482850000003,0.303771259,6549.0,323.0
0.7832186074338954,0.64376424,0.345359514,0.252041982,6549.0,323.0
0.7802839025554709,0.488685489,0.35303079449999997,0.23091594450000003,6549.0,323.0
0.7670581687199718,0.24061401733333332,0.31225775299999997,0.18750886666666666,6549.0,323.0
0.6959117074036403,0.040123782000000004,0.24209576666666668,0.21251400900000003,6549.0,323.0
0.6336325153776903,0.0009462827499999999,0.17744785875000002,0.2679477575,6549.0,323.0
0.6513991624189972,0.034135377,0.179431006,0.321584537,6549.0,323.0
0.7424218895580489,0.10893084050000001,0.19346631549999999,0.31052862449999996,6549.0,323.0
0.7733376899803767,0.22486002300000002,0.2927810185,0.284871788,6549.0,323.0
0.773125803073081,0.2849924735,0.4255352655,0.2503417445,6549.0,323.0
0.7768053852179121,0.2995174963333333,0.5540474926666666,0.4423087273333333,6549.0,323.0
0.7791494070449593,0.287386483,0.630360748,0.480472698,6549.0,323.0
0.7712165665218563,0.29244741966666665,0.6399178386666666,0.48818237633333333,6549.0,323.0
0.7615343392322187,0.163706036,0.5642625109999999,0.5076527559999999,6549.0,323.0
0.7151205165278907,0.06983247149999999,0.5144806209999999,0.505128682,6549.0,323.0
0.6415332319765561,0.0021768783333333333,0.45561710699999997,0.4221646313333334,6549.0,323.0
0.6308912514641563,0.0050156235,0.38868515800000003,0.426324559,6549.0,323.0
0.6742910871419815,0.096604527,0.37210136433333335,0.44944116866666667,6549.0,323.0
0.764831930254458,0.2689851845,0.37537725050000004,0.3949550535,6549.0,323.0
0.768372975656894,0.4439624065,0.385820145,0.372289994,6549.0,323.0
0.7701720724673067,0.5654028845,0.453256318,0.47608185999999997,6549.0,323.0
0.7719853914572914,0.6180832915000001,0.5002626145,0.514537865,6549.0,323.0
0.7705699813910467,0.5407117225,0.4984117765,0.5708456165,6549.0,323.0
0.7676479605379583,0.39715865149999996,0.4241382075,0.5539680739999999,6549.0,323.0
0.7601206802221291,0.20160520850000002,0.3717592185,0.5408747295,6549.0,323.0
0.7124434407826399,0.067048823,0.32098836399999997,0.487311877,6549.0,323.0
0.6226908349943134,0.0005529483333333333,0.22991123566666669,0.4374978526666667,6549.0,323.0
0.6056457878738721,0.04868833375,0.1951742135,0.3705946485,6549.0,323.0
0.6306143834946105,0.2450307645,0.148362445,0.305731424,6549.0,323.0
0.6677176600286389,0.386009204,0.124720057,0.285236188,6549.0,323.0
0.695931253788018,0.5671449365,0.125233168,0.2690162435,6549.0,323.0
0.7006573962543721,0.7522574679999999,0.10796026133333332,0.2743830973333334,6549.0,323.0
0.7053801628031982,0.754444416,0.112788773,0.3027580955,6549.0,323.0
0.7087579350077874,0.55171691,0.12341772066666667,0.37646063366666666,6549.0,323.0
0.7057358314062672,0.271909411,0.1487039685,0.38612296749999997,6549.0,323.0
0.6913838763097175,0.09918003,0.14530961,0.296600099,6549.0,323.0
0.6328933138044561,0.001387838,0.09585490099999999,0.22579862150000002,6549.0,323.0
0.6093720745143131,0.021564872,0.107671396,0.15263893075,5465.0,269.0
0.630716059486685,0.27411619833333334,0.09106143566666668,0.160354081,5465.0,269.0
0.6997975598905111,0.581741004,0.07522223,0.1682926975,5465.0,269.0
0.7317379841428995,0.8154878885,0.076796458,0.1402922675,5465.0,269.0
0.7465289641214868,0.8752042245,0.0745795435,0.10812891899999999,5465.0,269.0
0.7565978795615003,0.646407644,0.09280738250000001,0.09982825649999999,5465.0,269.0
0.7476990779712162,0.34427695433333333,0.127849313,0.07985515,5465.0,269.0
0.7216084537868053,0.10994027399999999,0.14153937900000002,0.1227643225,5465.0,269.0
0.6467397364002521,0.004769675,0.11533563250000001,0.1744364215,5465.0,269.0
0.6333674913200218,0.03350576125,0.120708828,0.18184232475,5465.0,269.0
0.6945624851890264,0.235546297,0.09576525350000001,0.215148965,5465.0,269.0
0.7721433247105017,0.395886865,0.065965999,0.220960098,5465.0,269.0
0.792161345035461,0.6232207750000001,0.08806465150000001,0.246123435,5465.0,269.0
0.7983575534395,0.84968383,0.127052893,0.2921128625,5465.0,269.0
0.8054703128901044,0.9118922764999999,0.1550106865,0.32719973449999995,5465.0,269.0
0.8072322808898358,0.8198199145,0.1987993355,0.47949966450000003,5465.0,269.0
0.8017821959601952,0.61876445,0.25403962150000003,0.409237843,5465.0,269.0
0.7914749810725775,0.3049210296666667,0.29134290166666665,0.46028659766666663,5465.0,269.0
0.7307548194408645,0.0936995885,0.252092359,0.47949725649999997,5465.0,269.0
0.6467105350795179,0.0047284805,0.211663721,0.4357361915,5465.0,269.0
0.6335880509775338,0.01918552125,0.18598053150000002,0.4118834145,5465.0,269.0
0.6946111382480518,0.12955967,0.159406791,0.341789346,5465.0,269.0
0.7779181966955602,0.2856374705,0.139327975,0.3116964005,5465.0,269.0
0.7932570793491749,0.46435098499999994,0.14614571850000002,0.28681932649999997,5465.0,269.0
0.8057256227799487,0.60322441675,0.17225837300000002,0.25309365625,5465.0,269.0
0.8160289176558502,0.5447507389999999,0.230021789,0.1991411585,5465.0,269.0
0.8111273150826297,0.36596180700000003,0.2301316255,0.170913524,5465.0,269.0
0.7934688950130269,0.1960218205,0.233436413,0.16688556799999998,5465.0,269.0
0.7082127340608769,0.043243731666666674,0.21936290966666663,0.1753366113333333,5465.0,269.0
0.6341927706096472,0.00100969825,0.163628308,0.18955308425,5465.0,269.0
0.6755437920940023,0.09298559866666667,0.12794892566666666,0.2213068863333333,5465.0,269.0
0.779186417392705,0.2851522465,0.0950248145,0.21965886299999998,5465.0,269.0
0.7961383508853707,0.5328164243333333,0.09551602133333333,0.25732999933333334,5465.0,269.0
0.8152580418481006,0.6823596985,0.11288511100000001,0.32073967999999997,5465.0,269.0
0.8274355426599032,0.6396960515,0.1435758185,0.372146038,5465.0,269.0
0.8247832902843444,0.4935913175,0.165993132,0.4192881385,5465.0,269.0
0.8121955517051695,0.29572704299999997,0.17253097750000002,0.447965399,5465.0,269.0
0.7550047456141554,0.10738667633333332,0.158985856,0.40764526100000004,5465.0,269.0
0.6466971413120832,0.000998191,0.1097932155,0.35017953999999996,5465.0,269.0
0.6336724482599045,0.01580942275,0.09552565075,0.25319436375000004,5465.0,269.0
0.6950128806489568,0.185857595,0.092714328,0.194168182,5465.0,269.0
0.7728685289145079,0.38297261650000003,0.096160576,0.1933903965,5465.0,269.0
0.7866142615357756,0.6315843145,0.14646823949999999,0.22128269849999999,5465.0,269.0
0.7936406714472564,0.753149047,0.2000620135,0.243269793,5465.0,269.0
0.796126045789553,0.6975593463333333,0.25536099766666664,0.278650552,5465.0,269.0
0.7924774634482059,0.4364442803333333,0.3371687383333333,0.31777759166666664,5465.0,269.0
0.7804892344446277,0.184759864,0.364843943,0.45082627799999997,5465.0,269.0
0.7226591081901447,0.059950785,0.373269968,0.4656547,5465.0,269.0
0.6424697868290677,0.003041015333333333,0.36299697,0.4545736853333333,5465.0,269.0
0.6317530204444991,0.0132967745,0.323746666,0.3871174035,5465.0,269.0
0.6753863166075321,0.06447959933333333,0.2656290346666667,0.323978862,5465.0,269.0
0.7729567481798252,0.1566388345,0.205177011,0.31299047950000003,5465.0,269.0
0.7866997594672223,0.24846978349999999,0.18928631499999998,0.332898134,5465.0,269.0
0.7926707977205169,0.30904641066666666,0.216578399,0.3366568296666667,5465.0,269.0
0.7966023531527238,0.3518390005,0.2831077525,0.3418489085,5465.0,269.0
0.7923377358633635,0.26586847766666666,0.2997169753333333,0.3285511513333333,5465.0,269.0
0.7811539065737667,0.1056630925,0.305047503,0.281576117,5465.0,269.0
0.7264194469185894,0.0211341915,0.285074787,0.245451078,5465.0,269.0
0.6265744472476622,0.0,0.28274498566666667,0.2375473926666667,5465.0,269.0
0.6107745167205132,0.0218258535,0.25119171025,0.192859779,5465.0,269.0
0.6502040711839528,0.16415751166666667,0.2057679206666667,0.183224665,5465.0,269.0
0.7147888428823765,0.308610302,0.19948029750000001,0.21720423900000002,5465.0,269.0
0.7235315020739049,0.48775336075,0.2113609385,0.22393973849999999,5465.0,269.0
0.7298976174966343,0.5108403005,0.235385265,0.27590832200000004,5465.0,269.0
0.7333671978550222,0.3635005065,0.202185141,0.2192693265,5465.0,269.0
0.7300027326416965,0.19742493649999998,0.16946781,0.219568845,5465.0,269.0
0.6700986529919238,0.031519169,0.09966457125,0.22158894975,5465.0,269.0
0.6093834292488235,0.004024530666666667,0.06521678766666666,0.28679011099999996,5465.0,269.0
0.6119252578072418,0.0836211325,0.06553347849999999,0.3298153625,5465.0,269.0
0.6368131473429898,0.24004092300000002,0.062961406,0.369195527,5465.0,269.0
0.6966481523319363,0.48816522949999996,0.0886898395,0.416514118,5465.0,269.0
0.721269728282973,0.6458585155,0.133008165,0.4582345375,5465.0,269.0
0.728934353946475,0.640708995,0.202701847,0.4724366755,5465.0,269.0
0.7382784079380043,0.506810262,0.2494307745,0.4958277625,5465.0,269.0
0.7358570998838551,0.300264188,0.296603161,0.504227734,5465.0,269.0
0.72990303655463,0.116193372,0.284565023,0.545618368,5465.0,269.0
0.6933356528597039,0.016519069333333334,0.28246399,0.45490999233333335,5465.0,269.0
0.634209512715389,0.001971839,0.34212456599999996,0.34473958150000006,5465.0,269.0
0.6518315732585314,0.02887283,0.3561261315,0.174201612,5465.0,269.0
0.744498895652064,0.10534428500000001,0.36243671050000004,0.141036577,5465.0,269.0
0.779444330464139,0.216891162,0.38363712699999997,0.160943071,5465.0,269.0
0.7802960895335246,0.24073907649999998,0.396320765,0.135705191,5465.0,269.0
0.7848721710781739,0.2301366505,0.3777362555,0.14360991750000002,5465.0,269.0
0.7905500212976476,0.2579473245,0.35417714050000004,0.1790821575,5465.0,269.0
0.7893532578436698,0.23134882033333334,0.3233217503333334,0.22926269600000002,5465.0,269.0
0.7832695083892551,0.1280023185,0.2851678955,0.2743140795,5465.0,269.0
0.7313758789846272,0.051748526,0.2528620515,0.24527120400000002,5465.0,269.0
0.6424288326182396,0.0004471236666666667,0.20087110866666666,0.14203226866666666,5465.0,269.0
0.6319491470179872,0.0058709115,0.17301883499999998,0.097679568,5465.0,269.0
0.6759935327631726,0.135312334,0.13888828766666667,0.11373086366666667,5465.0,269.0
0.7839703628682086,0.3858748795,0.10563359650000001,0.1137475395,5465.0,269.0
0.7996100374125832,0.635585378,0.15339638049999998,0.14214115849999998,5465.0,269.0
0.8261853778265982,0.738417777,0.137625255,0.1938322355,5465.0,269.0
0.8392539674024131,0.6700977159999999,0.1466686405,0.2974684945,5465.0,269.0
0.8389225304756671,0.46874800650000004,0.146556462,0.336028192,5465.0,269.0
0.8319152647544715,0.36267645699999995,0.12395053,0.3425683155,5465.0,269.0
0.8067304638175177,0.2178619505,0.086579772,0.33355901,5465.0,269.0
0.7397657564858333,0.079634902,0.06118161,0.3211184295,5465.0,269.0
0.6528854932625158,0.001666057,0.043716050500000006,0.25640345,5465.0,269.0
0.6340372394409802,0.015169528,0.03582735275,0.20014281625,5465.0,269.0
0.6976825023417967,0.1419853175,0.031887626,0.18749581399999998,5465.0,269.0
0.7858089784583187,0.328120057,0.022502651,0.22099008650000002,5465.0,269.0
0.8062097156639363,0.5667465815,0.0316220185,0.2372432895,5465.0,269.0
0.8346382249363508,0.683472126,0.04303805199999999,0.395168159,5465.0,269.0
0.8349735900553827,0.613203096,0.051820701999999996,0.4550828735,5465.0,269.0
0.8209059255011284,0.400840391,0.04998301533333333,0.37870477966666666,5465.0,269.0
0.7961740597286144,0.179682858,0.047429238,0.34411004700000003,5465.0,269.0
0.7123415991081381,0.04604526866666667,0.050163820000000005,0.23112385233333332,5465.0,269.0
0.6356680621365767,0.00709086275,0.049407941999999996,0.14305261325000002,5465.0,269.0
0.6517103902316557,0.0794072785,0.052910179,0.14010654849999998,5465.0,269.0
0.7492036142759998,0.20023084400000002,0.034845899,0.14801048049999999,5465.0,269.0
0.7909630986547234,0.41263381099999996,0.035186921999999995,0.2009271715,5465.0,269.0
0.7970260319070224,0.517349364,0.0552221425,0.23939523099999999,5465.0,269.0
0.8056044240477593,0.5600382603333333,0.09198369066666667,0.2886580136666666,5465.0,269.0
0.7995197833599539,0.4370639745,0.12854477,0.35791485199999995,5465.0,269.0
0.7931230942482335,0.299626502,0.1092096715,0.386029852,5465.0,269.0
0.7833464399178938,0.161727432,0.07906420950000001,0.3747797625,5465.0,269.0
0.727171060487324,0.0532286455,0.071156721,0.33817984700000003,5465.0,269.0
0.6425510961706798,0.00035353433333333334,0.05795168333333334,0.3307239183333333,5465.0,269.0
0.6418678201830721,0.03438938525,0.041168541249999996,0.257341733,5465.0,269.0
0.7443804813856538,0.18882235349999998,0.025677685,0.1946012815,5465.0,269.0
0.787017731590193,0.4105678145,0.025149132499999997,0.167411338,5465.0,269.0
0.7936292890644908,0.5960815385,0.033564796,0.16803778000000003,5465.0,269.0
0.796751719796023,0.6846422320000001,0.07765570999999999,0.216039985,5465.0,269.0
0.8003457013553369,0.6406499075000001,0.12422967300000001,0.26870240599999995,5465.0,269.0
0.7934389916130064,0.4605685256666667,0.13603032933333334,0.2694697746666667,5465.0,269.0
0.7811874384189482,0.21078753,0.10197266499999999,0.2234778975,5465.0,269.0
0.7232302132394143,0.065555899,0.08351279,0.169510147,5465.0,269.0
0.6269492994596272,0.000525432,0.042328684666666665,0.08141840933333333,5465.0,269.0
0.610832280345569,0.0395335575,0.028111400999999998,0.03309400425,5465.0,269.0
0.6365642266853055,0.1974785175,0.0215042085,0.0211162555,5465.0,269.0
0.6941637008407604,0.38692314699999997,0.0287680155,0.0227568675,5465.0,269.0
0.7212906235294131,0.5501217684999999,0.055086576,0.041091024000000004,5465.0,269.0
0.728934353946475,0.6632566980000001,0.126927299,0.07436140399999999,5465.0,269.0
0.7347198749624543,0.6216251765,0.189402486,0.097742226,5465.0,269.0
0.7363600450464011,0.419699571,0.2090796965,0.0967609655,5465.0,269.0
0.732186533900588,0.23057379249999999,0.1743072315,0.1067417585,5465.0,269.0
0.7243268701971459,0.0740371665,0.127974091,0.1342485605,5465.0,269.0
0.6712302850958831,0.0057090885,0.088147379,0.1852243935,5465.0,269.0
0.6140871935419773,0.00251433575,0.070070616,0.383705158,5465.0,269.0
0.6130709464083455,0.05970305,0.073978083,0.5394646315,5465.0,269.0
0.6363917403018744,0.15659826699999999,0.0599293785,0.5711988645,5465.0,269.0
0.6984928258929027,0.35623064449999997,0.0691384605,0.589071138,5465.0,269.0
0.7221477070107079,0.5354709559999999,0.113472917,0.573242501,5465.0,269.0
0.7367231677018808,0.5771805590000001,0.1567970375,0.5729429135,5465.0,269.0
0.74921322192383,0.39181290933333335,0.19166574,0.547218283,5465.0,269.0
0.7545391184163954,0.22321453,0.202593203,0.4609960055,5465.0,269.0
0.7426908536473934,0.14263761349999998,0.1805886555,0.356569124,5465.0,269.0
0.6993340782801862,0.034762731666666664,0.1336724393333333,0.242883904,5465.0,269.0
0.6341944862511834,0.00075219625,0.10337178525,0.23361495075,5465.0,269.0
0.6518601828858965,0.0708156595,0.1135719865,0.1887364975,5465.0,269.0
0.7475448682924939,0.24732206150000002,0.10305750550000001,0.1457331255,5465.0,269.0
0.7926220815641004,0.489782747,0.1329299205,0.1554693605,5465.0,269.0
0.8060447307595109,0.6961094695000001,0.2095438375,0.1877653095,5465.0,269.0
0.8301821192840246,0.7673376965,0.2642587105,0.189820183,5465.0,269.0
0.8385752703248253,0.7028766973333335,0.25294267533333337,0.20338131499999998,5465.0,269.0
0.8296369971743358,0.4708828475,0.204349588,0.22187041000000002,5465.0,269.0
0.8054041012216246,0.254154223,0.163351098,0.200771036,5465.0,269.0
0.712806894872009,0.05628722966666667,0.13539111933333334,0.22648005100000002,5465.0,269.0
0.6352166137648199,0.00508082525,0.073188265,0.13033957724999998,5465.0,269.0
0.6514472001749076,0.106156282,0.0809549095,0.0514080965,5465.0,269.0
0.7520064639010877,0.2928752005,0.080334262,0.025175008999999998,5465.0,269.0
0.7973784823360412,0.5336583755,0.1024119145,0.034019385,5465.0,269.0
0.8205599903264658,0.698389362,0.1875165325,0.11944503000000001,5465.0,269.0
0.8392382070686055,0.639802086,0.2076129955,0.27869045400000003,5465.0,269.0
0.8385039158047631,0.5091081855,0.1394483715,0.3555910215,5465.0,269.0
0.8338968184406618,0.333801422,0.10013899766666666,0.29312357299999997,5465.0,269.0
0.811847124252592,0.1500797885,0.082746286,0.214651391,5465.0,269.0
0.7437077160841401,0.043256639,0.0991649695,0.137911184,5465.0,269.0
0.6530138622124072,0.0,0.13161561333333335,0.090970762,5465.0,269.0
0.6377574325923943,0.006490629,0.1648293655,0.0888670495,5465.0,269.0
0.6791381050181711,0.09194988066666666,0.19416768533333337,0.11034926133333334,5465.0,269.0
0.7849770971381658,0.265136957,0.18176332950000001,0.253207536,5465.0,269.0
0.7963484549807128,0.4870496336666667,0.3207008963333333,0.3325824276666666,5465.0,269.0
0.7959553814986178,0.5341639094999999,0.3608009935,0.2408272795,5465.0,269.0
0.7971222967110165,0.456874516,0.30655754550000003,0.184087422,5465.0,269.0
0.7948412839801611,0.31363621100000005,0.231833843,0.197850167,5465.0,269.0
0.7910937709355279,0.16759274899999999,0.161308668,0.193971429,5465.0,269.0
0.7492722870188707,0.04896139266666666,0.155426527,0.20264844066666665,5465.0,269.0
0.6464415235635785,0.0,0.12565117050000002,0.3511650585,5465.0,269.0
0.6336724482599045,0.007921725000000001,0.12354620250000001,0.311290313,5465.0,269.0
0.6947530744486863,0.072079178,0.097206284,0.17787565500000002,5465.0,269.0
0.7698645836928297,0.145978552,0.075751526,0.159196135,5465.0,269.0
0.7896930088526937,0.272636265,0.0803038965,0.1337413825,5465.0,269.0
0.7961806621733482,0.3907684555,0.093326872,0.0995186415,5465.0,269.0
0.8029883460140312,0.3952896755,0.107882875,0.0875654075,5465.0,269.0
0.8089545412319028,0.38971441,0.1355158305,0.08205362499999999,5465.0,269.0
0.803616276200957,0.2823509023333333,0.135759649,0.06287644766666667,5465.0,269.0
0.7903595741106693,0.142560171,0.12172116699999999,0.051395377,5465.0,269.0
0.7332236524638112,0.041348574,0.097403638,0.0577236725,5465.0,269.0
0.6466504049916404,0.0,0.049769271,0.044758223,5465.0,269.0
0.6336002614617819,0.005312878,0.04265954675,0.05936656575,5465.0,269.0
0.694822291389297,0.1287384795,0.037551514499999994,0.0813452495,5465.0,269.0
0.7836083836976157,0.355780469,0.029417233333333334,0.086905483,5465.0,269.0
0.7974304009957116,0.580467942,0.0675016065,0.184338956,5465.0,269.0
0.8085602528834086,0.642138613,0.108606416,0.2085860765,5465.0,269.0
0.8173469977871952,0.598608974,0.1245236995,0.305152438,5465.0,269.0
0.8123903847131054,0.420596622,0.13420575866666665,0.41223923433333337,5465.0,269.0
0.7924870551491026,0.18111645450000002,0.12482973950000001,0.3520664545,5465.0,269.0
0.7350540332230711,0.044337062,0.1068219335,0.274803183,5465.0,269.0
0.6266845317609983,0.0,0.05768749833333333,0.16970368700000002,5465.0,269.0
0.6108356880188955,0.026488382,0.046280062250000004,0.0834833625,5465.0,269.0
0.6382348048793673,0.17650286850000002,0.046748089,0.098773902,5465.0,269.0
0.6990284113220677,0.3844515985,0.048123226,0.07029546850000001,5465.0,269.0
0.7248681706345427,0.57091100525,0.09052931475,0.0714657405,5465.0,269.0
0.7347771416437794,0.474126393,0.169247101,0.0888564925,5465.0,269.0
0.738764086299271,0.307109172,0.19823631800000002,0.0893889615,5465.0,269.0
0.732860237793053,0.12866538333333333,0.20768587800000002,0.06192107966666666,5465.0,269.0
0.6780066027678144,0.014268902,0.15598799575,0.035757993,5465.0,269.0
0.6112751767081788,0.0115053902,0.09579540619999999,0.044008955,5465.0,269.0
0.6537761401376875,0.16490000633333335,0.045051587,0.05882659766666667,5465.0,269.0
0.7158365868667749,0.34102588,0.056044557,0.108596009,5465.0,269.0
0.7236007193251701,0.4774515115,0.107390645,0.1501076105,5465.0,269.0
0.732336870821603,0.5544077965,0.171074848,0.185779036,5465.0,269.0
0.7392814508034776,0.4387069615,0.22745311000000001,0.22379051849999998,5465.0,269.0
0.7384091748648955,0.240891466,0.242247316,0.2476808805,5465.0,269.0
0.7323189336278018,0.121942528,0.215705298,0.270021466,5465.0,269.0
0.7012427470239252,0.020749323,0.19060049399999998,0.3895113243333333,5465.0,269.0
0.6358891897741601,0.000715326,0.19167083075000002,0.6496481627499999,5465.0,269.0
0.6771361215841273,0.039235063,0.18653615866666665,0.613367455,5465.0,269.0
0.7824142944270511,0.137562232,0.1808484525,0.4946037465,5465.0,269.0
0.7955014128900364,0.264595711,0.19800217399999998,0.525709976,5465.0,269.0
0.8041672669202944,0.4042374356666667,0.22762233766666665,0.46129210899999995,5465.0,269.0
0.8175153903649472,0.321536221,0.2565228115,0.410921336,5465.0,269.0
0.8142167029392443,0.24660518333333328,0.2519692473333333,0.3602045706666666,5465.0,269.0
0.794508072387514,0.12098300949999999,0.2011043,0.2913260445,5465.0,269.0
0.7406166401306931,0.0365800185,0.18411236250000002,0.23906257050000002,5465.0,269.0
0.6516735060096578,0.0,0.13624915733333334,0.23592104566666663,5465.0,269.0
0.6377574325923943,0.001574165,0.11066234050000001,0.2992746465,5465.0,269.0
0.6813170788434016,0.065803999,0.09299280166666667,0.33068953733333334,5465.0,269.0
0.7868965013438253,0.2726911795,0.0820638735,0.303905671,5465.0,269.0
0.7971735054214852,0.470220537,0.1904263865,0.3825298815,5465.0,269.0
0.8010627655816824,0.4842312475,0.28088477300000003,0.44545980949999997,5465.0,269.0
0.8086442598801111,0.4419266885,0.361995485,0.4143818115,5465.0,269.0
0.8144835216482564,0.3687983735,0.34519658249999996,0.262204058,5465.0,269.0
0.8059492231242102,0.23255121299999998,0.2446694395,0.1663390195,5465.0,269.0
0.7936255974529044,0.1100416635,0.125567452,0.082972936,5465.0,269.0
0.7407083851180662,0.022365582,0.11289647750000001,0.0376478,5465.0,269.0
0.6534710333242423,0.0,0.107827084,0.04453801133333333,5465.0,269.0
0.6481954934512281,0.00974143175,0.10747898449999999,0.04568447875,5465.0,269.0
0.752973300599898,0.08600904849999999,0.0847056275,0.027250551999999997,5465.0,269.0
0.7923244840305418,0.23392978200000003,0.104771047,0.06004928,5465.0,269.0
0.7975612151420948,0.33507498550000003,0.1309898365,0.05389606,5465.0,269.0
0.8103480858775429,0.36822970975,0.18978376325000001,0.06322498074999999,5465.0,269.0
0.8056974706086691,0.28032679433333335,0.23341846166666666,0.04427449133333333,5465.0,269.0
0.7904186392747443,0.1175592,0.19247660100000002,0.0550474075,5465.0,269.0
0.7344436695155152,0.0223392795,0.163456877,0.047682896,5465.0,269.0
0.6423977066890076,0.0,0.14157030233333334,0.07205293833333333,5465.0,269.0
0.6319042563997861,0.0,0.1242697275,0.07517027100000001,5465.0,269.0
0.6754978683768318,0.055094362333333334,0.103116137,0.06849791533333334,5465.0,269.0
0.7815549390254701,0.28539666399999997,0.072756614,0.08210949000000001,5465.0,269.0
0.7981582084848589,0.5820316065,0.0792603305,0.0803701755,5465.0,269.0
0.8339390034303055,0.7486777357500001,0.09550693675,0.11990315925,5465.0,269.0
0.8548863533697013,0.6692434155,0.1350233805,0.214247711,5465.0,269.0
0.8523873487483049,0.4675744965,0.1335827655,0.283647505,5465.0,269.0
0.82480525066169,0.2439063925,0.1540426345,0.356174033,5465.0,269.0
0.719649333501291,0.03614852333333333,0.189750342,0.326783208,5465.0,269.0
0.6395095802839965,0.001439739,0.21163142475000002,0.36562193175,5465.0,269.0
0.6559050569524232,0.067598235,0.22980152799999998,0.438354695,5465.0,269.0
0.7594131762860532,0.2701184635,0.1977714405,0.47913416600000003,5465.0,269.0
0.8071077140064825,0.484827406,0.178554692,0.474537416,5465.0,269.0
0.8543711897494403,0.6831177985,0.251887173,0.426572848,5465.0,269.0
0.8964513205726163,0.8387677315,0.335119305,0.29246358650000004,5465.0,269.0
0.9039025686011819,0.818544793,0.352710113,0.1661786035,5465.0,269.0
0.9005625953926931,0.6895948605,0.3400469055,0.15389139149999997,5465.0,269.0
0.8925319598503099,0.490795788,0.294264694,0.181634779,5465.0,269.0
0.8709185177798204,0.239650048,0.2640082,0.204135548,5465.0,269.0
0.7857745473717621,0.048142499000000005,0.340826335,0.235534875,5465.0,269.0
0.6687537374849086,0.0,0.4370435885,0.3152997995,5465.0,269.0
0.6489098598844144,0.0021760063333333335,0.44618022966666665,0.41695668566666666,5465.0,269.0
0.6458653544309139,0.0737393505,0.399315737,0.5280071184999999,5465.0,269.0
0.6739419337932688,0.26652728400000003,0.3527092845,0.5481789195,5465.0,269.0
0.7494035271071611,0.521246541,0.4062794475,0.551420099,5465.0,269.0
0.7867068349352864,0.7000631900000001,0.568191112,0.5738844715,5465.0,269.0
0.787764777708609,0.720697353,0.6170302085,0.4633376555,5465.0,269.0
0.790712971000555,0.543562481,0.634935951,0.410419219,5465.0,269.0
0.7962114252580641,0.377085864,0.639794194,0.45765132399999997,5465.0,269.0
0.786221558975215,0.259902374,0.657501091,0.575512549,5465.0,269.0
0.7647910153932064,0.130329588,0.6537331200000001,0.724838752,5465.0,269.0
0.7021640228155638,0.014164603500000001,0.65011240725,0.78066241575,5465.0,269.0
0.6289435371021193,0.0018796543333333335,0.6380389233333333,0.7277833386666667,5465.0,269.0
0.6219940665891924,0.0454194175,0.6067093834999999,0.764397609,5465.0,269.0
0.659969208997795,0.17165912433333333,0.5890372266666667,0.8050609573333333,5465.0,269.0
0.7220532881160584,0.421708332,0.5940934295,0.811265776,5465.0,269.0
0.7424331535814302,0.5481567079999999,0.52914764975,0.651610067,5465.0,269.0
0.7540672836503537,0.48110632799999997,0.488603527,0.597287662,5465.0,269.0
0.7554435299115019,0.32663208499999996,0.46573292450000003,0.523463209,5465.0,269.0
0.7456169210866692,0.1608747735,0.41957319800000004,0.415052913,5465.0,269.0
0.6906372204769695,0.01165807975,0.4219634925,0.27883162175,5465.0,269.0
0.640992432659468,0.001102585,0.421491754,0.225652508,5465.0,269.0
0.661146520782516,0.0289869505,0.44822907749999996,0.351273269,5465.0,269.0
0.7554524512889107,0.132911066,0.45799586049999996,0.484811997,5465.0,269.0
0.7936277983368499,0.236504646,0.481292056,0.518867923,5465.0,269.0
0.7966164568693599,0.37628579549999996,0.5478237145,0.47362213249999996,5465.0,269.0
0.8035548604174425,0.5125116795,0.5824340514999999,0.4295220535,5465.0,269.0
0.812460398379089,0.5993338775,0.5597605245,0.3261770385,5465.0,269.0
0.8114659457332724,0.5134710180000001,0.4920444825,0.22373905900000002,5465.0,269.0
0.8076348514957752,0.34369360849999997,0.36624891400000004,0.231321932,5465.0,269.0
0.7967524297452246,0.16051417699999998,0.29125795600000004,0.1665875205,5465.0,269.0
0.7431166622492971,0.0203091515,0.24215930200000002,0.1134894185,5465.0,269.0
0.6585058005942509,0.0,0.21091226466666665,0.09595883599999999,5465.0,269.0
0.6593810856708873,0.0203669685,0.2443637655,0.21876031699999998,5465.0,269.0
0.7612765918432121,0.16796075249999998,0.26327845699999997,0.30236125999999997,5465.0,269.0
0.7961787688374086,0.320798921,0.3098009745,0.263967051,5465.0,269.0
0.8070151880335668,0.4419036015,0.414122524,0.2944823585,5465.0,269.0
0.8156852229218126,0.4726807685,0.4452651915,0.2384195365,5465.0,269.0
0.8132599076310525,0.4074089575,0.4291672225,0.1925752795,5465.0,269.0
0.8013393020483047,0.244112216,0.3684387376666667,0.2097986553333333,5465.0,269.0
0.7886237545258432,0.0958928185,0.3412905055,0.402608093,5465.0,269.0
0.7368794443379199,0.010929939,0.34760498,0.514560269,5465.0,269.0
0.6460771308142237,0.0,0.29300998933333333,0.495157869,5298.666666666667,260.6666666666667
0.6437649211523127,0.0187661945,0.26743940650000003,0.49025614625,4966.0,244.0
0.7476231482689888,0.13576311800000002,0.21300907,0.433627451,4966.0,244.0
0.7745819627323556,0.372428492,0.1996556555,0.3838274075,4966.0,244.0
0.7733846628124847,0.5629058785000001,0.223493062,0.4543882635,4966.0,244.0
0.7796501986120861,0.5192791916666667,0.22555605200000003,0.39225036966666665,4966.0,244.0
0.7802493532130819,0.36426253649999996,0.1984739325,0.29467865699999995,4966.0,244.0
0.7770682833284162,0.282850557,0.168361015,0.2773470615,4966.0,244.0
0.7661280504226633,0.143956953,0.14606472399999998,0.24048917,4966.0,244.0
0.719602699627816,0.013901506,0.13942627400000002,0.21068141099999999,4966.0,244.0
0.6475584608788415,0.0,0.097585044,0.164087959,4966.0,244.0
0.633037789847669,0.0,0.086473007,0.14222469333333335,4966.0,244.0
0.6780941001409886,0.05401674566666667,0.07072410233333333,0.13558193533333332,4966.0,244.0
0.7721895163499644,0.2027281105,0.057712809000000004,0.130289484,4966.0,244.0
0.7701529520938705,0.3113237995,0.0809463725,0.19150558950000002,4966.0,244.0
0.7717990380759923,0.3552114515,0.1247018795,0.236812904,4966.0,244.0
0.7724612730166235,0.3476902295,0.18440197000000003,0.3088298225,4966.0,244.0
0.7711817883996487,0.24169023,0.20547485399999998,0.386648659,4966.0,244.0
0.7688730652828031,0.1469764025,0.19136917650000002,0.322147121,4966.0,244.0
0.7636952100431518,0.077433246,0.166581761,0.271381501,4966.0,244.0
0.7207115437707043,0.0071549245,0.14730563800000002,0.266224483,4966.0,244.0
0.6459882805749951,0.0,0.11362139833333333,0.22480282,4966.0,244.0
0.6449233173884984,0.00538604425,0.08695615400000001,0.24230120700000002,4966.0,244.0
0.7487141024375679,0.0928952475,0.061790782,0.2774322635,4966.0,244.0
0.7727235008036398,0.224862975,0.07594564366666667,0.31338237666666663,4966.0,244.0
0.7729058943404059,0.25280099675,0.12498495074999999,0.32558553025000003,4966.0,244.0
0.7709438950810946,0.19506684766666668,0.13520037466666665,0.18025157466666666,4966.0,244.0
0.7664973497190382,0.09888999400000001,0.09766514600000001,0.1497292805,4966.0,244.0
0.7331066108763123,0.022533066,0.11040483466666666,0.17764841866666667,4966.0,244.0
0.6329852953034947,0.0,0.138939974,0.14469889,4966.0,244.0
0.6093600768284327,0.00059013575,0.14872259325,0.134889611,4966.0,244.0
0.6182733646891745,0.0382558925,0.159320722,0.1618135645,4966.0,244.0
0.661503703930075,0.158617867,0.154127603,0.1647610895,4966.0,244.0
0.696150760223049,0.356303025,0.1688808965,0.170579807,4966.0,244.0
0.7008238403377429,0.4636159615,0.186190444,0.19373136800000001,4966.0,244.0
0.7018545223457631,0.49647011249999995,0.2449776175,0.2532850205,4966.0,244.0
0.7030442969697794,0.435783975,0.243401074,0.253053521,4966.0,244.0
0.7057575074311468,0.29304982150000003,0.2364162455,0.2535143875,4966.0,244.0
0.7036520101727022,0.10748554799999999,0.21688507299999998,0.26134350549999996,4966.0,244.0
0.6947085390121891,0.0053256925,0.20839257449999998,0.286434469,4966.0,244.0
0.6277136836918007,0.0,0.2153424595,0.294152305,4966.0,244.0
0.605655691230318,0.00126262925,0.2811883155,0.43077346275,4966.0,244.0
0.6249176889700453,0.069233553,0.31983403033333335,0.4988614243333333,4966.0,244.0
0.6808140784533798,0.261200347,0.368799623,0.5563026019999999,4966.0,244.0
0.698239574710771,0.42747067250000004,0.39297474050000003,0.5669284885000001,4966.0,244.0
0.6990579676174027,0.47769509450000003,0.441343355,0.5380740605000001,4966.0,244.0
0.6999056092713634,0.44996100699999997,0.52634547,0.44058697,4966.0,244.0
0.702672552684016,0.28386337533333333,0.5349042283333333,0.315858668,4966.0,244.0
0.6998526020781447,0.1075149725,0.44863925849999997,0.3454171775,4966.0,244.0
0.6673590452813553,0.00226930875,0.382586553,0.3503993945,4966.0,244.0
0.6338680779932133,0.00071101375,0.28962053875000004,0.265931807,4966.0,244.0
0.6969548129013792,0.047238577999999996,0.19453578700000002,0.194989889,4966.0,244.0
0.7686352192527752,0.15297449600000002,0.187320291,0.164330453,4966.0,244.0
0.7662659402442136,0.2514815605,0.17392516549999998,0.1426974485,4966.0,244.0
0.7690202074324111,0.323685134,0.143427207,0.13197369949999999,4966.0,244.0
0.7691313333288379,0.267600751,0.1654518475,0.13878337400000001,4966.0,244.0
0.7664625164383891,0.25331300300000004,0.17102981750000001,0.15774874849999998,4966.0,244.0
0.7627256756202169,0.159934725,0.15018704500000002,0.151599828,4966.0,244.0
0.7571217516572509,0.08935841750000001,0.132539145,0.14335970650000002,4966.0,244.0
0.7128887721591756,0.0044369225,0.1205093285,0.1265012815,4966.0,244.0
0.6424584596737781,0.0,0.10220467099999998,0.116840404,4966.0,244.0
0.6428509968970829,0.007784930000000001,0.09107411374999999,0.16461209575000002,4966.0,244.0
0.7461682904593878,0.11062147,0.078517564,0.144733287,4966.0,244.0
0.7735642008471308,0.28171911699999996,0.096169465,0.132339241,4966.0,244.0
0.7720544665323236,0.453808428,0.155452424,0.132021457,4966.0,244.0
0.7762723946516983,0.4540912975,0.2521052705,0.20927321450000003,4966.0,244.0
0.7797026929491573,0.4244883015,0.3017640155,0.25144947149999997,4966.0,244.0
0.7728450307971324,0.32513828850000004,0.267389024,0.19402403899999998,4966.0,244.0
0.7683115203166999,0.19703725449999998,0.21691657749999999,0.17819178400000002,4966.0,244.0
0.7340022902171491,0.039113526333333336,0.22837488633333333,0.18486871533333335,4966.0,244.0
0.6462787474130138,0.0,0.26305106266666667,0.257917607,4966.0,244.0
0.6456112394220261,0.00797699675,0.2475322905,0.31998452525,4966.0,244.0
0.7500686252472415,0.1128428775,0.241514982,0.31722469600000003,4966.0,244.0
0.7760407250554626,0.2756088745,0.2608123485,0.2853440675,4966.0,244.0
0.7706599278956703,0.3561255755,0.34586781850000003,0.233189749,4966.0,244.0
0.7712350084947865,0.3385332425,0.3949256395,0.163327101,4966.0,244.0
0.771100763272434,0.273737683,0.41760732300000003,0.14915324600000002,4966.0,244.0
0.7667547657431898,0.205166395,0.376771629,0.2198489055,4966.0,244.0
0.7629177794243666,0.105336118,0.3550254085,0.249256608,4966.0,244.0
0.7297210608482355,0.010460798333333333,0.34278292099999996,0.26994886,4966.0,244.0
0.6422711835794267,0.0,0.322427352,0.35070575433333334,4966.0,244.0
0.6326310700014717,0.0,0.2785828125,0.327634019,4966.0,244.0
0.6535241352325819,0.006203597,0.254233233,0.511615716,4966.0,244.0
0.7461682904593878,0.08476492699999999,0.23059688750000001,0.603885599,4966.0,244.0
0.7733481967315131,0.2208258795,0.235338141,0.6454574934999999,4966.0,244.0
0.7705178498294573,0.3977573015,0.3115931635,0.6656025855,4966.0,244.0
0.7723276192805371,0.405966014,0.35006616599999996,0.6730071485,4966.0,244.0
0.7722416717284029,0.38760297450000003,0.35277613750000003,0.5975014115,4966.0,244.0
0.7683088936289157,0.3005875305,0.31178399199999995,0.48989738450000003,4966.0,244.0
0.7631169584894772,0.173277242,0.2238667345,0.33979927649999997,4966.0,244.0
0.726737513963784,0.02005414633333333,0.149862621,0.2134220136666667,4966.0,244.0
0.6421517595476556,0.0,0.13255220599999998,0.16503656266666666,4966.0,244.0
0.642711533506678,0.0031478272500000005,0.18719811975,0.1542909625,4966.0,244.0
0.7454641705868923,0.0267546565,0.28794833649999996,0.264842479,4966.0,244.0
0.7697357335045208,0.0663484525,0.31865229650000004,0.37252440750000004,4966.0,244.0
0.7664837192328353,0.0854814805,0.36872402950000005,0.46133705,4966.0,244.0
0.7673588583708669,0.0934532485,0.443698986,0.6182663545,4966.0,244.0
0.7651545876693736,0.086390915,0.524088277,0.7277344695,4966.0,244.0
0.7586189835070488,0.07437997133333334,0.6174664129999999,0.7789981913333334,4966.0,244.0
0.7508028931084411,0.0307850765,0.6609249075000001,0.7834092505,4966.0,244.0
0.7100190483430009,0.0007292925,0.6647974194999999,0.696846875,4966.0,244.0
0.6281650730391928,0.0,0.635525355,0.657208029,4966.0,244.0
0.6049749748291113,0.0003157555,0.546581421,0.49772728625,4966.0,244.0
0.6148655710358354,0.035180381,0.41804208200000004,0.4699431725,4966.0,244.0
0.6566226890552889,0.1771548785,0.3466578905,0.5049592669999999,4966.0,244.0
0.6926124835810785,0.343959664,0.3546850245,0.54311814,4966.0,244.0
0.6978426832842386,0.432952208,0.3010566905,0.649886179,4966.0,244.0
0.6993054921935327,0.42764521899999997,0.32398755199999996,0.6733709605,4966.0,244.0
0.7000011405164099,0.3877571865,0.32839263399999996,0.6498238574999999,4966.0,244.0
0.6997839768309031,0.2493724785,0.3425714885,0.6114700855,4966.0,244.0
0.695215751325654,0.1026204015,0.32174501899999997,0.557125636,4966.0,244.0
0.6588037569683336,0.00068114925,0.30313933800000004,0.50082504875,4966.0,244.0
0.6046563757017044,0.0,0.3115612585,0.45806859225,4966.0,244.0
0.6149712066308228,0.0295737765,0.2873146545,0.424249237,4966.0,244.0
0.6588247112391388,0.1575699545,0.281081055,0.36576218000000005,4966.0,244.0
0.6983244097054048,0.2800457745,0.298699984,0.35670825,4966.0,244.0
0.696072763977711,0.330952246,0.274313048,0.459516046,4966.0,244.0
0.6994844623516588,0.2990253635,0.3099355105,0.525415309,4966.0,244.0
0.7014041032760867,0.2166590765,0.3119174515,0.5313885905,4966.0,244.0
0.6959766646490413,0.0995851155,0.2879617195,0.5694812499999999,4966.0,244.0
0.67044332980855,0.0005161265,0.24903800075,0.5390044955,4966.0,244.0
0.6315101732903988,0.0,0.21232282433333335,0.45146726433333334,4966.0,244.0
0.6774828768177716,0.029141128333333335,0.18279568799999998,0.3446562723333333,4966.0,244.0
0.770018067751554,0.18700707500000002,0.179901757,0.28983184549999996,4966.0,244.0
0.767710385948765,0.37009811550000005,0.181985628,0.27486710950000004,4966.0,244.0
0.7710966062312951,0.4677761836666667,0.18425579833333336,0.2848483936666667,4966.0,244.0
0.7722432809189794,0.37930336249999996,0.17499170800000002,0.2664681965,4966.0,244.0
0.769236117109045,0.2593974365,0.1679541155,0.246193015,4966.0,244.0
0.7644379732708184,0.16698431549999998,0.14190366450000003,0.2219554505,4966.0,244.0
0.7246928090396864,0.027612016,0.09839733933333332,0.1778030316666667,4966.0,244.0
0.6418612297503145,0.0,0.049266900333333336,0.125705221,4966.0,244.0
0.641258284784102,0.002613615,0.050375267,0.08455275925,4966.0,244.0
0.7460858926532618,0.1478706905,0.048134962,0.040920217499999995,4966.0,244.0
0.7700849105320139,0.3848596086666667,0.04507133666666666,0.03305939933333333,4966.0,244.0
0.7706619157396278,0.548110935,0.093968919,0.025650691333333333,4966.0,244.0
0.7702084202924456,0.3914843253333333,0.09661078133333334,0.05380668133333333,4966.0,244.0
0.7639133916400722,0.259107654,0.095866181,0.106652465,4966.0,244.0
0.7563134392837111,0.1114371545,0.104126864,0.138788237,4966.0,244.0
0.710834649086524,0.00085847,0.095426209,0.15001615699999998,4966.0,244.0
0.6462004827621434,0.0,0.060245243000000004,0.13124038300000002,4966.0,244.0
0.6326961457788428,0.0,0.08229305599999999,0.14765456366666665,4966.0,244.0
0.6775598318871218,0.04119167333333333,0.11954096933333332,0.19134191266666667,4966.0,244.0
0.7687445228496033,0.19828370150000002,0.1368449975,0.249906475,4966.0,244.0
0.7683603154484067,0.334109623,0.23184338,0.249361046,4966.0,244.0
0.7697109337445749,0.34608249150000003,0.28256654550000004,0.22578553499999998,4966.0,244.0
0.7696481375503024,0.2478043613333333,0.318818297,0.23370057833333335,4966.0,244.0
0.7658003287172497,0.175318475,0.2953403725,0.26302293050000003,4966.0,244.0
0.7622731030931899,0.092871115,0.2852711495,0.27573096799999997,4966.0,244.0
0.7304642184691138,0.012247485,0.373202477,0.29865663400000003,4966.0,244.0
0.6502180250270265,0.0,0.451974305,0.3769867135,4966.0,244.0
0.6368816624804516,0.0,0.47906567,0.5374219483333333,4966.0,244.0
0.6566424719513319,0.008425226499999999,0.47422154800000005,0.5640621495,4966.0,244.0
0.7485606181717404,0.045755577000000006,0.5202772115000001,0.567108102,4966.0,244.0
0.7707952381798938,0.09103871166666666,0.5475180006666667,0.5287280373333333,4966.0,244.0
0.7691150682849354,0.12548452766666665,0.5088326543333334,0.47238048966666674,4966.0,244.0
0.768563517489959,0.0934413825,0.4546408415,0.287954665,4966.0,244.0
0.7634182003460962,0.040683705333333334,0.44609815399999997,0.1768158046666667,4966.0,244.0
0.7563725990938729,0.007604992499999999,0.414341761,0.1452674675,4966.0,244.0
0.7136929903128302,0.0,0.3898592815,0.1387786405,4966.0,244.0
0.6466169677925455,0.0,0.324459547,0.2240344845,4966.0,244.0
0.6341069414168973,0.0,0.3407529595,0.3871514565,4966.0,244.0
0.697095779031401,0.027867106500000002,0.3677807195,0.582978395,4966.0,244.0
0.7688517204156753,0.128439321,0.3959119765,0.731424509,4966.0,244.0
0.7662979811546511,0.28583654599999997,0.435658721,0.7550378305000001,4966.0,244.0
0.7667308020581932,0.43081074733333335,0.50120769,0.7822284979999999,4966.0,244.0
0.7671578097866654,0.4208947625,0.518710107,0.801962855,4966.0,244.0
0.7613500444550805,0.3143959375,0.5006864759999999,0.8428573945,4966.0,244.0
0.7539852566276934,0.13091958499999998,0.40450592,0.8795964906666667,4966.0,244.0
0.7099936807065348,0.0,0.39583242799999996,0.889565683,4966.0,244.0
0.6219336683719199,0.0,0.3543549406666666,0.8254953813333333,4966.0,244.0
0.6061411328728168,0.00400213575,0.46922566425,0.832866394,4966.0,244.0
0.6438572026400964,0.10157817133333334,0.623557344,0.886769003,4966.0,244.0
0.6929258410342387,0.1849049445,0.737521773,0.8706590359999999,4966.0,244.0
0.695197175426095,0.171080344,0.7082400975,0.8375888255,4966.0,244.0
0.6954561296044823,0.151737867,0.6584716595,0.8203398755,4966.0,244.0
0.696085471612793,0.193065997,0.6215132265,0.7984402655,4966.0,244.0
0.6975088089618818,0.186030998,0.591292438,0.7785821165,4966.0,244.0
0.6957145395160957,0.0762757855,0.579167315,0.8028628525,4966.0,244.0
0.6875072055287696,0.0,0.5994582365000001,0.816018554,4966.0,244.0
0.6219382435540851,0.0,0.6266394923333333,0.8003226996666667,4966.0,244.0
0.6058277160846373,0.00077663525,0.5473916095,0.78323418075,4966.0,244.0
0.6441919050294187,0.11498540833333333,0.493534808,0.778670515,4966.0,244.0
0.6928225481887753,0.277431045,0.525627785,0.7896288045,4966.0,244.0
0.698944132399081,0.3575127925,0.53456254275,0.7824782909999999,4966.0,244.0
0.700936693680579,0.33397929400000004,0.5055621204999999,0.7770091555,4966.0,244.0
0.7031449633345617,0.20460037650000001,0.4481350165,0.765577725,4966.0,244.0
0.6978407665456561,0.085875237,0.39758686050000003,0.762984087,4966.0,244.0
0.6771056739863672,0.0,0.37990271366666667,0.7416463539999999,4966.0,244.0
0.6331734708808411,0.0,0.32429223575,0.61164487225,4966.0,244.0
0.6518318808065373,0.0012630015,0.3062157075,0.4872442,4966.0,244.0
0.746087596489925,0.0487953695,0.284908748,0.401985088,4966.0,244.0
0.7727129624347735,0.126527111,0.26917140500000003,0.3425654615,4966.0,244.0
0.766481163581392,0.266477607,0.3042167335,0.373312176,4966.0,244.0
0.766218825339424,0.3873047275,0.3808911975,0.36924945725,4966.0,244.0
0.7608135123579456,0.305070916,0.42879074100000003,0.416384836,4966.0,244.0
0.7558031030280767,0.17341087849999998,0.390853778,0.407660951,4966.0,244.0
0.7247416987484455,0.016009475333333332,0.333470285,0.39848131766666667,4966.0,244.0
0.6454742372440809,0.0,0.329657137,0.476741778,4966.0,244.0
0.632516655101757,0.0,0.3020216805,0.46554375824999994,4966.0,244.0
0.6975558528303305,0.0344863215,0.26654573800000003,0.425709342,4966.0,244.0
0.7706169778329006,0.185759696,0.22277188250000002,0.3182039915,4966.0,244.0
0.7664689529935924,0.37267652,0.242214283,0.3205229815,4966.0,244.0
0.7690656542258106,0.4790318105,0.22092684475000002,0.3405497155,4966.0,244.0
0.766742602374882,0.3810584755,0.238680736,0.275225561,4966.0,244.0
0.7630292128687992,0.220076579,0.2171934155,0.2086686795,4966.0,244.0
0.7513038817686222,0.072109586,0.2281253205,0.198187325,4966.0,244.0
0.7112776377135355,0.0,0.27847612499999996,0.287098925,4966.0,244.0
0.6463608770207105,0.0,0.38067724049999996,0.36038999800000004,4966.0,244.0
0.6327124741272392,0.0,0.4459126115,0.434719918,4966.0,244.0
0.6353908511008546,0.0,0.47292001699999997,0.5454914295,4966.0,244.0
0.69710877039764,0.0106622525,0.5302922809999999,0.6278769774999999,4966.0,244.0
0.768725686414427,0.0439789005,0.5934840205,0.7076182495000001,4966.0,244.0
0.7689754118745026,0.0897979215,0.659536063,0.7727475985000001,4966.0,244.0
0.7692580772792876,0.138469444,0.6963955239999999,0.6975978405000001,4966.0,244.0
0.7692764640937765,0.12524531849999998,0.644500353,0.6247309139999999,4966.0,244.0
0.7655279809094964,0.10146178566666668,0.5545988949999999,0.7332700440000001,4966.0,244.0
0.7590912288203389,0.06720053,0.479805736,0.790309693,4966.0,244.0
0.7241728654123589,0.005077512,0.4484264306666667,0.8001951943333333,4966.0,244.0
0.6420809885749098,0.0,0.44241178200000003,0.8187106776666667,4966.0,244.0
0.642417166262697,0.001445192,0.34130079850000006,0.8069555789999999,4966.0,244.0
0.7456423363568332,0.0742080845,0.292338136,0.816841594,4966.0,244.0
0.7687983663248743,0.3079573743333333,0.27876127900000003,0.8295559360000001,4966.0,244.0
0.7667641839607778,0.4048793885,0.255426293,0.8059082125,4966.0,244.0
0.7688517204156753,0.32175326049999997,0.2692533125,0.78690296,4966.0,244.0
0.7668236040994538,0.265488271,0.2651938085,0.7089301555,4966.0,244.0
0.7599280323583082,0.1880447515,0.23827006350000002,0.5739372275000001,4966.0,244.0
0.7513040474510495,0.0526985255,0.23641306499999998,0.4476360385,4966.0,244.0
0.7103824079243519,0.0,0.248332532,0.3757633415,4966.0,244.0
0.6463467022677335,0.0,0.240344506,0.2919753385,4966.0,244.0
0.6337222017609027,0.0,0.24772621300000003,0.35435923725,4966.0,244.0
0.6972553446707277,0.01686887,0.2661751465,0.4252190415,4966.0,244.0
0.770647906600044,0.09514519,0.24355474600000002,0.411047016,4966.0,244.0
0.7685951089868119,0.213430867,0.2494797065,0.4059811585,4966.0,244.0
0.766111296408497,0.301913144,0.28730524150000003,0.508927576,4966.0,244.0
0.7657511313914502,0.286662409,0.280135161,0.47352335300000004,4966.0,244.0
0.7647174205015534,0.2444364365,0.27701869300000004,0.462183099,4966.0,244.0
0.7608527946259778,0.13188622249999998,0.269377365,0.47101362,4966.0,244.0
0.7562626801939298,0.0347768445,0.256436648,0.504007666,4966.0,244.0
0.7168266613544461,0.0,0.249876789,0.5498845375,4966.0,244.0
0.6224703504806859,0.0,0.22089015199999998,0.48351093600000006,4966.0,244.0
0.6076078462956168,0.00065838325,0.16632838525,0.505056094,4966.0,244.0
0.6494986024493948,0.098955375,0.12957092766666667,0.5224634389999999,4966.0,244.0
0.7024384060664555,0.282592342,0.14596328,0.5469768325,4966.0,244.0
0.69573332873178,0.39992485600000005,0.1624499965,0.5267506765,4966.0,244.0
0.69551767938366,0.4440893935,0.200522947,0.42317119000000003,4966.0,244.0
0.6960333872706952,0.3277157155,0.24461674949999998,0.435536479,4966.0,244.0
0.7005462390163527,0.1893552455,0.23291945600000002,0.3695126605,4966.0,244.0
0.7066019073013114,0.0443177605,0.203238378,0.3973206625,4966.0,244.0
0.6642075907163895,0.0,0.214424832,0.4850285125,4966.0,244.0
0.6065517019014924,0.0,0.22888006125,0.46214165725,4966.0,244.0
0.6175589983940568,0.03057446,0.22606602650000002,0.45838773600000005,4966.0,244.0
0.6621821958375902,0.18930699699999998,0.207928395,0.4133167525,4966.0,244.0
0.7034796186424608,0.428703754,0.21872497600000002,0.40222320349999996,4966.0,244.0
0.6970558106310163,0.5663985650000001,0.20578517600000001,0.3875885105,4966.0,244.0
0.6956360700403244,0.5854625855,0.22843641450000002,0.37207721000000005,4966.0,244.0
0.6960951501588952,0.490372614,0.21052797499999998,0.343089625,4966.0,244.0
0.6969547420721414,0.295226872,0.173936426,0.288120856,4966.0,244.0
0.7011746817832883,0.06829445,0.14456361150000002,0.2362761975,4966.0,244.0
0.6816843586780891,0.0,0.13030276066666666,0.21494130600000003,4966.0,244.0
0.6351094871315369,0.0,0.1516318955,0.1993112385,4966.0,244.0
0.6409332727112377,0.0011888295,0.2306403685,0.23428337225,4966.0,244.0
0.7563357780383004,0.07465895133333333,0.325078908,0.2901694636666667,4966.0,244.0
0.7704620266562812,0.203951753,0.435263944,0.268159033,4966.0,244.0
0.766163570042768,0.25857299850000004,0.4502378415,0.207018068,4966.0,244.0
0.7671541653945707,0.19594127900000002,0.44652104433333334,0.16003504533333332,4966.0,244.0
0.7604787469402666,0.10659972233333333,0.28587423533333334,0.1955484643333333,4966.0,244.0
0.75106672207805,0.024795054,0.187842264,0.2114019425,4966.0,244.0
0.7101104147460275,0.0,0.14497015400000002,0.1633841445,4966.0,244.0
0.6422182553614986,0.0,0.107745478,0.062292782,4966.0,244.0
0.6425336874002705,0.0010165285,0.07484686474999999,0.0492323825,4966.0,244.0
0.7457335368703295,0.066735413,0.0658295845,0.063295347,4966.0,244.0
0.7728884540903354,0.156901582,0.059619434,0.066818481,4966.0,244.0
0.7663801660588578,0.269737186,0.0632106885,0.07453480900000001,4966.0,244.0
0.7688351557972339,0.36234641574999993,0.1246590025,0.14010992025,4966.0,244.0
0.7663540408394922,0.332142728,0.1550372615,0.18011524299999998,4966.0,244.0
0.7622441148814779,0.22568313699999998,0.144430272,0.160457873,4966.0,244.0
0.7512534540436959,0.066851752,0.2042733215,0.22661252399999998,4966.0,244.0
0.6784300094922776,0.0,0.26216298225,0.33197339525,4966.0,244.0
0.63379387970687,0.0,0.28207033825,0.30858524775,4966.0,244.0
0.69692291385652,0.012455291,0.34057337499999996,0.29574035649999997,4966.0,244.0
0.7690287738352188,0.101075421,0.381007396,0.4168839805,4966.0,244.0
0.7661294072927097,0.270754985,0.5270423223333333,0.515147618,4966.0,244.0
0.7663057901816627,0.308809504,0.6278789945,0.480032945,4966.0,244.0
0.7655479295570011,0.1992740495,0.607389969,0.40748535649999995,4966.0,244.0
0.7593507824929763,0.10559733433333333,0.5580268563333334,0.6247754046666666,4966.0,244.0
0.7504461595815697,0.015194235,0.5661449965,0.8065296230000001,4966.0,244.0
0.7105541843585814,0.0,0.5385730310000001,0.8349898305000001,4966.0,244.0
0.6463535412241324,0.0,0.4518705005,0.7302662595,4966.0,244.0
0.631947025109332,0.0,0.372284648,0.7091386116666666,4966.0,244.0
0.6520246707430398,0.000809758,0.318235524,0.745965714,4966.0,244.0
0.7464646337769707,0.0365847765,0.3073791795,0.7706112605,4966.0,244.0
0.7705227088118138,0.23400496233333334,0.295581802,0.7825331919999999,4966.0,244.0
0.7679382616245153,0.460841874,0.33344967333333336,0.7449420133333332,4966.0,244.0
0.7685110073440227,0.4481898825,0.3575735645,0.7298792304999999,4966.0,244.0
0.7637686866789721,0.3544910145,0.36395838199999997,0.6800840164999999,4966.0,244.0
0.7563298621401255,0.166851936,0.3146163935,0.5626262235,4966.0,244.0
0.7268094362913319,0.0013090976666666667,0.2581795536666667,0.4289595216666666,4966.0,244.0
0.6410987625328608,0.0,0.215953046,0.308530762,4966.0,244.0
0.6415848115050076,0.00077702275,0.17361623025,0.17215695825,4966.0,244.0
0.7497887994321599,0.0877531665,0.153121912,0.1142236025,4966.0,244.0
0.7728307613980687,0.32396726600000003,0.14382329849999997,0.109418704,4966.0,244.0
0.7671739484977168,0.5435049745,0.131749814,0.08603026999999999,4966.0,244.0
0.7689764055548611,0.54636847425,0.10704173675,0.05196355475,4966.0,244.0
0.7649317209876111,0.3297569645,0.06602889549999999,0.0436879275,4966.0,244.0
0.7589403474254467,0.205134671,0.088252814,0.040871997,4966.0,244.0
0.7260942181123996,0.001240407,0.11792695199999999,0.10628099,4966.0,244.0
0.6378203944000599,0.0,0.20351901900000002,0.3870083093333334,5837.666666666667,287.0
0.6181311563551528,0.000652044,0.2323627745,0.6281303782500001,7581.0,373.0
0.6469711930945685,0.141223177,0.253913081,0.694743451,7581.0,373.0
0.6942282560991719,0.4231663355,0.199295264,0.6559072895,7581.0,373.0
0.7030449833092351,0.618163507,0.24056971649999997,0.5834672445,7581.0,373.0
0.701555410578369,0.58945282275,0.303799151,0.5328805357499999,7581.0,373.0
0.7044722411877977,0.24986656666666665,0.22853215033333338,0.5458348823333333,7581.0,373.0
0.7028711480637415,0.027485422500000002,0.2028452745,0.600090708,7581.0,373.0
0.6833508191805885,0.0,0.20363443133333334,0.6633636146666667,7581.0,373.0
0.6257627828424779,0.0,0.20882606199999998,0.7411756764999999,7581.0,373.0
0.6156585843975765,0.0,0.22704163725,0.8073898285,7581.0,373.0
0.6430582455248224,0.034257322,0.22875561649999998,0.838791229,7581.0,373.0
0.6898368949283963,0.13699357,0.220988432,0.8321679225,7581.0,373.0
0.7021813448098015,0.274953373,0.2169206375,0.7978999,7581.0,373.0
0.7019453919086104,0.39644005800000004,0.260903439,0.7600614015,7581.0,373.0
0.7013900233762993,0.39524058549999996,0.328550782,0.7170207045,7581.0,373.0
0.7042424487044305,0.27323693849999997,0.3641466,0.7577750475,7581.0,373.0
0.7050164481782121,0.06843161266666667,0.41322593099999994,0.7601026593333334,7581.0,373.0
0.6974386927798961,0.0,0.3795207095,0.6768704185,7581.0,373.0
0.6561660068446834,0.0,0.3158636046666667,0.6875688816666666,7581.0,373.0
0.6530492475607115,0.0003351395,0.31388473925,0.82661988575,7581.0,373.0
0.761861232525495,0.05469423,0.29012262349999995,0.8704716455,7581.0,373.0
0.7761523475849657,0.186280441,0.27717271,0.8652422285,7581.0,373.0
0.7698902588773018,0.34708234400000004,0.2868572495,0.7518096475,7581.0,373.0
0.7695115177535927,0.410322164,0.28919692350000004,0.4975972625,7581.0,373.0
0.7678352288314286,0.30182331366666665,0.24185143866666667,0.28747214166666674,7581.0,373.0
0.7646611477076899,0.142670739,0.17589197950000002,0.194181453,7581.0,373.0
0.7597460803306941,0.029424917,0.17128417750000002,0.24914348349999998,7581.0,373.0
0.7229463170212963,0.0,0.15904449650000002,0.25851248699999996,7581.0,373.0
0.6563486133178859,0.0,0.13119591733333333,0.295300269,7581.0,373.0
0.6529894725509864,0.0,0.1319273965,0.21340057500000004,7581.0,373.0
0.7691323115455031,0.07977271833333334,0.09276099066666667,0.18160105499999998,7581.0,373.0
0.7719698206227601,0.234763118,0.0777775555,0.17763509049999998,7581.0,373.0
0.7694452116461292,0.371996111,0.07220583433333334,0.137490587,7581.0,373.0
0.7679920102465966,0.35503466100000003,0.0598892025,0.12257101549999999,7581.0,373.0
0.7654220925797727,0.22335328333333335,0.055686321000000004,0.14788012933333333,7581.0,373.0
0.7595712039782472,0.038672513,0.069828975,0.184396094,7581.0,373.0
0.7226680293604504,0.0,0.065416505,0.1998966935,7581.0,373.0
0.656201944329677,0.0,0.061904075,0.12432459066666667,7581.0,373.0
0.6399805633388097,0.0,0.07512648999999999,0.1006454165,7581.0,373.0
0.6927649895612062,0.004985682,0.09963965599999998,0.10888507933333334,7581.0,373.0
0.7789683306489742,0.1290100455,0.10624993199999999,0.1180172825,7581.0,373.0
0.7717918363441116,0.3383322243333333,0.126175802,0.12441480733333332,7581.0,373.0
0.7686897054723133,0.3860542105,0.1489775825,0.09113662374999999,7581.0,373.0
0.7649033005833848,0.22300973333333332,0.13698640866666667,0.041781502,7581.0,373.0
0.7594278953058042,0.030314338,0.1564149115,0.048269684,7581.0,373.0
0.7226360120597588,0.0,0.174052704,0.0695454675,7581.0,373.0
0.6561495366307085,0.0,0.17455567100000002,0.09776774833333333,7581.0,373.0
0.6529031821397789,0.0,0.15081215074999998,0.08632461025,7581.0,373.0
0.7604962029646849,0.040468861,0.163665848,0.0731255885,7581.0,373.0
0.7764444550241879,0.13003231999999998,0.201415861,0.092511727,7581.0,373.0
0.7728503314957439,0.25815701975,0.24050256625,0.1184006955,7581.0,373.0
0.7705484944512375,0.2387347435,0.2411624075,0.142241343,7581.0,373.0
0.7663498287089462,0.15662196066666664,0.21100934433333332,0.187548112,7581.0,373.0
0.7599240093818669,0.016566753,0.23721042,0.26300296850000005,7581.0,373.0
0.6926717497386483,0.0,0.257821475,0.255935096,7581.0,373.0
0.6425526422983824,0.0,0.282259612,0.2404346145,7581.0,373.0
0.7139843169736129,0.004786774,0.2775033605,0.18769421,7581.0,373.0
0.7751915214304173,0.10247813049999999,0.287487637,0.2035119305,7581.0,373.0
0.7698096359441796,0.2549634175,0.3103863405,0.2345881135,7581.0,373.0
0.7692691757237932,0.410323325,0.360622198,0.192883728,7581.0,373.0
0.7697539784534311,0.4633452285,0.388100452,0.210087093,7581.0,373.0
0.7661493953588253,0.34480695766666664,0.3891890276666667,0.28505746633333334,7581.0,373.0
0.7630434582439111,0.110014353,0.372956599,0.349846141,7581.0,373.0
0.7352413173944408,0.0,0.38611824166666664,0.30225972733333334,7581.0,373.0
0.6427265482695621,0.0,0.42148128949999997,0.2599368565,7581.0,373.0
0.6157298056606428,0.0,0.4193698078,0.3037942636,7581.0,373.0
0.6409526770229339,0.053853312,0.44774247899999997,0.4148449665,7581.0,373.0
0.6899408505035693,0.21217560149999998,0.4492521385,0.4886390775,7581.0,373.0
0.704085438716547,0.387339872,0.47113765799999996,0.450007749,7581.0,373.0
0.7024917208076801,0.44436337975,0.4875600565,0.43819296025,7581.0,373.0
0.7037251080170728,0.269846543,0.45694767999999997,0.423799257,7581.0,373.0
0.7053270371470439,0.083961627,0.43948352700000004,0.4582017835,7581.0,373.0
0.7008756407415806,0.0,0.45170811933333327,0.505317512,7581.0,373.0
0.6454445624858103,0.0,0.5453772255,0.531327393,7581.0,373.0
0.6151194374175305,0.0,0.55031021875,0.50531032525,7581.0,373.0
0.6249812107843156,0.005718474,0.5530524025,0.5163878675,7581.0,373.0
0.6724722153054411,0.1152372625,0.5511501025,0.5838156965,7581.0,373.0
0.7068049672701819,0.274229531,0.530299749,0.635902427,7581.0,373.0
0.7041911099332563,0.41423408549999996,0.5776466162499999,0.65389790375,7581.0,373.0
0.7030713212234169,0.306548237,0.5972901159999999,0.687543995,7581.0,373.0
0.7043867986909299,0.15306022,0.63832745,0.6956997665,7581.0,373.0
0.7036384271130942,0.0088655895,0.7059837680000001,0.776581328,7581.0,373.0
0.6797077902725891,0.0,0.73540748425,0.8367385755,7581.0,373.0
0.6406771660615033,0.0,0.720930298,0.835286941,7581.0,373.0
0.6660566423319496,0.0,0.679683995,0.8316290639999999,7581.0,373.0
0.7682641452904994,0.07050846666666666,0.639036928,0.8043025533333333,7581.0,373.0
0.7768886742574292,0.24200630950000002,0.574503577,0.7710804585,7581.0,373.0
0.7737405683414249,0.36239621050000004,0.5737873575000001,0.722242512,7581.0,373.0
0.7729921021175026,0.4288113585,0.640677862,0.7229352394999999,7581.0,373.0
0.7693462491180103,0.320138068,0.6451752175000001,0.661923948,7581.0,373.0
0.7672201877708773,0.168567241,0.6097592545,0.6028472435000001,7581.0,373.0
0.7537542177292313,0.007753346666666667,0.570988026,0.588992805,7581.0,373.0
0.693145253030286,0.0,0.5299321375,0.5481840625000001,7581.0,373.0
0.6479975209683952,0.0,0.456965452,0.49383324500000003,7581.0,373.0
0.6424917311904453,0.0,0.4016709526666667,0.6249241946666667,7581.0,373.0
0.7153639945178335,0.002795597,0.3783556535,0.713142742,7581.0,373.0
0.7813093786145174,0.0780859095,0.401168321,0.699598911,7581.0,373.0
0.7815028785002214,0.19912766199999998,0.46389185099999997,0.5443764695,7581.0,373.0
0.7789903852582005,0.26712891699999997,0.481439179,0.344129564,7581.0,373.0
0.7734744908541725,0.2209548835,0.512694785,0.300214213,7581.0,373.0
0.7709493376107676,0.195460836,0.475740842,0.2458486625,7581.0,373.0
0.7687601409036262,0.1076214495,0.420844946,0.2656406515,7581.0,373.0
0.7635413708027236,0.0052174255,0.42686649600000004,0.2831634455,7581.0,373.0
0.726003932373006,0.0,0.435025723,0.3554728625,7581.0,373.0
0.6639155780268055,0.0,0.45627902200000003,0.3186562555,7581.0,373.0
0.6424724806872693,0.0,0.4233271265,0.326215491,7581.0,373.0
0.7155227083423802,0.0024290545,0.389831892,0.3416874645,7581.0,373.0
0.7817785158635374,0.11672460850000001,0.4010531975,0.3520948265,7581.0,373.0
0.7825959861261511,0.300354054,0.44428113550000004,0.4072247,7581.0,373.0
0.7813187494055107,0.41217548400000004,0.539293879,0.527343298,7581.0,373.0
0.7754501916705445,0.378869752,0.6103964825,0.565284652,7581.0,373.0
0.770209201277988,0.22705932850000002,0.620992515,0.48992316049999995,7581.0,373.0
0.7702151646027579,0.10753721699999999,0.5830928555,0.4712262885,7581.0,373.0
0.756307065825899,0.002888978,0.5496503066666666,0.4535755043333333,7581.0,373.0
0.6954755575259246,0.0,0.552744941,0.4728861305,7581.0,373.0
0.6481044582059532,0.0,0.509157664,0.4449926065,7581.0,373.0
0.6530262816981341,0.0,0.40150088925000005,0.38337762075000004,7581.0,373.0
0.7636962277474624,0.036599275,0.350604027,0.5077418455,7581.0,373.0
0.783775561339934,0.188733117,0.360093651,0.6023908445,7581.0,373.0
0.7807567550258231,0.332382538,0.42580550949999996,0.65616334,7581.0,373.0
0.7755248040594049,0.31803134975,0.498691956,0.68288361925,7581.0,373.0
0.7735986555434333,0.151600254,0.4586712435,0.6209321864999999,7581.0,373.0
0.7714895377097429,0.03415448,0.4174780385,0.5770497029999999,7581.0,373.0
0.7237064966821846,0.0,0.39340855275000003,0.5701424515,7581.0,373.0
0.6440001050799375,0.0,0.32340305725,0.67704899025,7581.0,373.0
0.6656965719609895,0.0,0.31818360700000003,0.739814041,7581.0,373.0
0.7640062013441451,0.027444979499999998,0.321531848,0.7658498185,7581.0,373.0
0.7845943802575073,0.145978615,0.332076284,0.7728779445,7581.0,373.0
0.7811058452081104,0.2849237475,0.389495628,0.7839052755,7581.0,373.0
0.7754322544767434,0.3560372625,0.449004007,0.7773820920000001,7581.0,373.0
0.7734017954109977,0.2651160625,0.4700454895,0.7175798545000001,7581.0,373.0
0.7736361867553102,0.128774853,0.464894492,0.6039773635,7581.0,373.0
0.7714004192030506,0.0269206655,0.433245194,0.5363226525,7581.0,373.0
0.7532416966056192,0.0,0.42568006550000004,0.4922001675,7581.0,373.0
0.6889512490392282,0.0,0.393578648,0.416493225,7581.0,373.0
0.6284336347273416,0.0,0.35552741099999996,0.31346238049999997,7581.0,373.0
0.619421206954732,0.0,0.36942857725,0.38115987524999995,7581.0,373.0
0.6666467415598734,0.08236118066666666,0.352953354,0.441840583,7581.0,373.0
0.7191866169986094,0.2912156585,0.3894740975,0.5254352965,7581.0,373.0
0.7121666279715356,0.367755866,0.4452979213333333,0.6062871906666666,7581.0,373.0
0.7073487957452841,0.32700793899999997,0.5215830279999999,0.656276764,7581.0,373.0
0.7169344506138874,0.143909632,0.475464386,0.5907426735000001,7581.0,373.0
0.7187625199652157,0.002654357,0.4159119803333333,0.5366044736666667,7581.0,373.0
0.6570669198863001,0.0,0.3911835655,0.49717528824999996,7581.0,373.0
0.6239249480308072,0.0,0.31709203725,0.44610004075,7581.0,373.0
0.6680380854251196,0.05230330466666666,0.28799665166666666,0.5110914129999999,7581.0,373.0
0.7229100640493471,0.19472248450000001,0.29754853049999996,0.3880580515,7581.0,373.0
0.7218034205833013,0.2862158415,0.3560789725,0.3738017885,7581.0,373.0
0.7166693436114537,0.3027629195,0.47408591850000004,0.290183338,7581.0,373.0
0.714718418945282,0.1727053355,0.487881001,0.32350689,7581.0,373.0
0.7131811318498934,0.034845196,0.458177986,0.36281456733333334,7581.0,373.0
0.6939014809581765,0.0,0.42013225499999995,0.47147847575,7581.0,373.0
0.6452500451028987,0.0,0.4006973893333334,0.5733440643333333,7581.0,373.0
0.6437896735892153,0.0,0.402040873,0.675773726,7581.0,373.0
0.7157055832211152,0.000608282,0.4191438845,0.725778782,7581.0,373.0
0.782156144636849,0.081546324,0.4064514465,0.752657431,7581.0,373.0
0.7821220685248933,0.2168457465,0.400087773,0.770353504,7581.0,373.0
0.7746332895951054,0.27501420875,0.4874187215,0.8077188430000001,7581.0,373.0
0.7697570073353078,0.160261612,0.484533129,0.8203000025,7581.0,373.0
0.7677180767199439,0.073301558,0.41679372849999996,0.807502682,7581.0,373.0
0.762546303060895,0.000987768,0.394390413,0.814896054,7581.0,373.0
0.7239590620426182,0.0,0.3831928865,0.8156407345,7581.0,373.0
0.6561495366307085,0.0,0.32416165933333335,0.7270385246666667,7581.0,373.0
0.6527983509329768,0.0,0.36083142450000005,0.64774643325,7581.0,373.0
0.765293392403095,0.027924376,0.4249717796666667,0.6023639583333333,7581.0,373.0
0.7700166006336591,0.1502014265,0.44386352149999997,0.527298028,7581.0,373.0
0.7692294912616686,0.28185192800000003,0.4819730475,0.4901356065,7581.0,373.0
0.7700006984342729,0.377066281,0.514558847,0.41281153400000004,7581.0,373.0
0.7657808060806864,0.272117343,0.4606696723333334,0.298705464,7581.0,373.0
0.7634601091638438,0.045070601,0.479647836,0.3295407395,7581.0,373.0
0.7466511526335942,0.0,0.5227927695,0.4157858415,7581.0,373.0
0.6918534395696789,0.0,0.5409103345,0.4502279455,7581.0,373.0
0.6437285734307252,0.0,0.5704830350000001,0.581989391,7581.0,373.0
0.6657688416003258,0.0,0.580056152,0.702391641,7581.0,373.0
0.7590029623355297,0.015201263,0.577271214,0.802269922,7581.0,373.0
0.7752936549130944,0.12089712150000001,0.5875812035000001,0.862519488,7581.0,373.0
0.7694757380120769,0.2644440005,0.6602879745,0.8739003235,7581.0,373.0
0.7686392303207921,0.41384811750000006,0.6679129055,0.8262707145,7581.0,373.0
0.7652787049320395,0.2061758555,0.657484697,0.778015303,7581.0,373.0
0.7638847581958582,0.0213904365,0.7087508655000001,0.621509717,7581.0,373.0
0.7342933564113491,0.0,0.76045223,0.6327971136666667,7581.0,373.0
0.6518110802061838,0.0,0.82242559125,0.7414358400000001,7581.0,373.0
0.6439319883741965,0.0,0.855654863,0.7859402265,7581.0,373.0
0.7153944972740353,0.0,0.853984436,0.813673663,7581.0,373.0
0.7818155262112831,0.0944091615,0.83402595,0.5212684925,7581.0,373.0
0.7818047353147836,0.274417308,0.8114824654999999,0.383944474,7581.0,373.0
0.7764851807313348,0.34585323933333334,0.8031041143333333,0.6729347143333334,7581.0,373.0
0.7721307353312524,0.3161714025,0.831458755,0.668636197,7581.0,373.0
0.7703996484649663,0.2002274735,0.8100458500000001,0.756031005,7581.0,373.0
0.7685513463898044,0.029091856,0.7647760699999999,0.8348866763333334,7581.0,373.0
0.7286650821020215,0.0,0.7159451975,0.8874998599999999,7581.0,373.0
0.6639812216116622,0.0,0.622218582,0.895460675,7581.0,373.0
0.6427515493336575,0.0,0.5436624247499999,0.8734264875000001,7581.0,373.0
0.7163197329792412,0.0,0.5170508819999999,0.8042848410000001,7581.0,373.0
0.7840410469267144,0.048939314,0.528140328,0.6987018979999999,7581.0,373.0
0.7821052198646403,0.120849388,0.5593557105,0.717234563,7581.0,373.0
0.7773069576670297,0.11874146275,0.67412352325,0.7294542334999999,7581.0,373.0
0.7755149598999096,0.10517004066666664,0.6838991666666668,0.4933063926666666,7581.0,373.0
0.7753465202407346,0.016155182,0.6449325480000001,0.48552018500000005,7581.0,373.0
0.7588239921774036,0.0,0.6199744899999999,0.61458515,7581.0,373.0
0.6913715712829342,0.0,0.6413048245,0.6217418265000001,7581.0,373.0
0.6276920312766672,0.0,0.672462513,0.7128383255,7581.0,373.0
0.6178467989185774,0.0,0.75426293225,0.7066306189999999,7581.0,373.0
0.6632339150956976,0.026755787666666666,0.7574718223333333,0.6353329616666668,7581.0,373.0
0.7215368228532266,0.177151944,0.7590152215,0.6308302555,7581.0,373.0
0.718561948684474,0.33896786900000003,0.75249101425,0.69099953,7581.0,373.0
0.7181379975896851,0.21414096266666668,0.742528325,0.7681391166666667,7581.0,373.0
0.7253635391396818,0.023500367,0.700891783,0.8343012675,7581.0,373.0
0.6992226448702707,0.0,0.645513714,0.84296061175,7581.0,373.0
0.6244428329849391,0.0,0.63922198825,0.8274979492500001,7581.0,373.0
0.6244570549574079,0.0,0.641407564,0.853740273,7581.0,373.0
0.6686134657023265,0.043380869999999995,0.643637327,0.8755572406666667,7581.0,373.0
0.7238114464554739,0.2413721805,0.650779043,0.8856404845,7581.0,373.0
0.7252925947526618,0.35633896700000006,0.6683446283333333,0.886159276,7581.0,373.0
0.7249113926235964,0.324521758,0.690077498,0.8957823334999999,7581.0,373.0
0.7276892293797159,0.186227403,0.703976783,0.9136068875,7581.0,373.0
0.7336501710149164,0.0400879115,0.7180417649999999,0.9233715485,7581.0,373.0
0.7127761910532782,0.0,0.73613914075,0.91975492125,7581.0,373.0
0.6666906342175865,0.0,0.72933901175,0.91526442525,7581.0,373.0
0.6949357600352479,0.0,0.7162072930000001,0.91209444,7581.0,373.0
0.7794382014569416,0.007439911,0.70424953,0.9168383625000001,7581.0,373.0
0.794417699871949,0.188975039,0.6943806745000001,0.908013414,7581.0,373.0
0.791951943157474,0.380573387,0.742271087,0.8900719850000001,7581.0,373.0
0.7891406694093626,0.4543495015,0.762762998,0.862905077,7581.0,373.0
0.7860207943292736,0.4214554805,0.753752274,0.7769344300000001,7581.0,373.0
0.7841503979501372,0.2915811325,0.7044666225,0.7642969315,7581.0,373.0
0.7832022556138218,0.0531871605,0.641332454,0.794979339,7581.0,373.0
0.7701819405126853,0.0,0.5855875695,0.8246172855,7581.0,373.0
0.7202571727609275,0.0,0.5209954830000001,0.8513479655,7581.0,373.0
0.6802211553065489,0.0,0.488664421,0.8643354894999999,7581.0,373.0
0.6837760560055315,0.0,0.48630765425,0.8702980005,7581.0,373.0
0.776942769984196,0.008037821,0.5139807305,0.8842265920000001,7581.0,373.0
0.7936255736360555,0.092440756,0.542530471,0.903806694,7581.0,373.0
0.7884371172062841,0.17540364800000002,0.5625447445,0.9139984290000001,7581.0,373.0
0.7835750808393558,0.205396439,0.653495848,0.920494796,7581.0,373.0
0.7815870511793516,0.155362868,0.7157513799999999,0.927956824,7581.0,373.0
0.7780630910178679,0.07561585133333333,0.731150227,0.9126316456666667,7581.0,373.0
0.7718641612109238,0.005115464,0.7561930965,0.831920377,7581.0,373.0
0.7534294700924247,0.0,0.798213492,0.7730682680000001,7581.0,373.0
0.696245557909148,0.0,0.805604786,0.7098811110000001,7581.0,373.0
0.6439900951689804,0.0,0.7913911155000001,0.7581719222500001,7581.0,373.0
0.6661688565548218,0.0,0.7927470805,0.8381575805,7581.0,373.0
0.7679141244562103,0.013854274,0.7743273746666667,0.832571644,7581.0,373.0
0.775638248888507,0.092502381,0.727403049,0.6140967884999999,7581.0,373.0
0.7727450743815517,0.26241510724999995,0.71477016625,0.5565659315,7581.0,373.0
0.7716303380883031,0.22342193400000002,0.739255173,0.8018818426666666,7581.0,373.0
0.7717591881385432,0.0241988325,0.793185477,0.9244322975,7581.0,373.0
0.7256583206932828,0.0,0.7993804172500001,0.9219421050000001,7581.0,373.0
0.6444469507938598,0.0,0.6964553425000001,0.758772473,7581.0,373.0
0.6667400088235833,0.0,0.4931332195,0.4768463565,7581.0,373.0
0.7725877959881359,0.03991642866666666,0.28689674466666665,0.32232691500000005,7581.0,373.0
0.7855283716576946,0.1476330225,0.208236494,0.23857405199999998,7581.0,373.0
0.7853439824415729,0.1707693395,0.2149847945,0.197476794,7581.0,373.0
0.7866137646955964,0.1509014065,0.230225086,0.1689743885,7581.0,373.0
0.7852580823160336,0.10395272750000001,0.237205417,0.1789912675,7581.0,373.0
0.7846933427856262,0.0305393295,0.265540609,0.24294452249999998,7581.0,373.0
0.76144293720747,0.0,0.39527513625000005,0.30627928275,7581.0,373.0
0.6646640915737712,0.0,0.49285923,0.3298021405,7581.0,373.0
0.6995182545253545,0.0,0.48946154925000007,0.494102325,7581.0,373.0
0.7924417861536578,0.072552676,0.41080762299999996,0.46257344899999997,7581.0,373.0
0.7922718082021782,0.264561341,0.390294475,0.451966383,7581.0,373.0
0.7910971549991085,0.445843224,0.4693978255,0.44679016,7581.0,373.0
0.7874864902548661,0.5558019295000001,0.4995471035,0.43088068599999996,7581.0,373.0
0.7852380152746274,0.4618557995,0.5041338985,0.416050944,7581.0,373.0
0.7845313869701805,0.2660180465,0.3971306065,0.36049459250000004,7581.0,373.0
0.7844187467363668,0.0230147405,0.33241452699999996,0.408917132,7581.0,373.0
0.7695605259943219,0.0,0.3329360475,0.531594052,7581.0,373.0
0.7080841441320478,0.0,0.364855519,0.7123139685,7581.0,373.0
0.6436779089870307,0.0,0.37328841999999995,0.7345892425,7581.0,373.0
0.6277488838554751,0.0,0.5131038235,0.87281290525,7581.0,373.0
0.6679137077649052,0.010604977666666666,0.6601481993333334,0.8952538703333333,7581.0,373.0
0.7241520648810398,0.0711356335,0.6901897715,0.85930281,7581.0,373.0
0.7260266022853471,0.12863121,0.7455439264999999,0.8136899639999999,7581.0,373.0
0.7249517398154308,0.145412549,0.788505699,0.813938603,7581.0,373.0
0.7255305592456254,0.135280888,0.7984306075000001,0.8851725375,7581.0,373.0
0.7271663985980217,0.054639441500000004,0.784201707,0.9163885540000001,7581.0,373.0
0.7147547786788454,0.0,0.729039974,0.9118464432500001,7581.0,373.0
0.6485469974193802,0.0,0.670089036,0.882226202,7581.0,373.0
0.6181937829665574,0.0,0.6079878937500001,0.829558312,7581.0,373.0
0.6316634048905244,0.0,0.5216453355,0.767014897,7581.0,373.0
0.6824258754216266,0.060475165,0.45242085,0.731510222,7581.0,373.0
0.7228884352439593,0.2199095665,0.4183795725,0.707643511,7581.0,373.0
0.7220545660108143,0.3029379366666667,0.46670762699999996,0.6534793846666667,7581.0,373.0
0.721249897960335,0.274397864,0.459437221,0.5407798745,7581.0,373.0
0.7268152736284225,0.1582830755,0.40586683349999997,0.5223941510000001,7581.0,373.0
0.7313715720699256,0.013158937,0.33200634549999997,0.5326441325,7581.0,373.0
0.7198298260047881,0.0,0.25846891625,0.48220506225,7581.0,373.0
0.7047184957390871,0.0,0.2039107235,0.4456296415,11143.0,549.0
0.7227247043484066,0.0,0.2108478895,0.52656852825,14705.0,725.0
0.8174209714702978,0.0017733825,0.255668915,0.49709710249999994,14705.0,725.0
0.8158557923595582,0.110728612,0.26101435549999996,0.4499107575,14705.0,725.0
0.8085974053038358,0.3207911625,0.2609802955,0.47303920450000003,14705.0,725.0
0.8043879249172304,0.404900642,0.2412826845,0.5024563725,14705.0,725.0
0.8018902929747453,0.35681772050000005,0.1998700735,0.5330438725,14705.0,725.0
0.8039853543112911,0.2123555845,0.1672063565,0.4765568195,14705.0,725.0
0.8049432226203037,0.015387084,0.130277903,0.440415965,14705.0,725.0
0.7848430566026453,0.0,0.11622823066666667,0.4728917023333334,14705.0,725.0
0.7143154225355042,0.0,0.1385121165,0.49225013949999996,14705.0,725.0
0.7062179837348237,0.0,0.149031456,0.52179017875,14705.0,725.0
0.7923689486378014,0.0,0.156688658,0.523728915,14705.0,725.0
0.8191459293293866,0.030039569500000002,0.167767849,0.4486517385,14705.0,725.0
0.8140578076924395,0.154024014,0.17928412,0.3180767955,14705.0,725.0
0.8118330204324042,0.30525496775,0.1830914875,0.26492199000000005,14705.0,725.0
0.8115557108846722,0.15568601566666668,0.19593782633333334,0.2565789223333333,14705.0,725.0
0.805510304693132,0.0059510545,0.2683198605,0.217258161,14705.0,725.0
0.7963537400430452,0.0,0.3057693095,0.21170097650000003,14705.0,725.0
0.7344049081116144,0.0,0.34838426749999996,0.27466151,14705.0,725.0
0.6938279926210349,0.0,0.36403463150000004,0.332083903,14705.0,725.0
0.7345386094813989,0.0,0.3199884465,0.334735151,14705.0,725.0
0.8163808788384678,0.04144069733333333,0.305974867,0.299698867,14705.0,725.0
0.8094387050486799,0.2874030355,0.292801954,0.2478978825,14705.0,725.0
0.8035959408575698,0.4753073535,0.41686256899999996,0.19287081849999999,14705.0,725.0
0.8003759437830246,0.3133874225,0.41831813549999997,0.1937214705,14705.0,725.0
0.8041044470472416,0.06064688466666667,0.32200511466666665,0.191216662,14705.0,725.0
0.7964926471547,0.0,0.2582032895,0.1778574015,14705.0,725.0
0.7404489100755476,0.0,0.201289241,0.14834868,14705.0,725.0
0.7038570226054287,0.0,0.148259587,0.21560398825,14705.0,725.0
0.7382396939606981,0.0,0.160292382,0.261252023,14705.0,725.0
0.8165164889388505,0.0011942485,0.1979858585,0.3260461175,14705.0,725.0
0.8150908796694756,0.063968018,0.24897552099999998,0.4170053755,14705.0,725.0
0.810417350141197,0.155464768,0.2872191245,0.4834240145,14705.0,725.0
0.8052464994713376,0.181887192,0.3359843013333333,0.5868643146666667,14705.0,725.0
0.8002279497496021,0.069249519,0.37470449966666663,0.6461695336666667,14705.0,725.0
0.7935002023645168,0.0008329115,0.44764458,0.699716439,14705.0,725.0
0.7807954692102321,0.0,0.512429529,0.7308993755,14705.0,725.0
0.7135461321014822,0.0,0.5715811985,0.7612910935,14705.0,725.0
0.6753239069710733,0.0,0.59929389675,0.79323880675,14705.0,725.0
0.709206050677516,0.0,0.6056691805,0.814423747,14705.0,725.0
0.8051340483916287,0.000972943,0.574167555,0.8038839689999999,14705.0,725.0
0.8095165592213363,0.16720770699999998,0.549305602,0.762859232,14705.0,725.0
0.8039971390952523,0.3793553865,0.5612012605000001,0.7256027965,14705.0,725.0
0.8003101818387837,0.4240913315,0.6377565669999999,0.72116200175,14705.0,725.0
0.801481238387008,0.218774819,0.6092848715000001,0.6843520555,14705.0,725.0
0.800526446386467,0.0035327955,0.6013202625,0.6976847159999999,14705.0,725.0
0.7800762280548584,0.0,0.5934541953333333,0.7012926166666666,14705.0,725.0
0.6810920823830686,0.0,0.523449887,0.5674302357500001,14705.0,725.0
0.6731152112025974,0.0,0.4247200393333333,0.6379244286666667,14705.0,725.0
0.7138485175120223,0.032568391999999995,0.30297778633333333,0.584707316,14705.0,725.0
0.7567631958307807,0.1991085115,0.21710395500000002,0.5367633350000001,14705.0,725.0
0.7529028373132268,0.34282789733333335,0.19760521,0.351209871,14705.0,725.0
0.751393142347996,0.310239595,0.1929843165,0.26733075500000003,14705.0,725.0
0.7631007015225933,0.160851395,0.1897255,0.35692477749999996,14705.0,725.0
0.7690292470656523,0.002023987,0.202278495,0.393759832,14705.0,725.0
0.7560731558580724,0.0,0.21223823749999998,0.385509492,14705.0,725.0
0.7095518043263691,0.0,0.2081511345,0.38621169675,14705.0,725.0
0.6976695579879466,0.0,0.200105552,0.26676692325,14705.0,725.0
0.7278784303587024,0.029036352333333335,0.16980495733333334,0.323156096,14705.0,725.0
0.7668481199211397,0.254963444,0.1546081325,0.510489486,14705.0,725.0
0.7612331211234142,0.3678418165,0.1746932235,0.6742683485000001,14705.0,725.0
0.7541915429857011,0.409281416,0.2515522725,0.7863896765,14705.0,725.0
0.7538435175201131,0.338257048,0.328969344,0.837308474,14705.0,725.0
0.764867915097012,0.050961226,0.4895318043333334,0.8601475436666667,14705.0,725.0
0.7504537793164079,0.0,0.6018484374999999,0.8830693125,14705.0,725.0
0.7120516846829462,0.0,0.6687092735,0.8912262115,14705.0,725.0
0.682654705635262,0.0,0.735735624,0.9049340715,14705.0,725.0
0.6740004312879269,0.0,0.787877049,0.9224381835,14705.0,725.0
0.706275297946295,0.0,0.779312958,0.9191510650000001,14705.0,725.0
0.8007342867075755,0.0,0.7424119254999999,0.902512082,14705.0,725.0
0.8054522808431135,0.0750093945,0.6677135795,0.8899270115,14705.0,725.0
0.7977806743576339,0.21495125099999998,0.6068645029999999,0.887799674,14705.0,725.0
0.7919578352387999,0.353807897,0.6225092105000001,0.901970749,14705.0,725.0
0.7911402784071179,0.298365717,0.6195126733333333,0.9066698983333333,14705.0,725.0
0.7951922200717931,0.042425393,0.5812175215,0.8922504019999999,14705.0,725.0
0.7722359096042308,0.0,0.57476538425,0.916367626,14705.0,725.0
0.6807087148882278,0.0,0.5883462697499999,0.921545308,14705.0,725.0
0.6939777812022494,0.0,0.6283329826666667,0.8996288226666667,14705.0,725.0
0.7927052365389199,0.0,0.64468507,0.8850674065,14705.0,725.0
0.7921314811921201,0.0213308075,0.6504235415,0.8447457395,14705.0,725.0
0.7844258617611105,0.06393352566666667,0.653035962,0.7932437963333333,14705.0,725.0
0.7817107896505676,0.064964679,0.6538528615,0.7680086260000001,14705.0,725.0
0.7800822386681544,0.044077415499999995,0.6371753915,0.733650989,14705.0,725.0
0.7791829622927836,0.004920705,0.615823534,0.7197749179999999,14705.0,725.0
0.7774962217779245,0.0,0.5789494745,0.6896394905000001,14705.0,725.0
0.7440618939595682,0.0,0.5587752909999999,0.722826426,14705.0,725.0
0.6872965966542985,0.0,0.5396049574999999,0.783002191,14705.0,725.0
0.6753628576671472,0.0,0.42710538200000003,0.7473563645,14705.0,725.0
0.7589182689993714,0.0,0.3000507255,0.590105806,14705.0,725.0
0.7996375348966542,0.0173909415,0.2617174585,0.4341186595,14705.0,725.0
0.7872017658317139,0.10987616250000001,0.237649577,0.4174765185,14705.0,725.0
0.7795130977840621,0.18643071649999998,0.2480302145,0.424462368,14705.0,725.0
0.7767500980964233,0.1878186805,0.276556173,0.5468597035,14705.0,725.0
0.7755896670729254,0.1580548465,0.28828195,0.635401326,14705.0,725.0
0.7764623686082432,0.089249897,0.292392841,0.648946411,14705.0,725.0
0.7787401393481996,0.000844217,0.288238668,0.6633367745000001,14705.0,725.0
0.7744694405472716,0.0,0.24617171399999999,0.5880009785,14705.0,725.0
0.7127934538160482,0.0,0.21870331399999998,0.529654474,14705.0,725.0
0.6747574636040027,0.0,0.22932092475,0.57642832525,14705.0,725.0
0.7059573492259672,0.0,0.2444206135,0.577274654,14705.0,725.0
0.7999343908632812,0.008099820666666667,0.28982610333333336,0.5387725316666666,14705.0,725.0
0.7920419368815893,0.162351082,0.32771587049999995,0.551555362,14705.0,725.0
0.7790882592527713,0.33921312150000005,0.3566716905,0.4479325675,14705.0,725.0
0.7747105285681984,0.40878988299999997,0.40092498200000004,0.42607573249999997,14705.0,725.0
0.7738231788423673,0.30618702,0.441925374,0.4557606975,14705.0,725.0
0.7749184871451396,0.059250187,0.463374708,0.4759034915,14705.0,725.0
0.7572117808995366,0.0,0.45329449525,0.5482548642499999,14705.0,725.0
0.6828299605720556,0.0,0.44156556566666666,0.6154516746666666,14705.0,725.0
0.6882961015786371,0.0,0.42607050225000004,0.62297161525,14705.0,725.0
0.7901765101468641,0.0,0.437034814,0.6369706485,14705.0,725.0
0.7880014879855967,0.0823042375,0.4406304295,0.6277260385,14705.0,725.0
0.7806070336150259,0.2454905215,0.4500829795,0.6082953885,14705.0,725.0
0.7801355297996331,0.30588536,0.482431314,0.6192092515000001,14705.0,725.0
0.7783386178571979,0.18779954766666665,0.5371312956666667,0.6518998066666667,14705.0,725.0
0.7760270945692598,0.0087266905,0.5960043545,0.724762516,14705.0,725.0
0.7568771731217839,0.0,0.690348804,0.79893272325,14705.0,725.0
0.6701130170370743,0.0,0.7726412645,0.739873588,14705.0,725.0
0.649610820676259,0.0,0.7895175435,0.82692140375,14705.0,725.0
0.6564373531711972,0.0,0.7837183525,0.8826962275,14705.0,725.0
0.6945748614592535,0.0020928545,0.764309653,0.902748535,14705.0,725.0
0.7162466115251249,0.020934023,0.7267786599999999,0.9028741895,14705.0,725.0
0.7188094535167816,0.048817571000000004,0.6442750203333333,0.8848014466666667,14705.0,725.0
0.7183029114577699,0.023594797,0.57942446,0.8599143145,14705.0,725.0
0.7203986119142798,0.006889096,0.6154300275,0.7702319185,14705.0,725.0
0.7210476187699038,0.0,0.634783308,0.6187199525,14705.0,725.0
0.7034133360411916,0.0,0.63941564975,0.5164623265,14705.0,725.0
0.6581117884521701,0.0,0.6204357695,0.433873564,14705.0,725.0
0.6489922734994056,0.0,0.6373655413333333,0.3952456263333333,14705.0,725.0
0.656752651179789,0.0,0.689547213,0.51855662,14705.0,725.0
0.6938058313537458,0.0035451235,0.6832043345000001,0.647913146,14705.0,725.0
0.7125788691846275,0.043397837,0.676611848,0.628962917,14705.0,725.0
0.716886696796237,0.091336396,0.6500595849999999,0.6817905805,14705.0,725.0
0.7184236684737041,0.084351051,0.6203044885,0.6962708474999999,14705.0,725.0
0.7202640117173263,0.051499076500000004,0.617771919,0.7098533929999999,14705.0,725.0
0.7278199488800124,0.018348902,0.605717166,0.7927150055000001,14705.0,725.0
0.7377130769213309,0.0,0.57252007425,0.6767895485000001,14705.0,725.0
0.7047470581469603,0.0,0.4065397825,0.5071650235,14705.0,725.0
0.6787136688880759,0.0,0.31305853650000004,0.5091974145,14705.0,725.0
0.6917961966016513,0.0,0.26944508899999997,0.40741170574999996,14705.0,725.0
0.8062008178272392,0.0019642523333333333,0.16741940600000002,0.35931441133333336,14705.0,725.0
0.8060980218909894,0.0733625515,0.1623512145,0.40092500600000003,14705.0,725.0
0.8010051675355024,0.16420962,0.15201015633333334,0.42727713833333336,14705.0,725.0
0.7983938066185523,0.09897788533333333,0.16567632733333335,0.5379921209999999,14705.0,725.0
0.802672006691383,0.0049431175,0.1723673815,0.6631575439999999,14705.0,725.0
0.7834602516300209,0.0,0.19399291575,0.7631586617499999,14705.0,725.0
0.704953833475232,0.0,0.25162489233333335,0.8361943943333334,14705.0,725.0
0.7209491531855154,0.0,0.27461731699999997,0.8261569719999999,14705.0,725.0
0.8179740918991715,0.0,0.26130470699999997,0.7421118394999999,14705.0,725.0
0.8181669054454197,0.06931201149999999,0.28123074849999996,0.675936389,14705.0,725.0
0.8098570830008156,0.32915547450000004,0.291035026,0.63347496,14705.0,725.0
0.8013019130471779,0.40769907299999997,0.30863757700000005,0.6553123635,14705.0,725.0
0.7980718508687169,0.27709087800000004,0.33635304899999996,0.6541281419999999,14705.0,725.0
0.7978011199833868,0.015630739,0.3973131355,0.670108966,14705.0,725.0
0.7721602678097383,0.0,0.4473842395,0.7314038125,14705.0,725.0
0.6805327974288274,0.0,0.42060284550000004,0.813016237,14705.0,725.0
0.6947495563204082,0.0,0.3616586256666667,0.826032122,14705.0,725.0
0.7972497506106682,0.0,0.3637818035,0.8462769965,14705.0,725.0
0.7988911274839958,0.015691865,0.3696589355,0.8508127464999999,14705.0,725.0
0.7936253213845595,0.10966750033333333,0.37730934366666663,0.8640934286666666,14705.0,725.0
0.79089111316075,0.18962198149999998,0.4617388995,0.873016391,14705.0,725.0
0.7902728221703499,0.1579593045,0.4536138315,0.8785661655,14705.0,725.0
0.792572884238301,0.018400865,0.46807979850000003,0.893414979,14705.0,725.0
0.7747544370002594,0.0,0.5110248350000001,0.8959566395,14705.0,725.0
0.6909304993945053,0.0,0.5531190095,0.8974303115,14705.0,725.0
0.6767276191330795,0.0,0.5378331316666666,0.9065418463333333,14705.0,725.0
0.7187374993644007,0.0,0.553360562,0.9078300785,14705.0,725.0
0.8120798509717492,0.0035271523333333336,0.5790894249999999,0.89526115,14705.0,725.0
0.8090438962502604,0.22661955749999999,0.565321779,0.8878333389999999,14705.0,725.0
0.8031497498308561,0.30827549600000004,0.613044306,0.873762492,14705.0,725.0
0.8003538733649332,0.23258433566666667,0.592936834,0.8592238233333335,14705.0,725.0
0.8071924781718787,0.0231719705,0.5488335575000001,0.8466195335,14705.0,725.0
0.7869855959301171,0.0,0.4659591275,0.833084508,14705.0,725.0
0.7081248304205836,0.0,0.42526534499999996,0.8420514863333333,14705.0,725.0
0.7180732532462033,0.0,0.352839822,0.8392945337500001,14705.0,725.0
0.8160016566834443,0.0,0.253476353,0.6929378365000001,14705.0,725.0
0.8164128411187864,0.036815423,0.21518984749999998,0.5733851745,14705.0,725.0
0.8114789607092573,0.1258618295,0.17668119599999998,0.5201343085,14705.0,725.0
0.8072135391007462,0.13626444,0.1898510145,0.604865095,14705.0,725.0
0.8047693875819131,0.081027513,0.2029366915,0.6661475775000001,14705.0,725.0
0.8060270300773749,0.01724887,0.20274002800000002,0.6217276715,14705.0,725.0
0.8016570928180516,0.0,0.21857184400000004,0.6669832283333333,14705.0,725.0
0.7693735337001618,0.0,0.19556203900000002,0.7482168295,14705.0,725.0
0.6846187163827938,0.0,0.16556667933333333,0.733329123,14705.0,725.0
0.6733734556388862,0.0,0.20966803425000002,0.73512216525,14705.0,725.0
0.7137138225309135,0.0012209506666666667,0.285393334,0.7096728426666666,14705.0,725.0
0.7593061918290033,0.08032178749999999,0.27968867,0.7496163849999999,14705.0,725.0
0.7553683022195266,0.165135877,0.2641083155,0.8153277485,14705.0,725.0
0.7485781139599412,0.198225242,0.29200855200000003,0.8615673099999999,14705.0,725.0
0.7568287921961456,0.043288686,0.3464463715,0.897739693,14705.0,725.0
0.761737162689424,0.0,0.4284705805,0.9141089595,14705.0,725.0
0.7233686708339332,0.0,0.5427732517499999,0.90344226125,14705.0,725.0
0.6604559917014753,0.0,0.5799964103333334,0.8428127136666667,14705.0,725.0
0.6592268916629613,0.0,0.56061214225,0.9066316375,14705.0,725.0
0.7120466678190431,0.000790291,0.5834210225,0.8840191075,14705.0,725.0
0.7394826412532577,0.043361454,0.588269763,0.846713982,14705.0,725.0
0.7361053185312872,0.07285204466666667,0.6034431953333333,0.8729360843333334,14705.0,725.0
0.7378704182740692,0.0602139565,0.635574462,0.9049324835,14705.0,725.0
0.750915462305914,0.008187243,0.640576517,0.908036968,14705.0,725.0
0.7489145989541143,0.0,0.68572651,0.9067425423333333,14705.0,725.0
0.7152620109087188,0.0,0.7299088553333334,0.9193081746666666,14705.0,725.0
0.683962894422137,0.0,0.7710224342499999,0.92113957925,14705.0,725.0
0.7235012833595147,0.0,0.8017805665,0.9292212195,14705.0,725.0
0.8124873752061316,0.0011125026666666666,0.7871570946666666,0.9297758066666666,14705.0,725.0
0.8118256373127828,0.154780915,0.7732703034999999,0.928223892,14705.0,725.0
0.8072935231210076,0.2669554625,0.7512787384999999,0.9179553825,14705.0,725.0
0.8057488370626156,0.2524910965,0.783512945,0.9276577850000001,14705.0,725.0
0.8077793907744478,0.131648567,0.739742491,0.9305535355,14705.0,725.0
0.8075070664383717,0.001799051,0.6344537029999999,0.905003878,14705.0,725.0
0.796775951472346,0.0,0.6394770545,0.8407517695,14705.0,725.0
0.759988067592996,0.0,0.5978488375,0.7629327020000001,14705.0,725.0
0.6860565994754285,0.0,0.502219263,0.7282467406666667,14705.0,725.0
0.6742127437919582,0.0,0.43424835100000003,0.753136538,14705.0,725.0
0.7420728387943725,0.0,0.46075170666666665,0.7331890496666666,14705.0,725.0
0.815348627265585,0.001180534,0.5173874635,0.6335271575,14705.0,725.0
0.8081614685351425,0.1715172525,0.5195392640000001,0.6719343805,14705.0,725.0
0.8055713577356819,0.30744933175,0.57375562475,0.6243191625,14705.0,725.0
0.8093531835074873,0.217681881,0.5910047199999999,0.5208964389999999,14705.0,725.0
0.8111639468460287,0.006837836,0.5459482229999999,0.467827566,14705.0,725.0
0.7902967701155159,0.0,0.53084656575,0.54771986825,14705.0,725.0
0.7153475480516732,0.0,0.555832925,0.6982363325000001,14705.0,725.0
0.7074153901056542,0.0,0.5451447487500001,0.73690459325,14705.0,725.0
0.7927535584401934,0.0,0.5384652815,0.748660843,14705.0,725.0
0.8220315077112494,0.000907916,0.522317986,0.7046432355,14705.0,725.0
0.8155099677779158,0.1598317405,0.4820405025,0.6813179285,14705.0,725.0
0.8112259305060632,0.25827918566666663,0.46849885266666663,0.6706980833333334,14705.0,725.0
0.8107579842375592,0.15785216300000002,0.40884303566666663,0.6690705376666667,14705.0,725.0
0.8111191272641685,0.002217042,0.3223768725,0.6087568775000001,14705.0,725.0
0.7853259978211766,0.0,0.30864372500000004,0.42855534549999996,14705.0,725.0
0.6990138580537785,0.0,0.34133842533333336,0.35809727166666666,14705.0,725.0
0.7145025569023457,0.0,0.361048559,0.24555342424999999,14705.0,725.0
0.8134407945277613,0.0,0.42393341949999996,0.2851386635,14705.0,725.0
0.8147597266809894,0.049058448,0.416899959,0.31764026050000005,14705.0,725.0
0.8109695713286956,0.2899514475,0.3619041965,0.3144947235,14705.0,725.0
0.8107224727635072,0.39878357649999996,0.3502167435,0.322162224,14705.0,725.0
0.8108191634403742,0.2595652773333334,0.3049956233333333,0.24343142033333334,14705.0,725.0
0.8145066175715392,0.0037741905,0.254252738,0.141819592,14705.0,725.0
0.8092148914918444,0.0,0.200178314,0.0801664695,14705.0,725.0
0.7828170779349097,0.0,0.14949100199999998,0.0466415075,14705.0,725.0
0.7218280231811587,0.0,0.111885827,0.042481729,14705.0,725.0
0.7138172260384316,0.0,0.07633458100000001,0.017922756999999997,14705.0,725.0
0.7747668961462173,0.0,0.06445419599999999,0.03340813,14705.0,725.0
0.8238181812390465,0.0,0.0729775735,0.076566769,14705.0,725.0
0.8260977738643955,0.11847875999999999,0.081602708,0.10155447649999999,14705.0,725.0
0.8155745939691166,0.29196152599999997,0.118501787,0.08754143475000001,14705.0,725.0
0.8153000214260515,0.1657468335,0.13517762649999998,0.1143522635,14705.0,725.0
0.8192472107901807,0.0024449145,0.1558526805,0.136191289,14705.0,725.0
0.7984333134898252,0.0,0.1711432725,0.13628352475,14705.0,725.0
0.7148497065292014,0.0,0.19869388500000001,0.11516327900000001,14705.0,725.0
0.7015290172641254,0.0,0.18913081133333334,0.178020154,14705.0,725.0
0.7046531597022362,0.0,0.209339004,0.276036674,14705.0,725.0
0.7348352761558526,0.0,0.23885826866666668,0.267286772,14705.0,725.0
0.7788640673186922,0.1723667015,0.270136134,0.2151378825,14705.0,725.0
0.7748217491107119,0.3726116615,0.298264103,0.1797867625,14705.0,725.0
0.7695602654587048,0.39070756949999996,0.25034875349999997,0.140179277,14705.0,725.0
0.777181468036107,0.2215239785,0.22032626900000002,0.173260825,14705.0,725.0
0.7888554953655228,0.002960969,0.207993069,0.2108779995,14705.0,725.0
0.7682501599332472,0.0,0.19613320624999997,0.184867677,14705.0,725.0
0.7203852813132704,0.0,0.188681362,0.119371124,14705.0,725.0
0.7149329444487862,0.0,0.16344899699999998,0.09850252599999999,14705.0,725.0
0.7189847163925249,0.0,0.1507654745,0.095872662,14705.0,725.0
0.7513240436632178,0.0488435125,0.149029355,0.1246439375,14705.0,725.0
0.7800005665510606,0.35695163433333327,0.16249758699999997,0.22488504500000003,14705.0,725.0
0.7770918290794895,0.48049540749999997,0.148061853,0.31323544849999996,14705.0,725.0
0.7825748541609426,0.2833030535,0.1575780995,0.39795269499999997,14705.0,725.0
0.7987075428631623,0.0024560695,0.1995270675,0.515405726,14705.0,725.0
0.7913477203655398,0.0,0.27605903249999997,0.60952614375,14705.0,725.0
0.7483931250424665,0.0,0.33659331400000003,0.6655766080000001,14705.0,725.0
0.7293938835614717,0.0,0.3984664486,0.7239901944,14705.0,725.0
0.8163885145892739,0.0,0.456117643,0.7013006383333334,14705.0,725.0
0.8331216989536707,0.16172833250000002,0.501897569,0.6848822219999999,14705.0,725.0
0.829629298602276,0.379717083,0.5667011193333334,0.667782851,14705.0,725.0
0.8280628732835446,0.3198503685,0.614220161,0.6976034019999999,14705.0,725.0
0.8300541447273447,0.0575975085,0.5997068175,0.716602508,14705.0,725.0
0.8252539026592433,0.0,0.6138606786666667,0.6942771313333332,14705.0,725.0
0.8111151044948299,0.0,0.6428275855000001,0.702489907,14705.0,725.0
0.7533060627789605,0.0,0.5927488075,0.6942559215,14705.0,725.0
0.7169654386124984,0.0,0.61191485125,0.7104019115,14705.0,725.0
0.7518526482704054,0.0,0.6178249195000001,0.666784869,14705.0,725.0
0.8216156852034541,0.0,0.6209800735,0.656842067,14705.0,725.0
0.8251974563820713,0.0780521345,0.636342132,0.6560458465000001,14705.0,725.0
0.8199717053901568,0.19345226433333332,0.6328953316666667,0.6886098896666667,14705.0,725.0
0.8167894760046365,0.110241112,0.6695792225,0.7314525755000001,14705.0,725.0
0.8181304157547022,0.01570927,0.6988750715,0.7366128605,14705.0,725.0
0.8131868807194712,0.0,0.6668056249999998,0.7029661445000001,14705.0,725.0
0.7784697317507061,0.0,0.581209227,0.540255308,14705.0,725.0
0.702593475602459,0.0,0.506376566,0.45296281775,14705.0,725.0
0.7181983406485163,0.0,0.4757005026666667,0.5416336363333333,14705.0,725.0
0.8122786120339025,0.0,0.439087545,0.5707329685,14705.0,725.0
0.8149930531014997,0.0242165915,0.43091214349999996,0.573115291,14705.0,725.0
0.8124757641816164,0.05191466733333333,0.4536385143333333,0.5432032746666667,14705.0,725.0
0.8114355613019376,0.051218344666666665,0.5237223723333333,0.5977307663333333,14705.0,725.0
0.8111096144004935,0.000580073,0.499108203,0.5559952754999999,14705.0,725.0
0.8013961783749275,0.0,0.44015098175,0.6933013587500001,14705.0,725.0
0.7427121590959103,0.0,0.3811983686666667,0.8135030900000001,18656.333333333332,919.6666666666666
0.7317351918762394,0.0,0.37916706625,0.7816462415000001,26559.0,1309.0
0.848374594498472,0.0,0.4382307616666667,0.7064304616666667,26559.0,1309.0
0.8496230714420472,0.057375334,0.4863635585,0.768926511,26559.0,1309.0
0.8455206626338349,0.14741128299999998,0.5164747223333334,0.7386384069999999,26559.0,1309.0
0.8435059005974028,0.0837233265,0.5563272109999999,0.69558771,26559.0,1309.0
0.8453225326146272,0.0042945265,0.5844594765,0.6750420845,26559.0,1309.0
0.8394419377061354,0.0,0.6008849683333334,0.7532641823333334,26559.0,1309.0
0.7951214965256422,0.0,0.613131422,0.7916369969999999,26559.0,1309.0
0.7185201936062124,0.0,0.56368505925,0.802299189,26559.0,1309.0
0.7291448917846053,0.0,0.46701391449999996,0.703083221,26559.0,1309.0
0.8453221695630081,0.0,0.419827569,0.6601240986666667,26559.0,1309.0
0.8497211347287914,0.0107458455,0.3822741415,0.675170721,26559.0,1309.0
0.846546880087227,0.042202634,0.3396711985,0.6879453725,26559.0,1309.0
0.846431281904326,0.0394591085,0.31650464850000004,0.633631292,26559.0,1309.0
0.8521359589392111,0.0,0.32076035566666666,0.5725690710000001,26559.0,1309.0
0.8311653552295032,0.0,0.36168604,0.5858967545,26559.0,1309.0
0.7971535804527606,0.0,0.398754293,0.6426392759999999,26559.0,1309.0
0.7384988138215131,0.0,0.37097535049999997,0.6866775155,26559.0,1309.0
0.7270072942807039,0.0,0.30065436125,0.6871617805,26559.0,1309.0
0.7398050149370163,0.0,0.28448890000000004,0.6212044240000001,26559.0,1309.0
0.782683731746829,0.010241591,0.309070387,0.606648328,26559.0,1309.0
0.8015041450181174,0.16619236450000002,0.35553728399999995,0.6578156225,26559.0,1309.0
0.8004043879350653,0.171076393,0.424143569,0.709238303,26559.0,1309.0
0.7995485427228127,0.026783378,0.479635682,0.7616855636666666,26559.0,1309.0
0.806554924942464,0.0,0.5281837695,0.8230249455,26559.0,1309.0
0.7897095577658217,0.0,0.5461316743333332,0.8636989476666667,26559.0,1309.0
0.7263720718923887,0.0,0.55484307925,0.8701250542500001,26559.0,1309.0
0.6861130299437354,0.0,0.59346215,0.8780802543333334,26559.0,1309.0
0.7149673162003234,0.0,0.6686469785,0.851087201,26559.0,1309.0
0.7752184982574599,0.01819174,0.701879707,0.8627985605,26559.0,1309.0
0.7821310609386429,0.065224043,0.652576405,0.8647306345000001,26559.0,1309.0
0.7814721154155055,0.06813145200000001,0.6147415439999999,0.855651972,26559.0,1309.0
0.7845920615319352,0.018096043,0.5908087575000001,0.8483944825,26559.0,1309.0
0.7979335589221083,0.0,0.5685006866666668,0.8409954613333334,26559.0,1309.0
0.7676800842896094,0.0,0.5122122062500001,0.839603369,26559.0,1309.0
0.7164002966808953,0.0,0.44764506150000005,0.880474411,26559.0,1309.0
0.7532991292455092,0.0,0.407661692,0.879254371,26559.0,1309.0
0.8591929978016757,0.0,0.40510193149999996,0.8588978469999999,26559.0,1309.0
0.8475200115792134,0.032844569000000004,0.384892962,0.850558849,26559.0,1309.0
0.8424045975592338,0.12977894966666667,0.34750558866666664,0.806866963,26559.0,1309.0
0.841266173580299,0.07905810733333334,0.34351656866666663,0.7633446090000001,26559.0,1309.0
0.8471568176802899,0.0,0.3267803765,0.621284114,26559.0,1309.0
0.8268885038116318,0.0,0.3011719805,0.5310943929999999,26559.0,1309.0
0.7516935084349172,0.0,0.27498696899999997,0.44547437300000003,26559.0,1309.0
0.7179929969890035,0.0,0.27930497774999996,0.49545898425,26559.0,1309.0
0.7777175977320461,0.0,0.27312327999999997,0.5082216405,26559.0,1309.0
0.8602739184495518,0.0,0.2678218395,0.4504653805,26559.0,1309.0
0.8488158003825641,0.022420143,0.24699861,0.351964572,26559.0,1309.0
0.8418782804050603,0.08944328133333333,0.22205911166666667,0.19540161533333333,26559.0,1309.0
0.8412603364503113,0.06571899049999999,0.190502954,0.1160172705,26559.0,1309.0
0.8441434066073257,0.010014382,0.19851135050000002,0.101363751,26559.0,1309.0
0.8463520078332663,0.0,0.210576118,0.121890887,26559.0,1309.0
0.8198000314719294,0.0,0.21534766000000002,0.18166269133333335,26559.0,1309.0
0.7466696817278675,0.0,0.202896807,0.18954331000000002,26559.0,1309.0
0.711297550877387,0.0,0.17532292049999998,0.201027944,26559.0,1309.0
0.7715541401876462,0.0,0.1545271025,0.2415726085,26559.0,1309.0
0.8553918620536062,0.0,0.16640364149999998,0.2513218185,26559.0,1309.0
0.8444256698180181,0.039336523000000005,0.18443056200000002,0.306122148,26559.0,1309.0
0.8355310173989579,0.14093772766666665,0.21547972933333334,0.30674105,26559.0,1309.0
0.8348527146455472,0.057648210666666665,0.250436482,0.3337913126666667,26559.0,1309.0
0.8445135577184807,0.0,0.2959520655,0.3791911645,26559.0,1309.0
0.8241532858569784,0.0,0.37338700225,0.42264331099999997,26559.0,1309.0
0.7460340214201864,0.0,0.4094132545,0.4239163185,26559.0,1309.0
0.7132787534894169,0.0,0.40992984499999996,0.4331929345,26559.0,1309.0
0.7712578206869125,0.0,0.39956779350000005,0.4617069625,26559.0,1309.0
0.8552092713202343,0.0,0.398886041,0.5298441094999999,26559.0,1309.0
0.8445122798927589,0.018138036,0.37947676399999997,0.544816474,26559.0,1309.0
0.8420982601395588,0.08557405033333333,0.32765037199999997,0.5117340756666667,26559.0,1309.0
0.8414114385480039,0.03624241833333333,0.2706478563333333,0.45605291966666667,26559.0,1309.0
0.8419232577303981,0.0,0.21556013025000004,0.4097230555,26559.0,1309.0
0.7778729750231586,0.0,0.17026183625,0.33846029475,26559.0,1309.0
0.7144911034832394,0.0,0.14317335375,0.28017781825,26559.0,1309.0
0.7770564515320662,0.0,0.133349428,0.30342296300000005,26559.0,1309.0
0.8604101278370817,0.0,0.1395828955,0.3285571705,26559.0,1309.0
0.8495486719551061,0.026712342,0.14912743950000001,0.333263016,26559.0,1309.0
0.8424871688486683,0.12452332599999999,0.16477575225,0.24244993225,26559.0,1309.0
0.8414241853945936,0.059093851499999996,0.1924539305,0.158142054,26559.0,1309.0
0.8498604206318958,0.0,0.2379642175,0.1686821775,26559.0,1309.0
0.8285476521963333,0.0,0.308320473,0.1946140655,26559.0,1309.0
0.7471780774280705,0.0,0.4027068365,0.33237897,26559.0,1309.0
0.7068947955189729,0.0,0.456094635,0.4201384185,26559.0,1309.0
0.6979959939977233,0.0,0.533705561,0.514503085,26559.0,1309.0
0.7188407215877294,0.0,0.622907844,0.668592096,26559.0,1309.0
0.7674127173788654,0.0006930965,0.6906527575,0.7269596285,26559.0,1309.0
0.7819453938967995,0.088952878,0.7434915209999999,0.797261314,26559.0,1309.0
0.7808939230932987,0.09499526924999999,0.80654544625,0.874739653,26559.0,1309.0
0.790620800209343,0.0010026665,0.8386098195,0.8987976405,26559.0,1309.0
0.7904227805070183,0.0,0.77353054175,0.8779572287499999,26559.0,1309.0
0.7281981575418202,0.0,0.70691213575,0.7897810997499999,26559.0,1309.0
0.6923575285622836,0.0,0.7191605925,0.767214908,26559.0,1309.0
0.7133613643010137,0.0,0.6988144355,0.768304265,26559.0,1309.0
0.768258434355294,0.003581039666666667,0.6766272666666667,0.737521446,26559.0,1309.0
0.7810651550536512,0.029016219500000003,0.695834915,0.7147563427499999,26559.0,1309.0
0.7819739088780779,0.0107567865,0.680178951,0.6865427195,26559.0,1309.0
0.7946746900922621,0.0,0.6607800735,0.6920946665000001,26559.0,1309.0
0.7794667165417717,0.0,0.62518917425,0.67383053175,26559.0,1309.0
0.7308445528364658,0.0,0.6100117955,0.6373776755,26559.0,1309.0
0.7110270131156362,0.0,0.58228256625,0.6006528582499999,26559.0,1309.0
0.7710282330974805,0.0,0.5458763415,0.5864409335,26559.0,1309.0
0.8550830952463044,0.0,0.5362532165,0.6053377285,26559.0,1309.0
0.8448773669205192,0.0079492605,0.5136822255,0.6238791180000001,26559.0,1309.0
0.8410498695449703,0.07249978225,0.3942170325,0.50176740525,26559.0,1309.0
0.8413616181182084,0.040130913000000004,0.325280491,0.4278116675,26559.0,1309.0
0.8423438601762254,0.0,0.256644748,0.38617786499999995,26559.0,1309.0
0.8109459073217897,0.0,0.2229319395,0.41424296949999995,26559.0,1309.0
0.7480037589117885,0.0,0.172203877,0.3225481155,26559.0,1309.0
0.7135614189977535,0.0,0.17882579450000002,0.34541888075,26559.0,1309.0
0.7745720000408904,0.0,0.19134085750000002,0.383816645,26559.0,1309.0
0.8586740007042497,0.0,0.193113209,0.3538753945,26559.0,1309.0
0.8481232521850074,0.014088709,0.18563309649999998,0.3270981115,26559.0,1309.0
0.842174686820034,0.0874756445,0.15092869775,0.29399940625,26559.0,1309.0
0.8445054647532091,0.020375882,0.137824317,0.3693918865,26559.0,1309.0
0.8464999072551191,0.0,0.13043594475,0.43105787675,26559.0,1309.0
0.8150193671988325,0.0,0.146701777,0.4942946095,26559.0,1309.0
0.7534082432740266,0.0,0.1515770035,0.5051939845,26559.0,1309.0
0.7192123278048034,0.0,0.186671537,0.6933645735,26559.0,1309.0
0.78196354399252,0.0,0.212415694,0.8314124675,26559.0,1309.0
0.8623011591341443,0.0,0.2423889885,0.8525900825,26559.0,1309.0
0.8499886317002407,0.013085186,0.2648403715,0.8601277195,26559.0,1309.0
0.8473239324323202,0.0452432755,0.27542597950000003,0.8510929545,26559.0,1309.0
0.8443416630284186,0.01641454575,0.35526018125,0.87465588075,26559.0,1309.0
0.8478474255295181,0.0,0.434224646,0.8997817515,26559.0,1309.0
0.8383435689727909,0.0,0.458221695,0.9021553525,26559.0,1309.0
0.809697777690003,0.0,0.4774321065,0.889495759,26559.0,1309.0
0.7413302018305223,0.0,0.45697325099999997,0.866267122,26559.0,1309.0
0.7080779323871882,0.0,0.46390367475,0.89410209925,26559.0,1309.0
0.7657165822561642,0.0,0.429052255,0.90821915,26559.0,1309.0
0.8510653872989937,0.0,0.412421129,0.9142816985,26559.0,1309.0
0.8400043975844098,0.007099964,0.40753777049999995,0.9159723895,26559.0,1309.0
0.83225164750878,0.0623525895,0.37746797725,0.91039431075,26559.0,1309.0
0.8342981742492361,0.026039753,0.375319058,0.8820260065000001,26559.0,1309.0
0.8418209349555477,0.0,0.38005149400000005,0.869674175,26559.0,1309.0
0.8206261311657079,0.0,0.42465047075,0.82787769475,26559.0,1309.0
0.7329334855800204,0.0,0.4966964776666667,0.842993801,26559.0,1309.0
0.7084699135043289,0.0,0.4852278505,0.881610773,26559.0,1309.0
0.7501780945264972,0.0,0.4503399913333333,0.8784953713333333,26559.0,1309.0
0.8551753372809601,0.0,0.436213228,0.9033512385,26559.0,1309.0
0.8448590509352681,0.022712142,0.4497391235,0.909227199,26559.0,1309.0
0.8413456528214311,0.11081073466666667,0.452242116,0.9087658636666666,26559.0,1309.0
0.8410885995727613,0.04976613833333334,0.4193777573333333,0.8590699876666665,26559.0,1309.0
0.8477133930019818,0.0,0.399743399,0.8924475359999999,26559.0,1309.0
0.8281596822507613,0.0,0.3704776095,0.87900298575,26559.0,1309.0
0.7278538002851759,0.0,0.33154822075,0.81373026175,26559.0,1309.0
0.7058821691676899,0.0,0.30380152025000007,0.5981212965,26559.0,1309.0
0.7639647422161193,0.0,0.27127828933333337,0.3909514313333333,26559.0,1309.0
0.7999029494470937,0.0641363105,0.22881517899999998,0.2559035385,26559.0,1309.0
0.7989994135836163,0.1229548575,0.187408181,0.165793095,26559.0,1309.0
0.7995089766545894,0.057850398666666664,0.13794526166666665,0.09386037333333334,26559.0,1309.0
0.8185373404948347,0.0,0.08828162649999999,0.0587105455,26559.0,1309.0
0.8045659250047439,0.0,0.09549077975,0.05139537525,26559.0,1309.0
0.7519856394838853,0.0,0.0922153295,0.050650008499999996,26559.0,1309.0
0.728181509875062,0.0,0.10968020849999999,0.066989677,26559.0,1309.0
0.7473139556578485,0.0,0.16075490650000002,0.1132990035,26559.0,1309.0
0.802864299787706,0.0256546075,0.174678214,0.162918246,26559.0,1309.0
0.8042011219152437,0.19896427500000002,0.17518496233333333,0.19969361933333332,26559.0,1309.0
0.8021501227847617,0.131637812,0.1638217485,0.197820498,26559.0,1309.0
0.816262622660707,0.002525297,0.1532321595,0.174059142,26559.0,1309.0
0.8308448038453433,0.0,0.138650761,0.1677033745,26559.0,1309.0
0.8069420035510935,0.0,0.126704895,0.21020305433333333,26559.0,1309.0
0.7672910611215563,0.0,0.1462188775,0.289715025,26559.0,1309.0
0.7539600860842816,0.0,0.14934382925,0.33435147824999994,26559.0,1309.0
0.8185688135287522,0.0,0.1551194245,0.33446683,26559.0,1309.0
0.8777182035084214,0.0,0.15159759350000002,0.3412425165,26559.0,1309.0
0.8648805737867435,0.0318228255,0.158950215,0.340253212,26559.0,1309.0
0.8610435636510714,0.2666189095,0.18051950049999999,0.36300909000000003,26559.0,1309.0
0.8587338703255444,0.227179381,0.17583222433333334,0.33342421999999994,26559.0,1309.0
0.8662733138370955,0.00144828525,0.19237661275,0.36907358575000004,26559.0,1309.0
0.8432189834363578,0.0,0.21711841499999998,0.3684362186666667,26559.0,1309.0
0.7863288511873738,0.0,0.22105150499999998,0.24693756849999998,26559.0,1309.0
0.7583690176693847,0.0,0.19658147775,0.19689775075,26559.0,1309.0
0.8223473263768695,0.0,0.193924765,0.2342358195,26559.0,1309.0
0.8809907816616924,0.0,0.1918200805,0.248607541,26559.0,1309.0
0.8693260779037779,0.029201459,0.20276001049999998,0.282005585,26559.0,1309.0
0.8654077269468324,0.2718941143333333,0.1927379836666667,0.29722292433333336,26559.0,1309.0
0.8638436681254396,0.20055740700000002,0.18978185,0.406064004,26559.0,1309.0
0.8728389871163853,0.002448066,0.221119383,0.4529594605,26559.0,1309.0
0.8668577181112647,0.0,0.2915393245,0.31387372524999996,26559.0,1309.0
0.817549702988568,0.0,0.34348503750000003,0.1593466345,26559.0,1309.0
0.7594838841614078,0.0,0.36550644499999996,0.1111306975,26559.0,1309.0
0.7681433172382244,0.0,0.3568490175,0.138398045,26559.0,1309.0
0.8687369566854165,0.0,0.34444105166666666,0.144711077,26559.0,1309.0
0.8617568890463387,0.0127851165,0.327861304,0.1336644535,26559.0,1309.0
0.8598755124785293,0.1809797015,0.312141081,0.128085073,26559.0,1309.0
0.8575213310740656,0.19641017049999998,0.273873097,0.1184947145,26559.0,1309.0
0.8601586277111051,0.046588268,0.2274377055,0.10902031200000001,26559.0,1309.0
0.8640170536466942,0.0,0.18013108625,0.1102902225,26559.0,1309.0
0.8359030614318463,0.0,0.156848893,0.11160964500000001,26559.0,1309.0
0.7853751951469761,0.0,0.162477735,0.1075568385,26559.0,1309.0
0.7610968169862462,0.0,0.15935682425,0.09594859375,26559.0,1309.0
0.8233979571704628,0.0,0.153199584,0.0879595145,26559.0,1309.0
0.8837256685621453,0.0,0.1446148575,0.0904777205,26559.0,1309.0
0.8713863061667778,0.022936498,0.1403689925,0.0934201915,26559.0,1309.0
0.8660597153267725,0.29985986833333333,0.14613458166666668,0.10611372633333334,26559.0,1309.0
0.8660535941894907,0.20478123999999998,0.13623770349999997,0.10974682399999999,26559.0,1309.0
0.8761238230769477,0.0019709785,0.139302025,0.129088692,26559.0,1309.0
0.8794788936824312,0.0,0.13713940000000002,0.17384012599999998,26559.0,1309.0
0.8538474915512041,0.0,0.14947234699999998,0.2192977673333333,26559.0,1309.0
0.7802594222519552,0.0,0.19818073625,0.24976559,26559.0,1309.0
0.7720132202371829,0.0,0.23034229233333336,0.34949135466666664,26559.0,1309.0
0.8779323144952027,0.0,0.2527149695,0.48537305099999994,26559.0,1309.0
0.8738156759136403,0.011545263666666666,0.2905209733333333,0.598987839,26559.0,1309.0
0.8736618525165943,0.24380129475,0.33763825350000004,0.625797055,26559.0,1309.0
0.8740977183524983,0.059263277,0.3377498775,0.633563945,26559.0,1309.0
0.8762308077411005,0.0,0.34476154625,0.6917752862500001,26559.0,1309.0
0.8476212458205157,0.0,0.36307949549999996,0.7536632245,26559.0,1309.0
0.7827281489965281,0.0,0.4055807493333334,0.7751880733333333,26559.0,1309.0
0.7566401552967902,0.0,0.38568357125,0.79124765925,26559.0,1309.0
0.7928250469904359,0.0,0.36401668750000005,0.74277646375,26559.0,1309.0
0.8309046261781117,0.0833907385,0.3503850615,0.623961066,26559.0,1309.0
0.8271645593159741,0.20472494233333335,0.3544718193333333,0.6186246533333334,26559.0,1309.0
0.8291848742679964,0.049089188000000006,0.3662995225,0.6444467110000001,26559.0,1309.0
0.8470078770479321,0.0,0.3676868425,0.6588748799999999,26559.0,1309.0
0.8307920333708929,0.0,0.36201799999999995,0.594649197,26559.0,1309.0
0.7739999168439896,0.0,0.310510509,0.444574815,26559.0,1309.0
0.7559237419952813,0.0,0.271668892,0.408223158,26559.0,1309.0
0.7605777566878774,0.0,0.2576985603333333,0.422216537,26559.0,1309.0
0.7931891636369287,0.0,0.24810689149999998,0.4158176815,26559.0,1309.0
0.8230080229561618,0.0110474205,0.240480321,0.432995102,26559.0,1309.0
0.8294861476042765,0.21720398,0.20662309833333334,0.40268701933333334,26559.0,1309.0
0.8281588541492786,0.15823292649999998,0.1895530185,0.437634482,26559.0,1309.0
0.8427539084443214,0.001141078,0.2027959665,0.468140961,26559.0,1309.0
0.8470328188115254,0.0,0.21129792866666666,0.4964985446666666,26559.0,1309.0
0.8185762913980119,0.0,0.24135753799999998,0.5292036250000001,26559.0,1309.0
0.7785389725081657,0.0,0.273210994,0.5766392943333333,26559.0,1309.0
0.7638038116987622,0.0,0.27851087399999996,0.5883584736666667,26559.0,1309.0
0.8504498257194829,0.0,0.235060813,0.5222565156666666,26559.0,1309.0
0.8741067577786366,0.0,0.19747096349999999,0.432697175,26559.0,1309.0
0.8742622298193874,0.066692468,0.183149346,0.3535990995,26559.0,1309.0
0.8747812743434084,0.194234401,0.18529308649999998,0.38498278649999995,26559.0,1309.0
0.87378762629288,0.1259944895,0.174785739,0.418890198,26559.0,1309.0
0.8785745849794643,0.000592024,0.15342789566666667,0.33367487166666665,26559.0,1309.0
0.8610262416568335,0.0,0.13661842775,0.17548823624999998,26559.0,1309.0
0.787850977719342,0.0,0.12864440033333333,0.08449223633333332,26559.0,1309.0
0.7635681821544418,0.0,0.1040880645,0.052820599999999995,26559.0,1309.0
0.8065417045893032,0.0,0.09342554199999999,0.05504093866666667,26559.0,1309.0
0.8858129208716798,0.0,0.1058165425,0.1041826435,26559.0,1309.0
0.8724665168654522,0.007465402,0.1231042605,0.21271518150000002,26559.0,1309.0
0.8748501363094183,0.1591031015,0.15661907749999998,0.410332588,26559.0,1309.0
0.873213066143689,0.197850877,0.18059295,0.505002939,26559.0,1309.0
0.8741990944593792,0.0312106915,0.199987815,0.5605824239999999,26559.0,1309.0
0.8802693162887647,0.0,0.2245779725,0.6339261199999999,26559.0,1309.0
0.8604673233785145,0.0,0.257754831,0.6718804925,26559.0,1309.0
0.7953269387316821,0.0,0.2937767905,0.6980947065,26559.0,1309.0
0.7641131031670841,0.0,0.282925227,0.7117735722499999,26559.0,1309.0
0.8269840352637816,0.0,0.302053649,0.6744626810000001,26559.0,1309.0
0.881022570320634,0.0,0.353469706,0.6420168673333333,26559.0,1309.0
0.8739706902566853,0.0367934725,0.415933463,0.641908447,26559.0,1309.0
0.8739591423985954,0.1024035025,0.4627728655,0.629288942,26559.0,1309.0
0.87067780834324,0.0358677495,0.5173244265,0.6187809390000001,26559.0,1309.0
0.8712572904341102,0.0,0.5722822706666667,0.6151261680000001,26559.0,1309.0
0.842398192518209,0.0,0.64914954225,0.5840874175,26559.0,1309.0
0.7764546068007235,0.0,0.6877030305,0.599148424,26559.0,1309.0
0.748223419224374,0.0,0.72574262375,0.68044702,26559.0,1309.0
0.804596309505113,0.0,0.721642805,0.752053046,26559.0,1309.0
0.8682596395568849,0.0,0.684168526,0.8013093634999999,26559.0,1309.0
0.852963943891911,0.000744723,0.6561962055,0.8155725405,26559.0,1309.0
0.8477362050905561,0.01836718325,0.61347015675,0.8408259627500001,26559.0,1309.0
0.8468691592284507,0.001618572,0.6260367925,0.8278421604999999,26559.0,1309.0
0.8513993169178607,0.0,0.6789654926666667,0.844862401,26559.0,1309.0
0.8085557212619149,0.0,0.7442980032500001,0.86818719675,26559.0,1309.0
0.7227030520368244,0.0,0.7577471510000001,0.85568514125,26559.0,1309.0
0.7286399509772206,0.0,0.747790615,0.8700182205,26559.0,1309.0
0.8369970917017939,0.0,0.7362900665000001,0.874713477,26559.0,1309.0
0.8520903980665567,0.0005455876666666667,0.744485896,0.8573345266666667,26559.0,1309.0
0.8466656966512813,0.053852923500000004,0.7821518605000001,0.84785515075,26559.0,1309.0
0.8461811068235628,0.0069232145,0.7988322925,0.8625704615,26559.0,1309.0
0.8511369629360622,0.0,0.7993818429999999,0.885389864,26559.0,1309.0
0.8221549071547983,0.0,0.7915805483333332,0.8974309883333333,26559.0,1309.0
0.750699505409788,0.0,0.770859947,0.8923968482499999,27240.5,1343.0
0.7319543198304751,0.0,0.75271790325,0.90373895925,27922.0,1377.0
0.7652982749261632,0.0,0.734534577,0.908093094,27922.0,1377.0
0.8057370050591626,0.0009158785,0.7158697655,0.9068386369999999,27922.0,1377.0
0.8153550322030583,0.047188056,0.6913460863333333,0.9034212816666667,27922.0,1377.0
0.8161433089458188,0.042885574,0.6379323575,0.8894673445000001,27922.0,1377.0
0.8321853175844675,0.0,0.5568431693333333,0.8978612016666667,27922.0,1377.0
0.8285491903505692,0.0,0.51107583775,0.9100982977500001,27922.0,1377.0
0.7712231174669688,0.0,0.48389347875,0.9100461440000001,27922.0,1377.0
0.7477560331350606,0.0,0.47702267725,0.901367417,27922.0,1377.0
0.7893831178901218,0.00026048525,0.54577812875,0.8521228544999999,27922.0,1377.0
0.817425325397388,0.026563892000000002,0.613799667,0.837871842,27922.0,1377.0
0.817914837442923,0.01348291125,0.63899568525,0.8420974345,27922.0,1377.0
0.8355209838782548,0.0,0.573057045,0.8286009515,27922.0,1377.0
0.8254561030124528,0.0,0.47192595424999995,0.77703071125,27922.0,1377.0
0.7709087936020161,0.0,0.36685856366666664,0.691484424,27922.0,1377.0
0.7598262773564262,0.0,0.27803385225,0.616291516,27922.0,1377.0
0.856141061836476,0.0,0.26099198,0.5736151135,27922.0,1377.0
0.8683935460277077,0.0,0.28292806966666667,0.5400195933333333,27922.0,1377.0
0.8644417974283469,0.01328375,0.2875352955,0.4744732565,27922.0,1377.0
0.8638339894757858,0.007847100249999999,0.27532894350000003,0.45369476475000003,27922.0,1377.0
0.8714356849838697,0.0,0.28109746999999996,0.3782504,27922.0,1377.0
0.8590193990678474,0.0,0.334201286,0.32408528849999996,27922.0,1377.0
0.8263548115113035,0.0,0.4114759885,0.301011484,27922.0,1377.0
0.7783653027379966,0.0,0.496140574,0.3422067175,27922.0,1377.0
0.7757867519121533,0.0,0.613140817,0.35736487949999995,27922.0,1377.0
0.8682965554656471,0.0,0.6518611235,0.436232801,27922.0,1377.0
0.8729647527811354,0.00108661,0.656933259,0.5489862263333334,27922.0,1377.0
0.872997677124083,0.089312684,0.6660837245,0.656032046,27922.0,1377.0
0.872695962313168,0.08829581166666667,0.6755060156666667,0.681498983,27922.0,1377.0
0.8790157435750301,0.0,0.659310429,0.684276648,27922.0,1377.0
0.876883837366063,0.0,0.6215849405,0.7367996564999999,27922.0,1377.0
0.8412621349330612,0.0,0.5910408315,0.7564741429999999,27922.0,1377.0
0.7896169529556841,0.0,0.5439916665,0.76001373,27922.0,1377.0
0.790103826301459,0.0,0.47837930875,0.775531752,27922.0,1377.0
0.8803717809291938,0.0,0.41434629700000003,0.6316302715,27922.0,1377.0
0.8856464214227644,0.0,0.36486377950000004,0.6674032585,27922.0,1377.0
0.8834930518837337,0.0332484445,0.40986796000000003,0.7790551295,27922.0,1377.0
0.8756456225849404,0.109278528,0.4048814945,0.6889029099999999,27922.0,1377.0
0.8755499258645694,0.0493836725,0.352964636,0.5848275285,27922.0,1377.0
0.885725317047546,0.0,0.3049126383333333,0.5223044743333334,27922.0,1377.0
0.8759680435917425,0.0,0.26635640175,0.48648317225,27922.0,1377.0
0.8029853170631202,0.0,0.22241775466666666,0.410780589,27922.0,1377.0
0.7890889280298896,0.0,0.19711939025,0.40473810599999993,27922.0,1377.0
0.8821603945982159,0.0,0.183512004,0.26454171649999997,27922.0,1377.0
0.8877435181679314,0.0,0.184444984,0.18538438000000002,27922.0,1377.0
0.8857145736466756,0.010980708499999998,0.1963687875,0.1996951865,27922.0,1377.0
0.8799613301563505,0.027597721500000002,0.21645639675,0.22223106175000001,27922.0,1377.0
0.8844972541810279,0.0,0.272238625,0.3043636046666666,27922.0,1377.0
0.8736030477845849,0.0,0.2959591643333333,0.330914309,27922.0,1377.0
0.8323872181905521,0.0,0.289693778,0.31039971450000003,27922.0,1377.0
0.7796359212050383,0.0,0.2604719113333333,0.2692192426666667,27922.0,1377.0
0.7793564820513216,0.0,0.22586472833333335,0.24949895666666666,27922.0,1377.0
0.8675058965547515,0.0,0.187716566,0.2286186885,27922.0,1377.0
0.8730346874718288,0.0,0.1660019165,0.2340893915,27922.0,1377.0
0.8723204156156946,0.0044776695,0.161386922,0.258759944,27922.0,1377.0
0.8722347051965348,0.0205194145,0.16516321,0.22272622199999997,27922.0,1377.0
0.8715144225890361,0.0063799665000000005,0.196351406,0.214698773,27922.0,1377.0
0.8763757964333576,0.0,0.2480138555,0.24876568500000001,27922.0,1377.0
0.8763618822159979,0.0,0.29801939266666666,0.3549432156666667,27922.0,1377.0
0.8532427520026822,0.0,0.2964966295,0.40755510549999996,27922.0,1377.0
0.7890214740883756,0.0,0.29675657033333336,0.4070600926666667,27922.0,1377.0
0.7639385698808135,0.0,0.27078441025,0.3945884375,27922.0,1377.0
0.7668591001098126,0.0,0.25551354849999997,0.3382609015,27922.0,1377.0
0.8151693178036544,0.0,0.2329284276666667,0.3016754623333333,27922.0,1377.0
0.8311541385291652,0.02037044,0.207686463,0.29399474400000003,27922.0,1377.0
0.8325205643786326,0.0190797625,0.19848901675,0.32773276875,27922.0,1377.0
0.8520425180541241,0.0,0.21126752124999998,0.41250394349999997,27922.0,1377.0
0.8203230358059663,0.0,0.2314890973333333,0.555245468,27922.0,1377.0
0.7758434861315773,0.0,0.31026457625,0.6250463055,27922.0,1377.0
0.769500395802893,0.0,0.3770927885,0.62776342075,27922.0,1377.0
0.813764942877421,0.00036942833333333336,0.414087197,0.589142497,27922.0,1377.0
0.8300601080521145,0.040409469499999996,0.474765004,0.5518023065,27922.0,1377.0
0.8313240691576015,0.034247741500000005,0.48662444475,0.63987557325,27922.0,1377.0
0.8514893504057588,0.0,0.507793866,0.6187700635,27922.0,1377.0
0.8395103659293572,0.0,0.5165227542499999,0.60871303425,27922.0,1377.0
0.7897470098643394,0.0,0.551978638,0.6172184156666666,27922.0,1377.0
0.7802020727294162,0.0,0.54477844625,0.7516520675,27922.0,1377.0
0.8682418918623601,0.0,0.559376914,0.7800289915,27922.0,1377.0
0.8728257982428859,0.0003485023333333333,0.5683672706666667,0.7922337556666667,27922.0,1377.0
0.8671990226691833,0.0507246345,0.592480888,0.7485095075,27922.0,1377.0
0.8645357904501235,0.06245693099999999,0.5909205383333334,0.755490085,27922.0,1377.0
0.8689489697874946,0.0,0.5708618855,0.7305964535,27922.0,1377.0
0.8676771995514446,0.0,0.52257992475,0.63548924,27922.0,1377.0
0.8295318348097819,0.0,0.4700741925,0.47618992149999995,27922.0,1377.0
0.7780478868937761,0.0,0.42211853875,0.42989020499999997,27922.0,1377.0
0.7883157923138298,0.0,0.3626211525,0.34175402099999996,27922.0,1377.0
0.8755196832297787,0.0,0.3090654465,0.176555033,27922.0,1377.0
0.883674286092231,0.000437799,0.25935126933333336,0.11177554433333332,27922.0,1377.0
0.8808283051892183,0.071742251,0.231454914,0.059125844,27922.0,1377.0
0.877997911136705,0.08484669033333335,0.175441634,0.04213556066666666,27922.0,1377.0
0.8912274151448749,0.0,0.155807385,0.0635835025,27922.0,1377.0
0.892702837146716,0.0,0.14637566024999998,0.1201327125,27922.0,1377.0
0.8554668294170674,0.0,0.156053521,0.1982288875,27922.0,1377.0
0.7942978893168815,0.0,0.175207047,0.30590412300000003,27922.0,1377.0
0.7929490104790988,0.0,0.17285254649999998,0.39335104125,27922.0,1377.0
0.8851113802603736,0.0,0.1590221745,0.4290742575,27922.0,1377.0
0.8915735553515415,0.0,0.162552952,0.4465607483333333,27922.0,1377.0
0.8916957952252014,0.09581615175,0.20062682675,0.48162988824999997,27922.0,1377.0
0.8919479816906337,0.0093366875,0.20043028699999998,0.4783389135,27922.0,1377.0
0.9040560525908719,0.0,0.19122373466666667,0.4945469076666667,27922.0,1377.0
0.8940165870642682,0.0,0.19189134200000002,0.5313156935000001,27922.0,1377.0
0.8617682476122552,0.0,0.1987791515,0.5592493235,27922.0,1377.0
0.7926475441573078,0.0,0.21206824575,0.5641701195,27922.0,1377.0
0.8018920676406462,0.0,0.19747117349999999,0.5309960765,27922.0,1377.0
0.8874288826819465,0.0,0.1862022985,0.49556956249999995,27922.0,1377.0
0.8930960604678564,0.0,0.188554333,0.5172165049999999,27922.0,1377.0
0.8937631699926061,0.08332145399999999,0.1978188275,0.52451323725,27922.0,1377.0
0.8946461419744981,0.0081233315,0.1934793865,0.486843136,27922.0,1377.0
0.9029249172925747,0.0,0.18602247374999997,0.47966831175,27922.0,1377.0
0.8836964198148163,0.0,0.1770126215,0.44027695499999997,27922.0,1377.0
0.8148848775258651,0.0,0.19282904966666667,0.480986731,27922.0,1377.0
0.7968518772050983,0.0,0.17393858675,0.463726498,27922.0,1377.0
0.8909647931717499,0.0,0.15653435,0.4233552475,27922.0,1377.0
0.8966743292580261,0.0,0.16030768266666665,0.3959318453333333,27922.0,1377.0
0.8958513217506183,0.10597334850000001,0.17772917424999998,0.44848531275000003,27922.0,1377.0
0.8966518957192813,0.0096240935,0.165434204,0.43173231450000005,27922.0,1377.0
0.9061710709280782,0.0,0.175528571,0.41875333133333337,27922.0,1377.0
0.8958081349690805,0.0,0.1986994675,0.433316054,27922.0,1377.0
0.8631603488532978,0.0,0.220067924,0.4227553165,27922.0,1377.0
0.7943672485372768,0.0,0.23747465,0.44780959200000003,27922.0,1377.0
0.7833893779686874,0.0,0.24052166325000002,0.432440442,27922.0,1377.0
0.8064042920712127,0.0,0.27666180775,0.4283079485,27922.0,1377.0
0.8473111773706434,0.05039313125,0.35272694675000005,0.46310300249999997,27922.0,1377.0
0.8487402494027521,0.020057358333333334,0.3597635083333333,0.455641129,27922.0,1377.0
0.8656692449227159,0.0,0.3811262535,0.4966820495,27922.0,1377.0
0.8521561048523562,0.0,0.461836457,0.4876509875,27922.0,1377.0
0.797339318530945,0.0,0.5354002135,0.48375951100000003,27922.0,1377.0
0.7724791746922544,0.0,0.58482030875,0.5680867225,27922.0,1377.0
0.7747272669806028,0.0,0.6205647896666666,0.6445434133333333,27922.0,1377.0
0.8107334999645688,0.0,0.6556893385,0.6918862235000001,27922.0,1377.0
0.8338524881052028,0.007265264,0.6714066835,0.7275336715,27922.0,1377.0
0.8330509910783159,0.07181214450000001,0.6797694295000001,0.7564876265,27922.0,1377.0
0.8338925275419284,0.0326584215,0.6639310945,0.7700514380000001,27922.0,1377.0
0.8471280423704972,0.0,0.642174542,0.7599345915,27922.0,1377.0
0.8511234822889047,0.0,0.5798134982500001,0.751987902,27922.0,1377.0
0.7995928573874754,0.0,0.4333615635,0.71934981025,27922.0,1377.0
0.7830526996783491,0.0,0.300733429,0.64203364025,27922.0,1377.0
0.8772619629795539,0.0,0.21749710849999998,0.5382647445,27922.0,1377.0
0.8838680146887192,0.0,0.1617763693333333,0.44261692733333335,27922.0,1377.0
0.8862534010667396,0.033713350749999996,0.11766627849999999,0.249046816,27922.0,1377.0
0.8879765132235866,0.005511778,0.09651156450000001,0.1577391615,27922.0,1377.0
0.8978682687930968,0.0,0.09096115,0.15233519550000002,27922.0,1377.0
0.8874894622869599,0.0,0.09957180425,0.17196770875,27922.0,1377.0
0.8130691448880842,0.0,0.10834405933333334,0.17299016766666667,27922.0,1377.0
0.7946287347573615,0.0,0.108960105,0.18819837625,27922.0,1377.0
0.8863136494104497,0.0,0.13641003899999998,0.226822057,27922.0,1377.0
0.8916099661360029,0.0,0.1602185365,0.2577271545,27922.0,1377.0
0.8914353737218159,0.0089972625,0.197920198,0.33746999749999995,27922.0,1377.0
0.8894723332174826,0.05529011749999999,0.2718007175,0.462423249,27922.0,1377.0
0.8916772665451342,0.0,0.3733662045,0.495847914,27922.0,1377.0
0.8918609932386492,0.0,0.4345300065,0.5376526804999999,27922.0,1377.0
0.8670990978022982,0.0,0.492229116,0.6758694763333333,27922.0,1377.0
0.7908125607402133,0.0,0.5485601744999999,0.72709872475,27922.0,1377.0
0.7801153050837835,0.0,0.6069414970000001,0.7885708526666667,27922.0,1377.0
0.8709314857434163,0.0,0.6395393475,0.8106638555,27922.0,1377.0
0.871286397177792,0.0020024435,0.6592719579999999,0.8109493525,27922.0,1377.0
0.8712184342460539,0.011155926,0.672380651,0.7958099670000001,27922.0,1377.0
0.8710135521156532,0.003074832,0.6768754103333334,0.8071770416666667,27922.0,1377.0
0.8758624078932036,0.0,0.6780062757499999,0.80661654975,27922.0,1377.0
0.852694837729885,0.0,0.652688908,0.788736825,27922.0,1377.0
0.7921169041069818,0.0,0.6505454533333334,0.7517053703333333,27922.0,1377.0
0.7756121711992877,0.0,0.664209249,0.7583209135000001,27922.0,1377.0
0.86857455898113,0.0,0.656799288,0.774885568,27922.0,1377.0
0.8732386863077881,0.0,0.655839784,0.7991219316666666,27922.0,1377.0
0.8711767386063631,0.0205928435,0.6470835705,0.7831583355,27922.0,1377.0
0.871588727326339,0.02036851175,0.6718067679999999,0.7730591204999999,27922.0,1377.0
0.8793288962032894,0.0,0.6797290116666668,0.7988699599999999,27922.0,1377.0
0.8652866467120961,0.0,0.67093125,0.8061149185,27922.0,1377.0
0.8069934883989411,0.0,0.66461024425,0.7870024565,27922.0,1377.0
0.7790240472676391,0.0,0.65557245925,0.7805422540000001,27922.0,1377.0
0.8684619189544193,0.0,0.642281676,0.770623704,27922.0,1377.0
0.8752774751266079,0.0,0.6253956246666666,0.7426805916666667,27922.0,1377.0
0.8756482730895734,0.0236574,0.592430259,0.668581219,27922.0,1377.0
0.8763655026876921,0.018424256249999996,0.5898380835,0.6526009595,27922.0,1377.0
0.8840752317677629,0.0,0.5469917632499999,0.5975026354999999,27922.0,1377.0
0.8645307264357629,0.0,0.501500387,0.5539548384999999,27922.0,1377.0
0.7992379458840654,0.0,0.42298849833333335,0.432032505,27922.0,1377.0
0.7756326760565083,0.0,0.3692848485,0.42873872700000004,27922.0,1377.0
0.7813645392650868,0.0,0.3243926835,0.44386122699999997,27922.0,1377.0
0.827112309291449,0.0,0.279099939,0.4392638993333333,27922.0,1377.0
0.8440784255450757,0.016366456,0.2107332165,0.3558247285,27922.0,1377.0
0.8456246497577036,0.01696213675,0.17817849724999998,0.30535535225,27922.0,1377.0
0.8653899159478133,0.0,0.1581085415,0.2605653295,27922.0,1377.0
0.8548356178896661,0.0,0.14734732175,0.220228799,27922.0,1377.0
0.801043266485831,0.0,0.14906946666666668,0.1962434673333333,27922.0,1377.0
0.7835053903576572,0.0,0.15453571500000002,0.2639064355,27922.0,1377.0
0.8065261141145008,0.0,0.1540771815,0.31416509975,27922.0,1377.0
0.8470972318591865,0.008231527,0.1488759325,0.34910153200000005,27922.0,1377.0
0.8459210246930162,0.076906071,0.14512271566666665,0.43133695433333336,27922.0,1377.0
0.8505501766663439,0.008331959,0.1528437045,0.4955425455,27922.0,1377.0
0.8683191781584965,0.0,0.16729955400000002,0.5212230785,27922.0,1377.0
0.858998125340612,0.0,0.21428812575,0.6154056405,27922.0,1377.0
0.8109841482757654,0.0,0.2997617025,0.7270122585000001,27922.0,1377.0
0.7892371470117244,0.0,0.3872199165,0.80009108675,27922.0,1377.0
0.8414857117711283,0.0,0.441748116,0.6910827145,27922.0,1377.0
0.8967095095743263,0.0,0.4236889386666666,0.519550705,27922.0,1377.0
0.8930379419717512,0.016525216,0.37526555200000006,0.439416225,27922.0,1377.0
0.8913437469902752,0.0197589175,0.353332879,0.441181907,27922.0,1377.0
0.8900867670174202,0.002153449,0.37811907,0.5775793659999999,27922.0,1377.0
0.8903290225471858,0.0,0.47780430366666665,0.7719828883333334,27922.0,1377.0
0.8616257592058969,0.0,0.603187198,0.8992510469999999,27922.0,1377.0
0.8011439327815788,0.0,0.675886649,0.9250727974999999,27922.0,1377.0
0.7741192146119442,0.0,0.7273220890000001,0.9324245515,27922.0,1377.0
0.7776811237121249,0.0,0.752821136,0.9238518476666666,27922.0,1377.0
0.8685082054470716,0.0,0.763163093,0.9160074085000001,27922.0,1377.0
0.8736575694532589,0.0,0.7510948036666667,0.8914473736666667,27922.0,1377.0
0.8736232566915695,0.040867266,0.7288952505,0.8745022775,27922.0,1377.0
0.8719306236811782,0.029115173,0.7213451399999999,0.848261841,27922.0,1377.0
0.8773964689446266,0.0,0.6993930985000001,0.8042037755,27922.0,1377.0
0.862723631099062,0.0,0.6899441505,0.7826679775,27922.0,1377.0
0.7938996021539664,0.0,0.6496260273333333,0.8005191836666666,27922.0,1377.0
0.7823790469403334,0.0,0.5704698827500001,0.766107967,27922.0,1377.0
0.8702922758968303,0.0,0.45470553700000005,0.6398853865,27922.0,1377.0
0.8736545719820091,0.0,0.3166500883333333,0.38256958066666663,27922.0,1377.0
0.8723247227374991,0.009789606,0.27995827399999995,0.34529192249999996,27922.0,1377.0
0.8701258710940015,0.012870219,0.287901813,0.47556551449999995,27922.0,1377.0
0.8710569044415498,0.0019245165,0.2971980065,0.5492492710000001,27922.0,1377.0
0.8776256303160139,0.0,0.30596911800000004,0.5843521295,27922.0,1377.0
0.8621434863129995,0.0,0.32798029349999996,0.6455525215,27922.0,1377.0
0.8001376009128174,0.0,0.33799853300000005,0.7061514799999999,27922.0,1377.0
0.7766554095122025,0.0,0.31988563119999996,0.7856902266000001,27922.0,1377.0
0.8684223055286354,0.0,0.3229606405,0.787828454,27922.0,1377.0
0.8733316066739155,0.0,0.333936627,0.7494658466666667,27922.0,1377.0
0.8679283921294153,0.013667133500000001,0.361676864,0.6715683365,27922.0,1377.0
0.8654513947942017,0.0101083735,0.33629304325,0.55838680725,27922.0,1377.0
0.8759570398278408,0.0,0.33775355566666665,0.5002065003333332,27922.0,1377.0
0.8469090091658998,0.0,0.37727971075,0.51871228425,27922.0,1377.0
0.783976728387071,0.0,0.41355786549999995,0.4790999055,27922.0,1377.0
0.7738490356562003,0.0,0.40250166866666665,0.417877289,27922.0,1377.0
0.8506686697009415,0.0,0.34145144,0.3630825176666667,27922.0,1377.0
0.8810039863440566,0.0,0.28770431350000003,0.40066412949999997,27922.0,1377.0
0.879801858852456,0.0069407265,0.249383423,0.522837272,27922.0,1377.0
0.8758644665663988,0.053096309333333334,0.24608616766666666,0.7740402263333334,27922.0,1377.0
0.8811070664256694,0.0034724606666666664,0.285332136,0.857474476,27922.0,1377.0
0.8776332499473005,0.0,0.3801958185,0.8700759094999999,27922.0,1377.0
0.8373646873686087,0.0,0.455289848,0.8613459514999999,27922.0,1377.0
0.7816472757062126,0.0,0.5339972095000001,0.846664386,27922.0,1377.0
0.7747283949327619,0.0,0.5455082155,0.8367681785000001,27922.0,1377.0
0.7806067967927063,0.0,0.48906079575000005,0.83539023525,27922.0,1377.0
0.8260261353370392,0.0,0.43161668933333336,0.813173045,27922.0,1377.0
0.8396198588183585,0.0094248855,0.396049177,0.774323849,27922.0,1377.0
0.8364625475866855,0.00978725775,0.3714933395,0.722566401,27922.0,1377.0
0.853530836879669,0.0,0.40096706950000005,0.656331684,27922.0,1377.0
0.8390064427227316,0.0,0.36312075275,0.54846554625,27922.0,1377.0
0.7852201964747274,0.0,0.3179836116666666,0.416216333,27922.0,1377.0
0.7684601456692052,0.0,0.37891974266666667,0.40098826299999996,27922.0,1377.0
0.7759954164343039,0.0,0.40212765333333333,0.203938222,27922.0,1377.0
0.8262833780159511,0.0,0.3552099346666666,0.18081830433333335,27922.0,1377.0
0.8421284237300247,0.060641865999999996,0.299822776,0.40981809599999997,27922.0,1377.0
0.836299526778403,0.04668792133333333,0.25045042100000003,0.5972091503333333,27922.0,1377.0
0.8516563228780045,0.0,0.2450733075,0.6017913635,27922.0,1377.0
0.8604980314083405,0.0,0.28578584999999995,0.6771019910000001,27922.0,1377.0
0.8355433226328441,0.0,0.33475948099999997,0.7583762835,27922.0,1377.0
0.7908809218965692,0.0,0.34953853633333337,0.7923477946666667,27922.0,1377.0
0.7780520635406689,0.0,0.42602562675000005,0.8092164500000001,27922.0,1377.0
0.8665618005975204,0.0,0.5236322445,0.7837432455,27922.0,1377.0
0.8692261688457578,0.0,0.6221412329999999,0.7450707876666667,27922.0,1377.0
0.865028141947293,0.011061239,0.694892237,0.7757713165,27922.0,1377.0
0.8638429109567463,0.024038266500000002,0.6970164169999999,0.7706282865,27922.0,1377.0
0.8621382566507287,0.0037782735,0.711290698,0.770286952,27922.0,1377.0
0.8686845016979219,0.0,0.7276775725,0.8194750145,27922.0,1377.0
0.8518484503954515,0.0,0.697214479,0.82988738475,27922.0,1377.0
0.7843555641568667,0.0,0.666185351,0.858531887,27922.0,1377.0
