Demand,Avail_Sol,Avail_Wind_On,Avail_Wind_Off,Hyd_In,HydRoR_In
0.6708776322453996,0.0,0.48216583240000005,0.6652320778,7983.0,1543.0
0.7912992751245047,0.0,0.42231920300000003,0.6463734865,7983.0,1543.0
0.9152470619900015,0.002259327,0.42304525800000004,0.702046438,7983.0,1543.0
0.9185858714004353,0.249499137,0.423026053,0.683030505,7983.0,1543.0
0.8961729346077507,0.46696939449999997,0.435599397,0.5932058755,7983.0,1543.0
0.8790761520642144,0.5716368646666666,0.556006567,0.5777827529999999,7983.0,1543.0
0.8807039533124525,0.3380655225,0.589142446,0.6383939144999999,7983.0,1543.0
0.898388474895981,0.04264888133333333,0.5860093470000001,0.7338867836666667,7983.0,1543.0
0.8431254569952479,0.0,0.5516822505000001,0.7408969655,7983.0,1543.0
0.7472425616157798,0.0,0.4946128715,0.70420222,7983.0,1543.0
0.6706019399148426,0.0,0.4786407665,0.659458929,7983.0,1543.0
0.6663660075756975,0.0,0.45037283300000003,0.6322009793333333,7983.0,1543.0
0.7840079065498605,0.0,0.4391699995,0.655759211,7983.0,1543.0
0.906780301181815,0.05903369933333333,0.417310369,0.679530597,7983.0,1543.0
0.8860205757238573,0.3363491095,0.3715045835,0.6440939219999999,7983.0,1543.0
0.8702717409577305,0.45198993433333334,0.420367076,0.6513802083333333,7983.0,1543.0
0.8718983560036081,0.3241351355,0.4119063025,0.637931859,7983.0,1543.0
0.890509156577196,0.039132963,0.4184006616666666,0.6369843436666667,7983.0,1543.0
0.8219472624317236,0.0,0.44116667233333334,0.6648782353333333,7983.0,1543.0
0.6957253033224831,0.0,0.4325439565,0.7199922009999999,7983.0,1543.0
0.6544017029549485,0.0,0.427542751,0.7191920039999999,7983.0,1543.0
0.6655389882968754,0.0,0.4154728975,0.714921894,7983.0,1543.0
0.7764409533547358,0.0,0.3997265015,0.7389344265,7983.0,1543.0
0.880092240157891,0.001523461,0.37719859349999996,0.7319815845,7983.0,1543.0
0.8826689833965462,0.16962392,0.34435789650000004,0.67720001,7983.0,1543.0
0.8633127393486304,0.31792953749999997,0.356461135,0.6329516785,7983.0,1543.0
0.8555617196874188,0.38341402300000005,0.41553049,0.6336587220000001,7983.0,1543.0
0.8544790473501634,0.322856507,0.426946313,0.648600533,7983.0,1543.0
0.8638284157559639,0.164429053,0.40222593149999997,0.616833261,7983.0,1543.0
0.8720115772267515,0.001309423,0.4033523805,0.6246443635000001,7983.0,1543.0
0.8413324595253886,0.0,0.410041808,0.6675910844999999,7983.0,1543.0
0.7470634351778969,0.0,0.394140319,0.6651060295,7983.0,1543.0
0.6671743283300094,0.0,0.406302203,0.68603094,7983.0,1543.0
0.6601485785812861,0.0,0.399665583,0.6590713063333333,7983.0,1543.0
0.7747445077107542,0.0,0.39839721699999997,0.6209613505,7983.0,1543.0
0.8747456033290111,0.0017013655,0.40503698050000003,0.6010029385,7983.0,1543.0
0.8759310551357551,0.2185258135,0.392912163,0.573026834,7983.0,1543.0
0.8583945218261996,0.44693751825,0.434597421,0.54469140075,7983.0,1543.0
0.8605333872998014,0.345956669,0.44960312550000003,0.533298213,7983.0,1543.0
0.8802667701428432,0.04041640366666666,0.4644634136666667,0.6022820313333334,7983.0,1543.0
0.8423093556457544,0.0,0.4751639645,0.6461958495,7983.0,1543.0
0.7070270240716038,0.0,0.49302871574999996,0.6275103367499999,7983.0,1543.0
0.6618111859186911,0.0,0.5088717663333333,0.6386799013333334,7983.0,1543.0
0.7774824202121853,0.0,0.494511429,0.6506673825,7983.0,1543.0
0.889838975471455,0.042479371999999994,0.49113238533333337,0.533099308,7983.0,1543.0
0.8820327342406615,0.262664426,0.471025839,0.5622325454999999,7983.0,1543.0
0.8765632304434736,0.308450842,0.4948082155,0.6880533135,7983.0,1543.0
0.8788633354326159,0.257965413,0.4364102605,0.742692078,7983.0,1543.0
0.9066444482268858,0.115683699,0.333618556,0.763749889,7983.0,1543.0
0.9179804325892994,0.0010583035,0.2666050135,0.683982861,7983.0,1543.0
0.8490789840654986,0.0,0.2308330445,0.6027840870000001,7983.0,1543.0
0.7166371454263049,0.0,0.20610699433333332,0.5146465836666667,7983.0,1543.0
0.6449644805028087,0.0,0.21884599125,0.50949287675,7983.0,1543.0
0.6751005880299324,0.0,0.251905282,0.47335576749999997,7983.0,1543.0
0.7570301433214167,0.025474081666666665,0.28345242933333337,0.4524037596666666,7983.0,1543.0
0.7892808887561737,0.1900408405,0.26159311949999997,0.39587196599999996,7983.0,1543.0
0.7871504750556093,0.286507987,0.3811431915,0.475220691,7983.0,1543.0
0.7886339636978253,0.2608817295,0.479970216,0.541095691,7983.0,1543.0
0.828764901319954,0.1456264515,0.4995724325,0.482057108,7983.0,1543.0
0.8317590366987724,0.000960647,0.518838672,0.4197455725,7983.0,1543.0
0.7888918721542565,0.0,0.53791821,0.417600843,7983.0,1543.0
0.7081102933813864,0.0,0.46716247966666663,0.4040364326666667,7983.0,1543.0
0.645531909482141,0.0,0.445835449,0.547262627,7983.0,1543.0
0.6432315391026906,0.0,0.4146693543333333,0.6663114166666667,7983.0,1543.0
0.6735421336780095,0.0,0.3937325065,0.6923179355,7983.0,1543.0
0.7368570175633389,0.001232306,0.3575981565,0.6464938650000001,7983.0,1543.0
0.7920948907678913,0.116582105,0.329073258,0.60254307,7983.0,1543.0
0.7925403307354284,0.273398282,0.33352444849999996,0.5529335154999999,7983.0,1543.0
0.7897736211791648,0.35456809349999996,0.3280956035,0.44826861149999997,7983.0,1543.0
0.7903361687690169,0.329887358,0.303783808,0.397103154,7983.0,1543.0
0.799532655707817,0.285126943,0.282867053,0.360768814,7983.0,1543.0
0.8380127545623741,0.152100553,0.2294508965,0.3323192145,7983.0,1543.0
0.8196179077379526,0.00046250275,0.160475616,0.287209489,7983.0,1543.0
0.7207550063537169,0.0,0.11332708200000001,0.19873489649999998,7983.0,1543.0
0.6903781982772017,0.0,0.10663775233333332,0.12856976766666667,7983.0,1543.0
0.8137407044080144,0.0,0.11669154100000001,0.14047468899999999,7983.0,1543.0
0.9236370933244724,0.001453776,0.113760374,0.1738691015,7983.0,1543.0
0.9428404091243563,0.221829983,0.101015855,0.194198296,7983.0,1543.0
0.9379404297068732,0.395570662,0.092851162,0.244472726,7983.0,1543.0
0.925839101414222,0.578392679,0.065933302,0.224125633,7983.0,1543.0
0.9115797800536847,0.616897902,0.0527274235,0.235125339,7983.0,1543.0
0.9120353340640044,0.501000695,0.059690652,0.23121961,7983.0,1543.0
0.9402902622016233,0.2710546785,0.065369981,0.20353006699999998,7983.0,1543.0
0.9468963330894693,0.0010839645,0.0793180015,0.20560283499999998,7983.0,1543.0
0.8602353035208637,0.0,0.086025353,0.22489962200000002,7983.0,1543.0
0.771373998303801,0.0,0.1049701895,0.335030925,7983.0,1543.0
0.6988351650649288,0.0,0.1265876835,0.3328942245,7983.0,1543.0
0.6923228441765245,0.0,0.15741064533333335,0.36334445533333337,7983.0,1543.0
0.8115975077905727,0.0,0.215846053,0.404910326,7983.0,1543.0
0.9277522033620865,0.04795409566666666,0.29075686166666664,0.465109551,7983.0,1543.0
0.9333273897058116,0.23575558,0.286709268,0.529665325,7983.0,1543.0
0.9223582271884316,0.28991351200000004,0.3454787815,0.5650340890000001,7983.0,1543.0
0.9116425714872274,0.23714642049999998,0.415540743,0.680857762,7983.0,1543.0
0.9289331130771913,0.080893864,0.39181762800000003,0.7160313816666667,7983.0,1543.0
0.9364005645612858,0.000975296,0.3675363345,0.6704027385,7983.0,1543.0
0.8554228387435898,0.0,0.33500471,0.6491736035,7983.0,1543.0
0.7199495341256555,0.0,0.24806875925,0.6197356782500001,7983.0,1543.0
0.6773029238305542,0.0,0.20674909933333332,0.5495551946666667,7983.0,1543.0
0.7922715121465074,0.0,0.24199446349999998,0.5025504494999999,7983.0,1543.0
0.9181057969824699,0.03749159133333333,0.2984547026666667,0.4813210276666666,7983.0,1543.0
0.9039870734945941,0.2678256605,0.45036669949999997,0.513097033,7983.0,1543.0
0.8937239281940599,0.37165296800000003,0.6160771835000001,0.5754831524999999,7983.0,1543.0
0.8903644694251256,0.31623846899999997,0.7031770454999999,0.751573,7983.0,1543.0
0.9181689474766732,0.1879547875,0.692918598,0.8200951219999999,7983.0,1543.0
0.9227110016480453,0.00147359,0.6477045555000001,0.8218891665,7983.0,1543.0
0.8294304624739591,0.0,0.6384618763333333,0.802158205,7983.0,1543.0
0.68195761405609,0.0,0.6288828761666667,0.8062446295000001,7983.0,1543.0
0.7866591005007898,0.0,0.5958952455,0.784317295,7983.0,1543.0
0.91046278554563,0.0020495185,0.57247421,0.765448154,7983.0,1543.0
0.9133524557946988,0.3078766295,0.4981403805,0.730197636,7983.0,1543.0
0.8952859567738146,0.5716224666666666,0.6045133093333334,0.734752426,7983.0,1543.0
0.890052712996323,0.4733628735,0.6414068150000001,0.737461863,7983.0,1543.0
0.9215139375060353,0.266774765,0.5364548305000001,0.671200374,7983.0,1543.0
0.9265397340206298,0.001404229,0.4541147485,0.5984064495,7983.0,1543.0
0.8551480735221153,0.0,0.4074901785,0.4511075195,7983.0,1543.0
0.7631286542026177,0.0,0.33978338750000003,0.41825800700000004,7983.0,1543.0
0.6906397496277892,0.0,0.27372347480000003,0.351728838,7983.0,1543.0
0.8141853951480926,0.0,0.193761545,0.2746862795,7983.0,1543.0
0.9238355817490997,0.0023674605,0.1614868385,0.2194020425,7983.0,1543.0
0.9344703718078584,0.329617162,0.130483648,0.1710301045,7983.0,1543.0
0.9085958367943242,0.6282663323333334,0.104391478,0.12806270066666667,7983.0,1543.0
0.8995760337442107,0.586167798,0.088367243,0.150664217,7983.0,1543.0
0.9277065027341069,0.2665567995,0.0928590455,0.215844163,7983.0,1543.0
0.9268504602921329,0.0014842255,0.09787295,0.2944215555,7983.0,1543.0
0.852757691212955,0.0,0.0936056955,0.3141001755,7983.0,1543.0
0.7296823899159445,0.0,0.11879030566666667,0.302968772,7983.0,1543.0
0.6580600766376931,0.0,0.14537367825,0.29988736175,7983.0,1543.0
0.7118122019848292,0.00094272025,0.1631576545,0.194854193,7983.0,1543.0
0.7993050893797334,0.084354951,0.183977592,0.278064929,7983.0,1543.0
0.7941320303198196,0.1941568635,0.15569525299999998,0.4080909525,7983.0,1543.0
0.7885839552623769,0.274483215,0.2075490725,0.464896649,7983.0,1543.0
0.791821811287895,0.2472231505,0.2645058735,0.5065563775,7983.0,1543.0
0.8249438482648664,0.164911557,0.270290585,0.539435722,7983.0,1543.0
0.8336324471342086,0.034518217000000004,0.275728292,0.5493245253333333,7983.0,1543.0
0.7901266298688048,0.0,0.283014901,0.551798442,7983.0,1543.0
0.7121473471832509,0.0,0.28163519933333336,0.5039472993333334,7983.0,1543.0
0.654246592696662,0.0,0.24902525820000002,0.5129960062000001,7983.0,1543.0
0.7234915571833103,0.0012055266666666667,0.18392927633333334,0.439994678,7983.0,1543.0
0.7959487678637289,0.19064327050000002,0.133266915,0.38649334199999996,7983.0,1543.0
0.7883016825516506,0.35835035100000007,0.11999151633333334,0.34563704566666664,7983.0,1543.0
0.7895077057755815,0.311427655,0.1279942585,0.3488371565,7983.0,1543.0
0.8290111037166219,0.17512110050000002,0.11953151,0.3580672775,7983.0,1543.0
0.8168427932302916,0.00055444325,0.12552167825,0.283040364,7983.0,1543.0
0.7336849029106607,0.0,0.13245106666666664,0.31085890466666666,7983.0,1543.0
0.6931586975983433,0.0,0.13955336675000002,0.347547826,7983.0,1543.0
0.8171601452308679,0.0,0.14770582599999998,0.417991497,7983.0,1543.0
0.9244402712515599,0.002081472,0.14960298249999998,0.49362940899999996,7983.0,1543.0
0.9397386714440756,0.260292201,0.1386421,0.503346944,7983.0,1543.0
0.9255162008665547,0.5304942625,0.1017633985,0.467099582,7983.0,1543.0
0.9070512580266484,0.709073751,0.1311221405,0.4777905395,7983.0,1543.0
0.8979872840449717,0.5726138759999999,0.163808227,0.49626629,7983.0,1543.0
0.9245664627593579,0.2756231515,0.2045700795,0.5504595299999999,7983.0,1543.0
0.8950689572465992,0.0009853385,0.275846342,0.6139365855,7983.0,1543.0
0.7614239439909422,0.0,0.29038455900000004,0.607469371,7983.0,1543.0
0.6820597706718787,0.0,0.3063108044,0.5715301352000001,7983.0,1543.0
0.7939725934983362,0.0,0.3173831245,0.55332461,7983.0,1543.0
0.9137783855001964,0.07228069266666666,0.31028196466666663,0.5528814743333333,7983.0,1543.0
0.889763619513733,0.43040841066666663,0.22833266366666669,0.507734145,7983.0,1543.0
0.8686536791791539,0.510918063,0.27971195833333334,0.53375458,7983.0,1543.0
0.8817666784127665,0.2754245255,0.32536953550000003,0.574975286,7983.0,1543.0
0.8710373266305731,0.00085980475,0.40266833875,0.62290081425,7983.0,1543.0
0.7466843921944504,0.0,0.4022400245,0.655804573,7983.0,1543.0
0.6668016300077265,0.0,0.4262315054,0.7274342292,7983.0,1543.0
0.7362579937635916,0.0,0.429280707,0.750696524,7983.0,1543.0
0.8715466739947854,0.001824526,0.40886675666666666,0.744301287,7983.0,1543.0
0.9052505813205092,0.227343563,0.384268791,0.742558602,7983.0,1543.0
0.8866391252439596,0.391724736,0.282627725,0.644660695,7983.0,1543.0
0.8718322087349314,0.6200321316666667,0.302591577,0.5843071356666667,7983.0,1543.0
0.8673873931068251,0.657954881,0.28784999099999997,0.5584294505,7983.0,1543.0
0.8855854371668802,0.400983357,0.2623005965,0.5863974375000001,7983.0,1543.0
0.9077649545609912,0.002486082,0.282709353,0.5974975874999999,7983.0,1543.0
0.849020266236471,0.0,0.2761656515,0.554871467,7983.0,1543.0
0.749875704748322,0.0,0.242624322,0.5405193575,7983.0,1543.0
0.6780154497832859,0.0,0.2179210865,0.5690517055,7983.0,1543.0
0.6799764685563562,0.0,0.193938307,0.49226033933333335,7983.0,1543.0
0.7987446722760275,0.0,0.162242566,0.506865711,7983.0,1543.0
0.9172630838045942,0.0029270475,0.1432932575,0.501880646,7983.0,1543.0
0.9265726983232575,0.332073879,0.117892706,0.501251288,7983.0,1543.0
0.9094905249706775,0.6333438950000001,0.0696980085,0.4823310625,7983.0,1543.0
0.879510307271996,0.8215328553333333,0.06240405166666666,0.455570375,7983.0,1543.0
0.8730918145950701,0.618238944,0.07033342449999999,0.49206782849999997,7983.0,1543.0
0.8899043735126728,0.295937444,0.081310767,0.505296665,7983.0,1543.0
0.9073711151271002,0.002495019,0.097440429,0.521506297,7983.0,1543.0
0.8498951321960238,0.0,0.116927653,0.5184446275,7983.0,1543.0
0.7392479774070749,0.0,0.14231749633333335,0.4869539763333333,7983.0,1543.0
0.6802926927767166,0.0,0.14013390675,0.42482098325,7983.0,1543.0
0.7997259932647303,0.0,0.1569689495,0.343209814,7983.0,1543.0
0.917830220240045,0.0019153625,0.179103537,0.3939593235,7983.0,1543.0
0.9282465746372346,0.217287991,0.179063724,0.417554254,7983.0,1543.0
0.8982781099417819,0.4694191635,0.117389737,0.3316474095,7983.0,1543.0
0.8747670020774043,0.6581227015,0.16953075150000002,0.432615084,7983.0,1543.0
0.8663992591430973,0.621000867,0.210351601,0.4859279185,7983.0,1543.0
0.8828289352966794,0.38235010150000004,0.2361996835,0.4958275685,7983.0,1543.0
0.8737944606538283,0.00150405,0.26458843649999997,0.492443608,7983.0,1543.0
0.744516589241704,0.0,0.20734003,0.5074807685,7983.0,1543.0
0.6674126408133213,0.0,0.20282271899999998,0.462765055,7983.0,1543.0
0.6554344761207852,0.0,0.21446687633333336,0.4690245806666667,7983.0,1543.0
0.7119552737700119,0.0017545085,0.25047349825,0.49800961175,7983.0,1543.0
0.7915522904149808,0.362924967,0.2362683745,0.483289784,7983.0,1543.0
0.7720450612374018,0.6526691465000001,0.25226085249999997,0.4879105545,7983.0,1543.0
0.7497750246859146,0.6890029913333334,0.3538145476666667,0.527748289,7983.0,1543.0
0.7761813124570122,0.3769320265,0.4174221045,0.567103487,7983.0,1543.0
0.7958715076500056,0.00167326375,0.48771157775,0.6245585687499999,7983.0,1543.0
0.7260655532816889,0.0,0.4378804395,0.659332182,7983.0,1543.0
0.6388057457574027,0.0,0.43720060275000006,0.70997039575,7983.0,1543.0
0.6459983735437336,0.0,0.405974236,0.6885788159999999,7983.0,1543.0
0.7080519190464147,0.0022426776666666665,0.36818285133333334,0.6176712146666666,7983.0,1543.0
0.7730471255527535,0.216856359,0.321183111,0.592221966,7983.0,1543.0
0.7589178820991859,0.4192203675,0.2604537165,0.5471873414999999,7983.0,1543.0
0.7410525716997399,0.6062226555000001,0.2916340965,0.529288659,7983.0,1543.0
0.7286063588608311,0.568747537,0.302681344,0.508413742,7983.0,1543.0
0.7530225343075803,0.3402554945,0.2770942755,0.5041916135,7983.0,1543.0
0.7757434580824747,0.003228237,0.29389758,0.514876584,7983.0,1543.0
0.777703735506142,0.0,0.283150446,0.554741293,7983.0,1543.0
0.7020489884725155,0.0,0.23073411025,0.5282383587499999,7983.0,1543.0
0.6654904705736507,0.0,0.229089291,0.504064939,7983.0,1543.0
0.7838841967108137,0.0,0.22459497750000001,0.484655777,7983.0,1543.0
0.9040080508076179,0.07569806833333333,0.206792813,0.4687751473333333,7983.0,1543.0
0.8844096780487662,0.426137521,0.1368322575,0.4336481835,7983.0,1543.0
0.8691386232371971,0.633584095,0.13839310100000002,0.4318782155,7983.0,1543.0
0.8589489922161351,0.6497746959999999,0.14966606300000002,0.440529364,7983.0,1543.0
0.8695847654887273,0.406069098,0.16567544299999998,0.44007832550000003,7983.0,1543.0
0.885865306231386,0.008413096,0.203659946,0.441969099,7983.0,1543.0
0.8621719736333162,0.0,0.216193859,0.4089985843333333,7983.0,1543.0
0.7482673122949322,0.0,0.19597645349999998,0.32291545850000003,7983.0,1543.0
0.6769044019077843,0.0,0.17579345200000002,0.3172861225,7983.0,1543.0
0.676893398186159,0.0,0.15636377166666668,0.281553572,7983.0,1543.0
0.793529822567328,0.0,0.13287049299999998,0.2056665265,7983.0,1543.0
0.9154734576552568,0.0043254745,0.115331432,0.188567794,7983.0,1543.0
0.9205411619336502,0.210525624,0.094943819,0.170634864,7983.0,1543.0
0.8902757841220881,0.4251009565,0.0586242025,0.1208525305,7983.0,1543.0
0.8770177074342451,0.6557966479999999,0.051525587,0.11575597500000001,7983.0,1543.0
0.869040104821218,0.6874932635,0.0476619095,0.115546751,7983.0,1543.0
0.8862926719900199,0.42066848300000004,0.051298496,0.1123470315,7983.0,1543.0
0.9014613687674697,0.0047692415,0.06131189150000001,0.118386222,7983.0,1543.0
0.848832500657773,0.0,0.0478911395,0.12463945100000001,7983.0,1543.0
0.7343027812529073,0.0,0.044779147666666665,0.121444167,7983.0,1543.0
0.6829830084617285,0.0,0.050162615,0.14408186925000002,7983.0,1543.0
0.8086498923304508,0.0,0.0682214555,0.1939779305,7983.0,1543.0
0.9217530226073218,0.0048275505,0.08310411000000001,0.24349806550000003,7983.0,1543.0
0.9226022756272205,0.332222825,0.084523572,0.30444004599999996,7983.0,1543.0
0.8992877830782149,0.6431115425,0.076978575,0.3035861355,7983.0,1543.0
0.8846745633762672,0.770579111,0.0955112585,0.289884135,7983.0,1543.0
0.8860291445306907,0.5782515145,0.100402933,0.311630995,7983.0,1543.0
0.9108176202386257,0.270425064,0.114300509,0.355499865,7983.0,1543.0
0.8837189722797975,0.00220429425,0.1247521865,0.36871793575,7983.0,1543.0
0.747044986395873,0.0,0.114748568,0.3218217325,7983.0,1543.0
0.6709872012181808,0.0,0.1384332218,0.245164525,7983.0,1543.0
0.7856557485700311,0.0,0.18590440949999998,0.2274468785,7983.0,1543.0
0.9109288124698863,0.03559352866666667,0.217840946,0.31334284733333334,7983.0,1543.0
0.9027155118592782,0.2321448645,0.2249163535,0.4139690485,7983.0,1543.0
0.8913181406313082,0.3270416295,0.3313604895,0.587195901,7983.0,1543.0
0.8960225816717504,0.3154129495,0.3833149475,0.704223157,7983.0,1543.0
0.9235076709204643,0.19254928500000001,0.4188629565,0.7575666514999999,7983.0,1543.0
0.9079847479824422,0.0024854106666666667,0.42124973266666665,0.745654243,7983.0,1543.0
0.799917387865709,0.0,0.4398191865,0.7380058955,7983.0,1543.0
0.6890461864257104,0.0,0.506812831,0.7559266306666667,7983.0,1543.0
0.6694145840280675,0.0,0.5597327606666667,0.8102700913333334,7983.0,1543.0
0.7856444639456373,0.0,0.5764420189999999,0.847469297,7983.0,1543.0
0.9094714206044751,0.002927065,0.5574728055,0.8177692365,7983.0,1543.0
0.9254409540645729,0.220154347,0.541011544,0.787259782,7983.0,1543.0
0.9156624407590316,0.361831963,0.437546816,0.726829087,7983.0,1543.0
0.9099905776775771,0.5484956646666667,0.5814613376666666,0.706060287,7983.0,1543.0
0.9127965104215786,0.5176716275,0.6684291090000001,0.7521616465000001,7983.0,1543.0
0.9353814329662491,0.31643386149999997,0.6542223309999999,0.7069559645,7983.0,1543.0
0.9346984531333746,0.0059289125,0.597287591,0.6776655025,7983.0,1543.0
0.8545414642918023,0.0,0.578332183,0.6706540635,7983.0,1543.0
0.7479286318393354,0.0,0.5308397995,0.5866344555,7983.0,1543.0
0.6656058067163355,0.0,0.50751491,0.5765936295,7983.0,1543.0
0.6568098434573976,0.0,0.48045285425,0.52092518125,7983.0,1543.0
0.722154285281292,0.0036522773333333334,0.4625057346666666,0.487267313,7983.0,1543.0
0.7921727128006875,0.270912301,0.434045347,0.444881262,7983.0,1543.0
0.7878256819277063,0.48849658500000004,0.3858264855,0.325406782,7983.0,1543.0
0.7757935289197042,0.5876595206666667,0.4867917193333334,0.337665818,7983.0,1543.0
0.7892750356044664,0.4120922445,0.4792582025,0.394631009,7983.0,1543.0
0.8293706209797135,0.229824872,0.409929538,0.417522091,7983.0,1543.0
0.8086758681885765,0.00323364875,0.426587793,0.45654614875,7983.0,1543.0
0.7101289841783633,0.0,0.43344636166666667,0.40596184566666665,7983.0,1543.0
0.6493083975133757,0.0,0.44616093275,0.38927679075,7983.0,1543.0
0.7054089857512238,0.002213684,0.48824834699999997,0.45576660175,7983.0,1543.0
0.781114022109531,0.271192335,0.498459444,0.484251475,7983.0,1543.0
0.7752283669253384,0.5195157775,0.40444995100000003,0.46239482499999995,7983.0,1543.0
0.7556627947355037,0.693879736,0.49952871050000003,0.5335204465000001,7983.0,1543.0
0.7476749843551966,0.653010036,0.5563017514999999,0.596217765,7983.0,1543.0
0.7758047042800682,0.399670764,0.5124843015,0.634608764,7983.0,1543.0
0.7919491968896455,0.004038466,0.4690647455,0.60348717025,7983.0,1543.0
0.717874150796157,0.0,0.42070121899999996,0.4451269496666666,7983.0,1543.0
0.6654534168562521,0.0,0.394804793,0.396745799,7983.0,1543.0
0.6832136300135028,0.0,0.374672197,0.3740282035,7983.0,1543.0
0.7972278682297957,0.0,0.35845170849999997,0.351159438,7983.0,1543.0
0.9163989406909708,0.006548487,0.340068364,0.334783449,7983.0,1543.0
0.9178423008729291,0.322408137,0.317650836,0.320897064,7983.0,1543.0
0.8924823341139707,0.6202474295,0.24713398199999997,0.291540131,7983.0,1543.0
0.8688673933135063,0.8055608892500001,0.24648369074999998,0.30930588324999997,7983.0,1543.0
0.8761048670535305,0.48994241,0.2508734315,0.3725724305,7983.0,1543.0
0.8955701181333289,0.0090859555,0.2714152005,0.4007446775,7983.0,1543.0
0.8479264498615677,0.0,0.2605373355,0.3814839645,7983.0,1543.0
0.7294795468757446,0.0,0.21755621699999997,0.371010562,7983.0,1543.0
0.6810301643490573,0.0,0.19284935250000002,0.3974823625,7983.0,1543.0
0.8072996891821156,0.0,0.1859215865,0.3891228565,7983.0,1543.0
0.9209475035170118,0.00744692,0.186134552,0.4035674855,7983.0,1543.0
0.9282465746372346,0.324329673,0.171408146,0.410789824,7983.0,1543.0
0.8996509058106374,0.619762015,0.112200726,0.39309137699999996,7983.0,1543.0
0.8782836033668484,0.820112437,0.1143396245,0.389052313,7983.0,1543.0
0.8696903075568079,0.752056115,0.109654435,0.357383813,7983.0,1543.0
0.8843297021393082,0.4516243795,0.116041606,0.38491121949999996,7983.0,1543.0
0.9043990339996367,0.0083757125,0.147314856,0.3780007045,7983.0,1543.0
0.8262941840948196,0.0,0.14858588866666667,0.32219389200000004,7983.0,1543.0
0.6930079115317156,0.0,0.12927602825,0.26601337425000005,7983.0,1543.0
0.6907936706082951,0.0,0.11051621349999999,0.2400214165,7983.0,1543.0
0.8089605484304065,0.0,0.1010965125,0.21728411749999998,7983.0,1543.0
0.9212999035659388,0.008403474,0.10054746149999999,0.2179531565,7983.0,1543.0
0.9318792066918797,0.327424697,0.089496864,0.210819876,7983.0,1543.0
0.904236881279376,0.6290712005,0.049095911,0.2018667505,7983.0,1543.0
0.8817177937778977,0.8425211615,0.050415768,0.2529859705,7983.0,1543.0
0.8709632271415124,0.790771639,0.072217216,0.32838496,7983.0,1543.0
0.8873722538553772,0.4743607645,0.094927096,0.4362472795,7983.0,1543.0
0.8829555951427042,0.0061097065,0.1067837235,0.49201381525,7983.0,1543.0
0.7627305536340003,0.0,0.11119105500000001,0.487806397,7983.0,1543.0
0.6934431320204715,0.0,0.1335984466,0.5164890814,7398.0,1430.0
0.8246894282439702,0.0,0.20278037,0.567037504,7398.0,1430.0
0.9563399588577395,0.0067817645,0.2500288855,0.602420059,7398.0,1430.0
0.9632679940228851,0.184994685,0.27077439,0.620491311,7398.0,1430.0
0.9413336957303913,0.376287617,0.2528560245,0.5675545815,7398.0,1430.0
0.9239100792424058,0.49284088049999997,0.42481495550000004,0.6113741005,7398.0,1430.0
0.9267974551092836,0.407759759,0.5259952465,0.6855730145000001,7398.0,1430.0
0.9579672919437214,0.26727069600000003,0.5432511019999999,0.732853239,7398.0,1430.0
0.96674259390525,0.0123356485,0.548922179,0.7790760775,7398.0,1430.0
0.8751504934009207,0.0,0.5510823695,0.764693835,7398.0,1430.0
0.7717374722188286,0.0,0.53280059,0.7461509665,7398.0,1430.0
0.6958724019717575,0.0,0.49646650849999996,0.7429503584999999,7398.0,1430.0
0.6906545087075528,0.0,0.5099097869999999,0.6901278103333333,7398.0,1430.0
0.8279852059275914,0.0,0.5466462249999999,0.654617314,7398.0,1430.0
0.9632310495965886,0.0053032495,0.5369369165,0.68836963,7398.0,1430.0
0.9668816152733909,0.275614962,0.499078747,0.630647754,7398.0,1430.0
0.9570946735853278,0.460521634,0.475695034,0.5710876,7398.0,1430.0
0.9397156027103156,0.6698299336666667,0.5783757133333333,0.573672337,7398.0,1430.0
0.9288991186984811,0.686120566,0.62386632,0.562108972,7398.0,1430.0
0.9430021871902793,0.5698659994999999,0.6153965130000001,0.592379394,7398.0,1430.0
0.9663401386398429,0.356866341,0.53650838,0.626514835,7398.0,1430.0
0.9712139902014563,0.0179919535,0.49683294450000004,0.6210250655,7398.0,1430.0
0.877825286757937,0.0,0.45758530799999997,0.6181425650000001,7398.0,1430.0
0.8141894220527931,0.0,0.372527535,0.602413888,7398.0,1430.0
0.701820536418153,0.0,0.363432029,0.620138421,7398.0,1430.0
0.6713965606085291,0.0,0.345066583,0.6035379359999999,7398.0,1430.0
0.7468449762070293,0.010286603333333333,0.324528979,0.6032658986666667,7398.0,1430.0
0.8129438009867864,0.418963975,0.2775654635,0.557728591,7398.0,1430.0
0.7999312712738671,0.644099603,0.331452715,0.5395619695,7398.0,1430.0
0.7847421589618575,0.589598552,0.38690165633333334,0.5470359403333332,7398.0,1430.0
0.8248629826224207,0.30440491,0.41132633799999996,0.595938589,7398.0,1430.0
0.827759458049676,0.005988688333333333,0.41804212900000004,0.706333624,7398.0,1430.0
0.7526508505380906,0.0,0.4276117993333333,0.6771899829999999,7398.0,1430.0
0.6732241729961119,0.0,0.40415766200000003,0.694001323,7398.0,1430.0
0.6607457332649506,0.0,0.35057353425,0.58910695925,7398.0,1430.0
0.7379199300314303,0.002742122,0.277783909,0.517494164,7398.0,1430.0
0.8129568182149067,0.135507481,0.259032143,0.480357889,7398.0,1430.0
0.8130470018104275,0.262069793,0.285707981,0.482579298,7398.0,1430.0
0.809054571698212,0.3984885173333333,0.3324837806666667,0.4427382733333333,7398.0,1430.0
0.8169112738788883,0.3945459395,0.3268615745,0.3848770155,7398.0,1430.0
0.8584622064256974,0.305970797,0.323893695,0.393002586,7398.0,1430.0
0.8653323977928361,0.06817493866666667,0.2753170866666667,0.44637404033333333,7398.0,1430.0
0.805855907646005,0.0,0.241169183,0.510846438,7398.0,1430.0
0.7374759884375939,0.0,0.25011572266666665,0.500339177,7398.0,1430.0
0.6837038105961951,0.0,0.2596032936666666,0.5458500396666667,7398.0,1430.0
0.7420624790661992,0.0,0.2712788425,0.6236397745,7398.0,1430.0
0.9335981592911571,0.004124289666666667,0.297460491,0.6290231623333333,7398.0,1430.0
0.9688715559319284,0.169123904,0.302516703,0.598186976,7398.0,1430.0
0.9667628688530636,0.35681063,0.29717751950000004,0.5396532414999999,7398.0,1430.0
0.9624547957775123,0.5000767455,0.36854160599999997,0.5580075995,7398.0,1430.0
0.9586508803360916,0.443806944,0.3913954325,0.595216619,7398.0,1430.0
0.9790571602107243,0.319388267,0.401254527,0.621213782,7398.0,1430.0
0.9796294783763754,0.08070917766666667,0.3904410096666666,0.6523852483333333,7398.0,1430.0
0.8749808020311258,0.0,0.3948832355,0.6289642575000001,7398.0,1430.0
0.7730446204122694,0.0,0.379403273,0.5040768945,7398.0,1430.0
0.6968632283625299,0.0,0.4026876895,0.49329033499999997,7398.0,1430.0
0.6905198731152665,0.0,0.4389064676666667,0.45592076266666665,7398.0,1430.0
0.8280893667369846,0.0,0.4537363365,0.48992358449999995,7398.0,1430.0
0.9652337264721889,0.008272271,0.4410115885,0.5309502225,7398.0,1430.0
0.9717632396333473,0.230561826,0.399648776,0.507792474,7398.0,1430.0
0.9608074687547744,0.422728406,0.361616045,0.42281315249999996,7398.0,1430.0
0.9436913478045159,0.533498016,0.4269216615,0.44625525050000003,7398.0,1430.0
0.9434697282714197,0.469336601,0.463493844,0.48115839650000003,7398.0,1430.0
0.9780194391657006,0.28094088500000003,0.43649457199999997,0.466157099,7398.0,1430.0
0.9798933022780054,0.0226257855,0.382879232,0.4551986795,7398.0,1430.0
0.8584986981209806,0.0,0.359665487,0.5023475493333333,7398.0,1430.0
0.7179626955936657,0.0,0.3148071273333333,0.5278603523333333,7398.0,1430.0
0.6996754823663501,0.0,0.30946242199999996,0.49530272799999997,7398.0,1430.0
0.7910672840093012,0.0,0.321197431,0.472296766,7398.0,1430.0
0.9422072504945147,0.015392538666666665,0.33225424066666664,0.46790121633333337,7398.0,1430.0
0.9799078646608579,0.366272751,0.305178245,0.393120968,7398.0,1430.0
0.9698237757078764,0.565714246,0.269596091,0.412950249,7398.0,1430.0
0.953437911452269,0.7375245810000001,0.371087585,0.328188239,7398.0,1430.0
0.9433334226396222,0.583120251,0.402315965,0.37475462849999996,7398.0,1430.0
0.9734811777502196,0.3293138355,0.3798858545,0.357466022,7398.0,1430.0
0.9794356412532725,0.022407524,0.33535803399999997,0.39174541100000004,7398.0,1430.0
0.8799178662992173,0.0,0.33278780399999996,0.436491163,7398.0,1430.0
0.7823274279379346,0.0,0.287287053,0.428445822,7398.0,1430.0
0.7029637556956981,0.0,0.2782137738,0.3906127726,7398.0,1430.0
0.791780605889306,0.0,0.273857063,0.362208593,7398.0,1430.0
0.9418597827040252,0.016652875333333334,0.26736294266666666,0.35279931699999995,7398.0,1430.0
0.9828431887298025,0.362443117,0.221474566,0.3251374,7398.0,1430.0
0.9768522957978856,0.569824422,0.202454623,0.342338497,7398.0,1430.0
0.9646719436764005,0.7588590536666665,0.20748595466666667,0.275709829,7398.0,1430.0
0.9607870534638661,0.649351732,0.2254448985,0.2193030185,7398.0,1430.0
0.9904535479812095,0.4102733975,0.2031698085,0.190382926,7398.0,1430.0
0.9859294275132116,0.036253122,0.189614539,0.20979165849999998,7398.0,1430.0
0.8815392995336775,0.0,0.182366433,0.2634997335,7398.0,1430.0
0.7837140135716678,0.0,0.1372614035,0.253386815,7398.0,1430.0
0.7030863792726946,0.0,0.1067595822,0.30323783519999997,7398.0,1430.0
0.7920887099865289,0.0,0.100075097,0.305952912,7398.0,1430.0
0.9422664052172273,0.02031802833333333,0.10634749633333333,0.322477044,7398.0,1430.0
0.9803579402550252,0.266140062,0.086242315,0.362961681,7398.0,1430.0
0.968019165740317,0.4477434945,0.103544512,0.3672992745,7398.0,1430.0
0.9456239910664127,0.5774285503333334,0.19060934266666665,0.44146894533333336,7398.0,1430.0
0.9506382063248062,0.42019069649999996,0.2674139975,0.499317585,7398.0,1430.0
0.9669288142479987,0.218622134,0.300273681,0.483476579,7398.0,1430.0
0.9742620203336776,0.018128142,0.352779172,0.41902735199999996,7398.0,1430.0
0.8766018604488139,0.0,0.3655411005,0.3916050255,7398.0,1430.0
0.8083263595891207,0.0,0.324517252,0.422966808,7398.0,1430.0
0.7116329116102931,0.0,0.3465283775,0.442844302,7398.0,1430.0
0.6665674615603716,0.0,0.348224492,0.4885320085,7398.0,1430.0
0.6683980276638449,0.0,0.33130104,0.5068911056666666,7398.0,1430.0
0.7416392650428999,0.018043271666666666,0.3186552123333333,0.5215683563333333,7398.0,1430.0
0.8120690287517308,0.301386668,0.281041475,0.464420455,7398.0,1430.0
0.8034496518668522,0.5603564165,0.2740233565,0.41478619250000004,7398.0,1430.0
0.7973328952192267,0.694952154,0.365121585,0.4698835085,7398.0,1430.0
0.7919779705133538,0.5691165515000001,0.4194496015,0.5524213490000001,7398.0,1430.0
0.831668899803066,0.3412154305,0.3947463155,0.5605632305,7398.0,1430.0
0.8221954938473466,0.0188196125,0.34653677250000003,0.5925521374999999,7398.0,1430.0
0.7169150362189873,0.0,0.25080149125,0.576532293,7398.0,1430.0
0.6672153347061714,0.0,0.2661164115,0.54329515475,7398.0,1430.0
0.7392479930548967,0.016809818666666667,0.2876284243333333,0.5504638436666667,7398.0,1430.0
0.8027043488980534,0.227014726,0.261301895,0.518960726,7398.0,1430.0
0.7943127723276333,0.398808679,0.2259833885,0.440277344,7398.0,1430.0
0.7707530842299605,0.5375888129999999,0.3488508675,0.47567976700000003,7398.0,1430.0
0.7631833450457282,0.471807482,0.433680884,0.5254681295,7398.0,1430.0
0.7872220226637627,0.26286604999999996,0.44911650049999996,0.612782545,7398.0,1430.0
0.8053435557510894,0.018561501333333334,0.4306041903333333,0.6539529169999999,7398.0,1430.0
0.769999493384169,0.0,0.4151573025,0.5711684565,7398.0,1430.0
0.6766190731232956,0.0,0.35201033660000003,0.48242297800000006,7398.0,1430.0
0.7168031611281491,0.0,0.31229207000000003,0.321683214,7398.0,1430.0
0.9084546457934101,0.012936038666666665,0.28475357566666665,0.29075413899999997,7398.0,1430.0
0.939291499035246,0.202343364,0.254116888,0.268969631,7398.0,1430.0
0.9352288324290894,0.4192363,0.26429958000000003,0.3208285985,7398.0,1430.0
0.9350993163005838,0.6238884285,0.3170861445,0.37796115,7398.0,1430.0
0.9366289736788913,0.6251683695,0.371070017,0.329837543,7398.0,1430.0
0.9601475265495228,0.531601554,0.37223356,0.286329264,7398.0,1430.0
0.9682273466911404,0.371031839,0.321034298,0.269504294,7398.0,1430.0
0.9746572645792058,0.054355614,0.270479903,0.246414404,7398.0,1430.0
0.8766913886225902,0.0,0.22539600599999998,0.29461134,7398.0,1430.0
0.7800950308575888,0.0,0.21661202400000001,0.38520525699999997,7398.0,1430.0
0.7044829291199621,0.0,0.2167505885,0.450560098,7398.0,1430.0
0.6993152783858703,0.0,0.22920669033333332,0.48358590966666665,7398.0,1430.0
0.7905520289561201,0.0,0.2554608,0.500178663,7398.0,1430.0
0.9223127607363333,0.0,0.299844455,0.533921913,7398.0,1430.0
0.9823350508907858,0.068309454,0.332593353,0.568352078,7398.0,1430.0
0.977687454651333,0.265995885,0.309320035,0.571779266,7398.0,1430.0
0.9563312027643458,0.4746412555,0.352240075,0.5975236815,7398.0,1430.0
0.9342716960966706,0.5675207825,0.5049619815,0.621023886,7398.0,1430.0
0.9274008803868523,0.432767445,0.563221838,0.6272103165,7398.0,1430.0
0.9505081751176512,0.308127656,0.526897309,0.608853969,7398.0,1430.0
0.9561622137597611,0.185649574,0.486826684,0.605156483,7398.0,1430.0
0.9531602587203509,0.022492093,0.4632349535,0.5395193305,7398.0,1430.0
0.8424767526604308,0.0,0.44364123466666666,0.403657765,7398.0,1430.0
0.7079330164727367,0.0,0.42587994799999995,0.4150508395,7398.0,1430.0
0.6700929593945938,0.0,0.4336912626666667,0.44464252933333337,7398.0,1430.0
0.7243079082211453,0.0,0.4323036825,0.4625797635,7398.0,1430.0
0.8973349741325343,0.0,0.42730053349999997,0.507357237,7398.0,1430.0
0.956622871613112,0.046074349,0.421343854,0.531541414,7398.0,1430.0
0.9399775691775845,0.176639853,0.404711401,0.546142065,7398.0,1430.0
0.9214750264896374,0.2930189815,0.433862276,0.543809886,7398.0,1430.0
0.9079062704196122,0.33456895866666664,0.4782008629999999,0.543261783,7398.0,1430.0
0.9123064468726821,0.265676668,0.467707715,0.558620534,7398.0,1430.0
0.927809235341347,0.211315926,0.44307342,0.571291418,7398.0,1430.0
0.9354122589317472,0.06764632699999999,0.39396227666666667,0.5584468043333334,7398.0,1430.0
0.8604215238636126,0.0,0.3712071435,0.5295928595,7398.0,1430.0
0.7306701024172305,0.0,0.33990639566666664,0.520402012,7398.0,1430.0
0.6701025232864889,0.0,0.3068657445,0.48714285525,7398.0,1430.0
0.8026999005579836,0.0,0.273468633,0.45548913550000003,7398.0,1430.0
0.939723172628421,0.039938857,0.24352884400000002,0.4223242705,7398.0,1430.0
0.9186809247713955,0.3010748585,0.177056891,0.3328954505,7398.0,1430.0
0.8988788193205733,0.5481097356666668,0.1657128933333333,0.27466102566666667,7398.0,1430.0
0.8949739506566706,0.466270311,0.15064265500000001,0.3048013275,7398.0,1430.0
0.9074811522350652,0.2545929925,0.129776912,0.2995318305,7398.0,1430.0
0.9131881959788075,0.0308981725,0.1325566775,0.219740186,7398.0,1430.0
0.8551518662780067,0.0,0.1183181045,0.179942426,7398.0,1430.0
0.7517706154264152,0.0,0.095848708,0.170763758,7398.0,1430.0
0.6748516464251884,0.0,0.078125292,0.15048947000000001,7398.0,1430.0
0.6693275844123635,0.0,0.06640340133333333,0.118419296,7398.0,1430.0
0.7500572192928932,0.0,0.057541376,0.091584009,7398.0,1430.0
0.8861179234770082,0.0,0.051139827,0.08483911699999999,7398.0,1430.0
0.9437836386581012,0.059758956,0.045830419,0.087584861,7398.0,1430.0
0.9361829249894245,0.206721676,0.039839486,0.092559081,7398.0,1430.0
0.9156553702446816,0.417858976,0.0318445885,0.07537086200000001,7398.0,1430.0
0.8965997852606628,0.5988049916666666,0.043017166333333336,0.05584944133333333,7398.0,1430.0
0.899182990237593,0.44512044500000003,0.0634196305,0.100304124,7398.0,1430.0
0.9137640885076521,0.18762144050000001,0.087995512,0.166148118,7398.0,1430.0
0.8955596294362085,0.0,0.1069219485,0.232727059,7398.0,1430.0
0.8080697856915624,0.0,0.0902923685,0.3116609525,7398.0,1430.0
0.6754016372876998,0.0,0.078474775,0.34784523500000003,7398.0,1430.0
0.6467393452468669,0.0,0.1013847805,0.32082111175,7398.0,1430.0
0.7282240927238685,0.026773095333333333,0.14222394066666666,0.2942121273333333,7398.0,1430.0
0.7928904363209476,0.216029393,0.151747374,0.269018415,7398.0,1430.0
0.780067100145228,0.439171461,0.159064171,0.23486827249999997,7398.0,1430.0
0.7673768232467806,0.6022869416666666,0.21165881433333333,0.2211871636666667,7398.0,1430.0
0.7783292149538485,0.47078530350000003,0.251855407,0.250571581,7398.0,1430.0
0.8038198918134393,0.28263687,0.251523004,0.269011255,7398.0,1430.0
0.8084949896142618,0.032626778,0.2752124316666667,0.26557885566666667,7398.0,1430.0
0.7703772486709911,0.0,0.2658835045,0.2195350405,7398.0,1430.0
0.6742096926094705,0.0,0.246399735,0.21432936333333333,7398.0,1430.0
0.6511585557998387,0.0,0.25179829525,0.18364258175,7398.0,1430.0
0.7143616465829608,0.0,0.236109912,0.1918368265,7398.0,1430.0
0.782523996553492,0.103173987,0.220313394,0.227872352,7398.0,1430.0
0.7982469530438011,0.386306138,0.1640393795,0.216679173,7398.0,1430.0
0.7718670586000984,0.6610261952500001,0.19665309725,0.2066980535,7398.0,1430.0
0.7694703549228298,0.48833511799999996,0.243498169,0.2958325155,7398.0,1430.0
0.8045804595303006,0.1884200915,0.2189630875,0.341677365,7398.0,1430.0
0.7976739792127545,0.00039499133333333335,0.23607217533333333,0.3208241136666667,7398.0,1430.0
0.7079745730539306,0.0,0.20916935450000002,0.25746122125,7398.0,1430.0
0.6732911239347557,0.0,0.17245752066666667,0.21626796866666667,7398.0,1430.0
0.8536832677836599,0.0,0.163032604,0.2587347183333333,7398.0,1430.0
0.9459378858323446,0.1340475505,0.1546025745,0.2470378865,7398.0,1430.0
0.9088927654770386,0.345340854,0.127134967,0.241280343,7398.0,1430.0
0.8985488326378063,0.5075224443333334,0.162207745,0.29193397866666665,7398.0,1430.0
0.8954182668236281,0.4011379865,0.2006452515,0.3567729555,7398.0,1430.0
0.9089044247557703,0.22082781350000003,0.21877622000000002,0.39202836799999996,7398.0,1430.0
0.9222698695962664,0.039191822,0.230345385,0.396041651,7398.0,1430.0
0.8577411115849153,0.0,0.257215281,0.388341489,7398.0,1430.0
0.7528370396393402,0.0,0.286069174,0.367743345,7398.0,1430.0
0.6732439562882784,0.0,0.3016504426,0.37425960180000006,7398.0,1430.0
0.8457048535955374,0.0,0.3319303393333333,0.35553966966666667,7398.0,1430.0
0.9413498969112559,0.103193051,0.342389421,0.363022092,7398.0,1430.0
0.9273896894057388,0.300917379,0.327701551,0.345791591,7398.0,1430.0
0.9022837914038546,0.5235325095,0.3257461485,0.29597198950000003,7398.0,1430.0
0.8911664766081677,0.6282641045,0.39861643950000003,0.3071171625,7398.0,1430.0
0.8857682393268586,0.530464056,0.438179167,0.3208924325,7398.0,1430.0
0.8958242806149004,0.403232996,0.452993568,0.3529009,7398.0,1430.0
0.9114327984382062,0.209534775,0.4431184695,0.4246355335,7398.0,1430.0
0.8957357825984235,0.000568728,0.473593495,0.4906087475,7398.0,1430.0
0.8086196672358993,0.0,0.4686498975,0.5365158415,7398.0,1430.0
0.6915301706214515,0.0,0.45514044533333325,0.6300276749999999,7398.0,1430.0
0.6748418211361575,0.0,0.4636184616666667,0.5391807106666667,7398.0,1430.0
0.8543937334759373,0.0,0.49000123133333334,0.5076940896666666,7398.0,1430.0
0.957234022745558,0.141893503,0.510804613,0.543775614,7398.0,1430.0
0.9390107404001868,0.396589621,0.486931547,0.559468913,7398.0,1430.0
0.9273570995950149,0.593142518,0.523637135,0.524561197,7398.0,1430.0
0.9122080220999831,0.7250358990000001,0.544481544,0.517151672,7398.0,1430.0
0.9000110317956589,0.745330983,0.519803341,0.5042734879999999,7398.0,1430.0
0.9012178822695792,0.649286981,0.530601503,0.495382496,7398.0,1430.0
0.9227461199897692,0.45336403599999997,0.5129634985,0.4903543225,7398.0,1430.0
0.9279912260074473,0.056488053333333337,0.47526498333333334,0.499567962,7398.0,1430.0
0.8232499310706678,0.0,0.4352214815,0.40275924750000003,7398.0,1430.0
0.703065790599588,0.0,0.3507378696666667,0.41660407950000006,7398.0,1430.0
0.7902531023876606,0.0,0.300984651,0.463933721,7398.0,1430.0
0.9223111218571038,0.0,0.280064965,0.43787515,7398.0,1430.0
0.980853341633328,0.182928905,0.257073203,0.416428249,7398.0,1430.0
0.9726491560684849,0.447335605,0.230635571,0.394314726,7398.0,1430.0
0.956141142803457,0.638566944,0.178684716,0.294677525,7398.0,1430.0
0.935205045655225,0.8172901275,0.2198606945,0.2478942455,7398.0,1430.0
0.9210289778813874,0.902859874,0.2554737515,0.2601298545,7398.0,1430.0
0.9231142528407258,0.823258956,0.274513059,0.307909069,7398.0,1430.0
0.9420469238858988,0.686469613,0.283922983,0.34130176,7398.0,1430.0
0.9561736388896837,0.486163898,0.273244181,0.357816873,7398.0,1430.0
0.9404529611608158,0.07268733266666667,0.2926137816666667,0.3948406863333333,7398.0,1430.0
0.831156875727312,0.0,0.260218759,0.38442291549999996,7398.0,1430.0
0.7107889263700788,0.0,0.20374647075,0.32954360275,7398.0,1430.0
0.7327238178043616,0.0,0.16989237666666668,0.32900261266666664,7398.0,1430.0
0.9228154199155464,0.0,0.164879036,0.3473265825,7398.0,1430.0
0.9809250766092589,0.212181497,0.153915135,0.370964396,7398.0,1430.0
0.9764396797898814,0.492983605,0.119024972,0.368281075,7398.0,1430.0
0.9640067883370151,0.699496425,0.10305496,0.342271768,7398.0,1430.0
0.9364790109638338,0.9111327996666666,0.078519585,0.30918845866666667,7398.0,1430.0
0.9163445307777013,0.8704806030000001,0.0555670215,0.30593876799999997,7398.0,1430.0
0.9348585455390367,0.690947719,0.05476721,0.328334172,7398.0,1430.0
0.9488872102620262,0.493143869,0.058984879,0.340507912,7398.0,1430.0
0.9660856953096478,0.227172799,0.07251452,0.350660983,7398.0,1430.0
0.9293555622793543,0.0,0.08052317,0.3448591,7398.0,1430.0
0.8316711474854424,0.0,0.08082349650000001,0.319461507,7398.0,1430.0
0.6922980897012864,0.0,0.0618028178,0.27562224639999994,7398.0,1430.0
0.6907925935887471,0.0,0.04260589733333333,0.271647596,7398.0,1430.0
0.7534362507256482,0.0,0.042475037,0.294031785,7398.0,1430.0
0.7995273176347595,0.228209895,0.041889464,0.298383642,7398.0,1430.0
0.8198926260971783,0.513826381,0.029832206,0.298885482,7398.0,1430.0
0.8048672586036274,0.7791147365,0.0218539155,0.273692578,7398.0,1430.0
0.7847191213342349,0.9282957775,0.0257095015,0.22462958449999998,7398.0,1430.0
0.7745661303378959,0.8396610309999999,0.033160357,0.22007750399999998,7398.0,1430.0
0.7989760078882696,0.635988504,0.046707925,0.293015708,7398.0,1430.0
0.8186053314973988,0.453534706,0.057724628,0.310241387,7398.0,1430.0
0.8176796612157329,0.05092371775,0.07063494675000001,0.3047297855,7398.0,1430.0
0.7291201545245046,0.0,0.04447458666666667,0.24276382133333332,7398.0,1430.0
0.6715048770110681,0.0,0.0347589705,0.1921447955,7398.0,1430.0
0.7118695696477707,0.0,0.046722664,0.179137651,7398.0,1430.0
0.79354944201218,0.215358035,0.060340212,0.193753371,7398.0,1430.0
0.8101202000109361,0.470773247,0.050432115,0.188017755,7398.0,1430.0
0.7903688521418039,0.740818697,0.044828336999999996,0.2080799525,7398.0,1430.0
0.7639660371854915,0.9063241885,0.06400784600000001,0.24436336949999998,7398.0,1430.0
0.7550332180491155,0.855520694,0.081734444,0.2660867075,7398.0,1430.0
0.7699714221662792,0.68619546,0.095163333,0.312026603,7398.0,1430.0
0.7898049935460288,0.492537147,0.101378912,0.328590109,7398.0,1430.0
0.8179833170947115,0.23177866,0.120080184,0.337167284,7398.0,1430.0
0.805246379636677,0.0003357596666666667,0.14948766100000002,0.363755002,7398.0,1430.0
0.7456989739670659,0.0,0.177720971,0.45232066449999997,7398.0,1430.0
0.691333236805223,0.0,0.1926404926,0.5541394706,7398.0,1430.0
0.7814113098799783,0.0,0.199657074,0.65315406,7398.0,1430.0
0.918030909322366,0.0,0.2065263,0.6795865125,7398.0,1430.0
0.9690426520321437,0.229448729,0.206022904,0.691177498,7398.0,1430.0
0.951365435084702,0.473646009,0.175005446,0.677334894,7398.0,1430.0
0.9296762153070793,0.658278248,0.12303227,0.632191831,7398.0,1430.0
0.9109992051171782,0.8306800105,0.149477004,0.568512251,7398.0,1430.0
0.9032297366739428,0.8512928205,0.170839249,0.5519772305,7398.0,1430.0
0.9046319382383436,0.72346385,0.19387728,0.565573956,7398.0,1430.0
0.9222524978337906,0.553635162,0.209439996,0.601094049,7398.0,1430.0
0.9339145668590499,0.366835987,0.233968831,0.635944141,7398.0,1430.0
0.9267425769796128,0.04766083833333334,0.3092687256666667,0.6385187806666667,7398.0,1430.0
0.8146211424269997,0.0,0.323993498,0.639911499,7398.0,1430.0
0.7096117157811215,0.0,0.3037331935,0.676053503,7398.0,1430.0
0.6849830865535647,0.0,0.29089613275000004,0.700450284,7398.0,1430.0
0.8266341131274857,0.0,0.293552592,0.724147689,7398.0,1430.0
0.9513087775702731,0.0,0.298948938,0.733647189,7398.0,1430.0
0.9749767938875683,0.088273328,0.301328618,0.707955221,7398.0,1430.0
0.9685621408287826,0.203978233,0.307693385,0.686070114,7398.0,1430.0
0.9656123948825145,0.318469861,0.290464527,0.632014317,7398.0,1430.0
0.9640693144885392,0.42299638133333334,0.32011152400000004,0.7205741846666666,7398.0,1430.0
0.9648334252458779,0.38735691,0.330470318,0.721989248,7398.0,1430.0
0.971027348342121,0.32447268,0.324589883,0.71418672,7398.0,1430.0
0.9926989622084585,0.245398991,0.307168329,0.706556067,7398.0,1430.0
0.9987881861073601,0.132117798,0.276689549,0.680943713,7398.0,1430.0
0.9554034721545448,0.015230536333333334,0.26260257833333334,0.6568115116666666,7398.0,1430.0
0.8295314157505856,0.0,0.3071153675,0.7035761475,7398.0,1430.0
0.7053295521958144,0.0,0.395529864,0.7569516643333333,7398.0,1430.0
0.6779603375589508,0.0,0.5041173103333333,0.7513418609999999,7398.0,1430.0
0.8030691572907369,0.0,0.55863299,0.764185354,7398.0,1430.0
0.933472357950157,0.0,0.569959471,0.774513991,7398.0,1430.0
0.9548907457677255,0.019041638,0.573201046,0.777836076,7398.0,1430.0
0.9461682615400517,0.0816702305,0.547969523,0.7683035425,7398.0,1430.0
0.9363818036079222,0.16808110533333334,0.5521892979999999,0.6785352143333333,7398.0,1430.0
0.9309617306033177,0.15724617,0.584140373,0.618187004,7398.0,1430.0
0.933983679660701,0.127935967,0.602772552,0.585264605,7398.0,1430.0
0.9489371249729773,0.10486232,0.609749958,0.55960066,7398.0,1430.0
0.9474282264067065,0.034911369666666664,0.6273416743333332,0.5197276226666666,7398.0,1430.0
0.8360665010253214,0.0,0.6178913563333334,0.49180972999999994,7398.0,1430.0
0.6987561489787888,0.0,0.608070976,0.51594138,5450.0,1053.5
0.6620328640092938,0.0,0.6414712725,0.628844458,3502.0,677.0
0.7797188441972314,0.0,0.6469498255,0.6671577325,3502.0,677.0
0.8767038439910294,0.0,0.657037117,0.659977325,3502.0,677.0
0.9023000862279995,0.037156427,0.663337194,0.647219305,3502.0,677.0
0.8935380823432149,0.117129493,0.6816542425000001,0.590183227,3502.0,677.0
0.8869991106963799,0.2478720613333333,0.7549316173333334,0.5459172616666667,3502.0,677.0
0.8813707318020281,0.271371393,0.838932908,0.6053461435,3502.0,677.0
0.9004952891363138,0.257611531,0.868950374,0.684089505,3502.0,677.0
0.9104137135429837,0.136195833,0.868348973,0.7818381045,3502.0,677.0
0.8850434923169311,0.0008558095,0.8177313195,0.7102182775,3502.0,677.0
0.7980964128212403,0.0,0.7434201735,0.762986066,3502.0,677.0
0.6854653732974092,0.0,0.6663059633333334,0.720451085,3502.0,677.0
0.666757100031746,0.0,0.5153205723333333,0.776699299,3502.0,677.0
0.7835452352441594,0.0,0.40638227,0.7650452635,3502.0,677.0
0.8863062978588532,0.0,0.38227538,0.634188297,3502.0,677.0
0.9099822740986179,0.14924725,0.39527491800000003,0.395851486,3502.0,677.0
0.8952793390175503,0.2901788665,0.4607017165,0.636043221,3502.0,677.0
0.8871815383103099,0.323852499,0.578266596,0.7243343605,3502.0,677.0
0.8864588983147956,0.2814149045,0.688065126,0.782272297,3502.0,677.0
0.904573220490533,0.181412138,0.767544569,0.8339551375,3502.0,677.0
0.896609243746339,0.029327401333333333,0.7847492886666666,0.7128728823333333,3502.0,677.0
0.7989538599936346,0.0,0.8080008110000001,0.7294085255,3502.0,677.0
0.6663082263960508,0.0,0.7902824833333334,0.7934647473333333,3502.0,677.0
0.6431529990352047,0.0,0.7350828462,0.7821012684,3502.0,677.0
0.7062690669149817,0.001111405,0.674429573,0.76913996,3502.0,677.0
0.7547205485780266,0.1996522435,0.6410640515,0.753848266,3502.0,677.0
0.7652199694377896,0.384413101,0.617835814,0.724395306,3502.0,677.0
0.7546727877978823,0.4635043406666666,0.666748757,0.706383103,3502.0,677.0
0.7494002973067753,0.350074789,0.6368475165,0.6289572240000001,3502.0,677.0
0.7827931896343169,0.1480986185,0.5745592184999999,0.596909098,3502.0,677.0
0.795611831585291,0.00921290675,0.54306067375,0.5119080272500001,3502.0,677.0
0.703810898430843,0.0,0.4640340966666667,0.514758162,3502.0,677.0
0.6314619924577055,0.0,0.42479782000000005,0.50423701825,3502.0,677.0
0.6795689251498844,0.0,0.3127680016666667,0.43663918733333335,3502.0,677.0
0.7457358481405979,0.077973925,0.252782995,0.382446473,3502.0,677.0
0.7749421531834255,0.172379717,0.22659422,0.383721323,3502.0,677.0
0.7654753494444381,0.38161175950000004,0.21028315549999999,0.3875771335,3502.0,677.0
0.7537495055281511,0.5639481470000001,0.34221857,0.5113437715,3502.0,677.0
0.7539695330442665,0.5716895995,0.485968834,0.493352542,3502.0,677.0
0.7738429519544333,0.41616176,0.544399002,0.454875644,3502.0,677.0
0.7970829937099476,0.19292569050000002,0.5225590465000001,0.5473376585,3502.0,677.0
0.7904056560896437,0.0007154483333333333,0.526060326,0.7247097843333332,3502.0,677.0
0.7028411859737402,0.0,0.59512802975,0.69121776475,3502.0,677.0
0.6665981470203408,0.0,0.5997719503333333,0.7112593559999999,3502.0,677.0
0.7830225820469732,0.0,0.614489052,0.6676204795,3502.0,677.0
0.8823907531300527,0.001036794,0.598897353,0.611202911,3502.0,677.0
0.9086693665591842,0.109603901,0.566020034,0.540000808,3502.0,677.0
0.9085239770419034,0.278024401,0.48407725749999997,0.5470148255,3502.0,677.0
0.8972305559462503,0.401049685,0.5100172590000001,0.6837326925,3502.0,677.0
0.8925446104688637,0.392150193,0.5441113375,0.804644666,3502.0,677.0
0.9022085914641216,0.32386016,0.586674226,0.823261542,3502.0,677.0
0.9107982350237995,0.201951593,0.5954034945,0.823676649,3502.0,677.0
0.8918211744648592,0.0011208365,0.5809902,0.7951210479999999,3502.0,677.0
0.798377733397198,0.0,0.5761513629999999,0.7184358565,3502.0,677.0
0.7006624379245558,0.0,0.5843164759999999,0.6513033815,3502.0,677.0
0.6689839718066187,0.0,0.5990266154999999,0.64119877,3502.0,677.0
0.742800711520648,0.0,0.592499538,0.666260174,3502.0,677.0
0.8605455147137171,0.0011373595,0.5751624085,0.6792684840000001,3502.0,677.0
0.9127775934231536,0.147300679,0.544744966,0.666037827,3502.0,677.0
0.9042385201586052,0.3278248505,0.5621937235000001,0.6319001635,3502.0,677.0
0.8883316844075526,0.476574021,0.5789421260000001,0.6512933194999999,3502.0,677.0
0.8819863313557611,0.5106900075,0.595004087,0.7192458614999999,3502.0,677.0
0.8823838232024486,0.439060407,0.618242102,0.748882444,3502.0,677.0
0.8983807957679903,0.3146348615,0.5738806304999999,0.759044107,3502.0,677.0
0.9139349505402752,0.0724177355,0.460292074,0.72853075,3502.0,677.0
0.8288070432867066,0.0,0.380459573,0.6258443536666667,3502.0,677.0
0.7031160096850403,0.0,0.36589326166666664,0.6225954033333333,3502.0,677.0
0.6835669742379258,0.0,0.35637599000000003,0.615877412,3502.0,677.0
0.8092324104665432,0.0,0.3123658225,0.576484489,3502.0,677.0
0.904393602364516,0.003005047,0.271121928,0.565236838,3502.0,677.0
0.9296887643187988,0.257880002,0.237126215,0.563193935,3502.0,677.0
0.9164531165366485,0.458363075,0.224022403,0.523565781,3502.0,677.0
0.9010583049425669,0.669520758,0.22780090949999998,0.5088239715,3502.0,677.0
0.8870825985401782,0.7740813645,0.251235269,0.45831158400000005,3502.0,677.0
0.8814847959771277,0.6483505285,0.24308338699999998,0.3666036615,3502.0,677.0
0.9028057422358307,0.36217595599999997,0.2292664135,0.3280997685,3502.0,677.0
0.900765371841837,0.030796031,0.2385289443333333,0.46710103466666664,3502.0,677.0
0.80033372637684,0.0,0.2825925425,0.5923481195,3502.0,677.0
0.7021609337755096,0.0,0.29734549050000003,0.49590838600000003,3502.0,677.0
0.667932882553912,0.0,0.28597317575000003,0.48223734,3502.0,677.0
0.7851045793290701,0.0,0.2734413145,0.5142534295000001,3502.0,677.0
0.8871421122964792,0.001372154,0.26208738,0.508811236,3502.0,677.0
0.9091237967689242,0.067312584,0.24182561,0.5042073735,3502.0,677.0
0.8933696552795285,0.184516517,0.23317614399999997,0.46188106549999997,3502.0,677.0
0.8817908398409688,0.298631015,0.3274011065,0.47530999549999997,3502.0,677.0
0.8767338114650391,0.3175668615,0.3889108865,0.5321109785,3502.0,677.0
0.8855115015332556,0.235561633,0.3965699855,0.60058882,3502.0,677.0
0.8861588323520793,0.039486333666666665,0.37931831433333335,0.6114532533333333,3502.0,677.0
0.7991160127138954,0.0,0.377373681,0.545781627,3502.0,677.0
0.6775701737524019,0.0,0.42270844825,0.531845642,3502.0,677.0
0.6900951139101631,0.0,0.490148706,0.6544185826666666,3502.0,677.0
0.8479483636073937,0.0017196465,0.5277705245,0.685450145,3502.0,677.0
0.8857636505624769,0.163585751,0.554766902,0.726254051,3502.0,677.0
0.8712752488794061,0.3824740606666667,0.567542869,0.6666184156666667,3502.0,677.0
0.8693761163215028,0.39953762400000004,0.6524561234999999,0.707215042,3502.0,677.0
0.8735300436239455,0.250934321,0.689551042,0.7441466729999999,3502.0,677.0
0.8829464643543637,0.05670418500000001,0.7104313470000001,0.728461618,3502.0,677.0
0.8224450519167145,0.0,0.7430034243333333,0.714685904,3502.0,677.0
0.6768226933945998,0.0,0.7497544309999999,0.7917296965,3502.0,677.0
0.6282190325891562,0.0,0.71292616175,0.7600376902499999,3502.0,677.0
0.657411852228071,0.0,0.6307243035000001,0.7291507205,3502.0,677.0
0.7126001853760102,0.0408559875,0.6009088375,0.7513306829999999,3502.0,677.0
0.7515278312125178,0.23560673399999998,0.5575893835,0.6233739764999999,3502.0,677.0
0.7467151791486832,0.46422301200000005,0.598212533,0.6187264135,3502.0,677.0
0.7449303525220208,0.48524647449999997,0.6632070315,0.6377009355000001,3502.0,677.0
0.7534286183516169,0.40099248899999995,0.7120011095000001,0.669065832,3502.0,677.0
0.7955713636782946,0.2157241785,0.724437297,0.7289372915,3502.0,677.0
0.7944692592639644,0.0016942975,0.726860614,0.8076593515,3502.0,677.0
0.7616114754208311,0.0,0.7422737245,0.837772816,3502.0,677.0
0.6795622917187258,0.0,0.7645184970000001,0.844404902,3502.0,677.0
0.6304380964257673,0.0,0.78865487625,0.88742266125,3502.0,677.0
0.6770131748450027,0.001458472,0.8139791829999999,0.9098503383333334,3502.0,677.0
0.7460625415253735,0.141639908,0.806688512,0.903522467,3502.0,677.0
0.7701424714042457,0.337957756,0.822364036,0.895004867,3502.0,677.0
0.7626775016701194,0.5220615024999999,0.87276536,0.9005401909999999,3502.0,677.0
0.7576142692035286,0.5890666625000001,0.879796015,0.9234535745,3502.0,677.0
0.7713013738385337,0.49383493850000004,0.8731974275000001,0.9310337,3502.0,677.0
0.8032334638876597,0.238765183,0.841964642,0.9313786665,3502.0,677.0
0.7934041148966804,0.0010508596666666667,0.7827651299999999,0.9162181353333333,3502.0,677.0
0.7332715377022702,0.0,0.7744770345,0.901361238,3502.0,677.0
0.6643896616257111,0.0,0.7309358583333333,0.8695921083333333,3502.0,677.0
0.6670353302711672,0.0,0.701414702,0.811970792,3502.0,677.0
0.7361842923599932,0.0,0.660304195,0.755061537,3502.0,677.0
0.8517451617534328,0.0031370645,0.591101917,0.686175523,3502.0,677.0
0.895356130893047,0.2630515045,0.547837186,0.6185060615,3502.0,677.0
0.8785073768578235,0.5300505645,0.5881341904999999,0.6016643915,3502.0,677.0
0.8693939563815969,0.5996084115,0.6563417435000001,0.5860252985000001,3502.0,677.0
0.8694639275123022,0.49099674400000004,0.6404285826666667,0.5925853383333334,3502.0,677.0
0.8826102188677039,0.2388756345,0.45222661799999997,0.5710185299999999,3502.0,677.0
0.8583193921663033,0.0012410836666666666,0.2892275823333333,0.47811473433333335,3502.0,677.0
0.747473194944029,0.0,0.2403093845,0.4601401045,3502.0,677.0
0.6701564297757583,0.0,0.2421612875,0.4623084825,3502.0,677.0
0.6560832585864224,0.0,0.2396326765,0.402903995,3502.0,677.0
0.7099580753917809,0.0,0.22723280750000002,0.346318619,3502.0,677.0
0.8519970766338449,0.0015535945,0.21582057100000002,0.285274414,3502.0,677.0
0.9002577960520082,0.090961446,0.244128326,0.2284143995,3502.0,677.0
0.883616988900016,0.247600477,0.303116657,0.232557976,3502.0,677.0
0.8736802091921684,0.37080847800000005,0.366647754,0.2124080065,3502.0,677.0
0.8675008016165289,0.480728277,0.404367566,0.2315536055,3502.0,677.0
0.8683824102171255,0.441168965,0.389079913,0.342239005,3502.0,677.0
0.8813244694226565,0.21518768700000002,0.30038501500000003,0.404778005,3502.0,677.0
0.8557806078904946,0.0013998916666666666,0.28391770066666666,0.43148312,3502.0,677.0
0.7475028580976821,0.0,0.33502254350000005,0.445272082,3502.0,677.0
0.6713016125354985,0.0,0.367582705,0.525173613,3502.0,677.0
0.6651124576933589,0.0,0.40296325166666663,0.651292474,3502.0,677.0
0.7815537729026225,0.0,0.457044534,0.6550421725,3502.0,677.0
0.8789427963446413,0.009247633,0.527770486,0.667767428,3502.0,677.0
0.8927656681422784,0.1144548205,0.6013691925,0.701473692,3502.0,677.0
0.8768181421525039,0.21702403650000002,0.7152330885,0.7447559345000001,3502.0,677.0
0.8720886032510573,0.2523831645,0.7888462475,0.7720331635,3502.0,677.0
0.8770268382631939,0.20746522150000002,0.8137684645000001,0.7840710955,3502.0,677.0
0.8857901999349331,0.161640615,0.808678185,0.79626477,3502.0,677.0
0.8930045191759729,0.11394737,0.799725746,0.799183206,3502.0,677.0
0.896164740374038,0.033334694,0.7828740350000001,0.789310819,3502.0,677.0
0.8431121120562552,0.0,0.7578935305,0.7364135385,3502.0,677.0
0.7470426919324651,0.0,0.736768493,0.7369722945,3502.0,677.0
0.6693320639397877,0.0,0.6873664825,0.7444341575,3502.0,677.0
0.6535309810151091,0.0,0.66684995,0.7030748069999999,3502.0,677.0
0.706460976432176,0.0,0.6639239125,0.7077442650000001,3502.0,677.0
0.8488293634860602,0.003020581,0.6273730289999999,0.7457448755,3502.0,677.0
0.8990745450653916,0.21022902249999997,0.581698182,0.775795718,3502.0,677.0
0.8841613217754363,0.47794522700000003,0.5375245985,0.6944216400000001,3502.0,677.0
0.8768219349083952,0.6089727899999999,0.6072682565,0.7349267155,3502.0,677.0
0.8779427222535583,0.582124678,0.663848973,0.7932625355,3502.0,677.0
0.8853980930235518,0.444404974,0.658332293,0.810158519,3502.0,677.0
0.8990995492831159,0.257682378,0.5428365614999999,0.7949270724999999,3502.0,677.0
0.888988910876461,0.002343935,0.41862624049999997,0.7035439115,3502.0,677.0
0.7982807601359507,0.0,0.395559585,0.6039639255,3502.0,677.0
0.6888701112860262,0.0,0.3489159766666667,0.5540940986666666,3502.0,677.0
0.6700667221664047,0.0,0.2913663693333333,0.4453971026666667,3502.0,677.0
0.7896976720931901,0.0,0.275560542,0.43917639799999997,3502.0,677.0
0.8924488079516617,0.015579456,0.274366921,0.430414471,3502.0,677.0
0.91010008416736,0.201932283,0.281093741,0.403900179,3502.0,677.0
0.8990075394405883,0.450181694,0.29810653200000004,0.3726315025,3502.0,677.0
0.8855146855672171,0.7002223999999999,0.3501516195,0.375016278,3502.0,677.0
0.8804760124112481,0.7573375055,0.440387001,0.4398952605,3502.0,677.0
0.8797627841745235,0.667890354,0.50831541,0.515363267,3502.0,677.0
0.8901098385647189,0.531615082,0.544346238,0.543427926,3502.0,677.0
0.9082536132982503,0.290163985,0.509912821,0.557131703,3502.0,677.0
0.8929646715643387,0.0026380455,0.4529208495,0.5738681054999999,3502.0,677.0
0.7995810954355833,0.0,0.41239176850000003,0.5684643730000001,3502.0,677.0
0.6867549311190975,0.0,0.403775757,0.5351471995,3502.0,677.0
0.6478324546515524,0.0,0.45973591360000005,0.5540901702,3502.0,677.0
0.6977721354818244,0.008215105,0.47273999499999997,0.5649105095,3502.0,677.0
0.7497201777165259,0.115908647,0.45961943,0.579386462,3502.0,677.0
0.7838041972484058,0.214616956,0.49256611250000004,0.6145095199999999,3502.0,677.0
0.7860809603707859,0.30387975899999997,0.498141553,0.701296697,3502.0,677.0
0.7814916135815256,0.32581534199999995,0.502770793,0.7428600910000001,3502.0,677.0
0.8035385712374816,0.272060707,0.4930550165,0.7270279825,3502.0,677.0
0.8325816466217175,0.144929573,0.41702772499999996,0.6507932059999999,3502.0,677.0
0.802023023565158,0.001332604,0.306907461,0.614548272,3502.0,677.0
0.7027113771795277,0.0,0.26852994875,0.629812246,3502.0,677.0
0.6654056279858309,0.0,0.268549376,0.6105847757999999,3502.0,677.0
0.7185105402951364,0.021650506,0.267280912,0.593427109,3502.0,677.0
0.7591586060797015,0.202728232,0.245620319,0.566762657,3502.0,677.0
0.7806026066744899,0.38218891,0.306961913,0.55288101,3502.0,677.0
0.7832444358100954,0.529960667,0.341185899,0.577750825,3502.0,677.0
0.7721308669080513,0.6721653935,0.4258923825,0.5811071720000001,3502.0,677.0
0.7604679081498043,0.7076722854999999,0.49644029199999995,0.5929444675,3502.0,677.0
0.7622882978628588,0.647276713,0.558323418,0.573902831,3502.0,677.0
0.7821744529088711,0.499814869,0.566550132,0.524345298,3502.0,677.0
0.8069176025890196,0.370175876,0.542242832,0.479112818,3502.0,677.0
0.8204351328880257,0.223685547,0.469999778,0.445082639,3502.0,677.0
0.7977579821352023,0.0023823216666666665,0.427191799,0.46906425333333335,3502.0,677.0
0.7482076581143193,0.0,0.431154307,0.603705696,3502.0,677.0
0.6906298673947641,0.0,0.39912397125,0.6089326254999999,3502.0,677.0
0.6850478094914351,0.0,0.406011135,0.552974203,3502.0,677.0
0.7940785570017863,0.0,0.426587235,0.5628455514999999,3502.0,677.0
0.8936847831100698,0.026517257,0.457466002,0.620121588,3502.0,677.0
0.9133077384888422,0.18090104,0.492086462,0.663152047,3502.0,677.0
0.908775142857291,0.282256172,0.587217339,0.712916616,3502.0,677.0
0.901947030757328,0.344727845,0.699719932,0.801496821,3502.0,677.0
0.8947390798278622,0.35093933850000003,0.7498805285,0.8418280215,3502.0,677.0
0.889312326502778,0.370982966,0.7787627095,0.8865782035,3502.0,677.0
0.888603593468372,0.357067835,0.783353077,0.886334446,3502.0,677.0
0.9036594903768308,0.310381941,0.783217968,0.861671664,3502.0,677.0
0.9234868809752179,0.26534091,0.786596108,0.846458229,3502.0,677.0
0.9255967854979426,0.088425489,0.7724054195000001,0.8429784995,3502.0,677.0
0.8534925054846333,0.0,0.7126947459999999,0.889303776,3502.0,677.0
0.7603416228362918,0.0,0.693485785,0.889155597,3502.0,677.0
0.6804686352618552,0.0,0.66683176425,0.86148630475,3502.0,677.0
0.7276719557544613,0.0,0.6454333735,0.8222847365,3502.0,677.0
0.8429820809303173,0.0,0.636986037,0.801465762,3502.0,677.0
0.9013731517620506,0.027463568,0.627590243,0.807452834,3502.0,677.0
0.9314236059005285,0.282039819,0.577938276,0.809288654,3502.0,677.0
0.9304925508053821,0.450061157,0.668524392,0.821486919,3502.0,677.0
0.9206851935827594,0.5863721,0.666807404,0.826550261,3502.0,677.0
0.9093058965636924,0.7090706735,0.7057174875,0.810483538,3502.0,677.0
0.8994912348403448,0.7414701029999999,0.7383873944999999,0.7731188325,3502.0,677.0
0.8926613903803063,0.665500032,0.755844696,0.745012312,3502.0,677.0
0.9059960247136198,0.560439818,0.761365704,0.73123781,3502.0,677.0
0.9247680883556982,0.409335975,0.742936965,0.747529073,3502.0,677.0
0.9349662414837792,0.243502479,0.684200379,0.749071875,3502.0,677.0
0.903634205310483,0.005114952,0.6689899180000001,0.702891844,3502.0,677.0
0.8129531191022956,0.0,0.6481596995000001,0.627796621,3502.0,677.0
0.7072373005310891,0.0,0.6291304263333334,0.6237745276666666,3502.0,677.0
0.6809731089522087,0.0,0.613760123,0.6130618720000001,3502.0,677.0
0.7386350546867091,0.0,0.5914555975,0.608501398,3502.0,677.0
0.8787306821323978,0.0226763485,0.557324376,0.5927840314999999,3502.0,677.0
0.9297526326094552,0.309718046,0.488206434,0.558989555,3502.0,677.0
0.9209479717334129,0.518523298,0.51327434,0.529322099,3502.0,677.0
0.9088238401243822,0.69045646,0.544611088,0.491352949,3502.0,677.0
0.8972035382761758,0.8660724945,0.5299952145,0.41541035699999995,3502.0,677.0
0.8852316793309986,0.9623198535,0.521613731,0.38976510799999997,3502.0,677.0
0.8932638790626388,0.7985406104999999,0.557197123,0.42572823449999997,3502.0,677.0
0.9196321142276098,0.4305108245,0.5368751254999999,0.432475343,3502.0,677.0
0.8757459116771926,0.004253555,0.5059204089999999,0.442335015,3502.0,677.0
0.765198032301448,0.0,0.420396152,0.3510436495,3502.0,677.0
0.6920439740819636,0.0,0.3833392795,0.337096419,3502.0,677.0
0.690870993183191,0.0,0.34711944933333333,0.318289574,3502.0,677.0
0.8146347449053171,0.0,0.3126766085,0.287411572,3502.0,677.0
0.904687940168594,0.052157717,0.288056133,0.262138684,3502.0,677.0
0.9297526326094552,0.348731813,0.261521633,0.22788374,3502.0,677.0
0.9160457447147704,0.55229603,0.263524997,0.180399165,3502.0,677.0
0.9008442240590048,0.794970484,0.2135903545,0.1184226625,3502.0,677.0
0.8849497968141427,0.9654360710000001,0.2092877305,0.062415015500000004,3502.0,677.0
0.8762428115645575,0.9292048079999999,0.2448151825,0.1416912885,3502.0,677.0
0.8798661723659421,0.751103931,0.291297762,0.243145791,3502.0,677.0
0.8965848951127933,0.4405602615,0.3297078585,0.3152055145,3502.0,677.0
0.8700944640220084,0.0038872856666666666,0.41078934100000003,0.3828644923333333,3502.0,677.0
0.7398610641047022,0.0,0.414532261,0.43664628266666666,3502.0,677.0
0.6810841646034322,0.0,0.38551767025,0.47430345825,3502.0,677.0
0.7953706277337249,0.0,0.35761844499999995,0.5459881685000001,3502.0,677.0
0.8924488079516617,0.052197854,0.346661457,0.555172556,3502.0,677.0
0.9058080718483615,0.226072586,0.3030698525,0.5040683545,3502.0,677.0
0.881652021244776,0.39298031333333333,0.4112021496666667,0.4675975353333334,3502.0,677.0
0.8749365530228874,0.3392630495,0.589244256,0.529118591,3502.0,677.0
0.8845133003889939,0.19520623650000002,0.673637763,0.6010787275,3502.0,677.0
0.9067458696657686,0.0824939165,0.6942374455,0.6904623919999999,3502.0,677.0
0.8843043233484631,0.0025518145,0.7365908145,0.7844675395,3502.0,677.0
0.7982377286527891,0.0,0.761610377,0.8442718235,3502.0,677.0
0.6685600399056494,0.0,0.753703411,0.8100093033333334,3502.0,677.0
0.6445477204344827,0.0,0.7568565735,0.81957044075,3502.0,677.0
0.6960530736455897,0.0197677,0.7821512989999999,0.692604343,3502.0,677.0
0.763523898366929,0.324597317,0.809018826,0.7009751625,3502.0,677.0
0.7838319719427774,0.594814911,0.8523949246666667,0.7346223493333334,3502.0,677.0
0.7778806143428658,0.6447140364999999,0.8730581295,0.7583298494999999,3502.0,677.0
0.796654972448352,0.507473762,0.8662363694999999,0.832748842,3502.0,677.0
0.8295141375501729,0.2559124815,0.8330803044999999,0.87201514,3502.0,677.0
0.8084225367606606,0.0050784155,0.7507589775000001,0.879274865,3502.0,677.0
0.7629971245405451,0.0,0.6287924604999999,0.8062670855,3502.0,677.0
0.6838890477251102,0.0,0.5403659315,0.7371521595,3502.0,677.0
0.6338456633267128,0.0,0.46676287866666666,0.7453520509999999,3502.0,677.0
0.6814541197217595,0.0,0.3944794896666666,0.7871649803333334,3502.0,677.0
0.7493646873581346,0.030035315,0.349913954,0.822575258,3502.0,677.0
0.7789227368657109,0.152457545,0.345739287,0.819893533,3502.0,677.0
0.7860785255642834,0.282594486,0.385369423,0.82258053,3502.0,677.0
0.7708861511687095,0.4419341073333333,0.35690918433333335,0.7593772476666666,3502.0,677.0
0.7589443846093935,0.5364601385,0.43469092099999995,0.7629248675,3502.0,677.0
0.7949312983760028,0.452836122,0.509827702,0.7834738705,3502.0,677.0
0.8142404605643239,0.27368982350000004,0.490691467,0.722339516,3502.0,677.0
0.7741996752962169,0.0057979573333333334,0.4246210936666667,0.6499611456666666,3502.0,677.0
0.6832037579434401,0.0,0.34673161699999994,0.6055920906666666,3502.0,677.0
0.7977786160353874,0.0,0.3335487465,0.5902935235,3502.0,677.0
0.9149897623367172,0.034127972,0.32319085599999997,0.5293673955,3502.0,677.0
0.911695670313357,0.312602913,0.27649891,0.456185384,3502.0,677.0
0.8989415638918672,0.517811251,0.293761544,0.406976172,3502.0,677.0
0.8741781079953336,0.7318807506666668,0.263821764,0.38527765633333333,3502.0,677.0
0.8627699516279423,0.7110846184999999,0.3394711415,0.4248496555,3502.0,677.0
0.8709802711931162,0.554131114,0.409673168,0.44997559,3502.0,677.0
0.8797906914963685,0.382022704,0.408700697,0.42522877,3502.0,677.0
0.8811787521132864,0.222142031,0.362689626,0.400828853,3502.0,677.0
0.8204512092653281,0.0056225649999999995,0.32369216633333336,0.40484568833333334,3502.0,677.0
0.7001011780313281,0.0,0.27155367100000005,0.48840437000000003,3502.0,677.0
0.6660976378329067,0.0,0.25876852775000003,0.567543307,3502.0,677.0
0.7852295534742253,0.0,0.27092130999999997,0.5885311835,3502.0,677.0
0.9031414260252433,0.04026207,0.264472025,0.542941561,3502.0,677.0
0.9043663506268498,0.299090842,0.209138775,0.519431087,3502.0,677.0
0.8793359802755707,0.5754799775,0.178252244,0.485069702,3502.0,677.0
0.8588060375053569,0.837655554,0.21994900950000001,0.4666828725,3502.0,677.0
0.8518663431426968,0.885476177,0.2969693155,0.501125963,3502.0,677.0
0.8558611613345282,0.7285427145000001,0.31778322400000003,0.5673346994999999,3502.0,677.0
0.8584917993265861,0.512165548,0.28015037,0.574860212,3502.0,677.0
0.8567637941103972,0.304381142,0.263115439,0.561894941,3502.0,677.0
0.8184148188867137,0.008296165,0.268140228,0.5064453963333334,3502.0,677.0
0.6967929449792678,0.0,0.246041615,0.4823006065,3502.0,677.0
0.6628881924720169,0.0,0.23215016375000003,0.45907564725000005,3502.0,677.0
0.7831338834610466,0.0,0.2169825635,0.395148485,3502.0,677.0
0.8914252279353378,0.0,0.207996954,0.36341004,3502.0,677.0
0.91010008416736,0.115522835,0.200123484,0.358194435,3502.0,677.0
0.8924126595338555,0.385725722,0.162695282,0.348126429,3502.0,677.0
0.8764285168286567,0.590713808,0.143198574,0.339450049,3502.0,677.0
0.8581300345435523,0.8013177615,0.204381708,0.31771431699999997,3502.0,677.0
0.8521419042914445,0.919417994,0.318554851,0.3755120375,3502.0,677.0
0.851911575364769,0.80488326,0.387334523,0.5004423105,3502.0,677.0
0.8576365061120709,0.594850182,0.403355584,0.590865334,3502.0,677.0
0.8579836616500037,0.427903895,0.372026419,0.57942768,3502.0,677.0
0.8571915811419665,0.226954745,0.354916781,0.545307564,3502.0,677.0
0.820171387063071,0.00570871,0.33161728366666665,0.514788262,3502.0,677.0
0.6828558999049354,0.0,0.29757219566666665,0.4736698076666667,3502.0,677.0
0.6624599995175382,0.0,0.2668575543333333,0.506008558,3502.0,677.0
0.780707025023208,0.0,0.2574063045,0.495251908,3502.0,677.0
0.8935717490922698,0.040051042,0.23623947550000002,0.425861061,3502.0,677.0
0.8912542253971859,0.257605559,0.206225547,0.370422858,3502.0,677.0
0.8807094785908534,0.425159658,0.24510514,0.350928722,3502.0,677.0
0.8741682592887146,0.6254741495,0.3448590695,0.3977710955,3502.0,677.0
0.8679849652326865,0.7745091245,0.417704937,0.4958974405,3502.0,677.0
0.8705529055156992,0.719347328,0.5133325685,0.536117773,3502.0,677.0
0.8787938949200927,0.552689501,0.556217106,0.536138707,3502.0,677.0
0.8864722433350053,0.382576672,0.550421186,0.542902634,3502.0,677.0
0.8770301627214672,0.11932849699999999,0.5298150415,0.5777538870000001,3502.0,677.0
0.7985058916575317,0.0,0.5745521695,0.6252079509999999,3502.0,677.0
0.6996540056224985,0.0,0.627786961,0.576817927,3502.0,677.0
0.658896386648336,0.0,0.613469425,0.738509954,3502.0,677.0
0.7122663746146358,0.0,0.5510105515,0.7611070185,3502.0,677.0
0.858837269285475,0.0,0.5041565370000001,0.7232910975,3502.0,677.0
0.9199575433874941,0.087538618,0.468063963,0.707513279,3502.0,677.0
0.9103883347521388,0.260035473,0.499461455,0.654359885,3502.0,677.0
0.8990660230395898,0.414188808,0.564450513,0.647558552,3502.0,677.0
0.8860460481579825,0.580561211,0.6233113735,0.6243246565,3502.0,677.0
0.8775516453370422,0.7038433675,0.7085538115,0.7583067395,3502.0,677.0
0.8820921075726507,0.6505666255,0.7871424245,0.8130534395,3502.0,677.0
0.8930045191759729,0.451425317,0.803376419,0.821498332,3502.0,677.0
0.8998084696852995,0.326021369,0.792707028,0.828974908,3502.0,677.0
0.8843362107127597,0.092385254,0.7623265225,0.8674893994999999,3502.0,677.0
0.798606095733772,0.0,0.768975027,0.8931291795,3502.0,677.0
0.6850106543880623,0.0,0.7652192010000001,0.872829502,3502.0,677.0
0.6384389239123691,0.0,0.7052259395,0.8496687172499999,3502.0,677.0
0.6721910642684196,0.0,0.6437409635,0.7541393275,3502.0,677.0
0.7132816666727498,0.0,0.599733822,0.713960689,3502.0,677.0
0.7488701286881367,0.078860551,0.577334421,0.685791712,3502.0,677.0
0.77867522346312,0.273473303,0.568659533,0.651300113,3502.0,677.0
0.7749881347141736,0.5084450869999999,0.5845957635000001,0.611245088,3502.0,677.0
0.7533247931852962,0.6705048896666667,0.576050774,0.5713406643333333,3502.0,677.0
0.7524968375007444,0.6575525135,0.5700044485,0.5731641765,3502.0,677.0
0.7705420235655321,0.515030409,0.533682148,0.570406639,3502.0,677.0
0.7751305275652706,0.409047619,0.485760879,0.521429337,3502.0,677.0
0.7815768338395439,0.248486186,0.373355394,0.418976234,3502.0,677.0
0.76935769558644,0.008731383333333334,0.259208468,0.2912118663333333,3502.0,677.0
0.6440376863799546,0.0,0.1547172855,0.25086063875,3811.5,736.5
0.6273837566613041,0.0,0.14252310499999998,0.2869917675,4121.0,796.0
0.6510099822485965,0.0,0.1482653915,0.33789026,4121.0,796.0
0.6737234374642873,0.0,0.163384202,0.372089249,4121.0,796.0
0.7152260005360943,0.105233275,0.169688917,0.398587312,4121.0,796.0
0.7526545651902341,0.273092164,0.149690353,0.403590555,4121.0,796.0
0.7546944675031885,0.43669519,0.123371592,0.378126448,4121.0,796.0
0.7338708892128899,0.6508797500000001,0.1374252195,0.34536966599999996,4121.0,796.0
0.7202780185498389,0.795235664,0.20769540749999998,0.44835741100000004,4121.0,796.0
0.7188440466549373,0.6890290905,0.2583035,0.494150439,4121.0,796.0
0.7349989810587778,0.494020336,0.277817343,0.534167869,4121.0,796.0
0.7424469536847662,0.32523496,0.271085561,0.552368998,4121.0,796.0
0.7473007408944251,0.0887978775,0.291316099,0.5609321285,4121.0,796.0
0.7324406866833637,0.0,0.312239162,0.5305556025,4121.0,796.0
0.6776456779718829,0.0,0.307978981,0.4747446595,4121.0,796.0
0.6457690279121089,0.0,0.2922878015,0.50549822425,4121.0,796.0
0.7334429849850903,0.0,0.28519988799999996,0.4671866905,4121.0,796.0
0.8170067486040008,0.0,0.292602697,0.417729531,4121.0,796.0
0.8548335075512552,0.058579411,0.295958655,0.402368154,4121.0,796.0
0.8560580577421749,0.193139175,0.262037093,0.3943049,4121.0,796.0
0.8431498524910421,0.4349030955,0.30880337999999996,0.37584403850000003,4121.0,796.0
0.8357821836478181,0.648449141,0.418146467,0.3730966875,4121.0,796.0
0.8325359461020272,0.6449481875,0.48931143050000003,0.41729383750000004,4121.0,796.0
0.8335818145185149,0.557085009,0.527418415,0.429655866,4121.0,796.0
0.8369241355925655,0.35151550750000005,0.5192890800000001,0.4205551825,4121.0,796.0
0.82092357315137,0.05813210533333334,0.46878368200000003,0.45203851333333334,4121.0,796.0
0.7265362081440263,0.0,0.4395682635,0.472028055,4121.0,796.0
0.6478948527941469,0.0,0.44675412566666667,0.4596393286666667,4121.0,796.0
0.6483776584338434,0.0,0.4619829875,0.430881707,4121.0,796.0
0.7306604020400513,0.0,0.4690331935,0.3914474215,4121.0,796.0
0.8284981431268488,0.0330485345,0.475619793,0.395499293,4121.0,796.0
0.8466007123805742,0.28089912149999996,0.535393579,0.43442290100000003,4121.0,796.0
0.840083373576797,0.495657258,0.589422283,0.447608829,4121.0,796.0
0.8373743516110447,0.609178035,0.6957922395,0.568554117,4121.0,796.0
0.8346792832249976,0.6615131160000001,0.7712777145,0.6521041135000001,4121.0,796.0
0.8372099512896245,0.5612798295,0.799430332,0.7187838424999999,4121.0,796.0
0.8412222350496461,0.324978296,0.764910619,0.7617843550000001,4121.0,796.0
0.7954901078419785,0.010272999,0.6891065723333333,0.8065836016666666,4121.0,796.0
0.6589867653814006,0.0,0.61187101275,0.744271461,4121.0,796.0
0.6487834615480396,0.0,0.615974135,0.656036061,4121.0,796.0
0.7321802029149012,0.0,0.601581712,0.641194459,4121.0,796.0
0.8338601382658545,0.050258083,0.579239337,0.6849760375,4121.0,796.0
0.848614814386097,0.3272592495,0.608422637,0.680496038,4121.0,796.0
0.8374052088180419,0.5785034645,0.61130989,0.6155208955,4121.0,796.0
0.8338456227452509,0.6951352390000001,0.6459464425,0.588968282,4121.0,796.0
0.8332372342113966,0.6321658105000001,0.659548459,0.631408326,4121.0,796.0
0.8369240887303168,0.421448364,0.6080023539999999,0.671735379,4121.0,796.0
0.8342469073478296,0.142439215,0.4239751555,0.600002023,4121.0,796.0
0.7763188589231855,0.0,0.2983782995,0.5036959485,4121.0,796.0
0.6936787520929821,0.0,0.284653375,0.449975592,4121.0,796.0
0.65471177372349,0.0,0.2023821945,0.335754972,4121.0,796.0
0.644436992615957,0.0,0.1409840175,0.2568071085,4121.0,796.0
0.6877369779447433,0.0,0.1098368755,0.2661760195,4121.0,796.0
0.8054258261510279,0.0,0.10965815549999999,0.3048851265,4121.0,796.0
0.8652148374936525,0.146908387,0.115992397,0.326978807,4121.0,796.0
0.8579377738437529,0.43458063999999996,0.089876153,0.32315817550000003,4121.0,796.0
0.8381782786031569,0.7771164925,0.094997635,0.3369918965,4121.0,796.0
0.8330712419542128,0.909481513,0.132003579,0.4168292245,4121.0,796.0
0.8325181060419332,0.7893203535,0.17127762800000002,0.5287992619999999,4121.0,796.0
0.8358650158803653,0.493925949,0.20849916400000001,0.5633126989999999,4121.0,796.0
0.8343915944999002,0.218726887,0.228646376,0.535365013,4121.0,796.0
0.8306552934052128,0.04449823,0.264317415,0.492798846,4121.0,796.0
0.7769780285104626,0.0,0.2874400915,0.381482021,4121.0,796.0
0.6942719227410225,0.0,0.310331456,0.334415672,4121.0,796.0
0.648357922077021,0.0,0.30713617449999997,0.35862989975000004,4121.0,796.0
0.682589976731586,0.0,0.2651312845,0.38972269550000005,4121.0,796.0
0.7913023889057017,0.0,0.24554349250000002,0.375102056,4121.0,796.0
0.8548335075512552,0.162969925,0.228580259,0.354807447,4121.0,796.0
0.8532662970247215,0.349229397,0.185283098,0.328302425,4121.0,796.0
0.8438339092622474,0.523083951,0.19547838,0.292216503,4121.0,796.0
0.8390542682008552,0.632261018,0.225331386,0.265387895,4121.0,796.0
0.836566163565423,0.710158259,0.348088475,0.315299902,4121.0,796.0
0.837782987576597,0.6492434499999999,0.494013825,0.525357258,4121.0,796.0
0.8432027171683626,0.513729395,0.556619168,0.543879455,4121.0,796.0
0.8483120014184659,0.367291582,0.544779824,0.478634793,4121.0,796.0
0.8508911795448407,0.244220985,0.500470848,0.437727075,4121.0,796.0
0.8444408462034327,0.12985075,0.443829504,0.413230293,4121.0,796.0
0.8148678598211003,0.008661129,0.384337877,0.39736745549999997,4121.0,796.0
0.7585700240336088,0.0,0.331712292,0.408487704,4121.0,796.0
0.6753400008420911,0.0,0.341289551,0.384579518,4121.0,796.0
0.6308890030735901,0.0,0.2982081185,0.4037203765,4121.0,796.0
0.6167244307230482,0.0,0.22506426224999998,0.39604682724999996,4121.0,796.0
0.6527886046221638,0.0,0.203011795,0.339148267,4121.0,796.0
0.7027614090867089,0.058901811,0.203676377,0.343648256,4121.0,796.0
0.7418513481490062,0.131944398,0.202581066,0.358451369,4121.0,796.0
0.7464231825890448,0.2572261015,0.2261642765,0.3774115625,4121.0,796.0
0.7421638302523175,0.3787152225,0.272964753,0.48814934200000004,4121.0,796.0
0.7418214273748112,0.3949908235,0.3178994545,0.5093965295,4121.0,796.0
0.7560012175705585,0.3042063055,0.2871084175,0.48344718600000003,4121.0,796.0
0.7635281594204384,0.187811482,0.263126998,0.442117245,4121.0,796.0
0.7573101372707018,0.04870079233333333,0.21725960166666666,0.353398863,4121.0,796.0
0.7034591384265619,0.0,0.209520629,0.244223214,4121.0,796.0
0.6334988979826504,0.0,0.21464761,0.208778562,4121.0,796.0
0.6110334945574989,0.0,0.225948723,0.293853648,4121.0,796.0
0.6346356679806185,0.0,0.23989704733333336,0.395539169,4121.0,796.0
0.6623874530206566,0.0,0.261989971,0.396530128,4121.0,796.0
0.704924178205537,0.06421279,0.290375652,0.385213206,4121.0,796.0
0.7444449480714875,0.2245543565,0.336297778,0.34956605,4121.0,796.0
0.7389865415309158,0.43283140099999995,0.3541898195,0.255328449,4121.0,796.0
0.7319026750136177,0.551888728,0.48493351250000005,0.338173832,4121.0,796.0
0.7422471073919672,0.5186330255,0.555018844,0.432024138,4121.0,796.0
0.7600527634483661,0.397661077,0.575142741,0.442390053,4121.0,796.0
0.7739906827161536,0.289303024,0.545920598,0.457090724,4121.0,796.0
0.7649051226453784,0.06744010633333333,0.4227511023333333,0.48509047800000005,4121.0,796.0
0.6970743592797227,0.0,0.3645490466666666,0.48329721066666664,4121.0,796.0
0.6465325455141224,0.0,0.3361805496666667,0.4298223353333333,4121.0,796.0
0.6873914611236056,0.0,0.293349175,0.3627951545,4121.0,796.0
0.8073109973594594,0.0005139945,0.2437478965,0.2861978315,4121.0,796.0
0.8752257869027169,0.086946263,0.218927637,0.218560805,4121.0,796.0
0.8729508733366422,0.2738653165,0.2464410045,0.207568854,4121.0,796.0
0.863196521378086,0.4976972085,0.3045700895,0.30207634299999997,4121.0,796.0
0.8562545326332351,0.5814122740000001,0.394913758,0.3997943345,4121.0,796.0
0.8613559971415297,0.5450586150000001,0.4407125815,0.49975984650000005,4121.0,796.0
0.8674790751572634,0.419116596,0.463372792,0.574869393,4121.0,796.0
0.871092977418827,0.283363624,0.459907702,0.572535008,4121.0,796.0
0.8548657695698898,0.106848165,0.4207199105,0.5705415659999999,4121.0,796.0
0.7762365651598037,0.0,0.40642811349999997,0.585632383,4121.0,796.0
0.682620974362895,0.0,0.43940727599999996,0.506752732,4121.0,796.0
0.6512490672280572,0.0,0.45735098925,0.478643353,4121.0,796.0
0.7361254575783864,0.0,0.5269964115,0.5809230435,4121.0,796.0
0.821698640795158,0.001127993,0.579915537,0.709014797,4121.0,796.0
0.8593993485777089,0.047293642,0.594403035,0.747246069,4121.0,796.0
0.8699200277615535,0.124561169,0.6512741985,0.746354426,4121.0,796.0
0.8636604881231054,0.18941587266666668,0.5975073806666666,0.5619330666666666,4121.0,796.0
0.866766174631411,0.1932601055,0.5969257560000001,0.5410541645,4121.0,796.0
0.8837919246183712,0.1635055195,0.557939208,0.49847243750000003,4121.0,796.0
0.887549483955923,0.132013548,0.532744999,0.48813597,4121.0,796.0
0.8395963691770826,0.044982028,0.5091854563333333,0.48470456366666664,4121.0,796.0
0.7293883018543528,0.0,0.47189909100000005,0.499769004,4121.0,796.0
0.6527034545356929,0.0,0.50901356925,0.65117260575,4121.0,796.0
0.6846122027180569,0.0,0.587884922,0.7685453124999999,4121.0,796.0
0.7658895575506399,0.0,0.613441375,0.798619658,4121.0,796.0
0.821698640795158,0.0,0.615987251,0.802833814,4121.0,796.0
0.8617462780495553,0.081530552,0.622567707,0.778995035,4121.0,796.0
0.8699824446219753,0.26004037350000003,0.6398283389999999,0.7228685585000001,4121.0,796.0
0.8597906128349302,0.45162995366666675,0.6776797246666666,0.6658844389999999,4121.0,796.0
0.8566943535978739,0.485199014,0.751404654,0.639346474,4121.0,796.0
0.8655989843201304,0.415363918,0.769783682,0.671811145,4121.0,796.0
0.8676200163344744,0.322385613,0.764870244,0.687062208,4121.0,796.0
0.8689826982417643,0.248395325,0.741105785,0.679755481,4121.0,796.0
0.8630063209116684,0.142657821,0.673193209,0.659170163,4121.0,796.0
0.7965078659480942,0.019750780666666665,0.587304688,0.5824828166666668,4121.0,796.0
0.6813311746226314,0.0,0.513065823,0.48998375800000005,4121.0,796.0
0.6496715085099317,0.0,0.44590049475,0.44172123724999995,4121.0,796.0
0.7374986514108786,0.0,0.363276221,0.3726909435,4121.0,796.0
0.8282882295722988,0.001623557,0.327146931,0.387889994,4121.0,796.0
0.8617462780495553,0.082053046,0.337233269,0.388084771,4121.0,796.0
0.8703518417790402,0.168783119,0.353501544,0.396142342,4121.0,796.0
0.8579086022157996,0.2941922425,0.3958110935,0.464812047,4121.0,796.0
0.8478505943647284,0.35804185833333335,0.45282524499999993,0.5372676123333333,4121.0,796.0
0.851406387654556,0.330221412,0.445467512,0.6981358790000001,4121.0,796.0
0.8654365976134947,0.266069903,0.396976063,0.720888942,4121.0,796.0
0.8676047515864118,0.184868806,0.352303037,0.693643599,4121.0,796.0
0.863608669088472,0.12073839,0.297493121,0.671826381,4121.0,796.0
0.7975318985600696,0.012145025666666668,0.24389924633333335,0.6054845023333333,4121.0,796.0
0.6684254511485394,0.0,0.2186931,0.46673139,4121.0,796.0
0.6627825099796245,0.0,0.16152703875,0.31752907825,4121.0,796.0
0.7658895575506399,0.0,0.121789576,0.255063956,4121.0,796.0
0.8413546074200237,0.032297108,0.11705182450000001,0.222419798,4121.0,796.0
0.8695035720541923,0.16745292,0.107904243,0.175707685,4121.0,796.0
0.8579106156681497,0.31566350600000004,0.09864953800000001,0.149911912,4121.0,796.0
0.8481445107063645,0.47935965999999997,0.1013305495,0.1957224795,4121.0,796.0
0.8448240097348598,0.5224077155,0.11702929000000001,0.291359306,4121.0,796.0
0.8462126322926762,0.4313432905,0.1375819915,0.3139268865,4121.0,796.0
0.8479004622675756,0.250698924,0.131421819,0.31985151450000004,4121.0,796.0
0.8143818232581213,0.029194433,0.1086977835,0.2292744435,4121.0,796.0
0.7180400728005765,0.0,0.0863678695,0.166807967,4121.0,796.0
0.6234683057382181,0.0,0.0753019275,0.1514903735,4121.0,796.0
0.6300471718318635,0.0,0.0756375305,0.199066725,4121.0,796.0
0.6576734130160817,0.001181788,0.069094002,0.1780027735,4121.0,796.0
0.7066298951839963,0.128016575,0.062463001,0.17650965,4121.0,796.0
0.7457804718031742,0.3502695375,0.0573705875,0.15949681599999999,4121.0,796.0
0.7314809594452362,0.6309378336666667,0.09267725733333333,0.18535700233333333,4121.0,796.0
0.724918989263261,0.508467157,0.161397018,0.31843027150000003,4121.0,796.0
0.7331710058339407,0.411532546,0.20744824350000002,0.39469691100000004,4121.0,796.0
0.7440752932938806,0.2645381565,0.22510785649999998,0.4419363665,4121.0,796.0
0.736601278658464,0.024401936333333332,0.225916974,0.42934563433333334,4121.0,796.0
0.6366943779467512,0.0,0.185563852,0.42101608025000004,4121.0,796.0
0.6191305538341192,0.0,0.20269430800000002,0.360284511,4121.0,796.0
0.6514424985500764,0.0018052945,0.18812922399999998,0.2692685725,4121.0,796.0
0.7129815227416474,0.1750834155,0.152354972,0.28239604500000004,4121.0,796.0
0.7236358150490281,0.3816833155,0.2117668655,0.28268637399999996,4121.0,796.0
0.7126108378879582,0.4941396025,0.3203610045,0.3233078225,4121.0,796.0
0.7106370516292537,0.4309802965,0.3821741565,0.3992126545,4121.0,796.0
0.7230483803564649,0.281330953,0.38069066549999997,0.3991356565,4121.0,796.0
0.7328792902853599,0.163012163,0.324303112,0.35158628,4121.0,796.0
0.7407299286101804,0.056848387,0.27579532949999996,0.323081856,4121.0,796.0
0.716620007812638,0.0,0.27011604833333336,0.262109898,4121.0,796.0
0.6489765885740674,0.0,0.2852290652,0.24110920779999997,4121.0,796.0
0.7323902100315143,0.0,0.266837351,0.2577763965,4121.0,796.0
0.8292536537817103,0.048179227000000005,0.25643298849999996,0.23450967649999999,4121.0,796.0
0.8493125438883842,0.207192972,0.258765555,0.229456617,4121.0,796.0
0.8405728283225464,0.353788787,0.2413737855,0.240598309,4121.0,796.0
0.8339519139866454,0.5646721086666667,0.232914327,0.2978546906666667,4121.0,796.0
0.8331736935503953,0.6443077859999999,0.24398730349999997,0.4304607635,4121.0,796.0
0.8369227308621452,0.5084640565,0.216887401,0.5112587095,4121.0,796.0
0.8343032837699838,0.299535036,0.178425924,0.521910815,4121.0,796.0
0.7953910275121733,0.03687764466666667,0.16442758766666665,0.4674122216666667,4121.0,796.0
0.6672160410104094,0.0,0.11756496500000001,0.31448886700000006,4121.0,796.0
0.6608375323491849,0.0,0.10827307675,0.30230610125,4121.0,796.0
0.790091628642094,0.002768824,0.105776023,0.29075798900000005,4121.0,796.0
0.8467742902307577,0.227804303,0.097099695,0.274777613,4121.0,796.0
0.8476847426672183,0.439855797,0.065476642,0.23845391,4121.0,796.0
0.8363413599171483,0.7194531200000001,0.056365833500000004,0.18176712,4121.0,796.0
0.8307755383616748,0.9531039530000001,0.0577553695,0.17426270249999998,4121.0,796.0
0.8278444285652081,0.9822908564999999,0.062666629,0.24073370449999998,4121.0,796.0
0.8295517374794309,0.809414614,0.062652857,0.3193809385,4121.0,796.0
0.8298787586562959,0.567143936,0.053012197,0.309251657,4121.0,796.0
0.8274691783376529,0.360318415,0.049473292,0.26651344,4121.0,796.0
0.8237990868592786,0.123516203,0.045926993,0.224571256,4121.0,796.0
0.7774105682836753,0.0,0.043266531999999996,0.167012235,4121.0,796.0
0.6772920137792814,0.0,0.052641058000000004,0.12986761349999998,4121.0,796.0
0.6441650954128296,0.0,0.068789451,0.14116568949999997,4121.0,796.0
0.7295422602596842,0.0,0.09198733449999999,0.1531139715,4121.0,796.0
0.8065143513963392,0.007439672,0.111144903,0.187587181,4121.0,796.0
0.833952288613911,0.241070509,0.115370405,0.212300156,4121.0,796.0
0.8352916519637378,0.460636307,0.08870804,0.219050166,4121.0,796.0
0.8325054166059022,0.655854446,0.076210727,0.195764261,4121.0,796.0
0.829423719724626,0.812454329,0.096698146,0.18510765,4121.0,796.0
0.8286244752213927,0.959429459,0.1470721045,0.18666858800000002,4121.0,796.0
0.827639338005066,0.9793987355,0.163207895,0.211598638,4121.0,796.0
0.829655547025002,0.799289043,0.1599791195,0.258010002,4121.0,796.0
0.8298461690080061,0.560687861,0.16251378,0.267537037,4121.0,796.0
0.8260695053042518,0.357223907,0.174949777,0.258930866,4121.0,796.0
0.7919305061755102,0.042596164666666665,0.208483758,0.247667824,4121.0,796.0
0.665618363416604,0.0,0.18628525033333332,0.23627435866666668,4121.0,796.0
0.6378116299941308,0.0,0.171644595,0.2402246,4121.0,796.0
0.6773178140054961,0.0,0.1707481225,0.26932632700000003,4121.0,796.0
0.75598775559777,0.0,0.170329352,0.275416347,4121.0,796.0
0.8033350726943201,0.008746827,0.180208325,0.287190567,4121.0,796.0
0.8308075661502833,0.242419741,0.181569834,0.297478314,4121.0,796.0
0.8351728117376961,0.459178341,0.139703099,0.304466167,4121.0,796.0
0.8324325579106086,0.654013614,0.170719933,0.308156842,4121.0,796.0
0.8293679051621532,0.863303879,0.1926181885,0.338190687,4121.0,796.0
0.8277606598186417,0.9617392395,0.2533633315,0.429139695,4121.0,796.0
0.827657037559631,0.819614277,0.29192995450000003,0.47980087000000005,4121.0,796.0
0.8306032248175999,0.632744173,0.30562347,0.469289955,4121.0,796.0
0.830081601696496,0.466260144,0.305121812,0.452737944,4121.0,796.0
0.8261600634728935,0.293775657,0.29052626,0.427341394,4121.0,796.0
0.823151600022466,0.104113633,0.314813303,0.409804867,4121.0,796.0
0.7486652410353045,0.0,0.3279869066666667,0.36022160233333334,4121.0,796.0
0.6452809661203047,0.0,0.30714693549999994,0.30771322624999997,4121.0,796.0
0.703650525149485,0.0,0.330603553,0.33756497933333335,4121.0,796.0
0.8033350726943201,0.009518933,0.359959513,0.36106262,4121.0,796.0
0.8308075661502833,0.210475563,0.351529803,0.362795644,4121.0,796.0
0.8351728117376961,0.39960037,0.340070181,0.363566746,4121.0,796.0
0.8318015531845012,0.631194175,0.396961853,0.34674687950000005,4121.0,796.0
0.8286766375335031,0.80636825,0.47865234,0.3920344495,4121.0,796.0
0.8274512914153103,0.7898526404999999,0.5273281605,0.4613492545,4121.0,796.0
0.828468409639214,0.656234355,0.493686653,0.468329019,4121.0,796.0
0.8304342825940467,0.5594779,0.444951008,0.46464544,4121.0,796.0
0.830987558930638,0.418676148,0.387842669,0.469009131,4121.0,796.0
0.8286222744012651,0.264264671,0.330946093,0.457773898,4121.0,796.0
0.7931913294795088,0.02854918266666667,0.296750067,0.4141069063333333,4121.0,796.0
0.6585914743548408,0.0,0.24255577,0.26247402350000004,4121.0,796.0
0.6112261064669756,0.0,0.24798534933333335,0.25555207,4121.0,796.0
0.6287794262888101,0.0,0.23252774099999998,0.32961699266666666,4121.0,796.0
0.6537141344389095,0.011118773,0.277005443,0.343034905,4121.0,796.0
0.685658632994226,0.158243975,0.279464733,0.332108187,4121.0,796.0
0.7173186736394379,0.315621937,0.27156268,0.318501261,4121.0,796.0
0.7163306334002073,0.449071835,0.273654918,0.298256859,4121.0,796.0
0.7109985433334302,0.6462492056666667,0.287654306,0.21320425499999998,4121.0,796.0
0.7091138091811175,0.661637348,0.2646784305,0.165761564,4121.0,796.0
0.7162651261491044,0.578538902,0.23467509,0.164685208,4121.0,796.0
0.7247964264528756,0.458776112,0.215002222,0.140287595,4121.0,796.0
0.7265466265071653,0.316282366,0.189884103,0.12963335,4121.0,796.0
0.727216401906576,0.183475112,0.179451969,0.111024512,4121.0,796.0
0.7212644980406603,0.018408478333333336,0.18901654666666667,0.12613089933333335,4121.0,796.0
0.6585914743548408,0.0,0.139484248,0.252111475,4121.0,796.0
0.6122947080418317,0.0,0.1477668335,0.2858564805,4121.0,796.0
0.6350231237258372,0.0,0.146288869,0.1732767705,4121.0,796.0
0.6527396732062635,0.012313946,0.13966466,0.124514356,4121.0,796.0
0.6834962850671161,0.159972216,0.130202716,0.104749203,4121.0,796.0
0.7112855921763156,0.30342597,0.099561049,0.081790914,4121.0,796.0
0.7108745213230436,0.5008709145,0.10268322399999999,0.07469242000000001,4121.0,796.0
0.7067665598493823,0.6976163673333334,0.14347842133333336,0.125863654,4121.0,796.0
0.7096736643439252,0.644746621,0.15872473050000002,0.225228012,4121.0,796.0
0.7221080540892748,0.484140969,0.142799608,0.225320732,4121.0,796.0
0.7238226675854397,0.365482922,0.135909468,0.198382178,4121.0,796.0
0.7243457891614611,0.223629795,0.136787834,0.177215911,4121.0,796.0
0.7174389030022227,0.027706936666666668,0.16751611366666666,0.1602542863333333,4121.0,796.0
0.665551623127964,0.0,0.16046125233333333,0.117016191,4121.0,796.0
0.6377298746999145,0.0,0.14619842049999998,0.11920399400000001,4121.0,796.0
0.6766777487844213,0.0,0.1345366725,0.14181254999999998,4121.0,796.0
0.7775966248115965,0.004128344,0.1406814075,0.1648191885,4121.0,796.0
0.8266563078843693,0.109571242,0.13415105,0.114867542,4121.0,796.0
0.8331598335327529,0.249411601,0.098294059,0.103354801,4121.0,796.0
0.8318593344995098,0.409893058,0.092772281,0.123328614,4121.0,796.0
0.8288325468540417,0.650229669,0.10595709733333332,0.14908389266666666,4121.0,796.0
0.8274344347314841,0.717451216,0.1660512765,0.301174624,4121.0,796.0
0.8294393122647779,0.57261831,0.19599989099999998,0.401178488,4121.0,796.0
0.8296963309882214,0.374091919,0.216731654,0.43121078,4121.0,796.0
0.8234024847455788,0.158059111,0.24955265249999997,0.43209335849999997,4121.0,796.0
0.7759500236258017,0.0,0.29567563750000003,0.3956587185,4121.0,796.0
0.6542480254632144,0.0,0.25131134920000003,0.3340772194,4121.0,796.0
0.6764591493080249,0.0,0.23259239050000002,0.328288118,4121.0,796.0
0.7764645059797911,0.0077958335,0.23893933950000001,0.297004125,4121.0,796.0
0.8244851570016171,0.194188235,0.218129429,0.308735206,4121.0,796.0
0.831132339807206,0.481558514,0.178702657,0.3093194575,4121.0,796.0
0.8287786443038002,0.846747046,0.18266607349999997,0.29474966725,4121.0,796.0
0.8285754500809952,0.7961728455,0.177840981,0.339100104,4121.0,796.0
0.830508124584391,0.5168463335,0.173363662,0.317822804,4121.0,796.0
0.8238285861981043,0.1734867745,0.177728056,0.2431805255,4121.0,796.0
0.7763346152781647,0.0,0.1742640375,0.24976376,4121.0,796.0
0.6769168571950064,0.0,0.15399754049999997,0.21981224900000002,4121.0,796.0
0.6394559836329111,0.0,0.149609579,0.23337023166666668,4121.0,796.0
0.6766777487844213,0.0,0.13518509,0.22714896299999998,4121.0,796.0
0.7780442185745785,0.009734523,0.12873613150000002,0.2682079435,4121.0,796.0
0.8266464747714275,0.180196391,0.119400467,0.297886003,4121.0,796.0
0.8317015364760385,0.4299082625,0.0920629225,0.27686618350000003,4121.0,796.0
0.8295022442038493,0.6945930805,0.10072455,0.28125617199999997,4121.0,796.0
0.8280129025723602,0.7834148525,0.178703742,0.37399024449999996,4121.0,796.0
0.8277965740876386,0.726638288,0.236049406,0.425223322,4121.0,796.0
0.8297918058757681,0.5653857314999999,0.28776580900000004,0.4257029205,4121.0,796.0
0.8298208838604414,0.348032599,0.315964754,0.360857798,4121.0,796.0
0.8237837752489674,0.150764567,0.318318083,0.325734279,4121.0,796.0
0.7764391740511947,0.0,0.325215486,0.268228692,4121.0,796.0
0.6543804728294331,0.0,0.24210354120000002,0.2484365346,4121.0,796.0
0.6766777487844213,0.0,0.2445636235,0.27172107999999995,4121.0,796.0
0.7775966248115965,0.009261775,0.226796858,0.258926019,4121.0,796.0
0.8273558634712292,0.201172331,0.184010702,0.238287611,4121.0,796.0
0.8333188022190524,0.473653447,0.14393822150000002,0.2173455875,4121.0,796.0
0.829360975153332,0.78492755,0.10348658399999999,0.185710233,4121.0,796.0
0.8276616263240126,0.9225865065000001,0.0935661975,0.29047931,4121.0,796.0
0.8279095143809415,0.836440949,0.101908005,0.4521989285,4121.0,796.0
0.8306032248175999,0.631979752,0.117887984,0.512430503,4121.0,796.0
0.8299461857164688,0.46737283,0.133025539,0.498544819,4121.0,796.0
0.8268348022098067,0.299646262,0.152938663,0.455593157,4121.0,796.0
0.823151600022466,0.134543931,0.178734072,0.398158919,4121.0,796.0
0.7772980728974749,0.0,0.179599189,0.3193540105,4121.0,796.0
0.6769205328358847,0.0,0.1966724765,0.1783373345,4121.0,796.0
0.6435991647665893,0.0,0.20821895825,0.24369175275,4121.0,796.0
0.7272126090694675,0.0,0.187091798,0.3830687345,4121.0,796.0
0.8015565907450646,0.023441374,0.164448947,0.425817868,4121.0,796.0
0.8283464791037084,0.207185936,0.135233109,0.43723904,4121.0,796.0
0.8348355828747684,0.383911457,0.123345212,0.470112608,4121.0,796.0
0.8324325579106086,0.552202081,0.130574205,0.481064436,4121.0,796.0
0.8295215826105714,0.758991768,0.15549948233333333,0.46078325233333334,4121.0,796.0
0.8274746099727734,0.7627667595000001,0.21412852300000002,0.5406275524999999,4121.0,796.0
0.8307615847007522,0.5872278125,0.2607019305,0.5744167714999999,4121.0,796.0
0.8310376141471181,0.34851417549999997,0.268491656,0.5199836805,4121.0,796.0
0.8250175496684649,0.122642523,0.272840747,0.434050304,4121.0,796.0
0.7780262848712043,0.0,0.257527359,0.344519711,4121.0,796.0
0.6453745172462174,0.0,0.19196856633333334,0.22065445066666664,4121.0,796.0
0.6102271248808284,0.0,0.14838191633333334,0.18387271666666663,4121.0,796.0
0.6356264318883929,0.0,0.1379751375,0.163410034,4121.0,796.0
0.6549910808470973,0.018433322,0.123156343,0.14458527,4121.0,796.0
0.6903527258430765,0.181238322,0.102819694,0.126300136,4121.0,796.0
0.7262532720793552,0.39409044000000004,0.146357642,0.115466653,4121.0,796.0
0.7175867430009003,0.6060187960000001,0.194789296,0.09656846,4121.0,796.0
0.7140097617751174,0.7186027875000001,0.343924715,0.218113019,4121.0,796.0
0.7214764172507218,0.664854064,0.43470744299999997,0.355257219,4121.0,796.0
0.7429135815611863,0.47455941300000004,0.4198522735,0.38461655100000003,4121.0,796.0
0.7493266191312584,0.17954419500000002,0.31034865,0.33072365400000003,4121.0,796.0
0.7130722995195656,0.0,0.247847936,0.3085195056666667,4121.0,796.0
0.6193288143474085,0.0,0.2968421344,0.3028749574,4121.0,796.0
0.6382241289683388,0.0,0.37352118700000003,0.352911224,4121.0,796.0
0.6810956249003457,0.0729443355,0.413239449,0.422395409,4121.0,796.0
0.7475382105069979,0.3032127125,0.4954292255,0.46165032699999997,4121.0,796.0
0.7399318078263097,0.528020646,0.5385726515,0.4516926945,4121.0,796.0
0.7345638893640494,0.661902285,0.636411057,0.549763564,4121.0,796.0
0.7438888856645713,0.600892996,0.6926319304999999,0.5775570670000001,4121.0,796.0
0.7608590317661348,0.4157399035,0.6798286825,0.5755123504999999,4121.0,796.0
0.7659853600678417,0.1769632065,0.5342561655,0.5195917725,4121.0,796.0
0.7398770233399192,0.0,0.367452877,0.47330353199999997,4121.0,796.0
0.6632843263693157,0.0,0.25969770125,0.50159014575,4121.0,796.0
0.6552549360172989,0.0,0.19381534,0.41486842,4121.0,796.0
0.7390348642248863,0.0,0.15339109750000002,0.372287686,4121.0,796.0
0.8281451345184259,0.033150069,0.128368131,0.346428421,4121.0,796.0
0.8590832375333339,0.24666488749999999,0.127744819,0.317226636,4121.0,796.0
0.8484045262584261,0.46236941049999997,0.1005629275,0.231431015,4121.0,796.0
0.8424139144187841,0.6012923025,0.1165745645,0.17494045,4121.0,796.0
0.8403878253424404,0.6544257005,0.1833868395,0.2263950635,4121.0,796.0
0.8464150538975066,0.507954392,0.22363160399999998,0.32376438399999996,4121.0,796.0
0.8545271827575734,0.328976985,0.23966443,0.369524358,4121.0,796.0
0.844607259895986,0.161326208,0.20910490199999998,0.35584396100000004,4121.0,796.0
0.7751033693896672,0.0,0.159196066,0.28470145550000003,4121.0,796.0
0.6659076129713277,0.0,0.11993319366666666,0.2540566713333334,3789.6666666666665,732.0
0.6593684304985187,0.0,0.13760136125,0.29544557175,3127.0,604.0
0.7767693324809894,0.018857312,0.13709566499999998,0.3050721855,3127.0,604.0
0.8449003803374212,0.224559172,0.117659481,0.274830201,3127.0,604.0
0.8469837354876895,0.48371147550000004,0.129842234,0.2371894265,3127.0,604.0
0.8371194867101184,0.7303220793333333,0.10178623966666667,0.13679553766666666,3127.0,604.0
0.8325536456565923,0.7756113935,0.1413163535,0.26053978,3127.0,604.0
0.8334731820597532,0.605685029,0.171504669,0.3055438965,3127.0,604.0
0.8360783008366542,0.408115275,0.187102618,0.292791396,3127.0,604.0
0.8307045526944196,0.193568644,0.185588509,0.25678899,3127.0,604.0
0.7698448793946591,0.0,0.1868134695,0.23092594449999998,3127.0,604.0
0.661865267999263,0.0,0.15808497249999998,0.2390110865,3127.0,604.0
0.6683870239422195,0.0,0.16115444166666668,0.27059593433333334,3127.0,604.0
0.7785388943595895,0.0209441025,0.15264189849999998,0.26259950249999997,3127.0,604.0
0.846434532755613,0.181150319,0.118954806,0.264087003,3127.0,604.0
0.8464197363051685,0.336331864,0.12747495,0.262125083,3127.0,604.0
0.8324163567297439,0.5374234505,0.1716377755,0.231330182,3127.0,604.0
0.8285989559250189,0.651530027,0.21600594350000002,0.22905047150000002,3127.0,604.0
0.8269672214424328,0.539469281,0.25258637100000003,0.3612332425,3127.0,604.0
0.827299486967858,0.396266097,0.273922363,0.450971178,3127.0,604.0
0.8283952232330483,0.23874774849999997,0.283060463,0.4788004455,3127.0,604.0
0.8251710399386121,0.08769655900000001,0.265235926,0.503353977,3127.0,604.0
0.7717441915505736,0.0,0.274411611,0.456897381,3127.0,604.0
0.6621272345612851,0.0,0.27875714133333335,0.37905848866666664,3127.0,604.0
0.6350971062217105,0.0,0.2916286595,0.363763822,3127.0,604.0
0.67044610856269,0.0,0.287118891,0.3648676195,3127.0,604.0
0.7630702876374122,0.0168441805,0.2851157415,0.361861595,3127.0,604.0
0.821156789588489,0.182826597,0.274122177,0.349546318,3127.0,604.0
0.8319461467745087,0.338116986,0.295714325,0.360222476,3127.0,604.0
0.8292917687896181,0.488753494,0.329724718,0.361306546,3127.0,604.0
0.8281179451013235,0.661392121,0.316444268,0.301353265,3127.0,604.0
0.8269532677815103,0.6678962195,0.385723605,0.4420337165,3127.0,604.0
0.8280340671719444,0.5200007625,0.44038973449999996,0.5259181605000001,3127.0,604.0
0.8284686906502717,0.374982872,0.46579073,0.563986734,3127.0,604.0
0.8250415238101068,0.191435848,0.459625906,0.5227036814999999,3127.0,604.0
0.7720444291249562,0.0006420425,0.48310453350000004,0.4710819515,3127.0,604.0
0.6552819302562489,0.0,0.450163586,0.45250094075,3127.0,604.0
0.6597332623223263,0.0,0.43388488966666666,0.39101325766666667,3127.0,604.0
0.7676949634454724,0.017835866,0.42807048000000003,0.3326709485,3127.0,604.0
0.8334568402921425,0.3115598555,0.378005834,0.2961299375,3127.0,604.0
0.8331573986450332,0.564994125,0.355272877,0.266844818,3127.0,604.0
0.8282437776838227,0.7950843603333334,0.290676712,0.22780283866666665,3127.0,604.0
0.8269466187837469,0.828661132,0.275928919,0.344145876,3127.0,604.0
0.8278538402427804,0.6179503150000001,0.2667369835,0.4190150715,3127.0,604.0
0.828002975734921,0.405615735,0.273395396,0.427403134,3127.0,604.0
0.822644117767628,0.2051028095,0.27299651049999996,0.4213612705,3127.0,604.0
0.7726497976021106,0.0007726315,0.28568017450000005,0.36383182000000003,3127.0,604.0
0.6555186974630032,0.0,0.2358027835,0.247932648,3127.0,604.0
0.6118171325837313,0.0,0.17500880860000004,0.22613084299999997,3127.0,604.0
0.6377032082124452,0.0225237235,0.138957453,0.216158825,3127.0,604.0
0.6773655748397851,0.239042124,0.108266241,0.20237942,3127.0,604.0
0.7064475612404191,0.43199553,0.083947873,0.190020292,3127.0,604.0
0.708449301520783,0.6827116129999999,0.0731238595,0.18570692,3127.0,604.0
0.7077169222180414,0.845485584,0.07682923650000001,0.2465600215,3127.0,604.0
0.7067457853624515,0.7838305919999999,0.08911282400000001,0.306407572,3127.0,604.0
0.7171338111648606,0.5643953435,0.0922556915,0.30697987849999997,3127.0,604.0
0.7226964019053415,0.358137133,0.109205379,0.301387945,3127.0,604.0
0.7223820233022589,0.1811187865,0.137527507,0.285031822,3127.0,604.0
0.6830551062749142,0.00043716925,0.154418744,0.279477086,3127.0,604.0
0.6080295807248258,0.0,0.12357029599999998,0.25622952833333335,3127.0,604.0
0.6170530907385339,0.0,0.11097453900000001,0.200875474,3127.0,604.0
0.6356751994082486,0.028907511,0.108621951,0.193420572,3127.0,604.0
0.672339965611751,0.243714186,0.085355883,0.203235862,3127.0,604.0
0.7016498461325579,0.429333506,0.054081661,0.195092265,3127.0,604.0
0.7083217520635962,0.681223787,0.059876860500000004,0.196734701,3127.0,604.0
0.7076528820449951,0.822586259,0.07796810633333333,0.2527690773333333,3127.0,604.0
0.7107903545316234,0.6961804684999999,0.08424290949999999,0.31342685400000003,3127.0,604.0
0.721396277282785,0.50178284,0.083391909,0.298848789,3127.0,604.0
0.722055002125394,0.372277826,0.089881435,0.27658083,3127.0,604.0
0.7224788325862443,0.16934578849999998,0.0910200175,0.2363647395,3127.0,604.0
0.7102946018894986,0.0008730295,0.09222865,0.1825961965,3127.0,604.0
0.6731894761709746,0.0,0.0578667095,0.1201746605,3127.0,604.0
0.6354010429087041,0.0,0.05860945766666666,0.10660485766666666,3127.0,604.0
0.6666819002273748,0.0,0.054041950500000005,0.0835148685,3127.0,604.0
0.7320284451672634,0.0,0.046371416,0.083203811,3127.0,604.0
0.7844248773358714,0.048314644,0.043856819,0.087672676,3127.0,604.0
0.8173847146491164,0.219389431,0.036739819,0.079632839,3127.0,604.0
0.828134458534745,0.40471545,0.020916148,0.074554697,3127.0,604.0
0.828557984594022,0.647221292,0.025435685,0.08122325799999999,3127.0,604.0
0.8288387901725469,0.8237421885,0.03871793,0.099231524,3127.0,604.0
0.8288002537292698,0.7768605035,0.05160123,0.1841445855,3127.0,604.0
0.8294586506985724,0.5645402865,0.0601894795,0.21292400449999999,3127.0,604.0
0.8284346961091276,0.364995672,0.0788869,0.178481822,3127.0,604.0
0.8228253279918427,0.1630905705,0.08899265849999999,0.0928372705,3127.0,604.0
0.7724373088167462,0.0008596165,0.091342797,0.0606340335,3127.0,604.0
0.6615072023423765,0.0,0.08314373566666666,0.09152440299999999,3127.0,604.0
0.6336741848023935,0.0,0.071053587,0.1693177575,3127.0,604.0
0.6676214772671061,0.0,0.058478880999999996,0.159921541,3127.0,604.0
0.7323061134928585,0.0,0.0554154,0.167790315,3127.0,604.0
0.7851772506565861,0.057422589,0.054615477,0.19259904,3127.0,604.0
0.8180913876125748,0.203160142,0.045352232,0.215151998,3127.0,604.0
0.8283589343909303,0.369198495,0.043726515,0.224016803,3127.0,604.0
0.8282603222504539,0.541979427,0.057861193,0.225819589,3127.0,604.0
0.8285938520819875,0.7355359735,0.0692503825,0.284629168,3127.0,604.0
0.8280699814409415,0.7797593995000001,0.1305002625,0.432164165,3127.0,604.0
0.8275094473034397,0.6452017990000001,0.1856370135,0.397203349,3127.0,604.0
0.828880932085155,0.467074331,0.22572873,0.376166639,3127.0,604.0
0.8279836840821581,0.343145441,0.247877896,0.388574892,3127.0,604.0
0.8227633325667905,0.164025546,0.237063861,0.35630280550000004,3127.0,604.0
0.7725988761243758,0.0009679165,0.225135375,0.27814422250000004,3127.0,604.0
0.6727637727633028,0.0,0.14823967300000002,0.204064736,3127.0,604.0
0.6388578144262329,0.0,0.132058855,0.21050751175,3127.0,604.0
0.7089455224605259,0.0,0.130254635,0.217117534,3127.0,604.0
0.78510205079807,0.062446722,0.125375982,0.208098317,3127.0,604.0
0.8176438406306245,0.205115844,0.105847797,0.205900205,3127.0,604.0
0.8283589343909303,0.357906231,0.092415526,0.193529111,3127.0,604.0
0.8283098156072526,0.576933369,0.09105128800000001,0.160675884,3127.0,604.0
0.8279153206704001,0.7356213309999999,0.1449099815,0.2260513185,3127.0,604.0
0.8274519469994888,0.7302886005,0.230308265,0.3460964065,3127.0,604.0
0.8276574122139689,0.611381299,0.296985646,0.37745181,3127.0,604.0
0.8290423823589886,0.502148523,0.327576949,0.391121998,3127.0,604.0
0.8281142304491799,0.351765894,0.351740682,0.386505265,3127.0,604.0
0.8227385624978754,0.1399614495,0.364550973,0.376131448,3127.0,604.0
0.7725905413851344,0.000892488,0.35611967099999997,0.395206613,3127.0,604.0
0.6616477378132569,0.0,0.26943840933333335,0.4830163436666666,3127.0,604.0
0.6335081223736624,0.0,0.27956455199999997,0.5176127255,3127.0,604.0
0.6666516048800588,0.0,0.2658493495,0.4475025125,3127.0,604.0
0.7312823461899741,0.0,0.252665956,0.380902467,3127.0,604.0
0.7843642866412394,0.029464658,0.236425243,0.349760004,3127.0,604.0
0.8180913876125748,0.136935989,0.21777513,0.320543358,3127.0,604.0
0.8285440777953481,0.371048547,0.21348255849999997,0.280012021,3127.0,604.0
0.8280260445228257,0.6718895850000001,0.133102927,0.24383544999999998,3127.0,604.0
0.8272110358136298,0.7316409975,0.127291147,0.3201672975,3127.0,604.0
0.8284020127363405,0.6134022029999999,0.11847743699999999,0.4124347565,3127.0,604.0
0.8284346961091276,0.454012096,0.120248148,0.446551819,3127.0,604.0
0.8229468370919789,0.240041971,0.1272298505,0.4313584235,3127.0,604.0
0.7722540148874169,0.001500466,0.1427226885,0.400693418,3127.0,604.0
0.6727012388690851,0.0,0.087216053,0.282139566,3127.0,604.0
0.6356158417511536,0.0,0.070567531,0.23312811433333333,3127.0,604.0
0.6683826770964132,0.0,0.07243714300000001,0.2171097735,3127.0,604.0
0.7338074889762002,0.0,0.073984308,0.192890142,3127.0,604.0
0.7868041154449498,0.074239238,0.075345712,0.201477534,3127.0,604.0
0.8192110511571583,0.215492452,0.067629295,0.24695124,3127.0,604.0
0.8288176255729627,0.44731575,0.072498866,0.2626948305,3127.0,604.0
0.8282244548978501,0.7161898063333334,0.153213114,0.300985803,3127.0,604.0
0.8276082465680425,0.7382136045000001,0.2005850615,0.3806539635,3127.0,604.0
0.8284450911629678,0.594253964,0.2054319385,0.37275610800000003,3127.0,604.0
0.8284346961091276,0.416923809,0.214403674,0.335785038,3127.0,604.0
0.8227839353066934,0.2090127015,0.213022656,0.2630644815,3127.0,604.0
0.7724373088167462,0.0011270555,0.21994727050000001,0.2529460925,3127.0,604.0
0.6424604358806049,0.0,0.18092995833333333,0.25124917966666666,3127.0,604.0
0.6040834286127315,0.0,0.177681879,0.29652675,3127.0,604.0
0.6170530907385339,0.0,0.2112016295,0.350405094,3127.0,604.0
0.6354474458748216,0.030177301,0.2401362515,0.47464233349999996,3127.0,604.0
0.6727235037975161,0.177612168,0.232911893,0.543680427,3127.0,604.0
0.7076929012141508,0.39427374699999995,0.2971830975,0.5834068325,3127.0,604.0
0.7082899584237968,0.6059163545,0.37330098,0.5951795129999999,3127.0,604.0
0.7071125838981862,0.703985717,0.4762832675,0.7148683650000001,3127.0,604.0
0.7105490921631592,0.6926406025,0.5770772534999999,0.7775612110000001,3127.0,604.0
0.7210081504950724,0.571620144,0.625887725,0.791988928,3127.0,604.0
0.7266137492469817,0.38110664650000003,0.6250575145,0.753435656,3127.0,604.0
0.723283266806023,0.05065384966666667,0.5741133636666667,0.7663970746666666,3127.0,604.0
0.6282722999813117,0.0,0.41701282200000006,0.7423619285999999,3127.0,604.0
0.6213244534553808,0.0,0.3423014895,0.705292503,3127.0,604.0
0.6436961613777438,0.046901543,0.312901344,0.6571514844999999,3127.0,604.0
0.6887531597358449,0.262867509,0.274589239,0.632100175,3127.0,604.0
0.7280754411771678,0.448089791,0.318935528,0.612119189,3127.0,604.0
0.7256164610637892,0.670260619,0.32935747400000004,0.544450147,3127.0,604.0
0.7116436109844897,0.8056876833333333,0.34850745366666674,0.513659526,3127.0,604.0
0.7106186028472298,0.7049168215,0.4134576055,0.6065883675,3127.0,604.0
0.7218428409696847,0.4559527515,0.44854099049999996,0.654548275,3127.0,604.0
0.727047553326303,0.188066868,0.390851768,0.6580518639999999,3127.0,604.0
0.7209102875820546,0.001191626,0.32637738149999995,0.634907439,3127.0,604.0
0.6734655758701048,0.0,0.24525069900000002,0.4768165405,3127.0,604.0
0.6372417388110714,0.0,0.23900330666666667,0.426465925,3127.0,604.0
0.6704305862753026,0.0,0.24455758049999998,0.44133149699999996,3127.0,604.0
0.7371983670554644,0.0,0.248049488,0.442165134,3127.0,604.0
0.7904293491119386,0.06642811,0.23802085,0.425144611,3127.0,604.0
0.8247297673813042,0.191281543,0.219551863,0.396666648,3127.0,604.0
0.8336715298164177,0.328210595,0.252528457,0.377707634,3127.0,604.0
0.8290272581164551,0.499211286,0.25675614550000003,0.337039068,3127.0,604.0
0.8279019287879419,0.600706501,0.29685767949999997,0.27969962449999997,3127.0,604.0
0.8269619770938726,0.5635538605,0.378279457,0.332428968,3127.0,604.0
0.8279007582875477,0.418722903,0.41343251150000004,0.3989451045,3127.0,604.0
0.8280689980646736,0.315217917,0.417858827,0.38486385,3127.0,604.0
0.8235433323607265,0.1943968835,0.378365811,0.362675124,3127.0,604.0
0.7725428741941255,0.0022312825,0.3663721025,0.394999386,3127.0,604.0
0.6621292323928857,0.0,0.316239649,0.36007745366666666,3127.0,604.0
0.6347096113840094,0.0,0.3039399545,0.3418497925,3127.0,604.0
0.6706673535226654,0.0,0.29891038950000004,0.32709106099999996,3127.0,604.0
0.7390794878874626,0.0,0.287828698,0.297881825,3127.0,604.0
0.7915680234606614,0.091368421,0.264230895,0.285242992,3127.0,604.0
0.8241508313240271,0.271081449,0.219927034,0.273568732,3127.0,604.0
0.8307079240149413,0.5404992175000001,0.18579011150000002,0.25657394450000004,3127.0,604.0
0.8283620559960383,0.8357217363333334,0.162766927,0.20291659933333336,3127.0,604.0
0.8286855809134575,0.8314786869999999,0.20166157099999998,0.31730305400000003,3127.0,604.0
0.8300033113660817,0.701710794,0.229603466,0.374071453,3127.0,604.0
0.8309210684657015,0.572571352,0.244732583,0.397915896,3127.0,604.0
0.8290559613655732,0.448792845,0.261839861,0.408251561,3127.0,604.0
0.823302702104708,0.24005228150000002,0.27049604000000005,0.40841023249999997,3127.0,604.0
0.7723387904007669,0.0023552575,0.3030103465,0.37122210899999997,3127.0,604.0
0.6616064074757441,0.0,0.27400684766666666,0.27798407,3127.0,604.0
0.63367711129703,0.0,0.26963997500000003,0.237842579,3127.0,604.0
0.6682019351698166,0.0,0.256975656,0.2318214215,3127.0,604.0
0.7339684711148499,0.0,0.24929242,0.233394357,3127.0,604.0
0.7864761578352827,0.09654291,0.2393994,0.233046746,3127.0,604.0
0.8180913876125748,0.264693866,0.191578356,0.226797938,3127.0,604.0
0.8281703259414934,0.5368403845,0.1593818555,0.204256835,3127.0,604.0
0.8294185691005631,0.8136436444999999,0.1238081905,0.197028116,3127.0,604.0
0.8303702268543955,0.9046831545,0.137692801,0.24313666499999997,3127.0,604.0
0.8302426773972087,0.781253728,0.154295688,0.316667366,3127.0,604.0
0.8315471097730892,0.5373092555000001,0.182749453,0.38721474450000004,3127.0,604.0
0.824546965140109,0.2490389985,0.23496366500000002,0.46680527699999996,3127.0,604.0
0.773756654676867,0.002670838,0.2906003685,0.43283194950000003,3127.0,604.0
0.6878822270377122,0.0,0.268180106,0.333494424,3127.0,604.0
0.6413238531962694,0.0,0.24271076,0.30817916074999996,3127.0,604.0
0.6669960212099155,0.0,0.18741302399999998,0.2625119005,3127.0,604.0
0.7322916448345035,0.0,0.161598724,0.231178702,3127.0,604.0
0.800643516215541,0.17563072300000002,0.126291307,0.20580046400000002,3127.0,604.0
0.8282215518208017,0.43948519,0.091763739,0.168086328,3127.0,604.0
0.8282689379195358,0.604776999,0.100329344,0.157225795,3127.0,604.0
0.8301739392769681,0.803065577,0.08842911233333332,0.18363649766666668,3127.0,604.0
0.8294192246035246,0.7938298425,0.1081030145,0.2880424365,3127.0,604.0
0.8302313927728151,0.5660969659999999,0.141932062,0.35203487749999995,3127.0,604.0
0.8291664669335904,0.394150684,0.186545882,0.370664675,3127.0,604.0
0.8233473256860674,0.1792299785,0.2074351605,0.3740655785,3127.0,604.0
0.77252568971821,0.002504404,0.2206433655,0.3395518905,3127.0,604.0
0.6616120576389242,0.0,0.16185713733333332,0.229209533,3127.0,604.0
0.6335456754406716,0.0,0.1256515225,0.2172948535,3127.0,604.0
0.6670598895817892,0.0,0.12365366950000001,0.213320441,3127.0,604.0
0.7322209869593376,0.0,0.116168903,0.195518935,3127.0,604.0
0.7843196161164142,0.072169204,0.106524009,0.191457642,3127.0,604.0
0.8171625801185876,0.197849916,0.077860273,0.177259955,3127.0,604.0
0.828134458534745,0.358444484,0.079136106,0.164129624,3127.0,604.0
0.8282336324536858,0.5642065115,0.081685182,0.1477612685,3127.0,604.0
0.828009843341961,0.7113622363333333,0.10114256133333333,0.2457317153333333,3127.0,604.0
0.8275055609042681,0.6179941435,0.1082384255,0.356429516,3127.0,604.0
0.8289990230025208,0.469776212,0.107610129,0.416149322,3127.0,604.0
0.8279794698908972,0.342284125,0.100105399,0.428165481,3127.0,604.0
0.8226797042445357,0.152791351,0.090392689,0.400713877,3127.0,604.0
0.7723509881486641,0.0024420935,0.1042232965,0.35121987450000003,3127.0,604.0
0.642393695591965,0.0,0.08193809933333333,0.27602712933333334,3127.0,604.0
0.6040834286127315,0.0,0.074161289,0.231997122,3127.0,604.0
0.6170530907385339,0.0,0.074564932,0.21825383650000002,3127.0,604.0
0.6298642992566866,0.0,0.075371447,0.201306215,3127.0,604.0
0.6396723588445195,0.09169178,0.075669975,0.193415173,3127.0,604.0
0.6676773856352933,0.242869522,0.05279319,0.18145464,3127.0,604.0
0.7015693082009843,0.429489982,0.041140895,0.163573055,3127.0,604.0
0.7079602448198872,0.670250845,0.0494919485,0.147779102,3127.0,604.0
0.7086497566167291,0.8047743305,0.06700626100000001,0.184176513,3127.0,604.0
0.7072983828055657,0.7377588925,0.082782168,0.2524626045,3127.0,604.0
0.7171428014882807,0.572916243,0.0852089865,0.2733393275,3127.0,604.0
0.7228141650306179,0.41134082,0.100635625,0.2681405,3127.0,604.0
0.7224386573449548,0.1894931285,0.114031313,0.230281847,3127.0,604.0
0.7103555437667356,0.00306435,0.123295022,0.2118039145,3127.0,604.0
0.6560240725409936,0.0,0.101742982,0.1447853005,3127.0,604.0
0.6089705079577158,0.0,0.06652728299999999,0.127604253,3127.0,604.0
0.6257532163132793,0.0,0.057439422500000004,0.12111934399999999,3127.0,604.0
0.6392069249402264,0.089374917,0.051512496,0.117181906,3127.0,604.0
0.6676773856352933,0.225593657,0.03324147,0.120874111,3127.0,604.0
0.7016151024451719,0.399368926,0.026875105,0.127441744,3127.0,604.0
0.7082568536156403,0.5952422934999999,0.030742428000000002,0.1337605795,3127.0,604.0
0.7078950887513895,0.7265423314999999,0.0371878485,0.20245380200000002,3127.0,604.0
0.7068890678653188,0.7049995225000001,0.052589295499999994,0.29880656,3127.0,604.0
0.7172613607032645,0.5542941050000001,0.064473365,0.36570180399999996,3127.0,604.0
0.722611790288036,0.344402414,0.075649837,0.3596705,3127.0,604.0
0.7221973714235408,0.1689802165,0.08437686999999999,0.31658648899999997,3127.0,604.0
0.7111465940362564,0.003242527,0.09538020250000001,0.2811503785,3127.0,604.0
0.6615047518609797,0.0,0.06379610466666667,0.22014537133333334,3127.0,604.0
0.6336095438125453,0.0,0.044403595000000004,0.15011393299999998,3127.0,604.0
0.6676214772671061,0.0,0.035319858999999995,0.1385152855,3127.0,604.0
0.7323830458738841,0.0,0.029335351,0.12902732,3127.0,604.0
0.7844133584814516,0.086924279,0.026435612,0.112674968,3127.0,604.0
0.8172286024483402,0.219371545,0.017562185,0.097863431,3127.0,604.0
0.8282188359220243,0.4703855865,0.019393202,0.0882500625,3127.0,604.0
0.828287917482176,0.7336197343333333,0.04191002566666666,0.10612394366666666,3127.0,604.0
0.8274654323627932,0.6813893025,0.0682750055,0.1961303255,3127.0,604.0
0.8283180099221821,0.512106124,0.0866927725,0.241818812,3127.0,604.0
0.8279794698908972,0.35498236,0.097796884,0.231496402,3127.0,604.0
0.8226900524361274,0.178865665,0.08224335099999999,0.158742324,3127.0,604.0
0.7439484540258148,0.0023743986666666665,0.06382053366666667,0.07531176433333334,3127.0,604.0
0.6487648020889394,0.0,0.0480273395,0.0402291655,3127.0,604.0
0.6336095438125453,0.0,0.044007385,0.034674635499999995,3127.0,604.0
0.6674167612800849,0.0,0.0341353105,0.031102243,3127.0,604.0
0.7323830458738841,0.0,0.027231426,0.026851496,3127.0,604.0
0.7853460055935787,0.092675084,0.02478542,0.0259272,3127.0,604.0
0.817311013245518,0.239898954,0.017356403,0.022956937,3127.0,604.0
0.8281945809317589,0.409605229,0.015537712,0.021094318,3127.0,604.0
0.8282186954164954,0.641271353,0.0174250515,0.031887851,3127.0,604.0
0.8283543455453316,0.7802047089999999,0.031636984,0.0817790025,3127.0,604.0
0.8274232436691535,0.7195435800000001,0.047572232500000006,0.212358016,3127.0,604.0
0.8284057118489516,0.576193374,0.051930181,0.238645099,3127.0,604.0
0.828588280022555,0.373347926,0.05818233,0.225757841,3127.0,604.0
0.82340112679619,0.20384179600000002,0.06827909500000001,0.19682243249999998,3127.0,604.0
0.7724495533456749,0.0038975015,0.0807774855,0.1832005025,3127.0,604.0
0.6729550033058027,0.0,0.058265868,0.127257861,3127.0,604.0
0.6354010429087041,0.0,0.047784315333333334,0.10520221833333332,3127.0,604.0
0.6668144130220641,0.0,0.038015029500000005,0.104507477,3127.0,604.0
0.7320284451672634,0.0,0.034983079,0.083143273,3127.0,604.0
0.7840220007163119,0.08330979,0.034115888,0.076274457,3127.0,604.0
0.8169189061717025,0.202718239,0.022712781,0.084879705,3127.0,604.0
0.8282219263939226,0.33967192,0.016246558,0.087376648,3127.0,604.0
0.8292129165995226,0.529883145,0.027267486,0.1129066755,3127.0,604.0
0.8310470258246905,0.6329649900000001,0.0589905525,0.197535381,3127.0,604.0
0.829916592734363,0.556395082,0.07156072299999999,0.30652809999999997,3127.0,604.0
0.830771558319223,0.42032965450000004,0.08146741199999999,0.3247728765,3127.0,604.0
0.8299188402543052,0.254110817,0.090944828,0.371289388,3127.0,604.0
0.8234415362675056,0.1037089225,0.084669838,0.3737404755,3127.0,604.0
0.7732373961907184,0.0030182635,0.07629715749999999,0.273706873,3127.0,604.0
0.6742209928816862,0.0,0.0553582475,0.104375527,3127.0,604.0
0.6389710005636027,0.0,0.07233266825,0.09298812699999999,3127.0,604.0
0.7077401001887588,0.0,0.081969335,0.0995360215,3127.0,604.0
0.8002691791114891,0.11605125,0.08250862,0.10311757199999999,3127.0,604.0
0.8282579810872315,0.306816413,0.079963474,0.108895297,3127.0,604.0
0.8284346493280961,0.50345605,0.10055272,0.098525795,3127.0,604.0
0.8289314086557874,0.6332747295000001,0.1462141545,0.1682286745,3127.0,604.0
0.8295800662366453,0.5756052365,0.21111842549999998,0.28553065899999996,3127.0,604.0
0.8305417912522288,0.43448617749999996,0.2688038265,0.2946609445,3127.0,604.0
0.8288740019951168,0.277668276,0.277807782,0.306990628,3127.0,604.0
0.8231070700031697,0.1423267885,0.2530254455,0.282776592,3127.0,604.0
0.77252568971821,0.0024522405,0.23036781,0.229744007,3127.0,604.0
0.6618718858232082,0.0,0.170407626,0.210225327,3127.0,604.0
0.6335081223736624,0.0,0.135463892,0.258232412,3127.0,604.0
0.6667578492321325,0.0,0.112372376,0.311098097,3127.0,604.0
0.7312217554953423,0.0,0.114013605,0.316014436,3127.0,604.0
0.7840220007163119,0.045708831,0.123294751,0.339243922,3127.0,604.0
0.8173847146491164,0.135914382,0.122964783,0.366093699,3127.0,604.0
0.8285440777953481,0.285583817,0.149821357,0.4006263885,3127.0,604.0
0.8280187086723124,0.46692256233333335,0.17464838366666666,0.295047224,3127.0,604.0
0.8272026542121396,0.508651525,0.189245286,0.34065086050000004,3127.0,604.0
0.8276574122139689,0.485392095,0.19207486,0.293599914,3127.0,604.0
0.8289722395624726,0.398561303,0.180756914,0.258321051,3127.0,604.0
0.8281142304491799,0.297387103,0.168313014,0.255373164,3127.0,604.0
0.8227793465423118,0.1610296695,0.147298278,0.2358733485,3127.0,604.0
0.7725010835453395,0.0027854835,0.1242540775,0.1758769015,3127.0,604.0
0.6557436884790553,0.0,0.08821189900000001,0.138905323,3127.0,604.0
0.6105604516696903,0.0,0.0670552035,0.1873393005,3127.0,604.0
0.6073325224003945,0.0,0.0613290315,0.163860479,3127.0,604.0
0.6253876586931371,0.0,0.06311820400000001,0.12620527199999998,3127.0,604.0
0.638631126135879,0.076739701,0.073929996,0.119956169,3127.0,604.0
0.6676773856352933,0.175009597,0.070926872,0.100169811,3127.0,604.0
0.7016498461325579,0.313021774,0.090867584,0.093593245,3127.0,604.0
0.7082595693519835,0.5121243735,0.089418636,0.102205519,3127.0,604.0
0.7078554285887497,0.632439514,0.1101401415,0.127719597,3127.0,604.0
0.707071776463234,0.5902752339999999,0.133580341,0.19387589249999998,3127.0,604.0
0.7133606125873426,0.507673662,0.130123799,0.235332345,3127.0,604.0
0.7205236122245768,0.399914817,0.120325645,0.213172858,3127.0,604.0
0.7229704646803886,0.339745753,0.102559111,0.19484722,3127.0,604.0
0.7222634406155422,0.1879383765,0.0942685845,0.1580827605,3127.0,604.0
0.7102868992627028,0.0044424085,0.084316206,0.142695616,3127.0,604.0
0.6426370728799704,0.0,0.061582348,0.16530205433333334,3127.0,604.0
0.6105103262410544,0.0,0.04256004925,0.11667450975,3127.0,604.0
0.6331642443505371,0.037243359,0.033911949999999996,0.1235167835,3127.0,604.0
0.6833228478036786,0.230333466,0.029765174999999998,0.12349364,3127.0,604.0
0.7084194276900535,0.4773819495,0.0424653265,0.1435475955,3127.0,604.0
0.7087596298286494,0.564202716,0.0686254555,0.2330778185,3127.0,604.0
0.7074984163849252,0.5412498215,0.124468234,0.32827998199999997,3127.0,604.0
0.7176768330343579,0.426105339,0.18561048800000002,0.34488399999999997,3127.0,604.0
0.7225543836273653,0.269750026,0.209215549,0.313037545,3127.0,604.0
0.7222773474954329,0.129399804,0.1817561305,0.26277914950000003,3127.0,604.0
0.6916325403102199,0.001886375,0.16549960575,0.1820290385,3127.0,604.0
0.6353760075306979,0.0,0.15135599266666666,0.1834427333333333,3127.0,604.0
0.6662555646260402,0.0,0.1397655305,0.17598807,3127.0,604.0
0.7306236215097994,0.0,0.12825633,0.142510142,3127.0,604.0
0.8003636002887865,0.0787248475,0.11993013899999999,0.1421931695,3127.0,604.0
0.8282338197402461,0.2577355155,0.10416431200000001,0.1370455605,3127.0,604.0
0.8280690917891709,0.41600545850000004,0.08471186550000001,0.1595444235,3127.0,604.0
0.8273960854935503,0.48160877550000003,0.12096377750000001,0.277707673,3127.0,604.0
0.8270136711895819,0.454954485,0.155829351,0.397039433,3127.0,604.0
0.828298624626139,0.3167513545,0.177404034,0.3613062665,3127.0,604.0
0.8226982466698399,0.143947142,0.1591590475,0.29976237250000004,3127.0,604.0
0.7724633197200369,0.003995211,0.140547126,0.25132526,3127.0,604.0
0.6616195026993227,0.0,0.10070233666666666,0.18186454666666665,3127.0,604.0
0.633470569225436,0.0,0.075112561,0.1767467185,3127.0,604.0
0.6664204096109115,0.0,0.059135714,0.167509993,3127.0,604.0
0.7309241400952398,0.0,0.048620519,0.155749657,3127.0,604.0
0.8002708179095014,0.09929083550000001,0.042080732999999995,0.130690199,3127.0,604.0
0.8281812359927664,0.30811282500000003,0.0464591595,0.11100272150000001,3127.0,604.0
0.8279858849022858,0.4815238555,0.0613631115,0.11943977250000001,3127.0,604.0
0.8274037178675815,0.5439376685,0.11449469200000001,0.290708244,3127.0,604.0
0.8270986573800081,0.5098254959999999,0.1695439135,0.34494875,3127.0,604.0
0.8282260468606861,0.35429493850000005,0.2012103405,0.35349141949999996,3127.0,604.0
0.8226492684729081,0.134539387,0.176541368,0.313863067,3127.0,604.0
0.7724108764780859,0.0039237565,0.1503537605,0.2476776665,3127.0,604.0
0.6615845717253763,0.0,0.11787816033333333,0.21891011966666665,3127.0,604.0
0.6335456754406716,0.0,0.1049014895,0.21225658549999998,3127.0,604.0
0.6666516048800588,0.0,0.0878692525,0.23235371999999999,3127.0,604.0
0.7312217554953423,0.0,0.083619159,0.228981786,3127.0,604.0
0.8005409708948613,0.1000708775,0.07342566950000001,0.205692985,3127.0,604.0
0.8283460576683388,0.295788775,0.06505635100000001,0.18662338299999998,3127.0,604.0
0.828053858174318,0.474025942,0.08772486266666668,0.21057196166666667,3127.0,604.0
0.8268672046527531,0.509691499,0.1756819655,0.34650353850000004,3127.0,604.0
0.827873178676575,0.38629752549999996,0.234912061,0.4040009055,3127.0,604.0
0.8279465992315498,0.259036323,0.249805364,0.406719523,3127.0,604.0
0.8226150867264205,0.1289299795,0.2158388305,0.3893795445,3127.0,604.0
0.7724248300577914,0.0040115125,0.1744330575,0.3407678985,3127.0,604.0
0.6728733651265996,0.0,0.143757423,0.278105727,3127.0,604.0
0.6362397838409666,0.0,0.13274087,0.300226286,3127.0,604.0
0.6410489944127319,0.0,0.10603093250000001,0.286874175,3127.0,604.0
0.7080983063647102,0.0,0.077623823,0.25123600700000004,3127.0,604.0
0.8005007487913232,0.1542699825,0.0530637185,0.1940060295,3127.0,604.0
0.828128465039943,0.4097716895,0.043345168,0.126168866,3127.0,604.0
0.8287493244817687,0.5500653413333333,0.06997471933333334,0.09641105866666667,3127.0,604.0
0.8277321906371153,0.5268630814999999,0.0974505815,0.1645277235,3127.0,604.0
0.8289335626136665,0.427370431,0.11350564499999999,0.27496617749999996,3127.0,604.0
0.828688858590699,0.311936358,0.123982109,0.293233772,3127.0,604.0
0.8234206057355133,0.1769836495,0.129858163,0.270960538,3127.0,604.0
0.7725012005791356,0.0056532615,0.12941964350000001,0.239631626,3127.0,604.0
0.6607373009704735,0.0,0.09545172866666668,0.19782676566666668,2613.6666666666665,504.6666666666667
0.6331222195529421,0.0,0.077102614,0.23075686950000002,1587.0,306.0
0.6636620582656221,0.0,0.070600628,0.2292334225,1587.0,306.0
0.7518763213905404,0.046490577,0.0639844125,0.2134047145,1587.0,306.0
0.8186809059290356,0.2785157805,0.053382991000000005,0.174389597,1587.0,306.0
0.8284373183646248,0.5499286705,0.081922618,0.15999751299999998,1587.0,306.0
0.8299799928898355,0.6921468664999999,0.131903346,0.220118013,1587.0,306.0
0.8296488980272385,0.681145385,0.17168064100000002,0.33998152849999996,1587.0,306.0
0.8301711298702723,0.521597281,0.21226271349999998,0.400399076,1587.0,306.0
0.8294028360548824,0.342466996,0.241916911,0.414565165,1587.0,306.0
0.821632056605724,0.174100064,0.23333939999999997,0.373259365,1587.0,306.0
0.7692503742689629,0.006903824,0.22520723199999998,0.30373566100000005,1587.0,306.0
0.6431010084376353,0.0,0.17078315,0.24962348833333334,1587.0,306.0
0.6053172732037763,0.0,0.1295640465,0.25446054500000004,1587.0,306.0
0.6164483544550422,0.0,0.11611603000000001,0.245179399,1587.0,306.0
0.6321124996354774,0.030352143,0.107456996,0.22097910399999998,1587.0,306.0
0.6844853555448631,0.2193873,0.09046789699999999,0.1925750635,1587.0,306.0
0.7123503072572468,0.4946264305,0.081384296,0.1748712395,1587.0,306.0
0.7129020462359449,0.6284868703333334,0.09656555433333334,0.15730559600000002,1587.0,306.0
0.7137749611178562,0.608244062,0.111523389,0.250696951,1587.0,306.0
0.7221122681993186,0.4723624875,0.1261995835,0.27225299950000004,1587.0,306.0
0.7261195886218376,0.314683737,0.141374328,0.248198284,1587.0,306.0
0.7250242034580354,0.1520274515,0.1339834865,0.2065896705,1587.0,306.0
0.7129447188208798,0.006636756,0.13925908399999998,0.175802691,1587.0,306.0
0.6431905053699126,0.0,0.13492745166666667,0.16711896466666665,1587.0,306.0
0.6055943562791744,0.0,0.113368235,0.160600175,1587.0,306.0
0.6164483544550422,0.0,0.1078181385,0.165416195,1587.0,306.0
0.6319444938447265,0.040947273,0.10089659200000001,0.1882681995,1587.0,306.0
0.6654170811518855,0.179074058,0.078351359,0.178284544,1587.0,306.0
0.7071101490104666,0.365618808,0.08731208800000001,0.1657736185,1587.0,306.0
0.7124138245277325,0.5654302585,0.1130938645,0.115795042,1587.0,306.0
0.711855163337052,0.5857355934999999,0.1756389555,0.21291164899999998,1587.0,306.0
0.7142947346826546,0.534561547,0.24643324049999998,0.28546130550000004,1587.0,306.0
0.7252360602121711,0.3997181745,0.3026112255,0.30615622,1587.0,306.0
0.7264730186656301,0.242411189,0.284249075,0.311646287,1587.0,306.0
0.7219133585017558,0.072426508,0.25504487200000003,0.30284289,1587.0,306.0
0.696571044516331,0.0,0.2101117615,0.2726263375,1587.0,306.0
0.6406846892816147,0.0,0.17890286824999999,0.2574301665,1587.0,306.0
0.6634798179653251,0.0,0.155090604,0.238242441,1587.0,306.0
0.7517804016771084,0.045302518,0.133598573,0.22394629100000002,1587.0,306.0
0.8121182880409376,0.189118317,0.13230424,0.219142238,1587.0,306.0
0.8254992785593369,0.36055096750000004,0.152093994,0.1805938515,1587.0,306.0
0.8270803022412645,0.482890583,0.198698832,0.1547393915,1587.0,306.0
0.826842262918027,0.536765592,0.28412611000000004,0.27103367966666664,1587.0,306.0
0.8264816998768865,0.45002719999999996,0.334305768,0.3398761605,1587.0,306.0
0.8261031251098411,0.298508651,0.344260041,0.361906993,1587.0,306.0
0.819435011934694,0.1455702685,0.3094360745,0.340607907,1587.0,306.0
0.7691099948702163,0.005889461,0.2606111455,0.308019888,1587.0,306.0
0.6497410520300632,0.0,0.20403097960000002,0.2858235524,1587.0,306.0
0.6633432781847184,0.0,0.162166586,0.310263962,1587.0,306.0
0.7513590061039777,0.0218942925,0.1292228395,0.2857700595,1587.0,306.0
0.8118783601501293,0.118718443,0.116979684,0.247223956,1587.0,306.0
0.8258377716471561,0.29464829,0.12621488749999998,0.24372499250000002,1587.0,306.0
0.827375763764705,0.44102076300000004,0.1276203875,0.1927484255,1587.0,306.0
0.8270933193881678,0.48460103099999996,0.19885906949999999,0.2425184265,1587.0,306.0
0.8259169984103725,0.425274186,0.2547592305,0.3195807935,1587.0,306.0
0.8260915595556066,0.2968736455,0.273102587,0.3698220625,1587.0,306.0
0.818825265370234,0.12147144300000001,0.23864635750000002,0.38989241100000005,1587.0,306.0
0.7686405340612229,0.005675916,0.19058973,0.343328638,1587.0,306.0
0.6714641632193961,0.0,0.1738153475,0.28816521549999996,1587.0,306.0
0.635021079031988,0.0,0.17134458900000002,0.277292735,1587.0,306.0
0.6631557467548295,0.0,0.14387235799999998,0.31169013599999995,1587.0,306.0
0.7239411332383604,0.0,0.130110736,0.304622977,1587.0,306.0
0.7952260810059661,0.093791335,0.119357981,0.28454982250000005,1587.0,306.0
0.8256866694836971,0.22918643,0.118379932,0.245744003,1587.0,306.0
0.8259152191068313,0.3469262635,0.1070355995,0.2326536355,1587.0,306.0
0.826486803801135,0.4784805445,0.12703817350000002,0.313602434,1587.0,306.0
0.8258441865773276,0.479259253,0.174458972,0.4223390645,1587.0,306.0
0.8261525716856082,0.3851228365,0.219383474,0.436491194,1587.0,306.0
0.826146109893188,0.249067358,0.225332594,0.41345424,1587.0,306.0
0.8204231458984219,0.153661403,0.19299405349999998,0.338812103,1587.0,306.0
0.7690891814532371,0.0086010575,0.1594145865,0.295978068,1587.0,306.0
0.6719828832363791,0.0,0.12284671350000001,0.20101593950000002,1587.0,306.0
0.635021079031988,0.0,0.10794817733333333,0.16724567833333334,1587.0,306.0
0.663449522618009,0.0,0.09462551599999999,0.114007175,1587.0,306.0
0.751238971905809,0.0398836805,0.08048864,0.1054521755,1587.0,306.0
0.8118783601501293,0.205909416,0.054225482,0.115114348,1587.0,306.0
0.8261184835011837,0.4086099005,0.0614065015,0.13134089,1587.0,306.0
0.8276012853718671,0.5902727963333333,0.12150453066666667,0.208961898,1587.0,306.0
0.8267020084040596,0.5232589965000001,0.168722624,0.33263605900000004,1587.0,306.0
0.8266145405448821,0.379521734,0.19172606949999998,0.3376119745,1587.0,306.0
0.8263452070397455,0.260880286,0.181785434,0.314116355,1587.0,306.0
0.8205850644698736,0.12244693849999999,0.1457732975,0.25713500850000004,1587.0,306.0
0.7690891814532371,0.002859986,0.10488512450000001,0.2101298345,1587.0,306.0
0.6724096870541147,0.0,0.083329831,0.1727786375,1587.0,306.0
0.6379534609043294,0.0,0.07186605674999999,0.16180118124999998,1587.0,306.0
0.7020238321352217,0.0,0.090147103,0.13864792199999998,1587.0,306.0
0.7951747614833776,0.078960849,0.106727729,0.169061392,1587.0,306.0
0.8252267609390218,0.205414269,0.118601769,0.168055189,1587.0,306.0
0.8267690608911117,0.347657172,0.139562244,0.1385312795,1587.0,306.0
0.8274992863984084,0.457440396,0.226917058,0.1149421725,1587.0,306.0
0.8266238585791743,0.4686113165,0.28259285700000003,0.1658186195,1587.0,306.0
0.8266145405448821,0.407749776,0.26495398400000003,0.196845116,1587.0,306.0
0.826146109893188,0.28851921,0.233687638,0.215195718,1587.0,306.0
0.8196010978351579,0.15452924,0.18875321350000002,0.216413321,1587.0,306.0
0.7691181891039289,0.0080232285,0.135755424,0.171558257,1587.0,306.0
0.6560268820018342,0.0,0.1028765615,0.32388373049999997,1587.0,306.0
0.6100086854426658,0.0,0.0735535575,0.28037940775000003,1587.0,306.0
0.6244083979378161,0.0,0.050728845,0.2369511655,1587.0,306.0
0.6516682387123702,0.12172880950000001,0.04915628,0.194139883,1587.0,306.0
0.7076717834768153,0.3425058835,0.0792967235,0.1547391475,1587.0,306.0
0.7127297950665787,0.5292909809999999,0.1377608715,0.17209384249999998,1587.0,306.0
0.712321791213472,0.5665629905,0.2293089385,0.3186837635,1587.0,306.0
0.7146452616223262,0.5075144925,0.249380554,0.3202589525,1587.0,306.0
0.7251249928656897,0.33739439299999996,0.2193312325,0.2678158115,1587.0,306.0
0.7255277523702361,0.1488228795,0.164145458,0.20899924749999998,1587.0,306.0
0.6846284624970367,0.004306082,0.13609863325,0.18128019499999998,1587.0,306.0
0.6095127571957022,0.0,0.11905020066666668,0.23673590766666666,1587.0,306.0
0.6200746261303137,0.0,0.097799829,0.2531002626666667,1587.0,306.0
0.6509875767334194,0.09864039050000001,0.0738698645,0.1925175145,1587.0,306.0
0.7070608195497126,0.283026004,0.08968345650000001,0.16973504350000002,1587.0,306.0
0.7125999668208783,0.40742745499999994,0.11301505899999999,0.2161572823333333,1587.0,306.0
0.7120493438459212,0.436627369,0.179111851,0.31701800950000003,1587.0,306.0
0.7209505096855927,0.3497726195,0.238009364,0.34180799549999996,1587.0,306.0
0.7258974539288746,0.259593505,0.254804314,0.324743524,1587.0,306.0
0.7255633154566281,0.1401087265,0.227242484,0.2957013205,1587.0,306.0
0.7132337420236331,0.007877171,0.195241102,0.246539285,1587.0,306.0
0.672684241517296,0.0,0.1991881035,0.187934848,1587.0,306.0
0.6381681036881813,0.0,0.1664810665,0.20584560325,1587.0,306.0
0.7017035067371515,0.0,0.128857453,0.201214231,1587.0,306.0
0.7951217563817453,0.1124889425,0.110171973,0.241746668,1587.0,306.0
0.8262555851414718,0.356826498,0.1243676935,0.21976836049999998,1587.0,306.0
0.8288560682917426,0.4871157055,0.126538081,0.194361946,1587.0,306.0
0.8309952849479495,0.5187640295,0.1778055445,0.3111752565,1587.0,306.0
0.8325284541523078,0.480558905,0.210466488,0.434825498,1587.0,306.0
0.8326064635528814,0.408691941,0.2578964635,0.5302842855,1587.0,306.0
0.82974896159795,0.281144316,0.276563683,0.587338769,1587.0,306.0
0.8225914872391165,0.160015839,0.25192179,0.59039183,1587.0,306.0
0.7704512779478959,0.01087339,0.221280947,0.5584031515,1587.0,306.0
0.6615943736509639,0.0,0.16945563133333333,0.576429338,1587.0,306.0
0.6374330318094971,0.0,0.18932473066666666,0.656301338,1587.0,306.0
0.7016617628693973,0.0005389725,0.197984325,0.6281776345,1587.0,306.0
0.7952828554729738,0.1498308105,0.192569742,0.5603696380000001,1587.0,306.0
0.8264952321836565,0.339457339,0.220253041,0.515194408,1587.0,306.0
0.8286049494198208,0.49610628200000007,0.2214756765,0.486830691,1587.0,306.0
0.8328460636516003,0.5827725539999999,0.240372294,0.5275912215,1587.0,306.0
0.8348002305466697,0.5429738980000001,0.30746089200000004,0.622390636,1587.0,306.0
0.8369770471321347,0.4396532745,0.36485272599999996,0.6509858315,1587.0,306.0
0.8337037450540207,0.319767784,0.397067638,0.614283332,1587.0,306.0
0.8236282716889041,0.196918589,0.38859472500000003,0.566978014,1587.0,306.0
0.771912478189948,0.014832835,0.380932292,0.5205101335,1587.0,306.0
0.6731973660843307,0.0,0.30834173649999996,0.506346457,1587.0,306.0
0.6380705919983771,0.0,0.28534786025000003,0.48528692625000003,1587.0,306.0
0.7019425919196551,0.0005241365,0.252930941,0.4142398835,1587.0,306.0
0.7953881868639783,0.1748445375,0.21540918450000002,0.35777245950000003,1587.0,306.0
0.8280112636931309,0.47764754500000006,0.213223515,0.28071225450000004,1587.0,306.0
0.8371558223874126,0.7070063925,0.205287059,0.2627245995,1587.0,306.0
0.841153933877235,0.7423326033333333,0.252488412,0.434082789,1587.0,306.0
0.8397877246043619,0.656938254,0.293868767,0.474740481,1587.0,306.0
0.8370490629566892,0.513653132,0.3170166955,0.4513140065,1587.0,306.0
0.8254626619251297,0.2615046735,0.3153894275,0.4159799745,1587.0,306.0
0.7715984742412034,0.016935223,0.3306111765,0.39558036750000003,1587.0,306.0
0.6619493645243826,0.0,0.27631621133333334,0.3245276636666667,1587.0,306.0
0.6331269956038842,0.0,0.2328547685,0.33652272000000005,1587.0,306.0
0.6632370103609119,0.0,0.19170065149999999,0.312586559,1587.0,306.0
0.7239411332383604,0.001125105,0.176380049,0.262288605,1587.0,306.0
0.7950652862350939,0.1776184555,0.146081483,0.2265184625,1587.0,306.0
0.8266276514162827,0.412473012,0.120086814,0.195582364,1587.0,306.0
0.8312822713078369,0.6423039665,0.106940314,0.1408107315,1587.0,306.0
0.8395689145321062,0.846641396,0.1154676235,0.1515199065,1587.0,306.0
0.8408754540036171,0.8879790089999999,0.139311016,0.264550999,1587.0,306.0
0.8411116827818144,0.7477320205,0.1737771465,0.34565208449999996,1587.0,306.0
0.838111694413723,0.465217534,0.20963640249999999,0.3642518215,1587.0,306.0
0.8262892051094951,0.211710753,0.21368069,0.342927941,1587.0,306.0
0.7740855721910691,0.019075136,0.227418187,0.312060722,1587.0,306.0
0.6569004485695049,0.0,0.14835849225,0.18624705825,1587.0,306.0
0.6399019854059848,0.0,0.12213689850000001,0.177651448,1587.0,306.0
0.7017035067371515,0.0005539645,0.1081675725,0.196892716,1587.0,306.0
0.7959415333721171,0.192046335,0.0821799285,0.221057382,1587.0,306.0
0.827537167257507,0.431484001,0.058363179,0.196574952,1587.0,306.0
0.8365788529202369,0.6532904245,0.05546637,0.17897373900000002,1587.0,306.0
0.8448007381208622,0.826054375,0.0702818145,0.2451427045,1587.0,306.0
0.8448651214901686,0.8332830609999999,0.12155266749999999,0.329086852,1587.0,306.0
0.844020878751238,0.6671311155,0.174212062,0.3434173425,1587.0,306.0
0.8407019229344653,0.484361043,0.21460633,0.342108314,1587.0,306.0
0.8334625997193525,0.2632513945,0.245033942,0.304204854,1587.0,306.0
0.7763423881577249,0.0188013145,0.27248036649999996,0.2598086315,1587.0,306.0
0.6731449228423797,0.0,0.21857749199999998,0.238764019,1587.0,306.0
0.6170448379067064,0.0,0.17084707,0.2420875485,1587.0,306.0
0.6245621455848541,0.0005467655,0.1405926625,0.2185584535,1587.0,306.0
0.6529076789157974,0.1866296445,0.1006018605,0.1810928525,1587.0,306.0
0.7061983153153185,0.428866193,0.066366881,0.144180791,1587.0,306.0
0.7201569308038551,0.666373257,0.068257521,0.1414690255,1587.0,306.0
0.7288575245950015,0.8649742195,0.0809211925,0.1873075315,1587.0,306.0
0.7321041133233974,0.8642601215000001,0.10698986099999999,0.268641849,1587.0,306.0
0.7379835174734634,0.758201415,0.137491233,0.318780262,1587.0,306.0
0.7429398266132861,0.5718847685,0.17290307,0.313097799,1587.0,306.0
0.7363988180694405,0.263342816,0.226128146,0.25237473,1587.0,306.0
0.7219876453179854,0.0193236805,0.28908348650000004,0.2120632475,1587.0,306.0
0.6799535558405851,0.0,0.24237806550000002,0.196062737,1587.0,306.0
0.6204216100430442,0.0,0.21064112100000001,0.1993664745,1587.0,306.0
0.6250719221406658,0.000585309,0.1788304725,0.2181404045,1587.0,306.0
0.6541044621279668,0.2015937345,0.135548306,0.1932182295,1587.0,306.0
0.7144884468939058,0.5256109945,0.097050573,0.1789889615,1587.0,306.0
0.7277129271666753,0.735852887,0.084718822,0.18591145,1587.0,306.0
0.7352368019351727,0.8707769439999999,0.095453344,0.22987598050000002,1587.0,306.0
0.7382352450673151,0.9008472425,0.11992685349999999,0.30360039650000004,1587.0,306.0
0.7458562803836202,0.753132983,0.1453377615,0.33399144849999995,1587.0,306.0
0.7504040004201392,0.556600593,0.169058807,0.300486512,1587.0,306.0
0.7428989021445378,0.30351426049999997,0.206794892,0.2810648135,1587.0,306.0
0.7245974542723146,0.014915795,0.27298217866666663,0.25922695833333337,1587.0,306.0
0.6613579965433268,0.0,0.26877822325,0.245002683,1587.0,306.0
0.6680836569658904,0.0,0.25831623800000003,0.245061737,1587.0,306.0
0.752914791500589,0.063993432,0.250954526,0.23602519249999998,1587.0,306.0
0.8174273248593426,0.266594067,0.195600287,0.218962206,1587.0,306.0
0.8442605725744543,0.5292150215,0.1697007285,0.1960414445,1587.0,306.0
0.8836492040564021,0.795330825,0.16295728650000002,0.1734896645,1587.0,306.0
0.9080724967985329,0.9069592179999999,0.16944324049999998,0.2648660995,1587.0,306.0
0.9078198794716934,0.830941409,0.187017456,0.44107814349999996,1587.0,306.0
0.9002100820799676,0.595905082,0.224846127,0.4678808815,1587.0,306.0
0.8694973444917984,0.2733471285,0.268283633,0.4038383855,1587.0,306.0
0.7975135902835746,0.019717606,0.3129279855,0.321344262,1587.0,306.0
0.6878485018123679,0.0,0.25838270275,0.32166035125000003,1587.0,306.0
0.6505225408739801,0.0,0.2426130585,0.3912617855,1587.0,306.0
0.7047075454816762,0.000564019,0.21708948649999998,0.453950473,1587.0,306.0
0.8006620821125778,0.1970867045,0.16341233049999998,0.49945781600000005,1587.0,306.0
0.8402181339726456,0.441489909,0.122059036,0.476830069,1587.0,306.0
0.8446720648630959,0.60661161,0.115081453,0.436670291,1587.0,306.0
0.8570023172707852,0.7986466015,0.090344782,0.436406036,1587.0,306.0
0.8796484391508004,0.920145101,0.089398571,0.518870307,1587.0,306.0
0.8866343491118005,0.8457287899999999,0.093152534,0.6015679275000001,1587.0,306.0
0.8807740025469055,0.598631112,0.1044976735,0.6000728295,1587.0,306.0
0.8489011920240545,0.275654636,0.1272568665,0.537835455,1587.0,306.0
0.7938661383879693,0.0212977525,0.16560734900000001,0.4621932385,1587.0,306.0
0.6928211175528105,0.0,0.11578943000000001,0.398158983,1587.0,306.0
0.6530464428258306,0.0,0.0965136955,0.3685855385,1587.0,306.0
0.6731770911365171,0.0,0.094376191,0.3499255285,1587.0,306.0
0.7547620349876734,0.0654385925,0.083853064,0.272603422,1587.0,306.0
0.8210398223904858,0.271873669,0.049546803,0.209542283,1587.0,306.0
0.844800644477582,0.442037853,0.042707161,0.180396354,1587.0,306.0
0.8631141104996911,0.6759404115000001,0.0492730965,0.168529294,1587.0,306.0
0.8973597754429484,0.871116976,0.06070754466666667,0.22059444766666667,1587.0,306.0
0.8998257011046806,0.7510124730000001,0.0808320705,0.267965739,1587.0,306.0
0.8932906625839041,0.5277772055000001,0.108888375,0.20477516150000002,1587.0,306.0
0.8603298418943913,0.2255376665,0.151792171,0.1545304795,1587.0,306.0
0.7960121211569526,0.015625385,0.166898227,0.1428271525,1587.0,306.0
0.7272028228187744,0.0,0.162794172,0.13852404899999998,1587.0,306.0
0.6663847529624563,0.0,0.1466304425,0.1609058455,1587.0,306.0
0.6588268367905661,0.0,0.1135363615,0.13717523650000002,1587.0,306.0
0.7088206888208994,0.000521111,0.1010379855,0.1814320255,1587.0,306.0
0.8041261698260895,0.172276071,0.07298376200000001,0.191869169,1587.0,306.0
0.8418016394045413,0.394985011,0.051302994,0.175287126,1587.0,306.0
0.8470490553710149,0.560032131,0.053265252,0.193609784,1587.0,306.0
0.8700970549547894,0.7760852436666666,0.06110212833333333,0.21075837966666666,1587.0,306.0
0.8943377952252833,0.8080532165000001,0.08366439049999999,0.27271677299999997,1587.0,306.0
0.9003738267359921,0.6505997135,0.099794733,0.334460315,1587.0,306.0
0.8991079776656374,0.445767985,0.133801377,0.402196745,1587.0,306.0
0.873419210426273,0.2317301485,0.19076853900000001,0.361643353,1587.0,306.0
0.8001212375102585,0.0147774925,0.24222737049999998,0.29472647900000004,1587.0,306.0
0.737425558647993,0.0,0.1901632325,0.25414375,1587.0,306.0
0.6658557081443975,0.0,0.1768746575,0.25680151325,1587.0,306.0
0.712344313762445,0.0,0.155361127,0.1994093405,1587.0,306.0
0.8072150307837787,0.174391138,0.108143772,0.2367951795,1587.0,306.0
0.8494812986629428,0.47460456549999996,0.088893533,0.292994225,1587.0,306.0
0.8891492842119637,0.7333133585,0.0969358565,0.331234961,1587.0,306.0
0.9043280951134132,0.82976014,0.117204856,0.4367813145,1587.0,306.0
0.9017087886079975,0.755550924,0.11897719300000001,0.5011441765,1587.0,306.0
0.8976775878495511,0.540005794,0.138363487,0.5307594685,1587.0,306.0
0.8739258028669064,0.23464585999999998,0.177191553,0.505825655,1587.0,306.0
0.797708004941253,0.019186016,0.24615383550000003,0.421022794,1587.0,306.0
0.7041732563962743,0.0,0.19599801833333333,0.30448175566666663,1587.0,306.0
0.6441696802787921,0.0,0.14572743833333332,0.26177952266666665,1587.0,306.0
0.6375737389461884,0.0005027985,0.112093991,0.28447289649999996,1587.0,306.0
0.6611404741676955,0.20158958449999997,0.072928408,0.315147379,1587.0,306.0
0.7241622376928069,0.5343017765,0.056150252,0.34061439400000004,1587.0,306.0
0.7415748503779499,0.8379665366666668,0.06956833133333333,0.38755360766666663,1587.0,306.0
0.7420031057342098,0.900225779,0.0865875355,0.49575035,1587.0,306.0
0.748291379998637,0.7267229645,0.09470922200000001,0.5309707244999999,1587.0,306.0
0.7504029702628398,0.520963327,0.110680549,0.502947725,1587.0,306.0
0.747189860834504,0.26660488649999997,0.134530462,0.461624805,1587.0,306.0
0.7146603390838283,0.011180148,0.16483503325,0.4029530995,1587.0,306.0
0.6348590513047958,0.0,0.11995847433333333,0.3496204006666666,1587.0,306.0
0.629346781225248,0.0,0.085359049,0.32445753,1587.0,306.0
0.6567936539717907,0.20122856299999997,0.044630289000000004,0.302691706,1587.0,306.0
0.7178787395605387,0.529573582,0.021973186999999998,0.302279112,1587.0,306.0
0.7361241698817621,0.8025070685,0.0309275625,0.3749298065,1587.0,306.0
0.7415813121162254,0.9162861175,0.047021963,0.47832950750000003,1587.0,306.0
0.745579337894968,0.8431229235,0.066861557,0.5115112669999999,1587.0,306.0
0.7508994017984418,0.6157387215,0.099271442,0.482410426,1587.0,306.0
0.7497539380276439,0.374677969,0.139562633,0.450562426,1587.0,306.0
0.7351282631196911,0.12350259599999999,0.171998298,0.405756499,1587.0,306.0
0.7337631931869302,0.0,0.1783959785,0.338410657,1587.0,306.0
0.6694846176146988,0.0,0.14573091500000002,0.35369693150000003,1587.0,306.0
0.6768544403345846,0.0,0.114533352,0.3265993565,1587.0,306.0
0.7559225761387564,0.06405256299999999,0.0824577495,0.315064762,1587.0,306.0
0.8248841004409734,0.255665746,0.047247185,0.315235473,1587.0,306.0
0.8437096841821168,0.498821629,0.032656602,0.319299703,1587.0,306.0
0.8543662944246382,0.7603239395,0.032716448499999995,0.34945948250000003,1587.0,306.0
0.8708950509350979,0.882777938,0.050535871499999996,0.40872997349999995,1587.0,306.0
0.8893675792867868,0.8169236085,0.079197453,0.4811626035,1587.0,306.0
0.8805462489322615,0.573839708,0.120934395,0.449040087,1587.0,306.0
0.84797430425792,0.256304996,0.18051231550000002,0.39097511399999996,1587.0,306.0
0.7921673982805799,0.019938373,0.198003596,0.273382844,1587.0,306.0
0.7155039029292816,0.0,0.14095930499999998,0.135929508,1587.0,306.0
0.6605320503856336,0.0,0.09802528649999999,0.07862651274999999,1587.0,306.0
0.7086021128162359,0.0,0.067590958,0.083273382,1587.0,306.0
0.803748672078592,0.1857953215,0.039331814,0.08766620350000001,1587.0,306.0
0.8421705214829568,0.416049306,0.03063023,0.103436691,1587.0,306.0
0.8485005161434056,0.574217375,0.034249413,0.116194743,1587.0,306.0
0.8605025767926187,0.763222404,0.033810917,0.117751671,1587.0,306.0
0.8842705005814192,0.856321969,0.068029279,0.2554537616666666,1587.0,306.0
0.892203307920204,0.668080233,0.1328941655,0.367451548,1587.0,306.0
0.8724115506609732,0.470323491,0.198623994,0.371767515,1587.0,306.0
0.8486116771331672,0.2367647845,0.22794754150000002,0.364100863,1587.0,306.0
0.7936063803752326,0.0185931895,0.229370404,0.3369053275,1587.0,306.0
0.7186747766392949,0.0,0.15904727200000002,0.2259747975,1587.0,306.0
0.658472774634328,0.0,0.1072800055,0.19462912,1587.0,306.0
0.7066080984719663,0.0,0.072734625,0.1806829345,1587.0,306.0
0.783135054123875,0.11205764,0.055092077,0.195832616,1587.0,306.0
0.8214280898461613,0.234406578,0.04199989,0.196279052,1587.0,306.0
0.8418016394045413,0.38107072,0.041113976,0.202964035,1587.0,306.0
0.8506564021968782,0.5852976055,0.0357791655,0.16937634099999999,1587.0,306.0
0.8746878689574682,0.7728621115000001,0.053336628999999997,0.196550895,1587.0,306.0
0.8806552091018955,0.775783179,0.10026720650000001,0.31311904700000004,1587.0,306.0
0.8721071924573929,0.6231192795,0.1562784775,0.37785077749999996,1587.0,306.0
0.8659758266458835,0.434976246,0.175355852,0.354523927,1587.0,306.0
0.8536820035046239,0.302924349,0.185252474,0.310944552,1587.0,306.0
0.8185846819764643,0.10036566549999999,0.19332355950000002,0.2601395955,1587.0,306.0
0.7534336285513681,0.0,0.1757186375,0.208566095,1587.0,306.0
0.6664121100386609,0.0,0.1227482555,0.194241248,1587.0,306.0
0.6764134019260859,0.0,0.096607334,0.136615583,1587.0,306.0
0.7549549746621669,0.0364284885,0.0753298865,0.104185886,1587.0,306.0
0.8188611797204481,0.148506908,0.057679303,0.088299726,1587.0,306.0
0.8398309903175496,0.3484507195,0.0471769205,0.077188676,1587.0,306.0
0.8540405842536962,0.6054483795,0.04749019,0.082724413,1587.0,306.0
0.853985518918682,0.6768559435,0.0741767945,0.219023247,1587.0,306.0
0.8566199497478484,0.5919954080000001,0.1116729095,0.33592066,1587.0,306.0
0.8533565744259566,0.4116188335,0.154356495,0.3564123215,1587.0,306.0
0.8375382835536296,0.177542382,0.18838081,0.284599056,1587.0,306.0
0.7880567133008092,0.0152097645,0.180043664,0.2519428315,1587.0,306.0
0.7049289075566647,0.0,0.130786928,0.180456868,1587.0,306.0
0.6579276691409333,0.0,0.09715093500000001,0.14573119766666667,1587.0,306.0
0.6718865656405275,0.0,0.0796910525,0.072977259,1587.0,306.0
0.7536652217029349,0.0483609265,0.0564142945,0.0611636785,1587.0,306.0
0.8178734671108727,0.219284951,0.037945831,0.065964719,1587.0,306.0
0.8396702891899577,0.44505339749999995,0.046579235,0.0617056645,1587.0,306.0
0.8500292839511594,0.6831657099999999,0.0574788195,0.078317518,1587.0,306.0
0.8548023694956344,0.7873103189999999,0.0938847005,0.1637509165,1587.0,306.0
0.8559973733230457,0.7026356065,0.1214494555,0.224496772,1587.0,306.0
0.8528033917326452,0.49201993299999996,0.15928091300000002,0.217018088,1587.0,306.0
0.836726490038677,0.2197415525,0.1922145115,0.22845933149999997,1587.0,306.0
0.7885119394378224,0.0151470065,0.1920815655,0.1884391185,1587.0,306.0
0.6761978070210013,0.0,0.15812088166666668,0.106241389,1587.0,306.0
0.6288616732440879,0.0,0.132443702,0.12072153799999999,1587.0,306.0
0.6293901327307326,0.0,0.123899202,0.117058458,1587.0,306.0
0.6369473932372272,0.0511740355,0.108707092,0.097083211,1587.0,306.0
0.6709769560748059,0.211119934,0.078306721,0.120240472,1587.0,306.0
0.7133703754475201,0.39965951099999997,0.10160754599999999,0.147103624,1587.0,306.0
0.7212876760925947,0.5962383683333333,0.162649568,0.22432450266666662,1587.0,306.0
0.7199568035812154,0.5911686545,0.2486610455,0.26146673200000004,1587.0,306.0
0.7324335225257335,0.4940996595,0.28892970949999996,0.20780789900000002,1587.0,306.0
0.7373137890175184,0.359619842,0.281136001,0.173678518,1587.0,306.0
0.7347237944831511,0.2113854415,0.221029487,0.154698372,1587.0,306.0
0.721964443875535,0.0176932,0.1404636645,0.18078753050000002,1587.0,306.0
0.6591603080645934,0.0,0.0939541755,0.14789755524999998,1101.5,212.5
0.6184983473390463,0.0,0.068299108,0.12153605149999999,616.0,119.0
0.6259078067498391,0.0,0.0621754165,0.10074343050000001,616.0,119.0
0.6414587540976469,0.103236144,0.054117965,0.09413769,616.0,119.0
0.6712950337904996,0.212361017,0.051980195,0.092101921,616.0,119.0
0.718306667097637,0.356617417,0.063815477,0.097782712,616.0,119.0
0.7298811748640898,0.487858781,0.094320903,0.118513154,616.0,119.0
0.738193103154707,0.646879746,0.12262364449999999,0.1499345355,616.0,119.0
0.7469747967371082,0.7486193050000001,0.22567607350000002,0.2927294805,616.0,119.0
0.7529548730985982,0.6701838554999999,0.28412112,0.3122699665,616.0,119.0
0.7577000279307123,0.54692773,0.298356872,0.285194381,616.0,119.0
0.7507599589137144,0.420139964,0.29101364,0.275488261,616.0,119.0
0.7497845144672346,0.29493924,0.280794628,0.23931889,616.0,119.0
0.7391237134239683,0.0940394095,0.2371897475,0.191439467,616.0,119.0
0.7173979004838713,0.0,0.183162038,0.1766437635,616.0,119.0
0.6580090498214202,0.0,0.14429346775000002,0.187710235,616.0,119.0
0.6680181262430547,0.0,0.12410086149999999,0.162996262,616.0,119.0
0.7229773947704268,0.0,0.108103954,0.14331767,616.0,119.0
0.7787539819287181,0.107808527,0.098638739,0.123354725,616.0,119.0
0.8148518927890447,0.209193786,0.081115694,0.104351688,616.0,119.0
0.8372098576463443,0.35471455,0.089034377,0.090089256,616.0,119.0
0.8517794371432006,0.5380024965,0.09418765000000001,0.08032634599999999,616.0,119.0
0.8609821048633631,0.654928758,0.1440613425,0.087141278,616.0,119.0
0.8669135776010419,0.680972813,0.19131897850000001,0.2105585755,616.0,119.0
0.8690146323870926,0.577403273,0.2049464555,0.285617681,616.0,119.0
0.8669492109401985,0.421178435,0.194349716,0.284020187,616.0,119.0
0.8500573784783478,0.23508436300000002,0.16810515999999998,0.2401446875,616.0,119.0
0.7873281733725561,0.0171943005,0.1527487525,0.169764634,616.0,119.0
0.6956934159581862,0.0,0.113009933,0.1327355595,616.0,119.0
0.6475948492602841,0.0,0.08290446575,0.160529188,616.0,119.0
0.7018453377285672,0.0,0.04584309,0.172466169,616.0,119.0
0.778632332241836,0.112370102,0.035840125,0.14081846,616.0,119.0
0.8154278320989208,0.237809551,0.024186046,0.100084302,616.0,119.0
0.8507019155112252,0.485599467,0.0265647885,0.0708165335,616.0,119.0
0.8697159204152449,0.7220106705,0.0642994925,0.0565055035,616.0,119.0
0.8841187584274588,0.8058042445,0.10062579299999999,0.17418265049999998,616.0,119.0
0.9002084432007383,0.7745839165,0.133755065,0.29320898949999996,616.0,119.0
0.895669011041212,0.595832542,0.1670363305,0.2875955865,616.0,119.0
0.8618130494443326,0.28397077800000003,0.18269713850000002,0.2362255335,616.0,119.0
0.7954083681685118,0.021736161,0.196902215,0.21029250900000002,616.0,119.0
0.7007410793563581,0.0,0.16759904050000002,0.205900187,616.0,119.0
0.6512564537986301,0.0,0.13690348625,0.181621159,616.0,119.0
0.7021119554973606,0.0,0.1161444975,0.1501140085,616.0,119.0
0.7994515090543136,0.170892273,0.0929235055,0.1342340595,616.0,119.0
0.8571510313275561,0.47565449049999997,0.1230561335,0.1398460235,616.0,119.0
0.8702842742945556,0.7136322589999999,0.2536864265,0.1855993985,616.0,119.0
0.8740890793877468,0.79047221,0.35873120950000004,0.358836846,616.0,119.0
0.877155558301992,0.713977997,0.432967323,0.42049366850000003,616.0,119.0
0.8759761937145472,0.5100128985,0.4492493765,0.4568142845,616.0,119.0
0.8523216630042074,0.248904555,0.386787655,0.44004022200000004,616.0,119.0
0.7870417957345988,0.0185310575,0.33366642999999996,0.39797075150000005,616.0,119.0
0.6856487998271393,0.0,0.23808507233333334,0.3918719053333333,616.0,119.0
0.6462253779038464,0.0,0.20709264066666666,0.48632258899999997,616.0,119.0
0.7018822352926151,0.0,0.15922020999999997,0.478378702,616.0,119.0
0.7985542611325337,0.164241651,0.115880244,0.4197937305,616.0,119.0
0.8526845515878207,0.47180798449999994,0.098270334,0.346239799,616.0,119.0
0.8685002202858676,0.708319017,0.08921615399999999,0.2362044515,616.0,119.0
0.880399345366386,0.7553080653333333,0.129132272,0.3209976863333333,616.0,119.0
0.8810218436603687,0.6121259235000001,0.1633327335,0.39727535199999997,616.0,119.0
0.8730197987705155,0.465846359,0.174577372,0.374915243,616.0,119.0
0.8555120391252768,0.2589239755,0.1890876005,0.292150794,616.0,119.0
0.7898639218896987,0.018616811,0.2185594595,0.22100435899999998,616.0,119.0
0.6896189260538034,0.0,0.1681969466666667,0.17833356866666664,616.0,119.0
0.6557522572858886,0.0,0.134754904,0.20220533066666668,616.0,119.0
0.7059279983526969,0.0,0.1136800275,0.1863208225,616.0,119.0
0.7979622376755888,0.163594352,0.083946629,0.1374193085,616.0,119.0
0.8501823995669688,0.48576441150000005,0.05694661,0.1062575715,616.0,119.0
0.8816263615240904,0.7884106986666667,0.052500472,0.116791437,616.0,119.0
0.9033408976637045,0.831873,0.075007775,0.312161016,616.0,119.0
0.9023697141083,0.6643216750000001,0.10328356550000001,0.4275734925,616.0,119.0
0.9017602953359294,0.463827338,0.129953669,0.40944482,616.0,119.0
0.8727100089318147,0.2389550675,0.16486011,0.3278255395,616.0,119.0
0.8006940865106706,0.016471712,0.2060854575,0.2439511055,616.0,119.0
0.7143330602864214,0.0,0.184633967,0.204130319,616.0,119.0
0.6485278709861406,0.0,0.14804052974999998,0.2599925245,616.0,119.0
0.6328594180117728,0.0,0.11540302399999999,0.256398715,616.0,119.0
0.6387004729239049,0.0455178075,0.0950913645,0.2152010405,616.0,119.0
0.6745249295686798,0.220479733,0.053629384,0.198286665,616.0,119.0
0.7346216237355923,0.4746117955,0.043233353,0.21116748400000002,616.0,119.0
0.7641247014702175,0.7656558284999999,0.045239521500000004,0.2289410855,616.0,119.0
0.7706629004720056,0.8744699675000001,0.06853540799999999,0.3510629665,616.0,119.0
0.7724772499092266,0.7739041584999999,0.0936179975,0.4195156765,616.0,119.0
0.7790400552463193,0.5357194585,0.12465102250000001,0.464662048,616.0,119.0
0.776354726329934,0.242034675,0.173451457,0.37677236950000004,616.0,119.0
0.7512902914283974,0.0181822595,0.2285930255,0.302326053,616.0,119.0
0.7058736821639247,0.0,0.19539247599999998,0.2615851255,616.0,119.0
0.6389452237279039,0.0,0.14419806166666668,0.24609629500000005,616.0,119.0
0.6328364272463988,0.0,0.115815893,0.2040924885,616.0,119.0
0.6391807970031396,0.0490479725,0.08638092650000001,0.20368832250000002,616.0,119.0
0.6824654473310989,0.231768774,0.052799762,0.176540087,616.0,119.0
0.7424862158837693,0.4883049265,0.039369734,0.18111582450000002,616.0,119.0
0.7723808463857162,0.8022901126666667,0.04123669566666667,0.15619657133333334,616.0,119.0
0.7791753541925504,0.8422472910000001,0.072796217,0.266293919,616.0,119.0
0.7849999269127599,0.6748679995,0.1102057795,0.25859526899999996,616.0,119.0
0.7801941111332493,0.449414629,0.129857919,0.234982538,616.0,119.0
0.7776338501677337,0.24410132699999998,0.15014219299999998,0.2098263945,616.0,119.0
0.7504359657257494,0.013270958333333333,0.1855450883333333,0.19730062533333334,616.0,119.0
0.6812559981952397,0.0,0.137751722,0.136054121,616.0,119.0
0.6797484184181944,0.0,0.1078530595,0.12256168549999999,616.0,119.0
0.7293522002987953,0.0,0.095036444,0.102538797,616.0,119.0
0.8099061190461568,0.173465093,0.068005355,0.083579972,616.0,119.0
0.861575931095582,0.416641642,0.046723552,0.061439177,616.0,119.0
0.8978057928096993,0.6567009699999999,0.05174906,0.065458534,616.0,119.0
0.94212380956711,0.850922449,0.069495474,0.14825456650000002,616.0,119.0
0.9523601712651617,0.852033477,0.10750279800000001,0.280865529,616.0,119.0
0.9406499666700582,0.6941617995,0.1489646345,0.3651274575,616.0,119.0
0.9272427545712918,0.48761924,0.180245862,0.368653154,616.0,119.0
0.894120624032257,0.2700508665,0.2169744375,0.3161772905,616.0,119.0
0.8137221619827102,0.021016269,0.267141183,0.25698354700000003,616.0,119.0
0.7212209826391308,0.0,0.195507515,0.15712599800000002,616.0,119.0
0.6668399088467052,0.0,0.14018805499999998,0.1147682455,616.0,119.0
0.6808021532763054,0.0,0.11059880999999999,0.09227545100000001,616.0,119.0
0.7567762306364763,0.0537944535,0.0875770655,0.0992867065,616.0,119.0
0.8306456475788314,0.251344864,0.056294401,0.096816431,616.0,119.0
0.8573141672616508,0.429098305,0.047631164,0.090860038,616.0,119.0
0.8837949214469893,0.6681920665000001,0.046251393,0.08274608750000001,616.0,119.0
0.9205186238722173,0.8806143743333333,0.08107631733333333,0.190406434,616.0,119.0
0.928722403595368,0.8148892695000001,0.1432029095,0.330136212,616.0,119.0
0.9247902363315503,0.5960934115000001,0.201079008,0.3491140265,616.0,119.0
0.8917596941184567,0.2811368045,0.240751294,0.301440698,616.0,119.0
0.8118274152006617,0.0190048095,0.2673623095,0.2302998085,616.0,119.0
0.7048592891137874,0.0,0.162555508,0.13312496840000002,616.0,119.0
0.6831265601991788,0.0,0.1267955795,0.1290223985,616.0,119.0
0.7566559155084671,0.046372529,0.11573149399999999,0.1376360775,616.0,119.0
0.8286381010090089,0.210075733,0.077945426,0.130933534,616.0,119.0
0.8595387915436534,0.4372615775,0.0668195645,0.127442592,616.0,119.0
0.8864589451228997,0.7157224696666665,0.10600671433333335,0.188414179,616.0,119.0
0.9057618562500214,0.790741194,0.1869592505,0.2844643335,616.0,119.0
0.9116665923286837,0.6122784050000001,0.24584639149999998,0.34337478600000004,616.0,119.0
0.894537454150305,0.421774402,0.270050077,0.354799043,616.0,119.0
0.8608467825266162,0.22520812549999997,0.24584785450000002,0.3213048525,616.0,119.0
0.8125601223767097,0.02965203,0.214945382,0.29207915,616.0,119.0
0.7639833855574517,0.0,0.1734349415,0.2847699615,616.0,119.0
0.6721133710052859,0.0,0.1313351155,0.28205831875,616.0,119.0
0.6767342891026201,0.0,0.0977547515,0.221130206,616.0,119.0
0.7545474624159771,0.0412140645,0.07477518550000001,0.187846117,616.0,119.0
0.8420528987007749,0.27034375,0.044132173,0.1738574235,616.0,119.0
0.8698593434236412,0.571467272,0.0400473845,0.143397879,616.0,119.0
0.8976333232476353,0.7773127863333333,0.05041235166666667,0.20662401266666666,616.0,119.0
0.9029574999834684,0.758512487,0.066758067,0.335644555,616.0,119.0
0.8994858500674727,0.566984091,0.106797161,0.4060037675,616.0,119.0
0.8691274790371153,0.2701269335,0.175424824,0.4229407295,616.0,119.0
0.800708882961115,0.01737136,0.2351945575,0.40434408099999997,616.0,119.0
0.7159620789514471,0.0,0.1920579115,0.347522528,616.0,119.0
0.6617961904052114,0.0,0.143779393,0.37055371449999996,616.0,119.0
0.7095792196948949,0.0,0.11409248250000001,0.335060281,616.0,119.0
0.7830636469400332,0.085949783,0.100340073,0.319641299,616.0,119.0
0.8286381010090089,0.220811113,0.075626751,0.310980327,616.0,119.0
0.8576105653803275,0.387509636,0.067139289,0.324464687,616.0,119.0
0.8760064422808316,0.6280523680000001,0.0642966675,0.3441552835,616.0,119.0
0.906934665401766,0.829341434,0.08114393149999999,0.3841289765,616.0,119.0
0.9169738967870134,0.846557835,0.11077727600000001,0.44507967049999997,616.0,119.0
0.9176151091991833,0.677765821,0.155323145,0.47104458849999997,616.0,119.0
0.9067920385642942,0.476224371,0.176868876,0.446521905,616.0,119.0
0.8834831649369697,0.2543854955,0.1912008315,0.346347821,616.0,119.0
0.806561082154546,0.015754143,0.20151885,0.277612354,616.0,119.0
0.7304822120349704,0.0,0.149867444,0.199272232,616.0,119.0
0.6525121303093042,0.0,0.086921979,0.16952595075,616.0,119.0
0.6332503309510271,0.0,0.055484212,0.098221751,616.0,119.0
0.6389136406839636,0.0455993485,0.0388282835,0.0834223345,616.0,119.0
0.6790830445778221,0.228667609,0.019020394,0.081266426,616.0,119.0
0.7365523315676694,0.4813416575,0.024733466500000002,0.081249998,616.0,119.0
0.7619136796665322,0.7595869925000001,0.0476776765,0.11161504950000001,616.0,119.0
0.7680040274472304,0.8758056525,0.1229010455,0.23226977050000003,616.0,119.0
0.771068305622565,0.816059638,0.19038592799999998,0.30714538,616.0,119.0
0.7771470877678117,0.6001921610000001,0.2301014965,0.29898815450000005,616.0,119.0
0.7705430302510987,0.284062269,0.22457974549999998,0.23574035999999998,616.0,119.0
0.7355448280369373,0.010280163666666666,0.20789434233333334,0.17863082266666666,616.0,119.0
0.6449886301139276,0.0,0.13764199,0.16914989825,616.0,119.0
0.6277737565582722,0.0,0.100030983,0.1406730175,616.0,119.0
0.6365433694265723,0.044497173,0.076651473,0.15753950700000002,616.0,119.0
0.6739592916693636,0.224843483,0.046941972,0.160347429,616.0,119.0
0.7256682020217472,0.386323936,0.046206924,0.159592908,616.0,119.0
0.7455591331187017,0.6089847285000001,0.053984508,0.1221538195,616.0,119.0
0.7568581497455201,0.7728488215,0.1177080895,0.1615313495,616.0,119.0
0.7582407554180187,0.8006303509999999,0.24167656,0.333058132,616.0,119.0
0.7618208036439669,0.694438078,0.315799153,0.4467617,616.0,119.0
0.7667247631851188,0.528687401,0.3449306335,0.4831652615,616.0,119.0
0.7559026289830318,0.236136981,0.341288184,0.513136562,616.0,119.0
0.7350188970000756,0.007894182,0.30284523133333335,0.4975734413333333,616.0,119.0
0.6673845812906896,0.0,0.29079025,0.481041583,616.0,119.0
0.6763911136071391,0.0,0.2652603705,0.48005013500000004,616.0,119.0
0.7267358437597491,0.0,0.261137202,0.478765211,616.0,119.0
0.7799877564294327,0.065719491,0.234519886,0.490416426,616.0,119.0
0.8166756069603723,0.204890185,0.216833425,0.484662796,616.0,119.0
0.839847940725873,0.348708935,0.214153743,0.477207681,616.0,119.0
0.8537941946516848,0.581114054,0.204896597,0.4284842845,616.0,119.0
0.8700420988025881,0.7798412910000001,0.196930561,0.3644593355,616.0,119.0
0.9007071691997484,0.791365106,0.217051398,0.40149401100000004,616.0,119.0
0.9096373660806272,0.6391094749999999,0.2159714165,0.4597979365,616.0,119.0
0.8985840133813113,0.47819666,0.205469842,0.470964178,616.0,119.0
0.8687047489863285,0.2681843145,0.20660191649999998,0.42033413249999996,616.0,119.0
0.7980785961516621,0.014591598,0.2284170835,0.30780418499999995,616.0,119.0
0.7110224158995915,0.0,0.1794754025,0.194343078,616.0,119.0
0.659002880742896,0.0,0.15575408833333335,0.23669882633333336,616.0,119.0
0.6737997611233829,0.0,0.1350622945,0.2302739765,616.0,119.0
0.7268068762080359,0.0,0.125473089,0.196311768,616.0,119.0
0.7806009678764776,0.086558692,0.112378378,0.176679957,616.0,119.0
0.8200840440074557,0.247267686,0.077030461,0.152187492,616.0,119.0
0.8539357914130744,0.42771817,0.059808617,0.134046378,616.0,119.0
0.8790732957681975,0.670386674,0.053013019999999994,0.11728138299999999,616.0,119.0
0.9188831590084485,0.876088107,0.055387783999999995,0.17630647500000002,616.0,119.0
0.9334913685918622,0.887333882,0.07555655350000001,0.3076803685,616.0,119.0
0.9320888392353721,0.7274547075,0.1131549405,0.413550572,616.0,119.0
0.9262960601549619,0.530389717,0.161605896,0.437188538,616.0,119.0
0.8941968539668553,0.284363967,0.2058877655,0.404426599,616.0,119.0
0.8057142640223669,0.0149713925,0.264888058,0.33897202049999997,616.0,119.0
0.6848470454782465,0.0,0.2369256032,0.3294540666,616.0,119.0
0.6763182548306284,0.0,0.177900789,0.423199601,616.0,119.0
0.7270768652973512,0.0,0.16154833,0.431674462,616.0,119.0
0.7812982290811467,0.080496398,0.143223477,0.419417797,616.0,119.0
0.8270766031286534,0.224958349,0.103646346,0.397622039,616.0,119.0
0.8562116414931683,0.396076251,0.101406398,0.361548681,616.0,119.0
0.8736922431252379,0.6464521955,0.1133621135,0.3064352925,616.0,119.0
0.904160838631338,0.8643436019999999,0.1682961275,0.36796322150000005,616.0,119.0
0.9139835541640863,0.871893866,0.200151058,0.47316940650000006,616.0,119.0
0.9140967753872298,0.716366716,0.2210324715,0.5251279179999999,616.0,119.0
0.9018209797550587,0.522475379,0.229649403,0.530042136,616.0,119.0
0.8712048875548304,0.2825788635,0.2057445785,0.5044352999999999,616.0,119.0
0.7969159712142474,0.013292854,0.18497475200000002,0.3906231405,616.0,119.0
0.7060137571610978,0.0,0.12115021499999999,0.2576556335,616.0,119.0
0.652600589246835,0.0,0.09268232833333334,0.2697923983333333,616.0,119.0
0.6684944468081049,0.0,0.0696427855,0.2444322095,616.0,119.0
0.7519837364054424,0.038866576,0.059161586,0.2578264195,616.0,119.0
0.8200079077161376,0.225695122,0.046291635,0.276964095,616.0,119.0
0.8624046749376408,0.476301933,0.049563325500000005,0.29639549,616.0,119.0
0.9010879290578825,0.7986831460000001,0.07831519466666666,0.16710898133333332,616.0,119.0
0.9195656236814562,0.8762368485,0.170753244,0.257749842,616.0,119.0
0.9214961910892217,0.7238635680000001,0.2413935845,0.3710088815,616.0,119.0
0.9067920385642942,0.526797098,0.280640124,0.375173799,616.0,119.0
0.8773334439867164,0.280821335,0.292361245,0.32988167599999996,616.0,119.0
0.8019246768962067,0.012691418,0.2947460245,0.3050593285,616.0,119.0
0.7141710481529064,0.0,0.20703470899999998,0.2588303125,616.0,119.0
0.6577542161755292,0.0,0.16724896666666667,0.28555996733333333,616.0,119.0
0.670881153476387,0.0,0.13566204799999998,0.3058884465,616.0,119.0
0.7520630100309074,0.0296316585,0.11717243899999999,0.277412262,616.0,119.0
0.8447869248842514,0.2599546035,0.0970839455,0.25956206049999997,616.0,119.0
0.8852389839129405,0.5493941495,0.0971651325,0.2250141775,616.0,119.0
0.9131225014411442,0.7330024209999999,0.158523792,0.24176191200000002,616.0,119.0
0.922615854633805,0.7857684645,0.246178279,0.3975862035,616.0,119.0
0.9076722423532535,0.6387171979999999,0.3570571265,0.4379818365,616.0,119.0
0.8874801838677118,0.461686494,0.390186629,0.401747484,616.0,119.0
0.8568821191765719,0.255946678,0.36777964949999997,0.37596683200000003,616.0,119.0
0.7946922133559335,0.011886459,0.344325167,0.366512349,616.0,119.0
0.6744766849513848,0.0,0.23974213666666663,0.36705556733333333,616.0,119.0
0.6290037148313626,0.0,0.1778820215,0.38259013275,616.0,119.0
0.6368044151359333,0.034404689,0.130236989,0.3518314445,616.0,119.0
0.6707986490359289,0.227527438,0.092291218,0.283532622,616.0,119.0
0.7154614332245842,0.39976311,0.076974982,0.271123538,616.0,119.0
0.7344544374250643,0.6139059055,0.0702240615,0.253590413,616.0,119.0
0.7508885853904492,0.759648893,0.0888943925,0.262135636,616.0,119.0
0.7577416547646707,0.752125785,0.137403854,0.365968927,616.0,119.0
0.7647660075256678,0.5880373645,0.1990666955,0.459482568,616.0,119.0
0.7638784054302694,0.392716083,0.224028357,0.46920812,616.0,119.0
0.753717899093695,0.1987278315,0.2153594165,0.41412449500000004,616.0,119.0
0.7359091759559135,0.0086691585,0.215101504,0.335892696,616.0,119.0
0.6764252017103464,0.0,0.16225129566666666,0.24085511199999998,616.0,119.0
0.6281327470880647,0.0,0.1274752345,0.2224085105,616.0,119.0
0.6367993346834177,0.020606048,0.10841739,0.22453768400000002,616.0,119.0
0.6703583129926404,0.173984855,0.077117106,0.181241032,616.0,119.0
0.7204425592955708,0.40943878499999997,0.0664670285,0.1359207335,616.0,119.0
0.7401623240395456,0.6889491425000001,0.047279039,0.1089702605,616.0,119.0
0.7538056478827132,0.8160582695,0.0606064855,0.196835829,616.0,119.0
0.7633877800216917,0.7511210975,0.087487503,0.293362192,616.0,119.0
0.7728005485829647,0.5788445769999999,0.12013000850000001,0.3110497285,616.0,119.0
0.7621425570817559,0.2830451425,0.15437958200000002,0.285138061,616.0,119.0
0.7364444795237208,0.008091754,0.20094662566666666,0.21762995599999999,616.0,119.0
0.6671411181833148,0.0,0.1418964955,0.153518061,616.0,119.0
0.6721492735384166,0.0,0.089915046,0.168921401,616.0,119.0
0.7254069221635772,0.0,0.075524013,0.195421777,616.0,119.0
0.799277720608271,0.14517528700000001,0.055764058,0.221207176,616.0,119.0
0.850312056038569,0.417798659,0.0277725,0.211636941,616.0,119.0
0.8704628622632731,0.682280693,0.028106941000000003,0.239957755,616.0,119.0
0.9130954837710697,0.90605399,0.05107873,0.321733275,616.0,119.0
0.9335661002339771,0.928810166,0.106300469,0.4257414925,616.0,119.0
0.9308462149979835,0.77304513,0.15957118250000002,0.430605271,616.0,119.0
0.9146179302107155,0.4799108825,0.210000365,0.3363321795,616.0,119.0
0.8777203066307546,0.201955993,0.219745503,0.236785388,616.0,119.0
0.7853188630657973,0.0066988076666666665,0.220635669,0.15324046433333335,616.0,119.0
0.67334819893199,0.0,0.14590899375,0.12971830825000003,616.0,119.0
0.6723905827691293,0.0,0.1007999015,0.129813958,616.0,119.0
0.7530344042633881,0.031981414,0.0815645895,0.13271057949999998,616.0,119.0
0.8270753856847936,0.225942919,0.046950949,0.112892229,616.0,119.0
0.8578716577895029,0.400066876,0.037648194,0.104289627,616.0,119.0
0.8851052535931743,0.6408994915,0.041058450499999996,0.091134122,616.0,119.0
0.9118436351426693,0.8701144273333332,0.06879065466666666,0.18648959199999995,616.0,119.0
0.9184333176443074,0.8370652355,0.1222446765,0.3527973375,616.0,119.0
0.9167737694831566,0.612226511,0.1697083915,0.355528865,616.0,119.0
0.8761230816867454,0.28507910049999996,0.19764171,0.2825048075,616.0,119.0
0.8023817759800413,0.0090838425,0.223557587,0.2362772945,616.0,119.0
0.6996469664037924,0.0,0.15046320066666666,0.18215382733333332,616.0,119.0
0.6648484230740441,0.0,0.09115859925,0.17450428825,616.0,119.0
0.7532019886187695,0.0284598395,0.068317775,0.17191424300000002,616.0,119.0
0.8250570694067928,0.217586067,0.045464303,0.190344406,616.0,119.0
0.8572178964468308,0.383492171,0.035450494,0.207743895,616.0,119.0
0.8713630602326395,0.554789304,0.034138823,0.233176118,616.0,119.0
0.9093901648493761,0.7886377970000001,0.036989216,0.26044411500000003,616.0,119.0
0.9319070203704445,0.870021189,0.0680190205,0.3826481355,616.0,119.0
0.9313183916245372,0.7316582875,0.106274688,0.403398794,616.0,119.0
0.9273930607262606,0.537565305,0.144650154,0.34183001,616.0,119.0
0.8940445813030021,0.28486145500000004,0.20011297649999998,0.274511183,616.0,119.0
0.8094228918628013,0.0089391295,0.238550336,0.19248951749999998,616.0,119.0
0.7082183484138622,0.0,0.15987544366666664,0.12119339633333333,616.0,119.0
0.6605053019772141,0.0,0.098322426,0.10739234199999999,616.0,119.0
0.7108686213903048,0.0,0.067274382,0.104495188,616.0,119.0
0.7816072696111718,0.05675329,0.055398032,0.110875615,616.0,119.0
0.8305299915491854,0.212770983,0.043610453,0.108254369,616.0,119.0
0.8599512203463143,0.384683827,0.036699916,0.099894059,616.0,119.0
0.8792767476115445,0.556728664,0.036257245,0.097800744,616.0,119.0
0.9248429605033419,0.761905649,0.0361117995,0.09790141,616.0,119.0
0.9394419924767752,0.8971248945,0.072178902,0.1812256975,616.0,119.0
0.9392079645187057,0.8376534325,0.12197568750000001,0.262200836,616.0,119.0
0.9317711360927993,0.6026077335,0.176061787,0.271056592,616.0,119.0
0.8953985069544641,0.2760633415,0.21323380549999998,0.2235138705,616.0,119.0
0.8188831871095544,0.01661169,0.255940471,0.167108472,616.0,119.0
0.7685224430626401,0.0,0.2003150255,0.1157021335,616.0,119.0
0.6704370714582385,0.0,0.1058537038,0.1079449662,616.0,119.0
0.7089182473323439,0.0,0.060693904,0.118163136,616.0,119.0
0.7810035634849793,0.053133139,0.051224129,0.118456196,616.0,119.0
0.8322417020224465,0.222518305,0.04132692,0.109392129,616.0,119.0
0.8614870585059841,0.395845004,0.035430456,0.098163861,616.0,119.0
0.8796316759478203,0.559937016,0.047245067,0.097048216,616.0,119.0
0.9189331205816484,0.7672452359999999,0.05725353700000001,0.0855446195,616.0,119.0
0.9368065315715266,0.9097293399999999,0.145491127,0.19928416999999998,616.0,119.0
0.9343694185041594,0.8421220444999999,0.228761463,0.371506587,616.0,119.0
0.930104096063146,0.690884786,0.275916434,0.404318521,616.0,119.0
0.9181689474766731,0.545750163,0.3006403,0.401069003,616.0,119.0
0.8844578603184248,0.2852470225,0.312167832,0.3705661485,616.0,119.0
0.8069951905542236,0.006485756,0.31903813599999997,0.341604268,616.0,119.0
0.7097040064722727,0.0,0.237234628,0.328512747,616.0,119.0
0.6327077227471333,0.0,0.17113906666666667,0.3113990786666667,616.0,119.0
0.626055233191203,0.0,0.1173902885,0.27486094400000005,616.0,119.0
0.6353715201793627,0.0201684525,0.08420454150000001,0.22342970099999998,616.0,119.0
0.6725997470150036,0.214122041,0.055599529,0.156408377,616.0,119.0
0.7278510588830457,0.392598519,0.047390095,0.126436912,616.0,119.0
0.7556305795791178,0.6343044234999999,0.0545930885,0.103459365,616.0,119.0
0.7721133545588295,0.8427848714999999,0.10822433249999999,0.12776450849999998,616.0,119.0
0.770892035426554,0.8813660305,0.16535681200000002,0.23809903100000002,616.0,119.0
0.772976280228593,0.807921555,0.187723701,0.299327217,616.0,119.0
0.7784779056201038,0.707372424,0.195186243,0.30514568,616.0,119.0
0.777509531606757,0.566000868,0.205757729,0.285444639,616.0,119.0
0.7709514789300906,0.30059603599999996,0.2259049645,0.251002839,616.0,119.0
0.7450103519032116,0.0072450415,0.2550535645,0.2152172175,616.0,119.0
0.7104407874964868,0.0,0.2124176995,0.212754116,616.0,119.0
0.6380223472998651,0.0,0.155613486,0.22784148833333331,616.0,119.0
0.6300473356466911,0.0,0.13399308799999998,0.2430306465,616.0,119.0
0.6370785482449619,0.0251714375,0.1196579895,0.2539593885,616.0,119.0
0.6723694649505767,0.226124193,0.089532893,0.248931076,616.0,119.0
0.7293847900283021,0.4984505335,0.0923354175,0.2427098905,616.0,119.0
0.7560242785886969,0.792008909,0.1136146205,0.21238903250000002,616.0,119.0
0.765912875945669,0.927785745,0.164877833,0.2976850165,616.0,119.0
0.7706490171450646,0.864814223,0.223445901,0.39403740750000005,616.0,119.0
0.7782310243299586,0.6271773995000001,0.248839694,0.39230160599999997,616.0,119.0
0.77104494028407,0.290689065,0.263310701,0.364030431,616.0,119.0
0.7329558831384297,0.002866433,0.2402139335,0.31854049225000003,616.0,119.0
0.661986496210167,0.0,0.14959409,0.267418711,616.0,119.0
0.6766371286360295,0.0,0.1110915155,0.23932250649999998,616.0,119.0
0.7540525526445913,0.0230766455,0.0887248005,0.22785689050000002,616.0,119.0
0.8306456475788314,0.232076266,0.058258763,0.210703684,616.0,119.0
0.8599787529326043,0.415708723,0.047752514,0.17697304,616.0,119.0
0.8796316759478203,0.583421766,0.048318134,0.151555384,616.0,119.0
0.9225504410259824,0.7787282355,0.0474006965,0.1042471715,616.0,119.0
0.9393845858973218,0.9025918385,0.08786426750000001,0.1661413955,616.0,119.0
0.9385274195735511,0.835364053,0.1375352075,0.265588672,616.0,119.0
0.9315968559586227,0.6153055110000001,0.202150219,0.26985392649999995,616.0,119.0
0.9041580290892803,0.28005160949999997,0.2440569305,0.2255819805,616.0,119.0
0.8154619670643768,0.004845928,0.251853172,0.200062491,616.0,119.0
0.7346759165338488,0.0,0.1647663655,0.2138281085,616.0,119.0
0.6704468889775033,0.0,0.10241465166666668,0.289927061,616.0,119.0
0.6808702827016885,0.0,0.0763917935,0.239504458,616.0,119.0
0.7579100819095742,0.0208801415,0.06667957899999999,0.2225318295,616.0,119.0
0.8407742197700776,0.216124408,0.051429831,0.20832419,616.0,119.0
0.8732272305750972,0.386691951,0.047184452,0.179615039,616.0,119.0
0.9180480001550011,0.6173030755,0.0395444195,0.122987547,616.0,119.0
0.9485889392777451,0.814763681,0.0441305795,0.1356242675,616.0,119.0
0.9527976042855466,0.8518918355,0.06974364999999999,0.2323412755,616.0,119.0
0.9490768488687624,0.721550039,0.1009528535,0.294049722,616.0,119.0
0.9431973042131678,0.523699531,0.140526511,0.316781705,616.0,119.0
0.917773562725616,0.27812678199999996,0.20151438,0.30072852549999995,616.0,119.0
0.8202654415994479,0.004902851,0.259739359,0.278698228,616.0,119.0
0.7268533103344356,0.0,0.20323151766666667,0.28380911833333333,554.3333333333334,107.0
0.6804289867538649,0.0,0.15876047075,0.30353097575000004,431.0,83.0
0.7590465788286851,0.0189839955,0.1270075195,0.349414884,431.0,83.0
0.8442088785599621,0.217903092,0.104501022,0.379365609,431.0,83.0
0.8801272647751176,0.400089106,0.080405587,0.36853492,431.0,83.0
0.931223712826698,0.6521145265,0.06974443899999999,0.3666555695,431.0,83.0
0.9767461918701237,0.867726497,0.0677955435,0.39665968900000004,431.0,83.0
0.9817724097388707,0.9079965425000001,0.0811260985,0.5015862625,431.0,83.0
0.9728990107967324,0.7570126564999999,0.099312286,0.5815016900000001,431.0,83.0
0.9674712273143489,0.547656451,0.12285028,0.583825282,431.0,83.0
0.9493319010021044,0.283489931,0.16179533200000001,0.544031302,431.0,83.0
0.88797240129327,0.004747953,0.2209906875,0.5264173835,431.0,83.0
0.7540817085435058,0.0,0.188599051,0.522445271,431.0,83.0
0.7038346072092491,0.0,0.15653084233333334,0.5026842433333333,431.0,83.0
0.7379644599695094,0.0,0.1398345065,0.5109456975,431.0,83.0
0.8375505046920425,0.1374592675,0.122299353,0.505590934,431.0,83.0
0.9147765243238941,0.429991118,0.084021154,0.488492104,431.0,83.0
0.9651795507077283,0.687946012,0.07745635449999999,0.4714796355,431.0,83.0
0.9913293035925329,0.9058517825,0.079489598,0.49041701800000004,431.0,83.0
0.9857422705752265,0.9337048885,0.0850655145,0.527786344,431.0,83.0
0.9761854704460614,0.7595443070000001,0.0876539265,0.5429051060000001,431.0,83.0
0.9735057604513573,0.53872298,0.096075997,0.540014286,431.0,83.0
0.9657709420522274,0.273578363,0.12112706849999999,0.51792033,431.0,83.0
0.9148025117554519,0.004015033,0.1507443145,0.4896784835,431.0,83.0
0.8485905593958316,0.0,0.12117708899999999,0.4594149215,431.0,83.0
0.7306190982713489,0.0,0.08605238640000001,0.4171917084,431.0,83.0
0.7882688743753012,0.018653601,0.061065254,0.283422576,431.0,83.0
0.8754708655800222,0.239261741,0.049248987,0.254812098,431.0,83.0
0.9499958232498079,0.524232492,0.030513877000000002,0.235940346,431.0,83.0
0.9916941119852163,0.8194576585,0.0475193385,0.212894709,431.0,83.0
0.9878920382761903,0.9079588133333334,0.11036394000000001,0.243059393,431.0,83.0
0.9761268463415309,0.696485854,0.2122338895,0.2702023225,431.0,83.0
0.9733616352401849,0.434914795,0.264618038,0.246205402,431.0,83.0
0.9665708421396393,0.192783164,0.252664569,0.2293064795,431.0,83.0
0.9160716853652968,0.0031342345,0.235704815,0.18914471900000002,431.0,83.0
0.8345030832817513,0.0,0.2309796495,0.1490986635,431.0,83.0
0.7276043063625629,0.0,0.17813315425,0.13731979075,431.0,83.0
0.6816557843835096,0.0,0.137176722,0.1084007645,431.0,83.0
0.6838061216868486,0.035910339,0.134697219,0.116855388,431.0,83.0
0.7283612100931953,0.239050184,0.105212775,0.113434852,431.0,83.0
0.7940537400706225,0.523108656,0.066226196,0.100530295,431.0,83.0
0.8220833963435658,0.816433083,0.05299239,0.1070063525,431.0,83.0
0.8200393736450647,0.9347114670000001,0.0914290885,0.1914255125,431.0,83.0
0.8127177331136204,0.842473688,0.1694718705,0.281734241,431.0,83.0
0.8131815750009328,0.5657040945,0.256233476,0.2969684635,431.0,83.0
0.8119900361373236,0.22923955350000003,0.269053292,0.2915618225,431.0,83.0
0.8004129531400563,0.003130091,0.2734084665,0.246199374,431.0,83.0
0.8382548831920931,0.0,0.217361889,0.20493687,431.0,83.0
0.7318594093410384,0.0,0.17314595700000002,0.19484517074999996,431.0,83.0
0.6879976022187346,0.0,0.136062746,0.155242734,431.0,83.0
0.6917620447028591,0.034430844,0.126118125,0.150226521,431.0,83.0
0.7354954127568141,0.241054356,0.100731265,0.157439368,431.0,83.0
0.7778543927624989,0.437270705,0.06360564,0.14576583,431.0,83.0
0.8136457914613661,0.6915190665,0.048401529,0.14234368349999998,431.0,83.0
0.8211380598766245,0.9016379065,0.0467018235,0.1928130225,431.0,83.0
0.8153919178299238,0.9093858530000001,0.0668530655,0.28958052199999995,431.0,83.0
0.8112099895623559,0.7241754755,0.11625313699999999,0.335956673,431.0,83.0
0.8114129262458362,0.510472527,0.160053139,0.336360361,431.0,83.0
0.8060040598430949,0.255075789,0.18512677,0.345252374,431.0,83.0
0.782215049504313,0.002942624,0.196623269,0.35272761799999997,431.0,83.0
0.8004004510718028,0.0,0.16358335400000001,0.3013019765,431.0,83.0
0.7115092016900291,0.0,0.10213286,0.25395464,431.0,83.0
0.733313937154203,0.0,0.0615851075,0.2143801125,431.0,83.0
0.8010589417656026,0.031005348,0.050919584,0.183043088,431.0,83.0
0.8574102507899103,0.239137299,0.039553659,0.167819604,431.0,83.0
0.9167992419984989,0.5192672385,0.024412211000000003,0.13585454949999998,431.0,83.0
0.968387251891459,0.8160058315000001,0.0279920425,0.110671208,431.0,83.0
0.9842544741796864,0.9359236565,0.068002171,0.189734445,431.0,83.0
0.977226328581581,0.8218782135,0.150458148,0.290635192,431.0,83.0
0.9666202418531576,0.61696544,0.217179076,0.324275912,431.0,83.0
0.9452087841256276,0.450418959,0.250094268,0.346805603,431.0,83.0
0.9171228917736249,0.219320999,0.2707707585,0.35423961000000004,431.0,83.0
0.833332147076828,0.0023784605,0.255022056,0.3555905165,431.0,83.0
0.7605485395622238,0.0,0.218903218,0.42530137,431.0,83.0
0.7026018433331289,0.0,0.201515693,0.48998069975,431.0,83.0
0.7338741201090997,0.0,0.1877190755,0.5364892655,431.0,83.0
0.7962304161505587,0.02707914,0.179305018,0.528259257,431.0,83.0
0.8449933733937824,0.209062656,0.154882633,0.528450992,431.0,83.0
0.8759699192899045,0.385303889,0.144830897,0.525801739,431.0,83.0
0.9073383379485989,0.625401463,0.1287626995,0.519222823,431.0,83.0
0.9394867565636635,0.8461463555,0.14637867,0.5464062110000001,431.0,83.0
0.9478915375675472,0.8433634495,0.23533608299999997,0.583672179,431.0,83.0
0.9432519950562781,0.6399943425,0.331321776,0.6232609825,431.0,83.0
0.9310463890016548,0.431529605,0.346405008,0.603036901,431.0,83.0
0.8993276306086321,0.22690058600000002,0.338106576,0.518584924,431.0,83.0
0.8118793433639631,0.002140672,0.2987578925,0.3926624185,431.0,83.0
0.7161010536468458,0.0,0.18989415133333334,0.27134553733333333,431.0,83.0
0.6649538948487518,0.0,0.13337185566666668,0.249473282,431.0,83.0
0.7104669154335735,0.0,0.107187667,0.212925963,431.0,83.0
0.781345615342315,0.018679274,0.09197082,0.16059093,431.0,83.0
0.8229970796762364,0.192915864,0.075637855,0.13355653,431.0,83.0
0.8584142583048477,0.377817376,0.0678061,0.108445522,431.0,83.0
0.8866319142240808,0.6266942185,0.07538872199999999,0.1059485055,431.0,83.0
0.922823005508546,0.843274265,0.1463633435,0.22101774000000002,431.0,83.0
0.9340072790667877,0.84749997,0.266042189,0.3735195955,431.0,83.0
0.9332393132059212,0.6568071045,0.382969154,0.425655586,431.0,83.0
0.9082036985872991,0.37515112650000004,0.4380235105,0.367069712,431.0,83.0
0.8697840498406281,0.142932643,0.419197092,0.322437216,431.0,83.0
0.8126619185511474,0.0015274995,0.4073684325,0.360691428,431.0,83.0
0.7379482119263961,0.0,0.3517780575,0.462036181,431.0,83.0
0.6743383970816637,0.0,0.3082503873333333,0.5047397976666667,431.0,83.0
0.6797949852803565,0.0,0.2369716665,0.5214240115,431.0,83.0
0.7545732158611601,0.008926547,0.1993920845,0.529922295,431.0,83.0
0.8345818886908152,0.26322344,0.17135204650000002,0.536817648,431.0,83.0
0.8702077164866509,0.5767969079999999,0.15561028500000001,0.45418343299999997,431.0,83.0
0.8907365823997508,0.7750080965,0.152825288,0.360661272,431.0,83.0
0.8983361253243825,0.812309512,0.1957139625,0.4155498695,431.0,83.0
0.894104329045678,0.7005836715,0.23775785049999998,0.464990774,431.0,83.0
0.8732862292527486,0.510497155,0.277745854,0.429249387,431.0,83.0
0.8555338124467909,0.347970754,0.312475333,0.400579479,431.0,83.0
0.846351560098754,0.178082053,0.333390331,0.375591276,431.0,83.0
0.7893724770821149,0.0017380645,0.365825749,0.372658216,431.0,83.0
0.7172023620256133,0.0,0.271033278,0.311695388,431.0,83.0
0.6721024023558979,0.0,0.27161014250000004,0.338473855,431.0,83.0
0.651579943657348,0.0,0.25649048133333335,0.352662607,431.0,83.0
0.7044575269386013,0.0,0.2231580105,0.30760153300000004,431.0,83.0
0.7972951781749555,0.1019472165,0.1788698495,0.298557812,431.0,83.0
0.838341695467092,0.358765287,0.13186978,0.256602894,431.0,83.0
0.8611988546210199,0.587737504,0.1083175925,0.217943071,431.0,83.0
0.8928469552200937,0.8041536275000001,0.0819888975,0.2001585985,431.0,83.0
0.9122585924763299,0.8496811989999999,0.081211597,0.301669273,431.0,83.0
0.9199518776847815,0.7022913435,0.092992403,0.3982386465,431.0,83.0
0.9075524656944097,0.50504003,0.124874027,0.428551425,431.0,83.0
0.8749921335177682,0.253229828,0.18814637950000002,0.3916994265,431.0,83.0
0.7989927944005484,0.001579555,0.25590686399999996,0.3494791285,431.0,83.0
0.6998530558255902,0.0,0.18679733850000002,0.28225985649999996,431.0,83.0
0.6498669533655181,0.0,0.16632076950000002,0.2975692385,431.0,83.0
0.6308537911698032,0.0,0.13158664,0.2507966495,431.0,83.0
0.6354266558483581,0.0,0.1024595935,0.229048166,431.0,83.0
0.6588495934883482,0.102681078,0.075956881,0.23876003350000002,431.0,83.0
0.7233839703401633,0.374149343,0.049392253,0.238192437,431.0,83.0
0.7430000427347973,0.554864518,0.049422199,0.253458279,431.0,83.0
0.7675859563323728,0.7454728565,0.035480144000000005,0.226321306,431.0,83.0
0.7751922888415137,0.835395306,0.047699638,0.240288122,431.0,83.0
0.7854032718299375,0.7696526545,0.072180311,0.33741348,431.0,83.0
0.784935028383587,0.5578272074999999,0.112198433,0.300570396,431.0,83.0
0.7769279031224352,0.235159395,0.15817764750000002,0.245948055,431.0,83.0
0.7483684294134587,0.001352939,0.1968885025,0.23026642,431.0,83.0
0.7235549963500482,0.0,0.182071233,0.191369021,431.0,83.0
0.6508050554626732,0.0,0.119910506,0.15758416150000001,431.0,83.0
0.6378110446627168,0.0,0.083260606,0.1518743985,431.0,83.0
0.6610626755254152,0.1049198585,0.066229387,0.1632024755,431.0,83.0
0.7402926127860255,0.467585464,0.0568633735,0.2031227615,431.0,83.0
0.7724778352406406,0.7434603325,0.0780749215,0.233061448,431.0,83.0
0.7777237529146308,0.822083519,0.18310916500000002,0.33699592700000003,431.0,83.0
0.7783105788852642,0.704005231,0.28279833649999997,0.439844574,431.0,83.0
0.7795178273228212,0.4329994985,0.32914506600000004,0.48486932250000003,431.0,83.0
0.7689030781442843,0.17395108050000002,0.303553619,0.45185296249999995,431.0,83.0
0.7479835801405536,0.000986967,0.29164011,0.4042613825,431.0,83.0
0.6938678474549894,0.0,0.159513545,0.367334445,431.0,83.0
0.6805389069092509,0.0,0.11074435099999999,0.4282630895,431.0,83.0
0.7551876681425806,0.0061158475,0.089094397,0.4253036275,431.0,83.0
0.8218071796106395,0.183423851,0.065392667,0.402870753,431.0,83.0
0.8594951043950962,0.44772784050000003,0.061533671,0.389373541,431.0,83.0
0.9016428286529536,0.7742318133333334,0.09683779333333332,0.38295971533333334,431.0,83.0
0.9295947878049524,0.8497790635,0.1703780575,0.5514156965,431.0,83.0
0.9300523084053736,0.7139266934999999,0.2322928995,0.629092282,431.0,83.0
0.9099169074342608,0.42833141,0.283790182,0.6006634795000001,431.0,83.0
0.8258918224997651,0.05610471633333333,0.307657337,0.48600513366666664,431.0,83.0
0.7031358788453063,0.0,0.22546186866666665,0.33875907600000005,431.0,83.0
0.6697173463027116,0.0,0.18124823025000003,0.31067327474999995,431.0,83.0
0.7548569245438058,0.006087688,0.153939963,0.2499632015,431.0,83.0
0.8303283659528451,0.2885124665,0.1348047135,0.224112921,431.0,83.0
0.856257154726298,0.55947305,0.129308122,0.199910394,431.0,83.0
0.8761260784341465,0.7831251495,0.1102002175,0.1526320575,431.0,83.0
0.9061446452895447,0.9142513255,0.122084581,0.2125002945,431.0,83.0
0.9264081107964941,0.8522739615,0.14867196,0.3415583985,431.0,83.0
0.9160096431592128,0.6268668685000001,0.18852886349999998,0.4296395225,431.0,83.0
0.8770613477205538,0.274504992,0.23992613399999999,0.42013614499999996,431.0,83.0
0.8044406889347009,0.00092203,0.27705513550000005,0.3766904285,431.0,83.0
0.7307358359661592,0.0,0.1979851245,0.260370342,431.0,83.0
0.6674492807974357,0.0,0.176007927,0.2793186305,431.0,83.0
0.7098170638805885,0.0,0.151380082,0.2830169775,431.0,83.0
0.7986076174979881,0.10554367049999999,0.12275546650000001,0.315688386,431.0,83.0
0.8469265629758279,0.379380362,0.082373028,0.329213149,431.0,83.0
0.8678681853212439,0.638814072,0.0575112285,0.33367227,431.0,83.0
0.8983460988616361,0.8744991795,0.044875373499999996,0.367691659,431.0,83.0
0.9195074678745438,0.8814720684999999,0.060708331500000004,0.44552246100000004,431.0,83.0
0.9239038515987947,0.718934059,0.087245773,0.4713775825,431.0,83.0
0.9093322118685567,0.41170877699999997,0.130700423,0.4523405425,431.0,83.0
0.8293757716579212,0.05110789766666667,0.17711168833333332,0.32779550733333335,431.0,83.0
0.7294923220770002,0.0,0.148726075,0.174517383,431.0,83.0
0.6703817406516993,0.0,0.11517219199999999,0.13239618033333336,431.0,83.0
0.6805161502926859,0.0,0.08501054999999999,0.1042678105,431.0,83.0
0.7553118463604627,0.0042741205,0.07223953,0.109513813,431.0,83.0
0.8217414382919446,0.166396441,0.051828692,0.136206414,431.0,83.0
0.8576262514825425,0.415405111,0.0446421135,0.1896061925,431.0,83.0
0.8884563309230528,0.697821883,0.041291544,0.1578284535,431.0,83.0
0.9080663160171705,0.811014802,0.05431382,0.235660332,431.0,83.0
0.9167995228471225,0.7661520374999999,0.0960935635,0.3569575975,431.0,83.0
0.9043672402786203,0.563038167,0.1587103015,0.3675476055,431.0,83.0
0.8782309727571198,0.365992975,0.22338327,0.344104065,431.0,83.0
0.8571159130670494,0.16735603599999999,0.250721446,0.326884418,431.0,83.0
0.7972101685940134,0.000561892,0.249163201,0.30567714300000004,431.0,83.0
0.6906475786445871,0.0,0.17652420475,0.349629806,431.0,83.0
0.6721516694148709,0.0,0.166382168,0.35186780766666664,431.0,83.0
0.7547436329866809,0.002858241,0.161361388,0.346399582,431.0,83.0
0.8172673728779923,0.156055718,0.148777563,0.295351953,431.0,83.0
0.8518232179350379,0.40671729300000004,0.16366011600000002,0.2754829955,431.0,83.0
0.8700495906710903,0.677921443,0.132829379,0.229821935,431.0,83.0
0.8877556983166448,0.7437426455,0.1481166425,0.2727732305,431.0,83.0
0.8890960917425539,0.6407327814999999,0.180931416,0.3554643635,431.0,83.0
0.878308794871133,0.45562577950000005,0.235671089,0.4102514775,431.0,83.0
0.8536774616024907,0.187504112,0.287888576,0.39892289999999997,431.0,83.0
0.797061267169465,0.000541501,0.3137901815,0.368805327,431.0,83.0
0.6760801219724003,0.0,0.2552815033333333,0.28518475266666665,431.0,83.0
0.6244734603224253,0.0,0.256247802,0.37236811300000006,431.0,83.0
0.6333469061674206,0.003639522,0.244916336,0.432266416,431.0,83.0
0.6710164290321022,0.18557428,0.210663161,0.426803801,431.0,83.0
0.7235527487488889,0.455919025,0.171375567,0.396659231,431.0,83.0
0.7572197039326947,0.745704639,0.109654487,0.3371168845,431.0,83.0
0.7718167224537777,0.8476844640000001,0.09938169499999999,0.3660608365,431.0,83.0
0.7721053242211616,0.7713605425,0.11695554999999999,0.427900326,431.0,83.0
0.7795249446994198,0.624242417,0.135297236,0.488072631,431.0,83.0
0.7796767490656549,0.39714545349999997,0.1751315335,0.5324542635,431.0,83.0
0.7580262998530461,0.04921048233333333,0.2642556063333333,0.536642331,431.0,83.0
0.7204226120586292,0.0,0.2357703555,0.40549394650000004,431.0,83.0
0.6459040598978352,0.0,0.21309156959999997,0.3886536358,431.0,83.0
0.6398739610503438,0.004222572,0.18994296300000002,0.391194896,431.0,83.0
0.6748881459443825,0.194636811,0.158240381,0.409700393,431.0,83.0
0.7310995441112129,0.390772304,0.126119168,0.407094183,431.0,83.0
0.7657986714274748,0.650044818,0.11686347799999999,0.4021215615,431.0,83.0
0.7866000393672127,0.870071208,0.10497322166666667,0.3889563776666667,431.0,83.0
0.7964587316248839,0.782865038,0.114310781,0.45247093149999995,431.0,83.0
0.7959743338599172,0.5604367795,0.144178159,0.5124785685,431.0,83.0
0.7914385072509389,0.310335902,0.185389506,0.526652219,431.0,83.0
0.7717769529729636,0.044774938333333326,0.2505291446666667,0.4869954776666667,431.0,83.0
0.7367569227240561,0.0,0.23615651466666665,0.34756729999999997,431.0,83.0
0.6821383793732023,0.0,0.201194238,0.318052227,431.0,83.0
0.6839809638431404,0.0,0.189908762,0.34189202900000004,431.0,83.0
0.7559416570332259,0.003969946,0.179427976,0.37378691750000004,431.0,83.0
0.8235080268136594,0.203755461,0.142367134,0.370976955,431.0,83.0
0.8731962797248198,0.496929425,0.093476695,0.356621163,431.0,83.0
0.93771941881449,0.7933107965,0.0776344405,0.33117314600000003,431.0,83.0
0.9561638993388049,0.917307074,0.0839308325,0.33637127499999997,431.0,83.0
0.9582203306247132,0.819702497,0.0904622665,0.411158724,431.0,83.0
0.9449077504615375,0.578961509,0.11196313599999999,0.4831147375,431.0,83.0
0.9272115694909882,0.306761255,0.139029071,0.475956951,431.0,83.0
0.8444983153471015,0.04592672366666667,0.184638012,0.4356417846666667,431.0,83.0
0.7141008584535331,0.0,0.165027914,0.299024449,431.0,83.0
0.6756571889060142,0.0,0.12191713633333334,0.29886046,431.0,83.0
0.7547751926401054,0.0035725035,0.09232311400000001,0.30043764650000004,431.0,83.0
0.8205199785729231,0.194942854,0.071078098,0.323931063,431.0,83.0
0.8712004860770092,0.483919767,0.043084348499999994,0.330177679,431.0,83.0
0.9328885521174406,0.7995177385000001,0.035532297500000004,0.3008518015,431.0,83.0
0.951546973019789,0.9069515975,0.0405634155,0.372223645,431.0,83.0
0.9527427260746588,0.8079383305000001,0.054563624000000005,0.470708389,431.0,83.0
0.9415172471178284,0.621680489,0.075263619,0.532920576,431.0,83.0
0.9266465403136019,0.3606563015,0.1049189175,0.45589004499999997,431.0,83.0
0.8366711592862823,0.037705847,0.12396447633333334,0.34894353333333333,431.0,83.0
0.7395126597731211,0.0,0.107920795,0.30386300050000004,431.0,83.0
0.6800201400300192,0.0,0.08357838749999999,0.29744821600000004,431.0,83.0
0.6623585389320281,0.0,0.0522846155,0.24290893200000002,431.0,83.0
0.7099954880344785,0.0,0.0332577335,0.187343374,431.0,83.0
0.7807544112843762,0.006225495,0.027127236,0.170323755,431.0,83.0
0.8200681238376487,0.199347353,0.022193591,0.165358271,431.0,83.0
0.8569883635286456,0.390399472,0.012367894,0.15225543,431.0,83.0
0.8768096669077337,0.582302986,0.011814074,0.138811742,431.0,83.0
0.9264863074836281,0.792105126,0.016790485,0.1221240865,431.0,83.0
0.9504108741455317,0.9051410305,0.034006001,0.1824295845,431.0,83.0
0.9501314265163955,0.7670472555000001,0.052837652,0.238304311,431.0,83.0
0.9396046601944688,0.571694413,0.074773571,0.26348394,431.0,83.0
0.9123594520555316,0.308105774,0.100981134,0.26081571800000003,431.0,83.0
0.8276100571942998,0.031482042333333335,0.08124350166666666,0.19566353733333333,431.0,83.0
0.7286746521010417,0.0,0.0622086035,0.13519338949999998,431.0,83.0
0.6663038716992612,0.0,0.052340115333333326,0.09564174266666665,431.0,83.0
0.6776719698050142,0.0,0.043727753499999994,0.0817860675,431.0,83.0
0.7543829217514623,0.0026292745,0.037878877,0.0845147665,431.0,83.0
0.8199340188635446,0.185029614,0.034385795,0.078989629,431.0,83.0
0.8690343923374737,0.4669822735,0.021155583999999998,0.06578024099999999,431.0,83.0
0.927973026940837,0.7735467954999999,0.029028807,0.06896642850000001,431.0,83.0
0.9553542597817315,0.879705322,0.0610472155,0.14216365549999999,431.0,83.0
0.9519190392133827,0.7359595624999999,0.1122186035,0.258029073,431.0,83.0
0.9402756061754907,0.4889808295,0.1842168245,0.270156733,431.0,83.0
0.8893967508335231,0.1743474875,0.2074214655,0.233565039,431.0,83.0
0.8076482495316857,0.0,0.203227582,0.16707200049999998,431.0,83.0
0.7295104899291833,0.0,0.2040575965,0.1393266395,431.0,83.0
0.666263548142068,0.0,0.158801571,0.23023423775000001,431.0,83.0
0.7099117192879121,0.0,0.1394746395,0.3100124295,431.0,83.0
0.8001804469462032,0.0983449775,0.119817974,0.275895479,431.0,83.0
0.8564639309467013,0.484108892,0.090602927,0.1631427225,431.0,83.0
0.9058894057884253,0.782679634,0.0763931755,0.11900160400000001,431.0,83.0
0.9438794879563347,0.879314582,0.111959138,0.17720844349999998,431.0,83.0
0.9530302742942275,0.8056368494999999,0.18021816000000002,0.2908702665,431.0,83.0
0.9358179293913976,0.5704212835,0.2339509085,0.33869367650000004,431.0,83.0
0.9052746490242142,0.306727281,0.25637525,0.325700742,431.0,83.0
0.8295698429298332,0.039519105666666665,0.27508033133333337,0.29591599366666665,431.0,83.0
0.6959122885675848,0.0,0.22572529900000002,0.26120555800000006,431.0,83.0
0.6348340470599992,0.0,0.1811527075,0.2522723645,431.0,83.0
0.632001252772202,0.0,0.15907663800000002,0.22611079533333334,431.0,83.0
0.655842394181595,0.0985581245,0.1248245365,0.22495473900000001,431.0,83.0
0.722285729015706,0.47848963450000004,0.088668619,0.204196019,431.0,83.0
0.7512749329558377,0.7778677785,0.0811743755,0.218525409,431.0,83.0
0.7645320263486299,0.899351198,0.15784592749999998,0.2843009785,431.0,83.0
0.7670935750919868,0.8258665894999999,0.2231275535,0.34800548600000003,431.0,83.0
0.7720240138340476,0.657084816,0.252337682,0.357126941,431.0,83.0
0.7644036105489712,0.413696065,0.270081405,0.325534542,431.0,83.0
0.7386726000110246,0.03884385533333334,0.26811229833333333,0.250097176,431.0,83.0
0.6876885616074926,0.0,0.190987362,0.214908555,431.0,83.0
0.625345224114822,0.0,0.1413683985,0.20658636325000002,431.0,83.0
0.6266403267205438,0.0,0.09271076,0.1700821955,431.0,83.0
0.6384849873911395,0.003384235,0.07649211,0.163967089,431.0,83.0
0.6702322150469054,0.186968872,0.061270892,0.1475924,431.0,83.0
0.7129571273270703,0.390387645,0.03868527,0.119403222,431.0,83.0
0.7275430483478859,0.586371843,0.029549516,0.103894109,431.0,83.0
0.7483792224309355,0.8045121895,0.024883039500000002,0.098549377,431.0,83.0
0.7671303321505059,0.9477644144999999,0.050080383,0.1687092875,431.0,83.0
0.7737742605881519,0.877618816,0.0934078925,0.2776215445,431.0,83.0
0.781373616226223,0.708733613,0.116932758,0.28399368,431.0,83.0
0.7798081147504659,0.44270697449999996,0.12367330900000001,0.23286534650000001,431.0,83.0
0.7476288936957807,0.03990565433333333,0.11962066766666668,0.19124537,431.0,83.0
0.7089108491071215,0.0,0.083809828,0.166540126,431.0,83.0
0.6589063914270887,0.0,0.077532287,0.1560845315,431.0,83.0
0.652679738014593,0.0,0.07631501,0.1489112325,431.0,83.0
0.7048177934291516,0.0,0.0791691365,0.1609301665,431.0,83.0
0.7972251290217196,0.09740425400000001,0.0832991325,0.149930927,431.0,83.0
0.8512324820935002,0.4865301605,0.050258880500000006,0.16871381149999998,431.0,83.0
0.9005740476831291,0.796051026,0.039965841,0.227310911,431.0,83.0
0.9495288597573875,0.894938028,0.08824755699999999,0.3605152216666667,431.0,83.0
0.9434449113402561,0.6893072225,0.144828847,0.516750098,431.0,83.0
0.9212551393978337,0.3570856585,0.15102308949999999,0.507879661,431.0,83.0
0.8280696535947074,0.028626902333333332,0.16532463500000003,0.48934002266666665,431.0,83.0
0.7153534094877522,0.0,0.19655383099999998,0.423467636,431.0,83.0
0.6651160475690125,0.0,0.193723817,0.360031689,431.0,83.0
0.6816774874522593,0.0,0.153941732,0.18782841649999998,431.0,83.0
0.7565618219608248,0.00139127,0.129173389,0.1160467545,431.0,83.0
0.8217174641503027,0.147202382,0.10304867,0.088299832,431.0,83.0
0.856113123077189,0.320650018,0.078343635,0.082108007,431.0,83.0
0.8654792076612866,0.500855287,0.085613314,0.084685598,431.0,83.0
0.894936069797572,0.7056970060000001,0.1015260965,0.157889834,431.0,83.0
0.9196181606479045,0.7909793540000001,0.1892450745,0.208457333,431.0,83.0
0.9127205145545723,0.662657771,0.3024941715,0.31458967800000004,431.0,83.0
0.9035630323566675,0.443959696,0.332234174,0.35125900600000004,431.0,83.0
0.8711482300404014,0.239153533,0.310329775,0.340611352,431.0,83.0
0.8189303548426631,0.029117858333333333,0.24467760600000002,0.30247524200000003,431.0,83.0
0.6792521273339766,0.0,0.14732807850000001,0.2587262443333333,431.0,83.0
0.7071234236966948,0.0,0.09966358650000001,0.34482021350000003,431.0,83.0
0.7799310521339723,0.002429033,0.087806239,0.340900181,431.0,83.0
0.8165441243229825,0.167468652,0.076993745,0.314279118,431.0,83.0
0.8491526854690971,0.341929169,0.0743823,0.28076896,431.0,83.0
0.8733642386533221,0.601246428,0.0655263575,0.226526328,431.0,83.0
0.9046894384610775,0.821857458,0.0591178105,0.23327736,431.0,83.0
0.9084831930786841,0.816664305,0.08643728349999999,0.30630233949999996,431.0,83.0
0.9039131377797526,0.654866613,0.133620618,0.3345779925,431.0,83.0
0.8924336367656623,0.420334262,0.183723049,0.350537642,431.0,83.0
0.8629464793632781,0.17849753200000001,0.24550152849999998,0.307024852,431.0,83.0
0.7966976294396099,0.0,0.286004931,0.2320558015,431.0,83.0
0.7087295452396267,0.0,0.2017163985,0.19312854000000002,431.0,83.0
0.6614639834372928,0.0,0.18349195399999998,0.18083084466666666,431.0,83.0
0.6765178904463514,0.0,0.15032795,0.1616964685,431.0,83.0
0.7529940885165698,0.0009287045,0.12122594249999999,0.155988028,431.0,83.0
0.8290797950016863,0.2543045435,0.079131535,0.1437337435,431.0,83.0
0.8566255686695294,0.539498432,0.059400039,0.121926636,431.0,83.0
0.8929173321654189,0.790834557,0.056777223999999994,0.1325181666666667,431.0,83.0
0.9201623998800443,0.8374036345,0.059455069,0.208987305,431.0,83.0
0.9180614387372739,0.675138384,0.0812210885,0.25697844400000003,431.0,83.0
0.8964197457263485,0.3706212805,0.124230333,0.257347483,431.0,83.0
0.8239055029854526,0.027196451333333333,0.18831705399999998,0.23076291533333335,431.0,83.0
0.7176443057337045,0.0,0.17575347033333333,0.16316776933333332,431.0,83.0
0.669147798451274,0.0,0.12763007325,0.15512673,431.0,83.0
0.753841585542226,0.0007864265,0.10833082150000001,0.1412871715,431.0,83.0
0.815769087866549,0.158217431,0.087112045,0.144399483,431.0,83.0
0.8390754328816564,0.359662441,0.06076753,0.144770719,431.0,83.0
0.8583135390687409,0.6336937414999999,0.05513562549999999,0.145223838,431.0,83.0
0.8957391071379137,0.8624902555,0.0627483395,0.173443292,431.0,83.0
0.9286524480041951,0.862565601,0.08098161649999999,0.278437074,431.0,83.0
0.9343350962521431,0.6887404770000001,0.1061758095,0.39764048750000003,431.0,83.0
0.9207912507294898,0.376434331,0.150599936,0.4635894665,431.0,83.0
0.8414134655650737,0.02552038333333333,0.224844943,0.455810978,431.0,83.0
0.7131154715353286,0.0,0.18298907033333334,0.30665700533333334,648.0,125.0
0.648037376686277,0.0,0.1590268072,0.33698898699999996,1082.0,209.0
0.6456067347675362,0.001618512,0.151442551,0.395899539,1082.0,209.0
0.6743973333304615,0.175841875,0.139175712,0.446969711,1082.0,209.0
0.7200213275372676,0.377008633,0.102131738,0.471669727,1082.0,209.0
0.7348082655137105,0.57359737,0.09622912,0.480110964,1082.0,209.0
0.7549391089619407,0.8238797183333334,0.08135211199999999,0.43684675133333334,1082.0,209.0
0.7598052968268068,0.8652127620000001,0.0924174895,0.5462147639999999,1082.0,209.0
0.7662605701152014,0.7054092815,0.101615408,0.6017085555,1082.0,209.0
0.7680016628122752,0.3886435875,0.124287269,0.5852635125,1082.0,209.0
0.7467754108638717,0.023943264333333335,0.18123386866666666,0.5392254083333333,1082.0,209.0
0.7001684333174008,0.0,0.16370453033333332,0.44176321333333335,1082.0,209.0
0.642169659899805,0.0,0.1091586322,0.43730737199999997,1082.0,209.0
0.6589142110876806,0.08683936099999999,0.0674191095,0.4229162025,1082.0,209.0
0.717451467445185,0.367169285,0.037029982,0.402384457,1082.0,209.0
0.7314685197516915,0.557510816,0.032746492,0.410335827,1082.0,209.0
0.7526941318178831,0.8029842079999999,0.036156264,0.4748158966666667,1082.0,209.0
0.7575701840913348,0.836202542,0.0767015895,0.5979545705,1082.0,209.0
0.7647130258145514,0.6725287685,0.12475369349999998,0.6454118424999999,1082.0,209.0
0.7675597815330374,0.413156886,0.151242353,0.601948977,1082.0,209.0
0.7634864388619828,0.217176678,0.146484285,0.514673005,1082.0,209.0
0.7422275816174674,0.015321762000000001,0.13211288733333332,0.4081635393333333,1082.0,209.0
0.7149570883309654,0.0,0.10628582966666666,0.3376288463333334,1082.0,209.0
0.6785063443858377,0.0,0.11295406499999999,0.32373162224999996,1082.0,209.0
0.7580071955951331,0.000557187,0.091714195,0.2756970205,1082.0,209.0
0.8211682147184116,0.111721874,0.078291898,0.243736111,1082.0,209.0
0.84976435176141,0.295112015,0.056744567999999995,0.23688580650000002,1082.0,209.0
0.8588392358755765,0.516361365,0.067624496,0.323673859,1082.0,209.0
0.867042297721057,0.6763776415,0.1047650265,0.372851701,1082.0,209.0
0.8778578765686609,0.7368912985,0.141797707,0.45397900550000003,1082.0,209.0
0.8801903839195324,0.609382466,0.171952095,0.484708861,1082.0,209.0
0.8732805634688188,0.3903667575,0.2184451375,0.4577528295,1082.0,209.0
0.8551732650263999,0.194345722,0.23463271,0.423043103,1082.0,209.0
0.8124396902961214,0.014569245333333333,0.21855365733333332,0.313161313,1082.0,209.0
0.6915704395601657,0.0,0.19714815933333332,0.24926795633333335,1082.0,209.0
0.6668156070347996,0.0,0.12490483749999999,0.17500137124999998,1082.0,209.0
0.7546523723716121,0.0,0.08320865150000001,0.1217810255,1082.0,209.0
0.828004755038462,0.228743785,0.0641383265,0.0885888665,1082.0,209.0
0.8576295760220327,0.587352221,0.0537836975,0.088666336,1082.0,209.0
0.8692341449057754,0.760853825,0.064255261,0.130930342,1082.0,209.0
0.8718441333768988,0.761705962,0.10731205899999999,0.2269410405,1082.0,209.0
0.8711703780162536,0.6028111905,0.150773531,0.332122974,1082.0,209.0
0.8548265776236512,0.3162100685,0.195907894,0.3834616995,1082.0,209.0
0.8239576341102086,0.0162120065,0.2032921565,0.3949371355,1082.0,209.0
0.7471423107585082,0.0,0.16557895,0.3286487565,1082.0,209.0
0.6605993346337129,0.0,0.1297842422,0.28276027600000003,1082.0,209.0
0.7033492886051574,0.0,0.109956316,0.232735465,1082.0,209.0
0.7972065631246826,0.054473444,0.07361389800000001,0.190035443,1082.0,209.0
0.8330759242806577,0.24537959,0.053512972,0.141163089,1082.0,209.0
0.8528111176687397,0.4585606865,0.0561408115,0.1168090405,1082.0,209.0
0.8642547513572983,0.6676870813333333,0.093685597,0.141050822,1082.0,209.0
0.859667324295891,0.6151552515,0.1342937605,0.22689518549999999,1082.0,209.0
0.8553405215084751,0.481368133,0.170606495,0.259128379,1082.0,209.0
0.848485017327751,0.269283274,0.183203275,0.2627672445,1082.0,209.0
0.7999737097099929,0.009226442666666666,0.15537213833333333,0.23705805966666668,1082.0,209.0
0.6967442945744252,0.0,0.12830335399999998,0.2122238185,1082.0,209.0
0.657361450507089,0.0,0.1133546052,0.2086652584,1082.0,209.0
0.750715944135502,0.0,0.08977173899999999,0.1887424,1082.0,209.0
0.8221889384116463,0.2013382705,0.084269765,0.177100266,1082.0,209.0
0.8360576980155342,0.441992085,0.085418836,0.161928852,1082.0,209.0
0.8522223016768805,0.7068153534999999,0.08312703475,0.19084443674999998,1082.0,209.0
0.8521840929850841,0.6947551505,0.12320387199999999,0.2868405765,1082.0,209.0
0.8491133999607952,0.4602535405,0.1607899475,0.354785201,1082.0,209.0
0.8395487333087899,0.23946377,0.170732493,0.369627948,1082.0,209.0
0.7935668605827599,0.011085089,0.21022840533333334,0.313155017,1082.0,209.0
0.6904198485016759,0.0,0.18417860149999998,0.2143419805,1082.0,209.0
0.6473972973496758,0.0,0.1604884525,0.18130711975,1082.0,209.0
0.702228290501701,0.0,0.1323978965,0.143293946,1082.0,209.0
0.7957407741182487,0.075710989,0.122977902,0.1489271435,1082.0,209.0
0.8308719496820236,0.441978005,0.0945405155,0.1651827615,1082.0,209.0
0.8509766807326996,0.73702585,0.08660521600000001,0.1844863695,1082.0,209.0
0.8625331609900638,0.8115142234999999,0.09200048799999999,0.278761514,1082.0,209.0
0.8655182124021821,0.719766861,0.097659366,0.37180331050000004,1082.0,209.0
0.8605713618021802,0.47366459400000005,0.11479584,0.4498416685,1082.0,209.0
0.8480955793716813,0.227043195,0.148277305,0.473933108,1082.0,209.0
0.8035830699882064,0.008145996333333334,0.19464445600000002,0.44655045266666665,1082.0,209.0
0.66904084776789,0.0,0.171419968,0.379231971,1082.0,209.0
0.6202373797215213,0.0,0.1356275505,0.3424602255,1082.0,209.0
0.6245884452960412,0.0,0.09963035066666666,0.280225011,1082.0,209.0
0.6386866129874796,0.0,0.087830246,0.251943177,1082.0,209.0
0.6691096483169842,0.124580683,0.081228146,0.230507402,1082.0,209.0
0.7123016099089385,0.34400697,0.0692275285,0.2150422265,1082.0,209.0
0.7260474790727857,0.5823632666666666,0.11351930866666667,0.17787018033333335,1082.0,209.0
0.7285478987335623,0.5925186815,0.106219923,0.213053481,1082.0,209.0
0.7383220105612824,0.4217907945,0.0893007735,0.21044253149999997,1082.0,209.0
0.7418631478520497,0.251567634,0.084101406,0.188100085,1082.0,209.0
0.7388475200815579,0.143435982,0.079179029,0.157798593,1082.0,209.0
0.7263153142854389,0.006360547333333333,0.07553030366666666,0.123070452,1082.0,209.0
0.6762613633298247,0.0,0.057890731,0.1060950635,1082.0,209.0
0.6219271435560436,0.0,0.0410084082,0.10053105279999999,1082.0,209.0
0.6327053424914284,0.0,0.034738308999999995,0.0803523815,1082.0,209.0
0.687586952800832,0.1868733675,0.0248064665,0.0661736345,1082.0,209.0
0.7175047066956263,0.412867018,0.020919267,0.068511727,1082.0,209.0
0.7362820850202464,0.5765683349999999,0.033303967000000004,0.0938502145,1082.0,209.0
0.7479580531014857,0.6390309243333333,0.03885986266666667,0.09424131200000001,1082.0,209.0
0.7534745295483835,0.47089968449999997,0.073221723,0.19744605399999998,1082.0,209.0
0.746364980001101,0.216500568,0.09604030050000001,0.20661831749999998,1082.0,209.0
0.7343596260538966,0.005548444666666667,0.12404171500000001,0.20872008733333333,1082.0,209.0
0.6730629334155978,0.0,0.0942845664,0.11505687319999999,1082.0,209.0
0.6691894135493659,0.0,0.1069301825,0.164763472,1082.0,209.0
0.7514402228478113,0.0,0.11531111150000001,0.1956956895,1082.0,209.0
0.8149099548714596,0.122365904,0.118276696,0.224926604,1082.0,209.0
0.8377493676085737,0.40070812050000004,0.0909963025,0.23786989949999998,1082.0,209.0
0.8671468096318382,0.714596055,0.094055695,0.24096393100000002,1082.0,209.0
0.8947175406551571,0.8348078784999999,0.10588795200000001,0.2942151165,1082.0,209.0
0.9054693446929504,0.791359382,0.10738217,0.392294517,1082.0,209.0
0.9024415894273257,0.6358634265,0.12711291,0.4657667465,1082.0,209.0
0.8752315463299268,0.3182980385,0.157136049,0.4818252965,1082.0,209.0
0.8293322250419651,0.008558628,0.1890492935,0.519342028,1082.0,209.0
0.7555916685627198,0.0,0.1914870415,0.4333971525,1082.0,209.0
0.6779146604568487,0.0,0.163100906,0.35771100600000005,1082.0,209.0
0.6569057279767665,0.0,0.140624529,0.2827180793333333,1082.0,209.0
0.7067675352934499,0.0,0.135641748,0.25812628,1082.0,209.0
0.7980162964062534,0.069032238,0.13065871950000002,0.2976619635,1082.0,209.0
0.8505683256969878,0.4257851615,0.10980524650000001,0.307953962,1082.0,209.0
0.890806491128675,0.7111286990000001,0.1287797685,0.25699461349999997,1082.0,209.0
0.909634650344284,0.7500345165,0.12546518099999998,0.28288883249999996,1082.0,209.0
0.9156086863487234,0.6280445785,0.10915631,0.3447018645,1082.0,209.0
0.8964647438808286,0.40523120349999997,0.1058471825,0.3757779365,1082.0,209.0
0.8662991019291058,0.183506429,0.112626447,0.354653018,1082.0,209.0
0.8159645013858828,0.004125477666666666,0.13662390633333335,0.3192199143333333,1082.0,209.0
0.7267992906962533,0.0,0.11900566500000001,0.18831509950000003,1082.0,209.0
0.6664001347443149,0.0,0.10624497575,0.15864953275,1082.0,209.0
0.7091882832839077,0.0,0.056762876500000004,0.14209289349999998,1082.0,209.0
0.7982996772155928,0.0578158505,0.042471819,0.15599591299999999,1082.0,209.0
0.8403235823162288,0.293596162,0.024350162,0.143717846,1082.0,209.0
0.8526016724118078,0.477816837,0.019401781,0.122438162,1082.0,209.0
0.8794074811026927,0.6669457635,0.0179279605,0.0916907025,1082.0,209.0
0.9039538281809087,0.753647555,0.027990244999999997,0.163931135,1082.0,209.0
0.9016709545299304,0.670139048,0.0516322715,0.21864933549999999,1082.0,209.0
0.8914955580184145,0.42495546549999996,0.078063029,0.2470046495,1082.0,209.0
0.8626983103765086,0.201171838,0.093997457,0.20538765,1082.0,209.0
0.816448977227525,0.003486556,0.10595516666666667,0.146522564,1082.0,209.0
0.6959437076613356,0.0,0.09010306600000001,0.07825400966666667,1082.0,209.0
0.6641066787123275,0.0,0.085785433,0.057146434999999995,1082.0,209.0
0.7524598930744479,0.0,0.0639568835,0.0523047215,1082.0,209.0
0.8273323108461739,0.24604261149999998,0.046138269,0.056684235,1082.0,209.0
0.8553616861892764,0.547457016,0.032984802,0.061571919,1082.0,209.0
0.9004075715075777,0.807535966,0.035530128,0.08184452166666667,1082.0,209.0
0.9258516035636926,0.835217689,0.060359802000000004,0.2001738555,1082.0,209.0
0.9234488596105904,0.634276677,0.0889362145,0.272281784,1082.0,209.0
0.8943533409031865,0.317090859,0.1194558195,0.242082489,1082.0,209.0
0.8140127694056055,0.003069113666666667,0.1643059146666667,0.191470798,1082.0,209.0
0.7069159918921131,0.0,0.1345806695,0.11813351899999999,1082.0,209.0
0.6648205953530482,0.0,0.0997984098,0.08049183499999998,1082.0,209.0
0.752059217193799,0.0,0.074602688,0.08525849499999999,1082.0,209.0
0.8245688789671519,0.2249696605,0.0491684155,0.0822956105,1082.0,209.0
0.8541193896627601,0.5971419435,0.0261685605,0.093267342,1082.0,209.0
0.8827309788215985,0.81806053,0.0344818295,0.2105142275,1082.0,209.0
0.9015434518537753,0.776979686,0.059354237000000004,0.36214524550000005,1082.0,209.0
0.9039247034152039,0.621952912,0.074312315,0.421383617,1082.0,209.0
0.8949576558325257,0.382996669,0.10435584,0.42292394450000004,1082.0,209.0
0.8626983103765086,0.140480792,0.127716689,0.419483624,1082.0,209.0
0.8129571927880276,0.0019242746666666667,0.13908702033333334,0.378228811,1082.0,209.0
0.6737445240142685,0.0,0.119428467,0.36555878133333336,1082.0,209.0
0.6291890455223408,0.0,0.1123059975,0.377274856,1082.0,209.0
0.6353759567835661,0.0,0.09484494099999999,0.36812999675,1082.0,209.0
0.6707594569272561,0.089304257,0.074767836,0.359353232,1082.0,209.0
0.716381086580324,0.341766028,0.0494830255,0.327154258,1082.0,209.0
0.7360245120715261,0.6419788946666666,0.04221198066666667,0.24863606133333335,1082.0,209.0
0.745545085814499,0.663305558,0.0535905985,0.30162721449999996,1082.0,209.0
0.748632542122985,0.557347358,0.066589826,0.329040247,1082.0,209.0
0.752409229136038,0.382773295,0.08763073299999999,0.3135798905,1082.0,209.0
0.7385189381292112,0.054592846333333334,0.09966001566666667,0.23434871733333332,1082.0,209.0
0.7107698219632679,0.0,0.071399904,0.1141081575,1082.0,209.0
0.6363973594514951,0.0,0.0570580475,0.072250415,1082.0,209.0
0.6233294325370827,0.0,0.05029794333333334,0.10306910033333333,1082.0,209.0
0.6532092978300845,0.053707773,0.0414788455,0.1451445065,1082.0,209.0
0.7128896065424001,0.395919655,0.02410429,0.1342866695,1082.0,209.0
0.7361080154819291,0.7363669265,0.0279070285,0.1293358665,1082.0,209.0
0.7493448572362063,0.847884894,0.034927412500000005,0.1334804755,1082.0,209.0
0.7557246027927785,0.720145212,0.045126586499999996,0.161592459,1082.0,209.0
0.7616913811587417,0.532547474,0.054110203,0.149095248,1082.0,209.0
0.755572845207575,0.26174368,0.062296007,0.1449920305,1082.0,209.0
0.7324346463263132,0.0011281075,0.08546573425000001,0.16312426425,1082.0,209.0
0.6641828619065029,0.0,0.0746046075,0.16037260650000001,1082.0,209.0
0.6733829543146338,0.0,0.069160539,0.1913851285,1082.0,209.0
0.753152237722646,0.0,0.0769730115,0.2049393655,1082.0,209.0
0.8155347788974217,0.112098157,0.079326984,0.187627253,1082.0,209.0
0.8342796843638968,0.316568935,0.059944517,0.161028909,1082.0,209.0
0.8549895262711853,0.5981765825,0.06418998349999999,0.141606314,1082.0,209.0
0.8887704753231817,0.7852457979999999,0.10695067266666668,0.15681686266666664,1082.0,209.0
0.8968565231625549,0.6286460505,0.137929259,0.1881718595,1082.0,209.0
0.8791120195792522,0.429610619,0.155664442,0.209002744,1082.0,209.0
0.8598630031784609,0.294544317,0.156802704,0.19595175,1082.0,209.0
0.8416524101879036,0.0798583645,0.13930856549999998,0.2276233125,1082.0,209.0
0.7842693736133739,0.0,0.1205896365,0.155694224,1082.0,209.0
0.6956236008725423,0.0,0.0792197075,0.09040637900000001,1082.0,209.0
0.6534346048211424,0.0,0.058917228,0.07359809475000001,1082.0,209.0
0.7038625769870198,0.0,0.040013072999999996,0.0572722435,1082.0,209.0
0.778254319415689,0.0,0.033429771,0.045143065,1082.0,209.0
0.8142317512519616,0.111131031,0.028340219,0.041149161,1082.0,209.0
0.8295929429592369,0.300306046,0.017440263,0.036849288,1082.0,209.0
0.8360576980155342,0.490228063,0.017056568,0.043162058,1082.0,209.0
0.8568617037232293,0.7077600895,0.019921076500000003,0.0347186235,1082.0,209.0
0.8741528541163401,0.8224130734999999,0.049183252,0.09435584350000001,1082.0,209.0
0.8784732419735848,0.701834318,0.08398883600000001,0.180412876,1082.0,209.0
0.8633313754984319,0.496144206,0.093286996,0.194619698,1082.0,209.0
0.8490287883434898,0.26208821,0.101912992,0.177089678,1082.0,209.0
0.7973671550423896,0.0013453296666666667,0.09442412133333333,0.12792383066666665,1082.0,209.0
0.6813581922927058,0.0,0.059846477333333335,0.07827148366666667,1082.0,209.0
0.6548568121393827,0.0,0.03659341775,0.08284736575,1082.0,209.0
0.7501340112496069,0.0,0.02705258,0.10050768600000001,1082.0,209.0
0.8133151180341386,0.122317665,0.024325692,0.106109647,1082.0,209.0
0.8293273553477429,0.340429822,0.015565697,0.094700788,1082.0,209.0
0.8499921991005512,0.637202542,0.0101302055,0.08240119600000001,1082.0,209.0
0.8836706027235784,0.8519884285,0.0169557105,0.089618586,1082.0,209.0
0.9061088714448595,0.8002655835,0.0281084475,0.146423946,1082.0,209.0
0.9046472965484693,0.6204539985,0.0376910655,0.1713826695,1082.0,209.0
0.8881097839446158,0.388073863,0.050628023,0.157311844,1082.0,209.0
0.835468366985634,0.06754240666666667,0.084808276,0.13185053466666669,1082.0,209.0
0.7445422021813584,0.0,0.09365437500000001,0.1210195615,1082.0,209.0
0.664981130992741,0.0,0.08013186066666667,0.109983605,1082.0,209.0
0.6464924170538646,0.0,0.0539151645,0.09214274,1082.0,209.0
0.7023538031160218,0.0,0.040980418500000004,0.08201975750000001,1082.0,209.0
0.7772940927738061,0.0,0.034310089,0.084074366,1082.0,209.0
0.8142521666240871,0.114070416,0.031429322,0.092665635,1082.0,209.0
0.8308586983050942,0.330329353,0.022177583,0.093712221,1082.0,209.0
0.8470274225550296,0.546602763,0.019554209,0.091523796,1082.0,209.0
0.8872578619964777,0.803775592,0.038054583,0.06894270233333334,1082.0,209.0
0.9180566158240833,0.8055331035,0.093691582,0.141540279,1082.0,209.0
0.9150059167365503,0.607947447,0.1152743475,0.19237124249999998,1082.0,209.0
0.8954504350365484,0.349388266,0.129853209,0.205649474,1082.0,209.0
0.8361066138648298,0.06031883866666666,0.14666801666666665,0.19389040666666668,1082.0,209.0
0.7740051983179744,0.0,0.133404927,0.192236472,1082.0,209.0
0.6851567697152138,0.0,0.13068126233333333,0.21935333066666665,1082.0,209.0
0.6550786189996479,0.0,0.091984433,0.25198481699999997,1082.0,209.0
0.750330486140667,0.0,0.07504350900000001,0.2523469265,1082.0,209.0
0.8276876606990362,0.22235586549999997,0.05397199849999999,0.1728410575,1082.0,209.0
0.869982725551816,0.6171062395,0.036011887,0.136130858,1082.0,209.0
0.9175035736092285,0.827611664,0.054287619,0.11846867633333334,1082.0,209.0
0.9222890675245321,0.7199727385,0.091681977,0.1790904325,1082.0,209.0
0.911208790879639,0.512316068,0.115885556,0.189071461,1082.0,209.0
0.8790904335442984,0.2635829605,0.1336860385,0.2063625795,1082.0,209.0
0.8288430042825907,0.0013576565,0.158052764,0.1816644765,1082.0,209.0
0.7452067566227245,0.0,0.1349541395,0.15552536449999999,1082.0,209.0
0.6584241476200011,0.0,0.103433058,0.1388867425,1082.0,209.0
0.6262951025651133,0.0,0.07626711025,0.14092150150000002,1082.0,209.0
0.635119534964969,0.0,0.0532729525,0.1387374365,1082.0,209.0
0.6695386529548474,0.11581629,0.044830751,0.15264078,1082.0,209.0
0.709434672885919,0.358258154,0.034389121,0.145480368,1082.0,209.0
0.7356564883763098,0.6459177439999999,0.0229595325,0.1237318665,1082.0,209.0
0.7615027571697723,0.898081035,0.052729625333333335,0.164553674,1082.0,209.0
0.7749720270953722,0.800591492,0.0770486505,0.26903794950000004,1082.0,209.0
0.7771785303062231,0.612901959,0.083953471,0.292038907,1082.0,209.0
0.7673081709729817,0.31567420199999996,0.1017438475,0.25821804800000003,1082.0,209.0
0.7343082635945511,0.00062562,0.12547762974999999,0.21295264174999998,1082.0,209.0
0.6424483209253875,0.0,0.097385286,0.1637363566,1082.0,209.0
0.6348832594869573,0.0,0.06675335499999999,0.1870106775,1082.0,209.0
0.6564238821603878,0.0598933695,0.052117201,0.1985599935,1082.0,209.0
0.7239046101662163,0.47904511299999997,0.0285912185,0.19691031650000002,1082.0,209.0
0.7556649018311342,0.749823362,0.021006556,0.175308123,1082.0,209.0
0.7703163536560027,0.9036932504999999,0.0381795205,0.24534732850000002,1082.0,209.0
0.7846388644949363,0.912665637,0.07933775900000001,0.389676142,1082.0,209.0
0.7871418125242786,0.7016938345,0.12471660650000001,0.432555743,1082.0,209.0
0.7715825070467137,0.324855597,0.1783518855,0.441098757,1082.0,209.0
0.7446961137785856,0.0007219153333333333,0.254036619,0.458903235,1082.0,209.0
0.7169678501762484,0.0,0.246917802,0.541044457,1082.0,209.0
0.6755231307941587,0.0,0.24429792475,0.53763580325,1082.0,209.0
0.7553205088105763,0.0,0.256857542,0.536754018,1082.0,209.0
0.8171378568307041,0.099313453,0.259317632,0.531490559,1082.0,209.0
0.844987567185541,0.325850282,0.244945239,0.515484419,1082.0,209.0
0.8656009509914491,0.6019442150000001,0.20254265100000002,0.4685759605,1082.0,209.0
0.9004717832922902,0.848260169,0.174486398,0.4545729545,1082.0,209.0
0.917692743945419,0.8898329140000001,0.1807512685,0.46927262950000004,1082.0,209.0
0.9206254457588663,0.77614178,0.197094046,0.522786449,1082.0,209.0
0.9193008788594841,0.633739776,0.216205191,0.574781626,1082.0,209.0
0.9019809315739749,0.442451582,0.240133939,0.595685099,1082.0,209.0
0.8801334455564799,0.224263239,0.278241707,0.587223593,1082.0,209.0
0.8344137424757523,0.000962068,0.31962562,0.5606299155000001,1082.0,209.0
0.7680887092360832,0.0,0.3036443365,0.4898557525,1082.0,209.0
0.6856824197680904,0.0,0.2610568075,0.473263674,1082.0,209.0
0.6647035602494539,0.0,0.22843155275000002,0.52725855575,1082.0,209.0
0.7518472668776002,0.0,0.2040395055,0.5573355275,1082.0,209.0
0.8142317512519616,0.095552783,0.186321471,0.583782915,1082.0,209.0
0.8304318477063269,0.348254973,0.149853001,0.601051258,1082.0,209.0
0.8491013661089428,0.617192321,0.115226878,0.5808639715,1082.0,209.0
0.8704619257492539,0.8208522115,0.1040379145,0.5554106535000001,1082.0,209.0
0.8873113822309044,0.829594214,0.108365699,0.549201475,1082.0,209.0
0.8897182935130188,0.635901425,0.1326119855,0.56753819,1082.0,209.0
0.8691872268610082,0.385591161,0.170975904,0.571859728,1082.0,209.0
0.8514617807816592,0.193465362,0.21375227,0.575945156,1082.0,209.0
0.8211434446494965,0.0008360145,0.27013875249999997,0.6068732255,1082.0,209.0
0.7424770850548205,0.0,0.262038767,0.5981605025,1082.0,209.0
0.6699412251728335,0.0,0.230185952,0.5775237710000001,1082.0,209.0
0.6607984223509685,0.0,0.22964122750000002,0.5874364864999999,1082.0,209.0
0.7534019753358804,0.0,0.248784753,0.5749343895000001,1082.0,209.0
0.8153014063610966,0.044667231,0.258344598,0.558387746,1082.0,209.0
0.8323847970763194,0.227830108,0.258620288,0.553197258,1082.0,209.0
0.8479878833457217,0.445283168,0.25790456900000003,0.5371169075,1082.0,209.0
0.8663279925053929,0.6358177675000001,0.26808462025,0.50428843175,1082.0,209.0
0.869137218587994,0.49947783999999995,0.271555451,0.5043213470000001,1082.0,209.0
0.8554062629896042,0.295796155,0.280129258,0.488183587,1082.0,209.0
0.8260739067279284,0.04777308466666666,0.2803293613333333,0.44764796966666665,1082.0,209.0
0.7387191512253648,0.0,0.240232471,0.41255505849999996,1082.0,209.0
0.6620263905216159,0.0,0.2068675365,0.38287924650000005,1082.0,209.0
0.6373731902881792,0.0,0.18238903550000002,0.357525248,1082.0,209.0
0.6641443489349583,0.0,0.17491911799999998,0.333641155,1082.0,209.0
0.7497604935445612,0.0,0.17369124949999998,0.320914066,1082.0,209.0
0.8129364028427812,0.070071695,0.159082039,0.305005473,1082.0,209.0
0.8291489545843687,0.3021289,0.132429416,0.285725918,1082.0,209.0
0.8344092941356824,0.498059486,0.127873761,0.258991826,1082.0,209.0
0.8534965323893338,0.729888561,0.10048504050000001,0.2181947215,1082.0,209.0
0.868875813872117,0.815268897,0.09334538833333333,0.20482277066666668,1082.0,209.0
0.876696820338928,0.663887391,0.094680073,0.222518866,1082.0,209.0
0.8720015568272492,0.556118774,0.098401071,0.219421539,1082.0,209.0
0.8618906842717854,0.364408665,0.098521757,0.219040562,1082.0,209.0
0.8426639095713434,0.0869110355,0.114895308,0.22396591799999999,1082.0,209.0
0.7786015452876032,0.0,0.123057649,0.2143706615,1082.0,209.0
0.6823235852606184,0.0,0.089003868,0.19065552133333333,1082.0,209.0
0.6401069589323309,0.0,0.0691608415,0.1896900485,1082.0,209.0
0.6642329873757471,0.0,0.0567099265,0.16230807749999998,1082.0,209.0
0.7498717949586347,0.0,0.0509608945,0.1563702595,1082.0,209.0
0.8129056860600958,0.081405951,0.048029638,0.156948492,1082.0,209.0
0.8293273553477429,0.333969357,0.032520378,0.155499058,1082.0,209.0
0.8360576980155342,0.542038085,0.026203888,0.16800624,1082.0,209.0
0.8711097093261632,0.7984230533333333,0.037478783999999994,0.19182676233333332,1082.0,209.0
0.9011036308891365,0.849449591,0.0586169755,0.309591623,1082.0,209.0
0.9061776095109554,0.728892131,0.070044552,0.394391616,1082.0,209.0
0.8982730060987506,0.586570601,0.081656508,0.405310651,1082.0,209.0
0.8685119262644138,0.405029709,0.09494469,0.399281496,1082.0,209.0
0.8488506685911734,0.179719221,0.120591963,0.391774694,1082.0,209.0
0.8108797842703126,0.0,0.159049471,0.415216641,1082.0,209.0
0.7238804019569826,0.0,0.1631737135,0.40214262300000003,1082.0,209.0
0.6405170231000366,0.0,0.1363237635,0.382173836,1082.0,209.0
0.6083895818792128,0.0,0.122164491,0.3501351835,1082.0,209.0
0.6207371280539197,0.0,0.10243115833333333,0.28527889833333336,1082.0,209.0
0.6371083051231125,0.0,0.090054383,0.300989698,1082.0,209.0
0.6671260758888033,0.090199951,0.083038199,0.312141798,1082.0,209.0
0.706639868802467,0.372755337,0.05644904,0.303008483,1082.0,209.0
0.7174773613958968,0.582610231,0.045576705,0.315624938,1082.0,209.0
0.7337192954425138,0.8116663435,0.0397427555,0.31703083200000004,1082.0,209.0
0.744539369330002,0.9163991469999999,0.0554519455,0.4216999555,1082.0,209.0
0.7474888108746965,0.7859384425,0.0645373605,0.4835197255,1082.0,209.0
0.7535600542891923,0.588949744,0.081822304,0.489958589,1082.0,209.0
0.7454838864791542,0.398552689,0.094359,0.457576909,1082.0,209.0
0.7323730098807046,0.05609517233333333,0.11931385666666668,0.3751327073333333,1082.0,209.0
0.6985653397904412,0.0,0.103273189,0.26288600500000003,1082.0,209.0
0.6378626685056615,0.0,0.076258364,0.21152904649999998,1082.0,209.0
0.6142353660612553,0.0,0.055718554,0.18163960475,1082.0,209.0
0.6324862514081151,0.0,0.043321780000000004,0.13744855,1082.0,209.0
0.6674964562597022,0.078293682,0.035643408,0.122634181,1082.0,209.0
0.7067316913584343,0.343409765,0.022331816,0.111690441,1082.0,209.0
0.7174116668582334,0.549283104,0.018642461,0.101156234,1082.0,209.0
0.7364000120415675,0.8199047863333333,0.03529230733333333,0.11226920466666668,1082.0,209.0
0.7515549190541395,0.8659519055,0.0959557305,0.17146461899999998,1082.0,209.0
0.7564696716939854,0.730213844,0.130781868,0.196324179,1082.0,209.0
0.7577569195127334,0.580714684,0.15467316,0.205664245,1082.0,209.0
0.7495755842077354,0.391934641,0.180290752,0.216132854,1082.0,209.0
0.739331379377359,0.074742097,0.224487936,0.187625432,1082.0,209.0
0.7176441964696748,0.0,0.22201611300000001,0.17523856666666668,1082.0,209.0
0.6690137052942534,0.0,0.2071755845,0.2187087735,2377.5,459.5
0.6564778940288037,0.0,0.24305875325,0.26865124625000003,3673.0,710.0
0.756178026316952,0.0,0.28647717100000003,0.3304941565,3673.0,710.0
0.8167488402287868,0.062598626,0.29974269,0.315838828,3673.0,710.0
0.8283185717818633,0.330896745,0.291358291,0.307066559,3673.0,710.0
0.8305674510541317,0.6260901165,0.2687223285,0.293039701,3673.0,710.0
0.8366028269806618,0.8667172955,0.271341446,0.34258700799999997,3673.0,710.0
0.8355510119316207,0.8854100705000001,0.31093081899999997,0.45531828799999996,3673.0,710.0
0.8350227397315364,0.6828906404999999,0.36105841299999997,0.549868017,3673.0,710.0
0.8297209138517931,0.2944216745,0.39010256600000004,0.5637603245,3673.0,710.0
0.7885913379209942,0.0,0.436447282,0.5100403506666666,3673.0,710.0
0.6738275045491833,0.0,0.366064746,0.4218773945,3673.0,710.0
0.6390753954405879,0.0,0.35503789325,0.42425645475000007,3673.0,710.0
0.7077157983362447,0.0,0.3598316735,0.38146029800000003,3673.0,710.0
0.8029172591187874,0.033761162,0.350608813,0.4383275525,3673.0,710.0
0.8285635567346715,0.47368236249999995,0.2885363345,0.456087381,3673.0,710.0
0.8313529760452514,0.8146782885,0.23594849499999998,0.3497955315,3673.0,710.0
0.8362383931610992,0.9504163130000001,0.21805449300000002,0.376781037,3673.0,710.0
0.8410039868370717,0.8497755615,0.19854449349999997,0.376938577,3673.0,710.0
0.8387068316518647,0.542869572,0.1923474645,0.4049011985,3673.0,710.0
0.8324132662578456,0.167360581,0.217641447,0.43376018,3673.0,710.0
0.7903702568722242,0.0,0.2448852326666667,0.45853990466666666,3673.0,710.0
0.6664339185271658,0.0,0.22283343833333333,0.4556834176666667,3673.0,710.0
0.6500792431690643,0.0,0.19838957075,0.5040510512499999,3673.0,710.0
0.7563019000520435,0.0,0.172250866,0.5193063655,3673.0,710.0
0.8168893132708137,0.070578573,0.160553267,0.501352428,3673.0,710.0
0.8289854439959361,0.4914476415,0.10627994099999999,0.4602630735,3673.0,710.0
0.8371850875774292,0.831473273,0.07837251549999999,0.4139056875,3673.0,710.0
0.8449870052446427,0.954192571,0.0801623605,0.4109349785,3673.0,710.0
0.8569682290863607,0.8541558579999999,0.0927026645,0.44557969399999997,3673.0,710.0
0.8470408142750537,0.647325474,0.107773662,0.487367812,3673.0,710.0
0.8370194698933663,0.439185598,0.118938055,0.488673597,3673.0,710.0
0.8141775598667514,0.05174800733333334,0.161456998,0.469232547,3673.0,710.0
0.7237076201965065,0.0,0.15309478799999998,0.44183052300000003,3673.0,710.0
0.6495391830424115,0.0,0.11520469850000001,0.404266887,3673.0,710.0
0.633927387460647,0.0,0.0868653515,0.375347843,3673.0,710.0
0.6664948135421542,0.0,0.06739991649999999,0.3556995435,3673.0,710.0
0.756840075536617,0.0,0.055585547,0.33125539449999997,3673.0,710.0
0.818017124186861,0.066628277,0.049423122,0.321101642,3673.0,710.0
0.8281001831449774,0.383242972,0.036073716,0.31132834,3673.0,710.0
0.8293460849783904,0.604715802,0.023423423,0.295201419,3673.0,710.0
0.8367673677263938,0.8346583925,0.0223449915,0.2855757745,3673.0,710.0
0.8422322359781684,0.957095657,0.0370461365,0.2454644345,3673.0,710.0
0.8455894003649118,0.853836543,0.057391567500000004,0.26656859600000005,3673.0,710.0
0.8431933523530389,0.64281037,0.081426248,0.281595749,3673.0,710.0
0.8354853173127402,0.436509092,0.099915736,0.257841833,3673.0,710.0
0.8309139510891027,0.145194894,0.129537048,0.224380288,3673.0,710.0
0.7907120120706801,0.0,0.13562394733333333,0.171378365,3673.0,710.0
0.6577169244921193,0.0,0.09870148475,0.12597223000000002,3673.0,710.0
0.6556088968146353,0.0,0.08108576433333332,0.11189153733333333,3673.0,710.0
0.7565796151586701,0.0,0.07335822850000001,0.1364253345,3673.0,710.0
0.8176134984210598,0.052141772,0.069314334,0.155622576,3673.0,710.0
0.8281001831449774,0.365014181,0.055102492,0.163294875,3673.0,710.0
0.8289342181166279,0.584535682,0.044278005,0.164732891,3673.0,710.0
0.8349625236100253,0.8124395550000001,0.0503523675,0.1387528195,3673.0,710.0
0.8401396563556709,0.9350788,0.065736078,0.1512261685,3673.0,710.0
0.8470748555972295,0.81444518,0.083477401,0.2021047495,3673.0,710.0
0.8448890487695617,0.596257386,0.102653737,0.223414584,3673.0,710.0
0.8355009566339237,0.394413738,0.113168025,0.219854347,3673.0,710.0
0.8009592643820529,0.03150214375,0.147824122,0.22962996375,3673.0,710.0
0.6648407204878569,0.0,0.113856886,0.2493425325,3673.0,710.0
0.611650639265964,0.0,0.0924749715,0.2608666085,3673.0,710.0
0.6123902375478572,0.0,0.09293166366666668,0.2891748613333333,3673.0,710.0
0.6336224205351368,0.0,0.1026751875,0.3732493575,3673.0,710.0
0.6726993893127795,0.045105805,0.110014197,0.402836415,3673.0,710.0
0.7018331165089372,0.332448562,0.099442479,0.430589826,3673.0,710.0
0.7091024073604938,0.553752211,0.088102742,0.456531693,3673.0,710.0
0.7108886622705265,0.720873006,0.115980168,0.456985044,3673.0,710.0
0.7139654425141145,0.856130037,0.20907979799999998,0.500901959,3673.0,710.0
0.7183635821513907,0.835834278,0.314676822,0.5818752075,3673.0,710.0
0.7229102017778458,0.684799642,0.358631197,0.62856475,3673.0,710.0
0.7268778150942595,0.538063261,0.384079093,0.645317603,3673.0,710.0
0.7264958689254752,0.350510589,0.374882294,0.643770224,3673.0,710.0
0.7239342500105708,0.05108932,0.37510837799999996,0.6205055429999999,3673.0,710.0
0.7133000218114935,0.0,0.37153067100000003,0.604527834,3673.0,710.0
0.6413767998216122,0.0,0.33788783375,0.58741081475,3673.0,710.0
0.6165628048173034,0.0,0.32080919575,0.5457958495,3673.0,710.0
0.6386827265883082,0.0,0.302988525,0.52129177,3673.0,710.0
0.674511022770006,0.042021714,0.299491208,0.528779256,3673.0,710.0
0.7112508952699612,0.3308191,0.282485483,0.508867925,3673.0,710.0
0.7119959640899511,0.539811804,0.309972795,0.498457158,3673.0,710.0
0.708702691465597,0.7298734225,0.27477667400000005,0.4000777325,3673.0,710.0
0.7077294710673265,0.829507142,0.2896982945,0.3953984205,3673.0,710.0
0.7108758791912152,0.7317945375,0.31094114650000004,0.4631691005,3673.0,710.0
0.7208740455209682,0.554663864,0.317794411,0.554663497,3673.0,710.0
0.7231448619295782,0.2413162915,0.3237714405,0.598406507,3673.0,710.0
0.7161407606717343,0.0,0.3431236803333333,0.533500372,3673.0,710.0
0.673028142930937,0.0,0.281490189,0.35638816549999996,3673.0,710.0
0.6364458343056438,0.0,0.2405261925,0.3061248735,3673.0,710.0
0.6420239472522948,0.0,0.208732392,0.2573247675,3673.0,710.0
0.6856884601251408,0.0,0.199926584,0.251621387,3673.0,710.0
0.7595718775906671,0.0,0.1943830475,0.237366986,3673.0,710.0
0.8280242339777855,0.02455556,0.188481714,0.223664449,3673.0,710.0
0.8329852723875187,0.265361154,0.16114256,0.210195862,3673.0,710.0
0.8289571621009704,0.5115914535,0.140716522,0.16092528849999999,3673.0,710.0
0.8287826009557362,0.6941176609999999,0.11290402299999999,0.1359362665,3673.0,710.0
0.8281108590474411,0.690210569,0.110481726,0.2553021305,3673.0,710.0
0.8284104411188622,0.5215942525,0.1213890055,0.3815240055,3673.0,710.0
0.8283521915874525,0.315400789,0.1304138,0.400836427,3673.0,710.0
0.8113640415838951,0.031076125333333333,0.16944279699999998,0.42708202599999995,3673.0,710.0
0.7006153404712839,0.0,0.16131927966666668,0.3680638073333333,3673.0,710.0
0.6482326247610276,0.0,0.15809786839999998,0.3189559654,3673.0,710.0
0.7785399478803323,0.006981087,0.14556683366666667,0.26031116066666665,3673.0,710.0
0.8317813250177191,0.282675204,0.109389592,0.225023423,3673.0,710.0
0.8286477000543587,0.5558635175,0.1023278945,0.21372637,3673.0,710.0
0.8297623767897069,0.7284112437499999,0.14001871624999998,0.30369100299999996,3673.0,710.0
0.8301666346679538,0.50306775,0.178521741,0.4197329945,3673.0,710.0
0.8282820487909365,0.288572983,0.189242391,0.444527869,3673.0,710.0
0.8226288999630311,0.0365894065,0.220591054,0.44290166350000004,3673.0,710.0
0.7722716911326832,0.0,0.23903046700000002,0.360283759,3673.0,710.0
0.6877281282080692,0.0,0.199162392,0.244474045,3673.0,710.0
0.6438809458568625,0.0,0.18281768966666667,0.20561405733333335,3673.0,710.0
0.6555237545791476,0.0,0.15005456800000003,0.174658668,3673.0,710.0
0.7562679290638492,0.0,0.15135725249999998,0.19407913100000002,3673.0,710.0
0.8175695772049105,0.014679877,0.147706467,0.200240126,3673.0,710.0
0.8291049396437222,0.216117459,0.134405658,0.215481816,3673.0,710.0
0.82856037270071,0.353434676,0.141263315,0.231410125,3673.0,710.0
0.8284559543519922,0.486969459,0.179618365,0.252199331,3673.0,710.0
0.8283778514705724,0.5823236535,0.25258941300000004,0.29681779750000004,3673.0,710.0
0.8276620946216309,0.6076640874999999,0.3249845425,0.275679493,3673.0,710.0
0.8275671348939508,0.519836721,0.321409637,0.227411953,3673.0,710.0
0.8291587876973106,0.342824118,0.305385561,0.222979373,3673.0,710.0
0.8278269162972033,0.233895502,0.266343076,0.267178471,3673.0,710.0
0.8257321827168268,0.041248244,0.257044011,0.304949435,3673.0,710.0
0.7880000090053487,0.0,0.2934200573333334,0.3511675783333333,3673.0,710.0
0.6755118696414979,0.0,0.35634295650000003,0.45790495249999996,3673.0,710.0
0.6484801944308036,0.0,0.3519727268,0.5548939626,3673.0,710.0
0.755996605415661,0.0,0.349613483,0.3205932185,3673.0,710.0
0.8167482783691055,0.017529499,0.32874067,0.294076155,3673.0,710.0
0.8280794867617941,0.103829284,0.32479465,0.351236911,3673.0,710.0
0.828827645972465,0.22881083750000003,0.323262531,0.347027421,3673.0,710.0
0.8292339875558266,0.374806482,0.400779898,0.453514252,3673.0,710.0
0.8289775775543129,0.3898185325,0.4134648065,0.4296301965,3673.0,710.0
0.8289868487263565,0.334649358,0.38221503,0.387488951,3673.0,710.0
0.8301596110158524,0.256432539,0.364146003,0.363841099,3673.0,710.0
0.8251535588038171,0.07197846366666667,0.29269069499999995,0.3549111333333333,3673.0,710.0
0.7724073177897866,0.0,0.2698489255,0.3918533865,3673.0,710.0
0.6644630821806858,0.0,0.27045748266666664,0.396604459,3673.0,710.0
0.6521917114303881,0.0,0.23538668699999998,0.3654291905,3673.0,710.0
0.7559998831741197,0.0,0.213083338,0.3810094165,3673.0,710.0
0.8165689411729292,0.017243202,0.207021555,0.39052117,3673.0,710.0
0.8283185717818633,0.206775573,0.195152412,0.400217207,3673.0,710.0
0.829221344982044,0.387694045,0.203715935,0.393467327,3673.0,710.0
0.8304915955302199,0.572445317,0.198306165,0.379987806,3673.0,710.0
0.8315994281302609,0.7033825143333333,0.26176884633333336,0.4276338583333333,3673.0,710.0
0.8318621438791333,0.5662662235,0.2508626235,0.45042418900000003,3673.0,710.0
0.8324705793564531,0.433192847,0.214542728,0.428151912,3673.0,710.0
0.8299115357535802,0.251860833,0.191885838,0.41988534,3673.0,710.0
0.8122416544942178,0.010369948666666667,0.17708339100000003,0.4463458126666667,3673.0,710.0
0.7597225114565082,0.0,0.157575513,0.450079132,3673.0,710.0
0.6437827864067909,0.0,0.15851510425,0.4274032422499999,3673.0,710.0
0.6133829602759667,0.0,0.188741075,0.4713963743333333,3673.0,710.0
0.6322880206040296,0.0,0.20450208749999998,0.4801008925,3673.0,710.0
0.6651894212617389,0.013364538,0.19649725,0.461037157,3673.0,710.0
0.7017983728215514,0.218673455,0.183909693,0.450842224,3673.0,710.0
0.7093701957921155,0.510526569,0.148707782,0.4129101,3673.0,710.0
0.7114445139191494,0.757744726,0.192222419,0.429424845,3673.0,710.0
0.7111431290724542,0.7625515034999999,0.258022421,0.4347477105,3673.0,710.0
0.7173743009965674,0.617636303,0.315537199,0.424399966,3673.0,710.0
0.7248478396187442,0.474059591,0.340491871,0.443143292,3673.0,710.0
0.7246151694476293,0.293182247,0.331060355,0.525662303,3673.0,710.0
0.7219274682618843,0.011906091333333334,0.4212734793333333,0.5690039143333333,3673.0,710.0
0.6946284900377446,0.0,0.520287663,0.6150933615,3673.0,710.0
0.6310279777419165,0.0,0.5802113630000001,0.5889600685,3673.0,710.0
0.6082575059782084,0.0,0.611721191,0.5204032253333333,3673.0,710.0
0.6289378017927121,0.0,0.599037548,0.6952279983333334,3673.0,710.0
0.665537138821787,0.010045673,0.555830561,0.746564487,3673.0,710.0
0.7018940817766901,0.145599401,0.534379264,0.771857187,3673.0,710.0
0.7087280936469578,0.271705168,0.562224482,0.804230789,3673.0,710.0
0.708547632731419,0.4200861836666667,0.5234247243333333,0.7592111060000001,3673.0,710.0
0.7074670908803097,0.4469809775,0.5531726365,0.7769980405,3673.0,710.0
0.7137134807714537,0.369210694,0.545767229,0.712860637,3673.0,710.0
0.7209444693285422,0.282466414,0.511516617,0.641637234,3673.0,710.0
0.7228383732398518,0.196422155,0.450759181,0.585557671,3673.0,710.0
0.7225757979694359,0.008498351666666666,0.37926983966666666,0.53528279,3673.0,710.0
0.6843003995082229,0.0,0.37279953699999996,0.4635047456666667,3673.0,710.0
0.6364795478357304,0.0,0.3903600445,0.47430015449999996,3673.0,710.0
0.6556088968146353,0.0,0.38056757599999996,0.5023330666666667,3673.0,710.0
0.7565796151586701,0.0,0.36188339150000004,0.554753097,3673.0,710.0
0.8186803440693543,0.011626866,0.336378448,0.552431539,3673.0,710.0
0.8317813250177191,0.171443715,0.305712071,0.516580573,3673.0,710.0
0.8298615273181319,0.281761947,0.296541585,0.461375991,3673.0,710.0
0.8282999669006333,0.405401401,0.3017153753333333,0.32677967299999994,3673.0,710.0
0.82680745682886,0.3831983245,0.259025049,0.360299146,3673.0,710.0
0.8277695564175643,0.2557803865,0.1902288385,0.4446916525,3673.0,710.0
0.8250906268918179,0.04257896966666667,0.12593706633333335,0.4426624049999999,3673.0,710.0
0.7722314689479282,0.0,0.08807757399999999,0.310493749,3673.0,710.0
0.661821003437956,0.0,0.048705751,0.14087831333333334,3673.0,710.0
0.6501676709327767,0.0,0.03511640775,0.068167598,3673.0,710.0
0.7573111050532925,0.0,0.046917966500000005,0.0768994805,3673.0,710.0
0.8201851845977152,0.009456497,0.056539194,0.092957209,3673.0,710.0
0.8313582203125947,0.193243701,0.052613253,0.090122299,3673.0,710.0
0.8287847548323981,0.383106734,0.049334316,0.084904744,3673.0,710.0
0.8285826610467293,0.6242703723333334,0.060872292333333335,0.07853791633333335,3673.0,710.0
0.8281660181069523,0.5141487015,0.07519641699999999,0.1412724935,3673.0,710.0
0.828510926124943,0.2814872465,0.0791236075,0.1856617455,3673.0,710.0
0.8244465426170263,0.0555254,0.08600784566666668,0.176456896,3673.0,710.0
0.7723632092058599,0.0,0.0838104395,0.15568058,3673.0,710.0
0.6730301563832872,0.0,0.0633539145,0.11783792400000001,3673.0,710.0
0.6364795478357304,0.0,0.056270772999999996,0.125347001,3673.0,710.0
0.6561080753822245,0.0,0.05006854166666667,0.118784793,3673.0,710.0
0.7789278874897739,0.003568534333333333,0.04656012033333334,0.099932497,3673.0,710.0
0.8320810008948546,0.279051688,0.036727016,0.079507268,3673.0,710.0
0.8286258798705961,0.5551827105,0.021733988500000002,0.072204781,3673.0,710.0
0.8285335891523724,0.789458426,0.042563566,0.09646319966666667,3673.0,710.0
0.8279344249553855,0.556351902,0.0772203145,0.18812967400000002,3673.0,710.0
0.8290273048974865,0.330871846,0.100420222,0.270051095,3673.0,710.0
0.8242575907818229,0.066898741,0.11131035766666668,0.31641049466666665,3673.0,710.0
0.7723516670421413,0.0,0.0990602955,0.298700792,3673.0,710.0
0.6731863155275291,0.0,0.11112256549999999,0.32921212899999996,3673.0,710.0
0.6364795478357304,0.0,0.13118090300000002,0.450059067,3673.0,710.0
0.6555237545791476,0.0,0.16801898633333334,0.500824145,3673.0,710.0
0.776873641430316,0.0020901653333333333,0.23747933066666668,0.507901988,3673.0,710.0
0.82944216850665,0.09798327,0.276604224,0.48257571,3673.0,710.0
0.8286801493595538,0.207203175,0.277170995,0.441395868,3673.0,710.0
0.8283255955151818,0.3556284045,0.2859398775,0.342925622,3673.0,710.0
0.8278550576866404,0.4345207245,0.3584695625,0.3686145125,3673.0,710.0
0.8275502781289077,0.3531062505,0.396752494,0.3925707265,3673.0,710.0
0.8283644595881141,0.230974223,0.386199525,0.352353746,3673.0,710.0
0.8241720895668916,0.050807200999999996,0.3439996416666667,0.31904539099999996,3673.0,710.0
0.7722614365843719,0.0,0.330823922,0.339622107,3673.0,710.0
0.6626378539607635,0.0,0.32246986699999997,0.3349140836666667,3673.0,710.0
0.6508020587558808,0.0,0.35813574425,0.350872185,3673.0,710.0
0.755996605415661,0.0,0.347693084,0.3133640645,3673.0,710.0
0.8167521179872455,0.003964152,0.330637372,0.320779212,3673.0,710.0
0.8281117955614603,0.113619438,0.309978623,0.327660434,3673.0,710.0
0.8283846409738647,0.2906341505,0.2829003255,0.313424312,3673.0,710.0
0.8283778514705724,0.4166418465,0.339028825,0.29600800250000003,3673.0,710.0
0.8277562114785717,0.45515278800000003,0.376021865,0.3364510255,3673.0,710.0
0.828015431022143,0.32308446300000004,0.363112031,0.359245752,3673.0,710.0
0.8242891503811026,0.05814057466666667,0.32696344866666666,0.35628266700000005,3673.0,710.0
0.7722778016612812,0.0,0.31111425950000005,0.3287178835,3673.0,710.0
0.6436117994758522,0.0,0.29166077333333335,0.28849622766666666,3673.0,710.0
0.6111868677126331,0.0,0.3067171705,0.28932099925000004,3673.0,710.0
0.6440944647724541,0.0011976956666666667,0.30295700200000003,0.2818599256666667,3673.0,710.0
0.7053340551678993,0.21534255749999998,0.336045561,0.4016959395,3673.0,710.0
0.709336014045628,0.4295035975,0.387152288,0.4155518035,3673.0,710.0
0.707994793342657,0.4744403873333334,0.4139931753333333,0.45361833166666665,3673.0,710.0
0.7177573474129815,0.3017139555,0.386416828,0.49992485249999996,3673.0,710.0
0.7227017398159649,0.167105459,0.365019163,0.4694839,3673.0,710.0
0.7209144081300352,0.002924824,0.3705623393333333,0.48735299466666665,3673.0,710.0
0.6883366103852036,0.0,0.38400013850000003,0.5257033664999999,3673.0,710.0
0.6284370233030141,0.0,0.353420504,0.4653870075,3673.0,710.0
0.6069449730660404,0.0,0.32293055066666665,0.322807109,3673.0,710.0
0.6248142946952924,0.0,0.303365789,0.354645694,3673.0,710.0
0.6548194462777168,0.0022712075,0.27774531950000003,0.3726529205,3673.0,710.0
0.7058521897722511,0.238550484,0.238867386,0.3129988065,3673.0,710.0
0.709238408671935,0.535696394,0.190444318,0.190833058,3673.0,710.0
0.7079358727146088,0.66285277,0.16614304800000002,0.194592188,3673.0,710.0
0.7116142989322245,0.586671929,0.14894534050000002,0.2396043595,3673.0,710.0
0.7214704939274672,0.399430001,0.134737265,0.245478713,3673.0,710.0
0.7229787057763498,0.235439902,0.112971723,0.229345159,3673.0,710.0
0.7170242422732969,0.002362835,0.10453335500000001,0.18348186525000001,3673.0,710.0
0.6732398357890281,0.0,0.10100137849999999,0.1736849435,3673.0,710.0
0.635601154564739,0.0,0.108614634,0.252156025,3673.0,710.0
0.6670802113918515,0.0,0.129642327,0.211233208,3673.0,710.0
0.7785606598571927,0.001956939333333333,0.154627193,0.21622177,3673.0,710.0
0.8295610087326916,0.246389536,0.157865447,0.224849521,3673.0,710.0
0.8287461716080895,0.558185198,0.13064154050000001,0.23979011100000003,3673.0,710.0
0.8312208846047145,0.8245744115,0.149059466,0.325964233,3673.0,710.0
0.8316748465168364,0.781897839,0.1885619,0.341470606,3673.0,710.0
0.8314747193754137,0.614108066,0.212324083,0.358078871,3673.0,710.0
0.8319099047946394,0.484812226,0.223392169,0.377048891,3673.0,710.0
0.8288051703669578,0.293321988,0.242308113,0.382483682,3673.0,710.0
0.8229059126232308,0.003981268,0.274398329,0.3842420405,3673.0,710.0
0.7722614365843719,0.0,0.29005359500000005,0.34463442499999997,3673.0,710.0
0.6621824561037947,0.0,0.25213772100000004,0.31397321433333336,3673.0,710.0
0.6337342838901086,0.0,0.236584725,0.43018706149999997,3673.0,710.0
0.6874889026283263,0.0,0.23101319166666667,0.49469961733333334,3673.0,710.0
0.8014890466510957,0.0024074145,0.218777217,0.44522605699999995,3673.0,710.0
0.8294638950471325,0.2984397835,0.1657184295,0.47024805049999996,3673.0,710.0
0.828750666810408,0.6318386725,0.09955512,0.46347127200000005,3673.0,710.0
0.8301279889877192,0.729615834,0.09610413366666666,0.42691273900000004,3673.0,710.0
0.8311063054321823,0.60481637,0.097977211,0.390024654,3673.0,710.0
0.831707342603063,0.468679544,0.095603673,0.367805161,3673.0,710.0
0.828772205983113,0.263105718,0.098464508,0.352321499,3673.0,710.0
0.797476060607081,0.00159368825,0.11906405499999999,0.37556498424999996,3673.0,710.0
0.6730713852536089,0.0,0.1076947245,0.3356920025,3673.0,710.0
0.6391512039804252,0.0,0.10967180225,0.298631466,3673.0,710.0
0.7084423013404144,0.0,0.11501836900000001,0.2436934,3673.0,710.0
0.8056277326772086,0.0025949245,0.11889191900000001,0.233004922,3673.0,710.0
0.8321898205589597,0.295931735,0.10775128,0.22813206,3673.0,710.0
0.8286801493595538,0.513432505,0.0811003,0.224755562,3673.0,710.0
0.8287993639962821,0.714687802,0.063227126,0.213697736,3673.0,710.0
0.8323881372636315,0.8872661736666666,0.066900375,0.22458200566666667,3673.0,710.0
0.8348593227863841,0.78753194,0.080716706,0.248353183,3673.0,710.0
0.8337254715132862,0.4488411065,0.09730762100000001,0.312271768,3673.0,710.0
0.8230035413874394,0.003722845,0.121151704,0.322358725,3673.0,710.0
0.7722442051649907,0.0,0.1232924065,0.31385797849999997,3673.0,710.0
0.661821003437956,0.0,0.10707744100000001,0.23431260266666665,3673.0,710.0
0.6507790796451562,0.0,0.06760899625,0.171648628,3673.0,710.0
0.7821873295502456,0.0016629059999999998,0.04614127033333334,0.16172068633333334,3673.0,710.0
0.8325265812867034,0.335063711,0.037384962,0.165444894,3673.0,710.0
0.8286801493595538,0.569469033,0.02368335,0.161378384,3673.0,710.0
0.8298140474407557,0.8362400743333334,0.014521271666666669,0.14814595700000002,3673.0,710.0
0.8310173391993043,0.883271895,0.020519319,0.1891201475,3673.0,710.0
0.8309022449481226,0.726784683,0.02325642,0.185497747,3673.0,710.0
0.8313334971871451,0.548091165,0.026554715,0.178753531,3673.0,710.0
0.8285285320362279,0.31075492,0.0359411,0.163007161,3673.0,710.0
0.82251539772883,0.002785256,0.035628259999999995,0.142101368,3673.0,710.0
0.7723516202611098,0.0,0.025752341999999998,0.092646089,3673.0,710.0
0.673224992476335,0.0,0.020910488499999998,0.06100243,3673.0,710.0
0.6364795478357304,0.0,0.019259410499999997,0.06772489649999999,3673.0,710.0
0.6418624266444797,0.0,0.020766567,0.0564494625,3673.0,710.0
0.7084806972781628,0.0,0.0207026095,0.04779242,3673.0,710.0
0.8057211003879079,0.001760846,0.0227465525,0.056689477,3673.0,710.0
0.8324155607212536,0.171955593,0.023885629,0.07989022,3673.0,710.0
0.8282392513753669,0.352719323,0.023165725499999998,0.1148790895,3673.0,710.0
0.8277875838454358,0.3783029605,0.054997290000000004,0.18646560099999998,3673.0,710.0
0.8271567195436402,0.25261189500000003,0.07552933,0.20996276200000002,3673.0,710.0
0.8280855738186591,0.137733338,0.08443284,0.314657853,3673.0,710.0
0.8245717196694916,0.023264932333333332,0.11608854933333333,0.3753205073333333,3673.0,710.0
0.7722977955980372,0.0,0.1476125515,0.33047259149999997,3673.0,710.0
0.6560433173315079,0.0,0.17015700099999997,0.4176910245,3673.0,710.0
0.608480124508322,0.0,0.20483497933333336,0.46151466700000005,3673.0,710.0
0.6169087079068197,0.0,0.27700221,0.4496822675,3673.0,710.0
0.6474621490978172,0.00034571,0.3642306716666666,0.5005533556666666,3673.0,710.0
0.7166225830975972,0.081364829,0.363075714,0.431928484,3673.0,710.0
0.7251904299452452,0.2182402565,0.33739904249999997,0.457393541,3673.0,710.0
0.7265800357168952,0.3902058975,0.39828744299999996,0.525701788,3673.0,710.0
0.7303686395480049,0.4685330115,0.5488478085,0.661712619,3673.0,710.0
0.7460313566075041,0.409375107,0.60442209,0.664659537,3673.0,710.0
0.7628482232784308,0.316248807,0.590178488,0.620799485,3673.0,710.0
0.7635242730212668,0.061428011000000005,0.5091393116666666,0.620966277,3673.0,710.0
0.727951005419961,0.0,0.43994673500000003,0.6227490925,3673.0,710.0
0.6498202226885285,0.0,0.37874406833333335,0.647133611,3673.0,710.0
0.6203459068011363,0.0,0.37932286025,0.61461627575,3673.0,710.0
0.644179653843118,0.0005852016666666667,0.3861689476666667,0.6748401026666667,3673.0,710.0
0.6912972663827445,0.169891111,0.38654866,0.68251266,3673.0,710.0
0.7369237422583018,0.338732268,0.437128251,0.647485016,3673.0,710.0
0.7474689573622524,0.503417759,0.370618328,0.5503527859999999,3673.0,710.0
0.7432339068780391,0.6157893860000001,0.440771974,0.5131818969999999,3673.0,710.0
0.7401611767672331,0.590220081,0.477751036,0.57464544,3673.0,710.0
0.7420315280534874,0.477962627,0.513505506,0.617714211,3673.0,710.0
0.7607536302035831,0.360104923,0.520376991,0.637409474,3673.0,710.0
0.7785742935499369,0.102100064,0.468265214,0.668070115,3673.0,710.0
0.7561942197280503,0.0,0.470390888,0.7244381286666667,3673.0,710.0
0.6728103442061076,0.0,0.47266506540000003,0.7823598164,3673.0,710.0
0.6659809086144509,0.0,0.516332888,0.7209867339999999,3673.0,710.0
0.7723448541483333,0.000886979,0.551159715,0.6994439405,3673.0,710.0
0.8482449489314138,0.217644446,0.517950011,0.633187775,3673.0,710.0
0.8529903613028529,0.493313492,0.531580344,0.5654781295,3673.0,710.0
0.8442374725450504,0.7175014403333333,0.6599577640000001,0.6228243013333333,3673.0,710.0
0.837603744023701,0.656752696,0.721608729,0.676903506,3673.0,710.0
0.8410642497396144,0.437983846,0.7003393474999999,0.652614488,3673.0,710.0
0.8547059581482133,0.066756361,0.5641935123333334,0.6260320316666667,3673.0,710.0
0.8063491551476458,0.0,0.5313904014999999,0.603208231,3673.0,710.0
0.7202109660627867,0.0,0.5471604050000001,0.5973549475,3673.0,710.0
0.6461021596581803,0.0,0.5059624524999999,0.5846042335,3673.0,710.0
0.6749516632148682,0.0,0.4517001935,0.685487728,3673.0,710.0
0.7697221996316945,0.0006637975,0.406047567,0.6919457185,3673.0,710.0
0.8461988191372826,0.091800093,0.38692378299999997,0.6396357925,3673.0,710.0
0.847746550724493,0.203969328,0.347248595,0.5431573160000001,3673.0,710.0
0.8435271161168028,0.23251726800000003,0.38773889500000003,0.572222458,3673.0,710.0
0.847556771693445,0.15151979599999998,0.4066324435,0.5777441285,3673.0,710.0
0.8563029021894542,0.0389363495,0.387598846,0.5850822325,3673.0,710.0
0.8185965285417564,0.0,0.3548940053333334,0.587558403,3673.0,710.0
0.750290029969537,0.0,0.362414939,0.526810832,3673.0,710.0
0.6638540067940818,0.0,0.34124493966666664,0.509023016,3673.0,710.0
0.6356319337762779,0.0,0.3240761215,0.487678489,3673.0,710.0
0.669671493541626,0.0,0.30087492149999995,0.40847975599999997,3673.0,710.0
0.7619626345541655,0.0,0.27517243150000004,0.35128659549999997,3673.0,710.0
0.8328283173160036,0.090820335,0.264484823,0.351853735,3673.0,710.0
0.8455797545385304,0.2223982745,0.257902604,0.3405868675,3673.0,710.0
0.8439520000983962,0.288817564,0.27453826150000005,0.3401929675,3673.0,710.0
0.8386382340100806,0.24530558,0.312122137,0.468108162,3673.0,710.0
0.8403666608240732,0.204547647,0.304231782,0.518058952,3673.0,710.0
0.8523003578990942,0.104861755,0.252924664,0.45760513199999997,3673.0,710.0
0.850123354027069,0.0012542165,0.18541520649999998,0.5157332815,3673.0,710.0
0.8051458165809932,0.0,0.1434794195,0.4925903,3673.0,710.0
0.7313060394017754,0.0,0.10313032899999999,0.4200441535,3673.0,710.0
0.6716195966891291,0.0,0.0990945065,0.393349054,5843.0,1129.0
0.6569274779348372,0.0,0.1095615785,0.374793029,5843.0,1129.0
0.7068937503541979,0.0,0.130217673,0.3948732585,5843.0,1129.0
0.8285503054389591,0.0006623805,0.136875077,0.4678956615,5843.0,1129.0
0.879930134381096,0.193292387,0.119655078,0.458590532,5843.0,1129.0
0.8708687824112652,0.360762433,0.090693746,0.403174896,5843.0,1129.0
0.852813599418708,0.542600563,0.07856796,0.347428858,5843.0,1129.0
0.8450587401393566,0.69489824,0.1029625255,0.3549758785,5843.0,1129.0
0.840830455849137,0.6146758285,0.158846371,0.3200137165,5843.0,1129.0
0.8428277478706481,0.35624790500000003,0.19915300000000002,0.352094582,5843.0,1129.0
0.8577557832317976,0.05405359666666667,0.19115953466666666,0.32383464666666667,5843.0,1129.0
0.8055787700198093,0.0,0.21213040733333333,0.36258287066666667,5843.0,1129.0
0.6738889966720608,0.0,0.26522620999999996,0.50311454525,5843.0,1129.0
0.6618249522930533,0.0,0.27328594,0.43455260100000004,5843.0,1129.0
0.7252747839420087,0.0,0.258162364,0.324000502,5843.0,1129.0
0.8101861286161915,0.0,0.247479267,0.2797498315,5843.0,1129.0
0.8518515466110353,0.103391912,0.2209075425,0.228680918,5843.0,1129.0
0.840618622485517,0.24641035500000003,0.2496533285,0.269753856,5843.0,1129.0
0.8361947997370394,0.38513891349999996,0.32134452550000003,0.2982429845,5843.0,1129.0
0.8354491221951196,0.3167419415,0.3239490485,0.30233482300000003,5843.0,1129.0
0.8384428360573515,0.216682626,0.292550988,0.31180743,5843.0,1129.0
0.8489966044556753,0.043541332666666675,0.29346817566666666,0.33253823499999996,5843.0,1129.0
0.8054566209020994,0.0,0.2595270123333333,0.3448440603333333,5843.0,1129.0
0.67582987702321,0.0,0.22410656099999998,0.335985802,5843.0,1129.0
0.6289142100887106,0.0,0.20248873500000003,0.26693673875,5843.0,1129.0
0.673011769975972,0.00037788933333333333,0.16376000833333335,0.20838541366666666,5843.0,1129.0
0.735712864960898,0.210697976,0.132698819,0.202517458,5843.0,1129.0
0.7519991884400654,0.5035550025,0.0779561895,0.13915518500000001,5843.0,1129.0
0.735835732010423,0.7794825439999999,0.048468487500000004,0.08649877950000001,5843.0,1129.0
0.7250568634403067,0.8226574170000001,0.050411631,0.092335603,5843.0,1129.0
0.7248443745737251,0.686894217,0.054480709,0.103915339,5843.0,1129.0
0.73492424949788,0.504491309,0.052913275,0.099293755,5843.0,1129.0
0.7617319778354007,0.27195474,0.057582009,0.090370242,5843.0,1129.0
0.7673824671291742,0.0005157806,0.058097603799999994,0.0923172244,5843.0,1129.0
0.6662866403610971,0.0,0.051932766666666665,0.09367181533333334,5843.0,1129.0
0.6402979788789718,0.0,0.053700482249999994,0.117395296,5843.0,1129.0
0.6817041305492129,0.0,0.0669802835,0.157263922,5843.0,1129.0
0.7326664736266891,0.207475874,0.075864568,0.215107717,5843.0,1129.0
0.7511640529771337,0.4364936905,0.0737426745,0.2521641195,5843.0,1129.0
0.7308855567897139,0.64423856,0.11467980550000001,0.270940185,5843.0,1129.0
0.7231068639554664,0.6354070245000001,0.195140064,0.2964517705,5843.0,1129.0
0.7304675793993536,0.400790665,0.267510738,0.38912557150000004,5843.0,1129.0
0.7581869073644304,0.067165476,0.331928396,0.410603826,5843.0,1129.0
0.7610988972280897,0.0,0.38289723133333337,0.44961586,5843.0,1129.0
0.7091327027890268,0.0,0.39509859966666666,0.44419514499999996,5843.0,1129.0
0.6568862842315062,0.0,0.44959309825,0.46177078325000004,5843.0,1129.0
0.7856294489400609,0.0,0.45970586266666663,0.535126044,5843.0,1129.0
0.8651239983139531,0.1272500755,0.433426296,0.584698277,5843.0,1129.0
0.8529657160104276,0.304847747,0.46720618033333333,0.5884347480000001,5843.0,1129.0
0.8513947283758243,0.37636794549999997,0.5464924705,0.6747666205,5843.0,1129.0
0.85381442273725,0.328150362,0.573355161,0.707107188,5843.0,1129.0
0.867083362695334,0.197274456,0.518953744,0.726488629,5843.0,1129.0
0.8481862078336959,0.0005332485,0.51710616725,0.7034788245,5843.0,1129.0
0.7206437478628643,0.0,0.523416521,0.6596547273333333,5843.0,1129.0
0.6600423966174573,0.0,0.470819889,0.6223514029999999,5843.0,1129.0
0.7924279679767011,0.0,0.44247636500000004,0.6143946203333334,5843.0,1129.0
0.8697583902011594,0.15709992849999999,0.45001992700000004,0.49419359749999997,5843.0,1129.0
0.8509706871566807,0.3549058676666667,0.480952324,0.5127786763333333,5843.0,1129.0
0.8485910276122326,0.3222657835,0.49626697350000004,0.5437271935000001,5843.0,1129.0
0.8524976287986448,0.204580691,0.4773208175,0.583187815,5843.0,1129.0
0.8665599446228672,0.022239596666666667,0.47352045666666664,0.6209907716666666,5843.0,1129.0
0.8246597650090999,0.0,0.506334537,0.6296706729999999,5843.0,1129.0
0.7396074322954578,0.0,0.5593971435,0.5482567985,5843.0,1129.0
0.6595326551880277,0.0,0.5710122,0.6390062950000001,5843.0,1129.0
0.7010436582563973,0.0,0.566282556,0.666796547,5843.0,1129.0
0.8138756521716404,0.0,0.514708013,0.6632159129999999,5843.0,1129.0
0.8588475238337863,0.1516956845,0.442779932,0.6373772395,5843.0,1129.0
0.8454337094370711,0.3938075383333333,0.39433663,0.5509207603333334,5843.0,1129.0
0.8394330771167098,0.4492775505,0.352224789,0.508515152,5843.0,1129.0
0.8399695904127552,0.391893601,0.272727096,0.468672877,5843.0,1129.0
0.8492597727731268,0.231606227,0.1682764605,0.349679243,5843.0,1129.0
0.860472609237392,0.0008834135,0.10519249950000001,0.196100092,5843.0,1129.0
0.8254812979937141,0.0,0.0911428245,0.19073405799999998,5843.0,1129.0
0.7412237147434209,0.0,0.086459306,0.272857754,5843.0,1129.0
0.664569345380534,0.0,0.10628906540000001,0.3392216502,5843.0,1129.0
0.7305188285879605,0.0,0.164698222,0.380981308,5843.0,1129.0
0.8208612344217683,0.0,0.2122429625,0.4247446065,5843.0,1129.0
0.862130799449154,0.1205045195,0.286537952,0.468665027,5843.0,1129.0
0.8500208711893874,0.297126382,0.40235062800000004,0.5170403896666667,5843.0,1129.0
0.8472750296821179,0.302496079,0.4787223145,0.52289176,5843.0,1129.0
0.8502050624590365,0.21299953649999998,0.470213576,0.5180895105000001,5843.0,1129.0
0.8599437908254483,0.03365148366666667,0.45300683233333333,0.5380369346666667,5843.0,1129.0
0.824443623892156,0.0,0.4442174665,0.609229102,5843.0,1129.0
0.73920731827449,0.0,0.4350397295,0.607873105,5843.0,1129.0
0.6630269985174653,0.0,0.3725794038,0.5381105462000001,5843.0,1129.0
0.7878762210354816,0.0,0.36338981733333336,0.5214826803333333,5843.0,1129.0
0.8641790832011644,0.256115937,0.37526788099999997,0.4761112755,5843.0,1129.0
0.849599342880494,0.517212315,0.437903268,0.522891585,5843.0,1129.0
0.8447474988704209,0.5974962255,0.487065477,0.5615434210000001,5843.0,1129.0
0.8453173040987492,0.451631934,0.510765691,0.5999756285,5843.0,1129.0
0.8547893054864825,0.20146220399999998,0.516099816,0.6517513195,5843.0,1129.0
0.8602631171182114,0.000776959,0.509088713,0.6747004755,5843.0,1129.0
0.8242117028672828,0.0,0.515322647,0.66586027,5843.0,1129.0
0.7306217016195123,0.0,0.522726646,0.6132440105,5843.0,1129.0
0.6442438655736857,0.0,0.5423409895,0.6175798315000001,5843.0,1129.0
0.623313090904834,0.0,0.5511814916666666,0.5543605846666667,5843.0,1129.0
0.6508239725829239,0.0,0.558382936,0.4978563495,5843.0,1129.0
0.698384902184201,0.040347804,0.565122664,0.518681635,5843.0,1129.0
0.741277562715792,0.18698299,0.557073099,0.522035365,5843.0,1129.0
0.7353998910882358,0.3270358203333333,0.6249171109999999,0.48455432266666665,5843.0,1129.0
0.7278619690155357,0.30025852399999997,0.656811706,0.5170397790000001,5843.0,1129.0
0.735620550716797,0.21252298800000002,0.6045660715000001,0.5424953775000001,5843.0,1129.0
0.7582442016206778,0.0183909196,0.5156800664,0.5573542048,5843.0,1129.0
0.6941373652795563,0.0,0.473298791,0.6288244336666667,5843.0,1129.0
0.6245756661963663,0.0,0.43586748825,0.532470908,5843.0,1129.0
0.6598781680836736,0.0,0.407592487,0.4680963166666667,5843.0,1129.0
0.7199387059817965,0.13096976800000001,0.38483022499999997,0.42926393549999997,5843.0,1129.0
0.7257734943202693,0.349436719,0.3518587733333334,0.3873247126666666,5843.0,1129.0
0.7226441458687338,0.4047716105,0.37038834649999997,0.3168144365,5843.0,1129.0
0.7311240331690703,0.305289666,0.345853811,0.3049249165,5843.0,1129.0
0.761294086036038,0.0245936998,0.32651874039999995,0.26831413160000006,5843.0,1129.0
0.6950719399840559,0.0,0.250097271,0.25881338475,5843.0,1129.0
0.6568432643082408,0.0,0.19529731566666667,0.24606883000000002,5843.0,1129.0
0.781926798892462,0.0,0.14262302466666668,0.16785491833333333,5843.0,1129.0
0.8564530208954284,0.147257507,0.109132551,0.112540455,5843.0,1129.0
0.8499398026396318,0.321861438,0.077375736,0.101958016,5843.0,1129.0
0.8436443330302198,0.4432425623333333,0.08383308066666666,0.09835343566666666,5843.0,1129.0
0.8394896877688899,0.38019648250000004,0.1033148045,0.0974607605,5843.0,1129.0
0.8432873755666996,0.215456535,0.096814957,0.093974426,5843.0,1129.0
0.8506557779354158,0.02965277666666667,0.09497066466666666,0.10118094966666667,5843.0,1129.0
0.8230301844843929,0.0,0.0831933635,0.129190205,5843.0,1129.0
0.7406038307456626,0.0,0.072804427,0.1131441295,5843.0,1129.0
0.6580385023386057,0.0,0.08252775575,0.12451182475,5843.0,1129.0
0.699597067259446,0.0,0.105533326,0.142101173,5843.0,1129.0
0.8296266252478243,0.03157367033333333,0.12474051666666668,0.15766389233333333,5843.0,1129.0
0.8512188093624184,0.371115001,0.094143387,0.17191500999999998,5843.0,1129.0
0.8378964585151544,0.6446603643333333,0.11687741866666666,0.21050025433333333,5843.0,1129.0
0.8346795641548383,0.5718868945,0.14160319500000002,0.29391993,5843.0,1129.0
0.8374816260392006,0.358159852,0.141772913,0.325233544,5843.0,1129.0
0.8472105681819917,0.056485958333333336,0.162584622,0.314676306,5843.0,1129.0
0.822129096944473,0.0,0.180615752,0.26513025199999996,5843.0,1129.0
0.7406193998140814,0.0,0.19178531399999998,0.266284147,5843.0,1129.0
0.6580577003074799,0.0,0.19844647199999998,0.273713321,5843.0,1129.0
0.6989821700709231,0.0,0.208241716,0.3130199145,5843.0,1129.0
0.8248968990598172,0.024845178666666665,0.21875974433333334,0.33014423299999995,5843.0,1129.0
0.8529130542674894,0.235611848,0.21055847,0.326676008,5843.0,1129.0
0.8411037226969108,0.4192103975,0.1948487165,0.309517038,5843.0,1129.0
0.8363495072886122,0.5376521910000001,0.217128537,0.267300702,5843.0,1129.0
0.8348690154750142,0.4460110215,0.2060935885,0.23353898499999998,5843.0,1129.0
0.8373067840453429,0.268686154,0.183947746,0.228917504,5843.0,1129.0
0.8421097122602652,0.03731380433333333,0.22416667666666668,0.267082675,5843.0,1129.0
0.8199170684552212,0.0,0.2701510375,0.3076103135,5843.0,1129.0
0.7399065929315093,0.0,0.2923286845,0.33943710699999996,5843.0,1129.0
0.6574707689577,0.0,0.2619264885,0.38621025200000003,5843.0,1129.0
0.6975217658373614,0.0,0.224742864,0.33925601800000005,5843.0,1129.0
0.8200011649668045,0.024693146666666665,0.19034869233333332,0.30627474800000004,5843.0,1129.0
0.845592256606784,0.32021053899999996,0.14158358399999998,0.2512184755,5843.0,1129.0
0.837871719660666,0.47964910725,0.1277923745,0.1664575035,5843.0,1129.0
0.8367303764378485,0.366384265,0.113462777,0.137782557,5843.0,1129.0
0.8397051265206238,0.25983992,0.110636881,0.127153824,5843.0,1129.0
0.8436954964806747,0.04003688466666667,0.12080555266666666,0.164964668,5843.0,1129.0
0.8209018778794588,0.0,0.123905472,0.22589933899999998,5843.0,1129.0
0.7400794215542339,0.0,0.127468677,0.292773925,5843.0,1129.0
0.660328062509633,0.0,0.12479069360000002,0.239720376,5843.0,1129.0
0.7812444591042337,0.0,0.13084678000000002,0.23057091933333332,5843.0,1129.0
0.8506491913394335,0.06741255,0.136055413,0.248851652,5843.0,1129.0
0.8509448401494345,0.254666013,0.127995742,0.255741391,5843.0,1129.0
0.8432107709777634,0.44654654699999996,0.11949399250000001,0.2585954745,5843.0,1129.0
0.838080181622547,0.5521060495000001,0.14239727949999997,0.2214781975,5843.0,1129.0
0.8369105565047639,0.425292939,0.151690246,0.2109709285,5843.0,1129.0
0.8397051265206238,0.281893354,0.149993872,0.245633153,5843.0,1129.0
0.8467717616726853,0.044396754000000004,0.16136789066666665,0.298038105,5843.0,1129.0
0.804977795277782,0.0,0.20365461299999998,0.340242591,5843.0,1129.0
0.6501446099552468,0.0,0.22185455775000001,0.43286252375,5843.0,1129.0
0.6313451501580177,0.0,0.22359908066666667,0.43627425633333333,5843.0,1129.0
0.6696834103596825,0.0,0.245543668,0.4530176085,5843.0,1129.0
0.7134883493310898,0.058496453,0.251032166,0.468474618,5843.0,1129.0
0.7417218319392838,0.315490665,0.225518127,0.434821922,5843.0,1129.0
0.733431302315843,0.48186214549999995,0.249032855,0.40310194899999996,5843.0,1129.0
0.7268949527891434,0.41344015,0.26137734749999997,0.415062736,5843.0,1129.0
0.7320186120543215,0.292537791,0.239914882,0.445505255,5843.0,1129.0
0.7457484439333487,0.195753992,0.236537172,0.489595291,5843.0,1129.0
0.7660714543839534,0.02425553966666667,0.2817005396666667,0.5846507686666667,5843.0,1129.0
0.7375375273415029,0.0,0.35921900725,0.58914133225,5843.0,1129.0
0.6322649245001175,0.0,0.36581025,0.58159758225,5843.0,1129.0
0.6376672471624165,0.0,0.3450968365,0.6115373040000001,5843.0,1129.0
0.6715463868112304,0.0,0.3427148195,0.6655982899999999,5843.0,1129.0
0.7239776092858217,0.033640721,0.356513619,0.665326837,5843.0,1129.0
0.7558646076184043,0.120219432,0.369915838,0.670949565,5843.0,1129.0
0.753470151542295,0.196465795,0.290680947,0.585875494,5843.0,1129.0
0.7512225131856196,0.2577440025,0.3357012895,0.6029821095,5843.0,1129.0
0.7497737448402736,0.205433369,0.35151737149999995,0.616226183,5843.0,1129.0
0.7554450147393306,0.145772192,0.34305745,0.605226914,5843.0,1129.0
0.7743586751427983,0.098708674,0.338743966,0.606976282,5843.0,1129.0
0.7950922102618879,0.013755045666666667,0.33554216600000003,0.5855238896666667,5843.0,1129.0
0.7712673325163579,0.0,0.3292201165,0.5516962464999999,5843.0,1129.0
0.6966146848026397,0.0,0.253583915,0.49495732125,5843.0,1129.0
0.6583788528066413,0.0,0.17047321433333332,0.469284439,5843.0,1129.0
0.7261497435448419,0.0,0.127197486,0.505142606,5843.0,1129.0
0.8291523570922449,0.010618124666666666,0.109269249,0.48040112766666665,5843.0,1129.0
0.8644128303106103,0.138024598,0.087121294,0.371683847,5843.0,1129.0
0.8539295170696488,0.2725453845,0.066008504,0.339614941,5843.0,1129.0
0.8474606725715081,0.32754848166666667,0.08967155366666667,0.3701625523333334,5843.0,1129.0
0.8510161536899958,0.221457837,0.112216643,0.471648406,5843.0,1129.0
0.8655437940732646,0.027769143666666666,0.10531676266666667,0.4006270496666667,5843.0,1129.0
0.8246977862925104,0.0,0.1118648025,0.302823872,5843.0,1129.0
0.719688921614603,0.0,0.15813808933333331,0.39487378566666664,5843.0,1129.0
0.6589465432778625,0.0,0.20246088950000002,0.47706774825000003,5843.0,1129.0
0.7886468403662721,0.0,0.24008268866666668,0.5690848946666667,5843.0,1129.0
0.866863054168161,0.0868642115,0.3039711155,0.6308588275,5843.0,1129.0
0.8564625886992792,0.280305467,0.4090563723333333,0.637041891,5843.0,1129.0
0.8539557854310473,0.342085013,0.4888576955,0.634377457,5843.0,1129.0
0.8558407928246514,0.316259743,0.481448347,0.610625851,5843.0,1129.0
0.8731918313847499,0.16993632050000002,0.4712862215,0.5413661864999999,5843.0,1129.0
0.8750832537085254,0.000869215,0.4364902925,0.4744269605,5843.0,1129.0
0.8067630510554356,0.0,0.4266898283333333,0.41217451099999997,5843.0,1129.0
0.6717069849230924,0.0,0.3689502486,0.345435888,5843.0,1129.0
0.7030391709743673,0.0,0.337394472,0.279751383,5843.0,1129.0
0.839411132156457,0.019174476666666666,0.32483160633333336,0.241268493,5843.0,1129.0
0.8683044945410492,0.2777531175,0.311324756,0.2037798765,5843.0,1129.0
0.8559428229854642,0.47272266399999996,0.3654073165,0.280840892,5843.0,1129.0
0.8486062454980465,0.4655588085,0.387906789,0.3719411065,5843.0,1129.0
0.8558198154304104,0.36476873899999995,0.3356839005,0.3978375085,5843.0,1129.0
0.8849263846675438,0.037322764,0.2640512483333333,0.4343054413333333,5843.0,1129.0
0.8310562970779511,0.0,0.25672378149999997,0.4099244715,5843.0,1129.0
0.7422585325218897,0.0,0.25860545999999995,0.388390805,5843.0,1129.0
0.6692981631068974,0.0,0.23972233860000003,0.40047350899999995,5843.0,1129.0
0.7340904953748528,0.0,0.226059416,0.390033602,5843.0,1129.0
0.8467914903274226,0.00836766,0.21612742766666668,0.4001338456666667,5843.0,1129.0
0.8822232156369199,0.127296593,0.211526239,0.410361034,5843.0,1129.0
0.8600324448869866,0.25982739433333335,0.19981669233333335,0.35741790900000003,5843.0,1129.0
0.851898277288025,0.267767758,0.2092553605,0.3036113375,5843.0,1129.0
0.85381442273725,0.184569499,0.186602635,0.240465848,5843.0,1129.0
0.8736350393448049,0.05109983966666667,0.16633556266666666,0.22834530133333333,5843.0,1129.0
0.8398116987460038,0.0,0.16778330899999996,0.2684888616666667,5843.0,1129.0
0.7414263470253275,0.0,0.15376297,0.258126908,5843.0,1129.0
0.6708807086505015,0.0,0.141751405,0.223047021,5843.0,1129.0
0.662945099647715,0.0,0.134250577,0.24653408200000002,5843.0,1129.0
0.7654111064182265,0.0,0.1392380895,0.3177019855,5843.0,1129.0
0.8625562921797496,0.009647446,0.1387738975,0.2745745905,5843.0,1129.0
0.8758139006511915,0.138035569,0.156421942,0.23749071,5843.0,1129.0
0.8631306394726451,0.319935421,0.18748585350000002,0.2175904145,5843.0,1129.0
0.8566419102747059,0.47035889399999997,0.244288552,0.2448062755,5843.0,1129.0
0.8554277553000607,0.408111006,0.28236558700000003,0.3082993045,5843.0,1129.0
0.8641113752923678,0.279772452,0.246277654,0.315188994,5843.0,1129.0
0.8822324868901804,0.03313453833333333,0.21024210533333335,0.3052618083333334,5843.0,1129.0
0.8306835753813957,0.0,0.2180745445,0.311369228,5843.0,1129.0
0.712184322823974,0.0,0.2534700423333333,0.364667503,5843.0,1129.0
0.638089216331095,0.0,0.18781793549999998,0.33478890024999997,5843.0,1129.0
0.6956381515601368,0.0166801795,0.16338102575,0.2935339305,5843.0,1129.0
0.7742728930250987,0.24169438,0.192312038,0.300901188,5843.0,1129.0
0.7634220086575002,0.48136718566666664,0.24022650699999995,0.27367196200000005,5843.0,1129.0
0.7517145198528846,0.540997242,0.330878622,0.273081628,5843.0,1129.0
0.7516657055519975,0.383967454,0.3277644085,0.315607984,5843.0,1129.0
0.7743586751427983,0.226925862,0.338129688,0.399207345,5843.0,1129.0
0.8117532142850182,0.022173729333333336,0.40183328333333335,0.5499504446666666,5843.0,1129.0
0.7799348448086465,0.0,0.4755697955,0.5910386055000001,5843.0,1129.0
0.7025548356382539,0.0,0.46847836066666665,0.6166690063333333,5843.0,1129.0
0.6294240335067709,0.0,0.4452601915,0.6170769832499999,5843.0,1129.0
0.6839721491516316,0.00756541475,0.3754027505,0.56425432375,5843.0,1129.0
0.7542314450148824,0.1362327815,0.3714304945,0.5820235565,5843.0,1129.0
0.7449874235937636,0.38486432933333337,0.4345768956666667,0.508497574,5843.0,1129.0
0.741719771705902,0.3681887055,0.4258660695,0.4300425215,5843.0,1129.0
0.7617702333488372,0.206950972,0.40447943,0.416537046,5843.0,1129.0
0.7817950820927269,0.00808324,0.42234097849999996,0.43947497225,5843.0,1129.0
0.758599710740212,0.0,0.4815458065,0.4400803565,5843.0,1129.0
0.6835552057763815,0.0,0.5559619323333332,0.46343856333333333,5843.0,1129.0
0.6606636775352609,0.0,0.6247350506666667,0.565613765,5843.0,1129.0
0.7643698502378533,0.0,0.6234437355,0.667229783,5843.0,1129.0
0.8600244535335116,0.027293622,0.619737041,0.7692635434999999,5843.0,1129.0
0.8707988269013094,0.32001175,0.5864673444999999,0.7893207865,5843.0,1129.0
0.8594432230128266,0.507049639,0.6324691755,0.7267195685000001,5843.0,1129.0
0.8513906078278437,0.462919503,0.6014108895,0.6249542095,5843.0,1129.0
0.8553996606916552,0.33707484600000004,0.484731691,0.5298839905,5843.0,1129.0
0.8815398301518597,0.03748225633333333,0.40904295366666665,0.5158148673333334,5843.0,1129.0
0.8106672017875232,0.0,0.3575659533333333,0.5317657153333334,5843.0,1129.0
0.6825638136275084,0.0,0.26297147675,0.45102973150000003,5843.0,1129.0
0.6787109784654454,0.0,0.2380306055,0.38139491449999996,5843.0,1129.0
0.7771025343579998,0.0,0.222121593,0.35602895749999997,5843.0,1129.0
0.8863559316399636,0.02092723,0.2045667015,0.33825023499999995,5843.0,1129.0
0.8894705928238675,0.240669238,0.169345012,0.331287338,5843.0,1129.0
0.8732482547503697,0.5287499835,0.141508348,0.30400540600000003,5843.0,1129.0
0.8538252860616359,0.7219405366666667,0.16738992933333333,0.26256906566666666,5843.0,1129.0
0.8561197721561695,0.49097003250000004,0.1560663005,0.235230667,5843.0,1129.0
0.8908587158154943,0.042334639,0.16485255133333332,0.25981467733333335,5843.0,1129.0
0.8331590375242626,0.0,0.16091009550000002,0.321177518,5843.0,1129.0
0.7496438541386474,0.0,0.1664512,0.3583968075,5843.0,1129.0
0.6786605252853287,0.0,0.168694687,0.354864885,5843.0,1129.0
0.6756541765107912,0.0,0.17284989566666667,0.33404047266666664,5843.0,1129.0
0.7492237929619553,0.0,0.167478349,0.338863025,5843.0,1129.0
0.8666311176308276,0.022340957999999998,0.16545353966666668,0.36593332666666667,5843.0,1129.0
0.8942828703145811,0.512762253,0.1421570995,0.3591445765,5843.0,1129.0
0.8663640472393103,0.782524672,0.12131856099999999,0.323417646,5843.0,1129.0
0.8505745533405988,0.8061800990000001,0.119177366,0.29940995150000005,5843.0,1129.0
0.8537400657494729,0.556374125,0.10991748949999999,0.28176452750000003,5843.0,1129.0
0.8796529654863287,0.046337132333333336,0.13307349733333332,0.320076262,5843.0,1129.0
0.8318064698221892,0.0,0.1621248885,0.372503674,5843.0,1129.0
0.7140689242675964,0.0,0.198494889,0.480081586,5843.0,1129.0
0.6774066709472719,0.0,0.216348632,0.49493139199999997,5843.0,1129.0
0.7793701667326483,0.0,0.2221337075,0.5393089424999999,5843.0,1129.0
0.8896896370449321,0.0304699205,0.2270695245,0.517021869,5843.0,1129.0
0.8894705928238675,0.375338086,0.218223249,0.439350729,5843.0,1129.0
0.8682951296445084,0.5794223815,0.16100996550000002,0.4211167435,5843.0,1129.0
0.8536956763169227,0.65983149,0.1651614435,0.3189162475,5843.0,1129.0
0.8502004268324062,0.508395725,0.1589382915,0.2363827405,5843.0,1129.0
0.8609375280630354,0.271390601,0.148676311,0.223268367,5843.0,1129.0
0.881073334848768,0.019088495666666667,0.16363286866666668,0.24234879666666664,5843.0,1129.0
0.8287008924425515,0.0,0.182472386,0.273657182,5843.0,1129.0
0.7216211590077349,0.0,0.16533474133333334,0.3653066833333333,5843.0,1129.0
0.6578662980585605,0.0,0.180884487,0.4298726373333333,5843.0,1129.0
0.7067502337837384,0.0,0.208211896,0.493112175,5843.0,1129.0
0.8459557383727949,0.0073398226666666665,0.23831138200000002,0.5251428133333333,5843.0,1129.0
0.8737097085309941,0.2497757725,0.23016924249999998,0.516328226,5843.0,1129.0
0.8535250484331085,0.537009957,0.2723994023333333,0.5265733266666667,5843.0,1129.0
0.8491849943499804,0.541754556,0.2920709975,0.4783035255,5843.0,1129.0
0.8585247637104308,0.363948002,0.238945678,0.379126171,5843.0,1129.0
0.889235472279645,0.037672318,0.21489514966666667,0.3380646826666666,5843.0,1129.0
0.8132643916939474,0.0,0.21303551366666665,0.38873220033333333,5843.0,1129.0
0.6949056198941743,0.0,0.1967107965,0.45830674,7336.5,1418.0
0.6539623385114526,0.0,0.18989466975000002,0.402433705,8830.0,1707.0
0.7141616832969742,0.0067245995,0.17093674825,0.34737541650000003,8830.0,1707.0
0.792338002773878,0.3035411095,0.1422551025,0.40448885349999997,8830.0,1707.0
0.7707160344651258,0.5704963492499999,0.17503139275000001,0.4020958747500001,8830.0,1707.0
0.7750904458860443,0.3660550555,0.20285264749999998,0.4077178925,8830.0,1707.0
0.8247912945899555,0.0413760295,0.213579866,0.41596956799999996,8830.0,1707.0
0.8060686462009281,0.0,0.22585640766666662,0.4255699636666666,8830.0,1707.0
0.7324488107455289,0.0,0.23297802299999998,0.464784972,8830.0,1707.0
0.64883345828823,0.0,0.23086958200000002,0.49029375374999995,8830.0,1707.0
0.6657603503989362,0.0,0.21556913266666666,0.44901341266666667,8830.0,1707.0
0.7564316347086083,0.096106604,0.21114559866666668,0.4166376923333333,8830.0,1707.0
0.769250362492488,0.51541112525,0.18599659225,0.38631899625,8830.0,1707.0
0.7614138220971763,0.46496737533333327,0.20528764566666666,0.40386972299999996,8830.0,1707.0
0.816878137856305,0.034290688,0.22838497733333332,0.465432874,8830.0,1707.0
0.7932623853995284,0.0,0.237966513,0.492261834,8830.0,1707.0
0.7204279656982916,0.0,0.25153888,0.550851828,8830.0,1707.0
0.6652718086684007,0.0,0.2321466015,0.524058108,8830.0,1707.0
0.7880552149271086,0.0,0.2155636095,0.468667247,8830.0,1707.0
0.9165566606648391,0.08836789633333335,0.187022667,0.42536996099999996,8830.0,1707.0
0.8973690154547099,0.4368450155,0.123787216,0.37895188999999996,8830.0,1707.0
0.8791927135017423,0.5566252453333332,0.13018378433333336,0.31618655599999995,8830.0,1707.0
0.8808351551012189,0.347909317,0.118126802,0.298920297,8830.0,1707.0
0.9087777025485728,0.024858767000000004,0.13365685566666666,0.22895913766666665,8830.0,1707.0
0.8532740231232498,0.0,0.13312109,0.14791363600000001,8830.0,1707.0
0.7308983554627023,0.0,0.12396476266666667,0.123337323,8830.0,1707.0
0.6665257761282981,0.0,0.096134544,0.08231826275,8830.0,1707.0
0.7857641937422324,0.0,0.0709773695,0.075322376,8830.0,1707.0
0.9110809135491459,0.011888204,0.064263486,0.091452606,8830.0,1707.0
0.9091604134031314,0.274181097,0.060843649,0.105223855,8830.0,1707.0
0.8936763547275482,0.457301183,0.044649562,0.131391248,8830.0,1707.0
0.876449338015402,0.6815892983333334,0.033781423,0.10788738433333334,8830.0,1707.0
0.861987704232847,0.720328326,0.034028469,0.11736489,8830.0,1707.0
0.8685418470386089,0.527654192,0.0325653985,0.1082048005,8830.0,1707.0
0.8865041462117622,0.04195053633333334,0.04437285833333333,0.08214784633333333,8830.0,1707.0
0.8475988667438044,0.0,0.053904774,0.07939516299999999,8830.0,1707.0
0.7305330788265456,0.0,0.061238661,0.12374665966666666,8830.0,1707.0
0.6681007009768856,0.0,0.061158986750000005,0.20945864449999999,8830.0,1707.0
0.7879959352383996,0.0,0.0637770995,0.20331657250000001,8830.0,1707.0
0.9192091968902628,0.012996627,0.06991800749999999,0.21406561000000002,8830.0,1707.0
0.9217398649548896,0.317640345,0.074774202,0.220299798,8830.0,1707.0
0.8985555909808165,0.557951855,0.069030552,0.240837776,8830.0,1707.0
0.8759982011848704,0.7538549955,0.077404364,0.202087748,8830.0,1707.0
0.8635342185386319,0.732406628,0.091276926,0.192094095,8830.0,1707.0
0.8682617907687598,0.530943706,0.0993090175,0.22619756800000002,8830.0,1707.0
0.9020706470343116,0.04101133566666667,0.11897176266666666,0.31652167566666667,8830.0,1707.0
0.8297759636202025,0.0,0.15374020166666666,0.3766118726666667,8830.0,1707.0
0.6812805809775945,0.0,0.1725497655,0.39116615224999995,8830.0,1707.0
0.6726262027441796,0.0,0.1665010845,0.38874653950000004,8830.0,1707.0
0.7880669677679033,0.0,0.15491248000000002,0.385210363,8830.0,1707.0
0.9144027724700393,0.0125673935,0.14930527799999999,0.32956684999999997,8830.0,1707.0
0.9002425313039455,0.4162288745,0.10848820849999999,0.295606953,8830.0,1707.0
0.871217623771893,0.668851556,0.070501384,0.26688219550000003,8830.0,1707.0
0.8594965559877652,0.725593344,0.084579038,0.25923279,8830.0,1707.0
0.8621311740222748,0.5248389265,0.0958091385,0.239712493,8830.0,1707.0
0.8804951869896066,0.032474196749999996,0.128445649,0.21470992375,8830.0,1707.0
0.8062796679353083,0.0,0.1241370865,0.2308543505,8830.0,1707.0
0.6873773826049762,0.0,0.11407013466666667,0.23064107133333334,8830.0,1707.0
0.669331111886236,0.0,0.10611047466666668,0.235294333,8830.0,1707.0
0.791056280233531,0.0,0.10514925050000001,0.2849729525,8830.0,1707.0
0.9202184018102948,0.0106130845,0.120155787,0.3256980625,8830.0,1707.0
0.9136525529447695,0.37521689449999995,0.1259106015,0.3696501885,8830.0,1707.0
0.8916527473199557,0.6538011029999999,0.1195661955,0.3826669025,8830.0,1707.0
0.8784922057530413,0.7137221685,0.15315730700000002,0.4196964645,8830.0,1707.0
0.8824796725818991,0.483912416,0.17277999249999998,0.4538939415,8830.0,1707.0
0.914204799151134,0.03708041233333333,0.26574831866666665,0.5074319616666667,8830.0,1707.0
0.8327526491057248,0.0,0.29917742033333333,0.559323486,8830.0,1707.0
0.6866739719145887,0.0,0.2821079745,0.5698342885000001,8830.0,1707.0
0.6477986365301247,0.0,0.2532701313333333,0.5839369041666667,8830.0,1707.0
0.7360582412765068,0.0077876725,0.1948083505,0.545902665,8830.0,1707.0
0.7830432783489393,0.239042372,0.167499971,0.500481382,8830.0,1707.0
0.7689369320986825,0.487772785,0.116865807,0.3785530665,8830.0,1707.0
0.7545350071287551,0.7160034955,0.12237856250000001,0.35528860149999997,8830.0,1707.0
0.7485028387079192,0.6708347109999999,0.125652453,0.414282131,8830.0,1707.0
0.7746055331236449,0.431991671,0.118241058,0.442167164,8830.0,1707.0
0.811007052824731,0.040571366666666664,0.15903367499999999,0.49133858299999994,8830.0,1707.0
0.7633985145222706,0.0,0.1734230115,0.54089209725,8830.0,1707.0
0.6655962076709856,0.0,0.1785997335,0.5356146724999999,8830.0,1707.0
0.6647805137550389,0.0,0.20434363360000002,0.531070579,8830.0,1707.0
0.7469929878985901,0.0078854685,0.2031597635,0.5372239155,8830.0,1707.0
0.7872236615429921,0.330610794,0.188415635,0.522556971,8830.0,1707.0
0.7725564065008955,0.607057714,0.131315309,0.4637766345,8830.0,1707.0
0.7347244343924353,0.7669588206666665,0.15168353266666668,0.40159847400000004,8830.0,1707.0
0.7386896986675708,0.541769334,0.16978296999999998,0.3772027365,8830.0,1707.0
0.7968160169346382,0.04229231633333333,0.20656738166666666,0.327252838,8830.0,1707.0
0.7917919842381971,0.0,0.21872058500000002,0.2624621935,8830.0,1707.0
0.7198985853183771,0.0,0.20577378833333335,0.2409485636666667,8830.0,1707.0
0.6700539664031009,0.0,0.21036118225,0.23108903075,8830.0,1707.0
0.7943963537064223,0.0,0.218755192,0.234351198,8830.0,1707.0
0.9241600275327163,0.008333279,0.22119886,0.25914160249999996,8830.0,1707.0
0.9182699007803722,0.32249679,0.210084909,0.243250932,8830.0,1707.0
0.8936416110401624,0.505256793,0.154136143,0.265778623,8830.0,1707.0
0.8745207060645285,0.6943558576666665,0.09247986433333333,0.24340427,8830.0,1707.0
0.8645632300276422,0.6324850205,0.07248581,0.34049692649999996,8830.0,1707.0
0.8756598486025801,0.375318721,0.081332991,0.397465373,8830.0,1707.0
0.887418001156099,0.030544836333333335,0.095266312,0.420689378,8830.0,1707.0
0.828979793832756,0.0,0.090906411,0.3965290236666667,8830.0,1707.0
0.7026697738173022,0.0,0.0679057775,0.3797427465,8830.0,1707.0
0.6763112546908685,0.0,0.051497302999999994,0.366051301,8830.0,1707.0
0.8058012168841119,0.0,0.045967137000000005,0.301785804,8830.0,1707.0
0.930432194259559,0.005400815,0.046485174500000004,0.2140051955,8830.0,1707.0
0.9231837402154977,0.28085936499999997,0.0440457195,0.161087876,8830.0,1707.0
0.8847387594996216,0.509842483,0.048426186,0.094937394,8830.0,1707.0
0.8882304033929815,0.265878756,0.0723876305,0.13039461,8830.0,1707.0
0.9163371482003009,0.013625020333333333,0.10412736,0.20821525066666666,8830.0,1707.0
0.8362952847431201,0.0,0.122013428,0.29816983,8830.0,1707.0
0.6942206032996511,0.0,0.12389359933333333,0.26569960433333334,8830.0,1707.0
0.675283499481013,0.0,0.11254914466666667,0.17058513,8830.0,1707.0
0.7940756304259327,0.0,0.09224506299999999,0.14869124849999998,8830.0,1707.0
0.9239344279571684,0.005640535,0.076991464,0.0990285645,8830.0,1707.0
0.9278232826455496,0.213074293,0.061755983,0.065778253,8830.0,1707.0
0.903321793297502,0.3923776365,0.053244111999999996,0.066508119,8830.0,1707.0
0.8893671578514173,0.537434822,0.0860197985,0.1071515365,8830.0,1707.0
0.8872025156233336,0.42095832450000004,0.126016687,0.1858459355,8830.0,1707.0
0.9055729200084953,0.212363897,0.16108304,0.307604799,8830.0,1707.0
0.9036827777469396,0.013905090666666666,0.22400892766666666,0.374802332,8830.0,1707.0
0.8472081645628433,0.0,0.3112643295,0.48954485449999996,8830.0,1707.0
0.7281502664084183,0.0,0.41481149866666667,0.5712117106666666,8830.0,1707.0
0.6613996468084096,0.0,0.5364915207500001,0.61591901675,8830.0,1707.0
0.7815031323547285,0.0,0.5903544844999999,0.7640924044999999,8830.0,1707.0
0.8992454070980148,0.001196885,0.586952022,0.802247412,8830.0,1707.0
0.9101630628874631,0.12412113050000001,0.5678439715,0.800901014,8830.0,1707.0
0.9019020481965251,0.3457467736666667,0.6309880723333333,0.8189131116666667,8830.0,1707.0
0.9058035767272601,0.351649254,0.7185739255,0.843765879,8830.0,1707.0
0.9315198065031927,0.08715921224999999,0.71289019825,0.8541163355,8830.0,1707.0
0.8567855205696626,0.0,0.6397841980000001,0.7788662155,8830.0,1707.0
0.731155155712231,0.0,0.569687449,0.7647881280000001,8830.0,1707.0
0.6666440544134414,0.0,0.54041845825,0.762145357,8830.0,1707.0
0.7857795052713265,0.0,0.476069468,0.6978923269999999,8830.0,1707.0
0.909139857606694,0.003849887,0.416158812,0.6444424445,8830.0,1707.0
0.9079254684020227,0.299804261,0.344418885,0.6076379005,8830.0,1707.0
0.8872689125532794,0.508118213,0.41709086466666667,0.570628891,8830.0,1707.0
0.8841775698185497,0.3892315985,0.40011923650000003,0.5094063155,8830.0,1707.0
0.9027763834025339,0.231124161,0.3242958,0.42150233,8830.0,1707.0
0.9264152124711261,0.024434319,0.29848646433333337,0.36516644466666665,8830.0,1707.0
0.8580194354134719,0.0,0.29698429049999997,0.394306691,8830.0,1707.0
0.7257997159547808,0.0,0.2915959733333333,0.4324809646666667,8830.0,1707.0
0.6463142972853048,0.0,0.3050721434,0.426274305,8830.0,1707.0
0.7183890780031041,0.0032130286666666665,0.3060022466666667,0.4065541396666667,8830.0,1707.0
0.7864778434143266,0.215356207,0.304949649,0.41591074,8830.0,1707.0
0.7794650211623987,0.450675661,0.3288285685,0.43801698,8830.0,1707.0
0.7676530088194249,0.400401012,0.378924633,0.5019708625,8830.0,1707.0
0.7959574303138425,0.233693375,0.37927086,0.551156352,8830.0,1707.0
0.8131772671663918,0.022388254,0.389833438,0.5572535383333334,8830.0,1707.0
0.789390176717897,0.0,0.367853615,0.49951307,8830.0,1707.0
0.7075977229854837,0.0,0.3552755613333333,0.312895917,8830.0,1707.0
0.6315828811812625,0.0,0.38198731150000004,0.215323046,8830.0,1707.0
0.6624751081663947,0.0,0.4209824945,0.270603068,8830.0,1707.0
0.730341083489982,0.003131994,0.46075703,0.36840871900000005,8830.0,1707.0
0.7777419441573299,0.169470297,0.5142551689999999,0.4362796805,8830.0,1707.0
0.7690570833306472,0.30600311150000004,0.551104262,0.5564387335000001,8830.0,1707.0
0.7621230078896681,0.401071355,0.581383627,0.608713745,8830.0,1707.0
0.7728543263025716,0.30941833900000004,0.5541087955,0.6013632835,8830.0,1707.0
0.8166058075496228,0.025853391666666666,0.4909964613333333,0.5974764196666668,8830.0,1707.0
0.7906979570237835,0.0,0.429474921,0.6093537545000001,8830.0,1707.0
0.7209482932988602,0.0,0.356505518,0.554694401,8830.0,1707.0
0.6758017356337731,0.0,0.282479248,0.51381743,8830.0,1707.0
0.8087369153637431,0.0,0.2186568455,0.46983011649999995,8830.0,1707.0
0.9329688090379563,0.004280309,0.18378914899999999,0.462616762,8830.0,1707.0
0.9424396865438929,0.212584395,0.145762454,0.448897692,8830.0,1707.0
0.9138213546627939,0.39547632,0.09940709549999999,0.3797453905,8830.0,1707.0
0.894628574422279,0.6121808655000001,0.0984861115,0.297692818,8830.0,1707.0
0.8902939987553029,0.6083553305,0.0957938415,0.271233148,8830.0,1707.0
0.9084192777633447,0.41334422,0.099576479,0.304239843,8830.0,1707.0
0.9297921835892823,0.042633797,0.12832705833333333,0.38226104566666663,8830.0,1707.0
0.8436308788813424,0.0,0.18956158533333334,0.4241461816666667,8830.0,1707.0
0.7167353361043396,0.0,0.224501552,0.4974968385,8830.0,1707.0
0.6859115780319376,0.0,0.26374439699999996,0.54947009125,8830.0,1707.0
0.8146980279457765,0.0,0.305838556,0.587236459,8830.0,1707.0
0.9321538782700739,0.0032586795,0.361124741,0.6957107695,8830.0,1707.0
0.9300755801005882,0.245769248,0.3692065875,0.6974314705,8830.0,1707.0
0.8984441022395742,0.4555567915,0.39019119675,0.6469495080000001,8830.0,1707.0
0.9064837470992939,0.25953430850000003,0.4115397405,0.572900072,8830.0,1707.0
0.9304837477685225,0.025878197,0.38246719399999995,0.493467812,8830.0,1707.0
0.8762334154535901,0.0,0.34764050566666665,0.4380993403333333,8830.0,1707.0
0.7539622753245732,0.0,0.28707473149999996,0.429676178,8830.0,1707.0
0.6695302151836329,0.0,0.2971274128,0.5097813832,8830.0,1707.0
0.7851752372042358,0.0,0.32850823549999997,0.5274354065,8830.0,1707.0
0.9127847106914627,0.044169798333333336,0.344712772,0.577419845,8830.0,1707.0
0.8927401489271216,0.3283140195,0.3390708415,0.576381166,8830.0,1707.0
0.8802509746953815,0.5210542705,0.389183402,0.572151465,8830.0,1707.0
0.8792892964608297,0.4588856,0.358434158,0.543929216,8830.0,1707.0
0.8945957036817145,0.273767816,0.292770005,0.487797855,8830.0,1707.0
0.9158625055257454,0.023346366000000004,0.24953409766666665,0.45943022533333333,8830.0,1707.0
0.8564000626560448,0.0,0.22906615549999998,0.4310539175,8830.0,1707.0
0.7321720554622203,0.0,0.248186852,0.42717552566666667,8830.0,1707.0
0.666372578605075,0.0,0.21045342949999998,0.46640021475000004,8830.0,1707.0
0.7871401737262663,0.0,0.179649114,0.41981018800000003,8830.0,1707.0
0.9159096263695332,0.0016281295,0.164732541,0.37368642350000003,8830.0,1707.0
0.9121955200317295,0.21048583199999998,0.155975959,0.338640157,8830.0,1707.0
0.8849524189072057,0.4444457236666666,0.20415506466666666,0.33003026966666665,8830.0,1707.0
0.8791253645182447,0.3223057905,0.20497993450000002,0.30257516650000005,8830.0,1707.0
0.9090825445486952,0.055553639499999995,0.16512643425,0.32154745925,8830.0,1707.0
0.856455221715556,0.0,0.1664266225,0.393030601,8830.0,1707.0
0.7562971240011014,0.0,0.176580487,0.450034501,8830.0,1707.0
0.6754363559927153,0.0,0.2026076648,0.5080398606,8830.0,1707.0
0.7964359047555546,0.0,0.2060072215,0.5592601535,8830.0,1707.0
0.9275092786697327,0.05906374466666667,0.21696878533333333,0.5891487386666666,8830.0,1707.0
0.9112317815637959,0.352757813,0.1647598055,0.5862893115000001,8830.0,1707.0
0.8892722449047689,0.5025707377499999,0.1943287635,0.5595830912499999,8830.0,1707.0
0.9036692299277096,0.284900786,0.184053824,0.554040756,8830.0,1707.0
0.920110440475244,0.03422847066666667,0.195117022,0.5475090263333333,8830.0,1707.0
0.8572046920133671,0.0,0.20117997999999998,0.4955142475,8830.0,1707.0
0.7228727734873264,0.0,0.19249335433333334,0.4354441276666667,8830.0,1707.0
0.6435920006495677,0.0,0.172656199,0.450629317,8830.0,1707.0
0.6755652259257352,0.0,0.153399407,0.46282502999999997,8830.0,1707.0
0.742129531472034,0.0028306145,0.136281072,0.4245662265,8830.0,1707.0
0.7872214139418328,0.21095507,0.118137463,0.390266075,8830.0,1707.0
0.7818032763670479,0.42211592,0.0760870035,0.3197392775,8830.0,1707.0
0.7603972813807757,0.6049637353333334,0.059460236666666666,0.22888061966666665,8830.0,1707.0
0.7662580415842015,0.4510746425,0.055407196,0.1807421755,8830.0,1707.0
0.8215765541604462,0.04165396733333333,0.076663331,0.166735929,8830.0,1707.0
0.7931959416344062,0.0,0.08085568000000001,0.14520128999999998,8830.0,1707.0
0.7129599523274432,0.0,0.10107571333333333,0.1834690276666667,8830.0,1707.0
0.6573728943764966,0.0,0.09255404666666667,0.20803497583333333,8830.0,1707.0
0.7599524501351684,0.08401923166666665,0.08693414766666667,0.19891233433333333,8830.0,1707.0
0.7886009993139806,0.527764967,0.0572968765,0.187468835,8830.0,1707.0
0.7691729267280707,0.7402419665,0.034096694999999996,0.111915957,8830.0,1707.0
0.7609232044583648,0.65630678,0.0272938085,0.0744490135,8830.0,1707.0
0.7878666533399203,0.405546252,0.028469854,0.07189402,8830.0,1707.0
0.8262781233111944,0.03719574233333333,0.038352410999999996,0.08754101333333332,8830.0,1707.0
0.7939003436061897,0.0,0.042457236499999995,0.0992310305,8830.0,1707.0
0.7227214060418485,0.0,0.056643560333333336,0.10366132933333333,8830.0,1707.0
0.6769755632069507,0.0,0.07104453425,0.12611480549999998,8830.0,1707.0
0.8049092132296751,0.0,0.0842166385,0.121232313,8830.0,1707.0
0.9301934369503619,0.0028363045,0.07514575949999999,0.10919667350000001,8830.0,1707.0
0.9380617046582003,0.278435197,0.074596158,0.104115656,8830.0,1707.0
0.9088167227477836,0.5546011365,0.0678128985,0.130890232,8830.0,1707.0
0.8831537557346337,0.7507621875,0.0378499675,0.061408266,8830.0,1707.0
0.8722358657151593,0.636880992,0.037093825,0.10474359899999999,8830.0,1707.0
0.8847424586528412,0.38715622,0.045855822,0.141500206,8830.0,1707.0
0.9068922737466717,0.027526118,0.060151720666666665,0.15677716333333333,8830.0,1707.0
0.8395062167689162,0.0,0.06141164233333333,0.13721172933333334,8830.0,1707.0
0.6965278880671731,0.0,0.055397527333333335,0.16747703699999997,8830.0,1707.0
0.6812321567758244,0.0,0.05926658266666666,0.26933334833333333,8830.0,1707.0
0.8037306914317521,0.0,0.0616586845,0.282916677,8830.0,1707.0
0.9305036949783916,0.033450193999999996,0.06362685666666668,0.2827880153333333,8830.0,1707.0
0.9072477329177087,0.32194287499999996,0.045059646499999995,0.2642456095,8830.0,1707.0
0.882517491066289,0.5594315743333333,0.026137411666666666,0.270719946,8830.0,1707.0
0.8844895136151296,0.369088274,0.0360266005,0.25138518,8830.0,1707.0
0.9196667018699344,0.03293106033333334,0.04705360666666667,0.202007038,8830.0,1707.0
0.8376690483404214,0.0,0.05457640933333333,0.161244087,8830.0,1707.0
0.6852195729116951,0.0,0.05890672675,0.13983377175,8830.0,1707.0
0.6825482327826146,0.0,0.0520589475,0.13539403049999998,8830.0,1707.0
0.7977309489255955,0.0,0.047565194000000005,0.1531239985,8830.0,1707.0
0.9273105562045856,0.001503068,0.049366702,0.1691070195,8830.0,1707.0
0.9382077966219083,0.151177342,0.050336332,0.166909649,8830.0,1707.0
0.9135946312054493,0.3778970405,0.038726951499999995,0.152268227,8830.0,1707.0
0.8899698806825587,0.5930653029999999,0.0265318055,0.1205021045,8830.0,1707.0
0.8822567418804458,0.563340081,0.0213675355,0.12255901550000001,8830.0,1707.0
0.8944847299785132,0.374500256,0.023759599,0.114049395,8830.0,1707.0
0.9187025575332362,0.04562408366666667,0.02294952533333333,0.10520824666666667,8830.0,1707.0
0.8373307268913409,0.0,0.020540142,0.116193281,8830.0,1707.0
0.6926813078918007,0.0,0.022495924,0.11512645483333334,8830.0,1707.0
0.8078109641116279,0.0,0.022252693,0.12434164,8830.0,1707.0
0.9311197159945666,0.0019181945,0.0212150605,0.10768121,8830.0,1707.0
0.9412905236604838,0.210113525,0.019202162,0.085570139,8830.0,1707.0
0.9141671055515235,0.41193513550000005,0.0122622835,0.0522554665,8830.0,1707.0
0.893310687816304,0.5744973486666667,0.011563228,0.033323389,8830.0,1707.0
0.8983342054340954,0.384784042,0.0189490875,0.0390323955,8830.0,1707.0
0.9291941744073018,0.03880274733333333,0.027337174000000002,0.05018349333333333,8830.0,1707.0
0.8424111049579436,0.0,0.031147449000000004,0.07382540066666667,8830.0,1707.0
0.7155080937300264,0.0,0.039094582,0.069862336,8830.0,1707.0
0.6788125989673637,0.0,0.06007944325,0.08943720449999999,8830.0,1707.0
0.7975580265783735,0.0,0.0785599635,0.1143842365,8830.0,1707.0
0.926832245577701,0.001672422,0.0913696965,0.0990268795,8830.0,1707.0
0.9225514711832817,0.233726084,0.079438056,0.0796587575,8830.0,1707.0
0.8890633459138412,0.4996341773333333,0.08228866233333333,0.07469699133333332,8830.0,1707.0
0.8798900058396211,0.512342697,0.12618935,0.10179257650000001,8830.0,1707.0
0.9077839652026964,0.2569967275,0.13851239399999998,0.107497503,8830.0,1707.0
0.9125186235949961,0.0005899986666666666,0.19703172466666666,0.14142902766666668,8830.0,1707.0
0.8141613742254192,0.0,0.222395847,0.178250387,8830.0,1707.0
0.694658387421424,0.0,0.22467204000000002,0.239820339,8830.0,1707.0
0.649119777368681,0.0,0.24283441849999998,0.33235026,8830.0,1707.0
0.667282328635717,0.0,0.277836931,0.33464507275,8830.0,1707.0
0.7670439334328206,0.067790545,0.2731057433333333,0.34422322066666666,8830.0,1707.0
0.7892779153180716,0.4365450185,0.180254888,0.34598337,8830.0,1707.0
0.7688544041864918,0.616623189,0.224920392,0.36833913149999997,8830.0,1707.0
0.7562727051147913,0.580155152,0.26261952099999997,0.39394715199999997,8830.0,1707.0
0.8033085935746282,0.28533929599999996,0.26060837800000003,0.462103475,8830.0,1707.0
0.8233792286711136,0.0005996596666666666,0.31804203200000003,0.548324597,8830.0,1707.0
0.7719383018066783,0.0,0.33533524000000003,0.5451861650000001,8830.0,1707.0
0.6778783831881631,0.0,0.30177137775,0.562248089,8830.0,1707.0
0.66060527195879,0.0,0.2874964365,0.5706680635,8830.0,1707.0
0.6816358606183011,0.0,0.284276525,0.5752025485000001,8830.0,1707.0
0.7551412652576801,0.002152359,0.2741235015,0.5763756185,8830.0,1707.0
0.8022115695315967,0.331060818,0.245577332,0.597209954,8830.0,1707.0
0.7890295824352573,0.6391601794999999,0.1704004455,0.556334938,8830.0,1707.0
0.7573784851699995,0.8213662183333333,0.153065669,0.5231332373333334,8830.0,1707.0
0.7618251348690237,0.606952951,0.1519014575,0.5183702834999999,8830.0,1707.0
0.7986980587140509,0.204684994,0.176918856,0.524311613,8830.0,1707.0
0.812435007847851,0.00035636725,0.20197078699999998,0.5425779065,8830.0,1707.0
0.7315742179189781,0.0,0.16728050333333333,0.5074711046666667,8830.0,1707.0
0.6866092957577496,0.0,0.14913001225,0.47851789925000004,8830.0,1707.0
0.8161674224215412,0.0,0.1340169905,0.49978537,8830.0,1707.0
0.9328796554373008,0.002343615,0.125471268,0.4921665865,8830.0,1707.0
0.9447175967761515,0.350572444,0.114562167,0.47320433,8830.0,1707.0
0.9092519550292579,0.6578075135,0.0744576855,0.4034329095,8830.0,1707.0
0.8819584241151333,0.839412708,0.045751882,0.349530618,8830.0,1707.0
0.8715829472432262,0.7575774040000001,0.038456307999999995,0.340966932,8830.0,1707.0
0.8825756156858469,0.524855144,0.041087117,0.328347409,8830.0,1707.0
0.9230114266714228,0.07256118866666668,0.059961817,0.32427404600000004,8830.0,1707.0
0.8644180746591705,0.0,0.070723352,0.32387936,8830.0,1707.0
0.7727751229298709,0.0,0.0709106205,0.310658279,8830.0,1707.0
