Demand,Avail_Sol,Avail_Wind_On,Avail_Wind_Off,Hyd_In,HydRoR_In
0.7835673474010767,0.0,0.3281629336,0.6873952058,11191.0,0.0
0.880950338579366,0.0,0.35467028899999997,0.6393845195,11191.0,0.0
0.8967100594865425,0.0016080753333333334,0.36464278099999997,0.6452730573333333,11191.0,0.0
0.8919013415657348,0.009668906000000001,0.3507196245,0.64083002325,11191.0,0.0
0.8929090419846861,0.002842359,0.32834544050000003,0.6887852455,11191.0,0.0
0.8955173274117777,0.0,0.3079170495,0.7035413935000001,11191.0,0.0
0.8527419621683467,0.0,0.2676259286666667,0.653624519,11191.0,0.0
0.7947382847265616,0.0,0.2502315845,0.6079559665000001,11191.0,0.0
0.7879665104550404,0.0,0.23569184450000003,0.606031657,11191.0,0.0
0.8889670204356581,0.0,0.22662072,0.5882311689999999,11191.0,0.0
0.8968888774918501,0.004355835666666667,0.20459496533333332,0.5489974033333334,11191.0,0.0
0.8918301141406804,0.04647370975,0.19753759475,0.5062047335000001,11191.0,0.0
0.8933624214120459,0.008818185,0.195819089,0.493015187,11191.0,0.0
0.898567918980175,0.0,0.1889104815,0.49128384975,11191.0,0.0
0.8548343287022879,0.0,0.16007936833333333,0.48526142166666664,11191.0,0.0
0.7981422808899352,0.0,0.125214828,0.524255452,11191.0,0.0
0.7911421003038357,0.0,0.1272676705,0.5521601979999999,11191.0,0.0
0.8975214374120623,0.0,0.1699876255,0.5946433444999999,11191.0,0.0
0.9005768886160075,0.0068256689999999995,0.20722831,0.627810937,11191.0,0.0
0.8988328818291198,0.01698884975,0.2336730285,0.6483186572499999,11191.0,0.0
0.9028367094396682,0.0,0.2574305323333333,0.6588884923333334,11191.0,0.0
0.8823581551906496,0.0,0.25117746799999996,0.545815656,11191.0,0.0
0.8174538928132351,0.0,0.269946972,0.502777213,11191.0,0.0
0.7887240445816496,0.0,0.27603706975,0.5262336305,11191.0,0.0
0.8484965754095456,0.0,0.267711605,0.5209873745,11191.0,0.0
0.9055636911706512,0.0,0.2587675486666667,0.5230243906666666,11191.0,0.0
0.90104047102477,0.004156126,0.2669105375,0.539767788,11191.0,0.0
0.8989167541067504,0.00715461025,0.28615262075000003,0.53634580575,11191.0,0.0
0.9055368861809729,0.0,0.31795680325,0.531672421,11191.0,0.0
0.8775523303481414,0.0,0.35330591466666667,0.5494939470000001,11191.0,0.0
0.8058504558349557,0.0,0.3941418655,0.5076089687500001,11191.0,0.0
0.7970980560134198,0.0,0.38106886166666665,0.439238292,11191.0,0.0
0.9000362277766614,0.0003643162,0.3891439002,0.4001060336,11191.0,0.0
0.9009044717787156,0.01943497275,0.3867133355,0.43155008775000003,11191.0,0.0
0.9020499364550083,0.0031676485,0.36421036500000004,0.44882441250000005,11191.0,0.0
0.9064490849071394,0.0,0.349270851,0.470003688,11191.0,0.0
0.876369108225298,0.0,0.33875815649999996,0.4989492715,11191.0,0.0
0.8130465076417644,0.0,0.3460245766666667,0.4981182743333334,11191.0,0.0
0.7882821255266637,0.0,0.38706443275,0.43787014275,11191.0,0.0
0.8193461690102161,0.0,0.44287731150000004,0.44969885225000006,11191.0,0.0
0.8578835501189308,0.029257312,0.5039074729999999,0.500167907,11191.0,0.0
0.8589969311052704,0.07305816325,0.502141503,0.57727523125,11191.0,0.0
0.8759016411780243,0.0,0.5410976333333334,0.7290698203333333,11191.0,0.0
0.8676725264675368,0.0,0.5842198885000001,0.80240233575,11191.0,0.0
0.8146814814090452,0.0,0.5770422153333333,0.757637908,11191.0,0.0
0.7945846114576276,0.0,0.56657284075,0.6795549925,11191.0,0.0
0.8069305684543494,0.0,0.4768141035,0.6488764665,11191.0,0.0
0.8467986431445458,0.011143680000000001,0.47494063299999995,0.635163599,11191.0,0.0
0.8589704082143411,0.11690008674999999,0.5689052422499999,0.645757811,11191.0,0.0
0.8669028065998834,0.0129974835,0.5650846775,0.6894658245,11191.0,0.0
0.856625441650879,0.0,0.6667205709999999,0.7750534434999999,11191.0,0.0
0.8061006825418886,0.0,0.5955302222500001,0.8187348962500001,11191.0,0.0
0.8048550859946343,0.0,0.48334925833333336,0.7548421543333333,11191.0,0.0
0.9051703046127244,0.0,0.4408308285,0.6555370475,11191.0,0.0
0.9116796384920609,0.009285505,0.43998933199999996,0.5562326670000001,11191.0,0.0
0.9036433646956179,0.10462857075,0.458173722,0.4956002155,11191.0,0.0
0.9045206993815171,0.020495536499999998,0.471705739,0.5363344395,11191.0,0.0
0.9125443684705841,0.0,0.4210965045,0.55121187675,11191.0,0.0
0.8861882340129995,0.0,0.363762172,0.5271247285,11191.0,0.0
0.8129586380304354,0.0,0.30646799175000006,0.4170973155,11191.0,0.0
0.8037762145638186,0.0,0.30424033466666667,0.3342087583333333,11191.0,0.0
0.9081819215871956,0.0,0.3083365795,0.36839415249999996,11191.0,0.0
0.9111798541648689,0.039318690999999996,0.30217967,0.4180786,11191.0,0.0
0.9042779798270628,0.09715674425000001,0.30934300625,0.45397514425,11191.0,0.0
0.9127214214974029,0.0004684565,0.2918648505,0.4472024295,11191.0,0.0
0.8844240711540595,0.0,0.24574085266666668,0.408113888,11191.0,0.0
0.8108136570459517,0.0,0.2383588635,0.47169176875,11191.0,0.0
0.8024114666681382,0.0,0.18631310266666667,0.4881308976666667,11191.0,0.0
0.9031281631355383,0.0,0.1628899585,0.480760705,11191.0,0.0
0.9076317188240806,0.0031798303333333334,0.16812269866666665,0.476152702,11191.0,0.0
0.9030845950648072,0.10009323825000001,0.18560402099999998,0.46259737025,11191.0,0.0
0.902679184133799,0.006262158,0.163453667,0.45740465799999996,11191.0,0.0
0.9045629376424842,0.0,0.140678867,0.4185295085,11191.0,0.0
0.846575092496913,0.0,0.1372889555,0.35681959375,11191.0,0.0
0.8105884946209995,0.0,0.13438837633333334,0.352168126,11191.0,0.0
0.9077311695057713,0.0,0.12419693799999999,0.3560290396666666,11191.0,0.0
0.9022352017007872,0.030703507333333335,0.11502286933333333,0.34212678,11191.0,0.0
0.9024408164961814,0.028493228500000002,0.11781762675,0.34235064375,11191.0,0.0
0.9089746586267936,0.0,0.1629580015,0.43370243825,11191.0,0.0
0.8782384277633204,0.0,0.1838880885,0.4777754665,11191.0,0.0
0.8097316705902913,0.0,0.16201285875,0.42878419200000006,11191.0,0.0
0.7998604660149665,0.0,0.163733172,0.43101316633333336,11191.0,0.0
0.9032826099867413,0.0,0.15956008124999999,0.443253004,11191.0,0.0
0.9060916473135215,0.054276500799999995,0.18090231539999999,0.4437680092,11191.0,0.0
0.9111680554117495,0.00327755725,0.15994082225,0.37150249625,11191.0,0.0
0.8926343838730498,0.0,0.11325245225000001,0.363851107,11191.0,0.0
0.8123416485770786,0.0,0.08642389333333333,0.34822140366666665,11191.0,0.0
0.7868586176521415,0.0,0.083135947,0.3242989725,11191.0,0.0
0.8384538060892378,0.003983097666666667,0.110676138,0.3696572343333333,11191.0,0.0
0.8539403436961198,0.0686781165,0.11816451249999999,0.39044231249999994,11191.0,0.0
0.8682401936719708,0.0066028879999999995,0.1514163575,0.41731767475000003,11191.0,0.0
0.8623975666824304,0.0,0.19416870825,0.47855577099999996,11191.0,0.0
0.806994486173091,0.0,0.1809376753333333,0.43646733666666665,11191.0,0.0
0.7849225434678812,0.0,0.24277383600000002,0.5009517443333333,11191.0,0.0
0.8024145452211995,0.0,0.30860766575,0.5818921969999999,11191.0,0.0
0.8517590115278411,0.03172906,0.3445184275,0.63023752575,11191.0,0.0
0.8590273949167075,0.03573984175,0.40690921074999997,0.66802989425,11191.0,0.0
0.8778117405648553,0.0,0.495650146,0.7331393905,11191.0,0.0
0.8647208216785174,0.0,0.5934400037500001,0.83022834425,11191.0,0.0
0.8142103717096072,0.0,0.611925282,0.8363018246666667,11191.0,0.0
0.8040375306608033,0.0,0.68942967675,0.88259112675,11191.0,0.0
0.9088491380061727,0.0014289670000000002,0.7650547962,0.9295900548,11191.0,0.0
0.9131232057818496,0.020372501,0.7520115355,0.9348895945,11191.0,0.0
0.9122068725920154,0.012879594500000001,0.7893178487499999,0.9368222795,11191.0,0.0
0.9173080678129089,0.0,0.8295912274999999,0.9374948635,11191.0,0.0
0.8926070630962623,0.0,0.833968132,0.93725804675,11191.0,0.0
0.8089587351708003,0.0,0.8426782527500001,0.9370655802499999,11191.0,0.0
0.7997619823603093,0.0,0.8699344536666667,0.9265209823333334,11191.0,0.0
0.9013704475498681,0.0,0.8547469322500001,0.8896808967500001,11191.0,0.0
0.902512116536819,0.0056423875,0.8010612125000001,0.8972804480000001,11191.0,0.0
0.9021598769988527,0.015087313599999999,0.755696237,0.9023756548000001,11191.0,0.0
0.9104744469082879,0.0,0.6867673195,0.855322012,11191.0,0.0
0.8884746666111623,0.0,0.611870923,0.7728000925,11191.0,0.0
0.814974788540598,0.0,0.5359079386666666,0.7317511313333332,11191.0,0.0
0.7976639985485573,0.0,0.48889252775,0.667112503,11191.0,0.0
0.9048454148977789,0.0015062666,0.4367211426,0.599707073,11191.0,0.0
0.9079356481001581,0.0231875285,0.399445153,0.527836135,11191.0,0.0
0.9084745679956583,0.020698736250000002,0.36201730325000003,0.49174836375000003,11191.0,0.0
0.9198513634738561,0.0,0.3402627075,0.4720423415,11191.0,0.0
0.9008257734105791,0.0,0.29741194875000004,0.406862229,11191.0,0.0
0.8153023716049111,0.0,0.25729310175000003,0.34054065975000003,11191.0,0.0
0.8042649417089544,0.0,0.2516853213333333,0.3252512126666667,11191.0,0.0
0.9031822725684178,0.0,0.2223328865,0.294938863,11191.0,0.0
0.9080167560330773,0.004497572333333333,0.21002196733333334,0.2813464376666666,11191.0,0.0
0.9088021430243716,0.03622218933333334,0.181002951,0.26283094116666667,11191.0,0.0
0.918623525667662,0.0,0.175699523,0.29045362799999996,11191.0,0.0
0.8969211304869703,0.0,0.157324979,0.2574192155,11191.0,0.0
0.8225685709505619,0.0,0.14689883233333334,0.19131963033333332,11191.0,0.0
0.8045608197076557,0.0,0.12174199125,0.139333979,11191.0,0.0
0.9108586781958267,0.0,0.11465346525,0.10579135299999999,11191.0,0.0
0.914183057571209,0.048214596,0.1163704675,0.082952532,11191.0,0.0
0.9114217274230761,0.07830829075,0.12554554825,0.06435418525,11191.0,0.0
0.9179192786860895,0.0030816125,0.1624071835,0.08615296750000001,11191.0,0.0
0.9168670029257778,0.0,0.17794346933333335,0.12727255566666665,11191.0,0.0
0.8758865221806819,0.0,0.18416748366666666,0.1548922566666667,11191.0,0.0
0.7887121975821332,0.0,0.20052823783333332,0.200678354,11191.0,0.0
0.8130891127852574,0.0,0.1936468955,0.25497539025,11191.0,0.0
0.8518489041096083,0.0357050625,0.1662831575,0.254595623,11191.0,0.0
0.8511909173214754,0.064702914,0.13952222400000003,0.2554059813333333,11191.0,0.0
0.8643964541660418,0.00770224775,0.13249482099999998,0.27446189849999997,11191.0,0.0
0.8628726092667764,0.0,0.10315949325,0.23841988549999998,11191.0,0.0
0.8187420540963951,0.0,0.07904435900000001,0.16712942949999998,11191.0,0.0
0.7926528048328058,0.0,0.07055384175,0.16170853325,11191.0,0.0
0.8177762050882393,0.0,0.0635967484,0.1158045956,11191.0,0.0
0.8595130272735908,0.059513773,0.061844786,0.07918480850000001,11191.0,0.0
0.8599646176812593,0.11281317025000001,0.05340264375,0.06328199675,11191.0,0.0
0.8774580376687372,0.0024006356666666667,0.062428649999999995,0.10001636333333334,11191.0,0.0
0.8745970794653483,0.0,0.06537291099999999,0.15420375500000003,11191.0,0.0
0.8391122121060894,0.0,0.0669475735,0.212368648,11191.0,0.0
0.8075007097379528,0.0,0.0614286595,0.2613933575,11191.0,0.0
0.9130110456020024,0.0,0.05398971525,0.2592328145,11191.0,0.0
0.9155893991415625,0.07051614725,0.049900860000000005,0.28342381824999996,11191.0,0.0
0.9155326862727567,0.03612194966666666,0.049861362,0.274804073,11191.0,0.0
0.9233078496835687,0.0,0.0607753655,0.27703425849999996,11191.0,0.0
0.9031082407846447,0.0,0.069280334,0.27382138675,11191.0,0.0
0.8182870668931166,0.0,0.10068829975,0.2412649075,11191.0,0.0
0.808429736256349,0.0,0.13228414766666666,0.23677958866666668,11191.0,0.0
0.9122307842738056,0.0,0.180787061,0.32961638725,11191.0,0.0
0.913773874664078,0.04843393266666667,0.23038354400000002,0.4914858546666667,11191.0,0.0
0.9125481885619102,0.039870231250000006,0.285686832,0.620631711,11191.0,0.0
0.9170984472874348,0.0,0.34483037250000004,0.702720019,11191.0,0.0
0.88812902283123,0.0,0.41798521325,0.74968245425,11191.0,0.0
0.8109363465509466,0.0,0.535879061,0.8109359263333333,11191.0,0.0
0.7872822827435337,0.0,0.56064839,0.9024636045000001,11191.0,0.0
0.8908244929085674,0.0,0.47504125100000005,0.92698716525,11191.0,0.0
0.8903041414473976,0.054062068,0.3898087565,0.89949855,11191.0,0.0
0.8868926420345512,0.021058990666666666,0.410145996,0.8937350509999998,11191.0,0.0
0.8877563001296636,0.0,0.5835735375,0.9139501619999999,11191.0,0.0
0.8400741603126991,0.0,0.6607485696666666,0.9024115416666666,11191.0,0.0
0.7562947009107257,0.0,0.683775535,0.9128283214999999,11191.0,0.0
0.8254746605260159,0.0,0.60817308575,0.90525571275,11191.0,0.0
0.8944042527293815,0.012973446333333333,0.5470415023333334,0.921601705,11191.0,0.0
0.8871637785199951,0.11403507875,0.5368482415,0.85664134375,11191.0,0.0
0.8883684783250629,0.0449577865,0.5594578665000001,0.8467226864999999,11191.0,0.0
0.8932461510721206,0.0,0.5456268157499999,0.85950631225,11191.0,0.0
0.8508535261680903,0.0,0.47946010366666664,0.8218431976666666,11191.0,0.0
0.7841970687932323,0.0,0.37815422624999995,0.67986442,11191.0,0.0
0.8466520984693455,0.0,0.29846626175,0.557928635,11191.0,0.0
0.8995786577413903,0.006257915,0.24372448766666666,0.49057924933333336,11191.0,0.0
0.8930253123246116,0.13826327575,0.21780274475,0.41778606125000006,11191.0,0.0
0.8941892488112473,0.0404091295,0.1806594725,0.3452640175,11191.0,0.0
0.8984184768972909,0.0,0.17380128625000002,0.33559451975000004,11191.0,0.0
0.867263126304027,0.0,0.186879196,0.334144074,11191.0,0.0
0.7950648642592594,0.0,0.20124747875000001,0.36778578500000003,11191.0,0.0
0.7752263005315445,0.0,0.19677095849999998,0.40863436475,11191.0,0.0
0.8212245672672394,0.015811554000000002,0.14731037700000002,0.41956574574999994,11191.0,0.0
0.8430651377999965,0.194432193,0.0769632975,0.37839148825,11191.0,0.0
0.8553284555080738,0.032836328750000005,0.11618343525,0.42296809725,11191.0,0.0
0.8481794370833935,0.0,0.26495623575000005,0.51107933425,11191.0,0.0
0.7959979888351367,0.0,0.402765987,0.6020995626666666,11191.0,0.0
0.7683192037754601,0.0,0.41906173425,0.6904567340000001,11191.0,0.0
0.7929999112558859,0.00051359675,0.37718340875000006,0.716690284,11191.0,0.0
0.8301553337885618,0.06475205375,0.33361094,0.6564404515,11191.0,0.0
0.8304719884372052,0.04947843533333333,0.3054464536666666,0.633514188,11191.0,0.0
0.8482257857996243,0.0,0.296084951,0.634472092,11191.0,0.0
0.8394718546551614,0.0,0.275788189,0.62678868125,11191.0,0.0
0.7963774008619166,0.0,0.23830978333333333,0.6126595886666667,11191.0,0.0
0.7873407684952345,0.0,0.21218682825000001,0.5224410902500001,11191.0,0.0
0.8935208527137485,0.0009726372,0.196121943,0.3580873494,11191.0,0.0
0.8918091522455651,0.038099294,0.20386860950000002,0.40024570950000005,11191.0,0.0
0.8959296531567681,0.0313110645,0.21738332875,0.48411013850000006,11191.0,0.0
0.9053264922700202,0.0,0.212031363,0.5601317690000001,11191.0,0.0
0.8828671915106119,0.0,0.17749596024999997,0.5583049095000001,11191.0,0.0
0.8103112251690306,0.0,0.16754604166666667,0.5928708406666666,11191.0,0.0
0.7959236910238142,0.0,0.145557832,0.650119837,11191.0,0.0
0.900411900304261,0.0,0.12050190250000001,0.6289064394999999,11191.0,0.0
0.9033459877787758,0.017632043,0.11101611266666667,0.6048679763333333,11191.0,0.0
0.9000659180451878,0.1604661775,0.11172555875,0.53705503025,11191.0,0.0
0.9050061866056291,0.040723022,0.11333142225,0.438479604,11191.0,0.0
0.8931256737513392,0.0,0.12079027033333334,0.369060239,11191.0,0.0
0.8498637251295942,0.0,0.1395610045,0.3476386215,11191.0,0.0
0.7939543846492062,0.0,0.20268902924999999,0.412530016,11191.0,0.0
0.8510806348809005,0.0,0.315282582,0.51744837575,11191.0,0.0
0.9010501742902629,0.0028349413333333333,0.418673888,0.6893456163333332,11191.0,0.0
0.900436706692687,0.0428466875,0.488793461,0.7609193835,11191.0,0.0
0.8994398618114354,0.02777611325,0.53414151075,0.8024371857500001,11191.0,0.0
0.9045252930551122,0.0,0.5609249215000001,0.8506629649999999,11191.0,0.0
0.8826466912422437,0.0,0.56260907625,0.8673716735000001,11191.0,0.0
0.8141350743352717,0.0,0.539305412,0.85164044175,10057.5,0.0
0.8047611155263811,0.0,0.52488611,0.8575714256666666,8924.0,0.0
0.9093584546144142,0.0,0.4970346845,0.848784034,8924.0,0.0
0.949621503697049,0.011722847,0.49280683499999994,0.839824864,8924.0,0.0
0.946671829914068,0.082907472,0.49855408,0.78392289,8924.0,0.0
0.9465862650439429,0.05719919025,0.482925139,0.7595268995,8924.0,0.0
0.9571631914121821,0.0,0.47513817950000004,0.7372026805,8924.0,0.0
0.9347214194444875,0.0,0.44739133774999995,0.69157126725,8924.0,0.0
0.8472851298332758,0.0,0.4050110885,0.6781950729999999,8924.0,0.0
0.8042768048124687,0.0,0.36843005975,0.6251232085,8924.0,0.0
0.8686286802523588,0.0,0.34059504549999997,0.6012081794999999,8924.0,0.0
0.9595915306357603,0.0014424773333333333,0.3297320733333333,0.579173097,8924.0,0.0
0.9633613104487254,0.15528622233333333,0.31186691800000005,0.5738090373333332,8924.0,0.0
0.9620716180394289,0.12951908275,0.29650216825000003,0.57681787925,8924.0,0.0
0.9754520882179931,0.0,0.3226090345,0.616962153,8924.0,0.0
0.9565068648117574,0.0,0.327885491,0.6565405987499999,8924.0,0.0
0.8424387430871032,0.0,0.328993111,0.6472872622500001,8924.0,0.0
0.8135546414490795,0.0,0.32727002175,0.6185418042499999,8924.0,0.0
0.8724326232700993,0.01073495675,0.31888841575000004,0.6205077815000001,8924.0,0.0
0.8982281744784073,0.130729202,0.29068453,0.6397962347499999,8924.0,0.0
0.902752925750425,0.041089138000000004,0.3045495265,0.6488767520000001,8924.0,0.0
0.9216249073871382,0.0,0.3139577513333333,0.6940040773333335,8924.0,0.0
0.9085515335277051,0.0,0.28861005166666664,0.7221307803333333,8924.0,0.0
0.8348887021528331,0.0,0.275950821,0.76709799275,8924.0,0.0
0.81128097482786,0.0,0.23612834849999997,0.7323623312499999,8924.0,0.0
0.8711422134621353,0.023399358250000002,0.2087669715,0.720179456,8924.0,0.0
0.8968832440444447,0.22494051725000003,0.17002478624999998,0.65579860475,8924.0,0.0
0.9120603801974112,0.04578329125,0.14623467549999997,0.58697706325,8924.0,0.0
0.913465464671979,0.0,0.133109033,0.53603690625,8924.0,0.0
0.83891966120176,0.0,0.13638089739999998,0.4340746494,8924.0,0.0
0.8659006994175401,0.0,0.12503254133333333,0.39295390266666663,8924.0,0.0
0.9756419473997541,0.006747443333333333,0.12380267233333332,0.35278736466666666,8924.0,0.0
0.9692569512417173,0.20412240625,0.11881568425,0.30043404225,8924.0,0.0
0.966523135151145,0.15388801666666665,0.09307130233333333,0.25664938000000004,8924.0,0.0
0.984302657518635,0.001025825,0.08924255950000001,0.274528148,8924.0,0.0
0.970196591475458,0.0,0.0846537385,0.246320848,8924.0,0.0
0.8541671785425706,0.0,0.07691672075,0.23174616199999998,8924.0,0.0
0.8353673511143502,0.0,0.07014892133333334,0.3710980386666667,8924.0,0.0
0.9350641858565378,0.0,0.0896210885,0.4747711975,8924.0,0.0
0.971719977263191,0.015195586333333335,0.11759999566666668,0.511471444,8924.0,0.0
0.9663749262212392,0.117994902,0.14383059625,0.48160919324999996,8924.0,0.0
0.973280306376425,0.022402235,0.15800257774999998,0.46940429375000003,8924.0,0.0
0.9600889777513657,0.0,0.11558831825,0.349968556,8924.0,0.0
0.8556835768023435,0.0,0.08755542599999999,0.3194176776666666,8924.0,0.0
0.8276799045728749,0.0,0.08519509675,0.39069127350000005,8924.0,0.0
0.9459259974902121,0.0,0.08073664266666666,0.3536270736666667,8924.0,0.0
0.967231734016756,0.07888216,0.0782251215,0.3014229215,8924.0,0.0
0.9640385427606639,0.29768190975,0.07237152675,0.291330572,8924.0,0.0
0.9635596316746029,0.080791208,0.0912607265,0.26450706599999996,8924.0,0.0
0.9759092395230805,0.001030017,0.1038523665,0.29954800000000004,8924.0,0.0
0.9557764094099919,0.0,0.10920776674999999,0.32359102875,8924.0,0.0
0.865198354544426,0.0,0.1206936535,0.327991428,8924.0,0.0
0.8161933423756146,0.0,0.1164633165,0.3551083815,8924.0,0.0
0.9179169093321038,0.0,0.15843362375,0.38152158975,8924.0,0.0
0.9630181490787475,0.060507533,0.198684834,0.3907420575,8924.0,0.0
0.9527944582627044,0.19623380375000002,0.20263911175,0.39617405375,8924.0,0.0
0.953354340151715,0.10042044250000001,0.2316968885,0.4375782715,8924.0,0.0
0.9704381987717124,0.0007682665,0.27736189525,0.5270025965,8924.0,0.0
0.9024179686622024,0.0,0.271477213,0.5447025537500001,8924.0,0.0
0.8147521607733978,0.0,0.31543920575,0.57997386025,8924.0,0.0
0.9147981128393051,0.0,0.34670020149999997,0.59169564375,8924.0,0.0
0.9630963395313827,0.0855860685,0.363532155,0.5859226230000001,8924.0,0.0
0.9569284021091323,0.22097450375,0.360807247,0.569970361,8924.0,0.0
0.9672845621486554,0.053606174250000006,0.42775939975,0.5809847925,8924.0,0.0
0.9559401404291625,0.0,0.41722847575,0.61935658875,8924.0,0.0
0.8512253140178206,0.0,0.3515316233333334,0.559320672,8924.0,0.0
0.809649095947227,0.0,0.337791659,0.49203565099999996,8924.0,0.0
0.8317085788482432,0.0,0.32436381075,0.5151271405,8924.0,0.0
0.8867420958930589,0.0360278455,0.33549188799999996,0.5424201694999999,8924.0,0.0
0.8919582314473238,0.090805812,0.3498851735,0.5627985345,8924.0,0.0
0.8945941521219394,0.07418011925,0.35689531900000004,0.482642797,8924.0,0.0
0.9173453657871452,0.0010654706666666668,0.39740003,0.5170061326666667,8924.0,0.0
0.9056349023277158,0.0,0.4304678716666667,0.5436164943333334,8924.0,0.0
0.8311954806801964,0.0,0.44336164625,0.5523671019999999,8924.0,0.0
0.8065284698959562,0.0,0.44477858649999996,0.5319841335,8924.0,0.0
0.8648680877537855,0.023144987,0.42515484249999996,0.592827161,8924.0,0.0
0.8887846482681787,0.16605795175,0.43827842325,0.65901669875,8924.0,0.0
0.8952198455729616,0.06996576,0.4416481425,0.6837401955,8924.0,0.0
0.9105206907681412,0.0004794593333333333,0.44529318199999995,0.709221651,8924.0,0.0
0.8829105661365781,0.0,0.42853011225,0.7174821645,8924.0,0.0
0.8100320297313927,0.0,0.427994527,0.7526882138333333,8924.0,0.0
0.9270243259851126,0.0,0.44057228966666667,0.7917454453333335,8924.0,0.0
0.9486495619594042,0.049263498,0.440494098,0.789434379,8924.0,0.0
0.9479742801335147,0.1561152275,0.4037024765,0.7709934235,8924.0,0.0
0.9474720134947634,0.13459013625,0.411446439,0.7686766975,8924.0,0.0
0.9578450013593145,0.0015717335,0.3861449615,0.7611496325,8924.0,0.0
0.9356769685914259,0.0,0.33537543849999996,0.7951138950000001,8924.0,0.0
0.8478725985594218,0.0,0.312842932,0.794653888,8924.0,0.0
0.8026283724323439,0.0,0.28009815125,0.771820457,8924.0,0.0
0.9054553832573277,0.0,0.2352001725,0.67107875075,8924.0,0.0
0.950946777774869,0.0734105595,0.1995105075,0.6390012865,8924.0,0.0
0.9492361843893031,0.19680186975,0.16005019250000002,0.57001900825,8924.0,0.0
0.9508469240668525,0.143123035,0.1537939095,0.5618945505,8924.0,0.0
0.9594666448865572,0.00232487775,0.16463529075000002,0.5510549295,8924.0,0.0
0.914176481170771,0.0,0.16499838133333333,0.4797190816666666,8924.0,0.0
0.8152633487973866,0.0,0.1920929515,0.431125653,8924.0,0.0
0.8495451926432835,0.0,0.24887881366666664,0.4078288243333333,8924.0,0.0
0.9553911868902251,0.045566162,0.294486914,0.42722225275,8924.0,0.0
0.9474733434029224,0.214385077,0.3121745345,0.45166441425000003,8924.0,0.0
0.9485538668218547,0.1237601495,0.3160746255,0.44522282999999996,8924.0,0.0
0.9679633015783262,0.007754262,0.348156832,0.508310212,8924.0,0.0
0.9520903325038936,0.0,0.36968304025,0.5927288575,8924.0,0.0
0.8387126763464468,0.0,0.38825170425,0.6482729604999999,8924.0,0.0
0.8205123097766597,0.0,0.4330231256666666,0.6550599943333333,8924.0,0.0
0.9234976439901609,0.0,0.4620051935,0.6911860945,8924.0,0.0
0.9616659087088836,0.042554518000000006,0.4896774576666667,0.7555127926666666,8924.0,0.0
0.9533491662422207,0.171250496,0.49921171774999995,0.7971614884999999,8924.0,0.0
0.9595116636946288,0.0494320225,0.51419102625,0.844332553,8924.0,0.0
0.9435021392450421,0.0,0.5157025930000001,0.88148716025,8924.0,0.0
0.8578160943748139,0.0,0.4519964445,0.849399911,8924.0,0.0
0.8054200573701441,0.0,0.42226273525,0.7930814232500001,8924.0,0.0
0.9054820028706392,0.0,0.34487581125,0.6765411557500001,8924.0,0.0
0.9516715755568332,0.08070411250000001,0.30513977449999996,0.564639903,8924.0,0.0
0.9469888472142481,0.27655268275,0.23056018275,0.4333551525,8924.0,0.0
0.9488029449627962,0.13029554399999999,0.1940168045,0.378076486,8924.0,0.0
0.9565909788461466,0.00160862,0.18955698125,0.3353732225,8924.0,0.0
0.9095037784688218,0.0,0.13486393633333335,0.255634549,8924.0,0.0
0.8103122850154411,0.0,0.09035004375,0.23206260099999998,8924.0,0.0
0.8118770748704913,0.0,0.0643837565,0.1242697685,8924.0,0.0
0.8800351176149331,0.05770350233333333,0.05209104333333333,0.10577329166666667,8924.0,0.0
0.8866821110920239,0.24789193674999999,0.029969358,0.07049217525,8924.0,0.0
0.8899310318563016,0.15748072200000002,0.0293490305,0.0548311935,8924.0,0.0
0.9140970171575701,0.004325691,0.04355323,0.05903886866666666,8924.0,0.0
0.9035448247261657,0.0,0.04830064566666666,0.059130332,8924.0,0.0
0.8247483154811188,0.0,0.054104093500000006,0.082551473,8924.0,0.0
0.8004786040343149,0.0,0.063725991,0.12558856375,8924.0,0.0
0.8624734118878792,0.041721375000000005,0.06649724625,0.17741439025,8924.0,0.0
0.8824817996528798,0.20356073125,0.06552295,0.20331439424999997,8924.0,0.0
0.8865714016495174,0.098934863,0.070788707,0.2394576295,8924.0,0.0
0.9074182139224822,0.0025720966666666666,0.08684647566666666,0.28113296000000004,8924.0,0.0
0.8722419051319219,0.0,0.08391664360000001,0.26908817960000003,8924.0,0.0
0.8057137796306199,0.0,0.08400561050000001,0.2111658575,8924.0,0.0
0.9103621901044535,0.0,0.09209230225,0.20862828225,8924.0,0.0
0.9587885099963751,0.07308324399999999,0.0950949695,0.2432373505,8924.0,0.0
0.9552609658963637,0.1771625145,0.09409147224999999,0.28534704099999997,8924.0,0.0
0.9598900439176016,0.0902491245,0.0979392615,0.305302197,8924.0,0.0
0.9712147125257712,0.00184547725,0.11866562900000001,0.36479347849999993,8924.0,0.0
0.9023532934651898,0.0,0.10851293625000001,0.3743999845,8924.0,0.0
0.8154395073143597,0.0,0.0888148305,0.30032594749999997,8924.0,0.0
0.9182941050748739,0.000351531,0.07345268675,0.22064162475000001,8924.0,0.0
0.9648504767824853,0.116206972,0.0599976385,0.1745545475,8924.0,0.0
0.9619853763094174,0.28175669999999997,0.0459675605,0.14256533075,8924.0,0.0
0.9624427207640842,0.160769936,0.047394538,0.10651480699999999,8924.0,0.0
0.9753847616338428,0.007402321333333333,0.06334401233333332,0.11300128066666666,8924.0,0.0
0.9507690719621648,0.0,0.05396578133333333,0.09491724866666666,8924.0,0.0
0.8358642342292478,0.0,0.047555176166666664,0.061909856166666666,8924.0,0.0
0.9204099883654762,0.00052772325,0.057525369500000006,0.05415642525,8924.0,0.0
0.9647548784657132,0.13728694549999998,0.0552152505,0.040204272,8924.0,0.0
0.9631072920866501,0.343794274,0.058601186750000006,0.044022546749999995,8924.0,0.0
0.9625227004332009,0.2172830175,0.0724616525,0.06834198999999999,8924.0,0.0
0.9760125264328938,0.008795884,0.0878850395,0.08165491350000001,8924.0,0.0
0.9593647360985016,0.0,0.09106053300000001,0.11944649799999998,8924.0,0.0
0.8401202269301807,0.0,0.07870761533333333,0.15958169166666666,8924.0,0.0
0.926764625568453,0.0008663975,0.06387036224999999,0.130093551,8924.0,0.0
0.9708395235510465,0.2297623705,0.054645324499999995,0.102617182,8924.0,0.0
0.9646813588677887,0.42512661820000003,0.0560636496,0.0762441636,8924.0,0.0
0.9706797094439796,0.106682534,0.0987123975,0.07055115249999999,8924.0,0.0
0.9792547016227597,0.0,0.1243604565,0.08673139299999999,8924.0,0.0
0.9409036700082188,0.0,0.12878692875,0.12279018449999998,8924.0,0.0
0.8269552277184875,0.0,0.1393927035,0.17276354175,8924.0,0.0
0.8611533039463408,0.0,0.14081437666666666,0.237321851,8924.0,0.0
0.9653376566974865,0.001380286,0.137504402,0.293859866,8924.0,0.0
0.9663932528988112,0.07813170950000001,0.12065005300000001,0.327128365,8924.0,0.0
0.9640983100101348,0.15621872625,0.12270238625,0.36089580125,8924.0,0.0
0.9679731820205942,0.05525751733333333,0.140169937,0.41308187933333335,8924.0,0.0
0.9770073886528992,0.0,0.163409077,0.483458416,8924.0,0.0
0.9396391544448963,0.0,0.16062950475,0.51606762175,8924.0,0.0
0.8283930970464843,0.0,0.15023906250000002,0.5153089705,8924.0,0.0
0.8168018262089454,0.0,0.13998639819999997,0.4850069196,8924.0,0.0
0.8599745303971198,0.002917661,0.1399416605,0.44404221,8924.0,0.0
0.8951940237471132,0.1309361005,0.1280290135,0.4045528445,8924.0,0.0
0.8995550926071392,0.2872945365,0.11422993349999999,0.36111008925,8924.0,0.0
0.9034883618137101,0.19473966650000002,0.13245127550000002,0.38418442350000004,8924.0,0.0
0.923921526797109,0.007497763,0.16954793899999998,0.451265166,8924.0,0.0
0.9152921349199071,0.0,0.18797157866666667,0.4981813396666667,8924.0,0.0
0.8332854294169652,0.0,0.17950508600000004,0.54767077,8924.0,0.0
0.8426147321677158,0.00162719075,0.2055220915,0.692307091,8924.0,0.0
0.8990155439669559,0.2092768325,0.1935854665,0.751882237,8924.0,0.0
0.9013273146806601,0.48028737299999996,0.18660246275000003,0.7521112782500001,8924.0,0.0
0.9112149762954811,0.2580470203333333,0.20798236699999997,0.7960267176666666,8924.0,0.0
0.9243713279226993,0.0,0.2416396145,0.819584172,8924.0,0.0
0.9081327202002527,0.0,0.28306753949999997,0.83652002525,8924.0,0.0
0.8328453396908626,0.0,0.31140924775,0.8346310445,8924.0,0.0
0.8685217828327806,0.0,0.32310924366666666,0.8026317643333334,8924.0,0.0
0.9781899498886605,0.10221319400000001,0.3253439123333333,0.7647226156666668,8924.0,0.0
0.9709874908881857,0.49653056349999997,0.2768875965,0.713737925,8924.0,0.0
0.9668405395048465,0.49677543199999996,0.2642525075,0.706962578,8924.0,0.0
0.9744700403853199,0.1570130675,0.35842861000000004,0.8131273995,8924.0,0.0
0.9812654121630802,0.0,0.41023939733333337,0.8802728943333333,8924.0,0.0
0.9519807593279912,0.0,0.4093291055,0.878815824,8924.0,0.0
0.8624770145260365,0.0,0.4219291013333333,0.8615099536666667,8924.0,0.0
0.836105865763495,0.0,0.41778145850000004,0.8556195135,8924.0,0.0
0.9629915858786259,0.0041813480000000005,0.43363075,0.823475223,8924.0,0.0
0.9847984444465322,0.20529283799999998,0.44133494949999996,0.7882904315,8924.0,0.0
0.9790232488975195,0.42094731524999995,0.40650023675,0.75923820875,8924.0,0.0
0.982277875495197,0.3035063495,0.3465089905,0.7588650905000001,8924.0,0.0
0.9974027880557526,0.02237566525,0.31540594475,0.7590736215,8924.0,0.0
0.9480574672860707,0.0,0.29416517133333336,0.727030199,8924.0,0.0
0.8562077967652283,0.0,0.279526693,0.6869687871666667,8924.0,0.0
0.9729939139604592,0.005697941333333334,0.26870565733333335,0.6860373293333333,8924.0,0.0
0.9870379723961547,0.305202122,0.2408048525,0.6901786114999999,8924.0,0.0
0.9805673307168099,0.5300075387500001,0.22389919725000001,0.6633304600000001,8924.0,0.0
0.9811521639302274,0.341450995,0.251181895,0.6747561,8924.0,0.0
0.9963473849056124,0.0262183765,0.27203914325,0.69161675875,8924.0,0.0
0.946523475752996,0.0,0.27642107699999996,0.6805733006666667,8924.0,0.0
0.8357075629928387,0.0,0.2772296993333333,0.6614553711666666,10271.5,0.0
0.9603455510405835,0.004913099666666667,0.2616320913333333,0.6530792786666667,10541.0,0.0
0.9811716028659994,0.222446633,0.20994335549999998,0.627650281,10541.0,0.0
0.9691220156466839,0.40151658625,0.16321135675,0.5560860224999999,10541.0,0.0
0.9685451125862758,0.291324072,0.171181159,0.560379523,10541.0,0.0
0.9853465358476116,0.035624133,0.178371701,0.5745338213333334,10541.0,0.0
0.9593172270088677,0.0,0.176245616,0.5858263023333333,10541.0,0.0
0.868835157447998,0.0,0.1848937745,0.5985400955,10541.0,0.0
0.8181594934161858,0.0,0.17218948925,0.5611424977499999,10541.0,0.0
0.9231558446051443,0.00421408275,0.1700024385,0.5766953605,10541.0,0.0
0.9692572412120741,0.244832757,0.15089368749999998,0.5667900495,10541.0,0.0
0.9657187447535855,0.4304490215,0.1238605235,0.48408859075,10541.0,0.0
0.9667389934011259,0.2903848535,0.132643312,0.484789484,10541.0,0.0
0.980196179516169,0.027396892000000003,0.14302721666666665,0.5219909303333333,10541.0,0.0
0.9407844258732143,0.0,0.11518551625000001,0.44707965075,10541.0,0.0
0.8101971630447168,0.0,0.08474669074999999,0.30989731425,10541.0,0.0
0.8072711268803768,0.0,0.08523197066666666,0.3260692753333333,10541.0,0.0
0.8598504506349715,0.037789200333333335,0.07562368133333335,0.32683919933333333,10541.0,0.0
0.8933702066290743,0.2431111105,0.044706675,0.25225304950000005,10541.0,0.0
0.8969392315117818,0.17361820333333333,0.03862192133333334,0.185261915,10541.0,0.0
0.9181765289335887,0.016038490000000002,0.0534834405,0.19725768100000002,10541.0,0.0
0.9106748070774081,0.0,0.0599221275,0.18400192175000002,10541.0,0.0
0.8374000149132073,0.0,0.05554703333333333,0.12373470766666668,10541.0,0.0
0.810038702755818,0.0,0.06709871783333334,0.150736145,10541.0,0.0
0.871741311406645,0.0501115495,0.0686863955,0.1783413025,10541.0,0.0
0.8926601088781208,0.23631986900000002,0.06213930399999999,0.165514708,10541.0,0.0
0.8928844775498087,0.29312964075,0.07836010275000001,0.17694124425,10541.0,0.0
0.9096107729059678,0.0884078795,0.1055286365,0.238447988,10541.0,0.0
0.9180134266591011,0.001190473,0.1455804625,0.294466002,10541.0,0.0
0.8816290246788931,0.0,0.1382448234,0.3038721002,10541.0,0.0
0.8112747369721595,0.0,0.13890211074999997,0.32908526375,10541.0,0.0
0.914559358410553,0.006298848,0.18561751375,0.43565420225,10541.0,0.0
0.9625231839467177,0.142268946,0.1943832185,0.5013607714999999,10541.0,0.0
0.9611975474141511,0.27415850399999997,0.21293357224999998,0.49717261575000005,10541.0,0.0
0.9621180631828565,0.15483125749999999,0.231207037,0.533951791,10541.0,0.0
0.9735000328985324,0.013251925999999999,0.2608932956666667,0.5556229569999999,10541.0,0.0
0.9319762883766995,0.0,0.24014354725,0.546315761,10541.0,0.0
0.8172715690561445,0.0,0.222669251,0.4782439915,10541.0,0.0
0.8117895155317083,0.0,0.21686287125,0.42921298125,10541.0,0.0
0.9338197620476709,0.011491218999999999,0.22429935766666667,0.41039894000000005,10541.0,0.0
0.9560413481521374,0.12338870099999999,0.19412533199999998,0.36180895199999996,10541.0,0.0
0.9492905923201148,0.22320917166666668,0.18373132133333334,0.279366823,10541.0,0.0
0.9486965956695164,0.16457364666666666,0.207081793,0.29969144266666664,10541.0,0.0
0.9629991454428939,0.026853743500000003,0.25945450400000003,0.4506062155,10541.0,0.0
0.9460522048823857,0.0,0.25692698125,0.52055359375,10541.0,0.0
0.8395872223840447,0.0,0.22029630166666667,0.4518626063333333,10541.0,0.0
0.8098498993862686,0.0,0.2358088605,0.53041541525,10541.0,0.0
0.9298644589313806,0.007532894333333334,0.25380073033333334,0.5987560173333333,10541.0,0.0
0.9528158072441395,0.1083922475,0.21037013100000002,0.5585821565,10541.0,0.0
0.9483393384472343,0.223182991,0.18277772949999999,0.45325233625,10541.0,0.0
0.9505834841772511,0.1510057345,0.1959593705,0.49879795400000004,10541.0,0.0
0.9681332704531974,0.017208314666666665,0.24275089366666666,0.5612455976666667,10541.0,0.0
0.9292093975279379,0.0,0.20635860575,0.478424921,10541.0,0.0
0.8132701028295787,0.0,0.1603454785,0.35316523333333333,10541.0,0.0
0.9331863073880245,0.01610190133333333,0.15929778466666666,0.3666459143333333,10541.0,0.0
0.9596402404079898,0.1912873295,0.14333208349999998,0.350455113,10541.0,0.0
0.9576590508572674,0.314536775,0.12162447374999999,0.358065401,10541.0,0.0
0.9580359563344951,0.2139594755,0.13047917950000001,0.42216492299999997,10541.0,0.0
0.9696885384177207,0.022771586333333333,0.17621115666666665,0.43915225333333335,10541.0,0.0
0.9292944303757622,0.0,0.15683191175,0.3777697085,10541.0,0.0
0.8117213707923092,0.0,0.14993987333333333,0.39145271333333337,10541.0,0.0
0.931128240992038,0.010211009333333333,0.149628279,0.42886150833333336,10541.0,0.0
0.9566127629307097,0.12338193650000001,0.10877655750000001,0.4197953045,10541.0,0.0
0.9521060769792019,0.2396052172,0.0793770806,0.33498362560000006,10541.0,0.0
0.9632625367253164,0.081656336,0.0862492945,0.3136373,10541.0,0.0
0.9639663725137702,0.00115114675,0.09860186650000001,0.280205647,10541.0,0.0
0.8625480604121334,0.0,0.06801422725,0.18265401225,10541.0,0.0
0.7999506001895004,0.0,0.05884319375000001,0.17743496525,10541.0,0.0
0.8430578481990819,0.04677859125,0.04875353,0.155416063,10541.0,0.0
0.8885711515661722,0.3703149833333333,0.027274481333333333,0.16939070366666667,10541.0,0.0
0.8882000568115197,0.376793105,0.028225824249999996,0.18353139849999997,10541.0,0.0
0.9145914020209025,0.04503125533333333,0.04616545133333333,0.25351192133333333,10541.0,0.0
0.8936638442697649,0.0,0.050266663749999996,0.2752199955,10541.0,0.0
0.8093565463267435,0.0,0.056621056999999995,0.27511411933333335,10541.0,0.0
0.7988794455583208,0.0,0.07913710275,0.316370414,10541.0,0.0
0.8592583640300361,0.14181848600000002,0.09350083749999999,0.3814888625,10541.0,0.0
0.8774085346483382,0.45052376259999993,0.09374413020000001,0.41401494679999995,10541.0,0.0
0.8916843953283451,0.203945168,0.1370451925,0.4970123145,10541.0,0.0
0.9018682172374066,0.0037110435,0.186735335,0.565431038,10541.0,0.0
0.8738537131834571,0.0,0.20937898175,0.58388995625,10541.0,0.0
0.7978659907971859,0.0,0.22186768425,0.528830251,10541.0,0.0
0.8528012498073063,0.00065520225,0.23532523675,0.5588231095,10541.0,0.0
0.943079465484273,0.17425802125,0.192800572,0.46650445850000005,10541.0,0.0
0.9404901353810415,0.32224658824999997,0.10401826025,0.30420313675,10541.0,0.0
0.9508836982511781,0.06132525049999999,0.08679175624999999,0.268217498,10541.0,0.0
0.9222013995496124,0.0,0.07331247733333333,0.21162803600000002,10541.0,0.0
0.8181555041836842,0.0,0.13415184775,0.2790706235,10541.0,0.0
0.7998633996320468,0.0,0.20928161933333334,0.4925233873333334,10541.0,0.0
0.9075144731919331,0.0011423985,0.258281647,0.590603675,10541.0,0.0
0.9460438395278532,0.13206871850000002,0.2644599795,0.651517162,10541.0,0.0
0.9454754712583383,0.2716316795,0.2342887875,0.655979035,10541.0,0.0
0.9454703212588531,0.36376528725,0.24770870749999999,0.6957568322500001,10541.0,0.0
0.957082051074477,0.11620578200000001,0.30636342325,0.73787441825,10541.0,0.0
0.931738033729454,0.0,0.30863584433333335,0.7207403386666668,10541.0,0.0
0.8497562312389253,0.0,0.27928435149999997,0.6785234355,10541.0,0.0
0.802340440625053,0.0,0.26730937425,0.6850821192500001,10541.0,0.0
0.9065581986763243,0.02693322725,0.231804542,0.67048268725,10541.0,0.0
0.9554489472732556,0.2747267015,0.17250150749999998,0.6126963255,10541.0,0.0
0.9530166510251716,0.51634856425,0.1230807355,0.50018003875,10541.0,0.0
0.9545932033255498,0.4108252215,0.09495770349999999,0.4470434755,10541.0,0.0
0.9697187927459919,0.130325654,0.11850499650000001,0.44070829,10541.0,0.0
0.9693590293677385,0.0,0.1408625725,0.4820385005,10541.0,0.0
0.923949153779445,0.0,0.14227824033333333,0.516553602,10541.0,0.0
0.8146672608573522,0.0,0.14818588975000002,0.5210089565,10541.0,0.0
0.8244429033908983,0.0,0.1654296615,0.592031102,10541.0,0.0
0.9395669518260149,0.05512179933333333,0.16538953533333334,0.6700288933333334,10541.0,0.0
0.961580448891926,0.3639610385,0.1126722855,0.6731810275,10541.0,0.0
0.9609401521322757,0.58398502075,0.11117262675,0.60047300275,10541.0,0.0
0.9654980349364548,0.3806139723333333,0.15876369999999998,0.6819231536666667,10541.0,0.0
0.9764199681403517,0.0179185355,0.2406914585,0.7741119635,10541.0,0.0
0.938139728749342,0.0,0.240183941,0.7973264452500001,10541.0,0.0
0.8202324613891442,0.0,0.22717610533333335,0.7615936773333333,10541.0,0.0
0.8453685429623778,0.0,0.24265324875,0.78152063075,10541.0,0.0
0.9662939311147002,0.1391513985,0.2355409405,0.8169847305,10541.0,0.0
0.9658364899376509,0.560110664,0.17352023500000002,0.7902377365,10541.0,0.0
0.9635392017033932,0.77968251025,0.17356807999999999,0.72499677675,10541.0,0.0
0.968853571119957,0.46146636333333335,0.21225638566666669,0.769569927,10541.0,0.0
0.9801032406877315,0.0332107755,0.2609735785,0.828906437,10541.0,0.0
0.9405849117051559,0.0,0.27145345,0.77932811875,10541.0,0.0
0.8176043666015311,0.0,0.30341219233333333,0.7180403379999999,10541.0,0.0
0.8099902507459497,0.0,0.33442039775,0.7138475885,10541.0,0.0
0.8529486006007548,0.0691206075,0.32991651050000004,0.732582787,10541.0,0.0
0.8856200591882493,0.2700920035,0.2992622765,0.685337808,10541.0,0.0
0.8930569367062422,0.410252145,0.31187178725,0.5890821472500001,10541.0,0.0
0.8964905263764016,0.286254805,0.383595136,0.611598489,10541.0,0.0
0.9179078993584788,0.068682529,0.48161486133333337,0.6688830636666667,10541.0,0.0
0.8856983948720506,0.0,0.5600396386,0.6355286016000001,10541.0,0.0
0.8171784574365419,0.0023970137142857143,0.6306917947142858,0.6430538848571429,10541.0,0.0
0.8734693369599373,0.21616298350000002,0.61689916,0.6217723905,10541.0,0.0
0.8889686644209732,0.43361328,0.545599277,0.583807097,10541.0,0.0
0.8785934283268035,0.49495588949999997,0.5948082707500001,0.58548079375,10541.0,0.0
0.8952006002787447,0.310612206,0.6168462015,0.6138165474999999,10541.0,0.0
0.9161003455071879,0.0324382715,0.5730133745,0.6108226955,10541.0,0.0
0.895538724606811,0.0,0.56029186775,0.64455825975,10541.0,0.0
0.819282948551945,0.0,0.5621758815,0.6818003539999999,10541.0,0.0
0.9390886856542315,0.04566281,0.5244042443333333,0.7238413976666666,10541.0,0.0
0.9544068418271738,0.2806564895,0.5196162645,0.694893507,10541.0,0.0
0.9463209315406601,0.5802001246666666,0.5496375606666667,0.6380170789999999,10541.0,0.0
0.9439679459734143,0.589644057,0.5912448585000001,0.6866745304999999,10541.0,0.0
0.9530116461584576,0.311363213,0.5656920304999999,0.7247184355,10541.0,0.0
0.9646881802982623,0.020175031333333333,0.49709563166666665,0.7616399746666667,10541.0,0.0
0.8955591790784005,0.0,0.43239619649999994,0.7478715875,10541.0,0.0
0.8082822565653207,0.0,0.34101314125,0.7252555227499999,10541.0,0.0
0.867997014809194,0.0,0.2948604715,0.779169844,10541.0,0.0
0.9545477011023564,0.1331592225,0.2278339765,0.768319701,10541.0,0.0
0.954424684991229,0.40215292550000004,0.1591632925,0.6773680129999999,10541.0,0.0
0.9468654767823691,0.5165957513333334,0.14326167766666667,0.493135398,10541.0,0.0
0.9502662492271119,0.24361909250000002,0.15488520125,0.42701370349999995,10541.0,0.0
0.9720381874071572,0.016106207,0.3004709093333333,0.49397505466666664,10541.0,0.0
0.9413559372757738,0.0,0.395035988,0.490116904,10541.0,0.0
0.8518398454632078,0.0,0.44886033833333333,0.4932171056666667,10541.0,0.0
0.8172022759803426,0.0,0.48607271,0.5747215662499999,10541.0,0.0
0.9366958713908012,0.06426732633333333,0.46946139066666664,0.6394314720000001,10541.0,0.0
0.9479737966199979,0.3350269175,0.3931910705,0.557374132,10541.0,0.0
0.9419975477083918,0.528650028,0.39227705566666665,0.530021542,10541.0,0.0
0.9393408745234316,0.39915906,0.3537968625,0.6118395084999999,10541.0,0.0
0.9464023940239197,0.194519971,0.3416686825,0.7151653505,10541.0,0.0
0.953358498722182,0.0213348995,0.37371169400000004,0.795950471,10541.0,0.0
0.9253762801009371,0.0,0.359623402,0.785737271,10541.0,0.0
0.8488040667849996,0.0,0.333224745,0.7185364995,10541.0,0.0
0.8025982226980629,0.0,0.32135606,0.5956757787500001,10541.0,0.0
0.8613896969255135,0.0,0.365324623,0.551438748,10541.0,0.0
0.9476710439525149,0.12619958199999998,0.336818123,0.567521454,10541.0,0.0
0.948717646251414,0.3338276,0.31906690400000004,0.5339387154999999,10541.0,0.0
0.943178081165474,0.5216872624000001,0.301380368,0.46447249039999994,10541.0,0.0
0.9491470898901844,0.3384658025,0.17379878650000002,0.4245198025,10541.0,0.0
0.9575059338158282,0.033032198,0.14715196066666666,0.3600741056666667,10541.0,0.0
0.9162953462920519,0.0,0.10181951333333333,0.26196754066666667,10541.0,0.0
0.8168118069354984,0.0,0.0696207135,0.1556550545,10541.0,0.0
0.8131151521626699,0.0,0.05419402575,0.121690862,10541.0,0.0
0.920358175572604,0.021642341,0.0743606335,0.0717348675,10541.0,0.0
0.9518342427281926,0.250032891,0.07629815300000001,0.05067924599999999,10541.0,0.0
0.9455386714800174,0.5329073396666667,0.12799493833333334,0.08526175766666666,10541.0,0.0
0.9428638492534374,0.4277650465,0.1826577585,0.1626788405,10541.0,0.0
0.9524136361685582,0.184778627,0.222516206,0.245652247,10541.0,0.0
0.9625483288142844,0.0179953925,0.29217883499999997,0.34188651000000003,10541.0,0.0
0.923575738015599,0.0,0.30724588975,0.460823684,10541.0,0.0
0.800354318757603,0.0,0.3137997413333333,0.539229668,10541.0,0.0
0.7910920042102569,0.0,0.3230435945,0.60668291975,10541.0,0.0
0.8330505837991203,0.080695991,0.314294863,0.678286426,10541.0,0.0
0.8676934401490535,0.22384603050000002,0.2813738065,0.7012092295,10541.0,0.0
0.8738842739140668,0.38877705075,0.23260323225,0.6446506602500001,10541.0,0.0
0.8759882617291672,0.24572169900000002,0.2401710985,0.6339644165,10541.0,0.0
0.8955546576596065,0.058067410333333326,0.27927350633333337,0.635356061,10541.0,0.0
0.880745424881851,0.0,0.30892791999999997,0.6246899293333333,10541.0,0.0
0.8241838157133189,0.0,0.2815607415,0.569199732,10541.0,0.0
0.7827271278778795,0.0,0.29207795000000003,0.5548752235000001,10541.0,0.0
0.8212790758890358,0.06475414,0.29312672325000005,0.60699812175,10541.0,0.0
0.8664044810784302,0.40618613800000003,0.2206871285,0.561099683,10541.0,0.0
0.8529050807239434,0.6238797135999999,0.2281071228,0.49714584019999997,10541.0,0.0
0.8719260287229156,0.34668283050000004,0.2453269655,0.57676949,10541.0,0.0
0.8824876344822542,0.04279764633333333,0.31089482366666665,0.636900539,10541.0,0.0
0.8313888536165417,0.0,0.32485301349999995,0.62722426325,10541.0,0.0
0.8025147857203504,0.0,0.3169585105,0.58173692125,10541.0,0.0
0.9150546136113349,0.00086478,0.31214224,0.5917653545,10541.0,0.0
0.9522530643536316,0.23287413866666665,0.252036461,0.583991297,10541.0,0.0
0.9469014691192374,0.5641102485,0.181575349,0.49649267750000003,10541.0,0.0
0.9439776895480994,0.63569957625,0.1687670875,0.41552772925,10541.0,0.0
0.9568703998709484,0.3596658705,0.1834929245,0.395016395,10541.0,0.0
0.9548378328272722,0.0781227115,0.240715453,0.3950451545,10541.0,0.0
0.8926373818733233,0.0,0.27183081575,0.4192846565,10541.0,0.0
0.8077014851015929,0.0,0.27329279524999994,0.41855441225,10541.0,0.0
0.9111646223083478,0.029188961250000003,0.2583685315,0.3770539875,10541.0,0.0
0.9589047077207173,0.277234767,0.1866979715,0.3321396485,10541.0,0.0
0.9544113872871705,0.5212910905,0.14235847899999998,0.27888624900000003,10541.0,0.0
0.9496828907594392,0.5731591942500001,0.15625339875,0.2527795975,10541.0,0.0
0.9642074960997176,0.36238772750000003,0.194359889,0.26452898599999997,10541.0,0.0
0.9675597763893917,0.0787189945,0.2412045135,0.33050325950000004,10541.0,0.0
0.9384360501163598,0.0,0.2519931,0.399086654,10541.0,0.0
0.847337676030418,0.0,0.22969722066666667,0.42460889900000004,10541.0,0.0
0.8176635373471132,0.0,0.17934903400000002,0.39190683825000006,10541.0,0.0
0.9267824203221194,0.001711521,0.1516285515,0.36965960249999996,10541.0,0.0
0.9637143687913481,0.21869008699999998,0.11201560399999999,0.33797892799999996,10541.0,0.0
0.9590522883651171,0.5157259835,0.0727871185,0.28146883050000004,10541.0,0.0
0.9487159054453215,0.736130741,0.07414060925,0.25155426175,10541.0,0.0
0.9537828165666613,0.564632569,0.0933155415,0.280024491,10541.0,0.0
0.9656528364691915,0.25874788400000004,0.1387743815,0.3371509175,10541.0,0.0
0.9321052761847843,0.0012798565,0.21437599975000002,0.49029953475,10541.0,0.0
0.8160163136523853,0.0,0.26140147199999997,0.5894529393333333,10541.0,0.0
0.8381408264647464,0.0,0.28433526175,0.629523274,10541.0,0.0
0.957173990733482,0.12146136766666667,0.27658727766666663,0.6632414696666666,10541.0,0.0
0.9547749709535404,0.42138171700000004,0.2240668595,0.635492646,10541.0,0.0
0.9477294571870276,0.614102917,0.23156335675,0.6134418765,10541.0,0.0
0.9533177836173484,0.4786891235,0.213838671,0.6309095525,10541.0,0.0
0.9621025895695772,0.2244895495,0.2073179255,0.630098144,10541.0,0.0
0.9297993566340413,0.0015186605,0.21305231375,0.63580250075,10541.0,0.0
0.8138746085359347,0.0,0.17319747733333335,0.562992756,10541.0,0.0
0.8371121397486951,0.0,0.13579592025,0.470988944,10541.0,0.0
0.9570341150157097,0.14849889266666666,0.11287443200000001,0.39667235533333334,10541.0,0.0
0.9494067094916694,0.5140546155,0.0696168815,0.3104959265,10541.0,0.0
0.9425616526166593,0.6675794355,0.06679437725,0.20289916225000001,10541.0,0.0
0.9476355510691693,0.5188777165,0.0815456945,0.1888762765,10541.0,0.0
0.9556152895015653,0.2601724835,0.111117948,0.206491185,10541.0,0.0
0.9491492657994052,0.0041006,0.140252819,0.2536301395,10541.0,0.0
0.8621269340126921,0.0,0.1304481705,0.24725991825,10541.0,0.0
0.7999987743316088,0.0,0.1161897935,0.2256534055,10541.0,0.0
0.8165253982843412,0.0042834075,0.096887905,0.220767725,10541.0,0.0
0.8645878686463353,0.22825268999999998,0.0636626235,0.1968561585,10541.0,0.0
0.8790799067831436,0.49635853,0.035526938,0.16147940449999998,10541.0,0.0
0.8741131008676936,0.6381726440000001,0.04596877840000001,0.23306625639999998,10541.0,0.0
0.8960836165928493,0.364949689,0.06257302749999999,0.37710522550000003,10541.0,0.0
0.8995826067302966,0.0879507685,0.0847322995,0.4364187315,10541.0,0.0
0.8458153460548963,0.0,0.0819586795,0.44215353150000003,10541.0,0.0
0.7251475587318112,0.0,0.069517862,0.3942303605,13398.5,0.0
0.7278425330946395,0.0,0.08671375349999999,0.4444898095,14351.0,0.0
0.7642474732150695,0.12100894566666669,0.10210387633333333,0.478294728,14351.0,0.0
0.8090635935487408,0.3938708015,0.08543844349999999,0.4882624605,14351.0,0.0
0.8063496397552532,0.5479761882499999,0.07874202675,0.475588501,14351.0,0.0
0.8149462106680246,0.37754979899999996,0.090795867,0.497627723,14351.0,0.0
0.8223727157682541,0.1682033755,0.1060692525,0.4676525735,14351.0,0.0
0.8132937403498244,0.0055360775,0.11366530550000001,0.4483254305,14351.0,0.0
0.7677532048599309,0.0,0.12530407524999998,0.47069325075,14351.0,0.0
0.7443895147965789,0.0,0.15461079625000002,0.541104775,14351.0,0.0
0.8525343245009092,0.07341738733333333,0.16920989533333333,0.6044220513333333,14351.0,0.0
0.8655777018928272,0.43376622499999995,0.106153741,0.5747604159999999,14351.0,0.0
0.8562649770107545,0.76425432125,0.08413667550000001,0.563874251,14351.0,0.0
0.8553769074851437,0.6080313973333333,0.12119518833333336,0.6213202666666667,14351.0,0.0
0.8648597707112466,0.275347667,0.1645099785,0.565399108,14351.0,0.0
0.8569755339716354,0.0090901345,0.226567185,0.5291155455,14351.0,0.0
0.7894291618678736,0.0,0.237860631,0.43271426350000003,14351.0,0.0
0.744450297286682,0.0,0.2259917165,0.37206197575,14351.0,0.0
0.8550524916934729,0.1172682765,0.18509471425,0.43584357375,14351.0,0.0
0.8664650704189538,0.482968551,0.12709218249999998,0.401294206,14351.0,0.0
0.8605978544941563,0.6836215135,0.15188806975000002,0.3866828645,14351.0,0.0
0.862533735168055,0.44957224500000004,0.1548301955,0.44139148,14351.0,0.0
0.8659680260016904,0.18909485250000002,0.187912521,0.504646258,14351.0,0.0
0.8273915859744497,0.00261196075,0.26882386025000005,0.5765864920000001,14351.0,0.0
0.73179091352534,0.0,0.30134742574999995,0.552075502,14351.0,0.0
0.7808032756112614,0.00431282125,0.3396070705,0.61746735725,14351.0,0.0
0.8551399181004772,0.10414792950000001,0.3834003335,0.7108052305,14351.0,0.0
0.8505666905150017,0.2464677535,0.37859876075,0.70604265375,14351.0,0.0
0.8480216780563659,0.19827856575,0.36268175375,0.6782784845000001,14351.0,0.0
0.8505288041708712,0.0939538345,0.3125922755,0.5996110809999999,14351.0,0.0
0.8346131855439574,0.007968164,0.25528243700000003,0.5133959055,14351.0,0.0
0.7970511676000707,0.0,0.2037218805,0.418235068,14351.0,0.0
0.7218329029241106,0.0,0.128450476,0.3605803543333333,14351.0,0.0
0.7372745386162985,0.0,0.10342338350000001,0.409812277,14351.0,0.0
0.8543942631813799,0.08107334199999999,0.10938278266666668,0.4492827323333333,14351.0,0.0
0.8520005463069075,0.2737354855,0.1225423075,0.4217080315,14351.0,0.0
0.8498718489241586,0.40894828775000003,0.12967925824999998,0.479570109,14351.0,0.0
0.8505849928889841,0.255420614,0.145788492,0.5532710665,14351.0,0.0
0.8515586755639151,0.08041704899999999,0.168537574,0.5977318220000001,14351.0,0.0
0.8365096326107929,0.0032796915,0.18569043899999998,0.65663642,14351.0,0.0
0.8024193566431488,0.0,0.20608194000000002,0.701721313,14351.0,0.0
0.7343664542442029,0.0,0.28095659266666667,0.7343840513333334,14351.0,0.0
0.7499707692759443,0.0,0.4354790655,0.752314818,14351.0,0.0
0.859593555069006,0.066937603,0.5849873506666666,0.794617456,14351.0,0.0
0.8582553056950686,0.2761974505,0.681540692,0.834015663,14351.0,0.0
0.8516811112095547,0.50026465,0.7623548913333332,0.8866735026666667,14351.0,0.0
0.8495439354163042,0.5216446403333334,0.6542501216666666,0.8439227736666667,14351.0,0.0
0.8525067780713611,0.259426059,0.4446164965,0.7324690215,14351.0,0.0
0.8355366591677361,0.014755607666666665,0.383545996,0.6377384603333334,14351.0,0.0
0.7413941209108567,0.0,0.2991567815,0.492362025,14351.0,0.0
0.7148121793436308,0.0,0.30068136700000003,0.430509846,14351.0,0.0
0.7494006843399342,0.15590213333333333,0.29556187433333336,0.6026758069999999,14351.0,0.0
0.7851336144027121,0.4482935845,0.24181065950000002,0.724165455,14351.0,0.0
0.77743341821788,0.6117108135,0.247400798,0.7442800425,14351.0,0.0
0.7750146694334146,0.5320680786666666,0.28635575566666666,0.7716060656666667,14351.0,0.0
0.7843927386647701,0.2924039705,0.252182318,0.755433671,14351.0,0.0
0.791961166691203,0.072178253,0.269928492,0.7594387665,14351.0,0.0
0.7558565050278933,0.0,0.24859969075,0.69452646625,14351.0,0.0
0.7044939782638213,0.0,0.174031271,0.5162031805,14351.0,0.0
0.7063621131248508,0.0,0.11742531,0.3621057825,14351.0,0.0
0.7315535371199504,0.1378157035,0.069453097,0.3128230155,14351.0,0.0
0.7660507472731315,0.4438150595,0.037175006,0.2637054115,14351.0,0.0
0.7686092750857851,0.6670443770000001,0.0534607375,0.2819549735,14351.0,0.0
0.7511545798998752,0.6928331167499999,0.10004002325,0.29300300925,14351.0,0.0
0.7669418392665969,0.35634073899999996,0.150842758,0.315617685,14351.0,0.0
0.7825043428753109,0.079928924,0.21382233,0.35855452099999996,14351.0,0.0
0.7455833227561554,0.0,0.20152164199999997,0.3840093534,14351.0,0.0
0.7142439561740886,0.0,0.19216117466666668,0.24643107133333333,14351.0,0.0
0.8149663989808711,0.056949838,0.2346239465,0.14876815375,14351.0,0.0
0.848337695990323,0.36614814100000004,0.2888032383333334,0.22826697433333332,14351.0,0.0
0.84123220555677,0.6434071477500001,0.376541206,0.35594040475,14351.0,0.0
0.845053677366224,0.5117427845,0.32828362499999997,0.452485253,14351.0,0.0
0.8489357385162019,0.2754564605,0.27747884850000004,0.497313282,14351.0,0.0
0.8349376496804204,0.033799412,0.29983415599999996,0.5930047315,14351.0,0.0
0.7673881585504133,0.0,0.2962968675,0.695544799,14351.0,0.0
0.7256748492121575,0.0,0.24154429125000001,0.80840708175,14351.0,0.0
0.8331128653385577,0.043693355499999996,0.191371723,0.785968215,14351.0,0.0
0.856896763184706,0.311554025,0.1527143575,0.6801010165,14351.0,0.0
0.8524125818847507,0.58453011,0.1519095565,0.6204980790000001,14351.0,0.0
0.8488130996518842,0.7267900772,0.16813240280000002,0.584708206,14351.0,0.0
0.8516987124528597,0.4535088385,0.1796496245,0.6042217095,14351.0,0.0
0.8474931543902429,0.1665054025,0.2348148055,0.6480717524999999,14351.0,0.0
0.7999907351568297,0.0,0.24870310175,0.6728298145,14351.0,0.0
0.7298645225667708,0.0,0.189879568,0.58917629475,14351.0,0.0
0.8187234009438844,0.083263419,0.186162674,0.566483955,14351.0,0.0
0.8547432273039304,0.51302139,0.125868982,0.5852997136666667,14351.0,0.0
0.8477823835697132,0.7453747556666667,0.12299859066666667,0.5916752426666667,14351.0,0.0
0.8484175144554689,0.563815401,0.12866746475000002,0.6143049815,14351.0,0.0
0.8462410421195283,0.1553251,0.1587750185,0.6266291374999999,14351.0,0.0
0.8273999756325718,0.0,0.1716998035,0.6066279800000001,14351.0,0.0
0.7569536710922771,0.0,0.16240253533333335,0.5550905683333333,14351.0,0.0
0.7322551969991834,0.0,0.14806968375,0.5219262957499999,14351.0,0.0
0.8342800175738212,0.048356206,0.14909267850000002,0.5319909785,14351.0,0.0
0.856222013282722,0.3638881035,0.1247899355,0.5331493485,14351.0,0.0
0.849382396377554,0.689623589,0.10557387,0.5140419205,14351.0,0.0
0.8438773957188047,0.8790650661999999,0.12594929,0.533375868,14351.0,0.0
0.8462730533906886,0.5711532035,0.154018171,0.572334686,14351.0,0.0
0.8377465291289843,0.143204013,0.21155129133333336,0.5818434506666667,14351.0,0.0
0.7959473367436515,0.0,0.21949998199999998,0.5741492305,14351.0,0.0
0.7231197505015047,0.0,0.21818737300000002,0.5860044133333333,14351.0,0.0
0.7415395132482533,0.00143631575,0.220713622,0.59808119275,14351.0,0.0
0.8544993551820839,0.2167198805,0.242655967,0.602520728,14351.0,0.0
0.8505212122018173,0.482170653,0.18934358950000002,0.6000824835,14351.0,0.0
0.8407840969580772,0.710236812,0.203112649,0.607809421,14351.0,0.0
0.8281245075509782,0.68366185725,0.25784754849999997,0.6572263435000001,14351.0,0.0
0.8317018091670324,0.3926717275,0.31362613250000004,0.731473634,14351.0,0.0
0.8358464878203734,0.150395638,0.41209569,0.7893961439999999,14351.0,0.0
0.7766018157045208,0.0003234295,0.40407344949999996,0.8038533292500001,14351.0,0.0
0.6842496286213755,0.0,0.34688526625,0.7683799195000001,14351.0,0.0
0.705949327973143,0.10893491724999999,0.24072193799999997,0.6790781754999999,14351.0,0.0
0.7630332229848958,0.6061229186666667,0.09480458166666667,0.5283568733333334,14351.0,0.0
0.7503566526827932,0.8359973753333333,0.075898796,0.411925068,14351.0,0.0
0.7466439239225892,0.8046260430000001,0.084344561,0.373044104,14351.0,0.0
0.7584175473273036,0.5518130745000001,0.1020951805,0.295477922,14351.0,0.0
0.7760994886511788,0.14644749,0.15824431433333333,0.24903107000000002,14351.0,0.0
0.7279871879607686,0.0,0.172824563,0.31379110625000006,14351.0,0.0
0.6889632921863174,0.0,0.16365145374999998,0.39923156224999995,14351.0,0.0
0.7113599324539633,0.13436266166666666,0.14960047099999998,0.413847798,14351.0,0.0
0.7667097094846798,0.44747936,0.0805270575,0.378293676,14351.0,0.0
0.779046599766603,0.6734229035,0.054107891,0.3100372525,14351.0,0.0
0.7803675579073941,0.72520181925,0.04308665375,0.270087604,14351.0,0.0
0.7933465220628517,0.4606101295,0.0531324175,0.2233359545,14351.0,0.0
0.7902242036486754,0.12085318699999999,0.09292166033333334,0.195336654,14351.0,0.0
0.738235092629951,0.0,0.05623433725,0.1117706965,14351.0,0.0
0.7071581624386687,0.0,0.0450018095,0.128018634,14351.0,0.0
0.827196738325158,0.140121913,0.04011579966666667,0.146147158,14351.0,0.0
0.8512107105452007,0.47462943450000006,0.017719672,0.12412339050000001,14351.0,0.0
0.8442329040600361,0.7429364810000001,0.0111490688,0.0933724906,14351.0,0.0
0.8433004830353559,0.4682652895,0.017712117,0.092482907,14351.0,0.0
0.8118349452377136,0.03515898725,0.035838141500000004,0.09053563675,14351.0,0.0
0.7179897197112735,0.0,0.06754324633333333,0.09495490399999999,14351.0,0.0
0.7308727187002313,0.00393539575,0.10307430799999999,0.10854459675,14351.0,0.0
0.8501524063139594,0.17869454350000002,0.079189619,0.18003682,14351.0,0.0
0.8507850871945468,0.40340079949999996,0.041320316999999995,0.217101304,14351.0,0.0
0.8467795750271039,0.6136522165,0.0371890045,0.2071150775,14351.0,0.0
0.8420570746967099,0.66270556425,0.0583163695,0.313120724,14351.0,0.0
0.8385952938467165,0.430906782,0.081162237,0.411065935,14351.0,0.0
0.8360864752381119,0.1901316495,0.10493691499999999,0.43245033200000005,14351.0,0.0
0.7997697030957496,0.0015525060000000002,0.11792076466666666,0.428995201,14351.0,0.0
0.711441427538799,0.0,0.128513835,0.39238539100000003,14351.0,0.0
0.6991147521440856,0.0,0.18505545125,0.44596439975,14351.0,0.0
0.820414245153931,0.11629809733333334,0.17589491133333335,0.47920088466666666,14351.0,0.0
0.8470298138366339,0.3789956365,0.1435824895,0.49133702999999995,14351.0,0.0
0.8356916056692522,0.560012252,0.159997111,0.4864969815,14351.0,0.0
0.8217351510469245,0.6002922485,0.227888918,0.54844529725,14351.0,0.0
0.8182536332224043,0.3236599193333334,0.32415409199999995,0.5915241456666667,14351.0,0.0
0.7969495005687735,0.02550218975,0.419295218,0.6266072109999999,14351.0,0.0
0.6994188466255346,0.0,0.406011485,0.6120299116666666,14351.0,0.0
0.7192681453569529,0.0033751465,0.35077945475,0.60143470025,14351.0,0.0
0.8439446482967211,0.147213173,0.192855463,0.5106806686666667,14351.0,0.0
0.8297011565737388,0.326431825,0.10122034599999999,0.3135752045,14351.0,0.0
0.8167540221504834,0.41121951775,0.056998811499999996,0.130244158,14351.0,0.0
0.813240138635656,0.28079288,0.0647588385,0.0982062945,14351.0,0.0
0.8146775001465467,0.16230245999999998,0.11558005300000002,0.15925225199999998,14351.0,0.0
0.8178082163200415,0.031243755,0.190522986,0.252368503,14351.0,0.0
0.7411528762989373,0.0,0.2567915775,0.43113217724999997,14351.0,0.0
0.6921344333958936,0.0,0.28633399724999997,0.5656484325000001,14351.0,0.0
0.8021359943042587,0.035304069,0.2996172795,0.614029285,14351.0,0.0
0.8374159077552055,0.182602274,0.22782175799999999,0.575695874,14351.0,0.0
0.8157357077538006,0.41921641466666665,0.16361386033333333,0.48332166066666665,14351.0,0.0
0.8063041858440535,0.46012383825,0.15990262175,0.48689810624999996,14351.0,0.0
0.8067727769569389,0.21206432433333333,0.2085719956666667,0.5845655956666667,14351.0,0.0
0.7885135297431203,0.01385012975,0.31072112225000004,0.70619515575,14351.0,0.0
0.6793820340251383,0.0,0.33636289999999996,0.7880260713333334,14351.0,0.0
0.6683874427642449,0.005394246,0.3445763675,0.76768946925,14351.0,0.0
0.7229049240881292,0.16679839333333332,0.33856075966666666,0.7151861973333333,14351.0,0.0
0.7564968261895282,0.37811355150000003,0.37134494149999997,0.641741706,14351.0,0.0
0.747911669600224,0.46084734899999996,0.4130555782,0.5456010296,14351.0,0.0
0.7532123159179176,0.2850930885,0.38784918300000004,0.558872563,14351.0,0.0
0.7695877932894647,0.1128732955,0.3724915845,0.5475282509999999,14351.0,0.0
0.7329689503838945,0.0011984178,0.37772905679999996,0.5688392796,14351.0,0.0
0.6915932045609987,0.0,0.32275251675000005,0.510023326,14351.0,0.0
0.7145060257479438,0.09416089566666667,0.20936586533333332,0.37926892366666665,14351.0,0.0
0.7632627977084772,0.353906889,0.097912326,0.2279105075,14351.0,0.0
0.768036579203023,0.569983635,0.051440041,0.1200059405,14351.0,0.0
0.7563362744144034,0.56440148875,0.03600186175,0.0811326265,14351.0,0.0
0.7754619561050466,0.29347088,0.05734991833333334,0.13475660533333333,14351.0,0.0
0.7669225936771946,0.0218993235,0.17721713675,0.31662440075,14351.0,0.0
0.7140887355438266,0.0,0.26743452866666667,0.48903390599999996,14351.0,0.0
0.7219146799109052,0.00560353875,0.32780854550000005,0.609579662,14351.0,0.0
0.8471477363614661,0.12018451533333334,0.347920108,0.6885273856666666,14351.0,0.0
0.8467923892176458,0.26627970700000003,0.3836283625,0.7205952015,14351.0,0.0
0.8425965668253079,0.2976347853333333,0.417456931,0.7622913663333333,14351.0,0.0
0.8429090709718823,0.18283880225,0.47975547900000004,0.7919280594999999,14351.0,0.0
0.835796972061089,0.03468322433333334,0.435588382,0.7724838243333334,14351.0,0.0
0.7374589922927406,0.0,0.37810384939999997,0.7793018206,14351.0,0.0
0.7172916219970136,0.00235190375,0.32798254250000003,0.83775413225,14351.0,0.0
0.846220152643206,0.0694854715,0.284762613,0.8537776065,14351.0,0.0
0.8492806568946655,0.209098487,0.2704633,0.857094111,14351.0,0.0
0.8441734415008288,0.31471843525,0.24157004825,0.7927117997500001,14351.0,0.0
0.8469479483270486,0.21525917725000002,0.23679557725,0.7946785595,14351.0,0.0
0.8095481018400121,0.01884956725,0.28069179774999997,0.7932009839999999,14351.0,0.0
0.7075840437484741,0.0,0.32634457866666666,0.742406671,14351.0,0.0
0.7221678441051256,0.00380106875,0.29359630950000004,0.673891207,14351.0,0.0
0.8500278430382945,0.14036046833333335,0.24445818066666666,0.5590063403333334,14351.0,0.0
0.8492925522061755,0.3682207395,0.236745328,0.4055260055,14351.0,0.0
0.84693353836479,0.4420176855,0.2242983255,0.3089411595,14351.0,0.0
0.8454399880045932,0.4455919013333333,0.21356485700000002,0.3796780423333333,14351.0,0.0
0.8455423398985782,0.300961376,0.21897802766666666,0.44053925600000005,14351.0,0.0
0.8105743465864946,0.03461734775,0.264369565,0.55511518225,14351.0,0.0
0.7137840810958688,0.0,0.26997587933333334,0.545201523,14351.0,0.0
0.7313063932298665,0.0086004435,0.25415299874999997,0.55604054675,14351.0,0.0
0.8502084017840978,0.15602226800000002,0.193654294,0.497874003,14351.0,0.0
0.8496846816027196,0.38809479199999997,0.16702651433333335,0.38765791799999993,14351.0,0.0
0.8453593554183974,0.5422673560000001,0.12409026475,0.341648598,14351.0,0.0
0.8456912905963374,0.4734549375,0.12867106350000002,0.421527763,14351.0,0.0
0.8479260312308099,0.294363214,0.11963014899999999,0.4685585725,14351.0,0.0
0.831182473143285,0.080420423,0.12450445500000001,0.518011448,14351.0,0.0
0.7551122565027455,0.0,0.13764844375,0.52746062525,14351.0,0.0
0.708612980224085,0.000727587,0.1144364625,0.5168165875,14351.0,0.0
0.8167436742330998,0.086461979,0.102765721,0.496796819,14351.0,0.0
0.8512205268338641,0.2969437035,0.0895612995,0.4784347825,14351.0,0.0
0.848254170424223,0.547996124,0.07445512200000001,0.432067993,14351.0,0.0
0.8439852668759625,0.6949882912500001,0.0681611295,0.41564390925,14351.0,0.0
0.8432396279952665,0.48101294833333336,0.07917146466666668,0.470970879,14351.0,0.0
0.8399720662138734,0.198100657,0.0687709165,0.4298000865,14351.0,0.0
0.8049500396267172,0.014007641666666668,0.07419251166666667,0.34549018433333334,14351.0,0.0
0.7057041181371263,0.0,0.07520916433333334,0.258283733,14351.0,0.0
0.6917963572814256,0.016822075750000002,0.061373476,0.15649328949999997,14351.0,0.0
0.7177013849432536,0.19720662,0.0351875095,0.0997091415,14351.0,0.0
0.7659907466632837,0.492382559,0.022454229333333336,0.07939803333333334,14351.0,0.0
0.7632495847225989,0.6744143742500001,0.04195448825,0.17123544699999999,14351.0,0.0
0.7706871513014704,0.5071855175,0.048104501,0.284005858,14351.0,0.0
0.7830301101995236,0.2900638295,0.0391785985,0.2709564505,14351.0,0.0
0.7655223569323678,0.043961047,0.05321300875,0.19933054975,14351.0,0.0
0.6969907976019019,0.0,0.06080842733333333,0.15462864566666665,14351.0,0.0
0.6806846213745547,0.01374395,0.06739237825000001,0.10433739724999999,14351.0,0.0
0.7154288304818388,0.151331574,0.050226688000000005,0.099308988,14351.0,0.0
0.76660261855474,0.4203782166666667,0.033542561000000005,0.077626352,14351.0,0.0
0.76938924634523,0.57461566075,0.0292453175,0.07455293399999999,14351.0,0.0
0.7690485592184132,0.457507129,0.029787459000000002,0.0829636275,14351.0,0.0
0.7774261407195627,0.292275414,0.0406878775,0.08955855500000001,14351.0,0.0
0.762732122436723,0.051347963,0.07997807950000001,0.114449149,14351.0,0.0
0.70774156911994,0.0,0.10869211775000001,0.26976449125,14351.0,0.0
0.7638393138793557,0.04114344,0.1156206325,0.38880039075,14351.0,0.0
0.8501787116533246,0.3046493045,0.08705745349999999,0.445134419,14351.0,0.0
0.8470133729995306,0.5307182005,0.1190189895,0.5059378425,14351.0,0.0
0.8410159928220455,0.5621132809999999,0.15723513466666664,0.5578404563333333,14351.0,0.0
0.8421755209458561,0.5160351805,0.194784088,0.58666187,14351.0,0.0
0.848256152888679,0.3584644985,0.2172147735,0.5920976075,14351.0,0.0
0.8366169167887074,0.14196304633333331,0.26317987033333334,0.609053545,14351.0,0.0
0.7872872633066582,0.0,0.247999733,0.569680345,14351.0,0.0
0.661256884178504,0.0,0.24203648600000002,0.5704981186666668,11555.666666666666,0.0
0.6530148423854976,0.019989655749999998,0.27663357525,0.63000290875,5965.0,0.0
0.7812166651056677,0.1658005515,0.2822185905,0.6487841195,5965.0,0.0
0.8319277090304537,0.33752326633333335,0.312464048,0.6408107743333333,5965.0,0.0
0.8318008698499085,0.3902236302,0.3866596458,0.6927883372000001,5965.0,0.0
0.8289443153126187,0.1991915253333333,0.37321735066666667,0.6824558266666667,5965.0,0.0
0.8121913118203572,0.0469078595,0.3538134205,0.6886979259999999,5965.0,0.0
0.72114759535919,0.0,0.3059447895,0.7313488377499999,5965.0,0.0
0.6467970989384206,0.0007038745,0.25378903625,0.71448746675,5965.0,0.0
0.7503593929207054,0.06338226200000001,0.21909146766666665,0.6130757933333334,5965.0,0.0
0.8311117292317474,0.21725822,0.2020604715,0.5364130460000001,5965.0,0.0
0.8324822880467933,0.3811899875,0.20777788925,0.47477641125000003,5965.0,0.0
0.8303402685580011,0.3553184545,0.2014333305,0.46719602650000003,5965.0,0.0
0.8266781919548789,0.213982954,0.16872657133333335,0.41191334900000004,5965.0,0.0
0.8120525322239885,0.069912422,0.1813851825,0.36996499299999996,5965.0,0.0
0.7262099370121293,0.0002719785,0.210198884,0.3849778965,5965.0,0.0
0.6606047885345409,0.000947087,0.2352961405,0.36527020725,5965.0,0.0
0.7280706251352713,0.0620697415,0.28738390199999997,0.41136545150000003,5965.0,0.0
0.8197145276923488,0.1967623955,0.27381044600000004,0.4450521975,5965.0,0.0
0.8326350182642996,0.35394471,0.3848218856666667,0.539796886,5965.0,0.0
0.8315161730373267,0.30794048625000003,0.41088376575,0.59193986125,5965.0,0.0
0.8280458737300266,0.16995434666666667,0.3269109843333333,0.6108581343333334,5965.0,0.0
0.7917594525071244,0.0173676685,0.25955660124999996,0.6258542869999999,5965.0,0.0
0.6747758683194679,0.0,0.244280894,0.6839214393333334,5965.0,0.0
0.6804994566557688,0.0082006665,0.2342137795,0.644493745,5965.0,0.0
0.7893280266620868,0.1346540395,0.2068346365,0.5663149435,5965.0,0.0
0.8322336691157793,0.297866325,0.160903603,0.496056092,5965.0,0.0
0.8322357968114016,0.494861897,0.1273803095,0.4201421245,5965.0,0.0
0.8297439994725897,0.4992081835,0.087897183,0.33705363725,5965.0,0.0
0.8232203360197907,0.326018003,0.076759763,0.3113487953333333,5965.0,0.0
0.8117770519229044,0.10178776449999999,0.1185167575,0.313244804,5965.0,0.0
0.7145641649521054,0.000576391,0.1832076005,0.33897559424999996,5965.0,0.0
0.6367699727989464,0.00250640375,0.16802247775,0.32429931900000003,5965.0,0.0
0.6471212893069196,0.11144799500000001,0.113951393,0.2373041876666667,5965.0,0.0
0.7079161316684062,0.3274029785,0.080693984,0.2053540055,5965.0,0.0
0.7186971415747094,0.4566466855,0.102401883,0.289546464,5965.0,0.0
0.7120105935957771,0.46028542625,0.14696673100000002,0.3923471345,5965.0,0.0
0.7119589904172644,0.25193982000000004,0.15944392566666665,0.434458423,5965.0,0.0
0.7159286067406326,0.074849869,0.252352404,0.4338507485,5965.0,0.0
0.6793457473557302,0.00047103,0.3396875035,0.43688656574999996,5965.0,0.0
0.6190965951350866,0.014927196399999999,0.34776644360000003,0.463796943,5965.0,0.0
0.6588385544915639,0.18141225633333335,0.31862582599999995,0.5382594963333334,5965.0,0.0
0.7097699777899393,0.38906096199999995,0.358713835,0.4813144715,5965.0,0.0
0.7111126959084944,0.6949625380000001,0.392782687,0.40948982075,5965.0,0.0
0.7106036233791357,0.625336801,0.3486658755,0.445578926,5965.0,0.0
0.7116010966114898,0.381705655,0.25795688,0.440653913,5965.0,0.0
0.7110237100375649,0.14453950599999998,0.2132134205,0.44349602499999996,5965.0,0.0
0.6859403841774379,0.001246855,0.16318563775,0.34424299625,5965.0,0.0
0.6455861564169345,0.0091413392,0.2554660948,0.2501656644,5965.0,0.0
0.7790240419029808,0.11647203649999999,0.3573578455,0.3534568915,5965.0,0.0
0.8238803858907642,0.283301118,0.346695629,0.4118009025,5965.0,0.0
0.8230660828101426,0.3979710585,0.4208512995,0.46048387550000003,5965.0,0.0
0.8215428661635849,0.50943324575,0.4806686735,0.45223162875,5965.0,0.0
0.8161102357102497,0.3905661086666667,0.39215330966666667,0.47404090099999996,5965.0,0.0
0.806713767448126,0.1344787995,0.2988517725,0.4625228525,5965.0,0.0
0.7568813957594175,0.0029224145,0.2799910205,0.43612623500000003,5965.0,0.0
0.6527892568616195,0.0,0.2367115,0.3996112043333333,5965.0,0.0
0.6465221870658238,0.01882050775,0.16056419475,0.27449535225000005,5965.0,0.0
0.7785320266560211,0.223451897,0.1040768755,0.152638477,5965.0,0.0
0.8240617184156267,0.6049981835,0.109418979,0.092305672,5965.0,0.0
0.8235857089026422,0.8499120935,0.1368511135,0.1025072675,5965.0,0.0
0.8233372593095936,0.81410786375,0.18011339725000003,0.19310121800000002,5965.0,0.0
0.8161499515144571,0.3788044183333333,0.22810446800000003,0.24972419666666665,5965.0,0.0
0.8065761483235557,0.0922263995,0.32645154499999995,0.36291975649999997,5965.0,0.0
0.7569431455717395,0.003016747,0.36957883049999996,0.48053198799999997,5965.0,0.0
0.6528561322058456,0.0,0.3856179876666667,0.619069273,5965.0,0.0
0.6459096944980829,0.0535427775,0.375096753,0.68734623925,5965.0,0.0
0.7780711280719808,0.3414530195,0.282864295,0.6373744370000001,5965.0,0.0
0.8241304798627084,0.655259128,0.2384486035,0.603970362,5965.0,0.0
0.8233154994302248,0.8845539689999999,0.32077269799999997,0.6557693265,5965.0,0.0
0.8226917883452636,0.91059490375,0.43091696949999997,0.73708691575,5965.0,0.0
0.8163514642837678,0.617978448,0.42019804400000005,0.789939187,5965.0,0.0
0.8091653494308124,0.25666818733333335,0.46321883366666666,0.8400759303333333,5965.0,0.0
0.7569394705147894,0.0064843555,0.48654243799999997,0.8451256535,5965.0,0.0
0.6452608412022226,0.00034678119999999996,0.41457973919999996,0.8058646531999999,5965.0,0.0
0.6878337041496297,0.16500044666666666,0.2946084706666667,0.7283657793333335,5965.0,0.0
0.8163141339703421,0.5021835015,0.1900572805,0.671937735,5965.0,0.0
0.8233457214849036,0.7786586115,0.24547178799999997,0.6460944255000001,5965.0,0.0
0.8237871248511753,0.9305312259999999,0.41262313766666664,0.6686171753333333,5965.0,0.0
0.8222668176493019,0.8222009875,0.5090478775,0.6819276025000001,5965.0,0.0
0.8167455116631799,0.567465272,0.48818303500000004,0.673681381,5965.0,0.0
0.8095264506544296,0.240815557,0.4932211233333333,0.6360564436666666,5965.0,0.0
0.7090015271206689,0.00402385025,0.475611746,0.58771825125,5965.0,0.0
0.6361282008999709,0.01551715075,0.3285984735,0.5463808274999999,5965.0,0.0
0.7111797284552903,0.180788122,0.20333291450000002,0.5005510744999999,5965.0,0.0
0.820614532969855,0.3908579943333333,0.12177894566666665,0.4713742576666667,5965.0,0.0
0.8234809712554882,0.504036857,0.113694514,0.375010388,5965.0,0.0
0.8208053267082669,0.32916549375,0.13417725525000002,0.3374145645,5965.0,0.0
0.8161147811702462,0.11762929,0.125401434,0.3213020386666667,5965.0,0.0
0.7833402006815195,0.014776231249999999,0.10464189674999999,0.266023381,5965.0,0.0
0.6358818548629469,0.0,0.099901692,0.2554994093333333,5965.0,0.0
0.6125039603191016,0.0063249000000000005,0.10631490974999999,0.15178190225,5965.0,0.0
0.6579542970216795,0.092912391,0.07427403333333332,0.11222349100000001,5965.0,0.0
0.7096035871512409,0.2294407775,0.065323225,0.125003567,5965.0,0.0
0.7111583795722505,0.27600483375,0.07347711375,0.13695587175,5965.0,0.0
0.7098804695824867,0.23182532649999998,0.087265384,0.181242021,5965.0,0.0
0.7118254893899771,0.136134813,0.0797368245,0.1860567945,5965.0,0.0
0.7086091360259595,0.02965451675,0.09730830425,0.192749769,5965.0,0.0
0.632600060689651,0.0,0.07343305,0.23405223433333333,5965.0,0.0
0.6107220671880834,0.01444914775,0.06110380875000001,0.22490900975,5965.0,0.0
0.6442223480370179,0.10962808,0.033302848999999995,0.2000571545,5965.0,0.0
0.6948634379005247,0.284232405,0.024978759500000003,0.166682513,5965.0,0.0
0.7127435390823147,0.43674137700000004,0.037730849,0.156510233,5965.0,0.0
0.7171296237483359,0.474487724,0.06387874333333333,0.22847875599999998,5965.0,0.0
0.7163060200349668,0.4094666685,0.078875992,0.31419354899999996,5965.0,0.0
0.7159146320782923,0.2925202215,0.09119182749999999,0.367802274,5965.0,0.0
0.7086574429030568,0.146607405,0.134748261,0.43405097950000004,5965.0,0.0
0.6810473949540741,0.0052856375,0.15918143024999998,0.45207839025,5965.0,0.0
0.6438744364665212,0.0354173888,0.101403198,0.33459386999999996,5965.0,0.0
0.7782497283617323,0.262613419,0.057102219,0.245113739,5965.0,0.0
0.8250802747658581,0.507427896,0.0406218835,0.209153692,5965.0,0.0
0.830278228676927,0.7171967275,0.0613444915,0.244061793,5965.0,0.0
0.8336690240554144,0.71276459025,0.07056839225,0.26666958100000004,5965.0,0.0
0.8245573118987591,0.45398481599999996,0.06500603899999999,0.262448807,5965.0,0.0
0.8112944981518808,0.18714358333333334,0.075502373,0.2568451133333333,5965.0,0.0
0.7584195057833556,0.010574076,0.08812135900000001,0.218776452,5965.0,0.0
0.6518800642369229,0.0,0.08584090433333334,0.21940337699999998,5965.0,0.0
0.6458987299386134,0.043905868,0.066849237,0.1876649305,5965.0,0.0
0.7782972858617551,0.267791625,0.025508672000000003,0.18533338100000002,5965.0,0.0
0.8251884938284073,0.561285661,0.0172177615,0.15802682950000002,5965.0,0.0
0.8328752231680054,0.7735481620000001,0.044671186,0.1674820295,5965.0,0.0
0.8318595925960448,0.6984423145,0.04892763,0.2026053005,5965.0,0.0
0.8255247085043911,0.5043949765,0.035383122,0.21197517300000002,5965.0,0.0
0.8111803796471753,0.22595362833333332,0.066528076,0.207434683,5965.0,0.0
0.7583595693927092,0.01769342,0.11406754699999999,0.1669749935,5965.0,0.0
0.6447665339004671,0.0013956676,0.0741705842,0.11577476719999999,5965.0,0.0
0.6879106051672901,0.16411878700000002,0.060435800333333324,0.12382072366666667,5965.0,0.0
0.8169532945617836,0.46855975299999997,0.035303222499999995,0.0752083875,5965.0,0.0
0.8280270958125303,0.7085051265,0.0811691255,0.055991023,5965.0,0.0
0.8345097777065675,0.6826968887500001,0.19538972075,0.08804375575000001,5965.0,0.0
0.8254991285336961,0.39078537950000003,0.355676749,0.10825481049999999,5965.0,0.0
0.8181189474525274,0.2363462555,0.44063543699999996,0.119723096,5965.0,0.0
0.8071723692937638,0.0987887345,0.4943560245,0.20575785549999998,5965.0,0.0
0.7090065078805836,0.00507684,0.51187344125,0.45217966049999997,5965.0,0.0
0.636149840048553,0.019733454,0.47055141100000003,0.6399847525000001,5965.0,0.0
0.7112276002292595,0.18317878599999998,0.370673525,0.689995812,5965.0,0.0
0.8164294612916382,0.4002449595,0.274950853,0.678891857,5965.0,0.0
0.8227442296860286,0.632115469,0.187954328,0.637957949,5965.0,0.0
0.8225632839850988,0.8328922799999999,0.13948543866666666,0.6124979536666667,5965.0,0.0
0.8204430487448615,0.738725421,0.137404406,0.5458847945,5965.0,0.0
0.8168809550753193,0.5076077985,0.14537681549999998,0.503228244,5965.0,0.0
0.8086546367535473,0.21629572333333333,0.16247640533333332,0.4535434143333333,5965.0,0.0
0.7569360857233814,0.0171711055,0.24361570849999997,0.483820688,5965.0,0.0
0.6452438297916189,0.0009139108,0.30534442559999997,0.5712029439999999,5965.0,0.0
0.688117759255614,0.122484276,0.3089609776666667,0.6075548089999999,5965.0,0.0
0.8170919533289704,0.388649764,0.2918632505,0.5505365835,5965.0,0.0
0.8235871110328038,0.6007090159999999,0.2845467355,0.464237599,5965.0,0.0
0.821600336379468,0.658274735,0.25631055125,0.37845777975,5965.0,0.0
0.8175219530968407,0.49151636499999996,0.211149271,0.3577501275,5965.0,0.0
0.8150716443467361,0.316761992,0.149001088,0.33289921499999997,5965.0,0.0
0.7821178510587662,0.08491706475,0.10331230525,0.26651004875,5965.0,0.0
0.6364514804906345,0.0,0.092345689,0.29630119866666665,5965.0,0.0
0.615436987947206,0.039182533,0.06970636175,0.27342182249999997,5965.0,0.0
0.6451753102784068,0.24509093599999998,0.0509034265,0.15716662,5965.0,0.0
0.6947209348368172,0.472388945,0.1089403485,0.111004487,5965.0,0.0
0.7111066878053502,0.572653246,0.167639904,0.1429236175,5965.0,0.0
0.7110489635333211,0.54863277575,0.2691129925,0.28745069175,5965.0,0.0
0.7111558732194886,0.3329601273333333,0.2585237333333333,0.39334810666666664,5965.0,0.0
0.7088250062145459,0.08956310225000001,0.22700411750000002,0.353907584,5965.0,0.0
0.6332017940812925,0.0,0.174901292,0.319961494,5965.0,0.0
0.6122144209326823,0.0301015205,0.12751349425,0.21224962225000002,5965.0,0.0
0.6441693506655481,0.177255419,0.0806808805,0.12242303,5965.0,0.0
0.6948270504089384,0.372790436,0.1171254655,0.1491700225,5965.0,0.0
0.7124118458579233,0.51675680025,0.25524029924999997,0.34939668074999997,5965.0,0.0
0.7120057338618342,0.4872677575,0.353564779,0.4661178995,5965.0,0.0
0.7110478150657249,0.38604211450000003,0.353427174,0.49009359350000004,5965.0,0.0
0.7099192182940638,0.18014120833333333,0.3337985306666667,0.5226267509999999,5965.0,0.0
0.7056911831174029,0.018426231999999997,0.37641879300000003,0.532733813,5965.0,0.0
0.6531868664716014,0.0,0.342184949,0.44093526133333333,5965.0,0.0
0.6459790722920651,0.04443621575,0.29848705125,0.2766720965,5965.0,0.0
0.7780711280719808,0.23263045049999997,0.233870329,0.2284197725,5965.0,0.0
0.8238702315165404,0.364696611,0.254363651,0.206246272,5965.0,0.0
0.8229697105175213,0.48083875,0.27168037700000003,0.230310188,5965.0,0.0
0.8218311605568156,0.50220041475,0.23104434424999998,0.33208492474999995,5965.0,0.0
0.816572834758392,0.3520411305,0.1542241595,0.376736779,5965.0,0.0
0.8093227136311061,0.15333086733333334,0.12770175666666667,0.3635637299999999,5965.0,0.0
0.7571213591687519,0.018798138,0.17135111050000001,0.370980992,5965.0,0.0
0.6526393393336168,0.0,0.13605764366666667,0.3522597996666667,5965.0,0.0
0.6459863133841958,0.051409907500000004,0.09228425950000001,0.243543357,5965.0,0.0
0.778061916322806,0.24548167199999998,0.0471347835,0.18173271000000002,5965.0,0.0
0.8238712628939687,0.5449622353333333,0.09543146933333334,0.17331100566666668,5965.0,0.0
0.8243821530759924,0.6076031553333333,0.13420285133333335,0.23333396066666667,5965.0,0.0
0.8194312864778257,0.3997232905,0.22604887349999997,0.271867059,5965.0,0.0
0.8091446372624587,0.178459272,0.328555454,0.23479629266666668,5965.0,0.0
0.7089713775831781,0.017968865249999997,0.33124042975,0.31538459425000004,5965.0,0.0
0.6367254374059965,0.024264332,0.2610995675,0.3931073975,5965.0,0.0
0.7437505758892957,0.2418039173333333,0.1754893133333333,0.38222784866666665,5965.0,0.0
0.8242891819083656,0.47521520700000003,0.11614346,0.2989605855,5965.0,0.0
0.8248584205809268,0.6786978075000001,0.0878182675,0.2457079165,5965.0,0.0
0.8253689800570226,0.6558196924999999,0.07914695499999999,0.23448625425,5965.0,0.0
0.8187564640586535,0.47071161650000004,0.0781976055,0.235206681,5965.0,0.0
0.8099075389401172,0.26264934166666665,0.07838790633333333,0.203037265,5965.0,0.0
0.7093711673005717,0.02487,0.076260964,0.20162959325000002,5965.0,0.0
0.6362170781427109,0.013876277749999999,0.06354184474999999,0.181691581,5965.0,0.0
0.7113101426971264,0.16036419,0.050736946500000005,0.1871949805,5965.0,0.0
0.8160366712048022,0.3024129935,0.035395376,0.174702873,5965.0,0.0
0.8253206006627375,0.563486029,0.082656277,0.24019776333333334,5965.0,0.0
0.8254580264409381,0.64064394325,0.11188751875,0.35558309525,5965.0,0.0
0.8174115577314904,0.5057298535,0.099573961,0.4195467925,5965.0,0.0
0.8097552680637318,0.21460251966666666,0.11362269266666668,0.42201025799999997,5965.0,0.0
0.7575484090515521,0.0389046405,0.145770498,0.4253034695,5965.0,0.0
0.6522888599265407,0.0,0.12272664900000001,0.4057272486666667,5965.0,0.0
0.6458947406077168,0.0747258095,0.0976343975,0.37224310275,5965.0,0.0
0.7781258662495432,0.34035948000000005,0.0533494035,0.34944243350000004,5965.0,0.0
0.8243910664912268,0.6388116815,0.0714007515,0.362043736,5965.0,0.0
0.8259209801050174,0.90560727575,0.15720205875,0.44843890749999993,5965.0,0.0
0.8240562706069751,0.7633592306666667,0.21578158733333333,0.516846111,5965.0,0.0
0.8180138231126343,0.45375366500000003,0.2508247015,0.5154112639999999,5965.0,0.0
0.8073906208405378,0.1832070785,0.295470365,0.5025100225,5965.0,0.0
0.758422987395541,0.0286136375,0.3418656965,0.5171112984999999,5965.0,0.0
0.631405265400852,0.0,0.308839228,0.48357599166666665,5965.0,0.0
0.6103990537889612,0.065176764,0.25145682524999996,0.36221862824999995,5965.0,0.0
0.644328584635111,0.2775457255,0.205926599,0.285018693,5965.0,0.0
0.6951229850832167,0.517259883,0.19476736449999998,0.2378408795,5965.0,0.0
0.7175018225615966,0.711671873,0.18237691825,0.1988051035,5965.0,0.0
0.7165553520352638,0.55926209075,0.21479490524999997,0.22067018625,5965.0,0.0
0.7120284446314402,0.189853485,0.23243854500000002,0.23213372133333332,5965.0,0.0
0.7019421718203849,0.033956906,0.23018829349999997,0.2958125425,5965.0,0.0
0.6307180557930697,0.0,0.203840719,0.41359841399999997,5965.0,0.0
0.6100397859284266,0.0588884885,0.1782602275,0.5327437975,5965.0,0.0
0.6446380344666169,0.2612894215,0.116278387,0.515808767,5965.0,0.0
0.6952485395911099,0.40136055849999996,0.10367736599999999,0.443343344,5965.0,0.0
0.7146452809862212,0.577139344,0.11017822,0.451580945,5965.0,0.0
0.7156903601289868,0.677228939,0.12249216500000001,0.5376392967500001,5965.0,0.0
0.7140959405577543,0.43746412749999997,0.13243725550000002,0.6033227435,5965.0,0.0
0.7102611710442415,0.20772020299999996,0.15304010666666668,0.6135923763333334,5965.0,0.0
0.7017768450294974,0.039032011,0.209694715,0.6375768964999999,5965.0,0.0
0.6444839453799941,0.0074825846,0.19031285020000002,0.5955360298000001,5965.0,0.0
0.6880175026524652,0.17471575166666667,0.13284810300000002,0.46313846,5965.0,0.0
0.8160654425221401,0.4161725795,0.07817898449999999,0.3779909965,5965.0,0.0
0.8238459086416311,0.603790128,0.10159771849999999,0.41287007,5965.0,0.0
0.8249724908064372,0.7765043229999999,0.1505958915,0.5007907945,5965.0,0.0
0.8185648803387897,0.6008357035,0.2008767145,0.562285264,5965.0,0.0
0.8156933000564729,0.35131817249999997,0.197982623,0.5867132385,5965.0,0.0
0.8071038981122244,0.135336079,0.23025006050000002,0.6089506655000001,5965.0,0.0
0.7586352189333638,0.028927153499999997,0.27282912800000003,0.6168233935,5965.0,0.0
0.6444454545554121,0.0038848422,0.28771148520000006,0.5033767332,5965.0,0.0
0.6882387765686989,0.13822586066666667,0.291775816,0.34523715966666674,5965.0,0.0
0.8170627709169085,0.324059286,0.3243171145,0.2538224695,5965.0,0.0
0.8308419387912588,0.5207107303333333,0.3959913206666667,0.3289072596666667,5965.0,0.0
0.8359832366074939,0.6027678609999999,0.4496021786666667,0.37080035933333333,5965.0,0.0
0.8285542894720991,0.41486174625,0.454860454,0.43903660674999995,5965.0,0.0
0.7870709821217431,0.08879928424999999,0.38507378600000003,0.46826613175,5965.0,0.0
0.6452662472651136,0.0025304492000000002,0.2986363888,0.5519420719999999,5965.0,0.0
0.6889354797292196,0.12715188133333333,0.21564148233333333,0.5340035706666667,5965.0,0.0
0.819718420399258,0.362721621,0.161404446,0.4685231205,5965.0,0.0
0.8348805421488723,0.5941873555,0.1518008615,0.39557039,5965.0,0.0
0.8379145865150642,0.7823005621999999,0.1528181068,0.36416639,5965.0,0.0
0.8295126191661422,0.6100184535,0.137307569,0.408710798,5965.0,0.0
0.8153083757394529,0.29787603533333334,0.12430177499999999,0.453178957,5965.0,0.0
0.710366162452356,0.033729217000000006,0.18579326575,0.5238681115,5965.0,0.0
0.6361537809690608,0.0362400805,0.1992533455,0.5291978695,5965.0,0.0
0.711766761881518,0.252608693,0.16843495149999999,0.45933247850000003,5965.0,0.0
0.8171418801829788,0.49340658549999994,0.148605298,0.41129987349999997,5965.0,0.0
0.8256653739412283,0.738351063,0.163218953,0.4180314985,5965.0,0.0
0.8292413700511081,0.88387351,0.1867100405,0.44864930625,5965.0,0.0
0.8247207530459679,0.6924770735,0.212922818,0.4987116945,5965.0,0.0
0.8186526450281446,0.42065898749999997,0.2133134215,0.537365205,5965.0,0.0
0.8077595235491731,0.21124396750000002,0.231612403,0.6089941335,5965.0,0.0
0.7597086342903394,0.0494735435,0.31128040050000005,0.694937334,5965.0,0.0
0.6426229720094598,0.000600004,0.28898849775,0.673304168,5106.0,0.0
0.6698672120708582,0.12472831925,0.2239284865,0.41688692025,4247.0,0.0
0.8145940065916522,0.4502140943333333,0.15414853066666667,0.21134327033333333,4247.0,0.0
0.8249215725234107,0.6611061195000001,0.1851199895,0.162276644,4247.0,0.0
0.8304760020388928,0.659032289,0.20681958075,0.19439814625,4247.0,0.0
0.8236194125695062,0.46930711700000005,0.205249258,0.24121351200000002,4247.0,0.0
0.8108574145272484,0.2188368936666667,0.18223004433333334,0.23259072833333336,4247.0,0.0
0.7505698191052506,0.041658557,0.22186174549999998,0.2770593675,4247.0,0.0
0.6281902658878008,0.0,0.2278221096666667,0.28277832233333333,4247.0,0.0
0.6094575878341573,0.05887210825,0.2186287335,0.2810118125,4247.0,0.0
0.648474520581028,0.2601596785,0.177217309,0.1999980135,4247.0,0.0
0.7055402178783854,0.47470465149999996,0.180012085,0.10819269200000001,4247.0,0.0
0.7248452050564549,0.6499062325,0.18431805299999998,0.055090982499999996,4247.0,0.0
0.7258508988057559,0.66535405775,0.21322776075,0.09912445724999999,4247.0,0.0
0.7222411347442139,0.36551087833333334,0.2342192,0.1735421136666667,4247.0,0.0
0.7090001611999036,0.07784542324999999,0.206342441,0.30231487,4247.0,0.0
0.6283084139997969,0.0,0.18731698966666666,0.45544823733333334,4247.0,0.0
0.6098354001206181,0.03580411575,0.198212471,0.356747447,4247.0,0.0
0.6497093944239661,0.1764928965,0.1712542865,0.175631274,4247.0,0.0
0.7052505694701963,0.3204542075,0.18482894700000002,0.100234284,4247.0,0.0
0.7242318420856677,0.416123018,0.243818437,0.127508623,4247.0,0.0
0.7254404992760234,0.4224959363333333,0.3550113483333333,0.3152021986666667,4247.0,0.0
0.7235643937888002,0.23837978075,0.48137552075,0.6142919095,4247.0,0.0
0.7130698407472527,0.057647266999999995,0.5278235205,0.6944263075,4247.0,0.0
0.6488527920774161,0.0007365555,0.6516331295,0.8038884225,4247.0,0.0
0.6737063213986104,0.11436411799999999,0.6636363897499999,0.8114131097499999,4247.0,0.0
0.8115091877960685,0.3658564595,0.68052687,0.786140389,4247.0,0.0
0.8211784848081467,0.55941869,0.680997034,0.740419967,4247.0,0.0
0.824785476554974,0.6981453009999999,0.684813247,0.64469055875,4247.0,0.0
0.8177103451748761,0.47082625725000005,0.69943148825,0.60446986925,4247.0,0.0
0.7767553437422887,0.11806469150000001,0.6537166,0.6264022925,4247.0,0.0
0.6399993417682736,0.023623005166666666,0.5994071306666667,0.665050574,4247.0,0.0
0.7040703373776234,0.195704248,0.6453572304999999,0.7800496495,4247.0,0.0
0.8079527754595466,0.3862935245,0.668075805,0.783249787,4247.0,0.0
0.8162662621963731,0.5384666490000001,0.6331591194999999,0.6875555675,4247.0,0.0
0.8174839456283434,0.6541156269999999,0.562972317,0.524628471,4247.0,0.0
0.8157013996458429,0.6406286332500001,0.58353493,0.49409032825,4247.0,0.0
0.8078876168474123,0.387627334,0.5457422279999999,0.4396205525,4247.0,0.0
0.7978498762382311,0.202441609,0.4079694895,0.3727454065,4247.0,0.0
0.6993487071550905,0.033989606750000005,0.33553732950000004,0.3469442825,4247.0,0.0
0.633495290525016,0.0357082675,0.27754531574999997,0.44660346075,4247.0,0.0
0.704002349906391,0.2006234225,0.2590492465,0.4154395665,4247.0,0.0
0.8077053415007105,0.3307116715,0.250233205,0.315577808,4247.0,0.0
0.8171458453086811,0.472771968,0.2350434555,0.242471903,4247.0,0.0
0.8180525396162155,0.5770812756666667,0.24610770700000004,0.20280164433333334,4247.0,0.0
0.8168302784506563,0.5169620245,0.30020103899999995,0.19471280400000002,4247.0,0.0
0.8102661095729798,0.2887610883333333,0.2646076153333334,0.251810786,4247.0,0.0
0.7988129932474242,0.095239243,0.18142377599999998,0.31972034800000004,4247.0,0.0
0.6987914726846154,0.010497602750000001,0.17952393100000003,0.4555204065,4247.0,0.0
0.6317687038360558,0.002224157666666667,0.25035292733333336,0.39508487,4247.0,0.0
0.6828523496660249,0.08025751733333333,0.30748560333333336,0.375755009,4247.0,0.0
0.8111688871652009,0.308479719,0.3674373095,0.40034859050000005,4247.0,0.0
0.8216643104130046,0.5048595105,0.429209335,0.49521763500000004,4247.0,0.0
0.8254800184343454,0.5370644674000001,0.46427380379999994,0.49771245960000005,4247.0,0.0
0.8196468302898684,0.3720266575,0.4408650095,0.5053190115,4247.0,0.0
0.8088644182534034,0.18357266966666666,0.31888096,0.4329330286666666,4247.0,0.0
0.700637182810592,0.0302456495,0.21221199799999999,0.41866985049999994,4247.0,0.0
0.6333396108816167,0.028601260500000003,0.13512717225,0.28712185275,4247.0,0.0
0.7055263156348379,0.146312723,0.0867982135,0.18754372749999998,4247.0,0.0
0.8125199345272871,0.258848483,0.093406217,0.093530172,4247.0,0.0
0.824438825373219,0.46422339566666665,0.08371302466666668,0.064883809,4247.0,0.0
0.8268686474109401,0.5682962125,0.0865118815,0.1349903435,4247.0,0.0
0.8160108011653551,0.3749936865,0.0977485855,0.20586968,4247.0,0.0
0.8053382200999523,0.15833366066666668,0.10922244933333335,0.2519123616666667,4247.0,0.0
0.747453295047265,0.0236716955,0.148539363,0.30739454600000005,4247.0,0.0
0.6282468093530443,0.00046524866666666667,0.11974264400000001,0.34593569566666665,4247.0,0.0
0.6093582901568456,0.03285877325,0.0871031115,0.26661882225,4247.0,0.0
0.6461849207430211,0.1502750145,0.0536003635,0.19291751699999998,4247.0,0.0
0.7068972854462129,0.33640771566666666,0.06654236133333334,0.21242012133333332,4247.0,0.0
0.7234981832346619,0.459954403,0.07911817075,0.2837796725,4247.0,0.0
0.7229544077706113,0.3366824386666667,0.07789867533333333,0.29726623133333335,4247.0,0.0
0.719059419734905,0.17108726400000002,0.07448154,0.270620796,4247.0,0.0
0.6916017150483024,0.03846334174999999,0.09790598724999999,0.24223310775,4247.0,0.0
0.6128559629807063,0.00412232625,0.07140831549999999,0.23064659999999998,4247.0,0.0
0.6298326176803919,0.1599002975,0.03150825125,0.17933312675000002,4247.0,0.0
0.7086413809526816,0.4267412403333333,0.028093788666666664,0.18342520266666665,4247.0,0.0
0.7257526972170494,0.505796612,0.07015402566666666,0.27329481066666667,4247.0,0.0
0.7215375084717246,0.38668604875,0.129727002,0.38935915825,4247.0,0.0
0.7167252362903498,0.1681168355,0.1455274265,0.365689347,4247.0,0.0
0.7057099046873058,0.05120291833333334,0.17935099233333332,0.34550620933333337,4247.0,0.0
0.6416381112904929,0.014018166499999998,0.2154828865,0.3509760651666667,4247.0,0.0
0.7064863137161808,0.09189613699999999,0.1931047665,0.3579076615,4247.0,0.0
0.812491034115579,0.24226903,0.1960654456666667,0.3366298806666666,4247.0,0.0
0.8175658594827206,0.398652026,0.247876597,0.37087122299999997,4247.0,0.0
0.816466517673108,0.41390737866666666,0.28737438433333334,0.43401160033333336,4247.0,0.0
0.8111284137187307,0.2861496255,0.3130972545,0.504535811,4247.0,0.0
0.802681611462177,0.1343891613333333,0.3189068423333334,0.5030614156666667,4247.0,0.0
0.7467309392348694,0.028679090499999997,0.3236813835,0.490598323,4247.0,0.0
0.6404439850096515,0.0042345683999999995,0.3150164922,0.5815712946,4247.0,0.0
0.6825563022965597,0.07796233633333334,0.263019298,0.5321463553333333,4247.0,0.0
0.8081499442820237,0.211152006,0.2055085405,0.43289455499999996,4247.0,0.0
0.8184058878308,0.3375567315,0.158610455,0.3037550695,4247.0,0.0
0.8192119226728518,0.48563029550000003,0.14885291125,0.19717628725,4247.0,0.0
0.8129339043559878,0.348679551,0.160824486,0.15908321025,4247.0,0.0
0.8013190072021249,0.15511684250000002,0.140814874,0.113406233,4247.0,0.0
0.6993126100274414,0.03409450025000001,0.12545853475000002,0.10520829875,4247.0,0.0
0.633299028610167,0.034081457,0.09778569375,0.1249620115,4247.0,0.0
0.7046132707108195,0.176596661,0.0603535365,0.1203412185,4247.0,0.0
0.8092015031356434,0.30831681499999997,0.050312624,0.11008756350000001,4247.0,0.0
0.8188074546620779,0.39460667525,0.047637081250000005,0.159835115,4247.0,0.0
0.8174727594831106,0.375078134,0.05987291,0.19596000633333333,4247.0,0.0
0.8102846781713021,0.25782316,0.04205505466666667,0.1656079726666667,4247.0,0.0
0.799583027389024,0.143570156,0.057084115500000004,0.1840711745,4247.0,0.0
0.7452375338434518,0.069425341,0.126609593,0.23291504400000002,4247.0,0.0
0.6463030207070154,0.003434521,0.178987417,0.28941347799999995,4247.0,0.0
0.6426916124305697,0.0591680695,0.22441583375000002,0.35606142900000004,4247.0,0.0
0.7689716982803567,0.171398316,0.321701751,0.41416107150000003,4247.0,0.0
0.8175184712878651,0.23992492575,0.51972897475,0.5087678609999999,4247.0,0.0
0.8177923317104332,0.2111883915,0.62490683025,0.7024767715,4247.0,0.0
0.8093750260414929,0.09608797200000001,0.6304624485,0.794054402,4247.0,0.0
0.7648588131170232,0.015415541333333333,0.6723030786666667,0.8238087040000001,4247.0,0.0
0.6535124911454594,0.0005166015,0.701843978,0.863567822,4247.0,0.0
0.6343368423572125,0.0037165889999999997,0.68325981,0.83905925525,4247.0,0.0
0.7053447414516121,0.06620002850000001,0.609959329,0.7656978215,4247.0,0.0
0.8094640240150195,0.20485196649999998,0.580314268,0.702600621,4247.0,0.0
0.8187312547094985,0.423329534,0.515733769,0.6393651486666666,4247.0,0.0
0.819140526106622,0.5769504132500001,0.47262079475,0.6477370852500001,4247.0,0.0
0.8121596554275209,0.46208509400000003,0.4179685163333334,0.6654607140000001,4247.0,0.0
0.8017471693431248,0.193115353,0.314555829,0.623379203,4247.0,0.0
0.6910048533292091,0.03598681124999999,0.284874869,0.48794851,4247.0,0.0
0.6081306939106197,0.04475364525,0.26261649725,0.3104385825,4247.0,0.0
0.6469222788561716,0.2824903735,0.2159199155,0.20400180275,4247.0,0.0
0.7114387195088824,0.5816003439999999,0.23278642033333333,0.23771812133333334,4247.0,0.0
0.7145098377708718,0.6448208535,0.222443682,0.309652057,4247.0,0.0
0.7147469963951089,0.5729433610000001,0.1928939696666667,0.342335639,4247.0,0.0
0.7140173632155896,0.36928938899999997,0.1452081785,0.321861823,4247.0,0.0
0.7092386495683077,0.16104784800000002,0.12548414366666666,0.27338314133333336,4247.0,0.0
0.6700153364465754,0.020843461,0.135291622,0.265001464,4247.0,0.0
0.6129199006080562,0.017192284999999998,0.1301739725,0.27814355625,4247.0,0.0
0.6281959354462077,0.19850576,0.11010106775,0.2307612115,4247.0,0.0
0.6956451981796609,0.42060585,0.14717890449999999,0.23852996399999998,4247.0,0.0
0.7114458277676293,0.5099639315,0.2141098795,0.2927886535,4247.0,0.0
0.7117864304714511,0.48163285599999994,0.27603795999999997,0.46422536525,4247.0,0.0
0.7115274152126646,0.211118292,0.29464393975,0.5768397654999999,4247.0,0.0
0.6921809511549044,0.03174163225,0.27365330275,0.6512704735,4247.0,0.0
0.6347549827605823,0.00302356575,0.23258324549999998,0.6242066315,4247.0,0.0
0.6824342374036534,0.05052540366666667,0.19776945899999998,0.6358001346666666,4247.0,0.0
0.8082476460892236,0.147154122,0.232926393,0.676800084,4247.0,0.0
0.818126660152368,0.2298343155,0.26467413100000003,0.72333043,4247.0,0.0
0.8173228579607108,0.268729396,0.36135174366666667,0.7943257266666667,4247.0,0.0
0.8085185568235118,0.160374579,0.37591240824999994,0.820960413,4247.0,0.0
0.7655733112280005,0.048093527,0.3399108263333333,0.8371402059999999,4247.0,0.0
0.643606398160681,0.0040742295,0.34912365775,0.8908596292500001,4247.0,0.0
0.6705096969407216,0.06793677975000001,0.36940123799999997,0.8978985934999999,4247.0,0.0
0.8083359913096629,0.17220119150000002,0.485407264,0.917325073,4247.0,0.0
0.8179395975889112,0.2862987375,0.576494846,0.9255556975,4247.0,0.0
0.819103727618707,0.412682021,0.5978790225,0.90361658975,4247.0,0.0
0.8122818692578087,0.25963721025000003,0.63392612125,0.87330699125,4247.0,0.0
0.7999757208518727,0.09812887449999999,0.541453293,0.8556401145,4247.0,0.0
0.7461241285905194,0.023612421999999997,0.545185545,0.8654955209999999,4247.0,0.0
0.6424390405748457,0.0008787035000000001,0.5552239645,0.8727834735,4247.0,0.0
0.6695194285911015,0.088175002,0.5004569065,0.829668043,4247.0,0.0
0.807690302793769,0.2992336975,0.516051745,0.7602874995,4247.0,0.0
0.815952291110065,0.4106461475,0.498859799,0.745040406,4247.0,0.0
0.8172451912979863,0.41143086475,0.46463503175,0.7357712592500001,4247.0,0.0
0.8110819322675114,0.2820967935,0.41126296175,0.669159776,4247.0,0.0
0.79945162191496,0.11117670799999999,0.2849711235,0.645897742,4247.0,0.0
0.6999473217828736,0.0203368875,0.2604929985,0.6507018495,4247.0,0.0
0.6338037371200919,0.0233981515,0.24739525074999996,0.59232328125,4247.0,0.0
0.7044958883094843,0.1160540545,0.22706600799999999,0.511974584,4247.0,0.0
0.8081742427549483,0.183696049,0.2027133455,0.4543402015,4247.0,0.0
0.8169002969935235,0.2817465435,0.186832059,0.4582745025,4247.0,0.0
0.815762182234341,0.3589709305,0.19351775850000003,0.559904116,4247.0,0.0
0.8115089701461093,0.314743122,0.235272972,0.64977215,4247.0,0.0
0.8082386037764094,0.2048722455,0.28342148749999996,0.6224646665,4247.0,0.0
0.8005991417696867,0.1008314535,0.3119647225,0.6182343855,4247.0,0.0
0.6994285418882262,0.016208783499999997,0.40701481425,0.65867002625,4247.0,0.0
0.6333880506904929,0.01125619375,0.47826992675,0.8160255455000001,4247.0,0.0
0.7046599820129902,0.080129531,0.5088398875,0.865226016,4247.0,0.0
0.8094601071029157,0.15566578749999999,0.5806594005,0.8916636235,4247.0,0.0
0.8175963234581496,0.27350251449999996,0.655643559,0.880513946,4247.0,0.0
0.8163571703139579,0.35631685775,0.6840278965000001,0.8465853935000001,4247.0,0.0
0.809376452475244,0.16264808649999998,0.6940476235,0.7379549449999999,4247.0,0.0
0.7979281879136284,0.047998001,0.6284770500000001,0.6643499105,4247.0,0.0
0.7445262032019069,0.008647219499999999,0.5983215985,0.5962488775,4247.0,0.0
0.6283825910475346,0.0,0.5539303886666666,0.583301042,4247.0,0.0
0.6088240486531208,0.01773847475,0.50734180525,0.5071619305,4247.0,0.0
0.6431238362228642,0.103323142,0.489141861,0.4327918215,4247.0,0.0
0.7003030556850299,0.251440583,0.5113545436666667,0.37024962733333333,4247.0,0.0
0.7113400263120224,0.3022203928,0.45599838200000004,0.2822120508,4247.0,0.0
0.7120091670636308,0.22312470299999998,0.42782658100000004,0.3043138055,4247.0,0.0
0.7095233334845717,0.10987759933333334,0.330007977,0.2843294653333333,4247.0,0.0
0.7002831009621489,0.022278262,0.2987843825,0.327767617,4247.0,0.0
0.6229965185968057,0.0013187095,0.2864749645,0.32168738325,4247.0,0.0
0.6144447853467285,0.075655778,0.24842879,0.20714997349999997,4247.0,0.0
0.6703454581044446,0.259808429,0.18638712400000002,0.1284312015,4247.0,0.0
0.7112227647005109,0.46240193725,0.12779299075,0.10041409600000001,4247.0,0.0
0.7135748033133233,0.41499593074999996,0.13111351025,0.198388327,4247.0,0.0
0.7147347382680702,0.203166332,0.107052007,0.207456634,4247.0,0.0
0.7086619802946551,0.06428657766666666,0.08235147566666666,0.19211508333333335,4247.0,0.0
0.678463395995705,0.0026380495,0.110769951,0.245955953,4247.0,0.0
0.6409522154540733,0.013557006000000002,0.14362207999999999,0.3327948923333333,4247.0,0.0
0.7697185702156359,0.095619362,0.1395841385,0.33500175649999997,4247.0,0.0
0.8201339778656805,0.225677596,0.15902613666666665,0.2642691343333333,4247.0,0.0
0.8239013238758703,0.28031965625,0.18653719975,0.24123679874999998,4247.0,0.0
0.8174420699533164,0.16855754575,0.25989241225,0.26294244325,4247.0,0.0
0.8062984194976677,0.0929242425,0.323179718,0.2552749025,4247.0,0.0
0.7015825653823144,0.017034209749999998,0.36742235575,0.30277085325,4247.0,0.0
0.6338037250174947,0.0165279805,0.334967927,0.37016426375000006,4247.0,0.0
0.7382796237919118,0.14889532866666666,0.25942507766666667,0.2759167323333333,4247.0,0.0
0.8237486663395438,0.3369718335,0.17813040149999998,0.182186704,4247.0,0.0
0.8271909840485709,0.5280536735,0.160275853,0.156007643,4247.0,0.0
0.8283946766158081,0.6864675456666666,0.18110787799999997,0.23911556166666667,4247.0,0.0
0.8178276875294058,0.45632964933333336,0.27770032866666666,0.31550126166666664,4247.0,0.0
0.8063767631842703,0.20613699500000002,0.339166013,0.34550267233333337,4247.0,0.0
0.7015312603081534,0.03601516825,0.4156243455,0.40987688375,4247.0,0.0
0.6337742282330912,0.03360249525,0.380849567,0.38521353975,4247.0,0.0
0.7387138222098527,0.18458829333333335,0.3335496443333333,0.33575164300000004,4247.0,0.0
0.8241993377369871,0.38327662549999997,0.301231287,0.278108767,4247.0,0.0
0.8285782012522844,0.534574079,0.256312594,0.218814132,4247.0,0.0
0.8311923618507413,0.5553710842499999,0.1933711185,0.21259957950000002,4247.0,0.0
0.8232692716415709,0.38006299600000004,0.14096048900000002,0.2598162465,4247.0,0.0
0.810027169931853,0.169221806,0.12983631033333334,0.27888879400000005,4247.0,0.0
0.721599153296476,0.01837004966666667,0.17742888966666667,0.30178560933333337,4247.0,0.0
0.6351159672220152,0.0038956209999999997,0.1513224275,0.32517354325,4247.0,0.0
0.6556392785809404,0.053033934500000005,0.104761631,0.32753041,4247.0,0.0
0.7750607199796966,0.1497135985,0.063166543,0.2758590165,4247.0,0.0
0.8304036141420399,0.2752362345,0.06756179300000001,0.251767658,4247.0,0.0
0.8346396359176986,0.34548634050000004,0.11822682649999999,0.272874418,4247.0,0.0
0.836820218807298,0.31475544475,0.23815459875,0.3521285235,4247.0,0.0
0.8246736065750723,0.20341238566666667,0.3903638246666667,0.4699666296666667,4247.0,0.0
0.8123601686338187,0.103188215,0.4997221125,0.5817770425,4247.0,0.0
0.7546841788831354,0.056270027,0.532565857,0.7048872245,4247.0,0.0
0.6420500388567559,0.0107761094,0.5720151204,0.8262355654,4247.0,0.0
0.683086631020775,0.13601168266666666,0.5216944413333333,0.852036098,4247.0,0.0
0.8094976792714949,0.283724565,0.5752616804999999,0.829652268,4247.0,0.0
0.8194309721054841,0.41688178350000005,0.574189481,0.7719916305000001,4247.0,0.0
0.8200695524610262,0.471400534,0.5864003179999999,0.6492926115,4247.0,0.0
0.816293679597148,0.40888577299999995,0.5816660364999999,0.5852841630000001,4247.0,0.0
0.8109788025930664,0.289359966,0.5352523435000001,0.553770107,4247.0,0.0
0.8013190072021249,0.135279543,0.43129424,0.527900311,4247.0,0.0
0.7471131396475634,0.036386852,0.3829733455,0.549858298,4247.0,0.0
0.6280074665543983,0.0013886756666666668,0.351956008,0.5456389073333333,4247.0,0.0
0.6088630351528539,0.062210815,0.3022318915,0.60920643475,4247.0,0.0
0.643351855647913,0.2205539175,0.2516383625,0.577739843,4247.0,0.0
0.701236006921541,0.42595755566666665,0.1773113163333333,0.48841079066666665,4247.0,0.0
0.7141171877592988,0.5644115639999999,0.11718807980000001,0.3180637356,4247.0,0.0
0.7143739997287882,0.4200038666666666,0.092087724,0.321865109,4247.0,0.0
0.7095333993688032,0.233133102,0.076573105,0.32228373200000004,4247.0,0.0
0.6703740482764052,0.048743845499999994,0.091509158,0.363325478,4247.0,0.0
0.6134491978564479,0.049625613750000006,0.08649748625,0.36700300124999996,3378.0,0.0
0.6401415709000254,0.313497379,0.060125037,0.36855302100000004,3378.0,0.0
0.7083301014971068,0.628097416,0.071803426,0.3855776025,3378.0,0.0
0.7283698235749858,0.8481124815,0.088881182,0.41417622249999997,3378.0,0.0
0.7343649754642592,0.89613477325,0.08918973225,0.40980708525,3378.0,0.0
0.7366110432441411,0.6457509445,0.0848948405,0.421382276,3378.0,0.0
0.7305405822715154,0.3196900843333333,0.09976529366666669,0.409235422,3378.0,0.0
0.6845220624134023,0.05210639625,0.14892154424999998,0.4347046935000001,3378.0,0.0
0.6354907329994188,0.05505966775,0.11399681,0.44364920924999995,3378.0,0.0
0.7388410612418418,0.323532904,0.073704911,0.456221977,3378.0,0.0
0.8367609834817327,0.6595857814999999,0.086218339,0.44960612099999997,3378.0,0.0
0.8442511485383425,0.9118549870000001,0.10071410825,0.45656322499999996,3378.0,0.0
0.8455811854965294,0.8037860335,0.094670577,0.437525212,3378.0,0.0
0.8383315156747645,0.6150775175000001,0.09432044849999999,0.4061759895,3378.0,0.0
0.8291567563664058,0.30525015,0.10981012166666666,0.3671330126666667,3378.0,0.0
0.711110423178496,0.049452161,0.14490700750000002,0.33177581425,3378.0,0.0
0.6355160832175575,0.04583592625,0.12684383075,0.28353190625,3378.0,0.0
0.7064712510008351,0.205624182,0.120538368,0.27323694499999995,3378.0,0.0
0.8218253093938546,0.39493983850000003,0.1033136065,0.22653427650000002,3378.0,0.0
0.841451496942951,0.5677807485,0.1334312645,0.2541169825,3378.0,0.0
0.8510866551850371,0.5960306264999999,0.1865989605,0.27302271525,3378.0,0.0
0.8485424405138643,0.39049094124999995,0.29484897375,0.2862143325,3378.0,0.0
0.8340523124227189,0.148006093,0.364683201,0.29948179649999995,3378.0,0.0
0.7333518147404784,0.032931497,0.43671656100000006,0.39589046266666666,3378.0,0.0
0.6369343565712042,0.004764453,0.4350902445,0.5223239525000001,3378.0,0.0
0.6847110471251193,0.09800959899999999,0.358413455,0.5148159959999999,3378.0,0.0
0.8229053496928503,0.27674551449999996,0.2948594375,0.38505447000000004,3378.0,0.0
0.8466695344744807,0.466366909,0.24654132366666667,0.292541415,3378.0,0.0
0.8529257285615813,0.5176341577500001,0.2251445685,0.2675413325,3378.0,0.0
0.843506452610679,0.3687121425,0.183296729,0.344228465,3378.0,0.0
0.8329185737855676,0.2060160015,0.1483137475,0.3962410455,3378.0,0.0
0.7826889795731969,0.06039321633333333,0.15823826500000002,0.4447665793333333,3378.0,0.0
0.6543327422098195,0.0,0.12448993900000001,0.4446282785,3378.0,0.0
0.6357375385087571,0.011827161249999999,0.09907246225,0.39104987925,3378.0,0.0
0.7066742949946775,0.124128773,0.069378277,0.335129075,3378.0,0.0
0.8189809292559337,0.2890198355,0.058210540500000005,0.31147232150000004,3378.0,0.0
0.839358896687851,0.42876085275,0.06989454375000001,0.29935272475,3378.0,0.0
0.8401063327550315,0.4293453676666667,0.076350132,0.328867933,3378.0,0.0
0.8343302910409651,0.28436859133333336,0.09564166233333334,0.27670124766666665,3378.0,0.0
0.7930332039264211,0.08613883025,0.15042451925,0.30898055275,3378.0,0.0
0.642362723682971,0.0029811274000000002,0.2097862688,0.3693734632,3378.0,0.0
0.6844316663111147,0.059733805333333334,0.18171343199999998,0.328158255,3378.0,0.0
0.8213384199411856,0.17321413400000002,0.125773363,0.306126858,3378.0,0.0
0.8408868519439848,0.28896526899999997,0.10014110700000001,0.2769217855,3378.0,0.0
0.8480896076516009,0.3641022696,0.088809997,0.2383958806,3378.0,0.0
0.8421893505738204,0.19691185366666666,0.13773257000000003,0.28109046866666665,3378.0,0.0
0.8271513327915486,0.068780853,0.1879280615,0.289891535,3378.0,0.0
0.7660061154529845,0.0133066645,0.243050991,0.30790090800000003,3378.0,0.0
0.6331714591346368,0.0,0.2695057503333333,0.381047223,3378.0,0.0
0.614946652993353,0.0203872815,0.3006917825,0.43172079350000003,3378.0,0.0
0.6663315644456729,0.12002615333333333,0.3460205603333333,0.450972416,3378.0,0.0
0.7271897123115946,0.1868997325,0.32741872699999996,0.446096344,3378.0,0.0
0.7353397095892187,0.23537142175,0.31755846600000004,0.379858262,3378.0,0.0
0.7401741043342972,0.2481405115,0.33667609499999995,0.38401530650000004,3378.0,0.0
0.7416296474883838,0.2132062295,0.338260723,0.41357235400000003,3378.0,0.0
0.7376662527527263,0.127000402,0.28003913449999995,0.4598967725,3378.0,0.0
0.6813590085922037,0.0188581085,0.2520195065,0.47120483150000003,3378.0,0.0
0.6155770346363024,0.055175164199999994,0.1893519286,0.46179944719999994,3378.0,0.0
0.6527690766171712,0.26925662,0.06864562,0.383003525,3378.0,0.0
0.712677147382799,0.534469011,0.033897839,0.27135786,3378.0,0.0
0.7381020188669823,0.6615245089999999,0.02160389275,0.15918970724999998,3378.0,0.0
0.7406357524922023,0.5156606045000001,0.023617712,0.165083484,3378.0,0.0
0.7410054125807136,0.26436139233333333,0.04776323433333334,0.19797727433333334,3378.0,0.0
0.7358150906527055,0.0767864905,0.0905186315,0.24115971400000003,3378.0,0.0
0.7024609113730417,0.006054833,0.11728211033333334,0.28106246966666665,3378.0,0.0
0.6368419858104719,0.00251366125,0.1339749255,0.21410077425000001,3378.0,0.0
0.6554283767544864,0.043218731999999996,0.159641014,0.1750387775,3378.0,0.0
0.7760714909161095,0.1610099875,0.140809656,0.1792478465,3378.0,0.0
0.8388241110592284,0.3451108115,0.13836690275,0.20868145999999999,3378.0,0.0
0.8406302544495726,0.29287472550000004,0.13697734725,0.29652322925,3378.0,0.0
0.8342008923021482,0.262124072,0.14630477166666667,0.31434879266666665,3378.0,0.0
0.825138204486854,0.143353212,0.15289738749999998,0.3040504665,3378.0,0.0
0.7650427085718294,0.0601712295,0.18245139999999999,0.300358966,3378.0,0.0
0.6426079529225011,0.0082635132,0.1692470016,0.2951713764,3378.0,0.0
0.6847071302130155,0.15291525933333333,0.099484073,0.202746631,3378.0,0.0
0.8213188359710377,0.41942193,0.049676494,0.18369338600000001,3378.0,0.0
0.8416917744294415,0.6852122629999999,0.063403396,0.208341574,3378.0,0.0
0.8484289022122595,0.7521668427499999,0.06410745975,0.18460947525,3378.0,0.0
0.8452686410407626,0.48899930625,0.06330539974999999,0.1997339525,3378.0,0.0
0.8305672485372232,0.2067979745,0.0684317305,0.21166610349999998,3378.0,0.0
0.7134748769897237,0.034729541249999996,0.07760328725,0.217833275,3378.0,0.0
0.6357767062522626,0.026838986,0.06336865725,0.22442901399999998,3378.0,0.0
0.7097588559951016,0.184987661,0.0450844215,0.2380031045,3378.0,0.0
0.8238129303434374,0.44121698600000003,0.026800159,0.2364734465,3378.0,0.0
0.8484936257212656,0.675289511,0.045588421500000004,0.26148831100000003,3378.0,0.0
0.8551848788751194,0.6917145694,0.0522786232,0.2180869264,3378.0,0.0
0.8454968539433745,0.39499398799999996,0.05658231933333333,0.225183539,3378.0,0.0
0.830184322755859,0.1821004185,0.090300652,0.1978139205,3378.0,0.0
0.7343163905554103,0.039218321333333334,0.13610269033333333,0.17664075966666667,3378.0,0.0
0.6372378345089624,0.0085716465,0.089494204,0.184174059,3378.0,0.0
0.656654111463833,0.126183469,0.06407030250000001,0.233796145,3378.0,0.0
0.7785382403065271,0.27252884850000003,0.03488662100000001,0.2192710585,3378.0,0.0
0.8446417868227569,0.5225244575,0.0572444265,0.2092928255,3378.0,0.0
0.8595518663774655,0.677124269,0.047467821199999996,0.20345024939999998,3378.0,0.0
0.8500432685363704,0.37537852275,0.05307074,0.2221161875,3378.0,0.0
0.8004655238818202,0.09223068200000001,0.0910177885,0.188182858,3378.0,0.0
0.6526177082862312,0.0,0.07385019033333333,0.17862077099999998,3378.0,0.0
0.6460094393811199,0.05476244725,0.040640835,0.16437307075000002,3378.0,0.0
0.7787827247738734,0.2233020235,0.020539432,0.162843874,3378.0,0.0
0.8468707733118357,0.4303727435,0.01735068,0.14060206,3378.0,0.0
0.8602127287951671,0.5854153719999999,0.018139609,0.14915280749999998,3378.0,0.0
0.8623843657007542,0.625773497,0.03143581375,0.171376441,3378.0,0.0
0.8491391046555986,0.3510476276666667,0.045928996666666666,0.1621464353333333,3378.0,0.0
0.8344350445625284,0.13821065700000001,0.044181857000000005,0.150006793,3378.0,0.0
0.7690182887533457,0.04027541,0.0562093355,0.1603560665,3378.0,0.0
0.6349854762975987,0.0,0.06547103066666667,0.19917214000000003,3378.0,0.0
0.6153177316112092,0.058864286,0.06178800775,0.18691636575,3378.0,0.0
0.6527115095805105,0.267990338,0.02513589,0.141927393,3378.0,0.0
0.7095163057786127,0.4654793205,0.019239467,0.11837074,3378.0,0.0
0.7321377902942587,0.6013346095000001,0.021663790000000002,0.13082950999999998,3378.0,0.0
0.7371318542104235,0.60979986125,0.0443161965,0.222582908,3378.0,0.0
0.7405089891021222,0.4381711245,0.06663743550000001,0.3248741395,3378.0,0.0
0.7395756590444796,0.253511598,0.0709442695,0.3216748345,3378.0,0.0
0.7052613285806989,0.06214597325000001,0.09223721000000001,0.29158919775000003,3378.0,0.0
0.6180822046955965,0.0065520249999999995,0.08245287375,0.19140213675,3378.0,0.0
0.6364257312475707,0.16596060525,0.0396919855,0.166502586,3378.0,0.0
0.7134849953513412,0.40682026400000004,0.0322623185,0.139110955,3378.0,0.0
0.7375239312279765,0.5540154582500001,0.0883320455,0.1615132975,3378.0,0.0
0.7420375729717454,0.3797275626666667,0.11499791166666666,0.17170452633333333,3378.0,0.0
0.7427712197529525,0.2440448,0.103150096,0.1317646675,3378.0,0.0
0.7399956006685329,0.1410592545,0.10147001850000001,0.1470310725,3378.0,0.0
0.7033266003757972,0.028625089333333336,0.1311345316666667,0.18488790566666669,3378.0,0.0
0.6390199936019334,0.0034919499999999997,0.09133373775,0.21196207274999998,3378.0,0.0
0.6580438914662966,0.109763524,0.059377005,0.19518948349999998,3378.0,0.0
0.7787298722399896,0.2982341075,0.0250232365,0.1311878365,3378.0,0.0
0.8483555228863884,0.575829082,0.022607683500000003,0.10002662100000001,3378.0,0.0
0.8718345888782154,0.82435742675,0.06292362025,0.12562452999999998,3378.0,0.0
0.8719263835356429,0.7062435123333333,0.08362048566666667,0.20384729533333332,3378.0,0.0
0.8569866073560846,0.43388215750000003,0.0827573665,0.2273202575,3378.0,0.0
0.8422448625304418,0.220160955,0.110242599,0.2104837265,3378.0,0.0
0.7430971989771509,0.043825880000000005,0.16401297866666664,0.21073347533333334,3378.0,0.0
0.6440562958774603,0.0065325985,0.110937649,0.22309815675,3378.0,0.0
0.6615573641815855,0.1348353615,0.0840583625,0.25182051299999997,3378.0,0.0
0.7826528661447598,0.308364268,0.0466069255,0.23433901499999998,3378.0,0.0
0.8570210846052175,0.5688873145,0.04910989,0.209448268,3378.0,0.0
0.8711394330134259,0.720815848,0.10458728475000001,0.232267895,3378.0,0.0
0.8700346592367725,0.567388599,0.1375952845,0.2817700775,3378.0,0.0
0.8562826346344513,0.3339250263333333,0.14659849033333333,0.30687302466666666,3378.0,0.0
0.8396574181692839,0.1419936755,0.140859379,0.338335378,3378.0,0.0
0.7783523141080695,0.0473767355,0.18985343100000002,0.3442848745,3378.0,0.0
0.6546581444845151,0.0041062888,0.1442073464,0.3456100758,3378.0,0.0
0.6913060021237789,0.16372144333333333,0.09853480266666666,0.3309943806666667,3378.0,0.0
0.8263269713703201,0.4177515635,0.066854812,0.263804931,3378.0,0.0
0.854244071590228,0.6366574876666666,0.17406939633333332,0.2635358106666667,3378.0,0.0
0.8572689298555677,0.565751362,0.233566574,0.35650518774999995,3378.0,0.0
0.8498131939328875,0.33376195,0.210718197,0.3118476705,3378.0,0.0
0.8430828599380797,0.162060969,0.16995598950000002,0.3058192595,3378.0,0.0
0.7908000992744627,0.04097805266666667,0.164128147,0.3525719356666667,3378.0,0.0
0.6601966939756005,0.0,0.14851786150000001,0.432262556,3378.0,0.0
0.640723938037075,0.0193192945,0.12844374149999999,0.4277491385,3378.0,0.0
0.7444989065647171,0.174997408,0.06909352533333334,0.33807041666666665,3378.0,0.0
0.8432785056044232,0.3610419135,0.064440639,0.250771211,3378.0,0.0
0.8565369998064525,0.4684564505,0.103702937,0.21679241700000002,3378.0,0.0
0.8571132016049896,0.419555257,0.10334244199999999,0.17205057799999998,3378.0,0.0
0.8483772829625473,0.24375981700000002,0.09229525366666667,0.183070143,3378.0,0.0
0.8335220480488985,0.091769445,0.097673381,0.192791229,3378.0,0.0
0.7135851392265048,0.00941004,0.0960193195,0.23891510800000001,3378.0,0.0
0.6365404058157795,0.0122155045,0.0669556145,0.23442562725,3378.0,0.0
0.708708699665224,0.141262544,0.035293257,0.1853336235,3378.0,0.0
0.8312589873370123,0.3339635346666667,0.02168719566666667,0.13344974966666667,3378.0,0.0
0.8552791814071528,0.530759063,0.04139041,0.1276187315,3378.0,0.0
0.8576248732408901,0.5824292947499999,0.049970202,0.16215919099999998,3378.0,0.0
0.8488795978148972,0.3499467233333333,0.05311293533333333,0.215609778,3378.0,0.0
0.8026118830864568,0.08317275525000001,0.07775392425,0.2644463305,3378.0,0.0
0.6362922302530819,0.0,0.07204421500000001,0.29716873166666663,3378.0,0.0
0.6167530018326641,0.043993345249999996,0.059844313249999996,0.339034419,3378.0,0.0
0.654352011906021,0.225134238,0.039705385999999995,0.2830443245,3378.0,0.0
0.7145324922584811,0.49382552550000003,0.040667529499999994,0.2191507805,3378.0,0.0
0.7400016089684673,0.6894625372500001,0.06477518175,0.21637013224999999,3378.0,0.0
0.742465191020646,0.42469310574999997,0.092319793,0.27101378249999997,3378.0,0.0
0.7409480310516131,0.129213451,0.10419781299999999,0.34578709133333335,3378.0,0.0
0.6835395430714142,0.0080579545,0.12078852725,0.323784285,3378.0,0.0
0.617441238258902,0.0165373146,0.10741635840000001,0.27395778660000003,3378.0,0.0
0.6686373713340276,0.191708243,0.081252602,0.23376189366666666,3378.0,0.0
0.7310360869366717,0.381806263,0.0695947015,0.2278446965,3378.0,0.0
0.7406934887684334,0.47790256125,0.0804466755,0.29330575925,3378.0,0.0
0.7425375064003108,0.31231982975,0.10114615375,0.42956494224999997,3378.0,0.0
0.7401474121054026,0.1283614535,0.1026449435,0.43723771899999997,3378.0,0.0
0.7046574675590319,0.017309956333333334,0.13524586633333333,0.42655954333333335,3378.0,0.0
0.6403817154547371,0.00194215825,0.11871352725,0.324757732,3378.0,0.0
0.6875383337384462,0.086047103,0.091526671,0.24242077766666667,3378.0,0.0
0.8235252161861057,0.19535854200000002,0.096738377,0.2083960735,3378.0,0.0
0.8456513006633841,0.2618926015,0.1181595115,0.22172458099999998,3378.0,0.0
0.8550255384814174,0.43160202,0.1400923194,0.3412834742,3378.0,0.0
0.8485884989317544,0.304684819,0.130160319,0.3692931643333333,3378.0,0.0
0.8388549134482014,0.1301610675,0.10661539449999999,0.3365919395,3378.0,0.0
0.7755280496674122,0.0340235205,0.11674677,0.3186790485,3378.0,0.0
0.6492115860277956,0.0011132668,0.0771315628,0.2488198018,3378.0,0.0
0.6899589199529919,0.10836545133333335,0.05538253866666667,0.16828456466666664,3378.0,0.0
0.829747335952004,0.3262155495,0.045408920500000005,0.118001093,3378.0,0.0
0.8579151743037714,0.50538119,0.0785098845,0.148573648,3378.0,0.0
0.8679699116823656,0.4768571355,0.11528158275,0.199528968,3378.0,0.0
0.8642664027069361,0.3740602755,0.20386449474999999,0.2882034515,3378.0,0.0
0.8437592056117804,0.14096529,0.214246923,0.29601134949999997,3378.0,0.0
0.7788945706797742,0.014841093,0.231084055,0.316414201,3378.0,0.0
0.657942176057409,0.0,0.16988767066666666,0.324482083,3378.0,0.0
0.65001596688759,0.0215945045,0.0922917085,0.25564539675000003,3378.0,0.0
0.784832095019401,0.1720090095,0.051427675,0.221119441,3378.0,0.0
0.8610378637986645,0.396979195,0.089021461,0.23283557449999998,3378.0,0.0
0.8817120797852263,0.42758412,0.15612785,0.30247876650000005,3378.0,0.0
0.8873508649934608,0.38661112175,0.19405944875,0.38543488974999995,3378.0,0.0
0.8675998403023403,0.29041967733333335,0.16969790799999998,0.4418709333333333,3378.0,0.0
0.8442930482217736,0.1274850885,0.13635294650000002,0.41089186499999997,3378.0,0.0
0.780940145358757,0.016943641500000002,0.174686538,0.4125879405,3378.0,0.0
0.6529136976157071,0.0002864112,0.17221741019999998,0.2627447558,3378.0,0.0
0.6902901859458629,0.063717019,0.140039995,0.18764227200000003,3378.0,0.0
0.8362489975718856,0.357264575,0.0934182485,0.202439519,3378.0,0.0
0.868407551436098,0.584863695,0.078030019,0.208650741,3378.0,0.0
0.8865955551864609,0.6690843682500001,0.04114258975,0.17612714100000001,3378.0,0.0
0.8812227241577941,0.5380639425,0.044850422,0.1807328595,3378.0,0.0
0.8700730049876204,0.3686054435,0.047716439,0.1885716005,3378.0,0.0
0.845869818270506,0.206712742,0.077724178,0.1965984925,3378.0,0.0
0.7456616099639714,0.027036957333333334,0.12423227566666667,0.23527051199999996,3378.0,0.0
0.6435304802412539,0.0010408985,0.12909763175,0.27649168399999996,3378.0,0.0
0.6603403577078967,0.0872444045,0.126907626,0.33170222149999995,3378.0,0.0
0.784193732412213,0.240511096,0.099631717,0.34028964500000003,3378.0,0.0
0.8679735625997181,0.5263240960000001,0.15095542966666667,0.3468799116666667,3378.0,0.0
0.8926139537050499,0.6134090332500001,0.169554931,0.41347781825,3378.0,0.0
0.8840017036316371,0.500005554,0.17366249150000002,0.473619284,3378.0,0.0
0.8742907000857072,0.3417618105,0.1683143335,0.499310335,3378.0,0.0
0.8502515348500959,0.18007114899999999,0.2190138305,0.540816153,3378.0,0.0
0.728537036304737,0.01563655775,0.28299521149999995,0.6353374304999999,3378.0,0.0
0.6339454343279379,0.0012603236666666668,0.21155972366666667,0.5922526960000001,3378.0,0.0
0.6523828626683863,0.20370975874999997,0.15105299849999998,0.54187066975,3378.0,0.0
0.730763363075893,0.5642343445,0.1699513205,0.5364112735,3378.0,0.0
0.7572893455791669,0.7679079069999999,0.2687790095,0.5909446415,3378.0,0.0
0.7570292180621807,0.67704194775,0.3842691805,0.5677192175,3378.0,0.0
0.7525875411491372,0.33686724733333334,0.37299314066666667,0.5749636326666666,3378.0,0.0
0.7412030087003075,0.125741811,0.379380177,0.592418034,3378.0,0.0
0.6978290327320991,0.01210335475,0.418968338,0.6171275445,3378.0,0.0
0.6329315427319211,0.028100063199999997,0.335723927,0.4916118669999999,3378.0,0.0
0.6735512700735153,0.19900368766666668,0.3500219826666666,0.43564338566666666,3378.0,0.0
0.7366082870006259,0.4146177365,0.390706367,0.39123177,3378.0,0.0
0.7424564629817783,0.43937895624999995,0.34225934625,0.3518090405,3378.0,0.0
0.74299155058496,0.3168231045,0.3361947225,0.357028704,3378.0,0.0
0.7436161319745724,0.19409080150000002,0.2880652655,0.29299756899999996,3378.0,0.0
0.7399151374858995,0.085605933,0.2449981785,0.28776320099999997,3378.0,0.0
0.6935582556427573,0.00395434225,0.25762512925000003,0.24930498550000002,3378.0,0.0
0.6482639477090691,0.0072339876,0.20381922240000003,0.24432477879999998,3378.0,0.0
0.7814772761361709,0.1050602005,0.1901793145,0.1857681295,3378.0,0.0
0.8559749658854319,0.29768002466666665,0.20073338433333332,0.17236102200000003,3378.0,0.0
0.8730677943338538,0.47666855,0.2009665125,0.11798518825,3378.0,0.0
0.8711399166253379,0.46460068649999997,0.1854623125,0.13987833900000002,3378.0,0.0
0.8618437533111549,0.27972444150000003,0.14623474,0.108728001,3378.0,0.0
0.8444623403351533,0.1156297275,0.1317738265,0.1295808645,3378.0,0.0
0.7889964300616827,0.0121401865,0.129942236,0.166412507,3378.0,0.0
0.6691656209042027,0.0,0.09515917266666667,0.14012389033333336,3378.0,0.0
0.6599863121672451,0.013591955499999999,0.07625335525,0.14069275225,3378.0,0.0
0.7870843887491764,0.1355979695,0.060503417000000004,0.14235754,3378.0,0.0
0.8614336519841692,0.370848134,0.07543412499999999,0.1343202475,3378.0,0.0
0.8895891597573067,0.6209924005,0.11894291700000001,0.16464079850000002,3378.0,0.0
0.889104542936241,0.5262686910000001,0.144935314,0.2505914235,3378.0,0.0
0.8765298734193925,0.31032043766666667,0.16438799566666665,0.3748276666666667,3378.0,0.0
0.8499220415433294,0.1060362805,0.2056387505,0.415303451,3378.0,0.0
0.7192280056076217,0.0044859658,0.2440879972,0.31617545480000003,3339.6,0.0
0.6599786598819956,0.0212901955,0.17968518500000003,0.198436385,3186.0,0.0
0.7844416016709672,0.144643585,0.1553754815,0.1866938495,3186.0,0.0
0.8492815756425038,0.342693323,0.17958178800000002,0.22305868099999998,3186.0,0.0
0.8540802597558825,0.521360419,0.208564433,0.2627712975,3186.0,0.0
0.8588923063172952,0.5788610486666667,0.18975497133333333,0.28182841799999997,3186.0,0.0
0.8513742483163967,0.373507897,0.13765174725,0.32817002225,3186.0,0.0
0.8332236473966472,0.112594081,0.0963629505,0.3101979615,3186.0,0.0
0.7162981863091546,0.00282509275,0.091281748,0.2856014715,3186.0,0.0
0.639044243828461,0.0,0.084357791,0.23307745566666668,3186.0,0.0
0.6879581061229292,0.07238877433333334,0.07325842666666667,0.20464837333333333,3186.0,0.0
0.8291966172049892,0.304217702,0.047398188,0.18453426299999998,3186.0,0.0
0.8528017939322042,0.48532816999999995,0.048990326,0.203736994,3186.0,0.0
0.8596216333240645,0.5529682942499999,0.075108067,0.264117357,3186.0,0.0
0.8490803932839357,0.28553588,0.12617180275,0.4090740445,3186.0,0.0
0.8328620948019123,0.0864109045,0.151491893,0.3929222965,3186.0,0.0
0.697069184726661,0.0020737895999999997,0.1938181662,0.3989407196,3186.0,0.0
0.6460247438532241,0.01162075775,0.18272285375,0.2915098865,3186.0,0.0
0.777569538391511,0.1350337345,0.148190143,0.2367746835,3186.0,0.0
0.8495733997631234,0.331599851,0.16348409300000002,0.17587206333333336,3186.0,0.0
0.8622863977348113,0.374481875,0.17058502074999998,0.19785905150000002,3186.0,0.0
0.8557666512597127,0.2618187513333333,0.1922993696666667,0.280128551,3186.0,0.0
0.8435798075345655,0.128085768,0.1638650285,0.29521900199999995,3186.0,0.0
0.7939781392268216,0.026782328666666664,0.15466769533333333,0.3258493556666667,3186.0,0.0
0.6594256926101769,0.0,0.15607290000000001,0.3296100635,3186.0,0.0
0.6272069041525713,0.025521866166666667,0.1608149395,0.3325367275,3186.0,0.0
0.6816864709257302,0.2076751885,0.15335538399999998,0.3043052765,3186.0,0.0
0.7245832643145831,0.4265601845,0.14469710349999998,0.30000066049999996,3186.0,0.0
0.7325600046483104,0.5839141317500001,0.1405586605,0.29731016725000003,3186.0,0.0
0.7335700988232319,0.45986269,0.167297263,0.3094363025,3186.0,0.0
0.731968256719306,0.30863965449999997,0.14921601699999998,0.3227467625,3186.0,0.0
0.7279462068939824,0.131563718,0.12859378900000001,0.3184561375,3186.0,0.0
0.6789753577987527,0.002173327,0.13540409525,0.3810011375,3186.0,0.0
0.6147702650190089,0.00361995325,0.113632417,0.44516690300000006,3186.0,0.0
0.6405441288651361,0.096252469,0.093505457,0.39254125,3186.0,0.0
0.7054219650740038,0.273584399,0.1205027365,0.34250134099999996,3186.0,0.0
0.7248589620688362,0.39566480800000003,0.136926949,0.3623046655,3186.0,0.0
0.7269412506159489,0.40603713300000005,0.19613364325,0.47692610925,3186.0,0.0
0.7281466397442825,0.24971204466666666,0.2743392203333333,0.5934571536666666,3186.0,0.0
0.7214981955954478,0.07658229550000001,0.28092534449999995,0.6050999555000001,3186.0,0.0
0.6840741834688705,0.0011909115,0.34929610025,0.57775782075,3186.0,0.0
0.636514559981527,0.001516438,0.40669248975,0.60811052175,3186.0,0.0
0.706493518598915,0.0757083945,0.40241069500000004,0.620708765,3186.0,0.0
0.8176631986711822,0.245467724,0.41478384349999997,0.609242875,3186.0,0.0
0.8345996219763411,0.39582577750000003,0.34741218125000006,0.5756641220000001,3186.0,0.0
0.8358306272191692,0.35422305975,0.2873292665,0.51717941075,3186.0,0.0
0.8286716236598357,0.19326577649999999,0.19665876799999998,0.3961439785,3186.0,0.0
0.8198700868017516,0.09920402950000001,0.124245333,0.30674480000000004,3186.0,0.0
0.7638441496048944,0.0033945275,0.12789359449999999,0.2569905245,3186.0,0.0
0.6495692928566433,0.0,0.11188306399999999,0.20201252633333333,3186.0,0.0
0.6449316115943217,0.019613736,0.07716449275,0.1238684175,3186.0,0.0
0.7752172701245373,0.1975827715,0.039623773,0.06528547,3186.0,0.0
0.8374125227670073,0.3908278345,0.0408771885,0.0535735845,3186.0,0.0
0.8506657463371599,0.5547100725,0.0558204005,0.073581584,3186.0,0.0
0.8574121582879456,0.5292708002500001,0.0801501425,0.15062730149999998,3186.0,0.0
0.8508636163231129,0.39241431800000004,0.080604634,0.237922244,3186.0,0.0
0.8411903781937368,0.2133579665,0.07170583,0.282476572,3186.0,0.0
0.793785572277531,0.038630651333333335,0.13857076366666668,0.43352039833333333,3186.0,0.0
0.667977498639829,0.0,0.17892995599999997,0.5346134536666667,3186.0,0.0
0.659917006890451,0.01847676275,0.16826501225,0.50384517575,3186.0,0.0
0.7870341234160274,0.201838026,0.1286038325,0.5561203055,3186.0,0.0
0.859055972986071,0.545712886,0.1387566875,0.651585545,3186.0,0.0
0.8753057264133646,0.7159012140000001,0.272618217,0.7588710354999999,3186.0,0.0
0.8724175363495592,0.62420506825,0.390612388,0.793247998,3186.0,0.0
0.8588369232582533,0.2648138395,0.3599116535,0.7995824275000001,3186.0,0.0
0.8403871965143727,0.0903165735,0.378474191,0.7619065414999999,3186.0,0.0
0.7989465345511052,0.007842093666666666,0.3956312423333333,0.7820621136666667,3186.0,0.0
0.6717867043194431,0.0,0.375454743,0.7937362406666667,3186.0,0.0
0.6574459779035944,0.00416240425,0.32627086674999994,0.6903912875,3186.0,0.0
0.7772247651130201,0.0699007175,0.31979350500000003,0.5737686565,3186.0,0.0
0.8387966936584534,0.21212479899999998,0.298269838,0.501173796,3186.0,0.0
0.8507966441909078,0.44191375675,0.27249354499999995,0.44885566849999997,3186.0,0.0
0.8502407997479975,0.5081421275,0.303044624,0.4666155705,3186.0,0.0
0.8455911466227787,0.41511058050000005,0.257005928,0.4390622545,3186.0,0.0
0.8378268312716388,0.204673845,0.175912467,0.400025769,3186.0,0.0
0.7860515433970615,0.019015307,0.16550493766666666,0.435972547,3186.0,0.0
0.6651689415992063,0.0,0.160022925,0.5316238360000001,3186.0,0.0
0.6576617635707906,0.01437468575,0.19575017949999998,0.60501339475,3186.0,0.0
0.7790085682897014,0.102447114,0.259411676,0.6970069965,3186.0,0.0
0.8365435779360204,0.217859735,0.3211365785,0.7434260095,3186.0,0.0
0.8395480384381462,0.29327450749999995,0.3744490775,0.7340746920000001,3186.0,0.0
0.842023395136645,0.226528556,0.5281101512499999,0.7508170005000001,3186.0,0.0
0.8331210857243109,0.14232715,0.6335954003333333,0.8841525306666668,3186.0,0.0
0.8191615848225147,0.0405748735,0.654100423,0.8968657755,3186.0,0.0
0.7009494493985989,0.0,0.61824221525,0.84960602875,3186.0,0.0
0.6113571054184542,0.000310508,0.5741562095,0.8016061837499999,3186.0,0.0
0.6251816951600001,0.038816307,0.531098121,0.7255891839999999,3186.0,0.0
0.6756106503064615,0.1721705315,0.5135480450000001,0.6961562965,3186.0,0.0
0.7166149137373727,0.33563613800000003,0.5242977855,0.658958604,3186.0,0.0
0.719385866434219,0.35528514625,0.44167311375,0.55536153775,3186.0,0.0
0.7191867634592796,0.2689692085,0.4310305315,0.619063115,3186.0,0.0
0.7190189220832404,0.1608430885,0.395410359,0.621140716,3186.0,0.0
0.7133701031331734,0.054333294000000004,0.34938138350000003,0.5923204465,3186.0,0.0
0.6709894782330387,0.0,0.3578041665,0.54746986825,3186.0,0.0
0.611054050579622,0.00031083225,0.36209813525,0.599735081,3186.0,0.0
0.6477592973309688,0.0924357435,0.35960074275,0.638261208,3186.0,0.0
0.7148257673132318,0.22685021500000002,0.37386631950000004,0.6189972029999999,3186.0,0.0
0.7180348793883286,0.26589427275,0.3851433555,0.62944500925,3186.0,0.0
0.7184825892900799,0.2016879945,0.385780154,0.5963216225,3186.0,0.0
0.7158999804576707,0.08670328699999999,0.33969910225,0.5089917022499999,3186.0,0.0
0.6788459831995335,0.0,0.364502162,0.4740908155,3186.0,0.0
0.631884756526022,0.0,0.36163270133333336,0.4457464713333333,3186.0,0.0
0.6807468464680038,0.028537164000000004,0.360815492,0.428377866,3186.0,0.0
0.8133863167563138,0.191328482,0.36601628249999996,0.3891254085,3186.0,0.0
0.8300013462456812,0.35359709500000003,0.338177498,0.3290405265,3186.0,0.0
0.8331895893106364,0.3193118563333333,0.26444781300000003,0.21846477500000003,3186.0,0.0
0.8315122321168189,0.18415107074999998,0.2403847415,0.20112791824999998,3186.0,0.0
0.8237391885300211,0.082845197,0.1657301355,0.2166845985,3186.0,0.0
0.7761693136180878,0.012847512666666666,0.12247362866666667,0.2615938036666667,3186.0,0.0
0.6462148205209521,0.0,0.109512799,0.33816635133333334,3186.0,0.0
0.6429531902913164,0.00990045375,0.08131471775,0.3114251155,3186.0,0.0
0.7716838509515557,0.12496459900000001,0.053760757,0.28551574700000004,3186.0,0.0
0.830325439563814,0.27941591233333335,0.045441174,0.24172550366666667,3186.0,0.0
0.8329195732173872,0.374799237,0.042568555,0.28493810199999997,3186.0,0.0
0.8314394816012275,0.28058348466666666,0.035518030666666665,0.2823640836666667,3186.0,0.0
0.8256278501830381,0.176471235,0.043377014500000005,0.28828797500000003,3186.0,0.0
0.7871204615732359,0.0349751525,0.0694161315,0.2397135305,3186.0,0.0
0.6424379355585251,0.0,0.0770609436,0.2600552618,3186.0,0.0
0.6828920816070285,0.055176177,0.06843100333333332,0.26004220299999997,3186.0,0.0
0.8156822752792028,0.2381610445,0.068405927,0.23544060449999998,3186.0,0.0
0.833000584329529,0.47888447275,0.11992701749999998,0.1726625155,3186.0,0.0
0.8343520509203338,0.40515174233333334,0.151345243,0.16858219433333332,3186.0,0.0
0.8261918667325064,0.1629944325,0.173994073,0.1558291035,3186.0,0.0
0.7783600993906946,0.008789488333333333,0.2387334626666667,0.24012068466666667,3186.0,0.0
0.6432611266684455,0.0,0.2710137462,0.28643632319999995,3186.0,0.0
0.7164666683356837,0.0330618285,0.316974455,0.39862617674999995,3186.0,0.0
0.8346815118223142,0.15587483533333332,0.44964758499999996,0.5643806370000001,3186.0,0.0
0.8424115916482812,0.21215831633333335,0.5112182786666667,0.6978043126666668,3186.0,0.0
0.8447085171982036,0.1608205905,0.504213036,0.7755615145,3186.0,0.0
0.8368846762231579,0.10107856966666666,0.5060074786666666,0.7898945803333334,3186.0,0.0
0.8236019078845918,0.019888478,0.553786444,0.8212920655,3186.0,0.0
0.7173506034632233,0.0,0.61683611725,0.84155100375,3186.0,0.0
0.6407585241111874,0.0,0.613757264,0.8155091912500001,3186.0,0.0
0.7082086331408879,0.024452273,0.5640334365,0.7500408890000001,3186.0,0.0
0.8203753513423813,0.12579916,0.535657908,0.7442905129999999,3186.0,0.0
0.8360972101434202,0.253338362,0.503095648,0.7361522924999999,3186.0,0.0
0.8425034022785128,0.415729864,0.44732030666666667,0.720246472,3186.0,0.0
0.8331960124443083,0.37606393225,0.398663455,0.7310805575,3186.0,0.0
0.8187467284539715,0.09065549333333334,0.26110317866666666,0.6433392006666666,3186.0,0.0
0.7581279959366822,0.0,0.2372990845,0.576073896,3186.0,0.0
0.6302298929110287,0.0,0.19792322166666668,0.4998810253333333,3186.0,0.0
0.6115248257685215,0.01342725425,0.19218372425000002,0.41888809024999996,3186.0,0.0
0.6589797521146936,0.276559942,0.23849079099999995,0.3810719353333334,3186.0,0.0
0.7162035309126168,0.5100258225000001,0.38882902750000004,0.4839812625,3186.0,0.0
0.7204482930265308,0.39865932375,0.5969062525,0.7170322625000001,3186.0,0.0
0.7224566462170675,0.09148484450000001,0.5909077859999999,0.86555005875,3186.0,0.0
0.7158508997031192,0.00942434125,0.5609312945,0.8895639725,3186.0,0.0
0.6344241518052424,0.0,0.5393253586666666,0.899532255,3186.0,0.0
0.6150797027479177,0.00297304675,0.5039990350000001,0.8712237257500001,3186.0,0.0
0.6611864305325086,0.169870855,0.5152993946666666,0.8326673480000001,3186.0,0.0
0.7163887559475985,0.39076814000000004,0.583433573,0.7638161975,3186.0,0.0
0.7211755205770713,0.46562636550000003,0.5628116145000001,0.6546046409999999,3186.0,0.0
0.7217677765199721,0.30300639799999995,0.5485844895,0.611993712,3186.0,0.0
0.7217846282550091,0.17914693650000002,0.47334826100000005,0.5952385524999999,3186.0,0.0
0.7188412888205225,0.0477564175,0.4283652625,0.5735020605000001,3186.0,0.0
0.695018432943623,0.0,0.40262290366666664,0.5465284493333332,3186.0,0.0
0.6385739762926761,0.0,0.34950123899999996,0.5649159297499999,3186.0,0.0
0.7144447274707313,0.06010350725,0.29219633600000006,0.551340563,3186.0,0.0
0.8292624769805994,0.19614695,0.29748912,0.493541762,3186.0,0.0
0.8314015226743124,0.30370701899999997,0.25117340200000005,0.4652581895,3186.0,0.0
0.833006652945659,0.41667208575000003,0.2684093235,0.50380615275,3186.0,0.0
0.8275667531607998,0.32317870449999997,0.294628062,0.5331388255,3186.0,0.0
0.8196543254381448,0.159873867,0.2612269775,0.522670909,3186.0,0.0
0.770037054488348,0.005453714666666667,0.30671767,0.556829484,3186.0,0.0
0.6525742531402756,0.0,0.3532918345,0.6365854099999999,3186.0,0.0
0.6333592066591766,0.0,0.33224868074999997,0.6361686317499999,3186.0,0.0
0.7025626912635177,0.06992050500000001,0.313568156,0.5714973165,3186.0,0.0
0.8128388861767197,0.27059814800000004,0.3428377695,0.4995557425,3186.0,0.0
0.830334611036595,0.43647481450000003,0.397091539,0.389903573,3186.0,0.0
0.8334985957738259,0.50818419225,0.36798325750000005,0.33729546174999997,3186.0,0.0
0.8305899754436257,0.3943182185,0.3634832315,0.33759569450000004,3186.0,0.0
0.8254790610500314,0.2406105855,0.25002133800000004,0.2765852645,3186.0,0.0
0.8092767923103874,0.0615069905,0.18259912350000002,0.24186234299999998,3186.0,0.0
0.7006751175651111,0.0,0.16560503149999997,0.267310439,3186.0,0.0
0.6333033201124129,0.0,0.17482826525,0.2533968075,3186.0,0.0
0.7030779895459796,0.049851268500000004,0.2067674465,0.314524953,3186.0,0.0
0.8153757023236033,0.15525735400000001,0.2161447965,0.38174492950000005,3186.0,0.0
0.8335748519756034,0.2675624135,0.303052408,0.528008928,3186.0,0.0
0.8366326967387285,0.316294348,0.47117631225,0.71584904825,3186.0,0.0
0.8329447178881636,0.14139805933333333,0.5024087490000001,0.7987167133333334,3186.0,0.0
0.8247296021108075,0.041606863,0.431525048,0.824454409,3186.0,0.0
0.7818337192702014,0.0006168336666666666,0.37638106500000007,0.812436134,3186.0,0.0
0.6534431817688694,0.0,0.3487328586666667,0.7057365076666667,3186.0,0.0
0.6478704418766035,0.00128043975,0.30125370399999996,0.58996278025,3186.0,0.0
0.7750359618048692,0.092170594,0.2217394105,0.49041546449999995,3186.0,0.0
0.8357034206247645,0.3590256096666667,0.23348850766666665,0.409315884,3186.0,0.0
0.843333679081904,0.51848970375,0.230883511,0.46545025325,3186.0,0.0
0.8414041086824987,0.3486215975,0.2191676235,0.4982542765,3186.0,0.0
0.831546636947159,0.20810361649999998,0.1741855805,0.513070539,3186.0,0.0
0.8191648729899353,0.044329862500000004,0.18619077150000002,0.5018032215,3186.0,0.0
0.710431030995738,0.0,0.17836930875,0.5000522435,3186.0,0.0
0.6378996011776245,0.0,0.15491831225,0.4349647375,3186.0,0.0
0.7066587487658149,0.0288657225,0.1909812475,0.5029500985,3186.0,0.0
0.8170141497658648,0.140592738,0.1989517445,0.496258725,3186.0,0.0
0.8329025198379938,0.2102328785,0.257822147,0.559214412,3186.0,0.0
0.832889923199016,0.252762846,0.28486062624999997,0.64203347175,3186.0,0.0
0.8255654477160238,0.114286677,0.27890503325000005,0.7368172527499999,3186.0,0.0
0.780381568975921,0.00796920325,0.22672566024999996,0.7274055185,3186.0,0.0
0.6301970756528138,0.0,0.20500955166666668,0.5997350793333333,3186.0,0.0
0.6108849882187986,0.00058850425,0.21707692250000002,0.6033453435,3186.0,0.0
0.6576202425117007,0.07812572400000001,0.22145430766666666,0.6990598266666668,3186.0,0.0
0.712885728068866,0.2229933895,0.22542307550000001,0.6646256325,3186.0,0.0
0.717814621073509,0.29190327925000004,0.23929761924999998,0.65106423625,3186.0,0.0
0.7174311754708362,0.21861473725,0.230001403,0.58186130725,3186.0,0.0
0.7156120486503799,0.026283903,0.1690587865,0.47221638050000003,3186.0,0.0
0.6718984856125622,0.0,0.14497074925,0.43166121274999997,3186.0,0.0
0.6099472338255266,0.0,0.10331365225,0.2680769045,3186.0,0.0
0.6227519616122714,0.056495285,0.0822255175,0.2362328855,3186.0,0.0
0.672369079459294,0.2485624605,0.070830719,0.2530621295,3186.0,0.0
0.7121476565912475,0.4466872175,0.090004311,0.278516802,3186.0,0.0
0.7176886915818935,0.570423004,0.109003337,0.31481807675,3186.0,0.0
0.7177955085142809,0.456125422,0.124440823,0.411460434,3186.0,0.0
0.7197917850839384,0.2536076575,0.09804120150000001,0.4058504035,3186.0,0.0
0.7001867191448821,0.0218145924,0.10146284900000002,0.34443062280000003,3186.0,0.0
0.6375837442508476,0.0,0.1025614995,0.296705362,3186.0,0.0
0.6419098278478441,0.00127189575,0.094086894,0.28457395525,3186.0,0.0
0.7868560789273921,0.1669221883333333,0.08041838166666666,0.3076809836666667,3186.0,0.0
0.8247906747680578,0.54319233325,0.1402420085,0.4271666625,3186.0,0.0
0.8232248814797871,0.4106208896666666,0.21635423266666665,0.575540327,3186.0,0.0
0.8168742819197007,0.17573408766666668,0.21941641366666664,0.6892447700000001,3186.0,0.0
0.7795267195380609,0.020227096,0.20811949925,0.65514993575,3186.0,0.0
0.6461913198354907,0.0,0.16333884066666668,0.5314741053333333,3186.0,0.0
0.6429163798975942,0.000865426,0.11423648825,0.44472501825000005,3186.0,0.0
0.7695030022967939,0.065010697,0.09372321950000001,0.4187892125,3186.0,0.0
0.8280508382219517,0.30096643233333337,0.073748368,0.35089691566666664,3186.0,0.0
0.8312920705243818,0.32189643375,0.06524453425,0.24525593525,3186.0,0.0
0.8281231292324305,0.24643737300000002,0.06674094850000001,0.23527637699999998,3186.0,0.0
0.8223849982316807,0.1525930625,0.0729484225,0.1760289235,3186.0,0.0
0.8101762010512065,0.034898633500000005,0.11727008650000001,0.14165570900000002,3186.0,0.0
0.7021409847265723,0.0,0.12943447575,0.129060017,3186.0,0.0
0.6336399696947346,0.0,0.116059897,0.10579092474999999,3186.0,0.0
0.7032984173955548,0.017225848,0.1286165215,0.130160841,3186.0,0.0
0.8133547165798776,0.10155194349999999,0.1610024,0.1674613675,3186.0,0.0
0.8310999304786278,0.25146433733333334,0.26145772500000003,0.20733718133333334,3186.0,0.0
0.8329274228504071,0.223481981,0.36016633899999995,0.253438895,3186.0,0.0
0.8260429644779345,0.10826796533333333,0.382929327,0.30396355333333336,3186.0,0.0
0.8124241427657501,0.014611915,0.41646080100000005,0.3781361135,3186.0,0.0
0.7049149111201025,0.0,0.41981037875,0.4363003845,3186.0,0.0
0.6412844001423056,0.0002678798,0.3377520318,0.4037791156,3186.0,0.0
0.770370835066371,0.022835595,0.283639693,0.320849226,3186.0,0.0
0.8292286767553447,0.08657869,0.26639232333333335,0.26624200533333336,3186.0,0.0
0.8317707154516999,0.159557439,0.226434613,0.21454378666666665,3186.0,0.0
0.826207920581685,0.165603419,0.20947903475000001,0.24508491525,3186.0,0.0
0.8179115516402435,0.096036871,0.18849278,0.241491857,3186.0,0.0
0.7729367450697274,0.0,0.21807395533333332,0.325770882,3186.0,0.0
0.6462546008723445,0.0,0.261714122,0.4369448676666667,3186.0,0.0
0.6429045690418775,0.0007516305,0.26561460049999996,0.50967490925,3186.0,0.0
0.7692240647855089,0.11853015850000001,0.24613616300000002,0.5854763805000001,3186.0,0.0
0.824335119234687,0.3102800765,0.223654552,0.5730972635,3186.0,0.0
0.8267954377182198,0.407576478,0.19295292149999999,0.522413702,3186.0,0.0
0.8281622003519489,0.40033344149999994,0.14164271450000002,0.49807468675,3186.0,0.0
0.8177127629392504,0.19045956875,0.121835792,0.44970892125,3186.0,0.0
0.7694805492567506,0.0,0.1536774393333333,0.4627668016666666,3186.0,0.0
0.6286599732602869,0.0,0.14746052733333334,0.4644465773333333,3578.0,0.0
0.6095122777981212,0.0007089375,0.1353779855,0.39950861024999995,4362.0,0.0
0.6472283074900829,0.1813829055,0.1264438715,0.3773943005,4362.0,0.0
0.698159142385766,0.44812534299999995,0.0978883225,0.321593893,4362.0,0.0
0.7150836461086238,0.6478035449999999,0.104069813,0.23431165650000002,4362.0,0.0
0.714870193684412,0.60293863075,0.09944867525,0.1792438315,4362.0,0.0
0.7146170818035859,0.21649371433333334,0.08412603833333332,0.162931393,4362.0,0.0
0.7122006539627171,0.0201585535,0.10167246099999999,0.1611352625,4362.0,0.0
0.6582341744029507,0.0,0.1058842722,0.11535057879999999,4362.0,0.0
0.622359203733431,0.022409884,0.08873842716666668,0.09197109999999999,4362.0,0.0
0.6982691506647967,0.22444022349999998,0.042788817,0.077240688,4362.0,0.0
0.7157452193325212,0.3963368265,0.064525782,0.0982015845,4362.0,0.0
0.7184697992063374,0.3728882235,0.117074336,0.16853952,4362.0,0.0
0.7162227037880406,0.242797786,0.1338411755,0.260382074,4362.0,0.0
0.7128305463917936,0.06197129766666667,0.21582991333333332,0.3195705596666667,4362.0,0.0
0.6698017607529833,0.0,0.21942020499999998,0.3134201272,4362.0,0.0
0.6451885113584781,0.0,0.185284701,0.3323072955,4362.0,0.0
0.7823644510207426,0.113777088,0.16826770600000002,0.3734759485,4362.0,0.0
0.8304729555298355,0.29353771,0.1274908375,0.366685751,4362.0,0.0
0.8301386995066937,0.4810253895,0.17138288425,0.36298533125,4362.0,0.0
0.8267032723408575,0.349337776,0.167663531,0.385360384,4362.0,0.0
0.8200941651095022,0.13660656599999998,0.1356177805,0.3853930335,4362.0,0.0
0.783520759427323,0.0054788905,0.13424938275,0.389101873,4362.0,0.0
0.6486978979876895,0.0,0.11283553066666667,0.3162026746666667,4362.0,0.0
0.644931140183402,0.0,0.13636774775,0.19943647775,4362.0,0.0
0.7981998157186002,0.10113871066666665,0.11003494400000001,0.14003166233333333,4362.0,0.0
0.8294291578848401,0.29918050350000003,0.086570832,0.1007790915,4362.0,0.0
0.828335709010188,0.3475056676,0.0617698058,0.1128015668,4362.0,0.0
0.8210359654764495,0.14931409333333331,0.056617583666666665,0.170458268,4362.0,0.0
0.7838767029110405,0.00707050725,0.07808196225,0.2228010085,4362.0,0.0
0.6419321100477567,0.0,0.085220167,0.2318200718,4362.0,0.0
0.6891767407075237,0.013865014,0.09404826433333334,0.283641193,4362.0,0.0
0.821369681638481,0.164190304,0.0691070585,0.290410938,4362.0,0.0
0.8294080104821647,0.35143288933333333,0.07466705533333333,0.24844219033333334,4362.0,0.0
0.8283551864971596,0.31632704,0.07584071025,0.21630691549999997,4362.0,0.0
0.8208363868923995,0.15949725766666667,0.07708496100000001,0.195910405,4362.0,0.0
0.7843196254976419,0.00475707275,0.09198870375000001,0.16857125675,4362.0,0.0
0.6466667608122219,0.0,0.06032461628571428,0.163183338,4362.0,0.0
0.7825955167580583,0.0517024535,0.0524313285,0.221825457,4362.0,0.0
0.8297167270077956,0.1740082605,0.0476680005,0.21641109749999998,4362.0,0.0
0.8284893241079395,0.35017006475,0.046729347000000004,0.15410974075,4362.0,0.0
0.825186366132785,0.2705337385,0.046443258,0.15804079799999998,4362.0,0.0
0.8209750701927646,0.15674241433333333,0.06274559766666667,0.23787496,4362.0,0.0
0.8105119320168832,0.009051421,0.10424261900000001,0.35734610899999997,4362.0,0.0
0.7072080890958868,0.0,0.10186169175,0.38511175924999996,4362.0,0.0
0.6352029826326907,0.0,0.07928312125,0.37704157650000003,4362.0,0.0
0.7681851991948542,0.057799057,0.11013754425,0.48611938375,4362.0,0.0
0.829977217012327,0.2226271385,0.11556374050000001,0.455968035,4362.0,0.0
0.8278650811974679,0.440576434,0.118615707,0.38227101525,4362.0,0.0
0.8227211158900967,0.27699058833333334,0.13344311666666667,0.383320973,4362.0,0.0
0.816923942713361,0.06924930550000001,0.170918852,0.438309511,4362.0,0.0
0.7752212433842344,0.0,0.204083054,0.48333107133333336,4362.0,0.0
0.6369945105134146,0.0,0.19637586,0.4853818585,4362.0,0.0
0.6099423063367184,0.0,0.18298033239999997,0.45939339740000007,4362.0,0.0
0.6472678379179235,0.058011612,0.19742390199999998,0.4444517865,4362.0,0.0
0.6981874301895873,0.18709458,0.2088848415,0.4445752475,4362.0,0.0
0.7150688976672246,0.341583837,0.25566509,0.49117009,4362.0,0.0
0.7147886787565645,0.32100036375,0.31970794874999997,0.5952097565,4362.0,0.0
0.7140549835977672,0.18610280099999998,0.3108325845,0.6127558280000001,4362.0,0.0
0.7139078866636743,0.051176439000000004,0.305513164,0.5774409545,4362.0,0.0
0.6776820225667404,0.0,0.2821835346,0.45677526139999997,4362.0,0.0
0.6136359380119633,0.0039211655,0.2150327505,0.3699010105,4362.0,0.0
0.673091120997743,0.1288890035,0.23435044900000002,0.3719884495,4362.0,0.0
0.7136259994641095,0.3007555595,0.267484789,0.372463789,4362.0,0.0
0.7154695456850674,0.42391741675000005,0.31912018675,0.35020020825000003,4362.0,0.0
0.7135602847228755,0.280732182,0.35533888550000003,0.358919639,4362.0,0.0
0.7148517099682619,0.113058208,0.334430318,0.381201548,4362.0,0.0
0.7118327184779056,0.0020265835,0.3547175205,0.4286563805,4362.0,0.0
0.6786308140760281,0.0,0.3540804205,0.48573092225000003,4362.0,0.0
0.6435859873765156,0.0,0.3693913096,0.523933684,4362.0,0.0
0.7982497505754099,0.047706637333333336,0.45889169700000004,0.6226366563333333,4362.0,0.0
0.8294369431018686,0.176731647,0.543874345,0.694954394,4362.0,0.0
0.8282391337087983,0.2144016855,0.52427042175,0.6869801515,4362.0,0.0
0.8232787008439146,0.2099498305,0.5154407165,0.7260052995,4362.0,0.0
0.8203748678288644,0.1224510225,0.5033504520000001,0.715414215,4362.0,0.0
0.7981810861458959,0.0012644289999999999,0.45979012766666666,0.6818290983333334,4362.0,0.0
0.6712829830403456,0.0,0.43065129674999997,0.5926214865,4362.0,0.0
0.6665259785989565,0.0009690046000000001,0.40464917,0.5577328082000002,4362.0,0.0
0.8212734545770259,0.0623609305,0.4205537845,0.625490373,4362.0,0.0
0.8285906767668952,0.1980441785,0.38608644150000004,0.7232048010000001,4362.0,0.0
0.8276741986410799,0.3189737165,0.346943469,0.707049492,4362.0,0.0
0.8252262835485504,0.21070376125,0.41491818975,0.8759354659999999,4362.0,0.0
0.8202199858745334,0.084773227,0.3814335555,0.8941094549999999,4362.0,0.0
0.8100977685466276,0.001111018,0.34394716049999996,0.8634185165,4362.0,0.0
0.7066821164211023,0.0,0.32907087675,0.7602182075,4362.0,0.0
0.6344686951353969,0.0,0.33591841775,0.6845180222499999,4362.0,0.0
0.7684955919465946,0.055174466500000005,0.337294498,0.6867742517500001,4362.0,0.0
0.829151985188052,0.2745862825,0.361464713,0.7162581539999999,4362.0,0.0
0.827234697252073,0.36332348475,0.40627323000000004,0.7270633200000001,4362.0,0.0
0.8230785583247535,0.25293942550000004,0.46763936500000003,0.7549809955,4362.0,0.0
0.8200707128344296,0.103377059,0.4564004685,0.789742597,4362.0,0.0
0.7990127973530413,0.0008261929999999999,0.48550840599999995,0.8071101593333333,4362.0,0.0
0.6711083960898948,0.0,0.542947045,0.83566189275,4362.0,0.0
0.6448195120258555,0.0,0.48322051425,0.82155643425,4362.0,0.0
0.7833714260710236,0.059595048,0.39436072450000004,0.7741234084999999,4362.0,0.0
0.8311205298861981,0.2731178365,0.36259019000000003,0.7167618364999999,4362.0,0.0
0.8277368188564483,0.43526829,0.295476671,0.575993625,4362.0,0.0
0.8265866877925825,0.3928973485,0.25863587725000003,0.55056832425,4362.0,0.0
0.8200086972569449,0.12252092649999999,0.2412632075,0.6299645082499999,4362.0,0.0
0.7464377368940972,0.0,0.260982264,0.6510944439999999,4362.0,0.0
0.6354058452843656,0.0,0.2368529405,0.62208877775,4362.0,0.0
0.7203738136434521,0.0253737065,0.217118387,0.6823184902499999,4362.0,0.0
0.8305975190022907,0.20717324,0.20124916999999998,0.7129068515,4362.0,0.0
0.8276252389125005,0.384531589,0.22301695275,0.6716585289999999,4362.0,0.0
0.8234733310728357,0.28636965175,0.25751077525,0.70462474175,4362.0,0.0
0.816790917262386,0.0464790685,0.2704153815,0.7024161904999999,4362.0,0.0
0.7418385546493895,0.0,0.3388234365,0.6959307115,4362.0,0.0
0.6185468872599617,0.0,0.32525738449999997,0.7076118535,4362.0,0.0
0.6094823337095974,0.0,0.32971057275,0.76599981475,4362.0,0.0
0.66082561924645,0.06437573166666667,0.31737741266666664,0.8526190796666667,4362.0,0.0
0.7145355387675385,0.2342305455,0.3298905485,0.8166231804999999,4362.0,0.0
0.7153903639018092,0.30228972466666665,0.311219878,0.647842534,4362.0,0.0
0.7143717913491846,0.267244128,0.39180233,0.6704229533333333,4362.0,0.0
0.7172570962390967,0.10025577050000001,0.3739681085,0.7117580020000001,4362.0,0.0
0.7185832003779723,0.0,0.402245283,0.7531804423333334,4362.0,0.0
0.6475727544904253,0.0,0.41605207125,0.71750768825,4362.0,0.0
0.6114146603525177,0.0,0.42387095924999996,0.664838242,4362.0,0.0
0.6649307756059452,0.08967606666666667,0.397129169,0.6020260139999999,4362.0,0.0
0.717001852858038,0.302915672,0.405756665,0.5868935475,4362.0,0.0
0.7154733898831929,0.313514233,0.33138658725000003,0.57526421475,4362.0,0.0
0.7145114093373941,0.23084370399999998,0.311070858,0.6030117235000001,4362.0,0.0
0.7157776736440141,0.054668405,0.2853896343333333,0.6786689686666666,4362.0,0.0
0.6952693565502441,0.0,0.3371428205,0.746110867,4362.0,0.0
0.6371022622648398,0.0,0.31331665566666667,0.702962673,4362.0,0.0
0.6753255714650683,0.0010587405,0.25777348225,0.6750761550000001,4362.0,0.0
0.8211291622968369,0.0969169395,0.249595,0.64638531,4362.0,0.0
0.8284405337173255,0.24510575150000002,0.270892009,0.6338743965,4362.0,0.0
0.8277360692825837,0.32415222125,0.31872887875,0.5573996915,4362.0,0.0
0.8228515785423215,0.23740743350000001,0.2820370095,0.47170075899999997,4362.0,0.0
0.8198948929933874,0.085273996,0.25078281199999997,0.4423257895,4362.0,0.0
0.7837953571243685,0.0,0.28917184375,0.524057349,4362.0,0.0
0.6486067643157394,0.0,0.27194408666666664,0.5369883123333333,4362.0,0.0
0.6451826361871128,0.0,0.24163769400000001,0.529908766,4362.0,0.0
0.798238693327757,0.07901356733333333,0.2286583756666667,0.5823026166666666,4362.0,0.0
0.8296502384875025,0.300078141,0.238840466,0.5981150835,4362.0,0.0
0.8309776157277667,0.35673307574999996,0.273481074,0.6537881165,4362.0,0.0
0.8259870012813885,0.272644128,0.2609694553333333,0.744558391,4362.0,0.0
0.8164173242561681,0.0283826455,0.2767980835,0.722579138,4362.0,0.0
0.7497753171527607,0.0,0.31977395000000003,0.6735179055,4362.0,0.0
0.6371502750717843,0.0,0.383921344,0.6612706675,4362.0,0.0
0.7208277975119054,0.010471299,0.41305754625,0.7312511137500001,4362.0,0.0
0.8303677343691649,0.09886595549999999,0.3883883335,0.747095195,4362.0,0.0
0.8290941522878337,0.22705502700000002,0.3784394075,0.6821440555,4362.0,0.0
0.8269055426212376,0.25325031449999996,0.38287639349999997,0.66935000925,4362.0,0.0
0.8211427502664379,0.171081262,0.3125772735,0.63662299,4362.0,0.0
0.8170618521034734,0.030145516,0.3377452745,0.6474072015,4362.0,0.0
0.776815937084213,0.0,0.43820413366666666,0.6747205363333334,4362.0,0.0
0.6464315692137814,0.0,0.62553940175,0.762860073,4362.0,0.0
0.6761699398569757,0.0,0.747133909,0.8917358197499999,4362.0,0.0
0.8215848142574047,0.11792664700000001,0.77644897,0.9128027315,4362.0,0.0
0.8290859803780659,0.293537194,0.7612885005,0.9231346575,4362.0,0.0
0.8270425719655841,0.3374466184,0.7022436653999999,0.9126184874,4362.0,0.0
0.8213752907494984,0.168260393,0.7046759155,0.8738640805,4362.0,0.0
0.8130622070389978,0.010621058333333334,0.6539189639999999,0.8078066296666666,4362.0,0.0
0.706502331454358,0.0,0.594033136,0.7495283640000001,4362.0,0.0
0.6348159224860538,0.0,0.544239192,0.7787372097499999,4362.0,0.0
0.768305724729234,0.055744023749999996,0.5006772979999999,0.90110328425,4362.0,0.0
0.8295949199756457,0.281184519,0.490670417,0.9157969405,4362.0,0.0
0.8281864748164692,0.2968581375,0.52744899625,0.91887988875,4362.0,0.0
0.8221813417611449,0.15523973733333332,0.594245762,0.9283222396666666,4362.0,0.0
0.8170273748543404,0.0033844425,0.6207588100000001,0.9093187615,4362.0,0.0
0.7419967610789329,0.0,0.62955019225,0.8991323167499999,4362.0,0.0
0.6122469236545639,0.0,0.6701891953333333,0.9087071813333334,4362.0,0.0
0.6625523875071663,0.05176431833333334,0.7156970066666667,0.9356924893333334,4362.0,0.0
0.7199953125912977,0.24422228199999998,0.73639447,0.9359686365,4362.0,0.0
0.7211759315734,0.35105652125,0.77059436725,0.9345406225,4362.0,0.0
0.7255543759911721,0.19743092233333334,0.7989038006666668,0.9337231176666666,4362.0,0.0
0.733020854821962,0.012440353,0.7395603900000001,0.9346156525,4362.0,0.0
0.6993850220310935,0.0,0.7082314795,0.931938809,4362.0,0.0
0.6128041300496373,0.0,0.6469112246666666,0.9119088685,4362.0,0.0
0.6652134285161709,0.069820959,0.5935142116666666,0.872652885,4362.0,0.0
0.7260626708384661,0.2597825735,0.6353217440000001,0.825883625,4362.0,0.0
0.7219812891619849,0.32926809900000004,0.5656710216666667,0.7130176846666667,4362.0,0.0
0.7223220128917786,0.21769807325000004,0.5785501967500001,0.655303363,4362.0,0.0
0.7361186411076518,0.011017927,0.5522934225,0.6196027735,4362.0,0.0
0.7065820088537303,0.0,0.5807592677500001,0.6771511825,4362.0,0.0
0.6407597693011662,0.0,0.614118263,0.78306221825,4362.0,0.0
0.7330368846627364,0.01326677825,0.62855575725,0.84599121325,4362.0,0.0
0.8378494613572638,0.2312704075,0.623881836,0.862743129,4362.0,0.0
0.8384740669520707,0.3921813875,0.6963000045,0.8519158794999999,4362.0,0.0
0.8374095007583295,0.42044193475,0.72039041025,0.8603573824999999,4362.0,0.0
0.8341285202141079,0.27587498850000003,0.6535122685,0.8972504244999999,4362.0,0.0
0.8278829969771062,0.0106117195,0.5965236165,0.8759545985,4362.0,0.0
0.7597147270132687,0.0,0.5468116455,0.8437195120000001,4362.0,0.0
0.6649235223128221,0.0,0.47509480800000004,0.788199085,4362.0,0.0
0.6782258384449381,0.0,0.43088676024999994,0.71989159475,4362.0,0.0
0.8086077159354123,0.08322290166666667,0.4052739756666666,0.6510034876666667,4362.0,0.0
0.8390444660964302,0.348545879,0.42082816300000003,0.6047334074999999,4362.0,0.0
0.8345532493501013,0.338857842,0.56402780875,0.6817172737499999,4362.0,0.0
0.830722565725876,0.19366701933333333,0.59531279,0.8223169776666667,4362.0,0.0
0.827020676694559,0.0037024895,0.5870793775,0.8623699185,4362.0,0.0
0.7478244583833015,0.0,0.6022777845,0.8897405862500001,4362.0,0.0
0.6431262540528352,0.0,0.6370860815,0.9101335271666665,4362.0,0.0
0.8008770235671555,0.008072749,0.7493265763333333,0.9084636983333333,4362.0,0.0
0.8367580822038414,0.08043201650000001,0.7697770955000001,0.8378135025,4362.0,0.0
0.8300592760650722,0.28446304225,0.7301335775,0.835175609,4362.0,0.0
0.8228911331753567,0.18661102100000002,0.720354575,0.9006127823333333,4362.0,0.0
0.8174514992540551,0.003221011,0.768191011,0.9175945905,4362.0,0.0
0.7471085580765656,0.0,0.81674487125,0.93265824825,4362.0,0.0
0.6355406114430384,0.0,0.8252699845,0.9331262135,4362.0,0.0
0.6581280055006858,0.0,0.785182419,0.926678808,4362.0,0.0
0.800616001573122,0.06258576133333334,0.6331646393333333,0.904605938,4362.0,0.0
0.8328354027698077,0.275896048,0.5052255635,0.8685552114999999,4362.0,0.0
0.8281037872158312,0.340023975,0.309673213,0.7206180194999999,4362.0,0.0
0.8237736175655557,0.2227118175,0.20973338149999998,0.655638909,4362.0,0.0
0.8230054934696189,0.047580347,0.1915989835,0.644144228,4362.0,0.0
0.783698900211962,0.0,0.2089643125,0.60698143975,4362.0,0.0
0.644914505901534,0.0,0.27456881650000003,0.661077102,4362.0,0.0
0.6766545447722344,0.0,0.32415487000000004,0.7362561355000001,4362.0,0.0
0.8263720867039839,0.109410648,0.33246580950000004,0.7318644304999999,4362.0,0.0
0.8387701143215357,0.4329702246666667,0.32077941233333335,0.6337216103333333,4362.0,0.0
0.8373919476630265,0.53187122975,0.3446748765,0.5918294,4362.0,0.0
0.8340518771228007,0.2762989445,0.3230692195,0.6153885045,4362.0,0.0
0.8275514245818963,0.0036820995,0.2660496285,0.5916184904999999,4362.0,0.0
0.8004443562425528,0.0,0.22510579749999998,0.501248735,4362.0,0.0
0.68370160580168,0.0,0.19056663075000002,0.35501167425,4362.0,0.0
0.6491672345746439,0.0,0.21568747475,0.29600189224999995,4362.0,0.0
0.6792268940788575,0.031457392333333334,0.3677760116666667,0.4520378693333334,4362.0,0.0
0.7357184284881224,0.16856748700000002,0.4208263545,0.617438546,4362.0,0.0
0.7335178751324261,0.19384847875,0.5358922374999999,0.8263159295,4362.0,0.0
0.728600260961199,0.07902242550000001,0.61450738,0.907258906,4362.0,0.0
0.7341190041485708,0.019699711,0.6062160409999999,0.9130430705,4362.0,0.0
0.7196467673366841,0.0,0.6155954250000001,0.9175381600000001,4362.0,0.0
0.6382861294003559,0.0,0.603864332,0.9142708454999999,4362.0,0.0
0.6139388759246195,0.0,0.5412359193333334,0.9041153696666666,4362.0,0.0
0.6796468922472944,0.0683826135,0.46342523150000003,0.882532721,4362.0,0.0
0.7284855861962001,0.255891535,0.4575067215,0.85978227,4362.0,0.0
0.7239146796527164,0.3695215213333333,0.4138177143333334,0.8047257416666667,4362.0,0.0
0.7199504871295958,0.2797418775,0.3719710675,0.8025121355,4362.0,0.0
0.7262761838740592,0.132042972,0.32355947949999997,0.8002853784999999,4362.0,0.0
0.7336217664833329,0.001426003,0.31981021249999997,0.7962419624999999,4362.0,0.0
0.713127383578719,0.0,0.296412943,0.719212641,4362.0,0.0
0.6739394182075611,0.0,0.244818344,0.531781513,6041.5,0.0
0.6891321489013836,0.0,0.21247884549999999,0.3798723585,7721.0,0.0
0.8148669079571897,0.0087464755,0.198657333,0.2851987045,7721.0,0.0
0.8387582510868281,0.165421543,0.187538443,0.1951952865,7721.0,0.0
0.8336474817276098,0.334265119,0.1679481555,0.117726311,7721.0,0.0
0.8307138134490155,0.38193206550000003,0.15050531175,0.09792330925,7721.0,0.0
0.8299835999024036,0.1727708195,0.149797662,0.1443844695,7721.0,0.0
0.8307054477992976,0.0013025,0.156900862,0.1626332145,7721.0,0.0
0.7999942168346119,0.0,0.132415248,0.204264174,7721.0,0.0
0.706381503650234,0.0,0.10613691450000001,0.218947997,7721.0,0.0
0.6907735457367399,0.0,0.0782544335,0.25028628575,7721.0,0.0
0.8058398419556192,0.01827246625,0.10463981049999999,0.3605224725,7721.0,0.0
0.8402927584726088,0.15482250349999999,0.130125957,0.428517566,7721.0,0.0
0.8371953591748437,0.22473306424999998,0.18239615075,0.49156574325,7721.0,0.0
0.8329688955319067,0.09567420166666667,0.2085552013333333,0.5769117853333333,7721.0,0.0
0.8195673945488595,0.0002647395,0.2040733135,0.637482229,7721.0,0.0
0.7338040416332444,0.0,0.2041897695,0.6963625935,7721.0,0.0
0.6739892967495758,0.0,0.238435522,0.7958554567499999,7721.0,0.0
0.712807706659011,0.0,0.248134011,0.8655259415000001,7721.0,0.0
0.8250172839945465,0.045356869333333334,0.22486523400000002,0.864090307,7721.0,0.0
0.8390966416720327,0.30241928549999997,0.18505070299999998,0.8114584315,7721.0,0.0
0.8337331673285214,0.35968200075,0.1702772955,0.7455142,7721.0,0.0
0.8311192243800236,0.26934867949999997,0.1872949955,0.6932323499999999,7721.0,0.0
0.8317343198917153,0.03852728033333334,0.205344559,0.6537681513333333,7721.0,0.0
0.777407342532676,0.0,0.2349460505,0.6179743532499999,7721.0,0.0
0.6902520580089659,0.0,0.20116042475,0.550215737,7721.0,0.0
0.7768149296495921,0.0031248735,0.107158724,0.3734455925,7721.0,0.0
0.8422514870788816,0.1833502255,0.043006393,0.1924381245,7721.0,0.0
0.8383819500506937,0.3677144915,0.0465913855,0.127027617,7721.0,0.0
0.8337039608424585,0.36650278,0.12395539633333334,0.2427792493333333,7721.0,0.0
0.8274030382128285,0.12292818500000001,0.22458841733333332,0.47581880066666665,7721.0,0.0
0.8218175969891994,0.0,0.310225902,0.6441682015,7721.0,0.0
0.7621957653399731,0.0,0.366360037,0.78245386525,7721.0,0.0
0.668604981241736,0.0,0.49719800599999997,0.898217452,7721.0,0.0
0.7510180606357224,0.0005994115,0.53624939075,0.9274150432499999,7721.0,0.0
0.822294380281243,0.1129979395,0.4961102785,0.9065603555,7721.0,0.0
0.8179035729784503,0.29344295,0.4648639275,0.865247868,7721.0,0.0
0.8174971708152139,0.36974653975,0.52944529,0.82735862425,7721.0,0.0
0.8188727586037734,0.134453286,0.49149666449999996,0.83027865,7721.0,0.0
0.7984438487623514,0.0,0.5169746204,0.8457317152,7721.0,0.0
0.6570887893282933,0.0,0.48939169800000004,0.8161704962499999,7721.0,0.0
0.6477821773073469,0.0,0.4394765583333333,0.7070900800000001,7721.0,0.0
0.6984520304197938,0.038794990333333335,0.399658652,0.5995361706666666,7721.0,0.0
0.7515901884835776,0.303071315,0.33975948499999997,0.46535995750000003,7721.0,0.0
0.7462039954988523,0.4474237566666666,0.26314653066666666,0.312352633,7721.0,0.0
0.7432097781233298,0.346526735,0.2122634215,0.2921260785,7721.0,0.0
0.7530685313564398,0.1457692785,0.1962773615,0.23683500400000002,7721.0,0.0
0.7557524566384084,0.0,0.22448931100000002,0.168065714,7721.0,0.0
0.6817134409239897,0.0,0.23592388375,0.29189234125,7721.0,0.0
0.6540513747331681,0.0,0.258988876,0.38237031675,7721.0,0.0
0.7086078383257964,0.05151995166666667,0.24075743400000002,0.4858074493333333,7721.0,0.0
0.7630741394716988,0.360597546,0.1531203135,0.47240816399999996,7721.0,0.0
0.7558238895124297,0.49883449049999995,0.105719444,0.373340862,7721.0,0.0
0.757464657701498,0.335747257,0.1164215685,0.259482485,7721.0,0.0
0.7743732685167609,0.027557570666666666,0.16036422033333333,0.18623638433333334,7721.0,0.0
0.7445793939197464,0.0,0.25810744625000004,0.28270929975,7721.0,0.0
0.6766254952919513,0.0,0.442189505,0.5752953525,7721.0,0.0
0.7553895620329172,0.00042515375,0.61881988875,0.8482312335,7721.0,0.0
0.8372268868340919,0.0497910315,0.6876908225,0.9245612055,7721.0,0.0
0.8333014995669318,0.10730875075000001,0.619624806,0.9305423185,7721.0,0.0
0.8274430440857881,0.182281803,0.4933191846666667,0.9058163133333333,7721.0,0.0
0.8240534980954701,0.0198900865,0.47468953700000005,0.8698827419999999,7721.0,0.0
0.7906519707989496,0.0,0.498783537,0.84597073975,7721.0,0.0
0.6766391435777479,0.0,0.505235235,0.85686078575,7721.0,0.0
0.6879956622203087,0.0,0.4848089393333333,0.8535383739999999,7721.0,0.0
0.8152261153047384,0.04230035025,0.52460295,0.866259135,7721.0,0.0
0.819008330585509,0.18581434966666666,0.520504309,0.8665462613333332,7721.0,0.0
0.8145677578294689,0.18461873575,0.53781559125,0.893799649,7721.0,0.0
0.8129848708526127,0.0074550685,0.5641900049999999,0.8852659359999999,7721.0,0.0
0.7866454553950765,0.0,0.56897650975,0.8388970625000001,7721.0,0.0
0.6864749038441077,0.0,0.5744670845,0.8161063355,7721.0,0.0
0.6682823909415396,0.0,0.5526476152500001,0.80446806775,7721.0,0.0
0.7911260221510675,0.032316683250000006,0.459301949,0.7321292747500001,7721.0,0.0
0.8190867791612875,0.292902066,0.327344108,0.5660973334999999,7721.0,0.0
0.812063774749613,0.42039273899999996,0.21621045100000003,0.34316736875,7721.0,0.0
0.8089776178790771,0.175748723,0.16855731499999999,0.324709966,7721.0,0.0
0.8182277793197535,0.01323432,0.21669459266666666,0.3396359543333333,7721.0,0.0
0.7630457791506895,0.0,0.18536919950000003,0.349517575,7721.0,0.0
0.6789567248828341,0.0,0.13175334333333333,0.45229425883333335,7721.0,0.0
0.8160429896132904,0.027809614666666666,0.12607195633333332,0.45796641666666665,7721.0,0.0
0.8202147634562552,0.178103413,0.1101406025,0.47251912,7721.0,0.0
0.8112395826663498,0.3479505585,0.1026187285,0.52816442425,7721.0,0.0
0.8083580172493794,0.263787891,0.2030812965,0.7402459345,7721.0,0.0
0.8121343009127964,0.023635439,0.2970516885,0.8144808195,7721.0,0.0
0.7879682753679322,0.0,0.30566683325,0.8141322275,7721.0,0.0
0.6804073276189965,0.0,0.25552775699999997,0.7901251129999999,7721.0,0.0
0.6820467663262844,0.0,0.22233486025000002,0.742987818,7721.0,0.0
0.8165803299066685,0.06073540275,0.192948029,0.72836838,7721.0,0.0
0.8124723772240545,0.28996682349999997,0.13607270675,0.6005514765,7721.0,0.0
0.8068529177972278,0.21707744866666667,0.18390464799999998,0.610334885,7721.0,0.0
0.8116555351562966,0.015262478,0.286314511,0.6638441294999999,7721.0,0.0
0.7887286747598266,0.0,0.31050244950000006,0.67928546025,7721.0,0.0
0.66898111323509,0.0,0.33998917650000005,0.6455497135,7721.0,0.0
0.6423719233098695,0.0,0.41583231475,0.6801322795,7721.0,0.0
0.6773033037071947,0.00935777125,0.49908459150000006,0.77058251225,7721.0,0.0
0.7264930813074798,0.0984301815,0.4999642245,0.819134476,7721.0,0.0
0.7237099141775787,0.1466929874,0.44423565859999997,0.8308212667999999,7721.0,0.0
0.7260082469348501,0.048812222,0.4498321985,0.850384723,7721.0,0.0
0.7283457911624089,0.0,0.457961961,0.86329782,7721.0,0.0
0.7094478346954685,0.0,0.50312484225,0.880031238,7721.0,0.0
0.6449873048734317,0.0,0.5291817917999999,0.8840454504,7721.0,0.0
0.65419418006662,0.0,0.523970069,0.8775258785,7721.0,0.0
0.7113938134287959,0.084749957,0.5510186570000001,0.902485833,7721.0,0.0
0.7265239564104311,0.32033842225,0.5046595905,0.89869700475,7721.0,0.0
0.7236143689548021,0.2534269395,0.5972353765,0.909446601,7721.0,0.0
0.7300236960233477,0.0780394825,0.638949098,0.920479515,7721.0,0.0
0.7331742742315406,0.0,0.6367248555,0.92689924025,7721.0,0.0
0.6879983982600302,0.0,0.53579079675,0.9093047095,7721.0,0.0
0.6820115757126832,0.0,0.47365575875,0.87223762775,7721.0,0.0
0.8149294474229801,0.02269241766666667,0.34781284666666673,0.8384079696666666,7721.0,0.0
0.8179712703809305,0.22802089250000002,0.2356467685,0.7125470629999999,7721.0,0.0
0.8102704776594112,0.3562160683333333,0.12980346433333334,0.5327177296666666,7721.0,0.0
0.8083930666332152,0.17592576166666665,0.10125896499999999,0.4724211493333333,7721.0,0.0
0.8172647508661497,0.0078006975,0.1141616875,0.491848321,7721.0,0.0
0.7923715098733422,0.0,0.10320985325000001,0.46384772325,7721.0,0.0
0.6807800828893407,0.0,0.11505503900000001,0.35902440666666663,7721.0,0.0
0.6831726108230328,0.0,0.15002114275,0.2371405215,7721.0,0.0
0.8217062346952106,0.0594338895,0.18051505350000002,0.2126501955,7721.0,0.0
0.8196664142600162,0.35058669124999997,0.146476521,0.14204146275,7721.0,0.0
0.8142745392207068,0.21914547799999998,0.14430723033333334,0.120934072,7721.0,0.0
0.8236205246309158,0.00505422,0.174619901,0.1476032115,7721.0,0.0
0.7943818456267302,0.0,0.19244833725,0.15062204025,7721.0,0.0
0.6771854376939478,0.0,0.23875652874999997,0.2338640545,7721.0,0.0
0.6878808506205254,0.0,0.27562444933333335,0.37632478999999996,7721.0,0.0
0.8194754591864404,0.01545420825,0.264784432,0.49488178075,7721.0,0.0
0.8182981200081754,0.11727895466666667,0.23000594933333332,0.5124667703333334,7721.0,0.0
0.8120139688231814,0.16073909775,0.21924454925,0.5253708134999999,7721.0,0.0
0.8191737218579848,0.002859417,0.22122757399999998,0.5228434865,7721.0,0.0
0.7916738756327973,0.0,0.23341303,0.51174510125,7721.0,0.0
0.6874860132596613,0.0,0.270950474,0.4435099465,7721.0,0.0
0.6792188800210675,0.0,0.27289231760000005,0.361726528,7721.0,0.0
0.8161579141706475,0.011920331,0.3229356346666667,0.439565807,7721.0,0.0
0.8306912314785939,0.263733155,0.320856585,0.4848712845,7721.0,0.0
0.8210914773674743,0.3778453453333333,0.3277623253333333,0.41956669033333327,7721.0,0.0
0.8209568884839719,0.22566332633333333,0.4062065096666667,0.4873490086666667,7721.0,0.0
0.8333697288933177,0.0044237865,0.464422757,0.547679578,7721.0,0.0
0.8065878742643018,0.0,0.49591111625,0.52873345375,7721.0,0.0
0.7063170378707907,0.0,0.5012727549999999,0.4452694693333333,7721.0,0.0
0.7184437115169313,0.0,0.45117012075,0.37486895025,7721.0,0.0
0.835390739039028,0.04505575125,0.344834058,0.3401033375,7721.0,0.0
0.8370759698086728,0.2324342375,0.213447626,0.29628128750000005,7721.0,0.0
0.8309073314197368,0.22796134825,0.15824323075,0.22462786975000001,7721.0,0.0
0.8337029936842314,0.033163987500000006,0.129726306,0.1882710045,7721.0,0.0
0.8292562393216891,0.0,0.10413500333333332,0.20775273900000002,7721.0,0.0
0.788604655412269,0.0,0.098402604,0.233283202,7721.0,0.0
0.6755538247096706,0.0,0.07898202966666666,0.2210814796666667,7721.0,0.0
0.6542536571489438,0.0,0.07081179400000001,0.22586156625,7721.0,0.0
0.7036399105750233,0.005426216,0.107684252,0.24046607,7721.0,0.0
0.7568546555137144,0.11537146549999999,0.1063268985,0.2219246865,7721.0,0.0
0.7498652337626112,0.2598069798,0.097071507,0.15436722799999997,7721.0,0.0
0.7661390442799723,0.024006307,0.1286750875,0.1801193015,7721.0,0.0
0.7378723432556261,0.0,0.25999489524999997,0.2294527345,7721.0,0.0
0.6695582497542697,0.0,0.4139575506666667,0.40543403566666664,7721.0,0.0
0.6679145158713189,0.0,0.50512879925,0.59323555875,7721.0,0.0
0.7188285232371595,0.008443375,0.5344097025000001,0.7100780609999999,7721.0,0.0
0.7551047734570662,0.116401876,0.5336868785,0.7646616390000001,7721.0,0.0
0.7483006332984475,0.16365759333333332,0.5500711436666667,0.8288235403333334,7721.0,0.0
0.7435543702564433,0.0623310295,0.5352944975,0.8648870155,7721.0,0.0
0.7395875222791872,0.0,0.5344782083333334,0.8599252316666668,7721.0,0.0
0.7119776233003847,0.0,0.5695688323333333,0.8587381770000001,7721.0,0.0
0.6788771159008539,0.0,0.5382750935,0.8658666255000002,7721.0,0.0
0.8185028404577156,0.010383138333333333,0.6036375669999999,0.8619381666666667,7721.0,0.0
0.8355942183327888,0.241457297,0.599501214,0.8977708225000001,7721.0,0.0
0.8331361242672607,0.381344679,0.60195427225,0.8967489975,7721.0,0.0
0.8317412187656914,0.187695153,0.6236098430000001,0.9159281815,7721.0,0.0
0.8340744107812283,0.00143576,0.575600734,0.9066332644999999,7721.0,0.0
0.800720682741489,0.0,0.5114977792500001,0.8821001607500001,7721.0,0.0
0.6839876678725,0.0,0.4003247813333333,0.8111124799999999,7721.0,0.0
0.66575968229038,0.0,0.317113702,0.7503174770000001,7721.0,0.0
0.7305381160967523,0.0,0.2546853746666667,0.6807784223333333,7721.0,0.0
0.8312980907301232,0.00464702,0.23145673700000002,0.6046359655,7721.0,0.0
0.8353368228541233,0.1770458155,0.2250803265,0.5861054305,7721.0,0.0
0.8341615954314743,0.27400387724999997,0.28085789024999996,0.6433703685000001,7721.0,0.0
0.8331399442601919,0.1498892865,0.36515893050000003,0.677459641,7721.0,0.0
0.833942207322911,0.000964172,0.418660602,0.6881976439999999,7721.0,0.0
0.8042247865706298,0.0,0.45671736825,0.699417699,7721.0,0.0
0.6958214613890195,0.0,0.45465453266666667,0.7271762023333334,7721.0,0.0
0.8111928593599771,0.00682488325,0.41205399475,0.7127459025,7721.0,0.0
0.8421732966262465,0.2153476915,0.377109026,0.6687885695,7721.0,0.0
0.838378790977643,0.3826895696666666,0.359256465,0.6247679456666667,7721.0,0.0
0.8363178553805676,0.24383194333333336,0.36596754033333334,0.611590589,7721.0,0.0
0.8393604198439846,0.0008856345,0.338491853,0.59299848,7721.0,0.0
0.8083441876214152,0.0,0.26470082675,0.55334526825,7721.0,0.0
0.6904934556580627,0.0,0.19434122566666667,0.5046440613333334,7721.0,0.0
0.6861158656377342,0.0,0.19365024275,0.5622425795,7721.0,0.0
0.8261056734128838,0.035523614,0.24264471475,0.59698648775,7721.0,0.0
0.8361323161372363,0.3524483295,0.20625043425,0.6171168687499999,7721.0,0.0
0.8346065609955176,0.21028646166666665,0.19823091033333332,0.6657099916666667,7721.0,0.0
0.8373598156610798,0.000581441,0.206828071,0.708616047,7721.0,0.0
0.8102765020633435,0.0,0.16693519,0.6124386365,7721.0,0.0
0.7066283332270135,0.0,0.11416756959999999,0.46263039600000005,7721.0,0.0
0.7600246037811096,0.0,0.08588954566666666,0.43962776100000006,7721.0,0.0
0.8437008892964404,0.06713373675,0.06777319,0.33447403275,7721.0,0.0
0.8407899963346368,0.27327745675,0.064298115,0.33666111575,7721.0,0.0
0.8411043058016907,0.04989332825,0.1349064205,0.45208882149999996,7721.0,0.0
0.8127117722049015,0.0,0.19769591275,0.55663100425,7721.0,0.0
0.6990634834761114,0.0,0.25965867249999997,0.6234204569999999,7721.0,0.0
0.6790412419173105,0.0,0.2959537288,0.6975678538000001,7721.0,0.0
0.7176890946082192,0.001538895,0.37013205200000004,0.7742108256666667,7721.0,0.0
0.7817538200882759,0.1271911445,0.43915950049999997,0.8496256265,7721.0,0.0
0.7845667089731351,0.22848822275000003,0.4507923685,0.90023948825,7721.0,0.0
0.7912532450462605,0.0839281925,0.360432862,0.892046222,7721.0,0.0
0.7981006229632626,0.0,0.3549752565,0.8757664035,7721.0,0.0
0.7747459268023358,0.0,0.3240654095,0.84653088525,7721.0,0.0
0.6997792870276665,0.0,0.293289474,0.8267393326666667,7721.0,0.0
0.6890801912709257,0.0,0.24705164775,0.7871007475,7721.0,0.0
0.7184349108624806,0.03235979525,0.19398036625,0.7511271464999999,7721.0,0.0
0.7868730032780121,0.316139234,0.1471170536666667,0.641949046,7721.0,0.0
0.7879054133958053,0.23901287724999998,0.1049782705,0.57244289125,7721.0,0.0
0.7995845505451575,0.0,0.126121143,0.595336116,7721.0,0.0
0.7911535604794192,0.0,0.1422838965,0.5785549525,7721.0,0.0
0.7419866548199123,0.0,0.1635355265,0.5855468075,7721.0,0.0
0.7083276065909748,0.0,0.1776509554,0.6098940411999999,7721.0,0.0
0.8043421329265602,0.0016314839999999999,0.20335889933333332,0.6707771733333333,7721.0,0.0
0.8512843075210309,0.130664888,0.22540687999999998,0.701909384,7721.0,0.0
0.8496193374174287,0.27011952,0.2664798136666666,0.7217055146666667,7721.0,0.0
0.8479997246338371,0.08681613625,0.337505786,0.7375846615000001,7721.0,0.0
0.8441833624162811,0.0,0.3856246586666667,0.7613229733333333,7721.0,0.0
0.786234592490024,0.0,0.425885506,0.78049946775,7721.0,0.0
0.6941685115915013,0.0,0.45900403475,0.83303351625,7721.0,0.0
0.770565029896979,0.0,0.49895811700000003,0.8701320665000001,7721.0,0.0
0.8414734502670844,0.0393731025,0.5394243734999999,0.9188847849999999,7721.0,0.0
0.8372581728677752,0.04198471733333333,0.537788845,0.9312770116666668,7721.0,0.0
0.8315953308121808,0.01782904375,0.5460611202500001,0.924240922,7721.0,0.0
0.8230791868726464,0.0,0.5053276545000001,0.87013565075,7721.0,0.0
0.7730068281597798,0.0,0.46069044049999996,0.8704484425,7721.0,0.0
0.6781651887882186,0.0,0.43735628875,0.88313676125,7721.0,0.0
0.6891771756138616,0.0,0.47252139499999996,0.8845028566666667,7721.0,0.0
0.8243351919486652,0.012017588249999999,0.48520748875,0.8881722472500001,7721.0,0.0
0.835983849149784,0.062829728,0.4941618346666667,0.9054935966666667,7721.0,0.0
0.8355116111865435,0.03954677,0.5090882213333333,0.9133691703333334,7721.0,0.0
0.8345926831539549,0.0,0.489532224,0.8832579665,7721.0,0.0
0.8214352394395322,0.0,0.42663286875000006,0.78880713325,7721.0,0.0
0.744905316763553,0.0,0.3715100983333333,0.6547452610000001,9883.0,0.0
0.7254733646822401,0.0,0.34273924475,0.62126436325,14207.0,0.0
0.8575678543633263,0.0007225313333333334,0.32546115366666667,0.641343562,14207.0,0.0
0.876204313161526,0.114898093,0.30131990500000005,0.615878599,14207.0,0.0
0.8702670548822473,0.28343933400000004,0.24494834333333335,0.5562026676666667,14207.0,0.0
0.8725256829933153,0.09545892025,0.2554126895,0.5855376409999999,14207.0,0.0
0.8703212449991079,0.0,0.29721831200000004,0.6315618866666667,14207.0,0.0
0.8079843192227928,0.0,0.29434022366666673,0.5805260076666666,14207.0,0.0
0.7162609406155142,0.0,0.29479422475,0.5619326717500001,14207.0,0.0
0.720506476508487,0.0,0.323216293,0.5822952955,14207.0,0.0
0.8495738350630417,0.00035432733333333336,0.33394116133333335,0.6320527459999999,14207.0,0.0
0.8732183727817371,0.0321710765,0.332038441,0.710666424,14207.0,0.0
0.8691310919254862,0.0414629775,0.31839636125,0.7459022614999999,14207.0,0.0
0.8687556612923983,0.008235203,0.285983757,0.807888789,14207.0,0.0
0.874412394488267,0.0,0.272235167,0.8382258879999999,14207.0,0.0
0.8203681826690435,0.0,0.27075219425,0.7897192595,14207.0,0.0
0.7115142021283911,0.0,0.2983982755,0.7534686585,14207.0,0.0
0.6946456214568788,0.0,0.31857441825,0.6959438097499999,14207.0,0.0
0.7521599351700353,0.01424859925,0.34798555,0.6829278015,14207.0,0.0
0.7976868463825364,0.24291377274999998,0.28763984200000003,0.57827474375,14207.0,0.0
0.7997946059769694,0.09934672833333334,0.2684840826666666,0.49342007066666665,14207.0,0.0
0.8259029532373123,0.0,0.2878627138,0.522713016,14207.0,0.0
0.7530309350810613,0.0,0.29110896525,0.46972087149999997,14207.0,0.0
0.7114702470041389,0.0,0.27543153233333334,0.5038181126666667,14207.0,0.0
0.7396892455596829,0.00035670125,0.30387143325,0.563427995,14207.0,0.0
0.8044483694590565,0.054786916000000005,0.3274062565,0.6079063655,14207.0,0.0
0.8059839527952456,0.10810006625,0.31436188049999997,0.6615538445,14207.0,0.0
0.8110366110913003,0.036100095,0.32886405500000004,0.6967721005,14207.0,0.0
0.828590451245328,0.0,0.3283913373333333,0.731622019,14207.0,0.0
0.7913068105510322,0.0,0.29799383199999996,0.6982420645,14207.0,0.0
0.7196716341397008,0.0,0.26019766824999996,0.5940902745000001,14207.0,0.0
0.7521698801922866,0.0,0.24586394,0.575517152,14207.0,0.0
0.8731075666168481,0.018833863000000003,0.2123328475,0.5329308265,14207.0,0.0
0.8723489121636409,0.10004761466666667,0.149048654,0.419192794,14207.0,0.0
0.8721574250677643,0.03932988366666667,0.17683976833333334,0.40173944933333333,14207.0,0.0
0.8773003832029012,0.0,0.193832746,0.4662700655,14207.0,0.0
0.846884675358593,0.0,0.16721265075,0.47295912075,14207.0,0.0
0.7497628657449491,0.0,0.15663476850000002,0.4674009175,14207.0,0.0
0.7102646404554347,0.0,0.14923307624999999,0.5727691415,14207.0,0.0
0.8207732552193061,0.0,0.13640072775,0.64913131475,14207.0,0.0
0.8739707814092408,0.049666694,0.1199275535,0.639523552,14207.0,0.0
0.8692940879332669,0.11254613,0.0841696006,0.4896082586,14207.0,0.0
0.8754602942905393,0.00461468525,0.09150052824999999,0.43717449975,14207.0,0.0
0.8373676813652993,0.0,0.08074191966666666,0.31228081,14207.0,0.0
0.7554544064695,0.0,0.06601274400000001,0.24276266,14207.0,0.0
0.7133114117357156,0.0,0.05174780699999999,0.1918943605,14207.0,0.0
0.8241464369895045,0.0,0.046431026,0.2098285775,14207.0,0.0
0.8751788421941026,0.043371683999999994,0.048203222000000004,0.2385597645,14207.0,0.0
0.8715758397125754,0.11869172766666668,0.039838046,0.2316222686666667,14207.0,0.0
0.871550050225916,0.04902924533333333,0.057361791999999995,0.243647484,14207.0,0.0
0.8770692446532122,0.0,0.095300297,0.3057098925,14207.0,0.0
0.847574995793029,0.0,0.10644229975000001,0.2548361995,14207.0,0.0
0.7265339094354838,0.0,0.11273113533333334,0.1565237025,14207.0,0.0
0.8263871011073358,0.0,0.1133895365,0.108923618,14207.0,0.0
0.8777088403477815,0.013025008000000001,0.104423387,0.07450689699999999,14207.0,0.0
0.8726730215529731,0.04521065833333333,0.08991160266666666,0.05654514866666666,14207.0,0.0
0.872045337569097,0.014419800666666668,0.09095313733333334,0.04579394033333334,14207.0,0.0
0.8722439166229322,0.0,0.08935815175,0.044497032250000006,14207.0,0.0
0.7920879784916719,0.0,0.0794009495,0.03046311525,14207.0,0.0
0.7149498952889786,0.0,0.0716046815,0.039059437,14207.0,0.0
0.8243282288226895,0.0,0.04538160525,0.05981165025,14207.0,0.0
0.8764934780561984,0.0241176195,0.033180513,0.0689591145,14207.0,0.0
0.8719598050053627,0.063192887,0.0242115585,0.09542557425,14207.0,0.0
0.8744152876649616,0.007203564,0.036034183,0.1535625935,14207.0,0.0
0.8484035155879344,0.0,0.0679919695,0.25502476625000003,14207.0,0.0
0.7244013032418276,0.0,0.1480976015,0.37633925575000005,14207.0,0.0
0.6920335560836616,0.0,0.23218154933333332,0.505067596,14207.0,0.0
0.748940801160518,0.000659673,0.306873081,0.606240474,14207.0,0.0
0.8029431653145194,0.028584771,0.36002327700000003,0.6495593479999999,14207.0,0.0
0.8040907697890315,0.033182129000000005,0.420893273,0.6891622767500001,14207.0,0.0
0.8118835301793608,0.0007864115,0.4732337265,0.77439843,14207.0,0.0
0.8090486276541724,0.0,0.48867693474999996,0.8080135785,14207.0,0.0
0.7345070312238462,0.0,0.48481745425000006,0.80067289275,14207.0,0.0
0.6974183874114089,0.0,0.560239083,0.8577190788333334,14207.0,0.0
0.7803918927209087,0.003638566666666667,0.5623722586666666,0.8785159363333334,14207.0,0.0
0.7968540712947816,0.01416550525,0.5321876105000001,0.8498426542499999,14207.0,0.0
0.8043842381901518,0.00218856825,0.56163579575,0.87052590875,14207.0,0.0
0.7936281556982464,0.0,0.5272835364999999,0.87925654975,14207.0,0.0
0.7372633565052651,0.0,0.4861460355,0.8836530135,14207.0,0.0
0.7087024496085312,0.0,0.494264398,0.8633280765,14207.0,0.0
0.7698849608543343,0.0,0.4808666615,0.8293945954999999,14207.0,0.0
0.8727128180739602,0.0093322675,0.46919613800000004,0.74752021925,14207.0,0.0
0.8703928994588923,0.04377684725,0.451476041,0.63912490975,14207.0,0.0
0.8713724088947999,0.010720697999999999,0.4178329805,0.6140556100000001,14207.0,0.0
0.8719674692948145,0.0,0.32861372875,0.6411374155,14207.0,0.0
0.7878548942033008,0.0,0.21980212575000002,0.6228980785,14207.0,0.0
0.7109473570150098,0.0,0.18288926149999998,0.52983040075,14207.0,0.0
0.823723243309032,0.0,0.162074692,0.4686894355,14207.0,0.0
0.8761711414185674,0.019391036,0.1745281255,0.47573703700000003,14207.0,0.0
0.8725808080604074,0.048292645999999995,0.17348687050000003,0.46889254275,14207.0,0.0
0.8722523304862486,0.0061670100000000005,0.16088666899999998,0.48022408299999997,14207.0,0.0
0.8710904248744578,0.0,0.15062693324999998,0.53399847775,14207.0,0.0
0.7908770043263218,0.0,0.11039684225,0.45587077000000004,14207.0,0.0
0.7129103891277306,0.0,0.09031141649999999,0.354238626,14207.0,0.0
0.7734767450482302,0.0,0.081040187,0.3276843065,14207.0,0.0
0.8744547697808088,0.015773063,0.07390119675000001,0.2920992165,14207.0,0.0
0.8728111245190439,0.12711418200000002,0.07401587,0.208869909,14207.0,0.0
0.8724434791029845,0.0354371305,0.08821433275000001,0.18202654824999998,14207.0,0.0
0.8779824832187857,0.0,0.150697618,0.275884446,14207.0,0.0
0.8480330173043726,0.0,0.24154618775,0.39024599699999996,14207.0,0.0
0.7532115663440528,0.0,0.3283063625,0.527985014,14207.0,0.0
0.7124583636169342,0.0,0.37054516875,0.5779841394999999,14207.0,0.0
0.8223632140487225,0.0,0.32635663525,0.61255648925,14207.0,0.0
0.8747746400468863,0.0116658935,0.2958524925,0.6669915854999999,14207.0,0.0
0.8699933396908452,0.060230409000000006,0.2769691775,0.68987459225,14207.0,0.0
0.8713564031608247,0.014742075,0.2886187815,0.632698194,14207.0,0.0
0.8763303271745317,0.0,0.31020129949999997,0.635941908,14207.0,0.0
0.8464645886017684,0.0,0.31861846174999997,0.6413177145,14207.0,0.0
0.7424026071130693,0.0,0.3156485903333333,0.6533395673333333,14207.0,0.0
0.7397362083203689,0.0,0.33351905039999996,0.6990091828,14207.0,0.0
0.877171661159979,0.02610410725,0.34508668025,0.729025686,14207.0,0.0
0.872048367744568,0.14599036566666665,0.41450442633333334,0.6675181543333334,14207.0,0.0
0.8730000325481804,0.05432045533333333,0.4690199133333333,0.628636686,14207.0,0.0
0.8820219891218447,0.0,0.4759584375,0.640417265,14207.0,0.0
0.8541454427700014,0.0,0.47462446375,0.6618776307500001,14207.0,0.0
0.7407257901083455,0.0,0.47236218350000003,0.5952296765,14207.0,0.0
0.7144394807488637,0.0,0.47293870925000003,0.49147733450000003,14207.0,0.0
0.77265833141395,0.0009850043333333332,0.454186158,0.434026402,14207.0,0.0
0.8129980234239003,0.08942612125,0.43549018275,0.40825804750000005,14207.0,0.0
0.8156394160795637,0.033216434333333336,0.46994015699999997,0.443496146,14207.0,0.0
0.8371171688206036,0.0,0.4576411575,0.476197679,14207.0,0.0
0.8217472882791849,0.0,0.37478991549999996,0.51287286775,14207.0,0.0
0.7359091418705365,0.0,0.25530964733333333,0.6044560505000001,14207.0,0.0
0.743822851025365,0.0,0.21537706375,0.7625844182500001,14207.0,0.0
0.8079128339369819,0.028156470500000003,0.18503834600000002,0.7840807095,14207.0,0.0
0.8154125588843059,0.0833816546,0.15998336900000001,0.7029321806000002,14207.0,0.0
0.8280520470385422,0.0,0.1662140225,0.6941411534999999,14207.0,0.0
0.8226158173121622,0.0,0.15323612820000002,0.6515217579999999,14207.0,0.0
0.7497330868617965,0.0,0.13703159216666663,0.5635969593333333,14207.0,0.0
0.8475120855089084,0.0,0.15920393649999998,0.594773413,14207.0,0.0
0.8860313693974222,0.020140347000000003,0.1714055685,0.6008931405,14207.0,0.0
0.8829438443823919,0.11160074059999998,0.17877324359999996,0.6002232206,14207.0,0.0
0.8913251396688027,0.000357056,0.22732474475,0.623346301,14207.0,0.0
0.8523562801434673,0.0,0.30234490533333336,0.6264122149999999,14207.0,0.0
0.7809538539607495,0.0,0.35455876399999997,0.610626559,14207.0,0.0
0.7461731850414812,0.0,0.36850411275,0.54399805225,14207.0,0.0
0.8484679975369723,0.0,0.37447448975000003,0.529075365,14207.0,0.0
0.8872929594776595,0.0293404845,0.323435439,0.538373996,14207.0,0.0
0.8850500791414149,0.15183512933333335,0.23855079733333331,0.5154015856666666,14207.0,0.0
0.8883071880178535,0.035966264250000005,0.20985047024999998,0.54422660625,14207.0,0.0
0.8799508826857656,0.0,0.18842447699999998,0.5911592055,14207.0,0.0
0.8148183108145503,0.0,0.1663298275,0.545476555,14207.0,0.0
0.7538536684897791,0.0,0.15870440583333334,0.49772597383333333,14207.0,0.0
0.8736455758985048,0.0,0.206356108,0.511458304,14207.0,0.0
0.8860423461578841,0.0166388815,0.230523415,0.551967007,14207.0,0.0
0.8853501399813744,0.1097721055,0.2625512525,0.541256947,14207.0,0.0
0.8854258159472528,0.05137322025,0.25730075375,0.4519777535,14207.0,0.0
0.8882690357117702,0.0,0.27896235875,0.39993405225,14207.0,0.0
0.8119793464412773,0.0,0.29969738625,0.327689899,14207.0,0.0
0.7475333955455632,0.0,0.3157677975,0.33720550075,14207.0,0.0
0.8514292886653085,0.0,0.28830461900000004,0.3252548625,14207.0,0.0
0.8894495096594965,0.0264337625,0.24689599550000002,0.28403382,14207.0,0.0
0.889997994326108,0.12153735300000001,0.1840930336,0.1788524436,14207.0,0.0
0.9002137401511606,0.0,0.1386066325,0.08515264575,14207.0,0.0
0.8638476617982768,0.0,0.152079846,0.08394408266666666,14207.0,0.0
0.7738849241285605,0.0,0.22028609024999998,0.13157664,14207.0,0.0
0.7602054849348544,0.0,0.287513568,0.18860814299999998,14207.0,0.0
0.8749779258958824,0.0,0.3421256935,0.215255528,14207.0,0.0
0.8941174413798821,0.011294657333333333,0.384051148,0.26141300933333333,14207.0,0.0
0.8980521610942052,0.0867235705,0.41434857075,0.33943045075,14207.0,0.0
0.8980890563045028,0.004987221,0.4289334725,0.339146707,14207.0,0.0
0.9003816298391935,0.0,0.43874258174999997,0.33559965950000004,14207.0,0.0
0.8549322320226509,0.0,0.44113528700000004,0.3484237445,14207.0,0.0
0.7761305166929122,0.0,0.46837456633333335,0.33662635466666674,14207.0,0.0
0.742414792657323,0.0,0.48880291249999996,0.34581649225,14207.0,0.0
0.7915552721482828,0.00037978775,0.46462152149999997,0.4065208655,14207.0,0.0
0.8404841971580965,0.044520348,0.408574199,0.438606573,14207.0,0.0
0.8387258531885253,0.10065070133333333,0.3636989176666667,0.444396898,14207.0,0.0
0.8522555722347973,0.0041334805,0.36533855000000004,0.47102244725000003,14207.0,0.0
0.838347835485896,0.0,0.3735622555,0.50599302525,14207.0,0.0
0.7542471629936892,0.0,0.3864009448,0.5200870142,14207.0,0.0
0.7464769289411922,0.0,0.36987660033333336,0.5642971353333333,14207.0,0.0
0.8113891214716162,0.01079470075,0.331210971,0.59472382525,14207.0,0.0
0.8380563254424325,0.09121955733333333,0.2617264046666667,0.46279617599999995,14207.0,0.0
0.8477272908418105,0.02476405,0.28742915,0.48084447649999995,14207.0,0.0
0.8488348788954084,0.0,0.3300664054,0.42194333840000003,14207.0,0.0
0.7764304324328988,0.0,0.34788727700000005,0.3381468623333333,14207.0,0.0
0.7547966373313262,0.0,0.3835753096666667,0.41591181666666666,14207.0,0.0
0.8463193775409428,0.0,0.40226734733333336,0.476816587,14207.0,0.0
0.8983459437692718,0.050214119749999994,0.4023560765,0.49152101549999994,14207.0,0.0
0.8982986524279921,0.12074003475,0.36085578225000003,0.518240137,14207.0,0.0
0.9071529690731835,0.0,0.35165587966666667,0.5705430443333334,14207.0,0.0
0.8797723065028131,0.0,0.35857588425,0.55685814825,14207.0,0.0
0.773127368099202,0.0,0.3706691202,0.5352821138,14207.0,0.0
0.7997162544843555,0.0,0.31306535766666665,0.5601389146666668,14207.0,0.0
0.8993998961820715,0.01722353675,0.22435475324999998,0.52249031725,14207.0,0.0
0.9012081188576493,0.14420522425,0.108634273,0.41972184975,14207.0,0.0
0.9055717504180304,0.01133341325,0.08973528250000001,0.33340580275000004,14207.0,0.0
0.8820231494952481,0.0,0.12336792725000001,0.24509738799999997,14207.0,0.0
0.7981140657016972,0.0,0.16537096750000002,0.2428323035,14207.0,0.0
0.7580457071313806,0.0,0.18840903025,0.29854630800000004,14207.0,0.0
0.8205921041350062,0.0,0.2076752375,0.342287752,14207.0,0.0
0.8979655568110521,0.0009877646666666667,0.229327562,0.39686521166666666,14207.0,0.0
0.9011460306645815,0.08333498,0.2363350465,0.45295431350000004,14207.0,0.0
0.8983218628479113,0.10211947925,0.23579565375,0.55677019875,14207.0,0.0
0.9052039275956073,0.0,0.313687957,0.7336966736666666,14207.0,0.0
0.87279083938542,0.0,0.411051943,0.864443064,14207.0,0.0
0.7853294535138204,0.0,0.5014065525,0.914618277,14207.0,0.0
0.7481428296984398,0.0,0.6054440194999999,0.93258571425,14207.0,0.0
0.8116535282898562,0.0,0.7057061695,0.932163424,14207.0,0.0
0.8876457357215329,0.00089235725,0.75205923475,0.89402079975,14207.0,0.0
0.8887656689359147,0.01473154225,0.66221525275,0.87558296475,14207.0,0.0
0.8896062292406979,0.000754414,0.610207344,0.91919772,14207.0,0.0
0.895171909383001,0.0,0.5736064820000001,0.9336568533333334,14207.0,0.0
0.8379593852132993,0.0,0.5552215835000001,0.9351197837499999,14207.0,0.0
0.7498323521671206,0.0,0.60365006375,0.9363120677500001,14207.0,0.0
0.8119189023319199,0.0,0.64797321575,0.9357393789999999,14207.0,0.0
0.8855519105458446,0.0014439396666666665,0.5899697056666667,0.9342788273333333,14207.0,0.0
0.8853097148468978,0.01806597475,0.55839429975,0.9294997632499999,14207.0,0.0
0.8848820605230041,0.001431028,0.6195223679999999,0.9281069685000001,14207.0,0.0
0.8891944191844218,0.0,0.6464402226666667,0.9294694290000001,14207.0,0.0
0.8493852654474493,0.0,0.6604990606666666,0.9265173686666666,14207.0,0.0
0.7773676549678621,0.0,0.64704853025,0.91740289325,13777.5,0.0
0.7616169161229006,0.0,0.66081671125,0.90935392,13348.0,0.0
0.8092649813562758,0.00081748825,0.64711606175,0.8955549407500001,13348.0,0.0
0.8346384367569474,0.011952854800000001,0.6088833096000001,0.8483560630000001,13348.0,0.0
0.8484756055116289,0.0,0.553968013,0.7844048466666665,13348.0,0.0
0.8386952442771154,0.0,0.46185933625,0.7236153445,13348.0,0.0
0.774912305240042,0.0,0.37783715900000003,0.6775342087499999,13348.0,0.0
0.7525049502052847,0.0,0.3417124905,0.63735893925,13348.0,0.0
0.8048954747229242,0.000854324,0.335372995,0.6813518352500001,13348.0,0.0
0.8310712559820672,0.015210801,0.346599947,0.718173995,13348.0,0.0
0.831788631132943,0.00621619375,0.42232303975,0.7994098350000001,13348.0,0.0
0.8481172280611442,0.0,0.48638560799999997,0.8609804485,13348.0,0.0
0.8334293268048232,0.0,0.5061040335,0.8605634042500001,13348.0,0.0
0.7731126938739461,0.0,0.4854523786666667,0.8088133123333333,13348.0,0.0
0.755042733575992,0.0,0.431617198,0.80745269675,13348.0,0.0
0.8659757628083302,0.0,0.38158751700000004,0.8113240175,13348.0,0.0
0.888659932020933,0.001278802,0.3682161526666667,0.8163573136666665,13348.0,0.0
0.8852197739531369,0.0083329055,0.350788615,0.8087535125,13348.0,0.0
0.8827918055150903,0.0043254915000000005,0.39156467400000006,0.86822514875,13348.0,0.0
0.8891952575106657,0.0,0.440055638,0.9018050133333334,13348.0,0.0
0.8462424685532796,0.0,0.431573134,0.8990634630000001,13348.0,0.0
0.7597993728731686,0.0,0.4036050255,0.8834496295,13348.0,0.0
0.7547884692261689,0.0,0.38992715225,0.8840964437500001,13348.0,0.0
0.870896447595414,0.0,0.3891137665,0.8829438885,13348.0,0.0
0.8909427860877378,0.00807529,0.388987277,0.8668993536666667,13348.0,0.0
0.887502957053153,0.037952675199999994,0.4234572364,0.7985626574,13348.0,0.0
0.8947567466777159,0.0,0.478325169,0.7781092435,13348.0,0.0
0.8904931380649217,0.0,0.51172022125,0.75550798425,13348.0,0.0
0.8212774076985261,0.0,0.5352661519999999,0.74146343825,13348.0,0.0
0.796825976935725,0.0,0.54065640275,0.8022510815,13348.0,0.0
0.9022577674688156,0.000256485,0.5095361282499999,0.7634592947500001,13348.0,0.0
0.9024290905554353,0.0884792825,0.426245536,0.6605826855,13348.0,0.0
0.8962627002977226,0.10152593399999998,0.39230021574999996,0.6372846222499999,13348.0,0.0
0.9045104158473265,0.0,0.44679952933333333,0.678152424,13348.0,0.0
0.8839008829949819,0.0,0.463259866,0.66748895425,13348.0,0.0
0.8108711634712312,0.0,0.4486520726666667,0.6781503456666668,13348.0,0.0
0.7935129853171334,0.0,0.40416441675,0.653375694,13348.0,0.0
0.895093638115191,0.0,0.37077337050000003,0.6407703925,13348.0,0.0
0.8998529371302904,0.018016466,0.3241622455,0.55487325575,13348.0,0.0
0.897604947103753,0.04908030075,0.23522236975,0.44199862375000004,13348.0,0.0
0.9035720004029807,0.0,0.20285696433333333,0.45738433033333337,13348.0,0.0
0.8666344685628923,0.0,0.18434205619999997,0.532549324,13348.0,0.0
0.763539631991721,0.0,0.1734604426666667,0.5756420766666667,13348.0,0.0
0.7602627537687682,0.0,0.14631945033333335,0.555652726,13348.0,0.0
0.883279928153536,0.0,0.11070278375,0.47484268275,13348.0,0.0
0.8884981671982286,0.004805936,0.079930344,0.3685584675,13348.0,0.0
0.8878107240332795,0.01179482025,0.0625435815,0.29514578175,13348.0,0.0
0.8926302253025828,0.0,0.076665017,0.3730693085,13348.0,0.0
0.8746263828377854,0.0,0.1345183456,0.5555323884,13348.0,0.0
0.7696750666592914,0.0,0.184004293,0.6367898436666667,13348.0,0.0
0.7420502339283196,0.0,0.2361398783333333,0.7089802133333333,13348.0,0.0
0.8119178141805192,0.002311049,0.27343802133333334,0.7799771196666666,13348.0,0.0
0.830170009614378,0.0102431165,0.2858493895,0.7721160165000001,13348.0,0.0
0.8290893650710787,0.00398353575,0.3212582455,0.79676880625,13348.0,0.0
0.8418082140089373,0.0,0.36725572924999994,0.856806987,13348.0,0.0
0.8114978806904608,0.0,0.39803790833333336,0.8491630849999999,13348.0,0.0
0.7443990044135134,0.0,0.39448422125000004,0.81048087525,13348.0,0.0
0.7464268691554051,0.0,0.33571338050000005,0.760835936,13348.0,0.0
0.8136015622672147,0.001967126333333333,0.26148741433333333,0.7182409023333333,13348.0,0.0
0.8303996006059489,0.0262302225,0.2394554815,0.682360109,13348.0,0.0
0.8340211957597995,0.020412095499999998,0.23078964925,0.61425010775,13348.0,0.0
0.85789462350338,0.0,0.252776401,0.5929549590000001,13348.0,0.0
0.8441458547620886,0.0,0.29074699275,0.5840315645,13348.0,0.0
0.8009814227351687,0.0,0.332214508,0.6513583406666666,13348.0,0.0
0.7948486557883225,0.0,0.336873552,0.66028498525,13348.0,0.0
0.8987361953609471,0.0,0.33157561700000004,0.6074058105,13348.0,0.0
0.9001961550774503,0.008089622999999999,0.32615729433333335,0.5453161303333333,13348.0,0.0
0.8970063228529292,0.033076760999999996,0.3314395204,0.5330306688,13348.0,0.0
0.9008583165072499,0.0,0.34154108549999995,0.5641742759999999,13348.0,0.0
0.8913796602948011,0.0,0.3415135015,0.58542405425,13348.0,0.0
0.8422027449018662,0.0,0.33346761599999997,0.6498246409999999,13348.0,0.0
0.7909996213469274,0.0,0.33517372,0.7576186957500001,13348.0,0.0
0.8463900247956948,0.0,0.3160355925,0.7827020634999999,13348.0,0.0
0.8970074446357748,0.0023365923333333333,0.27225157433333336,0.7769811633333333,13348.0,0.0
0.8956694339158704,0.027229610600000002,0.24369082720000002,0.7492026686,13348.0,0.0
0.9005640746222559,0.0,0.22631978,0.7344343680000001,13348.0,0.0
0.8924367315370558,0.0,0.194601666,0.7002679669999998,13348.0,0.0
0.8224652195591606,0.0,0.17492569125,0.65329311775,13348.0,0.0
0.795870886998714,0.0,0.151687398,0.61082788475,13348.0,0.0
0.8995460017855412,0.0,0.126680094,0.571470046,13348.0,0.0
0.9013649350956362,0.0032896363333333335,0.10743340433333333,0.5059815550000001,13348.0,0.0
0.899158772497729,0.04616619075,0.0827395845,0.37538230524999994,13348.0,0.0
0.9023776403485033,0.0048470825,0.08262489049999999,0.36869110250000003,13348.0,0.0
0.9120155790392986,0.0,0.08689031400000001,0.3760812283333333,13348.0,0.0
0.8742662565784064,0.0,0.093652242,0.34085913025,13348.0,0.0
0.7976225459724562,0.0,0.11423679275000001,0.3382238455,13348.0,0.0
0.8543105035989359,0.0,0.130106746,0.44915801075,13348.0,0.0
0.9051126972340731,0.003732575,0.12639757966666668,0.49132109,13348.0,0.0
0.9039345845719342,0.04825054325,0.12540527725,0.49450534625,13348.0,0.0
0.9059912810457549,0.006716292,0.1302397355,0.503347648,13348.0,0.0
0.9109056312547558,0.0,0.13427018075000002,0.5152801714999999,13348.0,0.0
0.8802800855301995,0.0,0.13242156,0.514184281,13348.0,0.0
0.8183656885786724,0.0,0.137004232,0.469521255,13348.0,0.0
0.798681442542194,0.0,0.12605280775,0.41325243850000004,13348.0,0.0
0.9007552230422015,0.0,0.1015827105,0.382497466,13348.0,0.0
0.9045822716890805,0.0029747426666666666,0.08667510833333332,0.3793780213333333,13348.0,0.0
0.9053204477606893,0.05117767325,0.07385653875,0.26439302275,13348.0,0.0
0.9069505535616371,0.003471102,0.062018245,0.24836022600000002,13348.0,0.0
0.9155834594558104,0.0,0.053948212333333335,0.2643923506666667,13348.0,0.0
0.8798896648957442,0.0,0.055969347,0.2505192625,13348.0,0.0
0.7892362240346564,0.0,0.06154598683333334,0.23859220083333332,13348.0,0.0
0.8141832121695887,0.0,0.0740322725,0.27115035249999997,13348.0,0.0
0.8539596132939261,0.03322749725,0.08699076175,0.299203615,13348.0,0.0
0.8560390205701512,0.013814948333333334,0.099425412,0.311282252,13348.0,0.0
0.8730166344908592,0.0,0.117757262,0.353791327,13348.0,0.0
0.8568617299048681,0.0,0.15333870725,0.40727507625,13348.0,0.0
0.8066008578912042,0.0,0.20446137450000001,0.4164596275,13348.0,0.0
0.7796667203160041,0.0,0.24142614325,0.50214639625,13348.0,0.0
0.7864270062381452,0.0,0.2864120763333333,0.553796543,13348.0,0.0
0.8373847427802924,0.00449719175,0.31498570600000003,0.5360736589999999,13348.0,0.0
0.849621150707911,0.0180785,0.31449281725,0.55943277525,13348.0,0.0
0.8647138342489522,0.0,0.31522945,0.5401494410000001,13348.0,0.0
0.8668898474733606,0.0,0.290089987,0.48139313125,13348.0,0.0
0.817836165743117,0.0,0.23227243399999997,0.39414856524999997,13348.0,0.0
0.8001415916692629,0.0,0.16204791825,0.31931475725,13348.0,0.0
0.9032689738035419,0.0,0.1125467955,0.2849847995,13348.0,0.0
0.9071989387386944,0.003906735333333334,0.089456989,0.25317658400000004,13348.0,0.0
0.90758192893605,0.0296210025,0.05623133325,0.1920438345,13348.0,0.0
0.9139377026024211,0.002433975,0.0404249985,0.14169786425,13348.0,0.0
0.8980826975212254,0.0,0.0452784675,0.15616415250000001,13348.0,0.0
0.8212241321969097,0.0,0.05105542033333333,0.152433142,13348.0,0.0
0.8021595312975117,0.0,0.06317327225,0.17159750099999999,13348.0,0.0
0.9059334480471415,0.0,0.07631661175000001,0.173551302,13348.0,0.0
0.9086621382778262,0.023956016,0.08408346950000001,0.20332601649999998,13348.0,0.0
0.905121852504461,0.0319217835,0.08703706224999999,0.24244708,13348.0,0.0
0.9099885727946462,0.0,0.12382240350000001,0.24387350225,13348.0,0.0
0.8788373888402473,0.0,0.15155500033333333,0.2748410273333334,13348.0,0.0
0.808349736317842,0.0,0.189475426,0.3615476955,13348.0,0.0
0.7987526136852515,0.0,0.21506360533333332,0.41440292233333337,13348.0,0.0
0.8994131213689421,0.0,0.260417671,0.453147109,13348.0,0.0
0.8987635644497283,0.0113107285,0.311838434,0.58394033275,13348.0,0.0
0.8986915633440099,0.004022110999999999,0.36298183033333337,0.6607314693333334,13348.0,0.0
0.8998806931086013,0.0,0.38836867675,0.695979423,13348.0,0.0
0.8324913352596834,0.0,0.39973191180000006,0.7042248566,13348.0,0.0
0.7932378193883909,0.0,0.41765054274999996,0.66810757425,13348.0,0.0
0.8979870459333468,0.0002690772,0.4126190754,0.6119359106,13348.0,0.0
0.8998135033592353,0.004617680333333334,0.39465156300000004,0.6011939688333333,13348.0,0.0
0.8972925669481228,0.0,0.36676003079999997,0.6024950072,13348.0,0.0
0.8252880937754632,0.0,0.352841575,0.56650306425,13348.0,0.0
0.796350861834191,0.0,0.32373108549999996,0.5363077464999999,13348.0,0.0
0.8989022475205048,0.0,0.29792612500000004,0.484103065,13348.0,0.0
0.9016138489036429,0.005650741,0.2966840888,0.4995014952,13348.0,0.0
0.9014507900017148,0.0059179715,0.27827495999999996,0.50448692775,13348.0,0.0
0.9050813791563859,0.0,0.2544028725,0.54678106175,13348.0,0.0
0.8748811185001331,0.0,0.2320302705,0.5644313830000001,13348.0,0.0
0.8087319890767287,0.0,0.1954294196666667,0.524467021,13348.0,0.0
0.7822657577845243,0.0,0.19117279299999998,0.58929455875,13348.0,0.0
0.7961093995723125,0.0,0.15789882,0.5350217565,13348.0,0.0
0.8414832985669535,0.001234541,0.130154792,0.45229342499999997,13348.0,0.0
0.8578281831966854,0.027010895,0.096352564,0.395608375,13348.0,0.0
0.8614954500100899,0.021326796999999998,0.0822140015,0.35629394150000004,13348.0,0.0
0.8806709417597586,0.0,0.075068892,0.32103153250000005,13348.0,0.0
0.8668349159494284,0.0,0.06526357899999999,0.26314297775,13348.0,0.0
0.8115832599546305,0.0,0.06969148333333332,0.25349674566666663,13348.0,0.0
0.7911472986153144,0.0,0.0698539485,0.22961159174999998,13348.0,0.0
0.8207346071987138,0.0,0.07726385825,0.194667278,13348.0,0.0
0.8597105297341698,0.0237442818,0.10771533720000001,0.22151905379999998,13348.0,0.0
0.8728248816298201,0.001550437,0.13513918675,0.29234455275000004,13348.0,0.0
0.8671635385579632,0.0,0.17576550875,0.3288686045,13348.0,0.0
0.8214001455483133,0.0,0.228876103,0.3559708755,13348.0,0.0
0.7997088721624593,0.0,0.22113113025,0.40952530275,13348.0,0.0
0.8602623411784387,0.0,0.243997087,0.4365337435,13348.0,0.0
0.9183262050000183,0.0,0.2736854616666667,0.43307504166666666,13348.0,0.0
0.9152510326631571,0.04048922433333333,0.31885674066666664,0.415143472,13348.0,0.0
0.9144785326419795,0.027535107499999996,0.30961688625000006,0.43270313000000005,13348.0,0.0
0.9219619439245861,0.0,0.27797551966666667,0.4244264166666667,13348.0,0.0
0.8935351143880331,0.0,0.33141251366666663,0.4492079013333334,13348.0,0.0
0.8093423137052519,0.0,0.41857697675,0.6016961585,13348.0,0.0
0.7951445177486227,0.0,0.5262100926666666,0.7711313003333333,13348.0,0.0
0.8953602113376853,0.0030340452,0.625912687,0.8344389513999999,13348.0,0.0
0.8912234403967113,0.051576536166666666,0.6477257716666666,0.7951920591666667,13348.0,0.0
0.898446740594313,0.0,0.643152935,0.832555191,13348.0,0.0
0.8754001886603228,0.0,0.64589847375,0.8593594054999999,13348.0,0.0
0.800482798879775,0.0,0.6992078746666667,0.860356393,13348.0,0.0
0.7891743413889507,0.0,0.6219230845,0.855457152,13348.0,0.0
0.8946775891980471,0.0,0.552193148,0.767221583,13348.0,0.0
0.8984210962076266,0.006977001333333333,0.451877058,0.681326297,13348.0,0.0
0.8952863825036435,0.066916748,0.2919883155,0.5628078615000001,13348.0,0.0
0.8943322837988604,0.040375627250000004,0.21148969025000003,0.50560846925,13348.0,0.0
0.8972944334244359,0.0,0.21241682350000002,0.43164721100000003,13348.0,0.0
0.8733666059824339,0.0,0.28718637775,0.42932165475,13348.0,0.0
0.8000980357995242,0.0,0.2975976755,0.44166738699999997,13348.0,0.0
0.7715851141853458,0.0,0.3154448618,0.48980984899999996,13348.0,0.0
0.8885096178688456,0.0003846818,0.2788945308,0.45263073620000005,13348.0,0.0
0.88962626445077,0.017343823166666664,0.27443812549999996,0.42271616166666676,13348.0,0.0
0.8965193138961327,0.0,0.31175608466666666,0.49536636500000003,13348.0,0.0
0.8581710950366921,0.0,0.329406819,0.52783565475,13348.0,0.0
0.7862995481130689,0.0,0.38493469220000004,0.5509643012,13348.0,0.0
0.8680775587414055,0.0,0.3857861036666667,0.5234498476666667,13348.0,0.0
0.8989966854638736,0.017143294,0.34501314250000004,0.44776937925000004,13348.0,0.0
0.8965027441614497,0.089322273,0.25005991866666666,0.3545448013333334,13348.0,0.0
0.9014698983955506,0.00403519,0.165431879,0.261205961,13348.0,0.0
0.8935050937153237,0.0,0.16561049925,0.22467579425,13348.0,0.0
0.8447551318763871,0.0,0.25769667100000004,0.264002509,13348.0,0.0
0.7791341470027887,0.0,0.39249352174999996,0.4524342,13348.0,0.0
0.772567689356713,0.0,0.5213262562500001,0.613725987,13348.0,0.0
0.8229336535022744,0.0010619683333333333,0.5117691186666667,0.6336291933333333,13348.0,0.0
0.8357296129409593,0.025312662,0.4923669665,0.5582856565000001,13348.0,0.0
0.8401202753077712,0.011372849499999999,0.4873719065,0.5346682247500001,13348.0,0.0
0.859260322486088,0.0,0.4570039185,0.48293642049999996,13348.0,0.0
0.8453296652876243,0.0,0.387501462,0.46506290100000003,13348.0,0.0
0.7917475892396184,0.0,0.2868379566666667,0.394233965,13348.0,0.0
0.7712974033472088,0.0,0.249510767,0.34854145133333336,13348.0,0.0
0.7826664781883617,0.0,0.2980067456666667,0.32975335133333333,13348.0,0.0
0.8317660734333128,0.0015218676666666666,0.321336711,0.426902275,13348.0,0.0
0.8446543593549354,0.06382777,0.32322392099999997,0.469615371,13348.0,0.0
0.8433154490283193,0.06278555766666667,0.26597135366666663,0.49154074333333336,13348.0,0.0
0.860724424636262,0.0,0.2505245245,0.46373092,13348.0,0.0
0.8687633981646347,0.0,0.27027583066666666,0.4719200926666667,13348.0,0.0
0.8220859205030736,0.0,0.2924617494,0.4461579942,13348.0,0.0
0.7989230257316491,0.0,0.26853956125,0.3490421555,13348.0,0.0
0.902705682917929,0.0,0.32735106950000004,0.358186789,13348.0,0.0
0.9045594159506951,0.003014362,0.472869325,0.5068311926666667,13348.0,0.0
0.9001208497659101,0.0138699015,0.607808417,0.6867200765,13348.0,0.0
0.8943058577287086,0.00409204875,0.678773424,0.78428364275,13348.0,0.0
0.8955592029884096,0.0,0.6479939555,0.9036070315,13348.0,0.0
0.8714657345799688,0.0,0.62217143125,0.9341471635,13348.0,0.0
0.7914372127886662,0.0,0.5504409195,0.9245002425,13348.0,0.0
