Demand,Avail_Sol,Avail_Wind_On,Avail_Wind_Off,Hyd_In,HydRoR_In
0.7550928763971623,0.0108447965,0.7789520704,0.8698909481999999,3449.0,4517.0
0.8982108688270399,0.1642608318,0.7989746578,0.7519224363999999,3449.0,4517.0
0.8828027652268068,0.024817781714285718,0.8527004511428571,0.9080062438571429,3449.0,4517.0
0.6727323933938071,0.0,0.6748450015714287,0.8359266898571429,3449.0,4517.0
0.8864207911092785,0.0545028807,0.4753542072,0.776735982,3449.0,4517.0
0.8528619781715949,0.0061854944999999995,0.691250589,0.9032990645000001,3449.0,4517.0
0.6449797526232678,0.0,0.8205242993333334,0.6716467956666667,3449.0,4517.0
0.844706501208304,0.03804789283333333,0.8727742461666668,0.744151129,3449.0,4517.0
0.8667755008440979,0.272905061,0.89184143925,0.8867772862500001,3449.0,4517.0
0.8602987987879569,0.03573152014285714,0.8223878491428571,0.9099972817142857,3449.0,4517.0
0.6631587213953273,0.0,0.7124002134285714,0.8552496818571429,3449.0,4517.0
0.8359446138342678,0.014056646666666667,0.7865206238333333,0.8776476910000001,3449.0,4517.0
0.8388118197823015,0.056554053272727285,0.8062625956363635,0.9225814769090909,3449.0,4517.0
0.7343055513155342,0.005170292416666666,0.5592264058333333,0.8551557504166668,3449.0,4517.0
0.8657013083291535,0.08738532458333333,0.34666683825,0.72744299375,3449.0,4517.0
0.6720300961146758,0.0033885229999999996,0.17619494891666665,0.20335611516666666,3449.0,4517.0
0.7473776857719489,0.095553631875,0.18556742199999998,0.23185451487500003,3449.0,4517.0
0.7529038550090917,0.0,0.334787628,0.68767772125,3449.0,4517.0
0.6720777939792453,0.00287793375,0.5718565786666666,0.8770088614999999,3449.0,4517.0
0.7678124236904863,0.11786212266666667,0.6156056728333333,0.8554767658333334,3449.0,4517.0
0.731682548488698,0.003444618923076923,0.5539677620769231,0.8326369821538461,3449.0,4517.0
0.8888081563804603,0.020611736999999998,0.43267606020000005,0.7557653402,3449.0,4517.0
0.9100492683274318,0.24815509666666666,0.23988766633333333,0.5651486628333333,3449.0,4517.0
0.8979809402943012,0.017091620666666665,0.243605793,0.5210693056666665,3449.0,4517.0
0.7002167035384212,0.0,0.18438729171428572,0.3550641022857143,3449.0,4517.0
0.8986538468169908,0.0194575968,0.16963708859999999,0.29532680559999996,3449.0,4517.0
0.915391839972797,0.24321188339999997,0.2626037404,0.49521825920000007,3449.0,4517.0
0.8811994605803086,0.03881263785714286,0.4424362322857143,0.7215324118571429,3449.0,4517.0
0.6693177274435423,0.0,0.4348139085714286,0.7032516332857144,3449.0,4517.0
0.8564540130998777,0.019314477200000003,0.31747359160000005,0.5815623052000001,3449.0,4517.0
0.8861321761617292,0.26761021766666665,0.1918274995,0.31038504966666663,3449.0,4517.0
0.8656360590696118,0.022387542142857143,0.2454226917142857,0.5009867304285714,3449.0,4517.0
0.7585066209940046,0.00044111560000000005,0.2516154826,0.45364793499999995,3449.0,4517.0
0.9121386868949594,0.3028300642857143,0.17727103357142854,0.25916688685714284,3449.0,4517.0
0.8910397923825041,0.02601970216666667,0.195622857,0.191773537,3449.0,4517.0
0.7518848525229184,0.0004565444545454546,0.18733699881818183,0.1259282001818182,3449.0,4517.0
0.9068192071889957,0.19570269657142858,0.11917795171428572,0.14855481757142858,3449.0,4517.0
0.8906511716160875,0.015526542333333336,0.12001701549999999,0.32039135150000003,3449.0,4517.0
0.6952906625596477,0.015997067583333333,0.23884601283333332,0.5762427979166667,3449.0,4517.0
0.7860521913052231,0.2289793469166667,0.2833943814166667,0.5592926831666668,3449.0,4517.0
0.7098508030237612,0.028529530153846152,0.21489506176923076,0.2696381345384615,3449.0,4517.0
0.7674732927720768,0.3897005588,0.0991706596,0.062761165,3449.0,4517.0
0.7973887061285735,0.029093791500000004,0.10498310983333332,0.12224601833333333,3449.0,4517.0
0.777317727217564,0.006187014416666667,0.3091533946666667,0.6622353696666666,3449.0,4517.0
0.9002644643523904,0.13470456966666666,0.653487733,0.8763341275,3449.0,4517.0
0.8611826455594391,0.009716187166666666,0.7780219168333332,0.9031166246666666,3449.0,4517.0
0.7432166128031913,0.004835196833333334,0.8296454937500001,0.9220144355000001,3449.0,4517.0
0.8811515345944297,0.16915275666666665,0.8377984793333333,0.9333600211666666,3449.0,4517.0
0.7704364123282944,0.0066768148461538454,0.8667246049999999,0.9330656993076925,3449.0,4517.0
0.8898796963696008,0.09400829583333332,0.8484899650000001,0.9366293681666668,3449.0,4517.0
0.9018124802843852,0.4726085778,0.805438215,0.932795078,3449.0,4517.0
0.8940264681170346,0.04181193616666667,0.6489214718333333,0.9026654078333333,3449.0,4517.0
0.7510322277129716,0.004986933166666666,0.7128650215,0.8100689465833333,3449.0,4517.0
0.8834833184065559,0.1380126672857143,0.714857288,0.9007446658571429,3449.0,4517.0
0.8682293112873696,0.0013339324,0.7153826202,0.9115652204,3449.0,4517.0
0.7681482567273599,0.014727458083333332,0.5317207335833333,0.8103029968333334,3449.0,4517.0
0.9048265446152434,0.3755604156666667,0.43249032616666666,0.6895369651666666,3449.0,4517.0
0.8995414558412747,0.03773213833333333,0.46208665000000004,0.8626605093333334,3449.0,4517.0
0.6855276913196974,0.00036732172727272727,0.5295445443636364,0.8251116770909092,3449.0,4517.0
0.7745573292554919,0.03344265244444444,0.7415311918888887,0.7511055187777778,3449.0,4517.0
0.6868509057474655,0.0,0.7114240417,0.7684556697,3449.0,4517.0
0.6807899919299223,0.001291255,0.48484385099999994,0.4917086244,3449.0,4517.0
0.7692477191750745,0.06785907114285715,0.46554684514285716,0.7305341480000002,3449.0,4517.0
0.7745747711504519,0.004141871333333333,0.6520449513333334,0.918353431,3449.0,4517.0
0.7306672992793953,0.0029389301666666663,0.7159597290833334,0.8636546454166667,3449.0,4517.0
0.8690095417461756,0.10910631225,0.6704357228750001,0.803574767,3449.0,4517.0
0.7285100153864612,0.0,0.37018398754545456,0.5545943210909091,3449.0,4517.0
0.8610275419574123,0.08391628171428571,0.3061248188571429,0.7851024351428572,3449.0,4517.0
0.8783884296729242,0.16724925000000002,0.3545606233333333,0.8220453044999999,3449.0,4517.0
0.7216095180678708,0.0,0.380742487090909,0.7908655070909092,3449.0,4517.0
0.8427931235206679,0.093706003,0.4584563275,0.782481583,3449.0,4517.0
0.8478989978367485,0.43963657166666664,0.5070938338333333,0.8518760343333334,3449.0,4517.0
0.7328434994722364,0.0021049195,0.6099200790833332,0.7885104305833334,3449.0,4517.0
0.8437441443488956,0.0170046352,0.48030871699999994,0.6291205468000001,3449.0,4517.0
0.8754135527060473,0.13489951966666666,0.38132953416666665,0.5868402766666666,3449.0,4517.0
0.843881131999278,0.007904313428571428,0.33264922157142857,0.6738887455714285,3449.0,4517.0
0.7421768437866518,0.0006923053,0.26523861449999997,0.5630132917999999,3449.0,4517.0
0.9147034471557303,0.23612542014285715,0.20805127957142852,0.3844014398571428,3449.0,4517.0
0.8969264271816594,0.029075942499999997,0.253189167,0.42482638266666656,3449.0,4517.0
0.6813470326743097,0.0011273982727272728,0.21846217899999995,0.257558364,3449.0,4517.0
0.7753570693413826,0.32678203466666667,0.13180939316666668,0.5679766813333333,3449.0,4517.0
0.7821014672528906,0.07130582171428572,0.1853236257142857,0.6271419782857143,3449.0,4517.0
0.6673828066265405,0.0018178833636363636,0.23085457627272724,0.5528194975454546,3449.0,4517.0
0.7422082968699407,0.237487774,0.14334169728571428,0.4609318314285714,3449.0,4517.0
0.6955485378691273,0.015555695076923077,0.1671049536153846,0.4991912256923077,3449.0,4517.0
0.845783046155405,0.022194135799999997,0.17014688800000002,0.5459222014,3449.0,4517.0
0.8781374761793902,0.22386564583333335,0.1997264626666667,0.5479853478333333,3449.0,4517.0
0.8584724429548231,0.028581362,0.19725103116666667,0.47380915099999993,3449.0,4517.0
0.7568716303790614,0.008098359666666666,0.08387065041666668,0.10477070225,3449.0,4517.0
0.8861543838846436,0.1990556423333333,0.067188443,0.15349665216666666,3449.0,4517.0
0.8489837091613076,0.021181977,0.14201133685714287,0.41114063128571426,3449.0,4517.0
0.650038062155386,0.0,0.27376620133333335,0.6698612635,3449.0,4517.0
0.8542469652982048,0.0281097592,0.4197712664,0.7479895834,3449.0,4517.0
0.8847630878463542,0.24104918200000003,0.5292066769999999,0.8161866893333335,3449.0,4517.0
0.876307688012064,0.03217802933333334,0.59013588,0.8585824018333335,3449.0,4517.0
0.8146836222719802,0.0012713702727272728,0.4800395677272728,0.8498609985454546,3350.0,4387.727272727273
0.9416978097543875,0.353621512,0.3103553552857143,0.6851502275714285,3328.0,4359.0
0.9389138235144857,0.05400874566666667,0.23528041433333335,0.7099618963333333,3328.0,4359.0
0.7683420638839307,0.0,0.2591167838571429,0.7000621410000001,3328.0,4359.0
0.9471643265610609,0.11540664816666668,0.2744651171666666,0.6968083683333334,3328.0,4359.0
0.9503138048960044,0.400849042,0.34111567449999997,0.7144819046666667,3328.0,4359.0
0.9356373381610321,0.0152687814,0.32077006160000004,0.5708567216,3328.0,4359.0
0.7567530588080458,0.0029964663636363634,0.28109334109090905,0.2751401281818182,3328.0,4359.0
0.8205633405739814,0.2209360324285714,0.2642652581428572,0.47283208385714287,3328.0,4359.0
0.8220450819038561,0.019079427125,0.228907222375,0.5658649357500001,3328.0,4359.0
0.7538585515303169,0.004130491666666666,0.17738066877777778,0.6522090022222221,3328.0,4359.0
0.83027063446692,0.3099585725,0.267762575125,0.6910564671249999,3328.0,4359.0
0.8096427280594328,0.0051658552307692306,0.39264495884615386,0.7755609805384615,3328.0,4359.0
0.9804269173839479,0.05653668975,0.390165335,0.7315739415000001,3328.0,4359.0
0.977990847621126,0.29854569742857145,0.35567789200000005,0.7463541821428572,3328.0,4359.0
0.952811939762188,0.0108271868,0.32251527560000004,0.7660774401999999,3328.0,4359.0
0.8208712933470617,0.0,0.2523436838888889,0.5860406557777778,3328.0,4359.0
0.988678780706007,0.038549076333333335,0.23250443933333334,0.6548635193333333,3328.0,4359.0
0.9778771369377227,0.20953853083333332,0.2261769265,0.66899701,3328.0,4359.0
0.9503480965641222,0.023793353428571428,0.2811842632857143,0.7818400618571429,3328.0,4359.0
0.851294961426904,0.0037295165999999998,0.28088626349999996,0.6810169309,3328.0,4359.0
0.9837799977505846,0.29657316100000003,0.264325123,0.5680896497142857,3328.0,4359.0
0.9679866022344507,0.050226261,0.24559344716666665,0.4650678945,3328.0,4359.0
0.8562108322522239,0.0048626243636363635,0.1479888611818182,0.16678771172727272,3328.0,4359.0
0.9761948463055637,0.4276191867142857,0.08548237871428573,0.17984792728571428,3328.0,4359.0
0.9851646635753548,0.0819702835,0.11166845525000002,0.3847056925,3328.0,4359.0
0.8747067363726243,0.018317191285714286,0.21801017628571429,0.7235855155714285,3328.0,4359.0
0.9780969353039943,0.29649575714285714,0.27909390700000003,0.8380278348571429,3328.0,4359.0
0.9348409198899262,0.01601762,0.3572585826666667,0.8691809294999998,3328.0,4359.0
0.7582492965148798,0.0074583057999999995,0.3136846335000001,0.4328974441,3328.0,4359.0
0.8269621243795611,0.4687351718571429,0.27855940985714284,0.6194519652857142,3328.0,4359.0
0.8421787436958127,0.060474865999999995,0.4071994776666666,0.839392807,3328.0,4359.0
0.7459819416251654,0.002447580090909091,0.5355222553636364,0.8915649415454545,3328.0,4359.0
0.806866492336155,0.204708042,0.41429209142857143,0.7555050567142857,3328.0,4359.0
0.8275810982417443,0.032989302285714284,0.43494741185714286,0.8503024838571429,3328.0,4359.0
0.837290650182392,0.0111244227,0.370867462,0.6363250705,3328.0,4359.0
0.9548092555589334,0.5843010058571428,0.21807245228571429,0.2745160168571429,3328.0,4359.0
0.9535568750910165,0.1037326945,0.23917366716666666,0.508617301,3328.0,4359.0
0.7952917659962375,0.0,0.3454399988571429,0.852359781142857,3328.0,4359.0
0.9636465462047263,0.0822917586,0.4715293152,0.9002162296,3328.0,4359.0
0.9641854784144959,0.330092862,0.4929154757142857,0.8736253608571428,3328.0,4359.0
0.9335960736852661,0.014113341,0.4311175148333333,0.7499004866666666,3328.0,4359.0
0.7823152014905642,0.0,0.2217079648571429,0.36683689671428565,3328.0,4359.0
0.9723064006893206,0.055084806,0.2532937685,0.7443368035,3328.0,4359.0
0.9561161457339696,0.21163626671428573,0.33872034485714286,0.8414064045714287,3328.0,4359.0
0.8500383609987128,0.0023982000625,0.4591897706875,0.8308392810625,3328.0,4359.0
0.9069232165061148,0.09416703357142857,0.30951803514285714,0.5356320454285715,3328.0,4359.0
0.9003833689301786,0.025643792,0.21455088766666666,0.3851451618333334,3328.0,4359.0
0.7589932445204242,0.0,0.13973156425,0.34507830762499997,3328.0,4359.0
0.9535240144486024,0.0658588925,0.092464513,0.18032822499999998,3328.0,4359.0
0.921298133945202,0.37670965285714286,0.06000279357142858,0.10627506571428572,3328.0,4359.0
0.9081479925045636,0.016654031833333336,0.16724409166666665,0.2290664545,3328.0,4359.0
0.7338693634028772,0.008719929545454546,0.2818407661818182,0.31265642327272725,3328.0,4359.0
0.7890570087806017,0.274073723125,0.28791866512500003,0.22970248812500002,3328.0,4359.0
0.7743912571107525,0.006673227933333334,0.20348435320000002,0.2900059782666667,3328.0,4359.0
0.8084463451450472,0.32496775225,0.19412842212500003,0.39117088775,3328.0,4359.0
0.792623200253995,0.009485958333333334,0.13615239466666665,0.26931054741666666,3328.0,4359.0
0.9584869445023658,0.051123929600000007,0.06682846880000001,0.1925142282,3328.0,4359.0
0.9584701393661345,0.27999670000000004,0.07268691383333332,0.26217113233333333,3328.0,4359.0
0.9395945012899255,0.02632631733333333,0.15679180083333333,0.529800049,3328.0,4359.0
0.8388425399226237,0.015619472333333334,0.28844776141666667,0.6486977187499999,3328.0,4359.0
0.9488369263921028,0.2415662954285715,0.4266593224285714,0.6955031058571428,3328.0,4359.0
0.9204153623017848,0.017014725833333334,0.4650016528333334,0.8011393091666666,3328.0,4359.0
0.8436943676663693,0.022440364299999998,0.497215638,0.7533598746999999,3328.0,4359.0
0.9667662998598349,0.649768891,0.49628861599999996,0.6104807526666667,3328.0,4359.0
0.9707312548979102,0.41803567966666666,0.5601633006666666,0.7106091973333334,3328.0,4359.0
0.866000896389459,0.0004383766428571429,0.5018022083571428,0.6787925810714287,3328.0,4359.0
0.9886342173647149,0.35595812,0.466692289,0.655357992,3328.0,4359.0
0.9684879937267049,0.6608485305714284,0.47948237957142853,0.5764527235714285,3328.0,4359.0
0.9641101011191169,0.06321067775,0.5013272515,0.78089761,3328.0,4359.0
0.8575573788293426,0.021855036416666668,0.3862833173333333,0.6781067018333333,3328.0,4359.0
0.9740910752998785,0.7143159242857143,0.28260248971428575,0.5771173801428571,3328.0,4359.0
0.9478727967275776,0.10679390799999999,0.3261203962857143,0.6530899178571429,3328.0,4359.0
0.779915473387651,0.05217602345454546,0.2824853415454545,0.5495228092727275,3328.0,4359.0
0.8271502354214885,0.6770222251666667,0.24215114316666664,0.46786705216666663,3328.0,4359.0
0.8444844459483439,0.11423746083333335,0.3755381441666667,0.6307533643333333,3328.0,4359.0
0.7682385019484788,0.00027593409999999996,0.39342881279999997,0.6908022058000001,3328.0,4359.0
0.8404074910848627,0.3869618885,0.425956739,0.744409463,3328.0,4359.0
0.8366913012611606,0.7944536348333334,0.4561682233333333,0.6825963345,3328.0,4359.0
0.8657284470285501,0.4469092225,0.559333726,0.7799524234999999,3328.0,4359.0
0.8404813634550159,0.0011136899285714285,0.5195247619285714,0.8494042369285716,3328.0,4359.0
0.9881656811961341,0.414935077,0.5909803090000001,0.8730503430000001,3328.0,4359.0
0.9876325115523645,0.7236852097142856,0.6586685112857141,0.8723622771428571,3328.0,4359.0
0.975990062521505,0.07934381375,0.68397902675,0.9155011767500001,3328.0,4359.0
0.8482072287666509,0.0004320414545454546,0.46695265063636365,0.7610076128181817,3328.0,4359.0
0.9850801314724584,0.585435146125,0.360997533125,0.66658105925,3328.0,4359.0
0.9552036848844166,0.08644643242857142,0.28044348371428574,0.7159167912857143,3328.0,4359.0
0.854234669733407,0.023795972699999998,0.3181843628,0.6669397613999999,3328.0,4359.0
0.9864911180874679,0.45166117987500004,0.612120743875,0.9059958235,3328.0,4359.0
0.8415087025958381,0.0051924436,0.7206448206666667,0.878601742933333,3133.3333333333335,4103.533333333334
0.9527876423492148,0.223147481,0.6491356850000001,0.9171783142222224,2963.0,3880.0
0.8998345182357266,0.018204621333333334,0.7722577918333332,0.9121555901666668,2963.0,3880.0
0.7536848668553969,0.0002748588888888889,0.7283218943333334,0.9052347035555555,2963.0,3880.0
0.935420990063824,0.32611812762500003,0.506343079625,0.7763367091250001,2963.0,3880.0
0.8985051288519801,0.09028395785714285,0.44413658685714286,0.7472680159999999,2963.0,3880.0
0.6843224114135331,0.00044425177777777784,0.4361370027777778,0.7192405512222222,2963.0,3880.0
0.7615446772913802,0.40138630575000006,0.38759207824999997,0.7262570730000001,2963.0,3880.0
0.714801444753855,0.0368563413125,0.39653467093750006,0.6604148029375,2963.0,3880.0
0.7563716492980211,0.2150147671111111,0.35968119866666665,0.60968108,2963.0,3880.0
0.7218895286075403,0.012137177416666667,0.3645554124166667,0.6577227569999999,2963.0,3880.0
0.8895354763083996,0.08444867060000001,0.3943743618,0.689402041,2963.0,3880.0
0.8698982988230043,0.4396253572857143,0.26212818200000004,0.622288259142857,2963.0,3880.0
0.8003893134174815,0.01780316275,0.23171791675,0.606178846625,2963.0,3880.0
0.7411241452895153,0.0015678787142857143,0.20019747100000004,0.4931852661428571,2963.0,3880.0
0.8878912244188022,0.3549185297142857,0.192195439,0.37985315685714277,2963.0,3880.0
0.8630551673700106,0.10331936675,0.3588161305,0.409619519,2963.0,3880.0
0.7332144947665861,0.0018150863333333332,0.472859767,0.533806926,2963.0,3880.0
0.8971098333032289,0.41235326799999994,0.53815583675,0.705783366875,2963.0,3880.0
0.8778073149956033,0.09134904328571428,0.42127524314285714,0.7031731755714287,2963.0,3880.0
0.6840680770617681,0.0,0.43697743633333325,0.7752071626666668,2963.0,3880.0
0.8857276255268743,0.1296982262,0.47767010359999995,0.7990128888000001,2963.0,3880.0
0.8839065445045768,0.515147212625,0.40190864275,0.62955821275,2963.0,3880.0
0.766545413060089,0.004439460642857143,0.32957754814285717,0.4217034051428571,2963.0,3880.0
0.8750818200024957,0.2943509905714286,0.3987728181428571,0.6553548261428572,2963.0,3880.0
0.8286748260341328,0.06489756575,0.59644695625,0.849549624625,2963.0,3880.0
0.6333351947947359,0.0084780684,0.6627423836999999,0.9042157866,2963.0,3880.0
0.7090631246231486,0.32537042,0.46545532833333336,0.6955634869999999,2963.0,3880.0
0.6990088207175739,0.086898331875,0.39635387337500005,0.30776586575,2963.0,3880.0
0.6245710703785011,0.001335531,0.48406492855555555,0.5747276123333334,2963.0,3880.0
0.6975123046052065,0.3964097782222222,0.4640639315555556,0.7259037544444444,2963.0,3880.0
0.7007200087384312,0.03555341771428571,0.436444718,0.8020104199999999,2963.0,3880.0
0.6588108981639181,0.0,0.6105939899999999,0.8914065133333332,2963.0,3880.0
0.863026990006597,0.09806233525000001,0.687772839,0.9233919185,2963.0,3880.0
0.8628397713693421,0.3752685504285714,0.7812915797142856,0.9302558208571429,2963.0,3880.0
0.8101025669323304,0.032937732571428575,0.7442357015714285,0.9235218087142858,2963.0,3880.0
0.6400396306079501,0.0,0.647574196,0.86699310525,2963.0,3880.0
0.8312442083198,0.062230594166666674,0.4700662098333333,0.5153815448333333,2963.0,3880.0
0.8847398324194916,0.36913358914285715,0.291945628,0.16624272014285713,2963.0,3880.0
0.8684781504579118,0.055514445999999995,0.1350091082,0.2348640798,2963.0,3880.0
0.6956633087129511,0.0,0.19299858271428572,0.5543903838571429,2963.0,3880.0
0.8894564510293812,0.1685240056,0.3430178406,0.7825473642,2963.0,3880.0
0.8542218625802319,0.6679708358333333,0.45925150033333334,0.8708178455,2963.0,3880.0
0.8386001472394452,0.09322961366666667,0.6923903061666666,0.9171499675,2963.0,3880.0
0.7074562226841178,0.0013161838000000001,0.5705556120999999,0.8058032096,2963.0,3880.0
0.8809100389075009,0.27406829344444444,0.36356375377777783,0.631406942,2963.0,3880.0
0.8504772255155335,0.03399581366666667,0.3615228348333333,0.7118993531666667,2963.0,3880.0
0.6959554404338304,0.0,0.24449232362499998,0.59078089875,2963.0,3880.0
0.8985078345615757,0.12916163949999998,0.16229559999999998,0.47571474950000003,2963.0,3880.0
0.8602994958069456,0.46485206237500004,0.10594643824999998,0.30614860250000003,2963.0,3880.0
0.8425906072002852,0.0412388655,0.06749946650000001,0.18922625,2963.0,3880.0
0.6637190156161699,0.0215209108,0.1053417043,0.34438645250000005,2963.0,3880.0
0.783990766867296,0.3641545523333333,0.13222875083333333,0.5164473586666667,2963.0,3880.0
0.8056802134122977,0.095393171,0.23337144857142858,0.6055717894285715,2963.0,3880.0
0.6877907921829204,0.0,0.21434200244444443,0.5009791683333334,2963.0,3880.0
0.7704232385021005,0.126408884,0.20661553966666668,0.4541805766666666,2963.0,3880.0
0.8007983407790696,0.34133960342857145,0.23769446842857148,0.48297995814285716,2963.0,3880.0
0.8091532345701171,0.0407934668,0.27564433059999993,0.5686756182,2963.0,3880.0
0.7648360371606058,0.007304081,0.1753794828,0.37302090489999995,2963.0,3880.0
0.9458371063846974,0.3719134261428571,0.212195043,0.5890853222857143,2963.0,3880.0
0.9466349631060496,0.21099239466666667,0.359298261,0.7669256149999999,2963.0,3880.0
0.7936231579952415,0.0037464439,0.4365946086000001,0.8771217305000001,2963.0,3880.0
0.8496940697755804,0.03279466925,0.565826982,0.87537502325,2963.0,3880.0
0.94929936033433,0.390805952,0.5865414715,0.8987998165,2963.0,3880.0
0.9202484092178569,0.546277272,0.7128000392857144,0.8946277785714285,2963.0,3880.0
0.8878635227970442,0.0637721305,0.6509236436666667,0.7721489276666667,2963.0,3880.0
0.7588740916742707,0.01835049288888889,0.5324973302222222,0.4770789041111111,2963.0,3880.0
0.9379070526434888,0.5202743626666667,0.398339711,0.28277899866666667,2963.0,3880.0
0.9085298267506018,0.6411222231666667,0.4693140595,0.30715973416666664,2963.0,3880.0
0.8993580659763947,0.082511683,0.415846948,0.4665170062,2963.0,3880.0
0.7129046729242513,0.0,0.2932127487142857,0.4519911497142857,2963.0,3880.0
0.8989251834640666,0.16644207939999997,0.26002172219999997,0.465770626,2963.0,3880.0
0.9054662751302281,0.44794263800000006,0.32021053014285716,0.42568657242857144,2963.0,3880.0
0.885213872546845,0.0488062804,0.3168411416,0.4733008118,2963.0,3880.0
0.6940471660508417,0.0,0.26814146057142857,0.6725199207142858,2963.0,3880.0
0.8888006689992579,0.10330002540000001,0.26335621919999996,0.7262623788,2963.0,3880.0
0.9120751559357954,0.3085827675714286,0.21719934414285716,0.5180656901428572,2963.0,3880.0
0.8706143730002346,0.02384684216666667,0.2443935205,0.6568214925000001,2963.0,3880.0
0.6554597642575369,0.0,0.2906431922857142,0.6149077921428571,2963.0,3880.0
0.7295605380826987,0.14322486075000002,0.21399107525,0.50944019975,2963.0,3880.0
0.7240729633098703,0.489849007,0.1470290822,0.3148707318,2963.0,3880.0
0.7301126416083616,0.23017021225,0.1147152735,0.32389164550000005,2963.0,3880.0
0.6897586931699208,0.007942975000000001,0.16022436692307693,0.36229880253846153,2963.0,3880.0
0.7236504931636427,0.4735839704285714,0.1304819877142857,0.39024938285714283,2963.0,3880.0
0.7280068682142892,0.26523238175,0.16485100849999998,0.40241558325,2963.0,3880.0
0.7376702054448114,0.009369553615384614,0.22441652238461535,0.3866318829230769,2963.0,3880.0
0.8732888194257415,0.45155053233333337,0.2546624986666666,0.28973586988888894,2963.0,3880.0
0.8281097726998695,0.0696072886,0.2635846762,0.24410118079999998,2963.0,3880.0
0.7545003110265892,0.0041182731,0.3005073736,0.6627361509,2963.0,3880.0
0.8953665523125457,0.12912573944444444,0.5698134957777777,0.8906816183333333,2963.0,3880.0
0.8181893151587772,0.0156760926,0.6136809021999999,0.8626863439999999,2963.0,3880.0
0.7291045836351231,0.0024722373999999997,0.4833569377,0.7130736733,2963.0,3880.0
0.8705195317272227,0.192670538625,0.6230729822500001,0.7687768543750001,2963.0,3880.0
0.8848933623877561,0.1757853445,0.6283307215,0.787773208,2963.0,3880.0
0.7294915262765169,0.008022633999999999,0.2936392164,0.5284818174999999,2963.0,3880.0
0.8768685001254324,0.0268100395,0.197450865,0.5865535857499999,2963.0,3880.0
0.8770028222821906,0.456632756125,0.279603221875,0.762118329625,2963.0,3880.0
0.876672400738631,0.32035347550000004,0.305169633,0.7521237085000001,2963.0,3880.0
0.7705611202360599,0.020976636499999996,0.27325509566666667,0.6122500603333333,2963.0,3880.0
0.7651672770815601,0.008872524,0.40897965150000004,0.491234109125,2963.0,3880.0
0.8845693059974921,0.375572826,0.495706453375,0.5637404863750001,2963.0,3880.0
0.8519498711285824,0.12459601983333334,0.2780476355,0.6170353398333334,2963.0,3880.0
0.6718053158795396,0.012726327300000001,0.2033981596,0.5456540324,2963.0,3880.0
0.7413058669123713,0.47053232487499996,0.360279409375,0.7527887221249999,2963.0,3880.0
0.7448843746483341,0.121592136,0.5490400875,0.8222918850000002,2963.0,3880.0
0.5988846273971757,0.0,0.43778004737500004,0.5174206415,3518.75,4608.25
0.6926602681266578,0.1920309705,0.31333595724999996,0.24335563100000002,3704.0,4851.0
0.7073425491983941,0.4825980263333334,0.22615094116666667,0.260667405,3704.0,4851.0
0.7127657931905971,0.2869162035,0.163476049,0.3690830225,3704.0,4851.0
0.6762128149807581,0.00808628675,0.3555399895,0.7061629545,3704.0,4851.0
0.8318737875967998,0.07813994133333334,0.5039398876666666,0.8115740416666667,3704.0,4851.0
0.806563690545157,0.357972602,0.4479894042857143,0.7187425494285714,3704.0,4851.0
0.7842491840247635,0.07659985659999999,0.59225565,0.796748164,3704.0,4851.0
0.640069544044467,0.0,0.7008529747777777,0.873593528111111,3704.0,4851.0
0.8013648315599726,0.17937767375,0.661549181,0.8513618155,3704.0,4851.0
0.7899655060564468,0.4272384204285714,0.6107200754285714,0.779178259857143,3704.0,4851.0
0.7674779235924805,0.07125203999999999,0.5685029902000001,0.8300607868000001,3704.0,4851.0
0.665742215237324,0.0101083328,0.5952192491000001,0.8778327078,3704.0,4851.0
0.8118459045716805,0.36584925575000005,0.54536485375,0.886772986,3704.0,4851.0
0.8029502088742713,0.39197588549999995,0.6385868475,0.8614727823333332,3704.0,4851.0
0.7623006370467003,0.027419547500000002,0.5834917789999999,0.8745760925,3704.0,4851.0
0.6195323177714114,0.0,0.5796526984285714,0.8534097831428571,3704.0,4851.0
0.791095471435451,0.040684428,0.407860351,0.5286737616666667,3704.0,4851.0
0.826919035345482,0.440690074,0.2301212825,0.15423109733333332,3704.0,4851.0
0.8165311771911805,0.4436841415,0.11834992700000001,0.174011851,3704.0,4851.0
0.7834351296440287,0.0419943495,0.21634165675,0.48596227225,3704.0,4851.0
0.6871051514586934,0.0026196101111111113,0.4682990592222222,0.7968834704444444,3704.0,4851.0
0.8378342017478044,0.369799447,0.47788540599999996,0.844921142,3704.0,4851.0
0.7901306004061979,0.8355845012857143,0.37301381014285717,0.6385087981428572,3704.0,4851.0
0.7765386485834744,0.5175087425,0.439027392,0.37598343700000003,3704.0,4851.0
0.7179456036260309,0.041612202400000006,0.5478492189999999,0.4350387632,3704.0,4851.0
0.5685162791502263,0.0,0.5856625633333333,0.6286459536666668,3704.0,4851.0
0.6278317759530858,0.09485252599999999,0.5265319187499999,0.5176968262499999,3704.0,4851.0
0.6614756281358992,0.5240608923333333,0.3508516808333333,0.4199794568333333,3704.0,4851.0
0.6572433964840925,0.31893306833333335,0.2837318853333333,0.24799601433333338,3704.0,4851.0
0.6237115794704585,0.014111865,0.28459470914285717,0.13543918485714285,3704.0,4851.0
0.5666100295008443,0.0,0.2719829924,0.1332320894,3704.0,4851.0
0.6505830021495713,0.18716150325,0.2526379025,0.18047515050000001,3704.0,4851.0
0.6584589896748007,0.409456214,0.24173962516666667,0.2045663133333333,3704.0,4851.0
0.6597043755418226,0.1533613935,0.1848908985,0.369371844,3704.0,4851.0
0.6282551663630858,0.004991906909090909,0.18263797163636364,0.3192543412727273,3704.0,4851.0
0.7880355130652226,0.0844807716,0.13568995899999997,0.11942267899999999,3704.0,4851.0
0.7925386052976361,0.28119526333333333,0.15486491116666665,0.12085381033333335,3704.0,4851.0
0.7346014654854849,0.051773691250000003,0.265181628625,0.29384491,3704.0,4851.0
0.6326391504933672,0.0,0.35971099083333335,0.350418683,3704.0,4851.0
0.8074823929424229,0.1640729145,0.35399755149999995,0.29638605825000003,3704.0,4851.0
0.7890691291512851,0.425579901875,0.3554080535,0.32044968487500003,3704.0,4851.0
0.6871475542083648,0.011793623538461537,0.3833193111538462,0.3062572756923077,3704.0,4851.0
0.8224860911917422,0.295356641,0.32804102166666665,0.33906981466666664,3704.0,4851.0
0.7863509957292855,0.4670562421428572,0.33655635171428566,0.3828984604285714,3704.0,4851.0
0.7554152760983872,0.0596055068,0.32608385259999995,0.499589659,3704.0,4851.0
0.6523739119489758,0.0026664325555555554,0.22930520188888892,0.3298383591111111,3704.0,4851.0
0.8257305512835142,0.1881038745,0.1419131525,0.223653753,3704.0,4851.0
0.8044522221139285,0.4385688582499999,0.111025354,0.20860681099999998,3704.0,4851.0
0.7698661050036423,0.0692919042,0.0793056018,0.194749601,3704.0,4851.0
0.6706021055026721,0.0209280464,0.1497821169,0.0717425848,3704.0,4851.0
0.7996618296777502,0.5162355374285714,0.224904792,0.08734581342857142,3704.0,4851.0
0.7808853935495691,0.29863259425,0.20552480450000002,0.11856136499999999,3704.0,4851.0
0.6267296204303457,0.0034769087500000004,0.20502613449999998,0.11252403366666668,3704.0,4851.0
0.6737393847111215,0.40301520462499996,0.097021512,0.074495751625,3704.0,4851.0
0.6646562519983383,0.24890222675,0.0714717545,0.13379527775,3704.0,4851.0
0.6016298607886659,0.0016359374999999998,0.1438735306,0.3370093811,3704.0,4851.0
0.6343167853182496,0.12304661224999999,0.14888898725,0.47956680825000003,3704.0,4851.0
0.6653624272806777,0.5166531323333333,0.16873456499999998,0.5519638323333333,3704.0,4851.0
0.6626990206567165,0.310584548,0.25781976599999995,0.571245602,3704.0,4851.0
0.6403443180667076,0.0107391325,0.19102625091666667,0.4764844406666667,3704.0,4851.0
0.806513428437685,0.14973189466666667,0.12206953133333333,0.37248140966666665,3704.0,4851.0
0.7870194628385847,0.37609876977777784,0.137151847,0.2776456232222222,3704.0,4851.0
0.7473068043275088,0.0391595765,0.18498821625,0.33485611275000005,3704.0,4851.0
0.6551193975684587,0.010976625555555557,0.18459248566666664,0.6581572664444444,3704.0,4851.0
0.8063105425220682,0.41735081100000004,0.149799208,0.720765492,3704.0,4851.0
0.7801185017885013,0.8685943426666666,0.119350603,0.5418034463333334,3704.0,4851.0
0.7680309452781522,0.53149574325,0.09993166675,0.34916350900000004,3704.0,4851.0
0.6582118770746904,0.0029571953636363638,0.19936815018181822,0.44840182390909084,3704.0,4851.0
0.7855462258321023,0.4172757295,0.19922251949999997,0.38619225225,3704.0,4851.0
0.7766843148394358,0.9118962178000001,0.1968771194,0.4330903528,3704.0,4851.0
0.7668105911527794,0.5208785185,0.23489025800000002,0.34426644475,3704.0,4851.0
0.6471285516929598,0.003592046,0.3287532562,0.38436534259999994,3704.0,4851.0
0.7614167258561437,0.15187226766666664,0.2718498693333333,0.3092294626666667,3704.0,4851.0
0.7763917958043104,0.8220960565000001,0.11628644200000002,0.12752300500000002,3704.0,4851.0
0.7709396351274567,0.5319975335,0.104192911,0.0899246935,3704.0,4851.0
0.7132545735669146,0.058402542599999996,0.1458881506,0.1229610732,3704.0,4851.0
0.6589295883706208,0.05038672466666667,0.13199856222222223,0.18151623300000003,3704.0,4851.0
0.7804144473767467,0.6831049303333333,0.047609447,0.12751942533333332,3704.0,4851.0
0.7729685389812945,0.8236728680000001,0.061990579,0.06486541133333333,3704.0,4851.0
0.7377097023951618,0.1398793406,0.1288479464,0.10260639359999998,3704.0,4851.0
0.584338300357196,0.045547509,0.1589946745,0.229954045,3704.0,4851.0
0.6576558915555857,0.7887833657142858,0.053662194142857146,0.1560259545714286,3704.0,4851.0
0.6548147643071034,0.5004954767500001,0.07263185825,0.19376673775,3704.0,4851.0
0.5917573859276811,0.004312040727272728,0.18317720663636364,0.25479915945454545,3704.0,4851.0
0.6164241985913925,0.203498758,0.1976897155,0.287220179,3704.0,4851.0
0.6582209272957001,0.731112716,0.13545633375,0.2926675935,3704.0,4851.0
0.6561166786464844,0.395280839,0.166163486,0.44534502649999996,3704.0,4851.0
0.6227404219457887,0.016375037181818184,0.1534389380909091,0.3797915806363637,3704.0,4851.0
0.7634760729407262,0.08279522466666667,0.087246977,0.24174729733333333,3704.0,4851.0
0.7844496290961203,0.4739300195714286,0.07481641842857142,0.2512166334285714,3704.0,4851.0
0.7784319254806333,0.3103864823333333,0.12030722766666667,0.34425032600000005,3704.0,4851.0
0.6881481009146019,0.03532671957142857,0.08872049935714285,0.4154535029285714,3704.0,4851.0
0.782867579061543,0.601831792375,0.065780989125,0.32431929824999994,3704.0,4851.0
0.7639428200466571,0.28193026275,0.1187528595,0.49956508725,3704.0,4851.0
0.637832185053254,0.0,0.22742927300000002,0.6564384999999999,3704.0,4851.0
0.7754794898895674,0.16079965499999999,0.20319187200000002,0.4708230902,3704.0,4851.0
0.7813927592324796,0.46685994820000004,0.297024312,0.6165111402,3704.0,4851.0
0.778394932311631,0.351399856,0.4125996363333333,0.8210246510000001,3704.0,4851.0
0.6644848489833689,0.01791775154545455,0.33315503618181813,0.7225711842727272,3704.0,4851.0
0.7773965891028896,0.12628366366666666,0.236301371,0.569060966,3704.0,4851.0
0.795467954131005,0.5639571354999999,0.20078364262499998,0.413085847875,3704.0,4851.0
0.7674529746250451,0.15911454283333334,0.14052527133333334,0.24689345033333335,3704.0,4851.0
0.6494606533742705,0.00017986125,0.162712739625,0.304859042375,3704.0,4851.0
0.8082281562631166,0.35608574449999997,0.241231735,0.676210611,3704.0,4851.0
0.780080378991757,0.7253249804,0.3990265396,0.7543291106,3704.0,4851.0
0.7699540813834915,0.33443249675,0.5043267522499999,0.7051426279999999,3704.0,4851.0
0.6174283618559117,0.003531501636363636,0.3124717929090909,0.6348391621818182,3704.0,4851.0
0.6285306213742807,0.1267643815,0.1456790685,0.391752366,3704.0,4851.0
0.6771672564378507,0.3864797011666667,0.135301263,0.195582735,3704.0,4851.0
0.6702202572061431,0.28806754525,0.12760209225,0.13811972225000002,3704.0,4851.0
0.6069964964719567,0.013231342333333333,0.20759083074999998,0.26972937466666663,3704.0,4851.0
0.6332426851852404,0.086373144,0.331656069,0.551547901,3704.0,4851.0
0.6840843705859992,0.3196053576666667,0.34676784266666666,0.687048682,3704.0,4851.0
0.6975493026956209,0.165259204,0.4108817195,0.837349901,3704.0,4851.0
0.6405487926917579,0.0061976891,0.519856815,0.7985619285000001,3704.0,4851.0
0.7675289067780173,0.0718371646,0.5251874672,0.6989018456,3704.0,4851.0
0.8336834675451289,0.38469580525,0.53354283075,0.6526376272500001,3704.0,4851.0
0.8009661522670198,0.0671317782,0.3164552874,0.5421271836,3704.0,4851.0
0.621781761370712,0.0,0.1668035774285714,0.43002659699999995,3874.714285714286,5073.857142857143
0.7880380325154814,0.18634989159999998,0.11905912300000002,0.2973862938,3943.0,5163.0
0.7974985451230404,0.4361142577142857,0.12479132742857144,0.3040179317142857,3943.0,5163.0
0.6844480705028357,0.03724103958333334,0.16922052733333334,0.58779457325,3943.0,5163.0
0.7772859311187639,0.209186716,0.22914549,0.78666778775,3943.0,5163.0
0.7813262576694587,0.5678951664285714,0.2845719368571428,0.7488078205714286,3943.0,5163.0
0.7664270418086965,0.16099398374999999,0.29932475824999993,0.7025249467500001,3943.0,5163.0
0.6485127037062035,0.009208060454545454,0.30092662572727275,0.5289547723636365,3943.0,5163.0
0.7860683443962577,0.405662759125,0.35583337312499996,0.269370824875,3943.0,5163.0
0.7740023524491654,0.260043647,0.429118044,0.31762004866666665,3943.0,5163.0
0.6652477456586398,0.025475696076923075,0.4512462794615385,0.2420654683846154,3943.0,5163.0
0.7890252274333828,0.42660244066666664,0.32577066666666665,0.12736671966666668,3943.0,5163.0
0.7730636199947689,0.6668727595714286,0.40748672957142856,0.23925328057142856,3943.0,5163.0
0.7335721952076357,0.11383433439999999,0.4551436964000001,0.43701197140000003,3943.0,5163.0
0.5677832461051893,0.016662453888888887,0.3899217165555556,0.4004995674444445,3943.0,5163.0
0.6355067885863763,0.38636549649999996,0.192998274,0.3119025835,3943.0,5163.0
0.6528431189791399,0.67289748225,0.19577416525000002,0.39868706274999993,3943.0,5163.0
0.624862271903888,0.09109128257142858,0.23167161885714285,0.5623253261428571,3943.0,5163.0
0.5574221158413377,0.022895193,0.1860649448571428,0.3347847898571429,3943.0,5163.0
0.6308561583066956,0.403064094,0.0673526235,0.1657255555,3943.0,5163.0
0.6598764338190145,0.8008159097142856,0.07101335099999999,0.14539623557142858,3943.0,5163.0
0.6607991789726967,0.4481839985,0.10247867050000001,0.221473431,3943.0,5163.0
0.6281800952563811,0.05335577766666666,0.1637925735,0.2703949841666667,3943.0,5163.0
0.6298754139951993,0.02558754657142857,0.11940695085714285,0.11350256057142857,3943.0,5163.0
0.7739059217723787,0.435535202,0.0330986965,0.0265531365,3943.0,5163.0
0.7821088599674978,0.8169641258333332,0.062793988,0.067780261,3943.0,5163.0
0.7752852268210959,0.523379909,0.10827191133333335,0.19160230233333334,3943.0,5163.0
0.6456455696833928,0.02958144381818182,0.13757051809090906,0.18404116300000004,3943.0,5163.0
0.7190675442832526,0.0815053685,0.103118825,0.1975850275,3943.0,5163.0
0.7752278888383205,0.417919678,0.077052864,0.2689691513333334,3943.0,5163.0
0.7814630462907054,0.6534790055,0.15878226316666666,0.4881641208333334,3943.0,5163.0
0.7736404933372993,0.35403975,0.260882933,0.689043559,3943.0,5163.0
0.7249740359761394,0.0620484365,0.2925504605,0.67276702425,3943.0,5163.0
0.6270257705243547,0.013377264555555555,0.24732661011111107,0.38844869733333337,3943.0,5163.0
0.7761892536254228,0.2524024085,0.1601978495,0.1848079105,3943.0,5163.0
0.7747260559086612,0.5575008618333334,0.1409412535,0.21221765650000002,3943.0,5163.0
0.7588492649535863,0.2266353014,0.213199399,0.4246994358,3943.0,5163.0
0.6241790883551349,0.0,0.2718348874444445,0.5981931753333334,3943.0,5163.0
0.7437608726469799,0.06723343033333333,0.279178212,0.7200117809999999,3943.0,5163.0
0.783027273000197,0.38666824257142857,0.2746404875714285,0.5174323268571429,3943.0,5163.0
0.765645083696339,0.24550959979999995,0.1908300598,0.28152049600000006,3943.0,5163.0
0.6330055086139107,0.0,0.14902987157142858,0.187457663,3943.0,5163.0
0.7076787230208368,0.1095645196,0.20731233740000002,0.5297680149999999,3943.0,5163.0
0.7766510475832071,0.7459072424285715,0.13583148214285715,0.41928974628571425,3943.0,5163.0
0.7589466892314103,0.3153855044,0.0920383212,0.2672919682,3943.0,5163.0
0.5948698854099461,0.0,0.08756056655555555,0.22975146544444444,3943.0,5163.0
0.5879790770136074,0.09771364033333334,0.07829679366666666,0.13309018066666667,3943.0,5163.0
0.6515187141184458,0.3964405213333333,0.153992651,0.144675073,3943.0,5163.0
0.648703947301996,0.19335120420000002,0.28721025899999997,0.3542306496,3943.0,5163.0
0.5876214066319801,0.0028144636,0.25831286340000004,0.37927591229999996,3943.0,5163.0
0.6159921677139559,0.081820897,0.23074635999999998,0.35323517174999997,3943.0,5163.0
0.6781135474561111,0.32384436120000004,0.2659009652,0.2662094354,3943.0,5163.0
0.6798617088505646,0.27337257675,0.345199973,0.40710753850000003,3943.0,5163.0
0.6242597882457225,0.017237468727272724,0.3864021978181818,0.5125609572727273,3943.0,5163.0
0.7626603670629014,0.07245267625,0.44569777275,0.6309026805,3943.0,5163.0
0.7998623858547451,0.24402423666666664,0.4705145998333333,0.7054989891666666,3943.0,5163.0
0.7840613437398856,0.121755733,0.4242098102,0.8065037964,3943.0,5163.0
0.6450652636141989,0.009115503909090909,0.3885315988181819,0.7105650571818184,3943.0,5163.0
0.7801786884420676,0.3749745647777778,0.3267732222222222,0.5390918303333333,3943.0,5163.0
0.7564139726431424,0.20266064025,0.31080042125,0.515823309,3943.0,5163.0
0.6255116122942986,0.00020647788888888887,0.2683829848888889,0.4724146894444444,3943.0,5163.0
0.7584639501780679,0.2010253788,0.1947262348,0.509673764,3943.0,5163.0
0.7750287583875726,0.561531542,0.185726197,0.56778539925,3943.0,5163.0
0.7690810597198658,0.411042508,0.28987916075,0.69645524225,3943.0,5163.0
0.7309725892539772,0.059725695749999995,0.346361881,0.7543987510000001,3943.0,5163.0
0.6147155032303947,0.001979404875,0.29291254624999996,0.7326202635,3943.0,5163.0
0.7834752943228291,0.23854549625000002,0.26930729425,0.65922781425,3943.0,5163.0
0.7747234092921678,0.566643497,0.21159927971428574,0.491343276,3943.0,5163.0
0.7546961029713724,0.23642992966666668,0.24778006666666666,0.5495054916666666,3943.0,5163.0
0.6473736487485705,0.019086491545454547,0.24109865818181822,0.4884715781818182,3943.0,5163.0
0.7808651473355838,0.6818010284444445,0.101148374,0.231694293,3943.0,5163.0
0.7415783849311969,0.21772580366666663,0.21869412183333337,0.4068521351666667,3943.0,5163.0
0.568818307883406,0.0,0.23724957657142856,0.28732865899999993,3943.0,5163.0
0.6120776310239235,0.26647869025000004,0.11882680775000001,0.22878121199999998,3943.0,5163.0
0.6549318022382892,0.7889299329999999,0.08930713149999998,0.15450047349999999,3943.0,5163.0
0.6505484410974179,0.5533395506666666,0.13851586800000001,0.2731155353333333,3943.0,5163.0
0.6266167483169914,0.06608670833333333,0.2272069341666667,0.36813959,3943.0,5163.0
0.5561499503302966,0.006250474833333333,0.18665354833333334,0.24665803733333333,3943.0,5163.0
0.6251697924074507,0.3601667063333333,0.08069785166666667,0.17380738266666665,3943.0,5163.0
0.6533213783759216,0.7900311665,0.07030248500000001,0.1933460685,3943.0,5163.0
0.6441295301142362,0.3850705778,0.12650186219999998,0.43442149719999995,3943.0,5163.0
0.607891534938643,0.0004693468888888889,0.17008032155555558,0.44313867377777777,3943.0,5163.0
0.7531622662136191,0.34130711059999996,0.0745098534,0.17494158799999998,3943.0,5163.0
0.7742384803234261,0.6793523398571429,0.049066888999999995,0.2592296332857143,3943.0,5163.0
0.7154571739250596,0.09970568216666666,0.05557664833333334,0.2677526765,3943.0,5163.0
0.5959299676768528,0.0,0.0582259245,0.20729949400000003,3943.0,5163.0
0.7470526979186775,0.23422155900000002,0.033559426499999996,0.20409738924999998,3943.0,5163.0
0.774601484787488,0.626514820375,0.0490320535,0.24324662125000002,3943.0,5163.0
0.7327642176599737,0.11066588020000001,0.0930215528,0.4210096294,3943.0,5163.0
0.5996207202040181,0.0,0.09868831600000001,0.463819751,3943.0,5163.0
0.7480463910173298,0.20484642074999998,0.06560760850000001,0.4279587855,3943.0,5163.0
0.7747020147375845,0.6427521231666666,0.044415297500000006,0.3591264246666667,3943.0,5163.0
0.7584528965808202,0.3095000644,0.0623582902,0.39613215139999997,3943.0,5163.0
0.6208216483570228,0.000598741125,0.08568192675,0.29679592312499997,3943.0,5163.0
0.7091652218728488,0.10804550950000001,0.0488475125,0.11455741900000001,3943.0,5163.0
0.7759336181029268,0.5897008153333333,0.03317093222222221,0.11542381988888889,3943.0,5163.0
0.7523182181149192,0.218325272,0.042804872,0.22794146766666668,3943.0,5163.0
0.6220051047775387,0.0005453613333333333,0.0779651128888889,0.1487907401111111,3943.0,5163.0
0.7511716064257433,0.2692320806,0.058196088800000004,0.08790755239999999,3943.0,5163.0
0.779560760832719,0.5615799215714287,0.07510557142857142,0.1050449392857143,3943.0,5163.0
0.753778370028808,0.16034503133333333,0.12822946333333332,0.23617754300000002,3943.0,5163.0
0.5895847207494906,0.0040141086999999995,0.2565744194,0.3773542664,3943.0,5163.0
0.600010463628493,0.18183999750000002,0.2736077045,0.41011165,3943.0,5163.0
0.6614196419448967,0.5608446241428571,0.3076561704285714,0.48014528314285715,3943.0,5163.0
0.6557120644494836,0.2838929878,0.25742813659999997,0.39192481980000005,3943.0,5163.0
0.5811239311489369,0.0004543181111111111,0.22011231455555555,0.3317497125555555,3943.0,5163.0
0.6014978651507207,0.17001978425,0.13148748849999997,0.2415340305,3943.0,5163.0
0.6618382190982989,0.5301984823333333,0.1069363845,0.126868482,3943.0,5163.0
0.6496832379911553,0.22824585339999998,0.08969732620000001,0.125755583,3943.0,5163.0
0.6135917217783267,0.0033585557000000003,0.1144910407,0.16968238550000003,3943.0,5163.0
0.7670527657386605,0.248132062,0.08585830450000001,0.17142722825,3943.0,5163.0
0.7811388013569266,0.4346687203333333,0.10988762216666666,0.284355992,3943.0,5163.0
0.7597204946405234,0.141851447,0.125223998,0.48014781775,3943.0,5163.0
0.6213822923071468,0.0003526697777777778,0.15222946066666665,0.3955176123333333,3943.0,5163.0
0.7331064328526372,0.08006685433333334,0.11924408466666668,0.3326159766666667,3943.0,5163.0
0.77624761179161,0.38679257599999994,0.10047467666666665,0.3087377235,3943.0,5163.0
0.771043761666585,0.37901893775,0.09540833674999999,0.36919375375,3943.0,5163.0
0.6436973742453069,0.020571755,0.0883383050909091,0.19818210227272726,3943.0,5163.0
0.7332883086695605,0.12170725433333333,0.07328496333333334,0.11460275633333333,3943.0,5163.0
0.7775094190013755,0.49287058914285714,0.07186695385714285,0.144586498,3943.0,5163.0
0.7615763465932324,0.23901741799999998,0.0666523838,0.16127716399999997,3943.0,5163.0
0.6203037380937342,0.000860628,0.082240692625,0.193438436125,3943.0,5163.0
0.7067269532898044,0.0737150375,0.06502685175,0.1576319295,3943.0,5163.0
0.7780666488422,0.45375375599999995,0.07322681614285716,0.1877869144285714,3943.0,5163.0
0.7611794459790314,0.24590613859999996,0.0946419462,0.1859023212,3943.0,5163.0
0.6194053297505966,0.0005503374444444445,0.09910524966666667,0.1470688388888889,2977.4444444444443,3898.5555555555557
0.7413310834853845,0.149886425,0.07462621900000001,0.190212268,2205.0,2887.0
0.7742283813092564,0.4671717315,0.069803607875,0.24489778812500002,2205.0,2887.0
0.7493296646395177,0.181841242,0.08919867,0.34076060133333336,2205.0,2887.0
0.5910430017967367,0.0011302212222222222,0.07786567699999998,0.27378062200000003,2205.0,2887.0
0.5985761677477792,0.21315473525,0.039404192500000004,0.20827652074999997,2205.0,2887.0
0.6537882973628723,0.55383568625,0.028319553499999997,0.121523793125,2205.0,2887.0
0.5911740169122269,0.04979868516666667,0.12162848283333334,0.15584242258333333,2205.0,2887.0
0.5828951147307552,0.15135278833333335,0.13293453866666669,0.166407672,2205.0,2887.0
0.6563992655706824,0.5962819086666665,0.10241569883333335,0.17590126883333335,2205.0,2887.0
0.6530361345000238,0.33073806440000003,0.0999042722,0.302640874,2205.0,2887.0
0.6057399779017532,0.0052676438,0.12551692669999998,0.37162027750000004,2205.0,2887.0
0.7295072254381565,0.08416199099999999,0.08462745599999999,0.408099017,2205.0,2887.0
0.7801204112465674,0.4280810285714286,0.06525071642857143,0.4602214727142857,2205.0,2887.0
0.7604831222606959,0.22748491360000003,0.10573671340000002,0.5860753860000001,2205.0,2887.0
0.6186959977648786,0.0006636565555555555,0.1115243231111111,0.49316797566666665,2205.0,2887.0
0.7484953571435717,0.1420070012,0.08604983520000001,0.4720528916,2205.0,2887.0
0.7739446781075607,0.369053450375,0.12939868475000002,0.50244743675,2205.0,2887.0
0.6447905617009995,0.016321906416666667,0.17613859183333333,0.4993883944166666,2205.0,2887.0
0.7681688535826747,0.21473794379999997,0.1112219754,0.4860719048,2205.0,2887.0
0.778712479411689,0.4057610695,0.09054918099999999,0.3580258338333333,2205.0,2887.0
0.6980162547038403,0.059080766,0.06870316871428571,0.2459553902857143,2205.0,2887.0
0.6227297389560046,0.019541008000000002,0.05095448514285715,0.11559384028571427,2205.0,2887.0
0.77821842357973,0.3963567705,0.037015736199999996,0.0810209343,2205.0,2887.0
0.7522522306182569,0.177220181,0.025414821333333334,0.08703492966666666,2205.0,2887.0
0.624722544330414,0.0059127685,0.048781010400000005,0.12074178819999999,2205.0,2887.0
0.7540720238195056,0.200305299,0.032250523,0.11497067550000001,2205.0,2887.0
0.7785645805624858,0.5375658328888888,0.045825893666666666,0.19268928077777778,2205.0,2887.0
0.7304575987154207,0.10060617139999999,0.10021165039999999,0.4161134576,2205.0,2887.0
0.5588992068706945,0.005435761625,0.12846388050000002,0.41662136775,2205.0,2887.0
0.6238525233383438,0.31985922349999996,0.064792189,0.37312270225,2205.0,2887.0
0.6576545133147382,0.5401723522499999,0.05645771375,0.30839885875,2205.0,2887.0
0.5855910631052967,0.04315225085714285,0.08037541828571428,0.2774872195714285,2205.0,2887.0
0.6562589664166167,0.4398124585555556,0.06234964255555556,0.2668973934444444,2205.0,2887.0
0.6357907667977033,0.0818435234,0.0779820234,0.4029879108,2205.0,2887.0
0.6365652287057508,0.022026981699999997,0.1332242934,0.3874452975,2205.0,2887.0
0.7760855829834107,0.2854077044444445,0.19106893488888888,0.5228030871111112,2205.0,2887.0
0.7295197901170148,0.0799455486,0.21428080879999997,0.720569537,2205.0,2887.0
0.6357707265996517,0.030563661600000003,0.17692329270000004,0.6458710022,2205.0,2887.0
0.7727824286126925,0.3704648690000001,0.2075455238,0.5236638015,2205.0,2887.0
0.643747466666508,0.025074647299999996,0.35413219709999993,0.40316418600000004,2205.0,2887.0
0.707552524756814,0.08648786424999999,0.37419661400000004,0.1860508675,2205.0,2887.0
0.7734402865281734,0.3988801778,0.3390731556,0.17249929849999998,2205.0,2887.0
0.7216219378699195,0.07264565775,0.282996438,0.27390665425,2205.0,2887.0
0.6110503268968792,0.005559800625,0.244284769375,0.46485475137500004,2205.0,2887.0
0.7687534703001848,0.300857634,0.21002920519999999,0.6226014778000001,2205.0,2887.0
0.768190605952078,0.3287115345,0.26670358325,0.6021722700000001,2205.0,2887.0
0.7121820192730594,0.024202776,0.22353373433333332,0.4044244006666667,2205.0,2887.0
0.6371836981632913,0.027594819,0.1369466772,0.23895020220000002,2205.0,2887.0
0.7760774401297399,0.3460251606,0.1194764457,0.210890156,2205.0,2887.0
0.67971488563362,0.041608989166666666,0.1517609358333333,0.29095396016666664,2205.0,2887.0
0.5478685383299099,0.005494152666666666,0.12164397316666664,0.25237544633333336,2205.0,2887.0
0.613832619639115,0.19295097266666664,0.074621798,0.31713363833333336,2205.0,2887.0
0.6536006185189512,0.4837819228571428,0.145150098,0.41624026942857145,2205.0,2887.0
0.6422392398263306,0.2162990715,0.22120127575000004,0.48133786624999997,2205.0,2887.0
0.5727971416077206,0.0046010414,0.2030746616,0.5428773562,2205.0,2887.0
0.6233876910019882,0.20414922675,0.16017453275,0.45518352775000004,2205.0,2887.0
0.6528606164163129,0.3640946586,0.235252179,0.51657442,2205.0,2887.0
0.6433231405032054,0.20119392539999997,0.3057232326,0.5439610229999999,2205.0,2887.0
0.6221145094807468,0.010830382999999999,0.22149932045454548,0.5545120134545454,2205.0,2887.0
0.7740011024084545,0.2644865469090909,0.18192181336363633,0.45091828927272726,2205.0,2887.0
0.6429905920718668,0.0269980365,0.1922709901,0.5429140411000001,2205.0,2887.0
0.7030673325527663,0.1001027905,0.12739015975,0.31351370824999997,2205.0,2887.0
0.7782000711338269,0.53061000475,0.09250920625,0.1939711865,2205.0,2887.0
0.7604535942455495,0.3112162465,0.13150611075,0.24397428125,2205.0,2887.0
0.6358675428133661,0.024302852545454542,0.18183658645454548,0.2037284619090909,2205.0,2887.0
0.7738693720872853,0.4175836525,0.0390777235,0.1517769,2205.0,2887.0
0.7881710888940144,0.7794659864285716,0.034389976571428574,0.15105228714285715,2205.0,2887.0
0.7696940422827165,0.38174013175000004,0.0707990865,0.28806313925000004,2205.0,2887.0
0.6210496233712373,0.003990354875,0.14789620475,0.47193104512500006,2205.0,2887.0
0.7030697832556795,0.11798207675,0.1811834605,0.66363764075,2205.0,2887.0
0.7787385841722265,0.6670758198571428,0.19669741699999999,0.4817452387142857,2205.0,2887.0
0.770260657702699,0.5449056973333334,0.381024278,0.4207359376666666,2205.0,2887.0
0.6858594969950621,0.0767108215,0.4919836335,0.42947844683333325,2205.0,2887.0
0.6101260107585604,0.011553452666666667,0.39477604816666667,0.421906315,2205.0,2887.0
0.7688693911928819,0.43229168475,0.36344021425,0.41107574524999996,2205.0,2887.0
0.7719422106479312,0.7274385381249999,0.423598001875,0.41042613575,2205.0,2887.0
0.615966237716176,0.05163099325,0.3940491701666667,0.42430525575000005,2205.0,2887.0
0.6262878200831205,0.44829909775000004,0.21697712775,0.305150151,2205.0,2887.0
0.6524701596800023,0.762533237375,0.223502980125,0.27766316125,2205.0,2887.0
0.593795057090746,0.04915601611111112,0.2756384832222223,0.35068538188888887,2205.0,2887.0
0.571780817850687,0.095568883,0.1729187178,0.2725735332,2205.0,2887.0
0.6527105711123586,0.6899129191250001,0.13319385525000002,0.24831482224999998,2205.0,2887.0
0.6460255718955673,0.4208429353333334,0.237811495,0.4194492203333333,2205.0,2887.0
0.6245898774562959,0.036987327333333334,0.2927906475,0.4432345619166665,2205.0,2887.0
0.7742858486647061,0.5000957756666667,0.20493949999999997,0.290777516,2205.0,2887.0
0.7790988971600191,0.68454514125,0.30210722874999996,0.3447425385,2205.0,2887.0
0.7240171142539145,0.12928025425,0.3457736385,0.5478258012500001,2205.0,2887.0
0.6079142996079184,0.0082981855,0.31662374574999996,0.5145924989999999,2205.0,2887.0
0.7661023755204898,0.44448085825,0.14371396875,0.38964910975,2205.0,2887.0
0.7854122252480016,0.8643859089999999,0.1718384514,0.4558231666,2205.0,2887.0
0.7791785611398959,0.627312429,0.2710712073333333,0.6040336216666667,2205.0,2887.0
0.7266308344056767,0.13901761250000003,0.319965774,0.6844289932500001,2205.0,2887.0
0.6067841773989788,0.0083502075,0.290626443125,0.540163197375,2205.0,2887.0
0.7540307281327179,0.286544756,0.155634615,0.469860701,2205.0,2887.0
0.7875404303043435,0.7944891177142858,0.18282940585714286,0.46699646214285717,2205.0,2887.0
0.7774339371535098,0.5374980189999999,0.329844968,0.61830433175,2205.0,2887.0
0.6345179081157759,0.020571166600000003,0.38834835989999994,0.6459813249999999,2205.0,2887.0
0.7296824626132912,0.19825181966666663,0.299162954,0.568977116,2205.0,2887.0
0.7891578086040624,0.7415759938333334,0.3328500013333333,0.5321975183333333,2205.0,2887.0
0.7754414942474873,0.46939966299999997,0.4457501085,0.7295749283333334,2205.0,2887.0
0.6230524025713867,0.003960395111111111,0.3870657524444445,0.7675681181111111,2205.0,2887.0
0.7297616238920167,0.18995540333333336,0.27991841533333334,0.7263039509999999,2205.0,2887.0
0.7898589494294973,0.6091472756249999,0.2592832405,0.6492839595000001,2205.0,2887.0
0.7495326688546315,0.18363099033333333,0.25652404433333337,0.7304305718333333,2205.0,2887.0
0.5633238296887846,0.0,0.2520663778571429,0.659574644,2205.0,2887.0
0.5837741688841245,0.199891776,0.17930570666666668,0.5463375869999999,2205.0,2887.0
0.6722645289268642,0.7639650568571429,0.10063825885714285,0.43546207214285715,2205.0,2887.0
0.6743375947951019,0.5657821576666666,0.10235278366666667,0.487165919,2205.0,2887.0
0.6038376049830829,0.0449490366,0.1835579541,0.48684310379999995,1737.0,2274.6
0.5833712099351733,0.1275449975,0.118959108,0.1998221325,1035.0,1356.0
0.701083468913801,0.6834196384444443,0.08343608066666666,0.19372465477777778,1035.0,1356.0
0.677045690484154,0.191329529,0.167963739,0.32645439275,1035.0,1356.0
0.6114112323023615,0.0,0.18286031900000002,0.30537347575,1035.0,1356.0
0.7492898991434808,0.18684898875,0.09584065350000001,0.22918144549999997,1035.0,1356.0
0.8265920735981965,0.554592093875,0.080144027375,0.39742951337500004,1035.0,1356.0
0.7973838860694703,0.20390524899999998,0.07806535833333333,0.4769766803333333,1035.0,1356.0
0.6332085929001178,0.0062761818,0.08788524579999998,0.3731387268,1035.0,1356.0
0.7787650268975805,0.32783094199999996,0.0470374455,0.2168030825,1035.0,1356.0
0.825882427437969,0.6553990045,0.07652526516666668,0.3224839516666667,1035.0,1356.0
0.7937727764111319,0.26915734199999997,0.08346647799999998,0.35075692125,1035.0,1356.0
0.6283774633129082,0.0065770285,0.0697425651,0.1900777178,1035.0,1356.0
0.7789286131330312,0.39231025175,0.03082617875,0.093905757,1035.0,1356.0
0.8271665141983567,0.72128857,0.079994299,0.12459896933333332,1035.0,1356.0
0.766288184243091,0.173874177,0.10521837116666667,0.180915901,1035.0,1356.0
0.6036605089273345,0.002925350125,0.138812874875,0.18768267125,1035.0,1356.0
0.7694689116070442,0.19277722925000002,0.12309378875000002,0.12663606900000002,1035.0,1356.0
0.8012136429422513,0.45266417200000003,0.21214422612500003,0.30505479875,1035.0,1356.0
0.6462496010242311,0.02876852525,0.18420986316666665,0.22986206791666666,1035.0,1356.0
0.7710904467382971,0.311667413,0.12063265125,0.13306470425,1035.0,1356.0
0.8116377734881983,0.57983275625,0.134537441375,0.15850999637500002,1035.0,1356.0
0.7449269530435269,0.09635139125,0.14229071475,0.15873611399999998,1035.0,1356.0
0.5678779912821468,0.0567238469,0.12474706700000002,0.11658458949999999,1035.0,1356.0
0.688819030326482,0.692413851875,0.11679528537500002,0.08189586662500001,1035.0,1356.0
0.6771119477951237,0.3165310385,0.1960210625,0.21308009025,1035.0,1356.0
0.5832514835378145,0.0030647453333333334,0.24369569722222226,0.3039160973333333,1035.0,1356.0
0.5835104260354911,0.18827593766666664,0.14944756066666667,0.270189894,1035.0,1356.0
0.6875930191942154,0.7261752617142857,0.15795534128571426,0.2499390328571429,1035.0,1356.0
0.6863527100068004,0.5121449366666667,0.255595937,0.4318221043333333,1035.0,1356.0
0.6200122133480812,0.04970514611111112,0.3076904967777778,0.4287312683333334,1035.0,1356.0
0.6775986323163996,0.11456420779999998,0.2254678712,0.3019604482,1035.0,1356.0
0.810451562684719,0.7469280172857145,0.19508337371428572,0.23063834,1035.0,1356.0
0.793821639332548,0.42136955739999993,0.2716472116,0.2846791528,1035.0,1356.0
0.6205878700629105,0.0030042514444444442,0.2551092978888889,0.4016260204444444,1035.0,1356.0
0.7401003610949859,0.225535231,0.147373816,0.32595631625,1035.0,1356.0
0.7883638032917325,0.6697059376000001,0.16487470740000001,0.23014121780000002,1035.0,1356.0
0.7809191709160646,0.50814214425,0.28734888725,0.42373380425,1035.0,1356.0
0.7254550695222844,0.10066315925000001,0.3256139915,0.46537376875,1035.0,1356.0
0.6171331608975092,0.021131020555555557,0.23722452788888887,0.362056597,1035.0,1356.0
0.7834264801512336,0.540351075375,0.163885233625,0.258959821875,1035.0,1356.0
0.770548696018239,0.3347377028,0.20315976420000004,0.27397528880000005,1035.0,1356.0
0.616293007272477,0.002378165222222222,0.18482308722222224,0.302143946,1035.0,1356.0
0.7405105797116842,0.23339211399999998,0.0862486755,0.2133087965,1035.0,1356.0
0.797370470727629,0.5766385814444444,0.07663979677777778,0.22759537144444442,1035.0,1356.0
0.6460704605140747,0.034167447,0.12361547758333334,0.281641071,1035.0,1356.0
0.7778158808438781,0.4410619722,0.0387094396,0.128766427,1035.0,1356.0
0.8180968824515481,0.6497028468333333,0.05727919883333334,0.20060485716666665,1035.0,1356.0
0.7820321234656865,0.254389904,0.08588646266666666,0.2948017206666667,1035.0,1356.0
0.5914757916515306,0.0023903607777777777,0.1281622027777778,0.2987522894444445,1035.0,1356.0
0.5817950624367382,0.16718613733333335,0.068071853,0.171647558,1035.0,1356.0
0.6849712758371084,0.6455255901666667,0.037098423166666665,0.10116780566666668,1035.0,1356.0
0.6883159960351407,0.55663949325,0.040051113750000006,0.20255487649999998,1035.0,1356.0
0.5947829285776879,0.03708043181818182,0.11832530890909089,0.2619046739090909,1035.0,1356.0
0.6026833108256805,0.24242125575,0.042837763249999994,0.08043522175000001,1035.0,1356.0
0.6929039318008613,0.7303343475714286,0.04554254042857143,0.088866636,1035.0,1356.0
0.6753789895210947,0.29822091399999995,0.08417451100000001,0.253801415,1035.0,1356.0
0.6058961152082593,0.002134829888888889,0.12955810655555558,0.12773331044444444,1035.0,1356.0
0.7442529250294548,0.19134258575000002,0.110319346,0.14389331625000001,1035.0,1356.0
0.8234332138861775,0.544627110625,0.177472813625,0.39529202112499995,1035.0,1356.0
0.7827683797487809,0.22211826433333334,0.31437407666666667,0.5498913866666667,1035.0,1356.0
0.6233959375506549,0.0016962202222222224,0.26456035055555555,0.41149938555555554,1035.0,1356.0
0.7414506571193005,0.205142428,0.1356022385,0.235231502,1035.0,1356.0
0.8050125721995074,0.6060711188333334,0.13559898883333332,0.19168328166666668,1035.0,1356.0
0.801173751811001,0.446999433,0.15485551933333333,0.19437342766666665,1035.0,1356.0
0.6447513416349636,0.03664651781818182,0.11881826100000001,0.16274096436363636,1035.0,1356.0
0.7416686796757825,0.23136479375000002,0.059186404000000005,0.11442976475,1035.0,1356.0
0.8138636454143127,0.6936169283333333,0.06030916233333333,0.13143733316666667,1035.0,1356.0
0.7992051341469915,0.33894716140000003,0.0903652284,0.3222892614,1035.0,1356.0
0.6199838696479703,0.001697474888888889,0.15812162022222223,0.2447511991111111,1035.0,1356.0
0.7278349319005354,0.15181508233333332,0.08268013133333334,0.1925339703333333,1035.0,1356.0
0.8233653946136286,0.671340236,0.04401318271428571,0.16553086957142857,1035.0,1356.0
0.8186754666978753,0.4150225863333333,0.081107042,0.342992543,1035.0,1356.0
0.6536494796238896,0.026325829272727273,0.13330732636363637,0.2541568115454545,1035.0,1356.0
0.7411493555386142,0.16718097525,0.058268965000000006,0.1884928235,1035.0,1356.0
0.7996290344903174,0.48056798612500007,0.09896159625,0.262961214875,1035.0,1356.0
0.7360151833331758,0.0972669926,0.1653156348,0.3820733784,1035.0,1356.0
0.5576109027912037,0.0,0.12842772242857142,0.1895382067142857,1035.0,1356.0
0.5985209995846505,0.14854682675,0.08026360825000001,0.08408017749999999,1035.0,1356.0
0.6685070929301995,0.5126469756666666,0.08064337783333332,0.11690358899999999,1035.0,1356.0
0.6619718721896489,0.277482089,0.1090905714,0.12949884800000003,1035.0,1356.0
0.5762456615979916,0.03546121675,0.096958851,0.09704632558333333,1035.0,1356.0
0.6805052019623277,0.5295512459000001,0.1111873852,0.1530761718,1035.0,1356.0
0.6207109392239586,0.033822082888888896,0.17836752844444445,0.18146760055555555,1035.0,1356.0
0.6779802033608207,0.1026507784,0.1146476148,0.1776455924,1035.0,1356.0
0.8238586344340059,0.6513240648888888,0.091257033,0.11182910611111112,1035.0,1356.0
0.7983260149634891,0.23335473833333334,0.09062070233333332,0.21179003500000002,1035.0,1356.0
0.6258867536505255,0.0010184455555555555,0.10569624166666666,0.159004092,1035.0,1356.0
0.7487226923103792,0.20690800525000003,0.042524027500000006,0.062382401250000004,1035.0,1356.0
0.8336461017782684,0.6477291018000001,0.044377025199999996,0.087757361,1035.0,1356.0
0.8276618045971866,0.5173635575,0.07203151275,0.29358037574999996,1035.0,1356.0
0.6651663076987022,0.032352246999999994,0.12481049681818183,0.20860791509090906,1035.0,1356.0
0.7336426567504487,0.15000144133333335,0.065347965,0.11609574433333332,1035.0,1356.0
0.8351154806392997,0.6872688592857144,0.053203199,0.10890744085714286,1035.0,1356.0
0.8284013654200658,0.48691082166666666,0.06446497533333333,0.19141168066666667,1035.0,1356.0
0.6674206432813428,0.034464525833333336,0.09251960716666667,0.182396518,1035.0,1356.0
0.7989234136894148,0.4067287815,0.02527413175,0.062006355250000006,1035.0,1356.0
0.8466273160382429,0.7774227145,0.041634499166666665,0.1054900415,1035.0,1356.0
0.8300091204822231,0.46158723150000003,0.066342267,0.20689586999999998,1035.0,1356.0
0.7593279054279597,0.072611546,0.123472387,0.2299067526,1035.0,1356.0
0.6178901442735965,0.0014374571428571428,0.10828698157142858,0.159225645,1035.0,1356.0
0.7798912790121217,0.2321841815,0.0420787485,0.062249979,1035.0,1356.0
0.848205071454805,0.685131879,0.041094309333333336,0.07885665183333333,1035.0,1356.0
0.8308953825778926,0.46494529725,0.0919367285,0.27592382574999996,1035.0,1356.0
0.7127957928868125,0.0340215615,0.15474750533333334,0.3095907,1035.0,1356.0
0.553403937376167,0.0,0.20178755760000003,0.5909278054,1035.0,1356.0
0.6011841105104891,0.1587965365,0.21145452225,0.73009481525,1035.0,1356.0
0.6675885014394656,0.5617508534285715,0.2385424664285714,0.6296416472857143,1035.0,1356.0
0.6598643134501391,0.2874471855,0.21835532725,0.54351812025,1035.0,1356.0
0.576578807349831,0.030507732166666666,0.14630814166666664,0.5232508920833333,1035.0,1356.0
0.6789696693658429,0.5615895227500001,0.269252377625,0.7570152705,1035.0,1356.0
0.6731955481284566,0.259460185,0.289343317,0.7584817075,1035.0,1356.0
0.6169316549458367,0.000248559,0.217534342,0.6881121862222224,1035.0,1356.0
0.7307666796818421,0.11962598466666667,0.177519393,0.655657721,1035.0,1356.0
0.8181426434381529,0.5860170688749999,0.169587615875,0.5177516315,1035.0,1356.0
0.8000565853374477,0.29952954125,0.12147491599999999,0.21499559425,1035.0,1356.0
0.6416407033269462,0.01282221690909091,0.10606692872727273,0.2678069872727273,1035.0,1356.0
0.8150924124419229,0.564585696625,0.069274436625,0.177536587625,1035.0,1356.0
0.8048801389074175,0.3187502742,0.11327973760000001,0.1990431902,1035.0,1356.0
0.6255491180438351,0.00030458700000000004,0.17659042611111112,0.18752746511111112,883.8888888888889,1157.6666666666667
0.7370563621587898,0.187728654,0.09368663775,0.1232274045,763.0,999.0
0.794454415220235,0.7392790115,0.050783027333333335,0.0932399835,763.0,999.0
0.7869581327863218,0.5207880563333334,0.08758257266666665,0.205454814,763.0,999.0
0.6479617635762764,0.033994197,0.15241899174999998,0.20647559083333336,763.0,999.0
0.7491250709657905,0.241441937,0.09037649449999999,0.151578559,763.0,999.0
0.7978973467209975,0.7781919134285715,0.07559532942857142,0.0907616572857143,763.0,999.0
0.7924067782166483,0.625453242,0.11833748433333334,0.16726589066666667,763.0,999.0
0.6547160563032542,0.042120706818181815,0.24751413972727274,0.3061967034545455,763.0,999.0
0.7290313113698247,0.16393781733333332,0.143587457,0.2132741566666667,763.0,999.0
0.8038377646404398,0.7600552947777778,0.06400686655555556,0.10918904544444444,763.0,999.0
0.7759080195608435,0.29036123033333333,0.15840346766666666,0.31228794433333334,763.0,999.0
0.6050839785184502,0.0006263015000000001,0.24136694649999998,0.333071331,763.0,999.0
0.6390899167774052,0.3960013565,0.11271288775,0.2569694315,763.0,999.0
0.6818769620206364,0.7242090158750001,0.15893375862499998,0.36071130575,763.0,999.0
0.5910266153584092,0.041923785692307695,0.31408314830769224,0.465214899,763.0,999.0
0.6303618289499657,0.3705351445,0.12828861800000002,0.2512159055,763.0,999.0
0.6760188113983784,0.7897751616666667,0.07702280033333332,0.19218373166666666,763.0,999.0
0.6724537214171548,0.5560971053333333,0.08084889866666667,0.2911734876666667,763.0,999.0
0.6203888874766911,0.033438692416666665,0.13708081533333336,0.215113824,763.0,999.0
0.773966689925934,0.39401250775,0.026781052250000003,0.0445138745,763.0,999.0
0.8040032138412765,0.730229667125,0.028744373125,0.07435024800000001,763.0,999.0
0.706099987350107,0.06636626066666666,0.13948897933333335,0.1470623908333333,763.0,999.0
0.6434375876762461,0.05564257325,0.18008415249999998,0.16485685175,763.0,999.0
0.8077631834162281,0.6176466230000001,0.220320166,0.34807722188888884,763.0,999.0
0.7730949101961113,0.14429678033333335,0.31326585966666665,0.5220526580000001,763.0,999.0
0.6503166079493705,0.007313061727272727,0.22466005927272728,0.4446476199090908,763.0,999.0
0.773324055141058,0.338358502,0.0861883925,0.25862730824999997,763.0,999.0
0.783950993989141,0.53421678225,0.09870503975,0.2488230695,763.0,999.0
0.7710619034032147,0.31787603575,0.0644693065,0.24437992125,763.0,999.0
0.6306652352492975,0.0088599151,0.21034977279999997,0.2717973111,763.0,999.0
0.734333403431261,0.0775049015,0.35088530875,0.4638144695,763.0,999.0
0.7688640092997526,0.3042322155,0.39572790716666667,0.4964127615,763.0,999.0
0.7549339897446474,0.27666756124999997,0.33218376375,0.63037968975,763.0,999.0
0.6848507891828252,0.02112312925,0.20042107,0.57106322825,763.0,999.0
0.6318999568471997,0.04204547444444444,0.124132368,0.4730510951111111,763.0,999.0
0.7736150454876485,0.5992440741428571,0.17375482157142857,0.564166277,763.0,999.0
0.7683676764952262,0.4111564976666666,0.22122452466666664,0.6105415316666666,763.0,999.0
0.6738037365328928,0.0462499585,0.1730792906666667,0.5208401896666667,763.0,999.0
0.5563045488707025,0.050282111375,0.11048198025,0.20418084774999998,763.0,999.0
0.6517087588944592,0.6428205766666667,0.06758133816666667,0.11116522150000001,763.0,999.0
0.6561535498713322,0.5297158965,0.0881970795,0.10832504125,763.0,999.0
0.5797967829666048,0.02969049433333333,0.12497248791666665,0.2937686993333333,763.0,999.0
0.6220912324612847,0.36590878475,0.11954711625,0.46112099599999995,763.0,999.0
0.6713739048798257,0.679757868,0.183616443,0.3659738515,763.0,999.0
0.6137852134391557,0.022743447000000003,0.23209335963636366,0.3945610965454545,763.0,999.0
0.7220372611073912,0.05500194533333333,0.21529711799999998,0.45016832133333334,763.0,999.0
0.7727045546235035,0.3935073448888889,0.25694484655555555,0.46691563488888893,763.0,999.0
0.7249171622703796,0.0952153674,0.22749941239999996,0.5990381916,763.0,999.0
0.5898410637094239,0.0,0.18442023542857142,0.4344662972857143,763.0,999.0
0.7338160309573851,0.14369124500000002,0.1606832535,0.28719656225,763.0,999.0
0.7754020234275265,0.46623331671428575,0.22085723100000004,0.31376004,763.0,999.0
0.7338691846290685,0.12113883733333332,0.25070868716666667,0.504781531,763.0,999.0
0.6294675427922638,0.0341732486,0.14015894680000002,0.34198338670000006,763.0,999.0
0.7755221883014081,0.6322552244444445,0.10086500266666668,0.24907688055555555,763.0,999.0
0.7283450476814466,0.1642690786,0.10630955040000001,0.2948943404,763.0,999.0
0.6295950850590509,0.040848543,0.0755900179,0.27337954389999997,763.0,999.0
0.7875472612017979,0.7306239594285715,0.05269515071428571,0.29393640071428573,763.0,999.0
0.7853783961611214,0.5109912103333333,0.109529166,0.38509160366666667,763.0,999.0
0.6405313993836367,0.02415758909090909,0.22588673854545452,0.44292435254545465,763.0,999.0
0.7416797732022744,0.18828367240000002,0.15914848359999997,0.2859557478,763.0,999.0
0.7744795676263587,0.5463482303333332,0.14535981299999998,0.30734820250000006,763.0,999.0
0.7323419289410197,0.1641844765,0.21759642383333336,0.5111037900000001,763.0,999.0
0.5628601391555437,0.0314048659,0.1740153685,0.3706025161,763.0,999.0
0.6538547585524769,0.5537076727777778,0.10079806544444445,0.2973224573333333,763.0,999.0
0.6327734881390747,0.1258543638,0.14919316999999999,0.40914545420000004,763.0,999.0
0.5576134142251452,0.012143540000000001,0.12797665644444445,0.3207647088888888,763.0,999.0
0.6538707613534297,0.683769166111111,0.07928694633333333,0.4272525376666667,763.0,999.0
0.6428539671169391,0.21438083433333333,0.18123590616666665,0.6414968369999999,763.0,999.0
0.6334612732760884,0.0290202607,0.15199718250000002,0.3529441528,763.0,999.0
0.7804180439446872,0.546146311,0.09700212799999999,0.135528953875,763.0,999.0
0.7402219307523968,0.15225624716666666,0.16964507733333334,0.27367001333333335,763.0,999.0
0.6179775530338476,0.008683830222222223,0.12923797255555558,0.23448848155555554,763.0,999.0
0.7718730997602258,0.34713622099999997,0.044102296333333325,0.11606770100000001,763.0,999.0
0.787199710151014,0.5745101637142858,0.03772639942857143,0.10559033714285715,763.0,999.0
0.7017300408496252,0.07671895442857143,0.11499643342857145,0.21048259242857142,763.0,999.0
0.6353625694516669,0.042474283375000005,0.07867017412499999,0.181655905,763.0,999.0
0.7876907666345341,0.6790116173333334,0.017003098166666664,0.07277557633333333,763.0,999.0
0.7891346102430821,0.5959423046666666,0.037682617333333335,0.21921560233333334,763.0,999.0
0.7015421030181014,0.08112026671428571,0.11541799628571428,0.24376261957142858,763.0,999.0
0.6347233389917206,0.037294939875,0.09618529962500001,0.250323788625,763.0,999.0
0.7824244406231534,0.5775938808333333,0.09354829133333332,0.4499006953333333,763.0,999.0
0.7780425063149429,0.45254945575,0.2475387345,0.5946218719999999,763.0,999.0
0.640924691341938,0.015161724,0.25551168483333336,0.6709114499166665,763.0,999.0
0.7586586701178138,0.167270122,0.21111157325000002,0.46409052399999995,763.0,999.0
0.7691039623236665,0.49268421999999995,0.29063642683333335,0.5354186383333334,763.0,999.0
0.7533216622238467,0.2804523743333333,0.39660265100000003,0.7426764693333334,763.0,999.0
0.5969595108612924,0.0017468283636363636,0.2960523598181818,0.6418162780000001,763.0,999.0
0.6237193212429462,0.17399126825,0.21609793475,0.3223679295,763.0,999.0
0.6483876066972354,0.3986691512857143,0.2212177067142857,0.23302090857142854,763.0,999.0
0.6227309555917407,0.051577353571428564,0.18049663857142859,0.18722647914285714,763.0,999.0
0.5623773602159846,0.032623151375,0.1325949485,0.226309782375,763.0,999.0
0.6495131737431815,0.5607113045555555,0.21182903666666666,0.6291940596666667,763.0,999.0
0.6238846452928763,0.07162711114285715,0.2961481047142857,0.7117132315714285,763.0,999.0
0.6347556470425204,0.02132755325,0.22841106637500003,0.5846093755000001,763.0,999.0
0.7727678067937132,0.40479326188888887,0.13086103466666665,0.3911451961111111,763.0,999.0
0.6759688347245706,0.055993171625000004,0.1023597805,0.250038584125,763.0,999.0
0.6463080732546889,0.04417304700000001,0.10417944285714285,0.1809995977142857,763.0,999.0
0.7794580615962964,0.7282264425,0.05955167137499999,0.084869911375,763.0,999.0
0.7760177276055749,0.4548014575,0.109891499,0.1921382535,763.0,999.0
0.6402475288130253,0.015098200833333334,0.2312222873333333,0.3741610659166667,763.0,999.0
0.7616842390148746,0.2021398466,0.2510017864,0.4318672108,763.0,999.0
0.767965231341695,0.41434072583333337,0.3043989676666667,0.4701356408333333,763.0,999.0
0.6899262583068599,0.04653074914285714,0.2675970578571429,0.4146776402857143,763.0,999.0
0.6173643504252222,0.004408940857142858,0.13444436985714284,0.1390665745714286,763.0,999.0
0.7688175608143798,0.38917603375,0.08007530512500001,0.060418100625,763.0,999.0
0.7554769668969041,0.19830412425,0.110888459,0.16200873225,763.0,999.0
0.6378806037106471,0.0023057804166666668,0.11464086875,0.15159999416666667,763.0,999.0
0.7694267841917742,0.436738613,0.12290975774999999,0.09086037624999999,763.0,999.0
0.7562676631963076,0.29844024075000003,0.17920591225,0.188296794,763.0,999.0
0.7057924278086984,0.003111548,0.18306385166666664,0.23091281533333333,763.0,999.0
0.5730696581720579,0.030362408299999998,0.1658500636,0.2034788134,1485.4,1945.4
0.6541906593714565,0.7095069012857145,0.20148158257142854,0.09570391600000001,1666.0,2182.0
0.6491727695609785,0.4479308845,0.23758927500000002,0.175988011,1666.0,2182.0
0.5865502816221029,0.024815038846153846,0.23873133946153846,0.3320015569230769,1666.0,2182.0
0.655313014436322,0.749710659,0.11980756842857143,0.13252244942857141,1666.0,2182.0
0.6508940288398439,0.41187817750000005,0.180534242,0.26383309525,1666.0,2182.0
0.6097878187072118,0.0007755398000000001,0.16665219380000001,0.401851281,1666.0,2182.0
0.7545396196361652,0.23622357540000002,0.0771791842,0.2637904888,1666.0,2182.0
0.7793177366090355,0.6020805815,0.08746999200000001,0.2653433581666667,1666.0,2182.0
0.7405433738222319,0.12925165016666665,0.17937439916666664,0.4292223928333334,1666.0,2182.0
0.5983737111387889,0.0,0.1531549174285714,0.3789288741428572,1666.0,2182.0
0.7450998541115315,0.141539439,0.1129717605,0.36826649225,1666.0,2182.0
0.7781532973754569,0.54299311425,0.084170089875,0.34207775125000006,1666.0,2182.0
0.7169959844249597,0.06056401883333332,0.1754478075,0.5666071703333334,1666.0,2182.0
0.6538060897996087,0.048103659,0.1255846285,0.5268881697000001,1666.0,2182.0
0.7828019981888195,0.5099295713750001,0.082134873625,0.404188289875,1666.0,2182.0
0.6643616117770809,0.02272307442857143,0.14689133592857143,0.46240415907142857,1666.0,2182.0
0.7763877483028496,0.15844429299999999,0.12085950566666669,0.37234101699999994,1666.0,2182.0
0.7738551004703644,0.348238774875,0.129040721125,0.34508506825,1666.0,2182.0
0.6640661952980826,0.019106719428571426,0.16413200921428572,0.4793035572142857,1666.0,2182.0
0.7765705851576545,0.4927992855,0.147159392125,0.2105705165,1666.0,2182.0
0.7406011110130808,0.14339368283333334,0.14488535100000002,0.3632451036666667,1666.0,2182.0
0.5732876252740688,0.025349003599999996,0.0940935496,0.2032575848,1666.0,2182.0
0.6541400709558036,0.6683851222999999,0.035301827300000005,0.1291467559,1666.0,2182.0
0.5935076762331126,0.051993362933333336,0.08165015933333333,0.14224899706666663,1666.0,2182.0
0.6673015095204252,0.649718701875,0.043274540375000004,0.19723349199999998,1666.0,2182.0
0.6402229923499129,0.040554573600000005,0.09986186906666666,0.27903282339999996,1666.0,2182.0
0.783138620096912,0.644052998,0.05142131614285715,0.22590819499999998,1666.0,2182.0
0.7579555997880959,0.2711588323333333,0.11418824266666666,0.34869794299999995,1666.0,2182.0
0.6195586943144195,0.0,0.0937723282222222,0.4089731086666666,1666.0,2182.0
0.7702417766490504,0.32751418825,0.06671178825,0.427556092,1666.0,2182.0
0.7951677097075965,0.8167122776666668,0.054428957666666666,0.3153989861666666,1666.0,2182.0
0.7479589794581011,0.18069146883333334,0.0672210985,0.2719745505,1666.0,2182.0
0.6098465897632794,0.0,0.10492284962500001,0.2360862285,1666.0,2182.0
0.7694057481797372,0.29078344775,0.079670168,0.16997496425,1666.0,2182.0
0.782941776118945,0.566625832,0.07795756975,0.303469737625,1666.0,2182.0
0.6558583455528786,0.007370260692307692,0.1450374889230769,0.3522638276153846,1666.0,2182.0
0.7771556786899694,0.31737732025,0.12569963675,0.23409269287499998,1666.0,2182.0
0.7656648222787621,0.19503958474999997,0.17677080050000002,0.22585051125,1666.0,2182.0
0.648472164689973,0.00044369149999999997,0.12861294208333335,0.20762905016666666,1666.0,2182.0
0.7781206030331811,0.38756535466666664,0.06459584716666666,0.162088661,1666.0,2182.0
0.7722269274313162,0.448883499,0.12665694060000002,0.40967720539999997,1666.0,2182.0
0.7257585556699803,0.02898315625,0.196068347,0.5269190355,1666.0,2182.0
0.5726253272954909,0.0226751815,0.1561927862,0.368384605,1666.0,2182.0
0.6543511406301808,0.6991834039999999,0.059515304125,0.102107064875,1666.0,2182.0
0.6370559024670036,0.13366991714285714,0.12681649642857143,0.16109123914285714,1666.0,2182.0
0.5693947320251548,0.02240812711111111,0.13278044577777778,0.2986442168888889,1666.0,2182.0
0.6525938307311525,0.4626967955,0.044661953500000004,0.251577353,1666.0,2182.0
0.6594021884106852,0.6358871572857143,0.04102186242857143,0.12184338357142857,1666.0,2182.0
0.6154291614140455,0.0331339308,0.05015757970000001,0.08663824880000001,1666.0,2182.0
0.7084882959091838,0.10222904799999999,0.06999915233333333,0.16501169616666667,1666.0,2182.0
0.7901193310844564,0.7002443363333334,0.13529057166666666,0.28944491277777773,1666.0,2182.0
0.6497441274139284,0.009380425666666666,0.33534765299999997,0.6362994684166666,1666.0,2182.0
0.7696933991019671,0.24872122300000002,0.23360238725,0.55986758975,1666.0,2182.0
0.7852083888231514,0.5851447679999999,0.15386968514285715,0.4263736032857142,1666.0,2182.0
0.6556555093593156,0.02644374366666667,0.12116177075000001,0.41755956875,1666.0,2182.0
0.7450030352871932,0.1424731775,0.113088543,0.577613801,1666.0,2182.0
0.7861259965830714,0.667594889125,0.193086679125,0.6352949309999999,1666.0,2182.0
0.6741324811615345,0.04209308133333333,0.15870897255555555,0.5808021385555556,1666.0,2182.0
0.6678254541295331,0.03183431433333333,0.14866692199999998,0.6180736636666667,1666.0,2182.0
0.7853210666246943,0.6891825804285714,0.15286322785714287,0.5987149121428571,1666.0,2182.0
0.751961669080527,0.20318956400000002,0.23030519585714287,0.6803192208571429,1666.0,2182.0
0.6540585096865935,0.024164060181818183,0.4334650648181819,0.8034422093636362,1666.0,2182.0
0.7758925207110805,0.372581856875,0.427012049625,0.6739655355,1666.0,2182.0
0.715609124001936,0.034645819,0.2629676673333334,0.5969714416666666,1666.0,2182.0
0.5779816937623765,0.041559228999999996,0.1377641496,0.41396326950000006,1666.0,2182.0
0.6551733410424123,0.48056212,0.208678937375,0.514801372875,1666.0,2182.0
0.5919429882353691,0.01735896326666667,0.4367078297333333,0.6914357391333333,1666.0,2182.0
0.653310194677912,0.274345539,0.5207329792000001,0.72959207,1666.0,2182.0
0.6538929395450592,0.31827151800000003,0.6266241192500001,0.8541650734999999,1666.0,2182.0
0.6384984824907496,0.030495237999999997,0.5925969748,0.8376952652,1666.0,2182.0
0.6322930329651503,0.0002020002222222222,0.41604329711111115,0.584172162,1666.0,2182.0
0.8003552588165952,0.23734702400000002,0.437642055,0.4108940015,1666.0,2182.0
0.7797499707689131,0.6401826085,0.420938770875,0.368389262,1666.0,2182.0
0.7591034090795572,0.08851540425,0.467123827,0.47807463,1666.0,2182.0
0.647262192949298,0.0001776562,0.40962658090000004,0.4462250148,1666.0,2182.0
0.8085826965659234,0.3171118115,0.2903101645,0.374430931,1666.0,2182.0
0.7820765389621354,0.7817791991666668,0.2558453878333334,0.28631896183333333,1666.0,2182.0
0.7703542496302616,0.4828033863333334,0.304928076,0.33588765466666665,1666.0,2182.0
0.7202373277476595,0.0074606818000000005,0.32388127499999997,0.39509157540000006,1666.0,2182.0
0.6798582778766105,0.0648541998,0.22872356999999996,0.27150243430000004,1666.0,2182.0
0.7760550953812149,0.7112210718888891,0.12730651933333334,0.2053152888888889,1666.0,2182.0
0.6518004649619712,0.0030788729090909087,0.2065383988181818,0.3384594279090909,1666.0,2182.0
0.7588826031523918,0.073510182,0.1395166906666667,0.24544116766666665,1666.0,2182.0
0.7824107577340683,0.7656756432857142,0.03486450157142857,0.12721468657142856,1666.0,2182.0
0.7766915892984168,0.5140814730000001,0.030383534,0.064844413,1666.0,2182.0
0.6480237434863029,0.002449210181818182,0.04553880945454545,0.16394136336363638,1666.0,2182.0
0.7435604115082773,0.06339452866666666,0.09798255933333333,0.439264912,1666.0,2182.0
0.7778008909127571,0.6571981968571429,0.15265001914285717,0.5137449592857143,1666.0,2182.0
0.7711769415903182,0.505315403,0.382217877,0.656817406,1666.0,2182.0
0.7145156660401257,0.04429405433333333,0.5566633691666667,0.8181110028333335,1666.0,2182.0
0.5716152208207561,0.019450411222222224,0.44633525100000004,0.6699426091111111,1666.0,2182.0
0.6609944134705409,0.7217046324999999,0.23930402800000003,0.35652461916666667,1666.0,2182.0
0.6537013311605011,0.557781944,0.18071443075,0.27432779325,1666.0,2182.0
0.6103608153233692,0.014333578142857142,0.14651432314285714,0.22839451057142862,1666.0,2182.0
0.658992956729544,0.665473935,0.07860342614285713,0.16630106114285712,1666.0,2182.0
0.6534517712843145,0.3815936773333333,0.2005020936666667,0.408477298,1666.0,2182.0
0.6233784396610189,0.0007795489999999999,0.3192501235454546,0.7146879810000001,2456.4545454545455,3217.0
0.7765478303607317,0.088464648,0.41827833325,0.77392125675,3405.0,4459.0
0.7992344330228794,0.48158209533333335,0.4981659790000001,0.5640655618333333,3405.0,4459.0
0.7963476847352757,0.25047939750000003,0.505961565,0.44497240375,3405.0,4459.0
0.662294020268713,0.0,0.32043198436363635,0.48454116300000005,3405.0,4459.0
0.8026129971277106,0.18086373275,0.27919801749999995,0.629341258,3405.0,4459.0
0.7879197637008907,0.43137045816666664,0.3411873513333334,0.6137315124999999,3405.0,4459.0
0.750926877665807,0.0571254685,0.3149359235,0.6284538201666666,3405.0,4459.0
0.6519248482488497,0.0061995083999999995,0.21701021150000002,0.4347862054,3405.0,4459.0
0.7824487774543878,0.33174449887499996,0.175968483625,0.141288213375,3405.0,4459.0
0.7336204511077851,0.055231159714285716,0.22867543442857144,0.19327903342857142,3405.0,4459.0
0.6587179937829318,0.01642458111111111,0.19662414888888888,0.2336235516666666,3405.0,4459.0
0.7850107855102716,0.6987114798333334,0.07860135916666666,0.15704935849999999,3405.0,4459.0
0.7715556339478341,0.55886580225,0.10429200975,0.061317650249999994,3405.0,4459.0
0.7383898804087988,0.00129907025,0.22103008999999998,0.201445826,3405.0,4459.0
0.661894066726764,0.0169587725,0.26846411070000004,0.27267745649999997,3405.0,4459.0
0.7809518726151484,0.73147086375,0.10607390024999999,0.09371319812500001,3405.0,4459.0
0.7689088240042752,0.375201927,0.092023911,0.040153134,3405.0,4459.0
0.6575846686993319,0.000499851875,0.21734953075,0.039933996874999995,3405.0,4459.0
0.5800610839877339,0.023426685166666666,0.29595245483333327,0.071774979,3405.0,4459.0
0.6542529578561733,0.558710598375,0.30757451125,0.3531541215,3405.0,4459.0
0.6422176382892081,0.05862732066666667,0.44143395433333327,0.8144731238333334,3405.0,4459.0
0.57919801586427,0.0027475258,0.4612110992,0.9199101417,3405.0,4459.0
0.6714907395032607,0.21175848474999998,0.32799133562500005,0.7740330280000001,3405.0,4459.0
0.6674086596907619,0.04267077016666667,0.23621249633333333,0.4449212743333333,3405.0,4459.0
0.6153776801716438,0.0,0.16597170314285714,0.22601600157142857,3405.0,4459.0
0.7815450944669389,0.07629108975,0.1393113225,0.1579194215,3405.0,4459.0
0.7868597208334029,0.5284411621666667,0.08028771483333333,0.08613188183333333,3405.0,4459.0
0.7705898261802216,0.14557178516666666,0.07498931133333332,0.10225284183333333,3405.0,4459.0
0.6696959862890077,0.008880924272727271,0.13999917727272726,0.21230738363636362,3405.0,4459.0
0.7824604579745706,0.607098653888889,0.1552564803333333,0.14494567466666666,3405.0,4459.0
0.681959568315933,0.02199606722222222,0.36414772633333337,0.44407737499999994,3405.0,4459.0
0.705920613438468,0.05547150985714285,0.3964638272857143,0.6623609115714286,3405.0,4459.0
0.778827761554595,0.5409407623333333,0.4021485291666667,0.6002116201666666,3405.0,4459.0
0.7712887196315861,0.2817330305,0.44997575349999996,0.6104686724999999,3405.0,4459.0
0.739350337326987,0.0195543762,0.49120718659999996,0.7828020732000001,3405.0,4459.0
0.6606450084145187,0.02726552836363636,0.530405689,0.8681256826363636,3405.0,4459.0
0.7781644271333844,0.5540930866666667,0.4481636793333334,0.8064788716666667,3405.0,4459.0
0.7474500515861818,0.09601007242857143,0.40583122385714276,0.6267827877142856,3405.0,4459.0
0.6341635501256948,0.0,0.421661336,0.7892185306666667,3405.0,4459.0
0.7820534736648884,0.18191238666666668,0.45673970933333335,0.8603220433333334,3405.0,4459.0
0.7762033885002064,0.5781590443333333,0.3968230273333333,0.8374055225,3405.0,4459.0
0.7429790106337703,0.07527006866666668,0.3527323528333333,0.7979741575,3405.0,4459.0
0.5764522779028983,0.0084418313,0.4285604001,0.8654952519,3405.0,4459.0
0.6529072526867407,0.5033970426666666,0.38276944333333335,0.861209827,3405.0,4459.0
0.656442165547813,0.6502826006666665,0.3829977833333333,0.8026834158333332,3405.0,4459.0
0.6359305100166878,0.02579390133333333,0.4462274571666667,0.6678364768333332,3405.0,4459.0
0.5714234337973765,0.006813784777777778,0.5900731348888889,0.5514161714444444,3405.0,4459.0
0.6540910793396627,0.4729089735714286,0.5962578647142857,0.6186006701428572,3405.0,4459.0
0.6389704133537599,0.06731815166666667,0.4952382444444445,0.4513451508888888,3405.0,4459.0
0.6540671546511782,0.004603983,0.36570802974999994,0.316114663375,3405.0,4459.0
0.7786494279177815,0.34615406,0.2613672478571428,0.22336447285714284,3405.0,4459.0
0.7491896062738739,0.08189859942857143,0.2269404974285714,0.13535529814285716,3405.0,4459.0
0.6537361398485482,0.0045280258,0.155885491,0.21567054339999997,3405.0,4459.0
0.7795005755820563,0.5384782172857142,0.05971294842857143,0.18385630328571428,3405.0,4459.0
0.7499804609965447,0.1148635577142857,0.05713858971428571,0.135311482,3405.0,4459.0
0.6577878706877173,0.0046612005,0.0531996108,0.1233861681,3405.0,4459.0
0.7802464452285522,0.41785962022222223,0.04180922533333334,0.05216027933333332,3405.0,4459.0
0.711340750374899,0.011511612285714286,0.21594312299999996,0.28959038642857143,3405.0,4459.0
0.6059638621451706,0.0,0.27574300279999997,0.6051042167999999,3405.0,4459.0
0.7754296156314696,0.1480272952,0.2971344598,0.673887616,3405.0,4459.0
0.7776734614625721,0.5788664201428572,0.23618871028571428,0.6240266005714286,3405.0,4459.0
0.7478626226699892,0.0208149684,0.3788218958,0.7561752716,3405.0,4459.0
0.6736430321382949,0.03152564881818182,0.2188247330909091,0.44476266472727277,3405.0,4459.0
0.7853321768462229,0.6726724415,0.08989351416666667,0.28104888433333336,3405.0,4459.0
0.761510210025271,0.14308909042857146,0.2147480472857143,0.39149644914285714,3405.0,4459.0
0.5916545654928651,0.0032411626,0.2177018901,0.36033553100000004,3405.0,4459.0
0.6673073399032426,0.5598231371111111,0.12792360511111112,0.22539386855555557,3405.0,4459.0
0.6443597229048674,0.01394632875,0.236591934,0.320841691,3405.0,4459.0
0.5978368535286228,0.004915895142857144,0.14546574599999998,0.20219777928571428,3405.0,4459.0
0.6694661826117775,0.656293397875,0.09634860875000001,0.109508130875,3405.0,4459.0
0.6524781937192836,0.065648588625,0.31545877424999996,0.417509398375,3405.0,4459.0
0.6674213381791024,0.00368880175,0.33377496662499995,0.8065442899999999,3405.0,4459.0
0.7936589453250811,0.47864319714285714,0.3835407434285715,0.787129246,3405.0,4459.0
0.7863435016488559,0.271435522,0.5112525256666667,0.7381129866666667,3405.0,4459.0
0.6769209431497126,0.0,0.41832279333333333,0.5362325365555556,3405.0,4459.0
0.7645573835880259,0.10498205314285713,0.22090791599999998,0.48027118514285716,3405.0,4459.0
0.7865057360419135,0.6496465284285714,0.19614795257142856,0.5201006905714285,3405.0,4459.0
0.7610573063090509,0.0179125224,0.325236209,0.5575114494,3405.0,4459.0
0.6599142520414978,0.0024323577,0.2488043953,0.3207578437,3405.0,4459.0
0.7893029647615685,0.480581552875,0.19105525312500002,0.144044013375,3405.0,4459.0
0.7531531081181968,0.05443669833333333,0.2583647416666667,0.22978659516666666,3405.0,4459.0
0.6554469598320694,0.0017982029,0.17281105729999996,0.2016551656,3405.0,4459.0
0.7988070321062664,0.4904121978571429,0.056879697857142864,0.081939121,3405.0,4459.0
0.7780115139004105,0.14172345057142857,0.08102612414285715,0.11098475757142859,3405.0,4459.0
0.6291078194402172,0.0,0.06482447050000001,0.285985827625,3405.0,4459.0
0.8090607693343229,0.11477365325000001,0.08064280675,0.42861240825,3405.0,4459.0
0.8014223712704245,0.3443765342857143,0.14310897057142857,0.5704530687142857,3405.0,4459.0
0.7757278677275045,0.0032015242,0.21111421260000002,0.7547597402,3405.0,4459.0
0.6072215864793294,0.0004240693,0.18965787950000002,0.6828939989,3405.0,4459.0
0.7173259365375201,0.224244189,0.16037594233333333,0.5225565153333334,3405.0,4459.0
0.7134287136563712,0.306246946,0.19159244549999999,0.4560866958333334,3405.0,4459.0
0.6506178321909224,0.0022636023333333336,0.44049755380000005,0.8111034791999999,3405.0,4459.0
0.7144844687365629,0.18832387914285717,0.5703399167142857,0.8845751035714285,3405.0,4459.0
0.7342345331169042,0.033010879,0.5643281912857143,0.8958032624285714,3405.0,4459.0
0.7030552968570869,0.005116325181818183,0.3744961061818182,0.8364459705454547,3405.0,4459.0
0.8568392790597691,0.113496784375,0.46114617987499995,0.719244928875,3405.0,4459.0
0.7380033932821871,0.0007871040769230769,0.440039431,0.5938327037692308,3405.0,4459.0
0.825435305542563,0.24583880177777775,0.45242199811111106,0.4740943997777778,3405.0,4459.0
0.8205406681596888,0.060427938,0.4163520324285714,0.5016968352857142,3405.0,4459.0
0.6985961972829077,0.004777839636363636,0.4079828758181819,0.5304239571818182,3405.0,4459.0
0.8205867480519878,0.15826002814285717,0.42600237342857145,0.4504836608571429,3405.0,4459.0
0.8001141968719917,0.0099067475,0.4641719916666667,0.440475412,3405.0,4459.0
0.6665339505930516,0.0,0.36073775525000007,0.442769639875,3577.5,4684.75
0.8645957854300396,0.06065253375,0.29718820625,0.4696138945,3635.0,4760.0
0.8536215052768539,0.301648927,0.2793692466,0.4549756514,3635.0,4760.0
0.8352130630355851,0.043182812,0.243202771375,0.39449189175000005,3635.0,4760.0
0.6565101120814492,0.0,0.11316128116666667,0.19629548933333332,3635.0,4760.0
0.8689288464346232,0.09130458020000001,0.0716023272,0.20323666199999998,3635.0,4760.0
0.8629530405791832,0.43662804716666664,0.10739521983333333,0.12151558133333334,3635.0,4760.0
0.86572521533852,0.032940975000000004,0.252985733,0.13981216242857145,3635.0,4760.0
0.6779601365668955,0.017944719199999997,0.24707564510000002,0.38787435239999996,3635.0,4760.0
0.7390009556516857,0.5320559843333333,0.10787457583333333,0.43970042950000005,3635.0,4760.0
0.7573676563490125,0.22784469766666668,0.11097859566666668,0.4139854043333333,3635.0,4760.0
0.7013012258325471,0.00020978157142857143,0.16746620064285714,0.506807711,3635.0,4760.0
0.7333483868608293,0.45985962100000005,0.12745096266666667,0.4248208732222223,3635.0,4760.0
0.6910583163204946,0.0007742081666666667,0.4600922739166666,0.6461702655833333,3635.0,4760.0
0.845672669758167,0.10054847019999999,0.4459948691999999,0.6002760696,3635.0,4760.0
0.827685527873166,0.40238230566666666,0.3128692398333333,0.37465690216666664,3635.0,4760.0
0.7282765471256549,0.01050230476923077,0.41069861453846157,0.3871347102307693,3635.0,4760.0
0.8209856637306068,0.0497959366,0.3803197198,0.427929201,3635.0,4760.0
0.8254675181070009,0.3076252474,0.3664971318,0.5797319320000001,3635.0,4760.0
0.82284913740123,0.04857834071428572,0.4804413611428572,0.8468158835714286,3635.0,4760.0
0.6550739717089243,0.0,0.6384718255,0.8934628588333333,3635.0,4760.0
0.8054648665102472,0.0317921135,0.6830372525,0.914720103,3635.0,4760.0
0.8532491721390979,0.19030939533333333,0.5797839873333334,0.9133019051666665,3635.0,4760.0
0.8328459013721776,0.018069542833333334,0.44262533783333335,0.7826996218333333,3635.0,4760.0
0.7435236881451459,0.04333163625,0.2453407506666667,0.7081445208333333,3635.0,4760.0
0.8637999393464861,0.5255201564,0.22367606780000004,0.7141560591999999,3635.0,4760.0
0.87648558951258,0.0721099272,0.36650595360000005,0.8130630604,3635.0,4760.0
0.7515064176945504,0.019108718642857143,0.3524705028571429,0.7065700232857142,3635.0,4760.0
0.8458923904599763,0.3667827548333333,0.27650705999999997,0.7748174883333334,3635.0,4760.0
0.7637067732633668,0.012457565700000001,0.5495297010000001,0.8878496541999998,3635.0,4760.0
0.6386050519625844,0.0185337905,0.679016968625,0.858357417625,3635.0,4760.0
0.7102452815843796,0.17767770557142856,0.6015201078571428,0.8334285452857142,3635.0,4760.0
0.6582929147231195,0.02222852394117647,0.612307876352941,0.8726463802941176,3635.0,4760.0
0.7020236076607723,0.3921844834,0.5446197845999999,0.8066829457999999,3635.0,4760.0
0.6754758241714888,0.02894738642857143,0.45442363578571426,0.5567204553571429,3635.0,4760.0
0.8229898522024124,0.06723500099999999,0.46446192119999996,0.6455687313999999,3635.0,4760.0
0.839996780861282,0.3016997633333333,0.3691952608333333,0.6298595151666667,3635.0,4760.0
0.7954748792833435,0.013872011125,0.324336615125,0.676671194375,3635.0,4760.0
0.7187512589038865,0.011768548111111112,0.25081894466666665,0.6496899314444445,3635.0,4760.0
0.8455653806487745,0.4627170247142857,0.12578704842857144,0.47137917514285704,3635.0,4760.0
0.8126954506947734,0.026902363125000002,0.13839425762500002,0.442988823375,3635.0,4760.0
0.7555519069758828,0.035075658999999995,0.20326177620000002,0.5479402493,3635.0,4760.0
0.8520036901611165,0.44578948616666664,0.14542998866666665,0.344040855,3635.0,4760.0
0.8147517833905596,0.020107912875,0.266095732125,0.441375434375,3635.0,4760.0
0.7342847297041109,0.014244804111111111,0.269329787,0.4235030215555555,3635.0,4760.0
0.8717752821766481,0.4749579325,0.16118095600000001,0.3690192411666666,3635.0,4760.0
0.8560752250722805,0.07970863514285713,0.16431811628571427,0.32294782285714285,3635.0,4760.0
0.7464233625806066,0.029090197333333335,0.12281738549999999,0.23265993041666666,3635.0,4760.0
0.9016685498470198,0.469186833,0.070864157,0.21984341166666665,3635.0,4760.0
0.8731071639707685,0.029244545,0.1981700965714286,0.4159824915714285,3635.0,4760.0
0.6768588970156826,0.0102099066,0.22660452760000002,0.5035836146,3635.0,4760.0
0.7621424105411515,0.42274018599999996,0.23282275500000002,0.5206114496666667,3635.0,4760.0
0.7628987947359218,0.054434610333333334,0.4883929683333334,0.7934432003333334,3635.0,4760.0
0.6945100011251938,0.0567665306,0.5142182014,0.8560173435999999,3635.0,4760.0
0.7649932759826232,0.662339394,0.34220429880000003,0.8055946744,3635.0,4760.0
0.7918651491572711,0.10025772657142858,0.44285418085714284,0.8733667137142858,3635.0,4760.0
0.7788016168809855,0.01079698,0.39168518218181825,0.8352550858181819,3635.0,4760.0
0.93266331879886,0.4698192911666666,0.3751778538333333,0.8064176179999999,3635.0,4760.0
0.9149795084008173,0.06570591242857143,0.422943243,0.8461456202857143,3635.0,4760.0
0.7886805564572215,0.023313785416666667,0.2794025669166667,0.66503270275,3635.0,4760.0
0.9394321127023189,0.32795074479999997,0.148692,0.30996982440000004,3635.0,4760.0
0.906274886658773,0.032902734875,0.11490834762499999,0.17501721450000002,3635.0,4760.0
0.7765661495263592,0.0065896264,0.142128788,0.435323763,3635.0,4760.0
0.9312233046450958,0.4519229739999999,0.09451221416666668,0.4620388910000001,3635.0,4760.0
0.9110601178879828,0.07052555885714286,0.15506990385714284,0.4581672958571429,3635.0,4760.0
0.7868281243386397,0.028120337750000002,0.22672083349999997,0.47402983083333333,3635.0,4760.0
0.9206275926627949,0.44525298516666667,0.11146467316666668,0.34810721149999996,3635.0,4760.0
0.9037540228297051,0.021658284833333333,0.2153849843333333,0.3437862901666667,3635.0,4760.0
0.7803517681573301,0.019276075916666666,0.2843982504166667,0.4772025456666666,3635.0,4760.0
0.9085544740821602,0.2631282748333333,0.2254529388333333,0.4255409261666667,3635.0,4760.0
0.8905654307862648,0.008317227,0.2707006846666667,0.40194668633333336,3635.0,4760.0
0.6696109632388265,0.005451884727272727,0.2760584579090909,0.28171445263636363,3635.0,4760.0
0.7446578003003355,0.33734046728571426,0.16766252457142855,0.23464811757142856,3635.0,4760.0
0.7714374760269997,0.021204125666666667,0.155884735,0.17595366233333334,3635.0,4760.0
0.6747486343432162,0.0032658905454545457,0.2906086859090909,0.37253400654545454,3635.0,4760.0
0.7730122151944713,0.08608374791666666,0.3412510478333333,0.5841095056666666,3635.0,4760.0
0.753277657063487,0.001750225,0.14613636424999998,0.32043343800000007,3635.0,4760.0
0.9150518514733056,0.15789810533333334,0.24718024133333336,0.22046320183333332,3635.0,4760.0
0.9151559706387525,0.0303939552,0.33349807039999996,0.2537217476,3635.0,4760.0
0.7169366356544533,0.0,0.30185837633333334,0.17827998166666664,3635.0,4760.0
0.8780974106150164,0.0353844086,0.261784698,0.3835467428,3635.0,4760.0
0.9067321039901809,0.2073654144285714,0.32020005342857144,0.7544651612857144,3635.0,4760.0
0.8423949787974399,0.0,0.380779145,0.8175952714285716,3635.0,4760.0
0.748683190526099,0.0038582332222222224,0.3778124053333333,0.7762809037777777,3635.0,4760.0
0.8821720337458001,0.18399885675,0.31790451625,0.793241516,3635.0,4760.0
0.8508837425846665,0.0,0.3988762376,0.8142711276,3635.0,4760.0
0.7239372990184644,0.0030121422727272724,0.5441927626363635,0.8755039565454545,3635.0,4760.0
0.858458897359877,0.33613494099999996,0.5977815932857142,0.8732295368571429,3635.0,4760.0
0.7414421137861845,0.006635581214285715,0.47142261407142855,0.8246401125714288,3635.0,4760.0
0.8752368195249296,0.16968517145454545,0.2893575768181818,0.7342980605454545,3635.0,4760.0
0.8543326203537207,0.0,0.2807626998333333,0.6485140338333334,3635.0,4760.0
0.6664706396583695,0.0023513808,0.32412021620000003,0.7978958938,3898.7,5105.6
0.7583232400011649,0.13502236866666667,0.42929257183333336,0.8795470485,3928.0,5144.0
0.7555046706121705,0.009075756142857144,0.5352612505714286,0.8610416395714285,3928.0,5144.0
0.6497301921178716,0.0017166335000000001,0.6202624549999999,0.8701544389166668,3928.0,5144.0
0.7218207810255045,0.03548782142857143,0.5488960074285715,0.8625151028571428,3928.0,5144.0
0.6775456678614801,0.0,0.6056465475,0.87906260025,3928.0,5144.0
0.855288677144805,0.05918559333333334,0.6473516205000001,0.8931927495833333,3928.0,5144.0
0.8487631009584808,0.0,0.6929848003999999,0.8821163572000001,3928.0,5144.0
0.7324685575980976,0.0012541643636363635,0.3824499585454546,0.4295928331818182,3928.0,5144.0
0.8905321339408193,0.24492833516666668,0.12663554566666665,0.07767096833333333,3928.0,5144.0
0.9000568027065367,0.03688464457142858,0.100436349,0.24777865400000001,3928.0,5144.0
0.7523131897151863,0.0021536445454545454,0.17843421927272726,0.5872435698181818,3928.0,5144.0
0.9030541831004769,0.23546115683333335,0.18850069783333334,0.6577574905,3928.0,5144.0
0.8628206664579336,0.01978308925,0.37102279275000005,0.784419074875,3928.0,5144.0
0.7237047169093219,0.0008650787,0.43092172200000006,0.7323778679999999,3928.0,5144.0
0.8757417268755366,0.096718295125,0.385193500625,0.8011140103750001,3928.0,5144.0
0.7403349951045431,0.0,0.38078189749999997,0.8249833493333333,3928.0,5144.0
0.8524935986668171,0.0409360935,0.5203629325,0.8838103161666666,3928.0,5144.0
0.8850714679418276,0.1947766106666667,0.6841841481666666,0.8982202199999999,3928.0,5144.0
0.8635419598583495,0.0,0.7854758331666667,0.9210924186666668,3928.0,5144.0
0.6634829075653642,0.013955451909090909,0.7139139494545454,0.9278811855454543,3928.0,5144.0
0.7441526279366736,0.17944011149999997,0.7251450706666667,0.9282603721666668,3928.0,5144.0
0.7331718103922997,0.0042580005,0.795285461625,0.9056063326250001,3928.0,5144.0
0.6494951093733992,0.0143222503,0.8682435277,0.926769223,3928.0,5144.0
0.7468728677535719,0.24528337785714283,0.8700366031428572,0.9309587134285715,3928.0,5144.0
0.7039591502617869,0.0,0.6379668545,0.8231500911666666,3928.0,5144.0
0.8674177586347483,0.00300828475,0.436437902,0.63110589475,3928.0,5144.0
0.9112786172690323,0.30548453214285715,0.336048556,0.3863217911428572,3928.0,5144.0
0.900187653954673,0.01206986857142857,0.21186389685714285,0.2054219902857143,3928.0,5144.0
0.7721328963900587,0.0013626986,0.131440659,0.12914730189999998,3928.0,5144.0
0.9389809531555877,0.335787743,0.085171445375,0.21169750337499998,3928.0,5144.0
0.9170922732199674,0.0,0.14396983966666668,0.368259079,3928.0,5144.0
0.8107914815538593,0.018502546454545455,0.15226900463636364,0.3758216285454546,3928.0,5144.0
0.9622495074488734,0.4088726321666667,0.09355976849999999,0.28089975116666666,3928.0,5144.0
0.9553234111275041,0.0190081205,0.21715408383333337,0.5304176813333333,3928.0,5144.0
0.8038196188935622,0.0007621668181818181,0.3415757226363636,0.7591105280909091,3928.0,5144.0
0.9648431972975421,0.1419961703076923,0.3252270283076924,0.6878097445384616,3928.0,5144.0
0.8044913151645825,0.0007747829090909091,0.20640557300000004,0.34157844945454546,3928.0,5144.0
0.974237501961491,0.47545326485714284,0.12483641585714286,0.17455366557142857,3928.0,5144.0
0.9589534018057445,0.023481244,0.17723613949999997,0.2534777283333333,3928.0,5144.0
0.7348740260168741,0.013325241916666666,0.20995805158333336,0.6970567194999999,3928.0,5144.0
0.8207154701695071,0.15744795685714288,0.3253485172857143,0.8409772197142857,3928.0,5144.0
0.7431994210312659,0.0,0.41378170574999995,0.7706597004166665,3928.0,5144.0
0.7576289596261232,0.0637621682,0.1944192783,0.5465722304,3928.0,5144.0
0.7992344879410173,0.012786325857142856,0.3231293114285715,0.8284270424285715,3928.0,5144.0
0.7698208940438933,0.013635045166666667,0.4283563925833334,0.7584164729166667,3928.0,5144.0
0.916071156216648,0.266411918,0.26819537557142853,0.5795359117142856,3928.0,5144.0
0.8985121371468549,0.0,0.27529648033333337,0.7462659344999999,3928.0,5144.0
0.7699860977984427,0.0009359811,0.4176455623,0.8567028164,3928.0,5144.0
0.9312915395116104,0.30420390599999997,0.5842065853333334,0.9107718231666667,3928.0,5144.0
0.9053813770647023,0.030608330285714285,0.681578307142857,0.9156519738571428,3928.0,5144.0
0.752399730298758,0.008998090083333334,0.5074929330833332,0.846923091,3928.0,5144.0
0.9061466413393053,0.13275405466666668,0.4097474540833333,0.7803790690833333,3928.0,5144.0
0.7561324489234231,0.0004818928181818182,0.4700697448181818,0.8712852033636364,3928.0,5144.0
0.9120029945007749,0.25214897328571423,0.4486947102857143,0.8004346034285713,3928.0,5144.0
0.8539589107276624,0.011215508125,0.50966163225,0.8594685705,3928.0,5144.0
0.7489582023520955,0.0030698645,0.6901139205999999,0.8787059511,3928.0,5144.0
0.8718183965389251,0.02764298916666667,0.6869251230833333,0.8711348729166666,3928.0,5144.0
0.6548015793801508,0.0041194345000000005,0.6154627303333332,0.85675917475,3928.0,5144.0
0.7337984278164765,0.124644376,0.43009777400000004,0.690906706,3928.0,5144.0
0.6845620319597508,0.003026551470588235,0.3008341545294118,0.6100453921764706,3928.0,5144.0
0.7296599866248074,0.11709151442857142,0.4725150190000001,0.7282490094285714,3928.0,5144.0
0.6831186441397997,0.0,0.4145861769166666,0.5438643148333333,3928.0,5144.0
0.8627122329236597,0.010485581400000001,0.2445896938,0.2107795306,3928.0,5144.0
0.9069900044871227,0.13496794085714287,0.19080818357142856,0.15211650885714284,3928.0,5144.0
0.8953591398785434,0.0,0.22373094666666668,0.20320685666666663,3928.0,5144.0
0.8049166199928841,0.020534768454545452,0.17406094736363636,0.25052951545454544,3928.0,5144.0
0.9582267729472287,0.45967475828571436,0.06913385471428571,0.18875629842857142,3928.0,5144.0
0.8254292459738037,0.0,0.1488214110833333,0.21142186925000003,3928.0,5144.0
0.933798270659438,0.0452727724,0.1502542508,0.1645279492,3928.0,5144.0
0.9694030187685406,0.5272423818333334,0.06607177366666667,0.10147003799999998,3928.0,5144.0
0.9801471619280966,0.036488994,0.12149955975000001,0.13465656825,3928.0,5144.0
0.8320860717791758,0.013212461142857143,0.08449366235714287,0.09023573835714285,3928.0,5144.0
0.9726691373994393,0.3243426228571429,0.02511927014285714,0.040039939571428575,3928.0,5144.0
0.935640871905882,0.0,0.034244245,0.024232893833333335,3928.0,5144.0
0.799999671737878,0.000347397,0.048436989699999995,0.0481829639,3928.0,5144.0
0.9744024329300035,0.11876708200000002,0.06427405855555555,0.09136804655555555,3928.0,5144.0
0.9112957971184452,0.0,0.0984921036,0.13940544400000002,3928.0,5144.0
0.7012792484249243,0.011259406818181819,0.102412208,0.19532512118181816,3928.0,5144.0
0.7964393619270095,0.29610139533333335,0.10883429500000001,0.4362909748333333,3928.0,5144.0
0.7959305480928455,0.01834411314285714,0.18163874971428573,0.43189629457142864,3928.0,5144.0
0.6803939695262377,0.00044085230000000003,0.1530931104,0.1823640943,3928.0,5144.0
0.7789379944932335,0.20682401625,0.129812832,0.223227176875,3928.0,5144.0
0.7196873540904636,0.0,0.15372840149999997,0.2378326683333333,3928.0,5144.0
0.880565025344815,0.0225015178,0.1492604122,0.18926659219999997,3928.0,5144.0
0.9210131887470305,0.21877578514285714,0.10658260871428572,0.15081545185714287,3928.0,5144.0
0.8478211609039844,0.0,0.1507558367142857,0.23177851057142856,3928.0,5144.0
