Demand,Avail_Sol,Avail_Wind_On,Avail_Wind_Off,Hyd_In,HydRoR_In
0.7908939407795391,0.0,0.305194398,0.739620511,11191.0,0.0
0.7797994194888307,0.0,0.326389724,0.692342437,11191.0,0.0
0.7709312730844816,0.0,0.337249489,0.661188983,11191.0,0.0
0.7964126841637011,0.0,0.345591333,0.651481661,11191.0,0.0
0.8592420442189047,0.0,0.351823324,0.638139948,11191.0,0.0
0.9026586329398273,0.0,0.357517254,0.640629091,11191.0,0.0
0.8978201523382598,0.0,0.3644605775,0.640564487,11191.0,0.0
0.894489873783108,0.004824226,0.365007188,0.654690198,11191.0,0.0
0.8927262589192732,0.006010258,0.363868358,0.624541239,11191.0,0.0
0.8917608935820663,0.008438233,0.349613752,0.627492327,11191.0,0.0
0.8915591068807999,0.012113566499999999,0.344698194,0.6556432635,11191.0,0.0
0.8916703724524062,0.005684718,0.331537911,0.68008017,11191.0,0.0
0.8941477115169659,0.0,0.32515297,0.697490321,11191.0,0.0
0.8985041383914032,0.0,0.319455287,0.705313435,11191.0,0.0
0.8990194122718808,0.0,0.313410811,0.704324914,11191.0,0.0
0.8922728794919134,0.0,0.29940105,0.7022636125,11191.0,0.0
0.8726977794654137,0.0,0.276128307,0.683639573,11191.0,0.0
0.8587714503721727,0.0,0.263467458,0.660039583,11191.0,0.0
0.8267566566674537,0.0,0.263282021,0.617194401,11191.0,0.0
0.7995418045654792,0.0,0.257562275,0.609286389,11191.0,0.0
0.7862624692975164,0.0,0.24127462,0.6084247764999999,11191.0,0.0
0.7816587052850207,0.0,0.2341986015,0.6075259074999999,11191.0,0.0
0.805958457542731,0.0,0.234721829,0.598850804,11191.0,0.0
0.8693803151008037,0.0,0.228705083,0.593301004,11191.0,0.0
0.9085537257705124,0.0,0.224536357,0.583161334,11191.0,0.0
0.8980635247441966,0.0,0.20885023549999998,0.555396242,11191.0,0.0
0.8945395829871572,0.013067507,0.196084425,0.536199726,11191.0,0.0
0.8932289606611524,0.032863093,0.203195646,0.542784524,11191.0,0.0
0.8918977391243678,0.05484351,0.195539321,0.516465166,11191.0,0.0
0.8910968783886004,0.049094118000000006,0.19570770599999998,0.482784622,11191.0,0.0
0.8916703724524062,0.01763637,0.198608823,0.489001399,11191.0,0.0
0.8950544703716855,0.0,0.193029355,0.497028975,11191.0,0.0
0.8995686320679562,0.0,0.191906975,0.500480324,11191.0,0.0
0.9021255641088932,0.0,0.189716905,0.48947762,11191.0,0.0
0.8962887398719253,0.0,0.187009023,0.4875887275,11191.0,0.0
0.8750065523756346,0.0,0.175801451,0.477329662,11191.0,0.0
0.8604028615809001,0.0,0.1610927,0.483100677,11191.0,0.0
0.8290935721503294,0.0,0.143343954,0.495353926,11191.0,0.0
0.8046638889675097,0.0,0.130876723,0.516689668,11191.0,0.0
0.7916206728123608,0.0,0.119552933,0.531821236,11191.0,0.0
0.784372646975911,0.0,0.113482726,0.53527013,11191.0,0.0
0.7826658977884707,0.0,0.122224593,0.542227193,11191.0,0.0
0.7842819325982763,0.0,0.132203527,0.556679285,11191.0,0.0
0.8132479238526845,0.0,0.141159836,0.574464184,11191.0,0.0
0.8774941426351957,0.0,0.15134208,0.583623968,11191.0,0.0
0.9122204120528324,0.0,0.167302768,0.594471408,11191.0,0.0
0.9009721932879954,0.0,0.176260231,0.598118117,11191.0,0.0
0.8993990016722258,0.0,0.185045423,0.602359885,11191.0,0.0
0.9011123268009271,0.002309968,0.192504757,0.619754054,11191.0,0.0
0.9000414504310879,0.01134137,0.221951863,0.63586782,11191.0,0.0
0.8993947462809814,0.026932418,0.225569463,0.632006663,11191.0,0.0
0.8990466846382796,0.027094815,0.233343261,0.640977185,11191.0,0.0
0.89861612933168,0.011852084,0.235973662,0.655357165,11191.0,0.0
0.898273967065538,0.002076082,0.239805728,0.664933616,11191.0,0.0
0.8994959054951722,0.0,0.250134165,0.668988484,11191.0,0.0
0.9043325004530611,0.0,0.258776438,0.666910945,11191.0,0.0
0.9046817223707712,0.0,0.263380994,0.640766048,11191.0,0.0
0.8963790191464319,0.0,0.25721490199999997,0.5782043315000001,11191.0,0.0
0.8755852686609285,0.0,0.246316114,0.523092786,11191.0,0.0
0.8610893138088064,0.0,0.243963954,0.503761175,11191.0,0.0
0.8297641634818466,0.0,0.26791677,0.505519254,11191.0,0.0
0.8051436221446235,0.0,0.271977174,0.500035172,11191.0,0.0
0.7907424436166159,0.0,0.274773103,0.5167908225,11191.0,0.0
0.7867056455466832,0.0,0.2773010365,0.5356764385,11191.0,0.0
0.8179211742873519,0.0,0.271609369,0.526237546,11191.0,0.0
0.8790719765317393,0.0,0.263813841,0.515737203,11191.0,0.0
0.9132475754159598,0.0,0.260214267,0.512555786,11191.0,0.0
0.9029708150064442,0.0,0.257530099,0.522263751,11191.0,0.0
0.9004726830895494,0.0,0.25855828,0.534253635,11191.0,0.0
0.9008615562642818,0.002126081,0.25596124,0.533314231,11191.0,0.0
0.9012193857852583,0.006186171,0.277859835,0.546221345,11191.0,0.0
0.8995715335426374,0.009147225,0.272431392,0.539910433,11191.0,0.0
0.8990118689100057,0.009157192,0.279834318,0.53940231,11191.0,0.0
0.8985418069871793,0.005157012,0.2961723865,0.53303524,11191.0,0.0
0.9009230642214503,0.0,0.307072817,0.521565594,11191.0,0.0
0.9071626402618742,0.0,0.313110108,0.525635474,11191.0,0.0
0.907480624490693,0.0,0.323890445,0.536359222,11191.0,0.0
0.8990044705825069,0.0,0.33612873099999996,0.546478494,11191.0,0.0
0.8777682206093279,0.0,0.352922785,0.550340199,11191.0,0.0
0.8634610450199561,0.0,0.36249134,0.548314048,11191.0,0.0
0.8336948697912719,0.0,0.395294085,0.530967824,11191.0,0.0
0.8072222717457875,0.0,0.39743344,0.51973101,11191.0,0.0
0.7912423409013817,0.0,0.3919199685,0.4898685205,11191.0,0.0
0.7869052079283403,0.0,0.38050064699999997,0.442265853,11191.0,0.0
0.8174837521835786,0.0,0.382205291,0.43318317,11191.0,0.0
0.8790719765317393,0.0,0.387883862,0.425789512,11191.0,0.0
0.9129096685410621,0.0,0.389426406,0.409046681,11191.0,0.0
0.9042056160370091,0.0,0.388532824,0.39347775,11191.0,0.0
0.9011511078516934,0.0,0.38906801,0.384399764,11191.0,0.0
0.9028427699218035,0.001821581,0.390808399,0.387816461,11191.0,0.0
0.9012407587750972,0.009038346,0.400099228,0.402445912,11191.0,0.0
0.9010033341561091,0.022304725,0.392043944,0.429831894,11191.0,0.0
0.9006868970918283,0.02319841,0.37735508500000003,0.4469612725,11191.0,0.0
0.9010729656126567,0.006335297,0.36915468,0.44957348,11191.0,0.0
0.90302690729736,0.0,0.35926605,0.448075345,11191.0,0.0
0.910051579801149,0.0,0.355345292,0.456369118,11191.0,0.0
0.9110337726681984,0.0,0.350313813,0.466262442,11191.0,0.0
0.902355493579605,0.0,0.3457121495,0.478691596,11191.0,0.0
0.882558297906601,0.0,0.340002684,0.493950473,11191.0,0.0
0.870179918543995,0.0,0.337513629,0.50394807,11191.0,0.0
0.8434539385559359,0.0,0.349346766,0.511907208,11191.0,0.0
0.8030567518297227,0.0,0.344848855,0.503674309,11191.0,0.0
0.7926288325396346,0.0,0.343878109,0.478773306,11191.0,0.0
0.785706891013349,0.0,0.3681513405,0.450311556,11191.0,0.0
0.7908573600399783,0.0,0.405977525,0.4254287295,11191.0,0.0
0.8009972266935939,0.0,0.4293272175,0.444180989,11191.0,0.0
0.8302293416623258,0.0,0.449300527,0.449389572,11191.0,0.0
0.8451608809913509,0.0,0.463554284,0.461043859,11191.0,0.0
0.8561522365950082,0.009485505,0.472956244,0.476890703,11191.0,0.0
0.8596148636428536,0.049029119,0.534858702,0.523445111,11191.0,0.0
0.859790490235921,0.102981412,0.513024611,0.536733339,11191.0,0.0
0.8589120675954116,0.107297275,0.498073044,0.555973269,11191.0,0.0
0.8574141167439974,0.060691849,0.493993873,0.587829406,11191.0,0.0
0.8598710498457517,0.021262117,0.503474484,0.628564911,11191.0,0.0
0.8669853732729447,0.0,0.524527333,0.685189767,11191.0,0.0
0.8786446123749926,0.0,0.540316945,0.735053281,11191.0,0.0
0.8820749378861356,0.0,0.558448622,0.766966413,11191.0,0.0
0.8811966120664037,0.0,0.572783479,0.786628402,11191.0,0.0
0.8748626467881849,0.0,0.580332996,0.801595914,11191.0,0.0
0.8657268779153633,0.0,0.593564896,0.812026909,11191.0,0.0
0.848903969100195,0.0,0.590198183,0.809358118,11191.0,0.0
0.8314840653389696,0.0,0.571079943,0.77101614,11191.0,0.0
0.8119021953360736,0.0,0.573789014,0.760412028,11191.0,0.0
0.8006581835520924,0.0,0.586257689,0.741485556,11191.0,0.0
0.7942674490246763,0.0,0.594860974,0.707130155,11191.0,0.0
0.7922546349939281,0.0,0.5715273665,0.6753886335,11191.0,0.0
0.7995617268179778,0.0,0.528375656,0.660312548,11191.0,0.0
0.8002062548620732,0.0,0.49871233,0.650132086,11191.0,0.0
0.8136548820466256,0.0,0.454915877,0.647620847,11191.0,0.0
0.8341656572795588,0.0,0.446110826,0.637691095,11191.0,0.0
0.8475809674899865,0.0,0.471114835,0.635177372,11191.0,0.0
0.8586493046640918,0.03343104,0.507596238,0.63262233,11191.0,0.0
0.8620847561663157,0.096984408,0.548143502,0.62829221,11191.0,0.0
0.8599158270938551,0.129393724,0.569711601,0.63653963,11191.0,0.0
0.857732488255926,0.131078944,0.583373835,0.649126443,11191.0,0.0
0.8561485613412677,0.110143271,0.574392031,0.669072961,11191.0,0.0
0.8566704119501669,0.050333924,0.565042443,0.678147804,11191.0,0.0
0.8639211940301318,0.00165601,0.55125828,0.692721606,11191.0,0.0
0.8733256248172524,0.0,0.555286331,0.697768437,11191.0,0.0
0.8736939956019822,0.0,0.588751656,0.689225451,11191.0,0.0
0.8671933012059243,0.0,0.6539546115,0.7530288365,11191.0,0.0
0.8460575820958338,0.0,0.6794865305,0.7970780504999999,11191.0,0.0
0.8152590694961329,0.0,0.6463742555,0.8182174535,11191.0,0.0
0.7969422955876442,0.0,0.544686189,0.8192523389999999,11191.0,0.0
0.7949732431707868,0.0,0.4894748805,0.7712679105,11191.0,0.0
0.8246187716423291,0.0,0.471098014,0.721990642,11191.0,0.0
0.8871205244280252,0.0,0.447055271,0.677002473,11191.0,0.0
0.9232200847974237,0.0,0.434606386,0.634071622,11191.0,0.0
0.9119706085432207,0.0,0.43648171999999996,0.57274358,11191.0,0.0
0.9110976983897413,0.027856515,0.447004556,0.523210841,11191.0,0.0
0.90722975713327,0.081678554,0.453059429,0.468362051,11191.0,0.0
0.9041678988340539,0.115723804,0.459585502,0.482920765,11191.0,0.0
0.9017801138721208,0.126450437,0.460078637,0.510068228,11191.0,0.0
0.901395688943027,0.094661488,0.45997132,0.521049818,11191.0,0.0
0.9017888179025842,0.039573946,0.475602795,0.530740561,11191.0,0.0
0.9072525808604499,0.001417127,0.467808683,0.541928318,11191.0,0.0
0.9146745408942631,0.0,0.446849529,0.560946606,11191.0,0.0
0.9156359409089775,0.0,0.425894456,0.561872316,11191.0,0.0
0.9099334960395478,0.0,0.4058210165,0.5410142925,11191.0,0.0
0.8929051734829712,0.0,0.376352597,0.534495231,11191.0,0.0
0.8794712945430279,0.0,0.351171747,0.519754226,11191.0,0.0
0.8510105196156507,0.0,0.305983881,0.44157908,11191.0,0.0
0.8110861512525692,0.0,0.307829365,0.425473681,11191.0,0.0
0.7948689406267611,0.0,0.3060293605,0.4006682505,11191.0,0.0
0.7935574480945002,0.0,0.306609453,0.3398867545,11191.0,0.0
0.8242137475024554,0.0,0.299502098,0.322852766,11191.0,0.0
0.8865810725102243,0.0,0.301615777,0.326369062,11191.0,0.0
0.9232558675527311,0.0,0.310285901,0.355598168,11191.0,0.0
0.9114453731429135,0.0,0.31072232,0.39580469,11191.0,0.0
0.91241663785668,0.020384509,0.30212533,0.415528651,11191.0,0.0
0.9099430704730578,0.058252873,0.30223401,0.420628549,11191.0,0.0
0.9051157114695381,0.12012009300000001,0.3064682245,0.4411518145,11191.0,0.0
0.9033918928971014,0.108688512,0.311055677,0.46190641,11191.0,0.0
0.9034886034720734,0.039698279,0.313379899,0.471690538,11191.0,0.0
0.9085809981369112,0.001873826,0.310108702,0.466600759,11191.0,0.0
0.9143886641670116,0.0,0.299279321,0.455085124,11191.0,0.0
0.9148977489957576,0.0,0.284894228,0.442144768,11191.0,0.0
0.9054421580704569,0.0,0.266453564,0.41786315799999996,11191.0,0.0
0.8842636927838977,0.0,0.245942956,0.405099376,11191.0,0.0
0.8711424792272979,0.0,0.231549625,0.408495039,11191.0,0.0
0.8429420494668663,0.0,0.269580247,0.467143261,11191.0,0.0
0.8105455390597601,0.0,0.244113694,0.470051412,11191.0,0.0
0.79488351982859,0.0,0.2198707565,0.474786201,11191.0,0.0
0.7923763213936867,0.0,0.192536828,0.48729651949999997,11191.0,0.0
0.8224817572170413,0.0,0.173865652,0.489799654,11191.0,0.0
0.8854179342046322,0.0,0.16464301,0.485024277,11191.0,0.0
0.9208383920664444,0.0,0.161136907,0.476497133,11191.0,0.0
0.9097643491573343,0.0,0.163166929,0.469603722,11191.0,0.0
0.905433067347254,0.0,0.168747051,0.474156635,11191.0,0.0
0.9076977399676531,0.009539491,0.172454116,0.484697749,11191.0,0.0
0.9043019401160318,0.05918544,0.196398524,0.482026234,11191.0,0.0
0.9035886024112562,0.122975747,0.185465508,0.464653001,11191.0,0.0
0.9032446993390214,0.134504251,0.183561185,0.453858071,11191.0,0.0
0.9012031383929198,0.083707515,0.176990867,0.449852175,11191.0,0.0
0.9015393044617245,0.012524316,0.166192749,0.454507742,11191.0,0.0
0.9038190638058735,0.0,0.160714585,0.460301574,11191.0,0.0
0.9089060424108781,0.0,0.150514122,0.448886906,11191.0,0.0
0.9092034274289168,0.0,0.141849683,0.435027102,11191.0,0.0
0.9000711403650707,0.0,0.1351758315,0.39510201300000003,11191.0,0.0
0.8787865835147946,0.0,0.134076628,0.361916824,11191.0,0.0
0.8649687633560647,0.0,0.132313215,0.367672087,11191.0,0.0
0.8350352790688274,0.0,0.140136604,0.354318835,11191.0,0.0
0.8005926620588328,0.0,0.144420216,0.33960659049999997,11191.0,0.0
0.7884981045402295,0.0,0.141762163,0.35254369500000005,11191.0,0.0
0.8051969097816356,0.0,0.128105223,0.3565548905,11191.0,0.0
0.8824653590125666,0.0,0.120384429,0.358969033,11191.0,0.0
0.9164449253409139,0.0,0.120932193,0.353761428,11191.0,0.0
0.9033742915881999,0.0,0.1258293105,0.3571628455,11191.0,0.0
0.9025932568745242,0.006877474,0.122366024,0.351132127,11191.0,0.0
0.9022737246940069,0.028309077,0.115247597,0.347507804,11191.0,0.0
0.9018386235338305,0.056923971,0.107454987,0.327740409,11191.0,0.0
0.9017628992559583,0.049799993,0.1056469965,0.3223495775,11191.0,0.0
0.9009966610004904,0.014372928,0.119474468,0.345909814,11191.0,0.0
0.9052408064723184,0.0,0.140502046,0.378793606,11191.0,0.0
0.9119005901971434,0.0,0.152020568,0.398545267,11191.0,0.0
0.9132610185479748,0.0,0.160228453,0.426224042,11191.0,0.0
0.905368512881028,0.0,0.1697914925,0.45502022200000003,11191.0,0.0
0.8846631076159639,0.0,0.183401973,0.473441838,11191.0,0.0
0.8718137479106769,0.0,0.184374204,0.482109095,11191.0,0.0
0.8434539385559359,0.0,0.165447184,0.43240082,11191.0,0.0
0.8090644157381885,0.0,0.160709182,0.430266491,11191.0,0.0
0.7932041640335203,0.0,0.1609475345,0.4262347285,11191.0,0.0
0.7894658634366163,0.0,0.1644181735,0.42857314950000003,11191.0,0.0
0.820649671171667,0.0,0.162363169,0.4358932,11191.0,0.0
0.8823715495186956,0.0,0.155627835,0.438512798,11191.0,0.0
0.9186128873863411,0.0,0.155475452,0.437630346,11191.0,0.0
0.9060730015209643,0.0,0.163568519,0.448434436,11191.0,0.0
0.9075695984558152,0.005554787,0.16168992,0.465032126,11191.0,0.0
0.90722975713327,0.03549916,0.171733801,0.469014217,11191.0,0.0
0.9056635287418714,0.085134314,0.191443632,0.457686261,11191.0,0.0
0.9049976761183254,0.0725971215,0.189822112,0.413553721,11191.0,0.0
0.9060394428884762,0.013110229,0.178404319,0.372293198,11191.0,0.0
0.9090604892620813,0.0,0.1640555,0.367268453,11191.0,0.0
0.9143886641670116,0.0,0.15410547,0.376378304,11191.0,0.0
0.9151836253294289,0.0,0.143198,0.37007003,11191.0,0.0
0.9063245458366687,0.0,0.12722162450000002,0.3664489045,11191.0,0.0
0.8859396879927539,0.0,0.103769591,0.362927681,11191.0,0.0
0.8719487558261081,0.0,0.094796969,0.359578938,11191.0,0.0
0.8443446436598718,0.0,0.090334477,0.344993417,11191.0,0.0
0.796340151035682,0.0,0.0844686015,0.349835397,11191.0,0.0
0.782180289833572,0.0,0.076784643,0.3204792745,11191.0,0.0
0.7841362377943453,0.0,0.079934372,0.3198711825,11191.0,0.0
0.7942593253285071,0.0,0.092688826,0.33254646050000003,11191.0,0.0
0.8319061102566605,0.0,0.10748124349999999,0.3610581625,11191.0,0.0
0.8515491977543925,0.011949293,0.117065927,0.386855378,11191.0,0.0
0.8540371752970635,0.03886799,0.116143426,0.395390545,11191.0,0.0
0.8538563262857178,0.088705059,0.120111081,0.401296528,11191.0,0.0
0.8539339366008489,0.0735697085,0.1182017715,0.3825410885,11191.0,0.0
0.8559283515352321,0.02455725,0.126980583,0.387556959,11191.0,0.0
0.8638037874236023,0.001854302,0.141642293,0.39942292,11191.0,0.0
0.875615635749983,0.0,0.161597722,0.426378973,11191.0,0.0
0.8776129999790657,0.0,0.175444832,0.455911847,11191.0,0.0
0.8727934747997534,0.0,0.186187895,0.4845597545,11191.0,0.0
0.8620125133038389,0.0,0.196995817,0.475206286,11191.0,0.0
0.8419908038263758,0.0,0.207303226,0.469897289,11191.0,0.0
0.8232765251314841,0.0,0.167769116,0.414517343,11191.0,0.0
0.7988534666938942,0.0,0.18752195500000002,0.44744233349999996,11191.0,0.0
0.786072336118203,0.0,0.218490003,0.475333805,11191.0,0.0
0.7843476471427202,0.0,0.2549157525,0.513760714,11191.0,0.0
0.7893646558120365,0.0,0.295294397,0.5695479385,11191.0,0.0
0.8154644346303624,0.0,0.32192093450000003,0.5942364554999999,11191.0,0.0
0.8408878191678087,0.0,0.343440114,0.613078252,11191.0,0.0
0.8533625218222766,0.00969476,0.35334248,0.627345856,11191.0,0.0
0.8564489446547652,0.032242133,0.329061595,0.632418462,11191.0,0.0
0.8563367604665137,0.084979347,0.352229521,0.648107533,11191.0,0.0
0.8566175596130732,0.064122632,0.38098548099999996,0.657643804,11191.0,0.0
0.8580071463675623,0.014714103,0.416999547,0.672472555,11191.0,0.0
0.8648673140731216,0.0,0.448666334,0.684359414,11191.0,0.0
0.8767632040150987,0.0,0.480527576,0.716623538,11191.0,0.0
0.8788602771146121,0.0,0.510772716,0.749655243,11191.0,0.0
0.8749956238287713,0.0,0.5653179375,0.8049111879999999,11191.0,0.0
0.8544460195282635,0.0,0.62156207,0.8555455005,11191.0,0.0
0.8274149659291246,0.0,0.574735781,0.820736135,11191.0,0.0
0.8076080745998486,0.0,0.6305200325,0.8440846694999999,11191.0,0.0
0.7963967992589076,0.0,0.66875416,0.8668589955,11191.0,0.0
0.797654400008248,0.0,0.698979172,0.890879656,11191.0,0.0
0.8257021241171499,0.0,0.721231215,0.90576686,11191.0,0.0
0.8875986620302124,0.0,0.740145888,0.919771428,11191.0,0.0
0.9235005454648423,0.0,0.754243881,0.926746506,11191.0,0.0
0.9102681149438149,0.0,0.7727400959999999,0.9326788564999999,11191.0,0.0
0.9126102526481789,0.007144835,0.78540402,0.936074627,11191.0,0.0
0.9131997038387808,0.017124838,0.747264865,0.934316271,11191.0,0.0
0.9130467077249184,0.023620164,0.756758206,0.935462918,11191.0,0.0
0.9120838083656846,0.019976672,0.7750695489999999,0.93634343,11191.0,0.0
0.9110517608666296,0.010283488,0.795716646,0.93718127,11191.0,0.0
0.9136081127700626,0.001281546,0.811415651,0.937420988,11191.0,0.0
0.9177577721833184,0.0,0.824241331,0.937491825,11191.0,0.0
0.9168583634424993,0.0,0.834941124,0.937497902,11191.0,0.0
0.906829568718935,0.0,0.833817636,0.9374457494999999,11191.0,0.0
0.8858975221505796,0.0,0.832456315,0.937111358,11191.0,0.0
0.8708715927965991,0.0,0.835780941,0.93702933,11191.0,0.0
0.8405530070155669,0.0,0.804893979,0.937486205,11191.0,0.0
0.8096842340178453,0.0,0.839608686,0.937404795,11191.0,0.0
0.7927988498248945,0.0,0.863105173,0.9366856605,11191.0,0.0
0.7891798900853773,0.0,0.870864608,0.9305865265,11191.0,0.0
0.8209261669101734,0.0,0.868074145,0.918389894,11191.0,0.0
0.8823427295941786,0.0,0.864637882,0.907205128,11191.0,0.0
0.9170546860671244,0.0,0.858697255,0.893155609,11191.0,0.0
0.9030421872690845,0.0,0.847826296,0.8791814250000001,11191.0,0.0
0.9025932568745242,0.002437541,0.828183222,0.874039668,11191.0,0.0
0.9024309761991137,0.008847234,0.773939203,0.920521228,11191.0,0.0
0.9021630876702933,0.017421647,0.766055711,0.915413631,11191.0,0.0
0.9017801138721208,0.027520851,0.772761194,0.909557022,11191.0,0.0
0.9012847136369628,0.0142794065,0.7577847865,0.902570678,11191.0,0.0
0.904286756177924,0.001935257,0.724094707,0.881766265,11191.0,0.0
0.9100290461427214,0.0,0.697420193,0.863948553,11191.0,0.0
0.9109198476738544,0.0,0.676114446,0.846695471,11191.0,0.0
0.9021866851765322,0.0,0.6372185095,0.8018036964999999,11191.0,0.0
0.881444965232255,0.0,0.597735334,0.752789099,11191.0,0.0
0.8680803308593299,0.0,0.575311339,0.734803878,11191.0,0.0
0.8394854182227778,0.0,0.539094412,0.745874033,11191.0,0.0
0.8097597652445331,0.0,0.537996439,0.737824196,11191.0,0.0
0.7925187034314223,0.0,0.5226498765,0.7032967285,11191.0,0.0
0.7905608452281958,0.0,0.488795865,0.6682953764999999,11191.0,0.0
0.8201760790294762,0.0,0.463311593,0.636820967,11191.0,0.0
0.8819022127677494,0.0,0.454750962,0.629567515,11191.0,0.0
0.9181874572836618,0.0,0.449555912,0.618427495,11191.0,0.0
0.9073585758001796,0.0,0.4325295145,0.5949393175,11191.0,0.0
0.9094202528371249,0.007531333,0.41423981,0.56066172,11191.0,0.0
0.9080695923645683,0.019687538,0.402611237,0.536203245,11191.0,0.0
0.9078017038357479,0.026687519,0.396279069,0.519469025,11191.0,0.0
0.9073813511169706,0.031068237,0.370687084,0.4993431575,11191.0,0.0
0.9072423296654486,0.017619611,0.358266319,0.489297305,11191.0,0.0
0.911893240083243,0.00303886,0.348428726,0.479009835,11191.0,0.0
0.9185609536658922,0.0,0.34268911,0.481761546,11191.0,0.0
0.9211417732818201,0.0,0.337836305,0.462323137,11191.0,0.0
0.9133270233579609,0.0,0.3127024735,0.429655723,11191.0,0.0
0.8947905471653576,0.0,0.287234025,0.40024914,11191.0,0.0
0.8818584997610374,0.0,0.277008823,0.36788833,11191.0,0.0
0.8513934938074038,0.0,0.243790466,0.326949516,11191.0,0.0
0.8121285949810014,0.0,0.255901067,0.338710034,11191.0,0.0
0.7988436988156196,0.0,0.264740437,0.3482515445,11191.0,0.0
0.7948612282221059,0.0,0.25613875399999997,0.334584231,11191.0,0.0
0.8230723686826514,0.0,0.242778456,0.306585176,11191.0,0.0
0.8855261530703911,0.0,0.228375445,0.296081851,11191.0,0.0
0.9208383920664444,0.0,0.216290328,0.293795875,11191.0,0.0
0.9097643491573343,0.0,0.210932606,0.288567624,11191.0,0.0
0.9060780302976874,0.0,0.211659105,0.279801028,11191.0,0.0
0.9082078886442103,0.013492717,0.207474191,0.275670661,11191.0,0.0
0.9082313893296716,0.035182466,0.197990946,0.273393904,11191.0,0.0
0.9078017038357479,0.049600264,0.186907289,0.275171365,11191.0,0.0
0.9077941120634843,0.0545055865,0.175128285,0.263072021,11191.0,0.0
0.9090293483939673,0.021652778,0.172885873,0.245546857,11191.0,0.0
0.9121621924598746,0.001886455,0.177977028,0.256729479,11191.0,0.0
0.9183689832532891,0.0,0.178736428,0.279083768,11191.0,0.0
0.9188780680820351,0.0,0.172662618,0.301823488,11191.0,0.0
0.9105842135289551,0.0,0.16394661900000002,0.287894032,11191.0,0.0
0.8899492134994976,0.0,0.154549952,0.244300616,11191.0,0.0
0.8765668813904736,0.0,0.146856726,0.209588182,11191.0,0.0
0.8527712333983848,0.0,0.148878648,0.193754526,11191.0,0.0
0.8074672397266507,0.0,0.1459089245,0.1901021825,11191.0,0.0
0.7970085020419867,0.0,0.12357145766666666,0.14769962066666664,11191.0,0.0
0.8272177727046628,0.0,0.116253592,0.114237054,11191.0,0.0
0.8897269724250367,0.0,0.113758551,0.10783966,11191.0,0.0
0.9261781724765196,0.0,0.114541967,0.10765664,11191.0,0.0
0.9137647839408751,0.0,0.1151566715,0.103834556,11191.0,0.0
0.9150000688785372,0.031099324,0.11457736,0.087050939,11191.0,0.0
0.9133660462638807,0.065329868,0.118163575,0.078854125,11191.0,0.0
0.912567409847723,0.097157792,0.116507709,0.067413167,11191.0,0.0
0.9108799063480799,0.097567682,0.118575043,0.061218122,11191.0,0.0
0.9111878326298719,0.07133603,0.127458634,0.062220105,11191.0,0.0
0.9110517608666296,0.047171659,0.139640807,0.066565347,11191.0,0.0
0.9149072264117,0.006163225,0.154877894,0.078437959,11191.0,0.0
0.9209313309604789,0.0,0.169936473,0.093867976,11191.0,0.0
0.922170000886339,0.0,0.174093641,0.112670467,11191.0,0.0
0.9142155039454972,0.0,0.1798683835,0.13457360000000002,11191.0,0.0
0.8947905471653576,0.0,0.18356053,0.149040076,11191.0,0.0
0.8818584997610374,0.0,0.183079419,0.164573501,11191.0,0.0
0.8510105196156507,0.0,0.185862502,0.151063193,11191.0,0.0
0.8044448394364824,0.0,0.193257961,0.163017478,11191.0,0.0
0.7890398531964329,0.0,0.1989008145,0.190807353,11191.0,0.0
0.7817168766643798,0.0,0.204136607,0.207920585,11191.0,0.0
0.7840158814995358,0.0,0.20398661499999998,0.2257586775,11191.0,0.0
0.7941799984124777,0.0,0.1991483395,0.250657819,11191.0,0.0
0.8319982271580373,0.0,0.1881454515,0.25929296150000003,11191.0,0.0
0.8514650597115991,0.02405667,0.170395577,0.253010384,11191.0,0.0
0.8522327485076175,0.047353455,0.162170738,0.256180862,11191.0,0.0
0.8511615816754459,0.070393543,0.153319586,0.267016984,11191.0,0.0
0.8512532634736946,0.066163607,0.135505687,0.245067668,11191.0,0.0
0.8511579068152858,0.057551592,0.129741399,0.254133292,11191.0,0.0
0.8523511221411807,0.027490066,0.127612407,0.257591125,11191.0,0.0
0.8594163165018286,0.003318925,0.138217534,0.277738814,11191.0,0.0
0.8712830000233397,0.0,0.137222718,0.282111436,11191.0,0.0
0.8745353779978183,0.0,0.126926625,0.280406219,11191.0,0.0
0.8719193559608771,0.0,0.11116126900000001,0.2565904725,11191.0,0.0
0.8538258625726758,0.0,0.0951577175,0.2202492985,11191.0,0.0
0.827702679889666,0.0,0.07926368,0.170085455,11191.0,0.0
0.8097814283031243,0.0,0.078825038,0.164173404,11191.0,0.0
0.7944302614272021,0.0,0.0747650855,0.1667560815,11191.0,0.0
0.7908753482384094,0.0,0.066342598,0.156660985,11191.0,0.0
0.7973504386553683,0.0,0.063629145,0.13024848,11191.0,0.0
0.8131429925639757,0.0,0.063569678,0.113857898,11191.0,0.0
0.8339281358397932,0.0,0.06441536,0.108537169,11191.0,0.0
0.8471090197266914,0.0,0.062740414,0.096130951,11191.0,0.0
0.858179484596419,0.028469696,0.05969106,0.083048523,11191.0,0.0
0.8608465699507626,0.09055785,0.063998512,0.075321094,11191.0,0.0
0.8598778198221478,0.139792245,0.057802066,0.064451922,11191.0,0.0
0.8598724041558952,0.14555941,0.051216193,0.05802055,11191.0,0.0
0.8595541294647441,0.111750382,0.050655595,0.060565256,11191.0,0.0
0.8605541172822501,0.054150644,0.053936721,0.070090259,11191.0,0.0
0.868545702681364,0.007201907,0.059048644,0.085922039,11191.0,0.0
0.8807894606244879,0.0,0.063892337,0.100256877,11191.0,0.0
0.8830389497003596,0.0,0.064344969,0.113870174,11191.0,0.0
0.8819496010282017,0.0,0.065686727,0.132216506,11191.0,0.0
0.8749574233090897,0.0,0.065834811,0.153857495,11191.0,0.0
0.8574047841656409,0.0,0.0643288395,0.187400933,11191.0,0.0
0.8230542356466344,0.0,0.069421566,0.239119297,11191.0,0.0
0.8016174560679746,0.0,0.0655066135,0.26975600099999997,11191.0,0.0
0.7988262183358996,0.0,0.057725452,0.2585176775,11191.0,0.0
0.8283075082663504,0.0,0.053099357,0.260046888,11191.0,0.0
0.8920314899440132,0.0,0.053876303,0.258670279,11191.0,0.0
0.9285788200393834,0.0,0.053881293,0.254977521,11191.0,0.0
0.9157169362123067,0.0,0.0541006325,0.261641729,11191.0,0.0
0.916042705854944,0.016747764,0.052185982,0.274675264,11191.0,0.0
0.9155041245369797,0.066240832,0.049907804,0.28106379,11191.0,0.0
0.9154803337827663,0.099623927,0.04976746,0.29036702,11191.0,0.0
0.9153304323915598,0.099452066,0.047742194,0.287589199,11191.0,0.0
0.9147068420373852,0.071809976,0.047997234,0.278224179,11191.0,0.0
0.9159456083904425,0.0182779365,0.050793426,0.27309402,11191.0,0.0
0.9228400120803519,0.0,0.058276595,0.277000906,11191.0,0.0
0.9237756872867856,0.0,0.063274136,0.277067611,11191.0,0.0
0.9225928195830891,0.0,0.066428643,0.277767143,11191.0,0.0
0.9091100052181558,0.0,0.067682735,0.273170029,11191.0,0.0
0.8965654770720048,0.0,0.07004091,0.274581653,11191.0,0.0
0.884164661265329,0.0,0.072969048,0.269766722,11191.0,0.0
0.8560516575183212,0.0,0.091132242,0.258077242,11191.0,0.0
0.8148931646893759,0.0,0.09562492,0.239858706,11191.0,0.0
0.8011017226823844,0.0,0.1079980185,0.233561841,11191.0,0.0
0.7985281805647739,0.0,0.12856972449999998,0.236995714,11191.0,0.0
0.8282328476394991,0.0,0.139712994,0.236347338,11191.0,0.0
0.8915402000657238,0.0,0.152405643,0.27289237,11191.0,0.0
0.9284222454925581,0.0,0.169925551,0.312180758,11191.0,0.0
0.916567167476192,0.0,0.192464077,0.340988493,11191.0,0.0
0.9123935240607481,0.0,0.208352973,0.392403928,11191.0,0.0
0.9150102232527609,0.01552921,0.213167514,0.463119235,11191.0,0.0
0.913006089047282,0.042225099,0.232366626,0.486689337,11191.0,0.0
0.9133053116921908,0.087547489,0.245616492,0.524648992,11191.0,0.0
0.9122190581362692,0.093600862,0.264022207,0.56188993,11191.0,0.0
0.9116697419129965,0.045653451,0.279529731,0.597007613,11191.0,0.0
0.9117466266626671,0.013727663,0.290280146,0.644675901,11191.0,0.0
0.9145573275357082,0.006498949,0.308915244,0.6789534,11191.0,0.0
0.9185609536658922,0.0,0.33307763,0.696791154,11191.0,0.0
0.9156359409089775,0.0,0.356583115,0.708648884,11191.0,0.0
0.903759683347537,0.0,0.39294199949999997,0.729244089,11191.0,0.0
0.8804521338870944,0.0,0.428170471,0.759386656,11191.0,0.0
0.8645445907427515,0.0,0.457886383,0.780854983,11191.0,0.0
0.833479785582737,0.0,0.507415613,0.791302541,11191.0,0.0
0.7996646270350516,0.0,0.550110785,0.8207526190000001,11191.0,0.0
0.7850596309309328,0.0,0.574441302,0.871731235,11191.0,0.0
0.7810937944224969,0.0,0.5643676040000001,0.9061608640000001,11191.0,0.0
0.8018819111982082,0.0,0.53941705,0.925801455,11191.0,0.0
0.8630204313727494,0.0,0.509976556,0.930563851,11191.0,0.0
0.905278136785744,0.0,0.477720362,0.92970859,11191.0,0.0
0.8974997017378881,0.0,0.45623404300000003,0.9238381099999999,11191.0,0.0
0.8921672716385034,0.024368788,0.425789864,0.910458354,11191.0,0.0
0.8910315021265071,0.057942605,0.382329855,0.900329904,11191.0,0.0
0.8896419637824068,0.066718769,0.378669406,0.89252365,11191.0,0.0
0.8883758282421731,0.06721811,0.372445901,0.894682292,11191.0,0.0
0.8866568938056641,0.046433007,0.382302579,0.895779939,11191.0,0.0
0.8856282797051962,0.015390723,0.394620872,0.893770717,11191.0,0.0
0.8883927525927932,0.001353242,0.453514537,0.891654497,11191.0,0.0
0.892931865711866,0.0,0.519029637,0.907204245,11191.0,0.0
0.892189031517872,0.0,0.568101944,0.90998748,11191.0,0.0
0.882952151644458,0.0,0.6235812844999999,0.9193044615,11191.0,0.0
0.862740550842835,0.0,0.646149113,0.903538215,11191.0,0.0
0.8463318531211503,0.0,0.652148469,0.899052243,11191.0,0.0
0.8111500769741121,0.0,0.683948127,0.904644167,11191.0,0.0
0.7679727501054674,0.0,0.697345621,0.92038424,11191.0,0.0
0.7549684598386704,0.0,0.69099135,0.918088715,11191.0,0.0
0.7511187968493824,0.0,0.6733825845000001,0.9064201654999999,11191.0,0.0
0.7567578963315635,0.0,0.641887286,0.889842057,11191.0,0.0
0.787246016081129,0.0,0.621934431,0.89302123,11191.0,0.0
0.8557367676185781,0.0,0.595601263,0.915377592,11191.0,0.0
0.9021579620727928,0.0,0.573269363,0.922781972,11191.0,0.0
0.8965895580917607,0.000823112,0.553311662,0.922228013,11191.0,0.0
0.8900336420046233,0.037274115,0.534501183,0.920349089,11191.0,0.0
0.8877617160911014,0.095215527,0.53491396,0.882581604,11191.0,0.0
0.8873640420651281,0.126139158,0.525555464,0.852597059,11191.0,0.0
0.8869890949455569,0.132676537,0.536992676,0.851782384,11191.0,0.0
0.8865402609781937,0.102109093,0.549930866,0.839604328,11191.0,0.0
0.8864288501754211,0.077529721,0.559929393,0.843613977,11191.0,0.0
0.8903081064747048,0.012385852,0.55898634,0.849831396,11191.0,0.0
0.8966540641475977,0.0,0.55465768,0.853045005,11191.0,0.0
0.8974640156065679,0.0,0.549052869,0.87033706,11191.0,0.0
0.8894332622671581,0.0,0.539398357,0.857321592,11191.0,0.0
0.8702349469870998,0.0,0.507657355,0.835750687,11191.0,0.0
0.8569276623944565,0.0,0.477097779,0.825388413,11191.0,0.0
0.8253979691227149,0.0,0.453625177,0.804390493,11191.0,0.0
0.7935324966716982,0.0,0.407372253,0.74200042,11191.0,0.0
0.7804073663997848,0.0,0.3762280225,0.66944578,11191.0,0.0
0.783094930332517,0.0,0.34059159549999996,0.6220800175000001,11191.0,0.0
0.8124020928176295,0.0,0.306284142,0.563650227,11191.0,0.0
0.8780430723625192,0.0,0.286734319,0.540835303,11191.0,0.0
0.9124144137338607,0.0,0.272452002,0.521634675,11191.0,0.0
0.9002210419530674,0.0,0.2511295315,0.500254384,11191.0,0.0
0.8982938893180364,0.018773745,0.2289144,0.47122898,11191.0,0.0
0.8952125920830486,0.096569247,0.24558253,0.454663064,11191.0,0.0
0.8931506251741413,0.160134464,0.226461179,0.42898374,11191.0,0.0
0.8918871974670339,0.166319157,0.2083525,0.412718024,11191.0,0.0
0.8918508345742224,0.130030235,0.19081477,0.374779417,11191.0,0.0
0.8921368077286711,0.071537825,0.182699645,0.351463841,11191.0,0.0
0.8962416898938236,0.009280434,0.1786193,0.339064194,11191.0,0.0
0.9026167575599856,0.0,0.176248024,0.338153544,11191.0,0.0
0.9023553485452289,0.0,0.173740157,0.339851156,11191.0,0.0
0.8943509007419748,0.0,0.172608482,0.33218668949999997,11191.0,0.0
0.8745636177848312,0.0,0.182099647,0.333124998,11191.0,0.0
0.8599626348232229,0.0,0.191658745,0.33516315,11191.0,0.0
0.8292844787151215,0.0,0.205030253,0.35936824,11191.0,0.0
0.7952998348060818,0.0,0.200984933,0.354822736,11191.0,0.0
0.7778375717579172,0.0,0.1994873645,0.37847608200000005,11191.0,0.0
0.7724369365373411,0.0,0.203791952,0.3972245595,11191.0,0.0
0.7780156645257479,0.0,0.189749965,0.42004417,11191.0,0.0
0.7918990541945458,0.0,0.170082533,0.427363554,11191.0,0.0
0.8177310411080385,0.0,0.158221089,0.42193124,11191.0,0.0
0.8317765180074821,0.002124279,0.140355574,0.414809179,11191.0,0.0
0.8434916557588911,0.061121937,0.120582312,0.41415901,11191.0,0.0
0.8438278218276959,0.151421819,0.089319394,0.376432476,11191.0,0.0
0.8435404947566839,0.225236199,0.078121983,0.377048473,11191.0,0.0
0.8425142984205902,0.223182649,0.070997877,0.380754003,11191.0,0.0
0.8423779361950154,0.177888105,0.069413936,0.379331001,11191.0,0.0
0.8435310169471613,0.112193149,0.077964484,0.402444656,11191.0,0.0
0.8506510465029394,0.019152166,0.099667745,0.418490006,11191.0,0.0
0.863276714396425,0.0,0.126594786,0.434101575,11191.0,0.0
0.8638550441857695,0.0,0.160506726,0.436836152,11191.0,0.0
0.8584741617813312,0.0,0.2218576325,0.4845049365,11191.0,0.0
0.8378847123854558,0.0,0.308054839,0.537653732,11191.0,0.0
0.8088158693243626,0.0,0.373577004,0.574436546,11191.0,0.0
0.7895890485905237,0.0,0.4173604785,0.615931071,11191.0,0.0
0.7708263661977572,0.0,0.431289562,0.6738825205,11191.0,0.0
0.765812041353163,0.0,0.40683390649999995,0.7070309475000001,11191.0,0.0
0.7725252573557959,0.0,0.38536786450000005,0.721102904,11191.0,0.0
0.8134745651559757,0.0010271935,0.36899895299999996,0.7122776639999999,11191.0,0.0
0.8319985658339684,0.02545508,0.353350109,0.677748237,11191.0,0.0
0.8302453954131092,0.054429574,0.338547633,0.658762196,11191.0,0.0
0.8294674554220894,0.092078542,0.324569076,0.644808555,11191.0,0.0
0.82890991848508,0.087045019,0.317976942,0.644442818,11191.0,0.0
0.8284240442730433,0.075643711,0.311457049,0.635560051,11191.0,0.0
0.8285519925369065,0.051106148,0.305704314,0.632921594,11191.0,0.0
0.8344399285016656,0.021685447,0.299177998,0.632060919,11191.0,0.0
0.8462899777413087,0.0,0.298361053,0.63704372,11191.0,0.0
0.8501615938579398,0.0,0.293808849,0.631900464,11191.0,0.0
0.8487191065527584,0.0,0.2859957105,0.6287806835,11191.0,0.0
0.8302246027575644,0.0,0.2655806675,0.624796679,11191.0,0.0
0.8009166426817789,0.0,0.235350616,0.623582295,11191.0,0.0
0.7941077799519854,0.0,0.239789367,0.6071982355,11191.0,0.0
0.7794514062565177,0.0,0.2257644215,0.5736775190000001,11191.0,0.0
0.7821226745833127,0.0,0.203570906,0.507372438,11191.0,0.0
0.8083375868845895,0.0,0.193647564,0.435036885,11191.0,0.0
0.8665499820440161,0.0,0.184064877,0.37000902,11191.0,0.0
0.9087519824492047,0.0,0.185194214,0.342781503,11191.0,0.0
0.8991028253395841,0.0,0.200058383,0.346208258,11191.0,0.0
0.8940966483963537,0.004863186,0.211233858,0.385229708,11191.0,0.0
0.8918574109090638,0.023700243,0.195872248,0.386768655,11191.0,0.0
0.8917608935820663,0.052498345,0.211864971,0.413722764,11191.0,0.0
0.8935366938917602,0.0511398175,0.2147764465,0.451920266,11191.0,0.0
0.8966602535929095,0.018063097,0.218766463,0.49780115,11191.0,0.0
0.8999849712506425,0.004901526,0.221213959,0.534798872,11191.0,0.0
0.9051700143471821,0.0,0.217528304,0.556115009,11191.0,0.0
0.9054829701928581,0.0,0.206534422,0.564148529,11191.0,0.0
0.8969899401476505,0.0,0.1864118485,0.5634521745000001,11191.0,0.0
0.8762007351221435,0.0,0.172289759,0.550923231,11191.0,0.0
0.861288150625003,0.0,0.164870385,0.555392058,11191.0,0.0
0.8302111598223395,0.0,0.165708152,0.561325991,11191.0,0.0
0.8003612578423762,0.0,0.1684649865,0.6086432655,11191.0,0.0
0.7868654358421363,0.0,0.154153798,0.6512279299999999,11191.0,0.0
0.8049819462054921,0.0,0.136961866,0.6490117440000001,11191.0,0.0
0.8823540450305714,0.0,0.12369264,0.63599381,11191.0,0.0
0.9184697555779505,0.0,0.117311165,0.621819069,11191.0,0.0
0.9037223532309016,0.001744688,0.11068713,0.608913418,11191.0,0.0
0.9025932568745242,0.049406753,0.111674078,0.596777093,11191.0,0.0
0.9011199669835795,0.121399441,0.111268848,0.583903991,11191.0,0.0
0.9008319629542861,0.169019479,0.11278991,0.55981565,11191.0,0.0
0.8991558711214427,0.175722895,0.1114217385,0.50225024,11191.0,0.0
0.9000389358459361,0.125016212,0.107985801,0.45487856,11191.0,0.0
0.9027174330638694,0.037875876,0.1113415,0.452960488,11191.0,0.0
0.9080649500837943,0.0,0.115492559,0.435773532,11191.0,0.0
0.9092034274289168,0.0,0.118505829,0.410305836,11191.0,0.0
0.9072858494241859,0.0,0.117671346,0.376213429,11191.0,0.0
0.8928806089496987,0.0,0.119194666,0.365956974,11191.0,0.0
0.8792105628801333,0.0,0.125504799,0.365010314,11191.0,0.0
0.8649687633560647,0.0,0.138014205,0.361207001,11191.0,0.0
0.8347586869031237,0.0,0.141107804,0.334070242,11191.0,0.0
0.8006849724049744,0.0,0.174866453,0.388427203,11191.0,0.0
0.7872237968934379,0.0,0.2305116055,0.436632829,11191.0,0.0
0.7870560765433706,0.0,0.27448023,0.47209556,11191.0,0.0
0.8205147596834329,0.0,0.302384926,0.494692627,11191.0,0.0
0.8826264786258079,0.0,0.329802921,0.527760068,11191.0,0.0
0.9141252246709907,0.0,0.354462251,0.575245248,11191.0,0.0
0.9023288499578892,0.0,0.383391676,0.640458248,11191.0,0.0
0.8997093461119725,0.001023402,0.420611119,0.691689493,11191.0,0.0
0.9011123268009271,0.007481422,0.452018869,0.735889108,11191.0,0.0
0.9010998514831066,0.030116613,0.479483185,0.7551648,11191.0,0.0
0.8997735619022674,0.055576762,0.498103737,0.766673967,11191.0,0.0
0.8996067843740394,0.04898216,0.5185819905,0.7888807305000001,11191.0,0.0
0.8985769613913843,0.01091284,0.544831297,0.807908046,11191.0,0.0
0.8999689171062785,0.002227293,0.554570765,0.824079236,11191.0,0.0
0.9043688637394531,0.0,0.561417795,0.846213306,11191.0,0.0
0.9046817223707712,0.0,0.560432048,0.855112624,11191.0,0.0
0.8963248611063734,0.0,0.5642540055,0.8649862665000001,11191.0,0.0
0.8762007351221435,0.0,0.563244808,0.868228095,11191.0,0.0
0.8617363076340845,0.0,0.558683486,0.871286066,11191.0,0.0
0.8269415188213098,0.0,0.533226666,0.850005092,11191.0,0.0
0.8013286298492333,0.0,0.5453841580000001,0.8532757915,8924.0,0.0
0.7952615858760113,0.0,0.5327898504999999,0.859315777,8924.0,0.0
0.823760174827121,0.0,0.509078629,0.854082723,8924.0,0.0
0.8839163080994776,0.0,0.499528056,0.848509044,8924.0,0.0
0.9348006011293507,0.0,0.494541313,0.849059024,8924.0,0.0
0.9503507018390369,0.0023622245,0.491855722,0.845078216,8924.0,0.0
0.9481631074130732,0.030444092,0.494709061,0.82931816,8924.0,0.0
0.946397558495171,0.074974139,0.49987241,0.796951492,8924.0,0.0
0.946946101332965,0.090840805,0.49723575,0.770894288,8924.0,0.0
0.9459792850616273,0.079291277,0.4891955505,0.768993196,8924.0,0.0
0.9459835402560817,0.046260464,0.476815081,0.753834891,8924.0,0.0
0.9484029497964357,0.023953743,0.476494374,0.746286315,8924.0,0.0
0.9554005435753808,0.0,0.476425783,0.742481865,8924.0,0.0
0.9589258392489834,0.0,0.473850576,0.731923496,8924.0,0.0
0.951464953326818,0.0,0.46150313649999997,0.7015902505,8924.0,0.0
0.9290029930462771,0.0,0.437993299,0.678856382,8924.0,0.0
0.906952778078037,0.0,0.428565779,0.684248186,8924.0,0.0
0.8738541485817704,0.0,0.411149753,0.689751758,8924.0,0.0
0.8207161110847812,0.0,0.398872424,0.666638388,8924.0,0.0
0.8061192388736218,0.0,0.3746784225,0.6363093035,8924.0,0.0
0.8024343707513155,0.0,0.362181697,0.6139371135,8924.0,0.0
0.8386731458202107,0.0,0.345448141,0.604365627,8924.0,0.0
0.8985842146845071,0.0,0.33574195,0.598050732,8924.0,0.0
0.9475081833363906,0.0,0.332793108,0.583901246,8924.0,0.0
0.9664088235296583,0.0,0.331792793,0.577074986,8924.0,0.0
0.9648575850412321,0.004327432,0.324610319,0.576543059,8924.0,0.0
0.964109334787405,0.049847484,0.314994386,0.578605684,8924.0,0.0
0.9638518910951409,0.173524028,0.314075223,0.570376688,8924.0,0.0
0.9621227054636307,0.242487155,0.306531145,0.57244474,8924.0,0.0
0.9620011402866342,0.227846264,0.286649801,0.575319868,8924.0,0.0
0.9607711743912374,0.182534337,0.288555753,0.573509302,8924.0,0.0
0.9605508677644243,0.090386051,0.294697832,0.571812565,8924.0,0.0
0.9649632897154194,0.017309679,0.316105287,0.586629782,8924.0,0.0
0.9737421960942985,0.0,0.322092177,0.608396411,8924.0,0.0
0.9771619803416879,0.0,0.323125892,0.625527895,8924.0,0.0
0.9757863688399097,0.0,0.32157586,0.640571685,8924.0,0.0
0.9679228281318559,0.0,0.327645663,0.654984171,8924.0,0.0
0.951849136203968,0.0,0.328250644,0.66138328,8924.0,0.0
0.9304691260712958,0.0,0.334069797,0.669223259,8924.0,0.0
0.9019826259420576,0.0,0.334992099,0.669670508,8924.0,0.0
0.8324039764697913,0.0,0.33472812,0.6607952,8924.0,0.0
0.817684184968282,0.0,0.3231261125,0.6293416705,8924.0,0.0
0.8108209707536653,0.0,0.3253273955,0.6303852095,8924.0,0.0
0.8162883121444938,0.0,0.329212648,0.606698399,8924.0,0.0
0.8377668706757984,0.0,0.325685749,0.611419915,8924.0,0.0
0.870296648192243,0.0,0.324322177,0.620310365,8924.0,0.0
0.8855280875180387,0.004225086,0.316986132,0.624435094,8924.0,0.0
0.8961388866943173,0.038714741,0.308559605,0.625865752,8924.0,0.0
0.8990704757860734,0.110538555,0.310616902,0.646739034,8924.0,0.0
0.89922956452447,0.140489568,0.292221205,0.641961834,8924.0,0.0
0.896814603623335,0.157387381,0.279549496,0.636592667,8924.0,0.0
0.8977980539797505,0.114501304,0.280350517,0.633891404,8924.0,0.0
0.8988252173428779,0.061852608,0.295990959,0.640544525,8924.0,0.0
0.906680634157972,0.020325668,0.313108094,0.657208979,8924.0,0.0
0.9207367491419464,0.0,0.320400443,0.680127276,8924.0,0.0
0.9230570307365347,0.0,0.315077401,0.69506044,8924.0,0.0
0.9210809422829332,0.0,0.30639541,0.706824516,8924.0,0.0
0.9150841102973433,0.0,0.29194317449999996,0.7177459225,8924.0,0.0
0.8954863799884286,0.0,0.281943806,0.730900496,8924.0,0.0
0.8758038344816487,0.0,0.296614891,0.763168524,8924.0,0.0
0.8321378291406438,0.0,0.28777981,0.776853137,8924.0,0.0
0.8158065724945199,0.0,0.2597042915,0.7641851550000001,8924.0,0.0
0.8091960872726005,0.0,0.24263235849999998,0.728210625,8924.0,0.0
0.8133658623831195,0.0,0.2296243385,0.7365140375,8924.0,0.0
0.835064485882874,0.0,0.219478641,0.729866877,8924.0,0.0
0.868821327820034,0.0,0.212588293,0.724434524,8924.0,0.0
0.884676357106424,0.007947331,0.207233676,0.7200614,8924.0,0.0
0.8960066830392096,0.085650102,0.195767276,0.706355023,8924.0,0.0
0.8982731932864788,0.207115343,0.185564395,0.687490957,8924.0,0.0
0.8969230161306488,0.239107903,0.176733417,0.66426022,8924.0,0.0
0.8961683833803257,0.22676941150000002,0.1589006665,0.6357216210000001,8924.0,0.0
0.8972154691927418,0.136763331,0.150047095,0.608889991,8924.0,0.0
0.9066020086022087,0.046369834,0.148658935,0.590866171,8924.0,0.0
0.9205321097699676,0.0,0.145972951,0.576083211,8924.0,0.0
0.9238919332247264,0.0,0.140259721,0.57206888,8924.0,0.0
0.9195093948492692,0.0,0.13342005899999998,0.5563089055,8924.0,0.0
0.9074215344946888,0.0,0.132798007,0.515764907,8924.0,0.0
0.8783840739600726,0.0,0.140436115,0.450903918,8924.0,0.0
0.834841954739661,0.0,0.139140893,0.4321830285,8924.0,0.0
0.8238371885399681,0.0,0.13071927033333333,0.42331106766666665,8924.0,0.0
0.8561136491857968,0.0,0.123625638,0.389138068,8924.0,0.0
0.9166072060163244,0.0,0.122500761,0.374893709,8924.0,0.0
0.9640855440331916,0.0,0.122141898,0.365433084,8924.0,0.0
0.9829907296864558,0.0,0.126576696,0.351199467,8924.0,0.0
0.9798495684796146,0.02024233,0.122689423,0.341729543,8924.0,0.0
0.9710694050049501,0.110645423,0.119317049,0.330478853,8924.0,0.0
0.9713871959857941,0.195544715,0.122135729,0.308587529,8924.0,0.0
0.9669630721024569,0.259198292,0.120440356,0.291210482,8924.0,0.0
0.9676081318736678,0.251101195,0.113369603,0.271459305,8924.0,0.0
0.9655498394313402,0.234959871,0.096812114,0.253448196,8924.0,0.0
0.9654230518360656,0.149730186,0.09193375,0.250079483,8924.0,0.0
0.968596514186029,0.076973993,0.090468043,0.266420461,8924.0,0.0
0.98171879159044,0.00205165,0.088445245,0.271875604,8924.0,0.0
0.98688652344683,0.0,0.090039874,0.277180692,8924.0,0.0
0.9862765212590465,0.0,0.0893438995,0.2635790065,8924.0,0.0
0.9662857107945436,0.0,0.084472512,0.237858949,8924.0,0.0
0.9419476125891952,0.0,0.075454643,0.22026643,8924.0,0.0
0.9113010810595148,0.0,0.08202602,0.221352084,8924.0,0.0
0.8446909641029005,0.0,0.078643717,0.216953464,8924.0,0.0
0.8303383345039339,0.0,0.073498573,0.24433955000000002,8924.0,0.0
0.8255874735573453,0.0,0.0683157265,0.3439453085,8924.0,0.0
0.85492710622836,0.0,0.073815311,0.425403499,8924.0,0.0
0.9128219520653058,0.0,0.082301991,0.463427648,8924.0,0.0
0.9573064196477697,0.0,0.096940186,0.486114747,8924.0,0.0
0.9751636490855716,0.0,0.110107784,0.516403297,8924.0,0.0
0.9719479240726566,0.007093791,0.120180702,0.52306107,8924.0,0.0
0.968048358631345,0.038492968,0.122511501,0.494949965,8924.0,0.0
0.9680038714519935,0.088187386,0.144395492,0.485945085,8924.0,0.0
0.9662648211214312,0.120455967,0.147510081,0.475865893,8924.0,0.0
0.9661433527652122,0.127756095,0.142023989,0.474671619,8924.0,0.0
0.9650876595463198,0.13558016,0.141392823,0.489954176,8924.0,0.0
0.9648385329949897,0.070673121,0.152533635,0.497084089,8924.0,0.0
0.9694036609910952,0.017898059,0.163307948,0.48834137,8924.0,0.0
0.9787960033499249,0.00103776,0.163150452,0.463902325,8924.0,0.0
0.9800830281696906,0.0,0.153018276,0.428289391,8924.0,0.0
0.9746511794654176,0.0,0.132991733,0.372649251,8924.0,0.0
0.9564602985439628,0.0,0.106180873,0.334981035,8924.0,0.0
0.9345932535306651,0.0,0.090188934,0.319594687,8924.0,0.0
0.9026365829917066,0.0,0.091144417,0.300519025,8924.0,0.0
0.8367118544151876,0.0,0.085809372,0.31497959,8924.0,0.0
0.8240486625667215,0.0,0.086452586,0.3578946095,8924.0,0.0
0.8200798521648114,0.0,0.08642285599999999,0.39971800749999997,8924.0,0.0
0.8501648818285703,0.0,0.080741992,0.390294278,8924.0,0.0
0.9097754709521721,0.0,0.081791827,0.373459727,8924.0,0.0
0.9557580826340247,0.0,0.080203291,0.356024386,8924.0,0.0
0.9722444388844391,0.0,0.08021481,0.331397108,8924.0,0.0
0.968763726817385,0.021781453,0.080877205,0.307638291,8924.0,0.0
0.9656997412161271,0.135982867,0.075573038,0.295207552,8924.0,0.0
0.9659857143705757,0.269806151,0.06819915,0.322673695,8924.0,0.0
0.9639217161932434,0.365233992,0.070350251,0.311294243,8924.0,0.0
0.9644986920660249,0.311954532,0.07348305,0.282592078,8924.0,0.0
0.9617480484128115,0.243732964,0.077453656,0.248762272,8924.0,0.0
0.9606395512672143,0.124121163,0.087997648,0.255197022,8924.0,0.0
0.9664797120819916,0.037461253,0.094523805,0.27381711,8924.0,0.0
0.9747551433335123,0.002060034,0.10125458,0.293181542,8924.0,0.0
0.9770633357126487,0.0,0.106450153,0.305914458,8924.0,0.0
0.971503925634042,0.0,0.10805635499999999,0.3186517605,8924.0,0.0
0.9510837683515464,0.0,0.111002969,0.32939426,8924.0,0.0
0.9290140180203375,0.0,0.109715388,0.327666334,8924.0,0.0
0.8988495886281759,0.0,0.123800356,0.322046468,8924.0,0.0
0.8315471204606759,0.0,0.117586951,0.333936388,8924.0,0.0
0.8175047382838883,0.0,0.11198957400000001,0.3499238025,8924.0,0.0
0.8148819464673411,0.0,0.12093705900000001,0.3602929605,8924.0,0.0
0.84604520300842,0.0,0.136768078,0.376889208,8924.0,0.0
0.9048466140585304,0.0,0.148656084,0.387195117,8924.0,0.0
0.9518220570855437,0.0,0.16625538,0.379877524,8924.0,0.0
0.9689537631759209,0.0,0.182054953,0.38212451,8924.0,0.0
0.9646582645147285,0.014645539,0.194678885,0.39233981,8924.0,0.0
0.9613780336427665,0.106369527,0.202690783,0.389144305,8924.0,0.0
0.9579626012138185,0.192903327,0.203285247,0.410257964,8924.0,0.0
0.9536471799065472,0.199201222,0.200082582,0.39964505,8924.0,0.0
0.949784025965226,0.196415333,0.203594309,0.3873966005,8924.0,0.0
0.9502799095171106,0.137915907,0.219043982,0.414017988,8924.0,0.0
0.9564287707863194,0.062924978,0.244349795,0.461138555,8924.0,0.0
0.9687214645480138,0.003073066,0.268309228,0.505325225,8924.0,0.0
0.973004487497805,0.0,0.278965332,0.533385215,8924.0,0.0
0.9732202490582021,0.0,0.281867114,0.534623154,8924.0,0.0
0.9668065939828288,0.0,0.280305907,0.534676792,8924.0,0.0
0.9503343578227111,0.0,0.272967836,0.541283892,8924.0,0.0
0.928570889787979,0.0,0.270577149,0.554752338,8924.0,0.0
0.8989071312628519,0.0,0.260071341,0.530148183,8924.0,0.0
0.8318594957752673,0.0,0.282292526,0.552625802,8924.0,0.0
0.816786758888709,0.0,0.306924152,0.573673978,8924.0,0.0
0.8127175626580867,0.0,0.3239542595,0.5862737425,8924.0,0.0
0.8428976591082924,0.0,0.330743876,0.591096245,8924.0,0.0
0.8999256878098736,0.0,0.338817675,0.58987099,8924.0,0.0
0.9486246107333924,0.0,0.353983727,0.590384801,8924.0,0.0
0.9677444937056622,0.0,0.363255528,0.595430539,8924.0,0.0
0.9645390202813289,0.038594591,0.363112639,0.590767228,8924.0,0.0
0.9616536587814365,0.132577546,0.363951671,0.581078018,8924.0,0.0
0.9606708853833026,0.216493628,0.337605276,0.585407877,8924.0,0.0
0.9572602888766836,0.237843773,0.351341762,0.579608973,8924.0,0.0
0.9548912170882715,0.214780307,0.377140975,0.557432297,8924.0,0.0
0.9549811096700388,0.149396142,0.410115365,0.553785855,8924.0,0.0
0.9633422261288908,0.061703794,0.424902388,0.566902077,8924.0,0.0
0.9738521561597303,0.003324761,0.438569272,0.591520548,8924.0,0.0
0.9769627566359619,0.0,0.437450574,0.61173069,8924.0,0.0
0.9712337645720135,0.0,0.4321944935,0.6257397,8924.0,0.0
0.9516240904756034,0.0,0.41052316,0.616101382,8924.0,0.0
0.92966894209702,0.0,0.394001756,0.609845573,8924.0,0.0
0.900652564680281,0.0,0.356632535,0.587765579,8924.0,0.0
0.8321378291406438,0.0,0.352017479,0.560305636,8924.0,0.0
0.820885548232537,0.0,0.345944856,0.529890801,8924.0,0.0
0.8100762507192028,0.0,0.3418652545,0.49564774349999996,8924.0,0.0
0.8087947864032754,0.0,0.329644468,0.484811466,8924.0,0.0
0.8132379141192563,0.0,0.3219241775,0.504140398,8924.0,0.0
0.8344086912063547,0.0,0.322992359,0.516995152,8924.0,0.0
0.8659497959481057,0.0,0.330614529,0.535232614,8924.0,0.0
0.8817484428748279,0.020102545,0.336452204,0.547727748,8924.0,0.0
0.8917357489112898,0.051953146,0.334531572,0.537112591,8924.0,0.0
0.892915231429998,0.079541993,0.347469832,0.570795837,8924.0,0.0
0.8910012314646495,0.102069631,0.352300515,0.554801232,8924.0,0.0
0.8912450391705043,0.102540489,0.358392718,0.514102218,8924.0,0.0
0.8921424170364788,0.085364252,0.364230565,0.476411358,8924.0,0.0
0.8932349568584896,0.069634442,0.344954663,0.462913554,8924.0,0.0
0.9017541954222851,0.039181294,0.36000333,0.477144058,8924.0,0.0
0.9156486102619334,0.003196412,0.375343753,0.500431342,8924.0,0.0
0.91823426540661,0.0,0.401562326,0.518877343,8924.0,0.0
0.9181532216928922,0.0,0.415294011,0.531709713,8924.0,0.0
0.9118287340274059,0.0,0.428283177,0.5422407570000001,8924.0,0.0
0.8932472389283357,0.0,0.434837261,0.546367969,8924.0,0.0
0.8729373317800242,0.0,0.444993069,0.541081017,8924.0,0.0
0.8279578026383333,0.0,0.436965905,0.557549857,8924.0,0.0
0.8119433941512142,0.0,0.44574380550000003,0.5554187669999999,8924.0,0.0
0.8051101845381072,0.0,0.44352453599999997,0.5302823985,8924.0,0.0
0.8079467552538052,0.0,0.446032637,0.5336858685,8924.0,0.0
0.8300016849216122,0.0,0.43889786,0.553305091,8924.0,0.0
0.8616775075100424,0.0,0.42767732,0.573466637,8924.0,0.0
0.8776970415946621,0.014615989,0.418511396,0.606531248,8924.0,0.0
0.8900961169888256,0.077963959,0.415532794,0.638005668,8924.0,0.0
0.8904877948174618,0.141515395,0.425968005,0.65639758,8924.0,0.0
0.8880292173368121,0.172194372,0.437000476,0.65629701,8924.0,0.0
0.8883107904592205,0.17526102,0.445072606,0.6616861025,8924.0,0.0
0.8909034570418665,0.100298789,0.437170269,0.677346876,8924.0,0.0
0.8995362341040568,0.039632731,0.446126016,0.690133515,8924.0,0.0
0.9114607503289958,0.001438378,0.453531235,0.705895512,8924.0,0.0
0.9114263210966712,0.0,0.446633311,0.711345331,8924.0,0.0
0.9086750008787567,0.0,0.435715,0.71042411,8924.0,0.0
0.8991802422099504,0.0,0.425662943,0.7092800635000001,8924.0,0.0
0.8788451899972819,0.0,0.42253414,0.726553974,8924.0,0.0
0.8544365901291295,0.0,0.440260423,0.724814557,8924.0,0.0
0.8148937208184759,0.0,0.430097581,0.732607437,8924.0,0.0
0.7997778752679043,0.0,0.4266529465,0.7589993749999999,8924.0,0.0
0.8004803812465943,0.0,0.424280438,0.756277888,8924.0,0.0
0.8303686049690013,0.0,0.430185669,0.776637771,8924.0,0.0
0.8901880888558265,0.0,0.436250011,0.788474606,8924.0,0.0
0.9371497022548755,0.0,0.441072623,0.794363184,8924.0,0.0
0.953735186844636,0.0,0.444394235,0.792398546,8924.0,0.0
0.9486145527863656,0.01527523,0.443669137,0.791908874,8924.0,0.0
0.9486845711324429,0.083251766,0.437319059,0.786959884,8924.0,0.0
0.9480374804863873,0.130443496,0.402100501,0.773147259,8924.0,0.0
0.9479110797806422,0.181786959,0.405304452,0.768839588,8924.0,0.0
0.9475598265945069,0.218562888,0.410987189,0.769048715,8924.0,0.0
0.9465174796868523,0.182416469,0.423880002,0.769588688,8924.0,0.0
0.9467836274095799,0.107394952,0.414594014,0.76846035,8924.0,0.0
0.9490271202881144,0.029986236,0.396324551,0.767609037,8924.0,0.0
0.9567641634696455,0.003143467,0.394157089,0.76134555,8924.0,0.0
0.9589258392489834,0.0,0.378132834,0.760953715,8924.0,0.0
0.9561643638696843,0.0,0.358572311,0.77158479,8924.0,0.0
0.9470744360927772,0.0,0.345322716,0.79104464,8924.0,0.0
0.9302697087240148,0.0,0.325294657,0.806001661,8924.0,0.0
0.9091993656792273,0.0,0.31231207,0.811824489,8924.0,0.0
0.8747025906291743,0.0,0.321914495,0.801654811,8924.0,0.0
0.8210426064896693,0.0,0.303771369,0.787652965,8924.0,0.0
0.804784293869498,0.0,0.291908544,0.7842922244999999,8924.0,0.0
0.8004724509951897,0.0,0.2682877585,0.7593486895,8924.0,0.0
0.8322175185442182,0.0,0.250213154,0.711464053,8924.0,0.0
0.8924344828154619,0.0,0.239257552,0.672220987,8924.0,0.0
0.940108466892253,0.0,0.230286652,0.656024463,8924.0,0.0
0.9570610647773772,0.0,0.221043332,0.6446055,8924.0,0.0
0.9516182879198212,0.035256638,0.206210823,0.643223864,8924.0,0.0
0.950275267629917,0.111564481,0.192810192,0.634778709,8924.0,0.0
0.9499920987357916,0.168270284,0.165569124,0.569390273,8924.0,0.0
0.9491477184380773,0.204843941,0.162819357,0.56468684,8924.0,0.0
0.9488747043117561,0.204728846,0.158593003,0.573234538,8924.0,0.0
0.9489302160715875,0.209364408,0.153219286,0.572764382,8924.0,0.0
0.9489393069915806,0.172003655,0.149892765,0.560297773,8924.0,0.0
0.9527545411421243,0.114242415,0.157695054,0.563491328,8924.0,0.0
0.9599149953404036,0.009299511,0.167678766,0.569087731,8924.0,0.0
0.9630648601841281,0.0,0.166228702,0.563570752,8924.0,0.0
0.9616617826743958,0.0,0.162765629,0.547069752,8924.0,0.0
0.9532249413473012,0.0,0.161868066,0.524491483,8924.0,0.0
0.936482979031493,0.0,0.160025904,0.501497668,8924.0,0.0
0.9161085660241346,0.0,0.162313572,0.478248291,8924.0,0.0
0.8899378984566851,0.0,0.172655668,0.459411286,8924.0,0.0
0.8264284208500533,0.0,0.174591896,0.447143343,8924.0,0.0
0.8168571639275256,0.0,0.182763005,0.434313754,8924.0,0.0
0.8088839052059836,0.0,0.2055084525,0.4215227575,8924.0,0.0
0.8105695230619482,0.0,0.232399033,0.411840014,8924.0,0.0
0.8394818401833953,0.0,0.248460869,0.407280114,8924.0,0.0
0.8985842146845071,0.0,0.265776539,0.404366345,8924.0,0.0
0.9459318969979652,0.0,0.279992768,0.413873126,8924.0,0.0
0.9641617522181609,0.0,0.295300281,0.43149879,8924.0,0.0
0.9584001201383693,0.035173474,0.298164002,0.433536829,8924.0,0.0
0.9530709782064052,0.147091174,0.304490605,0.429980266,8924.0,0.0
0.9491519738293217,0.202351725,0.319392479,0.46659608,8924.0,0.0
0.9481122379340159,0.230327605,0.308923241,0.450388096,8924.0,0.0
0.9464764745132667,0.225198335,0.308325185,0.445399633,8924.0,0.0
0.9461526873350854,0.199662643,0.312057233,0.444273848,8924.0,0.0
0.9459828632978,0.162303205,0.309545881,0.439447488,8924.0,0.0
0.9511248703459095,0.085217094,0.32260337,0.450998172,8924.0,0.0
0.9643952115146567,0.015508524,0.343242042,0.486682983,8924.0,0.0
0.9715313916419959,0.0,0.353071622,0.529937441,8924.0,0.0
0.9676108397067941,0.0,0.36387161300000004,0.5762575515,8924.0,0.0
0.9472621515077163,0.0,0.372923016,0.605237813,8924.0,0.0
0.9258774990942702,0.0,0.378065919,0.613162514,8924.0,0.0
0.8959910161779556,0.0,0.370149872,0.624731212,8924.0,0.0
0.8240980332916299,0.0,0.3864985895,0.6532257785,8924.0,0.0
0.8107896042983876,0.0,0.42153644733333334,0.6566231616666668,8924.0,0.0
0.8398317390593868,0.0,0.444319801,0.657219571,8924.0,0.0
0.8992478427916533,0.0,0.455525485,0.679924611,8924.0,0.0
0.9477474451886685,0.0,0.468484902,0.702447578,8924.0,0.0
0.9650654159566442,0.0,0.482601443,0.73159173,8924.0,0.0
0.9606594735197127,0.03060086,0.489871496,0.754082771,8924.0,0.0
0.9592728366502936,0.097062694,0.496559434,0.780863877,8924.0,0.0
0.955426365204439,0.156520255,0.482795085,0.756195971,8924.0,0.0
0.9537333492177659,0.178373404,0.509094702,0.79631155,8924.0,0.0
0.9521184752733389,0.1750541625,0.502478542,0.8180692165,8924.0,0.0
0.9514328938420593,0.134644386,0.50224306,0.826758864,8924.0,0.0
0.9564287707863194,0.059049299,0.511740625,0.83418516,8924.0,0.0
0.9643952115146567,0.004034405,0.517738768,0.849806601,8924.0,0.0
0.9657897786354802,0.0,0.525041652,0.866579587,8924.0,0.0
0.9594702715331186,0.0,0.5262936970000001,0.8843021675,8924.0,0.0
0.9383610025999791,0.0,0.510660966,0.882418155,8924.0,0.0
0.916707011313952,0.0,0.499562012,0.874926151,8924.0,0.0
0.8892037678995743,0.0,0.453134148,0.850980299,8924.0,0.0
0.8264284208500533,0.0,0.450858741,0.847819523,8924.0,0.0
0.8095008224045395,0.0,0.44089789700000004,0.8218823495,8924.0,0.0
0.8013392923357487,0.0,0.4036275735,0.764280497,8924.0,0.0
0.8320805761811394,0.0,0.369395213,0.72085306,8924.0,0.0
0.8919017040532798,0.0,0.353727888,0.690430745,8924.0,0.0
0.9405550763432163,0.0,0.33674096,0.663545435,8924.0,0.0
0.9573906549049211,0.0,0.319639184,0.631335383,8924.0,0.0
0.9530678834837494,0.022689179,0.300289734,0.584960527,8924.0,0.0
0.950275267629917,0.138719046,0.309989815,0.544319279,8924.0,0.0
0.9480374804863873,0.260001816,0.251442906,0.464573113,8924.0,0.0
0.9473433884694088,0.305152538,0.24188314,0.445871,8924.0,0.0
0.9462872599505983,0.2705281885,0.21445734249999998,0.4114882485,8924.0,0.0
0.9475650490127852,0.186121137,0.192157532,0.382102721,8924.0,0.0
0.9500408409128072,0.074469951,0.195876077,0.374050251,8924.0,0.0
0.9587813535240297,0.00643448,0.204616097,0.366628438,8924.0,0.0
0.9612134320237593,0.0,0.199398052,0.350181187,8924.0,0.0
0.9585077592602045,0.0,0.184779459,0.32726351,8924.0,0.0
0.9478613705765929,0.0,0.169434317,0.297419755,8924.0,0.0
0.9307203799246678,0.0,0.149354262,0.270856578,8924.0,0.0
0.9095857246623883,0.0,0.133650281,0.253445445,8924.0,0.0
0.888205230819409,0.0,0.121587266,0.242601624,8924.0,0.0
0.8229085412362838,0.0,0.107385763,0.255830169,8924.0,0.0
0.8095736213961163,0.0,0.0894749155,0.240865609,8924.0,0.0
0.7996083170941766,0.0,0.0718945815,0.1704236405,8924.0,0.0
0.8073788704978071,0.0,0.0629651665,0.11821630550000001,8924.0,0.0
0.849636503688799,0.0,0.0625392575,0.1114411115,8924.0,0.0
0.8826232870823746,0.038217893,0.053742327,0.107357042,8924.0,0.0
0.890936338716073,0.134892614,0.040332399,0.097568809,8924.0,0.0
0.8886785324992672,0.206320349,0.033241959,0.091154997,8924.0,0.0
0.8873776780515373,0.237248921,0.029728806,0.072873604,8924.0,0.0
0.8853361169086453,0.2739992385,0.0284533335,0.058970049999999996,8924.0,0.0
0.8855760559159952,0.207111063,0.027064652,0.054087822,8924.0,0.0
0.8942860077966079,0.107850381,0.031633409,0.055574565,8924.0,0.0
0.9101589284606518,0.012977073,0.039438215,0.05842269,8924.0,0.0
0.9166390234491394,0.0,0.044659279,0.060387064,8924.0,0.0
0.9154930995629194,0.0,0.046562196,0.058306852,8924.0,0.0
0.9101743054499439,0.0,0.048031858999999996,0.0594004375,8924.0,0.0
0.8902858632786094,0.0,0.048838219,0.058590121,8924.0,0.0
0.8674994868784138,0.0,0.048302631,0.068439973,8924.0,0.0
0.8215037225268784,0.0,0.052733222,0.076178299,8924.0,0.0
0.8049950262595915,0.0,0.0576902605,0.09279381,8924.0,0.0
0.7981368168132938,0.0,0.061755906,0.1094478425,8924.0,0.0
0.8028203912553358,0.0,0.06569607599999999,0.141729285,8924.0,0.0
0.8280134112189422,0.0,0.067980855,0.163459313,8924.0,0.0
0.8607871896892162,0.0,0.069826487,0.172682351,8924.0,0.0
0.8746995927272959,0.032179425,0.067669465,0.184126361,8924.0,0.0
0.8863934539160627,0.134706075,0.060512178,0.189389536,8924.0,0.0
0.8847852533240449,0.180241784,0.055175048,0.184710151,8924.0,0.0
0.8824145855671259,0.20357709,0.06246525,0.188332468,8924.0,0.0
0.8816539568162558,0.229371445,0.071019506,0.213287925,8924.0,0.0
0.881073402904092,0.201052606,0.073431996,0.226927033,8924.0,0.0
0.8824991108930291,0.143377266,0.069997548,0.234180075,8924.0,0.0
0.8906436924060056,0.05449246,0.071579866,0.244735184,8924.0,0.0
0.9058301612357234,0.00771629,0.081407189,0.265260482,8924.0,0.0
0.9086322545054981,0.0,0.088188435,0.285713351,8924.0,0.0
0.9077922260262252,0.0,0.090943803,0.292425047,8924.0,0.0
0.8994983234563367,0.0,0.0876601825,0.2856709,8924.0,0.0
0.8800126809084764,0.0,0.083756316,0.268339312,8924.0,0.0
0.8411000989192301,0.0,0.0802532685,0.252879893,8924.0,0.0
0.8072894374211524,0.0,0.083266003,0.228095546,8924.0,0.0
0.8041381218400874,0.0,0.084745218,0.19423616900000001,8924.0,0.0
0.8366342927072354,0.0,0.086045202,0.191386813,8924.0,0.0
0.8980795784949802,0.0,0.088877371,0.202620051,8924.0,0.0
0.9450801665863504,0.0,0.094247375,0.212925991,8924.0,0.0
0.9616547226292477,0.0,0.099199261,0.227580274,8924.0,0.0
0.9597902386199738,0.034255219,0.098341722,0.239124832,8924.0,0.0
0.9577867813727764,0.111911269,0.091848217,0.247349869,8924.0,0.0
0.955544062273301,0.163762723,0.093051285,0.284348559,8924.0,0.0
0.9553022854422907,0.171415773,0.095306936,0.282931442,8924.0,0.0
0.9550987579349315,0.186735781,0.094003834,0.2870540815,8924.0,0.0
0.9569902726522409,0.123612028,0.094957634,0.29902215,8924.0,0.0
0.9627898151829622,0.056886221,0.100920889,0.311582244,8924.0,0.0
0.971621719130101,0.007381909,0.112283345,0.333033659,8924.0,0.0
0.9744482805059511,0.0,0.120528624,0.358801716,8924.0,0.0
0.9732202490582021,0.0,0.122642554,0.381484061,8924.0,0.0
0.9655686014088306,0.0,0.119207993,0.385854478,8924.0,0.0
0.9502953835239704,0.0,0.112815682,0.380120494,8924.0,0.0
0.9281316300573355,0.0,0.110242928,0.370507182,8924.0,0.0
0.8990488123339018,0.0,0.106888801,0.376217172,8924.0,0.0
0.8319373479455517,0.0,0.104104334,0.37075509,8924.0,0.0
0.8168478315459593,0.0,0.0940866695,0.3253876665,8924.0,0.0
0.8140311830827599,0.0,0.0835429915,0.2752642285,8924.0,0.0
0.8464444245925116,0.0,0.076170064,0.244207078,8924.0,0.0
0.9050571532006493,0.0,0.073280737,0.231253461,8924.0,0.0
0.9519005862141098,0.0,0.072050557,0.210359063,8924.0,0.0
0.9697742562922248,0.001406124,0.072309389,0.196746897,8924.0,0.0
0.966024495421342,0.056483435,0.064407916,0.183820177,8924.0,0.0
0.9636764581436283,0.175930509,0.055587361,0.165288918,8924.0,0.0
0.9644764484763491,0.254786704,0.050922367,0.180636845,8924.0,0.0
0.9621227054636307,0.289270687,0.04811853,0.148866592,8924.0,0.0
0.9613474729121568,0.310550539,0.0430143,0.126105556,8924.0,0.0
0.9599948783855329,0.27241887,0.041815045,0.11465233,8924.0,0.0
0.9599221518127491,0.210908499,0.043747172,0.107284284,8924.0,0.0
0.9649632897154194,0.110631373,0.051041904,0.10574533,8924.0,0.0
0.9738521561597303,0.022206964,0.0610311,0.110136459,8924.0,0.0
0.9763552204261512,0.0,0.065601535,0.115794449,8924.0,0.0
0.9759469083156469,0.0,0.063399402,0.113072934,8924.0,0.0
0.9691295834105434,0.0,0.057332989,0.105319042,8924.0,0.0
0.9530843241240624,0.0,0.052882832,0.095041355,8924.0,0.0
0.9300933083518882,0.0,0.051681523,0.084391349,8924.0,0.0
0.9019826259420576,0.0,0.047778846,0.071619211,8924.0,0.0
0.8358411687781079,0.0,0.046881829,0.066602256,8924.0,0.0
0.8217881485167895,0.0,0.047536835,0.061271309,8924.0,0.0
0.8168926568108712,0.0,0.047798356,0.055347526,8924.0,0.0
0.8479254510933057,0.0,0.051854077,0.056198169,8924.0,0.0
0.9073216321794934,0.0,0.055311084,0.056210165,8924.0,0.0
0.9542217380149544,0.0,0.060322001,0.054428572,8924.0,0.0
0.9721711321741511,0.002110893,0.062614316,0.049788795,8924.0,0.0
0.9665667519930468,0.063573933,0.058820875,0.043633042,8924.0,0.0
0.9629430049383795,0.210999958,0.051609626,0.036775502,8924.0,0.0
0.9648160961573394,0.284095894,0.054731038,0.033029932,8924.0,0.0
0.9646201604222439,0.336813254,0.057125978,0.03704017,8924.0,0.0
0.9620011402866342,0.38523656,0.060033308,0.048082196,8924.0,0.0
0.960991771480383,0.369031388,0.062514423,0.057937889,8924.0,0.0
0.9600821111509823,0.291768821,0.067796475,0.065736122,8924.0,0.0
0.9649632897154194,0.142797214,0.07712683,0.070947858,8924.0,0.0
0.9749544638600159,0.017591768,0.085636952,0.077687453,8924.0,0.0
0.9770705890057717,0.0,0.090133127,0.085622374,8924.0,0.0
0.9769753291681404,0.0,0.092324896,0.098898715,8924.0,0.0
0.9710780122146361,0.0,0.0936602,0.115246293,8924.0,0.0
0.9545108058920589,0.0,0.092110544,0.127843804,8924.0,0.0
0.9348947971191708,0.0,0.086146492,0.13579718,8924.0,0.0
0.9049224353539701,0.0,0.104473291,0.16289516,8924.0,0.0
0.8384338839679328,0.0,0.092480865,0.174848669,8924.0,0.0
0.8258860676543613,0.0,0.0741290795,0.164946934,8924.0,0.0
0.8227964534752295,0.0,0.0635166885,0.1449262265,8924.0,0.0
0.8542207321415355,0.0,0.061667291,0.138423354,8924.0,0.0
0.9135195256944696,0.0,0.062327666,0.133076915,8924.0,0.0
0.960011609094598,0.0,0.065148445,0.128142734,8924.0,0.0
0.9793066353432086,0.00346559,0.066338047,0.120731201,8924.0,0.0
0.9724080730828323,0.145997033,0.06176744,0.108460014,8924.0,0.0
0.9692709740192609,0.313527708,0.047523209,0.09677435,8924.0,0.0
0.9682134435670787,0.421608464,0.050580572,0.09211601,8924.0,0.0
0.9653640584640488,0.481008341,0.048860881,0.082589771,8924.0,0.0
0.9638892214085665,0.474219359,0.050699053,0.072453611,8924.0,0.0
0.9633145668729624,0.415404148,0.058182402,0.067136284,8924.0,0.0
0.9626255040262874,0.333392779,0.07199534,0.066925142,8924.0,0.0
0.9666485690922433,0.174230512,0.089731437,0.067234847,8924.0,0.0
0.974710849795716,0.039134556,0.107693358,0.073867458,8924.0,0.0
0.9800092377490957,0.0,0.1211356,0.083723011,8924.0,0.0
0.9785001654964239,0.0,0.127585313,0.089739775,8924.0,0.0
0.9709379751289013,0.0,0.13253288,0.105750288,8924.0,0.0
0.9559210402677167,0.0,0.127762231,0.120834612,8924.0,0.0
0.93216910528234,0.0,0.127235308,0.131931001,8924.0,0.0
0.9045865593539174,0.0,0.127617296,0.132644837,8924.0,0.0
0.833804829856704,0.0,0.1369531865,0.1547539455,8924.0,0.0
0.820105625580271,0.0,0.1418322205,0.190773138,8924.0,0.0
0.8216278991098043,0.0,0.140331,0.213555846,8924.0,0.0
0.851032376315797,0.0,0.14105364,0.237332409,8924.0,0.0
0.9107996364134211,0.0,0.14105849,0.261077298,8924.0,0.0
0.9571929783637327,0.0,0.137389215,0.280254744,8924.0,0.0
0.9734823350312403,0.002760572,0.137619589,0.307464988,8924.0,0.0
0.9678665425929657,0.05133528,0.128413036,0.321635988,8924.0,0.0
0.9649199632046567,0.104928139,0.11288707,0.332620742,8924.0,0.0
0.9638010216160836,0.152596077,0.108447608,0.349205633,8924.0,0.0
0.9644855393963422,0.171949835,0.119526355,0.354199851,8924.0,0.0
0.9640533395140569,0.1501644965,0.131417791,0.3700888605,8924.0,0.0
0.9626627375189355,0.096439833,0.136943649,0.393562798,8924.0,0.0
0.9672613273267517,0.054375698,0.138297056,0.408806472,8924.0,0.0
0.9739954812160955,0.014957021,0.145269106,0.436876368,8924.0,0.0
0.9770705890057717,0.0,0.160346859,0.468794288,8924.0,0.0
0.9769441883000266,0.0,0.166471295,0.498122544,8924.0,0.0
0.9701226080036786,0.0,0.167565591,0.512969426,8924.0,0.0
0.9550935839270421,0.0,0.164803224,0.519359483,8924.0,0.0
0.9319159169813203,0.0,0.164612187,0.523468085,8924.0,0.0
0.901424508867544,0.0,0.145537017,0.508473493,8924.0,0.0
0.8283930970464843,0.0,0.15023906250000002,0.5153089705,8924.0,0.0
0.8146110599054488,0.0,0.14242091833333334,0.4987140463333333,8924.0,0.0
0.8200879756641904,0.0,0.13633461800000002,0.4644462295,8924.0,0.0
0.8434022952978195,0.0,0.139691336,0.448867712,8924.0,0.0
0.8765467654964202,0.005835322,0.140191985,0.439216708,8924.0,0.0
0.892436900579836,0.088994996,0.134216436,0.414213431,8924.0,0.0
0.8979511469143903,0.172877205,0.121841591,0.394892258,8924.0,0.0
0.9013692871764647,0.235629172,0.113735168,0.373439476,8924.0,0.0
0.8988536503778652,0.293729832,0.10857562,0.357138151,8924.0,0.0
0.8989128373914371,0.320991364,0.113703981,0.354829082,8924.0,0.0
0.8990845954827896,0.298827778,0.120904965,0.359033648,8924.0,0.0
0.9000164021875082,0.248946631,0.12657665,0.375617285,8924.0,0.0
0.9069603214399119,0.140532702,0.138325901,0.392751562,8924.0,0.0
0.9234051888064335,0.022493289,0.157977537,0.42128303,8924.0,0.0
0.9249937576082854,0.0,0.173736219,0.45509401,8924.0,0.0
0.9233656339766083,0.0,0.176930061,0.477418458,8924.0,0.0
0.9212290548512385,0.0,0.185394628,0.4930490185,8924.0,0.0
0.9034182950572442,0.0,0.19312548,0.508445982,8924.0,0.0
0.8819760031883443,0.0,0.18933682,0.535072658,8924.0,0.0
0.833011029166085,0.0,0.17943115,0.522749089,8924.0,0.0
0.817327226047142,0.0,0.1746474655,0.552087282,8924.0,0.0
0.8203447423981731,0.0,0.18529610200000002,0.6201929915,8924.0,0.0
0.8339615010275165,0.0,0.2084962185,0.6977272045,8924.0,0.0
0.8789065047064758,0.006508763,0.21404019,0.734667192,8924.0,0.0
0.89455824814387,0.133612918,0.20009814,0.745817987,8924.0,0.0
0.9034728397900419,0.284940747,0.187072793,0.757946487,8924.0,0.0
0.9032257441135565,0.398474431,0.19030384,0.745727293,8924.0,0.0
0.9006708429474642,0.489750606,0.18276775,0.737621268,8924.0,0.0
0.9012060394740207,0.531745829,0.185532305,0.754750087,8924.0,0.0
0.9002066321875991,0.501178626,0.187805956,0.770346465,8924.0,0.0
0.9008157155619475,0.422340207,0.194459159,0.791013802,8924.0,0.0
0.9092407577423425,0.286624695,0.207781677,0.798909751,8924.0,0.0
0.9235884555821535,0.065176159,0.221706265,0.7981566,8924.0,0.0
0.925164741920579,0.0,0.234561467,0.808729583,8924.0,0.0
0.9235779139248197,0.0,0.248717762,0.830438761,8924.0,0.0
0.9229775827945335,0.0,0.26741601849999996,0.841033063,8924.0,0.0
0.9044201205016204,0.0,0.275086362,0.830809854,8924.0,0.0
0.8634395267989508,0.0,0.31633075850000003,0.8341038464999999,8924.0,0.0
0.828885966625291,0.0,0.3117757443333333,0.8345068686666667,8924.0,0.0
0.8430826666901051,0.0,0.3210007285,0.808707482,8924.0,0.0
0.9194000151181314,0.0,0.327326274,0.790480329,8924.0,0.0
0.9688408052086106,0.0,0.332896901,0.780278306,8924.0,0.0
0.9858794759777562,0.013887362,0.330366373,0.767663698,8924.0,0.0
0.9798495684796146,0.29275222,0.312768463,0.746225843,8924.0,0.0
0.9708204717015945,0.445421019,0.284986879,0.725945608,8924.0,0.0
0.971154510074777,0.547640108,0.268788314,0.701530242,8924.0,0.0
0.9677568725962857,0.587641254,0.248431305,0.674378218,8924.0,0.0
0.9669416022918403,0.559153582,0.248725178,0.685885765,8924.0,0.0
0.9662392895611249,0.479622356,0.263361632,0.714710329,8924.0,0.0
0.9664243935701348,0.360684536,0.296491915,0.752876,8924.0,0.0
0.9690920594555629,0.230497195,0.337367619,0.794593309,8924.0,0.0
0.9798480213150769,0.08352894,0.379489601,0.83166149,8924.0,0.0
0.9835518446628478,0.0,0.402718899,0.868054638,8924.0,0.0
0.9819723667809891,0.0,0.413417658,0.885008195,8924.0,0.0
0.9782720250454034,0.0,0.414581635,0.88775585,8924.0,0.0
0.9637706545270288,0.0,0.408647306,0.883211822,8924.0,0.0
0.9401908641289537,0.0,0.410010905,0.874419826,8924.0,0.0
0.9090522689419246,0.0,0.429702688,0.867205711,8924.0,0.0
0.8391893873180925,0.0,0.418042308,0.858662075,8924.0,0.0
0.826548390255333,0.0,0.4110697285,0.8571396984999999,8924.0,0.0
0.8300832119520567,0.0,0.42028261,0.856705041,8924.0,0.0
0.8612434705912574,0.0,0.428703767,0.851493616,8924.0,0.0
0.9241844831075968,0.0,0.436335761,0.836559459,8924.0,0.0
0.9733274044697302,0.0,0.433707102,0.823093172,8924.0,0.0
0.9914628700585509,0.012544044,0.430849387,0.810773038,8924.0,0.0
0.9883751901302765,0.144163937,0.427439733,0.795847758,8924.0,0.0
0.9812216987627879,0.266421739,0.455230166,0.780733105,8924.0,0.0
0.9807855341483807,0.391520473,0.435081731,0.773333272,8924.0,0.0
0.979844732950866,0.443153519,0.417780625,0.758524272,8924.0,0.0
0.9777623600791532,0.433610334,0.395305207,0.753083791,8924.0,0.0
0.9777003684116776,0.415504935,0.377833384,0.7520115,8924.0,0.0
0.9791526718087323,0.349654727,0.362692575,0.755899748,8924.0,0.0
0.9854030791816616,0.257357972,0.330325406,0.761830433,8924.0,0.0
0.9974494510459296,0.089502661,0.323902793,0.766730612,8924.0,0.0
1.0,0.0,0.321034915,0.764725172,8924.0,0.0
0.9997417829222571,0.0,0.315542587,0.758168444,8924.0,0.0
0.9924199182548237,0.0,0.301143484,0.746670258,8924.0,0.0
0.975901454109262,0.0,0.290289823,0.73279408,8924.0,0.0
0.9499755612747011,0.0,0.281028965,0.72050366,8924.0,0.0
0.918295386474249,0.0,0.311176726,0.727792857,8924.0,0.0
0.8613105874626531,0.0,0.296609913,0.708451871,8924.0,0.0
0.8496982533043309,0.0,0.2789237785,0.6876621075,8924.0,0.0
0.8485568744845269,0.0,0.27342485,0.678932041,8924.0,0.0
0.8794259375510007,0.0,0.275852988,0.680172555,8924.0,0.0
0.9377246468592317,0.0,0.274922025,0.685734573,8924.0,0.0
0.9830344426931678,0.0,0.26892656,0.68594696,8924.0,0.0
0.9982226523289782,0.017093824,0.262268387,0.686430455,8924.0,0.0
0.9901138535713094,0.230386554,0.244828142,0.688286475,8924.0,0.0
0.9839620912209998,0.38001769,0.236781563,0.692070748,8924.0,0.0
0.9836616110867248,0.501981401,0.216892312,0.673981025,8924.0,0.0
0.9803126191612617,0.557672883,0.220193739,0.657954673,8924.0,0.0
0.9779824734579918,0.502702988,0.238316999,0.663431469,8924.0,0.0
0.9781412721276364,0.403851009,0.253470247,0.668630671,8924.0,0.0
0.9841630557328186,0.279050981,0.248893543,0.680881529,8924.0,0.0
0.9957302261470883,0.103821205,0.260300653,0.689469115,8924.0,0.0
0.9994588072761064,0.001052301,0.273548973,0.694555144,8924.0,0.0
0.9951002530996272,0.0,0.27715347349999997,0.691221388,8924.0,0.0
0.9744497312432918,0.0,0.274557762,0.681404393,8924.0,0.0
0.9483235504616133,0.0,0.271939811,0.668429503,8924.0,0.0
0.9167971455540828,0.0,0.282765658,0.691886006,8924.0,0.0
0.838977542473009,0.0,0.279577228,0.676295079,9732.5,0.0
0.8258991719136551,0.0,0.275875442,0.6565229180000001,10541.0,0.0
0.8422459745918516,0.0,0.27623642800000003,0.6515481165,10541.0,0.0
0.9209810405581084,0.0,0.271759853,0.655939585,10541.0,0.0
0.9714640807354646,0.0,0.263848301,0.654870984,10541.0,0.0
0.9885915318281777,0.014739299,0.24928812,0.648427267,10541.0,0.0
0.9842504821398228,0.171643533,0.223275147,0.63609648,10541.0,0.0
0.9780927235921759,0.273249733,0.196611564,0.619204082,10541.0,0.0
0.973910569394243,0.357763895,0.166075643,0.563049424,10541.0,0.0
0.970048624335109,0.405378373,0.161877882,0.554541967,10541.0,0.0
0.9662644344286918,0.42146203849999997,0.162445951,0.5533763494999999,10541.0,0.0
0.9666025347483541,0.342257786,0.170035618,0.557025206,10541.0,0.0
0.9704876904241975,0.240390358,0.1723267,0.56373384,10541.0,0.0
0.9809217991595974,0.10555602,0.175980962,0.57069717,10541.0,0.0
0.9872391305495284,0.001316379,0.179552334,0.576044529,10541.0,0.0
0.9878786778337091,0.0,0.179581807,0.576859765,10541.0,0.0
0.979972101077225,0.0,0.177654765,0.583067097,10541.0,0.0
0.9620931117600546,0.0,0.176389542,0.586957605,10541.0,0.0
0.9358864681893232,0.0,0.174692541,0.587454205,10541.0,0.0
0.9029390940008262,0.0,0.190097134,0.606662067,10541.0,0.0
0.8347312208951699,0.0,0.179690415,0.590418124,10541.0,0.0
0.8201245323953471,0.0,0.172990332,0.5651974234999999,10541.0,0.0
0.8161944544370243,0.0,0.1713886465,0.557087572,10541.0,0.0
0.8470396783388959,0.0,0.170213434,0.56947503,10541.0,0.0
0.9094467514244646,0.0,0.171875227,0.579126446,10541.0,0.0
0.9590869588622247,0.0,0.17134301,0.579598406,10541.0,0.0
0.9770499897949917,0.016856331,0.166578083,0.57858156,10541.0,0.0
0.9715819710523012,0.1800291,0.159700895,0.573606543,10541.0,0.0
0.9669325113718472,0.309636414,0.14208648,0.559973556,10541.0,0.0
0.9669899575793264,0.405319889,0.130815106,0.51705875,10541.0,0.0
0.9658770117945099,0.431036858,0.123031802,0.486238019,10541.0,0.0
0.9653402677098354,0.452402476,0.120243705,0.466413829,10541.0,0.0
0.9646677419306707,0.433036863,0.121351481,0.466643765,10541.0,0.0
0.9645843776669363,0.352802963,0.128660143,0.479770373,10541.0,0.0
0.9688936091353155,0.227966744,0.136626481,0.489808595,10541.0,0.0
0.9781731867748092,0.080951074,0.142076251,0.508768138,10541.0,0.0
0.9816491597403119,0.001239602,0.145350683,0.528495574,10541.0,0.0
0.9807661920333862,0.0,0.141654716,0.528709079,10541.0,0.0
0.9739394861395375,0.0,0.132332772,0.509912199,10541.0,0.0
0.9560965700400069,0.0,0.119530915,0.473858348,10541.0,0.0
0.932031582781757,0.0,0.108015597,0.430104841,10541.0,0.0
0.9010700645315559,0.0,0.100862781,0.374443215,10541.0,0.0
0.8244889861451762,0.0,0.086845697,0.325784708,10541.0,0.0
0.8074700443805544,0.0,0.0834785525,0.305835285,10541.0,0.0
0.8018535509755941,0.0,0.0849898965,0.306414273,10541.0,0.0
0.8097329279812622,0.0,0.08545004,0.33375662949999996,10541.0,0.0
0.8340759099289579,0.0,0.083989166,0.345183165,10541.0,0.0
0.8660710710563502,0.016252624,0.078919498,0.331919715,10541.0,0.0
0.8794043709196067,0.097114977,0.06396238,0.303414718,10541.0,0.0
0.8922869027614326,0.169833285,0.052022491,0.28144729,10541.0,0.0
0.893395980044534,0.231470219,0.044800606,0.276869397,10541.0,0.0
0.8938989718551653,0.285570469,0.041001801500000004,0.22534775550000002,10541.0,0.0
0.8932889214537832,0.229782175,0.037696103,0.190868446,10541.0,0.0
0.8947326176411519,0.185261018,0.037760501,0.181583016,10541.0,0.0
0.9027961554404101,0.105811417,0.04040916,0.183334283,10541.0,0.0
0.9167955979959647,0.030754716,0.048184951,0.190791643,10541.0,0.0
0.9195574598712127,0.001322264,0.05878193,0.203723719,10541.0,0.0
0.9177565631043411,0.0,0.06319621249999999,0.20114111099999998,10541.0,0.0
0.9035930510504753,0.0,0.056648042499999995,0.1668627325,10541.0,0.0
0.8717876358192862,0.0,0.056898163,0.137964877,10541.0,0.0
0.8202062044601677,0.0,0.0548714685,0.116619623,10541.0,0.0
0.8036797860547973,0.0,0.0607710645,0.123244069,10541.0,0.0
0.8055681818442566,0.0,0.067225588,0.152886777,10541.0,0.0
0.8208681403684001,0.0,0.07329950099999999,0.17607758899999998,10541.0,0.0
0.8639173255284167,0.015464198,0.072939995,0.183670011,10541.0,0.0
0.8795652972848734,0.084758901,0.064432796,0.173012594,10541.0,0.0
0.8914723090216884,0.186175568,0.058029067,0.164504141,10541.0,0.0
0.893847908734553,0.28646417,0.066249541,0.166525275,10541.0,0.0
0.8937335968506794,0.345319441,0.071085523,0.164628913,10541.0,0.0
0.892957590913727,0.326595724,0.076259718,0.166459052,10541.0,0.0
0.8916005473543037,0.286828551,0.081528786,0.177384167,10541.0,0.0
0.8932461750805246,0.213774847,0.084566384,0.199292845,10541.0,0.0
0.9021143458868583,0.129299751,0.094237807,0.223387553,10541.0,0.0
0.9171071999250773,0.047516008,0.116819466,0.253508423,10541.0,0.0
0.9190285496107458,0.002380946,0.140746886,0.285337934,10541.0,0.0
0.9169983037074565,0.0,0.150414039,0.30359407,10541.0,0.0
0.9106679164686204,0.0,0.149367995,0.3052870815,10541.0,0.0
0.8912514218637907,0.0,0.140800309,0.302403989,10541.0,0.0
0.847778934296717,0.0,0.125843909,0.3031911745,10541.0,0.0
0.8135170694772906,0.0,0.1311775465,0.311945466,10541.0,0.0
0.8090324044670283,0.0,0.14662667499999998,0.3462250615,10541.0,0.0
0.8394938321844891,0.0,0.16559689,0.387482077,10541.0,0.0
0.9017886242610292,0.0,0.181579971,0.412619483,10541.0,0.0
0.9498718874753583,0.0,0.195748976,0.453614939,10541.0,0.0
0.9670830897213353,0.025195392,0.199544218,0.48890031,10541.0,0.0
0.9626971663576799,0.104470258,0.192428333,0.503586409,10541.0,0.0
0.9623492015357555,0.180067634,0.196338104,0.499135134,10541.0,0.0
0.9628490990173115,0.243958704,0.201907402,0.495729927,10541.0,0.0
0.9615149760058453,0.302965499,0.211142905,0.499134884,10541.0,0.0
0.960209962594068,0.293163701,0.216406516,0.491314204,10541.0,0.0
0.9602161520393797,0.256546112,0.222277466,0.502511448,10541.0,0.0
0.9602296915985917,0.184061791,0.228112479,0.528218104,10541.0,0.0
0.9640064347671213,0.125600724,0.234301595,0.539685478,10541.0,0.0
0.9718490858020624,0.037987142,0.248971921,0.550411386,10541.0,0.0
0.9746842543875986,0.001768636,0.267503952,0.555888396,10541.0,0.0
0.9739667585059363,0.0,0.266204014,0.560569089,10541.0,0.0
0.965279339890171,0.0,0.259674354,0.564288152,10541.0,0.0
0.9462995908244134,0.0,0.241181255,0.555002379,10541.0,0.0
0.9235539295290514,0.0,0.230317244,0.532748909,10541.0,0.0
0.8927722932631623,0.0,0.229401336,0.533223604,10541.0,0.0
0.823024400284695,0.0,0.224326047,0.496433045,10541.0,0.0
0.8115187378275939,0.0,0.221012455,0.460054938,10541.0,0.0
0.8038582897205617,0.0,0.216670203,0.436487526,10541.0,0.0
0.8197207413428549,0.0,0.2170555395,0.4219384365,10541.0,0.0
0.8954339629512531,0.0,0.221088426,0.414546331,10541.0,0.0
0.9446233055468052,0.0,0.228185595,0.414278056,10541.0,0.0
0.9614020176449546,0.034473657,0.223624052,0.402372433,10541.0,0.0
0.9560970533567336,0.102378132,0.199922109,0.377534506,10541.0,0.0
0.9559856429475412,0.14439927,0.188328555,0.346083398,10541.0,0.0
0.9515046529942291,0.191383762,0.179612546,0.307357936,10541.0,0.0
0.9489246071573603,0.2386052,0.181706381,0.271685913,10541.0,0.0
0.947442516808755,0.239638553,0.189875037,0.25905662,10541.0,0.0
0.9472155370263231,0.213627564,0.193306048,0.259324214,10541.0,0.0
0.9473059613352058,0.167417888,0.204967179,0.295037947,10541.0,0.0
0.95156828864702,0.112675488,0.222972152,0.344712167,10541.0,0.0
0.9611659473361098,0.050461532,0.250391669,0.415283206,10541.0,0.0
0.9648323435496778,0.003245955,0.268517339,0.485929225,10541.0,0.0
0.9669383139276294,0.0,0.26986721,0.522662237,10541.0,0.0
0.9586113362387697,0.0,0.263967061,0.539309968,10541.0,0.0
0.9402285813319087,0.0,0.252063155,0.522772008,10541.0,0.0
0.9184305880312352,0.0,0.241810499,0.497470162,10541.0,0.0
0.8884903337676016,0.0,0.228671504,0.489684968,10541.0,0.0
0.8209736515978228,0.0,0.214332437,0.435342784,10541.0,0.0
0.8058689518504932,0.0,0.219295798,0.446212646,10541.0,0.0
0.8025756649328359,0.0,0.23649615699999998,0.535853252,10541.0,0.0
0.8318080457651253,0.0,0.249536496,0.588089932,10541.0,0.0
0.8924500532495188,0.0,0.259107385,0.599333873,10541.0,0.0
0.9407682268912646,0.0,0.258283013,0.597225398,10541.0,0.0
0.9563750966533582,0.022598683,0.244011793,0.599708781,10541.0,0.0
0.9539264802989575,0.078000335,0.218310579,0.578483657,10541.0,0.0
0.9517051341893213,0.13878416,0.202429683,0.538680656,10541.0,0.0
0.9505830006637344,0.205145934,0.18911596,0.476260149,10541.0,0.0
0.947601122230425,0.226673415,0.181924414,0.446273664,10541.0,0.0
0.9473977395606515,0.233649113,0.177544082,0.438571055,10541.0,0.0
0.9477754913341265,0.227263502,0.182526462,0.451904477,10541.0,0.0
0.9470743392719998,0.183961605,0.193446208,0.485817876,10541.0,0.0
0.9540926290825025,0.118049864,0.198472533,0.511778032,10541.0,0.0
0.9642292559790863,0.049098767,0.227770947,0.543075924,10541.0,0.0
0.9699763814726321,0.002526177,0.251674737,0.571017624,10541.0,0.0
0.9701941739078738,0.0,0.248806997,0.569643245,10541.0,0.0
0.9619049130283889,0.0,0.231042729,0.539876029,10541.0,0.0
0.9432538830967583,0.0,0.21231208,0.497657861,10541.0,0.0
0.9210370356346662,0.0,0.193385675,0.450105588,10541.0,0.0
0.8906417583519382,0.0,0.188693939,0.426060206,10541.0,0.0
0.8171625280009378,0.0,0.168331917,0.3752327015,10541.0,0.0
0.8037019570288899,0.0,0.1563894635,0.34032244450000004,10541.0,0.0
0.818945823458908,0.0,0.156315055,0.343940554,10541.0,0.0
0.8948419003547219,0.0,0.159752639,0.362686766,10541.0,0.0
0.9433150041643974,0.0,0.161131154,0.368829836,10541.0,0.0
0.9614020176449546,0.048305704,0.157009561,0.368421141,10541.0,0.0
0.9593790250347882,0.159737965,0.147344285,0.355205478,10541.0,0.0
0.9599014557811915,0.222836694,0.139319882,0.345704748,10541.0,0.0
0.9588832865172797,0.284103368,0.134375944,0.338619724,10541.0,0.0
0.9584848387122471,0.337377217,0.120309818,0.333933158,10541.0,0.0
0.9569024593557072,0.3260153,0.117987935,0.362484174,10541.0,0.0
0.9563656188438355,0.310651215,0.113824198,0.397224548,10541.0,0.0
0.9561799343037412,0.254923503,0.1231329,0.418276467,10541.0,0.0
0.9598919783652492,0.172995448,0.137825459,0.426053379,10541.0,0.0
0.9681646045692858,0.065509015,0.16185078,0.434700396,10541.0,0.0
0.970886912008289,0.002805744,0.184693777,0.447942268,10541.0,0.0
0.9700140986755873,0.0,0.182088913,0.434814096,10541.0,0.0
0.9616298680272231,0.0,0.170516717,0.414332478,10541.0,0.0
0.9428225536175193,0.0,0.15900546,0.384353355,10541.0,0.0
0.9210013497001364,0.0,0.151866643,0.362162536,10541.0,0.0
0.8917239501581703,0.0,0.145938827,0.350230465,10541.0,0.0
0.8163874164754359,0.0,0.14824041100000002,0.37515876800000003,10541.0,0.0
0.8013613180786751,0.0,0.14978741550000002,0.3970609445,10541.0,0.0
0.8031836362457747,0.0,0.151894344,0.401015835,10541.0,0.0
0.8316471193998586,0.0,0.151689243,0.40326102,10541.0,0.0
0.8927514035900497,0.0,0.153384106,0.415477474,10541.0,0.0
0.9420364897335401,0.0,0.153193982,0.432059646,10541.0,0.0
0.9585968296525239,0.030633028,0.142306749,0.439047405,10541.0,0.0
0.9561327396848439,0.086920859,0.116431405,0.42650216,10541.0,0.0
0.9570927861765754,0.159843014,0.10112171,0.413088449,10541.0,0.0
0.9538671000374112,0.216780191,0.077005356,0.348890764,10541.0,0.0
0.9517888371289867,0.2741724475,0.0788173835,0.3378569595,10541.0,0.0
0.9511668429401091,0.249464814,0.080229048,0.328974353,10541.0,0.0
0.9519187676605156,0.183436186,0.082016232,0.321339092,10541.0,0.0
0.9585853209681566,0.11339953,0.081432715,0.312540829,10541.0,0.0
0.9679397524824761,0.049913142,0.091065874,0.314733771,10541.0,0.0
0.9719622374109279,0.004604587,0.104999404,0.31589355,10541.0,0.0
0.9687348588760596,0.0,0.10126307300000001,0.2840309955,10541.0,0.0
0.9464335348920334,0.0,0.086881916,0.236867047,10541.0,0.0
0.9235982230668479,0.0,0.080358339,0.217162573,10541.0,0.0
0.8953202312048837,0.0,0.06717718,0.169717807,10541.0,0.0
0.8156368936884009,0.0,0.062260695,0.17186783449999998,10541.0,0.0
0.7982766602574736,0.0,0.058637668000000004,0.1771504175,10541.0,0.0
0.8016245401215272,0.0,0.0590487195,0.177719513,10541.0,0.0
0.8062437053285094,0.0,0.057898035,0.166874687,10541.0,0.0
0.828999569408484,0.001074844,0.054434359,0.157945707,10541.0,0.0
0.8604827446260294,0.046931575,0.046988434,0.152273512,10541.0,0.0
0.876505373433305,0.139107946,0.035693292,0.144570346,10541.0,0.0
0.8879499148227671,0.253568593,0.025382314,0.141604666,10541.0,0.0
0.8897680744193998,0.39532397,0.027327982,0.187622775,10541.0,0.0
0.8879954654563493,0.462052387,0.029113148,0.17894467,10541.0,0.0
0.8873292259432738,0.491798635,0.029250756,0.17756017,10541.0,0.0
0.8853723831774697,0.442336758,0.025487316,0.174234763,10541.0,0.0
0.8855232519892902,0.342074306,0.025830946,0.180393588,10541.0,0.0
0.894575366136045,0.230962721,0.032334279,0.201937073,10541.0,0.0
0.9115727412692726,0.125795996,0.040903556,0.225044535,10541.0,0.0
0.9165843822891446,0.00929777,0.047236503,0.255992579,10541.0,0.0
0.9156170825042902,0.0,0.050356295,0.27949865,10541.0,0.0
0.9086780471910239,0.0,0.0499910205,0.28270909,10541.0,0.0
0.8900558852007188,0.0,0.049176995,0.268975541,10541.0,0.0
0.8672433974962932,0.0,0.051907619,0.266486261,10541.0,0.0
0.8218768320195795,0.0,0.053709499,0.268453641,10541.0,0.0
0.808105336667071,0.0,0.056750462,0.273281113,10541.0,0.0
0.7974661528661937,0.0,0.0634332645,0.2882772,10541.0,0.0
0.7983672297975224,0.0,0.078643013,0.311607343,10541.0,0.0
0.8139107299671731,0.000891758,0.096055613,0.3636307015,10541.0,0.0
0.8570594787664543,0.069675467,0.096693798,0.382356802,10541.0,0.0
0.8709070858767348,0.184302397,0.093364751,0.384655688,10541.0,0.0
0.8831839187420399,0.311512564,0.083632641,0.381001731,10541.0,0.0
0.8819157523269615,0.430542638,0.095248522,0.407534059,10541.0,0.0
0.8776173521910877,0.474474637,0.088207871,0.385470131,10541.0,0.0
0.8754665081378357,0.495216372,0.09004231,0.398930211,10541.0,0.0
0.8755601239901517,0.466505435,0.095128543,0.422687251,10541.0,0.0
0.8764829365956547,0.385879731,0.100093405,0.455453082,10541.0,0.0
0.8839047029879131,0.263539845,0.122293613,0.478265571,10541.0,0.0
0.899464087668777,0.144350491,0.151796772,0.515759058,10541.0,0.0
0.9028799069872545,0.007422087,0.178139407,0.554437664,10541.0,0.0
0.9008565274875586,0.0,0.195331263,0.576424412,10541.0,0.0
0.8906524446500677,0.0,0.2038296905,0.5917771165,10541.0,0.0
0.8699204439768862,0.0,0.208564975,0.588089749,10541.0,0.0
0.8441895194568069,0.0,0.221291571,0.563915843,10541.0,0.0
0.8141927864063084,0.0,0.218571412,0.532758171,10541.0,0.0
0.7996783116286398,0.0,0.220599748,0.515811254,10541.0,0.0
0.7903010079767517,0.0,0.219965521,0.519882346,10541.0,0.0
0.7872918571770435,0.0,0.228334056,0.546869233,10541.0,0.0
0.7889730260002086,0.0,0.231703461,0.575188885,10541.0,0.0
0.8173833667484467,0.0,0.232975835,0.572028229,10541.0,0.0
0.8793608511608692,0.0,0.237611547,0.552658168,10541.0,0.0
0.9254877553197012,0.002620809,0.239010104,0.535417156,10541.0,0.0
0.9461199989088533,0.069404726,0.234748798,0.516989153,10541.0,0.0
0.9433134569998597,0.133829831,0.213252454,0.496124512,10541.0,0.0
0.9414949101201171,0.200285844,0.185714241,0.464636269,10541.0,0.0
0.9413894959082619,0.293511684,0.137486795,0.3882679,10541.0,0.0
0.9406662938980146,0.363693501,0.120973441,0.356193618,10541.0,0.0
0.939779844185323,0.3422432835,0.10122091899999999,0.294255968,10541.0,0.0
0.9417345592555051,0.240806285,0.092657762,0.272106993,10541.0,0.0
0.9437492347247374,0.158819842,0.090738866,0.280705634,10541.0,0.0
0.9520875278499898,0.081673387,0.09172812,0.284798496,10541.0,0.0
0.9551011276824974,0.004807773,0.087693543,0.264029802,10541.0,0.0
0.9525969027474881,0.0,0.077006496,0.24333606,10541.0,0.0
0.9419608620796552,0.0,0.068390893,0.22776059,10541.0,0.0
0.9232090598233633,0.0,0.06997537,0.211454568,10541.0,0.0
0.9014342767458187,0.0,0.081571169,0.19566895,10541.0,0.0
0.8683849695640717,0.0,0.097431832,0.190156523,10541.0,0.0
0.8135020791807378,0.0,0.123022047,0.236425775,10541.0,0.0
0.8000694577301607,0.0,0.147050116,0.309598717,10541.0,0.0
0.7906655102597666,0.0,0.169103396,0.380101479,10541.0,0.0
0.7895160079405836,0.0,0.199690011,0.4775136755,10541.0,0.0
0.8205581830149731,0.0,0.228464836,0.522542811,10541.0,0.0
0.8839052831254173,0.0,0.251883727,0.565554543,10541.0,0.0
0.931123663258449,0.002284797,0.264679567,0.615652807,10541.0,0.0
0.9478707515653381,0.079792097,0.27743148,0.646895093,10541.0,0.0
0.9442169274903683,0.18434534,0.251488479,0.656139231,10541.0,0.0
0.9453787122729777,0.242352314,0.243420448,0.66277157,10541.0,0.0
0.945572230243699,0.300911045,0.225157127,0.6491865,10541.0,0.0
0.945880156525491,0.369158849,0.225234534,0.663822663,10541.0,0.0
0.9455357701365296,0.364585886,0.234025091,0.687742346,10541.0,0.0
0.945232679186696,0.360658207,0.2657876025,0.71573116,10541.0,0.0
0.9488114555484949,0.273225113,0.278210854,0.732927631,10541.0,0.0
0.9578675346241617,0.172598285,0.300438524,0.741168406,10541.0,0.0
0.9610372252931877,0.01899973,0.320695746,0.742222829,10541.0,0.0
0.9606119888320633,0.0,0.326108569,0.735178807,10541.0,0.0
0.9511870552613596,0.0,0.319905435,0.726275811,10541.0,0.0
0.9332147405542056,0.0,0.308633609,0.719318031,10541.0,0.0
0.9108123053727967,0.0,0.297368489,0.716627174,10541.0,0.0
0.8806086116131423,0.0,0.285695248,0.680285229,10541.0,0.0
0.8189038508647083,0.0,0.272873455,0.676761642,10541.0,0.0
0.8036738140626545,0.0,0.2686989065,0.6819326145,10541.0,0.0
0.8010070671874516,0.0,0.265919842,0.6882316239999999,10541.0,0.0
0.8311465449600212,0.0,0.254319559,0.688564751,10541.0,0.0
0.8924331288988987,0.0,0.24369734,0.682185157,10541.0,0.0
0.9430935368689957,0.004936829,0.226560847,0.663781529,10541.0,0.0
0.9595595839773818,0.10279608,0.202640422,0.647399312,10541.0,0.0
0.9550868143442263,0.217186903,0.18190244,0.625594051,10541.0,0.0
0.9558110802022849,0.3322665,0.163100575,0.5997986,10541.0,0.0
0.9549255010894299,0.466373929,0.135649987,0.552118139,10541.0,0.0
0.9529520240417577,0.528661614,0.124969408,0.510235349,10541.0,0.0
0.9522652821386797,0.544123567,0.118843776,0.473431868,10541.0,0.0
0.9519237968308192,0.526235147,0.112859771,0.464934799,10541.0,0.0
0.9519187676605156,0.474305251,0.099587368,0.453006088,10541.0,0.0
0.957267638990584,0.347345192,0.090328039,0.441080863,10541.0,0.0
0.9675110344091664,0.229104272,0.10726813,0.434973685,10541.0,0.0
0.9719265510828174,0.031547036,0.129741863,0.446442895,10541.0,0.0
0.9735372666535677,0.0,0.140623542,0.469566666,10541.0,0.0
0.9651807920819093,0.0,0.141101603,0.494510335,10541.0,0.0
0.9494131892025234,0.0,0.141621351,0.515322501,10541.0,0.0
0.9254931709859539,0.0,0.138308717,0.520194565,10541.0,0.0
0.8969411011498575,0.0,0.146904653,0.51414374,10541.0,0.0
0.826626484280771,0.0,0.140809239,0.510585414,10541.0,0.0
0.8118905900277189,0.0,0.147570812,0.5140430545,10541.0,0.0
0.8082613790932005,0.0,0.156792696,0.545364303,10541.0,0.0
0.8096593794158208,0.0,0.163994452,0.576501355,10541.0,0.0
0.8392264273659759,0.0,0.166864871,0.607560849,10541.0,0.0
0.9017886242610292,0.0,0.170833771,0.641511148,10541.0,0.0
0.9500255605475023,0.008166836,0.169955875,0.675614557,10541.0,0.0
0.9668866706695132,0.157198562,0.15537896,0.692960975,10541.0,0.0
0.9620700947849002,0.291246673,0.113038598,0.683524036,10541.0,0.0
0.9610908029989518,0.436675404,0.112305973,0.662838019,10541.0,0.0
0.9611123696303459,0.548142556,0.10564189,0.601136758,10541.0,0.0
0.9612094670948473,0.617391016,0.105127489,0.592711606,10541.0,0.0
0.9610233956652234,0.605939317,0.111738582,0.594925345,10541.0,0.0
0.9604153761386861,0.564467194,0.122182546,0.613118302,10541.0,0.0
0.9602296915985917,0.497527499,0.134773631,0.648995548,10541.0,0.0
0.9634302330669795,0.393061306,0.153459392,0.681106549,10541.0,0.0
0.9728341801437932,0.251253112,0.188058077,0.715667364,10541.0,0.0
0.9757397539649361,0.035837071,0.230297573,0.757041747,10541.0,0.0
0.9771001823157673,0.0,0.251085344,0.79118218,10541.0,0.0
0.9690783266483762,0.0,0.247672789,0.805067638,10541.0,0.0
0.9528343273664762,0.0,0.240958965,0.805169014,10541.0,0.0
0.9300128451692548,0.0,0.229282935,0.789933348,10541.0,0.0
0.9006334158132612,0.0,0.242821075,0.789135781,10541.0,0.0
0.8298075864198065,0.0,0.225730815,0.768203693,10541.0,0.0
0.8154448988738131,0.0,0.2278987505,0.7582886695,10541.0,0.0
0.8137664860973729,0.0,0.238448207,0.7636808155,10541.0,0.0
0.8452467602338173,0.0,0.245184553,0.790228242,10541.0,0.0
0.9086944394209482,0.0,0.248532028,0.80849265,10541.0,0.0
0.9586945072545294,0.015955714,0.245967324,0.816663299,10541.0,0.0
0.973893354974871,0.262347083,0.225114557,0.817306162,10541.0,0.0
0.9668771928599904,0.474158299,0.181073384,0.800192139,10541.0,0.0
0.9647957870153114,0.646063029,0.165967086,0.780283334,10541.0,0.0
0.9649236384583971,0.759353683,0.160195498,0.740241902,10541.0,0.0
0.9633565394671619,0.815369951,0.171130589,0.727057794,10541.0,0.0
0.9632350711109429,0.804069697,0.178679563,0.713241315,10541.0,0.0
0.962641557777071,0.73993671,0.18426667,0.719446096,10541.0,0.0
0.963511470028672,0.624517479,0.195548194,0.737377188,10541.0,0.0
0.9675864684214962,0.471168696,0.21295239,0.770373124,10541.0,0.0
0.9754627749097029,0.288712915,0.228268573,0.800959469,10541.0,0.0
0.9797781962169742,0.066421551,0.254722179,0.828265471,10541.0,0.0
0.9804282851584887,0.0,0.267224978,0.829547403,10541.0,0.0
0.9739394861395375,0.0,0.270956703,0.814706388,10541.0,0.0
0.9557678505122995,0.0,0.269944405,0.793506697,10541.0,0.0
0.9312871042088675,0.0,0.267233551,0.759766438,10541.0,0.0
0.9013452059599187,0.0,0.277679141,0.749332952,10541.0,0.0
0.8281643764579597,0.0,0.293302674,0.72648355,10541.0,0.0
0.8169044557607809,0.0,0.30124913,0.719260332,10541.0,0.0
0.8071335158242046,0.0,0.3203399375,0.7022493784999999,10541.0,0.0
0.8095835583171711,0.0,0.335510481,0.7137228520000001,10541.0,0.0
0.8142711222868999,0.0,0.341665527,0.731823025,10541.0,0.0
0.8377226739587793,0.010420119,0.339269745,0.739739936,10541.0,0.0
0.8681745272427304,0.127821096,0.320563276,0.725425638,10541.0,0.0
0.8795795138023671,0.227664863,0.30137441,0.701483712,10541.0,0.0
0.8916606045741315,0.312519144,0.297150143,0.669191904,10541.0,0.0
0.8938086443670602,0.391278934,0.280471584,0.605965109,10541.0,0.0
0.8933505258381489,0.434754674,0.309909592,0.585297633,10541.0,0.0
0.8927788695980036,0.417276103,0.320296622,0.583200462,10541.0,0.0
0.892289707021756,0.397698869,0.336809351,0.581865385,10541.0,0.0
0.8920461897782335,0.328084501,0.364102741,0.598379266,10541.0,0.0
0.9009348629745698,0.244425109,0.403087531,0.624817712,10541.0,0.0
0.9159585678121506,0.151630589,0.441098639,0.653331873,10541.0,0.0
0.9186987666288077,0.054416998,0.485656124,0.676266099,10541.0,0.0
0.9190663636344784,0.0,0.518089821,0.677051219,10541.0,0.0
0.914409360198569,0.0,0.5506026079999999,0.6602200725,10541.0,0.0
0.8957847324270812,0.0,0.565470832,0.628976034,10541.0,0.0
0.8741137199696568,0.0,0.561480193,0.616256004,10541.0,0.0
0.8297748015663774,0.0,0.572041952,0.611970825,10541.0,0.0
0.8143703954638319,0.0,0.6019778605,0.630638424,10541.0,0.0
0.8094056833960899,0.0,0.6366534134999999,0.6464322835,10541.0,0.0
0.816493532047557,0.0,0.6456913165,0.649844637,10541.0,0.0
0.8397099802408354,0.016779096,0.646197382,0.647546505,10541.0,0.0
0.8685747158538556,0.162652751,0.627759829,0.632996362,10541.0,0.0
0.8783639580660192,0.269673216,0.606038491,0.610548419,10541.0,0.0
0.8899953442705838,0.39846963,0.558924566,0.592436667,10541.0,0.0
0.8879419845713626,0.46875693,0.532273988,0.575177527,10541.0,0.0
0.8829960100791263,0.536138238,0.563313652,0.574066121,10541.0,0.0
0.8783299161168044,0.520189647,0.588418093,0.58149558,10541.0,0.0
0.8762055706508921,0.482357862,0.611337513,0.58948264,10541.0,0.0
0.8768422164603915,0.441137811,0.616163825,0.596878834,10541.0,0.0
0.8858750853129295,0.371442092,0.633562335,0.608772715,10541.0,0.0
0.90452611524456,0.24978232,0.600130068,0.61886038,10541.0,0.0
0.9161654317005291,0.064876543,0.579348771,0.609431826,10541.0,0.0
0.9160352593138466,0.0,0.566677978,0.612213565,10541.0,0.0
0.9108845482352734,0.0,0.5523706509999999,0.6357521180000001,10541.0,0.0
0.8904402133090349,0.0,0.548424696,0.646564068,10541.0,0.0
0.8699455886476627,0.0,0.588001473,0.660164735,10541.0,0.0
0.8229319933145662,0.0,0.561158118,0.656648133,10541.0,0.0
0.8094413697242002,0.0,0.5644303455,0.6809259445,10541.0,0.0
0.8254754826170686,0.0,0.560939181,0.7078269845,10541.0,0.0
0.9025559265610986,0.0,0.531547391,0.722238823,10541.0,0.0
0.9502114383355711,0.021000562,0.526498345,0.728164073,10541.0,0.0
0.9644986920660249,0.115987868,0.515166997,0.721121297,10541.0,0.0
0.9560970533567336,0.205118042,0.513952035,0.706899935,10541.0,0.0
0.9527166302976142,0.356194937,0.525280494,0.682887079,10541.0,0.0
0.9475182412834172,0.481583416,0.511612287,0.616115197,10541.0,0.0
0.9464802461942041,0.594099961,0.554499153,0.641105362,10541.0,0.0
0.9449643071443588,0.664916997,0.582801242,0.656830678,10541.0,0.0
0.9435209978465198,0.636737867,0.588992971,0.670452347,10541.0,0.0
0.9444148941003087,0.542550247,0.593496746,0.702896714,10541.0,0.0
0.9480955068313703,0.40082138,0.583327095,0.717889015,10541.0,0.0
0.9579277854855448,0.221905046,0.548056966,0.731547856,10541.0,0.0
0.9635023791086789,0.060525094,0.518546627,0.750078296,10541.0,0.0
0.9693893480464044,0.0,0.498536314,0.766001985,10541.0,0.0
0.9611728137397033,0.0,0.474203954,0.768839643,10541.0,0.0
0.9437929481250296,0.0,0.454488771,0.766378146,10541.0,0.0
0.9222605220159992,0.0,0.430620708,0.761262017,10541.0,0.0
0.8929785770140367,0.0,0.444706599,0.739084291,10541.0,0.0
0.8232046691585366,0.0,0.399768708,0.724761896,10541.0,0.0
0.809929371435069,0.0,0.3531971465,0.7113581245,10541.0,0.0
0.8058955956689992,0.0,0.334006528,0.725085186,10541.0,0.0
0.8073746877221457,0.0,0.323651744,0.753220656,10541.0,0.0
0.8371822550139448,0.0,0.304874079,0.773329731,10541.0,0.0
0.8988117746044432,0.0,0.284846864,0.785009957,10541.0,0.0
0.9474079911492332,0.040940161,0.251532847,0.782206323,10541.0,0.0
0.9616874110554795,0.225378284,0.204135106,0.754433079,10541.0,0.0
0.9561327396848439,0.342623589,0.160040409,0.708062831,10541.0,0.0
0.9527166302976142,0.461682262,0.158286176,0.646673195,10541.0,0.0
0.9492310830953921,0.525197276,0.140518991,0.545483265,10541.0,0.0
0.9464134189979799,0.541732436,0.143211312,0.48582629,10541.0,0.0
0.9449519282537352,0.482857542,0.14605473,0.448096639,10541.0,0.0
0.9433592977021938,0.377613648,0.141930654,0.424969143,10541.0,0.0
0.9436141299885287,0.278573581,0.142726173,0.418773113,10541.0,0.0
0.9476660149790015,0.194331777,0.146092335,0.421068786,10541.0,0.0
0.9664255542387233,0.123957364,0.188791643,0.443243772,10541.0,0.0
0.9745420899998222,0.048318621,0.254304268,0.473825252,10541.0,0.0
0.9740618247020126,0.0,0.303565044,0.501105852,10541.0,0.0
0.9675106475196369,0.0,0.343543416,0.50699406,10541.0,0.0
0.9511359921407473,0.0,0.38004872,0.49699047,10541.0,0.0
0.9315758824108004,0.0,0.410023256,0.483243338,10541.0,0.0
0.9010700645315559,0.0,0.426291982,0.484988874,10541.0,0.0
0.8329489408746222,0.0,0.451572574,0.489913569,10541.0,0.0
0.8160847122183417,0.0,0.472691901,0.514384874,10541.0,0.0
0.8086069261507506,0.0,0.48534654,0.55071397,10541.0,0.0
0.8100394521328924,0.0,0.493139612,0.59002893,10541.0,0.0
0.8394938321844891,0.0,0.489137345,0.634122491,10541.0,0.0
0.9017621256736895,0.0,0.487288807,0.656253456,10541.0,0.0
0.947003643967641,0.030276925,0.472670638,0.646819041,10541.0,0.0
0.9613218445310733,0.162525054,0.448424727,0.615221919,10541.0,0.0
0.9508183944078779,0.283423711,0.406356228,0.569621254,10541.0,0.0
0.945129198832118,0.386630124,0.380025913,0.54512701,10541.0,0.0
0.942499250149645,0.513112536,0.4049369,0.499635775,10541.0,0.0
0.9421402603536604,0.548438941,0.394378886,0.526489175,10541.0,0.0
0.94135313262187,0.524398607,0.377515381,0.563939676,10541.0,0.0
0.9398630152010828,0.452897065,0.361692111,0.59753063,10541.0,0.0
0.9388187338457804,0.345421055,0.345901614,0.626148387,10541.0,0.0
0.9426685904766233,0.249138781,0.334111281,0.683601663,10541.0,0.0
0.9501361975712159,0.139901161,0.349226084,0.746729038,10541.0,0.0
0.95412473697765,0.042669799,0.369577023,0.788512413,10541.0,0.0
0.9525922604667141,0.0,0.377846365,0.803388529,10541.0,0.0
0.9437710914248835,0.0,0.379530547,0.802735093,10541.0,0.0
0.9267782617516525,0.0,0.356931963,0.787179006,10541.0,0.0
0.905579487126275,0.0,0.342407696,0.767297714,10541.0,0.0
0.8785664701359561,0.0,0.343648789,0.744208502,10541.0,0.0
0.8190416634340433,0.0,0.322800701,0.692864497,10541.0,0.0
0.8040988572758043,0.0,0.3060120355,0.6302081070000001,10541.0,0.0
0.8010975881203217,0.0,0.3367000845,0.5611434505,10541.0,0.0
0.8307952921674663,0.0,0.358056384,0.546319802,10541.0,0.0
0.8919841016835608,0.0,0.372592862,0.556557694,10541.0,0.0
0.9399902865066645,0.070499657,0.360456648,0.565398607,10541.0,0.0
0.9553518013983654,0.181899507,0.313179598,0.569644301,10541.0,0.0
0.9503592124247356,0.276120071,0.307458493,0.552324093,10541.0,0.0
0.9470760800780924,0.391535129,0.330675315,0.515553338,10541.0,0.0
0.9458217432909782,0.493499977,0.309172636,0.456502408,10541.0,0.0
0.9437749599265985,0.559388626,0.324871888,0.461538086,10541.0,0.0
0.942894022700937,0.539575114,0.322931868,0.478138743,10541.0,0.0
0.9415948122385224,0.528997578,0.298847225,0.46664655,10541.0,0.0
0.9418048676703341,0.486975017,0.251078223,0.459536665,10541.0,0.0
0.94528809432254,0.39527657,0.195637986,0.436315746,10541.0,0.0
0.9530060854578287,0.281655035,0.151959587,0.412723859,10541.0,0.0
0.9578769156129069,0.099096594,0.151545771,0.386863016,10541.0,0.0
0.9617266754229725,0.0,0.150525215,0.357205459,10541.0,0.0
0.9529142104116055,0.0,0.139384896,0.336153842,10541.0,0.0
0.9402285813319087,0.0,0.116525561,0.299662269,10541.0,0.0
0.919848172127213,0.0,0.098377983,0.264033521,10541.0,0.0
0.8888092854170343,0.0,0.090554996,0.222206832,10541.0,0.0
0.8219700613759463,0.0,0.075655852,0.164556148,10541.0,0.0
0.8116535524950506,0.0,0.063585575,0.146753961,10541.0,0.0
0.8041244130413048,0.0,0.0528515585,0.139095834,10541.0,0.0
0.8074709149803909,0.0,0.052105174,0.112342491,10541.0,0.0
0.8367408675876792,0.0,0.058967812,0.096229289,10541.0,0.0
0.8973943837564399,0.0,0.07058309,0.078857383,10541.0,0.0
0.9433219673887682,0.043284682,0.078138177,0.064612352,10541.0,0.0
0.9576871693231231,0.152170314,0.073221664,0.051123167,10541.0,0.0
0.9508183944078779,0.246263057,0.070201705,0.048573762,10541.0,0.0
0.9469971644535772,0.351665302,0.08547109,0.052340809,10541.0,0.0
0.9472931955550526,0.497698882,0.097498218,0.061759117,10541.0,0.0
0.945880156525491,0.541440611,0.131510154,0.084023027,10541.0,0.0
0.9434426623595086,0.559582526,0.154976443,0.110003129,10541.0,0.0
0.9430877343132134,0.476205503,0.176506357,0.14384661,10541.0,0.0
0.9426399641936613,0.37932459,0.18880916,0.181511071,10541.0,0.0
0.947511664948576,0.245986979,0.203267421,0.223120191,10541.0,0.0
0.9573156073885404,0.123570275,0.241764991,0.268184303,10541.0,0.0
0.962255392435465,0.035990785,0.280097056,0.313818708,10541.0,0.0
0.962841265193104,0.0,0.304260614,0.369954312,10541.0,0.0
0.9561774201121699,0.0,0.308513783,0.41724435,10541.0,0.0
0.938559839809756,0.0,0.308394193,0.460495259,10541.0,0.0
0.9153511284231174,0.0,0.302846801,0.485463778,10541.0,0.0
0.8842145637173527,0.0,0.309228782,0.480091349,10541.0,0.0
0.8127056672809799,0.0,0.314816548,0.51755936,10541.0,0.0
0.7941786444959145,0.0,0.313291338,0.550064822,10541.0,0.0
0.787975939657384,0.0,0.31795432599999995,0.5872672445,10541.0,0.0
0.7932664457697479,0.0,0.327343442,0.613002131,10541.0,0.0
0.7951496917565121,0.0,0.328922284,0.639195059,10541.0,0.0
0.8175125721080957,0.035486786,0.325026207,0.668285782,10541.0,0.0
0.848588595490145,0.125905196,0.303563519,0.68828707,10541.0,0.0
0.8599154402043254,0.206340897,0.289080168,0.700981537,10541.0,0.0
0.8754714400937814,0.241351164,0.273667445,0.701436922,10541.0,0.0
0.8753080959641403,0.356668902,0.236188431,0.637607892,10541.0,0.0
0.8741903146505753,0.407714866,0.234566521,0.642559343,10541.0,0.0
0.8736282326471496,0.408478552,0.228904459,0.651363942,10541.0,0.0
0.8724104523944018,0.382245883,0.230753518,0.647071464,10541.0,0.0
0.8723166429005309,0.293442913,0.241691985,0.640542649,10541.0,0.0
0.8796598805578035,0.198000485,0.238650212,0.627386184,10541.0,0.0
0.894732714068349,0.117397462,0.254558355,0.629808771,10541.0,0.0
0.8968414891002042,0.055754439,0.282428663,0.635391527,10541.0,0.0
0.8950897698102663,0.00105033,0.300833501,0.640867885,10541.0,0.0
0.8874304337646438,0.0,0.310940449,0.631324867,10541.0,0.0
0.8673754071162656,0.0,0.304902862,0.611420054,10541.0,0.0
0.8427515293980234,0.0,0.276730447,0.567317272,10541.0,0.0
0.7985222811882141,0.0,0.2842451115,0.5654389385,10541.0,0.0
0.7775954570381369,0.0,0.284631523,0.546922558,10541.0,0.0
0.7809422970627835,0.0,0.300790545,0.5563913254999999,10541.0,0.0
0.7942973083950199,0.0005106995,0.30802314900000005,0.5989324389999999,10541.0,0.0
0.8403216750211131,0.074051611,0.28875596,0.614556389,10541.0,0.0
0.85620001174499,0.18394355,0.267704635,0.61557122,10541.0,0.0
0.8682014127195996,0.338066261,0.224009096,0.583189307,10541.0,0.0
0.8646075494372606,0.474306015,0.217365161,0.539010059,10541.0,0.0
0.8563249617133945,0.59194071,0.220006545,0.47056306,10541.0,0.0
0.8509140991094308,0.670379115,0.2267165135,0.481381367,10541.0,0.0
0.8504591725175333,0.616690296,0.231420021,0.516000808,10541.0,0.0
0.8559130711699272,0.570009332,0.235676021,0.536402599,10541.0,0.0
0.870321889683797,0.428896688,0.235305261,0.562627424,10541.0,0.0
0.8735301677620342,0.264468973,0.25534867,0.590911556,10541.0,0.0
0.8793192654561991,0.126736683,0.293375413,0.626605726,10541.0,0.0
0.8844023759530693,0.001656256,0.316271731,0.639980324,10541.0,0.0
0.8837412620374945,0.0,0.323037327,0.644115567,10541.0,0.0
0.8542537588501182,0.0,0.318298333,0.6281992605,10541.0,0.0
0.8085239483829653,0.0,0.33140769400000003,0.6262492660000001,10541.0,0.0
0.7939724656342158,0.0,0.31674036466666666,0.586609856,10541.0,0.0
0.8281417459787545,0.0,0.317612948,0.567118117,10541.0,0.0
0.8906057819550758,0.0,0.313980359,0.583214624,10541.0,0.0
0.9395034452675941,0.00172956,0.310304121,0.600316085,10541.0,0.0
0.9554739471064463,0.116796186,0.285354279,0.6014283,10541.0,0.0
0.950987444666104,0.228668659,0.257324998,0.591038459,10541.0,0.0
0.9502978012883447,0.353157571,0.213430106,0.559507132,10541.0,0.0
0.947922781712984,0.513017302,0.193991136,0.519558104,10541.0,0.0
0.945880156525491,0.615203195,0.169159562,0.473427251,10541.0,0.0
0.9431635554118629,0.6760411655,0.1668412125,0.42687551599999995,10541.0,0.0
0.9434231266029591,0.646062344,0.168822316,0.406112987,10541.0,0.0
0.9461605207657124,0.54465363,0.172563609,0.402246898,10541.0,0.0
0.95520663871513,0.426845655,0.174815167,0.395152751,10541.0,0.0
0.9585341610267667,0.292486086,0.192170682,0.394880039,10541.0,0.0
0.958243449164347,0.153509552,0.227198958,0.391964075,10541.0,0.0
0.9514322164901973,0.002735871,0.254231948,0.398126234,10541.0,0.0
0.9379537543372859,0.0,0.260702012,0.39682146,10541.0,0.0
0.9195168415871567,0.0,0.262409176,0.403701419,10541.0,0.0
0.8900545312841556,0.0,0.255674219,0.414462204,10541.0,0.0
0.823024400284695,0.0,0.308537856,0.462153543,10541.0,0.0
0.8119941672030744,0.0,0.281190413,0.444207987,10541.0,0.0
0.8054252676858251,0.0,0.2713369215,0.419013231,10541.0,0.0
0.8079612378316469,0.0,0.269306925,0.3919832,10541.0,0.0
0.8370637845596043,0.0,0.267348011,0.383424282,10541.0,0.0
0.8979361566178374,0.0,0.266218522,0.379127977,10541.0,0.0
0.9467704747398974,0.001884566,0.261285558,0.376790165,10541.0,0.0
0.9628880733160523,0.114871279,0.238622035,0.368873526,10541.0,0.0
0.9594417900877424,0.216683282,0.212239129,0.352743044,10541.0,0.0
0.9583676253536922,0.337786252,0.161156814,0.311536253,10541.0,0.0
0.9557295531718403,0.466179525,0.145296399,0.278247502,10541.0,0.0
0.9530932214025006,0.576402656,0.139420559,0.279524996,10541.0,0.0
0.9508843510042653,0.607852634,0.141313145,0.264032778,10541.0,0.0
0.9472758843149031,0.599786609,0.155466011,0.255685188,10541.0,0.0
0.9478498618922256,0.574798052,0.162072336,0.245556078,10541.0,0.0
0.9527214658263627,0.510199482,0.166162103,0.245844346,10541.0,0.0
0.9618470799313803,0.426641884,0.182858755,0.254985591,10541.0,0.0
0.9665679122680549,0.298133571,0.205861023,0.274072381,10541.0,0.0
0.9704690252674848,0.153833883,0.229886189,0.308524242,10541.0,0.0
0.9646505275112985,0.003604106,0.252522838,0.352482277,10541.0,0.0
0.9494131892025234,0.0,0.251949173,0.383156594,10541.0,0.0
0.9274589110301962,0.0,0.252037027,0.415016714,10541.0,0.0
0.897289839750841,0.0,0.238966802,0.432268182,10541.0,0.0
0.8275274401861279,0.0,0.236572572,0.423861666,10541.0,0.0
0.8171957481542851,0.0,0.213552288,0.417696849,10541.0,0.0
0.8093214485325189,0.0,0.1898434335,0.40076680600000003,10541.0,0.0
0.8108752736313096,0.0,0.172950703,0.387432014,10541.0,0.0
0.8411359786921052,0.0,0.164758566,0.378661727,10541.0,0.0
0.9022218877943357,0.0,0.154186826,0.369757228,10541.0,0.0
0.9513429528499032,0.003423042,0.149070277,0.369561977,10541.0,0.0
0.9669031113098261,0.140047668,0.130296678,0.35298038,10541.0,0.0
0.9605256262728702,0.297332506,0.09373453,0.322977476,10541.0,0.0
0.9606538646054854,0.438664523,0.073206437,0.290522194,10541.0,0.0
0.957450712124749,0.592787444,0.0723678,0.272415467,10541.0,0.0
0.9520577408984392,0.705692388,0.065208548,0.248712095,10541.0,0.0
0.9492659956444434,0.752087613,0.06846699,0.246580724,10541.0,0.0
0.9477388379789825,0.766729926,0.077382891,0.251310707,10541.0,0.0
0.9458010472594206,0.720013037,0.085504008,0.259613521,10541.0,0.0
0.949698098509161,0.638737914,0.09020047,0.271050397,10541.0,0.0
0.9578675346241617,0.490527224,0.096430613,0.288998585,10541.0,0.0
0.9627350772021899,0.338877036,0.119316406,0.314915458,10541.0,0.0
0.9685705957361932,0.178618732,0.158232357,0.359386377,10541.0,0.0
0.9635641771345995,0.005119426,0.196431679,0.426119814,10541.0,0.0
0.946498911350917,0.0,0.212141608,0.47620254,10541.0,0.0
0.9234996748650057,0.0,0.223205809,0.520237737,10541.0,0.0
0.8948583413886154,0.0,0.225724903,0.538638048,10541.0,0.0
0.825946802029261,0.0,0.252407871,0.583028704,10541.0,0.0
0.8110510694639474,0.0,0.2658982725,0.592665057,10541.0,0.0
0.8070499819273196,0.0,0.277149649,0.6161753995,10541.0,0.0
0.8380746037096157,0.0,0.289053082,0.635806557,10541.0,0.0
0.9003887382947305,0.0,0.293988667,0.64993574,10541.0,0.0
0.9479656245134399,0.003664198,0.295344699,0.663989438,10541.0,0.0
0.9641076908020898,0.125233118,0.275999664,0.666177615,10541.0,0.0
0.9594486568849162,0.235486787,0.25841747,0.659557356,10541.0,0.0
0.9570675446850213,0.361194991,0.215807035,0.638547608,10541.0,0.0
0.9524823972220594,0.481568443,0.232326684,0.632437684,10541.0,0.0
0.9507506970053975,0.586642043,0.223756103,0.593904415,10541.0,0.0
0.9479576942620355,0.631827076,0.234537454,0.607733008,10541.0,0.0
0.9464083902212569,0.646140419,0.234351816,0.6197703,10541.0,0.0
0.9458010472594206,0.59180213,0.233608054,0.632359783,10541.0,0.0
0.9492470400253981,0.532663719,0.224910151,0.632580103,10541.0,0.0
0.9573885272092988,0.424714528,0.202767191,0.629239002,10541.0,0.0
0.9613639139460503,0.298798928,0.197212761,0.621927747,10541.0,0.0
0.962841265193104,0.150180171,0.21742309,0.638268541,10541.0,0.0
0.9602713741240395,0.006074642,0.229672637,0.649394184,10541.0,0.0
0.9438286344531399,0.0,0.222424998,0.651844281,10541.0,0.0
0.9222605220159992,0.0,0.209339383,0.637990143,10541.0,0.0
0.8928368959429868,0.0,0.190772237,0.603981395,10541.0,0.0
0.8233412242385056,0.0,0.190484423,0.5892185,10541.0,0.0
0.8118167033767171,0.0,0.17237814,0.562874238,10541.0,0.0
0.8064658979925815,0.0,0.156729869,0.53688553,10541.0,0.0
0.8066057900439401,0.0,0.1404830595,0.49414964650000004,10541.0,0.0
0.8364252043024574,0.0,0.131112727,0.456831311,10541.0,0.0
0.8988117746044432,0.0,0.131104835,0.438825172,10541.0,0.0
0.9488112623005204,0.006002974,0.130679707,0.426131874,10541.0,0.0
0.9644986920660249,0.147879985,0.118097725,0.39966687,10541.0,0.0
0.9577923906805841,0.291613719,0.089845864,0.364218322,10541.0,0.0
0.9523029025208574,0.452649503,0.072521345,0.326112323,10541.0,0.0
0.9465105164624814,0.575459728,0.066712418,0.29487953,10541.0,0.0
0.9439294067778015,0.663449219,0.058947417,0.234127645,10541.0,0.0
0.9428762281440609,0.689400997,0.062823748,0.199711993,10541.0,0.0
0.9417409419487913,0.677291525,0.070189437,0.190383796,10541.0,0.0
0.9417000335959832,0.640176001,0.075216907,0.187373215,10541.0,0.0
0.9437492347247374,0.571093991,0.078123204,0.18713104,10541.0,0.0
0.9515218674136012,0.466661442,0.084968185,0.190621513,10541.0,0.0
0.9552709513262024,0.341884461,0.098569652,0.195169662,10541.0,0.0
0.9559596276769281,0.178460506,0.123666244,0.217812708,10541.0,0.0
0.9551989021052805,0.0082012,0.139280192,0.243462824,10541.0,0.0
0.9430996294935299,0.0,0.141225446,0.263797455,10541.0,0.0
0.9234122484580015,0.0,0.13441673,0.267789703,10541.0,0.0
0.8930885370794686,0.0,0.124712101,0.255912056,10541.0,0.0
0.8160034752566492,0.0,0.1313319255,0.232668957,10541.0,0.0
0.7992681618912654,0.0,0.124676786,0.2259807225,10541.0,0.0
0.8007293867719525,0.0,0.107702801,0.2253260885,10541.0,0.0
0.8051158176575289,0.0,0.099746954,0.21846477,10541.0,0.0
0.8279349789111535,0.008566815,0.094028856,0.22307068,10541.0,0.0
0.8582329654814056,0.15319468,0.07685024,0.212369315,10541.0,0.0
0.8709427718112649,0.3033107,0.050475007,0.181343002,10541.0,0.0
0.8805107403695817,0.445039669,0.036394356,0.162457463,10541.0,0.0
0.8776490731967057,0.547677391,0.03465952,0.160501346,10541.0,0.0
0.8741903146505753,0.630481197,0.036080126,0.17081779,10541.0,0.0
0.8723355499123973,0.679431598,0.044370919,0.208659807,10541.0,0.0
0.8720442093052942,0.645874842,0.050995752,0.266662349,10541.0,0.0
0.8796598805578035,0.555643985,0.054026176,0.310531529,10541.0,0.0
0.8947909340548871,0.43084439,0.056585682,0.359523713,10541.0,0.0
0.8973762991308115,0.299054988,0.068560373,0.394686738,10541.0,0.0
0.899530334727497,0.165591434,0.080771304,0.420925891,10541.0,0.0
0.899634878733096,0.010310103,0.088693295,0.451911572,10541.0,0.0
0.8978902190947259,0.0,0.090527357,0.462753656,10541.0,0.0
0.8811501912265652,0.0,0.085383384,0.457631165,10541.0,0.0
0.8588392445954307,0.0,0.077196253,0.443177929,10541.0,0.0
0.7382534314101203,0.0,0.07266094849999999,0.4010531405,10541.0,0.0
0.723708468320635,0.0,0.06781762699999999,0.3905997065,14351.0,0.0
0.7237168822823464,0.0,0.07642583650000001,0.4140380165,14351.0,0.0
0.730299466393184,0.0,0.092417855,0.45957071,14351.0,0.0
0.7415610314692586,0.009379909,0.101905052,0.475763049,14351.0,0.0
0.7629671052829327,0.124048639,0.10379394,0.479226498,14351.0,0.0
0.7882142828930171,0.229598289,0.100612637,0.479894637,14351.0,0.0
0.8096471937731718,0.344462785,0.086764182,0.487318751,14351.0,0.0
0.8084799933243098,0.443278818,0.084112705,0.48920617,14351.0,0.0
0.807169370998305,0.548040399,0.06845052,0.446500803,14351.0,0.0
0.8068547715608941,0.553485399,0.075296768,0.466234331,14351.0,0.0
0.8054036768492365,0.56460165,0.083348919,0.489918984,14351.0,0.0
0.805970739612577,0.525777305,0.0878719,0.499699886,14351.0,0.0
0.8105521153946014,0.441591994,0.089142076,0.499834902,14351.0,0.0
0.8193403059414479,0.313507604,0.092449658,0.495420544,14351.0,0.0
0.8224335951775299,0.221424282,0.098161392,0.476762493,14351.0,0.0
0.8223118363589784,0.114982469,0.113977113,0.458542654,14351.0,0.0
0.8179129539671954,0.011072155,0.116018117,0.448940351,14351.0,0.0
0.8086745267324534,0.0,0.111312494,0.44771051,14351.0,0.0
0.792259204659119,0.0,0.109549335,0.452532115,14351.0,0.0
0.7750963577006281,0.0,0.112672278,0.459373774,14351.0,0.0
0.7518286285399882,0.0,0.13949734400000002,0.485433557,14351.0,0.0
0.7394423677299469,0.0,0.14943804300000002,0.5229412415,14351.0,0.0
0.7493366618632108,0.0,0.1597835495,0.5592683085000001,14351.0,0.0
0.8183287130123775,0.0,0.170642263,0.594155452,14351.0,0.0
0.8736958332288524,0.019864431,0.17508874,0.609188803,14351.0,0.0
0.8655784272614976,0.200387731,0.161898683,0.609921899,14351.0,0.0
0.8652789145478367,0.354466499,0.121587009,0.585052109,14351.0,0.0
0.8658764892378178,0.513065951,0.090720473,0.564468723,14351.0,0.0
0.861443854965572,0.662240856,0.087489992,0.560502708,14351.0,0.0
0.8560035922995873,0.768090728,0.074012413,0.534289113,14351.0,0.0
0.8542625110941802,0.832346795,0.081938046,0.563883988,14351.0,0.0
0.8533499496836785,0.794338906,0.093106251,0.596821195,14351.0,0.0
0.8525575027128325,0.708284863,0.107994382,0.622754896,14351.0,0.0
0.8544727597739666,0.621724378,0.123352424,0.629113488,14351.0,0.0
0.8591004599686322,0.494084951,0.132238759,0.612092416,14351.0,0.0
0.8632014736320697,0.346181446,0.14284246,0.577172982,14351.0,0.0
0.8665180677904235,0.204513888,0.186177497,0.553625234,14351.0,0.0
0.8588659364307449,0.018180269,0.221695505,0.537881027,14351.0,0.0
0.855085131512526,0.0,0.231438865,0.520350064,14351.0,0.0
0.8406481700324208,0.0,0.232798671,0.486347863,14351.0,0.0
0.8118623508310766,0.0,0.230455839,0.450122954,14351.0,0.0
0.7572252990284424,0.0,0.25033202,0.416729611,14351.0,0.0
0.7479808275795549,0.0,0.237855994,0.377656626,14351.0,0.0
0.7400795212581573,0.0,0.233154373,0.363727258,14351.0,0.0
0.7398076193900361,0.0,0.226571839,0.355209539,14351.0,0.0
0.7405135101601341,0.0,0.224215494,0.370648279,14351.0,0.0
0.7574005383384,0.0,0.22002516,0.398662827,14351.0,0.0
0.8167417881958409,0.0,0.214647287,0.422012837,14351.0,0.0
0.8720563949479433,0.02140905,0.206793433,0.442166324,14351.0,0.0
0.8656370337439848,0.149184205,0.182821434,0.444759746,14351.0,0.0
0.8657747498861226,0.298479851,0.136116703,0.434435388,14351.0,0.0
0.8683224945798695,0.422514655,0.123839275,0.410828615,14351.0,0.0
0.8646076462580382,0.543422447,0.13034509,0.391759797,14351.0,0.0
0.862959793621837,0.663093321,0.139880118,0.366630136,14351.0,0.0
0.8603730750229298,0.710835645,0.142980445,0.370855888,14351.0,0.0
0.859667474321584,0.724807273,0.160239799,0.393351378,14351.0,0.0
0.8593910750102746,0.635749815,0.164451917,0.415894056,14351.0,0.0
0.8602566354434339,0.519215732,0.160495495,0.433919865,14351.0,0.0
0.8648108348926761,0.379928758,0.149164896,0.448863095,14351.0,0.0
0.8650620891396287,0.250529013,0.166095927,0.486666186,14351.0,0.0
0.8668739628637523,0.127660692,0.209729115,0.52262633,14351.0,0.0
0.8526128212246893,0.010447843,0.248321271,0.5581738,14351.0,0.0
0.8429208697250018,0.0,0.268587456,0.585618171,14351.0,0.0
0.823693637699649,0.0,0.277224682,0.588629747,14351.0,0.0
0.790339015248459,0.0,0.281162032,0.57392425,14351.0,0.0
0.7412842938755986,0.0,0.29948023599999996,0.5558526815,14351.0,0.0
0.7222975331750815,0.0,0.30321461549999995,0.5482983225,14351.0,0.0
0.73107203932513,0.0,0.3232344995,0.579801988,14351.0,0.0
0.8046342956575141,0.0,0.349194582,0.634784823,14351.0,0.0
0.8564347281372714,0.017251285,0.362764701,0.67548063,14351.0,0.0
0.8547764310580945,0.064569627,0.370774599,0.70089374,14351.0,0.0
0.8555034051428598,0.143726232,0.396026068,0.720716721,14351.0,0.0
0.8530431836768947,0.194385669,0.399246837,0.719639605,14351.0,0.0
0.8503702953731885,0.265134788,0.398567549,0.711212499,14351.0,0.0
0.8494874240934599,0.256629027,0.349031476,0.688116985,14351.0,0.0
0.8493658589164634,0.26972153,0.367549181,0.705201526,14351.0,0.0
0.8482543638689878,0.227863401,0.368144477,0.711246392,14351.0,0.0
0.8470701422487281,0.219203201,0.357417082,0.69197306,14351.0,0.0
0.8476115282205962,0.180942035,0.36307792,0.664960817,14351.0,0.0
0.849150677887151,0.165105626,0.362087536,0.644933669,14351.0,0.0
0.8498592764903752,0.117430537,0.32669902,0.617769255,14351.0,0.0
0.8511983318513673,0.070477132,0.298485531,0.581452907,14351.0,0.0
0.837122584290066,0.015936328,0.268070228,0.54195625,14351.0,0.0
0.8321037867978488,0.0,0.242494646,0.484835561,14351.0,0.0
0.8141227680602312,0.0,0.216373977,0.42887044,14351.0,0.0
0.7799795671399101,0.0,0.191069784,0.407599696,14351.0,0.0
0.7329850720666545,0.0,0.14852894,0.373751901,14351.0,0.0
0.7191843214897109,0.0,0.125514677,0.355413088,14351.0,0.0
0.7133293152159665,0.0,0.111307811,0.352576074,14351.0,0.0
0.7122769103612849,0.0,0.101010918,0.348026277,14351.0,0.0
0.7117801564063541,0.0,0.099810583,0.377623464,14351.0,0.0
0.7287489532734281,0.0,0.104777536,0.441261835,14351.0,0.0
0.796292134424127,0.0,0.108094497,0.472337532,14351.0,0.0
0.8545963562193882,0.013185377,0.11115516,0.471463944,14351.0,0.0
0.8537185137163829,0.080586005,0.108636813,0.44688713,14351.0,0.0
0.8548679196083686,0.149448644,0.108356375,0.429497123,14351.0,0.0
0.8530706492912681,0.229785782,0.119162334,0.424863411,14351.0,0.0
0.8509304433225469,0.317685189,0.125922281,0.418552652,14351.0,0.0
0.8523060552179056,0.401092696,0.117020778,0.439152292,14351.0,0.0
0.8498441897666252,0.441305868,0.123895276,0.454855241,14351.0,0.0
0.8492795931780478,0.417158114,0.135946026,0.49371675,14351.0,0.0
0.8480575575340557,0.376236473,0.141854953,0.530556153,14351.0,0.0
0.8491235019479492,0.308484994,0.143331562,0.548484787,14351.0,0.0
0.8520464838300191,0.202356234,0.148245422,0.558057346,14351.0,0.0
0.8517542244094811,0.11717396,0.162914915,0.584980131,14351.0,0.0
0.851363126718349,0.043660138,0.174160233,0.610483513,14351.0,0.0
0.8390170488924455,0.006559383,0.183463939,0.640810861,14351.0,0.0
0.8340022163291403,0.0,0.187916939,0.672461979,14351.0,0.0
0.8186252278241599,0.0,0.196484829,0.698031216,14351.0,0.0
0.7862134854621377,0.0,0.215679051,0.70541141,14351.0,0.0
0.7468765854316217,0.0,0.250181177,0.725182813,14351.0,0.0
0.7281113886504935,0.0,0.2963443005,0.7389846705,14351.0,0.0
0.7229388936841477,0.0,0.3875648925,0.756376989,14351.0,0.0
0.7454252974719895,0.0,0.461529684,0.746184376,14351.0,0.0
0.8085799922634925,0.0,0.505256793,0.750320918,14351.0,0.0
0.8609915393860234,0.009817095,0.557085331,0.775745961,14351.0,0.0
0.8572027073956223,0.061095019,0.584934065,0.794736288,14351.0,0.0
0.8605864184253721,0.129900695,0.612942656,0.813370119,14351.0,0.0
0.8608560477602851,0.225795953,0.659153131,0.823188306,14351.0,0.0
0.8556545636298519,0.326598948,0.703928253,0.84484302,14351.0,0.0
0.8530172652270591,0.437886666,0.794735486,0.889389219,14351.0,0.0
0.8518263704511806,0.518528089,0.751997261,0.884255116,14351.0,0.0
0.8501996979504245,0.544379195,0.740331927,0.886376173,14351.0,0.0
0.8486188661520025,0.572622426,0.723078507,0.875747872,14351.0,0.0
0.8488429444597532,0.532379083,0.666042552,0.850111668,14351.0,0.0
0.8511699956371573,0.459932412,0.573629306,0.805908781,14351.0,0.0
0.852248222120897,0.325558809,0.467132933,0.751855,14351.0,0.0
0.8527653340218251,0.193293309,0.42210006,0.713083043,14351.0,0.0
0.843878014742052,0.044266823,0.407642487,0.677585267,14351.0,0.0
0.8390383250615073,0.0,0.384682841,0.639003502,14351.0,0.0
0.823693637699649,0.0,0.35831266,0.596626612,14351.0,0.0
0.7948798691736244,0.0,0.343452847,0.557834048,14351.0,0.0
0.7356095082620973,0.0,0.306430634,0.503261543,14351.0,0.0
0.7228953013098274,0.0,0.271998684,0.467501708,14351.0,0.0
0.7121918048978776,0.0,0.274744961,0.440850801,14351.0,0.0
0.7105505291868884,0.0,0.292772939,0.413253639,14351.0,0.0
0.7190738295003734,0.0,0.308589795,0.447766053,14351.0,0.0
0.729780855738107,0.054216222,0.316551044,0.535330151,14351.0,0.0
0.7479522977237899,0.143256099,0.306512551,0.606980259,14351.0,0.0
0.7704688995579061,0.270234079,0.263622028,0.665717011,14351.0,0.0
0.7853722479038875,0.378217114,0.242453617,0.712366137,14351.0,0.0
0.7848949809015368,0.518370055,0.241167702,0.735964773,14351.0,0.0
0.7793404547620674,0.606662561,0.239569827,0.733060011,14351.0,0.0
0.7755263816736927,0.616759066,0.255231769,0.755500074,14351.0,0.0
0.7747026486035666,0.583235393,0.276822488,0.766583631,14351.0,0.0
0.7743839390060777,0.534027296,0.293284802,0.778064582,14351.0,0.0
0.7759574206905993,0.478941547,0.288959977,0.770169984,14351.0,0.0
0.7819043020105668,0.358511464,0.257179108,0.754468344,14351.0,0.0
0.7868811753189734,0.226296477,0.247185528,0.756398998,14351.0,0.0
0.7924496763175732,0.120138992,0.258166799,0.75905052,14351.0,0.0
0.7914726570648328,0.024217514,0.281690185,0.759827013,14351.0,0.0
0.7773755367104827,0.0,0.270570225,0.739585808,14351.0,0.0
0.7471619784485662,0.0,0.237350705,0.68349076,14351.0,0.0
0.7215129682420414,0.0,0.215907608,0.615443489,14351.0,0.0
0.7067707879196903,0.0,0.184731886,0.547469735,14351.0,0.0
0.7022171686079522,0.0,0.163330656,0.484936626,14351.0,0.0
0.7016207541929792,0.0,0.143592164,0.416217306,14351.0,0.0
0.7026879557026585,0.0,0.122335068,0.363834291,14351.0,0.0
0.7105698713018828,0.0,0.101887004,0.3341857665,14351.0,0.0
0.723715165484658,0.067348437,0.081912892,0.322799407,14351.0,0.0
0.7393919087552429,0.20828297,0.056993302,0.302846624,14351.0,0.0
0.7600332432643881,0.364473467,0.039518975,0.271275377,14351.0,0.0
0.7720682512818747,0.523156652,0.034831037,0.256135446,14351.0,0.0
0.7736601564647457,0.625186232,0.044690357,0.279234887,14351.0,0.0
0.7635583937068244,0.708902522,0.062231118,0.28467506,14351.0,0.0
0.7548162375038672,0.751098252,0.076795625,0.278925846,14351.0,0.0
0.7496125288570342,0.752058445,0.092845349,0.295221088,14351.0,0.0
0.7487937769404035,0.693474656,0.110788603,0.298004929,14351.0,0.0
0.751395776298196,0.574701114,0.119730516,0.299860174,14351.0,0.0
0.7614450251981641,0.441691923,0.139344104,0.306279486,14351.0,0.0
0.7724386533350296,0.270989555,0.162341412,0.324955884,14351.0,0.0
0.7830701485428657,0.136582265,0.200634517,0.350114565,14351.0,0.0
0.7819385372077561,0.023275583,0.227010143,0.366994477,14351.0,0.0
0.771048099553507,0.0,0.2146699835,0.38373202949999996,14351.0,0.0
0.7417065806484431,0.0,0.193268755,0.394029785,14351.0,0.0
0.72205691701266,0.0,0.192499744,0.3792764615,14351.0,0.0
0.7105807028311784,0.0,0.182982401,0.305477475,14351.0,0.0
0.7146951596266309,0.0,0.186855662,0.243496786,14351.0,0.0
0.7174560060644567,0.0,0.206645461,0.190318953,14351.0,0.0
0.7407479368772438,0.0,0.227352874,0.156438657,14351.0,0.0
0.8070092184120973,0.0,0.237101573,0.129364754,14351.0,0.0
0.8590604214284999,0.060914881,0.24514496,0.136751971,14351.0,0.0
0.8530480192056433,0.166884471,0.228896379,0.172517233,14351.0,0.0
0.852858466163834,0.249565936,0.252378799,0.20838823,14351.0,0.0
0.8485386930381211,0.367827679,0.295527808,0.22882327,14351.0,0.0
0.8436159287690137,0.481050808,0.318503108,0.247589423,14351.0,0.0
0.8421334519244594,0.590489357,0.372446718,0.304071312,14351.0,0.0
0.8408634478825108,0.611958327,0.386495423,0.32989079,14351.0,0.0
0.8413870392975026,0.697110608,0.381734823,0.375522529,14351.0,0.0
0.8405448831226076,0.674070299,0.36548786,0.414276988,14351.0,0.0
0.8430825698693276,0.573385692,0.346398282,0.444467673,14351.0,0.0
0.8470247848631205,0.450099877,0.310168968,0.460502833,14351.0,0.0
0.8490472941565603,0.344938711,0.279462498,0.482359035,14351.0,0.0
0.8488241828758434,0.20597421,0.275495199,0.512267529,14351.0,0.0
0.8368911558684151,0.067598824,0.293279428,0.5651315,14351.0,0.0
0.8329841434924256,0.0,0.306388884,0.620877963,14351.0,0.0
0.8148266279554842,0.0,0.305860784,0.65516085,14351.0,0.0
0.7830358161313186,0.0,0.300832524,0.684847537,14351.0,0.0
0.7421503374286944,0.0,0.298900321,0.697716967,14351.0,0.0
0.7295398526861558,0.0,0.279593841,0.744453842,14351.0,0.0
0.7222149905104244,0.0,0.2604128435,0.793395166,14351.0,0.0
0.7210065912464217,0.0,0.232884143,0.82267964,14351.0,0.0
0.7372628245813594,0.0,0.212467335,0.824158355,14351.0,0.0
0.8067323357840612,0.001633162,0.199252138,0.806117925,14351.0,0.0
0.8594933948930541,0.085753549,0.183491308,0.765818505,14351.0,0.0
0.8561324107697068,0.241419679,0.161222272,0.708507413,14351.0,0.0
0.8576611155997051,0.381688371,0.144206443,0.65169462,14351.0,0.0
0.8538947204469545,0.520645349,0.146511405,0.62689773,14351.0,0.0
0.8509304433225469,0.648414871,0.157307708,0.614098428,14351.0,0.0
0.8500562760732819,0.723213159,0.15028976,0.582445363,14351.0,0.0
0.8490912974288144,0.771762498,0.16680629400000002,0.5795698885,14351.0,0.0
0.8477213914652506,0.732827159,0.178341464,0.589543041,14351.0,0.0
0.8481052358632599,0.634385072,0.178418202,0.592412849,14351.0,0.0
0.8514965870756621,0.520481623,0.17906624,0.598574175,14351.0,0.0
0.8519008378300572,0.386536054,0.180233009,0.609869244,14351.0,0.0
0.8527718135358888,0.239198841,0.215365609,0.637060836,14351.0,0.0
0.8422144952445969,0.093811964,0.254264002,0.659082669,14351.0,0.0
0.8297141640122552,0.0,0.2652630335,0.675658019,14351.0,0.0
0.7907048714480368,0.0,0.242134671,0.671615393,14351.0,0.0
0.7498297411547719,0.0,0.222151669,0.668387827,14351.0,0.0
0.7322909798528858,0.0,0.1941457615,0.6133160129999999,14351.0,0.0
0.7274380652806558,0.0,0.18561337449999998,0.5650365765,14351.0,0.0
0.7486055778151574,0.0,0.193587556,0.555775435,14351.0,0.0
0.8079425242645453,0.001931286,0.197424659,0.559729251,14351.0,0.0
0.8618766347885712,0.084373543,0.189217685,0.566445636,14351.0,0.0
0.8564688669072636,0.246748847,0.164420796,0.583985498,14351.0,0.0
0.8597734690645236,0.389729749,0.127686756,0.581435373,14351.0,0.0
0.8542683136499625,0.519975559,0.123619951,0.583686535,14351.0,0.0
0.850187899197305,0.629358862,0.126300239,0.590777233,14351.0,0.0
0.8485892724484265,0.719717338,0.115646652,0.563765212,14351.0,0.0
0.8475593044313953,0.76336509,0.123679153,0.594674932,14351.0,0.0
0.847198573829318,0.753041839,0.129669967,0.616585584,14351.0,0.0
0.8464163784470536,0.700574749,0.128909004,0.620341923,14351.0,0.0
0.8469297182734637,0.651053841,0.130806219,0.613662677,14351.0,0.0
0.8496455458048229,0.530620478,0.128637082,0.610570992,14351.0,0.0
0.8506784152965354,0.373012536,0.126317554,0.612644334,14351.0,0.0
0.8512573252233842,0.219419393,0.149009085,0.62455604,14351.0,0.0
0.8412247590156725,0.091230807,0.168540952,0.628702235,14351.0,0.0
0.8355441702560185,0.0,0.173893297,0.616610682,14351.0,0.0
0.8192557810091251,0.0,0.16950631,0.596645278,14351.0,0.0
0.7873838290440444,0.0,0.15672263,0.567133184,14351.0,0.0
0.7481774402729321,0.0,0.169532843,0.558637096,14351.0,0.0
0.7352997439598548,0.0,0.160952133,0.539501425,14351.0,0.0
0.7271378270015345,0.0,0.1500574455,0.5230348825,14351.0,0.0
0.7373725669968323,0.0,0.14608192199999998,0.5208177089999999,14351.0,0.0
0.8084206130627634,0.002220795,0.150270911,0.529231335,14351.0,0.0
0.860139422084879,0.094491617,0.147914446,0.534750622,14351.0,0.0
0.8563815373210368,0.261046096,0.142760768,0.538877278,14351.0,0.0
0.8560624892444071,0.466730111,0.106819103,0.527421419,14351.0,0.0
0.8507395363641744,0.613570453,0.101860111,0.516561734,14351.0,0.0
0.8480252563909335,0.765676725,0.109287629,0.511522107,14351.0,0.0
0.8473954765914472,0.866545272,0.098776843,0.497582709,14351.0,0.0
0.8440810103255056,0.9286241545,0.1221178335,0.5260024075,14351.0,0.0
0.8416626644361725,0.883059143,0.13911278,0.552854582,14351.0,0.0
0.8421668169153925,0.788472607,0.14762116,0.564437234,14351.0,0.0
0.8447129176238242,0.655272603,0.149498392,0.569661756,14351.0,0.0
0.8478331891575529,0.487033804,0.15853795,0.575007616,14351.0,0.0
0.8481861827562003,0.302621933,0.191608336,0.580756401,14351.0,0.0
0.8363449343677983,0.126990106,0.215585992,0.583843859,14351.0,0.0
0.8287084702629541,0.0,0.227459546,0.580930092,14351.0,0.0
0.8119238587882451,0.0,0.223214943,0.5755937,14351.0,0.0
0.7799708146990578,0.0,0.215785021,0.572704761,14351.0,0.0
0.7345866967174115,0.0,0.225185632,0.587177576,14351.0,0.0
0.7173862773935513,0.0,0.2146882435,0.5854178320000001,14351.0,0.0
0.7137048426698319,0.0,0.2116537965,0.593231786,14351.0,0.0
0.7364742945226173,0.0,0.223118286,0.602058185,14351.0,0.0
0.8022740731307318,0.005745263,0.236428609,0.603803014,14351.0,0.0
0.8559561072183576,0.135683306,0.241582831,0.602238149,14351.0,0.0
0.8530426031458102,0.297756455,0.243729103,0.602803307,14351.0,0.0
0.8527647534907405,0.402242093,0.194933453,0.598891058,14351.0,0.0
0.8482776709128942,0.562099213,0.183753726,0.601273909,14351.0,0.0
0.8428440814025283,0.672617515,0.196886223,0.602918335,14351.0,0.0
0.8387241125136261,0.747856109,0.209339075,0.612700507,14351.0,0.0
0.8337690471013967,0.773773679,0.233595817,0.629102817,14351.0,0.0
0.827426280971937,0.731415721,0.252418049,0.64919781,14351.0,0.0
0.8251938130674629,0.660914481,0.267016496,0.665502206,14351.0,0.0
0.8261088890631164,0.568543548,0.278359832,0.685102541,14351.0,0.0
0.8287139827499844,0.45230293,0.294679238,0.713336741,14351.0,0.0
0.8346896355840804,0.333040525,0.332573027,0.749610527,14351.0,0.0
0.8402016570086543,0.20736387,0.392141978,0.779502552,14351.0,0.0
0.8314913186320925,0.093427406,0.432049402,0.799289736,14351.0,0.0
0.8264359642119281,0.001293718,0.433619934,0.808403103,14351.0,0.0
0.8036959126179543,0.0,0.407804718,0.808942929,14351.0,0.0
0.7674219347344654,0.0,0.382504247,0.802841986,14351.0,0.0
0.7088534512537353,0.0,0.392364899,0.795225299,14351.0,0.0
0.6871764183937794,0.0,0.36526064199999997,0.781741268,14351.0,0.0
0.6813228388489716,0.0,0.3285098905,0.755018571,14351.0,0.0
0.6940246183034391,0.003634062,0.27568265999999997,0.7114488395,14351.0,0.0
0.704520815527092,0.136887552,0.222651967,0.665146309,14351.0,0.0
0.7312272597586018,0.291583993,0.188870465,0.628268714,14351.0,0.0
0.7533632571485309,0.475100118,0.116010617,0.577215283,14351.0,0.0
0.7689111331450273,0.628198174,0.087843953,0.525764361,14351.0,0.0
0.7668252786611293,0.715070464,0.080559175,0.482090976,14351.0,0.0
0.7545649832569148,0.788035311,0.074968599,0.412648462,14351.0,0.0
0.7488498688377389,0.825637548,0.073652236,0.415279826,14351.0,0.0
0.7476551059537259,0.894319267,0.079075553,0.407846916,14351.0,0.0
0.7458214243334251,0.850398577,0.084072104,0.390831223,14351.0,0.0
0.7474664235117532,0.758853509,0.084617018,0.355256985,14351.0,0.0
0.7523575632024397,0.632039113,0.09308121,0.318464828,14351.0,0.0
0.7644775314521676,0.471587036,0.111109151,0.272491016,14351.0,0.0
0.7768348763040752,0.294774601,0.141693643,0.252665701,14351.0,0.0
0.7770302315080861,0.142594001,0.16639318,0.244853605,14351.0,0.0
0.7744333581413747,0.001973868,0.16664612,0.249573904,14351.0,0.0
0.7509781312157549,0.0,0.1590166315,0.27595293200000004,14351.0,0.0
0.7049962447057823,0.0,0.1866324945,0.3516292805,14351.0,0.0
0.6883927721143809,0.0,0.16385830699999998,0.38831908049999997,14351.0,0.0
0.6895338122582537,0.0,0.16344460049999998,0.410144044,14351.0,0.0
0.6966861911707525,0.009541814,0.167293743,0.399417736,14351.0,0.0
0.7042324242146886,0.127966815,0.155506394,0.418224824,14351.0,0.0
0.7331611819764488,0.265579356,0.126001276,0.423900834,14351.0,0.0
0.7584232534558888,0.383767703,0.088969042,0.394140941,14351.0,0.0
0.7749961655134707,0.511191017,0.072085073,0.362446411,14351.0,0.0
0.7789637188195953,0.61963278,0.064166187,0.336513397,14351.0,0.0
0.7791294807136107,0.727213027,0.044049595,0.283561108,14351.0,0.0
0.7792759731082148,0.7704541389999999,0.043593904,0.280150996,14351.0,0.0
0.7792465004306105,0.72514415,0.043190153,0.269500826,14351.0,0.0
0.7836717849825363,0.634754849,0.041968654,0.250547598,14351.0,0.0
0.7917937364098877,0.531657291,0.043474746,0.23218672,14351.0,0.0
0.7948993077158157,0.389562968,0.062790089,0.214485189,14351.0,0.0
0.7960417503834307,0.244205886,0.086242036,0.20275888,14351.0,0.0
0.7910233881911318,0.115855056,0.097713185,0.198386481,14351.0,0.0
0.7836074723714639,0.002498619,0.09480976,0.184864601,14351.0,0.0
0.7537836580809067,0.0,0.063876245,0.126487519,14351.0,0.0
0.729588353204808,0.0,0.053760092,0.098427268,14351.0,0.0
0.710376111476008,0.0,0.0421116875,0.102811119,14351.0,0.0
0.7015005911461445,0.0,0.045375869,0.126856092,14351.0,0.0
0.7206639456635531,0.0,0.048456892,0.148420594,14351.0,0.0
0.7816860742754068,0.013146667,0.047255945,0.152128602,14351.0,0.0
0.8480442116163983,0.141534633,0.041079776,0.145773587,14351.0,0.0
0.8518599290836687,0.265684439,0.032011678,0.140539285,14351.0,0.0
0.8521279140396862,0.410819278,0.02020394,0.130210598,14351.0,0.0
0.8502935070507152,0.538439591,0.015235404,0.118036183,14351.0,0.0
0.8465595102554443,0.661325426,0.012715399,0.101776715,14351.0,0.0
0.8471930613422877,0.757912381,0.01137603,0.098414344,14351.0,0.0
0.8449633980917174,0.789452305,0.011135152,0.090079656,14351.0,0.0
0.8426187456054116,0.775566539,0.010272348,0.086602217,14351.0,0.0
0.8398298050053196,0.730425754,0.010246415,0.089989521,14351.0,0.0
0.8399796095757485,0.658087012,0.01163653,0.098975593,14351.0,0.0
0.8419277483110891,0.544246522,0.014391084,0.093292727,14351.0,0.0
0.8447107899282018,0.409284518,0.019917368,0.09001986,14351.0,0.0
0.8465837843263844,0.261443106,0.024903486,0.087643448,14351.0,0.0
0.833840709432789,0.137157799,0.029102551,0.087011693,14351.0,0.0
0.827955191232404,0.00347815,0.03345521,0.089124346,14351.0,0.0
0.8101296347834117,0.0,0.03763876,0.094644688,14351.0,0.0
0.7754142455022496,0.0,0.043156045,0.09136182,14351.0,0.0
0.728655240993915,0.0,0.056631672,0.101906654,14351.0,0.0
0.7126569590699527,0.0,0.0729990335,0.09147902899999999,14351.0,0.0
0.7066968526615094,0.0,0.09907126599999999,0.093702648,14351.0,0.0
0.7243481368275777,0.0,0.107618497,0.109942673,14351.0,0.0
0.7857490326503288,0.015741583,0.106536203,0.136830418,14351.0,0.0
0.8480442116163983,0.126927947,0.092422657,0.165142022,14351.0,0.0
0.8522606010115205,0.23046114,0.065956581,0.194931618,14351.0,0.0
0.8519774325109756,0.347789931,0.045525097,0.219413945,14351.0,0.0
0.849592741878118,0.459011668,0.037115537,0.214788663,14351.0,0.0
0.84636608871192,0.565673542,0.035300955,0.216127418,14351.0,0.0
0.8471930613422877,0.661630891,0.039077054,0.198102737,14351.0,0.0
0.845167650967747,0.713712851,0.048791657,0.243447203,14351.0,0.0
0.8433368220181584,0.706346504,0.056777759,0.303627083,14351.0,0.0
0.8405236069535459,0.646139435,0.060731223,0.333360935,14351.0,0.0
0.8392002188473882,0.584623467,0.066964839,0.372047675,14351.0,0.0
0.8391389041381941,0.487336331,0.075310058,0.402644855,14351.0,0.0
0.8380516835552388,0.374477233,0.087014416,0.419487015,14351.0,0.0
0.8402016570086543,0.246265881,0.101636996,0.428030102,14351.0,0.0
0.8319712934675694,0.133997418,0.108236834,0.436870562,14351.0,0.0
0.82635347015445,0.004657518,0.114269691,0.434353054,14351.0,0.0
0.8048070207759004,0.0,0.120202983,0.430537501,14351.0,0.0
0.7681486183568983,0.0,0.11928962,0.422095048,14351.0,0.0
0.7198156968641237,0.0,0.118761365,0.385455712,14351.0,0.0
0.7030671582134742,0.0,0.138266305,0.39931507,14351.0,0.0
0.695784993410242,0.0,0.173758861,0.4204739625,14351.0,0.0
0.702444510877929,0.0,0.19635204150000002,0.471454837,14351.0,0.0
0.7714631332300187,0.023998503,0.1848927,0.489034967,14351.0,0.0
0.8425866377102642,0.115157995,0.175314976,0.469519729,14351.0,0.0
0.8471929645215102,0.209737794,0.167477058,0.479047958,14351.0,0.0
0.8495416787575056,0.320076798,0.145656542,0.490552481,14351.0,0.0
0.8445179489157622,0.437914475,0.141508437,0.492121579,14351.0,0.0
0.8388337821167257,0.528050714,0.157482375,0.503392243,14351.0,0.0
0.8325494292217787,0.59197379,0.162511847,0.46960172,14351.0,0.0
0.8263119812705574,0.648645975,0.194019807,0.507439446,14351.0,0.0
0.8230578620964057,0.65354592,0.222889257,0.541517118,14351.0,0.0
0.8193244454386389,0.609132539,0.241086588,0.567583879,14351.0,0.0
0.8182463153820964,0.48984456,0.25356002,0.577240746,14351.0,0.0
0.8174534819153013,0.423718234,0.283583944,0.575541984,14351.0,0.0
0.8175704048115238,0.336967271,0.322574103,0.588039661,14351.0,0.0
0.8197370129403877,0.210294253,0.366304229,0.610990792,14351.0,0.0
0.8154177231314015,0.09830933,0.402502273,0.617647432,14351.0,0.0
0.8202302372663248,0.003699429,0.422770956,0.626588407,14351.0,0.0
0.7969098250081615,0.0,0.427607784,0.632591169,14351.0,0.0
0.7552402168692057,0.0,0.424299859,0.629601836,14351.0,0.0
0.712923033980307,0.0,0.4168156,0.617961368,14351.0,0.0
0.6926667529481483,0.0,0.4006094275,0.6090641834999999,14351.0,0.0
0.6923758472473833,0.0,0.371596864,0.602841159,14351.0,0.0
0.7150199138318459,0.0,0.346453046,0.606942021,14351.0,0.0
0.7773009731011993,0.013500586,0.313471045,0.593114462,14351.0,0.0
0.8425020159571638,0.077135407,0.260388014,0.566335804,14351.0,0.0
0.8449906704581163,0.155612166,0.195968771,0.521278081,14351.0,0.0
0.8443412584748834,0.208891946,0.122209604,0.444428121,14351.0,0.0
0.8342022138139255,0.289277685,0.104318577,0.356749819,14351.0,0.0
0.8252000993335521,0.363585965,0.098122115,0.27040059,14351.0,0.0
0.8198292748761405,0.437574544,0.065406382,0.193201731,14351.0,0.0
0.8164121984618773,0.455584506,0.054796542,0.13631042,14351.0,0.0
0.815387307631958,0.3758595105,0.053896161,0.09573224050000001,14351.0,0.0
0.8139606810263758,0.314314419,0.056535375,0.091469282,14351.0,0.0
0.8125195962449364,0.247271341,0.072982302,0.104943307,14351.0,0.0
0.8130492802844625,0.195148291,0.099002189,0.138837368,14351.0,0.0
0.8163057200086308,0.129456629,0.132157917,0.179667136,14351.0,0.0
0.8151119241516515,0.059327996,0.171685631,0.225745417,14351.0,0.0
0.8205045084884317,0.003159514,0.209360341,0.278991589,14351.0,0.0
0.7980811840274907,0.0,0.230230518,0.33509212,14351.0,0.0
0.7563537427915262,0.0,0.244272538,0.395593127,14351.0,0.0
0.7140075471237163,0.0,0.276684767,0.48449258,14351.0,0.0
0.6919568726503635,0.0,0.2765995885,0.5246402285,14351.0,0.0
0.6866185673796136,0.0,0.283616387,0.5655689105,14351.0,0.0
0.7075558847766359,0.0,0.300882525,0.591526334,14351.0,0.0
0.7660172128458376,0.008067409,0.306191265,0.615266441,14351.0,0.0
0.8382547757626798,0.062540729,0.293043294,0.612792129,14351.0,0.0
0.8402276722792675,0.139603077,0.259975297,0.59849638,14351.0,0.0
0.8346041432311433,0.225601471,0.195668219,0.552895368,14351.0,0.0
0.8229938399476657,0.341287412,0.16581206,0.517320907,14351.0,0.0
0.8148571882925135,0.425950542,0.171056798,0.489477277,14351.0,0.0
0.8093560950212224,0.49041129,0.153972723,0.443166798,14351.0,0.0
0.80782937265568,0.516139229,0.156919569,0.450457163,14351.0,0.0
0.8065868830320738,0.506875607,0.155258507,0.474160813,14351.0,0.0
0.8061025563781552,0.438982187,0.161519862,0.494622551,14351.0,0.0
0.804697931310305,0.37849833,0.165912549,0.528351898,14351.0,0.0
0.8047844387070838,0.30630235,0.176955557,0.555105734,14351.0,0.0
0.8052501490082589,0.211545728,0.205358482,0.582608758,14351.0,0.0
0.810283743155474,0.118344895,0.243401948,0.615982295,14351.0,0.0
0.805040673713951,0.051196288,0.27729927,0.638660465,14351.0,0.0
0.8111671945727067,0.004204231,0.310767244,0.679926181,14351.0,0.0
0.7891827913632684,0.0,0.322545135,0.726604392,14351.0,0.0
0.7486634593225547,0.0,0.33227284,0.779589585,14351.0,0.0
0.6946610224545751,0.0,0.347190181,0.790674085,14351.0,0.0
0.676803454931213,0.0,0.332201382,0.784907068,14351.0,0.0
0.6642337821142854,0.0,0.3279058885,0.7875386385,14351.0,0.0
0.6640835422439382,0.0,0.333830848,0.772039836,14351.0,0.0
0.6738401446370487,0.010788492,0.359179991,0.7560689125,14351.0,0.0
0.6951370323611401,0.075742667,0.366144135,0.735753882,14351.0,0.0
0.7237726116921369,0.153616977,0.34266181,0.719426399,14351.0,0.0
0.7498051282111106,0.271035536,0.306876334,0.690378311,14351.0,0.0
0.7586412391391052,0.363609234,0.340720956,0.656159684,14351.0,0.0
0.7543524132399512,0.392617869,0.401968927,0.627323728,14351.0,0.0
0.7491780082279421,0.475197016,0.373994029,0.52785656,14351.0,0.0
0.7482921146443506,0.492833903,0.4134448885,0.542772537,14351.0,0.0
0.7464605363176876,0.44632617,0.445065741,0.556025481,14351.0,0.0
0.7473355741667891,0.397045753,0.419328344,0.558578033,14351.0,0.0
0.7513935033714075,0.32797694,0.398641291,0.561357853,14351.0,0.0
0.7550311284644277,0.242209237,0.377057075,0.556387273,14351.0,0.0
0.7681711036049373,0.148475627,0.370426222,0.545297724,14351.0,0.0
0.771004482973992,0.077270964,0.374556947,0.549758778,14351.0,0.0
0.7691177069646538,0.005992089,0.375780908,0.555497698,14351.0,0.0
0.7455210654219122,0.0,0.3733793345,0.569843687,14351.0,0.0
0.7023424570554974,0.0,0.38305285349999996,0.574505663,14351.0,0.0
0.6883841891098892,0.0,0.34604142800000004,0.5369395610000001,14351.0,0.0
0.6948022200121082,0.0,0.29946360549999995,0.483107091,14351.0,0.0
0.702762567919121,0.01671428,0.259777948,0.432906078,14351.0,0.0
0.7095204161354812,0.085726639,0.216421115,0.388076082,14351.0,0.0
0.7312350931892289,0.180041768,0.151898533,0.316824611,14351.0,0.0
0.755500851711323,0.284816683,0.108417072,0.256259776,14351.0,0.0
0.7710247437056313,0.422997095,0.08740758,0.199561239,14351.0,0.0
0.7739883442653378,0.54809084,0.067970637,0.148468393,14351.0,0.0
0.7620848141407082,0.59187643,0.034909445,0.091543488,14351.0,0.0
0.7566814950954097,0.5931644574999999,0.0378408955,0.0757143435,14351.0,0.0
0.7558324243033229,0.586228237,0.034436338,0.079350577,14351.0,0.0
0.7561496831634713,0.485048803,0.033889318,0.093751242,14351.0,0.0
0.7664778939767091,0.406065732,0.036800648,0.109956982,14351.0,0.0
0.7768378257955648,0.300545556,0.051647759,0.128880106,14351.0,0.0
0.7830701485428657,0.173801352,0.083601348,0.165432728,14351.0,0.0
0.7787638177620072,0.077809661,0.130807043,0.223393131,14351.0,0.0
0.7827085473409517,0.009787633,0.167519351,0.288880918,14351.0,0.0
0.7635619721397873,0.0,0.192645854,0.351430164,14351.0,0.0
0.7426560374660325,0.0,0.217896299,0.40279339,14351.0,0.0
0.7287228899860065,0.0,0.244309772,0.454764465,14351.0,0.0
0.7067716583227366,0.0,0.278996907,0.5061686265,14351.0,0.0
0.6979503926569188,0.0,0.3109627695,0.5814754879999999,14351.0,0.0
0.7172493838344416,0.0,0.341290069,0.626365254,14351.0,0.0
0.7745085504953413,0.022414155,0.348018574,0.649002418,14351.0,0.0
0.8428320894014343,0.065895407,0.35189325,0.665282268,14351.0,0.0
0.8490538704914016,0.120184959,0.340059853,0.692846512,14351.0,0.0
0.8495572491915625,0.17447318,0.351807221,0.707453377,14351.0,0.0
0.8482776709128942,0.239241518,0.371499993,0.708715601,14351.0,0.0
0.8453071075223973,0.293317896,0.395756732,0.732474802,14351.0,0.0
0.8435895270024515,0.296263639,0.381408924,0.738154381,14351.0,0.0
0.8430398238896494,0.296629155,0.42288702,0.761731354,14351.0,0.0
0.8411603495838228,0.300011562,0.448074849,0.786988364,14351.0,0.0
0.8399777719488783,0.259423224,0.47218476,0.802497472,14351.0,0.0
0.8406104528294656,0.21844913,0.466977331,0.799007623,14351.0,0.0
0.8447129176238242,0.150292154,0.489169895,0.790017903,14351.0,0.0
0.8463351414853612,0.103190701,0.49068993,0.77618924,14351.0,0.0
0.8464817549059371,0.067192758,0.465548816,0.769916936,14351.0,0.0
0.8339279425918187,0.032788782,0.432574414,0.774857149,14351.0,0.0
0.8269812186855113,0.004068133,0.408641916,0.772677388,14351.0,0.0
0.7865351447479065,0.0,0.3861043595,0.763052093,14351.0,0.0
0.7198156968641237,0.0,0.386137671,0.76418257,14351.0,0.0
0.7006736667293754,0.0,0.371662414,0.787854423,14351.0,0.0
0.6932361205182893,0.0,0.35007630633333336,0.8265622003333334,14351.0,0.0
0.7123714932406348,0.0,0.321923614,0.835675516,14351.0,0.0
0.7708219415669424,0.009407615,0.30028808,0.854022336,14351.0,0.0
0.8428320894014343,0.047712517,0.288671826,0.857163652,14351.0,0.0
0.8496082158849777,0.091258426,0.2808534,0.850391561,14351.0,0.0
0.8512898200080611,0.150325555,0.276272962,0.865190123,14351.0,0.0
0.8490028073707894,0.215186553,0.26659075,0.860177087,14351.0,0.0
0.8475493433051461,0.261783353,0.268526188,0.845915123,14351.0,0.0
0.8467813644403756,0.29888249,0.230094604,0.788400621,14351.0,0.0
0.8444834232562405,0.306503095,0.239808844,0.793394202,14351.0,0.0
0.8427144891533498,0.326744078,0.2481883725,0.7945261880000001,14351.0,0.0
0.843040790916683,0.288663512,0.251290579,0.798466395,14351.0,0.0
0.8475486663468644,0.258999687,0.24136707,0.798943148,14351.0,0.0
0.8487587095961823,0.178651616,0.227807523,0.792503845,14351.0,0.0
0.8484436264484645,0.134721894,0.226717137,0.78880085,14351.0,0.0
0.8339060858916725,0.064662641,0.24935059,0.793811113,14351.0,0.0
0.8274986206551914,0.010735628,0.277084932,0.795934366,14351.0,0.0
0.8071125537322992,0.0,0.293493176,0.795554088,14351.0,0.0
0.7696751470808858,0.0,0.302838493,0.787504369,14351.0,0.0
0.721854259908347,0.0,0.333027701,0.759241446,14351.0,0.0
0.7043321814955081,0.0,0.326825905,0.740439476,14351.0,0.0
0.6965656898415671,0.0,0.31918013,0.727539091,14351.0,0.0
0.6955688935674944,0.0,0.311677515,0.706016305,14351.0,0.0
0.6976308604764017,0.0,0.304119642,0.681818896,14351.0,0.0
0.7172493838344416,0.0,0.288140582,0.665826615,14351.0,0.0
0.7782222385421645,0.015204275,0.270447499,0.641903012,14351.0,0.0
0.8467827183569387,0.065503634,0.259071031,0.61341825,14351.0,0.0
0.8509897267633157,0.134452636,0.237432086,0.568011503,14351.0,0.0
0.8523110839946287,0.221125135,0.236871425,0.495589268,14351.0,0.0
0.8502935070507152,0.320508641,0.242332546,0.432206729,14351.0,0.0
0.8482915973616358,0.415932838,0.23115811,0.378845282,14351.0,0.0
0.8467156010919624,0.432639568,0.228987286,0.294260599,14351.0,0.0
0.8471514756376176,0.451395803,0.219609365,0.32362172,14351.0,0.0
0.847153313264488,0.443000269,0.214443638,0.35680431,14351.0,0.0
0.8452906668820842,0.465412694,0.211638718,0.381675611,14351.0,0.0
0.8438759838672072,0.428362741,0.214612215,0.400554206,14351.0,0.0
0.8447939609439616,0.363924238,0.219294181,0.416005364,14351.0,0.0
0.8453902785381571,0.316802568,0.215385192,0.434279163,14351.0,0.0
0.846442780213616,0.222157322,0.22225471,0.471333241,14351.0,0.0
0.8336697251204954,0.117616942,0.241425263,0.525369878,14351.0,0.0
0.8276730865796703,0.020852449,0.263452836,0.56099431,14351.0,0.0
0.7904772873229065,0.0,0.2763000805,0.5670482705,14351.0,0.0
0.718429857782168,0.0,0.2709312525,0.5394442765,14351.0,0.0
0.7049896685677312,0.0,0.263545543,0.5619337849999999,14351.0,0.0
0.7248405869808753,0.001647883,0.258098541,0.558648348,14351.0,0.0
0.7899085079586677,0.032753891,0.235941958,0.5364285,14351.0,0.0
0.848556874484527,0.104900353,0.215589729,0.51606816,14351.0,0.0
0.8518599290836687,0.207144183,0.171718859,0.479679846,14351.0,0.0
0.8519774325109756,0.291149807,0.168770641,0.430113963,14351.0,0.0
0.8495672103178117,0.400730369,0.169313611,0.380696897,14351.0,0.0
0.8475094019793716,0.4724042,0.162995291,0.352162894,14351.0,0.0
0.8471930613422877,0.504435068,0.137461239,0.330452247,14351.0,0.0
0.8456525577591698,0.521520281,0.122395938,0.315311423,14351.0,0.0
0.8447804213847496,0.580466443,0.115851515,0.337162352,14351.0,0.0
0.8438113811873827,0.562647632,0.120652367,0.38366837,14351.0,0.0
0.8434451380982751,0.523674499,0.126643272,0.406910897,14351.0,0.0
0.8479374430943998,0.423235376,0.130698855,0.436144629,14351.0,0.0
0.8476716822612016,0.346704479,0.124523411,0.451679801,14351.0,0.0
0.8481803802004182,0.242021949,0.114736887,0.485437344,14351.0,0.0
0.8345513393044384,0.130304733,0.120815353,0.519812156,14351.0,0.0
0.8278136069821316,0.030536113,0.128193557,0.51621074,14351.0,0.0
0.8086083284777024,0.0,0.133351474,0.509646416,14351.0,0.0
0.7737143631119832,0.0,0.13709789,0.517474571,14351.0,0.0
0.726773638992466,0.0,0.146671076,0.553932131,14351.0,0.0
0.7113526954288301,0.0,0.133473335,0.528789383,14351.0,0.0
0.7035986796830804,0.0,0.1204924625,0.517974322,14351.0,0.0
0.7035143962123306,0.0,0.110277571,0.517575758,14351.0,0.0
0.7237401653178487,0.002910348,0.106483354,0.513741948,14351.0,0.0
0.7857490326503288,0.0508623,0.102588795,0.502440318,14351.0,0.0
0.8477383158158707,0.122061658,0.102942647,0.49115332,14351.0,0.0
0.8505955343495277,0.216493009,0.097235254,0.490056379,14351.0,0.0
0.8518455193182004,0.377394398,0.081887345,0.466813186,14351.0,0.0
0.8489989388690743,0.494001413,0.076901803,0.441858919,14351.0,0.0
0.8475094019793716,0.601990835,0.072008441,0.422277067,14351.0,0.0
0.8467813644403756,0.701098206,0.05828861,0.375375398,14351.0,0.0
0.8439400064095276,0.729796747,0.065352498,0.400002465,14351.0,0.0
0.8431986225592939,0.708480527,0.070727655,0.431189784,14351.0,0.0
0.8420210740946531,0.640577685,0.078275755,0.45600799,14351.0,0.0
0.8422288085828682,0.571858785,0.077801625,0.473640585,14351.0,0.0
0.8429173881128164,0.489478266,0.081441195,0.473948684,14351.0,0.0
0.8445726872901149,0.381701794,0.078271574,0.465323368,14351.0,0.0
0.8457011066882106,0.252414549,0.070790075,0.450023254,14351.0,0.0
0.8342430257395363,0.143786765,0.066751758,0.409576919,14351.0,0.0
0.8281957105740481,0.042022925,0.070175344,0.365208257,14351.0,0.0
0.8105222316222733,0.0,0.07387357,0.34441285,14351.0,0.0
0.7761321766838303,0.0,0.078528621,0.326849446,14351.0,0.0
0.720607708141471,0.0,0.080006409,0.287249015,14351.0,0.0
0.698252323134954,0.0,0.072810542,0.243801092,14351.0,0.0
0.6891092043450222,0.0,0.06268123,0.180749962,14351.0,0.0
0.6923463021509861,0.00380397,0.06187027,0.142398309,14351.0,0.0
0.6966207182846718,0.063484333,0.058261174,0.122074925,14351.0,0.0
0.7040771555676182,0.140083485,0.04528057,0.108301825,14351.0,0.0
0.731325614318889,0.254329755,0.025094449,0.091116458,14351.0,0.0
0.7538280000290919,0.390219408,0.019238584,0.078023205,14351.0,0.0
0.7706597581058898,0.487707826,0.021112406,0.074398987,14351.0,0.0
0.7734844818548697,0.599220443,0.027011698,0.085771908,14351.0,0.0
0.7684851229048439,0.68126841,0.034530526,0.104930316,14351.0,0.0
0.765106827541347,0.691350571,0.040081383,0.143512712,14351.0,0.0
0.7613006359004075,0.692223058,0.044591676,0.196619112,14351.0,0.0
0.7581057525437968,0.632815458,0.048614368,0.239879648,14351.0,0.0
0.7667360630376435,0.57201077,0.050409838,0.276949675,14351.0,0.0
0.7746382395652973,0.442360265,0.045799164,0.291062041,14351.0,0.0
0.7826471362045608,0.34436338,0.040042514,0.289815617,14351.0,0.0
0.7834130841944865,0.235764279,0.038314683,0.252097284,14351.0,0.0
0.779010720190518,0.130136679,0.044152723,0.216027008,14351.0,0.0
0.7777794971993357,0.045707509,0.051751184,0.200625711,14351.0,0.0
0.7526496051698088,0.0,0.058474064,0.19033474,14351.0,0.0
0.713204558889117,0.0,0.060384048,0.171972629,14351.0,0.0
0.6888839169582943,0.0,0.061020617,0.14595665400000002,14351.0,0.0
0.6788318634700188,0.0013190496666666666,0.066450352,0.10552778466666667,14351.0,0.0
0.6862428950881624,0.051018651,0.070218457,0.100766235,14351.0,0.0
0.7005220729424649,0.103033191,0.059376096,0.106098175,14351.0,0.0
0.7303355880212126,0.199629957,0.04107728,0.092519801,14351.0,0.0
0.7538596726243211,0.310958011,0.036310159,0.08197504,14351.0,0.0
0.772258384461188,0.421083411,0.033007646,0.079854872,14351.0,0.0
0.7736897985787106,0.529093228,0.031309878,0.071049144,14351.0,0.0
0.773570360703756,0.588215727,0.030595414,0.066930047,14351.0,0.0
0.7708006653978806,0.605147675,0.029504859,0.067558024,14351.0,0.0
0.7684131701111191,0.57636266,0.028714549,0.075846481,14351.0,0.0
0.7647727891681644,0.528736581,0.028166448,0.087877184,14351.0,0.0
0.765662285193123,0.47702874,0.02931027,0.0857218,14351.0,0.0
0.7724348332437034,0.437985518,0.030264648,0.080205455,14351.0,0.0
0.7755816517751607,0.339548673,0.035600384,0.082397014,14351.0,0.0
0.7792706296639648,0.245002155,0.045775371,0.096720096,14351.0,0.0
0.7770302315080861,0.146540052,0.063220949,0.100721955,14351.0,0.0
0.7731882087014507,0.0588518,0.080383149,0.108068749,14351.0,0.0
0.7607929537921937,0.0,0.087191014,0.119151079,14351.0,0.0
0.7399170957451612,0.0,0.089117206,0.129854813,14351.0,0.0
0.7146689751164474,0.0,0.107373231,0.2370471395,14351.0,0.0
0.7008141631234326,0.0,0.11001100450000001,0.30248184300000003,14351.0,0.0
0.7032617396384262,0.0,0.120305814,0.351012346,14351.0,0.0
0.7233928290438172,0.003706212,0.116601169,0.37595049,14351.0,0.0
0.7822357289778201,0.043941187,0.119295587,0.409310754,14351.0,0.0
0.846466957857359,0.116926361,0.10627996,0.418927973,14351.0,0.0
0.8505730006911,0.21674564,0.082908358,0.431153926,14351.0,0.0
0.8497844226155493,0.392552969,0.091206549,0.459114912,14351.0,0.0
0.8482776709128942,0.500053524,0.108348313,0.491863177,14351.0,0.0
0.8457490750861671,0.561382877,0.129689666,0.520012508,14351.0,0.0
0.841902506819535,0.582267042,0.13867169,0.545007078,14351.0,0.0
0.8408634478825108,0.553910585,0.158004152,0.555507595,14351.0,0.0
0.8402820237640907,0.550162216,0.175029562,0.573006696,14351.0,0.0
0.8416808462761587,0.538277369,0.189171118,0.589595423,14351.0,0.0
0.8426701956155535,0.493792992,0.200397058,0.583728317,14351.0,0.0
0.8472625963716384,0.416220286,0.209934051,0.58842495,14351.0,0.0
0.8492497094057196,0.300708711,0.224495496,0.595770265,14351.0,0.0
0.8481861827562003,0.217974749,0.249288748,0.599499469,14351.0,0.0
0.8340918668589639,0.132760755,0.270372049,0.615422881,14351.0,0.0
0.827572700750958,0.075153635,0.269878814,0.612238285,14351.0,0.0
0.8068010970343527,0.0,0.254540488,0.579796111,14351.0,0.0
0.7677734295789638,0.0,0.241458978,0.559564579,14351.0,0.0
0.6828174531225764,0.0,0.23791766,0.554557347,14351.0,0.0
0.6504765997064679,0.0,0.244095899,0.5784685045,10158.0,0.0
0.6408098412879455,0.0,0.27219201699999995,0.6056142019999999,5965.0,0.0
0.6490213948347319,0.007768534,0.280180484,0.641604226,5965.0,0.0
0.6814182921313676,0.072190089,0.281969783,0.667179005,5965.0,0.0
0.753080619981521,0.118722721,0.278706361,0.653675368,5965.0,0.0
0.8093527102298144,0.212878382,0.28573082,0.643892871,5965.0,0.0
0.8305167655541151,0.25080096,0.298874491,0.64443193,5965.0,0.0
0.8327874343718513,0.354906992,0.313082773,0.634409079,5965.0,0.0
0.8324789271653945,0.406861847,0.32543488,0.643591314,5965.0,0.0
0.8323743831597956,0.401698045,0.365254651,0.661372801,5965.0,0.0
0.8321736118959514,0.390745686,0.36900572,0.690442878,5965.0,0.0
0.8321641340864288,0.427941543,0.391253904,0.710995484,5965.0,0.0
0.8316308720075201,0.365150732,0.402568284,0.705589424,5965.0,0.0
0.8306613480998464,0.365582145,0.40521567,0.695541099,5965.0,0.0
0.8297192898065461,0.269357739,0.390934029,0.680847741,5965.0,0.0
0.8289958941547436,0.199062466,0.370740284,0.678788287,5965.0,0.0
0.8281177619765665,0.129154371,0.357977739,0.687731452,5965.0,0.0
0.8171430406547773,0.065785142,0.360308467,0.688122983,5965.0,0.0
0.8072395829859371,0.028030577,0.347318374,0.689272869,5965.0,0.0
0.7844571719082339,0.0,0.330561206,0.707529601,5965.0,0.0
0.7550512439649008,0.0,0.309626912,0.733608576,5965.0,0.0
0.6725409827818127,0.0,0.29179552,0.7421285870000001,5965.0,0.0
0.6454906834948766,0.0,0.26662474,0.728841089,5965.0,0.0
0.6481035143819647,0.001407749,0.2409533325,0.7001338445,5965.0,0.0
0.6868566207432848,0.020257715,0.225125825,0.657974954,5965.0,0.0
0.7545723329772348,0.059414189,0.217601119,0.610135978,5965.0,0.0
0.8096492250415969,0.110474882,0.214547459,0.571116448,5965.0,0.0
0.8293970497929024,0.182459956,0.205610279,0.545086835,5965.0,0.0
0.8328264086705922,0.252056484,0.198510664,0.527739257,5965.0,0.0
0.8326260242962774,0.31565802,0.200877581,0.51993412,5965.0,0.0
0.8328485554394903,0.389149284,0.197382229,0.452837545,5965.0,0.0
0.832011524862096,0.404424664,0.216787941,0.459506591,5965.0,0.0
0.8324430475893096,0.415527982,0.216063806,0.466827389,5965.0,0.0
0.8310858107819116,0.375042109,0.208377958,0.472322228,5965.0,0.0
0.8295947263340907,0.3355948,0.194488703,0.462069825,5965.0,0.0
0.8275349835480028,0.268214615,0.179141663,0.449679161,5965.0,0.0
0.826719132712473,0.219129035,0.169333577,0.414180549,5965.0,0.0
0.825780459604161,0.154605212,0.157704474,0.371880337,5965.0,0.0
0.8173573514778335,0.095460482,0.171264067,0.363040093,5965.0,0.0
0.8067477129701436,0.044364362,0.191506298,0.376889893,5965.0,0.0
0.7828840771132419,0.001087914,0.207968008,0.381163629,5965.0,0.0
0.7574757310859471,0.0,0.213035573,0.384597903,5965.0,0.0
0.6923999766775276,0.0,0.208717148,0.397001766,5965.0,0.0
0.6662142463947327,0.0,0.213923476,0.3680532355,5965.0,0.0
0.6577937250755596,0.0,0.232136271,0.361564149,5965.0,0.0
0.6664831743693796,0.003788348,0.260139875,0.378994348,5965.0,0.0
0.6974973517086999,0.037965143,0.284300824,0.400442003,5965.0,0.0
0.7586438985618428,0.08617434,0.29046698,0.4222889,5965.0,0.0
0.8100788133211628,0.154758437,0.268800452,0.438538927,5965.0,0.0
0.8293502420635346,0.238766354,0.27882044,0.451565468,5965.0,0.0
0.8332902325409278,0.31733558,0.320661207,0.506078163,5965.0,0.0
0.8323038811034114,0.367920911,0.391935846,0.54064367,5965.0,0.0
0.8323109411485597,0.376577639,0.441868604,0.572668825,5965.0,0.0
0.8327128701721973,0.360650052,0.453364644,0.57985967,5965.0,0.0
0.8326515558565837,0.314503782,0.42360355,0.585817929,5965.0,0.0
0.8311154040919072,0.282632273,0.399490645,0.596522783,5965.0,0.0
0.8295848620286189,0.273975838,0.367076224,0.605559063,5965.0,0.0
0.828337101576346,0.225938247,0.345237316,0.608944993,5965.0,0.0
0.8280220184286282,0.174475733,0.32717548,0.611091587,5965.0,0.0
0.8277785011851057,0.10944906,0.308320157,0.612537823,5965.0,0.0
0.8180182717518534,0.056426362,0.294079079,0.612905827,5965.0,0.0
0.8079708120683665,0.013044312,0.269550855,0.61536499,5965.0,0.0
0.7844571719082339,0.0,0.243263323,0.624109619,5965.0,0.0
0.756591554300044,0.0,0.231333148,0.651036712,5965.0,0.0
0.6909085053401773,0.0,0.24918007,0.676804752,5965.0,0.0
0.6720799631718007,0.0,0.245124779,0.686000182,5965.0,0.0
0.66300376800529,0.0,0.23807967200000002,0.6837605449999999,5965.0,0.0
0.6726204545354281,0.001677287,0.2363602625,0.6505978539999999,5965.0,0.0
0.7120885179880644,0.029448092,0.226513082,0.598217566,5965.0,0.0
0.7661970948301496,0.089318305,0.21864323,0.581127028,5965.0,0.0
0.812458958494024,0.179989774,0.195026043,0.551502859,5965.0,0.0
0.8302703468359114,0.251305023,0.169874717,0.511539376,5965.0,0.0
0.8341969913956473,0.344427627,0.151932489,0.480572808,5965.0,0.0
0.8320124918891296,0.463813284,0.143741541,0.459201459,5965.0,0.0
0.8324591017336734,0.52591051,0.111019078,0.38108279,5965.0,0.0
0.831843393614095,0.516509675,0.096433801,0.35260314049999997,5965.0,0.0
0.8297387287423178,0.499076274,0.08099396,0.323785112,5965.0,0.0
0.8255504819198507,0.46473711,0.07772717,0.319223156,5965.0,0.0
0.8221311809891877,0.412567568,0.080655069,0.312959882,5965.0,0.0
0.8233704310525521,0.330198393,0.076719123,0.314736256,5965.0,0.0
0.8241593960176322,0.235288048,0.072905097,0.306350248,5965.0,0.0
0.8175562851148075,0.138583348,0.09965083,0.311521298,5965.0,0.0
0.8059978187310014,0.064992181,0.137382685,0.31496831,5965.0,0.0
0.7807900987363845,0.002305564,0.169659143,0.321739493,5965.0,0.0
0.7560186889809213,0.0,0.181954742,0.334510662,5965.0,0.0
0.6698111319809346,0.0,0.19259551,0.347689894,5965.0,0.0
0.6516367401101815,0.0,0.188621007,0.351962328,5965.0,0.0
0.6371812589013199,0.0,0.17405618350000002,0.3426555535,5965.0,0.0
0.6363586866965728,0.0050128075,0.161988772,0.30594308449999996,5965.0,0.0
0.6360809338622806,0.04549608,0.146234064,0.268442595,5965.0,0.0
0.6407891936667767,0.097659553,0.117495184,0.238001705,5965.0,0.0
0.6644937403917014,0.191188352,0.078124931,0.205468263,5965.0,0.0
0.6926561628804259,0.277190486,0.077060118,0.196110257,5965.0,0.0
0.7231761004563866,0.377615471,0.08432785,0.214597754,5965.0,0.0
0.7201120180343512,0.420646877,0.095775234,0.267832179,5965.0,0.0
0.7172822651150677,0.492646494,0.109028532,0.311260749,5965.0,0.0
0.7136865645994388,0.532927135,0.134358133,0.348283566,5965.0,0.0
0.7127902505812757,0.496247077,0.148208842,0.381407058,5965.0,0.0
0.7110416256204131,0.422314911,0.154301122,0.408928702,5965.0,0.0
0.710523933581981,0.389652582,0.150998827,0.430769212,5965.0,0.0
0.7108550708740626,0.321618813,0.145501884,0.434101038,5965.0,0.0
0.7119753667727795,0.25683555,0.154168564,0.433227464,5965.0,0.0
0.7130465336049511,0.177365097,0.178661329,0.436046767,5965.0,0.0
0.7140767916907343,0.106330154,0.224641446,0.434283999,5965.0,0.0
0.7177804217905309,0.043369584,0.280063362,0.433417498,5965.0,0.0
0.7120565069136944,0.00094206,0.328857393,0.434982209,5965.0,0.0
0.646634987797766,0.0,0.35051761400000003,0.43879092249999996,5965.0,0.0
0.618969440093154,0.0,0.341438969,0.41988345,5965.0,0.0
0.6160456362184263,0.0,0.3453365405,0.4446709425,5965.0,0.0
0.6227266475051342,0.009649707,0.359430882,0.477680357,5965.0,0.0
0.6216956156402919,0.064986275,0.347289286,0.532079023,5965.0,0.0
0.6339629710896547,0.12079983,0.336325296,0.555000064,5965.0,0.0
0.6593682708046824,0.175919879,0.313937837,0.542032936,5965.0,0.0
0.6831844215803543,0.24751706,0.305614345,0.517745489,5965.0,0.0
0.7084493941408952,0.334791248,0.345050224,0.493089128,5965.0,0.0
0.7110905614389835,0.443330676,0.372377446,0.469539815,5965.0,0.0
0.7114333038426297,0.55955359,0.36955347,0.399107911,5965.0,0.0
0.7109512497219191,0.710648592,0.390803415,0.391686763,5965.0,0.0
0.7110878532122767,0.757056832,0.406833918,0.410473036,5965.0,0.0
0.7109783768571518,0.752591138,0.403939945,0.436691573,5965.0,0.0
0.7102228252933935,0.671753183,0.373780441,0.448101812,5965.0,0.0
0.7109844214648778,0.578920419,0.32355131,0.44305604,5965.0,0.0
0.712423040071554,0.447114539,0.278524911,0.436712044,5965.0,0.0
0.7107791531514258,0.316296771,0.237388849,0.444595782,5965.0,0.0
0.7105454033925975,0.185301513,0.219006431,0.448218381,5965.0,0.0
0.7115020166825324,0.103777499,0.20742041,0.438773669,5965.0,0.0
0.7149173038803143,0.00498742,0.194984538,0.412936533,5965.0,0.0
0.7043404018156646,0.0,0.173388231,0.372309635,5965.0,0.0
0.6740325505463604,0.0,0.146477749,0.307656795,5965.0,0.0
0.6504712804674121,0.0,0.137892033,0.284069022,5965.0,0.0
0.6367820375140186,0.0,0.157420193,0.252902687,5965.0,0.0
0.635450501309707,0.0,0.2325130175,0.2240977905,5965.0,0.0
0.6446715446887163,0.008667977,0.308783397,0.251061457,5965.0,0.0
0.6755761972625229,0.037038719,0.346100849,0.298668597,5965.0,0.0
0.7492059575526228,0.081604046,0.368487153,0.337123617,5965.0,0.0
0.808842126253339,0.151340027,0.346228538,0.369790166,5965.0,0.0
0.8241949855249651,0.241086906,0.334739138,0.393143819,5965.0,0.0
0.8235657862565633,0.32551533,0.35865212,0.430457986,5965.0,0.0
0.8230184044809382,0.374869013,0.408815855,0.469151321,5965.0,0.0
0.823113761139347,0.421073104,0.432886744,0.45181643,5965.0,0.0
0.8227884264030476,0.491833645,0.472878494,0.473083439,5965.0,0.0
0.8221707358190131,0.511118304,0.487359642,0.458658346,5965.0,0.0
0.8222454928730613,0.518871455,0.491732264,0.438380179,5965.0,0.0
0.8189668095592175,0.515909579,0.470704294,0.438804551,5965.0,0.0
0.8168190602286213,0.485459502,0.43525378,0.472051561,5965.0,0.0
0.8158959571607859,0.401266899,0.398591394,0.477447046,5965.0,0.0
0.8156156897413419,0.284971925,0.342614755,0.472624096,5965.0,0.0
0.8098723363223139,0.171391178,0.308172274,0.468646486,5965.0,0.0
0.8035551985739379,0.097566421,0.289531271,0.456399219,5965.0,0.0
0.774424508879745,0.005844829,0.2859925,0.443908691,5965.0,0.0
0.73933828263909,0.0,0.273989541,0.428343779,5965.0,0.0
0.6735598774143949,0.0,0.257716516,0.423285611,5965.0,0.0
0.6424039465852318,0.0,0.226208992,0.387774001,5965.0,0.0
0.6343784882796832,0.0,0.1778609395,0.3162333225,5965.0,0.0
0.6421757337154183,0.015406142,0.151883407,0.253223747,5965.0,0.0
0.6751560379885104,0.059875889,0.134651493,0.212291017,5965.0,0.0
0.7484001162537308,0.138289889,0.115314567,0.171485237,5965.0,0.0
0.8086639370583113,0.308613905,0.092839184,0.133791717,5965.0,0.0
0.8238603670142783,0.515631277,0.101289914,0.098828003,5965.0,0.0
0.824263069816975,0.69436509,0.117548044,0.085783341,5965.0,0.0
0.8232965442047601,0.812986059,0.132772048,0.092030461,5965.0,0.0
0.8238748736005241,0.886838128,0.140930179,0.112984074,5965.0,0.0
0.8239775803728333,0.908632927,0.157367243,0.14504881,5965.0,0.0
0.8247205113876046,0.875051399,0.173834089,0.184819814,5965.0,0.0
0.8242628765690003,0.792750817,0.187562234,0.21301507,5965.0,0.0
0.8203880689089358,0.679996312,0.201690023,0.229521178,5965.0,0.0
0.8169382076412435,0.534067409,0.212134307,0.228259895,5965.0,0.0
0.8158959571607859,0.376086117,0.221779838,0.242761252,5965.0,0.0
0.8156156897413419,0.226259729,0.250399259,0.278151443,5965.0,0.0
0.8101816169142495,0.119352402,0.302280383,0.329935131,5965.0,0.0
0.802970679732862,0.065100397,0.350622707,0.395904382,5965.0,0.0
0.7749487772530184,0.006033494,0.369288623,0.453419198,5965.0,0.0
0.7389375138904607,0.0,0.369869038,0.507644778,5965.0,0.0
0.6733887478709353,0.0,0.39298317,0.573819927,5965.0,0.0
0.6489830006734951,0.0,0.384790122,0.622001716,5965.0,0.0
0.635070041899896,0.0,0.3801816765,0.6751060485,5965.0,0.0
0.6340830375125022,0.001202449,0.383558614,0.695122055,5965.0,0.0
0.6411572739891741,0.049908884,0.37789216,0.686741879,5965.0,0.0
0.6744550307639696,0.163059777,0.357653556,0.678695102,5965.0,0.0
0.7478687398185007,0.263264714,0.323767346,0.655789083,5965.0,0.0
0.8082735163254607,0.419641325,0.241961244,0.618959791,5965.0,0.0
0.8240988554810778,0.583352443,0.225929857,0.597663402,5965.0,0.0
0.824162104244339,0.727165813,0.25096735,0.610277322,5965.0,0.0
0.8235545680345282,0.844486787,0.301326389,0.637921968,5965.0,0.0
0.8230764308259214,0.924621151,0.340219007,0.673616685,5965.0,0.0
0.8235640454504705,0.962095338,0.393390554,0.706515782,5965.0,0.0
0.8242415035791611,0.956470901,0.430880701,0.733839249,5965.0,0.0
0.8232114387413525,0.907048636,0.447974919,0.747771935,5965.0,0.0
0.8197501656100704,0.81676474,0.451421704,0.760220697,5965.0,0.0
0.8168190602286213,0.691531293,0.42874293,0.779227942,5965.0,0.0
0.8158838683389144,0.544425603,0.411653158,0.800650432,5965.0,0.0
0.8152464487503559,0.386161434,0.442657395,0.822927604,5965.0,0.0
0.8093719555240314,0.234923094,0.463336097,0.84409985,5965.0,0.0
0.80287764401805,0.148920034,0.483663009,0.853200337,5965.0,0.0
0.774941427139118,0.012968711,0.491907598,0.850504501,5965.0,0.0
0.7389375138904607,0.0,0.481177278,0.839746806,5965.0,0.0
0.6734510780175516,0.0,0.479567772,0.860306281,5965.0,0.0
0.6489108546317958,0.0,0.448895289,0.834831313,5965.0,0.0
0.6362152648194302,0.0,0.415825275,0.808727789,5965.0,0.0
0.6338635042711677,0.000866953,0.36430518,0.7627289415,5965.0,0.0
0.6410811630185627,0.057481397,0.327078121,0.738633677,5965.0,0.0
0.6744221010729547,0.170100711,0.298844181,0.729564903,5965.0,0.0
0.747997848357372,0.267419232,0.25790311,0.716898758,5965.0,0.0
0.8086639370583113,0.423454198,0.188404073,0.682364632,5965.0,0.0
0.8239643308823731,0.580912805,0.191710488,0.661510838,5965.0,0.0
0.8236192675351302,0.721616161,0.220354166,0.64487991,5965.0,0.0
0.8230721754346769,0.835701062,0.27058941,0.647308941,5965.0,0.0
0.8230768177154509,0.913692584,0.356370341,0.662342071,5965.0,0.0
0.8235640454504705,0.945978831,0.415794051,0.668271505,5965.0,0.0
0.8247205113876046,0.931922263,0.465705021,0.67523795,5965.0,0.0
0.8242628765690003,0.873505805,0.500428107,0.68095206,5965.0,0.0
0.8202707587296034,0.77089617,0.517667648,0.682903145,5965.0,0.0
0.8174241782804773,0.631914346,0.504639516,0.680810787,5965.0,0.0
0.8160668450458823,0.503016198,0.471726554,0.666551975,5965.0,0.0
0.8153786520118832,0.354059719,0.478890709,0.654053741,5965.0,0.0
0.8101816169142495,0.221445247,0.496537534,0.632968452,5965.0,0.0
0.8030190830371563,0.146941705,0.504235127,0.621147138,5965.0,0.0
0.7750693754029814,0.016095401,0.501318031,0.599467356,5965.0,0.0
0.7410148579854502,0.0,0.474634273,0.580263419,5965.0,0.0
0.6715939921389864,0.0,0.491349756,0.586751681,5965.0,0.0
0.6483278829552575,0.0,0.435144924,0.584390549,5965.0,0.0
0.6356808416783525,0.0,0.386513299,0.572812064,5965.0,0.0
0.6334498245112191,0.0,0.348183554,0.559078762,5965.0,0.0
0.6339148090501433,0.002376348,0.308628245,0.542244203,5965.0,0.0
0.6414673283601687,0.059692255,0.271068796,0.511388281,5965.0,0.0
0.67449071709208,0.14340019,0.225694627,0.500994227,5965.0,0.0
0.7478687398185007,0.218176054,0.180971202,0.500107922,5965.0,0.0
0.8086688694078373,0.334144004,0.133125635,0.491260666,5965.0,0.0
0.8266664256065455,0.377513205,0.118843934,0.474241484,5965.0,0.0
0.8265083038951825,0.460916774,0.113367268,0.448620623,5965.0,0.0
0.8245017519253292,0.498361979,0.116773043,0.419483899,5965.0,0.0
0.8224601905856472,0.509711735,0.110615985,0.330536877,5965.0,0.0
0.8216791554783911,0.455310448,0.12609074,0.340591104,5965.0,0.0
0.8217696766080512,0.377043943,0.135381783,0.348673706,5965.0,0.0
0.8209638837195482,0.282964842,0.140606564,0.33328155,5965.0,0.0
0.818808591027077,0.201342742,0.134629934,0.327111898,5965.0,0.0
0.816901941175629,0.165228811,0.133271532,0.333208352,5965.0,0.0
0.8160941174122811,0.112659139,0.123068659,0.323881132,5965.0,0.0
0.8153482849228284,0.07499992,0.119864111,0.306816632,5965.0,0.0
0.8119904923429143,0.041802135,0.111704971,0.280745559,5965.0,0.0
0.804649866091571,0.015977529,0.105564551,0.269034565,5965.0,0.0
0.7758654488235984,0.001325261,0.102219123,0.26232272,5965.0,0.0
0.7408549954679945,0.0,0.099078942,0.25199068,5965.0,0.0
0.6592803606873712,0.0,0.097427367,0.273509788,5965.0,0.0
0.6325156000421261,0.0,0.098028505,0.26868498,5965.0,0.0
0.6158496038593435,0.0,0.104249204,0.22430346,5965.0,0.0
0.6100002068934068,0.0,0.1095285365,0.174129095,5965.0,0.0
0.6117818583660617,0.003574277,0.107574358,0.136733947,5965.0,0.0
0.618233569123531,0.021725323,0.098628208,0.122135472,5965.0,0.0
0.6315492672843053,0.046706685,0.085172342,0.111612843,5965.0,0.0
0.659137519341313,0.086511442,0.071645284,0.108890576,5965.0,0.0
0.6831761044394202,0.145519046,0.066004474,0.116167054,5965.0,0.0
0.7085041325152479,0.201949206,0.064586804,0.122109764,5965.0,0.0
0.7107030417872339,0.256932349,0.066059646,0.12789737,5965.0,0.0
0.7109756690240254,0.278479258,0.063611978,0.122188976,5965.0,0.0
0.7108831170195206,0.279801441,0.068007037,0.132186321,5965.0,0.0
0.7117963553883039,0.276257678,0.077584016,0.139554848,5965.0,0.0
0.7109783768571518,0.269480958,0.084705424,0.153893342,5965.0,0.0
0.7097869019437693,0.249703197,0.087892852,0.173755677,5965.0,0.0
0.7099740372212042,0.213947456,0.086637916,0.188728365,5965.0,0.0
0.7119428719881025,0.155905657,0.07866932,0.187445971,5965.0,0.0
0.7117081067918519,0.116363969,0.080804329,0.184667618,5965.0,0.0
0.7113043885517328,0.072124096,0.090469195,0.181562059,5965.0,0.0
0.710901975424208,0.040734689,0.098009999,0.187488896,5965.0,0.0
0.7061150900639486,0.002879641,0.1003770115,0.2009740605,5965.0,0.0
0.6420360837160033,0.0,0.0749975575,0.2346558165,5965.0,0.0
0.6098690513428945,0.0,0.067102298,0.230505281,5965.0,0.0
0.6135045646802983,0.0288982955,0.056706188000000005,0.22048263299999998,5965.0,0.0
0.6309993709235286,0.082010883,0.040714597,0.207540596,5965.0,0.0
0.6574453251505072,0.137245277,0.025891101,0.192573713,5965.0,0.0
0.6812588165034413,0.236261752,0.022828712,0.172194903,5965.0,0.0
0.708468059297608,0.332203058,0.027128807,0.161170123,5965.0,0.0
0.7113787587162516,0.406414875,0.03653442,0.15748167,5965.0,0.0
0.7141083194483778,0.467067879,0.038927278,0.155538796,5965.0,0.0
0.7166088691296469,0.484053552,0.054702606,0.190106017,5965.0,0.0
0.7174463834173483,0.487382839,0.064673694,0.230086048,5965.0,0.0
0.7173336186980124,0.452026781,0.07225993,0.265244203,5965.0,0.0
0.7167541286336597,0.429584596,0.077171317,0.297456693,5965.0,0.0
0.7158579114362739,0.389348741,0.080580667,0.330930405,5965.0,0.0
0.7162140965783547,0.33256754,0.085497177,0.352763305,5965.0,0.0
0.7156151675782301,0.252472903,0.096886478,0.382841243,5965.0,0.0
0.7095025727746358,0.166338976,0.118794672,0.414440385,5965.0,0.0
0.7078123130314776,0.126875834,0.15070185,0.453661574,5965.0,0.0
0.7018536815655695,0.010571275,0.16628518949999999,0.46435717600000004,5965.0,0.0
0.6602411083425787,0.0,0.152077671,0.4397996045,5965.0,0.0
0.6357173986062994,0.0,0.123029166,0.386236095,5965.0,0.0
0.6338736106285832,0.00184548,0.100779486,0.340313277,5965.0,0.0
0.6415019992508567,0.045258592,0.092462192,0.311345013,5965.0,0.0
0.6744055632182838,0.128137392,0.08996566,0.294761688,5965.0,0.0
0.7480496852570435,0.195579369,0.072450946,0.263051107,5965.0,0.0
0.8084497714664212,0.329647469,0.041753492,0.227176371,5965.0,0.0
0.8247458493063559,0.455788617,0.0350716,0.205416967,5965.0,0.0
0.8254147002253605,0.559067175,0.046172167,0.212890417,5965.0,0.0
0.8275219276990978,0.67705412,0.060307838,0.232780088,5965.0,0.0
0.8330345296547563,0.757339335,0.062381145,0.255343498,5965.0,0.0
0.8354164156337102,0.758612285,0.069640322,0.270753283,5965.0,0.0
0.8358066431185862,0.760889151,0.073051213,0.270854819,5965.0,0.0
0.8335360711216274,0.72687888,0.070962472,0.265513378,5965.0,0.0
0.8299169663477343,0.604678045,0.068619562,0.259556844,5965.0,0.0
0.8273238642683799,0.507961012,0.06742585,0.261773078,5965.0,0.0
0.8217907595291384,0.40000862,0.062586228,0.263124536,5965.0,0.0
0.8183240707316035,0.278446882,0.063275216,0.265623814,5965.0,0.0
0.8106417175140362,0.173093892,0.074681206,0.259168344,5965.0,0.0
0.8049177062100027,0.109889976,0.088550697,0.245743182,5965.0,0.0
0.7754638578855214,0.021148152,0.091553062,0.224974004,5965.0,0.0
0.7413751536811898,0.0,0.084689656,0.2125789,5965.0,0.0
0.6715046316779149,0.0,0.097487976,0.235344092,5965.0,0.0
0.642067780516427,0.0,0.08001736849999999,0.21143301949999999,5965.0,0.0
0.6339676615840273,0.0024857475,0.0756253305,0.1829264005,5965.0,0.0
0.6412047590704039,0.046218679,0.064599884,0.185793127,5965.0,0.0
0.674454837515995,0.124433298,0.051546403,0.199013794,5965.0,0.0
0.7480496852570435,0.201377062,0.03278745,0.193662956,5965.0,0.0
0.8085448864664666,0.334206188,0.018229894,0.177003806,5965.0,0.0
0.8247458493063559,0.494070366,0.013694468,0.160043131,5965.0,0.0
0.8256311383504588,0.628500956,0.020741055,0.156010528,5965.0,0.0
0.8275305349087838,0.730361604,0.034612377,0.160078738,5965.0,0.0
0.8330345296547563,0.789858697,0.041098976,0.161494113,5965.0,0.0
0.8354679140542407,0.7869861735,0.0514866955,0.17417763349999998,5965.0,0.0
0.8338892583618299,0.734921223,0.052061615,0.195536503,5965.0,0.0
0.8298299268302597,0.661963406,0.045793645,0.209674098,5965.0,0.0
0.8278255025560286,0.563512668,0.036804229,0.213239419,5965.0,0.0
0.8232239144527537,0.445277285,0.033962015,0.210710927,5965.0,0.0
0.8183240707316035,0.322226497,0.043376675,0.208802363,5965.0,0.0
0.8103529881160725,0.204611039,0.064700217,0.209801898,5965.0,0.0
0.8048640800938498,0.151023349,0.091507336,0.203699788,5965.0,0.0
0.7753439851042288,0.03538684,0.110196325,0.183051405,5965.0,0.0
0.7413751536811898,0.0,0.117938769,0.150898582,5965.0,0.0
0.6718014365584495,0.0,0.091055271,0.142007823,5965.0,0.0
0.648490163630668,0.0,0.079068952,0.11816141,5965.0,0.0
0.635737320858798,0.0,0.070189498,0.105974074,5965.0,0.0
0.63390187422721,0.003489169,0.0652696,0.1063652645,5965.0,0.0
0.6414616226251639,0.069181528,0.066219003,0.121779419,5965.0,0.0
0.6746405216625089,0.168294468,0.064267492,0.128493379,5965.0,0.0
0.7476296712141972,0.254880365,0.050820906,0.121189373,5965.0,0.0
0.8086848267314238,0.394015551,0.032318501,0.087244741,5965.0,0.0
0.8252217623921433,0.543103955,0.038287944,0.063172034,5965.0,0.0
0.8274599364252025,0.667202271,0.062920777,0.054028688,5965.0,0.0
0.8285942551998581,0.749807982,0.099417474,0.057953358,5965.0,0.0
0.8330345296547563,0.761475365,0.123885143,0.074106532,5965.0,0.0
0.8361033511783433,0.744089912,0.162198052,0.080087324,5965.0,0.0
0.8356485210136428,0.654263875,0.219424358,0.091987096,5965.0,0.0
0.8332527089795275,0.570958403,0.27605133,0.105994071,5965.0,0.0
0.8276084838998459,0.437158791,0.330138708,0.109943975,5965.0,0.0
0.8233897731675465,0.344411968,0.38121479,0.106565646,5965.0,0.0
0.8191519135682273,0.264722057,0.42359331,0.109063785,5965.0,0.0
0.8170859813368276,0.207970454,0.457677564,0.130382407,5965.0,0.0
0.8100019285714923,0.119889153,0.481208604,0.171573974,5965.0,0.0
0.8043428100160352,0.077688316,0.507503445,0.239941737,5965.0,0.0
0.7752647310005727,0.02030736,0.522374391,0.342423099,5965.0,0.0
0.7407665052131791,0.0,0.528396915,0.392297939,5965.0,0.0
0.6715046316779149,0.0,0.499396091,0.486699592,5965.0,0.0
0.6421321173326937,0.0,0.49489768450000005,0.5984764145,5965.0,0.0
0.633678980399662,0.0035474655,0.4768188255,0.6402004615,5965.0,0.0
0.6414673283601687,0.071838885,0.436098992,0.66988327,5965.0,0.0
0.6744477774708467,0.147337213,0.385434278,0.688600687,5965.0,0.0
0.7480074229876722,0.219020359,0.355912772,0.691390937,5965.0,0.0
0.8086639370583113,0.348616555,0.302722275,0.687041515,5965.0,0.0
0.8241949855249651,0.451873364,0.247179431,0.670742199,5965.0,0.0
0.8235096943592277,0.573163787,0.205453983,0.652120925,5965.0,0.0
0.8219787650128295,0.691067151,0.170454673,0.623794973,5965.0,0.0
0.8222375626216568,0.794937914,0.150982265,0.628752369,5965.0,0.0
0.8227261446668199,0.851869463,0.1337370255,0.6043707460000001,5965.0,0.0
0.8215288671976552,0.784557575,0.135320781,0.560510423,5965.0,0.0
0.819357230292068,0.692893267,0.139488031,0.531259166,5965.0,0.0
0.8175122820393435,0.576975683,0.142013647,0.520220156,5965.0,0.0
0.8162496281112952,0.438239914,0.148739984,0.486236332,5965.0,0.0
0.8140816660658681,0.308600152,0.149041277,0.455718906,5965.0,0.0
0.8090046001767239,0.209605591,0.151512395,0.445730971,5965.0,0.0
0.80287764401805,0.130681427,0.186875544,0.459180366,5965.0,0.0
0.7748203456724286,0.034342211,0.227389653,0.473274946,5965.0,0.0
0.7390518257743343,0.0,0.259841764,0.49436643,5965.0,0.0
0.6731964389791912,0.0,0.289516356,0.538855532,5965.0,0.0
0.6424639071810724,0.0,0.299021432,0.5668783980000001,5965.0,0.0
0.6340474478083791,0.002284777,0.31958145400000004,0.591701196,5965.0,0.0
0.64142864413018,0.040885141,0.329468736,0.609640492,5965.0,0.0
0.6744451180481091,0.123052255,0.313615463,0.616367669,5965.0,0.0
0.7484795155885531,0.203515432,0.283798734,0.596656266,5965.0,0.0
0.8084664057482891,0.323272259,0.295989971,0.571179708,5965.0,0.0
0.8257175009096518,0.454027269,0.28773653,0.529893459,5965.0,0.0
0.8242549463175959,0.573595875,0.283760536,0.484091261,5965.0,0.0
0.8229192757480117,0.627822157,0.285332935,0.444383937,5965.0,0.0
0.8221677375235543,0.678083997,0.268372842,0.409470965,5965.0,0.0
0.8218886307726988,0.650192325,0.259156275,0.382460365,5965.0,0.0
0.8216135857715331,0.668180297,0.253132122,0.365030232,5965.0,0.0
0.8207313914500861,0.636642321,0.244580966,0.356869557,5965.0,0.0
0.8184459263709324,0.536524704,0.226258576,0.357196629,5965.0,0.0
0.8165979798227492,0.446508026,0.196039966,0.358303626,5965.0,0.0
0.8157136578056798,0.372140564,0.168672983,0.349221691,5965.0,0.0
0.8144296308877923,0.26138342,0.129329193,0.316576739,5965.0,0.0
0.8096944856064269,0.178517814,0.095971934,0.286067083,5965.0,0.0
0.8040224076292619,0.121743683,0.098596771,0.26327748,5965.0,0.0
0.7745124189970563,0.038145127,0.107428763,0.252864929,5965.0,0.0
0.7402420920023198,0.001261635,0.111251753,0.263830703,5965.0,0.0
0.6589724344055792,0.0,0.108281952,0.297301935,5965.0,0.0
0.632701477830195,0.0,0.090590409,0.295740249,5965.0,0.0
0.6176805292361293,0.0,0.078164706,0.295861412,5965.0,0.0
0.613587445627306,0.002913115,0.0701920095,0.29301003049999996,5965.0,0.0
0.6151690029911885,0.034629178,0.071587102,0.270638716,5965.0,0.0
0.6194040575430235,0.116274724,0.066854326,0.237028513,5965.0,0.0
0.6314879529686918,0.182445891,0.047930301,0.180613661,5965.0,0.0
0.6588626675881218,0.307735981,0.053876552,0.133719579,5965.0,0.0
0.681821382217174,0.422309354,0.088645577,0.112450166,5965.0,0.0
0.7076204874564603,0.522468536,0.12923512,0.109558808,5965.0,0.0
0.7106541063622439,0.555999065,0.155779204,0.123606501,5965.0,0.0
0.7115592692484565,0.589307427,0.179500604,0.162240734,5965.0,0.0
0.7120274937412029,0.599454405,0.217739504,0.208384809,5965.0,0.0
0.7112099020995803,0.604292184,0.268140391,0.260284251,5965.0,0.0
0.7108659990273455,0.53815903,0.291813898,0.314863652,5965.0,0.0
0.7100924592651561,0.452625484,0.298758177,0.366270055,5965.0,0.0
0.7108484945392214,0.395382044,0.283175574,0.393503816,5965.0,0.0
0.7118409389948523,0.341774759,0.2567616,0.399795557,5965.0,0.0
0.7107781861243921,0.261723579,0.235634026,0.386744947,5965.0,0.0
0.7100152360363449,0.186544047,0.226484671,0.375251613,5965.0,0.0
0.7098453635886707,0.128283799,0.230765337,0.369325832,5965.0,0.0
0.7146342318069664,0.041690979,0.228750216,0.342252912,5965.0,0.0
0.7008051934262015,0.001733584,0.222016246,0.328799979,5965.0,0.0
0.6551410496834745,0.0,0.192321212,0.327085646,5965.0,0.0
0.629087401833025,0.0,0.176904854,0.324585351,5965.0,0.0
0.6127869719778586,0.0,0.14851377999999998,0.291182408,5965.0,0.0
0.6098416014717368,0.005535558,0.133618574,0.221570194,5965.0,0.0
0.6117122753199029,0.028946385,0.124558098,0.18910347,5965.0,0.0
0.6171067937107504,0.085924139,0.110327555,0.164173494,5965.0,0.0
0.6308933761805892,0.133874801,0.087946594,0.132069826,5965.0,0.0
0.6574453251505072,0.220636037,0.073415167,0.112776234,5965.0,0.0
0.6813219200355365,0.333102265,0.09898082,0.125968014,5965.0,0.0
0.7083321807823404,0.412478607,0.135270111,0.172372031,5965.0,0.0
0.711049168982288,0.480903525,0.185739357,0.253643211,5965.0,0.0
0.7116916661515388,0.521290587,0.230546134,0.324408112,5965.0,0.0
0.7138342414742456,0.536445937,0.27972651,0.386710062,5965.0,0.0
0.7130723068236207,0.528387152,0.324949196,0.432825338,5965.0,0.0
0.7125477003647868,0.505890077,0.351021113,0.459605807,5965.0,0.0
0.7114637673588815,0.468645438,0.356108445,0.472629992,5965.0,0.0
0.7102018872098923,0.416627163,0.357787293,0.485457546,5965.0,0.0
0.7118937429215575,0.355457066,0.349067055,0.494729641,5965.0,0.0
0.7121443202102281,0.261994843,0.324792104,0.507348551,5965.0,0.0
0.7094044114623232,0.164965737,0.328921109,0.526606014,5965.0,0.0
0.7082089232096399,0.113463045,0.347682379,0.533925688,5965.0,0.0
0.7056911831174029,0.018426231999999997,0.37641879300000003,0.532733813,5965.0,0.0
0.6736588125057666,0.0,0.363142711,0.499673623,5965.0,0.0
0.6429508934545187,0.0,0.331706068,0.4115660805,5965.0,0.0
0.634128636556473,0.0038320645,0.305110498,0.3070118445,5965.0,0.0
0.6415416020974903,0.048166737,0.299446364,0.252852865,5965.0,0.0
0.674117413957824,0.121913997,0.284280845,0.239811832,5965.0,0.0
0.7478687398185007,0.182397656,0.234789788,0.239783503,5965.0,0.0
0.8082735163254607,0.282863245,0.23295087,0.217056042,5965.0,0.0
0.8240988554810778,0.327874769,0.246485344,0.2074003,5965.0,0.0
0.823641607552003,0.401518453,0.262241958,0.205092244,5965.0,0.0
0.8229864898337653,0.457598713,0.268997143,0.221440383,5965.0,0.0
0.8229529312012773,0.504078787,0.274363611,0.239179993,5965.0,0.0
0.8230697576703025,0.531477821,0.24771464199999998,0.30177839799999995,5965.0,0.0
0.8220267334107859,0.501202897,0.230374097,0.34850987,5965.0,0.0
0.8191583934758715,0.44464312,0.198373996,0.376273033,5965.0,0.0
0.8169743772860805,0.392003729,0.169234766,0.378372546,5965.0,0.0
0.8161712922307036,0.312078532,0.139213553,0.375101012,5965.0,0.0
0.8155911252080694,0.233351669,0.112220153,0.369634156,5965.0,0.0
0.8092070638362721,0.139306002,0.121249906,0.362987364,5965.0,0.0
0.8031699518489768,0.087334931,0.149635211,0.35806967,5965.0,0.0
0.77526410245268,0.035655227,0.171018651,0.365993013,5965.0,0.0
0.7389786158848238,0.001941049,0.17168357,0.375968971,5965.0,0.0
0.6729217808675549,0.0,0.148384776,0.394196367,5965.0,0.0
0.6488611454277466,0.0,0.13698081,0.347691055,5965.0,0.0
0.6361350917055488,0.0,0.122807345,0.314891977,5965.0,0.0
0.6339509304813817,0.005807907,0.1021765315,0.261412414,5965.0,0.0
0.6416281098878497,0.062505347,0.089104426,0.229196631,5965.0,0.0
0.6744152826861697,0.131518469,0.075679549,0.222151969,5965.0,0.0
0.7477138576673794,0.192052093,0.051285583,0.199880844,5965.0,0.0
0.8084099749782325,0.298911251,0.042983984,0.163584576,5965.0,0.0
0.8239290314437923,0.447272765,0.062572062,0.158613498,5965.0,0.0
0.824263069816975,0.552377164,0.095503878,0.17077519,5965.0,0.0
0.823421687421139,0.635236777,0.128218468,0.190544329,5965.0,0.0
0.8237495367425902,0.632437081,0.116280503,0.215711674,5965.0,0.0
0.8246764110977828,0.628682077,0.136225801,0.233423114,5965.0,0.0
0.8247205113876046,0.561690308,0.15010225,0.250867094,5965.0,0.0
0.8242628765690003,0.467592341,0.17276264,0.262665,5965.0,0.0
0.8202707587296034,0.470448501,0.205934108,0.27419579,5965.0,0.0
0.817145361598374,0.354767029,0.242803044,0.276817579,5965.0,0.0
0.8160461490143247,0.306085291,0.282695702,0.273789867,5965.0,0.0
0.8151902600322428,0.241076364,0.307714426,0.2456108,5965.0,0.0
0.809104357063963,0.168003688,0.330854254,0.217812849,5965.0,0.0
0.80313929469117,0.126297764,0.347097682,0.240965229,5965.0,0.0
0.7739632960217582,0.067560056,0.359733065,0.277327457,5965.0,0.0
0.7392888635037929,0.004315405,0.358489976,0.303353662,5965.0,0.0
0.6735643260536139,0.0,0.30893114,0.324296574,5965.0,0.0
0.6490690247535474,0.0,0.297807538,0.356560684,5965.0,0.0
0.6351379566899485,0.006881107333333333,0.27037059700000005,0.388379254,5965.0,0.0
0.6414878795541404,0.076414006,0.233286479,0.407291828,5965.0,0.0
0.6744766942161412,0.160435991,0.19813455,0.406238377,5965.0,0.0
0.7480496852570435,0.227344089,0.180862287,0.39102033,5965.0,0.0
0.8087253481947023,0.337631672,0.147471103,0.349424839,5965.0,0.0
0.8240624921946857,0.416377938,0.125251091,0.314288976,5965.0,0.0
0.8245158716220455,0.534052476,0.107035829,0.283632195,5965.0,0.0
0.8241017565621787,0.645475608,0.093659714,0.261179961,5965.0,0.0
0.8256150845996751,0.711920007,0.081976821,0.230235872,5965.0,0.0
0.8266598492717042,0.744231718,0.078691802,0.225239717,5965.0,0.0
0.8266463097124921,0.675296708,0.079114261,0.226740335,5965.0,0.0
0.8256149877788976,0.634010392,0.079468124,0.240413349,5965.0,0.0
0.8225547734649968,0.569739952,0.079313633,0.245551616,5965.0,0.0
0.8198093526236421,0.512731555,0.079054415,0.241733765,5965.0,0.0
0.8177035754936651,0.428691678,0.077340796,0.228679597,5965.0,0.0
0.81526801538175,0.352831506,0.072438568,0.211282429,5965.0,0.0
0.810645440784585,0.250346633,0.0741615,0.199700629,5965.0,0.0
0.8038091606540165,0.184769886,0.088563651,0.198128737,5965.0,0.0
0.7750179253928394,0.09326863,0.092771025,0.199892884,5965.0,0.0
0.741069886428555,0.00621137,0.08626715,0.199347554,5965.0,0.0
0.6606984286904463,0.0,0.06300284049999999,0.2036389675,5965.0,0.0
0.6349832198355901,0.0,0.0612520345,0.1765035935,5965.0,0.0
0.6342575518473699,0.0080721,0.064951057,0.182159982,5965.0,0.0
0.6406443210522934,0.047433011,0.066712253,0.191599155,5965.0,0.0
0.6745706001372093,0.127624265,0.062456596,0.194569879,5965.0,0.0
0.7480496852570435,0.193104115,0.039017297,0.179820082,5965.0,0.0
0.8085336678508513,0.271390202,0.032135486,0.169541141,5965.0,0.0
0.823539674558753,0.333435785,0.038655266,0.179864605,5965.0,0.0
0.8244437255803462,0.458453856,0.057388297,0.210870093,5965.0,0.0
0.8246937223379324,0.550792566,0.0799866,0.247537816,5965.0,0.0
0.8268243540699339,0.681211665,0.110593934,0.262185381,5965.0,0.0
0.8269841201601925,0.678063651,0.113409759,0.294731304,5965.0,0.0
0.8269883751578566,0.606343762,0.113029347,0.344393342,5965.0,0.0
0.8256235949885837,0.649647366,0.113310503,0.381206809,5965.0,0.0
0.8222360154571191,0.628520994,0.107800466,0.402000926,5965.0,0.0
0.8189633279470321,0.574438873,0.099595948,0.418553486,5965.0,0.0
0.8158597875159488,0.437020834,0.099551974,0.420540099,5965.0,0.0
0.8153709154020337,0.303700977,0.095888792,0.41242098,5965.0,0.0
0.8102761997935991,0.192977752,0.109473698,0.422097587,5965.0,0.0
0.8036186889955624,0.14712883,0.135505588,0.431512207,5965.0,0.0
0.7743303128899249,0.072115247,0.148564697,0.428985581,5965.0,0.0
0.7407665052131791,0.005694034,0.142976299,0.421621358,5965.0,0.0
0.6722073793149681,0.0,0.132935393,0.424666949,5965.0,0.0
0.642329600232327,0.0,0.117622277,0.39625739849999997,5965.0,0.0
0.6338998191471709,0.013285317,0.1020488295,0.3693566675,5965.0,0.0
0.6413652985461412,0.08879134,0.0971109,0.37618808,5965.0,0.0
0.674414025590384,0.183541264,0.089329031,0.374070996,5965.0,0.0
0.7478019610326652,0.268953761,0.0614454,0.355589743,5965.0,0.0
0.8084497714664212,0.411765199,0.045253407,0.343295124,5965.0,0.0
0.8242131673649512,0.558293536,0.059077727,0.348380906,5965.0,0.0
0.8245689656175026,0.719329827,0.083723776,0.375706566,5965.0,0.0
0.8241017565621787,0.833144473,0.118245988,0.41511903,5965.0,0.0
0.8256150845996751,0.921362576,0.151799666,0.439419307,5965.0,0.0
0.8269835396291081,0.933961027,0.1793812905,0.4696086465,5965.0,0.0
0.827244271685583,0.862371529,0.196031282,0.502891286,5965.0,0.0
0.8244333775645674,0.761992211,0.214524509,0.520088506,5965.0,0.0
0.8204911625707745,0.665713952,0.236788971,0.527558541,5965.0,0.0
0.8191228039685385,0.535933588,0.251637873,0.52133992,5965.0,0.0
0.81690484225673,0.371573742,0.25001153,0.509482608,5965.0,0.0
0.8101148865388027,0.219574597,0.276700148,0.501940163,5965.0,0.0
0.8046663551422729,0.14683956,0.314240582,0.503079882,5965.0,0.0
0.775263908811125,0.053268372,0.336780874,0.514987156,5965.0,0.0
0.741582065979957,0.003958903,0.346950519,0.519235441,5965.0,0.0
0.6525426287586448,0.0,0.325761549,0.507535679,5965.0,0.0
0.6284584926333752,0.0,0.31246432,0.483322931,5965.0,0.0
0.6104094622193308,0.0007768545,0.279020527,0.4392292405,5965.0,0.0
0.607570642978829,0.022938283,0.262005747,0.368805011,5965.0,0.0
0.6097156844762989,0.076745887,0.245529883,0.336778726,5965.0,0.0
0.6167056380725915,0.159469177,0.228542432,0.32470166,5965.0,0.0
0.6304346775141737,0.2098303,0.209053364,0.296172426,5965.0,0.0
0.6582224917560483,0.345261151,0.202799834,0.27386496,5965.0,0.0
0.682257788883525,0.461579565,0.1965642,0.248095142,5965.0,0.0
0.7079881812829084,0.572940201,0.192970529,0.227586617,5965.0,0.0
0.7156354767202582,0.65215313,0.193090538,0.226924998,5965.0,0.0
0.7173689181365932,0.741260436,0.17062099,0.191870463,5965.0,0.0
0.7180110764331228,0.729472233,0.176942147,0.189017341,5965.0,0.0
0.7189918189564118,0.723801693,0.188853998,0.187407612,5965.0,0.0
0.7182928914106849,0.677390549,0.202879909,0.201422441,5965.0,0.0
0.7157474676605349,0.590685499,0.214940252,0.22493677,5965.0,0.0
0.715787941107005,0.540972139,0.21655359,0.226879432,5965.0,0.0
0.7163931079628303,0.428000176,0.22480587,0.229442102,5965.0,0.0
0.715527402692085,0.267714574,0.234334639,0.225165502,5965.0,0.0
0.7117750788256619,0.173992276,0.231037417,0.230927349,5965.0,0.0
0.7087828523765737,0.127853605,0.231943579,0.240308313,5965.0,0.0
0.7076954381520635,0.061734491,0.234727326,0.269036969,5965.0,0.0
0.6961889054887063,0.006179321,0.225649261,0.322588116,5965.0,0.0
0.6518156550674599,0.0,0.205479058,0.367598764,5965.0,0.0
0.6201692561558747,0.0,0.2030215495,0.436598239,5965.0,0.0
0.6071618471580178,0.01212963,0.1920501135,0.508636604,5965.0,0.0
0.6093247800331413,0.068739269,0.17595772,0.556232462,5965.0,0.0
0.6165106693645296,0.142555425,0.152982963,0.55746952,5965.0,0.0
0.6310371845536809,0.212190608,0.123681341,0.535179901,5965.0,0.0
0.658238884379553,0.310388235,0.108875433,0.496437633,5965.0,0.0
0.6825390717403913,0.384882607,0.102893502,0.457947982,5965.0,0.0
0.7079580074418284,0.41783851,0.10446123,0.428738706,5965.0,0.0
0.7131949358484282,0.534363445,0.1123499,0.444410066,5965.0,0.0
0.7160956261240141,0.619915243,0.10800654,0.458751824,5965.0,0.0
0.7173670805097231,0.695787213,0.111405398,0.487344527,5965.0,0.0
0.7159780742863185,0.710938528,0.117869341,0.516952661,5965.0,0.0
0.7151636257777405,0.683191017,0.125795436,0.560006584,5965.0,0.0
0.7142526599421652,0.618998998,0.134898485,0.586253415,5965.0,0.0
0.7144940982940347,0.486528641,0.132427405,0.6005546,5965.0,0.0
0.7136977828214738,0.388399614,0.132447106,0.606090887,5965.0,0.0
0.7129262255237403,0.287529064,0.130824389,0.606720843,5965.0,0.0
0.7100836103971067,0.202857046,0.146930481,0.609987413,5965.0,0.0
0.7077736772118776,0.132774499,0.18136545,0.624068873,5965.0,0.0
0.7072898338746857,0.070775876,0.206033576,0.639476539,5965.0,0.0
0.6962638561843093,0.007288146,0.213355854,0.635677254,5965.0,0.0
0.6597551133013602,0.0,0.2013896135,0.6450013365,5965.0,0.0
0.6356380956986742,0.0,0.190739552,0.602232854,5965.0,0.0
0.633635702299288,0.0187064615,0.17902273600000002,0.542722311,5965.0,0.0
0.6414243887389354,0.098480062,0.164401703,0.499678166,5965.0,0.0
0.6747569616355852,0.171676075,0.140986037,0.468529966,5965.0,0.0
0.747871157582875,0.253991118,0.093156569,0.421207248,5965.0,0.0
0.8083656814404361,0.373320135,0.074864479,0.383476665,5965.0,0.0
0.8237652036038442,0.459025024,0.08149349,0.372505328,5965.0,0.0
0.8241286420390479,0.547330227,0.094015799,0.388840323,5965.0,0.0
0.8235631752442143,0.660250029,0.109179638,0.436899817,5965.0,0.0
0.8235367730840717,0.762272318,0.119402206,0.454605039,5965.0,0.0
0.8254505798014455,0.802694628,0.141036118,0.489702096,5965.0,0.0
0.8258490276064779,0.799975471,0.161152787,0.519208506,5965.0,0.0
0.8250535827337536,0.741074875,0.180792455,0.539647537,5965.0,0.0
0.8201915530363361,0.656165879,0.196036685,0.550061828,5965.0,0.0
0.8169382076412435,0.545505528,0.205716744,0.5745087,5965.0,0.0
0.8157709103716039,0.407445399,0.202215853,0.585152143,5965.0,0.0
0.8156156897413419,0.295190946,0.193749393,0.588274334,5965.0,0.0
0.8101816169142495,0.162132608,0.213983624,0.602178179,5965.0,0.0
0.8040261793101993,0.10853955,0.246516497,0.615723152,5965.0,0.0
0.7749405569328619,0.050683306,0.268300957,0.620379259,5965.0,0.0
0.7423298809338656,0.007171001,0.277357299,0.613267528,5965.0,0.0
0.6714367890442684,0.0,0.289371984,0.584861456,5965.0,0.0
0.6479350444580327,0.0,0.277540306,0.550433373,5965.0,0.0
0.6356796814033443,0.0,0.283923252,0.496535867,5965.0,0.0
0.6335878789357074,0.0097121055,0.293860942,0.442526485,5965.0,0.0
0.6414627829001721,0.062510751,0.300310936,0.396574788,5965.0,0.0
0.6750145985758239,0.146528044,0.301341842,0.351466284,5965.0,0.0
0.7482389482301007,0.205638787,0.27367467,0.287670407,5965.0,0.0
0.8091795014011212,0.297430635,0.305793207,0.244707658,5965.0,0.0
0.8249460404326959,0.350687937,0.342841022,0.262937281,5965.0,0.0
0.82824716058419,0.433632119,0.370165148,0.310733802,5965.0,0.0
0.8312441261348296,0.53436459,0.391778409,0.345126143,5965.0,0.0
0.8330345296547563,0.594135482,0.426030405,0.330861834,5965.0,0.0
0.8359546104557254,0.627804752,0.437107505,0.346635803,5965.0,0.0
0.836499574466976,0.594597701,0.448126832,0.370018692,5965.0,0.0
0.8354955248997805,0.58590113,0.463572199,0.395746583,5965.0,0.0
0.8314900611427264,0.538138567,0.473785495,0.419336208,5965.0,0.0
0.8301402712700062,0.466894983,0.465229162,0.438169023,5965.0,0.0
0.8277984234376042,0.374934056,0.452580289,0.447435194,5965.0,0.0
0.8247884020380596,0.279479379,0.42784687,0.451206002,5965.0,0.0
0.8171521315747702,0.18081301,0.403839527,0.455839732,5965.0,0.0
0.8073006556431873,0.121043219,0.388620723,0.460520213,5965.0,0.0
0.7784712682727172,0.049698529,0.384202606,0.470726995,5965.0,0.0
0.7453598729962976,0.003642379,0.363632288,0.485977587,5965.0,0.0
0.6721044792946844,0.0,0.338753554,0.536107435,5965.0,0.0
0.6426285810220823,0.0,0.3104429205,0.565951589,5965.0,0.0
0.6344847974933594,0.006326123,0.26677127450000004,0.5458498734999999,5965.0,0.0
0.6424510687853362,0.055131456,0.234792833,0.537770115,5965.0,0.0
0.6760140542726342,0.131289492,0.217492345,0.537616978,5965.0,0.0
0.7483413161296887,0.195034696,0.194639269,0.526623619,5965.0,0.0
0.8100799255793627,0.304852391,0.167954825,0.485342686,5965.0,0.0
0.8293569152191533,0.420590851,0.154854067,0.451703555,5965.0,0.0
0.8338068607315487,0.543691688,0.150871305,0.410626241,5965.0,0.0
0.8359542235661959,0.644683023,0.152730418,0.380514539,5965.0,0.0
0.8379424004480884,0.726063583,0.145480637,0.351927174,5965.0,0.0
0.8393161749133671,0.7927712410000001,0.15222387250000002,0.35628394750000003,5965.0,0.0
0.8388615381934315,0.827381354,0.157885103,0.372859183,5965.0,0.0
0.8341366441070672,0.772515392,0.156277049,0.383477698,5965.0,0.0
0.8306163776037683,0.673894877,0.146074931,0.400695612,5965.0,0.0
0.8284088607285159,0.54614203,0.128540207,0.416725984,5965.0,0.0
0.825462958692069,0.410583241,0.114655264,0.433673996,5965.0,0.0
0.8152050566872407,0.274394412,0.114656466,0.453207837,5965.0,0.0
0.8052571118390494,0.208650453,0.143593595,0.472655038,5965.0,0.0
0.7778806564135265,0.116247442,0.175184514,0.49068338,5965.0,0.0
0.7436929202970458,0.017578378,0.194134731,0.503368188,5965.0,0.0
0.6718064173183643,0.001091048,0.182268991,0.543999572,5965.0,0.0
0.648084655780487,0.0,0.191584827,0.557421306,5965.0,0.0
0.6346603272656496,0.0014841985,0.19297870299999997,0.548665053,5965.0,0.0
0.633696823366927,0.027632883,0.203080475,0.522106551,5965.0,0.0
0.6415976459780174,0.114359042,0.207975501,0.497354821,5965.0,0.0
0.6754543900335828,0.212500205,0.186131386,0.474695303,5965.0,0.0
0.7480791337294532,0.292717181,0.150738517,0.443969654,5965.0,0.0
0.8091843369298698,0.423879474,0.147336374,0.420745576,5965.0,0.0
0.8250994234360879,0.562933697,0.149874222,0.401854171,5965.0,0.0
0.8253423605421061,0.684899183,0.158000791,0.405915435,5965.0,0.0
0.8259883873403506,0.791802943,0.168437115,0.430147562,5965.0,0.0
0.8278048065244709,0.876240204,0.183173036,0.41660283,5965.0,0.0
0.8299057961425078,0.905745034,0.185138111,0.45286915299999997,5965.0,0.0
0.829349081394946,0.847763768,0.193390904,0.472256089,5965.0,0.0
0.8263448629447638,0.762359752,0.207730948,0.488358654,5965.0,0.0
0.823096643147172,0.622594395,0.218114688,0.509064735,5965.0,0.0
0.8195126441703046,0.498934276,0.220907359,0.525745233,5965.0,0.0
0.8177926458859845,0.342383699,0.205719484,0.548985177,5965.0,0.0
0.8106013408883436,0.240826806,0.202584802,0.579998045,5965.0,0.0
0.8049177062100027,0.181661129,0.260640004,0.637990222,5965.0,0.0
0.7767516568779266,0.089313956,0.301537054,0.682875809,5965.0,0.0
0.7426656117027521,0.009633131,0.321023747,0.706998859,5965.0,0.0
0.6630262534501193,0.0,0.308265626,0.73824357,5965.0,0.0
0.6381572381178632,0.0,0.28511546200000004,0.6768769855,5106.0,0.0
0.631151158351994,0.002400016,0.277457441,0.601219131,4247.0,0.0
0.6315083589314973,0.020568147,0.275072769,0.527040162,4247.0,0.0
0.6378334753416665,0.083881026,0.25171385,0.452811224,4247.0,0.0
0.6700150463778234,0.161320795,0.210719939,0.37886634,4247.0,0.0
0.7401119676324457,0.233143309,0.158207388,0.308829955,4247.0,0.0
0.8005323145734626,0.355590446,0.147259295,0.249052807,4247.0,0.0
0.8214884421615736,0.470613984,0.14972237,0.208085219,4247.0,0.0
0.8217612630399203,0.524437853,0.165463927,0.176891785,4247.0,0.0
0.8228882317006754,0.631268547,0.178205927,0.160245798,4247.0,0.0
0.8269549133461459,0.690943692,0.192034052,0.16430749,4247.0,0.0
0.8315679133130108,0.6902039525,0.2032124125,0.16694374699999998,4247.0,0.0
0.831203217388441,0.668183086,0.208120717,0.203487466,4247.0,0.0
0.8275649641411086,0.587538165,0.212732781,0.240217625,4247.0,0.0
0.8247974929580526,0.522223709,0.20781613,0.242348592,4247.0,0.0
0.8224413321809597,0.416390525,0.202682386,0.240078432,4247.0,0.0
0.8187217447575769,0.309000194,0.187990309,0.235764272,4247.0,0.0
0.8115624512278863,0.202419977,0.172612614,0.227740147,4247.0,0.0
0.8022880475962818,0.14509051,0.18608721,0.234267766,4247.0,0.0
0.7698117025544351,0.073719148,0.213454925,0.261388725,4247.0,0.0
0.7313279356560661,0.009597966,0.230268566,0.29273001,4247.0,0.0
0.6465085146732279,0.0,0.218382423,0.291217685,4247.0,0.0
0.6190311414950873,0.0,0.232541953,0.278558641,4247.0,0.0
0.6064979043833447,0.0137622895,0.227097958,0.28473345,4247.0,0.0
0.6083029839258779,0.069796631,0.215952781,0.288939445,4247.0,0.0
0.6165315586440617,0.138167223,0.204366237,0.265640905,4247.0,0.0
0.6320186040352516,0.200651921,0.179643169,0.222166394,4247.0,0.0
0.6649304371268043,0.319667436,0.174791449,0.177829633,4247.0,0.0
0.6921459177766714,0.417410435,0.178596432,0.132446622,4247.0,0.0
0.7189345179800992,0.531998868,0.181427738,0.083938762,4247.0,0.0
0.7241139517688312,0.618661268,0.187037133,0.055969799,4247.0,0.0
0.7255764583440787,0.681151197,0.181598973,0.054212166,4247.0,0.0
0.7280041366149781,0.6982851045,0.2016090515,0.06809272549999999,4247.0,0.0
0.7243834358725781,0.664919153,0.221383735,0.117251211,4247.0,0.0
0.7230118861204894,0.599926869,0.228309205,0.143061167,4247.0,0.0
0.7233574331780392,0.472218325,0.235835356,0.158827435,4247.0,0.0
0.7232313225410463,0.364188998,0.236975173,0.171037571,4247.0,0.0
0.7201346485135564,0.260125312,0.229847071,0.190761335,4247.0,0.0
0.7189888690713419,0.16261943,0.206794649,0.230597179,4247.0,0.0
0.7124161736679606,0.099717941,0.200252812,0.269654013,4247.0,0.0
0.708669362682148,0.043836942,0.210078981,0.328527544,4247.0,0.0
0.6959262393781639,0.00520738,0.208243322,0.380480744,4247.0,0.0
0.6468503864770375,0.0,0.18827625,0.455978809,4247.0,0.0
0.6190374277611765,0.0,0.18683735950000002,0.4551829515,4247.0,0.0
0.6066744982002361,0.0054324085,0.2040036045,0.4003191935,4247.0,0.0
0.6085568975955679,0.038169845,0.194423938,0.341729952,4247.0,0.0
0.6174357064864323,0.094181801,0.190418737,0.284621449,4247.0,0.0
0.6334526775755117,0.1377498,0.171448101,0.206854208,4247.0,0.0
0.6659661112724206,0.215235993,0.171060472,0.14440834,4247.0,0.0
0.6918239198149717,0.2898199,0.178063144,0.106321081,4247.0,0.0
0.7186772191254208,0.351088515,0.19159475,0.094147487,4247.0,0.0
0.7234397335939626,0.404922557,0.212546153,0.110568413,4247.0,0.0
0.7250239505773729,0.427323479,0.275090721,0.144448833,4247.0,0.0
0.7252544119719901,0.453007249,0.297943113,0.207711761,4247.0,0.0
0.7255384994827603,0.442087062,0.352861309,0.31246391,4247.0,0.0
0.7255285863733194,0.372393498,0.414229623,0.425430925,4247.0,0.0
0.7230629492411016,0.312768397,0.457651964,0.519980579,4247.0,0.0
0.7238485778251627,0.261037938,0.495252604,0.607056261,4247.0,0.0
0.7243014255254069,0.210887931,0.497657624,0.650860467,4247.0,0.0
0.7230446225635297,0.168824857,0.474939891,0.679270331,4247.0,0.0
0.7221090921946819,0.120486089,0.474932916,0.67693614,4247.0,0.0
0.7171389400587026,0.072940125,0.505418345,0.663522784,4247.0,0.0
0.7126661224087386,0.030283739,0.548802325,0.69831266,4247.0,0.0
0.7003652083268876,0.006879115,0.582140496,0.738933646,4247.0,0.0
0.6699714297983086,0.0,0.632540674,0.755859022,4247.0,0.0
0.6446166130663891,0.0,0.6566964085,0.8137892115,4247.0,0.0
0.6363521343701357,0.016128404,0.656138915,0.8218619575,4247.0,0.0
0.6427879118124227,0.082375542,0.65256836,0.803216125,4247.0,0.0
0.6733859916274201,0.140350746,0.673156491,0.813237497,4247.0,0.0
0.7421536257929052,0.205419598,0.677141905,0.817591147,4247.0,0.0
0.8018618441081238,0.301169996,0.682093588,0.796958256,4247.0,0.0
0.8211565314840134,0.430542923,0.678960152,0.775322522,4247.0,0.0
0.8219364059226807,0.524132147,0.679569262,0.751996899,4247.0,0.0
0.8204205636936127,0.594705233,0.682424806,0.728843035,4247.0,0.0
0.8225809819835845,0.665405838,0.670370947,0.67425353,4247.0,0.0
0.8243508831135087,0.704294664,0.679817856,0.649625127,4247.0,0.0
0.8261050205614013,0.711440351,0.6945320925,0.627441789,4247.0,0.0
0.823406020559885,0.643997774,0.701260437,0.613228064,4247.0,0.0
0.8188165212784815,0.502592714,0.701359783,0.606265846,4247.0,0.0
0.8160306750074648,0.414492069,0.69940795,0.601631195,4247.0,0.0
0.812588163853673,0.322222472,0.695697783,0.596754372,4247.0,0.0
0.8074944156658524,0.22048359,0.681345985,0.596757631,4247.0,0.0
0.800161912913888,0.154234185,0.660802247,0.616049799,4247.0,0.0
0.7684660708586015,0.081526463,0.635610837,0.645278071,4247.0,0.0
0.7308989755308126,0.016014528,0.637107331,0.647523669,4247.0,0.0
0.6529879327034339,0.0009340135,0.627078705,0.633405548,4247.0,0.0
0.6323148285814917,0.003064528,0.608682111,0.6525259815,4247.0,0.0
0.6315141614872795,0.036309671,0.576611846,0.693081179,4247.0,0.0
0.6378763665525109,0.097431277,0.548309306,0.725359206,4247.0,0.0
0.6691162177745085,0.165566418,0.627176553,0.766266473,4247.0,0.0
0.7390244569807384,0.225842078,0.663537908,0.793832826,4247.0,0.0
0.7984764402890897,0.33979421,0.672420099,0.797949173,4247.0,0.0
0.8174291106300033,0.432792839,0.663731511,0.768550401,4247.0,0.0
0.8166211900458781,0.509155554,0.646547072,0.72096775,4247.0,0.0
0.8159113343468681,0.567777744,0.619771167,0.654143385,4247.0,0.0
0.8171799840786733,0.644127554,0.561907863,0.537248285,4247.0,0.0
0.8177879071780134,0.6641037,0.564036771,0.512008657,4247.0,0.0
0.8177539616559959,0.6997109735,0.578992702,0.499309019,4247.0,0.0
0.8151577652475659,0.617868935,0.592017205,0.503758199,4247.0,0.0
0.8121399100238138,0.545223651,0.584137111,0.473985076,4247.0,0.0
0.8091419294293323,0.434974356,0.56876103,0.446216167,4247.0,0.0
0.8066333042654924,0.340280312,0.522723426,0.433024938,4247.0,0.0
0.8020948196943126,0.232033891,0.451695679,0.397481353,4247.0,0.0
0.7936049327821496,0.172849327,0.3642433,0.34800946,4247.0,0.0
0.7637352773956777,0.107199553,0.336415513,0.322831498,4247.0,0.0
0.7245365772176068,0.026083858,0.328151744,0.335911021,4247.0,0.0
0.6647775858505278,0.002675016,0.348963528,0.352793875,4247.0,0.0
0.6443453881565494,0.0,0.328618533,0.376240736,4247.0,0.0
0.6323384743013292,0.0040455985,0.30133653299999996,0.433047043,4247.0,0.0
0.6317500385481495,0.038709854,0.270259769,0.459700692,4247.0,0.0
0.6375541749492561,0.096032019,0.237248428,0.460619065,4247.0,0.0
0.6691491962694924,0.167718041,0.252264272,0.437288423,4247.0,0.0
0.7388555035432895,0.233528804,0.265834221,0.39359071,4247.0,0.0
0.798556323334219,0.299360343,0.256708536,0.343801487,4247.0,0.0
0.8168543596672021,0.362063,0.243757874,0.287354129,4247.0,0.0
0.81708443417229,0.442671938,0.241282864,0.259829516,4247.0,0.0
0.8172072564450721,0.502871998,0.228804047,0.22511429,4247.0,0.0
0.8174884908915497,0.530071644,0.212082217,0.212909519,4247.0,0.0
0.818540509250282,0.594839003,0.24987843,0.202274512,4247.0,0.0
0.818128618706815,0.60633318,0.276362474,0.193220902,4247.0,0.0
0.8180803598465259,0.551958258,0.300957999,0.191620396,4247.0,0.0
0.8155801970547865,0.481965791,0.299444079,0.197805212,4247.0,0.0
0.8126151461513197,0.383408223,0.28907592,0.221428603,4247.0,0.0
0.8109074299368457,0.278307041,0.267564896,0.254187005,4247.0,0.0
0.8072757526307741,0.204568001,0.23718203,0.27981675,4247.0,0.0
0.8026437010112474,0.115936311,0.200698728,0.302479898,4247.0,0.0
0.794982285483601,0.074542175,0.162148824,0.336960798,4247.0,0.0
0.7641761330948281,0.035998702,0.160606517,0.391153076,4247.0,0.0
0.7251513183101514,0.004966783,0.168752025,0.455772515,4247.0,0.0
0.652919219666741,0.000512463,0.194368591,0.4875780175,4247.0,0.0
0.6329109531245027,0.0,0.223973222,0.435872944,4247.0,0.0
0.6311975791918323,0.0033362365,0.26354278,0.374690833,4247.0,0.0
0.6378763665525109,0.030830766,0.293779805,0.366978842,4247.0,0.0
0.6698809086686485,0.079164252,0.30495424,0.383798635,4247.0,0.0
0.7407997737769153,0.130777534,0.323722765,0.37648755,4247.0,0.0
0.8009601624405162,0.233700377,0.355184465,0.384801975,4247.0,0.0
0.8213776118898856,0.383259061,0.379690154,0.415895206,4247.0,0.0
0.8219807958876743,0.478676515,0.415745845,0.472420401,4247.0,0.0
0.8213478249383348,0.531042506,0.442672825,0.518014869,4247.0,0.0
0.8238216827842897,0.589631169,0.40902014,0.466383729,4247.0,0.0
0.8259333590940361,0.5682643595000001,0.4738669895,0.4963579415,4247.0,0.0
0.8275839193665734,0.508168308,0.484606782,0.511016397,4247.0,0.0
0.8241277718327918,0.450994141,0.480008118,0.518446289,4247.0,0.0
0.821426063998149,0.40381027,0.46167837,0.516860397,4247.0,0.0
0.8178675965815878,0.340243045,0.420051649,0.493777626,4247.0,0.0
0.814454485489817,0.240317207,0.37026928,0.449065543,4247.0,0.0
0.8098171630416233,0.175179615,0.313547655,0.42546068,4247.0,0.0
0.8023216062287699,0.135221187,0.272825945,0.424272863,4247.0,0.0
0.7684660708586015,0.084478797,0.241256927,0.431875204,4247.0,0.0
0.7285621084583255,0.03308669,0.223359482,0.442615208,4247.0,0.0
0.6625869937194757,0.003417111,0.199932535,0.418657657,4247.0,0.0
0.642933558205965,0.0,0.184299048,0.381531333,4247.0,0.0
0.6320331108182875,0.004157323,0.157698797,0.313787806,4247.0,0.0
0.6314158553373811,0.036275166,0.12437934,0.271974641,4247.0,0.0
0.6378763665525109,0.06981523,0.100731755,0.248937158,4247.0,0.0
0.6698809086686485,0.116662824,0.08740637,0.216354219,4247.0,0.0
0.7411717226010275,0.175962622,0.086190057,0.158733236,4247.0,0.0
0.8020905162862597,0.233444399,0.0941675,0.109475212,4247.0,0.0
0.8229493527683144,0.284252567,0.092644934,0.077585132,4247.0,0.0
0.8237069840108865,0.38743139,0.091871036,0.064170268,4247.0,0.0
0.8241439224043527,0.462797957,0.089348945,0.061233489,4247.0,0.0
0.8254655697044178,0.54244084,0.069919093,0.06924767,4247.0,0.0
0.8288011190882365,0.603385913,0.077910256,0.095407988,4247.0,0.0
0.827206360841073,0.563855794,0.092390345,0.1568043,4247.0,0.0
0.8226659906262145,0.50255723,0.097836669,0.192341098,4247.0,0.0
0.8180384844666843,0.414046987,0.098474829,0.202628211,4247.0,0.0
0.813983117864026,0.335940386,0.097022342,0.209111149,4247.0,0.0
0.8107825767892188,0.239009733,0.097958263,0.229128403,4247.0,0.0
0.8060942392372211,0.149789548,0.104788746,0.249894456,4247.0,0.0
0.7991378442734166,0.086201701,0.124920339,0.276714226,4247.0,0.0
0.7658621374467418,0.040098944,0.145439388,0.299545182,4247.0,0.0
0.7290444526477882,0.007244447,0.151639338,0.31524391,4247.0,0.0
0.6360056686959408,0.000697873,0.1228744925,0.3464523075,4247.0,0.0
0.6096302405337506,0.001201454,0.11049777399999999,0.33429538999999997,4247.0,0.0
0.6072713475215469,0.0223559045,0.088666263,0.268170456,4247.0,0.0
0.6163590751840388,0.084320376,0.063563319,0.206446069,4247.0,0.0
0.6309132984330875,0.116335447,0.053299757,0.191364174,4247.0,0.0
0.6614565430529548,0.184214582,0.05390097,0.19447086,4247.0,0.0
0.688089971036509,0.270812829,0.060322161,0.206617905,4247.0,0.0
0.7142099623728758,0.329797975,0.066820064,0.210530694,4247.0,0.0
0.7183919229292537,0.408612343,0.072484859,0.220111765,4247.0,0.0
0.7221156685295232,0.452828787,0.070526963,0.253949315,4247.0,0.0
0.724042385864636,0.474051779,0.078543806,0.281929209,4247.0,0.0
0.7241098900191416,0.47521241,0.080116127,0.296023961,4247.0,0.0
0.7237247885253467,0.437724636,0.087285787,0.303216205,4247.0,0.0
0.722720593726985,0.397335375,0.084120573,0.308312782,4247.0,0.0
0.723274165341502,0.343419295,0.076549294,0.29965991,4247.0,0.0
0.7228684642433467,0.269292646,0.073026159,0.283826002,4247.0,0.0
0.7195496459621735,0.203805807,0.072666292,0.275158141,4247.0,0.0
0.7185691935076365,0.138368721,0.076296788,0.266083451,4247.0,0.0
0.7128987114989782,0.093632156,0.094447932,0.259859155,4247.0,0.0
0.7095530557577441,0.051474328,0.10747862,0.245869323,4247.0,0.0
0.6970504033850152,0.00757448,0.109429192,0.240178019,4247.0,0.0
0.6361245502450052,0.0005862015,0.07903167950000001,0.22176121399999998,4247.0,0.0
0.6086931469947623,0.005496435,0.06927936933333333,0.2340299686666667,4247.0,0.0
0.6085568975955679,0.070431313,0.052623962,0.219869381,4247.0,0.0
0.6171247819091816,0.127083818,0.037428466,0.183662216,4247.0,0.0
0.6315261534883735,0.177953483,0.018646769,0.157774327,4247.0,0.0
0.6621226377284444,0.264132576,0.017333808,0.156026583,4247.0,0.0
0.6882718354852773,0.366129884,0.020267236,0.167485275,4247.0,0.0
0.7154372200415657,0.433635221,0.027075642,0.179551102,4247.0,0.0
0.7222150873312018,0.480458616,0.036938488,0.203239231,4247.0,0.0
0.7249251123067786,0.511513757,0.054289774,0.226429568,4247.0,0.0
0.7259300320802303,0.506960187,0.069655983,0.269971637,4247.0,0.0
0.7264029472641395,0.498915892,0.08651632,0.323483227,4247.0,0.0
0.724178989748574,0.471507294,0.105647916,0.375857406,4247.0,0.0
0.721609872064988,0.435675942,0.125073995,0.399207031,4247.0,0.0
0.7201981873455698,0.36168283,0.142029417,0.396953943,4247.0,0.0
0.7201629847277664,0.277878129,0.14615668,0.385418253,4247.0,0.0
0.7183933252562056,0.19990735,0.143609036,0.368707897,4247.0,0.0
0.715057147324494,0.136326321,0.147445817,0.362670797,4247.0,0.0
0.7105924047635204,0.088414212,0.165437691,0.358003974,4247.0,0.0
0.7095164024026,0.052460562,0.182257547,0.352734193,4247.0,0.0
0.697020906895797,0.012733981,0.190357739,0.325780461,4247.0,0.0
0.6552292978863461,0.000865502,0.20432618,0.340410856,4247.0,0.0
0.633610243354565,0.0020704915,0.2299372435,0.326790544,4247.0,0.0
0.6360747926305674,0.039118506,0.212185236,0.3857267955,4247.0,0.0
0.6716085471356209,0.077519539,0.191735418,0.365363193,4247.0,0.0
0.7413640802967406,0.106272735,0.194474115,0.35045213,4247.0,0.0
0.8001358012160779,0.164698397,0.191774673,0.340662973,4247.0,0.0
0.8185399287191976,0.241660035,0.189441156,0.331371133,4247.0,0.0
0.8187973724114617,0.320448658,0.206980508,0.337855536,4247.0,0.0
0.8174884908915497,0.374417224,0.219395759,0.355232029,4247.0,0.0
0.8174211803785989,0.397048243,0.250422998,0.369781843,4247.0,0.0
0.8177879071780134,0.424490611,0.273811034,0.387599797,4247.0,0.0
0.8171643172174192,0.447177391,0.282227317,0.399450528,4247.0,0.0
0.8170881090324499,0.406198883,0.286226798,0.428996293,4247.0,0.0
0.8151471267694547,0.388345862,0.293669038,0.47358798,4247.0,0.0
0.8121399100238138,0.311338438,0.307067638,0.499868539,4247.0,0.0
0.8101169174136476,0.260960813,0.319126871,0.509203083,4247.0,0.0
0.8081618638643249,0.193615025,0.325456104,0.522248638,4247.0,0.0
0.8032958688444148,0.127206362,0.317050461,0.509736398,4247.0,0.0
0.7965871016777913,0.082346097,0.314213962,0.477199211,4247.0,0.0
0.7652048920328819,0.04506618,0.320363902,0.468839056,4247.0,0.0
0.728256986436857,0.012292001,0.326998865,0.51235759,4247.0,0.0
0.6628700657928236,0.00182884,0.330677945,0.570281046,4247.0,0.0
0.6380257118146175,0.0,0.3214370275,0.5940651495,4247.0,0.0
0.6313832153215378,0.003401062,0.308300344,0.583911015,4247.0,0.0
0.6350992483203621,0.030478051,0.2825888905,0.5579088249999999,4247.0,0.0
0.6700150463778234,0.078432713,0.268656502,0.537335175,4247.0,0.0
0.7393705841757924,0.110441134,0.248453728,0.508820354,4247.0,0.0
0.7984434137772973,0.175957271,0.222670692,0.467859019,4247.0,0.0
0.8178564747867499,0.246346741,0.188346389,0.397930091,4247.0,0.0
0.8185706826977819,0.294776285,0.166253474,0.332591716,4247.0,0.0
0.8182410929638183,0.380337178,0.150967436,0.274918423,4247.0,0.0
0.8185203933562286,0.44194713,0.136474423,0.231252028,4247.0,0.0
0.819372800726125,0.498677508,0.144668892,0.206477949,4247.0,0.0
0.8192841172233349,0.504063121,0.154592313,0.180392024,4247.0,0.0
0.8196703793857185,0.497833423,0.159676017,0.170583148,4247.0,0.0
0.8170389799659049,0.442800182,0.158811267,0.167764015,4247.0,0.0
0.8139473351087185,0.37662002,0.164218638,0.16983162,4247.0,0.0
0.8114876937802575,0.318141185,0.162465979,0.15792919,4247.0,0.0
0.8092616085690698,0.257156817,0.15780206,0.140808016,4247.0,0.0
0.8048458018266667,0.17329954,0.147216219,0.12106893,4247.0,0.0
0.7977922125775831,0.136934145,0.134413529,0.105743536,4247.0,0.0
0.764730043188486,0.091232413,0.12963109,0.093697821,4247.0,0.0
0.7267441421096675,0.039386058,0.130292552,0.089963714,4247.0,0.0
0.6628355401333019,0.004610847,0.122042851,0.113869016,4247.0,0.0
0.6429407146783104,0.001148683,0.119867646,0.123302644,4247.0,0.0
0.631924238805861,0.0045391145,0.1089726765,0.128903051,4247.0,0.0
0.631465419310264,0.043509432,0.093697785,0.121240831,4247.0,0.0
0.6378822175186819,0.083738167,0.079499637,0.120801113,4247.0,0.0
0.6698809086686485,0.145828978,0.064689147,0.124558152,4247.0,0.0
0.7393456327529904,0.207364344,0.056017926,0.116124285,4247.0,0.0
0.7996614356884084,0.300686159,0.053388033,0.108268863,4247.0,0.0
0.8187415705828783,0.315947471,0.047237215,0.111906264,4247.0,0.0
0.8189198081882947,0.362000221,0.043984895,0.125785663,4247.0,0.0
0.8184212650168824,0.395938662,0.040820631,0.150596883,4247.0,0.0
0.8190310253495124,0.395959096,0.047739177,0.176376969,4247.0,0.0
0.818857720093622,0.424528722,0.058003622,0.186580945,4247.0,0.0
0.818333548541126,0.388109323,0.064538944,0.199867695,4247.0,0.0
0.818325231400192,0.404868448,0.062656068,0.203284132,4247.0,0.0
0.815759498508014,0.332256631,0.052423718,0.184728192,4247.0,0.0
0.8127945444253248,0.321921282,0.044104015,0.16349537,4247.0,0.0
0.8101535707687916,0.243925522,0.04124091,0.169891906,4247.0,0.0
0.8079059193197901,0.207622676,0.040820239,0.163436642,4247.0,0.0
0.8031111033145458,0.153552281,0.046318428,0.171225057,4247.0,0.0
0.7960549514635021,0.133588031,0.067849803,0.196917292,4247.0,0.0
0.7639295207350695,0.095351825,0.105493764,0.228054111,4247.0,0.0
0.7265455469518343,0.043498857,0.147725422,0.237775977,4247.0,0.0
0.6628355401333019,0.006237438,0.17351978,0.262170343,4247.0,0.0
0.6380367609938722,0.0020330625,0.18172123550000002,0.3030350455,4247.0,0.0
0.6314171608435555,0.0312599605,0.209100199,0.33669231450000003,4247.0,0.0
0.6380512193665194,0.073679691,0.233753367,0.364790933,4247.0,0.0
0.6698809086686485,0.100472666,0.24570957,0.386070154,4247.0,0.0
0.7393315614666629,0.145447028,0.283958561,0.40337598,4247.0,0.0
0.7986118350940504,0.197349604,0.359444941,0.424946163,4247.0,0.0
0.8168811483232938,0.222136384,0.450585961,0.446178764,4247.0,0.0
0.8176478700922787,0.254673071,0.515050164,0.474048645,4247.0,0.0
0.8173037737720694,0.243652168,0.559822845,0.534220195,4247.0,0.0
0.8182410929638183,0.23923808,0.553456929,0.58062384,4247.0,0.0
0.8183863524678311,0.242868868,0.597060392,0.636521403,4247.0,0.0
0.818117980622284,0.226763319,0.625400801,0.682298248,4247.0,0.0
0.818325231400192,0.18681472,0.640077995,0.725112728,4247.0,0.0
0.8163397623514259,0.188306659,0.637088133,0.765974707,4247.0,0.0
0.8134305132765426,0.146231443,0.633703651,0.787524926,4247.0,0.0
0.8114876937802575,0.110069435,0.623298999,0.794761184,4247.0,0.0
0.8091635440775348,0.080157619,0.624281668,0.801871806,4247.0,0.0
0.8034183530316367,0.047893391,0.640565476,0.792059692,4247.0,0.0
0.7966833285424563,0.030620622,0.656932484,0.795505675,4247.0,0.0
0.7669941352778005,0.011700104,0.673502472,0.8193596,4247.0,0.0
0.7308989755308126,0.003925898,0.68647428,0.856560837,4247.0,0.0
0.6634659964974894,0.001033203,0.69856089,0.857470963,4247.0,0.0
0.6435589857934294,0.0,0.705127066,0.869664681,4247.0,0.0
0.6331223624728777,0.0,0.7038124175,0.8605573115,4247.0,0.0
0.6323027399564105,0.002364643,0.675496934,0.83173185,4247.0,0.0
0.6387999045266843,0.012501713,0.649917471,0.803390548,4247.0,0.0
0.6703151392289883,0.045119123,0.616651062,0.777796286,4247.0,0.0
0.7403743436742358,0.087280934,0.603267596,0.753599357,4247.0,0.0
0.8001358012160779,0.158913442,0.595146485,0.722432812,4247.0,0.0
0.8187922468139611,0.250790491,0.565482051,0.68276843,4247.0,0.0
0.8189198081882947,0.342104489,0.539031058,0.654779639,4247.0,0.0
0.8185203933562286,0.450362806,0.531915333,0.64449597,4247.0,0.0
0.8187535625839722,0.477521307,0.476254916,0.618819837,4247.0,0.0
0.8196009411771455,0.575236942,0.464442498,0.634212799,4247.0,0.0
0.8201252095504189,0.564034257,0.477259749,0.643256642,4247.0,0.0
0.8197969737330185,0.600244458,0.477497244,0.648740064,4247.0,0.0
0.8170389799659049,0.568285996,0.471283688,0.664738836,4247.0,0.0
0.8141215109644454,0.571834183,0.452362657,0.670981498,4247.0,0.0
0.8121868149675395,0.476748958,0.420285321,0.670137348,4247.0,0.0
0.8101706403505777,0.337672141,0.381257571,0.655263296,4247.0,0.0
0.8057021261086666,0.22668485,0.325736116,0.635725325,4247.0,0.0
0.7977922125775831,0.159545856,0.303375542,0.611033081,4247.0,0.0
0.7646050444161124,0.104792972,0.301729541,0.582644142,4247.0,0.0
0.7270658984130041,0.033287155,0.304049272,0.561680573,4247.0,0.0
0.6468953085627268,0.004324383,0.263591781,0.412335174,4247.0,0.0
0.6254531619249932,0.001542735,0.270128882,0.395134151,4247.0,0.0
0.6093020771351431,0.008127538,0.2752803795,0.34804313,4247.0,0.0
0.6059833312727628,0.057219509,0.258135121,0.287921621,4247.0,0.0
0.6079352900994296,0.105539996,0.241770109,0.257746449,4247.0,0.0
0.6162249378684442,0.16139977,0.210571996,0.227519923,4247.0,0.0
0.6284194215138569,0.222514502,0.207028513,0.195934538,4247.0,0.0
0.6595055032365132,0.323840022,0.219329561,0.191151206,4247.0,0.0
0.6835392528058719,0.4222072,0.226749592,0.201401544,4247.0,0.0
0.7085876904205373,0.507919897,0.23545726,0.218479957,4247.0,0.0
0.7121079569238363,0.594269529,0.245322475,0.238434621,4247.0,0.0
0.7136205111822738,0.642611606,0.217579526,0.256239786,4247.0,0.0
0.7144947752523163,0.650209131,0.224336483,0.292930798,4247.0,0.0
0.7145249002894273,0.639432576,0.220550881,0.326373316,4247.0,0.0
0.7150903190674526,0.599994341,0.21079489,0.342728283,4247.0,0.0
0.7143058507583999,0.593105475,0.195565798,0.345520354,4247.0,0.0
0.7148448193594741,0.525730267,0.172321221,0.33875828,4247.0,0.0
0.714739646412402,0.413008347,0.152177703,0.32612451,4247.0,0.0
0.7132950800187773,0.325570431,0.138238654,0.317599136,4247.0,0.0
0.7118277863251697,0.228030848,0.122342594,0.296847994,4247.0,0.0
0.7086201852052143,0.146148775,0.122552798,0.271203413,4247.0,0.0
0.7072679771745395,0.108963921,0.131557039,0.252098017,4247.0,0.0
0.6933750130722316,0.037012714,0.142106814,0.261377241,4247.0,0.0
0.6359944260719212,0.0030501765,0.1282063335,0.2728698885,4247.0,0.0
0.6098804791464905,0.006485195,0.13049524750000002,0.28451281,4247.0,0.0
0.6075855120526197,0.0801014965,0.130790153,0.263084922,4247.0,0.0
0.6163496461784853,0.156013617,0.116738065,0.23279359,4247.0,0.0
0.6292125454429843,0.229992585,0.093507687,0.217470289,4247.0,0.0
0.658635977874442,0.30218645,0.100347371,0.213045638,4247.0,0.0
0.6832100499614379,0.381990128,0.126799711,0.224598143,4247.0,0.0
0.7080803463978839,0.459221572,0.167558098,0.252461785,4247.0,0.0
0.7111843705392742,0.479217947,0.202241285,0.272369938,4247.0,0.0
0.7117072849959845,0.540709916,0.225978474,0.313207369,4247.0,0.0
0.7120767196285254,0.535370845,0.248529981,0.39895678,4247.0,0.0
0.7121082469925883,0.520469766,0.269837501,0.457714031,4247.0,0.0
0.7122749763072177,0.462748035,0.286262544,0.492983959,4247.0,0.0
0.7106857789574731,0.407942778,0.299521814,0.507246691,4247.0,0.0
0.7115606715754084,0.310941169,0.306558396,0.534656115,4247.0,0.0
0.712350507140325,0.238655519,0.304749408,0.574077513,4247.0,0.0
0.7114615432360623,0.183724386,0.291273515,0.59050199,4247.0,0.0
0.7107369388988628,0.111152094,0.27599444,0.608123444,4247.0,0.0
0.7080170492242339,0.076388922,0.272609338,0.632470658,4247.0,0.0
0.7050785937288844,0.035977118,0.271820203,0.645446871,4247.0,0.0
0.6778140808332498,0.0073002445,0.275091835,0.6635821824999999,4247.0,0.0
0.6380928046776091,0.0012907925,0.254085394,0.6404251385,4247.0,0.0
0.6314171608435555,0.004756339,0.211081097,0.6079881245000001,4247.0,0.0
0.6380512193665194,0.018771759,0.187839037,0.612092451,4247.0,0.0
0.6698809086686485,0.048400609,0.185687036,0.629852888,4247.0,0.0
0.7393705841757924,0.084403843,0.219782304,0.665455065,4247.0,0.0
0.7986388173916973,0.135454301,0.227552955,0.674789733,4247.0,0.0
0.8178564747867499,0.158853943,0.238299831,0.678810435,4247.0,0.0
0.8183907042862727,0.224344682,0.250740231,0.692409063,4247.0,0.0
0.8174884908915497,0.235446867,0.266302366,0.73657986,4247.0,0.0
0.8182410929638183,0.223573765,0.246802595,0.713930725,4247.0,0.0
0.8183863524678311,0.235971948,0.294851332,0.750402072,4247.0,0.0
0.818333548541126,0.270239197,0.341039398,0.778914439,4247.0,0.0
0.8179778467157719,0.275656952,0.363035496,0.794305584,4247.0,0.0
0.8156571786252345,0.260292039,0.379980337,0.809757157,4247.0,0.0
0.812150548501925,0.21850708,0.401128363,0.828682862,4247.0,0.0
0.8101535707687916,0.171779561,0.390585494,0.823345169,4247.0,0.0
0.8083517549916943,0.150428433,0.36342982,0.815689984,4247.0,0.0
0.8034183530316367,0.100783242,0.348505956,0.816123637,4247.0,0.0
0.7977922125775831,0.076755988,0.337990764,0.829328356,4247.0,0.0
0.7672372176149852,0.052110941,0.336484058,0.833630565,4247.0,0.0
0.7316905034914334,0.015413652,0.345257657,0.848461697,4247.0,0.0
0.6540484130406862,0.002405904,0.3433928865,0.885703423,4247.0,0.0
0.6331643832806759,0.005742555,0.35485442899999997,0.8960158355000001,4247.0,0.0
0.6358582090775129,0.041447962500000005,0.358692861,0.8930207875,4247.0,0.0
0.6705547883643763,0.074439528,0.363613423,0.897011765,4247.0,0.0
0.7397675812434842,0.114411666,0.396605807,0.908541034,4247.0,0.0
0.7989999348833041,0.145286588,0.4526744,0.913764443,4247.0,0.0
0.8176720477360218,0.199115795,0.518140128,0.920885703,4247.0,0.0
0.8183907042862727,0.246729715,0.560697977,0.925877686,4247.0,0.0
0.8174884908915497,0.32586776,0.592291715,0.925233709,4247.0,0.0
0.8185417663460678,0.360928616,0.542891847,0.901519352,4247.0,0.0
0.8189961128004611,0.4181732,0.590896676,0.905569388,4247.0,0.0
0.8194385156641493,0.435813134,0.6288637834999999,0.9036888095,4247.0,0.0
0.8163954677528121,0.336059619,0.653420045,0.881793699,4247.0,0.0
0.8133747114479591,0.277809629,0.660475878,0.876362527,4247.0,0.0
0.8110055428387695,0.243319464,0.631633542,0.872305123,4247.0,0.0
0.8083517549916943,0.181360129,0.59017502,0.862766616,4247.0,0.0
0.8032958688444148,0.115087398,0.548456171,0.855257905,4247.0,0.0
0.7966555728593308,0.081170351,0.534450415,0.856022324,4247.0,0.0
0.7645487588772221,0.041196421,0.541514644,0.857480811,4247.0,0.0
0.7276994983038166,0.006028423,0.548856446,0.873510231,4247.0,0.0
0.6627076402798273,0.001304697,0.553183946,0.873472479,4247.0,0.0
0.6380331827576995,0.0,0.5582049105,0.8741192935,4247.0,0.0
0.6309821565041566,0.002210117,0.551302091,0.869422828,4247.0,0.0
0.6315141614872795,0.013633946,0.537357436,0.859026312,4247.0,0.0
0.6378822175186819,0.058730331,0.492426898,0.840018822,4247.0,0.0
0.6692795134937608,0.113874578,0.463468628,0.818839493,4247.0,0.0
0.7394018218646837,0.166461153,0.508574664,0.800787545,4247.0,0.0
0.7986118350940504,0.268556046,0.521045224,0.775840356,4247.0,0.0
0.8167687704934876,0.329911349,0.511058266,0.744734643,4247.0,0.0
0.8166387913547797,0.391759608,0.502829187,0.739057122,4247.0,0.0
0.8152657908653502,0.429532687,0.494890411,0.75102369,4247.0,0.0
0.8163625860786057,0.447479962,0.452539839,0.715150835,4247.0,0.0
0.8174760151801487,0.441457262,0.464495166,0.74757393,4247.0,0.0
0.8171643172174192,0.387953032,0.471522819,0.750007441,4247.0,0.0
0.8179778467157719,0.368833203,0.469982303,0.730352831,4247.0,0.0
0.815759498508014,0.355069552,0.458157448,0.687599761,4247.0,0.0
0.812150548501925,0.321978663,0.439232683,0.665103013,4247.0,0.0
0.8092644132229736,0.258829273,0.39819137,0.662026967,4247.0,0.0
0.8071532688371328,0.192509686,0.349470346,0.661909363,4247.0,0.0
0.8026437010112474,0.136276826,0.301133293,0.650377193,4247.0,0.0
0.7962595428186726,0.08607659,0.268808954,0.641418291,4247.0,0.0
0.7647491916619253,0.056254876,0.256933884,0.641609382,4247.0,0.0
0.729004752980377,0.022339192,0.256642492,0.649507237,4247.0,0.0
0.6630262534501193,0.002753482,0.264169026,0.655907058,4247.0,0.0
0.6430090890390724,0.0,0.264226592,0.655783721,4247.0,0.0
0.6334990503985416,0.001418144,0.261301784,0.640087517,4247.0,0.0
0.6315174014411016,0.006525091,0.252482432,0.60543597,4247.0,0.0
0.6319152203046609,0.025540515,0.242036948,0.576764284,4247.0,0.0
0.6382832763360633,0.060108856,0.233759839,0.547005354,4247.0,0.0
0.669702671063232,0.094319945,0.228423052,0.526505782,4247.0,0.0
0.7392891055557367,0.137788164,0.225708964,0.497443386,4247.0,0.0
0.798536594329695,0.187430252,0.20866404,0.464938574,4247.0,0.0
0.8178118911802015,0.179961846,0.196762651,0.443741829,4247.0,0.0
0.8177358766367872,0.249515729,0.189131725,0.44654254,4247.0,0.0
0.81606471735026,0.313977358,0.184532393,0.470006465,4247.0,0.0
0.81606471735026,0.327062787,0.194202281,0.514275839,4247.0,0.0
0.8169270858464056,0.354387274,0.187444595,0.54873401,4247.0,0.0
0.8152051531144379,0.381464676,0.193307799,0.568156281,4247.0,0.0
0.814851772626261,0.372968985,0.199116359,0.608450334,4247.0,0.0
0.8130235550826015,0.340904943,0.223217104,0.65002027,4247.0,0.0
0.8099943852096173,0.288581301,0.24732884,0.64952403,4247.0,0.0
0.8085185811271014,0.239249146,0.273652089,0.627223529,4247.0,0.0
0.8079586264257175,0.170495345,0.293190886,0.617705804,4247.0,0.0
0.8049869991874095,0.116641816,0.302119517,0.620744921,4247.0,0.0
0.7962112843519641,0.085021091,0.321809928,0.61572385,4247.0,0.0
0.7633232420146248,0.052557398,0.349774197,0.623562655,4247.0,0.0
0.727598870816741,0.010545574,0.388746295,0.643196223,4247.0,0.0
0.6638051124513644,0.001732162,0.433927633,0.659057248,4247.0,0.0
0.6429869422701742,0.0,0.455611132,0.708863979,4247.0,0.0
0.6333328047942192,0.0,0.471473857,0.769937329,4247.0,0.0
0.6312530429348554,0.002559192,0.479527352,0.804749517,4247.0,0.0
0.6344831775164484,0.0212327915,0.481039249,0.8447076680000001,4247.0,0.0
0.6691159277057563,0.067650621,0.486893877,0.857947542,4247.0,0.0
0.740204036320224,0.092608441,0.530785898,0.87250449,4247.0,0.0
0.7985174454626753,0.135531757,0.566071589,0.892307972,4247.0,0.0
0.8204027687431561,0.175799818,0.595247212,0.891019275,4247.0,0.0
0.8188227107237932,0.244654382,0.63817535,0.88380264,4247.0,0.0
0.8163699361925061,0.302350647,0.673111768,0.877225252,4247.0,0.0
0.8155962511991504,0.355369997,0.654021822,0.870728596,4247.0,0.0
0.8167016536220918,0.388364672,0.682219783,0.868456386,4247.0,0.0
0.8168014589197197,0.346455764,0.694944243,0.840984859,4247.0,0.0
0.8163293175148696,0.335076998,0.704925738,0.806171733,4247.0,0.0
0.8137967563656501,0.254412919,0.708636003,0.775739966,4247.0,0.0
0.8104102406819965,0.171421511,0.705331599,0.756178911,4247.0,0.0
0.8081768057504889,0.133583159,0.693947655,0.720072587,4247.0,0.0
0.8051220071028407,0.091174757,0.668275237,0.699828316,4247.0,0.0
0.8013749544586648,0.056512981,0.63939542,0.667198057,4247.0,0.0
0.7944814213685919,0.039483021,0.61755868,0.661501764,4247.0,0.0
0.7637362932266805,0.014110333,0.604894714,0.617050166,4247.0,0.0
0.7253161131771333,0.003184106,0.591748483,0.575447589,4247.0,0.0
0.6471508182009237,0.0,0.574928056,0.608524551,4247.0,0.0
0.6189984774708399,0.0,0.543431555,0.5706892875,4247.0,0.0
0.6061851905896125,0.001395425,0.521257654,0.5212014905,4247.0,0.0
0.6077439482347193,0.017147905,0.500445427,0.503307924,4247.0,0.0
0.6151818651985387,0.051015144,0.486406486,0.482936817,4247.0,0.0
0.6280809345014552,0.07568877,0.483410848,0.44335611,4247.0,0.0
0.6581667379442732,0.130957514,0.494872874,0.422227533,4247.0,0.0
0.681345565952164,0.192022859,0.50410525,0.395307268,4247.0,0.0
0.7083705265331883,0.254769789,0.512959173,0.374895506,4247.0,0.0
0.7111930745697377,0.307529101,0.516999208,0.340546108,4247.0,0.0
0.7116001295844563,0.348764208,0.452319494,0.268005617,4247.0,0.0
0.7116369761875748,0.3138537005,0.4546943575,0.27101279850000004,4247.0,0.0
0.7110331152315046,0.263652348,0.454795407,0.292106376,4247.0,0.0
0.7107929343690012,0.270978007,0.463488294,0.308922664,4247.0,0.0
0.7115606715754084,0.246374966,0.448042205,0.314031236,4247.0,0.0
0.7124576625518533,0.19987444,0.407610957,0.294596375,4247.0,0.0
0.7114615432360623,0.153200069,0.364505499,0.279034852,4247.0,0.0
0.7103248066970324,0.105066821,0.32244831,0.283725391,4247.0,0.0
0.7067836505206209,0.071365908,0.303070122,0.290228153,4247.0,0.0
0.7060416865328831,0.036506971,0.297393089,0.310829964,4247.0,0.0
0.6945245153914146,0.008049553,0.300175676,0.34470527,4247.0,0.0
0.636568427657648,0.000767054,0.2816585765,0.3397338395,4247.0,0.0
0.6094246095359634,0.001870365,0.2912913525,0.303640927,4247.0,0.0
0.6060945484339805,0.017868731,0.280482647,0.256992956,4247.0,0.0
0.6077816654376745,0.059804298,0.260945793,0.21854479,4247.0,0.0
0.6151580744443252,0.089153973,0.230883208,0.189671403,4247.0,0.0
0.6287448530709339,0.13579611,0.221403512,0.163390745,4247.0,0.0
0.6574238069295018,0.216698019,0.198869978,0.139448705,4247.0,0.0
0.6832671092793874,0.302918839,0.17390427,0.117413698,4247.0,0.0
0.7079774463776002,0.375288135,0.147338636,0.109118919,4247.0,0.0
0.7117600405123007,0.468981547,0.134927834,0.097878212,4247.0,0.0
0.7124463475090409,0.49398802,0.109608475,0.081949588,4247.0,0.0
0.7127072244031016,0.511350047,0.119297018,0.112709665,4247.0,0.0
0.713946474269676,0.462105952,0.129579879,0.1830545205,4247.0,0.0
0.7128652012768789,0.404459711,0.13497121,0.217245996,4247.0,0.0
0.7135410634370627,0.331312108,0.130323073,0.210198271,4247.0,0.0
0.7156110090077632,0.244483592,0.116129707,0.205612504,4247.0,0.0
0.7138584675283773,0.161849072,0.097974307,0.209300764,4247.0,0.0
0.7122825196690927,0.096555764,0.078012994,0.194454326,4247.0,0.0
0.7086201852052143,0.069651742,0.07980979,0.184355497,4247.0,0.0
0.7050832360096584,0.026652227,0.089231643,0.197535427,4247.0,0.0
0.6940840953857629,0.004157346,0.103937374,0.225844302,4247.0,0.0
0.6628426966056472,0.001118753,0.117602528,0.266067604,4247.0,0.0
0.6377324125546726,0.0,0.1384113985,0.29743826900000003,4247.0,0.0
0.6310911009353759,0.0037788015,0.148648446,0.33924919200000003,4247.0,0.0
0.6380512193665194,0.023446481,0.146697731,0.356703233,4247.0,0.0
0.6700150463778234,0.050337952,0.14091506,0.366691199,4247.0,0.0
0.7393013392151939,0.072052754,0.139036987,0.352255367,4247.0,0.0
0.8001358012160779,0.11918597,0.14013129,0.317748146,4247.0,0.0
0.8191917584668047,0.184192016,0.148030924,0.286038043,4247.0,0.0
0.8209640773611031,0.231860089,0.160828744,0.261726379,4247.0,0.0
0.8202460977691338,0.260980683,0.168218742,0.245042981,4247.0,0.0
0.8226273063962257,0.302093604,0.159085462,0.227294965,4247.0,0.0
0.8240731302792166,0.304538553,0.179490704,0.235881825,4247.0,0.0
0.8244524294140194,0.257323234,0.2037863165,0.2508852025,4247.0,0.0
0.8214027565606622,0.20811347,0.221790962,0.262919328,4247.0,0.0
0.8178358755759698,0.192747747,0.247251986,0.271746716,4247.0,0.0
0.8158273895520493,0.1543701,0.279823105,0.263355691,4247.0,0.0
0.814702258124584,0.118998866,0.290703596,0.253748038,4247.0,0.0
0.8103087913990535,0.094022999,0.307596665,0.253509924,4247.0,0.0
0.8022880475962818,0.091825486,0.338762771,0.257039881,4247.0,0.0
0.7695358837742102,0.052474658,0.36458281,0.265947535,4247.0,0.0
0.7311035668859832,0.011901211,0.373369546,0.294419747,4247.0,0.0
0.6628700657928236,0.002672817,0.365110846,0.314253133,4247.0,0.0
0.6428207450762404,0.001088153,0.366626221,0.336462998,4247.0,0.0
0.6323740398002579,0.0038222775,0.356323627,0.3683896795,4247.0,0.0
0.6352334102347315,0.0292336835,0.313612227,0.371938848,4247.0,0.0
0.6703594327667849,0.091201595,0.291888904,0.319101719,4247.0,0.0
0.741826550250513,0.141786747,0.271195245,0.275996486,4247.0,0.0
0.8026528883584375,0.213697644,0.215191084,0.232651992,4247.0,0.0
0.8225646381640489,0.27956717,0.185475763,0.19465867,4247.0,0.0
0.8249326945150387,0.394376497,0.17078504,0.169714738,4247.0,0.0
0.8254655697044178,0.49107974,0.165733996,0.155531415,4247.0,0.0
0.8289163983927241,0.565027607,0.15481771,0.156483871,4247.0,0.0
0.8298738334785265,0.631350569,0.158583428,0.198338977,4247.0,0.0
0.8291991800037396,0.693961074,0.171810529,0.241555795,4247.0,0.0
0.8261110163651582,0.734090994,0.212929677,0.277451913,4247.0,0.0
0.8211932816599348,0.597972519,0.253003205,0.303326428,4247.0,0.0
0.8179927401915471,0.440729197,0.282217525,0.317028364,4247.0,0.0
0.8142970407367355,0.330287232,0.297880256,0.326148993,4247.0,0.0
0.8106837385186246,0.268762639,0.303308744,0.332656112,4247.0,0.0
0.8076800033851692,0.202361645,0.331228667,0.343114619,4247.0,0.0
0.8007665476490173,0.147286701,0.382960628,0.360737286,4247.0,0.0
0.7684660708586015,0.101640474,0.411670134,0.38306003,4247.0,0.0
0.7318553951791926,0.035106955,0.424482057,0.401914847,4247.0,0.0
0.6628539632380709,0.005723222,0.410137177,0.433086965,4247.0,0.0
0.6429496119567485,0.001590022,0.416208014,0.421445693,4247.0,0.0
0.6324485311875386,0.00607143,0.401170962,0.394832403,4247.0,0.0
0.631916574221224,0.043004933,0.373572888,0.378785592,4247.0,0.0
0.6382832763360633,0.079262188,0.347483456,0.372403761,4247.0,0.0
0.6703594327667849,0.13400007,0.349592923,0.359986271,4247.0,0.0
0.741927419395952,0.165208342,0.332747801,0.328972617,4247.0,0.0
0.8038546144668213,0.254556468,0.318308209,0.318296041,4247.0,0.0
0.8226754684357371,0.336798576,0.307379438,0.294268016,4247.0,0.0
0.825723207038237,0.429754675,0.295083136,0.261949518,4247.0,0.0
0.8267816080902557,0.518331896,0.275517795,0.231474214,4247.0,0.0
0.830374794414313,0.550816262,0.237107393,0.20615405,4247.0,0.0
0.8326954625048505,0.571101836,0.228340846,0.194823536,4247.0,0.0
0.8330835622941043,0.580442602,0.205817465,0.208934572,4247.0,0.0
0.8317362866129556,0.576019251,0.175803323,0.216358812,4247.0,0.0
0.8272541359910548,0.493920648,0.16352284,0.230281398,4247.0,0.0
0.8246439163131059,0.416134479,0.145736846,0.248973741,4247.0,0.0
0.821894626970036,0.343991513,0.136184132,0.270658752,4247.0,0.0
0.8162769004776941,0.257359149,0.123547901,0.27454601,4247.0,0.0
0.8116080982886654,0.151670831,0.121119838,0.277127261,4247.0,0.0
0.8021965110291993,0.098635438,0.144841192,0.284993111,4247.0,0.0
0.7698696804890295,0.047757773,0.172334647,0.296784553,4247.0,0.0
0.7318553951791926,0.006058617,0.184663877,0.301134943,4247.0,0.0
0.6630723842212056,0.001293759,0.175288145,0.307437332,4247.0,0.0
0.6383500309167043,0.0,0.1673977935,0.3165437465,4247.0,0.0
0.6318819035273262,0.0077912419999999994,0.1352470615,0.33380334,4247.0,0.0
0.6387999045266843,0.03275975,0.114467931,0.33323156,4247.0,0.0
0.6724786526351965,0.073308119,0.095055331,0.32182926,4247.0,0.0
0.7442908338597481,0.111394807,0.07231089,0.290551642,4247.0,0.0
0.8058306060996452,0.18803239,0.054022196,0.261166391,4247.0,0.0
0.827519896824253,0.248039018,0.058869455,0.251012691,4247.0,0.0
0.8332873314598269,0.302433451,0.076254131,0.252522625,4247.0,0.0
0.8337786213381163,0.340605003,0.105365266,0.267652208,4247.0,0.0
0.8355006504972811,0.350367678,0.131088387,0.278096628,4247.0,0.0
0.8367921243498464,0.352039603,0.170173305,0.307555594,4247.0,0.0
0.8398943108643664,0.34435633,0.221153335,0.332804045,4247.0,0.0
0.83787721763076,0.293197378,0.25807493,0.367717265,4247.0,0.0
0.8327172223842193,0.269428468,0.303216825,0.40043719,4247.0,0.0
0.8292078840342032,0.231003167,0.352564564,0.436118853,4247.0,0.0
0.8239689731631471,0.207626041,0.386922721,0.473716409,4247.0,0.0
0.820843962527867,0.171607949,0.431604189,0.500064627,4247.0,0.0
0.8174088014879753,0.114599421,0.483928633,0.551997731,4247.0,0.0
0.807311535779662,0.091777009,0.515515592,0.611556354,4247.0,0.0
0.7734964738559638,0.072911411,0.528708542,0.662668181,4247.0,0.0
0.7358718839103071,0.039628643,0.536423172,0.747106268,4247.0,0.0
0.6655529148291986,0.005640147,0.57474138,0.778216413,4247.0,0.0
0.6452525819176068,0.001421744,0.580982189,0.813574298,4247.0,0.0
0.6349329302972467,0.001859669,0.582158448,0.835692934,4247.0,0.0
0.6322558836198637,0.0224794935,0.5610967925,0.851847091,4247.0,0.0
0.6387999045266843,0.075422592,0.512679534,0.860357874,4247.0,0.0
0.6703594327667849,0.139614648,0.501275831,0.851528163,4247.0,0.0
0.7401005557688557,0.192997808,0.551127959,0.844222257,4247.0,0.0
0.8001358012160779,0.266051268,0.577671749,0.838954603,4247.0,0.0
0.8188595573269118,0.301397862,0.572851612,0.820349933,4247.0,0.0
0.8199735669595394,0.398206755,0.577301061,0.794798004,4247.0,0.0
0.8188883772514288,0.435556812,0.571077901,0.749185257,4247.0,0.0
0.8196358537261967,0.484340367,0.589880204,0.696253076,4247.0,0.0
0.8204308148886141,0.492232413,0.584979983,0.667467532,4247.0,0.0
0.819853065630354,0.464815768,0.588180943,0.634219312,4247.0,0.0
0.8203584755989402,0.444213588,0.582560142,0.599230526,4247.0,0.0
0.8180366468398141,0.419071987,0.585180101,0.586324779,4247.0,0.0
0.8145507123544818,0.398699559,0.578151972,0.584243547,4247.0,0.0
0.8121868149675395,0.329365318,0.553442091,0.565285529,4247.0,0.0
0.8097707902185933,0.249354614,0.517062596,0.542254685,4247.0,0.0
0.8048458018266667,0.17483472,0.456741731,0.52566428,4247.0,0.0
0.7977922125775831,0.095724366,0.405846749,0.530136342,4247.0,0.0
0.7671590753759485,0.054862244,0.389633237,0.542349652,4247.0,0.0
0.7270672039191785,0.01791146,0.376313454,0.557366944,4247.0,0.0
0.6469094282594431,0.002965024,0.35796028,0.532183031,4247.0,0.0
0.6250771993679998,0.0,0.355168934,0.537793233,4247.0,0.0
0.6120357720357518,0.001201003,0.34273881,0.566940458,4247.0,0.0
0.6061544850214169,0.017419478999999998,0.3209919255,0.6002879745,4247.0,0.0
0.6077642089663586,0.077696139,0.278515389,0.621893437,4247.0,0.0
0.6153789616022229,0.136308163,0.288428326,0.614356353,4247.0,0.0
0.6285870210347425,0.182730542,0.272139975,0.592285384,4247.0,0.0
0.6581166902610833,0.258377293,0.23113675,0.563194302,4247.0,0.0
0.6834114981835636,0.322009718,0.19422725,0.527524995,4247.0,0.0
0.7087081917497225,0.442315478,0.17152077,0.489480745,4247.0,0.0
0.7115883308313368,0.513547471,0.166185929,0.448226632,4247.0,0.0
0.7124463475090409,0.567846698,0.115769116,0.330068333,4247.0,0.0
0.7137812442995659,0.577463137,0.127855975,0.31683722,4247.0,0.0
0.7145249002894273,0.587238721,0.124694424,0.312251751,4247.0,0.0
0.7153154612230144,0.551805773,0.113170579,0.311946538,4247.0,0.0
0.7145179854754452,0.537703491,0.104450305,0.319214836,4247.0,0.0
0.7149372745432016,0.489906852,0.099499744,0.325142111,4247.0,0.0
0.7148896446243859,0.416905652,0.092996719,0.324396562,4247.0,0.0
0.7132950800187773,0.353199096,0.083766709,0.316056654,4247.0,0.0
0.711386882609211,0.257533312,0.074598326,0.31603434,4247.0,0.0
0.7076799161283954,0.208732892,0.078547884,0.328533124,4247.0,0.0
0.7049350754245447,0.138823228,0.089228854,0.351684391,4247.0,0.0
0.6948312817917787,0.049158303,0.096444431,0.365913408,4247.0,0.0
0.6408649179446488,0.0034969255000000003,0.0901816735,0.3678520565,4247.0,0.0
0.6147353523715625,0.0060692160000000005,0.086586312,0.367582239,3378.0,0.0
0.6120444760662153,0.055898836,0.088784069,0.36566283,3378.0,0.0
0.6122816106164514,0.130465187,0.084033252,0.367184697,3378.0,0.0
0.6205064620640866,0.215740489,0.072630906,0.367124255,3378.0,0.0
0.6342796502058794,0.292120624,0.053705782,0.368270046,3378.0,0.0
0.6656386004301102,0.432631024,0.054038423,0.370264762,3378.0,0.0
0.6939588549550261,0.558804162,0.064341218,0.379642778,3378.0,0.0
0.7227013480391877,0.69739067,0.079265634,0.391512427,3378.0,0.0
0.726541436791756,0.811968701,0.087983228,0.409040226,3378.0,0.0
0.7301982103582155,0.884256262,0.089779136,0.419312219,3378.0,0.0
0.7317732880112441,0.932806059,0.090438507,0.413167575,3378.0,0.0
0.7333797481907496,0.93569728,0.090340013,0.406703049,3378.0,0.0
0.7358700946938257,0.897691177,0.089367221,0.406122752,3378.0,0.0
0.736436770961217,0.818344577,0.086613188,0.413234965,3378.0,0.0
0.7379075458734294,0.711445575,0.085620949,0.422437357,3378.0,0.0
0.7353145406148526,0.580056314,0.084168732,0.420327195,3378.0,0.0
0.7322345976900082,0.441832881,0.084536635,0.414301546,3378.0,0.0
0.7319402589842368,0.294507921,0.091701082,0.406153885,3378.0,0.0
0.7274468901403012,0.222729451,0.123058164,0.407250835,3378.0,0.0
0.7218081287436804,0.147373068,0.148363596,0.418592171,3378.0,0.0
0.7068952061609793,0.053784734,0.160322111,0.437341395,3378.0,0.0
0.6644567969678054,0.005913621,0.151266699,0.446783947,3378.0,0.0
0.6401802067196254,0.0016205464999999998,0.129440008,0.4317274105,3378.0,0.0
0.6332236185078463,0.010721499,0.114614754,0.431724283,3378.0,0.0
0.6340552330254076,0.064799593,0.111312371,0.449515823,3378.0,0.0
0.6392517848063147,0.142830648,0.10691387,0.466003171,3378.0,0.0
0.6703211354263255,0.225462814,0.094511563,0.470115053,3378.0,0.0
0.7398639049289266,0.300437264,0.064223015,0.45544751,3378.0,0.0
0.8063381433702732,0.444698634,0.062380155,0.443103368,3378.0,0.0
0.8328950731001061,0.591822443,0.074499274,0.444274516,3378.0,0.0
0.8406268938633591,0.72734912,0.097937404,0.454937726,3378.0,0.0
0.8411468100246106,0.837973017,0.106915632,0.466566698,3378.0,0.0
0.8434216374128138,0.915014049,0.104605054,0.458791987,3378.0,0.0
0.8463607698664448,0.951322408,0.096295111,0.45281241,3378.0,0.0
0.8460753768495003,0.943110474,0.095040636,0.448081805,3378.0,0.0
0.8470244947943685,0.854699904,0.095176525,0.442019495,3378.0,0.0
0.8441378761986904,0.752872163,0.094164629,0.433030929,3378.0,0.0
0.8390425804527517,0.676943578,0.093258184,0.416158671,3378.0,0.0
0.8376204508967773,0.553211457,0.095382713,0.396193308,3378.0,0.0
0.8335761092681794,0.418204804,0.094864694,0.375370961,3378.0,0.0
0.8303475220479143,0.282560484,0.100948917,0.366250663,3378.0,0.0
0.8235466377831238,0.214985162,0.133616754,0.359777414,3378.0,0.0
0.790120352606961,0.141009092,0.160794073,0.353845323,3378.0,0.0
0.745296769070622,0.050364984,0.168001735,0.342121127,3378.0,0.0
0.6642482887005311,0.005231837,0.136171153,0.332533503,3378.0,0.0
0.6447762823358701,0.001202731,0.114661069,0.298603304,3378.0,0.0
0.6340978097655154,0.0056907929999999995,0.109762613,0.276461799,3378.0,0.0
0.6369343566695994,0.0859810595,0.14392504849999999,0.29060201350000003,3378.0,0.0
0.6707149409505841,0.180948013,0.136685887,0.286228214,3378.0,0.0
0.742227561051086,0.230300351,0.104390849,0.260245676,3378.0,0.0
0.8080594471607677,0.315836313,0.099369729,0.229392107,3378.0,0.0
0.8355911716269413,0.474043364,0.107257484,0.223676446,3378.0,0.0
0.8404517509805984,0.532286863,0.122916644,0.24167122,3378.0,0.0
0.8424512429053035,0.603274634,0.143945885,0.266562745,3378.0,0.0
0.8465591233659148,0.615446247,0.155409988,0.250513318,3378.0,0.0
0.8499035700281716,0.630115311,0.174031831,0.260913765,3378.0,0.0
0.8529124307591277,0.564879444,0.194610918,0.282926418,3378.0,0.0
0.8549714965869339,0.573681504,0.222343105,0.29773736,3378.0,0.0
0.852130428624838,0.535745676,0.25148253,0.285249258,3378.0,0.0
0.8497163383235395,0.435095728,0.282213645,0.285682971,3378.0,0.0
0.8479051415576974,0.334171657,0.312791652,0.287877441,3378.0,0.0
0.8444178535493824,0.256950704,0.332908068,0.28604766,3378.0,0.0
0.8403972062478008,0.168595901,0.353483759,0.28751203,3378.0,0.0
0.8277074185976371,0.127416285,0.375882643,0.311451563,3378.0,0.0
0.7896906671130373,0.079115142,0.410522209,0.352322289,3378.0,0.0
0.7446731306996391,0.017195166,0.434010001,0.395899195,3378.0,0.0
0.6656916464087589,0.002484183,0.465617473,0.439449904,3378.0,0.0
0.6447995413629682,0.0,0.458759202,0.496417215,3378.0,0.0
0.6342773046635077,0.0018542835,0.4345605715,0.5264029615,3378.0,0.0
0.6368212052575242,0.0316399725,0.394323826,0.543586206,3378.0,0.0
0.671121028938269,0.102567465,0.357799904,0.521748247,3378.0,0.0
0.7437529775168737,0.143530632,0.341273442,0.475600001,3378.0,0.0
0.8100562800563154,0.237799942,0.311646139,0.409745852,3378.0,0.0
0.8357544193293853,0.315691087,0.278072736,0.360363088,3378.0,0.0
0.8433322765581619,0.39882507,0.263656914,0.325593066,3378.0,0.0
0.8460692838313856,0.473103582,0.253898376,0.307691783,3378.0,0.0
0.850607043033895,0.527172075,0.222068681,0.244339396,3378.0,0.0
0.8522110854490264,0.552805775,0.223962933,0.246555626,3378.0,0.0
0.8537097132587221,0.542261755,0.23302274,0.255331012,3378.0,0.0
0.8550340683919135,0.502921853,0.228043471,0.271082928,3378.0,0.0
0.8507480471466634,0.472547248,0.21554913,0.297195764,3378.0,0.0
0.845975474731095,0.405592624,0.197510082,0.325530387,3378.0,0.0
0.8410374304902631,0.331831661,0.169083376,0.362926543,3378.0,0.0
0.8356751164217601,0.242657925,0.153177626,0.39126054,3378.0,0.0
0.8301620311493749,0.169374078,0.143449869,0.401221551,3378.0,0.0
0.8231667583140265,0.11123451,0.149208695,0.418379474,3378.0,0.0
0.7854796933841677,0.061838757,0.162559401,0.447449803,3378.0,0.0
0.7394204870213965,0.008106382,0.162946699,0.468470461,3378.0,0.0
0.663889202083769,0.0,0.130762277,0.448140718,3378.0,0.0
0.6402671980235015,0.0,0.113518342,0.43449910550000004,3378.0,0.0
0.6339664527018402,0.0039292369999999995,0.0982060745,0.38850648600000004,3378.0,0.0
0.639259134920215,0.039450171,0.091058617,0.359304173,3378.0,0.0
0.671121028938269,0.099926999,0.077995997,0.342074261,3378.0,0.0
0.742227561051086,0.148330547,0.060760557,0.328183889,3378.0,0.0
0.8063381433702732,0.24145327,0.056977167,0.317377622,3378.0,0.0
0.8316237151415942,0.336586401,0.059443914,0.305567021,3378.0,0.0
0.8384962621313576,0.407655028,0.065980417,0.297520165,3378.0,0.0
0.8382143507265982,0.438982046,0.073901349,0.298285403,3378.0,0.0
0.8402949827922184,0.44409519,0.06657254,0.292347947,3378.0,0.0
0.8404299911012298,0.424311147,0.073123869,0.309257384,3378.0,0.0
0.8399551418632535,0.439915463,0.074880978,0.328458281,3378.0,0.0
0.8409292112309238,0.429500037,0.074533908,0.335679638,3378.0,0.0
0.8394346451709175,0.418620603,0.07963551,0.32246588,3378.0,0.0
0.8363448375470209,0.34915569,0.088092739,0.299769094,3378.0,0.0
0.8345824801725521,0.298114965,0.094751956,0.270355963,3378.0,0.0
0.8320635554033222,0.205835119,0.104080292,0.259978686,3378.0,0.0
0.8285965761434549,0.137057741,0.119808705,0.267277108,3378.0,0.0
0.8203466768458206,0.121369791,0.141689139,0.293394876,3378.0,0.0
0.7840060169972739,0.068451356,0.162077096,0.322696537,3378.0,0.0
0.7391835457191349,0.017676433,0.178123137,0.35255369,3378.0,0.0
0.6642491593003678,0.001930963,0.182960157,0.385368533,3378.0,0.0
0.6399471583210633,0.0,0.21040191949999998,0.387114309,3378.0,0.0
0.6338350712361802,0.006487337,0.222583674,0.34363508249999997,3378.0,0.0
0.639259134920215,0.029065177,0.205734918,0.340115705,3378.0,0.0
0.6710767354004726,0.06649905,0.185421765,0.326792612,3378.0,0.0
0.7429591286126563,0.083637189,0.153983613,0.317566448,3378.0,0.0
0.8080594471607677,0.140132322,0.134053895,0.311520485,3378.0,0.0
0.8346173927216035,0.206295946,0.117492831,0.300733231,3378.0,0.0
0.8406268938633591,0.257503139,0.105520036,0.283151441,3378.0,0.0
0.8411468100246106,0.320427399,0.094762178,0.27069213,3378.0,0.0
0.8434216374128138,0.355385785,0.077018864,0.218399989,3378.0,0.0
0.8462772119611556,0.388322097,0.078084088,0.231779428,3378.0,0.0
0.8501596598038725,0.393689132,0.084725473,0.244143163,3378.0,0.0
0.8516842060634041,0.356757002,0.094361758,0.245725342,3378.0,0.0
0.8489053230167583,0.326357332,0.109859802,0.251931481,3378.0,0.0
0.8454442431334507,0.259111036,0.124755924,0.270407035,3378.0,0.0
0.8428061709515986,0.196132494,0.135573359,0.287203349,3378.0,0.0
0.8383176376364116,0.135492031,0.152868427,0.285661022,3378.0,0.0
0.8312248808406126,0.084181065,0.174590368,0.28569424,3378.0,0.0
0.8230777847424846,0.053380641,0.201265755,0.29408883,3378.0,0.0
0.7875912246595382,0.023106451,0.23401796,0.302727468,3378.0,0.0
0.7444210062464306,0.003506878,0.252084022,0.313074348,3378.0,0.0
0.6516125624664385,0.0,0.257673832,0.364887597,3378.0,0.0
0.6239509074687359,0.0,0.2754217095,0.389127036,3378.0,0.0
0.6124748141164361,0.003348506,0.291824739,0.41769784600000004,3378.0,0.0
0.6132889965646662,0.023315233,0.298878471,0.441057165,3378.0,0.0
0.6215479871758739,0.051536881,0.320239181,0.450430317,3378.0,0.0
0.6363481934496278,0.079488152,0.34975871,0.448550524,3378.0,0.0
0.6676640111982312,0.130627237,0.348525782,0.451879874,3378.0,0.0
0.6949824886891597,0.149963071,0.339777189,0.45248685,3378.0,0.0
0.7239503659808267,0.173321039,0.329747012,0.446775329,3378.0,0.0
0.7304290586423624,0.200478426,0.325090442,0.445417359,3378.0,0.0
0.7336833226541,0.226982096,0.316995699,0.398518602,3378.0,0.0
0.7338329339765544,0.22748048,0.317628601,0.378485678,3378.0,0.0
0.7369212908631102,0.2435115555,0.317804782,0.371214384,3378.0,0.0
0.7389743608871596,0.25082126,0.330996747,0.37970955,3378.0,0.0
0.7413738477814348,0.245459763,0.342355443,0.388321063,3378.0,0.0
0.7425007200149929,0.231619733,0.347530192,0.405082228,3378.0,0.0
0.7407585749617747,0.194792726,0.328991254,0.42206248,3378.0,0.0
0.7404278245592225,0.149291318,0.297271692,0.444356162,3378.0,0.0
0.7349046809462302,0.104709486,0.262806577,0.475437383,3378.0,0.0
0.728049251948642,0.059213454,0.257757502,0.485530699,3378.0,0.0
0.7130421813929291,0.014550583,0.263099137,0.473921751,3378.0,0.0
0.6421723005136217,0.0008341985,0.24361069349999998,0.462683438,3378.0,0.0
0.617936183711912,0.0,0.232887564,0.462743085,3378.0,0.0
0.6124005645843089,0.017186648,0.210308789,0.463209152,3378.0,0.0
0.6133034067237149,0.09002694,0.174179343,0.465726476,3378.0,0.0
0.6218444535772676,0.151475585,0.119075158,0.454109371,3378.0,0.0
0.6373934902423526,0.208530545,0.082454357,0.412572687,3378.0,0.0
0.6681446629919899,0.329982695,0.054836883,0.353434363,3378.0,0.0
0.6970004041122141,0.477320647,0.039086743,0.298925126,3378.0,0.0
0.7283538906533839,0.591617375,0.028708935,0.243790594,3378.0,0.0
0.7335543589528144,0.67191217,0.024184036,0.205822438,3378.0,0.0
0.7382505783458277,0.664045087,0.022482302,0.151326812,3378.0,0.0
0.7401878857486629,0.669770695,0.020112261,0.138092597,3378.0,0.0
0.7404152524206244,0.640370084,0.019636972,0.141516982,3378.0,0.0
0.7410518014093462,0.549660239,0.021007758,0.156784067,3378.0,0.0
0.7402197035750584,0.48166097,0.026227666,0.173382901,3378.0,0.0
0.7412491878817825,0.368886884,0.035053668,0.187116105,3378.0,0.0
0.7416043091760522,0.259773062,0.047575487,0.199783334,3378.0,0.0
0.740162740684306,0.164424231,0.060660548,0.207032384,3378.0,0.0
0.7391072411069685,0.101849668,0.080237516,0.225516839,3378.0,0.0
0.7325229401984424,0.051723313,0.100799747,0.256802589,3378.0,0.0
0.7276625064695318,0.014399927,0.114795795,0.28504669,3378.0,0.0
0.7130421813929291,0.003764572,0.123617742,0.288885831,3378.0,0.0
0.666678046256664,0.0,0.113432794,0.269254888,3378.0,0.0
0.6402079385911369,0.0,0.1195611935,0.233758509,3378.0,0.0
0.6334760330298068,0.0050273225,0.1483886575,0.1944430395,3378.0,0.0
0.6395402725459152,0.025002339,0.161763456,0.17381217,3378.0,0.0
0.6713164809630575,0.061435125,0.157518572,0.176265385,3378.0,0.0
0.7435793337818426,0.115824072,0.142498036,0.180978276,3378.0,0.0
0.8085636480503765,0.206195903,0.139121276,0.177517417,3378.0,0.0
0.8345745499211477,0.309123798,0.141172878,0.184578319,3378.0,0.0
0.8401847326580343,0.377806308,0.140746635,0.201300658,3378.0,0.0
0.839975064115752,0.359734365,0.13249584,0.223547838,3378.0,0.0
0.8405620975419796,0.333778775,0.139052258,0.225299025,3378.0,0.0
0.8410815303865045,0.302675172,0.138659317,0.255796136,3378.0,0.0
0.8406767963153828,0.281436013,0.135925898,0.285635667,3378.0,0.0
0.8413280459254858,0.314749986,0.132658202,0.315955062,3378.0,0.0
0.8394346451709175,0.272637731,0.140665972,0.328706052,3378.0,0.0
0.8360282072347655,0.292385255,0.145730667,0.319778786,3378.0,0.0
0.8347089776990747,0.273039295,0.147350936,0.316132587,3378.0,0.0
0.8318654919726044,0.220947666,0.145832712,0.307135005,3378.0,0.0
0.8290987945686077,0.148409216,0.147309943,0.305324312,3378.0,0.0
0.8211776144051004,0.138297208,0.158484832,0.302776621,3378.0,0.0
0.7856644108972284,0.096908229,0.177256779,0.303639548,3378.0,0.0
0.7444210062464306,0.02343423,0.187646021,0.297078384,3378.0,0.0
0.6652916514391887,0.001896452,0.187680746,0.328656157,3378.0,0.0
0.6402079385911369,0.0,0.17591721100000002,0.317348876,3378.0,0.0
0.6336661179955216,0.019710557,0.15335991999999998,0.2562514865,3378.0,0.0
0.6396653193350971,0.082001429,0.131089553,0.223017879,3378.0,0.0
0.6713164809630575,0.156338805,0.105642949,0.20113064,3378.0,0.0
0.743139590340892,0.220405544,0.061719717,0.184091374,3378.0,0.0
0.8080594471607677,0.334734662,0.050224956,0.181183413,3378.0,0.0
0.8345782247813076,0.504109198,0.049128032,0.186203359,3378.0,0.0
0.8404517509805984,0.639554717,0.056294952,0.201831285,3378.0,0.0
0.8429317978782846,0.730869809,0.07051184,0.214851863,3378.0,0.0
0.8465846549262208,0.802634531,0.052212725,0.172123187,3378.0,0.0
0.8472719773603834,0.792661891,0.062632607,0.188210579,3378.0,0.0
0.8488529055860023,0.743016379,0.06953695,0.190729386,3378.0,0.0
0.8510060709764318,0.67035457,0.072047557,0.187374749,3378.0,0.0
0.8487991346322638,0.59885417,0.069253332,0.183246996,3378.0,0.0
0.8466770136827512,0.545759517,0.063802765,0.194927066,3378.0,0.0
0.844569592567459,0.458722419,0.061355131,0.210182719,3378.0,0.0
0.8410288232805769,0.352661119,0.058810371,0.210579029,3378.0,0.0
0.8353376932571694,0.243062989,0.062484223,0.208001737,3378.0,0.0
0.8257968038172769,0.17053296,0.074379238,0.21533047,3378.0,0.0
0.7907935553444072,0.109895455,0.080013959,0.218254148,3378.0,0.0
0.7477034612412119,0.026840497,0.076323165,0.212092723,3378.0,0.0
0.6577012456866378,0.0010911065,0.0770380125,0.2204931145,3378.0,0.0
0.6344805018913178,0.010506618,0.06463734033333333,0.2196020883333333,3378.0,0.0
0.6396653193350971,0.07583609,0.059562608,0.238909791,3378.0,0.0
0.6735303805315963,0.150959293,0.05330585,0.242882261,3378.0,0.0
0.7459873314586067,0.219016029,0.036862993,0.233123948,3378.0,0.0
0.810104344881469,0.366804881,0.024190716,0.23088925,3378.0,0.0
0.8375215158054057,0.515629091,0.029409602,0.242057643,3378.0,0.0
0.846703028559784,0.634703561,0.040156579,0.258432293,3378.0,0.0
0.8502842228827474,0.715875461,0.051020264,0.264544329,3378.0,0.0
0.8541224740084454,0.720384173,0.042237261,0.192289313,3378.0,0.0
0.8563615182477609,0.734976713,0.049729917,0.200942698,3378.0,0.0
0.8569914912952219,0.717676815,0.05414508,0.216781918,3378.0,0.0
0.8559859909906857,0.666799704,0.057100533,0.236376839,3378.0,0.0
0.8524629198334829,0.618735442,0.058180325,0.244043864,3378.0,0.0
0.8495397447034383,0.473574891,0.054354042,0.234179081,3378.0,0.0
0.8467989657492772,0.395519478,0.054927894,0.227294703,3378.0,0.0
0.8401518513774082,0.315887595,0.060465022,0.214076833,3378.0,0.0
0.8353376932571694,0.205350005,0.075089276,0.201473833,3378.0,0.0
0.8250309522545484,0.158850832,0.105512028,0.194154008,3378.0,0.0
0.7895903784986829,0.093869993,0.13203269,0.185781152,3378.0,0.0
0.7459528542094738,0.02219809,0.146959516,0.16498635,3378.0,0.0
0.6674059389580742,0.001586881,0.129315865,0.179154777,3378.0,0.0
0.6407481156808179,0.0,0.101742925,0.17693334700000002,3378.0,0.0
0.6337275533371071,0.017143293,0.077245483,0.19141477099999998,3378.0,0.0
0.6396653193350971,0.093152888,0.070661917,0.225622719,3378.0,0.0
0.673642903592569,0.15921405,0.057478688,0.241969571,3378.0,0.0
0.7458482613999057,0.207166095,0.033023251,0.22597925,3378.0,0.0
0.8112282192131486,0.337891602,0.036749991,0.212562867,3378.0,0.0
0.8395168491596435,0.47447366,0.054001539,0.209255896,3378.0,0.0
0.8497667244858703,0.570575255,0.060487314,0.209329755,3378.0,0.0
0.8560955641665882,0.626059374,0.061732978,0.210821552,3378.0,0.0
0.8595617696473965,0.667069418,0.043370363,0.181834597,3378.0,0.0
0.8602817801142105,0.715859675,0.041051023,0.190830071,3378.0,0.0
0.8616700609689448,0.712744798,0.044143097,0.209740765,3378.0,0.0
0.8601501569901874,0.66388808,0.047041645,0.224024262,3378.0,0.0
0.8548489643829038,0.527618794,0.051758897,0.223273639,3378.0,0.0
0.8523368091964899,0.404157776,0.054099538,0.228050222,3378.0,0.0
0.8485836635341991,0.293497913,0.053676284,0.229033972,3378.0,0.0
0.8444036370318886,0.276239608,0.052748241,0.208106917,3378.0,0.0
0.8367329373362746,0.1727129,0.059621733,0.178881326,3378.0,0.0
0.8270497866878281,0.118701804,0.082965386,0.172406167,3378.0,0.0
0.7903759102619662,0.062650268,0.108583654,0.195168022,3378.0,0.0
0.7477034612412119,0.014857756,0.112900381,0.206275917,3378.0,0.0
0.6696427102706012,0.0,0.101877714,0.202156905,3378.0,0.0
0.6494137500152302,0.0,0.068708281,0.17408492,3378.0,0.0
0.637327968749093,0.0008476805,0.0471480865,0.160650559,3378.0,0.0
0.6347033875192742,0.019207695,0.03994268,0.159445146,3378.0,0.0
0.6400196672438881,0.067955479,0.041294431,0.163207058,3378.0,0.0
0.673455429835993,0.130191254,0.037994632,0.173159449,3378.0,0.0
0.745546137673896,0.173546904,0.023968216,0.17013833,3378.0,0.0
0.812019311873851,0.273057143,0.017110648,0.155549418,3378.0,0.0
0.8402472080358169,0.375024293,0.01699936,0.143994747,3378.0,0.0
0.8534943385878546,0.485721194,0.017702,0.137209373,3378.0,0.0
0.8579262962953994,0.567079235,0.0181329,0.142531081,3378.0,0.0
0.8624991612949348,0.603751509,0.018146318,0.155774534,3378.0,0.0
0.8660785179910281,0.650179206,0.021011076,0.171579637,3378.0,0.0
0.8655920636414872,0.670097654,0.025444414,0.177419483,3378.0,0.0
0.8630161759815049,0.627156467,0.034760125,0.176710344,3378.0,0.0
0.8548507051889965,0.555660661,0.04452764,0.1597963,3378.0,0.0
0.8524714302223915,0.470254048,0.045249555,0.158707587,3378.0,0.0
0.8485438186356219,0.349661113,0.046665905,0.163237487,3378.0,0.0
0.8464020651087825,0.233227722,0.04587153,0.164494232,3378.0,0.0
0.8411626705274196,0.147764268,0.041839195,0.150403614,3378.0,0.0
0.8277074185976371,0.128657046,0.046524519,0.149609972,3378.0,0.0
0.7904490721346683,0.068304272,0.054358939,0.15428682,3378.0,0.0
0.7475875053720231,0.012246548,0.058059732,0.166425313,3378.0,0.0
0.6543846759302685,0.0,0.063911109,0.193607066,3378.0,0.0
0.6252858764812639,0.0,0.0662509915,0.201954677,3378.0,0.0
0.6124525707235506,0.009735288,0.0677069075,0.197801669,3378.0,0.0
0.6134852707789025,0.072919521,0.063048222,0.185485276,3378.0,0.0
0.6228805142188331,0.143067047,0.048689994,0.166576849,3378.0,0.0
0.6376315918196224,0.214078253,0.028357036,0.149218181,3378.0,0.0
0.6677914273413987,0.321902423,0.021914744,0.134636605,3378.0,0.0
0.6950378072010164,0.420065559,0.019956424,0.120859004,3378.0,0.0
0.7239948043562091,0.510893082,0.01852251,0.115882476,3378.0,0.0
0.7300617032950549,0.580793177,0.019466752,0.126970624,3378.0,0.0
0.7342138772934627,0.621876042,0.023860828,0.134688396,3378.0,0.0
0.7352659436690033,0.623269559,0.030231946,0.154754731,3378.0,0.0
0.7351761479080134,0.643561842,0.038761233,0.194539449,3378.0,0.0
0.7385892589997843,0.619424051,0.049090706,0.251663785,3378.0,0.0
0.7394960662648925,0.552943993,0.059180901,0.289373667,3378.0,0.0
0.7400680129673705,0.497741598,0.064576425,0.314498548,3378.0,0.0
0.7409499652368737,0.378600651,0.068698446,0.335249731,3378.0,0.0
0.740159549534453,0.300208572,0.071133159,0.328845065,3378.0,0.0
0.7389917685545063,0.206814624,0.07075538,0.314504604,3378.0,0.0
0.7314826725760213,0.142015471,0.07976281,0.309551768,3378.0,0.0
0.7271356266903292,0.091150465,0.093095977,0.306779643,3378.0,0.0
0.7115394918335439,0.015417957,0.096496128,0.285542366,3378.0,0.0
0.6508875232229013,0.0,0.099593925,0.264483014,3378.0,0.0
0.6298037374396791,0.0,0.090184407,0.220236287,3378.0,0.0
0.617936183711912,0.0,0.084668908,0.188039828,3378.0,0.0
0.6122944488153974,0.013104049999999999,0.07747909,0.178666216,3378.0,0.0
0.6134852707789025,0.0681741,0.071513358,0.179592944,3378.0,0.0
0.6245219837681674,0.153106521,0.046140969,0.170963534,3378.0,0.0
0.6381984129245996,0.1838009,0.02245357,0.162547817,3378.0,0.0
0.6694972575186138,0.2587609,0.018660045,0.152906049,3378.0,0.0
0.6979716204155918,0.346313974,0.023531349,0.141842772,3378.0,0.0
0.7289983702870907,0.467326554,0.040993288,0.136379138,3378.0,0.0
0.7334011695909773,0.545807248,0.068416838,0.137899825,3378.0,0.0
0.736830673306253,0.591597243,0.083831986,0.143637449,3378.0,0.0
0.7394486295940516,0.569194358,0.095197041,0.175657671,3378.0,0.0
0.7404152524206244,0.509462984,0.105882317,0.188858245,3378.0,0.0
0.7413102125222244,0.428646002,0.115047481,0.185250186,3378.0,0.0
0.7416417363102552,0.378515592,0.116780228,0.17605229,3378.0,0.0
0.7431607700827566,0.332021094,0.113166026,0.153811103,3378.0,0.0
0.7437906463094401,0.265364425,0.108952074,0.133839514,3378.0,0.0
0.7417517931964648,0.222725175,0.097348118,0.129689821,3378.0,0.0
0.7420353001761504,0.162652501,0.092966612,0.138273181,3378.0,0.0
0.7379559011609155,0.119466008,0.109973425,0.155788964,3378.0,0.0
0.7275416178572366,0.07766782,0.131616742,0.17428935,3378.0,0.0
0.7131310585372741,0.008207448,0.140598853,0.184990281,3378.0,0.0
0.6693071247328809,0.0,0.121188,0.195384086,3378.0,0.0
0.6429141676805818,0.0,0.100810847,0.21095896349999999,3378.0,0.0
0.635125819523285,0.0069838999999999995,0.0818566285,0.21296518199999998,3378.0,0.0
0.6416081392249624,0.065036481,0.067779389,0.202940867,3378.0,0.0
0.6744796437076308,0.154490567,0.050974621,0.1874381,3378.0,0.0
0.7458039678621092,0.231921316,0.030587082,0.147045181,3378.0,0.0
0.8116557766178698,0.364546899,0.019459391,0.115330492,3378.0,0.0
0.8406961384303772,0.500186108,0.019757934,0.101921312,3378.0,0.0
0.8560149073423997,0.651472056,0.025457433,0.09813193,3378.0,0.0
0.8628813613140484,0.76504203,0.037516341,0.101553817,3378.0,0.0
0.8699083551550146,0.826079997,0.062364668,0.115062548,3378.0,0.0
0.8772743195218994,0.85315384,0.075906736,0.1429408775,3378.0,0.0
0.8765922197028051,0.782045719,0.082771899,0.180049519,3378.0,0.0
0.8709046681123607,0.722171857,0.083006376,0.206200359,3378.0,0.0
0.8682822627917627,0.614512961,0.085083182,0.225292008,3378.0,0.0
0.858996689348512,0.486918587,0.083719504,0.229482327,3378.0,0.0
0.8549765253636571,0.380845728,0.081795229,0.225158188,3378.0,0.0
0.8467618286838261,0.248578052,0.094415812,0.213628354,3378.0,0.0
0.8377278963770576,0.191743858,0.126069386,0.207339099,3378.0,0.0
0.798746359692755,0.116062337,0.164058931,0.209041308,3378.0,0.0
0.7556688381217381,0.015415303,0.175665982,0.205709169,3378.0,0.0
0.6748763991169593,0.0,0.152314023,0.217449949,3378.0,0.0
0.6518790970786958,0.0,0.13607477,0.223065925,3378.0,0.0
0.6414979857147657,0.00069335,0.10777738349999999,0.2209667965,3378.0,0.0
0.6413501150016138,0.024743694,0.092121059,0.227393109,3378.0,0.0
0.6468823495345992,0.093610365,0.08941062,0.246209473,3378.0,0.0
0.6762323788285717,0.176060358,0.078706105,0.257431553,3378.0,0.0
0.7483563064262413,0.245373862,0.055693695,0.248451506,3378.0,0.0
0.8169494258632785,0.371354674,0.037520156,0.220226524,3378.0,0.0
0.8512385632458939,0.511866009,0.04027641,0.206574014,3378.0,0.0
0.8628036059645413,0.62590862,0.05794337,0.212322522,3378.0,0.0
0.8673883665379736,0.732832665,0.082714837,0.223754581,3378.0,0.0
0.8729016454519138,0.750453307,0.108501663,0.217221609,3378.0,0.0
0.8729864608465692,0.722484208,0.109375922,0.231112201,3378.0,0.0
0.8712812592172469,0.677493212,0.117756717,0.256983189,3378.0,0.0
0.8729400396131506,0.592977628,0.132093393,0.27542857,3378.0,0.0
0.8671292788603943,0.54179957,0.143097176,0.288111585,3378.0,0.0
0.8631340662983414,0.421472551,0.151350929,0.294746389,3378.0,0.0
0.8573694363166714,0.345879249,0.151311834,0.305838469,3378.0,0.0
0.8483444012883409,0.234423279,0.137132708,0.320034216,3378.0,0.0
0.8430193211060664,0.153294706,0.131652084,0.333579377,3378.0,0.0
0.8362955152325013,0.130692645,0.150066674,0.343091379,3378.0,0.0
0.7990814619137486,0.083911445,0.18246129,0.345430911,3378.0,0.0
0.7576231663023905,0.010842026,0.197245572,0.343138838,3378.0,0.0
0.6826352021778591,0.0,0.153138709,0.381558974,3378.0,0.0
0.6517821206401663,0.0,0.1492259515,0.349899174,3378.0,0.0
0.6435456394821919,0.010265722,0.13472306,0.3233465285,3378.0,0.0
0.6492214407299057,0.09081457,0.121732114,0.329371456,3378.0,0.0
0.6775155351466224,0.16748086,0.102590852,0.335051754,3378.0,0.0
0.7471810304948087,0.2328689,0.071281442,0.328559932,3378.0,0.0
0.8123802361174834,0.349858292,0.057236271,0.284113814,3378.0,0.0
0.8402737066231567,0.485644835,0.076473353,0.243496048,3378.0,0.0
0.8488633504225587,0.586484571,0.121264438,0.22238075,3378.0,0.0
0.8554135609714812,0.658633733,0.189385647,0.240757119,3378.0,0.0
0.8584553033766439,0.664854159,0.211558104,0.327469563,3378.0,0.0
0.8587833455524893,0.605356117,0.218706704,0.352605515,3378.0,0.0
0.8590264763000627,0.615429829,0.234800183,0.363363962,3378.0,0.0
0.8578756196707362,0.555356403,0.242937191,0.35700228,3378.0,0.0
0.8533902778989825,0.486863099,0.237822218,0.353048994,3378.0,0.0
0.8508406959719458,0.38788421,0.218982103,0.317383491,3378.0,0.0
0.8487856918938291,0.27963969,0.202454291,0.30631185,3378.0,0.0
0.8456529446486993,0.196918787,0.177638462,0.303424046,3378.0,0.0
0.84051277522746,0.127203151,0.162273517,0.308214473,3378.0,0.0
0.8295546881875389,0.07795863,0.161556936,0.315765657,3378.0,0.0
0.7918587259792418,0.040005138,0.166471037,0.349719871,3378.0,0.0
0.7509868836566072,0.00497039,0.164356468,0.392230279,3378.0,0.0
0.6601966939756005,0.0,0.14851786150000001,0.432262556,3378.0,0.0
0.6396464609304098,0.0,0.13663243,0.4377749265,3378.0,0.0
0.6390581700148159,0.014147908,0.1277635,0.424421167,3378.0,0.0
0.6445446602726642,0.06312927,0.112746606,0.411025534,3378.0,0.0
0.6763262363392509,0.110088645,0.088386274,0.384237054,3378.0,0.0
0.7457797902183664,0.160584069,0.065132479,0.338180593,3378.0,0.0
0.8113906931365337,0.25431951,0.053761823,0.291793603,3378.0,0.0
0.8377222870692499,0.325731244,0.055516478,0.258740141,3378.0,0.0
0.8488347241395966,0.396352583,0.0733648,0.242802281,3378.0,0.0
0.8554932503750556,0.463493066,0.100611229,0.239393669,3378.0,0.0
0.8575807492378493,0.473419835,0.106794645,0.194191165,3378.0,0.0
0.8579582105489918,0.449059154,0.109528269,0.17418069,3378.0,0.0
0.8590264763000627,0.437084765,0.107825323,0.16745041,3378.0,0.0
0.8578756196707362,0.425459287,0.102485145,0.170419358,3378.0,0.0
0.8535924999001673,0.366617822,0.093531031,0.176151854,3378.0,0.0
0.850869902392412,0.31815284,0.090245058,0.183028299,3378.0,0.0
0.8487856918938291,0.233539998,0.093037192,0.183040221,3378.0,0.0
0.845476254601401,0.179586613,0.093603511,0.183141909,3378.0,0.0
0.8400216785971452,0.112555455,0.095564921,0.187375383,3378.0,0.0
0.8270224175006518,0.070983435,0.099781841,0.198207075,3378.0,0.0
0.7904490721346683,0.034539502,0.107486212,0.21308338,3378.0,0.0
0.7475875053720231,0.003100658,0.108586302,0.23163693,3378.0,0.0
0.6686525871521473,0.0,0.087539615,0.253465286,3378.0,0.0
0.6476513922471808,0.0,0.080465149,0.257474836,3378.0,0.0
0.635498767976007,0.0021696093333333335,0.06968619666666666,0.2397393263333333,3378.0,0.0
0.6396653193350971,0.04235319,0.058763868,0.21848453,3378.0,0.0
0.672889286082878,0.11194157,0.045501911,0.200342946,3378.0,0.0
0.74452811324757,0.170583518,0.025084603,0.170324301,3378.0,0.0
0.8104404145230768,0.268088985,0.019272181,0.143068065,3378.0,0.0
0.8366335189281764,0.319054012,0.02076779,0.129045164,3378.0,0.0
0.846703028559784,0.414747607,0.025021616,0.12823602,3378.0,0.0
0.8529776135764563,0.494462268,0.03611125,0.130842942,3378.0,0.0
0.8575807492378493,0.567055858,0.04666957,0.124394521,3378.0,0.0
0.8580874159086407,0.585764178,0.050185861,0.132030732,3378.0,0.0
0.8591597434094012,0.639364639,0.050047718,0.15106612,3378.0,0.0
0.858363137868088,0.568021054,0.049883021,0.179305741,3378.0,0.0
0.8548891957774303,0.536567308,0.049764208,0.186234171,3378.0,0.0
0.8514677675447254,0.452167593,0.049413451,0.205154521,3378.0,0.0
0.8490813361057751,0.345203894,0.055501714,0.212735785,3378.0,0.0
0.8460896897941911,0.252468683,0.054423641,0.228939028,3378.0,0.0
0.8413715656842232,0.165434773,0.056866259,0.247972248,3378.0,0.0
0.8295546881875389,0.110117688,0.072251168,0.253296369,3378.0,0.0
0.7915825203094873,0.052148917,0.087770847,0.27276878,3378.0,0.0
0.7479387581645779,0.004989643,0.094127423,0.283747925,3378.0,0.0
0.6554100984873031,0.0,0.07580852,0.270701504,3378.0,0.0
0.6267332961359713,0.0,0.07016206250000001,0.3104023455,3378.0,0.0
0.6139272867530612,0.0052401535,0.063214416,0.3431499355,3378.0,0.0
0.6195787169122673,0.082746537,0.0564742105,0.3349189025,3378.0,0.0
0.6389975326574838,0.170968513,0.042667046,0.30873479,3378.0,0.0
0.6697064911545582,0.279299963,0.036743726,0.257353859,3378.0,0.0
0.7000467887981507,0.427374738,0.036482376,0.218163875,3378.0,0.0
0.7290181957188115,0.560276313,0.044852683,0.220137686,3378.0,0.0
0.7367399585350379,0.676730751,0.057807523,0.238266236,3378.0,0.0
0.7398582476043106,0.740017046,0.054201888,0.210240971,3378.0,0.0
0.7419097216598531,0.702487938,0.067550558,0.195002669,3378.0,0.0
0.7414985080746676,0.638614414,0.079540758,0.221970653,3378.0,0.0
0.7413064404477067,0.589351104,0.088616077,0.243705925,3378.0,0.0
0.7410600221230833,0.472143597,0.098774761,0.256240924,3378.0,0.0
0.7432294829226593,0.352661529,0.092027653,0.273374731,3378.0,0.0
0.744264818589135,0.284616193,0.089860681,0.31073355,3378.0,0.0
0.742549268944034,0.18937412,0.096014259,0.332863602,3378.0,0.0
0.7423389230498896,0.123881544,0.101597881,0.346604678,3378.0,0.0
0.7379559011609155,0.074384689,0.114981299,0.357892994,3378.0,0.0
0.7295520383288048,0.028526677,0.124375926,0.346505464,3378.0,0.0
0.7148085044834709,0.003705141,0.127785205,0.334701753,3378.0,0.0
0.6560201492822656,0.0,0.116143381,0.308979676,3378.0,0.0
0.6274906129078068,0.0,0.113931156,0.303947735,3378.0,0.0
0.6139551394537542,0.0021240925,0.1086416955,0.2787251625,3378.0,0.0
0.6190460833812514,0.039219194,0.103392843,0.25469669250000004,3378.0,0.0
0.6383428018287759,0.104584222,0.093818141,0.250633338,3378.0,0.0
0.6694410688005008,0.199189801,0.080524699,0.232059306,3378.0,0.0
0.6981282433728058,0.271350706,0.069414966,0.218593037,3378.0,0.0
0.728517814920529,0.349277099,0.066715835,0.216960466,3378.0,0.0
0.7335543589528144,0.414335427,0.072473568,0.238728927,3378.0,0.0
0.7385409521226871,0.468209243,0.069925436,0.229110018,3378.0,0.0
0.741059296754413,0.523796949,0.07433935,0.267623147,3378.0,0.0
0.7415868530983168,0.4598020265,0.088760958,0.338244936,3378.0,0.0
0.7412785879438035,0.405838789,0.099882214,0.414845805,3378.0,0.0
0.7429282778132945,0.357347992,0.10205925,0.438803596,3378.0,0.0
0.743942046848376,0.277658307,0.103946844,0.443711179,3378.0,0.0
0.7420011129957695,0.208434231,0.098696307,0.420899189,3378.0,0.0
0.7423389230498896,0.144386399,0.095642897,0.432321632,3378.0,0.0
0.7379559011609155,0.112336508,0.10964699,0.442153806,3378.0,0.0
0.7293668374990175,0.049148411,0.130555191,0.452445989,3378.0,0.0
0.7147843268397279,0.002781458,0.139782178,0.429703964,3378.0,0.0
0.6698212383383501,0.0,0.13540023,0.397528677,3378.0,0.0
0.6487460113544251,0.0,0.130582229,0.366998547,3378.0,0.0
0.6396119352708879,0.0,0.121374139,0.34256948,3378.0,0.0
0.6365844575968176,0.0038843165,0.11144887049999999,0.2947314505,3378.0,0.0
0.6422473964403911,0.045177666,0.102470658,0.25120706,3378.0,0.0
0.6745314321969135,0.089049021,0.089748049,0.238979528,3378.0,0.0
0.7458361725780341,0.123914622,0.082361306,0.237075745,3378.0,0.0
0.810104344881469,0.178871939,0.09188247,0.214703249,3378.0,0.0
0.8369460874907424,0.211845145,0.101594284,0.202088898,3378.0,0.0
0.8435757941952647,0.231033822,0.110993281,0.209678708,3378.0,0.0
0.8477268071315034,0.292751381,0.125325742,0.233770454,3378.0,0.0
0.853467356290208,0.403313106,0.14388991,0.28574589,3378.0,0.0
0.8558485653108803,0.42183578,0.146066906,0.328978189,3378.0,0.0
0.8563850189332224,0.447240446,0.141275745,0.35186128,3378.0,0.0
0.8565313422850463,0.454528575,0.134946855,0.364533609,3378.0,0.0
0.85289540958773,0.431092193,0.134282181,0.375298403,3378.0,0.0
0.8505594615254682,0.387596574,0.138345907,0.375224265,3378.0,0.0
0.8490710849107737,0.308465415,0.132737842,0.372657159,3378.0,0.0
0.8461349503590211,0.217992468,0.119397208,0.359998069,3378.0,0.0
0.8429177750023459,0.153350618,0.106622345,0.343775256,3378.0,0.0
0.8347920518940569,0.106971517,0.106608444,0.329408623,3378.0,0.0
0.7955960111387235,0.064073993,0.11755699,0.323990534,3378.0,0.0
0.7554600881961008,0.003973048,0.11593655,0.313367563,3378.0,0.0
0.6727908827186216,0.0,0.091215495,0.305215185,3378.0,0.0
0.6470429616259197,0.0,0.0798289315,0.2491432045,3378.0,0.0
0.6395905620842587,0.002783167,0.067392228,0.2202987075,3378.0,0.0
0.6459292178568498,0.039330649,0.064667866,0.190787342,3378.0,0.0
0.6764162737586041,0.111610495,0.058990132,0.167450551,3378.0,0.0
0.7475312682435215,0.17415521,0.042489618,0.146615801,3378.0,0.0
0.8145778882936837,0.277418661,0.041243162,0.12017975,3378.0,0.0
0.8449167836103242,0.375012438,0.049574679,0.115822436,3378.0,0.0
0.855817617690741,0.467376453,0.065074065,0.136804308,3378.0,0.0
0.8600127309168016,0.543385927,0.091945704,0.160342988,3378.0,0.0
0.8654173072546757,0.514533406,0.082185393,0.153933848,3378.0,0.0
0.8675961010261887,0.487520547,0.100405895,0.185438607,3378.0,0.0
0.8690211320568445,0.439572198,0.124883714,0.214174572,3378.0,0.0
0.8698451063917534,0.465802391,0.153651329,0.244568845,3378.0,0.0
0.8688745186362684,0.46908299,0.183192792,0.275794622,3378.0,0.0
0.8683279102461223,0.424174791,0.210778603,0.291538645,3378.0,0.0
0.8636384124191163,0.336058364,0.216059048,0.296362415,3378.0,0.0
0.8562247695262372,0.266924957,0.205427536,0.289118124,3378.0,0.0
0.8499441883122276,0.184248485,0.203945546,0.290911789,3378.0,0.0
0.8375742229113332,0.097682095,0.2245483,0.30111091,3378.0,0.0
0.7985654142542121,0.028572161,0.23462661,0.317727274,3378.0,0.0
0.7592237271053363,0.001110025,0.2275415,0.315101128,3378.0,0.0
0.6781067271433172,0.0,0.196177379,0.343453206,3378.0,0.0
0.647859900514455,0.0,0.1567428165,0.3149965215,3378.0,0.0
0.6393029445509142,0.0006762215,0.1054995295,0.26390468,3378.0,0.0
0.6449645778883133,0.013794467,0.084543354,0.247643558,3378.0,0.0
0.6764934005602182,0.071231108,0.073624421,0.247128669,3378.0,0.0
0.7476299128725606,0.131323978,0.055203401,0.229756102,3378.0,0.0
0.8220342771662412,0.212694041,0.047651949,0.21248278,3378.0,0.0
0.8546332996432843,0.371129575,0.069741317,0.219639442,3378.0,0.0
0.8674424279540448,0.422828815,0.108301605,0.246031707,3378.0,0.0
0.8768026620241466,0.443882492,0.156270789,0.289954988,3378.0,0.0
0.8866214975463059,0.411285748,0.155984911,0.315002545,3378.0,0.0
0.8896094689977299,0.416038471,0.184873613,0.347757754,3378.0,0.0
0.8901771603089632,0.375012885,0.193671001,0.374933333,3378.0,0.0
0.8875614281439839,0.375873471,0.201721717,0.397460745,3378.0,0.0
0.8820554025231666,0.37951966,0.195971464,0.421587727,3378.0,0.0
0.8760674676192247,0.315075533,0.182034042,0.438183724,3378.0,0.0
0.8682590521750533,0.300375573,0.172443929,0.4480695,3378.0,0.0
0.8584730011127427,0.255807926,0.154615753,0.439359576,3378.0,0.0
0.8499886750979987,0.163622734,0.134021628,0.414687557,3378.0,0.0
0.8385974213455485,0.091347443,0.138684265,0.407096173,3378.0,0.0
0.8007576503705793,0.032282692,0.165100945,0.41389171,3378.0,0.0
0.7611226403469348,0.001604591,0.184272131,0.411284171,3378.0,0.0
0.6789822483091454,0.0,0.185291641,0.363922518,3378.0,0.0
0.6513573432905742,0.0,0.1716692835,0.276154277,3378.0,0.0
0.6414357765941212,0.000716028,0.1662284215,0.1987463535,3378.0,0.0
0.6466309984668692,0.007279243,0.157734705,0.173966745,3378.0,0.0
0.6763350852073002,0.056641831,0.142787807,0.188232733,3378.0,0.0
0.7479044741634194,0.127229983,0.119597473,0.200727338,3378.0,0.0
0.8206092461355855,0.272321928,0.099633238,0.197678097,3378.0,0.0
0.8518887490081858,0.442207222,0.087203259,0.207200941,3378.0,0.0
0.8646085164642943,0.530598912,0.08175853,0.21227315,3378.0,0.0
0.8722065864079017,0.639128478,0.074301508,0.205028332,3378.0,0.0
0.883595035506448,0.694282116,0.042922931,0.173254986,3378.0,0.0
0.8857095166668886,0.65692671,0.04073698,0.169752807,3378.0,0.0
0.8885388342862537,0.6625643235,0.040455224,0.1807503855,3378.0,0.0
0.8823958239832159,0.571139881,0.044137277,0.179848579,3378.0,0.0
0.8800496243323724,0.504988004,0.045563567,0.18161714,3378.0,0.0
0.8748730916247413,0.40603862,0.046401596,0.187183634,3378.0,0.0
0.8652729183504996,0.331172267,0.049031282,0.189959567,3378.0,0.0
0.8531422151954635,0.239512767,0.062480725,0.190381865,3378.0,0.0
0.8385974213455485,0.173912717,0.092967631,0.20281512,3378.0,0.0
0.8001701332340446,0.078595358,0.119379627,0.215618694,3378.0,0.0
0.759063767767103,0.002515514,0.132953707,0.228374808,3378.0,0.0
0.6777509288907659,0.0,0.120363493,0.261818034,3378.0,0.0
0.6527131293606314,0.0,0.125705991,0.263651881,3378.0,0.0
0.6425002946726587,0.0,0.126521784,0.265887687,3378.0,0.0
0.6394542484658629,0.002081797,0.132081376,0.288213584,3378.0,0.0
0.645169604543402,0.050160834,0.132523271,0.321289501,3378.0,0.0
0.6755111108723914,0.124327975,0.121291981,0.342114942,3378.0,0.0
0.7479320854025394,0.194767403,0.099314642,0.346101439,3378.0,0.0
0.8204553794218866,0.286254789,0.099948792,0.334477851,3378.0,0.0
0.8534118445303766,0.439697893,0.127947105,0.333007522,3378.0,0.0
0.8676089636271193,0.515998334,0.154442847,0.344449887,3378.0,0.0
0.8828998796416586,0.623276061,0.170476337,0.363182326,3378.0,0.0
0.8914972604444905,0.646235147,0.163860252,0.3575573,3378.0,0.0
0.8933359228247061,0.628974447,0.169134695,0.405619982,3378.0,0.0
0.8931159058730646,0.587310089,0.173063909,0.437329371,3378.0,0.0
0.8925067256779387,0.59111645,0.172160868,0.45340462,3378.0,0.0
0.8862155063793984,0.526550416,0.173674301,0.469552191,3378.0,0.0
0.8817879008838758,0.473460692,0.173650682,0.477686377,3378.0,0.0
0.8780732458100189,0.377006146,0.171231518,0.494961576,3378.0,0.0
0.8705081543613954,0.306517475,0.165397149,0.503659094,3378.0,0.0
0.856606969938931,0.21504913,0.190225777,0.517518635,3378.0,0.0
0.8438960997612606,0.145093168,0.247801884,0.564113671,3378.0,0.0
0.8071359091865944,0.060825878,0.286305481,0.599493654,3378.0,0.0
0.7750155076284652,0.001720353,0.290927045,0.614598308,3378.0,0.0
0.6785602033914545,0.0,0.288221836,0.682950282,3378.0,0.0
0.6534365250124339,0.0,0.266526484,0.644307478,3378.0,0.0
0.6385563388727731,0.0,0.236879368,0.613627508,3378.0,0.0
0.6322204391469068,0.0,0.210669245,0.59255278,3378.0,0.0
0.631059524964134,0.003780971,0.187130558,0.5705778,3378.0,0.0
0.6322773532336902,0.062051316,0.178630112,0.554608911,3378.0,0.0
0.6388887332606404,0.157393721,0.165081524,0.549236041,3378.0,0.0
0.6526893870168067,0.228142128,0.129451589,0.533280089,3378.0,0.0
0.6856759771624078,0.36725187,0.131048769,0.530357638,3378.0,0.0
0.7144876183863904,0.505497878,0.151839168,0.532814464,3378.0,0.0
0.7470391077653954,0.622970811,0.188063473,0.540008083,3378.0,0.0
0.7544540077540604,0.731683052,0.249014821,0.581871911,3378.0,0.0
0.7601246834042735,0.804132762,0.288543198,0.600017372,3378.0,0.0
0.7605000654301827,0.79582705,0.342673926,0.549049757,3378.0,0.0
0.759859405887802,0.717954988,0.391773604,0.567451298,3378.0,0.0
0.7556944665028217,0.638127823,0.39999456,0.577286815,3378.0,0.0
0.7520629344279162,0.55625793,0.402634632,0.577089,3378.0,0.0
0.7534411573356238,0.444891605,0.383304674,0.565385057,3378.0,0.0
0.7559605658151607,0.333126939,0.376539563,0.576920993,3378.0,0.0
0.7483609002966267,0.232583198,0.359135185,0.582584848,3378.0,0.0
0.7428718954536265,0.14606558,0.375551883,0.587046229,3378.0,0.0
0.7395341219469885,0.105418042,0.383208471,0.597789839,3378.0,0.0
0.7367070284504426,0.047146586,0.387831136,0.607844541,3378.0,0.0
0.7286740993986023,0.001266833,0.391134242,0.610122542,3378.0,0.0
0.6737805225203489,0.0,0.454061764,0.650782869,3378.0,0.0
0.6521544805590024,0.0,0.44284621,0.599760226,3378.0,0.0
0.6370151099209848,0.0,0.383330514,0.541632448,3378.0,0.0
0.630722440081894,0.0014980995,0.32211043650000004,0.47985733649999995,3378.0,0.0
0.6330988617874164,0.06875205849999999,0.32553412400000004,0.478356107,3378.0,0.0
0.6448863388284992,0.122874003,0.327258907,0.45946994,3378.0,0.0
0.6738250577165086,0.184067744,0.349190332,0.437879424,3378.0,0.0
0.7019424136755383,0.290069316,0.373616709,0.409580793,3378.0,0.0
0.7330591521624212,0.393854418,0.385592851,0.388725738,3378.0,0.0
0.7401574218388306,0.435381055,0.395819883,0.393737802,3378.0,0.0
0.7417421221389676,0.443288425,0.371814932,0.384090344,3378.0,0.0
0.7442964427739753,0.463465839,0.335698663,0.346753092,3378.0,0.0
0.7424021237963425,0.45064475,0.331352965,0.330322937,3378.0,0.0
0.7413851632178278,0.400116811,0.330170825,0.346069789,3378.0,0.0
0.7420434720859183,0.334609306,0.338365308,0.368074153,3378.0,0.0
0.7439396290840017,0.299036903,0.334024137,0.345983255,3378.0,0.0
0.7445334805034339,0.22428621,0.306599459,0.2983725,3378.0,0.0
0.7426987834457108,0.163895393,0.269531072,0.287622638,3378.0,0.0
0.7426963172709478,0.103598028,0.242281559,0.290701428,3378.0,0.0
0.7371339577008513,0.067613838,0.247714798,0.284824974,3378.0,0.0
0.7356605713827096,0.015817369,0.257141757,0.269969652,3378.0,0.0
0.7148085044834709,0.0,0.263366831,0.255562661,3378.0,0.0
0.6618819733524244,0.0,0.2549959645,0.2358438145,3378.0,0.0
0.6407024442180541,0.0,0.231273727,0.25936809,3378.0,0.0
0.6395063272206878,0.0,0.2015677565,0.265629886,3378.0,0.0
0.6451454749164673,0.007378394,0.190921315,0.230580042,3378.0,0.0
0.6764591649694486,0.028791544,0.193765557,0.20041599,3378.0,0.0
0.7473800609525602,0.066478559,0.194305729,0.186669,3378.0,0.0
0.8155744913197817,0.143641842,0.1860529,0.184867259,3378.0,0.0
0.8486003942432643,0.221559397,0.199007414,0.178787255,3378.0,0.0
0.857325142778875,0.285283342,0.193670233,0.170228673,3378.0,0.0
0.8619993606341564,0.386197335,0.209522506,0.168067138,3378.0,0.0
0.8678199860859648,0.39502386,0.199377111,0.113885097,3378.0,0.0
0.870732716379453,0.459091214,0.201090225,0.115958032,3378.0,0.0
0.8767076918616868,0.522688789,0.20208049,0.11976511,3378.0,0.0
0.8770107830083107,0.529870337,0.201318224,0.122332514,3378.0,0.0
0.8721022356502774,0.502913767,0.18990542,0.140461202,3378.0,0.0
0.8701775976003983,0.426287606,0.181019205,0.139295476,3378.0,0.0
0.8664142971703034,0.331640407,0.15530382,0.116161152,3378.0,0.0
0.8572732094520066,0.227808476,0.13716566,0.10129485,3378.0,0.0
0.850169910998874,0.137959368,0.12990371,0.115211747,3378.0,0.0
0.8387547696714327,0.093300087,0.133643943,0.143949982,3378.0,0.0
0.8051630126700067,0.024280373,0.132810081,0.161916458,3378.0,0.0
0.7728298474533588,0.0,0.127074391,0.170908556,3378.0,0.0
0.6874238767545999,0.0,0.10182064,0.145582228,3378.0,0.0
0.6661360801472918,0.0,0.094826366,0.137956335,3378.0,0.0
0.6539369058107164,0.0,0.088830512,0.136833108,3378.0,0.0
0.6514877333272158,0.0,0.0811555795,0.1383929985,3378.0,0.0
0.6566224630737981,0.010285802,0.075176913,0.141239466,3378.0,0.0
0.6803473189407507,0.04408202,0.067525349,0.144745546,3378.0,0.0
0.7510457321910382,0.086930116,0.061887969,0.144519047,3378.0,0.0
0.8231230453073146,0.184265823,0.059118865,0.140196033,3378.0,0.0
0.8546332996432843,0.303464996,0.067034796,0.131829443,3378.0,0.0
0.8682340043250542,0.438231272,0.083833454,0.136811052,3378.0,0.0
0.8805103534800521,0.559805114,0.104427432,0.14719096,3378.0,0.0
0.8915229852527712,0.645787624,0.10696356,0.137704097,3378.0,0.0
0.8923583718448503,0.646813234,0.126780471,0.169612758,3378.0,0.0
0.893964928451553,0.63156363,0.137600205,0.204055379,3378.0,0.0
0.8920662088515094,0.559146702,0.143350259,0.234809158,3378.0,0.0
0.8861428770209724,0.49339068,0.146520369,0.266373689,3378.0,0.0
0.8836475493644009,0.407813129,0.155560122,0.322302875,3378.0,0.0
0.8783535132294629,0.322383645,0.171846298,0.386951871,3378.0,0.0
0.8675885576643136,0.200764539,0.165757567,0.415228254,3378.0,0.0
0.8556693602848499,0.11578789,0.190983817,0.422786532,3378.0,0.0
0.8441747228018089,0.096284671,0.220293684,0.40782037,3378.0,0.0
0.8065302106036538,0.022429829,0.241275234,0.370980991,3378.0,0.0
0.7747246989452679,0.0,0.240663568,0.337469799,3378.0,0.0
0.6900721037042561,0.0,0.268954014,0.324167688,3378.0,0.0
0.6624065073924653,0.0,0.234773585,0.274129398,3282.0,0.0
0.6512260344404974,0.0,0.18822650800000001,0.205763621,3186.0,0.0
0.6566270081402144,0.020712191,0.175265952,0.193122771,3186.0,0.0
0.6808355625067731,0.064448591,0.167021772,0.189095527,3186.0,0.0
0.7500829294557915,0.108833138,0.154553093,0.186186403,3186.0,0.0
0.8188002738861431,0.180454032,0.15619787,0.187201296,3186.0,0.0
0.8468756572509731,0.296639735,0.169673242,0.20816838,3186.0,0.0
0.8516874940340345,0.388746911,0.189490334,0.237948982,3186.0,0.0
0.8538570032439994,0.47919452,0.206945346,0.26887155,3186.0,0.0
0.8543035162677658,0.563526318,0.21018352,0.256671045,3186.0,0.0
0.8566920754023385,0.575168571,0.196697864,0.255487313,3186.0,0.0
0.8593697988412129,0.573949465,0.184685276,0.276537453,3186.0,0.0
0.8606150447083342,0.58746511,0.187881774,0.313460488,3186.0,0.0
0.8581790977068895,0.487401166,0.174366104,0.331955225,3186.0,0.0
0.8547408415507616,0.439125889,0.151230645,0.328592849,3186.0,0.0
0.848414613275973,0.334222028,0.123525418,0.328202478,3186.0,0.0
0.8441624407319629,0.233282505,0.101484822,0.323929537,3186.0,0.0
0.8366355498030211,0.152531809,0.093194699,0.308952406,3186.0,0.0
0.8298117449902734,0.072656353,0.099531202,0.311443517,3186.0,0.0
0.7900531385212073,0.011300371,0.108179994,0.311072027,3186.0,0.0
0.7517676283015308,0.0,0.099321379,0.289505709,3186.0,0.0
0.6729230379633406,0.0,0.076912318,0.275705187,3186.0,0.0
0.6451951843173067,0.0,0.0843104965,0.2571341265,3186.0,0.0
0.6385956516506547,0.0,0.0825828405,0.2255435385,3186.0,0.0
0.6446047174924922,0.013481115,0.081314854,0.217028536,3186.0,0.0
0.6750807968305748,0.067712218,0.075653155,0.205326355,3186.0,0.0
0.7441888040457205,0.13597299,0.062807271,0.191590229,3186.0,0.0
0.8137672598764318,0.253419744,0.050106903,0.179854943,3186.0,0.0
0.8446259745335465,0.35501566,0.044689473,0.189213583,3186.0,0.0
0.8519404890870795,0.441809415,0.045233768,0.191359781,3186.0,0.0
0.8536630987773289,0.528846925,0.052746884,0.216114207,3186.0,0.0
0.8594036475424531,0.55499256,0.066317991,0.201304832,3186.0,0.0
0.8596549017894054,0.58199709,0.064645044,0.222174721,3186.0,0.0
0.8603227852877962,0.561589447,0.074279776,0.258628371,3186.0,0.0
0.8591051986766033,0.51329408,0.095189457,0.374361504,3186.0,0.0
0.8530275164220603,0.42378317,0.114780867,0.412922474,3186.0,0.0
0.8507062681940188,0.311923684,0.127462051,0.409818513,3186.0,0.0
0.8481467247471526,0.230921631,0.127986158,0.406562295,3186.0,0.0
0.8444410637725113,0.175515035,0.134458135,0.406992896,3186.0,0.0
0.8365959949731958,0.10702776,0.143657806,0.393326055,3186.0,0.0
0.8291281946306288,0.065794049,0.15932598,0.392518538,3186.0,0.0
0.7671368077778686,0.005184474,0.191615321,0.3910993915,3186.0,0.0
0.6568961055512219,0.0,0.1991986805,0.4302176075,3186.0,0.0
0.637280096975124,0.0,0.187462828,0.3520696,3186.0,0.0
0.6353456428333715,0.0,0.18710647149999998,0.296217132,3186.0,0.0
0.6405093131368623,0.002484194,0.187890711,0.28790424,3186.0,0.0
0.6728983766092906,0.043998837,0.168787761,0.285701042,3186.0,0.0
0.7441057294571578,0.091755013,0.151924915,0.258994171,3186.0,0.0
0.8110333473258642,0.178312456,0.144455371,0.214555196,3186.0,0.0
0.8433788910395551,0.248868039,0.150184902,0.190725442,3186.0,0.0
0.8512727020158861,0.349715862,0.163152245,0.171158981,3186.0,0.0
0.8540686062339293,0.396215652,0.177115132,0.165731767,3186.0,0.0
0.8597371057781317,0.405295157,0.142916815,0.156180316,3186.0,0.0
0.860123367940515,0.397181987,0.162467736,0.18529067,3186.0,0.0
0.8646425586102992,0.347725178,0.188477766,0.22498261,3186.0,0.0
0.8595465857092888,0.31851534,0.192903662,0.258442164,3186.0,0.0
0.8566554220471945,0.255520001,0.196440298,0.284274427,3186.0,0.0
0.851097946022655,0.211420913,0.187554149,0.297669062,3186.0,0.0
0.8458394029678526,0.154058762,0.172419669,0.298038461,3186.0,0.0
0.8413202121012784,0.102112774,0.155310388,0.292399543,3186.0,0.0
0.8315979903333136,0.069691615,0.152238391,0.310399431,3186.0,0.0
0.7940382931362334,0.010655371,0.153344364,0.327361287,3186.0,0.0
0.7562981342109174,0.0,0.158420331,0.339787349,3186.0,0.0
0.6708313805300798,0.0,0.158875533,0.329420494,3186.0,0.0
0.648020004690274,0.0,0.153270267,0.329799633,3186.0,0.0
0.6259668644357386,0.0,0.15465680999999998,0.33576199549999997,3186.0,0.0
0.6216941650997414,0.005154757,0.1672285095,0.332518317,3186.0,0.0
0.62758543764231,0.051919204,0.166155322,0.326754314,3186.0,0.0
0.6403339282021581,0.090902479,0.154963676,0.331905426,3186.0,0.0
0.6684788950067275,0.17372093,0.15445018,0.311059666,3186.0,0.0
0.694894046844733,0.241629447,0.152260588,0.297550887,3186.0,0.0
0.7217740867944656,0.379877717,0.146778731,0.296630911,3186.0,0.0
0.7273924418347004,0.473242652,0.142615476,0.30337041,3186.0,0.0
0.7321665133979983,0.600817132,0.13080641,0.277999802,3186.0,0.0
0.7331899050801883,0.592374728,0.13218749,0.298185709,3186.0,0.0
0.7324622544307218,0.587610033,0.141895612,0.307910299,3186.0,0.0
0.7324213456843331,0.554854634,0.15734513,0.305144859,3186.0,0.0
0.7321841147068999,0.484365373,0.169011152,0.300808347,3186.0,0.0
0.7349560829395637,0.435360007,0.165583374,0.318064258,3186.0,0.0
0.7326987120226763,0.342888386,0.155425128,0.332208424,3186.0,0.0
0.7312378014159356,0.274390923,0.143006906,0.313285101,3186.0,0.0
0.7304541549027503,0.170582718,0.126541751,0.311760633,3186.0,0.0
0.7254382588852143,0.092544718,0.130645827,0.325151642,3186.0,0.0
0.7204982801967348,0.008693308,0.138870205,0.333360876,3186.0,0.0
0.7070079224699265,0.0,0.151683401,0.371663125,3186.0,0.0
0.6552029445301726,0.0,0.128780857,0.39989386,3186.0,0.0
0.6331922839981774,0.0,0.122281918,0.419086689,3186.0,0.0
0.6165579608042044,0.0,0.116978675,0.445768041,3186.0,0.0
0.6129825692338133,0.0072399065,0.110286159,0.444565765,3186.0,0.0
0.621518538703464,0.046931441,0.095808349,0.419262162,3186.0,0.0
0.6351172125103891,0.085232189,0.089096816,0.399578422,3186.0,0.0
0.6649966353815552,0.156593777,0.095611206,0.358783166,3186.0,0.0
0.6912065677100778,0.23337268,0.110784511,0.338123342,3186.0,0.0
0.7196373624379298,0.313796118,0.130220962,0.34687934,3186.0,0.0
0.7240680626561083,0.365350651,0.14939343,0.362667194,3186.0,0.0
0.7256498614815639,0.425978965,0.124460468,0.361942137,3186.0,0.0
0.7273322393837064,0.436182002,0.149687701,0.413595107,3186.0,0.0
0.7268812781143013,0.425787149,0.182764857,0.46386665,3186.0,0.0
0.7266596171773446,0.38906429,0.213897797,0.50442657,3186.0,0.0
0.7268918677884433,0.373115091,0.238184218,0.52581611,3186.0,0.0
0.728056360404179,0.322949452,0.261333152,0.562831685,3186.0,0.0
0.728865876563231,0.251631508,0.285097463,0.602131285,3186.0,0.0
0.7275176822654373,0.174555174,0.276587046,0.615408491,3186.0,0.0
0.7240214481747151,0.099386367,0.27303519,0.605865403,3186.0,0.0
0.7189749430161806,0.053778224,0.288815499,0.604334508,3186.0,0.0
0.7112697658746434,0.002381823,0.324914037,0.5862360725,3186.0,0.0
0.6670386804315442,0.0,0.370306548,0.558631627,3186.0,0.0
0.646718521694651,0.0,0.377049779,0.579927511,3186.0,0.0
0.635392982683435,0.0,0.3939651715,0.594630627,3186.0,0.0
0.6376361372796189,0.003032876,0.419419808,0.6215904165,3186.0,0.0
0.6715412366226701,0.041376909,0.41433586,0.623978588,3186.0,0.0
0.7414458005751597,0.11003988,0.39048553,0.617438942,3186.0,0.0
0.8051140768514362,0.215397744,0.416655925,0.618076762,3186.0,0.0
0.8302123204909282,0.275537704,0.412911762,0.600408988,3186.0,0.0
0.8345274517294473,0.361334916,0.403574861,0.596318394,3186.0,0.0
0.8329271809952535,0.379168753,0.380726903,0.594487561,3186.0,0.0
0.8344068535794845,0.404414802,0.303390747,0.564891559,3186.0,0.0
0.836537001601179,0.438384639,0.301956214,0.546958974,3186.0,0.0
0.8379605818944942,0.3801839145,0.29950668150000004,0.532847616,3186.0,0.0
0.8352110989098694,0.352375774,0.287169568,0.522574045,3186.0,0.0
0.8321902461778193,0.304148636,0.263134135,0.480448366,3186.0,0.0
0.8302372719137302,0.216606768,0.221298486,0.426439633,3186.0,0.0
0.8271059754059411,0.169924785,0.17201905,0.365848324,3186.0,0.0
0.8227423920591584,0.122434256,0.132897815,0.321745059,3186.0,0.0
0.8169977815443447,0.075973803,0.115592851,0.291744541,3186.0,0.0
0.7840512291517153,0.006789055,0.123407191,0.265129132,3186.0,0.0
0.7436370700580737,0.0,0.132379998,0.248851917,3186.0,0.0
0.6665727284720061,0.0,0.114967651,0.23661857,3186.0,0.0
0.6455604121657821,0.0,0.11325554,0.198848895,3186.0,0.0
0.635374172295556,0.0,0.1016774125,0.1609940735,3186.0,0.0
0.636962039933932,0.0045818375,0.07785758400000001,0.1251278945,3186.0,0.0
0.6716287598504519,0.069291269,0.057013979,0.093799848,3186.0,0.0
0.7419154758052467,0.139643478,0.042243305,0.072367513,3186.0,0.0
0.8085190644438279,0.255522065,0.037004241,0.058203427,3186.0,0.0
0.834397375769962,0.338601799,0.038868764,0.052515093,3186.0,0.0
0.8404276697640527,0.44305387,0.042885613,0.054632076,3186.0,0.0
0.8490240835398508,0.531514172,0.049704563,0.0659738,3186.0,0.0
0.8523074091344688,0.577905973,0.061936238,0.081189368,3186.0,0.0
0.8569533872027373,0.569592726,0.075853415,0.107067072,3186.0,0.0
0.8587903087768602,0.516251659,0.078229233,0.133511201,3186.0,0.0
0.8590185460486581,0.537137676,0.081731474,0.163618835,3186.0,0.0
0.8548863911235264,0.49410114,0.084786448,0.198312098,3186.0,0.0
0.8522729802957244,0.424488401,0.086616482,0.22940424,3186.0,0.0
0.8494542523505014,0.360340235,0.074592786,0.246440248,3186.0,0.0
0.8453517879497233,0.258145649,0.066273469,0.267486359,3186.0,0.0
0.8370289684377502,0.168570284,0.077138191,0.297466785,3186.0,0.0
0.8284425161817816,0.108893823,0.111386764,0.371507811,3186.0,0.0
0.7922623962025525,0.006998131,0.141899255,0.440279161,3186.0,0.0
0.7606518044482592,0.0,0.162426272,0.488774223,3186.0,0.0
0.6841567501419319,0.0,0.178942583,0.540739305,3186.0,0.0
0.6598878728887776,0.0,0.1789236425,0.531550528,3186.0,0.0
0.6509492728384332,0.0,0.16814745749999999,0.499509993,3186.0,0.0
0.6568594039824793,0.00939388,0.167726946,0.499979254,3186.0,0.0
0.680910077902458,0.064513171,0.169038188,0.516381463,3186.0,0.0
0.7513991610896039,0.149400151,0.149365744,0.539298535,3186.0,0.0
0.8226690857424508,0.254275901,0.107841921,0.572942076,3186.0,0.0
0.8549878408000499,0.477858172,0.120221683,0.622423226,3186.0,0.0
0.8631241051720921,0.6135676,0.157291692,0.680747864,3186.0,0.0
0.8747257044251061,0.688792971,0.218953528,0.74586243,3186.0,0.0
0.8758857484016229,0.743009457,0.326282906,0.771879641,3186.0,0.0
0.8750630311624996,0.766500216,0.385611988,0.801237957,3186.0,0.0
0.8744392475603504,0.725112345,0.405023459,0.788241408,3186.0,0.0
0.8725504894801366,0.561189505,0.391438758,0.785157017,3186.0,0.0
0.8676173771952503,0.444018207,0.380375347,0.79835561,3186.0,0.0
0.8645610313830644,0.309761894,0.36254234,0.799531516,3186.0,0.0
0.8531128151334424,0.219865785,0.357280967,0.799633339,3186.0,0.0
0.8425859607519826,0.121421894,0.364932763,0.76768058,3186.0,0.0
0.8381884322767628,0.059211253,0.392015619,0.756132503,3186.0,0.0
0.8314720729442951,0.021956947,0.403423728,0.781556547,3186.0,0.0
0.797968274470569,0.001569334,0.403362685,0.775445538,3186.0,0.0
0.7673992562384517,0.0,0.380107314,0.789184256,3186.0,0.0
0.6899816309849848,0.0,0.392777252,0.80263755,3186.0,0.0
0.6696085715006089,0.0,0.375840784,0.799405777,3186.0,0.0
0.6557699104727356,0.0,0.357746193,0.779165395,3186.0,0.0
0.651196900242034,0.0,0.34146909,0.757255778,3186.0,0.0
0.6509329286253173,0.0,0.3275648,0.716471192,3186.0,0.0
0.6527349376503888,0.001360969,0.322665172,0.658496474,3186.0,0.0
0.6749191450966376,0.015288648,0.313384405,0.629341706,3186.0,0.0
0.744135613229486,0.049069698,0.315557383,0.589851901,3186.0,0.0
0.8103139169965542,0.090731737,0.324029627,0.557685412,3186.0,0.0
0.834809459954984,0.166043631,0.312759875,0.521923961,3186.0,0.0
0.842783927361923,0.258205967,0.283779801,0.480423631,3186.0,0.0
0.8475185893265618,0.348997624,0.265270839,0.45886726,3186.0,0.0
0.8512204786202655,0.423669174,0.251281851,0.437971756,3186.0,0.0
0.8517642823565079,0.48524322,0.27305637,0.446111877,3186.0,0.0
0.852683226460296,0.509745009,0.30036512,0.452471781,3186.0,0.0
0.8519423263203695,0.542602505,0.306808158,0.467479447,3186.0,0.0
0.8485392731756254,0.47368175,0.29928109,0.465751694,3186.0,0.0
0.8472992497267822,0.433097041,0.27723614,0.453256448,3186.0,0.0
0.8438830435187752,0.39712412,0.236775716,0.424868061,3186.0,0.0
0.8397495350706606,0.265082701,0.184478657,0.400138026,3186.0,0.0
0.8359041274726171,0.144264989,0.167346277,0.399913512,3186.0,0.0
0.8231351341291862,0.05428309,0.163492616,0.413511329,3186.0,0.0
0.7860427428082074,0.002762831,0.165562021,0.433653218,3186.0,0.0
0.748976753253791,0.0,0.167460176,0.460753094,3186.0,0.0
0.6812024341437733,0.0,0.157833683,0.524431049,3186.0,0.0
0.6636212171277515,0.0,0.160574947,0.528547352,3186.0,0.0
0.6506831735260942,0.0,0.161660145,0.541893107,3186.0,0.0
0.6469405693243471,0.0,0.181330197,0.5707124025,3186.0,0.0
0.6563605703487345,0.006990729,0.200884163,0.624664479,3186.0,0.0
0.6804053452857339,0.050508014,0.219456161,0.653964295,3186.0,0.0
0.7469702981047153,0.075326635,0.243343638,0.682200301,3186.0,0.0
0.8110468384746876,0.129567593,0.275479714,0.711813692,3186.0,0.0
0.8348805421488723,0.189595226,0.301760262,0.736217839,3186.0,0.0
0.8382066137231684,0.246124244,0.340512895,0.75063418,3186.0,0.0
0.8390042831122925,0.303314357,0.373680137,0.750183432,3186.0,0.0
0.8400917937639999,0.283234658,0.375218018,0.717965952,3186.0,0.0
0.8421369335366449,0.237175319,0.458010057,0.718741511,3186.0,0.0
0.8423982453370435,0.242108859,0.513456111,0.724873783,3186.0,0.0
0.8433829531828251,0.223333073,0.555757011,0.750946514,3186.0,0.0
0.8401754484900666,0.203496973,0.585217426,0.808706194,3186.0,0.0
0.8370638809868014,0.18086865,0.612646945,0.861674239,3186.0,0.0
0.833768466570312,0.143608632,0.633564438,0.889782838,3186.0,0.0
0.8285309096158193,0.102504168,0.654574818,0.901000515,3186.0,0.0
0.8226216974819984,0.06056979,0.654009248,0.902290086,3186.0,0.0
0.8157014721630308,0.020579957,0.654191598,0.891441465,3186.0,0.0
0.7817397972123371,0.0,0.642388888,0.876255596,3186.0,0.0
0.7416511657093892,0.0,0.6300556,0.864191814,3186.0,0.0
0.6514599532421057,0.0,0.599441852,0.829596245,3186.0,0.0
0.6289468814305637,0.0,0.601082521,0.82838046,3186.0,0.0
0.6159740221006326,0.0,0.590646657,0.819636635,3186.0,0.0
0.609688992247404,0.0,0.581523109,0.811465839,3186.0,0.0
0.6098827036628901,0.000621016,0.562227536,0.7876611305000001,3186.0,0.0
0.618017807563134,0.01813273,0.549067372,0.744986012,3186.0,0.0
0.6323455827568663,0.059499884,0.51312887,0.706192356,3186.0,0.0
0.6625285804849631,0.123458071,0.513117174,0.69720919,3186.0,0.0
0.6886927201279599,0.220882992,0.513978916,0.695103403,3186.0,0.0
0.7150468961294926,0.320562721,0.531268367,0.671244741,3186.0,0.0
0.7181829313452529,0.350709555,0.517327204,0.646672467,3186.0,0.0
0.7199289449001862,0.390744084,0.440781896,0.538228824,3186.0,0.0
0.7203046657988164,0.346273899,0.447385932,0.53592554,3186.0,0.0
0.7183861203734714,0.34396447,0.443831573,0.557965865,3186.0,0.0
0.7189237346644021,0.340158132,0.434693054,0.589325922,3186.0,0.0
0.7187807480871777,0.280171901,0.435579817,0.612838807,3186.0,0.0
0.7195927788313814,0.257766516,0.426481246,0.625287423,3186.0,0.0
0.7200539432789792,0.20331828,0.406464307,0.627198904,3186.0,0.0
0.7179839008875015,0.118367897,0.384356411,0.615082528,3186.0,0.0
0.7155747909525374,0.070186854,0.355791077,0.595876074,3186.0,0.0
0.7111654153138093,0.038479734,0.34297169,0.588764819,3186.0,0.0
0.7040293802208462,0.0,0.349770539,0.5646267865,3186.0,0.0
0.648577444806506,0.0,0.364810263,0.525399481,3186.0,0.0
0.6273217076839566,0.0,0.366865325,0.535226419,3186.0,0.0
0.6122338112612752,0.0,0.364322423,0.5668915535,3186.0,0.0
0.6098742898979688,0.0006216645,0.35987384749999995,0.6325786085,3186.0,0.0
0.6180158735090667,0.02066654,0.353979096,0.630065305,3186.0,0.0
0.6299369565322092,0.060302227,0.351449564,0.650126474,3186.0,0.0
0.6588579772905394,0.109049893,0.368515758,0.648636839,3186.0,0.0
0.6842263819920599,0.179724314,0.364458553,0.624216214,3186.0,0.0
0.7132027212622469,0.208937375,0.370125776,0.611416025,3186.0,0.0
0.7164488133642166,0.244763055,0.377606863,0.626578381,3186.0,0.0
0.7174683849550803,0.270001447,0.371640959,0.616594197,3186.0,0.0
0.7186990758255669,0.268872725,0.378824939,0.624895351,3186.0,0.0
0.7182315767014908,0.28097934,0.391897725,0.643203688,3186.0,0.0
0.7177404800711761,0.243723579,0.398209799,0.633086801,3186.0,0.0
0.7176661099066572,0.221394514,0.394876968,0.608553479,3186.0,0.0
0.7192990686735027,0.181981475,0.37668334,0.584089766,3186.0,0.0
0.7193159930241229,0.143382259,0.350791871,0.552205388,3186.0,0.0
0.7162496860856875,0.108518448,0.335514366,0.522363406,3186.0,0.0
0.7149211723820292,0.063137405,0.332847734,0.49109777,3186.0,0.0
0.7131130703388429,0.031775036,0.339642438,0.470300245,3186.0,0.0
0.7054559588096201,0.0,0.357617969,0.4686573855,3186.0,0.0
0.6522360075894469,0.0,0.371386355,0.4795242455,3186.0,0.0
0.6329273937648158,0.0,0.353501409,0.452139649,3186.0,0.0
0.6313634379066253,0.0,0.36569834749999997,0.44254988250000005,3186.0,0.0
0.6370051972051244,0.0,0.376927442,0.437972677,3186.0,0.0
0.6681509972748875,0.013017122,0.370314822,0.430287336,3186.0,0.0
0.7370843449239993,0.07259437,0.335204212,0.416873585,3186.0,0.0
0.8011658660538865,0.1462258,0.363701621,0.401069594,3186.0,0.0
0.8256067674587412,0.236431164,0.368330944,0.377181223,3186.0,0.0
0.8299344708358585,0.328029794,0.352418388,0.344095491,3186.0,0.0
0.8300682216555039,0.379164396,0.323936608,0.313985562,3186.0,0.0
0.8328434298419898,0.350018945,0.27225678,0.224802256,3186.0,0.0
0.8335571540427146,0.321862719,0.262338839,0.221234132,3186.0,0.0
0.8331681840472046,0.286053905,0.25874782,0.209357937,3186.0,0.0
0.8347982413393688,0.22774512,0.253367465,0.201181561,3186.0,0.0
0.8327962348295119,0.198380715,0.25537715,0.2033082,3186.0,0.0
0.8304807891572527,0.173115568,0.240326186,0.197851716,3186.0,0.0
0.8279736631411423,0.13736288,0.212468165,0.202170196,3186.0,0.0
0.8259529914745728,0.103329891,0.177993607,0.206601321,3186.0,0.0
0.8215253855854696,0.062360503,0.153466664,0.226767876,3186.0,0.0
0.810880737707951,0.038542538,0.134187662,0.243951648,3186.0,0.0
0.7774991813695029,0.0,0.122760665,0.264996616,3186.0,0.0
0.7401280217768096,0.0,0.110472559,0.275833147,3186.0,0.0
0.6623986981670327,0.0,0.116233322,0.329407076,3186.0,0.0
0.6381228816979119,0.0,0.1061525375,0.342545989,3186.0,0.0
0.6321962130927752,0.0,0.0884012055,0.3221089975,3186.0,0.0
0.6380862283427678,0.00197712,0.078186272,0.303004054,3186.0,0.0
0.6693341066369473,0.037624695,0.070270188,0.298478413,3186.0,0.0
0.7392205375534197,0.094797064,0.05761831,0.292820452,3186.0,0.0
0.8041471643496917,0.155132134,0.049903204,0.278211042,3186.0,0.0
0.8272377917779388,0.234809132,0.045641404,0.258671305,3186.0,0.0
0.8320608471766155,0.281327349,0.045085909,0.241016639,3186.0,0.0
0.8316776797368879,0.322111256,0.045596209,0.225488567,3186.0,0.0
0.8328434298419898,0.382225156,0.047973461,0.27889961,3186.0,0.0
0.8330631563312987,0.360539428,0.041866657,0.288819464,3186.0,0.0
0.8328521334788729,0.381633127,0.037865547,0.287095232,3186.0,0.0
0.8338215609593496,0.336696396,0.034590445,0.27316677,3186.0,0.0
0.83184982471777,0.272715167,0.033809394,0.2797901,3186.0,0.0
0.8286470591265631,0.232338891,0.038154253,0.294135381,3186.0,0.0
0.826857428992115,0.192086614,0.040238738,0.29741515,3186.0,0.0
0.824398271373961,0.160855856,0.046515291,0.2791608,3186.0,0.0
0.8193604218355015,0.092551426,0.056430799,0.248832148,3186.0,0.0
0.810880737707951,0.047349184,0.06953524,0.24538961,3186.0,0.0
0.7591203433747455,0.0,0.0758492435,0.232316182,3186.0,0.0
0.6546814806140128,0.0,0.0771426245,0.260883627,3186.0,0.0
0.6353708845217158,0.0,0.077765309,0.268471711,3186.0,0.0
0.6355786832947289,0.000683996,0.075972887,0.256836128,3186.0,0.0
0.6695738525931126,0.043365979,0.07001861,0.261888845,3186.0,0.0
0.7398221743866708,0.120110564,0.060609899,0.257766724,3186.0,0.0
0.8041471643496917,0.206032842,0.061444801,0.248936235,3186.0,0.0
0.8272173862087138,0.270289247,0.075367053,0.221944974,3186.0,0.0
0.8323755438283842,0.350516,0.096134115,0.18807229,3186.0,0.0
0.8327972018565457,0.477937965,0.113704029,0.169202698,3186.0,0.0
0.8336364565567594,0.537658058,0.129688179,0.162684283,3186.0,0.0
0.8331931350764263,0.549425868,0.140181747,0.170690791,3186.0,0.0
0.8335534791825546,0.4655483,0.145865271,0.178852645,3186.0,0.0
0.8351656450970649,0.421480551,0.150489711,0.166132873,3186.0,0.0
0.834337028481382,0.328426376,0.157680747,0.160761065,3186.0,0.0
0.8299173532372638,0.26233329,0.1728903,0.152875755,3186.0,0.0
0.8278748248705481,0.189302486,0.169663302,0.145039308,3186.0,0.0
0.8255052213550206,0.123132529,0.168476539,0.151109736,3186.0,0.0
0.8214700674671934,0.077209425,0.184946151,0.174291615,3186.0,0.0
0.8140828267344566,0.026368465,0.21490641,0.205486107,3186.0,0.0
0.7793463057282384,0.0,0.241093263,0.241476862,3186.0,0.0
0.7416511657093892,0.0,0.260200715,0.273399085,3186.0,0.0
0.6552310146840348,0.0,0.279723222,0.285183028,3186.0,0.0
0.6359163322432734,0.0,0.262062819,0.280989436,3186.0,0.0
0.6349636358654422,0.0,0.266779734,0.290413062,3186.0,0.0
0.6416592991663523,0.0,0.287365624,0.336154432,3186.0,0.0
0.6732452775834038,0.008960583,0.303121872,0.374365033,3186.0,0.0
0.7430041471255426,0.04410314,0.331175957,0.42104529,3186.0,0.0
0.807957949467436,0.079183591,0.346234367,0.462939952,3186.0,0.0
0.8325828914270696,0.103298801,0.403370665,0.508787957,3186.0,0.0
0.8349749317802474,0.158576182,0.451009488,0.558649934,3186.0,0.0
0.8364867122596259,0.205749523,0.494562602,0.62570402,3186.0,0.0
0.8399851220627786,0.205946687,0.50917575,0.645836979,3186.0,0.0
0.8429050092221928,0.216211051,0.515614753,0.703471269,3186.0,0.0
0.8443446436598718,0.214317211,0.508864333,0.74410469,3186.0,0.0
0.84603379114483,0.171673654,0.514952073,0.773566145,3186.0,0.0
0.8433832432515771,0.149967527,0.493473999,0.777556884,3186.0,0.0
0.8407667373075388,0.121445328,0.49300541,0.783053329,3186.0,0.0
0.8373064312032903,0.106165696,0.503584966,0.784398239,3186.0,0.0
0.8325808601586445,0.075624685,0.52143206,0.802232173,3186.0,0.0
0.8279321742572496,0.034787381,0.541712642,0.814964096,3186.0,0.0
0.819271641511934,0.004989575,0.565860246,0.827620035,3186.0,0.0
0.7679159810530601,0.0,0.5843843790000001,0.833615749,3186.0,0.0
0.6788225790396643,0.0,0.656399445,0.851777167,3186.0,0.0
0.6486873806667436,0.0,0.6378765885,0.842782789,3186.0,0.0
0.6390146986664673,0.0,0.625258531,0.826504432,3186.0,0.0
0.640696254575952,0.0,0.598096807,0.7985810525,3186.0,0.0
0.6730929100174342,0.004189656,0.569980746,0.757506984,3186.0,0.0
0.7433243562643415,0.04471489,0.558086127,0.742574794,3186.0,0.0
0.8084417928046279,0.084184314,0.541788413,0.745251268,3186.0,0.0
0.8323089098801345,0.167414006,0.529527403,0.743329758,3186.0,0.0
0.8359233727668341,0.231754557,0.51260188,0.739880286,3186.0,0.0
0.8362710475200062,0.274922167,0.493589416,0.732424299,3186.0,0.0
0.8401200335510127,0.380092987,0.444793716,0.715622659,3186.0,0.0
0.8434251190249992,0.402011397,0.450337361,0.722058143,3186.0,0.0
0.8439650542595267,0.465085208,0.446829843,0.723058614,3186.0,0.0
0.841349708984077,0.446752774,0.445473928,0.727291872,3186.0,0.0
0.8350233838885108,0.445954633,0.424864777,0.748716994,3186.0,0.0
0.8292815776340206,0.369669907,0.388595313,0.738526904,3186.0,0.0
0.827129379270625,0.241878415,0.335719802,0.70978646,3186.0,0.0
0.82478434028837,0.157817532,0.287623392,0.673459821,3186.0,0.0
0.8205751073655932,0.085125161,0.254574689,0.640552651,3186.0,0.0
0.810880737707951,0.029023787,0.241111455,0.61600513,3186.0,0.0
0.7581279959366822,0.0,0.2372990845,0.576073896,3186.0,0.0
0.6484190330263909,0.0,0.20554283,0.523176709,3186.0,0.0
0.6211353228533476,0.0,0.1941134175,0.4882331835,3186.0,0.0
0.6093539624452032,0.0,0.1830468805,0.4421278985,3186.0,0.0
0.6100264638223833,0.0,0.195978885,0.40128061,3186.0,0.0
0.6173649143612961,0.053709017,0.206662251,0.390015954,3186.0,0.0
0.6302026689550186,0.160688227,0.217726289,0.376518017,3186.0,0.0
0.6597270673526925,0.274571103,0.223194693,0.369330667,3186.0,0.0
0.6870095200363697,0.394420496,0.274551391,0.397367122,3186.0,0.0
0.7147195789287372,0.487128608,0.346807441,0.441951981,3186.0,0.0
0.7176874828964964,0.532923037,0.430850614,0.526010544,3186.0,0.0
0.7197789466882022,0.527054229,0.530659147,0.60315709,3186.0,0.0
0.7199396798054946,0.470339769,0.591773809,0.693088335,3186.0,0.0
0.72018566322378,0.349679214,0.63149274,0.75943063,3186.0,0.0
0.7218888823886462,0.247564083,0.633699314,0.812452995,3186.0,0.0
0.7217555184585303,0.158570369,0.600128461,0.847482347,3186.0,0.0
0.7223869418497515,0.093540889,0.594457374,0.865978073,3186.0,0.0
0.7239085870281821,0.064662433,0.586727535,0.871831243,3186.0,0.0
0.7217755375318062,0.049165687,0.582317774,0.876908572,3186.0,0.0
0.7207782575474266,0.027814177,0.569135753,0.881781643,3186.0,0.0
0.7188148384467812,0.009883188,0.563777525,0.883817046,3186.0,0.0
0.7119052514091345,0.0,0.5554059499999999,0.8963286005,3186.0,0.0
0.6422051337774395,0.0,0.5614323345,0.898520584,3186.0,0.0
0.6160663806603728,0.0,0.49018671150000004,0.8947513659999999,3186.0,0.0
0.6131718560184846,0.0,0.5058793445,0.870818638,3186.0,0.0
0.6207045254948044,0.011892187,0.518975435,0.855310492,3186.0,0.0
0.6335509837254101,0.076437935,0.507110431,0.845092297,3186.0,0.0
0.6624008258626548,0.161355385,0.484868536,0.835298568,3186.0,0.0
0.6876074820094608,0.271819245,0.553919217,0.817611179,3186.0,0.0
0.714711600266944,0.373628039,0.578645341,0.782028253,3186.0,0.0
0.718065911628253,0.407908241,0.588221805,0.745604142,3186.0,0.0
0.7203146269250655,0.480311353,0.546326545,0.678842618,3186.0,0.0
0.7208452779916255,0.472586006,0.564002225,0.673981779,3186.0,0.0
0.7217710886957971,0.45480405150000003,0.570458844,0.6327970835,3186.0,0.0
0.7217555184585303,0.343012534,0.560553983,0.614865378,3186.0,0.0
0.721780034581414,0.263000262,0.536614996,0.609122046,3186.0,0.0
0.7223337510335169,0.211326283,0.494389387,0.600797167,3186.0,0.0
0.7212355054765013,0.14696759,0.452307135,0.589679938,3186.0,0.0
0.720235227196663,0.077371334,0.437770282,0.58136078,3186.0,0.0
0.7174473504443819,0.018141501,0.418960243,0.565643341,3186.0,0.0
0.7094245033479725,0.0,0.404144695,0.5412192714999999,3186.0,0.0
0.666206292134924,0.0,0.399579321,0.557146805,3186.0,0.0
0.6462281020226178,0.0,0.368970957,0.560378517,3186.0,0.0
0.6370583396109701,0.0,0.352309928,0.554343555,3186.0,0.0
0.6355047317685584,0.0,0.3383620355,0.5724708235,3186.0,0.0
0.6405093131368623,0.0,0.31694938,0.574773412,3186.0,0.0
0.6716287598504519,0.018195962,0.300051799,0.560147362,3186.0,0.0
0.7410613760396463,0.077108525,0.262072201,0.545532483,3186.0,0.0
0.8045794608559644,0.145109542,0.289711964,0.524908995,3186.0,0.0
0.8272377917779388,0.168170434,0.299289032,0.499388046,3186.0,0.0
0.8312871621832599,0.224123466,0.295689208,0.487695478,3186.0,0.0
0.8306356228979852,0.275093568,0.278109421,0.472841085,3186.0,0.0
0.8321674224506397,0.33232047,0.224237383,0.457675294,3186.0,0.0
0.8333269827168494,0.36787669,0.236791732,0.480473598,3186.0,0.0
0.8330823048047382,0.447835526,0.261586414,0.502019083,3186.0,0.0
0.8339949630360173,0.421371993,0.283543093,0.506412832,3186.0,0.0
0.8316223612250312,0.429604134,0.291716055,0.526319098,3186.0,0.0
0.8284232708875645,0.373957727,0.303284073,0.544283058,3186.0,0.0
0.826710235434035,0.272399682,0.285972051,0.521994593,3186.0,0.0
0.8227421988111838,0.203831589,0.264994295,0.513267241,3186.0,0.0
0.8165664520651057,0.115916145,0.25745966,0.532074577,3186.0,0.0
0.805657880981259,0.016361144,0.283132483,0.550838145,3186.0,0.0
0.7522266412418925,0.0,0.3185102635,0.5598251535000001,3186.0,0.0
0.6623787275041455,0.0,0.366374525,0.626242134,3186.0,0.0
0.6427697787764056,0.0,0.340209144,0.646928686,3186.0,0.0
0.6322092207280817,0.0,0.331313303,0.655093854,3186.0,0.0
0.6345091925902714,0.0,0.3331840585,0.6172434095,3186.0,0.0
0.6682770598950722,0.024277309,0.324903739,0.579405124,3186.0,0.0
0.736848322631963,0.115563701,0.302232573,0.563589509,3186.0,0.0
0.8008708019794447,0.215009569,0.325058842,0.522845719,3186.0,0.0
0.8248069703739949,0.326186727,0.360616697,0.476265766,3186.0,0.0
0.8299344708358585,0.40806307,0.388684464,0.412017875,3186.0,0.0
0.8307347512373314,0.464886559,0.405498614,0.367789271,3186.0,0.0
0.8332333668645333,0.529314621,0.326881238,0.332300815,3186.0,0.0
0.8335029961994463,0.53455095,0.360552512,0.328212304,3186.0,0.0
0.8330823048047382,0.492118586,0.386572428,0.339062469,3186.0,0.0
0.8341757152265856,0.476752612,0.397926852,0.349606259,3186.0,0.0
0.8319765154922673,0.419919412,0.383648555,0.35154244,3186.0,0.0
0.8292034353949841,0.368717025,0.343317908,0.323648949,3186.0,0.0
0.8268548179797661,0.294918517,0.284180356,0.290009639,3186.0,0.0
0.8241033041202968,0.186302654,0.21586232,0.26316089,3186.0,0.0
0.8165664520651057,0.1108815,0.18672573,0.241866864,3186.0,0.0
0.801987132555669,0.012132481,0.178472517,0.241857822,3186.0,0.0
0.7678944146184562,0.0,0.177088914,0.251971208,3186.0,0.0
0.7286597860603311,0.0,0.169656208,0.26787764,3186.0,0.0
0.6632912405042585,0.0,0.16147735,0.281589079,3186.0,0.0
0.6428550290773989,0.0,0.154197654,0.267803829,3186.0,0.0
0.6330860960072633,0.0,0.15849624,0.247495014,3186.0,0.0
0.6312366987217394,0.0,0.166440205,0.241060638,3186.0,0.0
0.6317340816181435,0.0,0.176769338,0.246288523,3186.0,0.0
0.6371564041025052,0.0,0.197607278,0.278743055,3186.0,0.0
0.6685042329254787,0.019881353,0.20593086,0.305035578,3186.0,0.0
0.7376517461664805,0.079821184,0.207604033,0.324014328,3186.0,0.0
0.8027810298702752,0.137466637,0.206937357,0.355925837,3186.0,0.0
0.8279703747769315,0.173048071,0.225352236,0.407564022,3186.0,0.0
0.8342225229559534,0.237934058,0.274544523,0.484492635,3186.0,0.0
0.8329271809952535,0.297190769,0.331560293,0.571525221,3186.0,0.0
0.8344068535794845,0.346483621,0.410467969,0.655257971,3186.0,0.0
0.836537001601179,0.370765273,0.460837784,0.70494946,3186.0,0.0
0.836401800044193,0.313536052,0.493489204,0.742238575,3186.0,0.0
0.8391851317300578,0.234392446,0.519910292,0.760950187,3186.0,0.0
0.8364066355729415,0.195444651,0.518665859,0.774028585,3186.0,0.0
0.8321902461778193,0.137896758,0.507408352,0.801560593,3186.0,0.0
0.8302372719137302,0.090852769,0.481152036,0.820560962,3186.0,0.0
0.8271059754059411,0.054896539,0.446769308,0.821998311,3186.0,0.0
0.822353228815674,0.028317187,0.416280788,0.826910507,3186.0,0.0
0.8158747778125016,0.001850501,0.3944807,0.82960089,3186.0,0.0
0.7648131899990513,0.0,0.3673312475,0.803853756,3186.0,0.0
0.6697934822616441,0.0,0.360209396,0.760132676,3186.0,0.0
0.6502587588608373,0.0,0.34518509,0.709135142,3186.0,0.0
0.6402773041841268,0.0,0.34080409,0.647941705,3186.0,0.0
0.6377504007531039,0.0,0.3204890365,0.5986762645,3186.0,0.0
0.642848549563335,0.0,0.294419049,0.582105868,3186.0,0.0
0.6731324164368709,0.005121759,0.269617694,0.580392724,3186.0,0.0
0.7418365113767623,0.051750936,0.238821142,0.520760127,3186.0,0.0
0.8082354122329761,0.132590252,0.204657679,0.460070802,3186.0,0.0
0.8324175160290034,0.236272142,0.225467563,0.433307733,3186.0,0.0
0.8359124446135513,0.374983823,0.234362634,0.396967462,3186.0,0.0
0.838780301231739,0.465820864,0.240635326,0.397672457,3186.0,0.0
0.8406725413177187,0.553787017,0.223426594,0.408602637,3186.0,0.0
0.8430104238276283,0.530600423,0.230274049,0.458202325,3186.0,0.0
0.8439955181693589,0.516264451,0.228683619,0.493736851,3186.0,0.0
0.8456562330129102,0.473306924,0.241149782,0.5012592,3186.0,0.0
0.8433832432515771,0.37915398,0.228989596,0.493071204,3186.0,0.0
0.8394249741134203,0.318089215,0.209345651,0.503437349,3186.0,0.0
0.8345348982705448,0.260569513,0.180131125,0.512314999,3186.0,0.0
0.8285583756237732,0.15563772,0.168240036,0.513826079,3186.0,0.0
0.8224008103241008,0.08370196,0.181561725,0.505069271,3186.0,0.0
0.8159289356557698,0.004957765,0.190819818,0.498537172,3186.0,0.0
0.7840512291517153,0.0,0.194406045,0.504199435,3186.0,0.0
0.7435272548302274,0.0,0.193203551,0.522692856,3186.0,0.0
0.6674537621248645,0.0,0.166775728,0.497039302,3186.0,0.0
0.646691877876145,0.0,0.159091911,0.476277381,3186.0,0.0
0.6368394109091243,0.0,0.1487820945,0.440925102,3186.0,0.0
0.6389597914461247,0.0,0.16105453,0.429004373,3186.0,0.0
0.6722561214919837,0.009445915,0.18693845,0.493128822,3186.0,0.0
0.7410613760396463,0.04828553,0.195024045,0.512771375,3186.0,0.0
0.8050746676463575,0.106071206,0.194098183,0.506336798,3186.0,0.0
0.8289536318853722,0.17511427,0.203805306,0.486180652,3186.0,0.0
0.8331028075883211,0.194198794,0.244022344,0.521027764,3186.0,0.0
0.8327022320876665,0.226266963,0.27162195,0.59740106,3186.0,0.0
0.8332333668645333,0.260217701,0.282273795,0.568245454,3186.0,0.0
0.8325742838238033,0.29061927,0.279854826,0.632996842,3186.0,0.0
0.8326407241304978,0.240232241,0.284065045,0.658280931,3186.0,0.0
0.8331113179772297,0.219982172,0.293248839,0.70861066,3186.0,0.0
0.8310993503411237,0.153023969,0.28088677,0.723105907,3186.0,0.0
0.8263346113561822,0.130845282,0.290706544,0.72396915,3186.0,0.0
0.8245495266817306,0.11375629,0.278635363,0.745218634,3186.0,0.0
0.8202783024850588,0.059521167,0.265391456,0.75497532,3186.0,0.0
0.8151428717717907,0.02983806,0.24705296,0.73608028,3186.0,0.0
0.8035753144679915,0.002038753,0.228758029,0.733813028,3186.0,0.0
0.7698623787855179,0.0,0.21826215,0.738398921,3186.0,0.0
0.7329457108783842,0.0,0.212829502,0.701329845,3186.0,0.0
0.6486555386351538,0.0,0.213285368,0.634408396,3186.0,0.0
0.6272969014923208,0.0,0.198962629,0.595974385,3186.0,0.0
0.6146387868309666,0.0,0.202780658,0.568822457,3186.0,0.0
0.608859456818286,0.0,0.2126828395,0.564342103,3186.0,0.0
0.6129105196193111,0.0011770085,0.2214710055,0.6423485840000001,3186.0,0.0
0.6292585313764848,0.030347624,0.217932924,0.689470891,3186.0,0.0
0.6593140161406368,0.076179673,0.225085712,0.707227323,3186.0,0.0
0.6842881800179804,0.127849875,0.221344287,0.700481266,3186.0,0.0
0.7106968523419221,0.193050361,0.223486238,0.676360673,3186.0,0.0
0.7150746037958098,0.252936418,0.227359913,0.652890592,3186.0,0.0
0.7173916450429956,0.268386731,0.193785752,0.598723781,3186.0,0.0
0.7182998546350557,0.29382315,0.223915564,0.64608971,3186.0,0.0
0.7177236041309447,0.298010278,0.261426024,0.679466093,3186.0,0.0
0.71784338048504,0.307392958,0.278063137,0.679977361,3186.0,0.0
0.7174350679809555,0.302371312,0.269210665,0.654726764,3186.0,0.0
0.719298101646469,0.257772145,0.253705874,0.601121014,3186.0,0.0
0.7169624432593787,0.199127737,0.21796478,0.562374199,3186.0,0.0
0.716029088996542,0.115187755,0.179124293,0.509223252,3186.0,0.0
0.7173792177419832,0.04945203,0.171835517,0.487239484,3186.0,0.0
0.7138448795587764,0.003115776,0.166282056,0.457193277,3186.0,0.0
0.7056281520041007,0.0,0.1521120575,0.428223453,3186.0,0.0
0.6493275807040115,0.0,0.146915152,0.46842889,3186.0,0.0
0.6270100577380355,0.0,0.12874373,0.401769055,3186.0,0.0
0.6141667906572829,0.0,0.1112869,0.32610499,3186.0,0.0
0.6081365934839696,0.0,0.103503045,0.271205007,3186.0,0.0
0.6087427755804269,0.0,0.099232332,0.2374988105,3186.0,0.0
0.6164867333791499,0.012956859,0.087457447,0.232442471,3186.0,0.0
0.6290171898453929,0.100033711,0.076993588,0.2400233,3186.0,0.0
0.6599870252365281,0.199919354,0.069433343,0.250814028,3186.0,0.0
0.68475113368206,0.297205567,0.072228095,0.255310231,3186.0,0.0
0.7103660051185925,0.399424094,0.08406086,0.264896957,3186.0,0.0
0.7139293080639023,0.493950341,0.095947762,0.292136647,3186.0,0.0
0.7180573524353753,0.54476165,0.087863813,0.236068678,3186.0,0.0
0.7178583703880125,0.597857283,0.108872582,0.295456541,3186.0,0.0
0.7170985634330098,0.592910689,0.116020625,0.346524568,3186.0,0.0
0.7177404800711761,0.546162394,0.123256328,0.38122252,3186.0,0.0
0.717426363950492,0.496414658,0.124089212,0.408643949,3186.0,0.0
0.7181646530780696,0.415836186,0.124792434,0.414276919,3186.0,0.0
0.7197475641617251,0.304410163,0.106278171,0.413116276,3186.0,0.0
0.7198360060061517,0.202805152,0.089804232,0.398584531,3186.0,0.0
0.7150618376220764,0.106144188,0.091801062,0.360522328,3186.0,0.0
0.7125720712565042,0.002928774,0.099705152,0.346486387,3186.0,0.0
0.7050608231804124,0.0,0.104190753,0.34594025100000003,3186.0,0.0
0.6631780404850044,0.0,0.107426525,0.323263897,3186.0,0.0
0.6424657690131369,0.0,0.101065781,0.307895125,3186.0,0.0
0.6327017194885584,0.0,0.104057218,0.285515599,3186.0,0.0
0.630796810443203,0.0,0.09922809,0.276367891,3186.0,0.0
0.634345751836643,0.0,0.09212208150000001,0.2821498775,3186.0,0.0
0.6681509972748875,0.005087583,0.092875323,0.297628175,3186.0,0.0
0.7367398617142604,0.068601096,0.08903489,0.305154503,3186.0,0.0
0.8007114227787157,0.147491583,0.07465063,0.302942359,3186.0,0.0
0.8231169522892,0.284673886,0.077569625,0.314946089,3186.0,0.0
0.8253313355680457,0.419778835,0.096021198,0.361709075,3186.0,0.0
0.8242189699207335,0.549490456,0.123425255,0.41606717,3186.0,0.0
0.8249431389580146,0.612856289,0.155817884,0.451387998,3186.0,0.0
0.8246692546254374,0.590643753,0.185703697,0.479502407,3186.0,0.0
0.8238299999252235,0.506870085,0.198989706,0.519606318,3186.0,0.0
0.8242504976783768,0.408923127,0.216950243,0.578900971,3186.0,0.0
0.8215941468357612,0.316069457,0.233122749,0.628113692,3186.0,0.0
0.8189956294837345,0.220103498,0.231756895,0.672325406,3186.0,0.0
0.8170062919332534,0.177544885,0.215930697,0.695009007,3186.0,0.0
0.8146209243421141,0.12955388,0.210561649,0.700399897,3186.0,0.0
0.810144576669576,0.078955166,0.211888125,0.692317347,3186.0,0.0
0.8033719317982179,0.001953218,0.21506586,0.672286722,3186.0,0.0
0.7522951848422248,0.0,0.202762006,0.627997837,3186.0,0.0
0.6623192020114328,0.0,0.182044965,0.57589282,3186.0,0.0
0.6427697787764056,0.0,0.163928665,0.531200185,3186.0,0.0
0.6334849787186336,0.0,0.144042892,0.487329311,3186.0,0.0
0.6321004455364327,0.0,0.1209021525,0.45861538150000003,3186.0,0.0
0.6380862283427678,0.0,0.109807918,0.434383342,3186.0,0.0
0.6693784001747437,0.003461704,0.10533373,0.427285968,3186.0,0.0
0.7375735075002469,0.035544578,0.096562826,0.421076743,3186.0,0.0
0.8014324970933409,0.094476816,0.090883613,0.416501682,3186.0,0.0
0.8256067674587412,0.198928668,0.077794007,0.38974926,3186.0,0.0
0.8297077811221786,0.316704058,0.071003652,0.353316319,3186.0,0.0
0.8288379660849355,0.387266571,0.072447445,0.309625168,3186.0,0.0
0.8312459637616997,0.386632063,0.057808267,0.224336225,3186.0,0.0
0.8312003163073403,0.321380476,0.064263221,0.237561204,3186.0,0.0
0.8313610010142436,0.28978659799999995,0.0694533245,0.259563156,3186.0,0.0
0.8299116471086787,0.26157404,0.068774923,0.248284615,3186.0,0.0
0.8263346113561822,0.231300706,0.064706974,0.222268139,3186.0,0.0
0.8244916939783026,0.182895906,0.067091209,0.192110159,3186.0,0.0
0.8202783024850588,0.122290219,0.078805636,0.159947688,3186.0,0.0
0.8156767143817837,0.068519277,0.107663107,0.145971815,3186.0,0.0
0.8046756877206293,0.00127799,0.126877066,0.137339603,3186.0,0.0
0.770498348030316,0.0,0.135011437,0.136945421,3186.0,0.0
0.732917084595422,0.0,0.131340009,0.133015778,3186.0,0.0
0.6525742531402756,0.0,0.1256932285,0.1231394345,3186.0,0.0
0.6324777860183936,0.0,0.116346696,0.1121772755,3186.0,0.0
0.6348021533710755,0.0,0.11577309799999999,0.099404574,3186.0,0.0
0.6690227471533585,0.001352275,0.125036765,0.119120543,3186.0,0.0
0.737574087637751,0.033099421,0.132196278,0.141201139,3186.0,0.0
0.8008303285329744,0.084429328,0.149849288,0.158603188,3186.0,0.0
0.8258791046267806,0.118674559,0.172155512,0.176319547,3186.0,0.0
0.8299344708358585,0.188119117,0.225757095,0.197928073,3186.0,0.0
0.8307561242271706,0.272762457,0.287075516,0.227851386,3186.0,0.0
0.8326091963728545,0.293511438,0.271540564,0.196232085,3186.0,0.0
0.8332521288420235,0.295885922,0.319396635,0.228152613,3186.0,0.0
0.8330936198475506,0.239373736,0.357924999,0.252984389,3186.0,0.0
0.8338190463741978,0.187663687,0.376354324,0.263177843,3186.0,0.0
0.8315448963378564,0.171004579,0.386989398,0.269440735,3186.0,0.0
0.8285300394095632,0.140430166,0.377126488,0.282860473,3186.0,0.0
0.826710235434035,0.116002884,0.377272747,0.298081905,3186.0,0.0
0.8228886185902049,0.068370846,0.394388746,0.330948282,3186.0,0.0
0.8164991415521549,0.02922383,0.407459363,0.360548571,3186.0,0.0
0.8083491439793455,0.0,0.425462239,0.395723656,3186.0,0.0
0.7762537902712155,0.0,0.431725654,0.419764652,3186.0,0.0
0.7381674073300679,0.0,0.426637841,0.430209316,3186.0,0.0
0.6623986981670327,0.0,0.414502928,0.449867444,3186.0,0.0
0.642839748712094,0.0,0.406375092,0.445360126,3186.0,0.0
0.6338655351460125,0.0,0.38807578,0.43588014,3186.0,0.0
0.632448216716802,0.0,0.3494286945,0.41879232099999997,3186.0,0.0
0.6383259254949641,0.0,0.310268546,0.381698964,3186.0,0.0
0.6693341066369473,0.001339399,0.291558444,0.363731832,3186.0,0.0
0.7377689595250354,0.012557653,0.281298728,0.336952343,3186.0,0.0
0.8029727106077067,0.033113537,0.285980658,0.304746109,3186.0,0.0
0.8270168081928442,0.06828768,0.283746123,0.277539204,3186.0,0.0
0.8299344708358585,0.084531045,0.266523173,0.267012665,3186.0,0.0
0.8307347512373314,0.106917345,0.248907674,0.254174147,3186.0,0.0
0.8317348358756149,0.137157741,0.22205731,0.20308586,3186.0,0.0
0.8317886552397422,0.170757288,0.2286232645,0.22027275,3186.0,0.0
0.8311538950739215,0.174999478,0.22240979,0.244333512,3186.0,0.0
0.8272578112447951,0.161156677,0.215297609,0.253812981,3186.0,0.0
0.8241261278474765,0.172031531,0.205847561,0.248957758,3186.0,0.0
0.8222938481605473,0.15422599,0.194361179,0.23323541,3186.0,0.0
0.8200935849719981,0.122971458,0.184774172,0.229644018,3186.0,0.0
0.8157295183084888,0.069102284,0.192211388,0.253339696,3186.0,0.0
0.8083491439793455,0.0,0.199714032,0.301725744,3186.0,0.0
0.7552305456149184,0.0,0.227253917,0.337793451,3186.0,0.0
0.6625016950080939,0.0,0.258008899,0.401482444,3186.0,0.0
0.6381310538044698,0.0,0.2635667335,0.4546760795,3186.0,0.0
0.6320768238249994,0.0,0.2646573255,0.484003018,3186.0,0.0
0.6537323142587558,0.001503261,0.2665718755,0.5353468004999999,3186.0,0.0
0.7375735075002469,0.076176078,0.258241753,0.579254496,3186.0,0.0
0.8008746220707709,0.160884239,0.234030573,0.591698265,3186.0,0.0
0.8230495449554717,0.254175339,0.226921911,0.582971405,3186.0,0.0
0.8256206935139024,0.366384814,0.220387193,0.563223122,3186.0,0.0
0.8261032797553086,0.405613188,0.201864577,0.537638864,3186.0,0.0
0.827487595681131,0.409539768,0.184041266,0.50718854,3186.0,0.0
0.828444740501391,0.42357688849999997,0.15380084900000002,0.5080108205,3186.0,0.0
0.8290270350228574,0.403182179,0.133799207,0.497548611,3186.0,0.0
0.8267322853821557,0.35099781,0.125169953,0.478728495,3186.0,0.0
0.8231522517277808,0.291464926,0.113854393,0.457554911,3186.0,0.0
0.8201698895841645,0.232322074,0.109701452,0.441727571,3186.0,0.0
0.8165052341766892,0.157189575,0.124987486,0.445670003,3186.0,0.0
0.811023676268367,0.0808617,0.138799837,0.4538832,3186.0,0.0
0.8036177219685289,0.0,0.152035662,0.462074207,3186.0,0.0
0.7707319041475893,0.0,0.154837817,0.466942825,3186.0,0.0
0.7340920216541337,0.0,0.154158839,0.459283373,3186.0,0.0
0.6488874507671119,0.0,0.155056804,0.499356807,3186.0,0.0
0.6253287920940929,0.0,0.148246559,0.465738616,3186.0,0.0
0.6117636769196559,0.0,0.139078219,0.428244309,4362.0,0.0
0.605687348581676,0.0,0.1377213715,0.403426036,4362.0,0.0
0.6133372070145663,0.001417875,0.1330345995,0.39559118449999997,4362.0,0.0
0.6329461073319174,0.111961089,0.132737862,0.385422658,4362.0,0.0
0.6615105076482484,0.250804722,0.120149881,0.369365943,4362.0,0.0
0.6849165086865457,0.38297721,0.094805046,0.340243414,4362.0,0.0
0.7114017760849863,0.513273476,0.100971599,0.302944372,4362.0,0.0
0.7148730103425177,0.620665108,0.114307786,0.264884506,4362.0,0.0
0.7152942818747301,0.674941982,0.09383184,0.203738807,4362.0,0.0
0.7157901172130161,0.683846164,0.096417647,0.18021448699999998,4362.0,0.0
0.7145798803221433,0.578916713,0.103226734,0.178445458,4362.0,0.0
0.7133206599894721,0.465145482,0.101732673,0.178100894,4362.0,0.0
0.7140401867459791,0.319467879,0.0948662,0.166441277,4362.0,0.0
0.7157495953561572,0.211455326,0.075076683,0.160461998,4362.0,0.0
0.7140614633086212,0.118557938,0.082435232,0.161890904,4362.0,0.0
0.7134920792081035,0.040317107,0.09493414,0.166734864,4362.0,0.0
0.7109092287173308,0.0,0.108410782,0.155535661,4362.0,0.0
0.7022273713925646,0.0,0.1093443465,0.1364100275,4362.0,0.0
0.64946379769842,0.0,0.110736205,0.117303047,4362.0,0.0
0.6186261657656023,0.0,0.0999982315,0.093314896,4362.0,0.0
0.605422361527537,0.0,0.09514565550000001,0.095885488,4362.0,0.0
0.6201591902060466,0.010730758666666666,0.090854243,0.09305057666666666,4362.0,0.0
0.6628329287273725,0.102267028,0.069576523,0.080903894,4362.0,0.0
0.6847585802231574,0.173848003,0.041752712,0.071878817,4362.0,0.0
0.711779721106436,0.275032444,0.043824922,0.082602559,4362.0,0.0
0.7154024527236807,0.372108247,0.057063803,0.095070671,4362.0,0.0
0.7160879859413617,0.420565406,0.071987761,0.101332498,4362.0,0.0
0.7176602105300975,0.439990843,0.093294499,0.118024743,4362.0,0.0
0.7199074266791807,0.392741683,0.112125169,0.148822039,4362.0,0.0
0.7189850973904043,0.344082936,0.128854302,0.191217793,4362.0,0.0
0.7173264622256671,0.314737432,0.134023374,0.216093505,4362.0,0.0
0.7159817975568671,0.268810116,0.130563465,0.245379623,4362.0,0.0
0.7164636100192143,0.216785456,0.137118886,0.275384525,4362.0,0.0
0.7147401781395173,0.139372353,0.177177933,0.30274838,4362.0,0.0
0.7129613797311549,0.04654154,0.224066423,0.322738772,4362.0,0.0
0.7107900813047087,0.0,0.246245384,0.333224527,4362.0,0.0
0.7015278635125435,0.0,0.2341178985,0.319216123,4362.0,0.0
0.6668919217798022,0.0,0.224556115,0.321065658,4362.0,0.0
0.6395305774800139,0.0,0.2021545565,0.30380136599999996,4362.0,0.0
0.6318496023842042,0.0,0.185866325,0.312439158,4362.0,0.0
0.6397320497105438,0.0,0.184764765,0.340835271,4362.0,0.0
0.6773227909549603,0.0,0.184641389,0.363515595,4362.0,0.0
0.75187584756087,0.058452389,0.178033827,0.372474358,4362.0,0.0
0.8128530544806151,0.169101787,0.158501585,0.374477539,4362.0,0.0
0.8302246993815517,0.262050609,0.124498774,0.368815535,4362.0,0.0
0.8307212116781192,0.325024811,0.130482901,0.364555967,4362.0,0.0
0.828893284203212,0.389074292,0.145558231,0.364835188,4362.0,0.0
0.8301005231922063,0.457595085,0.154455961,0.352429576,4362.0,0.0
0.8305475195326995,0.54710114,0.190004103,0.364072483,4362.0,0.0
0.8310134710986572,0.530331041,0.195513242,0.370604078,4362.0,0.0
0.8300544888483171,0.44892835,0.185718037,0.380300607,4362.0,0.0
0.8265748406290743,0.349321368,0.168781403,0.387199189,4362.0,0.0
0.8234804875451811,0.24976361,0.148491153,0.388581356,4362.0,0.0
0.820053063115139,0.174944551,0.131712353,0.383163208,4362.0,0.0
0.8201352671038653,0.098268581,0.139523208,0.387622859,4362.0,0.0
0.8138396959868833,0.021915562,0.147487183,0.398718411,4362.0,0.0
0.8069149256014996,0.0,0.141237407,0.395284966,4362.0,0.0
0.7566642080604546,0.0,0.12413647050000001,0.3812020575,4362.0,0.0
0.6670460785622531,0.0,0.106978501,0.362980783,4362.0,0.0
0.6448879347970061,0.0,0.111399673,0.319258005,4362.0,0.0
0.6341596806038093,0.0,0.120128418,0.266369236,4362.0,0.0
0.6317993852646537,0.0,0.1339408465,0.21318073199999998,4362.0,0.0
0.6580628951021502,0.0,0.138794649,0.18569222349999998,4362.0,0.0
0.7516573781673468,0.025218561,0.12596581,0.162265576,4362.0,0.0
0.8137276086194096,0.101529001,0.10637007,0.139804145,4362.0,0.0
0.8292144603690444,0.17666857,0.097768952,0.118025266,4362.0,0.0
0.8298461742225981,0.249437067,0.090120493,0.105223059,4362.0,0.0
0.829012141547082,0.34892394,0.083021171,0.096335124,4362.0,0.0
0.8282577990623012,0.413673958,0.068449652,0.100356938,4362.0,0.0
0.8285005425267645,0.404520113,0.06336902,0.103188862,4362.0,0.0
0.830174313219221,0.361941608,0.060081484,0.109875742,4362.0,0.0
0.8293118479022978,0.292211418,0.058547652,0.118930642,4362.0,0.0
0.8254340423403549,0.265181241,0.058401221,0.13165565,4362.0,0.0
0.8232993484650833,0.192553427,0.054133174,0.147075841,4362.0,0.0
0.8206736551738549,0.152197292,0.053869818,0.168029606,4362.0,0.0
0.8191348927904101,0.103191561,0.061849759,0.196269357,4362.0,0.0
0.8144281801504518,0.028282029,0.07271494,0.219614555,4362.0,0.0
0.7911449775733226,0.0,0.079794689,0.22721452250000002,4362.0,0.0
0.7387886763470652,0.0,0.080023531,0.217160434,4362.0,0.0
0.6671749454427611,0.0,0.083622709,0.216875059,4362.0,0.0
0.639503305113615,0.0,0.0843050925,0.2236573175,4362.0,0.0
0.6343003945166322,0.0,0.08839298466666667,0.2530358953333333,4362.0,0.0
0.6767381752931068,0.0,0.095479642,0.284613188,4362.0,0.0
0.7513698578483603,0.041595042,0.095354138,0.30211337,4362.0,0.0
0.8132127212348812,0.142106159,0.077763987,0.297891045,4362.0,0.0
0.8295266420420809,0.186274449,0.06045013,0.282930831,4362.0,0.0
0.8306117353229943,0.278589074,0.060379081,0.266108466,4362.0,0.0
0.8291090457636089,0.382884077,0.078355075,0.249703222,4362.0,0.0
0.8285032503598909,0.392825517,0.08526701,0.229514883,4362.0,0.0
0.8293374278729928,0.361043662,0.0790059485,0.217671761,4362.0,0.0
0.8293118479022978,0.297527814,0.072905076,0.2140465,4362.0,0.0
0.8254340423403549,0.245693022,0.072445868,0.21583764,4362.0,0.0
0.8219493649508084,0.207697172,0.075499788,0.209700232,4362.0,0.0
0.8204245286225249,0.16981763,0.074482481,0.195373085,4362.0,0.0
0.8201352671038653,0.100976971,0.081272614,0.182657898,4362.0,0.0
0.8144960711944871,0.019028291,0.091632382,0.178113685,4362.0,0.0
0.7916293284324356,0.0,0.09401691400000001,0.1679948115,4362.0,0.0
0.7395237739312097,0.0,0.088288605,0.160181719,4362.0,0.0
0.6558147357376474,0.0,0.0666957,0.15973793149999999,4362.0,0.0
0.6326427906637265,0.0,0.05710606099999999,0.14665458666666667,4362.0,0.0
0.6585547411095396,0.0,0.0587813655,0.1914218715,4362.0,0.0
0.7518055871628492,0.021594157,0.056748119,0.219154721,4362.0,0.0
0.8133854463532674,0.08181075,0.048114538,0.224496193,4362.0,0.0
0.8296705476295305,0.144000691,0.046956421,0.219563345,4362.0,0.0
0.8297629063860609,0.20401583,0.04837958,0.21325885,4362.0,0.0
0.8291469562145386,0.319876752,0.052427053,0.204888977,4362.0,0.0
0.8282577990623012,0.366918359,0.046940559,0.141855038,4362.0,0.0
0.828276270577459,0.356942574,0.043774888,0.13484747400000002,4362.0,0.0
0.8270837318162654,0.286241024,0.044117729,0.146884713,4362.0,0.0
0.8232890004493046,0.254826453,0.048768787,0.169196883,4362.0,0.0
0.8215148443217164,0.21323791,0.054568018,0.194451701,4362.0,0.0
0.8213739370297255,0.156784341,0.058581888,0.232545932,4362.0,0.0
0.8200364292268516,0.100204992,0.075086887,0.286627247,4362.0,0.0
0.8138396959868833,0.018102842,0.097568237,0.336323039,4362.0,0.0
0.8071841680468832,0.0,0.110917001,0.378369179,4362.0,0.0
0.7764538845767781,0.0,0.114619439,0.397713867,4362.0,0.0
0.7404173797226662,0.0,0.11100841,0.395309191,4362.0,0.0
0.6559805460420516,0.0,0.090909459,0.3737119895,4362.0,0.0
0.6335742669577025,0.0,0.0754843315,0.348669973,4362.0,0.0
0.6368316983076789,0.0,0.08308191100000001,0.40541318000000004,4362.0,0.0
0.6776575062864244,0.0,0.101038756,0.464232593,4362.0,0.0
0.7518489620840008,0.020828946,0.109807982,0.488053519,4362.0,0.0
0.8132703606903349,0.091471146,0.111985697,0.498395138,4362.0,0.0
0.8299639677186571,0.118896136,0.117717742,0.493796285,4362.0,0.0
0.8307506117401403,0.176973059,0.114319239,0.467344333,4362.0,0.0
0.8292038222845136,0.268281218,0.116808242,0.444591737,4362.0,0.0
0.8286165952167309,0.394925269,0.111037787,0.392000385,4362.0,0.0
0.8282140856620088,0.465637604,0.116050539,0.388288889,4362.0,0.0
0.828348513439936,0.455517387,0.120061068,0.373451916,4362.0,0.0
0.8262811304711957,0.446225476,0.127313434,0.375342871,4362.0,0.0
0.8242844432003944,0.337003253,0.132612904,0.370848959,4362.0,0.0
0.8224523571550202,0.278762654,0.131631137,0.380183071,4362.0,0.0
0.8214265473148755,0.215205858,0.136085309,0.398930889,4362.0,0.0
0.8200081894398386,0.127092155,0.156022285,0.422499425,4362.0,0.0
0.8138396959868833,0.011406456,0.185815419,0.454119597,4362.0,0.0
0.7924636993903023,0.0,0.20454148700000002,0.477584895,4362.0,0.0
0.7407363313720989,0.0,0.203166188,0.494823424,4362.0,0.0
0.648953794253029,0.0,0.200427663,0.477835419,4362.0,0.0
0.6250352267738002,0.0,0.192324057,0.492928298,4362.0,0.0
0.6118448654709597,0.0,0.178947645,0.473472626,4362.0,0.0
0.6056234468685375,0.0,0.1806018215,0.457452677,4362.0,0.0
0.6133098862377787,0.0,0.187375187,0.4542945035,4362.0,0.0
0.6330251681875988,0.01854307,0.194646312,0.450051853,4362.0,0.0
0.6615105076482484,0.097480154,0.200201492,0.43885172,4362.0,0.0
0.6842991081712633,0.150669784,0.201056059,0.435995801,4362.0,0.0
0.7120757522079113,0.223519376,0.216713624,0.453154694,4362.0,0.0
0.7148730103425177,0.299698102,0.238557561,0.483132142,4362.0,0.0
0.7152647849919316,0.383469572,0.272772619,0.499208038,4362.0,0.0
0.7158007552975469,0.394230342,0.306136667,0.54459916,4362.0,0.0
0.7153312252986261,0.363963595,0.324524033,0.605060009,4362.0,0.0
0.7146851500899929,0.276092591,0.32276976,0.616492286,4362.0,0.0
0.7133375843400922,0.249714927,0.325401335,0.614687571,4362.0,0.0
0.7134494300492027,0.217694193,0.316136309,0.61381345,4362.0,0.0
0.7146605371463316,0.154511409,0.30552886,0.611698206,4362.0,0.0
0.7148249451237839,0.096249941,0.303556181,0.591583059,4362.0,0.0
0.7129908282035649,0.006102937,0.307470147,0.56329885,4362.0,0.0
0.7091385057915391,0.0,0.30686962900000003,0.508446266,4362.0,0.0
0.6957692295314204,0.0,0.295473387,0.454181636,4362.0,0.0
0.6488426739125889,0.0,0.257850129,0.423526388,4362.0,0.0
0.6255211978066143,0.0,0.243854899,0.389275751,4362.0,0.0
0.6086508037134262,0.0,0.220321627,0.388216753,4362.0,0.0
0.6104556978795926,0.0,0.20863091433333336,0.36041085399999995,4362.0,0.0
0.6331469270061503,0.023526993,0.223660506,0.361739995,4362.0,0.0
0.6615105076482484,0.091385176,0.230948459,0.371945353,4362.0,0.0
0.6846717343472376,0.166392831,0.237752439,0.372031546,4362.0,0.0
0.7118456777028235,0.253031206,0.254273323,0.370676884,4362.0,0.0
0.7154063212253956,0.348479913,0.280696255,0.374250694,4362.0,0.0
0.7161841163788295,0.429793018,0.272338363,0.353336309,4362.0,0.0
0.7156644898927497,0.450707985,0.305159914,0.346324667,4362.0,0.0
0.7150147882343452,0.407584332,0.349491235,0.3505699285,4362.0,0.0
0.7133206599894721,0.335765591,0.363511127,0.352431059,4362.0,0.0
0.7137999094562788,0.225698773,0.347166644,0.365408219,4362.0,0.0
0.7156419566279024,0.146732623,0.33263582,0.370897999,4362.0,0.0
0.7140614633086212,0.079383793,0.336224816,0.391505097,4362.0,0.0
0.7136351141957166,0.004053167,0.35159271,0.415406999,4362.0,0.0
0.7087754540490749,0.0,0.357275314,0.45618502949999995,4362.0,0.0
0.695310240796253,0.0,0.352133285,0.483534847,4362.0,0.0
0.655846215084902,0.0,0.35374005,0.4944622725,4362.0,0.0
0.6333266153489073,0.0,0.3545983303333333,0.5097056356666667,4362.0,0.0
0.6405202412901452,0.0,0.378667911,0.534304218,4362.0,0.0
0.6774298495457108,0.0,0.404493646,0.556247295,4362.0,0.0
0.7516572817401497,0.006389128,0.423097035,0.584419496,4362.0,0.0
0.8128672706045283,0.042599809,0.457076824,0.623035403,4362.0,0.0
0.8302246993815517,0.094130975,0.496501232,0.66045507,4362.0,0.0
0.8298613577671254,0.152771881,0.528295701,0.68189447,4362.0,0.0
0.8290125284366117,0.200691413,0.559452989,0.708014318,4362.0,0.0
0.8290125284366117,0.218815699,0.50979456,0.688456247,4362.0,0.0
0.828691255843582,0.201818425,0.532939356,0.687309512,4362.0,0.0
0.8279117682944442,0.218119033,0.530591234,0.680205185,4362.0,0.0
0.827340982260555,0.218853585,0.523756537,0.691949662,4362.0,0.0
0.8240651032070346,0.23316456,0.520511175,0.72640084,4362.0,0.0
0.8224922984807945,0.186735101,0.510370258,0.725609759,4362.0,0.0
0.821077228576388,0.155929389,0.514932888,0.71885042,4362.0,0.0
0.8196725070813408,0.088972656,0.491768016,0.71197801,4362.0,0.0
0.8135018859327633,0.003793287,0.474959876,0.702819373,4362.0,0.0
0.7905206862524623,0.0,0.45220525349999996,0.671333961,4362.0,0.0
0.7391588363482765,0.0,0.42548185,0.609318339,4362.0,0.0
0.6670460785622531,0.0,0.454381095,0.594370146,4362.0,0.0
0.6394635086254263,0.0,0.42137112099999996,0.5833987305,4362.0,0.0
0.6315423044535149,0.0,0.40750108,0.572156827,4362.0,0.0
0.6359444750127187,0.0,0.4052666135,0.5471907595000001,4362.0,0.0
0.6773227909549603,0.0,0.40072279,0.547621007,4362.0,0.0
0.75187584756087,0.004845023,0.404488753,0.574504688,4362.0,0.0
0.8132127212348812,0.045230117,0.418483727,0.60625467,4362.0,0.0
0.8293341879191707,0.079491744,0.422623842,0.644726076,4362.0,0.0
0.8292624287670008,0.15636328,0.390229358,0.696550961,4362.0,0.0
0.8279189247667896,0.239725077,0.381943525,0.749858641,4362.0,0.0
0.8281272393925088,0.31110312,0.318009132,0.667834417,4362.0,0.0
0.8272211578896511,0.326844313,0.375877806,0.746264567,4362.0,0.0
0.8272984295288512,0.2496511055,0.411824255,0.860877882,4362.0,0.0
0.8240392815779763,0.185233763,0.424994203,0.889119781,4362.0,0.0
0.8222689935585227,0.158279071,0.411030046,0.892866319,4362.0,0.0
0.8210988920285598,0.10351316,0.393309093,0.893489595,4362.0,0.0
0.819341079720507,0.066033294,0.369558018,0.894729315,4362.0,0.0
0.81336068817844,0.002222036,0.349877475,0.879718273,4362.0,0.0
0.8068348489148153,0.0,0.338016846,0.84711876,4362.0,0.0
0.7571648305171005,0.0,0.32519196100000003,0.7835040714999999,4362.0,0.0
0.6673684634134823,0.0,0.337306831,0.749576106,4362.0,0.0
0.6450303412367264,0.0,0.328592754,0.724288581,4362.0,0.0
0.6329315523352828,0.0,0.330665745,0.6829834429999999,4362.0,0.0
0.6360058379355111,0.0,0.3411710905,0.6860526014999999,4362.0,0.0
0.6773227909549603,0.0,0.346642386,0.678532467,4362.0,0.0
0.7518426758179115,0.004815152,0.343223814,0.674399901,4362.0,0.0
0.8137276086194096,0.065421323,0.337180746,0.688531597,4362.0,0.0
0.831089292394097,0.150461391,0.322131046,0.705633042,4362.0,0.0
0.8301477178111037,0.247929395,0.346511594,0.71526426,4362.0,0.0
0.8281562525650004,0.30124317,0.376417832,0.717252048,4362.0,0.0
0.8281272393925088,0.320447161,0.393126152,0.730678704,4362.0,0.0
0.8270605215931364,0.347574032,0.383537408,0.725841843,4362.0,0.0
0.8271073293225042,0.40234538,0.405783966,0.721330354,4362.0,0.0
0.8266436987001431,0.382927366,0.442645394,0.730402379,4362.0,0.0
0.8239797080684554,0.301311527,0.465538605,0.745946549,4362.0,0.0
0.8221774085810515,0.204567324,0.469740125,0.764015442,4362.0,0.0
0.8205057655842173,0.136332351,0.456182903,0.782355261,4362.0,0.0
0.8196356600846417,0.070421767,0.456618034,0.797129933,4362.0,0.0
0.8144675413387221,0.002478579,0.465504694,0.801208074,4362.0,0.0
0.7912854253602009,0.0,0.495510262,0.810061202,4362.0,0.0
0.7380391689974527,0.0,0.527786495,0.819553629,4362.0,0.0
0.6673759583649687,0.0,0.580965038,0.855352208,4362.0,0.0
0.6451687339435654,0.0,0.542474683,0.840723103,4362.0,0.0
0.6338497230535922,0.0,0.520561964,0.827018631,4362.0,0.0
0.6314719232263124,0.0,0.5080372195,0.831370787,4362.0,0.0
0.639254686280996,0.0,0.470989539,0.822626478,4362.0,0.0
0.677079515369801,0.0,0.445818079,0.800857685,4362.0,0.0
0.7533090505012937,0.007360435,0.41305602,0.785265208,4362.0,0.0
0.8134338016407534,0.111829661,0.375665429,0.762981609,4362.0,0.0
0.8317581429195213,0.212679089,0.348751085,0.731421519,4362.0,0.0
0.830482916852875,0.333556584,0.376429295,0.702102154,4362.0,0.0
0.8279383637025615,0.423176726,0.348409842,0.64569816,4362.0,0.0
0.8275352740103352,0.447359854,0.2425435,0.50628909,4362.0,0.0
0.8276520036585832,0.4269425255,0.235098768,0.521888771,4362.0,0.0
0.8269732884341067,0.383583791,0.279075355,0.570460842,4362.0,0.0
0.8240694554190566,0.334120552,0.285270618,0.588034913,4362.0,0.0
0.8223054536656921,0.256498942,0.267579388,0.606593085,4362.0,0.0
0.8208507325042631,0.154426922,0.232176116,0.622705049,4362.0,0.0
0.8202290765977363,0.077252086,0.229343342,0.642362805,4362.0,0.0
0.816649526260088,0.001905756,0.235953984,0.648197094,4362.0,0.0
0.7909271367276921,0.0,0.255473859,0.648708517,4362.0,0.0
0.7364404942317657,0.0,0.260507305,0.660209286,4362.0,0.0
0.6674561798892387,0.0,0.272474033,0.646751456,4362.0,0.0
0.6449639009300318,0.0,0.247285945,0.6056569,4362.0,0.0
0.6322198267358102,0.0,0.23337527233333333,0.6275660703333333,4362.0,0.0
0.6392069111310141,0.0,0.224547286,0.656669654,4362.0,0.0
0.6766492013279843,0.0,0.22284399,0.681837342,4362.0,0.0
0.7526342521889209,0.0066929,0.214443251,0.691657238,4362.0,0.0
0.8130048899258887,0.094801926,0.206639021,0.699109727,4362.0,0.0
0.8311685953017223,0.169368383,0.193834561,0.706152903,4362.0,0.0
0.8300264427028593,0.244978097,0.208663779,0.7196608,4362.0,0.0
0.827409356621317,0.323717695,0.213164267,0.70559453,4362.0,0.0
0.8279389438400656,0.399653308,0.197869657,0.642533691,4362.0,0.0
0.8277079991287216,0.408363595,0.234598363,0.655766874,4362.0,0.0
0.8274446560598978,0.406391758,0.246435524,0.682739021,4362.0,0.0
0.8269481437633301,0.384537249,0.259454415,0.700469904,4362.0,0.0
0.824075838112343,0.319712591,0.270185231,0.712345621,4362.0,0.0
0.8223635768314528,0.264836711,0.262886447,0.706033389,4362.0,0.0
0.8205057655842173,0.176392056,0.237517008,0.699650053,4362.0,0.0
0.819706452209778,0.091519585,0.253452848,0.702581319,4362.0,0.0
0.8138753823149938,0.001438552,0.287377915,0.702251062,4362.0,0.0
0.7903334061374414,0.0,0.323454358,0.6936204754999999,4362.0,0.0
0.7378112221879871,0.0,0.343795955,0.699200501,4362.0,0.0
0.6488761841346882,0.0,0.364589075,0.697281394,4362.0,0.0
0.6253287920940929,0.0,0.335564999,0.703774473,4362.0,0.0
0.6117649824258304,0.0,0.31494977,0.711449234,4362.0,0.0
0.6056748728702751,0.0,0.33015718299999997,0.7274100605,4362.0,0.0
0.6079375146158293,0.0,0.329486341,0.77656598,4362.0,0.0
0.6257740234232989,0.0015085905,0.328919056,0.8454244945,4362.0,0.0
0.6630808465933058,0.054202744,0.314080831,0.855533476,4362.0,0.0
0.6864900387814562,0.13590727,0.309254879,0.844087932,4362.0,0.0
0.7130393771326058,0.205238064,0.324340734,0.82908186,4362.0,0.0
0.7160317004024713,0.263223027,0.335440363,0.804164501,4362.0,0.0
0.7162624518658407,0.282932919,0.286327292,0.661327051,4362.0,0.0
0.7149274102377297,0.313741403,0.308396755,0.649954789,4362.0,0.0
0.7149812296018572,0.310194852,0.338935587,0.632245762,4362.0,0.0
0.7152007624496112,0.294480467,0.37072193,0.651611619,4362.0,0.0
0.7136253467110223,0.289400802,0.405051824,0.67304263,4362.0,0.0
0.7142892648869205,0.217851115,0.399633236,0.686614611,4362.0,0.0
0.7169419888861847,0.136599414,0.366955221,0.7014408,4362.0,0.0
0.7175722035920088,0.063912127,0.380980996,0.722075204,4362.0,0.0
0.7199312174333943,0.0,0.39279749,0.742784065,4362.0,0.0
0.7179091918502615,0.0,0.4069691795,0.758378631,4362.0,0.0
0.7014500599494378,0.0,0.402796573,0.757321302,4362.0,0.0
0.6508023209387164,0.0,0.420254868,0.718443275,4362.0,0.0
0.6258356039960505,0.0,0.417318396,0.699093614,4362.0,0.0
0.6122030330774966,0.0,0.423838448,0.695172562,4362.0,0.0
0.6072632240221678,0.0,0.4282837835,0.6872565975,4362.0,0.0
0.6155660966828677,0.0,0.41945813499999995,0.6424198864999999,4362.0,0.0
0.6386411538738481,0.002374434,0.412515563,0.614361843,4362.0,0.0
0.6657829897278669,0.0874631,0.391245692,0.604262051,4362.0,0.0
0.6903681832161204,0.179190666,0.387626252,0.587454148,4362.0,0.0
0.7161135175016679,0.283611258,0.398655584,0.589279164,4362.0,0.0
0.717890188214408,0.322220086,0.412857746,0.584507931,4362.0,0.0
0.7166896227746127,0.350041592,0.345709643,0.586911194,4362.0,0.0
0.7161259932130689,0.321327899,0.317025346,0.564090259,4362.0,0.0
0.714633216369544,0.29139654,0.324246924,0.560762318,4362.0,0.0
0.714444727175546,0.291290901,0.338564436,0.589293088,4362.0,0.0
0.7136064879127546,0.265822307,0.329062539,0.594581007,4362.0,0.0
0.7154163307620336,0.195865101,0.293079177,0.61144244,4362.0,0.0
0.7170909716607462,0.118379309,0.270969331,0.652078138,4362.0,0.0
0.7160048145320215,0.045625906,0.279545209,0.673949491,4362.0,0.0
0.7142372347392747,0.0,0.305654363,0.709979277,4362.0,0.0
0.7094326994629347,0.0,0.33664331000000003,0.753612689,4362.0,0.0
0.6811060136375535,0.0,0.33764233099999996,0.738609045,4362.0,0.0
0.6450898179254698,0.0,0.324376587,0.705349968,4362.0,0.0
0.6331084844345248,0.0,0.30778669000000003,0.7017690255,4362.0,0.0
0.6324571868076135,0.0,0.28059225,0.684545951,4362.0,0.0
0.6400972289518402,0.0,0.264001379,0.68211343,4362.0,0.0
0.6771436827497074,0.0,0.244961041,0.671042843,4362.0,0.0
0.7516041873511121,0.004234962,0.241539259,0.662602396,4362.0,0.0
0.8128973476248309,0.064486331,0.244835812,0.649109974,4362.0,0.0
0.8293609769688429,0.129347548,0.254354188,0.643660646,4362.0,0.0
0.8288140785099446,0.207038156,0.269768945,0.641495805,4362.0,0.0
0.8280669889247063,0.283173347,0.272015073,0.626252988,4362.0,0.0
0.8279222131310005,0.293357953,0.31217604,0.588357594,4362.0,0.0
0.8282353618310705,0.328809474,0.322920603,0.572377337,4362.0,0.0
0.8273933510841318,0.337220729,0.319909436,0.5344319175000001,4362.0,0.0
0.8237886078621085,0.258665346,0.298932607,0.485697168,4362.0,0.0
0.8219145492225345,0.216149521,0.265141412,0.45770435,4362.0,0.0
0.8209368049947042,0.121171819,0.246489617,0.448576705,4362.0,0.0
0.8188529809920705,0.049376173,0.255076007,0.436074874,4362.0,0.0
0.8142564220590991,0.0,0.283408367,0.468758912,4362.0,0.0
0.8065675409170795,0.0,0.290419236,0.520093052,4362.0,0.0
0.776031646017532,0.0,0.293762272,0.554968302,4362.0,0.0
0.7383258195037634,0.0,0.2890975,0.55240913,4362.0,0.0
0.6668919217798022,0.0,0.288527776,0.568175126,4362.0,0.0
0.6449014743562184,0.0,0.270717932,0.533261012,4362.0,0.0
0.6327852775906377,0.0,0.2537391505,0.5063989950000001,4362.0,0.0
0.6359320477117063,0.0,0.23904413,0.530798702,4362.0,0.0
0.6773227909549603,0.0,0.237570767,0.554768469,4362.0,0.0
0.75187584756087,0.003158422,0.238812266,0.572802658,4362.0,0.0
0.8133135903803201,0.078755277,0.230274574,0.590595657,4362.0,0.0
0.8295266420420809,0.155127003,0.216888287,0.583509535,4362.0,0.0
0.8300966546904914,0.274435984,0.232888822,0.58995312,4362.0,0.0
0.8292038222845136,0.325720298,0.24479211,0.606277047,4362.0,0.0
0.8288978296632085,0.337337909,0.248388529,0.590999444,4362.0,0.0
0.8305475195326995,0.340163094,0.277984938,0.635763587,4362.0,0.0
0.8321382156365932,0.390383145,0.287449751,0.681552596,4362.0,0.0
0.8323268980785657,0.359048155,0.280101078,0.706836839,4362.0,0.0
0.8291260669350065,0.332123053,0.262032748,0.732943421,4362.0,0.0
0.8251242780381124,0.296732927,0.255661708,0.751828597,4362.0,0.0
0.8237106588710466,0.189076404,0.26521391,0.748903155,4362.0,0.0
0.8192031703303945,0.056765291,0.272600844,0.731920414,4362.0,0.0
0.8136314781819417,0.0,0.280995323,0.713237862,4362.0,0.0
0.7936705510961867,0.0,0.3000932465,0.68502098,4362.0,0.0
0.7430350463352932,0.0,0.326235566,0.664385935,4362.0,0.0
0.6687251200833764,0.0,0.352673741,0.659643727,4362.0,0.0
0.6409209134147873,0.0,0.3641090965,0.654528855,4362.0,0.0
0.6333796367287814,0.0,0.4037335915,0.66801248,4362.0,0.0
0.6411291314165191,0.0,0.427849715,0.700562301,4362.0,0.0
0.6776575062864244,0.0,0.421484137,0.723953569,4362.0,0.0
0.7516572817401497,0.001038976,0.409285467,0.748162676,4362.0,0.0
0.8128672706045283,0.04084622,0.393610866,0.752325909,4362.0,0.0
0.8302246993815517,0.072181188,0.385638959,0.752753605,4362.0,0.0
0.8305107693567779,0.125550723,0.391137708,0.741436785,4362.0,0.0
0.8289844822911536,0.207481507,0.386952292,0.711931346,4362.0,0.0
0.8292038222845136,0.246628547,0.369926523,0.652356765,4362.0,0.0
0.8282140856620088,0.240466323,0.398958338,0.680321413,4362.0,0.0
0.8282061554106044,0.263966859,0.399619658,0.682978276,4362.0,0.0
0.8273436900936814,0.255511365,0.380822108,0.663050524,4362.0,0.0
0.8238582393186561,0.253056711,0.35210547,0.651049824,4362.0,0.0
0.8217940478933492,0.205574137,0.317911424,0.636347825,4362.0,0.0
0.8204914526395265,0.136588387,0.307243123,0.636898155,4362.0,0.0
0.8194449467678243,0.060291032,0.324678937,0.642047343,4362.0,0.0
0.8146787574391225,0.0,0.350811612,0.65276706,4362.0,0.0
0.7933458695065547,0.0,0.410593353,0.666750766,4362.0,0.0
0.7437560722395297,0.0,0.493425695,0.690660077,4362.0,0.0
0.6692366226764968,0.0,0.58484457,0.730432218,4362.0,0.0
0.6414040553917131,0.0,0.6231589265,0.7623138865,4362.0,0.0
0.6336815433952026,0.0,0.670995184,0.796380301,4362.0,0.0
0.6340537338776782,0.0,0.714432412,0.844945185,4362.0,0.0
0.6413112375236505,0.0,0.744425075,0.895210608,4362.0,0.0
0.6776575062864244,0.0,0.758640564,0.912525884,4362.0,0.0
0.7516572817401497,0.0,0.771037585,0.914261602,4362.0,0.0
0.8130590477691568,0.063181279,0.78039519,0.913728313,4362.0,0.0
0.8301105807456527,0.172672015,0.77250275,0.91187715,4362.0,0.0
0.8297629063860609,0.275349258,0.765865552,0.921951039,4362.0,0.0
0.8284090543700708,0.31172513,0.756711449,0.924318276,4362.0,0.0
0.8284090543700708,0.366410302,0.687274331,0.923054211,4362.0,0.0
0.8281781092651465,0.382511383,0.69977424,0.922594322,4362.0,0.0
0.8279414584252173,0.330605028,0.723980046,0.914865024,4362.0,0.0
0.8268956299053771,0.309264146,0.70345032,0.904673497,4362.0,0.0
0.8237886078621085,0.298442233,0.69673939,0.897905383,4362.0,0.0
0.8219145492225345,0.218241923,0.709157028,0.883810156,4362.0,0.0
0.8208360322764625,0.118278863,0.700194803,0.863918005,4362.0,0.0
0.8194720258862486,0.031863175,0.676542977,0.838347953,4362.0,0.0
0.8136063331175848,0.0,0.651785362,0.808056304,4362.0,0.0
0.8061082621131599,0.0,0.633428553,0.777015632,4362.0,0.0
0.7747021652868401,0.0,0.615086854,0.752384739,4362.0,0.0
0.7392307407316128,0.0,0.598017107,0.746397152,4362.0,0.0
0.6671749454427611,0.0,0.593095421,0.747544775,4362.0,0.0
0.6449014743562184,0.0,0.569933162,0.75178679,4362.0,0.0
0.6341731717526328,0.0,0.553684365,0.744674901,4362.0,0.0
0.6323767718385787,0.0,0.5436617165,0.7703782100000001,4362.0,0.0
0.6403369745144252,0.0,0.53594897,0.829517518,4362.0,0.0
0.6776575062864244,0.0,0.528743757,0.878383162,4362.0,0.0
0.7519435449633504,0.001075974,0.515407628,0.9059206,4362.0,0.0
0.8133971482856094,0.08339499,0.50138585,0.909383783,4362.0,0.0
0.8302246993815517,0.138505131,0.457171957,0.910725592,4362.0,0.0
0.8306117353229943,0.234032528,0.484411556,0.915018646,4362.0,0.0
0.8285781046282972,0.32833651,0.496929278,0.916575235,4362.0,0.0
0.8285032503598909,0.29810963,0.473118114,0.906896722,4362.0,0.0
0.8285005425267645,0.307000705,0.513075742,0.916645782,4362.0,0.0
0.828348513439936,0.299921353,0.548819742,0.92469054,4362.0,0.0
0.8273935929392854,0.282400862,0.574782387,0.927286511,4362.0,0.0
0.8240694554190566,0.202979466,0.583696757,0.930799408,4362.0,0.0
0.821646274197765,0.15875147,0.594551023,0.931814787,4362.0,0.0
0.820828295666613,0.103988276,0.604489506,0.922352524,4362.0,0.0
0.819702197212114,0.006768885,0.626194812,0.90441598,4362.0,0.0
0.8143525524965669,0.0,0.615322808,0.914221543,4362.0,0.0
0.7909934077948164,0.0,0.619954774,0.9080847734999999,4362.0,0.0
0.7357139554469188,0.0,0.629934126,0.887213155,4362.0,0.0
0.6502862732791799,0.0,0.648357095,0.893146565,4362.0,0.0
0.6184703407926417,0.0,0.663914945,0.879387996,4362.0,0.0
0.6052908590359052,0.0,0.6619718029999999,0.9162800125,4362.0,0.0
0.6129795711351448,0.0,0.684680838,0.9304535355,4362.0,0.0
0.6333376887333565,0.0,0.703139114,0.935357397,4362.0,0.0
0.6638323364073745,0.038468049,0.719572996,0.935626549,4362.0,0.0
0.690487137380768,0.116824906,0.72437891,0.936093522,4362.0,0.0
0.7186094252957433,0.202117569,0.730251624,0.935635179,4362.0,0.0
0.721381199886852,0.286326995,0.742537316,0.936302094,4362.0,0.0
0.7219412026050442,0.350832223,0.775563965,0.93635216,4362.0,0.0
0.7210965322385777,0.383796347,0.748746411,0.935018679,4362.0,0.0
0.720832995724989,0.3347987575,0.7790335465,0.9333958255,4362.0,0.0
0.7202737665890658,0.268426678,0.813937093,0.931694456,4362.0,0.0
0.7247280643134832,0.202956965,0.801910864,0.933231219,4362.0,0.0
0.7316612970709673,0.120909124,0.780863445,0.936243678,4362.0,0.0
0.7349305993960659,0.024880706,0.748822605,0.935624881,4362.0,0.0
0.7311111102478581,0.0,0.730298175,0.933606424,4362.0,0.0
0.7222588487483026,0.0,0.72050271,0.9332337995,4362.0,0.0
0.6765111953138847,0.0,0.6959602490000001,0.9306438185,4362.0,0.0
0.6188757276168507,0.0,0.6610902359999999,0.9197515789999999,4362.0,0.0
0.6065360488178199,0.0,0.6451269603333333,0.9112392376666666,4362.0,0.0
0.6271746349550582,0.0,0.6204470744999999,0.8926058054999999,4362.0,0.0
0.6656060576286249,0.061584365,0.596102176,0.874918355,4362.0,0.0
0.6951501366204339,0.147878512,0.567452305,0.856061029,4362.0,0.0
0.7253003494951018,0.226903392,0.627786069,0.841158249,4362.0,0.0
0.7268249921818304,0.292661755,0.642857419,0.810609001,4362.0,0.0
0.7238005610168174,0.316873815,0.552333731,0.741890962,4362.0,0.0
0.7210579444357861,0.332084463,0.570462072,0.712746079,4362.0,0.0
0.7210853620333512,0.338846019,0.574217262,0.684416013,4362.0,0.0
0.7204525843319863,0.310825626,0.588332799,0.659884695,4362.0,0.0
0.7198571373376276,0.261907325,0.59755055,0.672596861,4362.0,0.0
0.7200800553703699,0.184345297,0.571813827,0.660905795,4362.0,0.0
0.7288982745271305,0.113714045,0.556503611,0.627826101,4362.0,0.0
0.7357629876926863,0.022035854,0.556445277,0.610623725,4362.0,0.0
0.7364742945226173,0.0,0.548141568,0.628581822,4362.0,0.0
0.7249300444595146,0.0,0.5575477575000001,0.6479742055,4362.0,0.0
0.7027797339281044,0.0,0.572979139,0.661885836,4362.0,0.0
0.6736882125677878,0.0,0.634962417,0.750770483,4362.0,0.0
0.6436864985605841,0.0,0.6118300265000001,0.7693861545,4362.0,0.0
0.6378330400417482,0.0,0.6164064995,0.796738282,4362.0,0.0
0.6735825075000198,0.0,0.630073809,0.8286197965,4362.0,0.0
0.7667292450444388,0.0,0.629134438,0.855780176,4362.0,0.0
0.8182532786064672,0.053067113,0.624940973,0.870945084,4362.0,0.0
0.8360472588874274,0.163646086,0.578374549,0.862232145,4362.0,0.0
0.8396516638271002,0.298894729,0.669389123,0.863254113,4362.0,0.0
0.8388336852959482,0.363768181,0.692201993,0.861284838,4362.0,0.0
0.8381144486081932,0.420594594,0.700398016,0.842546921,4362.0,0.0
0.8381643514537972,0.453697773,0.70602981,0.844990765,4362.0,0.0
0.8385279831369754,0.43738972,0.718716577,0.848580415,4362.0,0.0
0.8374656171560447,0.403978167,0.72999396,0.864262522,4362.0,0.0
0.835480051286501,0.386702079,0.726821294,0.883595828,4362.0,0.0
0.8345476640506979,0.34711802,0.679026457,0.896563,4362.0,0.0
0.8337093763775179,0.204631957,0.62799808,0.897937849,4362.0,0.0
0.8326637414992326,0.021223439,0.610264226,0.887008462,4362.0,0.0
0.8231022524549797,0.0,0.582783007,0.864900735,4362.0,0.0
0.8106709727384717,0.0,0.564711839,0.854661561,4362.0,0.0
0.7857921655195366,0.0,0.554726659,0.844638891,4362.0,0.0
0.7552239694768673,0.0,0.533017281,0.833724923,4362.0,0.0
0.6871718003181997,0.0,0.534790803,0.841852673,4362.0,0.0
0.670371860067797,0.0,0.49046232,0.80895202,4362.0,0.0
0.6594751845578473,0.0,0.459727296,0.76744615,4362.0,0.0
0.6639517982907333,0.0,0.42863279649999997,0.739487019,4362.0,0.0
0.6924998785991427,0.0,0.43314072400000003,0.7002961705,4362.0,0.0
0.7696651859546366,0.0,0.42350305,0.675449364,4362.0,0.0
0.8204323624467322,0.068174251,0.408646275,0.654476783,4362.0,0.0
0.8357255994048682,0.181494454,0.383672602,0.623084316,4362.0,0.0
0.8400634575497898,0.319255694,0.380969499,0.595032873,4362.0,0.0
0.8380254746430708,0.377836064,0.460686827,0.614433942,4362.0,0.0
0.8377972377648532,0.362610463,0.508525239,0.593136904,4362.0,0.0
0.8357946511174922,0.332069435,0.572514946,0.666754106,4362.0,0.0
0.832788111330133,0.337097345,0.597055461,0.724467683,4362.0,0.0
0.8318329971879274,0.323654125,0.578015589,0.742510402,4362.0,0.0
0.830268219140289,0.269755838,0.590713996,0.771827751,4362.0,0.0
0.8307206315406152,0.210333005,0.601721975,0.833550487,4362.0,0.0
0.8311788464967236,0.100912215,0.593502399,0.861572695,4362.0,0.0
0.8323194515374682,0.007404979,0.58913441,0.860941067,4362.0,0.0
0.8217219018516498,0.0,0.585024345,0.86379877,4362.0,0.0
0.8093824003605876,0.0,0.593362725,0.87074911,4362.0,0.0
0.7759046167638942,0.0,0.60221021,0.883842898,4362.0,0.0
0.7370363765260429,0.0,0.590367459,0.891066035,4362.0,0.0
0.6689744398826809,0.0,0.623170744,0.913304302,4362.0,0.0
0.6454886526200319,0.0,0.601927336,0.915121601,4362.0,0.0
0.6341355029600664,0.0,0.600714273,0.905452028,4362.0,0.0
0.6313963195808318,0.0,0.6264581659999999,0.9014706985000001,4362.0,0.0
0.639299463135519,0.0,0.668013336,0.912888625,4362.0,0.0
0.6770412664397306,0.0,0.698945212,0.924397512,4362.0,0.0
0.7525548528540985,0.0,0.734343965,0.928891528,4362.0,0.0
0.8144556461584055,0.005322164,0.753259746,0.9208548,4362.0,0.0
0.8356205716889624,0.018896083,0.760376018,0.875644767,4362.0,0.0
0.8380201557975954,0.042107829,0.766155371,0.848230018,4362.0,0.0
0.8354960086100874,0.118756204,0.77339882,0.827396987,4362.0,0.0
0.8336853923753298,0.213893348,0.747904902,0.810370779,4362.0,0.0
0.8307877488055915,0.313975643,0.73832374,0.838458354,4362.0,0.0
0.8278819815396837,0.304991589,0.717152834,0.8459366515,4362.0,0.0
0.8241858949985523,0.2676509,0.706019539,0.873813615,4362.0,0.0
0.8225195708471935,0.187562532,0.718210415,0.911016218,4362.0,0.0
0.8219679336803241,0.104619631,0.736833771,0.917008514,4362.0,0.0
0.8202955169044309,0.006442022,0.758628149,0.914044972,4362.0,0.0
0.8146074816036794,0.0,0.777753873,0.921144209,4362.0,0.0
0.7913062666229246,0.0,0.7965729404999999,0.930890778,4362.0,0.0
0.7384081199196866,0.0,0.820161527,0.932793798,4362.0,0.0
0.6674135791407266,0.0,0.853672077,0.936057639,4362.0,0.0
0.6450562596865621,0.0,0.833989204,0.934844417,4362.0,0.0
0.6339180974143541,0.0,0.827233505,0.934152198,4362.0,0.0
0.6313664842188924,0.0,0.822765094,0.932638527,4362.0,0.0
0.6318216044523448,0.0,0.817092135,0.930869712,4362.0,0.0
0.639299463135519,0.0,0.80304654,0.928496537,4362.0,0.0
0.6769565478658527,0.0,0.767318298,0.924861079,4362.0,0.0
0.7530157756433333,0.0,0.712042124,0.918130734,4362.0,0.0
0.8140896931380501,0.034130011,0.653617308,0.908468658,4362.0,0.0
0.8347425359379824,0.153627273,0.533834486,0.887218422,4362.0,0.0
0.834141479635816,0.256532954,0.525456262,0.882463986,4362.0,0.0
0.8315293259037996,0.295259142,0.484994865,0.854646437,4362.0,0.0
0.8299219951244574,0.385243322,0.401187757,0.802737669,4362.0,0.0
0.8277307260351239,0.377149736,0.328239563,0.750376003,4362.0,0.0
0.8273812138518717,0.29885142099999995,0.254632766,0.6646792029999999,4362.0,0.0
0.8241193578710803,0.259705704,0.220015245,0.652219122,4362.0,0.0
0.8234278772600311,0.185717931,0.199451518,0.659058696,4362.0,0.0
0.8230836841190442,0.09093785,0.191885178,0.646786568,4362.0,0.0
0.8229273028201937,0.004222844,0.191312789,0.641501888,4362.0,0.0
0.8166202230188444,0.0,0.191283782,0.609891401,4362.0,0.0
0.8075283607942897,0.0,0.197014087,0.60364889,4362.0,0.0
0.7553235085173571,0.0,0.22377969050000002,0.6071927340000001,4362.0,0.0
0.6686930121882289,0.0,0.259809886,0.629957298,4362.0,0.0
0.6396845164157154,0.0,0.276895147,0.6603398585,4362.0,0.0
0.6315959785864761,0.0,0.284675086,0.693671393,4362.0,0.0
0.63242309644801,0.0,0.297331098,0.70790256,4362.0,0.0
0.6397949599946643,0.0,0.32013469,0.730745289,4362.0,0.0
0.6782667833023279,0.0,0.336037973,0.748856599,4362.0,0.0
0.7561333393439357,0.0,0.343115719,0.757520094,4362.0,0.0
0.816137056639934,0.034975983,0.341515691,0.746381324,4362.0,0.0
0.8366071167680338,0.183845313,0.323415928,0.717347537,4362.0,0.0
0.8391267184955451,0.313830816,0.315389807,0.688011297,4362.0,0.0
0.8382046796691012,0.448446733,0.332093014,0.654304537,4362.0,0.0
0.8389789447999609,0.536633125,0.314855416,0.558848997,4362.0,0.0
0.838329242747976,0.60954478,0.32215867,0.552359273,4362.0,0.0
0.8382811775292421,0.565219748,0.335406321,0.581362044,4362.0,0.0
0.8374656171560447,0.506546725,0.355879876,0.616187198,4362.0,0.0
0.835491753218843,0.446173666,0.365254639,0.617409085,4362.0,0.0
0.8342978605410861,0.362141642,0.343113749,0.61818887,4362.0,0.0
0.8338058937045152,0.190456247,0.30302469,0.612588139,4362.0,0.0
0.8330455550223971,0.007364199,0.284111322,0.604113416,4362.0,0.0
0.8220572941413956,0.0,0.247987935,0.579123565,4362.0,0.0
0.8124699834680844,0.0,0.232236906,0.528973901,4362.0,0.0
0.7884187290170213,0.0,0.217974689,0.473523569,4362.0,0.0
0.7556936927237626,0.0,0.20479936,0.42443752,4362.0,0.0
0.6713098082010192,0.0,0.196538456,0.386733915,4362.0,0.0
0.6529402059638408,0.0,0.185733076,0.314513855,4362.0,0.0
0.6548627163180978,0.0,0.175195631,0.294361407,4362.0,0.0
0.650093214616781,0.0,0.1852128315,0.27096791649999996,4362.0,0.0
0.6482412545325067,0.0,0.246162118,0.321035868,4362.0,0.0
0.6493065461933131,0.0,0.323171132,0.368072141,4362.0,0.0
0.6801719824164352,0.015055813,0.369519705,0.461562644,4362.0,0.0
0.708202153626824,0.079316364,0.410637198,0.526478823,4362.0,0.0
0.7337196375301032,0.131905837,0.390421571,0.581329551,4362.0,0.0
0.7377172194461417,0.205229137,0.451231138,0.653547541,4362.0,0.0
0.7377083221677034,0.23157356,0.46306998,0.730953931,4362.0,0.0
0.7339712302561964,0.220750523,0.516630516,0.818253634,4362.0,0.0
0.7328780618862927,0.177535685,0.561355616,0.865017243,4362.0,0.0
0.7295138862195119,0.145534147,0.602512838,0.89103891,4362.0,0.0
0.727359415322908,0.101105729,0.612257909,0.90665295,4362.0,0.0
0.7298411065994899,0.056939122,0.616756851,0.907864862,4362.0,0.0
0.7334581804985382,0.036752868,0.606122396,0.911230828,4362.0,0.0
0.7347798277986033,0.002646554,0.606309686,0.914855313,4362.0,0.0
0.7325332398038324,0.0,0.614338547,0.918298623,4362.0,0.0
0.7219293556383263,0.0,0.6178567290000001,0.9192623145000001,4362.0,0.0
0.702195118266251,0.0,0.612329695,0.913329388,4362.0,0.0
0.6507033862409252,0.0,0.616252496,0.912849347,4362.0,0.0
0.6189220520294919,0.0,0.5823023825,0.914182551,4362.0,0.0
0.6056075863657284,0.0,0.5586733075,0.9063201345,4362.0,0.0
0.6131855404152826,0.0,0.5258272100000001,0.9002223229999999,4362.0,0.0
0.6491147690286845,0.0089368935,0.49435614949999995,0.8941222765000001,4362.0,0.0
0.6951360169237177,0.11889144,0.443424048,0.875755434,4362.0,0.0
0.7280775397524633,0.213948608,0.440970343,0.864542582,4362.0,0.0
0.7288936326399368,0.297834462,0.4740431,0.855021958,4362.0,0.0
0.7259557572820915,0.355803328,0.422751881,0.809800889,4362.0,0.0
0.7235468890054907,0.392294068,0.417353862,0.801584792,4362.0,0.0
0.7222413926705671,0.360467168,0.4013474,0.802791544,4362.0,0.0
0.7200196108674322,0.312274848,0.39083886,0.803605275,4362.0,0.0
0.7198813633917593,0.247208907,0.353103275,0.801418996,4362.0,0.0
0.7231666714508331,0.181697266,0.325786422,0.799643055,4362.0,0.0
0.7293856962972852,0.082388678,0.321332537,0.800927702,4362.0,0.0
0.7342861201559396,0.002852006,0.320151562,0.802849874,4362.0,0.0
0.7329574128107262,0.0,0.319468863,0.789634051,4362.0,0.0
0.7281814556037497,0.0,0.312553333,0.764862255,4362.0,0.0
0.7120776622535745,0.0,0.29698345400000004,0.7257766695000001,4362.0,0.0
0.7001727542039774,0.0,0.279131531,0.66043497,4362.0,0.0
0.6793356291909028,0.0,0.248598363,0.564734904,4362.0,0.0
0.6685432072242194,0.0,0.241038325,0.498828122,7721.0,0.0
0.6685802958792817,0.0,0.220859941,0.4106772635,7721.0,0.0
0.6847632225039314,0.0,0.208421365,0.36381239,7721.0,0.0
0.7346047813430397,0.0,0.199774135,0.334322517,7721.0,0.0
0.7977950172314869,0.0,0.200710047,0.304603658,7721.0,0.0
0.8319387986828924,0.017492951,0.196604619,0.265793751,7721.0,0.0
0.8395048571585496,0.112627921,0.191557421,0.217738396,7721.0,0.0
0.8380116450151065,0.218215165,0.183519465,0.172652177,7721.0,0.0
0.834670679965035,0.309705277,0.186342486,0.129690504,7721.0,0.0
0.8326242834901847,0.358824961,0.149553825,0.105762118,7721.0,0.0
0.8323432422916818,0.428610609,0.149732143,0.088451193,7721.0,0.0
0.8317082404674976,0.413296513,0.151593375,0.088993831,7721.0,0.0
0.8297879542360599,0.34909412,0.152076488,0.100162066,7721.0,0.0
0.8290158168008225,0.33672702,0.148619241,0.114086147,7721.0,0.0
0.8286411597500035,0.223343201,0.145583587,0.13566832,7721.0,0.0
0.8313260400548036,0.122198438,0.154011737,0.153100619,7721.0,0.0
0.8350929185242809,0.002605,0.159448399,0.160522236,7721.0,0.0
0.8263179770743142,0.0,0.154353325,0.164744193,7721.0,0.0
0.8214202614423667,0.0,0.14510716,0.180964497,7721.0,0.0
0.806376827600262,0.0,0.133614026,0.205273264,7721.0,0.0
0.7721855614612071,0.0,0.118524558,0.226554761,7721.0,0.0
0.712878257125784,0.0,0.115692863,0.220999246,7721.0,0.0
0.699884750174684,0.0,0.096580966,0.216896748,7721.0,0.0
0.6894898089859995,0.0,0.078918713,0.23517439899999998,7721.0,0.0
0.69205728248748,0.0,0.077590154,0.2653981725,7721.0,0.0
0.7440472197954481,0.0,0.089452841,0.317850901,7721.0,0.0
0.8029946637350499,0.0,0.099482111,0.351789706,7721.0,0.0
0.8348875053732432,0.008577978,0.112244743,0.37862277,7721.0,0.0
0.8414299789187358,0.064511887,0.117379547,0.393826513,7721.0,0.0
0.8408506821023577,0.119637088,0.124527237,0.414612769,7721.0,0.0
0.8397348348428599,0.190007919,0.135724677,0.442422363,7721.0,0.0
0.8392356147131661,0.234679232,0.156719352,0.458601634,7721.0,0.0
0.8374482090951176,0.239094131,0.185595028,0.487443248,7721.0,0.0
0.8374779960466683,0.226690491,0.189669031,0.502935121,7721.0,0.0
0.8346196168444228,0.198468403,0.197601192,0.51728297,7721.0,0.0
0.833183173950177,0.141916805,0.202067362,0.544706265,7721.0,0.0
0.8312958662137235,0.098280363,0.207139561,0.581854641,7721.0,0.0
0.8344276464318195,0.046825437,0.216458681,0.60417445,7721.0,0.0
0.8333764986729238,0.001058958,0.214878049,0.617458306,7721.0,0.0
0.8239428610717565,0.0,0.206554074,0.635938664,7721.0,0.0
0.8104751092253787,0.0,0.1974305655,0.648265973,7721.0,0.0
0.7636832472480318,0.0,0.198758529,0.676649054,7721.0,0.0
0.703924836018457,0.0,0.20962101,0.716076133,7721.0,0.0
0.6768457658077631,0.0,0.229554835,0.761955693,7721.0,0.0
0.6711328276913884,0.0,0.247316209,0.8297552205,7721.0,0.0
0.6873518755504864,0.0,0.249652959,0.862486698,7721.0,0.0
0.7382635377675357,0.0,0.246615063,0.868565185,7721.0,0.0
0.8000010833693987,0.0,0.2393268,0.869782937,7721.0,0.0
0.8338681754407428,0.010976663,0.221684915,0.865802481,7721.0,0.0
0.8411825931734984,0.125093945,0.213583987,0.856685503,7721.0,0.0
0.8404967214766765,0.255636942,0.194191589,0.8304186,7721.0,0.0
0.8376965618673887,0.349201629,0.175909817,0.792498263,7721.0,0.0
0.8358269522606142,0.353504629,0.155528352,0.77589017,7721.0,0.0
0.8342575323257823,0.383690529,0.163113014,0.750185766,7721.0,0.0
0.8324240923638446,0.3507664225,0.181233908,0.7279904319999999,7721.0,0.0
0.830581174985965,0.30369109,0.191366656,0.699882681,7721.0,0.0
0.8316572737740824,0.235006269,0.183223335,0.686582019,7721.0,0.0
0.8330131566649172,0.114101594,0.195182622,0.684283156,7721.0,0.0
0.8358718259359147,0.001480247,0.204951568,0.652725056,7721.0,0.0
0.8263179770743142,0.0,0.215899487,0.624296242,7721.0,0.0
0.8218695787264565,0.0,0.219426013,0.613960472,7721.0,0.0
0.8053428458503495,0.0,0.230241883,0.61319321,7721.0,0.0
0.7708324832242761,0.0,0.23578871,0.616271624,7721.0,0.0
0.7115844623296219,0.0,0.254327596,0.628472107,7721.0,0.0
0.6981659121653722,0.0,0.2239751,0.595741418,7721.0,0.0
0.6897439162972444,0.0,0.209225125,0.570574563,7721.0,0.0
0.6865492017866237,0.0,0.185720737,0.5172734835,7721.0,0.0
0.7044658839047647,0.0,0.149244102,0.463633767,7721.0,0.0
0.7560879819583282,0.0,0.116100977,0.405601164,7721.0,0.0
0.8089684789422757,0.0,0.092418919,0.34913431,7721.0,0.0
0.8377373737929997,0.012499494,0.070870898,0.275413129,7721.0,0.0
0.8428734814645494,0.13339394,0.052327952,0.22010821,7721.0,0.0
0.8416294926932139,0.233306511,0.033684834,0.164768039,7721.0,0.0
0.8395735215880635,0.328098939,0.040675518,0.137908218,7721.0,0.0
0.8371903785133239,0.407330044,0.052507253,0.116147016,7721.0,0.0
0.8348712579809046,0.424728898,0.096213454,0.168779788,7721.0,0.0
0.8345759038377109,0.369925321,0.126863017,0.240992084,7721.0,0.0
0.8316647207087603,0.304854121,0.148789718,0.318565876,7721.0,0.0
0.8294455987219433,0.22395029,0.17964427,0.402729551,7721.0,0.0
0.8266848975152837,0.119412365,0.221902747,0.4697123,7721.0,0.0
0.8260786184012586,0.0254219,0.272218235,0.555014551,7721.0,0.0
0.8258604394700678,0.0,0.303589966,0.615764085,7721.0,0.0
0.8177747545083309,0.0,0.316861838,0.672572318,7721.0,0.0
0.8134406680443468,0.0,0.327570146,0.722382118,7721.0,0.0
0.7895791598830674,0.0,0.347616286,0.759038206,7721.0,0.0
0.7488468709358604,0.0,0.377733912,0.804914655,7721.0,0.0
0.6969163624966177,0.0,0.412519804,0.843480482,7721.0,0.0
0.6776503498140791,0.0,0.454585179,0.868933542,7721.0,0.0
0.6660825506551262,0.0,0.501995701,0.8995761025,7721.0,0.0
0.664604473842612,0.0,0.530215443,0.924784061,7721.0,0.0
0.6759639581790554,0.0,0.545661035,0.930394957,7721.0,0.0
0.7225123755284629,0.0,0.542427975,0.92980793,7721.0,0.0
0.7871138128196017,0.0,0.534084042,0.926993906,7721.0,0.0
0.8184820960157694,0.002397646,0.522824511,0.92246338,7721.0,0.0
0.8235929621957649,0.074035984,0.503681645,0.913220727,7721.0,0.0
0.8209957983667211,0.151959895,0.488538912,0.899899984,7721.0,0.0
0.8181403206391568,0.235927198,0.452925979,0.885390896,7721.0,0.0
0.8176668253177437,0.350958702,0.476801876,0.84510484,7721.0,0.0
0.816605039474317,0.408631728,0.545021416,0.836970604,7721.0,0.0
0.8179662416042074,0.416701721,0.560844248,0.826700224,7721.0,0.0
0.818406081472355,0.369765329,0.528435975,0.82340307,7721.0,0.0
0.8170113207099765,0.283887381,0.483479521,0.822360599,7721.0,0.0
0.8167274752511501,0.192292145,0.486253149,0.830915705,7721.0,0.0
0.8210180419563967,0.076614427,0.49674018,0.829641595,7721.0,0.0
0.8232586333602498,0.0,0.508276079,0.831215791,7721.0,0.0
0.8159770973017008,0.0,0.519362616,0.836519852,7721.0,0.0
0.8014577385848949,0.0,0.5202858095,0.851001161,7721.0,0.0
0.7500680359800161,0.0,0.516662788,0.858920611,7721.0,0.0
0.6801421954648846,0.0,0.516237622,0.852154937,7721.0,0.0
0.6597101914124612,0.0,0.498573337,0.833381038,7721.0,0.0
0.6442513852179137,0.0,0.4713779165,0.789573005,7721.0,0.0
0.6421903371224416,0.0,0.449610972,0.736773272,7721.0,0.0
0.6505780973997997,0.0,0.4344093515,0.692248484,7721.0,0.0
0.6646030231052714,0.0,0.419136629,0.64467744,7721.0,0.0
0.7007441687857595,0.004183426,0.403433843,0.600699629,7721.0,0.0
0.73000889936835,0.112201545,0.376405484,0.553231443,7721.0,0.0
0.7517890012913699,0.238325915,0.331910883,0.492213962,7721.0,0.0
0.7513913756757852,0.367816715,0.347608087,0.438505953,7721.0,0.0
0.7498719554073349,0.465187153,0.279071428,0.308288139,7721.0,0.0
0.7449958540300092,0.461030815,0.259801412,0.309044744,7721.0,0.0
0.743744177059213,0.416053302,0.250566752,0.319725016,7721.0,0.0
0.7428214608809072,0.373956035,0.226367638,0.307334842,7721.0,0.0
0.7435980953657525,0.319097435,0.198159205,0.276917315,7721.0,0.0
0.7488773348456927,0.225850412,0.19128259,0.2523908,7721.0,0.0
0.7572597278671868,0.065688145,0.201272133,0.221279208,7721.0,0.0
0.7633035614204896,0.0,0.21353113,0.185942459,7721.0,0.0
0.7603934421393502,0.0,0.224828019,0.158852272,7721.0,0.0
0.7547628530460776,0.0,0.230569763,0.157933919,7721.0,0.0
0.7349044152794627,0.0,0.229844952,0.1853445615,7721.0,0.0
0.6752192381445928,0.0,0.236998327,0.309384684,7721.0,0.0
0.6494189964419124,0.0,0.2427657125,0.35423548299999996,7721.0,0.0
0.6509411249370696,0.0,0.261504014,0.368405373,7721.0,0.0
0.6710789113096933,0.0,0.2632236955,0.45100644199999995,7721.0,0.0
0.7101597213677182,0.003569416,0.250250215,0.490674399,7721.0,0.0
0.740147653960556,0.150990439,0.212028056,0.4965797,7721.0,0.0
0.764062933075574,0.290448765,0.164307868,0.482840135,7721.0,0.0
0.7620853458678235,0.430746327,0.141932759,0.461976193,7721.0,0.0
0.7590607698652246,0.491698647,0.106828112,0.432373345,7721.0,0.0
0.7581745137940882,0.516034185,0.107769062,0.385817003,7721.0,0.0
0.7539025638351655,0.516428515,0.103357723,0.35324631,7721.0,0.0
0.7521577105552405,0.471176615,0.104922879,0.32192679,7721.0,0.0
0.7536070644608055,0.377767638,0.106298266,0.28177677,7721.0,0.0
0.7613222509421904,0.293726876,0.126544871,0.2371882,7721.0,0.0
0.7689083769015123,0.082672712,0.149482804,0.202070408,7721.0,0.0
0.7786106284001703,0.0,0.157834065,0.181515142,7721.0,0.0
0.7756008002486002,0.0,0.173775792,0.175123603,7721.0,0.0
0.7732458481569043,0.0,0.199149424,0.194503668,7721.0,0.0
0.7583490761457642,0.0,0.232571797,0.24071942,7721.0,0.0
0.7360278783196283,0.0,0.271445593,0.305640248,7721.0,0.0
0.7106947730566887,0.0,0.329262971,0.389973863,7721.0,0.0
0.6907411478712353,0.0,0.37055992,0.468362489,7721.0,0.0
0.6780754898480064,0.0,0.418344686,0.545193011,7721.0,0.0
0.6699108888681737,0.0,0.465152797,0.609951661,7721.0,0.0
0.6677744545803899,0.0,0.514700617,0.677674249,7721.0,0.0
0.6781229745356557,0.0,0.559194215,0.768141688,7721.0,0.0
0.724537786296584,0.0,0.60073337,0.83895968,7721.0,0.0
0.7914083444537604,0.0,0.642356432,0.879146288,7721.0,0.0
0.8274891428456687,0.001700615,0.672995538,0.906677278,7721.0,0.0
0.8377839882743929,0.046550355,0.684874723,0.921321086,7721.0,0.0
0.8366697853937908,0.053031708,0.690506922,0.927801325,7721.0,0.0
0.8346163288737923,0.070106847,0.667725075,0.930499154,7721.0,0.0
0.8340157558883524,0.085312311,0.635809786,0.930544605,7721.0,0.0
0.8330136403752242,0.115362259,0.60863104,0.931870103,7721.0,0.0
0.8315602731303584,0.158453586,0.566333323,0.929255412,7721.0,0.0
0.8297656142191873,0.193620173,0.525582929,0.923037323,7721.0,0.0
0.827324638047439,0.20214734,0.481065864,0.904450022,7721.0,0.0
0.825238879990738,0.151077896,0.473308761,0.889961595,7721.0,0.0
0.8245253490379878,0.039780173,0.470297577,0.874980306,7721.0,0.0
0.8235816471529526,0.0,0.479081497,0.864785178,7721.0,0.0
0.8149374582271723,0.0,0.484949227,0.856899958,7721.0,0.0
0.8003069305627475,0.0,0.5001344315,0.8456137029999999,7721.0,0.0
0.7470565638431309,0.0,0.509916058,0.835755595,7721.0,0.0
0.687174266689753,0.0,0.5189431465,0.8466267350000001,7721.0,0.0
0.6657096023335977,0.0,0.484336166,0.8638752353333333,7721.0,0.0
0.6762802504057506,0.0,0.479134133,0.848204129,7721.0,0.0
0.7227859701858685,0.0,0.505338834,0.85497496,7721.0,0.0
0.7883388463654724,0.0,0.520705774,0.863016407,7721.0,0.0
0.8209838063656271,0.001577918,0.526894502,0.869781361,7721.0,0.0
0.8283253028232265,0.055205782,0.527115921,0.866612138,7721.0,0.0
0.8232565056646277,0.112417701,0.523695603,0.865626634,7721.0,0.0
0.8196250220001109,0.178855437,0.509654049,0.8758482,7721.0,0.0
0.8193762823383104,0.186129305,0.513232531,0.849513331,7721.0,0.0
0.8174610734907748,0.212180537,0.54121324,0.8796992525,7721.0,0.0
0.8154866780232479,0.212049765,0.534399757,0.898038334,7721.0,0.0
0.8136895045269249,0.175808431,0.533673567,0.897281997,7721.0,0.0
0.8121963892042592,0.11871398,0.539388908,0.894757013,7721.0,0.0
0.8130895116789891,0.014910137,0.554201537,0.889622323,7721.0,0.0
0.8128802300262363,0.0,0.574178473,0.880909549,7721.0,0.0
0.8069737257255419,0.0,0.581950492,0.871249985,7721.0,0.0
0.8081095916647351,0.0,0.566746483,0.846524306,7721.0,0.0
0.7862209804136238,0.0,0.563558408,0.825400445,7721.0,0.0
0.7452775237764052,0.0,0.563650656,0.812413514,7721.0,0.0
0.6953995532405162,0.0,0.56941761,0.821247387,7721.0,0.0
0.6775502544476992,0.0,0.579516559,0.810965284,7721.0,0.0
0.6671962220054033,0.0,0.566837917,0.810354366,7721.0,0.0
0.6647323252856978,0.0,0.566672053,0.797347084,7721.0,0.0
0.6649207660693071,0.0,0.550426019,0.808683174,7721.0,0.0
0.6762802504057506,0.0,0.526654472,0.801487647,7721.0,0.0
0.7223998044506821,0.0,0.509609676,0.784777801,7721.0,0.0
0.7888736560024991,0.0,0.474302761,0.762474333,7721.0,0.0
0.8234157884381597,0.002049501,0.45107778,0.714537488,7721.0,0.0
0.8298148397129294,0.127217232,0.402217579,0.666727477,7721.0,0.0
0.8211010197241819,0.246078534,0.354515199,0.604140378,7721.0,0.0
0.817072538598393,0.339725598,0.300173017,0.528054289,7721.0,0.0
0.8143836933646809,0.398047827,0.245902108,0.399751335,7721.0,0.0
0.8128428028920333,0.472301199,0.235917536,0.34181507,7721.0,0.0
0.8109920516899461,0.444062663,0.209441229,0.31937734,7721.0,0.0
0.8100365510517916,0.367159267,0.173580931,0.31172573,7721.0,0.0
0.8081673279409662,0.223400908,0.160878236,0.315090993,7721.0,0.0
0.809787907817188,0.128096538,0.176236394,0.334328939,7721.0,0.0
0.8149248860885743,0.03970296,0.203106495,0.345331104,7721.0,0.0
0.82282440279991,0.0,0.22302926,0.339932971,7721.0,0.0
0.8169340490707765,0.0,0.223948023,0.333643788,7721.0,0.0
0.8142309873195704,0.0,0.212509994,0.321739112,7721.0,0.0
0.7909271125224978,0.0,0.193975373,0.3290848,7721.0,0.0
0.7497683296248004,0.0,0.176404572,0.348094223,7721.0,0.0
0.6972566871358896,0.0,0.158586859,0.399152165,7721.0,0.0
0.6777223026078039,0.0,0.15115167,0.430809482,7721.0,0.0
0.6657684990160305,0.0,0.13431463266666668,0.46367546433333334,7721.0,0.0
0.6761981432378019,0.0,0.119562491,0.450255554,7721.0,0.0
0.7225144064033078,0.0,0.116862001,0.441674124,7721.0,0.0
0.7902239295855262,0.0,0.1196028,0.442387157,7721.0,0.0
0.8242283509094787,0.001495623,0.129760254,0.460678222,7721.0,0.0
0.8336766883448663,0.081933221,0.128852815,0.470833871,7721.0,0.0
0.8234369677864438,0.140078497,0.121792489,0.472573138,7721.0,0.0
0.8169925591260666,0.216128329,0.098488716,0.472465102,7721.0,0.0
0.813483317596828,0.27494102,0.081719171,0.452806875,7721.0,0.0
0.8112534607047027,0.346418188,0.092058191,0.48472456,7721.0,0.0
0.810613429710215,0.388239409,0.107455124,0.542746734,7721.0,0.0
0.8096081226536535,0.382203617,0.129242428,0.632379528,7721.0,0.0
0.8080996789488746,0.319852598,0.171551793,0.715154126,7721.0,0.0
0.8086163555498843,0.207723184,0.2346108,0.765337743,7721.0,0.0
0.811406166749813,0.047270878,0.286174036,0.80214905,7721.0,0.0
0.8128624350757797,0.0,0.307929341,0.826812589,7721.0,0.0
0.8089959929670378,0.0,0.3092584115,0.8309452655,7721.0,0.0
0.7872646332210335,0.0,0.303331947,0.808521357,7721.0,0.0
0.7466164823166198,0.0,0.300818563,0.786117022,7721.0,0.0
0.6959173417061454,0.0,0.267608908,0.795905487,7721.0,0.0
0.672652320575422,0.0,0.2494871815,0.787234926,7721.0,0.0
0.664801763691061,0.0,0.2298609895,0.749241357,7721.0,0.0
0.675934510100226,0.0,0.217348422,0.73726166,7721.0,0.0
0.7226490278227897,0.0,0.21226904,0.736206898,7721.0,0.0
0.7897745154806589,0.0,0.210224431,0.737034182,7721.0,0.0
0.8232713991404029,0.0012083,0.206380538,0.738866666,7721.0,0.0
0.8309152133591475,0.077507142,0.187602412,0.728796388,7721.0,0.0
0.8223601916464645,0.164226169,0.167584735,0.708776284,7721.0,0.0
0.8169925591260666,0.238161524,0.135915473,0.665758902,7721.0,0.0
0.8129908670499499,0.292965635,0.117517052,0.574651787,7721.0,0.0
0.8099530413601008,0.31437006749999996,0.145429151,0.5808976084999999,7721.0,0.0
0.8076220250569944,0.281874043,0.154846877,0.590624243,7721.0,0.0
0.8065579666803598,0.221222624,0.178954291,0.613815404,7721.0,0.0
0.8063787616543292,0.148135679,0.217912776,0.626565008,7721.0,0.0
0.8105137212333647,0.030524956,0.274159763,0.648048577,7721.0,0.0
0.8127973490792286,0.0,0.298469259,0.679639682,7721.0,0.0
0.8094901359096199,0.0,0.306534539,0.705059815,7721.0,0.0
0.79938170019287,0.0,0.30870660250000004,0.6873871885,7721.0,0.0
0.7466611627439458,0.0,0.318062054,0.637307649,7721.0,0.0
0.6793035212957553,0.0,0.329506516,0.636437193,7721.0,0.0
0.6586587051744246,0.0,0.350471837,0.654662234,7721.0,0.0
0.64330357297601,0.0,0.3931602945,0.6766905825,7721.0,0.0
0.6400836413758197,0.0,0.425884276,0.676885869,7721.0,0.0
0.6470942908068797,0.0,0.46367190199999997,0.7035992360000001,7721.0,0.0
0.6737212388827898,0.0,0.505624254,0.7799589325,7721.0,0.0
0.7103790613610781,0.037431085,0.508870448,0.805475796,7721.0,0.0
0.726423449654142,0.086283803,0.502628655,0.818308434,7721.0,0.0
0.7265627129608176,0.11057656,0.497299794,0.819960518,7721.0,0.0
0.7248565443044618,0.143498852,0.453040912,0.815012052,7721.0,0.0
0.7246138008399984,0.156965849,0.445634904,0.824606376,7721.0,0.0
0.7235980489468806,0.16837216,0.438449501,0.836610397,7721.0,0.0
0.7228754754845259,0.140333657,0.437034869,0.839271899,7721.0,0.0
0.722605701312027,0.124294419,0.447018107,0.83860561,7721.0,0.0
0.7244640442863777,0.077489798,0.44938227,0.845149444,7721.0,0.0
0.7275524495833224,0.020134646,0.450282127,0.855620002,7721.0,0.0
0.7288031599206654,0.0,0.455026557,0.861258306,7721.0,0.0
0.7278884224041526,0.0,0.460897365,0.865337334,7721.0,0.0
0.7255814631123978,0.0,0.48922271100000003,0.8688524945,7721.0,0.0
0.7100331274139985,0.0,0.508421558,0.883152723,7721.0,0.0
0.6765952851430795,0.0,0.525632389,0.89926724,7721.0,0.0
0.6512110201355403,0.0,0.5316285285,0.8945097985,7721.0,0.0
0.6398515840126955,0.0,0.530184768,0.8817224605,7721.0,0.0
0.642811316070687,0.0,0.522282366,0.867762734,7721.0,0.0
0.6513615986818186,0.0,0.522321583,0.871997983,7721.0,0.0
0.6570267614514212,0.0,0.525618555,0.883053774,7721.0,0.0
0.6902039684866427,0.0,0.540387367,0.896440877,7721.0,0.0
0.7138200249567519,0.078286141,0.547760262,0.902452383,7721.0,0.0
0.7301574468429932,0.17596373,0.564908342,0.908564239,7721.0,0.0
0.7292347310582677,0.269490396,0.519129587,0.905349463,7721.0,0.0
0.727164156546094,0.329857067,0.474401919,0.890370084,7721.0,0.0
0.7251027213643022,0.345018367,0.495119426,0.898681309,7721.0,0.0
0.7245942166730603,0.336987859,0.52998743,0.900387163,7721.0,0.0
0.7236644892535752,0.286595982,0.575367762,0.905741457,7721.0,0.0
0.7235642486560291,0.220257897,0.619102991,0.913151745,7721.0,0.0
0.7274937462800576,0.131723072,0.633303561,0.918176177,7721.0,0.0
0.732553645766638,0.024355893,0.644594635,0.922782853,7721.0,0.0
0.7353796270049842,0.0,0.650259956,0.925995514,7721.0,0.0
0.7359832463026911,0.0,0.647248623,0.927460889,7721.0,0.0
0.7306671118092435,0.0,0.6246954215,0.927070279,7721.0,0.0
0.7117363465788648,0.0,0.596683887,0.921902374,7721.0,0.0
0.6952373693858833,0.0,0.547957998,0.919355396,7721.0,0.0
0.6775502544476992,0.0,0.505133749,0.904798121,7721.0,0.0
0.6674696226276734,0.0,0.493387553,0.891162947,7721.0,0.0
0.664775264906931,0.0,0.496609388,0.884936613,7721.0,0.0
0.6647076643252282,0.0,0.496483039,0.871242441,7721.0,0.0
0.6758280316469794,0.0,0.472102082,0.865219248,7721.0,0.0
0.7227353419715942,0.0,0.429428526,0.867552209,7721.0,0.0
0.7898039639530687,0.0,0.384311777,0.862723706,7721.0,0.0
0.8237676213682186,0.0,0.351154635,0.84562737,7721.0,0.0
0.8312167569476532,0.068077253,0.307972128,0.806872833,7721.0,0.0
0.8207959941299106,0.186456959,0.263456293,0.755701777,7721.0,0.0
0.8151465466319506,0.269584826,0.207837244,0.669392349,7721.0,0.0
0.8114129363326289,0.34623391,0.151589491,0.574018316,7721.0,0.0
0.8099160009186371,0.378401072,0.128658962,0.533186195,7721.0,0.0
0.8094824957269675,0.344013223,0.10916194,0.490948678,7721.0,0.0
0.8082975971484262,0.26965011,0.100905789,0.476562596,7721.0,0.0
0.8078622543298865,0.167852917,0.099052145,0.470231096,7721.0,0.0
0.809019348421333,0.090274258,0.103818961,0.470469756,7721.0,0.0
0.8140628072676003,0.015601395,0.111755434,0.484651551,7721.0,0.0
0.820466694464699,0.0,0.116567941,0.499045091,7721.0,0.0
0.8141672066324036,0.0,0.106891255,0.499377799,7721.0,0.0
0.7909271125224978,0.0,0.099477021,0.454635066,7721.0,0.0
0.7502245137060639,0.0,0.099579882,0.402000229,7721.0,0.0
0.6972635055226746,0.0,0.107825082,0.392352873,7721.0,0.0
0.6725383715726738,0.0,0.1186700175,0.34236017350000003,7721.0,0.0
0.6657274293608566,0.0,0.1356756985,0.24782252100000002,7721.0,0.0
0.6772314960462411,0.0,0.162930337,0.221016447,7721.0,0.0
0.7240040885241767,0.0,0.165802837,0.231900597,7721.0,0.0
0.7919690729342033,0.0,0.17384583,0.240156985,7721.0,0.0
0.827510999545815,0.0,0.189056734,0.229313143,7721.0,0.0
0.8349272534510431,0.058676426,0.188345783,0.20390962,7721.0,0.0
0.8324176128497809,0.179059132,0.170811867,0.177221034,7721.0,0.0
0.8268115882897807,0.251826491,0.151693515,0.167718312,7721.0,0.0
0.819626569558229,0.33100905,0.142235854,0.133389999,7721.0,0.0
0.8161137495960276,0.409755612,0.1459883575,0.13352877000000002,7721.0,0.0
0.8140937548877396,0.317187566,0.139884277,0.126872084,7721.0,0.0
0.8136266426531932,0.223544059,0.1387788,0.116142256,7721.0,0.0
0.8151032201211879,0.116704809,0.154258614,0.119787876,7721.0,0.0
0.8217017859575964,0.01010844,0.171416613,0.141292457,7721.0,0.0
0.8255392633042353,0.0,0.177823189,0.153913966,7721.0,0.0
0.8169600643413897,0.0,0.183304893,0.14363106949999999,7721.0,0.0
0.7918949440344676,0.0,0.196405191,0.151451878,7721.0,0.0
0.751712309789674,0.0,0.206778372,0.163774144,7721.0,0.0
0.6982708914708894,0.0,0.217247021,0.17522743,7721.0,0.0
0.6784037256654067,0.0,0.23392012,0.214837048,7721.0,0.0
0.6660335668197475,0.0,0.251929487,0.27269586999999995,7721.0,0.0
0.6650990520851123,0.0,0.27232651,0.327096031,7721.0,0.0
0.6761248365275139,0.0,0.275775782,0.378603462,7721.0,0.0
0.7224186632489499,0.0,0.278771056,0.423274877,7721.0,0.0
0.7902981068956507,0.0,0.276558509,0.466391535,7721.0,0.0
0.824199047668235,0.0,0.270157154,0.495843272,7721.0,0.0
0.8333561895308959,0.016591672,0.25999982,0.504660948,7721.0,0.0
0.8300484926509799,0.045225161,0.252422245,0.512631368,7721.0,0.0
0.8217507213825864,0.064460614,0.241295673,0.50774322,7721.0,0.0
0.8186799658049323,0.109726211,0.22384465,0.513486733,7721.0,0.0
0.8144636728370073,0.177650039,0.224877525,0.516170358,7721.0,0.0
0.8131071129878908,0.214633806,0.227018006,0.525744348,7721.0,0.0
0.8120815936100787,0.196308986,0.222613496,0.524734616,7721.0,0.0
0.810796406417183,0.162664837,0.211165178,0.526088424,7721.0,0.0
0.8120707622775734,0.069348762,0.216181517,0.524915866,7721.0,0.0
0.8154525388596754,0.005718834,0.221141393,0.523933172,7721.0,0.0
0.8228949048562941,0.0,0.221313755,0.521753801,7721.0,0.0
0.8142716540140152,0.0,0.228097523,0.5241130924999999,7721.0,0.0
0.7893614158582144,0.0,0.23777519,0.513386588,7721.0,0.0
0.7487907786449447,0.0,0.239681884,0.485367632,7721.0,0.0
0.6970918922689078,0.0,0.273722062,0.464906992,7721.0,0.0
0.6778801342504148,0.0,0.268178886,0.422112901,7721.0,0.0
0.6673513458148878,0.0,0.273947323,0.377510827,7721.0,0.0
0.6648298096397287,0.0,0.269425034,0.347072071,7721.0,0.0
0.6650375441279438,0.0,0.267096097,0.341378755,7721.0,0.0
0.6761248365275139,0.0,0.270711691,0.362541105,7721.0,0.0
0.7227508639952622,0.0,0.283281443,0.380129882,7721.0,0.0
0.7903971384142195,0.0,0.30662387,0.413202017,7721.0,0.0
0.8243162610267899,0.0,0.325093066,0.441436667,7721.0,0.0
0.833760343070933,0.035760993,0.337089968,0.464058737,7721.0,0.0
0.8325844385916074,0.202353219,0.328067212,0.481497827,7721.0,0.0
0.8287980243655806,0.325113091,0.313645958,0.488244742,7721.0,0.0
0.8234646270423722,0.37787723,0.281576553,0.416064308,7721.0,0.0
0.8202780120227262,0.386319107,0.329768198,0.415863702,7721.0,0.0
0.8195317930373245,0.369339699,0.371942225,0.426772061,7721.0,0.0
0.8182236852964715,0.328621605,0.394570989,0.456353674,7721.0,0.0
0.8196444609358828,0.220780204,0.401343376,0.485065801,7721.0,0.0
0.8250025192195609,0.12758817,0.422705164,0.520627551,7721.0,0.0
0.8312747832926364,0.008847573,0.453089745,0.545289818,7721.0,0.0
0.8354646744939991,0.0,0.475755769,0.550069338,7721.0,0.0
0.8246729294855973,0.0,0.492325937,0.5450858045,7721.0,0.0
0.8050688162866061,0.0,0.498286775,0.526021785,7721.0,0.0
0.7719368217994064,0.0,0.500705816,0.498740421,7721.0,0.0
0.7152934112748935,0.0,0.522809982,0.477670383,7721.0,0.0
0.7018288511687392,0.0,0.4905041415,0.42906901249999996,7721.0,0.0
0.6993020685668979,0.0,0.471059071,0.37940856,7721.0,0.0
0.7134074574550031,0.0,0.445075337,0.371701782,7721.0,0.0
0.7617632514789265,0.0,0.417487004,0.368956899,7721.0,0.0
0.8106117857248998,0.0,0.384564458,0.362203159,7721.0,0.0
0.8393156913998503,0.0,0.359408789,0.346537456,7721.0,0.0
0.8480215811371931,0.034519231,0.336351736,0.330895483,7721.0,0.0
0.8436138978941691,0.145703774,0.299011249,0.320777252,7721.0,0.0
0.8395735215880635,0.226704723,0.243753121,0.307384282,7721.0,0.0
0.8345784180292821,0.238163752,0.183142131,0.285178293,7721.0,0.0
0.8322761250267054,0.260676472,0.169796339,0.258715146,7721.0,0.0
0.8313008953840271,0.262216554,0.165178882,0.232249878,7721.0,0.0
0.8298142595754251,0.220549043,0.156027978,0.2096824,7721.0,0.0
0.8302380456927894,0.168403324,0.141969724,0.197864055,7721.0,0.0
0.8316001180289357,0.062760219,0.135210672,0.1878075,7721.0,0.0
0.835805869339527,0.003567756,0.12424194,0.188734509,7721.0,0.0
0.8376515913713107,0.0,0.109775162,0.199776323,7721.0,0.0
0.8250585632968782,0.0,0.101314924,0.211740947,7721.0,0.0
0.806376827600262,0.0,0.099882823,0.23018624,7721.0,0.0
0.7708324832242761,0.0,0.096922385,0.236380164,7721.0,0.0
0.6950914333171692,0.0,0.082766834,0.215433685,7721.0,0.0
0.6657850204059215,0.0,0.07708962750000001,0.22390537700000002,7721.0,0.0
0.6510679367375386,0.0,0.067953508,0.2286170385,7721.0,0.0
0.6574393775603489,0.0,0.07367008,0.223106094,7721.0,0.0
0.6886453802778965,0.0,0.1014468315,0.242871656,7721.0,0.0
0.7336289711692768,0.016278648,0.120159093,0.235654898,7721.0,0.0
0.7561322754961246,0.079874802,0.11114306,0.23351163,7721.0,0.0
0.7575770355313043,0.150868129,0.101510737,0.210337743,7721.0,0.0
0.7551334483472072,0.227738063,0.104340356,0.171496378,7721.0,0.0
0.7515402616295692,0.264079691,0.101554055,0.159766629,7721.0,0.0
0.7468406332399538,0.296889301,0.0944575895,0.1457873765,7721.0,0.0
0.7489711923563721,0.213438543,0.090547945,0.14899838,7721.0,0.0
0.7548932190743152,0.092073792,0.096508801,0.152061902,7721.0,0.0
0.7640486201308833,0.003951436,0.117520013,0.166847668,7721.0,0.0
0.7742337955629275,0.0,0.139232093,0.187623161,7721.0,0.0
0.771380542351763,0.0,0.161439443,0.213944475,7721.0,0.0
0.7613847985419757,0.0,0.212315313,0.2159344265,7721.0,0.0
0.7330771887712412,0.0,0.281699345,0.21727136,7721.0,0.0
0.695642587167312,0.0,0.33364961,0.268670725,7721.0,0.0
0.6788915823418994,0.0,0.373911779,0.341505376,7721.0,0.0
0.6661524723772161,0.0,0.41573524,0.40264253,7721.0,0.0
0.6636306945436937,0.0,0.452225633,0.472154201,7721.0,0.0
0.6643124804824219,0.0,0.49183177,0.5496562145,7721.0,0.0
0.6679576245353324,0.0,0.516701386,0.616058352,7721.0,0.0
0.6750754779850996,0.0,0.520150271,0.657571454,7721.0,0.0
0.7058739905848004,0.0,0.532295375,0.693355127,7721.0,0.0
0.7317830558895186,0.01688675,0.53652403,0.726800995,7721.0,0.0
0.7537544512668601,0.111718579,0.537324339,0.75253961,7721.0,0.0
0.7564550956472722,0.121085173,0.530049418,0.776783668,7721.0,0.0
0.75211578676501,0.144092801,0.552410152,0.80930345,7721.0,0.0
0.747377788419352,0.183078065,0.547062601,0.830428811,7721.0,0.0
0.7454083247109805,0.163801914,0.550740678,0.84673836,7721.0,0.0
0.7436542844774457,0.119283404,0.543022712,0.854188308,7721.0,0.0
0.7423350549417551,0.11208848,0.540949122,0.866302994,7721.0,0.0
0.743754476664603,0.017952234,0.532531491,0.870098095,7721.0,0.0
0.7444736649419694,0.0,0.524674665,0.868958665,7721.0,0.0
0.7435620225416929,0.0,0.520605092,0.867819432,7721.0,0.0
0.7376002721479344,0.0,0.5414147665,0.8559781315,7721.0,0.0
0.720266658330319,0.0,0.5708153765,0.8419534185,7721.0,0.0
0.6953995532405162,0.0,0.567075744,0.892307694,7721.0,0.0
0.6778350185231705,0.0,0.551455096,0.886232002,7721.0,0.0
0.6674327760245548,0.0,0.548754019,0.883940936,7721.0,0.0
0.6647098886448376,0.0,0.52619825,0.8743592665,7721.0,0.0
0.6760607171644161,0.0,0.523891625,0.841034004,7721.0,0.0
0.7225144064033078,0.0,0.553153321,0.835274278,7721.0,0.0
0.7904092756464798,0.0,0.585329603,0.843893422,7721.0,0.0
0.8272719309415114,0.0,0.608884315,0.858425651,7721.0,0.0
0.8378273147851557,0.031149415,0.616698783,0.883495427,7721.0,0.0
0.8369058560962159,0.176144898,0.60281312,0.895322775,7721.0,0.0
0.8342825805693617,0.306769696,0.596189308,0.90021887,7721.0,0.0
0.8340762968184873,0.384350677,0.571583247,0.882734559,7721.0,0.0
0.8329536795825934,0.441224632,0.599357965,0.895385112,7721.0,0.0
0.8333631523616862,0.388478351,0.613171719,0.902166604,7721.0,0.0
0.8321513683062757,0.311325056,0.623704158,0.906709715,7721.0,0.0
0.8317068865509344,0.247924326,0.631992112,0.916993322,7721.0,0.0
0.8317755509804484,0.12746598,0.615227574,0.914863041,7721.0,0.0
0.8344276464318195,0.00287152,0.590971419,0.912483592,7721.0,0.0
0.8337211751306373,0.0,0.560230049,0.900782937,7721.0,0.0
0.8216709835686233,0.0,0.5334975945,0.8922379405,7721.0,0.0
0.7987375588415139,0.0,0.501118377,0.878935904,7721.0,0.0
0.7608032049871951,0.0,0.477877551,0.864988858,7721.0,0.0
0.7022741311051243,0.0,0.424974991,0.830011306,7721.0,0.0
0.6808625932148087,0.0,0.404615229,0.808219482,7721.0,0.0
0.6688262792975672,0.0,0.371384124,0.795106652,7721.0,0.0
0.66575968229038,0.0,0.317113702,0.7503174770000001,7721.0,0.0
0.6770173788647398,0.0,0.275166554,0.705674323,7721.0,0.0
0.7235207773076804,0.0,0.252165777,0.68015624,7721.0,0.0
0.7910761921178368,0.0,0.236723793,0.656504704,7721.0,0.0
0.826142350874827,0.0,0.230999627,0.618667887,7721.0,0.0
0.8364538305854193,0.00929404,0.231913847,0.590604044,7721.0,0.0
0.8360263696078953,0.139040078,0.229659569,0.572715743,7721.0,0.0
0.8346472761003512,0.215051553,0.220501084,0.599495118,7721.0,0.0
0.8345869288117712,0.274271604,0.242152172,0.618246574,7721.0,0.0
0.8342575323257823,0.294807531,0.26771355,0.635890379,7721.0,0.0
0.8339009602941718,0.26346818699999996,0.30678291950000003,0.6596722605,7721.0,0.0
0.832778826768585,0.19561427,0.348847864,0.672264574,7721.0,0.0
0.8335010617517987,0.104164303,0.381469997,0.682654708,7721.0,0.0
0.8345034673336791,0.001928344,0.408785437,0.685483599,7721.0,0.0
0.833380947312143,0.0,0.428535767,0.690911689,7721.0,0.0
0.8228834445823154,0.0,0.4487620135,0.69673197,7721.0,0.0
0.8033223678253351,0.0,0.462263621,0.697852462,7721.0,0.0
0.7678098892925529,0.0,0.467081825,0.706354394,7721.0,0.0
0.7032109667833562,0.0,0.48662277200000004,0.7239610755000001,7721.0,0.0
0.6867723614777295,0.0,0.449089101,0.7290564155,7721.0,0.0
0.6974810559059726,0.0,0.42825172499999997,0.728511116,7721.0,0.0
0.7550067571791297,0.0,0.421070634,0.732102766,7721.0,0.0
0.8065669123691867,0.0,0.414907433,0.723348886,7721.0,0.0
0.8383042917187544,0.0,0.40761209,0.705192323,7721.0,0.0
0.8448934761728374,0.027299533,0.404625822,0.690339635,7721.0,0.0
0.8434021016562644,0.169033831,0.389940106,0.677105425,7721.0,0.0
0.8409444915962285,0.261661552,0.364277946,0.660471714,7721.0,0.0
0.839890539183429,0.349640576,0.35219903,0.625260452,7721.0,0.0
0.8376229168747501,0.3992140665,0.3627851825,0.6245216925,7721.0,0.0
0.8364723989213546,0.367312569,0.369655413,0.614269278,7721.0,0.0
0.8358925219674723,0.254295067,0.365600934,0.611385181,7721.0,0.0
0.8365886452528759,0.109888194,0.362646274,0.609117308,7721.0,0.0
0.838890551365923,0.001771269,0.351098746,0.600256309,7721.0,0.0
0.8398302883220462,0.0,0.32588496,0.585740651,7721.0,0.0
0.8273381291962623,0.0,0.288176219,0.5700784415,7721.0,0.0
0.8072144867255492,0.0,0.247841389,0.54879812,7721.0,0.0
0.7714860053675873,0.0,0.23460948,0.52442607,7721.0,0.0
0.7097780046653313,0.0,0.209237617,0.478923212,7721.0,0.0
0.6808511811544284,0.0,0.18689303000000002,0.517504486,7721.0,0.0
0.6687898195839782,0.0,0.18375503199999998,0.551380721,7721.0,0.0
0.679963087653212,0.0,0.195091698,0.572908073,7721.0,0.0
0.7269207357297687,0.0,0.211999209,0.573300803,7721.0,0.0
0.7951162299448014,0.0,0.231654595,0.582740627,7721.0,0.0
0.8303841754030583,0.0,0.243490489,0.587564062,7721.0,0.0
0.8400920842263323,0.01302854,0.249969514,0.601807413,7721.0,0.0
0.838830204077343,0.129065916,0.245464261,0.615833849,7721.0,0.0
0.8379540055596528,0.259586789,0.225108695,0.632678888,7721.0,0.0
0.8363101186395246,0.373779086,0.196191547,0.619828569,7721.0,0.0
0.8354884652482125,0.393169301,0.204397145,0.611014208,7721.0,0.0
0.834776675101555,0.383258142,0.19930435,0.60494581,7721.0,0.0
0.8345035641544565,0.323657166,0.192284281,0.62069522,7721.0,0.0
0.8343977626594915,0.225017808,0.197832706,0.66825416,7721.0,0.0
0.8349183561726049,0.082184411,0.204575744,0.708180595,7721.0,0.0
0.8370269375629052,0.001162882,0.210228422,0.714335572,7721.0,0.0
0.8376926937592541,0.0,0.20342772,0.702896522,7721.0,0.0
0.8264058871916256,0.0,0.18140901450000002,0.6479562415,7721.0,0.0
0.8105419122164085,0.0,0.160971932,0.591535618,7721.0,0.0
0.7777523216537142,0.0,0.143950799,0.562306445,7721.0,0.0
0.7268691888988494,0.0,0.131461365,0.475286498,7721.0,0.0
0.7104495150070734,0.0,0.121895426,0.455522256,7721.0,0.0
0.6988814257793686,0.0,0.10862540949999999,0.458471105,7721.0,0.0
0.6980601106704071,0.0,0.100230238,0.465401016,7721.0,0.0
0.710904441598971,0.0,0.092369868,0.46154021,7721.0,0.0
0.7597709156329867,0.0,0.084595621,0.442599397,7721.0,0.0
0.8093984541113711,0.0,0.080703148,0.414743676,7721.0,0.0
0.8384607694448022,0.0,0.078226871,0.375367539,7721.0,0.0
0.847475166388602,0.012337894,0.071989475,0.341886377,7721.0,0.0
0.8461285676657347,0.093576319,0.064132062,0.317547703,7721.0,0.0
0.8427390536866224,0.162620734,0.056744352,0.303094512,7721.0,0.0
0.8412167319434906,0.244111692,0.058544353,0.303637145,7721.0,0.0
0.8409690561295011,0.304643932,0.058601432,0.327892004,7721.0,0.0
0.8404870986327779,0.27217710149999996,0.0700233375,0.357557657,7721.0,0.0
0.840829405933296,0.156081455,0.095577069,0.395898695,7721.0,0.0
0.8402489488419096,0.043491858,0.126138719,0.432419483,7721.0,0.0
0.8410909113752497,0.0,0.149843288,0.47027772,7721.0,0.0
0.8422479570563075,0.0,0.168066606,0.509759388,7721.0,0.0
0.8299907565715391,0.0,0.1842477905,0.539099174,7721.0,0.0
0.8119633164037127,0.0,0.20390038,0.562420922,7721.0,0.0
0.7789022592728154,0.0,0.21838769,0.585904747,7721.0,0.0
0.7083426256188967,0.0,0.257715501,0.615614267,7721.0,0.0
0.689784341333326,0.0,0.261601844,0.631226647,7721.0,0.0
0.6781615861500614,0.0,0.2735018265,0.661690262,7721.0,0.0
0.677464520436399,0.0,0.28823347,0.69548384,7721.0,0.0
0.6807092584250153,0.0,0.3222657605,0.7344874525,7721.0,0.0
0.701252286587472,0.0,0.35943695350000004,0.7626347725,7721.0,0.0
0.7505627106497136,0.004616685,0.391522249,0.797362932,7721.0,0.0
0.7795428219944185,0.082844545,0.428590623,0.837084895,7721.0,0.0
0.7839648181821334,0.171537744,0.449728378,0.862166358,7721.0,0.0
0.7846819275678466,0.215529558,0.488610856,0.900376104,7721.0,0.0
0.7840659777899047,0.245131283,0.474173709,0.904550223,7721.0,0.0
0.7844845410954103,0.235072653,0.439572184,0.899398878,7721.0,0.0
0.7850343894393786,0.218219397,0.400812725,0.896632748,7721.0,0.0
0.7886711439325623,0.125978084,0.364507846,0.895726448,7721.0,0.0
0.7938353461599587,0.041878301,0.356357878,0.888365996,7721.0,0.0
0.7975639756993655,0.0,0.356087459,0.880594622,7721.0,0.0
0.7986372702271595,0.0,0.353863054,0.870938185,7721.0,0.0
0.78939690874156,0.0,0.337417434,0.8577571079999999,7721.0,0.0
0.7600949448631117,0.0,0.310713385,0.8353046625,7721.0,0.0
0.7142672149387999,0.0,0.304191998,0.842628236,7721.0,0.0
0.6925353230720996,0.0,0.287838212,0.818794881,7721.0,0.0
0.6882375032705202,0.0,0.2609791805,0.7917185815000001,7721.0,0.0
0.6899228792713312,0.0,0.233124115,0.7824829135,7721.0,0.0
0.6935658956286195,0.0,0.20725848000000002,0.7568377589999999,7721.0,0.0
0.7264690006813046,0.008453476,0.1849465,0.754431789,7721.0,0.0
0.7601388515113786,0.120985705,0.176458005,0.736401279,7721.0,0.0
0.7848574573401367,0.250431647,0.185824862,0.718470435,7721.0,0.0
0.7882767578772192,0.323180848,0.13614675,0.619530191,7721.0,0.0
0.7874847946166803,0.374805207,0.119379549,0.587846512,7721.0,0.0
0.786373202748427,0.370553021,0.109855528,0.572636869,7721.0,0.0
0.7855344317585204,0.332357011,0.104859422,0.570463606,7721.0,0.0
0.7868553052795263,0.198672714,0.098380791,0.570940859,7721.0,0.0
0.7928587137967478,0.054468763,0.106817341,0.575730231,7721.0,0.0
0.7986775984424634,0.0,0.12166699,0.591310435,7721.0,0.0
0.8004915026478516,0.0,0.130575296,0.599361797,7721.0,0.0
0.8024596604564682,0.0,0.13508734,0.591283913,7721.0,0.0
0.7944045364221312,0.0,0.14192421900000002,0.576055864,7721.0,0.0
0.7733455086169462,0.0,0.150199808,0.570824169,7721.0,0.0
0.7419866548199123,0.0,0.1635355265,0.5855468075,7721.0,0.0
0.7073856581066051,0.0,0.17232392733333335,0.5953824383333334,7721.0,0.0
0.7097405293175295,0.0,0.1856414975,0.6316614455,7721.0,0.0
0.762937318331382,0.0,0.19691411,0.656230783,7721.0,0.0
0.8107733890484482,0.0,0.202700081,0.670405215,7721.0,0.0
0.8393156913998503,0.004894452,0.210462507,0.685695522,7721.0,0.0
0.8491031928059212,0.079480027,0.219936004,0.698015783,7721.0,0.0
0.8534654222361406,0.181849749,0.230877756,0.705802985,7721.0,0.0
0.8511929157915342,0.247894742,0.247369768,0.71357178,7721.0,0.0
0.8494566701148756,0.275675808,0.266989733,0.722782794,7721.0,0.0
0.8482084263458761,0.28678801,0.28507994,0.72876197,7721.0,0.0
0.8475825150481046,0.230427146,0.308971559,0.728196574,7721.0,0.0
0.8475471187887462,0.102452618,0.325415839,0.734109356,7721.0,0.0
0.8476869626265064,0.014384781,0.347597643,0.738876398,7721.0,0.0
0.8491823020719914,0.0,0.368038103,0.749156318,7721.0,0.0
0.848633275917471,0.0,0.378989315,0.75759714,7721.0,0.0
0.8419584056656861,0.0,0.3889423305,0.76318589,7721.0,0.0
0.8219760573764934,0.0,0.422347168,0.776706538,7721.0,0.0
0.7792850882334021,0.0,0.425031263,0.779209131,7721.0,0.0
0.7217011669737072,0.0,0.433816425,0.789375664,7721.0,0.0
0.6987577811203485,0.0,0.451235394,0.81686837,7721.0,0.0
0.6895792420626542,0.0,0.4667726755,0.8491986625000001,7721.0,0.0
0.6998326228126803,0.0,0.481836693,0.84460112,7721.0,0.0
0.7478419507688284,0.0,0.489319872,0.857211149,7721.0,0.0
0.8012956999614284,0.0,0.506575561,0.881648192,7721.0,0.0
0.8332898460449786,0.0,0.518100342,0.897067805,7721.0,0.0
0.8414374254598334,0.015011117,0.53364466,0.913006004,7721.0,0.0
0.8415094750743356,0.063735088,0.545204087,0.924763566,7721.0,0.0
0.8378415313026494,0.053635426,0.523414383,0.929093418,7721.0,0.0
0.8378713182542001,0.036062309,0.534962876,0.931018273,7721.0,0.0
0.8360616690464762,0.036256417,0.554989276,0.933719344,7721.0,0.0
0.8345481477610049,0.035632998,0.554055792,0.93361149,7721.0,0.0
0.8322003041248461,0.024368585,0.547677822,0.930919052,7721.0,0.0
0.8301713153173426,0.011314592,0.543022531,0.921755052,7721.0,0.0
0.8294615560455297,0.0,0.539488336,0.910678094,7721.0,0.0
0.8283509312043102,0.0,0.519220088,0.8901125135,7721.0,0.0
0.8178074425409825,0.0,0.49143522100000003,0.850158788,7721.0,0.0
0.7931028115713548,0.0,0.478614353,0.865527297,7721.0,0.0
0.7529108447482049,0.0,0.442766528,0.875369588,7721.0,0.0
0.6999457744215456,0.0,0.420057696,0.885334391,7721.0,0.0
0.6735253275496789,0.0,0.435486022,0.8838619265000001,7721.0,0.0
0.6657971092277929,0.0,0.460152792,0.8784863055000001,7721.0,0.0
0.677411039157832,0.0,0.470248015,0.890137297,7721.0,0.0
0.7241905948601384,0.0,0.485406001,0.885887463,7721.0,0.0
0.7922783535261388,0.0,0.491222272,0.877338378,7721.0,0.0
0.828731003921382,0.001782374,0.485129432,0.878888776,7721.0,0.0
0.8374236445618451,0.017322154,0.482201136,0.895377184,7721.0,0.0
0.8389077657852951,0.028965825,0.482277115,0.901084651,7721.0,0.0
0.8363101186395246,0.058053387,0.478310699,0.891900586,7721.0,0.0
0.8360629261422617,0.061173136,0.49864212,0.909709424,7721.0,0.0
0.8355785026675657,0.069262661,0.505532685,0.91487078,7721.0,0.0
0.8359066416641886,0.058393686,0.510556004,0.915864114,7721.0,0.0
0.8351045240294258,0.040320965,0.508052734,0.918710602,7721.0,0.0
0.8355236678660158,0.019925659,0.508655926,0.905532795,7721.0,0.0
0.8349183561726049,0.0,0.498246689,0.89495118,7721.0,0.0
0.8342670101353048,0.0,0.480817759,0.871564753,7721.0,0.0
0.8303179285411284,0.0,0.44648863650000004,0.818044239,7721.0,0.0
0.8207927061592801,0.0,0.418394444,0.774824092,7721.0,0.0
0.8043123945165918,0.0,0.395159758,0.744315963,7721.0,0.0
0.7689124870615905,0.0,0.391201086,0.693428357,7721.0,0.0
0.7392036616131884,0.0,0.368621546,0.646881801,7721.0,0.0
0.7230283509659967,0.0,0.352415006,0.620447862,14207.0,0.0
0.7176402878840187,0.0,0.3451483,0.613032956,14207.0,0.0
0.7182615569010161,0.0,0.3416892,0.616416961,14207.0,0.0
0.7465347136278121,0.0,0.33399713,0.638637437,14207.0,0.0
0.8177325886661566,0.0,0.328047971,0.640818172,14207.0,0.0
0.8742111075029103,0.0,0.324129857,0.635519277,14207.0,0.0
0.8807598669209119,0.002167594,0.324205633,0.647693237,14207.0,0.0
0.8794861880188032,0.056008204,0.312989351,0.629589438,14207.0,0.0
0.8729224383042489,0.173787982,0.289650459,0.60216776,14207.0,0.0
0.8720723518779493,0.244724159,0.260842582,0.579665057,14207.0,0.0
0.8699198638393819,0.293589985,0.242469081,0.550229591,14207.0,0.0
0.8688089489294104,0.312003858,0.231533367,0.538713355,14207.0,0.0
0.8690573017016814,0.245116834,0.227930656,0.545674607,14207.0,0.0
0.8706256577887024,0.11682729,0.246921359,0.579920463,14207.0,0.0
0.8727590941746077,0.019891557,0.271797636,0.603518441,14207.0,0.0
0.8776606783082701,0.0,0.275001107,0.613037053,14207.0,0.0
0.8771320581165551,0.0,0.28520747,0.643550075,14207.0,0.0
0.8669158384403843,0.0,0.303223733,0.6255677925,14207.0,0.0
0.8406851134563168,0.0,0.305451876,0.595077897,14207.0,0.0
0.8126665961614616,0.0,0.29413006,0.584111225,14207.0,0.0
0.7706012480505997,0.0,0.283438735,0.562388901,14207.0,0.0
0.7316315101194166,0.0,0.287602131,0.560066606,14207.0,0.0
0.7170369586550638,0.0,0.290952381,0.562054133,14207.0,0.0
0.708187646843788,0.0,0.3003111935,0.5628049740000001,14207.0,0.0
0.7078257073595235,0.0,0.317707545,0.572860035,14207.0,0.0
0.7331872456574505,0.0,0.328725041,0.591730556,14207.0,0.0
0.8068658449453433,0.0,0.328780247,0.607624561,14207.0,0.0
0.8679328472324976,0.0,0.335365298,0.624104711,14207.0,0.0
0.8739228130112844,0.001062982,0.337677939,0.664428966,14207.0,0.0
0.8750643850790628,0.021252452,0.333762031,0.697412747,14207.0,0.0
0.8713723604844112,0.043089701,0.330314851,0.723920101,14207.0,0.0
0.869395208576579,0.047270346,0.341912069,0.743186805,14207.0,0.0
0.8690573985224589,0.045983349,0.328866283,0.72806581,14207.0,0.0
0.8690144589012256,0.042263317,0.308220886,0.73820973,14207.0,0.0
0.8690573017016814,0.030334898,0.294586207,0.774146701,14207.0,0.0
0.8682503481445897,0.013774402,0.287925318,0.798843692,14207.0,0.0
0.8692609744402069,0.002696004,0.284042196,0.816933886,14207.0,0.0
0.8739997945817324,0.0,0.27604062,0.83590755,14207.0,0.0
0.8752415592302485,0.0,0.272132412,0.842131126,14207.0,0.0
0.8659509082063055,0.0,0.2666902755,0.8215803150000001,14207.0,0.0
0.8403836666885887,0.0,0.264427453,0.78745296,14207.0,0.0
0.8125760750318015,0.0,0.261803113,0.780565586,14207.0,0.0
0.7706070021959932,0.0,0.291930129,0.78433685,14207.0,0.0
0.7183991762223765,0.0,0.295029551,0.766597051,14207.0,0.0
0.7046292280344059,0.0,0.301767,0.740340266,14207.0,0.0
0.6932545117430462,0.0,0.306756518,0.707412019,14207.0,0.0
0.6960367311707113,0.0,0.33039231849999995,0.6844756005,14207.0,0.0
0.7197034158550949,0.0,0.35320560349999996,0.6869633595,14207.0,0.0
0.7735581754546873,0.00143351,0.347333708,0.690414237,14207.0,0.0
0.7956747335152642,0.055560887,0.338197285,0.66737025,14207.0,0.0
0.8011919777516968,0.164142259,0.32155493,0.639705421,14207.0,0.0
0.7966845376214335,0.235256194,0.285940311,0.595317931,14207.0,0.0
0.7968474464511563,0.297347682,0.273311556,0.551820874,14207.0,0.0
0.7960234237058589,0.274908956,0.269752571,0.526254749,14207.0,0.0
0.7961337222504316,0.188139077,0.271427968,0.504429551,14207.0,0.0
0.79677114183899,0.08442164,0.268534603,0.487639532,14207.0,0.0
0.8064789538414865,0.025479468,0.265489677,0.488191129,14207.0,0.0
0.8266574315073298,0.0,0.274149201,0.512258783,14207.0,0.0
0.8306705354470364,0.0,0.283121779,0.525535657,14207.0,0.0
0.8240622664107318,0.0,0.29401419633333337,0.52525688,14207.0,0.0
0.7760716359504856,0.0,0.2971659875,0.46657813800000003,14207.0,0.0
0.7369434376320084,0.0,0.287689077,0.464912453,14207.0,0.0
0.7176527878006141,0.0,0.27786225,0.486470403,14207.0,0.0
0.7110710981012272,0.0,0.276492453,0.5096641445,14207.0,0.0
0.72047581915389,0.0,0.2891920515,0.5373846295,14207.0,0.0
0.7589026719654757,0.0007134025,0.318550815,0.5894713604999999,14207.0,0.0
0.7990480969228155,0.039766421,0.327606147,0.592820418,14207.0,0.0
0.8098486419952975,0.069807411,0.327206366,0.622992313,14207.0,0.0
0.8098506248533339,0.099478585,0.293213905,0.650917915,14207.0,0.0
0.8060071997197464,0.105334346,0.314330872,0.654562475,14207.0,0.0
0.8040647667194105,0.120113383,0.322993605,0.663018298,14207.0,0.0
0.8040132198884913,0.107473951,0.32690914,0.67771669,14207.0,0.0
0.8076607092869832,0.061006479,0.326763619,0.689366273,14207.0,0.0
0.8144125128956173,0.011193711,0.330964491,0.704177928,14207.0,0.0
0.8270172919031511,0.0,0.330390066,0.721727537,14207.0,0.0
0.8298581662236921,0.0,0.330934474,0.737570195,14207.0,0.0
0.8288958956091412,0.0,0.323849472,0.735568325,14207.0,0.0
0.8133829801785044,0.0,0.31351241399999996,0.7228777175000001,14207.0,0.0
0.7814971501750708,0.0,0.304172839,0.710294107,14207.0,0.0
0.7569641316720491,0.0,0.260777661,0.636918716,14207.0,0.0
0.7281480660140418,0.0,0.26357907049999996,0.609974805,14207.0,0.0
0.7111952022653599,0.0,0.25681626599999996,0.578205744,14207.0,0.0
0.7235474695365751,0.0,0.2491152585,0.57818715,14207.0,0.0
0.8094147015037096,0.0,0.239361303,0.570177156,14207.0,0.0
0.8701691836386867,0.0,0.229050163,0.561705982,14207.0,0.0
0.8735466087959276,0.0,0.224010141,0.552157724,14207.0,0.0
0.8748732848727158,0.010913557,0.211615922,0.531044048,14207.0,0.0
0.8738411891600624,0.064421895,0.184655164,0.486815552,14207.0,0.0
0.8726864644226013,0.098198066,0.141791557,0.43459728,14207.0,0.0
0.8721801360341606,0.100972389,0.1526772025,0.411490551,14207.0,0.0
0.8721898553052562,0.081270793,0.166491484,0.386014575,14207.0,0.0
0.8715886053615348,0.034240168,0.175329093,0.396932088,14207.0,0.0
0.8726938145365017,0.00247869,0.188698728,0.422271685,14207.0,0.0
0.8772802190952492,0.0,0.197658927,0.456001943,14207.0,0.0
0.8773205473105532,0.0,0.190006565,0.476538188,14207.0,0.0
0.8671161259939215,0.0,0.1730369925,0.467567265,14207.0,0.0
0.8404973016141807,0.0,0.16403767,0.473210918,14207.0,0.0
0.812809147832348,0.0,0.158738948,0.483491035,14207.0,0.0
0.7689379221946996,0.0,0.157805788,0.458631912,14207.0,0.0
0.7235051102496364,0.0,0.153022243,0.5030531685,14207.0,0.0
0.7083487184402211,0.0,0.149302736,0.5685681865,14207.0,0.0
0.7079387137372227,0.0,0.147746096,0.624003779,14207.0,0.0
0.7333592938175553,0.0,0.143080615,0.636619632,14207.0,0.0
0.8070601847119321,0.0,0.13499592,0.642813162,14207.0,0.0
0.8680173725584011,0.0,0.133528042,0.65671491,14207.0,0.0
0.874656169789336,0.0,0.133998334,0.660377555,14207.0,0.0
0.8757854593936879,0.026508217,0.125866066,0.651092704,14207.0,0.0
0.8721561034247937,0.072825171,0.113989041,0.6279544,14207.0,0.0
0.8700770185237113,0.11103383,0.092794521,0.506346563,14207.0,0.0
0.8689480185945311,0.1421895365,0.08271484700000001,0.4893522085,14207.0,0.0
0.8690573017016814,0.112049633,0.079871597,0.487427719,14207.0,0.0
0.8694400822518796,0.055268114,0.082752191,0.475562594,14207.0,0.0
0.8725347254045246,0.018458741,0.089360816,0.466142345,14207.0,0.0
0.8770628135495371,0.0,0.094959519,0.455856163,14207.0,0.0
0.8768446342247657,0.0,0.092305398,0.433075048,14207.0,0.0
0.8663918119222644,0.0,0.08747089350000001,0.37176722549999996,14207.0,0.0
0.8409558066390411,0.0,0.08052537,0.311771209,14207.0,0.0
0.8137626175956578,0.0,0.076134982,0.275161213,14207.0,0.0
0.7764767083039578,0.0,0.067819234,0.251134622,14207.0,0.0
0.7344321046350423,0.0,0.064206254,0.234390698,14207.0,0.0
0.7157011190426994,0.0,0.0571053905,0.20627452899999998,14207.0,0.0
0.7109217044287319,0.0,0.0463902235,0.17751419200000002,14207.0,0.0
0.7376675102420923,0.0,0.043576677,0.18506963,14207.0,0.0
0.8096200182275504,0.0,0.043150683,0.203427394,14207.0,0.0
0.8708108586184896,0.0,0.046475711,0.218971628,14207.0,0.0
0.8784873608698858,0.0,0.052521033,0.231845658,14207.0,0.0
0.8768035322304027,0.019528522,0.05074652,0.240002507,14207.0,0.0
0.8735541521578024,0.067214846,0.045659924,0.237117022,14207.0,0.0
0.8725272788634273,0.120374637,0.039834702,0.241243563,14207.0,0.0
0.8711001201371491,0.117850273,0.039839717999999996,0.2268116215,14207.0,0.0
0.8708226573716091,0.087557391,0.04419864,0.21788622,14207.0,0.0
0.8711336787696373,0.04636796,0.054862982,0.241381648,14207.0,0.0
0.8726938145365017,0.013162385,0.073023754,0.271674584,14207.0,0.0
0.8767158157546464,0.0,0.091062988,0.305644876,14207.0,0.0
0.8774226735517779,0.0,0.099537606,0.305774909,14207.0,0.0
0.8672212023170064,0.0,0.10461054850000001,0.2827638415,14207.0,0.0
0.8410531941722945,0.0,0.10680396,0.239888885,14207.0,0.0
0.8148043843658086,0.0,0.109744142,0.21392823,14207.0,0.0
0.7727596358593072,0.0,0.105777472,0.182570233,14207.0,0.0
0.7327341078884543,0.0,0.109929561,0.180219533,14207.0,0.0
0.7151053091672153,0.0,0.113490458,0.157555689,14207.0,0.0
0.7117495472653557,0.0,0.11684943149999999,0.1306205355,14207.0,0.0
0.7415163026315439,0.0,0.117887107,0.122429299,14207.0,0.0
0.8134335115720014,0.0,0.112821349,0.115112161,14207.0,0.0
0.8714379301912692,0.0,0.112025838,0.105634118,14207.0,0.0
0.8791606600345291,0.0,0.110823852,0.092518894,14207.0,0.0
0.8794386065103763,0.006596124,0.107170535,0.07951657,14207.0,0.0
0.8759790741851867,0.019453892,0.101676239,0.069497224,14207.0,0.0
0.8730567692613983,0.043813395,0.090829204,0.062778003,14207.0,0.0
0.8724811476987606,0.04590929,0.089452802,0.0534287215,14207.0,0.0
0.8721038796355927,0.027517642,0.089446811,0.043347656,14207.0,0.0
0.8716209068982372,0.01265089,0.09182885,0.044703402,14207.0,0.0
0.8724112261734609,0.00309087,0.091583751,0.049330763,14207.0,0.0
0.8773248991289948,0.0,0.094055853,0.053765355,14207.0,0.0
0.8771724831526366,0.0,0.092046076,0.049074519,14207.0,0.0
0.8672391421050487,0.0,0.08566533900000001,0.0375741275,14207.0,0.0
0.8408762136626637,0.0,0.079940337,0.030538159,14207.0,0.0
0.8137505287737864,0.0,0.078558914,0.027599289,14207.0,0.0
0.7782777503019959,0.0,0.079675317,0.031808115,14207.0,0.0
0.7354474212282419,0.0,0.07942923,0.031906898,14207.0,0.0
0.7181549336101838,0.0,0.0761250195,0.033901203000000005,14207.0,0.0
0.7117448569677733,0.0,0.0670843435,0.044217671,14207.0,0.0
0.7376675102420923,0.0,0.054649277,0.056323325,14207.0,0.0
0.8101583094767627,0.0,0.046358487,0.060035223,14207.0,0.0
0.8709311666997004,0.0,0.041221791,0.060796696,14207.0,0.0
0.8785559288722027,0.0,0.039296866,0.062091357,14207.0,0.0
0.8788205290368123,0.005582718,0.035348401,0.065589734,14207.0,0.0
0.8741664270755843,0.042652521,0.031012625,0.072328495,14207.0,0.0
0.8713723604844112,0.058716563,0.025964728,0.085211888,14207.0,0.0
0.8723086162219293,0.071096433,0.022752632,0.083564256,14207.0,0.0
0.8720791216575554,0.061479276,0.024064437,0.1064630765,14207.0,0.0
0.8702021621336707,0.027373332,0.028817775,0.129497855,14207.0,0.0
0.8730106384903122,0.001440924,0.032151716,0.13890057,14207.0,0.0
0.8769137823645867,0.0,0.037721253,0.160604013,14207.0,0.0
0.8775345676712771,0.0,0.045445988,0.185247936,14207.0,0.0
0.8682442071096667,0.0,0.055669870499999996,0.224394447,14207.0,0.0
0.8412729206616036,0.0,0.070651003,0.272450528,14207.0,0.0
0.8158527274708005,0.0,0.089977134,0.298859643,14207.0,0.0
0.7764767083039578,0.0,0.111264029,0.316717489,14207.0,0.0
0.7209619108190959,0.0,0.133968178,0.361139356,14207.0,0.0
0.7000832969221285,0.0,0.1735790995,0.413750089,14207.0,0.0
0.6900009244928003,0.0,0.221351931,0.486798734,14207.0,0.0
0.696098819265384,0.0,0.253840786,0.54160532,14207.0,0.0
0.7172747217531927,0.0,0.28278653200000003,0.5819487685,14207.0,0.0
0.7693006836716216,0.0,0.320705555,0.618539493,14207.0,0.0
0.7919130774640649,0.002638692,0.341213705,0.642524866,14207.0,0.0
0.8017454525454363,0.017477514,0.358541385,0.65907048,14207.0,0.0
0.8041408780836025,0.039692028,0.361505169,0.640048216,14207.0,0.0
0.8040307487786,0.049552432,0.3987477025,0.6608009775000001,14207.0,0.0
0.8042157319584281,0.024630651,0.433874638,0.703173846,14207.0,0.0
0.8040858496404977,0.008993001,0.452203049,0.731873306,14207.0,0.0
0.8071665663444012,0.001572823,0.469377494,0.762689626,14207.0,0.0
0.8166004940143204,0.0,0.477089959,0.786107234,14207.0,0.0
0.8184659452474181,0.0,0.4856544395,0.8045460455,14207.0,0.0
0.7996313100609269,0.0,0.49169943,0.8114811115,14207.0,0.0
0.7707221362693145,0.0,0.499075305,0.812496779,14207.0,0.0
0.7462540593188386,0.0,0.45675289,0.780000087,14207.0,0.0
0.710525964653616,0.0,0.491720811,0.8050973525,14207.0,0.0
0.6898379430474941,0.0,0.5390250015,0.8361521585,14207.0,0.0
0.6907641648463898,0.0,0.5698020885,0.8650744495,14207.0,0.0
0.711653054340343,0.0,0.5718901590000001,0.8719306285,14207.0,0.0
0.7624269279964615,0.0,0.571060796,0.877810709,14207.0,0.0
0.7840592078135086,0.002637991,0.562541345,0.879702568,14207.0,0.0
0.794689542352756,0.008277709,0.553514635,0.878034532,14207.0,0.0
0.7965907765379514,0.016076859,0.521711249,0.846498732,14207.0,0.0
0.796920704947846,0.014657177,0.5318254520000001,0.8497120415,14207.0,0.0
0.7969840987454831,0.011270808,0.543388289,0.853447802,14207.0,0.0
0.7966958042538572,0.006945988,0.554187352,0.856870303,14207.0,0.0
0.7997621111922923,0.001808285,0.567475658,0.865805114,14207.0,0.0
0.8091599176277635,0.0,0.567655561,0.878495976,14207.0,0.0
0.8119191196866937,0.0,0.557224612,0.880932242,14207.0,0.0
0.8070422935310686,0.0,0.5416062165,0.8803044959999999,14207.0,0.0
0.780214017865424,0.0,0.5129608565,0.8782086035,14207.0,0.0
0.7372633565052651,0.0,0.4861460355,0.8836530135,14207.0,0.0
0.7110559387618941,0.0,0.492880834,0.8708932775,14207.0,0.0
0.7063489604551683,0.0,0.495647962,0.8557628755,14207.0,0.0
0.7329040767633253,0.0,0.485631746,0.843518452,14207.0,0.0
0.8068658449453433,0.0,0.476101577,0.815270739,14207.0,0.0
0.8679328472324976,0.0,0.475484334,0.788700385,14207.0,0.0
0.874656169789336,0.0,0.467679888,0.758312103,14207.0,0.0
0.8760309110848582,0.010639981,0.467834128,0.736296207,14207.0,0.0
0.8722313441891488,0.026689089,0.465786202,0.706772182,14207.0,0.0
0.8710268134268612,0.039884532,0.439702526,0.657000531,14207.0,0.0
0.869899070987047,0.048652233,0.461091058,0.644867023,14207.0,0.0
0.8703228567108307,0.043285312,0.45255529,0.6273160425,14207.0,0.0
0.8702533220750606,0.020341709,0.427521602,0.614970801,14207.0,0.0
0.8724914957145393,0.001099687,0.408144359,0.613140419,14207.0,0.0
0.8770042066734695,0.0,0.379764443,0.61316943,14207.0,0.0
0.8771271261606095,0.0,0.34316572,0.635843934,14207.0,0.0
0.8668692721725896,0.0,0.295762376,0.657768149,14207.0,0.0
0.8402327014495711,0.0,0.255640736,0.663840419,14207.0,0.0
0.8124591517419987,0.0,0.232676978,0.637108624,14207.0,0.0
0.7681399143264347,0.0,0.193831018,0.604958474,14207.0,0.0
0.7305878092951987,0.0,0.197059771,0.585684797,14207.0,0.0
0.713142180332112,0.0,0.188270045,0.55123063,14207.0,0.0
0.7087525336979077,0.0,0.177508478,0.5084301715,14207.0,0.0
0.7368777711043729,0.0,0.16731531,0.477059681,14207.0,0.0
0.8095788678227986,0.0,0.163599251,0.464141029,14207.0,0.0
0.8707499307988251,0.0,0.158345615,0.465961828,14207.0,0.0
0.8776864035101313,0.0,0.159038592,0.467595204,14207.0,0.0
0.8778490706814909,0.0064782,0.164723402,0.478737143,14207.0,0.0
0.874493212155644,0.032303872,0.184332849,0.472736931,14207.0,0.0
0.8727450709050886,0.048155404,0.177636865,0.479453074,14207.0,0.0
0.8726498110674573,0.053882181,0.184978704,0.46844713,14207.0,0.0
0.8724641751345419,0.045566499499999996,0.1656659565,0.46383498349999996,14207.0,0.0
0.8718063977967765,0.011024456,0.160215363,0.471108985,14207.0,0.0
0.8726982631757209,0.001309564,0.161557975,0.489339181,14207.0,0.0
0.875578402257335,0.0,0.160413786,0.51916012,14207.0,0.0
0.8756218251952949,0.0,0.155082282,0.545267075,14207.0,0.0
0.8665807360226003,0.0,0.14350583249999999,0.535783358,14207.0,0.0
0.8410106414405908,0.0,0.125672068,0.49622249,14207.0,0.0
0.8138575873645371,0.0,0.113160807,0.472394042,14207.0,0.0
0.7755363427999419,0.0,0.103303558,0.446102573,14207.0,0.0
0.7331034457002176,0.0,0.099450936,0.408763975,14207.0,0.0
0.7188160955425669,0.0,0.095729465,0.364440022,14207.0,0.0
0.7118975146024948,0.0,0.091795325,0.355555663,14207.0,0.0
0.7104639731829305,0.0,0.086860438,0.3484794095,14207.0,0.0
0.7373572626231233,0.0,0.083683702,0.333943823,14207.0,0.0
0.809596227473337,0.0,0.078396672,0.32142479,14207.0,0.0
0.8707748822216272,0.0,0.075101562,0.312682325,14207.0,0.0
0.8775332137547139,0.0,0.071633574,0.291908839,14207.0,0.0
0.8770403767118867,0.00859753,0.071770182,0.287950168,14207.0,0.0
0.8724706064350073,0.054494722,0.077099469,0.275855534,14207.0,0.0
0.8730311412738951,0.117298227,0.072780229,0.219562287,14207.0,0.0
0.8725911077641926,0.136930137,0.075251511,0.198177531,14207.0,0.0
0.8725055189840585,0.063848383,0.076925377,0.1765627185,14207.0,0.0
0.8717522399535084,0.012811893,0.089004806,0.176103394,14207.0,0.0
0.8730106384903122,0.001239863,0.110001771,0.198877362,14207.0,0.0
0.8774882436522163,0.0,0.137204973,0.244744084,14207.0,0.0
0.8784767227853549,0.0,0.164190263,0.307024808,14207.0,0.0
0.8683505405285372,0.0,0.2094187545,0.343188111,14207.0,0.0
0.8410157670380916,0.0,0.261734669,0.407715371,14207.0,0.0
0.8144152211223241,0.0,0.285612573,0.466892395,14207.0,0.0
0.7736890247996514,0.0,0.315739028,0.498657011,14207.0,0.0
0.7327341078884543,0.0,0.340873697,0.557313017,14207.0,0.0
0.7151046322089336,0.0,0.3653809845,0.5744282334999999,14207.0,0.0
0.7098120950249347,0.0,0.37570935299999997,0.5815400454999999,14207.0,0.0
0.736668199382868,0.0,0.346822185,0.594960371,14207.0,0.0
0.8090688643774075,0.0,0.334036731,0.60594289,14207.0,0.0
0.8701691836386867,0.0,0.320466388,0.615093172,14207.0,0.0
0.8735466087959276,0.0,0.304101237,0.634229524,14207.0,0.0
0.8757125395729295,0.003846712,0.298135651,0.660230148,14207.0,0.0
0.8738367405208433,0.019485075,0.293569334,0.673753023,14207.0,0.0
0.8711168512397948,0.042902807,0.276071388,0.691072766,14207.0,0.0
0.8699578711110891,0.067581338,0.279018385,0.705207809,14207.0,0.0
0.8694493182062486,0.06521874550000001,0.2763934685,0.681608897,14207.0,0.0
0.8701780809171248,0.026912976,0.282867934,0.638904945,14207.0,0.0
0.8725347254045246,0.002571174,0.294369629,0.626491443,14207.0,0.0
0.8770086553126885,0.0,0.30582795,0.638558009,14207.0,0.0
0.875651999036375,0.0,0.314574649,0.633325807,14207.0,0.0
0.8658863539368699,0.0,0.32060294899999997,0.6278336365,14207.0,0.0
0.8404712863435675,0.0,0.320264653,0.646063439,14207.0,0.0
0.8136143601897666,0.0,0.313003296,0.663540146,14207.0,0.0
0.7742136800624545,0.0,0.320583366,0.65298693,14207.0,0.0
0.7335633046416412,0.0,0.309942388,0.650244136,14207.0,0.0
0.7160145582051018,0.0,0.3215872285,0.6619223875,14207.0,0.0
0.7137395619709086,0.0,0.33315658449999996,0.6930580559999999,14207.0,0.0
0.7423002388199008,0.0,0.336486503,0.71751428,14207.0,0.0
0.8163033990650339,0.0,0.33804114,0.724358383,14207.0,0.0
0.8737050205760426,0.0,0.335175113,0.725757271,14207.0,0.0
0.8807351091396648,0.0,0.335404335,0.732575048,14207.0,0.0
0.8790577600142455,0.019493483,0.344858775,0.728454505,14207.0,0.0
0.8751887549099632,0.084922946,0.364908498,0.72931592,14207.0,0.0
0.8712112404775895,0.134570955,0.390506529,0.679240171,14207.0,0.0
0.8725911077641926,0.157823272,0.412743866,0.668679093,14207.0,0.0
0.8723427549919215,0.14557687,0.440262884,0.654635199,14207.0,0.0
0.8724508774304833,0.103772729,0.461453523,0.635779564,14207.0,0.0
0.8707381324392862,0.056263953,0.473552088,0.630285358,14207.0,0.0
0.8758110877747717,0.002924684,0.472054129,0.619845136,14207.0,0.0
0.8816854845738991,0.0,0.472335441,0.632078562,14207.0,0.0
0.8823584936697904,0.0,0.479581434,0.648755968,14207.0,0.0
0.8736023624109124,0.0,0.480675673,0.6605259805,14207.0,0.0
0.8346885231290901,0.0,0.4685732545,0.663229281,14207.0,0.0
0.7885180509979224,0.0,0.476525199,0.641842284,14207.0,0.0
0.7369434376320084,0.0,0.47205222,0.608015328,14207.0,0.0
0.7231698145838777,0.0,0.469550677,0.579359924,14207.0,0.0
0.7122618962531182,0.0,0.472599563,0.5348097835,14207.0,0.0
0.7104838470250403,0.0,0.476243016,0.499588054,14207.0,0.0
0.7185110703418758,0.0,0.4708166665,0.4742014435,14207.0,0.0
0.7398140508872917,0.0,0.465459538,0.451617024,14207.0,0.0
0.777429404681789,0.0,0.452725521,0.430483041,14207.0,0.0
0.8007315386727691,0.002955013,0.444373415,0.419979141,14207.0,0.0
0.8135683258458776,0.034629334,0.436979024,0.417331605,14207.0,0.0
0.8133662006654702,0.092227369,0.428706755,0.402798795,14207.0,0.0
0.8125747211152383,0.118688476,0.432730646,0.399941934,14207.0,0.0
0.812482846069015,0.112159306,0.443544306,0.412959856,14207.0,0.0
0.8125254952279158,0.071491961,0.457400327,0.4301442,14207.0,0.0
0.8132543065459709,0.026329143,0.479533333,0.444925627,14207.0,0.0
0.8211384464648046,0.001828199,0.472886811,0.455418611,14207.0,0.0
0.8342542443551517,0.0,0.464539512,0.469343202,14207.0,0.0
0.8399800932860555,0.0,0.450742803,0.483052156,14207.0,0.0
0.8370133497900947,0.0,0.40989320149999997,0.5026187365,14207.0,0.0
0.806481226768275,0.0,0.3396866295,0.523126999,14207.0,0.0
0.7582898653205785,0.0,0.291872708,0.5338720175,14207.0,0.0
0.7283800749667773,0.0,0.250889791,0.612083115,14207.0,0.0
0.7210574853242538,0.0,0.223166443,0.667413019,14207.0,0.0
0.724694215612243,0.0,0.224173089,0.733011552,14207.0,0.0
0.7270104834739501,0.0,0.219029836,0.752117845,14207.0,0.0
0.7448215333366967,0.0,0.212696837,0.773724366,14207.0,0.0
0.7787651716785704,0.0,0.205608493,0.79148391,14207.0,0.0
0.8012371414957493,0.006543468,0.1932209,0.793806936,14207.0,0.0
0.8145885263782146,0.049769473,0.176855792,0.774354483,14207.0,0.0
0.8150823308416556,0.103930747,0.158637391,0.734712769,14207.0,0.0
0.8151152125158623,0.136292637,0.160681225,0.706705908,14207.0,0.0
0.8148862982857826,0.10291855,0.157437015,0.694401232,14207.0,0.0
0.8152359070930222,0.059162361,0.158172681,0.687665046,14207.0,0.0
0.816743045685207,0.014603978,0.164988533,0.691175948,14207.0,0.0
0.8223696694559871,0.0,0.165315514,0.693641421,14207.0,0.0
0.8337344246210974,0.0,0.167112531,0.694640886,14207.0,0.0
0.8375336046272771,0.0,0.164628882,0.689443754,14207.0,0.0
0.834454821977441,0.0,0.1584786955,0.667908421,14207.0,0.0
0.8033179189893257,0.0,0.142297184,0.616174097,14207.0,0.0
0.7632245487784066,0.0,0.137655369,0.57580674,14207.0,0.0
0.744799217328228,0.0,0.13190329,0.553266847,14207.0,0.0
0.7411754944787552,0.0,0.1415361175,0.561717291,14207.0,0.0
0.7706407060596476,0.0,0.148905654,0.577933354,14207.0,0.0
0.8477979861461691,0.0,0.157467672,0.592589277,14207.0,0.0
0.8882976863967169,0.0,0.163326381,0.602010435,14207.0,0.0
0.8833119634331003,0.0,0.167116039,0.606560586,14207.0,0.0
0.8855078748032078,0.005155573,0.170264866,0.6025177,14207.0,0.0
0.8865548639916365,0.035125121,0.172546271,0.599268581,14207.0,0.0
0.8849345745777473,0.121923421,0.17350245,0.594440346,14207.0,0.0
0.8832259877634366,0.176725921,0.173257129,0.596822945,14207.0,0.0
0.8817206871917025,0.152626839,0.17457423,0.59753579,14207.0,0.0
0.8816692371815606,0.083648192,0.183022662,0.605786664,14207.0,0.0
0.8831687351975125,0.02307933,0.189509747,0.606530358,14207.0,0.0
0.8873686839523217,0.001428224,0.202030967,0.614159166,14207.0,0.0
0.8922228802191122,0.0,0.215999946,0.615904872,14207.0,0.0
0.8931655186499166,0.0,0.237034205,0.629705662,14207.0,0.0
0.8832540339088946,0.0,0.267429543,0.634116178,14207.0,0.0
0.853431766782875,0.0,0.30381011,0.626076304,14207.0,0.0
0.8296724816835978,0.0,0.322599381,0.618543489,14207.0,0.0
0.7969193992448812,0.0,0.350689313,0.627598487,14207.0,0.0
0.7589287114412833,0.0,0.358903375,0.5828442305,14207.0,0.0
0.7439412086533254,0.0,0.371545972,0.534652793,14207.0,0.0
0.7727532527724403,0.0,0.382329277,0.526549278,14207.0,0.0
0.8481347327460586,0.0,0.382444974,0.532690751,14207.0,0.0
0.8885069680494697,0.0,0.374481494,0.529922955,14207.0,0.0
0.8844770365799205,0.0,0.358642214,0.527138476,14207.0,0.0
0.8865801054831908,0.005483681,0.337957126,0.537349252,14207.0,0.0
0.8880058134721281,0.053197288,0.308913752,0.53939874,14207.0,0.0
0.8858023587401456,0.137530504,0.270259963,0.530005621,14207.0,0.0
0.8849749027930512,0.164303842,0.230437208,0.510373311,14207.0,0.0
0.8843729758910481,0.153671042,0.214955221,0.505825825,14207.0,0.0
0.8846458931965918,0.110255526,0.206962433,0.517747372,14207.0,0.0
0.8856140631877023,0.033609531,0.211245359,0.529727902,14207.0,0.0
0.888456678314336,0.0,0.212387924,0.552995678,14207.0,0.0
0.8945121173727838,0.0,0.208806165,0.576435473,14207.0,0.0
0.8955438261959077,0.0,0.203645101,0.594869626,14207.0,0.0
0.8848627184080097,0.0,0.187860524,0.596607217,14207.0,0.0
0.8545342677311352,0.0,0.174331759,0.576552762,14207.0,0.0
0.831881545723388,0.0,0.164830913,0.551023487,14207.0,0.0
0.7977550759057125,0.0,0.167828742,0.539929623,14207.0,0.0
0.7654404794185803,0.0,0.157951052,0.52146317,14207.0,0.0
0.7489943547594828,0.0,0.14872561750000002,0.49735528300000004,14207.0,0.0
0.7435179222518711,0.0,0.15786919100000002,0.4886360895,14207.0,0.0
0.7726569774973867,0.0,0.181085766,0.492909928,14207.0,0.0
0.8480666484540487,0.0,0.196760382,0.49727507,14207.0,0.0
0.8889970972591704,0.0,0.206427241,0.507712667,14207.0,0.0
0.8838729819822952,0.0,0.215880701,0.529387175,14207.0,0.0
0.8855078748032078,0.004141158,0.225851369,0.551877434,14207.0,0.0
0.8865768175125603,0.029136605,0.235195461,0.55205658,14207.0,0.0
0.8858609656162132,0.089129795,0.267534498,0.561083803,14207.0,0.0
0.8848393143465355,0.130414416,0.257568007,0.521430091,14207.0,0.0
0.8845718127072446,0.121637951,0.251077405,0.482895092,14207.0,0.0
0.8845265521424146,0.069843934,0.254457469,0.455475561,14207.0,0.0
0.8851375699644107,0.014010996,0.260938096,0.444247485,14207.0,0.0
0.8874673289749413,0.0,0.262730045,0.425292876,14207.0,0.0
0.8922609843115968,0.0,0.269402477,0.411884596,14207.0,0.0
0.8934978162170065,0.0,0.276169364,0.40504407,14207.0,0.0
0.8836586711592389,0.0,0.285138797,0.3914037715,14207.0,0.0
0.8536025578471941,0.0,0.291472879,0.355708555,14207.0,0.0
0.830287368007309,0.0,0.295973588,0.346383569,14207.0,0.0
0.7978765442619316,0.0,0.307695145,0.299834546,14207.0,0.0
0.7661509156486748,0.0,0.303647933,0.308832926,14207.0,0.0
0.7498199972849013,0.0,0.3111287205,0.332396356,14207.0,0.0
0.7452467938062252,0.0,0.3204068745,0.3420146455,14207.0,0.0
0.7756619697266279,0.0,0.305438521,0.339340693,14207.0,0.0
0.8524399024647481,0.0,0.296186195,0.33557079,14207.0,0.0
0.8914328510126406,0.0,0.280389421,0.320301664,14207.0,0.0
0.8861824314572172,0.0,0.271204339,0.305806303,14207.0,0.0
0.887465007637764,0.003168629,0.258640262,0.291634746,14207.0,0.0
0.8914340116812292,0.049698896,0.235151729,0.276432894,14207.0,0.0
0.8898806454971807,0.14172794,0.228364361,0.233315028,14207.0,0.0
0.8888435210078042,0.180687063,0.192431763,0.205961486,14207.0,0.0
0.8900560788422737,0.15977973,0.172087475,0.178664107,14207.0,0.0
0.8903948559234274,0.105033673,0.165928412,0.155199186,14207.0,0.0
0.8908148703598541,0.020458359,0.161653157,0.121122411,14207.0,0.0
0.8946080541686966,0.0,0.152091128,0.095874246,14207.0,0.0
0.9019445218495729,0.0,0.138201602,0.084387846,14207.0,0.0
0.9021511922931866,0.0,0.1320669,0.08017424549999999,14207.0,0.0
0.8840464808797405,0.0,0.140453759,0.079874164,14207.0,0.0
0.8641749628622359,0.0,0.152377668,0.082245713,14207.0,0.0
0.8433215416528536,0.0,0.163408111,0.089712371,14207.0,0.0
0.8135258699349514,0.0,0.199747751,0.114981323,14207.0,0.0
0.7710783214113954,0.0,0.209072036,0.117348799,14207.0,0.0
0.7554677525839475,0.0,0.236162287,0.146988219,14207.0,0.0
0.7511056199745054,0.0,0.275742887,0.186020507,14207.0,0.0
0.778405214855552,0.0,0.31105493,0.193783415,14207.0,0.0
0.8542348518382518,0.0,0.335524038,0.206510314,14207.0,0.0
0.8957209999535131,0.0,0.348727349,0.224000742,14207.0,0.0
0.8907820855064249,0.0,0.367604574,0.237733273,14207.0,0.0
0.8929527553849784,0.001945061,0.383144577,0.259016319,14207.0,0.0
0.8986174832482432,0.031938911,0.401404293,0.287489436,14207.0,0.0
0.8988812128130161,0.082394627,0.40683229,0.322980222,14207.0,0.0
0.8983608129414576,0.113773121,0.412909482,0.342055404,14207.0,0.0
0.8974833093111735,0.075363267,0.41882625549999997,0.34634308849999995,14207.0,0.0
0.8969391670957902,0.009974442,0.42625494,0.3410586,14207.0,0.0
0.8992389455132151,0.0,0.431612005,0.337234814,14207.0,0.0
0.9045703119615789,0.0,0.437737789,0.336624498,14207.0,0.0
0.9052491236132524,0.0,0.441272985,0.334647604,14207.0,0.0
0.8958535418909712,0.0,0.4379797765,0.335563268,14207.0,0.0
0.8663347041939261,0.0,0.440703173,0.34512075,14207.0,0.0
0.8435297598513756,0.0,0.441567401,0.351726739,14207.0,0.0
0.8179150816628176,0.0,0.478483933,0.342816487,14207.0,0.0
0.7552382342079595,0.0,0.46331988300000004,0.3335312885,14207.0,0.0
0.7414272322392244,0.0,0.479209587,0.332328873,14207.0,0.0
0.7434023530754217,0.0,0.498396238,0.3593041115,14207.0,0.0
0.7670386704739602,0.0,0.4796857485,0.397231683,14207.0,0.0
0.8056540124795439,0.0,0.458758517,0.416068576,14207.0,0.0
0.8264897351656668,0.001519151,0.440356072,0.41555152,14207.0,0.0
0.8398475995621958,0.02046973,0.414234299,0.426496964,14207.0,0.0
0.8411207947539974,0.068570966,0.402914099,0.450716182,14207.0,0.0
0.8397126884675422,0.111994054,0.366707007,0.452663481,14207.0,0.0
0.8381849506645772,0.113881962,0.360886297,0.44400458,14207.0,0.0
0.8382799204334564,0.076076088,0.363503449,0.436522633,14207.0,0.0
0.8408793083853197,0.016533922,0.366392083,0.439575381,14207.0,0.0
0.8471289423727704,0.0,0.369020666,0.462832764,14207.0,0.0
0.8587905024184151,0.0,0.364082591,0.487929557,14207.0,0.0
0.8622235357626844,0.0,0.36185886,0.493752087,14207.0,0.0
0.8549903551884115,0.0,0.36585838400000004,0.4993576635,14207.0,0.0
0.8217053157833804,0.0,0.381266127,0.5126283869999999,14207.0,0.0
0.7861333123482562,0.0,0.387731602,0.524454079,14207.0,0.0
0.7536165420735379,0.0,0.385729164,0.5125060084999999,14207.0,0.0
0.7389347092365569,0.0,0.38640739700000004,0.5254844875,14207.0,0.0
0.7384049287698335,0.0,0.380222977,0.545397501,14207.0,0.0
0.7428254258098191,0.0,0.368145837,0.562766712,14207.0,0.0
0.7665269506244612,0.0,0.3546990045,0.5971910895,14207.0,0.0
0.8053123823340977,0.0,0.335417693,0.609429735,14207.0,0.0
0.825959374167859,0.002240552,0.325596924,0.592740075,14207.0,0.0
0.8394312603795095,0.040938251,0.315692245,0.567070505,14207.0,0.0
0.8395990531483698,0.077209559,0.271812391,0.497359548,14207.0,0.0
0.8389392935429385,0.1007613,0.257870771,0.448138167,14207.0,0.0
0.8356306296359891,0.095687813,0.255496052,0.442890813,14207.0,0.0
0.8355658337081902,0.068855213,0.261464102,0.450791604,14207.0,0.0
0.8411892659355368,0.030200987,0.280030535,0.472795394,14207.0,0.0
0.8506318976359197,0.0,0.298807307,0.496598393,14207.0,0.0
0.8635221660875951,0.0,0.309414656,0.503192515,14207.0,0.0
0.866211881921144,0.0,0.3157236485,0.45881967349999997,14207.0,0.0
0.8484566822973697,0.0,0.335449958,0.405839145,14207.0,0.0
0.814837266040015,0.0,0.347984814,0.380399055,14207.0,0.0
0.7942689481724057,0.0,0.335066795,0.335614452,14207.0,0.0
0.7675111745631455,0.0,0.354297518,0.3394130675,14207.0,0.0
0.7552414255546028,0.0,0.374442202,0.376788614,14207.0,0.0
0.754574243219688,0.0,0.3881418635,0.43547341799999995,14207.0,0.0
0.7816074967364519,0.0,0.397280176,0.470604342,14207.0,0.0
0.8567578383571712,0.0,0.404495617,0.477673727,14207.0,0.0
0.9005927975292052,0.0,0.405026249,0.482171692,14207.0,0.0
0.8955402477629447,0.0,0.410424211,0.48392476,14207.0,0.0
0.8966823035410302,0.003853826,0.406896981,0.485960504,14207.0,0.0
0.9001907712912098,0.063909649,0.394066396,0.493699913,14207.0,0.0
0.9009704524819027,0.133093004,0.398036718,0.502498885,14207.0,0.0
0.8989346940915832,0.169225719,0.373117719,0.499396496,14207.0,0.0
0.8979464082064191,0.169027862,0.356483676,0.505638377,14207.0,0.0
0.8979070470181488,0.108227493,0.353162304,0.523232494,14207.0,0.0
0.8984064603958173,0.036479065,0.36065943,0.544693181,14207.0,0.0
0.9026011871259286,0.0,0.359981293,0.566265352,14207.0,0.0
0.9087572048674829,0.0,0.352295575,0.57201889,14207.0,0.0
0.9101005152261391,0.0,0.342690771,0.573344891,14207.0,0.0
0.8994672794090004,0.0,0.3497853125,0.5628305975,14207.0,0.0
0.8712806786861624,0.0,0.365673269,0.555661828,14207.0,0.0
0.8488739885070895,0.0,0.369059643,0.54610957,14207.0,0.0
0.8187217447575769,0.0,0.39872458,0.536701084,14207.0,0.0
0.7677691741877194,0.0,0.3748535105,0.530028218,14207.0,0.0
0.7556883736814972,0.0,0.352457,0.5398265245,14207.0,0.0
0.769987063283945,0.0,0.3228447835,0.5595016070000001,14207.0,0.0
0.8591746368851764,0.0,0.293506506,0.56141353,14207.0,0.0
0.9016874650468384,0.0,0.268683845,0.548511379,14207.0,0.0
0.8959119069118855,0.0,0.241865373,0.529690067,14207.0,0.0
0.8985325710328104,0.003640054,0.211417743,0.516368778,14207.0,0.0
0.9014676417367519,0.065254093,0.175452052,0.495391045,14207.0,0.0
0.9015309873207906,0.138826694,0.145299619,0.475386182,14207.0,0.0
0.901696942856361,0.166386059,0.10875731,0.432436927,14207.0,0.0
0.9014977187570544,0.155051749,0.093331307,0.396908129,14207.0,0.0
0.900106826496391,0.116556395,0.087148856,0.374156161,14207.0,0.0
0.9009251919170727,0.045333653,0.086976038,0.365956694,14207.0,0.0
0.9027220753446434,0.0,0.089443063,0.352745061,14207.0,0.0
0.9090247065067737,0.0,0.089607984,0.324775615,14207.0,0.0
0.9096150279036319,0.0,0.092914045,0.290145841,14207.0,0.0
0.9018090302238349,0.0,0.105990208,0.249646977,14207.0,0.0
0.8734549269976788,0.0,0.133678945,0.238217407,14207.0,0.0
0.8510196105356438,0.0,0.147812348,0.242878191,14207.0,0.0
0.8206907731660301,0.0,0.160427213,0.23393789,14207.0,0.0
0.7755373582373642,0.0,0.170314722,0.251726717,14207.0,0.0
0.7600436881009444,0.0,0.181134026,0.283500866,14207.0,0.0
0.756047726161817,0.0,0.1956840345,0.31359175,14207.0,0.0
0.783086250704038,0.0,0.204463062,0.334570248,14207.0,0.0
0.8580979575659744,0.0,0.210887413,0.350005256,14207.0,0.0
0.9002996675088306,0.0,0.221578232,0.369861285,14207.0,0.0
0.8950535033446518,0.0,0.228366415,0.393445467,14207.0,0.0
0.8985434995796736,0.002963294,0.238038039,0.427288883,14207.0,0.0
0.9010287688956379,0.057645305,0.238054819,0.447139045,14207.0,0.0
0.9012632924335251,0.109024655,0.234615274,0.458769582,14207.0,0.0
0.8998083776305412,0.136532509,0.223856817,0.491155591,14207.0,0.0
0.8980402173067098,0.137800051,0.221433503,0.532771554,14207.0,0.0
0.8971072499334025,0.098941286,0.235101103,0.574222747,14207.0,0.0
0.8983316065209915,0.035204071,0.262791192,0.628930903,14207.0,0.0
0.9017621256736895,0.0,0.293436338,0.684981857,14207.0,0.0
0.9065496879922303,0.0,0.311130157,0.73546728,14207.0,0.0
0.9072999691209022,0.0,0.336497376,0.780640884,14207.0,0.0
0.8954707613407732,0.0,0.380334132,0.8379699905,14207.0,0.0
0.8625148281561887,0.0,0.428555869,0.882827372,14207.0,0.0
0.8377070067039449,0.0,0.454983639,0.899004903,14207.0,0.0
0.8031214513303246,0.0,0.485500177,0.907825929,14207.0,0.0
0.7675374556973164,0.0,0.517312928,0.921410625,14207.0,0.0
0.7510388655906546,0.0,0.5685988325,0.9298235155,14207.0,0.0
0.745246793806225,0.0,0.6422892065000001,0.935347913,14207.0,0.0
0.7740961282247588,0.0,0.692586648,0.934498506,14207.0,0.0
0.8492109283549535,0.0,0.718825691,0.929828342,14207.0,0.0
0.8897280362728479,0.0,0.738703314,0.917330979,14207.0,0.0
0.8844661080330573,0.0,0.751645279,0.898011583,14207.0,0.0
0.8867035082870574,0.0,0.76294827,0.882403476,14207.0,0.0
0.8896852902931696,0.003569429,0.754940076,0.878337161,14207.0,0.0
0.8888899422412228,0.010653656,0.664507721,0.880425066,14207.0,0.0
0.8888639269706096,0.018186737,0.675289726,0.853515834,14207.0,0.0
0.8885836595511656,0.021938909,0.667120497,0.887985491,14207.0,0.0
0.8887251469806606,0.008146867,0.641943067,0.880405468,14207.0,0.0
0.888485788307605,0.001508828,0.618219273,0.911326714,14207.0,0.0
0.8907266701737906,0.0,0.602195415,0.927068726,14207.0,0.0
0.8958846345454865,0.0,0.583077839,0.934071869,14207.0,0.0
0.8956222585036964,0.0,0.57236036,0.932682125,14207.0,0.0
0.884359726400588,0.0,0.5660139150000001,0.934973761,14207.0,0.0
0.8524846797128516,0.0,0.568903159,0.93658446,14207.0,0.0
0.8289568234288057,0.0,0.585368774,0.93676453,14207.0,0.0
0.7956854200101837,0.0,0.499967818,0.931399189,14207.0,0.0
0.7572821162944483,0.0,0.5731603955,0.9359267515,14207.0,0.0
0.7422269000984073,0.0,0.643294587,0.9365918576666666,14207.0,0.0
0.7697004853932174,0.0,0.658202875,0.936177675,14207.0,0.0
0.8479292227742432,0.0,0.64336145,0.935432133,14207.0,0.0
0.8881303769445833,0.0,0.628724241,0.934966903,14207.0,0.0
0.8850119912513232,0.0,0.59548669,0.9342857760000001,14207.0,0.0
0.8866317491348875,0.004331819,0.578935737,0.93426493,14207.0,0.0
0.8858426869554495,0.009504694,0.507440363,0.929791329,14207.0,0.0
0.8857474271178183,0.025256541,0.552045221,0.930151199,14207.0,0.0
0.8848243726571617,0.018751332,0.5870458075,0.9290282625,14207.0,0.0
0.8839625360849217,0.002862056,0.612554796,0.927952528,14207.0,0.0
0.8858015849610864,0.0,0.62648994,0.928261409,14207.0,0.0
0.8897483454148759,0.0,0.638032061,0.930127149,14207.0,0.0
0.8887735022681466,0.0,0.648153775,0.929684928,14207.0,0.0
0.8798552357618146,0.0,0.655605293,0.928113952,14207.0,0.0
0.8502180730383853,0.0,0.661020483,0.926881124,14207.0,0.0
0.8272886616505766,0.0,0.662400945,0.925039288,14207.0,0.0
0.7922783535261388,0.0,0.609817294,0.916063812,14207.0,0.0
0.7769937231873182,0.0,0.6536893779999999,0.9173385965,13777.5,0.0
0.7616160095104578,0.0,0.670332803,0.916834312,13348.0,0.0
0.7633652144120342,0.0,0.6606284075,0.9086216505,13348.0,0.0
0.7681600544256826,0.0,0.6501454485,0.9036030825,13348.0,0.0
0.813229572773128,0.0,0.6476766485000001,0.8961670690000001,13348.0,0.0
0.833990707644773,0.003269953,0.645162548,0.888053783,13348.0,0.0
0.8351319896437993,0.009379886,0.630317982,0.860610328,13348.0,0.0
0.8346627015000321,0.017164804,0.610976609,0.851353646,13348.0,0.0
0.8345254208546027,0.011138594,0.602613751,0.844582207,13348.0,0.0
0.8342093702862708,0.004916186,0.589531597,0.833880488,13348.0,0.0
0.8404369543256007,0.0,0.576506226,0.804439142,13348.0,0.0
0.8516188296045205,0.0,0.554996162,0.786026665,13348.0,0.0
0.8530672644998603,0.0,0.515807298,0.7573900650000001,13348.0,0.0
0.8416557014085919,0.0,0.45999803949999996,0.725256916,13348.0,0.0
0.8187060778963229,0.0,0.426228321,0.691916149,13348.0,0.0
0.7885856275712211,0.0,0.3847604135,0.691829324,13348.0,0.0
0.7612389829088629,0.0,0.3709139045,0.6632390935,13348.0,0.0
0.7512387906566468,0.0,0.350887709,0.642482067,13348.0,0.0
0.7537711097539226,0.0,0.332537272,0.6322358115,13348.0,0.0
0.7702156628464977,0.0,0.330624393,0.65644104,13348.0,0.0
0.8087596564010551,0.0,0.334344172,0.6769462115,13348.0,0.0
0.8318469232430887,0.003417296,0.342179243,0.715073878,13348.0,0.0
0.8313696566343184,0.011003222,0.326736964,0.693969077,13348.0,0.0
0.830772855329816,0.01941838,0.36646293,0.742378913,13348.0,0.0
0.8303684115242367,0.01189376,0.40201772,0.7766383565,13348.0,0.0
0.8332088507416495,0.0005386275,0.4426283595,0.8221813135,13348.0,0.0
0.8469076683253431,0.0,0.480490568,0.856020562,13348.0,0.0
0.8493267877969451,0.0,0.492280648,0.865940335,13348.0,0.0
0.8441287370650987,0.0,0.503233795,0.8681780530000001,13348.0,0.0
0.8227299165445476,0.0,0.508974272,0.8529487555,13348.0,0.0
0.791060089563084,0.0,0.485691041,0.809131406,13348.0,0.0
0.7641389960293772,0.0,0.4853330475,0.8086542655,13348.0,0.0
0.7482888506821244,0.0,0.45416684100000004,0.805011562,13348.0,0.0
0.7480714451364122,0.0,0.41727838,0.808872758,13348.0,0.0
0.7755217878033074,0.0,0.40085673,0.810914905,13348.0,0.0
0.8400811556794691,0.0,0.387765201,0.810543838,13348.0,0.0
0.8918703699371914,0.0,0.375409833,0.812104197,13348.0,0.0
0.890066185002899,0.0,0.36908933850000003,0.815789385,13348.0,0.0
0.8858474260570011,0.003836406,0.366469781,0.817493171,13348.0,0.0
0.8856982980512732,0.006718068,0.343860488,0.807072205,13348.0,0.0
0.8847412498550005,0.009947743,0.357716742,0.81043482,13348.0,0.0
0.8825241589398185,0.0078736245,0.379238546,0.850071815,13348.0,0.0
0.8817043429785865,0.001554717,0.396914048,0.882161427,13348.0,0.0
0.8844145612021378,0.0,0.410867556,0.890595538,13348.0,0.0
0.8890211784757164,0.0,0.427376138,0.896224851,13348.0,0.0
0.8894764919571435,0.0,0.442839262,0.902324364,13348.0,0.0
0.8809153294063273,0.0,0.4494457075,0.90661092,13348.0,0.0
0.861000533485239,0.0,0.436612015,0.904618449,13348.0,0.0
0.8427083965288156,0.0,0.426474033,0.899523653,13348.0,0.0
0.8085183874855465,0.0,0.414266587,0.885755735,13348.0,0.0
0.7666502806159546,0.0,0.40629092,0.884056189,13348.0,0.0
0.7529484651303825,0.0,0.400919131,0.88284307,13348.0,0.0
0.7466191417393575,0.0,0.3923468345,0.8842379305,13348.0,0.0
0.7480714451364122,0.0,0.385232033,0.883424077,13348.0,0.0
0.7778441482895487,0.0,0.389782907,0.884485837,13348.0,0.0
0.8450299348256093,0.0,0.388262162,0.882259657,13348.0,0.0
0.8967629603652186,0.0,0.389965371,0.88362812,13348.0,0.0
0.894326819722219,0.0,0.388680576,0.877211387,13348.0,0.0
0.8916726933960031,0.0,0.386753916,0.867623352,13348.0,0.0
0.8868288451449913,0.02422587,0.391527339,0.855863322,13348.0,0.0
0.8869876442082162,0.04057623,0.389385141,0.816953141,13348.0,0.0
0.8868922875498075,0.046670777,0.408845291,0.81343281,13348.0,0.0
0.8875287401113323,0.041245263500000004,0.43238308000000003,0.7898849155000001,13348.0,0.0
0.8885773732850764,0.020025842,0.45428959,0.782657505,13348.0,0.0
0.8919190152934294,0.0,0.470855016,0.781584003,13348.0,0.0
0.8975944780620023,0.0,0.485795322,0.774634484,13348.0,0.0
0.9005870914006201,0.0,0.497127913,0.769465674,13348.0,0.0
0.8941795293433614,0.0,0.5106404330000001,0.7556023725000001,13348.0,0.0
0.8730264021723437,0.0,0.528472106,0.741361518,13348.0,0.0
0.8580678805456718,0.0,0.539755811,0.738035336,13348.0,0.0
0.8271390503281222,0.0,0.536026353,0.730611862,13348.0,0.0
0.8059554112304639,0.0,0.532886836,0.740197667,13348.0,0.0
0.7939472886898467,0.0,0.532395608,0.757008888,13348.0,0.0
0.7884949372019905,0.0,0.5421816475000001,0.795922531,13348.0,0.0
0.7897137813025494,0.0,0.54273569,0.809993599,13348.0,0.0
0.8206002520363699,0.0,0.535526626,0.807165665,13348.0,0.0
0.8812031884012449,0.0,0.530879892,0.796284786,13348.0,0.0
0.9199355985342172,0.0,0.52072253,0.782785705,13348.0,0.0
0.9048048351058857,0.0,0.507837861,0.756550851,13348.0,0.0
0.9030874478339146,0.00102594,0.47870423,0.718215837,13348.0,0.0
0.9053537648332092,0.053703428,0.44652368,0.683812309,13348.0,0.0
0.8995044162776613,0.123255137,0.405967392,0.637353062,13348.0,0.0
0.8971498994858838,0.149514258,0.378848658,0.624507821,13348.0,0.0
0.8962939136830245,0.135240652,0.372244955,0.623238923,13348.0,0.0
0.8953995337189284,0.096655929,0.399133572,0.644808022,13348.0,0.0
0.8962074543030539,0.024692897,0.418973678,0.656583723,13348.0,0.0
0.900501696262041,0.0,0.438597567,0.674451393,13348.0,0.0
0.9064182585097622,0.0,0.444548632,0.683939119,13348.0,0.0
0.9066112927701765,0.0,0.457252389,0.67606676,13348.0,0.0
0.8979757114476627,0.0,0.462244966,0.664661743,13348.0,0.0
0.8698260545423012,0.0,0.464274766,0.6703161655000001,13348.0,0.0
0.8323736093807365,0.0,0.480558039,0.688712787,13348.0,0.0
0.8001199405164787,0.0,0.4326990895,0.6728691250000001,13348.0,0.0
0.7866908730968798,0.0,0.4099473265,0.6520727395,13348.0,0.0
0.785727901318853,0.0,0.404455625,0.657597095,13348.0,0.0
0.814942293755921,0.0,0.392307389,0.651760202,13348.0,0.0
0.8780080629926904,0.0,0.37627971,0.650099642,13348.0,0.0
0.9121792132376918,0.0,0.365267031,0.631441143,13348.0,0.0
0.8998972547748861,0.0,0.3461535675,0.583626831,13348.0,0.0
0.9004880598820514,0.015855312,0.314554748,0.541104381,13348.0,0.0
0.8991291790893381,0.056210552,0.289787099,0.51113498,13348.0,0.0
0.8987154509190007,0.088578899,0.261748935,0.474667467,13348.0,0.0
0.8969301729965746,0.07541879,0.240864486,0.447387061,13348.0,0.0
0.8973870822497184,0.016161757,0.219138029,0.42296998350000004,13348.0,0.0
0.9001343893251222,0.0,0.209526817,0.427516091,13348.0,0.0
0.9053003803754197,0.0,0.201255695,0.454926399,13348.0,0.0
0.9052812315083999,0.0,0.197788381,0.489710501,13348.0,0.0
0.8946555874635249,0.0,0.1881929865,0.504066546,13348.0,0.0
0.87096540229047,0.0,0.185567046,0.53752658,13348.0,0.0
0.8535368913195585,0.0,0.181696248,0.55848526,13348.0,0.0
0.8193588742773833,0.0,0.178061014,0.558601688,13348.0,0.0
0.7785280375219147,0.0,0.175998921,0.568909275,13348.0,0.0
0.7560454292266243,0.0,0.1721912035,0.5790084775,13348.0,0.0
0.7501052212590658,0.0,0.1519121675,0.5631030255,13348.0,0.0
0.7805778187881729,0.0,0.135134016,0.540752127,13348.0,0.0
0.8472983791269457,0.0,0.127247001,0.513462547,13348.0,0.0
0.8979418627464226,0.0,0.112805623,0.491717985,13348.0,0.0
0.8939397353703877,0.0,0.1013792555,0.44709509950000004,13348.0,0.0
0.8888810445692042,0.002546146,0.085791959,0.401465835,13348.0,0.0
0.8881152898272531,0.007065726,0.074068729,0.3356511,13348.0,0.0
0.8874016624473057,0.014705697,0.067320887,0.291888873,13348.0,0.0
0.8875265155949326,0.02168377,0.06330199,0.278310222,13348.0,0.0
0.8882829861689162,0.009327779,0.059146679,0.2916977,13348.0,0.0
0.8880317319219637,0.001462035,0.06040477,0.318686332,13348.0,0.0
0.890321839675472,0.0,0.068780481,0.352394324,13348.0,0.0
0.8949386109296938,0.0,0.084549553,0.393744293,13348.0,0.0
0.8948983795351674,0.0,0.103011065,0.453848954,13348.0,0.0
0.8846160580314426,0.0,0.1296314105,0.5422749495,13348.0,0.0
0.8628790403704516,0.0,0.149944994,0.604458737,13348.0,0.0
0.846122378220423,0.0,0.160372848,0.634804352,13348.0,0.0
0.8097251911746225,0.0,0.170673851,0.63633383,13348.0,0.0
0.749650004401626,0.0,0.19066951399999998,0.6370178504999999,13348.0,0.0
0.7358219088427003,0.0,0.2177783485,0.6751993924999999,13348.0,0.0
0.7409761737554614,0.0,0.236206014,0.715001233,13348.0,0.0
0.7493526191867972,0.0,0.2544352725,0.7367400145,13348.0,0.0
0.8047055955013616,0.0,0.27054572,0.7736309754999999,13348.0,0.0
0.8263422515388347,0.006933147,0.279222624,0.792669408,13348.0,0.0
0.8301397875596993,0.011120873,0.281322811,0.777456092,13348.0,0.0
0.8302002316690567,0.00936536,0.290375968,0.766775941,13348.0,0.0
0.828787966418554,0.007176613,0.311240619,0.770945411,13348.0,0.0
0.8266999842390337,0.001580917,0.326646129,0.807074224,13348.0,0.0
0.8320815432081732,0.0,0.335905615,0.838110179,13348.0,0.0
0.8417595686526994,0.0,0.349618633,0.849411522,13348.0,0.0
0.8442711433080289,0.0,0.361020433,0.858881847,13348.0,0.0
0.8406010720375107,0.0,0.3791919255,0.8594672895,13348.0,0.0
0.8218754298894178,0.0,0.3974921925,0.850431206,13348.0,0.0
0.790742782292547,0.0,0.39912934,0.846626843,13348.0,0.0
0.760050506094149,0.0,0.396136312,0.82310937,13348.0,0.0
0.740556014481449,0.0,0.398688595,0.8185562565,13348.0,0.0
0.7364334825970061,0.0,0.384423383,0.781701618,13348.0,0.0
0.7407941404607034,0.0,0.358728433,0.76580873,13348.0,0.0
0.7520595978501068,0.0,0.312698328,0.7558631419999999,13348.0,0.0
0.8065875599903554,0.0,0.269277839,0.722004931,13348.0,0.0
0.827629566820933,0.005901379,0.245906565,0.710712845,13348.0,0.0
0.8305989695428412,0.018349798,0.248606489,0.701849308,13348.0,0.0
0.8302002316690567,0.034110647,0.230304474,0.66287091,13348.0,0.0
0.8305244541471563,0.033571305499999995,0.22777893249999998,0.623383113,13348.0,0.0
0.8328463309230906,0.014505771,0.230899673,0.608388585,13348.0,0.0
0.8421895438217949,0.0,0.236701059,0.60184562,13348.0,0.0
0.8564829869975602,0.0,0.246787855,0.596778612,13348.0,0.0
0.8593062600091996,0.0,0.258764947,0.589131306,13348.0,0.0
0.8551353244268821,0.0,0.279987041,0.572345632,13348.0,0.0
0.833156385097295,0.0,0.30150694450000004,0.595717497,13348.0,0.0
0.8035902079437667,0.0,0.329759412,0.642481486,13348.0,0.0
0.7996770301308695,0.0,0.333442056,0.655796768,13348.0,0.0
0.7866906395069146,0.0,0.33628348599999996,0.6604486276666667,13348.0,0.0
0.8193227046325463,0.0,0.33864375,0.659794058,13348.0,0.0
0.8822286113518599,0.0,0.332809024,0.62916622,13348.0,0.0
0.9152437793700342,0.0,0.33034221,0.585645401,13348.0,0.0
0.9002833236892951,0.0,0.3262265155,0.55096661,13348.0,0.0
0.900021817853761,0.024268869,0.326018852,0.534015171,13348.0,0.0
0.8990312110250002,0.045335154,0.322300927,0.515732726,13348.0,0.0
0.8971498994858838,0.047690107,0.321365205,0.51573585,13348.0,0.0
0.8962630146700642,0.031364420000000004,0.3361764015,0.535631883,13348.0,0.0
0.8963244744136342,0.009629704,0.341178667,0.562421002,13348.0,0.0
0.8981844129629115,0.0,0.341232646,0.565798731,13348.0,0.0
0.9035322200515883,0.0,0.341849525,0.562549821,13348.0,0.0
0.9029216859398992,0.0,0.340797449,0.564209111,13348.0,0.0
0.8947131787053799,0.0,0.34153179850000004,0.58132524,13348.0,0.0
0.8731705978285453,0.0,0.34219296,0.614836626,13348.0,0.0
0.8576942873426638,0.0,0.34206243,0.649227679,13348.0,0.0
0.8267112024610686,0.0,0.324872802,0.650421603,13348.0,0.0
0.8040191676754397,0.0,0.33334444,0.695910972,13348.0,0.0
0.7905268274841755,0.0,0.33831849,0.753078656,13348.0,0.0
0.7848784595772424,0.0,0.3329480183333333,0.7906133096666667,13348.0,0.0
0.81384056658672,0.0,0.323009979,0.785108149,13348.0,0.0
0.8761537337512207,0.0,0.31223974,0.778367595,13348.0,0.0
0.9103829103412052,0.0,0.299080546,0.776977736,13348.0,0.0
0.8971613111526835,0.0,0.2767702925,0.78109158,13348.0,0.0
0.8966997116019573,0.007009777,0.263214138,0.76876033,13348.0,0.0
0.8960288298081079,0.018682674,0.256353388,0.72971466,13348.0,0.0
0.8959018489648587,0.040164607,0.246005389,0.731904566,13348.0,0.0
0.8954187309963371,0.033237670500000004,0.2401179615,0.7610999549999999,13348.0,0.0
0.8955790288137111,0.010825431,0.235859436,0.762194207,13348.0,0.0
0.8980801590260646,0.0,0.230321121,0.742440885,13348.0,0.0
0.9030479902184471,0.0,0.222318439,0.726427851,13348.0,0.0
0.9036536888013875,0.0,0.20840752,0.7142352,13348.0,0.0
0.8956466295922041,0.0,0.1930131935,0.7054389145,13348.0,0.0
0.8747999781624279,0.0,0.183972757,0.675958839,13348.0,0.0
0.8612893112935915,0.0,0.177820642,0.664321322,13348.0,0.0
0.8289063404456976,0.0,0.186786389,0.652530905,13348.0,0.0
0.8059309915347771,0.0,0.173262544,0.648585778,13348.0,0.0
0.7905442835619109,0.0,0.16020488649999998,0.6392728169999999,13348.0,0.0
0.7880589174251691,0.0,0.153130785,0.608600035,13348.0,0.0
0.820011380983272,0.0,0.141911439,0.595300301,13348.0,0.0
0.8827204813676535,0.0,0.130984818,0.581545913,13348.0,0.0
0.916371522203429,0.0,0.12237537,0.561394179,13348.0,0.0
0.9014296828754333,0.0,0.1112993635,0.5244966625,13348.0,0.0
0.9012354395360418,0.009868909,0.099701486,0.46895134,13348.0,0.0
0.9001462845054389,0.027041795,0.085343602,0.397389822,13348.0,0.0
0.8990459112528009,0.062146528,0.082837056,0.377871411,13348.0,0.0
0.8987214471163381,0.04773822,0.08138884,0.363133994,13348.0,0.0
0.9001696883701227,0.009694165,0.080748119,0.36075501,13348.0,0.0
0.9045855923268838,0.0,0.084501662,0.376627195,13348.0,0.0
0.911209399261266,0.0,0.083108995,0.378278337,13348.0,0.0
0.9130410984171108,0.0,0.086419898,0.37253447,13348.0,0.0
0.9044905257372271,0.0,0.0915558175,0.3716355865,13348.0,0.0
0.8838656318683948,0.0,0.093887072,0.365602662,13348.0,0.0
0.8720664525013896,0.0,0.092785558,0.350426346,13348.0,0.0
0.8439481299089066,0.0,0.095966752,0.281567218,13348.0,0.0
0.8036691237650722,0.0,0.108758568,0.3098612945,13348.0,0.0
0.7915759681798404,0.0,0.11971501749999999,0.3665863965,13348.0,0.0
0.8063175439627029,0.0,0.129234083,0.42856201650000003,13348.0,0.0
0.8843292624907558,0.0,0.130689125,0.466520903,13348.0,0.0
0.9202776639795819,0.0,0.131269693,0.472987107,13348.0,0.0
0.9047160547823183,0.0,0.12816777950000002,0.48642240800000003,13348.0,0.0
0.9059059821375828,0.011197725,0.12285718,0.501118454,13348.0,0.0
0.9057864478354309,0.032229419,0.131016019,0.516297105,13348.0,0.0
0.9039433368159963,0.062446584,0.123550228,0.493748278,13348.0,0.0
0.9030042768181548,0.049163084999999995,0.12352743100000001,0.483988001,13348.0,0.0
0.9046524191295275,0.013432584,0.130075436,0.498057721,13348.0,0.0
0.9073301429619823,0.0,0.130404035,0.508637575,13348.0,0.0
0.9128194378737345,0.0,0.131133371,0.516859545,13348.0,0.0
0.9153561571998405,0.0,0.13318956,0.513156094,13348.0,0.0
0.9077234649727239,0.0,0.136378896,0.5155525235,13348.0,0.0
0.887204469222844,0.0,0.134764584,0.518247683,13348.0,0.0
0.8733557018375552,0.0,0.130078536,0.510120879,13348.0,0.0
0.847028556544058,0.0,0.135917607,0.489505135,13348.0,0.0
0.8040342545959798,0.0,0.1375475445,0.45952931500000005,13348.0,0.0
0.791135265911448,0.0,0.13048474533333335,0.421001722,13348.0,0.0
0.8213199724344319,0.0,0.112756995,0.390004588,13348.0,0.0
0.8842811008448249,0.0,0.105464553,0.382225991,13348.0,0.0
0.917229345239578,0.0,0.097700868,0.382768941,13348.0,0.0
0.9039254454383425,0.0,0.0884351895,0.3845383525,13348.0,0.0
0.9058959241905561,0.008924228,0.083154946,0.369057359,13348.0,0.0
0.9060249363022302,0.034446682,0.079393383,0.320821231,13348.0,0.0
0.9053400316324421,0.07038365,0.077898624,0.274237345,13348.0,0.0
0.9049584115540423,0.0499401805,0.069067074,0.23125675750000002,13348.0,0.0
0.9050611181295612,0.006942204,0.062857763,0.238616588,13348.0,0.0
0.908839988993713,0.0,0.061178727,0.258103864,13348.0,0.0
0.9156952247433267,0.0,0.058508849,0.268072076,13348.0,0.0
0.9161770368120935,0.0,0.053345209,0.263123911,13348.0,0.0
0.9085293062716159,0.0,0.050556684000000005,0.26249371200000005,13348.0,0.0
0.8902622657723706,0.0,0.054404172,0.256600596,13348.0,0.0
0.8771753846273179,0.0,0.055342295,0.254433719,13348.0,0.0
0.8499405134520677,0.0,0.063008132,0.228036376,13348.0,0.0
0.7984817593313551,0.0,0.0609556195,0.2221098145,13348.0,0.0
0.7835509613110064,0.0,0.06133376366666666,0.24271853399999999,13348.0,0.0
0.7880194110057326,0.0,0.064348953,0.260802363,13348.0,0.0
0.8038402047013531,0.0,0.071813767,0.26661039,13348.0,0.0
0.8249340484316019,0.0,0.077674533,0.274066285,13348.0,0.0
0.8397207151461438,0.0,0.081306275,0.281497983,13348.0,0.0
0.8534116508888216,0.006310818,0.08371723,0.288814451,13348.0,0.0
0.85614701417673,0.027300812,0.083948416,0.300983105,13348.0,0.0
0.8538352433646307,0.050739145,0.090826071,0.304255399,13348.0,0.0
0.8525210428024533,0.0407936545,0.08991239200000001,0.3003253805,13348.0,0.0
0.8540688963026815,0.00841675,0.099715172,0.313620252,13348.0,0.0
0.8614506245483878,0.0,0.10820761,0.322337248,13348.0,0.0
0.8720373429017009,0.0,0.114576813,0.340756685,13348.0,0.0
0.8739959260800174,0.0,0.120937711,0.366825969,13348.0,0.0
0.8683249605578423,0.0,0.1404863455,0.394875428,13348.0,0.0
0.8453984992518939,0.0,0.16619106900000002,0.4196747245,13348.0,0.0
0.8138813785123309,0.0,0.193710639,0.407445097,13348.0,0.0
0.793053344025669,0.0,0.22077456550000002,0.4383395805,13348.0,0.0
0.7776587298098023,0.0,0.240693361,0.509254814,13348.0,0.0
0.7796167088422106,0.0,0.26575495,0.5451052255,13348.0,0.0
0.7883053359465828,0.0,0.2928535795,0.555025066,13348.0,0.0
0.8191392446088517,0.0,0.30986647,0.538713944,13348.0,0.0
0.8346513378500408,0.0,0.316195701,0.53260518,13348.0,0.0
0.8472858069883477,0.004331871,0.315349361,0.544709233,13348.0,0.0
0.8484625816739294,0.013656896,0.318531292,0.528266279,13348.0,0.0
0.8482005925216687,0.027285507,0.312448299,0.542653022,13348.0,0.0
0.8478136534010035,0.023229924,0.313755864,0.566170814,13348.0,0.0
0.8496621800866909,0.016996073,0.317254342,0.568715952,13348.0,0.0
0.8528081768222808,0.004802496,0.314512764,0.560191313,13348.0,0.0
0.8589723180632141,0.0,0.314936158,0.54925927,13348.0,0.0
0.8704553504346904,0.0,0.315522742,0.531039612,13348.0,0.0
0.8721606004744014,0.0,0.30125376550000005,0.500084828,13348.0,0.0
0.8659202994588876,0.0,0.286387603,0.473874455,13348.0,0.0
0.8488096276824186,0.0,0.26324625,0.43755415799999997,13348.0,0.0
0.820094068682305,0.0,0.235934474,0.391459449,13348.0,0.0
0.805474614205539,0.0,0.21906378799999998,0.380777455,13348.0,0.0
0.7936136610178075,0.0,0.1813540925,0.3316898725,13348.0,0.0
0.8066695223207183,0.0,0.142741744,0.306939642,13348.0,0.0
0.8852278978460963,0.0,0.117378618,0.28896075,13348.0,0.0
0.9213100497609874,0.0,0.107714973,0.281008849,13348.0,0.0
0.9060884751342437,0.0,0.093627188,0.260695867,13348.0,0.0
0.9094198659475954,0.011720206,0.081116591,0.238138018,13348.0,0.0
0.9086754841954834,0.027377512,0.077661979,0.23790373,13348.0,0.0
0.907648320832356,0.030489527,0.058790796,0.204951733,13348.0,0.0
0.9065314097250471,0.032708578,0.046619973,0.178338973,13348.0,0.0
0.9074725009913138,0.027908393,0.041852585,0.146980902,13348.0,0.0
0.9083432834491709,0.0097359,0.040969134,0.137283698,13348.0,0.0
0.9116358932117564,0.0,0.04000951,0.138195287,13348.0,0.0
0.9175437514290141,0.0,0.039790444,0.145161101,13348.0,0.0
0.9182278823197433,0.0,0.040930906,0.146151371,13348.0,0.0
0.9106536033271393,0.0,0.044864155,0.1510646055,13348.0,0.0
0.8921554728853839,0.0,0.046183528,0.161015172,13348.0,0.0
0.8788681105452391,0.0,0.045202032,0.161512227,13348.0,0.0
0.8512203817994881,0.0,0.047619175,0.148256015,13348.0,0.0
0.8062260073956204,0.0,0.052773543,0.1545217055,13348.0,0.0
0.7947530087659764,0.0,0.0605592635,0.163985426,13348.0,0.0
0.809566053829047,0.0,0.065787281,0.17920957599999998,13348.0,0.0
0.8865415180739795,0.0,0.07049082,0.174137783,13348.0,0.0
0.9225318917634246,0.0,0.075372196,0.173657638,13348.0,0.0
0.9092584558720215,0.0,0.078628205,0.173299485,13348.0,0.0
0.9054019264791402,0.0,0.080775226,0.173110302,13348.0,0.0
0.9092295395203074,0.009629521,0.080421113,0.179422588,13348.0,0.0
0.9080947370353448,0.038282511,0.087745826,0.227229445,13348.0,0.0
0.9054647883528719,0.0438159905,0.0809776765,0.2400000485,13348.0,0.0
0.9048883930111751,0.033056299,0.087337312,0.247077557,13348.0,0.0
0.9046694403009251,0.006998854,0.098855584,0.242710666,13348.0,0.0
0.9072512269438867,0.0,0.11087603,0.236358933,13348.0,0.0
0.9120200276785178,0.0,0.121013248,0.23665135,13348.0,0.0
0.9117869552715514,0.0,0.128426758,0.242689723,13348.0,0.0
0.908896081284629,0.0,0.134973578,0.259794003,13348.0,0.0
0.8926456020950848,0.0,0.142230948,0.273760007,13348.0,0.0
0.8790809706309549,0.0,0.149682985,0.272942308,13348.0,0.0
0.8647855937947024,0.0,0.162751068,0.277820767,13348.0,0.0
0.8372165870319116,0.0,0.175135392,0.331795098,13348.0,0.0
0.8098481586785709,0.0,0.190022217,0.351466539,13348.0,0.0
0.7931670997804425,0.0,0.1963720475,0.3814645725,13348.0,0.0
0.7882872995345529,0.0,0.210490561,0.411402689,13348.0,0.0
0.819683241986649,0.0,0.224209694,0.420403389,13348.0,0.0
0.8822286113518599,0.0,0.237455148,0.427403474,13348.0,0.0
0.9155855547466467,0.0,0.25509088,0.440011377,13348.0,0.0
0.8999191596886309,0.0,0.274562328,0.4725867925,13348.0,0.0
0.8987228978536786,0.003267186,0.292037958,0.531184589,13348.0,0.0
0.8990299539292145,0.011469754,0.305376107,0.582789077,13348.0,0.0
0.8988348884003751,0.015972401,0.316932745,0.604367745,13348.0,0.0
0.898309507965692,0.012486271,0.341325295,0.6312144485,13348.0,0.0
0.8979847055468784,0.001627364,0.362728995,0.659351394,13348.0,0.0
0.8999374861694126,0.0,0.376572832,0.677834037,13348.0,0.0
0.9039404357348955,0.0,0.382445509,0.68685963,13348.0,0.0
0.9040800859311006,0.0,0.390379391,0.695725245,13348.0,0.0
0.8957511253842044,0.0,0.3903249035,0.7006664085000001,13348.0,0.0
0.8747502689583787,0.0,0.39353648,0.698753087,13348.0,0.0
0.8591977506811082,0.0,0.393292326,0.703556042,13348.0,0.0
0.8294241289113267,0.0,0.394551618,0.706500632,13348.0,0.0
0.7995422638738018,0.0,0.40863956749999997,0.706157261,13348.0,0.0
0.7857202611362006,0.0,0.416124513,0.6819219795,13348.0,0.0
0.8007553776405811,0.0,0.4191765725,0.654293169,13348.0,0.0
0.879131453614063,0.0,0.41706661,0.631000779,13348.0,0.0
0.9129505772874507,0.0,0.416612969,0.616540635,13348.0,0.0
0.8992329495126682,0.0,0.4119975695,0.6038096545,13348.0,0.0
0.899387299739884,0.001345386,0.405420659,0.60451883,13348.0,0.0
0.9001588570376173,0.004547131,0.40375953,0.622944686,13348.0,0.0
0.8998285903453721,0.008470975,0.404005115,0.62031041,13348.0,0.0
0.8991251171428585,0.006710689000000001,0.3950983605,0.5967498445,13348.0,0.0
0.8990733768671744,0.001266598,0.386875013,0.580873251,13348.0,0.0
0.9015699616195313,0.0,0.383072999,0.589535777,13348.0,0.0
0.9067802462076253,0.0,0.378334824,0.607198762,13348.0,0.0
0.9070775347984668,0.0,0.376056523,0.615808493,13348.0,0.0
0.8984156963501865,0.0,0.363595469,0.6018795065,13348.0,0.0
0.875773661034149,0.0,0.352217869,0.585708768,13348.0,0.0
0.8633202341551622,0.0,0.345022475,0.581073452,13348.0,0.0
0.8347151671443864,0.0,0.356520133,0.565716072,13348.0,0.0
0.8082045134168059,0.0,0.360261577,0.563081471,13348.0,0.0
0.7920857057616737,0.0,0.343182944,0.5530757705,13348.0,0.0
0.7882868160210361,0.0,0.323694575,0.5395457655,13348.0,0.0
0.8195708641568428,0.0,0.310731419,0.516129176,13348.0,0.0
0.8813848111916497,0.0,0.299909142,0.489337781,13348.0,0.0
0.9164196838493599,0.0,0.295943108,0.478868349,13348.0,0.0
0.901412806935202,0.0,0.299410035,0.49773491550000004,13348.0,0.0
0.90202227719908,0.002487172,0.297978915,0.5086252,13348.0,0.0
0.9018338848258595,0.009143957,0.292770295,0.495237757,13348.0,0.0
0.9013874686228704,0.016622576,0.293851164,0.498174688,13348.0,0.0
0.9010016899740037,0.010827116,0.2839155965,0.491282916,13348.0,0.0
0.9018998900294259,0.001008827,0.2726343235,0.5176909395,13348.0,0.0
0.9086506295934588,0.0,0.263947157,0.535771192,13348.0,0.0
0.9099638633253927,0.0,0.258851378,0.545974594,13348.0,0.0
0.9008555118533461,0.0,0.2474064775,0.5526892305,13348.0,0.0
0.8814883881702149,0.0,0.23719188,0.559018208,13348.0,0.0
0.8682738488300511,0.0,0.226868661,0.569844558,13348.0,0.0
0.8395719744235258,0.0,0.187440343,0.506770593,13348.0,0.0
0.79331199640333,0.0,0.199423958,0.533315235,13348.0,0.0
0.7812854021507648,0.0,0.199832188,0.5872992875,13348.0,0.0
0.783246113418284,0.0,0.182513398,0.59128983,13348.0,0.0
0.7961093995723125,0.0,0.15789882,0.5350217565,13348.0,0.0
0.8267986288680729,0.0,0.143001756,0.479110521,13348.0,0.0
0.8422999875975339,0.0,0.128225734,0.448109733,13348.0,0.0
0.8553512792352536,0.003703623,0.119236886,0.429660021,13348.0,0.0
0.8579046328432278,0.019255539,0.102536962,0.419226159,13348.0,0.0
0.8577517335501429,0.034766251,0.090168166,0.371990591,13348.0,0.0
0.858302984024273,0.034468716999999996,0.083920246,0.362143219,13348.0,0.0
0.8610799328200613,0.016369754,0.080962972,0.353761341,13348.0,0.0
0.8682958991717523,0.0,0.080052542,0.347127987,13348.0,0.0
0.8792307755949642,0.0,0.075946063,0.331937705,13348.0,0.0
0.8821111079245529,0.0,0.074191721,0.31012536,13348.0,0.0
0.8773384388849972,0.0,0.0667331715,0.271144099,13348.0,0.0
0.8563313930138597,0.0,0.0637939865,0.2551418565,13348.0,0.0
0.8274475571409986,0.0,0.070815886,0.256165598,13348.0,0.0
0.8036511113614466,0.0,0.069129282,0.2521623195,13348.0,0.0
0.7902360670145766,0.0,0.067373829,0.2395288955,13348.0,0.0
0.7920585302160523,0.0,0.072334068,0.21969428800000002,13348.0,0.0
0.8028397333703301,0.0,0.0722141645,0.202569515,13348.0,0.0
0.8386294810270976,0.0,0.08231355200000001,0.18676504100000002,13348.0,0.0
0.8574028981283821,0.003492092,0.089620977,0.186307917,13348.0,0.0
0.860829258710613,0.017892979,0.104375349,0.219184149,13348.0,0.0
0.8602749137106173,0.035043834,0.112851623,0.225460587,13348.0,0.0
0.8600227890606185,0.031146252,0.11586436850000001,0.238321308,13348.0,0.0
0.8612258692823556,0.006201748,0.1253315,0.260109713,13348.0,0.0
0.8682958991717523,0.0,0.13354237,0.284844141,13348.0,0.0
0.8795014683841081,0.0,0.136459629,0.303110283,13348.0,0.0
0.8822762896810643,0.0,0.145223248,0.321314074,13348.0,0.0
0.8780440393895528,0.0,0.16387724199999998,0.3238795115,13348.0,0.0
0.8562830377263737,0.0,0.1876537755,0.3338576975,13348.0,0.0
0.8285109873633208,0.0,0.2318953,0.347156772,13348.0,0.0
0.8090237972573422,0.0,0.22653702850000002,0.373596159,13348.0,0.0
0.7985388188460949,0.0,0.213343833,0.395812452,13348.0,0.0
0.7982691895111818,0.0,0.2219817685,0.42994071,13348.0,0.0
0.8276342087081267,0.0,0.237153709,0.438755879,13348.0,0.0
0.8928904736487508,0.0,0.250840465,0.434311608,13348.0,0.0
0.9274076546616092,0.0,0.263510467,0.425937974,13348.0,0.0
0.9137854801692228,0.0,0.278772959,0.4366435755,13348.0,0.0
0.9153858473306137,0.011567282,0.295925081,0.442217234,13348.0,0.0
0.9156010283599262,0.045037449,0.326380253,0.394548004,13348.0,0.0
0.9147662222989316,0.064862942,0.334264888,0.408665178,13348.0,0.0
0.9141954362650423,0.060776589,0.319823837,0.418612883,13348.0,0.0
0.9135163345446167,0.040837238,0.319183474,0.423831727,13348.0,0.0
0.913831514513112,0.008526603,0.312256332,0.433712018,13348.0,0.0
0.9163708452451472,0.0,0.287203902,0.454655892,13348.0,0.0
0.9220606209584111,0.0,0.27511853,0.425411893,13348.0,0.0
0.9226507491072947,0.0,0.276288524,0.42108669,13348.0,0.0
0.9143289454263244,0.0,0.29327817700000003,0.4241523825,13348.0,0.0
0.8938266325654914,0.0,0.331079703,0.44038048,13348.0,0.0
0.8792952814540111,0.0,0.359120989,0.485719126,13348.0,0.0
0.8448806135719069,0.0,0.382877961,0.525238104,13348.0,0.0
0.809051746778813,0.0,0.402030882,0.575067437,13348.0,0.0
0.7917184472351437,0.0,0.444699532,0.6532395465,13348.0,0.0
0.785796493329574,0.0,0.5098120785,0.7489427255,13348.0,0.0
0.81384056658672,0.0,0.559006121,0.81550845,13348.0,0.0
0.8756495812720007,0.0,0.594689787,0.82645697,13348.0,0.0
0.9106291354178541,0.0,0.622794577,0.829091186,13348.0,0.0
0.8973415798297348,0.0,0.643396795,0.840194253,13348.0,0.0
0.8958391803391016,0.015170226,0.625285481,0.836258095,13348.0,0.0
0.8949059228970423,0.059081533,0.606774301,0.794920226,13348.0,0.0
0.8911841113508401,0.086996066,0.625897054,0.799579511,13348.0,0.0
0.8890536248500047,0.0727915925,0.6496763889999999,0.789626849,13348.0,0.0
0.8896307455603719,0.017798433,0.680741728,0.794417278,13348.0,0.0
0.8935126128720045,0.0,0.673588769,0.802981642,13348.0,0.0
0.8986229957352733,0.0,0.650156207,0.818809882,13348.0,0.0
0.8982704854533526,0.0,0.636149663,0.8463005,13348.0,0.0
0.8894115023877894,0.0,0.634947476,0.8590883444999999,13348.0,0.0
0.861388874932856,0.0,0.6568494715,0.8596304665,13348.0,0.0
0.8240448908857841,0.0,0.705814753,0.850603954,13348.0,0.0
0.7887017528767705,0.0,0.6959044355,0.8652326125,13348.0,0.0
0.7804656345999215,0.0,0.6475049585,0.868277979,13348.0,0.0
0.79788304817798,0.0,0.5963412105,0.842636325,13348.0,0.0
0.8774142599836467,0.0,0.563247463,0.784363529,13348.0,0.0
0.9119409184124474,0.0,0.541138833,0.750079637,13348.0,0.0
0.89841226334518,0.0,0.504068832,0.719730987,13348.0,0.0
0.898128127424021,0.0,0.453443174,0.682287852,13348.0,0.0
0.8987228978536786,0.020931004,0.398119168,0.641960052,13348.0,0.0
0.895891791017832,0.058224356,0.314768385,0.577649115,13348.0,0.0
0.894680973989455,0.07560914,0.269208246,0.547966608,13348.0,0.0
0.8929483063521789,0.078135985,0.240840733,0.524651129,13348.0,0.0
0.8925676534976031,0.059409196,0.212052187,0.503400157,13348.0,0.0
0.8942757566016066,0.023957328,0.199806558,0.51451326,13348.0,0.0
0.8975374187440529,0.0,0.193259283,0.479869331,13348.0,0.0
0.8986598423383919,0.0,0.202944607,0.438274711,13348.0,0.0
0.8959290245104801,0.0,0.22188904,0.425019711,13348.0,0.0
0.8873472625520938,0.0,0.2627907255,0.421146203,13348.0,0.0
0.8593859494127739,0.0,0.31158203,0.4374971065,13348.0,0.0
0.8187192305660055,0.0,0.296957874,0.428617832,13348.0,0.0
0.7755497371279878,0.0,0.302200321,0.47136963649999997,13348.0,0.0
0.764044413018834,0.0,0.31557151733333333,0.4927198543333334,13348.0,0.0
0.7961696986472939,0.0,0.324346592,0.482867351,13348.0,0.0
0.8601721101175306,0.0,0.310901664,0.478940485,13348.0,0.0
0.9033067878272745,0.0,0.289111835,0.476699658,13348.0,0.0
0.8943475641641653,0.0,0.26842073850000003,0.44506859649999997,13348.0,0.0
0.8903740630710923,0.001923409,0.257617678,0.417376345,13348.0,0.0
0.8896150783055375,0.019026133,0.254041913,0.404189524,13348.0,0.0
0.8895199148951033,0.029444787,0.259135871,0.400591199,13348.0,0.0
0.8887698758183752,0.023760366499999998,0.2655806965,0.4114680355,13348.0,0.0
0.8894958340721378,0.008071286,0.293223481,0.437143886,13348.0,0.0
0.8915870077950915,0.0,0.309066095,0.47143629,13348.0,0.0
0.8964368518498601,0.0,0.31211867,0.492574541,13348.0,0.0
0.8966165401926172,0.0,0.30782819,0.488780396,13348.0,0.0
0.8897173015643298,0.0,0.319801676,0.5107297095000001,13348.0,0.0
0.8706568954775936,0.0,0.327774608,0.518428191,13348.0,0.0
0.8561229333537645,0.0,0.328830374,0.532336397,13348.0,0.0
0.8229744978326714,0.0,0.336740336,0.54386277,13348.0,0.0
0.7908504210208018,0.0,0.3728559305,0.5581858235,13348.0,0.0
0.7814957962585076,0.0,0.391037736,0.556476009,13348.0,0.0
0.7841505511326164,0.0,0.393961932,0.540986925,13348.0,0.0
0.8154782640615363,0.0,0.394446377,0.544995467,13348.0,0.0
0.8769485016656635,0.0,0.387640515,0.528654477,13348.0,0.0
0.9118059104970164,0.0,0.375271419,0.496699599,13348.0,0.0
0.8991358520481667,0.0,0.35258486050000004,0.4646768065,13348.0,0.0
0.8987228978536786,0.01177274,0.345714477,0.436945281,13348.0,0.0
0.8989921399054819,0.056800436,0.329168372,0.424778623,13348.0,0.0
0.8973130503675503,0.095692226,0.282868947,0.391854181,13348.0,0.0
0.8963366596627028,0.106623552,0.2495571,0.356412318,13348.0,0.0
0.8958585224540959,0.065651041,0.217753709,0.315367905,13348.0,0.0
0.8979847055468784,0.01210557,0.186483129,0.287966213,13348.0,0.0
0.9006074009362285,0.0,0.16465862,0.259935841,13348.0,0.0
0.9058175887035449,0.0,0.145153888,0.235715829,13348.0,0.0
0.9058703926302498,0.0,0.140849833,0.229743199,13348.0,0.0
0.8966750020343088,0.0,0.162022881,0.219442526,13348.0,0.0
0.8747999781624279,0.0,0.197546402,0.230074926,13348.0,0.0
0.8596951335775124,0.0,0.233580367,0.240003423,13348.0,0.0
0.8298151301752618,0.0,0.281812975,0.288001595,13348.0,0.0
0.7955257027238942,0.0,0.31543085,0.350073113,13348.0,0.0
0.7812293584670279,0.0,0.363336222,0.420498426,13348.0,0.0
0.7721011329560812,0.0,0.419836689,0.484346447,13348.0,0.0
0.767680393864152,0.0,0.471370326,0.554818814,13348.0,0.0
0.7703693119102375,0.0,0.509424433,0.605164703,13348.0,0.0
0.7747660668031886,0.0,0.5332280795,0.622287271,13348.0,0.0
0.8081467287301861,0.0,0.523017555,0.623341299,13348.0,0.0
0.8237648167143147,0.0,0.50958769,0.633427089,13348.0,0.0
0.8368894150623224,0.003185905,0.502702111,0.644119192,13348.0,0.0
0.8356993908862805,0.01869433,0.491329268,0.565634606,13348.0,0.0
0.8357598349956379,0.031930994,0.493404665,0.550936707,13348.0,0.0
0.8367673663718092,0.0217450815,0.48978479399999997,0.5534009435,13348.0,0.0
0.840182992245522,0.002001235,0.488819949,0.525519301,13348.0,0.0
0.8467633762419443,0.0,0.481098089,0.506351711,13348.0,0.0
0.8580123687858404,0.0,0.466436206,0.48387893,13348.0,0.0
0.8605082761863354,0.0,0.447571631,0.481993911,13348.0,0.0
0.8565095339952888,0.0,0.41402193600000003,0.4746988755,13348.0,0.0
0.8443246241930156,0.0,0.375197684,0.466333332,13348.0,0.0
0.8239749689669039,0.0,0.346764292,0.444520521,13348.0,0.0
0.8024762463279475,0.0,0.30914665,0.419285798,13348.0,0.0
0.786383260695454,0.0,0.27568360999999997,0.3817080485,13348.0,0.0
0.7711090755867698,0.0,0.24424728550000002,0.3614296465,13348.0,0.0
0.7716740588680867,0.0,0.26003773,0.322765061,13348.0,0.0
0.7774490368655355,0.0,0.285721465,0.311335952,13348.0,0.0
0.7852751988497748,0.0,0.30414938599999997,0.338962051,13348.0,0.0
0.8254056093053674,0.0,0.3200021025,0.41366152700000003,13348.0,0.0
0.8444870016892033,0.004565603,0.324005928,0.453383771,13348.0,0.0
0.8455263506949797,0.040255101,0.341575417,0.4584577,13348.0,0.0
0.8437823680148911,0.087400439,0.304872425,0.480773042,13348.0,0.0
0.8426423431116505,0.09810744,0.283786255,0.484998043,13348.0,0.0
0.8424907009143514,0.06614255,0.26654634,0.49210974,13348.0,0.0
0.8448133030589561,0.024106683,0.247581466,0.497514447,13348.0,0.0
0.8529913467772233,0.0,0.247622161,0.468294308,13348.0,0.0
0.8684575024953007,0.0,0.253426888,0.459167532,13348.0,0.0
0.8724681886706329,0.0,0.260130945,0.48218378,13348.0,0.0
0.8669110029116356,0.0,0.2753482735,0.466788249,13348.0,0.0
0.8456005276115238,0.0,0.2984048265,0.460893224,13348.0,0.0
0.8145878494199329,0.0,0.301989249,0.450176003,13348.0,0.0
0.8023203489361941,0.0,0.2817549225,0.42941376,13348.0,0.0
0.7914277349791436,0.0,0.2602082605,0.3764497275,13348.0,0.0
0.8064183164841546,0.0,0.276870862,0.32163458349999996,13348.0,0.0
0.884416882539315,0.0,0.305673627,0.338154785,13348.0,0.0
0.920994483296543,0.0,0.349028512,0.378218793,13348.0,0.0
0.9061494997746856,0.0,0.409359173,0.443322088,13348.0,0.0
0.9029259413311437,0.0,0.47459686,0.506713869,13348.0,0.0
0.9046028067462559,0.009043086,0.534651942,0.570457621,13348.0,0.0
0.9011837962779252,0.015007333,0.580564172,0.651104863,13348.0,0.0
0.8990579032538949,0.01273247,0.635052662,0.72233529,13348.0,0.0
0.8968370404609853,0.008758232,0.673505551,0.757808957,13348.0,0.0
0.8953266142917504,0.005777883,0.688381578,0.764570294,13348.0,0.0
0.8927427963803637,0.00183208,0.682461236,0.785443854,13348.0,0.0
0.8923169797817352,0.0,0.670745331,0.829311466,13348.0,0.0
0.8961055213098039,0.0,0.653939427,0.887970066,13348.0,0.0
0.8950128846670155,0.0,0.642048484,0.919243997,13348.0,0.0
0.8867104715114282,0.0,0.6339342705,0.9334485015,13348.0,0.0
0.8646813394642752,0.0,0.622011382,0.935505202,13348.0,0.0
0.8477606558327436,0.0,0.598805802,0.934186449,13348.0,0.0
0.8132454092675327,0.0,0.570392229,0.928104233,13348.0,0.0
0.7696290163097996,0.0,0.53048961,0.920896252,13348.0,0.0
