Demand,Avail_Sol,Avail_Wind_On,Avail_Wind_Off,Hyd_In,HydRoR_In
0.6831768026210021,0.0,0.530053351,0.704084454,7983.0,1543.0
0.6602796789028611,0.0,0.4943502125,0.679329605,7983.0,1543.0
0.6617454445999963,0.0,0.454605589,0.641238687,7983.0,1543.0
0.6889065562002777,0.0,0.437469797,0.622178038,7983.0,1543.0
0.7460241924498738,0.0,0.424148968,0.630575054,7983.0,1543.0
0.8365743577991356,0.0,0.420489438,0.662171919,7983.0,1543.0
0.9152470619900015,0.002259327,0.42304525800000004,0.702046438,7983.0,1543.0
0.9185858714004353,0.249499137,0.423026053,0.683030505,7983.0,1543.0
0.9022778915523328,0.413174761,0.41689616,0.62351081,7983.0,1543.0
0.8900679776631685,0.520764028,0.454302634,0.562900941,7983.0,1543.0
0.8805381951228608,0.59337881,0.5400353055,0.5701513064999999,7983.0,1543.0
0.8761520659469214,0.528152974,0.58794909,0.593045646,7983.0,1543.0
0.8767023455361119,0.403824092,0.593560093,0.618342794,7983.0,1543.0
0.8847055610887933,0.272306953,0.584724799,0.658445035,7983.0,1543.0
0.9014332741590644,0.125610175,0.593581564,0.706251197,7983.0,1543.0
0.8968660752644391,0.0011682345,0.5822232385,0.747704577,7983.0,1543.0
0.8675185948955915,0.0,0.560740208,0.739803906,7983.0,1543.0
0.8187323190949043,0.0,0.542624293,0.741990025,7983.0,1543.0
0.7798161450881337,0.0,0.495165361,0.718021768,7983.0,1543.0
0.7146689781434261,0.0,0.494060382,0.690382672,7983.0,1543.0
0.6706019399148426,0.0,0.4786407665,0.659458929,7983.0,1543.0
0.658029839807275,0.0,0.452516634,0.6313712810000001,7983.0,1543.0
0.6830383431125425,0.0,0.446085231,0.633860376,7983.0,1543.0
0.7402537016884105,0.0,0.442953457,0.644401185,7983.0,1543.0
0.8277621114113105,0.0,0.435386542,0.667117237,7983.0,1543.0
0.9044433297889068,0.0017884995,0.426197429,0.6822503310000001,7983.0,1543.0
0.9114542439676311,0.173524099,0.399536249,0.674091129,7983.0,1543.0
0.8917651725346089,0.287523126,0.360280163,0.634791978,7983.0,1543.0
0.8802759789131057,0.385175093,0.382729004,0.653395866,7983.0,1543.0
0.8720121390864328,0.453086547,0.4139855355,0.652509942,7983.0,1543.0
0.8667909447003261,0.449796709,0.433130157,0.649120741,7983.0,1543.0
0.8676429603188168,0.378032555,0.424646221,0.641236909,7983.0,1543.0
0.8761537516883994,0.270237716,0.399166384,0.634626809,7983.0,1543.0
0.8899043735126728,0.114885499,0.406136157,0.632042914,7983.0,1543.0
0.8908115481094577,0.001256695,0.424532914,0.6394550585000001,7983.0,1543.0
0.8664109183406118,0.0,0.437530831,0.652824778,7983.0,1543.0
0.8196137404901574,0.0,0.444946899,0.664251618,7983.0,1543.0
0.7798171284644015,0.0,0.441022287,0.67755831,7983.0,1543.0
0.7119444573620193,0.0,0.435763149,0.713123904,7983.0,1543.0
0.6795061492829467,0.0,0.429324764,0.726860498,7983.0,1543.0
0.6559482171795162,0.0,0.426948797,0.721895394,7983.0,1543.0
0.6528551887303806,0.0,0.428136705,0.716488614,7983.0,1543.0
0.6530666474396627,0.0,0.417693722,0.7123475,7983.0,1543.0
0.6780113291540882,0.0,0.413252073,0.717496288,7983.0,1543.0
0.7338813778287933,0.0,0.404687203,0.733702355,7983.0,1543.0
0.8190005288806784,0.0,0.3947658,0.744166498,7983.0,1543.0
0.8681289968817957,0.0,0.383713753,0.73738534,7983.0,1543.0
0.8920554834339864,0.003046922,0.370683434,0.726577829,7983.0,1543.0
0.8891499397149253,0.118000807,0.359122716,0.70374786,7983.0,1543.0
0.8761880270781671,0.221247033,0.329593077,0.65065216,7983.0,1543.0
0.867347405070879,0.284425031,0.342804103,0.634854976,7983.0,1543.0
0.8592780736263818,0.351434044,0.370118167,0.631048381,7983.0,1543.0
0.8568628743860577,0.39153627,0.405922581,0.627908676,7983.0,1543.0
0.85426056498878,0.375291776,0.425138399,0.639408768,7983.0,1543.0
0.8544790473501634,0.322856507,0.426946313,0.648600533,7983.0,1543.0
0.8600462737172745,0.230011993,0.404682745,0.623320015,7983.0,1543.0
0.8676105577946533,0.098846113,0.399769118,0.610346507,7983.0,1543.0
0.8720115772267515,0.001309423,0.4033523805,0.6246443635000001,7983.0,1543.0
0.8614048349953668,0.0,0.409189969,0.659430495,7983.0,1543.0
0.8212600840554104,0.0,0.410893647,0.675751674,7983.0,1543.0
0.7830984843519163,0.0,0.386320352,0.654018734,7983.0,1543.0
0.7110283860038775,0.0,0.401960286,0.676193325,7983.0,1543.0
0.6671743283300094,0.0,0.406302203,0.68603094,7983.0,1543.0
0.6517056747455836,0.0,0.40152460300000004,0.666380497,7983.0,1543.0
0.6770343862526909,0.0,0.395947543,0.644452925,7983.0,1543.0
0.7325001535774162,0.0,0.399285255,0.631342573,7983.0,1543.0
0.8169888618440924,0.0,0.397509179,0.610580128,7983.0,1543.0
0.864443640655359,0.0,0.404383011,0.598958621,7983.0,1543.0
0.8850475660026631,0.003402731,0.40569095,0.603047256,7983.0,1543.0
0.8817206033199553,0.156996317,0.401179218,0.60744241,7983.0,1543.0
0.8701415069515549,0.28005531,0.384645108,0.538611258,7983.0,1543.0
0.8629888085624466,0.381203311,0.405307659,0.529677768,7983.0,1543.0
0.8586371421440524,0.465915496,0.421827084,0.541123112,7983.0,1543.0
0.8559760682991496,0.470315633,0.45562747049999996,0.5539823615,7983.0,1543.0
0.8570910025738225,0.403632473,0.456629866,0.531719102,7983.0,1543.0
0.8639757720257804,0.288280865,0.442576385,0.534877324,7983.0,1543.0
0.8779867371129876,0.119077622,0.452610787,0.558423367,7983.0,1543.0
0.8846847711435469,0.002171589,0.466428463,0.608433267,7983.0,1543.0
0.8781288021719953,0.0,0.474350991,0.63998946,7983.0,1543.0
0.8648971812945455,0.0,0.476198529,0.646326005,7983.0,1543.0
0.8197215299969631,0.0,0.4741294,0.646065694,7983.0,1543.0
0.7799402764437672,0.0,0.492466782,0.605529532,7983.0,1543.0
0.7117431126143027,0.0,0.487886509,0.630238028,7983.0,1543.0
0.6682123536141726,0.0,0.49588078599999996,0.6371368934999999,7983.0,1543.0
0.653644014951692,0.0,0.511505688,0.6341660015,7983.0,1543.0
0.6781455278526896,0.0,0.503603923,0.647707701,7983.0,1543.0
0.7344311891203655,0.0,0.498556896,0.65074226,7983.0,1543.0
0.820533651304005,0.0,0.490465962,0.650592505,7983.0,1543.0
0.8752639019106246,0.0,0.489650456,0.608094307,7983.0,1543.0
0.9002523644981045,0.003389049,0.494125421,0.522372898,7983.0,1543.0
0.8940006600056358,0.124049067,0.489621279,0.468830719,7983.0,1543.0
0.8859542723830469,0.239409372,0.446273941,0.523124866,7983.0,1543.0
0.8781111960982761,0.28591948,0.495777737,0.601340225,7983.0,1543.0
0.8765632304434736,0.308450842,0.4948082155,0.6880533135,7983.0,1543.0
0.8764847996075306,0.284238561,0.457059618,0.727700305,7983.0,1543.0
0.8812418712577013,0.231692265,0.415760903,0.757683851,7983.0,1543.0
0.8999318986757228,0.165276117,0.354182946,0.772994122,7983.0,1543.0
0.9133569977780488,0.066091281,0.313054166,0.754505656,7983.0,1543.0
0.9179804325892994,0.0010583035,0.2666050135,0.683982861,7983.0,1543.0
0.8770332063311167,0.0,0.233667045,0.619726063,7983.0,1543.0
0.8211247617998806,0.0,0.227999044,0.585842111,7983.0,1543.0
0.7782379777292954,0.0,0.211328391,0.523952488,7983.0,1543.0
0.7026031426844026,0.0,0.204891847,0.505253118,7983.0,1543.0
0.6690703158652166,0.0,0.202100745,0.514734145,7983.0,1543.0
0.6422803105539938,0.0,0.21084016449999998,0.5440599115,7983.0,1543.0
0.6476486504516237,0.0,0.226851818,0.474925842,7983.0,1543.0
0.6751005880299324,0.0,0.251905282,0.47335576749999997,7983.0,1543.0
0.7166652868698865,0.0,0.268674768,0.46141558,7983.0,1543.0
0.7622524302936762,0.002025485,0.283048958,0.453937545,7983.0,1543.0
0.7921727128006875,0.07439676,0.298633562,0.441858154,7983.0,1543.0
0.7897173384002908,0.158271104,0.23912714,0.389169369,7983.0,1543.0
0.7888444391120567,0.221810577,0.284059099,0.402574563,7983.0,1543.0
0.7876128654314698,0.276674948,0.340963851,0.441857945,7983.0,1543.0
0.7866880846797487,0.296341026,0.421322532,0.508583437,7983.0,1543.0
0.7858319485944946,0.283921914,0.463523531,0.538471973,7983.0,1543.0
0.7914359788011561,0.237841545,0.496416901,0.543719409,7983.0,1543.0
0.822592142742078,0.187006326,0.503578219,0.499448145,7983.0,1543.0
0.8349376598978299,0.104246577,0.495566646,0.464666071,7983.0,1543.0
0.8360870100677995,0.001921294,0.507591583,0.433707732,7983.0,1543.0
0.8274310633297453,0.0,0.530085761,0.405783413,7983.0,1543.0
0.7991912126536285,0.0,0.540266911,0.40348758,7983.0,1543.0
0.7785925316548845,0.0,0.535569509,0.431714106,7983.0,1543.0
0.7486474321354925,0.0,0.464597426,0.343663608,7983.0,1543.0
0.7047510687341888,0.0,0.470765767,0.398404433,7983.0,1543.0
0.670932379274478,0.0,0.466124246,0.470041257,7983.0,1543.0
0.645531909482141,0.0,0.445835449,0.547262627,7983.0,1543.0
0.6403814432239647,0.0,0.418444582,0.6505019175,7983.0,1543.0
0.6489317308601423,0.0,0.407118899,0.697930415,7983.0,1543.0
0.6655910804374385,0.0,0.400971337,0.696387963,7983.0,1543.0
0.6814931869185805,0.0,0.386493676,0.688247908,7983.0,1543.0
0.7162491122548001,0.0,0.366485317,0.658891295,7983.0,1543.0
0.7574649228718777,0.002464612,0.348710996,0.634096435,7983.0,1543.0
0.7920948907678913,0.116582105,0.329073258,0.60254307,7983.0,1543.0
0.7944178460980957,0.240736873,0.326702591,0.572082169,7983.0,1543.0
0.790662815372761,0.306059691,0.340346306,0.533784862,7983.0,1543.0
0.7903118200542542,0.353529734,0.336173416,0.466248191,7983.0,1543.0
0.7892354223040755,0.355606453,0.320017791,0.430289032,7983.0,1543.0
0.7903361687690169,0.329887358,0.303783808,0.397103154,7983.0,1543.0
0.799532655707817,0.285126943,0.282867053,0.360768814,7983.0,1543.0
0.8298880299095565,0.207993308,0.244485421,0.339116481,7983.0,1543.0
0.8461374792151918,0.096207798,0.214416372,0.325521948,7983.0,1543.0
0.845667831119638,0.0009250055,0.176411262,0.299268551,7983.0,1543.0
0.7935679843562671,0.0,0.14453997,0.275150427,7983.0,1543.0
0.7563329914890669,0.0,0.123139464,0.239122583,7983.0,1543.0
0.7362632381121518,0.0,0.11621145,0.218837213,7983.0,1543.0
0.6952118979068246,0.0,0.106978707,0.168489895,7983.0,1543.0
0.6822860164916423,0.0,0.10655649449999999,0.12877262,7983.0,1543.0
0.7065625618483207,0.0,0.106800268,0.128164063,7983.0,1543.0
0.7736066762327705,0.0,0.114168717,0.133031096,7983.0,1543.0
0.8538747325832583,0.0,0.119214365,0.147918282,7983.0,1543.0
0.9236370933244724,0.001453776,0.113760374,0.1738691015,7983.0,1543.0
0.9428404091243563,0.221829983,0.101015855,0.194198296,7983.0,1543.0
0.9379404297068732,0.395570662,0.092851162,0.244472726,7983.0,1543.0
0.9323201045948496,0.529962249,0.073604504,0.224660291,7983.0,1543.0
0.9193580982335943,0.626823109,0.0582621,0.223590975,7983.0,1543.0
0.9129976678015176,0.641523962,0.050914368,0.233685645,7983.0,1543.0
0.9101618923058519,0.592271842,0.054540479,0.236565033,7983.0,1543.0
0.9120353340640044,0.501000695,0.059690652,0.23121961,7983.0,1543.0
0.9322118467904259,0.356963205,0.061462737,0.208033466,7983.0,1543.0
0.9483686776128206,0.185146152,0.069277225,0.199026668,7983.0,1543.0
0.9468963330894693,0.0010839645,0.0793180015,0.20560283499999998,7983.0,1543.0
0.8845438298039019,0.0,0.085112831,0.211613348,7983.0,1543.0
0.8359267772378256,0.0,0.086937875,0.238185896,7983.0,1543.0
0.8036032824800942,0.0,0.099722477,0.317012532,7983.0,1543.0
0.7391447141275079,0.0,0.110217902,0.353049318,7983.0,1543.0
0.6988351650649288,0.0,0.1265876835,0.3328942245,7983.0,1543.0
0.6841318786388222,0.0,0.1488894675,0.3559005545,7983.0,1543.0
0.7087047752519287,0.0,0.174453001,0.378232257,7983.0,1543.0
0.7702657599703572,0.0,0.198626138,0.395025444,7983.0,1543.0
0.8529292556107883,0.0,0.233065968,0.414795208,7983.0,1543.0
0.921942661132841,0.002055066,0.27833636549999996,0.461826498,7983.0,1543.0
0.9393712878205778,0.139752155,0.315597854,0.471675657,7983.0,1543.0
0.9333273897058116,0.23575558,0.286709268,0.529665325,7983.0,1543.0
0.9269439217273295,0.28687041,0.321247621,0.555417755,7983.0,1543.0
0.9177725326495337,0.292956614,0.369709942,0.574650423,7983.0,1543.0
0.912699584103797,0.270039677,0.409626844,0.659988376,7983.0,1543.0
0.9105855588706576,0.204253164,0.421454642,0.701727148,7983.0,1543.0
0.9144751628677147,0.144481921,0.400865085,0.721068099,7983.0,1543.0
0.9323278773931928,0.071493103,0.389802741,0.729394885,7983.0,1543.0
0.939996298970666,0.026706568,0.384785058,0.697631161,7983.0,1543.0
0.9364005645612858,0.000975296,0.3675363345,0.6704027385,7983.0,1543.0
0.8834113363989756,0.0,0.345597314,0.65506929,7983.0,1543.0
0.8274343410882039,0.0,0.324412106,0.643277917,7983.0,1543.0
0.789188410616028,0.0,0.270989553,0.640538405,7983.0,1543.0
0.7246299191170421,0.0,0.252263675,0.636250198,7983.0,1543.0
0.6829899033847762,0.0,0.2345109045,0.601077055,7983.0,1543.0
0.6694005445477758,0.0,0.2032992925,0.5561555965,7983.0,1543.0
0.6931076823961112,0.0,0.213648713,0.536354391,7983.0,1543.0
0.7470487556800315,0.0,0.235693568,0.52113685,7983.0,1543.0
0.8374942686129832,0.0,0.248295359,0.483964049,7983.0,1543.0
0.9001093628438607,0.0,0.269042752,0.461238227,7983.0,1543.0
0.9300567098019777,0.001934181,0.299864607,0.474955746,7983.0,1543.0
0.9241513183015712,0.110540593,0.326456749,0.50776911,7983.0,1543.0
0.9092917089163949,0.219122697,0.411896836,0.512892719,7983.0,1543.0
0.8986824380727934,0.316528624,0.488836563,0.513301347,7983.0,1543.0
0.8943498758581674,0.36616463,0.576492258,0.529205299,7983.0,1543.0
0.8930979805299524,0.377141306,0.655662109,0.621761006,7983.0,1543.0
0.8896680042289469,0.346691285,0.695163714,0.754982907,7983.0,1543.0
0.8910609346213042,0.285785653,0.711190377,0.748163093,7983.0,1543.0
0.9086547106142687,0.234120592,0.70191556,0.812174251,7983.0,1543.0
0.9276831843390777,0.141788983,0.683921636,0.828015993,7983.0,1543.0
0.9227110016480453,0.00147359,0.6477045555000001,0.8218891665,7983.0,1543.0
0.8801858888796481,0.0,0.632622846,0.80157606,7983.0,1543.0
0.824969882558673,0.0,0.625907179,0.80538986,7983.0,1543.0
0.7831356159835562,0.0,0.656855604,0.799508695,7983.0,1543.0
0.7049658285112282,0.0,0.6433310029999999,0.8091770855,7983.0,1543.0
0.6655326904817171,0.0,0.6278259125,0.8091826515,7983.0,1543.0
0.6753743231753245,0.0,0.6154917129999999,0.8003741515,7983.0,1543.0
0.742194195933615,0.0,0.603090304,0.791877609,7983.0,1543.0
0.8311240050679646,0.0,0.588700187,0.776756981,7983.0,1543.0
0.91046278554563,0.0020495185,0.57247421,0.765448154,7983.0,1543.0
0.9178423008729291,0.222565841,0.544389059,0.757568726,7983.0,1543.0
0.9088626107164685,0.393187418,0.451891702,0.702826546,7983.0,1543.0
0.9003197913958433,0.531855388,0.549474116,0.713595842,7983.0,1543.0
0.8927690394628003,0.5915060059999999,0.6320329060000001,0.745330718,7983.0,1543.0
0.8888886600191893,0.523676609,0.654455286,0.754083585,7983.0,1543.0
0.8912167659734568,0.423049138,0.628358344,0.720840141,7983.0,1543.0
0.9118993560618618,0.333073333,0.563213096,0.680989492,7983.0,1543.0
0.9311285189502089,0.200476197,0.509696565,0.661411256,7983.0,1543.0
0.9265397340206298,0.001404229,0.4541147485,0.5984064495,7983.0,1543.0
0.8810602864603656,0.0,0.418173678,0.484994284,7983.0,1543.0
0.829235860583865,0.0,0.396806679,0.417220755,7983.0,1543.0
0.794913434925393,0.0,0.335835116,0.411067247,7983.0,1543.0
0.7313438734798424,0.0,0.343731659,0.425448767,7983.0,1543.0
0.6924629581578905,0.0,0.312013259,0.386482134,7983.0,1543.0
0.6805707240207831,0.0,0.259394012,0.3325116415,7983.0,1543.0
0.7071313837815982,0.0,0.225802832,0.320656639,7983.0,1543.0
0.7743472500128757,0.0,0.20387287,0.288200419,7983.0,1543.0
0.8540235402833096,0.0,0.18365022,0.26117214,7983.0,1543.0
0.9238355817490997,0.0023674605,0.1614868385,0.2194020425,7983.0,1543.0
0.9407563516900947,0.247730158,0.144579988,0.176032496,7983.0,1543.0
0.928184391925622,0.411504166,0.116387308,0.166027713,7983.0,1543.0
0.9132892897068182,0.556573303,0.111848199,0.14299355,7983.0,1543.0
0.9062491103380773,0.664112847,0.10066311750000001,0.120597276,7983.0,1543.0
0.8983516710022855,0.641465553,0.089976234,0.139674594,7983.0,1543.0
0.9008003964861357,0.530870043,0.086758252,0.16165384,7983.0,1543.0
0.9224126369392671,0.369658856,0.087584642,0.201476552,7983.0,1543.0
0.9330003685289466,0.163454743,0.098133449,0.230211774,7983.0,1543.0
0.9268504602921329,0.0014842255,0.09787295,0.2944215555,7983.0,1543.0
0.8796245587336557,0.0,0.092258757,0.31966523,7983.0,1543.0
0.8258908236922542,0.0,0.094952634,0.308535121,7983.0,1543.0
0.7908929101506273,0.0,0.110403055,0.303769554,7983.0,1543.0
0.6990771297986031,0.0,0.122983931,0.30256838100000005,7983.0,1543.0
0.6561372469831055,0.0,0.1409998835,0.3221858575,7983.0,1543.0
0.6599829062922806,0.0,0.149747473,0.277588866,7983.0,1543.0
0.6789908943109827,0.0,0.156807244,0.18021959199999998,7983.0,1543.0
0.7446335096586758,0.0018854405,0.16950806499999999,0.209488794,7983.0,1543.0
0.7993050893797334,0.084354951,0.183977592,0.278064929,7983.0,1543.0
0.7980170454712779,0.165105567,0.150471629,0.381527158,7983.0,1543.0
0.7902470151683613,0.22320816,0.160918877,0.434654747,7983.0,1543.0
0.7885839552623769,0.274483215,0.2075490725,0.464896649,7983.0,1543.0
0.7886832696868465,0.257315534,0.258106448,0.487303898,7983.0,1543.0
0.7949603528889433,0.237130767,0.270905299,0.525808857,7983.0,1543.0
0.8249438482648664,0.164911557,0.270290585,0.539435722,7983.0,1543.0
0.8358348141763295,0.100992855,0.273159061,0.550039282,7983.0,1543.0
0.8325312636131483,0.001280898,0.2770129075,0.5489671469999999,7983.0,1543.0
0.7998319568493973,0.0,0.281831336,0.555682638,7983.0,1543.0
0.7804213028882121,0.0,0.284198466,0.547914246,7983.0,1543.0
0.7486250033922339,0.0,0.276584971,0.511363071,7983.0,1543.0
0.6939085190787593,0.0,0.28416031350000004,0.5002394135,7983.0,1543.0
0.6501777264180527,0.0,0.276781124,0.533339777,7983.0,1543.0
0.6456676532542575,0.0,0.255255601,0.537540229,7983.0,1543.0
0.6648599652783713,0.0,0.2289169825,0.47827989800000004,7983.0,1543.0
0.7023656029814995,0.0,0.1915324605,0.4479690765,7983.0,1543.0
0.7657434655869318,0.00361658,0.168722908,0.424045881,7983.0,1543.0
0.7955771231055045,0.130016473,0.153707851,0.394584399,7983.0,1543.0
0.7963204126219532,0.251270068,0.112825979,0.378402285,7983.0,1543.0
0.7895419343843176,0.34995557,0.117180211,0.347988004,7983.0,1543.0
0.787681556635317,0.3625477415,0.121397169,0.3444615665,7983.0,1543.0
0.7866713216392027,0.322688598,0.127136737,0.340358596,7983.0,1543.0
0.7923440899119601,0.300166712,0.12885178,0.357315717,7983.0,1543.0
0.822476954847616,0.21584199,0.119919746,0.365908985,7983.0,1543.0
0.8355452525856278,0.134400211,0.119143274,0.35022557,7983.0,1543.0
0.8398590849259551,0.0011088865,0.120989814,0.2977386395,7983.0,1543.0
0.8058256590797206,0.0,0.127605352,0.276231121,7983.0,1543.0
0.7818273439895358,0.0,0.132501733,0.260453056,7983.0,1543.0
0.7554660389146031,0.0,0.124207931,0.30224738,7983.0,1543.0
0.7227943349086894,0.0,0.1365726345,0.315164667,7983.0,1543.0
0.6863583758676463,0.0,0.13798792450000003,0.341463138,7983.0,1543.0
0.6871592125502943,0.0,0.13942092,0.352603616,7983.0,1543.0
0.7127588261077862,0.0,0.142816698,0.354661412,7983.0,1543.0
0.777753907756418,0.0,0.147737503,0.397562049,7983.0,1543.0
0.8565663827053178,0.0,0.147674149,0.438420945,7983.0,1543.0
0.9244402712515599,0.002081472,0.14960298249999998,0.49362940899999996,7983.0,1543.0
0.9397386714440756,0.260292201,0.1386421,0.503346944,7983.0,1543.0
0.9325059973079434,0.454895351,0.099849927,0.471873939,7983.0,1543.0
0.918526404425166,0.606093174,0.10367687,0.462325225,7983.0,1543.0
0.9070512580266484,0.709073751,0.1311221405,0.4777905395,7983.0,1543.0
0.8974402821330228,0.642784288,0.157753337,0.489455592,7983.0,1543.0
0.8985342859569206,0.502443464,0.169863117,0.503076988,7983.0,1543.0
0.9160338512872297,0.35639998,0.19311305,0.541407122,7983.0,1543.0
0.9330990742314863,0.194846323,0.216027109,0.559511938,7983.0,1543.0
0.9335778062937404,0.001970677,0.266385082,0.595601206,7983.0,1543.0
0.8838344411041001,0.0,0.287438859,0.62921103,7983.0,1543.0
0.8292857752948161,0.0,0.283176345,0.6353329,7983.0,1543.0
0.7935885871773871,0.0,0.287842959,0.607748314,7983.0,1543.0
0.7292593008044972,0.0,0.292926159,0.607190428,7983.0,1543.0
0.6864267393606213,0.0,0.300481252,0.584560392,7983.0,1543.0
0.6709536141268269,0.0,0.30836878749999996,0.564655075,7983.0,1543.0
0.6955381463844978,0.0,0.313853943,0.559219742,7983.0,1543.0
0.7498664569667942,0.0,0.320125736,0.553741779,7983.0,1543.0
0.8380787300298781,0.0,0.314640513,0.552907441,7983.0,1543.0
0.9138029057995529,0.0026800125,0.3138176155,0.5545644035,7983.0,1543.0
0.9137293449014833,0.211482053,0.303210663,0.549515616,7983.0,1543.0
0.9032295493061653,0.352144694,0.227725507,0.514082156,7983.0,1543.0
0.8874456276293203,0.437683776,0.221983909,0.501330009,7983.0,1543.0
0.8786156816057132,0.501396762,0.235288575,0.50779027,7983.0,1543.0
0.8696210075498136,0.5357733925,0.271052935,0.528751938,7983.0,1543.0
0.8667190224378347,0.461207404,0.297030005,0.543759864,7983.0,1543.0
0.8730979953764325,0.356634488,0.310308654,0.565330199,7983.0,1543.0
0.8904353614491005,0.194214563,0.340430417,0.584620373,7983.0,1543.0
0.897898973233838,0.0017196095,0.387064699,0.6157382425,7983.0,1543.0
0.8702017229106319,0.0,0.413975362,0.627431604,7983.0,1543.0
0.8181496371439845,0.0,0.422568595,0.632695168,7983.0,1543.0
0.7782089934691195,0.0,0.399344244,0.640381107,7983.0,1543.0
0.7151597909197813,0.0,0.405135805,0.671228039,7983.0,1543.0
0.6706879094003197,0.0,0.42008158549999997,0.700737937,7983.0,1543.0
0.6561232231506358,0.0,0.4323205485,0.7383530205,7983.0,1543.0
0.6803858849367218,0.0,0.426353259,0.758989231,7983.0,1543.0
0.7362579937635916,0.0,0.429280707,0.750696524,7983.0,1543.0
0.8248859733065778,0.0,0.419166879,0.74155186,7983.0,1543.0
0.8948770243388892,0.002736789,0.4037166955,0.7456760005,7983.0,1543.0
0.9052505813205092,0.227343563,0.384268791,0.742558602,7983.0,1543.0
0.8866391252439596,0.391724736,0.282627725,0.644660695,7983.0,1543.0
0.8770409791294599,0.54319958,0.305616434,0.623004462,7983.0,1543.0
0.8692278235376671,0.6584484075,0.3010791485,0.5649584725,7983.0,1543.0
0.8667909447003261,0.693060028,0.291380893,0.550319806,7983.0,1543.0
0.8679838415133241,0.622849734,0.284319089,0.566539095,7983.0,1543.0
0.8754860366035875,0.501796091,0.260846655,0.576287617,7983.0,1543.0
0.8956848377301729,0.300170623,0.263754538,0.596507258,7983.0,1543.0
0.9077649545609912,0.002486082,0.282709353,0.5974975874999999,7983.0,1543.0
0.8768047971322942,0.0,0.278131684,0.556823871,7983.0,1543.0
0.8212357353406478,0.0,0.274199619,0.552919063,7983.0,1543.0
0.7808850510510271,0.0,0.252539748,0.528524129,7983.0,1543.0
0.7188663584456169,0.0,0.232708896,0.552514586,7983.0,1543.0
0.6780154497832859,0.0,0.2179210865,0.5690517055,7983.0,1543.0
0.6709373192214647,0.0,0.200897236,0.497283676,7983.0,1543.0
0.6980547672261391,0.0,0.180020449,0.482213666,7983.0,1543.0
0.7563380016076009,0.0,0.167076613,0.500770211,7983.0,1543.0
0.8411513429444542,0.0,0.157408519,0.512961211,7983.0,1543.0
0.9017754663594947,0.0,0.148185285,0.50576082,7983.0,1543.0
0.9327507012496937,0.005854095,0.13840123,0.498000472,7983.0,1543.0
0.9265726983232575,0.332073879,0.117892706,0.501251288,7983.0,1543.0
0.914822037557024,0.548223321,0.082790308,0.507180199,7983.0,1543.0
0.9041590123843312,0.718464469,0.056605709,0.457481926,7983.0,1543.0
0.8831946333411334,0.831368982,0.060227207000000005,0.44719044750000003,7983.0,1543.0
0.8721416551337211,0.801860602,0.066757741,0.47233023,7983.0,1543.0
0.8705500023303614,0.701486783,0.070607071,0.491408156,7983.0,1543.0
0.8756336268597789,0.534991105,0.070059778,0.492727501,7983.0,1543.0
0.8899043735126728,0.295937444,0.081310767,0.505296665,7983.0,1543.0
0.9073711151271002,0.002495019,0.097440429,0.521506297,7983.0,1543.0
0.8769035028348339,0.0,0.110750543,0.521287796,7983.0,1543.0
0.8228867615572137,0.0,0.123104763,0.515601459,7983.0,1543.0
0.791796151485992,0.0,0.138400337,0.524592733,7983.0,1543.0
0.7129738903676162,0.0,0.144276076,0.468134598,7983.0,1543.0
0.6738667979355407,0.0,0.13979412833333335,0.43163832766666665,7983.0,1543.0
0.6995703773002439,0.0,0.141153242,0.40436895,7983.0,1543.0
0.7565324630463109,0.0,0.149986375,0.350527833,7983.0,1543.0
0.8429195234831496,0.0,0.163951524,0.335891795,7983.0,1543.0
0.917830220240045,0.0019153625,0.179103537,0.3939593235,7983.0,1543.0
0.9282465746372346,0.217287991,0.179063724,0.417554254,7983.0,1543.0
0.9071336689050432,0.400023514,0.120104694,0.312899004,7983.0,1543.0
0.8894225509785206,0.538814813,0.11467478,0.350395815,7983.0,1543.0
0.8785335516571591,0.637724518,0.155336366,0.41453479,7983.0,1543.0
0.8710004524976496,0.678520885,0.183725137,0.450695378,7983.0,1543.0
0.8669101594994887,0.657936408,0.200263559,0.47745813,7983.0,1543.0
0.8658883587867059,0.584065326,0.220439643,0.494397707,7983.0,1543.0
0.8740200602293762,0.470855864,0.224287588,0.488128173,7983.0,1543.0
0.8916378103639825,0.293844339,0.248111779,0.503526964,7983.0,1543.0
0.9010258088563403,0.0030081,0.2719461895,0.506860111,7983.0,1543.0
0.8735621182748026,0.0,0.266547059,0.479321396,7983.0,1543.0
0.8195641066278299,0.0,0.247914308,0.476732814,7983.0,1543.0
0.7809867535009677,0.0,0.209990771,0.5046804,7983.0,1543.0
0.7080464249824405,0.0,0.204689289,0.510281137,7983.0,1543.0
0.6674126408133213,0.0,0.20282271899999998,0.462765055,7983.0,1543.0
0.6531584699956299,0.0,0.207403791,0.44804999,7983.0,1543.0
0.6565724791833628,0.0,0.217998419,0.479511876,7983.0,1543.0
0.6794989852065335,0.0,0.2374490545,0.49534142800000003,7983.0,1543.0
0.7444115623334903,0.003509017,0.263497942,0.5006777955,7983.0,1543.0
0.7951521453723416,0.264360752,0.263065352,0.50182989,7983.0,1543.0
0.7879524354576198,0.461489182,0.209471397,0.464749678,7983.0,1543.0
0.7788711831943134,0.607815168,0.228250548,0.476900193,7983.0,1543.0
0.7652189392804902,0.697523125,0.276271157,0.498920916,7983.0,1543.0
0.755912321671662,0.728983885,0.318650573,0.512996818,7983.0,1543.0
0.7464638261279525,0.709621974,0.357193363,0.527962473,7983.0,1543.0
0.7469489262581293,0.628403115,0.385599707,0.542285576,7983.0,1543.0
0.7638612208731369,0.472767664,0.398866538,0.55745552,7983.0,1543.0
0.7885014040408874,0.281096389,0.435977671,0.576751454,7983.0,1543.0
0.8061941198039836,0.0033465275,0.486924809,0.605267867,7983.0,1543.0
0.7855488954960275,0.0,0.4884983465,0.6438492705000001,7983.0,1543.0
0.7527659134665563,0.0,0.429658301,0.643762951,7983.0,1543.0
0.6993651930968214,0.0,0.446102578,0.674901413,7983.0,1543.0
0.6498149782587511,0.0,0.44422073100000004,0.7052227115,7983.0,1543.0
0.6277965132560542,0.0,0.4301804745,0.7147180799999999,7983.0,1543.0
0.6459983735437336,0.0,0.405974236,0.6885788159999999,7983.0,1543.0
0.6701273284005692,0.0,0.386793466,0.641874993,7983.0,1543.0
0.7065909373053496,0.0,0.36774477,0.613168018,7983.0,1543.0
0.7474374914333252,0.006728033,0.350010318,0.597970633,7983.0,1543.0
0.7730471255527535,0.216856359,0.321183111,0.592221966,7983.0,1543.0
0.7624362159111395,0.352855381,0.253729121,0.543597789,7983.0,1543.0
0.7553995482872322,0.485585354,0.267178312,0.550776894,7983.0,1543.0
0.7458837661888785,0.589148929,0.281355478,0.537067596,7983.0,1543.0
0.7362213772106013,0.623296382,0.301912715,0.521509722,7983.0,1543.0
0.7283138238320271,0.600702052,0.30774837,0.508757095,7983.0,1543.0
0.728898893889635,0.536793022,0.297614318,0.508070389,7983.0,1543.0
0.7436790892250343,0.418992108,0.277293664,0.50662071,7983.0,1543.0
0.7623659793901261,0.261518881,0.276894887,0.501762517,7983.0,1543.0
0.7740540360905945,0.006456474,0.292963051,0.504236761,7983.0,1543.0
0.777432880074355,0.0,0.294832109,0.525516407,7983.0,1543.0
0.7791360216595656,0.0,0.289809943,0.553085608,7983.0,1543.0
0.7762714493527185,0.0,0.276490949,0.556396978,7983.0,1543.0
0.7338772807525454,0.0,0.2373041985,0.5218856814999999,7983.0,1543.0
0.6702206961924856,0.0,0.22416402200000002,0.5345910359999999,7983.0,1543.0
0.6566453847409051,0.0,0.228386694,0.5111191265,7983.0,1543.0
0.6831806422391421,0.0,0.230494485,0.489956564,7983.0,1543.0
0.7401121986515182,0.0,0.225503648,0.487818016,7983.0,1543.0
0.8276561947701091,0.0,0.223686307,0.481493538,7983.0,1543.0
0.9017485892761662,0.004282397,0.21340766249999998,0.46725839550000003,7983.0,1543.0
0.9085269738705215,0.218529411,0.193563114,0.471808651,7983.0,1543.0
0.8895126410119782,0.357508058,0.14072338,0.435199138,7983.0,1543.0
0.8793067150855542,0.494766984,0.132941135,0.432097229,7983.0,1543.0
0.8714241190624554,0.592773612,0.134965487,0.432426765,7983.0,1543.0
0.8668531274119389,0.674394578,0.141820715,0.431329666,7983.0,1543.0
0.8589489922161351,0.6497746959999999,0.14966606300000002,0.440529364,7983.0,1543.0
0.863829960910696,0.502392323,0.153665214,0.442680845,7983.0,1543.0
0.8753395700667587,0.309745873,0.177685672,0.437475806,7983.0,1543.0
0.885865306231386,0.008413096,0.203659946,0.441969099,7983.0,1543.0
0.8906198492693398,0.0,0.215762371,0.442860408,7983.0,1543.0
0.875870839014244,0.0,0.218939662,0.416304475,7983.0,1543.0
0.8200252326163648,0.0,0.213879544,0.36783087,7983.0,1543.0
0.7784518245452656,0.0,0.199185601,0.328873053,7983.0,1543.0
0.7180828000445987,0.0,0.192767306,0.316957864,7983.0,1543.0
0.6769044019077843,0.0,0.17579345200000002,0.3172861225,7983.0,1543.0
0.667861592444475,0.0,0.1597830975,0.2932567505,7983.0,1543.0
0.6949570096695271,0.0,0.14952512,0.258147215,7983.0,1543.0
0.7491139899215823,0.0,0.137779613,0.216002401,7983.0,1543.0
0.8379456552130735,0.0,0.127961373,0.195330652,7983.0,1543.0
0.9005621541743714,0.0,0.119038112,0.190864841,7983.0,1543.0
0.9303847611361422,0.008650949,0.111624752,0.186270747,7983.0,1543.0
0.9205411619336502,0.210525624,0.094943819,0.170634864,7983.0,1543.0
0.8950194639710176,0.354897222,0.061640966,0.121820714,7983.0,1543.0
0.8855321042731586,0.495304691,0.055607439,0.119884347,7983.0,1543.0
0.8799803299406705,0.628589081,0.052613282,0.11654926,7983.0,1543.0
0.8740550849278197,0.683004215,0.050437892,0.11496269,7983.0,1543.0
0.8689690255106826,0.717077611,0.048420973,0.114488913,7983.0,1543.0
0.8691111841317533,0.657908916,0.046902846,0.116604589,7983.0,1543.0
0.8757755983567234,0.522229111,0.047244534,0.113980044,7983.0,1543.0
0.8968097456233166,0.319107855,0.055352458,0.110714019,7983.0,1543.0
0.9014613687674697,0.0047692415,0.06131189150000001,0.118386222,7983.0,1543.0
0.8764292659748983,0.0,0.051577576,0.124430725,7983.0,1543.0
0.8212357353406478,0.0,0.044204703,0.124848177,7983.0,1543.0
0.7835877517298883,0.0,0.044821593,0.117871082,7983.0,1543.0
0.7096602960144168,0.0,0.044757925000000004,0.12323070950000001,7983.0,1543.0
0.67579204302636,0.0,0.044284681,0.132617006,7983.0,1543.0
0.6764139403952514,0.0,0.0493521605,0.142753289,7983.0,1543.0
0.7033121100300519,0.0,0.057661458,0.158203893,7983.0,1543.0
0.7647775262988706,0.0,0.06541477,0.181193491,7983.0,1543.0
0.8525222583620311,0.0,0.071028141,0.20676237,7983.0,1543.0
0.9217530226073218,0.0048275505,0.08310411000000001,0.24349806550000003,7983.0,1543.0
0.9322114722173049,0.24370186,0.093066984,0.281468413,7983.0,1543.0
0.9129930790371361,0.42074379,0.07598016,0.327411679,7983.0,1543.0
0.9051116067333999,0.581938359,0.072346444,0.309127748,7983.0,1543.0
0.8934639594230298,0.704284726,0.081610706,0.298044523,7983.0,1543.0
0.8873613438041043,0.779526944,0.092341717,0.289166661,7983.0,1543.0
0.88198778294843,0.761631278,0.0986808,0.290601609,7983.0,1543.0
0.8812418712577013,0.65956563,0.100190163,0.302442607,7983.0,1543.0
0.89081641780368,0.496937399,0.100615703,0.320819383,7983.0,1543.0
0.9108176202386257,0.270425064,0.114300509,0.355499865,7983.0,1543.0
0.9195548072734635,0.0044085885,0.123104246,0.38888958650000005,7983.0,1543.0
0.875870839014244,0.0,0.126287448,0.359633968,7983.0,1543.0
0.8198954355580188,0.0,0.126512806,0.337458602,7983.0,1543.0
0.776809507722279,0.0,0.111984276,0.338979503,7983.0,1543.0
0.7172804650694671,0.0,0.11751286,0.304663962,7983.0,1543.0
0.6856396691335523,0.0,0.122556103,0.280657229,7983.0,1543.0
0.6621786164856548,0.0,0.1308043475,0.25034247049999997,7983.0,1543.0
0.6611145802982008,0.0,0.145853996,0.230862266,7983.0,1543.0
0.683824523687841,0.0,0.162147315,0.213618189,7983.0,1543.0
0.7412401968541261,0.0,0.178436561,0.213142532,7983.0,1543.0
0.8300713002859359,0.0,0.193372258,0.241751225,7983.0,1543.0
0.9084141739203133,0.003148889,0.215052213,0.28802399850000004,7983.0,1543.0
0.9159580895690326,0.100482808,0.223418412,0.363980545,7983.0,1543.0
0.9071336689050432,0.193617312,0.199549893,0.38756508,7983.0,1543.0
0.8982973548135132,0.270672417,0.250282814,0.440373017,7983.0,1543.0
0.8916387467967847,0.324088285,0.313713522,0.537252274,7983.0,1543.0
0.8909975344658317,0.329994974,0.349007457,0.637139528,7983.0,1543.0
0.8933421226120215,0.325518138,0.373514264,0.686809179,7983.0,1543.0
0.8987030407314792,0.305307761,0.393115631,0.721637135,7983.0,1543.0
0.9184345350881672,0.244115474,0.412401802,0.73849954,7983.0,1543.0
0.9285808067527613,0.140983096,0.425324111,0.776633763,7983.0,1543.0
0.9234659973054743,0.003728116,0.4195366035,0.753070005,7983.0,1543.0
0.8770222493363782,0.0,0.424675991,0.730822719,7983.0,1543.0
0.8213829511861523,0.0,0.430238145,0.73111841,7983.0,1543.0
0.7784518245452656,0.0,0.449400228,0.744893381,7983.0,1543.0
0.7175005394478312,0.0,0.480977392,0.74699235,7983.0,1543.0
0.67481900991465,0.0,0.5197305505,0.7603937709999999,7983.0,1543.0
0.6615027774198948,0.0,0.5529953515,0.794478495,7983.0,1543.0
0.685238197244413,0.0,0.573207579,0.841853284,7983.0,1543.0
0.7412633281250289,0.0,0.58377459,0.856587492,7983.0,1543.0
0.8300255997662456,0.0,0.569109448,0.838351102,7983.0,1543.0
0.9094714206044751,0.002927065,0.5574728055,0.8177692365,7983.0,1543.0
0.9254409540645729,0.220154347,0.541011544,0.787259782,7983.0,1543.0
0.9156624407590316,0.361831963,0.437546816,0.726829087,7983.0,1543.0
0.9112307045442479,0.507726747,0.536335771,0.703334651,7983.0,1543.0
0.9092551859254681,0.567002852,0.590903357,0.690786721,7983.0,1543.0
0.9094858425630157,0.570757395,0.617144885,0.724059489,7983.0,1543.0
0.9101618923058519,0.554710741,0.651873865,0.763572501,7983.0,1543.0
0.9154311285373053,0.480632514,0.684984353,0.740750792,7983.0,1543.0
0.932929102013068,0.379297952,0.678178952,0.712908902,7983.0,1543.0
0.9378337639194301,0.253569771,0.63026571,0.701003027,7983.0,1543.0
0.9346984531333746,0.0059289125,0.597287591,0.6776655025,7983.0,1543.0
0.8823750202468061,0.0,0.585130088,0.655296425,7983.0,1543.0
0.8267079083367984,0.0,0.571534278,0.686011702,7983.0,1543.0
0.7867923157419063,0.0,0.536254539,0.590673355,7983.0,1543.0
0.7090649479367646,0.0,0.52542506,0.582595556,7983.0,1543.0
0.6656058067163355,0.0,0.50751491,0.5765936295,7983.0,1543.0
0.6483357272795287,0.0,0.4872335385,0.54091309,7983.0,1543.0
0.6652839596352664,0.0,0.47367217,0.5009372725,7983.0,1543.0
0.6846288254155082,0.0,0.470032833,0.50908932,7983.0,1543.0
0.7182365710821523,0.0,0.459330271,0.474222952,7983.0,1543.0
0.7635974593462156,0.010956832,0.4581541,0.478489667,7983.0,1543.0
0.7921727128006875,0.270912301,0.434045347,0.444881262,7983.0,1543.0
0.7894166323658559,0.431824504,0.355515843,0.341305705,7983.0,1543.0
0.7862347314895568,0.545168666,0.416137128,0.309507859,7983.0,1543.0
0.7795805251130835,0.607234626,0.472438831,0.314520307,7983.0,1543.0
0.7760890216846438,0.61245794,0.484546968,0.341114614,7983.0,1543.0
0.7717110399613855,0.543285996,0.503389359,0.357362533,7983.0,1543.0
0.7753759806532625,0.459337458,0.501105389,0.380109092,7983.0,1543.0
0.8031740905556704,0.364847031,0.457411016,0.409152926,7983.0,1543.0
0.8293706209797135,0.229824872,0.409929538,0.417522091,7983.0,1543.0
0.8328846938193748,0.012934595,0.408269363,0.435858571,7983.0,1543.0
0.8247977563011585,0.0,0.425728225,0.461307031,7983.0,1543.0
0.7885105113168862,0.0,0.436176792,0.4645094965,7983.0,1543.0
0.7486474321354925,0.0,0.427412328,0.436248407,7983.0,1543.0
0.6908697601997986,0.0,0.4364633785,0.390818565,7983.0,1543.0
0.6494886829188291,0.0,0.4376582365,0.377549345,7983.0,1543.0
0.6491281121079223,0.0,0.454663629,0.4010042365,7983.0,1543.0
0.675172744360016,0.0,0.475355979,0.446246009,7983.0,1543.0
0.7356452271424319,0.004427368,0.501140715,0.4652871945,7983.0,1543.0
0.781114022109531,0.271192335,0.498459444,0.484251475,7983.0,1543.0
0.7803844053241642,0.454033883,0.386316865,0.459597106,7983.0,1543.0
0.7700723285265125,0.584997672,0.422583037,0.465192544,7983.0,1543.0
0.7593693154803077,0.68097659,0.477041525,0.503698501,7983.0,1543.0
0.7519562739906998,0.706782882,0.522015896,0.563342392,7983.0,1543.0
0.746876254849396,0.685156561,0.551901827,0.590217939,7983.0,1543.0
0.7484737138609974,0.620863511,0.560701676,0.602217591,7983.0,1543.0
0.7654629878004962,0.487715719,0.525299434,0.6229283,7983.0,1543.0
0.7861464207596403,0.311625809,0.499669169,0.646289228,7983.0,1543.0
0.798899309656053,0.008076932,0.485569202,0.644831403,7983.0,1543.0
0.7917614079610403,0.0,0.461899076,0.590742615,7983.0,1543.0
0.7782367602854356,0.0,0.443221502,0.53354326,7983.0,1543.0
0.7519640467890429,0.0,0.443466176,0.476673534,7983.0,1543.0
0.7008292027997142,0.0,0.4093187405,0.4293536575,7983.0,1543.0
0.6654534168562521,0.0,0.394804793,0.396745799,7983.0,1543.0
0.6708001473284124,0.0,0.379361823,0.381308758,7983.0,1543.0
0.695627112698593,0.0,0.369982571,0.366747649,7983.0,1543.0
0.7527933526532171,0.0,0.362359304,0.356139041,7983.0,1543.0
0.8416623838063744,0.0,0.354544113,0.346179835,7983.0,1543.0
0.9163989406909708,0.006548487,0.340068364,0.334783449,7983.0,1543.0
0.9178423008729291,0.322408137,0.317650836,0.320897064,7983.0,1543.0
0.8983874448469709,0.538051419,0.252722833,0.299721027,7983.0,1543.0
0.8865772233809706,0.70244344,0.241545131,0.283359235,7983.0,1543.0
0.8737985812018089,0.8250155400000001,0.240348827,0.2909337735,7983.0,1543.0
0.8656596687392597,0.831913681,0.248728718,0.317558985,7983.0,1543.0
0.8622127421111478,0.740298796,0.256508391,0.337797001,7983.0,1543.0
0.8687954945227477,0.595546567,0.251964754,0.363568744,7983.0,1543.0
0.8834142395843134,0.384338253,0.249782109,0.381576117,7983.0,1543.0
0.8955701181333289,0.0090859555,0.2714152005,0.4007446775,7983.0,1543.0
0.875870839014244,0.0,0.265542404,0.387725392,7983.0,1543.0
0.8199820607088915,0.0,0.255532267,0.375242537,7983.0,1543.0
0.7784518245452656,0.0,0.238292927,0.346413089,7983.0,1543.0
0.7196372274918212,0.0,0.212883969,0.370603776,7983.0,1543.0
0.6903495885901467,0.0,0.201491755,0.396014821,7983.0,1543.0
0.6732697330102733,0.0,0.1951228865,0.402982242,7983.0,1543.0
0.6887905956878411,0.0,0.1905758185,0.39198248300000005,7983.0,1543.0
0.7642950951240054,0.0,0.185292355,0.385259416,7983.0,1543.0
0.8503042832402258,0.0,0.186550818,0.392986297,7983.0,1543.0
0.9209475035170118,0.00744692,0.186134552,0.4035674855,7983.0,1543.0
0.9282465746372346,0.324329673,0.171408146,0.410789824,7983.0,1543.0
0.9072524154065876,0.533570672,0.112968012,0.392126739,7983.0,1543.0
0.8920493962146872,0.705953358,0.11143344,0.394056015,7983.0,1543.0
0.8782836033668484,0.820112437,0.1143396245,0.389052313,7983.0,1543.0
0.8702694309818626,0.802285241,0.109403294,0.353732154,7983.0,1543.0
0.8691111841317533,0.701826989,0.109905576,0.361035472,7983.0,1543.0
0.8754860366035875,0.554359988,0.113564011,0.380811105,7983.0,1543.0
0.8931733676750288,0.348888771,0.118519201,0.389011334,7983.0,1543.0
0.9073098220672582,0.016751425,0.142544762,0.387195271,7983.0,1543.0
0.9014882459320153,0.0,0.15208495,0.368806138,7983.0,1543.0
0.8755791233844461,0.0,0.153866447,0.349544577,7983.0,1543.0
0.820750635372905,0.0,0.153328072,0.331374941,7983.0,1543.0
0.7825527935271075,0.0,0.138563147,0.285662158,7983.0,1543.0
0.7105241581981995,0.0,0.13522129700000002,0.273919471,7983.0,1543.0
0.6754916648652315,0.0,0.1233307595,0.25810727749999995,7983.0,1543.0
0.6780048675241023,0.0,0.113540856,0.245565924,7983.0,1543.0
0.7035824736924879,0.0,0.107491571,0.234476909,7983.0,1543.0
0.7661499008135737,0.0,0.100985563,0.220308009,7983.0,1543.0
0.8517711960472393,0.0,0.101207462,0.214260226,7983.0,1543.0
0.9042697052389088,0.0,0.100146796,0.215822464,7983.0,1543.0
0.938330101892969,0.016806948,0.100948127,0.220083849,7983.0,1543.0
0.9318792066918797,0.327424697,0.089496864,0.210819876,7983.0,1543.0
0.9102413063556286,0.551214847,0.052746823,0.199212018,7983.0,1543.0
0.8982324562031232,0.706927554,0.045444999,0.204521483,7983.0,1543.0
0.8817177937778977,0.8425211615,0.050415768,0.2529859705,7983.0,1543.0
0.8709527853878577,0.833158362,0.065148837,0.310577716,7983.0,1543.0
0.8709736688951673,0.748384916,0.079285595,0.346192204,7983.0,1543.0
0.8781261799977151,0.588585581,0.087242451,0.412293764,7983.0,1543.0
0.8966183277130392,0.360135948,0.102611741,0.460200795,7983.0,1543.0
0.9116210322333053,0.012219413,0.1046255015,0.47568460749999997,7983.0,1543.0
0.8797017251822734,0.0,0.110516041,0.494795435,7983.0,1543.0
0.8288785909219326,0.0,0.10736785,0.521890611,7983.0,1543.0
0.7627305536340003,0.0,0.11119105500000001,0.487806397,7983.0,1543.0
0.696523026142717,0.0,0.11612390650000001,0.4839583555,7398.0,1430.0
0.6840657392752736,0.0,0.13714691950000002,0.5317000515000001,7398.0,1430.0
0.7060381292663763,0.0,0.161450581,0.551128593,7398.0,1430.0
0.7772158493868575,0.0,0.19143545,0.563357345,7398.0,1430.0
0.8721630071010829,0.0,0.21412529,0.570717663,7398.0,1430.0
0.9563399588577395,0.0067817645,0.2500288855,0.602420059,7398.0,1430.0
0.9632679940228851,0.184994685,0.27077439,0.620491311,7398.0,1430.0
0.9476404655578741,0.334241359,0.207348865,0.559998568,7398.0,1430.0
0.9350269259029086,0.418333875,0.298363184,0.575110595,7398.0,1430.0
0.9239100792424058,0.49284088049999997,0.42481495550000004,0.6113741005,7398.0,1430.0
0.9214946927155211,0.437513303,0.508897718,0.671711028,7398.0,1430.0
0.9321002175030461,0.378006215,0.543092775,0.699435001,7398.0,1430.0
0.9531048655932477,0.311126769,0.543302304,0.728696383,7398.0,1430.0
0.9628297182941953,0.223414623,0.5431999,0.737010095,7398.0,1430.0
0.96674259390525,0.0123356485,0.548922179,0.7790760775,7398.0,1430.0
0.9011476457485658,0.0,0.550710476,0.776317347,7398.0,1430.0
0.8491533410532757,0.0,0.551454263,0.753070323,7398.0,1430.0
0.8069015886947153,0.0,0.547607846,0.771434791,7398.0,1430.0
0.7365733557429419,0.0,0.517993334,0.720867142,7398.0,1430.0
0.6958724019717575,0.0,0.49646650849999996,0.7429503584999999,7398.0,1430.0
0.6828861874824852,0.0,0.5021115165,0.707206935,7398.0,1430.0
0.7061911511576883,0.0,0.525506328,0.655969561,7398.0,1430.0
0.7778785072472354,0.0,0.544556986,0.64492327,7398.0,1430.0
0.8780919046079474,0.0,0.548735464,0.664311358,7398.0,1430.0
0.9513087775702731,0.0,0.539352591,0.695303057,7398.0,1430.0
0.9751533216229041,0.010606499,0.534521242,0.681436203,7398.0,1430.0
0.9668816152733909,0.275614962,0.499078747,0.630647754,7398.0,1430.0
0.9570946735853278,0.460521634,0.475695034,0.5710876,7398.0,1430.0
0.9452904457765636,0.600705141,0.541265314,0.574679027,7398.0,1430.0
0.9387272658663501,0.699629439,0.583097874,0.585204731,7398.0,1430.0
0.9351290964880332,0.709155221,0.610763952,0.561133253,7398.0,1430.0
0.9288991186984811,0.686120566,0.62386632,0.562108972,7398.0,1430.0
0.9321182917119492,0.621703443,0.624159322,0.581854833,7398.0,1430.0
0.9538860826686094,0.518028556,0.606633704,0.602903955,7398.0,1430.0
0.9663401386398429,0.356866341,0.53650838,0.626514835,7398.0,1430.0
0.9787878265431535,0.035983907,0.50484437,0.624179932,7398.0,1430.0
0.9636401538597591,0.0,0.488821519,0.617870199,7398.0,1430.0
0.9023456931856266,0.0,0.470427601,0.621580526,7398.0,1430.0
0.8533048803302473,0.0,0.444743015,0.614704604,7398.0,1430.0
0.8141894220527931,0.0,0.372527535,0.602413888,7398.0,1430.0
0.7327200406692198,0.0,0.369531727,0.59785796,7398.0,1430.0
0.6863707842926197,0.0,0.36038218,0.6312786515,7398.0,1430.0
0.6683703623147201,0.0,0.3537104255,0.6118054125,7398.0,1430.0
0.6744227589023382,0.0,0.3364227405,0.5952704595,7398.0,1430.0
0.6980717177156796,0.0,0.326820151,0.600460256,7398.0,1430.0
0.7470956736435815,0.0,0.328700128,0.607097012,7398.0,1430.0
0.7953675372618266,0.03085981,0.318066658,0.602240428,7398.0,1430.0
0.8165293277101039,0.32910978,0.278605104,0.58289712,7398.0,1430.0
0.809358274263469,0.50881817,0.276525823,0.532560062,7398.0,1430.0
0.8022871441256677,0.625674136,0.317680795,0.536761822,7398.0,1430.0
0.7975753984220664,0.66252507,0.345224635,0.542362117,7398.0,1430.0
0.78861172215991,0.653973961,0.368151616,0.551218986,7398.0,1430.0
0.7805685185712826,0.600650841,0.384551922,0.539256708,7398.0,1430.0
0.7850462361543802,0.514170854,0.408001431,0.550632127,7398.0,1430.0
0.8109522683924852,0.382081576,0.413352727,0.581281724,7398.0,1430.0
0.8387736968523564,0.226728244,0.409299949,0.610595454,7398.0,1430.0
0.8431963491004398,0.017966065,0.413165938,0.669685038,7398.0,1430.0
0.8200410125242941,0.0,0.4204802245,0.724657917,7398.0,1430.0
0.7857121719356508,0.0,0.426891157,0.708487174,7398.0,1430.0
0.7559661695628161,0.0,0.433959413,0.660182403,7398.0,1430.0
0.7162742101158045,0.0,0.421984828,0.662900372,7398.0,1430.0
0.6732241729961119,0.0,0.40415766200000003,0.694001323,7398.0,1430.0
0.6545890705700097,0.0,0.375931824,0.6305322375,7398.0,1430.0
0.6669023959598914,0.0,0.3252152445,0.547681681,7398.0,1430.0
0.6905398827810616,0.0,0.29409744,0.523578532,7398.0,1430.0
0.7371265852985017,0.0,0.274789454,0.521946644,7398.0,1430.0
0.7860933220147277,0.008226366,0.264464833,0.506957316,7398.0,1430.0
0.8129568182149067,0.135507481,0.259032143,0.480357889,7398.0,1430.0
0.8130470018104275,0.262069793,0.285707981,0.482579298,7398.0,1430.0
0.8097497257531059,0.364855073,0.326561216,0.455448018,7398.0,1430.0
0.808706994670765,0.4153052395,0.335445063,0.436383401,7398.0,1430.0
0.8105492982108626,0.415201989,0.324214904,0.393214211,7398.0,1430.0
0.8232732495469139,0.37388989,0.329508245,0.37653982,7398.0,1430.0
0.8584622064256974,0.305970797,0.323893695,0.393002586,7398.0,1430.0
0.8695286699151968,0.172401135,0.294528381,0.41682643,7398.0,1430.0
0.8632342617316557,0.0160618405,0.2657114395,0.4611478455,7398.0,1430.0
0.805855907646005,0.0,0.241169183,0.510846438,7398.0,1430.0
0.76482477205451,0.0,0.243794887,0.526899311,7398.0,1430.0
0.7238015966291356,0.0,0.25327614049999997,0.48705911,7398.0,1430.0
0.6841772280571246,0.0,0.2592953225,0.521418402,7398.0,1430.0
0.6827569756743362,0.0,0.260219236,0.594713315,7398.0,1430.0
0.7060381292663763,0.0,0.263193296,0.616717537,7398.0,1430.0
0.7780868288660219,0.0,0.279364389,0.630562012,7398.0,1430.0
0.87635172495316,0.0,0.28791215,0.635765481,7398.0,1430.0
0.94991462989649,0.0,0.297896919,0.63055744,7398.0,1430.0
0.9745281230238212,0.012372869,0.306572404,0.620746566,7398.0,1430.0
0.9688715559319284,0.169123904,0.302516703,0.598186976,7398.0,1430.0
0.9679112825090139,0.302323556,0.271881833,0.53487462,7398.0,1430.0
0.9656144551971133,0.411297704,0.322473206,0.544431863,7398.0,1430.0
0.9646712256633684,0.481507305,0.358410006,0.553665633,7398.0,1430.0
0.9602383658916562,0.518646186,0.378673206,0.562349566,7398.0,1430.0
0.9575789308447658,0.469898077,0.387010113,0.583961819,7398.0,1430.0
0.9597228298274174,0.417715811,0.395780752,0.606471419,7398.0,1430.0
0.9790571602107243,0.319388267,0.401254527,0.621213782,7398.0,1430.0
0.9853364908515462,0.20449538,0.395892423,0.635051056,7398.0,1430.0
0.9767759721387901,0.0188160765,0.387715303,0.6610523445,7398.0,1430.0
0.9008082630089761,0.0,0.393994751,0.645364212,7398.0,1430.0
0.8491533410532757,0.0,0.39577172,0.612564303,7398.0,1430.0
0.8077959335123744,0.0,0.377774428,0.5162557,7398.0,1430.0
0.7382933073121642,0.0,0.381032118,0.491898089,7398.0,1430.0
0.6968632283625299,0.0,0.4026876895,0.49329033499999997,7398.0,1430.0
0.6827607450397117,0.0,0.4375824005,0.4577453085,7398.0,1430.0
0.7060381292663763,0.0,0.441554602,0.452271671,7398.0,1430.0
0.7780868288660219,0.0,0.453692764,0.474835787,7398.0,1430.0
0.8780919046079474,0.0,0.453779909,0.505011382,7398.0,1430.0
0.9522097714669128,0.0,0.444324268,0.527647626,7398.0,1430.0
0.978257681477465,0.016544542,0.437698909,0.534252819,7398.0,1430.0
0.9717632396333473,0.230561826,0.399648776,0.507792474,7398.0,1430.0
0.965456657092425,0.368095239,0.340974551,0.424261868,7398.0,1430.0
0.9561582804171238,0.477361573,0.382257539,0.421364437,7398.0,1430.0
0.9473502482205597,0.533766206,0.417368221,0.434472853,7398.0,1430.0
0.9400324473884722,0.533229826,0.436475102,0.458037648,7398.0,1430.0
0.9406859278825209,0.515150171,0.453572367,0.476427486,7398.0,1430.0
0.9462535286603186,0.423523031,0.473415321,0.485889307,7398.0,1430.0
0.969726942870941,0.330469241,0.462064566,0.473994628,7398.0,1430.0
0.9863119354604601,0.231412529,0.410924578,0.45831957,7398.0,1430.0
0.9798933022780054,0.0226257855,0.382879232,0.4551986795,7398.0,1430.0
0.904277571599315,0.0,0.375259958,0.474149271,7398.0,1430.0
0.8552239288835928,0.0,0.359563416,0.48967834,7398.0,1430.0
0.8159945938800337,0.0,0.344173087,0.543215037,7398.0,1430.0
0.7445888860773164,0.0,0.325956875,0.519706034,7398.0,1430.0
0.7046496003518401,0.0,0.3092322535,0.5319375115,7398.0,1430.0
0.6908013966256066,0.0,0.30744008599999995,0.4992837215,7398.0,1430.0
0.7174236538478372,0.0,0.313507094,0.487340741,7398.0,1430.0
0.7910672840093012,0.0,0.321197431,0.472296766,7398.0,1430.0
0.8858078060086523,0.0,0.331324528,0.475499389,7398.0,1430.0
0.9583001192476109,0.0,0.332993657,0.479640018,7398.0,1430.0
0.9825138262272809,0.046177616,0.332444537,0.448564242,7398.0,1430.0
0.9799078646608579,0.366272751,0.305178245,0.393120968,7398.0,1430.0
0.9698237757078764,0.565714246,0.269596091,0.412950249,7398.0,1430.0
0.9631731279384854,0.710815904,0.335585193,0.340568504,7398.0,1430.0
0.9529085779075308,0.757934403,0.381855195,0.310469508,7398.0,1430.0
0.9442320285107907,0.743823436,0.395822367,0.333526705,7398.0,1430.0
0.9406859278825209,0.639487701,0.39459921,0.360901985,7398.0,1430.0
0.9459809173967233,0.526752801,0.41003272,0.388607272,7398.0,1430.0
0.9656978961515905,0.374353067,0.404210246,0.367240282,7398.0,1430.0
0.9812644593488486,0.284274604,0.355561463,0.347691762,7398.0,1430.0
0.9794356412532725,0.022407524,0.33535803399999997,0.39174541100000004,7398.0,1430.0
0.904277571599315,0.0,0.334701924,0.427897585,7398.0,1430.0
0.8555581609991196,0.0,0.330873684,0.445084741,7398.0,1430.0
0.8188950805370951,0.0,0.288033581,0.423006246,7398.0,1430.0
0.745759775338774,0.0,0.286540525,0.433885398,7398.0,1430.0
0.7068968642166118,0.0,0.2798938985,0.419809609,7398.0,1430.0
0.6911525556777239,0.0,0.27709689000000004,0.373329131,7398.0,1430.0
0.7187199386898195,0.0,0.277087292,0.366786383,7398.0,1430.0
0.791780605889306,0.0,0.273857063,0.362208593,7398.0,1430.0
0.8863301782759978,0.0,0.272731571,0.358878362,7398.0,1430.0
0.9569167411195718,0.0,0.268845073,0.353172031,7398.0,1430.0
0.9823324287165057,0.049958626,0.260512184,0.346347558,7398.0,1430.0
0.9828431887298025,0.362443117,0.221474566,0.3251374,7398.0,1430.0
0.9768522957978856,0.569824422,0.202454623,0.342338497,7398.0,1430.0
0.9692106578228946,0.71098769,0.203851555,0.300802233,7398.0,1430.0
0.9624025866031534,0.7827947355,0.20930315449999998,0.263163627,7398.0,1430.0
0.9587106751034503,0.706854625,0.223942087,0.228383411,7398.0,1430.0
0.9628634318242817,0.591848839,0.22694771,0.210222626,7398.0,1430.0
0.9849583375198703,0.488256018,0.218222699,0.198514658,7398.0,1430.0
0.9959487584425488,0.332290777,0.188116918,0.182251194,7398.0,1430.0
1.0,0.072506244,0.186347987,0.194920676,7398.0,1430.0
0.971858855026423,0.0,0.192881091,0.224662641,7398.0,1430.0
0.905293847114914,0.0,0.188193814,0.253094478,7398.0,1430.0
0.857784751952441,0.0,0.176539052,0.273904989,7398.0,1430.0
0.8207532573847509,0.0,0.145722071,0.248794735,7398.0,1430.0
0.7466747697585847,0.0,0.128800736,0.257978895,7398.0,1430.0
0.7070981854113785,0.0,0.115907915,0.2883854225,7398.0,1430.0
0.6912577934254481,0.0,0.10184665849999999,0.317869183,7398.0,1430.0
0.7187199386898195,0.0,0.098288764,0.303679965,7398.0,1430.0
0.7920887099865289,0.0,0.100075097,0.305952912,7398.0,1430.0
0.8868574203187827,0.0,0.106616389,0.31187293,7398.0,1430.0
0.9585151365639752,0.0,0.106604835,0.311709986,7398.0,1430.0
0.981426658768924,0.060954085,0.105821265,0.343848216,7398.0,1430.0
0.9803579402550252,0.266140062,0.086242315,0.362961681,7398.0,1430.0
0.9710198565548357,0.403258823,0.089963231,0.357478868,7398.0,1430.0
0.9650184749257984,0.492228166,0.117125793,0.377119681,7398.0,1430.0
0.9497612801318716,0.5815923895,0.17365842399999998,0.4206406525,7398.0,1430.0
0.9373494129354948,0.569100872,0.22451118,0.483125531,7398.0,1430.0
0.9411288861000897,0.483838659,0.256448109,0.498498418,7398.0,1430.0
0.9601475265495228,0.356542734,0.278379886,0.500136752,7398.0,1430.0
0.9669288142479987,0.218622134,0.300273681,0.483476579,7398.0,1430.0
0.9742620203336776,0.018128142,0.352779172,0.41902735199999996,7398.0,1430.0
0.9018713626011937,0.0,0.370388998,0.384355853,7398.0,1430.0
0.8513323582964342,0.0,0.360693203,0.398854198,7398.0,1430.0
0.8083263595891207,0.0,0.324517252,0.422966808,7398.0,1430.0
0.7265578643505275,0.0,0.340343806,0.427159538,7398.0,1430.0
0.6967079588700587,0.0,0.352712949,0.458529066,7398.0,1430.0
0.6665674615603716,0.0,0.348224492,0.4885320085,7398.0,1430.0
0.6634631016245937,0.0,0.340566817,0.479487633,7398.0,1430.0
0.6708654906834707,0.0,0.3266681515,0.520592842,7398.0,1430.0
0.6939689692678624,0.0,0.322908542,0.548984429,7398.0,1430.0
0.739553865252927,0.0,0.317763725,0.516711185,7398.0,1430.0
0.7913949606079105,0.054129815,0.31529337,0.499009455,7398.0,1430.0
0.8120690287517308,0.301386668,0.281041475,0.464420455,7398.0,1430.0
0.8046121596080368,0.487026223,0.240285922,0.411554065,7398.0,1430.0
0.8022871441256677,0.63368661,0.307760791,0.41801832,7398.0,1430.0
0.8006324657399563,0.701356929,0.351023989,0.445270069,7398.0,1430.0
0.7940333246984971,0.688547379,0.379219181,0.494496948,7398.0,1430.0
0.7896495367669971,0.619322746,0.410878173,0.542728541,7398.0,1430.0
0.7943064042597106,0.518910357,0.42802103,0.562114157,7398.0,1430.0
0.820868445279213,0.406630658,0.413075394,0.561592191,7398.0,1430.0
0.842469354326919,0.275800203,0.376417237,0.55953427,7398.0,1430.0
0.8461999429378622,0.07527845,0.368158954,0.575449243,7398.0,1430.0
0.8257360223349668,0.0,0.35198178599999996,0.6016604185,7398.0,1430.0
0.7911099877815905,0.0,0.314024564,0.59143847,7398.0,1430.0
0.7661631989715347,0.0,0.260032606,0.615661124,7398.0,1430.0
0.7286368648852233,0.0,0.247552337,0.576182647,7398.0,1430.0
0.6864300405095958,0.0,0.247810511,0.5571427005,7398.0,1430.0
0.6645490516390906,0.0,0.26127112399999997,0.549992951,7398.0,1430.0
0.6698816177732523,0.0,0.270961699,0.5365973585,7398.0,1430.0
0.6937408880235633,0.0,0.286484023,0.542274981,7398.0,1430.0
0.7383032807682008,0.0,0.288155039,0.55675046,7398.0,1430.0
0.7856998103729261,0.050429456,0.288246211,0.55236609,7398.0,1430.0
0.8027043488980534,0.227014726,0.261301895,0.518960726,7398.0,1430.0
0.8012589753449622,0.347987232,0.202028962,0.437585194,7398.0,1430.0
0.7873665693103045,0.449630126,0.249937815,0.442969494,7398.0,1430.0
0.7707530842299605,0.5375888129999999,0.3488508675,0.47567976700000003,7398.0,1430.0
0.7630423101440199,0.517204453,0.416103762,0.506701066,7398.0,1430.0
0.7633243799474363,0.426410511,0.451258006,0.544235193,7398.0,1430.0
0.7766884668385438,0.317902557,0.458053738,0.593193754,7398.0,1430.0
0.7977555784889817,0.207829543,0.440179263,0.632371336,7398.0,1430.0
0.8167795570114722,0.055684504,0.436714729,0.651107975,7398.0,1430.0
0.7996255551208981,0.0,0.42754892099999997,0.655375388,7398.0,1430.0
0.7837500918179267,0.0,0.426666979,0.609395643,7398.0,1430.0
0.7562488949504111,0.0,0.403647626,0.53294127,7398.0,1430.0
0.701168210966183,0.0,0.3708859485,0.528738861,7398.0,1430.0
0.6605435574635785,0.0,0.3440194185,0.47965831950000004,7398.0,1430.0
0.6596718287569554,0.0,0.330240949,0.395320529,7398.0,1430.0
0.6837110683158885,0.0,0.317756653,0.336793562,7398.0,1430.0
0.7498952539404097,0.0,0.306827487,0.306572866,7398.0,1430.0
0.8492991520059259,0.0,0.293221869,0.291110595,7398.0,1430.0
0.9277030378515219,0.0,0.286206062,0.293864155,7398.0,1430.0
0.9483617475227824,0.038808116,0.274832796,0.287287667,7398.0,1430.0
0.939291499035246,0.202343364,0.254116888,0.268969631,7398.0,1430.0
0.9355004136166024,0.360093162,0.249233575,0.296557347,7398.0,1430.0
0.9349572512415764,0.478379438,0.279365585,0.34509985,7398.0,1430.0
0.9350750613103185,0.588313536,0.303461715,0.37808802,7398.0,1430.0
0.9351235712908493,0.659463321,0.330710574,0.37783428,7398.0,1430.0
0.9318979364849613,0.634494322,0.362714987,0.352434909,7398.0,1430.0
0.9413600108728214,0.615842417,0.379425047,0.307240177,7398.0,1430.0
0.9601475265495228,0.531601554,0.37223356,0.286329264,7398.0,1430.0
0.9682273466911404,0.371031839,0.321034298,0.269504294,7398.0,1430.0
0.9836067998938792,0.108711228,0.282020065,0.242677243,7398.0,1430.0
0.9657077292645324,0.0,0.258939741,0.250151565,7398.0,1430.0
0.9018713626011937,0.0,0.239073405,0.280747308,7398.0,1430.0
0.8515114146439868,0.0,0.211718607,0.308475372,7398.0,1430.0
0.8154544282524087,0.0,0.22085469,0.375199279,7398.0,1430.0
0.7447356334627689,0.0,0.212369358,0.395211235,7398.0,1430.0
0.7044829291199621,0.0,0.2167505885,0.450560098,7398.0,1430.0
0.6902255509590106,0.0,0.22432421000000002,0.478420391,7398.0,1430.0
0.7174947332395897,0.0,0.238971651,0.493916947,7398.0,1430.0
0.7905520289561201,0.0,0.2554608,0.500178663,7398.0,1430.0
0.8864409646926387,0.0,0.286408744,0.517054337,7398.0,1430.0
0.9581845567800279,0.0,0.313280166,0.550789489,7398.0,1430.0
0.9823350508907858,0.068309454,0.332593353,0.568352078,7398.0,1430.0
0.977687454651333,0.265995885,0.309320035,0.571779266,7398.0,1430.0
0.964808982969052,0.406310789,0.31780394,0.584354319,7398.0,1430.0
0.9478534225596396,0.542971722,0.38667621,0.610693044,7398.0,1430.0
0.9385895085606666,0.592315612,0.475989563,0.621194137,7398.0,1430.0
0.9299538836326745,0.542725953,0.5339344,0.620853635,7398.0,1430.0
0.9249360941464492,0.47597219,0.564315719,0.629795999,7398.0,1430.0
0.9298656666272553,0.3895627,0.562127957,0.624624634,7398.0,1430.0
0.9505081751176512,0.308127656,0.526897309,0.608853969,7398.0,1430.0
0.9561622137597611,0.185649574,0.486826684,0.605156483,7398.0,1430.0
0.9613478215877428,0.044984186,0.468278208,0.571436376,7398.0,1430.0
0.9449726958529592,0.0,0.458191699,0.507602285,7398.0,1430.0
0.8948329158361795,0.0,0.44814218,0.437379548,7398.0,1430.0
0.8399064711059063,0.0,0.440332945,0.382472942,7398.0,1430.0
0.7926908710392062,0.0,0.442448579,0.391120805,7398.0,1430.0
0.7235103492969559,0.0,0.424539978,0.406149824,7398.0,1430.0
0.6923556836485174,0.0,0.427219918,0.423951855,7398.0,1430.0
0.6701399241933201,0.0,0.43335485650000005,0.4450025905,7398.0,1430.0
0.6699990297971408,0.0,0.434364075,0.443922407,7398.0,1430.0
0.6911516894976862,0.0,0.430767083,0.450830993,7398.0,1430.0
0.7574641269446044,0.0,0.433840282,0.474328534,7398.0,1430.0
0.8567858014995033,0.0,0.428680836,0.499024922,7398.0,1430.0
0.9378841467655652,0.0,0.425920231,0.515689552,7398.0,1430.0
0.956622871613112,0.046074349,0.421343854,0.531541414,7398.0,1430.0
0.9399775691775845,0.176639853,0.404711401,0.546142065,7398.0,1430.0
0.9273570995950149,0.26430053,0.411927172,0.538954245,7398.0,1430.0
0.9155929533842598,0.321737433,0.45579738,0.548665527,7398.0,1430.0
0.9091828890898557,0.360464517,0.475143424,0.544870114,7398.0,1430.0
0.9073110395111179,0.333484695,0.48172181,0.537391453,7398.0,1430.0
0.9072248826578634,0.309757664,0.477737355,0.547523782,7398.0,1430.0
0.9123064468726821,0.265676668,0.467707715,0.558620534,7398.0,1430.0
0.927809235341347,0.211315926,0.44307342,0.571291418,7398.0,1430.0
0.9363644162246968,0.148918788,0.409356227,0.573042867,7398.0,1430.0
0.9349361802852724,0.0270100965,0.3862653015,0.551148773,7398.0,1430.0
0.8875953717621737,0.0,0.37402108,0.533284599,7398.0,1430.0
0.8332476759650513,0.0,0.368393207,0.52590112,7398.0,1430.0
0.7846572195524629,0.0,0.344539238,0.507898874,7398.0,1430.0
0.7036765438496144,0.0,0.33758997449999995,0.526653581,7398.0,1430.0
0.6643869614289003,0.0,0.31140352033333335,0.491751163,7398.0,1430.0
0.6872492088592547,0.0,0.293252417,0.473317932,7398.0,1430.0
0.7526327450876883,0.0,0.279753656,0.461724648,7398.0,1430.0
0.8527670560282787,0.0,0.26718361,0.449253623,7398.0,1430.0
0.9346141224459098,0.0,0.253958145,0.432502671,7398.0,1430.0
0.9448322228109323,0.079877714,0.233099543,0.41214587,7398.0,1430.0
0.9287605186844926,0.234656339,0.19205186,0.372059299,7398.0,1430.0
0.9086013308582984,0.367493378,0.162061922,0.293731602,7398.0,1430.0
0.9023157255491828,0.494770663,0.170203767,0.280679545,7398.0,1430.0
0.8971603662062684,0.574779272,0.1634674565,0.27165176599999996,7398.0,1430.0
0.893697331959355,0.518665525,0.154261989,0.294740101,7398.0,1430.0
0.8962505693539863,0.413875097,0.147023321,0.314862554,7398.0,1430.0
0.903137867255727,0.304264681,0.13232779,0.321479813,7398.0,1430.0
0.9118244372144035,0.204921304,0.127226034,0.277583848,7398.0,1430.0
0.9177197147532448,0.061796345,0.134728397,0.230774362,7398.0,1430.0
0.9086566772043703,0.0,0.130384958,0.20870601,7398.0,1430.0
0.8781842420801302,0.0,0.124745561,0.186711119,7398.0,1430.0
0.8321194904758831,0.0,0.111890648,0.173173733,7398.0,1430.0
0.7843141844812936,0.0,0.101525397,0.172917144,7398.0,1430.0
0.7192270463715368,0.0,0.090172019,0.168610372,7398.0,1430.0
0.6748516464251884,0.0,0.078125292,0.15048947000000001,7398.0,1430.0
0.6613676189791926,0.0,0.06799445800000001,0.12605409099999998,7398.0,1430.0
0.6852475152787053,0.0,0.063221288,0.103149706,7398.0,1430.0
0.7500572192928932,0.0,0.057541376,0.091584009,7398.0,1430.0
0.8492991520059259,0.0,0.053584607,0.085385164,7398.0,1430.0
0.9229366949480906,0.0,0.048695047,0.08429307,7398.0,1430.0
0.9437836386581012,0.059758956,0.045830419,0.087584861,7398.0,1430.0
0.9361829249894245,0.206721676,0.039839486,0.092559081,7398.0,1430.0
0.9228930547429991,0.355730264,0.031447308,0.087794729,7398.0,1430.0
0.9084176857463641,0.479987688,0.032241869,0.062946995,7398.0,1430.0
0.8987429819051767,0.6087806984999999,0.0388374445,0.0551959065,7398.0,1430.0
0.8923133919716347,0.578853578,0.05137661,0.057156511,7398.0,1430.0
0.8958332708571032,0.499777906,0.05885529,0.080610999,7398.0,1430.0
0.9025327096180829,0.390462984,0.067983971,0.119997249,7398.0,1430.0
0.9098084622620595,0.268489907,0.078630445,0.150238039,7398.0,1430.0
0.9177197147532448,0.106752974,0.097360579,0.182058197,7398.0,1430.0
0.9105398583509673,0.0,0.105586027,0.206743295,7398.0,1430.0
0.8805794005214497,0.0,0.10825787,0.258710823,7398.0,1430.0
0.8316659499991308,0.0,0.104025886,0.334371096,7398.0,1430.0
0.7844736213839941,0.0,0.076558851,0.288950809,7398.0,1430.0
0.7074297017093449,0.0,0.075928001,0.321229262,7398.0,1430.0
0.659387605076877,0.0,0.079748162,0.36115322149999995,7398.0,1430.0
0.6388148882816094,0.0,0.09071832399999999,0.330581629,7398.0,1430.0
0.6546638022121245,0.0,0.112051237,0.3110605945,7398.0,1430.0
0.6843637059391982,0.0,0.130251154,0.303981489,7398.0,1430.0
0.728104753066999,0.0,0.14235456,0.293919376,7398.0,1430.0
0.772203819165408,0.080319286,0.154066108,0.284735517,7398.0,1430.0
0.7928904363209476,0.216029393,0.151747374,0.269018415,7398.0,1430.0
0.785179170465656,0.366287775,0.143318327,0.245607273,7398.0,1430.0
0.7749550298248,0.512055147,0.174810015,0.224129272,7398.0,1430.0
0.7680149141079875,0.6051514899999999,0.202749649,0.215438676,7398.0,1430.0
0.7661006415243669,0.596557845,0.229477145,0.232684139,7398.0,1430.0
0.7704470169756036,0.522362126,0.246696334,0.244812522,7398.0,1430.0
0.7862114129320935,0.419208481,0.25701448,0.25633064,7398.0,1430.0
0.8038198918134393,0.28263687,0.251523004,0.269011255,7398.0,1430.0
0.8156327352912855,0.09679585,0.264722061,0.274281941,7398.0,1430.0
0.8049261167757499,0.000542242,0.28045761700000005,0.261227313,7398.0,1430.0
0.7837221844960817,0.0,0.285410377,0.238101088,7398.0,1430.0
0.7570323128459006,0.0,0.246356632,0.200968993,7398.0,1430.0
0.7070091722350348,0.0,0.245983354,0.213032532,7398.0,1430.0
0.6578099527966884,0.0,0.2466079255,0.21497777899999998,7398.0,1430.0
0.6402724595825979,0.0,0.2552785755,0.197923148,7398.0,1430.0
0.6620446520170795,0.0,0.248318015,0.1693620155,7398.0,1430.0
0.6917424252580068,0.0,0.237796595,0.178717245,7398.0,1430.0
0.7369808679079147,0.0,0.234423229,0.204956408,7398.0,1430.0
0.782523996553492,0.103173987,0.220313394,0.227872352,7398.0,1430.0
0.7978823787999269,0.310661029,0.178505426,0.238833931,7398.0,1430.0
0.7986115272876754,0.461951247,0.149573333,0.194524415,7398.0,1430.0
0.7862320157532136,0.613101603,0.162024836,0.187121272,7398.0,1430.0
0.7739955992726245,0.674932045,0.186631792,0.194619871,7398.0,1430.0
0.7673269710188277,0.704601198,0.208843133,0.210685767,7398.0,1430.0
0.7599136483557279,0.651469935,0.229112628,0.234365304,7398.0,1430.0
0.7622522430071158,0.543066214,0.243103696,0.278281822,7398.0,1430.0
0.7766884668385438,0.433604022,0.243892642,0.313383209,7398.0,1430.0
0.7957844611855889,0.273243179,0.216997392,0.334369324,7398.0,1430.0
0.8133764578750122,0.103597004,0.220928783,0.348985406,7398.0,1430.0
0.8046788843029997,0.000592487,0.233986556,0.3307443885,7398.0,1430.0
0.7836641690322641,0.0,0.240243414,0.300983564,7398.0,1430.0
0.757122449822824,0.0,0.228652931,0.292652771,7398.0,1430.0
0.7196005172143337,0.0,0.221369434,0.272657522,7398.0,1430.0
0.6775876625892823,0.0,0.1933275265,0.232267296,7398.0,1430.0
0.6652359177899194,0.0,0.17461749399999998,0.2129035645,7398.0,1430.0
0.689401536224428,0.0,0.168137574,0.222996777,7398.0,1430.0
0.7574641269446044,0.0,0.164564997,0.251251464,7398.0,1430.0
0.8601594948592007,0.0,0.161501352,0.265915686,7398.0,1430.0
0.9434261815471744,0.0,0.163031463,0.259037005,7398.0,1430.0
0.956622871613112,0.066265173,0.161444677,0.249458516,7398.0,1430.0
0.9352529000515772,0.201829928,0.147760472,0.244617257,7398.0,1430.0
0.9088927654770386,0.345340854,0.127134967,0.241280343,7398.0,1430.0
0.9023157255491828,0.464562448,0.150807815,0.255964713,7398.0,1430.0
0.8966653861821181,0.5290024425,0.16790771,0.3099186115,7398.0,1430.0
0.8939751875715105,0.45006801,0.192745401,0.343213969,7398.0,1430.0
0.8968613460757457,0.352207963,0.208545102,0.370331942,7398.0,1430.0
0.9052405609210069,0.262312162,0.222927867,0.392755904,7398.0,1430.0
0.9125682885905335,0.179343465,0.214624573,0.391300832,7398.0,1430.0
0.9277066900206673,0.078383644,0.223431234,0.397294189,7398.0,1430.0
0.9168330491718656,0.0,0.237259536,0.394789113,7398.0,1430.0
0.8830807566150283,0.0,0.250634409,0.391428439,7398.0,1430.0
0.8324014665548023,0.0,0.263796153,0.385254539,7398.0,1430.0
0.7864405712771578,0.0,0.284230759,0.365908284,7398.0,1430.0
0.7192335080015227,0.0,0.287907589,0.369578406,7398.0,1430.0
0.6764754442133868,0.0,0.28999767649999997,0.3834698575,7398.0,1430.0
0.6631903030744379,0.0,0.30643147800000003,0.3745119845,7398.0,1430.0
0.6868882868657428,0.0,0.315393904,0.355334325,7398.0,1430.0
0.7520255271354455,0.0,0.324161486,0.350287188,7398.0,1430.0
0.8513018289627432,0.0,0.334985716,0.356923902,7398.0,1430.0
0.9337872046884236,0.0,0.336643816,0.359407919,7398.0,1430.0
0.9413498969112559,0.103193051,0.342389421,0.363022092,7398.0,1430.0
0.9273896894057388,0.300917379,0.327701551,0.345791591,7398.0,1430.0
0.9066506289270311,0.47323741,0.296059922,0.299650903,7398.0,1430.0
0.897916953880678,0.573827609,0.355432375,0.292293076,7398.0,1430.0
0.8937409723268805,0.628517631,0.385054514,0.298068306,7398.0,1430.0
0.8885919808894548,0.628010578,0.412178365,0.316166019,7398.0,1430.0
0.8844109422736577,0.568159072,0.426696696,0.316207551,7398.0,1430.0
0.8871255363800594,0.49276904,0.449661638,0.325577314,7398.0,1430.0
0.8958242806149004,0.403232996,0.452993568,0.3529009,7398.0,1430.0
0.9057699568404538,0.285317287,0.436779384,0.403287472,7398.0,1430.0
0.9170956400359586,0.133752263,0.449457555,0.445983595,7398.0,1430.0
0.9101484068613305,0.001137456,0.46819615,0.483065451,7398.0,1430.0
0.8813231583355164,0.0,0.47899084,0.498152044,7398.0,1430.0
0.8325821149193356,0.0,0.484000511,0.484270721,7398.0,1430.0
0.7846572195524629,0.0,0.453299284,0.588760962,7398.0,1430.0
0.7196067917201935,0.0,0.457198238,0.634832565,7398.0,1430.0
0.6774918600720805,0.0,0.454111549,0.62762523,7398.0,1430.0
0.665990117438858,0.0,0.461272856,0.5489757315,7398.0,1430.0
0.6925452285307564,0.0,0.468309673,0.519590669,7398.0,1430.0
0.7590465554381692,0.0,0.47640237,0.506500153,7398.0,1430.0
0.8607084634424683,0.0,0.488064476,0.505107542,7398.0,1430.0
0.9434261815471744,0.0,0.505536848,0.511474574,7398.0,1430.0
0.957234022745558,0.141893503,0.510804613,0.543775614,7398.0,1430.0
0.9390107404001868,0.396589621,0.486931547,0.559468913,7398.0,1430.0
0.9273570995950149,0.593142518,0.523637135,0.524561197,7398.0,1430.0
0.9169956231650618,0.709208126,0.557212718,0.536052278,7398.0,1430.0
0.9074204210349045,0.740863672,0.53175037,0.498251066,7398.0,1430.0
0.9019209964635213,0.759377914,0.516844513,0.502251252,7398.0,1430.0
0.8981010671277965,0.731284052,0.522762169,0.506295724,7398.0,1430.0
0.9012178822695792,0.649286981,0.530601503,0.495382496,7398.0,1430.0
0.9149789927909732,0.525477956,0.529697725,0.488829858,7398.0,1430.0
0.9305132471885652,0.381250116,0.496229272,0.491878787,7398.0,1430.0
0.9495422827730556,0.16844308,0.473412379,0.514976633,7398.0,1430.0
0.9404639804761185,0.00102108,0.478043922,0.513978096,7398.0,1430.0
0.8939674147731675,0.0,0.474338649,0.469749157,7398.0,1430.0
0.8447550375199548,0.0,0.45719431,0.426715009,7398.0,1430.0
0.8017448246213806,0.0,0.413248653,0.378803486,7398.0,1430.0
0.7329770126116317,0.0,0.405577334,0.374326623,7398.0,1430.0
0.6969972863931684,0.0,0.36965703299999997,0.3733906295,7398.0,1430.0
0.6882608720575221,0.0,0.3255134015,0.45359488800000003,7398.0,1430.0
0.7149014140845149,0.0,0.308509015,0.471326819,7398.0,1430.0
0.7902531023876606,0.0,0.300984651,0.463933721,7398.0,1430.0
0.886837004784223,0.0,0.287255068,0.447777772,7398.0,1430.0
0.9577852389299848,0.0,0.272874862,0.427972528,7398.0,1430.0
0.980853341633328,0.182928905,0.257073203,0.416428249,7398.0,1430.0
0.9726491560684849,0.447335605,0.230635571,0.394314726,7398.0,1430.0
0.956141142803457,0.638566944,0.178684716,0.294677525,7398.0,1430.0
0.9392443002230724,0.774138353,0.211607752,0.253833684,7398.0,1430.0
0.9311657910873776,0.860441902,0.228113637,0.241954807,7398.0,1430.0
0.9239619607058925,0.907021004,0.24720846,0.246512294,7398.0,1430.0
0.9180959950568823,0.898698744,0.263739043,0.273747415,7398.0,1430.0
0.9231142528407258,0.823258956,0.274513059,0.307909069,7398.0,1430.0
0.9420469238858988,0.686469613,0.283922983,0.34130176,7398.0,1430.0
0.9561736388896837,0.486163898,0.273244181,0.357816873,7398.0,1430.0
0.965497019701492,0.216733161,0.280927936,0.37962123,7398.0,1430.0
0.95431518103097,0.001328837,0.295439191,0.397591953,7398.0,1430.0
0.9015466827499854,0.0,0.301474218,0.407308876,7398.0,1430.0
0.8513237426273521,0.0,0.286175607,0.419371681,7398.0,1430.0
0.810990008827272,0.0,0.234261911,0.34947415,7398.0,1430.0
0.7291797462491916,0.0,0.21365433649999999,0.3381353265,7398.0,1430.0
0.6923981064909661,0.0,0.193838605,0.320951879,7398.0,1430.0
0.6905127713864899,0.0,0.1749933,0.336071745,7398.0,1430.0
0.7174495008550834,0.0,0.168552956,0.326088221,7398.0,1430.0
0.7902091811715114,0.0,0.166130874,0.324847872,7398.0,1430.0
0.887660363934627,0.0,0.16449495,0.33891064,7398.0,1430.0
0.9579704758964658,0.0,0.165263122,0.355742525,7398.0,1430.0
0.9809250766092589,0.212181497,0.153915135,0.370964396,7398.0,1430.0
0.9764396797898814,0.492983605,0.119024972,0.368281075,7398.0,1430.0
0.9640067883370151,0.699496425,0.10305496,0.342271768,7398.0,1430.0
0.9458266780615514,0.849835329,0.093499916,0.319614063,7398.0,1430.0
0.931805177414975,0.9417815350000001,0.0710294195,0.3039756565,7398.0,1430.0
0.9169480496173331,0.917452609,0.055984589,0.299747675,7398.0,1430.0
0.9157410119380694,0.823508597,0.055149454,0.312129861,7398.0,1430.0
0.9348585455390367,0.690947719,0.05476721,0.328334172,7398.0,1430.0
0.9488872102620262,0.493143869,0.058984879,0.340507912,7398.0,1430.0
0.9660856953096478,0.227172799,0.07251452,0.350660983,7398.0,1430.0
0.9592173143251151,0.0,0.079866007,0.348505609,7398.0,1430.0
0.8994938102335934,0.0,0.081180333,0.341212591,7398.0,1430.0
0.8497850014447786,0.0,0.081788675,0.33228656,7398.0,1430.0
0.8135572935261061,0.0,0.079858318,0.306636454,7398.0,1430.0
0.7334864614565713,0.0,0.074656575,0.287392308,7398.0,1430.0
0.7036271909983446,0.0,0.0694664,0.286879096,7398.0,1430.0
0.6753754234229543,0.0,0.058667329500000004,0.272832466,7398.0,1430.0
0.6736259492056075,0.0,0.047556455,0.258174896,7398.0,1430.0
0.6824216431487456,0.0,0.043296882999999994,0.26638399,7398.0,1430.0
0.7075344944687498,0.0,0.041223926,0.282174808,7398.0,1430.0
0.7534362507256482,0.0,0.042475037,0.294031785,7398.0,1430.0
0.7995273176347595,0.228209895,0.041889464,0.298383642,7398.0,1430.0
0.8198926260971783,0.513826381,0.029832206,0.298885482,7398.0,1430.0
0.8090232930017005,0.711263466,0.020971064,0.284901678,7398.0,1430.0
0.8007112242055544,0.846966007,0.022736767,0.262483478,7398.0,1430.0
0.7895023209214924,0.917603578,0.024267595,0.241759971,7398.0,1430.0
0.7799359217469775,0.938987977,0.027151408,0.207499198,7398.0,1430.0
0.7741451561189175,0.896726513,0.02978974,0.192536084,7398.0,1430.0
0.7749871045568743,0.782595549,0.036530974,0.247618924,7398.0,1430.0
0.7989760078882696,0.635988504,0.046707925,0.293015708,7398.0,1430.0
0.8186053314973988,0.453534706,0.057724628,0.310241387,7398.0,1430.0
0.8402007153479211,0.202055678,0.072649791,0.313612342,7398.0,1430.0
0.8215937543112559,0.0008195965,0.07288728450000001,0.304142146,7398.0,1430.0
0.7873304208924985,0.0,0.064115427,0.297022508,7398.0,1430.0
0.7595631214972733,0.0,0.050700454,0.277555632,7398.0,1430.0
0.7138986710381201,0.0,0.041361653,0.225367916,7398.0,1430.0
0.6712208640080659,0.0,0.034645516,0.211302128,7398.0,1430.0
0.6717888900140703,0.0,0.034872425,0.172987463,7398.0,1430.0
0.6924576202472671,0.0,0.043525575,0.17112665900000001,7398.0,1430.0
0.7506934684487777,0.0,0.053116842,0.195159635,7398.0,1430.0
0.79354944201218,0.215358035,0.060340212,0.193753371,7398.0,1430.0
0.8101202000109361,0.470773247,0.050432115,0.188017755,7398.0,1430.0
0.7993389901963802,0.668573913,0.040257539,0.20794271,7398.0,1430.0
0.7813987140872275,0.813063481,0.049399135,0.208217195,7398.0,1430.0
0.7682639258842789,0.89008965,0.059332605,0.236427856,7398.0,1430.0
0.7596681484867042,0.922558727,0.068683087,0.252298883,7398.0,1430.0
0.754640151151982,0.894131528,0.077381351,0.252867914,7398.0,1430.0
0.7554262849462489,0.81690986,0.086087537,0.279305501,7398.0,1430.0
0.7699714221662792,0.68619546,0.095163333,0.312026603,7398.0,1430.0
0.7898049935460288,0.492537147,0.101378912,0.328590109,7398.0,1430.0
0.8179833170947115,0.23177866,0.120080184,0.337167284,7398.0,1430.0
0.8148589632221775,0.0005036395,0.14439437100000002,0.3463713135,7398.0,1430.0
0.7860212124656759,0.0,0.159674241,0.398522379,7398.0,1430.0
0.7456989739670659,0.0,0.177720971,0.45232066449999997,7398.0,1430.0
0.6891813214488245,0.0,0.190909015,0.5253922746666667,7398.0,1430.0
0.6945611098398203,0.0,0.195237709,0.5972602645,7398.0,1430.0
0.7814113098799783,0.0,0.199657074,0.65315406,7398.0,1430.0
0.8822883015338703,0.0,0.204550035,0.673801913,7398.0,1430.0
0.9537735171108617,0.0,0.208502565,0.685371112,7398.0,1430.0
0.9690426520321437,0.229448729,0.206022904,0.691177498,7398.0,1430.0
0.951365435084702,0.473646009,0.175005446,0.677334894,7398.0,1430.0
0.9296762153070793,0.658278248,0.12303227,0.632191831,7398.0,1430.0
0.9139896881644171,0.795324203,0.141966917,0.590843943,7398.0,1430.0
0.9080087220699394,0.866035818,0.156987091,0.546180559,7398.0,1430.0
0.903929854201701,0.876880451,0.164104086,0.545423655,7398.0,1430.0
0.9025296191461847,0.82570519,0.177574412,0.558530806,7398.0,1430.0
0.9046319382383436,0.72346385,0.19387728,0.565573956,7398.0,1430.0
0.9222524978337906,0.553635162,0.209439996,0.601094049,7398.0,1430.0
0.9339145668590499,0.366835987,0.233968831,0.635944141,7398.0,1430.0
0.9505542502104622,0.141293283,0.286709073,0.641718647,7398.0,1430.0
0.9379991473734667,0.001689232,0.314366343,0.637122792,7398.0,1430.0
0.8916743333549095,0.0,0.326730761,0.636714903,7398.0,1430.0
0.8374779738700553,0.0,0.33175397,0.643805843,7398.0,1430.0
0.7917643109839441,0.0,0.316233026,0.636017155,7398.0,1430.0
0.7096117157811215,0.0,0.3037331935,0.676053503,7398.0,1430.0
0.6774380588807408,0.0,0.295541064,0.7065252755,7398.0,1430.0
0.6807985946692232,0.0,0.288120025,0.696171599,7398.0,1430.0
0.7042576337835535,0.0,0.284382378,0.692578986,7398.0,1430.0
0.7761253573890105,0.0,0.291150185,0.717966081,7398.0,1430.0
0.8771428688659609,0.0,0.295954999,0.730329297,7398.0,1430.0
0.9513087775702731,0.0,0.298948938,0.733647189,7398.0,1430.0
0.9749767938875683,0.088273328,0.301328618,0.707955221,7398.0,1430.0
0.9685621408287826,0.203978233,0.307693385,0.686070114,7398.0,1430.0
0.9656123948825145,0.318469861,0.290464527,0.632014317,7398.0,1430.0
0.9648626435736458,0.390551673,0.299800478,0.686324108,7398.0,1430.0
0.9638514252824808,0.436969897,0.325989756,0.739508425,7398.0,1430.0
0.9634938746094908,0.441467574,0.334544338,0.735890021,7398.0,1430.0
0.9648334252458779,0.38735691,0.330470318,0.721989248,7398.0,1430.0
0.971027348342121,0.32447268,0.324589883,0.71418672,7398.0,1430.0
0.9926989622084585,0.245398991,0.307168329,0.706556067,7398.0,1430.0
0.9987881861073601,0.132117798,0.276689549,0.680943713,7398.0,1430.0
0.9963950879806395,0.044203038,0.266943367,0.668432778,7398.0,1430.0
0.9674696352973682,0.001488571,0.256590678,0.648045659,7398.0,1430.0
0.9023456931856266,0.0,0.26427369,0.653956098,7398.0,1430.0
0.8510690182860994,0.0,0.289292169,0.686991071,7398.0,1430.0
0.8079938132150719,0.0,0.324938566,0.720161224,7398.0,1430.0
0.7341819901387308,0.0,0.356723917,0.739437646,7398.0,1430.0
0.6909033332243563,0.0,0.4149328375,0.7657086735,7398.0,1430.0
0.6717859635194336,0.0,0.49016688100000005,0.752181431,7398.0,1430.0
0.690309085637985,0.0,0.532018169,0.749662721,7398.0,1430.0
0.753371258553195,0.0,0.556624872,0.765127954,7398.0,1430.0
0.8527670560282787,0.0,0.560641108,0.763242754,7398.0,1430.0
0.933472357950157,0.0,0.569959471,0.774513991,7398.0,1430.0
0.9548907457677255,0.019041638,0.573201046,0.777836076,7398.0,1430.0
0.9498765148885824,0.058109964,0.565716485,0.769429096,7398.0,1430.0
0.9424600081915211,0.105230497,0.530222561,0.767177989,7398.0,1430.0
0.9370109197664587,0.160698522,0.5464913044999999,0.686826816,7398.0,1430.0
0.9351235712908493,0.182846272,0.563585285,0.661952011,7398.0,1430.0
0.9309617306033177,0.15724617,0.584140373,0.618187004,7398.0,1430.0
0.933983679660701,0.127935967,0.602772552,0.585264605,7398.0,1430.0
0.9489371249729773,0.10486232,0.609749958,0.55960066,7398.0,1430.0
0.9541645003028805,0.067490404,0.622392959,0.549909179,7398.0,1430.0
0.9440600894586195,0.0186218525,0.6298160319999999,0.5046368445,7398.0,1430.0
0.8905657203671278,0.0,0.628915054,0.490905418,7398.0,1430.0
0.8332773625904374,0.0,0.643236448,0.496707446,7398.0,1430.0
0.784356420118399,0.0,0.581522567,0.487816326,7398.0,1430.0
0.6987561489787888,0.0,0.608070976,0.51594138,5450.0,1053.5
0.6566291366165746,0.0,0.6358798335,0.6059480465,3502.0,677.0
0.6674365914020133,0.0,0.6470627115,0.6517408695,3502.0,677.0
0.7363169924412427,0.0,0.644852198,0.667483577,3502.0,677.0
0.82312069595322,0.0,0.649047453,0.666831888,3502.0,677.0
0.8767038439910294,0.0,0.657037117,0.659977325,3502.0,677.0
0.9023000862279995,0.037156427,0.663337194,0.647219305,3502.0,677.0
0.8969442250081073,0.08326879,0.664478054,0.623251311,3502.0,677.0
0.8901319396783224,0.150990196,0.698830431,0.557115143,3502.0,677.0
0.8882412667444398,0.216954229,0.714539926,0.515798172,3502.0,677.0
0.88637803267235,0.2633309775,0.775127463,0.5609768065,3502.0,677.0
0.8805516804861652,0.251190758,0.824038241,0.57406609,3502.0,677.0
0.8821897831178911,0.291552028,0.853827575,0.636626197,3502.0,677.0
0.9004952891363138,0.257611531,0.868950374,0.684089505,3502.0,677.0
0.9097253021562058,0.17029855,0.869245975,0.714551676,3502.0,677.0
0.9111021249297617,0.102093116,0.867451971,0.849124533,3502.0,677.0
0.9001108612987783,0.001711619,0.837706414,0.698696035,3502.0,677.0
0.869976123335084,0.0,0.797756225,0.72174052,3502.0,677.0
0.8183042510522772,0.0,0.759171835,0.770897313,3502.0,677.0
0.7778885745902034,0.0,0.727668512,0.755074819,3502.0,677.0
0.7158645906927672,0.0,0.708153611,0.72959305,3502.0,677.0
0.6702657645997301,0.0,0.6453821395,0.7158801025,3502.0,677.0
0.6581044778061097,0.0,0.5400054495,0.7568014285,3502.0,677.0
0.6840623444830188,0.0,0.465950818,0.81649504,3502.0,677.0
0.7408076336091806,0.0,0.41835389,0.792161128,3502.0,677.0
0.8262828368791382,0.0,0.39441065,0.737929399,3502.0,677.0
0.8863062978588532,0.0,0.38227538,0.634188297,3502.0,677.0
0.9103981678650807,0.105649373,0.385948453,0.366348427,3502.0,677.0
0.909566380332155,0.192845127,0.404601383,0.425354545,3502.0,677.0
0.8986107032592964,0.261158145,0.440154805,0.600368117,3502.0,677.0
0.8919479747758042,0.319199588,0.481248628,0.671718325,3502.0,677.0
0.8874985390876725,0.330748831,0.543660769,0.70167154,3502.0,677.0
0.8868645375329471,0.316956167,0.612872423,0.746997181,3502.0,677.0
0.8844599205518066,0.300632968,0.666358415,0.767870964,3502.0,677.0
0.8884578760777848,0.262196841,0.709771837,0.79667363,3502.0,677.0
0.9021350773470835,0.198912146,0.75278378,0.84332988,3502.0,677.0
0.9070113636339826,0.16391213,0.782305358,0.824580395,3502.0,677.0
0.9151760294604976,0.086078583,0.788733169,0.765899397,3502.0,677.0
0.9041895418804563,0.001903621,0.778906229,0.697284396,3502.0,677.0
0.870462159898063,0.0,0.786608468,0.675434854,3502.0,677.0
0.8186534669048088,0.0,0.798388944,0.734823822,3502.0,677.0
0.7792542530824602,0.0,0.817612678,0.723993229,3502.0,677.0
0.6990343323018164,0.0,0.81237031,0.77794345,3502.0,677.0
0.649945173443168,0.0,0.77923857,0.801225396,3502.0,677.0
0.6278299925561146,0.0,0.7553092640000001,0.7822209410000001,3502.0,677.0
0.6457801018594265,0.0,0.731534429,0.786982633,3502.0,677.0
0.6685448063449412,0.0,0.701726845,0.772099194,3502.0,677.0
0.7062690669149817,0.001111405,0.674429573,0.76913996,3502.0,677.0
0.7414811549022338,0.135568689,0.649843235,0.761010355,3502.0,677.0
0.7679599422538196,0.263735798,0.632284868,0.746686177,3502.0,677.0
0.7652199694377896,0.384413101,0.617835814,0.724395306,3502.0,677.0
0.7567161550204939,0.4734026615,0.6678954939999999,0.7238984854999999,3502.0,677.0
0.7505860533526587,0.443707699,0.664455283,0.671352338,3502.0,677.0
0.7470496453318021,0.395942958,0.652361163,0.64662273,3502.0,677.0
0.7517509492817486,0.30420662,0.62133387,0.611291718,3502.0,677.0
0.7735249210197712,0.189851929,0.589284207,0.590929739,3502.0,677.0
0.7920614582488625,0.106345308,0.55983423,0.602888457,3502.0,677.0
0.8071707349945085,0.0184258135,0.5550409814999999,0.544815914,3502.0,677.0
0.7840529281760735,0.0,0.531080366,0.4790001405,3502.0,677.0
0.7511907896361505,0.0,0.462095857,0.492279549,3502.0,677.0
0.6801209528281893,0.0,0.4650032165,0.5259974685,3502.0,677.0
0.6310388643214566,0.0,0.44811518800000005,0.508499139,3502.0,677.0
0.6318851205939544,0.0,0.401480452,0.49997489749999996,3502.0,677.0
0.6648967691991388,0.0,0.327589459,0.4596966525,3502.0,677.0
0.7089132370513755,0.0,0.283125087,0.390524257,3502.0,677.0
0.7457358481405979,0.077973925,0.252782995,0.382446473,3502.0,677.0
0.7749421531834255,0.172379717,0.22659422,0.383721323,3502.0,677.0
0.7705867876524204,0.308942365,0.191823352,0.358315665,3502.0,677.0
0.7603639112364557,0.454281154,0.228742959,0.416838602,3502.0,677.0
0.7562253891063875,0.526914353,0.303877717,0.489837831,3502.0,677.0
0.7512736219499148,0.600981941,0.380559423,0.532849712,3502.0,677.0
0.7506765179592372,0.620622417,0.456187779,0.509003817,3502.0,677.0
0.7572625481292958,0.522756782,0.515749889,0.477701267,3502.0,677.0
0.7738429519544333,0.41616176,0.544399002,0.454875644,3502.0,677.0
0.7904905018286861,0.27204198,0.525903722,0.486211815,3502.0,677.0
0.8036754855912092,0.113809401,0.519214371,0.608463502,3502.0,677.0
0.7969417715216789,0.0010731725,0.5192028005,0.7217593769999999,3502.0,677.0
0.7773334252255736,0.0,0.539775377,0.730610599,3502.0,677.0
0.7336677417711164,0.0,0.610253399,0.7138307024999999,3502.0,677.0
0.6720146301763641,0.0,0.5800026604999999,0.668604827,3502.0,677.0
0.6581445126230874,0.0,0.595939153,0.70875775,3502.0,677.0
0.6835054158148478,0.0,0.607437545,0.716262568,3502.0,677.0
0.7402388115134688,0.0,0.617051785,0.680189149,3502.0,677.0
0.8258063525804776,0.0,0.611926319,0.65505181,3502.0,677.0
0.8823907531300527,0.001036794,0.598897353,0.611202911,3502.0,677.0
0.9087860059650981,0.071998182,0.582853956,0.561321812,3502.0,677.0
0.9085527271532703,0.14720962,0.549186112,0.518679804,3502.0,677.0
0.9093030403218202,0.22491577,0.476923681,0.513575383,3502.0,677.0
0.9077449137619865,0.331133032,0.491230834,0.580454268,3502.0,677.0
0.8994360289998019,0.390728792,0.50761639,0.644565468,3502.0,677.0
0.8950250828926987,0.411370578,0.512418128,0.722899917,3502.0,677.0
0.8934088940880158,0.416686599,0.529133123,0.789270585,3502.0,677.0
0.8916803268497114,0.367613787,0.559089552,0.820018747,3502.0,677.0
0.9022085914641216,0.32386016,0.586674226,0.823261542,3502.0,677.0
0.9070113636339826,0.261370841,0.590441478,0.820403733,3502.0,677.0
0.9145851064136166,0.142532345,0.600365511,0.826949565,3502.0,677.0
0.9077410741438466,0.002241673,0.581243429,0.80883075,3502.0,677.0
0.8759012747858718,0.0,0.580736971,0.781411346,3502.0,677.0
0.8194885321961931,0.0,0.568189214,0.73925816,3502.0,677.0
0.7772669345982027,0.0,0.584113512,0.697613553,3502.0,677.0
0.7172746119177599,0.0,0.580575093,0.658112533,3502.0,677.0
0.6840502639313518,0.0,0.588057859,0.64449423,3502.0,677.0
0.662064341633479,0.0,0.5950331935,0.6412658405,3502.0,677.0
0.6625758741835333,0.0,0.604230396,0.644261217,3502.0,677.0
0.6892313297759836,0.0,0.601809679,0.638002182,3502.0,677.0
0.742800711520648,0.0,0.592499538,0.666260174,3502.0,677.0
0.8295775844866771,0.0,0.580961153,0.680751575,3502.0,677.0
0.8915134449407571,0.002274719,0.569363664,0.677785393,3502.0,677.0
0.9127775934231536,0.147300679,0.544744966,0.666037827,3502.0,677.0
0.9095719056917729,0.288336512,0.548724942,0.640537011,3502.0,677.0
0.8989051346254375,0.367313189,0.575662505,0.623263316,3502.0,677.0
0.8905315385394232,0.457077192,0.575972769,0.632483018,3502.0,677.0
0.8861318302756821,0.49607085,0.581911483,0.670103621,3502.0,677.0
0.883420982225357,0.532600268,0.593272303,0.71082839,3502.0,677.0
0.8805516804861652,0.488779747,0.596735871,0.727663333,3502.0,677.0
0.8823838232024486,0.439060407,0.618242102,0.748882444,3502.0,677.0
0.8922718119187079,0.370197659,0.597221035,0.764965149,3502.0,677.0
0.904489779617273,0.259072064,0.550540226,0.753123065,3502.0,677.0
0.9145851064136166,0.142791368,0.488872399,0.747399769,3502.0,677.0
0.9132847946669339,0.002044103,0.431711749,0.709661731,3502.0,677.0
0.8776631809811418,0.0,0.394252441,0.65762151,3502.0,677.0
0.8225686368980543,0.0,0.375288828,0.626710882,3502.0,677.0
0.7861893119809242,0.0,0.37183745,0.593200669,3502.0,677.0
0.7296655955256101,0.0,0.365749817,0.606003787,3502.0,677.0
0.6898412167647552,0.0,0.365964984,0.6308912115,3502.0,677.0
0.6742792423318787,0.0,0.3599419585,0.6226760215,3502.0,677.0
0.70214243805002,0.0,0.349244053,0.602280193,3502.0,677.0
0.7653780483911016,0.0,0.323946874,0.584238276,3502.0,677.0
0.8530867725419847,0.0,0.300784771,0.568730702,3502.0,677.0
0.904393602364516,0.003005047,0.271121928,0.565236838,3502.0,677.0
0.9296887643187988,0.257880002,0.237126215,0.563193935,3502.0,677.0
0.9164531165366485,0.458363075,0.224022403,0.523565781,3502.0,677.0
0.9060138180738994,0.620739425,0.218794156,0.502057664,3502.0,677.0
0.8961027918112345,0.718302091,0.236807663,0.515590279,3502.0,677.0
0.887759163361664,0.783346376,0.251813474,0.486609565,3502.0,677.0
0.8864060337186923,0.764816353,0.250657064,0.430013603,3502.0,677.0
0.8806657446612647,0.697163296,0.245024942,0.38027107,3502.0,677.0
0.8823038472929906,0.599537761,0.241141832,0.352936253,3502.0,677.0
0.8981104319431202,0.454095717,0.239811136,0.331573993,3502.0,677.0
0.9075010525285411,0.270256195,0.218721691,0.324625544,3502.0,677.0
0.9173850143400999,0.090428041,0.217104143,0.363693687,3502.0,677.0
0.9084717210865129,0.001960052,0.237365698,0.47060512,3502.0,677.0
0.876439380098898,0.0,0.261116992,0.567004297,3502.0,677.0
0.8205881547793378,0.0,0.290011777,0.617906458,3502.0,677.0
0.7800792979743422,0.0,0.275173308,0.566789781,3502.0,677.0
0.7021609337755096,0.0,0.29734549050000003,0.49590838600000003,3502.0,677.0
0.6620857169913565,0.0,0.288716629,0.4820152805,3502.0,677.0
0.6737800481164675,0.0,0.2832297225,0.48245939950000005,3502.0,677.0
0.742190730888596,0.0,0.277194251,0.511061305,3502.0,677.0
0.828018427769544,0.0,0.269688378,0.517445554,3502.0,677.0
0.8871421122964792,0.001372154,0.26208738,0.508811236,3502.0,677.0
0.9103981678650807,0.040554396,0.249791238,0.50954535,3502.0,677.0
0.9078494256727677,0.094070772,0.233859982,0.498869397,3502.0,677.0
0.8976993143900336,0.148314918,0.2039325,0.453858592,3502.0,677.0
0.8890399961690234,0.220718116,0.262419788,0.469903539,3502.0,677.0
0.8831112861111534,0.287400554,0.309221433,0.47236108,3502.0,677.0
0.8804703935707842,0.309861476,0.34558078,0.478258911,3502.0,677.0
0.8765534441115633,0.328829395,0.375317329,0.506577995,3502.0,677.0
0.8769141788185149,0.306304328,0.402504444,0.557643962,3502.0,677.0
0.8830816930478305,0.269551901,0.398368439,0.589445213,3502.0,677.0
0.8879413100186808,0.201571365,0.394771532,0.611732427,3502.0,677.0
0.8992477013989886,0.116185428,0.388414747,0.620092345,3502.0,677.0
0.8903486427361647,0.002273573,0.37524549,0.617110755,3502.0,677.0
0.8688801529210847,0.0,0.374294706,0.59715666,3502.0,677.0
0.8188182886615983,0.0,0.384921638,0.573729128,3502.0,677.0
0.7794137367661924,0.0,0.369825724,0.517834126,3502.0,677.0
0.6983226024387923,0.0,0.4009134305,0.528213064,3502.0,677.0
0.6568177450660115,0.0,0.444503466,0.53547822,3502.0,677.0
0.6551675618014016,0.0,0.47727743,0.601816699,3502.0,677.0
0.6791478494637149,0.0,0.490750441,0.667425996,3502.0,677.0
0.7359699304653732,0.0,0.502418247,0.694013053,3502.0,677.0
0.8232997521383386,0.0,0.517311846,0.682127379,3502.0,677.0
0.8725969750764487,0.003439293,0.538229203,0.688772911,3502.0,677.0
0.8895730444200498,0.10897062,0.545624764,0.723328105,3502.0,677.0
0.881954256704904,0.218200882,0.56390904,0.729179997,3502.0,677.0
0.8741783264692485,0.330924193,0.505674308,0.654968198,3502.0,677.0
0.8707231587451754,0.380816894,0.575804843,0.663694995,3502.0,677.0
0.8689242614237944,0.435681095,0.621149456,0.681192054,3502.0,677.0
0.8684211808092117,0.42902684,0.646808489,0.695503193,3502.0,677.0
0.870331051833794,0.370048408,0.658103758,0.718926891,3502.0,677.0
0.8711830674522846,0.299103513,0.683696647,0.735108067,3502.0,677.0
0.8758770197956063,0.202765129,0.695405437,0.753185279,3502.0,677.0
0.88112705793636,0.116475341,0.700487256,0.76161445,3502.0,677.0
0.8869748556519698,0.05136108,0.713503833,0.726280694,3502.0,677.0
0.8807374794747616,0.002276134,0.717302952,0.69748971,3502.0,677.0
0.8632143145759313,0.0,0.734396549,0.708145186,3502.0,677.0
0.8212660775502123,0.0,0.745416089,0.741515215,3502.0,677.0
0.7828547636239996,0.0,0.749197635,0.694397311,3502.0,677.0
0.694142874828918,0.0,0.748367289,0.770555263,3502.0,677.0
0.6595025119602814,0.0,0.751141573,0.81290413,3502.0,677.0
0.628440043440931,0.0,0.737841364,0.7805725324999999,3502.0,677.0
0.6279980217373814,0.0,0.6880109595,0.7395028480000001,3502.0,677.0
0.6503315443990723,0.0,0.644421969,0.717229551,3502.0,677.0
0.6644921600570698,0.0,0.617026638,0.74107189,3502.0,677.0
0.6969093503988067,0.00294371,0.607439814,0.772693315,3502.0,677.0
0.7282910203532136,0.078768265,0.594377861,0.729968051,3502.0,677.0
0.7523804086906896,0.156049593,0.575676093,0.639102811,3502.0,677.0
0.7506752537343458,0.315163875,0.539502674,0.607645142,3502.0,677.0
0.7471792083225561,0.446176379,0.585432234,0.60705171,3502.0,677.0
0.7462511499748105,0.482269645,0.610992832,0.630401117,3502.0,677.0
0.7450467812508584,0.505012917,0.640461507,0.635131434,3502.0,677.0
0.7448139237931831,0.465480032,0.685952556,0.640270437,3502.0,677.0
0.7445234256072452,0.42735723,0.707351517,0.656531863,3502.0,677.0
0.7623338110959886,0.374627748,0.716650702,0.681599801,3502.0,677.0
0.7848070575722477,0.266483205,0.723858549,0.720227439,3502.0,677.0
0.8063356697843415,0.164965152,0.725016045,0.737647144,3502.0,677.0
0.7944692592639644,0.0016942975,0.726860614,0.8076593515,3502.0,677.0
0.7738916960025563,0.0,0.736894631,0.85215121,3502.0,677.0
0.7493312548391059,0.0,0.747652818,0.823394422,3502.0,677.0
0.6969424083447148,0.0,0.761586241,0.827886953,3502.0,677.0
0.6621821750927369,0.0,0.767450753,0.860922851,3502.0,677.0
0.6305070101237743,0.0,0.779431989,0.870968226,3502.0,677.0
0.6303691827277604,0.0,0.7978777635000001,0.9038770965,3502.0,677.0
0.662258569004597,0.0,0.812797284,0.91120744,3502.0,677.0
0.7065223865258141,0.004375416,0.816342981,0.907136135,3502.0,677.0
0.7460625415253735,0.141639908,0.806688512,0.903522467,3502.0,677.0
0.77156607171704,0.283141111,0.793764439,0.895652552,3502.0,677.0
0.7687188710914515,0.392774401,0.850963633,0.894357182,3502.0,677.0
0.7653878815040434,0.495390042,0.86843839,0.898778638,3502.0,677.0
0.7599671218361954,0.548732963,0.87709233,0.902301744,3502.0,677.0
0.758575877185316,0.586605595,0.881882377,0.919208063,3502.0,677.0
0.7566526612217412,0.59152773,0.877709653,0.927699086,3502.0,677.0
0.7609850829308382,0.544708662,0.874662305,0.930552014,3502.0,677.0
0.7816176647462291,0.442961215,0.87173255,0.931515386,3502.0,677.0
0.7950701091482846,0.315186457,0.847527381,0.931663016,3502.0,677.0
0.8113968186270347,0.162343909,0.836401903,0.931094317,3502.0,677.0
0.801718322029956,0.0015762895,0.7922399874999999,0.920742079,3502.0,677.0
0.7767757006301294,0.0,0.763815415,0.907170248,3502.0,677.0
0.7517946832113374,0.0,0.788888448,0.905155183,3502.0,677.0
0.714748392193203,0.0,0.760065621,0.897567293,3502.0,677.0
0.6810215252894594,0.0,0.741285645,0.88551913,3502.0,677.0
0.6579818917676425,0.0,0.730242842,0.871450723,3502.0,677.0
0.6541655678200314,0.0,0.721279088,0.851806472,3502.0,677.0
0.6549228110786196,0.0,0.713652168,0.826562423,3502.0,677.0
0.6791478494637149,0.0,0.689177236,0.797379161,3502.0,677.0
0.7361842923599932,0.0,0.660304195,0.755061537,3502.0,677.0
0.8239875080221551,0.0,0.616245033,0.707447758,3502.0,677.0
0.8795028154847105,0.006274129,0.565958801,0.664903288,3502.0,677.0
0.8994580363889081,0.162050444,0.537335985,0.629142271,3502.0,677.0
0.8912542253971859,0.364052565,0.558338387,0.607869852,3502.0,677.0
0.8807094785908534,0.486993332,0.568113753,0.602467121,3502.0,677.0
0.8763052751247938,0.573107797,0.608154628,0.600861662,3502.0,677.0
0.8693939563815969,0.5996084115,0.6563417435000001,0.5860252985000001,3502.0,677.0
0.8670108317921299,0.540567526,0.670844611,0.592293836,3502.0,677.0
0.8684474023895787,0.511776329,0.648415305,0.593786205,3502.0,677.0
0.8729335483551979,0.420646377,0.602025832,0.591675974,3502.0,677.0
0.8787481944004025,0.307633745,0.511783663,0.584911812,3502.0,677.0
0.8864722433350053,0.170117524,0.392669573,0.557125248,3502.0,677.0
0.8900567398198064,0.003723251,0.323489942,0.510287439,3502.0,677.0
0.8667935668746063,0.0,0.283037217,0.481437607,3502.0,677.0
0.8181078698044972,0.0,0.261155588,0.442619157,3502.0,677.0
0.7796914520352533,0.0,0.238914143,0.43514522,3502.0,677.0
0.7152549378528047,0.0,0.241704626,0.485134989,3502.0,677.0
0.6812081671487947,0.0,0.241080788,0.483687521,3502.0,677.0
0.6591046924027217,0.0,0.243241787,0.440929444,3502.0,677.0
0.6560832585864224,0.0,0.2396326765,0.402903995,3502.0,677.0
0.6814315192856175,0.0,0.233338492,0.358694034,3502.0,677.0
0.7384846314979444,0.0,0.221127123,0.333943204,3502.0,677.0
0.8241834209723169,0.0,0.213921254,0.30122468,3502.0,677.0
0.8798107322953731,0.003107189,0.217719888,0.269324148,3502.0,677.0
0.9043309513552853,0.048309261,0.224632901,0.23654005,3502.0,677.0
0.896184640748731,0.133613631,0.263623751,0.220288749,3502.0,677.0
0.883616988900016,0.247600477,0.303116657,0.232557976,3502.0,677.0
0.8769203595998771,0.308644536,0.351446158,0.214823037,3502.0,677.0
0.8704400587844596,0.43297242,0.38184935,0.209992976,3502.0,677.0
0.8675008016165289,0.480728277,0.404367566,0.2315536055,3502.0,677.0
0.8660417552511387,0.467736303,0.398828345,0.324633291,3502.0,677.0
0.8707230651831123,0.414601627,0.379331481,0.359844719,3502.0,677.0
0.8777521471328027,0.284470436,0.31589981,0.392443376,3502.0,677.0
0.8848967917125102,0.145904938,0.28487022,0.417112634,3502.0,677.0
0.8818640731093832,0.004199675,0.279077961,0.435042806,3502.0,677.0
0.8667626628053604,0.0,0.285007535,0.436991218,3502.0,677.0
0.8187150877567402,0.0,0.287667606,0.422415336,3502.0,677.0
0.7794597182969404,0.0,0.322788587,0.439061389,3502.0,677.0
0.715545997898424,0.0,0.3472565,0.451482775,3502.0,677.0
0.6713016125354985,0.0,0.367582705,0.525173613,3502.0,677.0
0.6569529268972296,0.0,0.39391633800000003,0.6394786935,3502.0,677.0
0.6814315192856175,0.0,0.421057079,0.674920035,3502.0,677.0
0.7384846314979444,0.0,0.439569809,0.661225172,3502.0,677.0
0.8246229143073007,0.0,0.474519259,0.648859173,3502.0,677.0
0.8789427963446413,0.009247633,0.527770486,0.667767428,3502.0,677.0
0.8961513017917653,0.084498309,0.577637728,0.693063787,3502.0,677.0
0.8893800344927917,0.144411332,0.625100657,0.709883597,3502.0,677.0
0.8779770912866062,0.197141656,0.688939613,0.724905729,3502.0,677.0
0.8756591930184014,0.236906417,0.741526564,0.76460614,3502.0,677.0
0.8716033626965687,0.254151557,0.778136208,0.785928009,3502.0,677.0
0.8725738438055459,0.250614772,0.799556287,0.758138318,3502.0,677.0
0.8759023986676684,0.219037538,0.812588439,0.751295639,3502.0,677.0
0.8781512778587195,0.195892905,0.81494849,0.816846552,3502.0,677.0
0.8857901999349331,0.161640615,0.808678185,0.79626477,3502.0,677.0
0.8930045191759729,0.11394737,0.799725746,0.799183206,3502.0,677.0
0.9022727409282698,0.063779512,0.794256343,0.800125058,3502.0,677.0
0.8900567398198064,0.002889876,0.771491727,0.77849658,3502.0,677.0
0.8681691722043022,0.0,0.764875048,0.738785753,3502.0,677.0
0.8180550519082084,0.0,0.750912013,0.734041324,3502.0,677.0
0.7794597182969404,0.0,0.752952303,0.725593943,3502.0,677.0
0.7146256655679898,0.0,0.720584683,0.748350646,3502.0,677.0
0.6693320639397877,0.0,0.6873664825,0.7444341575,3502.0,677.0
0.6535353591024146,0.0,0.666339527,0.706907796,3502.0,677.0
0.6535266029278035,0.0,0.667360373,0.699241818,3502.0,677.0
0.6780674248088358,0.0,0.668031616,0.706449611,3502.0,677.0
0.7348545280555162,0.0,0.659816209,0.709038919,3502.0,677.0
0.8217289830047225,0.0,0.640455656,0.723440514,3502.0,677.0
0.875929743967398,0.006041162,0.614290402,0.768049237,3502.0,677.0
0.9023000862279995,0.131284673,0.584361656,0.776083924,3502.0,677.0
0.8958490039027839,0.289173372,0.579034708,0.775507512,3502.0,677.0
0.8874692270354073,0.428834637,0.526579119,0.676439943,3502.0,677.0
0.8808534165154652,0.527055817,0.548470078,0.712403337,3502.0,677.0
0.8775423741649987,0.604685315,0.588932968,0.72573513,3502.0,677.0
0.8761014956517917,0.613260265,0.625603545,0.744118301,3502.0,677.0
0.8763322460138366,0.613853731,0.656464801,0.786312113,3502.0,677.0
0.8795531984932798,0.550395625,0.671233145,0.800212958,3502.0,677.0
0.8853980930235518,0.444404974,0.658332293,0.810158519,3502.0,677.0
0.8930045191759729,0.327545988,0.58709185,0.80479119,3502.0,677.0
0.9051945793902588,0.187818768,0.498581273,0.785062955,3502.0,677.0
0.9016727339146887,0.00468787,0.434332469,0.730503574,3502.0,677.0
0.8763050878382334,0.0,0.402920012,0.676584249,3502.0,677.0
0.8192945856736986,0.0,0.378227773,0.59787019,3502.0,677.0
0.7772669345982027,0.0,0.412891397,0.610057661,3502.0,677.0
0.7173210149650945,0.0,0.377449948,0.583411081,3502.0,677.0
0.674644659446492,0.0,0.334648991,0.5394356075,3502.0,677.0
0.6613834221964205,0.0,0.2945078605,0.45425171350000004,3502.0,677.0
0.6874333221063731,0.0,0.285083387,0.427687881,3502.0,677.0
0.7455891475361771,0.0,0.275701303,0.435967219,3502.0,677.0
0.833806196650203,0.0,0.275419781,0.442385577,3502.0,677.0
0.8924488079516617,0.015579456,0.274366921,0.430414471,3502.0,677.0
0.91010008416736,0.201932283,0.281093741,0.403900179,3502.0,677.0
0.9054120315943428,0.378090633,0.301416519,0.373765013,3502.0,677.0
0.8926030472868337,0.522272755,0.294796545,0.371497992,3502.0,677.0
0.8881677524649677,0.65929686,0.337395828,0.378194096,3502.0,677.0
0.8828616186694664,0.74114794,0.362907411,0.37183846,3502.0,677.0
0.8804007189094519,0.783961213,0.418572703,0.417376919,3502.0,677.0
0.8805513059130443,0.730713798,0.462201299,0.462413602,3502.0,677.0
0.8797627841745235,0.667890354,0.50831541,0.515363267,3502.0,677.0
0.8901098385647189,0.531615082,0.544346238,0.543427926,3502.0,677.0
0.9035257601382817,0.386717044,0.530090434,0.554288332,3502.0,677.0
0.9129814664582189,0.193610926,0.489735208,0.559975074,3502.0,677.0
0.9095886687323189,0.005276091,0.461134527,0.572632317,3502.0,677.0
0.8763406743963583,0.0,0.444707172,0.575103894,3502.0,677.0
0.8207421132658861,0.0,0.438546519,0.59377709,3502.0,677.0
0.7784200776052806,0.0,0.386237018,0.543151656,3502.0,677.0
0.7032555462401202,0.0,0.392437306,0.537224907,3502.0,677.0
0.6702543159980747,0.0,0.415114208,0.533069492,3502.0,677.0
0.6409654831242733,0.0,0.43936920349999997,0.5372976525,3502.0,677.0
0.6446617962642316,0.0,0.47174789699999997,0.575780171,3502.0,677.0
0.6679077144807517,0.0,0.476445367,0.544295204,3502.0,677.0
0.6822626042908989,0.0,0.474119197,0.558377584,3502.0,677.0
0.7132816666727498,0.01643021,0.471360793,0.571443435,3502.0,677.0
0.7497201777165259,0.115908647,0.45961943,0.579386462,3502.0,677.0
0.7804839069539772,0.189802465,0.47812375,0.587473187,3502.0,677.0
0.7871244875428343,0.239431447,0.507008475,0.641545853,3502.0,677.0
0.7868449461892006,0.283109301,0.500531025,0.680725445,3502.0,677.0
0.7853169745523713,0.324650217,0.495752081,0.721867949,3502.0,677.0
0.7834789320657831,0.335468283,0.498245666,0.742717358,3502.0,677.0
0.7795042950972682,0.316162401,0.50729592,0.743002824,3502.0,677.0
0.7874278155891151,0.304646792,0.501350816,0.735684777,3502.0,677.0
0.8196493268858482,0.239474622,0.484759217,0.718371188,3502.0,677.0
0.830929122112668,0.183786801,0.446139754,0.690342991,3502.0,677.0
0.8342341711307669,0.106072345,0.387915696,0.611243421,3502.0,677.0
0.8139298279361009,0.001998906,0.31826663,0.590022788,3502.0,677.0
0.778209414823272,0.0,0.284189123,0.66359924,3502.0,677.0
0.7501179972740855,0.0,0.270317223,0.652668848,3502.0,677.0
0.7151730889153082,0.0,0.26965805,0.641815138,3502.0,677.0
0.6727772112643584,0.0,0.267072261,0.612382499,3502.0,677.0
0.6537717049144076,0.0,0.2632353965,0.6060386775,3502.0,677.0
0.6668226073369938,0.0,0.271273102,0.616338705,3502.0,677.0
0.6858395154263514,0.0,0.273729883,0.608169114,3502.0,677.0
0.7185105402951364,0.021650506,0.267280912,0.593427109,3502.0,677.0
0.7591586060797015,0.202728232,0.245620319,0.566762657,3502.0,677.0
0.7806026066744899,0.38218891,0.306961913,0.55288101,3502.0,677.0
0.7832444358100954,0.529960667,0.341185899,0.577750825,3502.0,677.0
0.7754133932959602,0.636322314,0.40768997,0.581739016,3502.0,677.0
0.7688483405201425,0.708008473,0.444094795,0.580475328,3502.0,677.0
0.761062343103953,0.71767187,0.478139324,0.589703238,3502.0,677.0
0.7598734731956556,0.697672701,0.51474126,0.596185697,3502.0,677.0
0.7622882978628588,0.647276713,0.558323418,0.573902831,3502.0,677.0
0.7821744529088711,0.499814869,0.566550132,0.524345298,3502.0,677.0
0.8069176025890196,0.370175876,0.542242832,0.479112818,3502.0,677.0
0.8204351328880257,0.223685547,0.469999778,0.445082639,3502.0,677.0
0.8083394704605213,0.0035734825,0.43070635749999997,0.450417293,3502.0,677.0
0.7765950054845643,0.0,0.420162682,0.506358174,3502.0,677.0
0.7482076581143193,0.0,0.431154307,0.603705696,3502.0,677.0
0.7086556330777349,0.0,0.4048410495,0.602413884,3502.0,677.0
0.6726041017117932,0.0,0.393406893,0.6154513669999999,3502.0,677.0
0.6850478094914351,0.0,0.406011135,0.552974203,3502.0,677.0
0.7515901544296593,0.0,0.415640944,0.542414041,3502.0,677.0
0.8365669595739134,0.0,0.437533526,0.583277062,3502.0,677.0
0.8936847831100698,0.026517257,0.457466002,0.620121588,3502.0,677.0
0.9133077384888422,0.18090104,0.492086462,0.663152047,3502.0,677.0
0.908775142857291,0.282256172,0.587217339,0.712916616,3502.0,677.0
0.901947030757328,0.344727845,0.699719932,0.801496821,3502.0,677.0
0.8961027918112345,0.35242732,0.740081526,0.824880411,3502.0,677.0
0.8933753678444898,0.349451357,0.759679531,0.858775632,3502.0,677.0
0.8912493556217465,0.369995381,0.774672241,0.881373076,3502.0,677.0
0.8873752973838097,0.371970551,0.782853178,0.891783331,3502.0,677.0
0.888603593468372,0.357067835,0.783353077,0.886334446,3502.0,677.0
0.9036594903768308,0.310381941,0.783217968,0.861671664,3502.0,677.0
0.9234868809752179,0.26534091,0.786596108,0.846458229,3502.0,677.0
0.9319284658186523,0.168902519,0.781364228,0.841289303,3502.0,677.0
0.9192651051772329,0.007948459,0.763446611,0.844667696,3502.0,677.0
0.8808806684155658,0.0,0.731214308,0.889074472,3502.0,677.0
0.8261043425537008,0.0,0.694175184,0.88953308,3502.0,677.0
0.7907991677855902,0.0,0.696572724,0.889838984,3502.0,677.0
0.7298840778869935,0.0,0.690398846,0.88847221,3502.0,677.0
0.6880366302689287,0.0,0.674862881,0.884240666,3502.0,677.0
0.6726585584060943,0.0,0.661359482,0.837252231,3502.0,677.0
0.6731427221034691,0.0,0.656241813,0.840211656,3502.0,677.0
0.698399394314289,0.0,0.647448253,0.837662588,3502.0,677.0
0.7569445171946337,0.0,0.643418494,0.806906885,3502.0,677.0
0.8429820809303173,0.0,0.636986037,0.801465762,3502.0,677.0
0.9013731517620506,0.027463568,0.627590243,0.807452834,3502.0,677.0
0.9314236059005285,0.282039819,0.577938276,0.809288654,3502.0,677.0
0.9304925508053821,0.450061157,0.668524392,0.821486919,3502.0,677.0
0.9206851935827594,0.5863721,0.666807404,0.826550261,3502.0,677.0
0.91219247642208,0.669573502,0.697682249,0.822208964,3502.0,677.0
0.9064193167053048,0.748567845,0.713752726,0.798758112,3502.0,677.0
0.9026950027626555,0.748564708,0.732573748,0.779580067,3502.0,677.0
0.8962874669180342,0.734375498,0.744201041,0.766657598,3502.0,677.0
0.8926613903803063,0.665500032,0.755844696,0.745012312,3502.0,677.0
0.9059960247136198,0.560439818,0.761365704,0.73123781,3502.0,677.0
0.9247680883556982,0.409335975,0.742936965,0.747529073,3502.0,677.0
0.9349662414837792,0.243502479,0.684200379,0.749071875,3502.0,677.0
0.924388062158418,0.010229904,0.67061649,0.721703256,3502.0,677.0
0.882880348462548,0.0,0.667363346,0.684080432,3502.0,677.0
0.8303853043158976,0.0,0.658584061,0.648241276,3502.0,677.0
0.7955209338886937,0.0,0.637735338,0.607351966,3502.0,677.0
0.7346154898164785,0.0,0.631046229,0.617740863,3502.0,677.0
0.6935482058883944,0.0,0.628172525,0.6267913599999999,3502.0,677.0
0.6799219494873463,0.0,0.616368407,0.620958954,3502.0,677.0
0.6820242684170712,0.0,0.611151839,0.60516479,3502.0,677.0
0.7074317150804781,0.0,0.599117003,0.613937873,3502.0,677.0
0.7698383942929402,0.0,0.583794192,0.603064923,3502.0,677.0
0.8531276034486698,0.0,0.5690648,0.595995642,3502.0,677.0
0.9043337608161258,0.045352697,0.545583952,0.589572421,3502.0,677.0
0.9297526326094552,0.309718046,0.488206434,0.558989555,3502.0,677.0
0.9209479717334129,0.518523298,0.51327434,0.529322099,3502.0,677.0
0.9088238401243822,0.69045646,0.544611088,0.491352949,3502.0,677.0
0.9012721984583516,0.83259631,0.536529646,0.433855703,3502.0,677.0
0.8931348780940002,0.899548679,0.523460783,0.396965011,3502.0,677.0
0.8875330017640006,0.974434918,0.51547482,0.385395602,3502.0,677.0
0.8829303568979965,0.950204789,0.527752642,0.394134614,3502.0,677.0
0.8846262406010796,0.867132952,0.548985799,0.410533302,3502.0,677.0
0.901901517524198,0.729948269,0.565408447,0.440923167,3502.0,677.0
0.9118947672974801,0.543155812,0.561888686,0.444643936,3502.0,677.0
0.9273694611577395,0.317865837,0.511861565,0.42030675,3502.0,677.0
0.918040367862187,0.012760665,0.512767034,0.421849038,3502.0,677.0
0.8807412255308383,0.0,0.506508347,0.442897691,3502.0,677.0
0.8284561416385524,0.0,0.498485846,0.462258316,3502.0,677.0
0.7955209338886937,0.0,0.428889251,0.352003338,3502.0,677.0
0.7348751307142022,0.0,0.411903053,0.350083961,3502.0,677.0
0.6920439740819636,0.0,0.3833392795,0.337096419,3502.0,677.0
0.6808909088321072,0.0,0.3535503805,0.32269906000000004,3502.0,677.0
0.7108311618853586,0.0,0.334257587,0.309470602,3502.0,677.0
0.7748300557608618,0.0,0.318339295,0.294204273,3502.0,677.0
0.8544394340497723,0.0,0.307013922,0.280618871,3502.0,677.0
0.904687940168594,0.052157717,0.288056133,0.262138684,3502.0,677.0
0.9297526326094552,0.348731813,0.261521633,0.22788374,3502.0,677.0
0.9160457447147704,0.55229603,0.263524997,0.180399165,3502.0,677.0
0.905585656306775,0.728364512,0.218570504,0.143885563,3502.0,677.0
0.8961027918112345,0.861576456,0.208610205,0.092959762,3502.0,677.0
0.8878306173265372,0.946553764,0.204485907,0.061051566,3502.0,677.0
0.882068976301748,0.984318378,0.214089554,0.063778465,3502.0,677.0
0.8769483606462193,0.970654441,0.233575494,0.102647579,3502.0,677.0
0.8755372624828959,0.887755175,0.256054871,0.180734998,3502.0,677.0
0.8798661723659421,0.751103931,0.291297762,0.243145791,3502.0,677.0
0.8869943345912932,0.558706819,0.32271665,0.290523733,3502.0,677.0
0.9061754556342934,0.322413704,0.336699067,0.339887296,3502.0,677.0
0.9110395676450282,0.011661857,0.387806544,0.373848058,3502.0,677.0
0.8766208711717363,0.0,0.416741464,0.37988481,3502.0,677.0
0.8226229532492608,0.0,0.427820015,0.394860609,3502.0,677.0
0.7890443789669188,0.0,0.410065354,0.412651717,3502.0,677.0
0.7290923721145114,0.0,0.419424675,0.443060453,3502.0,677.0
0.7014464412326765,0.0,0.414106754,0.454226678,3502.0,677.0
0.6761343992040519,0.0,0.395493562,0.462112195,3502.0,677.0
0.6737053632553843,0.0,0.382081565,0.472050331,3502.0,677.0
0.6983624967502411,0.0,0.369001992,0.500939112,3502.0,677.0
0.7541284080872858,0.0,0.360949714,0.536052277,3502.0,677.0
0.8366128473801642,0.0,0.354287176,0.55592406,3502.0,677.0
0.8924488079516617,0.052197854,0.346661457,0.555172556,3502.0,677.0
0.91010008416736,0.17795181,0.306566632,0.517765426,3502.0,677.0
0.9015160595293631,0.274193362,0.299573073,0.490371283,3502.0,677.0
0.88804104587852,0.345975686,0.338737267,0.463982229,3502.0,677.0
0.8807395397893603,0.412434724,0.401731563,0.452875177,3502.0,677.0
0.8761754780664478,0.42053053,0.493137619,0.4859352,3502.0,677.0
0.8752711128492864,0.368765188,0.561898292,0.515119138,3502.0,677.0
0.8746019931964885,0.309760911,0.61659022,0.543118044,3502.0,677.0
0.8779935734785286,0.224539498,0.668173754,0.577681091,3502.0,677.0
0.8910330272994592,0.165872975,0.679101772,0.624476364,3502.0,677.0
0.9036714773664346,0.111423763,0.682038727,0.673562837,3502.0,677.0
0.9098202619651028,0.05356407,0.706436164,0.707361947,3502.0,677.0
0.8989268611659201,0.005103629,0.727717059,0.759877859,3502.0,677.0
0.8696817855310062,0.0,0.74546457,0.80905722,3502.0,677.0
0.8184275863182032,0.0,0.764176273,0.861441227,3502.0,677.0
0.778047870987375,0.0,0.759044481,0.82710242,3502.0,677.0
0.7006550163088179,0.0,0.758447195,0.775970776,3502.0,677.0
0.6525125517040652,0.0,0.7513315190000001,0.827028567,3502.0,677.0
0.6345184510130568,0.0,0.748826945,0.8573461675,3502.0,677.0
0.6444553242829678,0.0,0.761150555,0.816816855,3502.0,677.0
0.6646986554288493,0.0,0.768621849,0.746772573,3502.0,677.0
0.6807650684256972,0.0,0.780143819,0.67680252,3502.0,677.0
0.7113410788654821,0.0395354,0.784158779,0.708406166,3502.0,677.0
0.7488268630561661,0.241431887,0.770360581,0.703842121,3502.0,677.0
0.7782209336776919,0.407762747,0.847677071,0.698108204,3502.0,677.0
0.7859880609577049,0.516255234,0.824889714,0.757007347,3502.0,677.0
0.7847498849791691,0.611343393,0.860068102,0.736118729,3502.0,677.0
0.7807579698914584,0.656846106,0.872226958,0.710740972,3502.0,677.0
0.778487083148867,0.684926171,0.873764146,0.71532418,3502.0,677.0
0.7772741455368646,0.604501902,0.872352113,0.801335519,3502.0,677.0
0.7826036916143264,0.555199511,0.871235473,0.821936471,3502.0,677.0
0.8107062532823777,0.459748013,0.861237266,0.843561213,3502.0,677.0
0.8281991696961405,0.324646104,0.84555717,0.864173264,3502.0,677.0
0.8308291054042054,0.187178859,0.820603439,0.879857016,3502.0,677.0
0.8084225367606606,0.0050784155,0.7507589775000001,0.879274865,3502.0,677.0
0.7763637868249011,0.0,0.676759418,0.836668853,3502.0,677.0
0.7496304622561891,0.0,0.580825503,0.775865318,3502.0,677.0
0.6838890477251102,0.0,0.5403659315,0.7371521595,3502.0,677.0
0.6318797123493495,0.0,0.496218543,0.735689015,3502.0,677.0
0.6348286388153943,0.0,0.4520350465,0.750183569,3502.0,677.0
0.6663379988137339,0.0,0.405617595,0.7764556885,3502.0,677.0
0.7116863615378106,0.0,0.372203279,0.808583564,3502.0,677.0
0.7493646873581346,0.030035315,0.349913954,0.822575258,3502.0,677.0
0.7789227368657109,0.152457545,0.345739287,0.819893533,3502.0,677.0
0.7860785255642834,0.282594486,0.385369423,0.82258053,3502.0,677.0
0.7781136123060701,0.399229596,0.342983758,0.77465166,3502.0,677.0
0.7672724206000292,0.46328636300000003,0.36387189750000004,0.7517400415,3502.0,677.0
0.7590484283037736,0.526809684,0.410164471,0.752398247,3502.0,677.0
0.7588403409150133,0.546110593,0.459217371,0.773451488,3502.0,677.0
0.7822489971832085,0.491033127,0.496514273,0.789470929,3502.0,677.0
0.8076135995687972,0.414639117,0.523141131,0.777476812,3502.0,677.0
0.8150578261387088,0.325128114,0.520049157,0.739608303,3502.0,677.0
0.8134230949899388,0.222251533,0.461333777,0.705070729,3502.0,677.0
0.7962441826061377,0.017393872,0.436187496,0.6800372,3502.0,677.0
0.7631774216412563,0.0,0.41883789250000003,0.6349231184999999,3502.0,677.0
0.7021676296355217,0.0,0.347280151,0.5995728119999999,3502.0,677.0
0.6663414560889867,0.0,0.347657635,0.610526989,3502.0,677.0
0.6958629201226377,0.0,0.342856495,0.602825953,3502.0,677.0
0.7534091862745422,0.0,0.337767841,0.603381866,3502.0,677.0
0.8421480457962325,0.0,0.329329652,0.577205181,3502.0,677.0
0.9007947775644547,0.0,0.328002746,0.543732836,3502.0,677.0
0.9291847471089798,0.068255944,0.318378966,0.515001955,3502.0,677.0
0.911695670313357,0.312602913,0.27649891,0.456185384,3502.0,677.0
0.8989415638918672,0.517811251,0.293761544,0.406976172,3502.0,677.0
0.8803011703361733,0.663317492,0.244074324,0.381120252,3502.0,677.0
0.8736604494042214,0.748305654,0.2659965,0.386835018,3502.0,677.0
0.8685727042456062,0.784019106,0.281394468,0.387877699,3502.0,677.0
0.8639681863515636,0.751320958,0.320057464,0.418714461,3502.0,677.0
0.8615717169043211,0.670848279,0.358884819,0.43098485,3502.0,677.0
0.8667384078150949,0.602296241,0.399188883,0.452041571,3502.0,677.0
0.8752221345711374,0.505965987,0.420157453,0.447909609,3502.0,677.0
0.8797906914963685,0.382022704,0.408700697,0.42522877,3502.0,677.0
0.8811787521132864,0.222142031,0.362689626,0.400828853,3502.0,677.0
0.8654968137350058,0.016867695,0.340425399,0.37823997,3502.0,677.0
0.8181673366173325,0.0,0.32786381,0.397623092,3502.0,677.0
0.7776894774436461,0.0,0.30278729,0.438674003,3502.0,677.0
0.7168317006436569,0.0,0.278719003,0.478495133,3502.0,677.0
0.6833706554189993,0.0,0.264388339,0.498313607,3502.0,677.0
0.6597580324724586,0.0,0.253102402,0.540537345,3502.0,677.0
0.6595456372491574,0.0,0.25987446,0.585373314,3502.0,677.0
0.685328849137552,0.0,0.268994847,0.603725224,3502.0,677.0
0.7418698904930933,0.0,0.270944732,0.601400479,3502.0,677.0
0.8285892164553572,0.0,0.270897888,0.575661888,3502.0,677.0
0.8924488079516617,0.0,0.269349099,0.551397143,3502.0,677.0
0.9138340440988248,0.08052414,0.259594951,0.534485979,3502.0,677.0
0.9043663506268498,0.299090842,0.209138775,0.519431087,3502.0,677.0
0.8870107230587183,0.486807179,0.191784883,0.504389531,3502.0,677.0
0.8716612374924232,0.664152776,0.164719605,0.465749873,3502.0,677.0
0.8607088380155892,0.803269816,0.199922046,0.463633728,3502.0,677.0
0.8569032369951246,0.872041292,0.239975973,0.469732017,3502.0,677.0
0.8529105258177067,0.901877111,0.282092671,0.483920538,3502.0,677.0
0.850822160467687,0.869075243,0.31184596,0.518331388,3502.0,677.0
0.8540858165569853,0.790571247,0.321056391,0.5565933,3502.0,677.0
0.8576365061120709,0.666514182,0.314510057,0.578076099,3502.0,677.0
0.8584917993265861,0.512165548,0.28015037,0.574860212,3502.0,677.0
0.8567637941103972,0.304381142,0.263115439,0.561894941,3502.0,677.0
0.8551652112169992,0.024888495,0.272593841,0.536828956,3502.0,677.0
0.8202565448380911,0.0,0.270969091,0.507453214,3502.0,677.0
0.7798227006050512,0.0,0.260857752,0.475054019,3502.0,677.0
0.7127340092578395,0.0,0.249273427,0.47822259,3502.0,677.0
0.6808518807006961,0.0,0.242809803,0.486378623,3502.0,677.0
0.6567091126072497,0.0,0.234248075,0.4821938525,3502.0,677.0
0.6563326917980834,0.0,0.232978984,0.446730537,3502.0,677.0
0.6818018528754847,0.0,0.227125521,0.425184347,3502.0,677.0
0.7403810638590368,0.0,0.219121933,0.407284291,3502.0,677.0
0.8258867030630564,0.0,0.214843194,0.383012679,3502.0,677.0
0.8914252279353378,0.0,0.207996954,0.36341004,3502.0,677.0
0.91010008416736,0.115522835,0.200123484,0.358194435,3502.0,677.0
0.8924126595338555,0.385725722,0.162695282,0.348126429,3502.0,677.0
0.8764285168286567,0.590713808,0.143198574,0.339450049,3502.0,677.0
0.8607271932355499,0.744452328,0.177981936,0.313278862,3502.0,677.0
0.8555328758515547,0.858183195,0.23078148,0.322149772,3502.0,677.0
0.8528146295760075,0.920942765,0.293915328,0.35305428,3502.0,677.0
0.8514691790068816,0.917893223,0.343194374,0.397969795,3502.0,677.0
0.8497373341725526,0.86096151,0.378464586,0.462874669,3502.0,677.0
0.8540858165569853,0.74880501,0.39620446,0.538009952,3502.0,677.0
0.8576365061120709,0.594850182,0.403355584,0.590865334,3502.0,677.0
0.8579836616500037,0.427903895,0.372026419,0.57942768,3502.0,677.0
0.8571915811419665,0.226954745,0.354916781,0.545307564,3502.0,677.0
0.857939553147294,0.01712613,0.349809145,0.532415002,3502.0,677.0
0.8205181057073189,0.0,0.331365779,0.514775937,3502.0,677.0
0.7820565023346001,0.0,0.313676927,0.497173847,3502.0,677.0
0.7118884554317689,0.0,0.301978842,0.48667157,3502.0,677.0
0.6683396221415188,0.0,0.2953688725,0.46716892649999997,3502.0,677.0
0.6539342322077895,0.0,0.26976879649999996,0.5021584370000001,3502.0,677.0
0.6795115341370357,0.0,0.26103507,0.5137088,3502.0,677.0
0.7367911357391151,0.0,0.26228429,0.509975072,3502.0,677.0
0.8246229143073007,0.0,0.252528319,0.480528744,3502.0,677.0
0.8820455641822215,0.0,0.246575027,0.444840506,3502.0,677.0
0.9050979340023181,0.080102084,0.225903924,0.406881616,3502.0,677.0
0.8912542253971859,0.257605559,0.206225547,0.370422858,3502.0,677.0
0.8807094785908534,0.425159658,0.24510514,0.350928722,3502.0,677.0
0.8767331558808605,0.580901187,0.325800945,0.382739856,3502.0,677.0
0.8716033626965687,0.670047112,0.363917194,0.412802335,3502.0,677.0
0.8687154248887924,0.764671159,0.395340214,0.487617871,3502.0,677.0
0.8672545055765808,0.78434709,0.44006966,0.50417701,3502.0,677.0
0.8673418798736952,0.757304835,0.491202085,0.521354745,3502.0,677.0
0.8737639311577032,0.681389821,0.535463052,0.550880801,3502.0,677.0
0.8787938949200927,0.552689501,0.556217106,0.536138707,3502.0,677.0
0.8864722433350053,0.382576672,0.550421186,0.542902634,3502.0,677.0
0.8869818793040712,0.223961479,0.523164554,0.561015469,3502.0,677.0
0.8670784461388632,0.014695515,0.536465529,0.594492305,3502.0,677.0
0.819146433557826,0.0,0.560184465,0.625969911,3502.0,677.0
0.7778653497572374,0.0,0.588919874,0.624445991,3502.0,677.0
0.7165654574479843,0.0,0.631772694,0.532760254,3502.0,677.0
0.6827425537970128,0.0,0.623801228,0.6208756,3502.0,677.0
0.6605839669348941,0.0,0.622821264,0.721379141,3502.0,677.0
0.658052596505057,0.0,0.6087935055,0.7470753605,3502.0,677.0
0.6835054158148478,0.0,0.568301922,0.764670772,3502.0,677.0
0.7410273334144237,0.0,0.533719181,0.757543265,3502.0,677.0
0.8262828368791382,0.0,0.513312741,0.731475462,3502.0,677.0
0.8913917016918118,0.0,0.495000333,0.715106733,3502.0,677.0
0.9199575433874941,0.087538618,0.468063963,0.707513279,3502.0,677.0
0.9103883347521388,0.260035473,0.499461455,0.654359885,3502.0,677.0
0.8990660230395898,0.414188808,0.564450513,0.647558552,3502.0,677.0
0.8885163128957548,0.532352323,0.6060952,0.586990491,3502.0,677.0
0.8835757834202101,0.628770099,0.640527547,0.661658822,3502.0,677.0
0.8791699880996041,0.693720517,0.685279475,0.743979547,3502.0,677.0
0.8759333025744803,0.713966218,0.731828148,0.772633932,3502.0,677.0
0.8771659064123665,0.713235247,0.77303287,0.800863024,3502.0,677.0
0.887018308732935,0.587898004,0.801251979,0.825243855,3502.0,677.0
0.8930045191759729,0.451425317,0.803376419,0.821498332,3502.0,677.0
0.8998084696852995,0.326021369,0.792707028,0.828974908,3502.0,677.0
0.894151153447165,0.171009682,0.761737953,0.857034138,3502.0,677.0
0.8745212679783545,0.013760826,0.762915092,0.877944661,3502.0,677.0
0.8194885321961931,0.0,0.767055279,0.890469163,3502.0,677.0
0.7777236592713507,0.0,0.770894775,0.895789196,3502.0,677.0
0.6850106543880623,0.0,0.7652192010000001,0.872829502,3502.0,677.0
0.6385890310043025,0.0,0.7211164845,0.878017124,3502.0,677.0
0.6382888168204357,0.0,0.6893353945,0.8213203105,3502.0,677.0
0.663617060111142,0.0,0.658629037,0.769976201,3502.0,677.0
0.6807650684256972,0.0,0.62885289,0.738302454,3502.0,677.0
0.7132816666727498,0.0,0.599733822,0.713960689,3502.0,677.0
0.7488701286881367,0.078860551,0.577334421,0.685791712,3502.0,677.0
0.77867522346312,0.273473303,0.568659533,0.651300113,3502.0,677.0
0.7800273229487923,0.441088587,0.611514137,0.638054123,3502.0,677.0
0.7699489464795549,0.575801587,0.55767739,0.584436053,3502.0,677.0
0.7564623671120434,0.6605932415,0.5700853425000001,0.5743206155,3502.0,677.0
0.7470496453318021,0.690328186,0.587981637,0.565380762,3502.0,677.0
0.7469190991272142,0.693230557,0.576805111,0.567531799,3502.0,677.0
0.7580745758742746,0.62187447,0.563203786,0.578796554,3502.0,677.0
0.7705420235655321,0.515030409,0.533682148,0.570406639,3502.0,677.0
0.7751305275652706,0.409047619,0.485760879,0.521429337,3502.0,677.0
0.7815768338395439,0.248486186,0.373355394,0.418976234,3502.0,677.0
0.7833645400985944,0.02619415,0.299923378,0.340836573,3502.0,677.0
0.773518365665288,0.0,0.25895919,0.281443091,3502.0,677.0
0.7511901809954376,0.0,0.218742836,0.251355935,3502.0,677.0
0.6650238504399246,0.0,0.164063343,0.248022673,3502.0,677.0
0.6230515223199846,0.0,0.145371228,0.2536986045,4121.0,796.0
0.6273837566613041,0.0,0.14252310499999998,0.2869917675,4121.0,796.0
0.6457923464695721,0.0,0.144652484,0.3275906,4121.0,796.0
0.656227618027621,0.0,0.151878299,0.34818992,4121.0,796.0
0.6737234374642873,0.0,0.163384202,0.372089249,4121.0,796.0
0.7152260005360943,0.105233275,0.169688917,0.398587312,4121.0,796.0
0.7526545651902341,0.273092164,0.149690353,0.403590555,4121.0,796.0
0.7546944675031885,0.43669519,0.123371592,0.378126448,4121.0,796.0
0.7386107294436794,0.587131244,0.118859543,0.328839021,4121.0,796.0
0.7291310489821003,0.714628256,0.155990896,0.361900311,4121.0,796.0
0.7230868700187105,0.78946563,0.194035855,0.42614073,4121.0,796.0
0.7174691670809672,0.801005698,0.22135496,0.470574092,4121.0,796.0
0.7149410743283717,0.741675194,0.247738838,0.478211802,4121.0,796.0
0.7227470189815027,0.636382987,0.268868162,0.510089076,4121.0,796.0
0.7349989810587778,0.494020336,0.277817343,0.534167869,4121.0,796.0
0.7424469536847662,0.32523496,0.271085561,0.552368998,4121.0,796.0
0.7461227576468847,0.157885598,0.278687747,0.562869848,4121.0,796.0
0.7484787241419655,0.019710157,0.303944451,0.558994409,4121.0,796.0
0.7407591236286496,0.0,0.309672723,0.540760256,4121.0,796.0
0.7241222497380778,0.0,0.314805601,0.520350949,4121.0,796.0
0.6776456779718829,0.0,0.307978981,0.4747446595,4121.0,796.0
0.6417320911981852,0.0,0.2974854275,0.496132188,4121.0,796.0
0.6402325652711491,0.0,0.290386939,0.516209258,4121.0,796.0
0.6593793639809158,0.0,0.283793412,0.513519263,4121.0,796.0
0.7030226420014133,0.0,0.285043002,0.484156072,4121.0,796.0
0.7638633279687673,0.0,0.285356774,0.450217309,4121.0,796.0
0.8170067486040008,0.0,0.292602697,0.417729531,4121.0,796.0
0.8548335075512552,0.058579411,0.295958655,0.402368154,4121.0,796.0
0.8560580577421749,0.193139175,0.262037093,0.3943049,4121.0,796.0
0.8462651223968759,0.353571423,0.291988443,0.396318647,4121.0,796.0
0.8400345825852084,0.516234768,0.325618317,0.35536943,4121.0,796.0
0.8367819768902777,0.626722852,0.399499757,0.363938262,4121.0,796.0
0.8347823904053586,0.67017543,0.436793177,0.382255113,4121.0,796.0
0.8326099285166834,0.655261876,0.470031052,0.401097156,4121.0,796.0
0.832461963687371,0.634634499,0.508591809,0.433490519,4121.0,796.0
0.8335818145185149,0.557085009,0.527418415,0.429655866,4121.0,796.0
0.8363408917007473,0.408930318,0.534715689,0.42129076,4121.0,796.0
0.8375073794843837,0.294100697,0.503862471,0.419819605,4121.0,796.0
0.8366298914317677,0.159060936,0.491940139,0.431740128,4121.0,796.0
0.8302851938829378,0.01533538,0.466815916,0.459753473,4121.0,796.0
0.7958556341394045,0.0,0.447594991,0.464621939,4121.0,796.0
0.7603104379184223,0.0,0.437753313,0.466803423,4121.0,796.0
0.6927619783696303,0.0,0.441383214,0.477252687,4121.0,796.0
0.6627123203208597,0.0,0.443875298,0.466350795,4121.0,796.0
0.6429461760012831,0.0,0.445967351,0.459979762,4121.0,796.0
0.638026062060298,0.0,0.450419728,0.452587429,4121.0,796.0
0.6391379526441043,0.0,0.460079109,0.444075616,4121.0,796.0
0.6576173642235826,0.0,0.463886866,0.417687798,4121.0,796.0
0.7003794082978215,0.0,0.470411119,0.397606717,4121.0,796.0
0.760941395782281,0.0,0.467655268,0.385288126,4121.0,796.0
0.8118299437316616,0.0,0.474495746,0.389844438,4121.0,796.0
0.845166342522036,0.066097069,0.47674384,0.401154148,4121.0,796.0
0.8501111797509046,0.194212748,0.514426239,0.420208399,4121.0,796.0
0.8430902450102439,0.367585495,0.556360919,0.448637403,4121.0,796.0
0.840083373576797,0.495657258,0.589422283,0.447608829,4121.0,796.0
0.838568512648934,0.586566488,0.669065135,0.534969707,4121.0,796.0
0.8361801905731554,0.631789582,0.722519344,0.602138527,4121.0,796.0
0.8345417133683085,0.657597665,0.758100912,0.637191194,4121.0,796.0
0.8348168530816867,0.665428567,0.784454517,0.667017033,4121.0,796.0
0.8357303022655485,0.591732719,0.798399508,0.71396005,4121.0,796.0
0.8386896003137007,0.53082694,0.800461156,0.723607635,4121.0,796.0
0.8417135159611853,0.404327854,0.780595286,0.745531127,4121.0,796.0
0.840730954138107,0.245628738,0.749225952,0.778037583,4121.0,796.0
0.8320063628960198,0.030818997,0.727580699,0.805597632,4121.0,796.0
0.7963352090723976,0.0,0.687294585,0.812511058,4121.0,796.0
0.7581287515575181,0.0,0.652444433,0.801642115,4121.0,796.0
0.6773946058809927,0.0,0.6105630835,0.7541887425,4121.0,796.0
0.6405789248818086,0.0,0.613178942,0.7343541794999999,4121.0,796.0
0.6395276248302001,0.0,0.616243172,0.670894787,4121.0,796.0
0.658039298265879,0.0,0.615705098,0.641177335,4121.0,796.0
0.7017980919729278,0.0,0.6056686,0.640745633,4121.0,796.0
0.7625623138568745,0.0,0.597494824,0.641643285,4121.0,796.0
0.8144673712270117,0.0,0.582700308,0.670969671,4121.0,796.0
0.8532529053046972,0.100516166,0.575778366,0.698982404,4121.0,796.0
0.8552012659103081,0.254813646,0.593913061,0.683183603,4121.0,796.0
0.842028362861886,0.399704853,0.622932213,0.677808473,4121.0,796.0
0.8395472348538724,0.53025815,0.60013059,0.63064647,4121.0,796.0
0.8352631827822115,0.626748779,0.62248919,0.600395321,4121.0,796.0
0.8347823904053586,0.689678696,0.636549939,0.587333684,4121.0,796.0
0.832908855085143,0.700591782,0.655342946,0.59060288,4121.0,796.0
0.832444732349207,0.669660314,0.660729548,0.61951693,4121.0,796.0
0.8340297360735862,0.594671307,0.65836737,0.643299722,4121.0,796.0
0.8364867026533975,0.480367093,0.63527132,0.670926655,4121.0,796.0
0.837361474807236,0.362529635,0.580733388,0.672544103,4121.0,796.0
0.8372153830059622,0.239796952,0.462368067,0.624722216,4121.0,796.0
0.831278431689697,0.045081478,0.385582244,0.57528183,4121.0,796.0
0.794876443636848,0.0,0.323582961,0.524175832,4121.0,796.0
0.757761274209523,0.0,0.273173638,0.483216065,4121.0,796.0
0.6936787520929821,0.0,0.284653375,0.449975592,4121.0,796.0
0.664044191720967,0.0,0.224695841,0.371175188,4121.0,796.0
0.645379355726013,0.0,0.180068548,0.300334756,4121.0,796.0
0.6430184258934297,0.0,0.150659127,0.259283466,4121.0,796.0
0.6458555593384843,0.0,0.131308908,0.254330751,4121.0,796.0
0.6660839533659584,0.0,0.114194252,0.25793581,4121.0,796.0
0.7093900025235281,0.0,0.105479499,0.274416229,4121.0,796.0
0.7758624855138597,0.0,0.106056434,0.295864961,4121.0,796.0
0.8349891667881959,0.0,0.113259877,0.313905292,4121.0,796.0
0.8652148374936525,0.146908387,0.115992397,0.326978807,4121.0,796.0
0.8622422414499734,0.337436863,0.093673794,0.326082291,4121.0,796.0
0.8536333062375324,0.531724417,0.086078512,0.32023406,4121.0,796.0
0.8400229701687254,0.707064351,0.087400654,0.336704655,4121.0,796.0
0.8363335870375882,0.847168634,0.102594616,0.337279138,4121.0,796.0
0.8336520510395283,0.905760701,0.12316708,0.382928801,4121.0,796.0
0.8324904328688973,0.913202325,0.140840078,0.450729648,4121.0,796.0
0.8320952354856177,0.84952822,0.163701115,0.511423593,4121.0,796.0
0.8329409765982487,0.729112487,0.178854141,0.546174931,4121.0,796.0
0.8354855045993007,0.579555959,0.200600321,0.568735267,4121.0,796.0
0.8362445271614299,0.408295939,0.216398007,0.557890131,4121.0,796.0
0.8343915944999002,0.218726887,0.228646376,0.535365013,4121.0,796.0
0.8306552934052128,0.04449823,0.264317415,0.492798846,4121.0,796.0
0.7963090810540937,0.0,0.278858359,0.416542538,4121.0,796.0
0.7576469759668314,0.0,0.296021824,0.346421504,4121.0,796.0
0.6942719227410225,0.0,0.310331456,0.334415672,4121.0,796.0
0.6549669898340937,0.0,0.31532421099999997,0.3410163665,4121.0,796.0
0.6417488543199482,0.0,0.298948138,0.376243433,4121.0,796.0
0.6609092555892494,0.0,0.270078307,0.389400212,4121.0,796.0
0.7042706978739225,0.0,0.260184262,0.390045179,4121.0,796.0
0.7640560101039362,0.0,0.249751382,0.38019429,4121.0,796.0
0.8185487677074672,0.0,0.241335603,0.370009822,4121.0,796.0
0.8548335075512552,0.162969925,0.228580259,0.354807447,4121.0,796.0
0.8532662970247215,0.349229397,0.185283098,0.328302425,4121.0,796.0
0.8438339092622474,0.523083951,0.19547838,0.292216503,4121.0,796.0
0.8390542682008552,0.632261018,0.225331386,0.265387895,4121.0,796.0
0.8362634442410721,0.69976848,0.305246154,0.265330621,4121.0,796.0
0.8368688828897739,0.720548038,0.390930796,0.365269183,4121.0,796.0
0.8371758632676343,0.705689471,0.458468093,0.483856025,4121.0,796.0
0.8383901118855598,0.592797429,0.529559557,0.566858491,4121.0,796.0
0.8432027171683626,0.513729395,0.556619168,0.543879455,4121.0,796.0
0.8483120014184659,0.367291582,0.544779824,0.478634793,4121.0,796.0
0.8508911795448407,0.244220985,0.500470848,0.437727075,4121.0,796.0
0.8444408462034327,0.12985075,0.443829504,0.413230293,4121.0,796.0
0.8334005105698029,0.017322258,0.403226004,0.393025863,4121.0,796.0
0.7963352090723976,0.0,0.36544975,0.401709048,4121.0,796.0
0.7585700240336088,0.0,0.331712292,0.408487704,4121.0,796.0
0.6753400008420911,0.0,0.341289551,0.384579518,4121.0,796.0
0.6429006627681532,0.0,0.313792475,0.396374635,4121.0,796.0
0.6188773433790271,0.0,0.282623762,0.411066118,4121.0,796.0
0.6083786015751755,0.0,0.242758064,0.420285904,4121.0,796.0
0.6250702598709207,0.0,0.20737046050000002,0.3718077505,4121.0,796.0
0.6445169451348992,0.0,0.200481715,0.34285716,4121.0,796.0
0.6610602641094283,0.0,0.205541875,0.335439374,4121.0,796.0
0.7027614090867089,0.058901811,0.203676377,0.343648256,4121.0,796.0
0.7418513481490062,0.131944398,0.202581066,0.358451369,4121.0,796.0
0.7484826105411371,0.209716717,0.232104459,0.382734777,4121.0,796.0
0.7443637546369526,0.304735486,0.220224094,0.372088348,4121.0,796.0
0.7425288961843257,0.378625722,0.252895356,0.452340111,4121.0,796.0
0.7417987643203093,0.378804723,0.29303415,0.523958573,4121.0,796.0
0.7429429638662159,0.408312745,0.319848194,0.535764582,4121.0,796.0
0.7406998908834063,0.381668902,0.315950715,0.483028477,4121.0,796.0
0.7519496716927508,0.326844262,0.298107597,0.4891054,4121.0,796.0
0.7600527634483661,0.281568349,0.276109238,0.477788972,4121.0,796.0
0.7635281594204384,0.187811482,0.263126998,0.442117245,4121.0,796.0
0.7649617800515179,0.116736588,0.230293082,0.403035185,4121.0,796.0
0.7534843158802937,0.0146828945,0.2107428615,0.328580702,4121.0,796.0
0.7285878866070742,0.0,0.208811384,0.271253981,4121.0,796.0
0.6783303902460497,0.0,0.210229874,0.217192447,4121.0,796.0
0.6453955570693118,0.0,0.209667022,0.190080041,4121.0,796.0
0.621602238895989,0.0,0.219628198,0.227477083,4121.0,796.0
0.6111237952680327,0.0,0.225278344,0.272818493,4121.0,796.0
0.610943193846965,0.0,0.226619102,0.314888803,4121.0,796.0
0.6284376554966769,0.0,0.234940436,0.3941386715,4121.0,796.0
0.6470316929485019,0.0,0.24981027,0.398340164,4121.0,796.0
0.6623874530206566,0.0,0.261989971,0.396530128,4121.0,796.0
0.704924178205537,0.06421279,0.290375652,0.385213206,4121.0,796.0
0.7418501307051465,0.171078762,0.319876354,0.35620696,4121.0,796.0
0.7470397654378286,0.278029951,0.352719202,0.34292514,4121.0,796.0
0.7414093263642396,0.390198652,0.324326864,0.253152566,4121.0,796.0
0.736563756697592,0.47546415,0.384052775,0.257504332,4121.0,796.0
0.7327934612241946,0.524869507,0.452510416,0.299534274,4121.0,796.0
0.7310118888030409,0.578907949,0.517356609,0.37681339,4121.0,796.0
0.7351283099819398,0.543083674,0.546251522,0.421263613,4121.0,796.0
0.7493659048019945,0.494182377,0.563786166,0.442784663,4121.0,796.0
0.7600527634483661,0.397661077,0.575142741,0.442390053,4121.0,796.0
0.7739906827161536,0.289303024,0.545920598,0.457090724,4121.0,796.0
0.7748498624922744,0.173117455,0.465268694,0.482619805,4121.0,796.0
0.7599327527219304,0.014601432,0.4014923065,0.4863258145,4121.0,796.0
0.7281128068763997,0.0,0.356521887,0.472400327,4121.0,796.0
0.6815551354813842,0.0,0.3685626265,0.4887456525,4121.0,796.0
0.6487822675759126,0.0,0.348904909,0.462418508,4121.0,796.0
0.64496467940341,0.0,0.338754349,0.431020836,4121.0,796.0
0.6458506895630448,0.0,0.320882391,0.396027662,4121.0,796.0
0.6657131982595046,0.0,0.307035896,0.371336401,4121.0,796.0
0.7090697239877067,0.0,0.279662454,0.354253908,4121.0,796.0
0.7765732321630502,0.0,0.253208033,0.31159454,4121.0,796.0
0.8380487625558686,0.001027989,0.23428776,0.260801123,4121.0,796.0
0.8752257869027169,0.086946263,0.218927637,0.218560805,4121.0,796.0
0.8747491151550617,0.209391104,0.233204668,0.193438632,4121.0,796.0
0.8711526315182226,0.338339529,0.259677341,0.221699076,4121.0,796.0
0.8657864690502047,0.464487657,0.280580684,0.270517758,4121.0,796.0
0.8606065737059673,0.53090676,0.328559495,0.333634928,4121.0,796.0
0.8564053070046049,0.590787258,0.379852653,0.3843122,4121.0,796.0
0.8561037582618652,0.57203729,0.409974863,0.415276469,4121.0,796.0
0.8561038518239285,0.584557235,0.430873044,0.47126235,4121.0,796.0
0.8666081424591308,0.505559995,0.450552119,0.528257343,4121.0,796.0
0.8674790751572634,0.419116596,0.463372792,0.574869393,4121.0,796.0
0.871092977418827,0.283363624,0.459907702,0.572535008,4121.0,796.0
0.8661597526064413,0.177141856,0.434772387,0.569079765,4121.0,796.0
0.8435717865333384,0.036554474,0.406667434,0.572003367,4121.0,796.0
0.7943025646415706,0.0,0.402129752,0.591334446,4121.0,796.0
0.7581705656780368,0.0,0.410726475,0.57993032,4121.0,796.0
0.6974555561398311,0.0,0.440923077,0.527626842,4121.0,796.0
0.6677863925859588,0.0,0.437891475,0.485878622,4121.0,796.0
0.6480898995371986,0.0,0.4422262085,0.469980788,4121.0,796.0
0.645539213982866,0.0,0.462644849,0.479458895,4121.0,796.0
0.6632772558549657,0.0,0.482306691,0.495152941,4121.0,796.0
0.7065041250303506,0.0,0.512271972,0.539017525,4121.0,796.0
0.7657467901264221,0.0,0.541720851,0.622828562,4121.0,796.0
0.821698640795158,0.001127993,0.579915537,0.709014797,4121.0,796.0
0.8593993485777089,0.047293642,0.594403035,0.747246069,4121.0,796.0
0.8710334168814944,0.101854571,0.642394864,0.758167146,4121.0,796.0
0.8688066386416126,0.147267767,0.660153533,0.734541706,4121.0,796.0
0.8654538289516588,0.180958153,0.581291162,0.581073857,4121.0,796.0
0.8635273821730909,0.191032988,0.603444298,0.550583776,4121.0,796.0
0.8620002532445663,0.196256477,0.607786682,0.554141567,4121.0,796.0
0.8646193256823899,0.197734201,0.6018974,0.550723342,4121.0,796.0
0.8689130235804322,0.18878601,0.591954112,0.531384987,4121.0,796.0
0.8820673842847673,0.176447922,0.569538343,0.499071566,4121.0,796.0
0.8855164649519752,0.150563117,0.546340073,0.497873309,4121.0,796.0
0.887549483955923,0.132013548,0.532744999,0.48813597,4121.0,796.0
0.8749082242656729,0.092752032,0.522283163,0.47962847,4121.0,796.0
0.8219404416327876,0.021097026,0.502636603,0.4872426105,4121.0,796.0
0.7606134849536454,0.0,0.466509979,0.47302782,4121.0,796.0
0.6981631187550602,0.0,0.477288203,0.526510188,4121.0,796.0
0.6603116833821709,0.0,0.477259601,0.5906458514999999,4121.0,796.0
0.6450952256892148,0.0,0.5407675375000001,0.71169936,4121.0,796.0
0.6627202804057631,0.0,0.58091934,0.756597346,4121.0,796.0
0.7065041250303506,0.0,0.594850504,0.780493279,4121.0,796.0
0.7658895575506399,0.0,0.613441375,0.798619658,4121.0,796.0
0.821698640795158,0.0,0.615987251,0.802833814,4121.0,796.0
0.8617462780495553,0.081530552,0.622567707,0.778995035,4121.0,796.0
0.8723989080871908,0.205530962,0.619101104,0.735625665,4121.0,796.0
0.8675659811567596,0.314549785,0.660555574,0.710111452,4121.0,796.0
0.8618640881182975,0.402981386,0.632022164,0.678082234,4121.0,796.0
0.8592953986890431,0.451627575,0.681155622,0.671618802,4121.0,796.0
0.8582123516974498,0.5002809,0.719861388,0.647952281,4121.0,796.0
0.8561368162077732,0.503755801,0.743575023,0.63375857,4121.0,796.0
0.8572518909879748,0.466642227,0.759234285,0.644934378,4121.0,796.0
0.8655989843201304,0.415363918,0.769783682,0.671811145,4121.0,796.0
0.8676200163344744,0.322385613,0.764870244,0.687062208,4121.0,796.0
0.8689826982417643,0.248395325,0.741105785,0.679755481,4121.0,796.0
0.8630063209116684,0.142657821,0.673193209,0.659170163,4121.0,796.0
0.8400446965467739,0.059252342,0.631040521,0.627471996,4121.0,796.0
0.7928079317992726,0.0,0.587232459,0.583156566,4121.0,796.0
0.7566709694982362,0.0,0.543641084,0.536819888,4121.0,796.0
0.6967744025539636,0.0,0.523931555,0.484356039,4121.0,796.0
0.6658879466912992,0.0,0.502200091,0.495611477,4121.0,796.0
0.6451579000077444,0.0,0.47220494,0.47694467399999996,4121.0,796.0
0.6541851170121191,0.0,0.4195960495,0.4064978005,4121.0,796.0
0.7068565249168436,0.0,0.376087084,0.366019709,4121.0,796.0
0.7681407779049134,0.0,0.350465358,0.379362178,4121.0,796.0
0.8282882295722988,0.001623557,0.327146931,0.387889994,4121.0,796.0
0.8617462780495553,0.082053046,0.337233269,0.388084771,4121.0,796.0
0.8703518417790402,0.168783119,0.353501544,0.396142342,4121.0,796.0
0.8612345816034566,0.254315162,0.370611419,0.435681489,4121.0,796.0
0.8545826228281425,0.334069323,0.421010768,0.493942605,4121.0,796.0
0.8488809170762407,0.3607424375,0.445875932,0.5108277545,4121.0,796.0
0.845789948941704,0.3526407,0.466723871,0.590147328,4121.0,796.0
0.8465520619757316,0.340785457,0.455213719,0.671193606,4121.0,796.0
0.8562607133333804,0.319657367,0.435721305,0.725078152,4121.0,796.0
0.8654365976134947,0.266069903,0.396976063,0.720888942,4121.0,796.0
0.8676047515864118,0.184868806,0.352303037,0.693643599,4121.0,796.0
0.863608669088472,0.12073839,0.297493121,0.671826381,4121.0,796.0
0.8429045397461447,0.036435077,0.261771312,0.650155285,4121.0,796.0
0.7933345182578789,0.0,0.240822907,0.60156958,4121.0,796.0
0.7563566376761852,0.0,0.22910352,0.564728642,4121.0,796.0
0.6955024662643099,0.0,0.237050138,0.475356502,4121.0,796.0
0.6548869435906541,0.0,0.20951458099999998,0.462418834,4121.0,796.0
0.6416921968867364,0.0,0.1822845815,0.347244693,4121.0,796.0
0.6618877437265959,0.0,0.152151319,0.298431058,4121.0,796.0
0.7058579024184295,0.0,0.129387673,0.277195869,4121.0,796.0
0.7658895575506399,0.0,0.121789576,0.255063956,4121.0,796.0
0.821698640795158,0.001302654,0.115963852,0.236424494,4121.0,796.0
0.8610105740448893,0.063291562,0.118139797,0.208415102,4121.0,796.0
0.8695035720541923,0.16745292,0.107904243,0.175707685,4121.0,796.0
0.8612280262489733,0.276340444,0.105029101,0.15083877,4121.0,796.0
0.8545932050873261,0.354986568,0.092269975,0.148985054,4121.0,796.0
0.849506771097068,0.449170934,0.098444252,0.177329208,4121.0,796.0
0.8467822503156611,0.509548386,0.104216847,0.214115751,4121.0,796.0
0.8459855810432423,0.534262713,0.112895306,0.260829461,4121.0,796.0
0.8436624384264774,0.510552718,0.121163274,0.321889151,4121.0,796.0
0.8451362813235291,0.453614437,0.134222286,0.320629067,4121.0,796.0
0.8472889832618233,0.409072144,0.140941697,0.307224706,4121.0,796.0
0.849961435455617,0.302020163,0.141723323,0.328575051,4121.0,796.0
0.8458394890795342,0.199377685,0.121120315,0.311127978,4121.0,796.0
0.8349598547359306,0.058388866,0.111340549,0.252644342,4121.0,796.0
0.7938037917803119,0.0,0.106055018,0.205904545,4121.0,796.0
0.7574386545104792,0.0,0.09663554,0.181933323,4121.0,796.0
0.6786414910906736,0.0,0.076100199,0.151682611,4121.0,796.0
0.6334704287199071,0.0,0.07356062599999999,0.13227513400000002,4121.0,796.0
0.6134661827565291,0.0,0.077043229,0.17070561299999998,4121.0,796.0
0.6300471718318635,0.0,0.0756375305,0.199066725,4121.0,796.0
0.6500902117778437,0.0,0.07171275,0.180695531,4121.0,796.0
0.6652566142543197,0.002363576,0.066475254,0.175310016,4121.0,796.0
0.7066298951839963,0.128016575,0.062463001,0.17650965,4121.0,796.0
0.7450358711995856,0.274263448,0.052329045,0.165733207,4121.0,796.0
0.7465250724067629,0.426275627,0.06241213,0.153260425,4121.0,796.0
0.7373484857614386,0.595119178,0.069047348,0.142098335,4121.0,796.0
0.7307352506347451,0.655143078,0.091801116,0.180217199,4121.0,796.0
0.7263591419395251,0.642551245,0.117183308,0.233755473,4121.0,796.0
0.7256962498491211,0.540988957,0.146605739,0.292862497,4121.0,796.0
0.7241417286774011,0.475945357,0.176188297,0.343998046,4121.0,796.0
0.7290221355934979,0.432723191,0.199353404,0.372052241,4121.0,796.0
0.7373198760743834,0.390341901,0.215543083,0.417341581,4121.0,796.0
0.7419470569417108,0.299482722,0.229318686,0.440110121,4121.0,796.0
0.7462035296460502,0.229593591,0.220897027,0.443762612,4121.0,796.0
0.7464326410476487,0.073205809,0.231227625,0.438067811,4121.0,796.0
0.7316855974638716,0.0,0.22326164850000002,0.424984546,4121.0,796.0
0.6591362521373632,0.0,0.187338338,0.410544056,4121.0,796.0
0.6142525037561393,0.0,0.183789366,0.43148810449999997,4121.0,796.0
0.6128362314970198,0.0,0.2041369825,0.39076680399999997,4121.0,796.0
0.6317191985083179,0.0,0.199808959,0.299319925,4121.0,796.0
0.6436043388217766,0.0,0.192249428,0.265759678,4121.0,796.0
0.6592806582783761,0.003610589,0.18400902,0.272777467,4121.0,796.0
0.6959061389735768,0.123247269,0.163246246,0.28459411,4121.0,796.0
0.7300569065097181,0.226919562,0.141463698,0.28019798,4121.0,796.0
0.728550661250937,0.332896979,0.17245787,0.280037074,4121.0,796.0
0.7187209688471191,0.430469652,0.251075861,0.285335674,4121.0,796.0
0.7126108378879582,0.4941396025,0.3203610045,0.3233078225,4121.0,796.0
0.7104244925911248,0.461769174,0.375882824,0.384532246,4121.0,796.0
0.7108496106673825,0.400191419,0.388465489,0.413893063,4121.0,796.0
0.7185819942600097,0.319030897,0.391394906,0.413006069,4121.0,796.0
0.7275147664529201,0.243631009,0.369986425,0.385265244,4121.0,796.0
0.7328792902853599,0.163012163,0.324303112,0.35158628,4121.0,796.0
0.739425613268096,0.095220145,0.287021906,0.331579749,4121.0,796.0
0.7420342439522648,0.018476629,0.264568753,0.314583963,4121.0,796.0
0.728699515894454,0.0,0.2618204965,0.277155575,4121.0,796.0
0.692460991649006,0.0,0.286707152,0.232018544,4121.0,796.0
0.6532790895252126,0.0,0.286337363,0.22984979,4121.0,796.0
0.6397740145134285,0.0,0.28522729550000003,0.24714521050000002,4121.0,796.0
0.6587767347930545,0.0,0.283016009,0.251556038,4121.0,796.0
0.7018498327684517,0.0,0.275141293,0.260962582,4121.0,796.0
0.7629305872945769,0.0,0.258533409,0.254590211,4121.0,796.0
0.8127290646002628,0.002212525,0.25103714,0.237039852,4121.0,796.0
0.8457782429631578,0.094145929,0.261828837,0.231979501,4121.0,796.0
0.8493125438883842,0.207192972,0.258765555,0.229456617,4121.0,796.0
0.8422891744224379,0.297723358,0.25212639,0.236042844,4121.0,796.0
0.8388564822226549,0.409854216,0.230621181,0.245153774,4121.0,796.0
0.83498457786138,0.483916686,0.230751088,0.259283878,4121.0,796.0
0.8341153309047253,0.587176904,0.230049113,0.289649551,4121.0,796.0
0.8327558331938308,0.622922736,0.23794278,0.344630643,4121.0,796.0
0.8323176510272042,0.648298475,0.24322053,0.40373646,4121.0,796.0
0.8340297360735862,0.640317097,0.244754077,0.457185067,4121.0,796.0
0.8366489957979701,0.565097103,0.228589548,0.498347421,4121.0,796.0
0.8371964659263202,0.45183101,0.205185254,0.524169998,4121.0,796.0
0.8343032837699838,0.299535036,0.178425924,0.521910815,4121.0,796.0
0.8307063319979606,0.110632934,0.180548494,0.513872001,4121.0,796.0
0.7958502025042838,0.0,0.166533911,0.478351782,4121.0,796.0
0.7596165480342751,0.0,0.146200358,0.410012882,4121.0,796.0
0.6926433723736148,0.0,0.117493128,0.346598726,4121.0,796.0
0.6545023753288067,0.0,0.1176008835,0.2984339375,4121.0,796.0
0.640539943612646,0.0,0.1109429725,0.30532238349999996,4121.0,796.0
0.6592432924167102,0.0,0.104785445,0.30184727,4121.0,796.0
0.7030269497547372,0.0,0.106420917,0.296732368,4121.0,796.0
0.7638633279687673,0.0,0.10602623,0.290028074,4121.0,796.0
0.8163199293154207,0.005537648,0.105525816,0.291487904,4121.0,796.0
0.8467742902307577,0.227804303,0.097099695,0.274777613,4121.0,796.0
0.8476847426672183,0.439855797,0.065476642,0.23845391,4121.0,796.0
0.8396229030100064,0.639837312,0.061143325,0.197672072,4121.0,796.0
0.8330598168242902,0.799068928,0.051588342,0.165862168,4121.0,796.0
0.8315983356523975,0.919715084,0.05576805,0.163723935,4121.0,796.0
0.8299527410709521,0.986492822,0.059742689,0.18480147,4121.0,796.0
0.8281050527579825,1.001042298,0.060821409,0.215654396,4121.0,796.0
0.8275838043724337,0.963539415,0.064511849,0.265813013,4121.0,796.0
0.828468409639214,0.875158986,0.06405058,0.309964203,4121.0,796.0
0.8306350653196478,0.743670242,0.061255134,0.328797674,4121.0,796.0
0.8298787586562959,0.567143936,0.053012197,0.309251657,4121.0,796.0
0.8274691783376529,0.360318415,0.049473292,0.26651344,4121.0,796.0
0.8237990868592786,0.123516203,0.045926993,0.224571256,4121.0,796.0
0.7942748446062861,0.0,0.041644772,0.182207116,4121.0,796.0
0.7605462919610645,0.0,0.044888292,0.151817354,4121.0,796.0
0.6918110229810079,0.0,0.051232639,0.129814833,4121.0,796.0
0.6627730045775548,0.0,0.054049477,0.129920394,4121.0,796.0
0.6405140029621197,0.0,0.0644841875,0.14315137649999998,4121.0,796.0
0.6385346680344987,0.0,0.069482721,0.139424134,4121.0,796.0
0.6570977076925805,0.0,0.076706708,0.138935871,4121.0,796.0
0.7001163491361104,0.0,0.086930916,0.145293255,4121.0,796.0
0.7589681713832579,0.0,0.097043753,0.160934688,4121.0,796.0
0.8065143513963392,0.007439672,0.111144903,0.187587181,4121.0,796.0
0.833952288613911,0.241070509,0.115370405,0.212300156,4121.0,796.0
0.8352916519637378,0.460636307,0.08870804,0.219050166,4121.0,796.0
0.8325054166059022,0.655854446,0.076210727,0.195764261,4121.0,796.0
0.829423719724626,0.812454329,0.096698146,0.18510765,4121.0,796.0
0.8289302849364248,0.927862766,0.137401123,0.186159704,4121.0,796.0
0.8283186655063607,0.990996152,0.156743086,0.187177472,4121.0,796.0
0.8274060591932381,1.001789845,0.161974391,0.198225834,4121.0,796.0
0.8278726168168937,0.957007626,0.164441399,0.224971442,4121.0,796.0
0.8285901528881593,0.865211181,0.157569347,0.250423795,4121.0,796.0
0.8307209411618446,0.733366905,0.162388892,0.265596209,4121.0,796.0
0.8298461690080061,0.560687861,0.16251378,0.267537037,4121.0,796.0
0.8260695053042518,0.357223907,0.174949777,0.258930866,4121.0,796.0
0.8222524789914306,0.127788494,0.199455676,0.249724749,4121.0,796.0
0.793194419951407,0.0,0.211898803,0.24556432,4121.0,796.0
0.7603446195836928,0.0,0.214096795,0.247714403,4121.0,796.0
0.6916041530361076,0.0,0.19573071,0.231061918,4121.0,796.0
0.6526254686068522,0.0,0.1815625205,0.238880579,4121.0,796.0
0.6378116299941308,0.0,0.171644595,0.2402246,4121.0,796.0
0.6561148650208786,0.0,0.173644383,0.264333474,4121.0,796.0
0.6985207629901135,0.0,0.167851862,0.27431918,4121.0,796.0
0.75598775559777,0.0,0.170329352,0.275416347,4121.0,796.0
0.8033350726943201,0.008746827,0.180208325,0.287190567,4121.0,796.0
0.8308075661502833,0.242419741,0.181569834,0.297478314,4121.0,796.0
0.8351728117376961,0.459178341,0.139703099,0.304466167,4121.0,796.0
0.8324325579106086,0.654013614,0.170719933,0.308156842,4121.0,796.0
0.8299130340460636,0.806836644,0.171216737,0.324039819,4121.0,796.0
0.8288227762782427,0.919771114,0.21401964,0.352341555,4121.0,796.0
0.8282093773822032,0.96705763,0.241494114,0.403801162,4121.0,796.0
0.8273119422550801,0.956420849,0.265232549,0.454478228,4121.0,796.0
0.8273116612440223,0.878697287,0.282821509,0.483994285,4121.0,796.0
0.8280024138752397,0.760531267,0.3010384,0.475607455,4121.0,796.0
0.8306032248175999,0.632744173,0.30562347,0.469289955,4121.0,796.0
0.830081601696496,0.466260144,0.305121812,0.452737944,4121.0,796.0
0.8261600634728935,0.293775657,0.29052626,0.427341394,4121.0,796.0
0.823151600022466,0.104113633,0.314813303,0.409804867,4121.0,796.0
0.793638408163841,0.0,0.330004116,0.386842789,4121.0,796.0
0.7605462919610645,0.0,0.332895291,0.365584877,4121.0,796.0
0.6918110229810079,0.0,0.321061313,0.328237141,4121.0,796.0
0.6527503022464787,0.0,0.3102696275,0.30821987,4121.0,796.0
0.6378116299941308,0.0,0.3040242435,0.3072065825,4121.0,796.0
0.6558798536865412,0.0,0.315298147,0.325289152,4121.0,796.0
0.6984123646801608,0.0,0.332224141,0.335929597,4121.0,796.0
0.7566593570817532,0.0,0.344288371,0.351476189,4121.0,796.0
0.8033350726943201,0.009518933,0.359959513,0.36106262,4121.0,796.0
0.8308075661502833,0.210475563,0.351529803,0.362795644,4121.0,796.0
0.8351728117376961,0.39960037,0.340070181,0.363566746,4121.0,796.0
0.8325054166059022,0.566692515,0.395605673,0.352907279,4121.0,796.0
0.8310976897631003,0.695695835,0.398318033,0.34058648,4121.0,796.0
0.8292571188267294,0.787324217,0.45732308,0.368178127,4121.0,796.0
0.8280961562402769,0.825412283,0.4999816,0.415890772,4121.0,796.0
0.827207523906362,0.819219327,0.523358265,0.453474612,4121.0,796.0
0.8276950589242585,0.760485954,0.531298056,0.469223897,4121.0,796.0
0.828468409639214,0.656234355,0.493686653,0.468329019,4121.0,796.0
0.8304342825940467,0.5594779,0.444951008,0.46464544,4121.0,796.0
0.830987558930638,0.418676148,0.387842669,0.469009131,4121.0,796.0
0.8286222744012651,0.264264671,0.330946093,0.457773898,4121.0,796.0
0.8240729155667338,0.085647548,0.311670497,0.441477968,4121.0,796.0
0.79474711487612,0.0,0.294439977,0.41888877,4121.0,796.0
0.7607539579956724,0.0,0.284139727,0.381953981,4121.0,796.0
0.6745258661639162,0.0,0.241420966,0.281240688,4121.0,796.0
0.6426570825457654,0.0,0.243690574,0.243707359,4121.0,796.0
0.6135154184927858,0.0,0.251145866,0.24191239650000002,4121.0,796.0
0.6066474824153554,0.0,0.241664316,0.282831417,4121.0,796.0
0.6227506291614235,0.0,0.225040975,0.3253566415,4121.0,796.0
0.640837020543583,0.0,0.247501273,0.338137695,4121.0,796.0
0.6537141344389095,0.011118773,0.277005443,0.343034905,4121.0,796.0
0.685658632994226,0.158243975,0.279464733,0.332108187,4121.0,796.0
0.7173186736394379,0.315621937,0.27156268,0.318501261,4121.0,796.0
0.7163306334002073,0.449071835,0.273654918,0.298256859,4121.0,796.0
0.711744142771602,0.574014734,0.278915854,0.256620237,4121.0,796.0
0.7110838260744465,0.65970773,0.293911512,0.209167981,4121.0,796.0
0.7101676611542418,0.705025153,0.290135552,0.173824547,4121.0,796.0
0.7091262409966067,0.682641778,0.276840232,0.162143659,4121.0,796.0
0.7091013773656285,0.640632918,0.252516629,0.169379469,4121.0,796.0
0.7162651261491044,0.578538902,0.23467509,0.164685208,4121.0,796.0
0.7247964264528756,0.458776112,0.215002222,0.140287595,4121.0,796.0
0.7265466265071653,0.316282366,0.189884103,0.12963335,4121.0,796.0
0.727216401906576,0.183475112,0.179451969,0.111024512,4121.0,796.0
0.7269609282566474,0.055225435,0.187795202,0.116834172,4121.0,796.0
0.7184162829326666,0.0,0.189627219,0.130779263,4121.0,796.0
0.6585914743548408,0.0,0.139484248,0.252111475,4121.0,796.0
0.6134740959791839,0.0,0.145583626,0.2947271645,4121.0,796.0
0.6111153201044794,0.0,0.14995004099999998,0.2769857965,4121.0,796.0
0.6293293313590244,0.0,0.150071861,0.202813712,4121.0,796.0
0.64071691609265,0.0,0.142505877,0.143739829,4121.0,796.0
0.6527396732062635,0.012313946,0.13966466,0.124514356,4121.0,796.0
0.6834962850671161,0.159972216,0.130202716,0.104749203,4121.0,796.0
0.7112855921763156,0.30342597,0.099561049,0.081790914,4121.0,796.0
0.7117348716807756,0.4393959,0.099429907,0.072527699,4121.0,796.0
0.7100141709653115,0.562345929,0.105936541,0.076857141,4121.0,796.0
0.70740118566557,0.6769351315000001,0.13646941150000003,0.1017974245,4121.0,796.0
0.7054973082170068,0.738978839,0.157496441,0.173996113,4121.0,796.0
0.7062383501322963,0.692649712,0.1649857,0.211381753,4121.0,796.0
0.7131089785555541,0.59684353,0.152463761,0.239074271,4121.0,796.0
0.7221080540892748,0.484140969,0.142799608,0.225320732,4121.0,796.0
0.7238226675854397,0.365482922,0.135909468,0.198382178,4121.0,796.0
0.7243457891614611,0.223629795,0.136787834,0.177215911,4121.0,796.0
0.7242725558930466,0.08312081,0.16132279,0.180594873,4121.0,796.0
0.7203675466423981,0.0,0.173291782,0.162272287,4121.0,796.0
0.7076766064712231,0.0,0.167933769,0.137895699,4121.0,796.0
0.6914039321701876,0.0,0.176834183,0.136043801,4121.0,796.0
0.6526254686068522,0.0,0.152274787,0.107502386,4121.0,796.0
0.6377298746999145,0.0,0.14619842049999998,0.11920399400000001,4121.0,796.0
0.6555219284404302,0.0,0.134308218,0.127261946,4121.0,796.0
0.6978335691284124,0.0,0.134765127,0.156363154,4121.0,796.0
0.7549027889595408,0.0,0.137204535,0.176609819,4121.0,796.0
0.8002904606636523,0.008256688,0.14415828,0.153028558,4121.0,796.0
0.8266563078843693,0.109571242,0.13415105,0.114867542,4121.0,796.0
0.8331598335327529,0.249411601,0.098294059,0.103354801,4121.0,796.0
0.8318593344995098,0.409893058,0.092772281,0.123328614,4121.0,796.0
0.829423719724626,0.557684251,0.082230062,0.115385471,4121.0,796.0
0.8289305657850484,0.66332899,0.104131853,0.133260242,4121.0,796.0
0.8281433550524506,0.729675766,0.131509377,0.198605965,4121.0,796.0
0.8271097547990586,0.737149713,0.157335837,0.277932437,4121.0,796.0
0.8277591146639096,0.697752719,0.174766716,0.324416811,4121.0,796.0
0.8282952532244001,0.634135209,0.186170607,0.378162183,4121.0,796.0
0.8305833713051556,0.511101411,0.205829175,0.424194793,4121.0,796.0
0.8296963309882214,0.374091919,0.216731654,0.43121078,4121.0,796.0
0.8260693180176913,0.225659001,0.231917201,0.426945073,4121.0,796.0
0.820735651473466,0.090459221,0.267188104,0.437241644,4121.0,796.0
0.7921853553744698,0.0,0.293379316,0.418851042,4121.0,796.0
0.7597146918771335,0.0,0.297971959,0.372466395,4121.0,796.0
0.6914004671251686,0.0,0.267451747,0.298722763,4121.0,796.0
0.6619303537743879,0.0,0.265656756,0.312293465,4121.0,796.0
0.6393031021388386,0.0,0.24114941433333334,0.3531232896666667,4121.0,796.0
0.655165829278892,0.0,0.228721266,0.338690379,4121.0,796.0
0.6977524693371577,0.0,0.236463515,0.317885857,4121.0,796.0
0.7541483551617932,0.0,0.240817646,0.292428929,4121.0,796.0
0.798780656797789,0.015591667,0.237061033,0.301579321,4121.0,796.0
0.8244851570016171,0.194188235,0.218129429,0.308735206,4121.0,796.0
0.8325338857874284,0.385798388,0.173577398,0.305693802,4121.0,796.0
0.8297307938269837,0.57731864,0.183827916,0.312945113,4121.0,796.0
0.8294289640731863,0.733512379,0.173541231,0.279058677,4121.0,796.0
0.8296210375676423,0.839015794,0.186027319,0.286801339,4121.0,796.0
0.8280322877871862,0.9072300055,0.185547872,0.3065693265,4121.0,796.0
0.8281494422717498,0.838234978,0.181197302,0.336825161,4121.0,796.0
0.8290014578902405,0.754110713,0.17448466,0.341375047,4121.0,796.0
0.83114563788395,0.601567226,0.175600357,0.335633907,4121.0,796.0
0.829870611284832,0.432125441,0.171126967,0.300011701,4121.0,796.0
0.8262028609696801,0.247211313,0.174021724,0.247582787,4121.0,796.0
0.8214543114265284,0.099762236,0.181434388,0.238778264,4121.0,796.0
0.7921853553744698,0.0,0.177050235,0.248540845,4121.0,796.0
0.7604838751818598,0.0,0.17147784,0.250986675,4121.0,796.0
0.6914927111977224,0.0,0.153576323,0.20968753,4121.0,796.0
0.6623410031922905,0.0,0.154418758,0.229936968,4121.0,796.0
0.6430318645569195,0.0,0.154296749,0.230316781,4121.0,796.0
0.6374985859499211,0.0,0.147993666,0.234279755,4121.0,796.0
0.6378375003918927,0.0,0.146538322,0.235514159,4121.0,796.0
0.6555219284404302,0.0,0.139501627,0.228150049,4121.0,796.0
0.6978335691284124,0.0,0.130868553,0.226147877,4121.0,796.0
0.7550725738913988,0.0,0.126950063,0.248730933,4121.0,796.0
0.8010158632577582,0.019469046,0.1305222,0.287684954,4121.0,796.0
0.8266464747714275,0.180196391,0.119400467,0.297886003,4121.0,796.0
0.8329863962693155,0.34878245,0.084763528,0.275448224,4121.0,796.0
0.8304166766827616,0.511034075,0.099362317,0.278284143,4121.0,796.0
0.8292880228959754,0.644547242,0.084818023,0.261269807,4121.0,796.0
0.8297164655117233,0.744638919,0.116631077,0.301242537,4121.0,796.0
0.8287208865417416,0.785677174,0.157491826,0.353502357,4121.0,796.0
0.8273049186029786,0.781152531,0.199915658,0.394478132,4121.0,796.0
0.8277965740876386,0.726638288,0.236049406,0.425223322,4121.0,796.0
0.8285960528208981,0.626457661,0.272673838,0.447280732,4121.0,796.0
0.830987558930638,0.504313802,0.30285778,0.404125109,4121.0,796.0
0.8298208838604414,0.348032599,0.315964754,0.360857798,4121.0,796.0
0.8262050148463421,0.206809955,0.31225528,0.33690868,4121.0,796.0
0.8213625356515928,0.094719179,0.324380886,0.314559878,4121.0,796.0
0.7925934763425895,0.0,0.328438553,0.285388214,4121.0,796.0
0.7602848717597998,0.0,0.321992419,0.25106917,4121.0,796.0
0.6767672066242162,0.0,0.2491402205,0.23171417849999998,4121.0,796.0
0.6394559836329111,0.0,0.23741242166666665,0.259584772,4121.0,796.0
0.6555219284404302,0.0,0.246467548,0.275549081,4121.0,796.0
0.6978335691284124,0.0,0.242659699,0.267893079,4121.0,796.0
0.7549027889595408,0.0,0.231152699,0.259534993,4121.0,796.0
0.8002904606636523,0.01852355,0.222441017,0.258317045,4121.0,796.0
0.8273558634712292,0.201172331,0.184010702,0.238287611,4121.0,796.0
0.8341902499146178,0.380151028,0.150007771,0.220118109,4121.0,796.0
0.8324473545234871,0.567155866,0.137868672,0.214573066,4121.0,796.0
0.8297913845216156,0.724110048,0.10788601,0.174817528,4121.0,796.0
0.8289305657850484,0.845745052,0.099087158,0.196602938,4121.0,796.0
0.8283877781455774,0.907833636,0.091944003,0.251018288,4121.0,796.0
0.8269354745024479,0.937339377,0.095188392,0.329940332,4121.0,796.0
0.8274860351026961,0.891545981,0.098354991,0.417761916,4121.0,796.0
0.8283329936591869,0.781335917,0.105461019,0.486635941,4121.0,796.0
0.8306032248175999,0.631979752,0.117887984,0.512430503,4121.0,796.0
0.8299461857164688,0.46737283,0.133025539,0.498544819,4121.0,796.0
0.8268348022098067,0.299646262,0.152938663,0.455593157,4121.0,796.0
0.823151600022466,0.134543931,0.178734072,0.398158919,4121.0,796.0
0.7938118455897127,0.0,0.182725742,0.346172003,4121.0,796.0
0.760784300205237,0.0,0.176472636,0.292536018,4121.0,796.0
0.6915000624794788,0.0,0.191113517,0.187994054,4121.0,796.0
0.6623410031922905,0.0,0.202231436,0.168680615,4121.0,796.0
0.6403290936252939,0.0,0.2096458015,0.1989824685,4121.0,796.0
0.6378375003918927,0.0,0.214147526,0.253917228,4121.0,796.0
0.6559009714238767,0.0,0.199436704,0.322884846,4121.0,796.0
0.6982858921613049,0.0,0.192176437,0.362792466,4121.0,796.0
0.7561393259776301,0.0,0.182007159,0.403345003,4121.0,796.0
0.8015565907450646,0.023441374,0.164448947,0.425817868,4121.0,796.0
0.8283464791037084,0.207185936,0.135233109,0.43723904,4121.0,796.0
0.8348355828747684,0.383911457,0.123345212,0.470112608,4121.0,796.0
0.8324325579106086,0.552202081,0.130574205,0.481064436,4121.0,796.0
0.8311181051352259,0.683950342,0.135135456,0.43428276,4121.0,796.0
0.8293504864562117,0.781065276,0.154609859,0.460663927,4121.0,796.0
0.8280961562402769,0.811959686,0.176753132,0.48740307,4121.0,796.0
0.827207523906362,0.797803804,0.199511917,0.527933755,4121.0,796.0
0.827741696039185,0.727729715,0.228745129,0.55332135,4121.0,796.0
0.8294659553617314,0.650228047,0.252136181,0.569213396,4121.0,796.0
0.8320572140397731,0.524227578,0.26926768,0.579620147,4121.0,796.0
0.8325697531941768,0.415907183,0.271171525,0.543479368,4121.0,796.0
0.8295054751000593,0.281121168,0.265811787,0.496487993,4121.0,796.0
0.8250175496684649,0.122642523,0.272840747,0.434050304,4121.0,796.0
0.7945072805473749,0.0,0.26860382,0.369201007,4121.0,796.0
0.7615452891950337,0.0,0.246450898,0.319838415,4121.0,796.0
0.6747222941927277,0.0,0.217600228,0.238236923,4121.0,796.0
0.6307006287729624,0.0,0.1791527355,0.2118632145,4121.0,796.0
0.6075054681381322,0.0,0.1498740495,0.18807718299999998,4121.0,796.0
0.6156704383662208,0.0,0.14539765,0.175463784,4121.0,796.0
0.6297441949681878,0.0,0.14267766,0.167658196,4121.0,796.0
0.6415086688085979,0.0,0.133272615,0.159161872,4121.0,796.0
0.6549910808470973,0.018433322,0.123156343,0.14458527,4121.0,796.0
0.6903527258430765,0.181238322,0.102819694,0.126300136,4121.0,796.0
0.7254809983027306,0.326284171,0.123612023,0.111211779,4121.0,796.0
0.7270255458559798,0.461896709,0.169103261,0.119721527,4121.0,796.0
0.7187209688471191,0.576646489,0.157869,0.075219271,4121.0,796.0
0.7164525171546815,0.635391103,0.231709592,0.117917649,4121.0,796.0
0.7152869658038472,0.70814235,0.310975202,0.179356845,4121.0,796.0
0.7127325577463877,0.729063225,0.376874228,0.256869193,4121.0,796.0
0.716108077353092,0.698726487,0.422583329,0.328823957,4121.0,796.0
0.7268447571483515,0.630981641,0.446831557,0.381690481,4121.0,796.0
0.7391748690505121,0.533048901,0.437578147,0.40125999,4121.0,796.0
0.7466522940718605,0.416069925,0.4021264,0.367973112,4121.0,796.0
0.749554419526934,0.25639914,0.340505926,0.338873503,4121.0,796.0
0.7490988187355828,0.10268925,0.280191374,0.322573805,4121.0,796.0
0.7317670717470302,0.0,0.253421813,0.3192813715,4121.0,796.0
0.6756827550646367,0.0,0.236700182,0.286995774,4121.0,796.0
0.6309352655341789,0.0,0.254500182,0.290338066,4121.0,796.0
0.6085575173359823,0.0,0.310487388,0.308211616,4121.0,796.0
0.6176585059967199,0.0,0.354235532,0.317275423,4121.0,796.0
0.6320416309208012,0.0,0.369481753,0.330211236,4121.0,796.0
0.6444066270158765,0.0,0.377560621,0.375611212,4121.0,796.0
0.6610602641094283,0.019021424,0.390812557,0.412947668,4121.0,796.0
0.701130985691263,0.126867247,0.435666341,0.43184315,4121.0,796.0
0.7439752063326533,0.251229412,0.479513409,0.452790218,4121.0,796.0
0.7511012146813425,0.355196013,0.511345042,0.470510436,4121.0,796.0
0.7410589398488798,0.483263227,0.506670383,0.428931124,4121.0,796.0
0.7388046758037395,0.572778065,0.57047492,0.474454265,4121.0,796.0
0.7347509525775371,0.644816519,0.617588117,0.53358883,4121.0,796.0
0.7343768261505615,0.678988051,0.655233997,0.565938298,4121.0,796.0
0.7380809589511116,0.638261489,0.683985861,0.576399384,4121.0,796.0
0.749696812378031,0.563524503,0.701278,0.57871475,4121.0,796.0
0.7583346381261505,0.460093739,0.698884366,0.585188674,4121.0,796.0
0.763383425406119,0.371386068,0.660772999,0.565836027,4121.0,796.0
0.7680217036112797,0.24449322,0.586997321,0.530198416,4121.0,796.0
0.7639490165244037,0.109433193,0.48151501,0.508985129,4121.0,796.0
0.7514376476169969,0.0,0.396493653,0.487954213,4121.0,796.0
0.7283163990628414,0.0,0.338412101,0.458652851,4121.0,796.0
0.6811991300443432,0.0,0.288266134,0.5348142365,4121.0,796.0
0.6453695226942882,0.0,0.23112926849999998,0.468366055,4121.0,796.0
0.6455897842779956,0.0,0.202559613,0.432153956,4121.0,796.0
0.6649200877566022,0.0,0.185071067,0.397582884,4121.0,796.0
0.7083972328519528,0.0,0.163657285,0.378849008,4121.0,796.0
0.7696724955978197,0.0,0.14312491,0.365726364,4121.0,796.0
0.8281451345184259,0.033150069,0.128368131,0.346428421,4121.0,796.0
0.8584464733800167,0.17330197,0.122901367,0.32614841,4121.0,796.0
0.8597200016866512,0.320027805,0.132588271,0.308304862,4121.0,796.0
0.8524883575453842,0.416117478,0.131104219,0.273857335,4121.0,796.0
0.8443206949714681,0.508621343,0.070021636,0.189004695,4121.0,796.0
0.8438717432590974,0.588585862,0.096987977,0.168573742,4121.0,796.0
0.8409560855784708,0.613998743,0.136161152,0.181307158,4121.0,796.0
0.8402177593995246,0.670458918,0.170154775,0.208343069,4121.0,796.0
0.8405578912853561,0.638392483,0.196618904,0.244447058,4121.0,796.0
0.8442952225373428,0.555447225,0.218066481,0.303531434,4121.0,796.0
0.8485348852576705,0.460461559,0.229196727,0.343997334,4121.0,796.0
0.8545271827575734,0.328976985,0.23966443,0.369524358,4121.0,796.0
0.8513741256359214,0.224081398,0.224148673,0.370125034,4121.0,796.0
0.8378403941560505,0.098571018,0.194061131,0.341562888,4121.0,796.0
0.7934432443599209,0.0,0.169193382,0.306091446,4121.0,796.0
0.7567634944194136,0.0,0.14919875,0.263311465,4121.0,796.0
0.6918782627546205,0.0,0.113459504,0.231901477,4121.0,796.0
0.6529222880796814,0.0,0.1231700385,0.2651342685,3624.0,700.0
0.6412948220738448,0.0,0.13414534849999998,0.278944395,3127.0,604.0
0.6588832132939374,0.0,0.141518426,0.305251058,3127.0,604.0
0.6960008645524477,0.0,0.140596322,0.318642439,3127.0,604.0
0.7453396675434846,0.0,0.14039991,0.316717622,3127.0,604.0
0.8081989974184943,0.037714624,0.13379142,0.293426749,3127.0,604.0
0.8449003803374212,0.224559172,0.117659481,0.274830201,3127.0,604.0
0.8488408354782314,0.403153927,0.126568185,0.250236128,3127.0,604.0
0.8451266354971475,0.564269024,0.133116283,0.224142725,3127.0,604.0
0.8399945009871992,0.683784114,0.095530971,0.12193315,3127.0,604.0
0.8358232017598465,0.744803456,0.097749661,0.119785728,3127.0,604.0
0.8355407573833094,0.762378668,0.112078087,0.168667735,3127.0,604.0
0.8330564453413344,0.799093201,0.132924362,0.241212836,3127.0,604.0
0.8320508459718503,0.752129586,0.149708345,0.279866724,3127.0,604.0
0.8326649940141315,0.665573632,0.16483201,0.298904276,3127.0,604.0
0.8342813701053748,0.545796426,0.178177328,0.312183517,3127.0,604.0
0.8360783008366542,0.408115275,0.187102618,0.292791396,3127.0,604.0
0.8343662157902723,0.26846682,0.187181885,0.266638754,3127.0,604.0
0.8270428895985669,0.118670468,0.183995133,0.246939226,3127.0,604.0
0.7866829340556857,0.0,0.191277341,0.22777618,3127.0,604.0
0.7530068247336323,0.0,0.182349598,0.234075709,3127.0,604.0
0.6780556016340595,0.0,0.159493524,0.21433746250000002,3127.0,604.0
0.6456749343644665,0.0,0.156676421,0.2636847105,3127.0,604.0
0.6538116226163723,0.0,0.1626550745,0.2726979,3127.0,604.0
0.6975378265939142,0.0,0.158153176,0.266392003,3127.0,604.0
0.7465273667889537,0.0,0.157236801,0.261489099,3127.0,604.0
0.8105504219302252,0.041888205,0.148046996,0.263709906,3127.0,604.0
0.846434532755613,0.181150319,0.118954806,0.264087003,3127.0,604.0
0.8464197363051685,0.336331864,0.12747495,0.262125083,3127.0,604.0
0.8348327734139279,0.477328404,0.162832062,0.260595285,3127.0,604.0
0.8299999400455599,0.597518497,0.180443489,0.202065079,3127.0,604.0
0.8289154884859805,0.648505047,0.204684252,0.2077143,3127.0,604.0
0.8282824233640573,0.654555007,0.227327635,0.250386643,3127.0,604.0
0.8271232400811458,0.590083846,0.246011726,0.326989134,3127.0,604.0
0.8268112028037198,0.488854716,0.259161016,0.395477351,3127.0,604.0
0.827299486967858,0.396266097,0.273922363,0.450971178,3127.0,604.0
0.8286144078784248,0.276161183,0.284403476,0.478050965,3127.0,604.0
0.8281760385876719,0.201334314,0.28171745,0.479549926,3127.0,604.0
0.8272181998900427,0.121303615,0.26295937,0.499269842,3127.0,604.0
0.8231238799871814,0.054089503,0.267512482,0.507438112,3127.0,604.0
0.7890374490393148,0.0,0.272270608,0.474510266,3127.0,604.0
0.7544509340618323,0.0,0.276552614,0.439284496,3127.0,604.0
0.6881691196731022,0.0,0.264475445,0.39063216,3127.0,604.0
0.6588869593500141,0.0,0.282176793,0.380568752,3127.0,604.0
0.6393256246607391,0.0,0.289619186,0.365974554,3127.0,604.0
0.6350971062217105,0.0,0.2916286595,0.363763822,3127.0,604.0
0.6517829583904312,0.0,0.291313474,0.368231531,3127.0,604.0
0.689109258734949,0.0,0.282924308,0.361503708,3127.0,604.0
0.7371983670554644,0.0,0.284379994,0.360088549,3127.0,604.0
0.7889422082193601,0.033688361,0.285851489,0.363634641,3127.0,604.0
0.821156789588489,0.182826597,0.274122177,0.349546318,3127.0,604.0
0.8319461467745087,0.338116986,0.295714325,0.360222476,3127.0,604.0
0.8292917687896181,0.488753494,0.329724718,0.361306546,3127.0,604.0
0.8283331809457474,0.606262916,0.294788093,0.276935186,3127.0,604.0
0.8280709646547753,0.691952464,0.312630823,0.292489906,3127.0,604.0
0.827949689703448,0.685960983,0.341913888,0.334634703,3127.0,604.0
0.8271539568638314,0.69078969,0.371459858,0.414882466,3127.0,604.0
0.8267525786991893,0.645002749,0.399987352,0.469184967,3127.0,604.0
0.8272788843091722,0.550678854,0.427931036,0.510852025,3127.0,604.0
0.8287892500347167,0.489322671,0.452848433,0.540984296,3127.0,604.0
0.8284686906502717,0.374982872,0.46579073,0.563986734,3127.0,604.0
0.826959167633032,0.253132478,0.457148741,0.544255525,3127.0,604.0
0.8231238799871814,0.129739218,0.462103071,0.501151838,3127.0,604.0
0.7894798452347681,0.001284085,0.482826974,0.469322933,3127.0,604.0
0.7546090130151442,0.0,0.483382093,0.47284097,3127.0,604.0
0.6879288172091731,0.0,0.446876859,0.447215891,3127.0,604.0
0.6588869593500141,0.0,0.455883597,0.463879207,3127.0,604.0
0.6371559722329043,0.0,0.448946944,0.4494543325,3127.0,604.0
0.6443319890170418,0.0,0.437721767,0.40246404199999997,3127.0,604.0
0.6905358089328955,0.0,0.426211135,0.368111689,3127.0,604.0
0.7399793111212739,0.0,0.431852267,0.339834719,3127.0,604.0
0.795410615769671,0.035671732,0.424288693,0.325507178,3127.0,604.0
0.8304801704002974,0.228029022,0.384598677,0.307866496,3127.0,604.0
0.8364335101839877,0.395090689,0.371412991,0.284393379,3127.0,604.0
0.8331573986450332,0.564994125,0.355272877,0.266844818,3127.0,604.0
0.8287879388663596,0.72018525,0.298645318,0.216606189,3127.0,604.0
0.8279716970925542,0.8325339155,0.28669240900000004,0.23340116349999998,3127.0,604.0
0.8270760412689722,0.862898323,0.280557752,0.313509505,3127.0,604.0
0.8268171962985217,0.794423941,0.271300086,0.374782247,3127.0,604.0
0.8272021859957386,0.682612187,0.26963435,0.417435895,3127.0,604.0
0.8285054944898224,0.553288443,0.263839617,0.420594248,3127.0,604.0
0.828002975734921,0.405615735,0.273395396,0.427403134,3127.0,604.0
0.8256186805638428,0.276869937,0.265513878,0.429143004,3127.0,604.0
0.8196695549714133,0.133335682,0.280479143,0.413579537,3127.0,604.0
0.7895945649940461,0.001545263,0.290160163,0.384880621,3127.0,604.0
0.7557050302101751,0.0,0.281200186,0.342783019,3127.0,604.0
0.6711303993202703,0.0,0.243817351,0.260903543,3127.0,604.0
0.6399069956057359,0.0,0.227788216,0.234961753,3127.0,604.0
0.6103459493507587,0.0,0.194951001,0.20396870150000002,3127.0,604.0
0.6076170973442949,0.0,0.166416164,0.23665205350000001,3127.0,604.0
0.6231595695285495,0.0,0.152309713,0.249412705,3127.0,604.0
0.631224171703136,0.0,0.141736151,0.22378507,3127.0,604.0
0.6441822447217543,0.045047447,0.136178755,0.20853258,3127.0,604.0
0.6773655748397851,0.239042124,0.108266241,0.20237942,3127.0,604.0
0.7064475612404191,0.43199553,0.083947873,0.190020292,3127.0,604.0
0.7084253274603582,0.611560759,0.083531964,0.192835288,3127.0,604.0
0.7084732755812078,0.753862467,0.062715755,0.178578552,3127.0,604.0
0.7078740178763024,0.840473801,0.071697466,0.216270233,3127.0,604.0
0.7075598265597803,0.850497367,0.081961007,0.27684981,3127.0,604.0
0.7065770772877074,0.827869699,0.089461578,0.303444834,3127.0,604.0
0.7069144934371955,0.739791485,0.08876407,0.30937031,3127.0,604.0
0.7135928612418709,0.627514529,0.089325956,0.302366326,3127.0,604.0
0.7206747610878504,0.501276158,0.095185427,0.311593431,3127.0,604.0
0.7226964019053415,0.358137133,0.109205379,0.301387945,3127.0,604.0
0.7234135166224547,0.232840268,0.126200312,0.289332609,3127.0,604.0
0.7213505299820631,0.129397305,0.148854702,0.280731035,3127.0,604.0
0.7103665240707729,0.0008743385,0.168094839,0.288322288,3127.0,604.0
0.6715078972302019,0.0,0.142549124,0.270401182,3127.0,604.0
0.6399794797279087,0.0,0.138936174,0.270862586,3127.0,604.0
0.6159162660273337,0.0,0.133169194,0.272418731,3127.0,604.0
0.6040862380735719,0.0,0.118770847,0.248134927,3127.0,604.0
0.6116072098191657,0.0,0.112867585,0.211418233,3127.0,604.0
0.622498971657902,0.0,0.109081493,0.190332715,3127.0,604.0
0.6303869525350898,0.0,0.109223174,0.187350791,3127.0,604.0
0.6409634462814073,0.057815022,0.108020728,0.199490353,3127.0,604.0
0.672339965611751,0.243714186,0.085355883,0.203235862,3127.0,604.0
0.7016498461325579,0.429333506,0.054081661,0.195092265,3127.0,604.0
0.7083678272376244,0.608207055,0.062385675,0.203404334,3127.0,604.0
0.7082756768895679,0.754240519,0.057368046,0.190065068,3127.0,604.0
0.7083623488214722,0.812408208,0.07153762,0.208578836,3127.0,604.0
0.7072722781777776,0.858820222,0.078149727,0.247227037,3127.0,604.0
0.7073240191357355,0.796530347,0.084216972,0.302501359,3127.0,604.0
0.707701048748049,0.727238364,0.083315745,0.311221334,3127.0,604.0
0.713879660315198,0.665122573,0.085170074,0.315632374,3127.0,604.0
0.721396277282785,0.50178284,0.083391909,0.298848789,3127.0,604.0
0.722055002125394,0.372277826,0.089881435,0.27658083,3127.0,604.0
0.7235560498166462,0.221948013,0.089711645,0.250338461,3127.0,604.0
0.7214016153558425,0.116743564,0.09232839,0.222391018,3127.0,604.0
0.7168675680504052,0.001746059,0.095750556,0.196222736,3127.0,604.0
0.7037216357285919,0.0,0.088706744,0.168969657,3127.0,604.0
0.6878467342040846,0.0,0.057908577,0.12214008,3127.0,604.0
0.6585322181378646,0.0,0.057824842,0.118209241,3127.0,604.0
0.6391117778447688,0.0,0.059439253,0.117426547,3127.0,604.0
0.6335456754406716,0.0,0.05819456,0.101194013,3127.0,604.0
0.6484495339153034,0.0,0.055526179,0.085382904,3127.0,604.0
0.6849142665394463,0.0,0.052557722,0.081646833,3127.0,604.0
0.7320284451672634,0.0,0.046371416,0.083203811,3127.0,604.0
0.7844248773358714,0.048314644,0.043856819,0.087672676,3127.0,604.0
0.8173847146491164,0.219389431,0.036739819,0.079632839,3127.0,604.0
0.828134458534745,0.40471545,0.020916148,0.074554697,3127.0,604.0
0.8283593089640512,0.576970085,0.027716953,0.08945538,3127.0,604.0
0.8287566602239927,0.717472499,0.023154417,0.072991136,3127.0,604.0
0.8288424425041264,0.818343524,0.033019468,0.07851018,3127.0,604.0
0.8288351378409674,0.829140853,0.044416392,0.119952868,3127.0,604.0
0.8285876244383765,0.821363107,0.052502011,0.169189074,3127.0,604.0
0.8290128830201631,0.7323579,0.050700449,0.199100097,3127.0,604.0
0.8294217531345245,0.612634085,0.05542735,0.210964423,3127.0,604.0
0.8294955482626202,0.516446488,0.064951609,0.214883586,3127.0,604.0
0.8284346961091276,0.364995672,0.0788869,0.178481822,3127.0,604.0
0.8260391630946873,0.2248463,0.084140734,0.110239528,3127.0,604.0
0.8196114928889981,0.101334841,0.093844583,0.075435013,3127.0,604.0
0.7891465497144776,0.001719233,0.094632336,0.062955876,3127.0,604.0
0.7557280679190147,0.0,0.088053258,0.058312191,3127.0,604.0
0.6869095451086074,0.0,0.079907545,0.056338194,3127.0,604.0
0.6584251777773006,0.0,0.0875823,0.082809391,3127.0,604.0
0.6391868841412217,0.0,0.081941362,0.135425624,3127.0,604.0
0.6336741848023935,0.0,0.071053587,0.1693177575,3127.0,604.0
0.6494339218229545,0.0,0.061817791,0.162040028,3127.0,604.0
0.6858090327112578,0.0,0.055139971,0.157803054,3127.0,604.0
0.7323061134928585,0.0,0.0554154,0.167790315,3127.0,604.0
0.7851772506565861,0.057422589,0.054615477,0.19259904,3127.0,604.0
0.8180913876125748,0.203160142,0.045352232,0.215151998,3127.0,604.0
0.8283589343909303,0.369198495,0.043726515,0.224016803,3127.0,604.0
0.8282603222504539,0.541979427,0.057861193,0.225819589,3127.0,604.0
0.8287834438264752,0.683243181,0.056029935,0.242818518,3127.0,604.0
0.8284042603374998,0.787828766,0.08247083,0.326439818,3127.0,604.0
0.8285262845975028,0.79888116,0.113580477,0.414264025,3127.0,604.0
0.8276136782843801,0.760637639,0.147420048,0.450064305,3127.0,604.0
0.8273551143249875,0.692206163,0.171662269,0.40461551,3127.0,604.0
0.8276637802818917,0.598197435,0.199611758,0.389791188,3127.0,604.0
0.828880932085155,0.467074331,0.22572873,0.376166639,3127.0,604.0
0.8279836840821581,0.343145441,0.247877896,0.388574892,3127.0,604.0
0.8258571101621676,0.217941012,0.243441398,0.376249402,3127.0,604.0
0.8196695549714133,0.11011008,0.230686324,0.336356209,3127.0,604.0
0.7894777850826034,0.001935833,0.232215063,0.289467684,3127.0,604.0
0.7557199671661483,0.0,0.218055687,0.266820761,3127.0,604.0
0.6871097191934956,0.0,0.149919423,0.203400378,3127.0,604.0
0.65841782633311,0.0,0.146559923,0.204729094,3127.0,604.0
0.6363148900562023,0.0,0.137639053,0.20810075449999998,3127.0,604.0
0.6336484549101604,0.0,0.125791574,0.215424233,3127.0,604.0
0.6491530226823664,0.0,0.12716574,0.210404305,3127.0,604.0
0.685650953757946,0.0,0.128723124,0.214042772,3127.0,604.0
0.7322400911631058,0.0,0.131786146,0.220192296,3127.0,604.0
0.78510205079807,0.062446722,0.125375982,0.208098317,3127.0,604.0
0.8176438406306245,0.205115844,0.105847797,0.205900205,3127.0,604.0
0.8283589343909303,0.357906231,0.092415526,0.193529111,3127.0,604.0
0.8282603222504539,0.513149172,0.092901494,0.171474847,3127.0,604.0
0.8283593089640512,0.640717566,0.089201082,0.149876921,3127.0,604.0
0.8279168190441005,0.721866189,0.124353824,0.19398542,3127.0,604.0
0.8279138222966996,0.749376473,0.165466139,0.258117217,3127.0,604.0
0.8275768742823955,0.759068882,0.208864229,0.328744127,3127.0,604.0
0.8273270197165821,0.701508319,0.251752301,0.363448686,3127.0,604.0
0.8276574122139689,0.611381299,0.296985646,0.37745181,3127.0,604.0
0.8290423823589886,0.502148523,0.327576949,0.391121998,3127.0,604.0
0.8281142304491799,0.351765894,0.351740682,0.386505265,3127.0,604.0
0.8258656321067525,0.205436615,0.355862733,0.378453035,3127.0,604.0
0.8196114928889981,0.074486284,0.373239213,0.373809861,3127.0,604.0
0.7891465497144776,0.001784976,0.365323469,0.382192004,3127.0,604.0
0.7560345330557913,0.0,0.346915873,0.408221222,3127.0,604.0
0.6872992172947031,0.0,0.262466593,0.421133897,3127.0,604.0
0.658447512958496,0.0,0.270135546,0.494758592,3127.0,604.0
0.6391964831865716,0.0,0.275713089,0.533156542,3127.0,604.0
0.6335081223736624,0.0,0.27956455199999997,0.5176127255,3127.0,604.0
0.6484495339153034,0.0,0.272318073,0.469816426,3127.0,604.0
0.6848536758448144,0.0,0.259380626,0.425188599,3127.0,604.0
0.7312823461899741,0.0,0.252665956,0.380902467,3127.0,604.0
0.7843642866412394,0.029464658,0.236425243,0.349760004,3127.0,604.0
0.8180913876125748,0.136935989,0.21777513,0.320543358,3127.0,604.0
0.828754974644949,0.287488621,0.216694387,0.291791735,3127.0,604.0
0.8283331809457474,0.454608473,0.21027073,0.268232307,3127.0,604.0
0.8283590279529935,0.583539967,0.138323912,0.235304049,3127.0,604.0
0.828002975734921,0.686718608,0.129057228,0.23784782,3127.0,604.0
0.8277161298805625,0.74541018,0.131927641,0.258354481,3127.0,604.0
0.8271863593879948,0.754871733,0.12947655,0.297090079,3127.0,604.0
0.8272357122392647,0.708410262,0.125105744,0.343244516,3127.0,604.0
0.8277488132533496,0.663643519,0.118942353,0.391283894,3127.0,604.0
0.8290552122193315,0.563160887,0.118012521,0.433585619,3127.0,604.0
0.8284346961091276,0.454012096,0.120248148,0.446551819,3127.0,604.0
0.8260391630946873,0.319074857,0.122237876,0.433987978,3127.0,604.0
0.8198545110892705,0.161009085,0.132221825,0.428728869,3127.0,604.0
0.7888477167080812,0.003000932,0.147179196,0.418689756,3127.0,604.0
0.7556603130667525,0.0,0.138266181,0.38269708,3127.0,604.0
0.6869846514050602,0.0,0.096722247,0.309087741,3127.0,604.0
0.65841782633311,0.0,0.077709859,0.255191391,3127.0,604.0
0.6393146208849689,0.0,0.071889287,0.238598935,3127.0,604.0
0.6335762517990454,0.0,0.069564539,0.234598775,3127.0,604.0
0.6339566525694464,0.0,0.070248767,0.226186633,3127.0,604.0
0.64991078085717,0.0,0.071712961,0.225129546,3127.0,604.0
0.6868545733356564,0.0,0.073161325,0.209090001,3127.0,604.0
0.7338074889762002,0.0,0.073984308,0.192890142,3127.0,604.0
0.7868041154449498,0.074239238,0.075345712,0.201477534,3127.0,604.0
0.8192110511571583,0.215492452,0.067629295,0.24695124,3127.0,604.0
0.829302070200178,0.377091012,0.062891512,0.261148271,3127.0,604.0
0.8283331809457474,0.517540488,0.08210622,0.26424139,3127.0,604.0
0.8282061933482419,0.659825358,0.107710166,0.259715489,3127.0,604.0
0.8281483185523874,0.735666803,0.16160745,0.285084191,3127.0,604.0
0.8283188527929211,0.753077258,0.190321726,0.358157729,3127.0,604.0
0.8274562547528128,0.749264004,0.200956426,0.376595797,3127.0,604.0
0.8277602383832722,0.727163205,0.200213697,0.38471213,3127.0,604.0
0.8277642652879725,0.631161608,0.205428744,0.38077597,3127.0,604.0
0.8291259170379631,0.55734632,0.205435133,0.364736246,3127.0,604.0
0.8284346961091276,0.416923809,0.214403674,0.335785038,3127.0,604.0
0.8259086168900994,0.282202554,0.20942082,0.277460291,3127.0,604.0
0.8196592537232873,0.135822849,0.216624492,0.248668672,3127.0,604.0
0.7891465497144776,0.002254111,0.226550034,0.249783771,3127.0,604.0
0.7557280679190147,0.0,0.213344507,0.256108414,3127.0,604.0
0.6714031043083629,0.0,0.19246335,0.224317487,3127.0,604.0
0.6400619373061179,0.0,0.177225586,0.260657311,3127.0,604.0
0.6159162660273337,0.0,0.173100939,0.268772741,3127.0,604.0
0.6040834286127315,0.0,0.177681879,0.29652675,3127.0,604.0
0.6116072098191657,0.0,0.204245194,0.330418943,3127.0,604.0
0.622498971657902,0.0,0.218158065,0.370391245,3127.0,604.0
0.629931445468236,0.0,0.242407447,0.444643945,3127.0,604.0
0.6409634462814073,0.060354602,0.237865056,0.504640722,3127.0,604.0
0.6727235037975161,0.177612168,0.232911893,0.543680427,3127.0,604.0
0.7061680198867855,0.319454333,0.275418766,0.569546592,3127.0,604.0
0.7092177825415162,0.469093161,0.318947429,0.597267073,3127.0,604.0
0.7085400472196363,0.565123056,0.345862279,0.565598986,3127.0,604.0
0.7080398696279574,0.646709653,0.400739681,0.62476004,3127.0,604.0
0.7073959413982269,0.700395858,0.451083691,0.697795205,3127.0,604.0
0.7068292263981456,0.707575576,0.501482844,0.731941525,3127.0,604.0
0.707288994599726,0.730464142,0.557154431,0.763090688,3127.0,604.0
0.7138091897265925,0.654817063,0.597000076,0.792031734,3127.0,604.0
0.7210081504950724,0.571620144,0.625887725,0.791988928,3127.0,604.0
0.7244903826702515,0.448319613,0.624063805,0.763989925,3127.0,604.0
0.7287371158237121,0.31389368,0.626051224,0.742881387,3127.0,604.0
0.7294820909192045,0.148577128,0.599884742,0.745116846,3127.0,604.0
0.7201838547494321,0.0016922105,0.5612276745,0.777037189,3127.0,604.0
0.6560510433488194,0.0,0.446584574,0.7418551345,3127.0,604.0
0.6160071989315303,0.0,0.417184651,0.757006406,3127.0,604.0
0.6066261071386949,0.0,0.3873551555,0.735546484,3127.0,604.0
0.6147923415104578,0.0,0.350270228,0.720564505,3127.0,604.0
0.6278565654003037,0.0,0.334332751,0.690020501,3127.0,604.0
0.6382678629791447,0.0,0.322881244,0.666625916,3127.0,604.0
0.6491244597763428,0.093803086,0.302921444,0.647677053,3127.0,604.0
0.6887531597358449,0.262867509,0.274589239,0.632100175,3127.0,604.0
0.7280754411771678,0.448089791,0.318935528,0.612119189,3127.0,604.0
0.7294507654958061,0.61789759,0.355316838,0.577901289,3127.0,604.0
0.7217821566317724,0.722623648,0.30339811,0.510999005,3127.0,604.0
0.7162072511908156,0.789870721,0.324397332,0.496344085,3127.0,604.0
0.711010030946351,0.811590525,0.348561834,0.504042422,3127.0,604.0
0.7077135508163025,0.815601804,0.372563195,0.540592071,3127.0,604.0
0.7073875130157053,0.753026759,0.402758506,0.593475674,3127.0,604.0
0.7138496926787542,0.656806884,0.424156705,0.619701061,3127.0,604.0
0.7208340574850222,0.520780029,0.448735181,0.644244037,3127.0,604.0
0.722851624454347,0.391125474,0.4483468,0.664852513,3127.0,604.0
0.724461351629044,0.255320217,0.415546223,0.660547139,3127.0,604.0
0.729633755023562,0.120813519,0.366157313,0.655556589,3127.0,604.0
0.7209102875820546,0.001191626,0.32637738149999995,0.634907439,3127.0,604.0
0.6734655758701048,0.0,0.24525069900000002,0.4768165405,3127.0,604.0
0.6401646231323265,0.0,0.235965764,0.41835949,3127.0,604.0
0.6357802966504439,0.0,0.240522078,0.4305191425,3127.0,604.0
0.6518177956398802,0.0,0.245055529,0.443842625,3127.0,604.0
0.6890433769107251,0.0,0.244059632,0.438820369,3127.0,604.0
0.7371983670554644,0.0,0.248049488,0.442165134,3127.0,604.0
0.7904293491119386,0.06642811,0.23802085,0.425144611,3127.0,604.0
0.8247297673813042,0.191281543,0.219551863,0.396666648,3127.0,604.0
0.8336715298164177,0.328210595,0.252528457,0.377707634,3127.0,604.0
0.8297213352871626,0.450601729,0.284417586,0.358379236,3127.0,604.0
0.8283331809457474,0.547820843,0.229094705,0.3156989,3127.0,604.0
0.8279722589522356,0.607514579,0.272064348,0.28044141,3127.0,604.0
0.8278315986236481,0.593898423,0.321651011,0.278957839,3127.0,604.0
0.8270979549335811,0.577632644,0.362723921,0.308287001,3127.0,604.0
0.8268259992541642,0.549475077,0.393834993,0.356570935,3127.0,604.0
0.8272269092836222,0.456291774,0.409728258,0.396375363,3127.0,604.0
0.8285746072914731,0.381154032,0.417136765,0.401514846,3127.0,604.0
0.8280689980646736,0.315217917,0.417858827,0.38486385,3127.0,604.0
0.8262607359279689,0.241236175,0.392612459,0.363867528,3127.0,604.0
0.8208259287934841,0.147557592,0.364119163,0.36148272,3127.0,604.0
0.7899585772970221,0.004462565,0.370579737,0.385539236,3127.0,604.0
0.7551271710912288,0.0,0.362164468,0.404459536,3127.0,604.0
0.6879288172091731,0.0,0.332566609,0.384610887,3127.0,604.0
0.649229439984742,0.0,0.308076169,0.347810737,3127.0,604.0
0.6347096113840094,0.0,0.3039399545,0.3418497925,3127.0,604.0
0.6519171569265985,0.0,0.302085625,0.338604774,3127.0,604.0
0.6894175501187323,0.0,0.295735154,0.315577348,3127.0,604.0
0.7390794878874626,0.0,0.287828698,0.297881825,3127.0,604.0
0.7915680234606614,0.091368421,0.264230895,0.285242992,3127.0,604.0
0.8241508313240271,0.271081449,0.219927034,0.273568732,3127.0,604.0
0.8325248955452255,0.457583508,0.184681333,0.25773982,3127.0,604.0
0.8288909524846573,0.623414927,0.18689889,0.255408069,3127.0,604.0
0.8282061933482419,0.764274103,0.144999308,0.198924787,3127.0,604.0
0.8284399873199364,0.871445553,0.1716507365,0.2049125055,3127.0,604.0
0.8280964370889005,0.865327854,0.193594445,0.28898291,3127.0,604.0
0.8292747247380143,0.79762952,0.209728697,0.345623198,3127.0,604.0
0.8300033113660817,0.701710794,0.229603466,0.374071453,3127.0,604.0
0.8309210684657015,0.572571352,0.244732583,0.397915896,3127.0,604.0
0.8290559613655732,0.448792845,0.261839861,0.408251561,3127.0,604.0
0.8265132126680623,0.313126118,0.263758796,0.40991003,3127.0,604.0
0.8200921915413537,0.166978445,0.277233284,0.406910435,3127.0,604.0
0.7887896546256662,0.004710515,0.299404749,0.388208611,3127.0,604.0
0.7558879261758676,0.0,0.306615944,0.354235607,3127.0,604.0
0.6872145119529004,0.0,0.272486366,0.303902455,3127.0,604.0
0.65841782633311,0.0,0.275159395,0.277154579,3127.0,604.0
0.6391868841412217,0.0,0.274374782,0.252895176,3127.0,604.0
0.63367711129703,0.0,0.26963997500000003,0.237842579,3127.0,604.0
0.64991078085717,0.0,0.260054519,0.233748113,3127.0,604.0
0.6864930894824632,0.0,0.253896793,0.22989473,3127.0,604.0
0.7339684711148499,0.0,0.24929242,0.233394357,3127.0,604.0
0.7864761578352827,0.09654291,0.2393994,0.233046746,3127.0,604.0
0.8180913876125748,0.264693866,0.191578356,0.226797938,3127.0,604.0
0.828134458534745,0.448194319,0.156273688,0.206913773,3127.0,604.0
0.8282061933482419,0.62548645,0.162490023,0.201599897,3127.0,604.0
0.8290299270717667,0.764035149,0.121267732,0.187385474,3127.0,604.0
0.8298072111293594,0.86325214,0.126348649,0.206670758,3127.0,604.0
0.8307174761168256,0.911439823,0.133051435,0.230443078,3127.0,604.0
0.8300229775919655,0.897926486,0.142334167,0.255830252,3127.0,604.0
0.8296249707478454,0.833744302,0.149794521,0.294898832,3127.0,604.0
0.8308603840465721,0.728763154,0.158796855,0.3384359,3127.0,604.0
0.8321259522683032,0.607338793,0.170977711,0.37196677,3127.0,604.0
0.8309682672778752,0.467279718,0.194521195,0.402462719,3127.0,604.0
0.8279019288691589,0.332571184,0.21753515,0.45552345,3127.0,604.0
0.8211920014110589,0.165506813,0.25239218,0.478087104,3127.0,604.0
0.7891848520089457,0.005341676,0.286836045,0.450299092,3127.0,604.0
0.7583284573447883,0.0,0.294364692,0.415364807,3127.0,604.0
0.6878822270377122,0.0,0.268180106,0.333494424,3127.0,604.0
0.6490357276922738,0.0,0.254972653,0.31318301449999997,3127.0,604.0
0.633611978700265,0.0,0.230448867,0.303175307,3127.0,604.0
0.6486620226194507,0.0,0.197511724,0.274459036,3127.0,604.0
0.6853300198003803,0.0,0.177314324,0.250564765,3127.0,604.0
0.7322916448345035,0.0,0.161598724,0.231178702,3127.0,604.0
0.7843642866412394,0.097631322,0.150248269,0.218299103,3127.0,604.0
0.8169227457898425,0.253630124,0.102334345,0.193301825,3127.0,604.0
0.8282215518208017,0.43948519,0.091763739,0.168086328,3127.0,604.0
0.8282689379195358,0.604776999,0.100329344,0.157225795,3127.0,604.0
0.8291127126044995,0.722990364,0.080601276,0.145234857,3127.0,604.0
0.8307045526132025,0.8431031835,0.0923430305,0.202837318,3127.0,604.0
0.8295637244690348,0.831486831,0.103394218,0.270272135,3127.0,604.0
0.8292747247380143,0.756172854,0.112811811,0.305812738,3127.0,604.0
0.8295417170799286,0.62754446,0.128751694,0.344507056,3127.0,604.0
0.8309210684657015,0.504649472,0.15511243,0.359562699,3127.0,604.0
0.8291664669335904,0.394150684,0.186545882,0.370664675,3127.0,604.0
0.826725326961523,0.235826508,0.199262201,0.383753083,3127.0,604.0
0.8199693244106118,0.122633449,0.21560812,0.364378074,3127.0,604.0
0.7887896546256662,0.005008808,0.225396788,0.348549422,3127.0,604.0
0.7562617248107539,0.0,0.215889943,0.330554359,3127.0,604.0
0.6872992172947031,0.0,0.182486593,0.265321913,3127.0,604.0
0.6487684778110347,0.0,0.1515424095,0.211153343,3127.0,604.0
0.6335456754406716,0.0,0.1256515225,0.2172948535,3127.0,604.0
0.6487145595046819,0.0,0.124160127,0.219070743,3127.0,604.0
0.6854052196588963,0.0,0.123147212,0.207570139,3127.0,604.0
0.7322209869593376,0.0,0.116168903,0.195518935,3127.0,604.0
0.7843196161164142,0.072169204,0.106524009,0.191457642,3127.0,604.0
0.8171625801185876,0.197849916,0.077860273,0.177259955,3127.0,604.0
0.828134458534745,0.358444484,0.079136106,0.164129624,3127.0,604.0
0.8283331809457474,0.500013432,0.088163419,0.158731838,3127.0,604.0
0.8281340839616241,0.628399591,0.075206945,0.136790699,3127.0,604.0
0.8281483185523874,0.679320417,0.091971217,0.177379988,3127.0,604.0
0.8283043371911002,0.738638053,0.103608808,0.247838587,3127.0,604.0
0.8275768742823955,0.716128239,0.107847659,0.311976571,3127.0,604.0
0.8273270197165821,0.65400861,0.107568203,0.339785459,3127.0,604.0
0.8276841020919541,0.581979677,0.108908648,0.373073573,3127.0,604.0
0.8289990230025208,0.469776212,0.107610129,0.416149322,3127.0,604.0
0.8279794698908972,0.342284125,0.100105399,0.428165481,3127.0,604.0
0.8257877163494591,0.201579761,0.087679781,0.417017471,3127.0,604.0
0.8195716921396125,0.104002941,0.093105597,0.384410283,3127.0,604.0
0.7891465497144776,0.004884187,0.104266504,0.358017507,3127.0,604.0
0.7555554265828506,0.0,0.104180089,0.344422242,3127.0,604.0
0.671202883442443,0.0,0.089778904,0.29724993,3127.0,604.0
0.6400619373061179,0.0,0.079713312,0.277184244,3127.0,604.0
0.6159162660273337,0.0,0.076322082,0.253647214,3127.0,604.0
0.6040834286127315,0.0,0.074161289,0.231997122,3127.0,604.0
0.6116072098191657,0.0,0.07372736,0.22197791,3127.0,604.0
0.622498971657902,0.0,0.075402504,0.214529763,3127.0,604.0
0.6298642992566866,0.0,0.075371447,0.201306215,3127.0,604.0
0.6396723588445195,0.09169178,0.075669975,0.193415173,3127.0,604.0
0.6676773856352933,0.242869522,0.05279319,0.18145464,3127.0,604.0
0.7015693082009843,0.429489982,0.041140895,0.163573055,3127.0,604.0
0.7080854296421187,0.601789234,0.050837278,0.158671729,3127.0,604.0
0.7078350599976557,0.738712456,0.048146619,0.136886475,3127.0,604.0
0.7092108526139123,0.815388479,0.063100051,0.166568801,3127.0,604.0
0.7080886606195459,0.794160182,0.070912471,0.201784225,3127.0,604.0
0.7070596489681014,0.75995563,0.08208561,0.242573715,3127.0,604.0
0.7075371166430299,0.715562155,0.083478726,0.262351494,3127.0,604.0
0.7135928612418709,0.629345135,0.083921824,0.276077578,3127.0,604.0
0.7206927417346904,0.516487351,0.086496149,0.270601077,3127.0,604.0
0.7228141650306179,0.41134082,0.100635625,0.2681405,3127.0,604.0
0.7234756993340673,0.250161909,0.111233221,0.237167693,3127.0,604.0
0.7214016153558425,0.128824348,0.116829405,0.223396001,3127.0,604.0
0.7168908866078685,0.0061287,0.127032438,0.217430442,3127.0,604.0
0.7038202009256027,0.0,0.119557606,0.206177387,3127.0,604.0
0.6718381960030915,0.0,0.114777834,0.152452317,3127.0,604.0
0.6402099490788958,0.0,0.08870813,0.137118284,3127.0,604.0
0.6104417988114262,0.0,0.0714501275,0.132843647,3127.0,604.0
0.6033968433105262,0.0,0.063587836,0.119859722,3127.0,604.0
0.6116015908974847,0.0,0.059621041,0.124869996,3127.0,604.0
0.622201684049889,0.0,0.058215093,0.124314969,3127.0,604.0
0.6293047485766697,0.0,0.056663752,0.117923719,3127.0,604.0
0.6392069249402264,0.089374917,0.051512496,0.117181906,3127.0,604.0
0.6676773856352933,0.225593657,0.03324147,0.120874111,3127.0,604.0
0.7016151024451719,0.399368926,0.026875105,0.127441744,3127.0,604.0
0.7079610174378619,0.543566304,0.030604395,0.140142853,3127.0,604.0
0.7085526897934187,0.646918283,0.030880461,0.127378306,3127.0,604.0
0.7082303509429986,0.719411414,0.03441054,0.173195037,3127.0,604.0
0.7075598265597803,0.733673249,0.039965157,0.231712567,3127.0,604.0
0.7065770772877074,0.732014216,0.049621515,0.284451955,3127.0,604.0
0.7072010584429304,0.677984829,0.055557076,0.313161165,3127.0,604.0
0.7136446489808606,0.620691151,0.059217638,0.349093746,3127.0,604.0
0.7208780724256686,0.487897059,0.069729092,0.382309862,3127.0,604.0
0.722611790288036,0.344402414,0.075649837,0.3596705,3127.0,604.0
0.7229954688168958,0.224337751,0.080170812,0.327685627,3127.0,604.0
0.7213992740301859,0.113622682,0.088582928,0.305487351,3127.0,604.0
0.7111465940362564,0.003242527,0.09538020250000001,0.2811503785,3127.0,604.0
0.6869095451086074,0.0,0.081867508,0.231072047,3127.0,604.0
0.65841782633311,0.0,0.061215739,0.233266428,3127.0,604.0
0.6391868841412217,0.0,0.048305067,0.196097639,3127.0,604.0
0.6336095438125453,0.0,0.044403595000000004,0.15011393299999998,3127.0,604.0
0.6494339218229545,0.0,0.037641793,0.135964894,3127.0,604.0
0.6858090327112578,0.0,0.032997925,0.141065677,3127.0,604.0
0.7323830458738841,0.0,0.029335351,0.12902732,3127.0,604.0
0.7844133584814516,0.086924279,0.026435612,0.112674968,3127.0,604.0
0.8172286024483402,0.219371545,0.017562185,0.097863431,3127.0,604.0
0.8281773495935947,0.386379201,0.017012772,0.08939663,3127.0,604.0
0.8282603222504539,0.554391972,0.021773632,0.087103495,3127.0,604.0
0.8281340839616241,0.687997666,0.031941529,0.080168207,3127.0,604.0
0.8284953805282568,0.755912851,0.041528153,0.101974662,3127.0,604.0
0.8282342879566472,0.756948686,0.052260395,0.136228962,3127.0,604.0
0.8274423947351706,0.731031254,0.063673426,0.174451081,3127.0,604.0
0.8274884699904158,0.631747351,0.072876585,0.21780957,3127.0,604.0
0.8276637802818917,0.551385112,0.082646016,0.23424583,3127.0,604.0
0.8289722395624726,0.472827136,0.090739529,0.249391794,3127.0,604.0
0.8279794698908972,0.35498236,0.097796884,0.231496402,3127.0,604.0
0.8257877163494591,0.236940768,0.090193238,0.180237786,3127.0,604.0
0.8195923885227957,0.120790562,0.074293464,0.137246862,3127.0,604.0
0.7888477167080812,0.007123196,0.067862927,0.102717268,3127.0,604.0
0.7558879261758676,0.0,0.058753191,0.072692116,3127.0,604.0
0.6871097191934956,0.0,0.064845483,0.050525909,3127.0,604.0
0.6583427200366572,0.0,0.050097416,0.04191144,3127.0,604.0
0.6391868841412217,0.0,0.045957263,0.038546891,3127.0,604.0
0.6336095438125453,0.0,0.044007385,0.034674635499999995,3127.0,604.0
0.6491530226823664,0.0,0.03662551,0.032888576,3127.0,604.0
0.6856804998778033,0.0,0.031645111,0.02931591,3127.0,604.0
0.7323830458738841,0.0,0.027231426,0.026851496,3127.0,604.0
0.7853460055935787,0.092675084,0.02478542,0.0259272,3127.0,604.0
0.817311013245518,0.239898954,0.017356403,0.022956937,3127.0,604.0
0.8281945809317589,0.409605229,0.015537712,0.021094318,3127.0,604.0
0.8282603222504539,0.575417845,0.017965724,0.033251628,3127.0,604.0
0.828177068582537,0.707124861,0.016884379,0.030524074,3127.0,604.0
0.8285388334467879,0.777151465,0.026650556,0.056994086,3127.0,604.0
0.8281698576438753,0.783257953,0.036623412,0.106563919,3127.0,604.0
0.827513099553802,0.735606687,0.0462409,0.186642349,3127.0,604.0
0.8273333877845049,0.703480473,0.048903565,0.238073683,3127.0,604.0
0.8276637802818917,0.634738875,0.050570361,0.23871168,3127.0,604.0
0.8291476434160115,0.517647873,0.053290001,0.238578518,3127.0,604.0
0.828588280022555,0.373347926,0.05818233,0.225757841,3127.0,604.0
0.8265671542837139,0.267452391,0.063387438,0.203061641,3127.0,604.0
0.8202350993086662,0.140231201,0.073170752,0.190583224,3127.0,604.0
0.7888020161883909,0.007795003,0.082914545,0.181168857,3127.0,604.0
0.7560970905029589,0.0,0.078640426,0.185232148,3127.0,604.0
0.6873777884737409,0.0,0.059025784,0.127500792,3127.0,604.0
0.6585322181378646,0.0,0.057505952,0.12701493,3127.0,604.0
0.6354010429087041,0.0,0.047784315333333334,0.10520221833333332,3127.0,604.0
0.6486620226194507,0.0,0.039244708,0.107522137,3127.0,604.0
0.6849668034246775,0.0,0.036785351,0.101492817,3127.0,604.0
0.7320284451672634,0.0,0.034983079,0.083143273,3127.0,604.0
0.7840220007163119,0.08330979,0.034115888,0.076274457,3127.0,604.0
0.8169189061717025,0.202718239,0.022712781,0.084879705,3127.0,604.0
0.8282219263939226,0.33967192,0.016246558,0.087376648,3127.0,604.0
0.8287566602239927,0.481065522,0.019586501,0.094553511,3127.0,604.0
0.8296691729750523,0.578700768,0.034948471,0.13125984,3127.0,604.0
0.830770481299675,0.628518214,0.051255449,0.165855903,3127.0,604.0
0.8313235703497059,0.637411766,0.066725656,0.229214859,3127.0,604.0
0.8300229775919655,0.555452328,0.070623724,0.306580334,3127.0,604.0
0.8298102078767604,0.557337836,0.072497722,0.306475866,3127.0,604.0
0.829905448534281,0.473206811,0.076828391,0.314744991,3127.0,604.0
0.831637668104165,0.367452498,0.086106433,0.334800762,3127.0,604.0
0.8299188402543052,0.254110817,0.090944828,0.371289388,3127.0,604.0
0.8265132126680623,0.143115086,0.087790327,0.390237573,3127.0,604.0
0.8203698598669489,0.064302759,0.081549349,0.357243378,3127.0,604.0
0.7889972737168083,0.006036527,0.077456362,0.302992166,3127.0,604.0
0.7574775186646286,0.0,0.075137953,0.24442158,3127.0,604.0
0.6884322725593107,0.0,0.052968473,0.109275305,3127.0,604.0
0.6600097132040617,0.0,0.057748022,0.099475749,3127.0,604.0
0.6370166229914571,0.0,0.0670404065,0.0920380645,3127.0,604.0
0.6335733486137076,0.0,0.075327435,0.093016347,3127.0,604.0
0.6482774076577889,0.0,0.079922425,0.094860032,3127.0,604.0
0.6845560602822778,0.0,0.080250664,0.100851777,3127.0,604.0
0.7309241400952398,0.0,0.083688006,0.098220266,3127.0,604.0
0.7836188900291603,0.065905163,0.088548513,0.102745434,3127.0,604.0
0.8169194681938179,0.166197337,0.076468727,0.10348971,3127.0,604.0
0.8282579810872315,0.306816413,0.079963474,0.108895297,3127.0,604.0
0.828177068582537,0.447439321,0.100408678,0.111822124,3127.0,604.0
0.828692230073655,0.559472779,0.100696762,0.085229466,3127.0,604.0
0.8290276794706074,0.621823509,0.13129745,0.130917526,3127.0,604.0
0.8288351378409674,0.64472595,0.161130859,0.205539823,3127.0,604.0
0.8292792199403328,0.600803551,0.192985725,0.265303882,3127.0,604.0
0.8298809125329578,0.550406922,0.229251126,0.305757436,3127.0,604.0
0.8299600457341111,0.494920049,0.262403994,0.302330896,3127.0,604.0
0.8311235367703464,0.374052306,0.275203659,0.286990993,3127.0,604.0
0.8288740019951168,0.277668276,0.277807782,0.306990628,3127.0,604.0
0.8263596289170689,0.189103237,0.259820626,0.30221795,3127.0,604.0
0.8198545110892705,0.09555034,0.246230265,0.263335234,3127.0,604.0
0.7887896546256662,0.004904481,0.23836057,0.235462751,3127.0,604.0
0.7562617248107539,0.0,0.22237505,0.224025263,3127.0,604.0
0.6878467342040846,0.0,0.183576074,0.202865543,3127.0,604.0
0.64888446163277,0.0,0.163823402,0.213905219,3127.0,604.0
0.6335081223736624,0.0,0.135463892,0.258232412,3127.0,604.0
0.6486620226194507,0.0,0.114830565,0.302688043,3127.0,604.0
0.6848536758448144,0.0,0.109914187,0.319508151,3127.0,604.0
0.7312217554953423,0.0,0.114013605,0.316014436,3127.0,604.0
0.7840220007163119,0.045708831,0.123294751,0.339243922,3127.0,604.0
0.8173847146491164,0.135914382,0.122964783,0.366093699,3127.0,604.0
0.828754974644949,0.233836431,0.134409389,0.390111218,3127.0,604.0
0.8283331809457474,0.337331203,0.165233325,0.411141559,3127.0,604.0
0.8282603222504539,0.396762025,0.172525047,0.29232196,3127.0,604.0
0.8278979018832415,0.502002831,0.175710052,0.296409856,3127.0,604.0
0.8270515052676489,0.510881778,0.187122698,0.348284266,3127.0,604.0
0.8273538031566303,0.506421272,0.191367874,0.333017455,3127.0,604.0
0.8276574122139689,0.485392095,0.19207486,0.293599914,3127.0,604.0
0.8289722395624726,0.398561303,0.180756914,0.258321051,3127.0,604.0
0.8281142304491799,0.297387103,0.168313014,0.255373164,3127.0,604.0
0.8258994393613363,0.207747426,0.15516562,0.250065663,3127.0,604.0
0.8196592537232873,0.114311913,0.139430936,0.221681034,3127.0,604.0
0.7891142409148114,0.005570967,0.133154847,0.188640873,3127.0,604.0
0.7558879261758676,0.0,0.115353308,0.16311293,3127.0,604.0
0.6715078972302019,0.0,0.099058265,0.133144077,3127.0,604.0
0.6399794797279087,0.0,0.077365533,0.144666569,3127.0,604.0
0.6160711609466841,0.0,0.068283116,0.178873422,3127.0,604.0
0.6050497423926965,0.0,0.065827291,0.195805179,3127.0,604.0
0.6033968433105262,0.0,0.064033538,0.179074255,3127.0,604.0
0.6112682014902627,0.0,0.058624525,0.148646703,3127.0,604.0
0.6221140289041509,0.0,0.060127285,0.125953915,3127.0,604.0
0.6286612884821232,0.0,0.066109123,0.126456629,3127.0,604.0
0.638631126135879,0.076739701,0.073929996,0.119956169,3127.0,604.0
0.6676773856352933,0.175009597,0.070926872,0.100169811,3127.0,604.0
0.7016498461325579,0.313021774,0.090867584,0.093593245,3127.0,604.0
0.7083678272376244,0.447957185,0.094472732,0.080379449,3127.0,604.0
0.7081513114663426,0.576291562,0.08436454,0.124031589,3127.0,604.0
0.7081510306177191,0.644792888,0.099982146,0.121603173,3127.0,604.0
0.7075598265597803,0.62008614,0.120298137,0.133836021,3127.0,604.0
0.7068611138436593,0.627342301,0.13377685,0.175451062,3127.0,604.0
0.7072824390828087,0.553208167,0.133383832,0.212300723,3127.0,604.0
0.7133606125873426,0.507673662,0.130123799,0.235332345,3127.0,604.0
0.7205236122245768,0.399914817,0.120325645,0.213172858,3127.0,604.0
0.7229704646803886,0.339745753,0.102559111,0.19484722,3127.0,604.0
0.7232681738049883,0.244705241,0.097619686,0.172306968,3127.0,604.0
0.7212587074260959,0.131171512,0.090917483,0.143858553,3127.0,604.0
0.7167688623478655,0.008884817,0.088141402,0.143269851,3127.0,604.0
0.7038049361775401,0.0,0.08049101,0.142121381,3127.0,604.0
0.6718381960030915,0.0,0.063628802,0.17077211,3127.0,604.0
0.6280365113184099,0.0,0.060559121,0.1625670265,3127.0,604.0
0.6042232928516114,0.0,0.0484717605,0.12418679800000001,3127.0,604.0
0.6112682014902627,0.0,0.038759554,0.106303045,3127.0,604.0
0.6223265177707323,0.0,0.034537122,0.112021398,3127.0,604.0
0.6289343210998711,0.0,0.033057793,0.124182013,3127.0,604.0
0.637394167601203,0.074486718,0.034766107,0.122851554,3127.0,604.0
0.6649597947814906,0.173395737,0.02844839,0.11930388,3127.0,604.0
0.7016859008258667,0.287271195,0.03108196,0.1276834,3127.0,604.0
0.7083623956025038,0.427908803,0.039599929,0.140200069,3127.0,604.0
0.7084764597776033,0.526855096,0.045330724,0.146895122,3127.0,604.0
0.7093161604519665,0.548122549,0.056739238,0.193509588,3127.0,604.0
0.7082030992053321,0.580282883,0.080511673,0.272646049,3127.0,604.0
0.7073240191357355,0.542589407,0.108308661,0.325882099,3127.0,604.0
0.7076728136341147,0.539910236,0.140627807,0.330677865,3127.0,604.0
0.7144637002155064,0.476189023,0.173597953,0.349438698,3127.0,604.0
0.7208899658532094,0.376021655,0.197623023,0.340329302,3127.0,604.0
0.7225543836273653,0.269750026,0.209215549,0.313037545,3127.0,604.0
0.7232203194086361,0.172555537,0.191576183,0.280507181,3127.0,604.0
0.7213343755822299,0.086244071,0.171936078,0.245051118,3127.0,604.0
0.7167688623478655,0.0075455,0.172885195,0.215567558,3127.0,604.0
0.7038049361775401,0.0,0.17201991,0.192402862,3127.0,604.0
0.6729781813577371,0.0,0.15854665899999998,0.160072867,3127.0,604.0
0.6391117778447688,0.0,0.156243331,0.165729299,3127.0,604.0
0.6335081223736624,0.0,0.1489123235,0.1922994505,3127.0,604.0
0.6482023013613359,0.0,0.141845073,0.18753718,3127.0,604.0
0.6843088278907445,0.0,0.137685988,0.16443896,3127.0,604.0
0.7306236215097994,0.0,0.12825633,0.142510142,3127.0,604.0
0.7838044547877305,0.044069503,0.118996673,0.141946946,3127.0,604.0
0.8169227457898425,0.113380192,0.120863605,0.142439393,3127.0,604.0
0.828134458534745,0.216346218,0.11104032,0.137849296,3127.0,604.0
0.8283331809457474,0.299124813,0.097288304,0.136241825,3127.0,604.0
0.82821312343828,0.393844697,0.077139338,0.148035303,3127.0,604.0
0.8279250601400617,0.43816622,0.092284393,0.171053544,3127.0,604.0
0.8278035040152427,0.47442247,0.113070761,0.23537991,3127.0,604.0
0.8269886669718578,0.488795081,0.128856794,0.320035436,3127.0,604.0
0.8268089552025606,0.469358269,0.147811126,0.386450193,3127.0,604.0
0.8272183871766032,0.440550701,0.163847576,0.407628673,3127.0,604.0
0.8285463253965074,0.35972205,0.176526899,0.378583635,3127.0,604.0
0.8280509238557705,0.273780659,0.178281169,0.344028898,3127.0,604.0
0.8257269383682666,0.19008791,0.168214298,0.314789929,3127.0,604.0
0.8196695549714133,0.097806374,0.150103797,0.284734816,3127.0,604.0
0.7892663263733213,0.007990422,0.146731106,0.26188891,3127.0,604.0
0.7556603130667525,0.0,0.134363146,0.24076161,3127.0,604.0
0.6872992172947031,0.0,0.10840954,0.177385659,3127.0,604.0
0.658447512958496,0.0,0.10147769,0.183136214,3127.0,604.0
0.6391117778447688,0.0,0.09221978,0.185071767,3127.0,604.0
0.633470569225436,0.0,0.075112561,0.1767467185,3127.0,604.0
0.6482847589395453,0.0,0.063188629,0.16849245,3127.0,604.0
0.6845560602822778,0.0,0.055082799,0.166527536,3127.0,604.0
0.7309241400952398,0.0,0.048620519,0.155749657,3127.0,604.0
0.7836188900291603,0.063931224,0.043578505,0.139299337,3127.0,604.0
0.8169227457898425,0.134650447,0.040582961,0.122081061,3127.0,604.0
0.8281021497350789,0.253175095,0.044042624,0.110906155,3127.0,604.0
0.8282603222504539,0.363050555,0.048875695,0.111099288,3127.0,604.0
0.8281257491411657,0.449667032,0.053825083,0.094696871,3127.0,604.0
0.8278460206634058,0.513380679,0.06890114,0.144182674,3127.0,604.0
0.8277674493219339,0.564012731,0.098940513,0.256178317,3127.0,604.0
0.8270399864132291,0.523862606,0.130048871,0.325238171,3127.0,604.0
0.8270066476186976,0.542502859,0.154996608,0.343068203,3127.0,604.0
0.8271906671413187,0.477148133,0.184091219,0.346829297,3127.0,604.0
0.8285054944898224,0.40178529,0.203418895,0.34189717,3127.0,604.0
0.8279465992315498,0.306804587,0.199001786,0.365085669,3127.0,604.0
0.8256870440568179,0.183061705,0.188711993,0.341889727,3127.0,604.0
0.8196114928889981,0.086017069,0.164370743,0.285836407,3127.0,604.0
0.7892663263733213,0.007847513,0.156623631,0.255249674,3127.0,604.0
0.7555554265828506,0.0,0.14408389,0.240105659,3127.0,604.0
0.6872992172947031,0.0,0.122673728,0.23545312,3127.0,604.0
0.648727248940713,0.0,0.1154803765,0.2106386195,3127.0,604.0
0.6335456754406716,0.0,0.1049014895,0.21225658549999998,3127.0,604.0
0.6484495339153034,0.0,0.090586817,0.230426134,3127.0,604.0
0.6848536758448144,0.0,0.085151688,0.234281306,3127.0,604.0
0.7312217554953423,0.0,0.083619159,0.228981786,3127.0,604.0
0.7840220007163119,0.060912726,0.079194229,0.212064977,3127.0,604.0
0.8170599410734107,0.139229029,0.06765711,0.199320993,3127.0,604.0
0.8283589343909303,0.238110221,0.064149672,0.184133051,3127.0,604.0
0.8283331809457474,0.353467329,0.06596303,0.189113715,3127.0,604.0
0.8282603222504539,0.421687483,0.065122835,0.18367002,3127.0,604.0
0.8279506261362501,0.5001951715,0.0990258765,0.2240229325,3127.0,604.0
0.8269886669718578,0.517728668,0.153979051,0.310617641,3127.0,604.0
0.8267457423336484,0.50165433,0.19738488,0.382389436,3127.0,604.0
0.8272215712105646,0.428099497,0.226858118,0.408570674,3127.0,604.0
0.8285247861425852,0.344495554,0.242966004,0.399431137,3127.0,604.0
0.8279465992315498,0.259036323,0.249805364,0.406719523,3127.0,604.0
0.8256186805638428,0.174452995,0.232667564,0.397999748,3127.0,604.0
0.8196114928889981,0.083406964,0.199010097,0.380759341,3127.0,604.0
0.7891893470488301,0.008023025,0.184154089,0.355464824,3127.0,604.0
0.7556603130667525,0.0,0.164712026,0.326070973,3127.0,604.0
0.6872992172947031,0.0,0.143759002,0.274363446,3127.0,604.0
0.658447512958496,0.0,0.143755844,0.281848008,3127.0,604.0
0.6362397838409666,0.0,0.13274087,0.300226286,3127.0,604.0
0.6336484549101604,0.0,0.113397366,0.295681404,3127.0,604.0
0.6484495339153034,0.0,0.098664499,0.278066946,3127.0,604.0
0.6849142665394463,0.0,0.084428781,0.258427671,3127.0,604.0
0.7312823461899741,0.0,0.070818865,0.244044343,3127.0,604.0
0.7840220007163119,0.097525279,0.062214717,0.219109277,3127.0,604.0
0.8169794968663345,0.211014686,0.04391272,0.168902782,3127.0,604.0
0.8281228461182619,0.354352082,0.042229318,0.138069335,3127.0,604.0
0.8281340839616241,0.465191297,0.044461018,0.114268397,3127.0,604.0
0.8289797313497579,0.545709839,0.055009038,0.093931471,3127.0,604.0
0.8287419574980457,0.545234821,0.072220413,0.094579457,3127.0,604.0
0.8285262845975028,0.559251364,0.082694707,0.100722248,3127.0,604.0
0.8278732724010722,0.542732528,0.093951935,0.134569406,3127.0,604.0
0.8275911088731586,0.510993635,0.100949228,0.194486041,3127.0,604.0
0.8283590279529935,0.459134943,0.108798733,0.260067226,3127.0,604.0
0.8295080972743395,0.395605919,0.118212557,0.289865129,3127.0,604.0
0.828688858590699,0.311936358,0.123982109,0.293233772,3127.0,604.0
0.8266061121623605,0.225377188,0.129504401,0.280442747,3127.0,604.0
0.8202350993086662,0.128590111,0.130211925,0.261478329,3127.0,604.0
0.7887896546256662,0.011306523,0.135184299,0.243679884,3127.0,604.0
0.756212746532605,0.0,0.123654988,0.235583368,3127.0,604.0
0.6858320234766319,0.0,0.105744339,0.185928598,3127.0,604.0
0.6481899397173942,0.0,0.09030542350000001,0.2037758495,2357.0,455.0
0.6329635084871845,0.0,0.078775329,0.229163598,1587.0,306.0
0.6332809306186997,0.0,0.075429899,0.232350141,1587.0,306.0
0.6465799317752907,0.0,0.072386383,0.23095853,1587.0,306.0
0.6807441847559536,0.0,0.068814873,0.227508315,1587.0,306.0
0.7253510139578241,0.0,0.066006038,0.219944825,1587.0,306.0
0.7784016288232568,0.092981154,0.061962787,0.206864604,1587.0,306.0
0.8120156489957606,0.208826306,0.048647084,0.181264579,1587.0,306.0
0.8253461628623106,0.348205255,0.058118898,0.167514615,1587.0,306.0
0.8276744562655726,0.49421193,0.072640155,0.161858639,1587.0,306.0
0.829200180463677,0.605645411,0.091205081,0.158136387,1587.0,306.0
0.8299799928898355,0.6921468664999999,0.131903346,0.220118013,1587.0,306.0
0.8298123617534224,0.715023794,0.164275527,0.310862418,1587.0,306.0
0.8294854343010547,0.647266976,0.179085755,0.369100639,1587.0,306.0
0.8291020366208185,0.56100897,0.20026502,0.392735873,1587.0,306.0
0.831240223119726,0.482185592,0.224260407,0.408062279,1587.0,306.0
0.8294028360548824,0.342466996,0.241916911,0.414565165,1587.0,306.0
0.8254276372266861,0.22135088,0.240259076,0.391348249,1587.0,306.0
0.8178364759847618,0.126849248,0.226419724,0.355170481,1587.0,306.0
0.7849466877435356,0.013807648,0.228992868,0.314865883,1587.0,306.0
0.7535540607943904,0.0,0.221421596,0.292605439,1587.0,306.0
0.6712273257192689,0.0,0.18580977,0.250903205,1587.0,306.0
0.6290378497968185,0.0,0.16326984,0.24898363,1587.0,306.0
0.6053172732037763,0.0,0.1295640465,0.25446054500000004,1587.0,306.0
0.6115063970209956,0.0,0.118745137,0.251345532,1587.0,306.0
0.6213903118890888,0.0,0.113486923,0.239013266,1587.0,306.0
0.6274264839865434,0.0,0.110863595,0.228634582,1587.0,306.0
0.6367985152844116,0.060704286,0.104050397,0.213323626,1587.0,306.0
0.6657051444501038,0.157999344,0.094838983,0.197172969,1587.0,306.0
0.7032655666396226,0.280775256,0.086096811,0.187977158,1587.0,306.0
0.7120780003140079,0.437202857,0.088060609,0.188530228,1587.0,306.0
0.7126226142004858,0.552050004,0.074707983,0.161212251,1587.0,306.0
0.7130103665775116,0.6298096995,0.0918949735,0.1418512315,1587.0,306.0
0.7126854055528113,0.625841212,0.105906716,0.188214325,1587.0,306.0
0.7137749611178562,0.608244062,0.111523389,0.250696951,1587.0,306.0
0.7185560535282663,0.516406937,0.119578851,0.278706161,1587.0,306.0
0.7256684828703708,0.428318038,0.132820316,0.265799838,1587.0,306.0
0.7261195886218376,0.314683737,0.141374328,0.248198284,1587.0,306.0
0.7262513990513169,0.204748701,0.135475519,0.219867773,1587.0,306.0
0.723797007864754,0.099306202,0.132491454,0.193311568,1587.0,306.0
0.7192661915367439,0.013273512,0.142421206,0.177542928,1587.0,306.0
0.7066232461050158,0.0,0.136096962,0.174062454,1587.0,306.0
0.6712953146391231,0.0,0.141733181,0.160068067,1587.0,306.0
0.6291381007353074,0.0,0.131524587,0.17064441349999998,1587.0,306.0
0.6055943562791744,0.0,0.113368235,0.160600175,1587.0,306.0
0.6115063970209956,0.0,0.107932374,0.156024681,1587.0,306.0
0.6213903118890888,0.0,0.107703903,0.174807709,1587.0,306.0
0.6273271694808568,0.0,0.102820601,0.184269059,1587.0,306.0
0.6365618182085961,0.081894546,0.098972583,0.19226734,1587.0,306.0
0.6654170811518855,0.179074058,0.078351359,0.178284544,1587.0,306.0
0.7032111099453214,0.312450164,0.081298877,0.165815384,1587.0,306.0
0.7110091880756119,0.418787452,0.093325299,0.165731853,1587.0,306.0
0.7122682945049228,0.542804114,0.09943562,0.105676398,1587.0,306.0
0.7125593545505421,0.588056403,0.126752109,0.125913686,1587.0,306.0
0.7121680903474655,0.591189938,0.157029444,0.182291513,1587.0,306.0
0.7115422363266384,0.580281249,0.194248467,0.243531785,1587.0,306.0
0.71140241886879,0.562864965,0.226812774,0.27791083,1587.0,306.0
0.7171870504965192,0.506258129,0.266053707,0.293011781,1587.0,306.0
0.7243525318025047,0.437487846,0.298812622,0.303750207,1587.0,306.0
0.7261195886218376,0.361948503,0.306409829,0.308562233,1587.0,306.0
0.7264730186656301,0.242411189,0.284249075,0.311646287,1587.0,306.0
0.7245996706319747,0.130302894,0.261955178,0.307801564,1587.0,306.0
0.7192270463715368,0.014550122,0.248134566,0.297884216,1587.0,306.0
0.707185185054155,0.0,0.225293601,0.287701016,1587.0,306.0
0.6859569039785071,0.0,0.194929922,0.257551659,1587.0,306.0
0.6482471590102874,0.0,0.184864266,0.259886412,1587.0,306.0
0.6331222195529421,0.0,0.1729414705,0.254973921,1587.0,306.0
0.6465799317752907,0.0,0.158984575,0.239566952,1587.0,306.0
0.6803797041553594,0.0,0.151196633,0.23691793,1587.0,306.0
0.7249964600322351,0.0,0.136729041,0.222886057,1587.0,306.0
0.7785643433219818,0.090605036,0.130468105,0.225006525,1587.0,306.0
0.8121182880409376,0.189118317,0.13230424,0.219142238,1587.0,306.0
0.8252267609390218,0.308607112,0.138206599,0.189333316,1587.0,306.0
0.8257717961796521,0.412494823,0.165981389,0.171854387,1587.0,306.0
0.8270194774790405,0.452652713,0.178579426,0.139123484,1587.0,306.0
0.8271411270034885,0.513128453,0.218818238,0.170355299,1587.0,306.0
0.8270933193881678,0.5465725079999999,0.272781282,0.24663791899999998,1587.0,306.0
0.8263401499777456,0.51715176,0.306815766,0.319825201,1587.0,306.0
0.8260983490588989,0.482900501,0.324834161,0.329764541,1587.0,306.0
0.826865050694874,0.417153899,0.343777375,0.34998778,1587.0,306.0
0.8261031251098411,0.298508651,0.344260041,0.361906993,1587.0,306.0
0.8233766377383326,0.205730025,0.324330141,0.347627398,1587.0,306.0
0.8154933861310554,0.085410512,0.294542008,0.333588416,1587.0,306.0
0.7846202284263519,0.011778922,0.274935606,0.317959977,1587.0,306.0
0.7535997613140806,0.0,0.246286685,0.298079799,1587.0,306.0
0.671816212004501,0.0,0.2204257695,0.2783137645,1587.0,306.0
0.6358959527613071,0.0,0.19911734450000002,0.2867382135,1587.0,306.0
0.6332809306186997,0.0,0.18106867,0.299013806,1587.0,306.0
0.6463674429087093,0.0,0.16853773,0.304883534,1587.0,306.0
0.6803191134607275,0.0,0.155795442,0.31564439,1587.0,306.0
0.7243161493171065,0.0,0.135964872,0.304009568,1587.0,306.0
0.7784018628908488,0.043788585,0.122480807,0.267530551,1587.0,306.0
0.8118783601501293,0.118718443,0.116979684,0.247223956,1587.0,306.0
0.8253104827421225,0.244889092,0.121958162,0.255659823,1587.0,306.0
0.8263650605521896,0.344407488,0.130471613,0.231790162,1587.0,306.0
0.8273744995398136,0.424170616,0.109899597,0.186498442,1587.0,306.0
0.8273770279895964,0.45787091,0.145341178,0.198998409,1587.0,306.0
0.8270933193881678,0.48460103099999996,0.19885906949999999,0.2425184265,1587.0,306.0
0.8262161591276411,0.454535276,0.248114802,0.304353091,1587.0,306.0
0.8256178376931038,0.396013096,0.261403659,0.334808496,1587.0,306.0
0.826650127103007,0.350410416,0.272711239,0.360618234,1587.0,306.0
0.8255329920082064,0.243336875,0.273493935,0.379025891,1587.0,306.0
0.8221479670806494,0.157120791,0.256526327,0.39674509,1587.0,306.0
0.8155025636598187,0.085822095,0.220766388,0.383039732,1587.0,306.0
0.7846485103213178,0.011351832,0.202197195,0.360103139,1587.0,306.0
0.752632557801128,0.0,0.178982265,0.326554137,1587.0,306.0
0.6854423512905361,0.0,0.170673065,0.308691267,1587.0,306.0
0.657485975148256,0.0,0.17695763,0.267639164,1587.0,306.0
0.6358911532386321,0.0,0.176145608,0.26581175199999996,1587.0,306.0
0.6332809306186997,0.0,0.161742551,0.300254701,1587.0,306.0
0.6463674429087093,0.0,0.148560532,0.309099423,1587.0,306.0
0.6799440506009498,0.0,0.139184184,0.314280849,1587.0,306.0
0.7239411332383604,0.0,0.130110736,0.304622977,1587.0,306.0
0.7783338739709946,0.056892138,0.122885611,0.300117995,1587.0,306.0
0.8121182880409376,0.130690532,0.115830351,0.26898165,1587.0,306.0
0.8256866694836971,0.22918643,0.118379932,0.245744003,1587.0,306.0
0.8260586420340106,0.315701021,0.120894221,0.236831172,1587.0,306.0
0.8257717961796521,0.378151506,0.093176978,0.228476099,1587.0,306.0
0.8260289554086245,0.458143547,0.115775935,0.273692851,1587.0,306.0
0.8269446521936454,0.498817542,0.138300412,0.353512017,1587.0,306.0
0.8261579095962316,0.494953653,0.159725186,0.403755521,1587.0,306.0
0.8255304635584235,0.463564853,0.189192758,0.440922608,1587.0,306.0
0.8255748530721909,0.419277792,0.213690685,0.444260324,1587.0,306.0
0.8267302902990256,0.350967881,0.225076263,0.428722064,1587.0,306.0
0.826146109893188,0.249067358,0.225332594,0.41345424,1587.0,306.0
0.8236938258022557,0.18766423,0.20886273,0.361517948,1587.0,306.0
0.817152465994588,0.119658576,0.177125377,0.316106258,1587.0,306.0
0.7845622131249684,0.017202115,0.166237753,0.312741477,1587.0,306.0
0.7536161497815058,0.0,0.15259142,0.279214659,1587.0,306.0
0.6719828832363791,0.0,0.12284671350000001,0.20101593950000002,1587.0,306.0
0.6388187979900797,0.0,0.118558991,0.179025395,1587.0,306.0
0.6331222195529421,0.0,0.10264277050000001,0.16135582,1587.0,306.0
0.6465799317752907,0.0,0.096968625,0.119432175,1587.0,306.0
0.6803191134607275,0.0,0.092282407,0.108582175,1587.0,306.0
0.7243161493171065,0.0,0.08495043,0.101749703,1587.0,306.0
0.7781617944945116,0.079767361,0.07602685,0.109154648,1587.0,306.0
0.8118783601501293,0.205909416,0.054225482,0.115114348,1587.0,306.0
0.8253104827421225,0.346073804,0.05450094,0.127398537,1587.0,306.0
0.826926484260245,0.471145997,0.068312063,0.135283243,1587.0,306.0
0.8275396021452268,0.571643047,0.095176808,0.176011968,1587.0,306.0
0.827632126985187,0.599587671,0.134668392,0.22543686300000002,1587.0,306.0
0.8269222700689841,0.541694523,0.162371532,0.324640554,1587.0,306.0
0.8264817467391351,0.50482347,0.175073716,0.340631564,1587.0,306.0
0.8260983490588989,0.42887604,0.191056178,0.341863478,1587.0,306.0
0.8271307320308653,0.330167428,0.192395961,0.333360471,1587.0,306.0
0.8263452070397455,0.260880286,0.181785434,0.314116355,1587.0,306.0
0.8238047057809597,0.171827916,0.157868203,0.277462197,1587.0,306.0
0.8173654231587876,0.073065961,0.133678392,0.23680782,1587.0,306.0
0.7845622131249684,0.005719972,0.116243234,0.21942445,1587.0,306.0
0.7536161497815058,0.0,0.093527015,0.200835219,1587.0,306.0
0.6868063442037491,0.0,0.086843688,0.168172227,1587.0,306.0
0.6580130299044805,0.0,0.079815974,0.177385048,1587.0,306.0
0.6360827350449543,0.0,0.0726404205,0.179300583,1587.0,306.0
0.6332809306186997,0.0,0.067176945,0.148727177,1587.0,306.0
0.6463674429087093,0.0,0.075006441,0.139876382,1587.0,306.0
0.6799440506009498,0.0,0.085127558,0.137957266,1587.0,306.0
0.7241036136694935,0.0,0.095166648,0.139338578,1587.0,306.0
0.7783338739709946,0.049609037,0.104519971,0.15817948,1587.0,306.0
0.8120156489957606,0.108312661,0.108935487,0.179943304,1587.0,306.0
0.8252267609390218,0.205414269,0.118601769,0.168055189,1587.0,306.0
0.8261914358397575,0.305028302,0.143858975,0.161512903,1587.0,306.0
0.8273466859424659,0.390286042,0.135265513,0.115549656,1587.0,306.0
0.8274992863984084,0.457440396,0.226917058,0.1149421725,1587.0,306.0
0.8267659704192135,0.472631705,0.282951468,0.147259317,1587.0,306.0
0.8264817467391351,0.464590928,0.282234246,0.184377922,1587.0,306.0
0.8260983490588989,0.432642884,0.275226985,0.195103085,1587.0,306.0
0.8271307320308653,0.382856668,0.254680983,0.198587147,1587.0,306.0
0.826146109893188,0.28851921,0.233687638,0.215195718,1587.0,306.0
0.8233766377383326,0.207191176,0.205960934,0.229222597,1587.0,306.0
0.8158255579319832,0.101867304,0.171545493,0.203604045,1587.0,306.0
0.7846202284263519,0.016046457,0.148092722,0.173717607,1587.0,306.0
0.7536161497815058,0.0,0.123418126,0.169398907,1587.0,306.0
0.6712474602427708,0.0,0.112944947,0.31138513,1587.0,306.0
0.6408063037608975,0.0,0.092808176,0.336382331,1587.0,306.0
0.6119210732623815,0.0,0.0830900805,0.3130765775,1587.0,306.0
0.60809629762295,0.0,0.0640170345,0.247682238,1587.0,306.0
0.6213903118890888,0.0,0.052106379,0.239862585,1587.0,306.0
0.6274264839865434,0.0,0.049351311,0.234039746,1587.0,306.0
0.6379231421664975,0.078862343,0.050451025,0.209629622,1587.0,306.0
0.6654133352582429,0.164595276,0.047861535,0.178650144,1587.0,306.0
0.7032655666396226,0.283567049,0.062887163,0.158028358,1587.0,306.0
0.7120780003140079,0.401444718,0.095706284,0.151449937,1587.0,306.0
0.7125566386517648,0.490537892,0.104812534,0.142527682,1587.0,306.0
0.7129029514813926,0.56804407,0.170709209,0.201660003,1587.0,306.0
0.7126546419890943,0.574304659,0.216351086,0.292549167,1587.0,306.0
0.7119889404378497,0.558821322,0.242266791,0.34481836,1587.0,306.0
0.7118490761989699,0.533051281,0.252799553,0.326708531,1587.0,306.0
0.7174414470456827,0.481977704,0.245961555,0.313809374,1587.0,306.0
0.7243525318025047,0.394774794,0.229362721,0.278521519,1587.0,306.0
0.7258974539288746,0.280013992,0.209299744,0.257110104,1587.0,306.0
0.7264087756394185,0.193783353,0.17662266,0.221141787,1587.0,306.0
0.7246467291010537,0.103862406,0.151668256,0.196856708,1587.0,306.0
0.7192270463715368,0.017224328,0.144299824,0.180622362,1587.0,306.0
0.707185185054155,0.0,0.129486514,0.159695711,1587.0,306.0
0.6560508092812274,0.0,0.1353040975,0.19240135349999998,1587.0,306.0
0.6095127571957022,0.0,0.11905020066666668,0.23673590766666666,1587.0,306.0
0.6115063970209956,0.0,0.105183253,0.268568658,1587.0,306.0
0.6213903118890888,0.0,0.099107364,0.262610844,1587.0,306.0
0.6273271694808568,0.0,0.08910887,0.228121286,1587.0,306.0
0.6365618182085961,0.070422318,0.077048974,0.204676762,1587.0,306.0
0.6654133352582429,0.126858463,0.070690755,0.180358267,1587.0,306.0
0.7032111099453214,0.232402515,0.084715682,0.166202607,1587.0,306.0
0.7109105291541038,0.333649493,0.094651231,0.17326748,1587.0,306.0
0.7123637224490038,0.372337771,0.097313982,0.189363388,1587.0,306.0
0.7127815360245366,0.419657677,0.111162029,0.193069053,1587.0,306.0
0.7126546419890943,0.430286917,0.130569166,0.266039406,1587.0,306.0
0.7120734115496262,0.446987841,0.161141326,0.314687234,1587.0,306.0
0.7120252761422162,0.426266897,0.197082376,0.319348785,1587.0,306.0
0.7175484875686807,0.368481316,0.227497561,0.347098178,1587.0,306.0
0.7243525318025047,0.331063923,0.248521167,0.336517813,1587.0,306.0
0.7258974539288746,0.259593505,0.254804314,0.324743524,1587.0,306.0
0.7264730186656301,0.185537546,0.24371883,0.305207046,1587.0,306.0
0.7246536122476263,0.094679907,0.210766138,0.286195595,1587.0,306.0
0.7193049619663959,0.015754342,0.203056794,0.263176412,1587.0,306.0
0.7071625220808703,0.0,0.18742541,0.229902158,1587.0,306.0
0.672684241517296,0.0,0.1991881035,0.187934848,1587.0,306.0
0.6364342219703778,0.0,0.1780807985,0.2002721275,1587.0,306.0
0.6399019854059848,0.0,0.15488133450000002,0.211419079,1587.0,306.0
0.6797797907038414,0.0,0.134978087,0.194842246,1587.0,306.0
0.7236272227704618,0.0,0.122736819,0.207586216,1587.0,306.0
0.7780965682544664,0.069217812,0.112945582,0.238060967,1587.0,306.0
0.8121469445090242,0.155760073,0.107398364,0.245432369,1587.0,306.0
0.8252474571597709,0.294656975,0.117379027,0.229594683,1587.0,306.0
0.8272637131231727,0.418996021,0.13135636,0.209942038,1587.0,306.0
0.8282223945291066,0.466065665,0.114236208,0.181024334,1587.0,306.0
0.8294897420543786,0.508165746,0.138839954,0.207699558,1587.0,306.0
0.8308866056269391,0.52084898,0.165809235,0.262387574,1587.0,306.0
0.8311039642689599,0.516679079,0.189801854,0.359962939,1587.0,306.0
0.8325284541523078,0.480558905,0.210466488,0.434825498,1587.0,306.0
0.8324997976842211,0.441227081,0.24650407,0.497354067,1587.0,306.0
0.8327131294215415,0.376156801,0.269288857,0.563214504,1587.0,306.0
0.82974896159795,0.281144316,0.276563683,0.587338769,1587.0,306.0
0.8266117310840415,0.208717996,0.263813884,0.597221333,1587.0,306.0
0.8185712433941914,0.111313682,0.240029696,0.583562327,1587.0,306.0
0.7863480463559804,0.02174678,0.231280389,0.572010026,1587.0,306.0
0.7545545095398114,0.0,0.211281505,0.544796277,1587.0,306.0
0.6870386865827748,0.0,0.165518838,0.555849561,1587.0,306.0
0.6488722171850584,0.0,0.171424028,0.5867192265,1587.0,306.0
0.6329730605890687,0.0,0.183591562,0.635224995,1587.0,306.0
0.6396630174197114,0.0,0.192191315,0.6668395094999999,1587.0,306.0
0.6797792756251917,0.0,0.199021973,0.647758883,1587.0,306.0
0.7235442501136028,0.001077945,0.196946677,0.608596386,1587.0,306.0
0.7781203081660821,0.096347796,0.200634031,0.580023552,1587.0,306.0
0.8124454027798657,0.203313825,0.184505453,0.540715724,1587.0,306.0
0.8264952321836565,0.339457339,0.220253041,0.515194408,1587.0,306.0
0.8276744562655726,0.45399249,0.244010236,0.502824207,1587.0,306.0
0.829535442574069,0.538220074,0.198941117,0.470837175,1587.0,306.0
0.8312730000545763,0.581886039,0.226866231,0.507350232,1587.0,306.0
0.8344191272486243,0.583659069,0.253878357,0.547832211,1587.0,306.0
0.8340598909965904,0.564520313,0.294007348,0.603974964,1587.0,306.0
0.835540570096749,0.521427483,0.320914436,0.640806308,1587.0,306.0
0.8365098339243004,0.47981211,0.354101795,0.660478025,1587.0,306.0
0.8374442603399689,0.399494439,0.375603657,0.641493638,1587.0,306.0
0.8337037450540207,0.319767784,0.397067638,0.614283332,1587.0,306.0
0.8274504485445713,0.241000974,0.395409059,0.587024043,1587.0,306.0
0.819806094833237,0.152836204,0.381780391,0.546931985,1587.0,306.0
0.7866875228200674,0.02966567,0.392729032,0.519666877,1587.0,306.0
0.7571374335598288,0.0,0.369135552,0.52135339,1587.0,306.0
0.6877166093536493,0.0,0.313470724,0.496922201,1587.0,306.0
0.6586781228150121,0.0,0.303212749,0.515770713,1587.0,306.0
0.6363545503000592,0.0,0.289680243,0.5053625215,1587.0,306.0
0.6332058244846809,0.0,0.285196804,0.476182516,1587.0,306.0
0.6463674429087093,0.0,0.276834151,0.454240146,1587.0,306.0
0.6799440506009498,0.0,0.258626961,0.428245882,1587.0,306.0
0.7239411332383604,0.001048273,0.247234921,0.400233885,1587.0,306.0
0.7780965682544664,0.115231698,0.228090688,0.377245206,1587.0,306.0
0.8126798054734903,0.234457377,0.202727681,0.338299713,1587.0,306.0
0.8268223469225847,0.398144388,0.211449397,0.298651626,1587.0,306.0
0.829200180463677,0.557150702,0.214997633,0.262772883,1587.0,306.0
0.834968189393955,0.66574258,0.192845161,0.239526792,1587.0,306.0
0.8393434553808702,0.748270205,0.217728957,0.285922407,1587.0,306.0
0.8420787457080211,0.772029624,0.238025279,0.37184792,1587.0,306.0
0.8409131943571869,0.746312208,0.252185995,0.449026591,1587.0,306.0
0.8404698615664973,0.708655978,0.267253962,0.481373856,1587.0,306.0
0.8397877246043619,0.656938254,0.293868767,0.474740481,1587.0,306.0
0.8389055542253013,0.560278559,0.312948143,0.459496756,1587.0,306.0
0.8351925716880771,0.467027705,0.321085248,0.443131257,1587.0,306.0
0.8303968231703175,0.338399142,0.31863548,0.420824617,1587.0,306.0
0.820528500679942,0.184610205,0.312143375,0.411135332,1587.0,306.0
0.7870111726764105,0.033870446,0.33087874,0.405492796,1587.0,306.0
0.7561857758059963,0.0,0.330343613,0.385667939,1587.0,306.0
0.6875569383833567,0.0,0.288867528,0.329677456,1587.0,306.0
0.6586781228150121,0.0,0.279213861,0.31968568,1587.0,306.0
0.6396130323747788,0.0,0.260867245,0.324219855,1587.0,306.0
0.6331269956038842,0.0,0.2328547685,0.33652272000000005,1587.0,306.0
0.6463674429087093,0.0,0.200075385,0.329411504,1587.0,306.0
0.6801065778131145,0.0,0.183325918,0.295761614,1587.0,306.0
0.7239411332383604,0.001125105,0.176380049,0.262288605,1587.0,306.0
0.7780965682544664,0.112520026,0.162822235,0.236224743,1587.0,306.0
0.8120340042157214,0.242716885,0.129340731,0.216812182,1587.0,306.0
0.8266276514162827,0.412473012,0.120086814,0.195582364,1587.0,306.0
0.828061412552891,0.573309392,0.120008199,0.175059094,1587.0,306.0
0.8345031300627828,0.711298541,0.093872429,0.106562369,1587.0,306.0
0.8380734856813179,0.813209634,0.108387334,0.124174048,1587.0,306.0
0.8410643433828946,0.880073158,0.122547913,0.178865765,1587.0,306.0
0.8407923877034779,0.905049008,0.134664468,0.241012542,1587.0,306.0
0.8409585203037563,0.87090901,0.143957564,0.288089456,1587.0,306.0
0.841097120480179,0.804648406,0.160153702,0.329019676,1587.0,306.0
0.8411262450834497,0.690815635,0.187400591,0.362284493,1587.0,306.0
0.8400865576107585,0.545560976,0.204099135,0.369236162,1587.0,306.0
0.8361368312166875,0.384874092,0.21517367,0.359267481,1587.0,306.0
0.8262892051094951,0.211710753,0.21368069,0.342927941,1587.0,306.0
0.7882057550684524,0.038150272,0.230101978,0.325920513,1587.0,306.0
0.7599653893136858,0.0,0.224734396,0.298200931,1587.0,306.0
0.6926348972100617,0.0,0.166388744,0.204964662,1587.0,306.0
0.6604218610768817,0.0,0.153391028,0.184522606,1587.0,306.0
0.6372725179955381,0.0,0.1368270985,0.1777504825,1587.0,306.0
0.6334134903568546,0.0,0.123632969,0.17466686,1587.0,306.0
0.6463904804551149,0.0,0.120640828,0.180636036,1587.0,306.0
0.6797797907038414,0.0,0.111864196,0.190499343,1587.0,306.0
0.7236272227704618,0.001107929,0.104470949,0.203286089,1587.0,306.0
0.7785975417734187,0.124095414,0.096113981,0.221785823,1587.0,306.0
0.8132855249708156,0.259997256,0.068245876,0.220328941,1587.0,306.0
0.827537167257507,0.431484001,0.058363179,0.196574952,1587.0,306.0
0.832474887109777,0.588982889,0.061533748,0.183230574,1587.0,306.0
0.840682818730697,0.71759796,0.049398992,0.174716904,1587.0,306.0
0.8444156547803651,0.805391629,0.061026508,0.218622064,1587.0,306.0
0.8451858214613593,0.846717121,0.079537121,0.271663345,1587.0,306.0
0.8456373016235129,0.858799696,0.108180764,0.321884018,1587.0,306.0
0.8440929413568241,0.807766426,0.134924571,0.336289686,1587.0,306.0
0.8443864362901631,0.725201532,0.162491954,0.342417299,1587.0,306.0
0.8436553212123129,0.609060699,0.18593217,0.344417386,1587.0,306.0
0.8407019229344653,0.484361043,0.21460633,0.342108314,1587.0,306.0
0.837380766459999,0.334403178,0.234939551,0.319757455,1587.0,306.0
0.8295444329787061,0.192099611,0.255128333,0.288652253,1587.0,306.0
0.7904963080369275,0.037602629,0.276669778,0.264340196,1587.0,306.0
0.7621884682785225,0.0,0.268290955,0.255277067,1587.0,306.0
0.6895027705391847,0.0,0.227048917,0.23840487,1587.0,306.0
0.6567870751455747,0.0,0.210106067,0.239123168,1587.0,306.0
0.6233991461555356,0.0,0.18275919699999998,0.24443099899999998,1587.0,306.0
0.6077074916981091,0.0,0.161946657,0.24389024,1587.0,306.0
0.613673567617645,0.0,0.155923229,0.235597956,1587.0,306.0
0.6223561106716212,0.0,0.147410132,0.224302599,1587.0,306.0
0.626768180498087,0.001093531,0.133775193,0.212814308,1587.0,306.0
0.637142955086001,0.119612777,0.119083433,0.195288717,1587.0,306.0
0.6686724027455937,0.253646512,0.082120288,0.166896988,1587.0,306.0
0.7061983153153185,0.428866193,0.066366881,0.144180791,1587.0,306.0
0.7175678727835069,0.593569725,0.069094103,0.138533302,1587.0,306.0
0.7227459888242033,0.739176789,0.067420939,0.144404749,1587.0,306.0
0.7266479076029535,0.835711511,0.076553255,0.167087837,1587.0,306.0
0.7310671415870494,0.894236928,0.08528913,0.207527226,1587.0,306.0
0.730800523818256,0.895664482,0.099447128,0.249905809,1587.0,306.0
0.733407702828539,0.832855761,0.114532594,0.287377889,1587.0,306.0
0.7379835174734634,0.758201415,0.137491233,0.318780262,1587.0,306.0
0.7444022442179811,0.638711051,0.159925895,0.324929272,1587.0,306.0
0.7414774090085912,0.505058486,0.185880245,0.301266326,1587.0,306.0
0.7384513862654761,0.343371717,0.206745581,0.267535401,1587.0,306.0
0.734346249873405,0.183313915,0.245510711,0.237214059,1587.0,306.0
0.7250223539829469,0.038647361,0.285536693,0.219018743,1587.0,306.0
0.718952936653024,0.0,0.29263028,0.205107752,1587.0,306.0
0.6799535558405851,0.0,0.24237806550000002,0.196062737,1587.0,306.0
0.6282532611572837,0.0,0.22229333750000002,0.19607491500000002,1587.0,306.0
0.6125899589288045,0.0,0.1989889045,0.202658034,1587.0,306.0
0.6231036143793306,0.0,0.181189677,0.216871096,1587.0,306.0
0.627040229902001,0.001170618,0.176471268,0.219409713,1587.0,306.0
0.6391622077968039,0.132018666,0.155844219,0.203236654,1587.0,306.0
0.6690467164591297,0.271168803,0.115252393,0.183199805,1587.0,306.0
0.7078828676129765,0.445155612,0.096585702,0.174322593,1587.0,306.0
0.7210940261748351,0.606066377,0.097515444,0.18365533,1587.0,306.0
0.7277129271666753,0.735852887,0.084718822,0.18591145,1587.0,306.0
0.7335506107582854,0.840199235,0.090413106,0.21744093,1587.0,306.0
0.73692299311206,0.901354653,0.100493582,0.242311031,1587.0,306.0
0.7371498101314679,0.918216257,0.11432996,0.28285599,1587.0,306.0
0.7393206800031623,0.883478228,0.125523747,0.324344803,1587.0,306.0
0.742657007663628,0.808676026,0.137409359,0.344573804,1587.0,306.0
0.7490555531036123,0.69758994,0.153266164,0.323409093,1587.0,306.0
0.7504040004201392,0.556600593,0.169058807,0.300486512,1587.0,306.0
0.7467280090090261,0.391249564,0.190487709,0.285917679,1587.0,306.0
0.7390697952800496,0.215778957,0.223102075,0.276211948,1587.0,306.0
0.7285924753714559,0.044747385,0.265565873,0.268379146,1587.0,306.0
0.7225999437227439,0.0,0.2766903315,0.2546508645,1587.0,306.0
0.6732785594376486,0.0,0.2735409795,0.2405006045,1587.0,306.0
0.6494374336490051,0.0,0.264015467,0.2495047615,1587.0,306.0
0.653440820810104,0.0,0.259533291,0.247491381,1587.0,306.0
0.6827264931216769,0.0,0.257099185,0.242632093,1587.0,306.0
0.7245058347048745,0.001194637,0.25620377,0.239350383,1587.0,306.0
0.7813237482963036,0.126792227,0.245705282,0.232700002,1587.0,306.0
0.8174273248593426,0.266594067,0.195600287,0.218962206,1587.0,306.0
0.8409504666567897,0.445582011,0.167741628,0.202634695,1587.0,306.0
0.8475706784921188,0.612848032,0.171659829,0.189448194,1587.0,306.0
0.8710993454867497,0.748670251,0.160021833,0.168382481,1587.0,306.0
0.8961990626260545,0.841991399,0.16589274,0.178596848,1587.0,306.0
0.9066289025489827,0.905456847,0.168747237,0.219881002,1587.0,306.0
0.9095160910480831,0.908461589,0.170139244,0.309851197,1587.0,306.0
0.9069983464870792,0.871613826,0.179506364,0.413830166,1587.0,306.0
0.9086414124563077,0.790268992,0.194528548,0.468326121,1587.0,306.0
0.9036972308116176,0.665863499,0.212783915,0.476666947,1587.0,306.0
0.8967229333483175,0.525946665,0.236908339,0.459094816,1587.0,306.0
0.8822842746291699,0.352969883,0.256261354,0.42684682,1587.0,306.0
0.8567104143544269,0.193724374,0.280305912,0.380829951,1587.0,306.0
0.8073242251022218,0.039435212,0.310533676,0.337476005,1587.0,306.0
0.7877029554649274,0.0,0.315322295,0.305212519,1587.0,306.0
0.716056336395134,0.0,0.2661499955,0.289824973,1587.0,306.0
0.6596406672296017,0.0,0.25061541,0.35349572949999997,1587.0,306.0
0.6456871789746123,0.0,0.246115107,0.379868636,1587.0,306.0
0.6553579027733479,0.0,0.23911101,0.402654935,1587.0,306.0
0.683663588492657,0.0,0.225584944,0.437447339,1587.0,306.0
0.7257515024706955,0.001128038,0.208594029,0.470453607,1587.0,306.0
0.7819373344789035,0.128140459,0.189680306,0.501594363,1587.0,306.0
0.8193868297462523,0.26603295,0.137144355,0.497321269,1587.0,306.0
0.8402181339726456,0.441489909,0.122059036,0.476830069,1587.0,306.0
0.8446720648630959,0.60661161,0.115081453,0.436670291,1587.0,306.0
0.8518320677529291,0.747245818,0.091314753,0.428533413,1587.0,306.0
0.8621725667886413,0.850047385,0.089374811,0.444278659,1587.0,306.0
0.8796484391508004,0.920145101,0.089398571,0.518870307,1587.0,306.0
0.8863373892146595,0.895055027,0.091498159,0.590784249,1587.0,306.0
0.8869313090089415,0.796402553,0.094806909,0.612351606,1587.0,306.0
0.8867811903029673,0.674462845,0.100748159,0.609853353,1587.0,306.0
0.8747668147908438,0.522799379,0.108247188,0.590292306,1587.0,306.0
0.8600368151774535,0.354660331,0.118682759,0.559790361,1587.0,306.0
0.8377655688706555,0.196648941,0.135830974,0.515880549,1587.0,306.0
0.802361220102387,0.042595505,0.163710477,0.479033501,1587.0,306.0
0.7853710566735516,0.0,0.167504221,0.445352976,1587.0,306.0
0.7243254673513987,0.0,0.128649316,0.425184517,1587.0,306.0
0.6770689426535164,0.0,0.109359487,0.384646216,1587.0,306.0
0.6555477754476764,0.0,0.098966338,0.372242736,1587.0,306.0
0.6505451102039848,0.0,0.094061053,0.364928341,1587.0,306.0
0.6592616008556395,0.0,0.093907041,0.360897937,1587.0,306.0
0.6870925814173947,0.0,0.094845341,0.33895312,1587.0,306.0
0.7273211011039176,0.001180238,0.089726887,0.294528447,1587.0,306.0
0.782202968871429,0.129696947,0.077979241,0.250678397,1587.0,306.0
0.8210398223904858,0.271873669,0.049546803,0.209542283,1587.0,306.0
0.844800644477582,0.442037853,0.042707161,0.180396354,1587.0,306.0
0.8524366635308919,0.60665205,0.047923685,0.165777875,1587.0,306.0
0.8737915574684904,0.745228773,0.050622508,0.171280713,1587.0,306.0
0.8876898632734526,0.845778376,0.056184548,0.180155437,1587.0,306.0
0.9018678039941116,0.887781722,0.061075079,0.219750334,1587.0,306.0
0.9025216590612811,0.87979083,0.064863007,0.261877572,1587.0,306.0
0.9003326214186202,0.801413704,0.075632787,0.275215869,1587.0,306.0
0.899318780790741,0.700611242,0.086031354,0.260715609,1587.0,306.0
0.896794480875254,0.600865497,0.098287324,0.221377385,1587.0,306.0
0.8897868442925543,0.454688914,0.119489426,0.188172938,1587.0,306.0
0.8770288048532956,0.286738635,0.143248456,0.162663086,1587.0,306.0
0.843630878935487,0.164336698,0.160335886,0.146397873,1587.0,306.0
0.804430855821759,0.03125077,0.17138465,0.144816908,1587.0,306.0
0.7875933864921464,0.0,0.162411804,0.140837397,1587.0,306.0
0.7464095567202116,0.0,0.169315591,0.133489775,1587.0,306.0
0.707996088917337,0.0,0.156272753,0.143558323,1587.0,306.0
0.6719783881964947,0.0,0.15563026,0.165965934,1587.0,306.0
0.6607911177284179,0.0,0.137630625,0.155845757,1587.0,306.0
0.6551505645308295,0.0,0.11768058,0.134273721,1587.0,306.0
0.6625031090503027,0.0,0.109392143,0.140076752,1587.0,306.0
0.6887659428151561,0.0,0.106002978,0.172432347,1587.0,306.0
0.7288754348266429,0.001042222,0.096072993,0.190431704,1587.0,306.0
0.783926666334294,0.114326061,0.084298462,0.196833502,1587.0,306.0
0.824325673317885,0.230226081,0.061669062,0.186904836,1587.0,306.0
0.8418016394045413,0.394985011,0.051302994,0.175287126,1587.0,306.0
0.8470490553710149,0.560032131,0.053265252,0.193609784,1587.0,306.0
0.855751732786059,0.690693329,0.049704885,0.15510877,1587.0,306.0
0.872354706022418,0.798780376,0.062074278,0.228631257,1587.0,306.0
0.8821847260558912,0.838782026,0.071527222,0.248535112,1587.0,306.0
0.8907868249027913,0.832091855,0.079306349,0.264540406,1587.0,306.0
0.8978887655477753,0.784014578,0.088022432,0.28089314,1587.0,306.0
0.9005200122617633,0.71251363,0.093756841,0.302726447,1587.0,306.0
0.9002276412102209,0.588685797,0.105832625,0.366194183,1587.0,306.0
0.8991079776656374,0.445767985,0.133801377,0.402196745,1587.0,306.0
0.890544743135321,0.300842815,0.174576713,0.387245094,1587.0,306.0
0.8562936777172251,0.162617482,0.206960365,0.336041612,1587.0,306.0
0.8091323936768634,0.029554985,0.240922153,0.30245176,1587.0,306.0
0.7911100813436537,0.0,0.243532588,0.287001198,1587.0,306.0
0.755566851712773,0.0,0.19043874,0.247729171,1587.0,306.0
0.7192842655832129,0.0,0.189887725,0.260558329,1587.0,306.0
0.6759595805194929,0.0,0.184244912,0.265603836,1587.0,306.0
0.6628868813036598,0.0,0.172585093,0.276364762,1587.0,306.0
0.6622881853772187,0.0,0.1753343125,0.2426187275,1587.0,306.0
0.6932608917364179,0.0,0.168033547,0.200159458,1587.0,306.0
0.7314277357884721,0.0,0.142688707,0.198659223,1587.0,306.0
0.7868535618582827,0.114764054,0.120997693,0.222978547,1587.0,306.0
0.8275764997092746,0.234018222,0.095289851,0.250611812,1587.0,306.0
0.845390724653724,0.397906786,0.087395615,0.287233812,1587.0,306.0
0.8535718726721615,0.551302345,0.090391451,0.298754638,1587.0,306.0
0.882099505797873,0.690977927,0.090456683,0.306972786,1587.0,306.0
0.8961990626260545,0.77564879,0.10341503,0.355497136,1587.0,306.0
0.9048611901454711,0.819913402,0.116066354,0.414997157,1587.0,306.0
0.9037950000813552,0.839606878,0.118343358,0.458565472,1587.0,306.0
0.9039155258864406,0.785849375,0.11696657,0.488915311,1587.0,306.0
0.8995020513295545,0.725252473,0.120987816,0.513373042,1587.0,306.0
0.8994947466663955,0.614835697,0.130792108,0.531476117,1587.0,306.0
0.8958604290327066,0.465175891,0.145934866,0.53004282,1587.0,306.0
0.8836516388629047,0.303858084,0.161988961,0.520725627,1587.0,306.0
0.8641999668709079,0.165433636,0.192394145,0.490925683,1587.0,306.0
0.8072431254734012,0.038372032,0.240427368,0.444651502,1587.0,306.0
0.7881728844091048,0.0,0.251880303,0.397394086,1587.0,306.0
0.7336004317447393,0.0,0.222114589,0.339611828,1587.0,306.0
0.6894596687220417,0.0,0.182939733,0.2869167195,1587.0,306.0
0.6483542931765658,0.0,0.151132307,0.255927566,1587.0,306.0
0.6358004544832445,0.0,0.134917701,0.273483436,1587.0,306.0
0.6400728473573908,0.0,0.119618551,0.281000839,1587.0,306.0
0.6350746305349861,0.001005597,0.104569431,0.287944954,1587.0,306.0
0.6451581576282863,0.129747076,0.088262387,0.310853244,1587.0,306.0
0.6771227907071047,0.273432093,0.057594429,0.319441514,1587.0,306.0
0.7169372427117374,0.454004912,0.051045121,0.330953722,1587.0,306.0
0.7313872326738763,0.614598641,0.061255383,0.350275066,1587.0,306.0
0.7366998282617977,0.750198199,0.060555971,0.359095198,1587.0,306.0
0.7440123614360261,0.8818507055,0.0740745115,0.40178281250000003,1587.0,306.0
0.7425082935256399,0.9158668,0.084510361,0.476068509,1587.0,306.0
0.7414979179427797,0.884584758,0.08866471,0.515432191,1587.0,306.0
0.7454354700606864,0.786883354,0.0908603,0.537578785,1587.0,306.0
0.7511472899365877,0.666562575,0.098558144,0.524362664,1587.0,306.0
0.7504029702628398,0.520963327,0.110680549,0.502947725,1587.0,306.0
0.7508690128078457,0.346828836,0.121656468,0.481244516,1587.0,306.0
0.7435107088611624,0.186380937,0.147404456,0.442005094,1587.0,306.0
0.729369010282807,0.044720592,0.174196704,0.431832355,1587.0,306.0
0.7296153998036012,0.0,0.178521811,0.416207779,1587.0,306.0
0.6998284731244525,0.0,0.153310809,0.381886132,1587.0,306.0
0.640067088092615,0.0,0.1250623615,0.358057858,1587.0,306.0
0.6244429777291574,0.0,0.1097507,0.332745486,1587.0,306.0
0.6264968336218172,0.0,0.100549193,0.321864447,1587.0,306.0
0.6303541756002397,0.0,0.084879093,0.324801851,1587.0,306.0
0.6311893344536871,0.0,0.070648861,0.326706292,1587.0,306.0
0.6423112847947872,0.132688534,0.056415604,0.31446343,1587.0,306.0
0.6712760231487943,0.269768592,0.032844974,0.290919982,1587.0,306.0
0.712563662303866,0.447276531,0.021607506,0.288192335,1587.0,306.0
0.7231938168172114,0.611870633,0.022338868,0.316365889,1587.0,306.0
0.7327925247913925,0.752704095,0.027457092,0.353180519,1587.0,306.0
0.7394558149721318,0.852310042,0.034398033,0.396679094,1587.0,306.0
0.7415813121162254,0.9162861175,0.047021963,0.47832950750000003,1587.0,306.0
0.743404324084777,0.877433283,0.061129212,0.517830116,1587.0,306.0
0.7477543517051589,0.808812564,0.072593902,0.505192418,1587.0,306.0
0.7511390018971609,0.684257381,0.087878329,0.490511342,1587.0,306.0
0.7506598016997229,0.547220062,0.110664555,0.47430951,1587.0,306.0
0.7497539380276439,0.374677969,0.139562633,0.450562426,1587.0,306.0
0.7403879939490751,0.201042689,0.162921987,0.421424311,1587.0,306.0
0.7298685322903073,0.045962503,0.181074609,0.390088687,1587.0,306.0
0.7297123262025998,0.0,0.186456684,0.356706793,1587.0,306.0
0.7378140601712605,0.0,0.170335273,0.320114521,1587.0,306.0
0.6817290410424399,0.0,0.155934464,0.353174385,1587.0,306.0
0.6572401941869576,0.0,0.135527366,0.354219478,1587.0,306.0
0.6638645735137328,0.0,0.122751475,0.335952842,1587.0,306.0
0.6898443071554363,0.0,0.106315229,0.317245871,1587.0,306.0
0.7277423795620354,0.001040142,0.091364876,0.310193106,1587.0,306.0
0.7841027727154773,0.127064984,0.073550623,0.319936418,1587.0,306.0
0.8248841004409734,0.255665746,0.047247185,0.315235473,1587.0,306.0
0.8418582967565361,0.417908759,0.032821004,0.304638073,1587.0,306.0
0.8455610716076974,0.579734499,0.0324922,0.333961333,1587.0,306.0
0.8516639684001149,0.714846536,0.030876278,0.345772734,1587.0,306.0
0.8570686204491614,0.805801343,0.034556619,0.353146231,1587.0,306.0
0.8708950509350979,0.882777938,0.050535871499999996,0.40872997349999995,1587.0,306.0
0.88869124861411,0.863020151,0.071167646,0.479522236,1587.0,306.0
0.8900439099594635,0.770827066,0.08722726,0.482802971,1587.0,306.0
0.8884809136241905,0.653902837,0.106957564,0.458739338,1587.0,306.0
0.8726115842403327,0.493776579,0.134911226,0.439340836,1587.0,306.0
0.8585532328919571,0.334280859,0.168990256,0.41281513,1587.0,306.0
0.837395375623883,0.178329133,0.192034375,0.369135098,1587.0,306.0
0.8012019432574125,0.039876746,0.202771102,0.310027239,1587.0,306.0
0.7831328533037473,0.0,0.19323609,0.236738449,1587.0,306.0
0.7355142361119589,0.0,0.149055937,0.152270832,1587.0,306.0
0.6954935697466043,0.0,0.132862673,0.119588184,1587.0,306.0
0.6630574156254108,0.0,0.10902959549999999,0.08760188699999999,1587.0,306.0
0.6580066851458564,0.0,0.0870209775,0.0696511385,1587.0,306.0
0.6887659428151561,0.0,0.073440677,0.078592499,1587.0,306.0
0.7284382828173156,0.0,0.061741239,0.087954265,1587.0,306.0
0.7837806680950832,0.122107809,0.046532078,0.084661648,1587.0,306.0
0.8237166760621009,0.249482834,0.03213155,0.090670759,1587.0,306.0
0.8421705214829568,0.416049306,0.03063023,0.103436691,1587.0,306.0
0.8485005161434056,0.574217375,0.034249413,0.116194743,1587.0,306.0
0.8541809636524429,0.711326406,0.029250056,0.098918701,1587.0,306.0
0.8668241899327945,0.815118402,0.038371778,0.136584641,1587.0,306.0
0.8774747598182653,0.875229,0.051844841,0.196150729,1587.0,306.0
0.885816327953237,0.867656962,0.065971722,0.253934683,1587.0,306.0
0.8895204139727555,0.826079945,0.086271274,0.316275873,1587.0,306.0
0.8944707763988078,0.722757537,0.114377733,0.358955154,1587.0,306.0
0.8899358394416002,0.613402929,0.151410598,0.375947942,1587.0,306.0
0.8724115506609732,0.470323491,0.198623994,0.371767515,1587.0,306.0
0.8585532328919571,0.303070207,0.226777526,0.359968314,1587.0,306.0
0.8386701213743774,0.170459362,0.229117557,0.368233412,1587.0,306.0
0.8021669927312689,0.037186379,0.233875121,0.358373141,1587.0,306.0
0.7850457680191962,0.0,0.224865687,0.315437514,1587.0,306.0
0.7404044291975317,0.0,0.173821385,0.226190823,1587.0,306.0
0.696945124081058,0.0,0.144273159,0.225758772,1587.0,306.0
0.6613137476163055,0.0,0.11969988849999999,0.207437549,1587.0,306.0
0.6530234285887236,0.0,0.100167716,0.180293928,1587.0,306.0
0.6582401747159775,0.0,0.089552529,0.183347454,1587.0,306.0
0.6858679846078776,0.0,0.077297183,0.177502239,1587.0,306.0
0.7273482123360551,0.0,0.068172067,0.18386363,1587.0,306.0
0.783135054123875,0.11205764,0.055092077,0.195832616,1587.0,306.0
0.8214280898461613,0.234406578,0.04199989,0.196279052,1587.0,306.0
0.8418016394045413,0.38107072,0.041113976,0.202964035,1587.0,306.0
0.8455610716076974,0.524126601,0.038691959,0.203642049,1587.0,306.0
0.855751732786059,0.64646861,0.032866372,0.135110633,1587.0,306.0
0.870884140883825,0.752063539,0.044175791,0.171526738,1587.0,306.0
0.8784915970311113,0.793660684,0.062497467,0.221575052,1587.0,306.0
0.8799351912806616,0.801304223,0.084862373,0.289407265,1587.0,306.0
0.8813752269231295,0.750262135,0.11567204,0.336830829,1587.0,306.0
0.8728127415390547,0.677536745,0.145338976,0.378457616,1587.0,306.0
0.8714016433757311,0.568701814,0.167217979,0.377243939,1587.0,306.0
0.8659758266458835,0.434976246,0.175355852,0.354523927,1587.0,306.0
0.8536820035046239,0.302924349,0.185252474,0.310944552,1587.0,306.0
0.8359674206955161,0.16130677,0.186810477,0.270694795,1587.0,306.0
0.8012019432574125,0.039424561,0.199836642,0.249584396,1587.0,306.0
0.7825417897513374,0.0,0.193732234,0.229145097,1587.0,306.0
0.7243254673513987,0.0,0.157705041,0.187987093,1587.0,306.0
0.6766430987403156,0.0,0.1326450015,0.20015029550000002,1587.0,306.0
0.6561811213370061,0.0,0.1128515095,0.1883322005,1587.0,306.0
0.6631797208152543,0.0,0.101828557,0.147974282,1587.0,306.0
0.6896470830369175,0.0,0.091386111,0.125256884,1587.0,306.0
0.7279066394591436,0.0,0.081876712,0.107622705,1587.0,306.0
0.7820033098651903,0.072856977,0.068783061,0.100749067,1587.0,306.0
0.8188611797204481,0.148506908,0.057679303,0.088299726,1587.0,306.0
0.836819998173688,0.290333548,0.050361252,0.078843633,1587.0,306.0
0.8428419824614112,0.406567891,0.043992589,0.075533719,1587.0,306.0
0.8524919161524664,0.571296831,0.042132435,0.0538254,1587.0,306.0
0.8555892523549259,0.639599928,0.052847945,0.111623426,1587.0,306.0
0.8539015160233066,0.67820954,0.064697773,0.182909424,1587.0,306.0
0.8540695218140576,0.675502347,0.083655816,0.25513707,1587.0,306.0
0.8566280035572492,0.629685046,0.103435785,0.317263216,1587.0,306.0
0.8566118959384477,0.55430577,0.119910034,0.354578104,1587.0,306.0
0.8583080606525886,0.473518916,0.138889222,0.3630835,1587.0,306.0
0.8484050881993246,0.349718751,0.169823768,0.349741143,1587.0,306.0
0.8424357345213299,0.232314986,0.190089274,0.302590929,1587.0,306.0
0.8326408325859292,0.122769778,0.186672346,0.266607183,1587.0,306.0
0.7993215715716558,0.030419529,0.185516222,0.25335221,1587.0,306.0
0.7767918550299624,0.0,0.174571106,0.250533453,1587.0,306.0
0.7210440179018209,0.0,0.134503435,0.181050763,1587.0,306.0
0.6888137972115085,0.0,0.127070421,0.179862973,1587.0,306.0
0.6650853776485757,0.0,0.105842468,0.174977714,1587.0,306.0
0.6543488148871122,0.0,0.09280516850000001,0.1311079395,1587.0,306.0
0.6587227931774031,0.0,0.086568151,0.081960775,1587.0,306.0
0.685050338103652,0.0,0.072813954,0.063993743,1587.0,306.0
0.725289954965574,0.0,0.062131879,0.057193445,1587.0,306.0
0.7820404884402958,0.096721853,0.05069671,0.065133912,1587.0,306.0
0.8178734671108727,0.219284951,0.037945831,0.065964719,1587.0,306.0
0.8366902011153421,0.367784262,0.04298758,0.06249845,1587.0,306.0
0.8426503772645734,0.522322533,0.05017089,0.060912879,1587.0,306.0
0.8477187370459283,0.642139905,0.046330186,0.054665949,1587.0,306.0
0.8523398308563906,0.724191515,0.068627453,0.101969087,1587.0,306.0
0.8555352171772113,0.779714096,0.086829116,0.140480848,1587.0,306.0
0.8540695218140576,0.794906542,0.100940285,0.187020985,1587.0,306.0
0.8566280035572492,0.749050435,0.112697048,0.223219885,1587.0,306.0
0.8553667430888422,0.656220778,0.130201863,0.225773659,1587.0,306.0
0.8579042476002269,0.554599581,0.147363289,0.219815806,1587.0,306.0
0.8477025358650636,0.429440285,0.171198537,0.21422037,1587.0,306.0
0.8412728053447758,0.290914532,0.192991692,0.219913705,1587.0,306.0
0.8321801747325782,0.148568573,0.191437331,0.237004958,1587.0,306.0
0.7987574319648231,0.030294013,0.192038993,0.208779559,1587.0,306.0
0.7782664469108217,0.0,0.192124138,0.168098678,1587.0,306.0
0.7087934603925318,0.0,0.175130394,0.115918941,1587.0,306.0
0.6738733221026697,0.0,0.15508362,0.108527833,1587.0,306.0
0.6459266385678025,0.0,0.144148631,0.094277393,1587.0,306.0
0.6288616732440879,0.0,0.132443702,0.12072153799999999,1587.0,306.0
0.6273683749606628,0.0,0.125128567,0.127526244,1587.0,306.0
0.6314118905008025,0.0,0.122669837,0.106590672,1587.0,306.0
0.6315835016796673,0.0,0.115289513,0.09719246,1587.0,306.0
0.6423112847947872,0.102348071,0.102124671,0.096973962,1587.0,306.0
0.6709769560748059,0.211119934,0.078306721,0.120240472,1587.0,306.0
0.708662211822734,0.336202054,0.08771057,0.13827584,1587.0,306.0
0.7180785390723062,0.463116968,0.115504522,0.155931408,1587.0,306.0
0.7214057826036376,0.542599833,0.122298587,0.189810635,1587.0,306.0
0.7216366266901799,0.620627131,0.164348418,0.229384927,1587.0,306.0
0.7208206189839664,0.625488141,0.201301699,0.253777946,1587.0,306.0
0.7199754865120483,0.624757358,0.229862159,0.259505243,1587.0,306.0
0.7199381206503824,0.557579951,0.267459932,0.263428221,1587.0,306.0
0.7271805343373934,0.542100315,0.28649986,0.223773511,1587.0,306.0
0.7376865107140737,0.446099004,0.291359559,0.191842287,1587.0,306.0
0.7373137890175184,0.359619842,0.281136001,0.173678518,1587.0,306.0
0.7359886602584549,0.266237249,0.246585706,0.160390708,1587.0,306.0
0.7334589287078472,0.156533634,0.195473268,0.149006036,1587.0,306.0
0.724752786247784,0.0353864,0.155651883,0.177738047,1587.0,306.0
0.7191761015032861,0.0,0.125275446,0.183837014,1587.0,306.0
0.6857777774594069,0.0,0.106029314,0.155059434,1587.0,306.0
0.6325428386697797,0.0,0.081879037,0.1407356765,616.0,119.0
0.6177652187276288,0.0,0.070428942,0.128754079,616.0,119.0
0.6192314759504638,0.0,0.066169274,0.114318024,616.0,119.0
0.6243687610844751,0.0,0.064080729,0.1038292,616.0,119.0
0.6274468524152031,0.0,0.060270104,0.097657661,616.0,119.0
0.6414587540976469,0.103236144,0.054117965,0.09413769,616.0,119.0
0.6712950337904996,0.212361017,0.051980195,0.092101921,616.0,119.0
0.718306667097637,0.356617417,0.063815477,0.097782712,616.0,119.0
0.7298811748640898,0.487858781,0.094320903,0.118513154,616.0,119.0
0.7371845538188536,0.619421999,0.095060571,0.124917215,616.0,119.0
0.7392016524905604,0.674337493,0.150186718,0.174951856,616.0,119.0
0.7460682073905204,0.739153179,0.204805112,0.257475277,616.0,119.0
0.747881386083696,0.758085431,0.246547035,0.327983684,616.0,119.0
0.7508537012787515,0.706339871,0.276512676,0.329195018,616.0,119.0
0.7550560449184449,0.63402784,0.291729564,0.295344915,616.0,119.0
0.7577000279307123,0.54692773,0.298356872,0.285194381,616.0,119.0
0.7507599589137144,0.420139964,0.29101364,0.275488261,616.0,119.0
0.7497845144672346,0.29493924,0.280794628,0.23931889,616.0,119.0
0.7446705477282525,0.155428591,0.248378869,0.200064824,616.0,119.0
0.733576879119684,0.032650228,0.226000626,0.18281411,616.0,119.0
0.7236696456941276,0.0,0.192733363,0.170428238,616.0,119.0
0.7111261552736151,0.0,0.173590713,0.182859289,616.0,119.0
0.6690352210764428,0.0,0.15233120700000002,0.19029070599999998,616.0,119.0
0.6495387615258249,0.0,0.139673687,0.186302584,616.0,119.0
0.6444269956069704,0.0,0.13283777,0.183956944,616.0,119.0
0.6529329639821452,0.0,0.127848932,0.169145609,616.0,119.0
0.6831032885039642,0.0,0.120352791,0.156846915,616.0,119.0
0.7229773947704268,0.0,0.108103954,0.14331767,616.0,119.0
0.7787539819287181,0.107808527,0.098638739,0.123354725,616.0,119.0
0.8148518927890447,0.209193786,0.081115694,0.104351688,616.0,119.0
0.8372098576463443,0.35471455,0.089034377,0.090089256,616.0,119.0
0.8469752602429192,0.492948467,0.095951479,0.092423862,616.0,119.0
0.8565836140434818,0.583056526,0.092423821,0.06822883,616.0,119.0
0.8601716692977993,0.622092652,0.129547992,0.068931113,616.0,119.0
0.861792540428927,0.687764864,0.158574693,0.105351443,616.0,119.0
0.8648654343545604,0.691864506,0.184086173,0.178015403,616.0,119.0
0.8689617208475234,0.67008112,0.198551784,0.243101748,616.0,119.0
0.869088708445029,0.62138065,0.205544633,0.281706642,616.0,119.0
0.8689405563291562,0.533425896,0.204348278,0.28952872,616.0,119.0
0.8669492109401985,0.421178435,0.194349716,0.284020187,616.0,119.0
0.8555590038698585,0.306077545,0.179514769,0.258981547,616.0,119.0
0.8445557530868371,0.164091181,0.156695551,0.221307828,616.0,119.0
0.8047720178648897,0.034388601,0.158896565,0.18543498,616.0,119.0
0.7698843288802226,0.0,0.14660094,0.154094288,616.0,119.0
0.711466942743625,0.0,0.1143441,0.12666161,616.0,119.0
0.6799198891727475,0.0,0.111675766,0.138809509,616.0,119.0
0.6517628941196938,0.0,0.09703829950000001,0.1537325695,616.0,119.0
0.6434268044008743,0.0,0.068770632,0.1673258065,616.0,119.0
0.6809455295036702,0.0,0.050239146,0.1777089,616.0,119.0
0.7227451459534643,0.0,0.041447034,0.167223438,616.0,119.0
0.778632332241836,0.112370102,0.035840125,0.14081846,616.0,119.0
0.8154278320989208,0.237809551,0.024186046,0.100084302,616.0,119.0
0.8447132701804676,0.400340082,0.023564397,0.076199103,616.0,119.0
0.8566905608419827,0.570858852,0.02956518,0.065433964,616.0,119.0
0.8649475641406805,0.693966245,0.051956012,0.043749103,616.0,119.0
0.8744842766898094,0.750055096,0.076642973,0.069261904,616.0,119.0
0.8784103099532963,0.791632877,0.094171828,0.133572335,616.0,119.0
0.8898272069016212,0.819975612,0.107079758,0.214792966,616.0,119.0
0.8984475672439848,0.802143205,0.121473977,0.27711819,616.0,119.0
0.9019693191574919,0.747024628,0.146036153,0.309299789,616.0,119.0
0.9013748373410945,0.660737837,0.15782706,0.296226515,616.0,119.0
0.8899631847413296,0.530927247,0.176245601,0.278964658,616.0,119.0
0.8705363295992795,0.37195873,0.180874522,0.249874464,616.0,119.0
0.8530897692893856,0.195982826,0.184519755,0.222576603,616.0,119.0
0.8102391337990409,0.043472322,0.200859417,0.213541312,616.0,119.0
0.7805776025379827,0.0,0.192945013,0.207043706,616.0,119.0
0.7171848496763915,0.0,0.173609166,0.207117734,616.0,119.0
0.6842973090363247,0.0,0.161588915,0.20468264,616.0,119.0
0.6562829642924756,0.0,0.14667604150000002,0.185181273,616.0,119.0
0.6462299433047847,0.0,0.127130931,0.178061045,616.0,119.0
0.6813621724163746,0.0,0.118577366,0.15537878,616.0,119.0
0.7228617385783466,0.0,0.113711629,0.144849237,616.0,119.0
0.7795526177912386,0.10789505,0.105136814,0.136954016,616.0,119.0
0.8193504003173886,0.233889496,0.080710197,0.131514103,616.0,119.0
0.8529097766714648,0.398497857,0.096980951,0.131840665,616.0,119.0
0.8613922859836475,0.552811124,0.149131316,0.147851382,616.0,119.0
0.8689132108669926,0.672696963,0.219075865,0.137250596,616.0,119.0
0.8716553377221186,0.754567555,0.288296988,0.233948201,616.0,119.0
0.8728198589156534,0.792202041,0.335733349,0.335355191,616.0,119.0
0.8753582998598403,0.788742379,0.38172907,0.382318501,616.0,119.0
0.8765109276258344,0.759355288,0.419360918,0.396779361,616.0,119.0
0.8778001889781496,0.668600706,0.446573728,0.444207976,616.0,119.0
0.8815402359664796,0.573874971,0.454864105,0.447522252,616.0,119.0
0.8704121514626146,0.446150826,0.443634648,0.466106317,616.0,119.0
0.8587723708375191,0.322575972,0.410186277,0.458926112,616.0,119.0
0.8458709551708956,0.175233138,0.363389033,0.421154332,616.0,119.0
0.8047720178648897,0.037062115,0.347183494,0.401801306,616.0,119.0
0.7693115736043078,0.0,0.320149366,0.394140197,616.0,119.0
0.7128771044741464,0.0,0.239879849,0.388801047,616.0,119.0
0.6720346475036358,0.0,0.237187684,0.3934073345,616.0,119.0
0.6447541104271156,0.0,0.2165977575,0.475671261,616.0,119.0
0.649167912857308,0.0,0.188082407,0.507625245,616.0,119.0
0.6811207460706488,0.0,0.168569703,0.493995192,616.0,119.0
0.7226437245145814,0.0,0.149870717,0.462762212,616.0,119.0
0.7795526177912386,0.100415161,0.129109366,0.435777765,616.0,119.0
0.8175559044738288,0.228068141,0.102651122,0.403809696,616.0,119.0
0.8478073287869026,0.392959821,0.097339236,0.36644088,616.0,119.0
0.8575617743887389,0.550656148,0.099201432,0.326038718,616.0,119.0
0.8629648345832388,0.676313644,0.084559494,0.24505606,616.0,119.0
0.8740356059884964,0.74032439,0.093872814,0.227352843,616.0,119.0
0.8766266773799777,0.777691851,0.111254009,0.256200535,616.0,119.0
0.8810354696104189,0.75962974,0.128974386,0.323437372,616.0,119.0
0.8835358891087615,0.728602605,0.147168421,0.383355152,616.0,119.0
0.883417517180338,0.655034951,0.159336623,0.398949865,616.0,119.0
0.8786261701403995,0.569216896,0.167328844,0.395600839,616.0,119.0
0.8730197987705155,0.465846359,0.174577372,0.374915243,616.0,119.0
0.8642112047142702,0.335442737,0.18466854,0.321487506,616.0,119.0
0.8468128735362834,0.182405214,0.193506661,0.262814082,616.0,119.0
0.8054137922179583,0.037233622,0.218522947,0.232125827,616.0,119.0
0.7743140515614391,0.0,0.218595972,0.209882891,616.0,119.0
0.7160365296637214,0.0,0.17530179,0.163923279,616.0,119.0
0.6764101242488443,0.0,0.16464452499999999,0.1855387135,616.0,119.0
0.6540915385431266,0.0,0.1394603335,0.199104707,616.0,119.0
0.6590736947714126,0.0,0.125344045,0.208406578,616.0,119.0
0.6866075280682494,0.0,0.116783983,0.197516184,616.0,119.0
0.7252484686371444,0.0,0.110576072,0.175125461,616.0,119.0
0.7799877564294327,0.101587358,0.096227148,0.147346443,616.0,119.0
0.8159367189217449,0.225601346,0.07166611,0.127492174,616.0,119.0
0.8439691379557142,0.401685821,0.059295998,0.10988917,616.0,119.0
0.8563956611782234,0.569843002,0.054597222,0.102625973,616.0,119.0
0.8689132108669926,0.711658362,0.047452724,0.087314717,616.0,119.0
0.8799475530058204,0.811779466,0.052133277,0.101503896,616.0,119.0
0.8960183206994579,0.841794268,0.057915415,0.161555698,616.0,119.0
0.9021408835553251,0.851282044,0.068245855,0.257531087,616.0,119.0
0.904540911772084,0.812463956,0.081769695,0.366790945,616.0,119.0
0.9020300035766211,0.71015508,0.095152248,0.423977076,616.0,119.0
0.902709424639979,0.61848827,0.111414883,0.431169909,616.0,119.0
0.9017602953359294,0.463827338,0.129953669,0.40944482,616.0,119.0
0.883858040510187,0.314816274,0.154685355,0.360233563,616.0,119.0
0.8615619773534423,0.163093861,0.175034865,0.295417516,616.0,119.0
0.8143920778064326,0.032943424,0.203860288,0.253142423,616.0,119.0
0.7869960952149085,0.0,0.208310627,0.234759788,616.0,119.0
0.7143330602864214,0.0,0.184633967,0.204130319,616.0,119.0
0.6650009065367992,0.0,0.161482771,0.235395202,616.0,119.0
0.632054835435482,0.0,0.1345982885,0.284589847,616.0,119.0
0.6301031971526296,0.0,0.119653241,0.269998277,616.0,119.0
0.635615638870916,0.0,0.111152807,0.242799153,616.0,119.0
0.6337151326616575,0.0,0.102396401,0.221948648,616.0,119.0
0.6436858131861523,0.091035615,0.087786328,0.208453433,616.0,119.0
0.6745249295686798,0.220479733,0.053629384,0.198286665,616.0,119.0
0.7262092103576772,0.386557782,0.043445589,0.199610874,616.0,119.0
0.7430340371135072,0.562665809,0.043021117,0.222724094,616.0,119.0
0.7587403242065507,0.711599251,0.039463308,0.213303392,616.0,119.0
0.7695090787338844,0.819712406,0.051015735,0.244578779,616.0,119.0
0.7706629004720056,0.8744699675000001,0.06853540799999999,0.3510629665,616.0,119.0
0.7707542782020875,0.816272504,0.087720023,0.403772359,616.0,119.0
0.7742002216163657,0.731535813,0.099515972,0.435258994,616.0,119.0
0.7784154420598676,0.600292093,0.110021726,0.475161786,616.0,119.0
0.7796646684327708,0.471146824,0.139280319,0.45416231,616.0,119.0
0.7774940326286683,0.309206166,0.160058077,0.402615239,616.0,119.0
0.7752154200311996,0.174863184,0.186844837,0.3509295,616.0,119.0
0.759006941975344,0.036364519,0.224461326,0.313153396,616.0,119.0
0.743573640881451,0.0,0.232724725,0.29149871,616.0,119.0
0.7058736821639247,0.0,0.19539247599999998,0.2615851255,616.0,119.0
0.6532427538208461,0.0,0.154625512,0.260362764,616.0,119.0
0.6317964586814327,0.0,0.1389843365,0.2389630605,616.0,119.0
0.6302644601399029,0.0,0.12323331,0.200182221,616.0,119.0
0.6354083943528946,0.0,0.108398476,0.208002756,616.0,119.0
0.6340594789011837,0.0,0.093148479,0.210131952,616.0,119.0
0.6443021151050954,0.098095945,0.079613374,0.197244693,616.0,119.0
0.6824654473310989,0.231768774,0.052799762,0.176540087,616.0,119.0
0.7310442913272043,0.402225592,0.040967568,0.172152248,616.0,119.0
0.7539281404403344,0.574384261,0.0377719,0.190079401,616.0,119.0
0.7693068911154288,0.714659071,0.032912105,0.118509369,616.0,119.0
0.7734540289145792,0.821254873,0.039278153,0.137886091,616.0,119.0
0.7743816191271409,0.870956394,0.051519829,0.212194254,616.0,119.0
0.7785104954308277,0.866355765,0.065848639,0.260259825,616.0,119.0
0.779840212954273,0.818138817,0.079743795,0.272328013,616.0,119.0
0.7841041305024319,0.731296121,0.099157901,0.26146219,616.0,119.0
0.785895723323088,0.618439878,0.121253658,0.255728348,616.0,119.0
0.7801941111332493,0.449414629,0.129857919,0.234982538,616.0,119.0
0.7790842339205761,0.313401506,0.14264601,0.214073004,616.0,119.0
0.7761834664148912,0.174801148,0.157638376,0.205579785,616.0,119.0
0.7583614685096646,0.039812875,0.185329544,0.216428194,616.0,119.0
0.7448324193562386,0.0,0.193483839,0.218720985,616.0,119.0
0.7481140093113453,0.0,0.177821882,0.156752697,616.0,119.0
0.7000945289523476,0.0,0.148463966,0.142483774,616.0,119.0
0.662417467438132,0.0,0.127039478,0.129624468,616.0,119.0
0.6668117908477841,0.0,0.11290856,0.127915815,616.0,119.0
0.6926850459886048,0.0,0.102797559,0.117207556,616.0,119.0
0.7293522002987953,0.0,0.095036444,0.102538797,616.0,119.0
0.7842965785700088,0.102733706,0.081718025,0.091210082,616.0,119.0
0.8355156595223049,0.24419648,0.054292685,0.075949862,616.0,119.0
0.861575931095582,0.416641642,0.046723552,0.061439177,616.0,119.0
0.8796316759478203,0.58186038,0.051791555,0.069269474,616.0,119.0
0.9159799096715783,0.73154156,0.051706565,0.061647594,616.0,119.0
0.9382941407617233,0.836188362,0.06267675,0.110306086,616.0,119.0
0.9459534783724965,0.865656536,0.076314198,0.186203047,616.0,119.0
0.9505256874668729,0.865293082,0.096925044,0.253381916,616.0,119.0
0.9541946550634506,0.838773872,0.118080552,0.308349142,616.0,119.0
0.9451482869930588,0.750190819,0.138884247,0.354232384,616.0,119.0
0.9361516463470576,0.63813278,0.159045022,0.376022531,616.0,119.0
0.9272427545712918,0.48761924,0.180245862,0.368653154,616.0,119.0
0.9070237253591414,0.347144333,0.206594528,0.331338619,616.0,119.0
0.8812175227053727,0.1929574,0.227354347,0.301015962,616.0,119.0
0.8306448048705266,0.042032538,0.265361195,0.277231404,616.0,119.0
0.7967995190948939,0.0,0.268921171,0.23673569,616.0,119.0
0.7504251181574748,0.0,0.21862013,0.172827858,616.0,119.0
0.706618914879959,0.0,0.1839512075,0.149275068,616.0,119.0
0.6668399088467052,0.0,0.14018805499999998,0.1147682455,616.0,119.0
0.6681850550142576,0.0,0.116516883,0.093208785,616.0,119.0
0.6934192515383533,0.0,0.104680737,0.091342117,616.0,119.0
0.7299754790888082,0.0,0.093363835,0.096803332,616.0,119.0
0.7835769821841443,0.107588907,0.081790296,0.101770081,616.0,119.0
0.8306456475788314,0.251344864,0.056294401,0.096816431,616.0,119.0
0.8573141672616508,0.429098305,0.047631164,0.090860038,616.0,119.0
0.8713630602326395,0.596346428,0.047587276,0.090902151,616.0,119.0
0.896226782661339,0.740037705,0.04491551,0.074590024,616.0,119.0
0.9095936322322555,0.848181436,0.059594131,0.120436414,616.0,119.0
0.9236439297712304,0.90047708,0.080525274,0.191824673,616.0,119.0
0.9283183096131656,0.893184607,0.103109547,0.258958215,616.0,119.0
0.9283166238716877,0.85213137,0.127576202,0.31557815,616.0,119.0
0.9291281833190482,0.777647169,0.158829617,0.344694274,616.0,119.0
0.9282815993356782,0.664795899,0.188608592,0.353423128,616.0,119.0
0.9212988733274223,0.527390924,0.213549424,0.344804925,616.0,119.0
0.9048403064757276,0.365782541,0.233203769,0.320423558,616.0,119.0
0.8786790817611858,0.196491068,0.248298819,0.282457838,616.0,119.0
0.8258052286986809,0.038009619,0.271250855,0.247850598,616.0,119.0
0.7978496017026424,0.0,0.263473764,0.212749019,616.0,119.0
0.7380902535136709,0.0,0.1834032,0.1328535855,616.0,119.0
0.6827053128471984,0.0,0.14865704666666665,0.13330589033333332,616.0,119.0
0.6708141478515834,0.0,0.128360896,0.128753288,616.0,119.0
0.6954389725467742,0.0,0.125230263,0.129291509,616.0,119.0
0.7301364142839922,0.0,0.122024991,0.135503417,616.0,119.0
0.7831754167329419,0.092745058,0.109437997,0.139768738,616.0,119.0
0.8286381010090089,0.210075733,0.077945426,0.130933534,616.0,119.0
0.8561127485040682,0.359773629,0.066872857,0.126195281,616.0,119.0
0.8629648345832388,0.514749526,0.066766272,0.128689903,616.0,119.0
0.8765843481808092,0.631562014,0.073589659,0.132713455,616.0,119.0
0.8858953674298929,0.72583326,0.10346932,0.196431268,616.0,119.0
0.8968971197579969,0.789772135,0.140961164,0.236097814,616.0,119.0
0.902028317835143,0.815407715,0.172252632,0.26324897,616.0,119.0
0.9094953946648998,0.766074673,0.201665869,0.305679697,616.0,119.0
0.9126350600665278,0.660257183,0.23402414,0.335533422,616.0,119.0
0.9106981245908397,0.564299627,0.257668643,0.35121615,616.0,119.0
0.894537454150305,0.421774402,0.270050077,0.354799043,616.0,119.0
0.8691117461538687,0.286649607,0.257142017,0.335966721,616.0,119.0
0.8525818188993636,0.163766644,0.234553692,0.306642984,616.0,119.0
0.8125601223767097,0.02965203,0.214945382,0.29207915,616.0,119.0
0.7887574393880631,0.0,0.18321309,0.278241606,616.0,119.0
0.7392093317268403,0.0,0.163656793,0.291298317,616.0,119.0
0.6858366123222306,0.0,0.1403231905,0.298047361,616.0,119.0
0.6583901296883412,0.0,0.1223470405,0.2660692765,616.0,119.0
0.6637274717922279,0.0,0.104376999,0.237048208,616.0,119.0
0.6897411064130123,0.0,0.091132504,0.205212204,616.0,119.0
0.7274876552207826,0.0,0.082885749,0.192667253,616.0,119.0
0.7816072696111718,0.082428129,0.066664622,0.183024981,616.0,119.0
0.8286381010090089,0.191072616,0.047725702,0.178279673,616.0,119.0
0.855467696392541,0.349614884,0.040538644,0.169435174,616.0,119.0
0.8613922859836475,0.506852573,0.03691025,0.155027627,616.0,119.0
0.8783264008636351,0.636081971,0.043184519,0.131768131,616.0,119.0
0.8931172720202811,0.734235713,0.045839902,0.149974986,616.0,119.0
0.9000154333546972,0.80089087,0.050536507,0.205884008,616.0,119.0
0.8997672643679278,0.796811776,0.054860646,0.264013044,616.0,119.0
0.9038849963903156,0.788533461,0.059968676,0.308344165,616.0,119.0
0.9020300035766211,0.728491513,0.073547458,0.362944945,616.0,119.0
0.902648833945347,0.63475627,0.09089852,0.400207844,616.0,119.0
0.8963228661895986,0.499211912,0.122695802,0.411799691,616.0,119.0
0.8795285687674594,0.351286292,0.157580307,0.425805483,616.0,119.0
0.858726389306771,0.188967575,0.193269341,0.420075976,616.0,119.0
0.8145070782519002,0.03474272,0.232713221,0.412543505,616.0,119.0
0.7869106876703298,0.0,0.237675894,0.396144657,616.0,119.0
0.7362495653810699,0.0,0.200771461,0.333664528,616.0,119.0
0.6956745925218244,0.0,0.183344362,0.361380528,616.0,119.0
0.6628558836723508,0.0,0.1550692265,0.378906372,616.0,119.0
0.656615557528773,0.0,0.136905396,0.368987336,616.0,119.0
0.6648574367473712,0.0,0.128073723,0.355414778,616.0,119.0
0.6908404481475335,0.0,0.117624432,0.337761823,616.0,119.0
0.7283179912422564,0.0,0.110560533,0.332358739,616.0,119.0
0.7830636469400332,0.085949783,0.100340073,0.319641299,616.0,119.0
0.8286381010090089,0.220811113,0.075626751,0.310980327,616.0,119.0
0.8576105653803275,0.387509636,0.067139289,0.324464687,616.0,119.0
0.8681672056142008,0.556797206,0.06599355,0.34728122,616.0,119.0
0.8838456789474624,0.69930753,0.062599785,0.341029347,616.0,119.0
0.9032481853747496,0.80396005,0.079275299,0.37074757,616.0,119.0
0.9106211454287826,0.854722818,0.083012564,0.397510383,616.0,119.0
0.9142962939691566,0.874762972,0.097846087,0.433631857,616.0,119.0
0.9196514996048701,0.818352698,0.123708465,0.456527484,616.0,119.0
0.9178910918645176,0.743017247,0.146960668,0.469681085,616.0,119.0
0.9173391265338491,0.612514395,0.163685622,0.472408092,616.0,119.0
0.9067920385642942,0.476224371,0.176868876,0.446521905,616.0,119.0
0.8969448805922859,0.333183195,0.190146939,0.367351369,616.0,119.0
0.8700214492816535,0.175587796,0.192254724,0.325344273,616.0,119.0
0.817489788582013,0.031508286,0.20845008,0.289536733,616.0,119.0
0.795632375727079,0.0,0.19458762,0.265687975,616.0,119.0
0.7304822120349704,0.0,0.149867444,0.199272232,616.0,119.0
0.672140353467761,0.0,0.106295464,0.18370077499999998,616.0,119.0
0.6328839071508473,0.0,0.067548494,0.1553511265,616.0,119.0
0.6304588278541156,0.0,0.058315793,0.106887191,616.0,119.0
0.6360418340479388,0.0,0.052652631,0.089556311,616.0,119.0
0.6342313241476407,0.0,0.043458985,0.085102508,616.0,119.0
0.6435959572202865,0.091198697,0.034197582,0.081742161,616.0,119.0
0.6790830445778221,0.228667609,0.019020394,0.081266426,616.0,119.0
0.7279278507585424,0.394737844,0.019579134,0.080073322,616.0,119.0
0.7451768123767966,0.567945471,0.029887799,0.082426674,616.0,119.0
0.7601408868917222,0.703595949,0.031837848,0.086405307,616.0,119.0
0.7636864724413422,0.815578036,0.063517505,0.136824792,616.0,119.0
0.7687853149377908,0.868446363,0.104413023,0.201802004,616.0,119.0
0.76722273995667,0.883164942,0.141389068,0.262737537,616.0,119.0
0.7703213871650526,0.851343663,0.17558553,0.294261487,616.0,119.0
0.7718152240800774,0.780775613,0.205186326,0.320029273,616.0,119.0
0.7772706806542796,0.671685881,0.225941625,0.302119377,616.0,119.0
0.7770234948813438,0.528698441,0.234261368,0.295856932,616.0,119.0
0.7759690577392397,0.368097955,0.232128991,0.253931064,616.0,119.0
0.7651170027629576,0.200026583,0.2170305,0.217549656,616.0,119.0
0.7451638889543905,0.030840491,0.220446757,0.193767846,616.0,119.0
0.7387852905889136,0.0,0.210187362,0.182123917,616.0,119.0
0.7226853045675081,0.0,0.193048908,0.160000705,616.0,119.0
0.6775587252725721,0.0,0.166787492,0.156194944,616.0,119.0
0.6454546493090263,0.0,0.14432656,0.166109209,616.0,119.0
0.628470572937056,0.0,0.119726954,0.17714772,616.0,119.0
0.6246794405749465,0.0,0.104308856,0.14751522,616.0,119.0
0.6308680725415979,0.0,0.09575311,0.133830815,616.0,119.0
0.6306954312054336,0.0,0.083048299,0.150074316,616.0,119.0
0.6423913076477109,0.088994346,0.070254647,0.165004698,616.0,119.0
0.6739592916693636,0.224843483,0.046941972,0.160347429,616.0,119.0
0.7256682020217472,0.386323936,0.046206924,0.159592908,616.0,119.0
0.7398187972802425,0.54975755,0.059442447,0.163529461,616.0,119.0
0.7512994689571608,0.668211907,0.048526569,0.080778178,616.0,119.0
0.7555256930139987,0.749269926,0.085414849,0.121243477,616.0,119.0
0.7581906064770415,0.796427717,0.15000133,0.201819222,616.0,119.0
0.7576372365783869,0.82701602,0.210793915,0.293863889,616.0,119.0
0.7588442742576506,0.774244682,0.272559205,0.372252375,616.0,119.0
0.7618208036439669,0.694438078,0.315799153,0.4467617,616.0,119.0
0.7672681596277369,0.586371674,0.340523909,0.479265604,616.0,119.0
0.7661813667425008,0.471003128,0.349337358,0.487064919,616.0,119.0
0.761848336392691,0.313917171,0.350455246,0.499745666,616.0,119.0
0.7499569215733727,0.158356791,0.332121122,0.526527458,616.0,119.0
0.7407486349315292,0.023682546,0.31722514,0.523699564,616.0,119.0
0.7315287358732026,0.0,0.309661389,0.487315804,616.0,119.0
0.7327793201954946,0.0,0.281649165,0.481704956,616.0,119.0
0.6782543475167947,0.0,0.29622327,0.4525541235,616.0,119.0
0.6565148150645844,0.0,0.28535723,0.5095290425,616.0,119.0
0.6633284349532425,0.0,0.26542569,0.488805087,616.0,119.0
0.6894537922610358,0.0,0.265095051,0.471295183,616.0,119.0
0.7267358437597491,0.0,0.261137202,0.478765211,616.0,119.0
0.7799877564294327,0.065719491,0.234519886,0.490416426,616.0,119.0
0.8166756069603723,0.204890185,0.216833425,0.484662796,616.0,119.0
0.839847940725873,0.348708935,0.214153743,0.477207681,616.0,119.0
0.8502206549991883,0.505109541,0.21756748,0.457242531,616.0,119.0
0.8573677343041813,0.657118567,0.192225714,0.399726038,616.0,119.0
0.8620866909464444,0.768073972,0.195354356,0.367834107,616.0,119.0
0.8779975066587317,0.79160861,0.198506766,0.361084564,616.0,119.0
0.8941666990438512,0.807344327,0.212447603,0.387969757,616.0,119.0
0.9072476393556455,0.775385885,0.221655193,0.415018265,616.0,119.0
0.9100186098029843,0.680632483,0.221297933,0.448255615,616.0,119.0
0.90925612235827,0.597586467,0.2106449,0.471340258,616.0,119.0
0.8985840133813113,0.47819666,0.205469842,0.470964178,616.0,119.0
0.8798422919487975,0.348436879,0.205705098,0.444636769,616.0,119.0
0.8575672060238596,0.18793175,0.207498735,0.396031496,616.0,119.0
0.8132941408023319,0.029183196,0.228509533,0.337101958,616.0,119.0
0.7828630515009924,0.0,0.228324634,0.278506412,616.0,119.0
0.7334033013507177,0.0,0.180582818,0.185580055,616.0,119.0
0.6886415304484651,0.0,0.178367987,0.203106101,616.0,119.0
0.661709085423897,0.0,0.1623039455,0.2346077145,616.0,119.0
0.6535904713808942,0.0,0.142654374,0.24088105,616.0,119.0
0.6596310915747675,0.0,0.137693925,0.237967399,616.0,119.0
0.6879684306719983,0.0,0.132430664,0.222580554,616.0,119.0
0.7268068762080359,0.0,0.125473089,0.196311768,616.0,119.0
0.7806009678764776,0.086558692,0.112378378,0.176679957,616.0,119.0
0.8200840440074557,0.247267686,0.077030461,0.152187492,616.0,119.0
0.8539357914130744,0.42771817,0.059808617,0.134046378,616.0,119.0
0.8648667453604835,0.599358678,0.062573195,0.12775703,616.0,119.0
0.8932798461759115,0.74141467,0.043452845,0.106805736,616.0,119.0
0.9114347650283077,0.846674079,0.050192764,0.148310606,616.0,119.0
0.9263315529885894,0.905502135,0.060582804,0.204302344,616.0,119.0
0.9325908429928408,0.90787919,0.069889611,0.27093714,616.0,119.0
0.9343918941908838,0.866788574,0.081223496,0.344423597,616.0,119.0
0.9331292291544906,0.783716864,0.099304911,0.398735017,616.0,119.0
0.9310484493162535,0.671192551,0.12700497,0.428366127,616.0,119.0
0.9262960601549619,0.530389717,0.161605896,0.437188538,616.0,119.0
0.9072368696474673,0.372617904,0.192075583,0.418376475,616.0,119.0
0.8811568382862434,0.19611003,0.219699948,0.390476723,616.0,119.0
0.816416761989922,0.029942785,0.257714711,0.357066595,616.0,119.0
0.7950117660548119,0.0,0.272061405,0.320877446,616.0,119.0
0.741788977988399,0.0,0.271651065,0.287377145,616.0,119.0
0.6846228318394891,0.0,0.2455801955,0.31221173,616.0,119.0
0.6566002928619274,0.0,0.21090828,0.367734864,616.0,119.0
0.6629500941725718,0.0,0.183895909,0.413401961,616.0,119.0
0.689686415488685,0.0,0.171905669,0.432997241,616.0,119.0
0.7270768652973512,0.0,0.16154833,0.431674462,616.0,119.0
0.7812982290811467,0.080496398,0.143223477,0.419417797,616.0,119.0
0.8270766031286534,0.224958349,0.103646346,0.397622039,616.0,119.0
0.8562116414931683,0.396076251,0.101406398,0.361548681,616.0,119.0
0.8641695310992802,0.572674763,0.113876237,0.355893239,616.0,119.0
0.8832149551511956,0.720229628,0.11284799,0.256977346,616.0,119.0
0.9003259723396398,0.83213364,0.156288501,0.333177321,616.0,119.0
0.9079957049230362,0.896553564,0.180303754,0.402749122,616.0,119.0
0.9107684548363504,0.894434089,0.195043498,0.446032543,616.0,119.0
0.9171986534918222,0.849353643,0.205258618,0.50030627,616.0,119.0
0.9176475116421298,0.773794534,0.216172608,0.52112335,616.0,119.0
0.9105460391323298,0.658938898,0.225892335,0.529132486,616.0,119.0
0.9018209797550587,0.522475379,0.229649403,0.530042136,616.0,119.0
0.8830221325104979,0.366312831,0.217172177,0.522970792,616.0,119.0
0.8593876425991628,0.198844896,0.19431698,0.485899808,616.0,119.0
0.8129551324734289,0.026585708,0.193603041,0.419734162,616.0,119.0
0.7808768099550659,0.0,0.176346463,0.361512119,616.0,119.0
0.7060137571610978,0.0,0.12115021499999999,0.2576556335,616.0,119.0
0.6562112527882775,0.0,0.09797693,0.269993467,616.0,119.0
0.6453792621639498,0.0,0.082093125,0.269390261,616.0,119.0
0.6539930669893961,0.0,0.073060549,0.250925413,616.0,119.0
0.6829958266268136,0.0,0.066225022,0.237939006,616.0,119.0
0.7237687727508196,0.0,0.061773318,0.250736773,616.0,119.0
0.7801987000600651,0.077733152,0.056549854,0.264916066,616.0,119.0
0.8200079077161376,0.225695122,0.046291635,0.276964095,616.0,119.0
0.8559166481049117,0.394601119,0.044965113,0.294476963,616.0,119.0
0.8688927017703698,0.558002747,0.054161538,0.298314017,616.0,119.0
0.8897862824328729,0.702472269,0.046596199,0.172510888,616.0,119.0
0.9020652153991909,0.81600095,0.073674124,0.137965831,616.0,119.0
0.9114122893415835,0.877576219,0.114675261,0.190850225,616.0,119.0
0.9162644143627143,0.895246477,0.151761954,0.227721729,616.0,119.0
0.922866833000198,0.85722722,0.189744534,0.287777955,616.0,119.0
0.9215108003343226,0.781869102,0.228147274,0.355158634,616.0,119.0
0.9214815818441205,0.665858034,0.254639895,0.386859129,616.0,119.0
0.9067920385642942,0.526797098,0.280640124,0.375173799,616.0,119.0
0.8913774671010487,0.368782946,0.296557201,0.342449107,616.0,119.0
0.8632894208723841,0.192859724,0.288165289,0.317314245,616.0,119.0
0.815071592594288,0.025382836,0.304146574,0.314371171,616.0,119.0
0.7887777611981254,0.0,0.285345475,0.295747486,616.0,119.0
0.7374736472743714,0.0,0.213762795,0.254350702,616.0,119.0
0.6908684490314415,0.0,0.200306623,0.263309923,616.0,119.0
0.6577542161755292,0.0,0.16724896666666667,0.28555996733333333,616.0,119.0
0.6578652991427603,0.0,0.141994295,0.307847763,616.0,119.0
0.6838970078100137,0.0,0.129329801,0.30392913,616.0,119.0
0.7239262430634187,0.0,0.120787594,0.292661306,616.0,119.0
0.780199776998396,0.059263317,0.113557284,0.262163218,616.0,119.0
0.8306724311813138,0.179906526,0.101851121,0.254878329,616.0,119.0
0.8589014185871892,0.340002681,0.09231677,0.264245792,616.0,119.0
0.8726992393860706,0.485266902,0.098424091,0.284417928,616.0,119.0
0.8977787284398104,0.613521397,0.095906174,0.165610427,616.0,119.0
0.9095936322322555,0.70326262,0.13216524,0.204538358,616.0,119.0
0.9166513706500328,0.762742222,0.184882344,0.278985466,616.0,119.0
0.9216591397367557,0.798871653,0.224073162,0.370840559,616.0,119.0
0.9235725695308544,0.772665276,0.268283396,0.424331848,616.0,119.0
0.9126350600665278,0.678861635,0.3356088,0.44658477,616.0,119.0
0.902709424639979,0.598572761,0.378505453,0.429378903,616.0,119.0
0.8874801838677118,0.461686494,0.390186629,0.401747484,616.0,119.0
0.8673843026349268,0.330803231,0.381272575,0.382799191,616.0,119.0
0.846379935718217,0.181090125,0.354286724,0.369134473,616.0,119.0
0.809913049054978,0.023772918,0.348077682,0.368677189,616.0,119.0
0.7794713776568891,0.0,0.340572652,0.364347509,616.0,119.0
0.7068731008332633,0.0,0.261598041,0.358490443,616.0,119.0
0.6582784770104456,0.0,0.2288141845,0.3713381295,616.0,119.0
0.6273941751056602,0.0,0.193449472,0.378562187,616.0,119.0
0.6306132545570651,0.0,0.16231457100000002,0.38661807849999996,616.0,119.0
0.6317421424926605,0.0,0.138859324,0.369810029,616.0,119.0
0.6418666877792061,0.068809378,0.121614654,0.33385286,616.0,119.0
0.6707986490359289,0.227527438,0.092291218,0.283532622,616.0,119.0
0.7154614332245842,0.39976311,0.076974982,0.271123538,616.0,119.0
0.7316989891026787,0.556127774,0.066928475,0.264753216,616.0,119.0
0.73720988574745,0.671684037,0.073519648,0.24242761,616.0,119.0
0.7479814027921587,0.740239377,0.080674091,0.254598089,616.0,119.0
0.7537957679887397,0.779058409,0.097114694,0.269673183,616.0,119.0
0.7559642029727146,0.767999173,0.12211734,0.32604438,616.0,119.0
0.7595191065566268,0.736252397,0.152690368,0.405893474,616.0,119.0
0.7619816920581193,0.642463311,0.186890454,0.441447951,616.0,119.0
0.7675503229932163,0.533611418,0.211242937,0.477517185,616.0,119.0
0.7638784054302694,0.392716083,0.224028357,0.46920812,616.0,119.0
0.7581717831218967,0.264163276,0.220733853,0.439214119,616.0,119.0
0.7492640150654933,0.133292387,0.20998498,0.389034871,616.0,119.0
0.739825446359223,0.017338317,0.218563305,0.35262462,616.0,119.0
0.7319929055526042,0.0,0.211639703,0.319160772,616.0,119.0
0.7107497344644487,0.0,0.16949502,0.251343367,616.0,119.0
0.6592629353332952,0.0,0.1586294335,0.2356109845,616.0,119.0
0.6280140122411698,0.0,0.13655123200000002,0.213009673,616.0,119.0
0.6282514819349596,0.0,0.11839923699999999,0.231807348,616.0,119.0
0.6317537549091434,0.0,0.110569462,0.236685706,616.0,119.0
0.6418449144576919,0.041212096,0.106265318,0.212389662,616.0,119.0
0.6703583129926404,0.173984855,0.077117106,0.181241032,616.0,119.0
0.7127661307709453,0.332033753,0.069159095,0.150113366,616.0,119.0
0.7281189878201962,0.486843817,0.063774962,0.121728101,616.0,119.0
0.7379214752673795,0.631757233,0.049472486,0.093368473,616.0,119.0
0.7424031728117116,0.746141052,0.045085592,0.124572048,616.0,119.0
0.7517349352250101,0.810288664,0.053245241,0.1692233,616.0,119.0
0.7558763605404163,0.821827875,0.06796773,0.224448358,616.0,119.0
0.759005162671803,0.785743511,0.079275724,0.280029998,616.0,119.0
0.7677703973715805,0.716498684,0.095699282,0.306694386,616.0,119.0
0.7747696055717587,0.640228952,0.112402307,0.314207484,616.0,119.0
0.7708314915941706,0.517460202,0.12785771,0.307891973,616.0,119.0
0.7643781147243303,0.3643598,0.143973259,0.296043477,616.0,119.0
0.7599069994391815,0.201730485,0.164785905,0.274232645,616.0,119.0
0.7402508922275699,0.024275262,0.202341107,0.250671718,616.0,119.0
0.7319929055526042,0.0,0.208786099,0.229096106,616.0,119.0
0.7370896407909882,0.0,0.191712671,0.173122044,616.0,119.0
0.6984091338651678,0.0,0.175058224,0.168607158,616.0,119.0
0.6643205020971733,0.0,0.151712854,0.156896426,616.0,119.0
0.652917418385459,0.0,0.120407452,0.14428433000000002,616.0,119.0
0.6578652991427603,0.0,0.09643353,0.163070195,616.0,119.0
0.6864332479340729,0.0,0.083396562,0.174772607,616.0,119.0
0.7254069221635772,0.0,0.075524013,0.195421777,616.0,119.0
0.780199776998396,0.064171237,0.068469145,0.222321358,616.0,119.0
0.8183556642181459,0.226179337,0.043058971,0.220092994,616.0,119.0
0.850312056038569,0.417798659,0.0277725,0.211636941,616.0,119.0
0.8608809642731037,0.602961041,0.02925294,0.230036579,616.0,119.0
0.8800447602534426,0.761600345,0.026960942,0.249878931,616.0,119.0
0.902547037770909,0.873751367,0.039286027,0.289234471,616.0,119.0
0.9236439297712304,0.938356613,0.062871433,0.354232079,616.0,119.0
0.9327403062770705,0.950392871,0.090913079,0.410966446,616.0,119.0
0.9343918941908838,0.907227461,0.121687859,0.440516539,616.0,119.0
0.9315883339328209,0.83013103,0.146139461,0.443988057,616.0,119.0
0.930104096063146,0.71595923,0.173002904,0.417222485,616.0,119.0
0.9252296826418513,0.569381805,0.201530078,0.371051031,616.0,119.0
0.9040061777795796,0.39043996,0.218470652,0.301613328,616.0,119.0
0.8777203066307546,0.201955993,0.219745503,0.236785388,616.0,119.0
0.816805216732158,0.020096423,0.232725802,0.192772686,616.0,119.0
0.794546425712582,0.0,0.226298518,0.141802751,616.0,119.0
0.7446049467526523,0.0,0.202882687,0.125145956,616.0,119.0
0.6913911023098448,0.0,0.1655735285,0.12585778250000001,616.0,119.0
0.6553052955541353,0.0,0.126244459,0.13357883399999998,616.0,119.0
0.6583479176041858,0.0,0.106267902,0.124350175,616.0,119.0
0.6864332479340729,0.0,0.095331901,0.135277741,616.0,119.0
0.7254069221635772,0.0,0.087865753,0.13794877,616.0,119.0
0.7806618863631989,0.063962828,0.075263426,0.127472389,616.0,119.0
0.8270753856847936,0.225942919,0.046950949,0.112892229,616.0,119.0
0.8578716577895029,0.400066876,0.037648194,0.104289627,616.0,119.0
0.8738546767753395,0.570906479,0.040368798,0.106912884,616.0,119.0
0.8963558304110092,0.710892504,0.041748103,0.07535536,616.0,119.0
0.9073889551059772,0.816612038,0.056024961,0.098146666,616.0,119.0
0.912737792673768,0.892291129,0.065677642,0.176802912,616.0,119.0
0.9154041576482626,0.901440115,0.084669361,0.284519198,616.0,119.0
0.9171898505361799,0.874380738,0.108069199,0.344691451,616.0,119.0
0.9196767847524349,0.799749733,0.136420154,0.360903224,616.0,119.0
0.9183269327054877,0.680854876,0.156638038,0.367537376,616.0,119.0
0.9152206062608254,0.543598146,0.182778745,0.343520354,616.0,119.0
0.8889567425011067,0.374263782,0.194451306,0.3042171,616.0,119.0
0.8632894208723841,0.195894419,0.200832114,0.260792515,616.0,119.0
0.8143018940484777,0.018167685,0.229342292,0.24074925,616.0,119.0
0.7904616579116048,0.0,0.217772882,0.231805339,616.0,119.0
0.7393771502310309,0.0,0.168360232,0.171206557,616.0,119.0
0.6797818744901731,0.0,0.141514685,0.1876274625,616.0,119.0
0.6551109043681898,0.0,0.1025223055,0.1769700955,616.0,119.0
0.6608535346700568,0.0,0.083623265,0.175951791,616.0,119.0
0.6883183488897401,0.0,0.075966521,0.168125171,616.0,119.0
0.726204200239143,0.0,0.071739808,0.166994102,616.0,119.0
0.780199776998396,0.056919679,0.064895742,0.176834384,616.0,119.0
0.8250570694067928,0.217586067,0.045464303,0.190344406,616.0,119.0
0.8572178964468308,0.383492171,0.035450494,0.207743895,616.0,119.0
0.8713630602326395,0.554789304,0.034138823,0.233176118,616.0,119.0
0.8951461705574654,0.696080353,0.030521501,0.223816078,616.0,119.0
0.9106103758830385,0.800430548,0.036655797,0.258616678,616.0,119.0
0.9224139481076242,0.86940249,0.04379035,0.298899589,616.0,119.0
0.9317098898952058,0.879656967,0.059705976,0.365139215,616.0,119.0
0.9321041508456832,0.860385411,0.076332065,0.400157056,616.0,119.0
0.9315883339328209,0.792809143,0.095994799,0.41438886,616.0,119.0
0.9310484493162535,0.670507432,0.116554577,0.392408728,616.0,119.0
0.9273930607262606,0.537565305,0.144650154,0.34183001,616.0,119.0
0.9068716399006316,0.37331171,0.182505736,0.297987212,616.0,119.0
0.8812175227053727,0.1964112,0.217720217,0.251035154,616.0,119.0
0.8232134079985236,0.017878259,0.248503011,0.209921409,616.0,119.0
0.795632375727079,0.0,0.228597661,0.175057626,616.0,119.0
0.7424351539817228,0.0,0.179502995,0.116421989,616.0,119.0
0.6911099456299319,0.0,0.15006166799999998,0.1235791,616.0,119.0
0.6575824332496364,0.0,0.10718454799999999,0.1105176105,616.0,119.0
0.6663510394323698,0.0,0.080598182,0.101141805,616.0,119.0
0.6934192515383533,0.0,0.069500018,0.101563897,616.0,119.0
0.7283179912422564,0.0,0.065048746,0.107426479,616.0,119.0
0.7816072696111718,0.05675329,0.055398032,0.110875615,616.0,119.0
0.8305299915491854,0.212770983,0.043610453,0.108254369,616.0,119.0
0.8599512203463143,0.384683827,0.036699916,0.099894059,616.0,119.0
0.8792767476115445,0.556728664,0.036257245,0.097800744,616.0,119.0
0.9148568748064729,0.702592115,0.030643437,0.085276949,616.0,119.0
0.934829046200211,0.821219183,0.041580162,0.110525871,616.0,119.0
0.9392407414535558,0.890971428,0.061875438,0.151885795,616.0,119.0
0.9396432434999945,0.903278361,0.082482366,0.2105656,616.0,119.0
0.9403087109836471,0.876674684,0.106733749,0.253066903,616.0,119.0
0.9381072180537643,0.798632181,0.137217626,0.271334769,616.0,119.0
0.9352380098766356,0.676331242,0.16370685,0.27337094,616.0,119.0
0.9283042623089629,0.528884225,0.188416724,0.268742244,616.0,119.0
0.909640175622685,0.365402955,0.20269283,0.24316508,616.0,119.0
0.8811568382862434,0.186723728,0.223774781,0.203862661,616.0,119.0
0.8188831871095544,0.01661169,0.255940471,0.167108472,616.0,119.0
0.7942023604841133,0.0,0.231229204,0.127607677,616.0,119.0
0.7428425256411667,0.0,0.169400847,0.10379659,616.0,119.0
0.7039415228203955,0.0,0.145657271,0.11243996,616.0,119.0
0.6710937827672803,0.0,0.124240957,0.109915259,616.0,119.0
0.6568084504222351,0.0,0.093254271,0.10522029,616.0,119.0
0.6635331508590467,0.0,0.072861749,0.106929032,616.0,119.0
0.6903706127654192,0.0,0.06445191,0.115484075,616.0,119.0
0.7274658818992684,0.0,0.056935898,0.120842197,616.0,119.0
0.7810035634849793,0.053133139,0.051224129,0.118456196,616.0,119.0
0.8322417020224465,0.222518305,0.04132692,0.109392129,616.0,119.0
0.8614870585059841,0.395845004,0.035430456,0.098163861,616.0,119.0
0.8796316759478203,0.559937016,0.047245067,0.097048216,616.0,119.0
0.9112039211041997,0.709105141,0.040298249,0.066634475,616.0,119.0
0.9266623200590971,0.825385331,0.074208825,0.104454764,616.0,119.0
0.9369105751846897,0.896645226,0.121778013,0.159133758,616.0,119.0
0.9367024879583635,0.922813454,0.169204241,0.239434582,616.0,119.0
0.9369673262611817,0.881731841,0.211521085,0.338082187,616.0,119.0
0.9317715107471372,0.802512248,0.246001841,0.404930987,616.0,119.0
0.930104096063146,0.690884786,0.275916434,0.404318521,616.0,119.0
0.9181689474766731,0.545750163,0.3006403,0.401069003,616.0,119.0
0.8991495577185643,0.379354947,0.31367222,0.385633007,616.0,119.0
0.8697661629182853,0.191139098,0.310663444,0.35549929,616.0,119.0
0.8177559380531882,0.012971512,0.327751137,0.347939338,616.0,119.0
0.796234443055259,0.0,0.310325135,0.335269198,616.0,119.0
0.727982260671812,0.0,0.254005891,0.323270092,616.0,119.0
0.6914257522727334,0.0,0.220463365,0.333755402,616.0,119.0
0.6470727579227791,0.0,0.191261792,0.328846634,616.0,119.0
0.630619716268268,0.0,0.173429764,0.315451831,616.0,119.0
0.6204306940503528,0.0,0.148725644,0.289898771,616.0,119.0
0.6233707940078054,0.0,0.126875431,0.278281541,616.0,119.0
0.6287396723746007,0.0,0.107905146,0.271440347,616.0,119.0
0.629466011563943,0.0,0.090249727,0.241347663,616.0,119.0
0.6412770287947824,0.040336905,0.078159356,0.205511739,616.0,119.0
0.6725997470150036,0.214122041,0.055599529,0.156408377,616.0,119.0
0.7278510588830457,0.392598519,0.047390095,0.126436912,616.0,119.0
0.7481246852950262,0.562390046,0.049258652,0.110090381,616.0,119.0
0.7631364738632095,0.706218801,0.059927525,0.096828349,616.0,119.0
0.7715072603259491,0.809500009,0.090278859,0.105696057,616.0,119.0
0.77271944879171,0.876069734,0.126169806,0.14983296,616.0,119.0
0.7715262711300884,0.890476678,0.157302834,0.211044527,616.0,119.0
0.7702577997230197,0.872255383,0.17341079,0.265153535,616.0,119.0
0.772976280228593,0.807921555,0.187723701,0.299327217,616.0,119.0
0.7784779056201038,0.707372424,0.195186243,0.30514568,616.0,119.0
0.777509531606757,0.566000868,0.205757729,0.285444639,616.0,119.0
0.7767859550972237,0.395773764,0.221277823,0.263171686,616.0,119.0
0.7651170027629576,0.205418308,0.230532106,0.238833992,616.0,119.0
0.7488410976469293,0.014490083,0.259382683,0.223102537,616.0,119.0
0.7411796061594941,0.0,0.250724446,0.207331898,616.0,119.0
0.7292348117466397,0.0,0.229129153,0.204017516,616.0,119.0
0.6916467632463338,0.0,0.195706246,0.221490716,616.0,119.0
0.6514446056457068,0.0,0.169661008,0.22643565,616.0,119.0
0.6313112181269442,0.0,0.148589725,0.2285444075,616.0,119.0
0.6300473356466911,0.0,0.13399308799999998,0.2430306465,616.0,119.0
0.6323121820322319,0.0,0.12368477,0.253054599,616.0,119.0
0.6418449144576919,0.050342875,0.115631209,0.254864178,616.0,119.0
0.6723694649505767,0.226124193,0.089532893,0.248931076,616.0,119.0
0.7208905277128906,0.410127158,0.086227099,0.244936731,616.0,119.0
0.7378790523437138,0.586773909,0.098443736,0.24048305,616.0,119.0
0.7518825256436357,0.735943444,0.101691469,0.202596608,616.0,119.0
0.7601660315337582,0.848074374,0.125537772,0.222181457,616.0,119.0
0.7644967207203456,0.917259722,0.149254924,0.263584651,616.0,119.0
0.7673290311709925,0.938311768,0.180500742,0.331785382,616.0,119.0
0.7678279913188115,0.906909239,0.212664273,0.382465117,616.0,119.0
0.7734700429713176,0.822719207,0.234227529,0.405609698,616.0,119.0
0.7780953040295749,0.702122154,0.245391707,0.398286623,616.0,119.0
0.7783667446303422,0.552232645,0.252287681,0.386316589,616.0,119.0
0.7769728778051825,0.381530422,0.264994162,0.372765324,616.0,119.0
0.7651170027629576,0.199847708,0.26162724,0.355295538,616.0,119.0
0.7484076916936788,0.011465732,0.287265975,0.344486398,616.0,119.0
0.7430380172371761,0.0,0.274286364,0.334313097,616.0,119.0
0.720188911811432,0.0,0.1996516975,0.29768123700000004,616.0,119.0
0.6698655804072151,0.0,0.166233389,0.277757842,616.0,119.0
0.6580469541116432,0.0,0.1412744405,0.2622491455,616.0,119.0
0.6635331508590467,0.0,0.116665134,0.243703815,616.0,119.0
0.6897411064130123,0.0,0.105517897,0.234941198,616.0,119.0
0.7268068762080359,0.0,0.094728521,0.231378001,616.0,119.0
0.7812982290811467,0.046153291,0.08272108,0.22433578,616.0,119.0
0.8306456475788314,0.232076266,0.058258763,0.210703684,616.0,119.0
0.8599787529326043,0.415708723,0.047752514,0.17697304,616.0,119.0
0.8796316759478203,0.583421766,0.048318134,0.151555384,616.0,119.0
0.9135312779122254,0.728113625,0.040505506,0.105287877,616.0,119.0
0.9315696041397393,0.829342846,0.054295887,0.103206466,616.0,119.0
0.938223529667589,0.897686548,0.075488988,0.132897872,616.0,119.0
0.9405456421270545,0.907497129,0.100239547,0.199384919,616.0,119.0
0.9386876524035249,0.87273149,0.123197665,0.253709325,616.0,119.0
0.9383671867435772,0.797996616,0.15187275,0.277468019,616.0,119.0
0.9348894496082826,0.691798196,0.186831001,0.276934376,616.0,119.0
0.9283042623089629,0.538812826,0.217469437,0.262773477,616.0,119.0
0.9146849358355189,0.373308531,0.239941047,0.240206454,616.0,119.0
0.8936311223430419,0.186794688,0.248172814,0.210957507,616.0,119.0
0.8331230296932024,0.009691856,0.262003168,0.198089901,616.0,119.0
0.7978009044355512,0.0,0.241703176,0.202035081,616.0,119.0
0.7512631800338259,0.0,0.181226439,0.190805484,616.0,119.0
0.7180886530338717,0.0,0.148306292,0.236850733,616.0,119.0
0.6863487768222963,0.0,0.120498381,0.302020356,616.0,119.0
0.6624959450551067,0.0,0.093372787,0.28388041350000004,616.0,119.0
0.6677472474207519,0.0,0.079809227,0.251614612,616.0,119.0
0.6939933179826251,0.0,0.07297436,0.227394304,616.0,119.0
0.7302311398628631,0.0,0.068396291,0.225201559,616.0,119.0
0.7855890239562853,0.041760283,0.064962867,0.2198621,616.0,119.0
0.8407742197700776,0.216124408,0.051429831,0.20832419,616.0,119.0
0.8732272305750972,0.386691951,0.047184452,0.179615039,616.0,119.0
0.9007458928483688,0.550490333,0.045337181,0.151650988,616.0,119.0
0.9353501074616335,0.684115818,0.033751658,0.094324106,616.0,119.0
0.9442616214116795,0.781213721,0.037254,0.111496422,616.0,119.0
0.9529162571438107,0.848313641,0.051007159,0.159752113,616.0,119.0
0.9520644288118806,0.860511374,0.063358445,0.215578611,616.0,119.0
0.9535307797592127,0.843272297,0.076128855,0.24910394,616.0,119.0
0.9508943822587278,0.770855944,0.091411563,0.282414251,616.0,119.0
0.947259315478797,0.672244134,0.110494144,0.305685193,616.0,119.0
0.9431973042131678,0.523699531,0.140526511,0.316781705,616.0,119.0
0.9285484979530951,0.368074588,0.181199716,0.312292221,616.0,119.0
0.9069986274981369,0.188178976,0.221829044,0.28916483,616.0,119.0
0.835471832030653,0.009805702,0.261739914,0.277791504,616.0,119.0
0.8050590511682428,0.0,0.257738804,0.279604952,616.0,119.0
0.7571534006731014,0.0,0.214351506,0.26725018,616.0,119.0
0.7117032651651025,0.0,0.1976715235,0.2920885875,523.5,101.0
0.6763812335507315,0.0,0.172749109,0.304965719,431.0,83.0
0.6725386881851876,0.0,0.150328377,0.295531763,431.0,83.0
0.6964147917288088,0.0,0.139215288,0.308660702,431.0,83.0
0.7318615164772775,0.0,0.130319013,0.334689876,431.0,83.0
0.7862316411800927,0.037967991,0.123696026,0.364139892,431.0,83.0
0.8442088785599621,0.217903092,0.104501022,0.379365609,431.0,83.0
0.8801272647751176,0.400089106,0.080405587,0.36853492,431.0,83.0
0.9127302071619853,0.576246879,0.076823776,0.360467192,431.0,83.0
0.9497172184914107,0.727982174,0.062665102,0.372843947,431.0,83.0
0.9700195013714779,0.835598012,0.06545858,0.384555115,431.0,83.0
0.9834728823687696,0.899854982,0.070132507,0.408764263,431.0,83.0
0.9829149235432992,0.92263965,0.077635202,0.470459198,431.0,83.0
0.980629895934442,0.893353435,0.084616995,0.532713327,431.0,83.0
0.9749531007569842,0.810334326,0.093294554,0.571396577,431.0,83.0
0.9708449208364806,0.703690987,0.105330018,0.591606803,431.0,83.0
0.9674712273143489,0.547656451,0.12285028,0.583825282,431.0,83.0
0.9608576645580004,0.374734263,0.144200976,0.557379146,431.0,83.0
0.9378061374462086,0.192245599,0.179389688,0.530683458,431.0,83.0
0.8997085465388999,0.009495906,0.217705651,0.524694984,431.0,83.0
0.8762362560476402,0.0,0.224275724,0.528139783,431.0,83.0
0.7918862415194498,0.0,0.195211954,0.514871222,431.0,83.0
0.7351794420555338,0.0,0.1852925995,0.5262322955000001,431.0,83.0
0.7043095152470404,0.0,0.16140617699999998,0.5050558115,431.0,83.0
0.7028847911336664,0.0,0.146780173,0.497941107,431.0,83.0
0.7230822812543288,0.0,0.143092373,0.511297575,431.0,83.0
0.7528466386846902,0.0,0.13657664,0.51059382,431.0,83.0
0.8089628895936289,0.039780214,0.132234466,0.510518006,431.0,83.0
0.8661381197904561,0.235138321,0.11236424,0.500663862,431.0,83.0
0.9147765243238941,0.429991118,0.084021154,0.488492104,431.0,83.0
0.9456081019756708,0.613672457,0.084661444,0.486811924,431.0,83.0
0.9847509994397858,0.762219567,0.070251265,0.456147347,431.0,83.0
0.9906691272384721,0.873174444,0.077659664,0.478322129,431.0,83.0
0.9919894799465937,0.938529121,0.081319532,0.502511907,431.0,83.0
0.9879706407508719,0.953607395,0.084052003,0.52211563,431.0,83.0
0.983513900399581,0.913802382,0.086079026,0.533457058,431.0,83.0
0.9778459081777657,0.821661446,0.086436112,0.542267287,431.0,83.0
0.9745250327143571,0.697427168,0.088871741,0.543542925,431.0,83.0
0.9735057604513573,0.53872298,0.096075997,0.540014286,431.0,83.0
0.9684518225473258,0.367467263,0.108964239,0.525045132,431.0,83.0
0.9630900615571291,0.179689463,0.133289898,0.510795528,431.0,83.0
0.9148025117554519,0.004015033,0.1507443145,0.4896784835,431.0,83.0
0.8485905593958316,0.0,0.12117708899999999,0.4594149215,431.0,83.0
0.7691821511190826,0.0,0.104633485,0.464088666,431.0,83.0
0.7196324046598475,0.0,0.0910448495,0.4405875515,431.0,83.0
0.714957462958231,0.0,0.075717026,0.393510634,431.0,83.0
0.7296910679597354,0.0,0.067821722,0.347184139,431.0,83.0
0.7605744335129356,0.0,0.062929726,0.301036713,431.0,83.0
0.8159633152376669,0.037307202,0.059200782,0.265808439,431.0,83.0
0.8754708655800222,0.239261741,0.049248987,0.254812098,431.0,83.0
0.9385836087903618,0.432907908,0.030351349,0.237487981,431.0,83.0
0.961408037709254,0.615557076,0.030676405,0.234392711,431.0,83.0
0.9902180216494395,0.765029881,0.039556714,0.218241008,431.0,83.0
0.9931702023209932,0.873885436,0.055481963,0.20754841,431.0,83.0
0.9906129380216615,0.9244608115,0.0941013725,0.23234782599999998,431.0,83.0
0.9824502387852478,0.874954817,0.142889075,0.264482527,431.0,83.0
0.9778196865973987,0.771299392,0.189420955,0.278817679,431.0,83.0
0.9744340060856632,0.621672316,0.235046824,0.261586966,431.0,83.0
0.9733616352401849,0.434914795,0.264618038,0.246205402,431.0,83.0
0.9704521581784865,0.259822737,0.25982278,0.239588854,431.0,83.0
0.962689526100792,0.125743591,0.245506358,0.219024105,431.0,83.0
0.9298239928498312,0.006268469,0.23958714,0.197069672,431.0,83.0
0.9023193778807623,0.0,0.23182249,0.181219766,431.0,83.0
0.8485555816408538,0.0,0.241903293,0.158693692,431.0,83.0
0.8204505849226487,0.0,0.220056006,0.139503635,431.0,83.0
0.7673938829191338,0.0,0.195194037,0.1372921275,431.0,83.0
0.687814729805992,0.0,0.1610722715,0.137347454,431.0,83.0
0.6854572414654777,0.0,0.139463369,0.107759955,431.0,83.0
0.6778543273015415,0.0,0.134890075,0.109041574,431.0,83.0
0.6838061216868486,0.035910339,0.134697219,0.116855388,431.0,83.0
0.7283612100931953,0.239050184,0.105212775,0.113434852,431.0,83.0
0.7778664734766,0.433532135,0.068703598,0.100844628,431.0,83.0
0.810241006664645,0.612685177,0.063748794,0.100215962,431.0,83.0
0.821498419929238,0.760881942,0.046917407,0.090016085,431.0,83.0
0.8226683727578935,0.871984224,0.059067373,0.12399662,431.0,83.0
0.822076887851331,0.927544456,0.076804537,0.167097092,431.0,83.0
0.8180018594387984,0.941878478,0.10605364,0.215753933,431.0,83.0
0.813450721300726,0.891796048,0.145272029,0.261641253,431.0,83.0
0.8119847449265147,0.793151328,0.193671712,0.301827229,431.0,83.0
0.8118912835725354,0.646917167,0.240344477,0.303213102,431.0,83.0
0.8144718664293303,0.484491022,0.272122475,0.290723825,431.0,83.0
0.8135023217531552,0.303161518,0.272673075,0.286289073,431.0,83.0
0.810477750521492,0.155317589,0.265433509,0.296834572,431.0,83.0
0.8045142030517388,0.006260182,0.276707574,0.273610809,431.0,83.0
0.7963117032283737,0.0,0.270109359,0.218787939,431.0,83.0
0.8518916282902617,0.0,0.225465255,0.197614527,431.0,83.0
0.8246181380939245,0.0,0.209258523,0.212259213,431.0,83.0
0.7710190230240594,0.0,0.185920451,0.214125519,431.0,83.0
0.6926997956580175,0.0,0.160371463,0.1755648225,431.0,83.0
0.6912800350445804,0.0,0.141424088,0.162147889,431.0,83.0
0.684715169392889,0.0,0.130701404,0.148337579,431.0,83.0
0.6917620447028591,0.034430844,0.126118125,0.150226521,431.0,83.0
0.7354954127568141,0.241054356,0.100731265,0.157439368,431.0,83.0
0.7778543927624989,0.437270705,0.06360564,0.14576583,431.0,83.0
0.808723523562502,0.61591399,0.053152675,0.150397793,431.0,83.0
0.8185680593602301,0.767124143,0.043650383,0.134289574,431.0,83.0
0.8208605789188068,0.874438723,0.046310117,0.170468656,431.0,83.0
0.8214155408344421,0.92883709,0.04709353,0.215157389,431.0,83.0
0.8174229233815213,0.935584819,0.057599625,0.264897656,431.0,83.0
0.8133609122783262,0.883186887,0.076106506,0.314263388,431.0,83.0
0.8116045314426741,0.7869239,0.103092563,0.331986902,431.0,83.0
0.8108154476820378,0.661427051,0.129413711,0.339926444,431.0,83.0
0.8114129262458362,0.510472527,0.160053139,0.336360361,431.0,83.0
0.8091973858493166,0.342808174,0.18378754,0.341204781,431.0,83.0
0.8028107338368731,0.167343404,0.186466,0.349299967,431.0,83.0
0.782215049504313,0.002942624,0.196623269,0.35272761799999997,431.0,83.0
0.8411330814489906,0.0,0.175808763,0.309176855,431.0,83.0
0.7596678206946149,0.0,0.151357945,0.293427098,431.0,83.0
0.7228823412370324,0.0,0.12193192250000001,0.270328008,431.0,83.0
0.7001360621430257,0.0,0.0823337975,0.237581272,431.0,83.0
0.7174220618308566,0.0,0.065204348,0.223887249,431.0,83.0
0.7492058124775495,0.0,0.057965867,0.204872976,431.0,83.0
0.8010589417656026,0.031005348,0.050919584,0.183043088,431.0,83.0
0.8574102507899103,0.239137299,0.039553659,0.167819604,431.0,83.0
0.8994679632263473,0.430592677,0.023844255,0.143776898,431.0,83.0
0.9341305207706506,0.6079418,0.024980167,0.127932201,431.0,83.0
0.9578815097448048,0.761795867,0.022054747,0.100634022,431.0,83.0
0.9788929940381133,0.870215796,0.033929338,0.120708394,431.0,83.0
0.9842544741796864,0.9359236565,0.068002171,0.189734445,431.0,83.0
0.9799438257921036,0.873613864,0.125526564,0.269824225,431.0,83.0
0.9745088313710584,0.770142563,0.175389732,0.311446159,431.0,83.0
0.9666202418531576,0.61696544,0.217179076,0.324275912,431.0,83.0
0.9452087841256276,0.450418959,0.250094268,0.346805603,431.0,83.0
0.9307156219311471,0.291785822,0.266040759,0.363479946,431.0,83.0
0.9035301616161029,0.146856176,0.275500758,0.344999274,431.0,83.0
0.8415286534053911,0.004756921,0.271660142,0.345114695,431.0,83.0
0.8251356407482648,0.0,0.23838397,0.366066338,431.0,83.0
0.7772972768077674,0.0,0.219736561,0.403984229,431.0,83.0
0.7437998023166802,0.0,0.218069875,0.446618511,431.0,83.0
0.7097050131578393,0.0,0.2105323175,0.465365723,431.0,83.0
0.6954986735084185,0.0,0.19249906849999998,0.5145956764999999,431.0,83.0
0.7182202763392245,0.0,0.188563663,0.539982196,431.0,83.0
0.749527963878975,0.0,0.186874488,0.532996335,431.0,83.0
0.7962304161505587,0.02707914,0.179305018,0.528259257,431.0,83.0
0.8449933733937824,0.209062656,0.154882633,0.528450992,431.0,83.0
0.8759699192899045,0.385303889,0.144830897,0.525801739,431.0,83.0
0.8963885137837962,0.550751828,0.146877774,0.53148037,431.0,83.0
0.9182881621134015,0.700051098,0.110647625,0.506965276,431.0,83.0
0.9391793080506191,0.814686703,0.132916964,0.53763298,431.0,83.0
0.9397942050767079,0.877606008,0.159840376,0.555179442,431.0,83.0
0.9446517617329593,0.873448975,0.208065231,0.570593835,431.0,83.0
0.9511313134021351,0.813277924,0.262606935,0.596750523,431.0,83.0
0.9480604797911003,0.712338615,0.316408353,0.620718775,431.0,83.0
0.9384435103214558,0.56765007,0.346235199,0.62580319,431.0,83.0
0.9310463890016548,0.431529605,0.346405008,0.603036901,431.0,83.0
0.9167199215920023,0.301980462,0.349182452,0.5542707,431.0,83.0
0.8819353396252618,0.15182071,0.3270307,0.482899148,431.0,83.0
0.826224306499105,0.004281344,0.310707602,0.419390244,431.0,83.0
0.797534380228821,0.0,0.286808183,0.365934593,431.0,83.0
0.7462606085146315,0.0,0.225372124,0.272080038,431.0,83.0
0.7165346469408015,0.0,0.188439218,0.273531238,431.0,83.0
0.6855079054851048,0.0,0.155871112,0.268425336,431.0,83.0
0.6643234285918099,0.0,0.135618601,0.252549845,431.0,83.0
0.6662148273626354,0.0,0.128878365,0.243320156,431.0,83.0
0.6920177992014112,0.0,0.113067526,0.230221222,431.0,83.0
0.7289160316657359,0.0,0.101307808,0.195630704,431.0,83.0
0.781345615342315,0.018679274,0.09197082,0.16059093,431.0,83.0
0.8229970796762364,0.192915864,0.075637855,0.13355653,431.0,83.0
0.8584142583048477,0.377817376,0.0678061,0.108445522,431.0,83.0
0.8768096669077337,0.552661569,0.070067015,0.096369345,431.0,83.0
0.896454161540428,0.700726868,0.080710429,0.115527666,431.0,83.0
0.9176579066147529,0.816345463,0.120678821,0.190334036,431.0,83.0
0.9279881044023393,0.870203067,0.172047866,0.251701444,431.0,83.0
0.9331724947864612,0.8807843,0.236889463,0.338003338,431.0,83.0
0.9348420633471143,0.81421564,0.295194915,0.409035853,431.0,83.0
0.9345437923628332,0.71976657,0.357103697,0.443139115,431.0,83.0
0.9319348340490092,0.593847639,0.408834611,0.408172057,431.0,83.0
0.918726250717965,0.451098953,0.438000306,0.381634463,431.0,83.0
0.8976811464566332,0.2992033,0.438046715,0.352504961,431.0,83.0
0.8697840498406281,0.142932643,0.419197092,0.322437216,431.0,83.0
0.8263751745137551,0.003054999,0.41854274,0.342808457,431.0,83.0
0.7989486625885399,0.0,0.396194125,0.378574399,431.0,83.0
0.7541960224340191,0.0,0.361922493,0.438337602,431.0,83.0
0.7217004014187732,0.0,0.341633622,0.48573476,431.0,83.0
0.6923711356831403,0.0,0.328273903,0.497019598,431.0,83.0
0.6703064783101851,0.0,0.316130101,0.504918104,431.0,83.0
0.6603375772516656,0.0,0.280347158,0.512281691,431.0,83.0
0.6676579066959699,0.0,0.249364664,0.518337937,431.0,83.0
0.6919320638647432,0.0,0.224578669,0.524510086,431.0,83.0
0.7283486143004445,0.0,0.208841638,0.531071048,431.0,83.0
0.7807978174218757,0.017853094,0.189942531,0.528773542,431.0,83.0
0.8195515577785448,0.178118998,0.168051727,0.52654424,431.0,83.0
0.8496122196030855,0.348327882,0.174652366,0.547091056,431.0,83.0
0.8603668331017194,0.509530512,0.17891068,0.501201942,431.0,83.0
0.8800485998715825,0.644063304,0.13230989,0.407164924,431.0,83.0
0.8829990949640923,0.736385688,0.145847911,0.367601994,431.0,83.0
0.8984740698354095,0.813630505,0.159802665,0.35372055,431.0,83.0
0.9014460104573442,0.815551436,0.182587732,0.387115294,431.0,83.0
0.8952262401914208,0.809067588,0.208840193,0.443984445,431.0,83.0
0.8951820379642139,0.753091929,0.223597389,0.472492349,431.0,83.0
0.8930266201271422,0.648075414,0.251918312,0.457489199,431.0,83.0
0.8732862292527486,0.510497155,0.277745854,0.429249387,431.0,83.0
0.8555338124467909,0.347970754,0.312475333,0.400579479,431.0,83.0
0.846351560098754,0.178082053,0.333390331,0.375591276,431.0,83.0
0.8061597976331842,0.003476129,0.372004694,0.369123237,431.0,83.0
0.7725851565310454,0.0,0.359646804,0.376193195,431.0,83.0
0.7172023620256133,0.0,0.271033278,0.311695388,431.0,83.0
0.6828992748009358,0.0,0.27108035,0.333205027,431.0,83.0
0.66130552991086,0.0,0.272139935,0.343742683,431.0,83.0
0.6500134432928628,0.0,0.2606073755,0.3625350085,431.0,83.0
0.6547129443863182,0.0,0.248256693,0.332917804,431.0,83.0
0.6843907703903042,0.0,0.232537036,0.311653593,431.0,83.0
0.7245242834868983,0.0,0.213778985,0.303549473,431.0,83.0
0.7790332890523256,0.016015519,0.195638447,0.306258157,431.0,83.0
0.8155570672975856,0.187878914,0.162101252,0.290857467,431.0,83.0
0.838341695467092,0.358765287,0.13186978,0.256602894,431.0,83.0
0.8542551333536593,0.517895787,0.119089758,0.239387334,431.0,83.0
0.8681425758883803,0.657579221,0.097545427,0.196498808,431.0,83.0
0.8854893067763719,0.767811965,0.08442937,0.184146036,431.0,83.0
0.9002046036638154,0.84049529,0.079548425,0.216171161,431.0,83.0
0.9095093484070395,0.867006719,0.07979195,0.273131486,431.0,83.0
0.9150078365456203,0.832355679,0.082631244,0.33020706,431.0,83.0
0.9202890597666776,0.7585463,0.087106935,0.380428951,431.0,83.0
0.9196146956028853,0.646036387,0.098877871,0.416048342,431.0,83.0
0.9075524656944097,0.50504003,0.124874027,0.428551425,431.0,83.0
0.8893104535559567,0.340024852,0.16547424,0.407444856,431.0,83.0
0.8606738134795797,0.166434804,0.210818519,0.375953997,431.0,83.0
0.8147510330474089,0.00315911,0.255395877,0.356287899,431.0,83.0
0.7832345557536879,0.0,0.256417851,0.342670358,431.0,83.0
0.7145756103515098,0.0,0.188983651,0.270052916,431.0,83.0
0.6851305012996705,0.0,0.184611026,0.294466797,431.0,83.0
0.6593197566625517,0.0,0.173552064,0.308295198,431.0,83.0
0.6404141500684846,0.0,0.159089475,0.286843279,431.0,83.0
0.6308537911698032,0.0,0.13158664,0.2507966495,431.0,83.0
0.6368065690938123,0.0,0.108854775,0.228345952,431.0,83.0
0.6340467426029041,0.0,0.096064412,0.22975038,431.0,83.0
0.6431207371465173,0.016245294,0.085903533,0.237421439,431.0,83.0
0.674578449830179,0.189116862,0.066010229,0.240098628,431.0,83.0
0.7233839703401633,0.374149343,0.049392253,0.238192437,431.0,83.0
0.7430000427347973,0.554864518,0.049422199,0.253458279,431.0,83.0
0.7615275895592515,0.695437963,0.032220347,0.236369371,431.0,83.0
0.7736443231054941,0.79550775,0.038739941,0.216273241,431.0,83.0
0.7751838135967435,0.827642915,0.046639427,0.224145494,431.0,83.0
0.775200764086284,0.843147697,0.048759849,0.25643075,431.0,83.0
0.7833292814949928,0.804287573,0.061389551,0.326390943,431.0,83.0
0.7874772621648822,0.735017736,0.082971071,0.348436017,431.0,83.0
0.7869296045875377,0.622042012,0.101355181,0.31841935,431.0,83.0
0.7829404521796361,0.493612403,0.123041685,0.282721442,431.0,83.0
0.7804456516029747,0.317070591,0.145101602,0.251015116,431.0,83.0
0.7734101546418958,0.153248199,0.171253693,0.240880994,431.0,83.0
0.7514120814583745,0.002705878,0.197673663,0.239610961,431.0,83.0
0.7453247773685429,0.0,0.196103342,0.220921879,431.0,83.0
0.7353018877509062,0.0,0.192810558,0.205067957,431.0,83.0
0.7118081049491901,0.0,0.171331908,0.177670085,431.0,83.0
0.6656967160675822,0.0,0.136467284,0.1610624665,431.0,83.0
0.6359133948577643,0.0,0.103353728,0.15410585650000003,431.0,83.0
0.6401097449214387,0.0,0.086276343,0.152323569,431.0,83.0
0.6355123444039947,0.0,0.080244869,0.151425228,431.0,83.0
0.6448449964690636,0.016218999,0.072612876,0.155929258,431.0,83.0
0.6772803545817668,0.193620718,0.059845898,0.170475693,431.0,83.0
0.7299765560271392,0.376602245,0.051219376,0.193119917,431.0,83.0
0.7506086695449119,0.558568683,0.062507371,0.213125606,431.0,83.0
0.7692551035388734,0.694551018,0.056496532,0.213546558,431.0,83.0
0.7757005669424079,0.792369647,0.099653311,0.252576338,431.0,83.0
0.7783888457439455,0.818673016,0.154716861,0.307219505,431.0,83.0
0.7770586600853162,0.825494022,0.211501469,0.366772349,431.0,83.0
0.7787371719447065,0.756689397,0.261984648,0.423943278,431.0,83.0
0.7778839858258219,0.651321065,0.303612025,0.45574587,431.0,83.0
0.7798462064490749,0.513232608,0.324791149,0.478411088,431.0,83.0
0.7791894481965674,0.352766389,0.333498983,0.491327557,431.0,83.0
0.7721013675692256,0.229236914,0.30906204,0.466277827,431.0,83.0
0.7657047887193429,0.118665247,0.298045198,0.437428098,431.0,83.0
0.7479835801405536,0.000986967,0.29164011,0.4042613825,431.0,83.0
0.7324896648802957,0.0,0.1804745525,0.3184708975,431.0,83.0
0.6805746806727191,0.0,0.155251473,0.36798169,431.0,83.0
0.6618926134208182,0.0,0.1406835735,0.41587437,431.0,83.0
0.6676579066959699,0.0,0.115299379,0.425620274,431.0,83.0
0.6934199071225318,0.0,0.106189323,0.430905905,431.0,83.0
0.7290017200589382,0.0,0.092828823,0.427051477,431.0,83.0
0.781373616226223,0.012231695,0.085359971,0.423555778,431.0,83.0
0.8218071796106395,0.183423851,0.065392667,0.402870753,431.0,83.0
0.8537427814858162,0.361004046,0.057798668,0.390070565,431.0,83.0
0.8652474273043764,0.534451635,0.065268674,0.388676517,431.0,83.0
0.885651787207505,0.683467949,0.071516576,0.344474306,431.0,83.0
0.9033735809552744,0.788610062,0.093576208,0.369230084,431.0,83.0
0.9159031177960816,0.850617429,0.125420596,0.435174756,431.0,83.0
0.9252753833239759,0.869118795,0.155317107,0.515383165,431.0,83.0
0.9339141922859291,0.830439332,0.185439008,0.587448228,431.0,83.0
0.9313085117305638,0.770948922,0.219998239,0.626157638,431.0,83.0
0.9287961050801834,0.656904465,0.24458756,0.632026926,431.0,83.0
0.918726250717965,0.509364071,0.272214438,0.616550856,431.0,83.0
0.9011075641505566,0.347298749,0.295365926,0.584776103,431.0,83.0
0.8654169313876109,0.166365399,0.298665914,0.544062376,431.0,83.0
0.818560754697071,0.00194875,0.318698101,0.489193847,431.0,83.0
0.7936977814146132,0.0,0.305607996,0.424759178,431.0,83.0
0.7416516891427676,0.0,0.225327691,0.333648862,431.0,83.0
0.6838779736965757,0.0,0.22552895750000002,0.34131418300000005,431.0,83.0
0.6607573574173,0.0,0.192491838,0.33729677199999997,431.0,83.0
0.6656169274446846,0.0,0.173927677,0.294202117,431.0,83.0
0.691737742931562,0.0,0.166081568,0.273897438,431.0,83.0
0.7289160316657359,0.0,0.156526314,0.253458754,431.0,83.0
0.7807978174218757,0.012175376,0.151353612,0.246467649,431.0,83.0
0.8171472216460277,0.197820739,0.13817368,0.233775143,431.0,83.0
0.8435095102596626,0.379204194,0.131435747,0.214450699,431.0,83.0
0.856257154726298,0.55947305,0.129308122,0.199910394,431.0,83.0
0.8688402586096359,0.719104976,0.109350458,0.15019045,431.0,83.0
0.883411898258657,0.847145323,0.111049977,0.155073665,431.0,83.0
0.901110373611397,0.906289804,0.116952234,0.184870614,431.0,83.0
0.9111789169676925,0.922212847,0.127216928,0.240129975,431.0,83.0
0.9250520311871531,0.88583889,0.139778473,0.306032519,431.0,83.0
0.9277641904058352,0.818709033,0.157565447,0.377084278,431.0,83.0
0.9236213603600087,0.701121604,0.177177703,0.423619971,431.0,83.0
0.9083979259584171,0.552612133,0.199880024,0.435659074,431.0,83.0
0.8919005885146359,0.370957143,0.226130968,0.429552699,431.0,83.0
0.8622221069264715,0.178052841,0.2537213,0.410719591,431.0,83.0
0.8044406889347009,0.00092203,0.27705513550000005,0.3766904285,431.0,83.0
0.7307358359661592,0.0,0.1979851245,0.260370342,431.0,83.0
0.681066242595316,0.0,0.190899112,0.275030515,431.0,83.0
0.6629102935314757,0.0,0.17104419866666665,0.2807480023333333,431.0,83.0
0.6915702054384291,0.0,0.154420147,0.275041135,431.0,83.0
0.728063922322748,0.0,0.148340017,0.29099282,431.0,83.0
0.7805857968529123,0.012256105,0.139357105,0.310099825,431.0,83.0
0.8166294381430639,0.198831236,0.106153828,0.321276947,431.0,83.0
0.8469265629758279,0.379380362,0.082373028,0.329213149,431.0,83.0
0.8589267037347541,0.563993171,0.06885741,0.333388259,431.0,83.0
0.8768096669077337,0.713634973,0.046165047,0.333956281,431.0,83.0
0.8886258817061017,0.847169421,0.043188288,0.346368319,431.0,83.0
0.9080663160171705,0.901828938,0.046562459,0.389014999,431.0,83.0
0.9139629045619346,0.89771855,0.05610616,0.429180995,431.0,83.0
0.9250520311871531,0.865225587,0.065310503,0.461863927,431.0,83.0
0.9241863428375806,0.777650082,0.07866683,0.474482491,431.0,83.0
0.9236213603600087,0.660218036,0.095824716,0.468272674,431.0,83.0
0.9174961753298616,0.500462196,0.118019549,0.464120955,431.0,83.0
0.9011682484072517,0.322955358,0.143381297,0.44056013,431.0,83.0
0.8675169091541134,0.151832397,0.169667527,0.389661633,431.0,83.0
0.8218970823575367,0.001491296,0.1852798,0.328112979,431.0,83.0
0.7987133234621133,0.0,0.176387738,0.26561191,431.0,83.0
0.7294923220770002,0.0,0.148726075,0.174517383,431.0,83.0
0.6879834611900346,0.0,0.128749319,0.143746022,431.0,83.0
0.6615808803825315,0.0,0.1083836285,0.12672125950000002,431.0,83.0
0.6676579066959699,0.0,0.088104849,0.112578242,431.0,83.0
0.6933743938894018,0.0,0.081916251,0.095957379,431.0,83.0
0.7289160316657359,0.0,0.075567869,0.102028862,431.0,83.0
0.7817076610551893,0.008548241,0.068911191,0.116998764,431.0,83.0
0.8217414382919446,0.166396441,0.051828692,0.136206414,431.0,83.0
0.8516856947781634,0.33528974,0.043965296,0.16782929,431.0,83.0
0.8635668081869216,0.495520482,0.045318931,0.211383095,431.0,83.0
0.8813685780065832,0.647529179,0.03922199,0.140670887,431.0,83.0
0.8955440838395223,0.748114587,0.043361098,0.17498602,431.0,83.0
0.9080663160171705,0.811014802,0.05431382,0.235660332,431.0,83.0
0.9119964697474209,0.795725173,0.07890224,0.328697584,431.0,83.0
0.9216025759468242,0.736578902,0.113284887,0.385217611,431.0,83.0
0.9128221702234813,0.627728248,0.141485453,0.378135131,431.0,83.0
0.8959123103337592,0.498348086,0.17593515,0.35696008,431.0,83.0
0.8782309727571198,0.365992975,0.22338327,0.344104065,431.0,83.0
0.8662238083460924,0.223489033,0.251752008,0.334266252,431.0,83.0
0.8480080177880065,0.111223039,0.249690884,0.319502584,431.0,83.0
0.7972101685940134,0.000561892,0.249163201,0.30567714300000004,431.0,83.0
0.7260871860976742,0.0,0.187042902,0.348638027,431.0,83.0
0.6846284741516859,0.0,0.172620508,0.348733515,431.0,83.0
0.6672461801773023,0.0,0.173812901,0.352414167,431.0,83.0
0.6623803357252751,0.0,0.168126624,0.343768726,431.0,83.0
0.6916943367940626,0.0,0.162893256,0.368065971,431.0,83.0
0.7286037132148181,0.0,0.163171721,0.359249472,431.0,83.0
0.7808835527585437,0.005716482,0.159551055,0.333549692,431.0,83.0
0.8172673728779923,0.156055718,0.148777563,0.295351953,431.0,83.0
0.8465134786702057,0.323146721,0.157531733,0.276675331,431.0,83.0
0.8571329571998701,0.490287865,0.169788499,0.27429066,431.0,83.0
0.8634519948655803,0.625184201,0.12822882,0.229821249,431.0,83.0
0.8766471864766004,0.730658685,0.137429938,0.229822621,431.0,83.0
0.8828157308632156,0.734044584,0.141410994,0.246479106,431.0,83.0
0.8926956657700741,0.753440707,0.154822291,0.299067355,431.0,83.0
0.8934540327480249,0.675068798,0.170296087,0.336841915,431.0,83.0
0.884738150737083,0.606396765,0.191566745,0.374086812,431.0,83.0
0.8855588877132069,0.510113663,0.218262053,0.407165542,431.0,83.0
0.8710587020290592,0.401137896,0.253080125,0.413337413,431.0,83.0
0.8596994925900283,0.258533137,0.281928365,0.406989932,431.0,83.0
0.8476554306149532,0.116475087,0.293848787,0.390855868,431.0,83.0
0.8110757909449716,0.001083002,0.314660738,0.379887204,431.0,83.0
0.7830467433939584,0.0,0.312919625,0.35772345,431.0,83.0
0.7102488077265281,0.0,0.254455145,0.286609756,431.0,83.0
0.6589957790953362,0.0,0.2556946825,0.28447225099999995,431.0,83.0
0.6247771161201869,0.0,0.25949165949999997,0.34259824400000005,431.0,83.0
0.6214859272821645,0.0,0.256535581,0.390173086,431.0,83.0
0.626853681767163,0.0,0.249472308,0.414102878,431.0,83.0
0.6282453011535973,0.0,0.246540362,0.427889665,431.0,83.0
0.638448511181244,0.007279044,0.24329231,0.436643167,431.0,83.0
0.6710164290321022,0.18557428,0.210663161,0.426803801,431.0,83.0
0.7141319029876994,0.370477948,0.179612509,0.403985394,431.0,83.0
0.7329735945100784,0.541360102,0.163138625,0.389333068,431.0,83.0
0.7504519485409887,0.687991409,0.116186393,0.339525457,431.0,83.0
0.7639874593244007,0.803417869,0.103122581,0.334708312,431.0,83.0
0.7720692460561198,0.848204221,0.097165245,0.350821989,431.0,83.0
0.7715641988514358,0.847164707,0.101598145,0.381299684,431.0,83.0
0.7709973901268572,0.813107834,0.111869156,0.408322644,431.0,83.0
0.7732132583154661,0.729613251,0.122041944,0.447478008,431.0,83.0
0.7795249446994198,0.624242417,0.135297236,0.488072631,431.0,83.0
0.7793378813234979,0.473092466,0.158797407,0.526389285,431.0,83.0
0.780015616807812,0.321198441,0.19146566,0.538519242,431.0,83.0
0.7720023808556282,0.146621658,0.234419186,0.546261625,431.0,83.0
0.7510382593517553,0.0005048945,0.27917381649999995,0.531832684,431.0,83.0
0.7204226120586292,0.0,0.2357703555,0.40549394650000004,431.0,83.0
0.6584908956242628,0.0,0.22308306849999998,0.399750107,431.0,83.0
0.6364137596547867,0.0,0.21050776399999999,0.3836038075,431.0,83.0
0.6397109889310768,0.0,0.198276183,0.37656035,431.0,83.0
0.6352800020249689,0.0,0.190695887,0.381573305,431.0,83.0
0.6444679200757186,0.008445144,0.189190039,0.400816487,431.0,83.0
0.6748881459443825,0.194636811,0.158240381,0.409700393,431.0,83.0
0.7310995441112129,0.390772304,0.126119168,0.407094183,431.0,83.0
0.757390284873043,0.571373277,0.124293062,0.4160066,431.0,83.0
0.7742070579819066,0.728716359,0.109433894,0.388236523,431.0,83.0
0.7797992415420589,0.847229961,0.109738874,0.389088172,431.0,83.0
0.7900004382797896,0.8814918315,0.1025903955,0.38889048049999997,431.0,83.0
0.7958018798103135,0.80755491,0.108662534,0.433059722,431.0,83.0
0.7971155834394544,0.758175166,0.119959028,0.471882141,431.0,83.0
0.7960234526435951,0.634942214,0.132171857,0.497307602,431.0,83.0
0.7959252150762395,0.485931345,0.156184461,0.527649535,431.0,83.0
0.7914385072509389,0.310335902,0.185389506,0.526652219,431.0,83.0
0.780058601591159,0.134324815,0.228471842,0.513733066,431.0,83.0
0.7676361286638658,0.0,0.261557796,0.47362668350000003,431.0,83.0
0.7699331198718111,0.0,0.248479305,0.36278166,431.0,83.0
0.7347780638096747,0.0,0.237288814,0.343416973,431.0,83.0
0.7055595844906827,0.0,0.222701425,0.336503267,431.0,83.0
0.6821383793732023,0.0,0.201194238,0.318052227,431.0,83.0
0.6718873615678008,0.0,0.19261977,0.330728159,431.0,83.0
0.6960745661184802,0.0,0.187197754,0.353055899,431.0,83.0
0.7299864359211127,0.0,0.183545351,0.372804984,431.0,83.0
0.7818968781453391,0.007939892,0.175310601,0.374768851,431.0,83.0
0.8235080268136594,0.203755461,0.142367134,0.370976955,431.0,83.0
0.8628837347919841,0.403433171,0.098270533,0.359998587,431.0,83.0
0.8835088246576555,0.590425679,0.088682857,0.353243739,431.0,83.0
0.9302639543199991,0.732318024,0.075054969,0.334817436,431.0,83.0
0.9451748833089807,0.854303569,0.080213912,0.327528856,431.0,83.0
0.9532816741772071,0.906810185,0.082881896,0.327794514,431.0,83.0
0.9590461245004027,0.927803963,0.084979769,0.344948036,431.0,83.0
0.9618540863987209,0.868789368,0.086683313,0.384300189,431.0,83.0
0.9545865748507056,0.770615626,0.09424122,0.438017259,431.0,83.0
0.9493859831232848,0.661860012,0.103188558,0.472388912,431.0,83.0
0.9404295177997903,0.496063006,0.120737714,0.493840563,431.0,83.0
0.9272115694909882,0.306761255,0.139029071,0.475956951,431.0,83.0
0.8957587265827659,0.137780171,0.16668497,0.455856355,431.0,83.0
0.8301658855217121,0.0,0.193157849,0.439911348,431.0,83.0
0.8075703339368265,0.0,0.194071217,0.411157651,431.0,83.0
0.751535838240887,0.0,0.176637871,0.321438056,431.0,83.0
0.7230530627641267,0.0,0.171874963,0.287630617,431.0,83.0
0.6909072664045595,0.0,0.155799411,0.2935145615,431.0,83.0
0.6667681037804439,0.0,0.12937890900000001,0.299825288,431.0,83.0
0.6934353591571547,0.0,0.106993591,0.296930804,431.0,83.0
0.7286668325216671,0.0,0.096267003,0.294035796,431.0,83.0
0.7808835527585437,0.007145007,0.088379225,0.306839497,431.0,83.0
0.8205199785729231,0.194942854,0.071078098,0.323931063,431.0,83.0
0.8596599728517005,0.395776425,0.045083513,0.328031141,431.0,83.0
0.8827409993023179,0.572063109,0.041085184,0.332324217,431.0,83.0
0.9222017402521004,0.74190299,0.034075142,0.295519299,431.0,83.0
0.9435753639827806,0.857132487,0.036989453,0.306184304,431.0,83.0
0.9485716142150837,0.909639115,0.037930109,0.35045712,431.0,83.0
0.9545223318244941,0.90426408,0.043196722,0.39399017,431.0,83.0
0.9574249723582174,0.861734321,0.049445173,0.440620599,431.0,83.0
0.9480604797911003,0.75414234,0.059682075,0.500796179,431.0,83.0
0.9415172471178284,0.621680489,0.075263619,0.532920576,431.0,83.0
0.9336384907128698,0.446102353,0.0995956,0.499130555,431.0,83.0
0.9196545899143342,0.27521025,0.110242235,0.412649535,431.0,83.0
0.8832843488014701,0.113117541,0.119483419,0.369077169,431.0,83.0
0.8277804664688372,0.0,0.129384617,0.349475332,431.0,83.0
0.7989486625885399,0.0,0.123025393,0.328278099,431.0,83.0
0.7591817839692019,0.0,0.112489008,0.308020472,431.0,83.0
0.7198435355770403,0.0,0.103352582,0.299705529,431.0,83.0
0.6897338017498533,0.0,0.092244782,0.30279443,431.0,83.0
0.6703064783101851,0.0,0.074911993,0.292102002,431.0,83.0
0.6587270541496953,0.0,0.059144061,0.259260619,431.0,83.0
0.6659900237143608,0.0,0.04542517,0.226557245,431.0,83.0
0.6916943367940626,0.0,0.03581393,0.198088092,431.0,83.0
0.7282966392748946,0.0,0.030701537,0.176598656,431.0,83.0
0.7807544112843762,0.006225495,0.027127236,0.170323755,431.0,83.0
0.8200681238376487,0.199347353,0.022193591,0.165358271,431.0,83.0
0.8569883635286456,0.390399472,0.012367894,0.15225543,431.0,83.0
0.8768096669077337,0.582302986,0.011814074,0.138811742,431.0,83.0
0.9127958549186171,0.733891952,0.013934396,0.118433311,431.0,83.0
0.9401767600486391,0.8503183,0.019646574,0.125814862,431.0,83.0
0.9479459474808168,0.903987275,0.028745214,0.16625394,431.0,83.0
0.9528758008102465,0.906294786,0.039266788,0.198605229,431.0,83.0
0.9516375780506793,0.826301179,0.048431976,0.229706725,431.0,83.0
0.9486252749821117,0.707793332,0.057243328,0.246901897,431.0,83.0
0.9396046601944688,0.571694413,0.074773571,0.26348394,431.0,83.0
0.9236113399605065,0.383865688,0.100171969,0.264370271,431.0,83.0
0.9011075641505566,0.23234586,0.101790299,0.257261165,431.0,83.0
0.8624077186285075,0.094446127,0.090524484,0.223557718,431.0,83.0
0.8220122702519987,0.0,0.08226547,0.190909931,431.0,83.0
0.798410182702393,0.0,0.070940551,0.172522963,431.0,83.0
0.7456354099155487,0.0,0.063646991,0.1385738,431.0,83.0
0.7117138942865348,0.0,0.060770216,0.131812979,431.0,83.0
0.6805746806727191,0.0,0.054309164,0.109213394,431.0,83.0
0.6630742723092369,0.0,0.052301451,0.09464372,431.0,83.0
0.6552626621158274,0.0,0.050409731,0.083068114,431.0,83.0
0.6638768882954261,0.0,0.046450857,0.081307466,431.0,83.0
0.6914670513146024,0.0,0.04100465,0.082264669,431.0,83.0
0.7280856956442622,0.0,0.038104513,0.084249692,431.0,83.0
0.7806801478586624,0.005258549,0.037653241,0.084779841,431.0,83.0
0.8199340188635446,0.185029614,0.034385795,0.078989629,431.0,83.0
0.8586538116225352,0.377749588,0.021679812,0.067957676,431.0,83.0
0.8794149730524121,0.556214959,0.020631356,0.063602806,431.0,83.0
0.9145957823972974,0.714228513,0.022741431,0.050508993,431.0,83.0
0.9413502714843768,0.832865078,0.035316183,0.087423864,431.0,83.0
0.9528933131594683,0.885649041,0.051043733,0.118243137,431.0,83.0
0.9578152064039945,0.873761603,0.071050698,0.166084174,431.0,83.0
0.9512526820779595,0.787350878,0.095762665,0.236228124,431.0,83.0
0.9525853963488058,0.684568247,0.128674542,0.279830022,431.0,83.0
0.9469127216381116,0.579202184,0.170926301,0.274203895,431.0,83.0
0.9336384907128698,0.398759475,0.197507348,0.266109571,431.0,83.0
0.9090094518264181,0.241783517,0.202496751,0.249123192,431.0,83.0
0.8697840498406281,0.106911458,0.21234618,0.218006886,431.0,83.0
0.818560754697071,0.0,0.207791347,0.183135718,431.0,83.0
0.7967357443663005,0.0,0.198663817,0.151008283,431.0,83.0
0.7492008489776129,0.0,0.212144155,0.136654389,431.0,83.0
0.7098201308807539,0.0,0.195971038,0.14199889,431.0,83.0
0.6701297165072573,0.0,0.1670014,0.19160402250000003,431.0,83.0
0.6623973797768787,0.0,0.150601742,0.268864453,431.0,83.0
0.691737742931562,0.0,0.142452639,0.313110529,431.0,83.0
0.7280856956442622,0.0,0.13649664,0.30691433,431.0,83.0
0.7805486182778069,0.004597757,0.13063163,0.297773332,431.0,83.0
0.8198122756145995,0.192092198,0.109004318,0.254017626,431.0,83.0
0.8498283606388124,0.391672287,0.091996836,0.187836651,431.0,83.0
0.8630995012545901,0.576545497,0.089209018,0.138448794,431.0,83.0
0.8932506278481436,0.730593462,0.07031058,0.109328949,431.0,83.0
0.918528183728707,0.834765806,0.082475771,0.128674259,431.0,83.0
0.9407218888513325,0.877438257,0.099416885,0.151722373,431.0,83.0
0.9470370870613369,0.881190907,0.124501391,0.202694514,431.0,83.0
0.9551626077226448,0.847330818,0.161129822,0.268215065,431.0,83.0
0.9508979408658101,0.763942881,0.199306498,0.313525468,431.0,83.0
0.9415172471178284,0.643650861,0.223183311,0.340142005,431.0,83.0
0.9301186116649669,0.497191706,0.244718506,0.337245348,431.0,83.0
0.9052746490242142,0.306727281,0.25637525,0.325700742,431.0,83.0
0.8707708260174014,0.118557317,0.270641677,0.315173799,431.0,83.0
0.8220122702519987,0.0,0.281310178,0.294821824,431.0,83.0
0.7959264325200992,0.0,0.273289139,0.277752358,431.0,83.0
0.7300968945456643,0.0,0.235960038,0.252114129,431.0,83.0
0.6943195900132484,0.0,0.23131956,0.270136056,431.0,83.0
0.6633203811438416,0.0,0.209896299,0.261366489,431.0,83.0
0.6348340470599992,0.0,0.1811527075,0.2522723645,431.0,83.0
0.632372046889921,0.0,0.16393594,0.228485471,431.0,83.0
0.6312596645367637,0.0,0.149358034,0.221361444,431.0,83.0
0.6404449136322017,0.003848129,0.135985799,0.228862086,431.0,83.0
0.6712398747309881,0.19326812,0.113663274,0.221047392,431.0,83.0
0.713833538278921,0.386704071,0.090340445,0.20550984,431.0,83.0
0.7307379197524909,0.570275198,0.086996793,0.202882198,431.0,83.0
0.7428889753070987,0.720310404,0.070705975,0.206174537,431.0,83.0
0.7596608906045768,0.835425153,0.091642776,0.230876281,431.0,83.0
0.7633091619804052,0.898917874,0.136827127,0.261929892,431.0,83.0
0.7657548907168545,0.899784522,0.178864728,0.306672065,431.0,83.0
0.7682656116257569,0.86743953,0.211335854,0.338597101,431.0,83.0
0.7659215385582168,0.784293649,0.234919253,0.357413871,431.0,83.0
0.7720240138340476,0.657084816,0.252337682,0.357126941,431.0,83.0
0.7679191582906001,0.504372392,0.269046019,0.344378288,431.0,83.0
0.7608880628073423,0.323019738,0.271116791,0.306690796,431.0,83.0
0.7495360644694075,0.116531566,0.273568943,0.275630413,431.0,83.0
0.7378570449546075,0.0,0.277639536,0.245783168,431.0,83.0
0.728624690609059,0.0,0.253128416,0.228877947,431.0,83.0
0.7043079232300596,0.0,0.198997038,0.212082255,431.0,83.0
0.6710691999849255,0.0,0.182977686,0.217734855,431.0,83.0
0.6411409104495451,0.0,0.168246193,0.222606338,431.0,83.0
0.6264622772209918,0.0,0.148621815,0.218568857,431.0,83.0
0.6168888543943756,0.0,0.124302793,0.192585129,431.0,83.0
0.6247110937904342,0.0,0.099163858,0.172865185,431.0,83.0
0.6285695596506534,0.0,0.086257662,0.167299206,431.0,83.0
0.6384849873911395,0.003384235,0.07649211,0.163967089,431.0,83.0
0.6702322150469054,0.186968872,0.061270892,0.1475924,431.0,83.0
0.7129571273270703,0.390387645,0.03868527,0.119403222,431.0,83.0
0.7275430483478859,0.586371843,0.029549516,0.103894109,431.0,83.0
0.7410841782154131,0.73874979,0.022307025,0.097444424,431.0,83.0
0.7556742666464579,0.870274589,0.027459054,0.09965433,431.0,83.0
0.7643068480460173,0.942210565,0.039686975,0.13671121,431.0,83.0
0.7699538162549944,0.953318264,0.060473791,0.200707365,431.0,83.0
0.7713305453040529,0.916889604,0.084035205,0.263022991,431.0,83.0
0.7762179758722509,0.838348028,0.10278058,0.292220098,431.0,83.0
0.781373616226223,0.708733613,0.116932758,0.28399368,431.0,83.0
0.7812210624700949,0.5440195,0.123918126,0.248716787,431.0,83.0
0.7783951670308368,0.341394449,0.123428492,0.217013906,431.0,83.0
0.763790328930379,0.119716963,0.128405779,0.199270848,431.0,83.0
0.7395481760784814,0.0,0.115228112,0.18723263099999998,431.0,83.0
0.7277957125369738,0.0,0.089489522,0.168653906,431.0,83.0
0.6900259856772692,0.0,0.078130134,0.164426346,431.0,83.0
0.6627700078301538,0.0,0.076905011,0.158905284,431.0,83.0
0.6550427750240237,0.0,0.078159563,0.153263779,431.0,83.0
0.652679738014593,0.0,0.07631501,0.1489112325,431.0,83.0
0.685018965736788,0.0,0.077059555,0.161655327,431.0,83.0
0.7246166211215153,0.0,0.081278718,0.160205006,431.0,83.0
0.7788931907458536,0.00321022,0.085379332,0.149811903,431.0,83.0
0.8155570672975856,0.191598288,0.081218933,0.150049951,431.0,83.0
0.8420981310852812,0.388722703,0.054659956,0.152235621,431.0,83.0
0.8603668331017194,0.584337618,0.045857805,0.185192002,431.0,83.0
0.8845862527275676,0.740616791,0.032272023,0.20227353,431.0,83.0
0.9165618426386906,0.851485261,0.047659659,0.252348292,431.0,83.0
0.9420350306207923,0.909005186,0.064737462,0.279292308,431.0,83.0
0.9474441778721572,0.909594201,0.086028624,0.360850409,431.0,83.0
0.9591073707792134,0.866214697,0.113976585,0.441402948,431.0,83.0
0.9476790487009658,0.759988334,0.139233497,0.498928301,431.0,83.0
0.9392107739795463,0.618626111,0.150424197,0.534571895,431.0,83.0
0.9310463890016548,0.456908003,0.153098361,0.53310628,431.0,83.0
0.9114638897940126,0.257263314,0.148947818,0.482653042,431.0,83.0
0.8691533260443614,0.085880707,0.156945396,0.489999166,431.0,83.0
0.8198999307603373,0.0,0.162384894,0.494116063,431.0,83.0
0.7951557039794237,0.0,0.176643615,0.483904839,431.0,83.0
0.7476637465930516,0.0,0.182091741,0.412008827,431.0,83.0
0.7142134241331065,0.0,0.200992978,0.424340628,431.0,83.0
0.6841830577370989,0.0,0.206576774,0.434053453,431.0,83.0
0.6651160475690125,0.0,0.193723817,0.360031689,431.0,83.0
0.668203925150434,0.0,0.16231524,0.216392221,431.0,83.0
0.6951510497540847,0.0,0.145568224,0.159264612,431.0,83.0
0.7310282774329001,0.0,0.134851574,0.12712888,431.0,83.0
0.7820953664887494,0.00278254,0.123495204,0.104964629,431.0,83.0
0.8217174641503027,0.147202382,0.10304867,0.088299832,431.0,83.0
0.856113123077189,0.320650018,0.078343635,0.082108007,431.0,83.0
0.8654792076612866,0.500855287,0.085613314,0.084685598,431.0,83.0
0.8845862527275676,0.646000382,0.086845129,0.146894694,431.0,83.0
0.9052858868675764,0.76539363,0.116207064,0.168884974,431.0,83.0
0.9196181606479045,0.7909793540000001,0.1892450745,0.208457333,431.0,83.0
0.915636406465225,0.712116542,0.280848157,0.282075361,431.0,83.0
0.9098046226439195,0.613199,0.324140186,0.347103995,431.0,83.0
0.9101180648141999,0.505608248,0.340678739,0.359958557,431.0,83.0
0.8970079998991349,0.382311144,0.323789609,0.342559455,431.0,83.0
0.8711482300404014,0.239153533,0.310329775,0.340611352,431.0,83.0
0.8520536404237765,0.087353575,0.275771637,0.334288419,431.0,83.0
0.8155063097158954,0.0,0.249840732,0.301171288,431.0,83.0
0.7892311143883173,0.0,0.208420449,0.271966019,431.0,83.0
0.713901457027228,0.0,0.179664274,0.23656925099999998,431.0,83.0
0.6634610882534606,0.0,0.143424973,0.244490608,431.0,83.0
0.6603938367212409,0.0,0.11889498849999999,0.29511887400000003,431.0,83.0
0.688479284084924,0.0,0.105194008,0.337882661,431.0,83.0
0.7257675633084655,0.0,0.094133165,0.351757766,431.0,83.0
0.7799310521339723,0.002429033,0.087806239,0.340900181,431.0,83.0
0.8165441243229825,0.167468652,0.076993745,0.314279118,431.0,83.0
0.8491526854690971,0.341929169,0.0743823,0.28076896,431.0,83.0
0.8635668081869216,0.521519826,0.073479619,0.255743936,431.0,83.0
0.8831616691197227,0.68097303,0.057573096,0.19730872,431.0,83.0
0.9012000889092998,0.798577978,0.056402667,0.210231624,431.0,83.0
0.9081787880128551,0.845136938,0.061832954,0.256323096,431.0,83.0
0.9052557321070063,0.833191216,0.075859269,0.294184,431.0,83.0
0.9117106540503618,0.800137394,0.097015298,0.318420679,431.0,83.0
0.9058832717068775,0.716778683,0.119619878,0.322153575,431.0,83.0
0.9019430038526276,0.592954543,0.147621358,0.34700241,431.0,83.0
0.8924336367656623,0.420334262,0.183723049,0.350537642,431.0,83.0
0.8738393183027796,0.267905793,0.225210849,0.327484977,431.0,83.0
0.8520536404237765,0.089089271,0.265792208,0.286564727,431.0,83.0
0.811444204888203,0.0,0.289198854,0.24504768,431.0,83.0
0.7819510539910167,0.0,0.282811008,0.219063923,431.0,83.0
0.7236249753317368,0.0,0.204175267,0.190975317,431.0,83.0
0.6938341151475167,0.0,0.19925753,0.195281763,431.0,83.0
0.6685694828517932,0.0,0.198011675,0.194615822,431.0,83.0
0.6579112337300426,0.0,0.17623209350000002,0.17393835600000002,431.0,83.0
0.6638768882954261,0.0,0.15825077,0.165800702,431.0,83.0
0.6891588925972765,0.0,0.14240513,0.157592235,431.0,83.0
0.7262178260267592,0.0,0.127263104,0.156122342,431.0,83.0
0.7797703510063804,0.001857409,0.115188781,0.155853714,431.0,83.0
0.815769087866549,0.159983237,0.092076398,0.152336049,431.0,83.0
0.8423905021368235,0.34862585,0.066186672,0.135131438,431.0,83.0
0.8566255686695294,0.539498432,0.059400039,0.121926636,431.0,83.0
0.8747819858144091,0.697311305,0.05629361,0.104560884,431.0,83.0
0.9019850053409237,0.837596183,0.057019031,0.146496808,431.0,83.0
0.9174906501326778,0.842566098,0.056851229,0.188136103,431.0,83.0
0.922834149627411,0.832241171,0.062058909,0.229838507,431.0,83.0
0.9205327335511286,0.742194174,0.072355876,0.253782036,431.0,83.0
0.9155901439234192,0.608082594,0.090086301,0.260174852,431.0,83.0
0.9053082689922375,0.453346482,0.113323667,0.260698284,431.0,83.0
0.8875312224604596,0.287896079,0.135136999,0.253996682,431.0,83.0
0.8599001817535664,0.081589354,0.170646593,0.245155421,431.0,83.0
0.8059081636013956,0.0,0.1971522845,0.2235666625,431.0,83.0
0.7498825645855958,0.0,0.192923393,0.170082836,431.0,83.0
0.701525176307759,0.0,0.167168509,0.159710236,431.0,83.0
0.660410576371271,0.0,0.135013151,0.15868178849999998,431.0,83.0
0.677885020531277,0.0,0.1202469955,0.1515716715,431.0,83.0
0.7277710360301218,0.0,0.110725751,0.142375638,431.0,83.0
0.7799121350543301,0.001572853,0.105935892,0.140198705,431.0,83.0
0.815769087866549,0.158217431,0.087112045,0.144399483,431.0,83.0
0.8390754328816564,0.359662441,0.06076753,0.144770719,431.0,83.0
0.8505618170423191,0.547748096,0.054926064,0.15699585,431.0,83.0
0.8660652610951625,0.719639387,0.055345187,0.133451826,431.0,83.0
0.8957391071379137,0.8624902555,0.0627483395,0.173443292,431.0,83.0
0.9224628326612759,0.881667812,0.077907954,0.24995075,431.0,83.0
0.9348420633471143,0.84346339,0.084055279,0.306923398,431.0,83.0
0.9348796164953407,0.75816558,0.096366253,0.367411811,431.0,83.0
0.9337905760089454,0.619315374,0.115985366,0.427869164,431.0,83.0
0.9301186116649669,0.464625599,0.137898189,0.460965287,431.0,83.0
0.9114638897940126,0.288243063,0.163301683,0.466213646,431.0,83.0
0.8865515636602848,0.07656115,0.208009718,0.46439523,431.0,83.0
0.8374545615880946,0.0,0.231933745,0.463273478,431.0,83.0
0.8002342714468414,0.0,0.234591366,0.439764226,431.0,83.0
0.7443975149480706,0.0,0.182031358,0.318471152,431.0,83.0
0.7129730474968773,0.0,0.189540493,0.303986223,431.0,83.0
0.6819758521610377,0.0,0.17739536,0.297513641,1082.0,209.0
0.653781842428923,0.0,0.167145581,0.33009849950000003,1082.0,209.0
0.6455463547499803,0.0,0.155310477,0.33711765699999996,1082.0,209.0
0.6415304890735779,0.0,0.15022192,0.350512622,1082.0,209.0
0.6456067347675362,0.001618512,0.151442551,0.395899539,1082.0,209.0
0.6743973333304615,0.175841875,0.139175712,0.446969711,1082.0,209.0
0.7200213275372676,0.377008633,0.102131738,0.471669727,1082.0,209.0
0.7348082655137105,0.57359737,0.09622912,0.480110964,1082.0,209.0
0.7478476725536096,0.728813726,0.077610998,0.433093558,1082.0,209.0
0.7584848271661062,0.8714127145,0.083222669,0.438723348,1082.0,209.0
0.7601706202981399,0.883862836,0.090858639,0.520321571,1082.0,209.0
0.7594399733554736,0.846562688,0.09397634,0.572107957,1082.0,209.0
0.7634089914023076,0.756457938,0.098096893,0.600780231,1082.0,209.0
0.7691121488280953,0.654360625,0.105133923,0.60263688,1082.0,209.0
0.7681117468637059,0.485080467,0.115643801,0.592758413,1082.0,209.0
0.7678915787608446,0.292206708,0.132930737,0.577768612,1082.0,209.0
0.7569936827593432,0.071829793,0.170011789,0.565883148,1082.0,209.0
0.7416662749161358,0.0,0.18684490850000002,0.5258965385000001,1082.0,209.0
0.7329649318975305,0.0,0.171236696,0.459250508,1082.0,209.0
0.6837701840273358,0.0,0.15993844750000002,0.433019566,1082.0,209.0
0.6459311102983882,0.0,0.1269263355,0.437728348,1082.0,209.0
0.6396620263007496,0.0,0.09731349666666667,0.43702672133333326,1082.0,209.0
0.6447863723645332,0.001422871,0.074430586,0.430431341,1082.0,209.0
0.6730420498108279,0.172255851,0.060407633,0.415401064,1082.0,209.0
0.717451467445185,0.367169285,0.037029982,0.402384457,1082.0,209.0
0.7314685197516915,0.557510816,0.032746492,0.410335827,1082.0,209.0
0.7455095461998398,0.719585136,0.030111924,0.445184957,1082.0,209.0
0.7531901888345091,0.818290558,0.03238001,0.467567726,1082.0,209.0
0.7593826604193004,0.87107693,0.045976858,0.511695007,1082.0,209.0
0.7577511133044917,0.848291813,0.064744195,0.574188115,1082.0,209.0
0.7573892548781779,0.824113271,0.088658984,0.621721026,1082.0,209.0
0.7614409177897814,0.742129134,0.112691059,0.646164126,1082.0,209.0
0.7679851338393212,0.602928403,0.136816328,0.644659559,1082.0,209.0
0.7675597815330374,0.413156886,0.151242353,0.601948977,1082.0,209.0
0.7634864388619828,0.217176678,0.146484285,0.514673005,1082.0,209.0
0.7522807665553478,0.045965286,0.148872115,0.441449292,1082.0,209.0
0.7372009891485274,0.0,0.12373327349999999,0.391520663,1082.0,209.0
0.7437856614504144,0.0,0.099685601,0.319680494,1082.0,209.0
0.700542801771241,0.0,0.10958594399999999,0.34660302249999997,1082.0,209.0
0.6717472865706275,0.0,0.11293012699999999,0.36301451549999997,1082.0,209.0
0.6714334465179276,0.0,0.117405986,0.313396242,1082.0,209.0
0.6990973578841683,0.0,0.10855002,0.255501216,1082.0,209.0
0.7325179467752614,0.0,0.096754078,0.267038049,1082.0,209.0
0.7834964444150049,0.001114374,0.086674312,0.284355992,1082.0,209.0
0.8211682147184116,0.111721874,0.078291898,0.243736111,1082.0,209.0
0.8455502083374562,0.23186942,0.058275425,0.217650447,1082.0,209.0
0.8539784951853636,0.35835461,0.055213711,0.256121166,1082.0,209.0
0.8588392358755765,0.516361365,0.067624496,0.323673859,1082.0,209.0
0.864585893000927,0.621154809,0.094643929,0.348954275,1082.0,209.0
0.8694987024411871,0.731600474,0.114886124,0.396749127,1082.0,209.0
0.8733635831503607,0.760397703,0.132324804,0.440323534,1082.0,209.0
0.882352169986961,0.713384894,0.15127061,0.467634477,1082.0,209.0
0.8801903839195324,0.609382466,0.171952095,0.484708861,1082.0,209.0
0.8794737842810689,0.463387534,0.209633519,0.473109312,1082.0,209.0
0.8670873426565687,0.317345981,0.227256756,0.442396347,1082.0,209.0
0.8551732650263999,0.194345722,0.23463271,0.423043103,1082.0,209.0
0.8437989782883011,0.043707736,0.236063981,0.36279082,1082.0,209.0
0.7967600463000316,0.0,0.20979849550000002,0.2883465595,1082.0,209.0
0.7227454269645219,0.0,0.207882513,0.266847031,1082.0,209.0
0.6889767459402596,0.0,0.198243754,0.249479519,1082.0,209.0
0.6629891457757158,0.0,0.185318211,0.231477319,1082.0,209.0
0.6558994729689591,0.0,0.15026477449999998,0.195085614,1082.0,209.0
0.67773174110064,0.0,0.0995449005,0.1549171285,1082.0,209.0
0.7284026496405933,0.0,0.082771476,0.129468861,1082.0,209.0
0.7809020951026309,0.0,0.083645827,0.11409319,1082.0,209.0
0.8156859277606953,0.140725783,0.07182308,0.094808447,1082.0,209.0
0.8403235823162288,0.316761787,0.056453573,0.082369286,1082.0,209.0
0.8518583828953592,0.512135689,0.054537271,0.081859279,1082.0,209.0
0.8634007691487062,0.662568753,0.053030124,0.095473393,1082.0,209.0
0.8696874981771844,0.741235811,0.05625849,0.111825984,1082.0,209.0
0.8687807916343665,0.780471839,0.072252032,0.1500347,1082.0,209.0
0.8701276469339126,0.782221389,0.096293362,0.198992349,1082.0,209.0
0.873560619819885,0.741190535,0.118330756,0.254889732,1082.0,209.0
0.8727131931282103,0.674835031,0.139985069,0.308590366,1082.0,209.0
0.8696275629042969,0.53078735,0.161561993,0.355655582,1082.0,209.0
0.8595052652189105,0.406096279,0.18802288,0.376669192,1082.0,209.0
0.8501478900283921,0.226323858,0.203792908,0.390254207,1082.0,209.0
0.8239576341102086,0.0162120065,0.2032921565,0.3949371355,1082.0,209.0
0.7776094078096907,0.0,0.175322895,0.343103177,1082.0,209.0
0.7166752137073258,0.0,0.155835005,0.314194336,1082.0,209.0
0.673430129898726,0.0,0.1379120545,0.2937898095,1082.0,209.0
0.6520454711237041,0.0,0.12436570066666665,0.2754072536666667,1082.0,209.0
0.6832000276164023,0.0,0.118201404,0.242605173,1082.0,209.0
0.7234985495939126,0.0,0.101711228,0.222865757,1082.0,209.0
0.7793046360910295,0.0,0.083162861,0.207155423,1082.0,209.0
0.8151084901583358,0.108946888,0.064064935,0.172915463,1082.0,209.0
0.8330759242806577,0.24537959,0.053512972,0.141163089,1082.0,209.0
0.8474767488405213,0.401419938,0.051784276,0.118590811,1082.0,209.0
0.8581454864969582,0.515701435,0.060497347,0.11502727,1082.0,209.0
0.8636216863165922,0.655482993,0.0871844765,0.1242227565,1082.0,209.0
0.8655208814387108,0.692095258,0.106687838,0.174706953,1082.0,209.0
0.861079218548922,0.647678126,0.122037269,0.216904525,1082.0,209.0
0.8582554300428601,0.582632377,0.146550252,0.236885846,1082.0,209.0
0.8553405215084751,0.481368133,0.170606495,0.259128379,1082.0,209.0
0.8520177730170282,0.337879761,0.183517679,0.261378883,1082.0,209.0
0.8449522616384738,0.200686787,0.182888871,0.264155606,1082.0,209.0
0.8157566325793268,0.013839664,0.16392762,0.24482011,1082.0,209.0
0.768407863971325,0.0,0.138261175,0.221533959,1082.0,209.0
0.6967442945744252,0.0,0.12830335399999998,0.2122238185,1082.0,209.0
0.6516027002468405,0.0,0.12038891033333333,0.222259713,1082.0,209.0
0.665999575897462,0.0,0.1028031475,0.1882735765,1082.0,209.0
0.7234985495939126,0.0,0.091774499,0.186213484,1082.0,209.0
0.7779333386770916,0.0,0.087768979,0.191271316,1082.0,209.0
0.8145025832120157,0.124457887,0.085435211,0.189337883,1082.0,209.0
0.8298752936112768,0.278218654,0.083104319,0.164862649,1082.0,209.0
0.8360576980155342,0.441992085,0.085418836,0.161928852,1082.0,209.0
0.847537714108274,0.594604719,0.071951032,0.15718994,1082.0,209.0
0.8539172489877702,0.728106623,0.081565468,0.1875462755,1082.0,209.0
0.8535169946237079,0.776443449,0.097426171,0.231095256,1082.0,209.0
0.8520399676926947,0.735125738,0.112096535,0.265328479,1082.0,209.0
0.8523282182774734,0.654384563,0.134311209,0.308352674,1082.0,209.0
0.8512191371545077,0.530627404,0.15449234,0.342382846,1082.0,209.0
0.8470076627670827,0.389879677,0.167087555,0.367187556,1082.0,209.0
0.8395487333087899,0.23946377,0.170732493,0.369627948,1082.0,209.0
0.8275026108566816,0.033255267,0.197470631,0.344536784,1082.0,209.0
0.790659443889805,0.0,0.215597378,0.312569651,1082.0,209.0
0.762538527001793,0.0,0.217617207,0.282358616,1082.0,209.0
0.6904198485016759,0.0,0.18417860149999998,0.2143419805,1082.0,209.0
0.6497617390083098,0.0,0.171359812,0.1987527155,1082.0,209.0
0.6450328556910417,0.0,0.14961709299999998,0.16386152399999998,1082.0,209.0
0.681415879802,0.0,0.134559613,0.145059425,1082.0,209.0
0.7230407012014021,0.0,0.13023618,0.141528467,1082.0,209.0
0.7773957016616836,0.0,0.129352872,0.145659726,1082.0,209.0
0.814085846574814,0.151421978,0.116602932,0.152194561,1082.0,209.0
0.8293273553477429,0.351424965,0.094040227,0.162144689,1082.0,209.0
0.8324165440163043,0.532531045,0.095040804,0.168220834,1082.0,209.0
0.846892193861563,0.689535393,0.082446,0.163630598,1082.0,209.0
0.8550611676038362,0.784516307,0.090764432,0.205342141,1082.0,209.0
0.8591022014752245,0.818056586,0.093122174,0.252584066,1082.0,209.0
0.8659641205049031,0.804971861,0.090878802,0.304938962,1082.0,209.0
0.8669326351862129,0.744549233,0.097544456,0.355731269,1082.0,209.0
0.8641037896181512,0.694984489,0.097774276,0.387875352,1082.0,209.0
0.8645754044662407,0.560621644,0.10732865,0.433808493,1082.0,209.0
0.8565673191381198,0.386707544,0.12226303,0.465874844,1082.0,209.0
0.8480955793716813,0.227043195,0.148277305,0.473933108,1082.0,209.0
0.8183720058233224,0.0122189945,0.18996403,0.4555198095,1082.0,209.0
0.7740051983179744,0.0,0.204005308,0.428611739,1082.0,209.0
0.702656756670399,0.0,0.182265551,0.378880209,1082.0,209.0
0.6670169750512064,0.0,0.172240719,0.385019429,1082.0,209.0
0.6374488115820647,0.0,0.159753634,0.373796275,1082.0,209.0
0.6202373797215213,0.0,0.1356275505,0.3424602255,1082.0,209.0
0.6182012468551594,0.0,0.109717761,0.299310515,1082.0,209.0
0.626476371306226,0.0,0.097114524,0.277342283,1082.0,209.0
0.6290877177267381,0.0,0.092058767,0.264022235,1082.0,209.0
0.6386866129874796,0.0,0.087830246,0.251943177,1082.0,209.0
0.6691096483169842,0.124580683,0.081228146,0.230507402,1082.0,209.0
0.7070985131222507,0.270429073,0.064858669,0.216802539,1082.0,209.0
0.7175047066956263,0.417584867,0.073596388,0.213281914,1082.0,209.0
0.7241026770742571,0.525873106,0.09451755,0.185723715,1082.0,209.0
0.7256585561953658,0.598078489,0.120065869,0.174542037,1082.0,209.0
0.7283812039487343,0.623138205,0.125974507,0.173344789,1082.0,209.0
0.7284210984226173,0.609896149,0.113927755,0.203203356,1082.0,209.0
0.7286746990445074,0.575141214,0.098512091,0.222903606,1082.0,209.0
0.7342334968666626,0.463403318,0.091222418,0.223358182,1082.0,209.0
0.7424105242559024,0.380178271,0.087379129,0.197526881,1082.0,209.0
0.7418631478520497,0.251567634,0.084101406,0.188100085,1082.0,209.0
0.7388475200815579,0.143435982,0.079179029,0.157798593,1082.0,209.0
0.7293464173998525,0.009540821,0.07839735349999999,0.130139636,1082.0,209.0
0.7202531080566118,0.0,0.069796204,0.108932084,1082.0,209.0
0.6930785577928406,0.0,0.063726044,0.099844005,1082.0,209.0
0.6594441688668087,0.0,0.052055418,0.112346122,1082.0,209.0
0.6251866418187269,0.0,0.044115464,0.119426251,1082.0,209.0
0.6197541447142547,0.0,0.03893703766666667,0.08793425399999999,1082.0,209.0
0.6276820511985352,0.0,0.035530688,0.081010717,1082.0,209.0
0.6377286337843218,0.0,0.03394593,0.079694046,1082.0,209.0
0.6680753924794135,0.117994889,0.02984202,0.070409727,1082.0,209.0
0.7070985131222507,0.255751846,0.019770913,0.061937542,1082.0,209.0
0.7175047066956263,0.412867018,0.020919267,0.068511727,1082.0,209.0
0.7312386592038511,0.538888754,0.034681345,0.098092138,1082.0,209.0
0.7413255108366417,0.614247916,0.031926589,0.089608291,1082.0,209.0
0.7473890750148574,0.6448920385,0.035049331,0.07982945550000001,1082.0,209.0
0.7490960092747424,0.627308696,0.046480926,0.123065025,1082.0,209.0
0.7524947537144128,0.525358439,0.064595576,0.175876862,1082.0,209.0
0.7544543053823541,0.41644093,0.08184787,0.219015246,1082.0,209.0
0.7487900592166156,0.279476951,0.090947337,0.208441866,1082.0,209.0
0.7439399007855863,0.153524185,0.101133264,0.204794769,1082.0,209.0
0.7373385590864335,0.008322667,0.12052937650000001,0.2138952635,1082.0,209.0
0.7284017599888227,0.0,0.131066392,0.198369735,1082.0,209.0
0.700986087780899,0.0,0.09508997450000001,0.11302527400000001,1082.0,209.0
0.6544474971720636,0.0,0.09374762766666667,0.11641127266666666,1082.0,209.0
0.654870789109604,0.0,0.103717246,0.153165427,1082.0,209.0
0.683508037989128,0.0,0.110143119,0.176361517,1082.0,209.0
0.7241801245339324,0.0,0.114676054,0.18873596,1082.0,209.0
0.7787003211616902,0.0,0.115946169,0.202655419,1082.0,209.0
0.8149099548714596,0.122365904,0.118276696,0.224926604,1082.0,209.0
0.8308586983050942,0.303746338,0.088834546,0.225552736,1082.0,209.0
0.8446400369120531,0.497669903,0.093158059,0.250187063,1082.0,209.0
0.8593552400749993,0.658156755,0.08880292,0.234710147,1082.0,209.0
0.8749383791886771,0.771035355,0.09930847,0.247217715,1082.0,209.0
0.8904648607879261,0.837432564,0.107079411,0.270316742,1082.0,209.0
0.898970220522388,0.832183193,0.104696493,0.318113491,1082.0,209.0
0.9054693446929504,0.791359382,0.10738217,0.392294517,1082.0,209.0
0.9057729535878547,0.700149165,0.118445183,0.449242676,1082.0,209.0
0.8991102252667967,0.571577688,0.135780637,0.482290817,1082.0,209.0
0.885588574338593,0.406328219,0.15258849,0.484212734,1082.0,209.0
0.8648745183212607,0.230267858,0.161683608,0.479437859,1082.0,209.0
0.8293322250419651,0.008558628,0.1890492935,0.519342028,1082.0,209.0
0.7855856526357635,0.0,0.201149997,0.471735867,1082.0,209.0
0.725597684489676,0.0,0.181824086,0.395058438,1082.0,209.0
0.6779146604568487,0.0,0.163100906,0.35771100600000005,1082.0,209.0
0.6573911090638563,0.0,0.147022297,0.308484759,1082.0,209.0
0.6566630374332215,0.0,0.13742564499999999,0.26983473950000003,1082.0,209.0
0.6870437904258062,0.0,0.134550135,0.255445557,1082.0,209.0
0.7264912801610935,0.0,0.136733361,0.260807003,1082.0,209.0
0.780335333483952,0.0,0.134492991,0.287484911,1082.0,209.0
0.8156972593285547,0.138064476,0.126824448,0.307839016,1082.0,209.0
0.8440478964213124,0.332506896,0.104333724,0.305397578,1082.0,209.0
0.8570887549726633,0.519063427,0.115276769,0.310510346,1082.0,209.0
0.8786380635679402,0.665990308,0.130092383,0.253108903,1082.0,209.0
0.9029749186894099,0.75626709,0.127467154,0.260880324,1082.0,209.0
0.909634650344284,0.7500345165,0.12546518099999998,0.28288883249999996,1082.0,209.0
0.9196672324881165,0.677165014,0.113998595,0.329894681,1082.0,209.0
0.9115501402093302,0.578924143,0.104314025,0.359509048,1082.0,209.0
0.9006554282417903,0.482037879,0.103838928,0.376348466,1082.0,209.0
0.892274059519867,0.328424528,0.107855437,0.375207407,1082.0,209.0
0.8662991019291058,0.183506429,0.112626447,0.354653018,1082.0,209.0
0.8471445770395932,0.012376433,0.130988173,0.347365712,1082.0,209.0
0.8122750558258923,0.0,0.13806533,0.32129452,1082.0,209.0
0.7884738712921633,0.0,0.140818216,0.288999511,1082.0,209.0
0.7411381198310646,0.0,0.117010234,0.207336698,1082.0,209.0
0.712460461561442,0.0,0.121001096,0.169293501,1082.0,209.0
0.6721594344434478,0.0,0.1178460625,0.1679587105,1082.0,209.0
0.660640835045182,0.0,0.09464388900000001,0.14934035499999998,1082.0,209.0
0.6907239492471484,0.0,0.062619178,0.139412478,1082.0,209.0
0.727652617320667,0.0,0.050906575,0.144773309,1082.0,209.0
0.7809020951026309,0.0,0.045510756,0.155206807,1082.0,209.0
0.8156972593285547,0.115631701,0.039432882,0.156785019,1082.0,209.0
0.8403235823162288,0.293596162,0.024350162,0.143717846,1082.0,209.0
0.8526016724118078,0.477816837,0.019401781,0.122438162,1082.0,209.0
0.87060263294009,0.622135044,0.017436375,0.079463289,1082.0,209.0
0.8882123292652955,0.711756483,0.018419546,0.103918116,1082.0,209.0
0.9017428767112049,0.759441094,0.024115649,0.142927551,1082.0,209.0
0.9061647796506126,0.747854016,0.031864841,0.184934719,1082.0,209.0
0.9046090879784985,0.70211436,0.043965997,0.211525386,1082.0,209.0
0.8987328210813624,0.638163736,0.059298546,0.225773285,1082.0,209.0
0.8959351605936043,0.492991792,0.07155523,0.251259284,1082.0,209.0
0.8870559554432246,0.356919139,0.084570828,0.242750015,1082.0,209.0
0.8626983103765086,0.201171838,0.093997457,0.20538765,1082.0,209.0
0.8285132674505995,0.005229834,0.1080494115,0.1575082805,1082.0,209.0
0.792320396781376,0.0,0.101766677,0.124551131,1082.0,209.0
0.7244841081643919,0.0,0.081830874,0.089348939,1082.0,209.0
0.6971393514521759,0.0,0.092502917,0.076087591,1082.0,209.0
0.6662076633674393,0.0,0.095975407,0.069325499,1082.0,209.0
0.6562028946585202,0.0,0.091756616,0.057709177,1082.0,209.0
0.6578099058532227,0.0,0.084542969,0.056418973,1082.0,209.0
0.6862110196790469,0.0,0.075085531,0.056748413,1082.0,209.0
0.7253774228247516,0.0,0.067453138,0.05325206,1082.0,209.0
0.7795423633241443,0.0,0.060460629,0.051357383,1082.0,209.0
0.8155347788974217,0.143438623,0.053732817,0.056719292,1082.0,209.0
0.8391298427949261,0.3486466,0.038543721,0.056649178,1082.0,209.0
0.8553616861892764,0.547457016,0.032984802,0.061571919,1082.0,209.0
0.8751661328033212,0.722723747,0.028291307,0.052438941,1082.0,209.0
0.9130282908597058,0.8499420755,0.0391495385,0.096547312,1082.0,209.0
0.9247744565860551,0.869370423,0.054258252,0.171037362,1082.0,209.0
0.9269287505413301,0.801064955,0.066461352,0.229310349,1082.0,209.0
0.9249353450002075,0.693864908,0.081738775,0.267295118,1082.0,209.0
0.9219623742209734,0.574688446,0.096133654,0.27726845,1082.0,209.0
0.9089977456854379,0.411747008,0.109840911,0.260860837,1082.0,209.0
0.8797089361209351,0.22243471,0.129070728,0.223304141,1082.0,209.0
0.8289809956558662,0.0046036705,0.16586190750000002,0.195676858,1082.0,209.0
0.7840763169050842,0.0,0.161193929,0.183058678,1082.0,209.0
0.7224701935266465,0.0,0.140390561,0.125518585,1082.0,209.0
0.6913617902575796,0.0,0.128770778,0.110748453,1082.0,209.0
0.6670690905822853,0.0,0.11645996,0.094087634,1082.0,209.0
0.655950019873573,0.0,0.10209852,0.0766650445,1082.0,209.0
0.6599661665610334,0.0,0.092598732,0.0756386,1082.0,209.0
0.6851676798747761,0.0,0.085736317,0.079402852,1082.0,209.0
0.7244359727569819,0.0,0.078576546,0.08470198,1082.0,209.0
0.7796824616306162,0.0,0.07062883,0.08581501,1082.0,209.0
0.8155347788974217,0.129333247,0.060908405,0.082116144,1082.0,209.0
0.8336029790368821,0.320606074,0.037428426,0.082475077,1082.0,209.0
0.846892193861563,0.513442336,0.029078513,0.089001774,1082.0,209.0
0.8613465854639571,0.680841551,0.023258608,0.09753291,1082.0,209.0
0.8749383791886771,0.798972137,0.029172395,0.165193366,1082.0,209.0
0.8905235784545197,0.837148923,0.039791264,0.255835089,1082.0,209.0
0.9005239456044004,0.805302835,0.054503435,0.337124087,1082.0,209.0
0.9025629581031502,0.748656537,0.064205039,0.387166404,1082.0,209.0
0.9039247034152039,0.621952912,0.074312315,0.421383617,1082.0,209.0
0.9007496389044456,0.454605945,0.091466,0.423756149,1082.0,209.0
0.8891656727606059,0.311387393,0.11724568,0.42209174,1082.0,209.0
0.8626983103765086,0.140480792,0.127716689,0.419483624,1082.0,209.0
0.8275256016220556,0.002886412,0.1424865165,0.3921566595,1082.0,209.0
0.7838203751199717,0.0,0.132288028,0.350373114,1082.0,209.0
0.7054518885459401,0.0,0.131772508,0.344414752,1082.0,209.0
0.6738234073917184,0.0,0.118294743,0.375522108,1082.0,209.0
0.6419582761051472,0.0,0.10821815,0.376739484,1082.0,209.0
0.6291890455223408,0.0,0.1123059975,0.377274856,1082.0,209.0
0.6297540748621613,0.0,0.105861662,0.379579912,1082.0,209.0
0.6342838845046048,0.0,0.0945638395,0.364416128,1082.0,209.0
0.6431819832628937,0.0,0.084390423,0.364107819,1082.0,209.0
0.6707594569272561,0.089304257,0.074767836,0.359353232,1082.0,209.0
0.7088074141346714,0.25737599,0.052061056,0.335913227,1082.0,209.0
0.7239547590259765,0.426156066,0.046904995,0.318395289,1082.0,209.0
0.7303337319645743,0.560397506,0.044210825,0.257827636,1082.0,209.0
0.7340436241923343,0.662417678,0.040416829,0.232805693,1082.0,209.0
0.7436961800576696,0.7031215,0.042008288,0.255274855,1082.0,209.0
0.7442908023795959,0.681226604,0.049990029,0.290390852,1082.0,209.0
0.746799369249402,0.645384512,0.057191168,0.312863577,1082.0,209.0
0.748632542122985,0.557347358,0.066589826,0.329040247,1082.0,209.0
0.7542152203622847,0.452773716,0.080953687,0.324773666,1082.0,209.0
0.7506032379097912,0.312772874,0.094307779,0.302386115,1082.0,209.0
0.7452555710048289,0.157783381,0.09969504,0.277507866,1082.0,209.0
0.7351506216914024,0.002997579,0.09964250350000001,0.212769143,1082.0,209.0
0.7228417913414051,0.0,0.081295658,0.133660758,1082.0,209.0
0.6986978525851305,0.0,0.06150415,0.094555557,1082.0,209.0
0.6670735388411381,0.0,0.062446872,0.072472659,1082.0,209.0
0.6371107867918637,0.0,0.055551368,0.065064738,1082.0,209.0
0.6207025560864894,0.0,0.055116975,0.0757321315,1082.0,209.0
0.6211531232063566,0.0,0.052001022,0.094267783,1082.0,209.0
0.6276820511985352,0.0,0.046891786,0.120671735,1082.0,209.0
0.6382510997761647,0.0,0.043274842,0.140167981,1082.0,209.0
0.6681674958840044,0.107415546,0.039682849,0.150121032,1082.0,209.0
0.7070985131222507,0.299733041,0.026160251,0.133527406,1082.0,209.0
0.7186806999625495,0.492106269,0.022048329,0.135045933,1082.0,209.0
0.7308905201272164,0.671564358,0.026450854,0.13110707,1082.0,209.0
0.7413255108366417,0.801169495,0.029363203,0.127564663,1082.0,209.0
0.7467740373208057,0.847067977,0.032927377,0.126441767,1082.0,209.0
0.7519156771516068,0.848701811,0.036927448,0.140519184,1082.0,209.0
0.7529294240549886,0.768144486,0.042644047,0.158240621,1082.0,209.0
0.7585197815305684,0.672145938,0.047609126,0.164944297,1082.0,209.0
0.7616913811587417,0.532547474,0.054110203,0.149095248,1082.0,209.0
0.7599409002558284,0.347765403,0.057876079,0.140997643,1082.0,209.0
0.7512047901593215,0.175721957,0.066715935,0.148986418,1082.0,209.0
0.7409128478851719,0.002256215,0.0818908065,0.1596419435,1082.0,209.0
0.7239564447674545,0.0,0.08904066199999999,0.166606585,1082.0,209.0
0.6849189488658912,0.0,0.080798089,0.165050716,1082.0,209.0
0.6604509622896366,0.0,0.074198129,0.15442093099999998,1082.0,209.0
0.6509105741808467,0.0,0.069224083,0.167597848,1082.0,209.0
0.6596835348979356,0.0,0.068565741,0.185397968,1082.0,209.0
0.687082373731332,0.0,0.069755337,0.197372289,1082.0,209.0
0.7259691419613399,0.0,0.074929018,0.20857498,1082.0,209.0
0.780335333483952,0.0,0.079017005,0.201303751,1082.0,209.0
0.8155347788974217,0.112098157,0.079326984,0.187627253,1082.0,209.0
0.8342796843638968,0.316568935,0.059944517,0.161028909,1082.0,209.0
0.847949393683476,0.524650075,0.063788102,0.147601443,1082.0,209.0
0.8620296588588947,0.67170309,0.064591865,0.135611185,1082.0,209.0
0.8745908489151895,0.776155965,0.088348285,0.150593925,1082.0,209.0
0.8927503565319674,0.80134094,0.109456513,0.158595472,1082.0,209.0
0.898970220522388,0.778240489,0.12304722,0.161261191,1082.0,209.0
0.8984853076787715,0.693991569,0.132047189,0.174641906,1082.0,209.0
0.8952277386463382,0.563300532,0.143811329,0.201701813,1082.0,209.0
0.8791120195792522,0.429610619,0.155664442,0.209002744,1082.0,209.0
0.8598630031784609,0.294544317,0.156802704,0.19595175,1082.0,209.0
0.8479015392871238,0.155785915,0.140838428,0.22676547,1082.0,209.0
0.8354032810886834,0.003930814,0.137778703,0.228481155,1082.0,209.0
0.8000779717970709,0.0,0.126453756,0.174156908,1082.0,209.0
0.7684607754296771,0.0,0.114725517,0.13723154,1082.0,209.0
0.7113591530743851,0.0,0.084010989,0.092660452,1082.0,209.0
0.6798880486706994,0.0,0.074428426,0.088152306,1082.0,209.0
0.6565180224890617,0.0,0.0649377455,0.0793450255,1082.0,209.0
0.6503511871532232,0.0,0.0528967105,0.067851164,1082.0,209.0
0.6832000276164023,0.0,0.042786598,0.060905181,1082.0,209.0
0.7245251263576373,0.0,0.037239548,0.053639306,1082.0,209.0
0.778254319415689,0.0,0.033429771,0.045143065,1082.0,209.0
0.8142317512519616,0.111131031,0.028340219,0.041149161,1082.0,209.0
0.8295929429592369,0.300306046,0.017440263,0.036849288,1082.0,209.0
0.8360576980155342,0.490228063,0.017056568,0.043162058,1082.0,209.0
0.8540949005236855,0.655938479,0.017817142,0.030529877,1082.0,209.0
0.8596285069227732,0.7595817,0.022025011,0.03890737,1082.0,209.0
0.8684769017284043,0.826111995,0.037145989,0.06809592,1082.0,209.0
0.8798288065042761,0.818714152,0.061220515,0.120615767,1082.0,209.0
0.8859325460049985,0.754932578,0.080671109,0.168360834,1082.0,209.0
0.871013937942171,0.648736058,0.087306563,0.192464918,1082.0,209.0
0.8633313754984319,0.496144206,0.093286996,0.194619698,1082.0,209.0
0.8520793001444623,0.343964113,0.098997675,0.183175454,1082.0,209.0
0.8459782765425173,0.180212307,0.104828309,0.171003902,1082.0,209.0
0.8128915919748616,0.0020179945,0.09975203299999999,0.1345513505,1082.0,209.0
0.7663182811774456,0.0,0.083768298,0.114668791,1082.0,209.0
0.7078286449862672,0.0,0.068945593,0.090847621,1082.0,209.0
0.6681229659459251,0.0,0.0552969195,0.071983415,1082.0,209.0
0.6445515483979734,0.0,0.0408566095,0.07388070299999999,1082.0,209.0
0.6493402731824145,0.0,0.034354091,0.088281847,1082.0,209.0
0.6809838785791698,0.0,0.030306361,0.09534621,1082.0,209.0
0.722984792995649,0.0,0.028133408,0.09990445,1082.0,209.0
0.7772832295035648,0.0,0.025971752,0.101110922,1082.0,209.0
0.8133151180341386,0.122317665,0.024325692,0.106109647,1082.0,209.0
0.8293273553477429,0.340429822,0.015565697,0.094700788,1082.0,209.0
0.8408073714404827,0.549899773,0.011253783,0.091010476,1082.0,209.0
0.8591770267606197,0.724505311,0.009006628,0.073791916,1082.0,209.0
0.8745908489151895,0.84193696,0.013059889,0.079244299,1082.0,209.0
0.8927503565319674,0.862039897,0.020851532,0.099992873,1082.0,209.0
0.9024079696217365,0.828625144,0.027044388,0.133118599,1082.0,209.0
0.9098097732679824,0.771906023,0.029172507,0.159729293,1082.0,209.0
0.9086391648551484,0.686277651,0.03400215,0.171811869,1082.0,209.0
0.9006554282417903,0.554630346,0.041379981,0.17095347,1082.0,209.0
0.8881097839446158,0.388073863,0.050628023,0.157311844,1082.0,209.0
0.8595500293057986,0.198895053,0.0703734,0.140844994,1082.0,209.0
0.8234275358255516,0.0018660835,0.09202571400000001,0.127353305,1082.0,209.0
0.7758732550596037,0.0,0.092497905,0.12419381,1082.0,209.0
0.7132111493031129,0.0,0.094810845,0.117845313,1082.0,209.0
0.6715464335922621,0.0,0.086913726,0.11215507599999999,1082.0,209.0
0.6518505257936988,0.0,0.06656813,0.105640663,1082.0,209.0
0.643431369693523,0.0,0.056815854,0.09567675,1082.0,209.0
0.6495534644142061,0.0,0.051014475,0.08860873,1082.0,209.0
0.6816669987551389,0.0,0.043954074,0.083597316,1082.0,209.0
0.7230406074769047,0.0,0.038006763,0.080442199,1082.0,209.0
0.7772940927738061,0.0,0.034310089,0.084074366,1082.0,209.0
0.8142521666240871,0.114070416,0.031429322,0.092665635,1082.0,209.0
0.8308586983050942,0.330329353,0.022177583,0.093712221,1082.0,209.0
0.8470274225550296,0.546602763,0.019554209,0.091523796,1082.0,209.0
0.8671981290732096,0.721206152,0.018912354,0.06742861,1082.0,209.0
0.8882123292652955,0.842319812,0.034594303,0.060412236,1082.0,209.0
0.9063631276509283,0.847800812,0.060657092,0.078987261,1082.0,209.0
0.9159856223177566,0.820756357,0.085245107,0.121289401,1082.0,209.0
0.9201276093304098,0.79030985,0.102138057,0.161791157,1082.0,209.0
0.9188030425934617,0.674124818,0.110496081,0.18867108,1082.0,209.0
0.911208790879639,0.541770076,0.120052614,0.196071405,1082.0,209.0
0.8954504350365484,0.349388266,0.129853209,0.205649474,1082.0,209.0
0.8614707636006221,0.177840221,0.143619982,0.205364979,1082.0,209.0
0.844036190280332,0.003116295,0.151189019,0.190226832,1082.0,209.0
0.802812887713535,0.0,0.145195049,0.186079409,1082.0,209.0
0.7740051983179744,0.0,0.133404927,0.192236472,1082.0,209.0
0.7130135973925046,0.0,0.145645837,0.202818073,1082.0,209.0
0.6832888064815028,0.0,0.132334588,0.226469529,1082.0,209.0
0.6591679052716338,0.0,0.114063362,0.22877239,1082.0,209.0
0.644345029635678,0.0,0.0989616345,0.2421757355,1082.0,209.0
0.6501151223522876,0.0,0.086584821,0.257907697,1082.0,209.0
0.681509294374948,0.0,0.083429642,0.2656801,1082.0,209.0
0.7230407012014021,0.0,0.079005062,0.265428146,1082.0,209.0
0.777620271079932,0.0,0.071081956,0.239265707,1082.0,209.0
0.8150517390818437,0.109260793,0.06701821,0.18754788,1082.0,209.0
0.8403235823162288,0.335450938,0.040925787,0.158134235,1082.0,209.0
0.856203306835144,0.538809568,0.034932791,0.158030294,1082.0,209.0
0.8837621442684879,0.695402911,0.037090983,0.114231422,1082.0,209.0
0.9075183775912025,0.805630475,0.039296388,0.106123324,1082.0,209.0
0.9202178866504279,0.8415713,0.052569481,0.102471088,1082.0,209.0
0.9247744565860551,0.835633217,0.070996988,0.146811617,1082.0,209.0
0.9248639845973974,0.774002917,0.082691284,0.179777645,1082.0,209.0
0.9197141504516667,0.66594256,0.10067267,0.17840322,1082.0,209.0
0.911208790879639,0.512316068,0.115885556,0.189071461,1082.0,209.0
0.8933063487673362,0.345794482,0.125992928,0.210650321,1082.0,209.0
0.8648745183212607,0.181371439,0.141379149,0.202074838,1082.0,209.0
0.8466265125255718,0.002715313,0.158758085,0.189008745,1082.0,209.0
0.8110594960396096,0.0,0.157347443,0.174320208,1082.0,209.0
0.7816374245341758,0.0,0.148200597,0.15805068,1082.0,209.0
0.7087760887112731,0.0,0.121707682,0.153000049,1082.0,209.0
0.6584241476200011,0.0,0.103433058,0.1388867425,1082.0,209.0
0.6258851203860386,0.0,0.083973552,0.14542359100000002,1082.0,209.0
0.626705084744188,0.0,0.0685606685,0.13641941200000002,1082.0,209.0
0.6299068157424156,0.0,0.056339812,0.133873249,1082.0,209.0
0.6403322541875225,0.0,0.050206093,0.143601624,1082.0,209.0
0.6695386529548474,0.11581629,0.044830751,0.15264078,1082.0,209.0
0.709434672885919,0.358258154,0.034389121,0.145480368,1082.0,209.0
0.7259224580653818,0.563721556,0.022540599,0.127309347,1082.0,209.0
0.7453905186872378,0.728113932,0.023378466,0.120154386,1082.0,209.0
0.75654168751854,0.858425716,0.036785642,0.126957849,1082.0,209.0
0.7639832919953885,0.9179086945,0.060701617,0.1833515865,1082.0,209.0
0.7718233714515412,0.850868531,0.075020252,0.253081479,1082.0,209.0
0.778120682739203,0.750314453,0.079077049,0.28499442,1082.0,209.0
0.7771785303062231,0.612901959,0.083953471,0.292038907,1082.0,209.0
0.770826294026642,0.422262259,0.090055255,0.2729395,1082.0,209.0
0.7637900479193214,0.209086145,0.11343244,0.243496596,1082.0,209.0
0.7447353993951769,0.00125124,0.13097111649999998,0.2248161075,1082.0,209.0
0.7332262117557006,0.0,0.124201411,0.213575682,1082.0,209.0
0.7145360438321503,0.0,0.115766875,0.18860267,1082.0,209.0
0.6621609637121211,0.0,0.109688435,0.168568782,1082.0,209.0
0.6293009323490455,0.0,0.0932295595,0.155499421,1082.0,209.0
0.6293178125046045,0.0,0.081090441,0.170545377,1082.0,209.0
0.6348832594869573,0.0,0.06675335499999999,0.1870106775,1082.0,209.0
0.6420710758929212,0.0,0.055967647,0.197181944,1082.0,209.0
0.6707766884278544,0.119786739,0.048266755,0.199938043,1082.0,209.0
0.7156599683490261,0.372361957,0.035073801,0.197947878,1082.0,209.0
0.7321492519834065,0.585728269,0.022108636,0.195872755,1082.0,209.0
0.7556649018311342,0.749823362,0.021006556,0.175308123,1082.0,209.0
0.7658370674464402,0.871805437,0.029400041,0.213204197,1082.0,209.0
0.7747956398655651,0.935581064,0.046959,0.27749046,1082.0,209.0
0.7818824094869841,0.941574031,0.069511559,0.359622532,1082.0,209.0
0.7873953195028884,0.883757243,0.089163959,0.419729752,1082.0,209.0
0.7876831017900491,0.778022606,0.112110438,0.43842149,1082.0,209.0
0.786600523258508,0.625365063,0.137322775,0.426689996,1082.0,209.0
0.7749702945728626,0.431854829,0.160947339,0.432839349,1082.0,209.0
0.7681947195205648,0.217856365,0.195756432,0.449358165,1082.0,209.0
0.748092142427768,0.001082873,0.246977473,0.44147066150000003,1082.0,209.0
0.7379040564802208,0.0,0.268154911,0.493768382,1082.0,209.0
0.743791561220719,0.0,0.259722199,0.530341296,1082.0,209.0
0.7035559946540132,0.0,0.2405156035,0.5463960375,1082.0,209.0
0.6695640316644754,0.0,0.23914715050000002,0.5280768005,1082.0,209.0
0.6814822299238419,0.0,0.249448699,0.547194806,1082.0,209.0
0.7291833985807711,0.0,0.257374215,0.540497192,1082.0,209.0
0.7814576190403815,0.0,0.256340869,0.533010844,1082.0,209.0
0.8171378568307041,0.099313453,0.259317632,0.531490559,1082.0,209.0
0.844987567185541,0.325850282,0.244945239,0.515484419,1082.0,209.0
0.8568035011352855,0.521839421,0.229059015,0.493746714,1082.0,209.0
0.8743984008476126,0.682049009,0.176026287,0.443405207,1082.0,209.0
0.8945804389336519,0.810193809,0.174930638,0.457051145,1082.0,209.0
0.9063631276509283,0.886326529,0.174042158,0.452094764,1082.0,209.0
0.9151241481594449,0.908221131,0.17776245,0.458583571,1082.0,209.0
0.9202613397313931,0.871444697,0.183740087,0.479961688,1082.0,209.0
0.9206254457588663,0.77614178,0.197094046,0.522786449,1082.0,209.0
0.9193008788594841,0.633739776,0.216205191,0.574781626,1082.0,209.0
0.9019809315739749,0.442451582,0.240133939,0.595685099,1082.0,209.0
0.8801334455564799,0.224263239,0.278241707,0.587223593,1082.0,209.0
0.8542834154110593,0.001924136,0.317643692,0.572477878,1082.0,209.0
0.8145440695404453,0.0,0.321607548,0.548781953,1082.0,209.0
0.7933155076161736,0.0,0.317876766,0.522797204,1082.0,209.0
0.7428619108559927,0.0,0.289411907,0.456914301,1082.0,209.0
0.7017926603378072,0.0,0.268436366,0.463376644,1082.0,209.0
0.6695721791983735,0.0,0.253677249,0.483150704,1082.0,209.0
0.6558834122124063,0.0,0.23513973700000002,0.5103294685,1082.0,209.0
0.6599661665610334,0.0,0.226198155,0.541326727,1082.0,209.0
0.6870812500119693,0.0,0.217248582,0.547048559,1082.0,209.0
0.7244359727569819,0.0,0.208912311,0.550453823,1082.0,209.0
0.7792585609982184,0.0,0.1991667,0.564217232,1082.0,209.0
0.8142317512519616,0.095552783,0.186321471,0.583782915,1082.0,209.0
0.8304318477063269,0.348254973,0.149853001,0.601051258,1082.0,209.0
0.8425445543478692,0.542116776,0.125937219,0.602072398,1082.0,209.0
0.8556581778700163,0.692267866,0.104516537,0.559655545,1082.0,209.0
0.866677910682526,0.795688113,0.104613823,0.563881344,1082.0,209.0
0.8742459408159818,0.84601631,0.103462006,0.546939963,1082.0,209.0
0.8864635339414261,0.859191513,0.105733546,0.543122906,1082.0,209.0
0.8881592305203829,0.799996915,0.110997852,0.555280044,1082.0,209.0
0.892051456529286,0.708623361,0.121730185,0.563703547,1082.0,209.0
0.8873851304967516,0.563179489,0.143493786,0.571372833,1082.0,209.0
0.8691872268610082,0.385591161,0.170975904,0.571859728,1082.0,209.0
0.8514617807816592,0.193465362,0.21375227,0.575945156,1082.0,209.0
0.8421319381774309,0.001672029,0.259262882,0.598340439,1082.0,209.0
0.800154951121562,0.0,0.281014623,0.615406012,1082.0,209.0
0.7718093709283701,0.0,0.291207811,0.619139719,1082.0,209.0
0.7131447991812708,0.0,0.232869723,0.577181286,1082.0,209.0
0.6811227596042161,0.0,0.230749216,0.571964115,1082.0,209.0
0.6587596907414509,0.0,0.229622688,0.583083427,1082.0,209.0
0.6490805854224422,0.0,0.227309534,0.5823587029999999,1082.0,209.0
0.6579887281331834,0.0,0.227664004,0.593295286,1082.0,209.0
0.6870437904258062,0.0,0.236281838,0.591733254,1082.0,209.0
0.7263653227208874,0.0,0.242761758,0.582333666,1082.0,209.0
0.7804386279508734,0.0,0.254807748,0.567535113,1082.0,209.0
0.8153014063610966,0.044667231,0.258344598,0.558387746,1082.0,209.0
0.8323847970763194,0.227830108,0.258620288,0.553197258,1082.0,209.0
0.8430062421960854,0.387897566,0.2877262,0.541576687,1082.0,209.0
0.8529695244953579,0.50266877,0.228082938,0.532657128,1082.0,209.0
0.8579377738437529,0.586013499,0.25950071,0.497329943,1082.0,209.0
0.86666751579112,0.654972266,0.27167698500000004,0.5024680425,1082.0,209.0
0.8740391645955786,0.647313039,0.269483801,0.514887699,1082.0,209.0
0.8700287539448126,0.559358261,0.267581842,0.506062455,1082.0,209.0
0.8682456832311753,0.439597419,0.27552906,0.502580239,1082.0,209.0
0.8554062629896042,0.295796155,0.280129258,0.488183587,1082.0,209.0
0.8467027425413871,0.1420241,0.28109993,0.468243904,1082.0,209.0
0.815759488821199,0.000647577,0.279944077,0.4373500025,1082.0,209.0
0.7677541026286526,0.0,0.250076035,0.412933669,1082.0,209.0
0.7096841998220771,0.0,0.230388907,0.412176448,1082.0,209.0
0.6735604887355361,0.0,0.209879947,0.391703426,1082.0,209.0
0.6504922923076958,0.0,0.203855126,0.374055067,1082.0,209.0
0.638690873959772,0.0,0.188130724,0.362387783,1082.0,209.0
0.6360555066165865,0.0,0.176647347,0.352662713,1082.0,209.0
0.6478338874181045,0.0,0.173471985,0.339080951,1082.0,209.0
0.6804548104518122,0.0,0.176366251,0.328201359,1082.0,209.0
0.7225209511083367,0.0,0.175969842,0.322672166,1082.0,209.0
0.7770000359807858,0.0,0.171412657,0.319155966,1082.0,209.0
0.8129364028427812,0.070071695,0.159082039,0.305005473,1082.0,209.0
0.8291489545843687,0.3021289,0.132429416,0.285725918,1082.0,209.0
0.8344092941356824,0.498059486,0.127873761,0.258991826,1082.0,209.0
0.8500667902371373,0.672753188,0.10249494,0.228331716,1082.0,209.0
0.8569262745415303,0.787023934,0.098475141,0.208057727,1082.0,209.0
0.866166495328702,0.8342526545,0.094047259,0.197531859,1082.0,209.0
0.8742944509589468,0.777301382,0.091941647,0.219404594,1082.0,209.0
0.876696820338928,0.663887391,0.094680073,0.222518866,1082.0,209.0
0.8720015568272492,0.556118774,0.098401071,0.219421539,1082.0,209.0
0.8618906842717854,0.364408665,0.098521757,0.219040562,1082.0,209.0
0.8480955793716813,0.172669976,0.107408684,0.220889749,1082.0,209.0
0.8372322397710055,0.001152095,0.122381932,0.227042087,1082.0,209.0
0.7786015452876032,0.0,0.123057649,0.2143706615,1082.0,209.0
0.707178489194143,0.0,0.098683244,0.191334956,1082.0,209.0
0.669896133293856,0.0,0.08416418,0.190315804,1082.0,209.0
0.6439845992490829,0.0,0.073037764,0.195118422,1082.0,209.0
0.6362293186155791,0.0,0.065283919,0.184261675,1082.0,209.0
0.6478338874181045,0.0,0.058446347,0.166437869,1082.0,209.0
0.6806320873333898,0.0,0.054973506,0.158178286,1082.0,209.0
0.7227435539364836,0.0,0.051686061,0.155703791,1082.0,209.0
0.7770000359807858,0.0,0.050235728,0.157036728,1082.0,209.0
0.8129056860600958,0.081405951,0.048029638,0.156948492,1082.0,209.0
0.8293273553477429,0.333969357,0.032520378,0.155499058,1082.0,209.0
0.8360576980155342,0.542038085,0.026203888,0.16800624,1082.0,209.0
0.8570887549726633,0.702245391,0.026710488,0.162061375,1082.0,209.0
0.8698989568864665,0.822717383,0.038542342,0.191190724,1082.0,209.0
0.8863414161193599,0.870306386,0.047183522,0.222228188,1082.0,209.0
0.8979534768716051,0.870256185,0.054596323,0.271231525,1082.0,209.0
0.9042537849066677,0.828642997,0.062637628,0.347951721,1082.0,209.0
0.9061776095109554,0.728892131,0.070044552,0.394391616,1082.0,209.0
0.8982730060987506,0.586570601,0.081656508,0.405310651,1082.0,209.0
0.8685119262644138,0.405029709,0.09494469,0.399281496,1082.0,209.0
0.8488506685911734,0.179719221,0.120591963,0.391774694,1082.0,209.0
0.8315972117706008,0.0,0.148910363,0.398215857,1082.0,209.0
0.7901623567700243,0.0,0.169188579,0.432217425,1082.0,209.0
0.7602701688714186,0.0,0.179800273,0.438279594,1082.0,209.0
0.6874906350425465,0.0,0.146547154,0.366005652,1082.0,209.0
0.65686068298711,0.0,0.139056909,0.379386112,1082.0,209.0
0.624173363212963,0.0,0.133590618,0.38496156,1082.0,209.0
0.6083895818792128,0.0,0.122164491,0.3501351835,1082.0,209.0
0.6175388229811565,0.0,0.10582710149999999,0.285052664,1082.0,209.0
0.6271337381994463,0.0,0.095639272,0.285731367,1082.0,209.0
0.6371083051231125,0.0,0.090054383,0.300989698,1082.0,209.0
0.6671260758888033,0.090199951,0.083038199,0.312141798,1082.0,209.0
0.706639868802467,0.372755337,0.05644904,0.303008483,1082.0,209.0
0.7174773613958968,0.582610231,0.045576705,0.315624938,1082.0,209.0
0.7307995873854539,0.755095183,0.036258676,0.289646294,1082.0,209.0
0.7366390034995737,0.868237504,0.043226835,0.34441537,1082.0,209.0
0.744259523737229,0.918426781,0.050387317,0.399699215,1082.0,209.0
0.7448192149227748,0.914371513,0.060516574,0.443700696,1082.0,209.0
0.74764885641811,0.840452524,0.059491291,0.473666679,1082.0,209.0
0.7473287653312831,0.731424361,0.06958343,0.493372772,1082.0,209.0
0.7535600542891923,0.588949744,0.081822304,0.489958589,1082.0,209.0
0.7454838864791542,0.398552689,0.094359,0.457576909,1082.0,209.0
0.7409957269799677,0.168285517,0.113524234,0.413455858,1082.0,209.0
0.7280616513310729,0.0,0.12220866799999999,0.35597113199999997,1082.0,209.0
0.713845993566143,0.0,0.112743628,0.296698509,1082.0,209.0
0.6832846860147394,0.0,0.09380275,0.229073501,1082.0,209.0
0.6378626685056615,0.0,0.076258364,0.21152904649999998,1082.0,209.0
0.6097726790774112,0.0,0.061716845,0.2013583345,1082.0,209.0
0.6186980530450994,0.0,0.049720263,0.16192087500000002,1082.0,209.0
0.6273895862600615,0.0,0.045290574,0.143319367,1082.0,209.0
0.6375829165561688,0.0,0.041352986,0.131577733,1082.0,209.0
0.6674964562597022,0.078293682,0.035643408,0.122634181,1082.0,209.0
0.7067316913584343,0.343409765,0.022331816,0.111690441,1082.0,209.0
0.7174116668582334,0.549283104,0.018642461,0.101156234,1082.0,209.0
0.7286655213533099,0.720983052,0.020527833,0.086547001,1082.0,209.0
0.7344801206174829,0.835405942,0.031798175,0.109486242,1082.0,209.0
0.7460543941539097,0.903325365,0.053550914,0.140774371,1082.0,209.0
0.7489273948432785,0.894715024,0.082205654,0.164393724,1082.0,209.0
0.7541824432650005,0.837188787,0.109705807,0.178535514,1082.0,209.0
0.7564696716939854,0.730213844,0.130781868,0.196324179,1082.0,209.0
0.7577569195127334,0.580714684,0.15467316,0.205664245,1082.0,209.0
0.7495755842077354,0.391934641,0.180290752,0.216132854,1082.0,209.0
0.7423351371108259,0.149484194,0.216479521,0.197883787,1082.0,209.0
0.7363276216438921,0.0,0.232496351,0.177367077,1082.0,209.0
0.721693237261143,0.0,0.230282137,0.18202917000000002,1082.0,209.0
0.7095461148867384,0.0,0.205484065,0.16165736,1082.0,209.0
0.6806281541531867,0.0,0.205939572,0.193016643,1082.0,209.0
0.6573992564353202,0.0,0.208411597,0.244400904,3673.0,710.0
0.6445961718981157,0.0,0.22601590500000002,0.25976654050000003,3673.0,710.0
0.651675449732249,0.0,0.251813072,0.276612517,3673.0,710.0
0.6850437825867347,0.0,0.268390131,0.278459387,3673.0,710.0
0.7290244767567203,0.0,0.280051768,0.317212597,3673.0,710.0
0.7833315758771837,0.0,0.292902574,0.343775716,3673.0,710.0
0.8167488402287868,0.062598626,0.29974269,0.315838828,3673.0,710.0
0.8283185717818633,0.330896745,0.291358291,0.307066559,3673.0,710.0
0.8292546839390098,0.541334076,0.290548927,0.31790144,3673.0,710.0
0.8318802181692534,0.710846157,0.24689573,0.268177962,3673.0,710.0
0.8357617681944756,0.836537716,0.263196058,0.318995328,3673.0,710.0
0.837443885766848,0.896896875,0.279486834,0.366178688,3673.0,710.0
0.83605198553179,0.900344298,0.297187885,0.426686364,3673.0,710.0
0.8350500383314514,0.870475843,0.324673753,0.483950212,3673.0,710.0
0.8346629883196357,0.753950204,0.349181933,0.532817706,3673.0,710.0
0.8353824911434371,0.611831077,0.372934893,0.566918328,3673.0,710.0
0.8318502505328096,0.418233917,0.380066065,0.56903517,3673.0,710.0
0.8275915771707767,0.170609432,0.400139067,0.558485479,3673.0,710.0
0.8208049515616773,0.0,0.431754831,0.538299036,3673.0,710.0
0.7886920726424891,0.0,0.442562525,0.511719231,3673.0,710.0
0.7562769895588165,0.0,0.43502449,0.480102785,3673.0,710.0
0.6884502062626848,0.0,0.371255305,0.40967514,3673.0,710.0
0.6592048028356816,0.0,0.360874187,0.434079649,3673.0,710.0
0.6365082980283143,0.0,0.3551361795,0.43937442550000005,3673.0,710.0
0.6416424928528615,0.0,0.35493960700000005,0.40913848399999997,3673.0,710.0
0.6850351669176526,0.0,0.360515033,0.384872109,3673.0,710.0
0.7303964297548367,0.0,0.359148314,0.378048487,3673.0,710.0
0.7853536848298587,0.0,0.354379351,0.417000371,3673.0,710.0
0.820480833407716,0.067522324,0.346838275,0.459654734,3673.0,710.0
0.8287394288858287,0.367598786,0.297994799,0.465668487,3673.0,710.0
0.8283876845835143,0.579765939,0.27907787,0.446506275,3673.0,710.0
0.8299518046381499,0.755214653,0.238972679,0.35292964,3673.0,710.0
0.832754147452353,0.874141924,0.232924311,0.346661423,3673.0,710.0
0.836021549597728,0.946110969,0.223885862,0.375980095,3673.0,710.0
0.8364552367244703,0.954721657,0.212223124,0.377581979,3673.0,710.0
0.840276758077176,0.899064516,0.203939248,0.375206267,3673.0,710.0
0.8417312155969674,0.800486607,0.193149739,0.378670887,3673.0,710.0
0.8417704543242377,0.644357262,0.193519803,0.395289189,3673.0,710.0
0.8356432089794917,0.441381882,0.191175126,0.414513208,3673.0,710.0
0.8324132662578456,0.167360581,0.217641447,0.43376018,3673.0,710.0
0.8062062472991163,0.0,0.243274539,0.4562164095,3673.0,710.0
0.7586982760184399,0.0,0.24810662,0.463186895,3673.0,710.0
0.6983601555870187,0.0,0.225340714,0.443387452,3673.0,710.0
0.6504707999972392,0.0,0.22157980049999998,0.46183140050000004,3673.0,710.0
0.6339973664423356,0.0,0.20577063,0.48966105699999996,3673.0,710.0
0.6484570257025887,0.0,0.195833286,0.511818621,3673.0,710.0
0.6838652140889971,0.0,0.186183737,0.52506347,3673.0,710.0
0.729045453988527,0.0,0.177083189,0.523908268,3673.0,710.0
0.7835583461155599,0.0,0.167418543,0.514704463,3673.0,710.0
0.8168893132708137,0.070578573,0.160553267,0.501352428,3673.0,710.0
0.8283185717818633,0.380545676,0.123023651,0.477204277,3673.0,710.0
0.829652316210009,0.602349607,0.089536231,0.44332187,3673.0,710.0
0.8349847651479405,0.773565514,0.078158312,0.418714635,3673.0,710.0
0.8393854100069179,0.889381032,0.078586719,0.40909674,3673.0,710.0
0.8434871281350014,0.951297423,0.078960839,0.409736289,3673.0,710.0
0.8464868823542838,0.957087719,0.081363882,0.412133668,3673.0,710.0
0.8581018462918667,0.906610165,0.087842108,0.42902006,3673.0,710.0
0.8558346118808549,0.801701551,0.097563221,0.462139328,3673.0,710.0
0.8470408142750537,0.647325474,0.107773662,0.487367812,3673.0,710.0
0.8370194698933663,0.439185598,0.118938055,0.488673597,3673.0,710.0
0.8309139510891027,0.155244022,0.149274738,0.48125565,3673.0,710.0
0.8224346256484475,0.0,0.165613757,0.469187689,3673.0,710.0
0.789184102862704,0.0,0.169482499,0.457254302,3673.0,710.0
0.7585933893721037,0.0,0.161763521,0.450183552,3673.0,710.0
0.6888218510209092,0.0,0.144426055,0.433477494,3673.0,710.0
0.6594584504010376,0.0,0.123019152,0.414556019,3673.0,710.0
0.6396199156837854,0.0,0.107390245,0.393977755,3673.0,710.0
0.633927387460647,0.0,0.0868653515,0.375347843,3673.0,710.0
0.6487042582565561,0.0,0.070670657,0.360210614,3673.0,710.0
0.6842853688277523,0.0,0.064129176,0.351188473,3673.0,710.0
0.7293436781917765,0.0,0.057917985,0.337569491,3673.0,710.0
0.7843364728814576,0.0,0.053253109,0.324941298,3673.0,710.0
0.818017124186861,0.066628277,0.049423122,0.321101642,3673.0,710.0
0.8281001831449774,0.383242972,0.036073716,0.31132834,3673.0,710.0
0.8293460849783904,0.604715802,0.023423423,0.295201419,3673.0,710.0
0.8342484057215301,0.776823104,0.02038867,0.297256052,3673.0,710.0
0.8392863297312574,0.892493681,0.024301313,0.273895497,3673.0,710.0
0.8411257769482657,0.954626095,0.03265846,0.250558447,3673.0,710.0
0.843338695008071,0.959565219,0.041433813,0.240370422,3673.0,710.0
0.8458984877571856,0.907898825,0.05130792,0.257389605,3673.0,710.0
0.8452803129726382,0.799774261,0.063475215,0.275747587,3673.0,710.0
0.8431933523530389,0.64281037,0.081426248,0.281595749,3673.0,710.0
0.8354853173127402,0.436509092,0.099915736,0.257841833,3673.0,710.0
0.8309139510891027,0.145194894,0.129537048,0.224380288,3673.0,710.0
0.8218277822693254,0.0,0.139611434,0.191573897,3673.0,710.0
0.7895976553035102,0.0,0.135714946,0.166301763,3673.0,710.0
0.7607105986392045,0.0,0.131545462,0.156259435,3673.0,710.0
0.6955943356013086,0.0,0.10293916,0.149216234,3673.0,710.0
0.6616502507235072,0.0,0.100701217,0.129054442,3673.0,710.0
0.6368115558218306,0.0,0.095582781,0.11280912200000001,3673.0,710.0
0.6338370633595973,0.0,0.086077885,0.106579301,3673.0,710.0
0.6487042582565561,0.0,0.080196866,0.110407998,3673.0,710.0
0.6842853688277523,0.0,0.076982542,0.118687313,3673.0,710.0
0.7293008339139583,0.0,0.075540744,0.129760143,3673.0,710.0
0.7838583964033821,0.0,0.071175713,0.143090526,3673.0,710.0
0.8176134984210598,0.052141772,0.069314334,0.155622576,3673.0,710.0
0.8281001831449774,0.365014181,0.055102492,0.163294875,3673.0,710.0
0.8289342181166279,0.584535682,0.044278005,0.164732891,3673.0,710.0
0.8327710042173961,0.751347144,0.046221387,0.141976323,3673.0,710.0
0.8371540430026544,0.873531966,0.054483348,0.135529316,3673.0,710.0
0.8384320665116074,0.93416236,0.062616337,0.140811335,3673.0,710.0
0.8418472461997344,0.93599524,0.068855819,0.161641002,3673.0,710.0
0.8454199431439261,0.869633751,0.077643804,0.187359759,3673.0,710.0
0.8487297680505329,0.759256609,0.089310998,0.21684974,3673.0,710.0
0.8448890487695617,0.596257386,0.102653737,0.223414584,3673.0,710.0
0.8355009566339237,0.394413738,0.113168025,0.219854347,3673.0,710.0
0.8312571734468325,0.126008575,0.139587636,0.215819425,3673.0,710.0
0.806143643152134,0.0,0.1544201415,0.23414093200000002,3673.0,710.0
0.7602925977771113,0.0,0.142868569,0.234418566,3673.0,710.0
0.6822545506439323,0.0,0.120800478,0.250931969,3673.0,710.0
0.6474268903317816,0.0,0.106913294,0.247753096,3673.0,710.0
0.611650639265964,0.0,0.0924749715,0.2608666085,3673.0,710.0
0.6037783681251582,0.0,0.089840809,0.268146811,3673.0,710.0
0.6166961722592067,0.0,0.09447709100000001,0.29968888650000003,3673.0,710.0
0.6284372809235561,0.0,0.099701179,0.36126018,3673.0,710.0
0.6388075601467175,0.0,0.105649196,0.385238535,3673.0,710.0
0.6726993893127795,0.045105805,0.110014197,0.402836415,3673.0,710.0
0.7018331165089372,0.332448562,0.099442479,0.430589826,3673.0,710.0
0.7091024073604938,0.553752211,0.088102742,0.456531693,3673.0,710.0
0.7108886622705265,0.720873006,0.115980168,0.456985044,3673.0,710.0
0.7136993397427538,0.832819813,0.179793724,0.48532286,3673.0,710.0
0.7142315452854753,0.879440261,0.238365872,0.516481058,3673.0,710.0
0.7177388753216588,0.866614794,0.293468615,0.562844809,3673.0,710.0
0.7189882889811227,0.805053762,0.335885029,0.600905606,3673.0,710.0
0.7229102017778458,0.684799642,0.358631197,0.62856475,3673.0,710.0
0.7268778150942595,0.538063261,0.384079093,0.645317603,3673.0,710.0
0.7264958689254752,0.350510589,0.374882294,0.643770224,3673.0,710.0
0.7251372140853196,0.10217864,0.372016218,0.628825496,3673.0,710.0
0.722731285935822,0.0,0.378200538,0.61218559,3673.0,710.0
0.7133000218114935,0.0,0.37153067100000003,0.604527834,3673.0,710.0
0.686325458264833,0.0,0.340549553,0.603589787,3673.0,710.0
0.6517190899373405,0.0,0.326779005,0.569155242,3673.0,710.0
0.6137313255421377,0.0,0.3421113885,0.588449115,3673.0,710.0
0.6082160274195452,0.0,0.3319019215,0.569799166,3673.0,710.0
0.6249095822150617,0.0,0.30971647,0.521792533,3673.0,710.0
0.6386827265883082,0.0,0.302988525,0.52129177,3673.0,710.0
0.674511022770006,0.042021714,0.299491208,0.528779256,3673.0,710.0
0.7112508952699612,0.3308191,0.282485483,0.508867925,3673.0,710.0
0.7119959640899511,0.539811804,0.309972795,0.498457158,3673.0,710.0
0.708918340894407,0.681274339,0.270832826,0.400585831,3673.0,710.0
0.7084870420367869,0.778472506,0.278720522,0.399569634,3673.0,710.0
0.7080853828610871,0.826308409,0.28593568,0.389264282,3673.0,710.0
0.7073735592735658,0.832705875,0.293460909,0.401532559,3673.0,710.0
0.7077622013023622,0.775544894,0.305834641,0.425342985,3673.0,710.0
0.7139895570800682,0.688044181,0.316047652,0.500995216,3673.0,710.0
0.7208740455209682,0.554663864,0.317794411,0.554663497,3673.0,710.0
0.7227354533460513,0.373607937,0.31744483,0.59456772,3673.0,710.0
0.7235542705131051,0.109024646,0.330098051,0.602245294,3673.0,710.0
0.7219005285601958,0.0,0.346902703,0.579861696,3673.0,710.0
0.719889797956412,0.0,0.348135599,0.538838645,3673.0,710.0
0.7066319554985951,0.0,0.334332739,0.481800775,3673.0,710.0
0.6874135623184262,0.0,0.2875536,0.370007649,3673.0,710.0
0.6586427235434478,0.0,0.275426778,0.342768682,3673.0,710.0
0.6392553881397256,0.0,0.251503142,0.320332761,3673.0,710.0
0.633636280471562,0.0,0.229549243,0.291916986,3673.0,710.0
0.6340165408988684,0.0,0.215079616,0.264487962,3673.0,710.0
0.6500313536057213,0.0,0.202385168,0.250161573,3673.0,710.0
0.6856884601251408,0.0,0.199926584,0.251621387,3673.0,710.0
0.7318955577994533,0.0,0.194981001,0.241515636,3673.0,710.0
0.787248197381881,0.0,0.193785094,0.233218336,3673.0,710.0
0.8280242339777855,0.02455556,0.188481714,0.223664449,3673.0,710.0
0.8329852723875187,0.265361154,0.16114256,0.210195862,3673.0,710.0
0.8294223149942057,0.443268017,0.158268211,0.184352046,3673.0,710.0
0.828492009207735,0.57991489,0.123164833,0.137498531,3673.0,710.0
0.8286461548184096,0.680066523,0.117018731,0.127453496,3673.0,710.0
0.8289190470930626,0.708168799,0.108789315,0.144419037,3673.0,710.0
0.8282500210023279,0.707099194,0.107841455,0.206980691,3673.0,710.0
0.8279716970925542,0.673321944,0.113121997,0.30362357,3673.0,710.0
0.8277231535326639,0.580854046,0.1196549,0.373501904,3673.0,710.0
0.8290977287050605,0.462334459,0.123123111,0.389546107,3673.0,710.0
0.8283521915874525,0.315400789,0.1304138,0.400836427,3673.0,710.0
0.825540577519989,0.093228376,0.147554627,0.425397788,3673.0,710.0
0.8194037800733587,0.0,0.175012474,0.431785246,3673.0,710.0
0.7891477671583375,0.0,0.18576129,0.424063044,3673.0,710.0
0.7557857086472772,0.0,0.178310717,0.405590072,3673.0,710.0
0.6730301563832872,0.0,0.152823561,0.349300675,3673.0,710.0
0.6355482742395966,0.0,0.15840717166666665,0.33083666566666664,3673.0,710.0
0.6494831341686954,0.0,0.157040032,0.298508166,3673.0,710.0
0.6850351669176526,0.0,0.158227795,0.303761664,3673.0,710.0
0.7302566122969883,0.0,0.152609117,0.288416289,3673.0,710.0
0.7849935587636201,0.0,0.146592478,0.256101883,3673.0,710.0
0.8203696725803885,0.020943261,0.137498906,0.23641531,3673.0,710.0
0.8317813250177191,0.282675204,0.109389592,0.225023423,3673.0,710.0
0.8286204015356607,0.486371447,0.094645962,0.212213773,3673.0,710.0
0.8286749985730567,0.625355588,0.110009827,0.215238967,3673.0,710.0
0.8294723702106856,0.7497071904999999,0.126956629,0.249387945,3673.0,710.0
0.8296603700194097,0.735086859,0.144333638,0.330667459,3673.0,710.0
0.8304443967180463,0.679143735,0.161827969,0.385320663,3673.0,710.0
0.8301463128578915,0.581190366,0.17482869,0.413748082,3673.0,710.0
0.8301869564780161,0.424945134,0.182214792,0.425717907,3673.0,710.0
0.8282820487909365,0.288572983,0.189242391,0.444527869,3673.0,710.0
0.8258133762325789,0.073178813,0.206764358,0.455602063,3673.0,710.0
0.8194444236934835,0.0,0.23441775,0.430201264,3673.0,710.0
0.7887495730276569,0.0,0.238785022,0.37844783,3673.0,710.0
0.7557938092377097,0.0,0.239275912,0.342119688,3673.0,710.0
0.6877281282080692,0.0,0.199162392,0.244474045,3673.0,710.0
0.658751543369987,0.0,0.186223851,0.201815339,3673.0,710.0
0.6392524851168219,0.0,0.187130296,0.202051603,3673.0,710.0
0.6336388090837789,0.0,0.175098922,0.21297523,3673.0,710.0
0.6338370633595973,0.0,0.156520144,0.193186183,3673.0,710.0
0.6487042582565561,0.0,0.148358416,0.162594153,3673.0,710.0
0.6840299421212894,0.0,0.145285144,0.168195668,3673.0,710.0
0.7289775120121385,0.0,0.152031523,0.191344874,3673.0,710.0
0.7835583461155599,0.0,0.150682982,0.196813388,3673.0,710.0
0.8175695772049105,0.014679877,0.147706467,0.200240126,3673.0,710.0
0.8291049396437222,0.216117459,0.134405658,0.215481816,3673.0,710.0
0.82856037270071,0.353434676,0.141263315,0.231410125,3673.0,710.0
0.8284559543519922,0.486969459,0.179618365,0.252199331,3673.0,710.0
0.8283439506539255,0.551015616,0.223040956,0.274950918,3673.0,710.0
0.8284117522872193,0.613631691,0.28213787,0.318684677,3673.0,710.0
0.8277283978812241,0.620083604,0.320009236,0.296457458,3673.0,710.0
0.8275957913620375,0.595244571,0.329959849,0.254901528,3673.0,710.0
0.8275671348939508,0.519836721,0.321409637,0.227411953,3673.0,710.0
0.8291587876973106,0.342824118,0.305385561,0.222979373,3673.0,710.0
0.8278269162972033,0.233895502,0.266343076,0.267178471,3673.0,710.0
0.8257321827168268,0.041248244,0.257044011,0.304949435,3673.0,710.0
0.8194444236934835,0.0,0.277931459,0.334386641,3673.0,710.0
0.7883927715009086,0.0,0.296605732,0.346672071,3673.0,710.0
0.7561628318216539,0.0,0.305722981,0.372444023,3673.0,710.0
0.6896962955450926,0.0,0.367004202,0.429156624,3673.0,710.0
0.6613274437379031,0.0,0.345681711,0.486653281,3673.0,710.0
0.6362816058395411,0.0,0.35086908033333336,0.56435592,3673.0,710.0
0.6491302659845842,0.0,0.356352928,0.561247916,3673.0,710.0
0.6844258886508108,0.0,0.350903465,0.520154137,3673.0,710.0
0.7287401593521446,0.0,0.349499407,0.363790967,3673.0,710.0
0.7832530514791775,0.0,0.349727559,0.27739547,3673.0,710.0
0.8167482783691055,0.017529499,0.32874067,0.294076155,3673.0,710.0
0.8280794867617941,0.103829284,0.32479465,0.351236911,3673.0,710.0
0.828492009207735,0.185871519,0.321307418,0.35025677,3673.0,710.0
0.829163282737195,0.271750156,0.325217644,0.343798072,3673.0,710.0
0.8290265557512448,0.351802208,0.384333386,0.443260527,3673.0,710.0
0.8294414193604082,0.397810756,0.41722641,0.463767977,3673.0,710.0
0.82891530119942,0.400096522,0.419462872,0.448581041,3673.0,710.0
0.8290398539092059,0.379540543,0.407466741,0.410679352,3673.0,710.0
0.8289868487263565,0.334649358,0.38221503,0.387488951,3673.0,710.0
0.8301596110158524,0.256432539,0.364146003,0.363841099,3673.0,710.0
0.8286366962785886,0.18021155,0.317438504,0.339407685,3673.0,710.0
0.8234119900664313,0.0178619205,0.2803167905,0.3626628575,3673.0,710.0
0.7885376460207567,0.0,0.272021055,0.385142482,3673.0,710.0
0.7562769895588165,0.0,0.267676796,0.398564291,3673.0,710.0
0.6902158114081318,0.0,0.273073362,0.399223854,3673.0,710.0
0.651586717566963,0.0,0.269149543,0.3952947615,3673.0,710.0
0.637066935828479,0.0,0.2458101585,0.36276761550000003,3673.0,710.0
0.6499405144260219,0.0,0.230310173,0.365725986,3673.0,710.0
0.6846924596385726,0.0,0.219616258,0.370455545,3673.0,710.0
0.7287609494598251,0.0,0.214678906,0.378125266,3673.0,710.0
0.7832388168884143,0.0,0.21148777,0.383893567,3673.0,710.0
0.8165689411729292,0.017243202,0.207021555,0.39052117,3673.0,710.0
0.8283185717818633,0.206775573,0.195152412,0.400217207,3673.0,710.0
0.829221344982044,0.387694045,0.203715935,0.393467327,3673.0,710.0
0.8304915955302199,0.572445317,0.198306165,0.379987806,3673.0,710.0
0.8311395506646507,0.684987601,0.242540744,0.413422698,3673.0,710.0
0.8321162127174244,0.731511704,0.266466042,0.429070602,3673.0,710.0
0.8315425210087075,0.693648238,0.276299753,0.440408275,3673.0,710.0
0.8319457722013879,0.613190728,0.263115565,0.454627519,3673.0,710.0
0.8317785155568787,0.519341719,0.238609682,0.446220859,3673.0,710.0
0.8324705793564531,0.433192847,0.214542728,0.428151912,3673.0,710.0
0.8299115357535802,0.251860833,0.191885838,0.41988534,3673.0,710.0
0.826681499307437,0.031109846,0.190547874,0.432880604,3673.0,710.0
0.8050217320876085,0.0,0.17035114950000002,0.453078417,3673.0,710.0
0.7597225114565082,0.0,0.157575513,0.450079132,3673.0,710.0
0.6863766841441413,0.0,0.154777125,0.407822474,3673.0,710.0
0.6539704977406087,0.0,0.154741815,0.41926038,3673.0,710.0
0.6173919818712068,0.0,0.1622707385,0.4412650575,3673.0,710.0
0.6050924931084516,0.0,0.177898297,0.46120867,3673.0,710.0
0.6175281938597241,0.0,0.19416246399999998,0.4764902265,3673.0,710.0
0.6272854021413695,0.0,0.2060216,0.484797242,3673.0,710.0
0.6372906390666897,0.0,0.202982575,0.475404543,3673.0,710.0
0.6651894212617389,0.013364538,0.19649725,0.461037157,3673.0,710.0
0.7017983728215514,0.218673455,0.183909693,0.450842224,3673.0,710.0
0.7091024073604938,0.423975429,0.150339711,0.427432672,3673.0,710.0
0.7096379842237371,0.597077709,0.147075853,0.398387528,3673.0,710.0
0.7106896588484665,0.728101963,0.182009328,0.422631248,3673.0,710.0
0.7121993689898324,0.787387489,0.20243551,0.436218442,3673.0,710.0
0.7112234094647029,0.796425145,0.235714782,0.436482266,3673.0,710.0
0.7110628486802056,0.728677862,0.28033006,0.433013155,3673.0,710.0
0.7173743009965674,0.617636303,0.315537199,0.424399966,3673.0,710.0
0.7248478396187442,0.474059591,0.340491871,0.443143292,3673.0,710.0
0.7246151694476293,0.293182247,0.331060355,0.525662303,3673.0,710.0
0.7251372140853196,0.035718274,0.373608626,0.568951024,3673.0,710.0
0.7203225953501666,0.0,0.445105906,0.5690303594999999,3673.0,710.0
0.7108111678673856,0.0,0.511504143,0.599046098,3673.0,710.0
0.6784458122081037,0.0,0.529071183,0.631140625,3673.0,710.0
0.6435594811728252,0.0,0.567453909,0.600071178,3673.0,710.0
0.6184964743110078,0.0,0.592968817,0.577848959,3673.0,710.0
0.6058966307776399,0.0,0.6078128190000001,0.5032881794999999,3673.0,710.0
0.6129792563793454,0.0,0.619537935,0.554633317,3673.0,710.0
0.6226054033777533,0.0,0.616678733,0.664804062,3673.0,710.0
0.6272054262319116,0.0,0.601773418,0.696550665,3673.0,710.0
0.6370025757684714,0.0,0.578660493,0.724329268,3673.0,710.0
0.665537138821787,0.010045673,0.555830561,0.746564487,3673.0,710.0
0.7018940817766901,0.145599401,0.534379264,0.771857187,3673.0,710.0
0.7087280936469578,0.271705168,0.562224482,0.804230789,3673.0,710.0
0.7089801959763645,0.359118722,0.513202715,0.745889669,3673.0,710.0
0.7085785368006647,0.429424515,0.517987711,0.757900483,3673.0,710.0
0.7080841654172274,0.471715314,0.539083747,0.773843166,3673.0,710.0
0.7072785526836372,0.460305281,0.55495222,0.785348454,3673.0,710.0
0.7076556290769822,0.433656674,0.551393053,0.768647627,3673.0,710.0
0.7137134807714537,0.369210694,0.545767229,0.712860637,3673.0,710.0
0.7209444693285422,0.282466414,0.511516617,0.641637234,3673.0,710.0
0.7228383732398518,0.196422155,0.450759181,0.585557671,3673.0,710.0
0.7240100118099851,0.025495055,0.395047328,0.554888784,3673.0,710.0
0.7218586910491613,0.0,0.3713810955,0.525479793,3673.0,710.0
0.7067657794616415,0.0,0.374581525,0.510587747,3673.0,710.0
0.6874135623184262,0.0,0.368080388,0.438516595,3673.0,710.0
0.6587218567446009,0.0,0.375736698,0.441409895,3673.0,710.0
0.6393275912508407,0.0,0.388794392,0.47091812,3673.0,710.0
0.6336315044206199,0.0,0.391925697,0.477682189,3673.0,710.0
0.6338370633595973,0.0,0.392220941,0.478536253,3673.0,710.0
0.6487042582565561,0.0,0.378453814,0.495115922,3673.0,710.0
0.6842853688277523,0.0,0.371027973,0.533347025,3673.0,710.0
0.7293008339139583,0.0,0.367876535,0.558296664,3673.0,710.0
0.7838583964033821,0.0,0.355890248,0.55120953,3673.0,710.0
0.8186803440693543,0.011626866,0.336378448,0.552431539,3673.0,710.0
0.8317813250177191,0.171443715,0.305712071,0.516580573,3673.0,710.0
0.8298615273181319,0.281761947,0.296541585,0.461375991,3673.0,710.0
0.8287847548323981,0.370094498,0.298201369,0.33592392,3673.0,710.0
0.8282723094024917,0.428126302,0.308274734,0.321384825,3673.0,710.0
0.8278428364670103,0.417983403,0.298670023,0.323030274,3673.0,710.0
0.8269155274279405,0.411491578,0.275433829,0.336182963,3673.0,710.0
0.8266993862297796,0.354905071,0.242616269,0.384415329,3673.0,710.0
0.8269412807106894,0.301527704,0.207211691,0.421308851,3673.0,710.0
0.8285978321244393,0.210033069,0.173245986,0.468074454,3673.0,710.0
0.8282316657823672,0.115762926,0.14547792,0.477826092,3673.0,710.0
0.8235201074465434,0.0059869915,0.1161666395,0.4250805615,3673.0,710.0
0.7887841292660482,0.0,0.095282589,0.342357449,3673.0,710.0
0.755678808629808,0.0,0.080872559,0.278630049,3673.0,710.0
0.6874135623184262,0.0,0.05714273,0.172735685,3673.0,710.0
0.6490247239977208,0.0,0.0444872615,0.12494962750000001,3673.0,710.0
0.6337342838901086,0.0,0.0334227215,0.07388428799999999,3673.0,710.0
0.6489167471231376,0.0,0.034323956,0.061562726,3673.0,710.0
0.6842853688277523,0.0,0.039296232,0.06333909,3673.0,710.0
0.7299020585338335,0.0,0.044415426,0.069056431,3673.0,710.0
0.7847201515727514,0.0,0.049420507,0.08474253,3673.0,710.0
0.8201851845977152,0.009456497,0.056539194,0.092957209,3673.0,710.0
0.8313582203125947,0.193243701,0.052613253,0.090122299,3673.0,710.0
0.8287847548323981,0.383106734,0.049334316,0.084904744,3673.0,710.0
0.828309768826221,0.537010115,0.049872799,0.06371284,3673.0,710.0
0.8287191071569834,0.6679005010000001,0.066372039,0.0859504545,3673.0,710.0
0.8280269498765629,0.576074942,0.074399816,0.128059356,3673.0,710.0
0.8283050863373419,0.452222461,0.075993018,0.154485631,3673.0,710.0
0.8278475189558893,0.333107936,0.080259919,0.181925995,3673.0,710.0
0.8291743332939967,0.229866557,0.077987296,0.189397496,3673.0,710.0
0.8283088323934188,0.149919425,0.078373685,0.182039981,3673.0,710.0
0.82251539772883,0.0083283875,0.089824926,0.1736653535,3673.0,710.0
0.7888096017001734,0.0,0.087268821,0.161619776,3673.0,710.0
0.7559168167115464,0.0,0.080352058,0.149741384,3673.0,710.0
0.6873384560219734,0.0,0.06550091,0.119996052,3673.0,710.0
0.6587218567446009,0.0,0.061206919,0.115679796,3673.0,710.0
0.6364795478357304,0.0,0.056270772999999996,0.125347001,3673.0,710.0
0.6337592411643671,0.0,0.051428359,0.122618803,3673.0,710.0
0.6496067504456792,0.0,0.050709002,0.120083606,3673.0,710.0
0.6849582345366271,0.0,0.048068264,0.11365197,3673.0,710.0
0.7306984467951946,0.0,0.047349112,0.107831422,3673.0,710.0
0.7854368447732781,0.0,0.046930254,0.100558167,3673.0,710.0
0.8206483709008489,0.010705603,0.045400995,0.091407902,3673.0,710.0
0.8320810008948546,0.279051688,0.036727016,0.079507268,3673.0,710.0
0.8287958053892,0.465119061,0.02312801,0.066061881,3673.0,710.0
0.8284559543519922,0.64524636,0.020339967,0.078347681,3673.0,710.0
0.8286461548184096,0.772578686,0.030158075,0.09189446,3673.0,710.0
0.8287920594955571,0.829752498,0.042117989,0.089808005,3673.0,710.0
0.8281625531431505,0.766044094,0.055414634,0.107687134,3673.0,710.0
0.8280213309548818,0.618285711,0.070117157,0.155385918,3673.0,710.0
0.8278475189558893,0.494418093,0.084323472,0.22087343,3673.0,710.0
0.8290273048974865,0.330871846,0.100420222,0.270051095,3673.0,710.0
0.8278589440858118,0.18751294,0.110431766,0.299207606,3673.0,710.0
0.8224569141298284,0.0065916415,0.11174965349999999,0.325011939,3673.0,710.0
0.7890245254544745,0.0,0.09991434,0.306281949,3673.0,710.0
0.755678808629808,0.0,0.098206251,0.291119635,3673.0,710.0
0.6876434698097321,0.0,0.108060339,0.29061453,3673.0,710.0
0.6587291612453259,0.0,0.114184792,0.367809728,3673.0,710.0
0.6393275912508407,0.0,0.126412742,0.427457088,3673.0,710.0
0.6336315044206199,0.0,0.135949064,0.472661046,3673.0,710.0
0.6338370633595973,0.0,0.152270524,0.506470257,3673.0,710.0
0.6487042582565561,0.0,0.167755504,0.503362601,3673.0,710.0
0.6840299421212894,0.0,0.184030931,0.492639577,3673.0,710.0
0.729045453988527,0.0,0.212589409,0.497013464,3673.0,710.0
0.7835583461155599,0.0,0.236256982,0.51652143,3673.0,710.0
0.818017124186861,0.006270496,0.263591601,0.51017107,3673.0,710.0
0.82944216850665,0.09798327,0.276604224,0.48257571,3673.0,710.0
0.8286801493595538,0.207203175,0.277170995,0.441395868,3673.0,710.0
0.8284045413485575,0.322483149,0.260067738,0.35169198,3673.0,710.0
0.8282466496818062,0.38877366,0.311812017,0.334159264,3673.0,710.0
0.8282653793124536,0.431205178,0.343121869,0.345193551,3673.0,710.0
0.827444736060827,0.437836271,0.373817256,0.392035474,3673.0,710.0
0.8275957913620375,0.374826886,0.39149323,0.400951918,3673.0,710.0
0.8275047648957777,0.331385615,0.402011758,0.384189535,3673.0,710.0
0.8283644595881141,0.230974223,0.386199525,0.352353746,3673.0,710.0
0.8276107750990424,0.141516293,0.351195032,0.329926721,3673.0,710.0
0.8224527468008163,0.005452655,0.3404019465,0.313604726,3673.0,710.0
0.7883927715009086,0.0,0.332476125,0.329831753,3673.0,710.0
0.7561301016678352,0.0,0.329171719,0.349412461,3673.0,710.0
0.6885348178799904,0.0,0.319542576,0.334301077,3673.0,710.0
0.6496893720011501,0.0,0.3239335125,0.335220587,3673.0,710.0
0.6346396792645694,0.0,0.351751096,0.3596278215,3673.0,710.0
0.6493528689751653,0.0,0.366432518,0.350127873,3673.0,710.0
0.6845760075192191,0.0,0.362608267,0.334105224,3673.0,710.0
0.7287401593521446,0.0,0.351703582,0.317435673,3673.0,710.0
0.7832530514791775,0.0,0.343682586,0.309292456,3673.0,710.0
0.8167521179872455,0.003964152,0.330637372,0.320779212,3673.0,710.0
0.8281117955614603,0.113619438,0.309978623,0.327660434,3673.0,710.0
0.8282524558900476,0.238326051,0.2785534,0.329466947,3673.0,710.0
0.8285168260576817,0.34294225,0.287247251,0.297381677,3673.0,710.0
0.8283439506539255,0.399027601,0.320997308,0.28631653,3673.0,710.0
0.8284117522872193,0.434256092,0.357060342,0.305699475,3673.0,710.0
0.8278898481550577,0.459452574,0.376429685,0.323221467,3673.0,710.0
0.8276225748020858,0.450853002,0.375614045,0.349680584,3673.0,710.0
0.827531548335826,0.385273509,0.368900516,0.355231346,3673.0,710.0
0.82849931370846,0.260895417,0.357323546,0.363260158,3673.0,710.0
0.8277881457051172,0.164348656,0.331103152,0.362699637,3673.0,710.0
0.8225396527190953,0.005036534,0.324893597,0.353074182,3673.0,710.0
0.7883927715009086,0.0,0.312567181,0.333228945,3673.0,710.0
0.7561628318216539,0.0,0.309661338,0.324206822,3673.0,710.0
0.6727137174656057,0.0,0.28595898,0.301465301,3673.0,710.0
0.6290608404809754,0.0,0.29451167,0.282011691,3673.0,710.0
0.6054031257366743,0.0,0.30850269750000003,0.29780188350000003,3673.0,710.0
0.6169706096885917,0.0,0.3049316435,0.280840115,3673.0,710.0
0.6323871477419389,0.0,0.297947083,0.26566903399999997,3673.0,710.0
0.6675090988334846,0.003593087,0.31297684,0.314241709,3673.0,710.0
0.7020683620733007,0.141918941,0.338559167,0.376919132,3673.0,710.0
0.7085997482624977,0.288766174,0.333531955,0.426472747,3673.0,710.0
0.7092927015514087,0.395364119,0.377060133,0.408604131,3673.0,710.0
0.7093793265398471,0.463643076,0.397244443,0.422499476,3673.0,710.0
0.7079495454456906,0.4932855695,0.41501151049999996,0.437228546,3673.0,710.0
0.70808528913659,0.436750023,0.411956505,0.486397903,3673.0,710.0
0.7142764964964897,0.358399516,0.398162114,0.503654693,3673.0,710.0
0.7212381983294731,0.245028395,0.374671542,0.496195012,3673.0,710.0
0.7227017398159649,0.167105459,0.365019163,0.4694839,3673.0,710.0
0.7235896697846695,0.008774472,0.369308131,0.471583787,3673.0,710.0
0.7195767773027181,0.0,0.3711894435,0.49523759850000004,3673.0,710.0
0.7048603099148806,0.0,0.380619795,0.516237213,3673.0,710.0
0.6718129108555265,0.0,0.387380482,0.53516952,3673.0,710.0
0.6405808446908785,0.0,0.357531065,0.493915757,3673.0,710.0
0.6162932019151498,0.0,0.349309943,0.436858258,3673.0,710.0
0.6054313139883599,0.0,0.330830603,0.351126485,3673.0,710.0
0.6077018026048806,0.0,0.31898052450000003,0.308647421,3673.0,710.0
0.6217671074338103,0.0,0.305643704,0.33844614,3673.0,710.0
0.6278614819567746,0.0,0.301087874,0.370845248,3673.0,710.0
0.6383493371810862,0.0,0.28400576,0.379342131,3673.0,710.0
0.6712895553743473,0.004542415,0.271484879,0.36596371,3673.0,710.0
0.7031503787451604,0.164567538,0.254248952,0.331549848,3673.0,710.0
0.7085540007993417,0.31253343,0.22348582,0.294447765,3673.0,710.0
0.7091682424036859,0.47585987,0.187347007,0.190026396,3673.0,710.0
0.7093085749401841,0.595532918,0.193541629,0.19163972,3673.0,710.0
0.7083535926468613,0.657492975,0.175119026,0.190672589,3673.0,710.0
0.7075181527823562,0.668212565,0.15716707,0.198511787,3673.0,710.0
0.7085178056005039,0.628389012,0.150878371,0.225115789,3673.0,710.0
0.714710792263945,0.544954846,0.14701231,0.25409293,3673.0,710.0
0.7214704939274672,0.399430001,0.134737265,0.245478713,3673.0,710.0
0.7229787057763498,0.235439902,0.112971723,0.229345159,3673.0,710.0
0.7226421324976007,0.00472567,0.105265308,0.1989679325,3673.0,710.0
0.711406352048993,0.0,0.103801402,0.167995798,3673.0,710.0
0.6877281282080692,0.0,0.100379582,0.154693065,3673.0,710.0
0.658751543369987,0.0,0.101623175,0.192676822,3673.0,710.0
0.6393348959139997,0.0,0.102436815,0.258259117,3673.0,710.0
0.6337342838901086,0.0,0.1117035435,0.249104479,3673.0,710.0
0.6492021882470758,0.0,0.124814195,0.215352656,3673.0,710.0
0.6849582345366271,0.0,0.134470459,0.20711376,3673.0,710.0
0.7301652112576077,0.0,0.146777292,0.209228095,3673.0,710.0
0.7849192485568747,0.0,0.154198085,0.21623538,3673.0,710.0
0.8205975197570957,0.005870818,0.162906202,0.223201835,3673.0,710.0
0.8295610087326916,0.246389536,0.157865447,0.224849521,3673.0,710.0
0.8282376592771691,0.46338281,0.139770787,0.227485446,3673.0,710.0
0.8292546839390098,0.652987586,0.121512294,0.252094776,3673.0,710.0
0.8306100611831407,0.793633259,0.140124947,0.315223224,3673.0,710.0
0.8318317080262884,0.855515564,0.157993985,0.336705242,3673.0,710.0
0.8314681638584964,0.8228293,0.180142662,0.340282535,3673.0,710.0
0.8318815291751763,0.740966378,0.196981138,0.342658677,3673.0,710.0
0.8314747193754137,0.614108066,0.212324083,0.358078871,3673.0,710.0
0.8319099047946394,0.484812226,0.223392169,0.377048891,3673.0,710.0
0.8288051703669578,0.293321988,0.242308113,0.382483682,3673.0,710.0
0.8260190285711854,0.007962536,0.268125186,0.383365439,3673.0,710.0
0.819792796675276,0.0,0.280671472,0.385118642,3673.0,710.0
0.7883927715009086,0.0,0.287767209,0.365267617,3673.0,710.0
0.7561301016678352,0.0,0.292339981,0.324001233,3673.0,710.0
0.6883337541433314,0.0,0.25995293,0.286780591,3673.0,710.0
0.6589611290512306,0.0,0.250851954,0.30765508,3673.0,710.0
0.6392524851168219,0.0,0.245608279,0.347483972,3673.0,710.0
0.6336315044206199,0.0,0.240619274,0.406870804,3673.0,710.0
0.6338370633595973,0.0,0.232550176,0.453503319,3673.0,710.0
0.6489167471231376,0.0,0.229762581,0.495809408,3673.0,710.0
0.6842853688277523,0.0,0.231403832,0.50005183,3673.0,710.0
0.729264591934089,0.0,0.231873162,0.488237614,3673.0,710.0
0.7839955449059187,0.0,0.225233462,0.455136544,3673.0,710.0
0.8189825483962726,0.004814829,0.212320972,0.43531557,3673.0,710.0
0.830367417393555,0.201514736,0.185515403,0.454601744,3673.0,710.0
0.82856037270071,0.395364831,0.145921456,0.485894357,3673.0,710.0
0.8285347129800245,0.568503258,0.099431326,0.460311269,3673.0,710.0
0.8289666206407915,0.695174087,0.099678914,0.466631275,3673.0,710.0
0.8296894010606173,0.746130682,0.09526892949999999,0.4359655495,3673.0,710.0
0.8310051648419231,0.696586138,0.097774542,0.408807118,3673.0,710.0
0.8311063054321823,0.60481637,0.097977211,0.390024654,3673.0,710.0
0.831707342603063,0.468679544,0.095603673,0.367805161,3673.0,710.0
0.828772205983113,0.263105718,0.098464508,0.352321499,3673.0,710.0
0.822684480376695,0.0031873765,0.1166528345,0.3769170705,3673.0,710.0
0.7887495730276569,0.0,0.120853077,0.379480723,3673.0,710.0
0.7557857086472772,0.0,0.122097474,0.368945073,3673.0,710.0
0.6730713852536089,0.0,0.1076947245,0.3356920025,3673.0,710.0
0.6364399813163708,0.0,0.1085251705,0.3283332405,3673.0,710.0
0.6418624266444797,0.0,0.110818434,0.2689296915,3673.0,710.0
0.6855053300918562,0.0,0.11394453,0.243028721,3673.0,710.0
0.7313792725889727,0.0,0.116092208,0.244358079,3673.0,710.0
0.7862613278054787,0.0,0.118322458,0.240465608,3673.0,710.0
0.8249941375489385,0.005189849,0.11946138,0.225544236,3673.0,710.0
0.8321898205589597,0.295931735,0.10775128,0.22813206,3673.0,710.0
0.8286801493595538,0.513432505,0.0811003,0.224755562,3673.0,710.0
0.8287993639962821,0.714687802,0.063227126,0.213697736,3673.0,710.0
0.8312958035333898,0.8779041439999999,0.0642827815,0.227187598,3673.0,710.0
0.834572804724115,0.905990233,0.072135562,0.219370821,3673.0,710.0
0.8347059731029828,0.848778224,0.078550198,0.233398375,3673.0,710.0
0.8350126724697855,0.726285656,0.082883214,0.263307991,3673.0,710.0
0.8363354600656266,0.562633084,0.088832324,0.301254248,3673.0,710.0
0.8311154829609457,0.335049129,0.105782918,0.323289288,3673.0,710.0
0.8230035413874394,0.003722845,0.121151704,0.322358725,3673.0,710.0
0.7888096017001734,0.0,0.124791803,0.316641754,3673.0,710.0
0.755678808629808,0.0,0.12179301,0.311074203,3673.0,710.0
0.6874135623184262,0.0,0.11477383,0.262802417,3673.0,710.0
0.6490247239977208,0.0,0.10322924650000001,0.2200676955,3673.0,710.0
0.6337467157055978,0.0,0.0770828485,0.1809600925,3673.0,710.0
0.6499599932029111,0.0,0.062864268,0.164958349,3673.0,710.0
0.6856628939665182,0.0,0.05340602,0.159715978,3673.0,710.0
0.7319205619359604,0.0,0.049427026,0.163553568,3673.0,710.0
0.7865779538472865,0.0,0.046081887,0.160895785,3673.0,710.0
0.8280634728674898,0.004988718,0.042914898,0.160712706,3673.0,710.0
0.8325265812867034,0.335063711,0.037384962,0.165444894,3673.0,710.0
0.8286801493595538,0.569469033,0.02368335,0.161378384,3673.0,710.0
0.8287993639962821,0.741586359,0.01341617,0.129977587,3673.0,710.0
0.8295305729610638,0.85463759,0.013341019,0.144283466,3673.0,710.0
0.8311122053649211,0.912496274,0.016806626,0.170176818,3673.0,710.0
0.8308997164983397,0.915444389,0.019900534,0.184308868,3673.0,710.0
0.831134961900269,0.851099401,0.021138104,0.193931427,3673.0,710.0
0.8309022449481226,0.726784683,0.02325642,0.185497747,3673.0,710.0
0.8313334971871451,0.548091165,0.026554715,0.178753531,3673.0,710.0
0.8285285320362279,0.31075492,0.0359411,0.163007161,3673.0,710.0
0.82251539772883,0.002785256,0.035628259999999995,0.142101368,3673.0,710.0
0.7887495730276569,0.0,0.027623768,0.10505519,3673.0,710.0
0.7559536674945626,0.0,0.023880916,0.080236988,3673.0,710.0
0.6877281282080692,0.0,0.021608052,0.066805656,3673.0,710.0
0.6587218567446009,0.0,0.020212925,0.055199204,3673.0,710.0
0.6364795478357304,0.0,0.019259410499999997,0.06772489649999999,3673.0,710.0
0.6337648600860482,0.0,0.020414359,0.060358164,3673.0,710.0
0.6499599932029111,0.0,0.021118775,0.052540761,3673.0,710.0
0.6855053300918562,0.0,0.020599606,0.046925688,3673.0,710.0
0.7314560644644694,0.0,0.020805613,0.048659152,3673.0,710.0
0.7864562105983411,0.0,0.022402255,0.0525791,3673.0,710.0
0.8249859901774745,0.003521692,0.02309085,0.060799854,3673.0,710.0
0.834019809236147,0.121847781,0.024186684,0.072102794,3673.0,710.0
0.8308113122063601,0.222063405,0.023584574,0.087677646,3673.0,710.0
0.8283105179724627,0.32013995,0.018211195,0.096854588,3673.0,710.0
0.828167984778271,0.385298696,0.028120256,0.132903591,3673.0,710.0
0.8277875838454358,0.3783029605,0.054997290000000004,0.18646560099999998,3673.0,710.0
0.827275419264153,0.296068484,0.073298321,0.189125432,3673.0,710.0
0.8270380198231275,0.209155306,0.077760339,0.230800092,3673.0,710.0
0.8280855738186591,0.137733338,0.08443284,0.314657853,3673.0,710.0
0.827535856251584,0.0659916,0.103312535,0.379290523,3673.0,710.0
0.8230896513784454,0.0019015985,0.1224765565,0.3733354995,3673.0,710.0
0.7887841292660482,0.0,0.138240745,0.317877523,3673.0,710.0
0.7558114619300261,0.0,0.156984358,0.34306766,3673.0,710.0
0.6716830670161489,0.0,0.164940553,0.399498939,3673.0,710.0
0.6404035676468669,0.0,0.175373449,0.43588311,3673.0,710.0
0.6107897739107992,0.0,0.1957551595,0.469367646,3673.0,710.0
0.6038608257033674,0.0,0.222994619,0.445808709,3673.0,710.0
0.6169087079068197,0.0,0.27700221,0.4496822675,3673.0,710.0
0.6338017343407973,0.0,0.3580994555,0.5179413184999999,3673.0,710.0
0.674782978611857,0.00103713,0.376493104,0.46577743,3673.0,710.0
0.7166225830975972,0.081364829,0.363075714,0.431928484,3673.0,710.0
0.7262974743065621,0.183677172,0.369240915,0.456247375,3673.0,710.0
0.7240833855839284,0.252803341,0.30555717,0.458539707,3673.0,710.0
0.7252245882199999,0.356853051,0.361837131,0.502531232,3673.0,710.0
0.7279354832137906,0.423558744,0.434737755,0.548872344,3673.0,710.0
0.729080665973531,0.457994988,0.521178337,0.638165818,3673.0,710.0
0.7316566131224786,0.479071035,0.57651728,0.68525942,3673.0,710.0
0.7460313566075041,0.409375107,0.60442209,0.664659537,3673.0,710.0
0.7628482232784308,0.316248807,0.590178488,0.620799485,3673.0,710.0
0.7671885582913996,0.179399673,0.539353287,0.601851104,3673.0,710.0
0.7616921303862005,0.00244218,0.49403232399999997,0.6305238635,3673.0,710.0
0.727951005419961,0.0,0.43994673500000003,0.6227490925,3673.0,710.0
0.6776766289033774,0.0,0.384652796,0.651899378,3673.0,710.0
0.635892019581104,0.0,0.3757897045,0.6447507275,3673.0,710.0
0.6206521730779202,0.0,0.37312981,0.6166833414999999,3673.0,710.0
0.6200396405243526,0.0,0.3855159105,0.6125492100000001,3673.0,710.0
0.6397404882699025,0.0,0.38254420899999997,0.662787792,3673.0,710.0
0.6530579849895491,0.001755605,0.393418425,0.698944724,3673.0,710.0
0.6912972663827445,0.169891111,0.38654866,0.68251266,3673.0,710.0
0.7369237422583018,0.338732268,0.437128251,0.647485016,3673.0,710.0
0.7484219262844419,0.461198902,0.346297165,0.553887852,3673.0,710.0
0.7465159884400628,0.545636616,0.394939491,0.54681772,3673.0,710.0
0.7451571930943784,0.621508448,0.425339566,0.507199402,3673.0,710.0
0.7413106206617,0.610070324,0.456204382,0.519164392,3673.0,710.0
0.7401611767672331,0.590220081,0.477751036,0.57464544,3673.0,710.0
0.7420315280534874,0.477962627,0.513505506,0.617714211,3673.0,710.0
0.7607536302035831,0.360104923,0.520376991,0.637409474,3673.0,710.0
0.7769263344147532,0.200128737,0.476461936,0.655266788,3673.0,710.0
0.7802222526851205,0.004071391,0.460068492,0.680873442,3673.0,710.0
0.7652659041875061,0.0,0.469074602,0.7135620455,3673.0,710.0
0.7380508508091389,0.0,0.47302346,0.746190295,3673.0,710.0
0.7031146284534251,0.0,0.45229087700000004,0.789111653,3673.0,710.0
0.6660911175235886,0.0,0.48470048,0.771994681,3673.0,710.0
0.6458656733000496,0.0,0.48702154649999996,0.7807905475,3673.0,710.0
0.6512067379882802,0.0,0.5058651265,0.7233151595,3673.0,710.0
0.6955292498667922,0.0,0.537268411,0.716329883,3673.0,710.0
0.7406317614580232,0.0,0.547534649,0.706977583,3673.0,710.0
0.8040579468386433,0.001773958,0.554784781,0.691910298,3673.0,710.0
0.8482449489314138,0.217644446,0.517950011,0.633187775,3673.0,710.0
0.8549920548021852,0.410709797,0.523581358,0.584158118,3673.0,710.0
0.8509886678035204,0.575917187,0.53957933,0.546798141,3673.0,710.0
0.845860841046896,0.683453794,0.613356743,0.559736897,3673.0,710.0
0.8440895700363024,0.732613058,0.662916025,0.623451391,3673.0,710.0
0.8427620065519532,0.736437469,0.703600524,0.685284616,3673.0,710.0
0.837603744023701,0.656752696,0.721608729,0.676903506,3673.0,710.0
0.8377557357577134,0.50478307,0.716218228,0.654193781,3673.0,710.0
0.8443727637215154,0.371184622,0.684460467,0.651035195,3673.0,710.0
0.8526596409321597,0.197329643,0.598399686,0.633018279,3673.0,710.0
0.85572911675624,0.00146972,0.5470904255,0.622538908,3673.0,710.0
0.8063491551476458,0.0,0.5313904014999999,0.603208231,3673.0,710.0
0.7476697400878535,0.0,0.549743202,0.601153332,3673.0,710.0
0.69275219203772,0.0,0.544577608,0.593556563,3673.0,710.0
0.6529729520180912,0.0,0.522565786,0.567313116,3673.0,710.0
0.6392313672982692,0.0,0.48935911899999995,0.601895351,3673.0,710.0
0.6565497224855807,0.0,0.461445551,0.674480775,3673.0,710.0
0.6933536039441556,0.0,0.441954836,0.696494681,3673.0,710.0
0.7388493931095962,0.0,0.418078992,0.699510503,3673.0,710.0
0.800595006153793,0.001327595,0.394016142,0.684380934,3673.0,710.0
0.8397038155147007,0.061597514,0.38892533,0.652135429,3673.0,710.0
0.8526938227598644,0.122002672,0.384922236,0.627136156,3673.0,710.0
0.8497157013565673,0.184774656,0.338918173,0.551807213,3673.0,710.0
0.8457774000924189,0.223164,0.355579017,0.534507419,3673.0,710.0
0.8438263235880307,0.229165105,0.371241765,0.581126813,3673.0,710.0
0.8431618862616775,0.244768873,0.382474403,0.562503106,3673.0,710.0
0.8435931385007002,0.223617826,0.409500517,0.573037455,3673.0,710.0
0.8437384811557324,0.175326424,0.408090682,0.577909002,3673.0,710.0
0.8513750622311577,0.127713168,0.405174205,0.577579255,3673.0,710.0
0.8563029021894542,0.0389363495,0.387598846,0.5850822325,3673.0,710.0
0.8365110512869433,0.0,0.36132624,0.582836065,3673.0,710.0
0.7827674830513826,0.0,0.342029536,0.597003079,3673.0,710.0
0.750290029969537,0.0,0.362414939,0.526810832,3673.0,710.0
0.690144919465374,0.0,0.349206404,0.492476858,3673.0,710.0
0.6507085504584358,0.0,0.33726420749999997,0.5172960950000001,3673.0,710.0
0.6356319337762779,0.0,0.3240761215,0.487678489,3673.0,710.0
0.6516895905985148,0.0,0.309870797,0.4345883,3673.0,710.0
0.6876533964847372,0.0,0.291879046,0.382371212,3673.0,710.0
0.734295960589333,0.0,0.281852161,0.35240305,3673.0,710.0
0.7896293085189979,0.0,0.268492702,0.350170141,3673.0,710.0
0.8328283173160036,0.090820335,0.264484823,0.351853735,3673.0,710.0
0.8458473556023746,0.189829066,0.276227099,0.347720281,3673.0,710.0
0.8453121534746862,0.254967483,0.239578109,0.333453454,3673.0,710.0
0.8439436653591548,0.287947516,0.259763375,0.332762276,3673.0,710.0
0.8439603348376375,0.289687612,0.289313148,0.347623659,3673.0,710.0
0.8394013301767248,0.271890979,0.308817647,0.425170701,3673.0,710.0
0.8378751378434364,0.218720181,0.315426627,0.511045623,3673.0,710.0
0.8403666608240732,0.204547647,0.304231782,0.518058952,3673.0,710.0
0.8510901829669008,0.139767748,0.274557521,0.45171159,3673.0,710.0
0.8535105328312877,0.069955762,0.231291807,0.463498674,3673.0,710.0
0.8534527515974963,0.002508433,0.199895489,0.505219293,3673.0,710.0
0.8467939564566415,0.0,0.170934924,0.52624727,3673.0,710.0
0.8273332004979445,0.0,0.151261886,0.514604325,3673.0,710.0
0.7829584326640419,0.0,0.135696953,0.470576275,3673.0,710.0
0.7472759474349941,0.0,0.109115082,0.429755188,3673.0,710.0
0.7153361313685567,0.0,0.097145576,0.410333119,3673.0,710.0
0.6716195966891291,0.0,0.0990945065,0.393349054,5843.0,1129.0
0.6563793756940415,0.0,0.106848845,0.383706759,5843.0,1129.0
0.6574755801756329,0.0,0.112274312,0.365879299,5843.0,1129.0
0.680024494808026,0.0,0.125427074,0.377367783,5843.0,1129.0
0.7337630059003697,0.0,0.135008272,0.412378734,5843.0,1129.0
0.8019767924272855,0.0,0.13928268,0.456729366,5843.0,1129.0
0.8551238184506328,0.001324761,0.134467474,0.479061957,5843.0,1129.0
0.879930134381096,0.193292387,0.119655078,0.458590532,5843.0,1129.0
0.8708687824112652,0.360762433,0.090693746,0.403174896,5843.0,1129.0
0.852813599418708,0.542600563,0.07856796,0.347428858,5843.0,1129.0
0.847241597000655,0.661392144,0.096860529,0.356927859,5843.0,1129.0
0.8428758832780582,0.728404336,0.109064522,0.353023898,5843.0,1129.0
0.8409116960647035,0.671519224,0.139229864,0.318776183,5843.0,1129.0
0.8407492156335704,0.557832433,0.178462878,0.32125125,5843.0,1129.0
0.8410362487744892,0.424649134,0.20074299,0.339479651,5843.0,1129.0
0.8446192469668068,0.287846676,0.19756301,0.364709513,5843.0,1129.0
0.853385137250763,0.159175902,0.185092653,0.338962974,5843.0,1129.0
0.8613542647002371,0.002984888,0.194490293,0.3207027,5843.0,1129.0
0.8585279477443923,0.0,0.193895658,0.311838266,5843.0,1129.0
0.8462016285169061,0.0,0.19835178,0.332368361,5843.0,1129.0
0.8026844953856093,0.0,0.201962485,0.359197513,5843.0,1129.0
0.7678501861569123,0.0,0.236076957,0.396182738,5843.0,1129.0
0.7115984255434491,0.0,0.251540097,0.445799314,5843.0,1129.0
0.6788221394552071,0.0,0.260895904,0.502318726,5843.0,1129.0
0.6525677108447936,0.0,0.2742344195,0.5321700705000001,5843.0,1129.0
0.650043715168446,0.0,0.276412288,0.475623579,5843.0,1129.0
0.6736061894176606,0.0,0.270159592,0.393481623,5843.0,1129.0
0.7252747839420087,0.0,0.258162364,0.324000502,5843.0,1129.0
0.7908911308470863,0.0,0.253742241,0.288817895,5843.0,1129.0
0.8294811263852967,0.0,0.241216293,0.270681768,5843.0,1129.0
0.8521632093965577,0.071216111,0.231525121,0.244469798,5843.0,1129.0
0.851539883825513,0.135567713,0.210289964,0.212892038,5843.0,1129.0
0.8425594443603767,0.202668747,0.22136671,0.251598888,5843.0,1129.0
0.8386778006106572,0.290151963,0.277939947,0.287908824,5843.0,1129.0
0.8366002985308789,0.373271052,0.316444901,0.295642709,5843.0,1129.0
0.8357893009431997,0.397006775,0.32624415,0.30084326,5843.0,1129.0
0.835214017217502,0.357057683,0.329138616,0.305059492,5843.0,1129.0
0.8356842271727372,0.2764262,0.318759481,0.299610154,5843.0,1129.0
0.8384428360573515,0.216682626,0.292550988,0.31180743,5843.0,1129.0
0.8469091443511035,0.127960859,0.293362911,0.317159051,5843.0,1129.0
0.8521141375563455,0.002663139,0.297403186,0.329037149,5843.0,1129.0
0.8479665314595769,0.0,0.28963843,0.351418505,5843.0,1129.0
0.8408615003426946,0.0,0.279563826,0.352732427,5843.0,1129.0
0.8065023644067354,0.0,0.261222017,0.35298905,5843.0,1129.0
0.7690059979568677,0.0,0.237795194,0.328810704,5843.0,1129.0
0.6924023206010098,0.0,0.226867873,0.33965256,5843.0,1129.0
0.6592574334454101,0.0,0.221345249,0.332319044,5843.0,1129.0
0.6281502944824517,0.0,0.21164230950000001,0.29610042000000003,5843.0,1129.0
0.6296781256949695,0.0,0.1933351605,0.2377730575,5843.0,1129.0
0.6594657549017624,0.0,0.1699974245,0.2072889895,5843.0,1129.0
0.7001038001243911,0.001133668,0.151285176,0.210578262,5843.0,1129.0
0.735712864960898,0.210697976,0.132698819,0.202517458,5843.0,1129.0
0.7557790127872652,0.416628174,0.093122152,0.17183414,5843.0,1129.0
0.7482193640928655,0.590481831,0.062790227,0.10647623,5843.0,1129.0
0.7401849636223146,0.739795901,0.052102521,0.089755077,5843.0,1129.0
0.7314865003985315,0.819169187,0.044834454,0.083242482,5843.0,1129.0
0.7262557537481065,0.849023462,0.048823641,0.089007423,5843.0,1129.0
0.7238579731325069,0.796291372,0.051999621,0.095663783,5843.0,1129.0
0.7248443745737251,0.686894217,0.054480709,0.103915339,5843.0,1129.0
0.73492424949788,0.504491309,0.052913275,0.099293755,5843.0,1129.0
0.7617319778354007,0.27195474,0.057582009,0.090370242,5843.0,1129.0
0.7750674316489373,0.0012894515,0.061690788999999996,0.088061477,5843.0,1129.0
0.7748773482975327,0.0,0.060702412,0.097445448,5843.0,1129.0
0.7559500620252317,0.0,0.053202014500000006,0.09400886,5843.0,1129.0
0.69796149315872,0.0,0.051463082,0.093903962,5843.0,1129.0
0.6504492139622855,0.0,0.052167609000000004,0.093555742,5843.0,1129.0
0.6311744442787454,0.0,0.051852838,0.10629054199999999,5843.0,1129.0
0.6494215134791981,0.0,0.0555481265,0.12850005,5843.0,1129.0
0.6817041305492129,0.0,0.0669802835,0.157263922,5843.0,1129.0
0.7326664736266891,0.207475874,0.075864568,0.215107717,5843.0,1129.0
0.7549949860886288,0.373654476,0.072852293,0.235256453,5843.0,1129.0
0.7473331198656387,0.499332905,0.074633056,0.269071786,5843.0,1129.0
0.7352547355573299,0.612089816,0.096172932,0.26450001,5843.0,1129.0
0.7265163780220979,0.676387304,0.133186679,0.27738036,5843.0,1129.0
0.7232663007769499,0.669471456,0.174465318,0.286519935,5843.0,1129.0
0.722947427133983,0.601342593,0.21581481,0.306383606,5843.0,1129.0
0.7249835833908606,0.476995187,0.251801772,0.366090352,5843.0,1129.0
0.7359515754078465,0.324586143,0.283219704,0.412160791,5843.0,1129.0
0.7528381165776713,0.132490872,0.319154091,0.407222024,5843.0,1129.0
0.7635356981511895,0.00184008,0.344702701,0.413985628,5843.0,1129.0
0.7629098440491451,0.0,0.37373560299999997,0.444691528,5843.0,1129.0
0.7574770035859789,0.0,0.401220488,0.459464524,5843.0,1129.0
0.7394923849065245,0.0,0.367683652,0.425662867,5843.0,1129.0
0.6939528617302779,0.0,0.4088060735,0.45346128399999996,5843.0,1129.0
0.6521614160424636,0.0,0.44014512250000004,0.4485384525,5843.0,1129.0
0.6616111524205488,0.0,0.459041074,0.475003114,5843.0,1129.0
0.7266024411508553,0.0,0.476301563,0.508033942,5843.0,1129.0
0.7943703662748643,0.0,0.460854685,0.536415484,5843.0,1129.0
0.8359155393944634,0.0,0.44196134,0.560928706,5843.0,1129.0
0.8643096294057522,0.084888601,0.432476471,0.585721753,5843.0,1129.0
0.8659383672221542,0.16961155,0.434376121,0.583674801,5843.0,1129.0
0.8561676265525218,0.255932816,0.439339588,0.557357058,5843.0,1129.0
0.8513647607393805,0.3293052125,0.4811394765,0.6039735930000001,5843.0,1129.0
0.8513402248192745,0.378251509,0.532879565,0.660802962,5843.0,1129.0
0.8514492319323742,0.374484382,0.560105376,0.688730279,5843.0,1129.0
0.85381442273725,0.328150362,0.573355161,0.707107188,5843.0,1129.0
0.8641113752923678,0.250873793,0.530097875,0.719974397,5843.0,1129.0
0.8700553500983004,0.143675119,0.507809613,0.733002861,5843.0,1129.0
0.8717640637429435,0.001066497,0.5041837775,0.7352703075,5843.0,1129.0
0.8465322084632874,0.0,0.529536213,0.693162974,5843.0,1129.0
0.8026844953856093,0.0,0.530520901,0.650211709,5843.0,1129.0
0.7690344203573624,0.0,0.532929981,0.665596417,5843.0,1129.0
0.6964484116156152,0.0,0.5186597909999999,0.6566838825,5843.0,1129.0
0.6549927899790912,0.0,0.4807907265,0.6265004215,5843.0,1129.0
0.653227067718631,0.0,0.463705079,0.615453372,5843.0,1129.0
0.6769569387930157,0.0,0.457993024,0.620951397,5843.0,1129.0
0.7310361439557405,0.0,0.446620826,0.618400944,5843.0,1129.0
0.7995955875656714,0.0,0.447679129,0.62076316,5843.0,1129.0
0.8466521724086915,0.0,0.43312914,0.604019757,5843.0,1129.0
0.8735784131801646,0.100849033,0.445547462,0.519251575,5843.0,1129.0
0.8659383672221542,0.213350824,0.454492392,0.46913562,5843.0,1129.0
0.8537093489667875,0.296501982,0.451731333,0.482728207,5843.0,1129.0
0.8496013562516271,0.3841078105,0.49556281950000003,0.5278039109999999,5843.0,1129.0
0.8494735258645998,0.346600993,0.495861306,0.547116448,5843.0,1129.0
0.8477085293598655,0.297930574,0.496672641,0.540337939,5843.0,1129.0
0.8495863725958394,0.240300743,0.489388231,0.57331294,5843.0,1129.0
0.8554088850014502,0.168860639,0.465253404,0.59306269,5843.0,1129.0
0.8645147200471114,0.064744417,0.465971278,0.616905962,5843.0,1129.0
0.8675825569107452,0.0009871865,0.477295046,0.6230331765,5843.0,1129.0
0.8467467574820335,0.0,0.497939455,0.62743248,5843.0,1129.0
0.8025727725361662,0.0,0.514729619,0.631908866,5843.0,1129.0
0.7676164390474663,0.0,0.550401277,0.541016803,5843.0,1129.0
0.7115984255434491,0.0,0.56839301,0.555496794,5843.0,1129.0
0.6676197214352979,0.0,0.5771475555,0.621276088,5843.0,1129.0
0.6514455889407575,0.0,0.5648768445,0.656736502,5843.0,1129.0
0.6743814129982205,0.0,0.571400225,0.666313331,5843.0,1129.0
0.727705903514574,0.0,0.561164887,0.667279763,5843.0,1129.0
0.793529213926615,0.0,0.530532397,0.664205881,5843.0,1129.0
0.8342220904166658,0.0,0.498883629,0.662225945,5843.0,1129.0
0.8591590461137797,0.091366177,0.46790479,0.65434028,5843.0,1129.0
0.858536001553793,0.212025192,0.417655074,0.620414199,5843.0,1129.0
0.8492863221455831,0.316729948,0.394471176,0.576267027,5843.0,1129.0
0.8435074030828151,0.4323463335,0.394269357,0.5382476270000001,5843.0,1129.0
0.8398778146378196,0.470303468,0.37823531,0.515674573,5843.0,1129.0
0.8389883395955998,0.428251633,0.326214268,0.501355731,5843.0,1129.0
0.8399695904127552,0.391893601,0.272727096,0.468672877,5843.0,1129.0
0.844516139786446,0.312447236,0.196724158,0.400500678,5843.0,1129.0
0.8540034057598077,0.150765218,0.139828763,0.298857808,5843.0,1129.0
0.860472609237392,0.0008834135,0.10519249950000001,0.196100092,5843.0,1129.0
0.8472984418016443,0.0,0.094748494,0.184547882,5843.0,1129.0
0.8036641541857839,0.0,0.087537155,0.196920234,5843.0,1129.0
0.769031002255809,0.0,0.089560212,0.257129405,5843.0,1129.0
0.7134164272310326,0.0,0.0833584,0.288586103,5843.0,1129.0
0.6694538306604658,0.0,0.083477039,0.3051864535,5843.0,1129.0
0.6534369344109325,0.0,0.11175177550000001,0.3536916055,5843.0,1129.0
0.6770651967598736,0.0,0.140987698,0.378352133,5843.0,1129.0
0.7305188285879605,0.0,0.164698222,0.380981308,5843.0,1129.0
0.799335806162419,0.0,0.193395886,0.408841628,5843.0,1129.0
0.8423866626811177,0.0,0.231090039,0.440647585,5843.0,1129.0
0.863037131256417,0.079812295,0.27047273,0.460341522,5843.0,1129.0
0.861224467641891,0.161196744,0.302603174,0.476988532,5843.0,1129.0
0.8518094047796443,0.235049578,0.333005186,0.487315959,5843.0,1129.0
0.8491266043942589,0.328164784,0.437023349,0.531902605,5843.0,1129.0
0.846833288908409,0.326227833,0.481166276,0.530791234,5843.0,1129.0
0.8477167704558267,0.278764325,0.476278353,0.514992286,5843.0,1129.0
0.8478448817726948,0.254424732,0.477209794,0.516810406,5843.0,1129.0
0.8525652431453781,0.171574341,0.463217358,0.519368615,5843.0,1129.0
0.8593310788092312,0.09868241,0.464836144,0.517999431,5843.0,1129.0
0.8602501468335568,0.0011360205,0.4470921765,0.5480556865,5843.0,1129.0
0.8447498868958918,0.0,0.44668258,0.606579788,5843.0,1129.0
0.80413736088842,0.0,0.441752353,0.611878416,5843.0,1129.0
0.7680637987428564,0.0,0.45137357,0.641290083,5843.0,1129.0
0.7103508378061238,0.0,0.418705889,0.574456127,5843.0,1129.0
0.6679691714366385,0.0,0.37978565,0.5123342595,5843.0,1129.0
0.6521202808154221,0.0,0.3675053575,0.5523274555,5843.0,1129.0
0.6749560880832052,0.0,0.368315004,0.561229301,5843.0,1129.0
0.7282981845108436,0.0,0.363391033,0.555440676,5843.0,1129.0
0.7955810562857076,0.0,0.364510852,0.528175759,5843.0,1129.0
0.8397494223098938,0.0,0.362267567,0.480831606,5843.0,1129.0
0.8643096294057522,0.163069343,0.376263861,0.469295757,5843.0,1129.0
0.8640485369965767,0.349162531,0.374271901,0.482926794,5843.0,1129.0
0.8518094047796443,0.475187744,0.423525577,0.517799746,5843.0,1129.0
0.8473892809813437,0.559236886,0.452280959,0.527983424,5843.0,1129.0
0.8451684028366349,0.61241252,0.477592192,0.557812406,5843.0,1129.0
0.8443265949042069,0.582579931,0.496538762,0.565274436,5843.0,1129.0
0.8448998183153057,0.492117035,0.50881583,0.583088318,5843.0,1129.0
0.8457347898821926,0.411146833,0.512715552,0.616862939,5843.0,1129.0
0.8505296019671501,0.29016767,0.516778783,0.640598589,5843.0,1129.0
0.8590490090058148,0.112756738,0.515420849,0.66290405,5843.0,1129.0
0.8602631171182114,0.000776959,0.509088713,0.6747004755,5843.0,1129.0
0.8443214441177099,0.0,0.511485117,0.66823761,5843.0,1129.0
0.8041019616168557,0.0,0.519160177,0.66348293,5843.0,1129.0
0.7688410826380149,0.0,0.516239913,0.605835968,5843.0,1129.0
0.6924023206010098,0.0,0.529213379,0.620652053,5843.0,1129.0
0.6442438655736857,0.0,0.5423409895,0.6175798315000001,5843.0,1129.0
0.621072140611332,0.0,0.550497001,0.580946657,5843.0,1129.0
0.6195551725878385,0.0,0.55070514,0.551409765,5843.0,1129.0
0.6293119595153315,0.0,0.552342334,0.530725332,5843.0,1129.0
0.6455522312922034,0.0,0.557476643,0.500600909,5843.0,1129.0
0.6560957138736445,0.0,0.559289229,0.49511179,5843.0,1129.0
0.683150019180954,0.0,0.565483296,0.50901575,5843.0,1129.0
0.7136197851874482,0.080695608,0.564762032,0.52834752,5843.0,1129.0
0.741277562715792,0.18698299,0.557073099,0.522035365,5843.0,1129.0
0.740668190724453,0.283111825,0.588831415,0.489149453,5843.0,1129.0
0.7327657412701272,0.348997818,0.6429599589999999,0.4822567575,5843.0,1129.0
0.7284892746290319,0.310378488,0.661936481,0.513633215,5843.0,1129.0
0.7272346634020393,0.29013856,0.651686931,0.520446343,5843.0,1129.0
0.7300914629105436,0.254875047,0.621744802,0.535118889,5843.0,1129.0
0.7411496385230503,0.170170929,0.587387341,0.549871866,5843.0,1129.0
0.7617606577752202,0.045977299,0.5450599355,0.5628352845,5843.0,1129.0
0.7589927307750968,0.0,0.498755778,0.5435915415,5843.0,1129.0
0.7497142310027556,0.0,0.490768905,0.573917372,5843.0,1129.0
0.7330029533433752,0.0,0.477888792,0.59912471,5843.0,1129.0
0.6747045712476467,0.0,0.4710037905,0.6436742955,5843.0,1129.0
0.6253098600508569,0.0,0.44454801450000003,0.567190133,5843.0,1129.0
0.6238414723418757,0.0,0.427186962,0.497751683,5843.0,1129.0
0.6494137405996381,0.0,0.412639657,0.4679204885,5843.0,1129.0
0.6808070230517448,0.0,0.397498147,0.468447973,5843.0,1129.0
0.7070907871049393,0.087671761,0.382468293,0.450711991,5843.0,1129.0
0.7327866248586538,0.174267775,0.387192157,0.40781588,5843.0,1129.0
0.7294382166465211,0.284913712,0.325466095,0.379925382,5843.0,1129.0
0.7243366114702635,0.374598052,0.357677955,0.402219533,5843.0,1129.0
0.723545654844023,0.388798393,0.37243227,0.379829223,5843.0,1129.0
0.7222268005908191,0.419187923,0.373506162,0.340138843,5843.0,1129.0
0.7230614911466484,0.390355298,0.367270531,0.29349003,5843.0,1129.0
0.7248443745737251,0.344888387,0.35213409,0.296496137,5843.0,1129.0
0.7374036917644156,0.265690945,0.339573532,0.313353696,5843.0,1129.0
0.7603139965255047,0.121024185,0.334167227,0.318504205,5843.0,1129.0
0.7651530106752349,0.000972157,0.3281043935,0.28551788300000003,5843.0,1129.0
0.757925206152108,0.0,0.321108844,0.22601534350000002,5843.0,1129.0
0.7239230590294573,0.0,0.264520442,0.2419492935,5843.0,1129.0
0.6662208209386544,0.0,0.2356741,0.27567747600000003,5843.0,1129.0
0.6491643073067601,0.0,0.205321104,0.251921026,5843.0,1129.0
0.6722011783112021,0.0,0.175249739,0.234364438,5843.0,1129.0
0.725383229032993,0.0,0.155754091,0.197709052,5843.0,1129.0
0.7909160412590961,0.0,0.141718632,0.166658334,5843.0,1129.0
0.8294811263852967,0.0,0.130396351,0.139197369,5843.0,1129.0
0.8559963431657462,0.083772184,0.117845945,0.120453727,5843.0,1129.0
0.8569096986251106,0.21074283,0.100419157,0.104627183,5843.0,1129.0
0.8499398026396318,0.321861438,0.077375736,0.101958016,5843.0,1129.0
0.8461313919958925,0.412154455,0.076781463,0.093234526,5843.0,1129.0
0.8424008035473836,0.45878661600000004,0.0873588895,0.10091289049999999,5843.0,1129.0
0.8391626197297762,0.420728975,0.103548124,0.099452883,5843.0,1129.0
0.8398167558080035,0.33966399,0.103081485,0.095468638,5843.0,1129.0
0.8432873755666996,0.215456535,0.096814957,0.093974426,5843.0,1129.0
0.8505318495683094,0.086878653,0.098265123,0.095677633,5843.0,1129.0
0.850717742118969,0.0010398385,0.0933234355,0.10393260800000001,5843.0,1129.0
0.8400036785159626,0.0,0.083866375,0.124810708,5843.0,1129.0
0.8060566904528232,0.0,0.082520352,0.133569702,5843.0,1129.0
0.7715169998768279,0.0,0.073786572,0.109120167,5843.0,1129.0
0.7096906616144972,0.0,0.071822282,0.117168092,5843.0,1129.0
0.666383114083227,0.0,0.076819743,0.1196787715,5843.0,1129.0
0.6496938905939844,0.0,0.0882357685,0.129344878,5843.0,1129.0
0.6727844222842374,0.0,0.101306861,0.143316911,5843.0,1129.0
0.7264097122346548,0.0,0.109759791,0.140885435,5843.0,1129.0
0.7930900953271862,0.0,0.118871431,0.147536105,5843.0,1129.0
0.8350929293903012,0.0,0.12851035,0.155786169,5843.0,1129.0
0.8606968510259853,0.094721011,0.126839769,0.169669403,5843.0,1129.0
0.8569046417255449,0.289376748,0.104053752,0.177633575,5843.0,1129.0
0.8455329769992921,0.452853254,0.084233022,0.166196445,5843.0,1129.0
0.8402885577802194,0.581994217,0.101156369,0.187667474,5843.0,1129.0
0.8376115168220439,0.664829479,0.118731668,0.206546077,5843.0,1129.0
0.8357893009431997,0.687157397,0.130744219,0.237287212,5843.0,1129.0
0.8346164449292065,0.621502422,0.136917633,0.272859479,5843.0,1129.0
0.8347426833804702,0.522271367,0.146288757,0.314980381,5843.0,1129.0
0.8374816260392006,0.358159852,0.141772913,0.325233544,5843.0,1129.0
0.84562831138131,0.167760385,0.149940173,0.326423094,5843.0,1129.0
0.8480016965823324,0.000848745,0.16890684649999999,0.308802912,5843.0,1129.0
0.8391005307426609,0.0,0.177863323,0.273023345,5843.0,1129.0
0.8051576631462852,0.0,0.183368181,0.257237159,5843.0,1129.0
0.7714525695640558,0.0,0.192911703,0.271482102,5843.0,1129.0
0.709786230064107,0.0,0.190658925,0.261086192,5843.0,1129.0
0.6782150618460587,0.0,0.193920439,0.258817908,5843.0,1129.0
0.6546279581958919,0.0,0.194717168,0.268173033,5843.0,1129.0
0.6496938905939844,0.0,0.2025741405,0.2839311715,5843.0,1129.0
0.6726895561998376,0.0,0.204851665,0.305253677,5843.0,1129.0
0.7252747839420087,0.0,0.211631767,0.320786152,5843.0,1129.0
0.7908911308470863,0.0,0.211961574,0.327884648,5843.0,1129.0
0.8307910839583609,0.0,0.218957858,0.330448965,5843.0,1129.0
0.8530084823740046,0.074535536,0.225359801,0.332099086,5843.0,1129.0
0.8529130542674894,0.235611848,0.21055847,0.326676008,5843.0,1129.0
0.842674725979336,0.359297247,0.188579387,0.326272074,5843.0,1129.0
0.8395327194144856,0.479123548,0.201118046,0.292762002,5843.0,1129.0
0.8363495072886122,0.5376521910000001,0.217128537,0.267300702,5843.0,1129.0
0.8347144014855045,0.493452831,0.212994813,0.241695313,5843.0,1129.0
0.835023629464524,0.398569212,0.199192364,0.225382657,5843.0,1129.0
0.8373067840453429,0.268686154,0.183947746,0.228917504,5843.0,1129.0
0.8425750836815601,0.110048411,0.200936283,0.243442506,5843.0,1129.0
0.8418770265496178,0.000946501,0.23578187350000002,0.2789027595,5843.0,1129.0
0.8359593668861154,0.0,0.263525078,0.299835302,5843.0,1129.0
0.803874770024327,0.0,0.276776997,0.315385325,5843.0,1129.0
0.7714875941000653,0.0,0.293837513,0.32487539,5843.0,1129.0
0.7083255917629533,0.0,0.290819856,0.353998824,5843.0,1129.0
0.6658928867195031,0.0,0.2775090055,0.39315813,5843.0,1129.0
0.6490486511958969,0.0,0.24634397149999998,0.379262374,5843.0,1129.0
0.6715149208823032,0.0,0.232239855,0.348673718,5843.0,1129.0
0.7235286107924195,0.0,0.217245873,0.329838318,5843.0,1129.0
0.7874460770845786,0.0,0.199696781,0.31271562,5843.0,1129.0
0.8254429019747488,0.0,0.189487177,0.30410154,5843.0,1129.0
0.8471145158410863,0.07407944,0.181862119,0.302007084,5843.0,1129.0
0.8484798197602224,0.250271623,0.15816084,0.282435822,5843.0,1129.0
0.8427046934533458,0.390149455,0.125006328,0.220001129,5843.0,1129.0
0.8398598341534138,0.487546152,0.13660706,0.188691616,5843.0,1129.0
0.8376577792826325,0.496106459,0.129125276,0.16609184300000002,5843.0,1129.0
0.8363114859239847,0.438837359,0.116311886,0.144954712,5843.0,1129.0
0.8367303764378485,0.366384265,0.113462777,0.137782557,5843.0,1129.0
0.8397051265206238,0.25983992,0.110636881,0.127153824,5843.0,1129.0
0.8438282903405664,0.118924097,0.113994055,0.139613369,5843.0,1129.0
0.8436290995507287,0.0005932785,0.1242113015,0.1776403175,5843.0,1129.0
0.8368675717214167,0.0,0.123814271,0.215051736,5843.0,1129.0
0.8049361840375009,0.0,0.123996673,0.236746942,5843.0,1129.0
0.771619357910947,0.0,0.128538952,0.298020119,5843.0,1129.0
0.7085394851975209,0.0,0.126398402,0.287527731,5843.0,1129.0
0.6659567550913766,0.0,0.122963759,0.24681633149999999,5843.0,1129.0
0.6489635011094259,0.0,0.125305061,0.2301599465,5843.0,1129.0
0.67179980014656,0.0,0.127415828,0.244649324,5843.0,1129.0
0.724850508574056,0.0,0.130104464,0.233388856,5843.0,1129.0
0.7902498246292019,0.0,0.129644756,0.224531691,5843.0,1129.0
0.8286330441094433,0.0,0.13279112,0.233792211,5843.0,1129.0
0.8506491913394335,0.06741255,0.136055413,0.248851652,5843.0,1129.0
0.8509448401494345,0.254666013,0.127995742,0.255741391,5843.0,1129.0
0.845233395009088,0.396432336,0.113359708,0.264865679,5843.0,1129.0
0.8411881469464388,0.496660758,0.125628277,0.25232527,5843.0,1129.0
0.8388095642591048,0.551055316,0.137290861,0.229561729,5843.0,1129.0
0.8373507989859893,0.553156783,0.147503698,0.213394666,5843.0,1129.0
0.8365133925313827,0.446691199,0.14923902,0.208580408,5843.0,1129.0
0.837307720478145,0.403894679,0.154141472,0.213361449,5843.0,1129.0
0.8397051265206238,0.281893354,0.149993872,0.245633153,5843.0,1129.0
0.8457557672764335,0.131322496,0.150188518,0.288523408,5843.0,1129.0
0.8472797588708114,0.000933883,0.166957577,0.3027954535,5843.0,1129.0
0.8220922461614568,0.0,0.197417503,0.3156429585,5843.0,1129.0
0.7707488935104325,0.0,0.216128833,0.389441856,5843.0,1129.0
0.6919267727351514,0.0,0.220695278,0.422701685,5843.0,1129.0
0.6580503020416492,0.0,0.222627373,0.436999229,5843.0,1129.0
0.6253006825220935,0.0,0.22204779,0.4358745905,5843.0,1129.0
0.6193171175626345,0.0,0.21709051,0.4310026,5843.0,1129.0
0.6373591664557094,0.0,0.226853366,0.4389100845,5843.0,1129.0
0.656091686968944,0.0,0.242203976,0.442728343,5843.0,1129.0
0.683275133750421,0.0,0.24888336,0.463306874,5843.0,1129.0
0.7134883493310898,0.058496453,0.251032166,0.468474618,5843.0,1129.0
0.7421951323664172,0.240503223,0.241264437,0.46278588,5843.0,1129.0
0.7412485315121504,0.390478107,0.209771817,0.406857964,5843.0,1129.0
0.7354439995909454,0.479112124,0.239761257,0.403073951,5843.0,1129.0
0.7314186050407404,0.484612167,0.258304453,0.403129947,5843.0,1129.0
0.7277881270251914,0.445063801,0.263639195,0.408382279,5843.0,1129.0
0.7260017785530954,0.381816499,0.2591155,0.421743193,5843.0,1129.0
0.7320186120543215,0.292537791,0.239914882,0.445505255,5843.0,1129.0
0.7457484439333487,0.195753992,0.236537172,0.489595291,5843.0,1129.0
0.7625447077831553,0.072766619,0.252861979,0.55011307,5843.0,1129.0
0.7678348276843524,0.0,0.29611982000000003,0.6019196179999999,5843.0,1129.0
0.7594382175236654,0.0,0.3519140505,0.58303434,5843.0,1129.0
0.7156368371593405,0.0,0.366523964,0.5952483245,5843.0,1129.0
0.6442161924006499,0.0,0.368576789,0.584879405,5843.0,1129.0
0.6203136565995853,0.0,0.363043711,0.5783157594999999,5843.0,1129.0
0.629478560413228,0.0,0.347080572,0.599082117,5843.0,1129.0
0.6458559339116051,0.0,0.343113101,0.623992491,5843.0,1129.0
0.6560539933151888,0.0,0.340010172,0.65729661,5843.0,1129.0
0.6870387803072721,0.0,0.345419467,0.67389997,5843.0,1129.0
0.7239776092858217,0.033640721,0.356513619,0.665326837,5843.0,1129.0
0.7558646076184043,0.120219432,0.369915838,0.670949565,5843.0,1129.0
0.753470151542295,0.196465795,0.290680947,0.585875494,5843.0,1129.0
0.7515420190222494,0.248128449,0.326461137,0.592889877,5843.0,1129.0
0.7509030073489898,0.267359556,0.344941442,0.613074342,5843.0,1129.0
0.7489507603442075,0.225378685,0.351084827,0.622791135,5843.0,1129.0
0.7505967293363397,0.185488053,0.351949916,0.609661231,5843.0,1129.0
0.7554450147393306,0.145772192,0.34305745,0.605226914,5843.0,1129.0
0.7743586751427983,0.098708674,0.338743966,0.606976282,5843.0,1129.0
0.7958535739872398,0.040001417,0.336357357,0.604071313,5843.0,1129.0
0.7947115283992122,0.00063186,0.3351345705,0.576250178,5843.0,1129.0
0.7712673325163579,0.0,0.3292201165,0.5516962464999999,5843.0,1129.0
0.7266101203871351,0.0,0.2693249335,0.4909255105,5843.0,1129.0
0.666619249218144,0.0,0.2378428965,0.498989132,5843.0,1129.0
0.650668773262,0.0,0.182973414,0.466607121,5843.0,1129.0
0.6737990118959242,0.0,0.145472815,0.474639075,5843.0,1129.0
0.7261497435448419,0.0,0.127197486,0.505142606,5843.0,1129.0
0.7917488589493211,0.0,0.115837402,0.525591204,5843.0,1129.0
0.8329854596740792,0.0,0.109465599,0.495921362,5843.0,1129.0
0.8627227526533344,0.031854374,0.102504746,0.419690817,5843.0,1129.0
0.8644128303106103,0.138024598,0.087121294,0.371683847,5843.0,1129.0
0.8561625696529561,0.230367819,0.064007112,0.33502236,5843.0,1129.0
0.8516964644863415,0.31472295,0.068009896,0.344207522,5843.0,1129.0
0.8485092255369848,0.329137992,0.075480664,0.349089048,5843.0,1129.0
0.8469808791646004,0.340431072,0.092646822,0.363619668,5843.0,1129.0
0.8468919130129394,0.313076381,0.100887175,0.397778941,5843.0,1129.0
0.8480407948852907,0.259257946,0.114081548,0.455932644,5843.0,1129.0
0.8539915124947011,0.183657728,0.110351738,0.487364168,5843.0,1129.0
0.8634600486749812,0.081584612,0.107205027,0.466283023,5843.0,1129.0
0.8665856667724064,0.0008614095,0.10437263050000001,0.367799063,5843.0,1129.0
0.8462016285169061,0.0,0.10872191,0.310858347,5843.0,1129.0
0.8031939440681147,0.0,0.115007695,0.294789397,5843.0,1129.0
0.7677343426782716,0.0,0.145077683,0.335595626,5843.0,1129.0
0.6956662110827685,0.0,0.16466829249999998,0.4245128655,5843.0,1129.0
0.6536382478088606,0.0,0.19676996766666668,0.47938659800000005,5843.0,1129.0
0.6748714296848682,0.0,0.219533655,0.470111199,5843.0,1129.0
0.7280417276470814,0.0,0.227053673,0.506024341,5843.0,1129.0
0.7970279282937165,0.0,0.237573742,0.57423355,5843.0,1129.0
0.8408708651580185,0.0,0.255620651,0.626996793,5843.0,1129.0
0.8666293071399321,0.042205612,0.283497964,0.638747911,5843.0,1129.0
0.8670968011963899,0.131522811,0.324444267,0.622969744,5843.0,1129.0
0.8587405301730369,0.211379803,0.367755832,0.621112279,5843.0,1129.0
0.8559649709613163,0.281166654,0.410712351,0.641334483,5843.0,1129.0
0.8546822649634843,0.348369944,0.448700934,0.648678911,5843.0,1129.0
0.8546129650377071,0.328327253,0.485425318,0.636682849,5843.0,1129.0
0.8532986058243875,0.355842773,0.492290073,0.632072065,5843.0,1129.0
0.8558407928246514,0.316259743,0.481448347,0.610625851,5843.0,1129.0
0.8668765395314653,0.239497588,0.477256799,0.560388614,5843.0,1129.0
0.8795071232380345,0.100375053,0.465315644,0.522343759,5843.0,1129.0
0.8750832537085254,0.000869215,0.4364902925,0.4744269605,5843.0,1129.0
0.8481851073830236,0.0,0.421750615,0.441628048,5843.0,1129.0
0.802902696735935,0.0,0.419792293,0.424341184,5843.0,1129.0
0.7692013490473483,0.0,0.438526577,0.370554301,5843.0,1129.0
0.7136376253287592,0.0,0.392158497,0.352792648,5843.0,1129.0
0.6691437832824401,0.0,0.37177720599999997,0.360372479,5843.0,1129.0
0.6533048663609113,0.0,0.35451916699999997,0.32682091700000004,5843.0,1129.0
0.6762761129992374,0.0,0.343201053,0.289525875,5843.0,1129.0
0.7298022289494971,0.0,0.331587891,0.269976891,5843.0,1129.0
0.798516754927773,0.0,0.325834293,0.253890082,5843.0,1129.0
0.8441221598470262,0.0,0.32087434,0.242379493,5843.0,1129.0
0.8755944816945719,0.05752343,0.327786186,0.227535904,5843.0,1129.0
0.873302711444671,0.224455446,0.320071749,0.216203679,5843.0,1129.0
0.8633062776374274,0.331050789,0.302577763,0.191356074,5843.0,1129.0
0.8585733674154591,0.45318801,0.350413346,0.247364855,5843.0,1129.0
0.8533122785554694,0.492257318,0.380401287,0.314316929,5843.0,1129.0
0.8494957205402663,0.480776939,0.390780026,0.373384968,5843.0,1129.0
0.8477167704558267,0.450340678,0.385033552,0.370497245,5843.0,1129.0
0.8506199728492314,0.42261856,0.360987172,0.393127957,5843.0,1129.0
0.8610196580115895,0.306918918,0.310380629,0.40254706,5843.0,1129.0
0.8785501275735786,0.110521446,0.280326275,0.442124284,5843.0,1129.0
0.8881145132145264,0.000723423,0.25591373500000003,0.43039602,5843.0,1129.0
0.8568877849605017,0.0,0.255044033,0.412780585,5843.0,1129.0
0.8052248091954005,0.0,0.25840353,0.407068358,5843.0,1129.0
0.7687380691821513,0.0,0.26672556,0.388000105,5843.0,1129.0
0.7157789958616281,0.0,0.25048536,0.388781505,5843.0,1129.0
0.6743526628868536,0.0,0.24249563000000002,0.3922336895,5843.0,1129.0
0.6584330676094396,0.0,0.2416405735,0.408086381,5843.0,1129.0
0.6809193545419007,0.0,0.230339286,0.401727404,5843.0,1129.0
0.7340904953748528,0.0,0.226059416,0.390033602,5843.0,1129.0
0.8019767924272855,0.0,0.217031052,0.385842595,5843.0,1129.0
0.8551238184506328,0.0,0.218054831,0.401300366,5843.0,1129.0
0.8832738601043496,0.02510298,0.2132964,0.413258576,5843.0,1129.0
0.8822232156369199,0.127296593,0.211526239,0.410361034,5843.0,1129.0
0.8650404636349788,0.209802531,0.181333028,0.364965872,5843.0,1129.0
0.8593966328413657,0.272464209,0.207515994,0.353629098,5843.0,1129.0
0.8556602381846152,0.297215443,0.210601055,0.353658757,5843.0,1129.0
0.852347322643676,0.296629122,0.209077353,0.324895325,5843.0,1129.0
0.8514492319323742,0.238906394,0.209433368,0.28232735,5843.0,1129.0
0.85381442273725,0.184569499,0.186602635,0.240465848,5843.0,1129.0
0.862580313021206,0.117730884,0.164267983,0.225880429,5843.0,1129.0
0.8791624025066044,0.017784317499999997,0.1673693525,0.2295777375,5843.0,1129.0
0.867231842603296,0.0,0.170097009,0.274576568,5843.0,1129.0
0.8493335211201909,0.0,0.168664557,0.269851999,5843.0,1129.0
0.8028697325145243,0.0,0.164588361,0.261038018,5843.0,1129.0
0.7677548049938627,0.0,0.161404389,0.264197714,5843.0,1129.0
0.7150978890567923,0.0,0.146121551,0.252056102,5843.0,1129.0
0.6708807086505015,0.0,0.141751405,0.223047021,5843.0,1129.0
0.6553479994076417,0.0,0.134459456,0.22504680500000002,5843.0,1129.0
0.6781393001278615,0.0,0.133832819,0.289508636,5843.0,1129.0
0.7311271704220001,0.0,0.139202154,0.320588236,5843.0,1129.0
0.7996950424144528,0.0,0.139274025,0.314815735,5843.0,1129.0
0.8465180674345874,0.0,0.136392466,0.28757722,5843.0,1129.0
0.8785945169249119,0.019294892,0.141155329,0.261571961,5843.0,1129.0
0.8758139006511915,0.138035569,0.156421942,0.23749071,5843.0,1129.0
0.8641943479492269,0.267090661,0.171578691,0.221201485,5843.0,1129.0
0.8620669309960634,0.372780181,0.203393016,0.213979344,5843.0,1129.0
0.8566419102747059,0.47035889399999997,0.244288552,0.2448062755,5843.0,1129.0
0.8546068778184079,0.448174834,0.282808719,0.289307332,5843.0,1129.0
0.8562486327817134,0.368047178,0.281922455,0.327291277,5843.0,1129.0
0.8641113752923678,0.279772452,0.246277654,0.315188994,5843.0,1129.0
0.8782829477826699,0.097887502,0.216785864,0.305683578,5843.0,1129.0
0.8842072564439356,0.0007580565,0.206970226,0.3050509235,5843.0,1129.0
0.8558331135883714,0.0,0.211165482,0.304486944,5843.0,1129.0
0.8055340371744201,0.0,0.224983607,0.318251512,5843.0,1129.0
0.7686205401244668,0.0,0.279264955,0.365683329,5843.0,1129.0
0.6839662141737277,0.0,0.24057258599999998,0.36415959,5843.0,1129.0
0.6366513931634041,0.0,0.199952213,0.345367179,5843.0,1129.0
0.639527039498786,0.0,0.175683658,0.3242106215,5843.0,1129.0
0.6678706061584105,0.0,0.157731822,0.301626177,5843.0,1129.0
0.7049175292889908,0.0,0.162212858,0.282574404,5843.0,1129.0
0.7418938646347352,0.066720718,0.175847601,0.288308964,5843.0,1129.0
0.7742728930250987,0.24169438,0.192312038,0.300901188,5843.0,1129.0
0.7728182949997785,0.402687784,0.183109009,0.283811816,5843.0,1129.0
0.7628945793822997,0.499270013,0.241654703,0.273894899,5843.0,1129.0
0.7545531515904227,0.54214376,0.295915809,0.263309171,5843.0,1129.0
0.7517145198528846,0.540997242,0.330878622,0.273081628,5843.0,1129.0
0.7505967293363397,0.433086349,0.328841594,0.295642934,5843.0,1129.0
0.7527346817676552,0.334848559,0.326687223,0.335573034,5843.0,1129.0
0.7743586751427983,0.226925862,0.338129688,0.399207345,5843.0,1129.0
0.805628996983317,0.06501466,0.364725138,0.481010197,5843.0,1129.0
0.814815322935869,0.000753264,0.420387356,0.5844205685,5843.0,1129.0
0.7799348448086465,0.0,0.4755697955,0.5910386055000001,5843.0,1129.0
0.7469319757685887,0.0,0.464854498,0.614114635,5843.0,1129.0
0.6803662655730867,0.0,0.470290292,0.617946192,5843.0,1129.0
0.6297550112949633,0.0,0.4579170505,0.6251450605,5843.0,1129.0
0.6242908922706475,0.0,0.440930341,0.618273632,5843.0,1129.0
0.6338952191665097,0.0,0.424276324,0.59974418,5843.0,1129.0
0.6555006233353171,0.0,0.39823476,0.5621783929999999,5843.0,1129.0
0.6952456816084583,0.0,0.363302351,0.555556706,5843.0,1129.0
0.7296416683274339,0.030261659,0.341839131,0.577103803,5843.0,1129.0
0.755769460522947,0.101516541,0.347102503,0.579699261,5843.0,1129.0
0.7526934295068176,0.170949022,0.395758486,0.584347852,5843.0,1129.0
0.7495487070431899,0.289289247,0.416029654,0.547937919,5843.0,1129.0
0.7443832335762759,0.400152559,0.438531477,0.519568983,5843.0,1129.0
0.7410303301618247,0.465151182,0.449169556,0.45798582,5843.0,1129.0
0.7406124698052603,0.388322525,0.431799386,0.437440034,5843.0,1129.0
0.7428270736065437,0.348054886,0.419932753,0.422645009,5843.0,1129.0
0.7617702333488372,0.206950972,0.40447943,0.416537046,5843.0,1129.0
0.7803804720627441,0.01616648,0.41161517000000003,0.4363224965,5843.0,1129.0
0.7832096921227096,0.0,0.433066787,0.442627448,5843.0,1129.0
0.7697829074413397,0.0,0.455659696,0.443733648,5843.0,1129.0
0.7474165140390843,0.0,0.507431917,0.436427065,5843.0,1129.0
0.6968144374521585,0.0,0.5426591555,0.4418677895,5843.0,1129.0
0.6570367424248276,0.0,0.582567486,0.506580111,5843.0,1129.0
0.6527095182832592,0.0,0.623029726,0.564213275,5843.0,1129.0
0.6765719960392644,0.0,0.6281457,0.568414745,5843.0,1129.0
0.7298343036815712,0.0,0.624672379,0.63109977,5843.0,1129.0
0.7989053967941353,0.0,0.622215092,0.703359796,5843.0,1129.0
0.8445967712800826,0.0,0.621510858,0.74775189,5843.0,1129.0
0.8754521357869407,0.054587244,0.617963224,0.790775197,5843.0,1129.0
0.8739921529075312,0.239725426,0.587030026,0.807510676,5843.0,1129.0
0.8676055008950877,0.400298074,0.585904663,0.771130897,5843.0,1129.0
0.8630938823329091,0.516273919,0.632298285,0.743970841,5843.0,1129.0
0.855792563692744,0.497825359,0.632640066,0.709468296,5843.0,1129.0
0.8526681630391786,0.494459705,0.618320311,0.657474483,5843.0,1129.0
0.8501130526165089,0.431379301,0.584501468,0.592433936,5843.0,1129.0
0.8524322620530707,0.384440803,0.521799641,0.537546714,5843.0,1129.0
0.8583670593302398,0.289708889,0.447663741,0.522221267,5843.0,1129.0
0.8782239491050186,0.111115621,0.413979871,0.512875586,5843.0,1129.0
0.8831977706752803,0.000665574,0.406574495,0.5172845079999999,5843.0,1129.0
0.8557367490490542,0.0,0.399240709,0.542553855,5843.0,1129.0
0.8053002900649742,0.0,0.37868764,0.548990362,5843.0,1129.0
0.7709645662485413,0.0,0.294769511,0.503752929,5843.0,1129.0
0.7018530637458786,0.0,0.2748083945,0.4636790295,5843.0,1129.0
0.6632745635091382,0.0,0.251134559,0.4383804335,5843.0,1129.0
0.6664676320572522,0.0,0.240718694,0.389300997,5843.0,1129.0
0.6909543248736385,0.0,0.235342517,0.373488832,5843.0,1129.0
0.7434803666515979,0.0,0.227208023,0.364212476,5843.0,1129.0
0.8107247020644016,0.0,0.217035163,0.347845439,5843.0,1129.0
0.8693434329487157,0.0,0.211632361,0.339689747,5843.0,1129.0
0.9033684303312115,0.04185446,0.197501042,0.336810723,5843.0,1129.0
0.8894705928238675,0.240669238,0.169345012,0.331287338,5843.0,1129.0
0.8799311645383954,0.447689992,0.138887123,0.306052051,5843.0,1129.0
0.866565344962344,0.609809975,0.144129573,0.301958761,5843.0,1129.0
0.8583584436611579,0.720239928,0.155990077,0.275576352,5843.0,1129.0
0.8534175397749264,0.747973962,0.173062441,0.25759078,5843.0,1129.0
0.8496998747488235,0.69760772,0.17311727,0.254540065,5843.0,1129.0
0.8506421676873323,0.577735219,0.156452019,0.239441549,5843.0,1129.0
0.8615973766250068,0.404204846,0.155680582,0.231019785,5843.0,1129.0
0.8850470041429819,0.125185718,0.164809968,0.240392615,5843.0,1129.0
0.8970032236857587,0.001818199,0.168190074,0.256162679,5843.0,1129.0
0.8905259196177421,0.0,0.161557612,0.282888738,5843.0,1129.0
0.8585799227699422,0.0,0.159602183,0.310510703,5843.0,1129.0
0.8077381522785829,0.0,0.162218008,0.331844333,5843.0,1129.0
0.7771517936472065,0.0,0.164956109,0.351423446,5843.0,1129.0
0.7221359146300882,0.0,0.167946291,0.365370169,5843.0,1129.0
0.6786605252853287,0.0,0.168694687,0.354864885,5843.0,1129.0
0.6675057509034785,0.0,0.1740432885,0.332817495,5843.0,1129.0
0.6919510277254168,0.0,0.17046311,0.336486428,5843.0,1129.0
0.7492237929619553,0.0,0.167478349,0.338863025,5843.0,1129.0
0.8191529889123091,0.0,0.166557389,0.356538287,5843.0,1129.0
0.8731386389965572,0.0,0.166169815,0.371842389,5843.0,1129.0
0.9076017249836164,0.067022874,0.163633415,0.369419304,5843.0,1129.0
0.9028577642048463,0.415517652,0.153462459,0.353630787,5843.0,1129.0
0.8857079764243159,0.610006854,0.13085174,0.364658366,5843.0,1129.0
0.8717862584998272,0.747490114,0.120656083,0.32879164,5843.0,1129.0
0.8609418359787934,0.81755923,0.121981039,0.318043652,5843.0,1129.0
0.8525050270238669,0.832664052,0.122608776,0.307109198,5843.0,1129.0
0.8486440796573307,0.779696146,0.115745956,0.291710705,5843.0,1129.0
0.8506715733016605,0.653522216,0.106103666,0.278307351,5843.0,1129.0
0.8568085581972853,0.459226034,0.113731313,0.285221704,5843.0,1129.0
0.8779508697062393,0.13708938,0.123268215,0.298365824,5843.0,1129.0
0.8805040133763733,0.0009610085,0.1379761385,0.330931481,5843.0,1129.0
0.8569552120206745,0.0,0.154479988,0.356376233,5843.0,1129.0
0.8066577276237039,0.0,0.169769789,0.388631115,5843.0,1129.0
0.7737580593260702,0.0,0.190575174,0.426537076,5843.0,1129.0
0.7190033196615931,0.0,0.194142186,0.47742688,5843.0,1129.0
0.681757159041361,0.0,0.204631098,0.5081811940000001,5843.0,1129.0
0.670051566682372,0.0,0.2146895875,0.4836972515,5843.0,1129.0
0.6921168794770717,0.0,0.219666721,0.517399673,5843.0,1129.0
0.7438526669940008,0.0,0.221458639,0.535948536,5843.0,1129.0
0.8148876664712958,0.0,0.222808776,0.542669349,5843.0,1129.0
0.872846829642262,0.0,0.227348574,0.537753603,5843.0,1129.0
0.9065324444476023,0.060939841,0.226790475,0.496290135,5843.0,1129.0
0.8894705928238675,0.375338086,0.218223249,0.439350729,5843.0,1129.0
0.8732043803152522,0.529401652,0.166749307,0.429832598,5843.0,1129.0
0.8633858789737646,0.629443111,0.155270624,0.412400889,5843.0,1129.0
0.8556602381846152,0.667734584,0.164494802,0.35337554,5843.0,1129.0
0.8517311144492301,0.651928396,0.165828085,0.284456955,5843.0,1129.0
0.8497292803631519,0.574859003,0.166131414,0.241997351,5843.0,1129.0
0.8506715733016605,0.441932447,0.151745169,0.23076813,5843.0,1129.0
0.8609375280630354,0.271390601,0.148676311,0.223268367,5843.0,1129.0
0.8803325427030373,0.055465996,0.152834983,0.231546543,5843.0,1129.0
0.8814437309216334,0.0008997455,0.16903181150000002,0.2477499235,5843.0,1129.0
0.8538766054488626,0.0,0.183672112,0.261588692,5843.0,1129.0
0.8035251794362405,0.0,0.18127266,0.285725672,5843.0,1129.0
0.7676257570817585,0.0,0.158947264,0.322875718,5843.0,1129.0
0.6986188599707233,0.0,0.16852847999999998,0.386522166,5843.0,1129.0
0.6578662980585605,0.0,0.180884487,0.4298726373333333,5843.0,1129.0
0.680024494808026,0.0,0.203362695,0.485611122,5843.0,1129.0
0.7334759727594508,0.0,0.213061097,0.500613228,5843.0,1129.0
0.8012761129586289,0.0,0.230020749,0.514483917,5843.0,1129.0
0.8682955510798779,0.011009734,0.2424566985,0.5304722615,5843.0,1129.0
0.8822232156369199,0.179835121,0.240290398,0.510604896,5843.0,1129.0
0.8651962014250683,0.319716424,0.220048087,0.522051556,5843.0,1129.0
0.8585733674154591,0.465735837,0.242308401,0.523883418,5843.0,1129.0
0.8510008889419334,0.572647017,0.28744490300000003,0.527918281,5843.0,1129.0
0.8483282963238279,0.587883972,0.304157542,0.507239876,5843.0,1129.0
0.8500416923761329,0.49562514,0.279984453,0.449367175,5843.0,1129.0
0.8585247637104308,0.363948002,0.238945678,0.379126171,5843.0,1129.0
0.883765141178323,0.111324457,0.216751423,0.34058488,5843.0,1129.0
0.8919706378303061,0.0008462485,0.213967013,0.336804584,5843.0,1129.0
0.8590830971090221,0.0,0.225298129,0.367135765,5843.0,1129.0
0.8078796554779093,0.0,0.214759961,0.398366515,5843.0,1129.0
0.7728304224949111,0.0,0.199048451,0.400694321,5843.0,1129.0
0.6949056198941743,0.0,0.1967107965,0.45830674,7336.5,1418.0
0.6523823800725982,0.0,0.187126446,0.4133521515,8830.0,1707.0
0.6555422969503071,0.0,0.1926628935,0.3915152585,8830.0,1707.0
0.6804370873442971,0.0,0.173062782,0.34156651400000004,8830.0,1707.0
0.7478862792496512,0.013449199,0.16881071450000001,0.353184319,8830.0,1707.0
0.7911384569631167,0.219965388,0.158671988,0.382339638,8830.0,1707.0
0.7935375485846393,0.387116831,0.125838217,0.426638069,8830.0,1707.0
0.7788589152748688,0.5548551644999999,0.1529702545,0.41783796500000003,8830.0,1707.0
0.7646440301279135,0.613097594,0.188687994,0.393913842,8830.0,1707.0
0.7605022771828522,0.559177474,0.205497068,0.378793727,8830.0,1707.0
0.7618270781498266,0.437529062,0.207014132,0.397256039,8830.0,1707.0
0.7883538136222619,0.294581049,0.198691163,0.418179746,8830.0,1707.0
0.8247912945899555,0.0413760295,0.213579866,0.41596956799999996,8830.0,1707.0
0.8164896206852157,0.0,0.22362397499999997,0.4206203125,8830.0,1707.0
0.7852266972323532,0.0,0.230321273,0.435469266,8830.0,1707.0
0.7324488107455289,0.0,0.23297802299999998,0.464784972,8830.0,1707.0
0.6574686735573274,0.0,0.236328802,0.495666803,8830.0,1707.0
0.6401982430191326,0.0,0.225410362,0.4849207045,8830.0,1707.0
0.656314640979696,0.0,0.2165448965,0.462368355,8830.0,1707.0
0.6846517692374164,0.0,0.213617605,0.422303528,8830.0,1707.0
0.7413257917664822,0.0167883475,0.215528461,0.416670787,8830.0,1707.0
0.7866433205928606,0.254743117,0.202379874,0.416571503,8830.0,1707.0
0.7829045378294219,0.39113818,0.17665178,0.388035618,8830.0,1707.0
0.7729749224416383,0.511013298,0.177282848,0.384669253,8830.0,1707.0
0.7605609948494458,0.5797465115,0.1950258705,0.386285557,8830.0,1707.0
0.7526371465655096,0.520638905,0.2049463175,0.3962675195,8830.0,1707.0
0.7789671731605099,0.353624316,0.205970302,0.41907413,8830.0,1707.0
0.8057913836899528,0.101264295,0.222346393,0.449984975,8830.0,1707.0
0.8224215149394811,0.0008038845,0.23140426949999998,0.4731568235,8830.0,1707.0
0.7932623853995284,0.0,0.237966513,0.492261834,8830.0,1707.0
0.7593164508029873,0.0,0.256592362,0.546366382,8830.0,1707.0
0.7009837231459437,0.0,0.249012139,0.553094551,8830.0,1707.0
0.6594818156583153,0.0,0.237915622,0.5374734795,8830.0,1707.0
0.6592457273044299,0.0,0.227648915,0.518449916,8830.0,1707.0
0.6828778760525426,0.0,0.225106247,0.502835557,8830.0,1707.0
0.7422748274272517,0.0,0.217652189,0.478871329,8830.0,1707.0
0.8338356024269655,0.0,0.21347503,0.458463165,8830.0,1707.0
0.9158490825371499,0.014445429,0.19721360049999997,0.432782774,8830.0,1707.0
0.9179718169202175,0.236212831,0.1666408,0.410544335,8830.0,1707.0
0.9036270880151014,0.377122911,0.125970528,0.389085531,8830.0,1707.0
0.8911109428943185,0.49656712,0.121603904,0.368818249,8830.0,1707.0
0.8812522663115415,0.570296163,0.12901425500000002,0.3236301015,8830.0,1707.0
0.8750736078821438,0.52928341,0.132522843,0.301299465,8830.0,1707.0
0.875093835967709,0.427738686,0.119453423,0.306694474,8830.0,1707.0
0.8865764742347289,0.268079948,0.116800181,0.29114612,8830.0,1707.0
0.9081048055981991,0.072746578,0.124284791,0.265854318,8830.0,1707.0
0.9091141510237599,0.0009148615,0.138342888,0.2105115475,8830.0,1707.0
0.879087483577929,0.0,0.136274688,0.161667832,8830.0,1707.0
0.8274605626685708,0.0,0.129967492,0.13415944,8830.0,1707.0
0.7901752803548644,0.0,0.13004741,0.126850639,8830.0,1707.0
0.7175540127658646,0.0,0.124504612,0.124325799,8830.0,1707.0
0.6849657732673782,0.0,0.117342266,0.118835531,8830.0,1707.0
0.6611082823206083,0.0,0.1060172575,0.0909349255,8830.0,1707.0
0.660076016544872,0.0,0.091674589,0.075936779,8830.0,1707.0
0.683810523327104,0.0,0.080829072,0.071466421,8830.0,1707.0
0.7412357016518075,0.0,0.073429864,0.072461785,8830.0,1707.0
0.8302926858326573,0.0,0.068524875,0.078182967,8830.0,1707.0
0.9010976373131174,0.0,0.064790592,0.087705921,8830.0,1707.0
0.9210641897851743,0.023776408,0.06373638,0.095199291,8830.0,1707.0
0.9091604134031314,0.274181097,0.060843649,0.105223855,8830.0,1707.0
0.8936763547275482,0.457301183,0.044649562,0.131391248,8830.0,1707.0
0.8840781148885511,0.600929881,0.03270035,0.109259585,8830.0,1707.0
0.8726349495788275,0.721919007,0.0343219595,0.10720128400000001,8830.0,1707.0
0.861987704232847,0.720328326,0.034028469,0.11736489,8830.0,1707.0
0.8639188335002937,0.613318124,0.030955611,0.114812064,8830.0,1707.0
0.8731648605769241,0.44199026,0.034175186,0.101597537,8830.0,1707.0
0.8848122268762364,0.123891286,0.039989086,0.089843854,8830.0,1707.0
0.8903741151702899,0.001960323,0.044150119,0.080973527,8830.0,1707.0
0.8843260965887602,0.0,0.04897937,0.075626158,8830.0,1707.0
0.8712160316736953,0.0,0.052586394,0.076227009,8830.0,1707.0
0.8239817018139135,0.0,0.055223154,0.082563317,8830.0,1707.0
0.7880876641510866,0.0,0.061135898,0.103397324,8830.0,1707.0
0.7177207073882584,0.0,0.061294706,0.121625324,8830.0,1707.0
0.6857908649402917,0.0,0.061285379,0.146217331,8830.0,1707.0
0.6628661382206621,0.0,0.0608756245,0.20130367999999998,8830.0,1707.0
0.6617222665480619,0.0,0.060832931,0.223652819,8830.0,1707.0
0.6849482609181563,0.0,0.062051767,0.211574399,8830.0,1707.0
0.7426645931754107,0.0,0.062362433,0.203199172,8830.0,1707.0
0.8333272773013886,0.0,0.065191766,0.203433973,8830.0,1707.0
0.9047827125284965,0.0,0.06797099,0.210255248,8830.0,1707.0
0.9336356812520291,0.025993254,0.071865025,0.217875972,8830.0,1707.0
0.9217398649548896,0.317640345,0.074774202,0.220299798,8830.0,1707.0
0.9064192231432416,0.486858542,0.075428747,0.246906606,8830.0,1707.0
0.8906919588183915,0.629045168,0.062632357,0.234768946,8830.0,1707.0
0.8788806136330286,0.732381956,0.070846297,0.207254024,8830.0,1707.0
0.873115788736712,0.775328035,0.083962431,0.196921472,8830.0,1707.0
0.8635342185386319,0.732406628,0.091276926,0.192094095,8830.0,1707.0
0.8642034319159271,0.624167522,0.09477572,0.208248827,8830.0,1707.0
0.8723201496215925,0.43771989,0.103842315,0.244146309,8830.0,1707.0
0.8983741466890098,0.121301752,0.112261633,0.284808883,8830.0,1707.0
0.9039188972069624,0.0008661275,0.1223268275,0.332378072,8830.0,1707.0
0.874567530357726,0.0,0.141606259,0.360824078,8830.0,1707.0
0.8244362724479654,0.0,0.149805899,0.374737958,8830.0,1707.0
0.7903240880549157,0.0,0.169808447,0.394273582,8830.0,1707.0
0.7009837231459437,0.0,0.17349899600000002,0.393151826,8830.0,1707.0
0.6615774388092452,0.0,0.171600535,0.38918047850000004,8830.0,1707.0
0.6601486877911711,0.0,0.169220368,0.382992516,8830.0,1707.0
0.6851037176971881,0.0,0.163781801,0.394500563,8830.0,1707.0
0.7422979585357203,0.0,0.157358261,0.393564836,8830.0,1707.0
0.8338359770000864,0.0,0.152466699,0.37685589,8830.0,1707.0
0.9144027724700393,0.0125673935,0.14930527799999999,0.32956684999999997,8830.0,1707.0
0.912071763330434,0.334203377,0.133743606,0.293390369,8830.0,1707.0
0.888413299277457,0.498254372,0.083232811,0.297823537,8830.0,1707.0
0.8763894653879469,0.619981966,0.068741501,0.269015227,8830.0,1707.0
0.8660457821558392,0.717721146,0.072261267,0.264749164,8830.0,1707.0
0.8594965559877652,0.725593344,0.084579038,0.25923279,8830.0,1707.0
0.8591432195060359,0.607490544,0.092312705,0.249701642,8830.0,1707.0
0.8651191285385138,0.442187309,0.099305572,0.229723344,8830.0,1707.0
0.876604388979814,0.128209372,0.116013854,0.220083985,8830.0,1707.0
0.8854998891167727,0.0008437075,0.13202870049999998,0.2114024255,8830.0,1707.0
0.8743765807450669,0.0,0.133711341,0.215950859,8830.0,1707.0
0.8246720798720102,0.0,0.127765782,0.229590085,8830.0,1707.0
0.7878872559986063,0.0,0.120508391,0.232118616,8830.0,1707.0
0.716762821909598,0.0,0.117155696,0.231367338,8830.0,1707.0
0.6726846629526654,0.0,0.112527354,0.23027793800000002,8830.0,1707.0
0.6604497917892426,0.0,0.1075767105,0.23101874,8830.0,1707.0
0.6870937520802229,0.0,0.103178003,0.243845519,8830.0,1707.0
0.7449181548553406,0.0,0.103290738,0.271369767,8830.0,1707.0
0.8371944056117213,0.0,0.107007763,0.298576138,8830.0,1707.0
0.9202184018102948,0.0106130845,0.120155787,0.3256980625,8830.0,1707.0
0.9188911660368178,0.292288811,0.139013361,0.349564882,8830.0,1707.0
0.9084139398527213,0.458144978,0.112807842,0.389735495,8830.0,1707.0
0.8944625353028466,0.602595904,0.114178303,0.375924407,8830.0,1707.0
0.8888429593370648,0.705006302,0.124954088,0.389409398,8830.0,1707.0
0.8808524800826631,0.73509221,0.146632909,0.408275777,8830.0,1707.0
0.8761319314234195,0.692352127,0.159681705,0.431117152,8830.0,1707.0
0.8771031618410725,0.57384672,0.162455727,0.444408475,8830.0,1707.0
0.8878561833227258,0.393978112,0.183104258,0.463379408,8830.0,1707.0
0.9081048055981991,0.109694581,0.235083299,0.488452648,8830.0,1707.0
0.9172547959276014,0.000773328,0.2810808285,0.5169216185000001,8830.0,1707.0
0.8809944514171735,0.0,0.302179261,0.553282893,8830.0,1707.0
0.8273815231919148,0.0,0.310553251,0.577544231,8830.0,1707.0
0.7898819727080859,0.0,0.284799749,0.547143334,8830.0,1707.0
0.6866739719145887,0.0,0.2821079745,0.5698342885000001,8830.0,1707.0
0.6379611166688763,0.0,0.27642430149999997,0.5857873945000001,8830.0,1707.0
0.6364327235154603,0.0,0.25646733899999996,0.6009435315,8830.0,1707.0
0.6690020694060375,0.0,0.22691875350000001,0.5650797864999999,8830.0,1707.0
0.7360582412765068,0.0077876725,0.1948083505,0.545902665,8830.0,1707.0
0.7830432783489393,0.239042372,0.167499971,0.500481382,8830.0,1707.0
0.7741962882737284,0.40568174,0.119110148,0.404456098,8830.0,1707.0
0.7636775759236366,0.56986383,0.114621466,0.352650035,8830.0,1707.0
0.7545350071287551,0.7160034955,0.12237856250000001,0.35528860149999997,8830.0,1707.0
0.747716751775901,0.724719728,0.129539812,0.402772287,8830.0,1707.0
0.7492889256399374,0.616949694,0.121765094,0.425791975,8830.0,1707.0
0.7746055331236449,0.431991671,0.118241058,0.442167164,8830.0,1707.0
0.7973549494705814,0.119661624,0.143122755,0.46113314,8830.0,1707.0
0.8178331045018058,0.001026238,0.166989135,0.5064413045,8830.0,1707.0
0.7934822958818477,0.0,0.1766683825,0.5425944655,8830.0,1707.0
0.758435544648818,0.0,0.169235624,0.533515446,8830.0,1707.0
0.7081939216765687,0.0,0.171119657,0.544864012,8830.0,1707.0
0.6655962076709856,0.0,0.1785997335,0.5356146724999999,8830.0,1707.0
0.6511035841081049,0.0,0.193959177,0.521794426,8830.0,1707.0
0.6554188914316166,0.0,0.2061609495,0.5288441345,8830.0,1707.0
0.6809806009019284,0.0,0.207718546,0.5379351,8830.0,1707.0
0.7469929878985901,0.0078854685,0.2031597635,0.5372239155,8830.0,1707.0
0.7872236615429921,0.330610794,0.188415635,0.522556971,8830.0,1707.0
0.7814352370781544,0.536263959,0.137482426,0.4823268,8830.0,1707.0
0.7636775759236366,0.677851469,0.125148192,0.445226469,8830.0,1707.0
0.73970665299543,0.780811567,0.146029546,0.4072509795,8830.0,1707.0
0.7247599971864459,0.739253328,0.162991506,0.390293463,8830.0,1707.0
0.7262838483565118,0.632631805,0.164112026,0.382848502,8830.0,1707.0
0.7510955489786298,0.450906863,0.175453914,0.371556971,8830.0,1707.0
0.779548731392067,0.124933016,0.19589412,0.349851347,8830.0,1707.0
0.8054496597059237,0.0009719665,0.21190401250000002,0.3159535835,8830.0,1707.0
0.7917919842381971,0.0,0.21872058500000002,0.2624621935,8830.0,1707.0
0.7591786936597378,0.0,0.203978486,0.225619588,8830.0,1707.0
0.700258531147697,0.0,0.2066714395,0.24861305150000002,8830.0,1707.0
0.6614129683162777,0.0,0.2058898765,0.2314672,8830.0,1707.0
0.6651954147565408,0.0,0.212322889,0.23269398,8830.0,1707.0
0.6921945142233072,0.0,0.217342087,0.228727743,8830.0,1707.0
0.7483900856199598,0.0,0.218350718,0.22765123,8830.0,1707.0
0.8404026217928847,0.0,0.219159666,0.241051166,8830.0,1707.0
0.9241600275327163,0.008333279,0.22119886,0.25914160249999996,8830.0,1707.0
0.9182699007803722,0.32249679,0.210084909,0.243250932,8830.0,1707.0
0.8936416110401624,0.505256793,0.154136143,0.265778623,8830.0,1707.0
0.8814958464527123,0.635216948,0.105667431,0.227427138,8830.0,1707.0
0.8710331358704366,0.7239253125,0.085886081,0.251392836,8830.0,1707.0
0.863415284588093,0.68922673,0.074829914,0.315911583,8830.0,1707.0
0.8657111754671916,0.575743311,0.070141706,0.36508227,8830.0,1707.0
0.8756598486025801,0.375318721,0.081332991,0.397465373,8830.0,1707.0
0.8887069814973565,0.089922676,0.092194024,0.414702021,8830.0,1707.0
0.8867735109854703,0.0008559165,0.096802456,0.42368305650000004,8830.0,1707.0
0.8708326341558932,0.0,0.094676859,0.39999683,8830.0,1707.0
0.8246855651540974,0.0,0.091083108,0.39179558,8830.0,1707.0
0.7914211821882776,0.0,0.086959266,0.397794661,8830.0,1707.0
0.71874840803378,0.0,0.072673109,0.385310359,8830.0,1707.0
0.6865911396008244,0.0,0.063138446,0.374175134,8830.0,1707.0
0.6694878329443039,0.0,0.053518339,0.36571201266666664,8830.0,1707.0
0.6967815199305623,0.0,0.045434195,0.367069166,8830.0,1707.0
0.7591948012785393,0.0,0.046578063,0.335354965,8830.0,1707.0
0.8524076324896844,0.0,0.045356211,0.268216643,8830.0,1707.0
0.930432194259559,0.005400815,0.046485174500000004,0.2140051955,8830.0,1707.0
0.9360829082809617,0.205411973,0.048358683,0.173744931,8830.0,1707.0
0.9102845721500334,0.356306757,0.039732756,0.148430821,8830.0,1707.0
0.8950891384699157,0.478752166,0.033366852,0.10750546,8830.0,1707.0
0.883001529851812,0.5436544075,0.048616110500000004,0.08879145499999999,8830.0,1707.0
0.8778628398249463,0.473308951,0.063105671,0.094661206,8830.0,1707.0
0.8803756210484475,0.341688586,0.067432883,0.115108354,8830.0,1707.0
0.8960851857375155,0.190068926,0.077342378,0.145680866,8830.0,1707.0
0.9097589221242292,0.039496867,0.092852555,0.168977385,8830.0,1707.0
0.9196262612383368,0.000689097,0.1097647625,0.2278341835,8830.0,1707.0
0.8837809677860669,0.0,0.118462921,0.2771185,8830.0,1707.0
0.8297851100157561,0.0,0.121093142,0.298730074,8830.0,1707.0
0.7953197764275376,0.0,0.126484221,0.318660916,8830.0,1707.0
0.7240817935669478,0.0,0.124626775,0.2985819,8830.0,1707.0
0.6792900081660027,0.0,0.1235270115,0.2492584565,8830.0,1707.0
0.6679371669573289,0.0,0.11603295050000001,0.1718841915,8830.0,1707.0
0.6899761645283813,0.0,0.105581533,0.167987007,8830.0,1707.0
0.7477486390589806,0.0,0.094909895,0.162654677,8830.0,1707.0
0.8404026217928847,0.0,0.089580231,0.13472782,8830.0,1707.0
0.9239344279571684,0.005640535,0.076991464,0.0990285645,8830.0,1707.0
0.9278232826455496,0.213074293,0.061755983,0.065778253,8830.0,1707.0
0.9095202116772807,0.33957479,0.046859732,0.062271795,8830.0,1707.0
0.8971233749177232,0.445180483,0.059628492,0.070744443,8830.0,1707.0
0.8893671578514173,0.537434822,0.0860197985,0.1071515365,8830.0,1707.0
0.884778045210966,0.48383608,0.113540932,0.157261292,8830.0,1707.0
0.8896269860357012,0.358080569,0.138492442,0.214430579,8830.0,1707.0
0.9055729200084953,0.212363897,0.16108304,0.307604799,8830.0,1707.0
0.9077727273593342,0.040184014,0.193878731,0.358680162,8830.0,1707.0
0.9016378029407424,0.000765629,0.239074026,0.382863417,8830.0,1707.0
0.8713876897960258,0.0,0.288772066,0.458531356,8830.0,1707.0
0.8230286393296609,0.0,0.333756593,0.520558353,8830.0,1707.0
0.7886644463317017,0.0,0.366738251,0.560858002,8830.0,1707.0
0.6978931764467766,0.0,0.43884812250000005,0.576388565,8830.0,1707.0
0.6559918808563405,0.0,0.5116999865,0.6047773665,8830.0,1707.0
0.6544467479716772,0.0,0.54686415,0.627332352,8830.0,1707.0
0.67916807754928,0.0,0.57570196,0.626788982,8830.0,1707.0
0.7369357292479056,0.0,0.586396501,0.730048025,8830.0,1707.0
0.8260705354615513,0.0,0.594312468,0.798136784,8830.0,1707.0
0.8992454070980148,0.001196885,0.586952022,0.802247412,8830.0,1707.0
0.9119121859222047,0.082900755,0.573581536,0.811356143,8830.0,1707.0
0.9084139398527213,0.165341506,0.562106407,0.790445885,8830.0,1707.0
0.9034491555493455,0.292993282,0.597308902,0.81115783,8830.0,1707.0
0.9011284945201147,0.3721235195,0.6478276574999999,0.8227907525,8830.0,1707.0
0.9021948251709766,0.394833944,0.70660393,0.843586612,8830.0,1707.0
0.9094123282835436,0.308464564,0.730543921,0.843945146,8830.0,1707.0
0.9287513409932951,0.245716486,0.745028398,0.836098015,8830.0,1707.0
0.9351683353777376,0.10133494,0.726118331,0.842577217,8830.0,1707.0
0.931079774820869,0.0007927115,0.690207032,0.8688950550000001,8830.0,1707.0
0.8844972864134726,0.0,0.654798795,0.801592378,8830.0,1707.0
0.8290737547258527,0.0,0.624769601,0.756140053,8830.0,1707.0
0.7911204763162768,0.0,0.54060575,0.747884374,8830.0,1707.0
0.7011724954102083,0.0,0.5842282985,0.773240005,8830.0,1707.0
0.6609677235404292,0.0,0.5495517973333333,0.7732327943333334,8830.0,1707.0
0.683673047032478,0.0,0.513018441,0.728883045,8830.0,1707.0
0.7414554014570508,0.0,0.491963069,0.710285807,8830.0,1707.0
0.8301036090856021,0.0,0.460175867,0.685498847,8830.0,1707.0
0.909139857606694,0.003849887,0.416158812,0.6444424445,8830.0,1707.0
0.9150619654478322,0.2208112,0.360472088,0.614909845,8830.0,1707.0
0.9007889713562132,0.378797322,0.328365682,0.600365956,8830.0,1707.0
0.8909551115421659,0.49088949,0.380027424,0.56465333,8830.0,1707.0
0.8854258130588364,0.5167325745,0.435622585,0.5736166715,8830.0,1707.0
0.8827263899759997,0.431560581,0.419035359,0.544896047,8830.0,1707.0
0.8856287496610995,0.346902616,0.381203114,0.473916584,8830.0,1707.0
0.9027763834025339,0.231124161,0.3242958,0.42150233,8830.0,1707.0
0.9236406520127718,0.072201949,0.297964849,0.375470868,8830.0,1707.0
0.9278024927003033,0.000550504,0.298747272,0.360014233,8830.0,1707.0
0.8853554828133255,0.0,0.301465496,0.382136121,8830.0,1707.0
0.8306833880136183,0.0,0.292503085,0.406477261,8830.0,1707.0
0.7959026458274518,0.0,0.281106447,0.411893939,8830.0,1707.0
0.6907482510184454,0.0,0.2968407365,0.4427744775,8830.0,1707.0
0.641200018445371,0.0,0.30151563733333336,0.42984320300000006,8830.0,1707.0
0.6539857155452053,0.0,0.3104069025,0.420920958,8830.0,1707.0
0.6804406226420807,0.0,0.306469966,0.406853904,8830.0,1707.0
0.7175299918431911,0.0,0.303961733,0.400433722,8830.0,1707.0
0.7571966195240405,0.009639086,0.307575041,0.412374793,8830.0,1707.0
0.7864778434143266,0.215356207,0.304949649,0.41591074,8830.0,1707.0
0.7899102546030518,0.345084666,0.29162054,0.4382859,8830.0,1707.0
0.782031732265685,0.433883381,0.300235539,0.431720119,8830.0,1707.0
0.7749864021916641,0.506900697,0.342995572,0.431000673,8830.0,1707.0
0.7709316955891937,0.5168339,0.380462623,0.451061228,8830.0,1707.0
0.7665805910304808,0.45202352,0.384648417,0.481732939,8830.0,1707.0
0.7687254266083688,0.348778504,0.373200849,0.522208786,8830.0,1707.0
0.7959574303138425,0.233693375,0.37927086,0.551156352,8830.0,1707.0
0.8085469958271662,0.065317149,0.393324278,0.559394574,8830.0,1707.0
0.8154924028360047,0.0009238065,0.388088018,0.5561830205,8830.0,1707.0
0.789390176717897,0.0,0.367853615,0.49951307,8830.0,1707.0
0.7576659866085367,0.0,0.339517039,0.363660486,8830.0,1707.0
0.7008142189814923,0.0,0.358851013,0.313565138,8830.0,1707.0
0.6643129633664223,0.0,0.367458632,0.261462127,8830.0,1707.0
0.6318357442709517,0.0,0.3740995345,0.21279284850000002,8830.0,1707.0
0.6313300180915732,0.0,0.38987508849999997,0.21785324350000002,8830.0,1707.0
0.6624751081663947,0.0,0.4209824945,0.270603068,8830.0,1707.0
0.7106575373353606,0.0,0.441598518,0.349162799,8830.0,1707.0
0.7500246296446034,0.006263988,0.479915542,0.387654639,8830.0,1707.0
0.77711616030805,0.132591852,0.514433988,0.421601266,8830.0,1707.0
0.7783677280066099,0.206348742,0.51407635,0.450958095,8830.0,1707.0
0.7726045886893371,0.2772479,0.539150447,0.525171748,8830.0,1707.0
0.7655095779719571,0.334758323,0.563058077,0.587705719,8830.0,1707.0
0.7630564042292541,0.39884204,0.578924214,0.6170864,8830.0,1707.0
0.761189611550082,0.40330067,0.58384304,0.60034109,8830.0,1707.0
0.7630387983179692,0.353631014,0.560630736,0.594104631,8830.0,1707.0
0.7826698542871738,0.265205664,0.547586855,0.608621936,8830.0,1707.0
0.8163795835772506,0.0387800875,0.502603138,0.5983456755000001,8830.0,1707.0
0.8170582554943668,0.0,0.467783108,0.595737908,8830.0,1707.0
0.7906979570237835,0.0,0.429474921,0.6093537545000001,8830.0,1707.0
0.7592125007518874,0.0,0.38091515,0.554500355,8830.0,1707.0
0.7018161895723467,0.0,0.34430070199999996,0.554791424,8830.0,1707.0
0.6666904690342083,0.0,0.3039418125,0.5364308,8830.0,1707.0
0.6715828160776602,0.0,0.27061622,0.501857928,8830.0,1707.0
0.6982431883890156,0.0,0.251417147,0.480550192,8830.0,1707.0
0.7605028858235651,0.0,0.229528127,0.469588692,8830.0,1707.0
0.8569709449039211,0.0,0.207785564,0.470071541,8830.0,1707.0
0.9329688090379563,0.004280309,0.18378914899999999,0.462616762,8830.0,1707.0
0.9424396865438929,0.212584395,0.145762454,0.448897692,8830.0,1707.0
0.9185673288939142,0.332448558,0.10607544,0.398217069,8830.0,1707.0
0.9090753804316736,0.458504082,0.092738751,0.361273712,8830.0,1707.0
0.898268885631987,0.580917609,0.097468876,0.313311857,8830.0,1707.0
0.890988263212571,0.643444122,0.099503347,0.282073779,8830.0,1707.0
0.8888749872881074,0.641769456,0.095528109,0.266355214,8830.0,1707.0
0.8917130102224985,0.574941205,0.096059574,0.276111082,8830.0,1707.0
0.9084192777633447,0.41334422,0.099576479,0.304239843,8830.0,1707.0
0.9250539977772545,0.126177613,0.113069273,0.35789744,8830.0,1707.0
0.9321612764952961,0.000861889,0.13595595100000002,0.3944428485,8830.0,1707.0
0.8874715681986297,0.0,0.167612558,0.408456839,8830.0,1707.0
0.8360048802816794,0.0,0.192487139,0.417431215,8830.0,1707.0
0.8074161881637179,0.0,0.208585059,0.446550491,8830.0,1707.0
0.7167353361043396,0.0,0.224501552,0.4974968385,8830.0,1707.0
0.6797200428799484,0.0,0.254925048,0.5558534595,8830.0,1707.0
0.6921031131839267,0.0,0.272563746,0.543086723,8830.0,1707.0
0.7690874723212433,0.0,0.296675082,0.552192286,8830.0,1707.0
0.8603085835703097,0.0,0.31500203,0.622280632,8830.0,1707.0
0.9162911979651966,0.0,0.344736213,0.67926573,8830.0,1707.0
0.9480165585749512,0.006517359,0.377513269,0.712155809,8830.0,1707.0
0.9415374752033935,0.17523095,0.397434713,0.716252542,8830.0,1707.0
0.9186136849977831,0.316307546,0.340978462,0.678610399,8830.0,1707.0
0.9050275101947441,0.451894882,0.366602517,0.6847977590000001,8830.0,1707.0
0.8931218609470969,0.484357668,0.408461612,0.631648249,8830.0,1707.0
0.8905995276217115,0.434079734,0.419098141,0.586554265,8830.0,1707.0
0.8951955234087353,0.328024391,0.416424063,0.586700375,8830.0,1707.0
0.9177719707898524,0.191044226,0.406655418,0.559099769,8830.0,1707.0
0.9291038346042855,0.049734793,0.390001122,0.517732726,8830.0,1707.0
0.9318636609327595,0.002021601,0.374933266,0.469202898,8830.0,1707.0
0.9172992322224003,0.0,0.35736015,0.441468562,8830.0,1707.0
0.8837288054739565,0.0,0.349488488,0.441802635,8830.0,1707.0
0.8276722086644133,0.0,0.336072879,0.431026824,8830.0,1707.0
0.7903240880549157,0.0,0.29042438,0.426734255,8830.0,1707.0
0.7176004625942307,0.0,0.283725083,0.432618101,8830.0,1707.0
0.6731746797205302,0.0,0.284733125,0.489070041,8830.0,1707.0
0.6591407940394962,0.0,0.30035364649999996,0.5197496015,8830.0,1707.0
0.6830201283981107,0.0,0.315463521,0.531267631,8830.0,1707.0
0.7404286374067656,0.0,0.328026749,0.52764705,8830.0,1707.0
0.8299218370017061,0.0,0.328989722,0.527223763,8830.0,1707.0
0.910937443840935,0.0020877565,0.344285786,0.565459285,8830.0,1707.0
0.9164792443925182,0.128333882,0.345566744,0.601340965,8830.0,1707.0
0.8970447101766224,0.250271905,0.324454912,0.580727726,8830.0,1707.0
0.888435587677621,0.406356134,0.353686771,0.572034606,8830.0,1707.0
0.8802509746953815,0.5210542705,0.389183402,0.572151465,8830.0,1707.0
0.8778628398249463,0.526898873,0.372887736,0.562920175,8830.0,1707.0
0.8807157530967131,0.390872327,0.34398058,0.524938257,8830.0,1707.0
0.8945957036817145,0.273767816,0.292770005,0.487797855,8830.0,1707.0
0.9104042550843798,0.068188363,0.265127136,0.471685539,8830.0,1707.0
0.9185916307464282,0.0009253675,0.2417375785,0.4533025685,8830.0,1707.0
0.883827885749617,0.0,0.228501984,0.437827252,8830.0,1707.0
0.8289722395624726,0.0,0.229630327,0.424280583,8830.0,1707.0
0.7914211821882776,0.0,0.261736374,0.426246776,8830.0,1707.0
0.7025474920991914,0.0,0.241412091,0.4276399005,8830.0,1707.0
0.6611155635932515,0.0,0.22417592149999999,0.469810106,8830.0,1707.0
0.6716295936168986,0.0,0.19673093749999998,0.4629903235,8830.0,1707.0
0.7420755429941339,0.0,0.182638792,0.436340881,8830.0,1707.0
0.8322048044583987,0.0,0.176659436,0.403279495,8830.0,1707.0
0.9159096263695332,0.0016281295,0.164732541,0.37368642350000003,8830.0,1707.0
0.9179718169202175,0.138251939,0.153773262,0.343767333,8830.0,1707.0
0.9064192231432416,0.282719725,0.158178656,0.333512981,8830.0,1707.0
0.8911109428943185,0.408786274,0.186531603,0.330085274,8830.0,1707.0
0.8818731569136493,0.4622754485,0.2129667955,0.3300027675,8830.0,1707.0
0.8783372641338764,0.378631737,0.215678734,0.306865339,8830.0,1707.0
0.8799134649026131,0.265979844,0.194281135,0.298284994,8830.0,1707.0
0.8891673583396497,0.171840742,0.166968248,0.308294279,8830.0,1707.0
0.909005050348597,0.048493574,0.16343181,0.311986376,8830.0,1707.0
0.919078884753267,0.000940121,0.1650528395,0.332954591,8830.0,1707.0
0.8838366887052593,0.0,0.162709127,0.374033709,8830.0,1707.0
0.8290737547258527,0.0,0.170144118,0.412027493,8830.0,1707.0
0.7932952795306086,0.0,0.172447906,0.445559282,8830.0,1707.0
0.719298968471594,0.0,0.180713068,0.45450972,8830.0,1707.0
0.6754269302321032,0.0,0.198748962,0.472619947,8830.0,1707.0
0.6666170953414821,0.0,0.205504773,0.5251980155,8830.0,1707.0
0.6930937288164059,0.0,0.204530854,0.544563378,8830.0,1707.0
0.7495301177556372,0.0,0.203992112,0.552743132,8830.0,1707.0
0.843341691755472,0.0,0.208022331,0.565777175,8830.0,1707.0
0.9264982943920148,0.0028318365,0.21869098450000002,0.585207984,8830.0,1707.0
0.9295312472251681,0.171527561,0.213524387,0.597030248,8830.0,1707.0
0.9149447172387714,0.293188577,0.159325562,0.58464899,8830.0,1707.0
0.9075188458888205,0.412327049,0.170194049,0.587929633,8830.0,1707.0
0.8933874484773738,0.539390751,0.19501540950000001,0.569720684,8830.0,1707.0
0.8843133604529146,0.512331174,0.199675567,0.54973224,8830.0,1707.0
0.886000722211413,0.419170275,0.187608668,0.549158757,8830.0,1707.0
0.9036692299277096,0.284900786,0.184053824,0.554040756,8830.0,1707.0
0.9162010142072418,0.100774853,0.189757179,0.555311609,8830.0,1707.0
0.922065153609245,0.0009552795,0.1977969435,0.5436077349999999,8830.0,1707.0
0.8846242740109781,0.0,0.200619953,0.513408948,8830.0,1707.0
0.8297851100157561,0.0,0.201740007,0.477619547,8830.0,1707.0
0.7924134835622346,0.0,0.195885684,0.442604148,8830.0,1707.0
0.6881024184498723,0.0,0.19079718950000002,0.4318641175,8830.0,1707.0
0.6430814749475142,0.0,0.17793072100000001,0.433975754,8830.0,1707.0
0.6441025263516211,0.0,0.167381677,0.46728288,8830.0,1707.0
0.6755652259257352,0.0,0.153399407,0.46282502999999997,8830.0,1707.0
0.7218592295183267,0.0,0.140878447,0.436145336,8830.0,1707.0
0.7623998334257414,0.005661229,0.131683697,0.412987117,8830.0,1707.0
0.7872214139418328,0.21095507,0.118137463,0.390266075,8830.0,1707.0
0.7879893330216677,0.351519762,0.085402015,0.337079021,8830.0,1707.0
0.775617219712428,0.492712078,0.066771992,0.302399534,8830.0,1707.0
0.7635677728020465,0.5984451390000001,0.060512613,0.241646377,8830.0,1707.0
0.754056298538234,0.618000928,0.057355484,0.203349105,8830.0,1707.0
0.7553715941843556,0.532954378,0.053864142,0.184502236,8830.0,1707.0
0.7771444889840474,0.369194907,0.05695025,0.176982115,8830.0,1707.0
0.8134866824319718,0.123080186,0.070695083,0.175320112,8830.0,1707.0
0.8256214900246833,0.000940858,0.079647455,0.16244383750000002,8830.0,1707.0
0.7931959416344062,0.0,0.08085568000000001,0.14520128999999998,8830.0,1707.0
0.7592822691377168,0.0,0.101889749,0.173526798,8830.0,1707.0
0.6897987939223065,0.0,0.1006686955,0.18844014250000002,8830.0,1707.0
0.6470027320788418,0.0,0.0991614135,0.206807096,8830.0,1707.0
0.6478921135589983,0.0,0.0933038535,0.207369896,8830.0,1707.0
0.6772238374916497,0.0,0.085196873,0.2099279355,8830.0,1707.0
0.7451781234639365,0.002761394,0.08677228149999999,0.19844219899999999,8830.0,1707.0
0.7895011034776325,0.246534907,0.08725788,0.199852605,8830.0,1707.0
0.7932900351820484,0.444521139,0.069593099,0.20583055,8830.0,1707.0
0.7839119634459127,0.611008795,0.045000654,0.16910712,8830.0,1707.0
0.7691729267280707,0.7402419665,0.034096694999999996,0.111915957,8830.0,1707.0
0.7592541275858457,0.715707467,0.029174354,0.079073164,8830.0,1707.0
0.762592281330884,0.596906093,0.025413263,0.069824863,8830.0,1707.0
0.7878666533399203,0.405546252,0.028469854,0.07189402,8830.0,1707.0
0.816244448445847,0.111587227,0.035172312,0.077669372,8830.0,1707.0
0.831294960743868,0.0,0.0399424605,0.09247683400000001,8830.0,1707.0
0.802805114915192,0.0,0.041940999,0.101368977,8830.0,1707.0
0.7849955722971873,0.0,0.042973474,0.097093084,8830.0,1707.0
0.7581144232422576,0.0,0.060225201,0.10580882,8830.0,1707.0
0.705024897441644,0.0,0.05485274,0.102587584,8830.0,1707.0
0.6688015442197611,0.0,0.059374791,0.11208549,8830.0,1707.0
0.6706697650198693,0.0,0.07183724799999999,0.134942092,8830.0,1707.0
0.6977611785683029,0.0,0.08112885,0.122489548,8830.0,1707.0
0.7591948012785393,0.0,0.085407236,0.121645098,8830.0,1707.0
0.8506236251808109,0.0,0.083026041,0.120819528,8830.0,1707.0
0.9301934369503619,0.0028363045,0.07514575949999999,0.10919667350000001,8830.0,1707.0
0.9380617046582003,0.278435197,0.074596158,0.104115656,8830.0,1707.0
0.9158748359011157,0.474057482,0.083960228,0.161919347,8830.0,1707.0
0.9017586095944514,0.635144791,0.051665569,0.099861117,8830.0,1707.0
0.888245668222261,0.741235808,0.039213978,0.062732157,8830.0,1707.0
0.8780618432470064,0.760288567,0.036485957,0.060084375,8830.0,1707.0
0.8721669402812859,0.698157474,0.03622068,0.091631765,8830.0,1707.0
0.8723047911490327,0.57560451,0.03796697,0.117855433,8830.0,1707.0
0.8847424586528412,0.38715622,0.045855822,0.141500206,8830.0,1707.0
0.9011041926676006,0.081388058,0.055648782,0.165960109,8830.0,1707.0
0.9097863142862074,0.000595148,0.06240319,0.1521856905,8830.0,1707.0
0.8846242740109781,0.0,0.058369339,0.145282623,8830.0,1707.0
0.8319723683548756,0.0,0.057705947,0.128451008,8830.0,1707.0
0.801922007940895,0.0,0.068159641,0.137901557,8830.0,1707.0
0.7240817935669478,0.0,0.055518498,0.132187887,8830.0,1707.0
0.6827509353172858,0.0,0.055337042,0.185121612,8830.0,1707.0
0.6729697997562472,0.0,0.058403051,0.2662015945,8830.0,1707.0
0.697756870814979,0.0,0.060993646,0.275596856,8830.0,1707.0
0.7574183794814484,0.0,0.061174477,0.277374572,8830.0,1707.0
0.8500430033820557,0.0,0.062142892,0.288458782,8830.0,1707.0
0.9277140883271066,0.001631859,0.06403357300000001,0.281751735,8830.0,1707.0
0.9360829082809617,0.097086864,0.062813424,0.284860576,8830.0,1707.0
0.9147079733819244,0.243149738,0.057320785,0.28240865,8830.0,1707.0
0.8997874924534928,0.400736012,0.032798508,0.246082569,8830.0,1707.0
0.8848803095205879,0.5630286735000001,0.025137576000000002,0.265291704,8830.0,1707.0
0.8777918541576911,0.552237376,0.028137083,0.28157643,8830.0,1707.0
0.8781915467432893,0.460007138,0.032158121,0.265844635,8830.0,1707.0
0.8907874804869699,0.27816941,0.03989508,0.236925725,8830.0,1707.0
0.9097589221242292,0.09663322,0.044250779,0.214019236,8830.0,1707.0
0.924620591742787,0.0010799805,0.0484550205,0.19600093899999999,8830.0,1707.0
0.8846707238393442,0.0,0.050877834,0.174349956,8830.0,1707.0
0.8317895661136803,0.0,0.052947343,0.16097061,8830.0,1707.0
0.7965468550682401,0.0,0.059904051,0.148411695,8830.0,1707.0
0.7043757014728376,0.0,0.0593922905,0.14051475200000002,8830.0,1707.0
0.6660634443505526,0.0,0.058421163,0.13915279149999998,8830.0,1707.0
0.6700003408030637,0.0,0.054200953,0.13418311,8830.0,1707.0
0.6950961247621654,0.0,0.049916942,0.136604951,8830.0,1707.0
0.7522009311514186,0.0,0.04775444,0.147838036,8830.0,1707.0
0.8432609666997722,0.0,0.047375948,0.158409961,8830.0,1707.0
0.9117022256678402,0.0,0.047996946,0.165967655,8830.0,1707.0
0.942918886741331,0.003006136,0.050736458,0.172246384,8830.0,1707.0
0.9382077966219083,0.151177342,0.050336332,0.166909649,8830.0,1707.0
0.9188654125916348,0.302639315,0.045606769,0.167240108,8830.0,1707.0
0.9083238498192637,0.453154766,0.031847134,0.137296346,8830.0,1707.0
0.8928013014002179,0.574411539,0.028185264,0.123272717,8830.0,1707.0
0.8871384599648996,0.611719067,0.024878347,0.117731492,8830.0,1707.0
0.8819594073289668,0.601253611,0.021698072,0.121997499,8830.0,1707.0
0.8825540764319247,0.525426551,0.021036999,0.123120532,8830.0,1707.0
0.8944847299785132,0.374500256,0.023759599,0.114049395,8830.0,1707.0
0.9186938481938015,0.134668488,0.024650443,0.107374808,8830.0,1707.0
0.9187069122029534,0.0011018815,0.0220990665,0.104124966,8830.0,1707.0
0.8824500328187617,0.0,0.020570734,0.107750013,8830.0,1707.0
0.8283013404436993,0.0,0.019709177,0.113297007,8830.0,1707.0
0.8012408074115617,0.0,0.021340515,0.127532823,8830.0,1707.0
0.7144799014775882,0.0,0.022541326,0.11457440399999999,8830.0,1707.0
0.6757405206506063,0.0,0.022479522666666668,0.11297836000000001,8830.0,1707.0
0.699906482443809,0.0,0.022454324,0.122674841,8830.0,1707.0
0.7627125262873459,0.0,0.022091082,0.123987053,8830.0,1707.0
0.8529094019359099,0.0,0.022414304,0.124696227,8830.0,1707.0
0.9311197159945666,0.0019181945,0.0212150605,0.10768121,8830.0,1707.0
0.9412905236604838,0.210113525,0.019202162,0.085570139,8830.0,1707.0
0.9185673288939142,0.348159837,0.014416994,0.059156925,8830.0,1707.0
0.9097668822091326,0.475710434,0.010107573,0.045354008,8830.0,1707.0
0.8958934869786144,0.5732736675000001,0.010336152500000001,0.033001272,8830.0,1707.0
0.8881450894916829,0.576944711,0.014017379,0.033967623,8830.0,1707.0
0.888249133104846,0.452258071,0.016984847,0.037033497,8830.0,1707.0
0.9084192777633447,0.317310013,0.020913328,0.041031294,8830.0,1707.0
0.9317750693542195,0.114447642,0.024864593,0.042750637,8830.0,1707.0
0.9279037269338428,0.0009803,0.0285734645,0.0538999215,8830.0,1707.0
0.8874343897859582,0.0,0.030128451,0.071730619,8830.0,1707.0
0.8323827369241547,0.0,0.032086608,0.081068307,8830.0,1707.0
0.8074161881637179,0.0,0.031227288,0.068677276,8830.0,1707.0
0.7155080937300264,0.0,0.039094582,0.069862336,8830.0,1707.0
0.6754455429101717,0.0,0.04962204,0.073353295,8830.0,1707.0
0.6721224900171513,0.0,0.060854204499999995,0.087546402,8830.0,1707.0
0.6955598729249804,0.0,0.068987324,0.109302719,8830.0,1707.0
0.7519193294831863,0.0,0.07424393,0.115964238,8830.0,1707.0
0.8431967236735607,0.0,0.082875997,0.112804235,8830.0,1707.0
0.926832245577701,0.001672422,0.0913696965,0.0990268795,8830.0,1707.0
0.9355576328282784,0.176460443,0.090883225,0.090032272,8830.0,1707.0
0.909545309538285,0.290991725,0.067992887,0.069285243,8830.0,1707.0
0.8963105044644398,0.424044187,0.063306645,0.066453958,8830.0,1707.0
0.8892237348430209,0.511726116,0.081294015,0.073323588,8830.0,1707.0
0.8816557984340626,0.563132229,0.102265327,0.084313428,8830.0,1707.0
0.8789087082414341,0.547154334,0.1212595,0.097961404,8830.0,1707.0
0.880871303437808,0.47753106,0.1311192,0.105623749,8830.0,1707.0
0.8968740822115913,0.357413849,0.129552051,0.106917661,8830.0,1707.0
0.9186938481938015,0.156579606,0.147472737,0.108077345,8830.0,1707.0
0.9261001939858315,0.000884998,0.1846207175,0.1280763685,8830.0,1707.0
0.8853554828133255,0.0,0.221853739,0.168134346,8830.0,1707.0
0.8319679668770545,0.0,0.233207345,0.17960596,8830.0,1707.0
0.796354781573784,0.0,0.211584349,0.176894814,8830.0,1707.0
0.711441189298442,0.0,0.218691849,0.203675027,8830.0,1707.0
0.677875585544406,0.0,0.230652231,0.275965651,8830.0,1707.0
0.6510079219339977,0.0,0.236273805,0.32672452,8830.0,1707.0
0.6472316328033642,0.0,0.249395032,0.337976,8830.0,1707.0
0.6547722707748418,0.0,0.26986744500000004,0.338154703,8830.0,1707.0
0.6797923864965922,0.0,0.285806417,0.3311354425,8830.0,1707.0
0.7271293086205193,0.0,0.285464057,0.342099804,8830.0,1707.0
0.7745397916425159,0.002600926,0.278499367,0.340677573,8830.0,1707.0
0.7994627000354271,0.200770709,0.255353806,0.349892285,8830.0,1707.0
0.7946050498171124,0.370489999,0.176457536,0.346794351,8830.0,1707.0
0.7839507808190306,0.502600038,0.18405224,0.345172389,8830.0,1707.0
0.7688544041864918,0.616623189,0.224920392,0.36833913149999997,8830.0,1707.0
0.7555489180093988,0.615453566,0.255318993,0.376816583,8830.0,1707.0
0.7569964922201837,0.544856738,0.269920049,0.411077721,8830.0,1707.0
0.7828387029486639,0.4097668,0.248507105,0.43901965,8830.0,1707.0
0.8237784842005926,0.160911792,0.272709651,0.4851873,8830.0,1707.0
0.8331007412118214,0.0008994895,0.31245108450000003,0.5480957909999999,8830.0,1707.0
0.803936203589698,0.0,0.329223927,0.548782209,8830.0,1707.0
0.7849279579504539,0.0,0.332548391,0.537616349,8830.0,1707.0
0.7589486456629029,0.0,0.338122089,0.552755981,8830.0,1707.0
0.6989467707993587,0.0,0.3115205565,0.5605886634999999,8830.0,1707.0
0.6568099955769673,0.0,0.292022199,0.5639075145,8830.0,1707.0
0.6553867465279951,0.0,0.288459911,0.566255077,8830.0,1707.0
0.665823797389585,0.0,0.286532962,0.57508105,8830.0,1707.0
0.6816358606183011,0.0,0.284276525,0.5752025485000001,8830.0,1707.0
0.7551412652576801,0.002152359,0.2741235015,0.5763756185,8830.0,1707.0
0.8022115695315967,0.331060818,0.245577332,0.597209954,8830.0,1707.0
0.7946059862499145,0.560898781,0.188116737,0.577969577,8830.0,1707.0
0.7834531786206002,0.717421578,0.152684154,0.534700299,8830.0,1707.0
0.7655095779719571,0.81671645,0.152977013,0.527501836,8830.0,1707.0
0.7570549758191853,0.844689794,0.151195075,0.520127967,8830.0,1707.0
0.7495709017188564,0.802692411,0.155024919,0.521769909,8830.0,1707.0
0.7505374028665991,0.696458975,0.151652059,0.519783888,8830.0,1707.0
0.7731128668714483,0.517446927,0.152150856,0.516956679,8830.0,1707.0
0.7986980587140509,0.204684994,0.176918856,0.524311613,8830.0,1707.0
0.8290170504303922,0.0007127345,0.203067295,0.540119808,8830.0,1707.0
0.7958529652653099,0.0,0.200874279,0.545036005,8830.0,1707.0
0.7613610354423865,0.0,0.179764381,0.514218426,8830.0,1707.0
0.7166808091572738,0.0,0.16103856449999998,0.504097444,8830.0,1707.0
0.6796307488549811,0.0,0.152866379,0.485486556,8830.0,1707.0
0.6802723827837377,0.0,0.14804613,0.465811514,8830.0,1707.0
0.706903302537299,0.0,0.142741161,0.477286971,8830.0,1707.0
0.7714793530041041,0.0,0.135674481,0.493094791,8830.0,1707.0
0.8608554918389784,0.0,0.1323595,0.506475949,8830.0,1707.0
0.9168615183533918,0.0,0.127779433,0.49767752,8830.0,1707.0
0.9488977925212098,0.00468723,0.123163103,0.486655653,8830.0,1707.0
0.9447175967761515,0.350572444,0.114562167,0.47320433,8830.0,1707.0
0.9178050287357603,0.578172781,0.089161674,0.434960507,8830.0,1707.0
0.9006988813227556,0.737442246,0.059753697,0.371905312,8830.0,1707.0
0.8858859088900719,0.827362453,0.048575543,0.349734248,8830.0,1707.0
0.8780309393401946,0.851462963,0.042928221,0.349326988,8830.0,1707.0
0.8715031585391114,0.810646985,0.039152648,0.344664469,8830.0,1707.0
0.8716627359473408,0.704507823,0.037759968,0.337269395,8830.0,1707.0
0.8825756156858469,0.524855144,0.041087117,0.328347409,8830.0,1707.0
0.9099103519985605,0.215249184,0.051495568,0.325377617,8830.0,1707.0
0.9295619640078536,0.001217191,0.0641949415,0.32372226049999997,8830.0,1707.0
0.8896176212203776,0.0,0.070315423,0.322100212,8830.0,1707.0
0.8392185280979635,0.0,0.071131281,0.325658508,8830.0,1707.0
0.8109045075581961,0.0,0.073629936,0.317616415,8830.0,1707.0
0.7346457383015458,0.0,0.068191305,0.303700143,8830.0,1707.0
